timeStep,numberOfRobotsOnBlackSite,numberOfRobotsOnWhiteSite
1,0,0
timeStep,numberOfRobotsOnBlackSite,numberOfRobotsOnWhiteSite
2,0,0
timeStep,numberOfRobotsOnBlackSite,numberOfRobotsOnWhiteSite
3,0,0
timeStep,numberOfRobotsOnBlackSite,numberOfRobotsOnWhiteSite
4,0,0
timeStep,numberOfRobotsOnBlackSite,numberOfRobotsOnWhiteSite
5,0,0
timeStep,numberOfRobotsOnBlackSite,numberOfRobotsOnWhiteSite
6,0,0
timeStep,numberOfRobotsOnBlackSite,numberOfRobotsOnWhiteSite
7,0,0
timeStep,numberOfRobotsOnBlackSite,numberOfRobotsOnWhiteSite
8,0,0
timeStep,numberOfRobotsOnBlackSite,numberOfRobotsOnWhiteSite
9,0,0
timeStep,numberOfRobotsOnBlackSite,numberOfRobotsOnWhiteSite
10,0,0
timeStep,numberOfRobotsOnBlackSite,numberOfRobotsOnWhiteSite
11,0,0
timeStep,numberOfRobotsOnBlackSite,numberOfRobotsOnWhiteSite
12,0,0
timeStep,numberOfRobotsOnBlackSite,numberOfRobotsOnWhiteSite
13,0,0
timeStep,numberOfRobotsOnBlackSite,numberOfRobotsOnWhiteSite
14,0,0
timeStep,numberOfRobotsOnBlackSite,numberOfRobotsOnWhiteSite
15,0,0
timeStep,numberOfRobotsOnBlackSite,numberOfRobotsOnWhiteSite
16,0,0
timeStep,numberOfRobotsOnBlackSite,numberOfRobotsOnWhiteSite
17,0,0
timeStep,numberOfRobotsOnBlackSite,numberOfRobotsOnWhiteSite
18,0,0
timeStep,numberOfRobotsOnBlackSite,numberOfRobotsOnWhiteSite
19,0,0
timeStep,numberOfRobotsOnBlackSite,numberOfRobotsOnWhiteSite
20,0,0
timeStep,numberOfRobotsOnBlackSite,numberOfRobotsOnWhiteSite
21,0,0
timeStep,numberOfRobotsOnBlackSite,numberOfRobotsOnWhiteSite
22,0,0
timeStep,numberOfRobotsOnBlackSite,numberOfRobotsOnWhiteSite
23,0,0
timeStep,numberOfRobotsOnBlackSite,numberOfRobotsOnWhiteSite
24,0,0
timeStep,numberOfRobotsOnBlackSite,numberOfRobotsOnWhiteSite
25,0,0
timeStep,numberOfRobotsOnBlackSite,numberOfRobotsOnWhiteSite
26,0,0
timeStep,numberOfRobotsOnBlackSite,numberOfRobotsOnWhiteSite
27,0,0
timeStep,numberOfRobotsOnBlackSite,numberOfRobotsOnWhiteSite
28,0,0
timeStep,numberOfRobotsOnBlackSite,numberOfRobotsOnWhiteSite
29,0,0
timeStep,numberOfRobotsOnBlackSite,numberOfRobotsOnWhiteSite
30,0,0
timeStep,numberOfRobotsOnBlackSite,numberOfRobotsOnWhiteSite
31,0,0
timeStep,numberOfRobotsOnBlackSite,numberOfRobotsOnWhiteSite
32,0,0
timeStep,numberOfRobotsOnBlackSite,numberOfRobotsOnWhiteSite
33,0,0
timeStep,numberOfRobotsOnBlackSite,numberOfRobotsOnWhiteSite
34,0,0
timeStep,numberOfRobotsOnBlackSite,numberOfRobotsOnWhiteSite
35,0,1
timeStep,numberOfRobotsOnBlackSite,numberOfRobotsOnWhiteSite
36,0,1
timeStep,numberOfRobotsOnBlackSite,numberOfRobotsOnWhiteSite
37,0,1
timeStep,numberOfRobotsOnBlackSite,numberOfRobotsOnWhiteSite
38,0,1
timeStep,numberOfRobotsOnBlackSite,numberOfRobotsOnWhiteSite
39,0,1
timeStep,numberOfRobotsOnBlackSite,numberOfRobotsOnWhiteSite
40,0,2
timeStep,numberOfRobotsOnBlackSite,numberOfRobotsOnWhiteSite
41,0,2
timeStep,numberOfRobotsOnBlackSite,numberOfRobotsOnWhiteSite
42,0,2
timeStep,numberOfRobotsOnBlackSite,numberOfRobotsOnWhiteSite
43,0,2
timeStep,numberOfRobotsOnBlackSite,numberOfRobotsOnWhiteSite
44,0,2
timeStep,numberOfRobotsOnBlackSite,numberOfRobotsOnWhiteSite
45,0,2
timeStep,numberOfRobotsOnBlackSite,numberOfRobotsOnWhiteSite
46,0,2
timeStep,numberOfRobotsOnBlackSite,numberOfRobotsOnWhiteSite
47,0,2
timeStep,numberOfRobotsOnBlackSite,numberOfRobotsOnWhiteSite
48,0,2
timeStep,numberOfRobotsOnBlackSite,numberOfRobotsOnWhiteSite
49,0,2
timeStep,numberOfRobotsOnBlackSite,numberOfRobotsOnWhiteSite
50,0,2
timeStep,numberOfRobotsOnBlackSite,numberOfRobotsOnWhiteSite
51,0,2
timeStep,numberOfRobotsOnBlackSite,numberOfRobotsOnWhiteSite
52,0,2
timeStep,numberOfRobotsOnBlackSite,numberOfRobotsOnWhiteSite
53,0,2
timeStep,numberOfRobotsOnBlackSite,numberOfRobotsOnWhiteSite
54,0,2
timeStep,numberOfRobotsOnBlackSite,numberOfRobotsOnWhiteSite
55,1,2
timeStep,numberOfRobotsOnBlackSite,numberOfRobotsOnWhiteSite
56,1,2
timeStep,numberOfRobotsOnBlackSite,numberOfRobotsOnWhiteSite
57,1,2
timeStep,numberOfRobotsOnBlackSite,numberOfRobotsOnWhiteSite
58,1,2
timeStep,numberOfRobotsOnBlackSite,numberOfRobotsOnWhiteSite
59,1,2
timeStep,numberOfRobotsOnBlackSite,numberOfRobotsOnWhiteSite
60,1,2
timeStep,numberOfRobotsOnBlackSite,numberOfRobotsOnWhiteSite
61,1,2
timeStep,numberOfRobotsOnBlackSite,numberOfRobotsOnWhiteSite
62,1,2
timeStep,numberOfRobotsOnBlackSite,numberOfRobotsOnWhiteSite
63,1,2
timeStep,numberOfRobotsOnBlackSite,numberOfRobotsOnWhiteSite
64,1,2
timeStep,numberOfRobotsOnBlackSite,numberOfRobotsOnWhiteSite
65,1,2
timeStep,numberOfRobotsOnBlackSite,numberOfRobotsOnWhiteSite
66,1,2
timeStep,numberOfRobotsOnBlackSite,numberOfRobotsOnWhiteSite
67,1,2
timeStep,numberOfRobotsOnBlackSite,numberOfRobotsOnWhiteSite
68,1,2
timeStep,numberOfRobotsOnBlackSite,numberOfRobotsOnWhiteSite
69,1,2
timeStep,numberOfRobotsOnBlackSite,numberOfRobotsOnWhiteSite
70,2,2
timeStep,numberOfRobotsOnBlackSite,numberOfRobotsOnWhiteSite
71,2,2
timeStep,numberOfRobotsOnBlackSite,numberOfRobotsOnWhiteSite
72,2,2
timeStep,numberOfRobotsOnBlackSite,numberOfRobotsOnWhiteSite
73,2,2
timeStep,numberOfRobotsOnBlackSite,numberOfRobotsOnWhiteSite
74,2,2
timeStep,numberOfRobotsOnBlackSite,numberOfRobotsOnWhiteSite
75,2,2
timeStep,numberOfRobotsOnBlackSite,numberOfRobotsOnWhiteSite
76,2,2
timeStep,numberOfRobotsOnBlackSite,numberOfRobotsOnWhiteSite
77,2,2
timeStep,numberOfRobotsOnBlackSite,numberOfRobotsOnWhiteSite
78,2,2
timeStep,numberOfRobotsOnBlackSite,numberOfRobotsOnWhiteSite
79,2,2
timeStep,numberOfRobotsOnBlackSite,numberOfRobotsOnWhiteSite
80,2,2
timeStep,numberOfRobotsOnBlackSite,numberOfRobotsOnWhiteSite
81,2,2
timeStep,numberOfRobotsOnBlackSite,numberOfRobotsOnWhiteSite
82,2,2
timeStep,numberOfRobotsOnBlackSite,numberOfRobotsOnWhiteSite
83,2,2
timeStep,numberOfRobotsOnBlackSite,numberOfRobotsOnWhiteSite
84,2,2
timeStep,numberOfRobotsOnBlackSite,numberOfRobotsOnWhiteSite
85,2,2
timeStep,numberOfRobotsOnBlackSite,numberOfRobotsOnWhiteSite
86,2,2
timeStep,numberOfRobotsOnBlackSite,numberOfRobotsOnWhiteSite
87,2,2
timeStep,numberOfRobotsOnBlackSite,numberOfRobotsOnWhiteSite
88,2,2
timeStep,numberOfRobotsOnBlackSite,numberOfRobotsOnWhiteSite
89,2,2
timeStep,numberOfRobotsOnBlackSite,numberOfRobotsOnWhiteSite
90,2,2
timeStep,numberOfRobotsOnBlackSite,numberOfRobotsOnWhiteSite
91,2,2
timeStep,numberOfRobotsOnBlackSite,numberOfRobotsOnWhiteSite
92,2,2
timeStep,numberOfRobotsOnBlackSite,numberOfRobotsOnWhiteSite
93,2,2
timeStep,numberOfRobotsOnBlackSite,numberOfRobotsOnWhiteSite
94,2,2
timeStep,numberOfRobotsOnBlackSite,numberOfRobotsOnWhiteSite
95,2,2
timeStep,numberOfRobotsOnBlackSite,numberOfRobotsOnWhiteSite
96,2,2
timeStep,numberOfRobotsOnBlackSite,numberOfRobotsOnWhiteSite
97,2,2
timeStep,numberOfRobotsOnBlackSite,numberOfRobotsOnWhiteSite
98,2,2
timeStep,numberOfRobotsOnBlackSite,numberOfRobotsOnWhiteSite
99,2,2
timeStep,numberOfRobotsOnBlackSite,numberOfRobotsOnWhiteSite
100,2,2
timeStep,numberOfRobotsOnBlackSite,numberOfRobotsOnWhiteSite
101,2,2
timeStep,numberOfRobotsOnBlackSite,numberOfRobotsOnWhiteSite
102,2,2
timeStep,numberOfRobotsOnBlackSite,numberOfRobotsOnWhiteSite
103,2,2
timeStep,numberOfRobotsOnBlackSite,numberOfRobotsOnWhiteSite
104,2,2
timeStep,numberOfRobotsOnBlackSite,numberOfRobotsOnWhiteSite
105,2,2
timeStep,numberOfRobotsOnBlackSite,numberOfRobotsOnWhiteSite
106,2,2
timeStep,numberOfRobotsOnBlackSite,numberOfRobotsOnWhiteSite
107,2,2
timeStep,numberOfRobotsOnBlackSite,numberOfRobotsOnWhiteSite
108,2,2
timeStep,numberOfRobotsOnBlackSite,numberOfRobotsOnWhiteSite
109,2,2
timeStep,numberOfRobotsOnBlackSite,numberOfRobotsOnWhiteSite
110,2,2
timeStep,numberOfRobotsOnBlackSite,numberOfRobotsOnWhiteSite
111,2,2
timeStep,numberOfRobotsOnBlackSite,numberOfRobotsOnWhiteSite
112,2,2
timeStep,numberOfRobotsOnBlackSite,numberOfRobotsOnWhiteSite
113,2,2
timeStep,numberOfRobotsOnBlackSite,numberOfRobotsOnWhiteSite
114,2,2
timeStep,numberOfRobotsOnBlackSite,numberOfRobotsOnWhiteSite
115,2,2
timeStep,numberOfRobotsOnBlackSite,numberOfRobotsOnWhiteSite
116,2,2
timeStep,numberOfRobotsOnBlackSite,numberOfRobotsOnWhiteSite
117,2,2
timeStep,numberOfRobotsOnBlackSite,numberOfRobotsOnWhiteSite
118,2,2
timeStep,numberOfRobotsOnBlackSite,numberOfRobotsOnWhiteSite
119,2,2
timeStep,numberOfRobotsOnBlackSite,numberOfRobotsOnWhiteSite
120,2,2
timeStep,numberOfRobotsOnBlackSite,numberOfRobotsOnWhiteSite
121,2,2
timeStep,numberOfRobotsOnBlackSite,numberOfRobotsOnWhiteSite
122,2,2
timeStep,numberOfRobotsOnBlackSite,numberOfRobotsOnWhiteSite
123,2,2
timeStep,numberOfRobotsOnBlackSite,numberOfRobotsOnWhiteSite
124,2,2
timeStep,numberOfRobotsOnBlackSite,numberOfRobotsOnWhiteSite
125,2,2
timeStep,numberOfRobotsOnBlackSite,numberOfRobotsOnWhiteSite
126,2,2
timeStep,numberOfRobotsOnBlackSite,numberOfRobotsOnWhiteSite
127,2,2
timeStep,numberOfRobotsOnBlackSite,numberOfRobotsOnWhiteSite
128,2,2
timeStep,numberOfRobotsOnBlackSite,numberOfRobotsOnWhiteSite
129,2,2
timeStep,numberOfRobotsOnBlackSite,numberOfRobotsOnWhiteSite
130,2,3
timeStep,numberOfRobotsOnBlackSite,numberOfRobotsOnWhiteSite
131,2,3
timeStep,numberOfRobotsOnBlackSite,numberOfRobotsOnWhiteSite
132,2,3
timeStep,numberOfRobotsOnBlackSite,numberOfRobotsOnWhiteSite
133,2,3
timeStep,numberOfRobotsOnBlackSite,numberOfRobotsOnWhiteSite
134,2,3
timeStep,numberOfRobotsOnBlackSite,numberOfRobotsOnWhiteSite
135,3,3
timeStep,numberOfRobotsOnBlackSite,numberOfRobotsOnWhiteSite
136,3,3
timeStep,numberOfRobotsOnBlackSite,numberOfRobotsOnWhiteSite
137,3,3
timeStep,numberOfRobotsOnBlackSite,numberOfRobotsOnWhiteSite
138,3,3
timeStep,numberOfRobotsOnBlackSite,numberOfRobotsOnWhiteSite
139,3,3
timeStep,numberOfRobotsOnBlackSite,numberOfRobotsOnWhiteSite
140,3,3
timeStep,numberOfRobotsOnBlackSite,numberOfRobotsOnWhiteSite
141,3,3
timeStep,numberOfRobotsOnBlackSite,numberOfRobotsOnWhiteSite
142,3,3
timeStep,numberOfRobotsOnBlackSite,numberOfRobotsOnWhiteSite
143,3,3
timeStep,numberOfRobotsOnBlackSite,numberOfRobotsOnWhiteSite
144,3,3
timeStep,numberOfRobotsOnBlackSite,numberOfRobotsOnWhiteSite
145,3,3
timeStep,numberOfRobotsOnBlackSite,numberOfRobotsOnWhiteSite
146,3,3
timeStep,numberOfRobotsOnBlackSite,numberOfRobotsOnWhiteSite
147,3,3
timeStep,numberOfRobotsOnBlackSite,numberOfRobotsOnWhiteSite
148,3,3
timeStep,numberOfRobotsOnBlackSite,numberOfRobotsOnWhiteSite
149,3,3
timeStep,numberOfRobotsOnBlackSite,numberOfRobotsOnWhiteSite
150,3,3
timeStep,numberOfRobotsOnBlackSite,numberOfRobotsOnWhiteSite
151,3,3
timeStep,numberOfRobotsOnBlackSite,numberOfRobotsOnWhiteSite
152,3,3
timeStep,numberOfRobotsOnBlackSite,numberOfRobotsOnWhiteSite
153,3,3
timeStep,numberOfRobotsOnBlackSite,numberOfRobotsOnWhiteSite
154,3,3
timeStep,numberOfRobotsOnBlackSite,numberOfRobotsOnWhiteSite
155,3,3
timeStep,numberOfRobotsOnBlackSite,numberOfRobotsOnWhiteSite
156,3,3
timeStep,numberOfRobotsOnBlackSite,numberOfRobotsOnWhiteSite
157,3,3
timeStep,numberOfRobotsOnBlackSite,numberOfRobotsOnWhiteSite
158,3,3
timeStep,numberOfRobotsOnBlackSite,numberOfRobotsOnWhiteSite
159,3,3
timeStep,numberOfRobotsOnBlackSite,numberOfRobotsOnWhiteSite
160,2,3
timeStep,numberOfRobotsOnBlackSite,numberOfRobotsOnWhiteSite
161,2,3
timeStep,numberOfRobotsOnBlackSite,numberOfRobotsOnWhiteSite
162,2,3
timeStep,numberOfRobotsOnBlackSite,numberOfRobotsOnWhiteSite
163,2,3
timeStep,numberOfRobotsOnBlackSite,numberOfRobotsOnWhiteSite
164,2,3
timeStep,numberOfRobotsOnBlackSite,numberOfRobotsOnWhiteSite
165,2,3
timeStep,numberOfRobotsOnBlackSite,numberOfRobotsOnWhiteSite
166,2,3
timeStep,numberOfRobotsOnBlackSite,numberOfRobotsOnWhiteSite
167,2,3
timeStep,numberOfRobotsOnBlackSite,numberOfRobotsOnWhiteSite
168,2,3
timeStep,numberOfRobotsOnBlackSite,numberOfRobotsOnWhiteSite
169,2,3
timeStep,numberOfRobotsOnBlackSite,numberOfRobotsOnWhiteSite
170,2,3
timeStep,numberOfRobotsOnBlackSite,numberOfRobotsOnWhiteSite
171,2,3
timeStep,numberOfRobotsOnBlackSite,numberOfRobotsOnWhiteSite
172,2,3
timeStep,numberOfRobotsOnBlackSite,numberOfRobotsOnWhiteSite
173,2,3
timeStep,numberOfRobotsOnBlackSite,numberOfRobotsOnWhiteSite
174,2,3
timeStep,numberOfRobotsOnBlackSite,numberOfRobotsOnWhiteSite
175,2,3
timeStep,numberOfRobotsOnBlackSite,numberOfRobotsOnWhiteSite
176,2,3
timeStep,numberOfRobotsOnBlackSite,numberOfRobotsOnWhiteSite
177,2,3
timeStep,numberOfRobotsOnBlackSite,numberOfRobotsOnWhiteSite
178,2,3
timeStep,numberOfRobotsOnBlackSite,numberOfRobotsOnWhiteSite
179,2,3
timeStep,numberOfRobotsOnBlackSite,numberOfRobotsOnWhiteSite
180,2,4
timeStep,numberOfRobotsOnBlackSite,numberOfRobotsOnWhiteSite
181,2,4
timeStep,numberOfRobotsOnBlackSite,numberOfRobotsOnWhiteSite
182,2,4
timeStep,numberOfRobotsOnBlackSite,numberOfRobotsOnWhiteSite
183,2,4
timeStep,numberOfRobotsOnBlackSite,numberOfRobotsOnWhiteSite
184,2,4
timeStep,numberOfRobotsOnBlackSite,numberOfRobotsOnWhiteSite
185,2,4
timeStep,numberOfRobotsOnBlackSite,numberOfRobotsOnWhiteSite
186,2,4
timeStep,numberOfRobotsOnBlackSite,numberOfRobotsOnWhiteSite
187,2,4
timeStep,numberOfRobotsOnBlackSite,numberOfRobotsOnWhiteSite
188,2,4
timeStep,numberOfRobotsOnBlackSite,numberOfRobotsOnWhiteSite
189,2,4
timeStep,numberOfRobotsOnBlackSite,numberOfRobotsOnWhiteSite
190,3,4
timeStep,numberOfRobotsOnBlackSite,numberOfRobotsOnWhiteSite
191,3,4
timeStep,numberOfRobotsOnBlackSite,numberOfRobotsOnWhiteSite
192,3,4
timeStep,numberOfRobotsOnBlackSite,numberOfRobotsOnWhiteSite
193,3,4
timeStep,numberOfRobotsOnBlackSite,numberOfRobotsOnWhiteSite
194,3,4
timeStep,numberOfRobotsOnBlackSite,numberOfRobotsOnWhiteSite
195,3,4
timeStep,numberOfRobotsOnBlackSite,numberOfRobotsOnWhiteSite
196,3,4
timeStep,numberOfRobotsOnBlackSite,numberOfRobotsOnWhiteSite
197,3,4
timeStep,numberOfRobotsOnBlackSite,numberOfRobotsOnWhiteSite
198,3,4
timeStep,numberOfRobotsOnBlackSite,numberOfRobotsOnWhiteSite
199,3,4
timeStep,numberOfRobotsOnBlackSite,numberOfRobotsOnWhiteSite
200,4,4
timeStep,numberOfRobotsOnBlackSite,numberOfRobotsOnWhiteSite
201,4,4
timeStep,numberOfRobotsOnBlackSite,numberOfRobotsOnWhiteSite
202,4,4
timeStep,numberOfRobotsOnBlackSite,numberOfRobotsOnWhiteSite
203,4,4
timeStep,numberOfRobotsOnBlackSite,numberOfRobotsOnWhiteSite
204,4,4
timeStep,numberOfRobotsOnBlackSite,numberOfRobotsOnWhiteSite
205,4,4
timeStep,numberOfRobotsOnBlackSite,numberOfRobotsOnWhiteSite
206,4,4
timeStep,numberOfRobotsOnBlackSite,numberOfRobotsOnWhiteSite
207,4,4
timeStep,numberOfRobotsOnBlackSite,numberOfRobotsOnWhiteSite
208,4,4
timeStep,numberOfRobotsOnBlackSite,numberOfRobotsOnWhiteSite
209,4,4
timeStep,numberOfRobotsOnBlackSite,numberOfRobotsOnWhiteSite
210,4,4
timeStep,numberOfRobotsOnBlackSite,numberOfRobotsOnWhiteSite
211,4,4
timeStep,numberOfRobotsOnBlackSite,numberOfRobotsOnWhiteSite
212,4,4
timeStep,numberOfRobotsOnBlackSite,numberOfRobotsOnWhiteSite
213,4,4
timeStep,numberOfRobotsOnBlackSite,numberOfRobotsOnWhiteSite
214,4,4
timeStep,numberOfRobotsOnBlackSite,numberOfRobotsOnWhiteSite
215,4,4
timeStep,numberOfRobotsOnBlackSite,numberOfRobotsOnWhiteSite
216,4,4
timeStep,numberOfRobotsOnBlackSite,numberOfRobotsOnWhiteSite
217,4,4
timeStep,numberOfRobotsOnBlackSite,numberOfRobotsOnWhiteSite
218,4,4
timeStep,numberOfRobotsOnBlackSite,numberOfRobotsOnWhiteSite
219,4,4
timeStep,numberOfRobotsOnBlackSite,numberOfRobotsOnWhiteSite
220,4,4
timeStep,numberOfRobotsOnBlackSite,numberOfRobotsOnWhiteSite
221,4,4
timeStep,numberOfRobotsOnBlackSite,numberOfRobotsOnWhiteSite
222,4,4
timeStep,numberOfRobotsOnBlackSite,numberOfRobotsOnWhiteSite
223,4,4
timeStep,numberOfRobotsOnBlackSite,numberOfRobotsOnWhiteSite
224,4,4
timeStep,numberOfRobotsOnBlackSite,numberOfRobotsOnWhiteSite
225,4,3
timeStep,numberOfRobotsOnBlackSite,numberOfRobotsOnWhiteSite
226,4,3
timeStep,numberOfRobotsOnBlackSite,numberOfRobotsOnWhiteSite
227,4,3
timeStep,numberOfRobotsOnBlackSite,numberOfRobotsOnWhiteSite
228,4,3
timeStep,numberOfRobotsOnBlackSite,numberOfRobotsOnWhiteSite
229,4,3
timeStep,numberOfRobotsOnBlackSite,numberOfRobotsOnWhiteSite
230,6,2
timeStep,numberOfRobotsOnBlackSite,numberOfRobotsOnWhiteSite
231,6,2
timeStep,numberOfRobotsOnBlackSite,numberOfRobotsOnWhiteSite
232,6,2
timeStep,numberOfRobotsOnBlackSite,numberOfRobotsOnWhiteSite
233,6,2
timeStep,numberOfRobotsOnBlackSite,numberOfRobotsOnWhiteSite
234,6,2
timeStep,numberOfRobotsOnBlackSite,numberOfRobotsOnWhiteSite
235,7,2
timeStep,numberOfRobotsOnBlackSite,numberOfRobotsOnWhiteSite
236,7,2
timeStep,numberOfRobotsOnBlackSite,numberOfRobotsOnWhiteSite
237,7,2
timeStep,numberOfRobotsOnBlackSite,numberOfRobotsOnWhiteSite
238,7,2
timeStep,numberOfRobotsOnBlackSite,numberOfRobotsOnWhiteSite
239,7,2
timeStep,numberOfRobotsOnBlackSite,numberOfRobotsOnWhiteSite
240,7,2
timeStep,numberOfRobotsOnBlackSite,numberOfRobotsOnWhiteSite
241,7,2
timeStep,numberOfRobotsOnBlackSite,numberOfRobotsOnWhiteSite
242,7,2
timeStep,numberOfRobotsOnBlackSite,numberOfRobotsOnWhiteSite
243,7,2
timeStep,numberOfRobotsOnBlackSite,numberOfRobotsOnWhiteSite
244,7,2
timeStep,numberOfRobotsOnBlackSite,numberOfRobotsOnWhiteSite
245,7,2
timeStep,numberOfRobotsOnBlackSite,numberOfRobotsOnWhiteSite
246,7,2
timeStep,numberOfRobotsOnBlackSite,numberOfRobotsOnWhiteSite
247,7,2
timeStep,numberOfRobotsOnBlackSite,numberOfRobotsOnWhiteSite
248,7,2
timeStep,numberOfRobotsOnBlackSite,numberOfRobotsOnWhiteSite
249,7,2
timeStep,numberOfRobotsOnBlackSite,numberOfRobotsOnWhiteSite
250,7,2
timeStep,numberOfRobotsOnBlackSite,numberOfRobotsOnWhiteSite
251,7,2
timeStep,numberOfRobotsOnBlackSite,numberOfRobotsOnWhiteSite
252,7,2
timeStep,numberOfRobotsOnBlackSite,numberOfRobotsOnWhiteSite
253,7,2
timeStep,numberOfRobotsOnBlackSite,numberOfRobotsOnWhiteSite
254,7,2
timeStep,numberOfRobotsOnBlackSite,numberOfRobotsOnWhiteSite
255,7,2
timeStep,numberOfRobotsOnBlackSite,numberOfRobotsOnWhiteSite
256,7,2
timeStep,numberOfRobotsOnBlackSite,numberOfRobotsOnWhiteSite
257,7,2
timeStep,numberOfRobotsOnBlackSite,numberOfRobotsOnWhiteSite
258,7,2
timeStep,numberOfRobotsOnBlackSite,numberOfRobotsOnWhiteSite
259,7,2
timeStep,numberOfRobotsOnBlackSite,numberOfRobotsOnWhiteSite
260,7,2
timeStep,numberOfRobotsOnBlackSite,numberOfRobotsOnWhiteSite
261,7,2
timeStep,numberOfRobotsOnBlackSite,numberOfRobotsOnWhiteSite
262,7,2
timeStep,numberOfRobotsOnBlackSite,numberOfRobotsOnWhiteSite
263,7,2
timeStep,numberOfRobotsOnBlackSite,numberOfRobotsOnWhiteSite
264,7,2
timeStep,numberOfRobotsOnBlackSite,numberOfRobotsOnWhiteSite
265,7,3
timeStep,numberOfRobotsOnBlackSite,numberOfRobotsOnWhiteSite
266,7,3
timeStep,numberOfRobotsOnBlackSite,numberOfRobotsOnWhiteSite
267,7,3
timeStep,numberOfRobotsOnBlackSite,numberOfRobotsOnWhiteSite
268,7,3
timeStep,numberOfRobotsOnBlackSite,numberOfRobotsOnWhiteSite
269,7,3
timeStep,numberOfRobotsOnBlackSite,numberOfRobotsOnWhiteSite
270,7,4
timeStep,numberOfRobotsOnBlackSite,numberOfRobotsOnWhiteSite
271,7,4
timeStep,numberOfRobotsOnBlackSite,numberOfRobotsOnWhiteSite
272,7,4
timeStep,numberOfRobotsOnBlackSite,numberOfRobotsOnWhiteSite
273,7,4
timeStep,numberOfRobotsOnBlackSite,numberOfRobotsOnWhiteSite
274,7,4
timeStep,numberOfRobotsOnBlackSite,numberOfRobotsOnWhiteSite
275,7,4
timeStep,numberOfRobotsOnBlackSite,numberOfRobotsOnWhiteSite
276,7,4
timeStep,numberOfRobotsOnBlackSite,numberOfRobotsOnWhiteSite
277,7,4
timeStep,numberOfRobotsOnBlackSite,numberOfRobotsOnWhiteSite
278,7,4
timeStep,numberOfRobotsOnBlackSite,numberOfRobotsOnWhiteSite
279,7,4
timeStep,numberOfRobotsOnBlackSite,numberOfRobotsOnWhiteSite
280,8,4
timeStep,numberOfRobotsOnBlackSite,numberOfRobotsOnWhiteSite
281,8,4
timeStep,numberOfRobotsOnBlackSite,numberOfRobotsOnWhiteSite
282,8,4
timeStep,numberOfRobotsOnBlackSite,numberOfRobotsOnWhiteSite
283,8,4
timeStep,numberOfRobotsOnBlackSite,numberOfRobotsOnWhiteSite
284,8,4
timeStep,numberOfRobotsOnBlackSite,numberOfRobotsOnWhiteSite
285,7,4
timeStep,numberOfRobotsOnBlackSite,numberOfRobotsOnWhiteSite
286,7,4
timeStep,numberOfRobotsOnBlackSite,numberOfRobotsOnWhiteSite
287,7,4
timeStep,numberOfRobotsOnBlackSite,numberOfRobotsOnWhiteSite
288,7,4
timeStep,numberOfRobotsOnBlackSite,numberOfRobotsOnWhiteSite
289,7,4
timeStep,numberOfRobotsOnBlackSite,numberOfRobotsOnWhiteSite
290,7,4
timeStep,numberOfRobotsOnBlackSite,numberOfRobotsOnWhiteSite
291,7,4
timeStep,numberOfRobotsOnBlackSite,numberOfRobotsOnWhiteSite
292,7,4
timeStep,numberOfRobotsOnBlackSite,numberOfRobotsOnWhiteSite
293,7,4
timeStep,numberOfRobotsOnBlackSite,numberOfRobotsOnWhiteSite
294,7,4
timeStep,numberOfRobotsOnBlackSite,numberOfRobotsOnWhiteSite
295,6,3
timeStep,numberOfRobotsOnBlackSite,numberOfRobotsOnWhiteSite
296,6,3
timeStep,numberOfRobotsOnBlackSite,numberOfRobotsOnWhiteSite
297,6,3
timeStep,numberOfRobotsOnBlackSite,numberOfRobotsOnWhiteSite
298,6,3
timeStep,numberOfRobotsOnBlackSite,numberOfRobotsOnWhiteSite
299,6,3
timeStep,numberOfRobotsOnBlackSite,numberOfRobotsOnWhiteSite
300,5,4
timeStep,numberOfRobotsOnBlackSite,numberOfRobotsOnWhiteSite
301,5,4
timeStep,numberOfRobotsOnBlackSite,numberOfRobotsOnWhiteSite
302,5,4
timeStep,numberOfRobotsOnBlackSite,numberOfRobotsOnWhiteSite
303,5,4
timeStep,numberOfRobotsOnBlackSite,numberOfRobotsOnWhiteSite
304,5,4
timeStep,numberOfRobotsOnBlackSite,numberOfRobotsOnWhiteSite
305,5,4
timeStep,numberOfRobotsOnBlackSite,numberOfRobotsOnWhiteSite
306,5,4
timeStep,numberOfRobotsOnBlackSite,numberOfRobotsOnWhiteSite
307,5,4
timeStep,numberOfRobotsOnBlackSite,numberOfRobotsOnWhiteSite
308,5,4
timeStep,numberOfRobotsOnBlackSite,numberOfRobotsOnWhiteSite
309,5,4
timeStep,numberOfRobotsOnBlackSite,numberOfRobotsOnWhiteSite
310,5,4
timeStep,numberOfRobotsOnBlackSite,numberOfRobotsOnWhiteSite
311,5,4
timeStep,numberOfRobotsOnBlackSite,numberOfRobotsOnWhiteSite
312,5,4
timeStep,numberOfRobotsOnBlackSite,numberOfRobotsOnWhiteSite
313,5,4
timeStep,numberOfRobotsOnBlackSite,numberOfRobotsOnWhiteSite
314,5,4
timeStep,numberOfRobotsOnBlackSite,numberOfRobotsOnWhiteSite
315,7,4
timeStep,numberOfRobotsOnBlackSite,numberOfRobotsOnWhiteSite
316,7,4
timeStep,numberOfRobotsOnBlackSite,numberOfRobotsOnWhiteSite
317,7,4
timeStep,numberOfRobotsOnBlackSite,numberOfRobotsOnWhiteSite
318,7,4
timeStep,numberOfRobotsOnBlackSite,numberOfRobotsOnWhiteSite
319,7,4
timeStep,numberOfRobotsOnBlackSite,numberOfRobotsOnWhiteSite
320,7,4
timeStep,numberOfRobotsOnBlackSite,numberOfRobotsOnWhiteSite
321,7,4
timeStep,numberOfRobotsOnBlackSite,numberOfRobotsOnWhiteSite
322,7,4
timeStep,numberOfRobotsOnBlackSite,numberOfRobotsOnWhiteSite
323,7,4
timeStep,numberOfRobotsOnBlackSite,numberOfRobotsOnWhiteSite
324,7,4
timeStep,numberOfRobotsOnBlackSite,numberOfRobotsOnWhiteSite
325,7,4
timeStep,numberOfRobotsOnBlackSite,numberOfRobotsOnWhiteSite
326,7,4
timeStep,numberOfRobotsOnBlackSite,numberOfRobotsOnWhiteSite
327,7,4
timeStep,numberOfRobotsOnBlackSite,numberOfRobotsOnWhiteSite
328,7,4
timeStep,numberOfRobotsOnBlackSite,numberOfRobotsOnWhiteSite
329,7,4
timeStep,numberOfRobotsOnBlackSite,numberOfRobotsOnWhiteSite
330,7,4
timeStep,numberOfRobotsOnBlackSite,numberOfRobotsOnWhiteSite
331,7,4
timeStep,numberOfRobotsOnBlackSite,numberOfRobotsOnWhiteSite
332,7,4
timeStep,numberOfRobotsOnBlackSite,numberOfRobotsOnWhiteSite
333,7,4
timeStep,numberOfRobotsOnBlackSite,numberOfRobotsOnWhiteSite
334,7,4
timeStep,numberOfRobotsOnBlackSite,numberOfRobotsOnWhiteSite
335,7,4
timeStep,numberOfRobotsOnBlackSite,numberOfRobotsOnWhiteSite
336,7,4
timeStep,numberOfRobotsOnBlackSite,numberOfRobotsOnWhiteSite
337,7,4
timeStep,numberOfRobotsOnBlackSite,numberOfRobotsOnWhiteSite
338,7,4
timeStep,numberOfRobotsOnBlackSite,numberOfRobotsOnWhiteSite
339,7,4
timeStep,numberOfRobotsOnBlackSite,numberOfRobotsOnWhiteSite
340,8,5
timeStep,numberOfRobotsOnBlackSite,numberOfRobotsOnWhiteSite
341,8,5
timeStep,numberOfRobotsOnBlackSite,numberOfRobotsOnWhiteSite
342,8,5
timeStep,numberOfRobotsOnBlackSite,numberOfRobotsOnWhiteSite
343,8,5
timeStep,numberOfRobotsOnBlackSite,numberOfRobotsOnWhiteSite
344,8,5
timeStep,numberOfRobotsOnBlackSite,numberOfRobotsOnWhiteSite
345,8,5
timeStep,numberOfRobotsOnBlackSite,numberOfRobotsOnWhiteSite
346,8,5
timeStep,numberOfRobotsOnBlackSite,numberOfRobotsOnWhiteSite
347,8,5
timeStep,numberOfRobotsOnBlackSite,numberOfRobotsOnWhiteSite
348,8,5
timeStep,numberOfRobotsOnBlackSite,numberOfRobotsOnWhiteSite
349,8,5
timeStep,numberOfRobotsOnBlackSite,numberOfRobotsOnWhiteSite
350,9,5
timeStep,numberOfRobotsOnBlackSite,numberOfRobotsOnWhiteSite
351,9,5
timeStep,numberOfRobotsOnBlackSite,numberOfRobotsOnWhiteSite
352,9,5
timeStep,numberOfRobotsOnBlackSite,numberOfRobotsOnWhiteSite
353,9,5
timeStep,numberOfRobotsOnBlackSite,numberOfRobotsOnWhiteSite
354,9,5
timeStep,numberOfRobotsOnBlackSite,numberOfRobotsOnWhiteSite
355,9,5
timeStep,numberOfRobotsOnBlackSite,numberOfRobotsOnWhiteSite
356,9,5
timeStep,numberOfRobotsOnBlackSite,numberOfRobotsOnWhiteSite
357,9,5
timeStep,numberOfRobotsOnBlackSite,numberOfRobotsOnWhiteSite
358,9,5
timeStep,numberOfRobotsOnBlackSite,numberOfRobotsOnWhiteSite
359,9,5
timeStep,numberOfRobotsOnBlackSite,numberOfRobotsOnWhiteSite
360,9,5
timeStep,numberOfRobotsOnBlackSite,numberOfRobotsOnWhiteSite
361,9,5
timeStep,numberOfRobotsOnBlackSite,numberOfRobotsOnWhiteSite
362,9,5
timeStep,numberOfRobotsOnBlackSite,numberOfRobotsOnWhiteSite
363,9,5
timeStep,numberOfRobotsOnBlackSite,numberOfRobotsOnWhiteSite
364,9,5
timeStep,numberOfRobotsOnBlackSite,numberOfRobotsOnWhiteSite
365,9,5
timeStep,numberOfRobotsOnBlackSite,numberOfRobotsOnWhiteSite
366,9,5
timeStep,numberOfRobotsOnBlackSite,numberOfRobotsOnWhiteSite
367,9,5
timeStep,numberOfRobotsOnBlackSite,numberOfRobotsOnWhiteSite
368,9,5
timeStep,numberOfRobotsOnBlackSite,numberOfRobotsOnWhiteSite
369,9,5
timeStep,numberOfRobotsOnBlackSite,numberOfRobotsOnWhiteSite
370,9,5
timeStep,numberOfRobotsOnBlackSite,numberOfRobotsOnWhiteSite
371,9,5
timeStep,numberOfRobotsOnBlackSite,numberOfRobotsOnWhiteSite
372,9,5
timeStep,numberOfRobotsOnBlackSite,numberOfRobotsOnWhiteSite
373,9,5
timeStep,numberOfRobotsOnBlackSite,numberOfRobotsOnWhiteSite
374,9,5
timeStep,numberOfRobotsOnBlackSite,numberOfRobotsOnWhiteSite
375,9,5
timeStep,numberOfRobotsOnBlackSite,numberOfRobotsOnWhiteSite
376,9,5
timeStep,numberOfRobotsOnBlackSite,numberOfRobotsOnWhiteSite
377,9,5
timeStep,numberOfRobotsOnBlackSite,numberOfRobotsOnWhiteSite
378,9,5
timeStep,numberOfRobotsOnBlackSite,numberOfRobotsOnWhiteSite
379,9,5
timeStep,numberOfRobotsOnBlackSite,numberOfRobotsOnWhiteSite
380,8,5
timeStep,numberOfRobotsOnBlackSite,numberOfRobotsOnWhiteSite
381,8,5
timeStep,numberOfRobotsOnBlackSite,numberOfRobotsOnWhiteSite
382,8,5
timeStep,numberOfRobotsOnBlackSite,numberOfRobotsOnWhiteSite
383,8,5
timeStep,numberOfRobotsOnBlackSite,numberOfRobotsOnWhiteSite
384,8,5
timeStep,numberOfRobotsOnBlackSite,numberOfRobotsOnWhiteSite
385,8,5
timeStep,numberOfRobotsOnBlackSite,numberOfRobotsOnWhiteSite
386,8,5
timeStep,numberOfRobotsOnBlackSite,numberOfRobotsOnWhiteSite
387,8,5
timeStep,numberOfRobotsOnBlackSite,numberOfRobotsOnWhiteSite
388,8,5
timeStep,numberOfRobotsOnBlackSite,numberOfRobotsOnWhiteSite
389,8,5
timeStep,numberOfRobotsOnBlackSite,numberOfRobotsOnWhiteSite
390,8,5
timeStep,numberOfRobotsOnBlackSite,numberOfRobotsOnWhiteSite
391,8,5
timeStep,numberOfRobotsOnBlackSite,numberOfRobotsOnWhiteSite
392,8,5
timeStep,numberOfRobotsOnBlackSite,numberOfRobotsOnWhiteSite
393,8,5
timeStep,numberOfRobotsOnBlackSite,numberOfRobotsOnWhiteSite
394,8,5
timeStep,numberOfRobotsOnBlackSite,numberOfRobotsOnWhiteSite
395,8,5
timeStep,numberOfRobotsOnBlackSite,numberOfRobotsOnWhiteSite
396,8,5
timeStep,numberOfRobotsOnBlackSite,numberOfRobotsOnWhiteSite
397,8,5
timeStep,numberOfRobotsOnBlackSite,numberOfRobotsOnWhiteSite
398,8,5
timeStep,numberOfRobotsOnBlackSite,numberOfRobotsOnWhiteSite
399,8,5
timeStep,numberOfRobotsOnBlackSite,numberOfRobotsOnWhiteSite
400,9,5
timeStep,numberOfRobotsOnBlackSite,numberOfRobotsOnWhiteSite
401,9,5
timeStep,numberOfRobotsOnBlackSite,numberOfRobotsOnWhiteSite
402,9,5
timeStep,numberOfRobotsOnBlackSite,numberOfRobotsOnWhiteSite
403,9,5
timeStep,numberOfRobotsOnBlackSite,numberOfRobotsOnWhiteSite
404,9,5
timeStep,numberOfRobotsOnBlackSite,numberOfRobotsOnWhiteSite
405,9,6
timeStep,numberOfRobotsOnBlackSite,numberOfRobotsOnWhiteSite
406,9,6
timeStep,numberOfRobotsOnBlackSite,numberOfRobotsOnWhiteSite
407,9,6
timeStep,numberOfRobotsOnBlackSite,numberOfRobotsOnWhiteSite
408,9,6
timeStep,numberOfRobotsOnBlackSite,numberOfRobotsOnWhiteSite
409,9,6
timeStep,numberOfRobotsOnBlackSite,numberOfRobotsOnWhiteSite
410,8,6
timeStep,numberOfRobotsOnBlackSite,numberOfRobotsOnWhiteSite
411,8,6
timeStep,numberOfRobotsOnBlackSite,numberOfRobotsOnWhiteSite
412,8,6
timeStep,numberOfRobotsOnBlackSite,numberOfRobotsOnWhiteSite
413,8,6
timeStep,numberOfRobotsOnBlackSite,numberOfRobotsOnWhiteSite
414,8,6
timeStep,numberOfRobotsOnBlackSite,numberOfRobotsOnWhiteSite
415,8,6
timeStep,numberOfRobotsOnBlackSite,numberOfRobotsOnWhiteSite
416,8,6
timeStep,numberOfRobotsOnBlackSite,numberOfRobotsOnWhiteSite
417,8,6
timeStep,numberOfRobotsOnBlackSite,numberOfRobotsOnWhiteSite
418,8,6
timeStep,numberOfRobotsOnBlackSite,numberOfRobotsOnWhiteSite
419,8,6
timeStep,numberOfRobotsOnBlackSite,numberOfRobotsOnWhiteSite
420,8,6
timeStep,numberOfRobotsOnBlackSite,numberOfRobotsOnWhiteSite
421,8,6
timeStep,numberOfRobotsOnBlackSite,numberOfRobotsOnWhiteSite
422,8,6
timeStep,numberOfRobotsOnBlackSite,numberOfRobotsOnWhiteSite
423,8,6
timeStep,numberOfRobotsOnBlackSite,numberOfRobotsOnWhiteSite
424,8,6
timeStep,numberOfRobotsOnBlackSite,numberOfRobotsOnWhiteSite
425,8,6
timeStep,numberOfRobotsOnBlackSite,numberOfRobotsOnWhiteSite
426,8,6
timeStep,numberOfRobotsOnBlackSite,numberOfRobotsOnWhiteSite
427,8,6
timeStep,numberOfRobotsOnBlackSite,numberOfRobotsOnWhiteSite
428,8,6
timeStep,numberOfRobotsOnBlackSite,numberOfRobotsOnWhiteSite
429,8,6
timeStep,numberOfRobotsOnBlackSite,numberOfRobotsOnWhiteSite
430,8,6
timeStep,numberOfRobotsOnBlackSite,numberOfRobotsOnWhiteSite
431,8,6
timeStep,numberOfRobotsOnBlackSite,numberOfRobotsOnWhiteSite
432,8,6
timeStep,numberOfRobotsOnBlackSite,numberOfRobotsOnWhiteSite
433,8,6
timeStep,numberOfRobotsOnBlackSite,numberOfRobotsOnWhiteSite
434,8,6
timeStep,numberOfRobotsOnBlackSite,numberOfRobotsOnWhiteSite
435,7,7
timeStep,numberOfRobotsOnBlackSite,numberOfRobotsOnWhiteSite
436,7,7
timeStep,numberOfRobotsOnBlackSite,numberOfRobotsOnWhiteSite
437,7,7
timeStep,numberOfRobotsOnBlackSite,numberOfRobotsOnWhiteSite
438,7,7
timeStep,numberOfRobotsOnBlackSite,numberOfRobotsOnWhiteSite
439,7,7
timeStep,numberOfRobotsOnBlackSite,numberOfRobotsOnWhiteSite
440,7,8
timeStep,numberOfRobotsOnBlackSite,numberOfRobotsOnWhiteSite
441,7,8
timeStep,numberOfRobotsOnBlackSite,numberOfRobotsOnWhiteSite
442,7,8
timeStep,numberOfRobotsOnBlackSite,numberOfRobotsOnWhiteSite
443,7,8
timeStep,numberOfRobotsOnBlackSite,numberOfRobotsOnWhiteSite
444,7,8
timeStep,numberOfRobotsOnBlackSite,numberOfRobotsOnWhiteSite
445,7,8
timeStep,numberOfRobotsOnBlackSite,numberOfRobotsOnWhiteSite
446,7,8
timeStep,numberOfRobotsOnBlackSite,numberOfRobotsOnWhiteSite
447,7,8
timeStep,numberOfRobotsOnBlackSite,numberOfRobotsOnWhiteSite
448,7,8
timeStep,numberOfRobotsOnBlackSite,numberOfRobotsOnWhiteSite
449,7,8
timeStep,numberOfRobotsOnBlackSite,numberOfRobotsOnWhiteSite
450,7,8
timeStep,numberOfRobotsOnBlackSite,numberOfRobotsOnWhiteSite
451,7,8
timeStep,numberOfRobotsOnBlackSite,numberOfRobotsOnWhiteSite
452,7,8
timeStep,numberOfRobotsOnBlackSite,numberOfRobotsOnWhiteSite
453,7,8
timeStep,numberOfRobotsOnBlackSite,numberOfRobotsOnWhiteSite
454,7,8
timeStep,numberOfRobotsOnBlackSite,numberOfRobotsOnWhiteSite
455,7,8
timeStep,numberOfRobotsOnBlackSite,numberOfRobotsOnWhiteSite
456,7,8
timeStep,numberOfRobotsOnBlackSite,numberOfRobotsOnWhiteSite
457,7,8
timeStep,numberOfRobotsOnBlackSite,numberOfRobotsOnWhiteSite
458,7,8
timeStep,numberOfRobotsOnBlackSite,numberOfRobotsOnWhiteSite
459,7,8
timeStep,numberOfRobotsOnBlackSite,numberOfRobotsOnWhiteSite
460,7,8
timeStep,numberOfRobotsOnBlackSite,numberOfRobotsOnWhiteSite
461,7,8
timeStep,numberOfRobotsOnBlackSite,numberOfRobotsOnWhiteSite
462,7,8
timeStep,numberOfRobotsOnBlackSite,numberOfRobotsOnWhiteSite
463,7,8
timeStep,numberOfRobotsOnBlackSite,numberOfRobotsOnWhiteSite
464,7,8
timeStep,numberOfRobotsOnBlackSite,numberOfRobotsOnWhiteSite
465,7,8
timeStep,numberOfRobotsOnBlackSite,numberOfRobotsOnWhiteSite
466,7,8
timeStep,numberOfRobotsOnBlackSite,numberOfRobotsOnWhiteSite
467,7,8
timeStep,numberOfRobotsOnBlackSite,numberOfRobotsOnWhiteSite
468,7,8
timeStep,numberOfRobotsOnBlackSite,numberOfRobotsOnWhiteSite
469,7,8
timeStep,numberOfRobotsOnBlackSite,numberOfRobotsOnWhiteSite
470,7,8
timeStep,numberOfRobotsOnBlackSite,numberOfRobotsOnWhiteSite
471,7,8
timeStep,numberOfRobotsOnBlackSite,numberOfRobotsOnWhiteSite
472,7,8
timeStep,numberOfRobotsOnBlackSite,numberOfRobotsOnWhiteSite
473,7,8
timeStep,numberOfRobotsOnBlackSite,numberOfRobotsOnWhiteSite
474,7,8
timeStep,numberOfRobotsOnBlackSite,numberOfRobotsOnWhiteSite
475,7,8
timeStep,numberOfRobotsOnBlackSite,numberOfRobotsOnWhiteSite
476,7,8
timeStep,numberOfRobotsOnBlackSite,numberOfRobotsOnWhiteSite
477,7,8
timeStep,numberOfRobotsOnBlackSite,numberOfRobotsOnWhiteSite
478,7,8
timeStep,numberOfRobotsOnBlackSite,numberOfRobotsOnWhiteSite
479,7,8
timeStep,numberOfRobotsOnBlackSite,numberOfRobotsOnWhiteSite
480,7,8
timeStep,numberOfRobotsOnBlackSite,numberOfRobotsOnWhiteSite
481,7,8
timeStep,numberOfRobotsOnBlackSite,numberOfRobotsOnWhiteSite
482,7,8
timeStep,numberOfRobotsOnBlackSite,numberOfRobotsOnWhiteSite
483,7,8
timeStep,numberOfRobotsOnBlackSite,numberOfRobotsOnWhiteSite
484,7,8
timeStep,numberOfRobotsOnBlackSite,numberOfRobotsOnWhiteSite
485,7,8
timeStep,numberOfRobotsOnBlackSite,numberOfRobotsOnWhiteSite
486,7,8
timeStep,numberOfRobotsOnBlackSite,numberOfRobotsOnWhiteSite
487,7,8
timeStep,numberOfRobotsOnBlackSite,numberOfRobotsOnWhiteSite
488,7,8
timeStep,numberOfRobotsOnBlackSite,numberOfRobotsOnWhiteSite
489,7,8
timeStep,numberOfRobotsOnBlackSite,numberOfRobotsOnWhiteSite
490,7,8
timeStep,numberOfRobotsOnBlackSite,numberOfRobotsOnWhiteSite
491,7,8
timeStep,numberOfRobotsOnBlackSite,numberOfRobotsOnWhiteSite
492,7,8
timeStep,numberOfRobotsOnBlackSite,numberOfRobotsOnWhiteSite
493,7,8
timeStep,numberOfRobotsOnBlackSite,numberOfRobotsOnWhiteSite
494,7,8
timeStep,numberOfRobotsOnBlackSite,numberOfRobotsOnWhiteSite
495,7,8
timeStep,numberOfRobotsOnBlackSite,numberOfRobotsOnWhiteSite
496,7,8
timeStep,numberOfRobotsOnBlackSite,numberOfRobotsOnWhiteSite
497,7,8
timeStep,numberOfRobotsOnBlackSite,numberOfRobotsOnWhiteSite
498,7,8
timeStep,numberOfRobotsOnBlackSite,numberOfRobotsOnWhiteSite
499,7,8
timeStep,numberOfRobotsOnBlackSite,numberOfRobotsOnWhiteSite
500,8,8
timeStep,numberOfRobotsOnBlackSite,numberOfRobotsOnWhiteSite
501,8,8
timeStep,numberOfRobotsOnBlackSite,numberOfRobotsOnWhiteSite
502,8,8
timeStep,numberOfRobotsOnBlackSite,numberOfRobotsOnWhiteSite
503,8,8
timeStep,numberOfRobotsOnBlackSite,numberOfRobotsOnWhiteSite
504,8,8
timeStep,numberOfRobotsOnBlackSite,numberOfRobotsOnWhiteSite
505,8,8
timeStep,numberOfRobotsOnBlackSite,numberOfRobotsOnWhiteSite
506,8,8
timeStep,numberOfRobotsOnBlackSite,numberOfRobotsOnWhiteSite
507,8,8
timeStep,numberOfRobotsOnBlackSite,numberOfRobotsOnWhiteSite
508,8,8
timeStep,numberOfRobotsOnBlackSite,numberOfRobotsOnWhiteSite
509,8,8
timeStep,numberOfRobotsOnBlackSite,numberOfRobotsOnWhiteSite
510,8,8
timeStep,numberOfRobotsOnBlackSite,numberOfRobotsOnWhiteSite
511,8,8
timeStep,numberOfRobotsOnBlackSite,numberOfRobotsOnWhiteSite
512,8,8
timeStep,numberOfRobotsOnBlackSite,numberOfRobotsOnWhiteSite
513,8,8
timeStep,numberOfRobotsOnBlackSite,numberOfRobotsOnWhiteSite
514,8,8
timeStep,numberOfRobotsOnBlackSite,numberOfRobotsOnWhiteSite
515,8,8
timeStep,numberOfRobotsOnBlackSite,numberOfRobotsOnWhiteSite
516,8,8
timeStep,numberOfRobotsOnBlackSite,numberOfRobotsOnWhiteSite
517,8,8
timeStep,numberOfRobotsOnBlackSite,numberOfRobotsOnWhiteSite
518,8,8
timeStep,numberOfRobotsOnBlackSite,numberOfRobotsOnWhiteSite
519,8,8
timeStep,numberOfRobotsOnBlackSite,numberOfRobotsOnWhiteSite
520,8,8
timeStep,numberOfRobotsOnBlackSite,numberOfRobotsOnWhiteSite
521,8,8
timeStep,numberOfRobotsOnBlackSite,numberOfRobotsOnWhiteSite
522,8,8
timeStep,numberOfRobotsOnBlackSite,numberOfRobotsOnWhiteSite
523,8,8
timeStep,numberOfRobotsOnBlackSite,numberOfRobotsOnWhiteSite
524,8,8
timeStep,numberOfRobotsOnBlackSite,numberOfRobotsOnWhiteSite
525,8,8
timeStep,numberOfRobotsOnBlackSite,numberOfRobotsOnWhiteSite
526,8,8
timeStep,numberOfRobotsOnBlackSite,numberOfRobotsOnWhiteSite
527,8,8
timeStep,numberOfRobotsOnBlackSite,numberOfRobotsOnWhiteSite
528,8,8
timeStep,numberOfRobotsOnBlackSite,numberOfRobotsOnWhiteSite
529,8,8
timeStep,numberOfRobotsOnBlackSite,numberOfRobotsOnWhiteSite
530,7,9
timeStep,numberOfRobotsOnBlackSite,numberOfRobotsOnWhiteSite
531,7,9
timeStep,numberOfRobotsOnBlackSite,numberOfRobotsOnWhiteSite
532,7,9
timeStep,numberOfRobotsOnBlackSite,numberOfRobotsOnWhiteSite
533,7,9
timeStep,numberOfRobotsOnBlackSite,numberOfRobotsOnWhiteSite
534,7,9
timeStep,numberOfRobotsOnBlackSite,numberOfRobotsOnWhiteSite
535,6,9
timeStep,numberOfRobotsOnBlackSite,numberOfRobotsOnWhiteSite
536,6,9
timeStep,numberOfRobotsOnBlackSite,numberOfRobotsOnWhiteSite
537,6,9
timeStep,numberOfRobotsOnBlackSite,numberOfRobotsOnWhiteSite
538,6,9
timeStep,numberOfRobotsOnBlackSite,numberOfRobotsOnWhiteSite
539,6,9
timeStep,numberOfRobotsOnBlackSite,numberOfRobotsOnWhiteSite
540,5,9
timeStep,numberOfRobotsOnBlackSite,numberOfRobotsOnWhiteSite
541,5,9
timeStep,numberOfRobotsOnBlackSite,numberOfRobotsOnWhiteSite
542,5,9
timeStep,numberOfRobotsOnBlackSite,numberOfRobotsOnWhiteSite
543,5,9
timeStep,numberOfRobotsOnBlackSite,numberOfRobotsOnWhiteSite
544,5,9
timeStep,numberOfRobotsOnBlackSite,numberOfRobotsOnWhiteSite
545,5,9
timeStep,numberOfRobotsOnBlackSite,numberOfRobotsOnWhiteSite
546,5,9
timeStep,numberOfRobotsOnBlackSite,numberOfRobotsOnWhiteSite
547,5,9
timeStep,numberOfRobotsOnBlackSite,numberOfRobotsOnWhiteSite
548,5,9
timeStep,numberOfRobotsOnBlackSite,numberOfRobotsOnWhiteSite
549,5,9
timeStep,numberOfRobotsOnBlackSite,numberOfRobotsOnWhiteSite
550,5,9
timeStep,numberOfRobotsOnBlackSite,numberOfRobotsOnWhiteSite
551,5,9
timeStep,numberOfRobotsOnBlackSite,numberOfRobotsOnWhiteSite
552,5,9
timeStep,numberOfRobotsOnBlackSite,numberOfRobotsOnWhiteSite
553,5,9
timeStep,numberOfRobotsOnBlackSite,numberOfRobotsOnWhiteSite
554,5,9
timeStep,numberOfRobotsOnBlackSite,numberOfRobotsOnWhiteSite
555,5,9
timeStep,numberOfRobotsOnBlackSite,numberOfRobotsOnWhiteSite
556,5,9
timeStep,numberOfRobotsOnBlackSite,numberOfRobotsOnWhiteSite
557,5,9
timeStep,numberOfRobotsOnBlackSite,numberOfRobotsOnWhiteSite
558,5,9
timeStep,numberOfRobotsOnBlackSite,numberOfRobotsOnWhiteSite
559,5,9
timeStep,numberOfRobotsOnBlackSite,numberOfRobotsOnWhiteSite
560,5,9
timeStep,numberOfRobotsOnBlackSite,numberOfRobotsOnWhiteSite
561,5,9
timeStep,numberOfRobotsOnBlackSite,numberOfRobotsOnWhiteSite
562,5,9
timeStep,numberOfRobotsOnBlackSite,numberOfRobotsOnWhiteSite
563,5,9
timeStep,numberOfRobotsOnBlackSite,numberOfRobotsOnWhiteSite
564,5,9
timeStep,numberOfRobotsOnBlackSite,numberOfRobotsOnWhiteSite
565,5,9
timeStep,numberOfRobotsOnBlackSite,numberOfRobotsOnWhiteSite
566,5,9
timeStep,numberOfRobotsOnBlackSite,numberOfRobotsOnWhiteSite
567,5,9
timeStep,numberOfRobotsOnBlackSite,numberOfRobotsOnWhiteSite
568,5,9
timeStep,numberOfRobotsOnBlackSite,numberOfRobotsOnWhiteSite
569,5,9
timeStep,numberOfRobotsOnBlackSite,numberOfRobotsOnWhiteSite
570,6,9
timeStep,numberOfRobotsOnBlackSite,numberOfRobotsOnWhiteSite
571,6,9
timeStep,numberOfRobotsOnBlackSite,numberOfRobotsOnWhiteSite
572,6,9
timeStep,numberOfRobotsOnBlackSite,numberOfRobotsOnWhiteSite
573,6,9
timeStep,numberOfRobotsOnBlackSite,numberOfRobotsOnWhiteSite
574,6,9
timeStep,numberOfRobotsOnBlackSite,numberOfRobotsOnWhiteSite
575,8,9
timeStep,numberOfRobotsOnBlackSite,numberOfRobotsOnWhiteSite
576,8,9
timeStep,numberOfRobotsOnBlackSite,numberOfRobotsOnWhiteSite
577,8,9
timeStep,numberOfRobotsOnBlackSite,numberOfRobotsOnWhiteSite
578,8,9
timeStep,numberOfRobotsOnBlackSite,numberOfRobotsOnWhiteSite
579,8,9
timeStep,numberOfRobotsOnBlackSite,numberOfRobotsOnWhiteSite
580,7,9
timeStep,numberOfRobotsOnBlackSite,numberOfRobotsOnWhiteSite
581,7,9
timeStep,numberOfRobotsOnBlackSite,numberOfRobotsOnWhiteSite
582,7,9
timeStep,numberOfRobotsOnBlackSite,numberOfRobotsOnWhiteSite
583,7,9
timeStep,numberOfRobotsOnBlackSite,numberOfRobotsOnWhiteSite
584,7,9
timeStep,numberOfRobotsOnBlackSite,numberOfRobotsOnWhiteSite
585,7,9
timeStep,numberOfRobotsOnBlackSite,numberOfRobotsOnWhiteSite
586,7,9
timeStep,numberOfRobotsOnBlackSite,numberOfRobotsOnWhiteSite
587,7,9
timeStep,numberOfRobotsOnBlackSite,numberOfRobotsOnWhiteSite
588,7,9
timeStep,numberOfRobotsOnBlackSite,numberOfRobotsOnWhiteSite
589,7,9
timeStep,numberOfRobotsOnBlackSite,numberOfRobotsOnWhiteSite
590,7,9
timeStep,numberOfRobotsOnBlackSite,numberOfRobotsOnWhiteSite
591,7,9
timeStep,numberOfRobotsOnBlackSite,numberOfRobotsOnWhiteSite
592,7,9
timeStep,numberOfRobotsOnBlackSite,numberOfRobotsOnWhiteSite
593,7,9
timeStep,numberOfRobotsOnBlackSite,numberOfRobotsOnWhiteSite
594,7,9
timeStep,numberOfRobotsOnBlackSite,numberOfRobotsOnWhiteSite
595,8,9
timeStep,numberOfRobotsOnBlackSite,numberOfRobotsOnWhiteSite
596,8,9
timeStep,numberOfRobotsOnBlackSite,numberOfRobotsOnWhiteSite
597,8,9
timeStep,numberOfRobotsOnBlackSite,numberOfRobotsOnWhiteSite
598,8,9
timeStep,numberOfRobotsOnBlackSite,numberOfRobotsOnWhiteSite
599,8,9
timeStep,numberOfRobotsOnBlackSite,numberOfRobotsOnWhiteSite
600,9,9
timeStep,numberOfRobotsOnBlackSite,numberOfRobotsOnWhiteSite
601,9,9
timeStep,numberOfRobotsOnBlackSite,numberOfRobotsOnWhiteSite
602,9,9
timeStep,numberOfRobotsOnBlackSite,numberOfRobotsOnWhiteSite
603,9,9
timeStep,numberOfRobotsOnBlackSite,numberOfRobotsOnWhiteSite
604,9,9
timeStep,numberOfRobotsOnBlackSite,numberOfRobotsOnWhiteSite
605,9,9
timeStep,numberOfRobotsOnBlackSite,numberOfRobotsOnWhiteSite
606,9,9
timeStep,numberOfRobotsOnBlackSite,numberOfRobotsOnWhiteSite
607,9,9
timeStep,numberOfRobotsOnBlackSite,numberOfRobotsOnWhiteSite
608,9,9
timeStep,numberOfRobotsOnBlackSite,numberOfRobotsOnWhiteSite
609,9,9
timeStep,numberOfRobotsOnBlackSite,numberOfRobotsOnWhiteSite
610,9,9
timeStep,numberOfRobotsOnBlackSite,numberOfRobotsOnWhiteSite
611,9,9
timeStep,numberOfRobotsOnBlackSite,numberOfRobotsOnWhiteSite
612,9,9
timeStep,numberOfRobotsOnBlackSite,numberOfRobotsOnWhiteSite
613,9,9
timeStep,numberOfRobotsOnBlackSite,numberOfRobotsOnWhiteSite
614,9,9
timeStep,numberOfRobotsOnBlackSite,numberOfRobotsOnWhiteSite
615,9,9
timeStep,numberOfRobotsOnBlackSite,numberOfRobotsOnWhiteSite
616,9,9
timeStep,numberOfRobotsOnBlackSite,numberOfRobotsOnWhiteSite
617,9,9
timeStep,numberOfRobotsOnBlackSite,numberOfRobotsOnWhiteSite
618,9,9
timeStep,numberOfRobotsOnBlackSite,numberOfRobotsOnWhiteSite
619,9,9
timeStep,numberOfRobotsOnBlackSite,numberOfRobotsOnWhiteSite
620,9,9
timeStep,numberOfRobotsOnBlackSite,numberOfRobotsOnWhiteSite
621,9,9
timeStep,numberOfRobotsOnBlackSite,numberOfRobotsOnWhiteSite
622,9,9
timeStep,numberOfRobotsOnBlackSite,numberOfRobotsOnWhiteSite
623,9,9
timeStep,numberOfRobotsOnBlackSite,numberOfRobotsOnWhiteSite
624,9,9
timeStep,numberOfRobotsOnBlackSite,numberOfRobotsOnWhiteSite
625,10,9
timeStep,numberOfRobotsOnBlackSite,numberOfRobotsOnWhiteSite
626,10,9
timeStep,numberOfRobotsOnBlackSite,numberOfRobotsOnWhiteSite
627,10,9
timeStep,numberOfRobotsOnBlackSite,numberOfRobotsOnWhiteSite
628,10,9
timeStep,numberOfRobotsOnBlackSite,numberOfRobotsOnWhiteSite
629,10,9
timeStep,numberOfRobotsOnBlackSite,numberOfRobotsOnWhiteSite
630,10,8
timeStep,numberOfRobotsOnBlackSite,numberOfRobotsOnWhiteSite
631,10,8
timeStep,numberOfRobotsOnBlackSite,numberOfRobotsOnWhiteSite
632,10,8
timeStep,numberOfRobotsOnBlackSite,numberOfRobotsOnWhiteSite
633,10,8
timeStep,numberOfRobotsOnBlackSite,numberOfRobotsOnWhiteSite
634,10,8
timeStep,numberOfRobotsOnBlackSite,numberOfRobotsOnWhiteSite
635,10,8
timeStep,numberOfRobotsOnBlackSite,numberOfRobotsOnWhiteSite
636,10,8
timeStep,numberOfRobotsOnBlackSite,numberOfRobotsOnWhiteSite
637,10,8
timeStep,numberOfRobotsOnBlackSite,numberOfRobotsOnWhiteSite
638,10,8
timeStep,numberOfRobotsOnBlackSite,numberOfRobotsOnWhiteSite
639,10,8
timeStep,numberOfRobotsOnBlackSite,numberOfRobotsOnWhiteSite
640,10,8
timeStep,numberOfRobotsOnBlackSite,numberOfRobotsOnWhiteSite
641,10,8
timeStep,numberOfRobotsOnBlackSite,numberOfRobotsOnWhiteSite
642,10,8
timeStep,numberOfRobotsOnBlackSite,numberOfRobotsOnWhiteSite
643,10,8
timeStep,numberOfRobotsOnBlackSite,numberOfRobotsOnWhiteSite
644,10,8
timeStep,numberOfRobotsOnBlackSite,numberOfRobotsOnWhiteSite
645,10,8
timeStep,numberOfRobotsOnBlackSite,numberOfRobotsOnWhiteSite
646,10,8
timeStep,numberOfRobotsOnBlackSite,numberOfRobotsOnWhiteSite
647,10,8
timeStep,numberOfRobotsOnBlackSite,numberOfRobotsOnWhiteSite
648,10,8
timeStep,numberOfRobotsOnBlackSite,numberOfRobotsOnWhiteSite
649,10,8
timeStep,numberOfRobotsOnBlackSite,numberOfRobotsOnWhiteSite
650,11,8
timeStep,numberOfRobotsOnBlackSite,numberOfRobotsOnWhiteSite
651,11,8
timeStep,numberOfRobotsOnBlackSite,numberOfRobotsOnWhiteSite
652,11,8
timeStep,numberOfRobotsOnBlackSite,numberOfRobotsOnWhiteSite
653,11,8
timeStep,numberOfRobotsOnBlackSite,numberOfRobotsOnWhiteSite
654,11,8
timeStep,numberOfRobotsOnBlackSite,numberOfRobotsOnWhiteSite
655,11,8
timeStep,numberOfRobotsOnBlackSite,numberOfRobotsOnWhiteSite
656,11,8
timeStep,numberOfRobotsOnBlackSite,numberOfRobotsOnWhiteSite
657,11,8
timeStep,numberOfRobotsOnBlackSite,numberOfRobotsOnWhiteSite
658,11,8
timeStep,numberOfRobotsOnBlackSite,numberOfRobotsOnWhiteSite
659,11,8
timeStep,numberOfRobotsOnBlackSite,numberOfRobotsOnWhiteSite
660,11,8
timeStep,numberOfRobotsOnBlackSite,numberOfRobotsOnWhiteSite
661,11,8
timeStep,numberOfRobotsOnBlackSite,numberOfRobotsOnWhiteSite
662,11,8
timeStep,numberOfRobotsOnBlackSite,numberOfRobotsOnWhiteSite
663,11,8
timeStep,numberOfRobotsOnBlackSite,numberOfRobotsOnWhiteSite
664,11,8
timeStep,numberOfRobotsOnBlackSite,numberOfRobotsOnWhiteSite
665,11,9
timeStep,numberOfRobotsOnBlackSite,numberOfRobotsOnWhiteSite
666,11,9
timeStep,numberOfRobotsOnBlackSite,numberOfRobotsOnWhiteSite
667,11,9
timeStep,numberOfRobotsOnBlackSite,numberOfRobotsOnWhiteSite
668,11,9
timeStep,numberOfRobotsOnBlackSite,numberOfRobotsOnWhiteSite
669,11,9
timeStep,numberOfRobotsOnBlackSite,numberOfRobotsOnWhiteSite
670,11,9
timeStep,numberOfRobotsOnBlackSite,numberOfRobotsOnWhiteSite
671,11,9
timeStep,numberOfRobotsOnBlackSite,numberOfRobotsOnWhiteSite
672,11,9
timeStep,numberOfRobotsOnBlackSite,numberOfRobotsOnWhiteSite
673,11,9
timeStep,numberOfRobotsOnBlackSite,numberOfRobotsOnWhiteSite
674,11,9
timeStep,numberOfRobotsOnBlackSite,numberOfRobotsOnWhiteSite
675,11,11
timeStep,numberOfRobotsOnBlackSite,numberOfRobotsOnWhiteSite
676,11,11
timeStep,numberOfRobotsOnBlackSite,numberOfRobotsOnWhiteSite
677,11,11
timeStep,numberOfRobotsOnBlackSite,numberOfRobotsOnWhiteSite
678,11,11
timeStep,numberOfRobotsOnBlackSite,numberOfRobotsOnWhiteSite
679,11,11
timeStep,numberOfRobotsOnBlackSite,numberOfRobotsOnWhiteSite
680,11,11
timeStep,numberOfRobotsOnBlackSite,numberOfRobotsOnWhiteSite
681,11,11
timeStep,numberOfRobotsOnBlackSite,numberOfRobotsOnWhiteSite
682,11,11
timeStep,numberOfRobotsOnBlackSite,numberOfRobotsOnWhiteSite
683,11,11
timeStep,numberOfRobotsOnBlackSite,numberOfRobotsOnWhiteSite
684,11,11
timeStep,numberOfRobotsOnBlackSite,numberOfRobotsOnWhiteSite
685,11,12
timeStep,numberOfRobotsOnBlackSite,numberOfRobotsOnWhiteSite
686,11,12
timeStep,numberOfRobotsOnBlackSite,numberOfRobotsOnWhiteSite
687,11,12
timeStep,numberOfRobotsOnBlackSite,numberOfRobotsOnWhiteSite
688,11,12
timeStep,numberOfRobotsOnBlackSite,numberOfRobotsOnWhiteSite
689,11,12
timeStep,numberOfRobotsOnBlackSite,numberOfRobotsOnWhiteSite
690,11,11
timeStep,numberOfRobotsOnBlackSite,numberOfRobotsOnWhiteSite
691,11,11
timeStep,numberOfRobotsOnBlackSite,numberOfRobotsOnWhiteSite
692,11,11
timeStep,numberOfRobotsOnBlackSite,numberOfRobotsOnWhiteSite
693,11,11
timeStep,numberOfRobotsOnBlackSite,numberOfRobotsOnWhiteSite
694,11,11
timeStep,numberOfRobotsOnBlackSite,numberOfRobotsOnWhiteSite
695,11,11
timeStep,numberOfRobotsOnBlackSite,numberOfRobotsOnWhiteSite
696,11,11
timeStep,numberOfRobotsOnBlackSite,numberOfRobotsOnWhiteSite
697,11,11
timeStep,numberOfRobotsOnBlackSite,numberOfRobotsOnWhiteSite
698,11,11
timeStep,numberOfRobotsOnBlackSite,numberOfRobotsOnWhiteSite
699,11,11
timeStep,numberOfRobotsOnBlackSite,numberOfRobotsOnWhiteSite
700,11,11
timeStep,numberOfRobotsOnBlackSite,numberOfRobotsOnWhiteSite
701,11,11
timeStep,numberOfRobotsOnBlackSite,numberOfRobotsOnWhiteSite
702,11,11
timeStep,numberOfRobotsOnBlackSite,numberOfRobotsOnWhiteSite
703,11,11
timeStep,numberOfRobotsOnBlackSite,numberOfRobotsOnWhiteSite
704,11,11
timeStep,numberOfRobotsOnBlackSite,numberOfRobotsOnWhiteSite
705,12,11
timeStep,numberOfRobotsOnBlackSite,numberOfRobotsOnWhiteSite
706,12,11
timeStep,numberOfRobotsOnBlackSite,numberOfRobotsOnWhiteSite
707,12,11
timeStep,numberOfRobotsOnBlackSite,numberOfRobotsOnWhiteSite
708,12,11
timeStep,numberOfRobotsOnBlackSite,numberOfRobotsOnWhiteSite
709,12,11
timeStep,numberOfRobotsOnBlackSite,numberOfRobotsOnWhiteSite
710,12,11
timeStep,numberOfRobotsOnBlackSite,numberOfRobotsOnWhiteSite
711,12,11
timeStep,numberOfRobotsOnBlackSite,numberOfRobotsOnWhiteSite
712,12,11
timeStep,numberOfRobotsOnBlackSite,numberOfRobotsOnWhiteSite
713,12,11
timeStep,numberOfRobotsOnBlackSite,numberOfRobotsOnWhiteSite
714,12,11
timeStep,numberOfRobotsOnBlackSite,numberOfRobotsOnWhiteSite
715,12,12
timeStep,numberOfRobotsOnBlackSite,numberOfRobotsOnWhiteSite
716,12,12
timeStep,numberOfRobotsOnBlackSite,numberOfRobotsOnWhiteSite
717,12,12
timeStep,numberOfRobotsOnBlackSite,numberOfRobotsOnWhiteSite
718,12,12
timeStep,numberOfRobotsOnBlackSite,numberOfRobotsOnWhiteSite
719,12,12
timeStep,numberOfRobotsOnBlackSite,numberOfRobotsOnWhiteSite
720,11,11
timeStep,numberOfRobotsOnBlackSite,numberOfRobotsOnWhiteSite
721,11,11
timeStep,numberOfRobotsOnBlackSite,numberOfRobotsOnWhiteSite
722,11,11
timeStep,numberOfRobotsOnBlackSite,numberOfRobotsOnWhiteSite
723,11,11
timeStep,numberOfRobotsOnBlackSite,numberOfRobotsOnWhiteSite
724,11,11
timeStep,numberOfRobotsOnBlackSite,numberOfRobotsOnWhiteSite
725,11,11
timeStep,numberOfRobotsOnBlackSite,numberOfRobotsOnWhiteSite
726,11,11
timeStep,numberOfRobotsOnBlackSite,numberOfRobotsOnWhiteSite
727,11,11
timeStep,numberOfRobotsOnBlackSite,numberOfRobotsOnWhiteSite
728,11,11
timeStep,numberOfRobotsOnBlackSite,numberOfRobotsOnWhiteSite
729,11,11
timeStep,numberOfRobotsOnBlackSite,numberOfRobotsOnWhiteSite
730,10,11
timeStep,numberOfRobotsOnBlackSite,numberOfRobotsOnWhiteSite
731,10,11
timeStep,numberOfRobotsOnBlackSite,numberOfRobotsOnWhiteSite
732,10,11
timeStep,numberOfRobotsOnBlackSite,numberOfRobotsOnWhiteSite
733,10,11
timeStep,numberOfRobotsOnBlackSite,numberOfRobotsOnWhiteSite
734,10,11
timeStep,numberOfRobotsOnBlackSite,numberOfRobotsOnWhiteSite
735,10,11
timeStep,numberOfRobotsOnBlackSite,numberOfRobotsOnWhiteSite
736,10,11
timeStep,numberOfRobotsOnBlackSite,numberOfRobotsOnWhiteSite
737,10,11
timeStep,numberOfRobotsOnBlackSite,numberOfRobotsOnWhiteSite
738,10,11
timeStep,numberOfRobotsOnBlackSite,numberOfRobotsOnWhiteSite
739,10,11
timeStep,numberOfRobotsOnBlackSite,numberOfRobotsOnWhiteSite
740,10,11
timeStep,numberOfRobotsOnBlackSite,numberOfRobotsOnWhiteSite
741,10,11
timeStep,numberOfRobotsOnBlackSite,numberOfRobotsOnWhiteSite
742,10,11
timeStep,numberOfRobotsOnBlackSite,numberOfRobotsOnWhiteSite
743,10,11
timeStep,numberOfRobotsOnBlackSite,numberOfRobotsOnWhiteSite
744,10,11
timeStep,numberOfRobotsOnBlackSite,numberOfRobotsOnWhiteSite
745,10,11
timeStep,numberOfRobotsOnBlackSite,numberOfRobotsOnWhiteSite
746,10,11
timeStep,numberOfRobotsOnBlackSite,numberOfRobotsOnWhiteSite
747,10,11
timeStep,numberOfRobotsOnBlackSite,numberOfRobotsOnWhiteSite
748,10,11
timeStep,numberOfRobotsOnBlackSite,numberOfRobotsOnWhiteSite
749,10,11
timeStep,numberOfRobotsOnBlackSite,numberOfRobotsOnWhiteSite
750,10,11
timeStep,numberOfRobotsOnBlackSite,numberOfRobotsOnWhiteSite
751,10,11
timeStep,numberOfRobotsOnBlackSite,numberOfRobotsOnWhiteSite
752,10,11
timeStep,numberOfRobotsOnBlackSite,numberOfRobotsOnWhiteSite
753,10,11
timeStep,numberOfRobotsOnBlackSite,numberOfRobotsOnWhiteSite
754,10,11
timeStep,numberOfRobotsOnBlackSite,numberOfRobotsOnWhiteSite
755,10,11
timeStep,numberOfRobotsOnBlackSite,numberOfRobotsOnWhiteSite
756,10,11
timeStep,numberOfRobotsOnBlackSite,numberOfRobotsOnWhiteSite
757,10,11
timeStep,numberOfRobotsOnBlackSite,numberOfRobotsOnWhiteSite
758,10,11
timeStep,numberOfRobotsOnBlackSite,numberOfRobotsOnWhiteSite
759,10,11
timeStep,numberOfRobotsOnBlackSite,numberOfRobotsOnWhiteSite
760,10,11
timeStep,numberOfRobotsOnBlackSite,numberOfRobotsOnWhiteSite
761,10,11
timeStep,numberOfRobotsOnBlackSite,numberOfRobotsOnWhiteSite
762,10,11
timeStep,numberOfRobotsOnBlackSite,numberOfRobotsOnWhiteSite
763,10,11
timeStep,numberOfRobotsOnBlackSite,numberOfRobotsOnWhiteSite
764,10,11
timeStep,numberOfRobotsOnBlackSite,numberOfRobotsOnWhiteSite
765,10,11
timeStep,numberOfRobotsOnBlackSite,numberOfRobotsOnWhiteSite
766,10,11
timeStep,numberOfRobotsOnBlackSite,numberOfRobotsOnWhiteSite
767,10,11
timeStep,numberOfRobotsOnBlackSite,numberOfRobotsOnWhiteSite
768,10,11
timeStep,numberOfRobotsOnBlackSite,numberOfRobotsOnWhiteSite
769,10,11
timeStep,numberOfRobotsOnBlackSite,numberOfRobotsOnWhiteSite
770,10,11
timeStep,numberOfRobotsOnBlackSite,numberOfRobotsOnWhiteSite
771,10,11
timeStep,numberOfRobotsOnBlackSite,numberOfRobotsOnWhiteSite
772,10,11
timeStep,numberOfRobotsOnBlackSite,numberOfRobotsOnWhiteSite
773,10,11
timeStep,numberOfRobotsOnBlackSite,numberOfRobotsOnWhiteSite
774,10,11
timeStep,numberOfRobotsOnBlackSite,numberOfRobotsOnWhiteSite
775,10,12
timeStep,numberOfRobotsOnBlackSite,numberOfRobotsOnWhiteSite
776,10,12
timeStep,numberOfRobotsOnBlackSite,numberOfRobotsOnWhiteSite
777,10,12
timeStep,numberOfRobotsOnBlackSite,numberOfRobotsOnWhiteSite
778,10,12
timeStep,numberOfRobotsOnBlackSite,numberOfRobotsOnWhiteSite
779,10,12
timeStep,numberOfRobotsOnBlackSite,numberOfRobotsOnWhiteSite
780,10,12
timeStep,numberOfRobotsOnBlackSite,numberOfRobotsOnWhiteSite
781,10,12
timeStep,numberOfRobotsOnBlackSite,numberOfRobotsOnWhiteSite
782,10,12
timeStep,numberOfRobotsOnBlackSite,numberOfRobotsOnWhiteSite
783,10,12
timeStep,numberOfRobotsOnBlackSite,numberOfRobotsOnWhiteSite
784,10,12
timeStep,numberOfRobotsOnBlackSite,numberOfRobotsOnWhiteSite
785,10,12
timeStep,numberOfRobotsOnBlackSite,numberOfRobotsOnWhiteSite
786,10,12
timeStep,numberOfRobotsOnBlackSite,numberOfRobotsOnWhiteSite
787,10,12
timeStep,numberOfRobotsOnBlackSite,numberOfRobotsOnWhiteSite
788,10,12
timeStep,numberOfRobotsOnBlackSite,numberOfRobotsOnWhiteSite
789,10,12
timeStep,numberOfRobotsOnBlackSite,numberOfRobotsOnWhiteSite
790,10,12
timeStep,numberOfRobotsOnBlackSite,numberOfRobotsOnWhiteSite
791,10,12
timeStep,numberOfRobotsOnBlackSite,numberOfRobotsOnWhiteSite
792,10,12
timeStep,numberOfRobotsOnBlackSite,numberOfRobotsOnWhiteSite
793,10,12
timeStep,numberOfRobotsOnBlackSite,numberOfRobotsOnWhiteSite
794,10,12
timeStep,numberOfRobotsOnBlackSite,numberOfRobotsOnWhiteSite
795,10,12
timeStep,numberOfRobotsOnBlackSite,numberOfRobotsOnWhiteSite
796,10,12
timeStep,numberOfRobotsOnBlackSite,numberOfRobotsOnWhiteSite
797,10,12
timeStep,numberOfRobotsOnBlackSite,numberOfRobotsOnWhiteSite
798,10,12
timeStep,numberOfRobotsOnBlackSite,numberOfRobotsOnWhiteSite
799,10,12
timeStep,numberOfRobotsOnBlackSite,numberOfRobotsOnWhiteSite
800,10,12
timeStep,numberOfRobotsOnBlackSite,numberOfRobotsOnWhiteSite
801,10,12
timeStep,numberOfRobotsOnBlackSite,numberOfRobotsOnWhiteSite
802,10,12
timeStep,numberOfRobotsOnBlackSite,numberOfRobotsOnWhiteSite
803,10,12
timeStep,numberOfRobotsOnBlackSite,numberOfRobotsOnWhiteSite
804,10,12
timeStep,numberOfRobotsOnBlackSite,numberOfRobotsOnWhiteSite
805,9,12
timeStep,numberOfRobotsOnBlackSite,numberOfRobotsOnWhiteSite
806,9,12
timeStep,numberOfRobotsOnBlackSite,numberOfRobotsOnWhiteSite
807,9,12
timeStep,numberOfRobotsOnBlackSite,numberOfRobotsOnWhiteSite
808,9,12
timeStep,numberOfRobotsOnBlackSite,numberOfRobotsOnWhiteSite
809,9,12
timeStep,numberOfRobotsOnBlackSite,numberOfRobotsOnWhiteSite
810,9,12
timeStep,numberOfRobotsOnBlackSite,numberOfRobotsOnWhiteSite
811,9,12
timeStep,numberOfRobotsOnBlackSite,numberOfRobotsOnWhiteSite
812,9,12
timeStep,numberOfRobotsOnBlackSite,numberOfRobotsOnWhiteSite
813,9,12
timeStep,numberOfRobotsOnBlackSite,numberOfRobotsOnWhiteSite
814,9,12
timeStep,numberOfRobotsOnBlackSite,numberOfRobotsOnWhiteSite
815,9,13
timeStep,numberOfRobotsOnBlackSite,numberOfRobotsOnWhiteSite
816,9,13
timeStep,numberOfRobotsOnBlackSite,numberOfRobotsOnWhiteSite
817,9,13
timeStep,numberOfRobotsOnBlackSite,numberOfRobotsOnWhiteSite
818,9,13
timeStep,numberOfRobotsOnBlackSite,numberOfRobotsOnWhiteSite
819,9,13
timeStep,numberOfRobotsOnBlackSite,numberOfRobotsOnWhiteSite
820,9,13
timeStep,numberOfRobotsOnBlackSite,numberOfRobotsOnWhiteSite
821,9,13
timeStep,numberOfRobotsOnBlackSite,numberOfRobotsOnWhiteSite
822,9,13
timeStep,numberOfRobotsOnBlackSite,numberOfRobotsOnWhiteSite
823,9,13
timeStep,numberOfRobotsOnBlackSite,numberOfRobotsOnWhiteSite
824,9,13
timeStep,numberOfRobotsOnBlackSite,numberOfRobotsOnWhiteSite
825,9,13
timeStep,numberOfRobotsOnBlackSite,numberOfRobotsOnWhiteSite
826,9,13
timeStep,numberOfRobotsOnBlackSite,numberOfRobotsOnWhiteSite
827,9,13
timeStep,numberOfRobotsOnBlackSite,numberOfRobotsOnWhiteSite
828,9,13
timeStep,numberOfRobotsOnBlackSite,numberOfRobotsOnWhiteSite
829,9,13
timeStep,numberOfRobotsOnBlackSite,numberOfRobotsOnWhiteSite
830,9,13
timeStep,numberOfRobotsOnBlackSite,numberOfRobotsOnWhiteSite
831,9,13
timeStep,numberOfRobotsOnBlackSite,numberOfRobotsOnWhiteSite
832,9,13
timeStep,numberOfRobotsOnBlackSite,numberOfRobotsOnWhiteSite
833,9,13
timeStep,numberOfRobotsOnBlackSite,numberOfRobotsOnWhiteSite
834,9,13
timeStep,numberOfRobotsOnBlackSite,numberOfRobotsOnWhiteSite
835,9,13
timeStep,numberOfRobotsOnBlackSite,numberOfRobotsOnWhiteSite
836,9,13
timeStep,numberOfRobotsOnBlackSite,numberOfRobotsOnWhiteSite
837,9,13
timeStep,numberOfRobotsOnBlackSite,numberOfRobotsOnWhiteSite
838,9,13
timeStep,numberOfRobotsOnBlackSite,numberOfRobotsOnWhiteSite
839,9,13
timeStep,numberOfRobotsOnBlackSite,numberOfRobotsOnWhiteSite
840,9,13
timeStep,numberOfRobotsOnBlackSite,numberOfRobotsOnWhiteSite
841,9,13
timeStep,numberOfRobotsOnBlackSite,numberOfRobotsOnWhiteSite
842,9,13
timeStep,numberOfRobotsOnBlackSite,numberOfRobotsOnWhiteSite
843,9,13
timeStep,numberOfRobotsOnBlackSite,numberOfRobotsOnWhiteSite
844,9,13
timeStep,numberOfRobotsOnBlackSite,numberOfRobotsOnWhiteSite
845,9,13
timeStep,numberOfRobotsOnBlackSite,numberOfRobotsOnWhiteSite
846,9,13
timeStep,numberOfRobotsOnBlackSite,numberOfRobotsOnWhiteSite
847,9,13
timeStep,numberOfRobotsOnBlackSite,numberOfRobotsOnWhiteSite
848,9,13
timeStep,numberOfRobotsOnBlackSite,numberOfRobotsOnWhiteSite
849,9,13
timeStep,numberOfRobotsOnBlackSite,numberOfRobotsOnWhiteSite
850,10,13
timeStep,numberOfRobotsOnBlackSite,numberOfRobotsOnWhiteSite
851,10,13
timeStep,numberOfRobotsOnBlackSite,numberOfRobotsOnWhiteSite
852,10,13
timeStep,numberOfRobotsOnBlackSite,numberOfRobotsOnWhiteSite
853,10,13
timeStep,numberOfRobotsOnBlackSite,numberOfRobotsOnWhiteSite
854,10,13
timeStep,numberOfRobotsOnBlackSite,numberOfRobotsOnWhiteSite
855,11,13
timeStep,numberOfRobotsOnBlackSite,numberOfRobotsOnWhiteSite
856,11,13
timeStep,numberOfRobotsOnBlackSite,numberOfRobotsOnWhiteSite
857,11,13
timeStep,numberOfRobotsOnBlackSite,numberOfRobotsOnWhiteSite
858,11,13
timeStep,numberOfRobotsOnBlackSite,numberOfRobotsOnWhiteSite
859,11,13
timeStep,numberOfRobotsOnBlackSite,numberOfRobotsOnWhiteSite
860,10,13
timeStep,numberOfRobotsOnBlackSite,numberOfRobotsOnWhiteSite
861,10,13
timeStep,numberOfRobotsOnBlackSite,numberOfRobotsOnWhiteSite
862,10,13
timeStep,numberOfRobotsOnBlackSite,numberOfRobotsOnWhiteSite
863,10,13
timeStep,numberOfRobotsOnBlackSite,numberOfRobotsOnWhiteSite
864,10,13
timeStep,numberOfRobotsOnBlackSite,numberOfRobotsOnWhiteSite
865,10,13
timeStep,numberOfRobotsOnBlackSite,numberOfRobotsOnWhiteSite
866,10,13
timeStep,numberOfRobotsOnBlackSite,numberOfRobotsOnWhiteSite
867,10,13
timeStep,numberOfRobotsOnBlackSite,numberOfRobotsOnWhiteSite
868,10,13
timeStep,numberOfRobotsOnBlackSite,numberOfRobotsOnWhiteSite
869,10,13
timeStep,numberOfRobotsOnBlackSite,numberOfRobotsOnWhiteSite
870,10,13
timeStep,numberOfRobotsOnBlackSite,numberOfRobotsOnWhiteSite
871,10,13
timeStep,numberOfRobotsOnBlackSite,numberOfRobotsOnWhiteSite
872,10,13
timeStep,numberOfRobotsOnBlackSite,numberOfRobotsOnWhiteSite
873,10,13
timeStep,numberOfRobotsOnBlackSite,numberOfRobotsOnWhiteSite
874,10,13
timeStep,numberOfRobotsOnBlackSite,numberOfRobotsOnWhiteSite
875,10,13
timeStep,numberOfRobotsOnBlackSite,numberOfRobotsOnWhiteSite
876,10,13
timeStep,numberOfRobotsOnBlackSite,numberOfRobotsOnWhiteSite
877,10,13
timeStep,numberOfRobotsOnBlackSite,numberOfRobotsOnWhiteSite
878,10,13
timeStep,numberOfRobotsOnBlackSite,numberOfRobotsOnWhiteSite
879,10,13
timeStep,numberOfRobotsOnBlackSite,numberOfRobotsOnWhiteSite
880,9,13
timeStep,numberOfRobotsOnBlackSite,numberOfRobotsOnWhiteSite
881,9,13
timeStep,numberOfRobotsOnBlackSite,numberOfRobotsOnWhiteSite
882,9,13
timeStep,numberOfRobotsOnBlackSite,numberOfRobotsOnWhiteSite
883,9,13
timeStep,numberOfRobotsOnBlackSite,numberOfRobotsOnWhiteSite
884,9,13
timeStep,numberOfRobotsOnBlackSite,numberOfRobotsOnWhiteSite
885,9,13
timeStep,numberOfRobotsOnBlackSite,numberOfRobotsOnWhiteSite
886,9,13
timeStep,numberOfRobotsOnBlackSite,numberOfRobotsOnWhiteSite
887,9,13
timeStep,numberOfRobotsOnBlackSite,numberOfRobotsOnWhiteSite
888,9,13
timeStep,numberOfRobotsOnBlackSite,numberOfRobotsOnWhiteSite
889,9,13
timeStep,numberOfRobotsOnBlackSite,numberOfRobotsOnWhiteSite
890,9,12
timeStep,numberOfRobotsOnBlackSite,numberOfRobotsOnWhiteSite
891,9,12
timeStep,numberOfRobotsOnBlackSite,numberOfRobotsOnWhiteSite
892,9,12
timeStep,numberOfRobotsOnBlackSite,numberOfRobotsOnWhiteSite
893,9,12
timeStep,numberOfRobotsOnBlackSite,numberOfRobotsOnWhiteSite
894,9,12
timeStep,numberOfRobotsOnBlackSite,numberOfRobotsOnWhiteSite
895,9,12
timeStep,numberOfRobotsOnBlackSite,numberOfRobotsOnWhiteSite
896,9,12
timeStep,numberOfRobotsOnBlackSite,numberOfRobotsOnWhiteSite
897,9,12
timeStep,numberOfRobotsOnBlackSite,numberOfRobotsOnWhiteSite
898,9,12
timeStep,numberOfRobotsOnBlackSite,numberOfRobotsOnWhiteSite
899,9,12
timeStep,numberOfRobotsOnBlackSite,numberOfRobotsOnWhiteSite
900,9,12
timeStep,numberOfRobotsOnBlackSite,numberOfRobotsOnWhiteSite
901,9,12
timeStep,numberOfRobotsOnBlackSite,numberOfRobotsOnWhiteSite
902,9,12
timeStep,numberOfRobotsOnBlackSite,numberOfRobotsOnWhiteSite
903,9,12
timeStep,numberOfRobotsOnBlackSite,numberOfRobotsOnWhiteSite
904,9,12
timeStep,numberOfRobotsOnBlackSite,numberOfRobotsOnWhiteSite
905,9,12
timeStep,numberOfRobotsOnBlackSite,numberOfRobotsOnWhiteSite
906,9,12
timeStep,numberOfRobotsOnBlackSite,numberOfRobotsOnWhiteSite
907,9,12
timeStep,numberOfRobotsOnBlackSite,numberOfRobotsOnWhiteSite
908,9,12
timeStep,numberOfRobotsOnBlackSite,numberOfRobotsOnWhiteSite
909,9,12
timeStep,numberOfRobotsOnBlackSite,numberOfRobotsOnWhiteSite
910,9,12
timeStep,numberOfRobotsOnBlackSite,numberOfRobotsOnWhiteSite
911,9,12
timeStep,numberOfRobotsOnBlackSite,numberOfRobotsOnWhiteSite
912,9,12
timeStep,numberOfRobotsOnBlackSite,numberOfRobotsOnWhiteSite
913,9,12
timeStep,numberOfRobotsOnBlackSite,numberOfRobotsOnWhiteSite
914,9,12
timeStep,numberOfRobotsOnBlackSite,numberOfRobotsOnWhiteSite
915,8,12
timeStep,numberOfRobotsOnBlackSite,numberOfRobotsOnWhiteSite
916,8,12
timeStep,numberOfRobotsOnBlackSite,numberOfRobotsOnWhiteSite
917,8,12
timeStep,numberOfRobotsOnBlackSite,numberOfRobotsOnWhiteSite
918,8,12
timeStep,numberOfRobotsOnBlackSite,numberOfRobotsOnWhiteSite
919,8,12
timeStep,numberOfRobotsOnBlackSite,numberOfRobotsOnWhiteSite
920,8,12
timeStep,numberOfRobotsOnBlackSite,numberOfRobotsOnWhiteSite
921,8,12
timeStep,numberOfRobotsOnBlackSite,numberOfRobotsOnWhiteSite
922,8,12
timeStep,numberOfRobotsOnBlackSite,numberOfRobotsOnWhiteSite
923,8,12
timeStep,numberOfRobotsOnBlackSite,numberOfRobotsOnWhiteSite
924,8,12
timeStep,numberOfRobotsOnBlackSite,numberOfRobotsOnWhiteSite
925,8,12
timeStep,numberOfRobotsOnBlackSite,numberOfRobotsOnWhiteSite
926,8,12
timeStep,numberOfRobotsOnBlackSite,numberOfRobotsOnWhiteSite
927,8,12
timeStep,numberOfRobotsOnBlackSite,numberOfRobotsOnWhiteSite
928,8,12
timeStep,numberOfRobotsOnBlackSite,numberOfRobotsOnWhiteSite
929,8,12
timeStep,numberOfRobotsOnBlackSite,numberOfRobotsOnWhiteSite
930,8,12
timeStep,numberOfRobotsOnBlackSite,numberOfRobotsOnWhiteSite
931,8,12
timeStep,numberOfRobotsOnBlackSite,numberOfRobotsOnWhiteSite
932,8,12
timeStep,numberOfRobotsOnBlackSite,numberOfRobotsOnWhiteSite
933,8,12
timeStep,numberOfRobotsOnBlackSite,numberOfRobotsOnWhiteSite
934,8,12
timeStep,numberOfRobotsOnBlackSite,numberOfRobotsOnWhiteSite
935,7,11
timeStep,numberOfRobotsOnBlackSite,numberOfRobotsOnWhiteSite
936,7,11
timeStep,numberOfRobotsOnBlackSite,numberOfRobotsOnWhiteSite
937,7,11
timeStep,numberOfRobotsOnBlackSite,numberOfRobotsOnWhiteSite
938,7,11
timeStep,numberOfRobotsOnBlackSite,numberOfRobotsOnWhiteSite
939,7,11
timeStep,numberOfRobotsOnBlackSite,numberOfRobotsOnWhiteSite
940,8,11
timeStep,numberOfRobotsOnBlackSite,numberOfRobotsOnWhiteSite
941,8,11
timeStep,numberOfRobotsOnBlackSite,numberOfRobotsOnWhiteSite
942,8,11
timeStep,numberOfRobotsOnBlackSite,numberOfRobotsOnWhiteSite
943,8,11
timeStep,numberOfRobotsOnBlackSite,numberOfRobotsOnWhiteSite
944,8,11
timeStep,numberOfRobotsOnBlackSite,numberOfRobotsOnWhiteSite
945,8,11
timeStep,numberOfRobotsOnBlackSite,numberOfRobotsOnWhiteSite
946,8,11
timeStep,numberOfRobotsOnBlackSite,numberOfRobotsOnWhiteSite
947,8,11
timeStep,numberOfRobotsOnBlackSite,numberOfRobotsOnWhiteSite
948,8,11
timeStep,numberOfRobotsOnBlackSite,numberOfRobotsOnWhiteSite
949,8,11
timeStep,numberOfRobotsOnBlackSite,numberOfRobotsOnWhiteSite
950,8,11
timeStep,numberOfRobotsOnBlackSite,numberOfRobotsOnWhiteSite
951,8,11
timeStep,numberOfRobotsOnBlackSite,numberOfRobotsOnWhiteSite
952,8,11
timeStep,numberOfRobotsOnBlackSite,numberOfRobotsOnWhiteSite
953,8,11
timeStep,numberOfRobotsOnBlackSite,numberOfRobotsOnWhiteSite
954,8,11
timeStep,numberOfRobotsOnBlackSite,numberOfRobotsOnWhiteSite
955,8,11
timeStep,numberOfRobotsOnBlackSite,numberOfRobotsOnWhiteSite
956,8,11
timeStep,numberOfRobotsOnBlackSite,numberOfRobotsOnWhiteSite
957,8,11
timeStep,numberOfRobotsOnBlackSite,numberOfRobotsOnWhiteSite
958,8,11
timeStep,numberOfRobotsOnBlackSite,numberOfRobotsOnWhiteSite
959,8,11
timeStep,numberOfRobotsOnBlackSite,numberOfRobotsOnWhiteSite
960,9,11
timeStep,numberOfRobotsOnBlackSite,numberOfRobotsOnWhiteSite
961,9,11
timeStep,numberOfRobotsOnBlackSite,numberOfRobotsOnWhiteSite
962,9,11
timeStep,numberOfRobotsOnBlackSite,numberOfRobotsOnWhiteSite
963,9,11
timeStep,numberOfRobotsOnBlackSite,numberOfRobotsOnWhiteSite
964,9,11
timeStep,numberOfRobotsOnBlackSite,numberOfRobotsOnWhiteSite
965,10,11
timeStep,numberOfRobotsOnBlackSite,numberOfRobotsOnWhiteSite
966,10,11
timeStep,numberOfRobotsOnBlackSite,numberOfRobotsOnWhiteSite
967,10,11
timeStep,numberOfRobotsOnBlackSite,numberOfRobotsOnWhiteSite
968,10,11
timeStep,numberOfRobotsOnBlackSite,numberOfRobotsOnWhiteSite
969,10,11
timeStep,numberOfRobotsOnBlackSite,numberOfRobotsOnWhiteSite
970,10,11
timeStep,numberOfRobotsOnBlackSite,numberOfRobotsOnWhiteSite
971,10,11
timeStep,numberOfRobotsOnBlackSite,numberOfRobotsOnWhiteSite
972,10,11
timeStep,numberOfRobotsOnBlackSite,numberOfRobotsOnWhiteSite
973,10,11
timeStep,numberOfRobotsOnBlackSite,numberOfRobotsOnWhiteSite
974,10,11
timeStep,numberOfRobotsOnBlackSite,numberOfRobotsOnWhiteSite
975,11,11
timeStep,numberOfRobotsOnBlackSite,numberOfRobotsOnWhiteSite
976,11,11
timeStep,numberOfRobotsOnBlackSite,numberOfRobotsOnWhiteSite
977,11,11
timeStep,numberOfRobotsOnBlackSite,numberOfRobotsOnWhiteSite
978,11,11
timeStep,numberOfRobotsOnBlackSite,numberOfRobotsOnWhiteSite
979,11,11
timeStep,numberOfRobotsOnBlackSite,numberOfRobotsOnWhiteSite
980,11,11
timeStep,numberOfRobotsOnBlackSite,numberOfRobotsOnWhiteSite
981,11,11
timeStep,numberOfRobotsOnBlackSite,numberOfRobotsOnWhiteSite
982,11,11
timeStep,numberOfRobotsOnBlackSite,numberOfRobotsOnWhiteSite
983,11,11
timeStep,numberOfRobotsOnBlackSite,numberOfRobotsOnWhiteSite
984,11,11
timeStep,numberOfRobotsOnBlackSite,numberOfRobotsOnWhiteSite
985,11,11
timeStep,numberOfRobotsOnBlackSite,numberOfRobotsOnWhiteSite
986,11,11
timeStep,numberOfRobotsOnBlackSite,numberOfRobotsOnWhiteSite
987,11,11
timeStep,numberOfRobotsOnBlackSite,numberOfRobotsOnWhiteSite
988,11,11
timeStep,numberOfRobotsOnBlackSite,numberOfRobotsOnWhiteSite
989,11,11
timeStep,numberOfRobotsOnBlackSite,numberOfRobotsOnWhiteSite
990,11,11
timeStep,numberOfRobotsOnBlackSite,numberOfRobotsOnWhiteSite
991,11,11
timeStep,numberOfRobotsOnBlackSite,numberOfRobotsOnWhiteSite
992,11,11
timeStep,numberOfRobotsOnBlackSite,numberOfRobotsOnWhiteSite
993,11,11
timeStep,numberOfRobotsOnBlackSite,numberOfRobotsOnWhiteSite
994,11,11
timeStep,numberOfRobotsOnBlackSite,numberOfRobotsOnWhiteSite
995,11,11
timeStep,numberOfRobotsOnBlackSite,numberOfRobotsOnWhiteSite
996,11,11
timeStep,numberOfRobotsOnBlackSite,numberOfRobotsOnWhiteSite
997,11,11
timeStep,numberOfRobotsOnBlackSite,numberOfRobotsOnWhiteSite
998,11,11
timeStep,numberOfRobotsOnBlackSite,numberOfRobotsOnWhiteSite
999,11,11
timeStep,numberOfRobotsOnBlackSite,numberOfRobotsOnWhiteSite
1000,11,12
timeStep,numberOfRobotsOnBlackSite,numberOfRobotsOnWhiteSite
1001,11,12
timeStep,numberOfRobotsOnBlackSite,numberOfRobotsOnWhiteSite
1002,11,12
timeStep,numberOfRobotsOnBlackSite,numberOfRobotsOnWhiteSite
1003,11,12
timeStep,numberOfRobotsOnBlackSite,numberOfRobotsOnWhiteSite
1004,11,12
timeStep,numberOfRobotsOnBlackSite,numberOfRobotsOnWhiteSite
1005,12,12
timeStep,numberOfRobotsOnBlackSite,numberOfRobotsOnWhiteSite
1006,12,12
timeStep,numberOfRobotsOnBlackSite,numberOfRobotsOnWhiteSite
1007,12,12
timeStep,numberOfRobotsOnBlackSite,numberOfRobotsOnWhiteSite
1008,12,12
timeStep,numberOfRobotsOnBlackSite,numberOfRobotsOnWhiteSite
1009,12,12
timeStep,numberOfRobotsOnBlackSite,numberOfRobotsOnWhiteSite
1010,12,12
timeStep,numberOfRobotsOnBlackSite,numberOfRobotsOnWhiteSite
1011,12,12
timeStep,numberOfRobotsOnBlackSite,numberOfRobotsOnWhiteSite
1012,12,12
timeStep,numberOfRobotsOnBlackSite,numberOfRobotsOnWhiteSite
1013,12,12
timeStep,numberOfRobotsOnBlackSite,numberOfRobotsOnWhiteSite
1014,12,12
timeStep,numberOfRobotsOnBlackSite,numberOfRobotsOnWhiteSite
1015,12,11
timeStep,numberOfRobotsOnBlackSite,numberOfRobotsOnWhiteSite
1016,12,11
timeStep,numberOfRobotsOnBlackSite,numberOfRobotsOnWhiteSite
1017,12,11
timeStep,numberOfRobotsOnBlackSite,numberOfRobotsOnWhiteSite
1018,12,11
timeStep,numberOfRobotsOnBlackSite,numberOfRobotsOnWhiteSite
1019,12,11
timeStep,numberOfRobotsOnBlackSite,numberOfRobotsOnWhiteSite
1020,12,11
timeStep,numberOfRobotsOnBlackSite,numberOfRobotsOnWhiteSite
1021,12,11
timeStep,numberOfRobotsOnBlackSite,numberOfRobotsOnWhiteSite
1022,12,11
timeStep,numberOfRobotsOnBlackSite,numberOfRobotsOnWhiteSite
1023,12,11
timeStep,numberOfRobotsOnBlackSite,numberOfRobotsOnWhiteSite
1024,12,11
timeStep,numberOfRobotsOnBlackSite,numberOfRobotsOnWhiteSite
1025,12,12
timeStep,numberOfRobotsOnBlackSite,numberOfRobotsOnWhiteSite
1026,12,12
timeStep,numberOfRobotsOnBlackSite,numberOfRobotsOnWhiteSite
1027,12,12
timeStep,numberOfRobotsOnBlackSite,numberOfRobotsOnWhiteSite
1028,12,12
timeStep,numberOfRobotsOnBlackSite,numberOfRobotsOnWhiteSite
1029,12,12
timeStep,numberOfRobotsOnBlackSite,numberOfRobotsOnWhiteSite
1030,12,12
timeStep,numberOfRobotsOnBlackSite,numberOfRobotsOnWhiteSite
1031,12,12
timeStep,numberOfRobotsOnBlackSite,numberOfRobotsOnWhiteSite
1032,12,12
timeStep,numberOfRobotsOnBlackSite,numberOfRobotsOnWhiteSite
1033,12,12
timeStep,numberOfRobotsOnBlackSite,numberOfRobotsOnWhiteSite
1034,12,12
timeStep,numberOfRobotsOnBlackSite,numberOfRobotsOnWhiteSite
1035,12,13
timeStep,numberOfRobotsOnBlackSite,numberOfRobotsOnWhiteSite
1036,12,13
timeStep,numberOfRobotsOnBlackSite,numberOfRobotsOnWhiteSite
1037,12,13
timeStep,numberOfRobotsOnBlackSite,numberOfRobotsOnWhiteSite
1038,12,13
timeStep,numberOfRobotsOnBlackSite,numberOfRobotsOnWhiteSite
1039,12,13
timeStep,numberOfRobotsOnBlackSite,numberOfRobotsOnWhiteSite
1040,12,13
timeStep,numberOfRobotsOnBlackSite,numberOfRobotsOnWhiteSite
1041,12,13
timeStep,numberOfRobotsOnBlackSite,numberOfRobotsOnWhiteSite
1042,12,13
timeStep,numberOfRobotsOnBlackSite,numberOfRobotsOnWhiteSite
1043,12,13
timeStep,numberOfRobotsOnBlackSite,numberOfRobotsOnWhiteSite
1044,12,13
timeStep,numberOfRobotsOnBlackSite,numberOfRobotsOnWhiteSite
1045,12,13
timeStep,numberOfRobotsOnBlackSite,numberOfRobotsOnWhiteSite
1046,12,13
timeStep,numberOfRobotsOnBlackSite,numberOfRobotsOnWhiteSite
1047,12,13
timeStep,numberOfRobotsOnBlackSite,numberOfRobotsOnWhiteSite
1048,12,13
timeStep,numberOfRobotsOnBlackSite,numberOfRobotsOnWhiteSite
1049,12,13
timeStep,numberOfRobotsOnBlackSite,numberOfRobotsOnWhiteSite
1050,12,13
timeStep,numberOfRobotsOnBlackSite,numberOfRobotsOnWhiteSite
1051,12,13
timeStep,numberOfRobotsOnBlackSite,numberOfRobotsOnWhiteSite
1052,12,13
timeStep,numberOfRobotsOnBlackSite,numberOfRobotsOnWhiteSite
1053,12,13
timeStep,numberOfRobotsOnBlackSite,numberOfRobotsOnWhiteSite
1054,12,13
timeStep,numberOfRobotsOnBlackSite,numberOfRobotsOnWhiteSite
1055,12,13
timeStep,numberOfRobotsOnBlackSite,numberOfRobotsOnWhiteSite
1056,12,13
timeStep,numberOfRobotsOnBlackSite,numberOfRobotsOnWhiteSite
1057,12,13
timeStep,numberOfRobotsOnBlackSite,numberOfRobotsOnWhiteSite
1058,12,13
timeStep,numberOfRobotsOnBlackSite,numberOfRobotsOnWhiteSite
1059,12,13
timeStep,numberOfRobotsOnBlackSite,numberOfRobotsOnWhiteSite
1060,12,14
timeStep,numberOfRobotsOnBlackSite,numberOfRobotsOnWhiteSite
1061,12,14
timeStep,numberOfRobotsOnBlackSite,numberOfRobotsOnWhiteSite
1062,12,14
timeStep,numberOfRobotsOnBlackSite,numberOfRobotsOnWhiteSite
1063,12,14
timeStep,numberOfRobotsOnBlackSite,numberOfRobotsOnWhiteSite
1064,12,14
timeStep,numberOfRobotsOnBlackSite,numberOfRobotsOnWhiteSite
1065,12,14
timeStep,numberOfRobotsOnBlackSite,numberOfRobotsOnWhiteSite
1066,12,14
timeStep,numberOfRobotsOnBlackSite,numberOfRobotsOnWhiteSite
1067,12,14
timeStep,numberOfRobotsOnBlackSite,numberOfRobotsOnWhiteSite
1068,12,14
timeStep,numberOfRobotsOnBlackSite,numberOfRobotsOnWhiteSite
1069,12,14
timeStep,numberOfRobotsOnBlackSite,numberOfRobotsOnWhiteSite
1070,12,14
timeStep,numberOfRobotsOnBlackSite,numberOfRobotsOnWhiteSite
1071,12,14
timeStep,numberOfRobotsOnBlackSite,numberOfRobotsOnWhiteSite
1072,12,14
timeStep,numberOfRobotsOnBlackSite,numberOfRobotsOnWhiteSite
1073,12,14
timeStep,numberOfRobotsOnBlackSite,numberOfRobotsOnWhiteSite
1074,12,14
timeStep,numberOfRobotsOnBlackSite,numberOfRobotsOnWhiteSite
1075,12,14
timeStep,numberOfRobotsOnBlackSite,numberOfRobotsOnWhiteSite
1076,12,14
timeStep,numberOfRobotsOnBlackSite,numberOfRobotsOnWhiteSite
1077,12,14
timeStep,numberOfRobotsOnBlackSite,numberOfRobotsOnWhiteSite
1078,12,14
timeStep,numberOfRobotsOnBlackSite,numberOfRobotsOnWhiteSite
1079,12,14
timeStep,numberOfRobotsOnBlackSite,numberOfRobotsOnWhiteSite
1080,12,14
timeStep,numberOfRobotsOnBlackSite,numberOfRobotsOnWhiteSite
1081,12,14
timeStep,numberOfRobotsOnBlackSite,numberOfRobotsOnWhiteSite
1082,12,14
timeStep,numberOfRobotsOnBlackSite,numberOfRobotsOnWhiteSite
1083,12,14
timeStep,numberOfRobotsOnBlackSite,numberOfRobotsOnWhiteSite
1084,12,14
timeStep,numberOfRobotsOnBlackSite,numberOfRobotsOnWhiteSite
1085,12,14
timeStep,numberOfRobotsOnBlackSite,numberOfRobotsOnWhiteSite
1086,12,14
timeStep,numberOfRobotsOnBlackSite,numberOfRobotsOnWhiteSite
1087,12,14
timeStep,numberOfRobotsOnBlackSite,numberOfRobotsOnWhiteSite
1088,12,14
timeStep,numberOfRobotsOnBlackSite,numberOfRobotsOnWhiteSite
1089,12,14
timeStep,numberOfRobotsOnBlackSite,numberOfRobotsOnWhiteSite
1090,12,14
timeStep,numberOfRobotsOnBlackSite,numberOfRobotsOnWhiteSite
1091,12,14
timeStep,numberOfRobotsOnBlackSite,numberOfRobotsOnWhiteSite
1092,12,14
timeStep,numberOfRobotsOnBlackSite,numberOfRobotsOnWhiteSite
1093,12,14
timeStep,numberOfRobotsOnBlackSite,numberOfRobotsOnWhiteSite
1094,12,14
timeStep,numberOfRobotsOnBlackSite,numberOfRobotsOnWhiteSite
1095,12,14
timeStep,numberOfRobotsOnBlackSite,numberOfRobotsOnWhiteSite
1096,12,14
timeStep,numberOfRobotsOnBlackSite,numberOfRobotsOnWhiteSite
1097,12,14
timeStep,numberOfRobotsOnBlackSite,numberOfRobotsOnWhiteSite
1098,12,14
timeStep,numberOfRobotsOnBlackSite,numberOfRobotsOnWhiteSite
1099,12,14
timeStep,numberOfRobotsOnBlackSite,numberOfRobotsOnWhiteSite
1100,12,14
timeStep,numberOfRobotsOnBlackSite,numberOfRobotsOnWhiteSite
1101,12,14
timeStep,numberOfRobotsOnBlackSite,numberOfRobotsOnWhiteSite
1102,12,14
timeStep,numberOfRobotsOnBlackSite,numberOfRobotsOnWhiteSite
1103,12,14
timeStep,numberOfRobotsOnBlackSite,numberOfRobotsOnWhiteSite
1104,12,14
timeStep,numberOfRobotsOnBlackSite,numberOfRobotsOnWhiteSite
1105,12,14
timeStep,numberOfRobotsOnBlackSite,numberOfRobotsOnWhiteSite
1106,12,14
timeStep,numberOfRobotsOnBlackSite,numberOfRobotsOnWhiteSite
1107,12,14
timeStep,numberOfRobotsOnBlackSite,numberOfRobotsOnWhiteSite
1108,12,14
timeStep,numberOfRobotsOnBlackSite,numberOfRobotsOnWhiteSite
1109,12,14
timeStep,numberOfRobotsOnBlackSite,numberOfRobotsOnWhiteSite
1110,12,14
timeStep,numberOfRobotsOnBlackSite,numberOfRobotsOnWhiteSite
1111,12,14
timeStep,numberOfRobotsOnBlackSite,numberOfRobotsOnWhiteSite
1112,12,14
timeStep,numberOfRobotsOnBlackSite,numberOfRobotsOnWhiteSite
1113,12,14
timeStep,numberOfRobotsOnBlackSite,numberOfRobotsOnWhiteSite
1114,12,14
timeStep,numberOfRobotsOnBlackSite,numberOfRobotsOnWhiteSite
1115,12,14
timeStep,numberOfRobotsOnBlackSite,numberOfRobotsOnWhiteSite
1116,12,14
timeStep,numberOfRobotsOnBlackSite,numberOfRobotsOnWhiteSite
1117,12,14
timeStep,numberOfRobotsOnBlackSite,numberOfRobotsOnWhiteSite
1118,12,14
timeStep,numberOfRobotsOnBlackSite,numberOfRobotsOnWhiteSite
1119,12,14
timeStep,numberOfRobotsOnBlackSite,numberOfRobotsOnWhiteSite
1120,12,14
timeStep,numberOfRobotsOnBlackSite,numberOfRobotsOnWhiteSite
1121,12,14
timeStep,numberOfRobotsOnBlackSite,numberOfRobotsOnWhiteSite
1122,12,14
timeStep,numberOfRobotsOnBlackSite,numberOfRobotsOnWhiteSite
1123,12,14
timeStep,numberOfRobotsOnBlackSite,numberOfRobotsOnWhiteSite
1124,12,14
timeStep,numberOfRobotsOnBlackSite,numberOfRobotsOnWhiteSite
1125,13,14
timeStep,numberOfRobotsOnBlackSite,numberOfRobotsOnWhiteSite
1126,13,14
timeStep,numberOfRobotsOnBlackSite,numberOfRobotsOnWhiteSite
1127,13,14
timeStep,numberOfRobotsOnBlackSite,numberOfRobotsOnWhiteSite
1128,13,14
timeStep,numberOfRobotsOnBlackSite,numberOfRobotsOnWhiteSite
1129,13,14
timeStep,numberOfRobotsOnBlackSite,numberOfRobotsOnWhiteSite
1130,13,15
timeStep,numberOfRobotsOnBlackSite,numberOfRobotsOnWhiteSite
1131,13,15
timeStep,numberOfRobotsOnBlackSite,numberOfRobotsOnWhiteSite
1132,13,15
timeStep,numberOfRobotsOnBlackSite,numberOfRobotsOnWhiteSite
1133,13,15
timeStep,numberOfRobotsOnBlackSite,numberOfRobotsOnWhiteSite
1134,13,15
timeStep,numberOfRobotsOnBlackSite,numberOfRobotsOnWhiteSite
1135,13,15
timeStep,numberOfRobotsOnBlackSite,numberOfRobotsOnWhiteSite
1136,13,15
timeStep,numberOfRobotsOnBlackSite,numberOfRobotsOnWhiteSite
1137,13,15
timeStep,numberOfRobotsOnBlackSite,numberOfRobotsOnWhiteSite
1138,13,15
timeStep,numberOfRobotsOnBlackSite,numberOfRobotsOnWhiteSite
1139,13,15
timeStep,numberOfRobotsOnBlackSite,numberOfRobotsOnWhiteSite
1140,13,15
timeStep,numberOfRobotsOnBlackSite,numberOfRobotsOnWhiteSite
1141,13,15
timeStep,numberOfRobotsOnBlackSite,numberOfRobotsOnWhiteSite
1142,13,15
timeStep,numberOfRobotsOnBlackSite,numberOfRobotsOnWhiteSite
1143,13,15
timeStep,numberOfRobotsOnBlackSite,numberOfRobotsOnWhiteSite
1144,13,15
timeStep,numberOfRobotsOnBlackSite,numberOfRobotsOnWhiteSite
1145,13,15
timeStep,numberOfRobotsOnBlackSite,numberOfRobotsOnWhiteSite
1146,13,15
timeStep,numberOfRobotsOnBlackSite,numberOfRobotsOnWhiteSite
1147,13,15
timeStep,numberOfRobotsOnBlackSite,numberOfRobotsOnWhiteSite
1148,13,15
timeStep,numberOfRobotsOnBlackSite,numberOfRobotsOnWhiteSite
1149,13,15
timeStep,numberOfRobotsOnBlackSite,numberOfRobotsOnWhiteSite
1150,13,15
timeStep,numberOfRobotsOnBlackSite,numberOfRobotsOnWhiteSite
1151,13,15
timeStep,numberOfRobotsOnBlackSite,numberOfRobotsOnWhiteSite
1152,13,15
timeStep,numberOfRobotsOnBlackSite,numberOfRobotsOnWhiteSite
1153,13,15
timeStep,numberOfRobotsOnBlackSite,numberOfRobotsOnWhiteSite
1154,13,15
timeStep,numberOfRobotsOnBlackSite,numberOfRobotsOnWhiteSite
1155,13,15
timeStep,numberOfRobotsOnBlackSite,numberOfRobotsOnWhiteSite
1156,13,15
timeStep,numberOfRobotsOnBlackSite,numberOfRobotsOnWhiteSite
1157,13,15
timeStep,numberOfRobotsOnBlackSite,numberOfRobotsOnWhiteSite
1158,13,15
timeStep,numberOfRobotsOnBlackSite,numberOfRobotsOnWhiteSite
1159,13,15
timeStep,numberOfRobotsOnBlackSite,numberOfRobotsOnWhiteSite
1160,13,15
timeStep,numberOfRobotsOnBlackSite,numberOfRobotsOnWhiteSite
1161,13,15
timeStep,numberOfRobotsOnBlackSite,numberOfRobotsOnWhiteSite
1162,13,15
timeStep,numberOfRobotsOnBlackSite,numberOfRobotsOnWhiteSite
1163,13,15
timeStep,numberOfRobotsOnBlackSite,numberOfRobotsOnWhiteSite
1164,13,15
timeStep,numberOfRobotsOnBlackSite,numberOfRobotsOnWhiteSite
1165,13,15
timeStep,numberOfRobotsOnBlackSite,numberOfRobotsOnWhiteSite
1166,13,15
timeStep,numberOfRobotsOnBlackSite,numberOfRobotsOnWhiteSite
1167,13,15
timeStep,numberOfRobotsOnBlackSite,numberOfRobotsOnWhiteSite
1168,13,15
timeStep,numberOfRobotsOnBlackSite,numberOfRobotsOnWhiteSite
1169,13,15
timeStep,numberOfRobotsOnBlackSite,numberOfRobotsOnWhiteSite
1170,13,15
timeStep,numberOfRobotsOnBlackSite,numberOfRobotsOnWhiteSite
1171,13,15
timeStep,numberOfRobotsOnBlackSite,numberOfRobotsOnWhiteSite
1172,13,15
timeStep,numberOfRobotsOnBlackSite,numberOfRobotsOnWhiteSite
1173,13,15
timeStep,numberOfRobotsOnBlackSite,numberOfRobotsOnWhiteSite
1174,13,15
timeStep,numberOfRobotsOnBlackSite,numberOfRobotsOnWhiteSite
1175,12,15
timeStep,numberOfRobotsOnBlackSite,numberOfRobotsOnWhiteSite
1176,12,15
timeStep,numberOfRobotsOnBlackSite,numberOfRobotsOnWhiteSite
1177,12,15
timeStep,numberOfRobotsOnBlackSite,numberOfRobotsOnWhiteSite
1178,12,15
timeStep,numberOfRobotsOnBlackSite,numberOfRobotsOnWhiteSite
1179,12,15
timeStep,numberOfRobotsOnBlackSite,numberOfRobotsOnWhiteSite
1180,11,15
timeStep,numberOfRobotsOnBlackSite,numberOfRobotsOnWhiteSite
1181,11,15
timeStep,numberOfRobotsOnBlackSite,numberOfRobotsOnWhiteSite
1182,11,15
timeStep,numberOfRobotsOnBlackSite,numberOfRobotsOnWhiteSite
1183,11,15
timeStep,numberOfRobotsOnBlackSite,numberOfRobotsOnWhiteSite
1184,11,15
timeStep,numberOfRobotsOnBlackSite,numberOfRobotsOnWhiteSite
1185,11,15
timeStep,numberOfRobotsOnBlackSite,numberOfRobotsOnWhiteSite
1186,11,15
timeStep,numberOfRobotsOnBlackSite,numberOfRobotsOnWhiteSite
1187,11,15
timeStep,numberOfRobotsOnBlackSite,numberOfRobotsOnWhiteSite
1188,11,15
timeStep,numberOfRobotsOnBlackSite,numberOfRobotsOnWhiteSite
1189,11,15
timeStep,numberOfRobotsOnBlackSite,numberOfRobotsOnWhiteSite
1190,11,15
timeStep,numberOfRobotsOnBlackSite,numberOfRobotsOnWhiteSite
1191,11,15
timeStep,numberOfRobotsOnBlackSite,numberOfRobotsOnWhiteSite
1192,11,15
timeStep,numberOfRobotsOnBlackSite,numberOfRobotsOnWhiteSite
1193,11,15
timeStep,numberOfRobotsOnBlackSite,numberOfRobotsOnWhiteSite
1194,11,15
timeStep,numberOfRobotsOnBlackSite,numberOfRobotsOnWhiteSite
1195,11,15
timeStep,numberOfRobotsOnBlackSite,numberOfRobotsOnWhiteSite
1196,11,15
timeStep,numberOfRobotsOnBlackSite,numberOfRobotsOnWhiteSite
1197,11,15
timeStep,numberOfRobotsOnBlackSite,numberOfRobotsOnWhiteSite
1198,11,15
timeStep,numberOfRobotsOnBlackSite,numberOfRobotsOnWhiteSite
1199,11,15
timeStep,numberOfRobotsOnBlackSite,numberOfRobotsOnWhiteSite
1200,11,15
timeStep,numberOfRobotsOnBlackSite,numberOfRobotsOnWhiteSite
1201,11,15
timeStep,numberOfRobotsOnBlackSite,numberOfRobotsOnWhiteSite
1202,11,15
timeStep,numberOfRobotsOnBlackSite,numberOfRobotsOnWhiteSite
1203,11,15
timeStep,numberOfRobotsOnBlackSite,numberOfRobotsOnWhiteSite
1204,11,15
timeStep,numberOfRobotsOnBlackSite,numberOfRobotsOnWhiteSite
1205,11,16
timeStep,numberOfRobotsOnBlackSite,numberOfRobotsOnWhiteSite
1206,11,16
timeStep,numberOfRobotsOnBlackSite,numberOfRobotsOnWhiteSite
1207,11,16
timeStep,numberOfRobotsOnBlackSite,numberOfRobotsOnWhiteSite
1208,11,16
timeStep,numberOfRobotsOnBlackSite,numberOfRobotsOnWhiteSite
1209,11,16
timeStep,numberOfRobotsOnBlackSite,numberOfRobotsOnWhiteSite
1210,11,16
timeStep,numberOfRobotsOnBlackSite,numberOfRobotsOnWhiteSite
1211,11,16
timeStep,numberOfRobotsOnBlackSite,numberOfRobotsOnWhiteSite
1212,11,16
timeStep,numberOfRobotsOnBlackSite,numberOfRobotsOnWhiteSite
1213,11,16
timeStep,numberOfRobotsOnBlackSite,numberOfRobotsOnWhiteSite
1214,11,16
timeStep,numberOfRobotsOnBlackSite,numberOfRobotsOnWhiteSite
1215,11,16
timeStep,numberOfRobotsOnBlackSite,numberOfRobotsOnWhiteSite
1216,11,16
timeStep,numberOfRobotsOnBlackSite,numberOfRobotsOnWhiteSite
1217,11,16
timeStep,numberOfRobotsOnBlackSite,numberOfRobotsOnWhiteSite
1218,11,16
timeStep,numberOfRobotsOnBlackSite,numberOfRobotsOnWhiteSite
1219,11,16
timeStep,numberOfRobotsOnBlackSite,numberOfRobotsOnWhiteSite
1220,11,16
timeStep,numberOfRobotsOnBlackSite,numberOfRobotsOnWhiteSite
1221,11,16
timeStep,numberOfRobotsOnBlackSite,numberOfRobotsOnWhiteSite
1222,11,16
timeStep,numberOfRobotsOnBlackSite,numberOfRobotsOnWhiteSite
1223,11,16
timeStep,numberOfRobotsOnBlackSite,numberOfRobotsOnWhiteSite
1224,11,16
timeStep,numberOfRobotsOnBlackSite,numberOfRobotsOnWhiteSite
1225,11,15
timeStep,numberOfRobotsOnBlackSite,numberOfRobotsOnWhiteSite
1226,11,15
timeStep,numberOfRobotsOnBlackSite,numberOfRobotsOnWhiteSite
1227,11,15
timeStep,numberOfRobotsOnBlackSite,numberOfRobotsOnWhiteSite
1228,11,15
timeStep,numberOfRobotsOnBlackSite,numberOfRobotsOnWhiteSite
1229,11,15
timeStep,numberOfRobotsOnBlackSite,numberOfRobotsOnWhiteSite
1230,12,15
timeStep,numberOfRobotsOnBlackSite,numberOfRobotsOnWhiteSite
1231,12,15
timeStep,numberOfRobotsOnBlackSite,numberOfRobotsOnWhiteSite
1232,12,15
timeStep,numberOfRobotsOnBlackSite,numberOfRobotsOnWhiteSite
1233,12,15
timeStep,numberOfRobotsOnBlackSite,numberOfRobotsOnWhiteSite
1234,12,15
timeStep,numberOfRobotsOnBlackSite,numberOfRobotsOnWhiteSite
1235,12,15
timeStep,numberOfRobotsOnBlackSite,numberOfRobotsOnWhiteSite
1236,12,15
timeStep,numberOfRobotsOnBlackSite,numberOfRobotsOnWhiteSite
1237,12,15
timeStep,numberOfRobotsOnBlackSite,numberOfRobotsOnWhiteSite
1238,12,15
timeStep,numberOfRobotsOnBlackSite,numberOfRobotsOnWhiteSite
1239,12,15
timeStep,numberOfRobotsOnBlackSite,numberOfRobotsOnWhiteSite
1240,12,15
timeStep,numberOfRobotsOnBlackSite,numberOfRobotsOnWhiteSite
1241,12,15
timeStep,numberOfRobotsOnBlackSite,numberOfRobotsOnWhiteSite
1242,12,15
timeStep,numberOfRobotsOnBlackSite,numberOfRobotsOnWhiteSite
1243,12,15
timeStep,numberOfRobotsOnBlackSite,numberOfRobotsOnWhiteSite
1244,12,15
timeStep,numberOfRobotsOnBlackSite,numberOfRobotsOnWhiteSite
1245,12,15
timeStep,numberOfRobotsOnBlackSite,numberOfRobotsOnWhiteSite
1246,12,15
timeStep,numberOfRobotsOnBlackSite,numberOfRobotsOnWhiteSite
1247,12,15
timeStep,numberOfRobotsOnBlackSite,numberOfRobotsOnWhiteSite
1248,12,15
timeStep,numberOfRobotsOnBlackSite,numberOfRobotsOnWhiteSite
1249,12,15
timeStep,numberOfRobotsOnBlackSite,numberOfRobotsOnWhiteSite
1250,13,15
timeStep,numberOfRobotsOnBlackSite,numberOfRobotsOnWhiteSite
1251,13,15
timeStep,numberOfRobotsOnBlackSite,numberOfRobotsOnWhiteSite
1252,13,15
timeStep,numberOfRobotsOnBlackSite,numberOfRobotsOnWhiteSite
1253,13,15
timeStep,numberOfRobotsOnBlackSite,numberOfRobotsOnWhiteSite
1254,13,15
timeStep,numberOfRobotsOnBlackSite,numberOfRobotsOnWhiteSite
1255,14,15
timeStep,numberOfRobotsOnBlackSite,numberOfRobotsOnWhiteSite
1256,14,15
timeStep,numberOfRobotsOnBlackSite,numberOfRobotsOnWhiteSite
1257,14,15
timeStep,numberOfRobotsOnBlackSite,numberOfRobotsOnWhiteSite
1258,14,15
timeStep,numberOfRobotsOnBlackSite,numberOfRobotsOnWhiteSite
1259,14,15
timeStep,numberOfRobotsOnBlackSite,numberOfRobotsOnWhiteSite
1260,14,15
timeStep,numberOfRobotsOnBlackSite,numberOfRobotsOnWhiteSite
1261,14,15
timeStep,numberOfRobotsOnBlackSite,numberOfRobotsOnWhiteSite
1262,14,15
timeStep,numberOfRobotsOnBlackSite,numberOfRobotsOnWhiteSite
1263,14,15
timeStep,numberOfRobotsOnBlackSite,numberOfRobotsOnWhiteSite
1264,14,15
timeStep,numberOfRobotsOnBlackSite,numberOfRobotsOnWhiteSite
1265,14,15
timeStep,numberOfRobotsOnBlackSite,numberOfRobotsOnWhiteSite
1266,14,15
timeStep,numberOfRobotsOnBlackSite,numberOfRobotsOnWhiteSite
1267,14,15
timeStep,numberOfRobotsOnBlackSite,numberOfRobotsOnWhiteSite
1268,14,15
timeStep,numberOfRobotsOnBlackSite,numberOfRobotsOnWhiteSite
1269,14,15
timeStep,numberOfRobotsOnBlackSite,numberOfRobotsOnWhiteSite
1270,14,15
timeStep,numberOfRobotsOnBlackSite,numberOfRobotsOnWhiteSite
1271,14,15
timeStep,numberOfRobotsOnBlackSite,numberOfRobotsOnWhiteSite
1272,14,15
timeStep,numberOfRobotsOnBlackSite,numberOfRobotsOnWhiteSite
1273,14,15
timeStep,numberOfRobotsOnBlackSite,numberOfRobotsOnWhiteSite
1274,14,15
timeStep,numberOfRobotsOnBlackSite,numberOfRobotsOnWhiteSite
1275,14,16
timeStep,numberOfRobotsOnBlackSite,numberOfRobotsOnWhiteSite
1276,14,16
timeStep,numberOfRobotsOnBlackSite,numberOfRobotsOnWhiteSite
1277,14,16
timeStep,numberOfRobotsOnBlackSite,numberOfRobotsOnWhiteSite
1278,14,16
timeStep,numberOfRobotsOnBlackSite,numberOfRobotsOnWhiteSite
1279,14,16
timeStep,numberOfRobotsOnBlackSite,numberOfRobotsOnWhiteSite
1280,14,16
timeStep,numberOfRobotsOnBlackSite,numberOfRobotsOnWhiteSite
1281,14,16
timeStep,numberOfRobotsOnBlackSite,numberOfRobotsOnWhiteSite
1282,14,16
timeStep,numberOfRobotsOnBlackSite,numberOfRobotsOnWhiteSite
1283,14,16
timeStep,numberOfRobotsOnBlackSite,numberOfRobotsOnWhiteSite
1284,14,16
timeStep,numberOfRobotsOnBlackSite,numberOfRobotsOnWhiteSite
1285,14,16
timeStep,numberOfRobotsOnBlackSite,numberOfRobotsOnWhiteSite
1286,14,16
timeStep,numberOfRobotsOnBlackSite,numberOfRobotsOnWhiteSite
1287,14,16
timeStep,numberOfRobotsOnBlackSite,numberOfRobotsOnWhiteSite
1288,14,16
timeStep,numberOfRobotsOnBlackSite,numberOfRobotsOnWhiteSite
1289,14,16
timeStep,numberOfRobotsOnBlackSite,numberOfRobotsOnWhiteSite
1290,14,16
timeStep,numberOfRobotsOnBlackSite,numberOfRobotsOnWhiteSite
1291,14,16
timeStep,numberOfRobotsOnBlackSite,numberOfRobotsOnWhiteSite
1292,14,16
timeStep,numberOfRobotsOnBlackSite,numberOfRobotsOnWhiteSite
1293,14,16
timeStep,numberOfRobotsOnBlackSite,numberOfRobotsOnWhiteSite
1294,14,16
timeStep,numberOfRobotsOnBlackSite,numberOfRobotsOnWhiteSite
1295,14,16
timeStep,numberOfRobotsOnBlackSite,numberOfRobotsOnWhiteSite
1296,14,16
timeStep,numberOfRobotsOnBlackSite,numberOfRobotsOnWhiteSite
1297,14,16
timeStep,numberOfRobotsOnBlackSite,numberOfRobotsOnWhiteSite
1298,14,16
timeStep,numberOfRobotsOnBlackSite,numberOfRobotsOnWhiteSite
1299,14,16
timeStep,numberOfRobotsOnBlackSite,numberOfRobotsOnWhiteSite
1300,14,16
timeStep,numberOfRobotsOnBlackSite,numberOfRobotsOnWhiteSite
1301,14,16
timeStep,numberOfRobotsOnBlackSite,numberOfRobotsOnWhiteSite
1302,14,16
timeStep,numberOfRobotsOnBlackSite,numberOfRobotsOnWhiteSite
1303,14,16
timeStep,numberOfRobotsOnBlackSite,numberOfRobotsOnWhiteSite
1304,14,16
timeStep,numberOfRobotsOnBlackSite,numberOfRobotsOnWhiteSite
1305,14,16
timeStep,numberOfRobotsOnBlackSite,numberOfRobotsOnWhiteSite
1306,14,16
timeStep,numberOfRobotsOnBlackSite,numberOfRobotsOnWhiteSite
1307,14,16
timeStep,numberOfRobotsOnBlackSite,numberOfRobotsOnWhiteSite
1308,14,16
timeStep,numberOfRobotsOnBlackSite,numberOfRobotsOnWhiteSite
1309,14,16
timeStep,numberOfRobotsOnBlackSite,numberOfRobotsOnWhiteSite
1310,13,16
timeStep,numberOfRobotsOnBlackSite,numberOfRobotsOnWhiteSite
1311,13,16
timeStep,numberOfRobotsOnBlackSite,numberOfRobotsOnWhiteSite
1312,13,16
timeStep,numberOfRobotsOnBlackSite,numberOfRobotsOnWhiteSite
1313,13,16
timeStep,numberOfRobotsOnBlackSite,numberOfRobotsOnWhiteSite
1314,13,16
timeStep,numberOfRobotsOnBlackSite,numberOfRobotsOnWhiteSite
1315,13,16
timeStep,numberOfRobotsOnBlackSite,numberOfRobotsOnWhiteSite
1316,13,16
timeStep,numberOfRobotsOnBlackSite,numberOfRobotsOnWhiteSite
1317,13,16
timeStep,numberOfRobotsOnBlackSite,numberOfRobotsOnWhiteSite
1318,13,16
timeStep,numberOfRobotsOnBlackSite,numberOfRobotsOnWhiteSite
1319,13,16
timeStep,numberOfRobotsOnBlackSite,numberOfRobotsOnWhiteSite
1320,13,16
timeStep,numberOfRobotsOnBlackSite,numberOfRobotsOnWhiteSite
1321,13,16
timeStep,numberOfRobotsOnBlackSite,numberOfRobotsOnWhiteSite
1322,13,16
timeStep,numberOfRobotsOnBlackSite,numberOfRobotsOnWhiteSite
1323,13,16
timeStep,numberOfRobotsOnBlackSite,numberOfRobotsOnWhiteSite
1324,13,16
timeStep,numberOfRobotsOnBlackSite,numberOfRobotsOnWhiteSite
1325,13,16
timeStep,numberOfRobotsOnBlackSite,numberOfRobotsOnWhiteSite
1326,13,16
timeStep,numberOfRobotsOnBlackSite,numberOfRobotsOnWhiteSite
1327,13,16
timeStep,numberOfRobotsOnBlackSite,numberOfRobotsOnWhiteSite
1328,13,16
timeStep,numberOfRobotsOnBlackSite,numberOfRobotsOnWhiteSite
1329,13,16
timeStep,numberOfRobotsOnBlackSite,numberOfRobotsOnWhiteSite
1330,14,16
timeStep,numberOfRobotsOnBlackSite,numberOfRobotsOnWhiteSite
1331,14,16
timeStep,numberOfRobotsOnBlackSite,numberOfRobotsOnWhiteSite
1332,14,16
timeStep,numberOfRobotsOnBlackSite,numberOfRobotsOnWhiteSite
1333,14,16
timeStep,numberOfRobotsOnBlackSite,numberOfRobotsOnWhiteSite
1334,14,16
timeStep,numberOfRobotsOnBlackSite,numberOfRobotsOnWhiteSite
1335,14,16
timeStep,numberOfRobotsOnBlackSite,numberOfRobotsOnWhiteSite
1336,14,16
timeStep,numberOfRobotsOnBlackSite,numberOfRobotsOnWhiteSite
1337,14,16
timeStep,numberOfRobotsOnBlackSite,numberOfRobotsOnWhiteSite
1338,14,16
timeStep,numberOfRobotsOnBlackSite,numberOfRobotsOnWhiteSite
1339,14,16
timeStep,numberOfRobotsOnBlackSite,numberOfRobotsOnWhiteSite
1340,14,16
timeStep,numberOfRobotsOnBlackSite,numberOfRobotsOnWhiteSite
1341,14,16
timeStep,numberOfRobotsOnBlackSite,numberOfRobotsOnWhiteSite
1342,14,16
timeStep,numberOfRobotsOnBlackSite,numberOfRobotsOnWhiteSite
1343,14,16
timeStep,numberOfRobotsOnBlackSite,numberOfRobotsOnWhiteSite
1344,14,16
timeStep,numberOfRobotsOnBlackSite,numberOfRobotsOnWhiteSite
1345,14,17
timeStep,numberOfRobotsOnBlackSite,numberOfRobotsOnWhiteSite
1346,14,17
timeStep,numberOfRobotsOnBlackSite,numberOfRobotsOnWhiteSite
1347,14,17
timeStep,numberOfRobotsOnBlackSite,numberOfRobotsOnWhiteSite
1348,14,17
timeStep,numberOfRobotsOnBlackSite,numberOfRobotsOnWhiteSite
1349,14,17
timeStep,numberOfRobotsOnBlackSite,numberOfRobotsOnWhiteSite
1350,14,17
timeStep,numberOfRobotsOnBlackSite,numberOfRobotsOnWhiteSite
1351,14,17
timeStep,numberOfRobotsOnBlackSite,numberOfRobotsOnWhiteSite
1352,14,17
timeStep,numberOfRobotsOnBlackSite,numberOfRobotsOnWhiteSite
1353,14,17
timeStep,numberOfRobotsOnBlackSite,numberOfRobotsOnWhiteSite
1354,14,17
timeStep,numberOfRobotsOnBlackSite,numberOfRobotsOnWhiteSite
1355,14,17
timeStep,numberOfRobotsOnBlackSite,numberOfRobotsOnWhiteSite
1356,14,17
timeStep,numberOfRobotsOnBlackSite,numberOfRobotsOnWhiteSite
1357,14,17
timeStep,numberOfRobotsOnBlackSite,numberOfRobotsOnWhiteSite
1358,14,17
timeStep,numberOfRobotsOnBlackSite,numberOfRobotsOnWhiteSite
1359,14,17
timeStep,numberOfRobotsOnBlackSite,numberOfRobotsOnWhiteSite
1360,14,18
timeStep,numberOfRobotsOnBlackSite,numberOfRobotsOnWhiteSite
1361,14,18
timeStep,numberOfRobotsOnBlackSite,numberOfRobotsOnWhiteSite
1362,14,18
timeStep,numberOfRobotsOnBlackSite,numberOfRobotsOnWhiteSite
1363,14,18
timeStep,numberOfRobotsOnBlackSite,numberOfRobotsOnWhiteSite
1364,14,18
timeStep,numberOfRobotsOnBlackSite,numberOfRobotsOnWhiteSite
1365,14,18
timeStep,numberOfRobotsOnBlackSite,numberOfRobotsOnWhiteSite
1366,14,18
timeStep,numberOfRobotsOnBlackSite,numberOfRobotsOnWhiteSite
1367,14,18
timeStep,numberOfRobotsOnBlackSite,numberOfRobotsOnWhiteSite
1368,14,18
timeStep,numberOfRobotsOnBlackSite,numberOfRobotsOnWhiteSite
1369,14,18
timeStep,numberOfRobotsOnBlackSite,numberOfRobotsOnWhiteSite
1370,14,18
timeStep,numberOfRobotsOnBlackSite,numberOfRobotsOnWhiteSite
1371,14,18
timeStep,numberOfRobotsOnBlackSite,numberOfRobotsOnWhiteSite
1372,14,18
timeStep,numberOfRobotsOnBlackSite,numberOfRobotsOnWhiteSite
1373,14,18
timeStep,numberOfRobotsOnBlackSite,numberOfRobotsOnWhiteSite
1374,14,18
timeStep,numberOfRobotsOnBlackSite,numberOfRobotsOnWhiteSite
1375,14,18
timeStep,numberOfRobotsOnBlackSite,numberOfRobotsOnWhiteSite
1376,14,18
timeStep,numberOfRobotsOnBlackSite,numberOfRobotsOnWhiteSite
1377,14,18
timeStep,numberOfRobotsOnBlackSite,numberOfRobotsOnWhiteSite
1378,14,18
timeStep,numberOfRobotsOnBlackSite,numberOfRobotsOnWhiteSite
1379,14,18
timeStep,numberOfRobotsOnBlackSite,numberOfRobotsOnWhiteSite
1380,14,18
timeStep,numberOfRobotsOnBlackSite,numberOfRobotsOnWhiteSite
1381,14,18
timeStep,numberOfRobotsOnBlackSite,numberOfRobotsOnWhiteSite
1382,14,18
timeStep,numberOfRobotsOnBlackSite,numberOfRobotsOnWhiteSite
1383,14,18
timeStep,numberOfRobotsOnBlackSite,numberOfRobotsOnWhiteSite
1384,14,18
timeStep,numberOfRobotsOnBlackSite,numberOfRobotsOnWhiteSite
1385,13,18
timeStep,numberOfRobotsOnBlackSite,numberOfRobotsOnWhiteSite
1386,13,18
timeStep,numberOfRobotsOnBlackSite,numberOfRobotsOnWhiteSite
1387,13,18
timeStep,numberOfRobotsOnBlackSite,numberOfRobotsOnWhiteSite
1388,13,18
timeStep,numberOfRobotsOnBlackSite,numberOfRobotsOnWhiteSite
1389,13,18
timeStep,numberOfRobotsOnBlackSite,numberOfRobotsOnWhiteSite
1390,13,18
timeStep,numberOfRobotsOnBlackSite,numberOfRobotsOnWhiteSite
1391,13,18
timeStep,numberOfRobotsOnBlackSite,numberOfRobotsOnWhiteSite
1392,13,18
timeStep,numberOfRobotsOnBlackSite,numberOfRobotsOnWhiteSite
1393,13,18
timeStep,numberOfRobotsOnBlackSite,numberOfRobotsOnWhiteSite
1394,13,18
timeStep,numberOfRobotsOnBlackSite,numberOfRobotsOnWhiteSite
1395,13,18
timeStep,numberOfRobotsOnBlackSite,numberOfRobotsOnWhiteSite
1396,13,18
timeStep,numberOfRobotsOnBlackSite,numberOfRobotsOnWhiteSite
1397,13,18
timeStep,numberOfRobotsOnBlackSite,numberOfRobotsOnWhiteSite
1398,13,18
timeStep,numberOfRobotsOnBlackSite,numberOfRobotsOnWhiteSite
1399,13,18
timeStep,numberOfRobotsOnBlackSite,numberOfRobotsOnWhiteSite
1400,13,18
timeStep,numberOfRobotsOnBlackSite,numberOfRobotsOnWhiteSite
1401,13,18
timeStep,numberOfRobotsOnBlackSite,numberOfRobotsOnWhiteSite
1402,13,18
timeStep,numberOfRobotsOnBlackSite,numberOfRobotsOnWhiteSite
1403,13,18
timeStep,numberOfRobotsOnBlackSite,numberOfRobotsOnWhiteSite
1404,13,18
timeStep,numberOfRobotsOnBlackSite,numberOfRobotsOnWhiteSite
1405,13,18
timeStep,numberOfRobotsOnBlackSite,numberOfRobotsOnWhiteSite
1406,13,18
timeStep,numberOfRobotsOnBlackSite,numberOfRobotsOnWhiteSite
1407,13,18
timeStep,numberOfRobotsOnBlackSite,numberOfRobotsOnWhiteSite
1408,13,18
timeStep,numberOfRobotsOnBlackSite,numberOfRobotsOnWhiteSite
1409,13,18
timeStep,numberOfRobotsOnBlackSite,numberOfRobotsOnWhiteSite
1410,13,18
timeStep,numberOfRobotsOnBlackSite,numberOfRobotsOnWhiteSite
1411,13,18
timeStep,numberOfRobotsOnBlackSite,numberOfRobotsOnWhiteSite
1412,13,18
timeStep,numberOfRobotsOnBlackSite,numberOfRobotsOnWhiteSite
1413,13,18
timeStep,numberOfRobotsOnBlackSite,numberOfRobotsOnWhiteSite
1414,13,18
timeStep,numberOfRobotsOnBlackSite,numberOfRobotsOnWhiteSite
1415,13,19
timeStep,numberOfRobotsOnBlackSite,numberOfRobotsOnWhiteSite
1416,13,19
timeStep,numberOfRobotsOnBlackSite,numberOfRobotsOnWhiteSite
1417,13,19
timeStep,numberOfRobotsOnBlackSite,numberOfRobotsOnWhiteSite
1418,13,19
timeStep,numberOfRobotsOnBlackSite,numberOfRobotsOnWhiteSite
1419,13,19
timeStep,numberOfRobotsOnBlackSite,numberOfRobotsOnWhiteSite
1420,13,19
timeStep,numberOfRobotsOnBlackSite,numberOfRobotsOnWhiteSite
1421,13,19
timeStep,numberOfRobotsOnBlackSite,numberOfRobotsOnWhiteSite
1422,13,19
timeStep,numberOfRobotsOnBlackSite,numberOfRobotsOnWhiteSite
1423,13,19
timeStep,numberOfRobotsOnBlackSite,numberOfRobotsOnWhiteSite
1424,13,19
timeStep,numberOfRobotsOnBlackSite,numberOfRobotsOnWhiteSite
1425,13,19
timeStep,numberOfRobotsOnBlackSite,numberOfRobotsOnWhiteSite
1426,13,19
timeStep,numberOfRobotsOnBlackSite,numberOfRobotsOnWhiteSite
1427,13,19
timeStep,numberOfRobotsOnBlackSite,numberOfRobotsOnWhiteSite
1428,13,19
timeStep,numberOfRobotsOnBlackSite,numberOfRobotsOnWhiteSite
1429,13,19
timeStep,numberOfRobotsOnBlackSite,numberOfRobotsOnWhiteSite
1430,14,19
timeStep,numberOfRobotsOnBlackSite,numberOfRobotsOnWhiteSite
1431,14,19
timeStep,numberOfRobotsOnBlackSite,numberOfRobotsOnWhiteSite
1432,14,19
timeStep,numberOfRobotsOnBlackSite,numberOfRobotsOnWhiteSite
1433,14,19
timeStep,numberOfRobotsOnBlackSite,numberOfRobotsOnWhiteSite
1434,14,19
timeStep,numberOfRobotsOnBlackSite,numberOfRobotsOnWhiteSite
1435,14,19
timeStep,numberOfRobotsOnBlackSite,numberOfRobotsOnWhiteSite
1436,14,19
timeStep,numberOfRobotsOnBlackSite,numberOfRobotsOnWhiteSite
1437,14,19
timeStep,numberOfRobotsOnBlackSite,numberOfRobotsOnWhiteSite
1438,14,19
timeStep,numberOfRobotsOnBlackSite,numberOfRobotsOnWhiteSite
1439,14,19
timeStep,numberOfRobotsOnBlackSite,numberOfRobotsOnWhiteSite
1440,14,19
timeStep,numberOfRobotsOnBlackSite,numberOfRobotsOnWhiteSite
1441,14,19
timeStep,numberOfRobotsOnBlackSite,numberOfRobotsOnWhiteSite
1442,14,19
timeStep,numberOfRobotsOnBlackSite,numberOfRobotsOnWhiteSite
1443,14,19
timeStep,numberOfRobotsOnBlackSite,numberOfRobotsOnWhiteSite
1444,14,19
timeStep,numberOfRobotsOnBlackSite,numberOfRobotsOnWhiteSite
1445,14,18
timeStep,numberOfRobotsOnBlackSite,numberOfRobotsOnWhiteSite
1446,14,18
timeStep,numberOfRobotsOnBlackSite,numberOfRobotsOnWhiteSite
1447,14,18
timeStep,numberOfRobotsOnBlackSite,numberOfRobotsOnWhiteSite
1448,14,18
timeStep,numberOfRobotsOnBlackSite,numberOfRobotsOnWhiteSite
1449,14,18
timeStep,numberOfRobotsOnBlackSite,numberOfRobotsOnWhiteSite
1450,14,17
timeStep,numberOfRobotsOnBlackSite,numberOfRobotsOnWhiteSite
1451,14,17
timeStep,numberOfRobotsOnBlackSite,numberOfRobotsOnWhiteSite
1452,14,17
timeStep,numberOfRobotsOnBlackSite,numberOfRobotsOnWhiteSite
1453,14,17
timeStep,numberOfRobotsOnBlackSite,numberOfRobotsOnWhiteSite
1454,14,17
timeStep,numberOfRobotsOnBlackSite,numberOfRobotsOnWhiteSite
1455,14,17
timeStep,numberOfRobotsOnBlackSite,numberOfRobotsOnWhiteSite
1456,14,17
timeStep,numberOfRobotsOnBlackSite,numberOfRobotsOnWhiteSite
1457,14,17
timeStep,numberOfRobotsOnBlackSite,numberOfRobotsOnWhiteSite
1458,14,17
timeStep,numberOfRobotsOnBlackSite,numberOfRobotsOnWhiteSite
1459,14,17
timeStep,numberOfRobotsOnBlackSite,numberOfRobotsOnWhiteSite
1460,14,17
timeStep,numberOfRobotsOnBlackSite,numberOfRobotsOnWhiteSite
1461,14,17
timeStep,numberOfRobotsOnBlackSite,numberOfRobotsOnWhiteSite
1462,14,17
timeStep,numberOfRobotsOnBlackSite,numberOfRobotsOnWhiteSite
1463,14,17
timeStep,numberOfRobotsOnBlackSite,numberOfRobotsOnWhiteSite
1464,14,17
timeStep,numberOfRobotsOnBlackSite,numberOfRobotsOnWhiteSite
1465,14,17
timeStep,numberOfRobotsOnBlackSite,numberOfRobotsOnWhiteSite
1466,14,17
timeStep,numberOfRobotsOnBlackSite,numberOfRobotsOnWhiteSite
1467,14,17
timeStep,numberOfRobotsOnBlackSite,numberOfRobotsOnWhiteSite
1468,14,17
timeStep,numberOfRobotsOnBlackSite,numberOfRobotsOnWhiteSite
1469,14,17
timeStep,numberOfRobotsOnBlackSite,numberOfRobotsOnWhiteSite
1470,14,17
timeStep,numberOfRobotsOnBlackSite,numberOfRobotsOnWhiteSite
1471,14,17
timeStep,numberOfRobotsOnBlackSite,numberOfRobotsOnWhiteSite
1472,14,17
timeStep,numberOfRobotsOnBlackSite,numberOfRobotsOnWhiteSite
1473,14,17
timeStep,numberOfRobotsOnBlackSite,numberOfRobotsOnWhiteSite
1474,14,17
timeStep,numberOfRobotsOnBlackSite,numberOfRobotsOnWhiteSite
1475,13,17
timeStep,numberOfRobotsOnBlackSite,numberOfRobotsOnWhiteSite
1476,13,17
timeStep,numberOfRobotsOnBlackSite,numberOfRobotsOnWhiteSite
1477,13,17
timeStep,numberOfRobotsOnBlackSite,numberOfRobotsOnWhiteSite
1478,13,17
timeStep,numberOfRobotsOnBlackSite,numberOfRobotsOnWhiteSite
1479,13,17
timeStep,numberOfRobotsOnBlackSite,numberOfRobotsOnWhiteSite
1480,13,16
timeStep,numberOfRobotsOnBlackSite,numberOfRobotsOnWhiteSite
1481,13,16
timeStep,numberOfRobotsOnBlackSite,numberOfRobotsOnWhiteSite
1482,13,16
timeStep,numberOfRobotsOnBlackSite,numberOfRobotsOnWhiteSite
1483,13,16
timeStep,numberOfRobotsOnBlackSite,numberOfRobotsOnWhiteSite
1484,13,16
timeStep,numberOfRobotsOnBlackSite,numberOfRobotsOnWhiteSite
1485,13,16
timeStep,numberOfRobotsOnBlackSite,numberOfRobotsOnWhiteSite
1486,13,16
timeStep,numberOfRobotsOnBlackSite,numberOfRobotsOnWhiteSite
1487,13,16
timeStep,numberOfRobotsOnBlackSite,numberOfRobotsOnWhiteSite
1488,13,16
timeStep,numberOfRobotsOnBlackSite,numberOfRobotsOnWhiteSite
1489,13,16
timeStep,numberOfRobotsOnBlackSite,numberOfRobotsOnWhiteSite
1490,13,16
timeStep,numberOfRobotsOnBlackSite,numberOfRobotsOnWhiteSite
1491,13,16
timeStep,numberOfRobotsOnBlackSite,numberOfRobotsOnWhiteSite
1492,13,16
timeStep,numberOfRobotsOnBlackSite,numberOfRobotsOnWhiteSite
1493,13,16
timeStep,numberOfRobotsOnBlackSite,numberOfRobotsOnWhiteSite
1494,13,16
timeStep,numberOfRobotsOnBlackSite,numberOfRobotsOnWhiteSite
1495,13,16
timeStep,numberOfRobotsOnBlackSite,numberOfRobotsOnWhiteSite
1496,13,16
timeStep,numberOfRobotsOnBlackSite,numberOfRobotsOnWhiteSite
1497,13,16
timeStep,numberOfRobotsOnBlackSite,numberOfRobotsOnWhiteSite
1498,13,16
timeStep,numberOfRobotsOnBlackSite,numberOfRobotsOnWhiteSite
1499,13,16
timeStep,numberOfRobotsOnBlackSite,numberOfRobotsOnWhiteSite
1500,14,16
timeStep,numberOfRobotsOnBlackSite,numberOfRobotsOnWhiteSite
1501,14,16
timeStep,numberOfRobotsOnBlackSite,numberOfRobotsOnWhiteSite
1502,14,16
timeStep,numberOfRobotsOnBlackSite,numberOfRobotsOnWhiteSite
1503,14,16
timeStep,numberOfRobotsOnBlackSite,numberOfRobotsOnWhiteSite
1504,14,16
timeStep,numberOfRobotsOnBlackSite,numberOfRobotsOnWhiteSite
1505,13,16
timeStep,numberOfRobotsOnBlackSite,numberOfRobotsOnWhiteSite
1506,13,16
timeStep,numberOfRobotsOnBlackSite,numberOfRobotsOnWhiteSite
1507,13,16
timeStep,numberOfRobotsOnBlackSite,numberOfRobotsOnWhiteSite
1508,13,16
timeStep,numberOfRobotsOnBlackSite,numberOfRobotsOnWhiteSite
1509,13,16
timeStep,numberOfRobotsOnBlackSite,numberOfRobotsOnWhiteSite
1510,13,17
timeStep,numberOfRobotsOnBlackSite,numberOfRobotsOnWhiteSite
1511,13,17
timeStep,numberOfRobotsOnBlackSite,numberOfRobotsOnWhiteSite
1512,13,17
timeStep,numberOfRobotsOnBlackSite,numberOfRobotsOnWhiteSite
1513,13,17
timeStep,numberOfRobotsOnBlackSite,numberOfRobotsOnWhiteSite
1514,13,17
timeStep,numberOfRobotsOnBlackSite,numberOfRobotsOnWhiteSite
1515,13,17
timeStep,numberOfRobotsOnBlackSite,numberOfRobotsOnWhiteSite
1516,13,17
timeStep,numberOfRobotsOnBlackSite,numberOfRobotsOnWhiteSite
1517,13,17
timeStep,numberOfRobotsOnBlackSite,numberOfRobotsOnWhiteSite
1518,13,17
timeStep,numberOfRobotsOnBlackSite,numberOfRobotsOnWhiteSite
1519,13,17
timeStep,numberOfRobotsOnBlackSite,numberOfRobotsOnWhiteSite
1520,13,17
timeStep,numberOfRobotsOnBlackSite,numberOfRobotsOnWhiteSite
1521,13,17
timeStep,numberOfRobotsOnBlackSite,numberOfRobotsOnWhiteSite
1522,13,17
timeStep,numberOfRobotsOnBlackSite,numberOfRobotsOnWhiteSite
1523,13,17
timeStep,numberOfRobotsOnBlackSite,numberOfRobotsOnWhiteSite
1524,13,17
timeStep,numberOfRobotsOnBlackSite,numberOfRobotsOnWhiteSite
1525,13,17
timeStep,numberOfRobotsOnBlackSite,numberOfRobotsOnWhiteSite
1526,13,17
timeStep,numberOfRobotsOnBlackSite,numberOfRobotsOnWhiteSite
1527,13,17
timeStep,numberOfRobotsOnBlackSite,numberOfRobotsOnWhiteSite
1528,13,17
timeStep,numberOfRobotsOnBlackSite,numberOfRobotsOnWhiteSite
1529,13,17
timeStep,numberOfRobotsOnBlackSite,numberOfRobotsOnWhiteSite
1530,13,19
timeStep,numberOfRobotsOnBlackSite,numberOfRobotsOnWhiteSite
1531,13,19
timeStep,numberOfRobotsOnBlackSite,numberOfRobotsOnWhiteSite
1532,13,19
timeStep,numberOfRobotsOnBlackSite,numberOfRobotsOnWhiteSite
1533,13,19
timeStep,numberOfRobotsOnBlackSite,numberOfRobotsOnWhiteSite
1534,13,19
timeStep,numberOfRobotsOnBlackSite,numberOfRobotsOnWhiteSite
1535,14,19
timeStep,numberOfRobotsOnBlackSite,numberOfRobotsOnWhiteSite
1536,14,19
timeStep,numberOfRobotsOnBlackSite,numberOfRobotsOnWhiteSite
1537,14,19
timeStep,numberOfRobotsOnBlackSite,numberOfRobotsOnWhiteSite
1538,14,19
timeStep,numberOfRobotsOnBlackSite,numberOfRobotsOnWhiteSite
1539,14,19
timeStep,numberOfRobotsOnBlackSite,numberOfRobotsOnWhiteSite
1540,15,19
timeStep,numberOfRobotsOnBlackSite,numberOfRobotsOnWhiteSite
1541,15,19
timeStep,numberOfRobotsOnBlackSite,numberOfRobotsOnWhiteSite
1542,15,19
timeStep,numberOfRobotsOnBlackSite,numberOfRobotsOnWhiteSite
1543,15,19
timeStep,numberOfRobotsOnBlackSite,numberOfRobotsOnWhiteSite
1544,15,19
timeStep,numberOfRobotsOnBlackSite,numberOfRobotsOnWhiteSite
1545,16,19
timeStep,numberOfRobotsOnBlackSite,numberOfRobotsOnWhiteSite
1546,16,19
timeStep,numberOfRobotsOnBlackSite,numberOfRobotsOnWhiteSite
1547,16,19
timeStep,numberOfRobotsOnBlackSite,numberOfRobotsOnWhiteSite
1548,16,19
timeStep,numberOfRobotsOnBlackSite,numberOfRobotsOnWhiteSite
1549,16,19
timeStep,numberOfRobotsOnBlackSite,numberOfRobotsOnWhiteSite
1550,16,20
timeStep,numberOfRobotsOnBlackSite,numberOfRobotsOnWhiteSite
1551,16,20
timeStep,numberOfRobotsOnBlackSite,numberOfRobotsOnWhiteSite
1552,16,20
timeStep,numberOfRobotsOnBlackSite,numberOfRobotsOnWhiteSite
1553,16,20
timeStep,numberOfRobotsOnBlackSite,numberOfRobotsOnWhiteSite
1554,16,20
timeStep,numberOfRobotsOnBlackSite,numberOfRobotsOnWhiteSite
1555,16,20
timeStep,numberOfRobotsOnBlackSite,numberOfRobotsOnWhiteSite
1556,16,20
timeStep,numberOfRobotsOnBlackSite,numberOfRobotsOnWhiteSite
1557,16,20
timeStep,numberOfRobotsOnBlackSite,numberOfRobotsOnWhiteSite
1558,16,20
timeStep,numberOfRobotsOnBlackSite,numberOfRobotsOnWhiteSite
1559,16,20
timeStep,numberOfRobotsOnBlackSite,numberOfRobotsOnWhiteSite
1560,17,20
timeStep,numberOfRobotsOnBlackSite,numberOfRobotsOnWhiteSite
1561,17,20
timeStep,numberOfRobotsOnBlackSite,numberOfRobotsOnWhiteSite
1562,17,20
timeStep,numberOfRobotsOnBlackSite,numberOfRobotsOnWhiteSite
1563,17,20
timeStep,numberOfRobotsOnBlackSite,numberOfRobotsOnWhiteSite
1564,17,20
timeStep,numberOfRobotsOnBlackSite,numberOfRobotsOnWhiteSite
1565,16,20
timeStep,numberOfRobotsOnBlackSite,numberOfRobotsOnWhiteSite
1566,16,20
timeStep,numberOfRobotsOnBlackSite,numberOfRobotsOnWhiteSite
1567,16,20
timeStep,numberOfRobotsOnBlackSite,numberOfRobotsOnWhiteSite
1568,16,20
timeStep,numberOfRobotsOnBlackSite,numberOfRobotsOnWhiteSite
1569,16,20
timeStep,numberOfRobotsOnBlackSite,numberOfRobotsOnWhiteSite
1570,16,20
timeStep,numberOfRobotsOnBlackSite,numberOfRobotsOnWhiteSite
1571,16,20
timeStep,numberOfRobotsOnBlackSite,numberOfRobotsOnWhiteSite
1572,16,20
timeStep,numberOfRobotsOnBlackSite,numberOfRobotsOnWhiteSite
1573,16,20
timeStep,numberOfRobotsOnBlackSite,numberOfRobotsOnWhiteSite
1574,16,20
timeStep,numberOfRobotsOnBlackSite,numberOfRobotsOnWhiteSite
1575,16,20
timeStep,numberOfRobotsOnBlackSite,numberOfRobotsOnWhiteSite
1576,16,20
timeStep,numberOfRobotsOnBlackSite,numberOfRobotsOnWhiteSite
1577,16,20
timeStep,numberOfRobotsOnBlackSite,numberOfRobotsOnWhiteSite
1578,16,20
timeStep,numberOfRobotsOnBlackSite,numberOfRobotsOnWhiteSite
1579,16,20
timeStep,numberOfRobotsOnBlackSite,numberOfRobotsOnWhiteSite
1580,16,20
timeStep,numberOfRobotsOnBlackSite,numberOfRobotsOnWhiteSite
1581,16,20
timeStep,numberOfRobotsOnBlackSite,numberOfRobotsOnWhiteSite
1582,16,20
timeStep,numberOfRobotsOnBlackSite,numberOfRobotsOnWhiteSite
1583,16,20
timeStep,numberOfRobotsOnBlackSite,numberOfRobotsOnWhiteSite
1584,16,20
timeStep,numberOfRobotsOnBlackSite,numberOfRobotsOnWhiteSite
1585,15,20
timeStep,numberOfRobotsOnBlackSite,numberOfRobotsOnWhiteSite
1586,15,20
timeStep,numberOfRobotsOnBlackSite,numberOfRobotsOnWhiteSite
1587,15,20
timeStep,numberOfRobotsOnBlackSite,numberOfRobotsOnWhiteSite
1588,15,20
timeStep,numberOfRobotsOnBlackSite,numberOfRobotsOnWhiteSite
1589,15,20
timeStep,numberOfRobotsOnBlackSite,numberOfRobotsOnWhiteSite
1590,15,19
timeStep,numberOfRobotsOnBlackSite,numberOfRobotsOnWhiteSite
1591,15,19
timeStep,numberOfRobotsOnBlackSite,numberOfRobotsOnWhiteSite
1592,15,19
timeStep,numberOfRobotsOnBlackSite,numberOfRobotsOnWhiteSite
1593,15,19
timeStep,numberOfRobotsOnBlackSite,numberOfRobotsOnWhiteSite
1594,15,19
timeStep,numberOfRobotsOnBlackSite,numberOfRobotsOnWhiteSite
1595,15,19
timeStep,numberOfRobotsOnBlackSite,numberOfRobotsOnWhiteSite
1596,15,19
timeStep,numberOfRobotsOnBlackSite,numberOfRobotsOnWhiteSite
1597,15,19
timeStep,numberOfRobotsOnBlackSite,numberOfRobotsOnWhiteSite
1598,15,19
timeStep,numberOfRobotsOnBlackSite,numberOfRobotsOnWhiteSite
1599,15,19
timeStep,numberOfRobotsOnBlackSite,numberOfRobotsOnWhiteSite
1600,15,19
timeStep,numberOfRobotsOnBlackSite,numberOfRobotsOnWhiteSite
1601,15,19
timeStep,numberOfRobotsOnBlackSite,numberOfRobotsOnWhiteSite
1602,15,19
timeStep,numberOfRobotsOnBlackSite,numberOfRobotsOnWhiteSite
1603,15,19
timeStep,numberOfRobotsOnBlackSite,numberOfRobotsOnWhiteSite
1604,15,19
timeStep,numberOfRobotsOnBlackSite,numberOfRobotsOnWhiteSite
1605,15,19
timeStep,numberOfRobotsOnBlackSite,numberOfRobotsOnWhiteSite
1606,15,19
timeStep,numberOfRobotsOnBlackSite,numberOfRobotsOnWhiteSite
1607,15,19
timeStep,numberOfRobotsOnBlackSite,numberOfRobotsOnWhiteSite
1608,15,19
timeStep,numberOfRobotsOnBlackSite,numberOfRobotsOnWhiteSite
1609,15,19
timeStep,numberOfRobotsOnBlackSite,numberOfRobotsOnWhiteSite
1610,15,19
timeStep,numberOfRobotsOnBlackSite,numberOfRobotsOnWhiteSite
1611,15,19
timeStep,numberOfRobotsOnBlackSite,numberOfRobotsOnWhiteSite
1612,15,19
timeStep,numberOfRobotsOnBlackSite,numberOfRobotsOnWhiteSite
1613,15,19
timeStep,numberOfRobotsOnBlackSite,numberOfRobotsOnWhiteSite
1614,15,19
timeStep,numberOfRobotsOnBlackSite,numberOfRobotsOnWhiteSite
1615,14,19
timeStep,numberOfRobotsOnBlackSite,numberOfRobotsOnWhiteSite
1616,14,19
timeStep,numberOfRobotsOnBlackSite,numberOfRobotsOnWhiteSite
1617,14,19
timeStep,numberOfRobotsOnBlackSite,numberOfRobotsOnWhiteSite
1618,14,19
timeStep,numberOfRobotsOnBlackSite,numberOfRobotsOnWhiteSite
1619,14,19
timeStep,numberOfRobotsOnBlackSite,numberOfRobotsOnWhiteSite
1620,14,19
timeStep,numberOfRobotsOnBlackSite,numberOfRobotsOnWhiteSite
1621,14,19
timeStep,numberOfRobotsOnBlackSite,numberOfRobotsOnWhiteSite
1622,14,19
timeStep,numberOfRobotsOnBlackSite,numberOfRobotsOnWhiteSite
1623,14,19
timeStep,numberOfRobotsOnBlackSite,numberOfRobotsOnWhiteSite
1624,14,19
timeStep,numberOfRobotsOnBlackSite,numberOfRobotsOnWhiteSite
1625,14,19
timeStep,numberOfRobotsOnBlackSite,numberOfRobotsOnWhiteSite
1626,14,19
timeStep,numberOfRobotsOnBlackSite,numberOfRobotsOnWhiteSite
1627,14,19
timeStep,numberOfRobotsOnBlackSite,numberOfRobotsOnWhiteSite
1628,14,19
timeStep,numberOfRobotsOnBlackSite,numberOfRobotsOnWhiteSite
1629,14,19
timeStep,numberOfRobotsOnBlackSite,numberOfRobotsOnWhiteSite
1630,14,19
timeStep,numberOfRobotsOnBlackSite,numberOfRobotsOnWhiteSite
1631,14,19
timeStep,numberOfRobotsOnBlackSite,numberOfRobotsOnWhiteSite
1632,14,19
timeStep,numberOfRobotsOnBlackSite,numberOfRobotsOnWhiteSite
1633,14,19
timeStep,numberOfRobotsOnBlackSite,numberOfRobotsOnWhiteSite
1634,14,19
timeStep,numberOfRobotsOnBlackSite,numberOfRobotsOnWhiteSite
1635,14,20
timeStep,numberOfRobotsOnBlackSite,numberOfRobotsOnWhiteSite
1636,14,20
timeStep,numberOfRobotsOnBlackSite,numberOfRobotsOnWhiteSite
1637,14,20
timeStep,numberOfRobotsOnBlackSite,numberOfRobotsOnWhiteSite
1638,14,20
timeStep,numberOfRobotsOnBlackSite,numberOfRobotsOnWhiteSite
1639,14,20
timeStep,numberOfRobotsOnBlackSite,numberOfRobotsOnWhiteSite
1640,14,20
timeStep,numberOfRobotsOnBlackSite,numberOfRobotsOnWhiteSite
1641,14,20
timeStep,numberOfRobotsOnBlackSite,numberOfRobotsOnWhiteSite
1642,14,20
timeStep,numberOfRobotsOnBlackSite,numberOfRobotsOnWhiteSite
1643,14,20
timeStep,numberOfRobotsOnBlackSite,numberOfRobotsOnWhiteSite
1644,14,20
timeStep,numberOfRobotsOnBlackSite,numberOfRobotsOnWhiteSite
1645,14,20
timeStep,numberOfRobotsOnBlackSite,numberOfRobotsOnWhiteSite
1646,14,20
timeStep,numberOfRobotsOnBlackSite,numberOfRobotsOnWhiteSite
1647,14,20
timeStep,numberOfRobotsOnBlackSite,numberOfRobotsOnWhiteSite
1648,14,20
timeStep,numberOfRobotsOnBlackSite,numberOfRobotsOnWhiteSite
1649,14,20
timeStep,numberOfRobotsOnBlackSite,numberOfRobotsOnWhiteSite
1650,15,20
timeStep,numberOfRobotsOnBlackSite,numberOfRobotsOnWhiteSite
1651,15,20
timeStep,numberOfRobotsOnBlackSite,numberOfRobotsOnWhiteSite
1652,15,20
timeStep,numberOfRobotsOnBlackSite,numberOfRobotsOnWhiteSite
1653,15,20
timeStep,numberOfRobotsOnBlackSite,numberOfRobotsOnWhiteSite
1654,15,20
timeStep,numberOfRobotsOnBlackSite,numberOfRobotsOnWhiteSite
1655,14,20
timeStep,numberOfRobotsOnBlackSite,numberOfRobotsOnWhiteSite
1656,14,20
timeStep,numberOfRobotsOnBlackSite,numberOfRobotsOnWhiteSite
1657,14,20
timeStep,numberOfRobotsOnBlackSite,numberOfRobotsOnWhiteSite
1658,14,20
timeStep,numberOfRobotsOnBlackSite,numberOfRobotsOnWhiteSite
1659,14,20
timeStep,numberOfRobotsOnBlackSite,numberOfRobotsOnWhiteSite
1660,14,20
timeStep,numberOfRobotsOnBlackSite,numberOfRobotsOnWhiteSite
1661,14,20
timeStep,numberOfRobotsOnBlackSite,numberOfRobotsOnWhiteSite
1662,14,20
timeStep,numberOfRobotsOnBlackSite,numberOfRobotsOnWhiteSite
1663,14,20
timeStep,numberOfRobotsOnBlackSite,numberOfRobotsOnWhiteSite
1664,14,20
timeStep,numberOfRobotsOnBlackSite,numberOfRobotsOnWhiteSite
1665,14,20
timeStep,numberOfRobotsOnBlackSite,numberOfRobotsOnWhiteSite
1666,14,20
timeStep,numberOfRobotsOnBlackSite,numberOfRobotsOnWhiteSite
1667,14,20
timeStep,numberOfRobotsOnBlackSite,numberOfRobotsOnWhiteSite
1668,14,20
timeStep,numberOfRobotsOnBlackSite,numberOfRobotsOnWhiteSite
1669,14,20
timeStep,numberOfRobotsOnBlackSite,numberOfRobotsOnWhiteSite
1670,14,20
timeStep,numberOfRobotsOnBlackSite,numberOfRobotsOnWhiteSite
1671,14,20
timeStep,numberOfRobotsOnBlackSite,numberOfRobotsOnWhiteSite
1672,14,20
timeStep,numberOfRobotsOnBlackSite,numberOfRobotsOnWhiteSite
1673,14,20
timeStep,numberOfRobotsOnBlackSite,numberOfRobotsOnWhiteSite
1674,14,20
timeStep,numberOfRobotsOnBlackSite,numberOfRobotsOnWhiteSite
1675,14,20
timeStep,numberOfRobotsOnBlackSite,numberOfRobotsOnWhiteSite
1676,14,20
timeStep,numberOfRobotsOnBlackSite,numberOfRobotsOnWhiteSite
1677,14,20
timeStep,numberOfRobotsOnBlackSite,numberOfRobotsOnWhiteSite
1678,14,20
timeStep,numberOfRobotsOnBlackSite,numberOfRobotsOnWhiteSite
1679,14,20
timeStep,numberOfRobotsOnBlackSite,numberOfRobotsOnWhiteSite
1680,14,20
timeStep,numberOfRobotsOnBlackSite,numberOfRobotsOnWhiteSite
1681,14,20
timeStep,numberOfRobotsOnBlackSite,numberOfRobotsOnWhiteSite
1682,14,20
timeStep,numberOfRobotsOnBlackSite,numberOfRobotsOnWhiteSite
1683,14,20
timeStep,numberOfRobotsOnBlackSite,numberOfRobotsOnWhiteSite
1684,14,20
timeStep,numberOfRobotsOnBlackSite,numberOfRobotsOnWhiteSite
1685,13,20
timeStep,numberOfRobotsOnBlackSite,numberOfRobotsOnWhiteSite
1686,13,20
timeStep,numberOfRobotsOnBlackSite,numberOfRobotsOnWhiteSite
1687,13,20
timeStep,numberOfRobotsOnBlackSite,numberOfRobotsOnWhiteSite
1688,13,20
timeStep,numberOfRobotsOnBlackSite,numberOfRobotsOnWhiteSite
1689,13,20
timeStep,numberOfRobotsOnBlackSite,numberOfRobotsOnWhiteSite
1690,13,20
timeStep,numberOfRobotsOnBlackSite,numberOfRobotsOnWhiteSite
1691,13,20
timeStep,numberOfRobotsOnBlackSite,numberOfRobotsOnWhiteSite
1692,13,20
timeStep,numberOfRobotsOnBlackSite,numberOfRobotsOnWhiteSite
1693,13,20
timeStep,numberOfRobotsOnBlackSite,numberOfRobotsOnWhiteSite
1694,13,20
timeStep,numberOfRobotsOnBlackSite,numberOfRobotsOnWhiteSite
1695,13,20
timeStep,numberOfRobotsOnBlackSite,numberOfRobotsOnWhiteSite
1696,13,20
timeStep,numberOfRobotsOnBlackSite,numberOfRobotsOnWhiteSite
1697,13,20
timeStep,numberOfRobotsOnBlackSite,numberOfRobotsOnWhiteSite
1698,13,20
timeStep,numberOfRobotsOnBlackSite,numberOfRobotsOnWhiteSite
1699,13,20
timeStep,numberOfRobotsOnBlackSite,numberOfRobotsOnWhiteSite
1700,13,20
timeStep,numberOfRobotsOnBlackSite,numberOfRobotsOnWhiteSite
1701,13,20
timeStep,numberOfRobotsOnBlackSite,numberOfRobotsOnWhiteSite
1702,13,20
timeStep,numberOfRobotsOnBlackSite,numberOfRobotsOnWhiteSite
1703,13,20
timeStep,numberOfRobotsOnBlackSite,numberOfRobotsOnWhiteSite
1704,13,20
timeStep,numberOfRobotsOnBlackSite,numberOfRobotsOnWhiteSite
1705,13,20
timeStep,numberOfRobotsOnBlackSite,numberOfRobotsOnWhiteSite
1706,13,20
timeStep,numberOfRobotsOnBlackSite,numberOfRobotsOnWhiteSite
1707,13,20
timeStep,numberOfRobotsOnBlackSite,numberOfRobotsOnWhiteSite
1708,13,20
timeStep,numberOfRobotsOnBlackSite,numberOfRobotsOnWhiteSite
1709,13,20
timeStep,numberOfRobotsOnBlackSite,numberOfRobotsOnWhiteSite
1710,13,20
timeStep,numberOfRobotsOnBlackSite,numberOfRobotsOnWhiteSite
1711,13,20
timeStep,numberOfRobotsOnBlackSite,numberOfRobotsOnWhiteSite
1712,13,20
timeStep,numberOfRobotsOnBlackSite,numberOfRobotsOnWhiteSite
1713,13,20
timeStep,numberOfRobotsOnBlackSite,numberOfRobotsOnWhiteSite
1714,13,20
timeStep,numberOfRobotsOnBlackSite,numberOfRobotsOnWhiteSite
1715,13,20
timeStep,numberOfRobotsOnBlackSite,numberOfRobotsOnWhiteSite
1716,13,20
timeStep,numberOfRobotsOnBlackSite,numberOfRobotsOnWhiteSite
1717,13,20
timeStep,numberOfRobotsOnBlackSite,numberOfRobotsOnWhiteSite
1718,13,20
timeStep,numberOfRobotsOnBlackSite,numberOfRobotsOnWhiteSite
1719,13,20
timeStep,numberOfRobotsOnBlackSite,numberOfRobotsOnWhiteSite
1720,13,20
timeStep,numberOfRobotsOnBlackSite,numberOfRobotsOnWhiteSite
1721,13,20
timeStep,numberOfRobotsOnBlackSite,numberOfRobotsOnWhiteSite
1722,13,20
timeStep,numberOfRobotsOnBlackSite,numberOfRobotsOnWhiteSite
1723,13,20
timeStep,numberOfRobotsOnBlackSite,numberOfRobotsOnWhiteSite
1724,13,20
timeStep,numberOfRobotsOnBlackSite,numberOfRobotsOnWhiteSite
1725,14,20
timeStep,numberOfRobotsOnBlackSite,numberOfRobotsOnWhiteSite
1726,14,20
timeStep,numberOfRobotsOnBlackSite,numberOfRobotsOnWhiteSite
1727,14,20
timeStep,numberOfRobotsOnBlackSite,numberOfRobotsOnWhiteSite
1728,14,20
timeStep,numberOfRobotsOnBlackSite,numberOfRobotsOnWhiteSite
1729,14,20
timeStep,numberOfRobotsOnBlackSite,numberOfRobotsOnWhiteSite
1730,14,20
timeStep,numberOfRobotsOnBlackSite,numberOfRobotsOnWhiteSite
1731,14,20
timeStep,numberOfRobotsOnBlackSite,numberOfRobotsOnWhiteSite
1732,14,20
timeStep,numberOfRobotsOnBlackSite,numberOfRobotsOnWhiteSite
1733,14,20
timeStep,numberOfRobotsOnBlackSite,numberOfRobotsOnWhiteSite
1734,14,20
timeStep,numberOfRobotsOnBlackSite,numberOfRobotsOnWhiteSite
1735,14,20
timeStep,numberOfRobotsOnBlackSite,numberOfRobotsOnWhiteSite
1736,14,20
timeStep,numberOfRobotsOnBlackSite,numberOfRobotsOnWhiteSite
1737,14,20
timeStep,numberOfRobotsOnBlackSite,numberOfRobotsOnWhiteSite
1738,14,20
timeStep,numberOfRobotsOnBlackSite,numberOfRobotsOnWhiteSite
1739,14,20
timeStep,numberOfRobotsOnBlackSite,numberOfRobotsOnWhiteSite
1740,14,19
timeStep,numberOfRobotsOnBlackSite,numberOfRobotsOnWhiteSite
1741,14,19
timeStep,numberOfRobotsOnBlackSite,numberOfRobotsOnWhiteSite
1742,14,19
timeStep,numberOfRobotsOnBlackSite,numberOfRobotsOnWhiteSite
1743,14,19
timeStep,numberOfRobotsOnBlackSite,numberOfRobotsOnWhiteSite
1744,14,19
timeStep,numberOfRobotsOnBlackSite,numberOfRobotsOnWhiteSite
1745,14,19
timeStep,numberOfRobotsOnBlackSite,numberOfRobotsOnWhiteSite
1746,14,19
timeStep,numberOfRobotsOnBlackSite,numberOfRobotsOnWhiteSite
1747,14,19
timeStep,numberOfRobotsOnBlackSite,numberOfRobotsOnWhiteSite
1748,14,19
timeStep,numberOfRobotsOnBlackSite,numberOfRobotsOnWhiteSite
1749,14,19
timeStep,numberOfRobotsOnBlackSite,numberOfRobotsOnWhiteSite
1750,14,19
timeStep,numberOfRobotsOnBlackSite,numberOfRobotsOnWhiteSite
1751,14,19
timeStep,numberOfRobotsOnBlackSite,numberOfRobotsOnWhiteSite
1752,14,19
timeStep,numberOfRobotsOnBlackSite,numberOfRobotsOnWhiteSite
1753,14,19
timeStep,numberOfRobotsOnBlackSite,numberOfRobotsOnWhiteSite
1754,14,19
timeStep,numberOfRobotsOnBlackSite,numberOfRobotsOnWhiteSite
1755,14,19
timeStep,numberOfRobotsOnBlackSite,numberOfRobotsOnWhiteSite
1756,14,19
timeStep,numberOfRobotsOnBlackSite,numberOfRobotsOnWhiteSite
1757,14,19
timeStep,numberOfRobotsOnBlackSite,numberOfRobotsOnWhiteSite
1758,14,19
timeStep,numberOfRobotsOnBlackSite,numberOfRobotsOnWhiteSite
1759,14,19
timeStep,numberOfRobotsOnBlackSite,numberOfRobotsOnWhiteSite
1760,13,18
timeStep,numberOfRobotsOnBlackSite,numberOfRobotsOnWhiteSite
1761,13,18
timeStep,numberOfRobotsOnBlackSite,numberOfRobotsOnWhiteSite
1762,13,18
timeStep,numberOfRobotsOnBlackSite,numberOfRobotsOnWhiteSite
1763,13,18
timeStep,numberOfRobotsOnBlackSite,numberOfRobotsOnWhiteSite
1764,13,18
timeStep,numberOfRobotsOnBlackSite,numberOfRobotsOnWhiteSite
1765,14,18
timeStep,numberOfRobotsOnBlackSite,numberOfRobotsOnWhiteSite
1766,14,18
timeStep,numberOfRobotsOnBlackSite,numberOfRobotsOnWhiteSite
1767,14,18
timeStep,numberOfRobotsOnBlackSite,numberOfRobotsOnWhiteSite
1768,14,18
timeStep,numberOfRobotsOnBlackSite,numberOfRobotsOnWhiteSite
1769,14,18
timeStep,numberOfRobotsOnBlackSite,numberOfRobotsOnWhiteSite
1770,14,18
timeStep,numberOfRobotsOnBlackSite,numberOfRobotsOnWhiteSite
1771,14,18
timeStep,numberOfRobotsOnBlackSite,numberOfRobotsOnWhiteSite
1772,14,18
timeStep,numberOfRobotsOnBlackSite,numberOfRobotsOnWhiteSite
1773,14,18
timeStep,numberOfRobotsOnBlackSite,numberOfRobotsOnWhiteSite
1774,14,18
timeStep,numberOfRobotsOnBlackSite,numberOfRobotsOnWhiteSite
1775,14,18
timeStep,numberOfRobotsOnBlackSite,numberOfRobotsOnWhiteSite
1776,14,18
timeStep,numberOfRobotsOnBlackSite,numberOfRobotsOnWhiteSite
1777,14,18
timeStep,numberOfRobotsOnBlackSite,numberOfRobotsOnWhiteSite
1778,14,18
timeStep,numberOfRobotsOnBlackSite,numberOfRobotsOnWhiteSite
1779,14,18
timeStep,numberOfRobotsOnBlackSite,numberOfRobotsOnWhiteSite
1780,14,18
timeStep,numberOfRobotsOnBlackSite,numberOfRobotsOnWhiteSite
1781,14,18
timeStep,numberOfRobotsOnBlackSite,numberOfRobotsOnWhiteSite
1782,14,18
timeStep,numberOfRobotsOnBlackSite,numberOfRobotsOnWhiteSite
1783,14,18
timeStep,numberOfRobotsOnBlackSite,numberOfRobotsOnWhiteSite
1784,14,18
timeStep,numberOfRobotsOnBlackSite,numberOfRobotsOnWhiteSite
1785,14,18
timeStep,numberOfRobotsOnBlackSite,numberOfRobotsOnWhiteSite
1786,14,18
timeStep,numberOfRobotsOnBlackSite,numberOfRobotsOnWhiteSite
1787,14,18
timeStep,numberOfRobotsOnBlackSite,numberOfRobotsOnWhiteSite
1788,14,18
timeStep,numberOfRobotsOnBlackSite,numberOfRobotsOnWhiteSite
1789,14,18
timeStep,numberOfRobotsOnBlackSite,numberOfRobotsOnWhiteSite
1790,14,18
timeStep,numberOfRobotsOnBlackSite,numberOfRobotsOnWhiteSite
1791,14,18
timeStep,numberOfRobotsOnBlackSite,numberOfRobotsOnWhiteSite
1792,14,18
timeStep,numberOfRobotsOnBlackSite,numberOfRobotsOnWhiteSite
1793,14,18
timeStep,numberOfRobotsOnBlackSite,numberOfRobotsOnWhiteSite
1794,14,18
timeStep,numberOfRobotsOnBlackSite,numberOfRobotsOnWhiteSite
1795,13,19
timeStep,numberOfRobotsOnBlackSite,numberOfRobotsOnWhiteSite
1796,13,19
timeStep,numberOfRobotsOnBlackSite,numberOfRobotsOnWhiteSite
1797,13,19
timeStep,numberOfRobotsOnBlackSite,numberOfRobotsOnWhiteSite
1798,13,19
timeStep,numberOfRobotsOnBlackSite,numberOfRobotsOnWhiteSite
1799,13,19
timeStep,numberOfRobotsOnBlackSite,numberOfRobotsOnWhiteSite
1800,13,19
timeStep,numberOfRobotsOnBlackSite,numberOfRobotsOnWhiteSite
1801,13,19
timeStep,numberOfRobotsOnBlackSite,numberOfRobotsOnWhiteSite
1802,13,19
timeStep,numberOfRobotsOnBlackSite,numberOfRobotsOnWhiteSite
1803,13,19
timeStep,numberOfRobotsOnBlackSite,numberOfRobotsOnWhiteSite
1804,13,19
timeStep,numberOfRobotsOnBlackSite,numberOfRobotsOnWhiteSite
1805,13,19
timeStep,numberOfRobotsOnBlackSite,numberOfRobotsOnWhiteSite
1806,13,19
timeStep,numberOfRobotsOnBlackSite,numberOfRobotsOnWhiteSite
1807,13,19
timeStep,numberOfRobotsOnBlackSite,numberOfRobotsOnWhiteSite
1808,13,19
timeStep,numberOfRobotsOnBlackSite,numberOfRobotsOnWhiteSite
1809,13,19
timeStep,numberOfRobotsOnBlackSite,numberOfRobotsOnWhiteSite
1810,13,18
timeStep,numberOfRobotsOnBlackSite,numberOfRobotsOnWhiteSite
1811,13,18
timeStep,numberOfRobotsOnBlackSite,numberOfRobotsOnWhiteSite
1812,13,18
timeStep,numberOfRobotsOnBlackSite,numberOfRobotsOnWhiteSite
1813,13,18
timeStep,numberOfRobotsOnBlackSite,numberOfRobotsOnWhiteSite
1814,13,18
timeStep,numberOfRobotsOnBlackSite,numberOfRobotsOnWhiteSite
1815,14,19
timeStep,numberOfRobotsOnBlackSite,numberOfRobotsOnWhiteSite
1816,14,19
timeStep,numberOfRobotsOnBlackSite,numberOfRobotsOnWhiteSite
1817,14,19
timeStep,numberOfRobotsOnBlackSite,numberOfRobotsOnWhiteSite
1818,14,19
timeStep,numberOfRobotsOnBlackSite,numberOfRobotsOnWhiteSite
1819,14,19
timeStep,numberOfRobotsOnBlackSite,numberOfRobotsOnWhiteSite
1820,14,19
timeStep,numberOfRobotsOnBlackSite,numberOfRobotsOnWhiteSite
1821,14,19
timeStep,numberOfRobotsOnBlackSite,numberOfRobotsOnWhiteSite
1822,14,19
timeStep,numberOfRobotsOnBlackSite,numberOfRobotsOnWhiteSite
1823,14,19
timeStep,numberOfRobotsOnBlackSite,numberOfRobotsOnWhiteSite
1824,14,19
timeStep,numberOfRobotsOnBlackSite,numberOfRobotsOnWhiteSite
1825,14,19
timeStep,numberOfRobotsOnBlackSite,numberOfRobotsOnWhiteSite
1826,14,19
timeStep,numberOfRobotsOnBlackSite,numberOfRobotsOnWhiteSite
1827,14,19
timeStep,numberOfRobotsOnBlackSite,numberOfRobotsOnWhiteSite
1828,14,19
timeStep,numberOfRobotsOnBlackSite,numberOfRobotsOnWhiteSite
1829,14,19
timeStep,numberOfRobotsOnBlackSite,numberOfRobotsOnWhiteSite
1830,14,19
timeStep,numberOfRobotsOnBlackSite,numberOfRobotsOnWhiteSite
1831,14,19
timeStep,numberOfRobotsOnBlackSite,numberOfRobotsOnWhiteSite
1832,14,19
timeStep,numberOfRobotsOnBlackSite,numberOfRobotsOnWhiteSite
1833,14,19
timeStep,numberOfRobotsOnBlackSite,numberOfRobotsOnWhiteSite
1834,14,19
timeStep,numberOfRobotsOnBlackSite,numberOfRobotsOnWhiteSite
1835,14,19
timeStep,numberOfRobotsOnBlackSite,numberOfRobotsOnWhiteSite
1836,14,19
timeStep,numberOfRobotsOnBlackSite,numberOfRobotsOnWhiteSite
1837,14,19
timeStep,numberOfRobotsOnBlackSite,numberOfRobotsOnWhiteSite
1838,14,19
timeStep,numberOfRobotsOnBlackSite,numberOfRobotsOnWhiteSite
1839,14,19
timeStep,numberOfRobotsOnBlackSite,numberOfRobotsOnWhiteSite
1840,14,19
timeStep,numberOfRobotsOnBlackSite,numberOfRobotsOnWhiteSite
1841,14,19
timeStep,numberOfRobotsOnBlackSite,numberOfRobotsOnWhiteSite
1842,14,19
timeStep,numberOfRobotsOnBlackSite,numberOfRobotsOnWhiteSite
1843,14,19
timeStep,numberOfRobotsOnBlackSite,numberOfRobotsOnWhiteSite
1844,14,19
timeStep,numberOfRobotsOnBlackSite,numberOfRobotsOnWhiteSite
1845,15,20
timeStep,numberOfRobotsOnBlackSite,numberOfRobotsOnWhiteSite
1846,15,20
timeStep,numberOfRobotsOnBlackSite,numberOfRobotsOnWhiteSite
1847,15,20
timeStep,numberOfRobotsOnBlackSite,numberOfRobotsOnWhiteSite
1848,15,20
timeStep,numberOfRobotsOnBlackSite,numberOfRobotsOnWhiteSite
1849,15,20
timeStep,numberOfRobotsOnBlackSite,numberOfRobotsOnWhiteSite
1850,15,19
timeStep,numberOfRobotsOnBlackSite,numberOfRobotsOnWhiteSite
1851,15,19
timeStep,numberOfRobotsOnBlackSite,numberOfRobotsOnWhiteSite
1852,15,19
timeStep,numberOfRobotsOnBlackSite,numberOfRobotsOnWhiteSite
1853,15,19
timeStep,numberOfRobotsOnBlackSite,numberOfRobotsOnWhiteSite
1854,15,19
timeStep,numberOfRobotsOnBlackSite,numberOfRobotsOnWhiteSite
1855,15,19
timeStep,numberOfRobotsOnBlackSite,numberOfRobotsOnWhiteSite
1856,15,19
timeStep,numberOfRobotsOnBlackSite,numberOfRobotsOnWhiteSite
1857,15,19
timeStep,numberOfRobotsOnBlackSite,numberOfRobotsOnWhiteSite
1858,15,19
timeStep,numberOfRobotsOnBlackSite,numberOfRobotsOnWhiteSite
1859,15,19
timeStep,numberOfRobotsOnBlackSite,numberOfRobotsOnWhiteSite
1860,15,19
timeStep,numberOfRobotsOnBlackSite,numberOfRobotsOnWhiteSite
1861,15,19
timeStep,numberOfRobotsOnBlackSite,numberOfRobotsOnWhiteSite
1862,15,19
timeStep,numberOfRobotsOnBlackSite,numberOfRobotsOnWhiteSite
1863,15,19
timeStep,numberOfRobotsOnBlackSite,numberOfRobotsOnWhiteSite
1864,15,19
timeStep,numberOfRobotsOnBlackSite,numberOfRobotsOnWhiteSite
1865,15,19
timeStep,numberOfRobotsOnBlackSite,numberOfRobotsOnWhiteSite
1866,15,19
timeStep,numberOfRobotsOnBlackSite,numberOfRobotsOnWhiteSite
1867,15,19
timeStep,numberOfRobotsOnBlackSite,numberOfRobotsOnWhiteSite
1868,15,19
timeStep,numberOfRobotsOnBlackSite,numberOfRobotsOnWhiteSite
1869,15,19
timeStep,numberOfRobotsOnBlackSite,numberOfRobotsOnWhiteSite
1870,16,19
timeStep,numberOfRobotsOnBlackSite,numberOfRobotsOnWhiteSite
1871,16,19
timeStep,numberOfRobotsOnBlackSite,numberOfRobotsOnWhiteSite
1872,16,19
timeStep,numberOfRobotsOnBlackSite,numberOfRobotsOnWhiteSite
1873,16,19
timeStep,numberOfRobotsOnBlackSite,numberOfRobotsOnWhiteSite
1874,16,19
timeStep,numberOfRobotsOnBlackSite,numberOfRobotsOnWhiteSite
1875,16,19
timeStep,numberOfRobotsOnBlackSite,numberOfRobotsOnWhiteSite
1876,16,19
timeStep,numberOfRobotsOnBlackSite,numberOfRobotsOnWhiteSite
1877,16,19
timeStep,numberOfRobotsOnBlackSite,numberOfRobotsOnWhiteSite
1878,16,19
timeStep,numberOfRobotsOnBlackSite,numberOfRobotsOnWhiteSite
1879,16,19
timeStep,numberOfRobotsOnBlackSite,numberOfRobotsOnWhiteSite
1880,16,19
timeStep,numberOfRobotsOnBlackSite,numberOfRobotsOnWhiteSite
1881,16,19
timeStep,numberOfRobotsOnBlackSite,numberOfRobotsOnWhiteSite
1882,16,19
timeStep,numberOfRobotsOnBlackSite,numberOfRobotsOnWhiteSite
1883,16,19
timeStep,numberOfRobotsOnBlackSite,numberOfRobotsOnWhiteSite
1884,16,19
timeStep,numberOfRobotsOnBlackSite,numberOfRobotsOnWhiteSite
1885,16,19
timeStep,numberOfRobotsOnBlackSite,numberOfRobotsOnWhiteSite
1886,16,19
timeStep,numberOfRobotsOnBlackSite,numberOfRobotsOnWhiteSite
1887,16,19
timeStep,numberOfRobotsOnBlackSite,numberOfRobotsOnWhiteSite
1888,16,19
timeStep,numberOfRobotsOnBlackSite,numberOfRobotsOnWhiteSite
1889,16,19
timeStep,numberOfRobotsOnBlackSite,numberOfRobotsOnWhiteSite
1890,16,19
timeStep,numberOfRobotsOnBlackSite,numberOfRobotsOnWhiteSite
1891,16,19
timeStep,numberOfRobotsOnBlackSite,numberOfRobotsOnWhiteSite
1892,16,19
timeStep,numberOfRobotsOnBlackSite,numberOfRobotsOnWhiteSite
1893,16,19
timeStep,numberOfRobotsOnBlackSite,numberOfRobotsOnWhiteSite
1894,16,19
timeStep,numberOfRobotsOnBlackSite,numberOfRobotsOnWhiteSite
1895,16,19
timeStep,numberOfRobotsOnBlackSite,numberOfRobotsOnWhiteSite
1896,16,19
timeStep,numberOfRobotsOnBlackSite,numberOfRobotsOnWhiteSite
1897,16,19
timeStep,numberOfRobotsOnBlackSite,numberOfRobotsOnWhiteSite
1898,16,19
timeStep,numberOfRobotsOnBlackSite,numberOfRobotsOnWhiteSite
1899,16,19
timeStep,numberOfRobotsOnBlackSite,numberOfRobotsOnWhiteSite
1900,16,19
timeStep,numberOfRobotsOnBlackSite,numberOfRobotsOnWhiteSite
1901,16,19
timeStep,numberOfRobotsOnBlackSite,numberOfRobotsOnWhiteSite
1902,16,19
timeStep,numberOfRobotsOnBlackSite,numberOfRobotsOnWhiteSite
1903,16,19
timeStep,numberOfRobotsOnBlackSite,numberOfRobotsOnWhiteSite
1904,16,19
timeStep,numberOfRobotsOnBlackSite,numberOfRobotsOnWhiteSite
1905,16,19
timeStep,numberOfRobotsOnBlackSite,numberOfRobotsOnWhiteSite
1906,16,19
timeStep,numberOfRobotsOnBlackSite,numberOfRobotsOnWhiteSite
1907,16,19
timeStep,numberOfRobotsOnBlackSite,numberOfRobotsOnWhiteSite
1908,16,19
timeStep,numberOfRobotsOnBlackSite,numberOfRobotsOnWhiteSite
1909,16,19
timeStep,numberOfRobotsOnBlackSite,numberOfRobotsOnWhiteSite
1910,16,19
timeStep,numberOfRobotsOnBlackSite,numberOfRobotsOnWhiteSite
1911,16,19
timeStep,numberOfRobotsOnBlackSite,numberOfRobotsOnWhiteSite
1912,16,19
timeStep,numberOfRobotsOnBlackSite,numberOfRobotsOnWhiteSite
1913,16,19
timeStep,numberOfRobotsOnBlackSite,numberOfRobotsOnWhiteSite
1914,16,19
timeStep,numberOfRobotsOnBlackSite,numberOfRobotsOnWhiteSite
1915,16,19
timeStep,numberOfRobotsOnBlackSite,numberOfRobotsOnWhiteSite
1916,16,19
timeStep,numberOfRobotsOnBlackSite,numberOfRobotsOnWhiteSite
1917,16,19
timeStep,numberOfRobotsOnBlackSite,numberOfRobotsOnWhiteSite
1918,16,19
timeStep,numberOfRobotsOnBlackSite,numberOfRobotsOnWhiteSite
1919,16,19
timeStep,numberOfRobotsOnBlackSite,numberOfRobotsOnWhiteSite
1920,16,19
timeStep,numberOfRobotsOnBlackSite,numberOfRobotsOnWhiteSite
1921,16,19
timeStep,numberOfRobotsOnBlackSite,numberOfRobotsOnWhiteSite
1922,16,19
timeStep,numberOfRobotsOnBlackSite,numberOfRobotsOnWhiteSite
1923,16,19
timeStep,numberOfRobotsOnBlackSite,numberOfRobotsOnWhiteSite
1924,16,19
timeStep,numberOfRobotsOnBlackSite,numberOfRobotsOnWhiteSite
1925,16,19
timeStep,numberOfRobotsOnBlackSite,numberOfRobotsOnWhiteSite
1926,16,19
timeStep,numberOfRobotsOnBlackSite,numberOfRobotsOnWhiteSite
1927,16,19
timeStep,numberOfRobotsOnBlackSite,numberOfRobotsOnWhiteSite
1928,16,19
timeStep,numberOfRobotsOnBlackSite,numberOfRobotsOnWhiteSite
1929,16,19
timeStep,numberOfRobotsOnBlackSite,numberOfRobotsOnWhiteSite
1930,15,19
timeStep,numberOfRobotsOnBlackSite,numberOfRobotsOnWhiteSite
1931,15,19
timeStep,numberOfRobotsOnBlackSite,numberOfRobotsOnWhiteSite
1932,15,19
timeStep,numberOfRobotsOnBlackSite,numberOfRobotsOnWhiteSite
1933,15,19
timeStep,numberOfRobotsOnBlackSite,numberOfRobotsOnWhiteSite
1934,15,19
timeStep,numberOfRobotsOnBlackSite,numberOfRobotsOnWhiteSite
1935,15,19
timeStep,numberOfRobotsOnBlackSite,numberOfRobotsOnWhiteSite
1936,15,19
timeStep,numberOfRobotsOnBlackSite,numberOfRobotsOnWhiteSite
1937,15,19
timeStep,numberOfRobotsOnBlackSite,numberOfRobotsOnWhiteSite
1938,15,19
timeStep,numberOfRobotsOnBlackSite,numberOfRobotsOnWhiteSite
1939,15,19
timeStep,numberOfRobotsOnBlackSite,numberOfRobotsOnWhiteSite
1940,15,19
timeStep,numberOfRobotsOnBlackSite,numberOfRobotsOnWhiteSite
1941,15,19
timeStep,numberOfRobotsOnBlackSite,numberOfRobotsOnWhiteSite
1942,15,19
timeStep,numberOfRobotsOnBlackSite,numberOfRobotsOnWhiteSite
1943,15,19
timeStep,numberOfRobotsOnBlackSite,numberOfRobotsOnWhiteSite
1944,15,19
timeStep,numberOfRobotsOnBlackSite,numberOfRobotsOnWhiteSite
1945,15,19
timeStep,numberOfRobotsOnBlackSite,numberOfRobotsOnWhiteSite
1946,15,19
timeStep,numberOfRobotsOnBlackSite,numberOfRobotsOnWhiteSite
1947,15,19
timeStep,numberOfRobotsOnBlackSite,numberOfRobotsOnWhiteSite
1948,15,19
timeStep,numberOfRobotsOnBlackSite,numberOfRobotsOnWhiteSite
1949,15,19
timeStep,numberOfRobotsOnBlackSite,numberOfRobotsOnWhiteSite
1950,15,19
timeStep,numberOfRobotsOnBlackSite,numberOfRobotsOnWhiteSite
1951,15,19
timeStep,numberOfRobotsOnBlackSite,numberOfRobotsOnWhiteSite
1952,15,19
timeStep,numberOfRobotsOnBlackSite,numberOfRobotsOnWhiteSite
1953,15,19
timeStep,numberOfRobotsOnBlackSite,numberOfRobotsOnWhiteSite
1954,15,19
timeStep,numberOfRobotsOnBlackSite,numberOfRobotsOnWhiteSite
1955,15,18
timeStep,numberOfRobotsOnBlackSite,numberOfRobotsOnWhiteSite
1956,15,18
timeStep,numberOfRobotsOnBlackSite,numberOfRobotsOnWhiteSite
1957,15,18
timeStep,numberOfRobotsOnBlackSite,numberOfRobotsOnWhiteSite
1958,15,18
timeStep,numberOfRobotsOnBlackSite,numberOfRobotsOnWhiteSite
1959,15,18
timeStep,numberOfRobotsOnBlackSite,numberOfRobotsOnWhiteSite
1960,15,18
timeStep,numberOfRobotsOnBlackSite,numberOfRobotsOnWhiteSite
1961,15,18
timeStep,numberOfRobotsOnBlackSite,numberOfRobotsOnWhiteSite
1962,15,18
timeStep,numberOfRobotsOnBlackSite,numberOfRobotsOnWhiteSite
1963,15,18
timeStep,numberOfRobotsOnBlackSite,numberOfRobotsOnWhiteSite
1964,15,18
timeStep,numberOfRobotsOnBlackSite,numberOfRobotsOnWhiteSite
1965,14,18
timeStep,numberOfRobotsOnBlackSite,numberOfRobotsOnWhiteSite
1966,14,18
timeStep,numberOfRobotsOnBlackSite,numberOfRobotsOnWhiteSite
1967,14,18
timeStep,numberOfRobotsOnBlackSite,numberOfRobotsOnWhiteSite
1968,14,18
timeStep,numberOfRobotsOnBlackSite,numberOfRobotsOnWhiteSite
1969,14,18
timeStep,numberOfRobotsOnBlackSite,numberOfRobotsOnWhiteSite
1970,14,18
timeStep,numberOfRobotsOnBlackSite,numberOfRobotsOnWhiteSite
1971,14,18
timeStep,numberOfRobotsOnBlackSite,numberOfRobotsOnWhiteSite
1972,14,18
timeStep,numberOfRobotsOnBlackSite,numberOfRobotsOnWhiteSite
1973,14,18
timeStep,numberOfRobotsOnBlackSite,numberOfRobotsOnWhiteSite
1974,14,18
timeStep,numberOfRobotsOnBlackSite,numberOfRobotsOnWhiteSite
1975,15,19
timeStep,numberOfRobotsOnBlackSite,numberOfRobotsOnWhiteSite
1976,15,19
timeStep,numberOfRobotsOnBlackSite,numberOfRobotsOnWhiteSite
1977,15,19
timeStep,numberOfRobotsOnBlackSite,numberOfRobotsOnWhiteSite
1978,15,19
timeStep,numberOfRobotsOnBlackSite,numberOfRobotsOnWhiteSite
1979,15,19
timeStep,numberOfRobotsOnBlackSite,numberOfRobotsOnWhiteSite
1980,15,19
timeStep,numberOfRobotsOnBlackSite,numberOfRobotsOnWhiteSite
1981,15,19
timeStep,numberOfRobotsOnBlackSite,numberOfRobotsOnWhiteSite
1982,15,19
timeStep,numberOfRobotsOnBlackSite,numberOfRobotsOnWhiteSite
1983,15,19
timeStep,numberOfRobotsOnBlackSite,numberOfRobotsOnWhiteSite
1984,15,19
timeStep,numberOfRobotsOnBlackSite,numberOfRobotsOnWhiteSite
1985,15,19
timeStep,numberOfRobotsOnBlackSite,numberOfRobotsOnWhiteSite
1986,15,19
timeStep,numberOfRobotsOnBlackSite,numberOfRobotsOnWhiteSite
1987,15,19
timeStep,numberOfRobotsOnBlackSite,numberOfRobotsOnWhiteSite
1988,15,19
timeStep,numberOfRobotsOnBlackSite,numberOfRobotsOnWhiteSite
1989,15,19
timeStep,numberOfRobotsOnBlackSite,numberOfRobotsOnWhiteSite
1990,15,19
timeStep,numberOfRobotsOnBlackSite,numberOfRobotsOnWhiteSite
1991,15,19
timeStep,numberOfRobotsOnBlackSite,numberOfRobotsOnWhiteSite
1992,15,19
timeStep,numberOfRobotsOnBlackSite,numberOfRobotsOnWhiteSite
1993,15,19
timeStep,numberOfRobotsOnBlackSite,numberOfRobotsOnWhiteSite
1994,15,19
timeStep,numberOfRobotsOnBlackSite,numberOfRobotsOnWhiteSite
1995,15,19
timeStep,numberOfRobotsOnBlackSite,numberOfRobotsOnWhiteSite
1996,15,19
timeStep,numberOfRobotsOnBlackSite,numberOfRobotsOnWhiteSite
1997,15,19
timeStep,numberOfRobotsOnBlackSite,numberOfRobotsOnWhiteSite
1998,15,19
timeStep,numberOfRobotsOnBlackSite,numberOfRobotsOnWhiteSite
1999,15,19
timeStep,numberOfRobotsOnBlackSite,numberOfRobotsOnWhiteSite
2000,15,19
timeStep,numberOfRobotsOnBlackSite,numberOfRobotsOnWhiteSite
2001,15,19
timeStep,numberOfRobotsOnBlackSite,numberOfRobotsOnWhiteSite
2002,15,19
timeStep,numberOfRobotsOnBlackSite,numberOfRobotsOnWhiteSite
2003,15,19
timeStep,numberOfRobotsOnBlackSite,numberOfRobotsOnWhiteSite
2004,15,19
timeStep,numberOfRobotsOnBlackSite,numberOfRobotsOnWhiteSite
2005,15,19
timeStep,numberOfRobotsOnBlackSite,numberOfRobotsOnWhiteSite
2006,15,19
timeStep,numberOfRobotsOnBlackSite,numberOfRobotsOnWhiteSite
2007,15,19
timeStep,numberOfRobotsOnBlackSite,numberOfRobotsOnWhiteSite
2008,15,19
timeStep,numberOfRobotsOnBlackSite,numberOfRobotsOnWhiteSite
2009,15,19
timeStep,numberOfRobotsOnBlackSite,numberOfRobotsOnWhiteSite
2010,14,19
timeStep,numberOfRobotsOnBlackSite,numberOfRobotsOnWhiteSite
2011,14,19
timeStep,numberOfRobotsOnBlackSite,numberOfRobotsOnWhiteSite
2012,14,19
timeStep,numberOfRobotsOnBlackSite,numberOfRobotsOnWhiteSite
2013,14,19
timeStep,numberOfRobotsOnBlackSite,numberOfRobotsOnWhiteSite
2014,14,19
timeStep,numberOfRobotsOnBlackSite,numberOfRobotsOnWhiteSite
2015,14,19
timeStep,numberOfRobotsOnBlackSite,numberOfRobotsOnWhiteSite
2016,14,19
timeStep,numberOfRobotsOnBlackSite,numberOfRobotsOnWhiteSite
2017,14,19
timeStep,numberOfRobotsOnBlackSite,numberOfRobotsOnWhiteSite
2018,14,19
timeStep,numberOfRobotsOnBlackSite,numberOfRobotsOnWhiteSite
2019,14,19
timeStep,numberOfRobotsOnBlackSite,numberOfRobotsOnWhiteSite
2020,15,19
timeStep,numberOfRobotsOnBlackSite,numberOfRobotsOnWhiteSite
2021,15,19
timeStep,numberOfRobotsOnBlackSite,numberOfRobotsOnWhiteSite
2022,15,19
timeStep,numberOfRobotsOnBlackSite,numberOfRobotsOnWhiteSite
2023,15,19
timeStep,numberOfRobotsOnBlackSite,numberOfRobotsOnWhiteSite
2024,15,19
timeStep,numberOfRobotsOnBlackSite,numberOfRobotsOnWhiteSite
2025,15,19
timeStep,numberOfRobotsOnBlackSite,numberOfRobotsOnWhiteSite
2026,15,19
timeStep,numberOfRobotsOnBlackSite,numberOfRobotsOnWhiteSite
2027,15,19
timeStep,numberOfRobotsOnBlackSite,numberOfRobotsOnWhiteSite
2028,15,19
timeStep,numberOfRobotsOnBlackSite,numberOfRobotsOnWhiteSite
2029,15,19
timeStep,numberOfRobotsOnBlackSite,numberOfRobotsOnWhiteSite
2030,15,19
timeStep,numberOfRobotsOnBlackSite,numberOfRobotsOnWhiteSite
2031,15,19
timeStep,numberOfRobotsOnBlackSite,numberOfRobotsOnWhiteSite
2032,15,19
timeStep,numberOfRobotsOnBlackSite,numberOfRobotsOnWhiteSite
2033,15,19
timeStep,numberOfRobotsOnBlackSite,numberOfRobotsOnWhiteSite
2034,15,19
timeStep,numberOfRobotsOnBlackSite,numberOfRobotsOnWhiteSite
2035,15,19
timeStep,numberOfRobotsOnBlackSite,numberOfRobotsOnWhiteSite
2036,15,19
timeStep,numberOfRobotsOnBlackSite,numberOfRobotsOnWhiteSite
2037,15,19
timeStep,numberOfRobotsOnBlackSite,numberOfRobotsOnWhiteSite
2038,15,19
timeStep,numberOfRobotsOnBlackSite,numberOfRobotsOnWhiteSite
2039,15,19
timeStep,numberOfRobotsOnBlackSite,numberOfRobotsOnWhiteSite
2040,15,19
timeStep,numberOfRobotsOnBlackSite,numberOfRobotsOnWhiteSite
2041,15,19
timeStep,numberOfRobotsOnBlackSite,numberOfRobotsOnWhiteSite
2042,15,19
timeStep,numberOfRobotsOnBlackSite,numberOfRobotsOnWhiteSite
2043,15,19
timeStep,numberOfRobotsOnBlackSite,numberOfRobotsOnWhiteSite
2044,15,19
timeStep,numberOfRobotsOnBlackSite,numberOfRobotsOnWhiteSite
2045,15,19
timeStep,numberOfRobotsOnBlackSite,numberOfRobotsOnWhiteSite
2046,15,19
timeStep,numberOfRobotsOnBlackSite,numberOfRobotsOnWhiteSite
2047,15,19
timeStep,numberOfRobotsOnBlackSite,numberOfRobotsOnWhiteSite
2048,15,19
timeStep,numberOfRobotsOnBlackSite,numberOfRobotsOnWhiteSite
2049,15,19
timeStep,numberOfRobotsOnBlackSite,numberOfRobotsOnWhiteSite
2050,15,19
timeStep,numberOfRobotsOnBlackSite,numberOfRobotsOnWhiteSite
2051,15,19
timeStep,numberOfRobotsOnBlackSite,numberOfRobotsOnWhiteSite
2052,15,19
timeStep,numberOfRobotsOnBlackSite,numberOfRobotsOnWhiteSite
2053,15,19
timeStep,numberOfRobotsOnBlackSite,numberOfRobotsOnWhiteSite
2054,15,19
timeStep,numberOfRobotsOnBlackSite,numberOfRobotsOnWhiteSite
2055,15,20
timeStep,numberOfRobotsOnBlackSite,numberOfRobotsOnWhiteSite
2056,15,20
timeStep,numberOfRobotsOnBlackSite,numberOfRobotsOnWhiteSite
2057,15,20
timeStep,numberOfRobotsOnBlackSite,numberOfRobotsOnWhiteSite
2058,15,20
timeStep,numberOfRobotsOnBlackSite,numberOfRobotsOnWhiteSite
2059,15,20
timeStep,numberOfRobotsOnBlackSite,numberOfRobotsOnWhiteSite
2060,15,20
timeStep,numberOfRobotsOnBlackSite,numberOfRobotsOnWhiteSite
2061,15,20
timeStep,numberOfRobotsOnBlackSite,numberOfRobotsOnWhiteSite
2062,15,20
timeStep,numberOfRobotsOnBlackSite,numberOfRobotsOnWhiteSite
2063,15,20
timeStep,numberOfRobotsOnBlackSite,numberOfRobotsOnWhiteSite
2064,15,20
timeStep,numberOfRobotsOnBlackSite,numberOfRobotsOnWhiteSite
2065,15,19
timeStep,numberOfRobotsOnBlackSite,numberOfRobotsOnWhiteSite
2066,15,19
timeStep,numberOfRobotsOnBlackSite,numberOfRobotsOnWhiteSite
2067,15,19
timeStep,numberOfRobotsOnBlackSite,numberOfRobotsOnWhiteSite
2068,15,19
timeStep,numberOfRobotsOnBlackSite,numberOfRobotsOnWhiteSite
2069,15,19
timeStep,numberOfRobotsOnBlackSite,numberOfRobotsOnWhiteSite
2070,15,19
timeStep,numberOfRobotsOnBlackSite,numberOfRobotsOnWhiteSite
2071,15,19
timeStep,numberOfRobotsOnBlackSite,numberOfRobotsOnWhiteSite
2072,15,19
timeStep,numberOfRobotsOnBlackSite,numberOfRobotsOnWhiteSite
2073,15,19
timeStep,numberOfRobotsOnBlackSite,numberOfRobotsOnWhiteSite
2074,15,19
timeStep,numberOfRobotsOnBlackSite,numberOfRobotsOnWhiteSite
2075,15,19
timeStep,numberOfRobotsOnBlackSite,numberOfRobotsOnWhiteSite
2076,15,19
timeStep,numberOfRobotsOnBlackSite,numberOfRobotsOnWhiteSite
2077,15,19
timeStep,numberOfRobotsOnBlackSite,numberOfRobotsOnWhiteSite
2078,15,19
timeStep,numberOfRobotsOnBlackSite,numberOfRobotsOnWhiteSite
2079,15,19
timeStep,numberOfRobotsOnBlackSite,numberOfRobotsOnWhiteSite
2080,15,19
timeStep,numberOfRobotsOnBlackSite,numberOfRobotsOnWhiteSite
2081,15,19
timeStep,numberOfRobotsOnBlackSite,numberOfRobotsOnWhiteSite
2082,15,19
timeStep,numberOfRobotsOnBlackSite,numberOfRobotsOnWhiteSite
2083,15,19
timeStep,numberOfRobotsOnBlackSite,numberOfRobotsOnWhiteSite
2084,15,19
timeStep,numberOfRobotsOnBlackSite,numberOfRobotsOnWhiteSite
2085,15,19
timeStep,numberOfRobotsOnBlackSite,numberOfRobotsOnWhiteSite
2086,15,19
timeStep,numberOfRobotsOnBlackSite,numberOfRobotsOnWhiteSite
2087,15,19
timeStep,numberOfRobotsOnBlackSite,numberOfRobotsOnWhiteSite
2088,15,19
timeStep,numberOfRobotsOnBlackSite,numberOfRobotsOnWhiteSite
2089,15,19
timeStep,numberOfRobotsOnBlackSite,numberOfRobotsOnWhiteSite
2090,15,20
timeStep,numberOfRobotsOnBlackSite,numberOfRobotsOnWhiteSite
2091,15,20
timeStep,numberOfRobotsOnBlackSite,numberOfRobotsOnWhiteSite
2092,15,20
timeStep,numberOfRobotsOnBlackSite,numberOfRobotsOnWhiteSite
2093,15,20
timeStep,numberOfRobotsOnBlackSite,numberOfRobotsOnWhiteSite
2094,15,20
timeStep,numberOfRobotsOnBlackSite,numberOfRobotsOnWhiteSite
2095,15,20
timeStep,numberOfRobotsOnBlackSite,numberOfRobotsOnWhiteSite
2096,15,20
timeStep,numberOfRobotsOnBlackSite,numberOfRobotsOnWhiteSite
2097,15,20
timeStep,numberOfRobotsOnBlackSite,numberOfRobotsOnWhiteSite
2098,15,20
timeStep,numberOfRobotsOnBlackSite,numberOfRobotsOnWhiteSite
2099,15,20
timeStep,numberOfRobotsOnBlackSite,numberOfRobotsOnWhiteSite
2100,15,20
timeStep,numberOfRobotsOnBlackSite,numberOfRobotsOnWhiteSite
2101,15,20
timeStep,numberOfRobotsOnBlackSite,numberOfRobotsOnWhiteSite
2102,15,20
timeStep,numberOfRobotsOnBlackSite,numberOfRobotsOnWhiteSite
2103,15,20
timeStep,numberOfRobotsOnBlackSite,numberOfRobotsOnWhiteSite
2104,15,20
timeStep,numberOfRobotsOnBlackSite,numberOfRobotsOnWhiteSite
2105,15,20
timeStep,numberOfRobotsOnBlackSite,numberOfRobotsOnWhiteSite
2106,15,20
timeStep,numberOfRobotsOnBlackSite,numberOfRobotsOnWhiteSite
2107,15,20
timeStep,numberOfRobotsOnBlackSite,numberOfRobotsOnWhiteSite
2108,15,20
timeStep,numberOfRobotsOnBlackSite,numberOfRobotsOnWhiteSite
2109,15,20
timeStep,numberOfRobotsOnBlackSite,numberOfRobotsOnWhiteSite
2110,15,20
timeStep,numberOfRobotsOnBlackSite,numberOfRobotsOnWhiteSite
2111,15,20
timeStep,numberOfRobotsOnBlackSite,numberOfRobotsOnWhiteSite
2112,15,20
timeStep,numberOfRobotsOnBlackSite,numberOfRobotsOnWhiteSite
2113,15,20
timeStep,numberOfRobotsOnBlackSite,numberOfRobotsOnWhiteSite
2114,15,20
timeStep,numberOfRobotsOnBlackSite,numberOfRobotsOnWhiteSite
2115,15,21
timeStep,numberOfRobotsOnBlackSite,numberOfRobotsOnWhiteSite
2116,15,21
timeStep,numberOfRobotsOnBlackSite,numberOfRobotsOnWhiteSite
2117,15,21
timeStep,numberOfRobotsOnBlackSite,numberOfRobotsOnWhiteSite
2118,15,21
timeStep,numberOfRobotsOnBlackSite,numberOfRobotsOnWhiteSite
2119,15,21
timeStep,numberOfRobotsOnBlackSite,numberOfRobotsOnWhiteSite
2120,15,22
timeStep,numberOfRobotsOnBlackSite,numberOfRobotsOnWhiteSite
2121,15,22
timeStep,numberOfRobotsOnBlackSite,numberOfRobotsOnWhiteSite
2122,15,22
timeStep,numberOfRobotsOnBlackSite,numberOfRobotsOnWhiteSite
2123,15,22
timeStep,numberOfRobotsOnBlackSite,numberOfRobotsOnWhiteSite
2124,15,22
timeStep,numberOfRobotsOnBlackSite,numberOfRobotsOnWhiteSite
2125,15,22
timeStep,numberOfRobotsOnBlackSite,numberOfRobotsOnWhiteSite
2126,15,22
timeStep,numberOfRobotsOnBlackSite,numberOfRobotsOnWhiteSite
2127,15,22
timeStep,numberOfRobotsOnBlackSite,numberOfRobotsOnWhiteSite
2128,15,22
timeStep,numberOfRobotsOnBlackSite,numberOfRobotsOnWhiteSite
2129,15,22
timeStep,numberOfRobotsOnBlackSite,numberOfRobotsOnWhiteSite
2130,15,22
timeStep,numberOfRobotsOnBlackSite,numberOfRobotsOnWhiteSite
2131,15,22
timeStep,numberOfRobotsOnBlackSite,numberOfRobotsOnWhiteSite
2132,15,22
timeStep,numberOfRobotsOnBlackSite,numberOfRobotsOnWhiteSite
2133,15,22
timeStep,numberOfRobotsOnBlackSite,numberOfRobotsOnWhiteSite
2134,15,22
timeStep,numberOfRobotsOnBlackSite,numberOfRobotsOnWhiteSite
2135,15,22
timeStep,numberOfRobotsOnBlackSite,numberOfRobotsOnWhiteSite
2136,15,22
timeStep,numberOfRobotsOnBlackSite,numberOfRobotsOnWhiteSite
2137,15,22
timeStep,numberOfRobotsOnBlackSite,numberOfRobotsOnWhiteSite
2138,15,22
timeStep,numberOfRobotsOnBlackSite,numberOfRobotsOnWhiteSite
2139,15,22
timeStep,numberOfRobotsOnBlackSite,numberOfRobotsOnWhiteSite
2140,15,22
timeStep,numberOfRobotsOnBlackSite,numberOfRobotsOnWhiteSite
2141,15,22
timeStep,numberOfRobotsOnBlackSite,numberOfRobotsOnWhiteSite
2142,15,22
timeStep,numberOfRobotsOnBlackSite,numberOfRobotsOnWhiteSite
2143,15,22
timeStep,numberOfRobotsOnBlackSite,numberOfRobotsOnWhiteSite
2144,15,22
timeStep,numberOfRobotsOnBlackSite,numberOfRobotsOnWhiteSite
2145,15,21
timeStep,numberOfRobotsOnBlackSite,numberOfRobotsOnWhiteSite
2146,15,21
timeStep,numberOfRobotsOnBlackSite,numberOfRobotsOnWhiteSite
2147,15,21
timeStep,numberOfRobotsOnBlackSite,numberOfRobotsOnWhiteSite
2148,15,21
timeStep,numberOfRobotsOnBlackSite,numberOfRobotsOnWhiteSite
2149,15,21
timeStep,numberOfRobotsOnBlackSite,numberOfRobotsOnWhiteSite
2150,15,21
timeStep,numberOfRobotsOnBlackSite,numberOfRobotsOnWhiteSite
2151,15,21
timeStep,numberOfRobotsOnBlackSite,numberOfRobotsOnWhiteSite
2152,15,21
timeStep,numberOfRobotsOnBlackSite,numberOfRobotsOnWhiteSite
2153,15,21
timeStep,numberOfRobotsOnBlackSite,numberOfRobotsOnWhiteSite
2154,15,21
timeStep,numberOfRobotsOnBlackSite,numberOfRobotsOnWhiteSite
2155,15,21
timeStep,numberOfRobotsOnBlackSite,numberOfRobotsOnWhiteSite
2156,15,21
timeStep,numberOfRobotsOnBlackSite,numberOfRobotsOnWhiteSite
2157,15,21
timeStep,numberOfRobotsOnBlackSite,numberOfRobotsOnWhiteSite
2158,15,21
timeStep,numberOfRobotsOnBlackSite,numberOfRobotsOnWhiteSite
2159,15,21
timeStep,numberOfRobotsOnBlackSite,numberOfRobotsOnWhiteSite
2160,15,21
timeStep,numberOfRobotsOnBlackSite,numberOfRobotsOnWhiteSite
2161,15,21
timeStep,numberOfRobotsOnBlackSite,numberOfRobotsOnWhiteSite
2162,15,21
timeStep,numberOfRobotsOnBlackSite,numberOfRobotsOnWhiteSite
2163,15,21
timeStep,numberOfRobotsOnBlackSite,numberOfRobotsOnWhiteSite
2164,15,21
timeStep,numberOfRobotsOnBlackSite,numberOfRobotsOnWhiteSite
2165,15,21
timeStep,numberOfRobotsOnBlackSite,numberOfRobotsOnWhiteSite
2166,15,21
timeStep,numberOfRobotsOnBlackSite,numberOfRobotsOnWhiteSite
2167,15,21
timeStep,numberOfRobotsOnBlackSite,numberOfRobotsOnWhiteSite
2168,15,21
timeStep,numberOfRobotsOnBlackSite,numberOfRobotsOnWhiteSite
2169,15,21
timeStep,numberOfRobotsOnBlackSite,numberOfRobotsOnWhiteSite
2170,14,21
timeStep,numberOfRobotsOnBlackSite,numberOfRobotsOnWhiteSite
2171,14,21
timeStep,numberOfRobotsOnBlackSite,numberOfRobotsOnWhiteSite
2172,14,21
timeStep,numberOfRobotsOnBlackSite,numberOfRobotsOnWhiteSite
2173,14,21
timeStep,numberOfRobotsOnBlackSite,numberOfRobotsOnWhiteSite
2174,14,21
timeStep,numberOfRobotsOnBlackSite,numberOfRobotsOnWhiteSite
2175,14,21
timeStep,numberOfRobotsOnBlackSite,numberOfRobotsOnWhiteSite
2176,14,21
timeStep,numberOfRobotsOnBlackSite,numberOfRobotsOnWhiteSite
2177,14,21
timeStep,numberOfRobotsOnBlackSite,numberOfRobotsOnWhiteSite
2178,14,21
timeStep,numberOfRobotsOnBlackSite,numberOfRobotsOnWhiteSite
2179,14,21
timeStep,numberOfRobotsOnBlackSite,numberOfRobotsOnWhiteSite
2180,14,21
timeStep,numberOfRobotsOnBlackSite,numberOfRobotsOnWhiteSite
2181,14,21
timeStep,numberOfRobotsOnBlackSite,numberOfRobotsOnWhiteSite
2182,14,21
timeStep,numberOfRobotsOnBlackSite,numberOfRobotsOnWhiteSite
2183,14,21
timeStep,numberOfRobotsOnBlackSite,numberOfRobotsOnWhiteSite
2184,14,21
timeStep,numberOfRobotsOnBlackSite,numberOfRobotsOnWhiteSite
2185,14,21
timeStep,numberOfRobotsOnBlackSite,numberOfRobotsOnWhiteSite
2186,14,21
timeStep,numberOfRobotsOnBlackSite,numberOfRobotsOnWhiteSite
2187,14,21
timeStep,numberOfRobotsOnBlackSite,numberOfRobotsOnWhiteSite
2188,14,21
timeStep,numberOfRobotsOnBlackSite,numberOfRobotsOnWhiteSite
2189,14,21
timeStep,numberOfRobotsOnBlackSite,numberOfRobotsOnWhiteSite
2190,15,21
timeStep,numberOfRobotsOnBlackSite,numberOfRobotsOnWhiteSite
2191,15,21
timeStep,numberOfRobotsOnBlackSite,numberOfRobotsOnWhiteSite
2192,15,21
timeStep,numberOfRobotsOnBlackSite,numberOfRobotsOnWhiteSite
2193,15,21
timeStep,numberOfRobotsOnBlackSite,numberOfRobotsOnWhiteSite
2194,15,21
timeStep,numberOfRobotsOnBlackSite,numberOfRobotsOnWhiteSite
2195,15,21
timeStep,numberOfRobotsOnBlackSite,numberOfRobotsOnWhiteSite
2196,15,21
timeStep,numberOfRobotsOnBlackSite,numberOfRobotsOnWhiteSite
2197,15,21
timeStep,numberOfRobotsOnBlackSite,numberOfRobotsOnWhiteSite
2198,15,21
timeStep,numberOfRobotsOnBlackSite,numberOfRobotsOnWhiteSite
2199,15,21
timeStep,numberOfRobotsOnBlackSite,numberOfRobotsOnWhiteSite
2200,15,21
timeStep,numberOfRobotsOnBlackSite,numberOfRobotsOnWhiteSite
2201,15,21
timeStep,numberOfRobotsOnBlackSite,numberOfRobotsOnWhiteSite
2202,15,21
timeStep,numberOfRobotsOnBlackSite,numberOfRobotsOnWhiteSite
2203,15,21
timeStep,numberOfRobotsOnBlackSite,numberOfRobotsOnWhiteSite
2204,15,21
timeStep,numberOfRobotsOnBlackSite,numberOfRobotsOnWhiteSite
2205,15,21
timeStep,numberOfRobotsOnBlackSite,numberOfRobotsOnWhiteSite
2206,15,21
timeStep,numberOfRobotsOnBlackSite,numberOfRobotsOnWhiteSite
2207,15,21
timeStep,numberOfRobotsOnBlackSite,numberOfRobotsOnWhiteSite
2208,15,21
timeStep,numberOfRobotsOnBlackSite,numberOfRobotsOnWhiteSite
2209,15,21
timeStep,numberOfRobotsOnBlackSite,numberOfRobotsOnWhiteSite
2210,15,21
timeStep,numberOfRobotsOnBlackSite,numberOfRobotsOnWhiteSite
2211,15,21
timeStep,numberOfRobotsOnBlackSite,numberOfRobotsOnWhiteSite
2212,15,21
timeStep,numberOfRobotsOnBlackSite,numberOfRobotsOnWhiteSite
2213,15,21
timeStep,numberOfRobotsOnBlackSite,numberOfRobotsOnWhiteSite
2214,15,21
timeStep,numberOfRobotsOnBlackSite,numberOfRobotsOnWhiteSite
2215,15,20
timeStep,numberOfRobotsOnBlackSite,numberOfRobotsOnWhiteSite
2216,15,20
timeStep,numberOfRobotsOnBlackSite,numberOfRobotsOnWhiteSite
2217,15,20
timeStep,numberOfRobotsOnBlackSite,numberOfRobotsOnWhiteSite
2218,15,20
timeStep,numberOfRobotsOnBlackSite,numberOfRobotsOnWhiteSite
2219,15,20
timeStep,numberOfRobotsOnBlackSite,numberOfRobotsOnWhiteSite
2220,15,19
timeStep,numberOfRobotsOnBlackSite,numberOfRobotsOnWhiteSite
2221,15,19
timeStep,numberOfRobotsOnBlackSite,numberOfRobotsOnWhiteSite
2222,15,19
timeStep,numberOfRobotsOnBlackSite,numberOfRobotsOnWhiteSite
2223,15,19
timeStep,numberOfRobotsOnBlackSite,numberOfRobotsOnWhiteSite
2224,15,19
timeStep,numberOfRobotsOnBlackSite,numberOfRobotsOnWhiteSite
2225,16,19
timeStep,numberOfRobotsOnBlackSite,numberOfRobotsOnWhiteSite
2226,16,19
timeStep,numberOfRobotsOnBlackSite,numberOfRobotsOnWhiteSite
2227,16,19
timeStep,numberOfRobotsOnBlackSite,numberOfRobotsOnWhiteSite
2228,16,19
timeStep,numberOfRobotsOnBlackSite,numberOfRobotsOnWhiteSite
2229,16,19
timeStep,numberOfRobotsOnBlackSite,numberOfRobotsOnWhiteSite
2230,16,19
timeStep,numberOfRobotsOnBlackSite,numberOfRobotsOnWhiteSite
2231,16,19
timeStep,numberOfRobotsOnBlackSite,numberOfRobotsOnWhiteSite
2232,16,19
timeStep,numberOfRobotsOnBlackSite,numberOfRobotsOnWhiteSite
2233,16,19
timeStep,numberOfRobotsOnBlackSite,numberOfRobotsOnWhiteSite
2234,16,19
timeStep,numberOfRobotsOnBlackSite,numberOfRobotsOnWhiteSite
2235,16,19
timeStep,numberOfRobotsOnBlackSite,numberOfRobotsOnWhiteSite
2236,16,19
timeStep,numberOfRobotsOnBlackSite,numberOfRobotsOnWhiteSite
2237,16,19
timeStep,numberOfRobotsOnBlackSite,numberOfRobotsOnWhiteSite
2238,16,19
timeStep,numberOfRobotsOnBlackSite,numberOfRobotsOnWhiteSite
2239,16,19
timeStep,numberOfRobotsOnBlackSite,numberOfRobotsOnWhiteSite
2240,16,19
timeStep,numberOfRobotsOnBlackSite,numberOfRobotsOnWhiteSite
2241,16,19
timeStep,numberOfRobotsOnBlackSite,numberOfRobotsOnWhiteSite
2242,16,19
timeStep,numberOfRobotsOnBlackSite,numberOfRobotsOnWhiteSite
2243,16,19
timeStep,numberOfRobotsOnBlackSite,numberOfRobotsOnWhiteSite
2244,16,19
timeStep,numberOfRobotsOnBlackSite,numberOfRobotsOnWhiteSite
2245,16,19
timeStep,numberOfRobotsOnBlackSite,numberOfRobotsOnWhiteSite
2246,16,19
timeStep,numberOfRobotsOnBlackSite,numberOfRobotsOnWhiteSite
2247,16,19
timeStep,numberOfRobotsOnBlackSite,numberOfRobotsOnWhiteSite
2248,16,19
timeStep,numberOfRobotsOnBlackSite,numberOfRobotsOnWhiteSite
2249,16,19
timeStep,numberOfRobotsOnBlackSite,numberOfRobotsOnWhiteSite
2250,16,19
timeStep,numberOfRobotsOnBlackSite,numberOfRobotsOnWhiteSite
2251,16,19
timeStep,numberOfRobotsOnBlackSite,numberOfRobotsOnWhiteSite
2252,16,19
timeStep,numberOfRobotsOnBlackSite,numberOfRobotsOnWhiteSite
2253,16,19
timeStep,numberOfRobotsOnBlackSite,numberOfRobotsOnWhiteSite
2254,16,19
timeStep,numberOfRobotsOnBlackSite,numberOfRobotsOnWhiteSite
2255,17,19
timeStep,numberOfRobotsOnBlackSite,numberOfRobotsOnWhiteSite
2256,17,19
timeStep,numberOfRobotsOnBlackSite,numberOfRobotsOnWhiteSite
2257,17,19
timeStep,numberOfRobotsOnBlackSite,numberOfRobotsOnWhiteSite
2258,17,19
timeStep,numberOfRobotsOnBlackSite,numberOfRobotsOnWhiteSite
2259,17,19
timeStep,numberOfRobotsOnBlackSite,numberOfRobotsOnWhiteSite
2260,17,19
timeStep,numberOfRobotsOnBlackSite,numberOfRobotsOnWhiteSite
2261,17,19
timeStep,numberOfRobotsOnBlackSite,numberOfRobotsOnWhiteSite
2262,17,19
timeStep,numberOfRobotsOnBlackSite,numberOfRobotsOnWhiteSite
2263,17,19
timeStep,numberOfRobotsOnBlackSite,numberOfRobotsOnWhiteSite
2264,17,19
timeStep,numberOfRobotsOnBlackSite,numberOfRobotsOnWhiteSite
2265,16,19
timeStep,numberOfRobotsOnBlackSite,numberOfRobotsOnWhiteSite
2266,16,19
timeStep,numberOfRobotsOnBlackSite,numberOfRobotsOnWhiteSite
2267,16,19
timeStep,numberOfRobotsOnBlackSite,numberOfRobotsOnWhiteSite
2268,16,19
timeStep,numberOfRobotsOnBlackSite,numberOfRobotsOnWhiteSite
2269,16,19
timeStep,numberOfRobotsOnBlackSite,numberOfRobotsOnWhiteSite
2270,16,18
timeStep,numberOfRobotsOnBlackSite,numberOfRobotsOnWhiteSite
2271,16,18
timeStep,numberOfRobotsOnBlackSite,numberOfRobotsOnWhiteSite
2272,16,18
timeStep,numberOfRobotsOnBlackSite,numberOfRobotsOnWhiteSite
2273,16,18
timeStep,numberOfRobotsOnBlackSite,numberOfRobotsOnWhiteSite
2274,16,18
timeStep,numberOfRobotsOnBlackSite,numberOfRobotsOnWhiteSite
2275,16,18
timeStep,numberOfRobotsOnBlackSite,numberOfRobotsOnWhiteSite
2276,16,18
timeStep,numberOfRobotsOnBlackSite,numberOfRobotsOnWhiteSite
2277,16,18
timeStep,numberOfRobotsOnBlackSite,numberOfRobotsOnWhiteSite
2278,16,18
timeStep,numberOfRobotsOnBlackSite,numberOfRobotsOnWhiteSite
2279,16,18
timeStep,numberOfRobotsOnBlackSite,numberOfRobotsOnWhiteSite
2280,16,18
timeStep,numberOfRobotsOnBlackSite,numberOfRobotsOnWhiteSite
2281,16,18
timeStep,numberOfRobotsOnBlackSite,numberOfRobotsOnWhiteSite
2282,16,18
timeStep,numberOfRobotsOnBlackSite,numberOfRobotsOnWhiteSite
2283,16,18
timeStep,numberOfRobotsOnBlackSite,numberOfRobotsOnWhiteSite
2284,16,18
timeStep,numberOfRobotsOnBlackSite,numberOfRobotsOnWhiteSite
2285,16,18
timeStep,numberOfRobotsOnBlackSite,numberOfRobotsOnWhiteSite
2286,16,18
timeStep,numberOfRobotsOnBlackSite,numberOfRobotsOnWhiteSite
2287,16,18
timeStep,numberOfRobotsOnBlackSite,numberOfRobotsOnWhiteSite
2288,16,18
timeStep,numberOfRobotsOnBlackSite,numberOfRobotsOnWhiteSite
2289,16,18
timeStep,numberOfRobotsOnBlackSite,numberOfRobotsOnWhiteSite
2290,16,18
timeStep,numberOfRobotsOnBlackSite,numberOfRobotsOnWhiteSite
2291,16,18
timeStep,numberOfRobotsOnBlackSite,numberOfRobotsOnWhiteSite
2292,16,18
timeStep,numberOfRobotsOnBlackSite,numberOfRobotsOnWhiteSite
2293,16,18
timeStep,numberOfRobotsOnBlackSite,numberOfRobotsOnWhiteSite
2294,16,18
timeStep,numberOfRobotsOnBlackSite,numberOfRobotsOnWhiteSite
2295,16,18
timeStep,numberOfRobotsOnBlackSite,numberOfRobotsOnWhiteSite
2296,16,18
timeStep,numberOfRobotsOnBlackSite,numberOfRobotsOnWhiteSite
2297,16,18
timeStep,numberOfRobotsOnBlackSite,numberOfRobotsOnWhiteSite
2298,16,18
timeStep,numberOfRobotsOnBlackSite,numberOfRobotsOnWhiteSite
2299,16,18
timeStep,numberOfRobotsOnBlackSite,numberOfRobotsOnWhiteSite
2300,16,19
timeStep,numberOfRobotsOnBlackSite,numberOfRobotsOnWhiteSite
2301,16,19
timeStep,numberOfRobotsOnBlackSite,numberOfRobotsOnWhiteSite
2302,16,19
timeStep,numberOfRobotsOnBlackSite,numberOfRobotsOnWhiteSite
2303,16,19
timeStep,numberOfRobotsOnBlackSite,numberOfRobotsOnWhiteSite
2304,16,19
timeStep,numberOfRobotsOnBlackSite,numberOfRobotsOnWhiteSite
2305,16,19
timeStep,numberOfRobotsOnBlackSite,numberOfRobotsOnWhiteSite
2306,16,19
timeStep,numberOfRobotsOnBlackSite,numberOfRobotsOnWhiteSite
2307,16,19
timeStep,numberOfRobotsOnBlackSite,numberOfRobotsOnWhiteSite
2308,16,19
timeStep,numberOfRobotsOnBlackSite,numberOfRobotsOnWhiteSite
2309,16,19
timeStep,numberOfRobotsOnBlackSite,numberOfRobotsOnWhiteSite
2310,16,19
timeStep,numberOfRobotsOnBlackSite,numberOfRobotsOnWhiteSite
2311,16,19
timeStep,numberOfRobotsOnBlackSite,numberOfRobotsOnWhiteSite
2312,16,19
timeStep,numberOfRobotsOnBlackSite,numberOfRobotsOnWhiteSite
2313,16,19
timeStep,numberOfRobotsOnBlackSite,numberOfRobotsOnWhiteSite
2314,16,19
timeStep,numberOfRobotsOnBlackSite,numberOfRobotsOnWhiteSite
2315,16,19
timeStep,numberOfRobotsOnBlackSite,numberOfRobotsOnWhiteSite
2316,16,19
timeStep,numberOfRobotsOnBlackSite,numberOfRobotsOnWhiteSite
2317,16,19
timeStep,numberOfRobotsOnBlackSite,numberOfRobotsOnWhiteSite
2318,16,19
timeStep,numberOfRobotsOnBlackSite,numberOfRobotsOnWhiteSite
2319,16,19
timeStep,numberOfRobotsOnBlackSite,numberOfRobotsOnWhiteSite
2320,16,19
timeStep,numberOfRobotsOnBlackSite,numberOfRobotsOnWhiteSite
2321,16,19
timeStep,numberOfRobotsOnBlackSite,numberOfRobotsOnWhiteSite
2322,16,19
timeStep,numberOfRobotsOnBlackSite,numberOfRobotsOnWhiteSite
2323,16,19
timeStep,numberOfRobotsOnBlackSite,numberOfRobotsOnWhiteSite
2324,16,19
timeStep,numberOfRobotsOnBlackSite,numberOfRobotsOnWhiteSite
2325,16,20
timeStep,numberOfRobotsOnBlackSite,numberOfRobotsOnWhiteSite
2326,16,20
timeStep,numberOfRobotsOnBlackSite,numberOfRobotsOnWhiteSite
2327,16,20
timeStep,numberOfRobotsOnBlackSite,numberOfRobotsOnWhiteSite
2328,16,20
timeStep,numberOfRobotsOnBlackSite,numberOfRobotsOnWhiteSite
2329,16,20
timeStep,numberOfRobotsOnBlackSite,numberOfRobotsOnWhiteSite
2330,16,20
timeStep,numberOfRobotsOnBlackSite,numberOfRobotsOnWhiteSite
2331,16,20
timeStep,numberOfRobotsOnBlackSite,numberOfRobotsOnWhiteSite
2332,16,20
timeStep,numberOfRobotsOnBlackSite,numberOfRobotsOnWhiteSite
2333,16,20
timeStep,numberOfRobotsOnBlackSite,numberOfRobotsOnWhiteSite
2334,16,20
timeStep,numberOfRobotsOnBlackSite,numberOfRobotsOnWhiteSite
2335,16,20
timeStep,numberOfRobotsOnBlackSite,numberOfRobotsOnWhiteSite
2336,16,20
timeStep,numberOfRobotsOnBlackSite,numberOfRobotsOnWhiteSite
2337,16,20
timeStep,numberOfRobotsOnBlackSite,numberOfRobotsOnWhiteSite
2338,16,20
timeStep,numberOfRobotsOnBlackSite,numberOfRobotsOnWhiteSite
2339,16,20
timeStep,numberOfRobotsOnBlackSite,numberOfRobotsOnWhiteSite
2340,16,20
timeStep,numberOfRobotsOnBlackSite,numberOfRobotsOnWhiteSite
2341,16,20
timeStep,numberOfRobotsOnBlackSite,numberOfRobotsOnWhiteSite
2342,16,20
timeStep,numberOfRobotsOnBlackSite,numberOfRobotsOnWhiteSite
2343,16,20
timeStep,numberOfRobotsOnBlackSite,numberOfRobotsOnWhiteSite
2344,16,20
timeStep,numberOfRobotsOnBlackSite,numberOfRobotsOnWhiteSite
2345,16,20
timeStep,numberOfRobotsOnBlackSite,numberOfRobotsOnWhiteSite
2346,16,20
timeStep,numberOfRobotsOnBlackSite,numberOfRobotsOnWhiteSite
2347,16,20
timeStep,numberOfRobotsOnBlackSite,numberOfRobotsOnWhiteSite
2348,16,20
timeStep,numberOfRobotsOnBlackSite,numberOfRobotsOnWhiteSite
2349,16,20
timeStep,numberOfRobotsOnBlackSite,numberOfRobotsOnWhiteSite
2350,16,20
timeStep,numberOfRobotsOnBlackSite,numberOfRobotsOnWhiteSite
2351,16,20
timeStep,numberOfRobotsOnBlackSite,numberOfRobotsOnWhiteSite
2352,16,20
timeStep,numberOfRobotsOnBlackSite,numberOfRobotsOnWhiteSite
2353,16,20
timeStep,numberOfRobotsOnBlackSite,numberOfRobotsOnWhiteSite
2354,16,20
timeStep,numberOfRobotsOnBlackSite,numberOfRobotsOnWhiteSite
2355,16,20
timeStep,numberOfRobotsOnBlackSite,numberOfRobotsOnWhiteSite
2356,16,20
timeStep,numberOfRobotsOnBlackSite,numberOfRobotsOnWhiteSite
2357,16,20
timeStep,numberOfRobotsOnBlackSite,numberOfRobotsOnWhiteSite
2358,16,20
timeStep,numberOfRobotsOnBlackSite,numberOfRobotsOnWhiteSite
2359,16,20
timeStep,numberOfRobotsOnBlackSite,numberOfRobotsOnWhiteSite
2360,15,20
timeStep,numberOfRobotsOnBlackSite,numberOfRobotsOnWhiteSite
2361,15,20
timeStep,numberOfRobotsOnBlackSite,numberOfRobotsOnWhiteSite
2362,15,20
timeStep,numberOfRobotsOnBlackSite,numberOfRobotsOnWhiteSite
2363,15,20
timeStep,numberOfRobotsOnBlackSite,numberOfRobotsOnWhiteSite
2364,15,20
timeStep,numberOfRobotsOnBlackSite,numberOfRobotsOnWhiteSite
2365,15,20
timeStep,numberOfRobotsOnBlackSite,numberOfRobotsOnWhiteSite
2366,15,20
timeStep,numberOfRobotsOnBlackSite,numberOfRobotsOnWhiteSite
2367,15,20
timeStep,numberOfRobotsOnBlackSite,numberOfRobotsOnWhiteSite
2368,15,20
timeStep,numberOfRobotsOnBlackSite,numberOfRobotsOnWhiteSite
2369,15,20
timeStep,numberOfRobotsOnBlackSite,numberOfRobotsOnWhiteSite
2370,15,20
timeStep,numberOfRobotsOnBlackSite,numberOfRobotsOnWhiteSite
2371,15,20
timeStep,numberOfRobotsOnBlackSite,numberOfRobotsOnWhiteSite
2372,15,20
timeStep,numberOfRobotsOnBlackSite,numberOfRobotsOnWhiteSite
2373,15,20
timeStep,numberOfRobotsOnBlackSite,numberOfRobotsOnWhiteSite
2374,15,20
timeStep,numberOfRobotsOnBlackSite,numberOfRobotsOnWhiteSite
2375,15,20
timeStep,numberOfRobotsOnBlackSite,numberOfRobotsOnWhiteSite
2376,15,20
timeStep,numberOfRobotsOnBlackSite,numberOfRobotsOnWhiteSite
2377,15,20
timeStep,numberOfRobotsOnBlackSite,numberOfRobotsOnWhiteSite
2378,15,20
timeStep,numberOfRobotsOnBlackSite,numberOfRobotsOnWhiteSite
2379,15,20
timeStep,numberOfRobotsOnBlackSite,numberOfRobotsOnWhiteSite
2380,15,20
timeStep,numberOfRobotsOnBlackSite,numberOfRobotsOnWhiteSite
2381,15,20
timeStep,numberOfRobotsOnBlackSite,numberOfRobotsOnWhiteSite
2382,15,20
timeStep,numberOfRobotsOnBlackSite,numberOfRobotsOnWhiteSite
2383,15,20
timeStep,numberOfRobotsOnBlackSite,numberOfRobotsOnWhiteSite
2384,15,20
timeStep,numberOfRobotsOnBlackSite,numberOfRobotsOnWhiteSite
2385,15,20
timeStep,numberOfRobotsOnBlackSite,numberOfRobotsOnWhiteSite
2386,15,20
timeStep,numberOfRobotsOnBlackSite,numberOfRobotsOnWhiteSite
2387,15,20
timeStep,numberOfRobotsOnBlackSite,numberOfRobotsOnWhiteSite
2388,15,20
timeStep,numberOfRobotsOnBlackSite,numberOfRobotsOnWhiteSite
2389,15,20
timeStep,numberOfRobotsOnBlackSite,numberOfRobotsOnWhiteSite
2390,15,20
timeStep,numberOfRobotsOnBlackSite,numberOfRobotsOnWhiteSite
2391,15,20
timeStep,numberOfRobotsOnBlackSite,numberOfRobotsOnWhiteSite
2392,15,20
timeStep,numberOfRobotsOnBlackSite,numberOfRobotsOnWhiteSite
2393,15,20
timeStep,numberOfRobotsOnBlackSite,numberOfRobotsOnWhiteSite
2394,15,20
timeStep,numberOfRobotsOnBlackSite,numberOfRobotsOnWhiteSite
2395,15,20
timeStep,numberOfRobotsOnBlackSite,numberOfRobotsOnWhiteSite
2396,15,20
timeStep,numberOfRobotsOnBlackSite,numberOfRobotsOnWhiteSite
2397,15,20
timeStep,numberOfRobotsOnBlackSite,numberOfRobotsOnWhiteSite
2398,15,20
timeStep,numberOfRobotsOnBlackSite,numberOfRobotsOnWhiteSite
2399,15,20
timeStep,numberOfRobotsOnBlackSite,numberOfRobotsOnWhiteSite
2400,15,20
timeStep,numberOfRobotsOnBlackSite,numberOfRobotsOnWhiteSite
2401,15,20
timeStep,numberOfRobotsOnBlackSite,numberOfRobotsOnWhiteSite
2402,15,20
timeStep,numberOfRobotsOnBlackSite,numberOfRobotsOnWhiteSite
2403,15,20
timeStep,numberOfRobotsOnBlackSite,numberOfRobotsOnWhiteSite
2404,15,20
timeStep,numberOfRobotsOnBlackSite,numberOfRobotsOnWhiteSite
2405,16,20
timeStep,numberOfRobotsOnBlackSite,numberOfRobotsOnWhiteSite
2406,16,20
timeStep,numberOfRobotsOnBlackSite,numberOfRobotsOnWhiteSite
2407,16,20
timeStep,numberOfRobotsOnBlackSite,numberOfRobotsOnWhiteSite
2408,16,20
timeStep,numberOfRobotsOnBlackSite,numberOfRobotsOnWhiteSite
2409,16,20
timeStep,numberOfRobotsOnBlackSite,numberOfRobotsOnWhiteSite
2410,16,20
timeStep,numberOfRobotsOnBlackSite,numberOfRobotsOnWhiteSite
2411,16,20
timeStep,numberOfRobotsOnBlackSite,numberOfRobotsOnWhiteSite
2412,16,20
timeStep,numberOfRobotsOnBlackSite,numberOfRobotsOnWhiteSite
2413,16,20
timeStep,numberOfRobotsOnBlackSite,numberOfRobotsOnWhiteSite
2414,16,20
timeStep,numberOfRobotsOnBlackSite,numberOfRobotsOnWhiteSite
2415,16,21
timeStep,numberOfRobotsOnBlackSite,numberOfRobotsOnWhiteSite
2416,16,21
timeStep,numberOfRobotsOnBlackSite,numberOfRobotsOnWhiteSite
2417,16,21
timeStep,numberOfRobotsOnBlackSite,numberOfRobotsOnWhiteSite
2418,16,21
timeStep,numberOfRobotsOnBlackSite,numberOfRobotsOnWhiteSite
2419,16,21
timeStep,numberOfRobotsOnBlackSite,numberOfRobotsOnWhiteSite
2420,16,21
timeStep,numberOfRobotsOnBlackSite,numberOfRobotsOnWhiteSite
2421,16,21
timeStep,numberOfRobotsOnBlackSite,numberOfRobotsOnWhiteSite
2422,16,21
timeStep,numberOfRobotsOnBlackSite,numberOfRobotsOnWhiteSite
2423,16,21
timeStep,numberOfRobotsOnBlackSite,numberOfRobotsOnWhiteSite
2424,16,21
timeStep,numberOfRobotsOnBlackSite,numberOfRobotsOnWhiteSite
2425,16,21
timeStep,numberOfRobotsOnBlackSite,numberOfRobotsOnWhiteSite
2426,16,21
timeStep,numberOfRobotsOnBlackSite,numberOfRobotsOnWhiteSite
2427,16,21
timeStep,numberOfRobotsOnBlackSite,numberOfRobotsOnWhiteSite
2428,16,21
timeStep,numberOfRobotsOnBlackSite,numberOfRobotsOnWhiteSite
2429,16,21
timeStep,numberOfRobotsOnBlackSite,numberOfRobotsOnWhiteSite
2430,16,21
timeStep,numberOfRobotsOnBlackSite,numberOfRobotsOnWhiteSite
2431,16,21
timeStep,numberOfRobotsOnBlackSite,numberOfRobotsOnWhiteSite
2432,16,21
timeStep,numberOfRobotsOnBlackSite,numberOfRobotsOnWhiteSite
2433,16,21
timeStep,numberOfRobotsOnBlackSite,numberOfRobotsOnWhiteSite
2434,16,21
timeStep,numberOfRobotsOnBlackSite,numberOfRobotsOnWhiteSite
2435,16,21
timeStep,numberOfRobotsOnBlackSite,numberOfRobotsOnWhiteSite
2436,16,21
timeStep,numberOfRobotsOnBlackSite,numberOfRobotsOnWhiteSite
2437,16,21
timeStep,numberOfRobotsOnBlackSite,numberOfRobotsOnWhiteSite
2438,16,21
timeStep,numberOfRobotsOnBlackSite,numberOfRobotsOnWhiteSite
2439,16,21
timeStep,numberOfRobotsOnBlackSite,numberOfRobotsOnWhiteSite
2440,16,21
timeStep,numberOfRobotsOnBlackSite,numberOfRobotsOnWhiteSite
2441,16,21
timeStep,numberOfRobotsOnBlackSite,numberOfRobotsOnWhiteSite
2442,16,21
timeStep,numberOfRobotsOnBlackSite,numberOfRobotsOnWhiteSite
2443,16,21
timeStep,numberOfRobotsOnBlackSite,numberOfRobotsOnWhiteSite
2444,16,21
timeStep,numberOfRobotsOnBlackSite,numberOfRobotsOnWhiteSite
2445,15,21
timeStep,numberOfRobotsOnBlackSite,numberOfRobotsOnWhiteSite
2446,15,21
timeStep,numberOfRobotsOnBlackSite,numberOfRobotsOnWhiteSite
2447,15,21
timeStep,numberOfRobotsOnBlackSite,numberOfRobotsOnWhiteSite
2448,15,21
timeStep,numberOfRobotsOnBlackSite,numberOfRobotsOnWhiteSite
2449,15,21
timeStep,numberOfRobotsOnBlackSite,numberOfRobotsOnWhiteSite
2450,14,21
timeStep,numberOfRobotsOnBlackSite,numberOfRobotsOnWhiteSite
2451,14,21
timeStep,numberOfRobotsOnBlackSite,numberOfRobotsOnWhiteSite
2452,14,21
timeStep,numberOfRobotsOnBlackSite,numberOfRobotsOnWhiteSite
2453,14,21
timeStep,numberOfRobotsOnBlackSite,numberOfRobotsOnWhiteSite
2454,14,21
timeStep,numberOfRobotsOnBlackSite,numberOfRobotsOnWhiteSite
2455,13,21
timeStep,numberOfRobotsOnBlackSite,numberOfRobotsOnWhiteSite
2456,13,21
timeStep,numberOfRobotsOnBlackSite,numberOfRobotsOnWhiteSite
2457,13,21
timeStep,numberOfRobotsOnBlackSite,numberOfRobotsOnWhiteSite
2458,13,21
timeStep,numberOfRobotsOnBlackSite,numberOfRobotsOnWhiteSite
2459,13,21
timeStep,numberOfRobotsOnBlackSite,numberOfRobotsOnWhiteSite
2460,13,21
timeStep,numberOfRobotsOnBlackSite,numberOfRobotsOnWhiteSite
2461,13,21
timeStep,numberOfRobotsOnBlackSite,numberOfRobotsOnWhiteSite
2462,13,21
timeStep,numberOfRobotsOnBlackSite,numberOfRobotsOnWhiteSite
2463,13,21
timeStep,numberOfRobotsOnBlackSite,numberOfRobotsOnWhiteSite
2464,13,21
timeStep,numberOfRobotsOnBlackSite,numberOfRobotsOnWhiteSite
2465,13,21
timeStep,numberOfRobotsOnBlackSite,numberOfRobotsOnWhiteSite
2466,13,21
timeStep,numberOfRobotsOnBlackSite,numberOfRobotsOnWhiteSite
2467,13,21
timeStep,numberOfRobotsOnBlackSite,numberOfRobotsOnWhiteSite
2468,13,21
timeStep,numberOfRobotsOnBlackSite,numberOfRobotsOnWhiteSite
2469,13,21
timeStep,numberOfRobotsOnBlackSite,numberOfRobotsOnWhiteSite
2470,13,21
timeStep,numberOfRobotsOnBlackSite,numberOfRobotsOnWhiteSite
2471,13,21
timeStep,numberOfRobotsOnBlackSite,numberOfRobotsOnWhiteSite
2472,13,21
timeStep,numberOfRobotsOnBlackSite,numberOfRobotsOnWhiteSite
2473,13,21
timeStep,numberOfRobotsOnBlackSite,numberOfRobotsOnWhiteSite
2474,13,21
timeStep,numberOfRobotsOnBlackSite,numberOfRobotsOnWhiteSite
2475,13,21
timeStep,numberOfRobotsOnBlackSite,numberOfRobotsOnWhiteSite
2476,13,21
timeStep,numberOfRobotsOnBlackSite,numberOfRobotsOnWhiteSite
2477,13,21
timeStep,numberOfRobotsOnBlackSite,numberOfRobotsOnWhiteSite
2478,13,21
timeStep,numberOfRobotsOnBlackSite,numberOfRobotsOnWhiteSite
2479,13,21
timeStep,numberOfRobotsOnBlackSite,numberOfRobotsOnWhiteSite
2480,13,21
timeStep,numberOfRobotsOnBlackSite,numberOfRobotsOnWhiteSite
2481,13,21
timeStep,numberOfRobotsOnBlackSite,numberOfRobotsOnWhiteSite
2482,13,21
timeStep,numberOfRobotsOnBlackSite,numberOfRobotsOnWhiteSite
2483,13,21
timeStep,numberOfRobotsOnBlackSite,numberOfRobotsOnWhiteSite
2484,13,21
timeStep,numberOfRobotsOnBlackSite,numberOfRobotsOnWhiteSite
2485,13,21
timeStep,numberOfRobotsOnBlackSite,numberOfRobotsOnWhiteSite
2486,13,21
timeStep,numberOfRobotsOnBlackSite,numberOfRobotsOnWhiteSite
2487,13,21
timeStep,numberOfRobotsOnBlackSite,numberOfRobotsOnWhiteSite
2488,13,21
timeStep,numberOfRobotsOnBlackSite,numberOfRobotsOnWhiteSite
2489,13,21
timeStep,numberOfRobotsOnBlackSite,numberOfRobotsOnWhiteSite
2490,13,21
timeStep,numberOfRobotsOnBlackSite,numberOfRobotsOnWhiteSite
2491,13,21
timeStep,numberOfRobotsOnBlackSite,numberOfRobotsOnWhiteSite
2492,13,21
timeStep,numberOfRobotsOnBlackSite,numberOfRobotsOnWhiteSite
2493,13,21
timeStep,numberOfRobotsOnBlackSite,numberOfRobotsOnWhiteSite
2494,13,21
timeStep,numberOfRobotsOnBlackSite,numberOfRobotsOnWhiteSite
2495,13,21
timeStep,numberOfRobotsOnBlackSite,numberOfRobotsOnWhiteSite
2496,13,21
timeStep,numberOfRobotsOnBlackSite,numberOfRobotsOnWhiteSite
2497,13,21
timeStep,numberOfRobotsOnBlackSite,numberOfRobotsOnWhiteSite
2498,13,21
timeStep,numberOfRobotsOnBlackSite,numberOfRobotsOnWhiteSite
2499,13,21
timeStep,numberOfRobotsOnBlackSite,numberOfRobotsOnWhiteSite
2500,13,21
timeStep,numberOfRobotsOnBlackSite,numberOfRobotsOnWhiteSite
2501,13,21
timeStep,numberOfRobotsOnBlackSite,numberOfRobotsOnWhiteSite
2502,13,21
timeStep,numberOfRobotsOnBlackSite,numberOfRobotsOnWhiteSite
2503,13,21
timeStep,numberOfRobotsOnBlackSite,numberOfRobotsOnWhiteSite
2504,13,21
timeStep,numberOfRobotsOnBlackSite,numberOfRobotsOnWhiteSite
2505,13,21
timeStep,numberOfRobotsOnBlackSite,numberOfRobotsOnWhiteSite
2506,13,21
timeStep,numberOfRobotsOnBlackSite,numberOfRobotsOnWhiteSite
2507,13,21
timeStep,numberOfRobotsOnBlackSite,numberOfRobotsOnWhiteSite
2508,13,21
timeStep,numberOfRobotsOnBlackSite,numberOfRobotsOnWhiteSite
2509,13,21
timeStep,numberOfRobotsOnBlackSite,numberOfRobotsOnWhiteSite
2510,13,21
timeStep,numberOfRobotsOnBlackSite,numberOfRobotsOnWhiteSite
2511,13,21
timeStep,numberOfRobotsOnBlackSite,numberOfRobotsOnWhiteSite
2512,13,21
timeStep,numberOfRobotsOnBlackSite,numberOfRobotsOnWhiteSite
2513,13,21
timeStep,numberOfRobotsOnBlackSite,numberOfRobotsOnWhiteSite
2514,13,21
timeStep,numberOfRobotsOnBlackSite,numberOfRobotsOnWhiteSite
2515,13,21
timeStep,numberOfRobotsOnBlackSite,numberOfRobotsOnWhiteSite
2516,13,21
timeStep,numberOfRobotsOnBlackSite,numberOfRobotsOnWhiteSite
2517,13,21
timeStep,numberOfRobotsOnBlackSite,numberOfRobotsOnWhiteSite
2518,13,21
timeStep,numberOfRobotsOnBlackSite,numberOfRobotsOnWhiteSite
2519,13,21
timeStep,numberOfRobotsOnBlackSite,numberOfRobotsOnWhiteSite
2520,14,21
timeStep,numberOfRobotsOnBlackSite,numberOfRobotsOnWhiteSite
2521,14,21
timeStep,numberOfRobotsOnBlackSite,numberOfRobotsOnWhiteSite
2522,14,21
timeStep,numberOfRobotsOnBlackSite,numberOfRobotsOnWhiteSite
2523,14,21
timeStep,numberOfRobotsOnBlackSite,numberOfRobotsOnWhiteSite
2524,14,21
timeStep,numberOfRobotsOnBlackSite,numberOfRobotsOnWhiteSite
2525,14,21
timeStep,numberOfRobotsOnBlackSite,numberOfRobotsOnWhiteSite
2526,14,21
timeStep,numberOfRobotsOnBlackSite,numberOfRobotsOnWhiteSite
2527,14,21
timeStep,numberOfRobotsOnBlackSite,numberOfRobotsOnWhiteSite
2528,14,21
timeStep,numberOfRobotsOnBlackSite,numberOfRobotsOnWhiteSite
2529,14,21
timeStep,numberOfRobotsOnBlackSite,numberOfRobotsOnWhiteSite
2530,14,21
timeStep,numberOfRobotsOnBlackSite,numberOfRobotsOnWhiteSite
2531,14,21
timeStep,numberOfRobotsOnBlackSite,numberOfRobotsOnWhiteSite
2532,14,21
timeStep,numberOfRobotsOnBlackSite,numberOfRobotsOnWhiteSite
2533,14,21
timeStep,numberOfRobotsOnBlackSite,numberOfRobotsOnWhiteSite
2534,14,21
timeStep,numberOfRobotsOnBlackSite,numberOfRobotsOnWhiteSite
2535,14,21
timeStep,numberOfRobotsOnBlackSite,numberOfRobotsOnWhiteSite
2536,14,21
timeStep,numberOfRobotsOnBlackSite,numberOfRobotsOnWhiteSite
2537,14,21
timeStep,numberOfRobotsOnBlackSite,numberOfRobotsOnWhiteSite
2538,14,21
timeStep,numberOfRobotsOnBlackSite,numberOfRobotsOnWhiteSite
2539,14,21
timeStep,numberOfRobotsOnBlackSite,numberOfRobotsOnWhiteSite
2540,14,21
timeStep,numberOfRobotsOnBlackSite,numberOfRobotsOnWhiteSite
2541,14,21
timeStep,numberOfRobotsOnBlackSite,numberOfRobotsOnWhiteSite
2542,14,21
timeStep,numberOfRobotsOnBlackSite,numberOfRobotsOnWhiteSite
2543,14,21
timeStep,numberOfRobotsOnBlackSite,numberOfRobotsOnWhiteSite
2544,14,21
timeStep,numberOfRobotsOnBlackSite,numberOfRobotsOnWhiteSite
2545,14,21
timeStep,numberOfRobotsOnBlackSite,numberOfRobotsOnWhiteSite
2546,14,21
timeStep,numberOfRobotsOnBlackSite,numberOfRobotsOnWhiteSite
2547,14,21
timeStep,numberOfRobotsOnBlackSite,numberOfRobotsOnWhiteSite
2548,14,21
timeStep,numberOfRobotsOnBlackSite,numberOfRobotsOnWhiteSite
2549,14,21
timeStep,numberOfRobotsOnBlackSite,numberOfRobotsOnWhiteSite
2550,14,21
timeStep,numberOfRobotsOnBlackSite,numberOfRobotsOnWhiteSite
2551,14,21
timeStep,numberOfRobotsOnBlackSite,numberOfRobotsOnWhiteSite
2552,14,21
timeStep,numberOfRobotsOnBlackSite,numberOfRobotsOnWhiteSite
2553,14,21
timeStep,numberOfRobotsOnBlackSite,numberOfRobotsOnWhiteSite
2554,14,21
timeStep,numberOfRobotsOnBlackSite,numberOfRobotsOnWhiteSite
2555,14,21
timeStep,numberOfRobotsOnBlackSite,numberOfRobotsOnWhiteSite
2556,14,21
timeStep,numberOfRobotsOnBlackSite,numberOfRobotsOnWhiteSite
2557,14,21
timeStep,numberOfRobotsOnBlackSite,numberOfRobotsOnWhiteSite
2558,14,21
timeStep,numberOfRobotsOnBlackSite,numberOfRobotsOnWhiteSite
2559,14,21
timeStep,numberOfRobotsOnBlackSite,numberOfRobotsOnWhiteSite
2560,14,21
timeStep,numberOfRobotsOnBlackSite,numberOfRobotsOnWhiteSite
2561,14,21
timeStep,numberOfRobotsOnBlackSite,numberOfRobotsOnWhiteSite
2562,14,21
timeStep,numberOfRobotsOnBlackSite,numberOfRobotsOnWhiteSite
2563,14,21
timeStep,numberOfRobotsOnBlackSite,numberOfRobotsOnWhiteSite
2564,14,21
timeStep,numberOfRobotsOnBlackSite,numberOfRobotsOnWhiteSite
2565,14,21
timeStep,numberOfRobotsOnBlackSite,numberOfRobotsOnWhiteSite
2566,14,21
timeStep,numberOfRobotsOnBlackSite,numberOfRobotsOnWhiteSite
2567,14,21
timeStep,numberOfRobotsOnBlackSite,numberOfRobotsOnWhiteSite
2568,14,21
timeStep,numberOfRobotsOnBlackSite,numberOfRobotsOnWhiteSite
2569,14,21
timeStep,numberOfRobotsOnBlackSite,numberOfRobotsOnWhiteSite
2570,14,21
timeStep,numberOfRobotsOnBlackSite,numberOfRobotsOnWhiteSite
2571,14,21
timeStep,numberOfRobotsOnBlackSite,numberOfRobotsOnWhiteSite
2572,14,21
timeStep,numberOfRobotsOnBlackSite,numberOfRobotsOnWhiteSite
2573,14,21
timeStep,numberOfRobotsOnBlackSite,numberOfRobotsOnWhiteSite
2574,14,21
timeStep,numberOfRobotsOnBlackSite,numberOfRobotsOnWhiteSite
2575,14,21
timeStep,numberOfRobotsOnBlackSite,numberOfRobotsOnWhiteSite
2576,14,21
timeStep,numberOfRobotsOnBlackSite,numberOfRobotsOnWhiteSite
2577,14,21
timeStep,numberOfRobotsOnBlackSite,numberOfRobotsOnWhiteSite
2578,14,21
timeStep,numberOfRobotsOnBlackSite,numberOfRobotsOnWhiteSite
2579,14,21
timeStep,numberOfRobotsOnBlackSite,numberOfRobotsOnWhiteSite
2580,14,21
timeStep,numberOfRobotsOnBlackSite,numberOfRobotsOnWhiteSite
2581,14,21
timeStep,numberOfRobotsOnBlackSite,numberOfRobotsOnWhiteSite
2582,14,21
timeStep,numberOfRobotsOnBlackSite,numberOfRobotsOnWhiteSite
2583,14,21
timeStep,numberOfRobotsOnBlackSite,numberOfRobotsOnWhiteSite
2584,14,21
timeStep,numberOfRobotsOnBlackSite,numberOfRobotsOnWhiteSite
2585,14,21
timeStep,numberOfRobotsOnBlackSite,numberOfRobotsOnWhiteSite
2586,14,21
timeStep,numberOfRobotsOnBlackSite,numberOfRobotsOnWhiteSite
2587,14,21
timeStep,numberOfRobotsOnBlackSite,numberOfRobotsOnWhiteSite
2588,14,21
timeStep,numberOfRobotsOnBlackSite,numberOfRobotsOnWhiteSite
2589,14,21
timeStep,numberOfRobotsOnBlackSite,numberOfRobotsOnWhiteSite
2590,14,21
timeStep,numberOfRobotsOnBlackSite,numberOfRobotsOnWhiteSite
2591,14,21
timeStep,numberOfRobotsOnBlackSite,numberOfRobotsOnWhiteSite
2592,14,21
timeStep,numberOfRobotsOnBlackSite,numberOfRobotsOnWhiteSite
2593,14,21
timeStep,numberOfRobotsOnBlackSite,numberOfRobotsOnWhiteSite
2594,14,21
timeStep,numberOfRobotsOnBlackSite,numberOfRobotsOnWhiteSite
2595,14,21
timeStep,numberOfRobotsOnBlackSite,numberOfRobotsOnWhiteSite
2596,14,21
timeStep,numberOfRobotsOnBlackSite,numberOfRobotsOnWhiteSite
2597,14,21
timeStep,numberOfRobotsOnBlackSite,numberOfRobotsOnWhiteSite
2598,14,21
timeStep,numberOfRobotsOnBlackSite,numberOfRobotsOnWhiteSite
2599,14,21
timeStep,numberOfRobotsOnBlackSite,numberOfRobotsOnWhiteSite
2600,14,21
timeStep,numberOfRobotsOnBlackSite,numberOfRobotsOnWhiteSite
2601,14,21
timeStep,numberOfRobotsOnBlackSite,numberOfRobotsOnWhiteSite
2602,14,21
timeStep,numberOfRobotsOnBlackSite,numberOfRobotsOnWhiteSite
2603,14,21
timeStep,numberOfRobotsOnBlackSite,numberOfRobotsOnWhiteSite
2604,14,21
timeStep,numberOfRobotsOnBlackSite,numberOfRobotsOnWhiteSite
2605,14,21
timeStep,numberOfRobotsOnBlackSite,numberOfRobotsOnWhiteSite
2606,14,21
timeStep,numberOfRobotsOnBlackSite,numberOfRobotsOnWhiteSite
2607,14,21
timeStep,numberOfRobotsOnBlackSite,numberOfRobotsOnWhiteSite
2608,14,21
timeStep,numberOfRobotsOnBlackSite,numberOfRobotsOnWhiteSite
2609,14,21
timeStep,numberOfRobotsOnBlackSite,numberOfRobotsOnWhiteSite
2610,14,21
timeStep,numberOfRobotsOnBlackSite,numberOfRobotsOnWhiteSite
2611,14,21
timeStep,numberOfRobotsOnBlackSite,numberOfRobotsOnWhiteSite
2612,14,21
timeStep,numberOfRobotsOnBlackSite,numberOfRobotsOnWhiteSite
2613,14,21
timeStep,numberOfRobotsOnBlackSite,numberOfRobotsOnWhiteSite
2614,14,21
timeStep,numberOfRobotsOnBlackSite,numberOfRobotsOnWhiteSite
2615,14,21
timeStep,numberOfRobotsOnBlackSite,numberOfRobotsOnWhiteSite
2616,14,21
timeStep,numberOfRobotsOnBlackSite,numberOfRobotsOnWhiteSite
2617,14,21
timeStep,numberOfRobotsOnBlackSite,numberOfRobotsOnWhiteSite
2618,14,21
timeStep,numberOfRobotsOnBlackSite,numberOfRobotsOnWhiteSite
2619,14,21
timeStep,numberOfRobotsOnBlackSite,numberOfRobotsOnWhiteSite
2620,14,21
timeStep,numberOfRobotsOnBlackSite,numberOfRobotsOnWhiteSite
2621,14,21
timeStep,numberOfRobotsOnBlackSite,numberOfRobotsOnWhiteSite
2622,14,21
timeStep,numberOfRobotsOnBlackSite,numberOfRobotsOnWhiteSite
2623,14,21
timeStep,numberOfRobotsOnBlackSite,numberOfRobotsOnWhiteSite
2624,14,21
timeStep,numberOfRobotsOnBlackSite,numberOfRobotsOnWhiteSite
2625,14,21
timeStep,numberOfRobotsOnBlackSite,numberOfRobotsOnWhiteSite
2626,14,21
timeStep,numberOfRobotsOnBlackSite,numberOfRobotsOnWhiteSite
2627,14,21
timeStep,numberOfRobotsOnBlackSite,numberOfRobotsOnWhiteSite
2628,14,21
timeStep,numberOfRobotsOnBlackSite,numberOfRobotsOnWhiteSite
2629,14,21
timeStep,numberOfRobotsOnBlackSite,numberOfRobotsOnWhiteSite
2630,14,21
timeStep,numberOfRobotsOnBlackSite,numberOfRobotsOnWhiteSite
2631,14,21
timeStep,numberOfRobotsOnBlackSite,numberOfRobotsOnWhiteSite
2632,14,21
timeStep,numberOfRobotsOnBlackSite,numberOfRobotsOnWhiteSite
2633,14,21
timeStep,numberOfRobotsOnBlackSite,numberOfRobotsOnWhiteSite
2634,14,21
timeStep,numberOfRobotsOnBlackSite,numberOfRobotsOnWhiteSite
2635,14,21
timeStep,numberOfRobotsOnBlackSite,numberOfRobotsOnWhiteSite
2636,14,21
timeStep,numberOfRobotsOnBlackSite,numberOfRobotsOnWhiteSite
2637,14,21
timeStep,numberOfRobotsOnBlackSite,numberOfRobotsOnWhiteSite
2638,14,21
timeStep,numberOfRobotsOnBlackSite,numberOfRobotsOnWhiteSite
2639,14,21
timeStep,numberOfRobotsOnBlackSite,numberOfRobotsOnWhiteSite
2640,14,21
timeStep,numberOfRobotsOnBlackSite,numberOfRobotsOnWhiteSite
2641,14,21
timeStep,numberOfRobotsOnBlackSite,numberOfRobotsOnWhiteSite
2642,14,21
timeStep,numberOfRobotsOnBlackSite,numberOfRobotsOnWhiteSite
2643,14,21
timeStep,numberOfRobotsOnBlackSite,numberOfRobotsOnWhiteSite
2644,14,21
timeStep,numberOfRobotsOnBlackSite,numberOfRobotsOnWhiteSite
2645,14,21
timeStep,numberOfRobotsOnBlackSite,numberOfRobotsOnWhiteSite
2646,14,21
timeStep,numberOfRobotsOnBlackSite,numberOfRobotsOnWhiteSite
2647,14,21
timeStep,numberOfRobotsOnBlackSite,numberOfRobotsOnWhiteSite
2648,14,21
timeStep,numberOfRobotsOnBlackSite,numberOfRobotsOnWhiteSite
2649,14,21
timeStep,numberOfRobotsOnBlackSite,numberOfRobotsOnWhiteSite
2650,14,21
timeStep,numberOfRobotsOnBlackSite,numberOfRobotsOnWhiteSite
2651,14,21
timeStep,numberOfRobotsOnBlackSite,numberOfRobotsOnWhiteSite
2652,14,21
timeStep,numberOfRobotsOnBlackSite,numberOfRobotsOnWhiteSite
2653,14,21
timeStep,numberOfRobotsOnBlackSite,numberOfRobotsOnWhiteSite
2654,14,21
timeStep,numberOfRobotsOnBlackSite,numberOfRobotsOnWhiteSite
2655,14,21
timeStep,numberOfRobotsOnBlackSite,numberOfRobotsOnWhiteSite
2656,14,21
timeStep,numberOfRobotsOnBlackSite,numberOfRobotsOnWhiteSite
2657,14,21
timeStep,numberOfRobotsOnBlackSite,numberOfRobotsOnWhiteSite
2658,14,21
timeStep,numberOfRobotsOnBlackSite,numberOfRobotsOnWhiteSite
2659,14,21
timeStep,numberOfRobotsOnBlackSite,numberOfRobotsOnWhiteSite
2660,14,21
timeStep,numberOfRobotsOnBlackSite,numberOfRobotsOnWhiteSite
2661,14,21
timeStep,numberOfRobotsOnBlackSite,numberOfRobotsOnWhiteSite
2662,14,21
timeStep,numberOfRobotsOnBlackSite,numberOfRobotsOnWhiteSite
2663,14,21
timeStep,numberOfRobotsOnBlackSite,numberOfRobotsOnWhiteSite
2664,14,21
timeStep,numberOfRobotsOnBlackSite,numberOfRobotsOnWhiteSite
2665,14,21
timeStep,numberOfRobotsOnBlackSite,numberOfRobotsOnWhiteSite
2666,14,21
timeStep,numberOfRobotsOnBlackSite,numberOfRobotsOnWhiteSite
2667,14,21
timeStep,numberOfRobotsOnBlackSite,numberOfRobotsOnWhiteSite
2668,14,21
timeStep,numberOfRobotsOnBlackSite,numberOfRobotsOnWhiteSite
2669,14,21
timeStep,numberOfRobotsOnBlackSite,numberOfRobotsOnWhiteSite
2670,14,21
timeStep,numberOfRobotsOnBlackSite,numberOfRobotsOnWhiteSite
2671,14,21
timeStep,numberOfRobotsOnBlackSite,numberOfRobotsOnWhiteSite
2672,14,21
timeStep,numberOfRobotsOnBlackSite,numberOfRobotsOnWhiteSite
2673,14,21
timeStep,numberOfRobotsOnBlackSite,numberOfRobotsOnWhiteSite
2674,14,21
timeStep,numberOfRobotsOnBlackSite,numberOfRobotsOnWhiteSite
2675,15,21
timeStep,numberOfRobotsOnBlackSite,numberOfRobotsOnWhiteSite
2676,15,21
timeStep,numberOfRobotsOnBlackSite,numberOfRobotsOnWhiteSite
2677,15,21
timeStep,numberOfRobotsOnBlackSite,numberOfRobotsOnWhiteSite
2678,15,21
timeStep,numberOfRobotsOnBlackSite,numberOfRobotsOnWhiteSite
2679,15,21
timeStep,numberOfRobotsOnBlackSite,numberOfRobotsOnWhiteSite
2680,15,21
timeStep,numberOfRobotsOnBlackSite,numberOfRobotsOnWhiteSite
2681,15,21
timeStep,numberOfRobotsOnBlackSite,numberOfRobotsOnWhiteSite
2682,15,21
timeStep,numberOfRobotsOnBlackSite,numberOfRobotsOnWhiteSite
2683,15,21
timeStep,numberOfRobotsOnBlackSite,numberOfRobotsOnWhiteSite
2684,15,21
timeStep,numberOfRobotsOnBlackSite,numberOfRobotsOnWhiteSite
2685,15,21
timeStep,numberOfRobotsOnBlackSite,numberOfRobotsOnWhiteSite
2686,15,21
timeStep,numberOfRobotsOnBlackSite,numberOfRobotsOnWhiteSite
2687,15,21
timeStep,numberOfRobotsOnBlackSite,numberOfRobotsOnWhiteSite
2688,15,21
timeStep,numberOfRobotsOnBlackSite,numberOfRobotsOnWhiteSite
2689,15,21
timeStep,numberOfRobotsOnBlackSite,numberOfRobotsOnWhiteSite
2690,15,21
timeStep,numberOfRobotsOnBlackSite,numberOfRobotsOnWhiteSite
2691,15,21
timeStep,numberOfRobotsOnBlackSite,numberOfRobotsOnWhiteSite
2692,15,21
timeStep,numberOfRobotsOnBlackSite,numberOfRobotsOnWhiteSite
2693,15,21
timeStep,numberOfRobotsOnBlackSite,numberOfRobotsOnWhiteSite
2694,15,21
timeStep,numberOfRobotsOnBlackSite,numberOfRobotsOnWhiteSite
2695,15,21
timeStep,numberOfRobotsOnBlackSite,numberOfRobotsOnWhiteSite
2696,15,21
timeStep,numberOfRobotsOnBlackSite,numberOfRobotsOnWhiteSite
2697,15,21
timeStep,numberOfRobotsOnBlackSite,numberOfRobotsOnWhiteSite
2698,15,21
timeStep,numberOfRobotsOnBlackSite,numberOfRobotsOnWhiteSite
2699,15,21
timeStep,numberOfRobotsOnBlackSite,numberOfRobotsOnWhiteSite
2700,15,21
timeStep,numberOfRobotsOnBlackSite,numberOfRobotsOnWhiteSite
2701,15,21
timeStep,numberOfRobotsOnBlackSite,numberOfRobotsOnWhiteSite
2702,15,21
timeStep,numberOfRobotsOnBlackSite,numberOfRobotsOnWhiteSite
2703,15,21
timeStep,numberOfRobotsOnBlackSite,numberOfRobotsOnWhiteSite
2704,15,21
timeStep,numberOfRobotsOnBlackSite,numberOfRobotsOnWhiteSite
2705,15,21
timeStep,numberOfRobotsOnBlackSite,numberOfRobotsOnWhiteSite
2706,15,21
timeStep,numberOfRobotsOnBlackSite,numberOfRobotsOnWhiteSite
2707,15,21
timeStep,numberOfRobotsOnBlackSite,numberOfRobotsOnWhiteSite
2708,15,21
timeStep,numberOfRobotsOnBlackSite,numberOfRobotsOnWhiteSite
2709,15,21
timeStep,numberOfRobotsOnBlackSite,numberOfRobotsOnWhiteSite
2710,14,21
timeStep,numberOfRobotsOnBlackSite,numberOfRobotsOnWhiteSite
2711,14,21
timeStep,numberOfRobotsOnBlackSite,numberOfRobotsOnWhiteSite
2712,14,21
timeStep,numberOfRobotsOnBlackSite,numberOfRobotsOnWhiteSite
2713,14,21
timeStep,numberOfRobotsOnBlackSite,numberOfRobotsOnWhiteSite
2714,14,21
timeStep,numberOfRobotsOnBlackSite,numberOfRobotsOnWhiteSite
2715,14,21
timeStep,numberOfRobotsOnBlackSite,numberOfRobotsOnWhiteSite
2716,14,21
timeStep,numberOfRobotsOnBlackSite,numberOfRobotsOnWhiteSite
2717,14,21
timeStep,numberOfRobotsOnBlackSite,numberOfRobotsOnWhiteSite
2718,14,21
timeStep,numberOfRobotsOnBlackSite,numberOfRobotsOnWhiteSite
2719,14,21
timeStep,numberOfRobotsOnBlackSite,numberOfRobotsOnWhiteSite
2720,14,21
timeStep,numberOfRobotsOnBlackSite,numberOfRobotsOnWhiteSite
2721,14,21
timeStep,numberOfRobotsOnBlackSite,numberOfRobotsOnWhiteSite
2722,14,21
timeStep,numberOfRobotsOnBlackSite,numberOfRobotsOnWhiteSite
2723,14,21
timeStep,numberOfRobotsOnBlackSite,numberOfRobotsOnWhiteSite
2724,14,21
timeStep,numberOfRobotsOnBlackSite,numberOfRobotsOnWhiteSite
2725,14,21
timeStep,numberOfRobotsOnBlackSite,numberOfRobotsOnWhiteSite
2726,14,21
timeStep,numberOfRobotsOnBlackSite,numberOfRobotsOnWhiteSite
2727,14,21
timeStep,numberOfRobotsOnBlackSite,numberOfRobotsOnWhiteSite
2728,14,21
timeStep,numberOfRobotsOnBlackSite,numberOfRobotsOnWhiteSite
2729,14,21
timeStep,numberOfRobotsOnBlackSite,numberOfRobotsOnWhiteSite
2730,14,21
timeStep,numberOfRobotsOnBlackSite,numberOfRobotsOnWhiteSite
2731,14,21
timeStep,numberOfRobotsOnBlackSite,numberOfRobotsOnWhiteSite
2732,14,21
timeStep,numberOfRobotsOnBlackSite,numberOfRobotsOnWhiteSite
2733,14,21
timeStep,numberOfRobotsOnBlackSite,numberOfRobotsOnWhiteSite
2734,14,21
timeStep,numberOfRobotsOnBlackSite,numberOfRobotsOnWhiteSite
2735,14,21
timeStep,numberOfRobotsOnBlackSite,numberOfRobotsOnWhiteSite
2736,14,21
timeStep,numberOfRobotsOnBlackSite,numberOfRobotsOnWhiteSite
2737,14,21
timeStep,numberOfRobotsOnBlackSite,numberOfRobotsOnWhiteSite
2738,14,21
timeStep,numberOfRobotsOnBlackSite,numberOfRobotsOnWhiteSite
2739,14,21
timeStep,numberOfRobotsOnBlackSite,numberOfRobotsOnWhiteSite
2740,14,21
timeStep,numberOfRobotsOnBlackSite,numberOfRobotsOnWhiteSite
2741,14,21
timeStep,numberOfRobotsOnBlackSite,numberOfRobotsOnWhiteSite
2742,14,21
timeStep,numberOfRobotsOnBlackSite,numberOfRobotsOnWhiteSite
2743,14,21
timeStep,numberOfRobotsOnBlackSite,numberOfRobotsOnWhiteSite
2744,14,21
timeStep,numberOfRobotsOnBlackSite,numberOfRobotsOnWhiteSite
2745,13,21
timeStep,numberOfRobotsOnBlackSite,numberOfRobotsOnWhiteSite
2746,13,21
timeStep,numberOfRobotsOnBlackSite,numberOfRobotsOnWhiteSite
2747,13,21
timeStep,numberOfRobotsOnBlackSite,numberOfRobotsOnWhiteSite
2748,13,21
timeStep,numberOfRobotsOnBlackSite,numberOfRobotsOnWhiteSite
2749,13,21
timeStep,numberOfRobotsOnBlackSite,numberOfRobotsOnWhiteSite
2750,13,21
timeStep,numberOfRobotsOnBlackSite,numberOfRobotsOnWhiteSite
2751,13,21
timeStep,numberOfRobotsOnBlackSite,numberOfRobotsOnWhiteSite
2752,13,21
timeStep,numberOfRobotsOnBlackSite,numberOfRobotsOnWhiteSite
2753,13,21
timeStep,numberOfRobotsOnBlackSite,numberOfRobotsOnWhiteSite
2754,13,21
timeStep,numberOfRobotsOnBlackSite,numberOfRobotsOnWhiteSite
2755,13,21
timeStep,numberOfRobotsOnBlackSite,numberOfRobotsOnWhiteSite
2756,13,21
timeStep,numberOfRobotsOnBlackSite,numberOfRobotsOnWhiteSite
2757,13,21
timeStep,numberOfRobotsOnBlackSite,numberOfRobotsOnWhiteSite
2758,13,21
timeStep,numberOfRobotsOnBlackSite,numberOfRobotsOnWhiteSite
2759,13,21
timeStep,numberOfRobotsOnBlackSite,numberOfRobotsOnWhiteSite
2760,13,21
timeStep,numberOfRobotsOnBlackSite,numberOfRobotsOnWhiteSite
2761,13,21
timeStep,numberOfRobotsOnBlackSite,numberOfRobotsOnWhiteSite
2762,13,21
timeStep,numberOfRobotsOnBlackSite,numberOfRobotsOnWhiteSite
2763,13,21
timeStep,numberOfRobotsOnBlackSite,numberOfRobotsOnWhiteSite
2764,13,21
timeStep,numberOfRobotsOnBlackSite,numberOfRobotsOnWhiteSite
2765,13,21
timeStep,numberOfRobotsOnBlackSite,numberOfRobotsOnWhiteSite
2766,13,21
timeStep,numberOfRobotsOnBlackSite,numberOfRobotsOnWhiteSite
2767,13,21
timeStep,numberOfRobotsOnBlackSite,numberOfRobotsOnWhiteSite
2768,13,21
timeStep,numberOfRobotsOnBlackSite,numberOfRobotsOnWhiteSite
2769,13,21
timeStep,numberOfRobotsOnBlackSite,numberOfRobotsOnWhiteSite
2770,13,21
timeStep,numberOfRobotsOnBlackSite,numberOfRobotsOnWhiteSite
2771,13,21
timeStep,numberOfRobotsOnBlackSite,numberOfRobotsOnWhiteSite
2772,13,21
timeStep,numberOfRobotsOnBlackSite,numberOfRobotsOnWhiteSite
2773,13,21
timeStep,numberOfRobotsOnBlackSite,numberOfRobotsOnWhiteSite
2774,13,21
timeStep,numberOfRobotsOnBlackSite,numberOfRobotsOnWhiteSite
2775,13,21
timeStep,numberOfRobotsOnBlackSite,numberOfRobotsOnWhiteSite
2776,13,21
timeStep,numberOfRobotsOnBlackSite,numberOfRobotsOnWhiteSite
2777,13,21
timeStep,numberOfRobotsOnBlackSite,numberOfRobotsOnWhiteSite
2778,13,21
timeStep,numberOfRobotsOnBlackSite,numberOfRobotsOnWhiteSite
2779,13,21
timeStep,numberOfRobotsOnBlackSite,numberOfRobotsOnWhiteSite
2780,13,21
timeStep,numberOfRobotsOnBlackSite,numberOfRobotsOnWhiteSite
2781,13,21
timeStep,numberOfRobotsOnBlackSite,numberOfRobotsOnWhiteSite
2782,13,21
timeStep,numberOfRobotsOnBlackSite,numberOfRobotsOnWhiteSite
2783,13,21
timeStep,numberOfRobotsOnBlackSite,numberOfRobotsOnWhiteSite
2784,13,21
timeStep,numberOfRobotsOnBlackSite,numberOfRobotsOnWhiteSite
2785,12,22
timeStep,numberOfRobotsOnBlackSite,numberOfRobotsOnWhiteSite
2786,12,22
timeStep,numberOfRobotsOnBlackSite,numberOfRobotsOnWhiteSite
2787,12,22
timeStep,numberOfRobotsOnBlackSite,numberOfRobotsOnWhiteSite
2788,12,22
timeStep,numberOfRobotsOnBlackSite,numberOfRobotsOnWhiteSite
2789,12,22
timeStep,numberOfRobotsOnBlackSite,numberOfRobotsOnWhiteSite
2790,12,22
timeStep,numberOfRobotsOnBlackSite,numberOfRobotsOnWhiteSite
2791,12,22
timeStep,numberOfRobotsOnBlackSite,numberOfRobotsOnWhiteSite
2792,12,22
timeStep,numberOfRobotsOnBlackSite,numberOfRobotsOnWhiteSite
2793,12,22
timeStep,numberOfRobotsOnBlackSite,numberOfRobotsOnWhiteSite
2794,12,22
timeStep,numberOfRobotsOnBlackSite,numberOfRobotsOnWhiteSite
2795,12,22
timeStep,numberOfRobotsOnBlackSite,numberOfRobotsOnWhiteSite
2796,12,22
timeStep,numberOfRobotsOnBlackSite,numberOfRobotsOnWhiteSite
2797,12,22
timeStep,numberOfRobotsOnBlackSite,numberOfRobotsOnWhiteSite
2798,12,22
timeStep,numberOfRobotsOnBlackSite,numberOfRobotsOnWhiteSite
2799,12,22
timeStep,numberOfRobotsOnBlackSite,numberOfRobotsOnWhiteSite
2800,12,22
timeStep,numberOfRobotsOnBlackSite,numberOfRobotsOnWhiteSite
2801,12,22
timeStep,numberOfRobotsOnBlackSite,numberOfRobotsOnWhiteSite
2802,12,22
timeStep,numberOfRobotsOnBlackSite,numberOfRobotsOnWhiteSite
2803,12,22
timeStep,numberOfRobotsOnBlackSite,numberOfRobotsOnWhiteSite
2804,12,22
timeStep,numberOfRobotsOnBlackSite,numberOfRobotsOnWhiteSite
2805,12,22
timeStep,numberOfRobotsOnBlackSite,numberOfRobotsOnWhiteSite
2806,12,22
timeStep,numberOfRobotsOnBlackSite,numberOfRobotsOnWhiteSite
2807,12,22
timeStep,numberOfRobotsOnBlackSite,numberOfRobotsOnWhiteSite
2808,12,22
timeStep,numberOfRobotsOnBlackSite,numberOfRobotsOnWhiteSite
2809,12,22
timeStep,numberOfRobotsOnBlackSite,numberOfRobotsOnWhiteSite
2810,12,22
timeStep,numberOfRobotsOnBlackSite,numberOfRobotsOnWhiteSite
2811,12,22
timeStep,numberOfRobotsOnBlackSite,numberOfRobotsOnWhiteSite
2812,12,22
timeStep,numberOfRobotsOnBlackSite,numberOfRobotsOnWhiteSite
2813,12,22
timeStep,numberOfRobotsOnBlackSite,numberOfRobotsOnWhiteSite
2814,12,22
timeStep,numberOfRobotsOnBlackSite,numberOfRobotsOnWhiteSite
2815,12,22
timeStep,numberOfRobotsOnBlackSite,numberOfRobotsOnWhiteSite
2816,12,22
timeStep,numberOfRobotsOnBlackSite,numberOfRobotsOnWhiteSite
2817,12,22
timeStep,numberOfRobotsOnBlackSite,numberOfRobotsOnWhiteSite
2818,12,22
timeStep,numberOfRobotsOnBlackSite,numberOfRobotsOnWhiteSite
2819,12,22
timeStep,numberOfRobotsOnBlackSite,numberOfRobotsOnWhiteSite
2820,12,22
timeStep,numberOfRobotsOnBlackSite,numberOfRobotsOnWhiteSite
2821,12,22
timeStep,numberOfRobotsOnBlackSite,numberOfRobotsOnWhiteSite
2822,12,22
timeStep,numberOfRobotsOnBlackSite,numberOfRobotsOnWhiteSite
2823,12,22
timeStep,numberOfRobotsOnBlackSite,numberOfRobotsOnWhiteSite
2824,12,22
timeStep,numberOfRobotsOnBlackSite,numberOfRobotsOnWhiteSite
2825,12,22
timeStep,numberOfRobotsOnBlackSite,numberOfRobotsOnWhiteSite
2826,12,22
timeStep,numberOfRobotsOnBlackSite,numberOfRobotsOnWhiteSite
2827,12,22
timeStep,numberOfRobotsOnBlackSite,numberOfRobotsOnWhiteSite
2828,12,22
timeStep,numberOfRobotsOnBlackSite,numberOfRobotsOnWhiteSite
2829,12,22
timeStep,numberOfRobotsOnBlackSite,numberOfRobotsOnWhiteSite
2830,13,22
timeStep,numberOfRobotsOnBlackSite,numberOfRobotsOnWhiteSite
2831,13,22
timeStep,numberOfRobotsOnBlackSite,numberOfRobotsOnWhiteSite
2832,13,22
timeStep,numberOfRobotsOnBlackSite,numberOfRobotsOnWhiteSite
2833,13,22
timeStep,numberOfRobotsOnBlackSite,numberOfRobotsOnWhiteSite
2834,13,22
timeStep,numberOfRobotsOnBlackSite,numberOfRobotsOnWhiteSite
2835,13,21
timeStep,numberOfRobotsOnBlackSite,numberOfRobotsOnWhiteSite
2836,13,21
timeStep,numberOfRobotsOnBlackSite,numberOfRobotsOnWhiteSite
2837,13,21
timeStep,numberOfRobotsOnBlackSite,numberOfRobotsOnWhiteSite
2838,13,21
timeStep,numberOfRobotsOnBlackSite,numberOfRobotsOnWhiteSite
2839,13,21
timeStep,numberOfRobotsOnBlackSite,numberOfRobotsOnWhiteSite
2840,13,21
timeStep,numberOfRobotsOnBlackSite,numberOfRobotsOnWhiteSite
2841,13,21
timeStep,numberOfRobotsOnBlackSite,numberOfRobotsOnWhiteSite
2842,13,21
timeStep,numberOfRobotsOnBlackSite,numberOfRobotsOnWhiteSite
2843,13,21
timeStep,numberOfRobotsOnBlackSite,numberOfRobotsOnWhiteSite
2844,13,21
timeStep,numberOfRobotsOnBlackSite,numberOfRobotsOnWhiteSite
2845,13,21
timeStep,numberOfRobotsOnBlackSite,numberOfRobotsOnWhiteSite
2846,13,21
timeStep,numberOfRobotsOnBlackSite,numberOfRobotsOnWhiteSite
2847,13,21
timeStep,numberOfRobotsOnBlackSite,numberOfRobotsOnWhiteSite
2848,13,21
timeStep,numberOfRobotsOnBlackSite,numberOfRobotsOnWhiteSite
2849,13,21
timeStep,numberOfRobotsOnBlackSite,numberOfRobotsOnWhiteSite
2850,13,21
timeStep,numberOfRobotsOnBlackSite,numberOfRobotsOnWhiteSite
2851,13,21
timeStep,numberOfRobotsOnBlackSite,numberOfRobotsOnWhiteSite
2852,13,21
timeStep,numberOfRobotsOnBlackSite,numberOfRobotsOnWhiteSite
2853,13,21
timeStep,numberOfRobotsOnBlackSite,numberOfRobotsOnWhiteSite
2854,13,21
timeStep,numberOfRobotsOnBlackSite,numberOfRobotsOnWhiteSite
2855,13,22
timeStep,numberOfRobotsOnBlackSite,numberOfRobotsOnWhiteSite
2856,13,22
timeStep,numberOfRobotsOnBlackSite,numberOfRobotsOnWhiteSite
2857,13,22
timeStep,numberOfRobotsOnBlackSite,numberOfRobotsOnWhiteSite
2858,13,22
timeStep,numberOfRobotsOnBlackSite,numberOfRobotsOnWhiteSite
2859,13,22
timeStep,numberOfRobotsOnBlackSite,numberOfRobotsOnWhiteSite
2860,14,22
timeStep,numberOfRobotsOnBlackSite,numberOfRobotsOnWhiteSite
2861,14,22
timeStep,numberOfRobotsOnBlackSite,numberOfRobotsOnWhiteSite
2862,14,22
timeStep,numberOfRobotsOnBlackSite,numberOfRobotsOnWhiteSite
2863,14,22
timeStep,numberOfRobotsOnBlackSite,numberOfRobotsOnWhiteSite
2864,14,22
timeStep,numberOfRobotsOnBlackSite,numberOfRobotsOnWhiteSite
2865,14,22
timeStep,numberOfRobotsOnBlackSite,numberOfRobotsOnWhiteSite
2866,14,22
timeStep,numberOfRobotsOnBlackSite,numberOfRobotsOnWhiteSite
2867,14,22
timeStep,numberOfRobotsOnBlackSite,numberOfRobotsOnWhiteSite
2868,14,22
timeStep,numberOfRobotsOnBlackSite,numberOfRobotsOnWhiteSite
2869,14,22
timeStep,numberOfRobotsOnBlackSite,numberOfRobotsOnWhiteSite
2870,14,22
timeStep,numberOfRobotsOnBlackSite,numberOfRobotsOnWhiteSite
2871,14,22
timeStep,numberOfRobotsOnBlackSite,numberOfRobotsOnWhiteSite
2872,14,22
timeStep,numberOfRobotsOnBlackSite,numberOfRobotsOnWhiteSite
2873,14,22
timeStep,numberOfRobotsOnBlackSite,numberOfRobotsOnWhiteSite
2874,14,22
timeStep,numberOfRobotsOnBlackSite,numberOfRobotsOnWhiteSite
2875,14,22
timeStep,numberOfRobotsOnBlackSite,numberOfRobotsOnWhiteSite
2876,14,22
timeStep,numberOfRobotsOnBlackSite,numberOfRobotsOnWhiteSite
2877,14,22
timeStep,numberOfRobotsOnBlackSite,numberOfRobotsOnWhiteSite
2878,14,22
timeStep,numberOfRobotsOnBlackSite,numberOfRobotsOnWhiteSite
2879,14,22
timeStep,numberOfRobotsOnBlackSite,numberOfRobotsOnWhiteSite
2880,14,22
timeStep,numberOfRobotsOnBlackSite,numberOfRobotsOnWhiteSite
2881,14,22
timeStep,numberOfRobotsOnBlackSite,numberOfRobotsOnWhiteSite
2882,14,22
timeStep,numberOfRobotsOnBlackSite,numberOfRobotsOnWhiteSite
2883,14,22
timeStep,numberOfRobotsOnBlackSite,numberOfRobotsOnWhiteSite
2884,14,22
timeStep,numberOfRobotsOnBlackSite,numberOfRobotsOnWhiteSite
2885,14,22
timeStep,numberOfRobotsOnBlackSite,numberOfRobotsOnWhiteSite
2886,14,22
timeStep,numberOfRobotsOnBlackSite,numberOfRobotsOnWhiteSite
2887,14,22
timeStep,numberOfRobotsOnBlackSite,numberOfRobotsOnWhiteSite
2888,14,22
timeStep,numberOfRobotsOnBlackSite,numberOfRobotsOnWhiteSite
2889,14,22
timeStep,numberOfRobotsOnBlackSite,numberOfRobotsOnWhiteSite
2890,14,22
timeStep,numberOfRobotsOnBlackSite,numberOfRobotsOnWhiteSite
2891,14,22
timeStep,numberOfRobotsOnBlackSite,numberOfRobotsOnWhiteSite
2892,14,22
timeStep,numberOfRobotsOnBlackSite,numberOfRobotsOnWhiteSite
2893,14,22
timeStep,numberOfRobotsOnBlackSite,numberOfRobotsOnWhiteSite
2894,14,22
timeStep,numberOfRobotsOnBlackSite,numberOfRobotsOnWhiteSite
2895,14,22
timeStep,numberOfRobotsOnBlackSite,numberOfRobotsOnWhiteSite
2896,14,22
timeStep,numberOfRobotsOnBlackSite,numberOfRobotsOnWhiteSite
2897,14,22
timeStep,numberOfRobotsOnBlackSite,numberOfRobotsOnWhiteSite
2898,14,22
timeStep,numberOfRobotsOnBlackSite,numberOfRobotsOnWhiteSite
2899,14,22
timeStep,numberOfRobotsOnBlackSite,numberOfRobotsOnWhiteSite
2900,14,22
timeStep,numberOfRobotsOnBlackSite,numberOfRobotsOnWhiteSite
2901,14,22
timeStep,numberOfRobotsOnBlackSite,numberOfRobotsOnWhiteSite
2902,14,22
timeStep,numberOfRobotsOnBlackSite,numberOfRobotsOnWhiteSite
2903,14,22
timeStep,numberOfRobotsOnBlackSite,numberOfRobotsOnWhiteSite
2904,14,22
timeStep,numberOfRobotsOnBlackSite,numberOfRobotsOnWhiteSite
2905,14,22
timeStep,numberOfRobotsOnBlackSite,numberOfRobotsOnWhiteSite
2906,14,22
timeStep,numberOfRobotsOnBlackSite,numberOfRobotsOnWhiteSite
2907,14,22
timeStep,numberOfRobotsOnBlackSite,numberOfRobotsOnWhiteSite
2908,14,22
timeStep,numberOfRobotsOnBlackSite,numberOfRobotsOnWhiteSite
2909,14,22
timeStep,numberOfRobotsOnBlackSite,numberOfRobotsOnWhiteSite
2910,14,22
timeStep,numberOfRobotsOnBlackSite,numberOfRobotsOnWhiteSite
2911,14,22
timeStep,numberOfRobotsOnBlackSite,numberOfRobotsOnWhiteSite
2912,14,22
timeStep,numberOfRobotsOnBlackSite,numberOfRobotsOnWhiteSite
2913,14,22
timeStep,numberOfRobotsOnBlackSite,numberOfRobotsOnWhiteSite
2914,14,22
timeStep,numberOfRobotsOnBlackSite,numberOfRobotsOnWhiteSite
2915,14,22
timeStep,numberOfRobotsOnBlackSite,numberOfRobotsOnWhiteSite
2916,14,22
timeStep,numberOfRobotsOnBlackSite,numberOfRobotsOnWhiteSite
2917,14,22
timeStep,numberOfRobotsOnBlackSite,numberOfRobotsOnWhiteSite
2918,14,22
timeStep,numberOfRobotsOnBlackSite,numberOfRobotsOnWhiteSite
2919,14,22
timeStep,numberOfRobotsOnBlackSite,numberOfRobotsOnWhiteSite
2920,15,22
timeStep,numberOfRobotsOnBlackSite,numberOfRobotsOnWhiteSite
2921,15,22
timeStep,numberOfRobotsOnBlackSite,numberOfRobotsOnWhiteSite
2922,15,22
timeStep,numberOfRobotsOnBlackSite,numberOfRobotsOnWhiteSite
2923,15,22
timeStep,numberOfRobotsOnBlackSite,numberOfRobotsOnWhiteSite
2924,15,22
timeStep,numberOfRobotsOnBlackSite,numberOfRobotsOnWhiteSite
2925,15,22
timeStep,numberOfRobotsOnBlackSite,numberOfRobotsOnWhiteSite
2926,15,22
timeStep,numberOfRobotsOnBlackSite,numberOfRobotsOnWhiteSite
2927,15,22
timeStep,numberOfRobotsOnBlackSite,numberOfRobotsOnWhiteSite
2928,15,22
timeStep,numberOfRobotsOnBlackSite,numberOfRobotsOnWhiteSite
2929,15,22
timeStep,numberOfRobotsOnBlackSite,numberOfRobotsOnWhiteSite
2930,15,22
timeStep,numberOfRobotsOnBlackSite,numberOfRobotsOnWhiteSite
2931,15,22
timeStep,numberOfRobotsOnBlackSite,numberOfRobotsOnWhiteSite
2932,15,22
timeStep,numberOfRobotsOnBlackSite,numberOfRobotsOnWhiteSite
2933,15,22
timeStep,numberOfRobotsOnBlackSite,numberOfRobotsOnWhiteSite
2934,15,22
timeStep,numberOfRobotsOnBlackSite,numberOfRobotsOnWhiteSite
2935,15,22
timeStep,numberOfRobotsOnBlackSite,numberOfRobotsOnWhiteSite
2936,15,22
timeStep,numberOfRobotsOnBlackSite,numberOfRobotsOnWhiteSite
2937,15,22
timeStep,numberOfRobotsOnBlackSite,numberOfRobotsOnWhiteSite
2938,15,22
timeStep,numberOfRobotsOnBlackSite,numberOfRobotsOnWhiteSite
2939,15,22
timeStep,numberOfRobotsOnBlackSite,numberOfRobotsOnWhiteSite
2940,15,22
timeStep,numberOfRobotsOnBlackSite,numberOfRobotsOnWhiteSite
2941,15,22
timeStep,numberOfRobotsOnBlackSite,numberOfRobotsOnWhiteSite
2942,15,22
timeStep,numberOfRobotsOnBlackSite,numberOfRobotsOnWhiteSite
2943,15,22
timeStep,numberOfRobotsOnBlackSite,numberOfRobotsOnWhiteSite
2944,15,22
timeStep,numberOfRobotsOnBlackSite,numberOfRobotsOnWhiteSite
2945,15,22
timeStep,numberOfRobotsOnBlackSite,numberOfRobotsOnWhiteSite
2946,15,22
timeStep,numberOfRobotsOnBlackSite,numberOfRobotsOnWhiteSite
2947,15,22
timeStep,numberOfRobotsOnBlackSite,numberOfRobotsOnWhiteSite
2948,15,22
timeStep,numberOfRobotsOnBlackSite,numberOfRobotsOnWhiteSite
2949,15,22
timeStep,numberOfRobotsOnBlackSite,numberOfRobotsOnWhiteSite
2950,15,22
timeStep,numberOfRobotsOnBlackSite,numberOfRobotsOnWhiteSite
2951,15,22
timeStep,numberOfRobotsOnBlackSite,numberOfRobotsOnWhiteSite
2952,15,22
timeStep,numberOfRobotsOnBlackSite,numberOfRobotsOnWhiteSite
2953,15,22
timeStep,numberOfRobotsOnBlackSite,numberOfRobotsOnWhiteSite
2954,15,22
timeStep,numberOfRobotsOnBlackSite,numberOfRobotsOnWhiteSite
2955,15,22
timeStep,numberOfRobotsOnBlackSite,numberOfRobotsOnWhiteSite
2956,15,22
timeStep,numberOfRobotsOnBlackSite,numberOfRobotsOnWhiteSite
2957,15,22
timeStep,numberOfRobotsOnBlackSite,numberOfRobotsOnWhiteSite
2958,15,22
timeStep,numberOfRobotsOnBlackSite,numberOfRobotsOnWhiteSite
2959,15,22
timeStep,numberOfRobotsOnBlackSite,numberOfRobotsOnWhiteSite
2960,15,22
timeStep,numberOfRobotsOnBlackSite,numberOfRobotsOnWhiteSite
2961,15,22
timeStep,numberOfRobotsOnBlackSite,numberOfRobotsOnWhiteSite
2962,15,22
timeStep,numberOfRobotsOnBlackSite,numberOfRobotsOnWhiteSite
2963,15,22
timeStep,numberOfRobotsOnBlackSite,numberOfRobotsOnWhiteSite
2964,15,22
timeStep,numberOfRobotsOnBlackSite,numberOfRobotsOnWhiteSite
2965,15,22
timeStep,numberOfRobotsOnBlackSite,numberOfRobotsOnWhiteSite
2966,15,22
timeStep,numberOfRobotsOnBlackSite,numberOfRobotsOnWhiteSite
2967,15,22
timeStep,numberOfRobotsOnBlackSite,numberOfRobotsOnWhiteSite
2968,15,22
timeStep,numberOfRobotsOnBlackSite,numberOfRobotsOnWhiteSite
2969,15,22
timeStep,numberOfRobotsOnBlackSite,numberOfRobotsOnWhiteSite
2970,15,22
timeStep,numberOfRobotsOnBlackSite,numberOfRobotsOnWhiteSite
2971,15,22
timeStep,numberOfRobotsOnBlackSite,numberOfRobotsOnWhiteSite
2972,15,22
timeStep,numberOfRobotsOnBlackSite,numberOfRobotsOnWhiteSite
2973,15,22
timeStep,numberOfRobotsOnBlackSite,numberOfRobotsOnWhiteSite
2974,15,22
timeStep,numberOfRobotsOnBlackSite,numberOfRobotsOnWhiteSite
2975,15,22
timeStep,numberOfRobotsOnBlackSite,numberOfRobotsOnWhiteSite
2976,15,22
timeStep,numberOfRobotsOnBlackSite,numberOfRobotsOnWhiteSite
2977,15,22
timeStep,numberOfRobotsOnBlackSite,numberOfRobotsOnWhiteSite
2978,15,22
timeStep,numberOfRobotsOnBlackSite,numberOfRobotsOnWhiteSite
2979,15,22
timeStep,numberOfRobotsOnBlackSite,numberOfRobotsOnWhiteSite
2980,15,22
timeStep,numberOfRobotsOnBlackSite,numberOfRobotsOnWhiteSite
2981,15,22
timeStep,numberOfRobotsOnBlackSite,numberOfRobotsOnWhiteSite
2982,15,22
timeStep,numberOfRobotsOnBlackSite,numberOfRobotsOnWhiteSite
2983,15,22
timeStep,numberOfRobotsOnBlackSite,numberOfRobotsOnWhiteSite
2984,15,22
timeStep,numberOfRobotsOnBlackSite,numberOfRobotsOnWhiteSite
2985,15,22
timeStep,numberOfRobotsOnBlackSite,numberOfRobotsOnWhiteSite
2986,15,22
timeStep,numberOfRobotsOnBlackSite,numberOfRobotsOnWhiteSite
2987,15,22
timeStep,numberOfRobotsOnBlackSite,numberOfRobotsOnWhiteSite
2988,15,22
timeStep,numberOfRobotsOnBlackSite,numberOfRobotsOnWhiteSite
2989,15,22
timeStep,numberOfRobotsOnBlackSite,numberOfRobotsOnWhiteSite
2990,15,22
timeStep,numberOfRobotsOnBlackSite,numberOfRobotsOnWhiteSite
2991,15,22
timeStep,numberOfRobotsOnBlackSite,numberOfRobotsOnWhiteSite
2992,15,22
timeStep,numberOfRobotsOnBlackSite,numberOfRobotsOnWhiteSite
2993,15,22
timeStep,numberOfRobotsOnBlackSite,numberOfRobotsOnWhiteSite
2994,15,22
timeStep,numberOfRobotsOnBlackSite,numberOfRobotsOnWhiteSite
2995,15,22
timeStep,numberOfRobotsOnBlackSite,numberOfRobotsOnWhiteSite
2996,15,22
timeStep,numberOfRobotsOnBlackSite,numberOfRobotsOnWhiteSite
2997,15,22
timeStep,numberOfRobotsOnBlackSite,numberOfRobotsOnWhiteSite
2998,15,22
timeStep,numberOfRobotsOnBlackSite,numberOfRobotsOnWhiteSite
2999,15,22
timeStep,numberOfRobotsOnBlackSite,numberOfRobotsOnWhiteSite
3000,15,22
timeStep,numberOfRobotsOnBlackSite,numberOfRobotsOnWhiteSite
3001,15,22
timeStep,numberOfRobotsOnBlackSite,numberOfRobotsOnWhiteSite
3002,15,22
timeStep,numberOfRobotsOnBlackSite,numberOfRobotsOnWhiteSite
3003,15,22
timeStep,numberOfRobotsOnBlackSite,numberOfRobotsOnWhiteSite
3004,15,22
timeStep,numberOfRobotsOnBlackSite,numberOfRobotsOnWhiteSite
3005,14,22
timeStep,numberOfRobotsOnBlackSite,numberOfRobotsOnWhiteSite
3006,14,22
timeStep,numberOfRobotsOnBlackSite,numberOfRobotsOnWhiteSite
3007,14,22
timeStep,numberOfRobotsOnBlackSite,numberOfRobotsOnWhiteSite
3008,14,22
timeStep,numberOfRobotsOnBlackSite,numberOfRobotsOnWhiteSite
3009,14,22
timeStep,numberOfRobotsOnBlackSite,numberOfRobotsOnWhiteSite
3010,14,22
timeStep,numberOfRobotsOnBlackSite,numberOfRobotsOnWhiteSite
3011,14,22
timeStep,numberOfRobotsOnBlackSite,numberOfRobotsOnWhiteSite
3012,14,22
timeStep,numberOfRobotsOnBlackSite,numberOfRobotsOnWhiteSite
3013,14,22
timeStep,numberOfRobotsOnBlackSite,numberOfRobotsOnWhiteSite
3014,14,22
timeStep,numberOfRobotsOnBlackSite,numberOfRobotsOnWhiteSite
3015,14,22
timeStep,numberOfRobotsOnBlackSite,numberOfRobotsOnWhiteSite
3016,14,22
timeStep,numberOfRobotsOnBlackSite,numberOfRobotsOnWhiteSite
3017,14,22
timeStep,numberOfRobotsOnBlackSite,numberOfRobotsOnWhiteSite
3018,14,22
timeStep,numberOfRobotsOnBlackSite,numberOfRobotsOnWhiteSite
3019,14,22
timeStep,numberOfRobotsOnBlackSite,numberOfRobotsOnWhiteSite
3020,14,22
timeStep,numberOfRobotsOnBlackSite,numberOfRobotsOnWhiteSite
3021,14,22
timeStep,numberOfRobotsOnBlackSite,numberOfRobotsOnWhiteSite
3022,14,22
timeStep,numberOfRobotsOnBlackSite,numberOfRobotsOnWhiteSite
3023,14,22
timeStep,numberOfRobotsOnBlackSite,numberOfRobotsOnWhiteSite
3024,14,22
timeStep,numberOfRobotsOnBlackSite,numberOfRobotsOnWhiteSite
3025,14,22
timeStep,numberOfRobotsOnBlackSite,numberOfRobotsOnWhiteSite
3026,14,22
timeStep,numberOfRobotsOnBlackSite,numberOfRobotsOnWhiteSite
3027,14,22
timeStep,numberOfRobotsOnBlackSite,numberOfRobotsOnWhiteSite
3028,14,22
timeStep,numberOfRobotsOnBlackSite,numberOfRobotsOnWhiteSite
3029,14,22
timeStep,numberOfRobotsOnBlackSite,numberOfRobotsOnWhiteSite
3030,14,22
timeStep,numberOfRobotsOnBlackSite,numberOfRobotsOnWhiteSite
3031,14,22
timeStep,numberOfRobotsOnBlackSite,numberOfRobotsOnWhiteSite
3032,14,22
timeStep,numberOfRobotsOnBlackSite,numberOfRobotsOnWhiteSite
3033,14,22
timeStep,numberOfRobotsOnBlackSite,numberOfRobotsOnWhiteSite
3034,14,22
timeStep,numberOfRobotsOnBlackSite,numberOfRobotsOnWhiteSite
3035,14,22
timeStep,numberOfRobotsOnBlackSite,numberOfRobotsOnWhiteSite
3036,14,22
timeStep,numberOfRobotsOnBlackSite,numberOfRobotsOnWhiteSite
3037,14,22
timeStep,numberOfRobotsOnBlackSite,numberOfRobotsOnWhiteSite
3038,14,22
timeStep,numberOfRobotsOnBlackSite,numberOfRobotsOnWhiteSite
3039,14,22
timeStep,numberOfRobotsOnBlackSite,numberOfRobotsOnWhiteSite
3040,15,22
timeStep,numberOfRobotsOnBlackSite,numberOfRobotsOnWhiteSite
3041,15,22
timeStep,numberOfRobotsOnBlackSite,numberOfRobotsOnWhiteSite
3042,15,22
timeStep,numberOfRobotsOnBlackSite,numberOfRobotsOnWhiteSite
3043,15,22
timeStep,numberOfRobotsOnBlackSite,numberOfRobotsOnWhiteSite
3044,15,22
timeStep,numberOfRobotsOnBlackSite,numberOfRobotsOnWhiteSite
3045,15,22
timeStep,numberOfRobotsOnBlackSite,numberOfRobotsOnWhiteSite
3046,15,22
timeStep,numberOfRobotsOnBlackSite,numberOfRobotsOnWhiteSite
3047,15,22
timeStep,numberOfRobotsOnBlackSite,numberOfRobotsOnWhiteSite
3048,15,22
timeStep,numberOfRobotsOnBlackSite,numberOfRobotsOnWhiteSite
3049,15,22
timeStep,numberOfRobotsOnBlackSite,numberOfRobotsOnWhiteSite
3050,15,22
timeStep,numberOfRobotsOnBlackSite,numberOfRobotsOnWhiteSite
3051,15,22
timeStep,numberOfRobotsOnBlackSite,numberOfRobotsOnWhiteSite
3052,15,22
timeStep,numberOfRobotsOnBlackSite,numberOfRobotsOnWhiteSite
3053,15,22
timeStep,numberOfRobotsOnBlackSite,numberOfRobotsOnWhiteSite
3054,15,22
timeStep,numberOfRobotsOnBlackSite,numberOfRobotsOnWhiteSite
3055,15,22
timeStep,numberOfRobotsOnBlackSite,numberOfRobotsOnWhiteSite
3056,15,22
timeStep,numberOfRobotsOnBlackSite,numberOfRobotsOnWhiteSite
3057,15,22
timeStep,numberOfRobotsOnBlackSite,numberOfRobotsOnWhiteSite
3058,15,22
timeStep,numberOfRobotsOnBlackSite,numberOfRobotsOnWhiteSite
3059,15,22
timeStep,numberOfRobotsOnBlackSite,numberOfRobotsOnWhiteSite
3060,15,22
timeStep,numberOfRobotsOnBlackSite,numberOfRobotsOnWhiteSite
3061,15,22
timeStep,numberOfRobotsOnBlackSite,numberOfRobotsOnWhiteSite
3062,15,22
timeStep,numberOfRobotsOnBlackSite,numberOfRobotsOnWhiteSite
3063,15,22
timeStep,numberOfRobotsOnBlackSite,numberOfRobotsOnWhiteSite
3064,15,22
timeStep,numberOfRobotsOnBlackSite,numberOfRobotsOnWhiteSite
3065,15,22
timeStep,numberOfRobotsOnBlackSite,numberOfRobotsOnWhiteSite
3066,15,22
timeStep,numberOfRobotsOnBlackSite,numberOfRobotsOnWhiteSite
3067,15,22
timeStep,numberOfRobotsOnBlackSite,numberOfRobotsOnWhiteSite
3068,15,22
timeStep,numberOfRobotsOnBlackSite,numberOfRobotsOnWhiteSite
3069,15,22
timeStep,numberOfRobotsOnBlackSite,numberOfRobotsOnWhiteSite
3070,15,22
timeStep,numberOfRobotsOnBlackSite,numberOfRobotsOnWhiteSite
3071,15,22
timeStep,numberOfRobotsOnBlackSite,numberOfRobotsOnWhiteSite
3072,15,22
timeStep,numberOfRobotsOnBlackSite,numberOfRobotsOnWhiteSite
3073,15,22
timeStep,numberOfRobotsOnBlackSite,numberOfRobotsOnWhiteSite
3074,15,22
timeStep,numberOfRobotsOnBlackSite,numberOfRobotsOnWhiteSite
3075,15,22
timeStep,numberOfRobotsOnBlackSite,numberOfRobotsOnWhiteSite
3076,15,22
timeStep,numberOfRobotsOnBlackSite,numberOfRobotsOnWhiteSite
3077,15,22
timeStep,numberOfRobotsOnBlackSite,numberOfRobotsOnWhiteSite
3078,15,22
timeStep,numberOfRobotsOnBlackSite,numberOfRobotsOnWhiteSite
3079,15,22
timeStep,numberOfRobotsOnBlackSite,numberOfRobotsOnWhiteSite
3080,15,22
timeStep,numberOfRobotsOnBlackSite,numberOfRobotsOnWhiteSite
3081,15,22
timeStep,numberOfRobotsOnBlackSite,numberOfRobotsOnWhiteSite
3082,15,22
timeStep,numberOfRobotsOnBlackSite,numberOfRobotsOnWhiteSite
3083,15,22
timeStep,numberOfRobotsOnBlackSite,numberOfRobotsOnWhiteSite
3084,15,22
timeStep,numberOfRobotsOnBlackSite,numberOfRobotsOnWhiteSite
3085,15,22
timeStep,numberOfRobotsOnBlackSite,numberOfRobotsOnWhiteSite
3086,15,22
timeStep,numberOfRobotsOnBlackSite,numberOfRobotsOnWhiteSite
3087,15,22
timeStep,numberOfRobotsOnBlackSite,numberOfRobotsOnWhiteSite
3088,15,22
timeStep,numberOfRobotsOnBlackSite,numberOfRobotsOnWhiteSite
3089,15,22
timeStep,numberOfRobotsOnBlackSite,numberOfRobotsOnWhiteSite
3090,15,22
timeStep,numberOfRobotsOnBlackSite,numberOfRobotsOnWhiteSite
3091,15,22
timeStep,numberOfRobotsOnBlackSite,numberOfRobotsOnWhiteSite
3092,15,22
timeStep,numberOfRobotsOnBlackSite,numberOfRobotsOnWhiteSite
3093,15,22
timeStep,numberOfRobotsOnBlackSite,numberOfRobotsOnWhiteSite
3094,15,22
timeStep,numberOfRobotsOnBlackSite,numberOfRobotsOnWhiteSite
3095,15,22
timeStep,numberOfRobotsOnBlackSite,numberOfRobotsOnWhiteSite
3096,15,22
timeStep,numberOfRobotsOnBlackSite,numberOfRobotsOnWhiteSite
3097,15,22
timeStep,numberOfRobotsOnBlackSite,numberOfRobotsOnWhiteSite
3098,15,22
timeStep,numberOfRobotsOnBlackSite,numberOfRobotsOnWhiteSite
3099,15,22
timeStep,numberOfRobotsOnBlackSite,numberOfRobotsOnWhiteSite
3100,16,22
timeStep,numberOfRobotsOnBlackSite,numberOfRobotsOnWhiteSite
3101,16,22
timeStep,numberOfRobotsOnBlackSite,numberOfRobotsOnWhiteSite
3102,16,22
timeStep,numberOfRobotsOnBlackSite,numberOfRobotsOnWhiteSite
3103,16,22
timeStep,numberOfRobotsOnBlackSite,numberOfRobotsOnWhiteSite
3104,16,22
timeStep,numberOfRobotsOnBlackSite,numberOfRobotsOnWhiteSite
3105,16,22
timeStep,numberOfRobotsOnBlackSite,numberOfRobotsOnWhiteSite
3106,16,22
timeStep,numberOfRobotsOnBlackSite,numberOfRobotsOnWhiteSite
3107,16,22
timeStep,numberOfRobotsOnBlackSite,numberOfRobotsOnWhiteSite
3108,16,22
timeStep,numberOfRobotsOnBlackSite,numberOfRobotsOnWhiteSite
3109,16,22
timeStep,numberOfRobotsOnBlackSite,numberOfRobotsOnWhiteSite
3110,16,22
timeStep,numberOfRobotsOnBlackSite,numberOfRobotsOnWhiteSite
3111,16,22
timeStep,numberOfRobotsOnBlackSite,numberOfRobotsOnWhiteSite
3112,16,22
timeStep,numberOfRobotsOnBlackSite,numberOfRobotsOnWhiteSite
3113,16,22
timeStep,numberOfRobotsOnBlackSite,numberOfRobotsOnWhiteSite
3114,16,22
timeStep,numberOfRobotsOnBlackSite,numberOfRobotsOnWhiteSite
3115,16,22
timeStep,numberOfRobotsOnBlackSite,numberOfRobotsOnWhiteSite
3116,16,22
timeStep,numberOfRobotsOnBlackSite,numberOfRobotsOnWhiteSite
3117,16,22
timeStep,numberOfRobotsOnBlackSite,numberOfRobotsOnWhiteSite
3118,16,22
timeStep,numberOfRobotsOnBlackSite,numberOfRobotsOnWhiteSite
3119,16,22
timeStep,numberOfRobotsOnBlackSite,numberOfRobotsOnWhiteSite
3120,16,22
timeStep,numberOfRobotsOnBlackSite,numberOfRobotsOnWhiteSite
3121,16,22
timeStep,numberOfRobotsOnBlackSite,numberOfRobotsOnWhiteSite
3122,16,22
timeStep,numberOfRobotsOnBlackSite,numberOfRobotsOnWhiteSite
3123,16,22
timeStep,numberOfRobotsOnBlackSite,numberOfRobotsOnWhiteSite
3124,16,22
timeStep,numberOfRobotsOnBlackSite,numberOfRobotsOnWhiteSite
3125,15,22
timeStep,numberOfRobotsOnBlackSite,numberOfRobotsOnWhiteSite
3126,15,22
timeStep,numberOfRobotsOnBlackSite,numberOfRobotsOnWhiteSite
3127,15,22
timeStep,numberOfRobotsOnBlackSite,numberOfRobotsOnWhiteSite
3128,15,22
timeStep,numberOfRobotsOnBlackSite,numberOfRobotsOnWhiteSite
3129,15,22
timeStep,numberOfRobotsOnBlackSite,numberOfRobotsOnWhiteSite
3130,15,22
timeStep,numberOfRobotsOnBlackSite,numberOfRobotsOnWhiteSite
3131,15,22
timeStep,numberOfRobotsOnBlackSite,numberOfRobotsOnWhiteSite
3132,15,22
timeStep,numberOfRobotsOnBlackSite,numberOfRobotsOnWhiteSite
3133,15,22
timeStep,numberOfRobotsOnBlackSite,numberOfRobotsOnWhiteSite
3134,15,22
timeStep,numberOfRobotsOnBlackSite,numberOfRobotsOnWhiteSite
3135,15,21
timeStep,numberOfRobotsOnBlackSite,numberOfRobotsOnWhiteSite
3136,15,21
timeStep,numberOfRobotsOnBlackSite,numberOfRobotsOnWhiteSite
3137,15,21
timeStep,numberOfRobotsOnBlackSite,numberOfRobotsOnWhiteSite
3138,15,21
timeStep,numberOfRobotsOnBlackSite,numberOfRobotsOnWhiteSite
3139,15,21
timeStep,numberOfRobotsOnBlackSite,numberOfRobotsOnWhiteSite
3140,15,21
timeStep,numberOfRobotsOnBlackSite,numberOfRobotsOnWhiteSite
3141,15,21
timeStep,numberOfRobotsOnBlackSite,numberOfRobotsOnWhiteSite
3142,15,21
timeStep,numberOfRobotsOnBlackSite,numberOfRobotsOnWhiteSite
3143,15,21
timeStep,numberOfRobotsOnBlackSite,numberOfRobotsOnWhiteSite
3144,15,21
timeStep,numberOfRobotsOnBlackSite,numberOfRobotsOnWhiteSite
3145,15,21
timeStep,numberOfRobotsOnBlackSite,numberOfRobotsOnWhiteSite
3146,15,21
timeStep,numberOfRobotsOnBlackSite,numberOfRobotsOnWhiteSite
3147,15,21
timeStep,numberOfRobotsOnBlackSite,numberOfRobotsOnWhiteSite
3148,15,21
timeStep,numberOfRobotsOnBlackSite,numberOfRobotsOnWhiteSite
3149,15,21
timeStep,numberOfRobotsOnBlackSite,numberOfRobotsOnWhiteSite
3150,15,21
timeStep,numberOfRobotsOnBlackSite,numberOfRobotsOnWhiteSite
3151,15,21
timeStep,numberOfRobotsOnBlackSite,numberOfRobotsOnWhiteSite
3152,15,21
timeStep,numberOfRobotsOnBlackSite,numberOfRobotsOnWhiteSite
3153,15,21
timeStep,numberOfRobotsOnBlackSite,numberOfRobotsOnWhiteSite
3154,15,21
timeStep,numberOfRobotsOnBlackSite,numberOfRobotsOnWhiteSite
3155,15,21
timeStep,numberOfRobotsOnBlackSite,numberOfRobotsOnWhiteSite
3156,15,21
timeStep,numberOfRobotsOnBlackSite,numberOfRobotsOnWhiteSite
3157,15,21
timeStep,numberOfRobotsOnBlackSite,numberOfRobotsOnWhiteSite
3158,15,21
timeStep,numberOfRobotsOnBlackSite,numberOfRobotsOnWhiteSite
3159,15,21
timeStep,numberOfRobotsOnBlackSite,numberOfRobotsOnWhiteSite
3160,15,21
timeStep,numberOfRobotsOnBlackSite,numberOfRobotsOnWhiteSite
3161,15,21
timeStep,numberOfRobotsOnBlackSite,numberOfRobotsOnWhiteSite
3162,15,21
timeStep,numberOfRobotsOnBlackSite,numberOfRobotsOnWhiteSite
3163,15,21
timeStep,numberOfRobotsOnBlackSite,numberOfRobotsOnWhiteSite
3164,15,21
timeStep,numberOfRobotsOnBlackSite,numberOfRobotsOnWhiteSite
3165,15,21
timeStep,numberOfRobotsOnBlackSite,numberOfRobotsOnWhiteSite
3166,15,21
timeStep,numberOfRobotsOnBlackSite,numberOfRobotsOnWhiteSite
3167,15,21
timeStep,numberOfRobotsOnBlackSite,numberOfRobotsOnWhiteSite
3168,15,21
timeStep,numberOfRobotsOnBlackSite,numberOfRobotsOnWhiteSite
3169,15,21
timeStep,numberOfRobotsOnBlackSite,numberOfRobotsOnWhiteSite
3170,15,21
timeStep,numberOfRobotsOnBlackSite,numberOfRobotsOnWhiteSite
3171,15,21
timeStep,numberOfRobotsOnBlackSite,numberOfRobotsOnWhiteSite
3172,15,21
timeStep,numberOfRobotsOnBlackSite,numberOfRobotsOnWhiteSite
3173,15,21
timeStep,numberOfRobotsOnBlackSite,numberOfRobotsOnWhiteSite
3174,15,21
timeStep,numberOfRobotsOnBlackSite,numberOfRobotsOnWhiteSite
3175,15,22
timeStep,numberOfRobotsOnBlackSite,numberOfRobotsOnWhiteSite
3176,15,22
timeStep,numberOfRobotsOnBlackSite,numberOfRobotsOnWhiteSite
3177,15,22
timeStep,numberOfRobotsOnBlackSite,numberOfRobotsOnWhiteSite
3178,15,22
timeStep,numberOfRobotsOnBlackSite,numberOfRobotsOnWhiteSite
3179,15,22
timeStep,numberOfRobotsOnBlackSite,numberOfRobotsOnWhiteSite
3180,15,22
timeStep,numberOfRobotsOnBlackSite,numberOfRobotsOnWhiteSite
3181,15,22
timeStep,numberOfRobotsOnBlackSite,numberOfRobotsOnWhiteSite
3182,15,22
timeStep,numberOfRobotsOnBlackSite,numberOfRobotsOnWhiteSite
3183,15,22
timeStep,numberOfRobotsOnBlackSite,numberOfRobotsOnWhiteSite
3184,15,22
timeStep,numberOfRobotsOnBlackSite,numberOfRobotsOnWhiteSite
3185,15,22
timeStep,numberOfRobotsOnBlackSite,numberOfRobotsOnWhiteSite
3186,15,22
timeStep,numberOfRobotsOnBlackSite,numberOfRobotsOnWhiteSite
3187,15,22
timeStep,numberOfRobotsOnBlackSite,numberOfRobotsOnWhiteSite
3188,15,22
timeStep,numberOfRobotsOnBlackSite,numberOfRobotsOnWhiteSite
3189,15,22
timeStep,numberOfRobotsOnBlackSite,numberOfRobotsOnWhiteSite
3190,15,22
timeStep,numberOfRobotsOnBlackSite,numberOfRobotsOnWhiteSite
3191,15,22
timeStep,numberOfRobotsOnBlackSite,numberOfRobotsOnWhiteSite
3192,15,22
timeStep,numberOfRobotsOnBlackSite,numberOfRobotsOnWhiteSite
3193,15,22
timeStep,numberOfRobotsOnBlackSite,numberOfRobotsOnWhiteSite
3194,15,22
timeStep,numberOfRobotsOnBlackSite,numberOfRobotsOnWhiteSite
3195,15,22
timeStep,numberOfRobotsOnBlackSite,numberOfRobotsOnWhiteSite
3196,15,22
timeStep,numberOfRobotsOnBlackSite,numberOfRobotsOnWhiteSite
3197,15,22
timeStep,numberOfRobotsOnBlackSite,numberOfRobotsOnWhiteSite
3198,15,22
timeStep,numberOfRobotsOnBlackSite,numberOfRobotsOnWhiteSite
3199,15,22
timeStep,numberOfRobotsOnBlackSite,numberOfRobotsOnWhiteSite
3200,15,22
timeStep,numberOfRobotsOnBlackSite,numberOfRobotsOnWhiteSite
3201,15,22
timeStep,numberOfRobotsOnBlackSite,numberOfRobotsOnWhiteSite
3202,15,22
timeStep,numberOfRobotsOnBlackSite,numberOfRobotsOnWhiteSite
3203,15,22
timeStep,numberOfRobotsOnBlackSite,numberOfRobotsOnWhiteSite
3204,15,22
timeStep,numberOfRobotsOnBlackSite,numberOfRobotsOnWhiteSite
3205,15,22
timeStep,numberOfRobotsOnBlackSite,numberOfRobotsOnWhiteSite
3206,15,22
timeStep,numberOfRobotsOnBlackSite,numberOfRobotsOnWhiteSite
3207,15,22
timeStep,numberOfRobotsOnBlackSite,numberOfRobotsOnWhiteSite
3208,15,22
timeStep,numberOfRobotsOnBlackSite,numberOfRobotsOnWhiteSite
3209,15,22
timeStep,numberOfRobotsOnBlackSite,numberOfRobotsOnWhiteSite
3210,15,22
timeStep,numberOfRobotsOnBlackSite,numberOfRobotsOnWhiteSite
3211,15,22
timeStep,numberOfRobotsOnBlackSite,numberOfRobotsOnWhiteSite
3212,15,22
timeStep,numberOfRobotsOnBlackSite,numberOfRobotsOnWhiteSite
3213,15,22
timeStep,numberOfRobotsOnBlackSite,numberOfRobotsOnWhiteSite
3214,15,22
timeStep,numberOfRobotsOnBlackSite,numberOfRobotsOnWhiteSite
3215,15,22
timeStep,numberOfRobotsOnBlackSite,numberOfRobotsOnWhiteSite
3216,15,22
timeStep,numberOfRobotsOnBlackSite,numberOfRobotsOnWhiteSite
3217,15,22
timeStep,numberOfRobotsOnBlackSite,numberOfRobotsOnWhiteSite
3218,15,22
timeStep,numberOfRobotsOnBlackSite,numberOfRobotsOnWhiteSite
3219,15,22
timeStep,numberOfRobotsOnBlackSite,numberOfRobotsOnWhiteSite
3220,15,22
timeStep,numberOfRobotsOnBlackSite,numberOfRobotsOnWhiteSite
3221,15,22
timeStep,numberOfRobotsOnBlackSite,numberOfRobotsOnWhiteSite
3222,15,22
timeStep,numberOfRobotsOnBlackSite,numberOfRobotsOnWhiteSite
3223,15,22
timeStep,numberOfRobotsOnBlackSite,numberOfRobotsOnWhiteSite
3224,15,22
timeStep,numberOfRobotsOnBlackSite,numberOfRobotsOnWhiteSite
3225,15,22
timeStep,numberOfRobotsOnBlackSite,numberOfRobotsOnWhiteSite
3226,15,22
timeStep,numberOfRobotsOnBlackSite,numberOfRobotsOnWhiteSite
3227,15,22
timeStep,numberOfRobotsOnBlackSite,numberOfRobotsOnWhiteSite
3228,15,22
timeStep,numberOfRobotsOnBlackSite,numberOfRobotsOnWhiteSite
3229,15,22
timeStep,numberOfRobotsOnBlackSite,numberOfRobotsOnWhiteSite
3230,15,22
timeStep,numberOfRobotsOnBlackSite,numberOfRobotsOnWhiteSite
3231,15,22
timeStep,numberOfRobotsOnBlackSite,numberOfRobotsOnWhiteSite
3232,15,22
timeStep,numberOfRobotsOnBlackSite,numberOfRobotsOnWhiteSite
3233,15,22
timeStep,numberOfRobotsOnBlackSite,numberOfRobotsOnWhiteSite
3234,15,22
timeStep,numberOfRobotsOnBlackSite,numberOfRobotsOnWhiteSite
3235,15,22
timeStep,numberOfRobotsOnBlackSite,numberOfRobotsOnWhiteSite
3236,15,22
timeStep,numberOfRobotsOnBlackSite,numberOfRobotsOnWhiteSite
3237,15,22
timeStep,numberOfRobotsOnBlackSite,numberOfRobotsOnWhiteSite
3238,15,22
timeStep,numberOfRobotsOnBlackSite,numberOfRobotsOnWhiteSite
3239,15,22
timeStep,numberOfRobotsOnBlackSite,numberOfRobotsOnWhiteSite
3240,15,22
timeStep,numberOfRobotsOnBlackSite,numberOfRobotsOnWhiteSite
3241,15,22
timeStep,numberOfRobotsOnBlackSite,numberOfRobotsOnWhiteSite
3242,15,22
timeStep,numberOfRobotsOnBlackSite,numberOfRobotsOnWhiteSite
3243,15,22
timeStep,numberOfRobotsOnBlackSite,numberOfRobotsOnWhiteSite
3244,15,22
timeStep,numberOfRobotsOnBlackSite,numberOfRobotsOnWhiteSite
3245,15,22
timeStep,numberOfRobotsOnBlackSite,numberOfRobotsOnWhiteSite
3246,15,22
timeStep,numberOfRobotsOnBlackSite,numberOfRobotsOnWhiteSite
3247,15,22
timeStep,numberOfRobotsOnBlackSite,numberOfRobotsOnWhiteSite
3248,15,22
timeStep,numberOfRobotsOnBlackSite,numberOfRobotsOnWhiteSite
3249,15,22
timeStep,numberOfRobotsOnBlackSite,numberOfRobotsOnWhiteSite
3250,15,22
timeStep,numberOfRobotsOnBlackSite,numberOfRobotsOnWhiteSite
3251,15,22
timeStep,numberOfRobotsOnBlackSite,numberOfRobotsOnWhiteSite
3252,15,22
timeStep,numberOfRobotsOnBlackSite,numberOfRobotsOnWhiteSite
3253,15,22
timeStep,numberOfRobotsOnBlackSite,numberOfRobotsOnWhiteSite
3254,15,22
timeStep,numberOfRobotsOnBlackSite,numberOfRobotsOnWhiteSite
3255,15,22
timeStep,numberOfRobotsOnBlackSite,numberOfRobotsOnWhiteSite
3256,15,22
timeStep,numberOfRobotsOnBlackSite,numberOfRobotsOnWhiteSite
3257,15,22
timeStep,numberOfRobotsOnBlackSite,numberOfRobotsOnWhiteSite
3258,15,22
timeStep,numberOfRobotsOnBlackSite,numberOfRobotsOnWhiteSite
3259,15,22
timeStep,numberOfRobotsOnBlackSite,numberOfRobotsOnWhiteSite
3260,15,22
timeStep,numberOfRobotsOnBlackSite,numberOfRobotsOnWhiteSite
3261,15,22
timeStep,numberOfRobotsOnBlackSite,numberOfRobotsOnWhiteSite
3262,15,22
timeStep,numberOfRobotsOnBlackSite,numberOfRobotsOnWhiteSite
3263,15,22
timeStep,numberOfRobotsOnBlackSite,numberOfRobotsOnWhiteSite
3264,15,22
timeStep,numberOfRobotsOnBlackSite,numberOfRobotsOnWhiteSite
3265,15,22
timeStep,numberOfRobotsOnBlackSite,numberOfRobotsOnWhiteSite
3266,15,22
timeStep,numberOfRobotsOnBlackSite,numberOfRobotsOnWhiteSite
3267,15,22
timeStep,numberOfRobotsOnBlackSite,numberOfRobotsOnWhiteSite
3268,15,22
timeStep,numberOfRobotsOnBlackSite,numberOfRobotsOnWhiteSite
3269,15,22
timeStep,numberOfRobotsOnBlackSite,numberOfRobotsOnWhiteSite
3270,15,22
timeStep,numberOfRobotsOnBlackSite,numberOfRobotsOnWhiteSite
3271,15,22
timeStep,numberOfRobotsOnBlackSite,numberOfRobotsOnWhiteSite
3272,15,22
timeStep,numberOfRobotsOnBlackSite,numberOfRobotsOnWhiteSite
3273,15,22
timeStep,numberOfRobotsOnBlackSite,numberOfRobotsOnWhiteSite
3274,15,22
timeStep,numberOfRobotsOnBlackSite,numberOfRobotsOnWhiteSite
3275,15,22
timeStep,numberOfRobotsOnBlackSite,numberOfRobotsOnWhiteSite
3276,15,22
timeStep,numberOfRobotsOnBlackSite,numberOfRobotsOnWhiteSite
3277,15,22
timeStep,numberOfRobotsOnBlackSite,numberOfRobotsOnWhiteSite
3278,15,22
timeStep,numberOfRobotsOnBlackSite,numberOfRobotsOnWhiteSite
3279,15,22
timeStep,numberOfRobotsOnBlackSite,numberOfRobotsOnWhiteSite
3280,15,22
timeStep,numberOfRobotsOnBlackSite,numberOfRobotsOnWhiteSite
3281,15,22
timeStep,numberOfRobotsOnBlackSite,numberOfRobotsOnWhiteSite
3282,15,22
timeStep,numberOfRobotsOnBlackSite,numberOfRobotsOnWhiteSite
3283,15,22
timeStep,numberOfRobotsOnBlackSite,numberOfRobotsOnWhiteSite
3284,15,22
timeStep,numberOfRobotsOnBlackSite,numberOfRobotsOnWhiteSite
3285,15,22
timeStep,numberOfRobotsOnBlackSite,numberOfRobotsOnWhiteSite
3286,15,22
timeStep,numberOfRobotsOnBlackSite,numberOfRobotsOnWhiteSite
3287,15,22
timeStep,numberOfRobotsOnBlackSite,numberOfRobotsOnWhiteSite
3288,15,22
timeStep,numberOfRobotsOnBlackSite,numberOfRobotsOnWhiteSite
3289,15,22
timeStep,numberOfRobotsOnBlackSite,numberOfRobotsOnWhiteSite
3290,15,22
timeStep,numberOfRobotsOnBlackSite,numberOfRobotsOnWhiteSite
3291,15,22
timeStep,numberOfRobotsOnBlackSite,numberOfRobotsOnWhiteSite
3292,15,22
timeStep,numberOfRobotsOnBlackSite,numberOfRobotsOnWhiteSite
3293,15,22
timeStep,numberOfRobotsOnBlackSite,numberOfRobotsOnWhiteSite
3294,15,22
timeStep,numberOfRobotsOnBlackSite,numberOfRobotsOnWhiteSite
3295,15,22
timeStep,numberOfRobotsOnBlackSite,numberOfRobotsOnWhiteSite
3296,15,22
timeStep,numberOfRobotsOnBlackSite,numberOfRobotsOnWhiteSite
3297,15,22
timeStep,numberOfRobotsOnBlackSite,numberOfRobotsOnWhiteSite
3298,15,22
timeStep,numberOfRobotsOnBlackSite,numberOfRobotsOnWhiteSite
3299,15,22
timeStep,numberOfRobotsOnBlackSite,numberOfRobotsOnWhiteSite
3300,15,22
timeStep,numberOfRobotsOnBlackSite,numberOfRobotsOnWhiteSite
3301,15,22
timeStep,numberOfRobotsOnBlackSite,numberOfRobotsOnWhiteSite
3302,15,22
timeStep,numberOfRobotsOnBlackSite,numberOfRobotsOnWhiteSite
3303,15,22
timeStep,numberOfRobotsOnBlackSite,numberOfRobotsOnWhiteSite
3304,15,22
timeStep,numberOfRobotsOnBlackSite,numberOfRobotsOnWhiteSite
3305,15,22
timeStep,numberOfRobotsOnBlackSite,numberOfRobotsOnWhiteSite
3306,15,22
timeStep,numberOfRobotsOnBlackSite,numberOfRobotsOnWhiteSite
3307,15,22
timeStep,numberOfRobotsOnBlackSite,numberOfRobotsOnWhiteSite
3308,15,22
timeStep,numberOfRobotsOnBlackSite,numberOfRobotsOnWhiteSite
3309,15,22
timeStep,numberOfRobotsOnBlackSite,numberOfRobotsOnWhiteSite
3310,14,22
timeStep,numberOfRobotsOnBlackSite,numberOfRobotsOnWhiteSite
3311,14,22
timeStep,numberOfRobotsOnBlackSite,numberOfRobotsOnWhiteSite
3312,14,22
timeStep,numberOfRobotsOnBlackSite,numberOfRobotsOnWhiteSite
3313,14,22
timeStep,numberOfRobotsOnBlackSite,numberOfRobotsOnWhiteSite
3314,14,22
timeStep,numberOfRobotsOnBlackSite,numberOfRobotsOnWhiteSite
3315,14,22
timeStep,numberOfRobotsOnBlackSite,numberOfRobotsOnWhiteSite
3316,14,22
timeStep,numberOfRobotsOnBlackSite,numberOfRobotsOnWhiteSite
3317,14,22
timeStep,numberOfRobotsOnBlackSite,numberOfRobotsOnWhiteSite
3318,14,22
timeStep,numberOfRobotsOnBlackSite,numberOfRobotsOnWhiteSite
3319,14,22
timeStep,numberOfRobotsOnBlackSite,numberOfRobotsOnWhiteSite
3320,14,22
timeStep,numberOfRobotsOnBlackSite,numberOfRobotsOnWhiteSite
3321,14,22
timeStep,numberOfRobotsOnBlackSite,numberOfRobotsOnWhiteSite
3322,14,22
timeStep,numberOfRobotsOnBlackSite,numberOfRobotsOnWhiteSite
3323,14,22
timeStep,numberOfRobotsOnBlackSite,numberOfRobotsOnWhiteSite
3324,14,22
timeStep,numberOfRobotsOnBlackSite,numberOfRobotsOnWhiteSite
3325,14,22
timeStep,numberOfRobotsOnBlackSite,numberOfRobotsOnWhiteSite
3326,14,22
timeStep,numberOfRobotsOnBlackSite,numberOfRobotsOnWhiteSite
3327,14,22
timeStep,numberOfRobotsOnBlackSite,numberOfRobotsOnWhiteSite
3328,14,22
timeStep,numberOfRobotsOnBlackSite,numberOfRobotsOnWhiteSite
3329,14,22
timeStep,numberOfRobotsOnBlackSite,numberOfRobotsOnWhiteSite
3330,14,22
timeStep,numberOfRobotsOnBlackSite,numberOfRobotsOnWhiteSite
3331,14,22
timeStep,numberOfRobotsOnBlackSite,numberOfRobotsOnWhiteSite
3332,14,22
timeStep,numberOfRobotsOnBlackSite,numberOfRobotsOnWhiteSite
3333,14,22
timeStep,numberOfRobotsOnBlackSite,numberOfRobotsOnWhiteSite
3334,14,22
timeStep,numberOfRobotsOnBlackSite,numberOfRobotsOnWhiteSite
3335,14,22
timeStep,numberOfRobotsOnBlackSite,numberOfRobotsOnWhiteSite
3336,14,22
timeStep,numberOfRobotsOnBlackSite,numberOfRobotsOnWhiteSite
3337,14,22
timeStep,numberOfRobotsOnBlackSite,numberOfRobotsOnWhiteSite
3338,14,22
timeStep,numberOfRobotsOnBlackSite,numberOfRobotsOnWhiteSite
3339,14,22
timeStep,numberOfRobotsOnBlackSite,numberOfRobotsOnWhiteSite
3340,13,22
timeStep,numberOfRobotsOnBlackSite,numberOfRobotsOnWhiteSite
3341,13,22
timeStep,numberOfRobotsOnBlackSite,numberOfRobotsOnWhiteSite
3342,13,22
timeStep,numberOfRobotsOnBlackSite,numberOfRobotsOnWhiteSite
3343,13,22
timeStep,numberOfRobotsOnBlackSite,numberOfRobotsOnWhiteSite
3344,13,22
timeStep,numberOfRobotsOnBlackSite,numberOfRobotsOnWhiteSite
3345,13,22
timeStep,numberOfRobotsOnBlackSite,numberOfRobotsOnWhiteSite
3346,13,22
timeStep,numberOfRobotsOnBlackSite,numberOfRobotsOnWhiteSite
3347,13,22
timeStep,numberOfRobotsOnBlackSite,numberOfRobotsOnWhiteSite
3348,13,22
timeStep,numberOfRobotsOnBlackSite,numberOfRobotsOnWhiteSite
3349,13,22
timeStep,numberOfRobotsOnBlackSite,numberOfRobotsOnWhiteSite
3350,13,22
timeStep,numberOfRobotsOnBlackSite,numberOfRobotsOnWhiteSite
3351,13,22
timeStep,numberOfRobotsOnBlackSite,numberOfRobotsOnWhiteSite
3352,13,22
timeStep,numberOfRobotsOnBlackSite,numberOfRobotsOnWhiteSite
3353,13,22
timeStep,numberOfRobotsOnBlackSite,numberOfRobotsOnWhiteSite
3354,13,22
timeStep,numberOfRobotsOnBlackSite,numberOfRobotsOnWhiteSite
3355,13,22
timeStep,numberOfRobotsOnBlackSite,numberOfRobotsOnWhiteSite
3356,13,22
timeStep,numberOfRobotsOnBlackSite,numberOfRobotsOnWhiteSite
3357,13,22
timeStep,numberOfRobotsOnBlackSite,numberOfRobotsOnWhiteSite
3358,13,22
timeStep,numberOfRobotsOnBlackSite,numberOfRobotsOnWhiteSite
3359,13,22
timeStep,numberOfRobotsOnBlackSite,numberOfRobotsOnWhiteSite
3360,13,22
timeStep,numberOfRobotsOnBlackSite,numberOfRobotsOnWhiteSite
3361,13,22
timeStep,numberOfRobotsOnBlackSite,numberOfRobotsOnWhiteSite
3362,13,22
timeStep,numberOfRobotsOnBlackSite,numberOfRobotsOnWhiteSite
3363,13,22
timeStep,numberOfRobotsOnBlackSite,numberOfRobotsOnWhiteSite
3364,13,22
timeStep,numberOfRobotsOnBlackSite,numberOfRobotsOnWhiteSite
3365,13,22
timeStep,numberOfRobotsOnBlackSite,numberOfRobotsOnWhiteSite
3366,13,22
timeStep,numberOfRobotsOnBlackSite,numberOfRobotsOnWhiteSite
3367,13,22
timeStep,numberOfRobotsOnBlackSite,numberOfRobotsOnWhiteSite
3368,13,22
timeStep,numberOfRobotsOnBlackSite,numberOfRobotsOnWhiteSite
3369,13,22
timeStep,numberOfRobotsOnBlackSite,numberOfRobotsOnWhiteSite
3370,13,22
timeStep,numberOfRobotsOnBlackSite,numberOfRobotsOnWhiteSite
3371,13,22
timeStep,numberOfRobotsOnBlackSite,numberOfRobotsOnWhiteSite
3372,13,22
timeStep,numberOfRobotsOnBlackSite,numberOfRobotsOnWhiteSite
3373,13,22
timeStep,numberOfRobotsOnBlackSite,numberOfRobotsOnWhiteSite
3374,13,22
timeStep,numberOfRobotsOnBlackSite,numberOfRobotsOnWhiteSite
3375,13,22
timeStep,numberOfRobotsOnBlackSite,numberOfRobotsOnWhiteSite
3376,13,22
timeStep,numberOfRobotsOnBlackSite,numberOfRobotsOnWhiteSite
3377,13,22
timeStep,numberOfRobotsOnBlackSite,numberOfRobotsOnWhiteSite
3378,13,22
timeStep,numberOfRobotsOnBlackSite,numberOfRobotsOnWhiteSite
3379,13,22
timeStep,numberOfRobotsOnBlackSite,numberOfRobotsOnWhiteSite
3380,13,22
timeStep,numberOfRobotsOnBlackSite,numberOfRobotsOnWhiteSite
3381,13,22
timeStep,numberOfRobotsOnBlackSite,numberOfRobotsOnWhiteSite
3382,13,22
timeStep,numberOfRobotsOnBlackSite,numberOfRobotsOnWhiteSite
3383,13,22
timeStep,numberOfRobotsOnBlackSite,numberOfRobotsOnWhiteSite
3384,13,22
timeStep,numberOfRobotsOnBlackSite,numberOfRobotsOnWhiteSite
3385,13,22
timeStep,numberOfRobotsOnBlackSite,numberOfRobotsOnWhiteSite
3386,13,22
timeStep,numberOfRobotsOnBlackSite,numberOfRobotsOnWhiteSite
3387,13,22
timeStep,numberOfRobotsOnBlackSite,numberOfRobotsOnWhiteSite
3388,13,22
timeStep,numberOfRobotsOnBlackSite,numberOfRobotsOnWhiteSite
3389,13,22
timeStep,numberOfRobotsOnBlackSite,numberOfRobotsOnWhiteSite
3390,13,22
timeStep,numberOfRobotsOnBlackSite,numberOfRobotsOnWhiteSite
3391,13,22
timeStep,numberOfRobotsOnBlackSite,numberOfRobotsOnWhiteSite
3392,13,22
timeStep,numberOfRobotsOnBlackSite,numberOfRobotsOnWhiteSite
3393,13,22
timeStep,numberOfRobotsOnBlackSite,numberOfRobotsOnWhiteSite
3394,13,22
timeStep,numberOfRobotsOnBlackSite,numberOfRobotsOnWhiteSite
3395,13,22
timeStep,numberOfRobotsOnBlackSite,numberOfRobotsOnWhiteSite
3396,13,22
timeStep,numberOfRobotsOnBlackSite,numberOfRobotsOnWhiteSite
3397,13,22
timeStep,numberOfRobotsOnBlackSite,numberOfRobotsOnWhiteSite
3398,13,22
timeStep,numberOfRobotsOnBlackSite,numberOfRobotsOnWhiteSite
3399,13,22
timeStep,numberOfRobotsOnBlackSite,numberOfRobotsOnWhiteSite
3400,13,22
timeStep,numberOfRobotsOnBlackSite,numberOfRobotsOnWhiteSite
3401,13,22
timeStep,numberOfRobotsOnBlackSite,numberOfRobotsOnWhiteSite
3402,13,22
timeStep,numberOfRobotsOnBlackSite,numberOfRobotsOnWhiteSite
3403,13,22
timeStep,numberOfRobotsOnBlackSite,numberOfRobotsOnWhiteSite
3404,13,22
timeStep,numberOfRobotsOnBlackSite,numberOfRobotsOnWhiteSite
3405,13,22
timeStep,numberOfRobotsOnBlackSite,numberOfRobotsOnWhiteSite
3406,13,22
timeStep,numberOfRobotsOnBlackSite,numberOfRobotsOnWhiteSite
3407,13,22
timeStep,numberOfRobotsOnBlackSite,numberOfRobotsOnWhiteSite
3408,13,22
timeStep,numberOfRobotsOnBlackSite,numberOfRobotsOnWhiteSite
3409,13,22
timeStep,numberOfRobotsOnBlackSite,numberOfRobotsOnWhiteSite
3410,13,22
timeStep,numberOfRobotsOnBlackSite,numberOfRobotsOnWhiteSite
3411,13,22
timeStep,numberOfRobotsOnBlackSite,numberOfRobotsOnWhiteSite
3412,13,22
timeStep,numberOfRobotsOnBlackSite,numberOfRobotsOnWhiteSite
3413,13,22
timeStep,numberOfRobotsOnBlackSite,numberOfRobotsOnWhiteSite
3414,13,22
timeStep,numberOfRobotsOnBlackSite,numberOfRobotsOnWhiteSite
3415,13,22
timeStep,numberOfRobotsOnBlackSite,numberOfRobotsOnWhiteSite
3416,13,22
timeStep,numberOfRobotsOnBlackSite,numberOfRobotsOnWhiteSite
3417,13,22
timeStep,numberOfRobotsOnBlackSite,numberOfRobotsOnWhiteSite
3418,13,22
timeStep,numberOfRobotsOnBlackSite,numberOfRobotsOnWhiteSite
3419,13,22
timeStep,numberOfRobotsOnBlackSite,numberOfRobotsOnWhiteSite
3420,13,22
timeStep,numberOfRobotsOnBlackSite,numberOfRobotsOnWhiteSite
3421,13,22
timeStep,numberOfRobotsOnBlackSite,numberOfRobotsOnWhiteSite
3422,13,22
timeStep,numberOfRobotsOnBlackSite,numberOfRobotsOnWhiteSite
3423,13,22
timeStep,numberOfRobotsOnBlackSite,numberOfRobotsOnWhiteSite
3424,13,22
timeStep,numberOfRobotsOnBlackSite,numberOfRobotsOnWhiteSite
3425,13,22
timeStep,numberOfRobotsOnBlackSite,numberOfRobotsOnWhiteSite
3426,13,22
timeStep,numberOfRobotsOnBlackSite,numberOfRobotsOnWhiteSite
3427,13,22
timeStep,numberOfRobotsOnBlackSite,numberOfRobotsOnWhiteSite
3428,13,22
timeStep,numberOfRobotsOnBlackSite,numberOfRobotsOnWhiteSite
3429,13,22
timeStep,numberOfRobotsOnBlackSite,numberOfRobotsOnWhiteSite
3430,13,22
timeStep,numberOfRobotsOnBlackSite,numberOfRobotsOnWhiteSite
3431,13,22
timeStep,numberOfRobotsOnBlackSite,numberOfRobotsOnWhiteSite
3432,13,22
timeStep,numberOfRobotsOnBlackSite,numberOfRobotsOnWhiteSite
3433,13,22
timeStep,numberOfRobotsOnBlackSite,numberOfRobotsOnWhiteSite
3434,13,22
timeStep,numberOfRobotsOnBlackSite,numberOfRobotsOnWhiteSite
3435,13,22
timeStep,numberOfRobotsOnBlackSite,numberOfRobotsOnWhiteSite
3436,13,22
timeStep,numberOfRobotsOnBlackSite,numberOfRobotsOnWhiteSite
3437,13,22
timeStep,numberOfRobotsOnBlackSite,numberOfRobotsOnWhiteSite
3438,13,22
timeStep,numberOfRobotsOnBlackSite,numberOfRobotsOnWhiteSite
3439,13,22
timeStep,numberOfRobotsOnBlackSite,numberOfRobotsOnWhiteSite
3440,13,22
timeStep,numberOfRobotsOnBlackSite,numberOfRobotsOnWhiteSite
3441,13,22
timeStep,numberOfRobotsOnBlackSite,numberOfRobotsOnWhiteSite
3442,13,22
timeStep,numberOfRobotsOnBlackSite,numberOfRobotsOnWhiteSite
3443,13,22
timeStep,numberOfRobotsOnBlackSite,numberOfRobotsOnWhiteSite
3444,13,22
timeStep,numberOfRobotsOnBlackSite,numberOfRobotsOnWhiteSite
3445,13,22
timeStep,numberOfRobotsOnBlackSite,numberOfRobotsOnWhiteSite
3446,13,22
timeStep,numberOfRobotsOnBlackSite,numberOfRobotsOnWhiteSite
3447,13,22
timeStep,numberOfRobotsOnBlackSite,numberOfRobotsOnWhiteSite
3448,13,22
timeStep,numberOfRobotsOnBlackSite,numberOfRobotsOnWhiteSite
3449,13,22
timeStep,numberOfRobotsOnBlackSite,numberOfRobotsOnWhiteSite
3450,13,22
timeStep,numberOfRobotsOnBlackSite,numberOfRobotsOnWhiteSite
3451,13,22
timeStep,numberOfRobotsOnBlackSite,numberOfRobotsOnWhiteSite
3452,13,22
timeStep,numberOfRobotsOnBlackSite,numberOfRobotsOnWhiteSite
3453,13,22
timeStep,numberOfRobotsOnBlackSite,numberOfRobotsOnWhiteSite
3454,13,22
timeStep,numberOfRobotsOnBlackSite,numberOfRobotsOnWhiteSite
3455,13,22
timeStep,numberOfRobotsOnBlackSite,numberOfRobotsOnWhiteSite
3456,13,22
timeStep,numberOfRobotsOnBlackSite,numberOfRobotsOnWhiteSite
3457,13,22
timeStep,numberOfRobotsOnBlackSite,numberOfRobotsOnWhiteSite
3458,13,22
timeStep,numberOfRobotsOnBlackSite,numberOfRobotsOnWhiteSite
3459,13,22
timeStep,numberOfRobotsOnBlackSite,numberOfRobotsOnWhiteSite
3460,13,22
timeStep,numberOfRobotsOnBlackSite,numberOfRobotsOnWhiteSite
3461,13,22
timeStep,numberOfRobotsOnBlackSite,numberOfRobotsOnWhiteSite
3462,13,22
timeStep,numberOfRobotsOnBlackSite,numberOfRobotsOnWhiteSite
3463,13,22
timeStep,numberOfRobotsOnBlackSite,numberOfRobotsOnWhiteSite
3464,13,22
timeStep,numberOfRobotsOnBlackSite,numberOfRobotsOnWhiteSite
3465,13,22
timeStep,numberOfRobotsOnBlackSite,numberOfRobotsOnWhiteSite
3466,13,22
timeStep,numberOfRobotsOnBlackSite,numberOfRobotsOnWhiteSite
3467,13,22
timeStep,numberOfRobotsOnBlackSite,numberOfRobotsOnWhiteSite
3468,13,22
timeStep,numberOfRobotsOnBlackSite,numberOfRobotsOnWhiteSite
3469,13,22
timeStep,numberOfRobotsOnBlackSite,numberOfRobotsOnWhiteSite
3470,13,22
timeStep,numberOfRobotsOnBlackSite,numberOfRobotsOnWhiteSite
3471,13,22
timeStep,numberOfRobotsOnBlackSite,numberOfRobotsOnWhiteSite
3472,13,22
timeStep,numberOfRobotsOnBlackSite,numberOfRobotsOnWhiteSite
3473,13,22
timeStep,numberOfRobotsOnBlackSite,numberOfRobotsOnWhiteSite
3474,13,22
timeStep,numberOfRobotsOnBlackSite,numberOfRobotsOnWhiteSite
3475,13,22
timeStep,numberOfRobotsOnBlackSite,numberOfRobotsOnWhiteSite
3476,13,22
timeStep,numberOfRobotsOnBlackSite,numberOfRobotsOnWhiteSite
3477,13,22
timeStep,numberOfRobotsOnBlackSite,numberOfRobotsOnWhiteSite
3478,13,22
timeStep,numberOfRobotsOnBlackSite,numberOfRobotsOnWhiteSite
3479,13,22
timeStep,numberOfRobotsOnBlackSite,numberOfRobotsOnWhiteSite
3480,13,22
timeStep,numberOfRobotsOnBlackSite,numberOfRobotsOnWhiteSite
3481,13,22
timeStep,numberOfRobotsOnBlackSite,numberOfRobotsOnWhiteSite
3482,13,22
timeStep,numberOfRobotsOnBlackSite,numberOfRobotsOnWhiteSite
3483,13,22
timeStep,numberOfRobotsOnBlackSite,numberOfRobotsOnWhiteSite
3484,13,22
timeStep,numberOfRobotsOnBlackSite,numberOfRobotsOnWhiteSite
3485,13,22
timeStep,numberOfRobotsOnBlackSite,numberOfRobotsOnWhiteSite
3486,13,22
timeStep,numberOfRobotsOnBlackSite,numberOfRobotsOnWhiteSite
3487,13,22
timeStep,numberOfRobotsOnBlackSite,numberOfRobotsOnWhiteSite
3488,13,22
timeStep,numberOfRobotsOnBlackSite,numberOfRobotsOnWhiteSite
3489,13,22
timeStep,numberOfRobotsOnBlackSite,numberOfRobotsOnWhiteSite
3490,13,22
timeStep,numberOfRobotsOnBlackSite,numberOfRobotsOnWhiteSite
3491,13,22
timeStep,numberOfRobotsOnBlackSite,numberOfRobotsOnWhiteSite
3492,13,22
timeStep,numberOfRobotsOnBlackSite,numberOfRobotsOnWhiteSite
3493,13,22
timeStep,numberOfRobotsOnBlackSite,numberOfRobotsOnWhiteSite
3494,13,22
timeStep,numberOfRobotsOnBlackSite,numberOfRobotsOnWhiteSite
3495,13,22
timeStep,numberOfRobotsOnBlackSite,numberOfRobotsOnWhiteSite
3496,13,22
timeStep,numberOfRobotsOnBlackSite,numberOfRobotsOnWhiteSite
3497,13,22
timeStep,numberOfRobotsOnBlackSite,numberOfRobotsOnWhiteSite
3498,13,22
timeStep,numberOfRobotsOnBlackSite,numberOfRobotsOnWhiteSite
3499,13,22
timeStep,numberOfRobotsOnBlackSite,numberOfRobotsOnWhiteSite
3500,13,22
timeStep,numberOfRobotsOnBlackSite,numberOfRobotsOnWhiteSite
3501,13,22
timeStep,numberOfRobotsOnBlackSite,numberOfRobotsOnWhiteSite
3502,13,22
timeStep,numberOfRobotsOnBlackSite,numberOfRobotsOnWhiteSite
3503,13,22
timeStep,numberOfRobotsOnBlackSite,numberOfRobotsOnWhiteSite
3504,13,22
timeStep,numberOfRobotsOnBlackSite,numberOfRobotsOnWhiteSite
3505,13,22
timeStep,numberOfRobotsOnBlackSite,numberOfRobotsOnWhiteSite
3506,13,22
timeStep,numberOfRobotsOnBlackSite,numberOfRobotsOnWhiteSite
3507,13,22
timeStep,numberOfRobotsOnBlackSite,numberOfRobotsOnWhiteSite
3508,13,22
timeStep,numberOfRobotsOnBlackSite,numberOfRobotsOnWhiteSite
3509,13,22
timeStep,numberOfRobotsOnBlackSite,numberOfRobotsOnWhiteSite
3510,13,22
timeStep,numberOfRobotsOnBlackSite,numberOfRobotsOnWhiteSite
3511,13,22
timeStep,numberOfRobotsOnBlackSite,numberOfRobotsOnWhiteSite
3512,13,22
timeStep,numberOfRobotsOnBlackSite,numberOfRobotsOnWhiteSite
3513,13,22
timeStep,numberOfRobotsOnBlackSite,numberOfRobotsOnWhiteSite
3514,13,22
timeStep,numberOfRobotsOnBlackSite,numberOfRobotsOnWhiteSite
3515,13,22
timeStep,numberOfRobotsOnBlackSite,numberOfRobotsOnWhiteSite
3516,13,22
timeStep,numberOfRobotsOnBlackSite,numberOfRobotsOnWhiteSite
3517,13,22
timeStep,numberOfRobotsOnBlackSite,numberOfRobotsOnWhiteSite
3518,13,22
timeStep,numberOfRobotsOnBlackSite,numberOfRobotsOnWhiteSite
3519,13,22
timeStep,numberOfRobotsOnBlackSite,numberOfRobotsOnWhiteSite
3520,14,22
timeStep,numberOfRobotsOnBlackSite,numberOfRobotsOnWhiteSite
3521,14,22
timeStep,numberOfRobotsOnBlackSite,numberOfRobotsOnWhiteSite
3522,14,22
timeStep,numberOfRobotsOnBlackSite,numberOfRobotsOnWhiteSite
3523,14,22
timeStep,numberOfRobotsOnBlackSite,numberOfRobotsOnWhiteSite
3524,14,22
timeStep,numberOfRobotsOnBlackSite,numberOfRobotsOnWhiteSite
3525,14,22
timeStep,numberOfRobotsOnBlackSite,numberOfRobotsOnWhiteSite
3526,14,22
timeStep,numberOfRobotsOnBlackSite,numberOfRobotsOnWhiteSite
3527,14,22
timeStep,numberOfRobotsOnBlackSite,numberOfRobotsOnWhiteSite
3528,14,22
timeStep,numberOfRobotsOnBlackSite,numberOfRobotsOnWhiteSite
3529,14,22
timeStep,numberOfRobotsOnBlackSite,numberOfRobotsOnWhiteSite
3530,14,22
timeStep,numberOfRobotsOnBlackSite,numberOfRobotsOnWhiteSite
3531,14,22
timeStep,numberOfRobotsOnBlackSite,numberOfRobotsOnWhiteSite
3532,14,22
timeStep,numberOfRobotsOnBlackSite,numberOfRobotsOnWhiteSite
3533,14,22
timeStep,numberOfRobotsOnBlackSite,numberOfRobotsOnWhiteSite
3534,14,22
timeStep,numberOfRobotsOnBlackSite,numberOfRobotsOnWhiteSite
3535,14,21
timeStep,numberOfRobotsOnBlackSite,numberOfRobotsOnWhiteSite
3536,14,21
timeStep,numberOfRobotsOnBlackSite,numberOfRobotsOnWhiteSite
3537,14,21
timeStep,numberOfRobotsOnBlackSite,numberOfRobotsOnWhiteSite
3538,14,21
timeStep,numberOfRobotsOnBlackSite,numberOfRobotsOnWhiteSite
3539,14,21
timeStep,numberOfRobotsOnBlackSite,numberOfRobotsOnWhiteSite
3540,14,21
timeStep,numberOfRobotsOnBlackSite,numberOfRobotsOnWhiteSite
3541,14,21
timeStep,numberOfRobotsOnBlackSite,numberOfRobotsOnWhiteSite
3542,14,21
timeStep,numberOfRobotsOnBlackSite,numberOfRobotsOnWhiteSite
3543,14,21
timeStep,numberOfRobotsOnBlackSite,numberOfRobotsOnWhiteSite
3544,14,21
timeStep,numberOfRobotsOnBlackSite,numberOfRobotsOnWhiteSite
3545,14,21
timeStep,numberOfRobotsOnBlackSite,numberOfRobotsOnWhiteSite
3546,14,21
timeStep,numberOfRobotsOnBlackSite,numberOfRobotsOnWhiteSite
3547,14,21
timeStep,numberOfRobotsOnBlackSite,numberOfRobotsOnWhiteSite
3548,14,21
timeStep,numberOfRobotsOnBlackSite,numberOfRobotsOnWhiteSite
3549,14,21
timeStep,numberOfRobotsOnBlackSite,numberOfRobotsOnWhiteSite
3550,14,21
timeStep,numberOfRobotsOnBlackSite,numberOfRobotsOnWhiteSite
3551,14,21
timeStep,numberOfRobotsOnBlackSite,numberOfRobotsOnWhiteSite
3552,14,21
timeStep,numberOfRobotsOnBlackSite,numberOfRobotsOnWhiteSite
3553,14,21
timeStep,numberOfRobotsOnBlackSite,numberOfRobotsOnWhiteSite
3554,14,21
timeStep,numberOfRobotsOnBlackSite,numberOfRobotsOnWhiteSite
3555,14,21
timeStep,numberOfRobotsOnBlackSite,numberOfRobotsOnWhiteSite
3556,14,21
timeStep,numberOfRobotsOnBlackSite,numberOfRobotsOnWhiteSite
3557,14,21
timeStep,numberOfRobotsOnBlackSite,numberOfRobotsOnWhiteSite
3558,14,21
timeStep,numberOfRobotsOnBlackSite,numberOfRobotsOnWhiteSite
3559,14,21
timeStep,numberOfRobotsOnBlackSite,numberOfRobotsOnWhiteSite
3560,14,21
timeStep,numberOfRobotsOnBlackSite,numberOfRobotsOnWhiteSite
3561,14,21
timeStep,numberOfRobotsOnBlackSite,numberOfRobotsOnWhiteSite
3562,14,21
timeStep,numberOfRobotsOnBlackSite,numberOfRobotsOnWhiteSite
3563,14,21
timeStep,numberOfRobotsOnBlackSite,numberOfRobotsOnWhiteSite
3564,14,21
timeStep,numberOfRobotsOnBlackSite,numberOfRobotsOnWhiteSite
3565,15,21
timeStep,numberOfRobotsOnBlackSite,numberOfRobotsOnWhiteSite
3566,15,21
timeStep,numberOfRobotsOnBlackSite,numberOfRobotsOnWhiteSite
3567,15,21
timeStep,numberOfRobotsOnBlackSite,numberOfRobotsOnWhiteSite
3568,15,21
timeStep,numberOfRobotsOnBlackSite,numberOfRobotsOnWhiteSite
3569,15,21
timeStep,numberOfRobotsOnBlackSite,numberOfRobotsOnWhiteSite
3570,14,21
timeStep,numberOfRobotsOnBlackSite,numberOfRobotsOnWhiteSite
3571,14,21
timeStep,numberOfRobotsOnBlackSite,numberOfRobotsOnWhiteSite
3572,14,21
timeStep,numberOfRobotsOnBlackSite,numberOfRobotsOnWhiteSite
3573,14,21
timeStep,numberOfRobotsOnBlackSite,numberOfRobotsOnWhiteSite
3574,14,21
timeStep,numberOfRobotsOnBlackSite,numberOfRobotsOnWhiteSite
3575,14,21
timeStep,numberOfRobotsOnBlackSite,numberOfRobotsOnWhiteSite
3576,14,21
timeStep,numberOfRobotsOnBlackSite,numberOfRobotsOnWhiteSite
3577,14,21
timeStep,numberOfRobotsOnBlackSite,numberOfRobotsOnWhiteSite
3578,14,21
timeStep,numberOfRobotsOnBlackSite,numberOfRobotsOnWhiteSite
3579,14,21
timeStep,numberOfRobotsOnBlackSite,numberOfRobotsOnWhiteSite
3580,14,21
timeStep,numberOfRobotsOnBlackSite,numberOfRobotsOnWhiteSite
3581,14,21
timeStep,numberOfRobotsOnBlackSite,numberOfRobotsOnWhiteSite
3582,14,21
timeStep,numberOfRobotsOnBlackSite,numberOfRobotsOnWhiteSite
3583,14,21
timeStep,numberOfRobotsOnBlackSite,numberOfRobotsOnWhiteSite
3584,14,21
timeStep,numberOfRobotsOnBlackSite,numberOfRobotsOnWhiteSite
3585,14,21
timeStep,numberOfRobotsOnBlackSite,numberOfRobotsOnWhiteSite
3586,14,21
timeStep,numberOfRobotsOnBlackSite,numberOfRobotsOnWhiteSite
3587,14,21
timeStep,numberOfRobotsOnBlackSite,numberOfRobotsOnWhiteSite
3588,14,21
timeStep,numberOfRobotsOnBlackSite,numberOfRobotsOnWhiteSite
3589,14,21
timeStep,numberOfRobotsOnBlackSite,numberOfRobotsOnWhiteSite
3590,14,21
timeStep,numberOfRobotsOnBlackSite,numberOfRobotsOnWhiteSite
3591,14,21
timeStep,numberOfRobotsOnBlackSite,numberOfRobotsOnWhiteSite
3592,14,21
timeStep,numberOfRobotsOnBlackSite,numberOfRobotsOnWhiteSite
3593,14,21
timeStep,numberOfRobotsOnBlackSite,numberOfRobotsOnWhiteSite
3594,14,21
timeStep,numberOfRobotsOnBlackSite,numberOfRobotsOnWhiteSite
3595,14,21
timeStep,numberOfRobotsOnBlackSite,numberOfRobotsOnWhiteSite
3596,14,21
timeStep,numberOfRobotsOnBlackSite,numberOfRobotsOnWhiteSite
3597,14,21
timeStep,numberOfRobotsOnBlackSite,numberOfRobotsOnWhiteSite
3598,14,21
timeStep,numberOfRobotsOnBlackSite,numberOfRobotsOnWhiteSite
3599,14,21
timeStep,numberOfRobotsOnBlackSite,numberOfRobotsOnWhiteSite
3600,14,21
timeStep,numberOfRobotsOnBlackSite,numberOfRobotsOnWhiteSite
3601,14,21
timeStep,numberOfRobotsOnBlackSite,numberOfRobotsOnWhiteSite
3602,14,21
timeStep,numberOfRobotsOnBlackSite,numberOfRobotsOnWhiteSite
3603,14,21
timeStep,numberOfRobotsOnBlackSite,numberOfRobotsOnWhiteSite
3604,14,21
timeStep,numberOfRobotsOnBlackSite,numberOfRobotsOnWhiteSite
3605,14,21
timeStep,numberOfRobotsOnBlackSite,numberOfRobotsOnWhiteSite
3606,14,21
timeStep,numberOfRobotsOnBlackSite,numberOfRobotsOnWhiteSite
3607,14,21
timeStep,numberOfRobotsOnBlackSite,numberOfRobotsOnWhiteSite
3608,14,21
timeStep,numberOfRobotsOnBlackSite,numberOfRobotsOnWhiteSite
3609,14,21
timeStep,numberOfRobotsOnBlackSite,numberOfRobotsOnWhiteSite
3610,14,21
timeStep,numberOfRobotsOnBlackSite,numberOfRobotsOnWhiteSite
3611,14,21
timeStep,numberOfRobotsOnBlackSite,numberOfRobotsOnWhiteSite
3612,14,21
timeStep,numberOfRobotsOnBlackSite,numberOfRobotsOnWhiteSite
3613,14,21
timeStep,numberOfRobotsOnBlackSite,numberOfRobotsOnWhiteSite
3614,14,21
timeStep,numberOfRobotsOnBlackSite,numberOfRobotsOnWhiteSite
3615,14,21
timeStep,numberOfRobotsOnBlackSite,numberOfRobotsOnWhiteSite
3616,14,21
timeStep,numberOfRobotsOnBlackSite,numberOfRobotsOnWhiteSite
3617,14,21
timeStep,numberOfRobotsOnBlackSite,numberOfRobotsOnWhiteSite
3618,14,21
timeStep,numberOfRobotsOnBlackSite,numberOfRobotsOnWhiteSite
3619,14,21
timeStep,numberOfRobotsOnBlackSite,numberOfRobotsOnWhiteSite
3620,14,21
timeStep,numberOfRobotsOnBlackSite,numberOfRobotsOnWhiteSite
3621,14,21
timeStep,numberOfRobotsOnBlackSite,numberOfRobotsOnWhiteSite
3622,14,21
timeStep,numberOfRobotsOnBlackSite,numberOfRobotsOnWhiteSite
3623,14,21
timeStep,numberOfRobotsOnBlackSite,numberOfRobotsOnWhiteSite
3624,14,21
timeStep,numberOfRobotsOnBlackSite,numberOfRobotsOnWhiteSite
3625,14,21
timeStep,numberOfRobotsOnBlackSite,numberOfRobotsOnWhiteSite
3626,14,21
timeStep,numberOfRobotsOnBlackSite,numberOfRobotsOnWhiteSite
3627,14,21
timeStep,numberOfRobotsOnBlackSite,numberOfRobotsOnWhiteSite
3628,14,21
timeStep,numberOfRobotsOnBlackSite,numberOfRobotsOnWhiteSite
3629,14,21
timeStep,numberOfRobotsOnBlackSite,numberOfRobotsOnWhiteSite
3630,14,21
timeStep,numberOfRobotsOnBlackSite,numberOfRobotsOnWhiteSite
3631,14,21
timeStep,numberOfRobotsOnBlackSite,numberOfRobotsOnWhiteSite
3632,14,21
timeStep,numberOfRobotsOnBlackSite,numberOfRobotsOnWhiteSite
3633,14,21
timeStep,numberOfRobotsOnBlackSite,numberOfRobotsOnWhiteSite
3634,14,21
timeStep,numberOfRobotsOnBlackSite,numberOfRobotsOnWhiteSite
3635,13,21
timeStep,numberOfRobotsOnBlackSite,numberOfRobotsOnWhiteSite
3636,13,21
timeStep,numberOfRobotsOnBlackSite,numberOfRobotsOnWhiteSite
3637,13,21
timeStep,numberOfRobotsOnBlackSite,numberOfRobotsOnWhiteSite
3638,13,21
timeStep,numberOfRobotsOnBlackSite,numberOfRobotsOnWhiteSite
3639,13,21
timeStep,numberOfRobotsOnBlackSite,numberOfRobotsOnWhiteSite
3640,13,21
timeStep,numberOfRobotsOnBlackSite,numberOfRobotsOnWhiteSite
3641,13,21
timeStep,numberOfRobotsOnBlackSite,numberOfRobotsOnWhiteSite
3642,13,21
timeStep,numberOfRobotsOnBlackSite,numberOfRobotsOnWhiteSite
3643,13,21
timeStep,numberOfRobotsOnBlackSite,numberOfRobotsOnWhiteSite
3644,13,21
timeStep,numberOfRobotsOnBlackSite,numberOfRobotsOnWhiteSite
3645,13,21
timeStep,numberOfRobotsOnBlackSite,numberOfRobotsOnWhiteSite
3646,13,21
timeStep,numberOfRobotsOnBlackSite,numberOfRobotsOnWhiteSite
3647,13,21
timeStep,numberOfRobotsOnBlackSite,numberOfRobotsOnWhiteSite
3648,13,21
timeStep,numberOfRobotsOnBlackSite,numberOfRobotsOnWhiteSite
3649,13,21
timeStep,numberOfRobotsOnBlackSite,numberOfRobotsOnWhiteSite
3650,13,21
timeStep,numberOfRobotsOnBlackSite,numberOfRobotsOnWhiteSite
3651,13,21
timeStep,numberOfRobotsOnBlackSite,numberOfRobotsOnWhiteSite
3652,13,21
timeStep,numberOfRobotsOnBlackSite,numberOfRobotsOnWhiteSite
3653,13,21
timeStep,numberOfRobotsOnBlackSite,numberOfRobotsOnWhiteSite
3654,13,21
timeStep,numberOfRobotsOnBlackSite,numberOfRobotsOnWhiteSite
3655,13,21
timeStep,numberOfRobotsOnBlackSite,numberOfRobotsOnWhiteSite
3656,13,21
timeStep,numberOfRobotsOnBlackSite,numberOfRobotsOnWhiteSite
3657,13,21
timeStep,numberOfRobotsOnBlackSite,numberOfRobotsOnWhiteSite
3658,13,21
timeStep,numberOfRobotsOnBlackSite,numberOfRobotsOnWhiteSite
3659,13,21
timeStep,numberOfRobotsOnBlackSite,numberOfRobotsOnWhiteSite
3660,13,21
timeStep,numberOfRobotsOnBlackSite,numberOfRobotsOnWhiteSite
3661,13,21
timeStep,numberOfRobotsOnBlackSite,numberOfRobotsOnWhiteSite
3662,13,21
timeStep,numberOfRobotsOnBlackSite,numberOfRobotsOnWhiteSite
3663,13,21
timeStep,numberOfRobotsOnBlackSite,numberOfRobotsOnWhiteSite
3664,13,21
timeStep,numberOfRobotsOnBlackSite,numberOfRobotsOnWhiteSite
3665,13,21
timeStep,numberOfRobotsOnBlackSite,numberOfRobotsOnWhiteSite
3666,13,21
timeStep,numberOfRobotsOnBlackSite,numberOfRobotsOnWhiteSite
3667,13,21
timeStep,numberOfRobotsOnBlackSite,numberOfRobotsOnWhiteSite
3668,13,21
timeStep,numberOfRobotsOnBlackSite,numberOfRobotsOnWhiteSite
3669,13,21
timeStep,numberOfRobotsOnBlackSite,numberOfRobotsOnWhiteSite
3670,13,21
timeStep,numberOfRobotsOnBlackSite,numberOfRobotsOnWhiteSite
3671,13,21
timeStep,numberOfRobotsOnBlackSite,numberOfRobotsOnWhiteSite
3672,13,21
timeStep,numberOfRobotsOnBlackSite,numberOfRobotsOnWhiteSite
3673,13,21
timeStep,numberOfRobotsOnBlackSite,numberOfRobotsOnWhiteSite
3674,13,21
timeStep,numberOfRobotsOnBlackSite,numberOfRobotsOnWhiteSite
3675,13,21
timeStep,numberOfRobotsOnBlackSite,numberOfRobotsOnWhiteSite
3676,13,21
timeStep,numberOfRobotsOnBlackSite,numberOfRobotsOnWhiteSite
3677,13,21
timeStep,numberOfRobotsOnBlackSite,numberOfRobotsOnWhiteSite
3678,13,21
timeStep,numberOfRobotsOnBlackSite,numberOfRobotsOnWhiteSite
3679,13,21
timeStep,numberOfRobotsOnBlackSite,numberOfRobotsOnWhiteSite
3680,13,21
timeStep,numberOfRobotsOnBlackSite,numberOfRobotsOnWhiteSite
3681,13,21
timeStep,numberOfRobotsOnBlackSite,numberOfRobotsOnWhiteSite
3682,13,21
timeStep,numberOfRobotsOnBlackSite,numberOfRobotsOnWhiteSite
3683,13,21
timeStep,numberOfRobotsOnBlackSite,numberOfRobotsOnWhiteSite
3684,13,21
timeStep,numberOfRobotsOnBlackSite,numberOfRobotsOnWhiteSite
3685,13,21
timeStep,numberOfRobotsOnBlackSite,numberOfRobotsOnWhiteSite
3686,13,21
timeStep,numberOfRobotsOnBlackSite,numberOfRobotsOnWhiteSite
3687,13,21
timeStep,numberOfRobotsOnBlackSite,numberOfRobotsOnWhiteSite
3688,13,21
timeStep,numberOfRobotsOnBlackSite,numberOfRobotsOnWhiteSite
3689,13,21
timeStep,numberOfRobotsOnBlackSite,numberOfRobotsOnWhiteSite
3690,14,21
timeStep,numberOfRobotsOnBlackSite,numberOfRobotsOnWhiteSite
3691,14,21
timeStep,numberOfRobotsOnBlackSite,numberOfRobotsOnWhiteSite
3692,14,21
timeStep,numberOfRobotsOnBlackSite,numberOfRobotsOnWhiteSite
3693,14,21
timeStep,numberOfRobotsOnBlackSite,numberOfRobotsOnWhiteSite
3694,14,21
timeStep,numberOfRobotsOnBlackSite,numberOfRobotsOnWhiteSite
3695,14,21
timeStep,numberOfRobotsOnBlackSite,numberOfRobotsOnWhiteSite
3696,14,21
timeStep,numberOfRobotsOnBlackSite,numberOfRobotsOnWhiteSite
3697,14,21
timeStep,numberOfRobotsOnBlackSite,numberOfRobotsOnWhiteSite
3698,14,21
timeStep,numberOfRobotsOnBlackSite,numberOfRobotsOnWhiteSite
3699,14,21
timeStep,numberOfRobotsOnBlackSite,numberOfRobotsOnWhiteSite
3700,14,21
timeStep,numberOfRobotsOnBlackSite,numberOfRobotsOnWhiteSite
3701,14,21
timeStep,numberOfRobotsOnBlackSite,numberOfRobotsOnWhiteSite
3702,14,21
timeStep,numberOfRobotsOnBlackSite,numberOfRobotsOnWhiteSite
3703,14,21
timeStep,numberOfRobotsOnBlackSite,numberOfRobotsOnWhiteSite
3704,14,21
timeStep,numberOfRobotsOnBlackSite,numberOfRobotsOnWhiteSite
3705,14,21
timeStep,numberOfRobotsOnBlackSite,numberOfRobotsOnWhiteSite
3706,14,21
timeStep,numberOfRobotsOnBlackSite,numberOfRobotsOnWhiteSite
3707,14,21
timeStep,numberOfRobotsOnBlackSite,numberOfRobotsOnWhiteSite
3708,14,21
timeStep,numberOfRobotsOnBlackSite,numberOfRobotsOnWhiteSite
3709,14,21
timeStep,numberOfRobotsOnBlackSite,numberOfRobotsOnWhiteSite
3710,15,21
timeStep,numberOfRobotsOnBlackSite,numberOfRobotsOnWhiteSite
3711,15,21
timeStep,numberOfRobotsOnBlackSite,numberOfRobotsOnWhiteSite
3712,15,21
timeStep,numberOfRobotsOnBlackSite,numberOfRobotsOnWhiteSite
3713,15,21
timeStep,numberOfRobotsOnBlackSite,numberOfRobotsOnWhiteSite
3714,15,21
timeStep,numberOfRobotsOnBlackSite,numberOfRobotsOnWhiteSite
3715,15,21
timeStep,numberOfRobotsOnBlackSite,numberOfRobotsOnWhiteSite
3716,15,21
timeStep,numberOfRobotsOnBlackSite,numberOfRobotsOnWhiteSite
3717,15,21
timeStep,numberOfRobotsOnBlackSite,numberOfRobotsOnWhiteSite
3718,15,21
timeStep,numberOfRobotsOnBlackSite,numberOfRobotsOnWhiteSite
3719,15,21
timeStep,numberOfRobotsOnBlackSite,numberOfRobotsOnWhiteSite
3720,15,21
timeStep,numberOfRobotsOnBlackSite,numberOfRobotsOnWhiteSite
3721,15,21
timeStep,numberOfRobotsOnBlackSite,numberOfRobotsOnWhiteSite
3722,15,21
timeStep,numberOfRobotsOnBlackSite,numberOfRobotsOnWhiteSite
3723,15,21
timeStep,numberOfRobotsOnBlackSite,numberOfRobotsOnWhiteSite
3724,15,21
timeStep,numberOfRobotsOnBlackSite,numberOfRobotsOnWhiteSite
3725,15,21
timeStep,numberOfRobotsOnBlackSite,numberOfRobotsOnWhiteSite
3726,15,21
timeStep,numberOfRobotsOnBlackSite,numberOfRobotsOnWhiteSite
3727,15,21
timeStep,numberOfRobotsOnBlackSite,numberOfRobotsOnWhiteSite
3728,15,21
timeStep,numberOfRobotsOnBlackSite,numberOfRobotsOnWhiteSite
3729,15,21
timeStep,numberOfRobotsOnBlackSite,numberOfRobotsOnWhiteSite
3730,15,21
timeStep,numberOfRobotsOnBlackSite,numberOfRobotsOnWhiteSite
3731,15,21
timeStep,numberOfRobotsOnBlackSite,numberOfRobotsOnWhiteSite
3732,15,21
timeStep,numberOfRobotsOnBlackSite,numberOfRobotsOnWhiteSite
3733,15,21
timeStep,numberOfRobotsOnBlackSite,numberOfRobotsOnWhiteSite
3734,15,21
timeStep,numberOfRobotsOnBlackSite,numberOfRobotsOnWhiteSite
3735,15,21
timeStep,numberOfRobotsOnBlackSite,numberOfRobotsOnWhiteSite
3736,15,21
timeStep,numberOfRobotsOnBlackSite,numberOfRobotsOnWhiteSite
3737,15,21
timeStep,numberOfRobotsOnBlackSite,numberOfRobotsOnWhiteSite
3738,15,21
timeStep,numberOfRobotsOnBlackSite,numberOfRobotsOnWhiteSite
3739,15,21
timeStep,numberOfRobotsOnBlackSite,numberOfRobotsOnWhiteSite
3740,15,21
timeStep,numberOfRobotsOnBlackSite,numberOfRobotsOnWhiteSite
3741,15,21
timeStep,numberOfRobotsOnBlackSite,numberOfRobotsOnWhiteSite
3742,15,21
timeStep,numberOfRobotsOnBlackSite,numberOfRobotsOnWhiteSite
3743,15,21
timeStep,numberOfRobotsOnBlackSite,numberOfRobotsOnWhiteSite
3744,15,21
timeStep,numberOfRobotsOnBlackSite,numberOfRobotsOnWhiteSite
3745,15,22
timeStep,numberOfRobotsOnBlackSite,numberOfRobotsOnWhiteSite
3746,15,22
timeStep,numberOfRobotsOnBlackSite,numberOfRobotsOnWhiteSite
3747,15,22
timeStep,numberOfRobotsOnBlackSite,numberOfRobotsOnWhiteSite
3748,15,22
timeStep,numberOfRobotsOnBlackSite,numberOfRobotsOnWhiteSite
3749,15,22
timeStep,numberOfRobotsOnBlackSite,numberOfRobotsOnWhiteSite
3750,15,22
timeStep,numberOfRobotsOnBlackSite,numberOfRobotsOnWhiteSite
3751,15,22
timeStep,numberOfRobotsOnBlackSite,numberOfRobotsOnWhiteSite
3752,15,22
timeStep,numberOfRobotsOnBlackSite,numberOfRobotsOnWhiteSite
3753,15,22
timeStep,numberOfRobotsOnBlackSite,numberOfRobotsOnWhiteSite
3754,15,22
timeStep,numberOfRobotsOnBlackSite,numberOfRobotsOnWhiteSite
3755,15,22
timeStep,numberOfRobotsOnBlackSite,numberOfRobotsOnWhiteSite
3756,15,22
timeStep,numberOfRobotsOnBlackSite,numberOfRobotsOnWhiteSite
3757,15,22
timeStep,numberOfRobotsOnBlackSite,numberOfRobotsOnWhiteSite
3758,15,22
timeStep,numberOfRobotsOnBlackSite,numberOfRobotsOnWhiteSite
3759,15,22
timeStep,numberOfRobotsOnBlackSite,numberOfRobotsOnWhiteSite
3760,15,22
timeStep,numberOfRobotsOnBlackSite,numberOfRobotsOnWhiteSite
3761,15,22
timeStep,numberOfRobotsOnBlackSite,numberOfRobotsOnWhiteSite
3762,15,22
timeStep,numberOfRobotsOnBlackSite,numberOfRobotsOnWhiteSite
3763,15,22
timeStep,numberOfRobotsOnBlackSite,numberOfRobotsOnWhiteSite
3764,15,22
timeStep,numberOfRobotsOnBlackSite,numberOfRobotsOnWhiteSite
3765,15,22
timeStep,numberOfRobotsOnBlackSite,numberOfRobotsOnWhiteSite
3766,15,22
timeStep,numberOfRobotsOnBlackSite,numberOfRobotsOnWhiteSite
3767,15,22
timeStep,numberOfRobotsOnBlackSite,numberOfRobotsOnWhiteSite
3768,15,22
timeStep,numberOfRobotsOnBlackSite,numberOfRobotsOnWhiteSite
3769,15,22
timeStep,numberOfRobotsOnBlackSite,numberOfRobotsOnWhiteSite
3770,15,22
timeStep,numberOfRobotsOnBlackSite,numberOfRobotsOnWhiteSite
3771,15,22
timeStep,numberOfRobotsOnBlackSite,numberOfRobotsOnWhiteSite
3772,15,22
timeStep,numberOfRobotsOnBlackSite,numberOfRobotsOnWhiteSite
3773,15,22
timeStep,numberOfRobotsOnBlackSite,numberOfRobotsOnWhiteSite
3774,15,22
timeStep,numberOfRobotsOnBlackSite,numberOfRobotsOnWhiteSite
3775,15,22
timeStep,numberOfRobotsOnBlackSite,numberOfRobotsOnWhiteSite
3776,15,22
timeStep,numberOfRobotsOnBlackSite,numberOfRobotsOnWhiteSite
3777,15,22
timeStep,numberOfRobotsOnBlackSite,numberOfRobotsOnWhiteSite
3778,15,22
timeStep,numberOfRobotsOnBlackSite,numberOfRobotsOnWhiteSite
3779,15,22
timeStep,numberOfRobotsOnBlackSite,numberOfRobotsOnWhiteSite
3780,15,22
timeStep,numberOfRobotsOnBlackSite,numberOfRobotsOnWhiteSite
3781,15,22
timeStep,numberOfRobotsOnBlackSite,numberOfRobotsOnWhiteSite
3782,15,22
timeStep,numberOfRobotsOnBlackSite,numberOfRobotsOnWhiteSite
3783,15,22
timeStep,numberOfRobotsOnBlackSite,numberOfRobotsOnWhiteSite
3784,15,22
timeStep,numberOfRobotsOnBlackSite,numberOfRobotsOnWhiteSite
3785,15,22
timeStep,numberOfRobotsOnBlackSite,numberOfRobotsOnWhiteSite
3786,15,22
timeStep,numberOfRobotsOnBlackSite,numberOfRobotsOnWhiteSite
3787,15,22
timeStep,numberOfRobotsOnBlackSite,numberOfRobotsOnWhiteSite
3788,15,22
timeStep,numberOfRobotsOnBlackSite,numberOfRobotsOnWhiteSite
3789,15,22
timeStep,numberOfRobotsOnBlackSite,numberOfRobotsOnWhiteSite
3790,15,22
timeStep,numberOfRobotsOnBlackSite,numberOfRobotsOnWhiteSite
3791,15,22
timeStep,numberOfRobotsOnBlackSite,numberOfRobotsOnWhiteSite
3792,15,22
timeStep,numberOfRobotsOnBlackSite,numberOfRobotsOnWhiteSite
3793,15,22
timeStep,numberOfRobotsOnBlackSite,numberOfRobotsOnWhiteSite
3794,15,22
timeStep,numberOfRobotsOnBlackSite,numberOfRobotsOnWhiteSite
3795,15,22
timeStep,numberOfRobotsOnBlackSite,numberOfRobotsOnWhiteSite
3796,15,22
timeStep,numberOfRobotsOnBlackSite,numberOfRobotsOnWhiteSite
3797,15,22
timeStep,numberOfRobotsOnBlackSite,numberOfRobotsOnWhiteSite
3798,15,22
timeStep,numberOfRobotsOnBlackSite,numberOfRobotsOnWhiteSite
3799,15,22
timeStep,numberOfRobotsOnBlackSite,numberOfRobotsOnWhiteSite
3800,15,22
timeStep,numberOfRobotsOnBlackSite,numberOfRobotsOnWhiteSite
3801,15,22
timeStep,numberOfRobotsOnBlackSite,numberOfRobotsOnWhiteSite
3802,15,22
timeStep,numberOfRobotsOnBlackSite,numberOfRobotsOnWhiteSite
3803,15,22
timeStep,numberOfRobotsOnBlackSite,numberOfRobotsOnWhiteSite
3804,15,22
timeStep,numberOfRobotsOnBlackSite,numberOfRobotsOnWhiteSite
3805,15,22
timeStep,numberOfRobotsOnBlackSite,numberOfRobotsOnWhiteSite
3806,15,22
timeStep,numberOfRobotsOnBlackSite,numberOfRobotsOnWhiteSite
3807,15,22
timeStep,numberOfRobotsOnBlackSite,numberOfRobotsOnWhiteSite
3808,15,22
timeStep,numberOfRobotsOnBlackSite,numberOfRobotsOnWhiteSite
3809,15,22
timeStep,numberOfRobotsOnBlackSite,numberOfRobotsOnWhiteSite
3810,15,22
timeStep,numberOfRobotsOnBlackSite,numberOfRobotsOnWhiteSite
3811,15,22
timeStep,numberOfRobotsOnBlackSite,numberOfRobotsOnWhiteSite
3812,15,22
timeStep,numberOfRobotsOnBlackSite,numberOfRobotsOnWhiteSite
3813,15,22
timeStep,numberOfRobotsOnBlackSite,numberOfRobotsOnWhiteSite
3814,15,22
timeStep,numberOfRobotsOnBlackSite,numberOfRobotsOnWhiteSite
3815,15,22
timeStep,numberOfRobotsOnBlackSite,numberOfRobotsOnWhiteSite
3816,15,22
timeStep,numberOfRobotsOnBlackSite,numberOfRobotsOnWhiteSite
3817,15,22
timeStep,numberOfRobotsOnBlackSite,numberOfRobotsOnWhiteSite
3818,15,22
timeStep,numberOfRobotsOnBlackSite,numberOfRobotsOnWhiteSite
3819,15,22
timeStep,numberOfRobotsOnBlackSite,numberOfRobotsOnWhiteSite
3820,15,22
timeStep,numberOfRobotsOnBlackSite,numberOfRobotsOnWhiteSite
3821,15,22
timeStep,numberOfRobotsOnBlackSite,numberOfRobotsOnWhiteSite
3822,15,22
timeStep,numberOfRobotsOnBlackSite,numberOfRobotsOnWhiteSite
3823,15,22
timeStep,numberOfRobotsOnBlackSite,numberOfRobotsOnWhiteSite
3824,15,22
timeStep,numberOfRobotsOnBlackSite,numberOfRobotsOnWhiteSite
3825,15,22
timeStep,numberOfRobotsOnBlackSite,numberOfRobotsOnWhiteSite
3826,15,22
timeStep,numberOfRobotsOnBlackSite,numberOfRobotsOnWhiteSite
3827,15,22
timeStep,numberOfRobotsOnBlackSite,numberOfRobotsOnWhiteSite
3828,15,22
timeStep,numberOfRobotsOnBlackSite,numberOfRobotsOnWhiteSite
3829,15,22
timeStep,numberOfRobotsOnBlackSite,numberOfRobotsOnWhiteSite
3830,15,22
timeStep,numberOfRobotsOnBlackSite,numberOfRobotsOnWhiteSite
3831,15,22
timeStep,numberOfRobotsOnBlackSite,numberOfRobotsOnWhiteSite
3832,15,22
timeStep,numberOfRobotsOnBlackSite,numberOfRobotsOnWhiteSite
3833,15,22
timeStep,numberOfRobotsOnBlackSite,numberOfRobotsOnWhiteSite
3834,15,22
timeStep,numberOfRobotsOnBlackSite,numberOfRobotsOnWhiteSite
3835,15,22
timeStep,numberOfRobotsOnBlackSite,numberOfRobotsOnWhiteSite
3836,15,22
timeStep,numberOfRobotsOnBlackSite,numberOfRobotsOnWhiteSite
3837,15,22
timeStep,numberOfRobotsOnBlackSite,numberOfRobotsOnWhiteSite
3838,15,22
timeStep,numberOfRobotsOnBlackSite,numberOfRobotsOnWhiteSite
3839,15,22
timeStep,numberOfRobotsOnBlackSite,numberOfRobotsOnWhiteSite
3840,15,21
timeStep,numberOfRobotsOnBlackSite,numberOfRobotsOnWhiteSite
3841,15,21
timeStep,numberOfRobotsOnBlackSite,numberOfRobotsOnWhiteSite
3842,15,21
timeStep,numberOfRobotsOnBlackSite,numberOfRobotsOnWhiteSite
3843,15,21
timeStep,numberOfRobotsOnBlackSite,numberOfRobotsOnWhiteSite
3844,15,21
timeStep,numberOfRobotsOnBlackSite,numberOfRobotsOnWhiteSite
3845,15,21
timeStep,numberOfRobotsOnBlackSite,numberOfRobotsOnWhiteSite
3846,15,21
timeStep,numberOfRobotsOnBlackSite,numberOfRobotsOnWhiteSite
3847,15,21
timeStep,numberOfRobotsOnBlackSite,numberOfRobotsOnWhiteSite
3848,15,21
timeStep,numberOfRobotsOnBlackSite,numberOfRobotsOnWhiteSite
3849,15,21
timeStep,numberOfRobotsOnBlackSite,numberOfRobotsOnWhiteSite
3850,14,21
timeStep,numberOfRobotsOnBlackSite,numberOfRobotsOnWhiteSite
3851,14,21
timeStep,numberOfRobotsOnBlackSite,numberOfRobotsOnWhiteSite
3852,14,21
timeStep,numberOfRobotsOnBlackSite,numberOfRobotsOnWhiteSite
3853,14,21
timeStep,numberOfRobotsOnBlackSite,numberOfRobotsOnWhiteSite
3854,14,21
timeStep,numberOfRobotsOnBlackSite,numberOfRobotsOnWhiteSite
3855,14,21
timeStep,numberOfRobotsOnBlackSite,numberOfRobotsOnWhiteSite
3856,14,21
timeStep,numberOfRobotsOnBlackSite,numberOfRobotsOnWhiteSite
3857,14,21
timeStep,numberOfRobotsOnBlackSite,numberOfRobotsOnWhiteSite
3858,14,21
timeStep,numberOfRobotsOnBlackSite,numberOfRobotsOnWhiteSite
3859,14,21
timeStep,numberOfRobotsOnBlackSite,numberOfRobotsOnWhiteSite
3860,14,21
timeStep,numberOfRobotsOnBlackSite,numberOfRobotsOnWhiteSite
3861,14,21
timeStep,numberOfRobotsOnBlackSite,numberOfRobotsOnWhiteSite
3862,14,21
timeStep,numberOfRobotsOnBlackSite,numberOfRobotsOnWhiteSite
3863,14,21
timeStep,numberOfRobotsOnBlackSite,numberOfRobotsOnWhiteSite
3864,14,21
timeStep,numberOfRobotsOnBlackSite,numberOfRobotsOnWhiteSite
3865,15,21
timeStep,numberOfRobotsOnBlackSite,numberOfRobotsOnWhiteSite
3866,15,21
timeStep,numberOfRobotsOnBlackSite,numberOfRobotsOnWhiteSite
3867,15,21
timeStep,numberOfRobotsOnBlackSite,numberOfRobotsOnWhiteSite
3868,15,21
timeStep,numberOfRobotsOnBlackSite,numberOfRobotsOnWhiteSite
3869,15,21
timeStep,numberOfRobotsOnBlackSite,numberOfRobotsOnWhiteSite
3870,15,21
timeStep,numberOfRobotsOnBlackSite,numberOfRobotsOnWhiteSite
3871,15,21
timeStep,numberOfRobotsOnBlackSite,numberOfRobotsOnWhiteSite
3872,15,21
timeStep,numberOfRobotsOnBlackSite,numberOfRobotsOnWhiteSite
3873,15,21
timeStep,numberOfRobotsOnBlackSite,numberOfRobotsOnWhiteSite
3874,15,21
timeStep,numberOfRobotsOnBlackSite,numberOfRobotsOnWhiteSite
3875,15,22
timeStep,numberOfRobotsOnBlackSite,numberOfRobotsOnWhiteSite
3876,15,22
timeStep,numberOfRobotsOnBlackSite,numberOfRobotsOnWhiteSite
3877,15,22
timeStep,numberOfRobotsOnBlackSite,numberOfRobotsOnWhiteSite
3878,15,22
timeStep,numberOfRobotsOnBlackSite,numberOfRobotsOnWhiteSite
3879,15,22
timeStep,numberOfRobotsOnBlackSite,numberOfRobotsOnWhiteSite
3880,15,22
timeStep,numberOfRobotsOnBlackSite,numberOfRobotsOnWhiteSite
3881,15,22
timeStep,numberOfRobotsOnBlackSite,numberOfRobotsOnWhiteSite
3882,15,22
timeStep,numberOfRobotsOnBlackSite,numberOfRobotsOnWhiteSite
3883,15,22
timeStep,numberOfRobotsOnBlackSite,numberOfRobotsOnWhiteSite
3884,15,22
timeStep,numberOfRobotsOnBlackSite,numberOfRobotsOnWhiteSite
3885,15,21
timeStep,numberOfRobotsOnBlackSite,numberOfRobotsOnWhiteSite
3886,15,21
timeStep,numberOfRobotsOnBlackSite,numberOfRobotsOnWhiteSite
3887,15,21
timeStep,numberOfRobotsOnBlackSite,numberOfRobotsOnWhiteSite
3888,15,21
timeStep,numberOfRobotsOnBlackSite,numberOfRobotsOnWhiteSite
3889,15,21
timeStep,numberOfRobotsOnBlackSite,numberOfRobotsOnWhiteSite
3890,14,21
timeStep,numberOfRobotsOnBlackSite,numberOfRobotsOnWhiteSite
3891,14,21
timeStep,numberOfRobotsOnBlackSite,numberOfRobotsOnWhiteSite
3892,14,21
timeStep,numberOfRobotsOnBlackSite,numberOfRobotsOnWhiteSite
3893,14,21
timeStep,numberOfRobotsOnBlackSite,numberOfRobotsOnWhiteSite
3894,14,21
timeStep,numberOfRobotsOnBlackSite,numberOfRobotsOnWhiteSite
3895,15,21
timeStep,numberOfRobotsOnBlackSite,numberOfRobotsOnWhiteSite
3896,15,21
timeStep,numberOfRobotsOnBlackSite,numberOfRobotsOnWhiteSite
3897,15,21
timeStep,numberOfRobotsOnBlackSite,numberOfRobotsOnWhiteSite
3898,15,21
timeStep,numberOfRobotsOnBlackSite,numberOfRobotsOnWhiteSite
3899,15,21
timeStep,numberOfRobotsOnBlackSite,numberOfRobotsOnWhiteSite
3900,14,21
timeStep,numberOfRobotsOnBlackSite,numberOfRobotsOnWhiteSite
3901,14,21
timeStep,numberOfRobotsOnBlackSite,numberOfRobotsOnWhiteSite
3902,14,21
timeStep,numberOfRobotsOnBlackSite,numberOfRobotsOnWhiteSite
3903,14,21
timeStep,numberOfRobotsOnBlackSite,numberOfRobotsOnWhiteSite
3904,14,21
timeStep,numberOfRobotsOnBlackSite,numberOfRobotsOnWhiteSite
3905,14,21
timeStep,numberOfRobotsOnBlackSite,numberOfRobotsOnWhiteSite
3906,14,21
timeStep,numberOfRobotsOnBlackSite,numberOfRobotsOnWhiteSite
3907,14,21
timeStep,numberOfRobotsOnBlackSite,numberOfRobotsOnWhiteSite
3908,14,21
timeStep,numberOfRobotsOnBlackSite,numberOfRobotsOnWhiteSite
3909,14,21
timeStep,numberOfRobotsOnBlackSite,numberOfRobotsOnWhiteSite
3910,14,21
timeStep,numberOfRobotsOnBlackSite,numberOfRobotsOnWhiteSite
3911,14,21
timeStep,numberOfRobotsOnBlackSite,numberOfRobotsOnWhiteSite
3912,14,21
timeStep,numberOfRobotsOnBlackSite,numberOfRobotsOnWhiteSite
3913,14,21
timeStep,numberOfRobotsOnBlackSite,numberOfRobotsOnWhiteSite
3914,14,21
timeStep,numberOfRobotsOnBlackSite,numberOfRobotsOnWhiteSite
3915,14,21
timeStep,numberOfRobotsOnBlackSite,numberOfRobotsOnWhiteSite
3916,14,21
timeStep,numberOfRobotsOnBlackSite,numberOfRobotsOnWhiteSite
3917,14,21
timeStep,numberOfRobotsOnBlackSite,numberOfRobotsOnWhiteSite
3918,14,21
timeStep,numberOfRobotsOnBlackSite,numberOfRobotsOnWhiteSite
3919,14,21
timeStep,numberOfRobotsOnBlackSite,numberOfRobotsOnWhiteSite
3920,14,21
timeStep,numberOfRobotsOnBlackSite,numberOfRobotsOnWhiteSite
3921,14,21
timeStep,numberOfRobotsOnBlackSite,numberOfRobotsOnWhiteSite
3922,14,21
timeStep,numberOfRobotsOnBlackSite,numberOfRobotsOnWhiteSite
3923,14,21
timeStep,numberOfRobotsOnBlackSite,numberOfRobotsOnWhiteSite
3924,14,21
timeStep,numberOfRobotsOnBlackSite,numberOfRobotsOnWhiteSite
3925,13,21
timeStep,numberOfRobotsOnBlackSite,numberOfRobotsOnWhiteSite
3926,13,21
timeStep,numberOfRobotsOnBlackSite,numberOfRobotsOnWhiteSite
3927,13,21
timeStep,numberOfRobotsOnBlackSite,numberOfRobotsOnWhiteSite
3928,13,21
timeStep,numberOfRobotsOnBlackSite,numberOfRobotsOnWhiteSite
3929,13,21
timeStep,numberOfRobotsOnBlackSite,numberOfRobotsOnWhiteSite
3930,13,21
timeStep,numberOfRobotsOnBlackSite,numberOfRobotsOnWhiteSite
3931,13,21
timeStep,numberOfRobotsOnBlackSite,numberOfRobotsOnWhiteSite
3932,13,21
timeStep,numberOfRobotsOnBlackSite,numberOfRobotsOnWhiteSite
3933,13,21
timeStep,numberOfRobotsOnBlackSite,numberOfRobotsOnWhiteSite
3934,13,21
timeStep,numberOfRobotsOnBlackSite,numberOfRobotsOnWhiteSite
3935,13,21
timeStep,numberOfRobotsOnBlackSite,numberOfRobotsOnWhiteSite
3936,13,21
timeStep,numberOfRobotsOnBlackSite,numberOfRobotsOnWhiteSite
3937,13,21
timeStep,numberOfRobotsOnBlackSite,numberOfRobotsOnWhiteSite
3938,13,21
timeStep,numberOfRobotsOnBlackSite,numberOfRobotsOnWhiteSite
3939,13,21
timeStep,numberOfRobotsOnBlackSite,numberOfRobotsOnWhiteSite
3940,13,22
timeStep,numberOfRobotsOnBlackSite,numberOfRobotsOnWhiteSite
3941,13,22
timeStep,numberOfRobotsOnBlackSite,numberOfRobotsOnWhiteSite
3942,13,22
timeStep,numberOfRobotsOnBlackSite,numberOfRobotsOnWhiteSite
3943,13,22
timeStep,numberOfRobotsOnBlackSite,numberOfRobotsOnWhiteSite
3944,13,22
timeStep,numberOfRobotsOnBlackSite,numberOfRobotsOnWhiteSite
3945,13,23
timeStep,numberOfRobotsOnBlackSite,numberOfRobotsOnWhiteSite
3946,13,23
timeStep,numberOfRobotsOnBlackSite,numberOfRobotsOnWhiteSite
3947,13,23
timeStep,numberOfRobotsOnBlackSite,numberOfRobotsOnWhiteSite
3948,13,23
timeStep,numberOfRobotsOnBlackSite,numberOfRobotsOnWhiteSite
3949,13,23
timeStep,numberOfRobotsOnBlackSite,numberOfRobotsOnWhiteSite
3950,13,23
timeStep,numberOfRobotsOnBlackSite,numberOfRobotsOnWhiteSite
3951,13,23
timeStep,numberOfRobotsOnBlackSite,numberOfRobotsOnWhiteSite
3952,13,23
timeStep,numberOfRobotsOnBlackSite,numberOfRobotsOnWhiteSite
3953,13,23
timeStep,numberOfRobotsOnBlackSite,numberOfRobotsOnWhiteSite
3954,13,23
timeStep,numberOfRobotsOnBlackSite,numberOfRobotsOnWhiteSite
3955,13,23
timeStep,numberOfRobotsOnBlackSite,numberOfRobotsOnWhiteSite
3956,13,23
timeStep,numberOfRobotsOnBlackSite,numberOfRobotsOnWhiteSite
3957,13,23
timeStep,numberOfRobotsOnBlackSite,numberOfRobotsOnWhiteSite
3958,13,23
timeStep,numberOfRobotsOnBlackSite,numberOfRobotsOnWhiteSite
3959,13,23
timeStep,numberOfRobotsOnBlackSite,numberOfRobotsOnWhiteSite
3960,12,23
timeStep,numberOfRobotsOnBlackSite,numberOfRobotsOnWhiteSite
3961,12,23
timeStep,numberOfRobotsOnBlackSite,numberOfRobotsOnWhiteSite
3962,12,23
timeStep,numberOfRobotsOnBlackSite,numberOfRobotsOnWhiteSite
3963,12,23
timeStep,numberOfRobotsOnBlackSite,numberOfRobotsOnWhiteSite
3964,12,23
timeStep,numberOfRobotsOnBlackSite,numberOfRobotsOnWhiteSite
3965,12,23
timeStep,numberOfRobotsOnBlackSite,numberOfRobotsOnWhiteSite
3966,12,23
timeStep,numberOfRobotsOnBlackSite,numberOfRobotsOnWhiteSite
3967,12,23
timeStep,numberOfRobotsOnBlackSite,numberOfRobotsOnWhiteSite
3968,12,23
timeStep,numberOfRobotsOnBlackSite,numberOfRobotsOnWhiteSite
3969,12,23
timeStep,numberOfRobotsOnBlackSite,numberOfRobotsOnWhiteSite
3970,12,23
timeStep,numberOfRobotsOnBlackSite,numberOfRobotsOnWhiteSite
3971,12,23
timeStep,numberOfRobotsOnBlackSite,numberOfRobotsOnWhiteSite
3972,12,23
timeStep,numberOfRobotsOnBlackSite,numberOfRobotsOnWhiteSite
3973,12,23
timeStep,numberOfRobotsOnBlackSite,numberOfRobotsOnWhiteSite
3974,12,23
timeStep,numberOfRobotsOnBlackSite,numberOfRobotsOnWhiteSite
3975,13,23
timeStep,numberOfRobotsOnBlackSite,numberOfRobotsOnWhiteSite
3976,13,23
timeStep,numberOfRobotsOnBlackSite,numberOfRobotsOnWhiteSite
3977,13,23
timeStep,numberOfRobotsOnBlackSite,numberOfRobotsOnWhiteSite
3978,13,23
timeStep,numberOfRobotsOnBlackSite,numberOfRobotsOnWhiteSite
3979,13,23
timeStep,numberOfRobotsOnBlackSite,numberOfRobotsOnWhiteSite
3980,13,23
timeStep,numberOfRobotsOnBlackSite,numberOfRobotsOnWhiteSite
3981,13,23
timeStep,numberOfRobotsOnBlackSite,numberOfRobotsOnWhiteSite
3982,13,23
timeStep,numberOfRobotsOnBlackSite,numberOfRobotsOnWhiteSite
3983,13,23
timeStep,numberOfRobotsOnBlackSite,numberOfRobotsOnWhiteSite
3984,13,23
timeStep,numberOfRobotsOnBlackSite,numberOfRobotsOnWhiteSite
3985,13,23
timeStep,numberOfRobotsOnBlackSite,numberOfRobotsOnWhiteSite
3986,13,23
timeStep,numberOfRobotsOnBlackSite,numberOfRobotsOnWhiteSite
3987,13,23
timeStep,numberOfRobotsOnBlackSite,numberOfRobotsOnWhiteSite
3988,13,23
timeStep,numberOfRobotsOnBlackSite,numberOfRobotsOnWhiteSite
3989,13,23
timeStep,numberOfRobotsOnBlackSite,numberOfRobotsOnWhiteSite
3990,13,23
timeStep,numberOfRobotsOnBlackSite,numberOfRobotsOnWhiteSite
3991,13,23
timeStep,numberOfRobotsOnBlackSite,numberOfRobotsOnWhiteSite
3992,13,23
timeStep,numberOfRobotsOnBlackSite,numberOfRobotsOnWhiteSite
3993,13,23
timeStep,numberOfRobotsOnBlackSite,numberOfRobotsOnWhiteSite
3994,13,23
timeStep,numberOfRobotsOnBlackSite,numberOfRobotsOnWhiteSite
3995,13,23
timeStep,numberOfRobotsOnBlackSite,numberOfRobotsOnWhiteSite
3996,13,23
timeStep,numberOfRobotsOnBlackSite,numberOfRobotsOnWhiteSite
3997,13,23
timeStep,numberOfRobotsOnBlackSite,numberOfRobotsOnWhiteSite
3998,13,23
timeStep,numberOfRobotsOnBlackSite,numberOfRobotsOnWhiteSite
3999,13,23
timeStep,numberOfRobotsOnBlackSite,numberOfRobotsOnWhiteSite
4000,13,22
timeStep,numberOfRobotsOnBlackSite,numberOfRobotsOnWhiteSite
4001,13,22
timeStep,numberOfRobotsOnBlackSite,numberOfRobotsOnWhiteSite
4002,13,22
timeStep,numberOfRobotsOnBlackSite,numberOfRobotsOnWhiteSite
4003,13,22
timeStep,numberOfRobotsOnBlackSite,numberOfRobotsOnWhiteSite
4004,13,22
timeStep,numberOfRobotsOnBlackSite,numberOfRobotsOnWhiteSite
4005,13,22
timeStep,numberOfRobotsOnBlackSite,numberOfRobotsOnWhiteSite
4006,13,22
timeStep,numberOfRobotsOnBlackSite,numberOfRobotsOnWhiteSite
4007,13,22
timeStep,numberOfRobotsOnBlackSite,numberOfRobotsOnWhiteSite
4008,13,22
timeStep,numberOfRobotsOnBlackSite,numberOfRobotsOnWhiteSite
4009,13,22
timeStep,numberOfRobotsOnBlackSite,numberOfRobotsOnWhiteSite
4010,13,22
timeStep,numberOfRobotsOnBlackSite,numberOfRobotsOnWhiteSite
4011,13,22
timeStep,numberOfRobotsOnBlackSite,numberOfRobotsOnWhiteSite
4012,13,22
timeStep,numberOfRobotsOnBlackSite,numberOfRobotsOnWhiteSite
4013,13,22
timeStep,numberOfRobotsOnBlackSite,numberOfRobotsOnWhiteSite
4014,13,22
timeStep,numberOfRobotsOnBlackSite,numberOfRobotsOnWhiteSite
4015,13,22
timeStep,numberOfRobotsOnBlackSite,numberOfRobotsOnWhiteSite
4016,13,22
timeStep,numberOfRobotsOnBlackSite,numberOfRobotsOnWhiteSite
4017,13,22
timeStep,numberOfRobotsOnBlackSite,numberOfRobotsOnWhiteSite
4018,13,22
timeStep,numberOfRobotsOnBlackSite,numberOfRobotsOnWhiteSite
4019,13,22
timeStep,numberOfRobotsOnBlackSite,numberOfRobotsOnWhiteSite
4020,13,22
timeStep,numberOfRobotsOnBlackSite,numberOfRobotsOnWhiteSite
4021,13,22
timeStep,numberOfRobotsOnBlackSite,numberOfRobotsOnWhiteSite
4022,13,22
timeStep,numberOfRobotsOnBlackSite,numberOfRobotsOnWhiteSite
4023,13,22
timeStep,numberOfRobotsOnBlackSite,numberOfRobotsOnWhiteSite
4024,13,22
timeStep,numberOfRobotsOnBlackSite,numberOfRobotsOnWhiteSite
4025,14,21
timeStep,numberOfRobotsOnBlackSite,numberOfRobotsOnWhiteSite
4026,14,21
timeStep,numberOfRobotsOnBlackSite,numberOfRobotsOnWhiteSite
4027,14,21
timeStep,numberOfRobotsOnBlackSite,numberOfRobotsOnWhiteSite
4028,14,21
timeStep,numberOfRobotsOnBlackSite,numberOfRobotsOnWhiteSite
4029,14,21
timeStep,numberOfRobotsOnBlackSite,numberOfRobotsOnWhiteSite
4030,14,22
timeStep,numberOfRobotsOnBlackSite,numberOfRobotsOnWhiteSite
4031,14,22
timeStep,numberOfRobotsOnBlackSite,numberOfRobotsOnWhiteSite
4032,14,22
timeStep,numberOfRobotsOnBlackSite,numberOfRobotsOnWhiteSite
4033,14,22
timeStep,numberOfRobotsOnBlackSite,numberOfRobotsOnWhiteSite
4034,14,22
timeStep,numberOfRobotsOnBlackSite,numberOfRobotsOnWhiteSite
4035,14,22
timeStep,numberOfRobotsOnBlackSite,numberOfRobotsOnWhiteSite
4036,14,22
timeStep,numberOfRobotsOnBlackSite,numberOfRobotsOnWhiteSite
4037,14,22
timeStep,numberOfRobotsOnBlackSite,numberOfRobotsOnWhiteSite
4038,14,22
timeStep,numberOfRobotsOnBlackSite,numberOfRobotsOnWhiteSite
4039,14,22
timeStep,numberOfRobotsOnBlackSite,numberOfRobotsOnWhiteSite
4040,14,22
timeStep,numberOfRobotsOnBlackSite,numberOfRobotsOnWhiteSite
4041,14,22
timeStep,numberOfRobotsOnBlackSite,numberOfRobotsOnWhiteSite
4042,14,22
timeStep,numberOfRobotsOnBlackSite,numberOfRobotsOnWhiteSite
4043,14,22
timeStep,numberOfRobotsOnBlackSite,numberOfRobotsOnWhiteSite
4044,14,22
timeStep,numberOfRobotsOnBlackSite,numberOfRobotsOnWhiteSite
4045,14,23
timeStep,numberOfRobotsOnBlackSite,numberOfRobotsOnWhiteSite
4046,14,23
timeStep,numberOfRobotsOnBlackSite,numberOfRobotsOnWhiteSite
4047,14,23
timeStep,numberOfRobotsOnBlackSite,numberOfRobotsOnWhiteSite
4048,14,23
timeStep,numberOfRobotsOnBlackSite,numberOfRobotsOnWhiteSite
4049,14,23
timeStep,numberOfRobotsOnBlackSite,numberOfRobotsOnWhiteSite
4050,14,23
timeStep,numberOfRobotsOnBlackSite,numberOfRobotsOnWhiteSite
4051,14,23
timeStep,numberOfRobotsOnBlackSite,numberOfRobotsOnWhiteSite
4052,14,23
timeStep,numberOfRobotsOnBlackSite,numberOfRobotsOnWhiteSite
4053,14,23
timeStep,numberOfRobotsOnBlackSite,numberOfRobotsOnWhiteSite
4054,14,23
timeStep,numberOfRobotsOnBlackSite,numberOfRobotsOnWhiteSite
4055,14,24
timeStep,numberOfRobotsOnBlackSite,numberOfRobotsOnWhiteSite
4056,14,24
timeStep,numberOfRobotsOnBlackSite,numberOfRobotsOnWhiteSite
4057,14,24
timeStep,numberOfRobotsOnBlackSite,numberOfRobotsOnWhiteSite
4058,14,24
timeStep,numberOfRobotsOnBlackSite,numberOfRobotsOnWhiteSite
4059,14,24
timeStep,numberOfRobotsOnBlackSite,numberOfRobotsOnWhiteSite
4060,14,24
timeStep,numberOfRobotsOnBlackSite,numberOfRobotsOnWhiteSite
4061,14,24
timeStep,numberOfRobotsOnBlackSite,numberOfRobotsOnWhiteSite
4062,14,24
timeStep,numberOfRobotsOnBlackSite,numberOfRobotsOnWhiteSite
4063,14,24
timeStep,numberOfRobotsOnBlackSite,numberOfRobotsOnWhiteSite
4064,14,24
timeStep,numberOfRobotsOnBlackSite,numberOfRobotsOnWhiteSite
4065,14,24
timeStep,numberOfRobotsOnBlackSite,numberOfRobotsOnWhiteSite
4066,14,24
timeStep,numberOfRobotsOnBlackSite,numberOfRobotsOnWhiteSite
4067,14,24
timeStep,numberOfRobotsOnBlackSite,numberOfRobotsOnWhiteSite
4068,14,24
timeStep,numberOfRobotsOnBlackSite,numberOfRobotsOnWhiteSite
4069,14,24
timeStep,numberOfRobotsOnBlackSite,numberOfRobotsOnWhiteSite
4070,14,24
timeStep,numberOfRobotsOnBlackSite,numberOfRobotsOnWhiteSite
4071,14,24
timeStep,numberOfRobotsOnBlackSite,numberOfRobotsOnWhiteSite
4072,14,24
timeStep,numberOfRobotsOnBlackSite,numberOfRobotsOnWhiteSite
4073,14,24
timeStep,numberOfRobotsOnBlackSite,numberOfRobotsOnWhiteSite
4074,14,24
timeStep,numberOfRobotsOnBlackSite,numberOfRobotsOnWhiteSite
4075,14,24
timeStep,numberOfRobotsOnBlackSite,numberOfRobotsOnWhiteSite
4076,14,24
timeStep,numberOfRobotsOnBlackSite,numberOfRobotsOnWhiteSite
4077,14,24
timeStep,numberOfRobotsOnBlackSite,numberOfRobotsOnWhiteSite
4078,14,24
timeStep,numberOfRobotsOnBlackSite,numberOfRobotsOnWhiteSite
4079,14,24
timeStep,numberOfRobotsOnBlackSite,numberOfRobotsOnWhiteSite
4080,14,24
timeStep,numberOfRobotsOnBlackSite,numberOfRobotsOnWhiteSite
4081,14,24
timeStep,numberOfRobotsOnBlackSite,numberOfRobotsOnWhiteSite
4082,14,24
timeStep,numberOfRobotsOnBlackSite,numberOfRobotsOnWhiteSite
4083,14,24
timeStep,numberOfRobotsOnBlackSite,numberOfRobotsOnWhiteSite
4084,14,24
timeStep,numberOfRobotsOnBlackSite,numberOfRobotsOnWhiteSite
4085,14,24
timeStep,numberOfRobotsOnBlackSite,numberOfRobotsOnWhiteSite
4086,14,24
timeStep,numberOfRobotsOnBlackSite,numberOfRobotsOnWhiteSite
4087,14,24
timeStep,numberOfRobotsOnBlackSite,numberOfRobotsOnWhiteSite
4088,14,24
timeStep,numberOfRobotsOnBlackSite,numberOfRobotsOnWhiteSite
4089,14,24
timeStep,numberOfRobotsOnBlackSite,numberOfRobotsOnWhiteSite
4090,14,24
timeStep,numberOfRobotsOnBlackSite,numberOfRobotsOnWhiteSite
4091,14,24
timeStep,numberOfRobotsOnBlackSite,numberOfRobotsOnWhiteSite
4092,14,24
timeStep,numberOfRobotsOnBlackSite,numberOfRobotsOnWhiteSite
4093,14,24
timeStep,numberOfRobotsOnBlackSite,numberOfRobotsOnWhiteSite
4094,14,24
timeStep,numberOfRobotsOnBlackSite,numberOfRobotsOnWhiteSite
4095,14,24
timeStep,numberOfRobotsOnBlackSite,numberOfRobotsOnWhiteSite
4096,14,24
timeStep,numberOfRobotsOnBlackSite,numberOfRobotsOnWhiteSite
4097,14,24
timeStep,numberOfRobotsOnBlackSite,numberOfRobotsOnWhiteSite
4098,14,24
timeStep,numberOfRobotsOnBlackSite,numberOfRobotsOnWhiteSite
4099,14,24
timeStep,numberOfRobotsOnBlackSite,numberOfRobotsOnWhiteSite
4100,15,24
timeStep,numberOfRobotsOnBlackSite,numberOfRobotsOnWhiteSite
4101,15,24
timeStep,numberOfRobotsOnBlackSite,numberOfRobotsOnWhiteSite
4102,15,24
timeStep,numberOfRobotsOnBlackSite,numberOfRobotsOnWhiteSite
4103,15,24
timeStep,numberOfRobotsOnBlackSite,numberOfRobotsOnWhiteSite
4104,15,24
timeStep,numberOfRobotsOnBlackSite,numberOfRobotsOnWhiteSite
4105,15,23
timeStep,numberOfRobotsOnBlackSite,numberOfRobotsOnWhiteSite
4106,15,23
timeStep,numberOfRobotsOnBlackSite,numberOfRobotsOnWhiteSite
4107,15,23
timeStep,numberOfRobotsOnBlackSite,numberOfRobotsOnWhiteSite
4108,15,23
timeStep,numberOfRobotsOnBlackSite,numberOfRobotsOnWhiteSite
4109,15,23
timeStep,numberOfRobotsOnBlackSite,numberOfRobotsOnWhiteSite
4110,14,23
timeStep,numberOfRobotsOnBlackSite,numberOfRobotsOnWhiteSite
4111,14,23
timeStep,numberOfRobotsOnBlackSite,numberOfRobotsOnWhiteSite
4112,14,23
timeStep,numberOfRobotsOnBlackSite,numberOfRobotsOnWhiteSite
4113,14,23
timeStep,numberOfRobotsOnBlackSite,numberOfRobotsOnWhiteSite
4114,14,23
timeStep,numberOfRobotsOnBlackSite,numberOfRobotsOnWhiteSite
4115,13,23
timeStep,numberOfRobotsOnBlackSite,numberOfRobotsOnWhiteSite
4116,13,23
timeStep,numberOfRobotsOnBlackSite,numberOfRobotsOnWhiteSite
4117,13,23
timeStep,numberOfRobotsOnBlackSite,numberOfRobotsOnWhiteSite
4118,13,23
timeStep,numberOfRobotsOnBlackSite,numberOfRobotsOnWhiteSite
4119,13,23
timeStep,numberOfRobotsOnBlackSite,numberOfRobotsOnWhiteSite
4120,13,22
timeStep,numberOfRobotsOnBlackSite,numberOfRobotsOnWhiteSite
4121,13,22
timeStep,numberOfRobotsOnBlackSite,numberOfRobotsOnWhiteSite
4122,13,22
timeStep,numberOfRobotsOnBlackSite,numberOfRobotsOnWhiteSite
4123,13,22
timeStep,numberOfRobotsOnBlackSite,numberOfRobotsOnWhiteSite
4124,13,22
timeStep,numberOfRobotsOnBlackSite,numberOfRobotsOnWhiteSite
4125,13,22
timeStep,numberOfRobotsOnBlackSite,numberOfRobotsOnWhiteSite
4126,13,22
timeStep,numberOfRobotsOnBlackSite,numberOfRobotsOnWhiteSite
4127,13,22
timeStep,numberOfRobotsOnBlackSite,numberOfRobotsOnWhiteSite
4128,13,22
timeStep,numberOfRobotsOnBlackSite,numberOfRobotsOnWhiteSite
4129,13,22
timeStep,numberOfRobotsOnBlackSite,numberOfRobotsOnWhiteSite
4130,13,22
timeStep,numberOfRobotsOnBlackSite,numberOfRobotsOnWhiteSite
4131,13,22
timeStep,numberOfRobotsOnBlackSite,numberOfRobotsOnWhiteSite
4132,13,22
timeStep,numberOfRobotsOnBlackSite,numberOfRobotsOnWhiteSite
4133,13,22
timeStep,numberOfRobotsOnBlackSite,numberOfRobotsOnWhiteSite
4134,13,22
timeStep,numberOfRobotsOnBlackSite,numberOfRobotsOnWhiteSite
4135,13,22
timeStep,numberOfRobotsOnBlackSite,numberOfRobotsOnWhiteSite
4136,13,22
timeStep,numberOfRobotsOnBlackSite,numberOfRobotsOnWhiteSite
4137,13,22
timeStep,numberOfRobotsOnBlackSite,numberOfRobotsOnWhiteSite
4138,13,22
timeStep,numberOfRobotsOnBlackSite,numberOfRobotsOnWhiteSite
4139,13,22
timeStep,numberOfRobotsOnBlackSite,numberOfRobotsOnWhiteSite
4140,13,22
timeStep,numberOfRobotsOnBlackSite,numberOfRobotsOnWhiteSite
4141,13,22
timeStep,numberOfRobotsOnBlackSite,numberOfRobotsOnWhiteSite
4142,13,22
timeStep,numberOfRobotsOnBlackSite,numberOfRobotsOnWhiteSite
4143,13,22
timeStep,numberOfRobotsOnBlackSite,numberOfRobotsOnWhiteSite
4144,13,22
timeStep,numberOfRobotsOnBlackSite,numberOfRobotsOnWhiteSite
4145,14,22
timeStep,numberOfRobotsOnBlackSite,numberOfRobotsOnWhiteSite
4146,14,22
timeStep,numberOfRobotsOnBlackSite,numberOfRobotsOnWhiteSite
4147,14,22
timeStep,numberOfRobotsOnBlackSite,numberOfRobotsOnWhiteSite
4148,14,22
timeStep,numberOfRobotsOnBlackSite,numberOfRobotsOnWhiteSite
4149,14,22
timeStep,numberOfRobotsOnBlackSite,numberOfRobotsOnWhiteSite
4150,14,22
timeStep,numberOfRobotsOnBlackSite,numberOfRobotsOnWhiteSite
4151,14,22
timeStep,numberOfRobotsOnBlackSite,numberOfRobotsOnWhiteSite
4152,14,22
timeStep,numberOfRobotsOnBlackSite,numberOfRobotsOnWhiteSite
4153,14,22
timeStep,numberOfRobotsOnBlackSite,numberOfRobotsOnWhiteSite
4154,14,22
timeStep,numberOfRobotsOnBlackSite,numberOfRobotsOnWhiteSite
4155,14,22
timeStep,numberOfRobotsOnBlackSite,numberOfRobotsOnWhiteSite
4156,14,22
timeStep,numberOfRobotsOnBlackSite,numberOfRobotsOnWhiteSite
4157,14,22
timeStep,numberOfRobotsOnBlackSite,numberOfRobotsOnWhiteSite
4158,14,22
timeStep,numberOfRobotsOnBlackSite,numberOfRobotsOnWhiteSite
4159,14,22
timeStep,numberOfRobotsOnBlackSite,numberOfRobotsOnWhiteSite
4160,14,22
timeStep,numberOfRobotsOnBlackSite,numberOfRobotsOnWhiteSite
4161,14,22
timeStep,numberOfRobotsOnBlackSite,numberOfRobotsOnWhiteSite
4162,14,22
timeStep,numberOfRobotsOnBlackSite,numberOfRobotsOnWhiteSite
4163,14,22
timeStep,numberOfRobotsOnBlackSite,numberOfRobotsOnWhiteSite
4164,14,22
timeStep,numberOfRobotsOnBlackSite,numberOfRobotsOnWhiteSite
4165,14,22
timeStep,numberOfRobotsOnBlackSite,numberOfRobotsOnWhiteSite
4166,14,22
timeStep,numberOfRobotsOnBlackSite,numberOfRobotsOnWhiteSite
4167,14,22
timeStep,numberOfRobotsOnBlackSite,numberOfRobotsOnWhiteSite
4168,14,22
timeStep,numberOfRobotsOnBlackSite,numberOfRobotsOnWhiteSite
4169,14,22
timeStep,numberOfRobotsOnBlackSite,numberOfRobotsOnWhiteSite
4170,14,22
timeStep,numberOfRobotsOnBlackSite,numberOfRobotsOnWhiteSite
4171,14,22
timeStep,numberOfRobotsOnBlackSite,numberOfRobotsOnWhiteSite
4172,14,22
timeStep,numberOfRobotsOnBlackSite,numberOfRobotsOnWhiteSite
4173,14,22
timeStep,numberOfRobotsOnBlackSite,numberOfRobotsOnWhiteSite
4174,14,22
timeStep,numberOfRobotsOnBlackSite,numberOfRobotsOnWhiteSite
4175,14,22
timeStep,numberOfRobotsOnBlackSite,numberOfRobotsOnWhiteSite
4176,14,22
timeStep,numberOfRobotsOnBlackSite,numberOfRobotsOnWhiteSite
4177,14,22
timeStep,numberOfRobotsOnBlackSite,numberOfRobotsOnWhiteSite
4178,14,22
timeStep,numberOfRobotsOnBlackSite,numberOfRobotsOnWhiteSite
4179,14,22
timeStep,numberOfRobotsOnBlackSite,numberOfRobotsOnWhiteSite
4180,14,22
timeStep,numberOfRobotsOnBlackSite,numberOfRobotsOnWhiteSite
4181,14,22
timeStep,numberOfRobotsOnBlackSite,numberOfRobotsOnWhiteSite
4182,14,22
timeStep,numberOfRobotsOnBlackSite,numberOfRobotsOnWhiteSite
4183,14,22
timeStep,numberOfRobotsOnBlackSite,numberOfRobotsOnWhiteSite
4184,14,22
timeStep,numberOfRobotsOnBlackSite,numberOfRobotsOnWhiteSite
4185,14,22
timeStep,numberOfRobotsOnBlackSite,numberOfRobotsOnWhiteSite
4186,14,22
timeStep,numberOfRobotsOnBlackSite,numberOfRobotsOnWhiteSite
4187,14,22
timeStep,numberOfRobotsOnBlackSite,numberOfRobotsOnWhiteSite
4188,14,22
timeStep,numberOfRobotsOnBlackSite,numberOfRobotsOnWhiteSite
4189,14,22
timeStep,numberOfRobotsOnBlackSite,numberOfRobotsOnWhiteSite
4190,14,22
timeStep,numberOfRobotsOnBlackSite,numberOfRobotsOnWhiteSite
4191,14,22
timeStep,numberOfRobotsOnBlackSite,numberOfRobotsOnWhiteSite
4192,14,22
timeStep,numberOfRobotsOnBlackSite,numberOfRobotsOnWhiteSite
4193,14,22
timeStep,numberOfRobotsOnBlackSite,numberOfRobotsOnWhiteSite
4194,14,22
timeStep,numberOfRobotsOnBlackSite,numberOfRobotsOnWhiteSite
4195,14,22
timeStep,numberOfRobotsOnBlackSite,numberOfRobotsOnWhiteSite
4196,14,22
timeStep,numberOfRobotsOnBlackSite,numberOfRobotsOnWhiteSite
4197,14,22
timeStep,numberOfRobotsOnBlackSite,numberOfRobotsOnWhiteSite
4198,14,22
timeStep,numberOfRobotsOnBlackSite,numberOfRobotsOnWhiteSite
4199,14,22
timeStep,numberOfRobotsOnBlackSite,numberOfRobotsOnWhiteSite
4200,14,22
timeStep,numberOfRobotsOnBlackSite,numberOfRobotsOnWhiteSite
4201,14,22
timeStep,numberOfRobotsOnBlackSite,numberOfRobotsOnWhiteSite
4202,14,22
timeStep,numberOfRobotsOnBlackSite,numberOfRobotsOnWhiteSite
4203,14,22
timeStep,numberOfRobotsOnBlackSite,numberOfRobotsOnWhiteSite
4204,14,22
timeStep,numberOfRobotsOnBlackSite,numberOfRobotsOnWhiteSite
4205,14,22
timeStep,numberOfRobotsOnBlackSite,numberOfRobotsOnWhiteSite
4206,14,22
timeStep,numberOfRobotsOnBlackSite,numberOfRobotsOnWhiteSite
4207,14,22
timeStep,numberOfRobotsOnBlackSite,numberOfRobotsOnWhiteSite
4208,14,22
timeStep,numberOfRobotsOnBlackSite,numberOfRobotsOnWhiteSite
4209,14,22
timeStep,numberOfRobotsOnBlackSite,numberOfRobotsOnWhiteSite
4210,14,22
timeStep,numberOfRobotsOnBlackSite,numberOfRobotsOnWhiteSite
4211,14,22
timeStep,numberOfRobotsOnBlackSite,numberOfRobotsOnWhiteSite
4212,14,22
timeStep,numberOfRobotsOnBlackSite,numberOfRobotsOnWhiteSite
4213,14,22
timeStep,numberOfRobotsOnBlackSite,numberOfRobotsOnWhiteSite
4214,14,22
timeStep,numberOfRobotsOnBlackSite,numberOfRobotsOnWhiteSite
4215,14,22
timeStep,numberOfRobotsOnBlackSite,numberOfRobotsOnWhiteSite
4216,14,22
timeStep,numberOfRobotsOnBlackSite,numberOfRobotsOnWhiteSite
4217,14,22
timeStep,numberOfRobotsOnBlackSite,numberOfRobotsOnWhiteSite
4218,14,22
timeStep,numberOfRobotsOnBlackSite,numberOfRobotsOnWhiteSite
4219,14,22
timeStep,numberOfRobotsOnBlackSite,numberOfRobotsOnWhiteSite
4220,14,22
timeStep,numberOfRobotsOnBlackSite,numberOfRobotsOnWhiteSite
4221,14,22
timeStep,numberOfRobotsOnBlackSite,numberOfRobotsOnWhiteSite
4222,14,22
timeStep,numberOfRobotsOnBlackSite,numberOfRobotsOnWhiteSite
4223,14,22
timeStep,numberOfRobotsOnBlackSite,numberOfRobotsOnWhiteSite
4224,14,22
timeStep,numberOfRobotsOnBlackSite,numberOfRobotsOnWhiteSite
4225,14,22
timeStep,numberOfRobotsOnBlackSite,numberOfRobotsOnWhiteSite
4226,14,22
timeStep,numberOfRobotsOnBlackSite,numberOfRobotsOnWhiteSite
4227,14,22
timeStep,numberOfRobotsOnBlackSite,numberOfRobotsOnWhiteSite
4228,14,22
timeStep,numberOfRobotsOnBlackSite,numberOfRobotsOnWhiteSite
4229,14,22
timeStep,numberOfRobotsOnBlackSite,numberOfRobotsOnWhiteSite
4230,14,22
timeStep,numberOfRobotsOnBlackSite,numberOfRobotsOnWhiteSite
4231,14,22
timeStep,numberOfRobotsOnBlackSite,numberOfRobotsOnWhiteSite
4232,14,22
timeStep,numberOfRobotsOnBlackSite,numberOfRobotsOnWhiteSite
4233,14,22
timeStep,numberOfRobotsOnBlackSite,numberOfRobotsOnWhiteSite
4234,14,22
timeStep,numberOfRobotsOnBlackSite,numberOfRobotsOnWhiteSite
4235,14,22
timeStep,numberOfRobotsOnBlackSite,numberOfRobotsOnWhiteSite
4236,14,22
timeStep,numberOfRobotsOnBlackSite,numberOfRobotsOnWhiteSite
4237,14,22
timeStep,numberOfRobotsOnBlackSite,numberOfRobotsOnWhiteSite
4238,14,22
timeStep,numberOfRobotsOnBlackSite,numberOfRobotsOnWhiteSite
4239,14,22
timeStep,numberOfRobotsOnBlackSite,numberOfRobotsOnWhiteSite
4240,14,22
timeStep,numberOfRobotsOnBlackSite,numberOfRobotsOnWhiteSite
4241,14,22
timeStep,numberOfRobotsOnBlackSite,numberOfRobotsOnWhiteSite
4242,14,22
timeStep,numberOfRobotsOnBlackSite,numberOfRobotsOnWhiteSite
4243,14,22
timeStep,numberOfRobotsOnBlackSite,numberOfRobotsOnWhiteSite
4244,14,22
timeStep,numberOfRobotsOnBlackSite,numberOfRobotsOnWhiteSite
4245,14,22
timeStep,numberOfRobotsOnBlackSite,numberOfRobotsOnWhiteSite
4246,14,22
timeStep,numberOfRobotsOnBlackSite,numberOfRobotsOnWhiteSite
4247,14,22
timeStep,numberOfRobotsOnBlackSite,numberOfRobotsOnWhiteSite
4248,14,22
timeStep,numberOfRobotsOnBlackSite,numberOfRobotsOnWhiteSite
4249,14,22
timeStep,numberOfRobotsOnBlackSite,numberOfRobotsOnWhiteSite
4250,14,22
timeStep,numberOfRobotsOnBlackSite,numberOfRobotsOnWhiteSite
4251,14,22
timeStep,numberOfRobotsOnBlackSite,numberOfRobotsOnWhiteSite
4252,14,22
timeStep,numberOfRobotsOnBlackSite,numberOfRobotsOnWhiteSite
4253,14,22
timeStep,numberOfRobotsOnBlackSite,numberOfRobotsOnWhiteSite
4254,14,22
timeStep,numberOfRobotsOnBlackSite,numberOfRobotsOnWhiteSite
4255,14,22
timeStep,numberOfRobotsOnBlackSite,numberOfRobotsOnWhiteSite
4256,14,22
timeStep,numberOfRobotsOnBlackSite,numberOfRobotsOnWhiteSite
4257,14,22
timeStep,numberOfRobotsOnBlackSite,numberOfRobotsOnWhiteSite
4258,14,22
timeStep,numberOfRobotsOnBlackSite,numberOfRobotsOnWhiteSite
4259,14,22
timeStep,numberOfRobotsOnBlackSite,numberOfRobotsOnWhiteSite
4260,14,22
timeStep,numberOfRobotsOnBlackSite,numberOfRobotsOnWhiteSite
4261,14,22
timeStep,numberOfRobotsOnBlackSite,numberOfRobotsOnWhiteSite
4262,14,22
timeStep,numberOfRobotsOnBlackSite,numberOfRobotsOnWhiteSite
4263,14,22
timeStep,numberOfRobotsOnBlackSite,numberOfRobotsOnWhiteSite
4264,14,22
timeStep,numberOfRobotsOnBlackSite,numberOfRobotsOnWhiteSite
4265,14,22
timeStep,numberOfRobotsOnBlackSite,numberOfRobotsOnWhiteSite
4266,14,22
timeStep,numberOfRobotsOnBlackSite,numberOfRobotsOnWhiteSite
4267,14,22
timeStep,numberOfRobotsOnBlackSite,numberOfRobotsOnWhiteSite
4268,14,22
timeStep,numberOfRobotsOnBlackSite,numberOfRobotsOnWhiteSite
4269,14,22
timeStep,numberOfRobotsOnBlackSite,numberOfRobotsOnWhiteSite
4270,14,22
timeStep,numberOfRobotsOnBlackSite,numberOfRobotsOnWhiteSite
4271,14,22
timeStep,numberOfRobotsOnBlackSite,numberOfRobotsOnWhiteSite
4272,14,22
timeStep,numberOfRobotsOnBlackSite,numberOfRobotsOnWhiteSite
4273,14,22
timeStep,numberOfRobotsOnBlackSite,numberOfRobotsOnWhiteSite
4274,14,22
timeStep,numberOfRobotsOnBlackSite,numberOfRobotsOnWhiteSite
4275,13,23
timeStep,numberOfRobotsOnBlackSite,numberOfRobotsOnWhiteSite
4276,13,23
timeStep,numberOfRobotsOnBlackSite,numberOfRobotsOnWhiteSite
4277,13,23
timeStep,numberOfRobotsOnBlackSite,numberOfRobotsOnWhiteSite
4278,13,23
timeStep,numberOfRobotsOnBlackSite,numberOfRobotsOnWhiteSite
4279,13,23
timeStep,numberOfRobotsOnBlackSite,numberOfRobotsOnWhiteSite
4280,13,23
timeStep,numberOfRobotsOnBlackSite,numberOfRobotsOnWhiteSite
4281,13,23
timeStep,numberOfRobotsOnBlackSite,numberOfRobotsOnWhiteSite
4282,13,23
timeStep,numberOfRobotsOnBlackSite,numberOfRobotsOnWhiteSite
4283,13,23
timeStep,numberOfRobotsOnBlackSite,numberOfRobotsOnWhiteSite
4284,13,23
timeStep,numberOfRobotsOnBlackSite,numberOfRobotsOnWhiteSite
4285,13,23
timeStep,numberOfRobotsOnBlackSite,numberOfRobotsOnWhiteSite
4286,13,23
timeStep,numberOfRobotsOnBlackSite,numberOfRobotsOnWhiteSite
4287,13,23
timeStep,numberOfRobotsOnBlackSite,numberOfRobotsOnWhiteSite
4288,13,23
timeStep,numberOfRobotsOnBlackSite,numberOfRobotsOnWhiteSite
4289,13,23
timeStep,numberOfRobotsOnBlackSite,numberOfRobotsOnWhiteSite
4290,13,23
timeStep,numberOfRobotsOnBlackSite,numberOfRobotsOnWhiteSite
4291,13,23
timeStep,numberOfRobotsOnBlackSite,numberOfRobotsOnWhiteSite
4292,13,23
timeStep,numberOfRobotsOnBlackSite,numberOfRobotsOnWhiteSite
4293,13,23
timeStep,numberOfRobotsOnBlackSite,numberOfRobotsOnWhiteSite
4294,13,23
timeStep,numberOfRobotsOnBlackSite,numberOfRobotsOnWhiteSite
4295,13,24
timeStep,numberOfRobotsOnBlackSite,numberOfRobotsOnWhiteSite
4296,13,24
timeStep,numberOfRobotsOnBlackSite,numberOfRobotsOnWhiteSite
4297,13,24
timeStep,numberOfRobotsOnBlackSite,numberOfRobotsOnWhiteSite
4298,13,24
timeStep,numberOfRobotsOnBlackSite,numberOfRobotsOnWhiteSite
4299,13,24
timeStep,numberOfRobotsOnBlackSite,numberOfRobotsOnWhiteSite
4300,13,24
timeStep,numberOfRobotsOnBlackSite,numberOfRobotsOnWhiteSite
4301,13,24
timeStep,numberOfRobotsOnBlackSite,numberOfRobotsOnWhiteSite
4302,13,24
timeStep,numberOfRobotsOnBlackSite,numberOfRobotsOnWhiteSite
4303,13,24
timeStep,numberOfRobotsOnBlackSite,numberOfRobotsOnWhiteSite
4304,13,24
timeStep,numberOfRobotsOnBlackSite,numberOfRobotsOnWhiteSite
4305,13,24
timeStep,numberOfRobotsOnBlackSite,numberOfRobotsOnWhiteSite
4306,13,24
timeStep,numberOfRobotsOnBlackSite,numberOfRobotsOnWhiteSite
4307,13,24
timeStep,numberOfRobotsOnBlackSite,numberOfRobotsOnWhiteSite
4308,13,24
timeStep,numberOfRobotsOnBlackSite,numberOfRobotsOnWhiteSite
4309,13,24
timeStep,numberOfRobotsOnBlackSite,numberOfRobotsOnWhiteSite
4310,13,24
timeStep,numberOfRobotsOnBlackSite,numberOfRobotsOnWhiteSite
4311,13,24
timeStep,numberOfRobotsOnBlackSite,numberOfRobotsOnWhiteSite
4312,13,24
timeStep,numberOfRobotsOnBlackSite,numberOfRobotsOnWhiteSite
4313,13,24
timeStep,numberOfRobotsOnBlackSite,numberOfRobotsOnWhiteSite
4314,13,24
timeStep,numberOfRobotsOnBlackSite,numberOfRobotsOnWhiteSite
4315,13,24
timeStep,numberOfRobotsOnBlackSite,numberOfRobotsOnWhiteSite
4316,13,24
timeStep,numberOfRobotsOnBlackSite,numberOfRobotsOnWhiteSite
4317,13,24
timeStep,numberOfRobotsOnBlackSite,numberOfRobotsOnWhiteSite
4318,13,24
timeStep,numberOfRobotsOnBlackSite,numberOfRobotsOnWhiteSite
4319,13,24
timeStep,numberOfRobotsOnBlackSite,numberOfRobotsOnWhiteSite
4320,13,24
timeStep,numberOfRobotsOnBlackSite,numberOfRobotsOnWhiteSite
4321,13,24
timeStep,numberOfRobotsOnBlackSite,numberOfRobotsOnWhiteSite
4322,13,24
timeStep,numberOfRobotsOnBlackSite,numberOfRobotsOnWhiteSite
4323,13,24
timeStep,numberOfRobotsOnBlackSite,numberOfRobotsOnWhiteSite
4324,13,24
timeStep,numberOfRobotsOnBlackSite,numberOfRobotsOnWhiteSite
4325,14,24
timeStep,numberOfRobotsOnBlackSite,numberOfRobotsOnWhiteSite
4326,14,24
timeStep,numberOfRobotsOnBlackSite,numberOfRobotsOnWhiteSite
4327,14,24
timeStep,numberOfRobotsOnBlackSite,numberOfRobotsOnWhiteSite
4328,14,24
timeStep,numberOfRobotsOnBlackSite,numberOfRobotsOnWhiteSite
4329,14,24
timeStep,numberOfRobotsOnBlackSite,numberOfRobotsOnWhiteSite
4330,14,24
timeStep,numberOfRobotsOnBlackSite,numberOfRobotsOnWhiteSite
4331,14,24
timeStep,numberOfRobotsOnBlackSite,numberOfRobotsOnWhiteSite
4332,14,24
timeStep,numberOfRobotsOnBlackSite,numberOfRobotsOnWhiteSite
4333,14,24
timeStep,numberOfRobotsOnBlackSite,numberOfRobotsOnWhiteSite
4334,14,24
timeStep,numberOfRobotsOnBlackSite,numberOfRobotsOnWhiteSite
4335,14,24
timeStep,numberOfRobotsOnBlackSite,numberOfRobotsOnWhiteSite
4336,14,24
timeStep,numberOfRobotsOnBlackSite,numberOfRobotsOnWhiteSite
4337,14,24
timeStep,numberOfRobotsOnBlackSite,numberOfRobotsOnWhiteSite
4338,14,24
timeStep,numberOfRobotsOnBlackSite,numberOfRobotsOnWhiteSite
4339,14,24
timeStep,numberOfRobotsOnBlackSite,numberOfRobotsOnWhiteSite
4340,14,24
timeStep,numberOfRobotsOnBlackSite,numberOfRobotsOnWhiteSite
4341,14,24
timeStep,numberOfRobotsOnBlackSite,numberOfRobotsOnWhiteSite
4342,14,24
timeStep,numberOfRobotsOnBlackSite,numberOfRobotsOnWhiteSite
4343,14,24
timeStep,numberOfRobotsOnBlackSite,numberOfRobotsOnWhiteSite
4344,14,24
timeStep,numberOfRobotsOnBlackSite,numberOfRobotsOnWhiteSite
4345,13,24
timeStep,numberOfRobotsOnBlackSite,numberOfRobotsOnWhiteSite
4346,13,24
timeStep,numberOfRobotsOnBlackSite,numberOfRobotsOnWhiteSite
4347,13,24
timeStep,numberOfRobotsOnBlackSite,numberOfRobotsOnWhiteSite
4348,13,24
timeStep,numberOfRobotsOnBlackSite,numberOfRobotsOnWhiteSite
4349,13,24
timeStep,numberOfRobotsOnBlackSite,numberOfRobotsOnWhiteSite
4350,13,24
timeStep,numberOfRobotsOnBlackSite,numberOfRobotsOnWhiteSite
4351,13,24
timeStep,numberOfRobotsOnBlackSite,numberOfRobotsOnWhiteSite
4352,13,24
timeStep,numberOfRobotsOnBlackSite,numberOfRobotsOnWhiteSite
4353,13,24
timeStep,numberOfRobotsOnBlackSite,numberOfRobotsOnWhiteSite
4354,13,24
timeStep,numberOfRobotsOnBlackSite,numberOfRobotsOnWhiteSite
4355,13,24
timeStep,numberOfRobotsOnBlackSite,numberOfRobotsOnWhiteSite
4356,13,24
timeStep,numberOfRobotsOnBlackSite,numberOfRobotsOnWhiteSite
4357,13,24
timeStep,numberOfRobotsOnBlackSite,numberOfRobotsOnWhiteSite
4358,13,24
timeStep,numberOfRobotsOnBlackSite,numberOfRobotsOnWhiteSite
4359,13,24
timeStep,numberOfRobotsOnBlackSite,numberOfRobotsOnWhiteSite
4360,13,24
timeStep,numberOfRobotsOnBlackSite,numberOfRobotsOnWhiteSite
4361,13,24
timeStep,numberOfRobotsOnBlackSite,numberOfRobotsOnWhiteSite
4362,13,24
timeStep,numberOfRobotsOnBlackSite,numberOfRobotsOnWhiteSite
4363,13,24
timeStep,numberOfRobotsOnBlackSite,numberOfRobotsOnWhiteSite
4364,13,24
timeStep,numberOfRobotsOnBlackSite,numberOfRobotsOnWhiteSite
4365,13,24
timeStep,numberOfRobotsOnBlackSite,numberOfRobotsOnWhiteSite
4366,13,24
timeStep,numberOfRobotsOnBlackSite,numberOfRobotsOnWhiteSite
4367,13,24
timeStep,numberOfRobotsOnBlackSite,numberOfRobotsOnWhiteSite
4368,13,24
timeStep,numberOfRobotsOnBlackSite,numberOfRobotsOnWhiteSite
4369,13,24
timeStep,numberOfRobotsOnBlackSite,numberOfRobotsOnWhiteSite
4370,13,24
timeStep,numberOfRobotsOnBlackSite,numberOfRobotsOnWhiteSite
4371,13,24
timeStep,numberOfRobotsOnBlackSite,numberOfRobotsOnWhiteSite
4372,13,24
timeStep,numberOfRobotsOnBlackSite,numberOfRobotsOnWhiteSite
4373,13,24
timeStep,numberOfRobotsOnBlackSite,numberOfRobotsOnWhiteSite
4374,13,24
timeStep,numberOfRobotsOnBlackSite,numberOfRobotsOnWhiteSite
4375,13,25
timeStep,numberOfRobotsOnBlackSite,numberOfRobotsOnWhiteSite
4376,13,25
timeStep,numberOfRobotsOnBlackSite,numberOfRobotsOnWhiteSite
4377,13,25
timeStep,numberOfRobotsOnBlackSite,numberOfRobotsOnWhiteSite
4378,13,25
timeStep,numberOfRobotsOnBlackSite,numberOfRobotsOnWhiteSite
4379,13,25
timeStep,numberOfRobotsOnBlackSite,numberOfRobotsOnWhiteSite
4380,13,25
timeStep,numberOfRobotsOnBlackSite,numberOfRobotsOnWhiteSite
4381,13,25
timeStep,numberOfRobotsOnBlackSite,numberOfRobotsOnWhiteSite
4382,13,25
timeStep,numberOfRobotsOnBlackSite,numberOfRobotsOnWhiteSite
4383,13,25
timeStep,numberOfRobotsOnBlackSite,numberOfRobotsOnWhiteSite
4384,13,25
timeStep,numberOfRobotsOnBlackSite,numberOfRobotsOnWhiteSite
4385,13,25
timeStep,numberOfRobotsOnBlackSite,numberOfRobotsOnWhiteSite
4386,13,25
timeStep,numberOfRobotsOnBlackSite,numberOfRobotsOnWhiteSite
4387,13,25
timeStep,numberOfRobotsOnBlackSite,numberOfRobotsOnWhiteSite
4388,13,25
timeStep,numberOfRobotsOnBlackSite,numberOfRobotsOnWhiteSite
4389,13,25
timeStep,numberOfRobotsOnBlackSite,numberOfRobotsOnWhiteSite
4390,13,24
timeStep,numberOfRobotsOnBlackSite,numberOfRobotsOnWhiteSite
4391,13,24
timeStep,numberOfRobotsOnBlackSite,numberOfRobotsOnWhiteSite
4392,13,24
timeStep,numberOfRobotsOnBlackSite,numberOfRobotsOnWhiteSite
4393,13,24
timeStep,numberOfRobotsOnBlackSite,numberOfRobotsOnWhiteSite
4394,13,24
timeStep,numberOfRobotsOnBlackSite,numberOfRobotsOnWhiteSite
4395,13,24
timeStep,numberOfRobotsOnBlackSite,numberOfRobotsOnWhiteSite
4396,13,24
timeStep,numberOfRobotsOnBlackSite,numberOfRobotsOnWhiteSite
4397,13,24
timeStep,numberOfRobotsOnBlackSite,numberOfRobotsOnWhiteSite
4398,13,24
timeStep,numberOfRobotsOnBlackSite,numberOfRobotsOnWhiteSite
4399,13,24
timeStep,numberOfRobotsOnBlackSite,numberOfRobotsOnWhiteSite
4400,13,24
timeStep,numberOfRobotsOnBlackSite,numberOfRobotsOnWhiteSite
4401,13,24
timeStep,numberOfRobotsOnBlackSite,numberOfRobotsOnWhiteSite
4402,13,24
timeStep,numberOfRobotsOnBlackSite,numberOfRobotsOnWhiteSite
4403,13,24
timeStep,numberOfRobotsOnBlackSite,numberOfRobotsOnWhiteSite
4404,13,24
timeStep,numberOfRobotsOnBlackSite,numberOfRobotsOnWhiteSite
4405,13,24
timeStep,numberOfRobotsOnBlackSite,numberOfRobotsOnWhiteSite
4406,13,24
timeStep,numberOfRobotsOnBlackSite,numberOfRobotsOnWhiteSite
4407,13,24
timeStep,numberOfRobotsOnBlackSite,numberOfRobotsOnWhiteSite
4408,13,24
timeStep,numberOfRobotsOnBlackSite,numberOfRobotsOnWhiteSite
4409,13,24
timeStep,numberOfRobotsOnBlackSite,numberOfRobotsOnWhiteSite
4410,13,24
timeStep,numberOfRobotsOnBlackSite,numberOfRobotsOnWhiteSite
4411,13,24
timeStep,numberOfRobotsOnBlackSite,numberOfRobotsOnWhiteSite
4412,13,24
timeStep,numberOfRobotsOnBlackSite,numberOfRobotsOnWhiteSite
4413,13,24
timeStep,numberOfRobotsOnBlackSite,numberOfRobotsOnWhiteSite
4414,13,24
timeStep,numberOfRobotsOnBlackSite,numberOfRobotsOnWhiteSite
4415,13,24
timeStep,numberOfRobotsOnBlackSite,numberOfRobotsOnWhiteSite
4416,13,24
timeStep,numberOfRobotsOnBlackSite,numberOfRobotsOnWhiteSite
4417,13,24
timeStep,numberOfRobotsOnBlackSite,numberOfRobotsOnWhiteSite
4418,13,24
timeStep,numberOfRobotsOnBlackSite,numberOfRobotsOnWhiteSite
4419,13,24
timeStep,numberOfRobotsOnBlackSite,numberOfRobotsOnWhiteSite
4420,13,24
timeStep,numberOfRobotsOnBlackSite,numberOfRobotsOnWhiteSite
4421,13,24
timeStep,numberOfRobotsOnBlackSite,numberOfRobotsOnWhiteSite
4422,13,24
timeStep,numberOfRobotsOnBlackSite,numberOfRobotsOnWhiteSite
4423,13,24
timeStep,numberOfRobotsOnBlackSite,numberOfRobotsOnWhiteSite
4424,13,24
timeStep,numberOfRobotsOnBlackSite,numberOfRobotsOnWhiteSite
4425,13,24
timeStep,numberOfRobotsOnBlackSite,numberOfRobotsOnWhiteSite
4426,13,24
timeStep,numberOfRobotsOnBlackSite,numberOfRobotsOnWhiteSite
4427,13,24
timeStep,numberOfRobotsOnBlackSite,numberOfRobotsOnWhiteSite
4428,13,24
timeStep,numberOfRobotsOnBlackSite,numberOfRobotsOnWhiteSite
4429,13,24
timeStep,numberOfRobotsOnBlackSite,numberOfRobotsOnWhiteSite
4430,13,24
timeStep,numberOfRobotsOnBlackSite,numberOfRobotsOnWhiteSite
4431,13,24
timeStep,numberOfRobotsOnBlackSite,numberOfRobotsOnWhiteSite
4432,13,24
timeStep,numberOfRobotsOnBlackSite,numberOfRobotsOnWhiteSite
4433,13,24
timeStep,numberOfRobotsOnBlackSite,numberOfRobotsOnWhiteSite
4434,13,24
timeStep,numberOfRobotsOnBlackSite,numberOfRobotsOnWhiteSite
4435,13,23
timeStep,numberOfRobotsOnBlackSite,numberOfRobotsOnWhiteSite
4436,13,23
timeStep,numberOfRobotsOnBlackSite,numberOfRobotsOnWhiteSite
4437,13,23
timeStep,numberOfRobotsOnBlackSite,numberOfRobotsOnWhiteSite
4438,13,23
timeStep,numberOfRobotsOnBlackSite,numberOfRobotsOnWhiteSite
4439,13,23
timeStep,numberOfRobotsOnBlackSite,numberOfRobotsOnWhiteSite
4440,14,23
timeStep,numberOfRobotsOnBlackSite,numberOfRobotsOnWhiteSite
4441,14,23
timeStep,numberOfRobotsOnBlackSite,numberOfRobotsOnWhiteSite
4442,14,23
timeStep,numberOfRobotsOnBlackSite,numberOfRobotsOnWhiteSite
4443,14,23
timeStep,numberOfRobotsOnBlackSite,numberOfRobotsOnWhiteSite
4444,14,23
timeStep,numberOfRobotsOnBlackSite,numberOfRobotsOnWhiteSite
4445,13,23
timeStep,numberOfRobotsOnBlackSite,numberOfRobotsOnWhiteSite
4446,13,23
timeStep,numberOfRobotsOnBlackSite,numberOfRobotsOnWhiteSite
4447,13,23
timeStep,numberOfRobotsOnBlackSite,numberOfRobotsOnWhiteSite
4448,13,23
timeStep,numberOfRobotsOnBlackSite,numberOfRobotsOnWhiteSite
4449,13,23
timeStep,numberOfRobotsOnBlackSite,numberOfRobotsOnWhiteSite
4450,13,23
timeStep,numberOfRobotsOnBlackSite,numberOfRobotsOnWhiteSite
4451,13,23
timeStep,numberOfRobotsOnBlackSite,numberOfRobotsOnWhiteSite
4452,13,23
timeStep,numberOfRobotsOnBlackSite,numberOfRobotsOnWhiteSite
4453,13,23
timeStep,numberOfRobotsOnBlackSite,numberOfRobotsOnWhiteSite
4454,13,23
timeStep,numberOfRobotsOnBlackSite,numberOfRobotsOnWhiteSite
4455,13,24
timeStep,numberOfRobotsOnBlackSite,numberOfRobotsOnWhiteSite
4456,13,24
timeStep,numberOfRobotsOnBlackSite,numberOfRobotsOnWhiteSite
4457,13,24
timeStep,numberOfRobotsOnBlackSite,numberOfRobotsOnWhiteSite
4458,13,24
timeStep,numberOfRobotsOnBlackSite,numberOfRobotsOnWhiteSite
4459,13,24
timeStep,numberOfRobotsOnBlackSite,numberOfRobotsOnWhiteSite
4460,14,24
timeStep,numberOfRobotsOnBlackSite,numberOfRobotsOnWhiteSite
4461,14,24
timeStep,numberOfRobotsOnBlackSite,numberOfRobotsOnWhiteSite
4462,14,24
timeStep,numberOfRobotsOnBlackSite,numberOfRobotsOnWhiteSite
4463,14,24
timeStep,numberOfRobotsOnBlackSite,numberOfRobotsOnWhiteSite
4464,14,24
timeStep,numberOfRobotsOnBlackSite,numberOfRobotsOnWhiteSite
4465,14,24
timeStep,numberOfRobotsOnBlackSite,numberOfRobotsOnWhiteSite
4466,14,24
timeStep,numberOfRobotsOnBlackSite,numberOfRobotsOnWhiteSite
4467,14,24
timeStep,numberOfRobotsOnBlackSite,numberOfRobotsOnWhiteSite
4468,14,24
timeStep,numberOfRobotsOnBlackSite,numberOfRobotsOnWhiteSite
4469,14,24
timeStep,numberOfRobotsOnBlackSite,numberOfRobotsOnWhiteSite
4470,14,24
timeStep,numberOfRobotsOnBlackSite,numberOfRobotsOnWhiteSite
4471,14,24
timeStep,numberOfRobotsOnBlackSite,numberOfRobotsOnWhiteSite
4472,14,24
timeStep,numberOfRobotsOnBlackSite,numberOfRobotsOnWhiteSite
4473,14,24
timeStep,numberOfRobotsOnBlackSite,numberOfRobotsOnWhiteSite
4474,14,24
timeStep,numberOfRobotsOnBlackSite,numberOfRobotsOnWhiteSite
4475,14,24
timeStep,numberOfRobotsOnBlackSite,numberOfRobotsOnWhiteSite
4476,14,24
timeStep,numberOfRobotsOnBlackSite,numberOfRobotsOnWhiteSite
4477,14,24
timeStep,numberOfRobotsOnBlackSite,numberOfRobotsOnWhiteSite
4478,14,24
timeStep,numberOfRobotsOnBlackSite,numberOfRobotsOnWhiteSite
4479,14,24
timeStep,numberOfRobotsOnBlackSite,numberOfRobotsOnWhiteSite
4480,14,24
timeStep,numberOfRobotsOnBlackSite,numberOfRobotsOnWhiteSite
4481,14,24
timeStep,numberOfRobotsOnBlackSite,numberOfRobotsOnWhiteSite
4482,14,24
timeStep,numberOfRobotsOnBlackSite,numberOfRobotsOnWhiteSite
4483,14,24
timeStep,numberOfRobotsOnBlackSite,numberOfRobotsOnWhiteSite
4484,14,24
timeStep,numberOfRobotsOnBlackSite,numberOfRobotsOnWhiteSite
4485,14,24
timeStep,numberOfRobotsOnBlackSite,numberOfRobotsOnWhiteSite
4486,14,24
timeStep,numberOfRobotsOnBlackSite,numberOfRobotsOnWhiteSite
4487,14,24
timeStep,numberOfRobotsOnBlackSite,numberOfRobotsOnWhiteSite
4488,14,24
timeStep,numberOfRobotsOnBlackSite,numberOfRobotsOnWhiteSite
4489,14,24
timeStep,numberOfRobotsOnBlackSite,numberOfRobotsOnWhiteSite
4490,14,24
timeStep,numberOfRobotsOnBlackSite,numberOfRobotsOnWhiteSite
4491,14,24
timeStep,numberOfRobotsOnBlackSite,numberOfRobotsOnWhiteSite
4492,14,24
timeStep,numberOfRobotsOnBlackSite,numberOfRobotsOnWhiteSite
4493,14,24
timeStep,numberOfRobotsOnBlackSite,numberOfRobotsOnWhiteSite
4494,14,24
timeStep,numberOfRobotsOnBlackSite,numberOfRobotsOnWhiteSite
4495,15,24
timeStep,numberOfRobotsOnBlackSite,numberOfRobotsOnWhiteSite
4496,15,24
timeStep,numberOfRobotsOnBlackSite,numberOfRobotsOnWhiteSite
4497,15,24
timeStep,numberOfRobotsOnBlackSite,numberOfRobotsOnWhiteSite
4498,15,24
timeStep,numberOfRobotsOnBlackSite,numberOfRobotsOnWhiteSite
4499,15,24
timeStep,numberOfRobotsOnBlackSite,numberOfRobotsOnWhiteSite
4500,15,24
timeStep,numberOfRobotsOnBlackSite,numberOfRobotsOnWhiteSite
4501,15,24
timeStep,numberOfRobotsOnBlackSite,numberOfRobotsOnWhiteSite
4502,15,24
timeStep,numberOfRobotsOnBlackSite,numberOfRobotsOnWhiteSite
4503,15,24
timeStep,numberOfRobotsOnBlackSite,numberOfRobotsOnWhiteSite
4504,15,24
timeStep,numberOfRobotsOnBlackSite,numberOfRobotsOnWhiteSite
4505,15,24
timeStep,numberOfRobotsOnBlackSite,numberOfRobotsOnWhiteSite
4506,15,24
timeStep,numberOfRobotsOnBlackSite,numberOfRobotsOnWhiteSite
4507,15,24
timeStep,numberOfRobotsOnBlackSite,numberOfRobotsOnWhiteSite
4508,15,24
timeStep,numberOfRobotsOnBlackSite,numberOfRobotsOnWhiteSite
4509,15,24
timeStep,numberOfRobotsOnBlackSite,numberOfRobotsOnWhiteSite
4510,15,24
timeStep,numberOfRobotsOnBlackSite,numberOfRobotsOnWhiteSite
4511,15,24
timeStep,numberOfRobotsOnBlackSite,numberOfRobotsOnWhiteSite
4512,15,24
timeStep,numberOfRobotsOnBlackSite,numberOfRobotsOnWhiteSite
4513,15,24
timeStep,numberOfRobotsOnBlackSite,numberOfRobotsOnWhiteSite
4514,15,24
timeStep,numberOfRobotsOnBlackSite,numberOfRobotsOnWhiteSite
4515,15,24
timeStep,numberOfRobotsOnBlackSite,numberOfRobotsOnWhiteSite
4516,15,24
timeStep,numberOfRobotsOnBlackSite,numberOfRobotsOnWhiteSite
4517,15,24
timeStep,numberOfRobotsOnBlackSite,numberOfRobotsOnWhiteSite
4518,15,24
timeStep,numberOfRobotsOnBlackSite,numberOfRobotsOnWhiteSite
4519,15,24
timeStep,numberOfRobotsOnBlackSite,numberOfRobotsOnWhiteSite
4520,15,24
timeStep,numberOfRobotsOnBlackSite,numberOfRobotsOnWhiteSite
4521,15,24
timeStep,numberOfRobotsOnBlackSite,numberOfRobotsOnWhiteSite
4522,15,24
timeStep,numberOfRobotsOnBlackSite,numberOfRobotsOnWhiteSite
4523,15,24
timeStep,numberOfRobotsOnBlackSite,numberOfRobotsOnWhiteSite
4524,15,24
timeStep,numberOfRobotsOnBlackSite,numberOfRobotsOnWhiteSite
4525,15,23
timeStep,numberOfRobotsOnBlackSite,numberOfRobotsOnWhiteSite
4526,15,23
timeStep,numberOfRobotsOnBlackSite,numberOfRobotsOnWhiteSite
4527,15,23
timeStep,numberOfRobotsOnBlackSite,numberOfRobotsOnWhiteSite
4528,15,23
timeStep,numberOfRobotsOnBlackSite,numberOfRobotsOnWhiteSite
4529,15,23
timeStep,numberOfRobotsOnBlackSite,numberOfRobotsOnWhiteSite
4530,15,24
timeStep,numberOfRobotsOnBlackSite,numberOfRobotsOnWhiteSite
4531,15,24
timeStep,numberOfRobotsOnBlackSite,numberOfRobotsOnWhiteSite
4532,15,24
timeStep,numberOfRobotsOnBlackSite,numberOfRobotsOnWhiteSite
4533,15,24
timeStep,numberOfRobotsOnBlackSite,numberOfRobotsOnWhiteSite
4534,15,24
timeStep,numberOfRobotsOnBlackSite,numberOfRobotsOnWhiteSite
4535,15,24
timeStep,numberOfRobotsOnBlackSite,numberOfRobotsOnWhiteSite
4536,15,24
timeStep,numberOfRobotsOnBlackSite,numberOfRobotsOnWhiteSite
4537,15,24
timeStep,numberOfRobotsOnBlackSite,numberOfRobotsOnWhiteSite
4538,15,24
timeStep,numberOfRobotsOnBlackSite,numberOfRobotsOnWhiteSite
4539,15,24
timeStep,numberOfRobotsOnBlackSite,numberOfRobotsOnWhiteSite
4540,15,24
timeStep,numberOfRobotsOnBlackSite,numberOfRobotsOnWhiteSite
4541,15,24
timeStep,numberOfRobotsOnBlackSite,numberOfRobotsOnWhiteSite
4542,15,24
timeStep,numberOfRobotsOnBlackSite,numberOfRobotsOnWhiteSite
4543,15,24
timeStep,numberOfRobotsOnBlackSite,numberOfRobotsOnWhiteSite
4544,15,24
timeStep,numberOfRobotsOnBlackSite,numberOfRobotsOnWhiteSite
4545,15,24
timeStep,numberOfRobotsOnBlackSite,numberOfRobotsOnWhiteSite
4546,15,24
timeStep,numberOfRobotsOnBlackSite,numberOfRobotsOnWhiteSite
4547,15,24
timeStep,numberOfRobotsOnBlackSite,numberOfRobotsOnWhiteSite
4548,15,24
timeStep,numberOfRobotsOnBlackSite,numberOfRobotsOnWhiteSite
4549,15,24
timeStep,numberOfRobotsOnBlackSite,numberOfRobotsOnWhiteSite
4550,15,24
timeStep,numberOfRobotsOnBlackSite,numberOfRobotsOnWhiteSite
4551,15,24
timeStep,numberOfRobotsOnBlackSite,numberOfRobotsOnWhiteSite
4552,15,24
timeStep,numberOfRobotsOnBlackSite,numberOfRobotsOnWhiteSite
4553,15,24
timeStep,numberOfRobotsOnBlackSite,numberOfRobotsOnWhiteSite
4554,15,24
timeStep,numberOfRobotsOnBlackSite,numberOfRobotsOnWhiteSite
4555,15,23
timeStep,numberOfRobotsOnBlackSite,numberOfRobotsOnWhiteSite
4556,15,23
timeStep,numberOfRobotsOnBlackSite,numberOfRobotsOnWhiteSite
4557,15,23
timeStep,numberOfRobotsOnBlackSite,numberOfRobotsOnWhiteSite
4558,15,23
timeStep,numberOfRobotsOnBlackSite,numberOfRobotsOnWhiteSite
4559,15,23
timeStep,numberOfRobotsOnBlackSite,numberOfRobotsOnWhiteSite
4560,15,23
timeStep,numberOfRobotsOnBlackSite,numberOfRobotsOnWhiteSite
4561,15,23
timeStep,numberOfRobotsOnBlackSite,numberOfRobotsOnWhiteSite
4562,15,23
timeStep,numberOfRobotsOnBlackSite,numberOfRobotsOnWhiteSite
4563,15,23
timeStep,numberOfRobotsOnBlackSite,numberOfRobotsOnWhiteSite
4564,15,23
timeStep,numberOfRobotsOnBlackSite,numberOfRobotsOnWhiteSite
4565,15,23
timeStep,numberOfRobotsOnBlackSite,numberOfRobotsOnWhiteSite
4566,15,23
timeStep,numberOfRobotsOnBlackSite,numberOfRobotsOnWhiteSite
4567,15,23
timeStep,numberOfRobotsOnBlackSite,numberOfRobotsOnWhiteSite
4568,15,23
timeStep,numberOfRobotsOnBlackSite,numberOfRobotsOnWhiteSite
4569,15,23
timeStep,numberOfRobotsOnBlackSite,numberOfRobotsOnWhiteSite
4570,15,23
timeStep,numberOfRobotsOnBlackSite,numberOfRobotsOnWhiteSite
4571,15,23
timeStep,numberOfRobotsOnBlackSite,numberOfRobotsOnWhiteSite
4572,15,23
timeStep,numberOfRobotsOnBlackSite,numberOfRobotsOnWhiteSite
4573,15,23
timeStep,numberOfRobotsOnBlackSite,numberOfRobotsOnWhiteSite
4574,15,23
timeStep,numberOfRobotsOnBlackSite,numberOfRobotsOnWhiteSite
4575,15,23
timeStep,numberOfRobotsOnBlackSite,numberOfRobotsOnWhiteSite
4576,15,23
timeStep,numberOfRobotsOnBlackSite,numberOfRobotsOnWhiteSite
4577,15,23
timeStep,numberOfRobotsOnBlackSite,numberOfRobotsOnWhiteSite
4578,15,23
timeStep,numberOfRobotsOnBlackSite,numberOfRobotsOnWhiteSite
4579,15,23
timeStep,numberOfRobotsOnBlackSite,numberOfRobotsOnWhiteSite
4580,15,23
timeStep,numberOfRobotsOnBlackSite,numberOfRobotsOnWhiteSite
4581,15,23
timeStep,numberOfRobotsOnBlackSite,numberOfRobotsOnWhiteSite
4582,15,23
timeStep,numberOfRobotsOnBlackSite,numberOfRobotsOnWhiteSite
4583,15,23
timeStep,numberOfRobotsOnBlackSite,numberOfRobotsOnWhiteSite
4584,15,23
timeStep,numberOfRobotsOnBlackSite,numberOfRobotsOnWhiteSite
4585,15,23
timeStep,numberOfRobotsOnBlackSite,numberOfRobotsOnWhiteSite
4586,15,23
timeStep,numberOfRobotsOnBlackSite,numberOfRobotsOnWhiteSite
4587,15,23
timeStep,numberOfRobotsOnBlackSite,numberOfRobotsOnWhiteSite
4588,15,23
timeStep,numberOfRobotsOnBlackSite,numberOfRobotsOnWhiteSite
4589,15,23
timeStep,numberOfRobotsOnBlackSite,numberOfRobotsOnWhiteSite
4590,15,23
timeStep,numberOfRobotsOnBlackSite,numberOfRobotsOnWhiteSite
4591,15,23
timeStep,numberOfRobotsOnBlackSite,numberOfRobotsOnWhiteSite
4592,15,23
timeStep,numberOfRobotsOnBlackSite,numberOfRobotsOnWhiteSite
4593,15,23
timeStep,numberOfRobotsOnBlackSite,numberOfRobotsOnWhiteSite
4594,15,23
timeStep,numberOfRobotsOnBlackSite,numberOfRobotsOnWhiteSite
4595,15,23
timeStep,numberOfRobotsOnBlackSite,numberOfRobotsOnWhiteSite
4596,15,23
timeStep,numberOfRobotsOnBlackSite,numberOfRobotsOnWhiteSite
4597,15,23
timeStep,numberOfRobotsOnBlackSite,numberOfRobotsOnWhiteSite
4598,15,23
timeStep,numberOfRobotsOnBlackSite,numberOfRobotsOnWhiteSite
4599,15,23
timeStep,numberOfRobotsOnBlackSite,numberOfRobotsOnWhiteSite
4600,15,23
timeStep,numberOfRobotsOnBlackSite,numberOfRobotsOnWhiteSite
4601,15,23
timeStep,numberOfRobotsOnBlackSite,numberOfRobotsOnWhiteSite
4602,15,23
timeStep,numberOfRobotsOnBlackSite,numberOfRobotsOnWhiteSite
4603,15,23
timeStep,numberOfRobotsOnBlackSite,numberOfRobotsOnWhiteSite
4604,15,23
timeStep,numberOfRobotsOnBlackSite,numberOfRobotsOnWhiteSite
4605,15,23
timeStep,numberOfRobotsOnBlackSite,numberOfRobotsOnWhiteSite
4606,15,23
timeStep,numberOfRobotsOnBlackSite,numberOfRobotsOnWhiteSite
4607,15,23
timeStep,numberOfRobotsOnBlackSite,numberOfRobotsOnWhiteSite
4608,15,23
timeStep,numberOfRobotsOnBlackSite,numberOfRobotsOnWhiteSite
4609,15,23
timeStep,numberOfRobotsOnBlackSite,numberOfRobotsOnWhiteSite
4610,15,23
timeStep,numberOfRobotsOnBlackSite,numberOfRobotsOnWhiteSite
4611,15,23
timeStep,numberOfRobotsOnBlackSite,numberOfRobotsOnWhiteSite
4612,15,23
timeStep,numberOfRobotsOnBlackSite,numberOfRobotsOnWhiteSite
4613,15,23
timeStep,numberOfRobotsOnBlackSite,numberOfRobotsOnWhiteSite
4614,15,23
timeStep,numberOfRobotsOnBlackSite,numberOfRobotsOnWhiteSite
4615,14,23
timeStep,numberOfRobotsOnBlackSite,numberOfRobotsOnWhiteSite
4616,14,23
timeStep,numberOfRobotsOnBlackSite,numberOfRobotsOnWhiteSite
4617,14,23
timeStep,numberOfRobotsOnBlackSite,numberOfRobotsOnWhiteSite
4618,14,23
timeStep,numberOfRobotsOnBlackSite,numberOfRobotsOnWhiteSite
4619,14,23
timeStep,numberOfRobotsOnBlackSite,numberOfRobotsOnWhiteSite
4620,14,23
timeStep,numberOfRobotsOnBlackSite,numberOfRobotsOnWhiteSite
4621,14,23
timeStep,numberOfRobotsOnBlackSite,numberOfRobotsOnWhiteSite
4622,14,23
timeStep,numberOfRobotsOnBlackSite,numberOfRobotsOnWhiteSite
4623,14,23
timeStep,numberOfRobotsOnBlackSite,numberOfRobotsOnWhiteSite
4624,14,23
timeStep,numberOfRobotsOnBlackSite,numberOfRobotsOnWhiteSite
4625,14,23
timeStep,numberOfRobotsOnBlackSite,numberOfRobotsOnWhiteSite
4626,14,23
timeStep,numberOfRobotsOnBlackSite,numberOfRobotsOnWhiteSite
4627,14,23
timeStep,numberOfRobotsOnBlackSite,numberOfRobotsOnWhiteSite
4628,14,23
timeStep,numberOfRobotsOnBlackSite,numberOfRobotsOnWhiteSite
4629,14,23
timeStep,numberOfRobotsOnBlackSite,numberOfRobotsOnWhiteSite
4630,14,23
timeStep,numberOfRobotsOnBlackSite,numberOfRobotsOnWhiteSite
4631,14,23
timeStep,numberOfRobotsOnBlackSite,numberOfRobotsOnWhiteSite
4632,14,23
timeStep,numberOfRobotsOnBlackSite,numberOfRobotsOnWhiteSite
4633,14,23
timeStep,numberOfRobotsOnBlackSite,numberOfRobotsOnWhiteSite
4634,14,23
timeStep,numberOfRobotsOnBlackSite,numberOfRobotsOnWhiteSite
4635,14,23
timeStep,numberOfRobotsOnBlackSite,numberOfRobotsOnWhiteSite
4636,14,23
timeStep,numberOfRobotsOnBlackSite,numberOfRobotsOnWhiteSite
4637,14,23
timeStep,numberOfRobotsOnBlackSite,numberOfRobotsOnWhiteSite
4638,14,23
timeStep,numberOfRobotsOnBlackSite,numberOfRobotsOnWhiteSite
4639,14,23
timeStep,numberOfRobotsOnBlackSite,numberOfRobotsOnWhiteSite
4640,14,23
timeStep,numberOfRobotsOnBlackSite,numberOfRobotsOnWhiteSite
4641,14,23
timeStep,numberOfRobotsOnBlackSite,numberOfRobotsOnWhiteSite
4642,14,23
timeStep,numberOfRobotsOnBlackSite,numberOfRobotsOnWhiteSite
4643,14,23
timeStep,numberOfRobotsOnBlackSite,numberOfRobotsOnWhiteSite
4644,14,23
timeStep,numberOfRobotsOnBlackSite,numberOfRobotsOnWhiteSite
4645,14,24
timeStep,numberOfRobotsOnBlackSite,numberOfRobotsOnWhiteSite
4646,14,24
timeStep,numberOfRobotsOnBlackSite,numberOfRobotsOnWhiteSite
4647,14,24
timeStep,numberOfRobotsOnBlackSite,numberOfRobotsOnWhiteSite
4648,14,24
timeStep,numberOfRobotsOnBlackSite,numberOfRobotsOnWhiteSite
4649,14,24
timeStep,numberOfRobotsOnBlackSite,numberOfRobotsOnWhiteSite
4650,14,24
timeStep,numberOfRobotsOnBlackSite,numberOfRobotsOnWhiteSite
4651,14,24
timeStep,numberOfRobotsOnBlackSite,numberOfRobotsOnWhiteSite
4652,14,24
timeStep,numberOfRobotsOnBlackSite,numberOfRobotsOnWhiteSite
4653,14,24
timeStep,numberOfRobotsOnBlackSite,numberOfRobotsOnWhiteSite
4654,14,24
timeStep,numberOfRobotsOnBlackSite,numberOfRobotsOnWhiteSite
4655,14,24
timeStep,numberOfRobotsOnBlackSite,numberOfRobotsOnWhiteSite
4656,14,24
timeStep,numberOfRobotsOnBlackSite,numberOfRobotsOnWhiteSite
4657,14,24
timeStep,numberOfRobotsOnBlackSite,numberOfRobotsOnWhiteSite
4658,14,24
timeStep,numberOfRobotsOnBlackSite,numberOfRobotsOnWhiteSite
4659,14,24
timeStep,numberOfRobotsOnBlackSite,numberOfRobotsOnWhiteSite
4660,14,24
timeStep,numberOfRobotsOnBlackSite,numberOfRobotsOnWhiteSite
4661,14,24
timeStep,numberOfRobotsOnBlackSite,numberOfRobotsOnWhiteSite
4662,14,24
timeStep,numberOfRobotsOnBlackSite,numberOfRobotsOnWhiteSite
4663,14,24
timeStep,numberOfRobotsOnBlackSite,numberOfRobotsOnWhiteSite
4664,14,24
timeStep,numberOfRobotsOnBlackSite,numberOfRobotsOnWhiteSite
4665,14,24
timeStep,numberOfRobotsOnBlackSite,numberOfRobotsOnWhiteSite
4666,14,24
timeStep,numberOfRobotsOnBlackSite,numberOfRobotsOnWhiteSite
4667,14,24
timeStep,numberOfRobotsOnBlackSite,numberOfRobotsOnWhiteSite
4668,14,24
timeStep,numberOfRobotsOnBlackSite,numberOfRobotsOnWhiteSite
4669,14,24
timeStep,numberOfRobotsOnBlackSite,numberOfRobotsOnWhiteSite
4670,14,24
timeStep,numberOfRobotsOnBlackSite,numberOfRobotsOnWhiteSite
4671,14,24
timeStep,numberOfRobotsOnBlackSite,numberOfRobotsOnWhiteSite
4672,14,24
timeStep,numberOfRobotsOnBlackSite,numberOfRobotsOnWhiteSite
4673,14,24
timeStep,numberOfRobotsOnBlackSite,numberOfRobotsOnWhiteSite
4674,14,24
timeStep,numberOfRobotsOnBlackSite,numberOfRobotsOnWhiteSite
4675,14,24
timeStep,numberOfRobotsOnBlackSite,numberOfRobotsOnWhiteSite
4676,14,24
timeStep,numberOfRobotsOnBlackSite,numberOfRobotsOnWhiteSite
4677,14,24
timeStep,numberOfRobotsOnBlackSite,numberOfRobotsOnWhiteSite
4678,14,24
timeStep,numberOfRobotsOnBlackSite,numberOfRobotsOnWhiteSite
4679,14,24
timeStep,numberOfRobotsOnBlackSite,numberOfRobotsOnWhiteSite
4680,14,24
timeStep,numberOfRobotsOnBlackSite,numberOfRobotsOnWhiteSite
4681,14,24
timeStep,numberOfRobotsOnBlackSite,numberOfRobotsOnWhiteSite
4682,14,24
timeStep,numberOfRobotsOnBlackSite,numberOfRobotsOnWhiteSite
4683,14,24
timeStep,numberOfRobotsOnBlackSite,numberOfRobotsOnWhiteSite
4684,14,24
timeStep,numberOfRobotsOnBlackSite,numberOfRobotsOnWhiteSite
4685,14,24
timeStep,numberOfRobotsOnBlackSite,numberOfRobotsOnWhiteSite
4686,14,24
timeStep,numberOfRobotsOnBlackSite,numberOfRobotsOnWhiteSite
4687,14,24
timeStep,numberOfRobotsOnBlackSite,numberOfRobotsOnWhiteSite
4688,14,24
timeStep,numberOfRobotsOnBlackSite,numberOfRobotsOnWhiteSite
4689,14,24
timeStep,numberOfRobotsOnBlackSite,numberOfRobotsOnWhiteSite
4690,14,24
timeStep,numberOfRobotsOnBlackSite,numberOfRobotsOnWhiteSite
4691,14,24
timeStep,numberOfRobotsOnBlackSite,numberOfRobotsOnWhiteSite
4692,14,24
timeStep,numberOfRobotsOnBlackSite,numberOfRobotsOnWhiteSite
4693,14,24
timeStep,numberOfRobotsOnBlackSite,numberOfRobotsOnWhiteSite
4694,14,24
timeStep,numberOfRobotsOnBlackSite,numberOfRobotsOnWhiteSite
4695,14,24
timeStep,numberOfRobotsOnBlackSite,numberOfRobotsOnWhiteSite
4696,14,24
timeStep,numberOfRobotsOnBlackSite,numberOfRobotsOnWhiteSite
4697,14,24
timeStep,numberOfRobotsOnBlackSite,numberOfRobotsOnWhiteSite
4698,14,24
timeStep,numberOfRobotsOnBlackSite,numberOfRobotsOnWhiteSite
4699,14,24
timeStep,numberOfRobotsOnBlackSite,numberOfRobotsOnWhiteSite
4700,14,24
timeStep,numberOfRobotsOnBlackSite,numberOfRobotsOnWhiteSite
4701,14,24
timeStep,numberOfRobotsOnBlackSite,numberOfRobotsOnWhiteSite
4702,14,24
timeStep,numberOfRobotsOnBlackSite,numberOfRobotsOnWhiteSite
4703,14,24
timeStep,numberOfRobotsOnBlackSite,numberOfRobotsOnWhiteSite
4704,14,24
timeStep,numberOfRobotsOnBlackSite,numberOfRobotsOnWhiteSite
4705,14,24
timeStep,numberOfRobotsOnBlackSite,numberOfRobotsOnWhiteSite
4706,14,24
timeStep,numberOfRobotsOnBlackSite,numberOfRobotsOnWhiteSite
4707,14,24
timeStep,numberOfRobotsOnBlackSite,numberOfRobotsOnWhiteSite
4708,14,24
timeStep,numberOfRobotsOnBlackSite,numberOfRobotsOnWhiteSite
4709,14,24
timeStep,numberOfRobotsOnBlackSite,numberOfRobotsOnWhiteSite
4710,14,24
timeStep,numberOfRobotsOnBlackSite,numberOfRobotsOnWhiteSite
4711,14,24
timeStep,numberOfRobotsOnBlackSite,numberOfRobotsOnWhiteSite
4712,14,24
timeStep,numberOfRobotsOnBlackSite,numberOfRobotsOnWhiteSite
4713,14,24
timeStep,numberOfRobotsOnBlackSite,numberOfRobotsOnWhiteSite
4714,14,24
timeStep,numberOfRobotsOnBlackSite,numberOfRobotsOnWhiteSite
4715,14,24
timeStep,numberOfRobotsOnBlackSite,numberOfRobotsOnWhiteSite
4716,14,24
timeStep,numberOfRobotsOnBlackSite,numberOfRobotsOnWhiteSite
4717,14,24
timeStep,numberOfRobotsOnBlackSite,numberOfRobotsOnWhiteSite
4718,14,24
timeStep,numberOfRobotsOnBlackSite,numberOfRobotsOnWhiteSite
4719,14,24
timeStep,numberOfRobotsOnBlackSite,numberOfRobotsOnWhiteSite
4720,14,24
timeStep,numberOfRobotsOnBlackSite,numberOfRobotsOnWhiteSite
4721,14,24
timeStep,numberOfRobotsOnBlackSite,numberOfRobotsOnWhiteSite
4722,14,24
timeStep,numberOfRobotsOnBlackSite,numberOfRobotsOnWhiteSite
4723,14,24
timeStep,numberOfRobotsOnBlackSite,numberOfRobotsOnWhiteSite
4724,14,24
timeStep,numberOfRobotsOnBlackSite,numberOfRobotsOnWhiteSite
4725,13,24
timeStep,numberOfRobotsOnBlackSite,numberOfRobotsOnWhiteSite
4726,13,24
timeStep,numberOfRobotsOnBlackSite,numberOfRobotsOnWhiteSite
4727,13,24
timeStep,numberOfRobotsOnBlackSite,numberOfRobotsOnWhiteSite
4728,13,24
timeStep,numberOfRobotsOnBlackSite,numberOfRobotsOnWhiteSite
4729,13,24
timeStep,numberOfRobotsOnBlackSite,numberOfRobotsOnWhiteSite
4730,13,24
timeStep,numberOfRobotsOnBlackSite,numberOfRobotsOnWhiteSite
4731,13,24
timeStep,numberOfRobotsOnBlackSite,numberOfRobotsOnWhiteSite
4732,13,24
timeStep,numberOfRobotsOnBlackSite,numberOfRobotsOnWhiteSite
4733,13,24
timeStep,numberOfRobotsOnBlackSite,numberOfRobotsOnWhiteSite
4734,13,24
timeStep,numberOfRobotsOnBlackSite,numberOfRobotsOnWhiteSite
4735,13,24
timeStep,numberOfRobotsOnBlackSite,numberOfRobotsOnWhiteSite
4736,13,24
timeStep,numberOfRobotsOnBlackSite,numberOfRobotsOnWhiteSite
4737,13,24
timeStep,numberOfRobotsOnBlackSite,numberOfRobotsOnWhiteSite
4738,13,24
timeStep,numberOfRobotsOnBlackSite,numberOfRobotsOnWhiteSite
4739,13,24
timeStep,numberOfRobotsOnBlackSite,numberOfRobotsOnWhiteSite
4740,13,24
timeStep,numberOfRobotsOnBlackSite,numberOfRobotsOnWhiteSite
4741,13,24
timeStep,numberOfRobotsOnBlackSite,numberOfRobotsOnWhiteSite
4742,13,24
timeStep,numberOfRobotsOnBlackSite,numberOfRobotsOnWhiteSite
4743,13,24
timeStep,numberOfRobotsOnBlackSite,numberOfRobotsOnWhiteSite
4744,13,24
timeStep,numberOfRobotsOnBlackSite,numberOfRobotsOnWhiteSite
4745,13,24
timeStep,numberOfRobotsOnBlackSite,numberOfRobotsOnWhiteSite
4746,13,24
timeStep,numberOfRobotsOnBlackSite,numberOfRobotsOnWhiteSite
4747,13,24
timeStep,numberOfRobotsOnBlackSite,numberOfRobotsOnWhiteSite
4748,13,24
timeStep,numberOfRobotsOnBlackSite,numberOfRobotsOnWhiteSite
4749,13,24
timeStep,numberOfRobotsOnBlackSite,numberOfRobotsOnWhiteSite
4750,13,24
timeStep,numberOfRobotsOnBlackSite,numberOfRobotsOnWhiteSite
4751,13,24
timeStep,numberOfRobotsOnBlackSite,numberOfRobotsOnWhiteSite
4752,13,24
timeStep,numberOfRobotsOnBlackSite,numberOfRobotsOnWhiteSite
4753,13,24
timeStep,numberOfRobotsOnBlackSite,numberOfRobotsOnWhiteSite
4754,13,24
timeStep,numberOfRobotsOnBlackSite,numberOfRobotsOnWhiteSite
4755,13,24
timeStep,numberOfRobotsOnBlackSite,numberOfRobotsOnWhiteSite
4756,13,24
timeStep,numberOfRobotsOnBlackSite,numberOfRobotsOnWhiteSite
4757,13,24
timeStep,numberOfRobotsOnBlackSite,numberOfRobotsOnWhiteSite
4758,13,24
timeStep,numberOfRobotsOnBlackSite,numberOfRobotsOnWhiteSite
4759,13,24
timeStep,numberOfRobotsOnBlackSite,numberOfRobotsOnWhiteSite
4760,13,24
timeStep,numberOfRobotsOnBlackSite,numberOfRobotsOnWhiteSite
4761,13,24
timeStep,numberOfRobotsOnBlackSite,numberOfRobotsOnWhiteSite
4762,13,24
timeStep,numberOfRobotsOnBlackSite,numberOfRobotsOnWhiteSite
4763,13,24
timeStep,numberOfRobotsOnBlackSite,numberOfRobotsOnWhiteSite
4764,13,24
timeStep,numberOfRobotsOnBlackSite,numberOfRobotsOnWhiteSite
4765,13,24
timeStep,numberOfRobotsOnBlackSite,numberOfRobotsOnWhiteSite
4766,13,24
timeStep,numberOfRobotsOnBlackSite,numberOfRobotsOnWhiteSite
4767,13,24
timeStep,numberOfRobotsOnBlackSite,numberOfRobotsOnWhiteSite
4768,13,24
timeStep,numberOfRobotsOnBlackSite,numberOfRobotsOnWhiteSite
4769,13,24
timeStep,numberOfRobotsOnBlackSite,numberOfRobotsOnWhiteSite
4770,13,24
timeStep,numberOfRobotsOnBlackSite,numberOfRobotsOnWhiteSite
4771,13,24
timeStep,numberOfRobotsOnBlackSite,numberOfRobotsOnWhiteSite
4772,13,24
timeStep,numberOfRobotsOnBlackSite,numberOfRobotsOnWhiteSite
4773,13,24
timeStep,numberOfRobotsOnBlackSite,numberOfRobotsOnWhiteSite
4774,13,24
timeStep,numberOfRobotsOnBlackSite,numberOfRobotsOnWhiteSite
4775,13,24
timeStep,numberOfRobotsOnBlackSite,numberOfRobotsOnWhiteSite
4776,13,24
timeStep,numberOfRobotsOnBlackSite,numberOfRobotsOnWhiteSite
4777,13,24
timeStep,numberOfRobotsOnBlackSite,numberOfRobotsOnWhiteSite
4778,13,24
timeStep,numberOfRobotsOnBlackSite,numberOfRobotsOnWhiteSite
4779,13,24
timeStep,numberOfRobotsOnBlackSite,numberOfRobotsOnWhiteSite
4780,13,24
timeStep,numberOfRobotsOnBlackSite,numberOfRobotsOnWhiteSite
4781,13,24
timeStep,numberOfRobotsOnBlackSite,numberOfRobotsOnWhiteSite
4782,13,24
timeStep,numberOfRobotsOnBlackSite,numberOfRobotsOnWhiteSite
4783,13,24
timeStep,numberOfRobotsOnBlackSite,numberOfRobotsOnWhiteSite
4784,13,24
timeStep,numberOfRobotsOnBlackSite,numberOfRobotsOnWhiteSite
4785,13,24
timeStep,numberOfRobotsOnBlackSite,numberOfRobotsOnWhiteSite
4786,13,24
timeStep,numberOfRobotsOnBlackSite,numberOfRobotsOnWhiteSite
4787,13,24
timeStep,numberOfRobotsOnBlackSite,numberOfRobotsOnWhiteSite
4788,13,24
timeStep,numberOfRobotsOnBlackSite,numberOfRobotsOnWhiteSite
4789,13,24
timeStep,numberOfRobotsOnBlackSite,numberOfRobotsOnWhiteSite
4790,13,24
timeStep,numberOfRobotsOnBlackSite,numberOfRobotsOnWhiteSite
4791,13,24
timeStep,numberOfRobotsOnBlackSite,numberOfRobotsOnWhiteSite
4792,13,24
timeStep,numberOfRobotsOnBlackSite,numberOfRobotsOnWhiteSite
4793,13,24
timeStep,numberOfRobotsOnBlackSite,numberOfRobotsOnWhiteSite
4794,13,24
timeStep,numberOfRobotsOnBlackSite,numberOfRobotsOnWhiteSite
4795,13,24
timeStep,numberOfRobotsOnBlackSite,numberOfRobotsOnWhiteSite
4796,13,24
timeStep,numberOfRobotsOnBlackSite,numberOfRobotsOnWhiteSite
4797,13,24
timeStep,numberOfRobotsOnBlackSite,numberOfRobotsOnWhiteSite
4798,13,24
timeStep,numberOfRobotsOnBlackSite,numberOfRobotsOnWhiteSite
4799,13,24
timeStep,numberOfRobotsOnBlackSite,numberOfRobotsOnWhiteSite
4800,13,24
timeStep,numberOfRobotsOnBlackSite,numberOfRobotsOnWhiteSite
4801,13,24
timeStep,numberOfRobotsOnBlackSite,numberOfRobotsOnWhiteSite
4802,13,24
timeStep,numberOfRobotsOnBlackSite,numberOfRobotsOnWhiteSite
4803,13,24
timeStep,numberOfRobotsOnBlackSite,numberOfRobotsOnWhiteSite
4804,13,24
timeStep,numberOfRobotsOnBlackSite,numberOfRobotsOnWhiteSite
4805,13,25
timeStep,numberOfRobotsOnBlackSite,numberOfRobotsOnWhiteSite
4806,13,25
timeStep,numberOfRobotsOnBlackSite,numberOfRobotsOnWhiteSite
4807,13,25
timeStep,numberOfRobotsOnBlackSite,numberOfRobotsOnWhiteSite
4808,13,25
timeStep,numberOfRobotsOnBlackSite,numberOfRobotsOnWhiteSite
4809,13,25
timeStep,numberOfRobotsOnBlackSite,numberOfRobotsOnWhiteSite
4810,13,25
timeStep,numberOfRobotsOnBlackSite,numberOfRobotsOnWhiteSite
4811,13,25
timeStep,numberOfRobotsOnBlackSite,numberOfRobotsOnWhiteSite
4812,13,25
timeStep,numberOfRobotsOnBlackSite,numberOfRobotsOnWhiteSite
4813,13,25
timeStep,numberOfRobotsOnBlackSite,numberOfRobotsOnWhiteSite
4814,13,25
timeStep,numberOfRobotsOnBlackSite,numberOfRobotsOnWhiteSite
4815,12,25
timeStep,numberOfRobotsOnBlackSite,numberOfRobotsOnWhiteSite
4816,12,25
timeStep,numberOfRobotsOnBlackSite,numberOfRobotsOnWhiteSite
4817,12,25
timeStep,numberOfRobotsOnBlackSite,numberOfRobotsOnWhiteSite
4818,12,25
timeStep,numberOfRobotsOnBlackSite,numberOfRobotsOnWhiteSite
4819,12,25
timeStep,numberOfRobotsOnBlackSite,numberOfRobotsOnWhiteSite
4820,12,25
timeStep,numberOfRobotsOnBlackSite,numberOfRobotsOnWhiteSite
4821,12,25
timeStep,numberOfRobotsOnBlackSite,numberOfRobotsOnWhiteSite
4822,12,25
timeStep,numberOfRobotsOnBlackSite,numberOfRobotsOnWhiteSite
4823,12,25
timeStep,numberOfRobotsOnBlackSite,numberOfRobotsOnWhiteSite
4824,12,25
timeStep,numberOfRobotsOnBlackSite,numberOfRobotsOnWhiteSite
4825,12,25
timeStep,numberOfRobotsOnBlackSite,numberOfRobotsOnWhiteSite
4826,12,25
timeStep,numberOfRobotsOnBlackSite,numberOfRobotsOnWhiteSite
4827,12,25
timeStep,numberOfRobotsOnBlackSite,numberOfRobotsOnWhiteSite
4828,12,25
timeStep,numberOfRobotsOnBlackSite,numberOfRobotsOnWhiteSite
4829,12,25
timeStep,numberOfRobotsOnBlackSite,numberOfRobotsOnWhiteSite
4830,12,25
timeStep,numberOfRobotsOnBlackSite,numberOfRobotsOnWhiteSite
4831,12,25
timeStep,numberOfRobotsOnBlackSite,numberOfRobotsOnWhiteSite
4832,12,25
timeStep,numberOfRobotsOnBlackSite,numberOfRobotsOnWhiteSite
4833,12,25
timeStep,numberOfRobotsOnBlackSite,numberOfRobotsOnWhiteSite
4834,12,25
timeStep,numberOfRobotsOnBlackSite,numberOfRobotsOnWhiteSite
4835,12,24
timeStep,numberOfRobotsOnBlackSite,numberOfRobotsOnWhiteSite
4836,12,24
timeStep,numberOfRobotsOnBlackSite,numberOfRobotsOnWhiteSite
4837,12,24
timeStep,numberOfRobotsOnBlackSite,numberOfRobotsOnWhiteSite
4838,12,24
timeStep,numberOfRobotsOnBlackSite,numberOfRobotsOnWhiteSite
4839,12,24
timeStep,numberOfRobotsOnBlackSite,numberOfRobotsOnWhiteSite
4840,12,24
timeStep,numberOfRobotsOnBlackSite,numberOfRobotsOnWhiteSite
4841,12,24
timeStep,numberOfRobotsOnBlackSite,numberOfRobotsOnWhiteSite
4842,12,24
timeStep,numberOfRobotsOnBlackSite,numberOfRobotsOnWhiteSite
4843,12,24
timeStep,numberOfRobotsOnBlackSite,numberOfRobotsOnWhiteSite
4844,12,24
timeStep,numberOfRobotsOnBlackSite,numberOfRobotsOnWhiteSite
4845,12,24
timeStep,numberOfRobotsOnBlackSite,numberOfRobotsOnWhiteSite
4846,12,24
timeStep,numberOfRobotsOnBlackSite,numberOfRobotsOnWhiteSite
4847,12,24
timeStep,numberOfRobotsOnBlackSite,numberOfRobotsOnWhiteSite
4848,12,24
timeStep,numberOfRobotsOnBlackSite,numberOfRobotsOnWhiteSite
4849,12,24
timeStep,numberOfRobotsOnBlackSite,numberOfRobotsOnWhiteSite
4850,12,24
timeStep,numberOfRobotsOnBlackSite,numberOfRobotsOnWhiteSite
4851,12,24
timeStep,numberOfRobotsOnBlackSite,numberOfRobotsOnWhiteSite
4852,12,24
timeStep,numberOfRobotsOnBlackSite,numberOfRobotsOnWhiteSite
4853,12,24
timeStep,numberOfRobotsOnBlackSite,numberOfRobotsOnWhiteSite
4854,12,24
timeStep,numberOfRobotsOnBlackSite,numberOfRobotsOnWhiteSite
4855,12,24
timeStep,numberOfRobotsOnBlackSite,numberOfRobotsOnWhiteSite
4856,12,24
timeStep,numberOfRobotsOnBlackSite,numberOfRobotsOnWhiteSite
4857,12,24
timeStep,numberOfRobotsOnBlackSite,numberOfRobotsOnWhiteSite
4858,12,24
timeStep,numberOfRobotsOnBlackSite,numberOfRobotsOnWhiteSite
4859,12,24
timeStep,numberOfRobotsOnBlackSite,numberOfRobotsOnWhiteSite
4860,12,24
timeStep,numberOfRobotsOnBlackSite,numberOfRobotsOnWhiteSite
4861,12,24
timeStep,numberOfRobotsOnBlackSite,numberOfRobotsOnWhiteSite
4862,12,24
timeStep,numberOfRobotsOnBlackSite,numberOfRobotsOnWhiteSite
4863,12,24
timeStep,numberOfRobotsOnBlackSite,numberOfRobotsOnWhiteSite
4864,12,24
timeStep,numberOfRobotsOnBlackSite,numberOfRobotsOnWhiteSite
4865,12,24
timeStep,numberOfRobotsOnBlackSite,numberOfRobotsOnWhiteSite
4866,12,24
timeStep,numberOfRobotsOnBlackSite,numberOfRobotsOnWhiteSite
4867,12,24
timeStep,numberOfRobotsOnBlackSite,numberOfRobotsOnWhiteSite
4868,12,24
timeStep,numberOfRobotsOnBlackSite,numberOfRobotsOnWhiteSite
4869,12,24
timeStep,numberOfRobotsOnBlackSite,numberOfRobotsOnWhiteSite
4870,12,24
timeStep,numberOfRobotsOnBlackSite,numberOfRobotsOnWhiteSite
4871,12,24
timeStep,numberOfRobotsOnBlackSite,numberOfRobotsOnWhiteSite
4872,12,24
timeStep,numberOfRobotsOnBlackSite,numberOfRobotsOnWhiteSite
4873,12,24
timeStep,numberOfRobotsOnBlackSite,numberOfRobotsOnWhiteSite
4874,12,24
timeStep,numberOfRobotsOnBlackSite,numberOfRobotsOnWhiteSite
4875,12,24
timeStep,numberOfRobotsOnBlackSite,numberOfRobotsOnWhiteSite
4876,12,24
timeStep,numberOfRobotsOnBlackSite,numberOfRobotsOnWhiteSite
4877,12,24
timeStep,numberOfRobotsOnBlackSite,numberOfRobotsOnWhiteSite
4878,12,24
timeStep,numberOfRobotsOnBlackSite,numberOfRobotsOnWhiteSite
4879,12,24
timeStep,numberOfRobotsOnBlackSite,numberOfRobotsOnWhiteSite
4880,12,24
timeStep,numberOfRobotsOnBlackSite,numberOfRobotsOnWhiteSite
4881,12,24
timeStep,numberOfRobotsOnBlackSite,numberOfRobotsOnWhiteSite
4882,12,24
timeStep,numberOfRobotsOnBlackSite,numberOfRobotsOnWhiteSite
4883,12,24
timeStep,numberOfRobotsOnBlackSite,numberOfRobotsOnWhiteSite
4884,12,24
timeStep,numberOfRobotsOnBlackSite,numberOfRobotsOnWhiteSite
4885,12,24
timeStep,numberOfRobotsOnBlackSite,numberOfRobotsOnWhiteSite
4886,12,24
timeStep,numberOfRobotsOnBlackSite,numberOfRobotsOnWhiteSite
4887,12,24
timeStep,numberOfRobotsOnBlackSite,numberOfRobotsOnWhiteSite
4888,12,24
timeStep,numberOfRobotsOnBlackSite,numberOfRobotsOnWhiteSite
4889,12,24
timeStep,numberOfRobotsOnBlackSite,numberOfRobotsOnWhiteSite
4890,12,24
timeStep,numberOfRobotsOnBlackSite,numberOfRobotsOnWhiteSite
4891,12,24
timeStep,numberOfRobotsOnBlackSite,numberOfRobotsOnWhiteSite
4892,12,24
timeStep,numberOfRobotsOnBlackSite,numberOfRobotsOnWhiteSite
4893,12,24
timeStep,numberOfRobotsOnBlackSite,numberOfRobotsOnWhiteSite
4894,12,24
timeStep,numberOfRobotsOnBlackSite,numberOfRobotsOnWhiteSite
4895,12,24
timeStep,numberOfRobotsOnBlackSite,numberOfRobotsOnWhiteSite
4896,12,24
timeStep,numberOfRobotsOnBlackSite,numberOfRobotsOnWhiteSite
4897,12,24
timeStep,numberOfRobotsOnBlackSite,numberOfRobotsOnWhiteSite
4898,12,24
timeStep,numberOfRobotsOnBlackSite,numberOfRobotsOnWhiteSite
4899,12,24
timeStep,numberOfRobotsOnBlackSite,numberOfRobotsOnWhiteSite
4900,12,25
timeStep,numberOfRobotsOnBlackSite,numberOfRobotsOnWhiteSite
4901,12,25
timeStep,numberOfRobotsOnBlackSite,numberOfRobotsOnWhiteSite
4902,12,25
timeStep,numberOfRobotsOnBlackSite,numberOfRobotsOnWhiteSite
4903,12,25
timeStep,numberOfRobotsOnBlackSite,numberOfRobotsOnWhiteSite
4904,12,25
timeStep,numberOfRobotsOnBlackSite,numberOfRobotsOnWhiteSite
4905,12,25
timeStep,numberOfRobotsOnBlackSite,numberOfRobotsOnWhiteSite
4906,12,25
timeStep,numberOfRobotsOnBlackSite,numberOfRobotsOnWhiteSite
4907,12,25
timeStep,numberOfRobotsOnBlackSite,numberOfRobotsOnWhiteSite
4908,12,25
timeStep,numberOfRobotsOnBlackSite,numberOfRobotsOnWhiteSite
4909,12,25
timeStep,numberOfRobotsOnBlackSite,numberOfRobotsOnWhiteSite
4910,12,25
timeStep,numberOfRobotsOnBlackSite,numberOfRobotsOnWhiteSite
4911,12,25
timeStep,numberOfRobotsOnBlackSite,numberOfRobotsOnWhiteSite
4912,12,25
timeStep,numberOfRobotsOnBlackSite,numberOfRobotsOnWhiteSite
4913,12,25
timeStep,numberOfRobotsOnBlackSite,numberOfRobotsOnWhiteSite
4914,12,25
timeStep,numberOfRobotsOnBlackSite,numberOfRobotsOnWhiteSite
4915,12,25
timeStep,numberOfRobotsOnBlackSite,numberOfRobotsOnWhiteSite
4916,12,25
timeStep,numberOfRobotsOnBlackSite,numberOfRobotsOnWhiteSite
4917,12,25
timeStep,numberOfRobotsOnBlackSite,numberOfRobotsOnWhiteSite
4918,12,25
timeStep,numberOfRobotsOnBlackSite,numberOfRobotsOnWhiteSite
4919,12,25
timeStep,numberOfRobotsOnBlackSite,numberOfRobotsOnWhiteSite
4920,12,25
timeStep,numberOfRobotsOnBlackSite,numberOfRobotsOnWhiteSite
4921,12,25
timeStep,numberOfRobotsOnBlackSite,numberOfRobotsOnWhiteSite
4922,12,25
timeStep,numberOfRobotsOnBlackSite,numberOfRobotsOnWhiteSite
4923,12,25
timeStep,numberOfRobotsOnBlackSite,numberOfRobotsOnWhiteSite
4924,12,25
timeStep,numberOfRobotsOnBlackSite,numberOfRobotsOnWhiteSite
4925,12,25
timeStep,numberOfRobotsOnBlackSite,numberOfRobotsOnWhiteSite
4926,12,25
timeStep,numberOfRobotsOnBlackSite,numberOfRobotsOnWhiteSite
4927,12,25
timeStep,numberOfRobotsOnBlackSite,numberOfRobotsOnWhiteSite
4928,12,25
timeStep,numberOfRobotsOnBlackSite,numberOfRobotsOnWhiteSite
4929,12,25
timeStep,numberOfRobotsOnBlackSite,numberOfRobotsOnWhiteSite
4930,12,25
timeStep,numberOfRobotsOnBlackSite,numberOfRobotsOnWhiteSite
4931,12,25
timeStep,numberOfRobotsOnBlackSite,numberOfRobotsOnWhiteSite
4932,12,25
timeStep,numberOfRobotsOnBlackSite,numberOfRobotsOnWhiteSite
4933,12,25
timeStep,numberOfRobotsOnBlackSite,numberOfRobotsOnWhiteSite
4934,12,25
timeStep,numberOfRobotsOnBlackSite,numberOfRobotsOnWhiteSite
4935,12,25
timeStep,numberOfRobotsOnBlackSite,numberOfRobotsOnWhiteSite
4936,12,25
timeStep,numberOfRobotsOnBlackSite,numberOfRobotsOnWhiteSite
4937,12,25
timeStep,numberOfRobotsOnBlackSite,numberOfRobotsOnWhiteSite
4938,12,25
timeStep,numberOfRobotsOnBlackSite,numberOfRobotsOnWhiteSite
4939,12,25
timeStep,numberOfRobotsOnBlackSite,numberOfRobotsOnWhiteSite
4940,12,24
timeStep,numberOfRobotsOnBlackSite,numberOfRobotsOnWhiteSite
4941,12,24
timeStep,numberOfRobotsOnBlackSite,numberOfRobotsOnWhiteSite
4942,12,24
timeStep,numberOfRobotsOnBlackSite,numberOfRobotsOnWhiteSite
4943,12,24
timeStep,numberOfRobotsOnBlackSite,numberOfRobotsOnWhiteSite
4944,12,24
timeStep,numberOfRobotsOnBlackSite,numberOfRobotsOnWhiteSite
4945,13,24
timeStep,numberOfRobotsOnBlackSite,numberOfRobotsOnWhiteSite
4946,13,24
timeStep,numberOfRobotsOnBlackSite,numberOfRobotsOnWhiteSite
4947,13,24
timeStep,numberOfRobotsOnBlackSite,numberOfRobotsOnWhiteSite
4948,13,24
timeStep,numberOfRobotsOnBlackSite,numberOfRobotsOnWhiteSite
4949,13,24
timeStep,numberOfRobotsOnBlackSite,numberOfRobotsOnWhiteSite
4950,13,24
timeStep,numberOfRobotsOnBlackSite,numberOfRobotsOnWhiteSite
4951,13,24
timeStep,numberOfRobotsOnBlackSite,numberOfRobotsOnWhiteSite
4952,13,24
timeStep,numberOfRobotsOnBlackSite,numberOfRobotsOnWhiteSite
4953,13,24
timeStep,numberOfRobotsOnBlackSite,numberOfRobotsOnWhiteSite
4954,13,24
timeStep,numberOfRobotsOnBlackSite,numberOfRobotsOnWhiteSite
4955,13,24
timeStep,numberOfRobotsOnBlackSite,numberOfRobotsOnWhiteSite
4956,13,24
timeStep,numberOfRobotsOnBlackSite,numberOfRobotsOnWhiteSite
4957,13,24
timeStep,numberOfRobotsOnBlackSite,numberOfRobotsOnWhiteSite
4958,13,24
timeStep,numberOfRobotsOnBlackSite,numberOfRobotsOnWhiteSite
4959,13,24
timeStep,numberOfRobotsOnBlackSite,numberOfRobotsOnWhiteSite
4960,13,24
timeStep,numberOfRobotsOnBlackSite,numberOfRobotsOnWhiteSite
4961,13,24
timeStep,numberOfRobotsOnBlackSite,numberOfRobotsOnWhiteSite
4962,13,24
timeStep,numberOfRobotsOnBlackSite,numberOfRobotsOnWhiteSite
4963,13,24
timeStep,numberOfRobotsOnBlackSite,numberOfRobotsOnWhiteSite
4964,13,24
timeStep,numberOfRobotsOnBlackSite,numberOfRobotsOnWhiteSite
4965,13,24
timeStep,numberOfRobotsOnBlackSite,numberOfRobotsOnWhiteSite
4966,13,24
timeStep,numberOfRobotsOnBlackSite,numberOfRobotsOnWhiteSite
4967,13,24
timeStep,numberOfRobotsOnBlackSite,numberOfRobotsOnWhiteSite
4968,13,24
timeStep,numberOfRobotsOnBlackSite,numberOfRobotsOnWhiteSite
4969,13,24
timeStep,numberOfRobotsOnBlackSite,numberOfRobotsOnWhiteSite
4970,13,24
timeStep,numberOfRobotsOnBlackSite,numberOfRobotsOnWhiteSite
4971,13,24
timeStep,numberOfRobotsOnBlackSite,numberOfRobotsOnWhiteSite
4972,13,24
timeStep,numberOfRobotsOnBlackSite,numberOfRobotsOnWhiteSite
4973,13,24
timeStep,numberOfRobotsOnBlackSite,numberOfRobotsOnWhiteSite
4974,13,24
timeStep,numberOfRobotsOnBlackSite,numberOfRobotsOnWhiteSite
4975,13,24
timeStep,numberOfRobotsOnBlackSite,numberOfRobotsOnWhiteSite
4976,13,24
timeStep,numberOfRobotsOnBlackSite,numberOfRobotsOnWhiteSite
4977,13,24
timeStep,numberOfRobotsOnBlackSite,numberOfRobotsOnWhiteSite
4978,13,24
timeStep,numberOfRobotsOnBlackSite,numberOfRobotsOnWhiteSite
4979,13,24
timeStep,numberOfRobotsOnBlackSite,numberOfRobotsOnWhiteSite
4980,13,24
timeStep,numberOfRobotsOnBlackSite,numberOfRobotsOnWhiteSite
4981,13,24
timeStep,numberOfRobotsOnBlackSite,numberOfRobotsOnWhiteSite
4982,13,24
timeStep,numberOfRobotsOnBlackSite,numberOfRobotsOnWhiteSite
4983,13,24
timeStep,numberOfRobotsOnBlackSite,numberOfRobotsOnWhiteSite
4984,13,24
timeStep,numberOfRobotsOnBlackSite,numberOfRobotsOnWhiteSite
4985,13,24
timeStep,numberOfRobotsOnBlackSite,numberOfRobotsOnWhiteSite
4986,13,24
timeStep,numberOfRobotsOnBlackSite,numberOfRobotsOnWhiteSite
4987,13,24
timeStep,numberOfRobotsOnBlackSite,numberOfRobotsOnWhiteSite
4988,13,24
timeStep,numberOfRobotsOnBlackSite,numberOfRobotsOnWhiteSite
4989,13,24
timeStep,numberOfRobotsOnBlackSite,numberOfRobotsOnWhiteSite
4990,13,24
timeStep,numberOfRobotsOnBlackSite,numberOfRobotsOnWhiteSite
4991,13,24
timeStep,numberOfRobotsOnBlackSite,numberOfRobotsOnWhiteSite
4992,13,24
timeStep,numberOfRobotsOnBlackSite,numberOfRobotsOnWhiteSite
4993,13,24
timeStep,numberOfRobotsOnBlackSite,numberOfRobotsOnWhiteSite
4994,13,24
timeStep,numberOfRobotsOnBlackSite,numberOfRobotsOnWhiteSite
4995,13,24
timeStep,numberOfRobotsOnBlackSite,numberOfRobotsOnWhiteSite
4996,13,24
timeStep,numberOfRobotsOnBlackSite,numberOfRobotsOnWhiteSite
4997,13,24
timeStep,numberOfRobotsOnBlackSite,numberOfRobotsOnWhiteSite
4998,13,24
timeStep,numberOfRobotsOnBlackSite,numberOfRobotsOnWhiteSite
4999,13,24
timeStep,numberOfRobotsOnBlackSite,numberOfRobotsOnWhiteSite
5000,13,24
timeStep,numberOfRobotsOnBlackSite,numberOfRobotsOnWhiteSite
5001,13,24
timeStep,numberOfRobotsOnBlackSite,numberOfRobotsOnWhiteSite
5002,13,24
timeStep,numberOfRobotsOnBlackSite,numberOfRobotsOnWhiteSite
5003,13,24
timeStep,numberOfRobotsOnBlackSite,numberOfRobotsOnWhiteSite
5004,13,24
timeStep,numberOfRobotsOnBlackSite,numberOfRobotsOnWhiteSite
5005,13,25
timeStep,numberOfRobotsOnBlackSite,numberOfRobotsOnWhiteSite
5006,13,25
timeStep,numberOfRobotsOnBlackSite,numberOfRobotsOnWhiteSite
5007,13,25
timeStep,numberOfRobotsOnBlackSite,numberOfRobotsOnWhiteSite
5008,13,25
timeStep,numberOfRobotsOnBlackSite,numberOfRobotsOnWhiteSite
5009,13,25
timeStep,numberOfRobotsOnBlackSite,numberOfRobotsOnWhiteSite
5010,13,25
timeStep,numberOfRobotsOnBlackSite,numberOfRobotsOnWhiteSite
5011,13,25
timeStep,numberOfRobotsOnBlackSite,numberOfRobotsOnWhiteSite
5012,13,25
timeStep,numberOfRobotsOnBlackSite,numberOfRobotsOnWhiteSite
5013,13,25
timeStep,numberOfRobotsOnBlackSite,numberOfRobotsOnWhiteSite
5014,13,25
timeStep,numberOfRobotsOnBlackSite,numberOfRobotsOnWhiteSite
5015,13,25
timeStep,numberOfRobotsOnBlackSite,numberOfRobotsOnWhiteSite
5016,13,25
timeStep,numberOfRobotsOnBlackSite,numberOfRobotsOnWhiteSite
5017,13,25
timeStep,numberOfRobotsOnBlackSite,numberOfRobotsOnWhiteSite
5018,13,25
timeStep,numberOfRobotsOnBlackSite,numberOfRobotsOnWhiteSite
5019,13,25
timeStep,numberOfRobotsOnBlackSite,numberOfRobotsOnWhiteSite
5020,13,25
timeStep,numberOfRobotsOnBlackSite,numberOfRobotsOnWhiteSite
5021,13,25
timeStep,numberOfRobotsOnBlackSite,numberOfRobotsOnWhiteSite
5022,13,25
timeStep,numberOfRobotsOnBlackSite,numberOfRobotsOnWhiteSite
5023,13,25
timeStep,numberOfRobotsOnBlackSite,numberOfRobotsOnWhiteSite
5024,13,25
timeStep,numberOfRobotsOnBlackSite,numberOfRobotsOnWhiteSite
5025,13,25
timeStep,numberOfRobotsOnBlackSite,numberOfRobotsOnWhiteSite
5026,13,25
timeStep,numberOfRobotsOnBlackSite,numberOfRobotsOnWhiteSite
5027,13,25
timeStep,numberOfRobotsOnBlackSite,numberOfRobotsOnWhiteSite
5028,13,25
timeStep,numberOfRobotsOnBlackSite,numberOfRobotsOnWhiteSite
5029,13,25
timeStep,numberOfRobotsOnBlackSite,numberOfRobotsOnWhiteSite
5030,13,25
timeStep,numberOfRobotsOnBlackSite,numberOfRobotsOnWhiteSite
5031,13,25
timeStep,numberOfRobotsOnBlackSite,numberOfRobotsOnWhiteSite
5032,13,25
timeStep,numberOfRobotsOnBlackSite,numberOfRobotsOnWhiteSite
5033,13,25
timeStep,numberOfRobotsOnBlackSite,numberOfRobotsOnWhiteSite
5034,13,25
timeStep,numberOfRobotsOnBlackSite,numberOfRobotsOnWhiteSite
5035,13,25
timeStep,numberOfRobotsOnBlackSite,numberOfRobotsOnWhiteSite
5036,13,25
timeStep,numberOfRobotsOnBlackSite,numberOfRobotsOnWhiteSite
5037,13,25
timeStep,numberOfRobotsOnBlackSite,numberOfRobotsOnWhiteSite
5038,13,25
timeStep,numberOfRobotsOnBlackSite,numberOfRobotsOnWhiteSite
5039,13,25
timeStep,numberOfRobotsOnBlackSite,numberOfRobotsOnWhiteSite
5040,13,25
timeStep,numberOfRobotsOnBlackSite,numberOfRobotsOnWhiteSite
5041,13,25
timeStep,numberOfRobotsOnBlackSite,numberOfRobotsOnWhiteSite
5042,13,25
timeStep,numberOfRobotsOnBlackSite,numberOfRobotsOnWhiteSite
5043,13,25
timeStep,numberOfRobotsOnBlackSite,numberOfRobotsOnWhiteSite
5044,13,25
timeStep,numberOfRobotsOnBlackSite,numberOfRobotsOnWhiteSite
5045,13,25
timeStep,numberOfRobotsOnBlackSite,numberOfRobotsOnWhiteSite
5046,13,25
timeStep,numberOfRobotsOnBlackSite,numberOfRobotsOnWhiteSite
5047,13,25
timeStep,numberOfRobotsOnBlackSite,numberOfRobotsOnWhiteSite
5048,13,25
timeStep,numberOfRobotsOnBlackSite,numberOfRobotsOnWhiteSite
5049,13,25
timeStep,numberOfRobotsOnBlackSite,numberOfRobotsOnWhiteSite
5050,13,25
timeStep,numberOfRobotsOnBlackSite,numberOfRobotsOnWhiteSite
5051,13,25
timeStep,numberOfRobotsOnBlackSite,numberOfRobotsOnWhiteSite
5052,13,25
timeStep,numberOfRobotsOnBlackSite,numberOfRobotsOnWhiteSite
5053,13,25
timeStep,numberOfRobotsOnBlackSite,numberOfRobotsOnWhiteSite
5054,13,25
timeStep,numberOfRobotsOnBlackSite,numberOfRobotsOnWhiteSite
5055,13,23
timeStep,numberOfRobotsOnBlackSite,numberOfRobotsOnWhiteSite
5056,13,23
timeStep,numberOfRobotsOnBlackSite,numberOfRobotsOnWhiteSite
5057,13,23
timeStep,numberOfRobotsOnBlackSite,numberOfRobotsOnWhiteSite
5058,13,23
timeStep,numberOfRobotsOnBlackSite,numberOfRobotsOnWhiteSite
5059,13,23
timeStep,numberOfRobotsOnBlackSite,numberOfRobotsOnWhiteSite
5060,13,24
timeStep,numberOfRobotsOnBlackSite,numberOfRobotsOnWhiteSite
5061,13,24
timeStep,numberOfRobotsOnBlackSite,numberOfRobotsOnWhiteSite
5062,13,24
timeStep,numberOfRobotsOnBlackSite,numberOfRobotsOnWhiteSite
5063,13,24
timeStep,numberOfRobotsOnBlackSite,numberOfRobotsOnWhiteSite
5064,13,24
timeStep,numberOfRobotsOnBlackSite,numberOfRobotsOnWhiteSite
5065,13,24
timeStep,numberOfRobotsOnBlackSite,numberOfRobotsOnWhiteSite
5066,13,24
timeStep,numberOfRobotsOnBlackSite,numberOfRobotsOnWhiteSite
5067,13,24
timeStep,numberOfRobotsOnBlackSite,numberOfRobotsOnWhiteSite
5068,13,24
timeStep,numberOfRobotsOnBlackSite,numberOfRobotsOnWhiteSite
5069,13,24
timeStep,numberOfRobotsOnBlackSite,numberOfRobotsOnWhiteSite
5070,13,23
timeStep,numberOfRobotsOnBlackSite,numberOfRobotsOnWhiteSite
5071,13,23
timeStep,numberOfRobotsOnBlackSite,numberOfRobotsOnWhiteSite
5072,13,23
timeStep,numberOfRobotsOnBlackSite,numberOfRobotsOnWhiteSite
5073,13,23
timeStep,numberOfRobotsOnBlackSite,numberOfRobotsOnWhiteSite
5074,13,23
timeStep,numberOfRobotsOnBlackSite,numberOfRobotsOnWhiteSite
5075,13,23
timeStep,numberOfRobotsOnBlackSite,numberOfRobotsOnWhiteSite
5076,13,23
timeStep,numberOfRobotsOnBlackSite,numberOfRobotsOnWhiteSite
5077,13,23
timeStep,numberOfRobotsOnBlackSite,numberOfRobotsOnWhiteSite
5078,13,23
timeStep,numberOfRobotsOnBlackSite,numberOfRobotsOnWhiteSite
5079,13,23
timeStep,numberOfRobotsOnBlackSite,numberOfRobotsOnWhiteSite
5080,13,23
timeStep,numberOfRobotsOnBlackSite,numberOfRobotsOnWhiteSite
5081,13,23
timeStep,numberOfRobotsOnBlackSite,numberOfRobotsOnWhiteSite
5082,13,23
timeStep,numberOfRobotsOnBlackSite,numberOfRobotsOnWhiteSite
5083,13,23
timeStep,numberOfRobotsOnBlackSite,numberOfRobotsOnWhiteSite
5084,13,23
timeStep,numberOfRobotsOnBlackSite,numberOfRobotsOnWhiteSite
5085,13,23
timeStep,numberOfRobotsOnBlackSite,numberOfRobotsOnWhiteSite
5086,13,23
timeStep,numberOfRobotsOnBlackSite,numberOfRobotsOnWhiteSite
5087,13,23
timeStep,numberOfRobotsOnBlackSite,numberOfRobotsOnWhiteSite
5088,13,23
timeStep,numberOfRobotsOnBlackSite,numberOfRobotsOnWhiteSite
5089,13,23
timeStep,numberOfRobotsOnBlackSite,numberOfRobotsOnWhiteSite
5090,13,23
timeStep,numberOfRobotsOnBlackSite,numberOfRobotsOnWhiteSite
5091,13,23
timeStep,numberOfRobotsOnBlackSite,numberOfRobotsOnWhiteSite
5092,13,23
timeStep,numberOfRobotsOnBlackSite,numberOfRobotsOnWhiteSite
5093,13,23
timeStep,numberOfRobotsOnBlackSite,numberOfRobotsOnWhiteSite
5094,13,23
timeStep,numberOfRobotsOnBlackSite,numberOfRobotsOnWhiteSite
5095,13,23
timeStep,numberOfRobotsOnBlackSite,numberOfRobotsOnWhiteSite
5096,13,23
timeStep,numberOfRobotsOnBlackSite,numberOfRobotsOnWhiteSite
5097,13,23
timeStep,numberOfRobotsOnBlackSite,numberOfRobotsOnWhiteSite
5098,13,23
timeStep,numberOfRobotsOnBlackSite,numberOfRobotsOnWhiteSite
5099,13,23
timeStep,numberOfRobotsOnBlackSite,numberOfRobotsOnWhiteSite
5100,13,23
timeStep,numberOfRobotsOnBlackSite,numberOfRobotsOnWhiteSite
5101,13,23
timeStep,numberOfRobotsOnBlackSite,numberOfRobotsOnWhiteSite
5102,13,23
timeStep,numberOfRobotsOnBlackSite,numberOfRobotsOnWhiteSite
5103,13,23
timeStep,numberOfRobotsOnBlackSite,numberOfRobotsOnWhiteSite
5104,13,23
timeStep,numberOfRobotsOnBlackSite,numberOfRobotsOnWhiteSite
5105,12,23
timeStep,numberOfRobotsOnBlackSite,numberOfRobotsOnWhiteSite
5106,12,23
timeStep,numberOfRobotsOnBlackSite,numberOfRobotsOnWhiteSite
5107,12,23
timeStep,numberOfRobotsOnBlackSite,numberOfRobotsOnWhiteSite
5108,12,23
timeStep,numberOfRobotsOnBlackSite,numberOfRobotsOnWhiteSite
5109,12,23
timeStep,numberOfRobotsOnBlackSite,numberOfRobotsOnWhiteSite
5110,12,23
timeStep,numberOfRobotsOnBlackSite,numberOfRobotsOnWhiteSite
5111,12,23
timeStep,numberOfRobotsOnBlackSite,numberOfRobotsOnWhiteSite
5112,12,23
timeStep,numberOfRobotsOnBlackSite,numberOfRobotsOnWhiteSite
5113,12,23
timeStep,numberOfRobotsOnBlackSite,numberOfRobotsOnWhiteSite
5114,12,23
timeStep,numberOfRobotsOnBlackSite,numberOfRobotsOnWhiteSite
5115,12,23
timeStep,numberOfRobotsOnBlackSite,numberOfRobotsOnWhiteSite
5116,12,23
timeStep,numberOfRobotsOnBlackSite,numberOfRobotsOnWhiteSite
5117,12,23
timeStep,numberOfRobotsOnBlackSite,numberOfRobotsOnWhiteSite
5118,12,23
timeStep,numberOfRobotsOnBlackSite,numberOfRobotsOnWhiteSite
5119,12,23
timeStep,numberOfRobotsOnBlackSite,numberOfRobotsOnWhiteSite
5120,12,24
timeStep,numberOfRobotsOnBlackSite,numberOfRobotsOnWhiteSite
5121,12,24
timeStep,numberOfRobotsOnBlackSite,numberOfRobotsOnWhiteSite
5122,12,24
timeStep,numberOfRobotsOnBlackSite,numberOfRobotsOnWhiteSite
5123,12,24
timeStep,numberOfRobotsOnBlackSite,numberOfRobotsOnWhiteSite
5124,12,24
timeStep,numberOfRobotsOnBlackSite,numberOfRobotsOnWhiteSite
5125,12,24
timeStep,numberOfRobotsOnBlackSite,numberOfRobotsOnWhiteSite
5126,12,24
timeStep,numberOfRobotsOnBlackSite,numberOfRobotsOnWhiteSite
5127,12,24
timeStep,numberOfRobotsOnBlackSite,numberOfRobotsOnWhiteSite
5128,12,24
timeStep,numberOfRobotsOnBlackSite,numberOfRobotsOnWhiteSite
5129,12,24
timeStep,numberOfRobotsOnBlackSite,numberOfRobotsOnWhiteSite
5130,13,24
timeStep,numberOfRobotsOnBlackSite,numberOfRobotsOnWhiteSite
5131,13,24
timeStep,numberOfRobotsOnBlackSite,numberOfRobotsOnWhiteSite
5132,13,24
timeStep,numberOfRobotsOnBlackSite,numberOfRobotsOnWhiteSite
5133,13,24
timeStep,numberOfRobotsOnBlackSite,numberOfRobotsOnWhiteSite
5134,13,24
timeStep,numberOfRobotsOnBlackSite,numberOfRobotsOnWhiteSite
5135,13,24
timeStep,numberOfRobotsOnBlackSite,numberOfRobotsOnWhiteSite
5136,13,24
timeStep,numberOfRobotsOnBlackSite,numberOfRobotsOnWhiteSite
5137,13,24
timeStep,numberOfRobotsOnBlackSite,numberOfRobotsOnWhiteSite
5138,13,24
timeStep,numberOfRobotsOnBlackSite,numberOfRobotsOnWhiteSite
5139,13,24
timeStep,numberOfRobotsOnBlackSite,numberOfRobotsOnWhiteSite
5140,13,25
timeStep,numberOfRobotsOnBlackSite,numberOfRobotsOnWhiteSite
5141,13,25
timeStep,numberOfRobotsOnBlackSite,numberOfRobotsOnWhiteSite
5142,13,25
timeStep,numberOfRobotsOnBlackSite,numberOfRobotsOnWhiteSite
5143,13,25
timeStep,numberOfRobotsOnBlackSite,numberOfRobotsOnWhiteSite
5144,13,25
timeStep,numberOfRobotsOnBlackSite,numberOfRobotsOnWhiteSite
5145,13,25
timeStep,numberOfRobotsOnBlackSite,numberOfRobotsOnWhiteSite
5146,13,25
timeStep,numberOfRobotsOnBlackSite,numberOfRobotsOnWhiteSite
5147,13,25
timeStep,numberOfRobotsOnBlackSite,numberOfRobotsOnWhiteSite
5148,13,25
timeStep,numberOfRobotsOnBlackSite,numberOfRobotsOnWhiteSite
5149,13,25
timeStep,numberOfRobotsOnBlackSite,numberOfRobotsOnWhiteSite
5150,13,25
timeStep,numberOfRobotsOnBlackSite,numberOfRobotsOnWhiteSite
5151,13,25
timeStep,numberOfRobotsOnBlackSite,numberOfRobotsOnWhiteSite
5152,13,25
timeStep,numberOfRobotsOnBlackSite,numberOfRobotsOnWhiteSite
5153,13,25
timeStep,numberOfRobotsOnBlackSite,numberOfRobotsOnWhiteSite
5154,13,25
timeStep,numberOfRobotsOnBlackSite,numberOfRobotsOnWhiteSite
5155,13,26
timeStep,numberOfRobotsOnBlackSite,numberOfRobotsOnWhiteSite
5156,13,26
timeStep,numberOfRobotsOnBlackSite,numberOfRobotsOnWhiteSite
5157,13,26
timeStep,numberOfRobotsOnBlackSite,numberOfRobotsOnWhiteSite
5158,13,26
timeStep,numberOfRobotsOnBlackSite,numberOfRobotsOnWhiteSite
5159,13,26
timeStep,numberOfRobotsOnBlackSite,numberOfRobotsOnWhiteSite
5160,13,26
timeStep,numberOfRobotsOnBlackSite,numberOfRobotsOnWhiteSite
5161,13,26
timeStep,numberOfRobotsOnBlackSite,numberOfRobotsOnWhiteSite
5162,13,26
timeStep,numberOfRobotsOnBlackSite,numberOfRobotsOnWhiteSite
5163,13,26
timeStep,numberOfRobotsOnBlackSite,numberOfRobotsOnWhiteSite
5164,13,26
timeStep,numberOfRobotsOnBlackSite,numberOfRobotsOnWhiteSite
5165,13,26
timeStep,numberOfRobotsOnBlackSite,numberOfRobotsOnWhiteSite
5166,13,26
timeStep,numberOfRobotsOnBlackSite,numberOfRobotsOnWhiteSite
5167,13,26
timeStep,numberOfRobotsOnBlackSite,numberOfRobotsOnWhiteSite
5168,13,26
timeStep,numberOfRobotsOnBlackSite,numberOfRobotsOnWhiteSite
5169,13,26
timeStep,numberOfRobotsOnBlackSite,numberOfRobotsOnWhiteSite
5170,13,26
timeStep,numberOfRobotsOnBlackSite,numberOfRobotsOnWhiteSite
5171,13,26
timeStep,numberOfRobotsOnBlackSite,numberOfRobotsOnWhiteSite
5172,13,26
timeStep,numberOfRobotsOnBlackSite,numberOfRobotsOnWhiteSite
5173,13,26
timeStep,numberOfRobotsOnBlackSite,numberOfRobotsOnWhiteSite
5174,13,26
timeStep,numberOfRobotsOnBlackSite,numberOfRobotsOnWhiteSite
5175,13,26
timeStep,numberOfRobotsOnBlackSite,numberOfRobotsOnWhiteSite
5176,13,26
timeStep,numberOfRobotsOnBlackSite,numberOfRobotsOnWhiteSite
5177,13,26
timeStep,numberOfRobotsOnBlackSite,numberOfRobotsOnWhiteSite
5178,13,26
timeStep,numberOfRobotsOnBlackSite,numberOfRobotsOnWhiteSite
5179,13,26
timeStep,numberOfRobotsOnBlackSite,numberOfRobotsOnWhiteSite
5180,13,26
timeStep,numberOfRobotsOnBlackSite,numberOfRobotsOnWhiteSite
5181,13,26
timeStep,numberOfRobotsOnBlackSite,numberOfRobotsOnWhiteSite
5182,13,26
timeStep,numberOfRobotsOnBlackSite,numberOfRobotsOnWhiteSite
5183,13,26
timeStep,numberOfRobotsOnBlackSite,numberOfRobotsOnWhiteSite
5184,13,26
timeStep,numberOfRobotsOnBlackSite,numberOfRobotsOnWhiteSite
5185,13,26
timeStep,numberOfRobotsOnBlackSite,numberOfRobotsOnWhiteSite
5186,13,26
timeStep,numberOfRobotsOnBlackSite,numberOfRobotsOnWhiteSite
5187,13,26
timeStep,numberOfRobotsOnBlackSite,numberOfRobotsOnWhiteSite
5188,13,26
timeStep,numberOfRobotsOnBlackSite,numberOfRobotsOnWhiteSite
5189,13,26
timeStep,numberOfRobotsOnBlackSite,numberOfRobotsOnWhiteSite
5190,13,26
timeStep,numberOfRobotsOnBlackSite,numberOfRobotsOnWhiteSite
5191,13,26
timeStep,numberOfRobotsOnBlackSite,numberOfRobotsOnWhiteSite
5192,13,26
timeStep,numberOfRobotsOnBlackSite,numberOfRobotsOnWhiteSite
5193,13,26
timeStep,numberOfRobotsOnBlackSite,numberOfRobotsOnWhiteSite
5194,13,26
timeStep,numberOfRobotsOnBlackSite,numberOfRobotsOnWhiteSite
5195,13,26
timeStep,numberOfRobotsOnBlackSite,numberOfRobotsOnWhiteSite
5196,13,26
timeStep,numberOfRobotsOnBlackSite,numberOfRobotsOnWhiteSite
5197,13,26
timeStep,numberOfRobotsOnBlackSite,numberOfRobotsOnWhiteSite
5198,13,26
timeStep,numberOfRobotsOnBlackSite,numberOfRobotsOnWhiteSite
5199,13,26
timeStep,numberOfRobotsOnBlackSite,numberOfRobotsOnWhiteSite
5200,13,26
timeStep,numberOfRobotsOnBlackSite,numberOfRobotsOnWhiteSite
5201,13,26
timeStep,numberOfRobotsOnBlackSite,numberOfRobotsOnWhiteSite
5202,13,26
timeStep,numberOfRobotsOnBlackSite,numberOfRobotsOnWhiteSite
5203,13,26
timeStep,numberOfRobotsOnBlackSite,numberOfRobotsOnWhiteSite
5204,13,26
timeStep,numberOfRobotsOnBlackSite,numberOfRobotsOnWhiteSite
5205,13,26
timeStep,numberOfRobotsOnBlackSite,numberOfRobotsOnWhiteSite
5206,13,26
timeStep,numberOfRobotsOnBlackSite,numberOfRobotsOnWhiteSite
5207,13,26
timeStep,numberOfRobotsOnBlackSite,numberOfRobotsOnWhiteSite
5208,13,26
timeStep,numberOfRobotsOnBlackSite,numberOfRobotsOnWhiteSite
5209,13,26
timeStep,numberOfRobotsOnBlackSite,numberOfRobotsOnWhiteSite
5210,13,26
timeStep,numberOfRobotsOnBlackSite,numberOfRobotsOnWhiteSite
5211,13,26
timeStep,numberOfRobotsOnBlackSite,numberOfRobotsOnWhiteSite
5212,13,26
timeStep,numberOfRobotsOnBlackSite,numberOfRobotsOnWhiteSite
5213,13,26
timeStep,numberOfRobotsOnBlackSite,numberOfRobotsOnWhiteSite
5214,13,26
timeStep,numberOfRobotsOnBlackSite,numberOfRobotsOnWhiteSite
5215,13,26
timeStep,numberOfRobotsOnBlackSite,numberOfRobotsOnWhiteSite
5216,13,26
timeStep,numberOfRobotsOnBlackSite,numberOfRobotsOnWhiteSite
5217,13,26
timeStep,numberOfRobotsOnBlackSite,numberOfRobotsOnWhiteSite
5218,13,26
timeStep,numberOfRobotsOnBlackSite,numberOfRobotsOnWhiteSite
5219,13,26
timeStep,numberOfRobotsOnBlackSite,numberOfRobotsOnWhiteSite
5220,14,25
timeStep,numberOfRobotsOnBlackSite,numberOfRobotsOnWhiteSite
5221,14,25
timeStep,numberOfRobotsOnBlackSite,numberOfRobotsOnWhiteSite
5222,14,25
timeStep,numberOfRobotsOnBlackSite,numberOfRobotsOnWhiteSite
5223,14,25
timeStep,numberOfRobotsOnBlackSite,numberOfRobotsOnWhiteSite
5224,14,25
timeStep,numberOfRobotsOnBlackSite,numberOfRobotsOnWhiteSite
5225,14,25
timeStep,numberOfRobotsOnBlackSite,numberOfRobotsOnWhiteSite
5226,14,25
timeStep,numberOfRobotsOnBlackSite,numberOfRobotsOnWhiteSite
5227,14,25
timeStep,numberOfRobotsOnBlackSite,numberOfRobotsOnWhiteSite
5228,14,25
timeStep,numberOfRobotsOnBlackSite,numberOfRobotsOnWhiteSite
5229,14,25
timeStep,numberOfRobotsOnBlackSite,numberOfRobotsOnWhiteSite
5230,14,25
timeStep,numberOfRobotsOnBlackSite,numberOfRobotsOnWhiteSite
5231,14,25
timeStep,numberOfRobotsOnBlackSite,numberOfRobotsOnWhiteSite
5232,14,25
timeStep,numberOfRobotsOnBlackSite,numberOfRobotsOnWhiteSite
5233,14,25
timeStep,numberOfRobotsOnBlackSite,numberOfRobotsOnWhiteSite
5234,14,25
timeStep,numberOfRobotsOnBlackSite,numberOfRobotsOnWhiteSite
5235,14,25
timeStep,numberOfRobotsOnBlackSite,numberOfRobotsOnWhiteSite
5236,14,25
timeStep,numberOfRobotsOnBlackSite,numberOfRobotsOnWhiteSite
5237,14,25
timeStep,numberOfRobotsOnBlackSite,numberOfRobotsOnWhiteSite
5238,14,25
timeStep,numberOfRobotsOnBlackSite,numberOfRobotsOnWhiteSite
5239,14,25
timeStep,numberOfRobotsOnBlackSite,numberOfRobotsOnWhiteSite
5240,14,25
timeStep,numberOfRobotsOnBlackSite,numberOfRobotsOnWhiteSite
5241,14,25
timeStep,numberOfRobotsOnBlackSite,numberOfRobotsOnWhiteSite
5242,14,25
timeStep,numberOfRobotsOnBlackSite,numberOfRobotsOnWhiteSite
5243,14,25
timeStep,numberOfRobotsOnBlackSite,numberOfRobotsOnWhiteSite
5244,14,25
timeStep,numberOfRobotsOnBlackSite,numberOfRobotsOnWhiteSite
5245,14,25
timeStep,numberOfRobotsOnBlackSite,numberOfRobotsOnWhiteSite
5246,14,25
timeStep,numberOfRobotsOnBlackSite,numberOfRobotsOnWhiteSite
5247,14,25
timeStep,numberOfRobotsOnBlackSite,numberOfRobotsOnWhiteSite
5248,14,25
timeStep,numberOfRobotsOnBlackSite,numberOfRobotsOnWhiteSite
5249,14,25
timeStep,numberOfRobotsOnBlackSite,numberOfRobotsOnWhiteSite
5250,14,25
timeStep,numberOfRobotsOnBlackSite,numberOfRobotsOnWhiteSite
5251,14,25
timeStep,numberOfRobotsOnBlackSite,numberOfRobotsOnWhiteSite
5252,14,25
timeStep,numberOfRobotsOnBlackSite,numberOfRobotsOnWhiteSite
5253,14,25
timeStep,numberOfRobotsOnBlackSite,numberOfRobotsOnWhiteSite
5254,14,25
timeStep,numberOfRobotsOnBlackSite,numberOfRobotsOnWhiteSite
5255,14,25
timeStep,numberOfRobotsOnBlackSite,numberOfRobotsOnWhiteSite
5256,14,25
timeStep,numberOfRobotsOnBlackSite,numberOfRobotsOnWhiteSite
5257,14,25
timeStep,numberOfRobotsOnBlackSite,numberOfRobotsOnWhiteSite
5258,14,25
timeStep,numberOfRobotsOnBlackSite,numberOfRobotsOnWhiteSite
5259,14,25
timeStep,numberOfRobotsOnBlackSite,numberOfRobotsOnWhiteSite
5260,14,25
timeStep,numberOfRobotsOnBlackSite,numberOfRobotsOnWhiteSite
5261,14,25
timeStep,numberOfRobotsOnBlackSite,numberOfRobotsOnWhiteSite
5262,14,25
timeStep,numberOfRobotsOnBlackSite,numberOfRobotsOnWhiteSite
5263,14,25
timeStep,numberOfRobotsOnBlackSite,numberOfRobotsOnWhiteSite
5264,14,25
timeStep,numberOfRobotsOnBlackSite,numberOfRobotsOnWhiteSite
5265,14,25
timeStep,numberOfRobotsOnBlackSite,numberOfRobotsOnWhiteSite
5266,14,25
timeStep,numberOfRobotsOnBlackSite,numberOfRobotsOnWhiteSite
5267,14,25
timeStep,numberOfRobotsOnBlackSite,numberOfRobotsOnWhiteSite
5268,14,25
timeStep,numberOfRobotsOnBlackSite,numberOfRobotsOnWhiteSite
5269,14,25
timeStep,numberOfRobotsOnBlackSite,numberOfRobotsOnWhiteSite
5270,14,25
timeStep,numberOfRobotsOnBlackSite,numberOfRobotsOnWhiteSite
5271,14,25
timeStep,numberOfRobotsOnBlackSite,numberOfRobotsOnWhiteSite
5272,14,25
timeStep,numberOfRobotsOnBlackSite,numberOfRobotsOnWhiteSite
5273,14,25
timeStep,numberOfRobotsOnBlackSite,numberOfRobotsOnWhiteSite
5274,14,25
timeStep,numberOfRobotsOnBlackSite,numberOfRobotsOnWhiteSite
5275,14,25
timeStep,numberOfRobotsOnBlackSite,numberOfRobotsOnWhiteSite
5276,14,25
timeStep,numberOfRobotsOnBlackSite,numberOfRobotsOnWhiteSite
5277,14,25
timeStep,numberOfRobotsOnBlackSite,numberOfRobotsOnWhiteSite
5278,14,25
timeStep,numberOfRobotsOnBlackSite,numberOfRobotsOnWhiteSite
5279,14,25
timeStep,numberOfRobotsOnBlackSite,numberOfRobotsOnWhiteSite
5280,14,25
timeStep,numberOfRobotsOnBlackSite,numberOfRobotsOnWhiteSite
5281,14,25
timeStep,numberOfRobotsOnBlackSite,numberOfRobotsOnWhiteSite
5282,14,25
timeStep,numberOfRobotsOnBlackSite,numberOfRobotsOnWhiteSite
5283,14,25
timeStep,numberOfRobotsOnBlackSite,numberOfRobotsOnWhiteSite
5284,14,25
timeStep,numberOfRobotsOnBlackSite,numberOfRobotsOnWhiteSite
5285,14,26
timeStep,numberOfRobotsOnBlackSite,numberOfRobotsOnWhiteSite
5286,14,26
timeStep,numberOfRobotsOnBlackSite,numberOfRobotsOnWhiteSite
5287,14,26
timeStep,numberOfRobotsOnBlackSite,numberOfRobotsOnWhiteSite
5288,14,26
timeStep,numberOfRobotsOnBlackSite,numberOfRobotsOnWhiteSite
5289,14,26
timeStep,numberOfRobotsOnBlackSite,numberOfRobotsOnWhiteSite
5290,13,26
timeStep,numberOfRobotsOnBlackSite,numberOfRobotsOnWhiteSite
5291,13,26
timeStep,numberOfRobotsOnBlackSite,numberOfRobotsOnWhiteSite
5292,13,26
timeStep,numberOfRobotsOnBlackSite,numberOfRobotsOnWhiteSite
5293,13,26
timeStep,numberOfRobotsOnBlackSite,numberOfRobotsOnWhiteSite
5294,13,26
timeStep,numberOfRobotsOnBlackSite,numberOfRobotsOnWhiteSite
5295,13,26
timeStep,numberOfRobotsOnBlackSite,numberOfRobotsOnWhiteSite
5296,13,26
timeStep,numberOfRobotsOnBlackSite,numberOfRobotsOnWhiteSite
5297,13,26
timeStep,numberOfRobotsOnBlackSite,numberOfRobotsOnWhiteSite
5298,13,26
timeStep,numberOfRobotsOnBlackSite,numberOfRobotsOnWhiteSite
5299,13,26
timeStep,numberOfRobotsOnBlackSite,numberOfRobotsOnWhiteSite
5300,13,26
timeStep,numberOfRobotsOnBlackSite,numberOfRobotsOnWhiteSite
5301,13,26
timeStep,numberOfRobotsOnBlackSite,numberOfRobotsOnWhiteSite
5302,13,26
timeStep,numberOfRobotsOnBlackSite,numberOfRobotsOnWhiteSite
5303,13,26
timeStep,numberOfRobotsOnBlackSite,numberOfRobotsOnWhiteSite
5304,13,26
timeStep,numberOfRobotsOnBlackSite,numberOfRobotsOnWhiteSite
5305,13,26
timeStep,numberOfRobotsOnBlackSite,numberOfRobotsOnWhiteSite
5306,13,26
timeStep,numberOfRobotsOnBlackSite,numberOfRobotsOnWhiteSite
5307,13,26
timeStep,numberOfRobotsOnBlackSite,numberOfRobotsOnWhiteSite
5308,13,26
timeStep,numberOfRobotsOnBlackSite,numberOfRobotsOnWhiteSite
5309,13,26
timeStep,numberOfRobotsOnBlackSite,numberOfRobotsOnWhiteSite
5310,13,25
timeStep,numberOfRobotsOnBlackSite,numberOfRobotsOnWhiteSite
5311,13,25
timeStep,numberOfRobotsOnBlackSite,numberOfRobotsOnWhiteSite
5312,13,25
timeStep,numberOfRobotsOnBlackSite,numberOfRobotsOnWhiteSite
5313,13,25
timeStep,numberOfRobotsOnBlackSite,numberOfRobotsOnWhiteSite
5314,13,25
timeStep,numberOfRobotsOnBlackSite,numberOfRobotsOnWhiteSite
5315,13,25
timeStep,numberOfRobotsOnBlackSite,numberOfRobotsOnWhiteSite
5316,13,25
timeStep,numberOfRobotsOnBlackSite,numberOfRobotsOnWhiteSite
5317,13,25
timeStep,numberOfRobotsOnBlackSite,numberOfRobotsOnWhiteSite
5318,13,25
timeStep,numberOfRobotsOnBlackSite,numberOfRobotsOnWhiteSite
5319,13,25
timeStep,numberOfRobotsOnBlackSite,numberOfRobotsOnWhiteSite
5320,13,25
timeStep,numberOfRobotsOnBlackSite,numberOfRobotsOnWhiteSite
5321,13,25
timeStep,numberOfRobotsOnBlackSite,numberOfRobotsOnWhiteSite
5322,13,25
timeStep,numberOfRobotsOnBlackSite,numberOfRobotsOnWhiteSite
5323,13,25
timeStep,numberOfRobotsOnBlackSite,numberOfRobotsOnWhiteSite
5324,13,25
timeStep,numberOfRobotsOnBlackSite,numberOfRobotsOnWhiteSite
5325,14,25
timeStep,numberOfRobotsOnBlackSite,numberOfRobotsOnWhiteSite
5326,14,25
timeStep,numberOfRobotsOnBlackSite,numberOfRobotsOnWhiteSite
5327,14,25
timeStep,numberOfRobotsOnBlackSite,numberOfRobotsOnWhiteSite
5328,14,25
timeStep,numberOfRobotsOnBlackSite,numberOfRobotsOnWhiteSite
5329,14,25
timeStep,numberOfRobotsOnBlackSite,numberOfRobotsOnWhiteSite
5330,14,25
timeStep,numberOfRobotsOnBlackSite,numberOfRobotsOnWhiteSite
5331,14,25
timeStep,numberOfRobotsOnBlackSite,numberOfRobotsOnWhiteSite
5332,14,25
timeStep,numberOfRobotsOnBlackSite,numberOfRobotsOnWhiteSite
5333,14,25
timeStep,numberOfRobotsOnBlackSite,numberOfRobotsOnWhiteSite
5334,14,25
timeStep,numberOfRobotsOnBlackSite,numberOfRobotsOnWhiteSite
5335,14,25
timeStep,numberOfRobotsOnBlackSite,numberOfRobotsOnWhiteSite
5336,14,25
timeStep,numberOfRobotsOnBlackSite,numberOfRobotsOnWhiteSite
5337,14,25
timeStep,numberOfRobotsOnBlackSite,numberOfRobotsOnWhiteSite
5338,14,25
timeStep,numberOfRobotsOnBlackSite,numberOfRobotsOnWhiteSite
5339,14,25
timeStep,numberOfRobotsOnBlackSite,numberOfRobotsOnWhiteSite
5340,14,25
timeStep,numberOfRobotsOnBlackSite,numberOfRobotsOnWhiteSite
5341,14,25
timeStep,numberOfRobotsOnBlackSite,numberOfRobotsOnWhiteSite
5342,14,25
timeStep,numberOfRobotsOnBlackSite,numberOfRobotsOnWhiteSite
5343,14,25
timeStep,numberOfRobotsOnBlackSite,numberOfRobotsOnWhiteSite
5344,14,25
timeStep,numberOfRobotsOnBlackSite,numberOfRobotsOnWhiteSite
5345,15,25
timeStep,numberOfRobotsOnBlackSite,numberOfRobotsOnWhiteSite
5346,15,25
timeStep,numberOfRobotsOnBlackSite,numberOfRobotsOnWhiteSite
5347,15,25
timeStep,numberOfRobotsOnBlackSite,numberOfRobotsOnWhiteSite
5348,15,25
timeStep,numberOfRobotsOnBlackSite,numberOfRobotsOnWhiteSite
5349,15,25
timeStep,numberOfRobotsOnBlackSite,numberOfRobotsOnWhiteSite
5350,15,25
timeStep,numberOfRobotsOnBlackSite,numberOfRobotsOnWhiteSite
5351,15,25
timeStep,numberOfRobotsOnBlackSite,numberOfRobotsOnWhiteSite
5352,15,25
timeStep,numberOfRobotsOnBlackSite,numberOfRobotsOnWhiteSite
5353,15,25
timeStep,numberOfRobotsOnBlackSite,numberOfRobotsOnWhiteSite
5354,15,25
timeStep,numberOfRobotsOnBlackSite,numberOfRobotsOnWhiteSite
5355,15,26
timeStep,numberOfRobotsOnBlackSite,numberOfRobotsOnWhiteSite
5356,15,26
timeStep,numberOfRobotsOnBlackSite,numberOfRobotsOnWhiteSite
5357,15,26
timeStep,numberOfRobotsOnBlackSite,numberOfRobotsOnWhiteSite
5358,15,26
timeStep,numberOfRobotsOnBlackSite,numberOfRobotsOnWhiteSite
5359,15,26
timeStep,numberOfRobotsOnBlackSite,numberOfRobotsOnWhiteSite
5360,15,26
timeStep,numberOfRobotsOnBlackSite,numberOfRobotsOnWhiteSite
5361,15,26
timeStep,numberOfRobotsOnBlackSite,numberOfRobotsOnWhiteSite
5362,15,26
timeStep,numberOfRobotsOnBlackSite,numberOfRobotsOnWhiteSite
5363,15,26
timeStep,numberOfRobotsOnBlackSite,numberOfRobotsOnWhiteSite
5364,15,26
timeStep,numberOfRobotsOnBlackSite,numberOfRobotsOnWhiteSite
5365,15,26
timeStep,numberOfRobotsOnBlackSite,numberOfRobotsOnWhiteSite
5366,15,26
timeStep,numberOfRobotsOnBlackSite,numberOfRobotsOnWhiteSite
5367,15,26
timeStep,numberOfRobotsOnBlackSite,numberOfRobotsOnWhiteSite
5368,15,26
timeStep,numberOfRobotsOnBlackSite,numberOfRobotsOnWhiteSite
5369,15,26
timeStep,numberOfRobotsOnBlackSite,numberOfRobotsOnWhiteSite
5370,15,26
timeStep,numberOfRobotsOnBlackSite,numberOfRobotsOnWhiteSite
5371,15,26
timeStep,numberOfRobotsOnBlackSite,numberOfRobotsOnWhiteSite
5372,15,26
timeStep,numberOfRobotsOnBlackSite,numberOfRobotsOnWhiteSite
5373,15,26
timeStep,numberOfRobotsOnBlackSite,numberOfRobotsOnWhiteSite
5374,15,26
timeStep,numberOfRobotsOnBlackSite,numberOfRobotsOnWhiteSite
5375,15,26
timeStep,numberOfRobotsOnBlackSite,numberOfRobotsOnWhiteSite
5376,15,26
timeStep,numberOfRobotsOnBlackSite,numberOfRobotsOnWhiteSite
5377,15,26
timeStep,numberOfRobotsOnBlackSite,numberOfRobotsOnWhiteSite
5378,15,26
timeStep,numberOfRobotsOnBlackSite,numberOfRobotsOnWhiteSite
5379,15,26
timeStep,numberOfRobotsOnBlackSite,numberOfRobotsOnWhiteSite
5380,15,25
timeStep,numberOfRobotsOnBlackSite,numberOfRobotsOnWhiteSite
5381,15,25
timeStep,numberOfRobotsOnBlackSite,numberOfRobotsOnWhiteSite
5382,15,25
timeStep,numberOfRobotsOnBlackSite,numberOfRobotsOnWhiteSite
5383,15,25
timeStep,numberOfRobotsOnBlackSite,numberOfRobotsOnWhiteSite
5384,15,25
timeStep,numberOfRobotsOnBlackSite,numberOfRobotsOnWhiteSite
5385,15,25
timeStep,numberOfRobotsOnBlackSite,numberOfRobotsOnWhiteSite
5386,15,25
timeStep,numberOfRobotsOnBlackSite,numberOfRobotsOnWhiteSite
5387,15,25
timeStep,numberOfRobotsOnBlackSite,numberOfRobotsOnWhiteSite
5388,15,25
timeStep,numberOfRobotsOnBlackSite,numberOfRobotsOnWhiteSite
5389,15,25
timeStep,numberOfRobotsOnBlackSite,numberOfRobotsOnWhiteSite
5390,15,25
timeStep,numberOfRobotsOnBlackSite,numberOfRobotsOnWhiteSite
5391,15,25
timeStep,numberOfRobotsOnBlackSite,numberOfRobotsOnWhiteSite
5392,15,25
timeStep,numberOfRobotsOnBlackSite,numberOfRobotsOnWhiteSite
5393,15,25
timeStep,numberOfRobotsOnBlackSite,numberOfRobotsOnWhiteSite
5394,15,25
timeStep,numberOfRobotsOnBlackSite,numberOfRobotsOnWhiteSite
5395,15,25
timeStep,numberOfRobotsOnBlackSite,numberOfRobotsOnWhiteSite
5396,15,25
timeStep,numberOfRobotsOnBlackSite,numberOfRobotsOnWhiteSite
5397,15,25
timeStep,numberOfRobotsOnBlackSite,numberOfRobotsOnWhiteSite
5398,15,25
timeStep,numberOfRobotsOnBlackSite,numberOfRobotsOnWhiteSite
5399,15,25
timeStep,numberOfRobotsOnBlackSite,numberOfRobotsOnWhiteSite
5400,15,25
timeStep,numberOfRobotsOnBlackSite,numberOfRobotsOnWhiteSite
5401,15,25
timeStep,numberOfRobotsOnBlackSite,numberOfRobotsOnWhiteSite
5402,15,25
timeStep,numberOfRobotsOnBlackSite,numberOfRobotsOnWhiteSite
5403,15,25
timeStep,numberOfRobotsOnBlackSite,numberOfRobotsOnWhiteSite
5404,15,25
timeStep,numberOfRobotsOnBlackSite,numberOfRobotsOnWhiteSite
5405,15,25
timeStep,numberOfRobotsOnBlackSite,numberOfRobotsOnWhiteSite
5406,15,25
timeStep,numberOfRobotsOnBlackSite,numberOfRobotsOnWhiteSite
5407,15,25
timeStep,numberOfRobotsOnBlackSite,numberOfRobotsOnWhiteSite
5408,15,25
timeStep,numberOfRobotsOnBlackSite,numberOfRobotsOnWhiteSite
5409,15,25
timeStep,numberOfRobotsOnBlackSite,numberOfRobotsOnWhiteSite
5410,15,25
timeStep,numberOfRobotsOnBlackSite,numberOfRobotsOnWhiteSite
5411,15,25
timeStep,numberOfRobotsOnBlackSite,numberOfRobotsOnWhiteSite
5412,15,25
timeStep,numberOfRobotsOnBlackSite,numberOfRobotsOnWhiteSite
5413,15,25
timeStep,numberOfRobotsOnBlackSite,numberOfRobotsOnWhiteSite
5414,15,25
timeStep,numberOfRobotsOnBlackSite,numberOfRobotsOnWhiteSite
5415,15,25
timeStep,numberOfRobotsOnBlackSite,numberOfRobotsOnWhiteSite
5416,15,25
timeStep,numberOfRobotsOnBlackSite,numberOfRobotsOnWhiteSite
5417,15,25
timeStep,numberOfRobotsOnBlackSite,numberOfRobotsOnWhiteSite
5418,15,25
timeStep,numberOfRobotsOnBlackSite,numberOfRobotsOnWhiteSite
5419,15,25
timeStep,numberOfRobotsOnBlackSite,numberOfRobotsOnWhiteSite
5420,15,25
timeStep,numberOfRobotsOnBlackSite,numberOfRobotsOnWhiteSite
5421,15,25
timeStep,numberOfRobotsOnBlackSite,numberOfRobotsOnWhiteSite
5422,15,25
timeStep,numberOfRobotsOnBlackSite,numberOfRobotsOnWhiteSite
5423,15,25
timeStep,numberOfRobotsOnBlackSite,numberOfRobotsOnWhiteSite
5424,15,25
timeStep,numberOfRobotsOnBlackSite,numberOfRobotsOnWhiteSite
5425,15,25
timeStep,numberOfRobotsOnBlackSite,numberOfRobotsOnWhiteSite
5426,15,25
timeStep,numberOfRobotsOnBlackSite,numberOfRobotsOnWhiteSite
5427,15,25
timeStep,numberOfRobotsOnBlackSite,numberOfRobotsOnWhiteSite
5428,15,25
timeStep,numberOfRobotsOnBlackSite,numberOfRobotsOnWhiteSite
5429,15,25
timeStep,numberOfRobotsOnBlackSite,numberOfRobotsOnWhiteSite
5430,15,24
timeStep,numberOfRobotsOnBlackSite,numberOfRobotsOnWhiteSite
5431,15,24
timeStep,numberOfRobotsOnBlackSite,numberOfRobotsOnWhiteSite
5432,15,24
timeStep,numberOfRobotsOnBlackSite,numberOfRobotsOnWhiteSite
5433,15,24
timeStep,numberOfRobotsOnBlackSite,numberOfRobotsOnWhiteSite
5434,15,24
timeStep,numberOfRobotsOnBlackSite,numberOfRobotsOnWhiteSite
5435,15,24
timeStep,numberOfRobotsOnBlackSite,numberOfRobotsOnWhiteSite
5436,15,24
timeStep,numberOfRobotsOnBlackSite,numberOfRobotsOnWhiteSite
5437,15,24
timeStep,numberOfRobotsOnBlackSite,numberOfRobotsOnWhiteSite
5438,15,24
timeStep,numberOfRobotsOnBlackSite,numberOfRobotsOnWhiteSite
5439,15,24
timeStep,numberOfRobotsOnBlackSite,numberOfRobotsOnWhiteSite
5440,15,23
timeStep,numberOfRobotsOnBlackSite,numberOfRobotsOnWhiteSite
5441,15,23
timeStep,numberOfRobotsOnBlackSite,numberOfRobotsOnWhiteSite
5442,15,23
timeStep,numberOfRobotsOnBlackSite,numberOfRobotsOnWhiteSite
5443,15,23
timeStep,numberOfRobotsOnBlackSite,numberOfRobotsOnWhiteSite
5444,15,23
timeStep,numberOfRobotsOnBlackSite,numberOfRobotsOnWhiteSite
5445,14,23
timeStep,numberOfRobotsOnBlackSite,numberOfRobotsOnWhiteSite
5446,14,23
timeStep,numberOfRobotsOnBlackSite,numberOfRobotsOnWhiteSite
5447,14,23
timeStep,numberOfRobotsOnBlackSite,numberOfRobotsOnWhiteSite
5448,14,23
timeStep,numberOfRobotsOnBlackSite,numberOfRobotsOnWhiteSite
5449,14,23
timeStep,numberOfRobotsOnBlackSite,numberOfRobotsOnWhiteSite
5450,14,23
timeStep,numberOfRobotsOnBlackSite,numberOfRobotsOnWhiteSite
5451,14,23
timeStep,numberOfRobotsOnBlackSite,numberOfRobotsOnWhiteSite
5452,14,23
timeStep,numberOfRobotsOnBlackSite,numberOfRobotsOnWhiteSite
5453,14,23
timeStep,numberOfRobotsOnBlackSite,numberOfRobotsOnWhiteSite
5454,14,23
timeStep,numberOfRobotsOnBlackSite,numberOfRobotsOnWhiteSite
5455,13,23
timeStep,numberOfRobotsOnBlackSite,numberOfRobotsOnWhiteSite
5456,13,23
timeStep,numberOfRobotsOnBlackSite,numberOfRobotsOnWhiteSite
5457,13,23
timeStep,numberOfRobotsOnBlackSite,numberOfRobotsOnWhiteSite
5458,13,23
timeStep,numberOfRobotsOnBlackSite,numberOfRobotsOnWhiteSite
5459,13,23
timeStep,numberOfRobotsOnBlackSite,numberOfRobotsOnWhiteSite
5460,13,24
timeStep,numberOfRobotsOnBlackSite,numberOfRobotsOnWhiteSite
5461,13,24
timeStep,numberOfRobotsOnBlackSite,numberOfRobotsOnWhiteSite
5462,13,24
timeStep,numberOfRobotsOnBlackSite,numberOfRobotsOnWhiteSite
5463,13,24
timeStep,numberOfRobotsOnBlackSite,numberOfRobotsOnWhiteSite
5464,13,24
timeStep,numberOfRobotsOnBlackSite,numberOfRobotsOnWhiteSite
5465,12,24
timeStep,numberOfRobotsOnBlackSite,numberOfRobotsOnWhiteSite
5466,12,24
timeStep,numberOfRobotsOnBlackSite,numberOfRobotsOnWhiteSite
5467,12,24
timeStep,numberOfRobotsOnBlackSite,numberOfRobotsOnWhiteSite
5468,12,24
timeStep,numberOfRobotsOnBlackSite,numberOfRobotsOnWhiteSite
5469,12,24
timeStep,numberOfRobotsOnBlackSite,numberOfRobotsOnWhiteSite
5470,12,24
timeStep,numberOfRobotsOnBlackSite,numberOfRobotsOnWhiteSite
5471,12,24
timeStep,numberOfRobotsOnBlackSite,numberOfRobotsOnWhiteSite
5472,12,24
timeStep,numberOfRobotsOnBlackSite,numberOfRobotsOnWhiteSite
5473,12,24
timeStep,numberOfRobotsOnBlackSite,numberOfRobotsOnWhiteSite
5474,12,24
timeStep,numberOfRobotsOnBlackSite,numberOfRobotsOnWhiteSite
5475,12,22
timeStep,numberOfRobotsOnBlackSite,numberOfRobotsOnWhiteSite
5476,12,22
timeStep,numberOfRobotsOnBlackSite,numberOfRobotsOnWhiteSite
5477,12,22
timeStep,numberOfRobotsOnBlackSite,numberOfRobotsOnWhiteSite
5478,12,22
timeStep,numberOfRobotsOnBlackSite,numberOfRobotsOnWhiteSite
5479,12,22
timeStep,numberOfRobotsOnBlackSite,numberOfRobotsOnWhiteSite
5480,13,22
timeStep,numberOfRobotsOnBlackSite,numberOfRobotsOnWhiteSite
5481,13,22
timeStep,numberOfRobotsOnBlackSite,numberOfRobotsOnWhiteSite
5482,13,22
timeStep,numberOfRobotsOnBlackSite,numberOfRobotsOnWhiteSite
5483,13,22
timeStep,numberOfRobotsOnBlackSite,numberOfRobotsOnWhiteSite
5484,13,22
timeStep,numberOfRobotsOnBlackSite,numberOfRobotsOnWhiteSite
5485,13,22
timeStep,numberOfRobotsOnBlackSite,numberOfRobotsOnWhiteSite
5486,13,22
timeStep,numberOfRobotsOnBlackSite,numberOfRobotsOnWhiteSite
5487,13,22
timeStep,numberOfRobotsOnBlackSite,numberOfRobotsOnWhiteSite
5488,13,22
timeStep,numberOfRobotsOnBlackSite,numberOfRobotsOnWhiteSite
5489,13,22
timeStep,numberOfRobotsOnBlackSite,numberOfRobotsOnWhiteSite
5490,13,22
timeStep,numberOfRobotsOnBlackSite,numberOfRobotsOnWhiteSite
5491,13,22
timeStep,numberOfRobotsOnBlackSite,numberOfRobotsOnWhiteSite
5492,13,22
timeStep,numberOfRobotsOnBlackSite,numberOfRobotsOnWhiteSite
5493,13,22
timeStep,numberOfRobotsOnBlackSite,numberOfRobotsOnWhiteSite
5494,13,22
timeStep,numberOfRobotsOnBlackSite,numberOfRobotsOnWhiteSite
5495,13,22
timeStep,numberOfRobotsOnBlackSite,numberOfRobotsOnWhiteSite
5496,13,22
timeStep,numberOfRobotsOnBlackSite,numberOfRobotsOnWhiteSite
5497,13,22
timeStep,numberOfRobotsOnBlackSite,numberOfRobotsOnWhiteSite
5498,13,22
timeStep,numberOfRobotsOnBlackSite,numberOfRobotsOnWhiteSite
5499,13,22
timeStep,numberOfRobotsOnBlackSite,numberOfRobotsOnWhiteSite
5500,13,22
timeStep,numberOfRobotsOnBlackSite,numberOfRobotsOnWhiteSite
5501,13,22
timeStep,numberOfRobotsOnBlackSite,numberOfRobotsOnWhiteSite
5502,13,22
timeStep,numberOfRobotsOnBlackSite,numberOfRobotsOnWhiteSite
5503,13,22
timeStep,numberOfRobotsOnBlackSite,numberOfRobotsOnWhiteSite
5504,13,22
timeStep,numberOfRobotsOnBlackSite,numberOfRobotsOnWhiteSite
5505,13,22
timeStep,numberOfRobotsOnBlackSite,numberOfRobotsOnWhiteSite
5506,13,22
timeStep,numberOfRobotsOnBlackSite,numberOfRobotsOnWhiteSite
5507,13,22
timeStep,numberOfRobotsOnBlackSite,numberOfRobotsOnWhiteSite
5508,13,22
timeStep,numberOfRobotsOnBlackSite,numberOfRobotsOnWhiteSite
5509,13,22
timeStep,numberOfRobotsOnBlackSite,numberOfRobotsOnWhiteSite
5510,14,22
timeStep,numberOfRobotsOnBlackSite,numberOfRobotsOnWhiteSite
5511,14,22
timeStep,numberOfRobotsOnBlackSite,numberOfRobotsOnWhiteSite
5512,14,22
timeStep,numberOfRobotsOnBlackSite,numberOfRobotsOnWhiteSite
5513,14,22
timeStep,numberOfRobotsOnBlackSite,numberOfRobotsOnWhiteSite
5514,14,22
timeStep,numberOfRobotsOnBlackSite,numberOfRobotsOnWhiteSite
5515,14,22
timeStep,numberOfRobotsOnBlackSite,numberOfRobotsOnWhiteSite
5516,14,22
timeStep,numberOfRobotsOnBlackSite,numberOfRobotsOnWhiteSite
5517,14,22
timeStep,numberOfRobotsOnBlackSite,numberOfRobotsOnWhiteSite
5518,14,22
timeStep,numberOfRobotsOnBlackSite,numberOfRobotsOnWhiteSite
5519,14,22
timeStep,numberOfRobotsOnBlackSite,numberOfRobotsOnWhiteSite
5520,14,22
timeStep,numberOfRobotsOnBlackSite,numberOfRobotsOnWhiteSite
5521,14,22
timeStep,numberOfRobotsOnBlackSite,numberOfRobotsOnWhiteSite
5522,14,22
timeStep,numberOfRobotsOnBlackSite,numberOfRobotsOnWhiteSite
5523,14,22
timeStep,numberOfRobotsOnBlackSite,numberOfRobotsOnWhiteSite
5524,14,22
timeStep,numberOfRobotsOnBlackSite,numberOfRobotsOnWhiteSite
5525,14,22
timeStep,numberOfRobotsOnBlackSite,numberOfRobotsOnWhiteSite
5526,14,22
timeStep,numberOfRobotsOnBlackSite,numberOfRobotsOnWhiteSite
5527,14,22
timeStep,numberOfRobotsOnBlackSite,numberOfRobotsOnWhiteSite
5528,14,22
timeStep,numberOfRobotsOnBlackSite,numberOfRobotsOnWhiteSite
5529,14,22
timeStep,numberOfRobotsOnBlackSite,numberOfRobotsOnWhiteSite
5530,14,22
timeStep,numberOfRobotsOnBlackSite,numberOfRobotsOnWhiteSite
5531,14,22
timeStep,numberOfRobotsOnBlackSite,numberOfRobotsOnWhiteSite
5532,14,22
timeStep,numberOfRobotsOnBlackSite,numberOfRobotsOnWhiteSite
5533,14,22
timeStep,numberOfRobotsOnBlackSite,numberOfRobotsOnWhiteSite
5534,14,22
timeStep,numberOfRobotsOnBlackSite,numberOfRobotsOnWhiteSite
5535,14,22
timeStep,numberOfRobotsOnBlackSite,numberOfRobotsOnWhiteSite
5536,14,22
timeStep,numberOfRobotsOnBlackSite,numberOfRobotsOnWhiteSite
5537,14,22
timeStep,numberOfRobotsOnBlackSite,numberOfRobotsOnWhiteSite
5538,14,22
timeStep,numberOfRobotsOnBlackSite,numberOfRobotsOnWhiteSite
5539,14,22
timeStep,numberOfRobotsOnBlackSite,numberOfRobotsOnWhiteSite
5540,14,22
timeStep,numberOfRobotsOnBlackSite,numberOfRobotsOnWhiteSite
5541,14,22
timeStep,numberOfRobotsOnBlackSite,numberOfRobotsOnWhiteSite
5542,14,22
timeStep,numberOfRobotsOnBlackSite,numberOfRobotsOnWhiteSite
5543,14,22
timeStep,numberOfRobotsOnBlackSite,numberOfRobotsOnWhiteSite
5544,14,22
timeStep,numberOfRobotsOnBlackSite,numberOfRobotsOnWhiteSite
5545,13,23
timeStep,numberOfRobotsOnBlackSite,numberOfRobotsOnWhiteSite
5546,13,23
timeStep,numberOfRobotsOnBlackSite,numberOfRobotsOnWhiteSite
5547,13,23
timeStep,numberOfRobotsOnBlackSite,numberOfRobotsOnWhiteSite
5548,13,23
timeStep,numberOfRobotsOnBlackSite,numberOfRobotsOnWhiteSite
5549,13,23
timeStep,numberOfRobotsOnBlackSite,numberOfRobotsOnWhiteSite
5550,13,23
timeStep,numberOfRobotsOnBlackSite,numberOfRobotsOnWhiteSite
5551,13,23
timeStep,numberOfRobotsOnBlackSite,numberOfRobotsOnWhiteSite
5552,13,23
timeStep,numberOfRobotsOnBlackSite,numberOfRobotsOnWhiteSite
5553,13,23
timeStep,numberOfRobotsOnBlackSite,numberOfRobotsOnWhiteSite
5554,13,23
timeStep,numberOfRobotsOnBlackSite,numberOfRobotsOnWhiteSite
5555,13,23
timeStep,numberOfRobotsOnBlackSite,numberOfRobotsOnWhiteSite
5556,13,23
timeStep,numberOfRobotsOnBlackSite,numberOfRobotsOnWhiteSite
5557,13,23
timeStep,numberOfRobotsOnBlackSite,numberOfRobotsOnWhiteSite
5558,13,23
timeStep,numberOfRobotsOnBlackSite,numberOfRobotsOnWhiteSite
5559,13,23
timeStep,numberOfRobotsOnBlackSite,numberOfRobotsOnWhiteSite
5560,13,23
timeStep,numberOfRobotsOnBlackSite,numberOfRobotsOnWhiteSite
5561,13,23
timeStep,numberOfRobotsOnBlackSite,numberOfRobotsOnWhiteSite
5562,13,23
timeStep,numberOfRobotsOnBlackSite,numberOfRobotsOnWhiteSite
5563,13,23
timeStep,numberOfRobotsOnBlackSite,numberOfRobotsOnWhiteSite
5564,13,23
timeStep,numberOfRobotsOnBlackSite,numberOfRobotsOnWhiteSite
5565,13,23
timeStep,numberOfRobotsOnBlackSite,numberOfRobotsOnWhiteSite
5566,13,23
timeStep,numberOfRobotsOnBlackSite,numberOfRobotsOnWhiteSite
5567,13,23
timeStep,numberOfRobotsOnBlackSite,numberOfRobotsOnWhiteSite
5568,13,23
timeStep,numberOfRobotsOnBlackSite,numberOfRobotsOnWhiteSite
5569,13,23
timeStep,numberOfRobotsOnBlackSite,numberOfRobotsOnWhiteSite
5570,13,23
timeStep,numberOfRobotsOnBlackSite,numberOfRobotsOnWhiteSite
5571,13,23
timeStep,numberOfRobotsOnBlackSite,numberOfRobotsOnWhiteSite
5572,13,23
timeStep,numberOfRobotsOnBlackSite,numberOfRobotsOnWhiteSite
5573,13,23
timeStep,numberOfRobotsOnBlackSite,numberOfRobotsOnWhiteSite
5574,13,23
timeStep,numberOfRobotsOnBlackSite,numberOfRobotsOnWhiteSite
5575,13,23
timeStep,numberOfRobotsOnBlackSite,numberOfRobotsOnWhiteSite
5576,13,23
timeStep,numberOfRobotsOnBlackSite,numberOfRobotsOnWhiteSite
5577,13,23
timeStep,numberOfRobotsOnBlackSite,numberOfRobotsOnWhiteSite
5578,13,23
timeStep,numberOfRobotsOnBlackSite,numberOfRobotsOnWhiteSite
5579,13,23
timeStep,numberOfRobotsOnBlackSite,numberOfRobotsOnWhiteSite
5580,13,23
timeStep,numberOfRobotsOnBlackSite,numberOfRobotsOnWhiteSite
5581,13,23
timeStep,numberOfRobotsOnBlackSite,numberOfRobotsOnWhiteSite
5582,13,23
timeStep,numberOfRobotsOnBlackSite,numberOfRobotsOnWhiteSite
5583,13,23
timeStep,numberOfRobotsOnBlackSite,numberOfRobotsOnWhiteSite
5584,13,23
timeStep,numberOfRobotsOnBlackSite,numberOfRobotsOnWhiteSite
5585,13,23
timeStep,numberOfRobotsOnBlackSite,numberOfRobotsOnWhiteSite
5586,13,23
timeStep,numberOfRobotsOnBlackSite,numberOfRobotsOnWhiteSite
5587,13,23
timeStep,numberOfRobotsOnBlackSite,numberOfRobotsOnWhiteSite
5588,13,23
timeStep,numberOfRobotsOnBlackSite,numberOfRobotsOnWhiteSite
5589,13,23
timeStep,numberOfRobotsOnBlackSite,numberOfRobotsOnWhiteSite
5590,13,23
timeStep,numberOfRobotsOnBlackSite,numberOfRobotsOnWhiteSite
5591,13,23
timeStep,numberOfRobotsOnBlackSite,numberOfRobotsOnWhiteSite
5592,13,23
timeStep,numberOfRobotsOnBlackSite,numberOfRobotsOnWhiteSite
5593,13,23
timeStep,numberOfRobotsOnBlackSite,numberOfRobotsOnWhiteSite
5594,13,23
timeStep,numberOfRobotsOnBlackSite,numberOfRobotsOnWhiteSite
5595,13,23
timeStep,numberOfRobotsOnBlackSite,numberOfRobotsOnWhiteSite
5596,13,23
timeStep,numberOfRobotsOnBlackSite,numberOfRobotsOnWhiteSite
5597,13,23
timeStep,numberOfRobotsOnBlackSite,numberOfRobotsOnWhiteSite
5598,13,23
timeStep,numberOfRobotsOnBlackSite,numberOfRobotsOnWhiteSite
5599,13,23
timeStep,numberOfRobotsOnBlackSite,numberOfRobotsOnWhiteSite
5600,13,23
timeStep,numberOfRobotsOnBlackSite,numberOfRobotsOnWhiteSite
5601,13,23
timeStep,numberOfRobotsOnBlackSite,numberOfRobotsOnWhiteSite
5602,13,23
timeStep,numberOfRobotsOnBlackSite,numberOfRobotsOnWhiteSite
5603,13,23
timeStep,numberOfRobotsOnBlackSite,numberOfRobotsOnWhiteSite
5604,13,23
timeStep,numberOfRobotsOnBlackSite,numberOfRobotsOnWhiteSite
5605,13,23
timeStep,numberOfRobotsOnBlackSite,numberOfRobotsOnWhiteSite
5606,13,23
timeStep,numberOfRobotsOnBlackSite,numberOfRobotsOnWhiteSite
5607,13,23
timeStep,numberOfRobotsOnBlackSite,numberOfRobotsOnWhiteSite
5608,13,23
timeStep,numberOfRobotsOnBlackSite,numberOfRobotsOnWhiteSite
5609,13,23
timeStep,numberOfRobotsOnBlackSite,numberOfRobotsOnWhiteSite
5610,13,23
timeStep,numberOfRobotsOnBlackSite,numberOfRobotsOnWhiteSite
5611,13,23
timeStep,numberOfRobotsOnBlackSite,numberOfRobotsOnWhiteSite
5612,13,23
timeStep,numberOfRobotsOnBlackSite,numberOfRobotsOnWhiteSite
5613,13,23
timeStep,numberOfRobotsOnBlackSite,numberOfRobotsOnWhiteSite
5614,13,23
timeStep,numberOfRobotsOnBlackSite,numberOfRobotsOnWhiteSite
5615,13,23
timeStep,numberOfRobotsOnBlackSite,numberOfRobotsOnWhiteSite
5616,13,23
timeStep,numberOfRobotsOnBlackSite,numberOfRobotsOnWhiteSite
5617,13,23
timeStep,numberOfRobotsOnBlackSite,numberOfRobotsOnWhiteSite
5618,13,23
timeStep,numberOfRobotsOnBlackSite,numberOfRobotsOnWhiteSite
5619,13,23
timeStep,numberOfRobotsOnBlackSite,numberOfRobotsOnWhiteSite
5620,13,23
timeStep,numberOfRobotsOnBlackSite,numberOfRobotsOnWhiteSite
5621,13,23
timeStep,numberOfRobotsOnBlackSite,numberOfRobotsOnWhiteSite
5622,13,23
timeStep,numberOfRobotsOnBlackSite,numberOfRobotsOnWhiteSite
5623,13,23
timeStep,numberOfRobotsOnBlackSite,numberOfRobotsOnWhiteSite
5624,13,23
timeStep,numberOfRobotsOnBlackSite,numberOfRobotsOnWhiteSite
5625,13,23
timeStep,numberOfRobotsOnBlackSite,numberOfRobotsOnWhiteSite
5626,13,23
timeStep,numberOfRobotsOnBlackSite,numberOfRobotsOnWhiteSite
5627,13,23
timeStep,numberOfRobotsOnBlackSite,numberOfRobotsOnWhiteSite
5628,13,23
timeStep,numberOfRobotsOnBlackSite,numberOfRobotsOnWhiteSite
5629,13,23
timeStep,numberOfRobotsOnBlackSite,numberOfRobotsOnWhiteSite
5630,13,23
timeStep,numberOfRobotsOnBlackSite,numberOfRobotsOnWhiteSite
5631,13,23
timeStep,numberOfRobotsOnBlackSite,numberOfRobotsOnWhiteSite
5632,13,23
timeStep,numberOfRobotsOnBlackSite,numberOfRobotsOnWhiteSite
5633,13,23
timeStep,numberOfRobotsOnBlackSite,numberOfRobotsOnWhiteSite
5634,13,23
timeStep,numberOfRobotsOnBlackSite,numberOfRobotsOnWhiteSite
5635,13,22
timeStep,numberOfRobotsOnBlackSite,numberOfRobotsOnWhiteSite
5636,13,22
timeStep,numberOfRobotsOnBlackSite,numberOfRobotsOnWhiteSite
5637,13,22
timeStep,numberOfRobotsOnBlackSite,numberOfRobotsOnWhiteSite
5638,13,22
timeStep,numberOfRobotsOnBlackSite,numberOfRobotsOnWhiteSite
5639,13,22
timeStep,numberOfRobotsOnBlackSite,numberOfRobotsOnWhiteSite
5640,13,22
timeStep,numberOfRobotsOnBlackSite,numberOfRobotsOnWhiteSite
5641,13,22
timeStep,numberOfRobotsOnBlackSite,numberOfRobotsOnWhiteSite
5642,13,22
timeStep,numberOfRobotsOnBlackSite,numberOfRobotsOnWhiteSite
5643,13,22
timeStep,numberOfRobotsOnBlackSite,numberOfRobotsOnWhiteSite
5644,13,22
timeStep,numberOfRobotsOnBlackSite,numberOfRobotsOnWhiteSite
5645,13,22
timeStep,numberOfRobotsOnBlackSite,numberOfRobotsOnWhiteSite
5646,13,22
timeStep,numberOfRobotsOnBlackSite,numberOfRobotsOnWhiteSite
5647,13,22
timeStep,numberOfRobotsOnBlackSite,numberOfRobotsOnWhiteSite
5648,13,22
timeStep,numberOfRobotsOnBlackSite,numberOfRobotsOnWhiteSite
5649,13,22
timeStep,numberOfRobotsOnBlackSite,numberOfRobotsOnWhiteSite
5650,13,22
timeStep,numberOfRobotsOnBlackSite,numberOfRobotsOnWhiteSite
5651,13,22
timeStep,numberOfRobotsOnBlackSite,numberOfRobotsOnWhiteSite
5652,13,22
timeStep,numberOfRobotsOnBlackSite,numberOfRobotsOnWhiteSite
5653,13,22
timeStep,numberOfRobotsOnBlackSite,numberOfRobotsOnWhiteSite
5654,13,22
timeStep,numberOfRobotsOnBlackSite,numberOfRobotsOnWhiteSite
5655,13,22
timeStep,numberOfRobotsOnBlackSite,numberOfRobotsOnWhiteSite
5656,13,22
timeStep,numberOfRobotsOnBlackSite,numberOfRobotsOnWhiteSite
5657,13,22
timeStep,numberOfRobotsOnBlackSite,numberOfRobotsOnWhiteSite
5658,13,22
timeStep,numberOfRobotsOnBlackSite,numberOfRobotsOnWhiteSite
5659,13,22
timeStep,numberOfRobotsOnBlackSite,numberOfRobotsOnWhiteSite
5660,13,23
timeStep,numberOfRobotsOnBlackSite,numberOfRobotsOnWhiteSite
5661,13,23
timeStep,numberOfRobotsOnBlackSite,numberOfRobotsOnWhiteSite
5662,13,23
timeStep,numberOfRobotsOnBlackSite,numberOfRobotsOnWhiteSite
5663,13,23
timeStep,numberOfRobotsOnBlackSite,numberOfRobotsOnWhiteSite
5664,13,23
timeStep,numberOfRobotsOnBlackSite,numberOfRobotsOnWhiteSite
5665,13,23
timeStep,numberOfRobotsOnBlackSite,numberOfRobotsOnWhiteSite
5666,13,23
timeStep,numberOfRobotsOnBlackSite,numberOfRobotsOnWhiteSite
5667,13,23
timeStep,numberOfRobotsOnBlackSite,numberOfRobotsOnWhiteSite
5668,13,23
timeStep,numberOfRobotsOnBlackSite,numberOfRobotsOnWhiteSite
5669,13,23
timeStep,numberOfRobotsOnBlackSite,numberOfRobotsOnWhiteSite
5670,13,22
timeStep,numberOfRobotsOnBlackSite,numberOfRobotsOnWhiteSite
5671,13,22
timeStep,numberOfRobotsOnBlackSite,numberOfRobotsOnWhiteSite
5672,13,22
timeStep,numberOfRobotsOnBlackSite,numberOfRobotsOnWhiteSite
5673,13,22
timeStep,numberOfRobotsOnBlackSite,numberOfRobotsOnWhiteSite
5674,13,22
timeStep,numberOfRobotsOnBlackSite,numberOfRobotsOnWhiteSite
5675,13,23
timeStep,numberOfRobotsOnBlackSite,numberOfRobotsOnWhiteSite
5676,13,23
timeStep,numberOfRobotsOnBlackSite,numberOfRobotsOnWhiteSite
5677,13,23
timeStep,numberOfRobotsOnBlackSite,numberOfRobotsOnWhiteSite
5678,13,23
timeStep,numberOfRobotsOnBlackSite,numberOfRobotsOnWhiteSite
5679,13,23
timeStep,numberOfRobotsOnBlackSite,numberOfRobotsOnWhiteSite
5680,13,23
timeStep,numberOfRobotsOnBlackSite,numberOfRobotsOnWhiteSite
5681,13,23
timeStep,numberOfRobotsOnBlackSite,numberOfRobotsOnWhiteSite
5682,13,23
timeStep,numberOfRobotsOnBlackSite,numberOfRobotsOnWhiteSite
5683,13,23
timeStep,numberOfRobotsOnBlackSite,numberOfRobotsOnWhiteSite
5684,13,23
timeStep,numberOfRobotsOnBlackSite,numberOfRobotsOnWhiteSite
5685,13,23
timeStep,numberOfRobotsOnBlackSite,numberOfRobotsOnWhiteSite
5686,13,23
timeStep,numberOfRobotsOnBlackSite,numberOfRobotsOnWhiteSite
5687,13,23
timeStep,numberOfRobotsOnBlackSite,numberOfRobotsOnWhiteSite
5688,13,23
timeStep,numberOfRobotsOnBlackSite,numberOfRobotsOnWhiteSite
5689,13,23
timeStep,numberOfRobotsOnBlackSite,numberOfRobotsOnWhiteSite
5690,13,23
timeStep,numberOfRobotsOnBlackSite,numberOfRobotsOnWhiteSite
5691,13,23
timeStep,numberOfRobotsOnBlackSite,numberOfRobotsOnWhiteSite
5692,13,23
timeStep,numberOfRobotsOnBlackSite,numberOfRobotsOnWhiteSite
5693,13,23
timeStep,numberOfRobotsOnBlackSite,numberOfRobotsOnWhiteSite
5694,13,23
timeStep,numberOfRobotsOnBlackSite,numberOfRobotsOnWhiteSite
5695,13,23
timeStep,numberOfRobotsOnBlackSite,numberOfRobotsOnWhiteSite
5696,13,23
timeStep,numberOfRobotsOnBlackSite,numberOfRobotsOnWhiteSite
5697,13,23
timeStep,numberOfRobotsOnBlackSite,numberOfRobotsOnWhiteSite
5698,13,23
timeStep,numberOfRobotsOnBlackSite,numberOfRobotsOnWhiteSite
5699,13,23
timeStep,numberOfRobotsOnBlackSite,numberOfRobotsOnWhiteSite
5700,13,24
timeStep,numberOfRobotsOnBlackSite,numberOfRobotsOnWhiteSite
5701,13,24
timeStep,numberOfRobotsOnBlackSite,numberOfRobotsOnWhiteSite
5702,13,24
timeStep,numberOfRobotsOnBlackSite,numberOfRobotsOnWhiteSite
5703,13,24
timeStep,numberOfRobotsOnBlackSite,numberOfRobotsOnWhiteSite
5704,13,24
timeStep,numberOfRobotsOnBlackSite,numberOfRobotsOnWhiteSite
5705,13,24
timeStep,numberOfRobotsOnBlackSite,numberOfRobotsOnWhiteSite
5706,13,24
timeStep,numberOfRobotsOnBlackSite,numberOfRobotsOnWhiteSite
5707,13,24
timeStep,numberOfRobotsOnBlackSite,numberOfRobotsOnWhiteSite
5708,13,24
timeStep,numberOfRobotsOnBlackSite,numberOfRobotsOnWhiteSite
5709,13,24
timeStep,numberOfRobotsOnBlackSite,numberOfRobotsOnWhiteSite
5710,13,24
timeStep,numberOfRobotsOnBlackSite,numberOfRobotsOnWhiteSite
5711,13,24
timeStep,numberOfRobotsOnBlackSite,numberOfRobotsOnWhiteSite
5712,13,24
timeStep,numberOfRobotsOnBlackSite,numberOfRobotsOnWhiteSite
5713,13,24
timeStep,numberOfRobotsOnBlackSite,numberOfRobotsOnWhiteSite
5714,13,24
timeStep,numberOfRobotsOnBlackSite,numberOfRobotsOnWhiteSite
5715,14,24
timeStep,numberOfRobotsOnBlackSite,numberOfRobotsOnWhiteSite
5716,14,24
timeStep,numberOfRobotsOnBlackSite,numberOfRobotsOnWhiteSite
5717,14,24
timeStep,numberOfRobotsOnBlackSite,numberOfRobotsOnWhiteSite
5718,14,24
timeStep,numberOfRobotsOnBlackSite,numberOfRobotsOnWhiteSite
5719,14,24
timeStep,numberOfRobotsOnBlackSite,numberOfRobotsOnWhiteSite
5720,14,24
timeStep,numberOfRobotsOnBlackSite,numberOfRobotsOnWhiteSite
5721,14,24
timeStep,numberOfRobotsOnBlackSite,numberOfRobotsOnWhiteSite
5722,14,24
timeStep,numberOfRobotsOnBlackSite,numberOfRobotsOnWhiteSite
5723,14,24
timeStep,numberOfRobotsOnBlackSite,numberOfRobotsOnWhiteSite
5724,14,24
timeStep,numberOfRobotsOnBlackSite,numberOfRobotsOnWhiteSite
5725,15,24
timeStep,numberOfRobotsOnBlackSite,numberOfRobotsOnWhiteSite
5726,15,24
timeStep,numberOfRobotsOnBlackSite,numberOfRobotsOnWhiteSite
5727,15,24
timeStep,numberOfRobotsOnBlackSite,numberOfRobotsOnWhiteSite
5728,15,24
timeStep,numberOfRobotsOnBlackSite,numberOfRobotsOnWhiteSite
5729,15,24
timeStep,numberOfRobotsOnBlackSite,numberOfRobotsOnWhiteSite
5730,14,24
timeStep,numberOfRobotsOnBlackSite,numberOfRobotsOnWhiteSite
5731,14,24
timeStep,numberOfRobotsOnBlackSite,numberOfRobotsOnWhiteSite
5732,14,24
timeStep,numberOfRobotsOnBlackSite,numberOfRobotsOnWhiteSite
5733,14,24
timeStep,numberOfRobotsOnBlackSite,numberOfRobotsOnWhiteSite
5734,14,24
timeStep,numberOfRobotsOnBlackSite,numberOfRobotsOnWhiteSite
5735,14,24
timeStep,numberOfRobotsOnBlackSite,numberOfRobotsOnWhiteSite
5736,14,24
timeStep,numberOfRobotsOnBlackSite,numberOfRobotsOnWhiteSite
5737,14,24
timeStep,numberOfRobotsOnBlackSite,numberOfRobotsOnWhiteSite
5738,14,24
timeStep,numberOfRobotsOnBlackSite,numberOfRobotsOnWhiteSite
5739,14,24
timeStep,numberOfRobotsOnBlackSite,numberOfRobotsOnWhiteSite
5740,14,24
timeStep,numberOfRobotsOnBlackSite,numberOfRobotsOnWhiteSite
5741,14,24
timeStep,numberOfRobotsOnBlackSite,numberOfRobotsOnWhiteSite
5742,14,24
timeStep,numberOfRobotsOnBlackSite,numberOfRobotsOnWhiteSite
5743,14,24
timeStep,numberOfRobotsOnBlackSite,numberOfRobotsOnWhiteSite
5744,14,24
timeStep,numberOfRobotsOnBlackSite,numberOfRobotsOnWhiteSite
5745,14,23
timeStep,numberOfRobotsOnBlackSite,numberOfRobotsOnWhiteSite
5746,14,23
timeStep,numberOfRobotsOnBlackSite,numberOfRobotsOnWhiteSite
5747,14,23
timeStep,numberOfRobotsOnBlackSite,numberOfRobotsOnWhiteSite
5748,14,23
timeStep,numberOfRobotsOnBlackSite,numberOfRobotsOnWhiteSite
5749,14,23
timeStep,numberOfRobotsOnBlackSite,numberOfRobotsOnWhiteSite
5750,14,23
timeStep,numberOfRobotsOnBlackSite,numberOfRobotsOnWhiteSite
5751,14,23
timeStep,numberOfRobotsOnBlackSite,numberOfRobotsOnWhiteSite
5752,14,23
timeStep,numberOfRobotsOnBlackSite,numberOfRobotsOnWhiteSite
5753,14,23
timeStep,numberOfRobotsOnBlackSite,numberOfRobotsOnWhiteSite
5754,14,23
timeStep,numberOfRobotsOnBlackSite,numberOfRobotsOnWhiteSite
5755,15,23
timeStep,numberOfRobotsOnBlackSite,numberOfRobotsOnWhiteSite
5756,15,23
timeStep,numberOfRobotsOnBlackSite,numberOfRobotsOnWhiteSite
5757,15,23
timeStep,numberOfRobotsOnBlackSite,numberOfRobotsOnWhiteSite
5758,15,23
timeStep,numberOfRobotsOnBlackSite,numberOfRobotsOnWhiteSite
5759,15,23
timeStep,numberOfRobotsOnBlackSite,numberOfRobotsOnWhiteSite
5760,15,23
timeStep,numberOfRobotsOnBlackSite,numberOfRobotsOnWhiteSite
5761,15,23
timeStep,numberOfRobotsOnBlackSite,numberOfRobotsOnWhiteSite
5762,15,23
timeStep,numberOfRobotsOnBlackSite,numberOfRobotsOnWhiteSite
5763,15,23
timeStep,numberOfRobotsOnBlackSite,numberOfRobotsOnWhiteSite
5764,15,23
timeStep,numberOfRobotsOnBlackSite,numberOfRobotsOnWhiteSite
5765,15,23
timeStep,numberOfRobotsOnBlackSite,numberOfRobotsOnWhiteSite
5766,15,23
timeStep,numberOfRobotsOnBlackSite,numberOfRobotsOnWhiteSite
5767,15,23
timeStep,numberOfRobotsOnBlackSite,numberOfRobotsOnWhiteSite
5768,15,23
timeStep,numberOfRobotsOnBlackSite,numberOfRobotsOnWhiteSite
5769,15,23
timeStep,numberOfRobotsOnBlackSite,numberOfRobotsOnWhiteSite
5770,15,23
timeStep,numberOfRobotsOnBlackSite,numberOfRobotsOnWhiteSite
5771,15,23
timeStep,numberOfRobotsOnBlackSite,numberOfRobotsOnWhiteSite
5772,15,23
timeStep,numberOfRobotsOnBlackSite,numberOfRobotsOnWhiteSite
5773,15,23
timeStep,numberOfRobotsOnBlackSite,numberOfRobotsOnWhiteSite
5774,15,23
timeStep,numberOfRobotsOnBlackSite,numberOfRobotsOnWhiteSite
5775,15,23
timeStep,numberOfRobotsOnBlackSite,numberOfRobotsOnWhiteSite
5776,15,23
timeStep,numberOfRobotsOnBlackSite,numberOfRobotsOnWhiteSite
5777,15,23
timeStep,numberOfRobotsOnBlackSite,numberOfRobotsOnWhiteSite
5778,15,23
timeStep,numberOfRobotsOnBlackSite,numberOfRobotsOnWhiteSite
5779,15,23
timeStep,numberOfRobotsOnBlackSite,numberOfRobotsOnWhiteSite
5780,15,23
timeStep,numberOfRobotsOnBlackSite,numberOfRobotsOnWhiteSite
5781,15,23
timeStep,numberOfRobotsOnBlackSite,numberOfRobotsOnWhiteSite
5782,15,23
timeStep,numberOfRobotsOnBlackSite,numberOfRobotsOnWhiteSite
5783,15,23
timeStep,numberOfRobotsOnBlackSite,numberOfRobotsOnWhiteSite
5784,15,23
timeStep,numberOfRobotsOnBlackSite,numberOfRobotsOnWhiteSite
5785,15,22
timeStep,numberOfRobotsOnBlackSite,numberOfRobotsOnWhiteSite
5786,15,22
timeStep,numberOfRobotsOnBlackSite,numberOfRobotsOnWhiteSite
5787,15,22
timeStep,numberOfRobotsOnBlackSite,numberOfRobotsOnWhiteSite
5788,15,22
timeStep,numberOfRobotsOnBlackSite,numberOfRobotsOnWhiteSite
5789,15,22
timeStep,numberOfRobotsOnBlackSite,numberOfRobotsOnWhiteSite
5790,15,22
timeStep,numberOfRobotsOnBlackSite,numberOfRobotsOnWhiteSite
5791,15,22
timeStep,numberOfRobotsOnBlackSite,numberOfRobotsOnWhiteSite
5792,15,22
timeStep,numberOfRobotsOnBlackSite,numberOfRobotsOnWhiteSite
5793,15,22
timeStep,numberOfRobotsOnBlackSite,numberOfRobotsOnWhiteSite
5794,15,22
timeStep,numberOfRobotsOnBlackSite,numberOfRobotsOnWhiteSite
5795,15,22
timeStep,numberOfRobotsOnBlackSite,numberOfRobotsOnWhiteSite
5796,15,22
timeStep,numberOfRobotsOnBlackSite,numberOfRobotsOnWhiteSite
5797,15,22
timeStep,numberOfRobotsOnBlackSite,numberOfRobotsOnWhiteSite
5798,15,22
timeStep,numberOfRobotsOnBlackSite,numberOfRobotsOnWhiteSite
5799,15,22
timeStep,numberOfRobotsOnBlackSite,numberOfRobotsOnWhiteSite
5800,15,22
timeStep,numberOfRobotsOnBlackSite,numberOfRobotsOnWhiteSite
5801,15,22
timeStep,numberOfRobotsOnBlackSite,numberOfRobotsOnWhiteSite
5802,15,22
timeStep,numberOfRobotsOnBlackSite,numberOfRobotsOnWhiteSite
5803,15,22
timeStep,numberOfRobotsOnBlackSite,numberOfRobotsOnWhiteSite
5804,15,22
timeStep,numberOfRobotsOnBlackSite,numberOfRobotsOnWhiteSite
5805,14,22
timeStep,numberOfRobotsOnBlackSite,numberOfRobotsOnWhiteSite
5806,14,22
timeStep,numberOfRobotsOnBlackSite,numberOfRobotsOnWhiteSite
5807,14,22
timeStep,numberOfRobotsOnBlackSite,numberOfRobotsOnWhiteSite
5808,14,22
timeStep,numberOfRobotsOnBlackSite,numberOfRobotsOnWhiteSite
5809,14,22
timeStep,numberOfRobotsOnBlackSite,numberOfRobotsOnWhiteSite
5810,14,22
timeStep,numberOfRobotsOnBlackSite,numberOfRobotsOnWhiteSite
5811,14,22
timeStep,numberOfRobotsOnBlackSite,numberOfRobotsOnWhiteSite
5812,14,22
timeStep,numberOfRobotsOnBlackSite,numberOfRobotsOnWhiteSite
5813,14,22
timeStep,numberOfRobotsOnBlackSite,numberOfRobotsOnWhiteSite
5814,14,22
timeStep,numberOfRobotsOnBlackSite,numberOfRobotsOnWhiteSite
5815,14,22
timeStep,numberOfRobotsOnBlackSite,numberOfRobotsOnWhiteSite
5816,14,22
timeStep,numberOfRobotsOnBlackSite,numberOfRobotsOnWhiteSite
5817,14,22
timeStep,numberOfRobotsOnBlackSite,numberOfRobotsOnWhiteSite
5818,14,22
timeStep,numberOfRobotsOnBlackSite,numberOfRobotsOnWhiteSite
5819,14,22
timeStep,numberOfRobotsOnBlackSite,numberOfRobotsOnWhiteSite
5820,14,22
timeStep,numberOfRobotsOnBlackSite,numberOfRobotsOnWhiteSite
5821,14,22
timeStep,numberOfRobotsOnBlackSite,numberOfRobotsOnWhiteSite
5822,14,22
timeStep,numberOfRobotsOnBlackSite,numberOfRobotsOnWhiteSite
5823,14,22
timeStep,numberOfRobotsOnBlackSite,numberOfRobotsOnWhiteSite
5824,14,22
timeStep,numberOfRobotsOnBlackSite,numberOfRobotsOnWhiteSite
5825,14,21
timeStep,numberOfRobotsOnBlackSite,numberOfRobotsOnWhiteSite
5826,14,21
timeStep,numberOfRobotsOnBlackSite,numberOfRobotsOnWhiteSite
5827,14,21
timeStep,numberOfRobotsOnBlackSite,numberOfRobotsOnWhiteSite
5828,14,21
timeStep,numberOfRobotsOnBlackSite,numberOfRobotsOnWhiteSite
5829,14,21
timeStep,numberOfRobotsOnBlackSite,numberOfRobotsOnWhiteSite
5830,14,21
timeStep,numberOfRobotsOnBlackSite,numberOfRobotsOnWhiteSite
5831,14,21
timeStep,numberOfRobotsOnBlackSite,numberOfRobotsOnWhiteSite
5832,14,21
timeStep,numberOfRobotsOnBlackSite,numberOfRobotsOnWhiteSite
5833,14,21
timeStep,numberOfRobotsOnBlackSite,numberOfRobotsOnWhiteSite
5834,14,21
timeStep,numberOfRobotsOnBlackSite,numberOfRobotsOnWhiteSite
5835,13,21
timeStep,numberOfRobotsOnBlackSite,numberOfRobotsOnWhiteSite
5836,13,21
timeStep,numberOfRobotsOnBlackSite,numberOfRobotsOnWhiteSite
5837,13,21
timeStep,numberOfRobotsOnBlackSite,numberOfRobotsOnWhiteSite
5838,13,21
timeStep,numberOfRobotsOnBlackSite,numberOfRobotsOnWhiteSite
5839,13,21
timeStep,numberOfRobotsOnBlackSite,numberOfRobotsOnWhiteSite
5840,13,21
timeStep,numberOfRobotsOnBlackSite,numberOfRobotsOnWhiteSite
5841,13,21
timeStep,numberOfRobotsOnBlackSite,numberOfRobotsOnWhiteSite
5842,13,21
timeStep,numberOfRobotsOnBlackSite,numberOfRobotsOnWhiteSite
5843,13,21
timeStep,numberOfRobotsOnBlackSite,numberOfRobotsOnWhiteSite
5844,13,21
timeStep,numberOfRobotsOnBlackSite,numberOfRobotsOnWhiteSite
5845,13,21
timeStep,numberOfRobotsOnBlackSite,numberOfRobotsOnWhiteSite
5846,13,21
timeStep,numberOfRobotsOnBlackSite,numberOfRobotsOnWhiteSite
5847,13,21
timeStep,numberOfRobotsOnBlackSite,numberOfRobotsOnWhiteSite
5848,13,21
timeStep,numberOfRobotsOnBlackSite,numberOfRobotsOnWhiteSite
5849,13,21
timeStep,numberOfRobotsOnBlackSite,numberOfRobotsOnWhiteSite
5850,13,21
timeStep,numberOfRobotsOnBlackSite,numberOfRobotsOnWhiteSite
5851,13,21
timeStep,numberOfRobotsOnBlackSite,numberOfRobotsOnWhiteSite
5852,13,21
timeStep,numberOfRobotsOnBlackSite,numberOfRobotsOnWhiteSite
5853,13,21
timeStep,numberOfRobotsOnBlackSite,numberOfRobotsOnWhiteSite
5854,13,21
timeStep,numberOfRobotsOnBlackSite,numberOfRobotsOnWhiteSite
5855,13,21
timeStep,numberOfRobotsOnBlackSite,numberOfRobotsOnWhiteSite
5856,13,21
timeStep,numberOfRobotsOnBlackSite,numberOfRobotsOnWhiteSite
5857,13,21
timeStep,numberOfRobotsOnBlackSite,numberOfRobotsOnWhiteSite
5858,13,21
timeStep,numberOfRobotsOnBlackSite,numberOfRobotsOnWhiteSite
5859,13,21
timeStep,numberOfRobotsOnBlackSite,numberOfRobotsOnWhiteSite
5860,13,21
timeStep,numberOfRobotsOnBlackSite,numberOfRobotsOnWhiteSite
5861,13,21
timeStep,numberOfRobotsOnBlackSite,numberOfRobotsOnWhiteSite
5862,13,21
timeStep,numberOfRobotsOnBlackSite,numberOfRobotsOnWhiteSite
5863,13,21
timeStep,numberOfRobotsOnBlackSite,numberOfRobotsOnWhiteSite
5864,13,21
timeStep,numberOfRobotsOnBlackSite,numberOfRobotsOnWhiteSite
5865,13,21
timeStep,numberOfRobotsOnBlackSite,numberOfRobotsOnWhiteSite
5866,13,21
timeStep,numberOfRobotsOnBlackSite,numberOfRobotsOnWhiteSite
5867,13,21
timeStep,numberOfRobotsOnBlackSite,numberOfRobotsOnWhiteSite
5868,13,21
timeStep,numberOfRobotsOnBlackSite,numberOfRobotsOnWhiteSite
5869,13,21
timeStep,numberOfRobotsOnBlackSite,numberOfRobotsOnWhiteSite
5870,13,23
timeStep,numberOfRobotsOnBlackSite,numberOfRobotsOnWhiteSite
5871,13,23
timeStep,numberOfRobotsOnBlackSite,numberOfRobotsOnWhiteSite
5872,13,23
timeStep,numberOfRobotsOnBlackSite,numberOfRobotsOnWhiteSite
5873,13,23
timeStep,numberOfRobotsOnBlackSite,numberOfRobotsOnWhiteSite
5874,13,23
timeStep,numberOfRobotsOnBlackSite,numberOfRobotsOnWhiteSite
5875,13,22
timeStep,numberOfRobotsOnBlackSite,numberOfRobotsOnWhiteSite
5876,13,22
timeStep,numberOfRobotsOnBlackSite,numberOfRobotsOnWhiteSite
5877,13,22
timeStep,numberOfRobotsOnBlackSite,numberOfRobotsOnWhiteSite
5878,13,22
timeStep,numberOfRobotsOnBlackSite,numberOfRobotsOnWhiteSite
5879,13,22
timeStep,numberOfRobotsOnBlackSite,numberOfRobotsOnWhiteSite
5880,13,22
timeStep,numberOfRobotsOnBlackSite,numberOfRobotsOnWhiteSite
5881,13,22
timeStep,numberOfRobotsOnBlackSite,numberOfRobotsOnWhiteSite
5882,13,22
timeStep,numberOfRobotsOnBlackSite,numberOfRobotsOnWhiteSite
5883,13,22
timeStep,numberOfRobotsOnBlackSite,numberOfRobotsOnWhiteSite
5884,13,22
timeStep,numberOfRobotsOnBlackSite,numberOfRobotsOnWhiteSite
5885,13,22
timeStep,numberOfRobotsOnBlackSite,numberOfRobotsOnWhiteSite
5886,13,22
timeStep,numberOfRobotsOnBlackSite,numberOfRobotsOnWhiteSite
5887,13,22
timeStep,numberOfRobotsOnBlackSite,numberOfRobotsOnWhiteSite
5888,13,22
timeStep,numberOfRobotsOnBlackSite,numberOfRobotsOnWhiteSite
5889,13,22
timeStep,numberOfRobotsOnBlackSite,numberOfRobotsOnWhiteSite
5890,12,22
timeStep,numberOfRobotsOnBlackSite,numberOfRobotsOnWhiteSite
5891,12,22
timeStep,numberOfRobotsOnBlackSite,numberOfRobotsOnWhiteSite
5892,12,22
timeStep,numberOfRobotsOnBlackSite,numberOfRobotsOnWhiteSite
5893,12,22
timeStep,numberOfRobotsOnBlackSite,numberOfRobotsOnWhiteSite
5894,12,22
timeStep,numberOfRobotsOnBlackSite,numberOfRobotsOnWhiteSite
5895,12,22
timeStep,numberOfRobotsOnBlackSite,numberOfRobotsOnWhiteSite
5896,12,22
timeStep,numberOfRobotsOnBlackSite,numberOfRobotsOnWhiteSite
5897,12,22
timeStep,numberOfRobotsOnBlackSite,numberOfRobotsOnWhiteSite
5898,12,22
timeStep,numberOfRobotsOnBlackSite,numberOfRobotsOnWhiteSite
5899,12,22
timeStep,numberOfRobotsOnBlackSite,numberOfRobotsOnWhiteSite
5900,12,21
timeStep,numberOfRobotsOnBlackSite,numberOfRobotsOnWhiteSite
5901,12,21
timeStep,numberOfRobotsOnBlackSite,numberOfRobotsOnWhiteSite
5902,12,21
timeStep,numberOfRobotsOnBlackSite,numberOfRobotsOnWhiteSite
5903,12,21
timeStep,numberOfRobotsOnBlackSite,numberOfRobotsOnWhiteSite
5904,12,21
timeStep,numberOfRobotsOnBlackSite,numberOfRobotsOnWhiteSite
5905,12,21
timeStep,numberOfRobotsOnBlackSite,numberOfRobotsOnWhiteSite
5906,12,21
timeStep,numberOfRobotsOnBlackSite,numberOfRobotsOnWhiteSite
5907,12,21
timeStep,numberOfRobotsOnBlackSite,numberOfRobotsOnWhiteSite
5908,12,21
timeStep,numberOfRobotsOnBlackSite,numberOfRobotsOnWhiteSite
5909,12,21
timeStep,numberOfRobotsOnBlackSite,numberOfRobotsOnWhiteSite
5910,12,21
timeStep,numberOfRobotsOnBlackSite,numberOfRobotsOnWhiteSite
5911,12,21
timeStep,numberOfRobotsOnBlackSite,numberOfRobotsOnWhiteSite
5912,12,21
timeStep,numberOfRobotsOnBlackSite,numberOfRobotsOnWhiteSite
5913,12,21
timeStep,numberOfRobotsOnBlackSite,numberOfRobotsOnWhiteSite
5914,12,21
timeStep,numberOfRobotsOnBlackSite,numberOfRobotsOnWhiteSite
5915,12,21
timeStep,numberOfRobotsOnBlackSite,numberOfRobotsOnWhiteSite
5916,12,21
timeStep,numberOfRobotsOnBlackSite,numberOfRobotsOnWhiteSite
5917,12,21
timeStep,numberOfRobotsOnBlackSite,numberOfRobotsOnWhiteSite
5918,12,21
timeStep,numberOfRobotsOnBlackSite,numberOfRobotsOnWhiteSite
5919,12,21
timeStep,numberOfRobotsOnBlackSite,numberOfRobotsOnWhiteSite
5920,12,21
timeStep,numberOfRobotsOnBlackSite,numberOfRobotsOnWhiteSite
5921,12,21
timeStep,numberOfRobotsOnBlackSite,numberOfRobotsOnWhiteSite
5922,12,21
timeStep,numberOfRobotsOnBlackSite,numberOfRobotsOnWhiteSite
5923,12,21
timeStep,numberOfRobotsOnBlackSite,numberOfRobotsOnWhiteSite
5924,12,21
timeStep,numberOfRobotsOnBlackSite,numberOfRobotsOnWhiteSite
5925,12,21
timeStep,numberOfRobotsOnBlackSite,numberOfRobotsOnWhiteSite
5926,12,21
timeStep,numberOfRobotsOnBlackSite,numberOfRobotsOnWhiteSite
5927,12,21
timeStep,numberOfRobotsOnBlackSite,numberOfRobotsOnWhiteSite
5928,12,21
timeStep,numberOfRobotsOnBlackSite,numberOfRobotsOnWhiteSite
5929,12,21
timeStep,numberOfRobotsOnBlackSite,numberOfRobotsOnWhiteSite
5930,12,21
timeStep,numberOfRobotsOnBlackSite,numberOfRobotsOnWhiteSite
5931,12,21
timeStep,numberOfRobotsOnBlackSite,numberOfRobotsOnWhiteSite
5932,12,21
timeStep,numberOfRobotsOnBlackSite,numberOfRobotsOnWhiteSite
5933,12,21
timeStep,numberOfRobotsOnBlackSite,numberOfRobotsOnWhiteSite
5934,12,21
timeStep,numberOfRobotsOnBlackSite,numberOfRobotsOnWhiteSite
5935,12,21
timeStep,numberOfRobotsOnBlackSite,numberOfRobotsOnWhiteSite
5936,12,21
timeStep,numberOfRobotsOnBlackSite,numberOfRobotsOnWhiteSite
5937,12,21
timeStep,numberOfRobotsOnBlackSite,numberOfRobotsOnWhiteSite
5938,12,21
timeStep,numberOfRobotsOnBlackSite,numberOfRobotsOnWhiteSite
5939,12,21
timeStep,numberOfRobotsOnBlackSite,numberOfRobotsOnWhiteSite
5940,12,20
timeStep,numberOfRobotsOnBlackSite,numberOfRobotsOnWhiteSite
5941,12,20
timeStep,numberOfRobotsOnBlackSite,numberOfRobotsOnWhiteSite
5942,12,20
timeStep,numberOfRobotsOnBlackSite,numberOfRobotsOnWhiteSite
5943,12,20
timeStep,numberOfRobotsOnBlackSite,numberOfRobotsOnWhiteSite
5944,12,20
timeStep,numberOfRobotsOnBlackSite,numberOfRobotsOnWhiteSite
5945,12,20
timeStep,numberOfRobotsOnBlackSite,numberOfRobotsOnWhiteSite
5946,12,20
timeStep,numberOfRobotsOnBlackSite,numberOfRobotsOnWhiteSite
5947,12,20
timeStep,numberOfRobotsOnBlackSite,numberOfRobotsOnWhiteSite
5948,12,20
timeStep,numberOfRobotsOnBlackSite,numberOfRobotsOnWhiteSite
5949,12,20
timeStep,numberOfRobotsOnBlackSite,numberOfRobotsOnWhiteSite
5950,12,19
timeStep,numberOfRobotsOnBlackSite,numberOfRobotsOnWhiteSite
5951,12,19
timeStep,numberOfRobotsOnBlackSite,numberOfRobotsOnWhiteSite
5952,12,19
timeStep,numberOfRobotsOnBlackSite,numberOfRobotsOnWhiteSite
5953,12,19
timeStep,numberOfRobotsOnBlackSite,numberOfRobotsOnWhiteSite
5954,12,19
timeStep,numberOfRobotsOnBlackSite,numberOfRobotsOnWhiteSite
5955,12,19
timeStep,numberOfRobotsOnBlackSite,numberOfRobotsOnWhiteSite
5956,12,19
timeStep,numberOfRobotsOnBlackSite,numberOfRobotsOnWhiteSite
5957,12,19
timeStep,numberOfRobotsOnBlackSite,numberOfRobotsOnWhiteSite
5958,12,19
timeStep,numberOfRobotsOnBlackSite,numberOfRobotsOnWhiteSite
5959,12,19
timeStep,numberOfRobotsOnBlackSite,numberOfRobotsOnWhiteSite
5960,12,19
timeStep,numberOfRobotsOnBlackSite,numberOfRobotsOnWhiteSite
5961,12,19
timeStep,numberOfRobotsOnBlackSite,numberOfRobotsOnWhiteSite
5962,12,19
timeStep,numberOfRobotsOnBlackSite,numberOfRobotsOnWhiteSite
5963,12,19
timeStep,numberOfRobotsOnBlackSite,numberOfRobotsOnWhiteSite
5964,12,19
timeStep,numberOfRobotsOnBlackSite,numberOfRobotsOnWhiteSite
5965,12,19
timeStep,numberOfRobotsOnBlackSite,numberOfRobotsOnWhiteSite
5966,12,19
timeStep,numberOfRobotsOnBlackSite,numberOfRobotsOnWhiteSite
5967,12,19
timeStep,numberOfRobotsOnBlackSite,numberOfRobotsOnWhiteSite
5968,12,19
timeStep,numberOfRobotsOnBlackSite,numberOfRobotsOnWhiteSite
5969,12,19
timeStep,numberOfRobotsOnBlackSite,numberOfRobotsOnWhiteSite
5970,12,19
timeStep,numberOfRobotsOnBlackSite,numberOfRobotsOnWhiteSite
5971,12,19
timeStep,numberOfRobotsOnBlackSite,numberOfRobotsOnWhiteSite
5972,12,19
timeStep,numberOfRobotsOnBlackSite,numberOfRobotsOnWhiteSite
5973,12,19
timeStep,numberOfRobotsOnBlackSite,numberOfRobotsOnWhiteSite
5974,12,19
timeStep,numberOfRobotsOnBlackSite,numberOfRobotsOnWhiteSite
5975,12,19
timeStep,numberOfRobotsOnBlackSite,numberOfRobotsOnWhiteSite
5976,12,19
timeStep,numberOfRobotsOnBlackSite,numberOfRobotsOnWhiteSite
5977,12,19
timeStep,numberOfRobotsOnBlackSite,numberOfRobotsOnWhiteSite
5978,12,19
timeStep,numberOfRobotsOnBlackSite,numberOfRobotsOnWhiteSite
5979,12,19
timeStep,numberOfRobotsOnBlackSite,numberOfRobotsOnWhiteSite
5980,12,19
timeStep,numberOfRobotsOnBlackSite,numberOfRobotsOnWhiteSite
5981,12,19
timeStep,numberOfRobotsOnBlackSite,numberOfRobotsOnWhiteSite
5982,12,19
timeStep,numberOfRobotsOnBlackSite,numberOfRobotsOnWhiteSite
5983,12,19
timeStep,numberOfRobotsOnBlackSite,numberOfRobotsOnWhiteSite
5984,12,19
timeStep,numberOfRobotsOnBlackSite,numberOfRobotsOnWhiteSite
5985,12,19
timeStep,numberOfRobotsOnBlackSite,numberOfRobotsOnWhiteSite
5986,12,19
timeStep,numberOfRobotsOnBlackSite,numberOfRobotsOnWhiteSite
5987,12,19
timeStep,numberOfRobotsOnBlackSite,numberOfRobotsOnWhiteSite
5988,12,19
timeStep,numberOfRobotsOnBlackSite,numberOfRobotsOnWhiteSite
5989,12,19
timeStep,numberOfRobotsOnBlackSite,numberOfRobotsOnWhiteSite
5990,12,19
timeStep,numberOfRobotsOnBlackSite,numberOfRobotsOnWhiteSite
5991,12,19
timeStep,numberOfRobotsOnBlackSite,numberOfRobotsOnWhiteSite
5992,12,19
timeStep,numberOfRobotsOnBlackSite,numberOfRobotsOnWhiteSite
5993,12,19
timeStep,numberOfRobotsOnBlackSite,numberOfRobotsOnWhiteSite
5994,12,19
timeStep,numberOfRobotsOnBlackSite,numberOfRobotsOnWhiteSite
5995,12,19
timeStep,numberOfRobotsOnBlackSite,numberOfRobotsOnWhiteSite
5996,12,19
timeStep,numberOfRobotsOnBlackSite,numberOfRobotsOnWhiteSite
5997,12,19
timeStep,numberOfRobotsOnBlackSite,numberOfRobotsOnWhiteSite
5998,12,19
timeStep,numberOfRobotsOnBlackSite,numberOfRobotsOnWhiteSite
5999,12,19
timeStep,numberOfRobotsOnBlackSite,numberOfRobotsOnWhiteSite
6000,12,19
timeStep,numberOfRobotsOnBlackSite,numberOfRobotsOnWhiteSite
6001,12,19
timeStep,numberOfRobotsOnBlackSite,numberOfRobotsOnWhiteSite
6002,12,19
timeStep,numberOfRobotsOnBlackSite,numberOfRobotsOnWhiteSite
6003,12,19
timeStep,numberOfRobotsOnBlackSite,numberOfRobotsOnWhiteSite
6004,12,19
timeStep,numberOfRobotsOnBlackSite,numberOfRobotsOnWhiteSite
6005,12,19
timeStep,numberOfRobotsOnBlackSite,numberOfRobotsOnWhiteSite
6006,12,19
timeStep,numberOfRobotsOnBlackSite,numberOfRobotsOnWhiteSite
6007,12,19
timeStep,numberOfRobotsOnBlackSite,numberOfRobotsOnWhiteSite
6008,12,19
timeStep,numberOfRobotsOnBlackSite,numberOfRobotsOnWhiteSite
6009,12,19
timeStep,numberOfRobotsOnBlackSite,numberOfRobotsOnWhiteSite
6010,11,20
timeStep,numberOfRobotsOnBlackSite,numberOfRobotsOnWhiteSite
6011,11,20
timeStep,numberOfRobotsOnBlackSite,numberOfRobotsOnWhiteSite
6012,11,20
timeStep,numberOfRobotsOnBlackSite,numberOfRobotsOnWhiteSite
6013,11,20
timeStep,numberOfRobotsOnBlackSite,numberOfRobotsOnWhiteSite
6014,11,20
timeStep,numberOfRobotsOnBlackSite,numberOfRobotsOnWhiteSite
6015,11,20
timeStep,numberOfRobotsOnBlackSite,numberOfRobotsOnWhiteSite
6016,11,20
timeStep,numberOfRobotsOnBlackSite,numberOfRobotsOnWhiteSite
6017,11,20
timeStep,numberOfRobotsOnBlackSite,numberOfRobotsOnWhiteSite
6018,11,20
timeStep,numberOfRobotsOnBlackSite,numberOfRobotsOnWhiteSite
6019,11,20
timeStep,numberOfRobotsOnBlackSite,numberOfRobotsOnWhiteSite
6020,11,20
timeStep,numberOfRobotsOnBlackSite,numberOfRobotsOnWhiteSite
6021,11,20
timeStep,numberOfRobotsOnBlackSite,numberOfRobotsOnWhiteSite
6022,11,20
timeStep,numberOfRobotsOnBlackSite,numberOfRobotsOnWhiteSite
6023,11,20
timeStep,numberOfRobotsOnBlackSite,numberOfRobotsOnWhiteSite
6024,11,20
timeStep,numberOfRobotsOnBlackSite,numberOfRobotsOnWhiteSite
6025,11,19
timeStep,numberOfRobotsOnBlackSite,numberOfRobotsOnWhiteSite
6026,11,19
timeStep,numberOfRobotsOnBlackSite,numberOfRobotsOnWhiteSite
6027,11,19
timeStep,numberOfRobotsOnBlackSite,numberOfRobotsOnWhiteSite
6028,11,19
timeStep,numberOfRobotsOnBlackSite,numberOfRobotsOnWhiteSite
6029,11,19
timeStep,numberOfRobotsOnBlackSite,numberOfRobotsOnWhiteSite
6030,11,19
timeStep,numberOfRobotsOnBlackSite,numberOfRobotsOnWhiteSite
6031,11,19
timeStep,numberOfRobotsOnBlackSite,numberOfRobotsOnWhiteSite
6032,11,19
timeStep,numberOfRobotsOnBlackSite,numberOfRobotsOnWhiteSite
6033,11,19
timeStep,numberOfRobotsOnBlackSite,numberOfRobotsOnWhiteSite
6034,11,19
timeStep,numberOfRobotsOnBlackSite,numberOfRobotsOnWhiteSite
6035,11,18
timeStep,numberOfRobotsOnBlackSite,numberOfRobotsOnWhiteSite
6036,11,18
timeStep,numberOfRobotsOnBlackSite,numberOfRobotsOnWhiteSite
6037,11,18
timeStep,numberOfRobotsOnBlackSite,numberOfRobotsOnWhiteSite
6038,11,18
timeStep,numberOfRobotsOnBlackSite,numberOfRobotsOnWhiteSite
6039,11,18
timeStep,numberOfRobotsOnBlackSite,numberOfRobotsOnWhiteSite
6040,11,19
timeStep,numberOfRobotsOnBlackSite,numberOfRobotsOnWhiteSite
6041,11,19
timeStep,numberOfRobotsOnBlackSite,numberOfRobotsOnWhiteSite
6042,11,19
timeStep,numberOfRobotsOnBlackSite,numberOfRobotsOnWhiteSite
6043,11,19
timeStep,numberOfRobotsOnBlackSite,numberOfRobotsOnWhiteSite
6044,11,19
timeStep,numberOfRobotsOnBlackSite,numberOfRobotsOnWhiteSite
6045,11,19
timeStep,numberOfRobotsOnBlackSite,numberOfRobotsOnWhiteSite
6046,11,19
timeStep,numberOfRobotsOnBlackSite,numberOfRobotsOnWhiteSite
6047,11,19
timeStep,numberOfRobotsOnBlackSite,numberOfRobotsOnWhiteSite
6048,11,19
timeStep,numberOfRobotsOnBlackSite,numberOfRobotsOnWhiteSite
6049,11,19
timeStep,numberOfRobotsOnBlackSite,numberOfRobotsOnWhiteSite
6050,11,20
timeStep,numberOfRobotsOnBlackSite,numberOfRobotsOnWhiteSite
6051,11,20
timeStep,numberOfRobotsOnBlackSite,numberOfRobotsOnWhiteSite
6052,11,20
timeStep,numberOfRobotsOnBlackSite,numberOfRobotsOnWhiteSite
6053,11,20
timeStep,numberOfRobotsOnBlackSite,numberOfRobotsOnWhiteSite
6054,11,20
timeStep,numberOfRobotsOnBlackSite,numberOfRobotsOnWhiteSite
6055,11,20
timeStep,numberOfRobotsOnBlackSite,numberOfRobotsOnWhiteSite
6056,11,20
timeStep,numberOfRobotsOnBlackSite,numberOfRobotsOnWhiteSite
6057,11,20
timeStep,numberOfRobotsOnBlackSite,numberOfRobotsOnWhiteSite
6058,11,20
timeStep,numberOfRobotsOnBlackSite,numberOfRobotsOnWhiteSite
6059,11,20
timeStep,numberOfRobotsOnBlackSite,numberOfRobotsOnWhiteSite
6060,11,20
timeStep,numberOfRobotsOnBlackSite,numberOfRobotsOnWhiteSite
6061,11,20
timeStep,numberOfRobotsOnBlackSite,numberOfRobotsOnWhiteSite
6062,11,20
timeStep,numberOfRobotsOnBlackSite,numberOfRobotsOnWhiteSite
6063,11,20
timeStep,numberOfRobotsOnBlackSite,numberOfRobotsOnWhiteSite
6064,11,20
timeStep,numberOfRobotsOnBlackSite,numberOfRobotsOnWhiteSite
6065,11,20
timeStep,numberOfRobotsOnBlackSite,numberOfRobotsOnWhiteSite
6066,11,20
timeStep,numberOfRobotsOnBlackSite,numberOfRobotsOnWhiteSite
6067,11,20
timeStep,numberOfRobotsOnBlackSite,numberOfRobotsOnWhiteSite
6068,11,20
timeStep,numberOfRobotsOnBlackSite,numberOfRobotsOnWhiteSite
6069,11,20
timeStep,numberOfRobotsOnBlackSite,numberOfRobotsOnWhiteSite
6070,11,20
timeStep,numberOfRobotsOnBlackSite,numberOfRobotsOnWhiteSite
6071,11,20
timeStep,numberOfRobotsOnBlackSite,numberOfRobotsOnWhiteSite
6072,11,20
timeStep,numberOfRobotsOnBlackSite,numberOfRobotsOnWhiteSite
6073,11,20
timeStep,numberOfRobotsOnBlackSite,numberOfRobotsOnWhiteSite
6074,11,20
timeStep,numberOfRobotsOnBlackSite,numberOfRobotsOnWhiteSite
6075,11,20
timeStep,numberOfRobotsOnBlackSite,numberOfRobotsOnWhiteSite
6076,11,20
timeStep,numberOfRobotsOnBlackSite,numberOfRobotsOnWhiteSite
6077,11,20
timeStep,numberOfRobotsOnBlackSite,numberOfRobotsOnWhiteSite
6078,11,20
timeStep,numberOfRobotsOnBlackSite,numberOfRobotsOnWhiteSite
6079,11,20
timeStep,numberOfRobotsOnBlackSite,numberOfRobotsOnWhiteSite
6080,11,20
timeStep,numberOfRobotsOnBlackSite,numberOfRobotsOnWhiteSite
6081,11,20
timeStep,numberOfRobotsOnBlackSite,numberOfRobotsOnWhiteSite
6082,11,20
timeStep,numberOfRobotsOnBlackSite,numberOfRobotsOnWhiteSite
6083,11,20
timeStep,numberOfRobotsOnBlackSite,numberOfRobotsOnWhiteSite
6084,11,20
timeStep,numberOfRobotsOnBlackSite,numberOfRobotsOnWhiteSite
6085,11,20
timeStep,numberOfRobotsOnBlackSite,numberOfRobotsOnWhiteSite
6086,11,20
timeStep,numberOfRobotsOnBlackSite,numberOfRobotsOnWhiteSite
6087,11,20
timeStep,numberOfRobotsOnBlackSite,numberOfRobotsOnWhiteSite
6088,11,20
timeStep,numberOfRobotsOnBlackSite,numberOfRobotsOnWhiteSite
6089,11,20
timeStep,numberOfRobotsOnBlackSite,numberOfRobotsOnWhiteSite
6090,11,20
timeStep,numberOfRobotsOnBlackSite,numberOfRobotsOnWhiteSite
6091,11,20
timeStep,numberOfRobotsOnBlackSite,numberOfRobotsOnWhiteSite
6092,11,20
timeStep,numberOfRobotsOnBlackSite,numberOfRobotsOnWhiteSite
6093,11,20
timeStep,numberOfRobotsOnBlackSite,numberOfRobotsOnWhiteSite
6094,11,20
timeStep,numberOfRobotsOnBlackSite,numberOfRobotsOnWhiteSite
6095,11,20
timeStep,numberOfRobotsOnBlackSite,numberOfRobotsOnWhiteSite
6096,11,20
timeStep,numberOfRobotsOnBlackSite,numberOfRobotsOnWhiteSite
6097,11,20
timeStep,numberOfRobotsOnBlackSite,numberOfRobotsOnWhiteSite
6098,11,20
timeStep,numberOfRobotsOnBlackSite,numberOfRobotsOnWhiteSite
6099,11,20
timeStep,numberOfRobotsOnBlackSite,numberOfRobotsOnWhiteSite
6100,12,20
timeStep,numberOfRobotsOnBlackSite,numberOfRobotsOnWhiteSite
6101,12,20
timeStep,numberOfRobotsOnBlackSite,numberOfRobotsOnWhiteSite
6102,12,20
timeStep,numberOfRobotsOnBlackSite,numberOfRobotsOnWhiteSite
6103,12,20
timeStep,numberOfRobotsOnBlackSite,numberOfRobotsOnWhiteSite
6104,12,20
timeStep,numberOfRobotsOnBlackSite,numberOfRobotsOnWhiteSite
6105,12,20
timeStep,numberOfRobotsOnBlackSite,numberOfRobotsOnWhiteSite
6106,12,20
timeStep,numberOfRobotsOnBlackSite,numberOfRobotsOnWhiteSite
6107,12,20
timeStep,numberOfRobotsOnBlackSite,numberOfRobotsOnWhiteSite
6108,12,20
timeStep,numberOfRobotsOnBlackSite,numberOfRobotsOnWhiteSite
6109,12,20
timeStep,numberOfRobotsOnBlackSite,numberOfRobotsOnWhiteSite
6110,12,20
timeStep,numberOfRobotsOnBlackSite,numberOfRobotsOnWhiteSite
6111,12,20
timeStep,numberOfRobotsOnBlackSite,numberOfRobotsOnWhiteSite
6112,12,20
timeStep,numberOfRobotsOnBlackSite,numberOfRobotsOnWhiteSite
6113,12,20
timeStep,numberOfRobotsOnBlackSite,numberOfRobotsOnWhiteSite
6114,12,20
timeStep,numberOfRobotsOnBlackSite,numberOfRobotsOnWhiteSite
6115,12,19
timeStep,numberOfRobotsOnBlackSite,numberOfRobotsOnWhiteSite
6116,12,19
timeStep,numberOfRobotsOnBlackSite,numberOfRobotsOnWhiteSite
6117,12,19
timeStep,numberOfRobotsOnBlackSite,numberOfRobotsOnWhiteSite
6118,12,19
timeStep,numberOfRobotsOnBlackSite,numberOfRobotsOnWhiteSite
6119,12,19
timeStep,numberOfRobotsOnBlackSite,numberOfRobotsOnWhiteSite
6120,12,19
timeStep,numberOfRobotsOnBlackSite,numberOfRobotsOnWhiteSite
6121,12,19
timeStep,numberOfRobotsOnBlackSite,numberOfRobotsOnWhiteSite
6122,12,19
timeStep,numberOfRobotsOnBlackSite,numberOfRobotsOnWhiteSite
6123,12,19
timeStep,numberOfRobotsOnBlackSite,numberOfRobotsOnWhiteSite
6124,12,19
timeStep,numberOfRobotsOnBlackSite,numberOfRobotsOnWhiteSite
6125,12,19
timeStep,numberOfRobotsOnBlackSite,numberOfRobotsOnWhiteSite
6126,12,19
timeStep,numberOfRobotsOnBlackSite,numberOfRobotsOnWhiteSite
6127,12,19
timeStep,numberOfRobotsOnBlackSite,numberOfRobotsOnWhiteSite
6128,12,19
timeStep,numberOfRobotsOnBlackSite,numberOfRobotsOnWhiteSite
6129,12,19
timeStep,numberOfRobotsOnBlackSite,numberOfRobotsOnWhiteSite
6130,12,19
timeStep,numberOfRobotsOnBlackSite,numberOfRobotsOnWhiteSite
6131,12,19
timeStep,numberOfRobotsOnBlackSite,numberOfRobotsOnWhiteSite
6132,12,19
timeStep,numberOfRobotsOnBlackSite,numberOfRobotsOnWhiteSite
6133,12,19
timeStep,numberOfRobotsOnBlackSite,numberOfRobotsOnWhiteSite
6134,12,19
timeStep,numberOfRobotsOnBlackSite,numberOfRobotsOnWhiteSite
6135,12,19
timeStep,numberOfRobotsOnBlackSite,numberOfRobotsOnWhiteSite
6136,12,19
timeStep,numberOfRobotsOnBlackSite,numberOfRobotsOnWhiteSite
6137,12,19
timeStep,numberOfRobotsOnBlackSite,numberOfRobotsOnWhiteSite
6138,12,19
timeStep,numberOfRobotsOnBlackSite,numberOfRobotsOnWhiteSite
6139,12,19
timeStep,numberOfRobotsOnBlackSite,numberOfRobotsOnWhiteSite
6140,12,19
timeStep,numberOfRobotsOnBlackSite,numberOfRobotsOnWhiteSite
6141,12,19
timeStep,numberOfRobotsOnBlackSite,numberOfRobotsOnWhiteSite
6142,12,19
timeStep,numberOfRobotsOnBlackSite,numberOfRobotsOnWhiteSite
6143,12,19
timeStep,numberOfRobotsOnBlackSite,numberOfRobotsOnWhiteSite
6144,12,19
timeStep,numberOfRobotsOnBlackSite,numberOfRobotsOnWhiteSite
6145,12,20
timeStep,numberOfRobotsOnBlackSite,numberOfRobotsOnWhiteSite
6146,12,20
timeStep,numberOfRobotsOnBlackSite,numberOfRobotsOnWhiteSite
6147,12,20
timeStep,numberOfRobotsOnBlackSite,numberOfRobotsOnWhiteSite
6148,12,20
timeStep,numberOfRobotsOnBlackSite,numberOfRobotsOnWhiteSite
6149,12,20
timeStep,numberOfRobotsOnBlackSite,numberOfRobotsOnWhiteSite
6150,12,20
timeStep,numberOfRobotsOnBlackSite,numberOfRobotsOnWhiteSite
6151,12,20
timeStep,numberOfRobotsOnBlackSite,numberOfRobotsOnWhiteSite
6152,12,20
timeStep,numberOfRobotsOnBlackSite,numberOfRobotsOnWhiteSite
6153,12,20
timeStep,numberOfRobotsOnBlackSite,numberOfRobotsOnWhiteSite
6154,12,20
timeStep,numberOfRobotsOnBlackSite,numberOfRobotsOnWhiteSite
6155,12,20
timeStep,numberOfRobotsOnBlackSite,numberOfRobotsOnWhiteSite
6156,12,20
timeStep,numberOfRobotsOnBlackSite,numberOfRobotsOnWhiteSite
6157,12,20
timeStep,numberOfRobotsOnBlackSite,numberOfRobotsOnWhiteSite
6158,12,20
timeStep,numberOfRobotsOnBlackSite,numberOfRobotsOnWhiteSite
6159,12,20
timeStep,numberOfRobotsOnBlackSite,numberOfRobotsOnWhiteSite
6160,12,20
timeStep,numberOfRobotsOnBlackSite,numberOfRobotsOnWhiteSite
6161,12,20
timeStep,numberOfRobotsOnBlackSite,numberOfRobotsOnWhiteSite
6162,12,20
timeStep,numberOfRobotsOnBlackSite,numberOfRobotsOnWhiteSite
6163,12,20
timeStep,numberOfRobotsOnBlackSite,numberOfRobotsOnWhiteSite
6164,12,20
timeStep,numberOfRobotsOnBlackSite,numberOfRobotsOnWhiteSite
6165,12,20
timeStep,numberOfRobotsOnBlackSite,numberOfRobotsOnWhiteSite
6166,12,20
timeStep,numberOfRobotsOnBlackSite,numberOfRobotsOnWhiteSite
6167,12,20
timeStep,numberOfRobotsOnBlackSite,numberOfRobotsOnWhiteSite
6168,12,20
timeStep,numberOfRobotsOnBlackSite,numberOfRobotsOnWhiteSite
6169,12,20
timeStep,numberOfRobotsOnBlackSite,numberOfRobotsOnWhiteSite
6170,12,20
timeStep,numberOfRobotsOnBlackSite,numberOfRobotsOnWhiteSite
6171,12,20
timeStep,numberOfRobotsOnBlackSite,numberOfRobotsOnWhiteSite
6172,12,20
timeStep,numberOfRobotsOnBlackSite,numberOfRobotsOnWhiteSite
6173,12,20
timeStep,numberOfRobotsOnBlackSite,numberOfRobotsOnWhiteSite
6174,12,20
timeStep,numberOfRobotsOnBlackSite,numberOfRobotsOnWhiteSite
6175,12,20
timeStep,numberOfRobotsOnBlackSite,numberOfRobotsOnWhiteSite
6176,12,20
timeStep,numberOfRobotsOnBlackSite,numberOfRobotsOnWhiteSite
6177,12,20
timeStep,numberOfRobotsOnBlackSite,numberOfRobotsOnWhiteSite
6178,12,20
timeStep,numberOfRobotsOnBlackSite,numberOfRobotsOnWhiteSite
6179,12,20
timeStep,numberOfRobotsOnBlackSite,numberOfRobotsOnWhiteSite
6180,12,20
timeStep,numberOfRobotsOnBlackSite,numberOfRobotsOnWhiteSite
6181,12,20
timeStep,numberOfRobotsOnBlackSite,numberOfRobotsOnWhiteSite
6182,12,20
timeStep,numberOfRobotsOnBlackSite,numberOfRobotsOnWhiteSite
6183,12,20
timeStep,numberOfRobotsOnBlackSite,numberOfRobotsOnWhiteSite
6184,12,20
timeStep,numberOfRobotsOnBlackSite,numberOfRobotsOnWhiteSite
6185,12,20
timeStep,numberOfRobotsOnBlackSite,numberOfRobotsOnWhiteSite
6186,12,20
timeStep,numberOfRobotsOnBlackSite,numberOfRobotsOnWhiteSite
6187,12,20
timeStep,numberOfRobotsOnBlackSite,numberOfRobotsOnWhiteSite
6188,12,20
timeStep,numberOfRobotsOnBlackSite,numberOfRobotsOnWhiteSite
6189,12,20
timeStep,numberOfRobotsOnBlackSite,numberOfRobotsOnWhiteSite
6190,12,19
timeStep,numberOfRobotsOnBlackSite,numberOfRobotsOnWhiteSite
6191,12,19
timeStep,numberOfRobotsOnBlackSite,numberOfRobotsOnWhiteSite
6192,12,19
timeStep,numberOfRobotsOnBlackSite,numberOfRobotsOnWhiteSite
6193,12,19
timeStep,numberOfRobotsOnBlackSite,numberOfRobotsOnWhiteSite
6194,12,19
timeStep,numberOfRobotsOnBlackSite,numberOfRobotsOnWhiteSite
6195,12,19
timeStep,numberOfRobotsOnBlackSite,numberOfRobotsOnWhiteSite
6196,12,19
timeStep,numberOfRobotsOnBlackSite,numberOfRobotsOnWhiteSite
6197,12,19
timeStep,numberOfRobotsOnBlackSite,numberOfRobotsOnWhiteSite
6198,12,19
timeStep,numberOfRobotsOnBlackSite,numberOfRobotsOnWhiteSite
6199,12,19
timeStep,numberOfRobotsOnBlackSite,numberOfRobotsOnWhiteSite
6200,12,19
timeStep,numberOfRobotsOnBlackSite,numberOfRobotsOnWhiteSite
6201,12,19
timeStep,numberOfRobotsOnBlackSite,numberOfRobotsOnWhiteSite
6202,12,19
timeStep,numberOfRobotsOnBlackSite,numberOfRobotsOnWhiteSite
6203,12,19
timeStep,numberOfRobotsOnBlackSite,numberOfRobotsOnWhiteSite
6204,12,19
timeStep,numberOfRobotsOnBlackSite,numberOfRobotsOnWhiteSite
6205,12,19
timeStep,numberOfRobotsOnBlackSite,numberOfRobotsOnWhiteSite
6206,12,19
timeStep,numberOfRobotsOnBlackSite,numberOfRobotsOnWhiteSite
6207,12,19
timeStep,numberOfRobotsOnBlackSite,numberOfRobotsOnWhiteSite
6208,12,19
timeStep,numberOfRobotsOnBlackSite,numberOfRobotsOnWhiteSite
6209,12,19
timeStep,numberOfRobotsOnBlackSite,numberOfRobotsOnWhiteSite
6210,12,19
timeStep,numberOfRobotsOnBlackSite,numberOfRobotsOnWhiteSite
6211,12,19
timeStep,numberOfRobotsOnBlackSite,numberOfRobotsOnWhiteSite
6212,12,19
timeStep,numberOfRobotsOnBlackSite,numberOfRobotsOnWhiteSite
6213,12,19
timeStep,numberOfRobotsOnBlackSite,numberOfRobotsOnWhiteSite
6214,12,19
timeStep,numberOfRobotsOnBlackSite,numberOfRobotsOnWhiteSite
6215,12,19
timeStep,numberOfRobotsOnBlackSite,numberOfRobotsOnWhiteSite
6216,12,19
timeStep,numberOfRobotsOnBlackSite,numberOfRobotsOnWhiteSite
6217,12,19
timeStep,numberOfRobotsOnBlackSite,numberOfRobotsOnWhiteSite
6218,12,19
timeStep,numberOfRobotsOnBlackSite,numberOfRobotsOnWhiteSite
6219,12,19
timeStep,numberOfRobotsOnBlackSite,numberOfRobotsOnWhiteSite
6220,12,19
timeStep,numberOfRobotsOnBlackSite,numberOfRobotsOnWhiteSite
6221,12,19
timeStep,numberOfRobotsOnBlackSite,numberOfRobotsOnWhiteSite
6222,12,19
timeStep,numberOfRobotsOnBlackSite,numberOfRobotsOnWhiteSite
6223,12,19
timeStep,numberOfRobotsOnBlackSite,numberOfRobotsOnWhiteSite
6224,12,19
timeStep,numberOfRobotsOnBlackSite,numberOfRobotsOnWhiteSite
6225,12,19
timeStep,numberOfRobotsOnBlackSite,numberOfRobotsOnWhiteSite
6226,12,19
timeStep,numberOfRobotsOnBlackSite,numberOfRobotsOnWhiteSite
6227,12,19
timeStep,numberOfRobotsOnBlackSite,numberOfRobotsOnWhiteSite
6228,12,19
timeStep,numberOfRobotsOnBlackSite,numberOfRobotsOnWhiteSite
6229,12,19
timeStep,numberOfRobotsOnBlackSite,numberOfRobotsOnWhiteSite
6230,13,19
timeStep,numberOfRobotsOnBlackSite,numberOfRobotsOnWhiteSite
6231,13,19
timeStep,numberOfRobotsOnBlackSite,numberOfRobotsOnWhiteSite
6232,13,19
timeStep,numberOfRobotsOnBlackSite,numberOfRobotsOnWhiteSite
6233,13,19
timeStep,numberOfRobotsOnBlackSite,numberOfRobotsOnWhiteSite
6234,13,19
timeStep,numberOfRobotsOnBlackSite,numberOfRobotsOnWhiteSite
6235,13,19
timeStep,numberOfRobotsOnBlackSite,numberOfRobotsOnWhiteSite
6236,13,19
timeStep,numberOfRobotsOnBlackSite,numberOfRobotsOnWhiteSite
6237,13,19
timeStep,numberOfRobotsOnBlackSite,numberOfRobotsOnWhiteSite
6238,13,19
timeStep,numberOfRobotsOnBlackSite,numberOfRobotsOnWhiteSite
6239,13,19
timeStep,numberOfRobotsOnBlackSite,numberOfRobotsOnWhiteSite
6240,13,19
timeStep,numberOfRobotsOnBlackSite,numberOfRobotsOnWhiteSite
6241,13,19
timeStep,numberOfRobotsOnBlackSite,numberOfRobotsOnWhiteSite
6242,13,19
timeStep,numberOfRobotsOnBlackSite,numberOfRobotsOnWhiteSite
6243,13,19
timeStep,numberOfRobotsOnBlackSite,numberOfRobotsOnWhiteSite
6244,13,19
timeStep,numberOfRobotsOnBlackSite,numberOfRobotsOnWhiteSite
6245,13,19
timeStep,numberOfRobotsOnBlackSite,numberOfRobotsOnWhiteSite
6246,13,19
timeStep,numberOfRobotsOnBlackSite,numberOfRobotsOnWhiteSite
6247,13,19
timeStep,numberOfRobotsOnBlackSite,numberOfRobotsOnWhiteSite
6248,13,19
timeStep,numberOfRobotsOnBlackSite,numberOfRobotsOnWhiteSite
6249,13,19
timeStep,numberOfRobotsOnBlackSite,numberOfRobotsOnWhiteSite
6250,13,19
timeStep,numberOfRobotsOnBlackSite,numberOfRobotsOnWhiteSite
6251,13,19
timeStep,numberOfRobotsOnBlackSite,numberOfRobotsOnWhiteSite
6252,13,19
timeStep,numberOfRobotsOnBlackSite,numberOfRobotsOnWhiteSite
6253,13,19
timeStep,numberOfRobotsOnBlackSite,numberOfRobotsOnWhiteSite
6254,13,19
timeStep,numberOfRobotsOnBlackSite,numberOfRobotsOnWhiteSite
6255,13,19
timeStep,numberOfRobotsOnBlackSite,numberOfRobotsOnWhiteSite
6256,13,19
timeStep,numberOfRobotsOnBlackSite,numberOfRobotsOnWhiteSite
6257,13,19
timeStep,numberOfRobotsOnBlackSite,numberOfRobotsOnWhiteSite
6258,13,19
timeStep,numberOfRobotsOnBlackSite,numberOfRobotsOnWhiteSite
6259,13,19
timeStep,numberOfRobotsOnBlackSite,numberOfRobotsOnWhiteSite
6260,13,19
timeStep,numberOfRobotsOnBlackSite,numberOfRobotsOnWhiteSite
6261,13,19
timeStep,numberOfRobotsOnBlackSite,numberOfRobotsOnWhiteSite
6262,13,19
timeStep,numberOfRobotsOnBlackSite,numberOfRobotsOnWhiteSite
6263,13,19
timeStep,numberOfRobotsOnBlackSite,numberOfRobotsOnWhiteSite
6264,13,19
timeStep,numberOfRobotsOnBlackSite,numberOfRobotsOnWhiteSite
6265,12,18
timeStep,numberOfRobotsOnBlackSite,numberOfRobotsOnWhiteSite
6266,12,18
timeStep,numberOfRobotsOnBlackSite,numberOfRobotsOnWhiteSite
6267,12,18
timeStep,numberOfRobotsOnBlackSite,numberOfRobotsOnWhiteSite
6268,12,18
timeStep,numberOfRobotsOnBlackSite,numberOfRobotsOnWhiteSite
6269,12,18
timeStep,numberOfRobotsOnBlackSite,numberOfRobotsOnWhiteSite
6270,12,18
timeStep,numberOfRobotsOnBlackSite,numberOfRobotsOnWhiteSite
6271,12,18
timeStep,numberOfRobotsOnBlackSite,numberOfRobotsOnWhiteSite
6272,12,18
timeStep,numberOfRobotsOnBlackSite,numberOfRobotsOnWhiteSite
6273,12,18
timeStep,numberOfRobotsOnBlackSite,numberOfRobotsOnWhiteSite
6274,12,18
timeStep,numberOfRobotsOnBlackSite,numberOfRobotsOnWhiteSite
6275,12,18
timeStep,numberOfRobotsOnBlackSite,numberOfRobotsOnWhiteSite
6276,12,18
timeStep,numberOfRobotsOnBlackSite,numberOfRobotsOnWhiteSite
6277,12,18
timeStep,numberOfRobotsOnBlackSite,numberOfRobotsOnWhiteSite
6278,12,18
timeStep,numberOfRobotsOnBlackSite,numberOfRobotsOnWhiteSite
6279,12,18
timeStep,numberOfRobotsOnBlackSite,numberOfRobotsOnWhiteSite
6280,12,18
timeStep,numberOfRobotsOnBlackSite,numberOfRobotsOnWhiteSite
6281,12,18
timeStep,numberOfRobotsOnBlackSite,numberOfRobotsOnWhiteSite
6282,12,18
timeStep,numberOfRobotsOnBlackSite,numberOfRobotsOnWhiteSite
6283,12,18
timeStep,numberOfRobotsOnBlackSite,numberOfRobotsOnWhiteSite
6284,12,18
timeStep,numberOfRobotsOnBlackSite,numberOfRobotsOnWhiteSite
6285,12,18
timeStep,numberOfRobotsOnBlackSite,numberOfRobotsOnWhiteSite
6286,12,18
timeStep,numberOfRobotsOnBlackSite,numberOfRobotsOnWhiteSite
6287,12,18
timeStep,numberOfRobotsOnBlackSite,numberOfRobotsOnWhiteSite
6288,12,18
timeStep,numberOfRobotsOnBlackSite,numberOfRobotsOnWhiteSite
6289,12,18
timeStep,numberOfRobotsOnBlackSite,numberOfRobotsOnWhiteSite
6290,12,19
timeStep,numberOfRobotsOnBlackSite,numberOfRobotsOnWhiteSite
6291,12,19
timeStep,numberOfRobotsOnBlackSite,numberOfRobotsOnWhiteSite
6292,12,19
timeStep,numberOfRobotsOnBlackSite,numberOfRobotsOnWhiteSite
6293,12,19
timeStep,numberOfRobotsOnBlackSite,numberOfRobotsOnWhiteSite
6294,12,19
timeStep,numberOfRobotsOnBlackSite,numberOfRobotsOnWhiteSite
6295,12,19
timeStep,numberOfRobotsOnBlackSite,numberOfRobotsOnWhiteSite
6296,12,19
timeStep,numberOfRobotsOnBlackSite,numberOfRobotsOnWhiteSite
6297,12,19
timeStep,numberOfRobotsOnBlackSite,numberOfRobotsOnWhiteSite
6298,12,19
timeStep,numberOfRobotsOnBlackSite,numberOfRobotsOnWhiteSite
6299,12,19
timeStep,numberOfRobotsOnBlackSite,numberOfRobotsOnWhiteSite
6300,12,19
timeStep,numberOfRobotsOnBlackSite,numberOfRobotsOnWhiteSite
6301,12,19
timeStep,numberOfRobotsOnBlackSite,numberOfRobotsOnWhiteSite
6302,12,19
timeStep,numberOfRobotsOnBlackSite,numberOfRobotsOnWhiteSite
6303,12,19
timeStep,numberOfRobotsOnBlackSite,numberOfRobotsOnWhiteSite
6304,12,19
timeStep,numberOfRobotsOnBlackSite,numberOfRobotsOnWhiteSite
6305,12,19
timeStep,numberOfRobotsOnBlackSite,numberOfRobotsOnWhiteSite
6306,12,19
timeStep,numberOfRobotsOnBlackSite,numberOfRobotsOnWhiteSite
6307,12,19
timeStep,numberOfRobotsOnBlackSite,numberOfRobotsOnWhiteSite
6308,12,19
timeStep,numberOfRobotsOnBlackSite,numberOfRobotsOnWhiteSite
6309,12,19
timeStep,numberOfRobotsOnBlackSite,numberOfRobotsOnWhiteSite
6310,12,19
timeStep,numberOfRobotsOnBlackSite,numberOfRobotsOnWhiteSite
6311,12,19
timeStep,numberOfRobotsOnBlackSite,numberOfRobotsOnWhiteSite
6312,12,19
timeStep,numberOfRobotsOnBlackSite,numberOfRobotsOnWhiteSite
6313,12,19
timeStep,numberOfRobotsOnBlackSite,numberOfRobotsOnWhiteSite
6314,12,19
timeStep,numberOfRobotsOnBlackSite,numberOfRobotsOnWhiteSite
6315,13,19
timeStep,numberOfRobotsOnBlackSite,numberOfRobotsOnWhiteSite
6316,13,19
timeStep,numberOfRobotsOnBlackSite,numberOfRobotsOnWhiteSite
6317,13,19
timeStep,numberOfRobotsOnBlackSite,numberOfRobotsOnWhiteSite
6318,13,19
timeStep,numberOfRobotsOnBlackSite,numberOfRobotsOnWhiteSite
6319,13,19
timeStep,numberOfRobotsOnBlackSite,numberOfRobotsOnWhiteSite
6320,13,19
timeStep,numberOfRobotsOnBlackSite,numberOfRobotsOnWhiteSite
6321,13,19
timeStep,numberOfRobotsOnBlackSite,numberOfRobotsOnWhiteSite
6322,13,19
timeStep,numberOfRobotsOnBlackSite,numberOfRobotsOnWhiteSite
6323,13,19
timeStep,numberOfRobotsOnBlackSite,numberOfRobotsOnWhiteSite
6324,13,19
timeStep,numberOfRobotsOnBlackSite,numberOfRobotsOnWhiteSite
6325,13,19
timeStep,numberOfRobotsOnBlackSite,numberOfRobotsOnWhiteSite
6326,13,19
timeStep,numberOfRobotsOnBlackSite,numberOfRobotsOnWhiteSite
6327,13,19
timeStep,numberOfRobotsOnBlackSite,numberOfRobotsOnWhiteSite
6328,13,19
timeStep,numberOfRobotsOnBlackSite,numberOfRobotsOnWhiteSite
6329,13,19
timeStep,numberOfRobotsOnBlackSite,numberOfRobotsOnWhiteSite
6330,13,19
timeStep,numberOfRobotsOnBlackSite,numberOfRobotsOnWhiteSite
6331,13,19
timeStep,numberOfRobotsOnBlackSite,numberOfRobotsOnWhiteSite
6332,13,19
timeStep,numberOfRobotsOnBlackSite,numberOfRobotsOnWhiteSite
6333,13,19
timeStep,numberOfRobotsOnBlackSite,numberOfRobotsOnWhiteSite
6334,13,19
timeStep,numberOfRobotsOnBlackSite,numberOfRobotsOnWhiteSite
6335,13,19
timeStep,numberOfRobotsOnBlackSite,numberOfRobotsOnWhiteSite
6336,13,19
timeStep,numberOfRobotsOnBlackSite,numberOfRobotsOnWhiteSite
6337,13,19
timeStep,numberOfRobotsOnBlackSite,numberOfRobotsOnWhiteSite
6338,13,19
timeStep,numberOfRobotsOnBlackSite,numberOfRobotsOnWhiteSite
6339,13,19
timeStep,numberOfRobotsOnBlackSite,numberOfRobotsOnWhiteSite
6340,13,19
timeStep,numberOfRobotsOnBlackSite,numberOfRobotsOnWhiteSite
6341,13,19
timeStep,numberOfRobotsOnBlackSite,numberOfRobotsOnWhiteSite
6342,13,19
timeStep,numberOfRobotsOnBlackSite,numberOfRobotsOnWhiteSite
6343,13,19
timeStep,numberOfRobotsOnBlackSite,numberOfRobotsOnWhiteSite
6344,13,19
timeStep,numberOfRobotsOnBlackSite,numberOfRobotsOnWhiteSite
6345,13,20
timeStep,numberOfRobotsOnBlackSite,numberOfRobotsOnWhiteSite
6346,13,20
timeStep,numberOfRobotsOnBlackSite,numberOfRobotsOnWhiteSite
6347,13,20
timeStep,numberOfRobotsOnBlackSite,numberOfRobotsOnWhiteSite
6348,13,20
timeStep,numberOfRobotsOnBlackSite,numberOfRobotsOnWhiteSite
6349,13,20
timeStep,numberOfRobotsOnBlackSite,numberOfRobotsOnWhiteSite
6350,13,20
timeStep,numberOfRobotsOnBlackSite,numberOfRobotsOnWhiteSite
6351,13,20
timeStep,numberOfRobotsOnBlackSite,numberOfRobotsOnWhiteSite
6352,13,20
timeStep,numberOfRobotsOnBlackSite,numberOfRobotsOnWhiteSite
6353,13,20
timeStep,numberOfRobotsOnBlackSite,numberOfRobotsOnWhiteSite
6354,13,20
timeStep,numberOfRobotsOnBlackSite,numberOfRobotsOnWhiteSite
6355,13,20
timeStep,numberOfRobotsOnBlackSite,numberOfRobotsOnWhiteSite
6356,13,20
timeStep,numberOfRobotsOnBlackSite,numberOfRobotsOnWhiteSite
6357,13,20
timeStep,numberOfRobotsOnBlackSite,numberOfRobotsOnWhiteSite
6358,13,20
timeStep,numberOfRobotsOnBlackSite,numberOfRobotsOnWhiteSite
6359,13,20
timeStep,numberOfRobotsOnBlackSite,numberOfRobotsOnWhiteSite
6360,13,20
timeStep,numberOfRobotsOnBlackSite,numberOfRobotsOnWhiteSite
6361,13,20
timeStep,numberOfRobotsOnBlackSite,numberOfRobotsOnWhiteSite
6362,13,20
timeStep,numberOfRobotsOnBlackSite,numberOfRobotsOnWhiteSite
6363,13,20
timeStep,numberOfRobotsOnBlackSite,numberOfRobotsOnWhiteSite
6364,13,20
timeStep,numberOfRobotsOnBlackSite,numberOfRobotsOnWhiteSite
6365,13,20
timeStep,numberOfRobotsOnBlackSite,numberOfRobotsOnWhiteSite
6366,13,20
timeStep,numberOfRobotsOnBlackSite,numberOfRobotsOnWhiteSite
6367,13,20
timeStep,numberOfRobotsOnBlackSite,numberOfRobotsOnWhiteSite
6368,13,20
timeStep,numberOfRobotsOnBlackSite,numberOfRobotsOnWhiteSite
6369,13,20
timeStep,numberOfRobotsOnBlackSite,numberOfRobotsOnWhiteSite
6370,13,20
timeStep,numberOfRobotsOnBlackSite,numberOfRobotsOnWhiteSite
6371,13,20
timeStep,numberOfRobotsOnBlackSite,numberOfRobotsOnWhiteSite
6372,13,20
timeStep,numberOfRobotsOnBlackSite,numberOfRobotsOnWhiteSite
6373,13,20
timeStep,numberOfRobotsOnBlackSite,numberOfRobotsOnWhiteSite
6374,13,20
timeStep,numberOfRobotsOnBlackSite,numberOfRobotsOnWhiteSite
6375,13,20
timeStep,numberOfRobotsOnBlackSite,numberOfRobotsOnWhiteSite
6376,13,20
timeStep,numberOfRobotsOnBlackSite,numberOfRobotsOnWhiteSite
6377,13,20
timeStep,numberOfRobotsOnBlackSite,numberOfRobotsOnWhiteSite
6378,13,20
timeStep,numberOfRobotsOnBlackSite,numberOfRobotsOnWhiteSite
6379,13,20
timeStep,numberOfRobotsOnBlackSite,numberOfRobotsOnWhiteSite
6380,14,20
timeStep,numberOfRobotsOnBlackSite,numberOfRobotsOnWhiteSite
6381,14,20
timeStep,numberOfRobotsOnBlackSite,numberOfRobotsOnWhiteSite
6382,14,20
timeStep,numberOfRobotsOnBlackSite,numberOfRobotsOnWhiteSite
6383,14,20
timeStep,numberOfRobotsOnBlackSite,numberOfRobotsOnWhiteSite
6384,14,20
timeStep,numberOfRobotsOnBlackSite,numberOfRobotsOnWhiteSite
6385,13,21
timeStep,numberOfRobotsOnBlackSite,numberOfRobotsOnWhiteSite
6386,13,21
timeStep,numberOfRobotsOnBlackSite,numberOfRobotsOnWhiteSite
6387,13,21
timeStep,numberOfRobotsOnBlackSite,numberOfRobotsOnWhiteSite
6388,13,21
timeStep,numberOfRobotsOnBlackSite,numberOfRobotsOnWhiteSite
6389,13,21
timeStep,numberOfRobotsOnBlackSite,numberOfRobotsOnWhiteSite
6390,13,21
timeStep,numberOfRobotsOnBlackSite,numberOfRobotsOnWhiteSite
6391,13,21
timeStep,numberOfRobotsOnBlackSite,numberOfRobotsOnWhiteSite
6392,13,21
timeStep,numberOfRobotsOnBlackSite,numberOfRobotsOnWhiteSite
6393,13,21
timeStep,numberOfRobotsOnBlackSite,numberOfRobotsOnWhiteSite
6394,13,21
timeStep,numberOfRobotsOnBlackSite,numberOfRobotsOnWhiteSite
6395,13,21
timeStep,numberOfRobotsOnBlackSite,numberOfRobotsOnWhiteSite
6396,13,21
timeStep,numberOfRobotsOnBlackSite,numberOfRobotsOnWhiteSite
6397,13,21
timeStep,numberOfRobotsOnBlackSite,numberOfRobotsOnWhiteSite
6398,13,21
timeStep,numberOfRobotsOnBlackSite,numberOfRobotsOnWhiteSite
6399,13,21
timeStep,numberOfRobotsOnBlackSite,numberOfRobotsOnWhiteSite
6400,12,21
timeStep,numberOfRobotsOnBlackSite,numberOfRobotsOnWhiteSite
6401,12,21
timeStep,numberOfRobotsOnBlackSite,numberOfRobotsOnWhiteSite
6402,12,21
timeStep,numberOfRobotsOnBlackSite,numberOfRobotsOnWhiteSite
6403,12,21
timeStep,numberOfRobotsOnBlackSite,numberOfRobotsOnWhiteSite
6404,12,21
timeStep,numberOfRobotsOnBlackSite,numberOfRobotsOnWhiteSite
6405,12,21
timeStep,numberOfRobotsOnBlackSite,numberOfRobotsOnWhiteSite
6406,12,21
timeStep,numberOfRobotsOnBlackSite,numberOfRobotsOnWhiteSite
6407,12,21
timeStep,numberOfRobotsOnBlackSite,numberOfRobotsOnWhiteSite
6408,12,21
timeStep,numberOfRobotsOnBlackSite,numberOfRobotsOnWhiteSite
6409,12,21
timeStep,numberOfRobotsOnBlackSite,numberOfRobotsOnWhiteSite
6410,12,21
timeStep,numberOfRobotsOnBlackSite,numberOfRobotsOnWhiteSite
6411,12,21
timeStep,numberOfRobotsOnBlackSite,numberOfRobotsOnWhiteSite
6412,12,21
timeStep,numberOfRobotsOnBlackSite,numberOfRobotsOnWhiteSite
6413,12,21
timeStep,numberOfRobotsOnBlackSite,numberOfRobotsOnWhiteSite
6414,12,21
timeStep,numberOfRobotsOnBlackSite,numberOfRobotsOnWhiteSite
6415,12,20
timeStep,numberOfRobotsOnBlackSite,numberOfRobotsOnWhiteSite
6416,12,20
timeStep,numberOfRobotsOnBlackSite,numberOfRobotsOnWhiteSite
6417,12,20
timeStep,numberOfRobotsOnBlackSite,numberOfRobotsOnWhiteSite
6418,12,20
timeStep,numberOfRobotsOnBlackSite,numberOfRobotsOnWhiteSite
6419,12,20
timeStep,numberOfRobotsOnBlackSite,numberOfRobotsOnWhiteSite
6420,12,20
timeStep,numberOfRobotsOnBlackSite,numberOfRobotsOnWhiteSite
6421,12,20
timeStep,numberOfRobotsOnBlackSite,numberOfRobotsOnWhiteSite
6422,12,20
timeStep,numberOfRobotsOnBlackSite,numberOfRobotsOnWhiteSite
6423,12,20
timeStep,numberOfRobotsOnBlackSite,numberOfRobotsOnWhiteSite
6424,12,20
timeStep,numberOfRobotsOnBlackSite,numberOfRobotsOnWhiteSite
6425,12,19
timeStep,numberOfRobotsOnBlackSite,numberOfRobotsOnWhiteSite
6426,12,19
timeStep,numberOfRobotsOnBlackSite,numberOfRobotsOnWhiteSite
6427,12,19
timeStep,numberOfRobotsOnBlackSite,numberOfRobotsOnWhiteSite
6428,12,19
timeStep,numberOfRobotsOnBlackSite,numberOfRobotsOnWhiteSite
6429,12,19
timeStep,numberOfRobotsOnBlackSite,numberOfRobotsOnWhiteSite
6430,12,19
timeStep,numberOfRobotsOnBlackSite,numberOfRobotsOnWhiteSite
6431,12,19
timeStep,numberOfRobotsOnBlackSite,numberOfRobotsOnWhiteSite
6432,12,19
timeStep,numberOfRobotsOnBlackSite,numberOfRobotsOnWhiteSite
6433,12,19
timeStep,numberOfRobotsOnBlackSite,numberOfRobotsOnWhiteSite
6434,12,19
timeStep,numberOfRobotsOnBlackSite,numberOfRobotsOnWhiteSite
6435,13,19
timeStep,numberOfRobotsOnBlackSite,numberOfRobotsOnWhiteSite
6436,13,19
timeStep,numberOfRobotsOnBlackSite,numberOfRobotsOnWhiteSite
6437,13,19
timeStep,numberOfRobotsOnBlackSite,numberOfRobotsOnWhiteSite
6438,13,19
timeStep,numberOfRobotsOnBlackSite,numberOfRobotsOnWhiteSite
6439,13,19
timeStep,numberOfRobotsOnBlackSite,numberOfRobotsOnWhiteSite
6440,13,19
timeStep,numberOfRobotsOnBlackSite,numberOfRobotsOnWhiteSite
6441,13,19
timeStep,numberOfRobotsOnBlackSite,numberOfRobotsOnWhiteSite
6442,13,19
timeStep,numberOfRobotsOnBlackSite,numberOfRobotsOnWhiteSite
6443,13,19
timeStep,numberOfRobotsOnBlackSite,numberOfRobotsOnWhiteSite
6444,13,19
timeStep,numberOfRobotsOnBlackSite,numberOfRobotsOnWhiteSite
6445,13,19
timeStep,numberOfRobotsOnBlackSite,numberOfRobotsOnWhiteSite
6446,13,19
timeStep,numberOfRobotsOnBlackSite,numberOfRobotsOnWhiteSite
6447,13,19
timeStep,numberOfRobotsOnBlackSite,numberOfRobotsOnWhiteSite
6448,13,19
timeStep,numberOfRobotsOnBlackSite,numberOfRobotsOnWhiteSite
6449,13,19
timeStep,numberOfRobotsOnBlackSite,numberOfRobotsOnWhiteSite
6450,13,19
timeStep,numberOfRobotsOnBlackSite,numberOfRobotsOnWhiteSite
6451,13,19
timeStep,numberOfRobotsOnBlackSite,numberOfRobotsOnWhiteSite
6452,13,19
timeStep,numberOfRobotsOnBlackSite,numberOfRobotsOnWhiteSite
6453,13,19
timeStep,numberOfRobotsOnBlackSite,numberOfRobotsOnWhiteSite
6454,13,19
timeStep,numberOfRobotsOnBlackSite,numberOfRobotsOnWhiteSite
6455,13,19
timeStep,numberOfRobotsOnBlackSite,numberOfRobotsOnWhiteSite
6456,13,19
timeStep,numberOfRobotsOnBlackSite,numberOfRobotsOnWhiteSite
6457,13,19
timeStep,numberOfRobotsOnBlackSite,numberOfRobotsOnWhiteSite
6458,13,19
timeStep,numberOfRobotsOnBlackSite,numberOfRobotsOnWhiteSite
6459,13,19
timeStep,numberOfRobotsOnBlackSite,numberOfRobotsOnWhiteSite
6460,13,19
timeStep,numberOfRobotsOnBlackSite,numberOfRobotsOnWhiteSite
6461,13,19
timeStep,numberOfRobotsOnBlackSite,numberOfRobotsOnWhiteSite
6462,13,19
timeStep,numberOfRobotsOnBlackSite,numberOfRobotsOnWhiteSite
6463,13,19
timeStep,numberOfRobotsOnBlackSite,numberOfRobotsOnWhiteSite
6464,13,19
timeStep,numberOfRobotsOnBlackSite,numberOfRobotsOnWhiteSite
6465,13,19
timeStep,numberOfRobotsOnBlackSite,numberOfRobotsOnWhiteSite
6466,13,19
timeStep,numberOfRobotsOnBlackSite,numberOfRobotsOnWhiteSite
6467,13,19
timeStep,numberOfRobotsOnBlackSite,numberOfRobotsOnWhiteSite
6468,13,19
timeStep,numberOfRobotsOnBlackSite,numberOfRobotsOnWhiteSite
6469,13,19
timeStep,numberOfRobotsOnBlackSite,numberOfRobotsOnWhiteSite
6470,13,19
timeStep,numberOfRobotsOnBlackSite,numberOfRobotsOnWhiteSite
6471,13,19
timeStep,numberOfRobotsOnBlackSite,numberOfRobotsOnWhiteSite
6472,13,19
timeStep,numberOfRobotsOnBlackSite,numberOfRobotsOnWhiteSite
6473,13,19
timeStep,numberOfRobotsOnBlackSite,numberOfRobotsOnWhiteSite
6474,13,19
timeStep,numberOfRobotsOnBlackSite,numberOfRobotsOnWhiteSite
6475,13,19
timeStep,numberOfRobotsOnBlackSite,numberOfRobotsOnWhiteSite
6476,13,19
timeStep,numberOfRobotsOnBlackSite,numberOfRobotsOnWhiteSite
6477,13,19
timeStep,numberOfRobotsOnBlackSite,numberOfRobotsOnWhiteSite
6478,13,19
timeStep,numberOfRobotsOnBlackSite,numberOfRobotsOnWhiteSite
6479,13,19
timeStep,numberOfRobotsOnBlackSite,numberOfRobotsOnWhiteSite
6480,13,19
timeStep,numberOfRobotsOnBlackSite,numberOfRobotsOnWhiteSite
6481,13,19
timeStep,numberOfRobotsOnBlackSite,numberOfRobotsOnWhiteSite
6482,13,19
timeStep,numberOfRobotsOnBlackSite,numberOfRobotsOnWhiteSite
6483,13,19
timeStep,numberOfRobotsOnBlackSite,numberOfRobotsOnWhiteSite
6484,13,19
timeStep,numberOfRobotsOnBlackSite,numberOfRobotsOnWhiteSite
6485,13,19
timeStep,numberOfRobotsOnBlackSite,numberOfRobotsOnWhiteSite
6486,13,19
timeStep,numberOfRobotsOnBlackSite,numberOfRobotsOnWhiteSite
6487,13,19
timeStep,numberOfRobotsOnBlackSite,numberOfRobotsOnWhiteSite
6488,13,19
timeStep,numberOfRobotsOnBlackSite,numberOfRobotsOnWhiteSite
6489,13,19
timeStep,numberOfRobotsOnBlackSite,numberOfRobotsOnWhiteSite
6490,13,19
timeStep,numberOfRobotsOnBlackSite,numberOfRobotsOnWhiteSite
6491,13,19
timeStep,numberOfRobotsOnBlackSite,numberOfRobotsOnWhiteSite
6492,13,19
timeStep,numberOfRobotsOnBlackSite,numberOfRobotsOnWhiteSite
6493,13,19
timeStep,numberOfRobotsOnBlackSite,numberOfRobotsOnWhiteSite
6494,13,19
timeStep,numberOfRobotsOnBlackSite,numberOfRobotsOnWhiteSite
6495,13,19
timeStep,numberOfRobotsOnBlackSite,numberOfRobotsOnWhiteSite
6496,13,19
timeStep,numberOfRobotsOnBlackSite,numberOfRobotsOnWhiteSite
6497,13,19
timeStep,numberOfRobotsOnBlackSite,numberOfRobotsOnWhiteSite
6498,13,19
timeStep,numberOfRobotsOnBlackSite,numberOfRobotsOnWhiteSite
6499,13,19
timeStep,numberOfRobotsOnBlackSite,numberOfRobotsOnWhiteSite
6500,13,19
timeStep,numberOfRobotsOnBlackSite,numberOfRobotsOnWhiteSite
6501,13,19
timeStep,numberOfRobotsOnBlackSite,numberOfRobotsOnWhiteSite
6502,13,19
timeStep,numberOfRobotsOnBlackSite,numberOfRobotsOnWhiteSite
6503,13,19
timeStep,numberOfRobotsOnBlackSite,numberOfRobotsOnWhiteSite
6504,13,19
timeStep,numberOfRobotsOnBlackSite,numberOfRobotsOnWhiteSite
6505,13,19
timeStep,numberOfRobotsOnBlackSite,numberOfRobotsOnWhiteSite
6506,13,19
timeStep,numberOfRobotsOnBlackSite,numberOfRobotsOnWhiteSite
6507,13,19
timeStep,numberOfRobotsOnBlackSite,numberOfRobotsOnWhiteSite
6508,13,19
timeStep,numberOfRobotsOnBlackSite,numberOfRobotsOnWhiteSite
6509,13,19
timeStep,numberOfRobotsOnBlackSite,numberOfRobotsOnWhiteSite
6510,12,19
timeStep,numberOfRobotsOnBlackSite,numberOfRobotsOnWhiteSite
6511,12,19
timeStep,numberOfRobotsOnBlackSite,numberOfRobotsOnWhiteSite
6512,12,19
timeStep,numberOfRobotsOnBlackSite,numberOfRobotsOnWhiteSite
6513,12,19
timeStep,numberOfRobotsOnBlackSite,numberOfRobotsOnWhiteSite
6514,12,19
timeStep,numberOfRobotsOnBlackSite,numberOfRobotsOnWhiteSite
6515,12,19
timeStep,numberOfRobotsOnBlackSite,numberOfRobotsOnWhiteSite
6516,12,19
timeStep,numberOfRobotsOnBlackSite,numberOfRobotsOnWhiteSite
6517,12,19
timeStep,numberOfRobotsOnBlackSite,numberOfRobotsOnWhiteSite
6518,12,19
timeStep,numberOfRobotsOnBlackSite,numberOfRobotsOnWhiteSite
6519,12,19
timeStep,numberOfRobotsOnBlackSite,numberOfRobotsOnWhiteSite
6520,12,19
timeStep,numberOfRobotsOnBlackSite,numberOfRobotsOnWhiteSite
6521,12,19
timeStep,numberOfRobotsOnBlackSite,numberOfRobotsOnWhiteSite
6522,12,19
timeStep,numberOfRobotsOnBlackSite,numberOfRobotsOnWhiteSite
6523,12,19
timeStep,numberOfRobotsOnBlackSite,numberOfRobotsOnWhiteSite
6524,12,19
timeStep,numberOfRobotsOnBlackSite,numberOfRobotsOnWhiteSite
6525,13,19
timeStep,numberOfRobotsOnBlackSite,numberOfRobotsOnWhiteSite
6526,13,19
timeStep,numberOfRobotsOnBlackSite,numberOfRobotsOnWhiteSite
6527,13,19
timeStep,numberOfRobotsOnBlackSite,numberOfRobotsOnWhiteSite
6528,13,19
timeStep,numberOfRobotsOnBlackSite,numberOfRobotsOnWhiteSite
6529,13,19
timeStep,numberOfRobotsOnBlackSite,numberOfRobotsOnWhiteSite
6530,13,20
timeStep,numberOfRobotsOnBlackSite,numberOfRobotsOnWhiteSite
6531,13,20
timeStep,numberOfRobotsOnBlackSite,numberOfRobotsOnWhiteSite
6532,13,20
timeStep,numberOfRobotsOnBlackSite,numberOfRobotsOnWhiteSite
6533,13,20
timeStep,numberOfRobotsOnBlackSite,numberOfRobotsOnWhiteSite
6534,13,20
timeStep,numberOfRobotsOnBlackSite,numberOfRobotsOnWhiteSite
6535,13,20
timeStep,numberOfRobotsOnBlackSite,numberOfRobotsOnWhiteSite
6536,13,20
timeStep,numberOfRobotsOnBlackSite,numberOfRobotsOnWhiteSite
6537,13,20
timeStep,numberOfRobotsOnBlackSite,numberOfRobotsOnWhiteSite
6538,13,20
timeStep,numberOfRobotsOnBlackSite,numberOfRobotsOnWhiteSite
6539,13,20
timeStep,numberOfRobotsOnBlackSite,numberOfRobotsOnWhiteSite
6540,13,20
timeStep,numberOfRobotsOnBlackSite,numberOfRobotsOnWhiteSite
6541,13,20
timeStep,numberOfRobotsOnBlackSite,numberOfRobotsOnWhiteSite
6542,13,20
timeStep,numberOfRobotsOnBlackSite,numberOfRobotsOnWhiteSite
6543,13,20
timeStep,numberOfRobotsOnBlackSite,numberOfRobotsOnWhiteSite
6544,13,20
timeStep,numberOfRobotsOnBlackSite,numberOfRobotsOnWhiteSite
6545,13,20
timeStep,numberOfRobotsOnBlackSite,numberOfRobotsOnWhiteSite
6546,13,20
timeStep,numberOfRobotsOnBlackSite,numberOfRobotsOnWhiteSite
6547,13,20
timeStep,numberOfRobotsOnBlackSite,numberOfRobotsOnWhiteSite
6548,13,20
timeStep,numberOfRobotsOnBlackSite,numberOfRobotsOnWhiteSite
6549,13,20
timeStep,numberOfRobotsOnBlackSite,numberOfRobotsOnWhiteSite
6550,13,20
timeStep,numberOfRobotsOnBlackSite,numberOfRobotsOnWhiteSite
6551,13,20
timeStep,numberOfRobotsOnBlackSite,numberOfRobotsOnWhiteSite
6552,13,20
timeStep,numberOfRobotsOnBlackSite,numberOfRobotsOnWhiteSite
6553,13,20
timeStep,numberOfRobotsOnBlackSite,numberOfRobotsOnWhiteSite
6554,13,20
timeStep,numberOfRobotsOnBlackSite,numberOfRobotsOnWhiteSite
6555,13,19
timeStep,numberOfRobotsOnBlackSite,numberOfRobotsOnWhiteSite
6556,13,19
timeStep,numberOfRobotsOnBlackSite,numberOfRobotsOnWhiteSite
6557,13,19
timeStep,numberOfRobotsOnBlackSite,numberOfRobotsOnWhiteSite
6558,13,19
timeStep,numberOfRobotsOnBlackSite,numberOfRobotsOnWhiteSite
6559,13,19
timeStep,numberOfRobotsOnBlackSite,numberOfRobotsOnWhiteSite
6560,13,19
timeStep,numberOfRobotsOnBlackSite,numberOfRobotsOnWhiteSite
6561,13,19
timeStep,numberOfRobotsOnBlackSite,numberOfRobotsOnWhiteSite
6562,13,19
timeStep,numberOfRobotsOnBlackSite,numberOfRobotsOnWhiteSite
6563,13,19
timeStep,numberOfRobotsOnBlackSite,numberOfRobotsOnWhiteSite
6564,13,19
timeStep,numberOfRobotsOnBlackSite,numberOfRobotsOnWhiteSite
6565,13,19
timeStep,numberOfRobotsOnBlackSite,numberOfRobotsOnWhiteSite
6566,13,19
timeStep,numberOfRobotsOnBlackSite,numberOfRobotsOnWhiteSite
6567,13,19
timeStep,numberOfRobotsOnBlackSite,numberOfRobotsOnWhiteSite
6568,13,19
timeStep,numberOfRobotsOnBlackSite,numberOfRobotsOnWhiteSite
6569,13,19
timeStep,numberOfRobotsOnBlackSite,numberOfRobotsOnWhiteSite
6570,13,19
timeStep,numberOfRobotsOnBlackSite,numberOfRobotsOnWhiteSite
6571,13,19
timeStep,numberOfRobotsOnBlackSite,numberOfRobotsOnWhiteSite
6572,13,19
timeStep,numberOfRobotsOnBlackSite,numberOfRobotsOnWhiteSite
6573,13,19
timeStep,numberOfRobotsOnBlackSite,numberOfRobotsOnWhiteSite
6574,13,19
timeStep,numberOfRobotsOnBlackSite,numberOfRobotsOnWhiteSite
6575,13,19
timeStep,numberOfRobotsOnBlackSite,numberOfRobotsOnWhiteSite
6576,13,19
timeStep,numberOfRobotsOnBlackSite,numberOfRobotsOnWhiteSite
6577,13,19
timeStep,numberOfRobotsOnBlackSite,numberOfRobotsOnWhiteSite
6578,13,19
timeStep,numberOfRobotsOnBlackSite,numberOfRobotsOnWhiteSite
6579,13,19
timeStep,numberOfRobotsOnBlackSite,numberOfRobotsOnWhiteSite
6580,13,19
timeStep,numberOfRobotsOnBlackSite,numberOfRobotsOnWhiteSite
6581,13,19
timeStep,numberOfRobotsOnBlackSite,numberOfRobotsOnWhiteSite
6582,13,19
timeStep,numberOfRobotsOnBlackSite,numberOfRobotsOnWhiteSite
6583,13,19
timeStep,numberOfRobotsOnBlackSite,numberOfRobotsOnWhiteSite
6584,13,19
timeStep,numberOfRobotsOnBlackSite,numberOfRobotsOnWhiteSite
6585,12,19
timeStep,numberOfRobotsOnBlackSite,numberOfRobotsOnWhiteSite
6586,12,19
timeStep,numberOfRobotsOnBlackSite,numberOfRobotsOnWhiteSite
6587,12,19
timeStep,numberOfRobotsOnBlackSite,numberOfRobotsOnWhiteSite
6588,12,19
timeStep,numberOfRobotsOnBlackSite,numberOfRobotsOnWhiteSite
6589,12,19
timeStep,numberOfRobotsOnBlackSite,numberOfRobotsOnWhiteSite
6590,12,18
timeStep,numberOfRobotsOnBlackSite,numberOfRobotsOnWhiteSite
6591,12,18
timeStep,numberOfRobotsOnBlackSite,numberOfRobotsOnWhiteSite
6592,12,18
timeStep,numberOfRobotsOnBlackSite,numberOfRobotsOnWhiteSite
6593,12,18
timeStep,numberOfRobotsOnBlackSite,numberOfRobotsOnWhiteSite
6594,12,18
timeStep,numberOfRobotsOnBlackSite,numberOfRobotsOnWhiteSite
6595,12,18
timeStep,numberOfRobotsOnBlackSite,numberOfRobotsOnWhiteSite
6596,12,18
timeStep,numberOfRobotsOnBlackSite,numberOfRobotsOnWhiteSite
6597,12,18
timeStep,numberOfRobotsOnBlackSite,numberOfRobotsOnWhiteSite
6598,12,18
timeStep,numberOfRobotsOnBlackSite,numberOfRobotsOnWhiteSite
6599,12,18
timeStep,numberOfRobotsOnBlackSite,numberOfRobotsOnWhiteSite
6600,12,18
timeStep,numberOfRobotsOnBlackSite,numberOfRobotsOnWhiteSite
6601,12,18
timeStep,numberOfRobotsOnBlackSite,numberOfRobotsOnWhiteSite
6602,12,18
timeStep,numberOfRobotsOnBlackSite,numberOfRobotsOnWhiteSite
6603,12,18
timeStep,numberOfRobotsOnBlackSite,numberOfRobotsOnWhiteSite
6604,12,18
timeStep,numberOfRobotsOnBlackSite,numberOfRobotsOnWhiteSite
6605,13,18
timeStep,numberOfRobotsOnBlackSite,numberOfRobotsOnWhiteSite
6606,13,18
timeStep,numberOfRobotsOnBlackSite,numberOfRobotsOnWhiteSite
6607,13,18
timeStep,numberOfRobotsOnBlackSite,numberOfRobotsOnWhiteSite
6608,13,18
timeStep,numberOfRobotsOnBlackSite,numberOfRobotsOnWhiteSite
6609,13,18
timeStep,numberOfRobotsOnBlackSite,numberOfRobotsOnWhiteSite
6610,13,17
timeStep,numberOfRobotsOnBlackSite,numberOfRobotsOnWhiteSite
6611,13,17
timeStep,numberOfRobotsOnBlackSite,numberOfRobotsOnWhiteSite
6612,13,17
timeStep,numberOfRobotsOnBlackSite,numberOfRobotsOnWhiteSite
6613,13,17
timeStep,numberOfRobotsOnBlackSite,numberOfRobotsOnWhiteSite
6614,13,17
timeStep,numberOfRobotsOnBlackSite,numberOfRobotsOnWhiteSite
6615,13,17
timeStep,numberOfRobotsOnBlackSite,numberOfRobotsOnWhiteSite
6616,13,17
timeStep,numberOfRobotsOnBlackSite,numberOfRobotsOnWhiteSite
6617,13,17
timeStep,numberOfRobotsOnBlackSite,numberOfRobotsOnWhiteSite
6618,13,17
timeStep,numberOfRobotsOnBlackSite,numberOfRobotsOnWhiteSite
6619,13,17
timeStep,numberOfRobotsOnBlackSite,numberOfRobotsOnWhiteSite
6620,13,17
timeStep,numberOfRobotsOnBlackSite,numberOfRobotsOnWhiteSite
6621,13,17
timeStep,numberOfRobotsOnBlackSite,numberOfRobotsOnWhiteSite
6622,13,17
timeStep,numberOfRobotsOnBlackSite,numberOfRobotsOnWhiteSite
6623,13,17
timeStep,numberOfRobotsOnBlackSite,numberOfRobotsOnWhiteSite
6624,13,17
timeStep,numberOfRobotsOnBlackSite,numberOfRobotsOnWhiteSite
6625,13,17
timeStep,numberOfRobotsOnBlackSite,numberOfRobotsOnWhiteSite
6626,13,17
timeStep,numberOfRobotsOnBlackSite,numberOfRobotsOnWhiteSite
6627,13,17
timeStep,numberOfRobotsOnBlackSite,numberOfRobotsOnWhiteSite
6628,13,17
timeStep,numberOfRobotsOnBlackSite,numberOfRobotsOnWhiteSite
6629,13,17
timeStep,numberOfRobotsOnBlackSite,numberOfRobotsOnWhiteSite
6630,13,17
timeStep,numberOfRobotsOnBlackSite,numberOfRobotsOnWhiteSite
6631,13,17
timeStep,numberOfRobotsOnBlackSite,numberOfRobotsOnWhiteSite
6632,13,17
timeStep,numberOfRobotsOnBlackSite,numberOfRobotsOnWhiteSite
6633,13,17
timeStep,numberOfRobotsOnBlackSite,numberOfRobotsOnWhiteSite
6634,13,17
timeStep,numberOfRobotsOnBlackSite,numberOfRobotsOnWhiteSite
6635,13,17
timeStep,numberOfRobotsOnBlackSite,numberOfRobotsOnWhiteSite
6636,13,17
timeStep,numberOfRobotsOnBlackSite,numberOfRobotsOnWhiteSite
6637,13,17
timeStep,numberOfRobotsOnBlackSite,numberOfRobotsOnWhiteSite
6638,13,17
timeStep,numberOfRobotsOnBlackSite,numberOfRobotsOnWhiteSite
6639,13,17
timeStep,numberOfRobotsOnBlackSite,numberOfRobotsOnWhiteSite
6640,13,17
timeStep,numberOfRobotsOnBlackSite,numberOfRobotsOnWhiteSite
6641,13,17
timeStep,numberOfRobotsOnBlackSite,numberOfRobotsOnWhiteSite
6642,13,17
timeStep,numberOfRobotsOnBlackSite,numberOfRobotsOnWhiteSite
6643,13,17
timeStep,numberOfRobotsOnBlackSite,numberOfRobotsOnWhiteSite
6644,13,17
timeStep,numberOfRobotsOnBlackSite,numberOfRobotsOnWhiteSite
6645,13,17
timeStep,numberOfRobotsOnBlackSite,numberOfRobotsOnWhiteSite
6646,13,17
timeStep,numberOfRobotsOnBlackSite,numberOfRobotsOnWhiteSite
6647,13,17
timeStep,numberOfRobotsOnBlackSite,numberOfRobotsOnWhiteSite
6648,13,17
timeStep,numberOfRobotsOnBlackSite,numberOfRobotsOnWhiteSite
6649,13,17
timeStep,numberOfRobotsOnBlackSite,numberOfRobotsOnWhiteSite
6650,13,17
timeStep,numberOfRobotsOnBlackSite,numberOfRobotsOnWhiteSite
6651,13,17
timeStep,numberOfRobotsOnBlackSite,numberOfRobotsOnWhiteSite
6652,13,17
timeStep,numberOfRobotsOnBlackSite,numberOfRobotsOnWhiteSite
6653,13,17
timeStep,numberOfRobotsOnBlackSite,numberOfRobotsOnWhiteSite
6654,13,17
timeStep,numberOfRobotsOnBlackSite,numberOfRobotsOnWhiteSite
6655,13,19
timeStep,numberOfRobotsOnBlackSite,numberOfRobotsOnWhiteSite
6656,13,19
timeStep,numberOfRobotsOnBlackSite,numberOfRobotsOnWhiteSite
6657,13,19
timeStep,numberOfRobotsOnBlackSite,numberOfRobotsOnWhiteSite
6658,13,19
timeStep,numberOfRobotsOnBlackSite,numberOfRobotsOnWhiteSite
6659,13,19
timeStep,numberOfRobotsOnBlackSite,numberOfRobotsOnWhiteSite
6660,13,19
timeStep,numberOfRobotsOnBlackSite,numberOfRobotsOnWhiteSite
6661,13,19
timeStep,numberOfRobotsOnBlackSite,numberOfRobotsOnWhiteSite
6662,13,19
timeStep,numberOfRobotsOnBlackSite,numberOfRobotsOnWhiteSite
6663,13,19
timeStep,numberOfRobotsOnBlackSite,numberOfRobotsOnWhiteSite
6664,13,19
timeStep,numberOfRobotsOnBlackSite,numberOfRobotsOnWhiteSite
6665,13,19
timeStep,numberOfRobotsOnBlackSite,numberOfRobotsOnWhiteSite
6666,13,19
timeStep,numberOfRobotsOnBlackSite,numberOfRobotsOnWhiteSite
6667,13,19
timeStep,numberOfRobotsOnBlackSite,numberOfRobotsOnWhiteSite
6668,13,19
timeStep,numberOfRobotsOnBlackSite,numberOfRobotsOnWhiteSite
6669,13,19
timeStep,numberOfRobotsOnBlackSite,numberOfRobotsOnWhiteSite
6670,13,19
timeStep,numberOfRobotsOnBlackSite,numberOfRobotsOnWhiteSite
6671,13,19
timeStep,numberOfRobotsOnBlackSite,numberOfRobotsOnWhiteSite
6672,13,19
timeStep,numberOfRobotsOnBlackSite,numberOfRobotsOnWhiteSite
6673,13,19
timeStep,numberOfRobotsOnBlackSite,numberOfRobotsOnWhiteSite
6674,13,19
timeStep,numberOfRobotsOnBlackSite,numberOfRobotsOnWhiteSite
6675,13,19
timeStep,numberOfRobotsOnBlackSite,numberOfRobotsOnWhiteSite
6676,13,19
timeStep,numberOfRobotsOnBlackSite,numberOfRobotsOnWhiteSite
6677,13,19
timeStep,numberOfRobotsOnBlackSite,numberOfRobotsOnWhiteSite
6678,13,19
timeStep,numberOfRobotsOnBlackSite,numberOfRobotsOnWhiteSite
6679,13,19
timeStep,numberOfRobotsOnBlackSite,numberOfRobotsOnWhiteSite
6680,13,20
timeStep,numberOfRobotsOnBlackSite,numberOfRobotsOnWhiteSite
6681,13,20
timeStep,numberOfRobotsOnBlackSite,numberOfRobotsOnWhiteSite
6682,13,20
timeStep,numberOfRobotsOnBlackSite,numberOfRobotsOnWhiteSite
6683,13,20
timeStep,numberOfRobotsOnBlackSite,numberOfRobotsOnWhiteSite
6684,13,20
timeStep,numberOfRobotsOnBlackSite,numberOfRobotsOnWhiteSite
6685,13,20
timeStep,numberOfRobotsOnBlackSite,numberOfRobotsOnWhiteSite
6686,13,20
timeStep,numberOfRobotsOnBlackSite,numberOfRobotsOnWhiteSite
6687,13,20
timeStep,numberOfRobotsOnBlackSite,numberOfRobotsOnWhiteSite
6688,13,20
timeStep,numberOfRobotsOnBlackSite,numberOfRobotsOnWhiteSite
6689,13,20
timeStep,numberOfRobotsOnBlackSite,numberOfRobotsOnWhiteSite
6690,13,21
timeStep,numberOfRobotsOnBlackSite,numberOfRobotsOnWhiteSite
6691,13,21
timeStep,numberOfRobotsOnBlackSite,numberOfRobotsOnWhiteSite
6692,13,21
timeStep,numberOfRobotsOnBlackSite,numberOfRobotsOnWhiteSite
6693,13,21
timeStep,numberOfRobotsOnBlackSite,numberOfRobotsOnWhiteSite
6694,13,21
timeStep,numberOfRobotsOnBlackSite,numberOfRobotsOnWhiteSite
6695,13,21
timeStep,numberOfRobotsOnBlackSite,numberOfRobotsOnWhiteSite
6696,13,21
timeStep,numberOfRobotsOnBlackSite,numberOfRobotsOnWhiteSite
6697,13,21
timeStep,numberOfRobotsOnBlackSite,numberOfRobotsOnWhiteSite
6698,13,21
timeStep,numberOfRobotsOnBlackSite,numberOfRobotsOnWhiteSite
6699,13,21
timeStep,numberOfRobotsOnBlackSite,numberOfRobotsOnWhiteSite
6700,13,21
timeStep,numberOfRobotsOnBlackSite,numberOfRobotsOnWhiteSite
6701,13,21
timeStep,numberOfRobotsOnBlackSite,numberOfRobotsOnWhiteSite
6702,13,21
timeStep,numberOfRobotsOnBlackSite,numberOfRobotsOnWhiteSite
6703,13,21
timeStep,numberOfRobotsOnBlackSite,numberOfRobotsOnWhiteSite
6704,13,21
timeStep,numberOfRobotsOnBlackSite,numberOfRobotsOnWhiteSite
6705,12,21
timeStep,numberOfRobotsOnBlackSite,numberOfRobotsOnWhiteSite
6706,12,21
timeStep,numberOfRobotsOnBlackSite,numberOfRobotsOnWhiteSite
6707,12,21
timeStep,numberOfRobotsOnBlackSite,numberOfRobotsOnWhiteSite
6708,12,21
timeStep,numberOfRobotsOnBlackSite,numberOfRobotsOnWhiteSite
6709,12,21
timeStep,numberOfRobotsOnBlackSite,numberOfRobotsOnWhiteSite
6710,12,21
timeStep,numberOfRobotsOnBlackSite,numberOfRobotsOnWhiteSite
6711,12,21
timeStep,numberOfRobotsOnBlackSite,numberOfRobotsOnWhiteSite
6712,12,21
timeStep,numberOfRobotsOnBlackSite,numberOfRobotsOnWhiteSite
6713,12,21
timeStep,numberOfRobotsOnBlackSite,numberOfRobotsOnWhiteSite
6714,12,21
timeStep,numberOfRobotsOnBlackSite,numberOfRobotsOnWhiteSite
6715,12,21
timeStep,numberOfRobotsOnBlackSite,numberOfRobotsOnWhiteSite
6716,12,21
timeStep,numberOfRobotsOnBlackSite,numberOfRobotsOnWhiteSite
6717,12,21
timeStep,numberOfRobotsOnBlackSite,numberOfRobotsOnWhiteSite
6718,12,21
timeStep,numberOfRobotsOnBlackSite,numberOfRobotsOnWhiteSite
6719,12,21
timeStep,numberOfRobotsOnBlackSite,numberOfRobotsOnWhiteSite
6720,12,21
timeStep,numberOfRobotsOnBlackSite,numberOfRobotsOnWhiteSite
6721,12,21
timeStep,numberOfRobotsOnBlackSite,numberOfRobotsOnWhiteSite
6722,12,21
timeStep,numberOfRobotsOnBlackSite,numberOfRobotsOnWhiteSite
6723,12,21
timeStep,numberOfRobotsOnBlackSite,numberOfRobotsOnWhiteSite
6724,12,21
timeStep,numberOfRobotsOnBlackSite,numberOfRobotsOnWhiteSite
6725,12,20
timeStep,numberOfRobotsOnBlackSite,numberOfRobotsOnWhiteSite
6726,12,20
timeStep,numberOfRobotsOnBlackSite,numberOfRobotsOnWhiteSite
6727,12,20
timeStep,numberOfRobotsOnBlackSite,numberOfRobotsOnWhiteSite
6728,12,20
timeStep,numberOfRobotsOnBlackSite,numberOfRobotsOnWhiteSite
6729,12,20
timeStep,numberOfRobotsOnBlackSite,numberOfRobotsOnWhiteSite
6730,12,20
timeStep,numberOfRobotsOnBlackSite,numberOfRobotsOnWhiteSite
6731,12,20
timeStep,numberOfRobotsOnBlackSite,numberOfRobotsOnWhiteSite
6732,12,20
timeStep,numberOfRobotsOnBlackSite,numberOfRobotsOnWhiteSite
6733,12,20
timeStep,numberOfRobotsOnBlackSite,numberOfRobotsOnWhiteSite
6734,12,20
timeStep,numberOfRobotsOnBlackSite,numberOfRobotsOnWhiteSite
6735,12,20
timeStep,numberOfRobotsOnBlackSite,numberOfRobotsOnWhiteSite
6736,12,20
timeStep,numberOfRobotsOnBlackSite,numberOfRobotsOnWhiteSite
6737,12,20
timeStep,numberOfRobotsOnBlackSite,numberOfRobotsOnWhiteSite
6738,12,20
timeStep,numberOfRobotsOnBlackSite,numberOfRobotsOnWhiteSite
6739,12,20
timeStep,numberOfRobotsOnBlackSite,numberOfRobotsOnWhiteSite
6740,12,20
timeStep,numberOfRobotsOnBlackSite,numberOfRobotsOnWhiteSite
6741,12,20
timeStep,numberOfRobotsOnBlackSite,numberOfRobotsOnWhiteSite
6742,12,20
timeStep,numberOfRobotsOnBlackSite,numberOfRobotsOnWhiteSite
6743,12,20
timeStep,numberOfRobotsOnBlackSite,numberOfRobotsOnWhiteSite
6744,12,20
timeStep,numberOfRobotsOnBlackSite,numberOfRobotsOnWhiteSite
6745,12,20
timeStep,numberOfRobotsOnBlackSite,numberOfRobotsOnWhiteSite
6746,12,20
timeStep,numberOfRobotsOnBlackSite,numberOfRobotsOnWhiteSite
6747,12,20
timeStep,numberOfRobotsOnBlackSite,numberOfRobotsOnWhiteSite
6748,12,20
timeStep,numberOfRobotsOnBlackSite,numberOfRobotsOnWhiteSite
6749,12,20
timeStep,numberOfRobotsOnBlackSite,numberOfRobotsOnWhiteSite
6750,12,20
timeStep,numberOfRobotsOnBlackSite,numberOfRobotsOnWhiteSite
6751,12,20
timeStep,numberOfRobotsOnBlackSite,numberOfRobotsOnWhiteSite
6752,12,20
timeStep,numberOfRobotsOnBlackSite,numberOfRobotsOnWhiteSite
6753,12,20
timeStep,numberOfRobotsOnBlackSite,numberOfRobotsOnWhiteSite
6754,12,20
timeStep,numberOfRobotsOnBlackSite,numberOfRobotsOnWhiteSite
6755,12,20
timeStep,numberOfRobotsOnBlackSite,numberOfRobotsOnWhiteSite
6756,12,20
timeStep,numberOfRobotsOnBlackSite,numberOfRobotsOnWhiteSite
6757,12,20
timeStep,numberOfRobotsOnBlackSite,numberOfRobotsOnWhiteSite
6758,12,20
timeStep,numberOfRobotsOnBlackSite,numberOfRobotsOnWhiteSite
6759,12,20
timeStep,numberOfRobotsOnBlackSite,numberOfRobotsOnWhiteSite
6760,12,20
timeStep,numberOfRobotsOnBlackSite,numberOfRobotsOnWhiteSite
6761,12,20
timeStep,numberOfRobotsOnBlackSite,numberOfRobotsOnWhiteSite
6762,12,20
timeStep,numberOfRobotsOnBlackSite,numberOfRobotsOnWhiteSite
6763,12,20
timeStep,numberOfRobotsOnBlackSite,numberOfRobotsOnWhiteSite
6764,12,20
timeStep,numberOfRobotsOnBlackSite,numberOfRobotsOnWhiteSite
6765,12,20
timeStep,numberOfRobotsOnBlackSite,numberOfRobotsOnWhiteSite
6766,12,20
timeStep,numberOfRobotsOnBlackSite,numberOfRobotsOnWhiteSite
6767,12,20
timeStep,numberOfRobotsOnBlackSite,numberOfRobotsOnWhiteSite
6768,12,20
timeStep,numberOfRobotsOnBlackSite,numberOfRobotsOnWhiteSite
6769,12,20
timeStep,numberOfRobotsOnBlackSite,numberOfRobotsOnWhiteSite
6770,13,19
timeStep,numberOfRobotsOnBlackSite,numberOfRobotsOnWhiteSite
6771,13,19
timeStep,numberOfRobotsOnBlackSite,numberOfRobotsOnWhiteSite
6772,13,19
timeStep,numberOfRobotsOnBlackSite,numberOfRobotsOnWhiteSite
6773,13,19
timeStep,numberOfRobotsOnBlackSite,numberOfRobotsOnWhiteSite
6774,13,19
timeStep,numberOfRobotsOnBlackSite,numberOfRobotsOnWhiteSite
6775,13,20
timeStep,numberOfRobotsOnBlackSite,numberOfRobotsOnWhiteSite
6776,13,20
timeStep,numberOfRobotsOnBlackSite,numberOfRobotsOnWhiteSite
6777,13,20
timeStep,numberOfRobotsOnBlackSite,numberOfRobotsOnWhiteSite
6778,13,20
timeStep,numberOfRobotsOnBlackSite,numberOfRobotsOnWhiteSite
6779,13,20
timeStep,numberOfRobotsOnBlackSite,numberOfRobotsOnWhiteSite
6780,13,20
timeStep,numberOfRobotsOnBlackSite,numberOfRobotsOnWhiteSite
6781,13,20
timeStep,numberOfRobotsOnBlackSite,numberOfRobotsOnWhiteSite
6782,13,20
timeStep,numberOfRobotsOnBlackSite,numberOfRobotsOnWhiteSite
6783,13,20
timeStep,numberOfRobotsOnBlackSite,numberOfRobotsOnWhiteSite
6784,13,20
timeStep,numberOfRobotsOnBlackSite,numberOfRobotsOnWhiteSite
6785,13,20
timeStep,numberOfRobotsOnBlackSite,numberOfRobotsOnWhiteSite
6786,13,20
timeStep,numberOfRobotsOnBlackSite,numberOfRobotsOnWhiteSite
6787,13,20
timeStep,numberOfRobotsOnBlackSite,numberOfRobotsOnWhiteSite
6788,13,20
timeStep,numberOfRobotsOnBlackSite,numberOfRobotsOnWhiteSite
6789,13,20
timeStep,numberOfRobotsOnBlackSite,numberOfRobotsOnWhiteSite
6790,13,20
timeStep,numberOfRobotsOnBlackSite,numberOfRobotsOnWhiteSite
6791,13,20
timeStep,numberOfRobotsOnBlackSite,numberOfRobotsOnWhiteSite
6792,13,20
timeStep,numberOfRobotsOnBlackSite,numberOfRobotsOnWhiteSite
6793,13,20
timeStep,numberOfRobotsOnBlackSite,numberOfRobotsOnWhiteSite
6794,13,20
timeStep,numberOfRobotsOnBlackSite,numberOfRobotsOnWhiteSite
6795,13,20
timeStep,numberOfRobotsOnBlackSite,numberOfRobotsOnWhiteSite
6796,13,20
timeStep,numberOfRobotsOnBlackSite,numberOfRobotsOnWhiteSite
6797,13,20
timeStep,numberOfRobotsOnBlackSite,numberOfRobotsOnWhiteSite
6798,13,20
timeStep,numberOfRobotsOnBlackSite,numberOfRobotsOnWhiteSite
6799,13,20
timeStep,numberOfRobotsOnBlackSite,numberOfRobotsOnWhiteSite
6800,13,20
timeStep,numberOfRobotsOnBlackSite,numberOfRobotsOnWhiteSite
6801,13,20
timeStep,numberOfRobotsOnBlackSite,numberOfRobotsOnWhiteSite
6802,13,20
timeStep,numberOfRobotsOnBlackSite,numberOfRobotsOnWhiteSite
6803,13,20
timeStep,numberOfRobotsOnBlackSite,numberOfRobotsOnWhiteSite
6804,13,20
timeStep,numberOfRobotsOnBlackSite,numberOfRobotsOnWhiteSite
6805,13,20
timeStep,numberOfRobotsOnBlackSite,numberOfRobotsOnWhiteSite
6806,13,20
timeStep,numberOfRobotsOnBlackSite,numberOfRobotsOnWhiteSite
6807,13,20
timeStep,numberOfRobotsOnBlackSite,numberOfRobotsOnWhiteSite
6808,13,20
timeStep,numberOfRobotsOnBlackSite,numberOfRobotsOnWhiteSite
6809,13,20
timeStep,numberOfRobotsOnBlackSite,numberOfRobotsOnWhiteSite
6810,13,20
timeStep,numberOfRobotsOnBlackSite,numberOfRobotsOnWhiteSite
6811,13,20
timeStep,numberOfRobotsOnBlackSite,numberOfRobotsOnWhiteSite
6812,13,20
timeStep,numberOfRobotsOnBlackSite,numberOfRobotsOnWhiteSite
6813,13,20
timeStep,numberOfRobotsOnBlackSite,numberOfRobotsOnWhiteSite
6814,13,20
timeStep,numberOfRobotsOnBlackSite,numberOfRobotsOnWhiteSite
6815,13,20
timeStep,numberOfRobotsOnBlackSite,numberOfRobotsOnWhiteSite
6816,13,20
timeStep,numberOfRobotsOnBlackSite,numberOfRobotsOnWhiteSite
6817,13,20
timeStep,numberOfRobotsOnBlackSite,numberOfRobotsOnWhiteSite
6818,13,20
timeStep,numberOfRobotsOnBlackSite,numberOfRobotsOnWhiteSite
6819,13,20
timeStep,numberOfRobotsOnBlackSite,numberOfRobotsOnWhiteSite
6820,13,21
timeStep,numberOfRobotsOnBlackSite,numberOfRobotsOnWhiteSite
6821,13,21
timeStep,numberOfRobotsOnBlackSite,numberOfRobotsOnWhiteSite
6822,13,21
timeStep,numberOfRobotsOnBlackSite,numberOfRobotsOnWhiteSite
6823,13,21
timeStep,numberOfRobotsOnBlackSite,numberOfRobotsOnWhiteSite
6824,13,21
timeStep,numberOfRobotsOnBlackSite,numberOfRobotsOnWhiteSite
6825,13,21
timeStep,numberOfRobotsOnBlackSite,numberOfRobotsOnWhiteSite
6826,13,21
timeStep,numberOfRobotsOnBlackSite,numberOfRobotsOnWhiteSite
6827,13,21
timeStep,numberOfRobotsOnBlackSite,numberOfRobotsOnWhiteSite
6828,13,21
timeStep,numberOfRobotsOnBlackSite,numberOfRobotsOnWhiteSite
6829,13,21
timeStep,numberOfRobotsOnBlackSite,numberOfRobotsOnWhiteSite
6830,13,21
timeStep,numberOfRobotsOnBlackSite,numberOfRobotsOnWhiteSite
6831,13,21
timeStep,numberOfRobotsOnBlackSite,numberOfRobotsOnWhiteSite
6832,13,21
timeStep,numberOfRobotsOnBlackSite,numberOfRobotsOnWhiteSite
6833,13,21
timeStep,numberOfRobotsOnBlackSite,numberOfRobotsOnWhiteSite
6834,13,21
timeStep,numberOfRobotsOnBlackSite,numberOfRobotsOnWhiteSite
6835,13,21
timeStep,numberOfRobotsOnBlackSite,numberOfRobotsOnWhiteSite
6836,13,21
timeStep,numberOfRobotsOnBlackSite,numberOfRobotsOnWhiteSite
6837,13,21
timeStep,numberOfRobotsOnBlackSite,numberOfRobotsOnWhiteSite
6838,13,21
timeStep,numberOfRobotsOnBlackSite,numberOfRobotsOnWhiteSite
6839,13,21
timeStep,numberOfRobotsOnBlackSite,numberOfRobotsOnWhiteSite
6840,13,21
timeStep,numberOfRobotsOnBlackSite,numberOfRobotsOnWhiteSite
6841,13,21
timeStep,numberOfRobotsOnBlackSite,numberOfRobotsOnWhiteSite
6842,13,21
timeStep,numberOfRobotsOnBlackSite,numberOfRobotsOnWhiteSite
6843,13,21
timeStep,numberOfRobotsOnBlackSite,numberOfRobotsOnWhiteSite
6844,13,21
timeStep,numberOfRobotsOnBlackSite,numberOfRobotsOnWhiteSite
6845,13,21
timeStep,numberOfRobotsOnBlackSite,numberOfRobotsOnWhiteSite
6846,13,21
timeStep,numberOfRobotsOnBlackSite,numberOfRobotsOnWhiteSite
6847,13,21
timeStep,numberOfRobotsOnBlackSite,numberOfRobotsOnWhiteSite
6848,13,21
timeStep,numberOfRobotsOnBlackSite,numberOfRobotsOnWhiteSite
6849,13,21
timeStep,numberOfRobotsOnBlackSite,numberOfRobotsOnWhiteSite
6850,12,21
timeStep,numberOfRobotsOnBlackSite,numberOfRobotsOnWhiteSite
6851,12,21
timeStep,numberOfRobotsOnBlackSite,numberOfRobotsOnWhiteSite
6852,12,21
timeStep,numberOfRobotsOnBlackSite,numberOfRobotsOnWhiteSite
6853,12,21
timeStep,numberOfRobotsOnBlackSite,numberOfRobotsOnWhiteSite
6854,12,21
timeStep,numberOfRobotsOnBlackSite,numberOfRobotsOnWhiteSite
6855,12,21
timeStep,numberOfRobotsOnBlackSite,numberOfRobotsOnWhiteSite
6856,12,21
timeStep,numberOfRobotsOnBlackSite,numberOfRobotsOnWhiteSite
6857,12,21
timeStep,numberOfRobotsOnBlackSite,numberOfRobotsOnWhiteSite
6858,12,21
timeStep,numberOfRobotsOnBlackSite,numberOfRobotsOnWhiteSite
6859,12,21
timeStep,numberOfRobotsOnBlackSite,numberOfRobotsOnWhiteSite
6860,12,21
timeStep,numberOfRobotsOnBlackSite,numberOfRobotsOnWhiteSite
6861,12,21
timeStep,numberOfRobotsOnBlackSite,numberOfRobotsOnWhiteSite
6862,12,21
timeStep,numberOfRobotsOnBlackSite,numberOfRobotsOnWhiteSite
6863,12,21
timeStep,numberOfRobotsOnBlackSite,numberOfRobotsOnWhiteSite
6864,12,21
timeStep,numberOfRobotsOnBlackSite,numberOfRobotsOnWhiteSite
6865,12,21
timeStep,numberOfRobotsOnBlackSite,numberOfRobotsOnWhiteSite
6866,12,21
timeStep,numberOfRobotsOnBlackSite,numberOfRobotsOnWhiteSite
6867,12,21
timeStep,numberOfRobotsOnBlackSite,numberOfRobotsOnWhiteSite
6868,12,21
timeStep,numberOfRobotsOnBlackSite,numberOfRobotsOnWhiteSite
6869,12,21
timeStep,numberOfRobotsOnBlackSite,numberOfRobotsOnWhiteSite
6870,12,21
timeStep,numberOfRobotsOnBlackSite,numberOfRobotsOnWhiteSite
6871,12,21
timeStep,numberOfRobotsOnBlackSite,numberOfRobotsOnWhiteSite
6872,12,21
timeStep,numberOfRobotsOnBlackSite,numberOfRobotsOnWhiteSite
6873,12,21
timeStep,numberOfRobotsOnBlackSite,numberOfRobotsOnWhiteSite
6874,12,21
timeStep,numberOfRobotsOnBlackSite,numberOfRobotsOnWhiteSite
6875,12,21
timeStep,numberOfRobotsOnBlackSite,numberOfRobotsOnWhiteSite
6876,12,21
timeStep,numberOfRobotsOnBlackSite,numberOfRobotsOnWhiteSite
6877,12,21
timeStep,numberOfRobotsOnBlackSite,numberOfRobotsOnWhiteSite
6878,12,21
timeStep,numberOfRobotsOnBlackSite,numberOfRobotsOnWhiteSite
6879,12,21
timeStep,numberOfRobotsOnBlackSite,numberOfRobotsOnWhiteSite
6880,12,21
timeStep,numberOfRobotsOnBlackSite,numberOfRobotsOnWhiteSite
6881,12,21
timeStep,numberOfRobotsOnBlackSite,numberOfRobotsOnWhiteSite
6882,12,21
timeStep,numberOfRobotsOnBlackSite,numberOfRobotsOnWhiteSite
6883,12,21
timeStep,numberOfRobotsOnBlackSite,numberOfRobotsOnWhiteSite
6884,12,21
timeStep,numberOfRobotsOnBlackSite,numberOfRobotsOnWhiteSite
6885,11,21
timeStep,numberOfRobotsOnBlackSite,numberOfRobotsOnWhiteSite
6886,11,21
timeStep,numberOfRobotsOnBlackSite,numberOfRobotsOnWhiteSite
6887,11,21
timeStep,numberOfRobotsOnBlackSite,numberOfRobotsOnWhiteSite
6888,11,21
timeStep,numberOfRobotsOnBlackSite,numberOfRobotsOnWhiteSite
6889,11,21
timeStep,numberOfRobotsOnBlackSite,numberOfRobotsOnWhiteSite
6890,11,21
timeStep,numberOfRobotsOnBlackSite,numberOfRobotsOnWhiteSite
6891,11,21
timeStep,numberOfRobotsOnBlackSite,numberOfRobotsOnWhiteSite
6892,11,21
timeStep,numberOfRobotsOnBlackSite,numberOfRobotsOnWhiteSite
6893,11,21
timeStep,numberOfRobotsOnBlackSite,numberOfRobotsOnWhiteSite
6894,11,21
timeStep,numberOfRobotsOnBlackSite,numberOfRobotsOnWhiteSite
6895,11,20
timeStep,numberOfRobotsOnBlackSite,numberOfRobotsOnWhiteSite
6896,11,20
timeStep,numberOfRobotsOnBlackSite,numberOfRobotsOnWhiteSite
6897,11,20
timeStep,numberOfRobotsOnBlackSite,numberOfRobotsOnWhiteSite
6898,11,20
timeStep,numberOfRobotsOnBlackSite,numberOfRobotsOnWhiteSite
6899,11,20
timeStep,numberOfRobotsOnBlackSite,numberOfRobotsOnWhiteSite
6900,11,20
timeStep,numberOfRobotsOnBlackSite,numberOfRobotsOnWhiteSite
6901,11,20
timeStep,numberOfRobotsOnBlackSite,numberOfRobotsOnWhiteSite
6902,11,20
timeStep,numberOfRobotsOnBlackSite,numberOfRobotsOnWhiteSite
6903,11,20
timeStep,numberOfRobotsOnBlackSite,numberOfRobotsOnWhiteSite
6904,11,20
timeStep,numberOfRobotsOnBlackSite,numberOfRobotsOnWhiteSite
6905,11,20
timeStep,numberOfRobotsOnBlackSite,numberOfRobotsOnWhiteSite
6906,11,20
timeStep,numberOfRobotsOnBlackSite,numberOfRobotsOnWhiteSite
6907,11,20
timeStep,numberOfRobotsOnBlackSite,numberOfRobotsOnWhiteSite
6908,11,20
timeStep,numberOfRobotsOnBlackSite,numberOfRobotsOnWhiteSite
6909,11,20
timeStep,numberOfRobotsOnBlackSite,numberOfRobotsOnWhiteSite
6910,11,20
timeStep,numberOfRobotsOnBlackSite,numberOfRobotsOnWhiteSite
6911,11,20
timeStep,numberOfRobotsOnBlackSite,numberOfRobotsOnWhiteSite
6912,11,20
timeStep,numberOfRobotsOnBlackSite,numberOfRobotsOnWhiteSite
6913,11,20
timeStep,numberOfRobotsOnBlackSite,numberOfRobotsOnWhiteSite
6914,11,20
timeStep,numberOfRobotsOnBlackSite,numberOfRobotsOnWhiteSite
6915,11,20
timeStep,numberOfRobotsOnBlackSite,numberOfRobotsOnWhiteSite
6916,11,20
timeStep,numberOfRobotsOnBlackSite,numberOfRobotsOnWhiteSite
6917,11,20
timeStep,numberOfRobotsOnBlackSite,numberOfRobotsOnWhiteSite
6918,11,20
timeStep,numberOfRobotsOnBlackSite,numberOfRobotsOnWhiteSite
6919,11,20
timeStep,numberOfRobotsOnBlackSite,numberOfRobotsOnWhiteSite
6920,11,20
timeStep,numberOfRobotsOnBlackSite,numberOfRobotsOnWhiteSite
6921,11,20
timeStep,numberOfRobotsOnBlackSite,numberOfRobotsOnWhiteSite
6922,11,20
timeStep,numberOfRobotsOnBlackSite,numberOfRobotsOnWhiteSite
6923,11,20
timeStep,numberOfRobotsOnBlackSite,numberOfRobotsOnWhiteSite
6924,11,20
timeStep,numberOfRobotsOnBlackSite,numberOfRobotsOnWhiteSite
6925,11,20
timeStep,numberOfRobotsOnBlackSite,numberOfRobotsOnWhiteSite
6926,11,20
timeStep,numberOfRobotsOnBlackSite,numberOfRobotsOnWhiteSite
6927,11,20
timeStep,numberOfRobotsOnBlackSite,numberOfRobotsOnWhiteSite
6928,11,20
timeStep,numberOfRobotsOnBlackSite,numberOfRobotsOnWhiteSite
6929,11,20
timeStep,numberOfRobotsOnBlackSite,numberOfRobotsOnWhiteSite
6930,11,20
timeStep,numberOfRobotsOnBlackSite,numberOfRobotsOnWhiteSite
6931,11,20
timeStep,numberOfRobotsOnBlackSite,numberOfRobotsOnWhiteSite
6932,11,20
timeStep,numberOfRobotsOnBlackSite,numberOfRobotsOnWhiteSite
6933,11,20
timeStep,numberOfRobotsOnBlackSite,numberOfRobotsOnWhiteSite
6934,11,20
timeStep,numberOfRobotsOnBlackSite,numberOfRobotsOnWhiteSite
6935,11,19
timeStep,numberOfRobotsOnBlackSite,numberOfRobotsOnWhiteSite
6936,11,19
timeStep,numberOfRobotsOnBlackSite,numberOfRobotsOnWhiteSite
6937,11,19
timeStep,numberOfRobotsOnBlackSite,numberOfRobotsOnWhiteSite
6938,11,19
timeStep,numberOfRobotsOnBlackSite,numberOfRobotsOnWhiteSite
6939,11,19
timeStep,numberOfRobotsOnBlackSite,numberOfRobotsOnWhiteSite
6940,11,18
timeStep,numberOfRobotsOnBlackSite,numberOfRobotsOnWhiteSite
6941,11,18
timeStep,numberOfRobotsOnBlackSite,numberOfRobotsOnWhiteSite
6942,11,18
timeStep,numberOfRobotsOnBlackSite,numberOfRobotsOnWhiteSite
6943,11,18
timeStep,numberOfRobotsOnBlackSite,numberOfRobotsOnWhiteSite
6944,11,18
timeStep,numberOfRobotsOnBlackSite,numberOfRobotsOnWhiteSite
6945,11,18
timeStep,numberOfRobotsOnBlackSite,numberOfRobotsOnWhiteSite
6946,11,18
timeStep,numberOfRobotsOnBlackSite,numberOfRobotsOnWhiteSite
6947,11,18
timeStep,numberOfRobotsOnBlackSite,numberOfRobotsOnWhiteSite
6948,11,18
timeStep,numberOfRobotsOnBlackSite,numberOfRobotsOnWhiteSite
6949,11,18
timeStep,numberOfRobotsOnBlackSite,numberOfRobotsOnWhiteSite
6950,11,18
timeStep,numberOfRobotsOnBlackSite,numberOfRobotsOnWhiteSite
6951,11,18
timeStep,numberOfRobotsOnBlackSite,numberOfRobotsOnWhiteSite
6952,11,18
timeStep,numberOfRobotsOnBlackSite,numberOfRobotsOnWhiteSite
6953,11,18
timeStep,numberOfRobotsOnBlackSite,numberOfRobotsOnWhiteSite
6954,11,18
timeStep,numberOfRobotsOnBlackSite,numberOfRobotsOnWhiteSite
6955,11,17
timeStep,numberOfRobotsOnBlackSite,numberOfRobotsOnWhiteSite
6956,11,17
timeStep,numberOfRobotsOnBlackSite,numberOfRobotsOnWhiteSite
6957,11,17
timeStep,numberOfRobotsOnBlackSite,numberOfRobotsOnWhiteSite
6958,11,17
timeStep,numberOfRobotsOnBlackSite,numberOfRobotsOnWhiteSite
6959,11,17
timeStep,numberOfRobotsOnBlackSite,numberOfRobotsOnWhiteSite
6960,11,17
timeStep,numberOfRobotsOnBlackSite,numberOfRobotsOnWhiteSite
6961,11,17
timeStep,numberOfRobotsOnBlackSite,numberOfRobotsOnWhiteSite
6962,11,17
timeStep,numberOfRobotsOnBlackSite,numberOfRobotsOnWhiteSite
6963,11,17
timeStep,numberOfRobotsOnBlackSite,numberOfRobotsOnWhiteSite
6964,11,17
timeStep,numberOfRobotsOnBlackSite,numberOfRobotsOnWhiteSite
6965,11,17
timeStep,numberOfRobotsOnBlackSite,numberOfRobotsOnWhiteSite
6966,11,17
timeStep,numberOfRobotsOnBlackSite,numberOfRobotsOnWhiteSite
6967,11,17
timeStep,numberOfRobotsOnBlackSite,numberOfRobotsOnWhiteSite
6968,11,17
timeStep,numberOfRobotsOnBlackSite,numberOfRobotsOnWhiteSite
6969,11,17
timeStep,numberOfRobotsOnBlackSite,numberOfRobotsOnWhiteSite
6970,11,17
timeStep,numberOfRobotsOnBlackSite,numberOfRobotsOnWhiteSite
6971,11,17
timeStep,numberOfRobotsOnBlackSite,numberOfRobotsOnWhiteSite
6972,11,17
timeStep,numberOfRobotsOnBlackSite,numberOfRobotsOnWhiteSite
6973,11,17
timeStep,numberOfRobotsOnBlackSite,numberOfRobotsOnWhiteSite
6974,11,17
timeStep,numberOfRobotsOnBlackSite,numberOfRobotsOnWhiteSite
6975,11,17
timeStep,numberOfRobotsOnBlackSite,numberOfRobotsOnWhiteSite
6976,11,17
timeStep,numberOfRobotsOnBlackSite,numberOfRobotsOnWhiteSite
6977,11,17
timeStep,numberOfRobotsOnBlackSite,numberOfRobotsOnWhiteSite
6978,11,17
timeStep,numberOfRobotsOnBlackSite,numberOfRobotsOnWhiteSite
6979,11,17
timeStep,numberOfRobotsOnBlackSite,numberOfRobotsOnWhiteSite
6980,11,16
timeStep,numberOfRobotsOnBlackSite,numberOfRobotsOnWhiteSite
6981,11,16
timeStep,numberOfRobotsOnBlackSite,numberOfRobotsOnWhiteSite
6982,11,16
timeStep,numberOfRobotsOnBlackSite,numberOfRobotsOnWhiteSite
6983,11,16
timeStep,numberOfRobotsOnBlackSite,numberOfRobotsOnWhiteSite
6984,11,16
timeStep,numberOfRobotsOnBlackSite,numberOfRobotsOnWhiteSite
6985,11,16
timeStep,numberOfRobotsOnBlackSite,numberOfRobotsOnWhiteSite
6986,11,16
timeStep,numberOfRobotsOnBlackSite,numberOfRobotsOnWhiteSite
6987,11,16
timeStep,numberOfRobotsOnBlackSite,numberOfRobotsOnWhiteSite
6988,11,16
timeStep,numberOfRobotsOnBlackSite,numberOfRobotsOnWhiteSite
6989,11,16
timeStep,numberOfRobotsOnBlackSite,numberOfRobotsOnWhiteSite
6990,11,15
timeStep,numberOfRobotsOnBlackSite,numberOfRobotsOnWhiteSite
6991,11,15
timeStep,numberOfRobotsOnBlackSite,numberOfRobotsOnWhiteSite
6992,11,15
timeStep,numberOfRobotsOnBlackSite,numberOfRobotsOnWhiteSite
6993,11,15
timeStep,numberOfRobotsOnBlackSite,numberOfRobotsOnWhiteSite
6994,11,15
timeStep,numberOfRobotsOnBlackSite,numberOfRobotsOnWhiteSite
6995,11,16
timeStep,numberOfRobotsOnBlackSite,numberOfRobotsOnWhiteSite
6996,11,16
timeStep,numberOfRobotsOnBlackSite,numberOfRobotsOnWhiteSite
6997,11,16
timeStep,numberOfRobotsOnBlackSite,numberOfRobotsOnWhiteSite
6998,11,16
timeStep,numberOfRobotsOnBlackSite,numberOfRobotsOnWhiteSite
6999,11,16
timeStep,numberOfRobotsOnBlackSite,numberOfRobotsOnWhiteSite
7000,11,16
timeStep,numberOfRobotsOnBlackSite,numberOfRobotsOnWhiteSite
7001,11,16
timeStep,numberOfRobotsOnBlackSite,numberOfRobotsOnWhiteSite
7002,11,16
timeStep,numberOfRobotsOnBlackSite,numberOfRobotsOnWhiteSite
7003,11,16
timeStep,numberOfRobotsOnBlackSite,numberOfRobotsOnWhiteSite
7004,11,16
timeStep,numberOfRobotsOnBlackSite,numberOfRobotsOnWhiteSite
7005,11,17
timeStep,numberOfRobotsOnBlackSite,numberOfRobotsOnWhiteSite
7006,11,17
timeStep,numberOfRobotsOnBlackSite,numberOfRobotsOnWhiteSite
7007,11,17
timeStep,numberOfRobotsOnBlackSite,numberOfRobotsOnWhiteSite
7008,11,17
timeStep,numberOfRobotsOnBlackSite,numberOfRobotsOnWhiteSite
7009,11,17
timeStep,numberOfRobotsOnBlackSite,numberOfRobotsOnWhiteSite
7010,11,17
timeStep,numberOfRobotsOnBlackSite,numberOfRobotsOnWhiteSite
7011,11,17
timeStep,numberOfRobotsOnBlackSite,numberOfRobotsOnWhiteSite
7012,11,17
timeStep,numberOfRobotsOnBlackSite,numberOfRobotsOnWhiteSite
7013,11,17
timeStep,numberOfRobotsOnBlackSite,numberOfRobotsOnWhiteSite
7014,11,17
timeStep,numberOfRobotsOnBlackSite,numberOfRobotsOnWhiteSite
7015,11,17
timeStep,numberOfRobotsOnBlackSite,numberOfRobotsOnWhiteSite
7016,11,17
timeStep,numberOfRobotsOnBlackSite,numberOfRobotsOnWhiteSite
7017,11,17
timeStep,numberOfRobotsOnBlackSite,numberOfRobotsOnWhiteSite
7018,11,17
timeStep,numberOfRobotsOnBlackSite,numberOfRobotsOnWhiteSite
7019,11,17
timeStep,numberOfRobotsOnBlackSite,numberOfRobotsOnWhiteSite
7020,11,17
timeStep,numberOfRobotsOnBlackSite,numberOfRobotsOnWhiteSite
7021,11,17
timeStep,numberOfRobotsOnBlackSite,numberOfRobotsOnWhiteSite
7022,11,17
timeStep,numberOfRobotsOnBlackSite,numberOfRobotsOnWhiteSite
7023,11,17
timeStep,numberOfRobotsOnBlackSite,numberOfRobotsOnWhiteSite
7024,11,17
timeStep,numberOfRobotsOnBlackSite,numberOfRobotsOnWhiteSite
7025,11,17
timeStep,numberOfRobotsOnBlackSite,numberOfRobotsOnWhiteSite
7026,11,17
timeStep,numberOfRobotsOnBlackSite,numberOfRobotsOnWhiteSite
7027,11,17
timeStep,numberOfRobotsOnBlackSite,numberOfRobotsOnWhiteSite
7028,11,17
timeStep,numberOfRobotsOnBlackSite,numberOfRobotsOnWhiteSite
7029,11,17
timeStep,numberOfRobotsOnBlackSite,numberOfRobotsOnWhiteSite
7030,11,17
timeStep,numberOfRobotsOnBlackSite,numberOfRobotsOnWhiteSite
7031,11,17
timeStep,numberOfRobotsOnBlackSite,numberOfRobotsOnWhiteSite
7032,11,17
timeStep,numberOfRobotsOnBlackSite,numberOfRobotsOnWhiteSite
7033,11,17
timeStep,numberOfRobotsOnBlackSite,numberOfRobotsOnWhiteSite
7034,11,17
timeStep,numberOfRobotsOnBlackSite,numberOfRobotsOnWhiteSite
7035,11,17
timeStep,numberOfRobotsOnBlackSite,numberOfRobotsOnWhiteSite
7036,11,17
timeStep,numberOfRobotsOnBlackSite,numberOfRobotsOnWhiteSite
7037,11,17
timeStep,numberOfRobotsOnBlackSite,numberOfRobotsOnWhiteSite
7038,11,17
timeStep,numberOfRobotsOnBlackSite,numberOfRobotsOnWhiteSite
7039,11,17
timeStep,numberOfRobotsOnBlackSite,numberOfRobotsOnWhiteSite
7040,11,18
timeStep,numberOfRobotsOnBlackSite,numberOfRobotsOnWhiteSite
7041,11,18
timeStep,numberOfRobotsOnBlackSite,numberOfRobotsOnWhiteSite
7042,11,18
timeStep,numberOfRobotsOnBlackSite,numberOfRobotsOnWhiteSite
7043,11,18
timeStep,numberOfRobotsOnBlackSite,numberOfRobotsOnWhiteSite
7044,11,18
timeStep,numberOfRobotsOnBlackSite,numberOfRobotsOnWhiteSite
7045,11,18
timeStep,numberOfRobotsOnBlackSite,numberOfRobotsOnWhiteSite
7046,11,18
timeStep,numberOfRobotsOnBlackSite,numberOfRobotsOnWhiteSite
7047,11,18
timeStep,numberOfRobotsOnBlackSite,numberOfRobotsOnWhiteSite
7048,11,18
timeStep,numberOfRobotsOnBlackSite,numberOfRobotsOnWhiteSite
7049,11,18
timeStep,numberOfRobotsOnBlackSite,numberOfRobotsOnWhiteSite
7050,11,18
timeStep,numberOfRobotsOnBlackSite,numberOfRobotsOnWhiteSite
7051,11,18
timeStep,numberOfRobotsOnBlackSite,numberOfRobotsOnWhiteSite
7052,11,18
timeStep,numberOfRobotsOnBlackSite,numberOfRobotsOnWhiteSite
7053,11,18
timeStep,numberOfRobotsOnBlackSite,numberOfRobotsOnWhiteSite
7054,11,18
timeStep,numberOfRobotsOnBlackSite,numberOfRobotsOnWhiteSite
7055,11,18
timeStep,numberOfRobotsOnBlackSite,numberOfRobotsOnWhiteSite
7056,11,18
timeStep,numberOfRobotsOnBlackSite,numberOfRobotsOnWhiteSite
7057,11,18
timeStep,numberOfRobotsOnBlackSite,numberOfRobotsOnWhiteSite
7058,11,18
timeStep,numberOfRobotsOnBlackSite,numberOfRobotsOnWhiteSite
7059,11,18
timeStep,numberOfRobotsOnBlackSite,numberOfRobotsOnWhiteSite
7060,11,18
timeStep,numberOfRobotsOnBlackSite,numberOfRobotsOnWhiteSite
7061,11,18
timeStep,numberOfRobotsOnBlackSite,numberOfRobotsOnWhiteSite
7062,11,18
timeStep,numberOfRobotsOnBlackSite,numberOfRobotsOnWhiteSite
7063,11,18
timeStep,numberOfRobotsOnBlackSite,numberOfRobotsOnWhiteSite
7064,11,18
timeStep,numberOfRobotsOnBlackSite,numberOfRobotsOnWhiteSite
7065,11,18
timeStep,numberOfRobotsOnBlackSite,numberOfRobotsOnWhiteSite
7066,11,18
timeStep,numberOfRobotsOnBlackSite,numberOfRobotsOnWhiteSite
7067,11,18
timeStep,numberOfRobotsOnBlackSite,numberOfRobotsOnWhiteSite
7068,11,18
timeStep,numberOfRobotsOnBlackSite,numberOfRobotsOnWhiteSite
7069,11,18
timeStep,numberOfRobotsOnBlackSite,numberOfRobotsOnWhiteSite
7070,11,18
timeStep,numberOfRobotsOnBlackSite,numberOfRobotsOnWhiteSite
7071,11,18
timeStep,numberOfRobotsOnBlackSite,numberOfRobotsOnWhiteSite
7072,11,18
timeStep,numberOfRobotsOnBlackSite,numberOfRobotsOnWhiteSite
7073,11,18
timeStep,numberOfRobotsOnBlackSite,numberOfRobotsOnWhiteSite
7074,11,18
timeStep,numberOfRobotsOnBlackSite,numberOfRobotsOnWhiteSite
7075,10,18
timeStep,numberOfRobotsOnBlackSite,numberOfRobotsOnWhiteSite
7076,10,18
timeStep,numberOfRobotsOnBlackSite,numberOfRobotsOnWhiteSite
7077,10,18
timeStep,numberOfRobotsOnBlackSite,numberOfRobotsOnWhiteSite
7078,10,18
timeStep,numberOfRobotsOnBlackSite,numberOfRobotsOnWhiteSite
7079,10,18
timeStep,numberOfRobotsOnBlackSite,numberOfRobotsOnWhiteSite
7080,10,18
timeStep,numberOfRobotsOnBlackSite,numberOfRobotsOnWhiteSite
7081,10,18
timeStep,numberOfRobotsOnBlackSite,numberOfRobotsOnWhiteSite
7082,10,18
timeStep,numberOfRobotsOnBlackSite,numberOfRobotsOnWhiteSite
7083,10,18
timeStep,numberOfRobotsOnBlackSite,numberOfRobotsOnWhiteSite
7084,10,18
timeStep,numberOfRobotsOnBlackSite,numberOfRobotsOnWhiteSite
7085,10,18
timeStep,numberOfRobotsOnBlackSite,numberOfRobotsOnWhiteSite
7086,10,18
timeStep,numberOfRobotsOnBlackSite,numberOfRobotsOnWhiteSite
7087,10,18
timeStep,numberOfRobotsOnBlackSite,numberOfRobotsOnWhiteSite
7088,10,18
timeStep,numberOfRobotsOnBlackSite,numberOfRobotsOnWhiteSite
7089,10,18
timeStep,numberOfRobotsOnBlackSite,numberOfRobotsOnWhiteSite
7090,10,17
timeStep,numberOfRobotsOnBlackSite,numberOfRobotsOnWhiteSite
7091,10,17
timeStep,numberOfRobotsOnBlackSite,numberOfRobotsOnWhiteSite
7092,10,17
timeStep,numberOfRobotsOnBlackSite,numberOfRobotsOnWhiteSite
7093,10,17
timeStep,numberOfRobotsOnBlackSite,numberOfRobotsOnWhiteSite
7094,10,17
timeStep,numberOfRobotsOnBlackSite,numberOfRobotsOnWhiteSite
7095,10,17
timeStep,numberOfRobotsOnBlackSite,numberOfRobotsOnWhiteSite
7096,10,17
timeStep,numberOfRobotsOnBlackSite,numberOfRobotsOnWhiteSite
7097,10,17
timeStep,numberOfRobotsOnBlackSite,numberOfRobotsOnWhiteSite
7098,10,17
timeStep,numberOfRobotsOnBlackSite,numberOfRobotsOnWhiteSite
7099,10,17
timeStep,numberOfRobotsOnBlackSite,numberOfRobotsOnWhiteSite
7100,10,17
timeStep,numberOfRobotsOnBlackSite,numberOfRobotsOnWhiteSite
7101,10,17
timeStep,numberOfRobotsOnBlackSite,numberOfRobotsOnWhiteSite
7102,10,17
timeStep,numberOfRobotsOnBlackSite,numberOfRobotsOnWhiteSite
7103,10,17
timeStep,numberOfRobotsOnBlackSite,numberOfRobotsOnWhiteSite
7104,10,17
timeStep,numberOfRobotsOnBlackSite,numberOfRobotsOnWhiteSite
7105,10,17
timeStep,numberOfRobotsOnBlackSite,numberOfRobotsOnWhiteSite
7106,10,17
timeStep,numberOfRobotsOnBlackSite,numberOfRobotsOnWhiteSite
7107,10,17
timeStep,numberOfRobotsOnBlackSite,numberOfRobotsOnWhiteSite
7108,10,17
timeStep,numberOfRobotsOnBlackSite,numberOfRobotsOnWhiteSite
7109,10,17
timeStep,numberOfRobotsOnBlackSite,numberOfRobotsOnWhiteSite
7110,10,17
timeStep,numberOfRobotsOnBlackSite,numberOfRobotsOnWhiteSite
7111,10,17
timeStep,numberOfRobotsOnBlackSite,numberOfRobotsOnWhiteSite
7112,10,17
timeStep,numberOfRobotsOnBlackSite,numberOfRobotsOnWhiteSite
7113,10,17
timeStep,numberOfRobotsOnBlackSite,numberOfRobotsOnWhiteSite
7114,10,17
timeStep,numberOfRobotsOnBlackSite,numberOfRobotsOnWhiteSite
7115,10,17
timeStep,numberOfRobotsOnBlackSite,numberOfRobotsOnWhiteSite
7116,10,17
timeStep,numberOfRobotsOnBlackSite,numberOfRobotsOnWhiteSite
7117,10,17
timeStep,numberOfRobotsOnBlackSite,numberOfRobotsOnWhiteSite
7118,10,17
timeStep,numberOfRobotsOnBlackSite,numberOfRobotsOnWhiteSite
7119,10,17
timeStep,numberOfRobotsOnBlackSite,numberOfRobotsOnWhiteSite
7120,10,18
timeStep,numberOfRobotsOnBlackSite,numberOfRobotsOnWhiteSite
7121,10,18
timeStep,numberOfRobotsOnBlackSite,numberOfRobotsOnWhiteSite
7122,10,18
timeStep,numberOfRobotsOnBlackSite,numberOfRobotsOnWhiteSite
7123,10,18
timeStep,numberOfRobotsOnBlackSite,numberOfRobotsOnWhiteSite
7124,10,18
timeStep,numberOfRobotsOnBlackSite,numberOfRobotsOnWhiteSite
7125,10,18
timeStep,numberOfRobotsOnBlackSite,numberOfRobotsOnWhiteSite
7126,10,18
timeStep,numberOfRobotsOnBlackSite,numberOfRobotsOnWhiteSite
7127,10,18
timeStep,numberOfRobotsOnBlackSite,numberOfRobotsOnWhiteSite
7128,10,18
timeStep,numberOfRobotsOnBlackSite,numberOfRobotsOnWhiteSite
7129,10,18
timeStep,numberOfRobotsOnBlackSite,numberOfRobotsOnWhiteSite
7130,10,18
timeStep,numberOfRobotsOnBlackSite,numberOfRobotsOnWhiteSite
7131,10,18
timeStep,numberOfRobotsOnBlackSite,numberOfRobotsOnWhiteSite
7132,10,18
timeStep,numberOfRobotsOnBlackSite,numberOfRobotsOnWhiteSite
7133,10,18
timeStep,numberOfRobotsOnBlackSite,numberOfRobotsOnWhiteSite
7134,10,18
timeStep,numberOfRobotsOnBlackSite,numberOfRobotsOnWhiteSite
7135,10,18
timeStep,numberOfRobotsOnBlackSite,numberOfRobotsOnWhiteSite
7136,10,18
timeStep,numberOfRobotsOnBlackSite,numberOfRobotsOnWhiteSite
7137,10,18
timeStep,numberOfRobotsOnBlackSite,numberOfRobotsOnWhiteSite
7138,10,18
timeStep,numberOfRobotsOnBlackSite,numberOfRobotsOnWhiteSite
7139,10,18
timeStep,numberOfRobotsOnBlackSite,numberOfRobotsOnWhiteSite
7140,11,18
timeStep,numberOfRobotsOnBlackSite,numberOfRobotsOnWhiteSite
7141,11,18
timeStep,numberOfRobotsOnBlackSite,numberOfRobotsOnWhiteSite
7142,11,18
timeStep,numberOfRobotsOnBlackSite,numberOfRobotsOnWhiteSite
7143,11,18
timeStep,numberOfRobotsOnBlackSite,numberOfRobotsOnWhiteSite
7144,11,18
timeStep,numberOfRobotsOnBlackSite,numberOfRobotsOnWhiteSite
7145,11,18
timeStep,numberOfRobotsOnBlackSite,numberOfRobotsOnWhiteSite
7146,11,18
timeStep,numberOfRobotsOnBlackSite,numberOfRobotsOnWhiteSite
7147,11,18
timeStep,numberOfRobotsOnBlackSite,numberOfRobotsOnWhiteSite
7148,11,18
timeStep,numberOfRobotsOnBlackSite,numberOfRobotsOnWhiteSite
7149,11,18
timeStep,numberOfRobotsOnBlackSite,numberOfRobotsOnWhiteSite
7150,11,19
timeStep,numberOfRobotsOnBlackSite,numberOfRobotsOnWhiteSite
7151,11,19
timeStep,numberOfRobotsOnBlackSite,numberOfRobotsOnWhiteSite
7152,11,19
timeStep,numberOfRobotsOnBlackSite,numberOfRobotsOnWhiteSite
7153,11,19
timeStep,numberOfRobotsOnBlackSite,numberOfRobotsOnWhiteSite
7154,11,19
timeStep,numberOfRobotsOnBlackSite,numberOfRobotsOnWhiteSite
7155,11,19
timeStep,numberOfRobotsOnBlackSite,numberOfRobotsOnWhiteSite
7156,11,19
timeStep,numberOfRobotsOnBlackSite,numberOfRobotsOnWhiteSite
7157,11,19
timeStep,numberOfRobotsOnBlackSite,numberOfRobotsOnWhiteSite
7158,11,19
timeStep,numberOfRobotsOnBlackSite,numberOfRobotsOnWhiteSite
7159,11,19
timeStep,numberOfRobotsOnBlackSite,numberOfRobotsOnWhiteSite
7160,11,19
timeStep,numberOfRobotsOnBlackSite,numberOfRobotsOnWhiteSite
7161,11,19
timeStep,numberOfRobotsOnBlackSite,numberOfRobotsOnWhiteSite
7162,11,19
timeStep,numberOfRobotsOnBlackSite,numberOfRobotsOnWhiteSite
7163,11,19
timeStep,numberOfRobotsOnBlackSite,numberOfRobotsOnWhiteSite
7164,11,19
timeStep,numberOfRobotsOnBlackSite,numberOfRobotsOnWhiteSite
7165,11,19
timeStep,numberOfRobotsOnBlackSite,numberOfRobotsOnWhiteSite
7166,11,19
timeStep,numberOfRobotsOnBlackSite,numberOfRobotsOnWhiteSite
7167,11,19
timeStep,numberOfRobotsOnBlackSite,numberOfRobotsOnWhiteSite
7168,11,19
timeStep,numberOfRobotsOnBlackSite,numberOfRobotsOnWhiteSite
7169,11,19
timeStep,numberOfRobotsOnBlackSite,numberOfRobotsOnWhiteSite
7170,11,19
timeStep,numberOfRobotsOnBlackSite,numberOfRobotsOnWhiteSite
7171,11,19
timeStep,numberOfRobotsOnBlackSite,numberOfRobotsOnWhiteSite
7172,11,19
timeStep,numberOfRobotsOnBlackSite,numberOfRobotsOnWhiteSite
7173,11,19
timeStep,numberOfRobotsOnBlackSite,numberOfRobotsOnWhiteSite
7174,11,19
timeStep,numberOfRobotsOnBlackSite,numberOfRobotsOnWhiteSite
7175,11,20
timeStep,numberOfRobotsOnBlackSite,numberOfRobotsOnWhiteSite
7176,11,20
timeStep,numberOfRobotsOnBlackSite,numberOfRobotsOnWhiteSite
7177,11,20
timeStep,numberOfRobotsOnBlackSite,numberOfRobotsOnWhiteSite
7178,11,20
timeStep,numberOfRobotsOnBlackSite,numberOfRobotsOnWhiteSite
7179,11,20
timeStep,numberOfRobotsOnBlackSite,numberOfRobotsOnWhiteSite
7180,11,20
timeStep,numberOfRobotsOnBlackSite,numberOfRobotsOnWhiteSite
7181,11,20
timeStep,numberOfRobotsOnBlackSite,numberOfRobotsOnWhiteSite
7182,11,20
timeStep,numberOfRobotsOnBlackSite,numberOfRobotsOnWhiteSite
7183,11,20
timeStep,numberOfRobotsOnBlackSite,numberOfRobotsOnWhiteSite
7184,11,20
timeStep,numberOfRobotsOnBlackSite,numberOfRobotsOnWhiteSite
7185,11,20
timeStep,numberOfRobotsOnBlackSite,numberOfRobotsOnWhiteSite
7186,11,20
timeStep,numberOfRobotsOnBlackSite,numberOfRobotsOnWhiteSite
7187,11,20
timeStep,numberOfRobotsOnBlackSite,numberOfRobotsOnWhiteSite
7188,11,20
timeStep,numberOfRobotsOnBlackSite,numberOfRobotsOnWhiteSite
7189,11,20
timeStep,numberOfRobotsOnBlackSite,numberOfRobotsOnWhiteSite
7190,11,20
timeStep,numberOfRobotsOnBlackSite,numberOfRobotsOnWhiteSite
7191,11,20
timeStep,numberOfRobotsOnBlackSite,numberOfRobotsOnWhiteSite
7192,11,20
timeStep,numberOfRobotsOnBlackSite,numberOfRobotsOnWhiteSite
7193,11,20
timeStep,numberOfRobotsOnBlackSite,numberOfRobotsOnWhiteSite
7194,11,20
timeStep,numberOfRobotsOnBlackSite,numberOfRobotsOnWhiteSite
7195,11,20
timeStep,numberOfRobotsOnBlackSite,numberOfRobotsOnWhiteSite
7196,11,20
timeStep,numberOfRobotsOnBlackSite,numberOfRobotsOnWhiteSite
7197,11,20
timeStep,numberOfRobotsOnBlackSite,numberOfRobotsOnWhiteSite
7198,11,20
timeStep,numberOfRobotsOnBlackSite,numberOfRobotsOnWhiteSite
7199,11,20
timeStep,numberOfRobotsOnBlackSite,numberOfRobotsOnWhiteSite
7200,11,20
timeStep,numberOfRobotsOnBlackSite,numberOfRobotsOnWhiteSite
7201,11,20
timeStep,numberOfRobotsOnBlackSite,numberOfRobotsOnWhiteSite
7202,11,20
timeStep,numberOfRobotsOnBlackSite,numberOfRobotsOnWhiteSite
7203,11,20
timeStep,numberOfRobotsOnBlackSite,numberOfRobotsOnWhiteSite
7204,11,20
timeStep,numberOfRobotsOnBlackSite,numberOfRobotsOnWhiteSite
7205,11,19
timeStep,numberOfRobotsOnBlackSite,numberOfRobotsOnWhiteSite
7206,11,19
timeStep,numberOfRobotsOnBlackSite,numberOfRobotsOnWhiteSite
7207,11,19
timeStep,numberOfRobotsOnBlackSite,numberOfRobotsOnWhiteSite
7208,11,19
timeStep,numberOfRobotsOnBlackSite,numberOfRobotsOnWhiteSite
7209,11,19
timeStep,numberOfRobotsOnBlackSite,numberOfRobotsOnWhiteSite
7210,11,19
timeStep,numberOfRobotsOnBlackSite,numberOfRobotsOnWhiteSite
7211,11,19
timeStep,numberOfRobotsOnBlackSite,numberOfRobotsOnWhiteSite
7212,11,19
timeStep,numberOfRobotsOnBlackSite,numberOfRobotsOnWhiteSite
7213,11,19
timeStep,numberOfRobotsOnBlackSite,numberOfRobotsOnWhiteSite
7214,11,19
timeStep,numberOfRobotsOnBlackSite,numberOfRobotsOnWhiteSite
7215,11,19
timeStep,numberOfRobotsOnBlackSite,numberOfRobotsOnWhiteSite
7216,11,19
timeStep,numberOfRobotsOnBlackSite,numberOfRobotsOnWhiteSite
7217,11,19
timeStep,numberOfRobotsOnBlackSite,numberOfRobotsOnWhiteSite
7218,11,19
timeStep,numberOfRobotsOnBlackSite,numberOfRobotsOnWhiteSite
7219,11,19
timeStep,numberOfRobotsOnBlackSite,numberOfRobotsOnWhiteSite
7220,11,19
timeStep,numberOfRobotsOnBlackSite,numberOfRobotsOnWhiteSite
7221,11,19
timeStep,numberOfRobotsOnBlackSite,numberOfRobotsOnWhiteSite
7222,11,19
timeStep,numberOfRobotsOnBlackSite,numberOfRobotsOnWhiteSite
7223,11,19
timeStep,numberOfRobotsOnBlackSite,numberOfRobotsOnWhiteSite
7224,11,19
timeStep,numberOfRobotsOnBlackSite,numberOfRobotsOnWhiteSite
7225,11,20
timeStep,numberOfRobotsOnBlackSite,numberOfRobotsOnWhiteSite
7226,11,20
timeStep,numberOfRobotsOnBlackSite,numberOfRobotsOnWhiteSite
7227,11,20
timeStep,numberOfRobotsOnBlackSite,numberOfRobotsOnWhiteSite
7228,11,20
timeStep,numberOfRobotsOnBlackSite,numberOfRobotsOnWhiteSite
7229,11,20
timeStep,numberOfRobotsOnBlackSite,numberOfRobotsOnWhiteSite
7230,11,20
timeStep,numberOfRobotsOnBlackSite,numberOfRobotsOnWhiteSite
7231,11,20
timeStep,numberOfRobotsOnBlackSite,numberOfRobotsOnWhiteSite
7232,11,20
timeStep,numberOfRobotsOnBlackSite,numberOfRobotsOnWhiteSite
7233,11,20
timeStep,numberOfRobotsOnBlackSite,numberOfRobotsOnWhiteSite
7234,11,20
timeStep,numberOfRobotsOnBlackSite,numberOfRobotsOnWhiteSite
7235,11,20
timeStep,numberOfRobotsOnBlackSite,numberOfRobotsOnWhiteSite
7236,11,20
timeStep,numberOfRobotsOnBlackSite,numberOfRobotsOnWhiteSite
7237,11,20
timeStep,numberOfRobotsOnBlackSite,numberOfRobotsOnWhiteSite
7238,11,20
timeStep,numberOfRobotsOnBlackSite,numberOfRobotsOnWhiteSite
7239,11,20
timeStep,numberOfRobotsOnBlackSite,numberOfRobotsOnWhiteSite
7240,11,20
timeStep,numberOfRobotsOnBlackSite,numberOfRobotsOnWhiteSite
7241,11,20
timeStep,numberOfRobotsOnBlackSite,numberOfRobotsOnWhiteSite
7242,11,20
timeStep,numberOfRobotsOnBlackSite,numberOfRobotsOnWhiteSite
7243,11,20
timeStep,numberOfRobotsOnBlackSite,numberOfRobotsOnWhiteSite
7244,11,20
timeStep,numberOfRobotsOnBlackSite,numberOfRobotsOnWhiteSite
7245,11,20
timeStep,numberOfRobotsOnBlackSite,numberOfRobotsOnWhiteSite
7246,11,20
timeStep,numberOfRobotsOnBlackSite,numberOfRobotsOnWhiteSite
7247,11,20
timeStep,numberOfRobotsOnBlackSite,numberOfRobotsOnWhiteSite
7248,11,20
timeStep,numberOfRobotsOnBlackSite,numberOfRobotsOnWhiteSite
7249,11,20
timeStep,numberOfRobotsOnBlackSite,numberOfRobotsOnWhiteSite
7250,11,20
timeStep,numberOfRobotsOnBlackSite,numberOfRobotsOnWhiteSite
7251,11,20
timeStep,numberOfRobotsOnBlackSite,numberOfRobotsOnWhiteSite
7252,11,20
timeStep,numberOfRobotsOnBlackSite,numberOfRobotsOnWhiteSite
7253,11,20
timeStep,numberOfRobotsOnBlackSite,numberOfRobotsOnWhiteSite
7254,11,20
timeStep,numberOfRobotsOnBlackSite,numberOfRobotsOnWhiteSite
7255,11,21
timeStep,numberOfRobotsOnBlackSite,numberOfRobotsOnWhiteSite
7256,11,21
timeStep,numberOfRobotsOnBlackSite,numberOfRobotsOnWhiteSite
7257,11,21
timeStep,numberOfRobotsOnBlackSite,numberOfRobotsOnWhiteSite
7258,11,21
timeStep,numberOfRobotsOnBlackSite,numberOfRobotsOnWhiteSite
7259,11,21
timeStep,numberOfRobotsOnBlackSite,numberOfRobotsOnWhiteSite
7260,11,22
timeStep,numberOfRobotsOnBlackSite,numberOfRobotsOnWhiteSite
7261,11,22
timeStep,numberOfRobotsOnBlackSite,numberOfRobotsOnWhiteSite
7262,11,22
timeStep,numberOfRobotsOnBlackSite,numberOfRobotsOnWhiteSite
7263,11,22
timeStep,numberOfRobotsOnBlackSite,numberOfRobotsOnWhiteSite
7264,11,22
timeStep,numberOfRobotsOnBlackSite,numberOfRobotsOnWhiteSite
7265,11,22
timeStep,numberOfRobotsOnBlackSite,numberOfRobotsOnWhiteSite
7266,11,22
timeStep,numberOfRobotsOnBlackSite,numberOfRobotsOnWhiteSite
7267,11,22
timeStep,numberOfRobotsOnBlackSite,numberOfRobotsOnWhiteSite
7268,11,22
timeStep,numberOfRobotsOnBlackSite,numberOfRobotsOnWhiteSite
7269,11,22
timeStep,numberOfRobotsOnBlackSite,numberOfRobotsOnWhiteSite
7270,11,22
timeStep,numberOfRobotsOnBlackSite,numberOfRobotsOnWhiteSite
7271,11,22
timeStep,numberOfRobotsOnBlackSite,numberOfRobotsOnWhiteSite
7272,11,22
timeStep,numberOfRobotsOnBlackSite,numberOfRobotsOnWhiteSite
7273,11,22
timeStep,numberOfRobotsOnBlackSite,numberOfRobotsOnWhiteSite
7274,11,22
timeStep,numberOfRobotsOnBlackSite,numberOfRobotsOnWhiteSite
7275,11,22
timeStep,numberOfRobotsOnBlackSite,numberOfRobotsOnWhiteSite
7276,11,22
timeStep,numberOfRobotsOnBlackSite,numberOfRobotsOnWhiteSite
7277,11,22
timeStep,numberOfRobotsOnBlackSite,numberOfRobotsOnWhiteSite
7278,11,22
timeStep,numberOfRobotsOnBlackSite,numberOfRobotsOnWhiteSite
7279,11,22
timeStep,numberOfRobotsOnBlackSite,numberOfRobotsOnWhiteSite
7280,11,22
timeStep,numberOfRobotsOnBlackSite,numberOfRobotsOnWhiteSite
7281,11,22
timeStep,numberOfRobotsOnBlackSite,numberOfRobotsOnWhiteSite
7282,11,22
timeStep,numberOfRobotsOnBlackSite,numberOfRobotsOnWhiteSite
7283,11,22
timeStep,numberOfRobotsOnBlackSite,numberOfRobotsOnWhiteSite
7284,11,22
timeStep,numberOfRobotsOnBlackSite,numberOfRobotsOnWhiteSite
7285,11,22
timeStep,numberOfRobotsOnBlackSite,numberOfRobotsOnWhiteSite
7286,11,22
timeStep,numberOfRobotsOnBlackSite,numberOfRobotsOnWhiteSite
7287,11,22
timeStep,numberOfRobotsOnBlackSite,numberOfRobotsOnWhiteSite
7288,11,22
timeStep,numberOfRobotsOnBlackSite,numberOfRobotsOnWhiteSite
7289,11,22
timeStep,numberOfRobotsOnBlackSite,numberOfRobotsOnWhiteSite
7290,11,21
timeStep,numberOfRobotsOnBlackSite,numberOfRobotsOnWhiteSite
7291,11,21
timeStep,numberOfRobotsOnBlackSite,numberOfRobotsOnWhiteSite
7292,11,21
timeStep,numberOfRobotsOnBlackSite,numberOfRobotsOnWhiteSite
7293,11,21
timeStep,numberOfRobotsOnBlackSite,numberOfRobotsOnWhiteSite
7294,11,21
timeStep,numberOfRobotsOnBlackSite,numberOfRobotsOnWhiteSite
7295,11,21
timeStep,numberOfRobotsOnBlackSite,numberOfRobotsOnWhiteSite
7296,11,21
timeStep,numberOfRobotsOnBlackSite,numberOfRobotsOnWhiteSite
7297,11,21
timeStep,numberOfRobotsOnBlackSite,numberOfRobotsOnWhiteSite
7298,11,21
timeStep,numberOfRobotsOnBlackSite,numberOfRobotsOnWhiteSite
7299,11,21
timeStep,numberOfRobotsOnBlackSite,numberOfRobotsOnWhiteSite
7300,11,21
timeStep,numberOfRobotsOnBlackSite,numberOfRobotsOnWhiteSite
7301,11,21
timeStep,numberOfRobotsOnBlackSite,numberOfRobotsOnWhiteSite
7302,11,21
timeStep,numberOfRobotsOnBlackSite,numberOfRobotsOnWhiteSite
7303,11,21
timeStep,numberOfRobotsOnBlackSite,numberOfRobotsOnWhiteSite
7304,11,21
timeStep,numberOfRobotsOnBlackSite,numberOfRobotsOnWhiteSite
7305,11,21
timeStep,numberOfRobotsOnBlackSite,numberOfRobotsOnWhiteSite
7306,11,21
timeStep,numberOfRobotsOnBlackSite,numberOfRobotsOnWhiteSite
7307,11,21
timeStep,numberOfRobotsOnBlackSite,numberOfRobotsOnWhiteSite
7308,11,21
timeStep,numberOfRobotsOnBlackSite,numberOfRobotsOnWhiteSite
7309,11,21
timeStep,numberOfRobotsOnBlackSite,numberOfRobotsOnWhiteSite
7310,11,21
timeStep,numberOfRobotsOnBlackSite,numberOfRobotsOnWhiteSite
7311,11,21
timeStep,numberOfRobotsOnBlackSite,numberOfRobotsOnWhiteSite
7312,11,21
timeStep,numberOfRobotsOnBlackSite,numberOfRobotsOnWhiteSite
7313,11,21
timeStep,numberOfRobotsOnBlackSite,numberOfRobotsOnWhiteSite
7314,11,21
timeStep,numberOfRobotsOnBlackSite,numberOfRobotsOnWhiteSite
7315,11,21
timeStep,numberOfRobotsOnBlackSite,numberOfRobotsOnWhiteSite
7316,11,21
timeStep,numberOfRobotsOnBlackSite,numberOfRobotsOnWhiteSite
7317,11,21
timeStep,numberOfRobotsOnBlackSite,numberOfRobotsOnWhiteSite
7318,11,21
timeStep,numberOfRobotsOnBlackSite,numberOfRobotsOnWhiteSite
7319,11,21
timeStep,numberOfRobotsOnBlackSite,numberOfRobotsOnWhiteSite
7320,11,20
timeStep,numberOfRobotsOnBlackSite,numberOfRobotsOnWhiteSite
7321,11,20
timeStep,numberOfRobotsOnBlackSite,numberOfRobotsOnWhiteSite
7322,11,20
timeStep,numberOfRobotsOnBlackSite,numberOfRobotsOnWhiteSite
7323,11,20
timeStep,numberOfRobotsOnBlackSite,numberOfRobotsOnWhiteSite
7324,11,20
timeStep,numberOfRobotsOnBlackSite,numberOfRobotsOnWhiteSite
7325,11,20
timeStep,numberOfRobotsOnBlackSite,numberOfRobotsOnWhiteSite
7326,11,20
timeStep,numberOfRobotsOnBlackSite,numberOfRobotsOnWhiteSite
7327,11,20
timeStep,numberOfRobotsOnBlackSite,numberOfRobotsOnWhiteSite
7328,11,20
timeStep,numberOfRobotsOnBlackSite,numberOfRobotsOnWhiteSite
7329,11,20
timeStep,numberOfRobotsOnBlackSite,numberOfRobotsOnWhiteSite
7330,11,20
timeStep,numberOfRobotsOnBlackSite,numberOfRobotsOnWhiteSite
7331,11,20
timeStep,numberOfRobotsOnBlackSite,numberOfRobotsOnWhiteSite
7332,11,20
timeStep,numberOfRobotsOnBlackSite,numberOfRobotsOnWhiteSite
7333,11,20
timeStep,numberOfRobotsOnBlackSite,numberOfRobotsOnWhiteSite
7334,11,20
timeStep,numberOfRobotsOnBlackSite,numberOfRobotsOnWhiteSite
7335,11,20
timeStep,numberOfRobotsOnBlackSite,numberOfRobotsOnWhiteSite
7336,11,20
timeStep,numberOfRobotsOnBlackSite,numberOfRobotsOnWhiteSite
7337,11,20
timeStep,numberOfRobotsOnBlackSite,numberOfRobotsOnWhiteSite
7338,11,20
timeStep,numberOfRobotsOnBlackSite,numberOfRobotsOnWhiteSite
7339,11,20
timeStep,numberOfRobotsOnBlackSite,numberOfRobotsOnWhiteSite
7340,11,20
timeStep,numberOfRobotsOnBlackSite,numberOfRobotsOnWhiteSite
7341,11,20
timeStep,numberOfRobotsOnBlackSite,numberOfRobotsOnWhiteSite
7342,11,20
timeStep,numberOfRobotsOnBlackSite,numberOfRobotsOnWhiteSite
7343,11,20
timeStep,numberOfRobotsOnBlackSite,numberOfRobotsOnWhiteSite
7344,11,20
timeStep,numberOfRobotsOnBlackSite,numberOfRobotsOnWhiteSite
7345,10,20
timeStep,numberOfRobotsOnBlackSite,numberOfRobotsOnWhiteSite
7346,10,20
timeStep,numberOfRobotsOnBlackSite,numberOfRobotsOnWhiteSite
7347,10,20
timeStep,numberOfRobotsOnBlackSite,numberOfRobotsOnWhiteSite
7348,10,20
timeStep,numberOfRobotsOnBlackSite,numberOfRobotsOnWhiteSite
7349,10,20
timeStep,numberOfRobotsOnBlackSite,numberOfRobotsOnWhiteSite
7350,10,20
timeStep,numberOfRobotsOnBlackSite,numberOfRobotsOnWhiteSite
7351,10,20
timeStep,numberOfRobotsOnBlackSite,numberOfRobotsOnWhiteSite
7352,10,20
timeStep,numberOfRobotsOnBlackSite,numberOfRobotsOnWhiteSite
7353,10,20
timeStep,numberOfRobotsOnBlackSite,numberOfRobotsOnWhiteSite
7354,10,20
timeStep,numberOfRobotsOnBlackSite,numberOfRobotsOnWhiteSite
7355,10,20
timeStep,numberOfRobotsOnBlackSite,numberOfRobotsOnWhiteSite
7356,10,20
timeStep,numberOfRobotsOnBlackSite,numberOfRobotsOnWhiteSite
7357,10,20
timeStep,numberOfRobotsOnBlackSite,numberOfRobotsOnWhiteSite
7358,10,20
timeStep,numberOfRobotsOnBlackSite,numberOfRobotsOnWhiteSite
7359,10,20
timeStep,numberOfRobotsOnBlackSite,numberOfRobotsOnWhiteSite
7360,10,21
timeStep,numberOfRobotsOnBlackSite,numberOfRobotsOnWhiteSite
7361,10,21
timeStep,numberOfRobotsOnBlackSite,numberOfRobotsOnWhiteSite
7362,10,21
timeStep,numberOfRobotsOnBlackSite,numberOfRobotsOnWhiteSite
7363,10,21
timeStep,numberOfRobotsOnBlackSite,numberOfRobotsOnWhiteSite
7364,10,21
timeStep,numberOfRobotsOnBlackSite,numberOfRobotsOnWhiteSite
7365,10,21
timeStep,numberOfRobotsOnBlackSite,numberOfRobotsOnWhiteSite
7366,10,21
timeStep,numberOfRobotsOnBlackSite,numberOfRobotsOnWhiteSite
7367,10,21
timeStep,numberOfRobotsOnBlackSite,numberOfRobotsOnWhiteSite
7368,10,21
timeStep,numberOfRobotsOnBlackSite,numberOfRobotsOnWhiteSite
7369,10,21
timeStep,numberOfRobotsOnBlackSite,numberOfRobotsOnWhiteSite
7370,11,21
timeStep,numberOfRobotsOnBlackSite,numberOfRobotsOnWhiteSite
7371,11,21
timeStep,numberOfRobotsOnBlackSite,numberOfRobotsOnWhiteSite
7372,11,21
timeStep,numberOfRobotsOnBlackSite,numberOfRobotsOnWhiteSite
7373,11,21
timeStep,numberOfRobotsOnBlackSite,numberOfRobotsOnWhiteSite
7374,11,21
timeStep,numberOfRobotsOnBlackSite,numberOfRobotsOnWhiteSite
7375,11,21
timeStep,numberOfRobotsOnBlackSite,numberOfRobotsOnWhiteSite
7376,11,21
timeStep,numberOfRobotsOnBlackSite,numberOfRobotsOnWhiteSite
7377,11,21
timeStep,numberOfRobotsOnBlackSite,numberOfRobotsOnWhiteSite
7378,11,21
timeStep,numberOfRobotsOnBlackSite,numberOfRobotsOnWhiteSite
7379,11,21
timeStep,numberOfRobotsOnBlackSite,numberOfRobotsOnWhiteSite
7380,11,21
timeStep,numberOfRobotsOnBlackSite,numberOfRobotsOnWhiteSite
7381,11,21
timeStep,numberOfRobotsOnBlackSite,numberOfRobotsOnWhiteSite
7382,11,21
timeStep,numberOfRobotsOnBlackSite,numberOfRobotsOnWhiteSite
7383,11,21
timeStep,numberOfRobotsOnBlackSite,numberOfRobotsOnWhiteSite
7384,11,21
timeStep,numberOfRobotsOnBlackSite,numberOfRobotsOnWhiteSite
7385,12,21
timeStep,numberOfRobotsOnBlackSite,numberOfRobotsOnWhiteSite
7386,12,21
timeStep,numberOfRobotsOnBlackSite,numberOfRobotsOnWhiteSite
7387,12,21
timeStep,numberOfRobotsOnBlackSite,numberOfRobotsOnWhiteSite
7388,12,21
timeStep,numberOfRobotsOnBlackSite,numberOfRobotsOnWhiteSite
7389,12,21
timeStep,numberOfRobotsOnBlackSite,numberOfRobotsOnWhiteSite
7390,12,21
timeStep,numberOfRobotsOnBlackSite,numberOfRobotsOnWhiteSite
7391,12,21
timeStep,numberOfRobotsOnBlackSite,numberOfRobotsOnWhiteSite
7392,12,21
timeStep,numberOfRobotsOnBlackSite,numberOfRobotsOnWhiteSite
7393,12,21
timeStep,numberOfRobotsOnBlackSite,numberOfRobotsOnWhiteSite
7394,12,21
timeStep,numberOfRobotsOnBlackSite,numberOfRobotsOnWhiteSite
7395,12,22
timeStep,numberOfRobotsOnBlackSite,numberOfRobotsOnWhiteSite
7396,12,22
timeStep,numberOfRobotsOnBlackSite,numberOfRobotsOnWhiteSite
7397,12,22
timeStep,numberOfRobotsOnBlackSite,numberOfRobotsOnWhiteSite
7398,12,22
timeStep,numberOfRobotsOnBlackSite,numberOfRobotsOnWhiteSite
7399,12,22
timeStep,numberOfRobotsOnBlackSite,numberOfRobotsOnWhiteSite
7400,12,22
timeStep,numberOfRobotsOnBlackSite,numberOfRobotsOnWhiteSite
7401,12,22
timeStep,numberOfRobotsOnBlackSite,numberOfRobotsOnWhiteSite
7402,12,22
timeStep,numberOfRobotsOnBlackSite,numberOfRobotsOnWhiteSite
7403,12,22
timeStep,numberOfRobotsOnBlackSite,numberOfRobotsOnWhiteSite
7404,12,22
timeStep,numberOfRobotsOnBlackSite,numberOfRobotsOnWhiteSite
7405,12,22
timeStep,numberOfRobotsOnBlackSite,numberOfRobotsOnWhiteSite
7406,12,22
timeStep,numberOfRobotsOnBlackSite,numberOfRobotsOnWhiteSite
7407,12,22
timeStep,numberOfRobotsOnBlackSite,numberOfRobotsOnWhiteSite
7408,12,22
timeStep,numberOfRobotsOnBlackSite,numberOfRobotsOnWhiteSite
7409,12,22
timeStep,numberOfRobotsOnBlackSite,numberOfRobotsOnWhiteSite
7410,12,22
timeStep,numberOfRobotsOnBlackSite,numberOfRobotsOnWhiteSite
7411,12,22
timeStep,numberOfRobotsOnBlackSite,numberOfRobotsOnWhiteSite
7412,12,22
timeStep,numberOfRobotsOnBlackSite,numberOfRobotsOnWhiteSite
7413,12,22
timeStep,numberOfRobotsOnBlackSite,numberOfRobotsOnWhiteSite
7414,12,22
timeStep,numberOfRobotsOnBlackSite,numberOfRobotsOnWhiteSite
7415,12,22
timeStep,numberOfRobotsOnBlackSite,numberOfRobotsOnWhiteSite
7416,12,22
timeStep,numberOfRobotsOnBlackSite,numberOfRobotsOnWhiteSite
7417,12,22
timeStep,numberOfRobotsOnBlackSite,numberOfRobotsOnWhiteSite
7418,12,22
timeStep,numberOfRobotsOnBlackSite,numberOfRobotsOnWhiteSite
7419,12,22
timeStep,numberOfRobotsOnBlackSite,numberOfRobotsOnWhiteSite
7420,12,22
timeStep,numberOfRobotsOnBlackSite,numberOfRobotsOnWhiteSite
7421,12,22
timeStep,numberOfRobotsOnBlackSite,numberOfRobotsOnWhiteSite
7422,12,22
timeStep,numberOfRobotsOnBlackSite,numberOfRobotsOnWhiteSite
7423,12,22
timeStep,numberOfRobotsOnBlackSite,numberOfRobotsOnWhiteSite
7424,12,22
timeStep,numberOfRobotsOnBlackSite,numberOfRobotsOnWhiteSite
7425,12,22
timeStep,numberOfRobotsOnBlackSite,numberOfRobotsOnWhiteSite
7426,12,22
timeStep,numberOfRobotsOnBlackSite,numberOfRobotsOnWhiteSite
7427,12,22
timeStep,numberOfRobotsOnBlackSite,numberOfRobotsOnWhiteSite
7428,12,22
timeStep,numberOfRobotsOnBlackSite,numberOfRobotsOnWhiteSite
7429,12,22
timeStep,numberOfRobotsOnBlackSite,numberOfRobotsOnWhiteSite
7430,13,22
timeStep,numberOfRobotsOnBlackSite,numberOfRobotsOnWhiteSite
7431,13,22
timeStep,numberOfRobotsOnBlackSite,numberOfRobotsOnWhiteSite
7432,13,22
timeStep,numberOfRobotsOnBlackSite,numberOfRobotsOnWhiteSite
7433,13,22
timeStep,numberOfRobotsOnBlackSite,numberOfRobotsOnWhiteSite
7434,13,22
timeStep,numberOfRobotsOnBlackSite,numberOfRobotsOnWhiteSite
7435,13,23
timeStep,numberOfRobotsOnBlackSite,numberOfRobotsOnWhiteSite
7436,13,23
timeStep,numberOfRobotsOnBlackSite,numberOfRobotsOnWhiteSite
7437,13,23
timeStep,numberOfRobotsOnBlackSite,numberOfRobotsOnWhiteSite
7438,13,23
timeStep,numberOfRobotsOnBlackSite,numberOfRobotsOnWhiteSite
7439,13,23
timeStep,numberOfRobotsOnBlackSite,numberOfRobotsOnWhiteSite
7440,13,23
timeStep,numberOfRobotsOnBlackSite,numberOfRobotsOnWhiteSite
7441,13,23
timeStep,numberOfRobotsOnBlackSite,numberOfRobotsOnWhiteSite
7442,13,23
timeStep,numberOfRobotsOnBlackSite,numberOfRobotsOnWhiteSite
7443,13,23
timeStep,numberOfRobotsOnBlackSite,numberOfRobotsOnWhiteSite
7444,13,23
timeStep,numberOfRobotsOnBlackSite,numberOfRobotsOnWhiteSite
7445,13,23
timeStep,numberOfRobotsOnBlackSite,numberOfRobotsOnWhiteSite
7446,13,23
timeStep,numberOfRobotsOnBlackSite,numberOfRobotsOnWhiteSite
7447,13,23
timeStep,numberOfRobotsOnBlackSite,numberOfRobotsOnWhiteSite
7448,13,23
timeStep,numberOfRobotsOnBlackSite,numberOfRobotsOnWhiteSite
7449,13,23
timeStep,numberOfRobotsOnBlackSite,numberOfRobotsOnWhiteSite
7450,13,23
timeStep,numberOfRobotsOnBlackSite,numberOfRobotsOnWhiteSite
7451,13,23
timeStep,numberOfRobotsOnBlackSite,numberOfRobotsOnWhiteSite
7452,13,23
timeStep,numberOfRobotsOnBlackSite,numberOfRobotsOnWhiteSite
7453,13,23
timeStep,numberOfRobotsOnBlackSite,numberOfRobotsOnWhiteSite
7454,13,23
timeStep,numberOfRobotsOnBlackSite,numberOfRobotsOnWhiteSite
7455,13,23
timeStep,numberOfRobotsOnBlackSite,numberOfRobotsOnWhiteSite
7456,13,23
timeStep,numberOfRobotsOnBlackSite,numberOfRobotsOnWhiteSite
7457,13,23
timeStep,numberOfRobotsOnBlackSite,numberOfRobotsOnWhiteSite
7458,13,23
timeStep,numberOfRobotsOnBlackSite,numberOfRobotsOnWhiteSite
7459,13,23
timeStep,numberOfRobotsOnBlackSite,numberOfRobotsOnWhiteSite
7460,13,23
timeStep,numberOfRobotsOnBlackSite,numberOfRobotsOnWhiteSite
7461,13,23
timeStep,numberOfRobotsOnBlackSite,numberOfRobotsOnWhiteSite
7462,13,23
timeStep,numberOfRobotsOnBlackSite,numberOfRobotsOnWhiteSite
7463,13,23
timeStep,numberOfRobotsOnBlackSite,numberOfRobotsOnWhiteSite
7464,13,23
timeStep,numberOfRobotsOnBlackSite,numberOfRobotsOnWhiteSite
7465,13,23
timeStep,numberOfRobotsOnBlackSite,numberOfRobotsOnWhiteSite
7466,13,23
timeStep,numberOfRobotsOnBlackSite,numberOfRobotsOnWhiteSite
7467,13,23
timeStep,numberOfRobotsOnBlackSite,numberOfRobotsOnWhiteSite
7468,13,23
timeStep,numberOfRobotsOnBlackSite,numberOfRobotsOnWhiteSite
7469,13,23
timeStep,numberOfRobotsOnBlackSite,numberOfRobotsOnWhiteSite
7470,13,23
timeStep,numberOfRobotsOnBlackSite,numberOfRobotsOnWhiteSite
7471,13,23
timeStep,numberOfRobotsOnBlackSite,numberOfRobotsOnWhiteSite
7472,13,23
timeStep,numberOfRobotsOnBlackSite,numberOfRobotsOnWhiteSite
7473,13,23
timeStep,numberOfRobotsOnBlackSite,numberOfRobotsOnWhiteSite
7474,13,23
timeStep,numberOfRobotsOnBlackSite,numberOfRobotsOnWhiteSite
7475,13,23
timeStep,numberOfRobotsOnBlackSite,numberOfRobotsOnWhiteSite
7476,13,23
timeStep,numberOfRobotsOnBlackSite,numberOfRobotsOnWhiteSite
7477,13,23
timeStep,numberOfRobotsOnBlackSite,numberOfRobotsOnWhiteSite
7478,13,23
timeStep,numberOfRobotsOnBlackSite,numberOfRobotsOnWhiteSite
7479,13,23
timeStep,numberOfRobotsOnBlackSite,numberOfRobotsOnWhiteSite
7480,13,23
timeStep,numberOfRobotsOnBlackSite,numberOfRobotsOnWhiteSite
7481,13,23
timeStep,numberOfRobotsOnBlackSite,numberOfRobotsOnWhiteSite
7482,13,23
timeStep,numberOfRobotsOnBlackSite,numberOfRobotsOnWhiteSite
7483,13,23
timeStep,numberOfRobotsOnBlackSite,numberOfRobotsOnWhiteSite
7484,13,23
timeStep,numberOfRobotsOnBlackSite,numberOfRobotsOnWhiteSite
7485,13,23
timeStep,numberOfRobotsOnBlackSite,numberOfRobotsOnWhiteSite
7486,13,23
timeStep,numberOfRobotsOnBlackSite,numberOfRobotsOnWhiteSite
7487,13,23
timeStep,numberOfRobotsOnBlackSite,numberOfRobotsOnWhiteSite
7488,13,23
timeStep,numberOfRobotsOnBlackSite,numberOfRobotsOnWhiteSite
7489,13,23
timeStep,numberOfRobotsOnBlackSite,numberOfRobotsOnWhiteSite
7490,13,24
timeStep,numberOfRobotsOnBlackSite,numberOfRobotsOnWhiteSite
7491,13,24
timeStep,numberOfRobotsOnBlackSite,numberOfRobotsOnWhiteSite
7492,13,24
timeStep,numberOfRobotsOnBlackSite,numberOfRobotsOnWhiteSite
7493,13,24
timeStep,numberOfRobotsOnBlackSite,numberOfRobotsOnWhiteSite
7494,13,24
timeStep,numberOfRobotsOnBlackSite,numberOfRobotsOnWhiteSite
7495,13,24
timeStep,numberOfRobotsOnBlackSite,numberOfRobotsOnWhiteSite
7496,13,24
timeStep,numberOfRobotsOnBlackSite,numberOfRobotsOnWhiteSite
7497,13,24
timeStep,numberOfRobotsOnBlackSite,numberOfRobotsOnWhiteSite
7498,13,24
timeStep,numberOfRobotsOnBlackSite,numberOfRobotsOnWhiteSite
7499,13,24
timeStep,numberOfRobotsOnBlackSite,numberOfRobotsOnWhiteSite
7500,13,24
timeStep,numberOfRobotsOnBlackSite,numberOfRobotsOnWhiteSite
7501,13,24
timeStep,numberOfRobotsOnBlackSite,numberOfRobotsOnWhiteSite
7502,13,24
timeStep,numberOfRobotsOnBlackSite,numberOfRobotsOnWhiteSite
7503,13,24
timeStep,numberOfRobotsOnBlackSite,numberOfRobotsOnWhiteSite
7504,13,24
timeStep,numberOfRobotsOnBlackSite,numberOfRobotsOnWhiteSite
7505,13,24
timeStep,numberOfRobotsOnBlackSite,numberOfRobotsOnWhiteSite
7506,13,24
timeStep,numberOfRobotsOnBlackSite,numberOfRobotsOnWhiteSite
7507,13,24
timeStep,numberOfRobotsOnBlackSite,numberOfRobotsOnWhiteSite
7508,13,24
timeStep,numberOfRobotsOnBlackSite,numberOfRobotsOnWhiteSite
7509,13,24
timeStep,numberOfRobotsOnBlackSite,numberOfRobotsOnWhiteSite
7510,13,24
timeStep,numberOfRobotsOnBlackSite,numberOfRobotsOnWhiteSite
7511,13,24
timeStep,numberOfRobotsOnBlackSite,numberOfRobotsOnWhiteSite
7512,13,24
timeStep,numberOfRobotsOnBlackSite,numberOfRobotsOnWhiteSite
7513,13,24
timeStep,numberOfRobotsOnBlackSite,numberOfRobotsOnWhiteSite
7514,13,24
timeStep,numberOfRobotsOnBlackSite,numberOfRobotsOnWhiteSite
7515,13,24
timeStep,numberOfRobotsOnBlackSite,numberOfRobotsOnWhiteSite
7516,13,24
timeStep,numberOfRobotsOnBlackSite,numberOfRobotsOnWhiteSite
7517,13,24
timeStep,numberOfRobotsOnBlackSite,numberOfRobotsOnWhiteSite
7518,13,24
timeStep,numberOfRobotsOnBlackSite,numberOfRobotsOnWhiteSite
7519,13,24
timeStep,numberOfRobotsOnBlackSite,numberOfRobotsOnWhiteSite
7520,13,24
timeStep,numberOfRobotsOnBlackSite,numberOfRobotsOnWhiteSite
7521,13,24
timeStep,numberOfRobotsOnBlackSite,numberOfRobotsOnWhiteSite
7522,13,24
timeStep,numberOfRobotsOnBlackSite,numberOfRobotsOnWhiteSite
7523,13,24
timeStep,numberOfRobotsOnBlackSite,numberOfRobotsOnWhiteSite
7524,13,24
timeStep,numberOfRobotsOnBlackSite,numberOfRobotsOnWhiteSite
7525,13,24
timeStep,numberOfRobotsOnBlackSite,numberOfRobotsOnWhiteSite
7526,13,24
timeStep,numberOfRobotsOnBlackSite,numberOfRobotsOnWhiteSite
7527,13,24
timeStep,numberOfRobotsOnBlackSite,numberOfRobotsOnWhiteSite
7528,13,24
timeStep,numberOfRobotsOnBlackSite,numberOfRobotsOnWhiteSite
7529,13,24
timeStep,numberOfRobotsOnBlackSite,numberOfRobotsOnWhiteSite
7530,13,24
timeStep,numberOfRobotsOnBlackSite,numberOfRobotsOnWhiteSite
7531,13,24
timeStep,numberOfRobotsOnBlackSite,numberOfRobotsOnWhiteSite
7532,13,24
timeStep,numberOfRobotsOnBlackSite,numberOfRobotsOnWhiteSite
7533,13,24
timeStep,numberOfRobotsOnBlackSite,numberOfRobotsOnWhiteSite
7534,13,24
timeStep,numberOfRobotsOnBlackSite,numberOfRobotsOnWhiteSite
7535,13,24
timeStep,numberOfRobotsOnBlackSite,numberOfRobotsOnWhiteSite
7536,13,24
timeStep,numberOfRobotsOnBlackSite,numberOfRobotsOnWhiteSite
7537,13,24
timeStep,numberOfRobotsOnBlackSite,numberOfRobotsOnWhiteSite
7538,13,24
timeStep,numberOfRobotsOnBlackSite,numberOfRobotsOnWhiteSite
7539,13,24
timeStep,numberOfRobotsOnBlackSite,numberOfRobotsOnWhiteSite
7540,13,24
timeStep,numberOfRobotsOnBlackSite,numberOfRobotsOnWhiteSite
7541,13,24
timeStep,numberOfRobotsOnBlackSite,numberOfRobotsOnWhiteSite
7542,13,24
timeStep,numberOfRobotsOnBlackSite,numberOfRobotsOnWhiteSite
7543,13,24
timeStep,numberOfRobotsOnBlackSite,numberOfRobotsOnWhiteSite
7544,13,24
timeStep,numberOfRobotsOnBlackSite,numberOfRobotsOnWhiteSite
7545,13,24
timeStep,numberOfRobotsOnBlackSite,numberOfRobotsOnWhiteSite
7546,13,24
timeStep,numberOfRobotsOnBlackSite,numberOfRobotsOnWhiteSite
7547,13,24
timeStep,numberOfRobotsOnBlackSite,numberOfRobotsOnWhiteSite
7548,13,24
timeStep,numberOfRobotsOnBlackSite,numberOfRobotsOnWhiteSite
7549,13,24
timeStep,numberOfRobotsOnBlackSite,numberOfRobotsOnWhiteSite
7550,13,24
timeStep,numberOfRobotsOnBlackSite,numberOfRobotsOnWhiteSite
7551,13,24
timeStep,numberOfRobotsOnBlackSite,numberOfRobotsOnWhiteSite
7552,13,24
timeStep,numberOfRobotsOnBlackSite,numberOfRobotsOnWhiteSite
7553,13,24
timeStep,numberOfRobotsOnBlackSite,numberOfRobotsOnWhiteSite
7554,13,24
timeStep,numberOfRobotsOnBlackSite,numberOfRobotsOnWhiteSite
7555,14,24
timeStep,numberOfRobotsOnBlackSite,numberOfRobotsOnWhiteSite
7556,14,24
timeStep,numberOfRobotsOnBlackSite,numberOfRobotsOnWhiteSite
7557,14,24
timeStep,numberOfRobotsOnBlackSite,numberOfRobotsOnWhiteSite
7558,14,24
timeStep,numberOfRobotsOnBlackSite,numberOfRobotsOnWhiteSite
7559,14,24
timeStep,numberOfRobotsOnBlackSite,numberOfRobotsOnWhiteSite
7560,14,24
timeStep,numberOfRobotsOnBlackSite,numberOfRobotsOnWhiteSite
7561,14,24
timeStep,numberOfRobotsOnBlackSite,numberOfRobotsOnWhiteSite
7562,14,24
timeStep,numberOfRobotsOnBlackSite,numberOfRobotsOnWhiteSite
7563,14,24
timeStep,numberOfRobotsOnBlackSite,numberOfRobotsOnWhiteSite
7564,14,24
timeStep,numberOfRobotsOnBlackSite,numberOfRobotsOnWhiteSite
7565,14,24
timeStep,numberOfRobotsOnBlackSite,numberOfRobotsOnWhiteSite
7566,14,24
timeStep,numberOfRobotsOnBlackSite,numberOfRobotsOnWhiteSite
7567,14,24
timeStep,numberOfRobotsOnBlackSite,numberOfRobotsOnWhiteSite
7568,14,24
timeStep,numberOfRobotsOnBlackSite,numberOfRobotsOnWhiteSite
7569,14,24
timeStep,numberOfRobotsOnBlackSite,numberOfRobotsOnWhiteSite
7570,14,24
timeStep,numberOfRobotsOnBlackSite,numberOfRobotsOnWhiteSite
7571,14,24
timeStep,numberOfRobotsOnBlackSite,numberOfRobotsOnWhiteSite
7572,14,24
timeStep,numberOfRobotsOnBlackSite,numberOfRobotsOnWhiteSite
7573,14,24
timeStep,numberOfRobotsOnBlackSite,numberOfRobotsOnWhiteSite
7574,14,24
timeStep,numberOfRobotsOnBlackSite,numberOfRobotsOnWhiteSite
7575,14,24
timeStep,numberOfRobotsOnBlackSite,numberOfRobotsOnWhiteSite
7576,14,24
timeStep,numberOfRobotsOnBlackSite,numberOfRobotsOnWhiteSite
7577,14,24
timeStep,numberOfRobotsOnBlackSite,numberOfRobotsOnWhiteSite
7578,14,24
timeStep,numberOfRobotsOnBlackSite,numberOfRobotsOnWhiteSite
7579,14,24
timeStep,numberOfRobotsOnBlackSite,numberOfRobotsOnWhiteSite
7580,13,25
timeStep,numberOfRobotsOnBlackSite,numberOfRobotsOnWhiteSite
7581,13,25
timeStep,numberOfRobotsOnBlackSite,numberOfRobotsOnWhiteSite
7582,13,25
timeStep,numberOfRobotsOnBlackSite,numberOfRobotsOnWhiteSite
7583,13,25
timeStep,numberOfRobotsOnBlackSite,numberOfRobotsOnWhiteSite
7584,13,25
timeStep,numberOfRobotsOnBlackSite,numberOfRobotsOnWhiteSite
7585,13,25
timeStep,numberOfRobotsOnBlackSite,numberOfRobotsOnWhiteSite
7586,13,25
timeStep,numberOfRobotsOnBlackSite,numberOfRobotsOnWhiteSite
7587,13,25
timeStep,numberOfRobotsOnBlackSite,numberOfRobotsOnWhiteSite
7588,13,25
timeStep,numberOfRobotsOnBlackSite,numberOfRobotsOnWhiteSite
7589,13,25
timeStep,numberOfRobotsOnBlackSite,numberOfRobotsOnWhiteSite
7590,13,24
timeStep,numberOfRobotsOnBlackSite,numberOfRobotsOnWhiteSite
7591,13,24
timeStep,numberOfRobotsOnBlackSite,numberOfRobotsOnWhiteSite
7592,13,24
timeStep,numberOfRobotsOnBlackSite,numberOfRobotsOnWhiteSite
7593,13,24
timeStep,numberOfRobotsOnBlackSite,numberOfRobotsOnWhiteSite
7594,13,24
timeStep,numberOfRobotsOnBlackSite,numberOfRobotsOnWhiteSite
7595,14,23
timeStep,numberOfRobotsOnBlackSite,numberOfRobotsOnWhiteSite
7596,14,23
timeStep,numberOfRobotsOnBlackSite,numberOfRobotsOnWhiteSite
7597,14,23
timeStep,numberOfRobotsOnBlackSite,numberOfRobotsOnWhiteSite
7598,14,23
timeStep,numberOfRobotsOnBlackSite,numberOfRobotsOnWhiteSite
7599,14,23
timeStep,numberOfRobotsOnBlackSite,numberOfRobotsOnWhiteSite
7600,14,23
timeStep,numberOfRobotsOnBlackSite,numberOfRobotsOnWhiteSite
7601,14,23
timeStep,numberOfRobotsOnBlackSite,numberOfRobotsOnWhiteSite
7602,14,23
timeStep,numberOfRobotsOnBlackSite,numberOfRobotsOnWhiteSite
7603,14,23
timeStep,numberOfRobotsOnBlackSite,numberOfRobotsOnWhiteSite
7604,14,23
timeStep,numberOfRobotsOnBlackSite,numberOfRobotsOnWhiteSite
7605,14,23
timeStep,numberOfRobotsOnBlackSite,numberOfRobotsOnWhiteSite
7606,14,23
timeStep,numberOfRobotsOnBlackSite,numberOfRobotsOnWhiteSite
7607,14,23
timeStep,numberOfRobotsOnBlackSite,numberOfRobotsOnWhiteSite
7608,14,23
timeStep,numberOfRobotsOnBlackSite,numberOfRobotsOnWhiteSite
7609,14,23
timeStep,numberOfRobotsOnBlackSite,numberOfRobotsOnWhiteSite
7610,14,23
timeStep,numberOfRobotsOnBlackSite,numberOfRobotsOnWhiteSite
7611,14,23
timeStep,numberOfRobotsOnBlackSite,numberOfRobotsOnWhiteSite
7612,14,23
timeStep,numberOfRobotsOnBlackSite,numberOfRobotsOnWhiteSite
7613,14,23
timeStep,numberOfRobotsOnBlackSite,numberOfRobotsOnWhiteSite
7614,14,23
timeStep,numberOfRobotsOnBlackSite,numberOfRobotsOnWhiteSite
7615,13,23
timeStep,numberOfRobotsOnBlackSite,numberOfRobotsOnWhiteSite
7616,13,23
timeStep,numberOfRobotsOnBlackSite,numberOfRobotsOnWhiteSite
7617,13,23
timeStep,numberOfRobotsOnBlackSite,numberOfRobotsOnWhiteSite
7618,13,23
timeStep,numberOfRobotsOnBlackSite,numberOfRobotsOnWhiteSite
7619,13,23
timeStep,numberOfRobotsOnBlackSite,numberOfRobotsOnWhiteSite
7620,13,23
timeStep,numberOfRobotsOnBlackSite,numberOfRobotsOnWhiteSite
7621,13,23
timeStep,numberOfRobotsOnBlackSite,numberOfRobotsOnWhiteSite
7622,13,23
timeStep,numberOfRobotsOnBlackSite,numberOfRobotsOnWhiteSite
7623,13,23
timeStep,numberOfRobotsOnBlackSite,numberOfRobotsOnWhiteSite
7624,13,23
timeStep,numberOfRobotsOnBlackSite,numberOfRobotsOnWhiteSite
7625,13,24
timeStep,numberOfRobotsOnBlackSite,numberOfRobotsOnWhiteSite
7626,13,24
timeStep,numberOfRobotsOnBlackSite,numberOfRobotsOnWhiteSite
7627,13,24
timeStep,numberOfRobotsOnBlackSite,numberOfRobotsOnWhiteSite
7628,13,24
timeStep,numberOfRobotsOnBlackSite,numberOfRobotsOnWhiteSite
7629,13,24
timeStep,numberOfRobotsOnBlackSite,numberOfRobotsOnWhiteSite
7630,13,24
timeStep,numberOfRobotsOnBlackSite,numberOfRobotsOnWhiteSite
7631,13,24
timeStep,numberOfRobotsOnBlackSite,numberOfRobotsOnWhiteSite
7632,13,24
timeStep,numberOfRobotsOnBlackSite,numberOfRobotsOnWhiteSite
7633,13,24
timeStep,numberOfRobotsOnBlackSite,numberOfRobotsOnWhiteSite
7634,13,24
timeStep,numberOfRobotsOnBlackSite,numberOfRobotsOnWhiteSite
7635,13,24
timeStep,numberOfRobotsOnBlackSite,numberOfRobotsOnWhiteSite
7636,13,24
timeStep,numberOfRobotsOnBlackSite,numberOfRobotsOnWhiteSite
7637,13,24
timeStep,numberOfRobotsOnBlackSite,numberOfRobotsOnWhiteSite
7638,13,24
timeStep,numberOfRobotsOnBlackSite,numberOfRobotsOnWhiteSite
7639,13,24
timeStep,numberOfRobotsOnBlackSite,numberOfRobotsOnWhiteSite
7640,13,24
timeStep,numberOfRobotsOnBlackSite,numberOfRobotsOnWhiteSite
7641,13,24
timeStep,numberOfRobotsOnBlackSite,numberOfRobotsOnWhiteSite
7642,13,24
timeStep,numberOfRobotsOnBlackSite,numberOfRobotsOnWhiteSite
7643,13,24
timeStep,numberOfRobotsOnBlackSite,numberOfRobotsOnWhiteSite
7644,13,24
timeStep,numberOfRobotsOnBlackSite,numberOfRobotsOnWhiteSite
7645,13,24
timeStep,numberOfRobotsOnBlackSite,numberOfRobotsOnWhiteSite
7646,13,24
timeStep,numberOfRobotsOnBlackSite,numberOfRobotsOnWhiteSite
7647,13,24
timeStep,numberOfRobotsOnBlackSite,numberOfRobotsOnWhiteSite
7648,13,24
timeStep,numberOfRobotsOnBlackSite,numberOfRobotsOnWhiteSite
7649,13,24
timeStep,numberOfRobotsOnBlackSite,numberOfRobotsOnWhiteSite
7650,13,24
timeStep,numberOfRobotsOnBlackSite,numberOfRobotsOnWhiteSite
7651,13,24
timeStep,numberOfRobotsOnBlackSite,numberOfRobotsOnWhiteSite
7652,13,24
timeStep,numberOfRobotsOnBlackSite,numberOfRobotsOnWhiteSite
7653,13,24
timeStep,numberOfRobotsOnBlackSite,numberOfRobotsOnWhiteSite
7654,13,24
timeStep,numberOfRobotsOnBlackSite,numberOfRobotsOnWhiteSite
7655,13,25
timeStep,numberOfRobotsOnBlackSite,numberOfRobotsOnWhiteSite
7656,13,25
timeStep,numberOfRobotsOnBlackSite,numberOfRobotsOnWhiteSite
7657,13,25
timeStep,numberOfRobotsOnBlackSite,numberOfRobotsOnWhiteSite
7658,13,25
timeStep,numberOfRobotsOnBlackSite,numberOfRobotsOnWhiteSite
7659,13,25
timeStep,numberOfRobotsOnBlackSite,numberOfRobotsOnWhiteSite
7660,13,25
timeStep,numberOfRobotsOnBlackSite,numberOfRobotsOnWhiteSite
7661,13,25
timeStep,numberOfRobotsOnBlackSite,numberOfRobotsOnWhiteSite
7662,13,25
timeStep,numberOfRobotsOnBlackSite,numberOfRobotsOnWhiteSite
7663,13,25
timeStep,numberOfRobotsOnBlackSite,numberOfRobotsOnWhiteSite
7664,13,25
timeStep,numberOfRobotsOnBlackSite,numberOfRobotsOnWhiteSite
7665,13,25
timeStep,numberOfRobotsOnBlackSite,numberOfRobotsOnWhiteSite
7666,13,25
timeStep,numberOfRobotsOnBlackSite,numberOfRobotsOnWhiteSite
7667,13,25
timeStep,numberOfRobotsOnBlackSite,numberOfRobotsOnWhiteSite
7668,13,25
timeStep,numberOfRobotsOnBlackSite,numberOfRobotsOnWhiteSite
7669,13,25
timeStep,numberOfRobotsOnBlackSite,numberOfRobotsOnWhiteSite
7670,12,25
timeStep,numberOfRobotsOnBlackSite,numberOfRobotsOnWhiteSite
7671,12,25
timeStep,numberOfRobotsOnBlackSite,numberOfRobotsOnWhiteSite
7672,12,25
timeStep,numberOfRobotsOnBlackSite,numberOfRobotsOnWhiteSite
7673,12,25
timeStep,numberOfRobotsOnBlackSite,numberOfRobotsOnWhiteSite
7674,12,25
timeStep,numberOfRobotsOnBlackSite,numberOfRobotsOnWhiteSite
7675,12,25
timeStep,numberOfRobotsOnBlackSite,numberOfRobotsOnWhiteSite
7676,12,25
timeStep,numberOfRobotsOnBlackSite,numberOfRobotsOnWhiteSite
7677,12,25
timeStep,numberOfRobotsOnBlackSite,numberOfRobotsOnWhiteSite
7678,12,25
timeStep,numberOfRobotsOnBlackSite,numberOfRobotsOnWhiteSite
7679,12,25
timeStep,numberOfRobotsOnBlackSite,numberOfRobotsOnWhiteSite
7680,11,25
timeStep,numberOfRobotsOnBlackSite,numberOfRobotsOnWhiteSite
7681,11,25
timeStep,numberOfRobotsOnBlackSite,numberOfRobotsOnWhiteSite
7682,11,25
timeStep,numberOfRobotsOnBlackSite,numberOfRobotsOnWhiteSite
7683,11,25
timeStep,numberOfRobotsOnBlackSite,numberOfRobotsOnWhiteSite
7684,11,25
timeStep,numberOfRobotsOnBlackSite,numberOfRobotsOnWhiteSite
7685,11,25
timeStep,numberOfRobotsOnBlackSite,numberOfRobotsOnWhiteSite
7686,11,25
timeStep,numberOfRobotsOnBlackSite,numberOfRobotsOnWhiteSite
7687,11,25
timeStep,numberOfRobotsOnBlackSite,numberOfRobotsOnWhiteSite
7688,11,25
timeStep,numberOfRobotsOnBlackSite,numberOfRobotsOnWhiteSite
7689,11,25
timeStep,numberOfRobotsOnBlackSite,numberOfRobotsOnWhiteSite
7690,11,25
timeStep,numberOfRobotsOnBlackSite,numberOfRobotsOnWhiteSite
7691,11,25
timeStep,numberOfRobotsOnBlackSite,numberOfRobotsOnWhiteSite
7692,11,25
timeStep,numberOfRobotsOnBlackSite,numberOfRobotsOnWhiteSite
7693,11,25
timeStep,numberOfRobotsOnBlackSite,numberOfRobotsOnWhiteSite
7694,11,25
timeStep,numberOfRobotsOnBlackSite,numberOfRobotsOnWhiteSite
7695,11,25
timeStep,numberOfRobotsOnBlackSite,numberOfRobotsOnWhiteSite
7696,11,25
timeStep,numberOfRobotsOnBlackSite,numberOfRobotsOnWhiteSite
7697,11,25
timeStep,numberOfRobotsOnBlackSite,numberOfRobotsOnWhiteSite
7698,11,25
timeStep,numberOfRobotsOnBlackSite,numberOfRobotsOnWhiteSite
7699,11,25
timeStep,numberOfRobotsOnBlackSite,numberOfRobotsOnWhiteSite
7700,11,25
timeStep,numberOfRobotsOnBlackSite,numberOfRobotsOnWhiteSite
7701,11,25
timeStep,numberOfRobotsOnBlackSite,numberOfRobotsOnWhiteSite
7702,11,25
timeStep,numberOfRobotsOnBlackSite,numberOfRobotsOnWhiteSite
7703,11,25
timeStep,numberOfRobotsOnBlackSite,numberOfRobotsOnWhiteSite
7704,11,25
timeStep,numberOfRobotsOnBlackSite,numberOfRobotsOnWhiteSite
7705,11,24
timeStep,numberOfRobotsOnBlackSite,numberOfRobotsOnWhiteSite
7706,11,24
timeStep,numberOfRobotsOnBlackSite,numberOfRobotsOnWhiteSite
7707,11,24
timeStep,numberOfRobotsOnBlackSite,numberOfRobotsOnWhiteSite
7708,11,24
timeStep,numberOfRobotsOnBlackSite,numberOfRobotsOnWhiteSite
7709,11,24
timeStep,numberOfRobotsOnBlackSite,numberOfRobotsOnWhiteSite
7710,12,24
timeStep,numberOfRobotsOnBlackSite,numberOfRobotsOnWhiteSite
7711,12,24
timeStep,numberOfRobotsOnBlackSite,numberOfRobotsOnWhiteSite
7712,12,24
timeStep,numberOfRobotsOnBlackSite,numberOfRobotsOnWhiteSite
7713,12,24
timeStep,numberOfRobotsOnBlackSite,numberOfRobotsOnWhiteSite
7714,12,24
timeStep,numberOfRobotsOnBlackSite,numberOfRobotsOnWhiteSite
7715,12,24
timeStep,numberOfRobotsOnBlackSite,numberOfRobotsOnWhiteSite
7716,12,24
timeStep,numberOfRobotsOnBlackSite,numberOfRobotsOnWhiteSite
7717,12,24
timeStep,numberOfRobotsOnBlackSite,numberOfRobotsOnWhiteSite
7718,12,24
timeStep,numberOfRobotsOnBlackSite,numberOfRobotsOnWhiteSite
7719,12,24
timeStep,numberOfRobotsOnBlackSite,numberOfRobotsOnWhiteSite
7720,12,23
timeStep,numberOfRobotsOnBlackSite,numberOfRobotsOnWhiteSite
7721,12,23
timeStep,numberOfRobotsOnBlackSite,numberOfRobotsOnWhiteSite
7722,12,23
timeStep,numberOfRobotsOnBlackSite,numberOfRobotsOnWhiteSite
7723,12,23
timeStep,numberOfRobotsOnBlackSite,numberOfRobotsOnWhiteSite
7724,12,23
timeStep,numberOfRobotsOnBlackSite,numberOfRobotsOnWhiteSite
7725,12,23
timeStep,numberOfRobotsOnBlackSite,numberOfRobotsOnWhiteSite
7726,12,23
timeStep,numberOfRobotsOnBlackSite,numberOfRobotsOnWhiteSite
7727,12,23
timeStep,numberOfRobotsOnBlackSite,numberOfRobotsOnWhiteSite
7728,12,23
timeStep,numberOfRobotsOnBlackSite,numberOfRobotsOnWhiteSite
7729,12,23
timeStep,numberOfRobotsOnBlackSite,numberOfRobotsOnWhiteSite
7730,13,23
timeStep,numberOfRobotsOnBlackSite,numberOfRobotsOnWhiteSite
7731,13,23
timeStep,numberOfRobotsOnBlackSite,numberOfRobotsOnWhiteSite
7732,13,23
timeStep,numberOfRobotsOnBlackSite,numberOfRobotsOnWhiteSite
7733,13,23
timeStep,numberOfRobotsOnBlackSite,numberOfRobotsOnWhiteSite
7734,13,23
timeStep,numberOfRobotsOnBlackSite,numberOfRobotsOnWhiteSite
7735,13,23
timeStep,numberOfRobotsOnBlackSite,numberOfRobotsOnWhiteSite
7736,13,23
timeStep,numberOfRobotsOnBlackSite,numberOfRobotsOnWhiteSite
7737,13,23
timeStep,numberOfRobotsOnBlackSite,numberOfRobotsOnWhiteSite
7738,13,23
timeStep,numberOfRobotsOnBlackSite,numberOfRobotsOnWhiteSite
7739,13,23
timeStep,numberOfRobotsOnBlackSite,numberOfRobotsOnWhiteSite
7740,13,23
timeStep,numberOfRobotsOnBlackSite,numberOfRobotsOnWhiteSite
7741,13,23
timeStep,numberOfRobotsOnBlackSite,numberOfRobotsOnWhiteSite
7742,13,23
timeStep,numberOfRobotsOnBlackSite,numberOfRobotsOnWhiteSite
7743,13,23
timeStep,numberOfRobotsOnBlackSite,numberOfRobotsOnWhiteSite
7744,13,23
timeStep,numberOfRobotsOnBlackSite,numberOfRobotsOnWhiteSite
7745,13,24
timeStep,numberOfRobotsOnBlackSite,numberOfRobotsOnWhiteSite
7746,13,24
timeStep,numberOfRobotsOnBlackSite,numberOfRobotsOnWhiteSite
7747,13,24
timeStep,numberOfRobotsOnBlackSite,numberOfRobotsOnWhiteSite
7748,13,24
timeStep,numberOfRobotsOnBlackSite,numberOfRobotsOnWhiteSite
7749,13,24
timeStep,numberOfRobotsOnBlackSite,numberOfRobotsOnWhiteSite
7750,13,24
timeStep,numberOfRobotsOnBlackSite,numberOfRobotsOnWhiteSite
7751,13,24
timeStep,numberOfRobotsOnBlackSite,numberOfRobotsOnWhiteSite
7752,13,24
timeStep,numberOfRobotsOnBlackSite,numberOfRobotsOnWhiteSite
7753,13,24
timeStep,numberOfRobotsOnBlackSite,numberOfRobotsOnWhiteSite
7754,13,24
timeStep,numberOfRobotsOnBlackSite,numberOfRobotsOnWhiteSite
7755,13,24
timeStep,numberOfRobotsOnBlackSite,numberOfRobotsOnWhiteSite
7756,13,24
timeStep,numberOfRobotsOnBlackSite,numberOfRobotsOnWhiteSite
7757,13,24
timeStep,numberOfRobotsOnBlackSite,numberOfRobotsOnWhiteSite
7758,13,24
timeStep,numberOfRobotsOnBlackSite,numberOfRobotsOnWhiteSite
7759,13,24
timeStep,numberOfRobotsOnBlackSite,numberOfRobotsOnWhiteSite
7760,13,25
timeStep,numberOfRobotsOnBlackSite,numberOfRobotsOnWhiteSite
7761,13,25
timeStep,numberOfRobotsOnBlackSite,numberOfRobotsOnWhiteSite
7762,13,25
timeStep,numberOfRobotsOnBlackSite,numberOfRobotsOnWhiteSite
7763,13,25
timeStep,numberOfRobotsOnBlackSite,numberOfRobotsOnWhiteSite
7764,13,25
timeStep,numberOfRobotsOnBlackSite,numberOfRobotsOnWhiteSite
7765,13,25
timeStep,numberOfRobotsOnBlackSite,numberOfRobotsOnWhiteSite
7766,13,25
timeStep,numberOfRobotsOnBlackSite,numberOfRobotsOnWhiteSite
7767,13,25
timeStep,numberOfRobotsOnBlackSite,numberOfRobotsOnWhiteSite
7768,13,25
timeStep,numberOfRobotsOnBlackSite,numberOfRobotsOnWhiteSite
7769,13,25
timeStep,numberOfRobotsOnBlackSite,numberOfRobotsOnWhiteSite
7770,13,26
timeStep,numberOfRobotsOnBlackSite,numberOfRobotsOnWhiteSite
7771,13,26
timeStep,numberOfRobotsOnBlackSite,numberOfRobotsOnWhiteSite
7772,13,26
timeStep,numberOfRobotsOnBlackSite,numberOfRobotsOnWhiteSite
7773,13,26
timeStep,numberOfRobotsOnBlackSite,numberOfRobotsOnWhiteSite
7774,13,26
timeStep,numberOfRobotsOnBlackSite,numberOfRobotsOnWhiteSite
7775,13,26
timeStep,numberOfRobotsOnBlackSite,numberOfRobotsOnWhiteSite
7776,13,26
timeStep,numberOfRobotsOnBlackSite,numberOfRobotsOnWhiteSite
7777,13,26
timeStep,numberOfRobotsOnBlackSite,numberOfRobotsOnWhiteSite
7778,13,26
timeStep,numberOfRobotsOnBlackSite,numberOfRobotsOnWhiteSite
7779,13,26
timeStep,numberOfRobotsOnBlackSite,numberOfRobotsOnWhiteSite
7780,13,26
timeStep,numberOfRobotsOnBlackSite,numberOfRobotsOnWhiteSite
7781,13,26
timeStep,numberOfRobotsOnBlackSite,numberOfRobotsOnWhiteSite
7782,13,26
timeStep,numberOfRobotsOnBlackSite,numberOfRobotsOnWhiteSite
7783,13,26
timeStep,numberOfRobotsOnBlackSite,numberOfRobotsOnWhiteSite
7784,13,26
timeStep,numberOfRobotsOnBlackSite,numberOfRobotsOnWhiteSite
7785,13,26
timeStep,numberOfRobotsOnBlackSite,numberOfRobotsOnWhiteSite
7786,13,26
timeStep,numberOfRobotsOnBlackSite,numberOfRobotsOnWhiteSite
7787,13,26
timeStep,numberOfRobotsOnBlackSite,numberOfRobotsOnWhiteSite
7788,13,26
timeStep,numberOfRobotsOnBlackSite,numberOfRobotsOnWhiteSite
7789,13,26
timeStep,numberOfRobotsOnBlackSite,numberOfRobotsOnWhiteSite
7790,13,26
timeStep,numberOfRobotsOnBlackSite,numberOfRobotsOnWhiteSite
7791,13,26
timeStep,numberOfRobotsOnBlackSite,numberOfRobotsOnWhiteSite
7792,13,26
timeStep,numberOfRobotsOnBlackSite,numberOfRobotsOnWhiteSite
7793,13,26
timeStep,numberOfRobotsOnBlackSite,numberOfRobotsOnWhiteSite
7794,13,26
timeStep,numberOfRobotsOnBlackSite,numberOfRobotsOnWhiteSite
7795,13,26
timeStep,numberOfRobotsOnBlackSite,numberOfRobotsOnWhiteSite
7796,13,26
timeStep,numberOfRobotsOnBlackSite,numberOfRobotsOnWhiteSite
7797,13,26
timeStep,numberOfRobotsOnBlackSite,numberOfRobotsOnWhiteSite
7798,13,26
timeStep,numberOfRobotsOnBlackSite,numberOfRobotsOnWhiteSite
7799,13,26
timeStep,numberOfRobotsOnBlackSite,numberOfRobotsOnWhiteSite
7800,13,26
timeStep,numberOfRobotsOnBlackSite,numberOfRobotsOnWhiteSite
7801,13,26
timeStep,numberOfRobotsOnBlackSite,numberOfRobotsOnWhiteSite
7802,13,26
timeStep,numberOfRobotsOnBlackSite,numberOfRobotsOnWhiteSite
7803,13,26
timeStep,numberOfRobotsOnBlackSite,numberOfRobotsOnWhiteSite
7804,13,26
timeStep,numberOfRobotsOnBlackSite,numberOfRobotsOnWhiteSite
7805,13,26
timeStep,numberOfRobotsOnBlackSite,numberOfRobotsOnWhiteSite
7806,13,26
timeStep,numberOfRobotsOnBlackSite,numberOfRobotsOnWhiteSite
7807,13,26
timeStep,numberOfRobotsOnBlackSite,numberOfRobotsOnWhiteSite
7808,13,26
timeStep,numberOfRobotsOnBlackSite,numberOfRobotsOnWhiteSite
7809,13,26
timeStep,numberOfRobotsOnBlackSite,numberOfRobotsOnWhiteSite
7810,13,26
timeStep,numberOfRobotsOnBlackSite,numberOfRobotsOnWhiteSite
7811,13,26
timeStep,numberOfRobotsOnBlackSite,numberOfRobotsOnWhiteSite
7812,13,26
timeStep,numberOfRobotsOnBlackSite,numberOfRobotsOnWhiteSite
7813,13,26
timeStep,numberOfRobotsOnBlackSite,numberOfRobotsOnWhiteSite
7814,13,26
timeStep,numberOfRobotsOnBlackSite,numberOfRobotsOnWhiteSite
7815,13,26
timeStep,numberOfRobotsOnBlackSite,numberOfRobotsOnWhiteSite
7816,13,26
timeStep,numberOfRobotsOnBlackSite,numberOfRobotsOnWhiteSite
7817,13,26
timeStep,numberOfRobotsOnBlackSite,numberOfRobotsOnWhiteSite
7818,13,26
timeStep,numberOfRobotsOnBlackSite,numberOfRobotsOnWhiteSite
7819,13,26
timeStep,numberOfRobotsOnBlackSite,numberOfRobotsOnWhiteSite
7820,13,26
timeStep,numberOfRobotsOnBlackSite,numberOfRobotsOnWhiteSite
7821,13,26
timeStep,numberOfRobotsOnBlackSite,numberOfRobotsOnWhiteSite
7822,13,26
timeStep,numberOfRobotsOnBlackSite,numberOfRobotsOnWhiteSite
7823,13,26
timeStep,numberOfRobotsOnBlackSite,numberOfRobotsOnWhiteSite
7824,13,26
timeStep,numberOfRobotsOnBlackSite,numberOfRobotsOnWhiteSite
7825,13,25
timeStep,numberOfRobotsOnBlackSite,numberOfRobotsOnWhiteSite
7826,13,25
timeStep,numberOfRobotsOnBlackSite,numberOfRobotsOnWhiteSite
7827,13,25
timeStep,numberOfRobotsOnBlackSite,numberOfRobotsOnWhiteSite
7828,13,25
timeStep,numberOfRobotsOnBlackSite,numberOfRobotsOnWhiteSite
7829,13,25
timeStep,numberOfRobotsOnBlackSite,numberOfRobotsOnWhiteSite
7830,12,26
timeStep,numberOfRobotsOnBlackSite,numberOfRobotsOnWhiteSite
7831,12,26
timeStep,numberOfRobotsOnBlackSite,numberOfRobotsOnWhiteSite
7832,12,26
timeStep,numberOfRobotsOnBlackSite,numberOfRobotsOnWhiteSite
7833,12,26
timeStep,numberOfRobotsOnBlackSite,numberOfRobotsOnWhiteSite
7834,12,26
timeStep,numberOfRobotsOnBlackSite,numberOfRobotsOnWhiteSite
7835,11,26
timeStep,numberOfRobotsOnBlackSite,numberOfRobotsOnWhiteSite
7836,11,26
timeStep,numberOfRobotsOnBlackSite,numberOfRobotsOnWhiteSite
7837,11,26
timeStep,numberOfRobotsOnBlackSite,numberOfRobotsOnWhiteSite
7838,11,26
timeStep,numberOfRobotsOnBlackSite,numberOfRobotsOnWhiteSite
7839,11,26
timeStep,numberOfRobotsOnBlackSite,numberOfRobotsOnWhiteSite
7840,11,26
timeStep,numberOfRobotsOnBlackSite,numberOfRobotsOnWhiteSite
7841,11,26
timeStep,numberOfRobotsOnBlackSite,numberOfRobotsOnWhiteSite
7842,11,26
timeStep,numberOfRobotsOnBlackSite,numberOfRobotsOnWhiteSite
7843,11,26
timeStep,numberOfRobotsOnBlackSite,numberOfRobotsOnWhiteSite
7844,11,26
timeStep,numberOfRobotsOnBlackSite,numberOfRobotsOnWhiteSite
7845,11,25
timeStep,numberOfRobotsOnBlackSite,numberOfRobotsOnWhiteSite
7846,11,25
timeStep,numberOfRobotsOnBlackSite,numberOfRobotsOnWhiteSite
7847,11,25
timeStep,numberOfRobotsOnBlackSite,numberOfRobotsOnWhiteSite
7848,11,25
timeStep,numberOfRobotsOnBlackSite,numberOfRobotsOnWhiteSite
7849,11,25
timeStep,numberOfRobotsOnBlackSite,numberOfRobotsOnWhiteSite
7850,11,25
timeStep,numberOfRobotsOnBlackSite,numberOfRobotsOnWhiteSite
7851,11,25
timeStep,numberOfRobotsOnBlackSite,numberOfRobotsOnWhiteSite
7852,11,25
timeStep,numberOfRobotsOnBlackSite,numberOfRobotsOnWhiteSite
7853,11,25
timeStep,numberOfRobotsOnBlackSite,numberOfRobotsOnWhiteSite
7854,11,25
timeStep,numberOfRobotsOnBlackSite,numberOfRobotsOnWhiteSite
7855,11,25
timeStep,numberOfRobotsOnBlackSite,numberOfRobotsOnWhiteSite
7856,11,25
timeStep,numberOfRobotsOnBlackSite,numberOfRobotsOnWhiteSite
7857,11,25
timeStep,numberOfRobotsOnBlackSite,numberOfRobotsOnWhiteSite
7858,11,25
timeStep,numberOfRobotsOnBlackSite,numberOfRobotsOnWhiteSite
7859,11,25
timeStep,numberOfRobotsOnBlackSite,numberOfRobotsOnWhiteSite
7860,11,25
timeStep,numberOfRobotsOnBlackSite,numberOfRobotsOnWhiteSite
7861,11,25
timeStep,numberOfRobotsOnBlackSite,numberOfRobotsOnWhiteSite
7862,11,25
timeStep,numberOfRobotsOnBlackSite,numberOfRobotsOnWhiteSite
7863,11,25
timeStep,numberOfRobotsOnBlackSite,numberOfRobotsOnWhiteSite
7864,11,25
timeStep,numberOfRobotsOnBlackSite,numberOfRobotsOnWhiteSite
7865,11,25
timeStep,numberOfRobotsOnBlackSite,numberOfRobotsOnWhiteSite
7866,11,25
timeStep,numberOfRobotsOnBlackSite,numberOfRobotsOnWhiteSite
7867,11,25
timeStep,numberOfRobotsOnBlackSite,numberOfRobotsOnWhiteSite
7868,11,25
timeStep,numberOfRobotsOnBlackSite,numberOfRobotsOnWhiteSite
7869,11,25
timeStep,numberOfRobotsOnBlackSite,numberOfRobotsOnWhiteSite
7870,11,25
timeStep,numberOfRobotsOnBlackSite,numberOfRobotsOnWhiteSite
7871,11,25
timeStep,numberOfRobotsOnBlackSite,numberOfRobotsOnWhiteSite
7872,11,25
timeStep,numberOfRobotsOnBlackSite,numberOfRobotsOnWhiteSite
7873,11,25
timeStep,numberOfRobotsOnBlackSite,numberOfRobotsOnWhiteSite
7874,11,25
timeStep,numberOfRobotsOnBlackSite,numberOfRobotsOnWhiteSite
7875,11,24
timeStep,numberOfRobotsOnBlackSite,numberOfRobotsOnWhiteSite
7876,11,24
timeStep,numberOfRobotsOnBlackSite,numberOfRobotsOnWhiteSite
7877,11,24
timeStep,numberOfRobotsOnBlackSite,numberOfRobotsOnWhiteSite
7878,11,24
timeStep,numberOfRobotsOnBlackSite,numberOfRobotsOnWhiteSite
7879,11,24
timeStep,numberOfRobotsOnBlackSite,numberOfRobotsOnWhiteSite
7880,12,24
timeStep,numberOfRobotsOnBlackSite,numberOfRobotsOnWhiteSite
7881,12,24
timeStep,numberOfRobotsOnBlackSite,numberOfRobotsOnWhiteSite
7882,12,24
timeStep,numberOfRobotsOnBlackSite,numberOfRobotsOnWhiteSite
7883,12,24
timeStep,numberOfRobotsOnBlackSite,numberOfRobotsOnWhiteSite
7884,12,24
timeStep,numberOfRobotsOnBlackSite,numberOfRobotsOnWhiteSite
7885,12,24
timeStep,numberOfRobotsOnBlackSite,numberOfRobotsOnWhiteSite
7886,12,24
timeStep,numberOfRobotsOnBlackSite,numberOfRobotsOnWhiteSite
7887,12,24
timeStep,numberOfRobotsOnBlackSite,numberOfRobotsOnWhiteSite
7888,12,24
timeStep,numberOfRobotsOnBlackSite,numberOfRobotsOnWhiteSite
7889,12,24
timeStep,numberOfRobotsOnBlackSite,numberOfRobotsOnWhiteSite
7890,12,24
timeStep,numberOfRobotsOnBlackSite,numberOfRobotsOnWhiteSite
7891,12,24
timeStep,numberOfRobotsOnBlackSite,numberOfRobotsOnWhiteSite
7892,12,24
timeStep,numberOfRobotsOnBlackSite,numberOfRobotsOnWhiteSite
7893,12,24
timeStep,numberOfRobotsOnBlackSite,numberOfRobotsOnWhiteSite
7894,12,24
timeStep,numberOfRobotsOnBlackSite,numberOfRobotsOnWhiteSite
7895,12,24
timeStep,numberOfRobotsOnBlackSite,numberOfRobotsOnWhiteSite
7896,12,24
timeStep,numberOfRobotsOnBlackSite,numberOfRobotsOnWhiteSite
7897,12,24
timeStep,numberOfRobotsOnBlackSite,numberOfRobotsOnWhiteSite
7898,12,24
timeStep,numberOfRobotsOnBlackSite,numberOfRobotsOnWhiteSite
7899,12,24
timeStep,numberOfRobotsOnBlackSite,numberOfRobotsOnWhiteSite
7900,12,24
timeStep,numberOfRobotsOnBlackSite,numberOfRobotsOnWhiteSite
7901,12,24
timeStep,numberOfRobotsOnBlackSite,numberOfRobotsOnWhiteSite
7902,12,24
timeStep,numberOfRobotsOnBlackSite,numberOfRobotsOnWhiteSite
7903,12,24
timeStep,numberOfRobotsOnBlackSite,numberOfRobotsOnWhiteSite
7904,12,24
timeStep,numberOfRobotsOnBlackSite,numberOfRobotsOnWhiteSite
7905,12,24
timeStep,numberOfRobotsOnBlackSite,numberOfRobotsOnWhiteSite
7906,12,24
timeStep,numberOfRobotsOnBlackSite,numberOfRobotsOnWhiteSite
7907,12,24
timeStep,numberOfRobotsOnBlackSite,numberOfRobotsOnWhiteSite
7908,12,24
timeStep,numberOfRobotsOnBlackSite,numberOfRobotsOnWhiteSite
7909,12,24
timeStep,numberOfRobotsOnBlackSite,numberOfRobotsOnWhiteSite
7910,12,24
timeStep,numberOfRobotsOnBlackSite,numberOfRobotsOnWhiteSite
7911,12,24
timeStep,numberOfRobotsOnBlackSite,numberOfRobotsOnWhiteSite
7912,12,24
timeStep,numberOfRobotsOnBlackSite,numberOfRobotsOnWhiteSite
7913,12,24
timeStep,numberOfRobotsOnBlackSite,numberOfRobotsOnWhiteSite
7914,12,24
timeStep,numberOfRobotsOnBlackSite,numberOfRobotsOnWhiteSite
7915,11,24
timeStep,numberOfRobotsOnBlackSite,numberOfRobotsOnWhiteSite
7916,11,24
timeStep,numberOfRobotsOnBlackSite,numberOfRobotsOnWhiteSite
7917,11,24
timeStep,numberOfRobotsOnBlackSite,numberOfRobotsOnWhiteSite
7918,11,24
timeStep,numberOfRobotsOnBlackSite,numberOfRobotsOnWhiteSite
7919,11,24
timeStep,numberOfRobotsOnBlackSite,numberOfRobotsOnWhiteSite
7920,11,25
timeStep,numberOfRobotsOnBlackSite,numberOfRobotsOnWhiteSite
7921,11,25
timeStep,numberOfRobotsOnBlackSite,numberOfRobotsOnWhiteSite
7922,11,25
timeStep,numberOfRobotsOnBlackSite,numberOfRobotsOnWhiteSite
7923,11,25
timeStep,numberOfRobotsOnBlackSite,numberOfRobotsOnWhiteSite
7924,11,25
timeStep,numberOfRobotsOnBlackSite,numberOfRobotsOnWhiteSite
7925,11,25
timeStep,numberOfRobotsOnBlackSite,numberOfRobotsOnWhiteSite
7926,11,25
timeStep,numberOfRobotsOnBlackSite,numberOfRobotsOnWhiteSite
7927,11,25
timeStep,numberOfRobotsOnBlackSite,numberOfRobotsOnWhiteSite
7928,11,25
timeStep,numberOfRobotsOnBlackSite,numberOfRobotsOnWhiteSite
7929,11,25
timeStep,numberOfRobotsOnBlackSite,numberOfRobotsOnWhiteSite
7930,11,25
timeStep,numberOfRobotsOnBlackSite,numberOfRobotsOnWhiteSite
7931,11,25
timeStep,numberOfRobotsOnBlackSite,numberOfRobotsOnWhiteSite
7932,11,25
timeStep,numberOfRobotsOnBlackSite,numberOfRobotsOnWhiteSite
7933,11,25
timeStep,numberOfRobotsOnBlackSite,numberOfRobotsOnWhiteSite
7934,11,25
timeStep,numberOfRobotsOnBlackSite,numberOfRobotsOnWhiteSite
7935,11,25
timeStep,numberOfRobotsOnBlackSite,numberOfRobotsOnWhiteSite
7936,11,25
timeStep,numberOfRobotsOnBlackSite,numberOfRobotsOnWhiteSite
7937,11,25
timeStep,numberOfRobotsOnBlackSite,numberOfRobotsOnWhiteSite
7938,11,25
timeStep,numberOfRobotsOnBlackSite,numberOfRobotsOnWhiteSite
7939,11,25
timeStep,numberOfRobotsOnBlackSite,numberOfRobotsOnWhiteSite
7940,11,25
timeStep,numberOfRobotsOnBlackSite,numberOfRobotsOnWhiteSite
7941,11,25
timeStep,numberOfRobotsOnBlackSite,numberOfRobotsOnWhiteSite
7942,11,25
timeStep,numberOfRobotsOnBlackSite,numberOfRobotsOnWhiteSite
7943,11,25
timeStep,numberOfRobotsOnBlackSite,numberOfRobotsOnWhiteSite
7944,11,25
timeStep,numberOfRobotsOnBlackSite,numberOfRobotsOnWhiteSite
7945,11,24
timeStep,numberOfRobotsOnBlackSite,numberOfRobotsOnWhiteSite
7946,11,24
timeStep,numberOfRobotsOnBlackSite,numberOfRobotsOnWhiteSite
7947,11,24
timeStep,numberOfRobotsOnBlackSite,numberOfRobotsOnWhiteSite
7948,11,24
timeStep,numberOfRobotsOnBlackSite,numberOfRobotsOnWhiteSite
7949,11,24
timeStep,numberOfRobotsOnBlackSite,numberOfRobotsOnWhiteSite
7950,11,24
timeStep,numberOfRobotsOnBlackSite,numberOfRobotsOnWhiteSite
7951,11,24
timeStep,numberOfRobotsOnBlackSite,numberOfRobotsOnWhiteSite
7952,11,24
timeStep,numberOfRobotsOnBlackSite,numberOfRobotsOnWhiteSite
7953,11,24
timeStep,numberOfRobotsOnBlackSite,numberOfRobotsOnWhiteSite
7954,11,24
timeStep,numberOfRobotsOnBlackSite,numberOfRobotsOnWhiteSite
7955,11,24
timeStep,numberOfRobotsOnBlackSite,numberOfRobotsOnWhiteSite
7956,11,24
timeStep,numberOfRobotsOnBlackSite,numberOfRobotsOnWhiteSite
7957,11,24
timeStep,numberOfRobotsOnBlackSite,numberOfRobotsOnWhiteSite
7958,11,24
timeStep,numberOfRobotsOnBlackSite,numberOfRobotsOnWhiteSite
7959,11,24
timeStep,numberOfRobotsOnBlackSite,numberOfRobotsOnWhiteSite
7960,11,24
timeStep,numberOfRobotsOnBlackSite,numberOfRobotsOnWhiteSite
7961,11,24
timeStep,numberOfRobotsOnBlackSite,numberOfRobotsOnWhiteSite
7962,11,24
timeStep,numberOfRobotsOnBlackSite,numberOfRobotsOnWhiteSite
7963,11,24
timeStep,numberOfRobotsOnBlackSite,numberOfRobotsOnWhiteSite
7964,11,24
timeStep,numberOfRobotsOnBlackSite,numberOfRobotsOnWhiteSite
7965,11,24
timeStep,numberOfRobotsOnBlackSite,numberOfRobotsOnWhiteSite
7966,11,24
timeStep,numberOfRobotsOnBlackSite,numberOfRobotsOnWhiteSite
7967,11,24
timeStep,numberOfRobotsOnBlackSite,numberOfRobotsOnWhiteSite
7968,11,24
timeStep,numberOfRobotsOnBlackSite,numberOfRobotsOnWhiteSite
7969,11,24
timeStep,numberOfRobotsOnBlackSite,numberOfRobotsOnWhiteSite
7970,11,24
timeStep,numberOfRobotsOnBlackSite,numberOfRobotsOnWhiteSite
7971,11,24
timeStep,numberOfRobotsOnBlackSite,numberOfRobotsOnWhiteSite
7972,11,24
timeStep,numberOfRobotsOnBlackSite,numberOfRobotsOnWhiteSite
7973,11,24
timeStep,numberOfRobotsOnBlackSite,numberOfRobotsOnWhiteSite
7974,11,24
timeStep,numberOfRobotsOnBlackSite,numberOfRobotsOnWhiteSite
7975,11,24
timeStep,numberOfRobotsOnBlackSite,numberOfRobotsOnWhiteSite
7976,11,24
timeStep,numberOfRobotsOnBlackSite,numberOfRobotsOnWhiteSite
7977,11,24
timeStep,numberOfRobotsOnBlackSite,numberOfRobotsOnWhiteSite
7978,11,24
timeStep,numberOfRobotsOnBlackSite,numberOfRobotsOnWhiteSite
7979,11,24
timeStep,numberOfRobotsOnBlackSite,numberOfRobotsOnWhiteSite
7980,11,25
timeStep,numberOfRobotsOnBlackSite,numberOfRobotsOnWhiteSite
7981,11,25
timeStep,numberOfRobotsOnBlackSite,numberOfRobotsOnWhiteSite
7982,11,25
timeStep,numberOfRobotsOnBlackSite,numberOfRobotsOnWhiteSite
7983,11,25
timeStep,numberOfRobotsOnBlackSite,numberOfRobotsOnWhiteSite
7984,11,25
timeStep,numberOfRobotsOnBlackSite,numberOfRobotsOnWhiteSite
7985,11,25
timeStep,numberOfRobotsOnBlackSite,numberOfRobotsOnWhiteSite
7986,11,25
timeStep,numberOfRobotsOnBlackSite,numberOfRobotsOnWhiteSite
7987,11,25
timeStep,numberOfRobotsOnBlackSite,numberOfRobotsOnWhiteSite
7988,11,25
timeStep,numberOfRobotsOnBlackSite,numberOfRobotsOnWhiteSite
7989,11,25
timeStep,numberOfRobotsOnBlackSite,numberOfRobotsOnWhiteSite
7990,11,25
timeStep,numberOfRobotsOnBlackSite,numberOfRobotsOnWhiteSite
7991,11,25
timeStep,numberOfRobotsOnBlackSite,numberOfRobotsOnWhiteSite
7992,11,25
timeStep,numberOfRobotsOnBlackSite,numberOfRobotsOnWhiteSite
7993,11,25
timeStep,numberOfRobotsOnBlackSite,numberOfRobotsOnWhiteSite
7994,11,25
timeStep,numberOfRobotsOnBlackSite,numberOfRobotsOnWhiteSite
7995,11,25
timeStep,numberOfRobotsOnBlackSite,numberOfRobotsOnWhiteSite
7996,11,25
timeStep,numberOfRobotsOnBlackSite,numberOfRobotsOnWhiteSite
7997,11,25
timeStep,numberOfRobotsOnBlackSite,numberOfRobotsOnWhiteSite
7998,11,25
timeStep,numberOfRobotsOnBlackSite,numberOfRobotsOnWhiteSite
7999,11,25
timeStep,numberOfRobotsOnBlackSite,numberOfRobotsOnWhiteSite
8000,11,25
timeStep,numberOfRobotsOnBlackSite,numberOfRobotsOnWhiteSite
8001,11,25
timeStep,numberOfRobotsOnBlackSite,numberOfRobotsOnWhiteSite
8002,11,25
timeStep,numberOfRobotsOnBlackSite,numberOfRobotsOnWhiteSite
8003,11,25
timeStep,numberOfRobotsOnBlackSite,numberOfRobotsOnWhiteSite
8004,11,25
timeStep,numberOfRobotsOnBlackSite,numberOfRobotsOnWhiteSite
8005,11,25
timeStep,numberOfRobotsOnBlackSite,numberOfRobotsOnWhiteSite
8006,11,25
timeStep,numberOfRobotsOnBlackSite,numberOfRobotsOnWhiteSite
8007,11,25
timeStep,numberOfRobotsOnBlackSite,numberOfRobotsOnWhiteSite
8008,11,25
timeStep,numberOfRobotsOnBlackSite,numberOfRobotsOnWhiteSite
8009,11,25
timeStep,numberOfRobotsOnBlackSite,numberOfRobotsOnWhiteSite
8010,11,25
timeStep,numberOfRobotsOnBlackSite,numberOfRobotsOnWhiteSite
8011,11,25
timeStep,numberOfRobotsOnBlackSite,numberOfRobotsOnWhiteSite
8012,11,25
timeStep,numberOfRobotsOnBlackSite,numberOfRobotsOnWhiteSite
8013,11,25
timeStep,numberOfRobotsOnBlackSite,numberOfRobotsOnWhiteSite
8014,11,25
timeStep,numberOfRobotsOnBlackSite,numberOfRobotsOnWhiteSite
8015,11,26
timeStep,numberOfRobotsOnBlackSite,numberOfRobotsOnWhiteSite
8016,11,26
timeStep,numberOfRobotsOnBlackSite,numberOfRobotsOnWhiteSite
8017,11,26
timeStep,numberOfRobotsOnBlackSite,numberOfRobotsOnWhiteSite
8018,11,26
timeStep,numberOfRobotsOnBlackSite,numberOfRobotsOnWhiteSite
8019,11,26
timeStep,numberOfRobotsOnBlackSite,numberOfRobotsOnWhiteSite
8020,11,26
timeStep,numberOfRobotsOnBlackSite,numberOfRobotsOnWhiteSite
8021,11,26
timeStep,numberOfRobotsOnBlackSite,numberOfRobotsOnWhiteSite
8022,11,26
timeStep,numberOfRobotsOnBlackSite,numberOfRobotsOnWhiteSite
8023,11,26
timeStep,numberOfRobotsOnBlackSite,numberOfRobotsOnWhiteSite
8024,11,26
timeStep,numberOfRobotsOnBlackSite,numberOfRobotsOnWhiteSite
8025,11,26
timeStep,numberOfRobotsOnBlackSite,numberOfRobotsOnWhiteSite
8026,11,26
timeStep,numberOfRobotsOnBlackSite,numberOfRobotsOnWhiteSite
8027,11,26
timeStep,numberOfRobotsOnBlackSite,numberOfRobotsOnWhiteSite
8028,11,26
timeStep,numberOfRobotsOnBlackSite,numberOfRobotsOnWhiteSite
8029,11,26
timeStep,numberOfRobotsOnBlackSite,numberOfRobotsOnWhiteSite
8030,11,26
timeStep,numberOfRobotsOnBlackSite,numberOfRobotsOnWhiteSite
8031,11,26
timeStep,numberOfRobotsOnBlackSite,numberOfRobotsOnWhiteSite
8032,11,26
timeStep,numberOfRobotsOnBlackSite,numberOfRobotsOnWhiteSite
8033,11,26
timeStep,numberOfRobotsOnBlackSite,numberOfRobotsOnWhiteSite
8034,11,26
timeStep,numberOfRobotsOnBlackSite,numberOfRobotsOnWhiteSite
8035,11,26
timeStep,numberOfRobotsOnBlackSite,numberOfRobotsOnWhiteSite
8036,11,26
timeStep,numberOfRobotsOnBlackSite,numberOfRobotsOnWhiteSite
8037,11,26
timeStep,numberOfRobotsOnBlackSite,numberOfRobotsOnWhiteSite
8038,11,26
timeStep,numberOfRobotsOnBlackSite,numberOfRobotsOnWhiteSite
8039,11,26
timeStep,numberOfRobotsOnBlackSite,numberOfRobotsOnWhiteSite
8040,11,26
timeStep,numberOfRobotsOnBlackSite,numberOfRobotsOnWhiteSite
8041,11,26
timeStep,numberOfRobotsOnBlackSite,numberOfRobotsOnWhiteSite
8042,11,26
timeStep,numberOfRobotsOnBlackSite,numberOfRobotsOnWhiteSite
8043,11,26
timeStep,numberOfRobotsOnBlackSite,numberOfRobotsOnWhiteSite
8044,11,26
timeStep,numberOfRobotsOnBlackSite,numberOfRobotsOnWhiteSite
8045,11,26
timeStep,numberOfRobotsOnBlackSite,numberOfRobotsOnWhiteSite
8046,11,26
timeStep,numberOfRobotsOnBlackSite,numberOfRobotsOnWhiteSite
8047,11,26
timeStep,numberOfRobotsOnBlackSite,numberOfRobotsOnWhiteSite
8048,11,26
timeStep,numberOfRobotsOnBlackSite,numberOfRobotsOnWhiteSite
8049,11,26
timeStep,numberOfRobotsOnBlackSite,numberOfRobotsOnWhiteSite
8050,11,26
timeStep,numberOfRobotsOnBlackSite,numberOfRobotsOnWhiteSite
8051,11,26
timeStep,numberOfRobotsOnBlackSite,numberOfRobotsOnWhiteSite
8052,11,26
timeStep,numberOfRobotsOnBlackSite,numberOfRobotsOnWhiteSite
8053,11,26
timeStep,numberOfRobotsOnBlackSite,numberOfRobotsOnWhiteSite
8054,11,26
timeStep,numberOfRobotsOnBlackSite,numberOfRobotsOnWhiteSite
8055,11,26
timeStep,numberOfRobotsOnBlackSite,numberOfRobotsOnWhiteSite
8056,11,26
timeStep,numberOfRobotsOnBlackSite,numberOfRobotsOnWhiteSite
8057,11,26
timeStep,numberOfRobotsOnBlackSite,numberOfRobotsOnWhiteSite
8058,11,26
timeStep,numberOfRobotsOnBlackSite,numberOfRobotsOnWhiteSite
8059,11,26
timeStep,numberOfRobotsOnBlackSite,numberOfRobotsOnWhiteSite
8060,11,26
timeStep,numberOfRobotsOnBlackSite,numberOfRobotsOnWhiteSite
8061,11,26
timeStep,numberOfRobotsOnBlackSite,numberOfRobotsOnWhiteSite
8062,11,26
timeStep,numberOfRobotsOnBlackSite,numberOfRobotsOnWhiteSite
8063,11,26
timeStep,numberOfRobotsOnBlackSite,numberOfRobotsOnWhiteSite
8064,11,26
timeStep,numberOfRobotsOnBlackSite,numberOfRobotsOnWhiteSite
8065,11,26
timeStep,numberOfRobotsOnBlackSite,numberOfRobotsOnWhiteSite
8066,11,26
timeStep,numberOfRobotsOnBlackSite,numberOfRobotsOnWhiteSite
8067,11,26
timeStep,numberOfRobotsOnBlackSite,numberOfRobotsOnWhiteSite
8068,11,26
timeStep,numberOfRobotsOnBlackSite,numberOfRobotsOnWhiteSite
8069,11,26
timeStep,numberOfRobotsOnBlackSite,numberOfRobotsOnWhiteSite
8070,11,26
timeStep,numberOfRobotsOnBlackSite,numberOfRobotsOnWhiteSite
8071,11,26
timeStep,numberOfRobotsOnBlackSite,numberOfRobotsOnWhiteSite
8072,11,26
timeStep,numberOfRobotsOnBlackSite,numberOfRobotsOnWhiteSite
8073,11,26
timeStep,numberOfRobotsOnBlackSite,numberOfRobotsOnWhiteSite
8074,11,26
timeStep,numberOfRobotsOnBlackSite,numberOfRobotsOnWhiteSite
8075,11,26
timeStep,numberOfRobotsOnBlackSite,numberOfRobotsOnWhiteSite
8076,11,26
timeStep,numberOfRobotsOnBlackSite,numberOfRobotsOnWhiteSite
8077,11,26
timeStep,numberOfRobotsOnBlackSite,numberOfRobotsOnWhiteSite
8078,11,26
timeStep,numberOfRobotsOnBlackSite,numberOfRobotsOnWhiteSite
8079,11,26
timeStep,numberOfRobotsOnBlackSite,numberOfRobotsOnWhiteSite
8080,11,26
timeStep,numberOfRobotsOnBlackSite,numberOfRobotsOnWhiteSite
8081,11,26
timeStep,numberOfRobotsOnBlackSite,numberOfRobotsOnWhiteSite
8082,11,26
timeStep,numberOfRobotsOnBlackSite,numberOfRobotsOnWhiteSite
8083,11,26
timeStep,numberOfRobotsOnBlackSite,numberOfRobotsOnWhiteSite
8084,11,26
timeStep,numberOfRobotsOnBlackSite,numberOfRobotsOnWhiteSite
8085,11,25
timeStep,numberOfRobotsOnBlackSite,numberOfRobotsOnWhiteSite
8086,11,25
timeStep,numberOfRobotsOnBlackSite,numberOfRobotsOnWhiteSite
8087,11,25
timeStep,numberOfRobotsOnBlackSite,numberOfRobotsOnWhiteSite
8088,11,25
timeStep,numberOfRobotsOnBlackSite,numberOfRobotsOnWhiteSite
8089,11,25
timeStep,numberOfRobotsOnBlackSite,numberOfRobotsOnWhiteSite
8090,11,25
timeStep,numberOfRobotsOnBlackSite,numberOfRobotsOnWhiteSite
8091,11,25
timeStep,numberOfRobotsOnBlackSite,numberOfRobotsOnWhiteSite
8092,11,25
timeStep,numberOfRobotsOnBlackSite,numberOfRobotsOnWhiteSite
8093,11,25
timeStep,numberOfRobotsOnBlackSite,numberOfRobotsOnWhiteSite
8094,11,25
timeStep,numberOfRobotsOnBlackSite,numberOfRobotsOnWhiteSite
8095,11,25
timeStep,numberOfRobotsOnBlackSite,numberOfRobotsOnWhiteSite
8096,11,25
timeStep,numberOfRobotsOnBlackSite,numberOfRobotsOnWhiteSite
8097,11,25
timeStep,numberOfRobotsOnBlackSite,numberOfRobotsOnWhiteSite
8098,11,25
timeStep,numberOfRobotsOnBlackSite,numberOfRobotsOnWhiteSite
8099,11,25
timeStep,numberOfRobotsOnBlackSite,numberOfRobotsOnWhiteSite
8100,11,25
timeStep,numberOfRobotsOnBlackSite,numberOfRobotsOnWhiteSite
8101,11,25
timeStep,numberOfRobotsOnBlackSite,numberOfRobotsOnWhiteSite
8102,11,25
timeStep,numberOfRobotsOnBlackSite,numberOfRobotsOnWhiteSite
8103,11,25
timeStep,numberOfRobotsOnBlackSite,numberOfRobotsOnWhiteSite
8104,11,25
timeStep,numberOfRobotsOnBlackSite,numberOfRobotsOnWhiteSite
8105,11,25
timeStep,numberOfRobotsOnBlackSite,numberOfRobotsOnWhiteSite
8106,11,25
timeStep,numberOfRobotsOnBlackSite,numberOfRobotsOnWhiteSite
8107,11,25
timeStep,numberOfRobotsOnBlackSite,numberOfRobotsOnWhiteSite
8108,11,25
timeStep,numberOfRobotsOnBlackSite,numberOfRobotsOnWhiteSite
8109,11,25
timeStep,numberOfRobotsOnBlackSite,numberOfRobotsOnWhiteSite
8110,11,25
timeStep,numberOfRobotsOnBlackSite,numberOfRobotsOnWhiteSite
8111,11,25
timeStep,numberOfRobotsOnBlackSite,numberOfRobotsOnWhiteSite
8112,11,25
timeStep,numberOfRobotsOnBlackSite,numberOfRobotsOnWhiteSite
8113,11,25
timeStep,numberOfRobotsOnBlackSite,numberOfRobotsOnWhiteSite
8114,11,25
timeStep,numberOfRobotsOnBlackSite,numberOfRobotsOnWhiteSite
8115,11,25
timeStep,numberOfRobotsOnBlackSite,numberOfRobotsOnWhiteSite
8116,11,25
timeStep,numberOfRobotsOnBlackSite,numberOfRobotsOnWhiteSite
8117,11,25
timeStep,numberOfRobotsOnBlackSite,numberOfRobotsOnWhiteSite
8118,11,25
timeStep,numberOfRobotsOnBlackSite,numberOfRobotsOnWhiteSite
8119,11,25
timeStep,numberOfRobotsOnBlackSite,numberOfRobotsOnWhiteSite
8120,11,25
timeStep,numberOfRobotsOnBlackSite,numberOfRobotsOnWhiteSite
8121,11,25
timeStep,numberOfRobotsOnBlackSite,numberOfRobotsOnWhiteSite
8122,11,25
timeStep,numberOfRobotsOnBlackSite,numberOfRobotsOnWhiteSite
8123,11,25
timeStep,numberOfRobotsOnBlackSite,numberOfRobotsOnWhiteSite
8124,11,25
timeStep,numberOfRobotsOnBlackSite,numberOfRobotsOnWhiteSite
8125,12,25
timeStep,numberOfRobotsOnBlackSite,numberOfRobotsOnWhiteSite
8126,12,25
timeStep,numberOfRobotsOnBlackSite,numberOfRobotsOnWhiteSite
8127,12,25
timeStep,numberOfRobotsOnBlackSite,numberOfRobotsOnWhiteSite
8128,12,25
timeStep,numberOfRobotsOnBlackSite,numberOfRobotsOnWhiteSite
8129,12,25
timeStep,numberOfRobotsOnBlackSite,numberOfRobotsOnWhiteSite
8130,12,25
timeStep,numberOfRobotsOnBlackSite,numberOfRobotsOnWhiteSite
8131,12,25
timeStep,numberOfRobotsOnBlackSite,numberOfRobotsOnWhiteSite
8132,12,25
timeStep,numberOfRobotsOnBlackSite,numberOfRobotsOnWhiteSite
8133,12,25
timeStep,numberOfRobotsOnBlackSite,numberOfRobotsOnWhiteSite
8134,12,25
timeStep,numberOfRobotsOnBlackSite,numberOfRobotsOnWhiteSite
8135,12,25
timeStep,numberOfRobotsOnBlackSite,numberOfRobotsOnWhiteSite
8136,12,25
timeStep,numberOfRobotsOnBlackSite,numberOfRobotsOnWhiteSite
8137,12,25
timeStep,numberOfRobotsOnBlackSite,numberOfRobotsOnWhiteSite
8138,12,25
timeStep,numberOfRobotsOnBlackSite,numberOfRobotsOnWhiteSite
8139,12,25
timeStep,numberOfRobotsOnBlackSite,numberOfRobotsOnWhiteSite
8140,12,25
timeStep,numberOfRobotsOnBlackSite,numberOfRobotsOnWhiteSite
8141,12,25
timeStep,numberOfRobotsOnBlackSite,numberOfRobotsOnWhiteSite
8142,12,25
timeStep,numberOfRobotsOnBlackSite,numberOfRobotsOnWhiteSite
8143,12,25
timeStep,numberOfRobotsOnBlackSite,numberOfRobotsOnWhiteSite
8144,12,25
timeStep,numberOfRobotsOnBlackSite,numberOfRobotsOnWhiteSite
8145,12,24
timeStep,numberOfRobotsOnBlackSite,numberOfRobotsOnWhiteSite
8146,12,24
timeStep,numberOfRobotsOnBlackSite,numberOfRobotsOnWhiteSite
8147,12,24
timeStep,numberOfRobotsOnBlackSite,numberOfRobotsOnWhiteSite
8148,12,24
timeStep,numberOfRobotsOnBlackSite,numberOfRobotsOnWhiteSite
8149,12,24
timeStep,numberOfRobotsOnBlackSite,numberOfRobotsOnWhiteSite
8150,12,25
timeStep,numberOfRobotsOnBlackSite,numberOfRobotsOnWhiteSite
8151,12,25
timeStep,numberOfRobotsOnBlackSite,numberOfRobotsOnWhiteSite
8152,12,25
timeStep,numberOfRobotsOnBlackSite,numberOfRobotsOnWhiteSite
8153,12,25
timeStep,numberOfRobotsOnBlackSite,numberOfRobotsOnWhiteSite
8154,12,25
timeStep,numberOfRobotsOnBlackSite,numberOfRobotsOnWhiteSite
8155,12,25
timeStep,numberOfRobotsOnBlackSite,numberOfRobotsOnWhiteSite
8156,12,25
timeStep,numberOfRobotsOnBlackSite,numberOfRobotsOnWhiteSite
8157,12,25
timeStep,numberOfRobotsOnBlackSite,numberOfRobotsOnWhiteSite
8158,12,25
timeStep,numberOfRobotsOnBlackSite,numberOfRobotsOnWhiteSite
8159,12,25
timeStep,numberOfRobotsOnBlackSite,numberOfRobotsOnWhiteSite
8160,12,25
timeStep,numberOfRobotsOnBlackSite,numberOfRobotsOnWhiteSite
8161,12,25
timeStep,numberOfRobotsOnBlackSite,numberOfRobotsOnWhiteSite
8162,12,25
timeStep,numberOfRobotsOnBlackSite,numberOfRobotsOnWhiteSite
8163,12,25
timeStep,numberOfRobotsOnBlackSite,numberOfRobotsOnWhiteSite
8164,12,25
timeStep,numberOfRobotsOnBlackSite,numberOfRobotsOnWhiteSite
8165,12,25
timeStep,numberOfRobotsOnBlackSite,numberOfRobotsOnWhiteSite
8166,12,25
timeStep,numberOfRobotsOnBlackSite,numberOfRobotsOnWhiteSite
8167,12,25
timeStep,numberOfRobotsOnBlackSite,numberOfRobotsOnWhiteSite
8168,12,25
timeStep,numberOfRobotsOnBlackSite,numberOfRobotsOnWhiteSite
8169,12,25
timeStep,numberOfRobotsOnBlackSite,numberOfRobotsOnWhiteSite
8170,12,25
timeStep,numberOfRobotsOnBlackSite,numberOfRobotsOnWhiteSite
8171,12,25
timeStep,numberOfRobotsOnBlackSite,numberOfRobotsOnWhiteSite
8172,12,25
timeStep,numberOfRobotsOnBlackSite,numberOfRobotsOnWhiteSite
8173,12,25
timeStep,numberOfRobotsOnBlackSite,numberOfRobotsOnWhiteSite
8174,12,25
timeStep,numberOfRobotsOnBlackSite,numberOfRobotsOnWhiteSite
8175,12,25
timeStep,numberOfRobotsOnBlackSite,numberOfRobotsOnWhiteSite
8176,12,25
timeStep,numberOfRobotsOnBlackSite,numberOfRobotsOnWhiteSite
8177,12,25
timeStep,numberOfRobotsOnBlackSite,numberOfRobotsOnWhiteSite
8178,12,25
timeStep,numberOfRobotsOnBlackSite,numberOfRobotsOnWhiteSite
8179,12,25
timeStep,numberOfRobotsOnBlackSite,numberOfRobotsOnWhiteSite
8180,12,25
timeStep,numberOfRobotsOnBlackSite,numberOfRobotsOnWhiteSite
8181,12,25
timeStep,numberOfRobotsOnBlackSite,numberOfRobotsOnWhiteSite
8182,12,25
timeStep,numberOfRobotsOnBlackSite,numberOfRobotsOnWhiteSite
8183,12,25
timeStep,numberOfRobotsOnBlackSite,numberOfRobotsOnWhiteSite
8184,12,25
timeStep,numberOfRobotsOnBlackSite,numberOfRobotsOnWhiteSite
8185,12,25
timeStep,numberOfRobotsOnBlackSite,numberOfRobotsOnWhiteSite
8186,12,25
timeStep,numberOfRobotsOnBlackSite,numberOfRobotsOnWhiteSite
8187,12,25
timeStep,numberOfRobotsOnBlackSite,numberOfRobotsOnWhiteSite
8188,12,25
timeStep,numberOfRobotsOnBlackSite,numberOfRobotsOnWhiteSite
8189,12,25
timeStep,numberOfRobotsOnBlackSite,numberOfRobotsOnWhiteSite
8190,12,26
timeStep,numberOfRobotsOnBlackSite,numberOfRobotsOnWhiteSite
8191,12,26
timeStep,numberOfRobotsOnBlackSite,numberOfRobotsOnWhiteSite
8192,12,26
timeStep,numberOfRobotsOnBlackSite,numberOfRobotsOnWhiteSite
8193,12,26
timeStep,numberOfRobotsOnBlackSite,numberOfRobotsOnWhiteSite
8194,12,26
timeStep,numberOfRobotsOnBlackSite,numberOfRobotsOnWhiteSite
8195,12,26
timeStep,numberOfRobotsOnBlackSite,numberOfRobotsOnWhiteSite
8196,12,26
timeStep,numberOfRobotsOnBlackSite,numberOfRobotsOnWhiteSite
8197,12,26
timeStep,numberOfRobotsOnBlackSite,numberOfRobotsOnWhiteSite
8198,12,26
timeStep,numberOfRobotsOnBlackSite,numberOfRobotsOnWhiteSite
8199,12,26
timeStep,numberOfRobotsOnBlackSite,numberOfRobotsOnWhiteSite
8200,12,26
timeStep,numberOfRobotsOnBlackSite,numberOfRobotsOnWhiteSite
8201,12,26
timeStep,numberOfRobotsOnBlackSite,numberOfRobotsOnWhiteSite
8202,12,26
timeStep,numberOfRobotsOnBlackSite,numberOfRobotsOnWhiteSite
8203,12,26
timeStep,numberOfRobotsOnBlackSite,numberOfRobotsOnWhiteSite
8204,12,26
timeStep,numberOfRobotsOnBlackSite,numberOfRobotsOnWhiteSite
8205,12,26
timeStep,numberOfRobotsOnBlackSite,numberOfRobotsOnWhiteSite
8206,12,26
timeStep,numberOfRobotsOnBlackSite,numberOfRobotsOnWhiteSite
8207,12,26
timeStep,numberOfRobotsOnBlackSite,numberOfRobotsOnWhiteSite
8208,12,26
timeStep,numberOfRobotsOnBlackSite,numberOfRobotsOnWhiteSite
8209,12,26
timeStep,numberOfRobotsOnBlackSite,numberOfRobotsOnWhiteSite
8210,12,26
timeStep,numberOfRobotsOnBlackSite,numberOfRobotsOnWhiteSite
8211,12,26
timeStep,numberOfRobotsOnBlackSite,numberOfRobotsOnWhiteSite
8212,12,26
timeStep,numberOfRobotsOnBlackSite,numberOfRobotsOnWhiteSite
8213,12,26
timeStep,numberOfRobotsOnBlackSite,numberOfRobotsOnWhiteSite
8214,12,26
timeStep,numberOfRobotsOnBlackSite,numberOfRobotsOnWhiteSite
8215,12,26
timeStep,numberOfRobotsOnBlackSite,numberOfRobotsOnWhiteSite
8216,12,26
timeStep,numberOfRobotsOnBlackSite,numberOfRobotsOnWhiteSite
8217,12,26
timeStep,numberOfRobotsOnBlackSite,numberOfRobotsOnWhiteSite
8218,12,26
timeStep,numberOfRobotsOnBlackSite,numberOfRobotsOnWhiteSite
8219,12,26
timeStep,numberOfRobotsOnBlackSite,numberOfRobotsOnWhiteSite
8220,12,26
timeStep,numberOfRobotsOnBlackSite,numberOfRobotsOnWhiteSite
8221,12,26
timeStep,numberOfRobotsOnBlackSite,numberOfRobotsOnWhiteSite
8222,12,26
timeStep,numberOfRobotsOnBlackSite,numberOfRobotsOnWhiteSite
8223,12,26
timeStep,numberOfRobotsOnBlackSite,numberOfRobotsOnWhiteSite
8224,12,26
timeStep,numberOfRobotsOnBlackSite,numberOfRobotsOnWhiteSite
8225,12,26
timeStep,numberOfRobotsOnBlackSite,numberOfRobotsOnWhiteSite
8226,12,26
timeStep,numberOfRobotsOnBlackSite,numberOfRobotsOnWhiteSite
8227,12,26
timeStep,numberOfRobotsOnBlackSite,numberOfRobotsOnWhiteSite
8228,12,26
timeStep,numberOfRobotsOnBlackSite,numberOfRobotsOnWhiteSite
8229,12,26
timeStep,numberOfRobotsOnBlackSite,numberOfRobotsOnWhiteSite
8230,12,26
timeStep,numberOfRobotsOnBlackSite,numberOfRobotsOnWhiteSite
8231,12,26
timeStep,numberOfRobotsOnBlackSite,numberOfRobotsOnWhiteSite
8232,12,26
timeStep,numberOfRobotsOnBlackSite,numberOfRobotsOnWhiteSite
8233,12,26
timeStep,numberOfRobotsOnBlackSite,numberOfRobotsOnWhiteSite
8234,12,26
timeStep,numberOfRobotsOnBlackSite,numberOfRobotsOnWhiteSite
8235,12,26
timeStep,numberOfRobotsOnBlackSite,numberOfRobotsOnWhiteSite
8236,12,26
timeStep,numberOfRobotsOnBlackSite,numberOfRobotsOnWhiteSite
8237,12,26
timeStep,numberOfRobotsOnBlackSite,numberOfRobotsOnWhiteSite
8238,12,26
timeStep,numberOfRobotsOnBlackSite,numberOfRobotsOnWhiteSite
8239,12,26
timeStep,numberOfRobotsOnBlackSite,numberOfRobotsOnWhiteSite
8240,12,26
timeStep,numberOfRobotsOnBlackSite,numberOfRobotsOnWhiteSite
8241,12,26
timeStep,numberOfRobotsOnBlackSite,numberOfRobotsOnWhiteSite
8242,12,26
timeStep,numberOfRobotsOnBlackSite,numberOfRobotsOnWhiteSite
8243,12,26
timeStep,numberOfRobotsOnBlackSite,numberOfRobotsOnWhiteSite
8244,12,26
timeStep,numberOfRobotsOnBlackSite,numberOfRobotsOnWhiteSite
8245,12,26
timeStep,numberOfRobotsOnBlackSite,numberOfRobotsOnWhiteSite
8246,12,26
timeStep,numberOfRobotsOnBlackSite,numberOfRobotsOnWhiteSite
8247,12,26
timeStep,numberOfRobotsOnBlackSite,numberOfRobotsOnWhiteSite
8248,12,26
timeStep,numberOfRobotsOnBlackSite,numberOfRobotsOnWhiteSite
8249,12,26
timeStep,numberOfRobotsOnBlackSite,numberOfRobotsOnWhiteSite
8250,12,26
timeStep,numberOfRobotsOnBlackSite,numberOfRobotsOnWhiteSite
8251,12,26
timeStep,numberOfRobotsOnBlackSite,numberOfRobotsOnWhiteSite
8252,12,26
timeStep,numberOfRobotsOnBlackSite,numberOfRobotsOnWhiteSite
8253,12,26
timeStep,numberOfRobotsOnBlackSite,numberOfRobotsOnWhiteSite
8254,12,26
timeStep,numberOfRobotsOnBlackSite,numberOfRobotsOnWhiteSite
8255,12,26
timeStep,numberOfRobotsOnBlackSite,numberOfRobotsOnWhiteSite
8256,12,26
timeStep,numberOfRobotsOnBlackSite,numberOfRobotsOnWhiteSite
8257,12,26
timeStep,numberOfRobotsOnBlackSite,numberOfRobotsOnWhiteSite
8258,12,26
timeStep,numberOfRobotsOnBlackSite,numberOfRobotsOnWhiteSite
8259,12,26
timeStep,numberOfRobotsOnBlackSite,numberOfRobotsOnWhiteSite
8260,12,26
timeStep,numberOfRobotsOnBlackSite,numberOfRobotsOnWhiteSite
8261,12,26
timeStep,numberOfRobotsOnBlackSite,numberOfRobotsOnWhiteSite
8262,12,26
timeStep,numberOfRobotsOnBlackSite,numberOfRobotsOnWhiteSite
8263,12,26
timeStep,numberOfRobotsOnBlackSite,numberOfRobotsOnWhiteSite
8264,12,26
timeStep,numberOfRobotsOnBlackSite,numberOfRobotsOnWhiteSite
8265,12,26
timeStep,numberOfRobotsOnBlackSite,numberOfRobotsOnWhiteSite
8266,12,26
timeStep,numberOfRobotsOnBlackSite,numberOfRobotsOnWhiteSite
8267,12,26
timeStep,numberOfRobotsOnBlackSite,numberOfRobotsOnWhiteSite
8268,12,26
timeStep,numberOfRobotsOnBlackSite,numberOfRobotsOnWhiteSite
8269,12,26
timeStep,numberOfRobotsOnBlackSite,numberOfRobotsOnWhiteSite
8270,12,26
timeStep,numberOfRobotsOnBlackSite,numberOfRobotsOnWhiteSite
8271,12,26
timeStep,numberOfRobotsOnBlackSite,numberOfRobotsOnWhiteSite
8272,12,26
timeStep,numberOfRobotsOnBlackSite,numberOfRobotsOnWhiteSite
8273,12,26
timeStep,numberOfRobotsOnBlackSite,numberOfRobotsOnWhiteSite
8274,12,26
timeStep,numberOfRobotsOnBlackSite,numberOfRobotsOnWhiteSite
8275,12,26
timeStep,numberOfRobotsOnBlackSite,numberOfRobotsOnWhiteSite
8276,12,26
timeStep,numberOfRobotsOnBlackSite,numberOfRobotsOnWhiteSite
8277,12,26
timeStep,numberOfRobotsOnBlackSite,numberOfRobotsOnWhiteSite
8278,12,26
timeStep,numberOfRobotsOnBlackSite,numberOfRobotsOnWhiteSite
8279,12,26
timeStep,numberOfRobotsOnBlackSite,numberOfRobotsOnWhiteSite
8280,12,25
timeStep,numberOfRobotsOnBlackSite,numberOfRobotsOnWhiteSite
8281,12,25
timeStep,numberOfRobotsOnBlackSite,numberOfRobotsOnWhiteSite
8282,12,25
timeStep,numberOfRobotsOnBlackSite,numberOfRobotsOnWhiteSite
8283,12,25
timeStep,numberOfRobotsOnBlackSite,numberOfRobotsOnWhiteSite
8284,12,25
timeStep,numberOfRobotsOnBlackSite,numberOfRobotsOnWhiteSite
8285,12,25
timeStep,numberOfRobotsOnBlackSite,numberOfRobotsOnWhiteSite
8286,12,25
timeStep,numberOfRobotsOnBlackSite,numberOfRobotsOnWhiteSite
8287,12,25
timeStep,numberOfRobotsOnBlackSite,numberOfRobotsOnWhiteSite
8288,12,25
timeStep,numberOfRobotsOnBlackSite,numberOfRobotsOnWhiteSite
8289,12,25
timeStep,numberOfRobotsOnBlackSite,numberOfRobotsOnWhiteSite
8290,12,25
timeStep,numberOfRobotsOnBlackSite,numberOfRobotsOnWhiteSite
8291,12,25
timeStep,numberOfRobotsOnBlackSite,numberOfRobotsOnWhiteSite
8292,12,25
timeStep,numberOfRobotsOnBlackSite,numberOfRobotsOnWhiteSite
8293,12,25
timeStep,numberOfRobotsOnBlackSite,numberOfRobotsOnWhiteSite
8294,12,25
timeStep,numberOfRobotsOnBlackSite,numberOfRobotsOnWhiteSite
8295,12,25
timeStep,numberOfRobotsOnBlackSite,numberOfRobotsOnWhiteSite
8296,12,25
timeStep,numberOfRobotsOnBlackSite,numberOfRobotsOnWhiteSite
8297,12,25
timeStep,numberOfRobotsOnBlackSite,numberOfRobotsOnWhiteSite
8298,12,25
timeStep,numberOfRobotsOnBlackSite,numberOfRobotsOnWhiteSite
8299,12,25
timeStep,numberOfRobotsOnBlackSite,numberOfRobotsOnWhiteSite
8300,12,24
timeStep,numberOfRobotsOnBlackSite,numberOfRobotsOnWhiteSite
8301,12,24
timeStep,numberOfRobotsOnBlackSite,numberOfRobotsOnWhiteSite
8302,12,24
timeStep,numberOfRobotsOnBlackSite,numberOfRobotsOnWhiteSite
8303,12,24
timeStep,numberOfRobotsOnBlackSite,numberOfRobotsOnWhiteSite
8304,12,24
timeStep,numberOfRobotsOnBlackSite,numberOfRobotsOnWhiteSite
8305,12,24
timeStep,numberOfRobotsOnBlackSite,numberOfRobotsOnWhiteSite
8306,12,24
timeStep,numberOfRobotsOnBlackSite,numberOfRobotsOnWhiteSite
8307,12,24
timeStep,numberOfRobotsOnBlackSite,numberOfRobotsOnWhiteSite
8308,12,24
timeStep,numberOfRobotsOnBlackSite,numberOfRobotsOnWhiteSite
8309,12,24
timeStep,numberOfRobotsOnBlackSite,numberOfRobotsOnWhiteSite
8310,12,24
timeStep,numberOfRobotsOnBlackSite,numberOfRobotsOnWhiteSite
8311,12,24
timeStep,numberOfRobotsOnBlackSite,numberOfRobotsOnWhiteSite
8312,12,24
timeStep,numberOfRobotsOnBlackSite,numberOfRobotsOnWhiteSite
8313,12,24
timeStep,numberOfRobotsOnBlackSite,numberOfRobotsOnWhiteSite
8314,12,24
timeStep,numberOfRobotsOnBlackSite,numberOfRobotsOnWhiteSite
8315,12,24
timeStep,numberOfRobotsOnBlackSite,numberOfRobotsOnWhiteSite
8316,12,24
timeStep,numberOfRobotsOnBlackSite,numberOfRobotsOnWhiteSite
8317,12,24
timeStep,numberOfRobotsOnBlackSite,numberOfRobotsOnWhiteSite
8318,12,24
timeStep,numberOfRobotsOnBlackSite,numberOfRobotsOnWhiteSite
8319,12,24
timeStep,numberOfRobotsOnBlackSite,numberOfRobotsOnWhiteSite
8320,12,25
timeStep,numberOfRobotsOnBlackSite,numberOfRobotsOnWhiteSite
8321,12,25
timeStep,numberOfRobotsOnBlackSite,numberOfRobotsOnWhiteSite
8322,12,25
timeStep,numberOfRobotsOnBlackSite,numberOfRobotsOnWhiteSite
8323,12,25
timeStep,numberOfRobotsOnBlackSite,numberOfRobotsOnWhiteSite
8324,12,25
timeStep,numberOfRobotsOnBlackSite,numberOfRobotsOnWhiteSite
8325,12,24
timeStep,numberOfRobotsOnBlackSite,numberOfRobotsOnWhiteSite
8326,12,24
timeStep,numberOfRobotsOnBlackSite,numberOfRobotsOnWhiteSite
8327,12,24
timeStep,numberOfRobotsOnBlackSite,numberOfRobotsOnWhiteSite
8328,12,24
timeStep,numberOfRobotsOnBlackSite,numberOfRobotsOnWhiteSite
8329,12,24
timeStep,numberOfRobotsOnBlackSite,numberOfRobotsOnWhiteSite
8330,12,24
timeStep,numberOfRobotsOnBlackSite,numberOfRobotsOnWhiteSite
8331,12,24
timeStep,numberOfRobotsOnBlackSite,numberOfRobotsOnWhiteSite
8332,12,24
timeStep,numberOfRobotsOnBlackSite,numberOfRobotsOnWhiteSite
8333,12,24
timeStep,numberOfRobotsOnBlackSite,numberOfRobotsOnWhiteSite
8334,12,24
timeStep,numberOfRobotsOnBlackSite,numberOfRobotsOnWhiteSite
8335,12,25
timeStep,numberOfRobotsOnBlackSite,numberOfRobotsOnWhiteSite
8336,12,25
timeStep,numberOfRobotsOnBlackSite,numberOfRobotsOnWhiteSite
8337,12,25
timeStep,numberOfRobotsOnBlackSite,numberOfRobotsOnWhiteSite
8338,12,25
timeStep,numberOfRobotsOnBlackSite,numberOfRobotsOnWhiteSite
8339,12,25
timeStep,numberOfRobotsOnBlackSite,numberOfRobotsOnWhiteSite
8340,12,25
timeStep,numberOfRobotsOnBlackSite,numberOfRobotsOnWhiteSite
8341,12,25
timeStep,numberOfRobotsOnBlackSite,numberOfRobotsOnWhiteSite
8342,12,25
timeStep,numberOfRobotsOnBlackSite,numberOfRobotsOnWhiteSite
8343,12,25
timeStep,numberOfRobotsOnBlackSite,numberOfRobotsOnWhiteSite
8344,12,25
timeStep,numberOfRobotsOnBlackSite,numberOfRobotsOnWhiteSite
8345,12,25
timeStep,numberOfRobotsOnBlackSite,numberOfRobotsOnWhiteSite
8346,12,25
timeStep,numberOfRobotsOnBlackSite,numberOfRobotsOnWhiteSite
8347,12,25
timeStep,numberOfRobotsOnBlackSite,numberOfRobotsOnWhiteSite
8348,12,25
timeStep,numberOfRobotsOnBlackSite,numberOfRobotsOnWhiteSite
8349,12,25
timeStep,numberOfRobotsOnBlackSite,numberOfRobotsOnWhiteSite
8350,12,24
timeStep,numberOfRobotsOnBlackSite,numberOfRobotsOnWhiteSite
8351,12,24
timeStep,numberOfRobotsOnBlackSite,numberOfRobotsOnWhiteSite
8352,12,24
timeStep,numberOfRobotsOnBlackSite,numberOfRobotsOnWhiteSite
8353,12,24
timeStep,numberOfRobotsOnBlackSite,numberOfRobotsOnWhiteSite
8354,12,24
timeStep,numberOfRobotsOnBlackSite,numberOfRobotsOnWhiteSite
8355,12,24
timeStep,numberOfRobotsOnBlackSite,numberOfRobotsOnWhiteSite
8356,12,24
timeStep,numberOfRobotsOnBlackSite,numberOfRobotsOnWhiteSite
8357,12,24
timeStep,numberOfRobotsOnBlackSite,numberOfRobotsOnWhiteSite
8358,12,24
timeStep,numberOfRobotsOnBlackSite,numberOfRobotsOnWhiteSite
8359,12,24
timeStep,numberOfRobotsOnBlackSite,numberOfRobotsOnWhiteSite
8360,12,24
timeStep,numberOfRobotsOnBlackSite,numberOfRobotsOnWhiteSite
8361,12,24
timeStep,numberOfRobotsOnBlackSite,numberOfRobotsOnWhiteSite
8362,12,24
timeStep,numberOfRobotsOnBlackSite,numberOfRobotsOnWhiteSite
8363,12,24
timeStep,numberOfRobotsOnBlackSite,numberOfRobotsOnWhiteSite
8364,12,24
timeStep,numberOfRobotsOnBlackSite,numberOfRobotsOnWhiteSite
8365,12,24
timeStep,numberOfRobotsOnBlackSite,numberOfRobotsOnWhiteSite
8366,12,24
timeStep,numberOfRobotsOnBlackSite,numberOfRobotsOnWhiteSite
8367,12,24
timeStep,numberOfRobotsOnBlackSite,numberOfRobotsOnWhiteSite
8368,12,24
timeStep,numberOfRobotsOnBlackSite,numberOfRobotsOnWhiteSite
8369,12,24
timeStep,numberOfRobotsOnBlackSite,numberOfRobotsOnWhiteSite
8370,12,24
timeStep,numberOfRobotsOnBlackSite,numberOfRobotsOnWhiteSite
8371,12,24
timeStep,numberOfRobotsOnBlackSite,numberOfRobotsOnWhiteSite
8372,12,24
timeStep,numberOfRobotsOnBlackSite,numberOfRobotsOnWhiteSite
8373,12,24
timeStep,numberOfRobotsOnBlackSite,numberOfRobotsOnWhiteSite
8374,12,24
timeStep,numberOfRobotsOnBlackSite,numberOfRobotsOnWhiteSite
8375,12,24
timeStep,numberOfRobotsOnBlackSite,numberOfRobotsOnWhiteSite
8376,12,24
timeStep,numberOfRobotsOnBlackSite,numberOfRobotsOnWhiteSite
8377,12,24
timeStep,numberOfRobotsOnBlackSite,numberOfRobotsOnWhiteSite
8378,12,24
timeStep,numberOfRobotsOnBlackSite,numberOfRobotsOnWhiteSite
8379,12,24
timeStep,numberOfRobotsOnBlackSite,numberOfRobotsOnWhiteSite
8380,12,24
timeStep,numberOfRobotsOnBlackSite,numberOfRobotsOnWhiteSite
8381,12,24
timeStep,numberOfRobotsOnBlackSite,numberOfRobotsOnWhiteSite
8382,12,24
timeStep,numberOfRobotsOnBlackSite,numberOfRobotsOnWhiteSite
8383,12,24
timeStep,numberOfRobotsOnBlackSite,numberOfRobotsOnWhiteSite
8384,12,24
timeStep,numberOfRobotsOnBlackSite,numberOfRobotsOnWhiteSite
8385,12,24
timeStep,numberOfRobotsOnBlackSite,numberOfRobotsOnWhiteSite
8386,12,24
timeStep,numberOfRobotsOnBlackSite,numberOfRobotsOnWhiteSite
8387,12,24
timeStep,numberOfRobotsOnBlackSite,numberOfRobotsOnWhiteSite
8388,12,24
timeStep,numberOfRobotsOnBlackSite,numberOfRobotsOnWhiteSite
8389,12,24
timeStep,numberOfRobotsOnBlackSite,numberOfRobotsOnWhiteSite
8390,12,24
timeStep,numberOfRobotsOnBlackSite,numberOfRobotsOnWhiteSite
8391,12,24
timeStep,numberOfRobotsOnBlackSite,numberOfRobotsOnWhiteSite
8392,12,24
timeStep,numberOfRobotsOnBlackSite,numberOfRobotsOnWhiteSite
8393,12,24
timeStep,numberOfRobotsOnBlackSite,numberOfRobotsOnWhiteSite
8394,12,24
timeStep,numberOfRobotsOnBlackSite,numberOfRobotsOnWhiteSite
8395,12,24
timeStep,numberOfRobotsOnBlackSite,numberOfRobotsOnWhiteSite
8396,12,24
timeStep,numberOfRobotsOnBlackSite,numberOfRobotsOnWhiteSite
8397,12,24
timeStep,numberOfRobotsOnBlackSite,numberOfRobotsOnWhiteSite
8398,12,24
timeStep,numberOfRobotsOnBlackSite,numberOfRobotsOnWhiteSite
8399,12,24
timeStep,numberOfRobotsOnBlackSite,numberOfRobotsOnWhiteSite
8400,12,24
timeStep,numberOfRobotsOnBlackSite,numberOfRobotsOnWhiteSite
8401,12,24
timeStep,numberOfRobotsOnBlackSite,numberOfRobotsOnWhiteSite
8402,12,24
timeStep,numberOfRobotsOnBlackSite,numberOfRobotsOnWhiteSite
8403,12,24
timeStep,numberOfRobotsOnBlackSite,numberOfRobotsOnWhiteSite
8404,12,24
timeStep,numberOfRobotsOnBlackSite,numberOfRobotsOnWhiteSite
8405,12,24
timeStep,numberOfRobotsOnBlackSite,numberOfRobotsOnWhiteSite
8406,12,24
timeStep,numberOfRobotsOnBlackSite,numberOfRobotsOnWhiteSite
8407,12,24
timeStep,numberOfRobotsOnBlackSite,numberOfRobotsOnWhiteSite
8408,12,24
timeStep,numberOfRobotsOnBlackSite,numberOfRobotsOnWhiteSite
8409,12,24
timeStep,numberOfRobotsOnBlackSite,numberOfRobotsOnWhiteSite
8410,12,24
timeStep,numberOfRobotsOnBlackSite,numberOfRobotsOnWhiteSite
8411,12,24
timeStep,numberOfRobotsOnBlackSite,numberOfRobotsOnWhiteSite
8412,12,24
timeStep,numberOfRobotsOnBlackSite,numberOfRobotsOnWhiteSite
8413,12,24
timeStep,numberOfRobotsOnBlackSite,numberOfRobotsOnWhiteSite
8414,12,24
timeStep,numberOfRobotsOnBlackSite,numberOfRobotsOnWhiteSite
8415,12,24
timeStep,numberOfRobotsOnBlackSite,numberOfRobotsOnWhiteSite
8416,12,24
timeStep,numberOfRobotsOnBlackSite,numberOfRobotsOnWhiteSite
8417,12,24
timeStep,numberOfRobotsOnBlackSite,numberOfRobotsOnWhiteSite
8418,12,24
timeStep,numberOfRobotsOnBlackSite,numberOfRobotsOnWhiteSite
8419,12,24
timeStep,numberOfRobotsOnBlackSite,numberOfRobotsOnWhiteSite
8420,13,24
timeStep,numberOfRobotsOnBlackSite,numberOfRobotsOnWhiteSite
8421,13,24
timeStep,numberOfRobotsOnBlackSite,numberOfRobotsOnWhiteSite
8422,13,24
timeStep,numberOfRobotsOnBlackSite,numberOfRobotsOnWhiteSite
8423,13,24
timeStep,numberOfRobotsOnBlackSite,numberOfRobotsOnWhiteSite
8424,13,24
timeStep,numberOfRobotsOnBlackSite,numberOfRobotsOnWhiteSite
8425,13,24
timeStep,numberOfRobotsOnBlackSite,numberOfRobotsOnWhiteSite
8426,13,24
timeStep,numberOfRobotsOnBlackSite,numberOfRobotsOnWhiteSite
8427,13,24
timeStep,numberOfRobotsOnBlackSite,numberOfRobotsOnWhiteSite
8428,13,24
timeStep,numberOfRobotsOnBlackSite,numberOfRobotsOnWhiteSite
8429,13,24
timeStep,numberOfRobotsOnBlackSite,numberOfRobotsOnWhiteSite
8430,13,24
timeStep,numberOfRobotsOnBlackSite,numberOfRobotsOnWhiteSite
8431,13,24
timeStep,numberOfRobotsOnBlackSite,numberOfRobotsOnWhiteSite
8432,13,24
timeStep,numberOfRobotsOnBlackSite,numberOfRobotsOnWhiteSite
8433,13,24
timeStep,numberOfRobotsOnBlackSite,numberOfRobotsOnWhiteSite
8434,13,24
timeStep,numberOfRobotsOnBlackSite,numberOfRobotsOnWhiteSite
8435,13,24
timeStep,numberOfRobotsOnBlackSite,numberOfRobotsOnWhiteSite
8436,13,24
timeStep,numberOfRobotsOnBlackSite,numberOfRobotsOnWhiteSite
8437,13,24
timeStep,numberOfRobotsOnBlackSite,numberOfRobotsOnWhiteSite
8438,13,24
timeStep,numberOfRobotsOnBlackSite,numberOfRobotsOnWhiteSite
8439,13,24
timeStep,numberOfRobotsOnBlackSite,numberOfRobotsOnWhiteSite
8440,13,25
timeStep,numberOfRobotsOnBlackSite,numberOfRobotsOnWhiteSite
8441,13,25
timeStep,numberOfRobotsOnBlackSite,numberOfRobotsOnWhiteSite
8442,13,25
timeStep,numberOfRobotsOnBlackSite,numberOfRobotsOnWhiteSite
8443,13,25
timeStep,numberOfRobotsOnBlackSite,numberOfRobotsOnWhiteSite
8444,13,25
timeStep,numberOfRobotsOnBlackSite,numberOfRobotsOnWhiteSite
8445,13,25
timeStep,numberOfRobotsOnBlackSite,numberOfRobotsOnWhiteSite
8446,13,25
timeStep,numberOfRobotsOnBlackSite,numberOfRobotsOnWhiteSite
8447,13,25
timeStep,numberOfRobotsOnBlackSite,numberOfRobotsOnWhiteSite
8448,13,25
timeStep,numberOfRobotsOnBlackSite,numberOfRobotsOnWhiteSite
8449,13,25
timeStep,numberOfRobotsOnBlackSite,numberOfRobotsOnWhiteSite
8450,13,25
timeStep,numberOfRobotsOnBlackSite,numberOfRobotsOnWhiteSite
8451,13,25
timeStep,numberOfRobotsOnBlackSite,numberOfRobotsOnWhiteSite
8452,13,25
timeStep,numberOfRobotsOnBlackSite,numberOfRobotsOnWhiteSite
8453,13,25
timeStep,numberOfRobotsOnBlackSite,numberOfRobotsOnWhiteSite
8454,13,25
timeStep,numberOfRobotsOnBlackSite,numberOfRobotsOnWhiteSite
8455,13,25
timeStep,numberOfRobotsOnBlackSite,numberOfRobotsOnWhiteSite
8456,13,25
timeStep,numberOfRobotsOnBlackSite,numberOfRobotsOnWhiteSite
8457,13,25
timeStep,numberOfRobotsOnBlackSite,numberOfRobotsOnWhiteSite
8458,13,25
timeStep,numberOfRobotsOnBlackSite,numberOfRobotsOnWhiteSite
8459,13,25
timeStep,numberOfRobotsOnBlackSite,numberOfRobotsOnWhiteSite
8460,13,25
timeStep,numberOfRobotsOnBlackSite,numberOfRobotsOnWhiteSite
8461,13,25
timeStep,numberOfRobotsOnBlackSite,numberOfRobotsOnWhiteSite
8462,13,25
timeStep,numberOfRobotsOnBlackSite,numberOfRobotsOnWhiteSite
8463,13,25
timeStep,numberOfRobotsOnBlackSite,numberOfRobotsOnWhiteSite
8464,13,25
timeStep,numberOfRobotsOnBlackSite,numberOfRobotsOnWhiteSite
8465,13,25
timeStep,numberOfRobotsOnBlackSite,numberOfRobotsOnWhiteSite
8466,13,25
timeStep,numberOfRobotsOnBlackSite,numberOfRobotsOnWhiteSite
8467,13,25
timeStep,numberOfRobotsOnBlackSite,numberOfRobotsOnWhiteSite
8468,13,25
timeStep,numberOfRobotsOnBlackSite,numberOfRobotsOnWhiteSite
8469,13,25
timeStep,numberOfRobotsOnBlackSite,numberOfRobotsOnWhiteSite
8470,13,26
timeStep,numberOfRobotsOnBlackSite,numberOfRobotsOnWhiteSite
8471,13,26
timeStep,numberOfRobotsOnBlackSite,numberOfRobotsOnWhiteSite
8472,13,26
timeStep,numberOfRobotsOnBlackSite,numberOfRobotsOnWhiteSite
8473,13,26
timeStep,numberOfRobotsOnBlackSite,numberOfRobotsOnWhiteSite
8474,13,26
timeStep,numberOfRobotsOnBlackSite,numberOfRobotsOnWhiteSite
8475,13,25
timeStep,numberOfRobotsOnBlackSite,numberOfRobotsOnWhiteSite
8476,13,25
timeStep,numberOfRobotsOnBlackSite,numberOfRobotsOnWhiteSite
8477,13,25
timeStep,numberOfRobotsOnBlackSite,numberOfRobotsOnWhiteSite
8478,13,25
timeStep,numberOfRobotsOnBlackSite,numberOfRobotsOnWhiteSite
8479,13,25
timeStep,numberOfRobotsOnBlackSite,numberOfRobotsOnWhiteSite
8480,13,24
timeStep,numberOfRobotsOnBlackSite,numberOfRobotsOnWhiteSite
8481,13,24
timeStep,numberOfRobotsOnBlackSite,numberOfRobotsOnWhiteSite
8482,13,24
timeStep,numberOfRobotsOnBlackSite,numberOfRobotsOnWhiteSite
8483,13,24
timeStep,numberOfRobotsOnBlackSite,numberOfRobotsOnWhiteSite
8484,13,24
timeStep,numberOfRobotsOnBlackSite,numberOfRobotsOnWhiteSite
8485,13,24
timeStep,numberOfRobotsOnBlackSite,numberOfRobotsOnWhiteSite
8486,13,24
timeStep,numberOfRobotsOnBlackSite,numberOfRobotsOnWhiteSite
8487,13,24
timeStep,numberOfRobotsOnBlackSite,numberOfRobotsOnWhiteSite
8488,13,24
timeStep,numberOfRobotsOnBlackSite,numberOfRobotsOnWhiteSite
8489,13,24
timeStep,numberOfRobotsOnBlackSite,numberOfRobotsOnWhiteSite
8490,13,24
timeStep,numberOfRobotsOnBlackSite,numberOfRobotsOnWhiteSite
8491,13,24
timeStep,numberOfRobotsOnBlackSite,numberOfRobotsOnWhiteSite
8492,13,24
timeStep,numberOfRobotsOnBlackSite,numberOfRobotsOnWhiteSite
8493,13,24
timeStep,numberOfRobotsOnBlackSite,numberOfRobotsOnWhiteSite
8494,13,24
timeStep,numberOfRobotsOnBlackSite,numberOfRobotsOnWhiteSite
8495,13,24
timeStep,numberOfRobotsOnBlackSite,numberOfRobotsOnWhiteSite
8496,13,24
timeStep,numberOfRobotsOnBlackSite,numberOfRobotsOnWhiteSite
8497,13,24
timeStep,numberOfRobotsOnBlackSite,numberOfRobotsOnWhiteSite
8498,13,24
timeStep,numberOfRobotsOnBlackSite,numberOfRobotsOnWhiteSite
8499,13,24
timeStep,numberOfRobotsOnBlackSite,numberOfRobotsOnWhiteSite
8500,13,24
timeStep,numberOfRobotsOnBlackSite,numberOfRobotsOnWhiteSite
8501,13,24
timeStep,numberOfRobotsOnBlackSite,numberOfRobotsOnWhiteSite
8502,13,24
timeStep,numberOfRobotsOnBlackSite,numberOfRobotsOnWhiteSite
8503,13,24
timeStep,numberOfRobotsOnBlackSite,numberOfRobotsOnWhiteSite
8504,13,24
timeStep,numberOfRobotsOnBlackSite,numberOfRobotsOnWhiteSite
8505,14,24
timeStep,numberOfRobotsOnBlackSite,numberOfRobotsOnWhiteSite
8506,14,24
timeStep,numberOfRobotsOnBlackSite,numberOfRobotsOnWhiteSite
8507,14,24
timeStep,numberOfRobotsOnBlackSite,numberOfRobotsOnWhiteSite
8508,14,24
timeStep,numberOfRobotsOnBlackSite,numberOfRobotsOnWhiteSite
8509,14,24
timeStep,numberOfRobotsOnBlackSite,numberOfRobotsOnWhiteSite
8510,14,24
timeStep,numberOfRobotsOnBlackSite,numberOfRobotsOnWhiteSite
8511,14,24
timeStep,numberOfRobotsOnBlackSite,numberOfRobotsOnWhiteSite
8512,14,24
timeStep,numberOfRobotsOnBlackSite,numberOfRobotsOnWhiteSite
8513,14,24
timeStep,numberOfRobotsOnBlackSite,numberOfRobotsOnWhiteSite
8514,14,24
timeStep,numberOfRobotsOnBlackSite,numberOfRobotsOnWhiteSite
8515,14,24
timeStep,numberOfRobotsOnBlackSite,numberOfRobotsOnWhiteSite
8516,14,24
timeStep,numberOfRobotsOnBlackSite,numberOfRobotsOnWhiteSite
8517,14,24
timeStep,numberOfRobotsOnBlackSite,numberOfRobotsOnWhiteSite
8518,14,24
timeStep,numberOfRobotsOnBlackSite,numberOfRobotsOnWhiteSite
8519,14,24
timeStep,numberOfRobotsOnBlackSite,numberOfRobotsOnWhiteSite
8520,14,24
timeStep,numberOfRobotsOnBlackSite,numberOfRobotsOnWhiteSite
8521,14,24
timeStep,numberOfRobotsOnBlackSite,numberOfRobotsOnWhiteSite
8522,14,24
timeStep,numberOfRobotsOnBlackSite,numberOfRobotsOnWhiteSite
8523,14,24
timeStep,numberOfRobotsOnBlackSite,numberOfRobotsOnWhiteSite
8524,14,24
timeStep,numberOfRobotsOnBlackSite,numberOfRobotsOnWhiteSite
8525,14,24
timeStep,numberOfRobotsOnBlackSite,numberOfRobotsOnWhiteSite
8526,14,24
timeStep,numberOfRobotsOnBlackSite,numberOfRobotsOnWhiteSite
8527,14,24
timeStep,numberOfRobotsOnBlackSite,numberOfRobotsOnWhiteSite
8528,14,24
timeStep,numberOfRobotsOnBlackSite,numberOfRobotsOnWhiteSite
8529,14,24
timeStep,numberOfRobotsOnBlackSite,numberOfRobotsOnWhiteSite
8530,14,24
timeStep,numberOfRobotsOnBlackSite,numberOfRobotsOnWhiteSite
8531,14,24
timeStep,numberOfRobotsOnBlackSite,numberOfRobotsOnWhiteSite
8532,14,24
timeStep,numberOfRobotsOnBlackSite,numberOfRobotsOnWhiteSite
8533,14,24
timeStep,numberOfRobotsOnBlackSite,numberOfRobotsOnWhiteSite
8534,14,24
timeStep,numberOfRobotsOnBlackSite,numberOfRobotsOnWhiteSite
8535,14,24
timeStep,numberOfRobotsOnBlackSite,numberOfRobotsOnWhiteSite
8536,14,24
timeStep,numberOfRobotsOnBlackSite,numberOfRobotsOnWhiteSite
8537,14,24
timeStep,numberOfRobotsOnBlackSite,numberOfRobotsOnWhiteSite
8538,14,24
timeStep,numberOfRobotsOnBlackSite,numberOfRobotsOnWhiteSite
8539,14,24
timeStep,numberOfRobotsOnBlackSite,numberOfRobotsOnWhiteSite
8540,13,25
timeStep,numberOfRobotsOnBlackSite,numberOfRobotsOnWhiteSite
8541,13,25
timeStep,numberOfRobotsOnBlackSite,numberOfRobotsOnWhiteSite
8542,13,25
timeStep,numberOfRobotsOnBlackSite,numberOfRobotsOnWhiteSite
8543,13,25
timeStep,numberOfRobotsOnBlackSite,numberOfRobotsOnWhiteSite
8544,13,25
timeStep,numberOfRobotsOnBlackSite,numberOfRobotsOnWhiteSite
8545,13,25
timeStep,numberOfRobotsOnBlackSite,numberOfRobotsOnWhiteSite
8546,13,25
timeStep,numberOfRobotsOnBlackSite,numberOfRobotsOnWhiteSite
8547,13,25
timeStep,numberOfRobotsOnBlackSite,numberOfRobotsOnWhiteSite
8548,13,25
timeStep,numberOfRobotsOnBlackSite,numberOfRobotsOnWhiteSite
8549,13,25
timeStep,numberOfRobotsOnBlackSite,numberOfRobotsOnWhiteSite
8550,13,25
timeStep,numberOfRobotsOnBlackSite,numberOfRobotsOnWhiteSite
8551,13,25
timeStep,numberOfRobotsOnBlackSite,numberOfRobotsOnWhiteSite
8552,13,25
timeStep,numberOfRobotsOnBlackSite,numberOfRobotsOnWhiteSite
8553,13,25
timeStep,numberOfRobotsOnBlackSite,numberOfRobotsOnWhiteSite
8554,13,25
timeStep,numberOfRobotsOnBlackSite,numberOfRobotsOnWhiteSite
8555,12,25
timeStep,numberOfRobotsOnBlackSite,numberOfRobotsOnWhiteSite
8556,12,25
timeStep,numberOfRobotsOnBlackSite,numberOfRobotsOnWhiteSite
8557,12,25
timeStep,numberOfRobotsOnBlackSite,numberOfRobotsOnWhiteSite
8558,12,25
timeStep,numberOfRobotsOnBlackSite,numberOfRobotsOnWhiteSite
8559,12,25
timeStep,numberOfRobotsOnBlackSite,numberOfRobotsOnWhiteSite
8560,12,25
timeStep,numberOfRobotsOnBlackSite,numberOfRobotsOnWhiteSite
8561,12,25
timeStep,numberOfRobotsOnBlackSite,numberOfRobotsOnWhiteSite
8562,12,25
timeStep,numberOfRobotsOnBlackSite,numberOfRobotsOnWhiteSite
8563,12,25
timeStep,numberOfRobotsOnBlackSite,numberOfRobotsOnWhiteSite
8564,12,25
timeStep,numberOfRobotsOnBlackSite,numberOfRobotsOnWhiteSite
8565,12,25
timeStep,numberOfRobotsOnBlackSite,numberOfRobotsOnWhiteSite
8566,12,25
timeStep,numberOfRobotsOnBlackSite,numberOfRobotsOnWhiteSite
8567,12,25
timeStep,numberOfRobotsOnBlackSite,numberOfRobotsOnWhiteSite
8568,12,25
timeStep,numberOfRobotsOnBlackSite,numberOfRobotsOnWhiteSite
8569,12,25
timeStep,numberOfRobotsOnBlackSite,numberOfRobotsOnWhiteSite
8570,12,25
timeStep,numberOfRobotsOnBlackSite,numberOfRobotsOnWhiteSite
8571,12,25
timeStep,numberOfRobotsOnBlackSite,numberOfRobotsOnWhiteSite
8572,12,25
timeStep,numberOfRobotsOnBlackSite,numberOfRobotsOnWhiteSite
8573,12,25
timeStep,numberOfRobotsOnBlackSite,numberOfRobotsOnWhiteSite
8574,12,25
timeStep,numberOfRobotsOnBlackSite,numberOfRobotsOnWhiteSite
8575,12,25
timeStep,numberOfRobotsOnBlackSite,numberOfRobotsOnWhiteSite
8576,12,25
timeStep,numberOfRobotsOnBlackSite,numberOfRobotsOnWhiteSite
8577,12,25
timeStep,numberOfRobotsOnBlackSite,numberOfRobotsOnWhiteSite
8578,12,25
timeStep,numberOfRobotsOnBlackSite,numberOfRobotsOnWhiteSite
8579,12,25
timeStep,numberOfRobotsOnBlackSite,numberOfRobotsOnWhiteSite
8580,12,24
timeStep,numberOfRobotsOnBlackSite,numberOfRobotsOnWhiteSite
8581,12,24
timeStep,numberOfRobotsOnBlackSite,numberOfRobotsOnWhiteSite
8582,12,24
timeStep,numberOfRobotsOnBlackSite,numberOfRobotsOnWhiteSite
8583,12,24
timeStep,numberOfRobotsOnBlackSite,numberOfRobotsOnWhiteSite
8584,12,24
timeStep,numberOfRobotsOnBlackSite,numberOfRobotsOnWhiteSite
8585,12,24
timeStep,numberOfRobotsOnBlackSite,numberOfRobotsOnWhiteSite
8586,12,24
timeStep,numberOfRobotsOnBlackSite,numberOfRobotsOnWhiteSite
8587,12,24
timeStep,numberOfRobotsOnBlackSite,numberOfRobotsOnWhiteSite
8588,12,24
timeStep,numberOfRobotsOnBlackSite,numberOfRobotsOnWhiteSite
8589,12,24
timeStep,numberOfRobotsOnBlackSite,numberOfRobotsOnWhiteSite
8590,13,25
timeStep,numberOfRobotsOnBlackSite,numberOfRobotsOnWhiteSite
8591,13,25
timeStep,numberOfRobotsOnBlackSite,numberOfRobotsOnWhiteSite
8592,13,25
timeStep,numberOfRobotsOnBlackSite,numberOfRobotsOnWhiteSite
8593,13,25
timeStep,numberOfRobotsOnBlackSite,numberOfRobotsOnWhiteSite
8594,13,25
timeStep,numberOfRobotsOnBlackSite,numberOfRobotsOnWhiteSite
8595,13,25
timeStep,numberOfRobotsOnBlackSite,numberOfRobotsOnWhiteSite
8596,13,25
timeStep,numberOfRobotsOnBlackSite,numberOfRobotsOnWhiteSite
8597,13,25
timeStep,numberOfRobotsOnBlackSite,numberOfRobotsOnWhiteSite
8598,13,25
timeStep,numberOfRobotsOnBlackSite,numberOfRobotsOnWhiteSite
8599,13,25
timeStep,numberOfRobotsOnBlackSite,numberOfRobotsOnWhiteSite
8600,13,25
timeStep,numberOfRobotsOnBlackSite,numberOfRobotsOnWhiteSite
8601,13,25
timeStep,numberOfRobotsOnBlackSite,numberOfRobotsOnWhiteSite
8602,13,25
timeStep,numberOfRobotsOnBlackSite,numberOfRobotsOnWhiteSite
8603,13,25
timeStep,numberOfRobotsOnBlackSite,numberOfRobotsOnWhiteSite
8604,13,25
timeStep,numberOfRobotsOnBlackSite,numberOfRobotsOnWhiteSite
8605,13,25
timeStep,numberOfRobotsOnBlackSite,numberOfRobotsOnWhiteSite
8606,13,25
timeStep,numberOfRobotsOnBlackSite,numberOfRobotsOnWhiteSite
8607,13,25
timeStep,numberOfRobotsOnBlackSite,numberOfRobotsOnWhiteSite
8608,13,25
timeStep,numberOfRobotsOnBlackSite,numberOfRobotsOnWhiteSite
8609,13,25
timeStep,numberOfRobotsOnBlackSite,numberOfRobotsOnWhiteSite
8610,13,25
timeStep,numberOfRobotsOnBlackSite,numberOfRobotsOnWhiteSite
8611,13,25
timeStep,numberOfRobotsOnBlackSite,numberOfRobotsOnWhiteSite
8612,13,25
timeStep,numberOfRobotsOnBlackSite,numberOfRobotsOnWhiteSite
8613,13,25
timeStep,numberOfRobotsOnBlackSite,numberOfRobotsOnWhiteSite
8614,13,25
timeStep,numberOfRobotsOnBlackSite,numberOfRobotsOnWhiteSite
8615,13,25
timeStep,numberOfRobotsOnBlackSite,numberOfRobotsOnWhiteSite
8616,13,25
timeStep,numberOfRobotsOnBlackSite,numberOfRobotsOnWhiteSite
8617,13,25
timeStep,numberOfRobotsOnBlackSite,numberOfRobotsOnWhiteSite
8618,13,25
timeStep,numberOfRobotsOnBlackSite,numberOfRobotsOnWhiteSite
8619,13,25
timeStep,numberOfRobotsOnBlackSite,numberOfRobotsOnWhiteSite
8620,14,25
timeStep,numberOfRobotsOnBlackSite,numberOfRobotsOnWhiteSite
8621,14,25
timeStep,numberOfRobotsOnBlackSite,numberOfRobotsOnWhiteSite
8622,14,25
timeStep,numberOfRobotsOnBlackSite,numberOfRobotsOnWhiteSite
8623,14,25
timeStep,numberOfRobotsOnBlackSite,numberOfRobotsOnWhiteSite
8624,14,25
timeStep,numberOfRobotsOnBlackSite,numberOfRobotsOnWhiteSite
8625,14,25
timeStep,numberOfRobotsOnBlackSite,numberOfRobotsOnWhiteSite
8626,14,25
timeStep,numberOfRobotsOnBlackSite,numberOfRobotsOnWhiteSite
8627,14,25
timeStep,numberOfRobotsOnBlackSite,numberOfRobotsOnWhiteSite
8628,14,25
timeStep,numberOfRobotsOnBlackSite,numberOfRobotsOnWhiteSite
8629,14,25
timeStep,numberOfRobotsOnBlackSite,numberOfRobotsOnWhiteSite
8630,14,24
timeStep,numberOfRobotsOnBlackSite,numberOfRobotsOnWhiteSite
8631,14,24
timeStep,numberOfRobotsOnBlackSite,numberOfRobotsOnWhiteSite
8632,14,24
timeStep,numberOfRobotsOnBlackSite,numberOfRobotsOnWhiteSite
8633,14,24
timeStep,numberOfRobotsOnBlackSite,numberOfRobotsOnWhiteSite
8634,14,24
timeStep,numberOfRobotsOnBlackSite,numberOfRobotsOnWhiteSite
8635,14,24
timeStep,numberOfRobotsOnBlackSite,numberOfRobotsOnWhiteSite
8636,14,24
timeStep,numberOfRobotsOnBlackSite,numberOfRobotsOnWhiteSite
8637,14,24
timeStep,numberOfRobotsOnBlackSite,numberOfRobotsOnWhiteSite
8638,14,24
timeStep,numberOfRobotsOnBlackSite,numberOfRobotsOnWhiteSite
8639,14,24
timeStep,numberOfRobotsOnBlackSite,numberOfRobotsOnWhiteSite
8640,14,24
timeStep,numberOfRobotsOnBlackSite,numberOfRobotsOnWhiteSite
8641,14,24
timeStep,numberOfRobotsOnBlackSite,numberOfRobotsOnWhiteSite
8642,14,24
timeStep,numberOfRobotsOnBlackSite,numberOfRobotsOnWhiteSite
8643,14,24
timeStep,numberOfRobotsOnBlackSite,numberOfRobotsOnWhiteSite
8644,14,24
timeStep,numberOfRobotsOnBlackSite,numberOfRobotsOnWhiteSite
8645,14,24
timeStep,numberOfRobotsOnBlackSite,numberOfRobotsOnWhiteSite
8646,14,24
timeStep,numberOfRobotsOnBlackSite,numberOfRobotsOnWhiteSite
8647,14,24
timeStep,numberOfRobotsOnBlackSite,numberOfRobotsOnWhiteSite
8648,14,24
timeStep,numberOfRobotsOnBlackSite,numberOfRobotsOnWhiteSite
8649,14,24
timeStep,numberOfRobotsOnBlackSite,numberOfRobotsOnWhiteSite
8650,14,24
timeStep,numberOfRobotsOnBlackSite,numberOfRobotsOnWhiteSite
8651,14,24
timeStep,numberOfRobotsOnBlackSite,numberOfRobotsOnWhiteSite
8652,14,24
timeStep,numberOfRobotsOnBlackSite,numberOfRobotsOnWhiteSite
8653,14,24
timeStep,numberOfRobotsOnBlackSite,numberOfRobotsOnWhiteSite
8654,14,24
timeStep,numberOfRobotsOnBlackSite,numberOfRobotsOnWhiteSite
8655,14,24
timeStep,numberOfRobotsOnBlackSite,numberOfRobotsOnWhiteSite
8656,14,24
timeStep,numberOfRobotsOnBlackSite,numberOfRobotsOnWhiteSite
8657,14,24
timeStep,numberOfRobotsOnBlackSite,numberOfRobotsOnWhiteSite
8658,14,24
timeStep,numberOfRobotsOnBlackSite,numberOfRobotsOnWhiteSite
8659,14,24
timeStep,numberOfRobotsOnBlackSite,numberOfRobotsOnWhiteSite
8660,14,23
timeStep,numberOfRobotsOnBlackSite,numberOfRobotsOnWhiteSite
8661,14,23
timeStep,numberOfRobotsOnBlackSite,numberOfRobotsOnWhiteSite
8662,14,23
timeStep,numberOfRobotsOnBlackSite,numberOfRobotsOnWhiteSite
8663,14,23
timeStep,numberOfRobotsOnBlackSite,numberOfRobotsOnWhiteSite
8664,14,23
timeStep,numberOfRobotsOnBlackSite,numberOfRobotsOnWhiteSite
8665,14,23
timeStep,numberOfRobotsOnBlackSite,numberOfRobotsOnWhiteSite
8666,14,23
timeStep,numberOfRobotsOnBlackSite,numberOfRobotsOnWhiteSite
8667,14,23
timeStep,numberOfRobotsOnBlackSite,numberOfRobotsOnWhiteSite
8668,14,23
timeStep,numberOfRobotsOnBlackSite,numberOfRobotsOnWhiteSite
8669,14,23
timeStep,numberOfRobotsOnBlackSite,numberOfRobotsOnWhiteSite
8670,14,23
timeStep,numberOfRobotsOnBlackSite,numberOfRobotsOnWhiteSite
8671,14,23
timeStep,numberOfRobotsOnBlackSite,numberOfRobotsOnWhiteSite
8672,14,23
timeStep,numberOfRobotsOnBlackSite,numberOfRobotsOnWhiteSite
8673,14,23
timeStep,numberOfRobotsOnBlackSite,numberOfRobotsOnWhiteSite
8674,14,23
timeStep,numberOfRobotsOnBlackSite,numberOfRobotsOnWhiteSite
8675,13,23
timeStep,numberOfRobotsOnBlackSite,numberOfRobotsOnWhiteSite
8676,13,23
timeStep,numberOfRobotsOnBlackSite,numberOfRobotsOnWhiteSite
8677,13,23
timeStep,numberOfRobotsOnBlackSite,numberOfRobotsOnWhiteSite
8678,13,23
timeStep,numberOfRobotsOnBlackSite,numberOfRobotsOnWhiteSite
8679,13,23
timeStep,numberOfRobotsOnBlackSite,numberOfRobotsOnWhiteSite
8680,13,23
timeStep,numberOfRobotsOnBlackSite,numberOfRobotsOnWhiteSite
8681,13,23
timeStep,numberOfRobotsOnBlackSite,numberOfRobotsOnWhiteSite
8682,13,23
timeStep,numberOfRobotsOnBlackSite,numberOfRobotsOnWhiteSite
8683,13,23
timeStep,numberOfRobotsOnBlackSite,numberOfRobotsOnWhiteSite
8684,13,23
timeStep,numberOfRobotsOnBlackSite,numberOfRobotsOnWhiteSite
8685,13,23
timeStep,numberOfRobotsOnBlackSite,numberOfRobotsOnWhiteSite
8686,13,23
timeStep,numberOfRobotsOnBlackSite,numberOfRobotsOnWhiteSite
8687,13,23
timeStep,numberOfRobotsOnBlackSite,numberOfRobotsOnWhiteSite
8688,13,23
timeStep,numberOfRobotsOnBlackSite,numberOfRobotsOnWhiteSite
8689,13,23
timeStep,numberOfRobotsOnBlackSite,numberOfRobotsOnWhiteSite
8690,13,23
timeStep,numberOfRobotsOnBlackSite,numberOfRobotsOnWhiteSite
8691,13,23
timeStep,numberOfRobotsOnBlackSite,numberOfRobotsOnWhiteSite
8692,13,23
timeStep,numberOfRobotsOnBlackSite,numberOfRobotsOnWhiteSite
8693,13,23
timeStep,numberOfRobotsOnBlackSite,numberOfRobotsOnWhiteSite
8694,13,23
timeStep,numberOfRobotsOnBlackSite,numberOfRobotsOnWhiteSite
8695,13,24
timeStep,numberOfRobotsOnBlackSite,numberOfRobotsOnWhiteSite
8696,13,24
timeStep,numberOfRobotsOnBlackSite,numberOfRobotsOnWhiteSite
8697,13,24
timeStep,numberOfRobotsOnBlackSite,numberOfRobotsOnWhiteSite
8698,13,24
timeStep,numberOfRobotsOnBlackSite,numberOfRobotsOnWhiteSite
8699,13,24
timeStep,numberOfRobotsOnBlackSite,numberOfRobotsOnWhiteSite
8700,13,24
timeStep,numberOfRobotsOnBlackSite,numberOfRobotsOnWhiteSite
8701,13,24
timeStep,numberOfRobotsOnBlackSite,numberOfRobotsOnWhiteSite
8702,13,24
timeStep,numberOfRobotsOnBlackSite,numberOfRobotsOnWhiteSite
8703,13,24
timeStep,numberOfRobotsOnBlackSite,numberOfRobotsOnWhiteSite
8704,13,24
timeStep,numberOfRobotsOnBlackSite,numberOfRobotsOnWhiteSite
8705,13,24
timeStep,numberOfRobotsOnBlackSite,numberOfRobotsOnWhiteSite
8706,13,24
timeStep,numberOfRobotsOnBlackSite,numberOfRobotsOnWhiteSite
8707,13,24
timeStep,numberOfRobotsOnBlackSite,numberOfRobotsOnWhiteSite
8708,13,24
timeStep,numberOfRobotsOnBlackSite,numberOfRobotsOnWhiteSite
8709,13,24
timeStep,numberOfRobotsOnBlackSite,numberOfRobotsOnWhiteSite
8710,13,24
timeStep,numberOfRobotsOnBlackSite,numberOfRobotsOnWhiteSite
8711,13,24
timeStep,numberOfRobotsOnBlackSite,numberOfRobotsOnWhiteSite
8712,13,24
timeStep,numberOfRobotsOnBlackSite,numberOfRobotsOnWhiteSite
8713,13,24
timeStep,numberOfRobotsOnBlackSite,numberOfRobotsOnWhiteSite
8714,13,24
timeStep,numberOfRobotsOnBlackSite,numberOfRobotsOnWhiteSite
8715,14,24
timeStep,numberOfRobotsOnBlackSite,numberOfRobotsOnWhiteSite
8716,14,24
timeStep,numberOfRobotsOnBlackSite,numberOfRobotsOnWhiteSite
8717,14,24
timeStep,numberOfRobotsOnBlackSite,numberOfRobotsOnWhiteSite
8718,14,24
timeStep,numberOfRobotsOnBlackSite,numberOfRobotsOnWhiteSite
8719,14,24
timeStep,numberOfRobotsOnBlackSite,numberOfRobotsOnWhiteSite
8720,14,24
timeStep,numberOfRobotsOnBlackSite,numberOfRobotsOnWhiteSite
8721,14,24
timeStep,numberOfRobotsOnBlackSite,numberOfRobotsOnWhiteSite
8722,14,24
timeStep,numberOfRobotsOnBlackSite,numberOfRobotsOnWhiteSite
8723,14,24
timeStep,numberOfRobotsOnBlackSite,numberOfRobotsOnWhiteSite
8724,14,24
timeStep,numberOfRobotsOnBlackSite,numberOfRobotsOnWhiteSite
8725,14,24
timeStep,numberOfRobotsOnBlackSite,numberOfRobotsOnWhiteSite
8726,14,24
timeStep,numberOfRobotsOnBlackSite,numberOfRobotsOnWhiteSite
8727,14,24
timeStep,numberOfRobotsOnBlackSite,numberOfRobotsOnWhiteSite
8728,14,24
timeStep,numberOfRobotsOnBlackSite,numberOfRobotsOnWhiteSite
8729,14,24
timeStep,numberOfRobotsOnBlackSite,numberOfRobotsOnWhiteSite
8730,14,24
timeStep,numberOfRobotsOnBlackSite,numberOfRobotsOnWhiteSite
8731,14,24
timeStep,numberOfRobotsOnBlackSite,numberOfRobotsOnWhiteSite
8732,14,24
timeStep,numberOfRobotsOnBlackSite,numberOfRobotsOnWhiteSite
8733,14,24
timeStep,numberOfRobotsOnBlackSite,numberOfRobotsOnWhiteSite
8734,14,24
timeStep,numberOfRobotsOnBlackSite,numberOfRobotsOnWhiteSite
8735,14,24
timeStep,numberOfRobotsOnBlackSite,numberOfRobotsOnWhiteSite
8736,14,24
timeStep,numberOfRobotsOnBlackSite,numberOfRobotsOnWhiteSite
8737,14,24
timeStep,numberOfRobotsOnBlackSite,numberOfRobotsOnWhiteSite
8738,14,24
timeStep,numberOfRobotsOnBlackSite,numberOfRobotsOnWhiteSite
8739,14,24
timeStep,numberOfRobotsOnBlackSite,numberOfRobotsOnWhiteSite
8740,14,24
timeStep,numberOfRobotsOnBlackSite,numberOfRobotsOnWhiteSite
8741,14,24
timeStep,numberOfRobotsOnBlackSite,numberOfRobotsOnWhiteSite
8742,14,24
timeStep,numberOfRobotsOnBlackSite,numberOfRobotsOnWhiteSite
8743,14,24
timeStep,numberOfRobotsOnBlackSite,numberOfRobotsOnWhiteSite
8744,14,24
timeStep,numberOfRobotsOnBlackSite,numberOfRobotsOnWhiteSite
8745,14,24
timeStep,numberOfRobotsOnBlackSite,numberOfRobotsOnWhiteSite
8746,14,24
timeStep,numberOfRobotsOnBlackSite,numberOfRobotsOnWhiteSite
8747,14,24
timeStep,numberOfRobotsOnBlackSite,numberOfRobotsOnWhiteSite
8748,14,24
timeStep,numberOfRobotsOnBlackSite,numberOfRobotsOnWhiteSite
8749,14,24
timeStep,numberOfRobotsOnBlackSite,numberOfRobotsOnWhiteSite
8750,14,24
timeStep,numberOfRobotsOnBlackSite,numberOfRobotsOnWhiteSite
8751,14,24
timeStep,numberOfRobotsOnBlackSite,numberOfRobotsOnWhiteSite
8752,14,24
timeStep,numberOfRobotsOnBlackSite,numberOfRobotsOnWhiteSite
8753,14,24
timeStep,numberOfRobotsOnBlackSite,numberOfRobotsOnWhiteSite
8754,14,24
timeStep,numberOfRobotsOnBlackSite,numberOfRobotsOnWhiteSite
8755,14,24
timeStep,numberOfRobotsOnBlackSite,numberOfRobotsOnWhiteSite
8756,14,24
timeStep,numberOfRobotsOnBlackSite,numberOfRobotsOnWhiteSite
8757,14,24
timeStep,numberOfRobotsOnBlackSite,numberOfRobotsOnWhiteSite
8758,14,24
timeStep,numberOfRobotsOnBlackSite,numberOfRobotsOnWhiteSite
8759,14,24
timeStep,numberOfRobotsOnBlackSite,numberOfRobotsOnWhiteSite
8760,14,23
timeStep,numberOfRobotsOnBlackSite,numberOfRobotsOnWhiteSite
8761,14,23
timeStep,numberOfRobotsOnBlackSite,numberOfRobotsOnWhiteSite
8762,14,23
timeStep,numberOfRobotsOnBlackSite,numberOfRobotsOnWhiteSite
8763,14,23
timeStep,numberOfRobotsOnBlackSite,numberOfRobotsOnWhiteSite
8764,14,23
timeStep,numberOfRobotsOnBlackSite,numberOfRobotsOnWhiteSite
8765,14,23
timeStep,numberOfRobotsOnBlackSite,numberOfRobotsOnWhiteSite
8766,14,23
timeStep,numberOfRobotsOnBlackSite,numberOfRobotsOnWhiteSite
8767,14,23
timeStep,numberOfRobotsOnBlackSite,numberOfRobotsOnWhiteSite
8768,14,23
timeStep,numberOfRobotsOnBlackSite,numberOfRobotsOnWhiteSite
8769,14,23
timeStep,numberOfRobotsOnBlackSite,numberOfRobotsOnWhiteSite
8770,14,23
timeStep,numberOfRobotsOnBlackSite,numberOfRobotsOnWhiteSite
8771,14,23
timeStep,numberOfRobotsOnBlackSite,numberOfRobotsOnWhiteSite
8772,14,23
timeStep,numberOfRobotsOnBlackSite,numberOfRobotsOnWhiteSite
8773,14,23
timeStep,numberOfRobotsOnBlackSite,numberOfRobotsOnWhiteSite
8774,14,23
timeStep,numberOfRobotsOnBlackSite,numberOfRobotsOnWhiteSite
8775,14,23
timeStep,numberOfRobotsOnBlackSite,numberOfRobotsOnWhiteSite
8776,14,23
timeStep,numberOfRobotsOnBlackSite,numberOfRobotsOnWhiteSite
8777,14,23
timeStep,numberOfRobotsOnBlackSite,numberOfRobotsOnWhiteSite
8778,14,23
timeStep,numberOfRobotsOnBlackSite,numberOfRobotsOnWhiteSite
8779,14,23
timeStep,numberOfRobotsOnBlackSite,numberOfRobotsOnWhiteSite
8780,14,23
timeStep,numberOfRobotsOnBlackSite,numberOfRobotsOnWhiteSite
8781,14,23
timeStep,numberOfRobotsOnBlackSite,numberOfRobotsOnWhiteSite
8782,14,23
timeStep,numberOfRobotsOnBlackSite,numberOfRobotsOnWhiteSite
8783,14,23
timeStep,numberOfRobotsOnBlackSite,numberOfRobotsOnWhiteSite
8784,14,23
timeStep,numberOfRobotsOnBlackSite,numberOfRobotsOnWhiteSite
8785,14,23
timeStep,numberOfRobotsOnBlackSite,numberOfRobotsOnWhiteSite
8786,14,23
timeStep,numberOfRobotsOnBlackSite,numberOfRobotsOnWhiteSite
8787,14,23
timeStep,numberOfRobotsOnBlackSite,numberOfRobotsOnWhiteSite
8788,14,23
timeStep,numberOfRobotsOnBlackSite,numberOfRobotsOnWhiteSite
8789,14,23
timeStep,numberOfRobotsOnBlackSite,numberOfRobotsOnWhiteSite
8790,15,23
timeStep,numberOfRobotsOnBlackSite,numberOfRobotsOnWhiteSite
8791,15,23
timeStep,numberOfRobotsOnBlackSite,numberOfRobotsOnWhiteSite
8792,15,23
timeStep,numberOfRobotsOnBlackSite,numberOfRobotsOnWhiteSite
8793,15,23
timeStep,numberOfRobotsOnBlackSite,numberOfRobotsOnWhiteSite
8794,15,23
timeStep,numberOfRobotsOnBlackSite,numberOfRobotsOnWhiteSite
8795,15,23
timeStep,numberOfRobotsOnBlackSite,numberOfRobotsOnWhiteSite
8796,15,23
timeStep,numberOfRobotsOnBlackSite,numberOfRobotsOnWhiteSite
8797,15,23
timeStep,numberOfRobotsOnBlackSite,numberOfRobotsOnWhiteSite
8798,15,23
timeStep,numberOfRobotsOnBlackSite,numberOfRobotsOnWhiteSite
8799,15,23
timeStep,numberOfRobotsOnBlackSite,numberOfRobotsOnWhiteSite
8800,15,23
timeStep,numberOfRobotsOnBlackSite,numberOfRobotsOnWhiteSite
8801,15,23
timeStep,numberOfRobotsOnBlackSite,numberOfRobotsOnWhiteSite
8802,15,23
timeStep,numberOfRobotsOnBlackSite,numberOfRobotsOnWhiteSite
8803,15,23
timeStep,numberOfRobotsOnBlackSite,numberOfRobotsOnWhiteSite
8804,15,23
timeStep,numberOfRobotsOnBlackSite,numberOfRobotsOnWhiteSite
8805,15,23
timeStep,numberOfRobotsOnBlackSite,numberOfRobotsOnWhiteSite
8806,15,23
timeStep,numberOfRobotsOnBlackSite,numberOfRobotsOnWhiteSite
8807,15,23
timeStep,numberOfRobotsOnBlackSite,numberOfRobotsOnWhiteSite
8808,15,23
timeStep,numberOfRobotsOnBlackSite,numberOfRobotsOnWhiteSite
8809,15,23
timeStep,numberOfRobotsOnBlackSite,numberOfRobotsOnWhiteSite
8810,15,24
timeStep,numberOfRobotsOnBlackSite,numberOfRobotsOnWhiteSite
8811,15,24
timeStep,numberOfRobotsOnBlackSite,numberOfRobotsOnWhiteSite
8812,15,24
timeStep,numberOfRobotsOnBlackSite,numberOfRobotsOnWhiteSite
8813,15,24
timeStep,numberOfRobotsOnBlackSite,numberOfRobotsOnWhiteSite
8814,15,24
timeStep,numberOfRobotsOnBlackSite,numberOfRobotsOnWhiteSite
8815,15,24
timeStep,numberOfRobotsOnBlackSite,numberOfRobotsOnWhiteSite
8816,15,24
timeStep,numberOfRobotsOnBlackSite,numberOfRobotsOnWhiteSite
8817,15,24
timeStep,numberOfRobotsOnBlackSite,numberOfRobotsOnWhiteSite
8818,15,24
timeStep,numberOfRobotsOnBlackSite,numberOfRobotsOnWhiteSite
8819,15,24
timeStep,numberOfRobotsOnBlackSite,numberOfRobotsOnWhiteSite
8820,15,23
timeStep,numberOfRobotsOnBlackSite,numberOfRobotsOnWhiteSite
8821,15,23
timeStep,numberOfRobotsOnBlackSite,numberOfRobotsOnWhiteSite
8822,15,23
timeStep,numberOfRobotsOnBlackSite,numberOfRobotsOnWhiteSite
8823,15,23
timeStep,numberOfRobotsOnBlackSite,numberOfRobotsOnWhiteSite
8824,15,23
timeStep,numberOfRobotsOnBlackSite,numberOfRobotsOnWhiteSite
8825,15,23
timeStep,numberOfRobotsOnBlackSite,numberOfRobotsOnWhiteSite
8826,15,23
timeStep,numberOfRobotsOnBlackSite,numberOfRobotsOnWhiteSite
8827,15,23
timeStep,numberOfRobotsOnBlackSite,numberOfRobotsOnWhiteSite
8828,15,23
timeStep,numberOfRobotsOnBlackSite,numberOfRobotsOnWhiteSite
8829,15,23
timeStep,numberOfRobotsOnBlackSite,numberOfRobotsOnWhiteSite
8830,15,23
timeStep,numberOfRobotsOnBlackSite,numberOfRobotsOnWhiteSite
8831,15,23
timeStep,numberOfRobotsOnBlackSite,numberOfRobotsOnWhiteSite
8832,15,23
timeStep,numberOfRobotsOnBlackSite,numberOfRobotsOnWhiteSite
8833,15,23
timeStep,numberOfRobotsOnBlackSite,numberOfRobotsOnWhiteSite
8834,15,23
timeStep,numberOfRobotsOnBlackSite,numberOfRobotsOnWhiteSite
8835,15,23
timeStep,numberOfRobotsOnBlackSite,numberOfRobotsOnWhiteSite
8836,15,23
timeStep,numberOfRobotsOnBlackSite,numberOfRobotsOnWhiteSite
8837,15,23
timeStep,numberOfRobotsOnBlackSite,numberOfRobotsOnWhiteSite
8838,15,23
timeStep,numberOfRobotsOnBlackSite,numberOfRobotsOnWhiteSite
8839,15,23
timeStep,numberOfRobotsOnBlackSite,numberOfRobotsOnWhiteSite
8840,15,23
timeStep,numberOfRobotsOnBlackSite,numberOfRobotsOnWhiteSite
8841,15,23
timeStep,numberOfRobotsOnBlackSite,numberOfRobotsOnWhiteSite
8842,15,23
timeStep,numberOfRobotsOnBlackSite,numberOfRobotsOnWhiteSite
8843,15,23
timeStep,numberOfRobotsOnBlackSite,numberOfRobotsOnWhiteSite
8844,15,23
timeStep,numberOfRobotsOnBlackSite,numberOfRobotsOnWhiteSite
8845,15,24
timeStep,numberOfRobotsOnBlackSite,numberOfRobotsOnWhiteSite
8846,15,24
timeStep,numberOfRobotsOnBlackSite,numberOfRobotsOnWhiteSite
8847,15,24
timeStep,numberOfRobotsOnBlackSite,numberOfRobotsOnWhiteSite
8848,15,24
timeStep,numberOfRobotsOnBlackSite,numberOfRobotsOnWhiteSite
8849,15,24
timeStep,numberOfRobotsOnBlackSite,numberOfRobotsOnWhiteSite
8850,15,24
timeStep,numberOfRobotsOnBlackSite,numberOfRobotsOnWhiteSite
8851,15,24
timeStep,numberOfRobotsOnBlackSite,numberOfRobotsOnWhiteSite
8852,15,24
timeStep,numberOfRobotsOnBlackSite,numberOfRobotsOnWhiteSite
8853,15,24
timeStep,numberOfRobotsOnBlackSite,numberOfRobotsOnWhiteSite
8854,15,24
timeStep,numberOfRobotsOnBlackSite,numberOfRobotsOnWhiteSite
8855,15,24
timeStep,numberOfRobotsOnBlackSite,numberOfRobotsOnWhiteSite
8856,15,24
timeStep,numberOfRobotsOnBlackSite,numberOfRobotsOnWhiteSite
8857,15,24
timeStep,numberOfRobotsOnBlackSite,numberOfRobotsOnWhiteSite
8858,15,24
timeStep,numberOfRobotsOnBlackSite,numberOfRobotsOnWhiteSite
8859,15,24
timeStep,numberOfRobotsOnBlackSite,numberOfRobotsOnWhiteSite
8860,15,25
timeStep,numberOfRobotsOnBlackSite,numberOfRobotsOnWhiteSite
8861,15,25
timeStep,numberOfRobotsOnBlackSite,numberOfRobotsOnWhiteSite
8862,15,25
timeStep,numberOfRobotsOnBlackSite,numberOfRobotsOnWhiteSite
8863,15,25
timeStep,numberOfRobotsOnBlackSite,numberOfRobotsOnWhiteSite
8864,15,25
timeStep,numberOfRobotsOnBlackSite,numberOfRobotsOnWhiteSite
8865,15,25
timeStep,numberOfRobotsOnBlackSite,numberOfRobotsOnWhiteSite
8866,15,25
timeStep,numberOfRobotsOnBlackSite,numberOfRobotsOnWhiteSite
8867,15,25
timeStep,numberOfRobotsOnBlackSite,numberOfRobotsOnWhiteSite
8868,15,25
timeStep,numberOfRobotsOnBlackSite,numberOfRobotsOnWhiteSite
8869,15,25
timeStep,numberOfRobotsOnBlackSite,numberOfRobotsOnWhiteSite
8870,15,25
timeStep,numberOfRobotsOnBlackSite,numberOfRobotsOnWhiteSite
8871,15,25
timeStep,numberOfRobotsOnBlackSite,numberOfRobotsOnWhiteSite
8872,15,25
timeStep,numberOfRobotsOnBlackSite,numberOfRobotsOnWhiteSite
8873,15,25
timeStep,numberOfRobotsOnBlackSite,numberOfRobotsOnWhiteSite
8874,15,25
timeStep,numberOfRobotsOnBlackSite,numberOfRobotsOnWhiteSite
8875,15,25
timeStep,numberOfRobotsOnBlackSite,numberOfRobotsOnWhiteSite
8876,15,25
timeStep,numberOfRobotsOnBlackSite,numberOfRobotsOnWhiteSite
8877,15,25
timeStep,numberOfRobotsOnBlackSite,numberOfRobotsOnWhiteSite
8878,15,25
timeStep,numberOfRobotsOnBlackSite,numberOfRobotsOnWhiteSite
8879,15,25
timeStep,numberOfRobotsOnBlackSite,numberOfRobotsOnWhiteSite
8880,15,25
timeStep,numberOfRobotsOnBlackSite,numberOfRobotsOnWhiteSite
8881,15,25
timeStep,numberOfRobotsOnBlackSite,numberOfRobotsOnWhiteSite
8882,15,25
timeStep,numberOfRobotsOnBlackSite,numberOfRobotsOnWhiteSite
8883,15,25
timeStep,numberOfRobotsOnBlackSite,numberOfRobotsOnWhiteSite
8884,15,25
timeStep,numberOfRobotsOnBlackSite,numberOfRobotsOnWhiteSite
8885,15,25
timeStep,numberOfRobotsOnBlackSite,numberOfRobotsOnWhiteSite
8886,15,25
timeStep,numberOfRobotsOnBlackSite,numberOfRobotsOnWhiteSite
8887,15,25
timeStep,numberOfRobotsOnBlackSite,numberOfRobotsOnWhiteSite
8888,15,25
timeStep,numberOfRobotsOnBlackSite,numberOfRobotsOnWhiteSite
8889,15,25
timeStep,numberOfRobotsOnBlackSite,numberOfRobotsOnWhiteSite
8890,15,26
timeStep,numberOfRobotsOnBlackSite,numberOfRobotsOnWhiteSite
8891,15,26
timeStep,numberOfRobotsOnBlackSite,numberOfRobotsOnWhiteSite
8892,15,26
timeStep,numberOfRobotsOnBlackSite,numberOfRobotsOnWhiteSite
8893,15,26
timeStep,numberOfRobotsOnBlackSite,numberOfRobotsOnWhiteSite
8894,15,26
timeStep,numberOfRobotsOnBlackSite,numberOfRobotsOnWhiteSite
8895,15,26
timeStep,numberOfRobotsOnBlackSite,numberOfRobotsOnWhiteSite
8896,15,26
timeStep,numberOfRobotsOnBlackSite,numberOfRobotsOnWhiteSite
8897,15,26
timeStep,numberOfRobotsOnBlackSite,numberOfRobotsOnWhiteSite
8898,15,26
timeStep,numberOfRobotsOnBlackSite,numberOfRobotsOnWhiteSite
8899,15,26
timeStep,numberOfRobotsOnBlackSite,numberOfRobotsOnWhiteSite
8900,15,26
timeStep,numberOfRobotsOnBlackSite,numberOfRobotsOnWhiteSite
8901,15,26
timeStep,numberOfRobotsOnBlackSite,numberOfRobotsOnWhiteSite
8902,15,26
timeStep,numberOfRobotsOnBlackSite,numberOfRobotsOnWhiteSite
8903,15,26
timeStep,numberOfRobotsOnBlackSite,numberOfRobotsOnWhiteSite
8904,15,26
timeStep,numberOfRobotsOnBlackSite,numberOfRobotsOnWhiteSite
8905,15,26
timeStep,numberOfRobotsOnBlackSite,numberOfRobotsOnWhiteSite
8906,15,26
timeStep,numberOfRobotsOnBlackSite,numberOfRobotsOnWhiteSite
8907,15,26
timeStep,numberOfRobotsOnBlackSite,numberOfRobotsOnWhiteSite
8908,15,26
timeStep,numberOfRobotsOnBlackSite,numberOfRobotsOnWhiteSite
8909,15,26
timeStep,numberOfRobotsOnBlackSite,numberOfRobotsOnWhiteSite
8910,15,26
timeStep,numberOfRobotsOnBlackSite,numberOfRobotsOnWhiteSite
8911,15,26
timeStep,numberOfRobotsOnBlackSite,numberOfRobotsOnWhiteSite
8912,15,26
timeStep,numberOfRobotsOnBlackSite,numberOfRobotsOnWhiteSite
8913,15,26
timeStep,numberOfRobotsOnBlackSite,numberOfRobotsOnWhiteSite
8914,15,26
timeStep,numberOfRobotsOnBlackSite,numberOfRobotsOnWhiteSite
8915,15,26
timeStep,numberOfRobotsOnBlackSite,numberOfRobotsOnWhiteSite
8916,15,26
timeStep,numberOfRobotsOnBlackSite,numberOfRobotsOnWhiteSite
8917,15,26
timeStep,numberOfRobotsOnBlackSite,numberOfRobotsOnWhiteSite
8918,15,26
timeStep,numberOfRobotsOnBlackSite,numberOfRobotsOnWhiteSite
8919,15,26
timeStep,numberOfRobotsOnBlackSite,numberOfRobotsOnWhiteSite
8920,15,26
timeStep,numberOfRobotsOnBlackSite,numberOfRobotsOnWhiteSite
8921,15,26
timeStep,numberOfRobotsOnBlackSite,numberOfRobotsOnWhiteSite
8922,15,26
timeStep,numberOfRobotsOnBlackSite,numberOfRobotsOnWhiteSite
8923,15,26
timeStep,numberOfRobotsOnBlackSite,numberOfRobotsOnWhiteSite
8924,15,26
timeStep,numberOfRobotsOnBlackSite,numberOfRobotsOnWhiteSite
8925,15,26
timeStep,numberOfRobotsOnBlackSite,numberOfRobotsOnWhiteSite
8926,15,26
timeStep,numberOfRobotsOnBlackSite,numberOfRobotsOnWhiteSite
8927,15,26
timeStep,numberOfRobotsOnBlackSite,numberOfRobotsOnWhiteSite
8928,15,26
timeStep,numberOfRobotsOnBlackSite,numberOfRobotsOnWhiteSite
8929,15,26
timeStep,numberOfRobotsOnBlackSite,numberOfRobotsOnWhiteSite
8930,15,26
timeStep,numberOfRobotsOnBlackSite,numberOfRobotsOnWhiteSite
8931,15,26
timeStep,numberOfRobotsOnBlackSite,numberOfRobotsOnWhiteSite
8932,15,26
timeStep,numberOfRobotsOnBlackSite,numberOfRobotsOnWhiteSite
8933,15,26
timeStep,numberOfRobotsOnBlackSite,numberOfRobotsOnWhiteSite
8934,15,26
timeStep,numberOfRobotsOnBlackSite,numberOfRobotsOnWhiteSite
8935,15,26
timeStep,numberOfRobotsOnBlackSite,numberOfRobotsOnWhiteSite
8936,15,26
timeStep,numberOfRobotsOnBlackSite,numberOfRobotsOnWhiteSite
8937,15,26
timeStep,numberOfRobotsOnBlackSite,numberOfRobotsOnWhiteSite
8938,15,26
timeStep,numberOfRobotsOnBlackSite,numberOfRobotsOnWhiteSite
8939,15,26
timeStep,numberOfRobotsOnBlackSite,numberOfRobotsOnWhiteSite
8940,15,26
timeStep,numberOfRobotsOnBlackSite,numberOfRobotsOnWhiteSite
8941,15,26
timeStep,numberOfRobotsOnBlackSite,numberOfRobotsOnWhiteSite
8942,15,26
timeStep,numberOfRobotsOnBlackSite,numberOfRobotsOnWhiteSite
8943,15,26
timeStep,numberOfRobotsOnBlackSite,numberOfRobotsOnWhiteSite
8944,15,26
timeStep,numberOfRobotsOnBlackSite,numberOfRobotsOnWhiteSite
8945,15,26
timeStep,numberOfRobotsOnBlackSite,numberOfRobotsOnWhiteSite
8946,15,26
timeStep,numberOfRobotsOnBlackSite,numberOfRobotsOnWhiteSite
8947,15,26
timeStep,numberOfRobotsOnBlackSite,numberOfRobotsOnWhiteSite
8948,15,26
timeStep,numberOfRobotsOnBlackSite,numberOfRobotsOnWhiteSite
8949,15,26
timeStep,numberOfRobotsOnBlackSite,numberOfRobotsOnWhiteSite
8950,15,26
timeStep,numberOfRobotsOnBlackSite,numberOfRobotsOnWhiteSite
8951,15,26
timeStep,numberOfRobotsOnBlackSite,numberOfRobotsOnWhiteSite
8952,15,26
timeStep,numberOfRobotsOnBlackSite,numberOfRobotsOnWhiteSite
8953,15,26
timeStep,numberOfRobotsOnBlackSite,numberOfRobotsOnWhiteSite
8954,15,26
timeStep,numberOfRobotsOnBlackSite,numberOfRobotsOnWhiteSite
8955,15,26
timeStep,numberOfRobotsOnBlackSite,numberOfRobotsOnWhiteSite
8956,15,26
timeStep,numberOfRobotsOnBlackSite,numberOfRobotsOnWhiteSite
8957,15,26
timeStep,numberOfRobotsOnBlackSite,numberOfRobotsOnWhiteSite
8958,15,26
timeStep,numberOfRobotsOnBlackSite,numberOfRobotsOnWhiteSite
8959,15,26
timeStep,numberOfRobotsOnBlackSite,numberOfRobotsOnWhiteSite
8960,15,26
timeStep,numberOfRobotsOnBlackSite,numberOfRobotsOnWhiteSite
8961,15,26
timeStep,numberOfRobotsOnBlackSite,numberOfRobotsOnWhiteSite
8962,15,26
timeStep,numberOfRobotsOnBlackSite,numberOfRobotsOnWhiteSite
8963,15,26
timeStep,numberOfRobotsOnBlackSite,numberOfRobotsOnWhiteSite
8964,15,26
timeStep,numberOfRobotsOnBlackSite,numberOfRobotsOnWhiteSite
8965,15,26
timeStep,numberOfRobotsOnBlackSite,numberOfRobotsOnWhiteSite
8966,15,26
timeStep,numberOfRobotsOnBlackSite,numberOfRobotsOnWhiteSite
8967,15,26
timeStep,numberOfRobotsOnBlackSite,numberOfRobotsOnWhiteSite
8968,15,26
timeStep,numberOfRobotsOnBlackSite,numberOfRobotsOnWhiteSite
8969,15,26
timeStep,numberOfRobotsOnBlackSite,numberOfRobotsOnWhiteSite
8970,15,26
timeStep,numberOfRobotsOnBlackSite,numberOfRobotsOnWhiteSite
8971,15,26
timeStep,numberOfRobotsOnBlackSite,numberOfRobotsOnWhiteSite
8972,15,26
timeStep,numberOfRobotsOnBlackSite,numberOfRobotsOnWhiteSite
8973,15,26
timeStep,numberOfRobotsOnBlackSite,numberOfRobotsOnWhiteSite
8974,15,26
timeStep,numberOfRobotsOnBlackSite,numberOfRobotsOnWhiteSite
8975,15,26
timeStep,numberOfRobotsOnBlackSite,numberOfRobotsOnWhiteSite
8976,15,26
timeStep,numberOfRobotsOnBlackSite,numberOfRobotsOnWhiteSite
8977,15,26
timeStep,numberOfRobotsOnBlackSite,numberOfRobotsOnWhiteSite
8978,15,26
timeStep,numberOfRobotsOnBlackSite,numberOfRobotsOnWhiteSite
8979,15,26
timeStep,numberOfRobotsOnBlackSite,numberOfRobotsOnWhiteSite
8980,15,26
timeStep,numberOfRobotsOnBlackSite,numberOfRobotsOnWhiteSite
8981,15,26
timeStep,numberOfRobotsOnBlackSite,numberOfRobotsOnWhiteSite
8982,15,26
timeStep,numberOfRobotsOnBlackSite,numberOfRobotsOnWhiteSite
8983,15,26
timeStep,numberOfRobotsOnBlackSite,numberOfRobotsOnWhiteSite
8984,15,26
timeStep,numberOfRobotsOnBlackSite,numberOfRobotsOnWhiteSite
8985,15,26
timeStep,numberOfRobotsOnBlackSite,numberOfRobotsOnWhiteSite
8986,15,26
timeStep,numberOfRobotsOnBlackSite,numberOfRobotsOnWhiteSite
8987,15,26
timeStep,numberOfRobotsOnBlackSite,numberOfRobotsOnWhiteSite
8988,15,26
timeStep,numberOfRobotsOnBlackSite,numberOfRobotsOnWhiteSite
8989,15,26
timeStep,numberOfRobotsOnBlackSite,numberOfRobotsOnWhiteSite
8990,15,26
timeStep,numberOfRobotsOnBlackSite,numberOfRobotsOnWhiteSite
8991,15,26
timeStep,numberOfRobotsOnBlackSite,numberOfRobotsOnWhiteSite
8992,15,26
timeStep,numberOfRobotsOnBlackSite,numberOfRobotsOnWhiteSite
8993,15,26
timeStep,numberOfRobotsOnBlackSite,numberOfRobotsOnWhiteSite
8994,15,26
timeStep,numberOfRobotsOnBlackSite,numberOfRobotsOnWhiteSite
8995,15,26
timeStep,numberOfRobotsOnBlackSite,numberOfRobotsOnWhiteSite
8996,15,26
timeStep,numberOfRobotsOnBlackSite,numberOfRobotsOnWhiteSite
8997,15,26
timeStep,numberOfRobotsOnBlackSite,numberOfRobotsOnWhiteSite
8998,15,26
timeStep,numberOfRobotsOnBlackSite,numberOfRobotsOnWhiteSite
8999,15,26
timeStep,numberOfRobotsOnBlackSite,numberOfRobotsOnWhiteSite
9000,15,26
timeStep,numberOfRobotsOnBlackSite,numberOfRobotsOnWhiteSite
9001,15,26
timeStep,numberOfRobotsOnBlackSite,numberOfRobotsOnWhiteSite
9002,15,26
timeStep,numberOfRobotsOnBlackSite,numberOfRobotsOnWhiteSite
9003,15,26
timeStep,numberOfRobotsOnBlackSite,numberOfRobotsOnWhiteSite
9004,15,26
timeStep,numberOfRobotsOnBlackSite,numberOfRobotsOnWhiteSite
9005,15,26
timeStep,numberOfRobotsOnBlackSite,numberOfRobotsOnWhiteSite
9006,15,26
timeStep,numberOfRobotsOnBlackSite,numberOfRobotsOnWhiteSite
9007,15,26
timeStep,numberOfRobotsOnBlackSite,numberOfRobotsOnWhiteSite
9008,15,26
timeStep,numberOfRobotsOnBlackSite,numberOfRobotsOnWhiteSite
9009,15,26
timeStep,numberOfRobotsOnBlackSite,numberOfRobotsOnWhiteSite
9010,15,26
timeStep,numberOfRobotsOnBlackSite,numberOfRobotsOnWhiteSite
9011,15,26
timeStep,numberOfRobotsOnBlackSite,numberOfRobotsOnWhiteSite
9012,15,26
timeStep,numberOfRobotsOnBlackSite,numberOfRobotsOnWhiteSite
9013,15,26
timeStep,numberOfRobotsOnBlackSite,numberOfRobotsOnWhiteSite
9014,15,26
timeStep,numberOfRobotsOnBlackSite,numberOfRobotsOnWhiteSite
9015,15,26
timeStep,numberOfRobotsOnBlackSite,numberOfRobotsOnWhiteSite
9016,15,26
timeStep,numberOfRobotsOnBlackSite,numberOfRobotsOnWhiteSite
9017,15,26
timeStep,numberOfRobotsOnBlackSite,numberOfRobotsOnWhiteSite
9018,15,26
timeStep,numberOfRobotsOnBlackSite,numberOfRobotsOnWhiteSite
9019,15,26
timeStep,numberOfRobotsOnBlackSite,numberOfRobotsOnWhiteSite
9020,15,26
timeStep,numberOfRobotsOnBlackSite,numberOfRobotsOnWhiteSite
9021,15,26
timeStep,numberOfRobotsOnBlackSite,numberOfRobotsOnWhiteSite
9022,15,26
timeStep,numberOfRobotsOnBlackSite,numberOfRobotsOnWhiteSite
9023,15,26
timeStep,numberOfRobotsOnBlackSite,numberOfRobotsOnWhiteSite
9024,15,26
timeStep,numberOfRobotsOnBlackSite,numberOfRobotsOnWhiteSite
9025,15,26
timeStep,numberOfRobotsOnBlackSite,numberOfRobotsOnWhiteSite
9026,15,26
timeStep,numberOfRobotsOnBlackSite,numberOfRobotsOnWhiteSite
9027,15,26
timeStep,numberOfRobotsOnBlackSite,numberOfRobotsOnWhiteSite
9028,15,26
timeStep,numberOfRobotsOnBlackSite,numberOfRobotsOnWhiteSite
9029,15,26
timeStep,numberOfRobotsOnBlackSite,numberOfRobotsOnWhiteSite
9030,15,26
timeStep,numberOfRobotsOnBlackSite,numberOfRobotsOnWhiteSite
9031,15,26
timeStep,numberOfRobotsOnBlackSite,numberOfRobotsOnWhiteSite
9032,15,26
timeStep,numberOfRobotsOnBlackSite,numberOfRobotsOnWhiteSite
9033,15,26
timeStep,numberOfRobotsOnBlackSite,numberOfRobotsOnWhiteSite
9034,15,26
timeStep,numberOfRobotsOnBlackSite,numberOfRobotsOnWhiteSite
9035,15,26
timeStep,numberOfRobotsOnBlackSite,numberOfRobotsOnWhiteSite
9036,15,26
timeStep,numberOfRobotsOnBlackSite,numberOfRobotsOnWhiteSite
9037,15,26
timeStep,numberOfRobotsOnBlackSite,numberOfRobotsOnWhiteSite
9038,15,26
timeStep,numberOfRobotsOnBlackSite,numberOfRobotsOnWhiteSite
9039,15,26
timeStep,numberOfRobotsOnBlackSite,numberOfRobotsOnWhiteSite
9040,15,26
timeStep,numberOfRobotsOnBlackSite,numberOfRobotsOnWhiteSite
9041,15,26
timeStep,numberOfRobotsOnBlackSite,numberOfRobotsOnWhiteSite
9042,15,26
timeStep,numberOfRobotsOnBlackSite,numberOfRobotsOnWhiteSite
9043,15,26
timeStep,numberOfRobotsOnBlackSite,numberOfRobotsOnWhiteSite
9044,15,26
timeStep,numberOfRobotsOnBlackSite,numberOfRobotsOnWhiteSite
9045,15,26
timeStep,numberOfRobotsOnBlackSite,numberOfRobotsOnWhiteSite
9046,15,26
timeStep,numberOfRobotsOnBlackSite,numberOfRobotsOnWhiteSite
9047,15,26
timeStep,numberOfRobotsOnBlackSite,numberOfRobotsOnWhiteSite
9048,15,26
timeStep,numberOfRobotsOnBlackSite,numberOfRobotsOnWhiteSite
9049,15,26
timeStep,numberOfRobotsOnBlackSite,numberOfRobotsOnWhiteSite
9050,15,26
timeStep,numberOfRobotsOnBlackSite,numberOfRobotsOnWhiteSite
9051,15,26
timeStep,numberOfRobotsOnBlackSite,numberOfRobotsOnWhiteSite
9052,15,26
timeStep,numberOfRobotsOnBlackSite,numberOfRobotsOnWhiteSite
9053,15,26
timeStep,numberOfRobotsOnBlackSite,numberOfRobotsOnWhiteSite
9054,15,26
timeStep,numberOfRobotsOnBlackSite,numberOfRobotsOnWhiteSite
9055,15,26
timeStep,numberOfRobotsOnBlackSite,numberOfRobotsOnWhiteSite
9056,15,26
timeStep,numberOfRobotsOnBlackSite,numberOfRobotsOnWhiteSite
9057,15,26
timeStep,numberOfRobotsOnBlackSite,numberOfRobotsOnWhiteSite
9058,15,26
timeStep,numberOfRobotsOnBlackSite,numberOfRobotsOnWhiteSite
9059,15,26
timeStep,numberOfRobotsOnBlackSite,numberOfRobotsOnWhiteSite
9060,15,26
timeStep,numberOfRobotsOnBlackSite,numberOfRobotsOnWhiteSite
9061,15,26
timeStep,numberOfRobotsOnBlackSite,numberOfRobotsOnWhiteSite
9062,15,26
timeStep,numberOfRobotsOnBlackSite,numberOfRobotsOnWhiteSite
9063,15,26
timeStep,numberOfRobotsOnBlackSite,numberOfRobotsOnWhiteSite
9064,15,26
timeStep,numberOfRobotsOnBlackSite,numberOfRobotsOnWhiteSite
9065,15,26
timeStep,numberOfRobotsOnBlackSite,numberOfRobotsOnWhiteSite
9066,15,26
timeStep,numberOfRobotsOnBlackSite,numberOfRobotsOnWhiteSite
9067,15,26
timeStep,numberOfRobotsOnBlackSite,numberOfRobotsOnWhiteSite
9068,15,26
timeStep,numberOfRobotsOnBlackSite,numberOfRobotsOnWhiteSite
9069,15,26
timeStep,numberOfRobotsOnBlackSite,numberOfRobotsOnWhiteSite
9070,16,26
timeStep,numberOfRobotsOnBlackSite,numberOfRobotsOnWhiteSite
9071,16,26
timeStep,numberOfRobotsOnBlackSite,numberOfRobotsOnWhiteSite
9072,16,26
timeStep,numberOfRobotsOnBlackSite,numberOfRobotsOnWhiteSite
9073,16,26
timeStep,numberOfRobotsOnBlackSite,numberOfRobotsOnWhiteSite
9074,16,26
timeStep,numberOfRobotsOnBlackSite,numberOfRobotsOnWhiteSite
9075,16,25
timeStep,numberOfRobotsOnBlackSite,numberOfRobotsOnWhiteSite
9076,16,25
timeStep,numberOfRobotsOnBlackSite,numberOfRobotsOnWhiteSite
9077,16,25
timeStep,numberOfRobotsOnBlackSite,numberOfRobotsOnWhiteSite
9078,16,25
timeStep,numberOfRobotsOnBlackSite,numberOfRobotsOnWhiteSite
9079,16,25
timeStep,numberOfRobotsOnBlackSite,numberOfRobotsOnWhiteSite
9080,16,25
timeStep,numberOfRobotsOnBlackSite,numberOfRobotsOnWhiteSite
9081,16,25
timeStep,numberOfRobotsOnBlackSite,numberOfRobotsOnWhiteSite
9082,16,25
timeStep,numberOfRobotsOnBlackSite,numberOfRobotsOnWhiteSite
9083,16,25
timeStep,numberOfRobotsOnBlackSite,numberOfRobotsOnWhiteSite
9084,16,25
timeStep,numberOfRobotsOnBlackSite,numberOfRobotsOnWhiteSite
9085,16,25
timeStep,numberOfRobotsOnBlackSite,numberOfRobotsOnWhiteSite
9086,16,25
timeStep,numberOfRobotsOnBlackSite,numberOfRobotsOnWhiteSite
9087,16,25
timeStep,numberOfRobotsOnBlackSite,numberOfRobotsOnWhiteSite
9088,16,25
timeStep,numberOfRobotsOnBlackSite,numberOfRobotsOnWhiteSite
9089,16,25
timeStep,numberOfRobotsOnBlackSite,numberOfRobotsOnWhiteSite
9090,16,25
timeStep,numberOfRobotsOnBlackSite,numberOfRobotsOnWhiteSite
9091,16,25
timeStep,numberOfRobotsOnBlackSite,numberOfRobotsOnWhiteSite
9092,16,25
timeStep,numberOfRobotsOnBlackSite,numberOfRobotsOnWhiteSite
9093,16,25
timeStep,numberOfRobotsOnBlackSite,numberOfRobotsOnWhiteSite
9094,16,25
timeStep,numberOfRobotsOnBlackSite,numberOfRobotsOnWhiteSite
9095,16,25
timeStep,numberOfRobotsOnBlackSite,numberOfRobotsOnWhiteSite
9096,16,25
timeStep,numberOfRobotsOnBlackSite,numberOfRobotsOnWhiteSite
9097,16,25
timeStep,numberOfRobotsOnBlackSite,numberOfRobotsOnWhiteSite
9098,16,25
timeStep,numberOfRobotsOnBlackSite,numberOfRobotsOnWhiteSite
9099,16,25
timeStep,numberOfRobotsOnBlackSite,numberOfRobotsOnWhiteSite
9100,16,25
timeStep,numberOfRobotsOnBlackSite,numberOfRobotsOnWhiteSite
9101,16,25
timeStep,numberOfRobotsOnBlackSite,numberOfRobotsOnWhiteSite
9102,16,25
timeStep,numberOfRobotsOnBlackSite,numberOfRobotsOnWhiteSite
9103,16,25
timeStep,numberOfRobotsOnBlackSite,numberOfRobotsOnWhiteSite
9104,16,25
timeStep,numberOfRobotsOnBlackSite,numberOfRobotsOnWhiteSite
9105,16,25
timeStep,numberOfRobotsOnBlackSite,numberOfRobotsOnWhiteSite
9106,16,25
timeStep,numberOfRobotsOnBlackSite,numberOfRobotsOnWhiteSite
9107,16,25
timeStep,numberOfRobotsOnBlackSite,numberOfRobotsOnWhiteSite
9108,16,25
timeStep,numberOfRobotsOnBlackSite,numberOfRobotsOnWhiteSite
9109,16,25
timeStep,numberOfRobotsOnBlackSite,numberOfRobotsOnWhiteSite
9110,16,25
timeStep,numberOfRobotsOnBlackSite,numberOfRobotsOnWhiteSite
9111,16,25
timeStep,numberOfRobotsOnBlackSite,numberOfRobotsOnWhiteSite
9112,16,25
timeStep,numberOfRobotsOnBlackSite,numberOfRobotsOnWhiteSite
9113,16,25
timeStep,numberOfRobotsOnBlackSite,numberOfRobotsOnWhiteSite
9114,16,25
timeStep,numberOfRobotsOnBlackSite,numberOfRobotsOnWhiteSite
9115,16,25
timeStep,numberOfRobotsOnBlackSite,numberOfRobotsOnWhiteSite
9116,16,25
timeStep,numberOfRobotsOnBlackSite,numberOfRobotsOnWhiteSite
9117,16,25
timeStep,numberOfRobotsOnBlackSite,numberOfRobotsOnWhiteSite
9118,16,25
timeStep,numberOfRobotsOnBlackSite,numberOfRobotsOnWhiteSite
9119,16,25
timeStep,numberOfRobotsOnBlackSite,numberOfRobotsOnWhiteSite
9120,16,25
timeStep,numberOfRobotsOnBlackSite,numberOfRobotsOnWhiteSite
9121,16,25
timeStep,numberOfRobotsOnBlackSite,numberOfRobotsOnWhiteSite
9122,16,25
timeStep,numberOfRobotsOnBlackSite,numberOfRobotsOnWhiteSite
9123,16,25
timeStep,numberOfRobotsOnBlackSite,numberOfRobotsOnWhiteSite
9124,16,25
timeStep,numberOfRobotsOnBlackSite,numberOfRobotsOnWhiteSite
9125,16,25
timeStep,numberOfRobotsOnBlackSite,numberOfRobotsOnWhiteSite
9126,16,25
timeStep,numberOfRobotsOnBlackSite,numberOfRobotsOnWhiteSite
9127,16,25
timeStep,numberOfRobotsOnBlackSite,numberOfRobotsOnWhiteSite
9128,16,25
timeStep,numberOfRobotsOnBlackSite,numberOfRobotsOnWhiteSite
9129,16,25
timeStep,numberOfRobotsOnBlackSite,numberOfRobotsOnWhiteSite
9130,16,25
timeStep,numberOfRobotsOnBlackSite,numberOfRobotsOnWhiteSite
9131,16,25
timeStep,numberOfRobotsOnBlackSite,numberOfRobotsOnWhiteSite
9132,16,25
timeStep,numberOfRobotsOnBlackSite,numberOfRobotsOnWhiteSite
9133,16,25
timeStep,numberOfRobotsOnBlackSite,numberOfRobotsOnWhiteSite
9134,16,25
timeStep,numberOfRobotsOnBlackSite,numberOfRobotsOnWhiteSite
9135,16,25
timeStep,numberOfRobotsOnBlackSite,numberOfRobotsOnWhiteSite
9136,16,25
timeStep,numberOfRobotsOnBlackSite,numberOfRobotsOnWhiteSite
9137,16,25
timeStep,numberOfRobotsOnBlackSite,numberOfRobotsOnWhiteSite
9138,16,25
timeStep,numberOfRobotsOnBlackSite,numberOfRobotsOnWhiteSite
9139,16,25
timeStep,numberOfRobotsOnBlackSite,numberOfRobotsOnWhiteSite
9140,17,25
timeStep,numberOfRobotsOnBlackSite,numberOfRobotsOnWhiteSite
9141,17,25
timeStep,numberOfRobotsOnBlackSite,numberOfRobotsOnWhiteSite
9142,17,25
timeStep,numberOfRobotsOnBlackSite,numberOfRobotsOnWhiteSite
9143,17,25
timeStep,numberOfRobotsOnBlackSite,numberOfRobotsOnWhiteSite
9144,17,25
timeStep,numberOfRobotsOnBlackSite,numberOfRobotsOnWhiteSite
9145,17,25
timeStep,numberOfRobotsOnBlackSite,numberOfRobotsOnWhiteSite
9146,17,25
timeStep,numberOfRobotsOnBlackSite,numberOfRobotsOnWhiteSite
9147,17,25
timeStep,numberOfRobotsOnBlackSite,numberOfRobotsOnWhiteSite
9148,17,25
timeStep,numberOfRobotsOnBlackSite,numberOfRobotsOnWhiteSite
9149,17,25
timeStep,numberOfRobotsOnBlackSite,numberOfRobotsOnWhiteSite
9150,17,25
timeStep,numberOfRobotsOnBlackSite,numberOfRobotsOnWhiteSite
9151,17,25
timeStep,numberOfRobotsOnBlackSite,numberOfRobotsOnWhiteSite
9152,17,25
timeStep,numberOfRobotsOnBlackSite,numberOfRobotsOnWhiteSite
9153,17,25
timeStep,numberOfRobotsOnBlackSite,numberOfRobotsOnWhiteSite
9154,17,25
timeStep,numberOfRobotsOnBlackSite,numberOfRobotsOnWhiteSite
9155,17,25
timeStep,numberOfRobotsOnBlackSite,numberOfRobotsOnWhiteSite
9156,17,25
timeStep,numberOfRobotsOnBlackSite,numberOfRobotsOnWhiteSite
9157,17,25
timeStep,numberOfRobotsOnBlackSite,numberOfRobotsOnWhiteSite
9158,17,25
timeStep,numberOfRobotsOnBlackSite,numberOfRobotsOnWhiteSite
9159,17,25
timeStep,numberOfRobotsOnBlackSite,numberOfRobotsOnWhiteSite
9160,17,25
timeStep,numberOfRobotsOnBlackSite,numberOfRobotsOnWhiteSite
9161,17,25
timeStep,numberOfRobotsOnBlackSite,numberOfRobotsOnWhiteSite
9162,17,25
timeStep,numberOfRobotsOnBlackSite,numberOfRobotsOnWhiteSite
9163,17,25
timeStep,numberOfRobotsOnBlackSite,numberOfRobotsOnWhiteSite
9164,17,25
timeStep,numberOfRobotsOnBlackSite,numberOfRobotsOnWhiteSite
9165,17,25
timeStep,numberOfRobotsOnBlackSite,numberOfRobotsOnWhiteSite
9166,17,25
timeStep,numberOfRobotsOnBlackSite,numberOfRobotsOnWhiteSite
9167,17,25
timeStep,numberOfRobotsOnBlackSite,numberOfRobotsOnWhiteSite
9168,17,25
timeStep,numberOfRobotsOnBlackSite,numberOfRobotsOnWhiteSite
9169,17,25
timeStep,numberOfRobotsOnBlackSite,numberOfRobotsOnWhiteSite
9170,17,25
timeStep,numberOfRobotsOnBlackSite,numberOfRobotsOnWhiteSite
9171,17,25
timeStep,numberOfRobotsOnBlackSite,numberOfRobotsOnWhiteSite
9172,17,25
timeStep,numberOfRobotsOnBlackSite,numberOfRobotsOnWhiteSite
9173,17,25
timeStep,numberOfRobotsOnBlackSite,numberOfRobotsOnWhiteSite
9174,17,25
timeStep,numberOfRobotsOnBlackSite,numberOfRobotsOnWhiteSite
9175,17,25
timeStep,numberOfRobotsOnBlackSite,numberOfRobotsOnWhiteSite
9176,17,25
timeStep,numberOfRobotsOnBlackSite,numberOfRobotsOnWhiteSite
9177,17,25
timeStep,numberOfRobotsOnBlackSite,numberOfRobotsOnWhiteSite
9178,17,25
timeStep,numberOfRobotsOnBlackSite,numberOfRobotsOnWhiteSite
9179,17,25
timeStep,numberOfRobotsOnBlackSite,numberOfRobotsOnWhiteSite
9180,17,25
timeStep,numberOfRobotsOnBlackSite,numberOfRobotsOnWhiteSite
9181,17,25
timeStep,numberOfRobotsOnBlackSite,numberOfRobotsOnWhiteSite
9182,17,25
timeStep,numberOfRobotsOnBlackSite,numberOfRobotsOnWhiteSite
9183,17,25
timeStep,numberOfRobotsOnBlackSite,numberOfRobotsOnWhiteSite
9184,17,25
timeStep,numberOfRobotsOnBlackSite,numberOfRobotsOnWhiteSite
9185,17,25
timeStep,numberOfRobotsOnBlackSite,numberOfRobotsOnWhiteSite
9186,17,25
timeStep,numberOfRobotsOnBlackSite,numberOfRobotsOnWhiteSite
9187,17,25
timeStep,numberOfRobotsOnBlackSite,numberOfRobotsOnWhiteSite
9188,17,25
timeStep,numberOfRobotsOnBlackSite,numberOfRobotsOnWhiteSite
9189,17,25
timeStep,numberOfRobotsOnBlackSite,numberOfRobotsOnWhiteSite
9190,17,25
timeStep,numberOfRobotsOnBlackSite,numberOfRobotsOnWhiteSite
9191,17,25
timeStep,numberOfRobotsOnBlackSite,numberOfRobotsOnWhiteSite
9192,17,25
timeStep,numberOfRobotsOnBlackSite,numberOfRobotsOnWhiteSite
9193,17,25
timeStep,numberOfRobotsOnBlackSite,numberOfRobotsOnWhiteSite
9194,17,25
timeStep,numberOfRobotsOnBlackSite,numberOfRobotsOnWhiteSite
9195,17,25
timeStep,numberOfRobotsOnBlackSite,numberOfRobotsOnWhiteSite
9196,17,25
timeStep,numberOfRobotsOnBlackSite,numberOfRobotsOnWhiteSite
9197,17,25
timeStep,numberOfRobotsOnBlackSite,numberOfRobotsOnWhiteSite
9198,17,25
timeStep,numberOfRobotsOnBlackSite,numberOfRobotsOnWhiteSite
9199,17,25
timeStep,numberOfRobotsOnBlackSite,numberOfRobotsOnWhiteSite
9200,17,25
timeStep,numberOfRobotsOnBlackSite,numberOfRobotsOnWhiteSite
9201,17,25
timeStep,numberOfRobotsOnBlackSite,numberOfRobotsOnWhiteSite
9202,17,25
timeStep,numberOfRobotsOnBlackSite,numberOfRobotsOnWhiteSite
9203,17,25
timeStep,numberOfRobotsOnBlackSite,numberOfRobotsOnWhiteSite
9204,17,25
timeStep,numberOfRobotsOnBlackSite,numberOfRobotsOnWhiteSite
9205,17,25
timeStep,numberOfRobotsOnBlackSite,numberOfRobotsOnWhiteSite
9206,17,25
timeStep,numberOfRobotsOnBlackSite,numberOfRobotsOnWhiteSite
9207,17,25
timeStep,numberOfRobotsOnBlackSite,numberOfRobotsOnWhiteSite
9208,17,25
timeStep,numberOfRobotsOnBlackSite,numberOfRobotsOnWhiteSite
9209,17,25
timeStep,numberOfRobotsOnBlackSite,numberOfRobotsOnWhiteSite
9210,17,25
timeStep,numberOfRobotsOnBlackSite,numberOfRobotsOnWhiteSite
9211,17,25
timeStep,numberOfRobotsOnBlackSite,numberOfRobotsOnWhiteSite
9212,17,25
timeStep,numberOfRobotsOnBlackSite,numberOfRobotsOnWhiteSite
9213,17,25
timeStep,numberOfRobotsOnBlackSite,numberOfRobotsOnWhiteSite
9214,17,25
timeStep,numberOfRobotsOnBlackSite,numberOfRobotsOnWhiteSite
9215,17,25
timeStep,numberOfRobotsOnBlackSite,numberOfRobotsOnWhiteSite
9216,17,25
timeStep,numberOfRobotsOnBlackSite,numberOfRobotsOnWhiteSite
9217,17,25
timeStep,numberOfRobotsOnBlackSite,numberOfRobotsOnWhiteSite
9218,17,25
timeStep,numberOfRobotsOnBlackSite,numberOfRobotsOnWhiteSite
9219,17,25
timeStep,numberOfRobotsOnBlackSite,numberOfRobotsOnWhiteSite
9220,17,25
timeStep,numberOfRobotsOnBlackSite,numberOfRobotsOnWhiteSite
9221,17,25
timeStep,numberOfRobotsOnBlackSite,numberOfRobotsOnWhiteSite
9222,17,25
timeStep,numberOfRobotsOnBlackSite,numberOfRobotsOnWhiteSite
9223,17,25
timeStep,numberOfRobotsOnBlackSite,numberOfRobotsOnWhiteSite
9224,17,25
timeStep,numberOfRobotsOnBlackSite,numberOfRobotsOnWhiteSite
9225,17,25
timeStep,numberOfRobotsOnBlackSite,numberOfRobotsOnWhiteSite
9226,17,25
timeStep,numberOfRobotsOnBlackSite,numberOfRobotsOnWhiteSite
9227,17,25
timeStep,numberOfRobotsOnBlackSite,numberOfRobotsOnWhiteSite
9228,17,25
timeStep,numberOfRobotsOnBlackSite,numberOfRobotsOnWhiteSite
9229,17,25
timeStep,numberOfRobotsOnBlackSite,numberOfRobotsOnWhiteSite
9230,17,25
timeStep,numberOfRobotsOnBlackSite,numberOfRobotsOnWhiteSite
9231,17,25
timeStep,numberOfRobotsOnBlackSite,numberOfRobotsOnWhiteSite
9232,17,25
timeStep,numberOfRobotsOnBlackSite,numberOfRobotsOnWhiteSite
9233,17,25
timeStep,numberOfRobotsOnBlackSite,numberOfRobotsOnWhiteSite
9234,17,25
timeStep,numberOfRobotsOnBlackSite,numberOfRobotsOnWhiteSite
9235,17,25
timeStep,numberOfRobotsOnBlackSite,numberOfRobotsOnWhiteSite
9236,17,25
timeStep,numberOfRobotsOnBlackSite,numberOfRobotsOnWhiteSite
9237,17,25
timeStep,numberOfRobotsOnBlackSite,numberOfRobotsOnWhiteSite
9238,17,25
timeStep,numberOfRobotsOnBlackSite,numberOfRobotsOnWhiteSite
9239,17,25
timeStep,numberOfRobotsOnBlackSite,numberOfRobotsOnWhiteSite
9240,17,25
timeStep,numberOfRobotsOnBlackSite,numberOfRobotsOnWhiteSite
9241,17,25
timeStep,numberOfRobotsOnBlackSite,numberOfRobotsOnWhiteSite
9242,17,25
timeStep,numberOfRobotsOnBlackSite,numberOfRobotsOnWhiteSite
9243,17,25
timeStep,numberOfRobotsOnBlackSite,numberOfRobotsOnWhiteSite
9244,17,25
timeStep,numberOfRobotsOnBlackSite,numberOfRobotsOnWhiteSite
9245,17,25
timeStep,numberOfRobotsOnBlackSite,numberOfRobotsOnWhiteSite
9246,17,25
timeStep,numberOfRobotsOnBlackSite,numberOfRobotsOnWhiteSite
9247,17,25
timeStep,numberOfRobotsOnBlackSite,numberOfRobotsOnWhiteSite
9248,17,25
timeStep,numberOfRobotsOnBlackSite,numberOfRobotsOnWhiteSite
9249,17,25
timeStep,numberOfRobotsOnBlackSite,numberOfRobotsOnWhiteSite
9250,17,25
timeStep,numberOfRobotsOnBlackSite,numberOfRobotsOnWhiteSite
9251,17,25
timeStep,numberOfRobotsOnBlackSite,numberOfRobotsOnWhiteSite
9252,17,25
timeStep,numberOfRobotsOnBlackSite,numberOfRobotsOnWhiteSite
9253,17,25
timeStep,numberOfRobotsOnBlackSite,numberOfRobotsOnWhiteSite
9254,17,25
timeStep,numberOfRobotsOnBlackSite,numberOfRobotsOnWhiteSite
9255,17,25
timeStep,numberOfRobotsOnBlackSite,numberOfRobotsOnWhiteSite
9256,17,25
timeStep,numberOfRobotsOnBlackSite,numberOfRobotsOnWhiteSite
9257,17,25
timeStep,numberOfRobotsOnBlackSite,numberOfRobotsOnWhiteSite
9258,17,25
timeStep,numberOfRobotsOnBlackSite,numberOfRobotsOnWhiteSite
9259,17,25
timeStep,numberOfRobotsOnBlackSite,numberOfRobotsOnWhiteSite
9260,17,25
timeStep,numberOfRobotsOnBlackSite,numberOfRobotsOnWhiteSite
9261,17,25
timeStep,numberOfRobotsOnBlackSite,numberOfRobotsOnWhiteSite
9262,17,25
timeStep,numberOfRobotsOnBlackSite,numberOfRobotsOnWhiteSite
9263,17,25
timeStep,numberOfRobotsOnBlackSite,numberOfRobotsOnWhiteSite
9264,17,25
timeStep,numberOfRobotsOnBlackSite,numberOfRobotsOnWhiteSite
9265,17,25
timeStep,numberOfRobotsOnBlackSite,numberOfRobotsOnWhiteSite
9266,17,25
timeStep,numberOfRobotsOnBlackSite,numberOfRobotsOnWhiteSite
9267,17,25
timeStep,numberOfRobotsOnBlackSite,numberOfRobotsOnWhiteSite
9268,17,25
timeStep,numberOfRobotsOnBlackSite,numberOfRobotsOnWhiteSite
9269,17,25
timeStep,numberOfRobotsOnBlackSite,numberOfRobotsOnWhiteSite
9270,17,25
timeStep,numberOfRobotsOnBlackSite,numberOfRobotsOnWhiteSite
9271,17,25
timeStep,numberOfRobotsOnBlackSite,numberOfRobotsOnWhiteSite
9272,17,25
timeStep,numberOfRobotsOnBlackSite,numberOfRobotsOnWhiteSite
9273,17,25
timeStep,numberOfRobotsOnBlackSite,numberOfRobotsOnWhiteSite
9274,17,25
timeStep,numberOfRobotsOnBlackSite,numberOfRobotsOnWhiteSite
9275,17,24
timeStep,numberOfRobotsOnBlackSite,numberOfRobotsOnWhiteSite
9276,17,24
timeStep,numberOfRobotsOnBlackSite,numberOfRobotsOnWhiteSite
9277,17,24
timeStep,numberOfRobotsOnBlackSite,numberOfRobotsOnWhiteSite
9278,17,24
timeStep,numberOfRobotsOnBlackSite,numberOfRobotsOnWhiteSite
9279,17,24
timeStep,numberOfRobotsOnBlackSite,numberOfRobotsOnWhiteSite
9280,17,24
timeStep,numberOfRobotsOnBlackSite,numberOfRobotsOnWhiteSite
9281,17,24
timeStep,numberOfRobotsOnBlackSite,numberOfRobotsOnWhiteSite
9282,17,24
timeStep,numberOfRobotsOnBlackSite,numberOfRobotsOnWhiteSite
9283,17,24
timeStep,numberOfRobotsOnBlackSite,numberOfRobotsOnWhiteSite
9284,17,24
timeStep,numberOfRobotsOnBlackSite,numberOfRobotsOnWhiteSite
9285,17,24
timeStep,numberOfRobotsOnBlackSite,numberOfRobotsOnWhiteSite
9286,17,24
timeStep,numberOfRobotsOnBlackSite,numberOfRobotsOnWhiteSite
9287,17,24
timeStep,numberOfRobotsOnBlackSite,numberOfRobotsOnWhiteSite
9288,17,24
timeStep,numberOfRobotsOnBlackSite,numberOfRobotsOnWhiteSite
9289,17,24
timeStep,numberOfRobotsOnBlackSite,numberOfRobotsOnWhiteSite
9290,17,24
timeStep,numberOfRobotsOnBlackSite,numberOfRobotsOnWhiteSite
9291,17,24
timeStep,numberOfRobotsOnBlackSite,numberOfRobotsOnWhiteSite
9292,17,24
timeStep,numberOfRobotsOnBlackSite,numberOfRobotsOnWhiteSite
9293,17,24
timeStep,numberOfRobotsOnBlackSite,numberOfRobotsOnWhiteSite
9294,17,24
timeStep,numberOfRobotsOnBlackSite,numberOfRobotsOnWhiteSite
9295,17,24
timeStep,numberOfRobotsOnBlackSite,numberOfRobotsOnWhiteSite
9296,17,24
timeStep,numberOfRobotsOnBlackSite,numberOfRobotsOnWhiteSite
9297,17,24
timeStep,numberOfRobotsOnBlackSite,numberOfRobotsOnWhiteSite
9298,17,24
timeStep,numberOfRobotsOnBlackSite,numberOfRobotsOnWhiteSite
9299,17,24
timeStep,numberOfRobotsOnBlackSite,numberOfRobotsOnWhiteSite
9300,17,25
timeStep,numberOfRobotsOnBlackSite,numberOfRobotsOnWhiteSite
9301,17,25
timeStep,numberOfRobotsOnBlackSite,numberOfRobotsOnWhiteSite
9302,17,25
timeStep,numberOfRobotsOnBlackSite,numberOfRobotsOnWhiteSite
9303,17,25
timeStep,numberOfRobotsOnBlackSite,numberOfRobotsOnWhiteSite
9304,17,25
timeStep,numberOfRobotsOnBlackSite,numberOfRobotsOnWhiteSite
9305,17,25
timeStep,numberOfRobotsOnBlackSite,numberOfRobotsOnWhiteSite
9306,17,25
timeStep,numberOfRobotsOnBlackSite,numberOfRobotsOnWhiteSite
9307,17,25
timeStep,numberOfRobotsOnBlackSite,numberOfRobotsOnWhiteSite
9308,17,25
timeStep,numberOfRobotsOnBlackSite,numberOfRobotsOnWhiteSite
9309,17,25
timeStep,numberOfRobotsOnBlackSite,numberOfRobotsOnWhiteSite
9310,17,25
timeStep,numberOfRobotsOnBlackSite,numberOfRobotsOnWhiteSite
9311,17,25
timeStep,numberOfRobotsOnBlackSite,numberOfRobotsOnWhiteSite
9312,17,25
timeStep,numberOfRobotsOnBlackSite,numberOfRobotsOnWhiteSite
9313,17,25
timeStep,numberOfRobotsOnBlackSite,numberOfRobotsOnWhiteSite
9314,17,25
timeStep,numberOfRobotsOnBlackSite,numberOfRobotsOnWhiteSite
9315,17,25
timeStep,numberOfRobotsOnBlackSite,numberOfRobotsOnWhiteSite
9316,17,25
timeStep,numberOfRobotsOnBlackSite,numberOfRobotsOnWhiteSite
9317,17,25
timeStep,numberOfRobotsOnBlackSite,numberOfRobotsOnWhiteSite
9318,17,25
timeStep,numberOfRobotsOnBlackSite,numberOfRobotsOnWhiteSite
9319,17,25
timeStep,numberOfRobotsOnBlackSite,numberOfRobotsOnWhiteSite
9320,17,24
timeStep,numberOfRobotsOnBlackSite,numberOfRobotsOnWhiteSite
9321,17,24
timeStep,numberOfRobotsOnBlackSite,numberOfRobotsOnWhiteSite
9322,17,24
timeStep,numberOfRobotsOnBlackSite,numberOfRobotsOnWhiteSite
9323,17,24
timeStep,numberOfRobotsOnBlackSite,numberOfRobotsOnWhiteSite
9324,17,24
timeStep,numberOfRobotsOnBlackSite,numberOfRobotsOnWhiteSite
9325,17,24
timeStep,numberOfRobotsOnBlackSite,numberOfRobotsOnWhiteSite
9326,17,24
timeStep,numberOfRobotsOnBlackSite,numberOfRobotsOnWhiteSite
9327,17,24
timeStep,numberOfRobotsOnBlackSite,numberOfRobotsOnWhiteSite
9328,17,24
timeStep,numberOfRobotsOnBlackSite,numberOfRobotsOnWhiteSite
9329,17,24
timeStep,numberOfRobotsOnBlackSite,numberOfRobotsOnWhiteSite
9330,17,23
timeStep,numberOfRobotsOnBlackSite,numberOfRobotsOnWhiteSite
9331,17,23
timeStep,numberOfRobotsOnBlackSite,numberOfRobotsOnWhiteSite
9332,17,23
timeStep,numberOfRobotsOnBlackSite,numberOfRobotsOnWhiteSite
9333,17,23
timeStep,numberOfRobotsOnBlackSite,numberOfRobotsOnWhiteSite
9334,17,23
timeStep,numberOfRobotsOnBlackSite,numberOfRobotsOnWhiteSite
9335,17,23
timeStep,numberOfRobotsOnBlackSite,numberOfRobotsOnWhiteSite
9336,17,23
timeStep,numberOfRobotsOnBlackSite,numberOfRobotsOnWhiteSite
9337,17,23
timeStep,numberOfRobotsOnBlackSite,numberOfRobotsOnWhiteSite
9338,17,23
timeStep,numberOfRobotsOnBlackSite,numberOfRobotsOnWhiteSite
9339,17,23
timeStep,numberOfRobotsOnBlackSite,numberOfRobotsOnWhiteSite
9340,17,23
timeStep,numberOfRobotsOnBlackSite,numberOfRobotsOnWhiteSite
9341,17,23
timeStep,numberOfRobotsOnBlackSite,numberOfRobotsOnWhiteSite
9342,17,23
timeStep,numberOfRobotsOnBlackSite,numberOfRobotsOnWhiteSite
9343,17,23
timeStep,numberOfRobotsOnBlackSite,numberOfRobotsOnWhiteSite
9344,17,23
timeStep,numberOfRobotsOnBlackSite,numberOfRobotsOnWhiteSite
9345,17,23
timeStep,numberOfRobotsOnBlackSite,numberOfRobotsOnWhiteSite
9346,17,23
timeStep,numberOfRobotsOnBlackSite,numberOfRobotsOnWhiteSite
9347,17,23
timeStep,numberOfRobotsOnBlackSite,numberOfRobotsOnWhiteSite
9348,17,23
timeStep,numberOfRobotsOnBlackSite,numberOfRobotsOnWhiteSite
9349,17,23
timeStep,numberOfRobotsOnBlackSite,numberOfRobotsOnWhiteSite
9350,17,23
timeStep,numberOfRobotsOnBlackSite,numberOfRobotsOnWhiteSite
9351,17,23
timeStep,numberOfRobotsOnBlackSite,numberOfRobotsOnWhiteSite
9352,17,23
timeStep,numberOfRobotsOnBlackSite,numberOfRobotsOnWhiteSite
9353,17,23
timeStep,numberOfRobotsOnBlackSite,numberOfRobotsOnWhiteSite
9354,17,23
timeStep,numberOfRobotsOnBlackSite,numberOfRobotsOnWhiteSite
9355,17,23
timeStep,numberOfRobotsOnBlackSite,numberOfRobotsOnWhiteSite
9356,17,23
timeStep,numberOfRobotsOnBlackSite,numberOfRobotsOnWhiteSite
9357,17,23
timeStep,numberOfRobotsOnBlackSite,numberOfRobotsOnWhiteSite
9358,17,23
timeStep,numberOfRobotsOnBlackSite,numberOfRobotsOnWhiteSite
9359,17,23
timeStep,numberOfRobotsOnBlackSite,numberOfRobotsOnWhiteSite
9360,17,23
timeStep,numberOfRobotsOnBlackSite,numberOfRobotsOnWhiteSite
9361,17,23
timeStep,numberOfRobotsOnBlackSite,numberOfRobotsOnWhiteSite
9362,17,23
timeStep,numberOfRobotsOnBlackSite,numberOfRobotsOnWhiteSite
9363,17,23
timeStep,numberOfRobotsOnBlackSite,numberOfRobotsOnWhiteSite
9364,17,23
timeStep,numberOfRobotsOnBlackSite,numberOfRobotsOnWhiteSite
9365,17,23
timeStep,numberOfRobotsOnBlackSite,numberOfRobotsOnWhiteSite
9366,17,23
timeStep,numberOfRobotsOnBlackSite,numberOfRobotsOnWhiteSite
9367,17,23
timeStep,numberOfRobotsOnBlackSite,numberOfRobotsOnWhiteSite
9368,17,23
timeStep,numberOfRobotsOnBlackSite,numberOfRobotsOnWhiteSite
9369,17,23
timeStep,numberOfRobotsOnBlackSite,numberOfRobotsOnWhiteSite
9370,17,23
timeStep,numberOfRobotsOnBlackSite,numberOfRobotsOnWhiteSite
9371,17,23
timeStep,numberOfRobotsOnBlackSite,numberOfRobotsOnWhiteSite
9372,17,23
timeStep,numberOfRobotsOnBlackSite,numberOfRobotsOnWhiteSite
9373,17,23
timeStep,numberOfRobotsOnBlackSite,numberOfRobotsOnWhiteSite
9374,17,23
timeStep,numberOfRobotsOnBlackSite,numberOfRobotsOnWhiteSite
9375,17,23
timeStep,numberOfRobotsOnBlackSite,numberOfRobotsOnWhiteSite
9376,17,23
timeStep,numberOfRobotsOnBlackSite,numberOfRobotsOnWhiteSite
9377,17,23
timeStep,numberOfRobotsOnBlackSite,numberOfRobotsOnWhiteSite
9378,17,23
timeStep,numberOfRobotsOnBlackSite,numberOfRobotsOnWhiteSite
9379,17,23
timeStep,numberOfRobotsOnBlackSite,numberOfRobotsOnWhiteSite
9380,17,23
timeStep,numberOfRobotsOnBlackSite,numberOfRobotsOnWhiteSite
9381,17,23
timeStep,numberOfRobotsOnBlackSite,numberOfRobotsOnWhiteSite
9382,17,23
timeStep,numberOfRobotsOnBlackSite,numberOfRobotsOnWhiteSite
9383,17,23
timeStep,numberOfRobotsOnBlackSite,numberOfRobotsOnWhiteSite
9384,17,23
timeStep,numberOfRobotsOnBlackSite,numberOfRobotsOnWhiteSite
9385,17,23
timeStep,numberOfRobotsOnBlackSite,numberOfRobotsOnWhiteSite
9386,17,23
timeStep,numberOfRobotsOnBlackSite,numberOfRobotsOnWhiteSite
9387,17,23
timeStep,numberOfRobotsOnBlackSite,numberOfRobotsOnWhiteSite
9388,17,23
timeStep,numberOfRobotsOnBlackSite,numberOfRobotsOnWhiteSite
9389,17,23
timeStep,numberOfRobotsOnBlackSite,numberOfRobotsOnWhiteSite
9390,17,23
timeStep,numberOfRobotsOnBlackSite,numberOfRobotsOnWhiteSite
9391,17,23
timeStep,numberOfRobotsOnBlackSite,numberOfRobotsOnWhiteSite
9392,17,23
timeStep,numberOfRobotsOnBlackSite,numberOfRobotsOnWhiteSite
9393,17,23
timeStep,numberOfRobotsOnBlackSite,numberOfRobotsOnWhiteSite
9394,17,23
timeStep,numberOfRobotsOnBlackSite,numberOfRobotsOnWhiteSite
9395,17,23
timeStep,numberOfRobotsOnBlackSite,numberOfRobotsOnWhiteSite
9396,17,23
timeStep,numberOfRobotsOnBlackSite,numberOfRobotsOnWhiteSite
9397,17,23
timeStep,numberOfRobotsOnBlackSite,numberOfRobotsOnWhiteSite
9398,17,23
timeStep,numberOfRobotsOnBlackSite,numberOfRobotsOnWhiteSite
9399,17,23
timeStep,numberOfRobotsOnBlackSite,numberOfRobotsOnWhiteSite
9400,17,23
timeStep,numberOfRobotsOnBlackSite,numberOfRobotsOnWhiteSite
9401,17,23
timeStep,numberOfRobotsOnBlackSite,numberOfRobotsOnWhiteSite
9402,17,23
timeStep,numberOfRobotsOnBlackSite,numberOfRobotsOnWhiteSite
9403,17,23
timeStep,numberOfRobotsOnBlackSite,numberOfRobotsOnWhiteSite
9404,17,23
timeStep,numberOfRobotsOnBlackSite,numberOfRobotsOnWhiteSite
9405,17,24
timeStep,numberOfRobotsOnBlackSite,numberOfRobotsOnWhiteSite
9406,17,24
timeStep,numberOfRobotsOnBlackSite,numberOfRobotsOnWhiteSite
9407,17,24
timeStep,numberOfRobotsOnBlackSite,numberOfRobotsOnWhiteSite
9408,17,24
timeStep,numberOfRobotsOnBlackSite,numberOfRobotsOnWhiteSite
9409,17,24
timeStep,numberOfRobotsOnBlackSite,numberOfRobotsOnWhiteSite
9410,17,24
timeStep,numberOfRobotsOnBlackSite,numberOfRobotsOnWhiteSite
9411,17,24
timeStep,numberOfRobotsOnBlackSite,numberOfRobotsOnWhiteSite
9412,17,24
timeStep,numberOfRobotsOnBlackSite,numberOfRobotsOnWhiteSite
9413,17,24
timeStep,numberOfRobotsOnBlackSite,numberOfRobotsOnWhiteSite
9414,17,24
timeStep,numberOfRobotsOnBlackSite,numberOfRobotsOnWhiteSite
9415,17,24
timeStep,numberOfRobotsOnBlackSite,numberOfRobotsOnWhiteSite
9416,17,24
timeStep,numberOfRobotsOnBlackSite,numberOfRobotsOnWhiteSite
9417,17,24
timeStep,numberOfRobotsOnBlackSite,numberOfRobotsOnWhiteSite
9418,17,24
timeStep,numberOfRobotsOnBlackSite,numberOfRobotsOnWhiteSite
9419,17,24
timeStep,numberOfRobotsOnBlackSite,numberOfRobotsOnWhiteSite
9420,17,24
timeStep,numberOfRobotsOnBlackSite,numberOfRobotsOnWhiteSite
9421,17,24
timeStep,numberOfRobotsOnBlackSite,numberOfRobotsOnWhiteSite
9422,17,24
timeStep,numberOfRobotsOnBlackSite,numberOfRobotsOnWhiteSite
9423,17,24
timeStep,numberOfRobotsOnBlackSite,numberOfRobotsOnWhiteSite
9424,17,24
timeStep,numberOfRobotsOnBlackSite,numberOfRobotsOnWhiteSite
9425,17,24
timeStep,numberOfRobotsOnBlackSite,numberOfRobotsOnWhiteSite
9426,17,24
timeStep,numberOfRobotsOnBlackSite,numberOfRobotsOnWhiteSite
9427,17,24
timeStep,numberOfRobotsOnBlackSite,numberOfRobotsOnWhiteSite
9428,17,24
timeStep,numberOfRobotsOnBlackSite,numberOfRobotsOnWhiteSite
9429,17,24
timeStep,numberOfRobotsOnBlackSite,numberOfRobotsOnWhiteSite
9430,17,24
timeStep,numberOfRobotsOnBlackSite,numberOfRobotsOnWhiteSite
9431,17,24
timeStep,numberOfRobotsOnBlackSite,numberOfRobotsOnWhiteSite
9432,17,24
timeStep,numberOfRobotsOnBlackSite,numberOfRobotsOnWhiteSite
9433,17,24
timeStep,numberOfRobotsOnBlackSite,numberOfRobotsOnWhiteSite
9434,17,24
timeStep,numberOfRobotsOnBlackSite,numberOfRobotsOnWhiteSite
9435,17,24
timeStep,numberOfRobotsOnBlackSite,numberOfRobotsOnWhiteSite
9436,17,24
timeStep,numberOfRobotsOnBlackSite,numberOfRobotsOnWhiteSite
9437,17,24
timeStep,numberOfRobotsOnBlackSite,numberOfRobotsOnWhiteSite
9438,17,24
timeStep,numberOfRobotsOnBlackSite,numberOfRobotsOnWhiteSite
9439,17,24
timeStep,numberOfRobotsOnBlackSite,numberOfRobotsOnWhiteSite
9440,17,24
timeStep,numberOfRobotsOnBlackSite,numberOfRobotsOnWhiteSite
9441,17,24
timeStep,numberOfRobotsOnBlackSite,numberOfRobotsOnWhiteSite
9442,17,24
timeStep,numberOfRobotsOnBlackSite,numberOfRobotsOnWhiteSite
9443,17,24
timeStep,numberOfRobotsOnBlackSite,numberOfRobotsOnWhiteSite
9444,17,24
timeStep,numberOfRobotsOnBlackSite,numberOfRobotsOnWhiteSite
9445,17,24
timeStep,numberOfRobotsOnBlackSite,numberOfRobotsOnWhiteSite
9446,17,24
timeStep,numberOfRobotsOnBlackSite,numberOfRobotsOnWhiteSite
9447,17,24
timeStep,numberOfRobotsOnBlackSite,numberOfRobotsOnWhiteSite
9448,17,24
timeStep,numberOfRobotsOnBlackSite,numberOfRobotsOnWhiteSite
9449,17,24
timeStep,numberOfRobotsOnBlackSite,numberOfRobotsOnWhiteSite
9450,17,24
timeStep,numberOfRobotsOnBlackSite,numberOfRobotsOnWhiteSite
9451,17,24
timeStep,numberOfRobotsOnBlackSite,numberOfRobotsOnWhiteSite
9452,17,24
timeStep,numberOfRobotsOnBlackSite,numberOfRobotsOnWhiteSite
9453,17,24
timeStep,numberOfRobotsOnBlackSite,numberOfRobotsOnWhiteSite
9454,17,24
timeStep,numberOfRobotsOnBlackSite,numberOfRobotsOnWhiteSite
9455,17,24
timeStep,numberOfRobotsOnBlackSite,numberOfRobotsOnWhiteSite
9456,17,24
timeStep,numberOfRobotsOnBlackSite,numberOfRobotsOnWhiteSite
9457,17,24
timeStep,numberOfRobotsOnBlackSite,numberOfRobotsOnWhiteSite
9458,17,24
timeStep,numberOfRobotsOnBlackSite,numberOfRobotsOnWhiteSite
9459,17,24
timeStep,numberOfRobotsOnBlackSite,numberOfRobotsOnWhiteSite
9460,17,24
timeStep,numberOfRobotsOnBlackSite,numberOfRobotsOnWhiteSite
9461,17,24
timeStep,numberOfRobotsOnBlackSite,numberOfRobotsOnWhiteSite
9462,17,24
timeStep,numberOfRobotsOnBlackSite,numberOfRobotsOnWhiteSite
9463,17,24
timeStep,numberOfRobotsOnBlackSite,numberOfRobotsOnWhiteSite
9464,17,24
timeStep,numberOfRobotsOnBlackSite,numberOfRobotsOnWhiteSite
9465,17,24
timeStep,numberOfRobotsOnBlackSite,numberOfRobotsOnWhiteSite
9466,17,24
timeStep,numberOfRobotsOnBlackSite,numberOfRobotsOnWhiteSite
9467,17,24
timeStep,numberOfRobotsOnBlackSite,numberOfRobotsOnWhiteSite
9468,17,24
timeStep,numberOfRobotsOnBlackSite,numberOfRobotsOnWhiteSite
9469,17,24
timeStep,numberOfRobotsOnBlackSite,numberOfRobotsOnWhiteSite
9470,17,24
timeStep,numberOfRobotsOnBlackSite,numberOfRobotsOnWhiteSite
9471,17,24
timeStep,numberOfRobotsOnBlackSite,numberOfRobotsOnWhiteSite
9472,17,24
timeStep,numberOfRobotsOnBlackSite,numberOfRobotsOnWhiteSite
9473,17,24
timeStep,numberOfRobotsOnBlackSite,numberOfRobotsOnWhiteSite
9474,17,24
timeStep,numberOfRobotsOnBlackSite,numberOfRobotsOnWhiteSite
9475,17,24
timeStep,numberOfRobotsOnBlackSite,numberOfRobotsOnWhiteSite
9476,17,24
timeStep,numberOfRobotsOnBlackSite,numberOfRobotsOnWhiteSite
9477,17,24
timeStep,numberOfRobotsOnBlackSite,numberOfRobotsOnWhiteSite
9478,17,24
timeStep,numberOfRobotsOnBlackSite,numberOfRobotsOnWhiteSite
9479,17,24
timeStep,numberOfRobotsOnBlackSite,numberOfRobotsOnWhiteSite
9480,17,24
timeStep,numberOfRobotsOnBlackSite,numberOfRobotsOnWhiteSite
9481,17,24
timeStep,numberOfRobotsOnBlackSite,numberOfRobotsOnWhiteSite
9482,17,24
timeStep,numberOfRobotsOnBlackSite,numberOfRobotsOnWhiteSite
9483,17,24
timeStep,numberOfRobotsOnBlackSite,numberOfRobotsOnWhiteSite
9484,17,24
timeStep,numberOfRobotsOnBlackSite,numberOfRobotsOnWhiteSite
9485,17,24
timeStep,numberOfRobotsOnBlackSite,numberOfRobotsOnWhiteSite
9486,17,24
timeStep,numberOfRobotsOnBlackSite,numberOfRobotsOnWhiteSite
9487,17,24
timeStep,numberOfRobotsOnBlackSite,numberOfRobotsOnWhiteSite
9488,17,24
timeStep,numberOfRobotsOnBlackSite,numberOfRobotsOnWhiteSite
9489,17,24
timeStep,numberOfRobotsOnBlackSite,numberOfRobotsOnWhiteSite
9490,17,24
timeStep,numberOfRobotsOnBlackSite,numberOfRobotsOnWhiteSite
9491,17,24
timeStep,numberOfRobotsOnBlackSite,numberOfRobotsOnWhiteSite
9492,17,24
timeStep,numberOfRobotsOnBlackSite,numberOfRobotsOnWhiteSite
9493,17,24
timeStep,numberOfRobotsOnBlackSite,numberOfRobotsOnWhiteSite
9494,17,24
timeStep,numberOfRobotsOnBlackSite,numberOfRobotsOnWhiteSite
9495,17,24
timeStep,numberOfRobotsOnBlackSite,numberOfRobotsOnWhiteSite
9496,17,24
timeStep,numberOfRobotsOnBlackSite,numberOfRobotsOnWhiteSite
9497,17,24
timeStep,numberOfRobotsOnBlackSite,numberOfRobotsOnWhiteSite
9498,17,24
timeStep,numberOfRobotsOnBlackSite,numberOfRobotsOnWhiteSite
9499,17,24
timeStep,numberOfRobotsOnBlackSite,numberOfRobotsOnWhiteSite
9500,17,24
timeStep,numberOfRobotsOnBlackSite,numberOfRobotsOnWhiteSite
9501,17,24
timeStep,numberOfRobotsOnBlackSite,numberOfRobotsOnWhiteSite
9502,17,24
timeStep,numberOfRobotsOnBlackSite,numberOfRobotsOnWhiteSite
9503,17,24
timeStep,numberOfRobotsOnBlackSite,numberOfRobotsOnWhiteSite
9504,17,24
timeStep,numberOfRobotsOnBlackSite,numberOfRobotsOnWhiteSite
9505,17,24
timeStep,numberOfRobotsOnBlackSite,numberOfRobotsOnWhiteSite
9506,17,24
timeStep,numberOfRobotsOnBlackSite,numberOfRobotsOnWhiteSite
9507,17,24
timeStep,numberOfRobotsOnBlackSite,numberOfRobotsOnWhiteSite
9508,17,24
timeStep,numberOfRobotsOnBlackSite,numberOfRobotsOnWhiteSite
9509,17,24
timeStep,numberOfRobotsOnBlackSite,numberOfRobotsOnWhiteSite
9510,17,24
timeStep,numberOfRobotsOnBlackSite,numberOfRobotsOnWhiteSite
9511,17,24
timeStep,numberOfRobotsOnBlackSite,numberOfRobotsOnWhiteSite
9512,17,24
timeStep,numberOfRobotsOnBlackSite,numberOfRobotsOnWhiteSite
9513,17,24
timeStep,numberOfRobotsOnBlackSite,numberOfRobotsOnWhiteSite
9514,17,24
timeStep,numberOfRobotsOnBlackSite,numberOfRobotsOnWhiteSite
9515,17,24
timeStep,numberOfRobotsOnBlackSite,numberOfRobotsOnWhiteSite
9516,17,24
timeStep,numberOfRobotsOnBlackSite,numberOfRobotsOnWhiteSite
9517,17,24
timeStep,numberOfRobotsOnBlackSite,numberOfRobotsOnWhiteSite
9518,17,24
timeStep,numberOfRobotsOnBlackSite,numberOfRobotsOnWhiteSite
9519,17,24
timeStep,numberOfRobotsOnBlackSite,numberOfRobotsOnWhiteSite
9520,17,24
timeStep,numberOfRobotsOnBlackSite,numberOfRobotsOnWhiteSite
9521,17,24
timeStep,numberOfRobotsOnBlackSite,numberOfRobotsOnWhiteSite
9522,17,24
timeStep,numberOfRobotsOnBlackSite,numberOfRobotsOnWhiteSite
9523,17,24
timeStep,numberOfRobotsOnBlackSite,numberOfRobotsOnWhiteSite
9524,17,24
timeStep,numberOfRobotsOnBlackSite,numberOfRobotsOnWhiteSite
9525,17,24
timeStep,numberOfRobotsOnBlackSite,numberOfRobotsOnWhiteSite
9526,17,24
timeStep,numberOfRobotsOnBlackSite,numberOfRobotsOnWhiteSite
9527,17,24
timeStep,numberOfRobotsOnBlackSite,numberOfRobotsOnWhiteSite
9528,17,24
timeStep,numberOfRobotsOnBlackSite,numberOfRobotsOnWhiteSite
9529,17,24
timeStep,numberOfRobotsOnBlackSite,numberOfRobotsOnWhiteSite
9530,17,24
timeStep,numberOfRobotsOnBlackSite,numberOfRobotsOnWhiteSite
9531,17,24
timeStep,numberOfRobotsOnBlackSite,numberOfRobotsOnWhiteSite
9532,17,24
timeStep,numberOfRobotsOnBlackSite,numberOfRobotsOnWhiteSite
9533,17,24
timeStep,numberOfRobotsOnBlackSite,numberOfRobotsOnWhiteSite
9534,17,24
timeStep,numberOfRobotsOnBlackSite,numberOfRobotsOnWhiteSite
9535,17,24
timeStep,numberOfRobotsOnBlackSite,numberOfRobotsOnWhiteSite
9536,17,24
timeStep,numberOfRobotsOnBlackSite,numberOfRobotsOnWhiteSite
9537,17,24
timeStep,numberOfRobotsOnBlackSite,numberOfRobotsOnWhiteSite
9538,17,24
timeStep,numberOfRobotsOnBlackSite,numberOfRobotsOnWhiteSite
9539,17,24
timeStep,numberOfRobotsOnBlackSite,numberOfRobotsOnWhiteSite
9540,17,24
timeStep,numberOfRobotsOnBlackSite,numberOfRobotsOnWhiteSite
9541,17,24
timeStep,numberOfRobotsOnBlackSite,numberOfRobotsOnWhiteSite
9542,17,24
timeStep,numberOfRobotsOnBlackSite,numberOfRobotsOnWhiteSite
9543,17,24
timeStep,numberOfRobotsOnBlackSite,numberOfRobotsOnWhiteSite
9544,17,24
timeStep,numberOfRobotsOnBlackSite,numberOfRobotsOnWhiteSite
9545,17,25
timeStep,numberOfRobotsOnBlackSite,numberOfRobotsOnWhiteSite
9546,17,25
timeStep,numberOfRobotsOnBlackSite,numberOfRobotsOnWhiteSite
9547,17,25
timeStep,numberOfRobotsOnBlackSite,numberOfRobotsOnWhiteSite
9548,17,25
timeStep,numberOfRobotsOnBlackSite,numberOfRobotsOnWhiteSite
9549,17,25
timeStep,numberOfRobotsOnBlackSite,numberOfRobotsOnWhiteSite
9550,17,25
timeStep,numberOfRobotsOnBlackSite,numberOfRobotsOnWhiteSite
9551,17,25
timeStep,numberOfRobotsOnBlackSite,numberOfRobotsOnWhiteSite
9552,17,25
timeStep,numberOfRobotsOnBlackSite,numberOfRobotsOnWhiteSite
9553,17,25
timeStep,numberOfRobotsOnBlackSite,numberOfRobotsOnWhiteSite
9554,17,25
timeStep,numberOfRobotsOnBlackSite,numberOfRobotsOnWhiteSite
9555,17,25
timeStep,numberOfRobotsOnBlackSite,numberOfRobotsOnWhiteSite
9556,17,25
timeStep,numberOfRobotsOnBlackSite,numberOfRobotsOnWhiteSite
9557,17,25
timeStep,numberOfRobotsOnBlackSite,numberOfRobotsOnWhiteSite
9558,17,25
timeStep,numberOfRobotsOnBlackSite,numberOfRobotsOnWhiteSite
9559,17,25
timeStep,numberOfRobotsOnBlackSite,numberOfRobotsOnWhiteSite
9560,17,25
timeStep,numberOfRobotsOnBlackSite,numberOfRobotsOnWhiteSite
9561,17,25
timeStep,numberOfRobotsOnBlackSite,numberOfRobotsOnWhiteSite
9562,17,25
timeStep,numberOfRobotsOnBlackSite,numberOfRobotsOnWhiteSite
9563,17,25
timeStep,numberOfRobotsOnBlackSite,numberOfRobotsOnWhiteSite
9564,17,25
timeStep,numberOfRobotsOnBlackSite,numberOfRobotsOnWhiteSite
9565,17,25
timeStep,numberOfRobotsOnBlackSite,numberOfRobotsOnWhiteSite
9566,17,25
timeStep,numberOfRobotsOnBlackSite,numberOfRobotsOnWhiteSite
9567,17,25
timeStep,numberOfRobotsOnBlackSite,numberOfRobotsOnWhiteSite
9568,17,25
timeStep,numberOfRobotsOnBlackSite,numberOfRobotsOnWhiteSite
9569,17,25
timeStep,numberOfRobotsOnBlackSite,numberOfRobotsOnWhiteSite
9570,17,25
timeStep,numberOfRobotsOnBlackSite,numberOfRobotsOnWhiteSite
9571,17,25
timeStep,numberOfRobotsOnBlackSite,numberOfRobotsOnWhiteSite
9572,17,25
timeStep,numberOfRobotsOnBlackSite,numberOfRobotsOnWhiteSite
9573,17,25
timeStep,numberOfRobotsOnBlackSite,numberOfRobotsOnWhiteSite
9574,17,25
timeStep,numberOfRobotsOnBlackSite,numberOfRobotsOnWhiteSite
9575,17,24
timeStep,numberOfRobotsOnBlackSite,numberOfRobotsOnWhiteSite
9576,17,24
timeStep,numberOfRobotsOnBlackSite,numberOfRobotsOnWhiteSite
9577,17,24
timeStep,numberOfRobotsOnBlackSite,numberOfRobotsOnWhiteSite
9578,17,24
timeStep,numberOfRobotsOnBlackSite,numberOfRobotsOnWhiteSite
9579,17,24
timeStep,numberOfRobotsOnBlackSite,numberOfRobotsOnWhiteSite
9580,17,24
timeStep,numberOfRobotsOnBlackSite,numberOfRobotsOnWhiteSite
9581,17,24
timeStep,numberOfRobotsOnBlackSite,numberOfRobotsOnWhiteSite
9582,17,24
timeStep,numberOfRobotsOnBlackSite,numberOfRobotsOnWhiteSite
9583,17,24
timeStep,numberOfRobotsOnBlackSite,numberOfRobotsOnWhiteSite
9584,17,24
timeStep,numberOfRobotsOnBlackSite,numberOfRobotsOnWhiteSite
9585,17,24
timeStep,numberOfRobotsOnBlackSite,numberOfRobotsOnWhiteSite
9586,17,24
timeStep,numberOfRobotsOnBlackSite,numberOfRobotsOnWhiteSite
9587,17,24
timeStep,numberOfRobotsOnBlackSite,numberOfRobotsOnWhiteSite
9588,17,24
timeStep,numberOfRobotsOnBlackSite,numberOfRobotsOnWhiteSite
9589,17,24
timeStep,numberOfRobotsOnBlackSite,numberOfRobotsOnWhiteSite
9590,17,24
timeStep,numberOfRobotsOnBlackSite,numberOfRobotsOnWhiteSite
9591,17,24
timeStep,numberOfRobotsOnBlackSite,numberOfRobotsOnWhiteSite
9592,17,24
timeStep,numberOfRobotsOnBlackSite,numberOfRobotsOnWhiteSite
9593,17,24
timeStep,numberOfRobotsOnBlackSite,numberOfRobotsOnWhiteSite
9594,17,24
timeStep,numberOfRobotsOnBlackSite,numberOfRobotsOnWhiteSite
9595,17,24
timeStep,numberOfRobotsOnBlackSite,numberOfRobotsOnWhiteSite
9596,17,24
timeStep,numberOfRobotsOnBlackSite,numberOfRobotsOnWhiteSite
9597,17,24
timeStep,numberOfRobotsOnBlackSite,numberOfRobotsOnWhiteSite
9598,17,24
timeStep,numberOfRobotsOnBlackSite,numberOfRobotsOnWhiteSite
9599,17,24
timeStep,numberOfRobotsOnBlackSite,numberOfRobotsOnWhiteSite
9600,17,24
timeStep,numberOfRobotsOnBlackSite,numberOfRobotsOnWhiteSite
9601,17,24
timeStep,numberOfRobotsOnBlackSite,numberOfRobotsOnWhiteSite
9602,17,24
timeStep,numberOfRobotsOnBlackSite,numberOfRobotsOnWhiteSite
9603,17,24
timeStep,numberOfRobotsOnBlackSite,numberOfRobotsOnWhiteSite
9604,17,24
timeStep,numberOfRobotsOnBlackSite,numberOfRobotsOnWhiteSite
9605,17,24
timeStep,numberOfRobotsOnBlackSite,numberOfRobotsOnWhiteSite
9606,17,24
timeStep,numberOfRobotsOnBlackSite,numberOfRobotsOnWhiteSite
9607,17,24
timeStep,numberOfRobotsOnBlackSite,numberOfRobotsOnWhiteSite
9608,17,24
timeStep,numberOfRobotsOnBlackSite,numberOfRobotsOnWhiteSite
9609,17,24
timeStep,numberOfRobotsOnBlackSite,numberOfRobotsOnWhiteSite
9610,17,24
timeStep,numberOfRobotsOnBlackSite,numberOfRobotsOnWhiteSite
9611,17,24
timeStep,numberOfRobotsOnBlackSite,numberOfRobotsOnWhiteSite
9612,17,24
timeStep,numberOfRobotsOnBlackSite,numberOfRobotsOnWhiteSite
9613,17,24
timeStep,numberOfRobotsOnBlackSite,numberOfRobotsOnWhiteSite
9614,17,24
timeStep,numberOfRobotsOnBlackSite,numberOfRobotsOnWhiteSite
9615,17,24
timeStep,numberOfRobotsOnBlackSite,numberOfRobotsOnWhiteSite
9616,17,24
timeStep,numberOfRobotsOnBlackSite,numberOfRobotsOnWhiteSite
9617,17,24
timeStep,numberOfRobotsOnBlackSite,numberOfRobotsOnWhiteSite
9618,17,24
timeStep,numberOfRobotsOnBlackSite,numberOfRobotsOnWhiteSite
9619,17,24
timeStep,numberOfRobotsOnBlackSite,numberOfRobotsOnWhiteSite
9620,17,24
timeStep,numberOfRobotsOnBlackSite,numberOfRobotsOnWhiteSite
9621,17,24
timeStep,numberOfRobotsOnBlackSite,numberOfRobotsOnWhiteSite
9622,17,24
timeStep,numberOfRobotsOnBlackSite,numberOfRobotsOnWhiteSite
9623,17,24
timeStep,numberOfRobotsOnBlackSite,numberOfRobotsOnWhiteSite
9624,17,24
timeStep,numberOfRobotsOnBlackSite,numberOfRobotsOnWhiteSite
9625,17,24
timeStep,numberOfRobotsOnBlackSite,numberOfRobotsOnWhiteSite
9626,17,24
timeStep,numberOfRobotsOnBlackSite,numberOfRobotsOnWhiteSite
9627,17,24
timeStep,numberOfRobotsOnBlackSite,numberOfRobotsOnWhiteSite
9628,17,24
timeStep,numberOfRobotsOnBlackSite,numberOfRobotsOnWhiteSite
9629,17,24
timeStep,numberOfRobotsOnBlackSite,numberOfRobotsOnWhiteSite
9630,17,24
timeStep,numberOfRobotsOnBlackSite,numberOfRobotsOnWhiteSite
9631,17,24
timeStep,numberOfRobotsOnBlackSite,numberOfRobotsOnWhiteSite
9632,17,24
timeStep,numberOfRobotsOnBlackSite,numberOfRobotsOnWhiteSite
9633,17,24
timeStep,numberOfRobotsOnBlackSite,numberOfRobotsOnWhiteSite
9634,17,24
timeStep,numberOfRobotsOnBlackSite,numberOfRobotsOnWhiteSite
9635,17,24
timeStep,numberOfRobotsOnBlackSite,numberOfRobotsOnWhiteSite
9636,17,24
timeStep,numberOfRobotsOnBlackSite,numberOfRobotsOnWhiteSite
9637,17,24
timeStep,numberOfRobotsOnBlackSite,numberOfRobotsOnWhiteSite
9638,17,24
timeStep,numberOfRobotsOnBlackSite,numberOfRobotsOnWhiteSite
9639,17,24
timeStep,numberOfRobotsOnBlackSite,numberOfRobotsOnWhiteSite
9640,17,24
timeStep,numberOfRobotsOnBlackSite,numberOfRobotsOnWhiteSite
9641,17,24
timeStep,numberOfRobotsOnBlackSite,numberOfRobotsOnWhiteSite
9642,17,24
timeStep,numberOfRobotsOnBlackSite,numberOfRobotsOnWhiteSite
9643,17,24
timeStep,numberOfRobotsOnBlackSite,numberOfRobotsOnWhiteSite
9644,17,24
timeStep,numberOfRobotsOnBlackSite,numberOfRobotsOnWhiteSite
9645,17,24
timeStep,numberOfRobotsOnBlackSite,numberOfRobotsOnWhiteSite
9646,17,24
timeStep,numberOfRobotsOnBlackSite,numberOfRobotsOnWhiteSite
9647,17,24
timeStep,numberOfRobotsOnBlackSite,numberOfRobotsOnWhiteSite
9648,17,24
timeStep,numberOfRobotsOnBlackSite,numberOfRobotsOnWhiteSite
9649,17,24
timeStep,numberOfRobotsOnBlackSite,numberOfRobotsOnWhiteSite
9650,17,24
timeStep,numberOfRobotsOnBlackSite,numberOfRobotsOnWhiteSite
9651,17,24
timeStep,numberOfRobotsOnBlackSite,numberOfRobotsOnWhiteSite
9652,17,24
timeStep,numberOfRobotsOnBlackSite,numberOfRobotsOnWhiteSite
9653,17,24
timeStep,numberOfRobotsOnBlackSite,numberOfRobotsOnWhiteSite
9654,17,24
timeStep,numberOfRobotsOnBlackSite,numberOfRobotsOnWhiteSite
9655,17,24
timeStep,numberOfRobotsOnBlackSite,numberOfRobotsOnWhiteSite
9656,17,24
timeStep,numberOfRobotsOnBlackSite,numberOfRobotsOnWhiteSite
9657,17,24
timeStep,numberOfRobotsOnBlackSite,numberOfRobotsOnWhiteSite
9658,17,24
timeStep,numberOfRobotsOnBlackSite,numberOfRobotsOnWhiteSite
9659,17,24
timeStep,numberOfRobotsOnBlackSite,numberOfRobotsOnWhiteSite
9660,17,24
timeStep,numberOfRobotsOnBlackSite,numberOfRobotsOnWhiteSite
9661,17,24
timeStep,numberOfRobotsOnBlackSite,numberOfRobotsOnWhiteSite
9662,17,24
timeStep,numberOfRobotsOnBlackSite,numberOfRobotsOnWhiteSite
9663,17,24
timeStep,numberOfRobotsOnBlackSite,numberOfRobotsOnWhiteSite
9664,17,24
timeStep,numberOfRobotsOnBlackSite,numberOfRobotsOnWhiteSite
9665,17,24
timeStep,numberOfRobotsOnBlackSite,numberOfRobotsOnWhiteSite
9666,17,24
timeStep,numberOfRobotsOnBlackSite,numberOfRobotsOnWhiteSite
9667,17,24
timeStep,numberOfRobotsOnBlackSite,numberOfRobotsOnWhiteSite
9668,17,24
timeStep,numberOfRobotsOnBlackSite,numberOfRobotsOnWhiteSite
9669,17,24
timeStep,numberOfRobotsOnBlackSite,numberOfRobotsOnWhiteSite
9670,17,24
timeStep,numberOfRobotsOnBlackSite,numberOfRobotsOnWhiteSite
9671,17,24
timeStep,numberOfRobotsOnBlackSite,numberOfRobotsOnWhiteSite
9672,17,24
timeStep,numberOfRobotsOnBlackSite,numberOfRobotsOnWhiteSite
9673,17,24
timeStep,numberOfRobotsOnBlackSite,numberOfRobotsOnWhiteSite
9674,17,24
timeStep,numberOfRobotsOnBlackSite,numberOfRobotsOnWhiteSite
9675,17,24
timeStep,numberOfRobotsOnBlackSite,numberOfRobotsOnWhiteSite
9676,17,24
timeStep,numberOfRobotsOnBlackSite,numberOfRobotsOnWhiteSite
9677,17,24
timeStep,numberOfRobotsOnBlackSite,numberOfRobotsOnWhiteSite
9678,17,24
timeStep,numberOfRobotsOnBlackSite,numberOfRobotsOnWhiteSite
9679,17,24
timeStep,numberOfRobotsOnBlackSite,numberOfRobotsOnWhiteSite
9680,17,24
timeStep,numberOfRobotsOnBlackSite,numberOfRobotsOnWhiteSite
9681,17,24
timeStep,numberOfRobotsOnBlackSite,numberOfRobotsOnWhiteSite
9682,17,24
timeStep,numberOfRobotsOnBlackSite,numberOfRobotsOnWhiteSite
9683,17,24
timeStep,numberOfRobotsOnBlackSite,numberOfRobotsOnWhiteSite
9684,17,24
timeStep,numberOfRobotsOnBlackSite,numberOfRobotsOnWhiteSite
9685,17,24
timeStep,numberOfRobotsOnBlackSite,numberOfRobotsOnWhiteSite
9686,17,24
timeStep,numberOfRobotsOnBlackSite,numberOfRobotsOnWhiteSite
9687,17,24
timeStep,numberOfRobotsOnBlackSite,numberOfRobotsOnWhiteSite
9688,17,24
timeStep,numberOfRobotsOnBlackSite,numberOfRobotsOnWhiteSite
9689,17,24
timeStep,numberOfRobotsOnBlackSite,numberOfRobotsOnWhiteSite
9690,17,24
timeStep,numberOfRobotsOnBlackSite,numberOfRobotsOnWhiteSite
9691,17,24
timeStep,numberOfRobotsOnBlackSite,numberOfRobotsOnWhiteSite
9692,17,24
timeStep,numberOfRobotsOnBlackSite,numberOfRobotsOnWhiteSite
9693,17,24
timeStep,numberOfRobotsOnBlackSite,numberOfRobotsOnWhiteSite
9694,17,24
timeStep,numberOfRobotsOnBlackSite,numberOfRobotsOnWhiteSite
9695,17,24
timeStep,numberOfRobotsOnBlackSite,numberOfRobotsOnWhiteSite
9696,17,24
timeStep,numberOfRobotsOnBlackSite,numberOfRobotsOnWhiteSite
9697,17,24
timeStep,numberOfRobotsOnBlackSite,numberOfRobotsOnWhiteSite
9698,17,24
timeStep,numberOfRobotsOnBlackSite,numberOfRobotsOnWhiteSite
9699,17,24
timeStep,numberOfRobotsOnBlackSite,numberOfRobotsOnWhiteSite
9700,17,24
timeStep,numberOfRobotsOnBlackSite,numberOfRobotsOnWhiteSite
9701,17,24
timeStep,numberOfRobotsOnBlackSite,numberOfRobotsOnWhiteSite
9702,17,24
timeStep,numberOfRobotsOnBlackSite,numberOfRobotsOnWhiteSite
9703,17,24
timeStep,numberOfRobotsOnBlackSite,numberOfRobotsOnWhiteSite
9704,17,24
timeStep,numberOfRobotsOnBlackSite,numberOfRobotsOnWhiteSite
9705,17,24
timeStep,numberOfRobotsOnBlackSite,numberOfRobotsOnWhiteSite
9706,17,24
timeStep,numberOfRobotsOnBlackSite,numberOfRobotsOnWhiteSite
9707,17,24
timeStep,numberOfRobotsOnBlackSite,numberOfRobotsOnWhiteSite
9708,17,24
timeStep,numberOfRobotsOnBlackSite,numberOfRobotsOnWhiteSite
9709,17,24
timeStep,numberOfRobotsOnBlackSite,numberOfRobotsOnWhiteSite
9710,17,24
timeStep,numberOfRobotsOnBlackSite,numberOfRobotsOnWhiteSite
9711,17,24
timeStep,numberOfRobotsOnBlackSite,numberOfRobotsOnWhiteSite
9712,17,24
timeStep,numberOfRobotsOnBlackSite,numberOfRobotsOnWhiteSite
9713,17,24
timeStep,numberOfRobotsOnBlackSite,numberOfRobotsOnWhiteSite
9714,17,24
timeStep,numberOfRobotsOnBlackSite,numberOfRobotsOnWhiteSite
9715,17,24
timeStep,numberOfRobotsOnBlackSite,numberOfRobotsOnWhiteSite
9716,17,24
timeStep,numberOfRobotsOnBlackSite,numberOfRobotsOnWhiteSite
9717,17,24
timeStep,numberOfRobotsOnBlackSite,numberOfRobotsOnWhiteSite
9718,17,24
timeStep,numberOfRobotsOnBlackSite,numberOfRobotsOnWhiteSite
9719,17,24
timeStep,numberOfRobotsOnBlackSite,numberOfRobotsOnWhiteSite
9720,17,24
timeStep,numberOfRobotsOnBlackSite,numberOfRobotsOnWhiteSite
9721,17,24
timeStep,numberOfRobotsOnBlackSite,numberOfRobotsOnWhiteSite
9722,17,24
timeStep,numberOfRobotsOnBlackSite,numberOfRobotsOnWhiteSite
9723,17,24
timeStep,numberOfRobotsOnBlackSite,numberOfRobotsOnWhiteSite
9724,17,24
timeStep,numberOfRobotsOnBlackSite,numberOfRobotsOnWhiteSite
9725,17,24
timeStep,numberOfRobotsOnBlackSite,numberOfRobotsOnWhiteSite
9726,17,24
timeStep,numberOfRobotsOnBlackSite,numberOfRobotsOnWhiteSite
9727,17,24
timeStep,numberOfRobotsOnBlackSite,numberOfRobotsOnWhiteSite
9728,17,24
timeStep,numberOfRobotsOnBlackSite,numberOfRobotsOnWhiteSite
9729,17,24
timeStep,numberOfRobotsOnBlackSite,numberOfRobotsOnWhiteSite
9730,17,24
timeStep,numberOfRobotsOnBlackSite,numberOfRobotsOnWhiteSite
9731,17,24
timeStep,numberOfRobotsOnBlackSite,numberOfRobotsOnWhiteSite
9732,17,24
timeStep,numberOfRobotsOnBlackSite,numberOfRobotsOnWhiteSite
9733,17,24
timeStep,numberOfRobotsOnBlackSite,numberOfRobotsOnWhiteSite
9734,17,24
timeStep,numberOfRobotsOnBlackSite,numberOfRobotsOnWhiteSite
9735,17,24
timeStep,numberOfRobotsOnBlackSite,numberOfRobotsOnWhiteSite
9736,17,24
timeStep,numberOfRobotsOnBlackSite,numberOfRobotsOnWhiteSite
9737,17,24
timeStep,numberOfRobotsOnBlackSite,numberOfRobotsOnWhiteSite
9738,17,24
timeStep,numberOfRobotsOnBlackSite,numberOfRobotsOnWhiteSite
9739,17,24
timeStep,numberOfRobotsOnBlackSite,numberOfRobotsOnWhiteSite
9740,17,24
timeStep,numberOfRobotsOnBlackSite,numberOfRobotsOnWhiteSite
9741,17,24
timeStep,numberOfRobotsOnBlackSite,numberOfRobotsOnWhiteSite
9742,17,24
timeStep,numberOfRobotsOnBlackSite,numberOfRobotsOnWhiteSite
9743,17,24
timeStep,numberOfRobotsOnBlackSite,numberOfRobotsOnWhiteSite
9744,17,24
timeStep,numberOfRobotsOnBlackSite,numberOfRobotsOnWhiteSite
9745,17,24
timeStep,numberOfRobotsOnBlackSite,numberOfRobotsOnWhiteSite
9746,17,24
timeStep,numberOfRobotsOnBlackSite,numberOfRobotsOnWhiteSite
9747,17,24
timeStep,numberOfRobotsOnBlackSite,numberOfRobotsOnWhiteSite
9748,17,24
timeStep,numberOfRobotsOnBlackSite,numberOfRobotsOnWhiteSite
9749,17,24
timeStep,numberOfRobotsOnBlackSite,numberOfRobotsOnWhiteSite
9750,17,24
timeStep,numberOfRobotsOnBlackSite,numberOfRobotsOnWhiteSite
9751,17,24
timeStep,numberOfRobotsOnBlackSite,numberOfRobotsOnWhiteSite
9752,17,24
timeStep,numberOfRobotsOnBlackSite,numberOfRobotsOnWhiteSite
9753,17,24
timeStep,numberOfRobotsOnBlackSite,numberOfRobotsOnWhiteSite
9754,17,24
timeStep,numberOfRobotsOnBlackSite,numberOfRobotsOnWhiteSite
9755,17,23
timeStep,numberOfRobotsOnBlackSite,numberOfRobotsOnWhiteSite
9756,17,23
timeStep,numberOfRobotsOnBlackSite,numberOfRobotsOnWhiteSite
9757,17,23
timeStep,numberOfRobotsOnBlackSite,numberOfRobotsOnWhiteSite
9758,17,23
timeStep,numberOfRobotsOnBlackSite,numberOfRobotsOnWhiteSite
9759,17,23
timeStep,numberOfRobotsOnBlackSite,numberOfRobotsOnWhiteSite
9760,17,23
timeStep,numberOfRobotsOnBlackSite,numberOfRobotsOnWhiteSite
9761,17,23
timeStep,numberOfRobotsOnBlackSite,numberOfRobotsOnWhiteSite
9762,17,23
timeStep,numberOfRobotsOnBlackSite,numberOfRobotsOnWhiteSite
9763,17,23
timeStep,numberOfRobotsOnBlackSite,numberOfRobotsOnWhiteSite
9764,17,23
timeStep,numberOfRobotsOnBlackSite,numberOfRobotsOnWhiteSite
9765,17,24
timeStep,numberOfRobotsOnBlackSite,numberOfRobotsOnWhiteSite
9766,17,24
timeStep,numberOfRobotsOnBlackSite,numberOfRobotsOnWhiteSite
9767,17,24
timeStep,numberOfRobotsOnBlackSite,numberOfRobotsOnWhiteSite
9768,17,24
timeStep,numberOfRobotsOnBlackSite,numberOfRobotsOnWhiteSite
9769,17,24
timeStep,numberOfRobotsOnBlackSite,numberOfRobotsOnWhiteSite
9770,17,24
timeStep,numberOfRobotsOnBlackSite,numberOfRobotsOnWhiteSite
9771,17,24
timeStep,numberOfRobotsOnBlackSite,numberOfRobotsOnWhiteSite
9772,17,24
timeStep,numberOfRobotsOnBlackSite,numberOfRobotsOnWhiteSite
9773,17,24
timeStep,numberOfRobotsOnBlackSite,numberOfRobotsOnWhiteSite
9774,17,24
timeStep,numberOfRobotsOnBlackSite,numberOfRobotsOnWhiteSite
9775,17,24
timeStep,numberOfRobotsOnBlackSite,numberOfRobotsOnWhiteSite
9776,17,24
timeStep,numberOfRobotsOnBlackSite,numberOfRobotsOnWhiteSite
9777,17,24
timeStep,numberOfRobotsOnBlackSite,numberOfRobotsOnWhiteSite
9778,17,24
timeStep,numberOfRobotsOnBlackSite,numberOfRobotsOnWhiteSite
9779,17,24
timeStep,numberOfRobotsOnBlackSite,numberOfRobotsOnWhiteSite
9780,17,24
timeStep,numberOfRobotsOnBlackSite,numberOfRobotsOnWhiteSite
9781,17,24
timeStep,numberOfRobotsOnBlackSite,numberOfRobotsOnWhiteSite
9782,17,24
timeStep,numberOfRobotsOnBlackSite,numberOfRobotsOnWhiteSite
9783,17,24
timeStep,numberOfRobotsOnBlackSite,numberOfRobotsOnWhiteSite
9784,17,24
timeStep,numberOfRobotsOnBlackSite,numberOfRobotsOnWhiteSite
9785,17,24
timeStep,numberOfRobotsOnBlackSite,numberOfRobotsOnWhiteSite
9786,17,24
timeStep,numberOfRobotsOnBlackSite,numberOfRobotsOnWhiteSite
9787,17,24
timeStep,numberOfRobotsOnBlackSite,numberOfRobotsOnWhiteSite
9788,17,24
timeStep,numberOfRobotsOnBlackSite,numberOfRobotsOnWhiteSite
9789,17,24
timeStep,numberOfRobotsOnBlackSite,numberOfRobotsOnWhiteSite
9790,17,24
timeStep,numberOfRobotsOnBlackSite,numberOfRobotsOnWhiteSite
9791,17,24
timeStep,numberOfRobotsOnBlackSite,numberOfRobotsOnWhiteSite
9792,17,24
timeStep,numberOfRobotsOnBlackSite,numberOfRobotsOnWhiteSite
9793,17,24
timeStep,numberOfRobotsOnBlackSite,numberOfRobotsOnWhiteSite
9794,17,24
timeStep,numberOfRobotsOnBlackSite,numberOfRobotsOnWhiteSite
9795,17,24
timeStep,numberOfRobotsOnBlackSite,numberOfRobotsOnWhiteSite
9796,17,24
timeStep,numberOfRobotsOnBlackSite,numberOfRobotsOnWhiteSite
9797,17,24
timeStep,numberOfRobotsOnBlackSite,numberOfRobotsOnWhiteSite
9798,17,24
timeStep,numberOfRobotsOnBlackSite,numberOfRobotsOnWhiteSite
9799,17,24
timeStep,numberOfRobotsOnBlackSite,numberOfRobotsOnWhiteSite
9800,17,24
timeStep,numberOfRobotsOnBlackSite,numberOfRobotsOnWhiteSite
9801,17,24
timeStep,numberOfRobotsOnBlackSite,numberOfRobotsOnWhiteSite
9802,17,24
timeStep,numberOfRobotsOnBlackSite,numberOfRobotsOnWhiteSite
9803,17,24
timeStep,numberOfRobotsOnBlackSite,numberOfRobotsOnWhiteSite
9804,17,24
timeStep,numberOfRobotsOnBlackSite,numberOfRobotsOnWhiteSite
9805,17,23
timeStep,numberOfRobotsOnBlackSite,numberOfRobotsOnWhiteSite
9806,17,23
timeStep,numberOfRobotsOnBlackSite,numberOfRobotsOnWhiteSite
9807,17,23
timeStep,numberOfRobotsOnBlackSite,numberOfRobotsOnWhiteSite
9808,17,23
timeStep,numberOfRobotsOnBlackSite,numberOfRobotsOnWhiteSite
9809,17,23
timeStep,numberOfRobotsOnBlackSite,numberOfRobotsOnWhiteSite
9810,17,23
timeStep,numberOfRobotsOnBlackSite,numberOfRobotsOnWhiteSite
9811,17,23
timeStep,numberOfRobotsOnBlackSite,numberOfRobotsOnWhiteSite
9812,17,23
timeStep,numberOfRobotsOnBlackSite,numberOfRobotsOnWhiteSite
9813,17,23
timeStep,numberOfRobotsOnBlackSite,numberOfRobotsOnWhiteSite
9814,17,23
timeStep,numberOfRobotsOnBlackSite,numberOfRobotsOnWhiteSite
9815,17,23
timeStep,numberOfRobotsOnBlackSite,numberOfRobotsOnWhiteSite
9816,17,23
timeStep,numberOfRobotsOnBlackSite,numberOfRobotsOnWhiteSite
9817,17,23
timeStep,numberOfRobotsOnBlackSite,numberOfRobotsOnWhiteSite
9818,17,23
timeStep,numberOfRobotsOnBlackSite,numberOfRobotsOnWhiteSite
9819,17,23
timeStep,numberOfRobotsOnBlackSite,numberOfRobotsOnWhiteSite
9820,17,23
timeStep,numberOfRobotsOnBlackSite,numberOfRobotsOnWhiteSite
9821,17,23
timeStep,numberOfRobotsOnBlackSite,numberOfRobotsOnWhiteSite
9822,17,23
timeStep,numberOfRobotsOnBlackSite,numberOfRobotsOnWhiteSite
9823,17,23
timeStep,numberOfRobotsOnBlackSite,numberOfRobotsOnWhiteSite
9824,17,23
timeStep,numberOfRobotsOnBlackSite,numberOfRobotsOnWhiteSite
9825,17,23
timeStep,numberOfRobotsOnBlackSite,numberOfRobotsOnWhiteSite
9826,17,23
timeStep,numberOfRobotsOnBlackSite,numberOfRobotsOnWhiteSite
9827,17,23
timeStep,numberOfRobotsOnBlackSite,numberOfRobotsOnWhiteSite
9828,17,23
timeStep,numberOfRobotsOnBlackSite,numberOfRobotsOnWhiteSite
9829,17,23
timeStep,numberOfRobotsOnBlackSite,numberOfRobotsOnWhiteSite
9830,17,23
timeStep,numberOfRobotsOnBlackSite,numberOfRobotsOnWhiteSite
9831,17,23
timeStep,numberOfRobotsOnBlackSite,numberOfRobotsOnWhiteSite
9832,17,23
timeStep,numberOfRobotsOnBlackSite,numberOfRobotsOnWhiteSite
9833,17,23
timeStep,numberOfRobotsOnBlackSite,numberOfRobotsOnWhiteSite
9834,17,23
timeStep,numberOfRobotsOnBlackSite,numberOfRobotsOnWhiteSite
9835,17,23
timeStep,numberOfRobotsOnBlackSite,numberOfRobotsOnWhiteSite
9836,17,23
timeStep,numberOfRobotsOnBlackSite,numberOfRobotsOnWhiteSite
9837,17,23
timeStep,numberOfRobotsOnBlackSite,numberOfRobotsOnWhiteSite
9838,17,23
timeStep,numberOfRobotsOnBlackSite,numberOfRobotsOnWhiteSite
9839,17,23
timeStep,numberOfRobotsOnBlackSite,numberOfRobotsOnWhiteSite
9840,17,23
timeStep,numberOfRobotsOnBlackSite,numberOfRobotsOnWhiteSite
9841,17,23
timeStep,numberOfRobotsOnBlackSite,numberOfRobotsOnWhiteSite
9842,17,23
timeStep,numberOfRobotsOnBlackSite,numberOfRobotsOnWhiteSite
9843,17,23
timeStep,numberOfRobotsOnBlackSite,numberOfRobotsOnWhiteSite
9844,17,23
timeStep,numberOfRobotsOnBlackSite,numberOfRobotsOnWhiteSite
9845,17,23
timeStep,numberOfRobotsOnBlackSite,numberOfRobotsOnWhiteSite
9846,17,23
timeStep,numberOfRobotsOnBlackSite,numberOfRobotsOnWhiteSite
9847,17,23
timeStep,numberOfRobotsOnBlackSite,numberOfRobotsOnWhiteSite
9848,17,23
timeStep,numberOfRobotsOnBlackSite,numberOfRobotsOnWhiteSite
9849,17,23
timeStep,numberOfRobotsOnBlackSite,numberOfRobotsOnWhiteSite
9850,17,23
timeStep,numberOfRobotsOnBlackSite,numberOfRobotsOnWhiteSite
9851,17,23
timeStep,numberOfRobotsOnBlackSite,numberOfRobotsOnWhiteSite
9852,17,23
timeStep,numberOfRobotsOnBlackSite,numberOfRobotsOnWhiteSite
9853,17,23
timeStep,numberOfRobotsOnBlackSite,numberOfRobotsOnWhiteSite
9854,17,23
timeStep,numberOfRobotsOnBlackSite,numberOfRobotsOnWhiteSite
9855,17,23
timeStep,numberOfRobotsOnBlackSite,numberOfRobotsOnWhiteSite
9856,17,23
timeStep,numberOfRobotsOnBlackSite,numberOfRobotsOnWhiteSite
9857,17,23
timeStep,numberOfRobotsOnBlackSite,numberOfRobotsOnWhiteSite
9858,17,23
timeStep,numberOfRobotsOnBlackSite,numberOfRobotsOnWhiteSite
9859,17,23
timeStep,numberOfRobotsOnBlackSite,numberOfRobotsOnWhiteSite
9860,17,24
timeStep,numberOfRobotsOnBlackSite,numberOfRobotsOnWhiteSite
9861,17,24
timeStep,numberOfRobotsOnBlackSite,numberOfRobotsOnWhiteSite
9862,17,24
timeStep,numberOfRobotsOnBlackSite,numberOfRobotsOnWhiteSite
9863,17,24
timeStep,numberOfRobotsOnBlackSite,numberOfRobotsOnWhiteSite
9864,17,24
timeStep,numberOfRobotsOnBlackSite,numberOfRobotsOnWhiteSite
9865,17,24
timeStep,numberOfRobotsOnBlackSite,numberOfRobotsOnWhiteSite
9866,17,24
timeStep,numberOfRobotsOnBlackSite,numberOfRobotsOnWhiteSite
9867,17,24
timeStep,numberOfRobotsOnBlackSite,numberOfRobotsOnWhiteSite
9868,17,24
timeStep,numberOfRobotsOnBlackSite,numberOfRobotsOnWhiteSite
9869,17,24
timeStep,numberOfRobotsOnBlackSite,numberOfRobotsOnWhiteSite
9870,17,24
timeStep,numberOfRobotsOnBlackSite,numberOfRobotsOnWhiteSite
9871,17,24
timeStep,numberOfRobotsOnBlackSite,numberOfRobotsOnWhiteSite
9872,17,24
timeStep,numberOfRobotsOnBlackSite,numberOfRobotsOnWhiteSite
9873,17,24
timeStep,numberOfRobotsOnBlackSite,numberOfRobotsOnWhiteSite
9874,17,24
timeStep,numberOfRobotsOnBlackSite,numberOfRobotsOnWhiteSite
9875,17,24
timeStep,numberOfRobotsOnBlackSite,numberOfRobotsOnWhiteSite
9876,17,24
timeStep,numberOfRobotsOnBlackSite,numberOfRobotsOnWhiteSite
9877,17,24
timeStep,numberOfRobotsOnBlackSite,numberOfRobotsOnWhiteSite
9878,17,24
timeStep,numberOfRobotsOnBlackSite,numberOfRobotsOnWhiteSite
9879,17,24
timeStep,numberOfRobotsOnBlackSite,numberOfRobotsOnWhiteSite
9880,17,24
timeStep,numberOfRobotsOnBlackSite,numberOfRobotsOnWhiteSite
9881,17,24
timeStep,numberOfRobotsOnBlackSite,numberOfRobotsOnWhiteSite
9882,17,24
timeStep,numberOfRobotsOnBlackSite,numberOfRobotsOnWhiteSite
9883,17,24
timeStep,numberOfRobotsOnBlackSite,numberOfRobotsOnWhiteSite
9884,17,24
timeStep,numberOfRobotsOnBlackSite,numberOfRobotsOnWhiteSite
9885,17,24
timeStep,numberOfRobotsOnBlackSite,numberOfRobotsOnWhiteSite
9886,17,24
timeStep,numberOfRobotsOnBlackSite,numberOfRobotsOnWhiteSite
9887,17,24
timeStep,numberOfRobotsOnBlackSite,numberOfRobotsOnWhiteSite
9888,17,24
timeStep,numberOfRobotsOnBlackSite,numberOfRobotsOnWhiteSite
9889,17,24
timeStep,numberOfRobotsOnBlackSite,numberOfRobotsOnWhiteSite
9890,17,24
timeStep,numberOfRobotsOnBlackSite,numberOfRobotsOnWhiteSite
9891,17,24
timeStep,numberOfRobotsOnBlackSite,numberOfRobotsOnWhiteSite
9892,17,24
timeStep,numberOfRobotsOnBlackSite,numberOfRobotsOnWhiteSite
9893,17,24
timeStep,numberOfRobotsOnBlackSite,numberOfRobotsOnWhiteSite
9894,17,24
timeStep,numberOfRobotsOnBlackSite,numberOfRobotsOnWhiteSite
9895,17,24
timeStep,numberOfRobotsOnBlackSite,numberOfRobotsOnWhiteSite
9896,17,24
timeStep,numberOfRobotsOnBlackSite,numberOfRobotsOnWhiteSite
9897,17,24
timeStep,numberOfRobotsOnBlackSite,numberOfRobotsOnWhiteSite
9898,17,24
timeStep,numberOfRobotsOnBlackSite,numberOfRobotsOnWhiteSite
9899,17,24
timeStep,numberOfRobotsOnBlackSite,numberOfRobotsOnWhiteSite
9900,17,24
timeStep,numberOfRobotsOnBlackSite,numberOfRobotsOnWhiteSite
9901,17,24
timeStep,numberOfRobotsOnBlackSite,numberOfRobotsOnWhiteSite
9902,17,24
timeStep,numberOfRobotsOnBlackSite,numberOfRobotsOnWhiteSite
9903,17,24
timeStep,numberOfRobotsOnBlackSite,numberOfRobotsOnWhiteSite
9904,17,24
timeStep,numberOfRobotsOnBlackSite,numberOfRobotsOnWhiteSite
9905,17,24
timeStep,numberOfRobotsOnBlackSite,numberOfRobotsOnWhiteSite
9906,17,24
timeStep,numberOfRobotsOnBlackSite,numberOfRobotsOnWhiteSite
9907,17,24
timeStep,numberOfRobotsOnBlackSite,numberOfRobotsOnWhiteSite
9908,17,24
timeStep,numberOfRobotsOnBlackSite,numberOfRobotsOnWhiteSite
9909,17,24
timeStep,numberOfRobotsOnBlackSite,numberOfRobotsOnWhiteSite
9910,17,24
timeStep,numberOfRobotsOnBlackSite,numberOfRobotsOnWhiteSite
9911,17,24
timeStep,numberOfRobotsOnBlackSite,numberOfRobotsOnWhiteSite
9912,17,24
timeStep,numberOfRobotsOnBlackSite,numberOfRobotsOnWhiteSite
9913,17,24
timeStep,numberOfRobotsOnBlackSite,numberOfRobotsOnWhiteSite
9914,17,24
timeStep,numberOfRobotsOnBlackSite,numberOfRobotsOnWhiteSite
9915,17,24
timeStep,numberOfRobotsOnBlackSite,numberOfRobotsOnWhiteSite
9916,17,24
timeStep,numberOfRobotsOnBlackSite,numberOfRobotsOnWhiteSite
9917,17,24
timeStep,numberOfRobotsOnBlackSite,numberOfRobotsOnWhiteSite
9918,17,24
timeStep,numberOfRobotsOnBlackSite,numberOfRobotsOnWhiteSite
9919,17,24
timeStep,numberOfRobotsOnBlackSite,numberOfRobotsOnWhiteSite
9920,17,23
timeStep,numberOfRobotsOnBlackSite,numberOfRobotsOnWhiteSite
9921,17,23
timeStep,numberOfRobotsOnBlackSite,numberOfRobotsOnWhiteSite
9922,17,23
timeStep,numberOfRobotsOnBlackSite,numberOfRobotsOnWhiteSite
9923,17,23
timeStep,numberOfRobotsOnBlackSite,numberOfRobotsOnWhiteSite
9924,17,23
timeStep,numberOfRobotsOnBlackSite,numberOfRobotsOnWhiteSite
9925,17,23
timeStep,numberOfRobotsOnBlackSite,numberOfRobotsOnWhiteSite
9926,17,23
timeStep,numberOfRobotsOnBlackSite,numberOfRobotsOnWhiteSite
9927,17,23
timeStep,numberOfRobotsOnBlackSite,numberOfRobotsOnWhiteSite
9928,17,23
timeStep,numberOfRobotsOnBlackSite,numberOfRobotsOnWhiteSite
9929,17,23
timeStep,numberOfRobotsOnBlackSite,numberOfRobotsOnWhiteSite
9930,17,23
timeStep,numberOfRobotsOnBlackSite,numberOfRobotsOnWhiteSite
9931,17,23
timeStep,numberOfRobotsOnBlackSite,numberOfRobotsOnWhiteSite
9932,17,23
timeStep,numberOfRobotsOnBlackSite,numberOfRobotsOnWhiteSite
9933,17,23
timeStep,numberOfRobotsOnBlackSite,numberOfRobotsOnWhiteSite
9934,17,23
timeStep,numberOfRobotsOnBlackSite,numberOfRobotsOnWhiteSite
9935,17,23
timeStep,numberOfRobotsOnBlackSite,numberOfRobotsOnWhiteSite
9936,17,23
timeStep,numberOfRobotsOnBlackSite,numberOfRobotsOnWhiteSite
9937,17,23
timeStep,numberOfRobotsOnBlackSite,numberOfRobotsOnWhiteSite
9938,17,23
timeStep,numberOfRobotsOnBlackSite,numberOfRobotsOnWhiteSite
9939,17,23
timeStep,numberOfRobotsOnBlackSite,numberOfRobotsOnWhiteSite
9940,17,23
timeStep,numberOfRobotsOnBlackSite,numberOfRobotsOnWhiteSite
9941,17,23
timeStep,numberOfRobotsOnBlackSite,numberOfRobotsOnWhiteSite
9942,17,23
timeStep,numberOfRobotsOnBlackSite,numberOfRobotsOnWhiteSite
9943,17,23
timeStep,numberOfRobotsOnBlackSite,numberOfRobotsOnWhiteSite
9944,17,23
timeStep,numberOfRobotsOnBlackSite,numberOfRobotsOnWhiteSite
9945,17,23
timeStep,numberOfRobotsOnBlackSite,numberOfRobotsOnWhiteSite
9946,17,23
timeStep,numberOfRobotsOnBlackSite,numberOfRobotsOnWhiteSite
9947,17,23
timeStep,numberOfRobotsOnBlackSite,numberOfRobotsOnWhiteSite
9948,17,23
timeStep,numberOfRobotsOnBlackSite,numberOfRobotsOnWhiteSite
9949,17,23
timeStep,numberOfRobotsOnBlackSite,numberOfRobotsOnWhiteSite
9950,17,24
timeStep,numberOfRobotsOnBlackSite,numberOfRobotsOnWhiteSite
9951,17,24
timeStep,numberOfRobotsOnBlackSite,numberOfRobotsOnWhiteSite
9952,17,24
timeStep,numberOfRobotsOnBlackSite,numberOfRobotsOnWhiteSite
9953,17,24
timeStep,numberOfRobotsOnBlackSite,numberOfRobotsOnWhiteSite
9954,17,24
timeStep,numberOfRobotsOnBlackSite,numberOfRobotsOnWhiteSite
9955,17,24
timeStep,numberOfRobotsOnBlackSite,numberOfRobotsOnWhiteSite
9956,17,24
timeStep,numberOfRobotsOnBlackSite,numberOfRobotsOnWhiteSite
9957,17,24
timeStep,numberOfRobotsOnBlackSite,numberOfRobotsOnWhiteSite
9958,17,24
timeStep,numberOfRobotsOnBlackSite,numberOfRobotsOnWhiteSite
9959,17,24
timeStep,numberOfRobotsOnBlackSite,numberOfRobotsOnWhiteSite
9960,17,24
timeStep,numberOfRobotsOnBlackSite,numberOfRobotsOnWhiteSite
9961,17,24
timeStep,numberOfRobotsOnBlackSite,numberOfRobotsOnWhiteSite
9962,17,24
timeStep,numberOfRobotsOnBlackSite,numberOfRobotsOnWhiteSite
9963,17,24
timeStep,numberOfRobotsOnBlackSite,numberOfRobotsOnWhiteSite
9964,17,24
timeStep,numberOfRobotsOnBlackSite,numberOfRobotsOnWhiteSite
9965,17,24
timeStep,numberOfRobotsOnBlackSite,numberOfRobotsOnWhiteSite
9966,17,24
timeStep,numberOfRobotsOnBlackSite,numberOfRobotsOnWhiteSite
9967,17,24
timeStep,numberOfRobotsOnBlackSite,numberOfRobotsOnWhiteSite
9968,17,24
timeStep,numberOfRobotsOnBlackSite,numberOfRobotsOnWhiteSite
9969,17,24
timeStep,numberOfRobotsOnBlackSite,numberOfRobotsOnWhiteSite
9970,17,24
timeStep,numberOfRobotsOnBlackSite,numberOfRobotsOnWhiteSite
9971,17,24
timeStep,numberOfRobotsOnBlackSite,numberOfRobotsOnWhiteSite
9972,17,24
timeStep,numberOfRobotsOnBlackSite,numberOfRobotsOnWhiteSite
9973,17,24
timeStep,numberOfRobotsOnBlackSite,numberOfRobotsOnWhiteSite
9974,17,24
timeStep,numberOfRobotsOnBlackSite,numberOfRobotsOnWhiteSite
9975,17,24
timeStep,numberOfRobotsOnBlackSite,numberOfRobotsOnWhiteSite
9976,17,24
timeStep,numberOfRobotsOnBlackSite,numberOfRobotsOnWhiteSite
9977,17,24
timeStep,numberOfRobotsOnBlackSite,numberOfRobotsOnWhiteSite
9978,17,24
timeStep,numberOfRobotsOnBlackSite,numberOfRobotsOnWhiteSite
9979,17,24
timeStep,numberOfRobotsOnBlackSite,numberOfRobotsOnWhiteSite
9980,17,24
timeStep,numberOfRobotsOnBlackSite,numberOfRobotsOnWhiteSite
9981,17,24
timeStep,numberOfRobotsOnBlackSite,numberOfRobotsOnWhiteSite
9982,17,24
timeStep,numberOfRobotsOnBlackSite,numberOfRobotsOnWhiteSite
9983,17,24
timeStep,numberOfRobotsOnBlackSite,numberOfRobotsOnWhiteSite
9984,17,24
timeStep,numberOfRobotsOnBlackSite,numberOfRobotsOnWhiteSite
9985,17,24
timeStep,numberOfRobotsOnBlackSite,numberOfRobotsOnWhiteSite
9986,17,24
timeStep,numberOfRobotsOnBlackSite,numberOfRobotsOnWhiteSite
9987,17,24
timeStep,numberOfRobotsOnBlackSite,numberOfRobotsOnWhiteSite
9988,17,24
timeStep,numberOfRobotsOnBlackSite,numberOfRobotsOnWhiteSite
9989,17,24
timeStep,numberOfRobotsOnBlackSite,numberOfRobotsOnWhiteSite
9990,17,24
timeStep,numberOfRobotsOnBlackSite,numberOfRobotsOnWhiteSite
9991,17,24
timeStep,numberOfRobotsOnBlackSite,numberOfRobotsOnWhiteSite
9992,17,24
timeStep,numberOfRobotsOnBlackSite,numberOfRobotsOnWhiteSite
9993,17,24
timeStep,numberOfRobotsOnBlackSite,numberOfRobotsOnWhiteSite
9994,17,24
timeStep,numberOfRobotsOnBlackSite,numberOfRobotsOnWhiteSite
9995,17,24
timeStep,numberOfRobotsOnBlackSite,numberOfRobotsOnWhiteSite
9996,17,24
timeStep,numberOfRobotsOnBlackSite,numberOfRobotsOnWhiteSite
9997,17,24
timeStep,numberOfRobotsOnBlackSite,numberOfRobotsOnWhiteSite
9998,17,24
timeStep,numberOfRobotsOnBlackSite,numberOfRobotsOnWhiteSite
9999,17,24
timeStep,numberOfRobotsOnBlackSite,numberOfRobotsOnWhiteSite
10000,17,24
timeStep,numberOfRobotsOnBlackSite,numberOfRobotsOnWhiteSite
10001,17,24
timeStep,numberOfRobotsOnBlackSite,numberOfRobotsOnWhiteSite
10002,17,24
timeStep,numberOfRobotsOnBlackSite,numberOfRobotsOnWhiteSite
10003,17,24
timeStep,numberOfRobotsOnBlackSite,numberOfRobotsOnWhiteSite
10004,17,24
timeStep,numberOfRobotsOnBlackSite,numberOfRobotsOnWhiteSite
10005,17,24
timeStep,numberOfRobotsOnBlackSite,numberOfRobotsOnWhiteSite
10006,17,24
timeStep,numberOfRobotsOnBlackSite,numberOfRobotsOnWhiteSite
10007,17,24
timeStep,numberOfRobotsOnBlackSite,numberOfRobotsOnWhiteSite
10008,17,24
timeStep,numberOfRobotsOnBlackSite,numberOfRobotsOnWhiteSite
10009,17,24
timeStep,numberOfRobotsOnBlackSite,numberOfRobotsOnWhiteSite
10010,17,24
timeStep,numberOfRobotsOnBlackSite,numberOfRobotsOnWhiteSite
10011,17,24
timeStep,numberOfRobotsOnBlackSite,numberOfRobotsOnWhiteSite
10012,17,24
timeStep,numberOfRobotsOnBlackSite,numberOfRobotsOnWhiteSite
10013,17,24
timeStep,numberOfRobotsOnBlackSite,numberOfRobotsOnWhiteSite
10014,17,24
timeStep,numberOfRobotsOnBlackSite,numberOfRobotsOnWhiteSite
10015,17,24
timeStep,numberOfRobotsOnBlackSite,numberOfRobotsOnWhiteSite
10016,17,24
timeStep,numberOfRobotsOnBlackSite,numberOfRobotsOnWhiteSite
10017,17,24
timeStep,numberOfRobotsOnBlackSite,numberOfRobotsOnWhiteSite
10018,17,24
timeStep,numberOfRobotsOnBlackSite,numberOfRobotsOnWhiteSite
10019,17,24
timeStep,numberOfRobotsOnBlackSite,numberOfRobotsOnWhiteSite
10020,17,24
timeStep,numberOfRobotsOnBlackSite,numberOfRobotsOnWhiteSite
10021,17,24
timeStep,numberOfRobotsOnBlackSite,numberOfRobotsOnWhiteSite
10022,17,24
timeStep,numberOfRobotsOnBlackSite,numberOfRobotsOnWhiteSite
10023,17,24
timeStep,numberOfRobotsOnBlackSite,numberOfRobotsOnWhiteSite
10024,17,24
timeStep,numberOfRobotsOnBlackSite,numberOfRobotsOnWhiteSite
10025,17,24
timeStep,numberOfRobotsOnBlackSite,numberOfRobotsOnWhiteSite
10026,17,24
timeStep,numberOfRobotsOnBlackSite,numberOfRobotsOnWhiteSite
10027,17,24
timeStep,numberOfRobotsOnBlackSite,numberOfRobotsOnWhiteSite
10028,17,24
timeStep,numberOfRobotsOnBlackSite,numberOfRobotsOnWhiteSite
10029,17,24
timeStep,numberOfRobotsOnBlackSite,numberOfRobotsOnWhiteSite
10030,17,25
timeStep,numberOfRobotsOnBlackSite,numberOfRobotsOnWhiteSite
10031,17,25
timeStep,numberOfRobotsOnBlackSite,numberOfRobotsOnWhiteSite
10032,17,25
timeStep,numberOfRobotsOnBlackSite,numberOfRobotsOnWhiteSite
10033,17,25
timeStep,numberOfRobotsOnBlackSite,numberOfRobotsOnWhiteSite
10034,17,25
timeStep,numberOfRobotsOnBlackSite,numberOfRobotsOnWhiteSite
10035,17,25
timeStep,numberOfRobotsOnBlackSite,numberOfRobotsOnWhiteSite
10036,17,25
timeStep,numberOfRobotsOnBlackSite,numberOfRobotsOnWhiteSite
10037,17,25
timeStep,numberOfRobotsOnBlackSite,numberOfRobotsOnWhiteSite
10038,17,25
timeStep,numberOfRobotsOnBlackSite,numberOfRobotsOnWhiteSite
10039,17,25
timeStep,numberOfRobotsOnBlackSite,numberOfRobotsOnWhiteSite
10040,17,25
timeStep,numberOfRobotsOnBlackSite,numberOfRobotsOnWhiteSite
10041,17,25
timeStep,numberOfRobotsOnBlackSite,numberOfRobotsOnWhiteSite
10042,17,25
timeStep,numberOfRobotsOnBlackSite,numberOfRobotsOnWhiteSite
10043,17,25
timeStep,numberOfRobotsOnBlackSite,numberOfRobotsOnWhiteSite
10044,17,25
timeStep,numberOfRobotsOnBlackSite,numberOfRobotsOnWhiteSite
10045,17,25
timeStep,numberOfRobotsOnBlackSite,numberOfRobotsOnWhiteSite
10046,17,25
timeStep,numberOfRobotsOnBlackSite,numberOfRobotsOnWhiteSite
10047,17,25
timeStep,numberOfRobotsOnBlackSite,numberOfRobotsOnWhiteSite
10048,17,25
timeStep,numberOfRobotsOnBlackSite,numberOfRobotsOnWhiteSite
10049,17,25
timeStep,numberOfRobotsOnBlackSite,numberOfRobotsOnWhiteSite
10050,17,25
timeStep,numberOfRobotsOnBlackSite,numberOfRobotsOnWhiteSite
10051,17,25
timeStep,numberOfRobotsOnBlackSite,numberOfRobotsOnWhiteSite
10052,17,25
timeStep,numberOfRobotsOnBlackSite,numberOfRobotsOnWhiteSite
10053,17,25
timeStep,numberOfRobotsOnBlackSite,numberOfRobotsOnWhiteSite
10054,17,25
timeStep,numberOfRobotsOnBlackSite,numberOfRobotsOnWhiteSite
10055,17,25
timeStep,numberOfRobotsOnBlackSite,numberOfRobotsOnWhiteSite
10056,17,25
timeStep,numberOfRobotsOnBlackSite,numberOfRobotsOnWhiteSite
10057,17,25
timeStep,numberOfRobotsOnBlackSite,numberOfRobotsOnWhiteSite
10058,17,25
timeStep,numberOfRobotsOnBlackSite,numberOfRobotsOnWhiteSite
10059,17,25
timeStep,numberOfRobotsOnBlackSite,numberOfRobotsOnWhiteSite
10060,17,25
timeStep,numberOfRobotsOnBlackSite,numberOfRobotsOnWhiteSite
10061,17,25
timeStep,numberOfRobotsOnBlackSite,numberOfRobotsOnWhiteSite
10062,17,25
timeStep,numberOfRobotsOnBlackSite,numberOfRobotsOnWhiteSite
10063,17,25
timeStep,numberOfRobotsOnBlackSite,numberOfRobotsOnWhiteSite
10064,17,25
timeStep,numberOfRobotsOnBlackSite,numberOfRobotsOnWhiteSite
10065,17,25
timeStep,numberOfRobotsOnBlackSite,numberOfRobotsOnWhiteSite
10066,17,25
timeStep,numberOfRobotsOnBlackSite,numberOfRobotsOnWhiteSite
10067,17,25
timeStep,numberOfRobotsOnBlackSite,numberOfRobotsOnWhiteSite
10068,17,25
timeStep,numberOfRobotsOnBlackSite,numberOfRobotsOnWhiteSite
10069,17,25
timeStep,numberOfRobotsOnBlackSite,numberOfRobotsOnWhiteSite
10070,17,25
timeStep,numberOfRobotsOnBlackSite,numberOfRobotsOnWhiteSite
10071,17,25
timeStep,numberOfRobotsOnBlackSite,numberOfRobotsOnWhiteSite
10072,17,25
timeStep,numberOfRobotsOnBlackSite,numberOfRobotsOnWhiteSite
10073,17,25
timeStep,numberOfRobotsOnBlackSite,numberOfRobotsOnWhiteSite
10074,17,25
timeStep,numberOfRobotsOnBlackSite,numberOfRobotsOnWhiteSite
10075,17,25
timeStep,numberOfRobotsOnBlackSite,numberOfRobotsOnWhiteSite
10076,17,25
timeStep,numberOfRobotsOnBlackSite,numberOfRobotsOnWhiteSite
10077,17,25
timeStep,numberOfRobotsOnBlackSite,numberOfRobotsOnWhiteSite
10078,17,25
timeStep,numberOfRobotsOnBlackSite,numberOfRobotsOnWhiteSite
10079,17,25
timeStep,numberOfRobotsOnBlackSite,numberOfRobotsOnWhiteSite
10080,17,25
timeStep,numberOfRobotsOnBlackSite,numberOfRobotsOnWhiteSite
10081,17,25
timeStep,numberOfRobotsOnBlackSite,numberOfRobotsOnWhiteSite
10082,17,25
timeStep,numberOfRobotsOnBlackSite,numberOfRobotsOnWhiteSite
10083,17,25
timeStep,numberOfRobotsOnBlackSite,numberOfRobotsOnWhiteSite
10084,17,25
timeStep,numberOfRobotsOnBlackSite,numberOfRobotsOnWhiteSite
10085,17,25
timeStep,numberOfRobotsOnBlackSite,numberOfRobotsOnWhiteSite
10086,17,25
timeStep,numberOfRobotsOnBlackSite,numberOfRobotsOnWhiteSite
10087,17,25
timeStep,numberOfRobotsOnBlackSite,numberOfRobotsOnWhiteSite
10088,17,25
timeStep,numberOfRobotsOnBlackSite,numberOfRobotsOnWhiteSite
10089,17,25
timeStep,numberOfRobotsOnBlackSite,numberOfRobotsOnWhiteSite
10090,17,25
timeStep,numberOfRobotsOnBlackSite,numberOfRobotsOnWhiteSite
10091,17,25
timeStep,numberOfRobotsOnBlackSite,numberOfRobotsOnWhiteSite
10092,17,25
timeStep,numberOfRobotsOnBlackSite,numberOfRobotsOnWhiteSite
10093,17,25
timeStep,numberOfRobotsOnBlackSite,numberOfRobotsOnWhiteSite
10094,17,25
timeStep,numberOfRobotsOnBlackSite,numberOfRobotsOnWhiteSite
10095,17,25
timeStep,numberOfRobotsOnBlackSite,numberOfRobotsOnWhiteSite
10096,17,25
timeStep,numberOfRobotsOnBlackSite,numberOfRobotsOnWhiteSite
10097,17,25
timeStep,numberOfRobotsOnBlackSite,numberOfRobotsOnWhiteSite
10098,17,25
timeStep,numberOfRobotsOnBlackSite,numberOfRobotsOnWhiteSite
10099,17,25
timeStep,numberOfRobotsOnBlackSite,numberOfRobotsOnWhiteSite
10100,17,25
timeStep,numberOfRobotsOnBlackSite,numberOfRobotsOnWhiteSite
10101,17,25
timeStep,numberOfRobotsOnBlackSite,numberOfRobotsOnWhiteSite
10102,17,25
timeStep,numberOfRobotsOnBlackSite,numberOfRobotsOnWhiteSite
10103,17,25
timeStep,numberOfRobotsOnBlackSite,numberOfRobotsOnWhiteSite
10104,17,25
timeStep,numberOfRobotsOnBlackSite,numberOfRobotsOnWhiteSite
10105,17,25
timeStep,numberOfRobotsOnBlackSite,numberOfRobotsOnWhiteSite
10106,17,25
timeStep,numberOfRobotsOnBlackSite,numberOfRobotsOnWhiteSite
10107,17,25
timeStep,numberOfRobotsOnBlackSite,numberOfRobotsOnWhiteSite
10108,17,25
timeStep,numberOfRobotsOnBlackSite,numberOfRobotsOnWhiteSite
10109,17,25
timeStep,numberOfRobotsOnBlackSite,numberOfRobotsOnWhiteSite
10110,17,25
timeStep,numberOfRobotsOnBlackSite,numberOfRobotsOnWhiteSite
10111,17,25
timeStep,numberOfRobotsOnBlackSite,numberOfRobotsOnWhiteSite
10112,17,25
timeStep,numberOfRobotsOnBlackSite,numberOfRobotsOnWhiteSite
10113,17,25
timeStep,numberOfRobotsOnBlackSite,numberOfRobotsOnWhiteSite
10114,17,25
timeStep,numberOfRobotsOnBlackSite,numberOfRobotsOnWhiteSite
10115,17,25
timeStep,numberOfRobotsOnBlackSite,numberOfRobotsOnWhiteSite
10116,17,25
timeStep,numberOfRobotsOnBlackSite,numberOfRobotsOnWhiteSite
10117,17,25
timeStep,numberOfRobotsOnBlackSite,numberOfRobotsOnWhiteSite
10118,17,25
timeStep,numberOfRobotsOnBlackSite,numberOfRobotsOnWhiteSite
10119,17,25
timeStep,numberOfRobotsOnBlackSite,numberOfRobotsOnWhiteSite
10120,17,25
timeStep,numberOfRobotsOnBlackSite,numberOfRobotsOnWhiteSite
10121,17,25
timeStep,numberOfRobotsOnBlackSite,numberOfRobotsOnWhiteSite
10122,17,25
timeStep,numberOfRobotsOnBlackSite,numberOfRobotsOnWhiteSite
10123,17,25
timeStep,numberOfRobotsOnBlackSite,numberOfRobotsOnWhiteSite
10124,17,25
timeStep,numberOfRobotsOnBlackSite,numberOfRobotsOnWhiteSite
10125,17,25
timeStep,numberOfRobotsOnBlackSite,numberOfRobotsOnWhiteSite
10126,17,25
timeStep,numberOfRobotsOnBlackSite,numberOfRobotsOnWhiteSite
10127,17,25
timeStep,numberOfRobotsOnBlackSite,numberOfRobotsOnWhiteSite
10128,17,25
timeStep,numberOfRobotsOnBlackSite,numberOfRobotsOnWhiteSite
10129,17,25
timeStep,numberOfRobotsOnBlackSite,numberOfRobotsOnWhiteSite
10130,17,25
timeStep,numberOfRobotsOnBlackSite,numberOfRobotsOnWhiteSite
10131,17,25
timeStep,numberOfRobotsOnBlackSite,numberOfRobotsOnWhiteSite
10132,17,25
timeStep,numberOfRobotsOnBlackSite,numberOfRobotsOnWhiteSite
10133,17,25
timeStep,numberOfRobotsOnBlackSite,numberOfRobotsOnWhiteSite
10134,17,25
timeStep,numberOfRobotsOnBlackSite,numberOfRobotsOnWhiteSite
10135,17,25
timeStep,numberOfRobotsOnBlackSite,numberOfRobotsOnWhiteSite
10136,17,25
timeStep,numberOfRobotsOnBlackSite,numberOfRobotsOnWhiteSite
10137,17,25
timeStep,numberOfRobotsOnBlackSite,numberOfRobotsOnWhiteSite
10138,17,25
timeStep,numberOfRobotsOnBlackSite,numberOfRobotsOnWhiteSite
10139,17,25
timeStep,numberOfRobotsOnBlackSite,numberOfRobotsOnWhiteSite
10140,17,25
timeStep,numberOfRobotsOnBlackSite,numberOfRobotsOnWhiteSite
10141,17,25
timeStep,numberOfRobotsOnBlackSite,numberOfRobotsOnWhiteSite
10142,17,25
timeStep,numberOfRobotsOnBlackSite,numberOfRobotsOnWhiteSite
10143,17,25
timeStep,numberOfRobotsOnBlackSite,numberOfRobotsOnWhiteSite
10144,17,25
timeStep,numberOfRobotsOnBlackSite,numberOfRobotsOnWhiteSite
10145,17,25
timeStep,numberOfRobotsOnBlackSite,numberOfRobotsOnWhiteSite
10146,17,25
timeStep,numberOfRobotsOnBlackSite,numberOfRobotsOnWhiteSite
10147,17,25
timeStep,numberOfRobotsOnBlackSite,numberOfRobotsOnWhiteSite
10148,17,25
timeStep,numberOfRobotsOnBlackSite,numberOfRobotsOnWhiteSite
10149,17,25
timeStep,numberOfRobotsOnBlackSite,numberOfRobotsOnWhiteSite
10150,17,25
timeStep,numberOfRobotsOnBlackSite,numberOfRobotsOnWhiteSite
10151,17,25
timeStep,numberOfRobotsOnBlackSite,numberOfRobotsOnWhiteSite
10152,17,25
timeStep,numberOfRobotsOnBlackSite,numberOfRobotsOnWhiteSite
10153,17,25
timeStep,numberOfRobotsOnBlackSite,numberOfRobotsOnWhiteSite
10154,17,25
timeStep,numberOfRobotsOnBlackSite,numberOfRobotsOnWhiteSite
10155,16,25
timeStep,numberOfRobotsOnBlackSite,numberOfRobotsOnWhiteSite
10156,16,25
timeStep,numberOfRobotsOnBlackSite,numberOfRobotsOnWhiteSite
10157,16,25
timeStep,numberOfRobotsOnBlackSite,numberOfRobotsOnWhiteSite
10158,16,25
timeStep,numberOfRobotsOnBlackSite,numberOfRobotsOnWhiteSite
10159,16,25
timeStep,numberOfRobotsOnBlackSite,numberOfRobotsOnWhiteSite
10160,16,25
timeStep,numberOfRobotsOnBlackSite,numberOfRobotsOnWhiteSite
10161,16,25
timeStep,numberOfRobotsOnBlackSite,numberOfRobotsOnWhiteSite
10162,16,25
timeStep,numberOfRobotsOnBlackSite,numberOfRobotsOnWhiteSite
10163,16,25
timeStep,numberOfRobotsOnBlackSite,numberOfRobotsOnWhiteSite
10164,16,25
timeStep,numberOfRobotsOnBlackSite,numberOfRobotsOnWhiteSite
10165,16,25
timeStep,numberOfRobotsOnBlackSite,numberOfRobotsOnWhiteSite
10166,16,25
timeStep,numberOfRobotsOnBlackSite,numberOfRobotsOnWhiteSite
10167,16,25
timeStep,numberOfRobotsOnBlackSite,numberOfRobotsOnWhiteSite
10168,16,25
timeStep,numberOfRobotsOnBlackSite,numberOfRobotsOnWhiteSite
10169,16,25
timeStep,numberOfRobotsOnBlackSite,numberOfRobotsOnWhiteSite
10170,16,24
timeStep,numberOfRobotsOnBlackSite,numberOfRobotsOnWhiteSite
10171,16,24
timeStep,numberOfRobotsOnBlackSite,numberOfRobotsOnWhiteSite
10172,16,24
timeStep,numberOfRobotsOnBlackSite,numberOfRobotsOnWhiteSite
10173,16,24
timeStep,numberOfRobotsOnBlackSite,numberOfRobotsOnWhiteSite
10174,16,24
timeStep,numberOfRobotsOnBlackSite,numberOfRobotsOnWhiteSite
10175,16,24
timeStep,numberOfRobotsOnBlackSite,numberOfRobotsOnWhiteSite
10176,16,24
timeStep,numberOfRobotsOnBlackSite,numberOfRobotsOnWhiteSite
10177,16,24
timeStep,numberOfRobotsOnBlackSite,numberOfRobotsOnWhiteSite
10178,16,24
timeStep,numberOfRobotsOnBlackSite,numberOfRobotsOnWhiteSite
10179,16,24
timeStep,numberOfRobotsOnBlackSite,numberOfRobotsOnWhiteSite
10180,16,24
timeStep,numberOfRobotsOnBlackSite,numberOfRobotsOnWhiteSite
10181,16,24
timeStep,numberOfRobotsOnBlackSite,numberOfRobotsOnWhiteSite
10182,16,24
timeStep,numberOfRobotsOnBlackSite,numberOfRobotsOnWhiteSite
10183,16,24
timeStep,numberOfRobotsOnBlackSite,numberOfRobotsOnWhiteSite
10184,16,24
timeStep,numberOfRobotsOnBlackSite,numberOfRobotsOnWhiteSite
10185,16,24
timeStep,numberOfRobotsOnBlackSite,numberOfRobotsOnWhiteSite
10186,16,24
timeStep,numberOfRobotsOnBlackSite,numberOfRobotsOnWhiteSite
10187,16,24
timeStep,numberOfRobotsOnBlackSite,numberOfRobotsOnWhiteSite
10188,16,24
timeStep,numberOfRobotsOnBlackSite,numberOfRobotsOnWhiteSite
10189,16,24
timeStep,numberOfRobotsOnBlackSite,numberOfRobotsOnWhiteSite
10190,16,24
timeStep,numberOfRobotsOnBlackSite,numberOfRobotsOnWhiteSite
10191,16,24
timeStep,numberOfRobotsOnBlackSite,numberOfRobotsOnWhiteSite
10192,16,24
timeStep,numberOfRobotsOnBlackSite,numberOfRobotsOnWhiteSite
10193,16,24
timeStep,numberOfRobotsOnBlackSite,numberOfRobotsOnWhiteSite
10194,16,24
timeStep,numberOfRobotsOnBlackSite,numberOfRobotsOnWhiteSite
10195,16,24
timeStep,numberOfRobotsOnBlackSite,numberOfRobotsOnWhiteSite
10196,16,24
timeStep,numberOfRobotsOnBlackSite,numberOfRobotsOnWhiteSite
10197,16,24
timeStep,numberOfRobotsOnBlackSite,numberOfRobotsOnWhiteSite
10198,16,24
timeStep,numberOfRobotsOnBlackSite,numberOfRobotsOnWhiteSite
10199,16,24
timeStep,numberOfRobotsOnBlackSite,numberOfRobotsOnWhiteSite
10200,16,24
timeStep,numberOfRobotsOnBlackSite,numberOfRobotsOnWhiteSite
10201,16,24
timeStep,numberOfRobotsOnBlackSite,numberOfRobotsOnWhiteSite
10202,16,24
timeStep,numberOfRobotsOnBlackSite,numberOfRobotsOnWhiteSite
10203,16,24
timeStep,numberOfRobotsOnBlackSite,numberOfRobotsOnWhiteSite
10204,16,24
timeStep,numberOfRobotsOnBlackSite,numberOfRobotsOnWhiteSite
10205,16,24
timeStep,numberOfRobotsOnBlackSite,numberOfRobotsOnWhiteSite
10206,16,24
timeStep,numberOfRobotsOnBlackSite,numberOfRobotsOnWhiteSite
10207,16,24
timeStep,numberOfRobotsOnBlackSite,numberOfRobotsOnWhiteSite
10208,16,24
timeStep,numberOfRobotsOnBlackSite,numberOfRobotsOnWhiteSite
10209,16,24
timeStep,numberOfRobotsOnBlackSite,numberOfRobotsOnWhiteSite
10210,16,24
timeStep,numberOfRobotsOnBlackSite,numberOfRobotsOnWhiteSite
10211,16,24
timeStep,numberOfRobotsOnBlackSite,numberOfRobotsOnWhiteSite
10212,16,24
timeStep,numberOfRobotsOnBlackSite,numberOfRobotsOnWhiteSite
10213,16,24
timeStep,numberOfRobotsOnBlackSite,numberOfRobotsOnWhiteSite
10214,16,24
timeStep,numberOfRobotsOnBlackSite,numberOfRobotsOnWhiteSite
10215,16,25
timeStep,numberOfRobotsOnBlackSite,numberOfRobotsOnWhiteSite
10216,16,25
timeStep,numberOfRobotsOnBlackSite,numberOfRobotsOnWhiteSite
10217,16,25
timeStep,numberOfRobotsOnBlackSite,numberOfRobotsOnWhiteSite
10218,16,25
timeStep,numberOfRobotsOnBlackSite,numberOfRobotsOnWhiteSite
10219,16,25
timeStep,numberOfRobotsOnBlackSite,numberOfRobotsOnWhiteSite
10220,16,25
timeStep,numberOfRobotsOnBlackSite,numberOfRobotsOnWhiteSite
10221,16,25
timeStep,numberOfRobotsOnBlackSite,numberOfRobotsOnWhiteSite
10222,16,25
timeStep,numberOfRobotsOnBlackSite,numberOfRobotsOnWhiteSite
10223,16,25
timeStep,numberOfRobotsOnBlackSite,numberOfRobotsOnWhiteSite
10224,16,25
timeStep,numberOfRobotsOnBlackSite,numberOfRobotsOnWhiteSite
10225,16,25
timeStep,numberOfRobotsOnBlackSite,numberOfRobotsOnWhiteSite
10226,16,25
timeStep,numberOfRobotsOnBlackSite,numberOfRobotsOnWhiteSite
10227,16,25
timeStep,numberOfRobotsOnBlackSite,numberOfRobotsOnWhiteSite
10228,16,25
timeStep,numberOfRobotsOnBlackSite,numberOfRobotsOnWhiteSite
10229,16,25
timeStep,numberOfRobotsOnBlackSite,numberOfRobotsOnWhiteSite
10230,16,25
timeStep,numberOfRobotsOnBlackSite,numberOfRobotsOnWhiteSite
10231,16,25
timeStep,numberOfRobotsOnBlackSite,numberOfRobotsOnWhiteSite
10232,16,25
timeStep,numberOfRobotsOnBlackSite,numberOfRobotsOnWhiteSite
10233,16,25
timeStep,numberOfRobotsOnBlackSite,numberOfRobotsOnWhiteSite
10234,16,25
timeStep,numberOfRobotsOnBlackSite,numberOfRobotsOnWhiteSite
10235,16,25
timeStep,numberOfRobotsOnBlackSite,numberOfRobotsOnWhiteSite
10236,16,25
timeStep,numberOfRobotsOnBlackSite,numberOfRobotsOnWhiteSite
10237,16,25
timeStep,numberOfRobotsOnBlackSite,numberOfRobotsOnWhiteSite
10238,16,25
timeStep,numberOfRobotsOnBlackSite,numberOfRobotsOnWhiteSite
10239,16,25
timeStep,numberOfRobotsOnBlackSite,numberOfRobotsOnWhiteSite
10240,16,25
timeStep,numberOfRobotsOnBlackSite,numberOfRobotsOnWhiteSite
10241,16,25
timeStep,numberOfRobotsOnBlackSite,numberOfRobotsOnWhiteSite
10242,16,25
timeStep,numberOfRobotsOnBlackSite,numberOfRobotsOnWhiteSite
10243,16,25
timeStep,numberOfRobotsOnBlackSite,numberOfRobotsOnWhiteSite
10244,16,25
timeStep,numberOfRobotsOnBlackSite,numberOfRobotsOnWhiteSite
10245,16,25
timeStep,numberOfRobotsOnBlackSite,numberOfRobotsOnWhiteSite
10246,16,25
timeStep,numberOfRobotsOnBlackSite,numberOfRobotsOnWhiteSite
10247,16,25
timeStep,numberOfRobotsOnBlackSite,numberOfRobotsOnWhiteSite
10248,16,25
timeStep,numberOfRobotsOnBlackSite,numberOfRobotsOnWhiteSite
10249,16,25
timeStep,numberOfRobotsOnBlackSite,numberOfRobotsOnWhiteSite
10250,16,25
timeStep,numberOfRobotsOnBlackSite,numberOfRobotsOnWhiteSite
10251,16,25
timeStep,numberOfRobotsOnBlackSite,numberOfRobotsOnWhiteSite
10252,16,25
timeStep,numberOfRobotsOnBlackSite,numberOfRobotsOnWhiteSite
10253,16,25
timeStep,numberOfRobotsOnBlackSite,numberOfRobotsOnWhiteSite
10254,16,25
timeStep,numberOfRobotsOnBlackSite,numberOfRobotsOnWhiteSite
10255,16,25
timeStep,numberOfRobotsOnBlackSite,numberOfRobotsOnWhiteSite
10256,16,25
timeStep,numberOfRobotsOnBlackSite,numberOfRobotsOnWhiteSite
10257,16,25
timeStep,numberOfRobotsOnBlackSite,numberOfRobotsOnWhiteSite
10258,16,25
timeStep,numberOfRobotsOnBlackSite,numberOfRobotsOnWhiteSite
10259,16,25
timeStep,numberOfRobotsOnBlackSite,numberOfRobotsOnWhiteSite
10260,16,25
timeStep,numberOfRobotsOnBlackSite,numberOfRobotsOnWhiteSite
10261,16,25
timeStep,numberOfRobotsOnBlackSite,numberOfRobotsOnWhiteSite
10262,16,25
timeStep,numberOfRobotsOnBlackSite,numberOfRobotsOnWhiteSite
10263,16,25
timeStep,numberOfRobotsOnBlackSite,numberOfRobotsOnWhiteSite
10264,16,25
timeStep,numberOfRobotsOnBlackSite,numberOfRobotsOnWhiteSite
10265,16,25
timeStep,numberOfRobotsOnBlackSite,numberOfRobotsOnWhiteSite
10266,16,25
timeStep,numberOfRobotsOnBlackSite,numberOfRobotsOnWhiteSite
10267,16,25
timeStep,numberOfRobotsOnBlackSite,numberOfRobotsOnWhiteSite
10268,16,25
timeStep,numberOfRobotsOnBlackSite,numberOfRobotsOnWhiteSite
10269,16,25
timeStep,numberOfRobotsOnBlackSite,numberOfRobotsOnWhiteSite
10270,16,25
timeStep,numberOfRobotsOnBlackSite,numberOfRobotsOnWhiteSite
10271,16,25
timeStep,numberOfRobotsOnBlackSite,numberOfRobotsOnWhiteSite
10272,16,25
timeStep,numberOfRobotsOnBlackSite,numberOfRobotsOnWhiteSite
10273,16,25
timeStep,numberOfRobotsOnBlackSite,numberOfRobotsOnWhiteSite
10274,16,25
timeStep,numberOfRobotsOnBlackSite,numberOfRobotsOnWhiteSite
10275,16,25
timeStep,numberOfRobotsOnBlackSite,numberOfRobotsOnWhiteSite
10276,16,25
timeStep,numberOfRobotsOnBlackSite,numberOfRobotsOnWhiteSite
10277,16,25
timeStep,numberOfRobotsOnBlackSite,numberOfRobotsOnWhiteSite
10278,16,25
timeStep,numberOfRobotsOnBlackSite,numberOfRobotsOnWhiteSite
10279,16,25
timeStep,numberOfRobotsOnBlackSite,numberOfRobotsOnWhiteSite
10280,16,25
timeStep,numberOfRobotsOnBlackSite,numberOfRobotsOnWhiteSite
10281,16,25
timeStep,numberOfRobotsOnBlackSite,numberOfRobotsOnWhiteSite
10282,16,25
timeStep,numberOfRobotsOnBlackSite,numberOfRobotsOnWhiteSite
10283,16,25
timeStep,numberOfRobotsOnBlackSite,numberOfRobotsOnWhiteSite
10284,16,25
timeStep,numberOfRobotsOnBlackSite,numberOfRobotsOnWhiteSite
10285,16,25
timeStep,numberOfRobotsOnBlackSite,numberOfRobotsOnWhiteSite
10286,16,25
timeStep,numberOfRobotsOnBlackSite,numberOfRobotsOnWhiteSite
10287,16,25
timeStep,numberOfRobotsOnBlackSite,numberOfRobotsOnWhiteSite
10288,16,25
timeStep,numberOfRobotsOnBlackSite,numberOfRobotsOnWhiteSite
10289,16,25
timeStep,numberOfRobotsOnBlackSite,numberOfRobotsOnWhiteSite
10290,16,25
timeStep,numberOfRobotsOnBlackSite,numberOfRobotsOnWhiteSite
10291,16,25
timeStep,numberOfRobotsOnBlackSite,numberOfRobotsOnWhiteSite
10292,16,25
timeStep,numberOfRobotsOnBlackSite,numberOfRobotsOnWhiteSite
10293,16,25
timeStep,numberOfRobotsOnBlackSite,numberOfRobotsOnWhiteSite
10294,16,25
timeStep,numberOfRobotsOnBlackSite,numberOfRobotsOnWhiteSite
10295,16,25
timeStep,numberOfRobotsOnBlackSite,numberOfRobotsOnWhiteSite
10296,16,25
timeStep,numberOfRobotsOnBlackSite,numberOfRobotsOnWhiteSite
10297,16,25
timeStep,numberOfRobotsOnBlackSite,numberOfRobotsOnWhiteSite
10298,16,25
timeStep,numberOfRobotsOnBlackSite,numberOfRobotsOnWhiteSite
10299,16,25
timeStep,numberOfRobotsOnBlackSite,numberOfRobotsOnWhiteSite
10300,16,25
timeStep,numberOfRobotsOnBlackSite,numberOfRobotsOnWhiteSite
10301,16,25
timeStep,numberOfRobotsOnBlackSite,numberOfRobotsOnWhiteSite
10302,16,25
timeStep,numberOfRobotsOnBlackSite,numberOfRobotsOnWhiteSite
10303,16,25
timeStep,numberOfRobotsOnBlackSite,numberOfRobotsOnWhiteSite
10304,16,25
timeStep,numberOfRobotsOnBlackSite,numberOfRobotsOnWhiteSite
10305,16,25
timeStep,numberOfRobotsOnBlackSite,numberOfRobotsOnWhiteSite
10306,16,25
timeStep,numberOfRobotsOnBlackSite,numberOfRobotsOnWhiteSite
10307,16,25
timeStep,numberOfRobotsOnBlackSite,numberOfRobotsOnWhiteSite
10308,16,25
timeStep,numberOfRobotsOnBlackSite,numberOfRobotsOnWhiteSite
10309,16,25
timeStep,numberOfRobotsOnBlackSite,numberOfRobotsOnWhiteSite
10310,16,26
timeStep,numberOfRobotsOnBlackSite,numberOfRobotsOnWhiteSite
10311,16,26
timeStep,numberOfRobotsOnBlackSite,numberOfRobotsOnWhiteSite
10312,16,26
timeStep,numberOfRobotsOnBlackSite,numberOfRobotsOnWhiteSite
10313,16,26
timeStep,numberOfRobotsOnBlackSite,numberOfRobotsOnWhiteSite
10314,16,26
timeStep,numberOfRobotsOnBlackSite,numberOfRobotsOnWhiteSite
10315,16,26
timeStep,numberOfRobotsOnBlackSite,numberOfRobotsOnWhiteSite
10316,16,26
timeStep,numberOfRobotsOnBlackSite,numberOfRobotsOnWhiteSite
10317,16,26
timeStep,numberOfRobotsOnBlackSite,numberOfRobotsOnWhiteSite
10318,16,26
timeStep,numberOfRobotsOnBlackSite,numberOfRobotsOnWhiteSite
10319,16,26
timeStep,numberOfRobotsOnBlackSite,numberOfRobotsOnWhiteSite
10320,16,26
timeStep,numberOfRobotsOnBlackSite,numberOfRobotsOnWhiteSite
10321,16,26
timeStep,numberOfRobotsOnBlackSite,numberOfRobotsOnWhiteSite
10322,16,26
timeStep,numberOfRobotsOnBlackSite,numberOfRobotsOnWhiteSite
10323,16,26
timeStep,numberOfRobotsOnBlackSite,numberOfRobotsOnWhiteSite
10324,16,26
timeStep,numberOfRobotsOnBlackSite,numberOfRobotsOnWhiteSite
10325,16,26
timeStep,numberOfRobotsOnBlackSite,numberOfRobotsOnWhiteSite
10326,16,26
timeStep,numberOfRobotsOnBlackSite,numberOfRobotsOnWhiteSite
10327,16,26
timeStep,numberOfRobotsOnBlackSite,numberOfRobotsOnWhiteSite
10328,16,26
timeStep,numberOfRobotsOnBlackSite,numberOfRobotsOnWhiteSite
10329,16,26
timeStep,numberOfRobotsOnBlackSite,numberOfRobotsOnWhiteSite
10330,16,26
timeStep,numberOfRobotsOnBlackSite,numberOfRobotsOnWhiteSite
10331,16,26
timeStep,numberOfRobotsOnBlackSite,numberOfRobotsOnWhiteSite
10332,16,26
timeStep,numberOfRobotsOnBlackSite,numberOfRobotsOnWhiteSite
10333,16,26
timeStep,numberOfRobotsOnBlackSite,numberOfRobotsOnWhiteSite
10334,16,26
timeStep,numberOfRobotsOnBlackSite,numberOfRobotsOnWhiteSite
10335,16,26
timeStep,numberOfRobotsOnBlackSite,numberOfRobotsOnWhiteSite
10336,16,26
timeStep,numberOfRobotsOnBlackSite,numberOfRobotsOnWhiteSite
10337,16,26
timeStep,numberOfRobotsOnBlackSite,numberOfRobotsOnWhiteSite
10338,16,26
timeStep,numberOfRobotsOnBlackSite,numberOfRobotsOnWhiteSite
10339,16,26
timeStep,numberOfRobotsOnBlackSite,numberOfRobotsOnWhiteSite
10340,16,26
timeStep,numberOfRobotsOnBlackSite,numberOfRobotsOnWhiteSite
10341,16,26
timeStep,numberOfRobotsOnBlackSite,numberOfRobotsOnWhiteSite
10342,16,26
timeStep,numberOfRobotsOnBlackSite,numberOfRobotsOnWhiteSite
10343,16,26
timeStep,numberOfRobotsOnBlackSite,numberOfRobotsOnWhiteSite
10344,16,26
timeStep,numberOfRobotsOnBlackSite,numberOfRobotsOnWhiteSite
10345,16,26
timeStep,numberOfRobotsOnBlackSite,numberOfRobotsOnWhiteSite
10346,16,26
timeStep,numberOfRobotsOnBlackSite,numberOfRobotsOnWhiteSite
10347,16,26
timeStep,numberOfRobotsOnBlackSite,numberOfRobotsOnWhiteSite
10348,16,26
timeStep,numberOfRobotsOnBlackSite,numberOfRobotsOnWhiteSite
10349,16,26
timeStep,numberOfRobotsOnBlackSite,numberOfRobotsOnWhiteSite
10350,16,25
timeStep,numberOfRobotsOnBlackSite,numberOfRobotsOnWhiteSite
10351,16,25
timeStep,numberOfRobotsOnBlackSite,numberOfRobotsOnWhiteSite
10352,16,25
timeStep,numberOfRobotsOnBlackSite,numberOfRobotsOnWhiteSite
10353,16,25
timeStep,numberOfRobotsOnBlackSite,numberOfRobotsOnWhiteSite
10354,16,25
timeStep,numberOfRobotsOnBlackSite,numberOfRobotsOnWhiteSite
10355,16,25
timeStep,numberOfRobotsOnBlackSite,numberOfRobotsOnWhiteSite
10356,16,25
timeStep,numberOfRobotsOnBlackSite,numberOfRobotsOnWhiteSite
10357,16,25
timeStep,numberOfRobotsOnBlackSite,numberOfRobotsOnWhiteSite
10358,16,25
timeStep,numberOfRobotsOnBlackSite,numberOfRobotsOnWhiteSite
10359,16,25
timeStep,numberOfRobotsOnBlackSite,numberOfRobotsOnWhiteSite
10360,16,25
timeStep,numberOfRobotsOnBlackSite,numberOfRobotsOnWhiteSite
10361,16,25
timeStep,numberOfRobotsOnBlackSite,numberOfRobotsOnWhiteSite
10362,16,25
timeStep,numberOfRobotsOnBlackSite,numberOfRobotsOnWhiteSite
10363,16,25
timeStep,numberOfRobotsOnBlackSite,numberOfRobotsOnWhiteSite
10364,16,25
timeStep,numberOfRobotsOnBlackSite,numberOfRobotsOnWhiteSite
10365,16,25
timeStep,numberOfRobotsOnBlackSite,numberOfRobotsOnWhiteSite
10366,16,25
timeStep,numberOfRobotsOnBlackSite,numberOfRobotsOnWhiteSite
10367,16,25
timeStep,numberOfRobotsOnBlackSite,numberOfRobotsOnWhiteSite
10368,16,25
timeStep,numberOfRobotsOnBlackSite,numberOfRobotsOnWhiteSite
10369,16,25
timeStep,numberOfRobotsOnBlackSite,numberOfRobotsOnWhiteSite
10370,16,25
timeStep,numberOfRobotsOnBlackSite,numberOfRobotsOnWhiteSite
10371,16,25
timeStep,numberOfRobotsOnBlackSite,numberOfRobotsOnWhiteSite
10372,16,25
timeStep,numberOfRobotsOnBlackSite,numberOfRobotsOnWhiteSite
10373,16,25
timeStep,numberOfRobotsOnBlackSite,numberOfRobotsOnWhiteSite
10374,16,25
timeStep,numberOfRobotsOnBlackSite,numberOfRobotsOnWhiteSite
10375,16,25
timeStep,numberOfRobotsOnBlackSite,numberOfRobotsOnWhiteSite
10376,16,25
timeStep,numberOfRobotsOnBlackSite,numberOfRobotsOnWhiteSite
10377,16,25
timeStep,numberOfRobotsOnBlackSite,numberOfRobotsOnWhiteSite
10378,16,25
timeStep,numberOfRobotsOnBlackSite,numberOfRobotsOnWhiteSite
10379,16,25
timeStep,numberOfRobotsOnBlackSite,numberOfRobotsOnWhiteSite
10380,16,25
timeStep,numberOfRobotsOnBlackSite,numberOfRobotsOnWhiteSite
10381,16,25
timeStep,numberOfRobotsOnBlackSite,numberOfRobotsOnWhiteSite
10382,16,25
timeStep,numberOfRobotsOnBlackSite,numberOfRobotsOnWhiteSite
10383,16,25
timeStep,numberOfRobotsOnBlackSite,numberOfRobotsOnWhiteSite
10384,16,25
timeStep,numberOfRobotsOnBlackSite,numberOfRobotsOnWhiteSite
10385,16,25
timeStep,numberOfRobotsOnBlackSite,numberOfRobotsOnWhiteSite
10386,16,25
timeStep,numberOfRobotsOnBlackSite,numberOfRobotsOnWhiteSite
10387,16,25
timeStep,numberOfRobotsOnBlackSite,numberOfRobotsOnWhiteSite
10388,16,25
timeStep,numberOfRobotsOnBlackSite,numberOfRobotsOnWhiteSite
10389,16,25
timeStep,numberOfRobotsOnBlackSite,numberOfRobotsOnWhiteSite
10390,16,25
timeStep,numberOfRobotsOnBlackSite,numberOfRobotsOnWhiteSite
10391,16,25
timeStep,numberOfRobotsOnBlackSite,numberOfRobotsOnWhiteSite
10392,16,25
timeStep,numberOfRobotsOnBlackSite,numberOfRobotsOnWhiteSite
10393,16,25
timeStep,numberOfRobotsOnBlackSite,numberOfRobotsOnWhiteSite
10394,16,25
timeStep,numberOfRobotsOnBlackSite,numberOfRobotsOnWhiteSite
10395,16,25
timeStep,numberOfRobotsOnBlackSite,numberOfRobotsOnWhiteSite
10396,16,25
timeStep,numberOfRobotsOnBlackSite,numberOfRobotsOnWhiteSite
10397,16,25
timeStep,numberOfRobotsOnBlackSite,numberOfRobotsOnWhiteSite
10398,16,25
timeStep,numberOfRobotsOnBlackSite,numberOfRobotsOnWhiteSite
10399,16,25
timeStep,numberOfRobotsOnBlackSite,numberOfRobotsOnWhiteSite
10400,16,25
timeStep,numberOfRobotsOnBlackSite,numberOfRobotsOnWhiteSite
10401,16,25
timeStep,numberOfRobotsOnBlackSite,numberOfRobotsOnWhiteSite
10402,16,25
timeStep,numberOfRobotsOnBlackSite,numberOfRobotsOnWhiteSite
10403,16,25
timeStep,numberOfRobotsOnBlackSite,numberOfRobotsOnWhiteSite
10404,16,25
timeStep,numberOfRobotsOnBlackSite,numberOfRobotsOnWhiteSite
10405,16,25
timeStep,numberOfRobotsOnBlackSite,numberOfRobotsOnWhiteSite
10406,16,25
timeStep,numberOfRobotsOnBlackSite,numberOfRobotsOnWhiteSite
10407,16,25
timeStep,numberOfRobotsOnBlackSite,numberOfRobotsOnWhiteSite
10408,16,25
timeStep,numberOfRobotsOnBlackSite,numberOfRobotsOnWhiteSite
10409,16,25
timeStep,numberOfRobotsOnBlackSite,numberOfRobotsOnWhiteSite
10410,16,25
timeStep,numberOfRobotsOnBlackSite,numberOfRobotsOnWhiteSite
10411,16,25
timeStep,numberOfRobotsOnBlackSite,numberOfRobotsOnWhiteSite
10412,16,25
timeStep,numberOfRobotsOnBlackSite,numberOfRobotsOnWhiteSite
10413,16,25
timeStep,numberOfRobotsOnBlackSite,numberOfRobotsOnWhiteSite
10414,16,25
timeStep,numberOfRobotsOnBlackSite,numberOfRobotsOnWhiteSite
10415,16,26
timeStep,numberOfRobotsOnBlackSite,numberOfRobotsOnWhiteSite
10416,16,26
timeStep,numberOfRobotsOnBlackSite,numberOfRobotsOnWhiteSite
10417,16,26
timeStep,numberOfRobotsOnBlackSite,numberOfRobotsOnWhiteSite
10418,16,26
timeStep,numberOfRobotsOnBlackSite,numberOfRobotsOnWhiteSite
10419,16,26
timeStep,numberOfRobotsOnBlackSite,numberOfRobotsOnWhiteSite
10420,16,26
timeStep,numberOfRobotsOnBlackSite,numberOfRobotsOnWhiteSite
10421,16,26
timeStep,numberOfRobotsOnBlackSite,numberOfRobotsOnWhiteSite
10422,16,26
timeStep,numberOfRobotsOnBlackSite,numberOfRobotsOnWhiteSite
10423,16,26
timeStep,numberOfRobotsOnBlackSite,numberOfRobotsOnWhiteSite
10424,16,26
timeStep,numberOfRobotsOnBlackSite,numberOfRobotsOnWhiteSite
10425,16,26
timeStep,numberOfRobotsOnBlackSite,numberOfRobotsOnWhiteSite
10426,16,26
timeStep,numberOfRobotsOnBlackSite,numberOfRobotsOnWhiteSite
10427,16,26
timeStep,numberOfRobotsOnBlackSite,numberOfRobotsOnWhiteSite
10428,16,26
timeStep,numberOfRobotsOnBlackSite,numberOfRobotsOnWhiteSite
10429,16,26
timeStep,numberOfRobotsOnBlackSite,numberOfRobotsOnWhiteSite
10430,16,25
timeStep,numberOfRobotsOnBlackSite,numberOfRobotsOnWhiteSite
10431,16,25
timeStep,numberOfRobotsOnBlackSite,numberOfRobotsOnWhiteSite
10432,16,25
timeStep,numberOfRobotsOnBlackSite,numberOfRobotsOnWhiteSite
10433,16,25
timeStep,numberOfRobotsOnBlackSite,numberOfRobotsOnWhiteSite
10434,16,25
timeStep,numberOfRobotsOnBlackSite,numberOfRobotsOnWhiteSite
10435,16,25
timeStep,numberOfRobotsOnBlackSite,numberOfRobotsOnWhiteSite
10436,16,25
timeStep,numberOfRobotsOnBlackSite,numberOfRobotsOnWhiteSite
10437,16,25
timeStep,numberOfRobotsOnBlackSite,numberOfRobotsOnWhiteSite
10438,16,25
timeStep,numberOfRobotsOnBlackSite,numberOfRobotsOnWhiteSite
10439,16,25
timeStep,numberOfRobotsOnBlackSite,numberOfRobotsOnWhiteSite
10440,16,25
timeStep,numberOfRobotsOnBlackSite,numberOfRobotsOnWhiteSite
10441,16,25
timeStep,numberOfRobotsOnBlackSite,numberOfRobotsOnWhiteSite
10442,16,25
timeStep,numberOfRobotsOnBlackSite,numberOfRobotsOnWhiteSite
10443,16,25
timeStep,numberOfRobotsOnBlackSite,numberOfRobotsOnWhiteSite
10444,16,25
timeStep,numberOfRobotsOnBlackSite,numberOfRobotsOnWhiteSite
10445,16,25
timeStep,numberOfRobotsOnBlackSite,numberOfRobotsOnWhiteSite
10446,16,25
timeStep,numberOfRobotsOnBlackSite,numberOfRobotsOnWhiteSite
10447,16,25
timeStep,numberOfRobotsOnBlackSite,numberOfRobotsOnWhiteSite
10448,16,25
timeStep,numberOfRobotsOnBlackSite,numberOfRobotsOnWhiteSite
10449,16,25
timeStep,numberOfRobotsOnBlackSite,numberOfRobotsOnWhiteSite
10450,16,25
timeStep,numberOfRobotsOnBlackSite,numberOfRobotsOnWhiteSite
10451,16,25
timeStep,numberOfRobotsOnBlackSite,numberOfRobotsOnWhiteSite
10452,16,25
timeStep,numberOfRobotsOnBlackSite,numberOfRobotsOnWhiteSite
10453,16,25
timeStep,numberOfRobotsOnBlackSite,numberOfRobotsOnWhiteSite
10454,16,25
timeStep,numberOfRobotsOnBlackSite,numberOfRobotsOnWhiteSite
10455,16,25
timeStep,numberOfRobotsOnBlackSite,numberOfRobotsOnWhiteSite
10456,16,25
timeStep,numberOfRobotsOnBlackSite,numberOfRobotsOnWhiteSite
10457,16,25
timeStep,numberOfRobotsOnBlackSite,numberOfRobotsOnWhiteSite
10458,16,25
timeStep,numberOfRobotsOnBlackSite,numberOfRobotsOnWhiteSite
10459,16,25
timeStep,numberOfRobotsOnBlackSite,numberOfRobotsOnWhiteSite
10460,16,25
timeStep,numberOfRobotsOnBlackSite,numberOfRobotsOnWhiteSite
10461,16,25
timeStep,numberOfRobotsOnBlackSite,numberOfRobotsOnWhiteSite
10462,16,25
timeStep,numberOfRobotsOnBlackSite,numberOfRobotsOnWhiteSite
10463,16,25
timeStep,numberOfRobotsOnBlackSite,numberOfRobotsOnWhiteSite
10464,16,25
timeStep,numberOfRobotsOnBlackSite,numberOfRobotsOnWhiteSite
10465,16,24
timeStep,numberOfRobotsOnBlackSite,numberOfRobotsOnWhiteSite
10466,16,24
timeStep,numberOfRobotsOnBlackSite,numberOfRobotsOnWhiteSite
10467,16,24
timeStep,numberOfRobotsOnBlackSite,numberOfRobotsOnWhiteSite
10468,16,24
timeStep,numberOfRobotsOnBlackSite,numberOfRobotsOnWhiteSite
10469,16,24
timeStep,numberOfRobotsOnBlackSite,numberOfRobotsOnWhiteSite
10470,16,25
timeStep,numberOfRobotsOnBlackSite,numberOfRobotsOnWhiteSite
10471,16,25
timeStep,numberOfRobotsOnBlackSite,numberOfRobotsOnWhiteSite
10472,16,25
timeStep,numberOfRobotsOnBlackSite,numberOfRobotsOnWhiteSite
10473,16,25
timeStep,numberOfRobotsOnBlackSite,numberOfRobotsOnWhiteSite
10474,16,25
timeStep,numberOfRobotsOnBlackSite,numberOfRobotsOnWhiteSite
10475,16,25
timeStep,numberOfRobotsOnBlackSite,numberOfRobotsOnWhiteSite
10476,16,25
timeStep,numberOfRobotsOnBlackSite,numberOfRobotsOnWhiteSite
10477,16,25
timeStep,numberOfRobotsOnBlackSite,numberOfRobotsOnWhiteSite
10478,16,25
timeStep,numberOfRobotsOnBlackSite,numberOfRobotsOnWhiteSite
10479,16,25
timeStep,numberOfRobotsOnBlackSite,numberOfRobotsOnWhiteSite
10480,16,25
timeStep,numberOfRobotsOnBlackSite,numberOfRobotsOnWhiteSite
10481,16,25
timeStep,numberOfRobotsOnBlackSite,numberOfRobotsOnWhiteSite
10482,16,25
timeStep,numberOfRobotsOnBlackSite,numberOfRobotsOnWhiteSite
10483,16,25
timeStep,numberOfRobotsOnBlackSite,numberOfRobotsOnWhiteSite
10484,16,25
timeStep,numberOfRobotsOnBlackSite,numberOfRobotsOnWhiteSite
10485,16,25
timeStep,numberOfRobotsOnBlackSite,numberOfRobotsOnWhiteSite
10486,16,25
timeStep,numberOfRobotsOnBlackSite,numberOfRobotsOnWhiteSite
10487,16,25
timeStep,numberOfRobotsOnBlackSite,numberOfRobotsOnWhiteSite
10488,16,25
timeStep,numberOfRobotsOnBlackSite,numberOfRobotsOnWhiteSite
10489,16,25
timeStep,numberOfRobotsOnBlackSite,numberOfRobotsOnWhiteSite
10490,16,25
timeStep,numberOfRobotsOnBlackSite,numberOfRobotsOnWhiteSite
10491,16,25
timeStep,numberOfRobotsOnBlackSite,numberOfRobotsOnWhiteSite
10492,16,25
timeStep,numberOfRobotsOnBlackSite,numberOfRobotsOnWhiteSite
10493,16,25
timeStep,numberOfRobotsOnBlackSite,numberOfRobotsOnWhiteSite
10494,16,25
timeStep,numberOfRobotsOnBlackSite,numberOfRobotsOnWhiteSite
10495,16,25
timeStep,numberOfRobotsOnBlackSite,numberOfRobotsOnWhiteSite
10496,16,25
timeStep,numberOfRobotsOnBlackSite,numberOfRobotsOnWhiteSite
10497,16,25
timeStep,numberOfRobotsOnBlackSite,numberOfRobotsOnWhiteSite
10498,16,25
timeStep,numberOfRobotsOnBlackSite,numberOfRobotsOnWhiteSite
10499,16,25
timeStep,numberOfRobotsOnBlackSite,numberOfRobotsOnWhiteSite
10500,16,25
timeStep,numberOfRobotsOnBlackSite,numberOfRobotsOnWhiteSite
10501,16,25
timeStep,numberOfRobotsOnBlackSite,numberOfRobotsOnWhiteSite
10502,16,25
timeStep,numberOfRobotsOnBlackSite,numberOfRobotsOnWhiteSite
10503,16,25
timeStep,numberOfRobotsOnBlackSite,numberOfRobotsOnWhiteSite
10504,16,25
timeStep,numberOfRobotsOnBlackSite,numberOfRobotsOnWhiteSite
10505,15,25
timeStep,numberOfRobotsOnBlackSite,numberOfRobotsOnWhiteSite
10506,15,25
timeStep,numberOfRobotsOnBlackSite,numberOfRobotsOnWhiteSite
10507,15,25
timeStep,numberOfRobotsOnBlackSite,numberOfRobotsOnWhiteSite
10508,15,25
timeStep,numberOfRobotsOnBlackSite,numberOfRobotsOnWhiteSite
10509,15,25
timeStep,numberOfRobotsOnBlackSite,numberOfRobotsOnWhiteSite
10510,15,25
timeStep,numberOfRobotsOnBlackSite,numberOfRobotsOnWhiteSite
10511,15,25
timeStep,numberOfRobotsOnBlackSite,numberOfRobotsOnWhiteSite
10512,15,25
timeStep,numberOfRobotsOnBlackSite,numberOfRobotsOnWhiteSite
10513,15,25
timeStep,numberOfRobotsOnBlackSite,numberOfRobotsOnWhiteSite
10514,15,25
timeStep,numberOfRobotsOnBlackSite,numberOfRobotsOnWhiteSite
10515,15,25
timeStep,numberOfRobotsOnBlackSite,numberOfRobotsOnWhiteSite
10516,15,25
timeStep,numberOfRobotsOnBlackSite,numberOfRobotsOnWhiteSite
10517,15,25
timeStep,numberOfRobotsOnBlackSite,numberOfRobotsOnWhiteSite
10518,15,25
timeStep,numberOfRobotsOnBlackSite,numberOfRobotsOnWhiteSite
10519,15,25
timeStep,numberOfRobotsOnBlackSite,numberOfRobotsOnWhiteSite
10520,15,25
timeStep,numberOfRobotsOnBlackSite,numberOfRobotsOnWhiteSite
10521,15,25
timeStep,numberOfRobotsOnBlackSite,numberOfRobotsOnWhiteSite
10522,15,25
timeStep,numberOfRobotsOnBlackSite,numberOfRobotsOnWhiteSite
10523,15,25
timeStep,numberOfRobotsOnBlackSite,numberOfRobotsOnWhiteSite
10524,15,25
timeStep,numberOfRobotsOnBlackSite,numberOfRobotsOnWhiteSite
10525,15,25
timeStep,numberOfRobotsOnBlackSite,numberOfRobotsOnWhiteSite
10526,15,25
timeStep,numberOfRobotsOnBlackSite,numberOfRobotsOnWhiteSite
10527,15,25
timeStep,numberOfRobotsOnBlackSite,numberOfRobotsOnWhiteSite
10528,15,25
timeStep,numberOfRobotsOnBlackSite,numberOfRobotsOnWhiteSite
10529,15,25
timeStep,numberOfRobotsOnBlackSite,numberOfRobotsOnWhiteSite
10530,15,24
timeStep,numberOfRobotsOnBlackSite,numberOfRobotsOnWhiteSite
10531,15,24
timeStep,numberOfRobotsOnBlackSite,numberOfRobotsOnWhiteSite
10532,15,24
timeStep,numberOfRobotsOnBlackSite,numberOfRobotsOnWhiteSite
10533,15,24
timeStep,numberOfRobotsOnBlackSite,numberOfRobotsOnWhiteSite
10534,15,24
timeStep,numberOfRobotsOnBlackSite,numberOfRobotsOnWhiteSite
10535,15,25
timeStep,numberOfRobotsOnBlackSite,numberOfRobotsOnWhiteSite
10536,15,25
timeStep,numberOfRobotsOnBlackSite,numberOfRobotsOnWhiteSite
10537,15,25
timeStep,numberOfRobotsOnBlackSite,numberOfRobotsOnWhiteSite
10538,15,25
timeStep,numberOfRobotsOnBlackSite,numberOfRobotsOnWhiteSite
10539,15,25
timeStep,numberOfRobotsOnBlackSite,numberOfRobotsOnWhiteSite
10540,16,24
timeStep,numberOfRobotsOnBlackSite,numberOfRobotsOnWhiteSite
10541,16,24
timeStep,numberOfRobotsOnBlackSite,numberOfRobotsOnWhiteSite
10542,16,24
timeStep,numberOfRobotsOnBlackSite,numberOfRobotsOnWhiteSite
10543,16,24
timeStep,numberOfRobotsOnBlackSite,numberOfRobotsOnWhiteSite
10544,16,24
timeStep,numberOfRobotsOnBlackSite,numberOfRobotsOnWhiteSite
10545,16,24
timeStep,numberOfRobotsOnBlackSite,numberOfRobotsOnWhiteSite
10546,16,24
timeStep,numberOfRobotsOnBlackSite,numberOfRobotsOnWhiteSite
10547,16,24
timeStep,numberOfRobotsOnBlackSite,numberOfRobotsOnWhiteSite
10548,16,24
timeStep,numberOfRobotsOnBlackSite,numberOfRobotsOnWhiteSite
10549,16,24
timeStep,numberOfRobotsOnBlackSite,numberOfRobotsOnWhiteSite
10550,16,23
timeStep,numberOfRobotsOnBlackSite,numberOfRobotsOnWhiteSite
10551,16,23
timeStep,numberOfRobotsOnBlackSite,numberOfRobotsOnWhiteSite
10552,16,23
timeStep,numberOfRobotsOnBlackSite,numberOfRobotsOnWhiteSite
10553,16,23
timeStep,numberOfRobotsOnBlackSite,numberOfRobotsOnWhiteSite
10554,16,23
timeStep,numberOfRobotsOnBlackSite,numberOfRobotsOnWhiteSite
10555,15,23
timeStep,numberOfRobotsOnBlackSite,numberOfRobotsOnWhiteSite
10556,15,23
timeStep,numberOfRobotsOnBlackSite,numberOfRobotsOnWhiteSite
10557,15,23
timeStep,numberOfRobotsOnBlackSite,numberOfRobotsOnWhiteSite
10558,15,23
timeStep,numberOfRobotsOnBlackSite,numberOfRobotsOnWhiteSite
10559,15,23
timeStep,numberOfRobotsOnBlackSite,numberOfRobotsOnWhiteSite
10560,15,23
timeStep,numberOfRobotsOnBlackSite,numberOfRobotsOnWhiteSite
10561,15,23
timeStep,numberOfRobotsOnBlackSite,numberOfRobotsOnWhiteSite
10562,15,23
timeStep,numberOfRobotsOnBlackSite,numberOfRobotsOnWhiteSite
10563,15,23
timeStep,numberOfRobotsOnBlackSite,numberOfRobotsOnWhiteSite
10564,15,23
timeStep,numberOfRobotsOnBlackSite,numberOfRobotsOnWhiteSite
10565,15,24
timeStep,numberOfRobotsOnBlackSite,numberOfRobotsOnWhiteSite
10566,15,24
timeStep,numberOfRobotsOnBlackSite,numberOfRobotsOnWhiteSite
10567,15,24
timeStep,numberOfRobotsOnBlackSite,numberOfRobotsOnWhiteSite
10568,15,24
timeStep,numberOfRobotsOnBlackSite,numberOfRobotsOnWhiteSite
10569,15,24
timeStep,numberOfRobotsOnBlackSite,numberOfRobotsOnWhiteSite
10570,16,24
timeStep,numberOfRobotsOnBlackSite,numberOfRobotsOnWhiteSite
10571,16,24
timeStep,numberOfRobotsOnBlackSite,numberOfRobotsOnWhiteSite
10572,16,24
timeStep,numberOfRobotsOnBlackSite,numberOfRobotsOnWhiteSite
10573,16,24
timeStep,numberOfRobotsOnBlackSite,numberOfRobotsOnWhiteSite
10574,16,24
timeStep,numberOfRobotsOnBlackSite,numberOfRobotsOnWhiteSite
10575,17,24
timeStep,numberOfRobotsOnBlackSite,numberOfRobotsOnWhiteSite
10576,17,24
timeStep,numberOfRobotsOnBlackSite,numberOfRobotsOnWhiteSite
10577,17,24
timeStep,numberOfRobotsOnBlackSite,numberOfRobotsOnWhiteSite
10578,17,24
timeStep,numberOfRobotsOnBlackSite,numberOfRobotsOnWhiteSite
10579,17,24
timeStep,numberOfRobotsOnBlackSite,numberOfRobotsOnWhiteSite
10580,17,24
timeStep,numberOfRobotsOnBlackSite,numberOfRobotsOnWhiteSite
10581,17,24
timeStep,numberOfRobotsOnBlackSite,numberOfRobotsOnWhiteSite
10582,17,24
timeStep,numberOfRobotsOnBlackSite,numberOfRobotsOnWhiteSite
10583,17,24
timeStep,numberOfRobotsOnBlackSite,numberOfRobotsOnWhiteSite
10584,17,24
timeStep,numberOfRobotsOnBlackSite,numberOfRobotsOnWhiteSite
10585,17,24
timeStep,numberOfRobotsOnBlackSite,numberOfRobotsOnWhiteSite
10586,17,24
timeStep,numberOfRobotsOnBlackSite,numberOfRobotsOnWhiteSite
10587,17,24
timeStep,numberOfRobotsOnBlackSite,numberOfRobotsOnWhiteSite
10588,17,24
timeStep,numberOfRobotsOnBlackSite,numberOfRobotsOnWhiteSite
10589,17,24
timeStep,numberOfRobotsOnBlackSite,numberOfRobotsOnWhiteSite
10590,17,24
timeStep,numberOfRobotsOnBlackSite,numberOfRobotsOnWhiteSite
10591,17,24
timeStep,numberOfRobotsOnBlackSite,numberOfRobotsOnWhiteSite
10592,17,24
timeStep,numberOfRobotsOnBlackSite,numberOfRobotsOnWhiteSite
10593,17,24
timeStep,numberOfRobotsOnBlackSite,numberOfRobotsOnWhiteSite
10594,17,24
timeStep,numberOfRobotsOnBlackSite,numberOfRobotsOnWhiteSite
10595,17,24
timeStep,numberOfRobotsOnBlackSite,numberOfRobotsOnWhiteSite
10596,17,24
timeStep,numberOfRobotsOnBlackSite,numberOfRobotsOnWhiteSite
10597,17,24
timeStep,numberOfRobotsOnBlackSite,numberOfRobotsOnWhiteSite
10598,17,24
timeStep,numberOfRobotsOnBlackSite,numberOfRobotsOnWhiteSite
10599,17,24
timeStep,numberOfRobotsOnBlackSite,numberOfRobotsOnWhiteSite
10600,17,24
timeStep,numberOfRobotsOnBlackSite,numberOfRobotsOnWhiteSite
10601,17,24
timeStep,numberOfRobotsOnBlackSite,numberOfRobotsOnWhiteSite
10602,17,24
timeStep,numberOfRobotsOnBlackSite,numberOfRobotsOnWhiteSite
10603,17,24
timeStep,numberOfRobotsOnBlackSite,numberOfRobotsOnWhiteSite
10604,17,24
timeStep,numberOfRobotsOnBlackSite,numberOfRobotsOnWhiteSite
10605,17,24
timeStep,numberOfRobotsOnBlackSite,numberOfRobotsOnWhiteSite
10606,17,24
timeStep,numberOfRobotsOnBlackSite,numberOfRobotsOnWhiteSite
10607,17,24
timeStep,numberOfRobotsOnBlackSite,numberOfRobotsOnWhiteSite
10608,17,24
timeStep,numberOfRobotsOnBlackSite,numberOfRobotsOnWhiteSite
10609,17,24
timeStep,numberOfRobotsOnBlackSite,numberOfRobotsOnWhiteSite
10610,17,24
timeStep,numberOfRobotsOnBlackSite,numberOfRobotsOnWhiteSite
10611,17,24
timeStep,numberOfRobotsOnBlackSite,numberOfRobotsOnWhiteSite
10612,17,24
timeStep,numberOfRobotsOnBlackSite,numberOfRobotsOnWhiteSite
10613,17,24
timeStep,numberOfRobotsOnBlackSite,numberOfRobotsOnWhiteSite
10614,17,24
timeStep,numberOfRobotsOnBlackSite,numberOfRobotsOnWhiteSite
10615,17,24
timeStep,numberOfRobotsOnBlackSite,numberOfRobotsOnWhiteSite
10616,17,24
timeStep,numberOfRobotsOnBlackSite,numberOfRobotsOnWhiteSite
10617,17,24
timeStep,numberOfRobotsOnBlackSite,numberOfRobotsOnWhiteSite
10618,17,24
timeStep,numberOfRobotsOnBlackSite,numberOfRobotsOnWhiteSite
10619,17,24
timeStep,numberOfRobotsOnBlackSite,numberOfRobotsOnWhiteSite
10620,17,24
timeStep,numberOfRobotsOnBlackSite,numberOfRobotsOnWhiteSite
10621,17,24
timeStep,numberOfRobotsOnBlackSite,numberOfRobotsOnWhiteSite
10622,17,24
timeStep,numberOfRobotsOnBlackSite,numberOfRobotsOnWhiteSite
10623,17,24
timeStep,numberOfRobotsOnBlackSite,numberOfRobotsOnWhiteSite
10624,17,24
timeStep,numberOfRobotsOnBlackSite,numberOfRobotsOnWhiteSite
10625,17,24
timeStep,numberOfRobotsOnBlackSite,numberOfRobotsOnWhiteSite
10626,17,24
timeStep,numberOfRobotsOnBlackSite,numberOfRobotsOnWhiteSite
10627,17,24
timeStep,numberOfRobotsOnBlackSite,numberOfRobotsOnWhiteSite
10628,17,24
timeStep,numberOfRobotsOnBlackSite,numberOfRobotsOnWhiteSite
10629,17,24
timeStep,numberOfRobotsOnBlackSite,numberOfRobotsOnWhiteSite
10630,17,25
timeStep,numberOfRobotsOnBlackSite,numberOfRobotsOnWhiteSite
10631,17,25
timeStep,numberOfRobotsOnBlackSite,numberOfRobotsOnWhiteSite
10632,17,25
timeStep,numberOfRobotsOnBlackSite,numberOfRobotsOnWhiteSite
10633,17,25
timeStep,numberOfRobotsOnBlackSite,numberOfRobotsOnWhiteSite
10634,17,25
timeStep,numberOfRobotsOnBlackSite,numberOfRobotsOnWhiteSite
10635,17,25
timeStep,numberOfRobotsOnBlackSite,numberOfRobotsOnWhiteSite
10636,17,25
timeStep,numberOfRobotsOnBlackSite,numberOfRobotsOnWhiteSite
10637,17,25
timeStep,numberOfRobotsOnBlackSite,numberOfRobotsOnWhiteSite
10638,17,25
timeStep,numberOfRobotsOnBlackSite,numberOfRobotsOnWhiteSite
10639,17,25
timeStep,numberOfRobotsOnBlackSite,numberOfRobotsOnWhiteSite
10640,17,25
timeStep,numberOfRobotsOnBlackSite,numberOfRobotsOnWhiteSite
10641,17,25
timeStep,numberOfRobotsOnBlackSite,numberOfRobotsOnWhiteSite
10642,17,25
timeStep,numberOfRobotsOnBlackSite,numberOfRobotsOnWhiteSite
10643,17,25
timeStep,numberOfRobotsOnBlackSite,numberOfRobotsOnWhiteSite
10644,17,25
timeStep,numberOfRobotsOnBlackSite,numberOfRobotsOnWhiteSite
10645,17,25
timeStep,numberOfRobotsOnBlackSite,numberOfRobotsOnWhiteSite
10646,17,25
timeStep,numberOfRobotsOnBlackSite,numberOfRobotsOnWhiteSite
10647,17,25
timeStep,numberOfRobotsOnBlackSite,numberOfRobotsOnWhiteSite
10648,17,25
timeStep,numberOfRobotsOnBlackSite,numberOfRobotsOnWhiteSite
10649,17,25
timeStep,numberOfRobotsOnBlackSite,numberOfRobotsOnWhiteSite
10650,17,25
timeStep,numberOfRobotsOnBlackSite,numberOfRobotsOnWhiteSite
10651,17,25
timeStep,numberOfRobotsOnBlackSite,numberOfRobotsOnWhiteSite
10652,17,25
timeStep,numberOfRobotsOnBlackSite,numberOfRobotsOnWhiteSite
10653,17,25
timeStep,numberOfRobotsOnBlackSite,numberOfRobotsOnWhiteSite
10654,17,25
timeStep,numberOfRobotsOnBlackSite,numberOfRobotsOnWhiteSite
10655,17,25
timeStep,numberOfRobotsOnBlackSite,numberOfRobotsOnWhiteSite
10656,17,25
timeStep,numberOfRobotsOnBlackSite,numberOfRobotsOnWhiteSite
10657,17,25
timeStep,numberOfRobotsOnBlackSite,numberOfRobotsOnWhiteSite
10658,17,25
timeStep,numberOfRobotsOnBlackSite,numberOfRobotsOnWhiteSite
10659,17,25
timeStep,numberOfRobotsOnBlackSite,numberOfRobotsOnWhiteSite
10660,17,25
timeStep,numberOfRobotsOnBlackSite,numberOfRobotsOnWhiteSite
10661,17,25
timeStep,numberOfRobotsOnBlackSite,numberOfRobotsOnWhiteSite
10662,17,25
timeStep,numberOfRobotsOnBlackSite,numberOfRobotsOnWhiteSite
10663,17,25
timeStep,numberOfRobotsOnBlackSite,numberOfRobotsOnWhiteSite
10664,17,25
timeStep,numberOfRobotsOnBlackSite,numberOfRobotsOnWhiteSite
10665,17,25
timeStep,numberOfRobotsOnBlackSite,numberOfRobotsOnWhiteSite
10666,17,25
timeStep,numberOfRobotsOnBlackSite,numberOfRobotsOnWhiteSite
10667,17,25
timeStep,numberOfRobotsOnBlackSite,numberOfRobotsOnWhiteSite
10668,17,25
timeStep,numberOfRobotsOnBlackSite,numberOfRobotsOnWhiteSite
10669,17,25
timeStep,numberOfRobotsOnBlackSite,numberOfRobotsOnWhiteSite
10670,17,25
timeStep,numberOfRobotsOnBlackSite,numberOfRobotsOnWhiteSite
10671,17,25
timeStep,numberOfRobotsOnBlackSite,numberOfRobotsOnWhiteSite
10672,17,25
timeStep,numberOfRobotsOnBlackSite,numberOfRobotsOnWhiteSite
10673,17,25
timeStep,numberOfRobotsOnBlackSite,numberOfRobotsOnWhiteSite
10674,17,25
timeStep,numberOfRobotsOnBlackSite,numberOfRobotsOnWhiteSite
10675,17,25
timeStep,numberOfRobotsOnBlackSite,numberOfRobotsOnWhiteSite
10676,17,25
timeStep,numberOfRobotsOnBlackSite,numberOfRobotsOnWhiteSite
10677,17,25
timeStep,numberOfRobotsOnBlackSite,numberOfRobotsOnWhiteSite
10678,17,25
timeStep,numberOfRobotsOnBlackSite,numberOfRobotsOnWhiteSite
10679,17,25
timeStep,numberOfRobotsOnBlackSite,numberOfRobotsOnWhiteSite
10680,17,25
timeStep,numberOfRobotsOnBlackSite,numberOfRobotsOnWhiteSite
10681,17,25
timeStep,numberOfRobotsOnBlackSite,numberOfRobotsOnWhiteSite
10682,17,25
timeStep,numberOfRobotsOnBlackSite,numberOfRobotsOnWhiteSite
10683,17,25
timeStep,numberOfRobotsOnBlackSite,numberOfRobotsOnWhiteSite
10684,17,25
timeStep,numberOfRobotsOnBlackSite,numberOfRobotsOnWhiteSite
10685,17,25
timeStep,numberOfRobotsOnBlackSite,numberOfRobotsOnWhiteSite
10686,17,25
timeStep,numberOfRobotsOnBlackSite,numberOfRobotsOnWhiteSite
10687,17,25
timeStep,numberOfRobotsOnBlackSite,numberOfRobotsOnWhiteSite
10688,17,25
timeStep,numberOfRobotsOnBlackSite,numberOfRobotsOnWhiteSite
10689,17,25
timeStep,numberOfRobotsOnBlackSite,numberOfRobotsOnWhiteSite
10690,17,26
timeStep,numberOfRobotsOnBlackSite,numberOfRobotsOnWhiteSite
10691,17,26
timeStep,numberOfRobotsOnBlackSite,numberOfRobotsOnWhiteSite
10692,17,26
timeStep,numberOfRobotsOnBlackSite,numberOfRobotsOnWhiteSite
10693,17,26
timeStep,numberOfRobotsOnBlackSite,numberOfRobotsOnWhiteSite
10694,17,26
timeStep,numberOfRobotsOnBlackSite,numberOfRobotsOnWhiteSite
10695,17,27
timeStep,numberOfRobotsOnBlackSite,numberOfRobotsOnWhiteSite
10696,17,27
timeStep,numberOfRobotsOnBlackSite,numberOfRobotsOnWhiteSite
10697,17,27
timeStep,numberOfRobotsOnBlackSite,numberOfRobotsOnWhiteSite
10698,17,27
timeStep,numberOfRobotsOnBlackSite,numberOfRobotsOnWhiteSite
10699,17,27
timeStep,numberOfRobotsOnBlackSite,numberOfRobotsOnWhiteSite
10700,17,27
timeStep,numberOfRobotsOnBlackSite,numberOfRobotsOnWhiteSite
10701,17,27
timeStep,numberOfRobotsOnBlackSite,numberOfRobotsOnWhiteSite
10702,17,27
timeStep,numberOfRobotsOnBlackSite,numberOfRobotsOnWhiteSite
10703,17,27
timeStep,numberOfRobotsOnBlackSite,numberOfRobotsOnWhiteSite
10704,17,27
timeStep,numberOfRobotsOnBlackSite,numberOfRobotsOnWhiteSite
10705,17,27
timeStep,numberOfRobotsOnBlackSite,numberOfRobotsOnWhiteSite
10706,17,27
timeStep,numberOfRobotsOnBlackSite,numberOfRobotsOnWhiteSite
10707,17,27
timeStep,numberOfRobotsOnBlackSite,numberOfRobotsOnWhiteSite
10708,17,27
timeStep,numberOfRobotsOnBlackSite,numberOfRobotsOnWhiteSite
10709,17,27
timeStep,numberOfRobotsOnBlackSite,numberOfRobotsOnWhiteSite
10710,17,26
timeStep,numberOfRobotsOnBlackSite,numberOfRobotsOnWhiteSite
10711,17,26
timeStep,numberOfRobotsOnBlackSite,numberOfRobotsOnWhiteSite
10712,17,26
timeStep,numberOfRobotsOnBlackSite,numberOfRobotsOnWhiteSite
10713,17,26
timeStep,numberOfRobotsOnBlackSite,numberOfRobotsOnWhiteSite
10714,17,26
timeStep,numberOfRobotsOnBlackSite,numberOfRobotsOnWhiteSite
10715,17,26
timeStep,numberOfRobotsOnBlackSite,numberOfRobotsOnWhiteSite
10716,17,26
timeStep,numberOfRobotsOnBlackSite,numberOfRobotsOnWhiteSite
10717,17,26
timeStep,numberOfRobotsOnBlackSite,numberOfRobotsOnWhiteSite
10718,17,26
timeStep,numberOfRobotsOnBlackSite,numberOfRobotsOnWhiteSite
10719,17,26
timeStep,numberOfRobotsOnBlackSite,numberOfRobotsOnWhiteSite
10720,16,26
timeStep,numberOfRobotsOnBlackSite,numberOfRobotsOnWhiteSite
10721,16,26
timeStep,numberOfRobotsOnBlackSite,numberOfRobotsOnWhiteSite
10722,16,26
timeStep,numberOfRobotsOnBlackSite,numberOfRobotsOnWhiteSite
10723,16,26
timeStep,numberOfRobotsOnBlackSite,numberOfRobotsOnWhiteSite
10724,16,26
timeStep,numberOfRobotsOnBlackSite,numberOfRobotsOnWhiteSite
10725,16,26
timeStep,numberOfRobotsOnBlackSite,numberOfRobotsOnWhiteSite
10726,16,26
timeStep,numberOfRobotsOnBlackSite,numberOfRobotsOnWhiteSite
10727,16,26
timeStep,numberOfRobotsOnBlackSite,numberOfRobotsOnWhiteSite
10728,16,26
timeStep,numberOfRobotsOnBlackSite,numberOfRobotsOnWhiteSite
10729,16,26
timeStep,numberOfRobotsOnBlackSite,numberOfRobotsOnWhiteSite
10730,16,26
timeStep,numberOfRobotsOnBlackSite,numberOfRobotsOnWhiteSite
10731,16,26
timeStep,numberOfRobotsOnBlackSite,numberOfRobotsOnWhiteSite
10732,16,26
timeStep,numberOfRobotsOnBlackSite,numberOfRobotsOnWhiteSite
10733,16,26
timeStep,numberOfRobotsOnBlackSite,numberOfRobotsOnWhiteSite
10734,16,26
timeStep,numberOfRobotsOnBlackSite,numberOfRobotsOnWhiteSite
10735,16,26
timeStep,numberOfRobotsOnBlackSite,numberOfRobotsOnWhiteSite
10736,16,26
timeStep,numberOfRobotsOnBlackSite,numberOfRobotsOnWhiteSite
10737,16,26
timeStep,numberOfRobotsOnBlackSite,numberOfRobotsOnWhiteSite
10738,16,26
timeStep,numberOfRobotsOnBlackSite,numberOfRobotsOnWhiteSite
10739,16,26
timeStep,numberOfRobotsOnBlackSite,numberOfRobotsOnWhiteSite
10740,16,26
timeStep,numberOfRobotsOnBlackSite,numberOfRobotsOnWhiteSite
10741,16,26
timeStep,numberOfRobotsOnBlackSite,numberOfRobotsOnWhiteSite
10742,16,26
timeStep,numberOfRobotsOnBlackSite,numberOfRobotsOnWhiteSite
10743,16,26
timeStep,numberOfRobotsOnBlackSite,numberOfRobotsOnWhiteSite
10744,16,26
timeStep,numberOfRobotsOnBlackSite,numberOfRobotsOnWhiteSite
10745,16,26
timeStep,numberOfRobotsOnBlackSite,numberOfRobotsOnWhiteSite
10746,16,26
timeStep,numberOfRobotsOnBlackSite,numberOfRobotsOnWhiteSite
10747,16,26
timeStep,numberOfRobotsOnBlackSite,numberOfRobotsOnWhiteSite
10748,16,26
timeStep,numberOfRobotsOnBlackSite,numberOfRobotsOnWhiteSite
10749,16,26
timeStep,numberOfRobotsOnBlackSite,numberOfRobotsOnWhiteSite
10750,16,26
timeStep,numberOfRobotsOnBlackSite,numberOfRobotsOnWhiteSite
10751,16,26
timeStep,numberOfRobotsOnBlackSite,numberOfRobotsOnWhiteSite
10752,16,26
timeStep,numberOfRobotsOnBlackSite,numberOfRobotsOnWhiteSite
10753,16,26
timeStep,numberOfRobotsOnBlackSite,numberOfRobotsOnWhiteSite
10754,16,26
timeStep,numberOfRobotsOnBlackSite,numberOfRobotsOnWhiteSite
10755,16,26
timeStep,numberOfRobotsOnBlackSite,numberOfRobotsOnWhiteSite
10756,16,26
timeStep,numberOfRobotsOnBlackSite,numberOfRobotsOnWhiteSite
10757,16,26
timeStep,numberOfRobotsOnBlackSite,numberOfRobotsOnWhiteSite
10758,16,26
timeStep,numberOfRobotsOnBlackSite,numberOfRobotsOnWhiteSite
10759,16,26
timeStep,numberOfRobotsOnBlackSite,numberOfRobotsOnWhiteSite
10760,16,26
timeStep,numberOfRobotsOnBlackSite,numberOfRobotsOnWhiteSite
10761,16,26
timeStep,numberOfRobotsOnBlackSite,numberOfRobotsOnWhiteSite
10762,16,26
timeStep,numberOfRobotsOnBlackSite,numberOfRobotsOnWhiteSite
10763,16,26
timeStep,numberOfRobotsOnBlackSite,numberOfRobotsOnWhiteSite
10764,16,26
timeStep,numberOfRobotsOnBlackSite,numberOfRobotsOnWhiteSite
10765,16,26
timeStep,numberOfRobotsOnBlackSite,numberOfRobotsOnWhiteSite
10766,16,26
timeStep,numberOfRobotsOnBlackSite,numberOfRobotsOnWhiteSite
10767,16,26
timeStep,numberOfRobotsOnBlackSite,numberOfRobotsOnWhiteSite
10768,16,26
timeStep,numberOfRobotsOnBlackSite,numberOfRobotsOnWhiteSite
10769,16,26
timeStep,numberOfRobotsOnBlackSite,numberOfRobotsOnWhiteSite
10770,16,26
timeStep,numberOfRobotsOnBlackSite,numberOfRobotsOnWhiteSite
10771,16,26
timeStep,numberOfRobotsOnBlackSite,numberOfRobotsOnWhiteSite
10772,16,26
timeStep,numberOfRobotsOnBlackSite,numberOfRobotsOnWhiteSite
10773,16,26
timeStep,numberOfRobotsOnBlackSite,numberOfRobotsOnWhiteSite
10774,16,26
timeStep,numberOfRobotsOnBlackSite,numberOfRobotsOnWhiteSite
10775,16,27
timeStep,numberOfRobotsOnBlackSite,numberOfRobotsOnWhiteSite
10776,16,27
timeStep,numberOfRobotsOnBlackSite,numberOfRobotsOnWhiteSite
10777,16,27
timeStep,numberOfRobotsOnBlackSite,numberOfRobotsOnWhiteSite
10778,16,27
timeStep,numberOfRobotsOnBlackSite,numberOfRobotsOnWhiteSite
10779,16,27
timeStep,numberOfRobotsOnBlackSite,numberOfRobotsOnWhiteSite
10780,16,27
timeStep,numberOfRobotsOnBlackSite,numberOfRobotsOnWhiteSite
10781,16,27
timeStep,numberOfRobotsOnBlackSite,numberOfRobotsOnWhiteSite
10782,16,27
timeStep,numberOfRobotsOnBlackSite,numberOfRobotsOnWhiteSite
10783,16,27
timeStep,numberOfRobotsOnBlackSite,numberOfRobotsOnWhiteSite
10784,16,27
timeStep,numberOfRobotsOnBlackSite,numberOfRobotsOnWhiteSite
10785,16,27
timeStep,numberOfRobotsOnBlackSite,numberOfRobotsOnWhiteSite
10786,16,27
timeStep,numberOfRobotsOnBlackSite,numberOfRobotsOnWhiteSite
10787,16,27
timeStep,numberOfRobotsOnBlackSite,numberOfRobotsOnWhiteSite
10788,16,27
timeStep,numberOfRobotsOnBlackSite,numberOfRobotsOnWhiteSite
10789,16,27
timeStep,numberOfRobotsOnBlackSite,numberOfRobotsOnWhiteSite
10790,16,27
timeStep,numberOfRobotsOnBlackSite,numberOfRobotsOnWhiteSite
10791,16,27
timeStep,numberOfRobotsOnBlackSite,numberOfRobotsOnWhiteSite
10792,16,27
timeStep,numberOfRobotsOnBlackSite,numberOfRobotsOnWhiteSite
10793,16,27
timeStep,numberOfRobotsOnBlackSite,numberOfRobotsOnWhiteSite
10794,16,27
timeStep,numberOfRobotsOnBlackSite,numberOfRobotsOnWhiteSite
10795,16,27
timeStep,numberOfRobotsOnBlackSite,numberOfRobotsOnWhiteSite
10796,16,27
timeStep,numberOfRobotsOnBlackSite,numberOfRobotsOnWhiteSite
10797,16,27
timeStep,numberOfRobotsOnBlackSite,numberOfRobotsOnWhiteSite
10798,16,27
timeStep,numberOfRobotsOnBlackSite,numberOfRobotsOnWhiteSite
10799,16,27
timeStep,numberOfRobotsOnBlackSite,numberOfRobotsOnWhiteSite
10800,16,28
timeStep,numberOfRobotsOnBlackSite,numberOfRobotsOnWhiteSite
10801,16,28
timeStep,numberOfRobotsOnBlackSite,numberOfRobotsOnWhiteSite
10802,16,28
timeStep,numberOfRobotsOnBlackSite,numberOfRobotsOnWhiteSite
10803,16,28
timeStep,numberOfRobotsOnBlackSite,numberOfRobotsOnWhiteSite
10804,16,28
timeStep,numberOfRobotsOnBlackSite,numberOfRobotsOnWhiteSite
10805,16,28
timeStep,numberOfRobotsOnBlackSite,numberOfRobotsOnWhiteSite
10806,16,28
timeStep,numberOfRobotsOnBlackSite,numberOfRobotsOnWhiteSite
10807,16,28
timeStep,numberOfRobotsOnBlackSite,numberOfRobotsOnWhiteSite
10808,16,28
timeStep,numberOfRobotsOnBlackSite,numberOfRobotsOnWhiteSite
10809,16,28
timeStep,numberOfRobotsOnBlackSite,numberOfRobotsOnWhiteSite
10810,16,28
timeStep,numberOfRobotsOnBlackSite,numberOfRobotsOnWhiteSite
10811,16,28
timeStep,numberOfRobotsOnBlackSite,numberOfRobotsOnWhiteSite
10812,16,28
timeStep,numberOfRobotsOnBlackSite,numberOfRobotsOnWhiteSite
10813,16,28
timeStep,numberOfRobotsOnBlackSite,numberOfRobotsOnWhiteSite
10814,16,28
timeStep,numberOfRobotsOnBlackSite,numberOfRobotsOnWhiteSite
10815,16,28
timeStep,numberOfRobotsOnBlackSite,numberOfRobotsOnWhiteSite
10816,16,28
timeStep,numberOfRobotsOnBlackSite,numberOfRobotsOnWhiteSite
10817,16,28
timeStep,numberOfRobotsOnBlackSite,numberOfRobotsOnWhiteSite
10818,16,28
timeStep,numberOfRobotsOnBlackSite,numberOfRobotsOnWhiteSite
10819,16,28
timeStep,numberOfRobotsOnBlackSite,numberOfRobotsOnWhiteSite
10820,16,27
timeStep,numberOfRobotsOnBlackSite,numberOfRobotsOnWhiteSite
10821,16,27
timeStep,numberOfRobotsOnBlackSite,numberOfRobotsOnWhiteSite
10822,16,27
timeStep,numberOfRobotsOnBlackSite,numberOfRobotsOnWhiteSite
10823,16,27
timeStep,numberOfRobotsOnBlackSite,numberOfRobotsOnWhiteSite
10824,16,27
timeStep,numberOfRobotsOnBlackSite,numberOfRobotsOnWhiteSite
10825,16,26
timeStep,numberOfRobotsOnBlackSite,numberOfRobotsOnWhiteSite
10826,16,26
timeStep,numberOfRobotsOnBlackSite,numberOfRobotsOnWhiteSite
10827,16,26
timeStep,numberOfRobotsOnBlackSite,numberOfRobotsOnWhiteSite
10828,16,26
timeStep,numberOfRobotsOnBlackSite,numberOfRobotsOnWhiteSite
10829,16,26
timeStep,numberOfRobotsOnBlackSite,numberOfRobotsOnWhiteSite
10830,16,26
timeStep,numberOfRobotsOnBlackSite,numberOfRobotsOnWhiteSite
10831,16,26
timeStep,numberOfRobotsOnBlackSite,numberOfRobotsOnWhiteSite
10832,16,26
timeStep,numberOfRobotsOnBlackSite,numberOfRobotsOnWhiteSite
10833,16,26
timeStep,numberOfRobotsOnBlackSite,numberOfRobotsOnWhiteSite
10834,16,26
timeStep,numberOfRobotsOnBlackSite,numberOfRobotsOnWhiteSite
10835,16,26
timeStep,numberOfRobotsOnBlackSite,numberOfRobotsOnWhiteSite
10836,16,26
timeStep,numberOfRobotsOnBlackSite,numberOfRobotsOnWhiteSite
10837,16,26
timeStep,numberOfRobotsOnBlackSite,numberOfRobotsOnWhiteSite
10838,16,26
timeStep,numberOfRobotsOnBlackSite,numberOfRobotsOnWhiteSite
10839,16,26
timeStep,numberOfRobotsOnBlackSite,numberOfRobotsOnWhiteSite
10840,16,26
timeStep,numberOfRobotsOnBlackSite,numberOfRobotsOnWhiteSite
10841,16,26
timeStep,numberOfRobotsOnBlackSite,numberOfRobotsOnWhiteSite
10842,16,26
timeStep,numberOfRobotsOnBlackSite,numberOfRobotsOnWhiteSite
10843,16,26
timeStep,numberOfRobotsOnBlackSite,numberOfRobotsOnWhiteSite
10844,16,26
timeStep,numberOfRobotsOnBlackSite,numberOfRobotsOnWhiteSite
10845,16,26
timeStep,numberOfRobotsOnBlackSite,numberOfRobotsOnWhiteSite
10846,16,26
timeStep,numberOfRobotsOnBlackSite,numberOfRobotsOnWhiteSite
10847,16,26
timeStep,numberOfRobotsOnBlackSite,numberOfRobotsOnWhiteSite
10848,16,26
timeStep,numberOfRobotsOnBlackSite,numberOfRobotsOnWhiteSite
10849,16,26
timeStep,numberOfRobotsOnBlackSite,numberOfRobotsOnWhiteSite
10850,16,26
timeStep,numberOfRobotsOnBlackSite,numberOfRobotsOnWhiteSite
10851,16,26
timeStep,numberOfRobotsOnBlackSite,numberOfRobotsOnWhiteSite
10852,16,26
timeStep,numberOfRobotsOnBlackSite,numberOfRobotsOnWhiteSite
10853,16,26
timeStep,numberOfRobotsOnBlackSite,numberOfRobotsOnWhiteSite
10854,16,26
timeStep,numberOfRobotsOnBlackSite,numberOfRobotsOnWhiteSite
10855,16,26
timeStep,numberOfRobotsOnBlackSite,numberOfRobotsOnWhiteSite
10856,16,26
timeStep,numberOfRobotsOnBlackSite,numberOfRobotsOnWhiteSite
10857,16,26
timeStep,numberOfRobotsOnBlackSite,numberOfRobotsOnWhiteSite
10858,16,26
timeStep,numberOfRobotsOnBlackSite,numberOfRobotsOnWhiteSite
10859,16,26
timeStep,numberOfRobotsOnBlackSite,numberOfRobotsOnWhiteSite
10860,16,26
timeStep,numberOfRobotsOnBlackSite,numberOfRobotsOnWhiteSite
10861,16,26
timeStep,numberOfRobotsOnBlackSite,numberOfRobotsOnWhiteSite
10862,16,26
timeStep,numberOfRobotsOnBlackSite,numberOfRobotsOnWhiteSite
10863,16,26
timeStep,numberOfRobotsOnBlackSite,numberOfRobotsOnWhiteSite
10864,16,26
timeStep,numberOfRobotsOnBlackSite,numberOfRobotsOnWhiteSite
10865,16,27
timeStep,numberOfRobotsOnBlackSite,numberOfRobotsOnWhiteSite
10866,16,27
timeStep,numberOfRobotsOnBlackSite,numberOfRobotsOnWhiteSite
10867,16,27
timeStep,numberOfRobotsOnBlackSite,numberOfRobotsOnWhiteSite
10868,16,27
timeStep,numberOfRobotsOnBlackSite,numberOfRobotsOnWhiteSite
10869,16,27
timeStep,numberOfRobotsOnBlackSite,numberOfRobotsOnWhiteSite
10870,16,26
timeStep,numberOfRobotsOnBlackSite,numberOfRobotsOnWhiteSite
10871,16,26
timeStep,numberOfRobotsOnBlackSite,numberOfRobotsOnWhiteSite
10872,16,26
timeStep,numberOfRobotsOnBlackSite,numberOfRobotsOnWhiteSite
10873,16,26
timeStep,numberOfRobotsOnBlackSite,numberOfRobotsOnWhiteSite
10874,16,26
timeStep,numberOfRobotsOnBlackSite,numberOfRobotsOnWhiteSite
10875,16,26
timeStep,numberOfRobotsOnBlackSite,numberOfRobotsOnWhiteSite
10876,16,26
timeStep,numberOfRobotsOnBlackSite,numberOfRobotsOnWhiteSite
10877,16,26
timeStep,numberOfRobotsOnBlackSite,numberOfRobotsOnWhiteSite
10878,16,26
timeStep,numberOfRobotsOnBlackSite,numberOfRobotsOnWhiteSite
10879,16,26
timeStep,numberOfRobotsOnBlackSite,numberOfRobotsOnWhiteSite
10880,17,26
timeStep,numberOfRobotsOnBlackSite,numberOfRobotsOnWhiteSite
10881,17,26
timeStep,numberOfRobotsOnBlackSite,numberOfRobotsOnWhiteSite
10882,17,26
timeStep,numberOfRobotsOnBlackSite,numberOfRobotsOnWhiteSite
10883,17,26
timeStep,numberOfRobotsOnBlackSite,numberOfRobotsOnWhiteSite
10884,17,26
timeStep,numberOfRobotsOnBlackSite,numberOfRobotsOnWhiteSite
10885,18,26
timeStep,numberOfRobotsOnBlackSite,numberOfRobotsOnWhiteSite
10886,18,26
timeStep,numberOfRobotsOnBlackSite,numberOfRobotsOnWhiteSite
10887,18,26
timeStep,numberOfRobotsOnBlackSite,numberOfRobotsOnWhiteSite
10888,18,26
timeStep,numberOfRobotsOnBlackSite,numberOfRobotsOnWhiteSite
10889,18,26
timeStep,numberOfRobotsOnBlackSite,numberOfRobotsOnWhiteSite
10890,18,26
timeStep,numberOfRobotsOnBlackSite,numberOfRobotsOnWhiteSite
10891,18,26
timeStep,numberOfRobotsOnBlackSite,numberOfRobotsOnWhiteSite
10892,18,26
timeStep,numberOfRobotsOnBlackSite,numberOfRobotsOnWhiteSite
10893,18,26
timeStep,numberOfRobotsOnBlackSite,numberOfRobotsOnWhiteSite
10894,18,26
timeStep,numberOfRobotsOnBlackSite,numberOfRobotsOnWhiteSite
10895,18,26
timeStep,numberOfRobotsOnBlackSite,numberOfRobotsOnWhiteSite
10896,18,26
timeStep,numberOfRobotsOnBlackSite,numberOfRobotsOnWhiteSite
10897,18,26
timeStep,numberOfRobotsOnBlackSite,numberOfRobotsOnWhiteSite
10898,18,26
timeStep,numberOfRobotsOnBlackSite,numberOfRobotsOnWhiteSite
10899,18,26
timeStep,numberOfRobotsOnBlackSite,numberOfRobotsOnWhiteSite
10900,18,26
timeStep,numberOfRobotsOnBlackSite,numberOfRobotsOnWhiteSite
10901,18,26
timeStep,numberOfRobotsOnBlackSite,numberOfRobotsOnWhiteSite
10902,18,26
timeStep,numberOfRobotsOnBlackSite,numberOfRobotsOnWhiteSite
10903,18,26
timeStep,numberOfRobotsOnBlackSite,numberOfRobotsOnWhiteSite
10904,18,26
timeStep,numberOfRobotsOnBlackSite,numberOfRobotsOnWhiteSite
10905,18,26
timeStep,numberOfRobotsOnBlackSite,numberOfRobotsOnWhiteSite
10906,18,26
timeStep,numberOfRobotsOnBlackSite,numberOfRobotsOnWhiteSite
10907,18,26
timeStep,numberOfRobotsOnBlackSite,numberOfRobotsOnWhiteSite
10908,18,26
timeStep,numberOfRobotsOnBlackSite,numberOfRobotsOnWhiteSite
10909,18,26
timeStep,numberOfRobotsOnBlackSite,numberOfRobotsOnWhiteSite
10910,18,26
timeStep,numberOfRobotsOnBlackSite,numberOfRobotsOnWhiteSite
10911,18,26
timeStep,numberOfRobotsOnBlackSite,numberOfRobotsOnWhiteSite
10912,18,26
timeStep,numberOfRobotsOnBlackSite,numberOfRobotsOnWhiteSite
10913,18,26
timeStep,numberOfRobotsOnBlackSite,numberOfRobotsOnWhiteSite
10914,18,26
timeStep,numberOfRobotsOnBlackSite,numberOfRobotsOnWhiteSite
10915,18,26
timeStep,numberOfRobotsOnBlackSite,numberOfRobotsOnWhiteSite
10916,18,26
timeStep,numberOfRobotsOnBlackSite,numberOfRobotsOnWhiteSite
10917,18,26
timeStep,numberOfRobotsOnBlackSite,numberOfRobotsOnWhiteSite
10918,18,26
timeStep,numberOfRobotsOnBlackSite,numberOfRobotsOnWhiteSite
10919,18,26
timeStep,numberOfRobotsOnBlackSite,numberOfRobotsOnWhiteSite
10920,18,27
timeStep,numberOfRobotsOnBlackSite,numberOfRobotsOnWhiteSite
10921,18,27
timeStep,numberOfRobotsOnBlackSite,numberOfRobotsOnWhiteSite
10922,18,27
timeStep,numberOfRobotsOnBlackSite,numberOfRobotsOnWhiteSite
10923,18,27
timeStep,numberOfRobotsOnBlackSite,numberOfRobotsOnWhiteSite
10924,18,27
timeStep,numberOfRobotsOnBlackSite,numberOfRobotsOnWhiteSite
10925,18,27
timeStep,numberOfRobotsOnBlackSite,numberOfRobotsOnWhiteSite
10926,18,27
timeStep,numberOfRobotsOnBlackSite,numberOfRobotsOnWhiteSite
10927,18,27
timeStep,numberOfRobotsOnBlackSite,numberOfRobotsOnWhiteSite
10928,18,27
timeStep,numberOfRobotsOnBlackSite,numberOfRobotsOnWhiteSite
10929,18,27
timeStep,numberOfRobotsOnBlackSite,numberOfRobotsOnWhiteSite
10930,18,28
timeStep,numberOfRobotsOnBlackSite,numberOfRobotsOnWhiteSite
10931,18,28
timeStep,numberOfRobotsOnBlackSite,numberOfRobotsOnWhiteSite
10932,18,28
timeStep,numberOfRobotsOnBlackSite,numberOfRobotsOnWhiteSite
10933,18,28
timeStep,numberOfRobotsOnBlackSite,numberOfRobotsOnWhiteSite
10934,18,28
timeStep,numberOfRobotsOnBlackSite,numberOfRobotsOnWhiteSite
10935,18,28
timeStep,numberOfRobotsOnBlackSite,numberOfRobotsOnWhiteSite
10936,18,28
timeStep,numberOfRobotsOnBlackSite,numberOfRobotsOnWhiteSite
10937,18,28
timeStep,numberOfRobotsOnBlackSite,numberOfRobotsOnWhiteSite
10938,18,28
timeStep,numberOfRobotsOnBlackSite,numberOfRobotsOnWhiteSite
10939,18,28
timeStep,numberOfRobotsOnBlackSite,numberOfRobotsOnWhiteSite
10940,18,28
timeStep,numberOfRobotsOnBlackSite,numberOfRobotsOnWhiteSite
10941,18,28
timeStep,numberOfRobotsOnBlackSite,numberOfRobotsOnWhiteSite
10942,18,28
timeStep,numberOfRobotsOnBlackSite,numberOfRobotsOnWhiteSite
10943,18,28
timeStep,numberOfRobotsOnBlackSite,numberOfRobotsOnWhiteSite
10944,18,28
timeStep,numberOfRobotsOnBlackSite,numberOfRobotsOnWhiteSite
10945,18,28
timeStep,numberOfRobotsOnBlackSite,numberOfRobotsOnWhiteSite
10946,18,28
timeStep,numberOfRobotsOnBlackSite,numberOfRobotsOnWhiteSite
10947,18,28
timeStep,numberOfRobotsOnBlackSite,numberOfRobotsOnWhiteSite
10948,18,28
timeStep,numberOfRobotsOnBlackSite,numberOfRobotsOnWhiteSite
10949,18,28
timeStep,numberOfRobotsOnBlackSite,numberOfRobotsOnWhiteSite
10950,18,28
timeStep,numberOfRobotsOnBlackSite,numberOfRobotsOnWhiteSite
10951,18,28
timeStep,numberOfRobotsOnBlackSite,numberOfRobotsOnWhiteSite
10952,18,28
timeStep,numberOfRobotsOnBlackSite,numberOfRobotsOnWhiteSite
10953,18,28
timeStep,numberOfRobotsOnBlackSite,numberOfRobotsOnWhiteSite
10954,18,28
timeStep,numberOfRobotsOnBlackSite,numberOfRobotsOnWhiteSite
10955,18,28
timeStep,numberOfRobotsOnBlackSite,numberOfRobotsOnWhiteSite
10956,18,28
timeStep,numberOfRobotsOnBlackSite,numberOfRobotsOnWhiteSite
10957,18,28
timeStep,numberOfRobotsOnBlackSite,numberOfRobotsOnWhiteSite
10958,18,28
timeStep,numberOfRobotsOnBlackSite,numberOfRobotsOnWhiteSite
10959,18,28
timeStep,numberOfRobotsOnBlackSite,numberOfRobotsOnWhiteSite
10960,18,28
timeStep,numberOfRobotsOnBlackSite,numberOfRobotsOnWhiteSite
10961,18,28
timeStep,numberOfRobotsOnBlackSite,numberOfRobotsOnWhiteSite
10962,18,28
timeStep,numberOfRobotsOnBlackSite,numberOfRobotsOnWhiteSite
10963,18,28
timeStep,numberOfRobotsOnBlackSite,numberOfRobotsOnWhiteSite
10964,18,28
timeStep,numberOfRobotsOnBlackSite,numberOfRobotsOnWhiteSite
10965,18,28
timeStep,numberOfRobotsOnBlackSite,numberOfRobotsOnWhiteSite
10966,18,28
timeStep,numberOfRobotsOnBlackSite,numberOfRobotsOnWhiteSite
10967,18,28
timeStep,numberOfRobotsOnBlackSite,numberOfRobotsOnWhiteSite
10968,18,28
timeStep,numberOfRobotsOnBlackSite,numberOfRobotsOnWhiteSite
10969,18,28
timeStep,numberOfRobotsOnBlackSite,numberOfRobotsOnWhiteSite
10970,18,27
timeStep,numberOfRobotsOnBlackSite,numberOfRobotsOnWhiteSite
10971,18,27
timeStep,numberOfRobotsOnBlackSite,numberOfRobotsOnWhiteSite
10972,18,27
timeStep,numberOfRobotsOnBlackSite,numberOfRobotsOnWhiteSite
10973,18,27
timeStep,numberOfRobotsOnBlackSite,numberOfRobotsOnWhiteSite
10974,18,27
timeStep,numberOfRobotsOnBlackSite,numberOfRobotsOnWhiteSite
10975,18,27
timeStep,numberOfRobotsOnBlackSite,numberOfRobotsOnWhiteSite
10976,18,27
timeStep,numberOfRobotsOnBlackSite,numberOfRobotsOnWhiteSite
10977,18,27
timeStep,numberOfRobotsOnBlackSite,numberOfRobotsOnWhiteSite
10978,18,27
timeStep,numberOfRobotsOnBlackSite,numberOfRobotsOnWhiteSite
10979,18,27
timeStep,numberOfRobotsOnBlackSite,numberOfRobotsOnWhiteSite
10980,18,27
timeStep,numberOfRobotsOnBlackSite,numberOfRobotsOnWhiteSite
10981,18,27
timeStep,numberOfRobotsOnBlackSite,numberOfRobotsOnWhiteSite
10982,18,27
timeStep,numberOfRobotsOnBlackSite,numberOfRobotsOnWhiteSite
10983,18,27
timeStep,numberOfRobotsOnBlackSite,numberOfRobotsOnWhiteSite
10984,18,27
timeStep,numberOfRobotsOnBlackSite,numberOfRobotsOnWhiteSite
10985,18,27
timeStep,numberOfRobotsOnBlackSite,numberOfRobotsOnWhiteSite
10986,18,27
timeStep,numberOfRobotsOnBlackSite,numberOfRobotsOnWhiteSite
10987,18,27
timeStep,numberOfRobotsOnBlackSite,numberOfRobotsOnWhiteSite
10988,18,27
timeStep,numberOfRobotsOnBlackSite,numberOfRobotsOnWhiteSite
10989,18,27
timeStep,numberOfRobotsOnBlackSite,numberOfRobotsOnWhiteSite
10990,18,27
timeStep,numberOfRobotsOnBlackSite,numberOfRobotsOnWhiteSite
10991,18,27
timeStep,numberOfRobotsOnBlackSite,numberOfRobotsOnWhiteSite
10992,18,27
timeStep,numberOfRobotsOnBlackSite,numberOfRobotsOnWhiteSite
10993,18,27
timeStep,numberOfRobotsOnBlackSite,numberOfRobotsOnWhiteSite
10994,18,27
timeStep,numberOfRobotsOnBlackSite,numberOfRobotsOnWhiteSite
10995,18,27
timeStep,numberOfRobotsOnBlackSite,numberOfRobotsOnWhiteSite
10996,18,27
timeStep,numberOfRobotsOnBlackSite,numberOfRobotsOnWhiteSite
10997,18,27
timeStep,numberOfRobotsOnBlackSite,numberOfRobotsOnWhiteSite
10998,18,27
timeStep,numberOfRobotsOnBlackSite,numberOfRobotsOnWhiteSite
10999,18,27
timeStep,numberOfRobotsOnBlackSite,numberOfRobotsOnWhiteSite
11000,18,27
timeStep,numberOfRobotsOnBlackSite,numberOfRobotsOnWhiteSite
11001,18,27
timeStep,numberOfRobotsOnBlackSite,numberOfRobotsOnWhiteSite
11002,18,27
timeStep,numberOfRobotsOnBlackSite,numberOfRobotsOnWhiteSite
11003,18,27
timeStep,numberOfRobotsOnBlackSite,numberOfRobotsOnWhiteSite
11004,18,27
timeStep,numberOfRobotsOnBlackSite,numberOfRobotsOnWhiteSite
11005,18,27
timeStep,numberOfRobotsOnBlackSite,numberOfRobotsOnWhiteSite
11006,18,27
timeStep,numberOfRobotsOnBlackSite,numberOfRobotsOnWhiteSite
11007,18,27
timeStep,numberOfRobotsOnBlackSite,numberOfRobotsOnWhiteSite
11008,18,27
timeStep,numberOfRobotsOnBlackSite,numberOfRobotsOnWhiteSite
11009,18,27
timeStep,numberOfRobotsOnBlackSite,numberOfRobotsOnWhiteSite
11010,18,27
timeStep,numberOfRobotsOnBlackSite,numberOfRobotsOnWhiteSite
11011,18,27
timeStep,numberOfRobotsOnBlackSite,numberOfRobotsOnWhiteSite
11012,18,27
timeStep,numberOfRobotsOnBlackSite,numberOfRobotsOnWhiteSite
11013,18,27
timeStep,numberOfRobotsOnBlackSite,numberOfRobotsOnWhiteSite
11014,18,27
timeStep,numberOfRobotsOnBlackSite,numberOfRobotsOnWhiteSite
11015,18,27
timeStep,numberOfRobotsOnBlackSite,numberOfRobotsOnWhiteSite
11016,18,27
timeStep,numberOfRobotsOnBlackSite,numberOfRobotsOnWhiteSite
11017,18,27
timeStep,numberOfRobotsOnBlackSite,numberOfRobotsOnWhiteSite
11018,18,27
timeStep,numberOfRobotsOnBlackSite,numberOfRobotsOnWhiteSite
11019,18,27
timeStep,numberOfRobotsOnBlackSite,numberOfRobotsOnWhiteSite
11020,18,27
timeStep,numberOfRobotsOnBlackSite,numberOfRobotsOnWhiteSite
11021,18,27
timeStep,numberOfRobotsOnBlackSite,numberOfRobotsOnWhiteSite
11022,18,27
timeStep,numberOfRobotsOnBlackSite,numberOfRobotsOnWhiteSite
11023,18,27
timeStep,numberOfRobotsOnBlackSite,numberOfRobotsOnWhiteSite
11024,18,27
timeStep,numberOfRobotsOnBlackSite,numberOfRobotsOnWhiteSite
11025,18,28
timeStep,numberOfRobotsOnBlackSite,numberOfRobotsOnWhiteSite
11026,18,28
timeStep,numberOfRobotsOnBlackSite,numberOfRobotsOnWhiteSite
11027,18,28
timeStep,numberOfRobotsOnBlackSite,numberOfRobotsOnWhiteSite
11028,18,28
timeStep,numberOfRobotsOnBlackSite,numberOfRobotsOnWhiteSite
11029,18,28
timeStep,numberOfRobotsOnBlackSite,numberOfRobotsOnWhiteSite
11030,18,28
timeStep,numberOfRobotsOnBlackSite,numberOfRobotsOnWhiteSite
11031,18,28
timeStep,numberOfRobotsOnBlackSite,numberOfRobotsOnWhiteSite
11032,18,28
timeStep,numberOfRobotsOnBlackSite,numberOfRobotsOnWhiteSite
11033,18,28
timeStep,numberOfRobotsOnBlackSite,numberOfRobotsOnWhiteSite
11034,18,28
timeStep,numberOfRobotsOnBlackSite,numberOfRobotsOnWhiteSite
11035,18,28
timeStep,numberOfRobotsOnBlackSite,numberOfRobotsOnWhiteSite
11036,18,28
timeStep,numberOfRobotsOnBlackSite,numberOfRobotsOnWhiteSite
11037,18,28
timeStep,numberOfRobotsOnBlackSite,numberOfRobotsOnWhiteSite
11038,18,28
timeStep,numberOfRobotsOnBlackSite,numberOfRobotsOnWhiteSite
11039,18,28
timeStep,numberOfRobotsOnBlackSite,numberOfRobotsOnWhiteSite
11040,18,28
timeStep,numberOfRobotsOnBlackSite,numberOfRobotsOnWhiteSite
11041,18,28
timeStep,numberOfRobotsOnBlackSite,numberOfRobotsOnWhiteSite
11042,18,28
timeStep,numberOfRobotsOnBlackSite,numberOfRobotsOnWhiteSite
11043,18,28
timeStep,numberOfRobotsOnBlackSite,numberOfRobotsOnWhiteSite
11044,18,28
timeStep,numberOfRobotsOnBlackSite,numberOfRobotsOnWhiteSite
11045,18,28
timeStep,numberOfRobotsOnBlackSite,numberOfRobotsOnWhiteSite
11046,18,28
timeStep,numberOfRobotsOnBlackSite,numberOfRobotsOnWhiteSite
11047,18,28
timeStep,numberOfRobotsOnBlackSite,numberOfRobotsOnWhiteSite
11048,18,28
timeStep,numberOfRobotsOnBlackSite,numberOfRobotsOnWhiteSite
11049,18,28
timeStep,numberOfRobotsOnBlackSite,numberOfRobotsOnWhiteSite
11050,18,28
timeStep,numberOfRobotsOnBlackSite,numberOfRobotsOnWhiteSite
11051,18,28
timeStep,numberOfRobotsOnBlackSite,numberOfRobotsOnWhiteSite
11052,18,28
timeStep,numberOfRobotsOnBlackSite,numberOfRobotsOnWhiteSite
11053,18,28
timeStep,numberOfRobotsOnBlackSite,numberOfRobotsOnWhiteSite
11054,18,28
timeStep,numberOfRobotsOnBlackSite,numberOfRobotsOnWhiteSite
11055,18,28
timeStep,numberOfRobotsOnBlackSite,numberOfRobotsOnWhiteSite
11056,18,28
timeStep,numberOfRobotsOnBlackSite,numberOfRobotsOnWhiteSite
11057,18,28
timeStep,numberOfRobotsOnBlackSite,numberOfRobotsOnWhiteSite
11058,18,28
timeStep,numberOfRobotsOnBlackSite,numberOfRobotsOnWhiteSite
11059,18,28
timeStep,numberOfRobotsOnBlackSite,numberOfRobotsOnWhiteSite
11060,18,28
timeStep,numberOfRobotsOnBlackSite,numberOfRobotsOnWhiteSite
11061,18,28
timeStep,numberOfRobotsOnBlackSite,numberOfRobotsOnWhiteSite
11062,18,28
timeStep,numberOfRobotsOnBlackSite,numberOfRobotsOnWhiteSite
11063,18,28
timeStep,numberOfRobotsOnBlackSite,numberOfRobotsOnWhiteSite
11064,18,28
timeStep,numberOfRobotsOnBlackSite,numberOfRobotsOnWhiteSite
11065,18,28
timeStep,numberOfRobotsOnBlackSite,numberOfRobotsOnWhiteSite
11066,18,28
timeStep,numberOfRobotsOnBlackSite,numberOfRobotsOnWhiteSite
11067,18,28
timeStep,numberOfRobotsOnBlackSite,numberOfRobotsOnWhiteSite
11068,18,28
timeStep,numberOfRobotsOnBlackSite,numberOfRobotsOnWhiteSite
11069,18,28
timeStep,numberOfRobotsOnBlackSite,numberOfRobotsOnWhiteSite
11070,18,28
timeStep,numberOfRobotsOnBlackSite,numberOfRobotsOnWhiteSite
11071,18,28
timeStep,numberOfRobotsOnBlackSite,numberOfRobotsOnWhiteSite
11072,18,28
timeStep,numberOfRobotsOnBlackSite,numberOfRobotsOnWhiteSite
11073,18,28
timeStep,numberOfRobotsOnBlackSite,numberOfRobotsOnWhiteSite
11074,18,28
timeStep,numberOfRobotsOnBlackSite,numberOfRobotsOnWhiteSite
11075,18,28
timeStep,numberOfRobotsOnBlackSite,numberOfRobotsOnWhiteSite
11076,18,28
timeStep,numberOfRobotsOnBlackSite,numberOfRobotsOnWhiteSite
11077,18,28
timeStep,numberOfRobotsOnBlackSite,numberOfRobotsOnWhiteSite
11078,18,28
timeStep,numberOfRobotsOnBlackSite,numberOfRobotsOnWhiteSite
11079,18,28
timeStep,numberOfRobotsOnBlackSite,numberOfRobotsOnWhiteSite
11080,18,28
timeStep,numberOfRobotsOnBlackSite,numberOfRobotsOnWhiteSite
11081,18,28
timeStep,numberOfRobotsOnBlackSite,numberOfRobotsOnWhiteSite
11082,18,28
timeStep,numberOfRobotsOnBlackSite,numberOfRobotsOnWhiteSite
11083,18,28
timeStep,numberOfRobotsOnBlackSite,numberOfRobotsOnWhiteSite
11084,18,28
timeStep,numberOfRobotsOnBlackSite,numberOfRobotsOnWhiteSite
11085,18,28
timeStep,numberOfRobotsOnBlackSite,numberOfRobotsOnWhiteSite
11086,18,28
timeStep,numberOfRobotsOnBlackSite,numberOfRobotsOnWhiteSite
11087,18,28
timeStep,numberOfRobotsOnBlackSite,numberOfRobotsOnWhiteSite
11088,18,28
timeStep,numberOfRobotsOnBlackSite,numberOfRobotsOnWhiteSite
11089,18,28
timeStep,numberOfRobotsOnBlackSite,numberOfRobotsOnWhiteSite
11090,18,28
timeStep,numberOfRobotsOnBlackSite,numberOfRobotsOnWhiteSite
11091,18,28
timeStep,numberOfRobotsOnBlackSite,numberOfRobotsOnWhiteSite
11092,18,28
timeStep,numberOfRobotsOnBlackSite,numberOfRobotsOnWhiteSite
11093,18,28
timeStep,numberOfRobotsOnBlackSite,numberOfRobotsOnWhiteSite
11094,18,28
timeStep,numberOfRobotsOnBlackSite,numberOfRobotsOnWhiteSite
11095,18,28
timeStep,numberOfRobotsOnBlackSite,numberOfRobotsOnWhiteSite
11096,18,28
timeStep,numberOfRobotsOnBlackSite,numberOfRobotsOnWhiteSite
11097,18,28
timeStep,numberOfRobotsOnBlackSite,numberOfRobotsOnWhiteSite
11098,18,28
timeStep,numberOfRobotsOnBlackSite,numberOfRobotsOnWhiteSite
11099,18,28
timeStep,numberOfRobotsOnBlackSite,numberOfRobotsOnWhiteSite
11100,18,28
timeStep,numberOfRobotsOnBlackSite,numberOfRobotsOnWhiteSite
11101,18,28
timeStep,numberOfRobotsOnBlackSite,numberOfRobotsOnWhiteSite
11102,18,28
timeStep,numberOfRobotsOnBlackSite,numberOfRobotsOnWhiteSite
11103,18,28
timeStep,numberOfRobotsOnBlackSite,numberOfRobotsOnWhiteSite
11104,18,28
timeStep,numberOfRobotsOnBlackSite,numberOfRobotsOnWhiteSite
11105,18,28
timeStep,numberOfRobotsOnBlackSite,numberOfRobotsOnWhiteSite
11106,18,28
timeStep,numberOfRobotsOnBlackSite,numberOfRobotsOnWhiteSite
11107,18,28
timeStep,numberOfRobotsOnBlackSite,numberOfRobotsOnWhiteSite
11108,18,28
timeStep,numberOfRobotsOnBlackSite,numberOfRobotsOnWhiteSite
11109,18,28
timeStep,numberOfRobotsOnBlackSite,numberOfRobotsOnWhiteSite
11110,18,28
timeStep,numberOfRobotsOnBlackSite,numberOfRobotsOnWhiteSite
11111,18,28
timeStep,numberOfRobotsOnBlackSite,numberOfRobotsOnWhiteSite
11112,18,28
timeStep,numberOfRobotsOnBlackSite,numberOfRobotsOnWhiteSite
11113,18,28
timeStep,numberOfRobotsOnBlackSite,numberOfRobotsOnWhiteSite
11114,18,28
timeStep,numberOfRobotsOnBlackSite,numberOfRobotsOnWhiteSite
11115,18,28
timeStep,numberOfRobotsOnBlackSite,numberOfRobotsOnWhiteSite
11116,18,28
timeStep,numberOfRobotsOnBlackSite,numberOfRobotsOnWhiteSite
11117,18,28
timeStep,numberOfRobotsOnBlackSite,numberOfRobotsOnWhiteSite
11118,18,28
timeStep,numberOfRobotsOnBlackSite,numberOfRobotsOnWhiteSite
11119,18,28
timeStep,numberOfRobotsOnBlackSite,numberOfRobotsOnWhiteSite
11120,18,28
timeStep,numberOfRobotsOnBlackSite,numberOfRobotsOnWhiteSite
11121,18,28
timeStep,numberOfRobotsOnBlackSite,numberOfRobotsOnWhiteSite
11122,18,28
timeStep,numberOfRobotsOnBlackSite,numberOfRobotsOnWhiteSite
11123,18,28
timeStep,numberOfRobotsOnBlackSite,numberOfRobotsOnWhiteSite
11124,18,28
timeStep,numberOfRobotsOnBlackSite,numberOfRobotsOnWhiteSite
11125,18,28
timeStep,numberOfRobotsOnBlackSite,numberOfRobotsOnWhiteSite
11126,18,28
timeStep,numberOfRobotsOnBlackSite,numberOfRobotsOnWhiteSite
11127,18,28
timeStep,numberOfRobotsOnBlackSite,numberOfRobotsOnWhiteSite
11128,18,28
timeStep,numberOfRobotsOnBlackSite,numberOfRobotsOnWhiteSite
11129,18,28
timeStep,numberOfRobotsOnBlackSite,numberOfRobotsOnWhiteSite
11130,18,28
timeStep,numberOfRobotsOnBlackSite,numberOfRobotsOnWhiteSite
11131,18,28
timeStep,numberOfRobotsOnBlackSite,numberOfRobotsOnWhiteSite
11132,18,28
timeStep,numberOfRobotsOnBlackSite,numberOfRobotsOnWhiteSite
11133,18,28
timeStep,numberOfRobotsOnBlackSite,numberOfRobotsOnWhiteSite
11134,18,28
timeStep,numberOfRobotsOnBlackSite,numberOfRobotsOnWhiteSite
11135,18,28
timeStep,numberOfRobotsOnBlackSite,numberOfRobotsOnWhiteSite
11136,18,28
timeStep,numberOfRobotsOnBlackSite,numberOfRobotsOnWhiteSite
11137,18,28
timeStep,numberOfRobotsOnBlackSite,numberOfRobotsOnWhiteSite
11138,18,28
timeStep,numberOfRobotsOnBlackSite,numberOfRobotsOnWhiteSite
11139,18,28
timeStep,numberOfRobotsOnBlackSite,numberOfRobotsOnWhiteSite
11140,17,28
timeStep,numberOfRobotsOnBlackSite,numberOfRobotsOnWhiteSite
11141,17,28
timeStep,numberOfRobotsOnBlackSite,numberOfRobotsOnWhiteSite
11142,17,28
timeStep,numberOfRobotsOnBlackSite,numberOfRobotsOnWhiteSite
11143,17,28
timeStep,numberOfRobotsOnBlackSite,numberOfRobotsOnWhiteSite
11144,17,28
timeStep,numberOfRobotsOnBlackSite,numberOfRobotsOnWhiteSite
11145,17,28
timeStep,numberOfRobotsOnBlackSite,numberOfRobotsOnWhiteSite
11146,17,28
timeStep,numberOfRobotsOnBlackSite,numberOfRobotsOnWhiteSite
11147,17,28
timeStep,numberOfRobotsOnBlackSite,numberOfRobotsOnWhiteSite
11148,17,28
timeStep,numberOfRobotsOnBlackSite,numberOfRobotsOnWhiteSite
11149,17,28
timeStep,numberOfRobotsOnBlackSite,numberOfRobotsOnWhiteSite
11150,17,28
timeStep,numberOfRobotsOnBlackSite,numberOfRobotsOnWhiteSite
11151,17,28
timeStep,numberOfRobotsOnBlackSite,numberOfRobotsOnWhiteSite
11152,17,28
timeStep,numberOfRobotsOnBlackSite,numberOfRobotsOnWhiteSite
11153,17,28
timeStep,numberOfRobotsOnBlackSite,numberOfRobotsOnWhiteSite
11154,17,28
timeStep,numberOfRobotsOnBlackSite,numberOfRobotsOnWhiteSite
11155,17,28
timeStep,numberOfRobotsOnBlackSite,numberOfRobotsOnWhiteSite
11156,17,28
timeStep,numberOfRobotsOnBlackSite,numberOfRobotsOnWhiteSite
11157,17,28
timeStep,numberOfRobotsOnBlackSite,numberOfRobotsOnWhiteSite
11158,17,28
timeStep,numberOfRobotsOnBlackSite,numberOfRobotsOnWhiteSite
11159,17,28
timeStep,numberOfRobotsOnBlackSite,numberOfRobotsOnWhiteSite
11160,17,28
timeStep,numberOfRobotsOnBlackSite,numberOfRobotsOnWhiteSite
11161,17,28
timeStep,numberOfRobotsOnBlackSite,numberOfRobotsOnWhiteSite
11162,17,28
timeStep,numberOfRobotsOnBlackSite,numberOfRobotsOnWhiteSite
11163,17,28
timeStep,numberOfRobotsOnBlackSite,numberOfRobotsOnWhiteSite
11164,17,28
timeStep,numberOfRobotsOnBlackSite,numberOfRobotsOnWhiteSite
11165,17,28
timeStep,numberOfRobotsOnBlackSite,numberOfRobotsOnWhiteSite
11166,17,28
timeStep,numberOfRobotsOnBlackSite,numberOfRobotsOnWhiteSite
11167,17,28
timeStep,numberOfRobotsOnBlackSite,numberOfRobotsOnWhiteSite
11168,17,28
timeStep,numberOfRobotsOnBlackSite,numberOfRobotsOnWhiteSite
11169,17,28
timeStep,numberOfRobotsOnBlackSite,numberOfRobotsOnWhiteSite
11170,17,28
timeStep,numberOfRobotsOnBlackSite,numberOfRobotsOnWhiteSite
11171,17,28
timeStep,numberOfRobotsOnBlackSite,numberOfRobotsOnWhiteSite
11172,17,28
timeStep,numberOfRobotsOnBlackSite,numberOfRobotsOnWhiteSite
11173,17,28
timeStep,numberOfRobotsOnBlackSite,numberOfRobotsOnWhiteSite
11174,17,28
timeStep,numberOfRobotsOnBlackSite,numberOfRobotsOnWhiteSite
11175,17,28
timeStep,numberOfRobotsOnBlackSite,numberOfRobotsOnWhiteSite
11176,17,28
timeStep,numberOfRobotsOnBlackSite,numberOfRobotsOnWhiteSite
11177,17,28
timeStep,numberOfRobotsOnBlackSite,numberOfRobotsOnWhiteSite
11178,17,28
timeStep,numberOfRobotsOnBlackSite,numberOfRobotsOnWhiteSite
11179,17,28
timeStep,numberOfRobotsOnBlackSite,numberOfRobotsOnWhiteSite
11180,17,28
timeStep,numberOfRobotsOnBlackSite,numberOfRobotsOnWhiteSite
11181,17,28
timeStep,numberOfRobotsOnBlackSite,numberOfRobotsOnWhiteSite
11182,17,28
timeStep,numberOfRobotsOnBlackSite,numberOfRobotsOnWhiteSite
11183,17,28
timeStep,numberOfRobotsOnBlackSite,numberOfRobotsOnWhiteSite
11184,17,28
timeStep,numberOfRobotsOnBlackSite,numberOfRobotsOnWhiteSite
11185,17,28
timeStep,numberOfRobotsOnBlackSite,numberOfRobotsOnWhiteSite
11186,17,28
timeStep,numberOfRobotsOnBlackSite,numberOfRobotsOnWhiteSite
11187,17,28
timeStep,numberOfRobotsOnBlackSite,numberOfRobotsOnWhiteSite
11188,17,28
timeStep,numberOfRobotsOnBlackSite,numberOfRobotsOnWhiteSite
11189,17,28
timeStep,numberOfRobotsOnBlackSite,numberOfRobotsOnWhiteSite
11190,17,28
timeStep,numberOfRobotsOnBlackSite,numberOfRobotsOnWhiteSite
11191,17,28
timeStep,numberOfRobotsOnBlackSite,numberOfRobotsOnWhiteSite
11192,17,28
timeStep,numberOfRobotsOnBlackSite,numberOfRobotsOnWhiteSite
11193,17,28
timeStep,numberOfRobotsOnBlackSite,numberOfRobotsOnWhiteSite
11194,17,28
timeStep,numberOfRobotsOnBlackSite,numberOfRobotsOnWhiteSite
11195,17,28
timeStep,numberOfRobotsOnBlackSite,numberOfRobotsOnWhiteSite
11196,17,28
timeStep,numberOfRobotsOnBlackSite,numberOfRobotsOnWhiteSite
11197,17,28
timeStep,numberOfRobotsOnBlackSite,numberOfRobotsOnWhiteSite
11198,17,28
timeStep,numberOfRobotsOnBlackSite,numberOfRobotsOnWhiteSite
11199,17,28
timeStep,numberOfRobotsOnBlackSite,numberOfRobotsOnWhiteSite
11200,17,28
timeStep,numberOfRobotsOnBlackSite,numberOfRobotsOnWhiteSite
11201,17,28
timeStep,numberOfRobotsOnBlackSite,numberOfRobotsOnWhiteSite
11202,17,28
timeStep,numberOfRobotsOnBlackSite,numberOfRobotsOnWhiteSite
11203,17,28
timeStep,numberOfRobotsOnBlackSite,numberOfRobotsOnWhiteSite
11204,17,28
timeStep,numberOfRobotsOnBlackSite,numberOfRobotsOnWhiteSite
11205,17,28
timeStep,numberOfRobotsOnBlackSite,numberOfRobotsOnWhiteSite
11206,17,28
timeStep,numberOfRobotsOnBlackSite,numberOfRobotsOnWhiteSite
11207,17,28
timeStep,numberOfRobotsOnBlackSite,numberOfRobotsOnWhiteSite
11208,17,28
timeStep,numberOfRobotsOnBlackSite,numberOfRobotsOnWhiteSite
11209,17,28
timeStep,numberOfRobotsOnBlackSite,numberOfRobotsOnWhiteSite
11210,17,28
timeStep,numberOfRobotsOnBlackSite,numberOfRobotsOnWhiteSite
11211,17,28
timeStep,numberOfRobotsOnBlackSite,numberOfRobotsOnWhiteSite
11212,17,28
timeStep,numberOfRobotsOnBlackSite,numberOfRobotsOnWhiteSite
11213,17,28
timeStep,numberOfRobotsOnBlackSite,numberOfRobotsOnWhiteSite
11214,17,28
timeStep,numberOfRobotsOnBlackSite,numberOfRobotsOnWhiteSite
11215,17,28
timeStep,numberOfRobotsOnBlackSite,numberOfRobotsOnWhiteSite
11216,17,28
timeStep,numberOfRobotsOnBlackSite,numberOfRobotsOnWhiteSite
11217,17,28
timeStep,numberOfRobotsOnBlackSite,numberOfRobotsOnWhiteSite
11218,17,28
timeStep,numberOfRobotsOnBlackSite,numberOfRobotsOnWhiteSite
11219,17,28
timeStep,numberOfRobotsOnBlackSite,numberOfRobotsOnWhiteSite
11220,17,28
timeStep,numberOfRobotsOnBlackSite,numberOfRobotsOnWhiteSite
11221,17,28
timeStep,numberOfRobotsOnBlackSite,numberOfRobotsOnWhiteSite
11222,17,28
timeStep,numberOfRobotsOnBlackSite,numberOfRobotsOnWhiteSite
11223,17,28
timeStep,numberOfRobotsOnBlackSite,numberOfRobotsOnWhiteSite
11224,17,28
timeStep,numberOfRobotsOnBlackSite,numberOfRobotsOnWhiteSite
11225,17,28
timeStep,numberOfRobotsOnBlackSite,numberOfRobotsOnWhiteSite
11226,17,28
timeStep,numberOfRobotsOnBlackSite,numberOfRobotsOnWhiteSite
11227,17,28
timeStep,numberOfRobotsOnBlackSite,numberOfRobotsOnWhiteSite
11228,17,28
timeStep,numberOfRobotsOnBlackSite,numberOfRobotsOnWhiteSite
11229,17,28
timeStep,numberOfRobotsOnBlackSite,numberOfRobotsOnWhiteSite
11230,17,28
timeStep,numberOfRobotsOnBlackSite,numberOfRobotsOnWhiteSite
11231,17,28
timeStep,numberOfRobotsOnBlackSite,numberOfRobotsOnWhiteSite
11232,17,28
timeStep,numberOfRobotsOnBlackSite,numberOfRobotsOnWhiteSite
11233,17,28
timeStep,numberOfRobotsOnBlackSite,numberOfRobotsOnWhiteSite
11234,17,28
timeStep,numberOfRobotsOnBlackSite,numberOfRobotsOnWhiteSite
11235,17,28
timeStep,numberOfRobotsOnBlackSite,numberOfRobotsOnWhiteSite
11236,17,28
timeStep,numberOfRobotsOnBlackSite,numberOfRobotsOnWhiteSite
11237,17,28
timeStep,numberOfRobotsOnBlackSite,numberOfRobotsOnWhiteSite
11238,17,28
timeStep,numberOfRobotsOnBlackSite,numberOfRobotsOnWhiteSite
11239,17,28
timeStep,numberOfRobotsOnBlackSite,numberOfRobotsOnWhiteSite
11240,17,28
timeStep,numberOfRobotsOnBlackSite,numberOfRobotsOnWhiteSite
11241,17,28
timeStep,numberOfRobotsOnBlackSite,numberOfRobotsOnWhiteSite
11242,17,28
timeStep,numberOfRobotsOnBlackSite,numberOfRobotsOnWhiteSite
11243,17,28
timeStep,numberOfRobotsOnBlackSite,numberOfRobotsOnWhiteSite
11244,17,28
timeStep,numberOfRobotsOnBlackSite,numberOfRobotsOnWhiteSite
11245,17,28
timeStep,numberOfRobotsOnBlackSite,numberOfRobotsOnWhiteSite
11246,17,28
timeStep,numberOfRobotsOnBlackSite,numberOfRobotsOnWhiteSite
11247,17,28
timeStep,numberOfRobotsOnBlackSite,numberOfRobotsOnWhiteSite
11248,17,28
timeStep,numberOfRobotsOnBlackSite,numberOfRobotsOnWhiteSite
11249,17,28
timeStep,numberOfRobotsOnBlackSite,numberOfRobotsOnWhiteSite
11250,17,27
timeStep,numberOfRobotsOnBlackSite,numberOfRobotsOnWhiteSite
11251,17,27
timeStep,numberOfRobotsOnBlackSite,numberOfRobotsOnWhiteSite
11252,17,27
timeStep,numberOfRobotsOnBlackSite,numberOfRobotsOnWhiteSite
11253,17,27
timeStep,numberOfRobotsOnBlackSite,numberOfRobotsOnWhiteSite
11254,17,27
timeStep,numberOfRobotsOnBlackSite,numberOfRobotsOnWhiteSite
11255,18,27
timeStep,numberOfRobotsOnBlackSite,numberOfRobotsOnWhiteSite
11256,18,27
timeStep,numberOfRobotsOnBlackSite,numberOfRobotsOnWhiteSite
11257,18,27
timeStep,numberOfRobotsOnBlackSite,numberOfRobotsOnWhiteSite
11258,18,27
timeStep,numberOfRobotsOnBlackSite,numberOfRobotsOnWhiteSite
11259,18,27
timeStep,numberOfRobotsOnBlackSite,numberOfRobotsOnWhiteSite
11260,18,27
timeStep,numberOfRobotsOnBlackSite,numberOfRobotsOnWhiteSite
11261,18,27
timeStep,numberOfRobotsOnBlackSite,numberOfRobotsOnWhiteSite
11262,18,27
timeStep,numberOfRobotsOnBlackSite,numberOfRobotsOnWhiteSite
11263,18,27
timeStep,numberOfRobotsOnBlackSite,numberOfRobotsOnWhiteSite
11264,18,27
timeStep,numberOfRobotsOnBlackSite,numberOfRobotsOnWhiteSite
11265,18,27
timeStep,numberOfRobotsOnBlackSite,numberOfRobotsOnWhiteSite
11266,18,27
timeStep,numberOfRobotsOnBlackSite,numberOfRobotsOnWhiteSite
11267,18,27
timeStep,numberOfRobotsOnBlackSite,numberOfRobotsOnWhiteSite
11268,18,27
timeStep,numberOfRobotsOnBlackSite,numberOfRobotsOnWhiteSite
11269,18,27
timeStep,numberOfRobotsOnBlackSite,numberOfRobotsOnWhiteSite
11270,18,27
timeStep,numberOfRobotsOnBlackSite,numberOfRobotsOnWhiteSite
11271,18,27
timeStep,numberOfRobotsOnBlackSite,numberOfRobotsOnWhiteSite
11272,18,27
timeStep,numberOfRobotsOnBlackSite,numberOfRobotsOnWhiteSite
11273,18,27
timeStep,numberOfRobotsOnBlackSite,numberOfRobotsOnWhiteSite
11274,18,27
timeStep,numberOfRobotsOnBlackSite,numberOfRobotsOnWhiteSite
11275,18,27
timeStep,numberOfRobotsOnBlackSite,numberOfRobotsOnWhiteSite
11276,18,27
timeStep,numberOfRobotsOnBlackSite,numberOfRobotsOnWhiteSite
11277,18,27
timeStep,numberOfRobotsOnBlackSite,numberOfRobotsOnWhiteSite
11278,18,27
timeStep,numberOfRobotsOnBlackSite,numberOfRobotsOnWhiteSite
11279,18,27
timeStep,numberOfRobotsOnBlackSite,numberOfRobotsOnWhiteSite
11280,18,27
timeStep,numberOfRobotsOnBlackSite,numberOfRobotsOnWhiteSite
11281,18,27
timeStep,numberOfRobotsOnBlackSite,numberOfRobotsOnWhiteSite
11282,18,27
timeStep,numberOfRobotsOnBlackSite,numberOfRobotsOnWhiteSite
11283,18,27
timeStep,numberOfRobotsOnBlackSite,numberOfRobotsOnWhiteSite
11284,18,27
timeStep,numberOfRobotsOnBlackSite,numberOfRobotsOnWhiteSite
11285,18,27
timeStep,numberOfRobotsOnBlackSite,numberOfRobotsOnWhiteSite
11286,18,27
timeStep,numberOfRobotsOnBlackSite,numberOfRobotsOnWhiteSite
11287,18,27
timeStep,numberOfRobotsOnBlackSite,numberOfRobotsOnWhiteSite
11288,18,27
timeStep,numberOfRobotsOnBlackSite,numberOfRobotsOnWhiteSite
11289,18,27
timeStep,numberOfRobotsOnBlackSite,numberOfRobotsOnWhiteSite
11290,18,27
timeStep,numberOfRobotsOnBlackSite,numberOfRobotsOnWhiteSite
11291,18,27
timeStep,numberOfRobotsOnBlackSite,numberOfRobotsOnWhiteSite
11292,18,27
timeStep,numberOfRobotsOnBlackSite,numberOfRobotsOnWhiteSite
11293,18,27
timeStep,numberOfRobotsOnBlackSite,numberOfRobotsOnWhiteSite
11294,18,27
timeStep,numberOfRobotsOnBlackSite,numberOfRobotsOnWhiteSite
11295,18,27
timeStep,numberOfRobotsOnBlackSite,numberOfRobotsOnWhiteSite
11296,18,27
timeStep,numberOfRobotsOnBlackSite,numberOfRobotsOnWhiteSite
11297,18,27
timeStep,numberOfRobotsOnBlackSite,numberOfRobotsOnWhiteSite
11298,18,27
timeStep,numberOfRobotsOnBlackSite,numberOfRobotsOnWhiteSite
11299,18,27
timeStep,numberOfRobotsOnBlackSite,numberOfRobotsOnWhiteSite
11300,18,27
timeStep,numberOfRobotsOnBlackSite,numberOfRobotsOnWhiteSite
11301,18,27
timeStep,numberOfRobotsOnBlackSite,numberOfRobotsOnWhiteSite
11302,18,27
timeStep,numberOfRobotsOnBlackSite,numberOfRobotsOnWhiteSite
11303,18,27
timeStep,numberOfRobotsOnBlackSite,numberOfRobotsOnWhiteSite
11304,18,27
timeStep,numberOfRobotsOnBlackSite,numberOfRobotsOnWhiteSite
11305,18,27
timeStep,numberOfRobotsOnBlackSite,numberOfRobotsOnWhiteSite
11306,18,27
timeStep,numberOfRobotsOnBlackSite,numberOfRobotsOnWhiteSite
11307,18,27
timeStep,numberOfRobotsOnBlackSite,numberOfRobotsOnWhiteSite
11308,18,27
timeStep,numberOfRobotsOnBlackSite,numberOfRobotsOnWhiteSite
11309,18,27
timeStep,numberOfRobotsOnBlackSite,numberOfRobotsOnWhiteSite
11310,18,27
timeStep,numberOfRobotsOnBlackSite,numberOfRobotsOnWhiteSite
11311,18,27
timeStep,numberOfRobotsOnBlackSite,numberOfRobotsOnWhiteSite
11312,18,27
timeStep,numberOfRobotsOnBlackSite,numberOfRobotsOnWhiteSite
11313,18,27
timeStep,numberOfRobotsOnBlackSite,numberOfRobotsOnWhiteSite
11314,18,27
timeStep,numberOfRobotsOnBlackSite,numberOfRobotsOnWhiteSite
11315,18,27
timeStep,numberOfRobotsOnBlackSite,numberOfRobotsOnWhiteSite
11316,18,27
timeStep,numberOfRobotsOnBlackSite,numberOfRobotsOnWhiteSite
11317,18,27
timeStep,numberOfRobotsOnBlackSite,numberOfRobotsOnWhiteSite
11318,18,27
timeStep,numberOfRobotsOnBlackSite,numberOfRobotsOnWhiteSite
11319,18,27
timeStep,numberOfRobotsOnBlackSite,numberOfRobotsOnWhiteSite
11320,18,27
timeStep,numberOfRobotsOnBlackSite,numberOfRobotsOnWhiteSite
11321,18,27
timeStep,numberOfRobotsOnBlackSite,numberOfRobotsOnWhiteSite
11322,18,27
timeStep,numberOfRobotsOnBlackSite,numberOfRobotsOnWhiteSite
11323,18,27
timeStep,numberOfRobotsOnBlackSite,numberOfRobotsOnWhiteSite
11324,18,27
timeStep,numberOfRobotsOnBlackSite,numberOfRobotsOnWhiteSite
11325,18,27
timeStep,numberOfRobotsOnBlackSite,numberOfRobotsOnWhiteSite
11326,18,27
timeStep,numberOfRobotsOnBlackSite,numberOfRobotsOnWhiteSite
11327,18,27
timeStep,numberOfRobotsOnBlackSite,numberOfRobotsOnWhiteSite
11328,18,27
timeStep,numberOfRobotsOnBlackSite,numberOfRobotsOnWhiteSite
11329,18,27
timeStep,numberOfRobotsOnBlackSite,numberOfRobotsOnWhiteSite
11330,18,27
timeStep,numberOfRobotsOnBlackSite,numberOfRobotsOnWhiteSite
11331,18,27
timeStep,numberOfRobotsOnBlackSite,numberOfRobotsOnWhiteSite
11332,18,27
timeStep,numberOfRobotsOnBlackSite,numberOfRobotsOnWhiteSite
11333,18,27
timeStep,numberOfRobotsOnBlackSite,numberOfRobotsOnWhiteSite
11334,18,27
timeStep,numberOfRobotsOnBlackSite,numberOfRobotsOnWhiteSite
11335,18,26
timeStep,numberOfRobotsOnBlackSite,numberOfRobotsOnWhiteSite
11336,18,26
timeStep,numberOfRobotsOnBlackSite,numberOfRobotsOnWhiteSite
11337,18,26
timeStep,numberOfRobotsOnBlackSite,numberOfRobotsOnWhiteSite
11338,18,26
timeStep,numberOfRobotsOnBlackSite,numberOfRobotsOnWhiteSite
11339,18,26
timeStep,numberOfRobotsOnBlackSite,numberOfRobotsOnWhiteSite
11340,18,26
timeStep,numberOfRobotsOnBlackSite,numberOfRobotsOnWhiteSite
11341,18,26
timeStep,numberOfRobotsOnBlackSite,numberOfRobotsOnWhiteSite
11342,18,26
timeStep,numberOfRobotsOnBlackSite,numberOfRobotsOnWhiteSite
11343,18,26
timeStep,numberOfRobotsOnBlackSite,numberOfRobotsOnWhiteSite
11344,18,26
timeStep,numberOfRobotsOnBlackSite,numberOfRobotsOnWhiteSite
11345,18,26
timeStep,numberOfRobotsOnBlackSite,numberOfRobotsOnWhiteSite
11346,18,26
timeStep,numberOfRobotsOnBlackSite,numberOfRobotsOnWhiteSite
11347,18,26
timeStep,numberOfRobotsOnBlackSite,numberOfRobotsOnWhiteSite
11348,18,26
timeStep,numberOfRobotsOnBlackSite,numberOfRobotsOnWhiteSite
11349,18,26
timeStep,numberOfRobotsOnBlackSite,numberOfRobotsOnWhiteSite
11350,18,26
timeStep,numberOfRobotsOnBlackSite,numberOfRobotsOnWhiteSite
11351,18,26
timeStep,numberOfRobotsOnBlackSite,numberOfRobotsOnWhiteSite
11352,18,26
timeStep,numberOfRobotsOnBlackSite,numberOfRobotsOnWhiteSite
11353,18,26
timeStep,numberOfRobotsOnBlackSite,numberOfRobotsOnWhiteSite
11354,18,26
timeStep,numberOfRobotsOnBlackSite,numberOfRobotsOnWhiteSite
11355,19,26
timeStep,numberOfRobotsOnBlackSite,numberOfRobotsOnWhiteSite
11356,19,26
timeStep,numberOfRobotsOnBlackSite,numberOfRobotsOnWhiteSite
11357,19,26
timeStep,numberOfRobotsOnBlackSite,numberOfRobotsOnWhiteSite
11358,19,26
timeStep,numberOfRobotsOnBlackSite,numberOfRobotsOnWhiteSite
11359,19,26
timeStep,numberOfRobotsOnBlackSite,numberOfRobotsOnWhiteSite
11360,19,27
timeStep,numberOfRobotsOnBlackSite,numberOfRobotsOnWhiteSite
11361,19,27
timeStep,numberOfRobotsOnBlackSite,numberOfRobotsOnWhiteSite
11362,19,27
timeStep,numberOfRobotsOnBlackSite,numberOfRobotsOnWhiteSite
11363,19,27
timeStep,numberOfRobotsOnBlackSite,numberOfRobotsOnWhiteSite
11364,19,27
timeStep,numberOfRobotsOnBlackSite,numberOfRobotsOnWhiteSite
11365,19,27
timeStep,numberOfRobotsOnBlackSite,numberOfRobotsOnWhiteSite
11366,19,27
timeStep,numberOfRobotsOnBlackSite,numberOfRobotsOnWhiteSite
11367,19,27
timeStep,numberOfRobotsOnBlackSite,numberOfRobotsOnWhiteSite
11368,19,27
timeStep,numberOfRobotsOnBlackSite,numberOfRobotsOnWhiteSite
11369,19,27
timeStep,numberOfRobotsOnBlackSite,numberOfRobotsOnWhiteSite
11370,19,27
timeStep,numberOfRobotsOnBlackSite,numberOfRobotsOnWhiteSite
11371,19,27
timeStep,numberOfRobotsOnBlackSite,numberOfRobotsOnWhiteSite
11372,19,27
timeStep,numberOfRobotsOnBlackSite,numberOfRobotsOnWhiteSite
11373,19,27
timeStep,numberOfRobotsOnBlackSite,numberOfRobotsOnWhiteSite
11374,19,27
timeStep,numberOfRobotsOnBlackSite,numberOfRobotsOnWhiteSite
11375,19,26
timeStep,numberOfRobotsOnBlackSite,numberOfRobotsOnWhiteSite
11376,19,26
timeStep,numberOfRobotsOnBlackSite,numberOfRobotsOnWhiteSite
11377,19,26
timeStep,numberOfRobotsOnBlackSite,numberOfRobotsOnWhiteSite
11378,19,26
timeStep,numberOfRobotsOnBlackSite,numberOfRobotsOnWhiteSite
11379,19,26
timeStep,numberOfRobotsOnBlackSite,numberOfRobotsOnWhiteSite
11380,19,26
timeStep,numberOfRobotsOnBlackSite,numberOfRobotsOnWhiteSite
11381,19,26
timeStep,numberOfRobotsOnBlackSite,numberOfRobotsOnWhiteSite
11382,19,26
timeStep,numberOfRobotsOnBlackSite,numberOfRobotsOnWhiteSite
11383,19,26
timeStep,numberOfRobotsOnBlackSite,numberOfRobotsOnWhiteSite
11384,19,26
timeStep,numberOfRobotsOnBlackSite,numberOfRobotsOnWhiteSite
11385,19,25
timeStep,numberOfRobotsOnBlackSite,numberOfRobotsOnWhiteSite
11386,19,25
timeStep,numberOfRobotsOnBlackSite,numberOfRobotsOnWhiteSite
11387,19,25
timeStep,numberOfRobotsOnBlackSite,numberOfRobotsOnWhiteSite
11388,19,25
timeStep,numberOfRobotsOnBlackSite,numberOfRobotsOnWhiteSite
11389,19,25
timeStep,numberOfRobotsOnBlackSite,numberOfRobotsOnWhiteSite
11390,19,25
timeStep,numberOfRobotsOnBlackSite,numberOfRobotsOnWhiteSite
11391,19,25
timeStep,numberOfRobotsOnBlackSite,numberOfRobotsOnWhiteSite
11392,19,25
timeStep,numberOfRobotsOnBlackSite,numberOfRobotsOnWhiteSite
11393,19,25
timeStep,numberOfRobotsOnBlackSite,numberOfRobotsOnWhiteSite
11394,19,25
timeStep,numberOfRobotsOnBlackSite,numberOfRobotsOnWhiteSite
11395,19,25
timeStep,numberOfRobotsOnBlackSite,numberOfRobotsOnWhiteSite
11396,19,25
timeStep,numberOfRobotsOnBlackSite,numberOfRobotsOnWhiteSite
11397,19,25
timeStep,numberOfRobotsOnBlackSite,numberOfRobotsOnWhiteSite
11398,19,25
timeStep,numberOfRobotsOnBlackSite,numberOfRobotsOnWhiteSite
11399,19,25
timeStep,numberOfRobotsOnBlackSite,numberOfRobotsOnWhiteSite
11400,19,25
timeStep,numberOfRobotsOnBlackSite,numberOfRobotsOnWhiteSite
11401,19,25
timeStep,numberOfRobotsOnBlackSite,numberOfRobotsOnWhiteSite
11402,19,25
timeStep,numberOfRobotsOnBlackSite,numberOfRobotsOnWhiteSite
11403,19,25
timeStep,numberOfRobotsOnBlackSite,numberOfRobotsOnWhiteSite
11404,19,25
timeStep,numberOfRobotsOnBlackSite,numberOfRobotsOnWhiteSite
11405,19,25
timeStep,numberOfRobotsOnBlackSite,numberOfRobotsOnWhiteSite
11406,19,25
timeStep,numberOfRobotsOnBlackSite,numberOfRobotsOnWhiteSite
11407,19,25
timeStep,numberOfRobotsOnBlackSite,numberOfRobotsOnWhiteSite
11408,19,25
timeStep,numberOfRobotsOnBlackSite,numberOfRobotsOnWhiteSite
11409,19,25
timeStep,numberOfRobotsOnBlackSite,numberOfRobotsOnWhiteSite
11410,19,26
timeStep,numberOfRobotsOnBlackSite,numberOfRobotsOnWhiteSite
11411,19,26
timeStep,numberOfRobotsOnBlackSite,numberOfRobotsOnWhiteSite
11412,19,26
timeStep,numberOfRobotsOnBlackSite,numberOfRobotsOnWhiteSite
11413,19,26
timeStep,numberOfRobotsOnBlackSite,numberOfRobotsOnWhiteSite
11414,19,26
timeStep,numberOfRobotsOnBlackSite,numberOfRobotsOnWhiteSite
11415,19,26
timeStep,numberOfRobotsOnBlackSite,numberOfRobotsOnWhiteSite
11416,19,26
timeStep,numberOfRobotsOnBlackSite,numberOfRobotsOnWhiteSite
11417,19,26
timeStep,numberOfRobotsOnBlackSite,numberOfRobotsOnWhiteSite
11418,19,26
timeStep,numberOfRobotsOnBlackSite,numberOfRobotsOnWhiteSite
11419,19,26
timeStep,numberOfRobotsOnBlackSite,numberOfRobotsOnWhiteSite
11420,19,26
timeStep,numberOfRobotsOnBlackSite,numberOfRobotsOnWhiteSite
11421,19,26
timeStep,numberOfRobotsOnBlackSite,numberOfRobotsOnWhiteSite
11422,19,26
timeStep,numberOfRobotsOnBlackSite,numberOfRobotsOnWhiteSite
11423,19,26
timeStep,numberOfRobotsOnBlackSite,numberOfRobotsOnWhiteSite
11424,19,26
timeStep,numberOfRobotsOnBlackSite,numberOfRobotsOnWhiteSite
11425,19,26
timeStep,numberOfRobotsOnBlackSite,numberOfRobotsOnWhiteSite
11426,19,26
timeStep,numberOfRobotsOnBlackSite,numberOfRobotsOnWhiteSite
11427,19,26
timeStep,numberOfRobotsOnBlackSite,numberOfRobotsOnWhiteSite
11428,19,26
timeStep,numberOfRobotsOnBlackSite,numberOfRobotsOnWhiteSite
11429,19,26
timeStep,numberOfRobotsOnBlackSite,numberOfRobotsOnWhiteSite
11430,19,26
timeStep,numberOfRobotsOnBlackSite,numberOfRobotsOnWhiteSite
11431,19,26
timeStep,numberOfRobotsOnBlackSite,numberOfRobotsOnWhiteSite
11432,19,26
timeStep,numberOfRobotsOnBlackSite,numberOfRobotsOnWhiteSite
11433,19,26
timeStep,numberOfRobotsOnBlackSite,numberOfRobotsOnWhiteSite
11434,19,26
timeStep,numberOfRobotsOnBlackSite,numberOfRobotsOnWhiteSite
11435,19,25
timeStep,numberOfRobotsOnBlackSite,numberOfRobotsOnWhiteSite
11436,19,25
timeStep,numberOfRobotsOnBlackSite,numberOfRobotsOnWhiteSite
11437,19,25
timeStep,numberOfRobotsOnBlackSite,numberOfRobotsOnWhiteSite
11438,19,25
timeStep,numberOfRobotsOnBlackSite,numberOfRobotsOnWhiteSite
11439,19,25
timeStep,numberOfRobotsOnBlackSite,numberOfRobotsOnWhiteSite
11440,19,25
timeStep,numberOfRobotsOnBlackSite,numberOfRobotsOnWhiteSite
11441,19,25
timeStep,numberOfRobotsOnBlackSite,numberOfRobotsOnWhiteSite
11442,19,25
timeStep,numberOfRobotsOnBlackSite,numberOfRobotsOnWhiteSite
11443,19,25
timeStep,numberOfRobotsOnBlackSite,numberOfRobotsOnWhiteSite
11444,19,25
timeStep,numberOfRobotsOnBlackSite,numberOfRobotsOnWhiteSite
11445,19,25
timeStep,numberOfRobotsOnBlackSite,numberOfRobotsOnWhiteSite
11446,19,25
timeStep,numberOfRobotsOnBlackSite,numberOfRobotsOnWhiteSite
11447,19,25
timeStep,numberOfRobotsOnBlackSite,numberOfRobotsOnWhiteSite
11448,19,25
timeStep,numberOfRobotsOnBlackSite,numberOfRobotsOnWhiteSite
11449,19,25
timeStep,numberOfRobotsOnBlackSite,numberOfRobotsOnWhiteSite
11450,19,25
timeStep,numberOfRobotsOnBlackSite,numberOfRobotsOnWhiteSite
11451,19,25
timeStep,numberOfRobotsOnBlackSite,numberOfRobotsOnWhiteSite
11452,19,25
timeStep,numberOfRobotsOnBlackSite,numberOfRobotsOnWhiteSite
11453,19,25
timeStep,numberOfRobotsOnBlackSite,numberOfRobotsOnWhiteSite
11454,19,25
timeStep,numberOfRobotsOnBlackSite,numberOfRobotsOnWhiteSite
11455,19,25
timeStep,numberOfRobotsOnBlackSite,numberOfRobotsOnWhiteSite
11456,19,25
timeStep,numberOfRobotsOnBlackSite,numberOfRobotsOnWhiteSite
11457,19,25
timeStep,numberOfRobotsOnBlackSite,numberOfRobotsOnWhiteSite
11458,19,25
timeStep,numberOfRobotsOnBlackSite,numberOfRobotsOnWhiteSite
11459,19,25
timeStep,numberOfRobotsOnBlackSite,numberOfRobotsOnWhiteSite
11460,18,25
timeStep,numberOfRobotsOnBlackSite,numberOfRobotsOnWhiteSite
11461,18,25
timeStep,numberOfRobotsOnBlackSite,numberOfRobotsOnWhiteSite
11462,18,25
timeStep,numberOfRobotsOnBlackSite,numberOfRobotsOnWhiteSite
11463,18,25
timeStep,numberOfRobotsOnBlackSite,numberOfRobotsOnWhiteSite
11464,18,25
timeStep,numberOfRobotsOnBlackSite,numberOfRobotsOnWhiteSite
11465,18,25
timeStep,numberOfRobotsOnBlackSite,numberOfRobotsOnWhiteSite
11466,18,25
timeStep,numberOfRobotsOnBlackSite,numberOfRobotsOnWhiteSite
11467,18,25
timeStep,numberOfRobotsOnBlackSite,numberOfRobotsOnWhiteSite
11468,18,25
timeStep,numberOfRobotsOnBlackSite,numberOfRobotsOnWhiteSite
11469,18,25
timeStep,numberOfRobotsOnBlackSite,numberOfRobotsOnWhiteSite
11470,18,25
timeStep,numberOfRobotsOnBlackSite,numberOfRobotsOnWhiteSite
11471,18,25
timeStep,numberOfRobotsOnBlackSite,numberOfRobotsOnWhiteSite
11472,18,25
timeStep,numberOfRobotsOnBlackSite,numberOfRobotsOnWhiteSite
11473,18,25
timeStep,numberOfRobotsOnBlackSite,numberOfRobotsOnWhiteSite
11474,18,25
timeStep,numberOfRobotsOnBlackSite,numberOfRobotsOnWhiteSite
11475,18,25
timeStep,numberOfRobotsOnBlackSite,numberOfRobotsOnWhiteSite
11476,18,25
timeStep,numberOfRobotsOnBlackSite,numberOfRobotsOnWhiteSite
11477,18,25
timeStep,numberOfRobotsOnBlackSite,numberOfRobotsOnWhiteSite
11478,18,25
timeStep,numberOfRobotsOnBlackSite,numberOfRobotsOnWhiteSite
11479,18,25
timeStep,numberOfRobotsOnBlackSite,numberOfRobotsOnWhiteSite
11480,18,25
timeStep,numberOfRobotsOnBlackSite,numberOfRobotsOnWhiteSite
11481,18,25
timeStep,numberOfRobotsOnBlackSite,numberOfRobotsOnWhiteSite
11482,18,25
timeStep,numberOfRobotsOnBlackSite,numberOfRobotsOnWhiteSite
11483,18,25
timeStep,numberOfRobotsOnBlackSite,numberOfRobotsOnWhiteSite
11484,18,25
timeStep,numberOfRobotsOnBlackSite,numberOfRobotsOnWhiteSite
11485,17,25
timeStep,numberOfRobotsOnBlackSite,numberOfRobotsOnWhiteSite
11486,17,25
timeStep,numberOfRobotsOnBlackSite,numberOfRobotsOnWhiteSite
11487,17,25
timeStep,numberOfRobotsOnBlackSite,numberOfRobotsOnWhiteSite
11488,17,25
timeStep,numberOfRobotsOnBlackSite,numberOfRobotsOnWhiteSite
11489,17,25
timeStep,numberOfRobotsOnBlackSite,numberOfRobotsOnWhiteSite
11490,17,25
timeStep,numberOfRobotsOnBlackSite,numberOfRobotsOnWhiteSite
11491,17,25
timeStep,numberOfRobotsOnBlackSite,numberOfRobotsOnWhiteSite
11492,17,25
timeStep,numberOfRobotsOnBlackSite,numberOfRobotsOnWhiteSite
11493,17,25
timeStep,numberOfRobotsOnBlackSite,numberOfRobotsOnWhiteSite
11494,17,25
timeStep,numberOfRobotsOnBlackSite,numberOfRobotsOnWhiteSite
11495,17,25
timeStep,numberOfRobotsOnBlackSite,numberOfRobotsOnWhiteSite
11496,17,25
timeStep,numberOfRobotsOnBlackSite,numberOfRobotsOnWhiteSite
11497,17,25
timeStep,numberOfRobotsOnBlackSite,numberOfRobotsOnWhiteSite
11498,17,25
timeStep,numberOfRobotsOnBlackSite,numberOfRobotsOnWhiteSite
11499,17,25
timeStep,numberOfRobotsOnBlackSite,numberOfRobotsOnWhiteSite
11500,17,25
timeStep,numberOfRobotsOnBlackSite,numberOfRobotsOnWhiteSite
11501,17,25
timeStep,numberOfRobotsOnBlackSite,numberOfRobotsOnWhiteSite
11502,17,25
timeStep,numberOfRobotsOnBlackSite,numberOfRobotsOnWhiteSite
11503,17,25
timeStep,numberOfRobotsOnBlackSite,numberOfRobotsOnWhiteSite
11504,17,25
timeStep,numberOfRobotsOnBlackSite,numberOfRobotsOnWhiteSite
11505,17,25
timeStep,numberOfRobotsOnBlackSite,numberOfRobotsOnWhiteSite
11506,17,25
timeStep,numberOfRobotsOnBlackSite,numberOfRobotsOnWhiteSite
11507,17,25
timeStep,numberOfRobotsOnBlackSite,numberOfRobotsOnWhiteSite
11508,17,25
timeStep,numberOfRobotsOnBlackSite,numberOfRobotsOnWhiteSite
11509,17,25
timeStep,numberOfRobotsOnBlackSite,numberOfRobotsOnWhiteSite
11510,17,25
timeStep,numberOfRobotsOnBlackSite,numberOfRobotsOnWhiteSite
11511,17,25
timeStep,numberOfRobotsOnBlackSite,numberOfRobotsOnWhiteSite
11512,17,25
timeStep,numberOfRobotsOnBlackSite,numberOfRobotsOnWhiteSite
11513,17,25
timeStep,numberOfRobotsOnBlackSite,numberOfRobotsOnWhiteSite
11514,17,25
timeStep,numberOfRobotsOnBlackSite,numberOfRobotsOnWhiteSite
11515,17,25
timeStep,numberOfRobotsOnBlackSite,numberOfRobotsOnWhiteSite
11516,17,25
timeStep,numberOfRobotsOnBlackSite,numberOfRobotsOnWhiteSite
11517,17,25
timeStep,numberOfRobotsOnBlackSite,numberOfRobotsOnWhiteSite
11518,17,25
timeStep,numberOfRobotsOnBlackSite,numberOfRobotsOnWhiteSite
11519,17,25
timeStep,numberOfRobotsOnBlackSite,numberOfRobotsOnWhiteSite
11520,18,25
timeStep,numberOfRobotsOnBlackSite,numberOfRobotsOnWhiteSite
11521,18,25
timeStep,numberOfRobotsOnBlackSite,numberOfRobotsOnWhiteSite
11522,18,25
timeStep,numberOfRobotsOnBlackSite,numberOfRobotsOnWhiteSite
11523,18,25
timeStep,numberOfRobotsOnBlackSite,numberOfRobotsOnWhiteSite
11524,18,25
timeStep,numberOfRobotsOnBlackSite,numberOfRobotsOnWhiteSite
11525,18,25
timeStep,numberOfRobotsOnBlackSite,numberOfRobotsOnWhiteSite
11526,18,25
timeStep,numberOfRobotsOnBlackSite,numberOfRobotsOnWhiteSite
11527,18,25
timeStep,numberOfRobotsOnBlackSite,numberOfRobotsOnWhiteSite
11528,18,25
timeStep,numberOfRobotsOnBlackSite,numberOfRobotsOnWhiteSite
11529,18,25
timeStep,numberOfRobotsOnBlackSite,numberOfRobotsOnWhiteSite
11530,18,25
timeStep,numberOfRobotsOnBlackSite,numberOfRobotsOnWhiteSite
11531,18,25
timeStep,numberOfRobotsOnBlackSite,numberOfRobotsOnWhiteSite
11532,18,25
timeStep,numberOfRobotsOnBlackSite,numberOfRobotsOnWhiteSite
11533,18,25
timeStep,numberOfRobotsOnBlackSite,numberOfRobotsOnWhiteSite
11534,18,25
timeStep,numberOfRobotsOnBlackSite,numberOfRobotsOnWhiteSite
11535,18,25
timeStep,numberOfRobotsOnBlackSite,numberOfRobotsOnWhiteSite
11536,18,25
timeStep,numberOfRobotsOnBlackSite,numberOfRobotsOnWhiteSite
11537,18,25
timeStep,numberOfRobotsOnBlackSite,numberOfRobotsOnWhiteSite
11538,18,25
timeStep,numberOfRobotsOnBlackSite,numberOfRobotsOnWhiteSite
11539,18,25
timeStep,numberOfRobotsOnBlackSite,numberOfRobotsOnWhiteSite
11540,18,24
timeStep,numberOfRobotsOnBlackSite,numberOfRobotsOnWhiteSite
11541,18,24
timeStep,numberOfRobotsOnBlackSite,numberOfRobotsOnWhiteSite
11542,18,24
timeStep,numberOfRobotsOnBlackSite,numberOfRobotsOnWhiteSite
11543,18,24
timeStep,numberOfRobotsOnBlackSite,numberOfRobotsOnWhiteSite
11544,18,24
timeStep,numberOfRobotsOnBlackSite,numberOfRobotsOnWhiteSite
11545,18,24
timeStep,numberOfRobotsOnBlackSite,numberOfRobotsOnWhiteSite
11546,18,24
timeStep,numberOfRobotsOnBlackSite,numberOfRobotsOnWhiteSite
11547,18,24
timeStep,numberOfRobotsOnBlackSite,numberOfRobotsOnWhiteSite
11548,18,24
timeStep,numberOfRobotsOnBlackSite,numberOfRobotsOnWhiteSite
11549,18,24
timeStep,numberOfRobotsOnBlackSite,numberOfRobotsOnWhiteSite
11550,18,23
timeStep,numberOfRobotsOnBlackSite,numberOfRobotsOnWhiteSite
11551,18,23
timeStep,numberOfRobotsOnBlackSite,numberOfRobotsOnWhiteSite
11552,18,23
timeStep,numberOfRobotsOnBlackSite,numberOfRobotsOnWhiteSite
11553,18,23
timeStep,numberOfRobotsOnBlackSite,numberOfRobotsOnWhiteSite
11554,18,23
timeStep,numberOfRobotsOnBlackSite,numberOfRobotsOnWhiteSite
11555,18,23
timeStep,numberOfRobotsOnBlackSite,numberOfRobotsOnWhiteSite
11556,18,23
timeStep,numberOfRobotsOnBlackSite,numberOfRobotsOnWhiteSite
11557,18,23
timeStep,numberOfRobotsOnBlackSite,numberOfRobotsOnWhiteSite
11558,18,23
timeStep,numberOfRobotsOnBlackSite,numberOfRobotsOnWhiteSite
11559,18,23
timeStep,numberOfRobotsOnBlackSite,numberOfRobotsOnWhiteSite
11560,18,23
timeStep,numberOfRobotsOnBlackSite,numberOfRobotsOnWhiteSite
11561,18,23
timeStep,numberOfRobotsOnBlackSite,numberOfRobotsOnWhiteSite
11562,18,23
timeStep,numberOfRobotsOnBlackSite,numberOfRobotsOnWhiteSite
11563,18,23
timeStep,numberOfRobotsOnBlackSite,numberOfRobotsOnWhiteSite
11564,18,23
timeStep,numberOfRobotsOnBlackSite,numberOfRobotsOnWhiteSite
11565,18,23
timeStep,numberOfRobotsOnBlackSite,numberOfRobotsOnWhiteSite
11566,18,23
timeStep,numberOfRobotsOnBlackSite,numberOfRobotsOnWhiteSite
11567,18,23
timeStep,numberOfRobotsOnBlackSite,numberOfRobotsOnWhiteSite
11568,18,23
timeStep,numberOfRobotsOnBlackSite,numberOfRobotsOnWhiteSite
11569,18,23
timeStep,numberOfRobotsOnBlackSite,numberOfRobotsOnWhiteSite
11570,18,23
timeStep,numberOfRobotsOnBlackSite,numberOfRobotsOnWhiteSite
11571,18,23
timeStep,numberOfRobotsOnBlackSite,numberOfRobotsOnWhiteSite
11572,18,23
timeStep,numberOfRobotsOnBlackSite,numberOfRobotsOnWhiteSite
11573,18,23
timeStep,numberOfRobotsOnBlackSite,numberOfRobotsOnWhiteSite
11574,18,23
timeStep,numberOfRobotsOnBlackSite,numberOfRobotsOnWhiteSite
11575,18,23
timeStep,numberOfRobotsOnBlackSite,numberOfRobotsOnWhiteSite
11576,18,23
timeStep,numberOfRobotsOnBlackSite,numberOfRobotsOnWhiteSite
11577,18,23
timeStep,numberOfRobotsOnBlackSite,numberOfRobotsOnWhiteSite
11578,18,23
timeStep,numberOfRobotsOnBlackSite,numberOfRobotsOnWhiteSite
11579,18,23
timeStep,numberOfRobotsOnBlackSite,numberOfRobotsOnWhiteSite
11580,18,23
timeStep,numberOfRobotsOnBlackSite,numberOfRobotsOnWhiteSite
11581,18,23
timeStep,numberOfRobotsOnBlackSite,numberOfRobotsOnWhiteSite
11582,18,23
timeStep,numberOfRobotsOnBlackSite,numberOfRobotsOnWhiteSite
11583,18,23
timeStep,numberOfRobotsOnBlackSite,numberOfRobotsOnWhiteSite
11584,18,23
timeStep,numberOfRobotsOnBlackSite,numberOfRobotsOnWhiteSite
11585,18,24
timeStep,numberOfRobotsOnBlackSite,numberOfRobotsOnWhiteSite
11586,18,24
timeStep,numberOfRobotsOnBlackSite,numberOfRobotsOnWhiteSite
11587,18,24
timeStep,numberOfRobotsOnBlackSite,numberOfRobotsOnWhiteSite
11588,18,24
timeStep,numberOfRobotsOnBlackSite,numberOfRobotsOnWhiteSite
11589,18,24
timeStep,numberOfRobotsOnBlackSite,numberOfRobotsOnWhiteSite
11590,18,25
timeStep,numberOfRobotsOnBlackSite,numberOfRobotsOnWhiteSite
11591,18,25
timeStep,numberOfRobotsOnBlackSite,numberOfRobotsOnWhiteSite
11592,18,25
timeStep,numberOfRobotsOnBlackSite,numberOfRobotsOnWhiteSite
11593,18,25
timeStep,numberOfRobotsOnBlackSite,numberOfRobotsOnWhiteSite
11594,18,25
timeStep,numberOfRobotsOnBlackSite,numberOfRobotsOnWhiteSite
11595,17,25
timeStep,numberOfRobotsOnBlackSite,numberOfRobotsOnWhiteSite
11596,17,25
timeStep,numberOfRobotsOnBlackSite,numberOfRobotsOnWhiteSite
11597,17,25
timeStep,numberOfRobotsOnBlackSite,numberOfRobotsOnWhiteSite
11598,17,25
timeStep,numberOfRobotsOnBlackSite,numberOfRobotsOnWhiteSite
11599,17,25
timeStep,numberOfRobotsOnBlackSite,numberOfRobotsOnWhiteSite
11600,17,25
timeStep,numberOfRobotsOnBlackSite,numberOfRobotsOnWhiteSite
11601,17,25
timeStep,numberOfRobotsOnBlackSite,numberOfRobotsOnWhiteSite
11602,17,25
timeStep,numberOfRobotsOnBlackSite,numberOfRobotsOnWhiteSite
11603,17,25
timeStep,numberOfRobotsOnBlackSite,numberOfRobotsOnWhiteSite
11604,17,25
timeStep,numberOfRobotsOnBlackSite,numberOfRobotsOnWhiteSite
11605,17,25
timeStep,numberOfRobotsOnBlackSite,numberOfRobotsOnWhiteSite
11606,17,25
timeStep,numberOfRobotsOnBlackSite,numberOfRobotsOnWhiteSite
11607,17,25
timeStep,numberOfRobotsOnBlackSite,numberOfRobotsOnWhiteSite
11608,17,25
timeStep,numberOfRobotsOnBlackSite,numberOfRobotsOnWhiteSite
11609,17,25
timeStep,numberOfRobotsOnBlackSite,numberOfRobotsOnWhiteSite
11610,17,25
timeStep,numberOfRobotsOnBlackSite,numberOfRobotsOnWhiteSite
11611,17,25
timeStep,numberOfRobotsOnBlackSite,numberOfRobotsOnWhiteSite
11612,17,25
timeStep,numberOfRobotsOnBlackSite,numberOfRobotsOnWhiteSite
11613,17,25
timeStep,numberOfRobotsOnBlackSite,numberOfRobotsOnWhiteSite
11614,17,25
timeStep,numberOfRobotsOnBlackSite,numberOfRobotsOnWhiteSite
11615,17,25
timeStep,numberOfRobotsOnBlackSite,numberOfRobotsOnWhiteSite
11616,17,25
timeStep,numberOfRobotsOnBlackSite,numberOfRobotsOnWhiteSite
11617,17,25
timeStep,numberOfRobotsOnBlackSite,numberOfRobotsOnWhiteSite
11618,17,25
timeStep,numberOfRobotsOnBlackSite,numberOfRobotsOnWhiteSite
11619,17,25
timeStep,numberOfRobotsOnBlackSite,numberOfRobotsOnWhiteSite
11620,17,25
timeStep,numberOfRobotsOnBlackSite,numberOfRobotsOnWhiteSite
11621,17,25
timeStep,numberOfRobotsOnBlackSite,numberOfRobotsOnWhiteSite
11622,17,25
timeStep,numberOfRobotsOnBlackSite,numberOfRobotsOnWhiteSite
11623,17,25
timeStep,numberOfRobotsOnBlackSite,numberOfRobotsOnWhiteSite
11624,17,25
timeStep,numberOfRobotsOnBlackSite,numberOfRobotsOnWhiteSite
11625,17,25
timeStep,numberOfRobotsOnBlackSite,numberOfRobotsOnWhiteSite
11626,17,25
timeStep,numberOfRobotsOnBlackSite,numberOfRobotsOnWhiteSite
11627,17,25
timeStep,numberOfRobotsOnBlackSite,numberOfRobotsOnWhiteSite
11628,17,25
timeStep,numberOfRobotsOnBlackSite,numberOfRobotsOnWhiteSite
11629,17,25
timeStep,numberOfRobotsOnBlackSite,numberOfRobotsOnWhiteSite
11630,17,25
timeStep,numberOfRobotsOnBlackSite,numberOfRobotsOnWhiteSite
11631,17,25
timeStep,numberOfRobotsOnBlackSite,numberOfRobotsOnWhiteSite
11632,17,25
timeStep,numberOfRobotsOnBlackSite,numberOfRobotsOnWhiteSite
11633,17,25
timeStep,numberOfRobotsOnBlackSite,numberOfRobotsOnWhiteSite
11634,17,25
timeStep,numberOfRobotsOnBlackSite,numberOfRobotsOnWhiteSite
11635,17,25
timeStep,numberOfRobotsOnBlackSite,numberOfRobotsOnWhiteSite
11636,17,25
timeStep,numberOfRobotsOnBlackSite,numberOfRobotsOnWhiteSite
11637,17,25
timeStep,numberOfRobotsOnBlackSite,numberOfRobotsOnWhiteSite
11638,17,25
timeStep,numberOfRobotsOnBlackSite,numberOfRobotsOnWhiteSite
11639,17,25
timeStep,numberOfRobotsOnBlackSite,numberOfRobotsOnWhiteSite
11640,17,25
timeStep,numberOfRobotsOnBlackSite,numberOfRobotsOnWhiteSite
11641,17,25
timeStep,numberOfRobotsOnBlackSite,numberOfRobotsOnWhiteSite
11642,17,25
timeStep,numberOfRobotsOnBlackSite,numberOfRobotsOnWhiteSite
11643,17,25
timeStep,numberOfRobotsOnBlackSite,numberOfRobotsOnWhiteSite
11644,17,25
timeStep,numberOfRobotsOnBlackSite,numberOfRobotsOnWhiteSite
11645,17,25
timeStep,numberOfRobotsOnBlackSite,numberOfRobotsOnWhiteSite
11646,17,25
timeStep,numberOfRobotsOnBlackSite,numberOfRobotsOnWhiteSite
11647,17,25
timeStep,numberOfRobotsOnBlackSite,numberOfRobotsOnWhiteSite
11648,17,25
timeStep,numberOfRobotsOnBlackSite,numberOfRobotsOnWhiteSite
11649,17,25
timeStep,numberOfRobotsOnBlackSite,numberOfRobotsOnWhiteSite
11650,17,25
timeStep,numberOfRobotsOnBlackSite,numberOfRobotsOnWhiteSite
11651,17,25
timeStep,numberOfRobotsOnBlackSite,numberOfRobotsOnWhiteSite
11652,17,25
timeStep,numberOfRobotsOnBlackSite,numberOfRobotsOnWhiteSite
11653,17,25
timeStep,numberOfRobotsOnBlackSite,numberOfRobotsOnWhiteSite
11654,17,25
timeStep,numberOfRobotsOnBlackSite,numberOfRobotsOnWhiteSite
11655,17,25
timeStep,numberOfRobotsOnBlackSite,numberOfRobotsOnWhiteSite
11656,17,25
timeStep,numberOfRobotsOnBlackSite,numberOfRobotsOnWhiteSite
11657,17,25
timeStep,numberOfRobotsOnBlackSite,numberOfRobotsOnWhiteSite
11658,17,25
timeStep,numberOfRobotsOnBlackSite,numberOfRobotsOnWhiteSite
11659,17,25
timeStep,numberOfRobotsOnBlackSite,numberOfRobotsOnWhiteSite
11660,17,25
timeStep,numberOfRobotsOnBlackSite,numberOfRobotsOnWhiteSite
11661,17,25
timeStep,numberOfRobotsOnBlackSite,numberOfRobotsOnWhiteSite
11662,17,25
timeStep,numberOfRobotsOnBlackSite,numberOfRobotsOnWhiteSite
11663,17,25
timeStep,numberOfRobotsOnBlackSite,numberOfRobotsOnWhiteSite
11664,17,25
timeStep,numberOfRobotsOnBlackSite,numberOfRobotsOnWhiteSite
11665,17,25
timeStep,numberOfRobotsOnBlackSite,numberOfRobotsOnWhiteSite
11666,17,25
timeStep,numberOfRobotsOnBlackSite,numberOfRobotsOnWhiteSite
11667,17,25
timeStep,numberOfRobotsOnBlackSite,numberOfRobotsOnWhiteSite
11668,17,25
timeStep,numberOfRobotsOnBlackSite,numberOfRobotsOnWhiteSite
11669,17,25
timeStep,numberOfRobotsOnBlackSite,numberOfRobotsOnWhiteSite
11670,17,25
timeStep,numberOfRobotsOnBlackSite,numberOfRobotsOnWhiteSite
11671,17,25
timeStep,numberOfRobotsOnBlackSite,numberOfRobotsOnWhiteSite
11672,17,25
timeStep,numberOfRobotsOnBlackSite,numberOfRobotsOnWhiteSite
11673,17,25
timeStep,numberOfRobotsOnBlackSite,numberOfRobotsOnWhiteSite
11674,17,25
timeStep,numberOfRobotsOnBlackSite,numberOfRobotsOnWhiteSite
11675,17,25
timeStep,numberOfRobotsOnBlackSite,numberOfRobotsOnWhiteSite
11676,17,25
timeStep,numberOfRobotsOnBlackSite,numberOfRobotsOnWhiteSite
11677,17,25
timeStep,numberOfRobotsOnBlackSite,numberOfRobotsOnWhiteSite
11678,17,25
timeStep,numberOfRobotsOnBlackSite,numberOfRobotsOnWhiteSite
11679,17,25
timeStep,numberOfRobotsOnBlackSite,numberOfRobotsOnWhiteSite
11680,17,26
timeStep,numberOfRobotsOnBlackSite,numberOfRobotsOnWhiteSite
11681,17,26
timeStep,numberOfRobotsOnBlackSite,numberOfRobotsOnWhiteSite
11682,17,26
timeStep,numberOfRobotsOnBlackSite,numberOfRobotsOnWhiteSite
11683,17,26
timeStep,numberOfRobotsOnBlackSite,numberOfRobotsOnWhiteSite
11684,17,26
timeStep,numberOfRobotsOnBlackSite,numberOfRobotsOnWhiteSite
11685,17,26
timeStep,numberOfRobotsOnBlackSite,numberOfRobotsOnWhiteSite
11686,17,26
timeStep,numberOfRobotsOnBlackSite,numberOfRobotsOnWhiteSite
11687,17,26
timeStep,numberOfRobotsOnBlackSite,numberOfRobotsOnWhiteSite
11688,17,26
timeStep,numberOfRobotsOnBlackSite,numberOfRobotsOnWhiteSite
11689,17,26
timeStep,numberOfRobotsOnBlackSite,numberOfRobotsOnWhiteSite
11690,17,26
timeStep,numberOfRobotsOnBlackSite,numberOfRobotsOnWhiteSite
11691,17,26
timeStep,numberOfRobotsOnBlackSite,numberOfRobotsOnWhiteSite
11692,17,26
timeStep,numberOfRobotsOnBlackSite,numberOfRobotsOnWhiteSite
11693,17,26
timeStep,numberOfRobotsOnBlackSite,numberOfRobotsOnWhiteSite
11694,17,26
timeStep,numberOfRobotsOnBlackSite,numberOfRobotsOnWhiteSite
11695,17,26
timeStep,numberOfRobotsOnBlackSite,numberOfRobotsOnWhiteSite
11696,17,26
timeStep,numberOfRobotsOnBlackSite,numberOfRobotsOnWhiteSite
11697,17,26
timeStep,numberOfRobotsOnBlackSite,numberOfRobotsOnWhiteSite
11698,17,26
timeStep,numberOfRobotsOnBlackSite,numberOfRobotsOnWhiteSite
11699,17,26
timeStep,numberOfRobotsOnBlackSite,numberOfRobotsOnWhiteSite
11700,17,26
timeStep,numberOfRobotsOnBlackSite,numberOfRobotsOnWhiteSite
11701,17,26
timeStep,numberOfRobotsOnBlackSite,numberOfRobotsOnWhiteSite
11702,17,26
timeStep,numberOfRobotsOnBlackSite,numberOfRobotsOnWhiteSite
11703,17,26
timeStep,numberOfRobotsOnBlackSite,numberOfRobotsOnWhiteSite
11704,17,26
timeStep,numberOfRobotsOnBlackSite,numberOfRobotsOnWhiteSite
11705,17,25
timeStep,numberOfRobotsOnBlackSite,numberOfRobotsOnWhiteSite
11706,17,25
timeStep,numberOfRobotsOnBlackSite,numberOfRobotsOnWhiteSite
11707,17,25
timeStep,numberOfRobotsOnBlackSite,numberOfRobotsOnWhiteSite
11708,17,25
timeStep,numberOfRobotsOnBlackSite,numberOfRobotsOnWhiteSite
11709,17,25
timeStep,numberOfRobotsOnBlackSite,numberOfRobotsOnWhiteSite
11710,17,25
timeStep,numberOfRobotsOnBlackSite,numberOfRobotsOnWhiteSite
11711,17,25
timeStep,numberOfRobotsOnBlackSite,numberOfRobotsOnWhiteSite
11712,17,25
timeStep,numberOfRobotsOnBlackSite,numberOfRobotsOnWhiteSite
11713,17,25
timeStep,numberOfRobotsOnBlackSite,numberOfRobotsOnWhiteSite
11714,17,25
timeStep,numberOfRobotsOnBlackSite,numberOfRobotsOnWhiteSite
11715,17,25
timeStep,numberOfRobotsOnBlackSite,numberOfRobotsOnWhiteSite
11716,17,25
timeStep,numberOfRobotsOnBlackSite,numberOfRobotsOnWhiteSite
11717,17,25
timeStep,numberOfRobotsOnBlackSite,numberOfRobotsOnWhiteSite
11718,17,25
timeStep,numberOfRobotsOnBlackSite,numberOfRobotsOnWhiteSite
11719,17,25
timeStep,numberOfRobotsOnBlackSite,numberOfRobotsOnWhiteSite
11720,17,25
timeStep,numberOfRobotsOnBlackSite,numberOfRobotsOnWhiteSite
11721,17,25
timeStep,numberOfRobotsOnBlackSite,numberOfRobotsOnWhiteSite
11722,17,25
timeStep,numberOfRobotsOnBlackSite,numberOfRobotsOnWhiteSite
11723,17,25
timeStep,numberOfRobotsOnBlackSite,numberOfRobotsOnWhiteSite
11724,17,25
timeStep,numberOfRobotsOnBlackSite,numberOfRobotsOnWhiteSite
11725,17,25
timeStep,numberOfRobotsOnBlackSite,numberOfRobotsOnWhiteSite
11726,17,25
timeStep,numberOfRobotsOnBlackSite,numberOfRobotsOnWhiteSite
11727,17,25
timeStep,numberOfRobotsOnBlackSite,numberOfRobotsOnWhiteSite
11728,17,25
timeStep,numberOfRobotsOnBlackSite,numberOfRobotsOnWhiteSite
11729,17,25
timeStep,numberOfRobotsOnBlackSite,numberOfRobotsOnWhiteSite
11730,17,25
timeStep,numberOfRobotsOnBlackSite,numberOfRobotsOnWhiteSite
11731,17,25
timeStep,numberOfRobotsOnBlackSite,numberOfRobotsOnWhiteSite
11732,17,25
timeStep,numberOfRobotsOnBlackSite,numberOfRobotsOnWhiteSite
11733,17,25
timeStep,numberOfRobotsOnBlackSite,numberOfRobotsOnWhiteSite
11734,17,25
timeStep,numberOfRobotsOnBlackSite,numberOfRobotsOnWhiteSite
11735,17,25
timeStep,numberOfRobotsOnBlackSite,numberOfRobotsOnWhiteSite
11736,17,25
timeStep,numberOfRobotsOnBlackSite,numberOfRobotsOnWhiteSite
11737,17,25
timeStep,numberOfRobotsOnBlackSite,numberOfRobotsOnWhiteSite
11738,17,25
timeStep,numberOfRobotsOnBlackSite,numberOfRobotsOnWhiteSite
11739,17,25
timeStep,numberOfRobotsOnBlackSite,numberOfRobotsOnWhiteSite
11740,17,25
timeStep,numberOfRobotsOnBlackSite,numberOfRobotsOnWhiteSite
11741,17,25
timeStep,numberOfRobotsOnBlackSite,numberOfRobotsOnWhiteSite
11742,17,25
timeStep,numberOfRobotsOnBlackSite,numberOfRobotsOnWhiteSite
11743,17,25
timeStep,numberOfRobotsOnBlackSite,numberOfRobotsOnWhiteSite
11744,17,25
timeStep,numberOfRobotsOnBlackSite,numberOfRobotsOnWhiteSite
11745,17,25
timeStep,numberOfRobotsOnBlackSite,numberOfRobotsOnWhiteSite
11746,17,25
timeStep,numberOfRobotsOnBlackSite,numberOfRobotsOnWhiteSite
11747,17,25
timeStep,numberOfRobotsOnBlackSite,numberOfRobotsOnWhiteSite
11748,17,25
timeStep,numberOfRobotsOnBlackSite,numberOfRobotsOnWhiteSite
11749,17,25
timeStep,numberOfRobotsOnBlackSite,numberOfRobotsOnWhiteSite
11750,17,25
timeStep,numberOfRobotsOnBlackSite,numberOfRobotsOnWhiteSite
11751,17,25
timeStep,numberOfRobotsOnBlackSite,numberOfRobotsOnWhiteSite
11752,17,25
timeStep,numberOfRobotsOnBlackSite,numberOfRobotsOnWhiteSite
11753,17,25
timeStep,numberOfRobotsOnBlackSite,numberOfRobotsOnWhiteSite
11754,17,25
timeStep,numberOfRobotsOnBlackSite,numberOfRobotsOnWhiteSite
11755,17,25
timeStep,numberOfRobotsOnBlackSite,numberOfRobotsOnWhiteSite
11756,17,25
timeStep,numberOfRobotsOnBlackSite,numberOfRobotsOnWhiteSite
11757,17,25
timeStep,numberOfRobotsOnBlackSite,numberOfRobotsOnWhiteSite
11758,17,25
timeStep,numberOfRobotsOnBlackSite,numberOfRobotsOnWhiteSite
11759,17,25
timeStep,numberOfRobotsOnBlackSite,numberOfRobotsOnWhiteSite
11760,17,26
timeStep,numberOfRobotsOnBlackSite,numberOfRobotsOnWhiteSite
11761,17,26
timeStep,numberOfRobotsOnBlackSite,numberOfRobotsOnWhiteSite
11762,17,26
timeStep,numberOfRobotsOnBlackSite,numberOfRobotsOnWhiteSite
11763,17,26
timeStep,numberOfRobotsOnBlackSite,numberOfRobotsOnWhiteSite
11764,17,26
timeStep,numberOfRobotsOnBlackSite,numberOfRobotsOnWhiteSite
11765,17,26
timeStep,numberOfRobotsOnBlackSite,numberOfRobotsOnWhiteSite
11766,17,26
timeStep,numberOfRobotsOnBlackSite,numberOfRobotsOnWhiteSite
11767,17,26
timeStep,numberOfRobotsOnBlackSite,numberOfRobotsOnWhiteSite
11768,17,26
timeStep,numberOfRobotsOnBlackSite,numberOfRobotsOnWhiteSite
11769,17,26
timeStep,numberOfRobotsOnBlackSite,numberOfRobotsOnWhiteSite
11770,17,26
timeStep,numberOfRobotsOnBlackSite,numberOfRobotsOnWhiteSite
11771,17,26
timeStep,numberOfRobotsOnBlackSite,numberOfRobotsOnWhiteSite
11772,17,26
timeStep,numberOfRobotsOnBlackSite,numberOfRobotsOnWhiteSite
11773,17,26
timeStep,numberOfRobotsOnBlackSite,numberOfRobotsOnWhiteSite
11774,17,26
timeStep,numberOfRobotsOnBlackSite,numberOfRobotsOnWhiteSite
11775,17,26
timeStep,numberOfRobotsOnBlackSite,numberOfRobotsOnWhiteSite
11776,17,26
timeStep,numberOfRobotsOnBlackSite,numberOfRobotsOnWhiteSite
11777,17,26
timeStep,numberOfRobotsOnBlackSite,numberOfRobotsOnWhiteSite
11778,17,26
timeStep,numberOfRobotsOnBlackSite,numberOfRobotsOnWhiteSite
11779,17,26
timeStep,numberOfRobotsOnBlackSite,numberOfRobotsOnWhiteSite
11780,17,26
timeStep,numberOfRobotsOnBlackSite,numberOfRobotsOnWhiteSite
11781,17,26
timeStep,numberOfRobotsOnBlackSite,numberOfRobotsOnWhiteSite
11782,17,26
timeStep,numberOfRobotsOnBlackSite,numberOfRobotsOnWhiteSite
11783,17,26
timeStep,numberOfRobotsOnBlackSite,numberOfRobotsOnWhiteSite
11784,17,26
timeStep,numberOfRobotsOnBlackSite,numberOfRobotsOnWhiteSite
11785,17,26
timeStep,numberOfRobotsOnBlackSite,numberOfRobotsOnWhiteSite
11786,17,26
timeStep,numberOfRobotsOnBlackSite,numberOfRobotsOnWhiteSite
11787,17,26
timeStep,numberOfRobotsOnBlackSite,numberOfRobotsOnWhiteSite
11788,17,26
timeStep,numberOfRobotsOnBlackSite,numberOfRobotsOnWhiteSite
11789,17,26
timeStep,numberOfRobotsOnBlackSite,numberOfRobotsOnWhiteSite
11790,17,26
timeStep,numberOfRobotsOnBlackSite,numberOfRobotsOnWhiteSite
11791,17,26
timeStep,numberOfRobotsOnBlackSite,numberOfRobotsOnWhiteSite
11792,17,26
timeStep,numberOfRobotsOnBlackSite,numberOfRobotsOnWhiteSite
11793,17,26
timeStep,numberOfRobotsOnBlackSite,numberOfRobotsOnWhiteSite
11794,17,26
timeStep,numberOfRobotsOnBlackSite,numberOfRobotsOnWhiteSite
11795,17,26
timeStep,numberOfRobotsOnBlackSite,numberOfRobotsOnWhiteSite
11796,17,26
timeStep,numberOfRobotsOnBlackSite,numberOfRobotsOnWhiteSite
11797,17,26
timeStep,numberOfRobotsOnBlackSite,numberOfRobotsOnWhiteSite
11798,17,26
timeStep,numberOfRobotsOnBlackSite,numberOfRobotsOnWhiteSite
11799,17,26
timeStep,numberOfRobotsOnBlackSite,numberOfRobotsOnWhiteSite
11800,17,26
timeStep,numberOfRobotsOnBlackSite,numberOfRobotsOnWhiteSite
11801,17,26
timeStep,numberOfRobotsOnBlackSite,numberOfRobotsOnWhiteSite
11802,17,26
timeStep,numberOfRobotsOnBlackSite,numberOfRobotsOnWhiteSite
11803,17,26
timeStep,numberOfRobotsOnBlackSite,numberOfRobotsOnWhiteSite
11804,17,26
timeStep,numberOfRobotsOnBlackSite,numberOfRobotsOnWhiteSite
11805,17,27
timeStep,numberOfRobotsOnBlackSite,numberOfRobotsOnWhiteSite
11806,17,27
timeStep,numberOfRobotsOnBlackSite,numberOfRobotsOnWhiteSite
11807,17,27
timeStep,numberOfRobotsOnBlackSite,numberOfRobotsOnWhiteSite
11808,17,27
timeStep,numberOfRobotsOnBlackSite,numberOfRobotsOnWhiteSite
11809,17,27
timeStep,numberOfRobotsOnBlackSite,numberOfRobotsOnWhiteSite
11810,17,27
timeStep,numberOfRobotsOnBlackSite,numberOfRobotsOnWhiteSite
11811,17,27
timeStep,numberOfRobotsOnBlackSite,numberOfRobotsOnWhiteSite
11812,17,27
timeStep,numberOfRobotsOnBlackSite,numberOfRobotsOnWhiteSite
11813,17,27
timeStep,numberOfRobotsOnBlackSite,numberOfRobotsOnWhiteSite
11814,17,27
timeStep,numberOfRobotsOnBlackSite,numberOfRobotsOnWhiteSite
11815,17,27
timeStep,numberOfRobotsOnBlackSite,numberOfRobotsOnWhiteSite
11816,17,27
timeStep,numberOfRobotsOnBlackSite,numberOfRobotsOnWhiteSite
11817,17,27
timeStep,numberOfRobotsOnBlackSite,numberOfRobotsOnWhiteSite
11818,17,27
timeStep,numberOfRobotsOnBlackSite,numberOfRobotsOnWhiteSite
11819,17,27
timeStep,numberOfRobotsOnBlackSite,numberOfRobotsOnWhiteSite
11820,17,28
timeStep,numberOfRobotsOnBlackSite,numberOfRobotsOnWhiteSite
11821,17,28
timeStep,numberOfRobotsOnBlackSite,numberOfRobotsOnWhiteSite
11822,17,28
timeStep,numberOfRobotsOnBlackSite,numberOfRobotsOnWhiteSite
11823,17,28
timeStep,numberOfRobotsOnBlackSite,numberOfRobotsOnWhiteSite
11824,17,28
timeStep,numberOfRobotsOnBlackSite,numberOfRobotsOnWhiteSite
11825,17,28
timeStep,numberOfRobotsOnBlackSite,numberOfRobotsOnWhiteSite
11826,17,28
timeStep,numberOfRobotsOnBlackSite,numberOfRobotsOnWhiteSite
11827,17,28
timeStep,numberOfRobotsOnBlackSite,numberOfRobotsOnWhiteSite
11828,17,28
timeStep,numberOfRobotsOnBlackSite,numberOfRobotsOnWhiteSite
11829,17,28
timeStep,numberOfRobotsOnBlackSite,numberOfRobotsOnWhiteSite
11830,17,28
timeStep,numberOfRobotsOnBlackSite,numberOfRobotsOnWhiteSite
11831,17,28
timeStep,numberOfRobotsOnBlackSite,numberOfRobotsOnWhiteSite
11832,17,28
timeStep,numberOfRobotsOnBlackSite,numberOfRobotsOnWhiteSite
11833,17,28
timeStep,numberOfRobotsOnBlackSite,numberOfRobotsOnWhiteSite
11834,17,28
timeStep,numberOfRobotsOnBlackSite,numberOfRobotsOnWhiteSite
11835,17,28
timeStep,numberOfRobotsOnBlackSite,numberOfRobotsOnWhiteSite
11836,17,28
timeStep,numberOfRobotsOnBlackSite,numberOfRobotsOnWhiteSite
11837,17,28
timeStep,numberOfRobotsOnBlackSite,numberOfRobotsOnWhiteSite
11838,17,28
timeStep,numberOfRobotsOnBlackSite,numberOfRobotsOnWhiteSite
11839,17,28
timeStep,numberOfRobotsOnBlackSite,numberOfRobotsOnWhiteSite
11840,17,28
timeStep,numberOfRobotsOnBlackSite,numberOfRobotsOnWhiteSite
11841,17,28
timeStep,numberOfRobotsOnBlackSite,numberOfRobotsOnWhiteSite
11842,17,28
timeStep,numberOfRobotsOnBlackSite,numberOfRobotsOnWhiteSite
11843,17,28
timeStep,numberOfRobotsOnBlackSite,numberOfRobotsOnWhiteSite
11844,17,28
timeStep,numberOfRobotsOnBlackSite,numberOfRobotsOnWhiteSite
11845,17,28
timeStep,numberOfRobotsOnBlackSite,numberOfRobotsOnWhiteSite
11846,17,28
timeStep,numberOfRobotsOnBlackSite,numberOfRobotsOnWhiteSite
11847,17,28
timeStep,numberOfRobotsOnBlackSite,numberOfRobotsOnWhiteSite
11848,17,28
timeStep,numberOfRobotsOnBlackSite,numberOfRobotsOnWhiteSite
11849,17,28
timeStep,numberOfRobotsOnBlackSite,numberOfRobotsOnWhiteSite
11850,17,28
timeStep,numberOfRobotsOnBlackSite,numberOfRobotsOnWhiteSite
11851,17,28
timeStep,numberOfRobotsOnBlackSite,numberOfRobotsOnWhiteSite
11852,17,28
timeStep,numberOfRobotsOnBlackSite,numberOfRobotsOnWhiteSite
11853,17,28
timeStep,numberOfRobotsOnBlackSite,numberOfRobotsOnWhiteSite
11854,17,28
timeStep,numberOfRobotsOnBlackSite,numberOfRobotsOnWhiteSite
11855,17,28
timeStep,numberOfRobotsOnBlackSite,numberOfRobotsOnWhiteSite
11856,17,28
timeStep,numberOfRobotsOnBlackSite,numberOfRobotsOnWhiteSite
11857,17,28
timeStep,numberOfRobotsOnBlackSite,numberOfRobotsOnWhiteSite
11858,17,28
timeStep,numberOfRobotsOnBlackSite,numberOfRobotsOnWhiteSite
11859,17,28
timeStep,numberOfRobotsOnBlackSite,numberOfRobotsOnWhiteSite
11860,17,28
timeStep,numberOfRobotsOnBlackSite,numberOfRobotsOnWhiteSite
11861,17,28
timeStep,numberOfRobotsOnBlackSite,numberOfRobotsOnWhiteSite
11862,17,28
timeStep,numberOfRobotsOnBlackSite,numberOfRobotsOnWhiteSite
11863,17,28
timeStep,numberOfRobotsOnBlackSite,numberOfRobotsOnWhiteSite
11864,17,28
timeStep,numberOfRobotsOnBlackSite,numberOfRobotsOnWhiteSite
11865,17,27
timeStep,numberOfRobotsOnBlackSite,numberOfRobotsOnWhiteSite
11866,17,27
timeStep,numberOfRobotsOnBlackSite,numberOfRobotsOnWhiteSite
11867,17,27
timeStep,numberOfRobotsOnBlackSite,numberOfRobotsOnWhiteSite
11868,17,27
timeStep,numberOfRobotsOnBlackSite,numberOfRobotsOnWhiteSite
11869,17,27
timeStep,numberOfRobotsOnBlackSite,numberOfRobotsOnWhiteSite
11870,17,27
timeStep,numberOfRobotsOnBlackSite,numberOfRobotsOnWhiteSite
11871,17,27
timeStep,numberOfRobotsOnBlackSite,numberOfRobotsOnWhiteSite
11872,17,27
timeStep,numberOfRobotsOnBlackSite,numberOfRobotsOnWhiteSite
11873,17,27
timeStep,numberOfRobotsOnBlackSite,numberOfRobotsOnWhiteSite
11874,17,27
timeStep,numberOfRobotsOnBlackSite,numberOfRobotsOnWhiteSite
11875,17,27
timeStep,numberOfRobotsOnBlackSite,numberOfRobotsOnWhiteSite
11876,17,27
timeStep,numberOfRobotsOnBlackSite,numberOfRobotsOnWhiteSite
11877,17,27
timeStep,numberOfRobotsOnBlackSite,numberOfRobotsOnWhiteSite
11878,17,27
timeStep,numberOfRobotsOnBlackSite,numberOfRobotsOnWhiteSite
11879,17,27
timeStep,numberOfRobotsOnBlackSite,numberOfRobotsOnWhiteSite
11880,17,27
timeStep,numberOfRobotsOnBlackSite,numberOfRobotsOnWhiteSite
11881,17,27
timeStep,numberOfRobotsOnBlackSite,numberOfRobotsOnWhiteSite
11882,17,27
timeStep,numberOfRobotsOnBlackSite,numberOfRobotsOnWhiteSite
11883,17,27
timeStep,numberOfRobotsOnBlackSite,numberOfRobotsOnWhiteSite
11884,17,27
timeStep,numberOfRobotsOnBlackSite,numberOfRobotsOnWhiteSite
11885,17,27
timeStep,numberOfRobotsOnBlackSite,numberOfRobotsOnWhiteSite
11886,17,27
timeStep,numberOfRobotsOnBlackSite,numberOfRobotsOnWhiteSite
11887,17,27
timeStep,numberOfRobotsOnBlackSite,numberOfRobotsOnWhiteSite
11888,17,27
timeStep,numberOfRobotsOnBlackSite,numberOfRobotsOnWhiteSite
11889,17,27
timeStep,numberOfRobotsOnBlackSite,numberOfRobotsOnWhiteSite
11890,17,27
timeStep,numberOfRobotsOnBlackSite,numberOfRobotsOnWhiteSite
11891,17,27
timeStep,numberOfRobotsOnBlackSite,numberOfRobotsOnWhiteSite
11892,17,27
timeStep,numberOfRobotsOnBlackSite,numberOfRobotsOnWhiteSite
11893,17,27
timeStep,numberOfRobotsOnBlackSite,numberOfRobotsOnWhiteSite
11894,17,27
timeStep,numberOfRobotsOnBlackSite,numberOfRobotsOnWhiteSite
11895,17,27
timeStep,numberOfRobotsOnBlackSite,numberOfRobotsOnWhiteSite
11896,17,27
timeStep,numberOfRobotsOnBlackSite,numberOfRobotsOnWhiteSite
11897,17,27
timeStep,numberOfRobotsOnBlackSite,numberOfRobotsOnWhiteSite
11898,17,27
timeStep,numberOfRobotsOnBlackSite,numberOfRobotsOnWhiteSite
11899,17,27
timeStep,numberOfRobotsOnBlackSite,numberOfRobotsOnWhiteSite
11900,17,27
timeStep,numberOfRobotsOnBlackSite,numberOfRobotsOnWhiteSite
11901,17,27
timeStep,numberOfRobotsOnBlackSite,numberOfRobotsOnWhiteSite
11902,17,27
timeStep,numberOfRobotsOnBlackSite,numberOfRobotsOnWhiteSite
11903,17,27
timeStep,numberOfRobotsOnBlackSite,numberOfRobotsOnWhiteSite
11904,17,27
timeStep,numberOfRobotsOnBlackSite,numberOfRobotsOnWhiteSite
11905,17,27
timeStep,numberOfRobotsOnBlackSite,numberOfRobotsOnWhiteSite
11906,17,27
timeStep,numberOfRobotsOnBlackSite,numberOfRobotsOnWhiteSite
11907,17,27
timeStep,numberOfRobotsOnBlackSite,numberOfRobotsOnWhiteSite
11908,17,27
timeStep,numberOfRobotsOnBlackSite,numberOfRobotsOnWhiteSite
11909,17,27
timeStep,numberOfRobotsOnBlackSite,numberOfRobotsOnWhiteSite
11910,17,27
timeStep,numberOfRobotsOnBlackSite,numberOfRobotsOnWhiteSite
11911,17,27
timeStep,numberOfRobotsOnBlackSite,numberOfRobotsOnWhiteSite
11912,17,27
timeStep,numberOfRobotsOnBlackSite,numberOfRobotsOnWhiteSite
11913,17,27
timeStep,numberOfRobotsOnBlackSite,numberOfRobotsOnWhiteSite
11914,17,27
timeStep,numberOfRobotsOnBlackSite,numberOfRobotsOnWhiteSite
11915,17,27
timeStep,numberOfRobotsOnBlackSite,numberOfRobotsOnWhiteSite
11916,17,27
timeStep,numberOfRobotsOnBlackSite,numberOfRobotsOnWhiteSite
11917,17,27
timeStep,numberOfRobotsOnBlackSite,numberOfRobotsOnWhiteSite
11918,17,27
timeStep,numberOfRobotsOnBlackSite,numberOfRobotsOnWhiteSite
11919,17,27
timeStep,numberOfRobotsOnBlackSite,numberOfRobotsOnWhiteSite
11920,17,27
timeStep,numberOfRobotsOnBlackSite,numberOfRobotsOnWhiteSite
11921,17,27
timeStep,numberOfRobotsOnBlackSite,numberOfRobotsOnWhiteSite
11922,17,27
timeStep,numberOfRobotsOnBlackSite,numberOfRobotsOnWhiteSite
11923,17,27
timeStep,numberOfRobotsOnBlackSite,numberOfRobotsOnWhiteSite
11924,17,27
timeStep,numberOfRobotsOnBlackSite,numberOfRobotsOnWhiteSite
11925,17,27
timeStep,numberOfRobotsOnBlackSite,numberOfRobotsOnWhiteSite
11926,17,27
timeStep,numberOfRobotsOnBlackSite,numberOfRobotsOnWhiteSite
11927,17,27
timeStep,numberOfRobotsOnBlackSite,numberOfRobotsOnWhiteSite
11928,17,27
timeStep,numberOfRobotsOnBlackSite,numberOfRobotsOnWhiteSite
11929,17,27
timeStep,numberOfRobotsOnBlackSite,numberOfRobotsOnWhiteSite
11930,17,27
timeStep,numberOfRobotsOnBlackSite,numberOfRobotsOnWhiteSite
11931,17,27
timeStep,numberOfRobotsOnBlackSite,numberOfRobotsOnWhiteSite
11932,17,27
timeStep,numberOfRobotsOnBlackSite,numberOfRobotsOnWhiteSite
11933,17,27
timeStep,numberOfRobotsOnBlackSite,numberOfRobotsOnWhiteSite
11934,17,27
timeStep,numberOfRobotsOnBlackSite,numberOfRobotsOnWhiteSite
11935,17,27
timeStep,numberOfRobotsOnBlackSite,numberOfRobotsOnWhiteSite
11936,17,27
timeStep,numberOfRobotsOnBlackSite,numberOfRobotsOnWhiteSite
11937,17,27
timeStep,numberOfRobotsOnBlackSite,numberOfRobotsOnWhiteSite
11938,17,27
timeStep,numberOfRobotsOnBlackSite,numberOfRobotsOnWhiteSite
11939,17,27
timeStep,numberOfRobotsOnBlackSite,numberOfRobotsOnWhiteSite
11940,17,27
timeStep,numberOfRobotsOnBlackSite,numberOfRobotsOnWhiteSite
11941,17,27
timeStep,numberOfRobotsOnBlackSite,numberOfRobotsOnWhiteSite
11942,17,27
timeStep,numberOfRobotsOnBlackSite,numberOfRobotsOnWhiteSite
11943,17,27
timeStep,numberOfRobotsOnBlackSite,numberOfRobotsOnWhiteSite
11944,17,27
timeStep,numberOfRobotsOnBlackSite,numberOfRobotsOnWhiteSite
11945,17,27
timeStep,numberOfRobotsOnBlackSite,numberOfRobotsOnWhiteSite
11946,17,27
timeStep,numberOfRobotsOnBlackSite,numberOfRobotsOnWhiteSite
11947,17,27
timeStep,numberOfRobotsOnBlackSite,numberOfRobotsOnWhiteSite
11948,17,27
timeStep,numberOfRobotsOnBlackSite,numberOfRobotsOnWhiteSite
11949,17,27
timeStep,numberOfRobotsOnBlackSite,numberOfRobotsOnWhiteSite
11950,17,27
timeStep,numberOfRobotsOnBlackSite,numberOfRobotsOnWhiteSite
11951,17,27
timeStep,numberOfRobotsOnBlackSite,numberOfRobotsOnWhiteSite
11952,17,27
timeStep,numberOfRobotsOnBlackSite,numberOfRobotsOnWhiteSite
11953,17,27
timeStep,numberOfRobotsOnBlackSite,numberOfRobotsOnWhiteSite
11954,17,27
timeStep,numberOfRobotsOnBlackSite,numberOfRobotsOnWhiteSite
11955,17,27
timeStep,numberOfRobotsOnBlackSite,numberOfRobotsOnWhiteSite
11956,17,27
timeStep,numberOfRobotsOnBlackSite,numberOfRobotsOnWhiteSite
11957,17,27
timeStep,numberOfRobotsOnBlackSite,numberOfRobotsOnWhiteSite
11958,17,27
timeStep,numberOfRobotsOnBlackSite,numberOfRobotsOnWhiteSite
11959,17,27
timeStep,numberOfRobotsOnBlackSite,numberOfRobotsOnWhiteSite
11960,17,27
timeStep,numberOfRobotsOnBlackSite,numberOfRobotsOnWhiteSite
11961,17,27
timeStep,numberOfRobotsOnBlackSite,numberOfRobotsOnWhiteSite
11962,17,27
timeStep,numberOfRobotsOnBlackSite,numberOfRobotsOnWhiteSite
11963,17,27
timeStep,numberOfRobotsOnBlackSite,numberOfRobotsOnWhiteSite
11964,17,27
timeStep,numberOfRobotsOnBlackSite,numberOfRobotsOnWhiteSite
11965,17,27
timeStep,numberOfRobotsOnBlackSite,numberOfRobotsOnWhiteSite
11966,17,27
timeStep,numberOfRobotsOnBlackSite,numberOfRobotsOnWhiteSite
11967,17,27
timeStep,numberOfRobotsOnBlackSite,numberOfRobotsOnWhiteSite
11968,17,27
timeStep,numberOfRobotsOnBlackSite,numberOfRobotsOnWhiteSite
11969,17,27
timeStep,numberOfRobotsOnBlackSite,numberOfRobotsOnWhiteSite
11970,17,27
timeStep,numberOfRobotsOnBlackSite,numberOfRobotsOnWhiteSite
11971,17,27
timeStep,numberOfRobotsOnBlackSite,numberOfRobotsOnWhiteSite
11972,17,27
timeStep,numberOfRobotsOnBlackSite,numberOfRobotsOnWhiteSite
11973,17,27
timeStep,numberOfRobotsOnBlackSite,numberOfRobotsOnWhiteSite
11974,17,27
timeStep,numberOfRobotsOnBlackSite,numberOfRobotsOnWhiteSite
11975,17,27
timeStep,numberOfRobotsOnBlackSite,numberOfRobotsOnWhiteSite
11976,17,27
timeStep,numberOfRobotsOnBlackSite,numberOfRobotsOnWhiteSite
11977,17,27
timeStep,numberOfRobotsOnBlackSite,numberOfRobotsOnWhiteSite
11978,17,27
timeStep,numberOfRobotsOnBlackSite,numberOfRobotsOnWhiteSite
11979,17,27
timeStep,numberOfRobotsOnBlackSite,numberOfRobotsOnWhiteSite
11980,17,27
timeStep,numberOfRobotsOnBlackSite,numberOfRobotsOnWhiteSite
11981,17,27
timeStep,numberOfRobotsOnBlackSite,numberOfRobotsOnWhiteSite
11982,17,27
timeStep,numberOfRobotsOnBlackSite,numberOfRobotsOnWhiteSite
11983,17,27
timeStep,numberOfRobotsOnBlackSite,numberOfRobotsOnWhiteSite
11984,17,27
timeStep,numberOfRobotsOnBlackSite,numberOfRobotsOnWhiteSite
11985,17,27
timeStep,numberOfRobotsOnBlackSite,numberOfRobotsOnWhiteSite
11986,17,27
timeStep,numberOfRobotsOnBlackSite,numberOfRobotsOnWhiteSite
11987,17,27
timeStep,numberOfRobotsOnBlackSite,numberOfRobotsOnWhiteSite
11988,17,27
timeStep,numberOfRobotsOnBlackSite,numberOfRobotsOnWhiteSite
11989,17,27
timeStep,numberOfRobotsOnBlackSite,numberOfRobotsOnWhiteSite
11990,17,27
timeStep,numberOfRobotsOnBlackSite,numberOfRobotsOnWhiteSite
11991,17,27
timeStep,numberOfRobotsOnBlackSite,numberOfRobotsOnWhiteSite
11992,17,27
timeStep,numberOfRobotsOnBlackSite,numberOfRobotsOnWhiteSite
11993,17,27
timeStep,numberOfRobotsOnBlackSite,numberOfRobotsOnWhiteSite
11994,17,27
timeStep,numberOfRobotsOnBlackSite,numberOfRobotsOnWhiteSite
11995,17,27
timeStep,numberOfRobotsOnBlackSite,numberOfRobotsOnWhiteSite
11996,17,27
timeStep,numberOfRobotsOnBlackSite,numberOfRobotsOnWhiteSite
11997,17,27
timeStep,numberOfRobotsOnBlackSite,numberOfRobotsOnWhiteSite
11998,17,27
timeStep,numberOfRobotsOnBlackSite,numberOfRobotsOnWhiteSite
11999,17,27
timeStep,numberOfRobotsOnBlackSite,numberOfRobotsOnWhiteSite
12000,17,27
timeStep,numberOfRobotsOnBlackSite,numberOfRobotsOnWhiteSite
12001,17,27
timeStep,numberOfRobotsOnBlackSite,numberOfRobotsOnWhiteSite
12002,17,27
timeStep,numberOfRobotsOnBlackSite,numberOfRobotsOnWhiteSite
12003,17,27
timeStep,numberOfRobotsOnBlackSite,numberOfRobotsOnWhiteSite
12004,17,27
timeStep,numberOfRobotsOnBlackSite,numberOfRobotsOnWhiteSite
12005,17,27
timeStep,numberOfRobotsOnBlackSite,numberOfRobotsOnWhiteSite
12006,17,27
timeStep,numberOfRobotsOnBlackSite,numberOfRobotsOnWhiteSite
12007,17,27
timeStep,numberOfRobotsOnBlackSite,numberOfRobotsOnWhiteSite
12008,17,27
timeStep,numberOfRobotsOnBlackSite,numberOfRobotsOnWhiteSite
12009,17,27
timeStep,numberOfRobotsOnBlackSite,numberOfRobotsOnWhiteSite
12010,17,27
timeStep,numberOfRobotsOnBlackSite,numberOfRobotsOnWhiteSite
12011,17,27
timeStep,numberOfRobotsOnBlackSite,numberOfRobotsOnWhiteSite
12012,17,27
timeStep,numberOfRobotsOnBlackSite,numberOfRobotsOnWhiteSite
12013,17,27
timeStep,numberOfRobotsOnBlackSite,numberOfRobotsOnWhiteSite
12014,17,27
timeStep,numberOfRobotsOnBlackSite,numberOfRobotsOnWhiteSite
12015,17,27
timeStep,numberOfRobotsOnBlackSite,numberOfRobotsOnWhiteSite
12016,17,27
timeStep,numberOfRobotsOnBlackSite,numberOfRobotsOnWhiteSite
12017,17,27
timeStep,numberOfRobotsOnBlackSite,numberOfRobotsOnWhiteSite
12018,17,27
timeStep,numberOfRobotsOnBlackSite,numberOfRobotsOnWhiteSite
12019,17,27
timeStep,numberOfRobotsOnBlackSite,numberOfRobotsOnWhiteSite
12020,17,27
timeStep,numberOfRobotsOnBlackSite,numberOfRobotsOnWhiteSite
12021,17,27
timeStep,numberOfRobotsOnBlackSite,numberOfRobotsOnWhiteSite
12022,17,27
timeStep,numberOfRobotsOnBlackSite,numberOfRobotsOnWhiteSite
12023,17,27
timeStep,numberOfRobotsOnBlackSite,numberOfRobotsOnWhiteSite
12024,17,27
timeStep,numberOfRobotsOnBlackSite,numberOfRobotsOnWhiteSite
12025,17,27
timeStep,numberOfRobotsOnBlackSite,numberOfRobotsOnWhiteSite
12026,17,27
timeStep,numberOfRobotsOnBlackSite,numberOfRobotsOnWhiteSite
12027,17,27
timeStep,numberOfRobotsOnBlackSite,numberOfRobotsOnWhiteSite
12028,17,27
timeStep,numberOfRobotsOnBlackSite,numberOfRobotsOnWhiteSite
12029,17,27
timeStep,numberOfRobotsOnBlackSite,numberOfRobotsOnWhiteSite
12030,17,27
timeStep,numberOfRobotsOnBlackSite,numberOfRobotsOnWhiteSite
12031,17,27
timeStep,numberOfRobotsOnBlackSite,numberOfRobotsOnWhiteSite
12032,17,27
timeStep,numberOfRobotsOnBlackSite,numberOfRobotsOnWhiteSite
12033,17,27
timeStep,numberOfRobotsOnBlackSite,numberOfRobotsOnWhiteSite
12034,17,27
timeStep,numberOfRobotsOnBlackSite,numberOfRobotsOnWhiteSite
12035,17,27
timeStep,numberOfRobotsOnBlackSite,numberOfRobotsOnWhiteSite
12036,17,27
timeStep,numberOfRobotsOnBlackSite,numberOfRobotsOnWhiteSite
12037,17,27
timeStep,numberOfRobotsOnBlackSite,numberOfRobotsOnWhiteSite
12038,17,27
timeStep,numberOfRobotsOnBlackSite,numberOfRobotsOnWhiteSite
12039,17,27
timeStep,numberOfRobotsOnBlackSite,numberOfRobotsOnWhiteSite
12040,17,27
timeStep,numberOfRobotsOnBlackSite,numberOfRobotsOnWhiteSite
12041,17,27
timeStep,numberOfRobotsOnBlackSite,numberOfRobotsOnWhiteSite
12042,17,27
timeStep,numberOfRobotsOnBlackSite,numberOfRobotsOnWhiteSite
12043,17,27
timeStep,numberOfRobotsOnBlackSite,numberOfRobotsOnWhiteSite
12044,17,27
timeStep,numberOfRobotsOnBlackSite,numberOfRobotsOnWhiteSite
12045,17,27
timeStep,numberOfRobotsOnBlackSite,numberOfRobotsOnWhiteSite
12046,17,27
timeStep,numberOfRobotsOnBlackSite,numberOfRobotsOnWhiteSite
12047,17,27
timeStep,numberOfRobotsOnBlackSite,numberOfRobotsOnWhiteSite
12048,17,27
timeStep,numberOfRobotsOnBlackSite,numberOfRobotsOnWhiteSite
12049,17,27
timeStep,numberOfRobotsOnBlackSite,numberOfRobotsOnWhiteSite
12050,17,27
timeStep,numberOfRobotsOnBlackSite,numberOfRobotsOnWhiteSite
12051,17,27
timeStep,numberOfRobotsOnBlackSite,numberOfRobotsOnWhiteSite
12052,17,27
timeStep,numberOfRobotsOnBlackSite,numberOfRobotsOnWhiteSite
12053,17,27
timeStep,numberOfRobotsOnBlackSite,numberOfRobotsOnWhiteSite
12054,17,27
timeStep,numberOfRobotsOnBlackSite,numberOfRobotsOnWhiteSite
12055,17,27
timeStep,numberOfRobotsOnBlackSite,numberOfRobotsOnWhiteSite
12056,17,27
timeStep,numberOfRobotsOnBlackSite,numberOfRobotsOnWhiteSite
12057,17,27
timeStep,numberOfRobotsOnBlackSite,numberOfRobotsOnWhiteSite
12058,17,27
timeStep,numberOfRobotsOnBlackSite,numberOfRobotsOnWhiteSite
12059,17,27
timeStep,numberOfRobotsOnBlackSite,numberOfRobotsOnWhiteSite
12060,17,27
timeStep,numberOfRobotsOnBlackSite,numberOfRobotsOnWhiteSite
12061,17,27
timeStep,numberOfRobotsOnBlackSite,numberOfRobotsOnWhiteSite
12062,17,27
timeStep,numberOfRobotsOnBlackSite,numberOfRobotsOnWhiteSite
12063,17,27
timeStep,numberOfRobotsOnBlackSite,numberOfRobotsOnWhiteSite
12064,17,27
timeStep,numberOfRobotsOnBlackSite,numberOfRobotsOnWhiteSite
12065,17,27
timeStep,numberOfRobotsOnBlackSite,numberOfRobotsOnWhiteSite
12066,17,27
timeStep,numberOfRobotsOnBlackSite,numberOfRobotsOnWhiteSite
12067,17,27
timeStep,numberOfRobotsOnBlackSite,numberOfRobotsOnWhiteSite
12068,17,27
timeStep,numberOfRobotsOnBlackSite,numberOfRobotsOnWhiteSite
12069,17,27
timeStep,numberOfRobotsOnBlackSite,numberOfRobotsOnWhiteSite
12070,17,27
timeStep,numberOfRobotsOnBlackSite,numberOfRobotsOnWhiteSite
12071,17,27
timeStep,numberOfRobotsOnBlackSite,numberOfRobotsOnWhiteSite
12072,17,27
timeStep,numberOfRobotsOnBlackSite,numberOfRobotsOnWhiteSite
12073,17,27
timeStep,numberOfRobotsOnBlackSite,numberOfRobotsOnWhiteSite
12074,17,27
timeStep,numberOfRobotsOnBlackSite,numberOfRobotsOnWhiteSite
12075,17,27
timeStep,numberOfRobotsOnBlackSite,numberOfRobotsOnWhiteSite
12076,17,27
timeStep,numberOfRobotsOnBlackSite,numberOfRobotsOnWhiteSite
12077,17,27
timeStep,numberOfRobotsOnBlackSite,numberOfRobotsOnWhiteSite
12078,17,27
timeStep,numberOfRobotsOnBlackSite,numberOfRobotsOnWhiteSite
12079,17,27
timeStep,numberOfRobotsOnBlackSite,numberOfRobotsOnWhiteSite
12080,17,27
timeStep,numberOfRobotsOnBlackSite,numberOfRobotsOnWhiteSite
12081,17,27
timeStep,numberOfRobotsOnBlackSite,numberOfRobotsOnWhiteSite
12082,17,27
timeStep,numberOfRobotsOnBlackSite,numberOfRobotsOnWhiteSite
12083,17,27
timeStep,numberOfRobotsOnBlackSite,numberOfRobotsOnWhiteSite
12084,17,27
timeStep,numberOfRobotsOnBlackSite,numberOfRobotsOnWhiteSite
12085,17,27
timeStep,numberOfRobotsOnBlackSite,numberOfRobotsOnWhiteSite
12086,17,27
timeStep,numberOfRobotsOnBlackSite,numberOfRobotsOnWhiteSite
12087,17,27
timeStep,numberOfRobotsOnBlackSite,numberOfRobotsOnWhiteSite
12088,17,27
timeStep,numberOfRobotsOnBlackSite,numberOfRobotsOnWhiteSite
12089,17,27
timeStep,numberOfRobotsOnBlackSite,numberOfRobotsOnWhiteSite
12090,17,27
timeStep,numberOfRobotsOnBlackSite,numberOfRobotsOnWhiteSite
12091,17,27
timeStep,numberOfRobotsOnBlackSite,numberOfRobotsOnWhiteSite
12092,17,27
timeStep,numberOfRobotsOnBlackSite,numberOfRobotsOnWhiteSite
12093,17,27
timeStep,numberOfRobotsOnBlackSite,numberOfRobotsOnWhiteSite
12094,17,27
timeStep,numberOfRobotsOnBlackSite,numberOfRobotsOnWhiteSite
12095,17,27
timeStep,numberOfRobotsOnBlackSite,numberOfRobotsOnWhiteSite
12096,17,27
timeStep,numberOfRobotsOnBlackSite,numberOfRobotsOnWhiteSite
12097,17,27
timeStep,numberOfRobotsOnBlackSite,numberOfRobotsOnWhiteSite
12098,17,27
timeStep,numberOfRobotsOnBlackSite,numberOfRobotsOnWhiteSite
12099,17,27
timeStep,numberOfRobotsOnBlackSite,numberOfRobotsOnWhiteSite
12100,17,27
timeStep,numberOfRobotsOnBlackSite,numberOfRobotsOnWhiteSite
12101,17,27
timeStep,numberOfRobotsOnBlackSite,numberOfRobotsOnWhiteSite
12102,17,27
timeStep,numberOfRobotsOnBlackSite,numberOfRobotsOnWhiteSite
12103,17,27
timeStep,numberOfRobotsOnBlackSite,numberOfRobotsOnWhiteSite
12104,17,27
timeStep,numberOfRobotsOnBlackSite,numberOfRobotsOnWhiteSite
12105,17,27
timeStep,numberOfRobotsOnBlackSite,numberOfRobotsOnWhiteSite
12106,17,27
timeStep,numberOfRobotsOnBlackSite,numberOfRobotsOnWhiteSite
12107,17,27
timeStep,numberOfRobotsOnBlackSite,numberOfRobotsOnWhiteSite
12108,17,27
timeStep,numberOfRobotsOnBlackSite,numberOfRobotsOnWhiteSite
12109,17,27
timeStep,numberOfRobotsOnBlackSite,numberOfRobotsOnWhiteSite
12110,17,27
timeStep,numberOfRobotsOnBlackSite,numberOfRobotsOnWhiteSite
12111,17,27
timeStep,numberOfRobotsOnBlackSite,numberOfRobotsOnWhiteSite
12112,17,27
timeStep,numberOfRobotsOnBlackSite,numberOfRobotsOnWhiteSite
12113,17,27
timeStep,numberOfRobotsOnBlackSite,numberOfRobotsOnWhiteSite
12114,17,27
timeStep,numberOfRobotsOnBlackSite,numberOfRobotsOnWhiteSite
12115,17,27
timeStep,numberOfRobotsOnBlackSite,numberOfRobotsOnWhiteSite
12116,17,27
timeStep,numberOfRobotsOnBlackSite,numberOfRobotsOnWhiteSite
12117,17,27
timeStep,numberOfRobotsOnBlackSite,numberOfRobotsOnWhiteSite
12118,17,27
timeStep,numberOfRobotsOnBlackSite,numberOfRobotsOnWhiteSite
12119,17,27
timeStep,numberOfRobotsOnBlackSite,numberOfRobotsOnWhiteSite
12120,17,27
timeStep,numberOfRobotsOnBlackSite,numberOfRobotsOnWhiteSite
12121,17,27
timeStep,numberOfRobotsOnBlackSite,numberOfRobotsOnWhiteSite
12122,17,27
timeStep,numberOfRobotsOnBlackSite,numberOfRobotsOnWhiteSite
12123,17,27
timeStep,numberOfRobotsOnBlackSite,numberOfRobotsOnWhiteSite
12124,17,27
timeStep,numberOfRobotsOnBlackSite,numberOfRobotsOnWhiteSite
12125,17,27
timeStep,numberOfRobotsOnBlackSite,numberOfRobotsOnWhiteSite
12126,17,27
timeStep,numberOfRobotsOnBlackSite,numberOfRobotsOnWhiteSite
12127,17,27
timeStep,numberOfRobotsOnBlackSite,numberOfRobotsOnWhiteSite
12128,17,27
timeStep,numberOfRobotsOnBlackSite,numberOfRobotsOnWhiteSite
12129,17,27
timeStep,numberOfRobotsOnBlackSite,numberOfRobotsOnWhiteSite
12130,17,27
timeStep,numberOfRobotsOnBlackSite,numberOfRobotsOnWhiteSite
12131,17,27
timeStep,numberOfRobotsOnBlackSite,numberOfRobotsOnWhiteSite
12132,17,27
timeStep,numberOfRobotsOnBlackSite,numberOfRobotsOnWhiteSite
12133,17,27
timeStep,numberOfRobotsOnBlackSite,numberOfRobotsOnWhiteSite
12134,17,27
timeStep,numberOfRobotsOnBlackSite,numberOfRobotsOnWhiteSite
12135,17,27
timeStep,numberOfRobotsOnBlackSite,numberOfRobotsOnWhiteSite
12136,17,27
timeStep,numberOfRobotsOnBlackSite,numberOfRobotsOnWhiteSite
12137,17,27
timeStep,numberOfRobotsOnBlackSite,numberOfRobotsOnWhiteSite
12138,17,27
timeStep,numberOfRobotsOnBlackSite,numberOfRobotsOnWhiteSite
12139,17,27
timeStep,numberOfRobotsOnBlackSite,numberOfRobotsOnWhiteSite
12140,17,27
timeStep,numberOfRobotsOnBlackSite,numberOfRobotsOnWhiteSite
12141,17,27
timeStep,numberOfRobotsOnBlackSite,numberOfRobotsOnWhiteSite
12142,17,27
timeStep,numberOfRobotsOnBlackSite,numberOfRobotsOnWhiteSite
12143,17,27
timeStep,numberOfRobotsOnBlackSite,numberOfRobotsOnWhiteSite
12144,17,27
timeStep,numberOfRobotsOnBlackSite,numberOfRobotsOnWhiteSite
12145,17,27
timeStep,numberOfRobotsOnBlackSite,numberOfRobotsOnWhiteSite
12146,17,27
timeStep,numberOfRobotsOnBlackSite,numberOfRobotsOnWhiteSite
12147,17,27
timeStep,numberOfRobotsOnBlackSite,numberOfRobotsOnWhiteSite
12148,17,27
timeStep,numberOfRobotsOnBlackSite,numberOfRobotsOnWhiteSite
12149,17,27
timeStep,numberOfRobotsOnBlackSite,numberOfRobotsOnWhiteSite
12150,17,27
timeStep,numberOfRobotsOnBlackSite,numberOfRobotsOnWhiteSite
12151,17,27
timeStep,numberOfRobotsOnBlackSite,numberOfRobotsOnWhiteSite
12152,17,27
timeStep,numberOfRobotsOnBlackSite,numberOfRobotsOnWhiteSite
12153,17,27
timeStep,numberOfRobotsOnBlackSite,numberOfRobotsOnWhiteSite
12154,17,27
timeStep,numberOfRobotsOnBlackSite,numberOfRobotsOnWhiteSite
12155,17,26
timeStep,numberOfRobotsOnBlackSite,numberOfRobotsOnWhiteSite
12156,17,26
timeStep,numberOfRobotsOnBlackSite,numberOfRobotsOnWhiteSite
12157,17,26
timeStep,numberOfRobotsOnBlackSite,numberOfRobotsOnWhiteSite
12158,17,26
timeStep,numberOfRobotsOnBlackSite,numberOfRobotsOnWhiteSite
12159,17,26
timeStep,numberOfRobotsOnBlackSite,numberOfRobotsOnWhiteSite
12160,17,26
timeStep,numberOfRobotsOnBlackSite,numberOfRobotsOnWhiteSite
12161,17,26
timeStep,numberOfRobotsOnBlackSite,numberOfRobotsOnWhiteSite
12162,17,26
timeStep,numberOfRobotsOnBlackSite,numberOfRobotsOnWhiteSite
12163,17,26
timeStep,numberOfRobotsOnBlackSite,numberOfRobotsOnWhiteSite
12164,17,26
timeStep,numberOfRobotsOnBlackSite,numberOfRobotsOnWhiteSite
12165,17,26
timeStep,numberOfRobotsOnBlackSite,numberOfRobotsOnWhiteSite
12166,17,26
timeStep,numberOfRobotsOnBlackSite,numberOfRobotsOnWhiteSite
12167,17,26
timeStep,numberOfRobotsOnBlackSite,numberOfRobotsOnWhiteSite
12168,17,26
timeStep,numberOfRobotsOnBlackSite,numberOfRobotsOnWhiteSite
12169,17,26
timeStep,numberOfRobotsOnBlackSite,numberOfRobotsOnWhiteSite
12170,17,26
timeStep,numberOfRobotsOnBlackSite,numberOfRobotsOnWhiteSite
12171,17,26
timeStep,numberOfRobotsOnBlackSite,numberOfRobotsOnWhiteSite
12172,17,26
timeStep,numberOfRobotsOnBlackSite,numberOfRobotsOnWhiteSite
12173,17,26
timeStep,numberOfRobotsOnBlackSite,numberOfRobotsOnWhiteSite
12174,17,26
timeStep,numberOfRobotsOnBlackSite,numberOfRobotsOnWhiteSite
12175,17,26
timeStep,numberOfRobotsOnBlackSite,numberOfRobotsOnWhiteSite
12176,17,26
timeStep,numberOfRobotsOnBlackSite,numberOfRobotsOnWhiteSite
12177,17,26
timeStep,numberOfRobotsOnBlackSite,numberOfRobotsOnWhiteSite
12178,17,26
timeStep,numberOfRobotsOnBlackSite,numberOfRobotsOnWhiteSite
12179,17,26
timeStep,numberOfRobotsOnBlackSite,numberOfRobotsOnWhiteSite
12180,17,26
timeStep,numberOfRobotsOnBlackSite,numberOfRobotsOnWhiteSite
12181,17,26
timeStep,numberOfRobotsOnBlackSite,numberOfRobotsOnWhiteSite
12182,17,26
timeStep,numberOfRobotsOnBlackSite,numberOfRobotsOnWhiteSite
12183,17,26
timeStep,numberOfRobotsOnBlackSite,numberOfRobotsOnWhiteSite
12184,17,26
timeStep,numberOfRobotsOnBlackSite,numberOfRobotsOnWhiteSite
12185,17,26
timeStep,numberOfRobotsOnBlackSite,numberOfRobotsOnWhiteSite
12186,17,26
timeStep,numberOfRobotsOnBlackSite,numberOfRobotsOnWhiteSite
12187,17,26
timeStep,numberOfRobotsOnBlackSite,numberOfRobotsOnWhiteSite
12188,17,26
timeStep,numberOfRobotsOnBlackSite,numberOfRobotsOnWhiteSite
12189,17,26
timeStep,numberOfRobotsOnBlackSite,numberOfRobotsOnWhiteSite
12190,17,26
timeStep,numberOfRobotsOnBlackSite,numberOfRobotsOnWhiteSite
12191,17,26
timeStep,numberOfRobotsOnBlackSite,numberOfRobotsOnWhiteSite
12192,17,26
timeStep,numberOfRobotsOnBlackSite,numberOfRobotsOnWhiteSite
12193,17,26
timeStep,numberOfRobotsOnBlackSite,numberOfRobotsOnWhiteSite
12194,17,26
timeStep,numberOfRobotsOnBlackSite,numberOfRobotsOnWhiteSite
12195,17,26
timeStep,numberOfRobotsOnBlackSite,numberOfRobotsOnWhiteSite
12196,17,26
timeStep,numberOfRobotsOnBlackSite,numberOfRobotsOnWhiteSite
12197,17,26
timeStep,numberOfRobotsOnBlackSite,numberOfRobotsOnWhiteSite
12198,17,26
timeStep,numberOfRobotsOnBlackSite,numberOfRobotsOnWhiteSite
12199,17,26
timeStep,numberOfRobotsOnBlackSite,numberOfRobotsOnWhiteSite
12200,17,26
timeStep,numberOfRobotsOnBlackSite,numberOfRobotsOnWhiteSite
12201,17,26
timeStep,numberOfRobotsOnBlackSite,numberOfRobotsOnWhiteSite
12202,17,26
timeStep,numberOfRobotsOnBlackSite,numberOfRobotsOnWhiteSite
12203,17,26
timeStep,numberOfRobotsOnBlackSite,numberOfRobotsOnWhiteSite
12204,17,26
timeStep,numberOfRobotsOnBlackSite,numberOfRobotsOnWhiteSite
12205,17,26
timeStep,numberOfRobotsOnBlackSite,numberOfRobotsOnWhiteSite
12206,17,26
timeStep,numberOfRobotsOnBlackSite,numberOfRobotsOnWhiteSite
12207,17,26
timeStep,numberOfRobotsOnBlackSite,numberOfRobotsOnWhiteSite
12208,17,26
timeStep,numberOfRobotsOnBlackSite,numberOfRobotsOnWhiteSite
12209,17,26
timeStep,numberOfRobotsOnBlackSite,numberOfRobotsOnWhiteSite
12210,17,27
timeStep,numberOfRobotsOnBlackSite,numberOfRobotsOnWhiteSite
12211,17,27
timeStep,numberOfRobotsOnBlackSite,numberOfRobotsOnWhiteSite
12212,17,27
timeStep,numberOfRobotsOnBlackSite,numberOfRobotsOnWhiteSite
12213,17,27
timeStep,numberOfRobotsOnBlackSite,numberOfRobotsOnWhiteSite
12214,17,27
timeStep,numberOfRobotsOnBlackSite,numberOfRobotsOnWhiteSite
12215,17,27
timeStep,numberOfRobotsOnBlackSite,numberOfRobotsOnWhiteSite
12216,17,27
timeStep,numberOfRobotsOnBlackSite,numberOfRobotsOnWhiteSite
12217,17,27
timeStep,numberOfRobotsOnBlackSite,numberOfRobotsOnWhiteSite
12218,17,27
timeStep,numberOfRobotsOnBlackSite,numberOfRobotsOnWhiteSite
12219,17,27
timeStep,numberOfRobotsOnBlackSite,numberOfRobotsOnWhiteSite
12220,17,27
timeStep,numberOfRobotsOnBlackSite,numberOfRobotsOnWhiteSite
12221,17,27
timeStep,numberOfRobotsOnBlackSite,numberOfRobotsOnWhiteSite
12222,17,27
timeStep,numberOfRobotsOnBlackSite,numberOfRobotsOnWhiteSite
12223,17,27
timeStep,numberOfRobotsOnBlackSite,numberOfRobotsOnWhiteSite
12224,17,27
timeStep,numberOfRobotsOnBlackSite,numberOfRobotsOnWhiteSite
12225,17,27
timeStep,numberOfRobotsOnBlackSite,numberOfRobotsOnWhiteSite
12226,17,27
timeStep,numberOfRobotsOnBlackSite,numberOfRobotsOnWhiteSite
12227,17,27
timeStep,numberOfRobotsOnBlackSite,numberOfRobotsOnWhiteSite
12228,17,27
timeStep,numberOfRobotsOnBlackSite,numberOfRobotsOnWhiteSite
12229,17,27
timeStep,numberOfRobotsOnBlackSite,numberOfRobotsOnWhiteSite
12230,17,27
timeStep,numberOfRobotsOnBlackSite,numberOfRobotsOnWhiteSite
12231,17,27
timeStep,numberOfRobotsOnBlackSite,numberOfRobotsOnWhiteSite
12232,17,27
timeStep,numberOfRobotsOnBlackSite,numberOfRobotsOnWhiteSite
12233,17,27
timeStep,numberOfRobotsOnBlackSite,numberOfRobotsOnWhiteSite
12234,17,27
timeStep,numberOfRobotsOnBlackSite,numberOfRobotsOnWhiteSite
12235,17,27
timeStep,numberOfRobotsOnBlackSite,numberOfRobotsOnWhiteSite
12236,17,27
timeStep,numberOfRobotsOnBlackSite,numberOfRobotsOnWhiteSite
12237,17,27
timeStep,numberOfRobotsOnBlackSite,numberOfRobotsOnWhiteSite
12238,17,27
timeStep,numberOfRobotsOnBlackSite,numberOfRobotsOnWhiteSite
12239,17,27
timeStep,numberOfRobotsOnBlackSite,numberOfRobotsOnWhiteSite
12240,16,27
timeStep,numberOfRobotsOnBlackSite,numberOfRobotsOnWhiteSite
12241,16,27
timeStep,numberOfRobotsOnBlackSite,numberOfRobotsOnWhiteSite
12242,16,27
timeStep,numberOfRobotsOnBlackSite,numberOfRobotsOnWhiteSite
12243,16,27
timeStep,numberOfRobotsOnBlackSite,numberOfRobotsOnWhiteSite
12244,16,27
timeStep,numberOfRobotsOnBlackSite,numberOfRobotsOnWhiteSite
12245,16,27
timeStep,numberOfRobotsOnBlackSite,numberOfRobotsOnWhiteSite
12246,16,27
timeStep,numberOfRobotsOnBlackSite,numberOfRobotsOnWhiteSite
12247,16,27
timeStep,numberOfRobotsOnBlackSite,numberOfRobotsOnWhiteSite
12248,16,27
timeStep,numberOfRobotsOnBlackSite,numberOfRobotsOnWhiteSite
12249,16,27
timeStep,numberOfRobotsOnBlackSite,numberOfRobotsOnWhiteSite
12250,16,27
timeStep,numberOfRobotsOnBlackSite,numberOfRobotsOnWhiteSite
12251,16,27
timeStep,numberOfRobotsOnBlackSite,numberOfRobotsOnWhiteSite
12252,16,27
timeStep,numberOfRobotsOnBlackSite,numberOfRobotsOnWhiteSite
12253,16,27
timeStep,numberOfRobotsOnBlackSite,numberOfRobotsOnWhiteSite
12254,16,27
timeStep,numberOfRobotsOnBlackSite,numberOfRobotsOnWhiteSite
12255,16,27
timeStep,numberOfRobotsOnBlackSite,numberOfRobotsOnWhiteSite
12256,16,27
timeStep,numberOfRobotsOnBlackSite,numberOfRobotsOnWhiteSite
12257,16,27
timeStep,numberOfRobotsOnBlackSite,numberOfRobotsOnWhiteSite
12258,16,27
timeStep,numberOfRobotsOnBlackSite,numberOfRobotsOnWhiteSite
12259,16,27
timeStep,numberOfRobotsOnBlackSite,numberOfRobotsOnWhiteSite
12260,16,27
timeStep,numberOfRobotsOnBlackSite,numberOfRobotsOnWhiteSite
12261,16,27
timeStep,numberOfRobotsOnBlackSite,numberOfRobotsOnWhiteSite
12262,16,27
timeStep,numberOfRobotsOnBlackSite,numberOfRobotsOnWhiteSite
12263,16,27
timeStep,numberOfRobotsOnBlackSite,numberOfRobotsOnWhiteSite
12264,16,27
timeStep,numberOfRobotsOnBlackSite,numberOfRobotsOnWhiteSite
12265,16,27
timeStep,numberOfRobotsOnBlackSite,numberOfRobotsOnWhiteSite
12266,16,27
timeStep,numberOfRobotsOnBlackSite,numberOfRobotsOnWhiteSite
12267,16,27
timeStep,numberOfRobotsOnBlackSite,numberOfRobotsOnWhiteSite
12268,16,27
timeStep,numberOfRobotsOnBlackSite,numberOfRobotsOnWhiteSite
12269,16,27
timeStep,numberOfRobotsOnBlackSite,numberOfRobotsOnWhiteSite
12270,15,27
timeStep,numberOfRobotsOnBlackSite,numberOfRobotsOnWhiteSite
12271,15,27
timeStep,numberOfRobotsOnBlackSite,numberOfRobotsOnWhiteSite
12272,15,27
timeStep,numberOfRobotsOnBlackSite,numberOfRobotsOnWhiteSite
12273,15,27
timeStep,numberOfRobotsOnBlackSite,numberOfRobotsOnWhiteSite
12274,15,27
timeStep,numberOfRobotsOnBlackSite,numberOfRobotsOnWhiteSite
12275,15,27
timeStep,numberOfRobotsOnBlackSite,numberOfRobotsOnWhiteSite
12276,15,27
timeStep,numberOfRobotsOnBlackSite,numberOfRobotsOnWhiteSite
12277,15,27
timeStep,numberOfRobotsOnBlackSite,numberOfRobotsOnWhiteSite
12278,15,27
timeStep,numberOfRobotsOnBlackSite,numberOfRobotsOnWhiteSite
12279,15,27
timeStep,numberOfRobotsOnBlackSite,numberOfRobotsOnWhiteSite
12280,15,27
timeStep,numberOfRobotsOnBlackSite,numberOfRobotsOnWhiteSite
12281,15,27
timeStep,numberOfRobotsOnBlackSite,numberOfRobotsOnWhiteSite
12282,15,27
timeStep,numberOfRobotsOnBlackSite,numberOfRobotsOnWhiteSite
12283,15,27
timeStep,numberOfRobotsOnBlackSite,numberOfRobotsOnWhiteSite
12284,15,27
timeStep,numberOfRobotsOnBlackSite,numberOfRobotsOnWhiteSite
12285,15,27
timeStep,numberOfRobotsOnBlackSite,numberOfRobotsOnWhiteSite
12286,15,27
timeStep,numberOfRobotsOnBlackSite,numberOfRobotsOnWhiteSite
12287,15,27
timeStep,numberOfRobotsOnBlackSite,numberOfRobotsOnWhiteSite
12288,15,27
timeStep,numberOfRobotsOnBlackSite,numberOfRobotsOnWhiteSite
12289,15,27
timeStep,numberOfRobotsOnBlackSite,numberOfRobotsOnWhiteSite
12290,15,27
timeStep,numberOfRobotsOnBlackSite,numberOfRobotsOnWhiteSite
12291,15,27
timeStep,numberOfRobotsOnBlackSite,numberOfRobotsOnWhiteSite
12292,15,27
timeStep,numberOfRobotsOnBlackSite,numberOfRobotsOnWhiteSite
12293,15,27
timeStep,numberOfRobotsOnBlackSite,numberOfRobotsOnWhiteSite
12294,15,27
timeStep,numberOfRobotsOnBlackSite,numberOfRobotsOnWhiteSite
12295,15,27
timeStep,numberOfRobotsOnBlackSite,numberOfRobotsOnWhiteSite
12296,15,27
timeStep,numberOfRobotsOnBlackSite,numberOfRobotsOnWhiteSite
12297,15,27
timeStep,numberOfRobotsOnBlackSite,numberOfRobotsOnWhiteSite
12298,15,27
timeStep,numberOfRobotsOnBlackSite,numberOfRobotsOnWhiteSite
12299,15,27
timeStep,numberOfRobotsOnBlackSite,numberOfRobotsOnWhiteSite
12300,15,27
timeStep,numberOfRobotsOnBlackSite,numberOfRobotsOnWhiteSite
12301,15,27
timeStep,numberOfRobotsOnBlackSite,numberOfRobotsOnWhiteSite
12302,15,27
timeStep,numberOfRobotsOnBlackSite,numberOfRobotsOnWhiteSite
12303,15,27
timeStep,numberOfRobotsOnBlackSite,numberOfRobotsOnWhiteSite
12304,15,27
timeStep,numberOfRobotsOnBlackSite,numberOfRobotsOnWhiteSite
12305,15,27
timeStep,numberOfRobotsOnBlackSite,numberOfRobotsOnWhiteSite
12306,15,27
timeStep,numberOfRobotsOnBlackSite,numberOfRobotsOnWhiteSite
12307,15,27
timeStep,numberOfRobotsOnBlackSite,numberOfRobotsOnWhiteSite
12308,15,27
timeStep,numberOfRobotsOnBlackSite,numberOfRobotsOnWhiteSite
12309,15,27
timeStep,numberOfRobotsOnBlackSite,numberOfRobotsOnWhiteSite
12310,15,27
timeStep,numberOfRobotsOnBlackSite,numberOfRobotsOnWhiteSite
12311,15,27
timeStep,numberOfRobotsOnBlackSite,numberOfRobotsOnWhiteSite
12312,15,27
timeStep,numberOfRobotsOnBlackSite,numberOfRobotsOnWhiteSite
12313,15,27
timeStep,numberOfRobotsOnBlackSite,numberOfRobotsOnWhiteSite
12314,15,27
timeStep,numberOfRobotsOnBlackSite,numberOfRobotsOnWhiteSite
12315,15,27
timeStep,numberOfRobotsOnBlackSite,numberOfRobotsOnWhiteSite
12316,15,27
timeStep,numberOfRobotsOnBlackSite,numberOfRobotsOnWhiteSite
12317,15,27
timeStep,numberOfRobotsOnBlackSite,numberOfRobotsOnWhiteSite
12318,15,27
timeStep,numberOfRobotsOnBlackSite,numberOfRobotsOnWhiteSite
12319,15,27
timeStep,numberOfRobotsOnBlackSite,numberOfRobotsOnWhiteSite
12320,15,27
timeStep,numberOfRobotsOnBlackSite,numberOfRobotsOnWhiteSite
12321,15,27
timeStep,numberOfRobotsOnBlackSite,numberOfRobotsOnWhiteSite
12322,15,27
timeStep,numberOfRobotsOnBlackSite,numberOfRobotsOnWhiteSite
12323,15,27
timeStep,numberOfRobotsOnBlackSite,numberOfRobotsOnWhiteSite
12324,15,27
timeStep,numberOfRobotsOnBlackSite,numberOfRobotsOnWhiteSite
12325,15,27
timeStep,numberOfRobotsOnBlackSite,numberOfRobotsOnWhiteSite
12326,15,27
timeStep,numberOfRobotsOnBlackSite,numberOfRobotsOnWhiteSite
12327,15,27
timeStep,numberOfRobotsOnBlackSite,numberOfRobotsOnWhiteSite
12328,15,27
timeStep,numberOfRobotsOnBlackSite,numberOfRobotsOnWhiteSite
12329,15,27
timeStep,numberOfRobotsOnBlackSite,numberOfRobotsOnWhiteSite
12330,15,27
timeStep,numberOfRobotsOnBlackSite,numberOfRobotsOnWhiteSite
12331,15,27
timeStep,numberOfRobotsOnBlackSite,numberOfRobotsOnWhiteSite
12332,15,27
timeStep,numberOfRobotsOnBlackSite,numberOfRobotsOnWhiteSite
12333,15,27
timeStep,numberOfRobotsOnBlackSite,numberOfRobotsOnWhiteSite
12334,15,27
timeStep,numberOfRobotsOnBlackSite,numberOfRobotsOnWhiteSite
12335,15,27
timeStep,numberOfRobotsOnBlackSite,numberOfRobotsOnWhiteSite
12336,15,27
timeStep,numberOfRobotsOnBlackSite,numberOfRobotsOnWhiteSite
12337,15,27
timeStep,numberOfRobotsOnBlackSite,numberOfRobotsOnWhiteSite
12338,15,27
timeStep,numberOfRobotsOnBlackSite,numberOfRobotsOnWhiteSite
12339,15,27
timeStep,numberOfRobotsOnBlackSite,numberOfRobotsOnWhiteSite
12340,15,27
timeStep,numberOfRobotsOnBlackSite,numberOfRobotsOnWhiteSite
12341,15,27
timeStep,numberOfRobotsOnBlackSite,numberOfRobotsOnWhiteSite
12342,15,27
timeStep,numberOfRobotsOnBlackSite,numberOfRobotsOnWhiteSite
12343,15,27
timeStep,numberOfRobotsOnBlackSite,numberOfRobotsOnWhiteSite
12344,15,27
timeStep,numberOfRobotsOnBlackSite,numberOfRobotsOnWhiteSite
12345,15,28
timeStep,numberOfRobotsOnBlackSite,numberOfRobotsOnWhiteSite
12346,15,28
timeStep,numberOfRobotsOnBlackSite,numberOfRobotsOnWhiteSite
12347,15,28
timeStep,numberOfRobotsOnBlackSite,numberOfRobotsOnWhiteSite
12348,15,28
timeStep,numberOfRobotsOnBlackSite,numberOfRobotsOnWhiteSite
12349,15,28
timeStep,numberOfRobotsOnBlackSite,numberOfRobotsOnWhiteSite
12350,15,28
timeStep,numberOfRobotsOnBlackSite,numberOfRobotsOnWhiteSite
12351,15,28
timeStep,numberOfRobotsOnBlackSite,numberOfRobotsOnWhiteSite
12352,15,28
timeStep,numberOfRobotsOnBlackSite,numberOfRobotsOnWhiteSite
12353,15,28
timeStep,numberOfRobotsOnBlackSite,numberOfRobotsOnWhiteSite
12354,15,28
timeStep,numberOfRobotsOnBlackSite,numberOfRobotsOnWhiteSite
12355,15,28
timeStep,numberOfRobotsOnBlackSite,numberOfRobotsOnWhiteSite
12356,15,28
timeStep,numberOfRobotsOnBlackSite,numberOfRobotsOnWhiteSite
12357,15,28
timeStep,numberOfRobotsOnBlackSite,numberOfRobotsOnWhiteSite
12358,15,28
timeStep,numberOfRobotsOnBlackSite,numberOfRobotsOnWhiteSite
12359,15,28
timeStep,numberOfRobotsOnBlackSite,numberOfRobotsOnWhiteSite
12360,15,28
timeStep,numberOfRobotsOnBlackSite,numberOfRobotsOnWhiteSite
12361,15,28
timeStep,numberOfRobotsOnBlackSite,numberOfRobotsOnWhiteSite
12362,15,28
timeStep,numberOfRobotsOnBlackSite,numberOfRobotsOnWhiteSite
12363,15,28
timeStep,numberOfRobotsOnBlackSite,numberOfRobotsOnWhiteSite
12364,15,28
timeStep,numberOfRobotsOnBlackSite,numberOfRobotsOnWhiteSite
12365,15,28
timeStep,numberOfRobotsOnBlackSite,numberOfRobotsOnWhiteSite
12366,15,28
timeStep,numberOfRobotsOnBlackSite,numberOfRobotsOnWhiteSite
12367,15,28
timeStep,numberOfRobotsOnBlackSite,numberOfRobotsOnWhiteSite
12368,15,28
timeStep,numberOfRobotsOnBlackSite,numberOfRobotsOnWhiteSite
12369,15,28
timeStep,numberOfRobotsOnBlackSite,numberOfRobotsOnWhiteSite
12370,15,28
timeStep,numberOfRobotsOnBlackSite,numberOfRobotsOnWhiteSite
12371,15,28
timeStep,numberOfRobotsOnBlackSite,numberOfRobotsOnWhiteSite
12372,15,28
timeStep,numberOfRobotsOnBlackSite,numberOfRobotsOnWhiteSite
12373,15,28
timeStep,numberOfRobotsOnBlackSite,numberOfRobotsOnWhiteSite
12374,15,28
timeStep,numberOfRobotsOnBlackSite,numberOfRobotsOnWhiteSite
12375,15,28
timeStep,numberOfRobotsOnBlackSite,numberOfRobotsOnWhiteSite
12376,15,28
timeStep,numberOfRobotsOnBlackSite,numberOfRobotsOnWhiteSite
12377,15,28
timeStep,numberOfRobotsOnBlackSite,numberOfRobotsOnWhiteSite
12378,15,28
timeStep,numberOfRobotsOnBlackSite,numberOfRobotsOnWhiteSite
12379,15,28
timeStep,numberOfRobotsOnBlackSite,numberOfRobotsOnWhiteSite
12380,15,27
timeStep,numberOfRobotsOnBlackSite,numberOfRobotsOnWhiteSite
12381,15,27
timeStep,numberOfRobotsOnBlackSite,numberOfRobotsOnWhiteSite
12382,15,27
timeStep,numberOfRobotsOnBlackSite,numberOfRobotsOnWhiteSite
12383,15,27
timeStep,numberOfRobotsOnBlackSite,numberOfRobotsOnWhiteSite
12384,15,27
timeStep,numberOfRobotsOnBlackSite,numberOfRobotsOnWhiteSite
12385,15,27
timeStep,numberOfRobotsOnBlackSite,numberOfRobotsOnWhiteSite
12386,15,27
timeStep,numberOfRobotsOnBlackSite,numberOfRobotsOnWhiteSite
12387,15,27
timeStep,numberOfRobotsOnBlackSite,numberOfRobotsOnWhiteSite
12388,15,27
timeStep,numberOfRobotsOnBlackSite,numberOfRobotsOnWhiteSite
12389,15,27
timeStep,numberOfRobotsOnBlackSite,numberOfRobotsOnWhiteSite
12390,15,26
timeStep,numberOfRobotsOnBlackSite,numberOfRobotsOnWhiteSite
12391,15,26
timeStep,numberOfRobotsOnBlackSite,numberOfRobotsOnWhiteSite
12392,15,26
timeStep,numberOfRobotsOnBlackSite,numberOfRobotsOnWhiteSite
12393,15,26
timeStep,numberOfRobotsOnBlackSite,numberOfRobotsOnWhiteSite
12394,15,26
timeStep,numberOfRobotsOnBlackSite,numberOfRobotsOnWhiteSite
12395,15,26
timeStep,numberOfRobotsOnBlackSite,numberOfRobotsOnWhiteSite
12396,15,26
timeStep,numberOfRobotsOnBlackSite,numberOfRobotsOnWhiteSite
12397,15,26
timeStep,numberOfRobotsOnBlackSite,numberOfRobotsOnWhiteSite
12398,15,26
timeStep,numberOfRobotsOnBlackSite,numberOfRobotsOnWhiteSite
12399,15,26
timeStep,numberOfRobotsOnBlackSite,numberOfRobotsOnWhiteSite
12400,15,26
timeStep,numberOfRobotsOnBlackSite,numberOfRobotsOnWhiteSite
12401,15,26
timeStep,numberOfRobotsOnBlackSite,numberOfRobotsOnWhiteSite
12402,15,26
timeStep,numberOfRobotsOnBlackSite,numberOfRobotsOnWhiteSite
12403,15,26
timeStep,numberOfRobotsOnBlackSite,numberOfRobotsOnWhiteSite
12404,15,26
timeStep,numberOfRobotsOnBlackSite,numberOfRobotsOnWhiteSite
12405,15,26
timeStep,numberOfRobotsOnBlackSite,numberOfRobotsOnWhiteSite
12406,15,26
timeStep,numberOfRobotsOnBlackSite,numberOfRobotsOnWhiteSite
12407,15,26
timeStep,numberOfRobotsOnBlackSite,numberOfRobotsOnWhiteSite
12408,15,26
timeStep,numberOfRobotsOnBlackSite,numberOfRobotsOnWhiteSite
12409,15,26
timeStep,numberOfRobotsOnBlackSite,numberOfRobotsOnWhiteSite
12410,15,26
timeStep,numberOfRobotsOnBlackSite,numberOfRobotsOnWhiteSite
12411,15,26
timeStep,numberOfRobotsOnBlackSite,numberOfRobotsOnWhiteSite
12412,15,26
timeStep,numberOfRobotsOnBlackSite,numberOfRobotsOnWhiteSite
12413,15,26
timeStep,numberOfRobotsOnBlackSite,numberOfRobotsOnWhiteSite
12414,15,26
timeStep,numberOfRobotsOnBlackSite,numberOfRobotsOnWhiteSite
12415,15,26
timeStep,numberOfRobotsOnBlackSite,numberOfRobotsOnWhiteSite
12416,15,26
timeStep,numberOfRobotsOnBlackSite,numberOfRobotsOnWhiteSite
12417,15,26
timeStep,numberOfRobotsOnBlackSite,numberOfRobotsOnWhiteSite
12418,15,26
timeStep,numberOfRobotsOnBlackSite,numberOfRobotsOnWhiteSite
12419,15,26
timeStep,numberOfRobotsOnBlackSite,numberOfRobotsOnWhiteSite
12420,15,26
timeStep,numberOfRobotsOnBlackSite,numberOfRobotsOnWhiteSite
12421,15,26
timeStep,numberOfRobotsOnBlackSite,numberOfRobotsOnWhiteSite
12422,15,26
timeStep,numberOfRobotsOnBlackSite,numberOfRobotsOnWhiteSite
12423,15,26
timeStep,numberOfRobotsOnBlackSite,numberOfRobotsOnWhiteSite
12424,15,26
timeStep,numberOfRobotsOnBlackSite,numberOfRobotsOnWhiteSite
12425,15,26
timeStep,numberOfRobotsOnBlackSite,numberOfRobotsOnWhiteSite
12426,15,26
timeStep,numberOfRobotsOnBlackSite,numberOfRobotsOnWhiteSite
12427,15,26
timeStep,numberOfRobotsOnBlackSite,numberOfRobotsOnWhiteSite
12428,15,26
timeStep,numberOfRobotsOnBlackSite,numberOfRobotsOnWhiteSite
12429,15,26
timeStep,numberOfRobotsOnBlackSite,numberOfRobotsOnWhiteSite
12430,15,26
timeStep,numberOfRobotsOnBlackSite,numberOfRobotsOnWhiteSite
12431,15,26
timeStep,numberOfRobotsOnBlackSite,numberOfRobotsOnWhiteSite
12432,15,26
timeStep,numberOfRobotsOnBlackSite,numberOfRobotsOnWhiteSite
12433,15,26
timeStep,numberOfRobotsOnBlackSite,numberOfRobotsOnWhiteSite
12434,15,26
timeStep,numberOfRobotsOnBlackSite,numberOfRobotsOnWhiteSite
12435,14,26
timeStep,numberOfRobotsOnBlackSite,numberOfRobotsOnWhiteSite
12436,14,26
timeStep,numberOfRobotsOnBlackSite,numberOfRobotsOnWhiteSite
12437,14,26
timeStep,numberOfRobotsOnBlackSite,numberOfRobotsOnWhiteSite
12438,14,26
timeStep,numberOfRobotsOnBlackSite,numberOfRobotsOnWhiteSite
12439,14,26
timeStep,numberOfRobotsOnBlackSite,numberOfRobotsOnWhiteSite
12440,14,26
timeStep,numberOfRobotsOnBlackSite,numberOfRobotsOnWhiteSite
12441,14,26
timeStep,numberOfRobotsOnBlackSite,numberOfRobotsOnWhiteSite
12442,14,26
timeStep,numberOfRobotsOnBlackSite,numberOfRobotsOnWhiteSite
12443,14,26
timeStep,numberOfRobotsOnBlackSite,numberOfRobotsOnWhiteSite
12444,14,26
timeStep,numberOfRobotsOnBlackSite,numberOfRobotsOnWhiteSite
12445,14,26
timeStep,numberOfRobotsOnBlackSite,numberOfRobotsOnWhiteSite
12446,14,26
timeStep,numberOfRobotsOnBlackSite,numberOfRobotsOnWhiteSite
12447,14,26
timeStep,numberOfRobotsOnBlackSite,numberOfRobotsOnWhiteSite
12448,14,26
timeStep,numberOfRobotsOnBlackSite,numberOfRobotsOnWhiteSite
12449,14,26
timeStep,numberOfRobotsOnBlackSite,numberOfRobotsOnWhiteSite
12450,14,26
timeStep,numberOfRobotsOnBlackSite,numberOfRobotsOnWhiteSite
12451,14,26
timeStep,numberOfRobotsOnBlackSite,numberOfRobotsOnWhiteSite
12452,14,26
timeStep,numberOfRobotsOnBlackSite,numberOfRobotsOnWhiteSite
12453,14,26
timeStep,numberOfRobotsOnBlackSite,numberOfRobotsOnWhiteSite
12454,14,26
timeStep,numberOfRobotsOnBlackSite,numberOfRobotsOnWhiteSite
12455,14,25
timeStep,numberOfRobotsOnBlackSite,numberOfRobotsOnWhiteSite
12456,14,25
timeStep,numberOfRobotsOnBlackSite,numberOfRobotsOnWhiteSite
12457,14,25
timeStep,numberOfRobotsOnBlackSite,numberOfRobotsOnWhiteSite
12458,14,25
timeStep,numberOfRobotsOnBlackSite,numberOfRobotsOnWhiteSite
12459,14,25
timeStep,numberOfRobotsOnBlackSite,numberOfRobotsOnWhiteSite
12460,14,25
timeStep,numberOfRobotsOnBlackSite,numberOfRobotsOnWhiteSite
12461,14,25
timeStep,numberOfRobotsOnBlackSite,numberOfRobotsOnWhiteSite
12462,14,25
timeStep,numberOfRobotsOnBlackSite,numberOfRobotsOnWhiteSite
12463,14,25
timeStep,numberOfRobotsOnBlackSite,numberOfRobotsOnWhiteSite
12464,14,25
timeStep,numberOfRobotsOnBlackSite,numberOfRobotsOnWhiteSite
12465,14,25
timeStep,numberOfRobotsOnBlackSite,numberOfRobotsOnWhiteSite
12466,14,25
timeStep,numberOfRobotsOnBlackSite,numberOfRobotsOnWhiteSite
12467,14,25
timeStep,numberOfRobotsOnBlackSite,numberOfRobotsOnWhiteSite
12468,14,25
timeStep,numberOfRobotsOnBlackSite,numberOfRobotsOnWhiteSite
12469,14,25
timeStep,numberOfRobotsOnBlackSite,numberOfRobotsOnWhiteSite
12470,15,25
timeStep,numberOfRobotsOnBlackSite,numberOfRobotsOnWhiteSite
12471,15,25
timeStep,numberOfRobotsOnBlackSite,numberOfRobotsOnWhiteSite
12472,15,25
timeStep,numberOfRobotsOnBlackSite,numberOfRobotsOnWhiteSite
12473,15,25
timeStep,numberOfRobotsOnBlackSite,numberOfRobotsOnWhiteSite
12474,15,25
timeStep,numberOfRobotsOnBlackSite,numberOfRobotsOnWhiteSite
12475,15,25
timeStep,numberOfRobotsOnBlackSite,numberOfRobotsOnWhiteSite
12476,15,25
timeStep,numberOfRobotsOnBlackSite,numberOfRobotsOnWhiteSite
12477,15,25
timeStep,numberOfRobotsOnBlackSite,numberOfRobotsOnWhiteSite
12478,15,25
timeStep,numberOfRobotsOnBlackSite,numberOfRobotsOnWhiteSite
12479,15,25
timeStep,numberOfRobotsOnBlackSite,numberOfRobotsOnWhiteSite
12480,15,25
timeStep,numberOfRobotsOnBlackSite,numberOfRobotsOnWhiteSite
12481,15,25
timeStep,numberOfRobotsOnBlackSite,numberOfRobotsOnWhiteSite
12482,15,25
timeStep,numberOfRobotsOnBlackSite,numberOfRobotsOnWhiteSite
12483,15,25
timeStep,numberOfRobotsOnBlackSite,numberOfRobotsOnWhiteSite
12484,15,25
timeStep,numberOfRobotsOnBlackSite,numberOfRobotsOnWhiteSite
12485,16,25
timeStep,numberOfRobotsOnBlackSite,numberOfRobotsOnWhiteSite
12486,16,25
timeStep,numberOfRobotsOnBlackSite,numberOfRobotsOnWhiteSite
12487,16,25
timeStep,numberOfRobotsOnBlackSite,numberOfRobotsOnWhiteSite
12488,16,25
timeStep,numberOfRobotsOnBlackSite,numberOfRobotsOnWhiteSite
12489,16,25
timeStep,numberOfRobotsOnBlackSite,numberOfRobotsOnWhiteSite
12490,16,25
timeStep,numberOfRobotsOnBlackSite,numberOfRobotsOnWhiteSite
12491,16,25
timeStep,numberOfRobotsOnBlackSite,numberOfRobotsOnWhiteSite
12492,16,25
timeStep,numberOfRobotsOnBlackSite,numberOfRobotsOnWhiteSite
12493,16,25
timeStep,numberOfRobotsOnBlackSite,numberOfRobotsOnWhiteSite
12494,16,25
timeStep,numberOfRobotsOnBlackSite,numberOfRobotsOnWhiteSite
12495,16,25
timeStep,numberOfRobotsOnBlackSite,numberOfRobotsOnWhiteSite
12496,16,25
timeStep,numberOfRobotsOnBlackSite,numberOfRobotsOnWhiteSite
12497,16,25
timeStep,numberOfRobotsOnBlackSite,numberOfRobotsOnWhiteSite
12498,16,25
timeStep,numberOfRobotsOnBlackSite,numberOfRobotsOnWhiteSite
12499,16,25
timeStep,numberOfRobotsOnBlackSite,numberOfRobotsOnWhiteSite
12500,16,25
timeStep,numberOfRobotsOnBlackSite,numberOfRobotsOnWhiteSite
12501,16,25
timeStep,numberOfRobotsOnBlackSite,numberOfRobotsOnWhiteSite
12502,16,25
timeStep,numberOfRobotsOnBlackSite,numberOfRobotsOnWhiteSite
12503,16,25
timeStep,numberOfRobotsOnBlackSite,numberOfRobotsOnWhiteSite
12504,16,25
timeStep,numberOfRobotsOnBlackSite,numberOfRobotsOnWhiteSite
12505,16,25
timeStep,numberOfRobotsOnBlackSite,numberOfRobotsOnWhiteSite
12506,16,25
timeStep,numberOfRobotsOnBlackSite,numberOfRobotsOnWhiteSite
12507,16,25
timeStep,numberOfRobotsOnBlackSite,numberOfRobotsOnWhiteSite
12508,16,25
timeStep,numberOfRobotsOnBlackSite,numberOfRobotsOnWhiteSite
12509,16,25
timeStep,numberOfRobotsOnBlackSite,numberOfRobotsOnWhiteSite
12510,17,25
timeStep,numberOfRobotsOnBlackSite,numberOfRobotsOnWhiteSite
12511,17,25
timeStep,numberOfRobotsOnBlackSite,numberOfRobotsOnWhiteSite
12512,17,25
timeStep,numberOfRobotsOnBlackSite,numberOfRobotsOnWhiteSite
12513,17,25
timeStep,numberOfRobotsOnBlackSite,numberOfRobotsOnWhiteSite
12514,17,25
timeStep,numberOfRobotsOnBlackSite,numberOfRobotsOnWhiteSite
12515,17,25
timeStep,numberOfRobotsOnBlackSite,numberOfRobotsOnWhiteSite
12516,17,25
timeStep,numberOfRobotsOnBlackSite,numberOfRobotsOnWhiteSite
12517,17,25
timeStep,numberOfRobotsOnBlackSite,numberOfRobotsOnWhiteSite
12518,17,25
timeStep,numberOfRobotsOnBlackSite,numberOfRobotsOnWhiteSite
12519,17,25
timeStep,numberOfRobotsOnBlackSite,numberOfRobotsOnWhiteSite
12520,17,25
timeStep,numberOfRobotsOnBlackSite,numberOfRobotsOnWhiteSite
12521,17,25
timeStep,numberOfRobotsOnBlackSite,numberOfRobotsOnWhiteSite
12522,17,25
timeStep,numberOfRobotsOnBlackSite,numberOfRobotsOnWhiteSite
12523,17,25
timeStep,numberOfRobotsOnBlackSite,numberOfRobotsOnWhiteSite
12524,17,25
timeStep,numberOfRobotsOnBlackSite,numberOfRobotsOnWhiteSite
12525,17,26
timeStep,numberOfRobotsOnBlackSite,numberOfRobotsOnWhiteSite
12526,17,26
timeStep,numberOfRobotsOnBlackSite,numberOfRobotsOnWhiteSite
12527,17,26
timeStep,numberOfRobotsOnBlackSite,numberOfRobotsOnWhiteSite
12528,17,26
timeStep,numberOfRobotsOnBlackSite,numberOfRobotsOnWhiteSite
12529,17,26
timeStep,numberOfRobotsOnBlackSite,numberOfRobotsOnWhiteSite
12530,17,26
timeStep,numberOfRobotsOnBlackSite,numberOfRobotsOnWhiteSite
12531,17,26
timeStep,numberOfRobotsOnBlackSite,numberOfRobotsOnWhiteSite
12532,17,26
timeStep,numberOfRobotsOnBlackSite,numberOfRobotsOnWhiteSite
12533,17,26
timeStep,numberOfRobotsOnBlackSite,numberOfRobotsOnWhiteSite
12534,17,26
timeStep,numberOfRobotsOnBlackSite,numberOfRobotsOnWhiteSite
12535,17,27
timeStep,numberOfRobotsOnBlackSite,numberOfRobotsOnWhiteSite
12536,17,27
timeStep,numberOfRobotsOnBlackSite,numberOfRobotsOnWhiteSite
12537,17,27
timeStep,numberOfRobotsOnBlackSite,numberOfRobotsOnWhiteSite
12538,17,27
timeStep,numberOfRobotsOnBlackSite,numberOfRobotsOnWhiteSite
12539,17,27
timeStep,numberOfRobotsOnBlackSite,numberOfRobotsOnWhiteSite
12540,17,27
timeStep,numberOfRobotsOnBlackSite,numberOfRobotsOnWhiteSite
12541,17,27
timeStep,numberOfRobotsOnBlackSite,numberOfRobotsOnWhiteSite
12542,17,27
timeStep,numberOfRobotsOnBlackSite,numberOfRobotsOnWhiteSite
12543,17,27
timeStep,numberOfRobotsOnBlackSite,numberOfRobotsOnWhiteSite
12544,17,27
timeStep,numberOfRobotsOnBlackSite,numberOfRobotsOnWhiteSite
12545,16,27
timeStep,numberOfRobotsOnBlackSite,numberOfRobotsOnWhiteSite
12546,16,27
timeStep,numberOfRobotsOnBlackSite,numberOfRobotsOnWhiteSite
12547,16,27
timeStep,numberOfRobotsOnBlackSite,numberOfRobotsOnWhiteSite
12548,16,27
timeStep,numberOfRobotsOnBlackSite,numberOfRobotsOnWhiteSite
12549,16,27
timeStep,numberOfRobotsOnBlackSite,numberOfRobotsOnWhiteSite
12550,16,27
timeStep,numberOfRobotsOnBlackSite,numberOfRobotsOnWhiteSite
12551,16,27
timeStep,numberOfRobotsOnBlackSite,numberOfRobotsOnWhiteSite
12552,16,27
timeStep,numberOfRobotsOnBlackSite,numberOfRobotsOnWhiteSite
12553,16,27
timeStep,numberOfRobotsOnBlackSite,numberOfRobotsOnWhiteSite
12554,16,27
timeStep,numberOfRobotsOnBlackSite,numberOfRobotsOnWhiteSite
12555,16,27
timeStep,numberOfRobotsOnBlackSite,numberOfRobotsOnWhiteSite
12556,16,27
timeStep,numberOfRobotsOnBlackSite,numberOfRobotsOnWhiteSite
12557,16,27
timeStep,numberOfRobotsOnBlackSite,numberOfRobotsOnWhiteSite
12558,16,27
timeStep,numberOfRobotsOnBlackSite,numberOfRobotsOnWhiteSite
12559,16,27
timeStep,numberOfRobotsOnBlackSite,numberOfRobotsOnWhiteSite
12560,16,27
timeStep,numberOfRobotsOnBlackSite,numberOfRobotsOnWhiteSite
12561,16,27
timeStep,numberOfRobotsOnBlackSite,numberOfRobotsOnWhiteSite
12562,16,27
timeStep,numberOfRobotsOnBlackSite,numberOfRobotsOnWhiteSite
12563,16,27
timeStep,numberOfRobotsOnBlackSite,numberOfRobotsOnWhiteSite
12564,16,27
timeStep,numberOfRobotsOnBlackSite,numberOfRobotsOnWhiteSite
12565,16,27
timeStep,numberOfRobotsOnBlackSite,numberOfRobotsOnWhiteSite
12566,16,27
timeStep,numberOfRobotsOnBlackSite,numberOfRobotsOnWhiteSite
12567,16,27
timeStep,numberOfRobotsOnBlackSite,numberOfRobotsOnWhiteSite
12568,16,27
timeStep,numberOfRobotsOnBlackSite,numberOfRobotsOnWhiteSite
12569,16,27
timeStep,numberOfRobotsOnBlackSite,numberOfRobotsOnWhiteSite
12570,16,27
timeStep,numberOfRobotsOnBlackSite,numberOfRobotsOnWhiteSite
12571,16,27
timeStep,numberOfRobotsOnBlackSite,numberOfRobotsOnWhiteSite
12572,16,27
timeStep,numberOfRobotsOnBlackSite,numberOfRobotsOnWhiteSite
12573,16,27
timeStep,numberOfRobotsOnBlackSite,numberOfRobotsOnWhiteSite
12574,16,27
timeStep,numberOfRobotsOnBlackSite,numberOfRobotsOnWhiteSite
12575,15,27
timeStep,numberOfRobotsOnBlackSite,numberOfRobotsOnWhiteSite
12576,15,27
timeStep,numberOfRobotsOnBlackSite,numberOfRobotsOnWhiteSite
12577,15,27
timeStep,numberOfRobotsOnBlackSite,numberOfRobotsOnWhiteSite
12578,15,27
timeStep,numberOfRobotsOnBlackSite,numberOfRobotsOnWhiteSite
12579,15,27
timeStep,numberOfRobotsOnBlackSite,numberOfRobotsOnWhiteSite
12580,15,27
timeStep,numberOfRobotsOnBlackSite,numberOfRobotsOnWhiteSite
12581,15,27
timeStep,numberOfRobotsOnBlackSite,numberOfRobotsOnWhiteSite
12582,15,27
timeStep,numberOfRobotsOnBlackSite,numberOfRobotsOnWhiteSite
12583,15,27
timeStep,numberOfRobotsOnBlackSite,numberOfRobotsOnWhiteSite
12584,15,27
timeStep,numberOfRobotsOnBlackSite,numberOfRobotsOnWhiteSite
12585,15,27
timeStep,numberOfRobotsOnBlackSite,numberOfRobotsOnWhiteSite
12586,15,27
timeStep,numberOfRobotsOnBlackSite,numberOfRobotsOnWhiteSite
12587,15,27
timeStep,numberOfRobotsOnBlackSite,numberOfRobotsOnWhiteSite
12588,15,27
timeStep,numberOfRobotsOnBlackSite,numberOfRobotsOnWhiteSite
12589,15,27
timeStep,numberOfRobotsOnBlackSite,numberOfRobotsOnWhiteSite
12590,15,26
timeStep,numberOfRobotsOnBlackSite,numberOfRobotsOnWhiteSite
12591,15,26
timeStep,numberOfRobotsOnBlackSite,numberOfRobotsOnWhiteSite
12592,15,26
timeStep,numberOfRobotsOnBlackSite,numberOfRobotsOnWhiteSite
12593,15,26
timeStep,numberOfRobotsOnBlackSite,numberOfRobotsOnWhiteSite
12594,15,26
timeStep,numberOfRobotsOnBlackSite,numberOfRobotsOnWhiteSite
12595,15,26
timeStep,numberOfRobotsOnBlackSite,numberOfRobotsOnWhiteSite
12596,15,26
timeStep,numberOfRobotsOnBlackSite,numberOfRobotsOnWhiteSite
12597,15,26
timeStep,numberOfRobotsOnBlackSite,numberOfRobotsOnWhiteSite
12598,15,26
timeStep,numberOfRobotsOnBlackSite,numberOfRobotsOnWhiteSite
12599,15,26
timeStep,numberOfRobotsOnBlackSite,numberOfRobotsOnWhiteSite
12600,15,26
timeStep,numberOfRobotsOnBlackSite,numberOfRobotsOnWhiteSite
12601,15,26
timeStep,numberOfRobotsOnBlackSite,numberOfRobotsOnWhiteSite
12602,15,26
timeStep,numberOfRobotsOnBlackSite,numberOfRobotsOnWhiteSite
12603,15,26
timeStep,numberOfRobotsOnBlackSite,numberOfRobotsOnWhiteSite
12604,15,26
timeStep,numberOfRobotsOnBlackSite,numberOfRobotsOnWhiteSite
12605,15,26
timeStep,numberOfRobotsOnBlackSite,numberOfRobotsOnWhiteSite
12606,15,26
timeStep,numberOfRobotsOnBlackSite,numberOfRobotsOnWhiteSite
12607,15,26
timeStep,numberOfRobotsOnBlackSite,numberOfRobotsOnWhiteSite
12608,15,26
timeStep,numberOfRobotsOnBlackSite,numberOfRobotsOnWhiteSite
12609,15,26
timeStep,numberOfRobotsOnBlackSite,numberOfRobotsOnWhiteSite
12610,15,26
timeStep,numberOfRobotsOnBlackSite,numberOfRobotsOnWhiteSite
12611,15,26
timeStep,numberOfRobotsOnBlackSite,numberOfRobotsOnWhiteSite
12612,15,26
timeStep,numberOfRobotsOnBlackSite,numberOfRobotsOnWhiteSite
12613,15,26
timeStep,numberOfRobotsOnBlackSite,numberOfRobotsOnWhiteSite
12614,15,26
timeStep,numberOfRobotsOnBlackSite,numberOfRobotsOnWhiteSite
12615,15,26
timeStep,numberOfRobotsOnBlackSite,numberOfRobotsOnWhiteSite
12616,15,26
timeStep,numberOfRobotsOnBlackSite,numberOfRobotsOnWhiteSite
12617,15,26
timeStep,numberOfRobotsOnBlackSite,numberOfRobotsOnWhiteSite
12618,15,26
timeStep,numberOfRobotsOnBlackSite,numberOfRobotsOnWhiteSite
12619,15,26
timeStep,numberOfRobotsOnBlackSite,numberOfRobotsOnWhiteSite
12620,15,26
timeStep,numberOfRobotsOnBlackSite,numberOfRobotsOnWhiteSite
12621,15,26
timeStep,numberOfRobotsOnBlackSite,numberOfRobotsOnWhiteSite
12622,15,26
timeStep,numberOfRobotsOnBlackSite,numberOfRobotsOnWhiteSite
12623,15,26
timeStep,numberOfRobotsOnBlackSite,numberOfRobotsOnWhiteSite
12624,15,26
timeStep,numberOfRobotsOnBlackSite,numberOfRobotsOnWhiteSite
12625,15,26
timeStep,numberOfRobotsOnBlackSite,numberOfRobotsOnWhiteSite
12626,15,26
timeStep,numberOfRobotsOnBlackSite,numberOfRobotsOnWhiteSite
12627,15,26
timeStep,numberOfRobotsOnBlackSite,numberOfRobotsOnWhiteSite
12628,15,26
timeStep,numberOfRobotsOnBlackSite,numberOfRobotsOnWhiteSite
12629,15,26
timeStep,numberOfRobotsOnBlackSite,numberOfRobotsOnWhiteSite
12630,15,26
timeStep,numberOfRobotsOnBlackSite,numberOfRobotsOnWhiteSite
12631,15,26
timeStep,numberOfRobotsOnBlackSite,numberOfRobotsOnWhiteSite
12632,15,26
timeStep,numberOfRobotsOnBlackSite,numberOfRobotsOnWhiteSite
12633,15,26
timeStep,numberOfRobotsOnBlackSite,numberOfRobotsOnWhiteSite
12634,15,26
timeStep,numberOfRobotsOnBlackSite,numberOfRobotsOnWhiteSite
12635,15,26
timeStep,numberOfRobotsOnBlackSite,numberOfRobotsOnWhiteSite
12636,15,26
timeStep,numberOfRobotsOnBlackSite,numberOfRobotsOnWhiteSite
12637,15,26
timeStep,numberOfRobotsOnBlackSite,numberOfRobotsOnWhiteSite
12638,15,26
timeStep,numberOfRobotsOnBlackSite,numberOfRobotsOnWhiteSite
12639,15,26
timeStep,numberOfRobotsOnBlackSite,numberOfRobotsOnWhiteSite
12640,16,26
timeStep,numberOfRobotsOnBlackSite,numberOfRobotsOnWhiteSite
12641,16,26
timeStep,numberOfRobotsOnBlackSite,numberOfRobotsOnWhiteSite
12642,16,26
timeStep,numberOfRobotsOnBlackSite,numberOfRobotsOnWhiteSite
12643,16,26
timeStep,numberOfRobotsOnBlackSite,numberOfRobotsOnWhiteSite
12644,16,26
timeStep,numberOfRobotsOnBlackSite,numberOfRobotsOnWhiteSite
12645,15,26
timeStep,numberOfRobotsOnBlackSite,numberOfRobotsOnWhiteSite
12646,15,26
timeStep,numberOfRobotsOnBlackSite,numberOfRobotsOnWhiteSite
12647,15,26
timeStep,numberOfRobotsOnBlackSite,numberOfRobotsOnWhiteSite
12648,15,26
timeStep,numberOfRobotsOnBlackSite,numberOfRobotsOnWhiteSite
12649,15,26
timeStep,numberOfRobotsOnBlackSite,numberOfRobotsOnWhiteSite
12650,15,26
timeStep,numberOfRobotsOnBlackSite,numberOfRobotsOnWhiteSite
12651,15,26
timeStep,numberOfRobotsOnBlackSite,numberOfRobotsOnWhiteSite
12652,15,26
timeStep,numberOfRobotsOnBlackSite,numberOfRobotsOnWhiteSite
12653,15,26
timeStep,numberOfRobotsOnBlackSite,numberOfRobotsOnWhiteSite
12654,15,26
timeStep,numberOfRobotsOnBlackSite,numberOfRobotsOnWhiteSite
12655,15,26
timeStep,numberOfRobotsOnBlackSite,numberOfRobotsOnWhiteSite
12656,15,26
timeStep,numberOfRobotsOnBlackSite,numberOfRobotsOnWhiteSite
12657,15,26
timeStep,numberOfRobotsOnBlackSite,numberOfRobotsOnWhiteSite
12658,15,26
timeStep,numberOfRobotsOnBlackSite,numberOfRobotsOnWhiteSite
12659,15,26
timeStep,numberOfRobotsOnBlackSite,numberOfRobotsOnWhiteSite
12660,15,26
timeStep,numberOfRobotsOnBlackSite,numberOfRobotsOnWhiteSite
12661,15,26
timeStep,numberOfRobotsOnBlackSite,numberOfRobotsOnWhiteSite
12662,15,26
timeStep,numberOfRobotsOnBlackSite,numberOfRobotsOnWhiteSite
12663,15,26
timeStep,numberOfRobotsOnBlackSite,numberOfRobotsOnWhiteSite
12664,15,26
timeStep,numberOfRobotsOnBlackSite,numberOfRobotsOnWhiteSite
12665,15,26
timeStep,numberOfRobotsOnBlackSite,numberOfRobotsOnWhiteSite
12666,15,26
timeStep,numberOfRobotsOnBlackSite,numberOfRobotsOnWhiteSite
12667,15,26
timeStep,numberOfRobotsOnBlackSite,numberOfRobotsOnWhiteSite
12668,15,26
timeStep,numberOfRobotsOnBlackSite,numberOfRobotsOnWhiteSite
12669,15,26
timeStep,numberOfRobotsOnBlackSite,numberOfRobotsOnWhiteSite
12670,15,26
timeStep,numberOfRobotsOnBlackSite,numberOfRobotsOnWhiteSite
12671,15,26
timeStep,numberOfRobotsOnBlackSite,numberOfRobotsOnWhiteSite
12672,15,26
timeStep,numberOfRobotsOnBlackSite,numberOfRobotsOnWhiteSite
12673,15,26
timeStep,numberOfRobotsOnBlackSite,numberOfRobotsOnWhiteSite
12674,15,26
timeStep,numberOfRobotsOnBlackSite,numberOfRobotsOnWhiteSite
12675,15,26
timeStep,numberOfRobotsOnBlackSite,numberOfRobotsOnWhiteSite
12676,15,26
timeStep,numberOfRobotsOnBlackSite,numberOfRobotsOnWhiteSite
12677,15,26
timeStep,numberOfRobotsOnBlackSite,numberOfRobotsOnWhiteSite
12678,15,26
timeStep,numberOfRobotsOnBlackSite,numberOfRobotsOnWhiteSite
12679,15,26
timeStep,numberOfRobotsOnBlackSite,numberOfRobotsOnWhiteSite
12680,15,26
timeStep,numberOfRobotsOnBlackSite,numberOfRobotsOnWhiteSite
12681,15,26
timeStep,numberOfRobotsOnBlackSite,numberOfRobotsOnWhiteSite
12682,15,26
timeStep,numberOfRobotsOnBlackSite,numberOfRobotsOnWhiteSite
12683,15,26
timeStep,numberOfRobotsOnBlackSite,numberOfRobotsOnWhiteSite
12684,15,26
timeStep,numberOfRobotsOnBlackSite,numberOfRobotsOnWhiteSite
12685,14,26
timeStep,numberOfRobotsOnBlackSite,numberOfRobotsOnWhiteSite
12686,14,26
timeStep,numberOfRobotsOnBlackSite,numberOfRobotsOnWhiteSite
12687,14,26
timeStep,numberOfRobotsOnBlackSite,numberOfRobotsOnWhiteSite
12688,14,26
timeStep,numberOfRobotsOnBlackSite,numberOfRobotsOnWhiteSite
12689,14,26
timeStep,numberOfRobotsOnBlackSite,numberOfRobotsOnWhiteSite
12690,14,26
timeStep,numberOfRobotsOnBlackSite,numberOfRobotsOnWhiteSite
12691,14,26
timeStep,numberOfRobotsOnBlackSite,numberOfRobotsOnWhiteSite
12692,14,26
timeStep,numberOfRobotsOnBlackSite,numberOfRobotsOnWhiteSite
12693,14,26
timeStep,numberOfRobotsOnBlackSite,numberOfRobotsOnWhiteSite
12694,14,26
timeStep,numberOfRobotsOnBlackSite,numberOfRobotsOnWhiteSite
12695,14,26
timeStep,numberOfRobotsOnBlackSite,numberOfRobotsOnWhiteSite
12696,14,26
timeStep,numberOfRobotsOnBlackSite,numberOfRobotsOnWhiteSite
12697,14,26
timeStep,numberOfRobotsOnBlackSite,numberOfRobotsOnWhiteSite
12698,14,26
timeStep,numberOfRobotsOnBlackSite,numberOfRobotsOnWhiteSite
12699,14,26
timeStep,numberOfRobotsOnBlackSite,numberOfRobotsOnWhiteSite
12700,14,26
timeStep,numberOfRobotsOnBlackSite,numberOfRobotsOnWhiteSite
12701,14,26
timeStep,numberOfRobotsOnBlackSite,numberOfRobotsOnWhiteSite
12702,14,26
timeStep,numberOfRobotsOnBlackSite,numberOfRobotsOnWhiteSite
12703,14,26
timeStep,numberOfRobotsOnBlackSite,numberOfRobotsOnWhiteSite
12704,14,26
timeStep,numberOfRobotsOnBlackSite,numberOfRobotsOnWhiteSite
12705,14,26
timeStep,numberOfRobotsOnBlackSite,numberOfRobotsOnWhiteSite
12706,14,26
timeStep,numberOfRobotsOnBlackSite,numberOfRobotsOnWhiteSite
12707,14,26
timeStep,numberOfRobotsOnBlackSite,numberOfRobotsOnWhiteSite
12708,14,26
timeStep,numberOfRobotsOnBlackSite,numberOfRobotsOnWhiteSite
12709,14,26
timeStep,numberOfRobotsOnBlackSite,numberOfRobotsOnWhiteSite
12710,14,26
timeStep,numberOfRobotsOnBlackSite,numberOfRobotsOnWhiteSite
12711,14,26
timeStep,numberOfRobotsOnBlackSite,numberOfRobotsOnWhiteSite
12712,14,26
timeStep,numberOfRobotsOnBlackSite,numberOfRobotsOnWhiteSite
12713,14,26
timeStep,numberOfRobotsOnBlackSite,numberOfRobotsOnWhiteSite
12714,14,26
timeStep,numberOfRobotsOnBlackSite,numberOfRobotsOnWhiteSite
12715,14,26
timeStep,numberOfRobotsOnBlackSite,numberOfRobotsOnWhiteSite
12716,14,26
timeStep,numberOfRobotsOnBlackSite,numberOfRobotsOnWhiteSite
12717,14,26
timeStep,numberOfRobotsOnBlackSite,numberOfRobotsOnWhiteSite
12718,14,26
timeStep,numberOfRobotsOnBlackSite,numberOfRobotsOnWhiteSite
12719,14,26
timeStep,numberOfRobotsOnBlackSite,numberOfRobotsOnWhiteSite
12720,14,26
timeStep,numberOfRobotsOnBlackSite,numberOfRobotsOnWhiteSite
12721,14,26
timeStep,numberOfRobotsOnBlackSite,numberOfRobotsOnWhiteSite
12722,14,26
timeStep,numberOfRobotsOnBlackSite,numberOfRobotsOnWhiteSite
12723,14,26
timeStep,numberOfRobotsOnBlackSite,numberOfRobotsOnWhiteSite
12724,14,26
timeStep,numberOfRobotsOnBlackSite,numberOfRobotsOnWhiteSite
12725,14,26
timeStep,numberOfRobotsOnBlackSite,numberOfRobotsOnWhiteSite
12726,14,26
timeStep,numberOfRobotsOnBlackSite,numberOfRobotsOnWhiteSite
12727,14,26
timeStep,numberOfRobotsOnBlackSite,numberOfRobotsOnWhiteSite
12728,14,26
timeStep,numberOfRobotsOnBlackSite,numberOfRobotsOnWhiteSite
12729,14,26
timeStep,numberOfRobotsOnBlackSite,numberOfRobotsOnWhiteSite
12730,15,26
timeStep,numberOfRobotsOnBlackSite,numberOfRobotsOnWhiteSite
12731,15,26
timeStep,numberOfRobotsOnBlackSite,numberOfRobotsOnWhiteSite
12732,15,26
timeStep,numberOfRobotsOnBlackSite,numberOfRobotsOnWhiteSite
12733,15,26
timeStep,numberOfRobotsOnBlackSite,numberOfRobotsOnWhiteSite
12734,15,26
timeStep,numberOfRobotsOnBlackSite,numberOfRobotsOnWhiteSite
12735,15,25
timeStep,numberOfRobotsOnBlackSite,numberOfRobotsOnWhiteSite
12736,15,25
timeStep,numberOfRobotsOnBlackSite,numberOfRobotsOnWhiteSite
12737,15,25
timeStep,numberOfRobotsOnBlackSite,numberOfRobotsOnWhiteSite
12738,15,25
timeStep,numberOfRobotsOnBlackSite,numberOfRobotsOnWhiteSite
12739,15,25
timeStep,numberOfRobotsOnBlackSite,numberOfRobotsOnWhiteSite
12740,15,25
timeStep,numberOfRobotsOnBlackSite,numberOfRobotsOnWhiteSite
12741,15,25
timeStep,numberOfRobotsOnBlackSite,numberOfRobotsOnWhiteSite
12742,15,25
timeStep,numberOfRobotsOnBlackSite,numberOfRobotsOnWhiteSite
12743,15,25
timeStep,numberOfRobotsOnBlackSite,numberOfRobotsOnWhiteSite
12744,15,25
timeStep,numberOfRobotsOnBlackSite,numberOfRobotsOnWhiteSite
12745,15,25
timeStep,numberOfRobotsOnBlackSite,numberOfRobotsOnWhiteSite
12746,15,25
timeStep,numberOfRobotsOnBlackSite,numberOfRobotsOnWhiteSite
12747,15,25
timeStep,numberOfRobotsOnBlackSite,numberOfRobotsOnWhiteSite
12748,15,25
timeStep,numberOfRobotsOnBlackSite,numberOfRobotsOnWhiteSite
12749,15,25
timeStep,numberOfRobotsOnBlackSite,numberOfRobotsOnWhiteSite
12750,15,25
timeStep,numberOfRobotsOnBlackSite,numberOfRobotsOnWhiteSite
12751,15,25
timeStep,numberOfRobotsOnBlackSite,numberOfRobotsOnWhiteSite
12752,15,25
timeStep,numberOfRobotsOnBlackSite,numberOfRobotsOnWhiteSite
12753,15,25
timeStep,numberOfRobotsOnBlackSite,numberOfRobotsOnWhiteSite
12754,15,25
timeStep,numberOfRobotsOnBlackSite,numberOfRobotsOnWhiteSite
12755,15,25
timeStep,numberOfRobotsOnBlackSite,numberOfRobotsOnWhiteSite
12756,15,25
timeStep,numberOfRobotsOnBlackSite,numberOfRobotsOnWhiteSite
12757,15,25
timeStep,numberOfRobotsOnBlackSite,numberOfRobotsOnWhiteSite
12758,15,25
timeStep,numberOfRobotsOnBlackSite,numberOfRobotsOnWhiteSite
12759,15,25
timeStep,numberOfRobotsOnBlackSite,numberOfRobotsOnWhiteSite
12760,15,25
timeStep,numberOfRobotsOnBlackSite,numberOfRobotsOnWhiteSite
12761,15,25
timeStep,numberOfRobotsOnBlackSite,numberOfRobotsOnWhiteSite
12762,15,25
timeStep,numberOfRobotsOnBlackSite,numberOfRobotsOnWhiteSite
12763,15,25
timeStep,numberOfRobotsOnBlackSite,numberOfRobotsOnWhiteSite
12764,15,25
timeStep,numberOfRobotsOnBlackSite,numberOfRobotsOnWhiteSite
12765,15,25
timeStep,numberOfRobotsOnBlackSite,numberOfRobotsOnWhiteSite
12766,15,25
timeStep,numberOfRobotsOnBlackSite,numberOfRobotsOnWhiteSite
12767,15,25
timeStep,numberOfRobotsOnBlackSite,numberOfRobotsOnWhiteSite
12768,15,25
timeStep,numberOfRobotsOnBlackSite,numberOfRobotsOnWhiteSite
12769,15,25
timeStep,numberOfRobotsOnBlackSite,numberOfRobotsOnWhiteSite
12770,15,25
timeStep,numberOfRobotsOnBlackSite,numberOfRobotsOnWhiteSite
12771,15,25
timeStep,numberOfRobotsOnBlackSite,numberOfRobotsOnWhiteSite
12772,15,25
timeStep,numberOfRobotsOnBlackSite,numberOfRobotsOnWhiteSite
12773,15,25
timeStep,numberOfRobotsOnBlackSite,numberOfRobotsOnWhiteSite
12774,15,25
timeStep,numberOfRobotsOnBlackSite,numberOfRobotsOnWhiteSite
12775,15,25
timeStep,numberOfRobotsOnBlackSite,numberOfRobotsOnWhiteSite
12776,15,25
timeStep,numberOfRobotsOnBlackSite,numberOfRobotsOnWhiteSite
12777,15,25
timeStep,numberOfRobotsOnBlackSite,numberOfRobotsOnWhiteSite
12778,15,25
timeStep,numberOfRobotsOnBlackSite,numberOfRobotsOnWhiteSite
12779,15,25
timeStep,numberOfRobotsOnBlackSite,numberOfRobotsOnWhiteSite
12780,15,25
timeStep,numberOfRobotsOnBlackSite,numberOfRobotsOnWhiteSite
12781,15,25
timeStep,numberOfRobotsOnBlackSite,numberOfRobotsOnWhiteSite
12782,15,25
timeStep,numberOfRobotsOnBlackSite,numberOfRobotsOnWhiteSite
12783,15,25
timeStep,numberOfRobotsOnBlackSite,numberOfRobotsOnWhiteSite
12784,15,25
timeStep,numberOfRobotsOnBlackSite,numberOfRobotsOnWhiteSite
12785,15,25
timeStep,numberOfRobotsOnBlackSite,numberOfRobotsOnWhiteSite
12786,15,25
timeStep,numberOfRobotsOnBlackSite,numberOfRobotsOnWhiteSite
12787,15,25
timeStep,numberOfRobotsOnBlackSite,numberOfRobotsOnWhiteSite
12788,15,25
timeStep,numberOfRobotsOnBlackSite,numberOfRobotsOnWhiteSite
12789,15,25
timeStep,numberOfRobotsOnBlackSite,numberOfRobotsOnWhiteSite
12790,15,25
timeStep,numberOfRobotsOnBlackSite,numberOfRobotsOnWhiteSite
12791,15,25
timeStep,numberOfRobotsOnBlackSite,numberOfRobotsOnWhiteSite
12792,15,25
timeStep,numberOfRobotsOnBlackSite,numberOfRobotsOnWhiteSite
12793,15,25
timeStep,numberOfRobotsOnBlackSite,numberOfRobotsOnWhiteSite
12794,15,25
timeStep,numberOfRobotsOnBlackSite,numberOfRobotsOnWhiteSite
12795,15,25
timeStep,numberOfRobotsOnBlackSite,numberOfRobotsOnWhiteSite
12796,15,25
timeStep,numberOfRobotsOnBlackSite,numberOfRobotsOnWhiteSite
12797,15,25
timeStep,numberOfRobotsOnBlackSite,numberOfRobotsOnWhiteSite
12798,15,25
timeStep,numberOfRobotsOnBlackSite,numberOfRobotsOnWhiteSite
12799,15,25
timeStep,numberOfRobotsOnBlackSite,numberOfRobotsOnWhiteSite
12800,15,25
timeStep,numberOfRobotsOnBlackSite,numberOfRobotsOnWhiteSite
12801,15,25
timeStep,numberOfRobotsOnBlackSite,numberOfRobotsOnWhiteSite
12802,15,25
timeStep,numberOfRobotsOnBlackSite,numberOfRobotsOnWhiteSite
12803,15,25
timeStep,numberOfRobotsOnBlackSite,numberOfRobotsOnWhiteSite
12804,15,25
timeStep,numberOfRobotsOnBlackSite,numberOfRobotsOnWhiteSite
12805,15,25
timeStep,numberOfRobotsOnBlackSite,numberOfRobotsOnWhiteSite
12806,15,25
timeStep,numberOfRobotsOnBlackSite,numberOfRobotsOnWhiteSite
12807,15,25
timeStep,numberOfRobotsOnBlackSite,numberOfRobotsOnWhiteSite
12808,15,25
timeStep,numberOfRobotsOnBlackSite,numberOfRobotsOnWhiteSite
12809,15,25
timeStep,numberOfRobotsOnBlackSite,numberOfRobotsOnWhiteSite
12810,15,25
timeStep,numberOfRobotsOnBlackSite,numberOfRobotsOnWhiteSite
12811,15,25
timeStep,numberOfRobotsOnBlackSite,numberOfRobotsOnWhiteSite
12812,15,25
timeStep,numberOfRobotsOnBlackSite,numberOfRobotsOnWhiteSite
12813,15,25
timeStep,numberOfRobotsOnBlackSite,numberOfRobotsOnWhiteSite
12814,15,25
timeStep,numberOfRobotsOnBlackSite,numberOfRobotsOnWhiteSite
12815,15,25
timeStep,numberOfRobotsOnBlackSite,numberOfRobotsOnWhiteSite
12816,15,25
timeStep,numberOfRobotsOnBlackSite,numberOfRobotsOnWhiteSite
12817,15,25
timeStep,numberOfRobotsOnBlackSite,numberOfRobotsOnWhiteSite
12818,15,25
timeStep,numberOfRobotsOnBlackSite,numberOfRobotsOnWhiteSite
12819,15,25
timeStep,numberOfRobotsOnBlackSite,numberOfRobotsOnWhiteSite
12820,15,25
timeStep,numberOfRobotsOnBlackSite,numberOfRobotsOnWhiteSite
12821,15,25
timeStep,numberOfRobotsOnBlackSite,numberOfRobotsOnWhiteSite
12822,15,25
timeStep,numberOfRobotsOnBlackSite,numberOfRobotsOnWhiteSite
12823,15,25
timeStep,numberOfRobotsOnBlackSite,numberOfRobotsOnWhiteSite
12824,15,25
timeStep,numberOfRobotsOnBlackSite,numberOfRobotsOnWhiteSite
12825,15,25
timeStep,numberOfRobotsOnBlackSite,numberOfRobotsOnWhiteSite
12826,15,25
timeStep,numberOfRobotsOnBlackSite,numberOfRobotsOnWhiteSite
12827,15,25
timeStep,numberOfRobotsOnBlackSite,numberOfRobotsOnWhiteSite
12828,15,25
timeStep,numberOfRobotsOnBlackSite,numberOfRobotsOnWhiteSite
12829,15,25
timeStep,numberOfRobotsOnBlackSite,numberOfRobotsOnWhiteSite
12830,15,25
timeStep,numberOfRobotsOnBlackSite,numberOfRobotsOnWhiteSite
12831,15,25
timeStep,numberOfRobotsOnBlackSite,numberOfRobotsOnWhiteSite
12832,15,25
timeStep,numberOfRobotsOnBlackSite,numberOfRobotsOnWhiteSite
12833,15,25
timeStep,numberOfRobotsOnBlackSite,numberOfRobotsOnWhiteSite
12834,15,25
timeStep,numberOfRobotsOnBlackSite,numberOfRobotsOnWhiteSite
12835,15,25
timeStep,numberOfRobotsOnBlackSite,numberOfRobotsOnWhiteSite
12836,15,25
timeStep,numberOfRobotsOnBlackSite,numberOfRobotsOnWhiteSite
12837,15,25
timeStep,numberOfRobotsOnBlackSite,numberOfRobotsOnWhiteSite
12838,15,25
timeStep,numberOfRobotsOnBlackSite,numberOfRobotsOnWhiteSite
12839,15,25
timeStep,numberOfRobotsOnBlackSite,numberOfRobotsOnWhiteSite
12840,15,25
timeStep,numberOfRobotsOnBlackSite,numberOfRobotsOnWhiteSite
12841,15,25
timeStep,numberOfRobotsOnBlackSite,numberOfRobotsOnWhiteSite
12842,15,25
timeStep,numberOfRobotsOnBlackSite,numberOfRobotsOnWhiteSite
12843,15,25
timeStep,numberOfRobotsOnBlackSite,numberOfRobotsOnWhiteSite
12844,15,25
timeStep,numberOfRobotsOnBlackSite,numberOfRobotsOnWhiteSite
12845,15,25
timeStep,numberOfRobotsOnBlackSite,numberOfRobotsOnWhiteSite
12846,15,25
timeStep,numberOfRobotsOnBlackSite,numberOfRobotsOnWhiteSite
12847,15,25
timeStep,numberOfRobotsOnBlackSite,numberOfRobotsOnWhiteSite
12848,15,25
timeStep,numberOfRobotsOnBlackSite,numberOfRobotsOnWhiteSite
12849,15,25
timeStep,numberOfRobotsOnBlackSite,numberOfRobotsOnWhiteSite
12850,15,25
timeStep,numberOfRobotsOnBlackSite,numberOfRobotsOnWhiteSite
12851,15,25
timeStep,numberOfRobotsOnBlackSite,numberOfRobotsOnWhiteSite
12852,15,25
timeStep,numberOfRobotsOnBlackSite,numberOfRobotsOnWhiteSite
12853,15,25
timeStep,numberOfRobotsOnBlackSite,numberOfRobotsOnWhiteSite
12854,15,25
timeStep,numberOfRobotsOnBlackSite,numberOfRobotsOnWhiteSite
12855,14,25
timeStep,numberOfRobotsOnBlackSite,numberOfRobotsOnWhiteSite
12856,14,25
timeStep,numberOfRobotsOnBlackSite,numberOfRobotsOnWhiteSite
12857,14,25
timeStep,numberOfRobotsOnBlackSite,numberOfRobotsOnWhiteSite
12858,14,25
timeStep,numberOfRobotsOnBlackSite,numberOfRobotsOnWhiteSite
12859,14,25
timeStep,numberOfRobotsOnBlackSite,numberOfRobotsOnWhiteSite
12860,14,25
timeStep,numberOfRobotsOnBlackSite,numberOfRobotsOnWhiteSite
12861,14,25
timeStep,numberOfRobotsOnBlackSite,numberOfRobotsOnWhiteSite
12862,14,25
timeStep,numberOfRobotsOnBlackSite,numberOfRobotsOnWhiteSite
12863,14,25
timeStep,numberOfRobotsOnBlackSite,numberOfRobotsOnWhiteSite
12864,14,25
timeStep,numberOfRobotsOnBlackSite,numberOfRobotsOnWhiteSite
12865,14,25
timeStep,numberOfRobotsOnBlackSite,numberOfRobotsOnWhiteSite
12866,14,25
timeStep,numberOfRobotsOnBlackSite,numberOfRobotsOnWhiteSite
12867,14,25
timeStep,numberOfRobotsOnBlackSite,numberOfRobotsOnWhiteSite
12868,14,25
timeStep,numberOfRobotsOnBlackSite,numberOfRobotsOnWhiteSite
12869,14,25
timeStep,numberOfRobotsOnBlackSite,numberOfRobotsOnWhiteSite
12870,14,25
timeStep,numberOfRobotsOnBlackSite,numberOfRobotsOnWhiteSite
12871,14,25
timeStep,numberOfRobotsOnBlackSite,numberOfRobotsOnWhiteSite
12872,14,25
timeStep,numberOfRobotsOnBlackSite,numberOfRobotsOnWhiteSite
12873,14,25
timeStep,numberOfRobotsOnBlackSite,numberOfRobotsOnWhiteSite
12874,14,25
timeStep,numberOfRobotsOnBlackSite,numberOfRobotsOnWhiteSite
12875,14,25
timeStep,numberOfRobotsOnBlackSite,numberOfRobotsOnWhiteSite
12876,14,25
timeStep,numberOfRobotsOnBlackSite,numberOfRobotsOnWhiteSite
12877,14,25
timeStep,numberOfRobotsOnBlackSite,numberOfRobotsOnWhiteSite
12878,14,25
timeStep,numberOfRobotsOnBlackSite,numberOfRobotsOnWhiteSite
12879,14,25
timeStep,numberOfRobotsOnBlackSite,numberOfRobotsOnWhiteSite
12880,14,25
timeStep,numberOfRobotsOnBlackSite,numberOfRobotsOnWhiteSite
12881,14,25
timeStep,numberOfRobotsOnBlackSite,numberOfRobotsOnWhiteSite
12882,14,25
timeStep,numberOfRobotsOnBlackSite,numberOfRobotsOnWhiteSite
12883,14,25
timeStep,numberOfRobotsOnBlackSite,numberOfRobotsOnWhiteSite
12884,14,25
timeStep,numberOfRobotsOnBlackSite,numberOfRobotsOnWhiteSite
12885,14,25
timeStep,numberOfRobotsOnBlackSite,numberOfRobotsOnWhiteSite
12886,14,25
timeStep,numberOfRobotsOnBlackSite,numberOfRobotsOnWhiteSite
12887,14,25
timeStep,numberOfRobotsOnBlackSite,numberOfRobotsOnWhiteSite
12888,14,25
timeStep,numberOfRobotsOnBlackSite,numberOfRobotsOnWhiteSite
12889,14,25
timeStep,numberOfRobotsOnBlackSite,numberOfRobotsOnWhiteSite
12890,14,25
timeStep,numberOfRobotsOnBlackSite,numberOfRobotsOnWhiteSite
12891,14,25
timeStep,numberOfRobotsOnBlackSite,numberOfRobotsOnWhiteSite
12892,14,25
timeStep,numberOfRobotsOnBlackSite,numberOfRobotsOnWhiteSite
12893,14,25
timeStep,numberOfRobotsOnBlackSite,numberOfRobotsOnWhiteSite
12894,14,25
timeStep,numberOfRobotsOnBlackSite,numberOfRobotsOnWhiteSite
12895,14,25
timeStep,numberOfRobotsOnBlackSite,numberOfRobotsOnWhiteSite
12896,14,25
timeStep,numberOfRobotsOnBlackSite,numberOfRobotsOnWhiteSite
12897,14,25
timeStep,numberOfRobotsOnBlackSite,numberOfRobotsOnWhiteSite
12898,14,25
timeStep,numberOfRobotsOnBlackSite,numberOfRobotsOnWhiteSite
12899,14,25
timeStep,numberOfRobotsOnBlackSite,numberOfRobotsOnWhiteSite
12900,14,25
timeStep,numberOfRobotsOnBlackSite,numberOfRobotsOnWhiteSite
12901,14,25
timeStep,numberOfRobotsOnBlackSite,numberOfRobotsOnWhiteSite
12902,14,25
timeStep,numberOfRobotsOnBlackSite,numberOfRobotsOnWhiteSite
12903,14,25
timeStep,numberOfRobotsOnBlackSite,numberOfRobotsOnWhiteSite
12904,14,25
timeStep,numberOfRobotsOnBlackSite,numberOfRobotsOnWhiteSite
12905,14,25
timeStep,numberOfRobotsOnBlackSite,numberOfRobotsOnWhiteSite
12906,14,25
timeStep,numberOfRobotsOnBlackSite,numberOfRobotsOnWhiteSite
12907,14,25
timeStep,numberOfRobotsOnBlackSite,numberOfRobotsOnWhiteSite
12908,14,25
timeStep,numberOfRobotsOnBlackSite,numberOfRobotsOnWhiteSite
12909,14,25
timeStep,numberOfRobotsOnBlackSite,numberOfRobotsOnWhiteSite
12910,14,25
timeStep,numberOfRobotsOnBlackSite,numberOfRobotsOnWhiteSite
12911,14,25
timeStep,numberOfRobotsOnBlackSite,numberOfRobotsOnWhiteSite
12912,14,25
timeStep,numberOfRobotsOnBlackSite,numberOfRobotsOnWhiteSite
12913,14,25
timeStep,numberOfRobotsOnBlackSite,numberOfRobotsOnWhiteSite
12914,14,25
timeStep,numberOfRobotsOnBlackSite,numberOfRobotsOnWhiteSite
12915,14,25
timeStep,numberOfRobotsOnBlackSite,numberOfRobotsOnWhiteSite
12916,14,25
timeStep,numberOfRobotsOnBlackSite,numberOfRobotsOnWhiteSite
12917,14,25
timeStep,numberOfRobotsOnBlackSite,numberOfRobotsOnWhiteSite
12918,14,25
timeStep,numberOfRobotsOnBlackSite,numberOfRobotsOnWhiteSite
12919,14,25
timeStep,numberOfRobotsOnBlackSite,numberOfRobotsOnWhiteSite
12920,14,25
timeStep,numberOfRobotsOnBlackSite,numberOfRobotsOnWhiteSite
12921,14,25
timeStep,numberOfRobotsOnBlackSite,numberOfRobotsOnWhiteSite
12922,14,25
timeStep,numberOfRobotsOnBlackSite,numberOfRobotsOnWhiteSite
12923,14,25
timeStep,numberOfRobotsOnBlackSite,numberOfRobotsOnWhiteSite
12924,14,25
timeStep,numberOfRobotsOnBlackSite,numberOfRobotsOnWhiteSite
12925,14,25
timeStep,numberOfRobotsOnBlackSite,numberOfRobotsOnWhiteSite
12926,14,25
timeStep,numberOfRobotsOnBlackSite,numberOfRobotsOnWhiteSite
12927,14,25
timeStep,numberOfRobotsOnBlackSite,numberOfRobotsOnWhiteSite
12928,14,25
timeStep,numberOfRobotsOnBlackSite,numberOfRobotsOnWhiteSite
12929,14,25
timeStep,numberOfRobotsOnBlackSite,numberOfRobotsOnWhiteSite
12930,14,25
timeStep,numberOfRobotsOnBlackSite,numberOfRobotsOnWhiteSite
12931,14,25
timeStep,numberOfRobotsOnBlackSite,numberOfRobotsOnWhiteSite
12932,14,25
timeStep,numberOfRobotsOnBlackSite,numberOfRobotsOnWhiteSite
12933,14,25
timeStep,numberOfRobotsOnBlackSite,numberOfRobotsOnWhiteSite
12934,14,25
timeStep,numberOfRobotsOnBlackSite,numberOfRobotsOnWhiteSite
12935,14,25
timeStep,numberOfRobotsOnBlackSite,numberOfRobotsOnWhiteSite
12936,14,25
timeStep,numberOfRobotsOnBlackSite,numberOfRobotsOnWhiteSite
12937,14,25
timeStep,numberOfRobotsOnBlackSite,numberOfRobotsOnWhiteSite
12938,14,25
timeStep,numberOfRobotsOnBlackSite,numberOfRobotsOnWhiteSite
12939,14,25
timeStep,numberOfRobotsOnBlackSite,numberOfRobotsOnWhiteSite
12940,14,25
timeStep,numberOfRobotsOnBlackSite,numberOfRobotsOnWhiteSite
12941,14,25
timeStep,numberOfRobotsOnBlackSite,numberOfRobotsOnWhiteSite
12942,14,25
timeStep,numberOfRobotsOnBlackSite,numberOfRobotsOnWhiteSite
12943,14,25
timeStep,numberOfRobotsOnBlackSite,numberOfRobotsOnWhiteSite
12944,14,25
timeStep,numberOfRobotsOnBlackSite,numberOfRobotsOnWhiteSite
12945,14,25
timeStep,numberOfRobotsOnBlackSite,numberOfRobotsOnWhiteSite
12946,14,25
timeStep,numberOfRobotsOnBlackSite,numberOfRobotsOnWhiteSite
12947,14,25
timeStep,numberOfRobotsOnBlackSite,numberOfRobotsOnWhiteSite
12948,14,25
timeStep,numberOfRobotsOnBlackSite,numberOfRobotsOnWhiteSite
12949,14,25
timeStep,numberOfRobotsOnBlackSite,numberOfRobotsOnWhiteSite
12950,14,25
timeStep,numberOfRobotsOnBlackSite,numberOfRobotsOnWhiteSite
12951,14,25
timeStep,numberOfRobotsOnBlackSite,numberOfRobotsOnWhiteSite
12952,14,25
timeStep,numberOfRobotsOnBlackSite,numberOfRobotsOnWhiteSite
12953,14,25
timeStep,numberOfRobotsOnBlackSite,numberOfRobotsOnWhiteSite
12954,14,25
timeStep,numberOfRobotsOnBlackSite,numberOfRobotsOnWhiteSite
12955,14,25
timeStep,numberOfRobotsOnBlackSite,numberOfRobotsOnWhiteSite
12956,14,25
timeStep,numberOfRobotsOnBlackSite,numberOfRobotsOnWhiteSite
12957,14,25
timeStep,numberOfRobotsOnBlackSite,numberOfRobotsOnWhiteSite
12958,14,25
timeStep,numberOfRobotsOnBlackSite,numberOfRobotsOnWhiteSite
12959,14,25
timeStep,numberOfRobotsOnBlackSite,numberOfRobotsOnWhiteSite
12960,14,25
timeStep,numberOfRobotsOnBlackSite,numberOfRobotsOnWhiteSite
12961,14,25
timeStep,numberOfRobotsOnBlackSite,numberOfRobotsOnWhiteSite
12962,14,25
timeStep,numberOfRobotsOnBlackSite,numberOfRobotsOnWhiteSite
12963,14,25
timeStep,numberOfRobotsOnBlackSite,numberOfRobotsOnWhiteSite
12964,14,25
timeStep,numberOfRobotsOnBlackSite,numberOfRobotsOnWhiteSite
12965,14,25
timeStep,numberOfRobotsOnBlackSite,numberOfRobotsOnWhiteSite
12966,14,25
timeStep,numberOfRobotsOnBlackSite,numberOfRobotsOnWhiteSite
12967,14,25
timeStep,numberOfRobotsOnBlackSite,numberOfRobotsOnWhiteSite
12968,14,25
timeStep,numberOfRobotsOnBlackSite,numberOfRobotsOnWhiteSite
12969,14,25
timeStep,numberOfRobotsOnBlackSite,numberOfRobotsOnWhiteSite
12970,14,25
timeStep,numberOfRobotsOnBlackSite,numberOfRobotsOnWhiteSite
12971,14,25
timeStep,numberOfRobotsOnBlackSite,numberOfRobotsOnWhiteSite
12972,14,25
timeStep,numberOfRobotsOnBlackSite,numberOfRobotsOnWhiteSite
12973,14,25
timeStep,numberOfRobotsOnBlackSite,numberOfRobotsOnWhiteSite
12974,14,25
timeStep,numberOfRobotsOnBlackSite,numberOfRobotsOnWhiteSite
12975,14,25
timeStep,numberOfRobotsOnBlackSite,numberOfRobotsOnWhiteSite
12976,14,25
timeStep,numberOfRobotsOnBlackSite,numberOfRobotsOnWhiteSite
12977,14,25
timeStep,numberOfRobotsOnBlackSite,numberOfRobotsOnWhiteSite
12978,14,25
timeStep,numberOfRobotsOnBlackSite,numberOfRobotsOnWhiteSite
12979,14,25
timeStep,numberOfRobotsOnBlackSite,numberOfRobotsOnWhiteSite
12980,14,25
timeStep,numberOfRobotsOnBlackSite,numberOfRobotsOnWhiteSite
12981,14,25
timeStep,numberOfRobotsOnBlackSite,numberOfRobotsOnWhiteSite
12982,14,25
timeStep,numberOfRobotsOnBlackSite,numberOfRobotsOnWhiteSite
12983,14,25
timeStep,numberOfRobotsOnBlackSite,numberOfRobotsOnWhiteSite
12984,14,25
timeStep,numberOfRobotsOnBlackSite,numberOfRobotsOnWhiteSite
12985,14,25
timeStep,numberOfRobotsOnBlackSite,numberOfRobotsOnWhiteSite
12986,14,25
timeStep,numberOfRobotsOnBlackSite,numberOfRobotsOnWhiteSite
12987,14,25
timeStep,numberOfRobotsOnBlackSite,numberOfRobotsOnWhiteSite
12988,14,25
timeStep,numberOfRobotsOnBlackSite,numberOfRobotsOnWhiteSite
12989,14,25
timeStep,numberOfRobotsOnBlackSite,numberOfRobotsOnWhiteSite
12990,14,25
timeStep,numberOfRobotsOnBlackSite,numberOfRobotsOnWhiteSite
12991,14,25
timeStep,numberOfRobotsOnBlackSite,numberOfRobotsOnWhiteSite
12992,14,25
timeStep,numberOfRobotsOnBlackSite,numberOfRobotsOnWhiteSite
12993,14,25
timeStep,numberOfRobotsOnBlackSite,numberOfRobotsOnWhiteSite
12994,14,25
timeStep,numberOfRobotsOnBlackSite,numberOfRobotsOnWhiteSite
12995,13,25
timeStep,numberOfRobotsOnBlackSite,numberOfRobotsOnWhiteSite
12996,13,25
timeStep,numberOfRobotsOnBlackSite,numberOfRobotsOnWhiteSite
12997,13,25
timeStep,numberOfRobotsOnBlackSite,numberOfRobotsOnWhiteSite
12998,13,25
timeStep,numberOfRobotsOnBlackSite,numberOfRobotsOnWhiteSite
12999,13,25
timeStep,numberOfRobotsOnBlackSite,numberOfRobotsOnWhiteSite
13000,13,25
timeStep,numberOfRobotsOnBlackSite,numberOfRobotsOnWhiteSite
13001,13,25
timeStep,numberOfRobotsOnBlackSite,numberOfRobotsOnWhiteSite
13002,13,25
timeStep,numberOfRobotsOnBlackSite,numberOfRobotsOnWhiteSite
13003,13,25
timeStep,numberOfRobotsOnBlackSite,numberOfRobotsOnWhiteSite
13004,13,25
timeStep,numberOfRobotsOnBlackSite,numberOfRobotsOnWhiteSite
13005,13,25
timeStep,numberOfRobotsOnBlackSite,numberOfRobotsOnWhiteSite
13006,13,25
timeStep,numberOfRobotsOnBlackSite,numberOfRobotsOnWhiteSite
13007,13,25
timeStep,numberOfRobotsOnBlackSite,numberOfRobotsOnWhiteSite
13008,13,25
timeStep,numberOfRobotsOnBlackSite,numberOfRobotsOnWhiteSite
13009,13,25
timeStep,numberOfRobotsOnBlackSite,numberOfRobotsOnWhiteSite
13010,13,25
timeStep,numberOfRobotsOnBlackSite,numberOfRobotsOnWhiteSite
13011,13,25
timeStep,numberOfRobotsOnBlackSite,numberOfRobotsOnWhiteSite
13012,13,25
timeStep,numberOfRobotsOnBlackSite,numberOfRobotsOnWhiteSite
13013,13,25
timeStep,numberOfRobotsOnBlackSite,numberOfRobotsOnWhiteSite
13014,13,25
timeStep,numberOfRobotsOnBlackSite,numberOfRobotsOnWhiteSite
13015,13,25
timeStep,numberOfRobotsOnBlackSite,numberOfRobotsOnWhiteSite
13016,13,25
timeStep,numberOfRobotsOnBlackSite,numberOfRobotsOnWhiteSite
13017,13,25
timeStep,numberOfRobotsOnBlackSite,numberOfRobotsOnWhiteSite
13018,13,25
timeStep,numberOfRobotsOnBlackSite,numberOfRobotsOnWhiteSite
13019,13,25
timeStep,numberOfRobotsOnBlackSite,numberOfRobotsOnWhiteSite
13020,13,25
timeStep,numberOfRobotsOnBlackSite,numberOfRobotsOnWhiteSite
13021,13,25
timeStep,numberOfRobotsOnBlackSite,numberOfRobotsOnWhiteSite
13022,13,25
timeStep,numberOfRobotsOnBlackSite,numberOfRobotsOnWhiteSite
13023,13,25
timeStep,numberOfRobotsOnBlackSite,numberOfRobotsOnWhiteSite
13024,13,25
timeStep,numberOfRobotsOnBlackSite,numberOfRobotsOnWhiteSite
13025,13,25
timeStep,numberOfRobotsOnBlackSite,numberOfRobotsOnWhiteSite
13026,13,25
timeStep,numberOfRobotsOnBlackSite,numberOfRobotsOnWhiteSite
13027,13,25
timeStep,numberOfRobotsOnBlackSite,numberOfRobotsOnWhiteSite
13028,13,25
timeStep,numberOfRobotsOnBlackSite,numberOfRobotsOnWhiteSite
13029,13,25
timeStep,numberOfRobotsOnBlackSite,numberOfRobotsOnWhiteSite
13030,13,25
timeStep,numberOfRobotsOnBlackSite,numberOfRobotsOnWhiteSite
13031,13,25
timeStep,numberOfRobotsOnBlackSite,numberOfRobotsOnWhiteSite
13032,13,25
timeStep,numberOfRobotsOnBlackSite,numberOfRobotsOnWhiteSite
13033,13,25
timeStep,numberOfRobotsOnBlackSite,numberOfRobotsOnWhiteSite
13034,13,25
timeStep,numberOfRobotsOnBlackSite,numberOfRobotsOnWhiteSite
13035,13,25
timeStep,numberOfRobotsOnBlackSite,numberOfRobotsOnWhiteSite
13036,13,25
timeStep,numberOfRobotsOnBlackSite,numberOfRobotsOnWhiteSite
13037,13,25
timeStep,numberOfRobotsOnBlackSite,numberOfRobotsOnWhiteSite
13038,13,25
timeStep,numberOfRobotsOnBlackSite,numberOfRobotsOnWhiteSite
13039,13,25
timeStep,numberOfRobotsOnBlackSite,numberOfRobotsOnWhiteSite
13040,13,25
timeStep,numberOfRobotsOnBlackSite,numberOfRobotsOnWhiteSite
13041,13,25
timeStep,numberOfRobotsOnBlackSite,numberOfRobotsOnWhiteSite
13042,13,25
timeStep,numberOfRobotsOnBlackSite,numberOfRobotsOnWhiteSite
13043,13,25
timeStep,numberOfRobotsOnBlackSite,numberOfRobotsOnWhiteSite
13044,13,25
timeStep,numberOfRobotsOnBlackSite,numberOfRobotsOnWhiteSite
13045,13,25
timeStep,numberOfRobotsOnBlackSite,numberOfRobotsOnWhiteSite
13046,13,25
timeStep,numberOfRobotsOnBlackSite,numberOfRobotsOnWhiteSite
13047,13,25
timeStep,numberOfRobotsOnBlackSite,numberOfRobotsOnWhiteSite
13048,13,25
timeStep,numberOfRobotsOnBlackSite,numberOfRobotsOnWhiteSite
13049,13,25
timeStep,numberOfRobotsOnBlackSite,numberOfRobotsOnWhiteSite
13050,13,25
timeStep,numberOfRobotsOnBlackSite,numberOfRobotsOnWhiteSite
13051,13,25
timeStep,numberOfRobotsOnBlackSite,numberOfRobotsOnWhiteSite
13052,13,25
timeStep,numberOfRobotsOnBlackSite,numberOfRobotsOnWhiteSite
13053,13,25
timeStep,numberOfRobotsOnBlackSite,numberOfRobotsOnWhiteSite
13054,13,25
timeStep,numberOfRobotsOnBlackSite,numberOfRobotsOnWhiteSite
13055,13,25
timeStep,numberOfRobotsOnBlackSite,numberOfRobotsOnWhiteSite
13056,13,25
timeStep,numberOfRobotsOnBlackSite,numberOfRobotsOnWhiteSite
13057,13,25
timeStep,numberOfRobotsOnBlackSite,numberOfRobotsOnWhiteSite
13058,13,25
timeStep,numberOfRobotsOnBlackSite,numberOfRobotsOnWhiteSite
13059,13,25
timeStep,numberOfRobotsOnBlackSite,numberOfRobotsOnWhiteSite
13060,13,25
timeStep,numberOfRobotsOnBlackSite,numberOfRobotsOnWhiteSite
13061,13,25
timeStep,numberOfRobotsOnBlackSite,numberOfRobotsOnWhiteSite
13062,13,25
timeStep,numberOfRobotsOnBlackSite,numberOfRobotsOnWhiteSite
13063,13,25
timeStep,numberOfRobotsOnBlackSite,numberOfRobotsOnWhiteSite
13064,13,25
timeStep,numberOfRobotsOnBlackSite,numberOfRobotsOnWhiteSite
13065,13,26
timeStep,numberOfRobotsOnBlackSite,numberOfRobotsOnWhiteSite
13066,13,26
timeStep,numberOfRobotsOnBlackSite,numberOfRobotsOnWhiteSite
13067,13,26
timeStep,numberOfRobotsOnBlackSite,numberOfRobotsOnWhiteSite
13068,13,26
timeStep,numberOfRobotsOnBlackSite,numberOfRobotsOnWhiteSite
13069,13,26
timeStep,numberOfRobotsOnBlackSite,numberOfRobotsOnWhiteSite
13070,13,26
timeStep,numberOfRobotsOnBlackSite,numberOfRobotsOnWhiteSite
13071,13,26
timeStep,numberOfRobotsOnBlackSite,numberOfRobotsOnWhiteSite
13072,13,26
timeStep,numberOfRobotsOnBlackSite,numberOfRobotsOnWhiteSite
13073,13,26
timeStep,numberOfRobotsOnBlackSite,numberOfRobotsOnWhiteSite
13074,13,26
timeStep,numberOfRobotsOnBlackSite,numberOfRobotsOnWhiteSite
13075,13,26
timeStep,numberOfRobotsOnBlackSite,numberOfRobotsOnWhiteSite
13076,13,26
timeStep,numberOfRobotsOnBlackSite,numberOfRobotsOnWhiteSite
13077,13,26
timeStep,numberOfRobotsOnBlackSite,numberOfRobotsOnWhiteSite
13078,13,26
timeStep,numberOfRobotsOnBlackSite,numberOfRobotsOnWhiteSite
13079,13,26
timeStep,numberOfRobotsOnBlackSite,numberOfRobotsOnWhiteSite
13080,13,24
timeStep,numberOfRobotsOnBlackSite,numberOfRobotsOnWhiteSite
13081,13,24
timeStep,numberOfRobotsOnBlackSite,numberOfRobotsOnWhiteSite
13082,13,24
timeStep,numberOfRobotsOnBlackSite,numberOfRobotsOnWhiteSite
13083,13,24
timeStep,numberOfRobotsOnBlackSite,numberOfRobotsOnWhiteSite
13084,13,24
timeStep,numberOfRobotsOnBlackSite,numberOfRobotsOnWhiteSite
13085,13,24
timeStep,numberOfRobotsOnBlackSite,numberOfRobotsOnWhiteSite
13086,13,24
timeStep,numberOfRobotsOnBlackSite,numberOfRobotsOnWhiteSite
13087,13,24
timeStep,numberOfRobotsOnBlackSite,numberOfRobotsOnWhiteSite
13088,13,24
timeStep,numberOfRobotsOnBlackSite,numberOfRobotsOnWhiteSite
13089,13,24
timeStep,numberOfRobotsOnBlackSite,numberOfRobotsOnWhiteSite
13090,13,24
timeStep,numberOfRobotsOnBlackSite,numberOfRobotsOnWhiteSite
13091,13,24
timeStep,numberOfRobotsOnBlackSite,numberOfRobotsOnWhiteSite
13092,13,24
timeStep,numberOfRobotsOnBlackSite,numberOfRobotsOnWhiteSite
13093,13,24
timeStep,numberOfRobotsOnBlackSite,numberOfRobotsOnWhiteSite
13094,13,24
timeStep,numberOfRobotsOnBlackSite,numberOfRobotsOnWhiteSite
13095,13,24
timeStep,numberOfRobotsOnBlackSite,numberOfRobotsOnWhiteSite
13096,13,24
timeStep,numberOfRobotsOnBlackSite,numberOfRobotsOnWhiteSite
13097,13,24
timeStep,numberOfRobotsOnBlackSite,numberOfRobotsOnWhiteSite
13098,13,24
timeStep,numberOfRobotsOnBlackSite,numberOfRobotsOnWhiteSite
13099,13,24
timeStep,numberOfRobotsOnBlackSite,numberOfRobotsOnWhiteSite
13100,13,24
timeStep,numberOfRobotsOnBlackSite,numberOfRobotsOnWhiteSite
13101,13,24
timeStep,numberOfRobotsOnBlackSite,numberOfRobotsOnWhiteSite
13102,13,24
timeStep,numberOfRobotsOnBlackSite,numberOfRobotsOnWhiteSite
13103,13,24
timeStep,numberOfRobotsOnBlackSite,numberOfRobotsOnWhiteSite
13104,13,24
timeStep,numberOfRobotsOnBlackSite,numberOfRobotsOnWhiteSite
13105,13,25
timeStep,numberOfRobotsOnBlackSite,numberOfRobotsOnWhiteSite
13106,13,25
timeStep,numberOfRobotsOnBlackSite,numberOfRobotsOnWhiteSite
13107,13,25
timeStep,numberOfRobotsOnBlackSite,numberOfRobotsOnWhiteSite
13108,13,25
timeStep,numberOfRobotsOnBlackSite,numberOfRobotsOnWhiteSite
13109,13,25
timeStep,numberOfRobotsOnBlackSite,numberOfRobotsOnWhiteSite
13110,13,25
timeStep,numberOfRobotsOnBlackSite,numberOfRobotsOnWhiteSite
13111,13,25
timeStep,numberOfRobotsOnBlackSite,numberOfRobotsOnWhiteSite
13112,13,25
timeStep,numberOfRobotsOnBlackSite,numberOfRobotsOnWhiteSite
13113,13,25
timeStep,numberOfRobotsOnBlackSite,numberOfRobotsOnWhiteSite
13114,13,25
timeStep,numberOfRobotsOnBlackSite,numberOfRobotsOnWhiteSite
13115,13,26
timeStep,numberOfRobotsOnBlackSite,numberOfRobotsOnWhiteSite
13116,13,26
timeStep,numberOfRobotsOnBlackSite,numberOfRobotsOnWhiteSite
13117,13,26
timeStep,numberOfRobotsOnBlackSite,numberOfRobotsOnWhiteSite
13118,13,26
timeStep,numberOfRobotsOnBlackSite,numberOfRobotsOnWhiteSite
13119,13,26
timeStep,numberOfRobotsOnBlackSite,numberOfRobotsOnWhiteSite
13120,13,26
timeStep,numberOfRobotsOnBlackSite,numberOfRobotsOnWhiteSite
13121,13,26
timeStep,numberOfRobotsOnBlackSite,numberOfRobotsOnWhiteSite
13122,13,26
timeStep,numberOfRobotsOnBlackSite,numberOfRobotsOnWhiteSite
13123,13,26
timeStep,numberOfRobotsOnBlackSite,numberOfRobotsOnWhiteSite
13124,13,26
timeStep,numberOfRobotsOnBlackSite,numberOfRobotsOnWhiteSite
13125,13,26
timeStep,numberOfRobotsOnBlackSite,numberOfRobotsOnWhiteSite
13126,13,26
timeStep,numberOfRobotsOnBlackSite,numberOfRobotsOnWhiteSite
13127,13,26
timeStep,numberOfRobotsOnBlackSite,numberOfRobotsOnWhiteSite
13128,13,26
timeStep,numberOfRobotsOnBlackSite,numberOfRobotsOnWhiteSite
13129,13,26
timeStep,numberOfRobotsOnBlackSite,numberOfRobotsOnWhiteSite
13130,13,26
timeStep,numberOfRobotsOnBlackSite,numberOfRobotsOnWhiteSite
13131,13,26
timeStep,numberOfRobotsOnBlackSite,numberOfRobotsOnWhiteSite
13132,13,26
timeStep,numberOfRobotsOnBlackSite,numberOfRobotsOnWhiteSite
13133,13,26
timeStep,numberOfRobotsOnBlackSite,numberOfRobotsOnWhiteSite
13134,13,26
timeStep,numberOfRobotsOnBlackSite,numberOfRobotsOnWhiteSite
13135,13,26
timeStep,numberOfRobotsOnBlackSite,numberOfRobotsOnWhiteSite
13136,13,26
timeStep,numberOfRobotsOnBlackSite,numberOfRobotsOnWhiteSite
13137,13,26
timeStep,numberOfRobotsOnBlackSite,numberOfRobotsOnWhiteSite
13138,13,26
timeStep,numberOfRobotsOnBlackSite,numberOfRobotsOnWhiteSite
13139,13,26
timeStep,numberOfRobotsOnBlackSite,numberOfRobotsOnWhiteSite
13140,13,26
timeStep,numberOfRobotsOnBlackSite,numberOfRobotsOnWhiteSite
13141,13,26
timeStep,numberOfRobotsOnBlackSite,numberOfRobotsOnWhiteSite
13142,13,26
timeStep,numberOfRobotsOnBlackSite,numberOfRobotsOnWhiteSite
13143,13,26
timeStep,numberOfRobotsOnBlackSite,numberOfRobotsOnWhiteSite
13144,13,26
timeStep,numberOfRobotsOnBlackSite,numberOfRobotsOnWhiteSite
13145,13,26
timeStep,numberOfRobotsOnBlackSite,numberOfRobotsOnWhiteSite
13146,13,26
timeStep,numberOfRobotsOnBlackSite,numberOfRobotsOnWhiteSite
13147,13,26
timeStep,numberOfRobotsOnBlackSite,numberOfRobotsOnWhiteSite
13148,13,26
timeStep,numberOfRobotsOnBlackSite,numberOfRobotsOnWhiteSite
13149,13,26
timeStep,numberOfRobotsOnBlackSite,numberOfRobotsOnWhiteSite
13150,13,26
timeStep,numberOfRobotsOnBlackSite,numberOfRobotsOnWhiteSite
13151,13,26
timeStep,numberOfRobotsOnBlackSite,numberOfRobotsOnWhiteSite
13152,13,26
timeStep,numberOfRobotsOnBlackSite,numberOfRobotsOnWhiteSite
13153,13,26
timeStep,numberOfRobotsOnBlackSite,numberOfRobotsOnWhiteSite
13154,13,26
timeStep,numberOfRobotsOnBlackSite,numberOfRobotsOnWhiteSite
13155,13,26
timeStep,numberOfRobotsOnBlackSite,numberOfRobotsOnWhiteSite
13156,13,26
timeStep,numberOfRobotsOnBlackSite,numberOfRobotsOnWhiteSite
13157,13,26
timeStep,numberOfRobotsOnBlackSite,numberOfRobotsOnWhiteSite
13158,13,26
timeStep,numberOfRobotsOnBlackSite,numberOfRobotsOnWhiteSite
13159,13,26
timeStep,numberOfRobotsOnBlackSite,numberOfRobotsOnWhiteSite
13160,13,26
timeStep,numberOfRobotsOnBlackSite,numberOfRobotsOnWhiteSite
13161,13,26
timeStep,numberOfRobotsOnBlackSite,numberOfRobotsOnWhiteSite
13162,13,26
timeStep,numberOfRobotsOnBlackSite,numberOfRobotsOnWhiteSite
13163,13,26
timeStep,numberOfRobotsOnBlackSite,numberOfRobotsOnWhiteSite
13164,13,26
timeStep,numberOfRobotsOnBlackSite,numberOfRobotsOnWhiteSite
13165,14,26
timeStep,numberOfRobotsOnBlackSite,numberOfRobotsOnWhiteSite
13166,14,26
timeStep,numberOfRobotsOnBlackSite,numberOfRobotsOnWhiteSite
13167,14,26
timeStep,numberOfRobotsOnBlackSite,numberOfRobotsOnWhiteSite
13168,14,26
timeStep,numberOfRobotsOnBlackSite,numberOfRobotsOnWhiteSite
13169,14,26
timeStep,numberOfRobotsOnBlackSite,numberOfRobotsOnWhiteSite
13170,14,26
timeStep,numberOfRobotsOnBlackSite,numberOfRobotsOnWhiteSite
13171,14,26
timeStep,numberOfRobotsOnBlackSite,numberOfRobotsOnWhiteSite
13172,14,26
timeStep,numberOfRobotsOnBlackSite,numberOfRobotsOnWhiteSite
13173,14,26
timeStep,numberOfRobotsOnBlackSite,numberOfRobotsOnWhiteSite
13174,14,26
timeStep,numberOfRobotsOnBlackSite,numberOfRobotsOnWhiteSite
13175,14,26
timeStep,numberOfRobotsOnBlackSite,numberOfRobotsOnWhiteSite
13176,14,26
timeStep,numberOfRobotsOnBlackSite,numberOfRobotsOnWhiteSite
13177,14,26
timeStep,numberOfRobotsOnBlackSite,numberOfRobotsOnWhiteSite
13178,14,26
timeStep,numberOfRobotsOnBlackSite,numberOfRobotsOnWhiteSite
13179,14,26
timeStep,numberOfRobotsOnBlackSite,numberOfRobotsOnWhiteSite
13180,14,26
timeStep,numberOfRobotsOnBlackSite,numberOfRobotsOnWhiteSite
13181,14,26
timeStep,numberOfRobotsOnBlackSite,numberOfRobotsOnWhiteSite
13182,14,26
timeStep,numberOfRobotsOnBlackSite,numberOfRobotsOnWhiteSite
13183,14,26
timeStep,numberOfRobotsOnBlackSite,numberOfRobotsOnWhiteSite
13184,14,26
timeStep,numberOfRobotsOnBlackSite,numberOfRobotsOnWhiteSite
13185,14,26
timeStep,numberOfRobotsOnBlackSite,numberOfRobotsOnWhiteSite
13186,14,26
timeStep,numberOfRobotsOnBlackSite,numberOfRobotsOnWhiteSite
13187,14,26
timeStep,numberOfRobotsOnBlackSite,numberOfRobotsOnWhiteSite
13188,14,26
timeStep,numberOfRobotsOnBlackSite,numberOfRobotsOnWhiteSite
13189,14,26
timeStep,numberOfRobotsOnBlackSite,numberOfRobotsOnWhiteSite
13190,14,26
timeStep,numberOfRobotsOnBlackSite,numberOfRobotsOnWhiteSite
13191,14,26
timeStep,numberOfRobotsOnBlackSite,numberOfRobotsOnWhiteSite
13192,14,26
timeStep,numberOfRobotsOnBlackSite,numberOfRobotsOnWhiteSite
13193,14,26
timeStep,numberOfRobotsOnBlackSite,numberOfRobotsOnWhiteSite
13194,14,26
timeStep,numberOfRobotsOnBlackSite,numberOfRobotsOnWhiteSite
13195,14,26
timeStep,numberOfRobotsOnBlackSite,numberOfRobotsOnWhiteSite
13196,14,26
timeStep,numberOfRobotsOnBlackSite,numberOfRobotsOnWhiteSite
13197,14,26
timeStep,numberOfRobotsOnBlackSite,numberOfRobotsOnWhiteSite
13198,14,26
timeStep,numberOfRobotsOnBlackSite,numberOfRobotsOnWhiteSite
13199,14,26
timeStep,numberOfRobotsOnBlackSite,numberOfRobotsOnWhiteSite
13200,14,26
timeStep,numberOfRobotsOnBlackSite,numberOfRobotsOnWhiteSite
13201,14,26
timeStep,numberOfRobotsOnBlackSite,numberOfRobotsOnWhiteSite
13202,14,26
timeStep,numberOfRobotsOnBlackSite,numberOfRobotsOnWhiteSite
13203,14,26
timeStep,numberOfRobotsOnBlackSite,numberOfRobotsOnWhiteSite
13204,14,26
timeStep,numberOfRobotsOnBlackSite,numberOfRobotsOnWhiteSite
13205,14,26
timeStep,numberOfRobotsOnBlackSite,numberOfRobotsOnWhiteSite
13206,14,26
timeStep,numberOfRobotsOnBlackSite,numberOfRobotsOnWhiteSite
13207,14,26
timeStep,numberOfRobotsOnBlackSite,numberOfRobotsOnWhiteSite
13208,14,26
timeStep,numberOfRobotsOnBlackSite,numberOfRobotsOnWhiteSite
13209,14,26
timeStep,numberOfRobotsOnBlackSite,numberOfRobotsOnWhiteSite
13210,14,26
timeStep,numberOfRobotsOnBlackSite,numberOfRobotsOnWhiteSite
13211,14,26
timeStep,numberOfRobotsOnBlackSite,numberOfRobotsOnWhiteSite
13212,14,26
timeStep,numberOfRobotsOnBlackSite,numberOfRobotsOnWhiteSite
13213,14,26
timeStep,numberOfRobotsOnBlackSite,numberOfRobotsOnWhiteSite
13214,14,26
timeStep,numberOfRobotsOnBlackSite,numberOfRobotsOnWhiteSite
13215,14,26
timeStep,numberOfRobotsOnBlackSite,numberOfRobotsOnWhiteSite
13216,14,26
timeStep,numberOfRobotsOnBlackSite,numberOfRobotsOnWhiteSite
13217,14,26
timeStep,numberOfRobotsOnBlackSite,numberOfRobotsOnWhiteSite
13218,14,26
timeStep,numberOfRobotsOnBlackSite,numberOfRobotsOnWhiteSite
13219,14,26
timeStep,numberOfRobotsOnBlackSite,numberOfRobotsOnWhiteSite
13220,14,26
timeStep,numberOfRobotsOnBlackSite,numberOfRobotsOnWhiteSite
13221,14,26
timeStep,numberOfRobotsOnBlackSite,numberOfRobotsOnWhiteSite
13222,14,26
timeStep,numberOfRobotsOnBlackSite,numberOfRobotsOnWhiteSite
13223,14,26
timeStep,numberOfRobotsOnBlackSite,numberOfRobotsOnWhiteSite
13224,14,26
timeStep,numberOfRobotsOnBlackSite,numberOfRobotsOnWhiteSite
13225,14,25
timeStep,numberOfRobotsOnBlackSite,numberOfRobotsOnWhiteSite
13226,14,25
timeStep,numberOfRobotsOnBlackSite,numberOfRobotsOnWhiteSite
13227,14,25
timeStep,numberOfRobotsOnBlackSite,numberOfRobotsOnWhiteSite
13228,14,25
timeStep,numberOfRobotsOnBlackSite,numberOfRobotsOnWhiteSite
13229,14,25
timeStep,numberOfRobotsOnBlackSite,numberOfRobotsOnWhiteSite
13230,14,25
timeStep,numberOfRobotsOnBlackSite,numberOfRobotsOnWhiteSite
13231,14,25
timeStep,numberOfRobotsOnBlackSite,numberOfRobotsOnWhiteSite
13232,14,25
timeStep,numberOfRobotsOnBlackSite,numberOfRobotsOnWhiteSite
13233,14,25
timeStep,numberOfRobotsOnBlackSite,numberOfRobotsOnWhiteSite
13234,14,25
timeStep,numberOfRobotsOnBlackSite,numberOfRobotsOnWhiteSite
13235,14,25
timeStep,numberOfRobotsOnBlackSite,numberOfRobotsOnWhiteSite
13236,14,25
timeStep,numberOfRobotsOnBlackSite,numberOfRobotsOnWhiteSite
13237,14,25
timeStep,numberOfRobotsOnBlackSite,numberOfRobotsOnWhiteSite
13238,14,25
timeStep,numberOfRobotsOnBlackSite,numberOfRobotsOnWhiteSite
13239,14,25
timeStep,numberOfRobotsOnBlackSite,numberOfRobotsOnWhiteSite
13240,14,25
timeStep,numberOfRobotsOnBlackSite,numberOfRobotsOnWhiteSite
13241,14,25
timeStep,numberOfRobotsOnBlackSite,numberOfRobotsOnWhiteSite
13242,14,25
timeStep,numberOfRobotsOnBlackSite,numberOfRobotsOnWhiteSite
13243,14,25
timeStep,numberOfRobotsOnBlackSite,numberOfRobotsOnWhiteSite
13244,14,25
timeStep,numberOfRobotsOnBlackSite,numberOfRobotsOnWhiteSite
13245,14,25
timeStep,numberOfRobotsOnBlackSite,numberOfRobotsOnWhiteSite
13246,14,25
timeStep,numberOfRobotsOnBlackSite,numberOfRobotsOnWhiteSite
13247,14,25
timeStep,numberOfRobotsOnBlackSite,numberOfRobotsOnWhiteSite
13248,14,25
timeStep,numberOfRobotsOnBlackSite,numberOfRobotsOnWhiteSite
13249,14,25
timeStep,numberOfRobotsOnBlackSite,numberOfRobotsOnWhiteSite
13250,14,25
timeStep,numberOfRobotsOnBlackSite,numberOfRobotsOnWhiteSite
13251,14,25
timeStep,numberOfRobotsOnBlackSite,numberOfRobotsOnWhiteSite
13252,14,25
timeStep,numberOfRobotsOnBlackSite,numberOfRobotsOnWhiteSite
13253,14,25
timeStep,numberOfRobotsOnBlackSite,numberOfRobotsOnWhiteSite
13254,14,25
timeStep,numberOfRobotsOnBlackSite,numberOfRobotsOnWhiteSite
13255,14,25
timeStep,numberOfRobotsOnBlackSite,numberOfRobotsOnWhiteSite
13256,14,25
timeStep,numberOfRobotsOnBlackSite,numberOfRobotsOnWhiteSite
13257,14,25
timeStep,numberOfRobotsOnBlackSite,numberOfRobotsOnWhiteSite
13258,14,25
timeStep,numberOfRobotsOnBlackSite,numberOfRobotsOnWhiteSite
13259,14,25
timeStep,numberOfRobotsOnBlackSite,numberOfRobotsOnWhiteSite
13260,14,25
timeStep,numberOfRobotsOnBlackSite,numberOfRobotsOnWhiteSite
13261,14,25
timeStep,numberOfRobotsOnBlackSite,numberOfRobotsOnWhiteSite
13262,14,25
timeStep,numberOfRobotsOnBlackSite,numberOfRobotsOnWhiteSite
13263,14,25
timeStep,numberOfRobotsOnBlackSite,numberOfRobotsOnWhiteSite
13264,14,25
timeStep,numberOfRobotsOnBlackSite,numberOfRobotsOnWhiteSite
13265,14,25
timeStep,numberOfRobotsOnBlackSite,numberOfRobotsOnWhiteSite
13266,14,25
timeStep,numberOfRobotsOnBlackSite,numberOfRobotsOnWhiteSite
13267,14,25
timeStep,numberOfRobotsOnBlackSite,numberOfRobotsOnWhiteSite
13268,14,25
timeStep,numberOfRobotsOnBlackSite,numberOfRobotsOnWhiteSite
13269,14,25
timeStep,numberOfRobotsOnBlackSite,numberOfRobotsOnWhiteSite
13270,14,25
timeStep,numberOfRobotsOnBlackSite,numberOfRobotsOnWhiteSite
13271,14,25
timeStep,numberOfRobotsOnBlackSite,numberOfRobotsOnWhiteSite
13272,14,25
timeStep,numberOfRobotsOnBlackSite,numberOfRobotsOnWhiteSite
13273,14,25
timeStep,numberOfRobotsOnBlackSite,numberOfRobotsOnWhiteSite
13274,14,25
timeStep,numberOfRobotsOnBlackSite,numberOfRobotsOnWhiteSite
13275,14,25
timeStep,numberOfRobotsOnBlackSite,numberOfRobotsOnWhiteSite
13276,14,25
timeStep,numberOfRobotsOnBlackSite,numberOfRobotsOnWhiteSite
13277,14,25
timeStep,numberOfRobotsOnBlackSite,numberOfRobotsOnWhiteSite
13278,14,25
timeStep,numberOfRobotsOnBlackSite,numberOfRobotsOnWhiteSite
13279,14,25
timeStep,numberOfRobotsOnBlackSite,numberOfRobotsOnWhiteSite
13280,14,26
timeStep,numberOfRobotsOnBlackSite,numberOfRobotsOnWhiteSite
13281,14,26
timeStep,numberOfRobotsOnBlackSite,numberOfRobotsOnWhiteSite
13282,14,26
timeStep,numberOfRobotsOnBlackSite,numberOfRobotsOnWhiteSite
13283,14,26
timeStep,numberOfRobotsOnBlackSite,numberOfRobotsOnWhiteSite
13284,14,26
timeStep,numberOfRobotsOnBlackSite,numberOfRobotsOnWhiteSite
13285,14,26
timeStep,numberOfRobotsOnBlackSite,numberOfRobotsOnWhiteSite
13286,14,26
timeStep,numberOfRobotsOnBlackSite,numberOfRobotsOnWhiteSite
13287,14,26
timeStep,numberOfRobotsOnBlackSite,numberOfRobotsOnWhiteSite
13288,14,26
timeStep,numberOfRobotsOnBlackSite,numberOfRobotsOnWhiteSite
13289,14,26
timeStep,numberOfRobotsOnBlackSite,numberOfRobotsOnWhiteSite
13290,14,26
timeStep,numberOfRobotsOnBlackSite,numberOfRobotsOnWhiteSite
13291,14,26
timeStep,numberOfRobotsOnBlackSite,numberOfRobotsOnWhiteSite
13292,14,26
timeStep,numberOfRobotsOnBlackSite,numberOfRobotsOnWhiteSite
13293,14,26
timeStep,numberOfRobotsOnBlackSite,numberOfRobotsOnWhiteSite
13294,14,26
timeStep,numberOfRobotsOnBlackSite,numberOfRobotsOnWhiteSite
13295,14,26
timeStep,numberOfRobotsOnBlackSite,numberOfRobotsOnWhiteSite
13296,14,26
timeStep,numberOfRobotsOnBlackSite,numberOfRobotsOnWhiteSite
13297,14,26
timeStep,numberOfRobotsOnBlackSite,numberOfRobotsOnWhiteSite
13298,14,26
timeStep,numberOfRobotsOnBlackSite,numberOfRobotsOnWhiteSite
13299,14,26
timeStep,numberOfRobotsOnBlackSite,numberOfRobotsOnWhiteSite
13300,14,26
timeStep,numberOfRobotsOnBlackSite,numberOfRobotsOnWhiteSite
13301,14,26
timeStep,numberOfRobotsOnBlackSite,numberOfRobotsOnWhiteSite
13302,14,26
timeStep,numberOfRobotsOnBlackSite,numberOfRobotsOnWhiteSite
13303,14,26
timeStep,numberOfRobotsOnBlackSite,numberOfRobotsOnWhiteSite
13304,14,26
timeStep,numberOfRobotsOnBlackSite,numberOfRobotsOnWhiteSite
13305,14,26
timeStep,numberOfRobotsOnBlackSite,numberOfRobotsOnWhiteSite
13306,14,26
timeStep,numberOfRobotsOnBlackSite,numberOfRobotsOnWhiteSite
13307,14,26
timeStep,numberOfRobotsOnBlackSite,numberOfRobotsOnWhiteSite
13308,14,26
timeStep,numberOfRobotsOnBlackSite,numberOfRobotsOnWhiteSite
13309,14,26
timeStep,numberOfRobotsOnBlackSite,numberOfRobotsOnWhiteSite
13310,14,26
timeStep,numberOfRobotsOnBlackSite,numberOfRobotsOnWhiteSite
13311,14,26
timeStep,numberOfRobotsOnBlackSite,numberOfRobotsOnWhiteSite
13312,14,26
timeStep,numberOfRobotsOnBlackSite,numberOfRobotsOnWhiteSite
13313,14,26
timeStep,numberOfRobotsOnBlackSite,numberOfRobotsOnWhiteSite
13314,14,26
timeStep,numberOfRobotsOnBlackSite,numberOfRobotsOnWhiteSite
13315,14,26
timeStep,numberOfRobotsOnBlackSite,numberOfRobotsOnWhiteSite
13316,14,26
timeStep,numberOfRobotsOnBlackSite,numberOfRobotsOnWhiteSite
13317,14,26
timeStep,numberOfRobotsOnBlackSite,numberOfRobotsOnWhiteSite
13318,14,26
timeStep,numberOfRobotsOnBlackSite,numberOfRobotsOnWhiteSite
13319,14,26
timeStep,numberOfRobotsOnBlackSite,numberOfRobotsOnWhiteSite
13320,14,26
timeStep,numberOfRobotsOnBlackSite,numberOfRobotsOnWhiteSite
13321,14,26
timeStep,numberOfRobotsOnBlackSite,numberOfRobotsOnWhiteSite
13322,14,26
timeStep,numberOfRobotsOnBlackSite,numberOfRobotsOnWhiteSite
13323,14,26
timeStep,numberOfRobotsOnBlackSite,numberOfRobotsOnWhiteSite
13324,14,26
timeStep,numberOfRobotsOnBlackSite,numberOfRobotsOnWhiteSite
13325,14,26
timeStep,numberOfRobotsOnBlackSite,numberOfRobotsOnWhiteSite
13326,14,26
timeStep,numberOfRobotsOnBlackSite,numberOfRobotsOnWhiteSite
13327,14,26
timeStep,numberOfRobotsOnBlackSite,numberOfRobotsOnWhiteSite
13328,14,26
timeStep,numberOfRobotsOnBlackSite,numberOfRobotsOnWhiteSite
13329,14,26
timeStep,numberOfRobotsOnBlackSite,numberOfRobotsOnWhiteSite
13330,14,26
timeStep,numberOfRobotsOnBlackSite,numberOfRobotsOnWhiteSite
13331,14,26
timeStep,numberOfRobotsOnBlackSite,numberOfRobotsOnWhiteSite
13332,14,26
timeStep,numberOfRobotsOnBlackSite,numberOfRobotsOnWhiteSite
13333,14,26
timeStep,numberOfRobotsOnBlackSite,numberOfRobotsOnWhiteSite
13334,14,26
timeStep,numberOfRobotsOnBlackSite,numberOfRobotsOnWhiteSite
13335,14,26
timeStep,numberOfRobotsOnBlackSite,numberOfRobotsOnWhiteSite
13336,14,26
timeStep,numberOfRobotsOnBlackSite,numberOfRobotsOnWhiteSite
13337,14,26
timeStep,numberOfRobotsOnBlackSite,numberOfRobotsOnWhiteSite
13338,14,26
timeStep,numberOfRobotsOnBlackSite,numberOfRobotsOnWhiteSite
13339,14,26
timeStep,numberOfRobotsOnBlackSite,numberOfRobotsOnWhiteSite
13340,14,26
timeStep,numberOfRobotsOnBlackSite,numberOfRobotsOnWhiteSite
13341,14,26
timeStep,numberOfRobotsOnBlackSite,numberOfRobotsOnWhiteSite
13342,14,26
timeStep,numberOfRobotsOnBlackSite,numberOfRobotsOnWhiteSite
13343,14,26
timeStep,numberOfRobotsOnBlackSite,numberOfRobotsOnWhiteSite
13344,14,26
timeStep,numberOfRobotsOnBlackSite,numberOfRobotsOnWhiteSite
13345,14,26
timeStep,numberOfRobotsOnBlackSite,numberOfRobotsOnWhiteSite
13346,14,26
timeStep,numberOfRobotsOnBlackSite,numberOfRobotsOnWhiteSite
13347,14,26
timeStep,numberOfRobotsOnBlackSite,numberOfRobotsOnWhiteSite
13348,14,26
timeStep,numberOfRobotsOnBlackSite,numberOfRobotsOnWhiteSite
13349,14,26
timeStep,numberOfRobotsOnBlackSite,numberOfRobotsOnWhiteSite
13350,14,26
timeStep,numberOfRobotsOnBlackSite,numberOfRobotsOnWhiteSite
13351,14,26
timeStep,numberOfRobotsOnBlackSite,numberOfRobotsOnWhiteSite
13352,14,26
timeStep,numberOfRobotsOnBlackSite,numberOfRobotsOnWhiteSite
13353,14,26
timeStep,numberOfRobotsOnBlackSite,numberOfRobotsOnWhiteSite
13354,14,26
timeStep,numberOfRobotsOnBlackSite,numberOfRobotsOnWhiteSite
13355,14,26
timeStep,numberOfRobotsOnBlackSite,numberOfRobotsOnWhiteSite
13356,14,26
timeStep,numberOfRobotsOnBlackSite,numberOfRobotsOnWhiteSite
13357,14,26
timeStep,numberOfRobotsOnBlackSite,numberOfRobotsOnWhiteSite
13358,14,26
timeStep,numberOfRobotsOnBlackSite,numberOfRobotsOnWhiteSite
13359,14,26
timeStep,numberOfRobotsOnBlackSite,numberOfRobotsOnWhiteSite
13360,14,26
timeStep,numberOfRobotsOnBlackSite,numberOfRobotsOnWhiteSite
13361,14,26
timeStep,numberOfRobotsOnBlackSite,numberOfRobotsOnWhiteSite
13362,14,26
timeStep,numberOfRobotsOnBlackSite,numberOfRobotsOnWhiteSite
13363,14,26
timeStep,numberOfRobotsOnBlackSite,numberOfRobotsOnWhiteSite
13364,14,26
timeStep,numberOfRobotsOnBlackSite,numberOfRobotsOnWhiteSite
13365,14,26
timeStep,numberOfRobotsOnBlackSite,numberOfRobotsOnWhiteSite
13366,14,26
timeStep,numberOfRobotsOnBlackSite,numberOfRobotsOnWhiteSite
13367,14,26
timeStep,numberOfRobotsOnBlackSite,numberOfRobotsOnWhiteSite
13368,14,26
timeStep,numberOfRobotsOnBlackSite,numberOfRobotsOnWhiteSite
13369,14,26
timeStep,numberOfRobotsOnBlackSite,numberOfRobotsOnWhiteSite
13370,14,26
timeStep,numberOfRobotsOnBlackSite,numberOfRobotsOnWhiteSite
13371,14,26
timeStep,numberOfRobotsOnBlackSite,numberOfRobotsOnWhiteSite
13372,14,26
timeStep,numberOfRobotsOnBlackSite,numberOfRobotsOnWhiteSite
13373,14,26
timeStep,numberOfRobotsOnBlackSite,numberOfRobotsOnWhiteSite
13374,14,26
timeStep,numberOfRobotsOnBlackSite,numberOfRobotsOnWhiteSite
13375,14,26
timeStep,numberOfRobotsOnBlackSite,numberOfRobotsOnWhiteSite
13376,14,26
timeStep,numberOfRobotsOnBlackSite,numberOfRobotsOnWhiteSite
13377,14,26
timeStep,numberOfRobotsOnBlackSite,numberOfRobotsOnWhiteSite
13378,14,26
timeStep,numberOfRobotsOnBlackSite,numberOfRobotsOnWhiteSite
13379,14,26
timeStep,numberOfRobotsOnBlackSite,numberOfRobotsOnWhiteSite
13380,14,26
timeStep,numberOfRobotsOnBlackSite,numberOfRobotsOnWhiteSite
13381,14,26
timeStep,numberOfRobotsOnBlackSite,numberOfRobotsOnWhiteSite
13382,14,26
timeStep,numberOfRobotsOnBlackSite,numberOfRobotsOnWhiteSite
13383,14,26
timeStep,numberOfRobotsOnBlackSite,numberOfRobotsOnWhiteSite
13384,14,26
timeStep,numberOfRobotsOnBlackSite,numberOfRobotsOnWhiteSite
13385,14,26
timeStep,numberOfRobotsOnBlackSite,numberOfRobotsOnWhiteSite
13386,14,26
timeStep,numberOfRobotsOnBlackSite,numberOfRobotsOnWhiteSite
13387,14,26
timeStep,numberOfRobotsOnBlackSite,numberOfRobotsOnWhiteSite
13388,14,26
timeStep,numberOfRobotsOnBlackSite,numberOfRobotsOnWhiteSite
13389,14,26
timeStep,numberOfRobotsOnBlackSite,numberOfRobotsOnWhiteSite
13390,14,26
timeStep,numberOfRobotsOnBlackSite,numberOfRobotsOnWhiteSite
13391,14,26
timeStep,numberOfRobotsOnBlackSite,numberOfRobotsOnWhiteSite
13392,14,26
timeStep,numberOfRobotsOnBlackSite,numberOfRobotsOnWhiteSite
13393,14,26
timeStep,numberOfRobotsOnBlackSite,numberOfRobotsOnWhiteSite
13394,14,26
timeStep,numberOfRobotsOnBlackSite,numberOfRobotsOnWhiteSite
13395,14,26
timeStep,numberOfRobotsOnBlackSite,numberOfRobotsOnWhiteSite
13396,14,26
timeStep,numberOfRobotsOnBlackSite,numberOfRobotsOnWhiteSite
13397,14,26
timeStep,numberOfRobotsOnBlackSite,numberOfRobotsOnWhiteSite
13398,14,26
timeStep,numberOfRobotsOnBlackSite,numberOfRobotsOnWhiteSite
13399,14,26
timeStep,numberOfRobotsOnBlackSite,numberOfRobotsOnWhiteSite
13400,14,26
timeStep,numberOfRobotsOnBlackSite,numberOfRobotsOnWhiteSite
13401,14,26
timeStep,numberOfRobotsOnBlackSite,numberOfRobotsOnWhiteSite
13402,14,26
timeStep,numberOfRobotsOnBlackSite,numberOfRobotsOnWhiteSite
13403,14,26
timeStep,numberOfRobotsOnBlackSite,numberOfRobotsOnWhiteSite
13404,14,26
timeStep,numberOfRobotsOnBlackSite,numberOfRobotsOnWhiteSite
13405,14,26
timeStep,numberOfRobotsOnBlackSite,numberOfRobotsOnWhiteSite
13406,14,26
timeStep,numberOfRobotsOnBlackSite,numberOfRobotsOnWhiteSite
13407,14,26
timeStep,numberOfRobotsOnBlackSite,numberOfRobotsOnWhiteSite
13408,14,26
timeStep,numberOfRobotsOnBlackSite,numberOfRobotsOnWhiteSite
13409,14,26
timeStep,numberOfRobotsOnBlackSite,numberOfRobotsOnWhiteSite
13410,14,26
timeStep,numberOfRobotsOnBlackSite,numberOfRobotsOnWhiteSite
13411,14,26
timeStep,numberOfRobotsOnBlackSite,numberOfRobotsOnWhiteSite
13412,14,26
timeStep,numberOfRobotsOnBlackSite,numberOfRobotsOnWhiteSite
13413,14,26
timeStep,numberOfRobotsOnBlackSite,numberOfRobotsOnWhiteSite
13414,14,26
timeStep,numberOfRobotsOnBlackSite,numberOfRobotsOnWhiteSite
13415,14,26
timeStep,numberOfRobotsOnBlackSite,numberOfRobotsOnWhiteSite
13416,14,26
timeStep,numberOfRobotsOnBlackSite,numberOfRobotsOnWhiteSite
13417,14,26
timeStep,numberOfRobotsOnBlackSite,numberOfRobotsOnWhiteSite
13418,14,26
timeStep,numberOfRobotsOnBlackSite,numberOfRobotsOnWhiteSite
13419,14,26
timeStep,numberOfRobotsOnBlackSite,numberOfRobotsOnWhiteSite
13420,14,26
timeStep,numberOfRobotsOnBlackSite,numberOfRobotsOnWhiteSite
13421,14,26
timeStep,numberOfRobotsOnBlackSite,numberOfRobotsOnWhiteSite
13422,14,26
timeStep,numberOfRobotsOnBlackSite,numberOfRobotsOnWhiteSite
13423,14,26
timeStep,numberOfRobotsOnBlackSite,numberOfRobotsOnWhiteSite
13424,14,26
timeStep,numberOfRobotsOnBlackSite,numberOfRobotsOnWhiteSite
13425,14,26
timeStep,numberOfRobotsOnBlackSite,numberOfRobotsOnWhiteSite
13426,14,26
timeStep,numberOfRobotsOnBlackSite,numberOfRobotsOnWhiteSite
13427,14,26
timeStep,numberOfRobotsOnBlackSite,numberOfRobotsOnWhiteSite
13428,14,26
timeStep,numberOfRobotsOnBlackSite,numberOfRobotsOnWhiteSite
13429,14,26
timeStep,numberOfRobotsOnBlackSite,numberOfRobotsOnWhiteSite
13430,14,26
timeStep,numberOfRobotsOnBlackSite,numberOfRobotsOnWhiteSite
13431,14,26
timeStep,numberOfRobotsOnBlackSite,numberOfRobotsOnWhiteSite
13432,14,26
timeStep,numberOfRobotsOnBlackSite,numberOfRobotsOnWhiteSite
13433,14,26
timeStep,numberOfRobotsOnBlackSite,numberOfRobotsOnWhiteSite
13434,14,26
timeStep,numberOfRobotsOnBlackSite,numberOfRobotsOnWhiteSite
13435,14,26
timeStep,numberOfRobotsOnBlackSite,numberOfRobotsOnWhiteSite
13436,14,26
timeStep,numberOfRobotsOnBlackSite,numberOfRobotsOnWhiteSite
13437,14,26
timeStep,numberOfRobotsOnBlackSite,numberOfRobotsOnWhiteSite
13438,14,26
timeStep,numberOfRobotsOnBlackSite,numberOfRobotsOnWhiteSite
13439,14,26
timeStep,numberOfRobotsOnBlackSite,numberOfRobotsOnWhiteSite
13440,14,26
timeStep,numberOfRobotsOnBlackSite,numberOfRobotsOnWhiteSite
13441,14,26
timeStep,numberOfRobotsOnBlackSite,numberOfRobotsOnWhiteSite
13442,14,26
timeStep,numberOfRobotsOnBlackSite,numberOfRobotsOnWhiteSite
13443,14,26
timeStep,numberOfRobotsOnBlackSite,numberOfRobotsOnWhiteSite
13444,14,26
timeStep,numberOfRobotsOnBlackSite,numberOfRobotsOnWhiteSite
13445,14,26
timeStep,numberOfRobotsOnBlackSite,numberOfRobotsOnWhiteSite
13446,14,26
timeStep,numberOfRobotsOnBlackSite,numberOfRobotsOnWhiteSite
13447,14,26
timeStep,numberOfRobotsOnBlackSite,numberOfRobotsOnWhiteSite
13448,14,26
timeStep,numberOfRobotsOnBlackSite,numberOfRobotsOnWhiteSite
13449,14,26
timeStep,numberOfRobotsOnBlackSite,numberOfRobotsOnWhiteSite
13450,14,26
timeStep,numberOfRobotsOnBlackSite,numberOfRobotsOnWhiteSite
13451,14,26
timeStep,numberOfRobotsOnBlackSite,numberOfRobotsOnWhiteSite
13452,14,26
timeStep,numberOfRobotsOnBlackSite,numberOfRobotsOnWhiteSite
13453,14,26
timeStep,numberOfRobotsOnBlackSite,numberOfRobotsOnWhiteSite
13454,14,26
timeStep,numberOfRobotsOnBlackSite,numberOfRobotsOnWhiteSite
13455,14,26
timeStep,numberOfRobotsOnBlackSite,numberOfRobotsOnWhiteSite
13456,14,26
timeStep,numberOfRobotsOnBlackSite,numberOfRobotsOnWhiteSite
13457,14,26
timeStep,numberOfRobotsOnBlackSite,numberOfRobotsOnWhiteSite
13458,14,26
timeStep,numberOfRobotsOnBlackSite,numberOfRobotsOnWhiteSite
13459,14,26
timeStep,numberOfRobotsOnBlackSite,numberOfRobotsOnWhiteSite
13460,14,26
timeStep,numberOfRobotsOnBlackSite,numberOfRobotsOnWhiteSite
13461,14,26
timeStep,numberOfRobotsOnBlackSite,numberOfRobotsOnWhiteSite
13462,14,26
timeStep,numberOfRobotsOnBlackSite,numberOfRobotsOnWhiteSite
13463,14,26
timeStep,numberOfRobotsOnBlackSite,numberOfRobotsOnWhiteSite
13464,14,26
timeStep,numberOfRobotsOnBlackSite,numberOfRobotsOnWhiteSite
13465,14,26
timeStep,numberOfRobotsOnBlackSite,numberOfRobotsOnWhiteSite
13466,14,26
timeStep,numberOfRobotsOnBlackSite,numberOfRobotsOnWhiteSite
13467,14,26
timeStep,numberOfRobotsOnBlackSite,numberOfRobotsOnWhiteSite
13468,14,26
timeStep,numberOfRobotsOnBlackSite,numberOfRobotsOnWhiteSite
13469,14,26
timeStep,numberOfRobotsOnBlackSite,numberOfRobotsOnWhiteSite
13470,14,26
timeStep,numberOfRobotsOnBlackSite,numberOfRobotsOnWhiteSite
13471,14,26
timeStep,numberOfRobotsOnBlackSite,numberOfRobotsOnWhiteSite
13472,14,26
timeStep,numberOfRobotsOnBlackSite,numberOfRobotsOnWhiteSite
13473,14,26
timeStep,numberOfRobotsOnBlackSite,numberOfRobotsOnWhiteSite
13474,14,26
timeStep,numberOfRobotsOnBlackSite,numberOfRobotsOnWhiteSite
13475,14,26
timeStep,numberOfRobotsOnBlackSite,numberOfRobotsOnWhiteSite
13476,14,26
timeStep,numberOfRobotsOnBlackSite,numberOfRobotsOnWhiteSite
13477,14,26
timeStep,numberOfRobotsOnBlackSite,numberOfRobotsOnWhiteSite
13478,14,26
timeStep,numberOfRobotsOnBlackSite,numberOfRobotsOnWhiteSite
13479,14,26
timeStep,numberOfRobotsOnBlackSite,numberOfRobotsOnWhiteSite
13480,14,26
timeStep,numberOfRobotsOnBlackSite,numberOfRobotsOnWhiteSite
13481,14,26
timeStep,numberOfRobotsOnBlackSite,numberOfRobotsOnWhiteSite
13482,14,26
timeStep,numberOfRobotsOnBlackSite,numberOfRobotsOnWhiteSite
13483,14,26
timeStep,numberOfRobotsOnBlackSite,numberOfRobotsOnWhiteSite
13484,14,26
timeStep,numberOfRobotsOnBlackSite,numberOfRobotsOnWhiteSite
13485,14,26
timeStep,numberOfRobotsOnBlackSite,numberOfRobotsOnWhiteSite
13486,14,26
timeStep,numberOfRobotsOnBlackSite,numberOfRobotsOnWhiteSite
13487,14,26
timeStep,numberOfRobotsOnBlackSite,numberOfRobotsOnWhiteSite
13488,14,26
timeStep,numberOfRobotsOnBlackSite,numberOfRobotsOnWhiteSite
13489,14,26
timeStep,numberOfRobotsOnBlackSite,numberOfRobotsOnWhiteSite
13490,14,26
timeStep,numberOfRobotsOnBlackSite,numberOfRobotsOnWhiteSite
13491,14,26
timeStep,numberOfRobotsOnBlackSite,numberOfRobotsOnWhiteSite
13492,14,26
timeStep,numberOfRobotsOnBlackSite,numberOfRobotsOnWhiteSite
13493,14,26
timeStep,numberOfRobotsOnBlackSite,numberOfRobotsOnWhiteSite
13494,14,26
timeStep,numberOfRobotsOnBlackSite,numberOfRobotsOnWhiteSite
13495,14,26
timeStep,numberOfRobotsOnBlackSite,numberOfRobotsOnWhiteSite
13496,14,26
timeStep,numberOfRobotsOnBlackSite,numberOfRobotsOnWhiteSite
13497,14,26
timeStep,numberOfRobotsOnBlackSite,numberOfRobotsOnWhiteSite
13498,14,26
timeStep,numberOfRobotsOnBlackSite,numberOfRobotsOnWhiteSite
13499,14,26
timeStep,numberOfRobotsOnBlackSite,numberOfRobotsOnWhiteSite
13500,14,26
timeStep,numberOfRobotsOnBlackSite,numberOfRobotsOnWhiteSite
13501,14,26
timeStep,numberOfRobotsOnBlackSite,numberOfRobotsOnWhiteSite
13502,14,26
timeStep,numberOfRobotsOnBlackSite,numberOfRobotsOnWhiteSite
13503,14,26
timeStep,numberOfRobotsOnBlackSite,numberOfRobotsOnWhiteSite
13504,14,26
timeStep,numberOfRobotsOnBlackSite,numberOfRobotsOnWhiteSite
13505,14,26
timeStep,numberOfRobotsOnBlackSite,numberOfRobotsOnWhiteSite
13506,14,26
timeStep,numberOfRobotsOnBlackSite,numberOfRobotsOnWhiteSite
13507,14,26
timeStep,numberOfRobotsOnBlackSite,numberOfRobotsOnWhiteSite
13508,14,26
timeStep,numberOfRobotsOnBlackSite,numberOfRobotsOnWhiteSite
13509,14,26
timeStep,numberOfRobotsOnBlackSite,numberOfRobotsOnWhiteSite
13510,14,26
timeStep,numberOfRobotsOnBlackSite,numberOfRobotsOnWhiteSite
13511,14,26
timeStep,numberOfRobotsOnBlackSite,numberOfRobotsOnWhiteSite
13512,14,26
timeStep,numberOfRobotsOnBlackSite,numberOfRobotsOnWhiteSite
13513,14,26
timeStep,numberOfRobotsOnBlackSite,numberOfRobotsOnWhiteSite
13514,14,26
timeStep,numberOfRobotsOnBlackSite,numberOfRobotsOnWhiteSite
13515,14,26
timeStep,numberOfRobotsOnBlackSite,numberOfRobotsOnWhiteSite
13516,14,26
timeStep,numberOfRobotsOnBlackSite,numberOfRobotsOnWhiteSite
13517,14,26
timeStep,numberOfRobotsOnBlackSite,numberOfRobotsOnWhiteSite
13518,14,26
timeStep,numberOfRobotsOnBlackSite,numberOfRobotsOnWhiteSite
13519,14,26
timeStep,numberOfRobotsOnBlackSite,numberOfRobotsOnWhiteSite
13520,14,26
timeStep,numberOfRobotsOnBlackSite,numberOfRobotsOnWhiteSite
13521,14,26
timeStep,numberOfRobotsOnBlackSite,numberOfRobotsOnWhiteSite
13522,14,26
timeStep,numberOfRobotsOnBlackSite,numberOfRobotsOnWhiteSite
13523,14,26
timeStep,numberOfRobotsOnBlackSite,numberOfRobotsOnWhiteSite
13524,14,26
timeStep,numberOfRobotsOnBlackSite,numberOfRobotsOnWhiteSite
13525,14,26
timeStep,numberOfRobotsOnBlackSite,numberOfRobotsOnWhiteSite
13526,14,26
timeStep,numberOfRobotsOnBlackSite,numberOfRobotsOnWhiteSite
13527,14,26
timeStep,numberOfRobotsOnBlackSite,numberOfRobotsOnWhiteSite
13528,14,26
timeStep,numberOfRobotsOnBlackSite,numberOfRobotsOnWhiteSite
13529,14,26
timeStep,numberOfRobotsOnBlackSite,numberOfRobotsOnWhiteSite
13530,14,26
timeStep,numberOfRobotsOnBlackSite,numberOfRobotsOnWhiteSite
13531,14,26
timeStep,numberOfRobotsOnBlackSite,numberOfRobotsOnWhiteSite
13532,14,26
timeStep,numberOfRobotsOnBlackSite,numberOfRobotsOnWhiteSite
13533,14,26
timeStep,numberOfRobotsOnBlackSite,numberOfRobotsOnWhiteSite
13534,14,26
timeStep,numberOfRobotsOnBlackSite,numberOfRobotsOnWhiteSite
13535,14,26
timeStep,numberOfRobotsOnBlackSite,numberOfRobotsOnWhiteSite
13536,14,26
timeStep,numberOfRobotsOnBlackSite,numberOfRobotsOnWhiteSite
13537,14,26
timeStep,numberOfRobotsOnBlackSite,numberOfRobotsOnWhiteSite
13538,14,26
timeStep,numberOfRobotsOnBlackSite,numberOfRobotsOnWhiteSite
13539,14,26
timeStep,numberOfRobotsOnBlackSite,numberOfRobotsOnWhiteSite
13540,14,26
timeStep,numberOfRobotsOnBlackSite,numberOfRobotsOnWhiteSite
13541,14,26
timeStep,numberOfRobotsOnBlackSite,numberOfRobotsOnWhiteSite
13542,14,26
timeStep,numberOfRobotsOnBlackSite,numberOfRobotsOnWhiteSite
13543,14,26
timeStep,numberOfRobotsOnBlackSite,numberOfRobotsOnWhiteSite
13544,14,26
timeStep,numberOfRobotsOnBlackSite,numberOfRobotsOnWhiteSite
13545,14,26
timeStep,numberOfRobotsOnBlackSite,numberOfRobotsOnWhiteSite
13546,14,26
timeStep,numberOfRobotsOnBlackSite,numberOfRobotsOnWhiteSite
13547,14,26
timeStep,numberOfRobotsOnBlackSite,numberOfRobotsOnWhiteSite
13548,14,26
timeStep,numberOfRobotsOnBlackSite,numberOfRobotsOnWhiteSite
13549,14,26
timeStep,numberOfRobotsOnBlackSite,numberOfRobotsOnWhiteSite
13550,14,26
timeStep,numberOfRobotsOnBlackSite,numberOfRobotsOnWhiteSite
13551,14,26
timeStep,numberOfRobotsOnBlackSite,numberOfRobotsOnWhiteSite
13552,14,26
timeStep,numberOfRobotsOnBlackSite,numberOfRobotsOnWhiteSite
13553,14,26
timeStep,numberOfRobotsOnBlackSite,numberOfRobotsOnWhiteSite
13554,14,26
timeStep,numberOfRobotsOnBlackSite,numberOfRobotsOnWhiteSite
13555,14,26
timeStep,numberOfRobotsOnBlackSite,numberOfRobotsOnWhiteSite
13556,14,26
timeStep,numberOfRobotsOnBlackSite,numberOfRobotsOnWhiteSite
13557,14,26
timeStep,numberOfRobotsOnBlackSite,numberOfRobotsOnWhiteSite
13558,14,26
timeStep,numberOfRobotsOnBlackSite,numberOfRobotsOnWhiteSite
13559,14,26
timeStep,numberOfRobotsOnBlackSite,numberOfRobotsOnWhiteSite
13560,14,26
timeStep,numberOfRobotsOnBlackSite,numberOfRobotsOnWhiteSite
13561,14,26
timeStep,numberOfRobotsOnBlackSite,numberOfRobotsOnWhiteSite
13562,14,26
timeStep,numberOfRobotsOnBlackSite,numberOfRobotsOnWhiteSite
13563,14,26
timeStep,numberOfRobotsOnBlackSite,numberOfRobotsOnWhiteSite
13564,14,26
timeStep,numberOfRobotsOnBlackSite,numberOfRobotsOnWhiteSite
13565,14,26
timeStep,numberOfRobotsOnBlackSite,numberOfRobotsOnWhiteSite
13566,14,26
timeStep,numberOfRobotsOnBlackSite,numberOfRobotsOnWhiteSite
13567,14,26
timeStep,numberOfRobotsOnBlackSite,numberOfRobotsOnWhiteSite
13568,14,26
timeStep,numberOfRobotsOnBlackSite,numberOfRobotsOnWhiteSite
13569,14,26
timeStep,numberOfRobotsOnBlackSite,numberOfRobotsOnWhiteSite
13570,14,26
timeStep,numberOfRobotsOnBlackSite,numberOfRobotsOnWhiteSite
13571,14,26
timeStep,numberOfRobotsOnBlackSite,numberOfRobotsOnWhiteSite
13572,14,26
timeStep,numberOfRobotsOnBlackSite,numberOfRobotsOnWhiteSite
13573,14,26
timeStep,numberOfRobotsOnBlackSite,numberOfRobotsOnWhiteSite
13574,14,26
timeStep,numberOfRobotsOnBlackSite,numberOfRobotsOnWhiteSite
13575,14,26
timeStep,numberOfRobotsOnBlackSite,numberOfRobotsOnWhiteSite
13576,14,26
timeStep,numberOfRobotsOnBlackSite,numberOfRobotsOnWhiteSite
13577,14,26
timeStep,numberOfRobotsOnBlackSite,numberOfRobotsOnWhiteSite
13578,14,26
timeStep,numberOfRobotsOnBlackSite,numberOfRobotsOnWhiteSite
13579,14,26
timeStep,numberOfRobotsOnBlackSite,numberOfRobotsOnWhiteSite
13580,14,26
timeStep,numberOfRobotsOnBlackSite,numberOfRobotsOnWhiteSite
13581,14,26
timeStep,numberOfRobotsOnBlackSite,numberOfRobotsOnWhiteSite
13582,14,26
timeStep,numberOfRobotsOnBlackSite,numberOfRobotsOnWhiteSite
13583,14,26
timeStep,numberOfRobotsOnBlackSite,numberOfRobotsOnWhiteSite
13584,14,26
timeStep,numberOfRobotsOnBlackSite,numberOfRobotsOnWhiteSite
13585,14,26
timeStep,numberOfRobotsOnBlackSite,numberOfRobotsOnWhiteSite
13586,14,26
timeStep,numberOfRobotsOnBlackSite,numberOfRobotsOnWhiteSite
13587,14,26
timeStep,numberOfRobotsOnBlackSite,numberOfRobotsOnWhiteSite
13588,14,26
timeStep,numberOfRobotsOnBlackSite,numberOfRobotsOnWhiteSite
13589,14,26
timeStep,numberOfRobotsOnBlackSite,numberOfRobotsOnWhiteSite
13590,14,26
timeStep,numberOfRobotsOnBlackSite,numberOfRobotsOnWhiteSite
13591,14,26
timeStep,numberOfRobotsOnBlackSite,numberOfRobotsOnWhiteSite
13592,14,26
timeStep,numberOfRobotsOnBlackSite,numberOfRobotsOnWhiteSite
13593,14,26
timeStep,numberOfRobotsOnBlackSite,numberOfRobotsOnWhiteSite
13594,14,26
timeStep,numberOfRobotsOnBlackSite,numberOfRobotsOnWhiteSite
13595,14,26
timeStep,numberOfRobotsOnBlackSite,numberOfRobotsOnWhiteSite
13596,14,26
timeStep,numberOfRobotsOnBlackSite,numberOfRobotsOnWhiteSite
13597,14,26
timeStep,numberOfRobotsOnBlackSite,numberOfRobotsOnWhiteSite
13598,14,26
timeStep,numberOfRobotsOnBlackSite,numberOfRobotsOnWhiteSite
13599,14,26
timeStep,numberOfRobotsOnBlackSite,numberOfRobotsOnWhiteSite
13600,14,26
timeStep,numberOfRobotsOnBlackSite,numberOfRobotsOnWhiteSite
13601,14,26
timeStep,numberOfRobotsOnBlackSite,numberOfRobotsOnWhiteSite
13602,14,26
timeStep,numberOfRobotsOnBlackSite,numberOfRobotsOnWhiteSite
13603,14,26
timeStep,numberOfRobotsOnBlackSite,numberOfRobotsOnWhiteSite
13604,14,26
timeStep,numberOfRobotsOnBlackSite,numberOfRobotsOnWhiteSite
13605,14,26
timeStep,numberOfRobotsOnBlackSite,numberOfRobotsOnWhiteSite
13606,14,26
timeStep,numberOfRobotsOnBlackSite,numberOfRobotsOnWhiteSite
13607,14,26
timeStep,numberOfRobotsOnBlackSite,numberOfRobotsOnWhiteSite
13608,14,26
timeStep,numberOfRobotsOnBlackSite,numberOfRobotsOnWhiteSite
13609,14,26
timeStep,numberOfRobotsOnBlackSite,numberOfRobotsOnWhiteSite
13610,14,26
timeStep,numberOfRobotsOnBlackSite,numberOfRobotsOnWhiteSite
13611,14,26
timeStep,numberOfRobotsOnBlackSite,numberOfRobotsOnWhiteSite
13612,14,26
timeStep,numberOfRobotsOnBlackSite,numberOfRobotsOnWhiteSite
13613,14,26
timeStep,numberOfRobotsOnBlackSite,numberOfRobotsOnWhiteSite
13614,14,26
timeStep,numberOfRobotsOnBlackSite,numberOfRobotsOnWhiteSite
13615,14,26
timeStep,numberOfRobotsOnBlackSite,numberOfRobotsOnWhiteSite
13616,14,26
timeStep,numberOfRobotsOnBlackSite,numberOfRobotsOnWhiteSite
13617,14,26
timeStep,numberOfRobotsOnBlackSite,numberOfRobotsOnWhiteSite
13618,14,26
timeStep,numberOfRobotsOnBlackSite,numberOfRobotsOnWhiteSite
13619,14,26
timeStep,numberOfRobotsOnBlackSite,numberOfRobotsOnWhiteSite
13620,14,26
timeStep,numberOfRobotsOnBlackSite,numberOfRobotsOnWhiteSite
13621,14,26
timeStep,numberOfRobotsOnBlackSite,numberOfRobotsOnWhiteSite
13622,14,26
timeStep,numberOfRobotsOnBlackSite,numberOfRobotsOnWhiteSite
13623,14,26
timeStep,numberOfRobotsOnBlackSite,numberOfRobotsOnWhiteSite
13624,14,26
timeStep,numberOfRobotsOnBlackSite,numberOfRobotsOnWhiteSite
13625,14,26
timeStep,numberOfRobotsOnBlackSite,numberOfRobotsOnWhiteSite
13626,14,26
timeStep,numberOfRobotsOnBlackSite,numberOfRobotsOnWhiteSite
13627,14,26
timeStep,numberOfRobotsOnBlackSite,numberOfRobotsOnWhiteSite
13628,14,26
timeStep,numberOfRobotsOnBlackSite,numberOfRobotsOnWhiteSite
13629,14,26
timeStep,numberOfRobotsOnBlackSite,numberOfRobotsOnWhiteSite
13630,14,26
timeStep,numberOfRobotsOnBlackSite,numberOfRobotsOnWhiteSite
13631,14,26
timeStep,numberOfRobotsOnBlackSite,numberOfRobotsOnWhiteSite
13632,14,26
timeStep,numberOfRobotsOnBlackSite,numberOfRobotsOnWhiteSite
13633,14,26
timeStep,numberOfRobotsOnBlackSite,numberOfRobotsOnWhiteSite
13634,14,26
timeStep,numberOfRobotsOnBlackSite,numberOfRobotsOnWhiteSite
13635,14,26
timeStep,numberOfRobotsOnBlackSite,numberOfRobotsOnWhiteSite
13636,14,26
timeStep,numberOfRobotsOnBlackSite,numberOfRobotsOnWhiteSite
13637,14,26
timeStep,numberOfRobotsOnBlackSite,numberOfRobotsOnWhiteSite
13638,14,26
timeStep,numberOfRobotsOnBlackSite,numberOfRobotsOnWhiteSite
13639,14,26
timeStep,numberOfRobotsOnBlackSite,numberOfRobotsOnWhiteSite
13640,14,25
timeStep,numberOfRobotsOnBlackSite,numberOfRobotsOnWhiteSite
13641,14,25
timeStep,numberOfRobotsOnBlackSite,numberOfRobotsOnWhiteSite
13642,14,25
timeStep,numberOfRobotsOnBlackSite,numberOfRobotsOnWhiteSite
13643,14,25
timeStep,numberOfRobotsOnBlackSite,numberOfRobotsOnWhiteSite
13644,14,25
timeStep,numberOfRobotsOnBlackSite,numberOfRobotsOnWhiteSite
13645,14,25
timeStep,numberOfRobotsOnBlackSite,numberOfRobotsOnWhiteSite
13646,14,25
timeStep,numberOfRobotsOnBlackSite,numberOfRobotsOnWhiteSite
13647,14,25
timeStep,numberOfRobotsOnBlackSite,numberOfRobotsOnWhiteSite
13648,14,25
timeStep,numberOfRobotsOnBlackSite,numberOfRobotsOnWhiteSite
13649,14,25
timeStep,numberOfRobotsOnBlackSite,numberOfRobotsOnWhiteSite
13650,14,25
timeStep,numberOfRobotsOnBlackSite,numberOfRobotsOnWhiteSite
13651,14,25
timeStep,numberOfRobotsOnBlackSite,numberOfRobotsOnWhiteSite
13652,14,25
timeStep,numberOfRobotsOnBlackSite,numberOfRobotsOnWhiteSite
13653,14,25
timeStep,numberOfRobotsOnBlackSite,numberOfRobotsOnWhiteSite
13654,14,25
timeStep,numberOfRobotsOnBlackSite,numberOfRobotsOnWhiteSite
13655,14,25
timeStep,numberOfRobotsOnBlackSite,numberOfRobotsOnWhiteSite
13656,14,25
timeStep,numberOfRobotsOnBlackSite,numberOfRobotsOnWhiteSite
13657,14,25
timeStep,numberOfRobotsOnBlackSite,numberOfRobotsOnWhiteSite
13658,14,25
timeStep,numberOfRobotsOnBlackSite,numberOfRobotsOnWhiteSite
13659,14,25
timeStep,numberOfRobotsOnBlackSite,numberOfRobotsOnWhiteSite
13660,14,25
timeStep,numberOfRobotsOnBlackSite,numberOfRobotsOnWhiteSite
13661,14,25
timeStep,numberOfRobotsOnBlackSite,numberOfRobotsOnWhiteSite
13662,14,25
timeStep,numberOfRobotsOnBlackSite,numberOfRobotsOnWhiteSite
13663,14,25
timeStep,numberOfRobotsOnBlackSite,numberOfRobotsOnWhiteSite
13664,14,25
timeStep,numberOfRobotsOnBlackSite,numberOfRobotsOnWhiteSite
13665,14,25
timeStep,numberOfRobotsOnBlackSite,numberOfRobotsOnWhiteSite
13666,14,25
timeStep,numberOfRobotsOnBlackSite,numberOfRobotsOnWhiteSite
13667,14,25
timeStep,numberOfRobotsOnBlackSite,numberOfRobotsOnWhiteSite
13668,14,25
timeStep,numberOfRobotsOnBlackSite,numberOfRobotsOnWhiteSite
13669,14,25
timeStep,numberOfRobotsOnBlackSite,numberOfRobotsOnWhiteSite
13670,14,25
timeStep,numberOfRobotsOnBlackSite,numberOfRobotsOnWhiteSite
13671,14,25
timeStep,numberOfRobotsOnBlackSite,numberOfRobotsOnWhiteSite
13672,14,25
timeStep,numberOfRobotsOnBlackSite,numberOfRobotsOnWhiteSite
13673,14,25
timeStep,numberOfRobotsOnBlackSite,numberOfRobotsOnWhiteSite
13674,14,25
timeStep,numberOfRobotsOnBlackSite,numberOfRobotsOnWhiteSite
13675,14,25
timeStep,numberOfRobotsOnBlackSite,numberOfRobotsOnWhiteSite
13676,14,25
timeStep,numberOfRobotsOnBlackSite,numberOfRobotsOnWhiteSite
13677,14,25
timeStep,numberOfRobotsOnBlackSite,numberOfRobotsOnWhiteSite
13678,14,25
timeStep,numberOfRobotsOnBlackSite,numberOfRobotsOnWhiteSite
13679,14,25
timeStep,numberOfRobotsOnBlackSite,numberOfRobotsOnWhiteSite
13680,14,25
timeStep,numberOfRobotsOnBlackSite,numberOfRobotsOnWhiteSite
13681,14,25
timeStep,numberOfRobotsOnBlackSite,numberOfRobotsOnWhiteSite
13682,14,25
timeStep,numberOfRobotsOnBlackSite,numberOfRobotsOnWhiteSite
13683,14,25
timeStep,numberOfRobotsOnBlackSite,numberOfRobotsOnWhiteSite
13684,14,25
timeStep,numberOfRobotsOnBlackSite,numberOfRobotsOnWhiteSite
13685,14,25
timeStep,numberOfRobotsOnBlackSite,numberOfRobotsOnWhiteSite
13686,14,25
timeStep,numberOfRobotsOnBlackSite,numberOfRobotsOnWhiteSite
13687,14,25
timeStep,numberOfRobotsOnBlackSite,numberOfRobotsOnWhiteSite
13688,14,25
timeStep,numberOfRobotsOnBlackSite,numberOfRobotsOnWhiteSite
13689,14,25
timeStep,numberOfRobotsOnBlackSite,numberOfRobotsOnWhiteSite
13690,14,26
timeStep,numberOfRobotsOnBlackSite,numberOfRobotsOnWhiteSite
13691,14,26
timeStep,numberOfRobotsOnBlackSite,numberOfRobotsOnWhiteSite
13692,14,26
timeStep,numberOfRobotsOnBlackSite,numberOfRobotsOnWhiteSite
13693,14,26
timeStep,numberOfRobotsOnBlackSite,numberOfRobotsOnWhiteSite
13694,14,26
timeStep,numberOfRobotsOnBlackSite,numberOfRobotsOnWhiteSite
13695,14,26
timeStep,numberOfRobotsOnBlackSite,numberOfRobotsOnWhiteSite
13696,14,26
timeStep,numberOfRobotsOnBlackSite,numberOfRobotsOnWhiteSite
13697,14,26
timeStep,numberOfRobotsOnBlackSite,numberOfRobotsOnWhiteSite
13698,14,26
timeStep,numberOfRobotsOnBlackSite,numberOfRobotsOnWhiteSite
13699,14,26
timeStep,numberOfRobotsOnBlackSite,numberOfRobotsOnWhiteSite
13700,14,26
timeStep,numberOfRobotsOnBlackSite,numberOfRobotsOnWhiteSite
13701,14,26
timeStep,numberOfRobotsOnBlackSite,numberOfRobotsOnWhiteSite
13702,14,26
timeStep,numberOfRobotsOnBlackSite,numberOfRobotsOnWhiteSite
13703,14,26
timeStep,numberOfRobotsOnBlackSite,numberOfRobotsOnWhiteSite
13704,14,26
timeStep,numberOfRobotsOnBlackSite,numberOfRobotsOnWhiteSite
13705,14,27
timeStep,numberOfRobotsOnBlackSite,numberOfRobotsOnWhiteSite
13706,14,27
timeStep,numberOfRobotsOnBlackSite,numberOfRobotsOnWhiteSite
13707,14,27
timeStep,numberOfRobotsOnBlackSite,numberOfRobotsOnWhiteSite
13708,14,27
timeStep,numberOfRobotsOnBlackSite,numberOfRobotsOnWhiteSite
13709,14,27
timeStep,numberOfRobotsOnBlackSite,numberOfRobotsOnWhiteSite
13710,15,27
timeStep,numberOfRobotsOnBlackSite,numberOfRobotsOnWhiteSite
13711,15,27
timeStep,numberOfRobotsOnBlackSite,numberOfRobotsOnWhiteSite
13712,15,27
timeStep,numberOfRobotsOnBlackSite,numberOfRobotsOnWhiteSite
13713,15,27
timeStep,numberOfRobotsOnBlackSite,numberOfRobotsOnWhiteSite
13714,15,27
timeStep,numberOfRobotsOnBlackSite,numberOfRobotsOnWhiteSite
13715,15,27
timeStep,numberOfRobotsOnBlackSite,numberOfRobotsOnWhiteSite
13716,15,27
timeStep,numberOfRobotsOnBlackSite,numberOfRobotsOnWhiteSite
13717,15,27
timeStep,numberOfRobotsOnBlackSite,numberOfRobotsOnWhiteSite
13718,15,27
timeStep,numberOfRobotsOnBlackSite,numberOfRobotsOnWhiteSite
13719,15,27
timeStep,numberOfRobotsOnBlackSite,numberOfRobotsOnWhiteSite
13720,15,27
timeStep,numberOfRobotsOnBlackSite,numberOfRobotsOnWhiteSite
13721,15,27
timeStep,numberOfRobotsOnBlackSite,numberOfRobotsOnWhiteSite
13722,15,27
timeStep,numberOfRobotsOnBlackSite,numberOfRobotsOnWhiteSite
13723,15,27
timeStep,numberOfRobotsOnBlackSite,numberOfRobotsOnWhiteSite
13724,15,27
timeStep,numberOfRobotsOnBlackSite,numberOfRobotsOnWhiteSite
13725,15,27
timeStep,numberOfRobotsOnBlackSite,numberOfRobotsOnWhiteSite
13726,15,27
timeStep,numberOfRobotsOnBlackSite,numberOfRobotsOnWhiteSite
13727,15,27
timeStep,numberOfRobotsOnBlackSite,numberOfRobotsOnWhiteSite
13728,15,27
timeStep,numberOfRobotsOnBlackSite,numberOfRobotsOnWhiteSite
13729,15,27
timeStep,numberOfRobotsOnBlackSite,numberOfRobotsOnWhiteSite
13730,15,27
timeStep,numberOfRobotsOnBlackSite,numberOfRobotsOnWhiteSite
13731,15,27
timeStep,numberOfRobotsOnBlackSite,numberOfRobotsOnWhiteSite
13732,15,27
timeStep,numberOfRobotsOnBlackSite,numberOfRobotsOnWhiteSite
13733,15,27
timeStep,numberOfRobotsOnBlackSite,numberOfRobotsOnWhiteSite
13734,15,27
timeStep,numberOfRobotsOnBlackSite,numberOfRobotsOnWhiteSite
13735,15,27
timeStep,numberOfRobotsOnBlackSite,numberOfRobotsOnWhiteSite
13736,15,27
timeStep,numberOfRobotsOnBlackSite,numberOfRobotsOnWhiteSite
13737,15,27
timeStep,numberOfRobotsOnBlackSite,numberOfRobotsOnWhiteSite
13738,15,27
timeStep,numberOfRobotsOnBlackSite,numberOfRobotsOnWhiteSite
13739,15,27
timeStep,numberOfRobotsOnBlackSite,numberOfRobotsOnWhiteSite
13740,15,27
timeStep,numberOfRobotsOnBlackSite,numberOfRobotsOnWhiteSite
13741,15,27
timeStep,numberOfRobotsOnBlackSite,numberOfRobotsOnWhiteSite
13742,15,27
timeStep,numberOfRobotsOnBlackSite,numberOfRobotsOnWhiteSite
13743,15,27
timeStep,numberOfRobotsOnBlackSite,numberOfRobotsOnWhiteSite
13744,15,27
timeStep,numberOfRobotsOnBlackSite,numberOfRobotsOnWhiteSite
13745,15,27
timeStep,numberOfRobotsOnBlackSite,numberOfRobotsOnWhiteSite
13746,15,27
timeStep,numberOfRobotsOnBlackSite,numberOfRobotsOnWhiteSite
13747,15,27
timeStep,numberOfRobotsOnBlackSite,numberOfRobotsOnWhiteSite
13748,15,27
timeStep,numberOfRobotsOnBlackSite,numberOfRobotsOnWhiteSite
13749,15,27
timeStep,numberOfRobotsOnBlackSite,numberOfRobotsOnWhiteSite
13750,15,27
timeStep,numberOfRobotsOnBlackSite,numberOfRobotsOnWhiteSite
13751,15,27
timeStep,numberOfRobotsOnBlackSite,numberOfRobotsOnWhiteSite
13752,15,27
timeStep,numberOfRobotsOnBlackSite,numberOfRobotsOnWhiteSite
13753,15,27
timeStep,numberOfRobotsOnBlackSite,numberOfRobotsOnWhiteSite
13754,15,27
timeStep,numberOfRobotsOnBlackSite,numberOfRobotsOnWhiteSite
13755,15,27
timeStep,numberOfRobotsOnBlackSite,numberOfRobotsOnWhiteSite
13756,15,27
timeStep,numberOfRobotsOnBlackSite,numberOfRobotsOnWhiteSite
13757,15,27
timeStep,numberOfRobotsOnBlackSite,numberOfRobotsOnWhiteSite
13758,15,27
timeStep,numberOfRobotsOnBlackSite,numberOfRobotsOnWhiteSite
13759,15,27
timeStep,numberOfRobotsOnBlackSite,numberOfRobotsOnWhiteSite
13760,15,27
timeStep,numberOfRobotsOnBlackSite,numberOfRobotsOnWhiteSite
13761,15,27
timeStep,numberOfRobotsOnBlackSite,numberOfRobotsOnWhiteSite
13762,15,27
timeStep,numberOfRobotsOnBlackSite,numberOfRobotsOnWhiteSite
13763,15,27
timeStep,numberOfRobotsOnBlackSite,numberOfRobotsOnWhiteSite
13764,15,27
timeStep,numberOfRobotsOnBlackSite,numberOfRobotsOnWhiteSite
13765,15,27
timeStep,numberOfRobotsOnBlackSite,numberOfRobotsOnWhiteSite
13766,15,27
timeStep,numberOfRobotsOnBlackSite,numberOfRobotsOnWhiteSite
13767,15,27
timeStep,numberOfRobotsOnBlackSite,numberOfRobotsOnWhiteSite
13768,15,27
timeStep,numberOfRobotsOnBlackSite,numberOfRobotsOnWhiteSite
13769,15,27
timeStep,numberOfRobotsOnBlackSite,numberOfRobotsOnWhiteSite
13770,15,27
timeStep,numberOfRobotsOnBlackSite,numberOfRobotsOnWhiteSite
13771,15,27
timeStep,numberOfRobotsOnBlackSite,numberOfRobotsOnWhiteSite
13772,15,27
timeStep,numberOfRobotsOnBlackSite,numberOfRobotsOnWhiteSite
13773,15,27
timeStep,numberOfRobotsOnBlackSite,numberOfRobotsOnWhiteSite
13774,15,27
timeStep,numberOfRobotsOnBlackSite,numberOfRobotsOnWhiteSite
13775,15,27
timeStep,numberOfRobotsOnBlackSite,numberOfRobotsOnWhiteSite
13776,15,27
timeStep,numberOfRobotsOnBlackSite,numberOfRobotsOnWhiteSite
13777,15,27
timeStep,numberOfRobotsOnBlackSite,numberOfRobotsOnWhiteSite
13778,15,27
timeStep,numberOfRobotsOnBlackSite,numberOfRobotsOnWhiteSite
13779,15,27
timeStep,numberOfRobotsOnBlackSite,numberOfRobotsOnWhiteSite
13780,15,27
timeStep,numberOfRobotsOnBlackSite,numberOfRobotsOnWhiteSite
13781,15,27
timeStep,numberOfRobotsOnBlackSite,numberOfRobotsOnWhiteSite
13782,15,27
timeStep,numberOfRobotsOnBlackSite,numberOfRobotsOnWhiteSite
13783,15,27
timeStep,numberOfRobotsOnBlackSite,numberOfRobotsOnWhiteSite
13784,15,27
timeStep,numberOfRobotsOnBlackSite,numberOfRobotsOnWhiteSite
13785,15,26
timeStep,numberOfRobotsOnBlackSite,numberOfRobotsOnWhiteSite
13786,15,26
timeStep,numberOfRobotsOnBlackSite,numberOfRobotsOnWhiteSite
13787,15,26
timeStep,numberOfRobotsOnBlackSite,numberOfRobotsOnWhiteSite
13788,15,26
timeStep,numberOfRobotsOnBlackSite,numberOfRobotsOnWhiteSite
13789,15,26
timeStep,numberOfRobotsOnBlackSite,numberOfRobotsOnWhiteSite
13790,15,26
timeStep,numberOfRobotsOnBlackSite,numberOfRobotsOnWhiteSite
13791,15,26
timeStep,numberOfRobotsOnBlackSite,numberOfRobotsOnWhiteSite
13792,15,26
timeStep,numberOfRobotsOnBlackSite,numberOfRobotsOnWhiteSite
13793,15,26
timeStep,numberOfRobotsOnBlackSite,numberOfRobotsOnWhiteSite
13794,15,26
timeStep,numberOfRobotsOnBlackSite,numberOfRobotsOnWhiteSite
13795,15,26
timeStep,numberOfRobotsOnBlackSite,numberOfRobotsOnWhiteSite
13796,15,26
timeStep,numberOfRobotsOnBlackSite,numberOfRobotsOnWhiteSite
13797,15,26
timeStep,numberOfRobotsOnBlackSite,numberOfRobotsOnWhiteSite
13798,15,26
timeStep,numberOfRobotsOnBlackSite,numberOfRobotsOnWhiteSite
13799,15,26
timeStep,numberOfRobotsOnBlackSite,numberOfRobotsOnWhiteSite
13800,15,26
timeStep,numberOfRobotsOnBlackSite,numberOfRobotsOnWhiteSite
13801,15,26
timeStep,numberOfRobotsOnBlackSite,numberOfRobotsOnWhiteSite
13802,15,26
timeStep,numberOfRobotsOnBlackSite,numberOfRobotsOnWhiteSite
13803,15,26
timeStep,numberOfRobotsOnBlackSite,numberOfRobotsOnWhiteSite
13804,15,26
timeStep,numberOfRobotsOnBlackSite,numberOfRobotsOnWhiteSite
13805,15,26
timeStep,numberOfRobotsOnBlackSite,numberOfRobotsOnWhiteSite
13806,15,26
timeStep,numberOfRobotsOnBlackSite,numberOfRobotsOnWhiteSite
13807,15,26
timeStep,numberOfRobotsOnBlackSite,numberOfRobotsOnWhiteSite
13808,15,26
timeStep,numberOfRobotsOnBlackSite,numberOfRobotsOnWhiteSite
13809,15,26
timeStep,numberOfRobotsOnBlackSite,numberOfRobotsOnWhiteSite
13810,15,26
timeStep,numberOfRobotsOnBlackSite,numberOfRobotsOnWhiteSite
13811,15,26
timeStep,numberOfRobotsOnBlackSite,numberOfRobotsOnWhiteSite
13812,15,26
timeStep,numberOfRobotsOnBlackSite,numberOfRobotsOnWhiteSite
13813,15,26
timeStep,numberOfRobotsOnBlackSite,numberOfRobotsOnWhiteSite
13814,15,26
timeStep,numberOfRobotsOnBlackSite,numberOfRobotsOnWhiteSite
13815,15,26
timeStep,numberOfRobotsOnBlackSite,numberOfRobotsOnWhiteSite
13816,15,26
timeStep,numberOfRobotsOnBlackSite,numberOfRobotsOnWhiteSite
13817,15,26
timeStep,numberOfRobotsOnBlackSite,numberOfRobotsOnWhiteSite
13818,15,26
timeStep,numberOfRobotsOnBlackSite,numberOfRobotsOnWhiteSite
13819,15,26
timeStep,numberOfRobotsOnBlackSite,numberOfRobotsOnWhiteSite
13820,15,26
timeStep,numberOfRobotsOnBlackSite,numberOfRobotsOnWhiteSite
13821,15,26
timeStep,numberOfRobotsOnBlackSite,numberOfRobotsOnWhiteSite
13822,15,26
timeStep,numberOfRobotsOnBlackSite,numberOfRobotsOnWhiteSite
13823,15,26
timeStep,numberOfRobotsOnBlackSite,numberOfRobotsOnWhiteSite
13824,15,26
timeStep,numberOfRobotsOnBlackSite,numberOfRobotsOnWhiteSite
13825,15,26
timeStep,numberOfRobotsOnBlackSite,numberOfRobotsOnWhiteSite
13826,15,26
timeStep,numberOfRobotsOnBlackSite,numberOfRobotsOnWhiteSite
13827,15,26
timeStep,numberOfRobotsOnBlackSite,numberOfRobotsOnWhiteSite
13828,15,26
timeStep,numberOfRobotsOnBlackSite,numberOfRobotsOnWhiteSite
13829,15,26
timeStep,numberOfRobotsOnBlackSite,numberOfRobotsOnWhiteSite
13830,15,26
timeStep,numberOfRobotsOnBlackSite,numberOfRobotsOnWhiteSite
13831,15,26
timeStep,numberOfRobotsOnBlackSite,numberOfRobotsOnWhiteSite
13832,15,26
timeStep,numberOfRobotsOnBlackSite,numberOfRobotsOnWhiteSite
13833,15,26
timeStep,numberOfRobotsOnBlackSite,numberOfRobotsOnWhiteSite
13834,15,26
timeStep,numberOfRobotsOnBlackSite,numberOfRobotsOnWhiteSite
13835,15,26
timeStep,numberOfRobotsOnBlackSite,numberOfRobotsOnWhiteSite
13836,15,26
timeStep,numberOfRobotsOnBlackSite,numberOfRobotsOnWhiteSite
13837,15,26
timeStep,numberOfRobotsOnBlackSite,numberOfRobotsOnWhiteSite
13838,15,26
timeStep,numberOfRobotsOnBlackSite,numberOfRobotsOnWhiteSite
13839,15,26
timeStep,numberOfRobotsOnBlackSite,numberOfRobotsOnWhiteSite
13840,15,26
timeStep,numberOfRobotsOnBlackSite,numberOfRobotsOnWhiteSite
13841,15,26
timeStep,numberOfRobotsOnBlackSite,numberOfRobotsOnWhiteSite
13842,15,26
timeStep,numberOfRobotsOnBlackSite,numberOfRobotsOnWhiteSite
13843,15,26
timeStep,numberOfRobotsOnBlackSite,numberOfRobotsOnWhiteSite
13844,15,26
timeStep,numberOfRobotsOnBlackSite,numberOfRobotsOnWhiteSite
13845,15,26
timeStep,numberOfRobotsOnBlackSite,numberOfRobotsOnWhiteSite
13846,15,26
timeStep,numberOfRobotsOnBlackSite,numberOfRobotsOnWhiteSite
13847,15,26
timeStep,numberOfRobotsOnBlackSite,numberOfRobotsOnWhiteSite
13848,15,26
timeStep,numberOfRobotsOnBlackSite,numberOfRobotsOnWhiteSite
13849,15,26
timeStep,numberOfRobotsOnBlackSite,numberOfRobotsOnWhiteSite
13850,15,26
timeStep,numberOfRobotsOnBlackSite,numberOfRobotsOnWhiteSite
13851,15,26
timeStep,numberOfRobotsOnBlackSite,numberOfRobotsOnWhiteSite
13852,15,26
timeStep,numberOfRobotsOnBlackSite,numberOfRobotsOnWhiteSite
13853,15,26
timeStep,numberOfRobotsOnBlackSite,numberOfRobotsOnWhiteSite
13854,15,26
timeStep,numberOfRobotsOnBlackSite,numberOfRobotsOnWhiteSite
13855,15,26
timeStep,numberOfRobotsOnBlackSite,numberOfRobotsOnWhiteSite
13856,15,26
timeStep,numberOfRobotsOnBlackSite,numberOfRobotsOnWhiteSite
13857,15,26
timeStep,numberOfRobotsOnBlackSite,numberOfRobotsOnWhiteSite
13858,15,26
timeStep,numberOfRobotsOnBlackSite,numberOfRobotsOnWhiteSite
13859,15,26
timeStep,numberOfRobotsOnBlackSite,numberOfRobotsOnWhiteSite
13860,15,26
timeStep,numberOfRobotsOnBlackSite,numberOfRobotsOnWhiteSite
13861,15,26
timeStep,numberOfRobotsOnBlackSite,numberOfRobotsOnWhiteSite
13862,15,26
timeStep,numberOfRobotsOnBlackSite,numberOfRobotsOnWhiteSite
13863,15,26
timeStep,numberOfRobotsOnBlackSite,numberOfRobotsOnWhiteSite
13864,15,26
timeStep,numberOfRobotsOnBlackSite,numberOfRobotsOnWhiteSite
13865,15,26
timeStep,numberOfRobotsOnBlackSite,numberOfRobotsOnWhiteSite
13866,15,26
timeStep,numberOfRobotsOnBlackSite,numberOfRobotsOnWhiteSite
13867,15,26
timeStep,numberOfRobotsOnBlackSite,numberOfRobotsOnWhiteSite
13868,15,26
timeStep,numberOfRobotsOnBlackSite,numberOfRobotsOnWhiteSite
13869,15,26
timeStep,numberOfRobotsOnBlackSite,numberOfRobotsOnWhiteSite
13870,15,26
timeStep,numberOfRobotsOnBlackSite,numberOfRobotsOnWhiteSite
13871,15,26
timeStep,numberOfRobotsOnBlackSite,numberOfRobotsOnWhiteSite
13872,15,26
timeStep,numberOfRobotsOnBlackSite,numberOfRobotsOnWhiteSite
13873,15,26
timeStep,numberOfRobotsOnBlackSite,numberOfRobotsOnWhiteSite
13874,15,26
timeStep,numberOfRobotsOnBlackSite,numberOfRobotsOnWhiteSite
13875,15,26
timeStep,numberOfRobotsOnBlackSite,numberOfRobotsOnWhiteSite
13876,15,26
timeStep,numberOfRobotsOnBlackSite,numberOfRobotsOnWhiteSite
13877,15,26
timeStep,numberOfRobotsOnBlackSite,numberOfRobotsOnWhiteSite
13878,15,26
timeStep,numberOfRobotsOnBlackSite,numberOfRobotsOnWhiteSite
13879,15,26
timeStep,numberOfRobotsOnBlackSite,numberOfRobotsOnWhiteSite
13880,15,26
timeStep,numberOfRobotsOnBlackSite,numberOfRobotsOnWhiteSite
13881,15,26
timeStep,numberOfRobotsOnBlackSite,numberOfRobotsOnWhiteSite
13882,15,26
timeStep,numberOfRobotsOnBlackSite,numberOfRobotsOnWhiteSite
13883,15,26
timeStep,numberOfRobotsOnBlackSite,numberOfRobotsOnWhiteSite
13884,15,26
timeStep,numberOfRobotsOnBlackSite,numberOfRobotsOnWhiteSite
13885,15,26
timeStep,numberOfRobotsOnBlackSite,numberOfRobotsOnWhiteSite
13886,15,26
timeStep,numberOfRobotsOnBlackSite,numberOfRobotsOnWhiteSite
13887,15,26
timeStep,numberOfRobotsOnBlackSite,numberOfRobotsOnWhiteSite
13888,15,26
timeStep,numberOfRobotsOnBlackSite,numberOfRobotsOnWhiteSite
13889,15,26
timeStep,numberOfRobotsOnBlackSite,numberOfRobotsOnWhiteSite
13890,15,26
timeStep,numberOfRobotsOnBlackSite,numberOfRobotsOnWhiteSite
13891,15,26
timeStep,numberOfRobotsOnBlackSite,numberOfRobotsOnWhiteSite
13892,15,26
timeStep,numberOfRobotsOnBlackSite,numberOfRobotsOnWhiteSite
13893,15,26
timeStep,numberOfRobotsOnBlackSite,numberOfRobotsOnWhiteSite
13894,15,26
timeStep,numberOfRobotsOnBlackSite,numberOfRobotsOnWhiteSite
13895,15,26
timeStep,numberOfRobotsOnBlackSite,numberOfRobotsOnWhiteSite
13896,15,26
timeStep,numberOfRobotsOnBlackSite,numberOfRobotsOnWhiteSite
13897,15,26
timeStep,numberOfRobotsOnBlackSite,numberOfRobotsOnWhiteSite
13898,15,26
timeStep,numberOfRobotsOnBlackSite,numberOfRobotsOnWhiteSite
13899,15,26
timeStep,numberOfRobotsOnBlackSite,numberOfRobotsOnWhiteSite
13900,15,26
timeStep,numberOfRobotsOnBlackSite,numberOfRobotsOnWhiteSite
13901,15,26
timeStep,numberOfRobotsOnBlackSite,numberOfRobotsOnWhiteSite
13902,15,26
timeStep,numberOfRobotsOnBlackSite,numberOfRobotsOnWhiteSite
13903,15,26
timeStep,numberOfRobotsOnBlackSite,numberOfRobotsOnWhiteSite
13904,15,26
timeStep,numberOfRobotsOnBlackSite,numberOfRobotsOnWhiteSite
13905,15,26
timeStep,numberOfRobotsOnBlackSite,numberOfRobotsOnWhiteSite
13906,15,26
timeStep,numberOfRobotsOnBlackSite,numberOfRobotsOnWhiteSite
13907,15,26
timeStep,numberOfRobotsOnBlackSite,numberOfRobotsOnWhiteSite
13908,15,26
timeStep,numberOfRobotsOnBlackSite,numberOfRobotsOnWhiteSite
13909,15,26
timeStep,numberOfRobotsOnBlackSite,numberOfRobotsOnWhiteSite
13910,15,26
timeStep,numberOfRobotsOnBlackSite,numberOfRobotsOnWhiteSite
13911,15,26
timeStep,numberOfRobotsOnBlackSite,numberOfRobotsOnWhiteSite
13912,15,26
timeStep,numberOfRobotsOnBlackSite,numberOfRobotsOnWhiteSite
13913,15,26
timeStep,numberOfRobotsOnBlackSite,numberOfRobotsOnWhiteSite
13914,15,26
timeStep,numberOfRobotsOnBlackSite,numberOfRobotsOnWhiteSite
13915,15,26
timeStep,numberOfRobotsOnBlackSite,numberOfRobotsOnWhiteSite
13916,15,26
timeStep,numberOfRobotsOnBlackSite,numberOfRobotsOnWhiteSite
13917,15,26
timeStep,numberOfRobotsOnBlackSite,numberOfRobotsOnWhiteSite
13918,15,26
timeStep,numberOfRobotsOnBlackSite,numberOfRobotsOnWhiteSite
13919,15,26
timeStep,numberOfRobotsOnBlackSite,numberOfRobotsOnWhiteSite
13920,15,26
timeStep,numberOfRobotsOnBlackSite,numberOfRobotsOnWhiteSite
13921,15,26
timeStep,numberOfRobotsOnBlackSite,numberOfRobotsOnWhiteSite
13922,15,26
timeStep,numberOfRobotsOnBlackSite,numberOfRobotsOnWhiteSite
13923,15,26
timeStep,numberOfRobotsOnBlackSite,numberOfRobotsOnWhiteSite
13924,15,26
timeStep,numberOfRobotsOnBlackSite,numberOfRobotsOnWhiteSite
13925,15,26
timeStep,numberOfRobotsOnBlackSite,numberOfRobotsOnWhiteSite
13926,15,26
timeStep,numberOfRobotsOnBlackSite,numberOfRobotsOnWhiteSite
13927,15,26
timeStep,numberOfRobotsOnBlackSite,numberOfRobotsOnWhiteSite
13928,15,26
timeStep,numberOfRobotsOnBlackSite,numberOfRobotsOnWhiteSite
13929,15,26
timeStep,numberOfRobotsOnBlackSite,numberOfRobotsOnWhiteSite
13930,15,26
timeStep,numberOfRobotsOnBlackSite,numberOfRobotsOnWhiteSite
13931,15,26
timeStep,numberOfRobotsOnBlackSite,numberOfRobotsOnWhiteSite
13932,15,26
timeStep,numberOfRobotsOnBlackSite,numberOfRobotsOnWhiteSite
13933,15,26
timeStep,numberOfRobotsOnBlackSite,numberOfRobotsOnWhiteSite
13934,15,26
timeStep,numberOfRobotsOnBlackSite,numberOfRobotsOnWhiteSite
13935,14,26
timeStep,numberOfRobotsOnBlackSite,numberOfRobotsOnWhiteSite
13936,14,26
timeStep,numberOfRobotsOnBlackSite,numberOfRobotsOnWhiteSite
13937,14,26
timeStep,numberOfRobotsOnBlackSite,numberOfRobotsOnWhiteSite
13938,14,26
timeStep,numberOfRobotsOnBlackSite,numberOfRobotsOnWhiteSite
13939,14,26
timeStep,numberOfRobotsOnBlackSite,numberOfRobotsOnWhiteSite
13940,14,26
timeStep,numberOfRobotsOnBlackSite,numberOfRobotsOnWhiteSite
13941,14,26
timeStep,numberOfRobotsOnBlackSite,numberOfRobotsOnWhiteSite
13942,14,26
timeStep,numberOfRobotsOnBlackSite,numberOfRobotsOnWhiteSite
13943,14,26
timeStep,numberOfRobotsOnBlackSite,numberOfRobotsOnWhiteSite
13944,14,26
timeStep,numberOfRobotsOnBlackSite,numberOfRobotsOnWhiteSite
13945,14,26
timeStep,numberOfRobotsOnBlackSite,numberOfRobotsOnWhiteSite
13946,14,26
timeStep,numberOfRobotsOnBlackSite,numberOfRobotsOnWhiteSite
13947,14,26
timeStep,numberOfRobotsOnBlackSite,numberOfRobotsOnWhiteSite
13948,14,26
timeStep,numberOfRobotsOnBlackSite,numberOfRobotsOnWhiteSite
13949,14,26
timeStep,numberOfRobotsOnBlackSite,numberOfRobotsOnWhiteSite
13950,14,26
timeStep,numberOfRobotsOnBlackSite,numberOfRobotsOnWhiteSite
13951,14,26
timeStep,numberOfRobotsOnBlackSite,numberOfRobotsOnWhiteSite
13952,14,26
timeStep,numberOfRobotsOnBlackSite,numberOfRobotsOnWhiteSite
13953,14,26
timeStep,numberOfRobotsOnBlackSite,numberOfRobotsOnWhiteSite
13954,14,26
timeStep,numberOfRobotsOnBlackSite,numberOfRobotsOnWhiteSite
13955,14,26
timeStep,numberOfRobotsOnBlackSite,numberOfRobotsOnWhiteSite
13956,14,26
timeStep,numberOfRobotsOnBlackSite,numberOfRobotsOnWhiteSite
13957,14,26
timeStep,numberOfRobotsOnBlackSite,numberOfRobotsOnWhiteSite
13958,14,26
timeStep,numberOfRobotsOnBlackSite,numberOfRobotsOnWhiteSite
13959,14,26
timeStep,numberOfRobotsOnBlackSite,numberOfRobotsOnWhiteSite
13960,14,26
timeStep,numberOfRobotsOnBlackSite,numberOfRobotsOnWhiteSite
13961,14,26
timeStep,numberOfRobotsOnBlackSite,numberOfRobotsOnWhiteSite
13962,14,26
timeStep,numberOfRobotsOnBlackSite,numberOfRobotsOnWhiteSite
13963,14,26
timeStep,numberOfRobotsOnBlackSite,numberOfRobotsOnWhiteSite
13964,14,26
timeStep,numberOfRobotsOnBlackSite,numberOfRobotsOnWhiteSite
13965,14,26
timeStep,numberOfRobotsOnBlackSite,numberOfRobotsOnWhiteSite
13966,14,26
timeStep,numberOfRobotsOnBlackSite,numberOfRobotsOnWhiteSite
13967,14,26
timeStep,numberOfRobotsOnBlackSite,numberOfRobotsOnWhiteSite
13968,14,26
timeStep,numberOfRobotsOnBlackSite,numberOfRobotsOnWhiteSite
13969,14,26
timeStep,numberOfRobotsOnBlackSite,numberOfRobotsOnWhiteSite
13970,14,27
timeStep,numberOfRobotsOnBlackSite,numberOfRobotsOnWhiteSite
13971,14,27
timeStep,numberOfRobotsOnBlackSite,numberOfRobotsOnWhiteSite
13972,14,27
timeStep,numberOfRobotsOnBlackSite,numberOfRobotsOnWhiteSite
13973,14,27
timeStep,numberOfRobotsOnBlackSite,numberOfRobotsOnWhiteSite
13974,14,27
timeStep,numberOfRobotsOnBlackSite,numberOfRobotsOnWhiteSite
13975,14,27
timeStep,numberOfRobotsOnBlackSite,numberOfRobotsOnWhiteSite
13976,14,27
timeStep,numberOfRobotsOnBlackSite,numberOfRobotsOnWhiteSite
13977,14,27
timeStep,numberOfRobotsOnBlackSite,numberOfRobotsOnWhiteSite
13978,14,27
timeStep,numberOfRobotsOnBlackSite,numberOfRobotsOnWhiteSite
13979,14,27
timeStep,numberOfRobotsOnBlackSite,numberOfRobotsOnWhiteSite
13980,14,27
timeStep,numberOfRobotsOnBlackSite,numberOfRobotsOnWhiteSite
13981,14,27
timeStep,numberOfRobotsOnBlackSite,numberOfRobotsOnWhiteSite
13982,14,27
timeStep,numberOfRobotsOnBlackSite,numberOfRobotsOnWhiteSite
13983,14,27
timeStep,numberOfRobotsOnBlackSite,numberOfRobotsOnWhiteSite
13984,14,27
timeStep,numberOfRobotsOnBlackSite,numberOfRobotsOnWhiteSite
13985,14,27
timeStep,numberOfRobotsOnBlackSite,numberOfRobotsOnWhiteSite
13986,14,27
timeStep,numberOfRobotsOnBlackSite,numberOfRobotsOnWhiteSite
13987,14,27
timeStep,numberOfRobotsOnBlackSite,numberOfRobotsOnWhiteSite
13988,14,27
timeStep,numberOfRobotsOnBlackSite,numberOfRobotsOnWhiteSite
13989,14,27
timeStep,numberOfRobotsOnBlackSite,numberOfRobotsOnWhiteSite
13990,14,27
timeStep,numberOfRobotsOnBlackSite,numberOfRobotsOnWhiteSite
13991,14,27
timeStep,numberOfRobotsOnBlackSite,numberOfRobotsOnWhiteSite
13992,14,27
timeStep,numberOfRobotsOnBlackSite,numberOfRobotsOnWhiteSite
13993,14,27
timeStep,numberOfRobotsOnBlackSite,numberOfRobotsOnWhiteSite
13994,14,27
timeStep,numberOfRobotsOnBlackSite,numberOfRobotsOnWhiteSite
13995,14,26
timeStep,numberOfRobotsOnBlackSite,numberOfRobotsOnWhiteSite
13996,14,26
timeStep,numberOfRobotsOnBlackSite,numberOfRobotsOnWhiteSite
13997,14,26
timeStep,numberOfRobotsOnBlackSite,numberOfRobotsOnWhiteSite
13998,14,26
timeStep,numberOfRobotsOnBlackSite,numberOfRobotsOnWhiteSite
13999,14,26
timeStep,numberOfRobotsOnBlackSite,numberOfRobotsOnWhiteSite
14000,14,26
timeStep,numberOfRobotsOnBlackSite,numberOfRobotsOnWhiteSite
14001,14,26
timeStep,numberOfRobotsOnBlackSite,numberOfRobotsOnWhiteSite
14002,14,26
timeStep,numberOfRobotsOnBlackSite,numberOfRobotsOnWhiteSite
14003,14,26
timeStep,numberOfRobotsOnBlackSite,numberOfRobotsOnWhiteSite
14004,14,26
timeStep,numberOfRobotsOnBlackSite,numberOfRobotsOnWhiteSite
14005,14,26
timeStep,numberOfRobotsOnBlackSite,numberOfRobotsOnWhiteSite
14006,14,26
timeStep,numberOfRobotsOnBlackSite,numberOfRobotsOnWhiteSite
14007,14,26
timeStep,numberOfRobotsOnBlackSite,numberOfRobotsOnWhiteSite
14008,14,26
timeStep,numberOfRobotsOnBlackSite,numberOfRobotsOnWhiteSite
14009,14,26
timeStep,numberOfRobotsOnBlackSite,numberOfRobotsOnWhiteSite
14010,14,26
timeStep,numberOfRobotsOnBlackSite,numberOfRobotsOnWhiteSite
14011,14,26
timeStep,numberOfRobotsOnBlackSite,numberOfRobotsOnWhiteSite
14012,14,26
timeStep,numberOfRobotsOnBlackSite,numberOfRobotsOnWhiteSite
14013,14,26
timeStep,numberOfRobotsOnBlackSite,numberOfRobotsOnWhiteSite
14014,14,26
timeStep,numberOfRobotsOnBlackSite,numberOfRobotsOnWhiteSite
14015,14,26
timeStep,numberOfRobotsOnBlackSite,numberOfRobotsOnWhiteSite
14016,14,26
timeStep,numberOfRobotsOnBlackSite,numberOfRobotsOnWhiteSite
14017,14,26
timeStep,numberOfRobotsOnBlackSite,numberOfRobotsOnWhiteSite
14018,14,26
timeStep,numberOfRobotsOnBlackSite,numberOfRobotsOnWhiteSite
14019,14,26
timeStep,numberOfRobotsOnBlackSite,numberOfRobotsOnWhiteSite
14020,14,26
timeStep,numberOfRobotsOnBlackSite,numberOfRobotsOnWhiteSite
14021,14,26
timeStep,numberOfRobotsOnBlackSite,numberOfRobotsOnWhiteSite
14022,14,26
timeStep,numberOfRobotsOnBlackSite,numberOfRobotsOnWhiteSite
14023,14,26
timeStep,numberOfRobotsOnBlackSite,numberOfRobotsOnWhiteSite
14024,14,26
timeStep,numberOfRobotsOnBlackSite,numberOfRobotsOnWhiteSite
14025,14,26
timeStep,numberOfRobotsOnBlackSite,numberOfRobotsOnWhiteSite
14026,14,26
timeStep,numberOfRobotsOnBlackSite,numberOfRobotsOnWhiteSite
14027,14,26
timeStep,numberOfRobotsOnBlackSite,numberOfRobotsOnWhiteSite
14028,14,26
timeStep,numberOfRobotsOnBlackSite,numberOfRobotsOnWhiteSite
14029,14,26
timeStep,numberOfRobotsOnBlackSite,numberOfRobotsOnWhiteSite
14030,13,26
timeStep,numberOfRobotsOnBlackSite,numberOfRobotsOnWhiteSite
14031,13,26
timeStep,numberOfRobotsOnBlackSite,numberOfRobotsOnWhiteSite
14032,13,26
timeStep,numberOfRobotsOnBlackSite,numberOfRobotsOnWhiteSite
14033,13,26
timeStep,numberOfRobotsOnBlackSite,numberOfRobotsOnWhiteSite
14034,13,26
timeStep,numberOfRobotsOnBlackSite,numberOfRobotsOnWhiteSite
14035,13,26
timeStep,numberOfRobotsOnBlackSite,numberOfRobotsOnWhiteSite
14036,13,26
timeStep,numberOfRobotsOnBlackSite,numberOfRobotsOnWhiteSite
14037,13,26
timeStep,numberOfRobotsOnBlackSite,numberOfRobotsOnWhiteSite
14038,13,26
timeStep,numberOfRobotsOnBlackSite,numberOfRobotsOnWhiteSite
14039,13,26
timeStep,numberOfRobotsOnBlackSite,numberOfRobotsOnWhiteSite
14040,13,27
timeStep,numberOfRobotsOnBlackSite,numberOfRobotsOnWhiteSite
14041,13,27
timeStep,numberOfRobotsOnBlackSite,numberOfRobotsOnWhiteSite
14042,13,27
timeStep,numberOfRobotsOnBlackSite,numberOfRobotsOnWhiteSite
14043,13,27
timeStep,numberOfRobotsOnBlackSite,numberOfRobotsOnWhiteSite
14044,13,27
timeStep,numberOfRobotsOnBlackSite,numberOfRobotsOnWhiteSite
14045,13,27
timeStep,numberOfRobotsOnBlackSite,numberOfRobotsOnWhiteSite
14046,13,27
timeStep,numberOfRobotsOnBlackSite,numberOfRobotsOnWhiteSite
14047,13,27
timeStep,numberOfRobotsOnBlackSite,numberOfRobotsOnWhiteSite
14048,13,27
timeStep,numberOfRobotsOnBlackSite,numberOfRobotsOnWhiteSite
14049,13,27
timeStep,numberOfRobotsOnBlackSite,numberOfRobotsOnWhiteSite
14050,13,27
timeStep,numberOfRobotsOnBlackSite,numberOfRobotsOnWhiteSite
14051,13,27
timeStep,numberOfRobotsOnBlackSite,numberOfRobotsOnWhiteSite
14052,13,27
timeStep,numberOfRobotsOnBlackSite,numberOfRobotsOnWhiteSite
14053,13,27
timeStep,numberOfRobotsOnBlackSite,numberOfRobotsOnWhiteSite
14054,13,27
timeStep,numberOfRobotsOnBlackSite,numberOfRobotsOnWhiteSite
14055,13,27
timeStep,numberOfRobotsOnBlackSite,numberOfRobotsOnWhiteSite
14056,13,27
timeStep,numberOfRobotsOnBlackSite,numberOfRobotsOnWhiteSite
14057,13,27
timeStep,numberOfRobotsOnBlackSite,numberOfRobotsOnWhiteSite
14058,13,27
timeStep,numberOfRobotsOnBlackSite,numberOfRobotsOnWhiteSite
14059,13,27
timeStep,numberOfRobotsOnBlackSite,numberOfRobotsOnWhiteSite
14060,13,27
timeStep,numberOfRobotsOnBlackSite,numberOfRobotsOnWhiteSite
14061,13,27
timeStep,numberOfRobotsOnBlackSite,numberOfRobotsOnWhiteSite
14062,13,27
timeStep,numberOfRobotsOnBlackSite,numberOfRobotsOnWhiteSite
14063,13,27
timeStep,numberOfRobotsOnBlackSite,numberOfRobotsOnWhiteSite
14064,13,27
timeStep,numberOfRobotsOnBlackSite,numberOfRobotsOnWhiteSite
14065,13,27
timeStep,numberOfRobotsOnBlackSite,numberOfRobotsOnWhiteSite
14066,13,27
timeStep,numberOfRobotsOnBlackSite,numberOfRobotsOnWhiteSite
14067,13,27
timeStep,numberOfRobotsOnBlackSite,numberOfRobotsOnWhiteSite
14068,13,27
timeStep,numberOfRobotsOnBlackSite,numberOfRobotsOnWhiteSite
14069,13,27
timeStep,numberOfRobotsOnBlackSite,numberOfRobotsOnWhiteSite
14070,13,27
timeStep,numberOfRobotsOnBlackSite,numberOfRobotsOnWhiteSite
14071,13,27
timeStep,numberOfRobotsOnBlackSite,numberOfRobotsOnWhiteSite
14072,13,27
timeStep,numberOfRobotsOnBlackSite,numberOfRobotsOnWhiteSite
14073,13,27
timeStep,numberOfRobotsOnBlackSite,numberOfRobotsOnWhiteSite
14074,13,27
timeStep,numberOfRobotsOnBlackSite,numberOfRobotsOnWhiteSite
14075,13,27
timeStep,numberOfRobotsOnBlackSite,numberOfRobotsOnWhiteSite
14076,13,27
timeStep,numberOfRobotsOnBlackSite,numberOfRobotsOnWhiteSite
14077,13,27
timeStep,numberOfRobotsOnBlackSite,numberOfRobotsOnWhiteSite
14078,13,27
timeStep,numberOfRobotsOnBlackSite,numberOfRobotsOnWhiteSite
14079,13,27
timeStep,numberOfRobotsOnBlackSite,numberOfRobotsOnWhiteSite
14080,13,27
timeStep,numberOfRobotsOnBlackSite,numberOfRobotsOnWhiteSite
14081,13,27
timeStep,numberOfRobotsOnBlackSite,numberOfRobotsOnWhiteSite
14082,13,27
timeStep,numberOfRobotsOnBlackSite,numberOfRobotsOnWhiteSite
14083,13,27
timeStep,numberOfRobotsOnBlackSite,numberOfRobotsOnWhiteSite
14084,13,27
timeStep,numberOfRobotsOnBlackSite,numberOfRobotsOnWhiteSite
14085,13,27
timeStep,numberOfRobotsOnBlackSite,numberOfRobotsOnWhiteSite
14086,13,27
timeStep,numberOfRobotsOnBlackSite,numberOfRobotsOnWhiteSite
14087,13,27
timeStep,numberOfRobotsOnBlackSite,numberOfRobotsOnWhiteSite
14088,13,27
timeStep,numberOfRobotsOnBlackSite,numberOfRobotsOnWhiteSite
14089,13,27
timeStep,numberOfRobotsOnBlackSite,numberOfRobotsOnWhiteSite
14090,13,27
timeStep,numberOfRobotsOnBlackSite,numberOfRobotsOnWhiteSite
14091,13,27
timeStep,numberOfRobotsOnBlackSite,numberOfRobotsOnWhiteSite
14092,13,27
timeStep,numberOfRobotsOnBlackSite,numberOfRobotsOnWhiteSite
14093,13,27
timeStep,numberOfRobotsOnBlackSite,numberOfRobotsOnWhiteSite
14094,13,27
timeStep,numberOfRobotsOnBlackSite,numberOfRobotsOnWhiteSite
14095,13,27
timeStep,numberOfRobotsOnBlackSite,numberOfRobotsOnWhiteSite
14096,13,27
timeStep,numberOfRobotsOnBlackSite,numberOfRobotsOnWhiteSite
14097,13,27
timeStep,numberOfRobotsOnBlackSite,numberOfRobotsOnWhiteSite
14098,13,27
timeStep,numberOfRobotsOnBlackSite,numberOfRobotsOnWhiteSite
14099,13,27
timeStep,numberOfRobotsOnBlackSite,numberOfRobotsOnWhiteSite
14100,13,27
timeStep,numberOfRobotsOnBlackSite,numberOfRobotsOnWhiteSite
14101,13,27
timeStep,numberOfRobotsOnBlackSite,numberOfRobotsOnWhiteSite
14102,13,27
timeStep,numberOfRobotsOnBlackSite,numberOfRobotsOnWhiteSite
14103,13,27
timeStep,numberOfRobotsOnBlackSite,numberOfRobotsOnWhiteSite
14104,13,27
timeStep,numberOfRobotsOnBlackSite,numberOfRobotsOnWhiteSite
14105,13,27
timeStep,numberOfRobotsOnBlackSite,numberOfRobotsOnWhiteSite
14106,13,27
timeStep,numberOfRobotsOnBlackSite,numberOfRobotsOnWhiteSite
14107,13,27
timeStep,numberOfRobotsOnBlackSite,numberOfRobotsOnWhiteSite
14108,13,27
timeStep,numberOfRobotsOnBlackSite,numberOfRobotsOnWhiteSite
14109,13,27
timeStep,numberOfRobotsOnBlackSite,numberOfRobotsOnWhiteSite
14110,13,27
timeStep,numberOfRobotsOnBlackSite,numberOfRobotsOnWhiteSite
14111,13,27
timeStep,numberOfRobotsOnBlackSite,numberOfRobotsOnWhiteSite
14112,13,27
timeStep,numberOfRobotsOnBlackSite,numberOfRobotsOnWhiteSite
14113,13,27
timeStep,numberOfRobotsOnBlackSite,numberOfRobotsOnWhiteSite
14114,13,27
timeStep,numberOfRobotsOnBlackSite,numberOfRobotsOnWhiteSite
14115,13,27
timeStep,numberOfRobotsOnBlackSite,numberOfRobotsOnWhiteSite
14116,13,27
timeStep,numberOfRobotsOnBlackSite,numberOfRobotsOnWhiteSite
14117,13,27
timeStep,numberOfRobotsOnBlackSite,numberOfRobotsOnWhiteSite
14118,13,27
timeStep,numberOfRobotsOnBlackSite,numberOfRobotsOnWhiteSite
14119,13,27
timeStep,numberOfRobotsOnBlackSite,numberOfRobotsOnWhiteSite
14120,13,27
timeStep,numberOfRobotsOnBlackSite,numberOfRobotsOnWhiteSite
14121,13,27
timeStep,numberOfRobotsOnBlackSite,numberOfRobotsOnWhiteSite
14122,13,27
timeStep,numberOfRobotsOnBlackSite,numberOfRobotsOnWhiteSite
14123,13,27
timeStep,numberOfRobotsOnBlackSite,numberOfRobotsOnWhiteSite
14124,13,27
timeStep,numberOfRobotsOnBlackSite,numberOfRobotsOnWhiteSite
14125,13,27
timeStep,numberOfRobotsOnBlackSite,numberOfRobotsOnWhiteSite
14126,13,27
timeStep,numberOfRobotsOnBlackSite,numberOfRobotsOnWhiteSite
14127,13,27
timeStep,numberOfRobotsOnBlackSite,numberOfRobotsOnWhiteSite
14128,13,27
timeStep,numberOfRobotsOnBlackSite,numberOfRobotsOnWhiteSite
14129,13,27
timeStep,numberOfRobotsOnBlackSite,numberOfRobotsOnWhiteSite
14130,13,27
timeStep,numberOfRobotsOnBlackSite,numberOfRobotsOnWhiteSite
14131,13,27
timeStep,numberOfRobotsOnBlackSite,numberOfRobotsOnWhiteSite
14132,13,27
timeStep,numberOfRobotsOnBlackSite,numberOfRobotsOnWhiteSite
14133,13,27
timeStep,numberOfRobotsOnBlackSite,numberOfRobotsOnWhiteSite
14134,13,27
timeStep,numberOfRobotsOnBlackSite,numberOfRobotsOnWhiteSite
14135,13,27
timeStep,numberOfRobotsOnBlackSite,numberOfRobotsOnWhiteSite
14136,13,27
timeStep,numberOfRobotsOnBlackSite,numberOfRobotsOnWhiteSite
14137,13,27
timeStep,numberOfRobotsOnBlackSite,numberOfRobotsOnWhiteSite
14138,13,27
timeStep,numberOfRobotsOnBlackSite,numberOfRobotsOnWhiteSite
14139,13,27
timeStep,numberOfRobotsOnBlackSite,numberOfRobotsOnWhiteSite
14140,13,27
timeStep,numberOfRobotsOnBlackSite,numberOfRobotsOnWhiteSite
14141,13,27
timeStep,numberOfRobotsOnBlackSite,numberOfRobotsOnWhiteSite
14142,13,27
timeStep,numberOfRobotsOnBlackSite,numberOfRobotsOnWhiteSite
14143,13,27
timeStep,numberOfRobotsOnBlackSite,numberOfRobotsOnWhiteSite
14144,13,27
timeStep,numberOfRobotsOnBlackSite,numberOfRobotsOnWhiteSite
14145,13,27
timeStep,numberOfRobotsOnBlackSite,numberOfRobotsOnWhiteSite
14146,13,27
timeStep,numberOfRobotsOnBlackSite,numberOfRobotsOnWhiteSite
14147,13,27
timeStep,numberOfRobotsOnBlackSite,numberOfRobotsOnWhiteSite
14148,13,27
timeStep,numberOfRobotsOnBlackSite,numberOfRobotsOnWhiteSite
14149,13,27
timeStep,numberOfRobotsOnBlackSite,numberOfRobotsOnWhiteSite
14150,13,27
timeStep,numberOfRobotsOnBlackSite,numberOfRobotsOnWhiteSite
14151,13,27
timeStep,numberOfRobotsOnBlackSite,numberOfRobotsOnWhiteSite
14152,13,27
timeStep,numberOfRobotsOnBlackSite,numberOfRobotsOnWhiteSite
14153,13,27
timeStep,numberOfRobotsOnBlackSite,numberOfRobotsOnWhiteSite
14154,13,27
timeStep,numberOfRobotsOnBlackSite,numberOfRobotsOnWhiteSite
14155,13,27
timeStep,numberOfRobotsOnBlackSite,numberOfRobotsOnWhiteSite
14156,13,27
timeStep,numberOfRobotsOnBlackSite,numberOfRobotsOnWhiteSite
14157,13,27
timeStep,numberOfRobotsOnBlackSite,numberOfRobotsOnWhiteSite
14158,13,27
timeStep,numberOfRobotsOnBlackSite,numberOfRobotsOnWhiteSite
14159,13,27
timeStep,numberOfRobotsOnBlackSite,numberOfRobotsOnWhiteSite
14160,13,27
timeStep,numberOfRobotsOnBlackSite,numberOfRobotsOnWhiteSite
14161,13,27
timeStep,numberOfRobotsOnBlackSite,numberOfRobotsOnWhiteSite
14162,13,27
timeStep,numberOfRobotsOnBlackSite,numberOfRobotsOnWhiteSite
14163,13,27
timeStep,numberOfRobotsOnBlackSite,numberOfRobotsOnWhiteSite
14164,13,27
timeStep,numberOfRobotsOnBlackSite,numberOfRobotsOnWhiteSite
14165,14,27
timeStep,numberOfRobotsOnBlackSite,numberOfRobotsOnWhiteSite
14166,14,27
timeStep,numberOfRobotsOnBlackSite,numberOfRobotsOnWhiteSite
14167,14,27
timeStep,numberOfRobotsOnBlackSite,numberOfRobotsOnWhiteSite
14168,14,27
timeStep,numberOfRobotsOnBlackSite,numberOfRobotsOnWhiteSite
14169,14,27
timeStep,numberOfRobotsOnBlackSite,numberOfRobotsOnWhiteSite
14170,14,27
timeStep,numberOfRobotsOnBlackSite,numberOfRobotsOnWhiteSite
14171,14,27
timeStep,numberOfRobotsOnBlackSite,numberOfRobotsOnWhiteSite
14172,14,27
timeStep,numberOfRobotsOnBlackSite,numberOfRobotsOnWhiteSite
14173,14,27
timeStep,numberOfRobotsOnBlackSite,numberOfRobotsOnWhiteSite
14174,14,27
timeStep,numberOfRobotsOnBlackSite,numberOfRobotsOnWhiteSite
14175,14,27
timeStep,numberOfRobotsOnBlackSite,numberOfRobotsOnWhiteSite
14176,14,27
timeStep,numberOfRobotsOnBlackSite,numberOfRobotsOnWhiteSite
14177,14,27
timeStep,numberOfRobotsOnBlackSite,numberOfRobotsOnWhiteSite
14178,14,27
timeStep,numberOfRobotsOnBlackSite,numberOfRobotsOnWhiteSite
14179,14,27
timeStep,numberOfRobotsOnBlackSite,numberOfRobotsOnWhiteSite
14180,14,27
timeStep,numberOfRobotsOnBlackSite,numberOfRobotsOnWhiteSite
14181,14,27
timeStep,numberOfRobotsOnBlackSite,numberOfRobotsOnWhiteSite
14182,14,27
timeStep,numberOfRobotsOnBlackSite,numberOfRobotsOnWhiteSite
14183,14,27
timeStep,numberOfRobotsOnBlackSite,numberOfRobotsOnWhiteSite
14184,14,27
timeStep,numberOfRobotsOnBlackSite,numberOfRobotsOnWhiteSite
14185,14,27
timeStep,numberOfRobotsOnBlackSite,numberOfRobotsOnWhiteSite
14186,14,27
timeStep,numberOfRobotsOnBlackSite,numberOfRobotsOnWhiteSite
14187,14,27
timeStep,numberOfRobotsOnBlackSite,numberOfRobotsOnWhiteSite
14188,14,27
timeStep,numberOfRobotsOnBlackSite,numberOfRobotsOnWhiteSite
14189,14,27
timeStep,numberOfRobotsOnBlackSite,numberOfRobotsOnWhiteSite
14190,14,27
timeStep,numberOfRobotsOnBlackSite,numberOfRobotsOnWhiteSite
14191,14,27
timeStep,numberOfRobotsOnBlackSite,numberOfRobotsOnWhiteSite
14192,14,27
timeStep,numberOfRobotsOnBlackSite,numberOfRobotsOnWhiteSite
14193,14,27
timeStep,numberOfRobotsOnBlackSite,numberOfRobotsOnWhiteSite
14194,14,27
timeStep,numberOfRobotsOnBlackSite,numberOfRobotsOnWhiteSite
14195,14,27
timeStep,numberOfRobotsOnBlackSite,numberOfRobotsOnWhiteSite
14196,14,27
timeStep,numberOfRobotsOnBlackSite,numberOfRobotsOnWhiteSite
14197,14,27
timeStep,numberOfRobotsOnBlackSite,numberOfRobotsOnWhiteSite
14198,14,27
timeStep,numberOfRobotsOnBlackSite,numberOfRobotsOnWhiteSite
14199,14,27
timeStep,numberOfRobotsOnBlackSite,numberOfRobotsOnWhiteSite
14200,14,27
timeStep,numberOfRobotsOnBlackSite,numberOfRobotsOnWhiteSite
14201,14,27
timeStep,numberOfRobotsOnBlackSite,numberOfRobotsOnWhiteSite
14202,14,27
timeStep,numberOfRobotsOnBlackSite,numberOfRobotsOnWhiteSite
14203,14,27
timeStep,numberOfRobotsOnBlackSite,numberOfRobotsOnWhiteSite
14204,14,27
timeStep,numberOfRobotsOnBlackSite,numberOfRobotsOnWhiteSite
14205,14,27
timeStep,numberOfRobotsOnBlackSite,numberOfRobotsOnWhiteSite
14206,14,27
timeStep,numberOfRobotsOnBlackSite,numberOfRobotsOnWhiteSite
14207,14,27
timeStep,numberOfRobotsOnBlackSite,numberOfRobotsOnWhiteSite
14208,14,27
timeStep,numberOfRobotsOnBlackSite,numberOfRobotsOnWhiteSite
14209,14,27
timeStep,numberOfRobotsOnBlackSite,numberOfRobotsOnWhiteSite
14210,14,27
timeStep,numberOfRobotsOnBlackSite,numberOfRobotsOnWhiteSite
14211,14,27
timeStep,numberOfRobotsOnBlackSite,numberOfRobotsOnWhiteSite
14212,14,27
timeStep,numberOfRobotsOnBlackSite,numberOfRobotsOnWhiteSite
14213,14,27
timeStep,numberOfRobotsOnBlackSite,numberOfRobotsOnWhiteSite
14214,14,27
timeStep,numberOfRobotsOnBlackSite,numberOfRobotsOnWhiteSite
14215,14,27
timeStep,numberOfRobotsOnBlackSite,numberOfRobotsOnWhiteSite
14216,14,27
timeStep,numberOfRobotsOnBlackSite,numberOfRobotsOnWhiteSite
14217,14,27
timeStep,numberOfRobotsOnBlackSite,numberOfRobotsOnWhiteSite
14218,14,27
timeStep,numberOfRobotsOnBlackSite,numberOfRobotsOnWhiteSite
14219,14,27
timeStep,numberOfRobotsOnBlackSite,numberOfRobotsOnWhiteSite
14220,14,27
timeStep,numberOfRobotsOnBlackSite,numberOfRobotsOnWhiteSite
14221,14,27
timeStep,numberOfRobotsOnBlackSite,numberOfRobotsOnWhiteSite
14222,14,27
timeStep,numberOfRobotsOnBlackSite,numberOfRobotsOnWhiteSite
14223,14,27
timeStep,numberOfRobotsOnBlackSite,numberOfRobotsOnWhiteSite
14224,14,27
timeStep,numberOfRobotsOnBlackSite,numberOfRobotsOnWhiteSite
14225,14,27
timeStep,numberOfRobotsOnBlackSite,numberOfRobotsOnWhiteSite
14226,14,27
timeStep,numberOfRobotsOnBlackSite,numberOfRobotsOnWhiteSite
14227,14,27
timeStep,numberOfRobotsOnBlackSite,numberOfRobotsOnWhiteSite
14228,14,27
timeStep,numberOfRobotsOnBlackSite,numberOfRobotsOnWhiteSite
14229,14,27
timeStep,numberOfRobotsOnBlackSite,numberOfRobotsOnWhiteSite
14230,15,27
timeStep,numberOfRobotsOnBlackSite,numberOfRobotsOnWhiteSite
14231,15,27
timeStep,numberOfRobotsOnBlackSite,numberOfRobotsOnWhiteSite
14232,15,27
timeStep,numberOfRobotsOnBlackSite,numberOfRobotsOnWhiteSite
14233,15,27
timeStep,numberOfRobotsOnBlackSite,numberOfRobotsOnWhiteSite
14234,15,27
timeStep,numberOfRobotsOnBlackSite,numberOfRobotsOnWhiteSite
14235,15,27
timeStep,numberOfRobotsOnBlackSite,numberOfRobotsOnWhiteSite
14236,15,27
timeStep,numberOfRobotsOnBlackSite,numberOfRobotsOnWhiteSite
14237,15,27
timeStep,numberOfRobotsOnBlackSite,numberOfRobotsOnWhiteSite
14238,15,27
timeStep,numberOfRobotsOnBlackSite,numberOfRobotsOnWhiteSite
14239,15,27
timeStep,numberOfRobotsOnBlackSite,numberOfRobotsOnWhiteSite
14240,15,27
timeStep,numberOfRobotsOnBlackSite,numberOfRobotsOnWhiteSite
14241,15,27
timeStep,numberOfRobotsOnBlackSite,numberOfRobotsOnWhiteSite
14242,15,27
timeStep,numberOfRobotsOnBlackSite,numberOfRobotsOnWhiteSite
14243,15,27
timeStep,numberOfRobotsOnBlackSite,numberOfRobotsOnWhiteSite
14244,15,27
timeStep,numberOfRobotsOnBlackSite,numberOfRobotsOnWhiteSite
14245,15,27
timeStep,numberOfRobotsOnBlackSite,numberOfRobotsOnWhiteSite
14246,15,27
timeStep,numberOfRobotsOnBlackSite,numberOfRobotsOnWhiteSite
14247,15,27
timeStep,numberOfRobotsOnBlackSite,numberOfRobotsOnWhiteSite
14248,15,27
timeStep,numberOfRobotsOnBlackSite,numberOfRobotsOnWhiteSite
14249,15,27
timeStep,numberOfRobotsOnBlackSite,numberOfRobotsOnWhiteSite
14250,15,27
timeStep,numberOfRobotsOnBlackSite,numberOfRobotsOnWhiteSite
14251,15,27
timeStep,numberOfRobotsOnBlackSite,numberOfRobotsOnWhiteSite
14252,15,27
timeStep,numberOfRobotsOnBlackSite,numberOfRobotsOnWhiteSite
14253,15,27
timeStep,numberOfRobotsOnBlackSite,numberOfRobotsOnWhiteSite
14254,15,27
timeStep,numberOfRobotsOnBlackSite,numberOfRobotsOnWhiteSite
14255,14,27
timeStep,numberOfRobotsOnBlackSite,numberOfRobotsOnWhiteSite
14256,14,27
timeStep,numberOfRobotsOnBlackSite,numberOfRobotsOnWhiteSite
14257,14,27
timeStep,numberOfRobotsOnBlackSite,numberOfRobotsOnWhiteSite
14258,14,27
timeStep,numberOfRobotsOnBlackSite,numberOfRobotsOnWhiteSite
14259,14,27
timeStep,numberOfRobotsOnBlackSite,numberOfRobotsOnWhiteSite
14260,14,27
timeStep,numberOfRobotsOnBlackSite,numberOfRobotsOnWhiteSite
14261,14,27
timeStep,numberOfRobotsOnBlackSite,numberOfRobotsOnWhiteSite
14262,14,27
timeStep,numberOfRobotsOnBlackSite,numberOfRobotsOnWhiteSite
14263,14,27
timeStep,numberOfRobotsOnBlackSite,numberOfRobotsOnWhiteSite
14264,14,27
timeStep,numberOfRobotsOnBlackSite,numberOfRobotsOnWhiteSite
14265,14,27
timeStep,numberOfRobotsOnBlackSite,numberOfRobotsOnWhiteSite
14266,14,27
timeStep,numberOfRobotsOnBlackSite,numberOfRobotsOnWhiteSite
14267,14,27
timeStep,numberOfRobotsOnBlackSite,numberOfRobotsOnWhiteSite
14268,14,27
timeStep,numberOfRobotsOnBlackSite,numberOfRobotsOnWhiteSite
14269,14,27
timeStep,numberOfRobotsOnBlackSite,numberOfRobotsOnWhiteSite
14270,14,27
timeStep,numberOfRobotsOnBlackSite,numberOfRobotsOnWhiteSite
14271,14,27
timeStep,numberOfRobotsOnBlackSite,numberOfRobotsOnWhiteSite
14272,14,27
timeStep,numberOfRobotsOnBlackSite,numberOfRobotsOnWhiteSite
14273,14,27
timeStep,numberOfRobotsOnBlackSite,numberOfRobotsOnWhiteSite
14274,14,27
timeStep,numberOfRobotsOnBlackSite,numberOfRobotsOnWhiteSite
14275,14,27
timeStep,numberOfRobotsOnBlackSite,numberOfRobotsOnWhiteSite
14276,14,27
timeStep,numberOfRobotsOnBlackSite,numberOfRobotsOnWhiteSite
14277,14,27
timeStep,numberOfRobotsOnBlackSite,numberOfRobotsOnWhiteSite
14278,14,27
timeStep,numberOfRobotsOnBlackSite,numberOfRobotsOnWhiteSite
14279,14,27
timeStep,numberOfRobotsOnBlackSite,numberOfRobotsOnWhiteSite
14280,14,27
timeStep,numberOfRobotsOnBlackSite,numberOfRobotsOnWhiteSite
14281,14,27
timeStep,numberOfRobotsOnBlackSite,numberOfRobotsOnWhiteSite
14282,14,27
timeStep,numberOfRobotsOnBlackSite,numberOfRobotsOnWhiteSite
14283,14,27
timeStep,numberOfRobotsOnBlackSite,numberOfRobotsOnWhiteSite
14284,14,27
timeStep,numberOfRobotsOnBlackSite,numberOfRobotsOnWhiteSite
14285,14,27
timeStep,numberOfRobotsOnBlackSite,numberOfRobotsOnWhiteSite
14286,14,27
timeStep,numberOfRobotsOnBlackSite,numberOfRobotsOnWhiteSite
14287,14,27
timeStep,numberOfRobotsOnBlackSite,numberOfRobotsOnWhiteSite
14288,14,27
timeStep,numberOfRobotsOnBlackSite,numberOfRobotsOnWhiteSite
14289,14,27
timeStep,numberOfRobotsOnBlackSite,numberOfRobotsOnWhiteSite
14290,14,27
timeStep,numberOfRobotsOnBlackSite,numberOfRobotsOnWhiteSite
14291,14,27
timeStep,numberOfRobotsOnBlackSite,numberOfRobotsOnWhiteSite
14292,14,27
timeStep,numberOfRobotsOnBlackSite,numberOfRobotsOnWhiteSite
14293,14,27
timeStep,numberOfRobotsOnBlackSite,numberOfRobotsOnWhiteSite
14294,14,27
timeStep,numberOfRobotsOnBlackSite,numberOfRobotsOnWhiteSite
14295,14,27
timeStep,numberOfRobotsOnBlackSite,numberOfRobotsOnWhiteSite
14296,14,27
timeStep,numberOfRobotsOnBlackSite,numberOfRobotsOnWhiteSite
14297,14,27
timeStep,numberOfRobotsOnBlackSite,numberOfRobotsOnWhiteSite
14298,14,27
timeStep,numberOfRobotsOnBlackSite,numberOfRobotsOnWhiteSite
14299,14,27
timeStep,numberOfRobotsOnBlackSite,numberOfRobotsOnWhiteSite
14300,14,27
timeStep,numberOfRobotsOnBlackSite,numberOfRobotsOnWhiteSite
14301,14,27
timeStep,numberOfRobotsOnBlackSite,numberOfRobotsOnWhiteSite
14302,14,27
timeStep,numberOfRobotsOnBlackSite,numberOfRobotsOnWhiteSite
14303,14,27
timeStep,numberOfRobotsOnBlackSite,numberOfRobotsOnWhiteSite
14304,14,27
timeStep,numberOfRobotsOnBlackSite,numberOfRobotsOnWhiteSite
14305,15,27
timeStep,numberOfRobotsOnBlackSite,numberOfRobotsOnWhiteSite
14306,15,27
timeStep,numberOfRobotsOnBlackSite,numberOfRobotsOnWhiteSite
14307,15,27
timeStep,numberOfRobotsOnBlackSite,numberOfRobotsOnWhiteSite
14308,15,27
timeStep,numberOfRobotsOnBlackSite,numberOfRobotsOnWhiteSite
14309,15,27
timeStep,numberOfRobotsOnBlackSite,numberOfRobotsOnWhiteSite
14310,15,27
timeStep,numberOfRobotsOnBlackSite,numberOfRobotsOnWhiteSite
14311,15,27
timeStep,numberOfRobotsOnBlackSite,numberOfRobotsOnWhiteSite
14312,15,27
timeStep,numberOfRobotsOnBlackSite,numberOfRobotsOnWhiteSite
14313,15,27
timeStep,numberOfRobotsOnBlackSite,numberOfRobotsOnWhiteSite
14314,15,27
timeStep,numberOfRobotsOnBlackSite,numberOfRobotsOnWhiteSite
14315,15,27
timeStep,numberOfRobotsOnBlackSite,numberOfRobotsOnWhiteSite
14316,15,27
timeStep,numberOfRobotsOnBlackSite,numberOfRobotsOnWhiteSite
14317,15,27
timeStep,numberOfRobotsOnBlackSite,numberOfRobotsOnWhiteSite
14318,15,27
timeStep,numberOfRobotsOnBlackSite,numberOfRobotsOnWhiteSite
14319,15,27
timeStep,numberOfRobotsOnBlackSite,numberOfRobotsOnWhiteSite
14320,15,27
timeStep,numberOfRobotsOnBlackSite,numberOfRobotsOnWhiteSite
14321,15,27
timeStep,numberOfRobotsOnBlackSite,numberOfRobotsOnWhiteSite
14322,15,27
timeStep,numberOfRobotsOnBlackSite,numberOfRobotsOnWhiteSite
14323,15,27
timeStep,numberOfRobotsOnBlackSite,numberOfRobotsOnWhiteSite
14324,15,27
timeStep,numberOfRobotsOnBlackSite,numberOfRobotsOnWhiteSite
14325,15,27
timeStep,numberOfRobotsOnBlackSite,numberOfRobotsOnWhiteSite
14326,15,27
timeStep,numberOfRobotsOnBlackSite,numberOfRobotsOnWhiteSite
14327,15,27
timeStep,numberOfRobotsOnBlackSite,numberOfRobotsOnWhiteSite
14328,15,27
timeStep,numberOfRobotsOnBlackSite,numberOfRobotsOnWhiteSite
14329,15,27
timeStep,numberOfRobotsOnBlackSite,numberOfRobotsOnWhiteSite
14330,15,27
timeStep,numberOfRobotsOnBlackSite,numberOfRobotsOnWhiteSite
14331,15,27
timeStep,numberOfRobotsOnBlackSite,numberOfRobotsOnWhiteSite
14332,15,27
timeStep,numberOfRobotsOnBlackSite,numberOfRobotsOnWhiteSite
14333,15,27
timeStep,numberOfRobotsOnBlackSite,numberOfRobotsOnWhiteSite
14334,15,27
timeStep,numberOfRobotsOnBlackSite,numberOfRobotsOnWhiteSite
14335,15,27
timeStep,numberOfRobotsOnBlackSite,numberOfRobotsOnWhiteSite
14336,15,27
timeStep,numberOfRobotsOnBlackSite,numberOfRobotsOnWhiteSite
14337,15,27
timeStep,numberOfRobotsOnBlackSite,numberOfRobotsOnWhiteSite
14338,15,27
timeStep,numberOfRobotsOnBlackSite,numberOfRobotsOnWhiteSite
14339,15,27
timeStep,numberOfRobotsOnBlackSite,numberOfRobotsOnWhiteSite
14340,15,27
timeStep,numberOfRobotsOnBlackSite,numberOfRobotsOnWhiteSite
14341,15,27
timeStep,numberOfRobotsOnBlackSite,numberOfRobotsOnWhiteSite
14342,15,27
timeStep,numberOfRobotsOnBlackSite,numberOfRobotsOnWhiteSite
14343,15,27
timeStep,numberOfRobotsOnBlackSite,numberOfRobotsOnWhiteSite
14344,15,27
timeStep,numberOfRobotsOnBlackSite,numberOfRobotsOnWhiteSite
14345,15,27
timeStep,numberOfRobotsOnBlackSite,numberOfRobotsOnWhiteSite
14346,15,27
timeStep,numberOfRobotsOnBlackSite,numberOfRobotsOnWhiteSite
14347,15,27
timeStep,numberOfRobotsOnBlackSite,numberOfRobotsOnWhiteSite
14348,15,27
timeStep,numberOfRobotsOnBlackSite,numberOfRobotsOnWhiteSite
14349,15,27
timeStep,numberOfRobotsOnBlackSite,numberOfRobotsOnWhiteSite
14350,15,27
timeStep,numberOfRobotsOnBlackSite,numberOfRobotsOnWhiteSite
14351,15,27
timeStep,numberOfRobotsOnBlackSite,numberOfRobotsOnWhiteSite
14352,15,27
timeStep,numberOfRobotsOnBlackSite,numberOfRobotsOnWhiteSite
14353,15,27
timeStep,numberOfRobotsOnBlackSite,numberOfRobotsOnWhiteSite
14354,15,27
timeStep,numberOfRobotsOnBlackSite,numberOfRobotsOnWhiteSite
14355,15,27
timeStep,numberOfRobotsOnBlackSite,numberOfRobotsOnWhiteSite
14356,15,27
timeStep,numberOfRobotsOnBlackSite,numberOfRobotsOnWhiteSite
14357,15,27
timeStep,numberOfRobotsOnBlackSite,numberOfRobotsOnWhiteSite
14358,15,27
timeStep,numberOfRobotsOnBlackSite,numberOfRobotsOnWhiteSite
14359,15,27
timeStep,numberOfRobotsOnBlackSite,numberOfRobotsOnWhiteSite
14360,15,27
timeStep,numberOfRobotsOnBlackSite,numberOfRobotsOnWhiteSite
14361,15,27
timeStep,numberOfRobotsOnBlackSite,numberOfRobotsOnWhiteSite
14362,15,27
timeStep,numberOfRobotsOnBlackSite,numberOfRobotsOnWhiteSite
14363,15,27
timeStep,numberOfRobotsOnBlackSite,numberOfRobotsOnWhiteSite
14364,15,27
timeStep,numberOfRobotsOnBlackSite,numberOfRobotsOnWhiteSite
14365,14,27
timeStep,numberOfRobotsOnBlackSite,numberOfRobotsOnWhiteSite
14366,14,27
timeStep,numberOfRobotsOnBlackSite,numberOfRobotsOnWhiteSite
14367,14,27
timeStep,numberOfRobotsOnBlackSite,numberOfRobotsOnWhiteSite
14368,14,27
timeStep,numberOfRobotsOnBlackSite,numberOfRobotsOnWhiteSite
14369,14,27
timeStep,numberOfRobotsOnBlackSite,numberOfRobotsOnWhiteSite
14370,14,27
timeStep,numberOfRobotsOnBlackSite,numberOfRobotsOnWhiteSite
14371,14,27
timeStep,numberOfRobotsOnBlackSite,numberOfRobotsOnWhiteSite
14372,14,27
timeStep,numberOfRobotsOnBlackSite,numberOfRobotsOnWhiteSite
14373,14,27
timeStep,numberOfRobotsOnBlackSite,numberOfRobotsOnWhiteSite
14374,14,27
timeStep,numberOfRobotsOnBlackSite,numberOfRobotsOnWhiteSite
14375,14,26
timeStep,numberOfRobotsOnBlackSite,numberOfRobotsOnWhiteSite
14376,14,26
timeStep,numberOfRobotsOnBlackSite,numberOfRobotsOnWhiteSite
14377,14,26
timeStep,numberOfRobotsOnBlackSite,numberOfRobotsOnWhiteSite
14378,14,26
timeStep,numberOfRobotsOnBlackSite,numberOfRobotsOnWhiteSite
14379,14,26
timeStep,numberOfRobotsOnBlackSite,numberOfRobotsOnWhiteSite
14380,14,26
timeStep,numberOfRobotsOnBlackSite,numberOfRobotsOnWhiteSite
14381,14,26
timeStep,numberOfRobotsOnBlackSite,numberOfRobotsOnWhiteSite
14382,14,26
timeStep,numberOfRobotsOnBlackSite,numberOfRobotsOnWhiteSite
14383,14,26
timeStep,numberOfRobotsOnBlackSite,numberOfRobotsOnWhiteSite
14384,14,26
timeStep,numberOfRobotsOnBlackSite,numberOfRobotsOnWhiteSite
14385,14,26
timeStep,numberOfRobotsOnBlackSite,numberOfRobotsOnWhiteSite
14386,14,26
timeStep,numberOfRobotsOnBlackSite,numberOfRobotsOnWhiteSite
14387,14,26
timeStep,numberOfRobotsOnBlackSite,numberOfRobotsOnWhiteSite
14388,14,26
timeStep,numberOfRobotsOnBlackSite,numberOfRobotsOnWhiteSite
14389,14,26
timeStep,numberOfRobotsOnBlackSite,numberOfRobotsOnWhiteSite
14390,14,26
timeStep,numberOfRobotsOnBlackSite,numberOfRobotsOnWhiteSite
14391,14,26
timeStep,numberOfRobotsOnBlackSite,numberOfRobotsOnWhiteSite
14392,14,26
timeStep,numberOfRobotsOnBlackSite,numberOfRobotsOnWhiteSite
14393,14,26
timeStep,numberOfRobotsOnBlackSite,numberOfRobotsOnWhiteSite
14394,14,26
timeStep,numberOfRobotsOnBlackSite,numberOfRobotsOnWhiteSite
14395,14,26
timeStep,numberOfRobotsOnBlackSite,numberOfRobotsOnWhiteSite
14396,14,26
timeStep,numberOfRobotsOnBlackSite,numberOfRobotsOnWhiteSite
14397,14,26
timeStep,numberOfRobotsOnBlackSite,numberOfRobotsOnWhiteSite
14398,14,26
timeStep,numberOfRobotsOnBlackSite,numberOfRobotsOnWhiteSite
14399,14,26
timeStep,numberOfRobotsOnBlackSite,numberOfRobotsOnWhiteSite
14400,14,26
timeStep,numberOfRobotsOnBlackSite,numberOfRobotsOnWhiteSite
14401,14,26
timeStep,numberOfRobotsOnBlackSite,numberOfRobotsOnWhiteSite
14402,14,26
timeStep,numberOfRobotsOnBlackSite,numberOfRobotsOnWhiteSite
14403,14,26
timeStep,numberOfRobotsOnBlackSite,numberOfRobotsOnWhiteSite
14404,14,26
timeStep,numberOfRobotsOnBlackSite,numberOfRobotsOnWhiteSite
14405,14,26
timeStep,numberOfRobotsOnBlackSite,numberOfRobotsOnWhiteSite
14406,14,26
timeStep,numberOfRobotsOnBlackSite,numberOfRobotsOnWhiteSite
14407,14,26
timeStep,numberOfRobotsOnBlackSite,numberOfRobotsOnWhiteSite
14408,14,26
timeStep,numberOfRobotsOnBlackSite,numberOfRobotsOnWhiteSite
14409,14,26
timeStep,numberOfRobotsOnBlackSite,numberOfRobotsOnWhiteSite
14410,14,26
timeStep,numberOfRobotsOnBlackSite,numberOfRobotsOnWhiteSite
14411,14,26
timeStep,numberOfRobotsOnBlackSite,numberOfRobotsOnWhiteSite
14412,14,26
timeStep,numberOfRobotsOnBlackSite,numberOfRobotsOnWhiteSite
14413,14,26
timeStep,numberOfRobotsOnBlackSite,numberOfRobotsOnWhiteSite
14414,14,26
timeStep,numberOfRobotsOnBlackSite,numberOfRobotsOnWhiteSite
14415,14,26
timeStep,numberOfRobotsOnBlackSite,numberOfRobotsOnWhiteSite
14416,14,26
timeStep,numberOfRobotsOnBlackSite,numberOfRobotsOnWhiteSite
14417,14,26
timeStep,numberOfRobotsOnBlackSite,numberOfRobotsOnWhiteSite
14418,14,26
timeStep,numberOfRobotsOnBlackSite,numberOfRobotsOnWhiteSite
14419,14,26
timeStep,numberOfRobotsOnBlackSite,numberOfRobotsOnWhiteSite
14420,14,26
timeStep,numberOfRobotsOnBlackSite,numberOfRobotsOnWhiteSite
14421,14,26
timeStep,numberOfRobotsOnBlackSite,numberOfRobotsOnWhiteSite
14422,14,26
timeStep,numberOfRobotsOnBlackSite,numberOfRobotsOnWhiteSite
14423,14,26
timeStep,numberOfRobotsOnBlackSite,numberOfRobotsOnWhiteSite
14424,14,26
timeStep,numberOfRobotsOnBlackSite,numberOfRobotsOnWhiteSite
14425,14,26
timeStep,numberOfRobotsOnBlackSite,numberOfRobotsOnWhiteSite
14426,14,26
timeStep,numberOfRobotsOnBlackSite,numberOfRobotsOnWhiteSite
14427,14,26
timeStep,numberOfRobotsOnBlackSite,numberOfRobotsOnWhiteSite
14428,14,26
timeStep,numberOfRobotsOnBlackSite,numberOfRobotsOnWhiteSite
14429,14,26
timeStep,numberOfRobotsOnBlackSite,numberOfRobotsOnWhiteSite
14430,14,27
timeStep,numberOfRobotsOnBlackSite,numberOfRobotsOnWhiteSite
14431,14,27
timeStep,numberOfRobotsOnBlackSite,numberOfRobotsOnWhiteSite
14432,14,27
timeStep,numberOfRobotsOnBlackSite,numberOfRobotsOnWhiteSite
14433,14,27
timeStep,numberOfRobotsOnBlackSite,numberOfRobotsOnWhiteSite
14434,14,27
timeStep,numberOfRobotsOnBlackSite,numberOfRobotsOnWhiteSite
14435,14,27
timeStep,numberOfRobotsOnBlackSite,numberOfRobotsOnWhiteSite
14436,14,27
timeStep,numberOfRobotsOnBlackSite,numberOfRobotsOnWhiteSite
14437,14,27
timeStep,numberOfRobotsOnBlackSite,numberOfRobotsOnWhiteSite
14438,14,27
timeStep,numberOfRobotsOnBlackSite,numberOfRobotsOnWhiteSite
14439,14,27
timeStep,numberOfRobotsOnBlackSite,numberOfRobotsOnWhiteSite
14440,14,27
timeStep,numberOfRobotsOnBlackSite,numberOfRobotsOnWhiteSite
14441,14,27
timeStep,numberOfRobotsOnBlackSite,numberOfRobotsOnWhiteSite
14442,14,27
timeStep,numberOfRobotsOnBlackSite,numberOfRobotsOnWhiteSite
14443,14,27
timeStep,numberOfRobotsOnBlackSite,numberOfRobotsOnWhiteSite
14444,14,27
timeStep,numberOfRobotsOnBlackSite,numberOfRobotsOnWhiteSite
14445,14,27
timeStep,numberOfRobotsOnBlackSite,numberOfRobotsOnWhiteSite
14446,14,27
timeStep,numberOfRobotsOnBlackSite,numberOfRobotsOnWhiteSite
14447,14,27
timeStep,numberOfRobotsOnBlackSite,numberOfRobotsOnWhiteSite
14448,14,27
timeStep,numberOfRobotsOnBlackSite,numberOfRobotsOnWhiteSite
14449,14,27
timeStep,numberOfRobotsOnBlackSite,numberOfRobotsOnWhiteSite
14450,14,27
timeStep,numberOfRobotsOnBlackSite,numberOfRobotsOnWhiteSite
14451,14,27
timeStep,numberOfRobotsOnBlackSite,numberOfRobotsOnWhiteSite
14452,14,27
timeStep,numberOfRobotsOnBlackSite,numberOfRobotsOnWhiteSite
14453,14,27
timeStep,numberOfRobotsOnBlackSite,numberOfRobotsOnWhiteSite
14454,14,27
timeStep,numberOfRobotsOnBlackSite,numberOfRobotsOnWhiteSite
14455,14,27
timeStep,numberOfRobotsOnBlackSite,numberOfRobotsOnWhiteSite
14456,14,27
timeStep,numberOfRobotsOnBlackSite,numberOfRobotsOnWhiteSite
14457,14,27
timeStep,numberOfRobotsOnBlackSite,numberOfRobotsOnWhiteSite
14458,14,27
timeStep,numberOfRobotsOnBlackSite,numberOfRobotsOnWhiteSite
14459,14,27
timeStep,numberOfRobotsOnBlackSite,numberOfRobotsOnWhiteSite
14460,14,27
timeStep,numberOfRobotsOnBlackSite,numberOfRobotsOnWhiteSite
14461,14,27
timeStep,numberOfRobotsOnBlackSite,numberOfRobotsOnWhiteSite
14462,14,27
timeStep,numberOfRobotsOnBlackSite,numberOfRobotsOnWhiteSite
14463,14,27
timeStep,numberOfRobotsOnBlackSite,numberOfRobotsOnWhiteSite
14464,14,27
timeStep,numberOfRobotsOnBlackSite,numberOfRobotsOnWhiteSite
14465,14,27
timeStep,numberOfRobotsOnBlackSite,numberOfRobotsOnWhiteSite
14466,14,27
timeStep,numberOfRobotsOnBlackSite,numberOfRobotsOnWhiteSite
14467,14,27
timeStep,numberOfRobotsOnBlackSite,numberOfRobotsOnWhiteSite
14468,14,27
timeStep,numberOfRobotsOnBlackSite,numberOfRobotsOnWhiteSite
14469,14,27
timeStep,numberOfRobotsOnBlackSite,numberOfRobotsOnWhiteSite
14470,14,27
timeStep,numberOfRobotsOnBlackSite,numberOfRobotsOnWhiteSite
14471,14,27
timeStep,numberOfRobotsOnBlackSite,numberOfRobotsOnWhiteSite
14472,14,27
timeStep,numberOfRobotsOnBlackSite,numberOfRobotsOnWhiteSite
14473,14,27
timeStep,numberOfRobotsOnBlackSite,numberOfRobotsOnWhiteSite
14474,14,27
timeStep,numberOfRobotsOnBlackSite,numberOfRobotsOnWhiteSite
14475,14,27
timeStep,numberOfRobotsOnBlackSite,numberOfRobotsOnWhiteSite
14476,14,27
timeStep,numberOfRobotsOnBlackSite,numberOfRobotsOnWhiteSite
14477,14,27
timeStep,numberOfRobotsOnBlackSite,numberOfRobotsOnWhiteSite
14478,14,27
timeStep,numberOfRobotsOnBlackSite,numberOfRobotsOnWhiteSite
14479,14,27
timeStep,numberOfRobotsOnBlackSite,numberOfRobotsOnWhiteSite
14480,14,27
timeStep,numberOfRobotsOnBlackSite,numberOfRobotsOnWhiteSite
14481,14,27
timeStep,numberOfRobotsOnBlackSite,numberOfRobotsOnWhiteSite
14482,14,27
timeStep,numberOfRobotsOnBlackSite,numberOfRobotsOnWhiteSite
14483,14,27
timeStep,numberOfRobotsOnBlackSite,numberOfRobotsOnWhiteSite
14484,14,27
timeStep,numberOfRobotsOnBlackSite,numberOfRobotsOnWhiteSite
14485,15,27
timeStep,numberOfRobotsOnBlackSite,numberOfRobotsOnWhiteSite
14486,15,27
timeStep,numberOfRobotsOnBlackSite,numberOfRobotsOnWhiteSite
14487,15,27
timeStep,numberOfRobotsOnBlackSite,numberOfRobotsOnWhiteSite
14488,15,27
timeStep,numberOfRobotsOnBlackSite,numberOfRobotsOnWhiteSite
14489,15,27
timeStep,numberOfRobotsOnBlackSite,numberOfRobotsOnWhiteSite
14490,15,27
timeStep,numberOfRobotsOnBlackSite,numberOfRobotsOnWhiteSite
14491,15,27
timeStep,numberOfRobotsOnBlackSite,numberOfRobotsOnWhiteSite
14492,15,27
timeStep,numberOfRobotsOnBlackSite,numberOfRobotsOnWhiteSite
14493,15,27
timeStep,numberOfRobotsOnBlackSite,numberOfRobotsOnWhiteSite
14494,15,27
timeStep,numberOfRobotsOnBlackSite,numberOfRobotsOnWhiteSite
14495,15,27
timeStep,numberOfRobotsOnBlackSite,numberOfRobotsOnWhiteSite
14496,15,27
timeStep,numberOfRobotsOnBlackSite,numberOfRobotsOnWhiteSite
14497,15,27
timeStep,numberOfRobotsOnBlackSite,numberOfRobotsOnWhiteSite
14498,15,27
timeStep,numberOfRobotsOnBlackSite,numberOfRobotsOnWhiteSite
14499,15,27
timeStep,numberOfRobotsOnBlackSite,numberOfRobotsOnWhiteSite
14500,15,27
timeStep,numberOfRobotsOnBlackSite,numberOfRobotsOnWhiteSite
14501,15,27
timeStep,numberOfRobotsOnBlackSite,numberOfRobotsOnWhiteSite
14502,15,27
timeStep,numberOfRobotsOnBlackSite,numberOfRobotsOnWhiteSite
14503,15,27
timeStep,numberOfRobotsOnBlackSite,numberOfRobotsOnWhiteSite
14504,15,27
timeStep,numberOfRobotsOnBlackSite,numberOfRobotsOnWhiteSite
14505,15,27
timeStep,numberOfRobotsOnBlackSite,numberOfRobotsOnWhiteSite
14506,15,27
timeStep,numberOfRobotsOnBlackSite,numberOfRobotsOnWhiteSite
14507,15,27
timeStep,numberOfRobotsOnBlackSite,numberOfRobotsOnWhiteSite
14508,15,27
timeStep,numberOfRobotsOnBlackSite,numberOfRobotsOnWhiteSite
14509,15,27
timeStep,numberOfRobotsOnBlackSite,numberOfRobotsOnWhiteSite
14510,15,27
timeStep,numberOfRobotsOnBlackSite,numberOfRobotsOnWhiteSite
14511,15,27
timeStep,numberOfRobotsOnBlackSite,numberOfRobotsOnWhiteSite
14512,15,27
timeStep,numberOfRobotsOnBlackSite,numberOfRobotsOnWhiteSite
14513,15,27
timeStep,numberOfRobotsOnBlackSite,numberOfRobotsOnWhiteSite
14514,15,27
timeStep,numberOfRobotsOnBlackSite,numberOfRobotsOnWhiteSite
14515,15,26
timeStep,numberOfRobotsOnBlackSite,numberOfRobotsOnWhiteSite
14516,15,26
timeStep,numberOfRobotsOnBlackSite,numberOfRobotsOnWhiteSite
14517,15,26
timeStep,numberOfRobotsOnBlackSite,numberOfRobotsOnWhiteSite
14518,15,26
timeStep,numberOfRobotsOnBlackSite,numberOfRobotsOnWhiteSite
14519,15,26
timeStep,numberOfRobotsOnBlackSite,numberOfRobotsOnWhiteSite
14520,15,26
timeStep,numberOfRobotsOnBlackSite,numberOfRobotsOnWhiteSite
14521,15,26
timeStep,numberOfRobotsOnBlackSite,numberOfRobotsOnWhiteSite
14522,15,26
timeStep,numberOfRobotsOnBlackSite,numberOfRobotsOnWhiteSite
14523,15,26
timeStep,numberOfRobotsOnBlackSite,numberOfRobotsOnWhiteSite
14524,15,26
timeStep,numberOfRobotsOnBlackSite,numberOfRobotsOnWhiteSite
14525,15,26
timeStep,numberOfRobotsOnBlackSite,numberOfRobotsOnWhiteSite
14526,15,26
timeStep,numberOfRobotsOnBlackSite,numberOfRobotsOnWhiteSite
14527,15,26
timeStep,numberOfRobotsOnBlackSite,numberOfRobotsOnWhiteSite
14528,15,26
timeStep,numberOfRobotsOnBlackSite,numberOfRobotsOnWhiteSite
14529,15,26
timeStep,numberOfRobotsOnBlackSite,numberOfRobotsOnWhiteSite
14530,15,26
timeStep,numberOfRobotsOnBlackSite,numberOfRobotsOnWhiteSite
14531,15,26
timeStep,numberOfRobotsOnBlackSite,numberOfRobotsOnWhiteSite
14532,15,26
timeStep,numberOfRobotsOnBlackSite,numberOfRobotsOnWhiteSite
14533,15,26
timeStep,numberOfRobotsOnBlackSite,numberOfRobotsOnWhiteSite
14534,15,26
timeStep,numberOfRobotsOnBlackSite,numberOfRobotsOnWhiteSite
14535,15,27
timeStep,numberOfRobotsOnBlackSite,numberOfRobotsOnWhiteSite
14536,15,27
timeStep,numberOfRobotsOnBlackSite,numberOfRobotsOnWhiteSite
14537,15,27
timeStep,numberOfRobotsOnBlackSite,numberOfRobotsOnWhiteSite
14538,15,27
timeStep,numberOfRobotsOnBlackSite,numberOfRobotsOnWhiteSite
14539,15,27
timeStep,numberOfRobotsOnBlackSite,numberOfRobotsOnWhiteSite
14540,15,27
timeStep,numberOfRobotsOnBlackSite,numberOfRobotsOnWhiteSite
14541,15,27
timeStep,numberOfRobotsOnBlackSite,numberOfRobotsOnWhiteSite
14542,15,27
timeStep,numberOfRobotsOnBlackSite,numberOfRobotsOnWhiteSite
14543,15,27
timeStep,numberOfRobotsOnBlackSite,numberOfRobotsOnWhiteSite
14544,15,27
timeStep,numberOfRobotsOnBlackSite,numberOfRobotsOnWhiteSite
14545,15,27
timeStep,numberOfRobotsOnBlackSite,numberOfRobotsOnWhiteSite
14546,15,27
timeStep,numberOfRobotsOnBlackSite,numberOfRobotsOnWhiteSite
14547,15,27
timeStep,numberOfRobotsOnBlackSite,numberOfRobotsOnWhiteSite
14548,15,27
timeStep,numberOfRobotsOnBlackSite,numberOfRobotsOnWhiteSite
14549,15,27
timeStep,numberOfRobotsOnBlackSite,numberOfRobotsOnWhiteSite
14550,15,27
timeStep,numberOfRobotsOnBlackSite,numberOfRobotsOnWhiteSite
14551,15,27
timeStep,numberOfRobotsOnBlackSite,numberOfRobotsOnWhiteSite
14552,15,27
timeStep,numberOfRobotsOnBlackSite,numberOfRobotsOnWhiteSite
14553,15,27
timeStep,numberOfRobotsOnBlackSite,numberOfRobotsOnWhiteSite
14554,15,27
timeStep,numberOfRobotsOnBlackSite,numberOfRobotsOnWhiteSite
14555,15,27
timeStep,numberOfRobotsOnBlackSite,numberOfRobotsOnWhiteSite
14556,15,27
timeStep,numberOfRobotsOnBlackSite,numberOfRobotsOnWhiteSite
14557,15,27
timeStep,numberOfRobotsOnBlackSite,numberOfRobotsOnWhiteSite
14558,15,27
timeStep,numberOfRobotsOnBlackSite,numberOfRobotsOnWhiteSite
14559,15,27
timeStep,numberOfRobotsOnBlackSite,numberOfRobotsOnWhiteSite
14560,15,27
timeStep,numberOfRobotsOnBlackSite,numberOfRobotsOnWhiteSite
14561,15,27
timeStep,numberOfRobotsOnBlackSite,numberOfRobotsOnWhiteSite
14562,15,27
timeStep,numberOfRobotsOnBlackSite,numberOfRobotsOnWhiteSite
14563,15,27
timeStep,numberOfRobotsOnBlackSite,numberOfRobotsOnWhiteSite
14564,15,27
timeStep,numberOfRobotsOnBlackSite,numberOfRobotsOnWhiteSite
14565,15,27
timeStep,numberOfRobotsOnBlackSite,numberOfRobotsOnWhiteSite
14566,15,27
timeStep,numberOfRobotsOnBlackSite,numberOfRobotsOnWhiteSite
14567,15,27
timeStep,numberOfRobotsOnBlackSite,numberOfRobotsOnWhiteSite
14568,15,27
timeStep,numberOfRobotsOnBlackSite,numberOfRobotsOnWhiteSite
14569,15,27
timeStep,numberOfRobotsOnBlackSite,numberOfRobotsOnWhiteSite
14570,15,26
timeStep,numberOfRobotsOnBlackSite,numberOfRobotsOnWhiteSite
14571,15,26
timeStep,numberOfRobotsOnBlackSite,numberOfRobotsOnWhiteSite
14572,15,26
timeStep,numberOfRobotsOnBlackSite,numberOfRobotsOnWhiteSite
14573,15,26
timeStep,numberOfRobotsOnBlackSite,numberOfRobotsOnWhiteSite
14574,15,26
timeStep,numberOfRobotsOnBlackSite,numberOfRobotsOnWhiteSite
14575,15,26
timeStep,numberOfRobotsOnBlackSite,numberOfRobotsOnWhiteSite
14576,15,26
timeStep,numberOfRobotsOnBlackSite,numberOfRobotsOnWhiteSite
14577,15,26
timeStep,numberOfRobotsOnBlackSite,numberOfRobotsOnWhiteSite
14578,15,26
timeStep,numberOfRobotsOnBlackSite,numberOfRobotsOnWhiteSite
14579,15,26
timeStep,numberOfRobotsOnBlackSite,numberOfRobotsOnWhiteSite
14580,15,26
timeStep,numberOfRobotsOnBlackSite,numberOfRobotsOnWhiteSite
14581,15,26
timeStep,numberOfRobotsOnBlackSite,numberOfRobotsOnWhiteSite
14582,15,26
timeStep,numberOfRobotsOnBlackSite,numberOfRobotsOnWhiteSite
14583,15,26
timeStep,numberOfRobotsOnBlackSite,numberOfRobotsOnWhiteSite
14584,15,26
timeStep,numberOfRobotsOnBlackSite,numberOfRobotsOnWhiteSite
14585,15,26
timeStep,numberOfRobotsOnBlackSite,numberOfRobotsOnWhiteSite
14586,15,26
timeStep,numberOfRobotsOnBlackSite,numberOfRobotsOnWhiteSite
14587,15,26
timeStep,numberOfRobotsOnBlackSite,numberOfRobotsOnWhiteSite
14588,15,26
timeStep,numberOfRobotsOnBlackSite,numberOfRobotsOnWhiteSite
14589,15,26
timeStep,numberOfRobotsOnBlackSite,numberOfRobotsOnWhiteSite
14590,15,26
timeStep,numberOfRobotsOnBlackSite,numberOfRobotsOnWhiteSite
14591,15,26
timeStep,numberOfRobotsOnBlackSite,numberOfRobotsOnWhiteSite
14592,15,26
timeStep,numberOfRobotsOnBlackSite,numberOfRobotsOnWhiteSite
14593,15,26
timeStep,numberOfRobotsOnBlackSite,numberOfRobotsOnWhiteSite
14594,15,26
timeStep,numberOfRobotsOnBlackSite,numberOfRobotsOnWhiteSite
14595,15,26
timeStep,numberOfRobotsOnBlackSite,numberOfRobotsOnWhiteSite
14596,15,26
timeStep,numberOfRobotsOnBlackSite,numberOfRobotsOnWhiteSite
14597,15,26
timeStep,numberOfRobotsOnBlackSite,numberOfRobotsOnWhiteSite
14598,15,26
timeStep,numberOfRobotsOnBlackSite,numberOfRobotsOnWhiteSite
14599,15,26
timeStep,numberOfRobotsOnBlackSite,numberOfRobotsOnWhiteSite
14600,15,26
timeStep,numberOfRobotsOnBlackSite,numberOfRobotsOnWhiteSite
14601,15,26
timeStep,numberOfRobotsOnBlackSite,numberOfRobotsOnWhiteSite
14602,15,26
timeStep,numberOfRobotsOnBlackSite,numberOfRobotsOnWhiteSite
14603,15,26
timeStep,numberOfRobotsOnBlackSite,numberOfRobotsOnWhiteSite
14604,15,26
timeStep,numberOfRobotsOnBlackSite,numberOfRobotsOnWhiteSite
14605,15,26
timeStep,numberOfRobotsOnBlackSite,numberOfRobotsOnWhiteSite
14606,15,26
timeStep,numberOfRobotsOnBlackSite,numberOfRobotsOnWhiteSite
14607,15,26
timeStep,numberOfRobotsOnBlackSite,numberOfRobotsOnWhiteSite
14608,15,26
timeStep,numberOfRobotsOnBlackSite,numberOfRobotsOnWhiteSite
14609,15,26
timeStep,numberOfRobotsOnBlackSite,numberOfRobotsOnWhiteSite
14610,15,26
timeStep,numberOfRobotsOnBlackSite,numberOfRobotsOnWhiteSite
14611,15,26
timeStep,numberOfRobotsOnBlackSite,numberOfRobotsOnWhiteSite
14612,15,26
timeStep,numberOfRobotsOnBlackSite,numberOfRobotsOnWhiteSite
14613,15,26
timeStep,numberOfRobotsOnBlackSite,numberOfRobotsOnWhiteSite
14614,15,26
timeStep,numberOfRobotsOnBlackSite,numberOfRobotsOnWhiteSite
14615,15,26
timeStep,numberOfRobotsOnBlackSite,numberOfRobotsOnWhiteSite
14616,15,26
timeStep,numberOfRobotsOnBlackSite,numberOfRobotsOnWhiteSite
14617,15,26
timeStep,numberOfRobotsOnBlackSite,numberOfRobotsOnWhiteSite
14618,15,26
timeStep,numberOfRobotsOnBlackSite,numberOfRobotsOnWhiteSite
14619,15,26
timeStep,numberOfRobotsOnBlackSite,numberOfRobotsOnWhiteSite
14620,15,26
timeStep,numberOfRobotsOnBlackSite,numberOfRobotsOnWhiteSite
14621,15,26
timeStep,numberOfRobotsOnBlackSite,numberOfRobotsOnWhiteSite
14622,15,26
timeStep,numberOfRobotsOnBlackSite,numberOfRobotsOnWhiteSite
14623,15,26
timeStep,numberOfRobotsOnBlackSite,numberOfRobotsOnWhiteSite
14624,15,26
timeStep,numberOfRobotsOnBlackSite,numberOfRobotsOnWhiteSite
14625,15,26
timeStep,numberOfRobotsOnBlackSite,numberOfRobotsOnWhiteSite
14626,15,26
timeStep,numberOfRobotsOnBlackSite,numberOfRobotsOnWhiteSite
14627,15,26
timeStep,numberOfRobotsOnBlackSite,numberOfRobotsOnWhiteSite
14628,15,26
timeStep,numberOfRobotsOnBlackSite,numberOfRobotsOnWhiteSite
14629,15,26
timeStep,numberOfRobotsOnBlackSite,numberOfRobotsOnWhiteSite
14630,15,26
timeStep,numberOfRobotsOnBlackSite,numberOfRobotsOnWhiteSite
14631,15,26
timeStep,numberOfRobotsOnBlackSite,numberOfRobotsOnWhiteSite
14632,15,26
timeStep,numberOfRobotsOnBlackSite,numberOfRobotsOnWhiteSite
14633,15,26
timeStep,numberOfRobotsOnBlackSite,numberOfRobotsOnWhiteSite
14634,15,26
timeStep,numberOfRobotsOnBlackSite,numberOfRobotsOnWhiteSite
14635,14,26
timeStep,numberOfRobotsOnBlackSite,numberOfRobotsOnWhiteSite
14636,14,26
timeStep,numberOfRobotsOnBlackSite,numberOfRobotsOnWhiteSite
14637,14,26
timeStep,numberOfRobotsOnBlackSite,numberOfRobotsOnWhiteSite
14638,14,26
timeStep,numberOfRobotsOnBlackSite,numberOfRobotsOnWhiteSite
14639,14,26
timeStep,numberOfRobotsOnBlackSite,numberOfRobotsOnWhiteSite
14640,13,25
timeStep,numberOfRobotsOnBlackSite,numberOfRobotsOnWhiteSite
14641,13,25
timeStep,numberOfRobotsOnBlackSite,numberOfRobotsOnWhiteSite
14642,13,25
timeStep,numberOfRobotsOnBlackSite,numberOfRobotsOnWhiteSite
14643,13,25
timeStep,numberOfRobotsOnBlackSite,numberOfRobotsOnWhiteSite
14644,13,25
timeStep,numberOfRobotsOnBlackSite,numberOfRobotsOnWhiteSite
14645,13,25
timeStep,numberOfRobotsOnBlackSite,numberOfRobotsOnWhiteSite
14646,13,25
timeStep,numberOfRobotsOnBlackSite,numberOfRobotsOnWhiteSite
14647,13,25
timeStep,numberOfRobotsOnBlackSite,numberOfRobotsOnWhiteSite
14648,13,25
timeStep,numberOfRobotsOnBlackSite,numberOfRobotsOnWhiteSite
14649,13,25
timeStep,numberOfRobotsOnBlackSite,numberOfRobotsOnWhiteSite
14650,13,25
timeStep,numberOfRobotsOnBlackSite,numberOfRobotsOnWhiteSite
14651,13,25
timeStep,numberOfRobotsOnBlackSite,numberOfRobotsOnWhiteSite
14652,13,25
timeStep,numberOfRobotsOnBlackSite,numberOfRobotsOnWhiteSite
14653,13,25
timeStep,numberOfRobotsOnBlackSite,numberOfRobotsOnWhiteSite
14654,13,25
timeStep,numberOfRobotsOnBlackSite,numberOfRobotsOnWhiteSite
14655,13,24
timeStep,numberOfRobotsOnBlackSite,numberOfRobotsOnWhiteSite
14656,13,24
timeStep,numberOfRobotsOnBlackSite,numberOfRobotsOnWhiteSite
14657,13,24
timeStep,numberOfRobotsOnBlackSite,numberOfRobotsOnWhiteSite
14658,13,24
timeStep,numberOfRobotsOnBlackSite,numberOfRobotsOnWhiteSite
14659,13,24
timeStep,numberOfRobotsOnBlackSite,numberOfRobotsOnWhiteSite
14660,13,24
timeStep,numberOfRobotsOnBlackSite,numberOfRobotsOnWhiteSite
14661,13,24
timeStep,numberOfRobotsOnBlackSite,numberOfRobotsOnWhiteSite
14662,13,24
timeStep,numberOfRobotsOnBlackSite,numberOfRobotsOnWhiteSite
14663,13,24
timeStep,numberOfRobotsOnBlackSite,numberOfRobotsOnWhiteSite
14664,13,24
timeStep,numberOfRobotsOnBlackSite,numberOfRobotsOnWhiteSite
14665,13,24
timeStep,numberOfRobotsOnBlackSite,numberOfRobotsOnWhiteSite
14666,13,24
timeStep,numberOfRobotsOnBlackSite,numberOfRobotsOnWhiteSite
14667,13,24
timeStep,numberOfRobotsOnBlackSite,numberOfRobotsOnWhiteSite
14668,13,24
timeStep,numberOfRobotsOnBlackSite,numberOfRobotsOnWhiteSite
14669,13,24
timeStep,numberOfRobotsOnBlackSite,numberOfRobotsOnWhiteSite
14670,13,24
timeStep,numberOfRobotsOnBlackSite,numberOfRobotsOnWhiteSite
14671,13,24
timeStep,numberOfRobotsOnBlackSite,numberOfRobotsOnWhiteSite
14672,13,24
timeStep,numberOfRobotsOnBlackSite,numberOfRobotsOnWhiteSite
14673,13,24
timeStep,numberOfRobotsOnBlackSite,numberOfRobotsOnWhiteSite
14674,13,24
timeStep,numberOfRobotsOnBlackSite,numberOfRobotsOnWhiteSite
14675,13,23
timeStep,numberOfRobotsOnBlackSite,numberOfRobotsOnWhiteSite
14676,13,23
timeStep,numberOfRobotsOnBlackSite,numberOfRobotsOnWhiteSite
14677,13,23
timeStep,numberOfRobotsOnBlackSite,numberOfRobotsOnWhiteSite
14678,13,23
timeStep,numberOfRobotsOnBlackSite,numberOfRobotsOnWhiteSite
14679,13,23
timeStep,numberOfRobotsOnBlackSite,numberOfRobotsOnWhiteSite
14680,14,23
timeStep,numberOfRobotsOnBlackSite,numberOfRobotsOnWhiteSite
14681,14,23
timeStep,numberOfRobotsOnBlackSite,numberOfRobotsOnWhiteSite
14682,14,23
timeStep,numberOfRobotsOnBlackSite,numberOfRobotsOnWhiteSite
14683,14,23
timeStep,numberOfRobotsOnBlackSite,numberOfRobotsOnWhiteSite
14684,14,23
timeStep,numberOfRobotsOnBlackSite,numberOfRobotsOnWhiteSite
14685,14,24
timeStep,numberOfRobotsOnBlackSite,numberOfRobotsOnWhiteSite
14686,14,24
timeStep,numberOfRobotsOnBlackSite,numberOfRobotsOnWhiteSite
14687,14,24
timeStep,numberOfRobotsOnBlackSite,numberOfRobotsOnWhiteSite
14688,14,24
timeStep,numberOfRobotsOnBlackSite,numberOfRobotsOnWhiteSite
14689,14,24
timeStep,numberOfRobotsOnBlackSite,numberOfRobotsOnWhiteSite
14690,14,24
timeStep,numberOfRobotsOnBlackSite,numberOfRobotsOnWhiteSite
14691,14,24
timeStep,numberOfRobotsOnBlackSite,numberOfRobotsOnWhiteSite
14692,14,24
timeStep,numberOfRobotsOnBlackSite,numberOfRobotsOnWhiteSite
14693,14,24
timeStep,numberOfRobotsOnBlackSite,numberOfRobotsOnWhiteSite
14694,14,24
timeStep,numberOfRobotsOnBlackSite,numberOfRobotsOnWhiteSite
14695,14,24
timeStep,numberOfRobotsOnBlackSite,numberOfRobotsOnWhiteSite
14696,14,24
timeStep,numberOfRobotsOnBlackSite,numberOfRobotsOnWhiteSite
14697,14,24
timeStep,numberOfRobotsOnBlackSite,numberOfRobotsOnWhiteSite
14698,14,24
timeStep,numberOfRobotsOnBlackSite,numberOfRobotsOnWhiteSite
14699,14,24
timeStep,numberOfRobotsOnBlackSite,numberOfRobotsOnWhiteSite
14700,14,24
timeStep,numberOfRobotsOnBlackSite,numberOfRobotsOnWhiteSite
14701,14,24
timeStep,numberOfRobotsOnBlackSite,numberOfRobotsOnWhiteSite
14702,14,24
timeStep,numberOfRobotsOnBlackSite,numberOfRobotsOnWhiteSite
14703,14,24
timeStep,numberOfRobotsOnBlackSite,numberOfRobotsOnWhiteSite
14704,14,24
timeStep,numberOfRobotsOnBlackSite,numberOfRobotsOnWhiteSite
14705,14,24
timeStep,numberOfRobotsOnBlackSite,numberOfRobotsOnWhiteSite
14706,14,24
timeStep,numberOfRobotsOnBlackSite,numberOfRobotsOnWhiteSite
14707,14,24
timeStep,numberOfRobotsOnBlackSite,numberOfRobotsOnWhiteSite
14708,14,24
timeStep,numberOfRobotsOnBlackSite,numberOfRobotsOnWhiteSite
14709,14,24
timeStep,numberOfRobotsOnBlackSite,numberOfRobotsOnWhiteSite
14710,14,24
timeStep,numberOfRobotsOnBlackSite,numberOfRobotsOnWhiteSite
14711,14,24
timeStep,numberOfRobotsOnBlackSite,numberOfRobotsOnWhiteSite
14712,14,24
timeStep,numberOfRobotsOnBlackSite,numberOfRobotsOnWhiteSite
14713,14,24
timeStep,numberOfRobotsOnBlackSite,numberOfRobotsOnWhiteSite
14714,14,24
timeStep,numberOfRobotsOnBlackSite,numberOfRobotsOnWhiteSite
14715,14,24
timeStep,numberOfRobotsOnBlackSite,numberOfRobotsOnWhiteSite
14716,14,24
timeStep,numberOfRobotsOnBlackSite,numberOfRobotsOnWhiteSite
14717,14,24
timeStep,numberOfRobotsOnBlackSite,numberOfRobotsOnWhiteSite
14718,14,24
timeStep,numberOfRobotsOnBlackSite,numberOfRobotsOnWhiteSite
14719,14,24
timeStep,numberOfRobotsOnBlackSite,numberOfRobotsOnWhiteSite
14720,14,24
timeStep,numberOfRobotsOnBlackSite,numberOfRobotsOnWhiteSite
14721,14,24
timeStep,numberOfRobotsOnBlackSite,numberOfRobotsOnWhiteSite
14722,14,24
timeStep,numberOfRobotsOnBlackSite,numberOfRobotsOnWhiteSite
14723,14,24
timeStep,numberOfRobotsOnBlackSite,numberOfRobotsOnWhiteSite
14724,14,24
timeStep,numberOfRobotsOnBlackSite,numberOfRobotsOnWhiteSite
14725,14,24
timeStep,numberOfRobotsOnBlackSite,numberOfRobotsOnWhiteSite
14726,14,24
timeStep,numberOfRobotsOnBlackSite,numberOfRobotsOnWhiteSite
14727,14,24
timeStep,numberOfRobotsOnBlackSite,numberOfRobotsOnWhiteSite
14728,14,24
timeStep,numberOfRobotsOnBlackSite,numberOfRobotsOnWhiteSite
14729,14,24
timeStep,numberOfRobotsOnBlackSite,numberOfRobotsOnWhiteSite
14730,14,24
timeStep,numberOfRobotsOnBlackSite,numberOfRobotsOnWhiteSite
14731,14,24
timeStep,numberOfRobotsOnBlackSite,numberOfRobotsOnWhiteSite
14732,14,24
timeStep,numberOfRobotsOnBlackSite,numberOfRobotsOnWhiteSite
14733,14,24
timeStep,numberOfRobotsOnBlackSite,numberOfRobotsOnWhiteSite
14734,14,24
timeStep,numberOfRobotsOnBlackSite,numberOfRobotsOnWhiteSite
14735,14,24
timeStep,numberOfRobotsOnBlackSite,numberOfRobotsOnWhiteSite
14736,14,24
timeStep,numberOfRobotsOnBlackSite,numberOfRobotsOnWhiteSite
14737,14,24
timeStep,numberOfRobotsOnBlackSite,numberOfRobotsOnWhiteSite
14738,14,24
timeStep,numberOfRobotsOnBlackSite,numberOfRobotsOnWhiteSite
14739,14,24
timeStep,numberOfRobotsOnBlackSite,numberOfRobotsOnWhiteSite
14740,14,25
timeStep,numberOfRobotsOnBlackSite,numberOfRobotsOnWhiteSite
14741,14,25
timeStep,numberOfRobotsOnBlackSite,numberOfRobotsOnWhiteSite
14742,14,25
timeStep,numberOfRobotsOnBlackSite,numberOfRobotsOnWhiteSite
14743,14,25
timeStep,numberOfRobotsOnBlackSite,numberOfRobotsOnWhiteSite
14744,14,25
timeStep,numberOfRobotsOnBlackSite,numberOfRobotsOnWhiteSite
14745,14,25
timeStep,numberOfRobotsOnBlackSite,numberOfRobotsOnWhiteSite
14746,14,25
timeStep,numberOfRobotsOnBlackSite,numberOfRobotsOnWhiteSite
14747,14,25
timeStep,numberOfRobotsOnBlackSite,numberOfRobotsOnWhiteSite
14748,14,25
timeStep,numberOfRobotsOnBlackSite,numberOfRobotsOnWhiteSite
14749,14,25
timeStep,numberOfRobotsOnBlackSite,numberOfRobotsOnWhiteSite
14750,14,25
timeStep,numberOfRobotsOnBlackSite,numberOfRobotsOnWhiteSite
14751,14,25
timeStep,numberOfRobotsOnBlackSite,numberOfRobotsOnWhiteSite
14752,14,25
timeStep,numberOfRobotsOnBlackSite,numberOfRobotsOnWhiteSite
14753,14,25
timeStep,numberOfRobotsOnBlackSite,numberOfRobotsOnWhiteSite
14754,14,25
timeStep,numberOfRobotsOnBlackSite,numberOfRobotsOnWhiteSite
14755,14,23
timeStep,numberOfRobotsOnBlackSite,numberOfRobotsOnWhiteSite
14756,14,23
timeStep,numberOfRobotsOnBlackSite,numberOfRobotsOnWhiteSite
14757,14,23
timeStep,numberOfRobotsOnBlackSite,numberOfRobotsOnWhiteSite
14758,14,23
timeStep,numberOfRobotsOnBlackSite,numberOfRobotsOnWhiteSite
14759,14,23
timeStep,numberOfRobotsOnBlackSite,numberOfRobotsOnWhiteSite
14760,14,23
timeStep,numberOfRobotsOnBlackSite,numberOfRobotsOnWhiteSite
14761,14,23
timeStep,numberOfRobotsOnBlackSite,numberOfRobotsOnWhiteSite
14762,14,23
timeStep,numberOfRobotsOnBlackSite,numberOfRobotsOnWhiteSite
14763,14,23
timeStep,numberOfRobotsOnBlackSite,numberOfRobotsOnWhiteSite
14764,14,23
timeStep,numberOfRobotsOnBlackSite,numberOfRobotsOnWhiteSite
14765,14,23
timeStep,numberOfRobotsOnBlackSite,numberOfRobotsOnWhiteSite
14766,14,23
timeStep,numberOfRobotsOnBlackSite,numberOfRobotsOnWhiteSite
14767,14,23
timeStep,numberOfRobotsOnBlackSite,numberOfRobotsOnWhiteSite
14768,14,23
timeStep,numberOfRobotsOnBlackSite,numberOfRobotsOnWhiteSite
14769,14,23
timeStep,numberOfRobotsOnBlackSite,numberOfRobotsOnWhiteSite
14770,14,23
timeStep,numberOfRobotsOnBlackSite,numberOfRobotsOnWhiteSite
14771,14,23
timeStep,numberOfRobotsOnBlackSite,numberOfRobotsOnWhiteSite
14772,14,23
timeStep,numberOfRobotsOnBlackSite,numberOfRobotsOnWhiteSite
14773,14,23
timeStep,numberOfRobotsOnBlackSite,numberOfRobotsOnWhiteSite
14774,14,23
timeStep,numberOfRobotsOnBlackSite,numberOfRobotsOnWhiteSite
14775,15,23
timeStep,numberOfRobotsOnBlackSite,numberOfRobotsOnWhiteSite
14776,15,23
timeStep,numberOfRobotsOnBlackSite,numberOfRobotsOnWhiteSite
14777,15,23
timeStep,numberOfRobotsOnBlackSite,numberOfRobotsOnWhiteSite
14778,15,23
timeStep,numberOfRobotsOnBlackSite,numberOfRobotsOnWhiteSite
14779,15,23
timeStep,numberOfRobotsOnBlackSite,numberOfRobotsOnWhiteSite
14780,15,23
timeStep,numberOfRobotsOnBlackSite,numberOfRobotsOnWhiteSite
14781,15,23
timeStep,numberOfRobotsOnBlackSite,numberOfRobotsOnWhiteSite
14782,15,23
timeStep,numberOfRobotsOnBlackSite,numberOfRobotsOnWhiteSite
14783,15,23
timeStep,numberOfRobotsOnBlackSite,numberOfRobotsOnWhiteSite
14784,15,23
timeStep,numberOfRobotsOnBlackSite,numberOfRobotsOnWhiteSite
14785,15,23
timeStep,numberOfRobotsOnBlackSite,numberOfRobotsOnWhiteSite
14786,15,23
timeStep,numberOfRobotsOnBlackSite,numberOfRobotsOnWhiteSite
14787,15,23
timeStep,numberOfRobotsOnBlackSite,numberOfRobotsOnWhiteSite
14788,15,23
timeStep,numberOfRobotsOnBlackSite,numberOfRobotsOnWhiteSite
14789,15,23
timeStep,numberOfRobotsOnBlackSite,numberOfRobotsOnWhiteSite
14790,15,23
timeStep,numberOfRobotsOnBlackSite,numberOfRobotsOnWhiteSite
14791,15,23
timeStep,numberOfRobotsOnBlackSite,numberOfRobotsOnWhiteSite
14792,15,23
timeStep,numberOfRobotsOnBlackSite,numberOfRobotsOnWhiteSite
14793,15,23
timeStep,numberOfRobotsOnBlackSite,numberOfRobotsOnWhiteSite
14794,15,23
timeStep,numberOfRobotsOnBlackSite,numberOfRobotsOnWhiteSite
14795,15,23
timeStep,numberOfRobotsOnBlackSite,numberOfRobotsOnWhiteSite
14796,15,23
timeStep,numberOfRobotsOnBlackSite,numberOfRobotsOnWhiteSite
14797,15,23
timeStep,numberOfRobotsOnBlackSite,numberOfRobotsOnWhiteSite
14798,15,23
timeStep,numberOfRobotsOnBlackSite,numberOfRobotsOnWhiteSite
14799,15,23
timeStep,numberOfRobotsOnBlackSite,numberOfRobotsOnWhiteSite
14800,15,22
timeStep,numberOfRobotsOnBlackSite,numberOfRobotsOnWhiteSite
14801,15,22
timeStep,numberOfRobotsOnBlackSite,numberOfRobotsOnWhiteSite
14802,15,22
timeStep,numberOfRobotsOnBlackSite,numberOfRobotsOnWhiteSite
14803,15,22
timeStep,numberOfRobotsOnBlackSite,numberOfRobotsOnWhiteSite
14804,15,22
timeStep,numberOfRobotsOnBlackSite,numberOfRobotsOnWhiteSite
14805,15,21
timeStep,numberOfRobotsOnBlackSite,numberOfRobotsOnWhiteSite
14806,15,21
timeStep,numberOfRobotsOnBlackSite,numberOfRobotsOnWhiteSite
14807,15,21
timeStep,numberOfRobotsOnBlackSite,numberOfRobotsOnWhiteSite
14808,15,21
timeStep,numberOfRobotsOnBlackSite,numberOfRobotsOnWhiteSite
14809,15,21
timeStep,numberOfRobotsOnBlackSite,numberOfRobotsOnWhiteSite
14810,15,21
timeStep,numberOfRobotsOnBlackSite,numberOfRobotsOnWhiteSite
14811,15,21
timeStep,numberOfRobotsOnBlackSite,numberOfRobotsOnWhiteSite
14812,15,21
timeStep,numberOfRobotsOnBlackSite,numberOfRobotsOnWhiteSite
14813,15,21
timeStep,numberOfRobotsOnBlackSite,numberOfRobotsOnWhiteSite
14814,15,21
timeStep,numberOfRobotsOnBlackSite,numberOfRobotsOnWhiteSite
14815,15,21
timeStep,numberOfRobotsOnBlackSite,numberOfRobotsOnWhiteSite
14816,15,21
timeStep,numberOfRobotsOnBlackSite,numberOfRobotsOnWhiteSite
14817,15,21
timeStep,numberOfRobotsOnBlackSite,numberOfRobotsOnWhiteSite
14818,15,21
timeStep,numberOfRobotsOnBlackSite,numberOfRobotsOnWhiteSite
14819,15,21
timeStep,numberOfRobotsOnBlackSite,numberOfRobotsOnWhiteSite
14820,15,22
timeStep,numberOfRobotsOnBlackSite,numberOfRobotsOnWhiteSite
14821,15,22
timeStep,numberOfRobotsOnBlackSite,numberOfRobotsOnWhiteSite
14822,15,22
timeStep,numberOfRobotsOnBlackSite,numberOfRobotsOnWhiteSite
14823,15,22
timeStep,numberOfRobotsOnBlackSite,numberOfRobotsOnWhiteSite
14824,15,22
timeStep,numberOfRobotsOnBlackSite,numberOfRobotsOnWhiteSite
14825,15,22
timeStep,numberOfRobotsOnBlackSite,numberOfRobotsOnWhiteSite
14826,15,22
timeStep,numberOfRobotsOnBlackSite,numberOfRobotsOnWhiteSite
14827,15,22
timeStep,numberOfRobotsOnBlackSite,numberOfRobotsOnWhiteSite
14828,15,22
timeStep,numberOfRobotsOnBlackSite,numberOfRobotsOnWhiteSite
14829,15,22
timeStep,numberOfRobotsOnBlackSite,numberOfRobotsOnWhiteSite
14830,15,22
timeStep,numberOfRobotsOnBlackSite,numberOfRobotsOnWhiteSite
14831,15,22
timeStep,numberOfRobotsOnBlackSite,numberOfRobotsOnWhiteSite
14832,15,22
timeStep,numberOfRobotsOnBlackSite,numberOfRobotsOnWhiteSite
14833,15,22
timeStep,numberOfRobotsOnBlackSite,numberOfRobotsOnWhiteSite
14834,15,22
timeStep,numberOfRobotsOnBlackSite,numberOfRobotsOnWhiteSite
14835,15,22
timeStep,numberOfRobotsOnBlackSite,numberOfRobotsOnWhiteSite
14836,15,22
timeStep,numberOfRobotsOnBlackSite,numberOfRobotsOnWhiteSite
14837,15,22
timeStep,numberOfRobotsOnBlackSite,numberOfRobotsOnWhiteSite
14838,15,22
timeStep,numberOfRobotsOnBlackSite,numberOfRobotsOnWhiteSite
14839,15,22
timeStep,numberOfRobotsOnBlackSite,numberOfRobotsOnWhiteSite
14840,15,21
timeStep,numberOfRobotsOnBlackSite,numberOfRobotsOnWhiteSite
14841,15,21
timeStep,numberOfRobotsOnBlackSite,numberOfRobotsOnWhiteSite
14842,15,21
timeStep,numberOfRobotsOnBlackSite,numberOfRobotsOnWhiteSite
14843,15,21
timeStep,numberOfRobotsOnBlackSite,numberOfRobotsOnWhiteSite
14844,15,21
timeStep,numberOfRobotsOnBlackSite,numberOfRobotsOnWhiteSite
14845,15,21
timeStep,numberOfRobotsOnBlackSite,numberOfRobotsOnWhiteSite
14846,15,21
timeStep,numberOfRobotsOnBlackSite,numberOfRobotsOnWhiteSite
14847,15,21
timeStep,numberOfRobotsOnBlackSite,numberOfRobotsOnWhiteSite
14848,15,21
timeStep,numberOfRobotsOnBlackSite,numberOfRobotsOnWhiteSite
14849,15,21
timeStep,numberOfRobotsOnBlackSite,numberOfRobotsOnWhiteSite
14850,15,21
timeStep,numberOfRobotsOnBlackSite,numberOfRobotsOnWhiteSite
14851,15,21
timeStep,numberOfRobotsOnBlackSite,numberOfRobotsOnWhiteSite
14852,15,21
timeStep,numberOfRobotsOnBlackSite,numberOfRobotsOnWhiteSite
14853,15,21
timeStep,numberOfRobotsOnBlackSite,numberOfRobotsOnWhiteSite
14854,15,21
timeStep,numberOfRobotsOnBlackSite,numberOfRobotsOnWhiteSite
14855,15,21
timeStep,numberOfRobotsOnBlackSite,numberOfRobotsOnWhiteSite
14856,15,21
timeStep,numberOfRobotsOnBlackSite,numberOfRobotsOnWhiteSite
14857,15,21
timeStep,numberOfRobotsOnBlackSite,numberOfRobotsOnWhiteSite
14858,15,21
timeStep,numberOfRobotsOnBlackSite,numberOfRobotsOnWhiteSite
14859,15,21
timeStep,numberOfRobotsOnBlackSite,numberOfRobotsOnWhiteSite
14860,15,22
timeStep,numberOfRobotsOnBlackSite,numberOfRobotsOnWhiteSite
14861,15,22
timeStep,numberOfRobotsOnBlackSite,numberOfRobotsOnWhiteSite
14862,15,22
timeStep,numberOfRobotsOnBlackSite,numberOfRobotsOnWhiteSite
14863,15,22
timeStep,numberOfRobotsOnBlackSite,numberOfRobotsOnWhiteSite
14864,15,22
timeStep,numberOfRobotsOnBlackSite,numberOfRobotsOnWhiteSite
14865,15,22
timeStep,numberOfRobotsOnBlackSite,numberOfRobotsOnWhiteSite
14866,15,22
timeStep,numberOfRobotsOnBlackSite,numberOfRobotsOnWhiteSite
14867,15,22
timeStep,numberOfRobotsOnBlackSite,numberOfRobotsOnWhiteSite
14868,15,22
timeStep,numberOfRobotsOnBlackSite,numberOfRobotsOnWhiteSite
14869,15,22
timeStep,numberOfRobotsOnBlackSite,numberOfRobotsOnWhiteSite
14870,15,22
timeStep,numberOfRobotsOnBlackSite,numberOfRobotsOnWhiteSite
14871,15,22
timeStep,numberOfRobotsOnBlackSite,numberOfRobotsOnWhiteSite
14872,15,22
timeStep,numberOfRobotsOnBlackSite,numberOfRobotsOnWhiteSite
14873,15,22
timeStep,numberOfRobotsOnBlackSite,numberOfRobotsOnWhiteSite
14874,15,22
timeStep,numberOfRobotsOnBlackSite,numberOfRobotsOnWhiteSite
14875,15,22
timeStep,numberOfRobotsOnBlackSite,numberOfRobotsOnWhiteSite
14876,15,22
timeStep,numberOfRobotsOnBlackSite,numberOfRobotsOnWhiteSite
14877,15,22
timeStep,numberOfRobotsOnBlackSite,numberOfRobotsOnWhiteSite
14878,15,22
timeStep,numberOfRobotsOnBlackSite,numberOfRobotsOnWhiteSite
14879,15,22
timeStep,numberOfRobotsOnBlackSite,numberOfRobotsOnWhiteSite
14880,15,22
timeStep,numberOfRobotsOnBlackSite,numberOfRobotsOnWhiteSite
14881,15,22
timeStep,numberOfRobotsOnBlackSite,numberOfRobotsOnWhiteSite
14882,15,22
timeStep,numberOfRobotsOnBlackSite,numberOfRobotsOnWhiteSite
14883,15,22
timeStep,numberOfRobotsOnBlackSite,numberOfRobotsOnWhiteSite
14884,15,22
timeStep,numberOfRobotsOnBlackSite,numberOfRobotsOnWhiteSite
14885,15,22
timeStep,numberOfRobotsOnBlackSite,numberOfRobotsOnWhiteSite
14886,15,22
timeStep,numberOfRobotsOnBlackSite,numberOfRobotsOnWhiteSite
14887,15,22
timeStep,numberOfRobotsOnBlackSite,numberOfRobotsOnWhiteSite
14888,15,22
timeStep,numberOfRobotsOnBlackSite,numberOfRobotsOnWhiteSite
14889,15,22
timeStep,numberOfRobotsOnBlackSite,numberOfRobotsOnWhiteSite
14890,15,22
timeStep,numberOfRobotsOnBlackSite,numberOfRobotsOnWhiteSite
14891,15,22
timeStep,numberOfRobotsOnBlackSite,numberOfRobotsOnWhiteSite
14892,15,22
timeStep,numberOfRobotsOnBlackSite,numberOfRobotsOnWhiteSite
14893,15,22
timeStep,numberOfRobotsOnBlackSite,numberOfRobotsOnWhiteSite
14894,15,22
timeStep,numberOfRobotsOnBlackSite,numberOfRobotsOnWhiteSite
14895,15,22
timeStep,numberOfRobotsOnBlackSite,numberOfRobotsOnWhiteSite
14896,15,22
timeStep,numberOfRobotsOnBlackSite,numberOfRobotsOnWhiteSite
14897,15,22
timeStep,numberOfRobotsOnBlackSite,numberOfRobotsOnWhiteSite
14898,15,22
timeStep,numberOfRobotsOnBlackSite,numberOfRobotsOnWhiteSite
14899,15,22
timeStep,numberOfRobotsOnBlackSite,numberOfRobotsOnWhiteSite
14900,15,22
timeStep,numberOfRobotsOnBlackSite,numberOfRobotsOnWhiteSite
14901,15,22
timeStep,numberOfRobotsOnBlackSite,numberOfRobotsOnWhiteSite
14902,15,22
timeStep,numberOfRobotsOnBlackSite,numberOfRobotsOnWhiteSite
14903,15,22
timeStep,numberOfRobotsOnBlackSite,numberOfRobotsOnWhiteSite
14904,15,22
timeStep,numberOfRobotsOnBlackSite,numberOfRobotsOnWhiteSite
14905,15,22
timeStep,numberOfRobotsOnBlackSite,numberOfRobotsOnWhiteSite
14906,15,22
timeStep,numberOfRobotsOnBlackSite,numberOfRobotsOnWhiteSite
14907,15,22
timeStep,numberOfRobotsOnBlackSite,numberOfRobotsOnWhiteSite
14908,15,22
timeStep,numberOfRobotsOnBlackSite,numberOfRobotsOnWhiteSite
14909,15,22
timeStep,numberOfRobotsOnBlackSite,numberOfRobotsOnWhiteSite
14910,15,21
timeStep,numberOfRobotsOnBlackSite,numberOfRobotsOnWhiteSite
14911,15,21
timeStep,numberOfRobotsOnBlackSite,numberOfRobotsOnWhiteSite
14912,15,21
timeStep,numberOfRobotsOnBlackSite,numberOfRobotsOnWhiteSite
14913,15,21
timeStep,numberOfRobotsOnBlackSite,numberOfRobotsOnWhiteSite
14914,15,21
timeStep,numberOfRobotsOnBlackSite,numberOfRobotsOnWhiteSite
14915,15,21
timeStep,numberOfRobotsOnBlackSite,numberOfRobotsOnWhiteSite
14916,15,21
timeStep,numberOfRobotsOnBlackSite,numberOfRobotsOnWhiteSite
14917,15,21
timeStep,numberOfRobotsOnBlackSite,numberOfRobotsOnWhiteSite
14918,15,21
timeStep,numberOfRobotsOnBlackSite,numberOfRobotsOnWhiteSite
14919,15,21
timeStep,numberOfRobotsOnBlackSite,numberOfRobotsOnWhiteSite
14920,15,21
timeStep,numberOfRobotsOnBlackSite,numberOfRobotsOnWhiteSite
14921,15,21
timeStep,numberOfRobotsOnBlackSite,numberOfRobotsOnWhiteSite
14922,15,21
timeStep,numberOfRobotsOnBlackSite,numberOfRobotsOnWhiteSite
14923,15,21
timeStep,numberOfRobotsOnBlackSite,numberOfRobotsOnWhiteSite
14924,15,21
timeStep,numberOfRobotsOnBlackSite,numberOfRobotsOnWhiteSite
14925,15,21
timeStep,numberOfRobotsOnBlackSite,numberOfRobotsOnWhiteSite
14926,15,21
timeStep,numberOfRobotsOnBlackSite,numberOfRobotsOnWhiteSite
14927,15,21
timeStep,numberOfRobotsOnBlackSite,numberOfRobotsOnWhiteSite
14928,15,21
timeStep,numberOfRobotsOnBlackSite,numberOfRobotsOnWhiteSite
14929,15,21
timeStep,numberOfRobotsOnBlackSite,numberOfRobotsOnWhiteSite
14930,14,21
timeStep,numberOfRobotsOnBlackSite,numberOfRobotsOnWhiteSite
14931,14,21
timeStep,numberOfRobotsOnBlackSite,numberOfRobotsOnWhiteSite
14932,14,21
timeStep,numberOfRobotsOnBlackSite,numberOfRobotsOnWhiteSite
14933,14,21
timeStep,numberOfRobotsOnBlackSite,numberOfRobotsOnWhiteSite
14934,14,21
timeStep,numberOfRobotsOnBlackSite,numberOfRobotsOnWhiteSite
14935,14,22
timeStep,numberOfRobotsOnBlackSite,numberOfRobotsOnWhiteSite
14936,14,22
timeStep,numberOfRobotsOnBlackSite,numberOfRobotsOnWhiteSite
14937,14,22
timeStep,numberOfRobotsOnBlackSite,numberOfRobotsOnWhiteSite
14938,14,22
timeStep,numberOfRobotsOnBlackSite,numberOfRobotsOnWhiteSite
14939,14,22
timeStep,numberOfRobotsOnBlackSite,numberOfRobotsOnWhiteSite
14940,14,22
timeStep,numberOfRobotsOnBlackSite,numberOfRobotsOnWhiteSite
14941,14,22
timeStep,numberOfRobotsOnBlackSite,numberOfRobotsOnWhiteSite
14942,14,22
timeStep,numberOfRobotsOnBlackSite,numberOfRobotsOnWhiteSite
14943,14,22
timeStep,numberOfRobotsOnBlackSite,numberOfRobotsOnWhiteSite
14944,14,22
timeStep,numberOfRobotsOnBlackSite,numberOfRobotsOnWhiteSite
14945,14,22
timeStep,numberOfRobotsOnBlackSite,numberOfRobotsOnWhiteSite
14946,14,22
timeStep,numberOfRobotsOnBlackSite,numberOfRobotsOnWhiteSite
14947,14,22
timeStep,numberOfRobotsOnBlackSite,numberOfRobotsOnWhiteSite
14948,14,22
timeStep,numberOfRobotsOnBlackSite,numberOfRobotsOnWhiteSite
14949,14,22
timeStep,numberOfRobotsOnBlackSite,numberOfRobotsOnWhiteSite
14950,14,22
timeStep,numberOfRobotsOnBlackSite,numberOfRobotsOnWhiteSite
14951,14,22
timeStep,numberOfRobotsOnBlackSite,numberOfRobotsOnWhiteSite
14952,14,22
timeStep,numberOfRobotsOnBlackSite,numberOfRobotsOnWhiteSite
14953,14,22
timeStep,numberOfRobotsOnBlackSite,numberOfRobotsOnWhiteSite
14954,14,22
timeStep,numberOfRobotsOnBlackSite,numberOfRobotsOnWhiteSite
14955,14,21
timeStep,numberOfRobotsOnBlackSite,numberOfRobotsOnWhiteSite
14956,14,21
timeStep,numberOfRobotsOnBlackSite,numberOfRobotsOnWhiteSite
14957,14,21
timeStep,numberOfRobotsOnBlackSite,numberOfRobotsOnWhiteSite
14958,14,21
timeStep,numberOfRobotsOnBlackSite,numberOfRobotsOnWhiteSite
14959,14,21
timeStep,numberOfRobotsOnBlackSite,numberOfRobotsOnWhiteSite
14960,14,21
timeStep,numberOfRobotsOnBlackSite,numberOfRobotsOnWhiteSite
14961,14,21
timeStep,numberOfRobotsOnBlackSite,numberOfRobotsOnWhiteSite
14962,14,21
timeStep,numberOfRobotsOnBlackSite,numberOfRobotsOnWhiteSite
14963,14,21
timeStep,numberOfRobotsOnBlackSite,numberOfRobotsOnWhiteSite
14964,14,21
timeStep,numberOfRobotsOnBlackSite,numberOfRobotsOnWhiteSite
14965,14,21
timeStep,numberOfRobotsOnBlackSite,numberOfRobotsOnWhiteSite
14966,14,21
timeStep,numberOfRobotsOnBlackSite,numberOfRobotsOnWhiteSite
14967,14,21
timeStep,numberOfRobotsOnBlackSite,numberOfRobotsOnWhiteSite
14968,14,21
timeStep,numberOfRobotsOnBlackSite,numberOfRobotsOnWhiteSite
14969,14,21
timeStep,numberOfRobotsOnBlackSite,numberOfRobotsOnWhiteSite
14970,14,21
timeStep,numberOfRobotsOnBlackSite,numberOfRobotsOnWhiteSite
14971,14,21
timeStep,numberOfRobotsOnBlackSite,numberOfRobotsOnWhiteSite
14972,14,21
timeStep,numberOfRobotsOnBlackSite,numberOfRobotsOnWhiteSite
14973,14,21
timeStep,numberOfRobotsOnBlackSite,numberOfRobotsOnWhiteSite
14974,14,21
timeStep,numberOfRobotsOnBlackSite,numberOfRobotsOnWhiteSite
14975,14,21
timeStep,numberOfRobotsOnBlackSite,numberOfRobotsOnWhiteSite
14976,14,21
timeStep,numberOfRobotsOnBlackSite,numberOfRobotsOnWhiteSite
14977,14,21
timeStep,numberOfRobotsOnBlackSite,numberOfRobotsOnWhiteSite
14978,14,21
timeStep,numberOfRobotsOnBlackSite,numberOfRobotsOnWhiteSite
14979,14,21
timeStep,numberOfRobotsOnBlackSite,numberOfRobotsOnWhiteSite
14980,14,21
timeStep,numberOfRobotsOnBlackSite,numberOfRobotsOnWhiteSite
14981,14,21
timeStep,numberOfRobotsOnBlackSite,numberOfRobotsOnWhiteSite
14982,14,21
timeStep,numberOfRobotsOnBlackSite,numberOfRobotsOnWhiteSite
14983,14,21
timeStep,numberOfRobotsOnBlackSite,numberOfRobotsOnWhiteSite
14984,14,21
timeStep,numberOfRobotsOnBlackSite,numberOfRobotsOnWhiteSite
14985,14,21
timeStep,numberOfRobotsOnBlackSite,numberOfRobotsOnWhiteSite
14986,14,21
timeStep,numberOfRobotsOnBlackSite,numberOfRobotsOnWhiteSite
14987,14,21
timeStep,numberOfRobotsOnBlackSite,numberOfRobotsOnWhiteSite
14988,14,21
timeStep,numberOfRobotsOnBlackSite,numberOfRobotsOnWhiteSite
14989,14,21
timeStep,numberOfRobotsOnBlackSite,numberOfRobotsOnWhiteSite
14990,13,21
timeStep,numberOfRobotsOnBlackSite,numberOfRobotsOnWhiteSite
14991,13,21
timeStep,numberOfRobotsOnBlackSite,numberOfRobotsOnWhiteSite
14992,13,21
timeStep,numberOfRobotsOnBlackSite,numberOfRobotsOnWhiteSite
14993,13,21
timeStep,numberOfRobotsOnBlackSite,numberOfRobotsOnWhiteSite
14994,13,21
timeStep,numberOfRobotsOnBlackSite,numberOfRobotsOnWhiteSite
14995,13,21
timeStep,numberOfRobotsOnBlackSite,numberOfRobotsOnWhiteSite
14996,13,21
timeStep,numberOfRobotsOnBlackSite,numberOfRobotsOnWhiteSite
14997,13,21
timeStep,numberOfRobotsOnBlackSite,numberOfRobotsOnWhiteSite
14998,13,21
timeStep,numberOfRobotsOnBlackSite,numberOfRobotsOnWhiteSite
14999,13,21
timeStep,numberOfRobotsOnBlackSite,numberOfRobotsOnWhiteSite
15000,13,21
timeStep,numberOfRobotsOnBlackSite,numberOfRobotsOnWhiteSite
15001,13,21
timeStep,numberOfRobotsOnBlackSite,numberOfRobotsOnWhiteSite
15002,13,21
timeStep,numberOfRobotsOnBlackSite,numberOfRobotsOnWhiteSite
15003,13,21
timeStep,numberOfRobotsOnBlackSite,numberOfRobotsOnWhiteSite
15004,13,21
timeStep,numberOfRobotsOnBlackSite,numberOfRobotsOnWhiteSite
15005,13,21
timeStep,numberOfRobotsOnBlackSite,numberOfRobotsOnWhiteSite
15006,13,21
timeStep,numberOfRobotsOnBlackSite,numberOfRobotsOnWhiteSite
15007,13,21
timeStep,numberOfRobotsOnBlackSite,numberOfRobotsOnWhiteSite
15008,13,21
timeStep,numberOfRobotsOnBlackSite,numberOfRobotsOnWhiteSite
15009,13,21
timeStep,numberOfRobotsOnBlackSite,numberOfRobotsOnWhiteSite
15010,14,22
timeStep,numberOfRobotsOnBlackSite,numberOfRobotsOnWhiteSite
15011,14,22
timeStep,numberOfRobotsOnBlackSite,numberOfRobotsOnWhiteSite
15012,14,22
timeStep,numberOfRobotsOnBlackSite,numberOfRobotsOnWhiteSite
15013,14,22
timeStep,numberOfRobotsOnBlackSite,numberOfRobotsOnWhiteSite
15014,14,22
timeStep,numberOfRobotsOnBlackSite,numberOfRobotsOnWhiteSite
15015,14,22
timeStep,numberOfRobotsOnBlackSite,numberOfRobotsOnWhiteSite
15016,14,22
timeStep,numberOfRobotsOnBlackSite,numberOfRobotsOnWhiteSite
15017,14,22
timeStep,numberOfRobotsOnBlackSite,numberOfRobotsOnWhiteSite
15018,14,22
timeStep,numberOfRobotsOnBlackSite,numberOfRobotsOnWhiteSite
15019,14,22
timeStep,numberOfRobotsOnBlackSite,numberOfRobotsOnWhiteSite
15020,14,22
timeStep,numberOfRobotsOnBlackSite,numberOfRobotsOnWhiteSite
15021,14,22
timeStep,numberOfRobotsOnBlackSite,numberOfRobotsOnWhiteSite
15022,14,22
timeStep,numberOfRobotsOnBlackSite,numberOfRobotsOnWhiteSite
15023,14,22
timeStep,numberOfRobotsOnBlackSite,numberOfRobotsOnWhiteSite
15024,14,22
timeStep,numberOfRobotsOnBlackSite,numberOfRobotsOnWhiteSite
15025,14,23
timeStep,numberOfRobotsOnBlackSite,numberOfRobotsOnWhiteSite
15026,14,23
timeStep,numberOfRobotsOnBlackSite,numberOfRobotsOnWhiteSite
15027,14,23
timeStep,numberOfRobotsOnBlackSite,numberOfRobotsOnWhiteSite
15028,14,23
timeStep,numberOfRobotsOnBlackSite,numberOfRobotsOnWhiteSite
15029,14,23
timeStep,numberOfRobotsOnBlackSite,numberOfRobotsOnWhiteSite
15030,14,23
timeStep,numberOfRobotsOnBlackSite,numberOfRobotsOnWhiteSite
15031,14,23
timeStep,numberOfRobotsOnBlackSite,numberOfRobotsOnWhiteSite
15032,14,23
timeStep,numberOfRobotsOnBlackSite,numberOfRobotsOnWhiteSite
15033,14,23
timeStep,numberOfRobotsOnBlackSite,numberOfRobotsOnWhiteSite
15034,14,23
timeStep,numberOfRobotsOnBlackSite,numberOfRobotsOnWhiteSite
15035,14,23
timeStep,numberOfRobotsOnBlackSite,numberOfRobotsOnWhiteSite
15036,14,23
timeStep,numberOfRobotsOnBlackSite,numberOfRobotsOnWhiteSite
15037,14,23
timeStep,numberOfRobotsOnBlackSite,numberOfRobotsOnWhiteSite
15038,14,23
timeStep,numberOfRobotsOnBlackSite,numberOfRobotsOnWhiteSite
15039,14,23
timeStep,numberOfRobotsOnBlackSite,numberOfRobotsOnWhiteSite
15040,15,24
timeStep,numberOfRobotsOnBlackSite,numberOfRobotsOnWhiteSite
15041,15,24
timeStep,numberOfRobotsOnBlackSite,numberOfRobotsOnWhiteSite
15042,15,24
timeStep,numberOfRobotsOnBlackSite,numberOfRobotsOnWhiteSite
15043,15,24
timeStep,numberOfRobotsOnBlackSite,numberOfRobotsOnWhiteSite
15044,15,24
timeStep,numberOfRobotsOnBlackSite,numberOfRobotsOnWhiteSite
15045,15,24
timeStep,numberOfRobotsOnBlackSite,numberOfRobotsOnWhiteSite
15046,15,24
timeStep,numberOfRobotsOnBlackSite,numberOfRobotsOnWhiteSite
15047,15,24
timeStep,numberOfRobotsOnBlackSite,numberOfRobotsOnWhiteSite
15048,15,24
timeStep,numberOfRobotsOnBlackSite,numberOfRobotsOnWhiteSite
15049,15,24
timeStep,numberOfRobotsOnBlackSite,numberOfRobotsOnWhiteSite
15050,15,24
timeStep,numberOfRobotsOnBlackSite,numberOfRobotsOnWhiteSite
15051,15,24
timeStep,numberOfRobotsOnBlackSite,numberOfRobotsOnWhiteSite
15052,15,24
timeStep,numberOfRobotsOnBlackSite,numberOfRobotsOnWhiteSite
15053,15,24
timeStep,numberOfRobotsOnBlackSite,numberOfRobotsOnWhiteSite
15054,15,24
timeStep,numberOfRobotsOnBlackSite,numberOfRobotsOnWhiteSite
15055,15,24
timeStep,numberOfRobotsOnBlackSite,numberOfRobotsOnWhiteSite
15056,15,24
timeStep,numberOfRobotsOnBlackSite,numberOfRobotsOnWhiteSite
15057,15,24
timeStep,numberOfRobotsOnBlackSite,numberOfRobotsOnWhiteSite
15058,15,24
timeStep,numberOfRobotsOnBlackSite,numberOfRobotsOnWhiteSite
15059,15,24
timeStep,numberOfRobotsOnBlackSite,numberOfRobotsOnWhiteSite
15060,15,24
timeStep,numberOfRobotsOnBlackSite,numberOfRobotsOnWhiteSite
15061,15,24
timeStep,numberOfRobotsOnBlackSite,numberOfRobotsOnWhiteSite
15062,15,24
timeStep,numberOfRobotsOnBlackSite,numberOfRobotsOnWhiteSite
15063,15,24
timeStep,numberOfRobotsOnBlackSite,numberOfRobotsOnWhiteSite
15064,15,24
timeStep,numberOfRobotsOnBlackSite,numberOfRobotsOnWhiteSite
15065,15,24
timeStep,numberOfRobotsOnBlackSite,numberOfRobotsOnWhiteSite
15066,15,24
timeStep,numberOfRobotsOnBlackSite,numberOfRobotsOnWhiteSite
15067,15,24
timeStep,numberOfRobotsOnBlackSite,numberOfRobotsOnWhiteSite
15068,15,24
timeStep,numberOfRobotsOnBlackSite,numberOfRobotsOnWhiteSite
15069,15,24
timeStep,numberOfRobotsOnBlackSite,numberOfRobotsOnWhiteSite
15070,15,24
timeStep,numberOfRobotsOnBlackSite,numberOfRobotsOnWhiteSite
15071,15,24
timeStep,numberOfRobotsOnBlackSite,numberOfRobotsOnWhiteSite
15072,15,24
timeStep,numberOfRobotsOnBlackSite,numberOfRobotsOnWhiteSite
15073,15,24
timeStep,numberOfRobotsOnBlackSite,numberOfRobotsOnWhiteSite
15074,15,24
timeStep,numberOfRobotsOnBlackSite,numberOfRobotsOnWhiteSite
15075,15,24
timeStep,numberOfRobotsOnBlackSite,numberOfRobotsOnWhiteSite
15076,15,24
timeStep,numberOfRobotsOnBlackSite,numberOfRobotsOnWhiteSite
15077,15,24
timeStep,numberOfRobotsOnBlackSite,numberOfRobotsOnWhiteSite
15078,15,24
timeStep,numberOfRobotsOnBlackSite,numberOfRobotsOnWhiteSite
15079,15,24
timeStep,numberOfRobotsOnBlackSite,numberOfRobotsOnWhiteSite
15080,15,24
timeStep,numberOfRobotsOnBlackSite,numberOfRobotsOnWhiteSite
15081,15,24
timeStep,numberOfRobotsOnBlackSite,numberOfRobotsOnWhiteSite
15082,15,24
timeStep,numberOfRobotsOnBlackSite,numberOfRobotsOnWhiteSite
15083,15,24
timeStep,numberOfRobotsOnBlackSite,numberOfRobotsOnWhiteSite
15084,15,24
timeStep,numberOfRobotsOnBlackSite,numberOfRobotsOnWhiteSite
15085,15,24
timeStep,numberOfRobotsOnBlackSite,numberOfRobotsOnWhiteSite
15086,15,24
timeStep,numberOfRobotsOnBlackSite,numberOfRobotsOnWhiteSite
15087,15,24
timeStep,numberOfRobotsOnBlackSite,numberOfRobotsOnWhiteSite
15088,15,24
timeStep,numberOfRobotsOnBlackSite,numberOfRobotsOnWhiteSite
15089,15,24
timeStep,numberOfRobotsOnBlackSite,numberOfRobotsOnWhiteSite
15090,15,24
timeStep,numberOfRobotsOnBlackSite,numberOfRobotsOnWhiteSite
15091,15,24
timeStep,numberOfRobotsOnBlackSite,numberOfRobotsOnWhiteSite
15092,15,24
timeStep,numberOfRobotsOnBlackSite,numberOfRobotsOnWhiteSite
15093,15,24
timeStep,numberOfRobotsOnBlackSite,numberOfRobotsOnWhiteSite
15094,15,24
timeStep,numberOfRobotsOnBlackSite,numberOfRobotsOnWhiteSite
15095,15,24
timeStep,numberOfRobotsOnBlackSite,numberOfRobotsOnWhiteSite
15096,15,24
timeStep,numberOfRobotsOnBlackSite,numberOfRobotsOnWhiteSite
15097,15,24
timeStep,numberOfRobotsOnBlackSite,numberOfRobotsOnWhiteSite
15098,15,24
timeStep,numberOfRobotsOnBlackSite,numberOfRobotsOnWhiteSite
15099,15,24
timeStep,numberOfRobotsOnBlackSite,numberOfRobotsOnWhiteSite
15100,15,24
timeStep,numberOfRobotsOnBlackSite,numberOfRobotsOnWhiteSite
15101,15,24
timeStep,numberOfRobotsOnBlackSite,numberOfRobotsOnWhiteSite
15102,15,24
timeStep,numberOfRobotsOnBlackSite,numberOfRobotsOnWhiteSite
15103,15,24
timeStep,numberOfRobotsOnBlackSite,numberOfRobotsOnWhiteSite
15104,15,24
timeStep,numberOfRobotsOnBlackSite,numberOfRobotsOnWhiteSite
15105,15,24
timeStep,numberOfRobotsOnBlackSite,numberOfRobotsOnWhiteSite
15106,15,24
timeStep,numberOfRobotsOnBlackSite,numberOfRobotsOnWhiteSite
15107,15,24
timeStep,numberOfRobotsOnBlackSite,numberOfRobotsOnWhiteSite
15108,15,24
timeStep,numberOfRobotsOnBlackSite,numberOfRobotsOnWhiteSite
15109,15,24
timeStep,numberOfRobotsOnBlackSite,numberOfRobotsOnWhiteSite
15110,15,24
timeStep,numberOfRobotsOnBlackSite,numberOfRobotsOnWhiteSite
15111,15,24
timeStep,numberOfRobotsOnBlackSite,numberOfRobotsOnWhiteSite
15112,15,24
timeStep,numberOfRobotsOnBlackSite,numberOfRobotsOnWhiteSite
15113,15,24
timeStep,numberOfRobotsOnBlackSite,numberOfRobotsOnWhiteSite
15114,15,24
timeStep,numberOfRobotsOnBlackSite,numberOfRobotsOnWhiteSite
15115,15,24
timeStep,numberOfRobotsOnBlackSite,numberOfRobotsOnWhiteSite
15116,15,24
timeStep,numberOfRobotsOnBlackSite,numberOfRobotsOnWhiteSite
15117,15,24
timeStep,numberOfRobotsOnBlackSite,numberOfRobotsOnWhiteSite
15118,15,24
timeStep,numberOfRobotsOnBlackSite,numberOfRobotsOnWhiteSite
15119,15,24
timeStep,numberOfRobotsOnBlackSite,numberOfRobotsOnWhiteSite
15120,15,24
timeStep,numberOfRobotsOnBlackSite,numberOfRobotsOnWhiteSite
15121,15,24
timeStep,numberOfRobotsOnBlackSite,numberOfRobotsOnWhiteSite
15122,15,24
timeStep,numberOfRobotsOnBlackSite,numberOfRobotsOnWhiteSite
15123,15,24
timeStep,numberOfRobotsOnBlackSite,numberOfRobotsOnWhiteSite
15124,15,24
timeStep,numberOfRobotsOnBlackSite,numberOfRobotsOnWhiteSite
15125,14,24
timeStep,numberOfRobotsOnBlackSite,numberOfRobotsOnWhiteSite
15126,14,24
timeStep,numberOfRobotsOnBlackSite,numberOfRobotsOnWhiteSite
15127,14,24
timeStep,numberOfRobotsOnBlackSite,numberOfRobotsOnWhiteSite
15128,14,24
timeStep,numberOfRobotsOnBlackSite,numberOfRobotsOnWhiteSite
15129,14,24
timeStep,numberOfRobotsOnBlackSite,numberOfRobotsOnWhiteSite
15130,14,24
timeStep,numberOfRobotsOnBlackSite,numberOfRobotsOnWhiteSite
15131,14,24
timeStep,numberOfRobotsOnBlackSite,numberOfRobotsOnWhiteSite
15132,14,24
timeStep,numberOfRobotsOnBlackSite,numberOfRobotsOnWhiteSite
15133,14,24
timeStep,numberOfRobotsOnBlackSite,numberOfRobotsOnWhiteSite
15134,14,24
timeStep,numberOfRobotsOnBlackSite,numberOfRobotsOnWhiteSite
15135,14,24
timeStep,numberOfRobotsOnBlackSite,numberOfRobotsOnWhiteSite
15136,14,24
timeStep,numberOfRobotsOnBlackSite,numberOfRobotsOnWhiteSite
15137,14,24
timeStep,numberOfRobotsOnBlackSite,numberOfRobotsOnWhiteSite
15138,14,24
timeStep,numberOfRobotsOnBlackSite,numberOfRobotsOnWhiteSite
15139,14,24
timeStep,numberOfRobotsOnBlackSite,numberOfRobotsOnWhiteSite
15140,14,24
timeStep,numberOfRobotsOnBlackSite,numberOfRobotsOnWhiteSite
15141,14,24
timeStep,numberOfRobotsOnBlackSite,numberOfRobotsOnWhiteSite
15142,14,24
timeStep,numberOfRobotsOnBlackSite,numberOfRobotsOnWhiteSite
15143,14,24
timeStep,numberOfRobotsOnBlackSite,numberOfRobotsOnWhiteSite
15144,14,24
timeStep,numberOfRobotsOnBlackSite,numberOfRobotsOnWhiteSite
15145,14,24
timeStep,numberOfRobotsOnBlackSite,numberOfRobotsOnWhiteSite
15146,14,24
timeStep,numberOfRobotsOnBlackSite,numberOfRobotsOnWhiteSite
15147,14,24
timeStep,numberOfRobotsOnBlackSite,numberOfRobotsOnWhiteSite
15148,14,24
timeStep,numberOfRobotsOnBlackSite,numberOfRobotsOnWhiteSite
15149,14,24
timeStep,numberOfRobotsOnBlackSite,numberOfRobotsOnWhiteSite
15150,14,24
timeStep,numberOfRobotsOnBlackSite,numberOfRobotsOnWhiteSite
15151,14,24
timeStep,numberOfRobotsOnBlackSite,numberOfRobotsOnWhiteSite
15152,14,24
timeStep,numberOfRobotsOnBlackSite,numberOfRobotsOnWhiteSite
15153,14,24
timeStep,numberOfRobotsOnBlackSite,numberOfRobotsOnWhiteSite
15154,14,24
timeStep,numberOfRobotsOnBlackSite,numberOfRobotsOnWhiteSite
15155,14,24
timeStep,numberOfRobotsOnBlackSite,numberOfRobotsOnWhiteSite
15156,14,24
timeStep,numberOfRobotsOnBlackSite,numberOfRobotsOnWhiteSite
15157,14,24
timeStep,numberOfRobotsOnBlackSite,numberOfRobotsOnWhiteSite
15158,14,24
timeStep,numberOfRobotsOnBlackSite,numberOfRobotsOnWhiteSite
15159,14,24
timeStep,numberOfRobotsOnBlackSite,numberOfRobotsOnWhiteSite
15160,14,24
timeStep,numberOfRobotsOnBlackSite,numberOfRobotsOnWhiteSite
15161,14,24
timeStep,numberOfRobotsOnBlackSite,numberOfRobotsOnWhiteSite
15162,14,24
timeStep,numberOfRobotsOnBlackSite,numberOfRobotsOnWhiteSite
15163,14,24
timeStep,numberOfRobotsOnBlackSite,numberOfRobotsOnWhiteSite
15164,14,24
timeStep,numberOfRobotsOnBlackSite,numberOfRobotsOnWhiteSite
15165,14,24
timeStep,numberOfRobotsOnBlackSite,numberOfRobotsOnWhiteSite
15166,14,24
timeStep,numberOfRobotsOnBlackSite,numberOfRobotsOnWhiteSite
15167,14,24
timeStep,numberOfRobotsOnBlackSite,numberOfRobotsOnWhiteSite
15168,14,24
timeStep,numberOfRobotsOnBlackSite,numberOfRobotsOnWhiteSite
15169,14,24
timeStep,numberOfRobotsOnBlackSite,numberOfRobotsOnWhiteSite
15170,14,24
timeStep,numberOfRobotsOnBlackSite,numberOfRobotsOnWhiteSite
15171,14,24
timeStep,numberOfRobotsOnBlackSite,numberOfRobotsOnWhiteSite
15172,14,24
timeStep,numberOfRobotsOnBlackSite,numberOfRobotsOnWhiteSite
15173,14,24
timeStep,numberOfRobotsOnBlackSite,numberOfRobotsOnWhiteSite
15174,14,24
timeStep,numberOfRobotsOnBlackSite,numberOfRobotsOnWhiteSite
15175,14,24
timeStep,numberOfRobotsOnBlackSite,numberOfRobotsOnWhiteSite
15176,14,24
timeStep,numberOfRobotsOnBlackSite,numberOfRobotsOnWhiteSite
15177,14,24
timeStep,numberOfRobotsOnBlackSite,numberOfRobotsOnWhiteSite
15178,14,24
timeStep,numberOfRobotsOnBlackSite,numberOfRobotsOnWhiteSite
15179,14,24
timeStep,numberOfRobotsOnBlackSite,numberOfRobotsOnWhiteSite
15180,14,24
timeStep,numberOfRobotsOnBlackSite,numberOfRobotsOnWhiteSite
15181,14,24
timeStep,numberOfRobotsOnBlackSite,numberOfRobotsOnWhiteSite
15182,14,24
timeStep,numberOfRobotsOnBlackSite,numberOfRobotsOnWhiteSite
15183,14,24
timeStep,numberOfRobotsOnBlackSite,numberOfRobotsOnWhiteSite
15184,14,24
timeStep,numberOfRobotsOnBlackSite,numberOfRobotsOnWhiteSite
15185,14,24
timeStep,numberOfRobotsOnBlackSite,numberOfRobotsOnWhiteSite
15186,14,24
timeStep,numberOfRobotsOnBlackSite,numberOfRobotsOnWhiteSite
15187,14,24
timeStep,numberOfRobotsOnBlackSite,numberOfRobotsOnWhiteSite
15188,14,24
timeStep,numberOfRobotsOnBlackSite,numberOfRobotsOnWhiteSite
15189,14,24
timeStep,numberOfRobotsOnBlackSite,numberOfRobotsOnWhiteSite
15190,14,24
timeStep,numberOfRobotsOnBlackSite,numberOfRobotsOnWhiteSite
15191,14,24
timeStep,numberOfRobotsOnBlackSite,numberOfRobotsOnWhiteSite
15192,14,24
timeStep,numberOfRobotsOnBlackSite,numberOfRobotsOnWhiteSite
15193,14,24
timeStep,numberOfRobotsOnBlackSite,numberOfRobotsOnWhiteSite
15194,14,24
timeStep,numberOfRobotsOnBlackSite,numberOfRobotsOnWhiteSite
15195,14,24
timeStep,numberOfRobotsOnBlackSite,numberOfRobotsOnWhiteSite
15196,14,24
timeStep,numberOfRobotsOnBlackSite,numberOfRobotsOnWhiteSite
15197,14,24
timeStep,numberOfRobotsOnBlackSite,numberOfRobotsOnWhiteSite
15198,14,24
timeStep,numberOfRobotsOnBlackSite,numberOfRobotsOnWhiteSite
15199,14,24
timeStep,numberOfRobotsOnBlackSite,numberOfRobotsOnWhiteSite
15200,15,24
timeStep,numberOfRobotsOnBlackSite,numberOfRobotsOnWhiteSite
15201,15,24
timeStep,numberOfRobotsOnBlackSite,numberOfRobotsOnWhiteSite
15202,15,24
timeStep,numberOfRobotsOnBlackSite,numberOfRobotsOnWhiteSite
15203,15,24
timeStep,numberOfRobotsOnBlackSite,numberOfRobotsOnWhiteSite
15204,15,24
timeStep,numberOfRobotsOnBlackSite,numberOfRobotsOnWhiteSite
15205,15,24
timeStep,numberOfRobotsOnBlackSite,numberOfRobotsOnWhiteSite
15206,15,24
timeStep,numberOfRobotsOnBlackSite,numberOfRobotsOnWhiteSite
15207,15,24
timeStep,numberOfRobotsOnBlackSite,numberOfRobotsOnWhiteSite
15208,15,24
timeStep,numberOfRobotsOnBlackSite,numberOfRobotsOnWhiteSite
15209,15,24
timeStep,numberOfRobotsOnBlackSite,numberOfRobotsOnWhiteSite
15210,15,24
timeStep,numberOfRobotsOnBlackSite,numberOfRobotsOnWhiteSite
15211,15,24
timeStep,numberOfRobotsOnBlackSite,numberOfRobotsOnWhiteSite
15212,15,24
timeStep,numberOfRobotsOnBlackSite,numberOfRobotsOnWhiteSite
15213,15,24
timeStep,numberOfRobotsOnBlackSite,numberOfRobotsOnWhiteSite
15214,15,24
timeStep,numberOfRobotsOnBlackSite,numberOfRobotsOnWhiteSite
15215,15,24
timeStep,numberOfRobotsOnBlackSite,numberOfRobotsOnWhiteSite
15216,15,24
timeStep,numberOfRobotsOnBlackSite,numberOfRobotsOnWhiteSite
15217,15,24
timeStep,numberOfRobotsOnBlackSite,numberOfRobotsOnWhiteSite
15218,15,24
timeStep,numberOfRobotsOnBlackSite,numberOfRobotsOnWhiteSite
15219,15,24
timeStep,numberOfRobotsOnBlackSite,numberOfRobotsOnWhiteSite
15220,15,24
timeStep,numberOfRobotsOnBlackSite,numberOfRobotsOnWhiteSite
15221,15,24
timeStep,numberOfRobotsOnBlackSite,numberOfRobotsOnWhiteSite
15222,15,24
timeStep,numberOfRobotsOnBlackSite,numberOfRobotsOnWhiteSite
15223,15,24
timeStep,numberOfRobotsOnBlackSite,numberOfRobotsOnWhiteSite
15224,15,24
timeStep,numberOfRobotsOnBlackSite,numberOfRobotsOnWhiteSite
15225,15,24
timeStep,numberOfRobotsOnBlackSite,numberOfRobotsOnWhiteSite
15226,15,24
timeStep,numberOfRobotsOnBlackSite,numberOfRobotsOnWhiteSite
15227,15,24
timeStep,numberOfRobotsOnBlackSite,numberOfRobotsOnWhiteSite
15228,15,24
timeStep,numberOfRobotsOnBlackSite,numberOfRobotsOnWhiteSite
15229,15,24
timeStep,numberOfRobotsOnBlackSite,numberOfRobotsOnWhiteSite
15230,15,24
timeStep,numberOfRobotsOnBlackSite,numberOfRobotsOnWhiteSite
15231,15,24
timeStep,numberOfRobotsOnBlackSite,numberOfRobotsOnWhiteSite
15232,15,24
timeStep,numberOfRobotsOnBlackSite,numberOfRobotsOnWhiteSite
15233,15,24
timeStep,numberOfRobotsOnBlackSite,numberOfRobotsOnWhiteSite
15234,15,24
timeStep,numberOfRobotsOnBlackSite,numberOfRobotsOnWhiteSite
15235,15,24
timeStep,numberOfRobotsOnBlackSite,numberOfRobotsOnWhiteSite
15236,15,24
timeStep,numberOfRobotsOnBlackSite,numberOfRobotsOnWhiteSite
15237,15,24
timeStep,numberOfRobotsOnBlackSite,numberOfRobotsOnWhiteSite
15238,15,24
timeStep,numberOfRobotsOnBlackSite,numberOfRobotsOnWhiteSite
15239,15,24
timeStep,numberOfRobotsOnBlackSite,numberOfRobotsOnWhiteSite
15240,15,24
timeStep,numberOfRobotsOnBlackSite,numberOfRobotsOnWhiteSite
15241,15,24
timeStep,numberOfRobotsOnBlackSite,numberOfRobotsOnWhiteSite
15242,15,24
timeStep,numberOfRobotsOnBlackSite,numberOfRobotsOnWhiteSite
15243,15,24
timeStep,numberOfRobotsOnBlackSite,numberOfRobotsOnWhiteSite
15244,15,24
timeStep,numberOfRobotsOnBlackSite,numberOfRobotsOnWhiteSite
15245,15,24
timeStep,numberOfRobotsOnBlackSite,numberOfRobotsOnWhiteSite
15246,15,24
timeStep,numberOfRobotsOnBlackSite,numberOfRobotsOnWhiteSite
15247,15,24
timeStep,numberOfRobotsOnBlackSite,numberOfRobotsOnWhiteSite
15248,15,24
timeStep,numberOfRobotsOnBlackSite,numberOfRobotsOnWhiteSite
15249,15,24
timeStep,numberOfRobotsOnBlackSite,numberOfRobotsOnWhiteSite
15250,15,24
timeStep,numberOfRobotsOnBlackSite,numberOfRobotsOnWhiteSite
15251,15,24
timeStep,numberOfRobotsOnBlackSite,numberOfRobotsOnWhiteSite
15252,15,24
timeStep,numberOfRobotsOnBlackSite,numberOfRobotsOnWhiteSite
15253,15,24
timeStep,numberOfRobotsOnBlackSite,numberOfRobotsOnWhiteSite
15254,15,24
timeStep,numberOfRobotsOnBlackSite,numberOfRobotsOnWhiteSite
15255,15,24
timeStep,numberOfRobotsOnBlackSite,numberOfRobotsOnWhiteSite
15256,15,24
timeStep,numberOfRobotsOnBlackSite,numberOfRobotsOnWhiteSite
15257,15,24
timeStep,numberOfRobotsOnBlackSite,numberOfRobotsOnWhiteSite
15258,15,24
timeStep,numberOfRobotsOnBlackSite,numberOfRobotsOnWhiteSite
15259,15,24
timeStep,numberOfRobotsOnBlackSite,numberOfRobotsOnWhiteSite
15260,15,24
timeStep,numberOfRobotsOnBlackSite,numberOfRobotsOnWhiteSite
15261,15,24
timeStep,numberOfRobotsOnBlackSite,numberOfRobotsOnWhiteSite
15262,15,24
timeStep,numberOfRobotsOnBlackSite,numberOfRobotsOnWhiteSite
15263,15,24
timeStep,numberOfRobotsOnBlackSite,numberOfRobotsOnWhiteSite
15264,15,24
timeStep,numberOfRobotsOnBlackSite,numberOfRobotsOnWhiteSite
15265,15,24
timeStep,numberOfRobotsOnBlackSite,numberOfRobotsOnWhiteSite
15266,15,24
timeStep,numberOfRobotsOnBlackSite,numberOfRobotsOnWhiteSite
15267,15,24
timeStep,numberOfRobotsOnBlackSite,numberOfRobotsOnWhiteSite
15268,15,24
timeStep,numberOfRobotsOnBlackSite,numberOfRobotsOnWhiteSite
15269,15,24
timeStep,numberOfRobotsOnBlackSite,numberOfRobotsOnWhiteSite
15270,15,24
timeStep,numberOfRobotsOnBlackSite,numberOfRobotsOnWhiteSite
15271,15,24
timeStep,numberOfRobotsOnBlackSite,numberOfRobotsOnWhiteSite
15272,15,24
timeStep,numberOfRobotsOnBlackSite,numberOfRobotsOnWhiteSite
15273,15,24
timeStep,numberOfRobotsOnBlackSite,numberOfRobotsOnWhiteSite
15274,15,24
timeStep,numberOfRobotsOnBlackSite,numberOfRobotsOnWhiteSite
15275,15,24
timeStep,numberOfRobotsOnBlackSite,numberOfRobotsOnWhiteSite
15276,15,24
timeStep,numberOfRobotsOnBlackSite,numberOfRobotsOnWhiteSite
15277,15,24
timeStep,numberOfRobotsOnBlackSite,numberOfRobotsOnWhiteSite
15278,15,24
timeStep,numberOfRobotsOnBlackSite,numberOfRobotsOnWhiteSite
15279,15,24
timeStep,numberOfRobotsOnBlackSite,numberOfRobotsOnWhiteSite
15280,15,24
timeStep,numberOfRobotsOnBlackSite,numberOfRobotsOnWhiteSite
15281,15,24
timeStep,numberOfRobotsOnBlackSite,numberOfRobotsOnWhiteSite
15282,15,24
timeStep,numberOfRobotsOnBlackSite,numberOfRobotsOnWhiteSite
15283,15,24
timeStep,numberOfRobotsOnBlackSite,numberOfRobotsOnWhiteSite
15284,15,24
timeStep,numberOfRobotsOnBlackSite,numberOfRobotsOnWhiteSite
15285,15,24
timeStep,numberOfRobotsOnBlackSite,numberOfRobotsOnWhiteSite
15286,15,24
timeStep,numberOfRobotsOnBlackSite,numberOfRobotsOnWhiteSite
15287,15,24
timeStep,numberOfRobotsOnBlackSite,numberOfRobotsOnWhiteSite
15288,15,24
timeStep,numberOfRobotsOnBlackSite,numberOfRobotsOnWhiteSite
15289,15,24
timeStep,numberOfRobotsOnBlackSite,numberOfRobotsOnWhiteSite
15290,15,24
timeStep,numberOfRobotsOnBlackSite,numberOfRobotsOnWhiteSite
15291,15,24
timeStep,numberOfRobotsOnBlackSite,numberOfRobotsOnWhiteSite
15292,15,24
timeStep,numberOfRobotsOnBlackSite,numberOfRobotsOnWhiteSite
15293,15,24
timeStep,numberOfRobotsOnBlackSite,numberOfRobotsOnWhiteSite
15294,15,24
timeStep,numberOfRobotsOnBlackSite,numberOfRobotsOnWhiteSite
15295,15,24
timeStep,numberOfRobotsOnBlackSite,numberOfRobotsOnWhiteSite
15296,15,24
timeStep,numberOfRobotsOnBlackSite,numberOfRobotsOnWhiteSite
15297,15,24
timeStep,numberOfRobotsOnBlackSite,numberOfRobotsOnWhiteSite
15298,15,24
timeStep,numberOfRobotsOnBlackSite,numberOfRobotsOnWhiteSite
15299,15,24
timeStep,numberOfRobotsOnBlackSite,numberOfRobotsOnWhiteSite
15300,15,24
timeStep,numberOfRobotsOnBlackSite,numberOfRobotsOnWhiteSite
15301,15,24
timeStep,numberOfRobotsOnBlackSite,numberOfRobotsOnWhiteSite
15302,15,24
timeStep,numberOfRobotsOnBlackSite,numberOfRobotsOnWhiteSite
15303,15,24
timeStep,numberOfRobotsOnBlackSite,numberOfRobotsOnWhiteSite
15304,15,24
timeStep,numberOfRobotsOnBlackSite,numberOfRobotsOnWhiteSite
15305,15,24
timeStep,numberOfRobotsOnBlackSite,numberOfRobotsOnWhiteSite
15306,15,24
timeStep,numberOfRobotsOnBlackSite,numberOfRobotsOnWhiteSite
15307,15,24
timeStep,numberOfRobotsOnBlackSite,numberOfRobotsOnWhiteSite
15308,15,24
timeStep,numberOfRobotsOnBlackSite,numberOfRobotsOnWhiteSite
15309,15,24
timeStep,numberOfRobotsOnBlackSite,numberOfRobotsOnWhiteSite
15310,15,24
timeStep,numberOfRobotsOnBlackSite,numberOfRobotsOnWhiteSite
15311,15,24
timeStep,numberOfRobotsOnBlackSite,numberOfRobotsOnWhiteSite
15312,15,24
timeStep,numberOfRobotsOnBlackSite,numberOfRobotsOnWhiteSite
15313,15,24
timeStep,numberOfRobotsOnBlackSite,numberOfRobotsOnWhiteSite
15314,15,24
timeStep,numberOfRobotsOnBlackSite,numberOfRobotsOnWhiteSite
15315,14,24
timeStep,numberOfRobotsOnBlackSite,numberOfRobotsOnWhiteSite
15316,14,24
timeStep,numberOfRobotsOnBlackSite,numberOfRobotsOnWhiteSite
15317,14,24
timeStep,numberOfRobotsOnBlackSite,numberOfRobotsOnWhiteSite
15318,14,24
timeStep,numberOfRobotsOnBlackSite,numberOfRobotsOnWhiteSite
15319,14,24
timeStep,numberOfRobotsOnBlackSite,numberOfRobotsOnWhiteSite
15320,14,24
timeStep,numberOfRobotsOnBlackSite,numberOfRobotsOnWhiteSite
15321,14,24
timeStep,numberOfRobotsOnBlackSite,numberOfRobotsOnWhiteSite
15322,14,24
timeStep,numberOfRobotsOnBlackSite,numberOfRobotsOnWhiteSite
15323,14,24
timeStep,numberOfRobotsOnBlackSite,numberOfRobotsOnWhiteSite
15324,14,24
timeStep,numberOfRobotsOnBlackSite,numberOfRobotsOnWhiteSite
15325,14,24
timeStep,numberOfRobotsOnBlackSite,numberOfRobotsOnWhiteSite
15326,14,24
timeStep,numberOfRobotsOnBlackSite,numberOfRobotsOnWhiteSite
15327,14,24
timeStep,numberOfRobotsOnBlackSite,numberOfRobotsOnWhiteSite
15328,14,24
timeStep,numberOfRobotsOnBlackSite,numberOfRobotsOnWhiteSite
15329,14,24
timeStep,numberOfRobotsOnBlackSite,numberOfRobotsOnWhiteSite
15330,14,24
timeStep,numberOfRobotsOnBlackSite,numberOfRobotsOnWhiteSite
15331,14,24
timeStep,numberOfRobotsOnBlackSite,numberOfRobotsOnWhiteSite
15332,14,24
timeStep,numberOfRobotsOnBlackSite,numberOfRobotsOnWhiteSite
15333,14,24
timeStep,numberOfRobotsOnBlackSite,numberOfRobotsOnWhiteSite
15334,14,24
timeStep,numberOfRobotsOnBlackSite,numberOfRobotsOnWhiteSite
15335,14,24
timeStep,numberOfRobotsOnBlackSite,numberOfRobotsOnWhiteSite
15336,14,24
timeStep,numberOfRobotsOnBlackSite,numberOfRobotsOnWhiteSite
15337,14,24
timeStep,numberOfRobotsOnBlackSite,numberOfRobotsOnWhiteSite
15338,14,24
timeStep,numberOfRobotsOnBlackSite,numberOfRobotsOnWhiteSite
15339,14,24
timeStep,numberOfRobotsOnBlackSite,numberOfRobotsOnWhiteSite
15340,15,24
timeStep,numberOfRobotsOnBlackSite,numberOfRobotsOnWhiteSite
15341,15,24
timeStep,numberOfRobotsOnBlackSite,numberOfRobotsOnWhiteSite
15342,15,24
timeStep,numberOfRobotsOnBlackSite,numberOfRobotsOnWhiteSite
15343,15,24
timeStep,numberOfRobotsOnBlackSite,numberOfRobotsOnWhiteSite
15344,15,24
timeStep,numberOfRobotsOnBlackSite,numberOfRobotsOnWhiteSite
15345,15,24
timeStep,numberOfRobotsOnBlackSite,numberOfRobotsOnWhiteSite
15346,15,24
timeStep,numberOfRobotsOnBlackSite,numberOfRobotsOnWhiteSite
15347,15,24
timeStep,numberOfRobotsOnBlackSite,numberOfRobotsOnWhiteSite
15348,15,24
timeStep,numberOfRobotsOnBlackSite,numberOfRobotsOnWhiteSite
15349,15,24
timeStep,numberOfRobotsOnBlackSite,numberOfRobotsOnWhiteSite
15350,15,24
timeStep,numberOfRobotsOnBlackSite,numberOfRobotsOnWhiteSite
15351,15,24
timeStep,numberOfRobotsOnBlackSite,numberOfRobotsOnWhiteSite
15352,15,24
timeStep,numberOfRobotsOnBlackSite,numberOfRobotsOnWhiteSite
15353,15,24
timeStep,numberOfRobotsOnBlackSite,numberOfRobotsOnWhiteSite
15354,15,24
timeStep,numberOfRobotsOnBlackSite,numberOfRobotsOnWhiteSite
15355,15,24
timeStep,numberOfRobotsOnBlackSite,numberOfRobotsOnWhiteSite
15356,15,24
timeStep,numberOfRobotsOnBlackSite,numberOfRobotsOnWhiteSite
15357,15,24
timeStep,numberOfRobotsOnBlackSite,numberOfRobotsOnWhiteSite
15358,15,24
timeStep,numberOfRobotsOnBlackSite,numberOfRobotsOnWhiteSite
15359,15,24
timeStep,numberOfRobotsOnBlackSite,numberOfRobotsOnWhiteSite
15360,15,24
timeStep,numberOfRobotsOnBlackSite,numberOfRobotsOnWhiteSite
15361,15,24
timeStep,numberOfRobotsOnBlackSite,numberOfRobotsOnWhiteSite
15362,15,24
timeStep,numberOfRobotsOnBlackSite,numberOfRobotsOnWhiteSite
15363,15,24
timeStep,numberOfRobotsOnBlackSite,numberOfRobotsOnWhiteSite
15364,15,24
timeStep,numberOfRobotsOnBlackSite,numberOfRobotsOnWhiteSite
15365,15,24
timeStep,numberOfRobotsOnBlackSite,numberOfRobotsOnWhiteSite
15366,15,24
timeStep,numberOfRobotsOnBlackSite,numberOfRobotsOnWhiteSite
15367,15,24
timeStep,numberOfRobotsOnBlackSite,numberOfRobotsOnWhiteSite
15368,15,24
timeStep,numberOfRobotsOnBlackSite,numberOfRobotsOnWhiteSite
15369,15,24
timeStep,numberOfRobotsOnBlackSite,numberOfRobotsOnWhiteSite
15370,15,24
timeStep,numberOfRobotsOnBlackSite,numberOfRobotsOnWhiteSite
15371,15,24
timeStep,numberOfRobotsOnBlackSite,numberOfRobotsOnWhiteSite
15372,15,24
timeStep,numberOfRobotsOnBlackSite,numberOfRobotsOnWhiteSite
15373,15,24
timeStep,numberOfRobotsOnBlackSite,numberOfRobotsOnWhiteSite
15374,15,24
timeStep,numberOfRobotsOnBlackSite,numberOfRobotsOnWhiteSite
15375,15,24
timeStep,numberOfRobotsOnBlackSite,numberOfRobotsOnWhiteSite
15376,15,24
timeStep,numberOfRobotsOnBlackSite,numberOfRobotsOnWhiteSite
15377,15,24
timeStep,numberOfRobotsOnBlackSite,numberOfRobotsOnWhiteSite
15378,15,24
timeStep,numberOfRobotsOnBlackSite,numberOfRobotsOnWhiteSite
15379,15,24
timeStep,numberOfRobotsOnBlackSite,numberOfRobotsOnWhiteSite
15380,15,24
timeStep,numberOfRobotsOnBlackSite,numberOfRobotsOnWhiteSite
15381,15,24
timeStep,numberOfRobotsOnBlackSite,numberOfRobotsOnWhiteSite
15382,15,24
timeStep,numberOfRobotsOnBlackSite,numberOfRobotsOnWhiteSite
15383,15,24
timeStep,numberOfRobotsOnBlackSite,numberOfRobotsOnWhiteSite
15384,15,24
timeStep,numberOfRobotsOnBlackSite,numberOfRobotsOnWhiteSite
15385,15,24
timeStep,numberOfRobotsOnBlackSite,numberOfRobotsOnWhiteSite
15386,15,24
timeStep,numberOfRobotsOnBlackSite,numberOfRobotsOnWhiteSite
15387,15,24
timeStep,numberOfRobotsOnBlackSite,numberOfRobotsOnWhiteSite
15388,15,24
timeStep,numberOfRobotsOnBlackSite,numberOfRobotsOnWhiteSite
15389,15,24
timeStep,numberOfRobotsOnBlackSite,numberOfRobotsOnWhiteSite
15390,15,24
timeStep,numberOfRobotsOnBlackSite,numberOfRobotsOnWhiteSite
15391,15,24
timeStep,numberOfRobotsOnBlackSite,numberOfRobotsOnWhiteSite
15392,15,24
timeStep,numberOfRobotsOnBlackSite,numberOfRobotsOnWhiteSite
15393,15,24
timeStep,numberOfRobotsOnBlackSite,numberOfRobotsOnWhiteSite
15394,15,24
timeStep,numberOfRobotsOnBlackSite,numberOfRobotsOnWhiteSite
15395,15,24
timeStep,numberOfRobotsOnBlackSite,numberOfRobotsOnWhiteSite
15396,15,24
timeStep,numberOfRobotsOnBlackSite,numberOfRobotsOnWhiteSite
15397,15,24
timeStep,numberOfRobotsOnBlackSite,numberOfRobotsOnWhiteSite
15398,15,24
timeStep,numberOfRobotsOnBlackSite,numberOfRobotsOnWhiteSite
15399,15,24
timeStep,numberOfRobotsOnBlackSite,numberOfRobotsOnWhiteSite
15400,15,24
timeStep,numberOfRobotsOnBlackSite,numberOfRobotsOnWhiteSite
15401,15,24
timeStep,numberOfRobotsOnBlackSite,numberOfRobotsOnWhiteSite
15402,15,24
timeStep,numberOfRobotsOnBlackSite,numberOfRobotsOnWhiteSite
15403,15,24
timeStep,numberOfRobotsOnBlackSite,numberOfRobotsOnWhiteSite
15404,15,24
timeStep,numberOfRobotsOnBlackSite,numberOfRobotsOnWhiteSite
15405,15,24
timeStep,numberOfRobotsOnBlackSite,numberOfRobotsOnWhiteSite
15406,15,24
timeStep,numberOfRobotsOnBlackSite,numberOfRobotsOnWhiteSite
15407,15,24
timeStep,numberOfRobotsOnBlackSite,numberOfRobotsOnWhiteSite
15408,15,24
timeStep,numberOfRobotsOnBlackSite,numberOfRobotsOnWhiteSite
15409,15,24
timeStep,numberOfRobotsOnBlackSite,numberOfRobotsOnWhiteSite
15410,15,24
timeStep,numberOfRobotsOnBlackSite,numberOfRobotsOnWhiteSite
15411,15,24
timeStep,numberOfRobotsOnBlackSite,numberOfRobotsOnWhiteSite
15412,15,24
timeStep,numberOfRobotsOnBlackSite,numberOfRobotsOnWhiteSite
15413,15,24
timeStep,numberOfRobotsOnBlackSite,numberOfRobotsOnWhiteSite
15414,15,24
timeStep,numberOfRobotsOnBlackSite,numberOfRobotsOnWhiteSite
15415,15,25
timeStep,numberOfRobotsOnBlackSite,numberOfRobotsOnWhiteSite
15416,15,25
timeStep,numberOfRobotsOnBlackSite,numberOfRobotsOnWhiteSite
15417,15,25
timeStep,numberOfRobotsOnBlackSite,numberOfRobotsOnWhiteSite
15418,15,25
timeStep,numberOfRobotsOnBlackSite,numberOfRobotsOnWhiteSite
15419,15,25
timeStep,numberOfRobotsOnBlackSite,numberOfRobotsOnWhiteSite
15420,15,25
timeStep,numberOfRobotsOnBlackSite,numberOfRobotsOnWhiteSite
15421,15,25
timeStep,numberOfRobotsOnBlackSite,numberOfRobotsOnWhiteSite
15422,15,25
timeStep,numberOfRobotsOnBlackSite,numberOfRobotsOnWhiteSite
15423,15,25
timeStep,numberOfRobotsOnBlackSite,numberOfRobotsOnWhiteSite
15424,15,25
timeStep,numberOfRobotsOnBlackSite,numberOfRobotsOnWhiteSite
15425,15,25
timeStep,numberOfRobotsOnBlackSite,numberOfRobotsOnWhiteSite
15426,15,25
timeStep,numberOfRobotsOnBlackSite,numberOfRobotsOnWhiteSite
15427,15,25
timeStep,numberOfRobotsOnBlackSite,numberOfRobotsOnWhiteSite
15428,15,25
timeStep,numberOfRobotsOnBlackSite,numberOfRobotsOnWhiteSite
15429,15,25
timeStep,numberOfRobotsOnBlackSite,numberOfRobotsOnWhiteSite
15430,15,25
timeStep,numberOfRobotsOnBlackSite,numberOfRobotsOnWhiteSite
15431,15,25
timeStep,numberOfRobotsOnBlackSite,numberOfRobotsOnWhiteSite
15432,15,25
timeStep,numberOfRobotsOnBlackSite,numberOfRobotsOnWhiteSite
15433,15,25
timeStep,numberOfRobotsOnBlackSite,numberOfRobotsOnWhiteSite
15434,15,25
timeStep,numberOfRobotsOnBlackSite,numberOfRobotsOnWhiteSite
15435,15,25
timeStep,numberOfRobotsOnBlackSite,numberOfRobotsOnWhiteSite
15436,15,25
timeStep,numberOfRobotsOnBlackSite,numberOfRobotsOnWhiteSite
15437,15,25
timeStep,numberOfRobotsOnBlackSite,numberOfRobotsOnWhiteSite
15438,15,25
timeStep,numberOfRobotsOnBlackSite,numberOfRobotsOnWhiteSite
15439,15,25
timeStep,numberOfRobotsOnBlackSite,numberOfRobotsOnWhiteSite
15440,15,25
timeStep,numberOfRobotsOnBlackSite,numberOfRobotsOnWhiteSite
15441,15,25
timeStep,numberOfRobotsOnBlackSite,numberOfRobotsOnWhiteSite
15442,15,25
timeStep,numberOfRobotsOnBlackSite,numberOfRobotsOnWhiteSite
15443,15,25
timeStep,numberOfRobotsOnBlackSite,numberOfRobotsOnWhiteSite
15444,15,25
timeStep,numberOfRobotsOnBlackSite,numberOfRobotsOnWhiteSite
15445,15,25
timeStep,numberOfRobotsOnBlackSite,numberOfRobotsOnWhiteSite
15446,15,25
timeStep,numberOfRobotsOnBlackSite,numberOfRobotsOnWhiteSite
15447,15,25
timeStep,numberOfRobotsOnBlackSite,numberOfRobotsOnWhiteSite
15448,15,25
timeStep,numberOfRobotsOnBlackSite,numberOfRobotsOnWhiteSite
15449,15,25
timeStep,numberOfRobotsOnBlackSite,numberOfRobotsOnWhiteSite
15450,15,25
timeStep,numberOfRobotsOnBlackSite,numberOfRobotsOnWhiteSite
15451,15,25
timeStep,numberOfRobotsOnBlackSite,numberOfRobotsOnWhiteSite
15452,15,25
timeStep,numberOfRobotsOnBlackSite,numberOfRobotsOnWhiteSite
15453,15,25
timeStep,numberOfRobotsOnBlackSite,numberOfRobotsOnWhiteSite
15454,15,25
timeStep,numberOfRobotsOnBlackSite,numberOfRobotsOnWhiteSite
15455,15,25
timeStep,numberOfRobotsOnBlackSite,numberOfRobotsOnWhiteSite
15456,15,25
timeStep,numberOfRobotsOnBlackSite,numberOfRobotsOnWhiteSite
15457,15,25
timeStep,numberOfRobotsOnBlackSite,numberOfRobotsOnWhiteSite
15458,15,25
timeStep,numberOfRobotsOnBlackSite,numberOfRobotsOnWhiteSite
15459,15,25
timeStep,numberOfRobotsOnBlackSite,numberOfRobotsOnWhiteSite
15460,15,25
timeStep,numberOfRobotsOnBlackSite,numberOfRobotsOnWhiteSite
15461,15,25
timeStep,numberOfRobotsOnBlackSite,numberOfRobotsOnWhiteSite
15462,15,25
timeStep,numberOfRobotsOnBlackSite,numberOfRobotsOnWhiteSite
15463,15,25
timeStep,numberOfRobotsOnBlackSite,numberOfRobotsOnWhiteSite
15464,15,25
timeStep,numberOfRobotsOnBlackSite,numberOfRobotsOnWhiteSite
15465,15,25
timeStep,numberOfRobotsOnBlackSite,numberOfRobotsOnWhiteSite
15466,15,25
timeStep,numberOfRobotsOnBlackSite,numberOfRobotsOnWhiteSite
15467,15,25
timeStep,numberOfRobotsOnBlackSite,numberOfRobotsOnWhiteSite
15468,15,25
timeStep,numberOfRobotsOnBlackSite,numberOfRobotsOnWhiteSite
15469,15,25
timeStep,numberOfRobotsOnBlackSite,numberOfRobotsOnWhiteSite
15470,15,25
timeStep,numberOfRobotsOnBlackSite,numberOfRobotsOnWhiteSite
15471,15,25
timeStep,numberOfRobotsOnBlackSite,numberOfRobotsOnWhiteSite
15472,15,25
timeStep,numberOfRobotsOnBlackSite,numberOfRobotsOnWhiteSite
15473,15,25
timeStep,numberOfRobotsOnBlackSite,numberOfRobotsOnWhiteSite
15474,15,25
timeStep,numberOfRobotsOnBlackSite,numberOfRobotsOnWhiteSite
15475,15,25
timeStep,numberOfRobotsOnBlackSite,numberOfRobotsOnWhiteSite
15476,15,25
timeStep,numberOfRobotsOnBlackSite,numberOfRobotsOnWhiteSite
15477,15,25
timeStep,numberOfRobotsOnBlackSite,numberOfRobotsOnWhiteSite
15478,15,25
timeStep,numberOfRobotsOnBlackSite,numberOfRobotsOnWhiteSite
15479,15,25
timeStep,numberOfRobotsOnBlackSite,numberOfRobotsOnWhiteSite
15480,15,25
timeStep,numberOfRobotsOnBlackSite,numberOfRobotsOnWhiteSite
15481,15,25
timeStep,numberOfRobotsOnBlackSite,numberOfRobotsOnWhiteSite
15482,15,25
timeStep,numberOfRobotsOnBlackSite,numberOfRobotsOnWhiteSite
15483,15,25
timeStep,numberOfRobotsOnBlackSite,numberOfRobotsOnWhiteSite
15484,15,25
timeStep,numberOfRobotsOnBlackSite,numberOfRobotsOnWhiteSite
15485,15,26
timeStep,numberOfRobotsOnBlackSite,numberOfRobotsOnWhiteSite
15486,15,26
timeStep,numberOfRobotsOnBlackSite,numberOfRobotsOnWhiteSite
15487,15,26
timeStep,numberOfRobotsOnBlackSite,numberOfRobotsOnWhiteSite
15488,15,26
timeStep,numberOfRobotsOnBlackSite,numberOfRobotsOnWhiteSite
15489,15,26
timeStep,numberOfRobotsOnBlackSite,numberOfRobotsOnWhiteSite
15490,15,26
timeStep,numberOfRobotsOnBlackSite,numberOfRobotsOnWhiteSite
15491,15,26
timeStep,numberOfRobotsOnBlackSite,numberOfRobotsOnWhiteSite
15492,15,26
timeStep,numberOfRobotsOnBlackSite,numberOfRobotsOnWhiteSite
15493,15,26
timeStep,numberOfRobotsOnBlackSite,numberOfRobotsOnWhiteSite
15494,15,26
timeStep,numberOfRobotsOnBlackSite,numberOfRobotsOnWhiteSite
15495,15,26
timeStep,numberOfRobotsOnBlackSite,numberOfRobotsOnWhiteSite
15496,15,26
timeStep,numberOfRobotsOnBlackSite,numberOfRobotsOnWhiteSite
15497,15,26
timeStep,numberOfRobotsOnBlackSite,numberOfRobotsOnWhiteSite
15498,15,26
timeStep,numberOfRobotsOnBlackSite,numberOfRobotsOnWhiteSite
15499,15,26
timeStep,numberOfRobotsOnBlackSite,numberOfRobotsOnWhiteSite
15500,15,26
timeStep,numberOfRobotsOnBlackSite,numberOfRobotsOnWhiteSite
15501,15,26
timeStep,numberOfRobotsOnBlackSite,numberOfRobotsOnWhiteSite
15502,15,26
timeStep,numberOfRobotsOnBlackSite,numberOfRobotsOnWhiteSite
15503,15,26
timeStep,numberOfRobotsOnBlackSite,numberOfRobotsOnWhiteSite
15504,15,26
timeStep,numberOfRobotsOnBlackSite,numberOfRobotsOnWhiteSite
15505,15,26
timeStep,numberOfRobotsOnBlackSite,numberOfRobotsOnWhiteSite
15506,15,26
timeStep,numberOfRobotsOnBlackSite,numberOfRobotsOnWhiteSite
15507,15,26
timeStep,numberOfRobotsOnBlackSite,numberOfRobotsOnWhiteSite
15508,15,26
timeStep,numberOfRobotsOnBlackSite,numberOfRobotsOnWhiteSite
15509,15,26
timeStep,numberOfRobotsOnBlackSite,numberOfRobotsOnWhiteSite
15510,15,26
timeStep,numberOfRobotsOnBlackSite,numberOfRobotsOnWhiteSite
15511,15,26
timeStep,numberOfRobotsOnBlackSite,numberOfRobotsOnWhiteSite
15512,15,26
timeStep,numberOfRobotsOnBlackSite,numberOfRobotsOnWhiteSite
15513,15,26
timeStep,numberOfRobotsOnBlackSite,numberOfRobotsOnWhiteSite
15514,15,26
timeStep,numberOfRobotsOnBlackSite,numberOfRobotsOnWhiteSite
15515,15,26
timeStep,numberOfRobotsOnBlackSite,numberOfRobotsOnWhiteSite
15516,15,26
timeStep,numberOfRobotsOnBlackSite,numberOfRobotsOnWhiteSite
15517,15,26
timeStep,numberOfRobotsOnBlackSite,numberOfRobotsOnWhiteSite
15518,15,26
timeStep,numberOfRobotsOnBlackSite,numberOfRobotsOnWhiteSite
15519,15,26
timeStep,numberOfRobotsOnBlackSite,numberOfRobotsOnWhiteSite
15520,15,26
timeStep,numberOfRobotsOnBlackSite,numberOfRobotsOnWhiteSite
15521,15,26
timeStep,numberOfRobotsOnBlackSite,numberOfRobotsOnWhiteSite
15522,15,26
timeStep,numberOfRobotsOnBlackSite,numberOfRobotsOnWhiteSite
15523,15,26
timeStep,numberOfRobotsOnBlackSite,numberOfRobotsOnWhiteSite
15524,15,26
timeStep,numberOfRobotsOnBlackSite,numberOfRobotsOnWhiteSite
15525,15,26
timeStep,numberOfRobotsOnBlackSite,numberOfRobotsOnWhiteSite
15526,15,26
timeStep,numberOfRobotsOnBlackSite,numberOfRobotsOnWhiteSite
15527,15,26
timeStep,numberOfRobotsOnBlackSite,numberOfRobotsOnWhiteSite
15528,15,26
timeStep,numberOfRobotsOnBlackSite,numberOfRobotsOnWhiteSite
15529,15,26
timeStep,numberOfRobotsOnBlackSite,numberOfRobotsOnWhiteSite
15530,15,26
timeStep,numberOfRobotsOnBlackSite,numberOfRobotsOnWhiteSite
15531,15,26
timeStep,numberOfRobotsOnBlackSite,numberOfRobotsOnWhiteSite
15532,15,26
timeStep,numberOfRobotsOnBlackSite,numberOfRobotsOnWhiteSite
15533,15,26
timeStep,numberOfRobotsOnBlackSite,numberOfRobotsOnWhiteSite
15534,15,26
timeStep,numberOfRobotsOnBlackSite,numberOfRobotsOnWhiteSite
15535,15,26
timeStep,numberOfRobotsOnBlackSite,numberOfRobotsOnWhiteSite
15536,15,26
timeStep,numberOfRobotsOnBlackSite,numberOfRobotsOnWhiteSite
15537,15,26
timeStep,numberOfRobotsOnBlackSite,numberOfRobotsOnWhiteSite
15538,15,26
timeStep,numberOfRobotsOnBlackSite,numberOfRobotsOnWhiteSite
15539,15,26
timeStep,numberOfRobotsOnBlackSite,numberOfRobotsOnWhiteSite
15540,15,26
timeStep,numberOfRobotsOnBlackSite,numberOfRobotsOnWhiteSite
15541,15,26
timeStep,numberOfRobotsOnBlackSite,numberOfRobotsOnWhiteSite
15542,15,26
timeStep,numberOfRobotsOnBlackSite,numberOfRobotsOnWhiteSite
15543,15,26
timeStep,numberOfRobotsOnBlackSite,numberOfRobotsOnWhiteSite
15544,15,26
timeStep,numberOfRobotsOnBlackSite,numberOfRobotsOnWhiteSite
15545,14,26
timeStep,numberOfRobotsOnBlackSite,numberOfRobotsOnWhiteSite
15546,14,26
timeStep,numberOfRobotsOnBlackSite,numberOfRobotsOnWhiteSite
15547,14,26
timeStep,numberOfRobotsOnBlackSite,numberOfRobotsOnWhiteSite
15548,14,26
timeStep,numberOfRobotsOnBlackSite,numberOfRobotsOnWhiteSite
15549,14,26
timeStep,numberOfRobotsOnBlackSite,numberOfRobotsOnWhiteSite
15550,14,26
timeStep,numberOfRobotsOnBlackSite,numberOfRobotsOnWhiteSite
15551,14,26
timeStep,numberOfRobotsOnBlackSite,numberOfRobotsOnWhiteSite
15552,14,26
timeStep,numberOfRobotsOnBlackSite,numberOfRobotsOnWhiteSite
15553,14,26
timeStep,numberOfRobotsOnBlackSite,numberOfRobotsOnWhiteSite
15554,14,26
timeStep,numberOfRobotsOnBlackSite,numberOfRobotsOnWhiteSite
15555,14,26
timeStep,numberOfRobotsOnBlackSite,numberOfRobotsOnWhiteSite
15556,14,26
timeStep,numberOfRobotsOnBlackSite,numberOfRobotsOnWhiteSite
15557,14,26
timeStep,numberOfRobotsOnBlackSite,numberOfRobotsOnWhiteSite
15558,14,26
timeStep,numberOfRobotsOnBlackSite,numberOfRobotsOnWhiteSite
15559,14,26
timeStep,numberOfRobotsOnBlackSite,numberOfRobotsOnWhiteSite
15560,14,26
timeStep,numberOfRobotsOnBlackSite,numberOfRobotsOnWhiteSite
15561,14,26
timeStep,numberOfRobotsOnBlackSite,numberOfRobotsOnWhiteSite
15562,14,26
timeStep,numberOfRobotsOnBlackSite,numberOfRobotsOnWhiteSite
15563,14,26
timeStep,numberOfRobotsOnBlackSite,numberOfRobotsOnWhiteSite
15564,14,26
timeStep,numberOfRobotsOnBlackSite,numberOfRobotsOnWhiteSite
15565,14,26
timeStep,numberOfRobotsOnBlackSite,numberOfRobotsOnWhiteSite
15566,14,26
timeStep,numberOfRobotsOnBlackSite,numberOfRobotsOnWhiteSite
15567,14,26
timeStep,numberOfRobotsOnBlackSite,numberOfRobotsOnWhiteSite
15568,14,26
timeStep,numberOfRobotsOnBlackSite,numberOfRobotsOnWhiteSite
15569,14,26
timeStep,numberOfRobotsOnBlackSite,numberOfRobotsOnWhiteSite
15570,14,26
timeStep,numberOfRobotsOnBlackSite,numberOfRobotsOnWhiteSite
15571,14,26
timeStep,numberOfRobotsOnBlackSite,numberOfRobotsOnWhiteSite
15572,14,26
timeStep,numberOfRobotsOnBlackSite,numberOfRobotsOnWhiteSite
15573,14,26
timeStep,numberOfRobotsOnBlackSite,numberOfRobotsOnWhiteSite
15574,14,26
timeStep,numberOfRobotsOnBlackSite,numberOfRobotsOnWhiteSite
15575,14,26
timeStep,numberOfRobotsOnBlackSite,numberOfRobotsOnWhiteSite
15576,14,26
timeStep,numberOfRobotsOnBlackSite,numberOfRobotsOnWhiteSite
15577,14,26
timeStep,numberOfRobotsOnBlackSite,numberOfRobotsOnWhiteSite
15578,14,26
timeStep,numberOfRobotsOnBlackSite,numberOfRobotsOnWhiteSite
15579,14,26
timeStep,numberOfRobotsOnBlackSite,numberOfRobotsOnWhiteSite
15580,14,26
timeStep,numberOfRobotsOnBlackSite,numberOfRobotsOnWhiteSite
15581,14,26
timeStep,numberOfRobotsOnBlackSite,numberOfRobotsOnWhiteSite
15582,14,26
timeStep,numberOfRobotsOnBlackSite,numberOfRobotsOnWhiteSite
15583,14,26
timeStep,numberOfRobotsOnBlackSite,numberOfRobotsOnWhiteSite
15584,14,26
timeStep,numberOfRobotsOnBlackSite,numberOfRobotsOnWhiteSite
15585,14,26
timeStep,numberOfRobotsOnBlackSite,numberOfRobotsOnWhiteSite
15586,14,26
timeStep,numberOfRobotsOnBlackSite,numberOfRobotsOnWhiteSite
15587,14,26
timeStep,numberOfRobotsOnBlackSite,numberOfRobotsOnWhiteSite
15588,14,26
timeStep,numberOfRobotsOnBlackSite,numberOfRobotsOnWhiteSite
15589,14,26
timeStep,numberOfRobotsOnBlackSite,numberOfRobotsOnWhiteSite
15590,14,26
timeStep,numberOfRobotsOnBlackSite,numberOfRobotsOnWhiteSite
15591,14,26
timeStep,numberOfRobotsOnBlackSite,numberOfRobotsOnWhiteSite
15592,14,26
timeStep,numberOfRobotsOnBlackSite,numberOfRobotsOnWhiteSite
15593,14,26
timeStep,numberOfRobotsOnBlackSite,numberOfRobotsOnWhiteSite
15594,14,26
timeStep,numberOfRobotsOnBlackSite,numberOfRobotsOnWhiteSite
15595,14,26
timeStep,numberOfRobotsOnBlackSite,numberOfRobotsOnWhiteSite
15596,14,26
timeStep,numberOfRobotsOnBlackSite,numberOfRobotsOnWhiteSite
15597,14,26
timeStep,numberOfRobotsOnBlackSite,numberOfRobotsOnWhiteSite
15598,14,26
timeStep,numberOfRobotsOnBlackSite,numberOfRobotsOnWhiteSite
15599,14,26
timeStep,numberOfRobotsOnBlackSite,numberOfRobotsOnWhiteSite
15600,14,25
timeStep,numberOfRobotsOnBlackSite,numberOfRobotsOnWhiteSite
15601,14,25
timeStep,numberOfRobotsOnBlackSite,numberOfRobotsOnWhiteSite
15602,14,25
timeStep,numberOfRobotsOnBlackSite,numberOfRobotsOnWhiteSite
15603,14,25
timeStep,numberOfRobotsOnBlackSite,numberOfRobotsOnWhiteSite
15604,14,25
timeStep,numberOfRobotsOnBlackSite,numberOfRobotsOnWhiteSite
15605,14,25
timeStep,numberOfRobotsOnBlackSite,numberOfRobotsOnWhiteSite
15606,14,25
timeStep,numberOfRobotsOnBlackSite,numberOfRobotsOnWhiteSite
15607,14,25
timeStep,numberOfRobotsOnBlackSite,numberOfRobotsOnWhiteSite
15608,14,25
timeStep,numberOfRobotsOnBlackSite,numberOfRobotsOnWhiteSite
15609,14,25
timeStep,numberOfRobotsOnBlackSite,numberOfRobotsOnWhiteSite
15610,14,25
timeStep,numberOfRobotsOnBlackSite,numberOfRobotsOnWhiteSite
15611,14,25
timeStep,numberOfRobotsOnBlackSite,numberOfRobotsOnWhiteSite
15612,14,25
timeStep,numberOfRobotsOnBlackSite,numberOfRobotsOnWhiteSite
15613,14,25
timeStep,numberOfRobotsOnBlackSite,numberOfRobotsOnWhiteSite
15614,14,25
timeStep,numberOfRobotsOnBlackSite,numberOfRobotsOnWhiteSite
15615,14,25
timeStep,numberOfRobotsOnBlackSite,numberOfRobotsOnWhiteSite
15616,14,25
timeStep,numberOfRobotsOnBlackSite,numberOfRobotsOnWhiteSite
15617,14,25
timeStep,numberOfRobotsOnBlackSite,numberOfRobotsOnWhiteSite
15618,14,25
timeStep,numberOfRobotsOnBlackSite,numberOfRobotsOnWhiteSite
15619,14,25
timeStep,numberOfRobotsOnBlackSite,numberOfRobotsOnWhiteSite
15620,14,25
timeStep,numberOfRobotsOnBlackSite,numberOfRobotsOnWhiteSite
15621,14,25
timeStep,numberOfRobotsOnBlackSite,numberOfRobotsOnWhiteSite
15622,14,25
timeStep,numberOfRobotsOnBlackSite,numberOfRobotsOnWhiteSite
15623,14,25
timeStep,numberOfRobotsOnBlackSite,numberOfRobotsOnWhiteSite
15624,14,25
timeStep,numberOfRobotsOnBlackSite,numberOfRobotsOnWhiteSite
15625,14,25
timeStep,numberOfRobotsOnBlackSite,numberOfRobotsOnWhiteSite
15626,14,25
timeStep,numberOfRobotsOnBlackSite,numberOfRobotsOnWhiteSite
15627,14,25
timeStep,numberOfRobotsOnBlackSite,numberOfRobotsOnWhiteSite
15628,14,25
timeStep,numberOfRobotsOnBlackSite,numberOfRobotsOnWhiteSite
15629,14,25
timeStep,numberOfRobotsOnBlackSite,numberOfRobotsOnWhiteSite
15630,14,25
timeStep,numberOfRobotsOnBlackSite,numberOfRobotsOnWhiteSite
15631,14,25
timeStep,numberOfRobotsOnBlackSite,numberOfRobotsOnWhiteSite
15632,14,25
timeStep,numberOfRobotsOnBlackSite,numberOfRobotsOnWhiteSite
15633,14,25
timeStep,numberOfRobotsOnBlackSite,numberOfRobotsOnWhiteSite
15634,14,25
timeStep,numberOfRobotsOnBlackSite,numberOfRobotsOnWhiteSite
15635,14,25
timeStep,numberOfRobotsOnBlackSite,numberOfRobotsOnWhiteSite
15636,14,25
timeStep,numberOfRobotsOnBlackSite,numberOfRobotsOnWhiteSite
15637,14,25
timeStep,numberOfRobotsOnBlackSite,numberOfRobotsOnWhiteSite
15638,14,25
timeStep,numberOfRobotsOnBlackSite,numberOfRobotsOnWhiteSite
15639,14,25
timeStep,numberOfRobotsOnBlackSite,numberOfRobotsOnWhiteSite
15640,14,25
timeStep,numberOfRobotsOnBlackSite,numberOfRobotsOnWhiteSite
15641,14,25
timeStep,numberOfRobotsOnBlackSite,numberOfRobotsOnWhiteSite
15642,14,25
timeStep,numberOfRobotsOnBlackSite,numberOfRobotsOnWhiteSite
15643,14,25
timeStep,numberOfRobotsOnBlackSite,numberOfRobotsOnWhiteSite
15644,14,25
timeStep,numberOfRobotsOnBlackSite,numberOfRobotsOnWhiteSite
15645,14,25
timeStep,numberOfRobotsOnBlackSite,numberOfRobotsOnWhiteSite
15646,14,25
timeStep,numberOfRobotsOnBlackSite,numberOfRobotsOnWhiteSite
15647,14,25
timeStep,numberOfRobotsOnBlackSite,numberOfRobotsOnWhiteSite
15648,14,25
timeStep,numberOfRobotsOnBlackSite,numberOfRobotsOnWhiteSite
15649,14,25
timeStep,numberOfRobotsOnBlackSite,numberOfRobotsOnWhiteSite
15650,13,25
timeStep,numberOfRobotsOnBlackSite,numberOfRobotsOnWhiteSite
15651,13,25
timeStep,numberOfRobotsOnBlackSite,numberOfRobotsOnWhiteSite
15652,13,25
timeStep,numberOfRobotsOnBlackSite,numberOfRobotsOnWhiteSite
15653,13,25
timeStep,numberOfRobotsOnBlackSite,numberOfRobotsOnWhiteSite
15654,13,25
timeStep,numberOfRobotsOnBlackSite,numberOfRobotsOnWhiteSite
15655,13,25
timeStep,numberOfRobotsOnBlackSite,numberOfRobotsOnWhiteSite
15656,13,25
timeStep,numberOfRobotsOnBlackSite,numberOfRobotsOnWhiteSite
15657,13,25
timeStep,numberOfRobotsOnBlackSite,numberOfRobotsOnWhiteSite
15658,13,25
timeStep,numberOfRobotsOnBlackSite,numberOfRobotsOnWhiteSite
15659,13,25
timeStep,numberOfRobotsOnBlackSite,numberOfRobotsOnWhiteSite
15660,13,25
timeStep,numberOfRobotsOnBlackSite,numberOfRobotsOnWhiteSite
15661,13,25
timeStep,numberOfRobotsOnBlackSite,numberOfRobotsOnWhiteSite
15662,13,25
timeStep,numberOfRobotsOnBlackSite,numberOfRobotsOnWhiteSite
15663,13,25
timeStep,numberOfRobotsOnBlackSite,numberOfRobotsOnWhiteSite
15664,13,25
timeStep,numberOfRobotsOnBlackSite,numberOfRobotsOnWhiteSite
15665,13,24
timeStep,numberOfRobotsOnBlackSite,numberOfRobotsOnWhiteSite
15666,13,24
timeStep,numberOfRobotsOnBlackSite,numberOfRobotsOnWhiteSite
15667,13,24
timeStep,numberOfRobotsOnBlackSite,numberOfRobotsOnWhiteSite
15668,13,24
timeStep,numberOfRobotsOnBlackSite,numberOfRobotsOnWhiteSite
15669,13,24
timeStep,numberOfRobotsOnBlackSite,numberOfRobotsOnWhiteSite
15670,13,24
timeStep,numberOfRobotsOnBlackSite,numberOfRobotsOnWhiteSite
15671,13,24
timeStep,numberOfRobotsOnBlackSite,numberOfRobotsOnWhiteSite
15672,13,24
timeStep,numberOfRobotsOnBlackSite,numberOfRobotsOnWhiteSite
15673,13,24
timeStep,numberOfRobotsOnBlackSite,numberOfRobotsOnWhiteSite
15674,13,24
timeStep,numberOfRobotsOnBlackSite,numberOfRobotsOnWhiteSite
15675,13,24
timeStep,numberOfRobotsOnBlackSite,numberOfRobotsOnWhiteSite
15676,13,24
timeStep,numberOfRobotsOnBlackSite,numberOfRobotsOnWhiteSite
15677,13,24
timeStep,numberOfRobotsOnBlackSite,numberOfRobotsOnWhiteSite
15678,13,24
timeStep,numberOfRobotsOnBlackSite,numberOfRobotsOnWhiteSite
15679,13,24
timeStep,numberOfRobotsOnBlackSite,numberOfRobotsOnWhiteSite
15680,13,24
timeStep,numberOfRobotsOnBlackSite,numberOfRobotsOnWhiteSite
15681,13,24
timeStep,numberOfRobotsOnBlackSite,numberOfRobotsOnWhiteSite
15682,13,24
timeStep,numberOfRobotsOnBlackSite,numberOfRobotsOnWhiteSite
15683,13,24
timeStep,numberOfRobotsOnBlackSite,numberOfRobotsOnWhiteSite
15684,13,24
timeStep,numberOfRobotsOnBlackSite,numberOfRobotsOnWhiteSite
15685,13,24
timeStep,numberOfRobotsOnBlackSite,numberOfRobotsOnWhiteSite
15686,13,24
timeStep,numberOfRobotsOnBlackSite,numberOfRobotsOnWhiteSite
15687,13,24
timeStep,numberOfRobotsOnBlackSite,numberOfRobotsOnWhiteSite
15688,13,24
timeStep,numberOfRobotsOnBlackSite,numberOfRobotsOnWhiteSite
15689,13,24
timeStep,numberOfRobotsOnBlackSite,numberOfRobotsOnWhiteSite
15690,13,24
timeStep,numberOfRobotsOnBlackSite,numberOfRobotsOnWhiteSite
15691,13,24
timeStep,numberOfRobotsOnBlackSite,numberOfRobotsOnWhiteSite
15692,13,24
timeStep,numberOfRobotsOnBlackSite,numberOfRobotsOnWhiteSite
15693,13,24
timeStep,numberOfRobotsOnBlackSite,numberOfRobotsOnWhiteSite
15694,13,24
timeStep,numberOfRobotsOnBlackSite,numberOfRobotsOnWhiteSite
15695,13,24
timeStep,numberOfRobotsOnBlackSite,numberOfRobotsOnWhiteSite
15696,13,24
timeStep,numberOfRobotsOnBlackSite,numberOfRobotsOnWhiteSite
15697,13,24
timeStep,numberOfRobotsOnBlackSite,numberOfRobotsOnWhiteSite
15698,13,24
timeStep,numberOfRobotsOnBlackSite,numberOfRobotsOnWhiteSite
15699,13,24
timeStep,numberOfRobotsOnBlackSite,numberOfRobotsOnWhiteSite
15700,13,24
timeStep,numberOfRobotsOnBlackSite,numberOfRobotsOnWhiteSite
15701,13,24
timeStep,numberOfRobotsOnBlackSite,numberOfRobotsOnWhiteSite
15702,13,24
timeStep,numberOfRobotsOnBlackSite,numberOfRobotsOnWhiteSite
15703,13,24
timeStep,numberOfRobotsOnBlackSite,numberOfRobotsOnWhiteSite
15704,13,24
timeStep,numberOfRobotsOnBlackSite,numberOfRobotsOnWhiteSite
15705,13,23
timeStep,numberOfRobotsOnBlackSite,numberOfRobotsOnWhiteSite
15706,13,23
timeStep,numberOfRobotsOnBlackSite,numberOfRobotsOnWhiteSite
15707,13,23
timeStep,numberOfRobotsOnBlackSite,numberOfRobotsOnWhiteSite
15708,13,23
timeStep,numberOfRobotsOnBlackSite,numberOfRobotsOnWhiteSite
15709,13,23
timeStep,numberOfRobotsOnBlackSite,numberOfRobotsOnWhiteSite
15710,13,23
timeStep,numberOfRobotsOnBlackSite,numberOfRobotsOnWhiteSite
15711,13,23
timeStep,numberOfRobotsOnBlackSite,numberOfRobotsOnWhiteSite
15712,13,23
timeStep,numberOfRobotsOnBlackSite,numberOfRobotsOnWhiteSite
15713,13,23
timeStep,numberOfRobotsOnBlackSite,numberOfRobotsOnWhiteSite
15714,13,23
timeStep,numberOfRobotsOnBlackSite,numberOfRobotsOnWhiteSite
15715,13,23
timeStep,numberOfRobotsOnBlackSite,numberOfRobotsOnWhiteSite
15716,13,23
timeStep,numberOfRobotsOnBlackSite,numberOfRobotsOnWhiteSite
15717,13,23
timeStep,numberOfRobotsOnBlackSite,numberOfRobotsOnWhiteSite
15718,13,23
timeStep,numberOfRobotsOnBlackSite,numberOfRobotsOnWhiteSite
15719,13,23
timeStep,numberOfRobotsOnBlackSite,numberOfRobotsOnWhiteSite
15720,13,23
timeStep,numberOfRobotsOnBlackSite,numberOfRobotsOnWhiteSite
15721,13,23
timeStep,numberOfRobotsOnBlackSite,numberOfRobotsOnWhiteSite
15722,13,23
timeStep,numberOfRobotsOnBlackSite,numberOfRobotsOnWhiteSite
15723,13,23
timeStep,numberOfRobotsOnBlackSite,numberOfRobotsOnWhiteSite
15724,13,23
timeStep,numberOfRobotsOnBlackSite,numberOfRobotsOnWhiteSite
15725,13,23
timeStep,numberOfRobotsOnBlackSite,numberOfRobotsOnWhiteSite
15726,13,23
timeStep,numberOfRobotsOnBlackSite,numberOfRobotsOnWhiteSite
15727,13,23
timeStep,numberOfRobotsOnBlackSite,numberOfRobotsOnWhiteSite
15728,13,23
timeStep,numberOfRobotsOnBlackSite,numberOfRobotsOnWhiteSite
15729,13,23
timeStep,numberOfRobotsOnBlackSite,numberOfRobotsOnWhiteSite
15730,13,23
timeStep,numberOfRobotsOnBlackSite,numberOfRobotsOnWhiteSite
15731,13,23
timeStep,numberOfRobotsOnBlackSite,numberOfRobotsOnWhiteSite
15732,13,23
timeStep,numberOfRobotsOnBlackSite,numberOfRobotsOnWhiteSite
15733,13,23
timeStep,numberOfRobotsOnBlackSite,numberOfRobotsOnWhiteSite
15734,13,23
timeStep,numberOfRobotsOnBlackSite,numberOfRobotsOnWhiteSite
15735,13,23
timeStep,numberOfRobotsOnBlackSite,numberOfRobotsOnWhiteSite
15736,13,23
timeStep,numberOfRobotsOnBlackSite,numberOfRobotsOnWhiteSite
15737,13,23
timeStep,numberOfRobotsOnBlackSite,numberOfRobotsOnWhiteSite
15738,13,23
timeStep,numberOfRobotsOnBlackSite,numberOfRobotsOnWhiteSite
15739,13,23
timeStep,numberOfRobotsOnBlackSite,numberOfRobotsOnWhiteSite
15740,13,23
timeStep,numberOfRobotsOnBlackSite,numberOfRobotsOnWhiteSite
15741,13,23
timeStep,numberOfRobotsOnBlackSite,numberOfRobotsOnWhiteSite
15742,13,23
timeStep,numberOfRobotsOnBlackSite,numberOfRobotsOnWhiteSite
15743,13,23
timeStep,numberOfRobotsOnBlackSite,numberOfRobotsOnWhiteSite
15744,13,23
timeStep,numberOfRobotsOnBlackSite,numberOfRobotsOnWhiteSite
15745,13,23
timeStep,numberOfRobotsOnBlackSite,numberOfRobotsOnWhiteSite
15746,13,23
timeStep,numberOfRobotsOnBlackSite,numberOfRobotsOnWhiteSite
15747,13,23
timeStep,numberOfRobotsOnBlackSite,numberOfRobotsOnWhiteSite
15748,13,23
timeStep,numberOfRobotsOnBlackSite,numberOfRobotsOnWhiteSite
15749,13,23
timeStep,numberOfRobotsOnBlackSite,numberOfRobotsOnWhiteSite
15750,13,23
timeStep,numberOfRobotsOnBlackSite,numberOfRobotsOnWhiteSite
15751,13,23
timeStep,numberOfRobotsOnBlackSite,numberOfRobotsOnWhiteSite
15752,13,23
timeStep,numberOfRobotsOnBlackSite,numberOfRobotsOnWhiteSite
15753,13,23
timeStep,numberOfRobotsOnBlackSite,numberOfRobotsOnWhiteSite
15754,13,23
timeStep,numberOfRobotsOnBlackSite,numberOfRobotsOnWhiteSite
15755,13,23
timeStep,numberOfRobotsOnBlackSite,numberOfRobotsOnWhiteSite
15756,13,23
timeStep,numberOfRobotsOnBlackSite,numberOfRobotsOnWhiteSite
15757,13,23
timeStep,numberOfRobotsOnBlackSite,numberOfRobotsOnWhiteSite
15758,13,23
timeStep,numberOfRobotsOnBlackSite,numberOfRobotsOnWhiteSite
15759,13,23
timeStep,numberOfRobotsOnBlackSite,numberOfRobotsOnWhiteSite
15760,13,23
timeStep,numberOfRobotsOnBlackSite,numberOfRobotsOnWhiteSite
15761,13,23
timeStep,numberOfRobotsOnBlackSite,numberOfRobotsOnWhiteSite
15762,13,23
timeStep,numberOfRobotsOnBlackSite,numberOfRobotsOnWhiteSite
15763,13,23
timeStep,numberOfRobotsOnBlackSite,numberOfRobotsOnWhiteSite
15764,13,23
timeStep,numberOfRobotsOnBlackSite,numberOfRobotsOnWhiteSite
15765,13,23
timeStep,numberOfRobotsOnBlackSite,numberOfRobotsOnWhiteSite
15766,13,23
timeStep,numberOfRobotsOnBlackSite,numberOfRobotsOnWhiteSite
15767,13,23
timeStep,numberOfRobotsOnBlackSite,numberOfRobotsOnWhiteSite
15768,13,23
timeStep,numberOfRobotsOnBlackSite,numberOfRobotsOnWhiteSite
15769,13,23
timeStep,numberOfRobotsOnBlackSite,numberOfRobotsOnWhiteSite
15770,13,23
timeStep,numberOfRobotsOnBlackSite,numberOfRobotsOnWhiteSite
15771,13,23
timeStep,numberOfRobotsOnBlackSite,numberOfRobotsOnWhiteSite
15772,13,23
timeStep,numberOfRobotsOnBlackSite,numberOfRobotsOnWhiteSite
15773,13,23
timeStep,numberOfRobotsOnBlackSite,numberOfRobotsOnWhiteSite
15774,13,23
timeStep,numberOfRobotsOnBlackSite,numberOfRobotsOnWhiteSite
15775,13,23
timeStep,numberOfRobotsOnBlackSite,numberOfRobotsOnWhiteSite
15776,13,23
timeStep,numberOfRobotsOnBlackSite,numberOfRobotsOnWhiteSite
15777,13,23
timeStep,numberOfRobotsOnBlackSite,numberOfRobotsOnWhiteSite
15778,13,23
timeStep,numberOfRobotsOnBlackSite,numberOfRobotsOnWhiteSite
15779,13,23
timeStep,numberOfRobotsOnBlackSite,numberOfRobotsOnWhiteSite
15780,13,23
timeStep,numberOfRobotsOnBlackSite,numberOfRobotsOnWhiteSite
15781,13,23
timeStep,numberOfRobotsOnBlackSite,numberOfRobotsOnWhiteSite
15782,13,23
timeStep,numberOfRobotsOnBlackSite,numberOfRobotsOnWhiteSite
15783,13,23
timeStep,numberOfRobotsOnBlackSite,numberOfRobotsOnWhiteSite
15784,13,23
timeStep,numberOfRobotsOnBlackSite,numberOfRobotsOnWhiteSite
15785,13,23
timeStep,numberOfRobotsOnBlackSite,numberOfRobotsOnWhiteSite
15786,13,23
timeStep,numberOfRobotsOnBlackSite,numberOfRobotsOnWhiteSite
15787,13,23
timeStep,numberOfRobotsOnBlackSite,numberOfRobotsOnWhiteSite
15788,13,23
timeStep,numberOfRobotsOnBlackSite,numberOfRobotsOnWhiteSite
15789,13,23
timeStep,numberOfRobotsOnBlackSite,numberOfRobotsOnWhiteSite
15790,13,23
timeStep,numberOfRobotsOnBlackSite,numberOfRobotsOnWhiteSite
15791,13,23
timeStep,numberOfRobotsOnBlackSite,numberOfRobotsOnWhiteSite
15792,13,23
timeStep,numberOfRobotsOnBlackSite,numberOfRobotsOnWhiteSite
15793,13,23
timeStep,numberOfRobotsOnBlackSite,numberOfRobotsOnWhiteSite
15794,13,23
timeStep,numberOfRobotsOnBlackSite,numberOfRobotsOnWhiteSite
15795,13,23
timeStep,numberOfRobotsOnBlackSite,numberOfRobotsOnWhiteSite
15796,13,23
timeStep,numberOfRobotsOnBlackSite,numberOfRobotsOnWhiteSite
15797,13,23
timeStep,numberOfRobotsOnBlackSite,numberOfRobotsOnWhiteSite
15798,13,23
timeStep,numberOfRobotsOnBlackSite,numberOfRobotsOnWhiteSite
15799,13,23
timeStep,numberOfRobotsOnBlackSite,numberOfRobotsOnWhiteSite
15800,13,23
timeStep,numberOfRobotsOnBlackSite,numberOfRobotsOnWhiteSite
15801,13,23
timeStep,numberOfRobotsOnBlackSite,numberOfRobotsOnWhiteSite
15802,13,23
timeStep,numberOfRobotsOnBlackSite,numberOfRobotsOnWhiteSite
15803,13,23
timeStep,numberOfRobotsOnBlackSite,numberOfRobotsOnWhiteSite
15804,13,23
timeStep,numberOfRobotsOnBlackSite,numberOfRobotsOnWhiteSite
15805,13,23
timeStep,numberOfRobotsOnBlackSite,numberOfRobotsOnWhiteSite
15806,13,23
timeStep,numberOfRobotsOnBlackSite,numberOfRobotsOnWhiteSite
15807,13,23
timeStep,numberOfRobotsOnBlackSite,numberOfRobotsOnWhiteSite
15808,13,23
timeStep,numberOfRobotsOnBlackSite,numberOfRobotsOnWhiteSite
15809,13,23
timeStep,numberOfRobotsOnBlackSite,numberOfRobotsOnWhiteSite
15810,13,23
timeStep,numberOfRobotsOnBlackSite,numberOfRobotsOnWhiteSite
15811,13,23
timeStep,numberOfRobotsOnBlackSite,numberOfRobotsOnWhiteSite
15812,13,23
timeStep,numberOfRobotsOnBlackSite,numberOfRobotsOnWhiteSite
15813,13,23
timeStep,numberOfRobotsOnBlackSite,numberOfRobotsOnWhiteSite
15814,13,23
timeStep,numberOfRobotsOnBlackSite,numberOfRobotsOnWhiteSite
15815,13,23
timeStep,numberOfRobotsOnBlackSite,numberOfRobotsOnWhiteSite
15816,13,23
timeStep,numberOfRobotsOnBlackSite,numberOfRobotsOnWhiteSite
15817,13,23
timeStep,numberOfRobotsOnBlackSite,numberOfRobotsOnWhiteSite
15818,13,23
timeStep,numberOfRobotsOnBlackSite,numberOfRobotsOnWhiteSite
15819,13,23
timeStep,numberOfRobotsOnBlackSite,numberOfRobotsOnWhiteSite
15820,13,23
timeStep,numberOfRobotsOnBlackSite,numberOfRobotsOnWhiteSite
15821,13,23
timeStep,numberOfRobotsOnBlackSite,numberOfRobotsOnWhiteSite
15822,13,23
timeStep,numberOfRobotsOnBlackSite,numberOfRobotsOnWhiteSite
15823,13,23
timeStep,numberOfRobotsOnBlackSite,numberOfRobotsOnWhiteSite
15824,13,23
timeStep,numberOfRobotsOnBlackSite,numberOfRobotsOnWhiteSite
15825,13,23
timeStep,numberOfRobotsOnBlackSite,numberOfRobotsOnWhiteSite
15826,13,23
timeStep,numberOfRobotsOnBlackSite,numberOfRobotsOnWhiteSite
15827,13,23
timeStep,numberOfRobotsOnBlackSite,numberOfRobotsOnWhiteSite
15828,13,23
timeStep,numberOfRobotsOnBlackSite,numberOfRobotsOnWhiteSite
15829,13,23
timeStep,numberOfRobotsOnBlackSite,numberOfRobotsOnWhiteSite
15830,13,23
timeStep,numberOfRobotsOnBlackSite,numberOfRobotsOnWhiteSite
15831,13,23
timeStep,numberOfRobotsOnBlackSite,numberOfRobotsOnWhiteSite
15832,13,23
timeStep,numberOfRobotsOnBlackSite,numberOfRobotsOnWhiteSite
15833,13,23
timeStep,numberOfRobotsOnBlackSite,numberOfRobotsOnWhiteSite
15834,13,23
timeStep,numberOfRobotsOnBlackSite,numberOfRobotsOnWhiteSite
15835,13,23
timeStep,numberOfRobotsOnBlackSite,numberOfRobotsOnWhiteSite
15836,13,23
timeStep,numberOfRobotsOnBlackSite,numberOfRobotsOnWhiteSite
15837,13,23
timeStep,numberOfRobotsOnBlackSite,numberOfRobotsOnWhiteSite
15838,13,23
timeStep,numberOfRobotsOnBlackSite,numberOfRobotsOnWhiteSite
15839,13,23
timeStep,numberOfRobotsOnBlackSite,numberOfRobotsOnWhiteSite
15840,13,22
timeStep,numberOfRobotsOnBlackSite,numberOfRobotsOnWhiteSite
15841,13,22
timeStep,numberOfRobotsOnBlackSite,numberOfRobotsOnWhiteSite
15842,13,22
timeStep,numberOfRobotsOnBlackSite,numberOfRobotsOnWhiteSite
15843,13,22
timeStep,numberOfRobotsOnBlackSite,numberOfRobotsOnWhiteSite
15844,13,22
timeStep,numberOfRobotsOnBlackSite,numberOfRobotsOnWhiteSite
15845,13,22
timeStep,numberOfRobotsOnBlackSite,numberOfRobotsOnWhiteSite
15846,13,22
timeStep,numberOfRobotsOnBlackSite,numberOfRobotsOnWhiteSite
15847,13,22
timeStep,numberOfRobotsOnBlackSite,numberOfRobotsOnWhiteSite
15848,13,22
timeStep,numberOfRobotsOnBlackSite,numberOfRobotsOnWhiteSite
15849,13,22
timeStep,numberOfRobotsOnBlackSite,numberOfRobotsOnWhiteSite
15850,13,22
timeStep,numberOfRobotsOnBlackSite,numberOfRobotsOnWhiteSite
15851,13,22
timeStep,numberOfRobotsOnBlackSite,numberOfRobotsOnWhiteSite
15852,13,22
timeStep,numberOfRobotsOnBlackSite,numberOfRobotsOnWhiteSite
15853,13,22
timeStep,numberOfRobotsOnBlackSite,numberOfRobotsOnWhiteSite
15854,13,22
timeStep,numberOfRobotsOnBlackSite,numberOfRobotsOnWhiteSite
15855,13,22
timeStep,numberOfRobotsOnBlackSite,numberOfRobotsOnWhiteSite
15856,13,22
timeStep,numberOfRobotsOnBlackSite,numberOfRobotsOnWhiteSite
15857,13,22
timeStep,numberOfRobotsOnBlackSite,numberOfRobotsOnWhiteSite
15858,13,22
timeStep,numberOfRobotsOnBlackSite,numberOfRobotsOnWhiteSite
15859,13,22
timeStep,numberOfRobotsOnBlackSite,numberOfRobotsOnWhiteSite
15860,13,22
timeStep,numberOfRobotsOnBlackSite,numberOfRobotsOnWhiteSite
15861,13,22
timeStep,numberOfRobotsOnBlackSite,numberOfRobotsOnWhiteSite
15862,13,22
timeStep,numberOfRobotsOnBlackSite,numberOfRobotsOnWhiteSite
15863,13,22
timeStep,numberOfRobotsOnBlackSite,numberOfRobotsOnWhiteSite
15864,13,22
timeStep,numberOfRobotsOnBlackSite,numberOfRobotsOnWhiteSite
15865,13,22
timeStep,numberOfRobotsOnBlackSite,numberOfRobotsOnWhiteSite
15866,13,22
timeStep,numberOfRobotsOnBlackSite,numberOfRobotsOnWhiteSite
15867,13,22
timeStep,numberOfRobotsOnBlackSite,numberOfRobotsOnWhiteSite
15868,13,22
timeStep,numberOfRobotsOnBlackSite,numberOfRobotsOnWhiteSite
15869,13,22
timeStep,numberOfRobotsOnBlackSite,numberOfRobotsOnWhiteSite
15870,13,22
timeStep,numberOfRobotsOnBlackSite,numberOfRobotsOnWhiteSite
15871,13,22
timeStep,numberOfRobotsOnBlackSite,numberOfRobotsOnWhiteSite
15872,13,22
timeStep,numberOfRobotsOnBlackSite,numberOfRobotsOnWhiteSite
15873,13,22
timeStep,numberOfRobotsOnBlackSite,numberOfRobotsOnWhiteSite
15874,13,22
timeStep,numberOfRobotsOnBlackSite,numberOfRobotsOnWhiteSite
15875,13,22
timeStep,numberOfRobotsOnBlackSite,numberOfRobotsOnWhiteSite
15876,13,22
timeStep,numberOfRobotsOnBlackSite,numberOfRobotsOnWhiteSite
15877,13,22
timeStep,numberOfRobotsOnBlackSite,numberOfRobotsOnWhiteSite
15878,13,22
timeStep,numberOfRobotsOnBlackSite,numberOfRobotsOnWhiteSite
15879,13,22
timeStep,numberOfRobotsOnBlackSite,numberOfRobotsOnWhiteSite
15880,13,22
timeStep,numberOfRobotsOnBlackSite,numberOfRobotsOnWhiteSite
15881,13,22
timeStep,numberOfRobotsOnBlackSite,numberOfRobotsOnWhiteSite
15882,13,22
timeStep,numberOfRobotsOnBlackSite,numberOfRobotsOnWhiteSite
15883,13,22
timeStep,numberOfRobotsOnBlackSite,numberOfRobotsOnWhiteSite
15884,13,22
timeStep,numberOfRobotsOnBlackSite,numberOfRobotsOnWhiteSite
15885,13,22
timeStep,numberOfRobotsOnBlackSite,numberOfRobotsOnWhiteSite
15886,13,22
timeStep,numberOfRobotsOnBlackSite,numberOfRobotsOnWhiteSite
15887,13,22
timeStep,numberOfRobotsOnBlackSite,numberOfRobotsOnWhiteSite
15888,13,22
timeStep,numberOfRobotsOnBlackSite,numberOfRobotsOnWhiteSite
15889,13,22
timeStep,numberOfRobotsOnBlackSite,numberOfRobotsOnWhiteSite
15890,13,22
timeStep,numberOfRobotsOnBlackSite,numberOfRobotsOnWhiteSite
15891,13,22
timeStep,numberOfRobotsOnBlackSite,numberOfRobotsOnWhiteSite
15892,13,22
timeStep,numberOfRobotsOnBlackSite,numberOfRobotsOnWhiteSite
15893,13,22
timeStep,numberOfRobotsOnBlackSite,numberOfRobotsOnWhiteSite
15894,13,22
timeStep,numberOfRobotsOnBlackSite,numberOfRobotsOnWhiteSite
15895,13,22
timeStep,numberOfRobotsOnBlackSite,numberOfRobotsOnWhiteSite
15896,13,22
timeStep,numberOfRobotsOnBlackSite,numberOfRobotsOnWhiteSite
15897,13,22
timeStep,numberOfRobotsOnBlackSite,numberOfRobotsOnWhiteSite
15898,13,22
timeStep,numberOfRobotsOnBlackSite,numberOfRobotsOnWhiteSite
15899,13,22
timeStep,numberOfRobotsOnBlackSite,numberOfRobotsOnWhiteSite
15900,13,22
timeStep,numberOfRobotsOnBlackSite,numberOfRobotsOnWhiteSite
15901,13,22
timeStep,numberOfRobotsOnBlackSite,numberOfRobotsOnWhiteSite
15902,13,22
timeStep,numberOfRobotsOnBlackSite,numberOfRobotsOnWhiteSite
15903,13,22
timeStep,numberOfRobotsOnBlackSite,numberOfRobotsOnWhiteSite
15904,13,22
timeStep,numberOfRobotsOnBlackSite,numberOfRobotsOnWhiteSite
15905,13,23
timeStep,numberOfRobotsOnBlackSite,numberOfRobotsOnWhiteSite
15906,13,23
timeStep,numberOfRobotsOnBlackSite,numberOfRobotsOnWhiteSite
15907,13,23
timeStep,numberOfRobotsOnBlackSite,numberOfRobotsOnWhiteSite
15908,13,23
timeStep,numberOfRobotsOnBlackSite,numberOfRobotsOnWhiteSite
15909,13,23
timeStep,numberOfRobotsOnBlackSite,numberOfRobotsOnWhiteSite
15910,13,23
timeStep,numberOfRobotsOnBlackSite,numberOfRobotsOnWhiteSite
15911,13,23
timeStep,numberOfRobotsOnBlackSite,numberOfRobotsOnWhiteSite
15912,13,23
timeStep,numberOfRobotsOnBlackSite,numberOfRobotsOnWhiteSite
15913,13,23
timeStep,numberOfRobotsOnBlackSite,numberOfRobotsOnWhiteSite
15914,13,23
timeStep,numberOfRobotsOnBlackSite,numberOfRobotsOnWhiteSite
15915,13,23
timeStep,numberOfRobotsOnBlackSite,numberOfRobotsOnWhiteSite
15916,13,23
timeStep,numberOfRobotsOnBlackSite,numberOfRobotsOnWhiteSite
15917,13,23
timeStep,numberOfRobotsOnBlackSite,numberOfRobotsOnWhiteSite
15918,13,23
timeStep,numberOfRobotsOnBlackSite,numberOfRobotsOnWhiteSite
15919,13,23
timeStep,numberOfRobotsOnBlackSite,numberOfRobotsOnWhiteSite
15920,13,23
timeStep,numberOfRobotsOnBlackSite,numberOfRobotsOnWhiteSite
15921,13,23
timeStep,numberOfRobotsOnBlackSite,numberOfRobotsOnWhiteSite
15922,13,23
timeStep,numberOfRobotsOnBlackSite,numberOfRobotsOnWhiteSite
15923,13,23
timeStep,numberOfRobotsOnBlackSite,numberOfRobotsOnWhiteSite
15924,13,23
timeStep,numberOfRobotsOnBlackSite,numberOfRobotsOnWhiteSite
15925,13,23
timeStep,numberOfRobotsOnBlackSite,numberOfRobotsOnWhiteSite
15926,13,23
timeStep,numberOfRobotsOnBlackSite,numberOfRobotsOnWhiteSite
15927,13,23
timeStep,numberOfRobotsOnBlackSite,numberOfRobotsOnWhiteSite
15928,13,23
timeStep,numberOfRobotsOnBlackSite,numberOfRobotsOnWhiteSite
15929,13,23
timeStep,numberOfRobotsOnBlackSite,numberOfRobotsOnWhiteSite
15930,13,23
timeStep,numberOfRobotsOnBlackSite,numberOfRobotsOnWhiteSite
15931,13,23
timeStep,numberOfRobotsOnBlackSite,numberOfRobotsOnWhiteSite
15932,13,23
timeStep,numberOfRobotsOnBlackSite,numberOfRobotsOnWhiteSite
15933,13,23
timeStep,numberOfRobotsOnBlackSite,numberOfRobotsOnWhiteSite
15934,13,23
timeStep,numberOfRobotsOnBlackSite,numberOfRobotsOnWhiteSite
15935,14,23
timeStep,numberOfRobotsOnBlackSite,numberOfRobotsOnWhiteSite
15936,14,23
timeStep,numberOfRobotsOnBlackSite,numberOfRobotsOnWhiteSite
15937,14,23
timeStep,numberOfRobotsOnBlackSite,numberOfRobotsOnWhiteSite
15938,14,23
timeStep,numberOfRobotsOnBlackSite,numberOfRobotsOnWhiteSite
15939,14,23
timeStep,numberOfRobotsOnBlackSite,numberOfRobotsOnWhiteSite
15940,14,23
timeStep,numberOfRobotsOnBlackSite,numberOfRobotsOnWhiteSite
15941,14,23
timeStep,numberOfRobotsOnBlackSite,numberOfRobotsOnWhiteSite
15942,14,23
timeStep,numberOfRobotsOnBlackSite,numberOfRobotsOnWhiteSite
15943,14,23
timeStep,numberOfRobotsOnBlackSite,numberOfRobotsOnWhiteSite
15944,14,23
timeStep,numberOfRobotsOnBlackSite,numberOfRobotsOnWhiteSite
15945,13,23
timeStep,numberOfRobotsOnBlackSite,numberOfRobotsOnWhiteSite
15946,13,23
timeStep,numberOfRobotsOnBlackSite,numberOfRobotsOnWhiteSite
15947,13,23
timeStep,numberOfRobotsOnBlackSite,numberOfRobotsOnWhiteSite
15948,13,23
timeStep,numberOfRobotsOnBlackSite,numberOfRobotsOnWhiteSite
15949,13,23
timeStep,numberOfRobotsOnBlackSite,numberOfRobotsOnWhiteSite
15950,13,22
timeStep,numberOfRobotsOnBlackSite,numberOfRobotsOnWhiteSite
15951,13,22
timeStep,numberOfRobotsOnBlackSite,numberOfRobotsOnWhiteSite
15952,13,22
timeStep,numberOfRobotsOnBlackSite,numberOfRobotsOnWhiteSite
15953,13,22
timeStep,numberOfRobotsOnBlackSite,numberOfRobotsOnWhiteSite
15954,13,22
timeStep,numberOfRobotsOnBlackSite,numberOfRobotsOnWhiteSite
15955,13,22
timeStep,numberOfRobotsOnBlackSite,numberOfRobotsOnWhiteSite
15956,13,22
timeStep,numberOfRobotsOnBlackSite,numberOfRobotsOnWhiteSite
15957,13,22
timeStep,numberOfRobotsOnBlackSite,numberOfRobotsOnWhiteSite
15958,13,22
timeStep,numberOfRobotsOnBlackSite,numberOfRobotsOnWhiteSite
15959,13,22
timeStep,numberOfRobotsOnBlackSite,numberOfRobotsOnWhiteSite
15960,13,22
timeStep,numberOfRobotsOnBlackSite,numberOfRobotsOnWhiteSite
15961,13,22
timeStep,numberOfRobotsOnBlackSite,numberOfRobotsOnWhiteSite
15962,13,22
timeStep,numberOfRobotsOnBlackSite,numberOfRobotsOnWhiteSite
15963,13,22
timeStep,numberOfRobotsOnBlackSite,numberOfRobotsOnWhiteSite
15964,13,22
timeStep,numberOfRobotsOnBlackSite,numberOfRobotsOnWhiteSite
15965,13,22
timeStep,numberOfRobotsOnBlackSite,numberOfRobotsOnWhiteSite
15966,13,22
timeStep,numberOfRobotsOnBlackSite,numberOfRobotsOnWhiteSite
15967,13,22
timeStep,numberOfRobotsOnBlackSite,numberOfRobotsOnWhiteSite
15968,13,22
timeStep,numberOfRobotsOnBlackSite,numberOfRobotsOnWhiteSite
15969,13,22
timeStep,numberOfRobotsOnBlackSite,numberOfRobotsOnWhiteSite
15970,14,22
timeStep,numberOfRobotsOnBlackSite,numberOfRobotsOnWhiteSite
15971,14,22
timeStep,numberOfRobotsOnBlackSite,numberOfRobotsOnWhiteSite
15972,14,22
timeStep,numberOfRobotsOnBlackSite,numberOfRobotsOnWhiteSite
15973,14,22
timeStep,numberOfRobotsOnBlackSite,numberOfRobotsOnWhiteSite
15974,14,22
timeStep,numberOfRobotsOnBlackSite,numberOfRobotsOnWhiteSite
15975,14,22
timeStep,numberOfRobotsOnBlackSite,numberOfRobotsOnWhiteSite
15976,14,22
timeStep,numberOfRobotsOnBlackSite,numberOfRobotsOnWhiteSite
15977,14,22
timeStep,numberOfRobotsOnBlackSite,numberOfRobotsOnWhiteSite
15978,14,22
timeStep,numberOfRobotsOnBlackSite,numberOfRobotsOnWhiteSite
15979,14,22
timeStep,numberOfRobotsOnBlackSite,numberOfRobotsOnWhiteSite
15980,14,22
timeStep,numberOfRobotsOnBlackSite,numberOfRobotsOnWhiteSite
15981,14,22
timeStep,numberOfRobotsOnBlackSite,numberOfRobotsOnWhiteSite
15982,14,22
timeStep,numberOfRobotsOnBlackSite,numberOfRobotsOnWhiteSite
15983,14,22
timeStep,numberOfRobotsOnBlackSite,numberOfRobotsOnWhiteSite
15984,14,22
timeStep,numberOfRobotsOnBlackSite,numberOfRobotsOnWhiteSite
15985,14,22
timeStep,numberOfRobotsOnBlackSite,numberOfRobotsOnWhiteSite
15986,14,22
timeStep,numberOfRobotsOnBlackSite,numberOfRobotsOnWhiteSite
15987,14,22
timeStep,numberOfRobotsOnBlackSite,numberOfRobotsOnWhiteSite
15988,14,22
timeStep,numberOfRobotsOnBlackSite,numberOfRobotsOnWhiteSite
15989,14,22
timeStep,numberOfRobotsOnBlackSite,numberOfRobotsOnWhiteSite
15990,14,22
timeStep,numberOfRobotsOnBlackSite,numberOfRobotsOnWhiteSite
15991,14,22
timeStep,numberOfRobotsOnBlackSite,numberOfRobotsOnWhiteSite
15992,14,22
timeStep,numberOfRobotsOnBlackSite,numberOfRobotsOnWhiteSite
15993,14,22
timeStep,numberOfRobotsOnBlackSite,numberOfRobotsOnWhiteSite
15994,14,22
timeStep,numberOfRobotsOnBlackSite,numberOfRobotsOnWhiteSite
15995,14,22
timeStep,numberOfRobotsOnBlackSite,numberOfRobotsOnWhiteSite
15996,14,22
timeStep,numberOfRobotsOnBlackSite,numberOfRobotsOnWhiteSite
15997,14,22
timeStep,numberOfRobotsOnBlackSite,numberOfRobotsOnWhiteSite
15998,14,22
timeStep,numberOfRobotsOnBlackSite,numberOfRobotsOnWhiteSite
15999,14,22
timeStep,numberOfRobotsOnBlackSite,numberOfRobotsOnWhiteSite
16000,14,22
timeStep,numberOfRobotsOnBlackSite,numberOfRobotsOnWhiteSite
16001,14,22
timeStep,numberOfRobotsOnBlackSite,numberOfRobotsOnWhiteSite
16002,14,22
timeStep,numberOfRobotsOnBlackSite,numberOfRobotsOnWhiteSite
16003,14,22
timeStep,numberOfRobotsOnBlackSite,numberOfRobotsOnWhiteSite
16004,14,22
timeStep,numberOfRobotsOnBlackSite,numberOfRobotsOnWhiteSite
16005,14,23
timeStep,numberOfRobotsOnBlackSite,numberOfRobotsOnWhiteSite
16006,14,23
timeStep,numberOfRobotsOnBlackSite,numberOfRobotsOnWhiteSite
16007,14,23
timeStep,numberOfRobotsOnBlackSite,numberOfRobotsOnWhiteSite
16008,14,23
timeStep,numberOfRobotsOnBlackSite,numberOfRobotsOnWhiteSite
16009,14,23
timeStep,numberOfRobotsOnBlackSite,numberOfRobotsOnWhiteSite
16010,14,23
timeStep,numberOfRobotsOnBlackSite,numberOfRobotsOnWhiteSite
16011,14,23
timeStep,numberOfRobotsOnBlackSite,numberOfRobotsOnWhiteSite
16012,14,23
timeStep,numberOfRobotsOnBlackSite,numberOfRobotsOnWhiteSite
16013,14,23
timeStep,numberOfRobotsOnBlackSite,numberOfRobotsOnWhiteSite
16014,14,23
timeStep,numberOfRobotsOnBlackSite,numberOfRobotsOnWhiteSite
16015,14,23
timeStep,numberOfRobotsOnBlackSite,numberOfRobotsOnWhiteSite
16016,14,23
timeStep,numberOfRobotsOnBlackSite,numberOfRobotsOnWhiteSite
16017,14,23
timeStep,numberOfRobotsOnBlackSite,numberOfRobotsOnWhiteSite
16018,14,23
timeStep,numberOfRobotsOnBlackSite,numberOfRobotsOnWhiteSite
16019,14,23
timeStep,numberOfRobotsOnBlackSite,numberOfRobotsOnWhiteSite
16020,14,23
timeStep,numberOfRobotsOnBlackSite,numberOfRobotsOnWhiteSite
16021,14,23
timeStep,numberOfRobotsOnBlackSite,numberOfRobotsOnWhiteSite
16022,14,23
timeStep,numberOfRobotsOnBlackSite,numberOfRobotsOnWhiteSite
16023,14,23
timeStep,numberOfRobotsOnBlackSite,numberOfRobotsOnWhiteSite
16024,14,23
timeStep,numberOfRobotsOnBlackSite,numberOfRobotsOnWhiteSite
16025,14,23
timeStep,numberOfRobotsOnBlackSite,numberOfRobotsOnWhiteSite
16026,14,23
timeStep,numberOfRobotsOnBlackSite,numberOfRobotsOnWhiteSite
16027,14,23
timeStep,numberOfRobotsOnBlackSite,numberOfRobotsOnWhiteSite
16028,14,23
timeStep,numberOfRobotsOnBlackSite,numberOfRobotsOnWhiteSite
16029,14,23
timeStep,numberOfRobotsOnBlackSite,numberOfRobotsOnWhiteSite
16030,14,23
timeStep,numberOfRobotsOnBlackSite,numberOfRobotsOnWhiteSite
16031,14,23
timeStep,numberOfRobotsOnBlackSite,numberOfRobotsOnWhiteSite
16032,14,23
timeStep,numberOfRobotsOnBlackSite,numberOfRobotsOnWhiteSite
16033,14,23
timeStep,numberOfRobotsOnBlackSite,numberOfRobotsOnWhiteSite
16034,14,23
timeStep,numberOfRobotsOnBlackSite,numberOfRobotsOnWhiteSite
16035,14,23
timeStep,numberOfRobotsOnBlackSite,numberOfRobotsOnWhiteSite
16036,14,23
timeStep,numberOfRobotsOnBlackSite,numberOfRobotsOnWhiteSite
16037,14,23
timeStep,numberOfRobotsOnBlackSite,numberOfRobotsOnWhiteSite
16038,14,23
timeStep,numberOfRobotsOnBlackSite,numberOfRobotsOnWhiteSite
16039,14,23
timeStep,numberOfRobotsOnBlackSite,numberOfRobotsOnWhiteSite
16040,14,23
timeStep,numberOfRobotsOnBlackSite,numberOfRobotsOnWhiteSite
16041,14,23
timeStep,numberOfRobotsOnBlackSite,numberOfRobotsOnWhiteSite
16042,14,23
timeStep,numberOfRobotsOnBlackSite,numberOfRobotsOnWhiteSite
16043,14,23
timeStep,numberOfRobotsOnBlackSite,numberOfRobotsOnWhiteSite
16044,14,23
timeStep,numberOfRobotsOnBlackSite,numberOfRobotsOnWhiteSite
16045,14,23
timeStep,numberOfRobotsOnBlackSite,numberOfRobotsOnWhiteSite
16046,14,23
timeStep,numberOfRobotsOnBlackSite,numberOfRobotsOnWhiteSite
16047,14,23
timeStep,numberOfRobotsOnBlackSite,numberOfRobotsOnWhiteSite
16048,14,23
timeStep,numberOfRobotsOnBlackSite,numberOfRobotsOnWhiteSite
16049,14,23
timeStep,numberOfRobotsOnBlackSite,numberOfRobotsOnWhiteSite
16050,14,23
timeStep,numberOfRobotsOnBlackSite,numberOfRobotsOnWhiteSite
16051,14,23
timeStep,numberOfRobotsOnBlackSite,numberOfRobotsOnWhiteSite
16052,14,23
timeStep,numberOfRobotsOnBlackSite,numberOfRobotsOnWhiteSite
16053,14,23
timeStep,numberOfRobotsOnBlackSite,numberOfRobotsOnWhiteSite
16054,14,23
timeStep,numberOfRobotsOnBlackSite,numberOfRobotsOnWhiteSite
16055,14,23
timeStep,numberOfRobotsOnBlackSite,numberOfRobotsOnWhiteSite
16056,14,23
timeStep,numberOfRobotsOnBlackSite,numberOfRobotsOnWhiteSite
16057,14,23
timeStep,numberOfRobotsOnBlackSite,numberOfRobotsOnWhiteSite
16058,14,23
timeStep,numberOfRobotsOnBlackSite,numberOfRobotsOnWhiteSite
16059,14,23
timeStep,numberOfRobotsOnBlackSite,numberOfRobotsOnWhiteSite
16060,14,23
timeStep,numberOfRobotsOnBlackSite,numberOfRobotsOnWhiteSite
16061,14,23
timeStep,numberOfRobotsOnBlackSite,numberOfRobotsOnWhiteSite
16062,14,23
timeStep,numberOfRobotsOnBlackSite,numberOfRobotsOnWhiteSite
16063,14,23
timeStep,numberOfRobotsOnBlackSite,numberOfRobotsOnWhiteSite
16064,14,23
timeStep,numberOfRobotsOnBlackSite,numberOfRobotsOnWhiteSite
16065,14,23
timeStep,numberOfRobotsOnBlackSite,numberOfRobotsOnWhiteSite
16066,14,23
timeStep,numberOfRobotsOnBlackSite,numberOfRobotsOnWhiteSite
16067,14,23
timeStep,numberOfRobotsOnBlackSite,numberOfRobotsOnWhiteSite
16068,14,23
timeStep,numberOfRobotsOnBlackSite,numberOfRobotsOnWhiteSite
16069,14,23
timeStep,numberOfRobotsOnBlackSite,numberOfRobotsOnWhiteSite
16070,14,23
timeStep,numberOfRobotsOnBlackSite,numberOfRobotsOnWhiteSite
16071,14,23
timeStep,numberOfRobotsOnBlackSite,numberOfRobotsOnWhiteSite
16072,14,23
timeStep,numberOfRobotsOnBlackSite,numberOfRobotsOnWhiteSite
16073,14,23
timeStep,numberOfRobotsOnBlackSite,numberOfRobotsOnWhiteSite
16074,14,23
timeStep,numberOfRobotsOnBlackSite,numberOfRobotsOnWhiteSite
16075,14,23
timeStep,numberOfRobotsOnBlackSite,numberOfRobotsOnWhiteSite
16076,14,23
timeStep,numberOfRobotsOnBlackSite,numberOfRobotsOnWhiteSite
16077,14,23
timeStep,numberOfRobotsOnBlackSite,numberOfRobotsOnWhiteSite
16078,14,23
timeStep,numberOfRobotsOnBlackSite,numberOfRobotsOnWhiteSite
16079,14,23
timeStep,numberOfRobotsOnBlackSite,numberOfRobotsOnWhiteSite
16080,14,23
timeStep,numberOfRobotsOnBlackSite,numberOfRobotsOnWhiteSite
16081,14,23
timeStep,numberOfRobotsOnBlackSite,numberOfRobotsOnWhiteSite
16082,14,23
timeStep,numberOfRobotsOnBlackSite,numberOfRobotsOnWhiteSite
16083,14,23
timeStep,numberOfRobotsOnBlackSite,numberOfRobotsOnWhiteSite
16084,14,23
timeStep,numberOfRobotsOnBlackSite,numberOfRobotsOnWhiteSite
16085,14,23
timeStep,numberOfRobotsOnBlackSite,numberOfRobotsOnWhiteSite
16086,14,23
timeStep,numberOfRobotsOnBlackSite,numberOfRobotsOnWhiteSite
16087,14,23
timeStep,numberOfRobotsOnBlackSite,numberOfRobotsOnWhiteSite
16088,14,23
timeStep,numberOfRobotsOnBlackSite,numberOfRobotsOnWhiteSite
16089,14,23
timeStep,numberOfRobotsOnBlackSite,numberOfRobotsOnWhiteSite
16090,14,23
timeStep,numberOfRobotsOnBlackSite,numberOfRobotsOnWhiteSite
16091,14,23
timeStep,numberOfRobotsOnBlackSite,numberOfRobotsOnWhiteSite
16092,14,23
timeStep,numberOfRobotsOnBlackSite,numberOfRobotsOnWhiteSite
16093,14,23
timeStep,numberOfRobotsOnBlackSite,numberOfRobotsOnWhiteSite
16094,14,23
timeStep,numberOfRobotsOnBlackSite,numberOfRobotsOnWhiteSite
16095,14,23
timeStep,numberOfRobotsOnBlackSite,numberOfRobotsOnWhiteSite
16096,14,23
timeStep,numberOfRobotsOnBlackSite,numberOfRobotsOnWhiteSite
16097,14,23
timeStep,numberOfRobotsOnBlackSite,numberOfRobotsOnWhiteSite
16098,14,23
timeStep,numberOfRobotsOnBlackSite,numberOfRobotsOnWhiteSite
16099,14,23
timeStep,numberOfRobotsOnBlackSite,numberOfRobotsOnWhiteSite
16100,14,23
timeStep,numberOfRobotsOnBlackSite,numberOfRobotsOnWhiteSite
16101,14,23
timeStep,numberOfRobotsOnBlackSite,numberOfRobotsOnWhiteSite
16102,14,23
timeStep,numberOfRobotsOnBlackSite,numberOfRobotsOnWhiteSite
16103,14,23
timeStep,numberOfRobotsOnBlackSite,numberOfRobotsOnWhiteSite
16104,14,23
timeStep,numberOfRobotsOnBlackSite,numberOfRobotsOnWhiteSite
16105,14,23
timeStep,numberOfRobotsOnBlackSite,numberOfRobotsOnWhiteSite
16106,14,23
timeStep,numberOfRobotsOnBlackSite,numberOfRobotsOnWhiteSite
16107,14,23
timeStep,numberOfRobotsOnBlackSite,numberOfRobotsOnWhiteSite
16108,14,23
timeStep,numberOfRobotsOnBlackSite,numberOfRobotsOnWhiteSite
16109,14,23
timeStep,numberOfRobotsOnBlackSite,numberOfRobotsOnWhiteSite
16110,14,23
timeStep,numberOfRobotsOnBlackSite,numberOfRobotsOnWhiteSite
16111,14,23
timeStep,numberOfRobotsOnBlackSite,numberOfRobotsOnWhiteSite
16112,14,23
timeStep,numberOfRobotsOnBlackSite,numberOfRobotsOnWhiteSite
16113,14,23
timeStep,numberOfRobotsOnBlackSite,numberOfRobotsOnWhiteSite
16114,14,23
timeStep,numberOfRobotsOnBlackSite,numberOfRobotsOnWhiteSite
16115,14,23
timeStep,numberOfRobotsOnBlackSite,numberOfRobotsOnWhiteSite
16116,14,23
timeStep,numberOfRobotsOnBlackSite,numberOfRobotsOnWhiteSite
16117,14,23
timeStep,numberOfRobotsOnBlackSite,numberOfRobotsOnWhiteSite
16118,14,23
timeStep,numberOfRobotsOnBlackSite,numberOfRobotsOnWhiteSite
16119,14,23
timeStep,numberOfRobotsOnBlackSite,numberOfRobotsOnWhiteSite
16120,14,23
timeStep,numberOfRobotsOnBlackSite,numberOfRobotsOnWhiteSite
16121,14,23
timeStep,numberOfRobotsOnBlackSite,numberOfRobotsOnWhiteSite
16122,14,23
timeStep,numberOfRobotsOnBlackSite,numberOfRobotsOnWhiteSite
16123,14,23
timeStep,numberOfRobotsOnBlackSite,numberOfRobotsOnWhiteSite
16124,14,23
timeStep,numberOfRobotsOnBlackSite,numberOfRobotsOnWhiteSite
16125,14,23
timeStep,numberOfRobotsOnBlackSite,numberOfRobotsOnWhiteSite
16126,14,23
timeStep,numberOfRobotsOnBlackSite,numberOfRobotsOnWhiteSite
16127,14,23
timeStep,numberOfRobotsOnBlackSite,numberOfRobotsOnWhiteSite
16128,14,23
timeStep,numberOfRobotsOnBlackSite,numberOfRobotsOnWhiteSite
16129,14,23
timeStep,numberOfRobotsOnBlackSite,numberOfRobotsOnWhiteSite
16130,14,23
timeStep,numberOfRobotsOnBlackSite,numberOfRobotsOnWhiteSite
16131,14,23
timeStep,numberOfRobotsOnBlackSite,numberOfRobotsOnWhiteSite
16132,14,23
timeStep,numberOfRobotsOnBlackSite,numberOfRobotsOnWhiteSite
16133,14,23
timeStep,numberOfRobotsOnBlackSite,numberOfRobotsOnWhiteSite
16134,14,23
timeStep,numberOfRobotsOnBlackSite,numberOfRobotsOnWhiteSite
16135,14,23
timeStep,numberOfRobotsOnBlackSite,numberOfRobotsOnWhiteSite
16136,14,23
timeStep,numberOfRobotsOnBlackSite,numberOfRobotsOnWhiteSite
16137,14,23
timeStep,numberOfRobotsOnBlackSite,numberOfRobotsOnWhiteSite
16138,14,23
timeStep,numberOfRobotsOnBlackSite,numberOfRobotsOnWhiteSite
16139,14,23
timeStep,numberOfRobotsOnBlackSite,numberOfRobotsOnWhiteSite
16140,14,23
timeStep,numberOfRobotsOnBlackSite,numberOfRobotsOnWhiteSite
16141,14,23
timeStep,numberOfRobotsOnBlackSite,numberOfRobotsOnWhiteSite
16142,14,23
timeStep,numberOfRobotsOnBlackSite,numberOfRobotsOnWhiteSite
16143,14,23
timeStep,numberOfRobotsOnBlackSite,numberOfRobotsOnWhiteSite
16144,14,23
timeStep,numberOfRobotsOnBlackSite,numberOfRobotsOnWhiteSite
16145,14,23
timeStep,numberOfRobotsOnBlackSite,numberOfRobotsOnWhiteSite
16146,14,23
timeStep,numberOfRobotsOnBlackSite,numberOfRobotsOnWhiteSite
16147,14,23
timeStep,numberOfRobotsOnBlackSite,numberOfRobotsOnWhiteSite
16148,14,23
timeStep,numberOfRobotsOnBlackSite,numberOfRobotsOnWhiteSite
16149,14,23
timeStep,numberOfRobotsOnBlackSite,numberOfRobotsOnWhiteSite
16150,14,23
timeStep,numberOfRobotsOnBlackSite,numberOfRobotsOnWhiteSite
16151,14,23
timeStep,numberOfRobotsOnBlackSite,numberOfRobotsOnWhiteSite
16152,14,23
timeStep,numberOfRobotsOnBlackSite,numberOfRobotsOnWhiteSite
16153,14,23
timeStep,numberOfRobotsOnBlackSite,numberOfRobotsOnWhiteSite
16154,14,23
timeStep,numberOfRobotsOnBlackSite,numberOfRobotsOnWhiteSite
16155,14,23
timeStep,numberOfRobotsOnBlackSite,numberOfRobotsOnWhiteSite
16156,14,23
timeStep,numberOfRobotsOnBlackSite,numberOfRobotsOnWhiteSite
16157,14,23
timeStep,numberOfRobotsOnBlackSite,numberOfRobotsOnWhiteSite
16158,14,23
timeStep,numberOfRobotsOnBlackSite,numberOfRobotsOnWhiteSite
16159,14,23
timeStep,numberOfRobotsOnBlackSite,numberOfRobotsOnWhiteSite
16160,14,23
timeStep,numberOfRobotsOnBlackSite,numberOfRobotsOnWhiteSite
16161,14,23
timeStep,numberOfRobotsOnBlackSite,numberOfRobotsOnWhiteSite
16162,14,23
timeStep,numberOfRobotsOnBlackSite,numberOfRobotsOnWhiteSite
16163,14,23
timeStep,numberOfRobotsOnBlackSite,numberOfRobotsOnWhiteSite
16164,14,23
timeStep,numberOfRobotsOnBlackSite,numberOfRobotsOnWhiteSite
16165,14,23
timeStep,numberOfRobotsOnBlackSite,numberOfRobotsOnWhiteSite
16166,14,23
timeStep,numberOfRobotsOnBlackSite,numberOfRobotsOnWhiteSite
16167,14,23
timeStep,numberOfRobotsOnBlackSite,numberOfRobotsOnWhiteSite
16168,14,23
timeStep,numberOfRobotsOnBlackSite,numberOfRobotsOnWhiteSite
16169,14,23
timeStep,numberOfRobotsOnBlackSite,numberOfRobotsOnWhiteSite
16170,14,23
timeStep,numberOfRobotsOnBlackSite,numberOfRobotsOnWhiteSite
16171,14,23
timeStep,numberOfRobotsOnBlackSite,numberOfRobotsOnWhiteSite
16172,14,23
timeStep,numberOfRobotsOnBlackSite,numberOfRobotsOnWhiteSite
16173,14,23
timeStep,numberOfRobotsOnBlackSite,numberOfRobotsOnWhiteSite
16174,14,23
timeStep,numberOfRobotsOnBlackSite,numberOfRobotsOnWhiteSite
16175,14,23
timeStep,numberOfRobotsOnBlackSite,numberOfRobotsOnWhiteSite
16176,14,23
timeStep,numberOfRobotsOnBlackSite,numberOfRobotsOnWhiteSite
16177,14,23
timeStep,numberOfRobotsOnBlackSite,numberOfRobotsOnWhiteSite
16178,14,23
timeStep,numberOfRobotsOnBlackSite,numberOfRobotsOnWhiteSite
16179,14,23
timeStep,numberOfRobotsOnBlackSite,numberOfRobotsOnWhiteSite
16180,14,23
timeStep,numberOfRobotsOnBlackSite,numberOfRobotsOnWhiteSite
16181,14,23
timeStep,numberOfRobotsOnBlackSite,numberOfRobotsOnWhiteSite
16182,14,23
timeStep,numberOfRobotsOnBlackSite,numberOfRobotsOnWhiteSite
16183,14,23
timeStep,numberOfRobotsOnBlackSite,numberOfRobotsOnWhiteSite
16184,14,23
timeStep,numberOfRobotsOnBlackSite,numberOfRobotsOnWhiteSite
16185,14,23
timeStep,numberOfRobotsOnBlackSite,numberOfRobotsOnWhiteSite
16186,14,23
timeStep,numberOfRobotsOnBlackSite,numberOfRobotsOnWhiteSite
16187,14,23
timeStep,numberOfRobotsOnBlackSite,numberOfRobotsOnWhiteSite
16188,14,23
timeStep,numberOfRobotsOnBlackSite,numberOfRobotsOnWhiteSite
16189,14,23
timeStep,numberOfRobotsOnBlackSite,numberOfRobotsOnWhiteSite
16190,13,23
timeStep,numberOfRobotsOnBlackSite,numberOfRobotsOnWhiteSite
16191,13,23
timeStep,numberOfRobotsOnBlackSite,numberOfRobotsOnWhiteSite
16192,13,23
timeStep,numberOfRobotsOnBlackSite,numberOfRobotsOnWhiteSite
16193,13,23
timeStep,numberOfRobotsOnBlackSite,numberOfRobotsOnWhiteSite
16194,13,23
timeStep,numberOfRobotsOnBlackSite,numberOfRobotsOnWhiteSite
16195,13,23
timeStep,numberOfRobotsOnBlackSite,numberOfRobotsOnWhiteSite
16196,13,23
timeStep,numberOfRobotsOnBlackSite,numberOfRobotsOnWhiteSite
16197,13,23
timeStep,numberOfRobotsOnBlackSite,numberOfRobotsOnWhiteSite
16198,13,23
timeStep,numberOfRobotsOnBlackSite,numberOfRobotsOnWhiteSite
16199,13,23
timeStep,numberOfRobotsOnBlackSite,numberOfRobotsOnWhiteSite
16200,13,23
timeStep,numberOfRobotsOnBlackSite,numberOfRobotsOnWhiteSite
16201,13,23
timeStep,numberOfRobotsOnBlackSite,numberOfRobotsOnWhiteSite
16202,13,23
timeStep,numberOfRobotsOnBlackSite,numberOfRobotsOnWhiteSite
16203,13,23
timeStep,numberOfRobotsOnBlackSite,numberOfRobotsOnWhiteSite
16204,13,23
timeStep,numberOfRobotsOnBlackSite,numberOfRobotsOnWhiteSite
16205,13,23
timeStep,numberOfRobotsOnBlackSite,numberOfRobotsOnWhiteSite
16206,13,23
timeStep,numberOfRobotsOnBlackSite,numberOfRobotsOnWhiteSite
16207,13,23
timeStep,numberOfRobotsOnBlackSite,numberOfRobotsOnWhiteSite
16208,13,23
timeStep,numberOfRobotsOnBlackSite,numberOfRobotsOnWhiteSite
16209,13,23
timeStep,numberOfRobotsOnBlackSite,numberOfRobotsOnWhiteSite
16210,13,23
timeStep,numberOfRobotsOnBlackSite,numberOfRobotsOnWhiteSite
16211,13,23
timeStep,numberOfRobotsOnBlackSite,numberOfRobotsOnWhiteSite
16212,13,23
timeStep,numberOfRobotsOnBlackSite,numberOfRobotsOnWhiteSite
16213,13,23
timeStep,numberOfRobotsOnBlackSite,numberOfRobotsOnWhiteSite
16214,13,23
timeStep,numberOfRobotsOnBlackSite,numberOfRobotsOnWhiteSite
16215,13,23
timeStep,numberOfRobotsOnBlackSite,numberOfRobotsOnWhiteSite
16216,13,23
timeStep,numberOfRobotsOnBlackSite,numberOfRobotsOnWhiteSite
16217,13,23
timeStep,numberOfRobotsOnBlackSite,numberOfRobotsOnWhiteSite
16218,13,23
timeStep,numberOfRobotsOnBlackSite,numberOfRobotsOnWhiteSite
16219,13,23
timeStep,numberOfRobotsOnBlackSite,numberOfRobotsOnWhiteSite
16220,13,23
timeStep,numberOfRobotsOnBlackSite,numberOfRobotsOnWhiteSite
16221,13,23
timeStep,numberOfRobotsOnBlackSite,numberOfRobotsOnWhiteSite
16222,13,23
timeStep,numberOfRobotsOnBlackSite,numberOfRobotsOnWhiteSite
16223,13,23
timeStep,numberOfRobotsOnBlackSite,numberOfRobotsOnWhiteSite
16224,13,23
timeStep,numberOfRobotsOnBlackSite,numberOfRobotsOnWhiteSite
16225,13,23
timeStep,numberOfRobotsOnBlackSite,numberOfRobotsOnWhiteSite
16226,13,23
timeStep,numberOfRobotsOnBlackSite,numberOfRobotsOnWhiteSite
16227,13,23
timeStep,numberOfRobotsOnBlackSite,numberOfRobotsOnWhiteSite
16228,13,23
timeStep,numberOfRobotsOnBlackSite,numberOfRobotsOnWhiteSite
16229,13,23
timeStep,numberOfRobotsOnBlackSite,numberOfRobotsOnWhiteSite
16230,13,23
timeStep,numberOfRobotsOnBlackSite,numberOfRobotsOnWhiteSite
16231,13,23
timeStep,numberOfRobotsOnBlackSite,numberOfRobotsOnWhiteSite
16232,13,23
timeStep,numberOfRobotsOnBlackSite,numberOfRobotsOnWhiteSite
16233,13,23
timeStep,numberOfRobotsOnBlackSite,numberOfRobotsOnWhiteSite
16234,13,23
timeStep,numberOfRobotsOnBlackSite,numberOfRobotsOnWhiteSite
16235,14,23
timeStep,numberOfRobotsOnBlackSite,numberOfRobotsOnWhiteSite
16236,14,23
timeStep,numberOfRobotsOnBlackSite,numberOfRobotsOnWhiteSite
16237,14,23
timeStep,numberOfRobotsOnBlackSite,numberOfRobotsOnWhiteSite
16238,14,23
timeStep,numberOfRobotsOnBlackSite,numberOfRobotsOnWhiteSite
16239,14,23
timeStep,numberOfRobotsOnBlackSite,numberOfRobotsOnWhiteSite
16240,13,22
timeStep,numberOfRobotsOnBlackSite,numberOfRobotsOnWhiteSite
16241,13,22
timeStep,numberOfRobotsOnBlackSite,numberOfRobotsOnWhiteSite
16242,13,22
timeStep,numberOfRobotsOnBlackSite,numberOfRobotsOnWhiteSite
16243,13,22
timeStep,numberOfRobotsOnBlackSite,numberOfRobotsOnWhiteSite
16244,13,22
timeStep,numberOfRobotsOnBlackSite,numberOfRobotsOnWhiteSite
16245,13,22
timeStep,numberOfRobotsOnBlackSite,numberOfRobotsOnWhiteSite
16246,13,22
timeStep,numberOfRobotsOnBlackSite,numberOfRobotsOnWhiteSite
16247,13,22
timeStep,numberOfRobotsOnBlackSite,numberOfRobotsOnWhiteSite
16248,13,22
timeStep,numberOfRobotsOnBlackSite,numberOfRobotsOnWhiteSite
16249,13,22
timeStep,numberOfRobotsOnBlackSite,numberOfRobotsOnWhiteSite
16250,13,22
timeStep,numberOfRobotsOnBlackSite,numberOfRobotsOnWhiteSite
16251,13,22
timeStep,numberOfRobotsOnBlackSite,numberOfRobotsOnWhiteSite
16252,13,22
timeStep,numberOfRobotsOnBlackSite,numberOfRobotsOnWhiteSite
16253,13,22
timeStep,numberOfRobotsOnBlackSite,numberOfRobotsOnWhiteSite
16254,13,22
timeStep,numberOfRobotsOnBlackSite,numberOfRobotsOnWhiteSite
16255,13,22
timeStep,numberOfRobotsOnBlackSite,numberOfRobotsOnWhiteSite
16256,13,22
timeStep,numberOfRobotsOnBlackSite,numberOfRobotsOnWhiteSite
16257,13,22
timeStep,numberOfRobotsOnBlackSite,numberOfRobotsOnWhiteSite
16258,13,22
timeStep,numberOfRobotsOnBlackSite,numberOfRobotsOnWhiteSite
16259,13,22
timeStep,numberOfRobotsOnBlackSite,numberOfRobotsOnWhiteSite
16260,13,22
timeStep,numberOfRobotsOnBlackSite,numberOfRobotsOnWhiteSite
16261,13,22
timeStep,numberOfRobotsOnBlackSite,numberOfRobotsOnWhiteSite
16262,13,22
timeStep,numberOfRobotsOnBlackSite,numberOfRobotsOnWhiteSite
16263,13,22
timeStep,numberOfRobotsOnBlackSite,numberOfRobotsOnWhiteSite
16264,13,22
timeStep,numberOfRobotsOnBlackSite,numberOfRobotsOnWhiteSite
16265,13,22
timeStep,numberOfRobotsOnBlackSite,numberOfRobotsOnWhiteSite
16266,13,22
timeStep,numberOfRobotsOnBlackSite,numberOfRobotsOnWhiteSite
16267,13,22
timeStep,numberOfRobotsOnBlackSite,numberOfRobotsOnWhiteSite
16268,13,22
timeStep,numberOfRobotsOnBlackSite,numberOfRobotsOnWhiteSite
16269,13,22
timeStep,numberOfRobotsOnBlackSite,numberOfRobotsOnWhiteSite
16270,13,22
timeStep,numberOfRobotsOnBlackSite,numberOfRobotsOnWhiteSite
16271,13,22
timeStep,numberOfRobotsOnBlackSite,numberOfRobotsOnWhiteSite
16272,13,22
timeStep,numberOfRobotsOnBlackSite,numberOfRobotsOnWhiteSite
16273,13,22
timeStep,numberOfRobotsOnBlackSite,numberOfRobotsOnWhiteSite
16274,13,22
timeStep,numberOfRobotsOnBlackSite,numberOfRobotsOnWhiteSite
16275,14,22
timeStep,numberOfRobotsOnBlackSite,numberOfRobotsOnWhiteSite
16276,14,22
timeStep,numberOfRobotsOnBlackSite,numberOfRobotsOnWhiteSite
16277,14,22
timeStep,numberOfRobotsOnBlackSite,numberOfRobotsOnWhiteSite
16278,14,22
timeStep,numberOfRobotsOnBlackSite,numberOfRobotsOnWhiteSite
16279,14,22
timeStep,numberOfRobotsOnBlackSite,numberOfRobotsOnWhiteSite
16280,14,22
timeStep,numberOfRobotsOnBlackSite,numberOfRobotsOnWhiteSite
16281,14,22
timeStep,numberOfRobotsOnBlackSite,numberOfRobotsOnWhiteSite
16282,14,22
timeStep,numberOfRobotsOnBlackSite,numberOfRobotsOnWhiteSite
16283,14,22
timeStep,numberOfRobotsOnBlackSite,numberOfRobotsOnWhiteSite
16284,14,22
timeStep,numberOfRobotsOnBlackSite,numberOfRobotsOnWhiteSite
16285,14,22
timeStep,numberOfRobotsOnBlackSite,numberOfRobotsOnWhiteSite
16286,14,22
timeStep,numberOfRobotsOnBlackSite,numberOfRobotsOnWhiteSite
16287,14,22
timeStep,numberOfRobotsOnBlackSite,numberOfRobotsOnWhiteSite
16288,14,22
timeStep,numberOfRobotsOnBlackSite,numberOfRobotsOnWhiteSite
16289,14,22
timeStep,numberOfRobotsOnBlackSite,numberOfRobotsOnWhiteSite
16290,14,22
timeStep,numberOfRobotsOnBlackSite,numberOfRobotsOnWhiteSite
16291,14,22
timeStep,numberOfRobotsOnBlackSite,numberOfRobotsOnWhiteSite
16292,14,22
timeStep,numberOfRobotsOnBlackSite,numberOfRobotsOnWhiteSite
16293,14,22
timeStep,numberOfRobotsOnBlackSite,numberOfRobotsOnWhiteSite
16294,14,22
timeStep,numberOfRobotsOnBlackSite,numberOfRobotsOnWhiteSite
16295,14,21
timeStep,numberOfRobotsOnBlackSite,numberOfRobotsOnWhiteSite
16296,14,21
timeStep,numberOfRobotsOnBlackSite,numberOfRobotsOnWhiteSite
16297,14,21
timeStep,numberOfRobotsOnBlackSite,numberOfRobotsOnWhiteSite
16298,14,21
timeStep,numberOfRobotsOnBlackSite,numberOfRobotsOnWhiteSite
16299,14,21
timeStep,numberOfRobotsOnBlackSite,numberOfRobotsOnWhiteSite
16300,14,20
timeStep,numberOfRobotsOnBlackSite,numberOfRobotsOnWhiteSite
16301,14,20
timeStep,numberOfRobotsOnBlackSite,numberOfRobotsOnWhiteSite
16302,14,20
timeStep,numberOfRobotsOnBlackSite,numberOfRobotsOnWhiteSite
16303,14,20
timeStep,numberOfRobotsOnBlackSite,numberOfRobotsOnWhiteSite
16304,14,20
timeStep,numberOfRobotsOnBlackSite,numberOfRobotsOnWhiteSite
16305,14,20
timeStep,numberOfRobotsOnBlackSite,numberOfRobotsOnWhiteSite
16306,14,20
timeStep,numberOfRobotsOnBlackSite,numberOfRobotsOnWhiteSite
16307,14,20
timeStep,numberOfRobotsOnBlackSite,numberOfRobotsOnWhiteSite
16308,14,20
timeStep,numberOfRobotsOnBlackSite,numberOfRobotsOnWhiteSite
16309,14,20
timeStep,numberOfRobotsOnBlackSite,numberOfRobotsOnWhiteSite
16310,14,20
timeStep,numberOfRobotsOnBlackSite,numberOfRobotsOnWhiteSite
16311,14,20
timeStep,numberOfRobotsOnBlackSite,numberOfRobotsOnWhiteSite
16312,14,20
timeStep,numberOfRobotsOnBlackSite,numberOfRobotsOnWhiteSite
16313,14,20
timeStep,numberOfRobotsOnBlackSite,numberOfRobotsOnWhiteSite
16314,14,20
timeStep,numberOfRobotsOnBlackSite,numberOfRobotsOnWhiteSite
16315,14,19
timeStep,numberOfRobotsOnBlackSite,numberOfRobotsOnWhiteSite
16316,14,19
timeStep,numberOfRobotsOnBlackSite,numberOfRobotsOnWhiteSite
16317,14,19
timeStep,numberOfRobotsOnBlackSite,numberOfRobotsOnWhiteSite
16318,14,19
timeStep,numberOfRobotsOnBlackSite,numberOfRobotsOnWhiteSite
16319,14,19
timeStep,numberOfRobotsOnBlackSite,numberOfRobotsOnWhiteSite
16320,14,19
timeStep,numberOfRobotsOnBlackSite,numberOfRobotsOnWhiteSite
16321,14,19
timeStep,numberOfRobotsOnBlackSite,numberOfRobotsOnWhiteSite
16322,14,19
timeStep,numberOfRobotsOnBlackSite,numberOfRobotsOnWhiteSite
16323,14,19
timeStep,numberOfRobotsOnBlackSite,numberOfRobotsOnWhiteSite
16324,14,19
timeStep,numberOfRobotsOnBlackSite,numberOfRobotsOnWhiteSite
16325,14,19
timeStep,numberOfRobotsOnBlackSite,numberOfRobotsOnWhiteSite
16326,14,19
timeStep,numberOfRobotsOnBlackSite,numberOfRobotsOnWhiteSite
16327,14,19
timeStep,numberOfRobotsOnBlackSite,numberOfRobotsOnWhiteSite
16328,14,19
timeStep,numberOfRobotsOnBlackSite,numberOfRobotsOnWhiteSite
16329,14,19
timeStep,numberOfRobotsOnBlackSite,numberOfRobotsOnWhiteSite
16330,14,19
timeStep,numberOfRobotsOnBlackSite,numberOfRobotsOnWhiteSite
16331,14,19
timeStep,numberOfRobotsOnBlackSite,numberOfRobotsOnWhiteSite
16332,14,19
timeStep,numberOfRobotsOnBlackSite,numberOfRobotsOnWhiteSite
16333,14,19
timeStep,numberOfRobotsOnBlackSite,numberOfRobotsOnWhiteSite
16334,14,19
timeStep,numberOfRobotsOnBlackSite,numberOfRobotsOnWhiteSite
16335,14,19
timeStep,numberOfRobotsOnBlackSite,numberOfRobotsOnWhiteSite
16336,14,19
timeStep,numberOfRobotsOnBlackSite,numberOfRobotsOnWhiteSite
16337,14,19
timeStep,numberOfRobotsOnBlackSite,numberOfRobotsOnWhiteSite
16338,14,19
timeStep,numberOfRobotsOnBlackSite,numberOfRobotsOnWhiteSite
16339,14,19
timeStep,numberOfRobotsOnBlackSite,numberOfRobotsOnWhiteSite
16340,14,19
timeStep,numberOfRobotsOnBlackSite,numberOfRobotsOnWhiteSite
16341,14,19
timeStep,numberOfRobotsOnBlackSite,numberOfRobotsOnWhiteSite
16342,14,19
timeStep,numberOfRobotsOnBlackSite,numberOfRobotsOnWhiteSite
16343,14,19
timeStep,numberOfRobotsOnBlackSite,numberOfRobotsOnWhiteSite
16344,14,19
timeStep,numberOfRobotsOnBlackSite,numberOfRobotsOnWhiteSite
16345,14,18
timeStep,numberOfRobotsOnBlackSite,numberOfRobotsOnWhiteSite
16346,14,18
timeStep,numberOfRobotsOnBlackSite,numberOfRobotsOnWhiteSite
16347,14,18
timeStep,numberOfRobotsOnBlackSite,numberOfRobotsOnWhiteSite
16348,14,18
timeStep,numberOfRobotsOnBlackSite,numberOfRobotsOnWhiteSite
16349,14,18
timeStep,numberOfRobotsOnBlackSite,numberOfRobotsOnWhiteSite
16350,14,18
timeStep,numberOfRobotsOnBlackSite,numberOfRobotsOnWhiteSite
16351,14,18
timeStep,numberOfRobotsOnBlackSite,numberOfRobotsOnWhiteSite
16352,14,18
timeStep,numberOfRobotsOnBlackSite,numberOfRobotsOnWhiteSite
16353,14,18
timeStep,numberOfRobotsOnBlackSite,numberOfRobotsOnWhiteSite
16354,14,18
timeStep,numberOfRobotsOnBlackSite,numberOfRobotsOnWhiteSite
16355,14,18
timeStep,numberOfRobotsOnBlackSite,numberOfRobotsOnWhiteSite
16356,14,18
timeStep,numberOfRobotsOnBlackSite,numberOfRobotsOnWhiteSite
16357,14,18
timeStep,numberOfRobotsOnBlackSite,numberOfRobotsOnWhiteSite
16358,14,18
timeStep,numberOfRobotsOnBlackSite,numberOfRobotsOnWhiteSite
16359,14,18
timeStep,numberOfRobotsOnBlackSite,numberOfRobotsOnWhiteSite
16360,14,18
timeStep,numberOfRobotsOnBlackSite,numberOfRobotsOnWhiteSite
16361,14,18
timeStep,numberOfRobotsOnBlackSite,numberOfRobotsOnWhiteSite
16362,14,18
timeStep,numberOfRobotsOnBlackSite,numberOfRobotsOnWhiteSite
16363,14,18
timeStep,numberOfRobotsOnBlackSite,numberOfRobotsOnWhiteSite
16364,14,18
timeStep,numberOfRobotsOnBlackSite,numberOfRobotsOnWhiteSite
16365,14,18
timeStep,numberOfRobotsOnBlackSite,numberOfRobotsOnWhiteSite
16366,14,18
timeStep,numberOfRobotsOnBlackSite,numberOfRobotsOnWhiteSite
16367,14,18
timeStep,numberOfRobotsOnBlackSite,numberOfRobotsOnWhiteSite
16368,14,18
timeStep,numberOfRobotsOnBlackSite,numberOfRobotsOnWhiteSite
16369,14,18
timeStep,numberOfRobotsOnBlackSite,numberOfRobotsOnWhiteSite
16370,14,18
timeStep,numberOfRobotsOnBlackSite,numberOfRobotsOnWhiteSite
16371,14,18
timeStep,numberOfRobotsOnBlackSite,numberOfRobotsOnWhiteSite
16372,14,18
timeStep,numberOfRobotsOnBlackSite,numberOfRobotsOnWhiteSite
16373,14,18
timeStep,numberOfRobotsOnBlackSite,numberOfRobotsOnWhiteSite
16374,14,18
timeStep,numberOfRobotsOnBlackSite,numberOfRobotsOnWhiteSite
16375,14,19
timeStep,numberOfRobotsOnBlackSite,numberOfRobotsOnWhiteSite
16376,14,19
timeStep,numberOfRobotsOnBlackSite,numberOfRobotsOnWhiteSite
16377,14,19
timeStep,numberOfRobotsOnBlackSite,numberOfRobotsOnWhiteSite
16378,14,19
timeStep,numberOfRobotsOnBlackSite,numberOfRobotsOnWhiteSite
16379,14,19
timeStep,numberOfRobotsOnBlackSite,numberOfRobotsOnWhiteSite
16380,14,21
timeStep,numberOfRobotsOnBlackSite,numberOfRobotsOnWhiteSite
16381,14,21
timeStep,numberOfRobotsOnBlackSite,numberOfRobotsOnWhiteSite
16382,14,21
timeStep,numberOfRobotsOnBlackSite,numberOfRobotsOnWhiteSite
16383,14,21
timeStep,numberOfRobotsOnBlackSite,numberOfRobotsOnWhiteSite
16384,14,21
timeStep,numberOfRobotsOnBlackSite,numberOfRobotsOnWhiteSite
16385,14,21
timeStep,numberOfRobotsOnBlackSite,numberOfRobotsOnWhiteSite
16386,14,21
timeStep,numberOfRobotsOnBlackSite,numberOfRobotsOnWhiteSite
16387,14,21
timeStep,numberOfRobotsOnBlackSite,numberOfRobotsOnWhiteSite
16388,14,21
timeStep,numberOfRobotsOnBlackSite,numberOfRobotsOnWhiteSite
16389,14,21
timeStep,numberOfRobotsOnBlackSite,numberOfRobotsOnWhiteSite
16390,14,21
timeStep,numberOfRobotsOnBlackSite,numberOfRobotsOnWhiteSite
16391,14,21
timeStep,numberOfRobotsOnBlackSite,numberOfRobotsOnWhiteSite
16392,14,21
timeStep,numberOfRobotsOnBlackSite,numberOfRobotsOnWhiteSite
16393,14,21
timeStep,numberOfRobotsOnBlackSite,numberOfRobotsOnWhiteSite
16394,14,21
timeStep,numberOfRobotsOnBlackSite,numberOfRobotsOnWhiteSite
16395,14,21
timeStep,numberOfRobotsOnBlackSite,numberOfRobotsOnWhiteSite
16396,14,21
timeStep,numberOfRobotsOnBlackSite,numberOfRobotsOnWhiteSite
16397,14,21
timeStep,numberOfRobotsOnBlackSite,numberOfRobotsOnWhiteSite
16398,14,21
timeStep,numberOfRobotsOnBlackSite,numberOfRobotsOnWhiteSite
16399,14,21
timeStep,numberOfRobotsOnBlackSite,numberOfRobotsOnWhiteSite
16400,14,21
timeStep,numberOfRobotsOnBlackSite,numberOfRobotsOnWhiteSite
16401,14,21
timeStep,numberOfRobotsOnBlackSite,numberOfRobotsOnWhiteSite
16402,14,21
timeStep,numberOfRobotsOnBlackSite,numberOfRobotsOnWhiteSite
16403,14,21
timeStep,numberOfRobotsOnBlackSite,numberOfRobotsOnWhiteSite
16404,14,21
timeStep,numberOfRobotsOnBlackSite,numberOfRobotsOnWhiteSite
16405,14,21
timeStep,numberOfRobotsOnBlackSite,numberOfRobotsOnWhiteSite
16406,14,21
timeStep,numberOfRobotsOnBlackSite,numberOfRobotsOnWhiteSite
16407,14,21
timeStep,numberOfRobotsOnBlackSite,numberOfRobotsOnWhiteSite
16408,14,21
timeStep,numberOfRobotsOnBlackSite,numberOfRobotsOnWhiteSite
16409,14,21
timeStep,numberOfRobotsOnBlackSite,numberOfRobotsOnWhiteSite
16410,14,21
timeStep,numberOfRobotsOnBlackSite,numberOfRobotsOnWhiteSite
16411,14,21
timeStep,numberOfRobotsOnBlackSite,numberOfRobotsOnWhiteSite
16412,14,21
timeStep,numberOfRobotsOnBlackSite,numberOfRobotsOnWhiteSite
16413,14,21
timeStep,numberOfRobotsOnBlackSite,numberOfRobotsOnWhiteSite
16414,14,21
timeStep,numberOfRobotsOnBlackSite,numberOfRobotsOnWhiteSite
16415,14,21
timeStep,numberOfRobotsOnBlackSite,numberOfRobotsOnWhiteSite
16416,14,21
timeStep,numberOfRobotsOnBlackSite,numberOfRobotsOnWhiteSite
16417,14,21
timeStep,numberOfRobotsOnBlackSite,numberOfRobotsOnWhiteSite
16418,14,21
timeStep,numberOfRobotsOnBlackSite,numberOfRobotsOnWhiteSite
16419,14,21
timeStep,numberOfRobotsOnBlackSite,numberOfRobotsOnWhiteSite
16420,14,21
timeStep,numberOfRobotsOnBlackSite,numberOfRobotsOnWhiteSite
16421,14,21
timeStep,numberOfRobotsOnBlackSite,numberOfRobotsOnWhiteSite
16422,14,21
timeStep,numberOfRobotsOnBlackSite,numberOfRobotsOnWhiteSite
16423,14,21
timeStep,numberOfRobotsOnBlackSite,numberOfRobotsOnWhiteSite
16424,14,21
timeStep,numberOfRobotsOnBlackSite,numberOfRobotsOnWhiteSite
16425,14,21
timeStep,numberOfRobotsOnBlackSite,numberOfRobotsOnWhiteSite
16426,14,21
timeStep,numberOfRobotsOnBlackSite,numberOfRobotsOnWhiteSite
16427,14,21
timeStep,numberOfRobotsOnBlackSite,numberOfRobotsOnWhiteSite
16428,14,21
timeStep,numberOfRobotsOnBlackSite,numberOfRobotsOnWhiteSite
16429,14,21
timeStep,numberOfRobotsOnBlackSite,numberOfRobotsOnWhiteSite
16430,14,21
timeStep,numberOfRobotsOnBlackSite,numberOfRobotsOnWhiteSite
16431,14,21
timeStep,numberOfRobotsOnBlackSite,numberOfRobotsOnWhiteSite
16432,14,21
timeStep,numberOfRobotsOnBlackSite,numberOfRobotsOnWhiteSite
16433,14,21
timeStep,numberOfRobotsOnBlackSite,numberOfRobotsOnWhiteSite
16434,14,21
timeStep,numberOfRobotsOnBlackSite,numberOfRobotsOnWhiteSite
16435,13,20
timeStep,numberOfRobotsOnBlackSite,numberOfRobotsOnWhiteSite
16436,13,20
timeStep,numberOfRobotsOnBlackSite,numberOfRobotsOnWhiteSite
16437,13,20
timeStep,numberOfRobotsOnBlackSite,numberOfRobotsOnWhiteSite
16438,13,20
timeStep,numberOfRobotsOnBlackSite,numberOfRobotsOnWhiteSite
16439,13,20
timeStep,numberOfRobotsOnBlackSite,numberOfRobotsOnWhiteSite
16440,13,20
timeStep,numberOfRobotsOnBlackSite,numberOfRobotsOnWhiteSite
16441,13,20
timeStep,numberOfRobotsOnBlackSite,numberOfRobotsOnWhiteSite
16442,13,20
timeStep,numberOfRobotsOnBlackSite,numberOfRobotsOnWhiteSite
16443,13,20
timeStep,numberOfRobotsOnBlackSite,numberOfRobotsOnWhiteSite
16444,13,20
timeStep,numberOfRobotsOnBlackSite,numberOfRobotsOnWhiteSite
16445,13,20
timeStep,numberOfRobotsOnBlackSite,numberOfRobotsOnWhiteSite
16446,13,20
timeStep,numberOfRobotsOnBlackSite,numberOfRobotsOnWhiteSite
16447,13,20
timeStep,numberOfRobotsOnBlackSite,numberOfRobotsOnWhiteSite
16448,13,20
timeStep,numberOfRobotsOnBlackSite,numberOfRobotsOnWhiteSite
16449,13,20
timeStep,numberOfRobotsOnBlackSite,numberOfRobotsOnWhiteSite
16450,13,20
timeStep,numberOfRobotsOnBlackSite,numberOfRobotsOnWhiteSite
16451,13,20
timeStep,numberOfRobotsOnBlackSite,numberOfRobotsOnWhiteSite
16452,13,20
timeStep,numberOfRobotsOnBlackSite,numberOfRobotsOnWhiteSite
16453,13,20
timeStep,numberOfRobotsOnBlackSite,numberOfRobotsOnWhiteSite
16454,13,20
timeStep,numberOfRobotsOnBlackSite,numberOfRobotsOnWhiteSite
16455,13,20
timeStep,numberOfRobotsOnBlackSite,numberOfRobotsOnWhiteSite
16456,13,20
timeStep,numberOfRobotsOnBlackSite,numberOfRobotsOnWhiteSite
16457,13,20
timeStep,numberOfRobotsOnBlackSite,numberOfRobotsOnWhiteSite
16458,13,20
timeStep,numberOfRobotsOnBlackSite,numberOfRobotsOnWhiteSite
16459,13,20
timeStep,numberOfRobotsOnBlackSite,numberOfRobotsOnWhiteSite
16460,12,20
timeStep,numberOfRobotsOnBlackSite,numberOfRobotsOnWhiteSite
16461,12,20
timeStep,numberOfRobotsOnBlackSite,numberOfRobotsOnWhiteSite
16462,12,20
timeStep,numberOfRobotsOnBlackSite,numberOfRobotsOnWhiteSite
16463,12,20
timeStep,numberOfRobotsOnBlackSite,numberOfRobotsOnWhiteSite
16464,12,20
timeStep,numberOfRobotsOnBlackSite,numberOfRobotsOnWhiteSite
16465,12,21
timeStep,numberOfRobotsOnBlackSite,numberOfRobotsOnWhiteSite
16466,12,21
timeStep,numberOfRobotsOnBlackSite,numberOfRobotsOnWhiteSite
16467,12,21
timeStep,numberOfRobotsOnBlackSite,numberOfRobotsOnWhiteSite
16468,12,21
timeStep,numberOfRobotsOnBlackSite,numberOfRobotsOnWhiteSite
16469,12,21
timeStep,numberOfRobotsOnBlackSite,numberOfRobotsOnWhiteSite
16470,12,21
timeStep,numberOfRobotsOnBlackSite,numberOfRobotsOnWhiteSite
16471,12,21
timeStep,numberOfRobotsOnBlackSite,numberOfRobotsOnWhiteSite
16472,12,21
timeStep,numberOfRobotsOnBlackSite,numberOfRobotsOnWhiteSite
16473,12,21
timeStep,numberOfRobotsOnBlackSite,numberOfRobotsOnWhiteSite
16474,12,21
timeStep,numberOfRobotsOnBlackSite,numberOfRobotsOnWhiteSite
16475,12,21
timeStep,numberOfRobotsOnBlackSite,numberOfRobotsOnWhiteSite
16476,12,21
timeStep,numberOfRobotsOnBlackSite,numberOfRobotsOnWhiteSite
16477,12,21
timeStep,numberOfRobotsOnBlackSite,numberOfRobotsOnWhiteSite
16478,12,21
timeStep,numberOfRobotsOnBlackSite,numberOfRobotsOnWhiteSite
16479,12,21
timeStep,numberOfRobotsOnBlackSite,numberOfRobotsOnWhiteSite
16480,12,22
timeStep,numberOfRobotsOnBlackSite,numberOfRobotsOnWhiteSite
16481,12,22
timeStep,numberOfRobotsOnBlackSite,numberOfRobotsOnWhiteSite
16482,12,22
timeStep,numberOfRobotsOnBlackSite,numberOfRobotsOnWhiteSite
16483,12,22
timeStep,numberOfRobotsOnBlackSite,numberOfRobotsOnWhiteSite
16484,12,22
timeStep,numberOfRobotsOnBlackSite,numberOfRobotsOnWhiteSite
16485,12,22
timeStep,numberOfRobotsOnBlackSite,numberOfRobotsOnWhiteSite
16486,12,22
timeStep,numberOfRobotsOnBlackSite,numberOfRobotsOnWhiteSite
16487,12,22
timeStep,numberOfRobotsOnBlackSite,numberOfRobotsOnWhiteSite
16488,12,22
timeStep,numberOfRobotsOnBlackSite,numberOfRobotsOnWhiteSite
16489,12,22
timeStep,numberOfRobotsOnBlackSite,numberOfRobotsOnWhiteSite
16490,12,22
timeStep,numberOfRobotsOnBlackSite,numberOfRobotsOnWhiteSite
16491,12,22
timeStep,numberOfRobotsOnBlackSite,numberOfRobotsOnWhiteSite
16492,12,22
timeStep,numberOfRobotsOnBlackSite,numberOfRobotsOnWhiteSite
16493,12,22
timeStep,numberOfRobotsOnBlackSite,numberOfRobotsOnWhiteSite
16494,12,22
timeStep,numberOfRobotsOnBlackSite,numberOfRobotsOnWhiteSite
16495,13,22
timeStep,numberOfRobotsOnBlackSite,numberOfRobotsOnWhiteSite
16496,13,22
timeStep,numberOfRobotsOnBlackSite,numberOfRobotsOnWhiteSite
16497,13,22
timeStep,numberOfRobotsOnBlackSite,numberOfRobotsOnWhiteSite
16498,13,22
timeStep,numberOfRobotsOnBlackSite,numberOfRobotsOnWhiteSite
16499,13,22
timeStep,numberOfRobotsOnBlackSite,numberOfRobotsOnWhiteSite
16500,13,22
timeStep,numberOfRobotsOnBlackSite,numberOfRobotsOnWhiteSite
16501,13,22
timeStep,numberOfRobotsOnBlackSite,numberOfRobotsOnWhiteSite
16502,13,22
timeStep,numberOfRobotsOnBlackSite,numberOfRobotsOnWhiteSite
16503,13,22
timeStep,numberOfRobotsOnBlackSite,numberOfRobotsOnWhiteSite
16504,13,22
timeStep,numberOfRobotsOnBlackSite,numberOfRobotsOnWhiteSite
16505,13,22
timeStep,numberOfRobotsOnBlackSite,numberOfRobotsOnWhiteSite
16506,13,22
timeStep,numberOfRobotsOnBlackSite,numberOfRobotsOnWhiteSite
16507,13,22
timeStep,numberOfRobotsOnBlackSite,numberOfRobotsOnWhiteSite
16508,13,22
timeStep,numberOfRobotsOnBlackSite,numberOfRobotsOnWhiteSite
16509,13,22
timeStep,numberOfRobotsOnBlackSite,numberOfRobotsOnWhiteSite
16510,14,22
timeStep,numberOfRobotsOnBlackSite,numberOfRobotsOnWhiteSite
16511,14,22
timeStep,numberOfRobotsOnBlackSite,numberOfRobotsOnWhiteSite
16512,14,22
timeStep,numberOfRobotsOnBlackSite,numberOfRobotsOnWhiteSite
16513,14,22
timeStep,numberOfRobotsOnBlackSite,numberOfRobotsOnWhiteSite
16514,14,22
timeStep,numberOfRobotsOnBlackSite,numberOfRobotsOnWhiteSite
16515,14,22
timeStep,numberOfRobotsOnBlackSite,numberOfRobotsOnWhiteSite
16516,14,22
timeStep,numberOfRobotsOnBlackSite,numberOfRobotsOnWhiteSite
16517,14,22
timeStep,numberOfRobotsOnBlackSite,numberOfRobotsOnWhiteSite
16518,14,22
timeStep,numberOfRobotsOnBlackSite,numberOfRobotsOnWhiteSite
16519,14,22
timeStep,numberOfRobotsOnBlackSite,numberOfRobotsOnWhiteSite
16520,14,22
timeStep,numberOfRobotsOnBlackSite,numberOfRobotsOnWhiteSite
16521,14,22
timeStep,numberOfRobotsOnBlackSite,numberOfRobotsOnWhiteSite
16522,14,22
timeStep,numberOfRobotsOnBlackSite,numberOfRobotsOnWhiteSite
16523,14,22
timeStep,numberOfRobotsOnBlackSite,numberOfRobotsOnWhiteSite
16524,14,22
timeStep,numberOfRobotsOnBlackSite,numberOfRobotsOnWhiteSite
16525,14,22
timeStep,numberOfRobotsOnBlackSite,numberOfRobotsOnWhiteSite
16526,14,22
timeStep,numberOfRobotsOnBlackSite,numberOfRobotsOnWhiteSite
16527,14,22
timeStep,numberOfRobotsOnBlackSite,numberOfRobotsOnWhiteSite
16528,14,22
timeStep,numberOfRobotsOnBlackSite,numberOfRobotsOnWhiteSite
16529,14,22
timeStep,numberOfRobotsOnBlackSite,numberOfRobotsOnWhiteSite
16530,14,22
timeStep,numberOfRobotsOnBlackSite,numberOfRobotsOnWhiteSite
16531,14,22
timeStep,numberOfRobotsOnBlackSite,numberOfRobotsOnWhiteSite
16532,14,22
timeStep,numberOfRobotsOnBlackSite,numberOfRobotsOnWhiteSite
16533,14,22
timeStep,numberOfRobotsOnBlackSite,numberOfRobotsOnWhiteSite
16534,14,22
timeStep,numberOfRobotsOnBlackSite,numberOfRobotsOnWhiteSite
16535,14,22
timeStep,numberOfRobotsOnBlackSite,numberOfRobotsOnWhiteSite
16536,14,22
timeStep,numberOfRobotsOnBlackSite,numberOfRobotsOnWhiteSite
16537,14,22
timeStep,numberOfRobotsOnBlackSite,numberOfRobotsOnWhiteSite
16538,14,22
timeStep,numberOfRobotsOnBlackSite,numberOfRobotsOnWhiteSite
16539,14,22
timeStep,numberOfRobotsOnBlackSite,numberOfRobotsOnWhiteSite
16540,14,22
timeStep,numberOfRobotsOnBlackSite,numberOfRobotsOnWhiteSite
16541,14,22
timeStep,numberOfRobotsOnBlackSite,numberOfRobotsOnWhiteSite
16542,14,22
timeStep,numberOfRobotsOnBlackSite,numberOfRobotsOnWhiteSite
16543,14,22
timeStep,numberOfRobotsOnBlackSite,numberOfRobotsOnWhiteSite
16544,14,22
timeStep,numberOfRobotsOnBlackSite,numberOfRobotsOnWhiteSite
16545,14,22
timeStep,numberOfRobotsOnBlackSite,numberOfRobotsOnWhiteSite
16546,14,22
timeStep,numberOfRobotsOnBlackSite,numberOfRobotsOnWhiteSite
16547,14,22
timeStep,numberOfRobotsOnBlackSite,numberOfRobotsOnWhiteSite
16548,14,22
timeStep,numberOfRobotsOnBlackSite,numberOfRobotsOnWhiteSite
16549,14,22
timeStep,numberOfRobotsOnBlackSite,numberOfRobotsOnWhiteSite
16550,14,22
timeStep,numberOfRobotsOnBlackSite,numberOfRobotsOnWhiteSite
16551,14,22
timeStep,numberOfRobotsOnBlackSite,numberOfRobotsOnWhiteSite
16552,14,22
timeStep,numberOfRobotsOnBlackSite,numberOfRobotsOnWhiteSite
16553,14,22
timeStep,numberOfRobotsOnBlackSite,numberOfRobotsOnWhiteSite
16554,14,22
timeStep,numberOfRobotsOnBlackSite,numberOfRobotsOnWhiteSite
16555,14,22
timeStep,numberOfRobotsOnBlackSite,numberOfRobotsOnWhiteSite
16556,14,22
timeStep,numberOfRobotsOnBlackSite,numberOfRobotsOnWhiteSite
16557,14,22
timeStep,numberOfRobotsOnBlackSite,numberOfRobotsOnWhiteSite
16558,14,22
timeStep,numberOfRobotsOnBlackSite,numberOfRobotsOnWhiteSite
16559,14,22
timeStep,numberOfRobotsOnBlackSite,numberOfRobotsOnWhiteSite
16560,14,22
timeStep,numberOfRobotsOnBlackSite,numberOfRobotsOnWhiteSite
16561,14,22
timeStep,numberOfRobotsOnBlackSite,numberOfRobotsOnWhiteSite
16562,14,22
timeStep,numberOfRobotsOnBlackSite,numberOfRobotsOnWhiteSite
16563,14,22
timeStep,numberOfRobotsOnBlackSite,numberOfRobotsOnWhiteSite
16564,14,22
timeStep,numberOfRobotsOnBlackSite,numberOfRobotsOnWhiteSite
16565,14,22
timeStep,numberOfRobotsOnBlackSite,numberOfRobotsOnWhiteSite
16566,14,22
timeStep,numberOfRobotsOnBlackSite,numberOfRobotsOnWhiteSite
16567,14,22
timeStep,numberOfRobotsOnBlackSite,numberOfRobotsOnWhiteSite
16568,14,22
timeStep,numberOfRobotsOnBlackSite,numberOfRobotsOnWhiteSite
16569,14,22
timeStep,numberOfRobotsOnBlackSite,numberOfRobotsOnWhiteSite
16570,14,22
timeStep,numberOfRobotsOnBlackSite,numberOfRobotsOnWhiteSite
16571,14,22
timeStep,numberOfRobotsOnBlackSite,numberOfRobotsOnWhiteSite
16572,14,22
timeStep,numberOfRobotsOnBlackSite,numberOfRobotsOnWhiteSite
16573,14,22
timeStep,numberOfRobotsOnBlackSite,numberOfRobotsOnWhiteSite
16574,14,22
timeStep,numberOfRobotsOnBlackSite,numberOfRobotsOnWhiteSite
16575,14,22
timeStep,numberOfRobotsOnBlackSite,numberOfRobotsOnWhiteSite
16576,14,22
timeStep,numberOfRobotsOnBlackSite,numberOfRobotsOnWhiteSite
16577,14,22
timeStep,numberOfRobotsOnBlackSite,numberOfRobotsOnWhiteSite
16578,14,22
timeStep,numberOfRobotsOnBlackSite,numberOfRobotsOnWhiteSite
16579,14,22
timeStep,numberOfRobotsOnBlackSite,numberOfRobotsOnWhiteSite
16580,15,22
timeStep,numberOfRobotsOnBlackSite,numberOfRobotsOnWhiteSite
16581,15,22
timeStep,numberOfRobotsOnBlackSite,numberOfRobotsOnWhiteSite
16582,15,22
timeStep,numberOfRobotsOnBlackSite,numberOfRobotsOnWhiteSite
16583,15,22
timeStep,numberOfRobotsOnBlackSite,numberOfRobotsOnWhiteSite
16584,15,22
timeStep,numberOfRobotsOnBlackSite,numberOfRobotsOnWhiteSite
16585,15,22
timeStep,numberOfRobotsOnBlackSite,numberOfRobotsOnWhiteSite
16586,15,22
timeStep,numberOfRobotsOnBlackSite,numberOfRobotsOnWhiteSite
16587,15,22
timeStep,numberOfRobotsOnBlackSite,numberOfRobotsOnWhiteSite
16588,15,22
timeStep,numberOfRobotsOnBlackSite,numberOfRobotsOnWhiteSite
16589,15,22
timeStep,numberOfRobotsOnBlackSite,numberOfRobotsOnWhiteSite
16590,15,22
timeStep,numberOfRobotsOnBlackSite,numberOfRobotsOnWhiteSite
16591,15,22
timeStep,numberOfRobotsOnBlackSite,numberOfRobotsOnWhiteSite
16592,15,22
timeStep,numberOfRobotsOnBlackSite,numberOfRobotsOnWhiteSite
16593,15,22
timeStep,numberOfRobotsOnBlackSite,numberOfRobotsOnWhiteSite
16594,15,22
timeStep,numberOfRobotsOnBlackSite,numberOfRobotsOnWhiteSite
16595,15,22
timeStep,numberOfRobotsOnBlackSite,numberOfRobotsOnWhiteSite
16596,15,22
timeStep,numberOfRobotsOnBlackSite,numberOfRobotsOnWhiteSite
16597,15,22
timeStep,numberOfRobotsOnBlackSite,numberOfRobotsOnWhiteSite
16598,15,22
timeStep,numberOfRobotsOnBlackSite,numberOfRobotsOnWhiteSite
16599,15,22
timeStep,numberOfRobotsOnBlackSite,numberOfRobotsOnWhiteSite
16600,15,22
timeStep,numberOfRobotsOnBlackSite,numberOfRobotsOnWhiteSite
16601,15,22
timeStep,numberOfRobotsOnBlackSite,numberOfRobotsOnWhiteSite
16602,15,22
timeStep,numberOfRobotsOnBlackSite,numberOfRobotsOnWhiteSite
16603,15,22
timeStep,numberOfRobotsOnBlackSite,numberOfRobotsOnWhiteSite
16604,15,22
timeStep,numberOfRobotsOnBlackSite,numberOfRobotsOnWhiteSite
16605,14,22
timeStep,numberOfRobotsOnBlackSite,numberOfRobotsOnWhiteSite
16606,14,22
timeStep,numberOfRobotsOnBlackSite,numberOfRobotsOnWhiteSite
16607,14,22
timeStep,numberOfRobotsOnBlackSite,numberOfRobotsOnWhiteSite
16608,14,22
timeStep,numberOfRobotsOnBlackSite,numberOfRobotsOnWhiteSite
16609,14,22
timeStep,numberOfRobotsOnBlackSite,numberOfRobotsOnWhiteSite
16610,14,21
timeStep,numberOfRobotsOnBlackSite,numberOfRobotsOnWhiteSite
16611,14,21
timeStep,numberOfRobotsOnBlackSite,numberOfRobotsOnWhiteSite
16612,14,21
timeStep,numberOfRobotsOnBlackSite,numberOfRobotsOnWhiteSite
16613,14,21
timeStep,numberOfRobotsOnBlackSite,numberOfRobotsOnWhiteSite
16614,14,21
timeStep,numberOfRobotsOnBlackSite,numberOfRobotsOnWhiteSite
16615,14,21
timeStep,numberOfRobotsOnBlackSite,numberOfRobotsOnWhiteSite
16616,14,21
timeStep,numberOfRobotsOnBlackSite,numberOfRobotsOnWhiteSite
16617,14,21
timeStep,numberOfRobotsOnBlackSite,numberOfRobotsOnWhiteSite
16618,14,21
timeStep,numberOfRobotsOnBlackSite,numberOfRobotsOnWhiteSite
16619,14,21
timeStep,numberOfRobotsOnBlackSite,numberOfRobotsOnWhiteSite
16620,14,21
timeStep,numberOfRobotsOnBlackSite,numberOfRobotsOnWhiteSite
16621,14,21
timeStep,numberOfRobotsOnBlackSite,numberOfRobotsOnWhiteSite
16622,14,21
timeStep,numberOfRobotsOnBlackSite,numberOfRobotsOnWhiteSite
16623,14,21
timeStep,numberOfRobotsOnBlackSite,numberOfRobotsOnWhiteSite
16624,14,21
timeStep,numberOfRobotsOnBlackSite,numberOfRobotsOnWhiteSite
16625,14,21
timeStep,numberOfRobotsOnBlackSite,numberOfRobotsOnWhiteSite
16626,14,21
timeStep,numberOfRobotsOnBlackSite,numberOfRobotsOnWhiteSite
16627,14,21
timeStep,numberOfRobotsOnBlackSite,numberOfRobotsOnWhiteSite
16628,14,21
timeStep,numberOfRobotsOnBlackSite,numberOfRobotsOnWhiteSite
16629,14,21
timeStep,numberOfRobotsOnBlackSite,numberOfRobotsOnWhiteSite
16630,14,21
timeStep,numberOfRobotsOnBlackSite,numberOfRobotsOnWhiteSite
16631,14,21
timeStep,numberOfRobotsOnBlackSite,numberOfRobotsOnWhiteSite
16632,14,21
timeStep,numberOfRobotsOnBlackSite,numberOfRobotsOnWhiteSite
16633,14,21
timeStep,numberOfRobotsOnBlackSite,numberOfRobotsOnWhiteSite
16634,14,21
timeStep,numberOfRobotsOnBlackSite,numberOfRobotsOnWhiteSite
16635,14,21
timeStep,numberOfRobotsOnBlackSite,numberOfRobotsOnWhiteSite
16636,14,21
timeStep,numberOfRobotsOnBlackSite,numberOfRobotsOnWhiteSite
16637,14,21
timeStep,numberOfRobotsOnBlackSite,numberOfRobotsOnWhiteSite
16638,14,21
timeStep,numberOfRobotsOnBlackSite,numberOfRobotsOnWhiteSite
16639,14,21
timeStep,numberOfRobotsOnBlackSite,numberOfRobotsOnWhiteSite
16640,14,21
timeStep,numberOfRobotsOnBlackSite,numberOfRobotsOnWhiteSite
16641,14,21
timeStep,numberOfRobotsOnBlackSite,numberOfRobotsOnWhiteSite
16642,14,21
timeStep,numberOfRobotsOnBlackSite,numberOfRobotsOnWhiteSite
16643,14,21
timeStep,numberOfRobotsOnBlackSite,numberOfRobotsOnWhiteSite
16644,14,21
timeStep,numberOfRobotsOnBlackSite,numberOfRobotsOnWhiteSite
16645,14,21
timeStep,numberOfRobotsOnBlackSite,numberOfRobotsOnWhiteSite
16646,14,21
timeStep,numberOfRobotsOnBlackSite,numberOfRobotsOnWhiteSite
16647,14,21
timeStep,numberOfRobotsOnBlackSite,numberOfRobotsOnWhiteSite
16648,14,21
timeStep,numberOfRobotsOnBlackSite,numberOfRobotsOnWhiteSite
16649,14,21
timeStep,numberOfRobotsOnBlackSite,numberOfRobotsOnWhiteSite
16650,14,20
timeStep,numberOfRobotsOnBlackSite,numberOfRobotsOnWhiteSite
16651,14,20
timeStep,numberOfRobotsOnBlackSite,numberOfRobotsOnWhiteSite
16652,14,20
timeStep,numberOfRobotsOnBlackSite,numberOfRobotsOnWhiteSite
16653,14,20
timeStep,numberOfRobotsOnBlackSite,numberOfRobotsOnWhiteSite
16654,14,20
timeStep,numberOfRobotsOnBlackSite,numberOfRobotsOnWhiteSite
16655,14,20
timeStep,numberOfRobotsOnBlackSite,numberOfRobotsOnWhiteSite
16656,14,20
timeStep,numberOfRobotsOnBlackSite,numberOfRobotsOnWhiteSite
16657,14,20
timeStep,numberOfRobotsOnBlackSite,numberOfRobotsOnWhiteSite
16658,14,20
timeStep,numberOfRobotsOnBlackSite,numberOfRobotsOnWhiteSite
16659,14,20
timeStep,numberOfRobotsOnBlackSite,numberOfRobotsOnWhiteSite
16660,14,20
timeStep,numberOfRobotsOnBlackSite,numberOfRobotsOnWhiteSite
16661,14,20
timeStep,numberOfRobotsOnBlackSite,numberOfRobotsOnWhiteSite
16662,14,20
timeStep,numberOfRobotsOnBlackSite,numberOfRobotsOnWhiteSite
16663,14,20
timeStep,numberOfRobotsOnBlackSite,numberOfRobotsOnWhiteSite
16664,14,20
timeStep,numberOfRobotsOnBlackSite,numberOfRobotsOnWhiteSite
16665,14,20
timeStep,numberOfRobotsOnBlackSite,numberOfRobotsOnWhiteSite
16666,14,20
timeStep,numberOfRobotsOnBlackSite,numberOfRobotsOnWhiteSite
16667,14,20
timeStep,numberOfRobotsOnBlackSite,numberOfRobotsOnWhiteSite
16668,14,20
timeStep,numberOfRobotsOnBlackSite,numberOfRobotsOnWhiteSite
16669,14,20
timeStep,numberOfRobotsOnBlackSite,numberOfRobotsOnWhiteSite
16670,14,20
timeStep,numberOfRobotsOnBlackSite,numberOfRobotsOnWhiteSite
16671,14,20
timeStep,numberOfRobotsOnBlackSite,numberOfRobotsOnWhiteSite
16672,14,20
timeStep,numberOfRobotsOnBlackSite,numberOfRobotsOnWhiteSite
16673,14,20
timeStep,numberOfRobotsOnBlackSite,numberOfRobotsOnWhiteSite
16674,14,20
timeStep,numberOfRobotsOnBlackSite,numberOfRobotsOnWhiteSite
16675,14,20
timeStep,numberOfRobotsOnBlackSite,numberOfRobotsOnWhiteSite
16676,14,20
timeStep,numberOfRobotsOnBlackSite,numberOfRobotsOnWhiteSite
16677,14,20
timeStep,numberOfRobotsOnBlackSite,numberOfRobotsOnWhiteSite
16678,14,20
timeStep,numberOfRobotsOnBlackSite,numberOfRobotsOnWhiteSite
16679,14,20
timeStep,numberOfRobotsOnBlackSite,numberOfRobotsOnWhiteSite
16680,14,20
timeStep,numberOfRobotsOnBlackSite,numberOfRobotsOnWhiteSite
16681,14,20
timeStep,numberOfRobotsOnBlackSite,numberOfRobotsOnWhiteSite
16682,14,20
timeStep,numberOfRobotsOnBlackSite,numberOfRobotsOnWhiteSite
16683,14,20
timeStep,numberOfRobotsOnBlackSite,numberOfRobotsOnWhiteSite
16684,14,20
timeStep,numberOfRobotsOnBlackSite,numberOfRobotsOnWhiteSite
16685,14,20
timeStep,numberOfRobotsOnBlackSite,numberOfRobotsOnWhiteSite
16686,14,20
timeStep,numberOfRobotsOnBlackSite,numberOfRobotsOnWhiteSite
16687,14,20
timeStep,numberOfRobotsOnBlackSite,numberOfRobotsOnWhiteSite
16688,14,20
timeStep,numberOfRobotsOnBlackSite,numberOfRobotsOnWhiteSite
16689,14,20
timeStep,numberOfRobotsOnBlackSite,numberOfRobotsOnWhiteSite
16690,14,20
timeStep,numberOfRobotsOnBlackSite,numberOfRobotsOnWhiteSite
16691,14,20
timeStep,numberOfRobotsOnBlackSite,numberOfRobotsOnWhiteSite
16692,14,20
timeStep,numberOfRobotsOnBlackSite,numberOfRobotsOnWhiteSite
16693,14,20
timeStep,numberOfRobotsOnBlackSite,numberOfRobotsOnWhiteSite
16694,14,20
timeStep,numberOfRobotsOnBlackSite,numberOfRobotsOnWhiteSite
16695,14,20
timeStep,numberOfRobotsOnBlackSite,numberOfRobotsOnWhiteSite
16696,14,20
timeStep,numberOfRobotsOnBlackSite,numberOfRobotsOnWhiteSite
16697,14,20
timeStep,numberOfRobotsOnBlackSite,numberOfRobotsOnWhiteSite
16698,14,20
timeStep,numberOfRobotsOnBlackSite,numberOfRobotsOnWhiteSite
16699,14,20
timeStep,numberOfRobotsOnBlackSite,numberOfRobotsOnWhiteSite
16700,14,20
timeStep,numberOfRobotsOnBlackSite,numberOfRobotsOnWhiteSite
16701,14,20
timeStep,numberOfRobotsOnBlackSite,numberOfRobotsOnWhiteSite
16702,14,20
timeStep,numberOfRobotsOnBlackSite,numberOfRobotsOnWhiteSite
16703,14,20
timeStep,numberOfRobotsOnBlackSite,numberOfRobotsOnWhiteSite
16704,14,20
timeStep,numberOfRobotsOnBlackSite,numberOfRobotsOnWhiteSite
16705,14,20
timeStep,numberOfRobotsOnBlackSite,numberOfRobotsOnWhiteSite
16706,14,20
timeStep,numberOfRobotsOnBlackSite,numberOfRobotsOnWhiteSite
16707,14,20
timeStep,numberOfRobotsOnBlackSite,numberOfRobotsOnWhiteSite
16708,14,20
timeStep,numberOfRobotsOnBlackSite,numberOfRobotsOnWhiteSite
16709,14,20
timeStep,numberOfRobotsOnBlackSite,numberOfRobotsOnWhiteSite
16710,14,20
timeStep,numberOfRobotsOnBlackSite,numberOfRobotsOnWhiteSite
16711,14,20
timeStep,numberOfRobotsOnBlackSite,numberOfRobotsOnWhiteSite
16712,14,20
timeStep,numberOfRobotsOnBlackSite,numberOfRobotsOnWhiteSite
16713,14,20
timeStep,numberOfRobotsOnBlackSite,numberOfRobotsOnWhiteSite
16714,14,20
timeStep,numberOfRobotsOnBlackSite,numberOfRobotsOnWhiteSite
16715,14,20
timeStep,numberOfRobotsOnBlackSite,numberOfRobotsOnWhiteSite
16716,14,20
timeStep,numberOfRobotsOnBlackSite,numberOfRobotsOnWhiteSite
16717,14,20
timeStep,numberOfRobotsOnBlackSite,numberOfRobotsOnWhiteSite
16718,14,20
timeStep,numberOfRobotsOnBlackSite,numberOfRobotsOnWhiteSite
16719,14,20
timeStep,numberOfRobotsOnBlackSite,numberOfRobotsOnWhiteSite
16720,14,20
timeStep,numberOfRobotsOnBlackSite,numberOfRobotsOnWhiteSite
16721,14,20
timeStep,numberOfRobotsOnBlackSite,numberOfRobotsOnWhiteSite
16722,14,20
timeStep,numberOfRobotsOnBlackSite,numberOfRobotsOnWhiteSite
16723,14,20
timeStep,numberOfRobotsOnBlackSite,numberOfRobotsOnWhiteSite
16724,14,20
timeStep,numberOfRobotsOnBlackSite,numberOfRobotsOnWhiteSite
16725,14,20
timeStep,numberOfRobotsOnBlackSite,numberOfRobotsOnWhiteSite
16726,14,20
timeStep,numberOfRobotsOnBlackSite,numberOfRobotsOnWhiteSite
16727,14,20
timeStep,numberOfRobotsOnBlackSite,numberOfRobotsOnWhiteSite
16728,14,20
timeStep,numberOfRobotsOnBlackSite,numberOfRobotsOnWhiteSite
16729,14,20
timeStep,numberOfRobotsOnBlackSite,numberOfRobotsOnWhiteSite
16730,14,20
timeStep,numberOfRobotsOnBlackSite,numberOfRobotsOnWhiteSite
16731,14,20
timeStep,numberOfRobotsOnBlackSite,numberOfRobotsOnWhiteSite
16732,14,20
timeStep,numberOfRobotsOnBlackSite,numberOfRobotsOnWhiteSite
16733,14,20
timeStep,numberOfRobotsOnBlackSite,numberOfRobotsOnWhiteSite
16734,14,20
timeStep,numberOfRobotsOnBlackSite,numberOfRobotsOnWhiteSite
16735,14,20
timeStep,numberOfRobotsOnBlackSite,numberOfRobotsOnWhiteSite
16736,14,20
timeStep,numberOfRobotsOnBlackSite,numberOfRobotsOnWhiteSite
16737,14,20
timeStep,numberOfRobotsOnBlackSite,numberOfRobotsOnWhiteSite
16738,14,20
timeStep,numberOfRobotsOnBlackSite,numberOfRobotsOnWhiteSite
16739,14,20
timeStep,numberOfRobotsOnBlackSite,numberOfRobotsOnWhiteSite
16740,14,20
timeStep,numberOfRobotsOnBlackSite,numberOfRobotsOnWhiteSite
16741,14,20
timeStep,numberOfRobotsOnBlackSite,numberOfRobotsOnWhiteSite
16742,14,20
timeStep,numberOfRobotsOnBlackSite,numberOfRobotsOnWhiteSite
16743,14,20
timeStep,numberOfRobotsOnBlackSite,numberOfRobotsOnWhiteSite
16744,14,20
timeStep,numberOfRobotsOnBlackSite,numberOfRobotsOnWhiteSite
16745,14,20
timeStep,numberOfRobotsOnBlackSite,numberOfRobotsOnWhiteSite
16746,14,20
timeStep,numberOfRobotsOnBlackSite,numberOfRobotsOnWhiteSite
16747,14,20
timeStep,numberOfRobotsOnBlackSite,numberOfRobotsOnWhiteSite
16748,14,20
timeStep,numberOfRobotsOnBlackSite,numberOfRobotsOnWhiteSite
16749,14,20
timeStep,numberOfRobotsOnBlackSite,numberOfRobotsOnWhiteSite
16750,14,21
timeStep,numberOfRobotsOnBlackSite,numberOfRobotsOnWhiteSite
16751,14,21
timeStep,numberOfRobotsOnBlackSite,numberOfRobotsOnWhiteSite
16752,14,21
timeStep,numberOfRobotsOnBlackSite,numberOfRobotsOnWhiteSite
16753,14,21
timeStep,numberOfRobotsOnBlackSite,numberOfRobotsOnWhiteSite
16754,14,21
timeStep,numberOfRobotsOnBlackSite,numberOfRobotsOnWhiteSite
16755,14,21
timeStep,numberOfRobotsOnBlackSite,numberOfRobotsOnWhiteSite
16756,14,21
timeStep,numberOfRobotsOnBlackSite,numberOfRobotsOnWhiteSite
16757,14,21
timeStep,numberOfRobotsOnBlackSite,numberOfRobotsOnWhiteSite
16758,14,21
timeStep,numberOfRobotsOnBlackSite,numberOfRobotsOnWhiteSite
16759,14,21
timeStep,numberOfRobotsOnBlackSite,numberOfRobotsOnWhiteSite
16760,14,21
timeStep,numberOfRobotsOnBlackSite,numberOfRobotsOnWhiteSite
16761,14,21
timeStep,numberOfRobotsOnBlackSite,numberOfRobotsOnWhiteSite
16762,14,21
timeStep,numberOfRobotsOnBlackSite,numberOfRobotsOnWhiteSite
16763,14,21
timeStep,numberOfRobotsOnBlackSite,numberOfRobotsOnWhiteSite
16764,14,21
timeStep,numberOfRobotsOnBlackSite,numberOfRobotsOnWhiteSite
16765,14,21
timeStep,numberOfRobotsOnBlackSite,numberOfRobotsOnWhiteSite
16766,14,21
timeStep,numberOfRobotsOnBlackSite,numberOfRobotsOnWhiteSite
16767,14,21
timeStep,numberOfRobotsOnBlackSite,numberOfRobotsOnWhiteSite
16768,14,21
timeStep,numberOfRobotsOnBlackSite,numberOfRobotsOnWhiteSite
16769,14,21
timeStep,numberOfRobotsOnBlackSite,numberOfRobotsOnWhiteSite
16770,14,21
timeStep,numberOfRobotsOnBlackSite,numberOfRobotsOnWhiteSite
16771,14,21
timeStep,numberOfRobotsOnBlackSite,numberOfRobotsOnWhiteSite
16772,14,21
timeStep,numberOfRobotsOnBlackSite,numberOfRobotsOnWhiteSite
16773,14,21
timeStep,numberOfRobotsOnBlackSite,numberOfRobotsOnWhiteSite
16774,14,21
timeStep,numberOfRobotsOnBlackSite,numberOfRobotsOnWhiteSite
16775,14,21
timeStep,numberOfRobotsOnBlackSite,numberOfRobotsOnWhiteSite
16776,14,21
timeStep,numberOfRobotsOnBlackSite,numberOfRobotsOnWhiteSite
16777,14,21
timeStep,numberOfRobotsOnBlackSite,numberOfRobotsOnWhiteSite
16778,14,21
timeStep,numberOfRobotsOnBlackSite,numberOfRobotsOnWhiteSite
16779,14,21
timeStep,numberOfRobotsOnBlackSite,numberOfRobotsOnWhiteSite
16780,14,21
timeStep,numberOfRobotsOnBlackSite,numberOfRobotsOnWhiteSite
16781,14,21
timeStep,numberOfRobotsOnBlackSite,numberOfRobotsOnWhiteSite
16782,14,21
timeStep,numberOfRobotsOnBlackSite,numberOfRobotsOnWhiteSite
16783,14,21
timeStep,numberOfRobotsOnBlackSite,numberOfRobotsOnWhiteSite
16784,14,21
timeStep,numberOfRobotsOnBlackSite,numberOfRobotsOnWhiteSite
16785,14,21
timeStep,numberOfRobotsOnBlackSite,numberOfRobotsOnWhiteSite
16786,14,21
timeStep,numberOfRobotsOnBlackSite,numberOfRobotsOnWhiteSite
16787,14,21
timeStep,numberOfRobotsOnBlackSite,numberOfRobotsOnWhiteSite
16788,14,21
timeStep,numberOfRobotsOnBlackSite,numberOfRobotsOnWhiteSite
16789,14,21
timeStep,numberOfRobotsOnBlackSite,numberOfRobotsOnWhiteSite
16790,14,21
timeStep,numberOfRobotsOnBlackSite,numberOfRobotsOnWhiteSite
16791,14,21
timeStep,numberOfRobotsOnBlackSite,numberOfRobotsOnWhiteSite
16792,14,21
timeStep,numberOfRobotsOnBlackSite,numberOfRobotsOnWhiteSite
16793,14,21
timeStep,numberOfRobotsOnBlackSite,numberOfRobotsOnWhiteSite
16794,14,21
timeStep,numberOfRobotsOnBlackSite,numberOfRobotsOnWhiteSite
16795,14,21
timeStep,numberOfRobotsOnBlackSite,numberOfRobotsOnWhiteSite
16796,14,21
timeStep,numberOfRobotsOnBlackSite,numberOfRobotsOnWhiteSite
16797,14,21
timeStep,numberOfRobotsOnBlackSite,numberOfRobotsOnWhiteSite
16798,14,21
timeStep,numberOfRobotsOnBlackSite,numberOfRobotsOnWhiteSite
16799,14,21
timeStep,numberOfRobotsOnBlackSite,numberOfRobotsOnWhiteSite
16800,14,21
timeStep,numberOfRobotsOnBlackSite,numberOfRobotsOnWhiteSite
16801,14,21
timeStep,numberOfRobotsOnBlackSite,numberOfRobotsOnWhiteSite
16802,14,21
timeStep,numberOfRobotsOnBlackSite,numberOfRobotsOnWhiteSite
16803,14,21
timeStep,numberOfRobotsOnBlackSite,numberOfRobotsOnWhiteSite
16804,14,21
timeStep,numberOfRobotsOnBlackSite,numberOfRobotsOnWhiteSite
16805,14,21
timeStep,numberOfRobotsOnBlackSite,numberOfRobotsOnWhiteSite
16806,14,21
timeStep,numberOfRobotsOnBlackSite,numberOfRobotsOnWhiteSite
16807,14,21
timeStep,numberOfRobotsOnBlackSite,numberOfRobotsOnWhiteSite
16808,14,21
timeStep,numberOfRobotsOnBlackSite,numberOfRobotsOnWhiteSite
16809,14,21
timeStep,numberOfRobotsOnBlackSite,numberOfRobotsOnWhiteSite
16810,14,21
timeStep,numberOfRobotsOnBlackSite,numberOfRobotsOnWhiteSite
16811,14,21
timeStep,numberOfRobotsOnBlackSite,numberOfRobotsOnWhiteSite
16812,14,21
timeStep,numberOfRobotsOnBlackSite,numberOfRobotsOnWhiteSite
16813,14,21
timeStep,numberOfRobotsOnBlackSite,numberOfRobotsOnWhiteSite
16814,14,21
timeStep,numberOfRobotsOnBlackSite,numberOfRobotsOnWhiteSite
16815,13,21
timeStep,numberOfRobotsOnBlackSite,numberOfRobotsOnWhiteSite
16816,13,21
timeStep,numberOfRobotsOnBlackSite,numberOfRobotsOnWhiteSite
16817,13,21
timeStep,numberOfRobotsOnBlackSite,numberOfRobotsOnWhiteSite
16818,13,21
timeStep,numberOfRobotsOnBlackSite,numberOfRobotsOnWhiteSite
16819,13,21
timeStep,numberOfRobotsOnBlackSite,numberOfRobotsOnWhiteSite
16820,13,21
timeStep,numberOfRobotsOnBlackSite,numberOfRobotsOnWhiteSite
16821,13,21
timeStep,numberOfRobotsOnBlackSite,numberOfRobotsOnWhiteSite
16822,13,21
timeStep,numberOfRobotsOnBlackSite,numberOfRobotsOnWhiteSite
16823,13,21
timeStep,numberOfRobotsOnBlackSite,numberOfRobotsOnWhiteSite
16824,13,21
timeStep,numberOfRobotsOnBlackSite,numberOfRobotsOnWhiteSite
16825,13,21
timeStep,numberOfRobotsOnBlackSite,numberOfRobotsOnWhiteSite
16826,13,21
timeStep,numberOfRobotsOnBlackSite,numberOfRobotsOnWhiteSite
16827,13,21
timeStep,numberOfRobotsOnBlackSite,numberOfRobotsOnWhiteSite
16828,13,21
timeStep,numberOfRobotsOnBlackSite,numberOfRobotsOnWhiteSite
16829,13,21
timeStep,numberOfRobotsOnBlackSite,numberOfRobotsOnWhiteSite
16830,13,21
timeStep,numberOfRobotsOnBlackSite,numberOfRobotsOnWhiteSite
16831,13,21
timeStep,numberOfRobotsOnBlackSite,numberOfRobotsOnWhiteSite
16832,13,21
timeStep,numberOfRobotsOnBlackSite,numberOfRobotsOnWhiteSite
16833,13,21
timeStep,numberOfRobotsOnBlackSite,numberOfRobotsOnWhiteSite
16834,13,21
timeStep,numberOfRobotsOnBlackSite,numberOfRobotsOnWhiteSite
16835,13,21
timeStep,numberOfRobotsOnBlackSite,numberOfRobotsOnWhiteSite
16836,13,21
timeStep,numberOfRobotsOnBlackSite,numberOfRobotsOnWhiteSite
16837,13,21
timeStep,numberOfRobotsOnBlackSite,numberOfRobotsOnWhiteSite
16838,13,21
timeStep,numberOfRobotsOnBlackSite,numberOfRobotsOnWhiteSite
16839,13,21
timeStep,numberOfRobotsOnBlackSite,numberOfRobotsOnWhiteSite
16840,13,21
timeStep,numberOfRobotsOnBlackSite,numberOfRobotsOnWhiteSite
16841,13,21
timeStep,numberOfRobotsOnBlackSite,numberOfRobotsOnWhiteSite
16842,13,21
timeStep,numberOfRobotsOnBlackSite,numberOfRobotsOnWhiteSite
16843,13,21
timeStep,numberOfRobotsOnBlackSite,numberOfRobotsOnWhiteSite
16844,13,21
timeStep,numberOfRobotsOnBlackSite,numberOfRobotsOnWhiteSite
16845,13,21
timeStep,numberOfRobotsOnBlackSite,numberOfRobotsOnWhiteSite
16846,13,21
timeStep,numberOfRobotsOnBlackSite,numberOfRobotsOnWhiteSite
16847,13,21
timeStep,numberOfRobotsOnBlackSite,numberOfRobotsOnWhiteSite
16848,13,21
timeStep,numberOfRobotsOnBlackSite,numberOfRobotsOnWhiteSite
16849,13,21
timeStep,numberOfRobotsOnBlackSite,numberOfRobotsOnWhiteSite
16850,13,21
timeStep,numberOfRobotsOnBlackSite,numberOfRobotsOnWhiteSite
16851,13,21
timeStep,numberOfRobotsOnBlackSite,numberOfRobotsOnWhiteSite
16852,13,21
timeStep,numberOfRobotsOnBlackSite,numberOfRobotsOnWhiteSite
16853,13,21
timeStep,numberOfRobotsOnBlackSite,numberOfRobotsOnWhiteSite
16854,13,21
timeStep,numberOfRobotsOnBlackSite,numberOfRobotsOnWhiteSite
16855,13,21
timeStep,numberOfRobotsOnBlackSite,numberOfRobotsOnWhiteSite
16856,13,21
timeStep,numberOfRobotsOnBlackSite,numberOfRobotsOnWhiteSite
16857,13,21
timeStep,numberOfRobotsOnBlackSite,numberOfRobotsOnWhiteSite
16858,13,21
timeStep,numberOfRobotsOnBlackSite,numberOfRobotsOnWhiteSite
16859,13,21
timeStep,numberOfRobotsOnBlackSite,numberOfRobotsOnWhiteSite
16860,13,21
timeStep,numberOfRobotsOnBlackSite,numberOfRobotsOnWhiteSite
16861,13,21
timeStep,numberOfRobotsOnBlackSite,numberOfRobotsOnWhiteSite
16862,13,21
timeStep,numberOfRobotsOnBlackSite,numberOfRobotsOnWhiteSite
16863,13,21
timeStep,numberOfRobotsOnBlackSite,numberOfRobotsOnWhiteSite
16864,13,21
timeStep,numberOfRobotsOnBlackSite,numberOfRobotsOnWhiteSite
16865,13,21
timeStep,numberOfRobotsOnBlackSite,numberOfRobotsOnWhiteSite
16866,13,21
timeStep,numberOfRobotsOnBlackSite,numberOfRobotsOnWhiteSite
16867,13,21
timeStep,numberOfRobotsOnBlackSite,numberOfRobotsOnWhiteSite
16868,13,21
timeStep,numberOfRobotsOnBlackSite,numberOfRobotsOnWhiteSite
16869,13,21
timeStep,numberOfRobotsOnBlackSite,numberOfRobotsOnWhiteSite
16870,14,21
timeStep,numberOfRobotsOnBlackSite,numberOfRobotsOnWhiteSite
16871,14,21
timeStep,numberOfRobotsOnBlackSite,numberOfRobotsOnWhiteSite
16872,14,21
timeStep,numberOfRobotsOnBlackSite,numberOfRobotsOnWhiteSite
16873,14,21
timeStep,numberOfRobotsOnBlackSite,numberOfRobotsOnWhiteSite
16874,14,21
timeStep,numberOfRobotsOnBlackSite,numberOfRobotsOnWhiteSite
16875,14,21
timeStep,numberOfRobotsOnBlackSite,numberOfRobotsOnWhiteSite
16876,14,21
timeStep,numberOfRobotsOnBlackSite,numberOfRobotsOnWhiteSite
16877,14,21
timeStep,numberOfRobotsOnBlackSite,numberOfRobotsOnWhiteSite
16878,14,21
timeStep,numberOfRobotsOnBlackSite,numberOfRobotsOnWhiteSite
16879,14,21
timeStep,numberOfRobotsOnBlackSite,numberOfRobotsOnWhiteSite
16880,13,21
timeStep,numberOfRobotsOnBlackSite,numberOfRobotsOnWhiteSite
16881,13,21
timeStep,numberOfRobotsOnBlackSite,numberOfRobotsOnWhiteSite
16882,13,21
timeStep,numberOfRobotsOnBlackSite,numberOfRobotsOnWhiteSite
16883,13,21
timeStep,numberOfRobotsOnBlackSite,numberOfRobotsOnWhiteSite
16884,13,21
timeStep,numberOfRobotsOnBlackSite,numberOfRobotsOnWhiteSite
16885,14,21
timeStep,numberOfRobotsOnBlackSite,numberOfRobotsOnWhiteSite
16886,14,21
timeStep,numberOfRobotsOnBlackSite,numberOfRobotsOnWhiteSite
16887,14,21
timeStep,numberOfRobotsOnBlackSite,numberOfRobotsOnWhiteSite
16888,14,21
timeStep,numberOfRobotsOnBlackSite,numberOfRobotsOnWhiteSite
16889,14,21
timeStep,numberOfRobotsOnBlackSite,numberOfRobotsOnWhiteSite
16890,14,22
timeStep,numberOfRobotsOnBlackSite,numberOfRobotsOnWhiteSite
16891,14,22
timeStep,numberOfRobotsOnBlackSite,numberOfRobotsOnWhiteSite
16892,14,22
timeStep,numberOfRobotsOnBlackSite,numberOfRobotsOnWhiteSite
16893,14,22
timeStep,numberOfRobotsOnBlackSite,numberOfRobotsOnWhiteSite
16894,14,22
timeStep,numberOfRobotsOnBlackSite,numberOfRobotsOnWhiteSite
16895,15,22
timeStep,numberOfRobotsOnBlackSite,numberOfRobotsOnWhiteSite
16896,15,22
timeStep,numberOfRobotsOnBlackSite,numberOfRobotsOnWhiteSite
16897,15,22
timeStep,numberOfRobotsOnBlackSite,numberOfRobotsOnWhiteSite
16898,15,22
timeStep,numberOfRobotsOnBlackSite,numberOfRobotsOnWhiteSite
16899,15,22
timeStep,numberOfRobotsOnBlackSite,numberOfRobotsOnWhiteSite
16900,15,22
timeStep,numberOfRobotsOnBlackSite,numberOfRobotsOnWhiteSite
16901,15,22
timeStep,numberOfRobotsOnBlackSite,numberOfRobotsOnWhiteSite
16902,15,22
timeStep,numberOfRobotsOnBlackSite,numberOfRobotsOnWhiteSite
16903,15,22
timeStep,numberOfRobotsOnBlackSite,numberOfRobotsOnWhiteSite
16904,15,22
timeStep,numberOfRobotsOnBlackSite,numberOfRobotsOnWhiteSite
16905,15,22
timeStep,numberOfRobotsOnBlackSite,numberOfRobotsOnWhiteSite
16906,15,22
timeStep,numberOfRobotsOnBlackSite,numberOfRobotsOnWhiteSite
16907,15,22
timeStep,numberOfRobotsOnBlackSite,numberOfRobotsOnWhiteSite
16908,15,22
timeStep,numberOfRobotsOnBlackSite,numberOfRobotsOnWhiteSite
16909,15,22
timeStep,numberOfRobotsOnBlackSite,numberOfRobotsOnWhiteSite
16910,15,22
timeStep,numberOfRobotsOnBlackSite,numberOfRobotsOnWhiteSite
16911,15,22
timeStep,numberOfRobotsOnBlackSite,numberOfRobotsOnWhiteSite
16912,15,22
timeStep,numberOfRobotsOnBlackSite,numberOfRobotsOnWhiteSite
16913,15,22
timeStep,numberOfRobotsOnBlackSite,numberOfRobotsOnWhiteSite
16914,15,22
timeStep,numberOfRobotsOnBlackSite,numberOfRobotsOnWhiteSite
16915,15,22
timeStep,numberOfRobotsOnBlackSite,numberOfRobotsOnWhiteSite
16916,15,22
timeStep,numberOfRobotsOnBlackSite,numberOfRobotsOnWhiteSite
16917,15,22
timeStep,numberOfRobotsOnBlackSite,numberOfRobotsOnWhiteSite
16918,15,22
timeStep,numberOfRobotsOnBlackSite,numberOfRobotsOnWhiteSite
16919,15,22
timeStep,numberOfRobotsOnBlackSite,numberOfRobotsOnWhiteSite
16920,15,22
timeStep,numberOfRobotsOnBlackSite,numberOfRobotsOnWhiteSite
16921,15,22
timeStep,numberOfRobotsOnBlackSite,numberOfRobotsOnWhiteSite
16922,15,22
timeStep,numberOfRobotsOnBlackSite,numberOfRobotsOnWhiteSite
16923,15,22
timeStep,numberOfRobotsOnBlackSite,numberOfRobotsOnWhiteSite
16924,15,22
timeStep,numberOfRobotsOnBlackSite,numberOfRobotsOnWhiteSite
16925,15,22
timeStep,numberOfRobotsOnBlackSite,numberOfRobotsOnWhiteSite
16926,15,22
timeStep,numberOfRobotsOnBlackSite,numberOfRobotsOnWhiteSite
16927,15,22
timeStep,numberOfRobotsOnBlackSite,numberOfRobotsOnWhiteSite
16928,15,22
timeStep,numberOfRobotsOnBlackSite,numberOfRobotsOnWhiteSite
16929,15,22
timeStep,numberOfRobotsOnBlackSite,numberOfRobotsOnWhiteSite
16930,15,22
timeStep,numberOfRobotsOnBlackSite,numberOfRobotsOnWhiteSite
16931,15,22
timeStep,numberOfRobotsOnBlackSite,numberOfRobotsOnWhiteSite
16932,15,22
timeStep,numberOfRobotsOnBlackSite,numberOfRobotsOnWhiteSite
16933,15,22
timeStep,numberOfRobotsOnBlackSite,numberOfRobotsOnWhiteSite
16934,15,22
timeStep,numberOfRobotsOnBlackSite,numberOfRobotsOnWhiteSite
16935,14,22
timeStep,numberOfRobotsOnBlackSite,numberOfRobotsOnWhiteSite
16936,14,22
timeStep,numberOfRobotsOnBlackSite,numberOfRobotsOnWhiteSite
16937,14,22
timeStep,numberOfRobotsOnBlackSite,numberOfRobotsOnWhiteSite
16938,14,22
timeStep,numberOfRobotsOnBlackSite,numberOfRobotsOnWhiteSite
16939,14,22
timeStep,numberOfRobotsOnBlackSite,numberOfRobotsOnWhiteSite
16940,14,22
timeStep,numberOfRobotsOnBlackSite,numberOfRobotsOnWhiteSite
16941,14,22
timeStep,numberOfRobotsOnBlackSite,numberOfRobotsOnWhiteSite
16942,14,22
timeStep,numberOfRobotsOnBlackSite,numberOfRobotsOnWhiteSite
16943,14,22
timeStep,numberOfRobotsOnBlackSite,numberOfRobotsOnWhiteSite
16944,14,22
timeStep,numberOfRobotsOnBlackSite,numberOfRobotsOnWhiteSite
16945,14,22
timeStep,numberOfRobotsOnBlackSite,numberOfRobotsOnWhiteSite
16946,14,22
timeStep,numberOfRobotsOnBlackSite,numberOfRobotsOnWhiteSite
16947,14,22
timeStep,numberOfRobotsOnBlackSite,numberOfRobotsOnWhiteSite
16948,14,22
timeStep,numberOfRobotsOnBlackSite,numberOfRobotsOnWhiteSite
16949,14,22
timeStep,numberOfRobotsOnBlackSite,numberOfRobotsOnWhiteSite
16950,14,22
timeStep,numberOfRobotsOnBlackSite,numberOfRobotsOnWhiteSite
16951,14,22
timeStep,numberOfRobotsOnBlackSite,numberOfRobotsOnWhiteSite
16952,14,22
timeStep,numberOfRobotsOnBlackSite,numberOfRobotsOnWhiteSite
16953,14,22
timeStep,numberOfRobotsOnBlackSite,numberOfRobotsOnWhiteSite
16954,14,22
timeStep,numberOfRobotsOnBlackSite,numberOfRobotsOnWhiteSite
16955,14,22
timeStep,numberOfRobotsOnBlackSite,numberOfRobotsOnWhiteSite
16956,14,22
timeStep,numberOfRobotsOnBlackSite,numberOfRobotsOnWhiteSite
16957,14,22
timeStep,numberOfRobotsOnBlackSite,numberOfRobotsOnWhiteSite
16958,14,22
timeStep,numberOfRobotsOnBlackSite,numberOfRobotsOnWhiteSite
16959,14,22
timeStep,numberOfRobotsOnBlackSite,numberOfRobotsOnWhiteSite
16960,14,22
timeStep,numberOfRobotsOnBlackSite,numberOfRobotsOnWhiteSite
16961,14,22
timeStep,numberOfRobotsOnBlackSite,numberOfRobotsOnWhiteSite
16962,14,22
timeStep,numberOfRobotsOnBlackSite,numberOfRobotsOnWhiteSite
16963,14,22
timeStep,numberOfRobotsOnBlackSite,numberOfRobotsOnWhiteSite
16964,14,22
timeStep,numberOfRobotsOnBlackSite,numberOfRobotsOnWhiteSite
16965,14,22
timeStep,numberOfRobotsOnBlackSite,numberOfRobotsOnWhiteSite
16966,14,22
timeStep,numberOfRobotsOnBlackSite,numberOfRobotsOnWhiteSite
16967,14,22
timeStep,numberOfRobotsOnBlackSite,numberOfRobotsOnWhiteSite
16968,14,22
timeStep,numberOfRobotsOnBlackSite,numberOfRobotsOnWhiteSite
16969,14,22
timeStep,numberOfRobotsOnBlackSite,numberOfRobotsOnWhiteSite
16970,14,22
timeStep,numberOfRobotsOnBlackSite,numberOfRobotsOnWhiteSite
16971,14,22
timeStep,numberOfRobotsOnBlackSite,numberOfRobotsOnWhiteSite
16972,14,22
timeStep,numberOfRobotsOnBlackSite,numberOfRobotsOnWhiteSite
16973,14,22
timeStep,numberOfRobotsOnBlackSite,numberOfRobotsOnWhiteSite
16974,14,22
timeStep,numberOfRobotsOnBlackSite,numberOfRobotsOnWhiteSite
16975,14,22
timeStep,numberOfRobotsOnBlackSite,numberOfRobotsOnWhiteSite
16976,14,22
timeStep,numberOfRobotsOnBlackSite,numberOfRobotsOnWhiteSite
16977,14,22
timeStep,numberOfRobotsOnBlackSite,numberOfRobotsOnWhiteSite
16978,14,22
timeStep,numberOfRobotsOnBlackSite,numberOfRobotsOnWhiteSite
16979,14,22
timeStep,numberOfRobotsOnBlackSite,numberOfRobotsOnWhiteSite
16980,14,22
timeStep,numberOfRobotsOnBlackSite,numberOfRobotsOnWhiteSite
16981,14,22
timeStep,numberOfRobotsOnBlackSite,numberOfRobotsOnWhiteSite
16982,14,22
timeStep,numberOfRobotsOnBlackSite,numberOfRobotsOnWhiteSite
16983,14,22
timeStep,numberOfRobotsOnBlackSite,numberOfRobotsOnWhiteSite
16984,14,22
timeStep,numberOfRobotsOnBlackSite,numberOfRobotsOnWhiteSite
16985,14,22
timeStep,numberOfRobotsOnBlackSite,numberOfRobotsOnWhiteSite
16986,14,22
timeStep,numberOfRobotsOnBlackSite,numberOfRobotsOnWhiteSite
16987,14,22
timeStep,numberOfRobotsOnBlackSite,numberOfRobotsOnWhiteSite
16988,14,22
timeStep,numberOfRobotsOnBlackSite,numberOfRobotsOnWhiteSite
16989,14,22
timeStep,numberOfRobotsOnBlackSite,numberOfRobotsOnWhiteSite
16990,15,22
timeStep,numberOfRobotsOnBlackSite,numberOfRobotsOnWhiteSite
16991,15,22
timeStep,numberOfRobotsOnBlackSite,numberOfRobotsOnWhiteSite
16992,15,22
timeStep,numberOfRobotsOnBlackSite,numberOfRobotsOnWhiteSite
16993,15,22
timeStep,numberOfRobotsOnBlackSite,numberOfRobotsOnWhiteSite
16994,15,22
timeStep,numberOfRobotsOnBlackSite,numberOfRobotsOnWhiteSite
16995,15,22
timeStep,numberOfRobotsOnBlackSite,numberOfRobotsOnWhiteSite
16996,15,22
timeStep,numberOfRobotsOnBlackSite,numberOfRobotsOnWhiteSite
16997,15,22
timeStep,numberOfRobotsOnBlackSite,numberOfRobotsOnWhiteSite
16998,15,22
timeStep,numberOfRobotsOnBlackSite,numberOfRobotsOnWhiteSite
16999,15,22
timeStep,numberOfRobotsOnBlackSite,numberOfRobotsOnWhiteSite
17000,15,22
timeStep,numberOfRobotsOnBlackSite,numberOfRobotsOnWhiteSite
17001,15,22
timeStep,numberOfRobotsOnBlackSite,numberOfRobotsOnWhiteSite
17002,15,22
timeStep,numberOfRobotsOnBlackSite,numberOfRobotsOnWhiteSite
17003,15,22
timeStep,numberOfRobotsOnBlackSite,numberOfRobotsOnWhiteSite
17004,15,22
timeStep,numberOfRobotsOnBlackSite,numberOfRobotsOnWhiteSite
17005,15,22
timeStep,numberOfRobotsOnBlackSite,numberOfRobotsOnWhiteSite
17006,15,22
timeStep,numberOfRobotsOnBlackSite,numberOfRobotsOnWhiteSite
17007,15,22
timeStep,numberOfRobotsOnBlackSite,numberOfRobotsOnWhiteSite
17008,15,22
timeStep,numberOfRobotsOnBlackSite,numberOfRobotsOnWhiteSite
17009,15,22
timeStep,numberOfRobotsOnBlackSite,numberOfRobotsOnWhiteSite
17010,15,21
timeStep,numberOfRobotsOnBlackSite,numberOfRobotsOnWhiteSite
17011,15,21
timeStep,numberOfRobotsOnBlackSite,numberOfRobotsOnWhiteSite
17012,15,21
timeStep,numberOfRobotsOnBlackSite,numberOfRobotsOnWhiteSite
17013,15,21
timeStep,numberOfRobotsOnBlackSite,numberOfRobotsOnWhiteSite
17014,15,21
timeStep,numberOfRobotsOnBlackSite,numberOfRobotsOnWhiteSite
17015,15,21
timeStep,numberOfRobotsOnBlackSite,numberOfRobotsOnWhiteSite
17016,15,21
timeStep,numberOfRobotsOnBlackSite,numberOfRobotsOnWhiteSite
17017,15,21
timeStep,numberOfRobotsOnBlackSite,numberOfRobotsOnWhiteSite
17018,15,21
timeStep,numberOfRobotsOnBlackSite,numberOfRobotsOnWhiteSite
17019,15,21
timeStep,numberOfRobotsOnBlackSite,numberOfRobotsOnWhiteSite
17020,15,21
timeStep,numberOfRobotsOnBlackSite,numberOfRobotsOnWhiteSite
17021,15,21
timeStep,numberOfRobotsOnBlackSite,numberOfRobotsOnWhiteSite
17022,15,21
timeStep,numberOfRobotsOnBlackSite,numberOfRobotsOnWhiteSite
17023,15,21
timeStep,numberOfRobotsOnBlackSite,numberOfRobotsOnWhiteSite
17024,15,21
timeStep,numberOfRobotsOnBlackSite,numberOfRobotsOnWhiteSite
17025,15,21
timeStep,numberOfRobotsOnBlackSite,numberOfRobotsOnWhiteSite
17026,15,21
timeStep,numberOfRobotsOnBlackSite,numberOfRobotsOnWhiteSite
17027,15,21
timeStep,numberOfRobotsOnBlackSite,numberOfRobotsOnWhiteSite
17028,15,21
timeStep,numberOfRobotsOnBlackSite,numberOfRobotsOnWhiteSite
17029,15,21
timeStep,numberOfRobotsOnBlackSite,numberOfRobotsOnWhiteSite
17030,15,21
timeStep,numberOfRobotsOnBlackSite,numberOfRobotsOnWhiteSite
17031,15,21
timeStep,numberOfRobotsOnBlackSite,numberOfRobotsOnWhiteSite
17032,15,21
timeStep,numberOfRobotsOnBlackSite,numberOfRobotsOnWhiteSite
17033,15,21
timeStep,numberOfRobotsOnBlackSite,numberOfRobotsOnWhiteSite
17034,15,21
timeStep,numberOfRobotsOnBlackSite,numberOfRobotsOnWhiteSite
17035,15,21
timeStep,numberOfRobotsOnBlackSite,numberOfRobotsOnWhiteSite
17036,15,21
timeStep,numberOfRobotsOnBlackSite,numberOfRobotsOnWhiteSite
17037,15,21
timeStep,numberOfRobotsOnBlackSite,numberOfRobotsOnWhiteSite
17038,15,21
timeStep,numberOfRobotsOnBlackSite,numberOfRobotsOnWhiteSite
17039,15,21
timeStep,numberOfRobotsOnBlackSite,numberOfRobotsOnWhiteSite
17040,15,21
timeStep,numberOfRobotsOnBlackSite,numberOfRobotsOnWhiteSite
17041,15,21
timeStep,numberOfRobotsOnBlackSite,numberOfRobotsOnWhiteSite
17042,15,21
timeStep,numberOfRobotsOnBlackSite,numberOfRobotsOnWhiteSite
17043,15,21
timeStep,numberOfRobotsOnBlackSite,numberOfRobotsOnWhiteSite
17044,15,21
timeStep,numberOfRobotsOnBlackSite,numberOfRobotsOnWhiteSite
17045,15,21
timeStep,numberOfRobotsOnBlackSite,numberOfRobotsOnWhiteSite
17046,15,21
timeStep,numberOfRobotsOnBlackSite,numberOfRobotsOnWhiteSite
17047,15,21
timeStep,numberOfRobotsOnBlackSite,numberOfRobotsOnWhiteSite
17048,15,21
timeStep,numberOfRobotsOnBlackSite,numberOfRobotsOnWhiteSite
17049,15,21
timeStep,numberOfRobotsOnBlackSite,numberOfRobotsOnWhiteSite
17050,15,21
timeStep,numberOfRobotsOnBlackSite,numberOfRobotsOnWhiteSite
17051,15,21
timeStep,numberOfRobotsOnBlackSite,numberOfRobotsOnWhiteSite
17052,15,21
timeStep,numberOfRobotsOnBlackSite,numberOfRobotsOnWhiteSite
17053,15,21
timeStep,numberOfRobotsOnBlackSite,numberOfRobotsOnWhiteSite
17054,15,21
timeStep,numberOfRobotsOnBlackSite,numberOfRobotsOnWhiteSite
17055,15,22
timeStep,numberOfRobotsOnBlackSite,numberOfRobotsOnWhiteSite
17056,15,22
timeStep,numberOfRobotsOnBlackSite,numberOfRobotsOnWhiteSite
17057,15,22
timeStep,numberOfRobotsOnBlackSite,numberOfRobotsOnWhiteSite
17058,15,22
timeStep,numberOfRobotsOnBlackSite,numberOfRobotsOnWhiteSite
17059,15,22
timeStep,numberOfRobotsOnBlackSite,numberOfRobotsOnWhiteSite
17060,15,22
timeStep,numberOfRobotsOnBlackSite,numberOfRobotsOnWhiteSite
17061,15,22
timeStep,numberOfRobotsOnBlackSite,numberOfRobotsOnWhiteSite
17062,15,22
timeStep,numberOfRobotsOnBlackSite,numberOfRobotsOnWhiteSite
17063,15,22
timeStep,numberOfRobotsOnBlackSite,numberOfRobotsOnWhiteSite
17064,15,22
timeStep,numberOfRobotsOnBlackSite,numberOfRobotsOnWhiteSite
17065,15,22
timeStep,numberOfRobotsOnBlackSite,numberOfRobotsOnWhiteSite
17066,15,22
timeStep,numberOfRobotsOnBlackSite,numberOfRobotsOnWhiteSite
17067,15,22
timeStep,numberOfRobotsOnBlackSite,numberOfRobotsOnWhiteSite
17068,15,22
timeStep,numberOfRobotsOnBlackSite,numberOfRobotsOnWhiteSite
17069,15,22
timeStep,numberOfRobotsOnBlackSite,numberOfRobotsOnWhiteSite
17070,15,22
timeStep,numberOfRobotsOnBlackSite,numberOfRobotsOnWhiteSite
17071,15,22
timeStep,numberOfRobotsOnBlackSite,numberOfRobotsOnWhiteSite
17072,15,22
timeStep,numberOfRobotsOnBlackSite,numberOfRobotsOnWhiteSite
17073,15,22
timeStep,numberOfRobotsOnBlackSite,numberOfRobotsOnWhiteSite
17074,15,22
timeStep,numberOfRobotsOnBlackSite,numberOfRobotsOnWhiteSite
17075,15,22
timeStep,numberOfRobotsOnBlackSite,numberOfRobotsOnWhiteSite
17076,15,22
timeStep,numberOfRobotsOnBlackSite,numberOfRobotsOnWhiteSite
17077,15,22
timeStep,numberOfRobotsOnBlackSite,numberOfRobotsOnWhiteSite
17078,15,22
timeStep,numberOfRobotsOnBlackSite,numberOfRobotsOnWhiteSite
17079,15,22
timeStep,numberOfRobotsOnBlackSite,numberOfRobotsOnWhiteSite
17080,15,21
timeStep,numberOfRobotsOnBlackSite,numberOfRobotsOnWhiteSite
17081,15,21
timeStep,numberOfRobotsOnBlackSite,numberOfRobotsOnWhiteSite
17082,15,21
timeStep,numberOfRobotsOnBlackSite,numberOfRobotsOnWhiteSite
17083,15,21
timeStep,numberOfRobotsOnBlackSite,numberOfRobotsOnWhiteSite
17084,15,21
timeStep,numberOfRobotsOnBlackSite,numberOfRobotsOnWhiteSite
17085,15,21
timeStep,numberOfRobotsOnBlackSite,numberOfRobotsOnWhiteSite
17086,15,21
timeStep,numberOfRobotsOnBlackSite,numberOfRobotsOnWhiteSite
17087,15,21
timeStep,numberOfRobotsOnBlackSite,numberOfRobotsOnWhiteSite
17088,15,21
timeStep,numberOfRobotsOnBlackSite,numberOfRobotsOnWhiteSite
17089,15,21
timeStep,numberOfRobotsOnBlackSite,numberOfRobotsOnWhiteSite
17090,15,21
timeStep,numberOfRobotsOnBlackSite,numberOfRobotsOnWhiteSite
17091,15,21
timeStep,numberOfRobotsOnBlackSite,numberOfRobotsOnWhiteSite
17092,15,21
timeStep,numberOfRobotsOnBlackSite,numberOfRobotsOnWhiteSite
17093,15,21
timeStep,numberOfRobotsOnBlackSite,numberOfRobotsOnWhiteSite
17094,15,21
timeStep,numberOfRobotsOnBlackSite,numberOfRobotsOnWhiteSite
17095,15,21
timeStep,numberOfRobotsOnBlackSite,numberOfRobotsOnWhiteSite
17096,15,21
timeStep,numberOfRobotsOnBlackSite,numberOfRobotsOnWhiteSite
17097,15,21
timeStep,numberOfRobotsOnBlackSite,numberOfRobotsOnWhiteSite
17098,15,21
timeStep,numberOfRobotsOnBlackSite,numberOfRobotsOnWhiteSite
17099,15,21
timeStep,numberOfRobotsOnBlackSite,numberOfRobotsOnWhiteSite
17100,15,20
timeStep,numberOfRobotsOnBlackSite,numberOfRobotsOnWhiteSite
17101,15,20
timeStep,numberOfRobotsOnBlackSite,numberOfRobotsOnWhiteSite
17102,15,20
timeStep,numberOfRobotsOnBlackSite,numberOfRobotsOnWhiteSite
17103,15,20
timeStep,numberOfRobotsOnBlackSite,numberOfRobotsOnWhiteSite
17104,15,20
timeStep,numberOfRobotsOnBlackSite,numberOfRobotsOnWhiteSite
17105,15,20
timeStep,numberOfRobotsOnBlackSite,numberOfRobotsOnWhiteSite
17106,15,20
timeStep,numberOfRobotsOnBlackSite,numberOfRobotsOnWhiteSite
17107,15,20
timeStep,numberOfRobotsOnBlackSite,numberOfRobotsOnWhiteSite
17108,15,20
timeStep,numberOfRobotsOnBlackSite,numberOfRobotsOnWhiteSite
17109,15,20
timeStep,numberOfRobotsOnBlackSite,numberOfRobotsOnWhiteSite
17110,17,20
timeStep,numberOfRobotsOnBlackSite,numberOfRobotsOnWhiteSite
17111,17,20
timeStep,numberOfRobotsOnBlackSite,numberOfRobotsOnWhiteSite
17112,17,20
timeStep,numberOfRobotsOnBlackSite,numberOfRobotsOnWhiteSite
17113,17,20
timeStep,numberOfRobotsOnBlackSite,numberOfRobotsOnWhiteSite
17114,17,20
timeStep,numberOfRobotsOnBlackSite,numberOfRobotsOnWhiteSite
17115,17,20
timeStep,numberOfRobotsOnBlackSite,numberOfRobotsOnWhiteSite
17116,17,20
timeStep,numberOfRobotsOnBlackSite,numberOfRobotsOnWhiteSite
17117,17,20
timeStep,numberOfRobotsOnBlackSite,numberOfRobotsOnWhiteSite
17118,17,20
timeStep,numberOfRobotsOnBlackSite,numberOfRobotsOnWhiteSite
17119,17,20
timeStep,numberOfRobotsOnBlackSite,numberOfRobotsOnWhiteSite
17120,17,20
timeStep,numberOfRobotsOnBlackSite,numberOfRobotsOnWhiteSite
17121,17,20
timeStep,numberOfRobotsOnBlackSite,numberOfRobotsOnWhiteSite
17122,17,20
timeStep,numberOfRobotsOnBlackSite,numberOfRobotsOnWhiteSite
17123,17,20
timeStep,numberOfRobotsOnBlackSite,numberOfRobotsOnWhiteSite
17124,17,20
timeStep,numberOfRobotsOnBlackSite,numberOfRobotsOnWhiteSite
17125,17,20
timeStep,numberOfRobotsOnBlackSite,numberOfRobotsOnWhiteSite
17126,17,20
timeStep,numberOfRobotsOnBlackSite,numberOfRobotsOnWhiteSite
17127,17,20
timeStep,numberOfRobotsOnBlackSite,numberOfRobotsOnWhiteSite
17128,17,20
timeStep,numberOfRobotsOnBlackSite,numberOfRobotsOnWhiteSite
17129,17,20
timeStep,numberOfRobotsOnBlackSite,numberOfRobotsOnWhiteSite
17130,18,20
timeStep,numberOfRobotsOnBlackSite,numberOfRobotsOnWhiteSite
17131,18,20
timeStep,numberOfRobotsOnBlackSite,numberOfRobotsOnWhiteSite
17132,18,20
timeStep,numberOfRobotsOnBlackSite,numberOfRobotsOnWhiteSite
17133,18,20
timeStep,numberOfRobotsOnBlackSite,numberOfRobotsOnWhiteSite
17134,18,20
timeStep,numberOfRobotsOnBlackSite,numberOfRobotsOnWhiteSite
17135,18,20
timeStep,numberOfRobotsOnBlackSite,numberOfRobotsOnWhiteSite
17136,18,20
timeStep,numberOfRobotsOnBlackSite,numberOfRobotsOnWhiteSite
17137,18,20
timeStep,numberOfRobotsOnBlackSite,numberOfRobotsOnWhiteSite
17138,18,20
timeStep,numberOfRobotsOnBlackSite,numberOfRobotsOnWhiteSite
17139,18,20
timeStep,numberOfRobotsOnBlackSite,numberOfRobotsOnWhiteSite
17140,18,20
timeStep,numberOfRobotsOnBlackSite,numberOfRobotsOnWhiteSite
17141,18,20
timeStep,numberOfRobotsOnBlackSite,numberOfRobotsOnWhiteSite
17142,18,20
timeStep,numberOfRobotsOnBlackSite,numberOfRobotsOnWhiteSite
17143,18,20
timeStep,numberOfRobotsOnBlackSite,numberOfRobotsOnWhiteSite
17144,18,20
timeStep,numberOfRobotsOnBlackSite,numberOfRobotsOnWhiteSite
17145,18,20
timeStep,numberOfRobotsOnBlackSite,numberOfRobotsOnWhiteSite
17146,18,20
timeStep,numberOfRobotsOnBlackSite,numberOfRobotsOnWhiteSite
17147,18,20
timeStep,numberOfRobotsOnBlackSite,numberOfRobotsOnWhiteSite
17148,18,20
timeStep,numberOfRobotsOnBlackSite,numberOfRobotsOnWhiteSite
17149,18,20
timeStep,numberOfRobotsOnBlackSite,numberOfRobotsOnWhiteSite
17150,18,20
timeStep,numberOfRobotsOnBlackSite,numberOfRobotsOnWhiteSite
17151,18,20
timeStep,numberOfRobotsOnBlackSite,numberOfRobotsOnWhiteSite
17152,18,20
timeStep,numberOfRobotsOnBlackSite,numberOfRobotsOnWhiteSite
17153,18,20
timeStep,numberOfRobotsOnBlackSite,numberOfRobotsOnWhiteSite
17154,18,20
timeStep,numberOfRobotsOnBlackSite,numberOfRobotsOnWhiteSite
17155,17,20
timeStep,numberOfRobotsOnBlackSite,numberOfRobotsOnWhiteSite
17156,17,20
timeStep,numberOfRobotsOnBlackSite,numberOfRobotsOnWhiteSite
17157,17,20
timeStep,numberOfRobotsOnBlackSite,numberOfRobotsOnWhiteSite
17158,17,20
timeStep,numberOfRobotsOnBlackSite,numberOfRobotsOnWhiteSite
17159,17,20
timeStep,numberOfRobotsOnBlackSite,numberOfRobotsOnWhiteSite
17160,17,20
timeStep,numberOfRobotsOnBlackSite,numberOfRobotsOnWhiteSite
17161,17,20
timeStep,numberOfRobotsOnBlackSite,numberOfRobotsOnWhiteSite
17162,17,20
timeStep,numberOfRobotsOnBlackSite,numberOfRobotsOnWhiteSite
17163,17,20
timeStep,numberOfRobotsOnBlackSite,numberOfRobotsOnWhiteSite
17164,17,20
timeStep,numberOfRobotsOnBlackSite,numberOfRobotsOnWhiteSite
17165,17,20
timeStep,numberOfRobotsOnBlackSite,numberOfRobotsOnWhiteSite
17166,17,20
timeStep,numberOfRobotsOnBlackSite,numberOfRobotsOnWhiteSite
17167,17,20
timeStep,numberOfRobotsOnBlackSite,numberOfRobotsOnWhiteSite
17168,17,20
timeStep,numberOfRobotsOnBlackSite,numberOfRobotsOnWhiteSite
17169,17,20
timeStep,numberOfRobotsOnBlackSite,numberOfRobotsOnWhiteSite
17170,17,20
timeStep,numberOfRobotsOnBlackSite,numberOfRobotsOnWhiteSite
17171,17,20
timeStep,numberOfRobotsOnBlackSite,numberOfRobotsOnWhiteSite
17172,17,20
timeStep,numberOfRobotsOnBlackSite,numberOfRobotsOnWhiteSite
17173,17,20
timeStep,numberOfRobotsOnBlackSite,numberOfRobotsOnWhiteSite
17174,17,20
timeStep,numberOfRobotsOnBlackSite,numberOfRobotsOnWhiteSite
17175,18,21
timeStep,numberOfRobotsOnBlackSite,numberOfRobotsOnWhiteSite
17176,18,21
timeStep,numberOfRobotsOnBlackSite,numberOfRobotsOnWhiteSite
17177,18,21
timeStep,numberOfRobotsOnBlackSite,numberOfRobotsOnWhiteSite
17178,18,21
timeStep,numberOfRobotsOnBlackSite,numberOfRobotsOnWhiteSite
17179,18,21
timeStep,numberOfRobotsOnBlackSite,numberOfRobotsOnWhiteSite
17180,18,21
timeStep,numberOfRobotsOnBlackSite,numberOfRobotsOnWhiteSite
17181,18,21
timeStep,numberOfRobotsOnBlackSite,numberOfRobotsOnWhiteSite
17182,18,21
timeStep,numberOfRobotsOnBlackSite,numberOfRobotsOnWhiteSite
17183,18,21
timeStep,numberOfRobotsOnBlackSite,numberOfRobotsOnWhiteSite
17184,18,21
timeStep,numberOfRobotsOnBlackSite,numberOfRobotsOnWhiteSite
17185,18,21
timeStep,numberOfRobotsOnBlackSite,numberOfRobotsOnWhiteSite
17186,18,21
timeStep,numberOfRobotsOnBlackSite,numberOfRobotsOnWhiteSite
17187,18,21
timeStep,numberOfRobotsOnBlackSite,numberOfRobotsOnWhiteSite
17188,18,21
timeStep,numberOfRobotsOnBlackSite,numberOfRobotsOnWhiteSite
17189,18,21
timeStep,numberOfRobotsOnBlackSite,numberOfRobotsOnWhiteSite
17190,18,21
timeStep,numberOfRobotsOnBlackSite,numberOfRobotsOnWhiteSite
17191,18,21
timeStep,numberOfRobotsOnBlackSite,numberOfRobotsOnWhiteSite
17192,18,21
timeStep,numberOfRobotsOnBlackSite,numberOfRobotsOnWhiteSite
17193,18,21
timeStep,numberOfRobotsOnBlackSite,numberOfRobotsOnWhiteSite
17194,18,21
timeStep,numberOfRobotsOnBlackSite,numberOfRobotsOnWhiteSite
17195,18,21
timeStep,numberOfRobotsOnBlackSite,numberOfRobotsOnWhiteSite
17196,18,21
timeStep,numberOfRobotsOnBlackSite,numberOfRobotsOnWhiteSite
17197,18,21
timeStep,numberOfRobotsOnBlackSite,numberOfRobotsOnWhiteSite
17198,18,21
timeStep,numberOfRobotsOnBlackSite,numberOfRobotsOnWhiteSite
17199,18,21
timeStep,numberOfRobotsOnBlackSite,numberOfRobotsOnWhiteSite
17200,18,21
timeStep,numberOfRobotsOnBlackSite,numberOfRobotsOnWhiteSite
17201,18,21
timeStep,numberOfRobotsOnBlackSite,numberOfRobotsOnWhiteSite
17202,18,21
timeStep,numberOfRobotsOnBlackSite,numberOfRobotsOnWhiteSite
17203,18,21
timeStep,numberOfRobotsOnBlackSite,numberOfRobotsOnWhiteSite
17204,18,21
timeStep,numberOfRobotsOnBlackSite,numberOfRobotsOnWhiteSite
17205,18,21
timeStep,numberOfRobotsOnBlackSite,numberOfRobotsOnWhiteSite
17206,18,21
timeStep,numberOfRobotsOnBlackSite,numberOfRobotsOnWhiteSite
17207,18,21
timeStep,numberOfRobotsOnBlackSite,numberOfRobotsOnWhiteSite
17208,18,21
timeStep,numberOfRobotsOnBlackSite,numberOfRobotsOnWhiteSite
17209,18,21
timeStep,numberOfRobotsOnBlackSite,numberOfRobotsOnWhiteSite
17210,18,21
timeStep,numberOfRobotsOnBlackSite,numberOfRobotsOnWhiteSite
17211,18,21
timeStep,numberOfRobotsOnBlackSite,numberOfRobotsOnWhiteSite
17212,18,21
timeStep,numberOfRobotsOnBlackSite,numberOfRobotsOnWhiteSite
17213,18,21
timeStep,numberOfRobotsOnBlackSite,numberOfRobotsOnWhiteSite
17214,18,21
timeStep,numberOfRobotsOnBlackSite,numberOfRobotsOnWhiteSite
17215,18,21
timeStep,numberOfRobotsOnBlackSite,numberOfRobotsOnWhiteSite
17216,18,21
timeStep,numberOfRobotsOnBlackSite,numberOfRobotsOnWhiteSite
17217,18,21
timeStep,numberOfRobotsOnBlackSite,numberOfRobotsOnWhiteSite
17218,18,21
timeStep,numberOfRobotsOnBlackSite,numberOfRobotsOnWhiteSite
17219,18,21
timeStep,numberOfRobotsOnBlackSite,numberOfRobotsOnWhiteSite
17220,18,22
timeStep,numberOfRobotsOnBlackSite,numberOfRobotsOnWhiteSite
17221,18,22
timeStep,numberOfRobotsOnBlackSite,numberOfRobotsOnWhiteSite
17222,18,22
timeStep,numberOfRobotsOnBlackSite,numberOfRobotsOnWhiteSite
17223,18,22
timeStep,numberOfRobotsOnBlackSite,numberOfRobotsOnWhiteSite
17224,18,22
timeStep,numberOfRobotsOnBlackSite,numberOfRobotsOnWhiteSite
17225,18,23
timeStep,numberOfRobotsOnBlackSite,numberOfRobotsOnWhiteSite
17226,18,23
timeStep,numberOfRobotsOnBlackSite,numberOfRobotsOnWhiteSite
17227,18,23
timeStep,numberOfRobotsOnBlackSite,numberOfRobotsOnWhiteSite
17228,18,23
timeStep,numberOfRobotsOnBlackSite,numberOfRobotsOnWhiteSite
17229,18,23
timeStep,numberOfRobotsOnBlackSite,numberOfRobotsOnWhiteSite
17230,17,23
timeStep,numberOfRobotsOnBlackSite,numberOfRobotsOnWhiteSite
17231,17,23
timeStep,numberOfRobotsOnBlackSite,numberOfRobotsOnWhiteSite
17232,17,23
timeStep,numberOfRobotsOnBlackSite,numberOfRobotsOnWhiteSite
17233,17,23
timeStep,numberOfRobotsOnBlackSite,numberOfRobotsOnWhiteSite
17234,17,23
timeStep,numberOfRobotsOnBlackSite,numberOfRobotsOnWhiteSite
17235,17,23
timeStep,numberOfRobotsOnBlackSite,numberOfRobotsOnWhiteSite
17236,17,23
timeStep,numberOfRobotsOnBlackSite,numberOfRobotsOnWhiteSite
17237,17,23
timeStep,numberOfRobotsOnBlackSite,numberOfRobotsOnWhiteSite
17238,17,23
timeStep,numberOfRobotsOnBlackSite,numberOfRobotsOnWhiteSite
17239,17,23
timeStep,numberOfRobotsOnBlackSite,numberOfRobotsOnWhiteSite
17240,17,23
timeStep,numberOfRobotsOnBlackSite,numberOfRobotsOnWhiteSite
17241,17,23
timeStep,numberOfRobotsOnBlackSite,numberOfRobotsOnWhiteSite
17242,17,23
timeStep,numberOfRobotsOnBlackSite,numberOfRobotsOnWhiteSite
17243,17,23
timeStep,numberOfRobotsOnBlackSite,numberOfRobotsOnWhiteSite
17244,17,23
timeStep,numberOfRobotsOnBlackSite,numberOfRobotsOnWhiteSite
17245,17,23
timeStep,numberOfRobotsOnBlackSite,numberOfRobotsOnWhiteSite
17246,17,23
timeStep,numberOfRobotsOnBlackSite,numberOfRobotsOnWhiteSite
17247,17,23
timeStep,numberOfRobotsOnBlackSite,numberOfRobotsOnWhiteSite
17248,17,23
timeStep,numberOfRobotsOnBlackSite,numberOfRobotsOnWhiteSite
17249,17,23
timeStep,numberOfRobotsOnBlackSite,numberOfRobotsOnWhiteSite
17250,17,23
timeStep,numberOfRobotsOnBlackSite,numberOfRobotsOnWhiteSite
17251,17,23
timeStep,numberOfRobotsOnBlackSite,numberOfRobotsOnWhiteSite
17252,17,23
timeStep,numberOfRobotsOnBlackSite,numberOfRobotsOnWhiteSite
17253,17,23
timeStep,numberOfRobotsOnBlackSite,numberOfRobotsOnWhiteSite
17254,17,23
timeStep,numberOfRobotsOnBlackSite,numberOfRobotsOnWhiteSite
17255,17,23
timeStep,numberOfRobotsOnBlackSite,numberOfRobotsOnWhiteSite
17256,17,23
timeStep,numberOfRobotsOnBlackSite,numberOfRobotsOnWhiteSite
17257,17,23
timeStep,numberOfRobotsOnBlackSite,numberOfRobotsOnWhiteSite
17258,17,23
timeStep,numberOfRobotsOnBlackSite,numberOfRobotsOnWhiteSite
17259,17,23
timeStep,numberOfRobotsOnBlackSite,numberOfRobotsOnWhiteSite
17260,17,22
timeStep,numberOfRobotsOnBlackSite,numberOfRobotsOnWhiteSite
17261,17,22
timeStep,numberOfRobotsOnBlackSite,numberOfRobotsOnWhiteSite
17262,17,22
timeStep,numberOfRobotsOnBlackSite,numberOfRobotsOnWhiteSite
17263,17,22
timeStep,numberOfRobotsOnBlackSite,numberOfRobotsOnWhiteSite
17264,17,22
timeStep,numberOfRobotsOnBlackSite,numberOfRobotsOnWhiteSite
17265,17,22
timeStep,numberOfRobotsOnBlackSite,numberOfRobotsOnWhiteSite
17266,17,22
timeStep,numberOfRobotsOnBlackSite,numberOfRobotsOnWhiteSite
17267,17,22
timeStep,numberOfRobotsOnBlackSite,numberOfRobotsOnWhiteSite
17268,17,22
timeStep,numberOfRobotsOnBlackSite,numberOfRobotsOnWhiteSite
17269,17,22
timeStep,numberOfRobotsOnBlackSite,numberOfRobotsOnWhiteSite
17270,17,22
timeStep,numberOfRobotsOnBlackSite,numberOfRobotsOnWhiteSite
17271,17,22
timeStep,numberOfRobotsOnBlackSite,numberOfRobotsOnWhiteSite
17272,17,22
timeStep,numberOfRobotsOnBlackSite,numberOfRobotsOnWhiteSite
17273,17,22
timeStep,numberOfRobotsOnBlackSite,numberOfRobotsOnWhiteSite
17274,17,22
timeStep,numberOfRobotsOnBlackSite,numberOfRobotsOnWhiteSite
17275,17,22
timeStep,numberOfRobotsOnBlackSite,numberOfRobotsOnWhiteSite
17276,17,22
timeStep,numberOfRobotsOnBlackSite,numberOfRobotsOnWhiteSite
17277,17,22
timeStep,numberOfRobotsOnBlackSite,numberOfRobotsOnWhiteSite
17278,17,22
timeStep,numberOfRobotsOnBlackSite,numberOfRobotsOnWhiteSite
17279,17,22
timeStep,numberOfRobotsOnBlackSite,numberOfRobotsOnWhiteSite
17280,17,22
timeStep,numberOfRobotsOnBlackSite,numberOfRobotsOnWhiteSite
17281,17,22
timeStep,numberOfRobotsOnBlackSite,numberOfRobotsOnWhiteSite
17282,17,22
timeStep,numberOfRobotsOnBlackSite,numberOfRobotsOnWhiteSite
17283,17,22
timeStep,numberOfRobotsOnBlackSite,numberOfRobotsOnWhiteSite
17284,17,22
timeStep,numberOfRobotsOnBlackSite,numberOfRobotsOnWhiteSite
17285,17,22
timeStep,numberOfRobotsOnBlackSite,numberOfRobotsOnWhiteSite
17286,17,22
timeStep,numberOfRobotsOnBlackSite,numberOfRobotsOnWhiteSite
17287,17,22
timeStep,numberOfRobotsOnBlackSite,numberOfRobotsOnWhiteSite
17288,17,22
timeStep,numberOfRobotsOnBlackSite,numberOfRobotsOnWhiteSite
17289,17,22
timeStep,numberOfRobotsOnBlackSite,numberOfRobotsOnWhiteSite
17290,17,22
timeStep,numberOfRobotsOnBlackSite,numberOfRobotsOnWhiteSite
17291,17,22
timeStep,numberOfRobotsOnBlackSite,numberOfRobotsOnWhiteSite
17292,17,22
timeStep,numberOfRobotsOnBlackSite,numberOfRobotsOnWhiteSite
17293,17,22
timeStep,numberOfRobotsOnBlackSite,numberOfRobotsOnWhiteSite
17294,17,22
timeStep,numberOfRobotsOnBlackSite,numberOfRobotsOnWhiteSite
17295,17,22
timeStep,numberOfRobotsOnBlackSite,numberOfRobotsOnWhiteSite
17296,17,22
timeStep,numberOfRobotsOnBlackSite,numberOfRobotsOnWhiteSite
17297,17,22
timeStep,numberOfRobotsOnBlackSite,numberOfRobotsOnWhiteSite
17298,17,22
timeStep,numberOfRobotsOnBlackSite,numberOfRobotsOnWhiteSite
17299,17,22
timeStep,numberOfRobotsOnBlackSite,numberOfRobotsOnWhiteSite
17300,18,22
timeStep,numberOfRobotsOnBlackSite,numberOfRobotsOnWhiteSite
17301,18,22
timeStep,numberOfRobotsOnBlackSite,numberOfRobotsOnWhiteSite
17302,18,22
timeStep,numberOfRobotsOnBlackSite,numberOfRobotsOnWhiteSite
17303,18,22
timeStep,numberOfRobotsOnBlackSite,numberOfRobotsOnWhiteSite
17304,18,22
timeStep,numberOfRobotsOnBlackSite,numberOfRobotsOnWhiteSite
17305,18,22
timeStep,numberOfRobotsOnBlackSite,numberOfRobotsOnWhiteSite
17306,18,22
timeStep,numberOfRobotsOnBlackSite,numberOfRobotsOnWhiteSite
17307,18,22
timeStep,numberOfRobotsOnBlackSite,numberOfRobotsOnWhiteSite
17308,18,22
timeStep,numberOfRobotsOnBlackSite,numberOfRobotsOnWhiteSite
17309,18,22
timeStep,numberOfRobotsOnBlackSite,numberOfRobotsOnWhiteSite
17310,18,22
timeStep,numberOfRobotsOnBlackSite,numberOfRobotsOnWhiteSite
17311,18,22
timeStep,numberOfRobotsOnBlackSite,numberOfRobotsOnWhiteSite
17312,18,22
timeStep,numberOfRobotsOnBlackSite,numberOfRobotsOnWhiteSite
17313,18,22
timeStep,numberOfRobotsOnBlackSite,numberOfRobotsOnWhiteSite
17314,18,22
timeStep,numberOfRobotsOnBlackSite,numberOfRobotsOnWhiteSite
17315,18,22
timeStep,numberOfRobotsOnBlackSite,numberOfRobotsOnWhiteSite
17316,18,22
timeStep,numberOfRobotsOnBlackSite,numberOfRobotsOnWhiteSite
17317,18,22
timeStep,numberOfRobotsOnBlackSite,numberOfRobotsOnWhiteSite
17318,18,22
timeStep,numberOfRobotsOnBlackSite,numberOfRobotsOnWhiteSite
17319,18,22
timeStep,numberOfRobotsOnBlackSite,numberOfRobotsOnWhiteSite
17320,18,22
timeStep,numberOfRobotsOnBlackSite,numberOfRobotsOnWhiteSite
17321,18,22
timeStep,numberOfRobotsOnBlackSite,numberOfRobotsOnWhiteSite
17322,18,22
timeStep,numberOfRobotsOnBlackSite,numberOfRobotsOnWhiteSite
17323,18,22
timeStep,numberOfRobotsOnBlackSite,numberOfRobotsOnWhiteSite
17324,18,22
timeStep,numberOfRobotsOnBlackSite,numberOfRobotsOnWhiteSite
17325,18,22
timeStep,numberOfRobotsOnBlackSite,numberOfRobotsOnWhiteSite
17326,18,22
timeStep,numberOfRobotsOnBlackSite,numberOfRobotsOnWhiteSite
17327,18,22
timeStep,numberOfRobotsOnBlackSite,numberOfRobotsOnWhiteSite
17328,18,22
timeStep,numberOfRobotsOnBlackSite,numberOfRobotsOnWhiteSite
17329,18,22
timeStep,numberOfRobotsOnBlackSite,numberOfRobotsOnWhiteSite
17330,18,22
timeStep,numberOfRobotsOnBlackSite,numberOfRobotsOnWhiteSite
17331,18,22
timeStep,numberOfRobotsOnBlackSite,numberOfRobotsOnWhiteSite
17332,18,22
timeStep,numberOfRobotsOnBlackSite,numberOfRobotsOnWhiteSite
17333,18,22
timeStep,numberOfRobotsOnBlackSite,numberOfRobotsOnWhiteSite
17334,18,22
timeStep,numberOfRobotsOnBlackSite,numberOfRobotsOnWhiteSite
17335,18,22
timeStep,numberOfRobotsOnBlackSite,numberOfRobotsOnWhiteSite
17336,18,22
timeStep,numberOfRobotsOnBlackSite,numberOfRobotsOnWhiteSite
17337,18,22
timeStep,numberOfRobotsOnBlackSite,numberOfRobotsOnWhiteSite
17338,18,22
timeStep,numberOfRobotsOnBlackSite,numberOfRobotsOnWhiteSite
17339,18,22
timeStep,numberOfRobotsOnBlackSite,numberOfRobotsOnWhiteSite
17340,18,22
timeStep,numberOfRobotsOnBlackSite,numberOfRobotsOnWhiteSite
17341,18,22
timeStep,numberOfRobotsOnBlackSite,numberOfRobotsOnWhiteSite
17342,18,22
timeStep,numberOfRobotsOnBlackSite,numberOfRobotsOnWhiteSite
17343,18,22
timeStep,numberOfRobotsOnBlackSite,numberOfRobotsOnWhiteSite
17344,18,22
timeStep,numberOfRobotsOnBlackSite,numberOfRobotsOnWhiteSite
17345,18,22
timeStep,numberOfRobotsOnBlackSite,numberOfRobotsOnWhiteSite
17346,18,22
timeStep,numberOfRobotsOnBlackSite,numberOfRobotsOnWhiteSite
17347,18,22
timeStep,numberOfRobotsOnBlackSite,numberOfRobotsOnWhiteSite
17348,18,22
timeStep,numberOfRobotsOnBlackSite,numberOfRobotsOnWhiteSite
17349,18,22
timeStep,numberOfRobotsOnBlackSite,numberOfRobotsOnWhiteSite
17350,18,22
timeStep,numberOfRobotsOnBlackSite,numberOfRobotsOnWhiteSite
17351,18,22
timeStep,numberOfRobotsOnBlackSite,numberOfRobotsOnWhiteSite
17352,18,22
timeStep,numberOfRobotsOnBlackSite,numberOfRobotsOnWhiteSite
17353,18,22
timeStep,numberOfRobotsOnBlackSite,numberOfRobotsOnWhiteSite
17354,18,22
timeStep,numberOfRobotsOnBlackSite,numberOfRobotsOnWhiteSite
17355,18,22
timeStep,numberOfRobotsOnBlackSite,numberOfRobotsOnWhiteSite
17356,18,22
timeStep,numberOfRobotsOnBlackSite,numberOfRobotsOnWhiteSite
17357,18,22
timeStep,numberOfRobotsOnBlackSite,numberOfRobotsOnWhiteSite
17358,18,22
timeStep,numberOfRobotsOnBlackSite,numberOfRobotsOnWhiteSite
17359,18,22
timeStep,numberOfRobotsOnBlackSite,numberOfRobotsOnWhiteSite
17360,18,22
timeStep,numberOfRobotsOnBlackSite,numberOfRobotsOnWhiteSite
17361,18,22
timeStep,numberOfRobotsOnBlackSite,numberOfRobotsOnWhiteSite
17362,18,22
timeStep,numberOfRobotsOnBlackSite,numberOfRobotsOnWhiteSite
17363,18,22
timeStep,numberOfRobotsOnBlackSite,numberOfRobotsOnWhiteSite
17364,18,22
timeStep,numberOfRobotsOnBlackSite,numberOfRobotsOnWhiteSite
17365,18,22
timeStep,numberOfRobotsOnBlackSite,numberOfRobotsOnWhiteSite
17366,18,22
timeStep,numberOfRobotsOnBlackSite,numberOfRobotsOnWhiteSite
17367,18,22
timeStep,numberOfRobotsOnBlackSite,numberOfRobotsOnWhiteSite
17368,18,22
timeStep,numberOfRobotsOnBlackSite,numberOfRobotsOnWhiteSite
17369,18,22
timeStep,numberOfRobotsOnBlackSite,numberOfRobotsOnWhiteSite
17370,18,22
timeStep,numberOfRobotsOnBlackSite,numberOfRobotsOnWhiteSite
17371,18,22
timeStep,numberOfRobotsOnBlackSite,numberOfRobotsOnWhiteSite
17372,18,22
timeStep,numberOfRobotsOnBlackSite,numberOfRobotsOnWhiteSite
17373,18,22
timeStep,numberOfRobotsOnBlackSite,numberOfRobotsOnWhiteSite
17374,18,22
timeStep,numberOfRobotsOnBlackSite,numberOfRobotsOnWhiteSite
17375,18,21
timeStep,numberOfRobotsOnBlackSite,numberOfRobotsOnWhiteSite
17376,18,21
timeStep,numberOfRobotsOnBlackSite,numberOfRobotsOnWhiteSite
17377,18,21
timeStep,numberOfRobotsOnBlackSite,numberOfRobotsOnWhiteSite
17378,18,21
timeStep,numberOfRobotsOnBlackSite,numberOfRobotsOnWhiteSite
17379,18,21
timeStep,numberOfRobotsOnBlackSite,numberOfRobotsOnWhiteSite
17380,18,21
timeStep,numberOfRobotsOnBlackSite,numberOfRobotsOnWhiteSite
17381,18,21
timeStep,numberOfRobotsOnBlackSite,numberOfRobotsOnWhiteSite
17382,18,21
timeStep,numberOfRobotsOnBlackSite,numberOfRobotsOnWhiteSite
17383,18,21
timeStep,numberOfRobotsOnBlackSite,numberOfRobotsOnWhiteSite
17384,18,21
timeStep,numberOfRobotsOnBlackSite,numberOfRobotsOnWhiteSite
17385,18,21
timeStep,numberOfRobotsOnBlackSite,numberOfRobotsOnWhiteSite
17386,18,21
timeStep,numberOfRobotsOnBlackSite,numberOfRobotsOnWhiteSite
17387,18,21
timeStep,numberOfRobotsOnBlackSite,numberOfRobotsOnWhiteSite
17388,18,21
timeStep,numberOfRobotsOnBlackSite,numberOfRobotsOnWhiteSite
17389,18,21
timeStep,numberOfRobotsOnBlackSite,numberOfRobotsOnWhiteSite
17390,18,21
timeStep,numberOfRobotsOnBlackSite,numberOfRobotsOnWhiteSite
17391,18,21
timeStep,numberOfRobotsOnBlackSite,numberOfRobotsOnWhiteSite
17392,18,21
timeStep,numberOfRobotsOnBlackSite,numberOfRobotsOnWhiteSite
17393,18,21
timeStep,numberOfRobotsOnBlackSite,numberOfRobotsOnWhiteSite
17394,18,21
timeStep,numberOfRobotsOnBlackSite,numberOfRobotsOnWhiteSite
17395,18,21
timeStep,numberOfRobotsOnBlackSite,numberOfRobotsOnWhiteSite
17396,18,21
timeStep,numberOfRobotsOnBlackSite,numberOfRobotsOnWhiteSite
17397,18,21
timeStep,numberOfRobotsOnBlackSite,numberOfRobotsOnWhiteSite
17398,18,21
timeStep,numberOfRobotsOnBlackSite,numberOfRobotsOnWhiteSite
17399,18,21
timeStep,numberOfRobotsOnBlackSite,numberOfRobotsOnWhiteSite
17400,18,21
timeStep,numberOfRobotsOnBlackSite,numberOfRobotsOnWhiteSite
17401,18,21
timeStep,numberOfRobotsOnBlackSite,numberOfRobotsOnWhiteSite
17402,18,21
timeStep,numberOfRobotsOnBlackSite,numberOfRobotsOnWhiteSite
17403,18,21
timeStep,numberOfRobotsOnBlackSite,numberOfRobotsOnWhiteSite
17404,18,21
timeStep,numberOfRobotsOnBlackSite,numberOfRobotsOnWhiteSite
17405,18,21
timeStep,numberOfRobotsOnBlackSite,numberOfRobotsOnWhiteSite
17406,18,21
timeStep,numberOfRobotsOnBlackSite,numberOfRobotsOnWhiteSite
17407,18,21
timeStep,numberOfRobotsOnBlackSite,numberOfRobotsOnWhiteSite
17408,18,21
timeStep,numberOfRobotsOnBlackSite,numberOfRobotsOnWhiteSite
17409,18,21
timeStep,numberOfRobotsOnBlackSite,numberOfRobotsOnWhiteSite
17410,18,21
timeStep,numberOfRobotsOnBlackSite,numberOfRobotsOnWhiteSite
17411,18,21
timeStep,numberOfRobotsOnBlackSite,numberOfRobotsOnWhiteSite
17412,18,21
timeStep,numberOfRobotsOnBlackSite,numberOfRobotsOnWhiteSite
17413,18,21
timeStep,numberOfRobotsOnBlackSite,numberOfRobotsOnWhiteSite
17414,18,21
timeStep,numberOfRobotsOnBlackSite,numberOfRobotsOnWhiteSite
17415,18,21
timeStep,numberOfRobotsOnBlackSite,numberOfRobotsOnWhiteSite
17416,18,21
timeStep,numberOfRobotsOnBlackSite,numberOfRobotsOnWhiteSite
17417,18,21
timeStep,numberOfRobotsOnBlackSite,numberOfRobotsOnWhiteSite
17418,18,21
timeStep,numberOfRobotsOnBlackSite,numberOfRobotsOnWhiteSite
17419,18,21
timeStep,numberOfRobotsOnBlackSite,numberOfRobotsOnWhiteSite
17420,18,21
timeStep,numberOfRobotsOnBlackSite,numberOfRobotsOnWhiteSite
17421,18,21
timeStep,numberOfRobotsOnBlackSite,numberOfRobotsOnWhiteSite
17422,18,21
timeStep,numberOfRobotsOnBlackSite,numberOfRobotsOnWhiteSite
17423,18,21
timeStep,numberOfRobotsOnBlackSite,numberOfRobotsOnWhiteSite
17424,18,21
timeStep,numberOfRobotsOnBlackSite,numberOfRobotsOnWhiteSite
17425,18,20
timeStep,numberOfRobotsOnBlackSite,numberOfRobotsOnWhiteSite
17426,18,20
timeStep,numberOfRobotsOnBlackSite,numberOfRobotsOnWhiteSite
17427,18,20
timeStep,numberOfRobotsOnBlackSite,numberOfRobotsOnWhiteSite
17428,18,20
timeStep,numberOfRobotsOnBlackSite,numberOfRobotsOnWhiteSite
17429,18,20
timeStep,numberOfRobotsOnBlackSite,numberOfRobotsOnWhiteSite
17430,18,21
timeStep,numberOfRobotsOnBlackSite,numberOfRobotsOnWhiteSite
17431,18,21
timeStep,numberOfRobotsOnBlackSite,numberOfRobotsOnWhiteSite
17432,18,21
timeStep,numberOfRobotsOnBlackSite,numberOfRobotsOnWhiteSite
17433,18,21
timeStep,numberOfRobotsOnBlackSite,numberOfRobotsOnWhiteSite
17434,18,21
timeStep,numberOfRobotsOnBlackSite,numberOfRobotsOnWhiteSite
17435,18,21
timeStep,numberOfRobotsOnBlackSite,numberOfRobotsOnWhiteSite
17436,18,21
timeStep,numberOfRobotsOnBlackSite,numberOfRobotsOnWhiteSite
17437,18,21
timeStep,numberOfRobotsOnBlackSite,numberOfRobotsOnWhiteSite
17438,18,21
timeStep,numberOfRobotsOnBlackSite,numberOfRobotsOnWhiteSite
17439,18,21
timeStep,numberOfRobotsOnBlackSite,numberOfRobotsOnWhiteSite
17440,18,21
timeStep,numberOfRobotsOnBlackSite,numberOfRobotsOnWhiteSite
17441,18,21
timeStep,numberOfRobotsOnBlackSite,numberOfRobotsOnWhiteSite
17442,18,21
timeStep,numberOfRobotsOnBlackSite,numberOfRobotsOnWhiteSite
17443,18,21
timeStep,numberOfRobotsOnBlackSite,numberOfRobotsOnWhiteSite
17444,18,21
timeStep,numberOfRobotsOnBlackSite,numberOfRobotsOnWhiteSite
17445,18,21
timeStep,numberOfRobotsOnBlackSite,numberOfRobotsOnWhiteSite
17446,18,21
timeStep,numberOfRobotsOnBlackSite,numberOfRobotsOnWhiteSite
17447,18,21
timeStep,numberOfRobotsOnBlackSite,numberOfRobotsOnWhiteSite
17448,18,21
timeStep,numberOfRobotsOnBlackSite,numberOfRobotsOnWhiteSite
17449,18,21
timeStep,numberOfRobotsOnBlackSite,numberOfRobotsOnWhiteSite
17450,18,21
timeStep,numberOfRobotsOnBlackSite,numberOfRobotsOnWhiteSite
17451,18,21
timeStep,numberOfRobotsOnBlackSite,numberOfRobotsOnWhiteSite
17452,18,21
timeStep,numberOfRobotsOnBlackSite,numberOfRobotsOnWhiteSite
17453,18,21
timeStep,numberOfRobotsOnBlackSite,numberOfRobotsOnWhiteSite
17454,18,21
timeStep,numberOfRobotsOnBlackSite,numberOfRobotsOnWhiteSite
17455,18,21
timeStep,numberOfRobotsOnBlackSite,numberOfRobotsOnWhiteSite
17456,18,21
timeStep,numberOfRobotsOnBlackSite,numberOfRobotsOnWhiteSite
17457,18,21
timeStep,numberOfRobotsOnBlackSite,numberOfRobotsOnWhiteSite
17458,18,21
timeStep,numberOfRobotsOnBlackSite,numberOfRobotsOnWhiteSite
17459,18,21
timeStep,numberOfRobotsOnBlackSite,numberOfRobotsOnWhiteSite
17460,18,21
timeStep,numberOfRobotsOnBlackSite,numberOfRobotsOnWhiteSite
17461,18,21
timeStep,numberOfRobotsOnBlackSite,numberOfRobotsOnWhiteSite
17462,18,21
timeStep,numberOfRobotsOnBlackSite,numberOfRobotsOnWhiteSite
17463,18,21
timeStep,numberOfRobotsOnBlackSite,numberOfRobotsOnWhiteSite
17464,18,21
timeStep,numberOfRobotsOnBlackSite,numberOfRobotsOnWhiteSite
17465,18,21
timeStep,numberOfRobotsOnBlackSite,numberOfRobotsOnWhiteSite
17466,18,21
timeStep,numberOfRobotsOnBlackSite,numberOfRobotsOnWhiteSite
17467,18,21
timeStep,numberOfRobotsOnBlackSite,numberOfRobotsOnWhiteSite
17468,18,21
timeStep,numberOfRobotsOnBlackSite,numberOfRobotsOnWhiteSite
17469,18,21
timeStep,numberOfRobotsOnBlackSite,numberOfRobotsOnWhiteSite
17470,18,21
timeStep,numberOfRobotsOnBlackSite,numberOfRobotsOnWhiteSite
17471,18,21
timeStep,numberOfRobotsOnBlackSite,numberOfRobotsOnWhiteSite
17472,18,21
timeStep,numberOfRobotsOnBlackSite,numberOfRobotsOnWhiteSite
17473,18,21
timeStep,numberOfRobotsOnBlackSite,numberOfRobotsOnWhiteSite
17474,18,21
timeStep,numberOfRobotsOnBlackSite,numberOfRobotsOnWhiteSite
17475,18,21
timeStep,numberOfRobotsOnBlackSite,numberOfRobotsOnWhiteSite
17476,18,21
timeStep,numberOfRobotsOnBlackSite,numberOfRobotsOnWhiteSite
17477,18,21
timeStep,numberOfRobotsOnBlackSite,numberOfRobotsOnWhiteSite
17478,18,21
timeStep,numberOfRobotsOnBlackSite,numberOfRobotsOnWhiteSite
17479,18,21
timeStep,numberOfRobotsOnBlackSite,numberOfRobotsOnWhiteSite
17480,18,21
timeStep,numberOfRobotsOnBlackSite,numberOfRobotsOnWhiteSite
17481,18,21
timeStep,numberOfRobotsOnBlackSite,numberOfRobotsOnWhiteSite
17482,18,21
timeStep,numberOfRobotsOnBlackSite,numberOfRobotsOnWhiteSite
17483,18,21
timeStep,numberOfRobotsOnBlackSite,numberOfRobotsOnWhiteSite
17484,18,21
timeStep,numberOfRobotsOnBlackSite,numberOfRobotsOnWhiteSite
17485,18,21
timeStep,numberOfRobotsOnBlackSite,numberOfRobotsOnWhiteSite
17486,18,21
timeStep,numberOfRobotsOnBlackSite,numberOfRobotsOnWhiteSite
17487,18,21
timeStep,numberOfRobotsOnBlackSite,numberOfRobotsOnWhiteSite
17488,18,21
timeStep,numberOfRobotsOnBlackSite,numberOfRobotsOnWhiteSite
17489,18,21
timeStep,numberOfRobotsOnBlackSite,numberOfRobotsOnWhiteSite
17490,18,21
timeStep,numberOfRobotsOnBlackSite,numberOfRobotsOnWhiteSite
17491,18,21
timeStep,numberOfRobotsOnBlackSite,numberOfRobotsOnWhiteSite
17492,18,21
timeStep,numberOfRobotsOnBlackSite,numberOfRobotsOnWhiteSite
17493,18,21
timeStep,numberOfRobotsOnBlackSite,numberOfRobotsOnWhiteSite
17494,18,21
timeStep,numberOfRobotsOnBlackSite,numberOfRobotsOnWhiteSite
17495,18,21
timeStep,numberOfRobotsOnBlackSite,numberOfRobotsOnWhiteSite
17496,18,21
timeStep,numberOfRobotsOnBlackSite,numberOfRobotsOnWhiteSite
17497,18,21
timeStep,numberOfRobotsOnBlackSite,numberOfRobotsOnWhiteSite
17498,18,21
timeStep,numberOfRobotsOnBlackSite,numberOfRobotsOnWhiteSite
17499,18,21
timeStep,numberOfRobotsOnBlackSite,numberOfRobotsOnWhiteSite
17500,18,22
timeStep,numberOfRobotsOnBlackSite,numberOfRobotsOnWhiteSite
17501,18,22
timeStep,numberOfRobotsOnBlackSite,numberOfRobotsOnWhiteSite
17502,18,22
timeStep,numberOfRobotsOnBlackSite,numberOfRobotsOnWhiteSite
17503,18,22
timeStep,numberOfRobotsOnBlackSite,numberOfRobotsOnWhiteSite
17504,18,22
timeStep,numberOfRobotsOnBlackSite,numberOfRobotsOnWhiteSite
17505,18,22
timeStep,numberOfRobotsOnBlackSite,numberOfRobotsOnWhiteSite
17506,18,22
timeStep,numberOfRobotsOnBlackSite,numberOfRobotsOnWhiteSite
17507,18,22
timeStep,numberOfRobotsOnBlackSite,numberOfRobotsOnWhiteSite
17508,18,22
timeStep,numberOfRobotsOnBlackSite,numberOfRobotsOnWhiteSite
17509,18,22
timeStep,numberOfRobotsOnBlackSite,numberOfRobotsOnWhiteSite
17510,18,22
timeStep,numberOfRobotsOnBlackSite,numberOfRobotsOnWhiteSite
17511,18,22
timeStep,numberOfRobotsOnBlackSite,numberOfRobotsOnWhiteSite
17512,18,22
timeStep,numberOfRobotsOnBlackSite,numberOfRobotsOnWhiteSite
17513,18,22
timeStep,numberOfRobotsOnBlackSite,numberOfRobotsOnWhiteSite
17514,18,22
timeStep,numberOfRobotsOnBlackSite,numberOfRobotsOnWhiteSite
17515,18,22
timeStep,numberOfRobotsOnBlackSite,numberOfRobotsOnWhiteSite
17516,18,22
timeStep,numberOfRobotsOnBlackSite,numberOfRobotsOnWhiteSite
17517,18,22
timeStep,numberOfRobotsOnBlackSite,numberOfRobotsOnWhiteSite
17518,18,22
timeStep,numberOfRobotsOnBlackSite,numberOfRobotsOnWhiteSite
17519,18,22
timeStep,numberOfRobotsOnBlackSite,numberOfRobotsOnWhiteSite
17520,18,22
timeStep,numberOfRobotsOnBlackSite,numberOfRobotsOnWhiteSite
17521,18,22
timeStep,numberOfRobotsOnBlackSite,numberOfRobotsOnWhiteSite
17522,18,22
timeStep,numberOfRobotsOnBlackSite,numberOfRobotsOnWhiteSite
17523,18,22
timeStep,numberOfRobotsOnBlackSite,numberOfRobotsOnWhiteSite
17524,18,22
timeStep,numberOfRobotsOnBlackSite,numberOfRobotsOnWhiteSite
17525,18,22
timeStep,numberOfRobotsOnBlackSite,numberOfRobotsOnWhiteSite
17526,18,22
timeStep,numberOfRobotsOnBlackSite,numberOfRobotsOnWhiteSite
17527,18,22
timeStep,numberOfRobotsOnBlackSite,numberOfRobotsOnWhiteSite
17528,18,22
timeStep,numberOfRobotsOnBlackSite,numberOfRobotsOnWhiteSite
17529,18,22
timeStep,numberOfRobotsOnBlackSite,numberOfRobotsOnWhiteSite
17530,18,22
timeStep,numberOfRobotsOnBlackSite,numberOfRobotsOnWhiteSite
17531,18,22
timeStep,numberOfRobotsOnBlackSite,numberOfRobotsOnWhiteSite
17532,18,22
timeStep,numberOfRobotsOnBlackSite,numberOfRobotsOnWhiteSite
17533,18,22
timeStep,numberOfRobotsOnBlackSite,numberOfRobotsOnWhiteSite
17534,18,22
timeStep,numberOfRobotsOnBlackSite,numberOfRobotsOnWhiteSite
17535,18,22
timeStep,numberOfRobotsOnBlackSite,numberOfRobotsOnWhiteSite
17536,18,22
timeStep,numberOfRobotsOnBlackSite,numberOfRobotsOnWhiteSite
17537,18,22
timeStep,numberOfRobotsOnBlackSite,numberOfRobotsOnWhiteSite
17538,18,22
timeStep,numberOfRobotsOnBlackSite,numberOfRobotsOnWhiteSite
17539,18,22
timeStep,numberOfRobotsOnBlackSite,numberOfRobotsOnWhiteSite
17540,18,21
timeStep,numberOfRobotsOnBlackSite,numberOfRobotsOnWhiteSite
17541,18,21
timeStep,numberOfRobotsOnBlackSite,numberOfRobotsOnWhiteSite
17542,18,21
timeStep,numberOfRobotsOnBlackSite,numberOfRobotsOnWhiteSite
17543,18,21
timeStep,numberOfRobotsOnBlackSite,numberOfRobotsOnWhiteSite
17544,18,21
timeStep,numberOfRobotsOnBlackSite,numberOfRobotsOnWhiteSite
17545,18,21
timeStep,numberOfRobotsOnBlackSite,numberOfRobotsOnWhiteSite
17546,18,21
timeStep,numberOfRobotsOnBlackSite,numberOfRobotsOnWhiteSite
17547,18,21
timeStep,numberOfRobotsOnBlackSite,numberOfRobotsOnWhiteSite
17548,18,21
timeStep,numberOfRobotsOnBlackSite,numberOfRobotsOnWhiteSite
17549,18,21
timeStep,numberOfRobotsOnBlackSite,numberOfRobotsOnWhiteSite
17550,18,21
timeStep,numberOfRobotsOnBlackSite,numberOfRobotsOnWhiteSite
17551,18,21
timeStep,numberOfRobotsOnBlackSite,numberOfRobotsOnWhiteSite
17552,18,21
timeStep,numberOfRobotsOnBlackSite,numberOfRobotsOnWhiteSite
17553,18,21
timeStep,numberOfRobotsOnBlackSite,numberOfRobotsOnWhiteSite
17554,18,21
timeStep,numberOfRobotsOnBlackSite,numberOfRobotsOnWhiteSite
17555,18,21
timeStep,numberOfRobotsOnBlackSite,numberOfRobotsOnWhiteSite
17556,18,21
timeStep,numberOfRobotsOnBlackSite,numberOfRobotsOnWhiteSite
17557,18,21
timeStep,numberOfRobotsOnBlackSite,numberOfRobotsOnWhiteSite
17558,18,21
timeStep,numberOfRobotsOnBlackSite,numberOfRobotsOnWhiteSite
17559,18,21
timeStep,numberOfRobotsOnBlackSite,numberOfRobotsOnWhiteSite
17560,18,21
timeStep,numberOfRobotsOnBlackSite,numberOfRobotsOnWhiteSite
17561,18,21
timeStep,numberOfRobotsOnBlackSite,numberOfRobotsOnWhiteSite
17562,18,21
timeStep,numberOfRobotsOnBlackSite,numberOfRobotsOnWhiteSite
17563,18,21
timeStep,numberOfRobotsOnBlackSite,numberOfRobotsOnWhiteSite
17564,18,21
timeStep,numberOfRobotsOnBlackSite,numberOfRobotsOnWhiteSite
17565,18,21
timeStep,numberOfRobotsOnBlackSite,numberOfRobotsOnWhiteSite
17566,18,21
timeStep,numberOfRobotsOnBlackSite,numberOfRobotsOnWhiteSite
17567,18,21
timeStep,numberOfRobotsOnBlackSite,numberOfRobotsOnWhiteSite
17568,18,21
timeStep,numberOfRobotsOnBlackSite,numberOfRobotsOnWhiteSite
17569,18,21
timeStep,numberOfRobotsOnBlackSite,numberOfRobotsOnWhiteSite
17570,18,21
timeStep,numberOfRobotsOnBlackSite,numberOfRobotsOnWhiteSite
17571,18,21
timeStep,numberOfRobotsOnBlackSite,numberOfRobotsOnWhiteSite
17572,18,21
timeStep,numberOfRobotsOnBlackSite,numberOfRobotsOnWhiteSite
17573,18,21
timeStep,numberOfRobotsOnBlackSite,numberOfRobotsOnWhiteSite
17574,18,21
timeStep,numberOfRobotsOnBlackSite,numberOfRobotsOnWhiteSite
17575,18,21
timeStep,numberOfRobotsOnBlackSite,numberOfRobotsOnWhiteSite
17576,18,21
timeStep,numberOfRobotsOnBlackSite,numberOfRobotsOnWhiteSite
17577,18,21
timeStep,numberOfRobotsOnBlackSite,numberOfRobotsOnWhiteSite
17578,18,21
timeStep,numberOfRobotsOnBlackSite,numberOfRobotsOnWhiteSite
17579,18,21
timeStep,numberOfRobotsOnBlackSite,numberOfRobotsOnWhiteSite
17580,18,21
timeStep,numberOfRobotsOnBlackSite,numberOfRobotsOnWhiteSite
17581,18,21
timeStep,numberOfRobotsOnBlackSite,numberOfRobotsOnWhiteSite
17582,18,21
timeStep,numberOfRobotsOnBlackSite,numberOfRobotsOnWhiteSite
17583,18,21
timeStep,numberOfRobotsOnBlackSite,numberOfRobotsOnWhiteSite
17584,18,21
timeStep,numberOfRobotsOnBlackSite,numberOfRobotsOnWhiteSite
17585,18,21
timeStep,numberOfRobotsOnBlackSite,numberOfRobotsOnWhiteSite
17586,18,21
timeStep,numberOfRobotsOnBlackSite,numberOfRobotsOnWhiteSite
17587,18,21
timeStep,numberOfRobotsOnBlackSite,numberOfRobotsOnWhiteSite
17588,18,21
timeStep,numberOfRobotsOnBlackSite,numberOfRobotsOnWhiteSite
17589,18,21
timeStep,numberOfRobotsOnBlackSite,numberOfRobotsOnWhiteSite
17590,18,21
timeStep,numberOfRobotsOnBlackSite,numberOfRobotsOnWhiteSite
17591,18,21
timeStep,numberOfRobotsOnBlackSite,numberOfRobotsOnWhiteSite
17592,18,21
timeStep,numberOfRobotsOnBlackSite,numberOfRobotsOnWhiteSite
17593,18,21
timeStep,numberOfRobotsOnBlackSite,numberOfRobotsOnWhiteSite
17594,18,21
timeStep,numberOfRobotsOnBlackSite,numberOfRobotsOnWhiteSite
17595,18,21
timeStep,numberOfRobotsOnBlackSite,numberOfRobotsOnWhiteSite
17596,18,21
timeStep,numberOfRobotsOnBlackSite,numberOfRobotsOnWhiteSite
17597,18,21
timeStep,numberOfRobotsOnBlackSite,numberOfRobotsOnWhiteSite
17598,18,21
timeStep,numberOfRobotsOnBlackSite,numberOfRobotsOnWhiteSite
17599,18,21
timeStep,numberOfRobotsOnBlackSite,numberOfRobotsOnWhiteSite
17600,18,21
timeStep,numberOfRobotsOnBlackSite,numberOfRobotsOnWhiteSite
17601,18,21
timeStep,numberOfRobotsOnBlackSite,numberOfRobotsOnWhiteSite
17602,18,21
timeStep,numberOfRobotsOnBlackSite,numberOfRobotsOnWhiteSite
17603,18,21
timeStep,numberOfRobotsOnBlackSite,numberOfRobotsOnWhiteSite
17604,18,21
timeStep,numberOfRobotsOnBlackSite,numberOfRobotsOnWhiteSite
17605,18,22
timeStep,numberOfRobotsOnBlackSite,numberOfRobotsOnWhiteSite
17606,18,22
timeStep,numberOfRobotsOnBlackSite,numberOfRobotsOnWhiteSite
17607,18,22
timeStep,numberOfRobotsOnBlackSite,numberOfRobotsOnWhiteSite
17608,18,22
timeStep,numberOfRobotsOnBlackSite,numberOfRobotsOnWhiteSite
17609,18,22
timeStep,numberOfRobotsOnBlackSite,numberOfRobotsOnWhiteSite
17610,18,22
timeStep,numberOfRobotsOnBlackSite,numberOfRobotsOnWhiteSite
17611,18,22
timeStep,numberOfRobotsOnBlackSite,numberOfRobotsOnWhiteSite
17612,18,22
timeStep,numberOfRobotsOnBlackSite,numberOfRobotsOnWhiteSite
17613,18,22
timeStep,numberOfRobotsOnBlackSite,numberOfRobotsOnWhiteSite
17614,18,22
timeStep,numberOfRobotsOnBlackSite,numberOfRobotsOnWhiteSite
17615,18,22
timeStep,numberOfRobotsOnBlackSite,numberOfRobotsOnWhiteSite
17616,18,22
timeStep,numberOfRobotsOnBlackSite,numberOfRobotsOnWhiteSite
17617,18,22
timeStep,numberOfRobotsOnBlackSite,numberOfRobotsOnWhiteSite
17618,18,22
timeStep,numberOfRobotsOnBlackSite,numberOfRobotsOnWhiteSite
17619,18,22
timeStep,numberOfRobotsOnBlackSite,numberOfRobotsOnWhiteSite
17620,18,22
timeStep,numberOfRobotsOnBlackSite,numberOfRobotsOnWhiteSite
17621,18,22
timeStep,numberOfRobotsOnBlackSite,numberOfRobotsOnWhiteSite
17622,18,22
timeStep,numberOfRobotsOnBlackSite,numberOfRobotsOnWhiteSite
17623,18,22
timeStep,numberOfRobotsOnBlackSite,numberOfRobotsOnWhiteSite
17624,18,22
timeStep,numberOfRobotsOnBlackSite,numberOfRobotsOnWhiteSite
17625,18,22
timeStep,numberOfRobotsOnBlackSite,numberOfRobotsOnWhiteSite
17626,18,22
timeStep,numberOfRobotsOnBlackSite,numberOfRobotsOnWhiteSite
17627,18,22
timeStep,numberOfRobotsOnBlackSite,numberOfRobotsOnWhiteSite
17628,18,22
timeStep,numberOfRobotsOnBlackSite,numberOfRobotsOnWhiteSite
17629,18,22
timeStep,numberOfRobotsOnBlackSite,numberOfRobotsOnWhiteSite
17630,18,22
timeStep,numberOfRobotsOnBlackSite,numberOfRobotsOnWhiteSite
17631,18,22
timeStep,numberOfRobotsOnBlackSite,numberOfRobotsOnWhiteSite
17632,18,22
timeStep,numberOfRobotsOnBlackSite,numberOfRobotsOnWhiteSite
17633,18,22
timeStep,numberOfRobotsOnBlackSite,numberOfRobotsOnWhiteSite
17634,18,22
timeStep,numberOfRobotsOnBlackSite,numberOfRobotsOnWhiteSite
17635,18,22
timeStep,numberOfRobotsOnBlackSite,numberOfRobotsOnWhiteSite
17636,18,22
timeStep,numberOfRobotsOnBlackSite,numberOfRobotsOnWhiteSite
17637,18,22
timeStep,numberOfRobotsOnBlackSite,numberOfRobotsOnWhiteSite
17638,18,22
timeStep,numberOfRobotsOnBlackSite,numberOfRobotsOnWhiteSite
17639,18,22
timeStep,numberOfRobotsOnBlackSite,numberOfRobotsOnWhiteSite
17640,18,22
timeStep,numberOfRobotsOnBlackSite,numberOfRobotsOnWhiteSite
17641,18,22
timeStep,numberOfRobotsOnBlackSite,numberOfRobotsOnWhiteSite
17642,18,22
timeStep,numberOfRobotsOnBlackSite,numberOfRobotsOnWhiteSite
17643,18,22
timeStep,numberOfRobotsOnBlackSite,numberOfRobotsOnWhiteSite
17644,18,22
timeStep,numberOfRobotsOnBlackSite,numberOfRobotsOnWhiteSite
17645,18,22
timeStep,numberOfRobotsOnBlackSite,numberOfRobotsOnWhiteSite
17646,18,22
timeStep,numberOfRobotsOnBlackSite,numberOfRobotsOnWhiteSite
17647,18,22
timeStep,numberOfRobotsOnBlackSite,numberOfRobotsOnWhiteSite
17648,18,22
timeStep,numberOfRobotsOnBlackSite,numberOfRobotsOnWhiteSite
17649,18,22
timeStep,numberOfRobotsOnBlackSite,numberOfRobotsOnWhiteSite
17650,18,22
timeStep,numberOfRobotsOnBlackSite,numberOfRobotsOnWhiteSite
17651,18,22
timeStep,numberOfRobotsOnBlackSite,numberOfRobotsOnWhiteSite
17652,18,22
timeStep,numberOfRobotsOnBlackSite,numberOfRobotsOnWhiteSite
17653,18,22
timeStep,numberOfRobotsOnBlackSite,numberOfRobotsOnWhiteSite
17654,18,22
timeStep,numberOfRobotsOnBlackSite,numberOfRobotsOnWhiteSite
17655,18,22
timeStep,numberOfRobotsOnBlackSite,numberOfRobotsOnWhiteSite
17656,18,22
timeStep,numberOfRobotsOnBlackSite,numberOfRobotsOnWhiteSite
17657,18,22
timeStep,numberOfRobotsOnBlackSite,numberOfRobotsOnWhiteSite
17658,18,22
timeStep,numberOfRobotsOnBlackSite,numberOfRobotsOnWhiteSite
17659,18,22
timeStep,numberOfRobotsOnBlackSite,numberOfRobotsOnWhiteSite
17660,18,22
timeStep,numberOfRobotsOnBlackSite,numberOfRobotsOnWhiteSite
17661,18,22
timeStep,numberOfRobotsOnBlackSite,numberOfRobotsOnWhiteSite
17662,18,22
timeStep,numberOfRobotsOnBlackSite,numberOfRobotsOnWhiteSite
17663,18,22
timeStep,numberOfRobotsOnBlackSite,numberOfRobotsOnWhiteSite
17664,18,22
timeStep,numberOfRobotsOnBlackSite,numberOfRobotsOnWhiteSite
17665,18,22
timeStep,numberOfRobotsOnBlackSite,numberOfRobotsOnWhiteSite
17666,18,22
timeStep,numberOfRobotsOnBlackSite,numberOfRobotsOnWhiteSite
17667,18,22
timeStep,numberOfRobotsOnBlackSite,numberOfRobotsOnWhiteSite
17668,18,22
timeStep,numberOfRobotsOnBlackSite,numberOfRobotsOnWhiteSite
17669,18,22
timeStep,numberOfRobotsOnBlackSite,numberOfRobotsOnWhiteSite
17670,18,22
timeStep,numberOfRobotsOnBlackSite,numberOfRobotsOnWhiteSite
17671,18,22
timeStep,numberOfRobotsOnBlackSite,numberOfRobotsOnWhiteSite
17672,18,22
timeStep,numberOfRobotsOnBlackSite,numberOfRobotsOnWhiteSite
17673,18,22
timeStep,numberOfRobotsOnBlackSite,numberOfRobotsOnWhiteSite
17674,18,22
timeStep,numberOfRobotsOnBlackSite,numberOfRobotsOnWhiteSite
17675,18,22
timeStep,numberOfRobotsOnBlackSite,numberOfRobotsOnWhiteSite
17676,18,22
timeStep,numberOfRobotsOnBlackSite,numberOfRobotsOnWhiteSite
17677,18,22
timeStep,numberOfRobotsOnBlackSite,numberOfRobotsOnWhiteSite
17678,18,22
timeStep,numberOfRobotsOnBlackSite,numberOfRobotsOnWhiteSite
17679,18,22
timeStep,numberOfRobotsOnBlackSite,numberOfRobotsOnWhiteSite
17680,18,22
timeStep,numberOfRobotsOnBlackSite,numberOfRobotsOnWhiteSite
17681,18,22
timeStep,numberOfRobotsOnBlackSite,numberOfRobotsOnWhiteSite
17682,18,22
timeStep,numberOfRobotsOnBlackSite,numberOfRobotsOnWhiteSite
17683,18,22
timeStep,numberOfRobotsOnBlackSite,numberOfRobotsOnWhiteSite
17684,18,22
timeStep,numberOfRobotsOnBlackSite,numberOfRobotsOnWhiteSite
17685,18,22
timeStep,numberOfRobotsOnBlackSite,numberOfRobotsOnWhiteSite
17686,18,22
timeStep,numberOfRobotsOnBlackSite,numberOfRobotsOnWhiteSite
17687,18,22
timeStep,numberOfRobotsOnBlackSite,numberOfRobotsOnWhiteSite
17688,18,22
timeStep,numberOfRobotsOnBlackSite,numberOfRobotsOnWhiteSite
17689,18,22
timeStep,numberOfRobotsOnBlackSite,numberOfRobotsOnWhiteSite
17690,18,22
timeStep,numberOfRobotsOnBlackSite,numberOfRobotsOnWhiteSite
17691,18,22
timeStep,numberOfRobotsOnBlackSite,numberOfRobotsOnWhiteSite
17692,18,22
timeStep,numberOfRobotsOnBlackSite,numberOfRobotsOnWhiteSite
17693,18,22
timeStep,numberOfRobotsOnBlackSite,numberOfRobotsOnWhiteSite
17694,18,22
timeStep,numberOfRobotsOnBlackSite,numberOfRobotsOnWhiteSite
17695,18,22
timeStep,numberOfRobotsOnBlackSite,numberOfRobotsOnWhiteSite
17696,18,22
timeStep,numberOfRobotsOnBlackSite,numberOfRobotsOnWhiteSite
17697,18,22
timeStep,numberOfRobotsOnBlackSite,numberOfRobotsOnWhiteSite
17698,18,22
timeStep,numberOfRobotsOnBlackSite,numberOfRobotsOnWhiteSite
17699,18,22
timeStep,numberOfRobotsOnBlackSite,numberOfRobotsOnWhiteSite
17700,18,22
timeStep,numberOfRobotsOnBlackSite,numberOfRobotsOnWhiteSite
17701,18,22
timeStep,numberOfRobotsOnBlackSite,numberOfRobotsOnWhiteSite
17702,18,22
timeStep,numberOfRobotsOnBlackSite,numberOfRobotsOnWhiteSite
17703,18,22
timeStep,numberOfRobotsOnBlackSite,numberOfRobotsOnWhiteSite
17704,18,22
timeStep,numberOfRobotsOnBlackSite,numberOfRobotsOnWhiteSite
17705,18,22
timeStep,numberOfRobotsOnBlackSite,numberOfRobotsOnWhiteSite
17706,18,22
timeStep,numberOfRobotsOnBlackSite,numberOfRobotsOnWhiteSite
17707,18,22
timeStep,numberOfRobotsOnBlackSite,numberOfRobotsOnWhiteSite
17708,18,22
timeStep,numberOfRobotsOnBlackSite,numberOfRobotsOnWhiteSite
17709,18,22
timeStep,numberOfRobotsOnBlackSite,numberOfRobotsOnWhiteSite
17710,18,22
timeStep,numberOfRobotsOnBlackSite,numberOfRobotsOnWhiteSite
17711,18,22
timeStep,numberOfRobotsOnBlackSite,numberOfRobotsOnWhiteSite
17712,18,22
timeStep,numberOfRobotsOnBlackSite,numberOfRobotsOnWhiteSite
17713,18,22
timeStep,numberOfRobotsOnBlackSite,numberOfRobotsOnWhiteSite
17714,18,22
timeStep,numberOfRobotsOnBlackSite,numberOfRobotsOnWhiteSite
17715,18,22
timeStep,numberOfRobotsOnBlackSite,numberOfRobotsOnWhiteSite
17716,18,22
timeStep,numberOfRobotsOnBlackSite,numberOfRobotsOnWhiteSite
17717,18,22
timeStep,numberOfRobotsOnBlackSite,numberOfRobotsOnWhiteSite
17718,18,22
timeStep,numberOfRobotsOnBlackSite,numberOfRobotsOnWhiteSite
17719,18,22
timeStep,numberOfRobotsOnBlackSite,numberOfRobotsOnWhiteSite
17720,18,22
timeStep,numberOfRobotsOnBlackSite,numberOfRobotsOnWhiteSite
17721,18,22
timeStep,numberOfRobotsOnBlackSite,numberOfRobotsOnWhiteSite
17722,18,22
timeStep,numberOfRobotsOnBlackSite,numberOfRobotsOnWhiteSite
17723,18,22
timeStep,numberOfRobotsOnBlackSite,numberOfRobotsOnWhiteSite
17724,18,22
timeStep,numberOfRobotsOnBlackSite,numberOfRobotsOnWhiteSite
17725,18,22
timeStep,numberOfRobotsOnBlackSite,numberOfRobotsOnWhiteSite
17726,18,22
timeStep,numberOfRobotsOnBlackSite,numberOfRobotsOnWhiteSite
17727,18,22
timeStep,numberOfRobotsOnBlackSite,numberOfRobotsOnWhiteSite
17728,18,22
timeStep,numberOfRobotsOnBlackSite,numberOfRobotsOnWhiteSite
17729,18,22
timeStep,numberOfRobotsOnBlackSite,numberOfRobotsOnWhiteSite
17730,18,22
timeStep,numberOfRobotsOnBlackSite,numberOfRobotsOnWhiteSite
17731,18,22
timeStep,numberOfRobotsOnBlackSite,numberOfRobotsOnWhiteSite
17732,18,22
timeStep,numberOfRobotsOnBlackSite,numberOfRobotsOnWhiteSite
17733,18,22
timeStep,numberOfRobotsOnBlackSite,numberOfRobotsOnWhiteSite
17734,18,22
timeStep,numberOfRobotsOnBlackSite,numberOfRobotsOnWhiteSite
17735,18,22
timeStep,numberOfRobotsOnBlackSite,numberOfRobotsOnWhiteSite
17736,18,22
timeStep,numberOfRobotsOnBlackSite,numberOfRobotsOnWhiteSite
17737,18,22
timeStep,numberOfRobotsOnBlackSite,numberOfRobotsOnWhiteSite
17738,18,22
timeStep,numberOfRobotsOnBlackSite,numberOfRobotsOnWhiteSite
17739,18,22
timeStep,numberOfRobotsOnBlackSite,numberOfRobotsOnWhiteSite
17740,18,22
timeStep,numberOfRobotsOnBlackSite,numberOfRobotsOnWhiteSite
17741,18,22
timeStep,numberOfRobotsOnBlackSite,numberOfRobotsOnWhiteSite
17742,18,22
timeStep,numberOfRobotsOnBlackSite,numberOfRobotsOnWhiteSite
17743,18,22
timeStep,numberOfRobotsOnBlackSite,numberOfRobotsOnWhiteSite
17744,18,22
timeStep,numberOfRobotsOnBlackSite,numberOfRobotsOnWhiteSite
17745,18,22
timeStep,numberOfRobotsOnBlackSite,numberOfRobotsOnWhiteSite
17746,18,22
timeStep,numberOfRobotsOnBlackSite,numberOfRobotsOnWhiteSite
17747,18,22
timeStep,numberOfRobotsOnBlackSite,numberOfRobotsOnWhiteSite
17748,18,22
timeStep,numberOfRobotsOnBlackSite,numberOfRobotsOnWhiteSite
17749,18,22
timeStep,numberOfRobotsOnBlackSite,numberOfRobotsOnWhiteSite
17750,18,22
timeStep,numberOfRobotsOnBlackSite,numberOfRobotsOnWhiteSite
17751,18,22
timeStep,numberOfRobotsOnBlackSite,numberOfRobotsOnWhiteSite
17752,18,22
timeStep,numberOfRobotsOnBlackSite,numberOfRobotsOnWhiteSite
17753,18,22
timeStep,numberOfRobotsOnBlackSite,numberOfRobotsOnWhiteSite
17754,18,22
timeStep,numberOfRobotsOnBlackSite,numberOfRobotsOnWhiteSite
17755,18,22
timeStep,numberOfRobotsOnBlackSite,numberOfRobotsOnWhiteSite
17756,18,22
timeStep,numberOfRobotsOnBlackSite,numberOfRobotsOnWhiteSite
17757,18,22
timeStep,numberOfRobotsOnBlackSite,numberOfRobotsOnWhiteSite
17758,18,22
timeStep,numberOfRobotsOnBlackSite,numberOfRobotsOnWhiteSite
17759,18,22
timeStep,numberOfRobotsOnBlackSite,numberOfRobotsOnWhiteSite
17760,18,21
timeStep,numberOfRobotsOnBlackSite,numberOfRobotsOnWhiteSite
17761,18,21
timeStep,numberOfRobotsOnBlackSite,numberOfRobotsOnWhiteSite
17762,18,21
timeStep,numberOfRobotsOnBlackSite,numberOfRobotsOnWhiteSite
17763,18,21
timeStep,numberOfRobotsOnBlackSite,numberOfRobotsOnWhiteSite
17764,18,21
timeStep,numberOfRobotsOnBlackSite,numberOfRobotsOnWhiteSite
17765,18,21
timeStep,numberOfRobotsOnBlackSite,numberOfRobotsOnWhiteSite
17766,18,21
timeStep,numberOfRobotsOnBlackSite,numberOfRobotsOnWhiteSite
17767,18,21
timeStep,numberOfRobotsOnBlackSite,numberOfRobotsOnWhiteSite
17768,18,21
timeStep,numberOfRobotsOnBlackSite,numberOfRobotsOnWhiteSite
17769,18,21
timeStep,numberOfRobotsOnBlackSite,numberOfRobotsOnWhiteSite
17770,18,21
timeStep,numberOfRobotsOnBlackSite,numberOfRobotsOnWhiteSite
17771,18,21
timeStep,numberOfRobotsOnBlackSite,numberOfRobotsOnWhiteSite
17772,18,21
timeStep,numberOfRobotsOnBlackSite,numberOfRobotsOnWhiteSite
17773,18,21
timeStep,numberOfRobotsOnBlackSite,numberOfRobotsOnWhiteSite
17774,18,21
timeStep,numberOfRobotsOnBlackSite,numberOfRobotsOnWhiteSite
17775,18,21
timeStep,numberOfRobotsOnBlackSite,numberOfRobotsOnWhiteSite
17776,18,21
timeStep,numberOfRobotsOnBlackSite,numberOfRobotsOnWhiteSite
17777,18,21
timeStep,numberOfRobotsOnBlackSite,numberOfRobotsOnWhiteSite
17778,18,21
timeStep,numberOfRobotsOnBlackSite,numberOfRobotsOnWhiteSite
17779,18,21
timeStep,numberOfRobotsOnBlackSite,numberOfRobotsOnWhiteSite
17780,18,21
timeStep,numberOfRobotsOnBlackSite,numberOfRobotsOnWhiteSite
17781,18,21
timeStep,numberOfRobotsOnBlackSite,numberOfRobotsOnWhiteSite
17782,18,21
timeStep,numberOfRobotsOnBlackSite,numberOfRobotsOnWhiteSite
17783,18,21
timeStep,numberOfRobotsOnBlackSite,numberOfRobotsOnWhiteSite
17784,18,21
timeStep,numberOfRobotsOnBlackSite,numberOfRobotsOnWhiteSite
17785,19,21
timeStep,numberOfRobotsOnBlackSite,numberOfRobotsOnWhiteSite
17786,19,21
timeStep,numberOfRobotsOnBlackSite,numberOfRobotsOnWhiteSite
17787,19,21
timeStep,numberOfRobotsOnBlackSite,numberOfRobotsOnWhiteSite
17788,19,21
timeStep,numberOfRobotsOnBlackSite,numberOfRobotsOnWhiteSite
17789,19,21
timeStep,numberOfRobotsOnBlackSite,numberOfRobotsOnWhiteSite
17790,19,21
timeStep,numberOfRobotsOnBlackSite,numberOfRobotsOnWhiteSite
17791,19,21
timeStep,numberOfRobotsOnBlackSite,numberOfRobotsOnWhiteSite
17792,19,21
timeStep,numberOfRobotsOnBlackSite,numberOfRobotsOnWhiteSite
17793,19,21
timeStep,numberOfRobotsOnBlackSite,numberOfRobotsOnWhiteSite
17794,19,21
timeStep,numberOfRobotsOnBlackSite,numberOfRobotsOnWhiteSite
17795,19,21
timeStep,numberOfRobotsOnBlackSite,numberOfRobotsOnWhiteSite
17796,19,21
timeStep,numberOfRobotsOnBlackSite,numberOfRobotsOnWhiteSite
17797,19,21
timeStep,numberOfRobotsOnBlackSite,numberOfRobotsOnWhiteSite
17798,19,21
timeStep,numberOfRobotsOnBlackSite,numberOfRobotsOnWhiteSite
17799,19,21
timeStep,numberOfRobotsOnBlackSite,numberOfRobotsOnWhiteSite
17800,18,21
timeStep,numberOfRobotsOnBlackSite,numberOfRobotsOnWhiteSite
17801,18,21
timeStep,numberOfRobotsOnBlackSite,numberOfRobotsOnWhiteSite
17802,18,21
timeStep,numberOfRobotsOnBlackSite,numberOfRobotsOnWhiteSite
17803,18,21
timeStep,numberOfRobotsOnBlackSite,numberOfRobotsOnWhiteSite
17804,18,21
timeStep,numberOfRobotsOnBlackSite,numberOfRobotsOnWhiteSite
17805,18,21
timeStep,numberOfRobotsOnBlackSite,numberOfRobotsOnWhiteSite
17806,18,21
timeStep,numberOfRobotsOnBlackSite,numberOfRobotsOnWhiteSite
17807,18,21
timeStep,numberOfRobotsOnBlackSite,numberOfRobotsOnWhiteSite
17808,18,21
timeStep,numberOfRobotsOnBlackSite,numberOfRobotsOnWhiteSite
17809,18,21
timeStep,numberOfRobotsOnBlackSite,numberOfRobotsOnWhiteSite
17810,18,21
timeStep,numberOfRobotsOnBlackSite,numberOfRobotsOnWhiteSite
17811,18,21
timeStep,numberOfRobotsOnBlackSite,numberOfRobotsOnWhiteSite
17812,18,21
timeStep,numberOfRobotsOnBlackSite,numberOfRobotsOnWhiteSite
17813,18,21
timeStep,numberOfRobotsOnBlackSite,numberOfRobotsOnWhiteSite
17814,18,21
timeStep,numberOfRobotsOnBlackSite,numberOfRobotsOnWhiteSite
17815,18,21
timeStep,numberOfRobotsOnBlackSite,numberOfRobotsOnWhiteSite
17816,18,21
timeStep,numberOfRobotsOnBlackSite,numberOfRobotsOnWhiteSite
17817,18,21
timeStep,numberOfRobotsOnBlackSite,numberOfRobotsOnWhiteSite
17818,18,21
timeStep,numberOfRobotsOnBlackSite,numberOfRobotsOnWhiteSite
17819,18,21
timeStep,numberOfRobotsOnBlackSite,numberOfRobotsOnWhiteSite
17820,18,21
timeStep,numberOfRobotsOnBlackSite,numberOfRobotsOnWhiteSite
17821,18,21
timeStep,numberOfRobotsOnBlackSite,numberOfRobotsOnWhiteSite
17822,18,21
timeStep,numberOfRobotsOnBlackSite,numberOfRobotsOnWhiteSite
17823,18,21
timeStep,numberOfRobotsOnBlackSite,numberOfRobotsOnWhiteSite
17824,18,21
timeStep,numberOfRobotsOnBlackSite,numberOfRobotsOnWhiteSite
17825,18,22
timeStep,numberOfRobotsOnBlackSite,numberOfRobotsOnWhiteSite
17826,18,22
timeStep,numberOfRobotsOnBlackSite,numberOfRobotsOnWhiteSite
17827,18,22
timeStep,numberOfRobotsOnBlackSite,numberOfRobotsOnWhiteSite
17828,18,22
timeStep,numberOfRobotsOnBlackSite,numberOfRobotsOnWhiteSite
17829,18,22
timeStep,numberOfRobotsOnBlackSite,numberOfRobotsOnWhiteSite
17830,18,22
timeStep,numberOfRobotsOnBlackSite,numberOfRobotsOnWhiteSite
17831,18,22
timeStep,numberOfRobotsOnBlackSite,numberOfRobotsOnWhiteSite
17832,18,22
timeStep,numberOfRobotsOnBlackSite,numberOfRobotsOnWhiteSite
17833,18,22
timeStep,numberOfRobotsOnBlackSite,numberOfRobotsOnWhiteSite
17834,18,22
timeStep,numberOfRobotsOnBlackSite,numberOfRobotsOnWhiteSite
17835,18,22
timeStep,numberOfRobotsOnBlackSite,numberOfRobotsOnWhiteSite
17836,18,22
timeStep,numberOfRobotsOnBlackSite,numberOfRobotsOnWhiteSite
17837,18,22
timeStep,numberOfRobotsOnBlackSite,numberOfRobotsOnWhiteSite
17838,18,22
timeStep,numberOfRobotsOnBlackSite,numberOfRobotsOnWhiteSite
17839,18,22
timeStep,numberOfRobotsOnBlackSite,numberOfRobotsOnWhiteSite
17840,18,22
timeStep,numberOfRobotsOnBlackSite,numberOfRobotsOnWhiteSite
17841,18,22
timeStep,numberOfRobotsOnBlackSite,numberOfRobotsOnWhiteSite
17842,18,22
timeStep,numberOfRobotsOnBlackSite,numberOfRobotsOnWhiteSite
17843,18,22
timeStep,numberOfRobotsOnBlackSite,numberOfRobotsOnWhiteSite
17844,18,22
timeStep,numberOfRobotsOnBlackSite,numberOfRobotsOnWhiteSite
17845,18,22
timeStep,numberOfRobotsOnBlackSite,numberOfRobotsOnWhiteSite
17846,18,22
timeStep,numberOfRobotsOnBlackSite,numberOfRobotsOnWhiteSite
17847,18,22
timeStep,numberOfRobotsOnBlackSite,numberOfRobotsOnWhiteSite
17848,18,22
timeStep,numberOfRobotsOnBlackSite,numberOfRobotsOnWhiteSite
17849,18,22
timeStep,numberOfRobotsOnBlackSite,numberOfRobotsOnWhiteSite
17850,18,22
timeStep,numberOfRobotsOnBlackSite,numberOfRobotsOnWhiteSite
17851,18,22
timeStep,numberOfRobotsOnBlackSite,numberOfRobotsOnWhiteSite
17852,18,22
timeStep,numberOfRobotsOnBlackSite,numberOfRobotsOnWhiteSite
17853,18,22
timeStep,numberOfRobotsOnBlackSite,numberOfRobotsOnWhiteSite
17854,18,22
timeStep,numberOfRobotsOnBlackSite,numberOfRobotsOnWhiteSite
17855,18,22
timeStep,numberOfRobotsOnBlackSite,numberOfRobotsOnWhiteSite
17856,18,22
timeStep,numberOfRobotsOnBlackSite,numberOfRobotsOnWhiteSite
17857,18,22
timeStep,numberOfRobotsOnBlackSite,numberOfRobotsOnWhiteSite
17858,18,22
timeStep,numberOfRobotsOnBlackSite,numberOfRobotsOnWhiteSite
17859,18,22
timeStep,numberOfRobotsOnBlackSite,numberOfRobotsOnWhiteSite
17860,18,22
timeStep,numberOfRobotsOnBlackSite,numberOfRobotsOnWhiteSite
17861,18,22
timeStep,numberOfRobotsOnBlackSite,numberOfRobotsOnWhiteSite
17862,18,22
timeStep,numberOfRobotsOnBlackSite,numberOfRobotsOnWhiteSite
17863,18,22
timeStep,numberOfRobotsOnBlackSite,numberOfRobotsOnWhiteSite
17864,18,22
timeStep,numberOfRobotsOnBlackSite,numberOfRobotsOnWhiteSite
17865,18,22
timeStep,numberOfRobotsOnBlackSite,numberOfRobotsOnWhiteSite
17866,18,22
timeStep,numberOfRobotsOnBlackSite,numberOfRobotsOnWhiteSite
17867,18,22
timeStep,numberOfRobotsOnBlackSite,numberOfRobotsOnWhiteSite
17868,18,22
timeStep,numberOfRobotsOnBlackSite,numberOfRobotsOnWhiteSite
17869,18,22
timeStep,numberOfRobotsOnBlackSite,numberOfRobotsOnWhiteSite
17870,18,23
timeStep,numberOfRobotsOnBlackSite,numberOfRobotsOnWhiteSite
17871,18,23
timeStep,numberOfRobotsOnBlackSite,numberOfRobotsOnWhiteSite
17872,18,23
timeStep,numberOfRobotsOnBlackSite,numberOfRobotsOnWhiteSite
17873,18,23
timeStep,numberOfRobotsOnBlackSite,numberOfRobotsOnWhiteSite
17874,18,23
timeStep,numberOfRobotsOnBlackSite,numberOfRobotsOnWhiteSite
17875,18,23
timeStep,numberOfRobotsOnBlackSite,numberOfRobotsOnWhiteSite
17876,18,23
timeStep,numberOfRobotsOnBlackSite,numberOfRobotsOnWhiteSite
17877,18,23
timeStep,numberOfRobotsOnBlackSite,numberOfRobotsOnWhiteSite
17878,18,23
timeStep,numberOfRobotsOnBlackSite,numberOfRobotsOnWhiteSite
17879,18,23
timeStep,numberOfRobotsOnBlackSite,numberOfRobotsOnWhiteSite
17880,18,23
timeStep,numberOfRobotsOnBlackSite,numberOfRobotsOnWhiteSite
17881,18,23
timeStep,numberOfRobotsOnBlackSite,numberOfRobotsOnWhiteSite
17882,18,23
timeStep,numberOfRobotsOnBlackSite,numberOfRobotsOnWhiteSite
17883,18,23
timeStep,numberOfRobotsOnBlackSite,numberOfRobotsOnWhiteSite
17884,18,23
timeStep,numberOfRobotsOnBlackSite,numberOfRobotsOnWhiteSite
17885,17,23
timeStep,numberOfRobotsOnBlackSite,numberOfRobotsOnWhiteSite
17886,17,23
timeStep,numberOfRobotsOnBlackSite,numberOfRobotsOnWhiteSite
17887,17,23
timeStep,numberOfRobotsOnBlackSite,numberOfRobotsOnWhiteSite
17888,17,23
timeStep,numberOfRobotsOnBlackSite,numberOfRobotsOnWhiteSite
17889,17,23
timeStep,numberOfRobotsOnBlackSite,numberOfRobotsOnWhiteSite
17890,17,23
timeStep,numberOfRobotsOnBlackSite,numberOfRobotsOnWhiteSite
17891,17,23
timeStep,numberOfRobotsOnBlackSite,numberOfRobotsOnWhiteSite
17892,17,23
timeStep,numberOfRobotsOnBlackSite,numberOfRobotsOnWhiteSite
17893,17,23
timeStep,numberOfRobotsOnBlackSite,numberOfRobotsOnWhiteSite
17894,17,23
timeStep,numberOfRobotsOnBlackSite,numberOfRobotsOnWhiteSite
17895,17,23
timeStep,numberOfRobotsOnBlackSite,numberOfRobotsOnWhiteSite
17896,17,23
timeStep,numberOfRobotsOnBlackSite,numberOfRobotsOnWhiteSite
17897,17,23
timeStep,numberOfRobotsOnBlackSite,numberOfRobotsOnWhiteSite
17898,17,23
timeStep,numberOfRobotsOnBlackSite,numberOfRobotsOnWhiteSite
17899,17,23
timeStep,numberOfRobotsOnBlackSite,numberOfRobotsOnWhiteSite
17900,17,23
timeStep,numberOfRobotsOnBlackSite,numberOfRobotsOnWhiteSite
17901,17,23
timeStep,numberOfRobotsOnBlackSite,numberOfRobotsOnWhiteSite
17902,17,23
timeStep,numberOfRobotsOnBlackSite,numberOfRobotsOnWhiteSite
17903,17,23
timeStep,numberOfRobotsOnBlackSite,numberOfRobotsOnWhiteSite
17904,17,23
timeStep,numberOfRobotsOnBlackSite,numberOfRobotsOnWhiteSite
17905,17,23
timeStep,numberOfRobotsOnBlackSite,numberOfRobotsOnWhiteSite
17906,17,23
timeStep,numberOfRobotsOnBlackSite,numberOfRobotsOnWhiteSite
17907,17,23
timeStep,numberOfRobotsOnBlackSite,numberOfRobotsOnWhiteSite
17908,17,23
timeStep,numberOfRobotsOnBlackSite,numberOfRobotsOnWhiteSite
17909,17,23
timeStep,numberOfRobotsOnBlackSite,numberOfRobotsOnWhiteSite
17910,18,23
timeStep,numberOfRobotsOnBlackSite,numberOfRobotsOnWhiteSite
17911,18,23
timeStep,numberOfRobotsOnBlackSite,numberOfRobotsOnWhiteSite
17912,18,23
timeStep,numberOfRobotsOnBlackSite,numberOfRobotsOnWhiteSite
17913,18,23
timeStep,numberOfRobotsOnBlackSite,numberOfRobotsOnWhiteSite
17914,18,23
timeStep,numberOfRobotsOnBlackSite,numberOfRobotsOnWhiteSite
17915,18,23
timeStep,numberOfRobotsOnBlackSite,numberOfRobotsOnWhiteSite
17916,18,23
timeStep,numberOfRobotsOnBlackSite,numberOfRobotsOnWhiteSite
17917,18,23
timeStep,numberOfRobotsOnBlackSite,numberOfRobotsOnWhiteSite
17918,18,23
timeStep,numberOfRobotsOnBlackSite,numberOfRobotsOnWhiteSite
17919,18,23
timeStep,numberOfRobotsOnBlackSite,numberOfRobotsOnWhiteSite
17920,19,23
timeStep,numberOfRobotsOnBlackSite,numberOfRobotsOnWhiteSite
17921,19,23
timeStep,numberOfRobotsOnBlackSite,numberOfRobotsOnWhiteSite
17922,19,23
timeStep,numberOfRobotsOnBlackSite,numberOfRobotsOnWhiteSite
17923,19,23
timeStep,numberOfRobotsOnBlackSite,numberOfRobotsOnWhiteSite
17924,19,23
timeStep,numberOfRobotsOnBlackSite,numberOfRobotsOnWhiteSite
17925,19,23
timeStep,numberOfRobotsOnBlackSite,numberOfRobotsOnWhiteSite
17926,19,23
timeStep,numberOfRobotsOnBlackSite,numberOfRobotsOnWhiteSite
17927,19,23
timeStep,numberOfRobotsOnBlackSite,numberOfRobotsOnWhiteSite
17928,19,23
timeStep,numberOfRobotsOnBlackSite,numberOfRobotsOnWhiteSite
17929,19,23
timeStep,numberOfRobotsOnBlackSite,numberOfRobotsOnWhiteSite
17930,19,24
timeStep,numberOfRobotsOnBlackSite,numberOfRobotsOnWhiteSite
17931,19,24
timeStep,numberOfRobotsOnBlackSite,numberOfRobotsOnWhiteSite
17932,19,24
timeStep,numberOfRobotsOnBlackSite,numberOfRobotsOnWhiteSite
17933,19,24
timeStep,numberOfRobotsOnBlackSite,numberOfRobotsOnWhiteSite
17934,19,24
timeStep,numberOfRobotsOnBlackSite,numberOfRobotsOnWhiteSite
17935,19,24
timeStep,numberOfRobotsOnBlackSite,numberOfRobotsOnWhiteSite
17936,19,24
timeStep,numberOfRobotsOnBlackSite,numberOfRobotsOnWhiteSite
17937,19,24
timeStep,numberOfRobotsOnBlackSite,numberOfRobotsOnWhiteSite
17938,19,24
timeStep,numberOfRobotsOnBlackSite,numberOfRobotsOnWhiteSite
17939,19,24
timeStep,numberOfRobotsOnBlackSite,numberOfRobotsOnWhiteSite
17940,19,24
timeStep,numberOfRobotsOnBlackSite,numberOfRobotsOnWhiteSite
17941,19,24
timeStep,numberOfRobotsOnBlackSite,numberOfRobotsOnWhiteSite
17942,19,24
timeStep,numberOfRobotsOnBlackSite,numberOfRobotsOnWhiteSite
17943,19,24
timeStep,numberOfRobotsOnBlackSite,numberOfRobotsOnWhiteSite
17944,19,24
timeStep,numberOfRobotsOnBlackSite,numberOfRobotsOnWhiteSite
17945,19,24
timeStep,numberOfRobotsOnBlackSite,numberOfRobotsOnWhiteSite
17946,19,24
timeStep,numberOfRobotsOnBlackSite,numberOfRobotsOnWhiteSite
17947,19,24
timeStep,numberOfRobotsOnBlackSite,numberOfRobotsOnWhiteSite
17948,19,24
timeStep,numberOfRobotsOnBlackSite,numberOfRobotsOnWhiteSite
17949,19,24
timeStep,numberOfRobotsOnBlackSite,numberOfRobotsOnWhiteSite
17950,18,24
timeStep,numberOfRobotsOnBlackSite,numberOfRobotsOnWhiteSite
17951,18,24
timeStep,numberOfRobotsOnBlackSite,numberOfRobotsOnWhiteSite
17952,18,24
timeStep,numberOfRobotsOnBlackSite,numberOfRobotsOnWhiteSite
17953,18,24
timeStep,numberOfRobotsOnBlackSite,numberOfRobotsOnWhiteSite
17954,18,24
timeStep,numberOfRobotsOnBlackSite,numberOfRobotsOnWhiteSite
17955,18,23
timeStep,numberOfRobotsOnBlackSite,numberOfRobotsOnWhiteSite
17956,18,23
timeStep,numberOfRobotsOnBlackSite,numberOfRobotsOnWhiteSite
17957,18,23
timeStep,numberOfRobotsOnBlackSite,numberOfRobotsOnWhiteSite
17958,18,23
timeStep,numberOfRobotsOnBlackSite,numberOfRobotsOnWhiteSite
17959,18,23
timeStep,numberOfRobotsOnBlackSite,numberOfRobotsOnWhiteSite
17960,18,23
timeStep,numberOfRobotsOnBlackSite,numberOfRobotsOnWhiteSite
17961,18,23
timeStep,numberOfRobotsOnBlackSite,numberOfRobotsOnWhiteSite
17962,18,23
timeStep,numberOfRobotsOnBlackSite,numberOfRobotsOnWhiteSite
17963,18,23
timeStep,numberOfRobotsOnBlackSite,numberOfRobotsOnWhiteSite
17964,18,23
timeStep,numberOfRobotsOnBlackSite,numberOfRobotsOnWhiteSite
17965,18,23
timeStep,numberOfRobotsOnBlackSite,numberOfRobotsOnWhiteSite
17966,18,23
timeStep,numberOfRobotsOnBlackSite,numberOfRobotsOnWhiteSite
17967,18,23
timeStep,numberOfRobotsOnBlackSite,numberOfRobotsOnWhiteSite
17968,18,23
timeStep,numberOfRobotsOnBlackSite,numberOfRobotsOnWhiteSite
17969,18,23
timeStep,numberOfRobotsOnBlackSite,numberOfRobotsOnWhiteSite
17970,18,22
timeStep,numberOfRobotsOnBlackSite,numberOfRobotsOnWhiteSite
17971,18,22
timeStep,numberOfRobotsOnBlackSite,numberOfRobotsOnWhiteSite
17972,18,22
timeStep,numberOfRobotsOnBlackSite,numberOfRobotsOnWhiteSite
17973,18,22
timeStep,numberOfRobotsOnBlackSite,numberOfRobotsOnWhiteSite
17974,18,22
timeStep,numberOfRobotsOnBlackSite,numberOfRobotsOnWhiteSite
17975,18,22
timeStep,numberOfRobotsOnBlackSite,numberOfRobotsOnWhiteSite
17976,18,22
timeStep,numberOfRobotsOnBlackSite,numberOfRobotsOnWhiteSite
17977,18,22
timeStep,numberOfRobotsOnBlackSite,numberOfRobotsOnWhiteSite
17978,18,22
timeStep,numberOfRobotsOnBlackSite,numberOfRobotsOnWhiteSite
17979,18,22
timeStep,numberOfRobotsOnBlackSite,numberOfRobotsOnWhiteSite
17980,18,22
timeStep,numberOfRobotsOnBlackSite,numberOfRobotsOnWhiteSite
17981,18,22
timeStep,numberOfRobotsOnBlackSite,numberOfRobotsOnWhiteSite
17982,18,22
timeStep,numberOfRobotsOnBlackSite,numberOfRobotsOnWhiteSite
17983,18,22
timeStep,numberOfRobotsOnBlackSite,numberOfRobotsOnWhiteSite
17984,18,22
timeStep,numberOfRobotsOnBlackSite,numberOfRobotsOnWhiteSite
17985,18,22
timeStep,numberOfRobotsOnBlackSite,numberOfRobotsOnWhiteSite
17986,18,22
timeStep,numberOfRobotsOnBlackSite,numberOfRobotsOnWhiteSite
17987,18,22
timeStep,numberOfRobotsOnBlackSite,numberOfRobotsOnWhiteSite
17988,18,22
timeStep,numberOfRobotsOnBlackSite,numberOfRobotsOnWhiteSite
17989,18,22
timeStep,numberOfRobotsOnBlackSite,numberOfRobotsOnWhiteSite
17990,18,23
timeStep,numberOfRobotsOnBlackSite,numberOfRobotsOnWhiteSite
17991,18,23
timeStep,numberOfRobotsOnBlackSite,numberOfRobotsOnWhiteSite
17992,18,23
timeStep,numberOfRobotsOnBlackSite,numberOfRobotsOnWhiteSite
17993,18,23
timeStep,numberOfRobotsOnBlackSite,numberOfRobotsOnWhiteSite
17994,18,23
timeStep,numberOfRobotsOnBlackSite,numberOfRobotsOnWhiteSite
17995,18,23
timeStep,numberOfRobotsOnBlackSite,numberOfRobotsOnWhiteSite
17996,18,23
timeStep,numberOfRobotsOnBlackSite,numberOfRobotsOnWhiteSite
17997,18,23
timeStep,numberOfRobotsOnBlackSite,numberOfRobotsOnWhiteSite
17998,18,23
timeStep,numberOfRobotsOnBlackSite,numberOfRobotsOnWhiteSite
17999,18,23
timeStep,numberOfRobotsOnBlackSite,numberOfRobotsOnWhiteSite
18000,19,23
timeStep,numberOfRobotsOnBlackSite,numberOfRobotsOnWhiteSite
18001,19,23
timeStep,numberOfRobotsOnBlackSite,numberOfRobotsOnWhiteSite
18002,19,23
timeStep,numberOfRobotsOnBlackSite,numberOfRobotsOnWhiteSite
18003,19,23
timeStep,numberOfRobotsOnBlackSite,numberOfRobotsOnWhiteSite
18004,19,23
timeStep,numberOfRobotsOnBlackSite,numberOfRobotsOnWhiteSite
18005,19,23
timeStep,numberOfRobotsOnBlackSite,numberOfRobotsOnWhiteSite
18006,19,23
timeStep,numberOfRobotsOnBlackSite,numberOfRobotsOnWhiteSite
18007,19,23
timeStep,numberOfRobotsOnBlackSite,numberOfRobotsOnWhiteSite
18008,19,23
timeStep,numberOfRobotsOnBlackSite,numberOfRobotsOnWhiteSite
18009,19,23
timeStep,numberOfRobotsOnBlackSite,numberOfRobotsOnWhiteSite
18010,19,23
timeStep,numberOfRobotsOnBlackSite,numberOfRobotsOnWhiteSite
18011,19,23
timeStep,numberOfRobotsOnBlackSite,numberOfRobotsOnWhiteSite
18012,19,23
timeStep,numberOfRobotsOnBlackSite,numberOfRobotsOnWhiteSite
18013,19,23
timeStep,numberOfRobotsOnBlackSite,numberOfRobotsOnWhiteSite
18014,19,23
timeStep,numberOfRobotsOnBlackSite,numberOfRobotsOnWhiteSite
18015,19,23
timeStep,numberOfRobotsOnBlackSite,numberOfRobotsOnWhiteSite
18016,19,23
timeStep,numberOfRobotsOnBlackSite,numberOfRobotsOnWhiteSite
18017,19,23
timeStep,numberOfRobotsOnBlackSite,numberOfRobotsOnWhiteSite
18018,19,23
timeStep,numberOfRobotsOnBlackSite,numberOfRobotsOnWhiteSite
18019,19,23
timeStep,numberOfRobotsOnBlackSite,numberOfRobotsOnWhiteSite
18020,19,23
timeStep,numberOfRobotsOnBlackSite,numberOfRobotsOnWhiteSite
18021,19,23
timeStep,numberOfRobotsOnBlackSite,numberOfRobotsOnWhiteSite
18022,19,23
timeStep,numberOfRobotsOnBlackSite,numberOfRobotsOnWhiteSite
18023,19,23
timeStep,numberOfRobotsOnBlackSite,numberOfRobotsOnWhiteSite
18024,19,23
timeStep,numberOfRobotsOnBlackSite,numberOfRobotsOnWhiteSite
18025,19,23
timeStep,numberOfRobotsOnBlackSite,numberOfRobotsOnWhiteSite
18026,19,23
timeStep,numberOfRobotsOnBlackSite,numberOfRobotsOnWhiteSite
18027,19,23
timeStep,numberOfRobotsOnBlackSite,numberOfRobotsOnWhiteSite
18028,19,23
timeStep,numberOfRobotsOnBlackSite,numberOfRobotsOnWhiteSite
18029,19,23
timeStep,numberOfRobotsOnBlackSite,numberOfRobotsOnWhiteSite
18030,19,23
timeStep,numberOfRobotsOnBlackSite,numberOfRobotsOnWhiteSite
18031,19,23
timeStep,numberOfRobotsOnBlackSite,numberOfRobotsOnWhiteSite
18032,19,23
timeStep,numberOfRobotsOnBlackSite,numberOfRobotsOnWhiteSite
18033,19,23
timeStep,numberOfRobotsOnBlackSite,numberOfRobotsOnWhiteSite
18034,19,23
timeStep,numberOfRobotsOnBlackSite,numberOfRobotsOnWhiteSite
18035,19,23
timeStep,numberOfRobotsOnBlackSite,numberOfRobotsOnWhiteSite
18036,19,23
timeStep,numberOfRobotsOnBlackSite,numberOfRobotsOnWhiteSite
18037,19,23
timeStep,numberOfRobotsOnBlackSite,numberOfRobotsOnWhiteSite
18038,19,23
timeStep,numberOfRobotsOnBlackSite,numberOfRobotsOnWhiteSite
18039,19,23
timeStep,numberOfRobotsOnBlackSite,numberOfRobotsOnWhiteSite
18040,19,23
timeStep,numberOfRobotsOnBlackSite,numberOfRobotsOnWhiteSite
18041,19,23
timeStep,numberOfRobotsOnBlackSite,numberOfRobotsOnWhiteSite
18042,19,23
timeStep,numberOfRobotsOnBlackSite,numberOfRobotsOnWhiteSite
18043,19,23
timeStep,numberOfRobotsOnBlackSite,numberOfRobotsOnWhiteSite
18044,19,23
timeStep,numberOfRobotsOnBlackSite,numberOfRobotsOnWhiteSite
18045,19,23
timeStep,numberOfRobotsOnBlackSite,numberOfRobotsOnWhiteSite
18046,19,23
timeStep,numberOfRobotsOnBlackSite,numberOfRobotsOnWhiteSite
18047,19,23
timeStep,numberOfRobotsOnBlackSite,numberOfRobotsOnWhiteSite
18048,19,23
timeStep,numberOfRobotsOnBlackSite,numberOfRobotsOnWhiteSite
18049,19,23
timeStep,numberOfRobotsOnBlackSite,numberOfRobotsOnWhiteSite
18050,19,23
timeStep,numberOfRobotsOnBlackSite,numberOfRobotsOnWhiteSite
18051,19,23
timeStep,numberOfRobotsOnBlackSite,numberOfRobotsOnWhiteSite
18052,19,23
timeStep,numberOfRobotsOnBlackSite,numberOfRobotsOnWhiteSite
18053,19,23
timeStep,numberOfRobotsOnBlackSite,numberOfRobotsOnWhiteSite
18054,19,23
timeStep,numberOfRobotsOnBlackSite,numberOfRobotsOnWhiteSite
18055,19,23
timeStep,numberOfRobotsOnBlackSite,numberOfRobotsOnWhiteSite
18056,19,23
timeStep,numberOfRobotsOnBlackSite,numberOfRobotsOnWhiteSite
18057,19,23
timeStep,numberOfRobotsOnBlackSite,numberOfRobotsOnWhiteSite
18058,19,23
timeStep,numberOfRobotsOnBlackSite,numberOfRobotsOnWhiteSite
18059,19,23
timeStep,numberOfRobotsOnBlackSite,numberOfRobotsOnWhiteSite
18060,19,23
timeStep,numberOfRobotsOnBlackSite,numberOfRobotsOnWhiteSite
18061,19,23
timeStep,numberOfRobotsOnBlackSite,numberOfRobotsOnWhiteSite
18062,19,23
timeStep,numberOfRobotsOnBlackSite,numberOfRobotsOnWhiteSite
18063,19,23
timeStep,numberOfRobotsOnBlackSite,numberOfRobotsOnWhiteSite
18064,19,23
timeStep,numberOfRobotsOnBlackSite,numberOfRobotsOnWhiteSite
18065,19,23
timeStep,numberOfRobotsOnBlackSite,numberOfRobotsOnWhiteSite
18066,19,23
timeStep,numberOfRobotsOnBlackSite,numberOfRobotsOnWhiteSite
18067,19,23
timeStep,numberOfRobotsOnBlackSite,numberOfRobotsOnWhiteSite
18068,19,23
timeStep,numberOfRobotsOnBlackSite,numberOfRobotsOnWhiteSite
18069,19,23
timeStep,numberOfRobotsOnBlackSite,numberOfRobotsOnWhiteSite
18070,19,22
timeStep,numberOfRobotsOnBlackSite,numberOfRobotsOnWhiteSite
18071,19,22
timeStep,numberOfRobotsOnBlackSite,numberOfRobotsOnWhiteSite
18072,19,22
timeStep,numberOfRobotsOnBlackSite,numberOfRobotsOnWhiteSite
18073,19,22
timeStep,numberOfRobotsOnBlackSite,numberOfRobotsOnWhiteSite
18074,19,22
timeStep,numberOfRobotsOnBlackSite,numberOfRobotsOnWhiteSite
18075,18,22
timeStep,numberOfRobotsOnBlackSite,numberOfRobotsOnWhiteSite
18076,18,22
timeStep,numberOfRobotsOnBlackSite,numberOfRobotsOnWhiteSite
18077,18,22
timeStep,numberOfRobotsOnBlackSite,numberOfRobotsOnWhiteSite
18078,18,22
timeStep,numberOfRobotsOnBlackSite,numberOfRobotsOnWhiteSite
18079,18,22
timeStep,numberOfRobotsOnBlackSite,numberOfRobotsOnWhiteSite
18080,18,22
timeStep,numberOfRobotsOnBlackSite,numberOfRobotsOnWhiteSite
18081,18,22
timeStep,numberOfRobotsOnBlackSite,numberOfRobotsOnWhiteSite
18082,18,22
timeStep,numberOfRobotsOnBlackSite,numberOfRobotsOnWhiteSite
18083,18,22
timeStep,numberOfRobotsOnBlackSite,numberOfRobotsOnWhiteSite
18084,18,22
timeStep,numberOfRobotsOnBlackSite,numberOfRobotsOnWhiteSite
18085,18,22
timeStep,numberOfRobotsOnBlackSite,numberOfRobotsOnWhiteSite
18086,18,22
timeStep,numberOfRobotsOnBlackSite,numberOfRobotsOnWhiteSite
18087,18,22
timeStep,numberOfRobotsOnBlackSite,numberOfRobotsOnWhiteSite
18088,18,22
timeStep,numberOfRobotsOnBlackSite,numberOfRobotsOnWhiteSite
18089,18,22
timeStep,numberOfRobotsOnBlackSite,numberOfRobotsOnWhiteSite
18090,18,22
timeStep,numberOfRobotsOnBlackSite,numberOfRobotsOnWhiteSite
18091,18,22
timeStep,numberOfRobotsOnBlackSite,numberOfRobotsOnWhiteSite
18092,18,22
timeStep,numberOfRobotsOnBlackSite,numberOfRobotsOnWhiteSite
18093,18,22
timeStep,numberOfRobotsOnBlackSite,numberOfRobotsOnWhiteSite
18094,18,22
timeStep,numberOfRobotsOnBlackSite,numberOfRobotsOnWhiteSite
18095,18,22
timeStep,numberOfRobotsOnBlackSite,numberOfRobotsOnWhiteSite
18096,18,22
timeStep,numberOfRobotsOnBlackSite,numberOfRobotsOnWhiteSite
18097,18,22
timeStep,numberOfRobotsOnBlackSite,numberOfRobotsOnWhiteSite
18098,18,22
timeStep,numberOfRobotsOnBlackSite,numberOfRobotsOnWhiteSite
18099,18,22
timeStep,numberOfRobotsOnBlackSite,numberOfRobotsOnWhiteSite
18100,18,22
timeStep,numberOfRobotsOnBlackSite,numberOfRobotsOnWhiteSite
18101,18,22
timeStep,numberOfRobotsOnBlackSite,numberOfRobotsOnWhiteSite
18102,18,22
timeStep,numberOfRobotsOnBlackSite,numberOfRobotsOnWhiteSite
18103,18,22
timeStep,numberOfRobotsOnBlackSite,numberOfRobotsOnWhiteSite
18104,18,22
timeStep,numberOfRobotsOnBlackSite,numberOfRobotsOnWhiteSite
18105,18,22
timeStep,numberOfRobotsOnBlackSite,numberOfRobotsOnWhiteSite
18106,18,22
timeStep,numberOfRobotsOnBlackSite,numberOfRobotsOnWhiteSite
18107,18,22
timeStep,numberOfRobotsOnBlackSite,numberOfRobotsOnWhiteSite
18108,18,22
timeStep,numberOfRobotsOnBlackSite,numberOfRobotsOnWhiteSite
18109,18,22
timeStep,numberOfRobotsOnBlackSite,numberOfRobotsOnWhiteSite
18110,18,21
timeStep,numberOfRobotsOnBlackSite,numberOfRobotsOnWhiteSite
18111,18,21
timeStep,numberOfRobotsOnBlackSite,numberOfRobotsOnWhiteSite
18112,18,21
timeStep,numberOfRobotsOnBlackSite,numberOfRobotsOnWhiteSite
18113,18,21
timeStep,numberOfRobotsOnBlackSite,numberOfRobotsOnWhiteSite
18114,18,21
timeStep,numberOfRobotsOnBlackSite,numberOfRobotsOnWhiteSite
18115,18,21
timeStep,numberOfRobotsOnBlackSite,numberOfRobotsOnWhiteSite
18116,18,21
timeStep,numberOfRobotsOnBlackSite,numberOfRobotsOnWhiteSite
18117,18,21
timeStep,numberOfRobotsOnBlackSite,numberOfRobotsOnWhiteSite
18118,18,21
timeStep,numberOfRobotsOnBlackSite,numberOfRobotsOnWhiteSite
18119,18,21
timeStep,numberOfRobotsOnBlackSite,numberOfRobotsOnWhiteSite
18120,18,20
timeStep,numberOfRobotsOnBlackSite,numberOfRobotsOnWhiteSite
18121,18,20
timeStep,numberOfRobotsOnBlackSite,numberOfRobotsOnWhiteSite
18122,18,20
timeStep,numberOfRobotsOnBlackSite,numberOfRobotsOnWhiteSite
18123,18,20
timeStep,numberOfRobotsOnBlackSite,numberOfRobotsOnWhiteSite
18124,18,20
timeStep,numberOfRobotsOnBlackSite,numberOfRobotsOnWhiteSite
18125,18,20
timeStep,numberOfRobotsOnBlackSite,numberOfRobotsOnWhiteSite
18126,18,20
timeStep,numberOfRobotsOnBlackSite,numberOfRobotsOnWhiteSite
18127,18,20
timeStep,numberOfRobotsOnBlackSite,numberOfRobotsOnWhiteSite
18128,18,20
timeStep,numberOfRobotsOnBlackSite,numberOfRobotsOnWhiteSite
18129,18,20
timeStep,numberOfRobotsOnBlackSite,numberOfRobotsOnWhiteSite
18130,18,19
timeStep,numberOfRobotsOnBlackSite,numberOfRobotsOnWhiteSite
18131,18,19
timeStep,numberOfRobotsOnBlackSite,numberOfRobotsOnWhiteSite
18132,18,19
timeStep,numberOfRobotsOnBlackSite,numberOfRobotsOnWhiteSite
18133,18,19
timeStep,numberOfRobotsOnBlackSite,numberOfRobotsOnWhiteSite
18134,18,19
timeStep,numberOfRobotsOnBlackSite,numberOfRobotsOnWhiteSite
18135,19,19
timeStep,numberOfRobotsOnBlackSite,numberOfRobotsOnWhiteSite
18136,19,19
timeStep,numberOfRobotsOnBlackSite,numberOfRobotsOnWhiteSite
18137,19,19
timeStep,numberOfRobotsOnBlackSite,numberOfRobotsOnWhiteSite
18138,19,19
timeStep,numberOfRobotsOnBlackSite,numberOfRobotsOnWhiteSite
18139,19,19
timeStep,numberOfRobotsOnBlackSite,numberOfRobotsOnWhiteSite
18140,19,19
timeStep,numberOfRobotsOnBlackSite,numberOfRobotsOnWhiteSite
18141,19,19
timeStep,numberOfRobotsOnBlackSite,numberOfRobotsOnWhiteSite
18142,19,19
timeStep,numberOfRobotsOnBlackSite,numberOfRobotsOnWhiteSite
18143,19,19
timeStep,numberOfRobotsOnBlackSite,numberOfRobotsOnWhiteSite
18144,19,19
timeStep,numberOfRobotsOnBlackSite,numberOfRobotsOnWhiteSite
18145,19,19
timeStep,numberOfRobotsOnBlackSite,numberOfRobotsOnWhiteSite
18146,19,19
timeStep,numberOfRobotsOnBlackSite,numberOfRobotsOnWhiteSite
18147,19,19
timeStep,numberOfRobotsOnBlackSite,numberOfRobotsOnWhiteSite
18148,19,19
timeStep,numberOfRobotsOnBlackSite,numberOfRobotsOnWhiteSite
18149,19,19
timeStep,numberOfRobotsOnBlackSite,numberOfRobotsOnWhiteSite
18150,19,19
timeStep,numberOfRobotsOnBlackSite,numberOfRobotsOnWhiteSite
18151,19,19
timeStep,numberOfRobotsOnBlackSite,numberOfRobotsOnWhiteSite
18152,19,19
timeStep,numberOfRobotsOnBlackSite,numberOfRobotsOnWhiteSite
18153,19,19
timeStep,numberOfRobotsOnBlackSite,numberOfRobotsOnWhiteSite
18154,19,19
timeStep,numberOfRobotsOnBlackSite,numberOfRobotsOnWhiteSite
18155,19,19
timeStep,numberOfRobotsOnBlackSite,numberOfRobotsOnWhiteSite
18156,19,19
timeStep,numberOfRobotsOnBlackSite,numberOfRobotsOnWhiteSite
18157,19,19
timeStep,numberOfRobotsOnBlackSite,numberOfRobotsOnWhiteSite
18158,19,19
timeStep,numberOfRobotsOnBlackSite,numberOfRobotsOnWhiteSite
18159,19,19
timeStep,numberOfRobotsOnBlackSite,numberOfRobotsOnWhiteSite
18160,19,19
timeStep,numberOfRobotsOnBlackSite,numberOfRobotsOnWhiteSite
18161,19,19
timeStep,numberOfRobotsOnBlackSite,numberOfRobotsOnWhiteSite
18162,19,19
timeStep,numberOfRobotsOnBlackSite,numberOfRobotsOnWhiteSite
18163,19,19
timeStep,numberOfRobotsOnBlackSite,numberOfRobotsOnWhiteSite
18164,19,19
timeStep,numberOfRobotsOnBlackSite,numberOfRobotsOnWhiteSite
18165,19,19
timeStep,numberOfRobotsOnBlackSite,numberOfRobotsOnWhiteSite
18166,19,19
timeStep,numberOfRobotsOnBlackSite,numberOfRobotsOnWhiteSite
18167,19,19
timeStep,numberOfRobotsOnBlackSite,numberOfRobotsOnWhiteSite
18168,19,19
timeStep,numberOfRobotsOnBlackSite,numberOfRobotsOnWhiteSite
18169,19,19
timeStep,numberOfRobotsOnBlackSite,numberOfRobotsOnWhiteSite
18170,19,19
timeStep,numberOfRobotsOnBlackSite,numberOfRobotsOnWhiteSite
18171,19,19
timeStep,numberOfRobotsOnBlackSite,numberOfRobotsOnWhiteSite
18172,19,19
timeStep,numberOfRobotsOnBlackSite,numberOfRobotsOnWhiteSite
18173,19,19
timeStep,numberOfRobotsOnBlackSite,numberOfRobotsOnWhiteSite
18174,19,19
timeStep,numberOfRobotsOnBlackSite,numberOfRobotsOnWhiteSite
18175,19,19
timeStep,numberOfRobotsOnBlackSite,numberOfRobotsOnWhiteSite
18176,19,19
timeStep,numberOfRobotsOnBlackSite,numberOfRobotsOnWhiteSite
18177,19,19
timeStep,numberOfRobotsOnBlackSite,numberOfRobotsOnWhiteSite
18178,19,19
timeStep,numberOfRobotsOnBlackSite,numberOfRobotsOnWhiteSite
18179,19,19
timeStep,numberOfRobotsOnBlackSite,numberOfRobotsOnWhiteSite
18180,19,19
timeStep,numberOfRobotsOnBlackSite,numberOfRobotsOnWhiteSite
18181,19,19
timeStep,numberOfRobotsOnBlackSite,numberOfRobotsOnWhiteSite
18182,19,19
timeStep,numberOfRobotsOnBlackSite,numberOfRobotsOnWhiteSite
18183,19,19
timeStep,numberOfRobotsOnBlackSite,numberOfRobotsOnWhiteSite
18184,19,19
timeStep,numberOfRobotsOnBlackSite,numberOfRobotsOnWhiteSite
18185,19,19
timeStep,numberOfRobotsOnBlackSite,numberOfRobotsOnWhiteSite
18186,19,19
timeStep,numberOfRobotsOnBlackSite,numberOfRobotsOnWhiteSite
18187,19,19
timeStep,numberOfRobotsOnBlackSite,numberOfRobotsOnWhiteSite
18188,19,19
timeStep,numberOfRobotsOnBlackSite,numberOfRobotsOnWhiteSite
18189,19,19
timeStep,numberOfRobotsOnBlackSite,numberOfRobotsOnWhiteSite
18190,19,19
timeStep,numberOfRobotsOnBlackSite,numberOfRobotsOnWhiteSite
18191,19,19
timeStep,numberOfRobotsOnBlackSite,numberOfRobotsOnWhiteSite
18192,19,19
timeStep,numberOfRobotsOnBlackSite,numberOfRobotsOnWhiteSite
18193,19,19
timeStep,numberOfRobotsOnBlackSite,numberOfRobotsOnWhiteSite
18194,19,19
timeStep,numberOfRobotsOnBlackSite,numberOfRobotsOnWhiteSite
18195,19,19
timeStep,numberOfRobotsOnBlackSite,numberOfRobotsOnWhiteSite
18196,19,19
timeStep,numberOfRobotsOnBlackSite,numberOfRobotsOnWhiteSite
18197,19,19
timeStep,numberOfRobotsOnBlackSite,numberOfRobotsOnWhiteSite
18198,19,19
timeStep,numberOfRobotsOnBlackSite,numberOfRobotsOnWhiteSite
18199,19,19
timeStep,numberOfRobotsOnBlackSite,numberOfRobotsOnWhiteSite
18200,19,20
timeStep,numberOfRobotsOnBlackSite,numberOfRobotsOnWhiteSite
18201,19,20
timeStep,numberOfRobotsOnBlackSite,numberOfRobotsOnWhiteSite
18202,19,20
timeStep,numberOfRobotsOnBlackSite,numberOfRobotsOnWhiteSite
18203,19,20
timeStep,numberOfRobotsOnBlackSite,numberOfRobotsOnWhiteSite
18204,19,20
timeStep,numberOfRobotsOnBlackSite,numberOfRobotsOnWhiteSite
18205,19,20
timeStep,numberOfRobotsOnBlackSite,numberOfRobotsOnWhiteSite
18206,19,20
timeStep,numberOfRobotsOnBlackSite,numberOfRobotsOnWhiteSite
18207,19,20
timeStep,numberOfRobotsOnBlackSite,numberOfRobotsOnWhiteSite
18208,19,20
timeStep,numberOfRobotsOnBlackSite,numberOfRobotsOnWhiteSite
18209,19,20
timeStep,numberOfRobotsOnBlackSite,numberOfRobotsOnWhiteSite
18210,19,20
timeStep,numberOfRobotsOnBlackSite,numberOfRobotsOnWhiteSite
18211,19,20
timeStep,numberOfRobotsOnBlackSite,numberOfRobotsOnWhiteSite
18212,19,20
timeStep,numberOfRobotsOnBlackSite,numberOfRobotsOnWhiteSite
18213,19,20
timeStep,numberOfRobotsOnBlackSite,numberOfRobotsOnWhiteSite
18214,19,20
timeStep,numberOfRobotsOnBlackSite,numberOfRobotsOnWhiteSite
18215,19,20
timeStep,numberOfRobotsOnBlackSite,numberOfRobotsOnWhiteSite
18216,19,20
timeStep,numberOfRobotsOnBlackSite,numberOfRobotsOnWhiteSite
18217,19,20
timeStep,numberOfRobotsOnBlackSite,numberOfRobotsOnWhiteSite
18218,19,20
timeStep,numberOfRobotsOnBlackSite,numberOfRobotsOnWhiteSite
18219,19,20
timeStep,numberOfRobotsOnBlackSite,numberOfRobotsOnWhiteSite
18220,19,19
timeStep,numberOfRobotsOnBlackSite,numberOfRobotsOnWhiteSite
18221,19,19
timeStep,numberOfRobotsOnBlackSite,numberOfRobotsOnWhiteSite
18222,19,19
timeStep,numberOfRobotsOnBlackSite,numberOfRobotsOnWhiteSite
18223,19,19
timeStep,numberOfRobotsOnBlackSite,numberOfRobotsOnWhiteSite
18224,19,19
timeStep,numberOfRobotsOnBlackSite,numberOfRobotsOnWhiteSite
18225,19,19
timeStep,numberOfRobotsOnBlackSite,numberOfRobotsOnWhiteSite
18226,19,19
timeStep,numberOfRobotsOnBlackSite,numberOfRobotsOnWhiteSite
18227,19,19
timeStep,numberOfRobotsOnBlackSite,numberOfRobotsOnWhiteSite
18228,19,19
timeStep,numberOfRobotsOnBlackSite,numberOfRobotsOnWhiteSite
18229,19,19
timeStep,numberOfRobotsOnBlackSite,numberOfRobotsOnWhiteSite
18230,20,19
timeStep,numberOfRobotsOnBlackSite,numberOfRobotsOnWhiteSite
18231,20,19
timeStep,numberOfRobotsOnBlackSite,numberOfRobotsOnWhiteSite
18232,20,19
timeStep,numberOfRobotsOnBlackSite,numberOfRobotsOnWhiteSite
18233,20,19
timeStep,numberOfRobotsOnBlackSite,numberOfRobotsOnWhiteSite
18234,20,19
timeStep,numberOfRobotsOnBlackSite,numberOfRobotsOnWhiteSite
18235,20,19
timeStep,numberOfRobotsOnBlackSite,numberOfRobotsOnWhiteSite
18236,20,19
timeStep,numberOfRobotsOnBlackSite,numberOfRobotsOnWhiteSite
18237,20,19
timeStep,numberOfRobotsOnBlackSite,numberOfRobotsOnWhiteSite
18238,20,19
timeStep,numberOfRobotsOnBlackSite,numberOfRobotsOnWhiteSite
18239,20,19
timeStep,numberOfRobotsOnBlackSite,numberOfRobotsOnWhiteSite
18240,20,19
timeStep,numberOfRobotsOnBlackSite,numberOfRobotsOnWhiteSite
18241,20,19
timeStep,numberOfRobotsOnBlackSite,numberOfRobotsOnWhiteSite
18242,20,19
timeStep,numberOfRobotsOnBlackSite,numberOfRobotsOnWhiteSite
18243,20,19
timeStep,numberOfRobotsOnBlackSite,numberOfRobotsOnWhiteSite
18244,20,19
timeStep,numberOfRobotsOnBlackSite,numberOfRobotsOnWhiteSite
18245,20,20
timeStep,numberOfRobotsOnBlackSite,numberOfRobotsOnWhiteSite
18246,20,20
timeStep,numberOfRobotsOnBlackSite,numberOfRobotsOnWhiteSite
18247,20,20
timeStep,numberOfRobotsOnBlackSite,numberOfRobotsOnWhiteSite
18248,20,20
timeStep,numberOfRobotsOnBlackSite,numberOfRobotsOnWhiteSite
18249,20,20
timeStep,numberOfRobotsOnBlackSite,numberOfRobotsOnWhiteSite
18250,19,20
timeStep,numberOfRobotsOnBlackSite,numberOfRobotsOnWhiteSite
18251,19,20
timeStep,numberOfRobotsOnBlackSite,numberOfRobotsOnWhiteSite
18252,19,20
timeStep,numberOfRobotsOnBlackSite,numberOfRobotsOnWhiteSite
18253,19,20
timeStep,numberOfRobotsOnBlackSite,numberOfRobotsOnWhiteSite
18254,19,20
timeStep,numberOfRobotsOnBlackSite,numberOfRobotsOnWhiteSite
18255,19,20
timeStep,numberOfRobotsOnBlackSite,numberOfRobotsOnWhiteSite
18256,19,20
timeStep,numberOfRobotsOnBlackSite,numberOfRobotsOnWhiteSite
18257,19,20
timeStep,numberOfRobotsOnBlackSite,numberOfRobotsOnWhiteSite
18258,19,20
timeStep,numberOfRobotsOnBlackSite,numberOfRobotsOnWhiteSite
18259,19,20
timeStep,numberOfRobotsOnBlackSite,numberOfRobotsOnWhiteSite
18260,19,20
timeStep,numberOfRobotsOnBlackSite,numberOfRobotsOnWhiteSite
18261,19,20
timeStep,numberOfRobotsOnBlackSite,numberOfRobotsOnWhiteSite
18262,19,20
timeStep,numberOfRobotsOnBlackSite,numberOfRobotsOnWhiteSite
18263,19,20
timeStep,numberOfRobotsOnBlackSite,numberOfRobotsOnWhiteSite
18264,19,20
timeStep,numberOfRobotsOnBlackSite,numberOfRobotsOnWhiteSite
18265,19,20
timeStep,numberOfRobotsOnBlackSite,numberOfRobotsOnWhiteSite
18266,19,20
timeStep,numberOfRobotsOnBlackSite,numberOfRobotsOnWhiteSite
18267,19,20
timeStep,numberOfRobotsOnBlackSite,numberOfRobotsOnWhiteSite
18268,19,20
timeStep,numberOfRobotsOnBlackSite,numberOfRobotsOnWhiteSite
18269,19,20
timeStep,numberOfRobotsOnBlackSite,numberOfRobotsOnWhiteSite
18270,19,20
timeStep,numberOfRobotsOnBlackSite,numberOfRobotsOnWhiteSite
18271,19,20
timeStep,numberOfRobotsOnBlackSite,numberOfRobotsOnWhiteSite
18272,19,20
timeStep,numberOfRobotsOnBlackSite,numberOfRobotsOnWhiteSite
18273,19,20
timeStep,numberOfRobotsOnBlackSite,numberOfRobotsOnWhiteSite
18274,19,20
timeStep,numberOfRobotsOnBlackSite,numberOfRobotsOnWhiteSite
18275,19,20
timeStep,numberOfRobotsOnBlackSite,numberOfRobotsOnWhiteSite
18276,19,20
timeStep,numberOfRobotsOnBlackSite,numberOfRobotsOnWhiteSite
18277,19,20
timeStep,numberOfRobotsOnBlackSite,numberOfRobotsOnWhiteSite
18278,19,20
timeStep,numberOfRobotsOnBlackSite,numberOfRobotsOnWhiteSite
18279,19,20
timeStep,numberOfRobotsOnBlackSite,numberOfRobotsOnWhiteSite
18280,19,20
timeStep,numberOfRobotsOnBlackSite,numberOfRobotsOnWhiteSite
18281,19,20
timeStep,numberOfRobotsOnBlackSite,numberOfRobotsOnWhiteSite
18282,19,20
timeStep,numberOfRobotsOnBlackSite,numberOfRobotsOnWhiteSite
18283,19,20
timeStep,numberOfRobotsOnBlackSite,numberOfRobotsOnWhiteSite
18284,19,20
timeStep,numberOfRobotsOnBlackSite,numberOfRobotsOnWhiteSite
18285,19,20
timeStep,numberOfRobotsOnBlackSite,numberOfRobotsOnWhiteSite
18286,19,20
timeStep,numberOfRobotsOnBlackSite,numberOfRobotsOnWhiteSite
18287,19,20
timeStep,numberOfRobotsOnBlackSite,numberOfRobotsOnWhiteSite
18288,19,20
timeStep,numberOfRobotsOnBlackSite,numberOfRobotsOnWhiteSite
18289,19,20
timeStep,numberOfRobotsOnBlackSite,numberOfRobotsOnWhiteSite
18290,19,20
timeStep,numberOfRobotsOnBlackSite,numberOfRobotsOnWhiteSite
18291,19,20
timeStep,numberOfRobotsOnBlackSite,numberOfRobotsOnWhiteSite
18292,19,20
timeStep,numberOfRobotsOnBlackSite,numberOfRobotsOnWhiteSite
18293,19,20
timeStep,numberOfRobotsOnBlackSite,numberOfRobotsOnWhiteSite
18294,19,20
timeStep,numberOfRobotsOnBlackSite,numberOfRobotsOnWhiteSite
18295,19,20
timeStep,numberOfRobotsOnBlackSite,numberOfRobotsOnWhiteSite
18296,19,20
timeStep,numberOfRobotsOnBlackSite,numberOfRobotsOnWhiteSite
18297,19,20
timeStep,numberOfRobotsOnBlackSite,numberOfRobotsOnWhiteSite
18298,19,20
timeStep,numberOfRobotsOnBlackSite,numberOfRobotsOnWhiteSite
18299,19,20
timeStep,numberOfRobotsOnBlackSite,numberOfRobotsOnWhiteSite
18300,19,20
timeStep,numberOfRobotsOnBlackSite,numberOfRobotsOnWhiteSite
18301,19,20
timeStep,numberOfRobotsOnBlackSite,numberOfRobotsOnWhiteSite
18302,19,20
timeStep,numberOfRobotsOnBlackSite,numberOfRobotsOnWhiteSite
18303,19,20
timeStep,numberOfRobotsOnBlackSite,numberOfRobotsOnWhiteSite
18304,19,20
timeStep,numberOfRobotsOnBlackSite,numberOfRobotsOnWhiteSite
18305,19,20
timeStep,numberOfRobotsOnBlackSite,numberOfRobotsOnWhiteSite
18306,19,20
timeStep,numberOfRobotsOnBlackSite,numberOfRobotsOnWhiteSite
18307,19,20
timeStep,numberOfRobotsOnBlackSite,numberOfRobotsOnWhiteSite
18308,19,20
timeStep,numberOfRobotsOnBlackSite,numberOfRobotsOnWhiteSite
18309,19,20
timeStep,numberOfRobotsOnBlackSite,numberOfRobotsOnWhiteSite
18310,19,20
timeStep,numberOfRobotsOnBlackSite,numberOfRobotsOnWhiteSite
18311,19,20
timeStep,numberOfRobotsOnBlackSite,numberOfRobotsOnWhiteSite
18312,19,20
timeStep,numberOfRobotsOnBlackSite,numberOfRobotsOnWhiteSite
18313,19,20
timeStep,numberOfRobotsOnBlackSite,numberOfRobotsOnWhiteSite
18314,19,20
timeStep,numberOfRobotsOnBlackSite,numberOfRobotsOnWhiteSite
18315,19,20
timeStep,numberOfRobotsOnBlackSite,numberOfRobotsOnWhiteSite
18316,19,20
timeStep,numberOfRobotsOnBlackSite,numberOfRobotsOnWhiteSite
18317,19,20
timeStep,numberOfRobotsOnBlackSite,numberOfRobotsOnWhiteSite
18318,19,20
timeStep,numberOfRobotsOnBlackSite,numberOfRobotsOnWhiteSite
18319,19,20
timeStep,numberOfRobotsOnBlackSite,numberOfRobotsOnWhiteSite
18320,19,20
timeStep,numberOfRobotsOnBlackSite,numberOfRobotsOnWhiteSite
18321,19,20
timeStep,numberOfRobotsOnBlackSite,numberOfRobotsOnWhiteSite
18322,19,20
timeStep,numberOfRobotsOnBlackSite,numberOfRobotsOnWhiteSite
18323,19,20
timeStep,numberOfRobotsOnBlackSite,numberOfRobotsOnWhiteSite
18324,19,20
timeStep,numberOfRobotsOnBlackSite,numberOfRobotsOnWhiteSite
18325,19,20
timeStep,numberOfRobotsOnBlackSite,numberOfRobotsOnWhiteSite
18326,19,20
timeStep,numberOfRobotsOnBlackSite,numberOfRobotsOnWhiteSite
18327,19,20
timeStep,numberOfRobotsOnBlackSite,numberOfRobotsOnWhiteSite
18328,19,20
timeStep,numberOfRobotsOnBlackSite,numberOfRobotsOnWhiteSite
18329,19,20
timeStep,numberOfRobotsOnBlackSite,numberOfRobotsOnWhiteSite
18330,19,19
timeStep,numberOfRobotsOnBlackSite,numberOfRobotsOnWhiteSite
18331,19,19
timeStep,numberOfRobotsOnBlackSite,numberOfRobotsOnWhiteSite
18332,19,19
timeStep,numberOfRobotsOnBlackSite,numberOfRobotsOnWhiteSite
18333,19,19
timeStep,numberOfRobotsOnBlackSite,numberOfRobotsOnWhiteSite
18334,19,19
timeStep,numberOfRobotsOnBlackSite,numberOfRobotsOnWhiteSite
18335,19,19
timeStep,numberOfRobotsOnBlackSite,numberOfRobotsOnWhiteSite
18336,19,19
timeStep,numberOfRobotsOnBlackSite,numberOfRobotsOnWhiteSite
18337,19,19
timeStep,numberOfRobotsOnBlackSite,numberOfRobotsOnWhiteSite
18338,19,19
timeStep,numberOfRobotsOnBlackSite,numberOfRobotsOnWhiteSite
18339,19,19
timeStep,numberOfRobotsOnBlackSite,numberOfRobotsOnWhiteSite
18340,19,19
timeStep,numberOfRobotsOnBlackSite,numberOfRobotsOnWhiteSite
18341,19,19
timeStep,numberOfRobotsOnBlackSite,numberOfRobotsOnWhiteSite
18342,19,19
timeStep,numberOfRobotsOnBlackSite,numberOfRobotsOnWhiteSite
18343,19,19
timeStep,numberOfRobotsOnBlackSite,numberOfRobotsOnWhiteSite
18344,19,19
timeStep,numberOfRobotsOnBlackSite,numberOfRobotsOnWhiteSite
18345,19,19
timeStep,numberOfRobotsOnBlackSite,numberOfRobotsOnWhiteSite
18346,19,19
timeStep,numberOfRobotsOnBlackSite,numberOfRobotsOnWhiteSite
18347,19,19
timeStep,numberOfRobotsOnBlackSite,numberOfRobotsOnWhiteSite
18348,19,19
timeStep,numberOfRobotsOnBlackSite,numberOfRobotsOnWhiteSite
18349,19,19
timeStep,numberOfRobotsOnBlackSite,numberOfRobotsOnWhiteSite
18350,19,19
timeStep,numberOfRobotsOnBlackSite,numberOfRobotsOnWhiteSite
18351,19,19
timeStep,numberOfRobotsOnBlackSite,numberOfRobotsOnWhiteSite
18352,19,19
timeStep,numberOfRobotsOnBlackSite,numberOfRobotsOnWhiteSite
18353,19,19
timeStep,numberOfRobotsOnBlackSite,numberOfRobotsOnWhiteSite
18354,19,19
timeStep,numberOfRobotsOnBlackSite,numberOfRobotsOnWhiteSite
18355,19,19
timeStep,numberOfRobotsOnBlackSite,numberOfRobotsOnWhiteSite
18356,19,19
timeStep,numberOfRobotsOnBlackSite,numberOfRobotsOnWhiteSite
18357,19,19
timeStep,numberOfRobotsOnBlackSite,numberOfRobotsOnWhiteSite
18358,19,19
timeStep,numberOfRobotsOnBlackSite,numberOfRobotsOnWhiteSite
18359,19,19
timeStep,numberOfRobotsOnBlackSite,numberOfRobotsOnWhiteSite
18360,19,19
timeStep,numberOfRobotsOnBlackSite,numberOfRobotsOnWhiteSite
18361,19,19
timeStep,numberOfRobotsOnBlackSite,numberOfRobotsOnWhiteSite
18362,19,19
timeStep,numberOfRobotsOnBlackSite,numberOfRobotsOnWhiteSite
18363,19,19
timeStep,numberOfRobotsOnBlackSite,numberOfRobotsOnWhiteSite
18364,19,19
timeStep,numberOfRobotsOnBlackSite,numberOfRobotsOnWhiteSite
18365,19,19
timeStep,numberOfRobotsOnBlackSite,numberOfRobotsOnWhiteSite
18366,19,19
timeStep,numberOfRobotsOnBlackSite,numberOfRobotsOnWhiteSite
18367,19,19
timeStep,numberOfRobotsOnBlackSite,numberOfRobotsOnWhiteSite
18368,19,19
timeStep,numberOfRobotsOnBlackSite,numberOfRobotsOnWhiteSite
18369,19,19
timeStep,numberOfRobotsOnBlackSite,numberOfRobotsOnWhiteSite
18370,19,18
timeStep,numberOfRobotsOnBlackSite,numberOfRobotsOnWhiteSite
18371,19,18
timeStep,numberOfRobotsOnBlackSite,numberOfRobotsOnWhiteSite
18372,19,18
timeStep,numberOfRobotsOnBlackSite,numberOfRobotsOnWhiteSite
18373,19,18
timeStep,numberOfRobotsOnBlackSite,numberOfRobotsOnWhiteSite
18374,19,18
timeStep,numberOfRobotsOnBlackSite,numberOfRobotsOnWhiteSite
18375,19,18
timeStep,numberOfRobotsOnBlackSite,numberOfRobotsOnWhiteSite
18376,19,18
timeStep,numberOfRobotsOnBlackSite,numberOfRobotsOnWhiteSite
18377,19,18
timeStep,numberOfRobotsOnBlackSite,numberOfRobotsOnWhiteSite
18378,19,18
timeStep,numberOfRobotsOnBlackSite,numberOfRobotsOnWhiteSite
18379,19,18
timeStep,numberOfRobotsOnBlackSite,numberOfRobotsOnWhiteSite
18380,19,18
timeStep,numberOfRobotsOnBlackSite,numberOfRobotsOnWhiteSite
18381,19,18
timeStep,numberOfRobotsOnBlackSite,numberOfRobotsOnWhiteSite
18382,19,18
timeStep,numberOfRobotsOnBlackSite,numberOfRobotsOnWhiteSite
18383,19,18
timeStep,numberOfRobotsOnBlackSite,numberOfRobotsOnWhiteSite
18384,19,18
timeStep,numberOfRobotsOnBlackSite,numberOfRobotsOnWhiteSite
18385,19,18
timeStep,numberOfRobotsOnBlackSite,numberOfRobotsOnWhiteSite
18386,19,18
timeStep,numberOfRobotsOnBlackSite,numberOfRobotsOnWhiteSite
18387,19,18
timeStep,numberOfRobotsOnBlackSite,numberOfRobotsOnWhiteSite
18388,19,18
timeStep,numberOfRobotsOnBlackSite,numberOfRobotsOnWhiteSite
18389,19,18
timeStep,numberOfRobotsOnBlackSite,numberOfRobotsOnWhiteSite
18390,19,18
timeStep,numberOfRobotsOnBlackSite,numberOfRobotsOnWhiteSite
18391,19,18
timeStep,numberOfRobotsOnBlackSite,numberOfRobotsOnWhiteSite
18392,19,18
timeStep,numberOfRobotsOnBlackSite,numberOfRobotsOnWhiteSite
18393,19,18
timeStep,numberOfRobotsOnBlackSite,numberOfRobotsOnWhiteSite
18394,19,18
timeStep,numberOfRobotsOnBlackSite,numberOfRobotsOnWhiteSite
18395,19,18
timeStep,numberOfRobotsOnBlackSite,numberOfRobotsOnWhiteSite
18396,19,18
timeStep,numberOfRobotsOnBlackSite,numberOfRobotsOnWhiteSite
18397,19,18
timeStep,numberOfRobotsOnBlackSite,numberOfRobotsOnWhiteSite
18398,19,18
timeStep,numberOfRobotsOnBlackSite,numberOfRobotsOnWhiteSite
18399,19,18
timeStep,numberOfRobotsOnBlackSite,numberOfRobotsOnWhiteSite
18400,19,18
timeStep,numberOfRobotsOnBlackSite,numberOfRobotsOnWhiteSite
18401,19,18
timeStep,numberOfRobotsOnBlackSite,numberOfRobotsOnWhiteSite
18402,19,18
timeStep,numberOfRobotsOnBlackSite,numberOfRobotsOnWhiteSite
18403,19,18
timeStep,numberOfRobotsOnBlackSite,numberOfRobotsOnWhiteSite
18404,19,18
timeStep,numberOfRobotsOnBlackSite,numberOfRobotsOnWhiteSite
18405,19,18
timeStep,numberOfRobotsOnBlackSite,numberOfRobotsOnWhiteSite
18406,19,18
timeStep,numberOfRobotsOnBlackSite,numberOfRobotsOnWhiteSite
18407,19,18
timeStep,numberOfRobotsOnBlackSite,numberOfRobotsOnWhiteSite
18408,19,18
timeStep,numberOfRobotsOnBlackSite,numberOfRobotsOnWhiteSite
18409,19,18
timeStep,numberOfRobotsOnBlackSite,numberOfRobotsOnWhiteSite
18410,19,18
timeStep,numberOfRobotsOnBlackSite,numberOfRobotsOnWhiteSite
18411,19,18
timeStep,numberOfRobotsOnBlackSite,numberOfRobotsOnWhiteSite
18412,19,18
timeStep,numberOfRobotsOnBlackSite,numberOfRobotsOnWhiteSite
18413,19,18
timeStep,numberOfRobotsOnBlackSite,numberOfRobotsOnWhiteSite
18414,19,18
timeStep,numberOfRobotsOnBlackSite,numberOfRobotsOnWhiteSite
18415,19,19
timeStep,numberOfRobotsOnBlackSite,numberOfRobotsOnWhiteSite
18416,19,19
timeStep,numberOfRobotsOnBlackSite,numberOfRobotsOnWhiteSite
18417,19,19
timeStep,numberOfRobotsOnBlackSite,numberOfRobotsOnWhiteSite
18418,19,19
timeStep,numberOfRobotsOnBlackSite,numberOfRobotsOnWhiteSite
18419,19,19
timeStep,numberOfRobotsOnBlackSite,numberOfRobotsOnWhiteSite
18420,19,19
timeStep,numberOfRobotsOnBlackSite,numberOfRobotsOnWhiteSite
18421,19,19
timeStep,numberOfRobotsOnBlackSite,numberOfRobotsOnWhiteSite
18422,19,19
timeStep,numberOfRobotsOnBlackSite,numberOfRobotsOnWhiteSite
18423,19,19
timeStep,numberOfRobotsOnBlackSite,numberOfRobotsOnWhiteSite
18424,19,19
timeStep,numberOfRobotsOnBlackSite,numberOfRobotsOnWhiteSite
18425,19,19
timeStep,numberOfRobotsOnBlackSite,numberOfRobotsOnWhiteSite
18426,19,19
timeStep,numberOfRobotsOnBlackSite,numberOfRobotsOnWhiteSite
18427,19,19
timeStep,numberOfRobotsOnBlackSite,numberOfRobotsOnWhiteSite
18428,19,19
timeStep,numberOfRobotsOnBlackSite,numberOfRobotsOnWhiteSite
18429,19,19
timeStep,numberOfRobotsOnBlackSite,numberOfRobotsOnWhiteSite
18430,19,19
timeStep,numberOfRobotsOnBlackSite,numberOfRobotsOnWhiteSite
18431,19,19
timeStep,numberOfRobotsOnBlackSite,numberOfRobotsOnWhiteSite
18432,19,19
timeStep,numberOfRobotsOnBlackSite,numberOfRobotsOnWhiteSite
18433,19,19
timeStep,numberOfRobotsOnBlackSite,numberOfRobotsOnWhiteSite
18434,19,19
timeStep,numberOfRobotsOnBlackSite,numberOfRobotsOnWhiteSite
18435,19,19
timeStep,numberOfRobotsOnBlackSite,numberOfRobotsOnWhiteSite
18436,19,19
timeStep,numberOfRobotsOnBlackSite,numberOfRobotsOnWhiteSite
18437,19,19
timeStep,numberOfRobotsOnBlackSite,numberOfRobotsOnWhiteSite
18438,19,19
timeStep,numberOfRobotsOnBlackSite,numberOfRobotsOnWhiteSite
18439,19,19
timeStep,numberOfRobotsOnBlackSite,numberOfRobotsOnWhiteSite
18440,19,19
timeStep,numberOfRobotsOnBlackSite,numberOfRobotsOnWhiteSite
18441,19,19
timeStep,numberOfRobotsOnBlackSite,numberOfRobotsOnWhiteSite
18442,19,19
timeStep,numberOfRobotsOnBlackSite,numberOfRobotsOnWhiteSite
18443,19,19
timeStep,numberOfRobotsOnBlackSite,numberOfRobotsOnWhiteSite
18444,19,19
timeStep,numberOfRobotsOnBlackSite,numberOfRobotsOnWhiteSite
18445,19,19
timeStep,numberOfRobotsOnBlackSite,numberOfRobotsOnWhiteSite
18446,19,19
timeStep,numberOfRobotsOnBlackSite,numberOfRobotsOnWhiteSite
18447,19,19
timeStep,numberOfRobotsOnBlackSite,numberOfRobotsOnWhiteSite
18448,19,19
timeStep,numberOfRobotsOnBlackSite,numberOfRobotsOnWhiteSite
18449,19,19
timeStep,numberOfRobotsOnBlackSite,numberOfRobotsOnWhiteSite
18450,19,19
timeStep,numberOfRobotsOnBlackSite,numberOfRobotsOnWhiteSite
18451,19,19
timeStep,numberOfRobotsOnBlackSite,numberOfRobotsOnWhiteSite
18452,19,19
timeStep,numberOfRobotsOnBlackSite,numberOfRobotsOnWhiteSite
18453,19,19
timeStep,numberOfRobotsOnBlackSite,numberOfRobotsOnWhiteSite
18454,19,19
timeStep,numberOfRobotsOnBlackSite,numberOfRobotsOnWhiteSite
18455,19,19
timeStep,numberOfRobotsOnBlackSite,numberOfRobotsOnWhiteSite
18456,19,19
timeStep,numberOfRobotsOnBlackSite,numberOfRobotsOnWhiteSite
18457,19,19
timeStep,numberOfRobotsOnBlackSite,numberOfRobotsOnWhiteSite
18458,19,19
timeStep,numberOfRobotsOnBlackSite,numberOfRobotsOnWhiteSite
18459,19,19
timeStep,numberOfRobotsOnBlackSite,numberOfRobotsOnWhiteSite
18460,19,20
timeStep,numberOfRobotsOnBlackSite,numberOfRobotsOnWhiteSite
18461,19,20
timeStep,numberOfRobotsOnBlackSite,numberOfRobotsOnWhiteSite
18462,19,20
timeStep,numberOfRobotsOnBlackSite,numberOfRobotsOnWhiteSite
18463,19,20
timeStep,numberOfRobotsOnBlackSite,numberOfRobotsOnWhiteSite
18464,19,20
timeStep,numberOfRobotsOnBlackSite,numberOfRobotsOnWhiteSite
18465,19,20
timeStep,numberOfRobotsOnBlackSite,numberOfRobotsOnWhiteSite
18466,19,20
timeStep,numberOfRobotsOnBlackSite,numberOfRobotsOnWhiteSite
18467,19,20
timeStep,numberOfRobotsOnBlackSite,numberOfRobotsOnWhiteSite
18468,19,20
timeStep,numberOfRobotsOnBlackSite,numberOfRobotsOnWhiteSite
18469,19,20
timeStep,numberOfRobotsOnBlackSite,numberOfRobotsOnWhiteSite
18470,19,20
timeStep,numberOfRobotsOnBlackSite,numberOfRobotsOnWhiteSite
18471,19,20
timeStep,numberOfRobotsOnBlackSite,numberOfRobotsOnWhiteSite
18472,19,20
timeStep,numberOfRobotsOnBlackSite,numberOfRobotsOnWhiteSite
18473,19,20
timeStep,numberOfRobotsOnBlackSite,numberOfRobotsOnWhiteSite
18474,19,20
timeStep,numberOfRobotsOnBlackSite,numberOfRobotsOnWhiteSite
18475,19,20
timeStep,numberOfRobotsOnBlackSite,numberOfRobotsOnWhiteSite
18476,19,20
timeStep,numberOfRobotsOnBlackSite,numberOfRobotsOnWhiteSite
18477,19,20
timeStep,numberOfRobotsOnBlackSite,numberOfRobotsOnWhiteSite
18478,19,20
timeStep,numberOfRobotsOnBlackSite,numberOfRobotsOnWhiteSite
18479,19,20
timeStep,numberOfRobotsOnBlackSite,numberOfRobotsOnWhiteSite
18480,19,20
timeStep,numberOfRobotsOnBlackSite,numberOfRobotsOnWhiteSite
18481,19,20
timeStep,numberOfRobotsOnBlackSite,numberOfRobotsOnWhiteSite
18482,19,20
timeStep,numberOfRobotsOnBlackSite,numberOfRobotsOnWhiteSite
18483,19,20
timeStep,numberOfRobotsOnBlackSite,numberOfRobotsOnWhiteSite
18484,19,20
timeStep,numberOfRobotsOnBlackSite,numberOfRobotsOnWhiteSite
18485,19,20
timeStep,numberOfRobotsOnBlackSite,numberOfRobotsOnWhiteSite
18486,19,20
timeStep,numberOfRobotsOnBlackSite,numberOfRobotsOnWhiteSite
18487,19,20
timeStep,numberOfRobotsOnBlackSite,numberOfRobotsOnWhiteSite
18488,19,20
timeStep,numberOfRobotsOnBlackSite,numberOfRobotsOnWhiteSite
18489,19,20
timeStep,numberOfRobotsOnBlackSite,numberOfRobotsOnWhiteSite
18490,19,20
timeStep,numberOfRobotsOnBlackSite,numberOfRobotsOnWhiteSite
18491,19,20
timeStep,numberOfRobotsOnBlackSite,numberOfRobotsOnWhiteSite
18492,19,20
timeStep,numberOfRobotsOnBlackSite,numberOfRobotsOnWhiteSite
18493,19,20
timeStep,numberOfRobotsOnBlackSite,numberOfRobotsOnWhiteSite
18494,19,20
timeStep,numberOfRobotsOnBlackSite,numberOfRobotsOnWhiteSite
18495,19,20
timeStep,numberOfRobotsOnBlackSite,numberOfRobotsOnWhiteSite
18496,19,20
timeStep,numberOfRobotsOnBlackSite,numberOfRobotsOnWhiteSite
18497,19,20
timeStep,numberOfRobotsOnBlackSite,numberOfRobotsOnWhiteSite
18498,19,20
timeStep,numberOfRobotsOnBlackSite,numberOfRobotsOnWhiteSite
18499,19,20
timeStep,numberOfRobotsOnBlackSite,numberOfRobotsOnWhiteSite
18500,19,20
timeStep,numberOfRobotsOnBlackSite,numberOfRobotsOnWhiteSite
18501,19,20
timeStep,numberOfRobotsOnBlackSite,numberOfRobotsOnWhiteSite
18502,19,20
timeStep,numberOfRobotsOnBlackSite,numberOfRobotsOnWhiteSite
18503,19,20
timeStep,numberOfRobotsOnBlackSite,numberOfRobotsOnWhiteSite
18504,19,20
timeStep,numberOfRobotsOnBlackSite,numberOfRobotsOnWhiteSite
18505,19,20
timeStep,numberOfRobotsOnBlackSite,numberOfRobotsOnWhiteSite
18506,19,20
timeStep,numberOfRobotsOnBlackSite,numberOfRobotsOnWhiteSite
18507,19,20
timeStep,numberOfRobotsOnBlackSite,numberOfRobotsOnWhiteSite
18508,19,20
timeStep,numberOfRobotsOnBlackSite,numberOfRobotsOnWhiteSite
18509,19,20
timeStep,numberOfRobotsOnBlackSite,numberOfRobotsOnWhiteSite
18510,19,20
timeStep,numberOfRobotsOnBlackSite,numberOfRobotsOnWhiteSite
18511,19,20
timeStep,numberOfRobotsOnBlackSite,numberOfRobotsOnWhiteSite
18512,19,20
timeStep,numberOfRobotsOnBlackSite,numberOfRobotsOnWhiteSite
18513,19,20
timeStep,numberOfRobotsOnBlackSite,numberOfRobotsOnWhiteSite
18514,19,20
timeStep,numberOfRobotsOnBlackSite,numberOfRobotsOnWhiteSite
18515,19,20
timeStep,numberOfRobotsOnBlackSite,numberOfRobotsOnWhiteSite
18516,19,20
timeStep,numberOfRobotsOnBlackSite,numberOfRobotsOnWhiteSite
18517,19,20
timeStep,numberOfRobotsOnBlackSite,numberOfRobotsOnWhiteSite
18518,19,20
timeStep,numberOfRobotsOnBlackSite,numberOfRobotsOnWhiteSite
18519,19,20
timeStep,numberOfRobotsOnBlackSite,numberOfRobotsOnWhiteSite
18520,19,20
timeStep,numberOfRobotsOnBlackSite,numberOfRobotsOnWhiteSite
18521,19,20
timeStep,numberOfRobotsOnBlackSite,numberOfRobotsOnWhiteSite
18522,19,20
timeStep,numberOfRobotsOnBlackSite,numberOfRobotsOnWhiteSite
18523,19,20
timeStep,numberOfRobotsOnBlackSite,numberOfRobotsOnWhiteSite
18524,19,20
timeStep,numberOfRobotsOnBlackSite,numberOfRobotsOnWhiteSite
18525,19,20
timeStep,numberOfRobotsOnBlackSite,numberOfRobotsOnWhiteSite
18526,19,20
timeStep,numberOfRobotsOnBlackSite,numberOfRobotsOnWhiteSite
18527,19,20
timeStep,numberOfRobotsOnBlackSite,numberOfRobotsOnWhiteSite
18528,19,20
timeStep,numberOfRobotsOnBlackSite,numberOfRobotsOnWhiteSite
18529,19,20
timeStep,numberOfRobotsOnBlackSite,numberOfRobotsOnWhiteSite
18530,19,20
timeStep,numberOfRobotsOnBlackSite,numberOfRobotsOnWhiteSite
18531,19,20
timeStep,numberOfRobotsOnBlackSite,numberOfRobotsOnWhiteSite
18532,19,20
timeStep,numberOfRobotsOnBlackSite,numberOfRobotsOnWhiteSite
18533,19,20
timeStep,numberOfRobotsOnBlackSite,numberOfRobotsOnWhiteSite
18534,19,20
timeStep,numberOfRobotsOnBlackSite,numberOfRobotsOnWhiteSite
18535,19,20
timeStep,numberOfRobotsOnBlackSite,numberOfRobotsOnWhiteSite
18536,19,20
timeStep,numberOfRobotsOnBlackSite,numberOfRobotsOnWhiteSite
18537,19,20
timeStep,numberOfRobotsOnBlackSite,numberOfRobotsOnWhiteSite
18538,19,20
timeStep,numberOfRobotsOnBlackSite,numberOfRobotsOnWhiteSite
18539,19,20
timeStep,numberOfRobotsOnBlackSite,numberOfRobotsOnWhiteSite
18540,19,20
timeStep,numberOfRobotsOnBlackSite,numberOfRobotsOnWhiteSite
18541,19,20
timeStep,numberOfRobotsOnBlackSite,numberOfRobotsOnWhiteSite
18542,19,20
timeStep,numberOfRobotsOnBlackSite,numberOfRobotsOnWhiteSite
18543,19,20
timeStep,numberOfRobotsOnBlackSite,numberOfRobotsOnWhiteSite
18544,19,20
timeStep,numberOfRobotsOnBlackSite,numberOfRobotsOnWhiteSite
18545,19,20
timeStep,numberOfRobotsOnBlackSite,numberOfRobotsOnWhiteSite
18546,19,20
timeStep,numberOfRobotsOnBlackSite,numberOfRobotsOnWhiteSite
18547,19,20
timeStep,numberOfRobotsOnBlackSite,numberOfRobotsOnWhiteSite
18548,19,20
timeStep,numberOfRobotsOnBlackSite,numberOfRobotsOnWhiteSite
18549,19,20
timeStep,numberOfRobotsOnBlackSite,numberOfRobotsOnWhiteSite
18550,19,20
timeStep,numberOfRobotsOnBlackSite,numberOfRobotsOnWhiteSite
18551,19,20
timeStep,numberOfRobotsOnBlackSite,numberOfRobotsOnWhiteSite
18552,19,20
timeStep,numberOfRobotsOnBlackSite,numberOfRobotsOnWhiteSite
18553,19,20
timeStep,numberOfRobotsOnBlackSite,numberOfRobotsOnWhiteSite
18554,19,20
timeStep,numberOfRobotsOnBlackSite,numberOfRobotsOnWhiteSite
18555,19,20
timeStep,numberOfRobotsOnBlackSite,numberOfRobotsOnWhiteSite
18556,19,20
timeStep,numberOfRobotsOnBlackSite,numberOfRobotsOnWhiteSite
18557,19,20
timeStep,numberOfRobotsOnBlackSite,numberOfRobotsOnWhiteSite
18558,19,20
timeStep,numberOfRobotsOnBlackSite,numberOfRobotsOnWhiteSite
18559,19,20
timeStep,numberOfRobotsOnBlackSite,numberOfRobotsOnWhiteSite
18560,19,20
timeStep,numberOfRobotsOnBlackSite,numberOfRobotsOnWhiteSite
18561,19,20
timeStep,numberOfRobotsOnBlackSite,numberOfRobotsOnWhiteSite
18562,19,20
timeStep,numberOfRobotsOnBlackSite,numberOfRobotsOnWhiteSite
18563,19,20
timeStep,numberOfRobotsOnBlackSite,numberOfRobotsOnWhiteSite
18564,19,20
timeStep,numberOfRobotsOnBlackSite,numberOfRobotsOnWhiteSite
18565,19,20
timeStep,numberOfRobotsOnBlackSite,numberOfRobotsOnWhiteSite
18566,19,20
timeStep,numberOfRobotsOnBlackSite,numberOfRobotsOnWhiteSite
18567,19,20
timeStep,numberOfRobotsOnBlackSite,numberOfRobotsOnWhiteSite
18568,19,20
timeStep,numberOfRobotsOnBlackSite,numberOfRobotsOnWhiteSite
18569,19,20
timeStep,numberOfRobotsOnBlackSite,numberOfRobotsOnWhiteSite
18570,19,20
timeStep,numberOfRobotsOnBlackSite,numberOfRobotsOnWhiteSite
18571,19,20
timeStep,numberOfRobotsOnBlackSite,numberOfRobotsOnWhiteSite
18572,19,20
timeStep,numberOfRobotsOnBlackSite,numberOfRobotsOnWhiteSite
18573,19,20
timeStep,numberOfRobotsOnBlackSite,numberOfRobotsOnWhiteSite
18574,19,20
timeStep,numberOfRobotsOnBlackSite,numberOfRobotsOnWhiteSite
18575,19,20
timeStep,numberOfRobotsOnBlackSite,numberOfRobotsOnWhiteSite
18576,19,20
timeStep,numberOfRobotsOnBlackSite,numberOfRobotsOnWhiteSite
18577,19,20
timeStep,numberOfRobotsOnBlackSite,numberOfRobotsOnWhiteSite
18578,19,20
timeStep,numberOfRobotsOnBlackSite,numberOfRobotsOnWhiteSite
18579,19,20
timeStep,numberOfRobotsOnBlackSite,numberOfRobotsOnWhiteSite
18580,19,20
timeStep,numberOfRobotsOnBlackSite,numberOfRobotsOnWhiteSite
18581,19,20
timeStep,numberOfRobotsOnBlackSite,numberOfRobotsOnWhiteSite
18582,19,20
timeStep,numberOfRobotsOnBlackSite,numberOfRobotsOnWhiteSite
18583,19,20
timeStep,numberOfRobotsOnBlackSite,numberOfRobotsOnWhiteSite
18584,19,20
timeStep,numberOfRobotsOnBlackSite,numberOfRobotsOnWhiteSite
18585,19,20
timeStep,numberOfRobotsOnBlackSite,numberOfRobotsOnWhiteSite
18586,19,20
timeStep,numberOfRobotsOnBlackSite,numberOfRobotsOnWhiteSite
18587,19,20
timeStep,numberOfRobotsOnBlackSite,numberOfRobotsOnWhiteSite
18588,19,20
timeStep,numberOfRobotsOnBlackSite,numberOfRobotsOnWhiteSite
18589,19,20
timeStep,numberOfRobotsOnBlackSite,numberOfRobotsOnWhiteSite
18590,19,20
timeStep,numberOfRobotsOnBlackSite,numberOfRobotsOnWhiteSite
18591,19,20
timeStep,numberOfRobotsOnBlackSite,numberOfRobotsOnWhiteSite
18592,19,20
timeStep,numberOfRobotsOnBlackSite,numberOfRobotsOnWhiteSite
18593,19,20
timeStep,numberOfRobotsOnBlackSite,numberOfRobotsOnWhiteSite
18594,19,20
timeStep,numberOfRobotsOnBlackSite,numberOfRobotsOnWhiteSite
18595,19,20
timeStep,numberOfRobotsOnBlackSite,numberOfRobotsOnWhiteSite
18596,19,20
timeStep,numberOfRobotsOnBlackSite,numberOfRobotsOnWhiteSite
18597,19,20
timeStep,numberOfRobotsOnBlackSite,numberOfRobotsOnWhiteSite
18598,19,20
timeStep,numberOfRobotsOnBlackSite,numberOfRobotsOnWhiteSite
18599,19,20
timeStep,numberOfRobotsOnBlackSite,numberOfRobotsOnWhiteSite
18600,19,20
timeStep,numberOfRobotsOnBlackSite,numberOfRobotsOnWhiteSite
18601,19,20
timeStep,numberOfRobotsOnBlackSite,numberOfRobotsOnWhiteSite
18602,19,20
timeStep,numberOfRobotsOnBlackSite,numberOfRobotsOnWhiteSite
18603,19,20
timeStep,numberOfRobotsOnBlackSite,numberOfRobotsOnWhiteSite
18604,19,20
timeStep,numberOfRobotsOnBlackSite,numberOfRobotsOnWhiteSite
18605,19,20
timeStep,numberOfRobotsOnBlackSite,numberOfRobotsOnWhiteSite
18606,19,20
timeStep,numberOfRobotsOnBlackSite,numberOfRobotsOnWhiteSite
18607,19,20
timeStep,numberOfRobotsOnBlackSite,numberOfRobotsOnWhiteSite
18608,19,20
timeStep,numberOfRobotsOnBlackSite,numberOfRobotsOnWhiteSite
18609,19,20
timeStep,numberOfRobotsOnBlackSite,numberOfRobotsOnWhiteSite
18610,19,20
timeStep,numberOfRobotsOnBlackSite,numberOfRobotsOnWhiteSite
18611,19,20
timeStep,numberOfRobotsOnBlackSite,numberOfRobotsOnWhiteSite
18612,19,20
timeStep,numberOfRobotsOnBlackSite,numberOfRobotsOnWhiteSite
18613,19,20
timeStep,numberOfRobotsOnBlackSite,numberOfRobotsOnWhiteSite
18614,19,20
timeStep,numberOfRobotsOnBlackSite,numberOfRobotsOnWhiteSite
18615,19,20
timeStep,numberOfRobotsOnBlackSite,numberOfRobotsOnWhiteSite
18616,19,20
timeStep,numberOfRobotsOnBlackSite,numberOfRobotsOnWhiteSite
18617,19,20
timeStep,numberOfRobotsOnBlackSite,numberOfRobotsOnWhiteSite
18618,19,20
timeStep,numberOfRobotsOnBlackSite,numberOfRobotsOnWhiteSite
18619,19,20
timeStep,numberOfRobotsOnBlackSite,numberOfRobotsOnWhiteSite
18620,19,20
timeStep,numberOfRobotsOnBlackSite,numberOfRobotsOnWhiteSite
18621,19,20
timeStep,numberOfRobotsOnBlackSite,numberOfRobotsOnWhiteSite
18622,19,20
timeStep,numberOfRobotsOnBlackSite,numberOfRobotsOnWhiteSite
18623,19,20
timeStep,numberOfRobotsOnBlackSite,numberOfRobotsOnWhiteSite
18624,19,20
timeStep,numberOfRobotsOnBlackSite,numberOfRobotsOnWhiteSite
18625,19,20
timeStep,numberOfRobotsOnBlackSite,numberOfRobotsOnWhiteSite
18626,19,20
timeStep,numberOfRobotsOnBlackSite,numberOfRobotsOnWhiteSite
18627,19,20
timeStep,numberOfRobotsOnBlackSite,numberOfRobotsOnWhiteSite
18628,19,20
timeStep,numberOfRobotsOnBlackSite,numberOfRobotsOnWhiteSite
18629,19,20
timeStep,numberOfRobotsOnBlackSite,numberOfRobotsOnWhiteSite
18630,19,20
timeStep,numberOfRobotsOnBlackSite,numberOfRobotsOnWhiteSite
18631,19,20
timeStep,numberOfRobotsOnBlackSite,numberOfRobotsOnWhiteSite
18632,19,20
timeStep,numberOfRobotsOnBlackSite,numberOfRobotsOnWhiteSite
18633,19,20
timeStep,numberOfRobotsOnBlackSite,numberOfRobotsOnWhiteSite
18634,19,20
timeStep,numberOfRobotsOnBlackSite,numberOfRobotsOnWhiteSite
18635,19,20
timeStep,numberOfRobotsOnBlackSite,numberOfRobotsOnWhiteSite
18636,19,20
timeStep,numberOfRobotsOnBlackSite,numberOfRobotsOnWhiteSite
18637,19,20
timeStep,numberOfRobotsOnBlackSite,numberOfRobotsOnWhiteSite
18638,19,20
timeStep,numberOfRobotsOnBlackSite,numberOfRobotsOnWhiteSite
18639,19,20
timeStep,numberOfRobotsOnBlackSite,numberOfRobotsOnWhiteSite
18640,19,20
timeStep,numberOfRobotsOnBlackSite,numberOfRobotsOnWhiteSite
18641,19,20
timeStep,numberOfRobotsOnBlackSite,numberOfRobotsOnWhiteSite
18642,19,20
timeStep,numberOfRobotsOnBlackSite,numberOfRobotsOnWhiteSite
18643,19,20
timeStep,numberOfRobotsOnBlackSite,numberOfRobotsOnWhiteSite
18644,19,20
timeStep,numberOfRobotsOnBlackSite,numberOfRobotsOnWhiteSite
18645,19,20
timeStep,numberOfRobotsOnBlackSite,numberOfRobotsOnWhiteSite
18646,19,20
timeStep,numberOfRobotsOnBlackSite,numberOfRobotsOnWhiteSite
18647,19,20
timeStep,numberOfRobotsOnBlackSite,numberOfRobotsOnWhiteSite
18648,19,20
timeStep,numberOfRobotsOnBlackSite,numberOfRobotsOnWhiteSite
18649,19,20
timeStep,numberOfRobotsOnBlackSite,numberOfRobotsOnWhiteSite
18650,19,20
timeStep,numberOfRobotsOnBlackSite,numberOfRobotsOnWhiteSite
18651,19,20
timeStep,numberOfRobotsOnBlackSite,numberOfRobotsOnWhiteSite
18652,19,20
timeStep,numberOfRobotsOnBlackSite,numberOfRobotsOnWhiteSite
18653,19,20
timeStep,numberOfRobotsOnBlackSite,numberOfRobotsOnWhiteSite
18654,19,20
timeStep,numberOfRobotsOnBlackSite,numberOfRobotsOnWhiteSite
18655,19,20
timeStep,numberOfRobotsOnBlackSite,numberOfRobotsOnWhiteSite
18656,19,20
timeStep,numberOfRobotsOnBlackSite,numberOfRobotsOnWhiteSite
18657,19,20
timeStep,numberOfRobotsOnBlackSite,numberOfRobotsOnWhiteSite
18658,19,20
timeStep,numberOfRobotsOnBlackSite,numberOfRobotsOnWhiteSite
18659,19,20
timeStep,numberOfRobotsOnBlackSite,numberOfRobotsOnWhiteSite
18660,20,20
timeStep,numberOfRobotsOnBlackSite,numberOfRobotsOnWhiteSite
18661,20,20
timeStep,numberOfRobotsOnBlackSite,numberOfRobotsOnWhiteSite
18662,20,20
timeStep,numberOfRobotsOnBlackSite,numberOfRobotsOnWhiteSite
18663,20,20
timeStep,numberOfRobotsOnBlackSite,numberOfRobotsOnWhiteSite
18664,20,20
timeStep,numberOfRobotsOnBlackSite,numberOfRobotsOnWhiteSite
18665,20,20
timeStep,numberOfRobotsOnBlackSite,numberOfRobotsOnWhiteSite
18666,20,20
timeStep,numberOfRobotsOnBlackSite,numberOfRobotsOnWhiteSite
18667,20,20
timeStep,numberOfRobotsOnBlackSite,numberOfRobotsOnWhiteSite
18668,20,20
timeStep,numberOfRobotsOnBlackSite,numberOfRobotsOnWhiteSite
18669,20,20
timeStep,numberOfRobotsOnBlackSite,numberOfRobotsOnWhiteSite
18670,20,20
timeStep,numberOfRobotsOnBlackSite,numberOfRobotsOnWhiteSite
18671,20,20
timeStep,numberOfRobotsOnBlackSite,numberOfRobotsOnWhiteSite
18672,20,20
timeStep,numberOfRobotsOnBlackSite,numberOfRobotsOnWhiteSite
18673,20,20
timeStep,numberOfRobotsOnBlackSite,numberOfRobotsOnWhiteSite
18674,20,20
timeStep,numberOfRobotsOnBlackSite,numberOfRobotsOnWhiteSite
18675,20,20
timeStep,numberOfRobotsOnBlackSite,numberOfRobotsOnWhiteSite
18676,20,20
timeStep,numberOfRobotsOnBlackSite,numberOfRobotsOnWhiteSite
18677,20,20
timeStep,numberOfRobotsOnBlackSite,numberOfRobotsOnWhiteSite
18678,20,20
timeStep,numberOfRobotsOnBlackSite,numberOfRobotsOnWhiteSite
18679,20,20
timeStep,numberOfRobotsOnBlackSite,numberOfRobotsOnWhiteSite
18680,20,20
timeStep,numberOfRobotsOnBlackSite,numberOfRobotsOnWhiteSite
18681,20,20
timeStep,numberOfRobotsOnBlackSite,numberOfRobotsOnWhiteSite
18682,20,20
timeStep,numberOfRobotsOnBlackSite,numberOfRobotsOnWhiteSite
18683,20,20
timeStep,numberOfRobotsOnBlackSite,numberOfRobotsOnWhiteSite
18684,20,20
timeStep,numberOfRobotsOnBlackSite,numberOfRobotsOnWhiteSite
18685,20,20
timeStep,numberOfRobotsOnBlackSite,numberOfRobotsOnWhiteSite
18686,20,20
timeStep,numberOfRobotsOnBlackSite,numberOfRobotsOnWhiteSite
18687,20,20
timeStep,numberOfRobotsOnBlackSite,numberOfRobotsOnWhiteSite
18688,20,20
timeStep,numberOfRobotsOnBlackSite,numberOfRobotsOnWhiteSite
18689,20,20
timeStep,numberOfRobotsOnBlackSite,numberOfRobotsOnWhiteSite
18690,20,20
timeStep,numberOfRobotsOnBlackSite,numberOfRobotsOnWhiteSite
18691,20,20
timeStep,numberOfRobotsOnBlackSite,numberOfRobotsOnWhiteSite
18692,20,20
timeStep,numberOfRobotsOnBlackSite,numberOfRobotsOnWhiteSite
18693,20,20
timeStep,numberOfRobotsOnBlackSite,numberOfRobotsOnWhiteSite
18694,20,20
timeStep,numberOfRobotsOnBlackSite,numberOfRobotsOnWhiteSite
18695,20,20
timeStep,numberOfRobotsOnBlackSite,numberOfRobotsOnWhiteSite
18696,20,20
timeStep,numberOfRobotsOnBlackSite,numberOfRobotsOnWhiteSite
18697,20,20
timeStep,numberOfRobotsOnBlackSite,numberOfRobotsOnWhiteSite
18698,20,20
timeStep,numberOfRobotsOnBlackSite,numberOfRobotsOnWhiteSite
18699,20,20
timeStep,numberOfRobotsOnBlackSite,numberOfRobotsOnWhiteSite
18700,20,20
timeStep,numberOfRobotsOnBlackSite,numberOfRobotsOnWhiteSite
18701,20,20
timeStep,numberOfRobotsOnBlackSite,numberOfRobotsOnWhiteSite
18702,20,20
timeStep,numberOfRobotsOnBlackSite,numberOfRobotsOnWhiteSite
18703,20,20
timeStep,numberOfRobotsOnBlackSite,numberOfRobotsOnWhiteSite
18704,20,20
timeStep,numberOfRobotsOnBlackSite,numberOfRobotsOnWhiteSite
18705,20,20
timeStep,numberOfRobotsOnBlackSite,numberOfRobotsOnWhiteSite
18706,20,20
timeStep,numberOfRobotsOnBlackSite,numberOfRobotsOnWhiteSite
18707,20,20
timeStep,numberOfRobotsOnBlackSite,numberOfRobotsOnWhiteSite
18708,20,20
timeStep,numberOfRobotsOnBlackSite,numberOfRobotsOnWhiteSite
18709,20,20
timeStep,numberOfRobotsOnBlackSite,numberOfRobotsOnWhiteSite
18710,19,20
timeStep,numberOfRobotsOnBlackSite,numberOfRobotsOnWhiteSite
18711,19,20
timeStep,numberOfRobotsOnBlackSite,numberOfRobotsOnWhiteSite
18712,19,20
timeStep,numberOfRobotsOnBlackSite,numberOfRobotsOnWhiteSite
18713,19,20
timeStep,numberOfRobotsOnBlackSite,numberOfRobotsOnWhiteSite
18714,19,20
timeStep,numberOfRobotsOnBlackSite,numberOfRobotsOnWhiteSite
18715,19,20
timeStep,numberOfRobotsOnBlackSite,numberOfRobotsOnWhiteSite
18716,19,20
timeStep,numberOfRobotsOnBlackSite,numberOfRobotsOnWhiteSite
18717,19,20
timeStep,numberOfRobotsOnBlackSite,numberOfRobotsOnWhiteSite
18718,19,20
timeStep,numberOfRobotsOnBlackSite,numberOfRobotsOnWhiteSite
18719,19,20
timeStep,numberOfRobotsOnBlackSite,numberOfRobotsOnWhiteSite
18720,19,20
timeStep,numberOfRobotsOnBlackSite,numberOfRobotsOnWhiteSite
18721,19,20
timeStep,numberOfRobotsOnBlackSite,numberOfRobotsOnWhiteSite
18722,19,20
timeStep,numberOfRobotsOnBlackSite,numberOfRobotsOnWhiteSite
18723,19,20
timeStep,numberOfRobotsOnBlackSite,numberOfRobotsOnWhiteSite
18724,19,20
timeStep,numberOfRobotsOnBlackSite,numberOfRobotsOnWhiteSite
18725,19,20
timeStep,numberOfRobotsOnBlackSite,numberOfRobotsOnWhiteSite
18726,19,20
timeStep,numberOfRobotsOnBlackSite,numberOfRobotsOnWhiteSite
18727,19,20
timeStep,numberOfRobotsOnBlackSite,numberOfRobotsOnWhiteSite
18728,19,20
timeStep,numberOfRobotsOnBlackSite,numberOfRobotsOnWhiteSite
18729,19,20
timeStep,numberOfRobotsOnBlackSite,numberOfRobotsOnWhiteSite
18730,19,20
timeStep,numberOfRobotsOnBlackSite,numberOfRobotsOnWhiteSite
18731,19,20
timeStep,numberOfRobotsOnBlackSite,numberOfRobotsOnWhiteSite
18732,19,20
timeStep,numberOfRobotsOnBlackSite,numberOfRobotsOnWhiteSite
18733,19,20
timeStep,numberOfRobotsOnBlackSite,numberOfRobotsOnWhiteSite
18734,19,20
timeStep,numberOfRobotsOnBlackSite,numberOfRobotsOnWhiteSite
18735,19,20
timeStep,numberOfRobotsOnBlackSite,numberOfRobotsOnWhiteSite
18736,19,20
timeStep,numberOfRobotsOnBlackSite,numberOfRobotsOnWhiteSite
18737,19,20
timeStep,numberOfRobotsOnBlackSite,numberOfRobotsOnWhiteSite
18738,19,20
timeStep,numberOfRobotsOnBlackSite,numberOfRobotsOnWhiteSite
18739,19,20
timeStep,numberOfRobotsOnBlackSite,numberOfRobotsOnWhiteSite
18740,19,20
timeStep,numberOfRobotsOnBlackSite,numberOfRobotsOnWhiteSite
18741,19,20
timeStep,numberOfRobotsOnBlackSite,numberOfRobotsOnWhiteSite
18742,19,20
timeStep,numberOfRobotsOnBlackSite,numberOfRobotsOnWhiteSite
18743,19,20
timeStep,numberOfRobotsOnBlackSite,numberOfRobotsOnWhiteSite
18744,19,20
timeStep,numberOfRobotsOnBlackSite,numberOfRobotsOnWhiteSite
18745,19,20
timeStep,numberOfRobotsOnBlackSite,numberOfRobotsOnWhiteSite
18746,19,20
timeStep,numberOfRobotsOnBlackSite,numberOfRobotsOnWhiteSite
18747,19,20
timeStep,numberOfRobotsOnBlackSite,numberOfRobotsOnWhiteSite
18748,19,20
timeStep,numberOfRobotsOnBlackSite,numberOfRobotsOnWhiteSite
18749,19,20
timeStep,numberOfRobotsOnBlackSite,numberOfRobotsOnWhiteSite
18750,19,20
timeStep,numberOfRobotsOnBlackSite,numberOfRobotsOnWhiteSite
18751,19,20
timeStep,numberOfRobotsOnBlackSite,numberOfRobotsOnWhiteSite
18752,19,20
timeStep,numberOfRobotsOnBlackSite,numberOfRobotsOnWhiteSite
18753,19,20
timeStep,numberOfRobotsOnBlackSite,numberOfRobotsOnWhiteSite
18754,19,20
timeStep,numberOfRobotsOnBlackSite,numberOfRobotsOnWhiteSite
18755,19,20
timeStep,numberOfRobotsOnBlackSite,numberOfRobotsOnWhiteSite
18756,19,20
timeStep,numberOfRobotsOnBlackSite,numberOfRobotsOnWhiteSite
18757,19,20
timeStep,numberOfRobotsOnBlackSite,numberOfRobotsOnWhiteSite
18758,19,20
timeStep,numberOfRobotsOnBlackSite,numberOfRobotsOnWhiteSite
18759,19,20
timeStep,numberOfRobotsOnBlackSite,numberOfRobotsOnWhiteSite
18760,19,20
timeStep,numberOfRobotsOnBlackSite,numberOfRobotsOnWhiteSite
18761,19,20
timeStep,numberOfRobotsOnBlackSite,numberOfRobotsOnWhiteSite
18762,19,20
timeStep,numberOfRobotsOnBlackSite,numberOfRobotsOnWhiteSite
18763,19,20
timeStep,numberOfRobotsOnBlackSite,numberOfRobotsOnWhiteSite
18764,19,20
timeStep,numberOfRobotsOnBlackSite,numberOfRobotsOnWhiteSite
18765,19,20
timeStep,numberOfRobotsOnBlackSite,numberOfRobotsOnWhiteSite
18766,19,20
timeStep,numberOfRobotsOnBlackSite,numberOfRobotsOnWhiteSite
18767,19,20
timeStep,numberOfRobotsOnBlackSite,numberOfRobotsOnWhiteSite
18768,19,20
timeStep,numberOfRobotsOnBlackSite,numberOfRobotsOnWhiteSite
18769,19,20
timeStep,numberOfRobotsOnBlackSite,numberOfRobotsOnWhiteSite
18770,19,20
timeStep,numberOfRobotsOnBlackSite,numberOfRobotsOnWhiteSite
18771,19,20
timeStep,numberOfRobotsOnBlackSite,numberOfRobotsOnWhiteSite
18772,19,20
timeStep,numberOfRobotsOnBlackSite,numberOfRobotsOnWhiteSite
18773,19,20
timeStep,numberOfRobotsOnBlackSite,numberOfRobotsOnWhiteSite
18774,19,20
timeStep,numberOfRobotsOnBlackSite,numberOfRobotsOnWhiteSite
18775,19,20
timeStep,numberOfRobotsOnBlackSite,numberOfRobotsOnWhiteSite
18776,19,20
timeStep,numberOfRobotsOnBlackSite,numberOfRobotsOnWhiteSite
18777,19,20
timeStep,numberOfRobotsOnBlackSite,numberOfRobotsOnWhiteSite
18778,19,20
timeStep,numberOfRobotsOnBlackSite,numberOfRobotsOnWhiteSite
18779,19,20
timeStep,numberOfRobotsOnBlackSite,numberOfRobotsOnWhiteSite
18780,19,20
timeStep,numberOfRobotsOnBlackSite,numberOfRobotsOnWhiteSite
18781,19,20
timeStep,numberOfRobotsOnBlackSite,numberOfRobotsOnWhiteSite
18782,19,20
timeStep,numberOfRobotsOnBlackSite,numberOfRobotsOnWhiteSite
18783,19,20
timeStep,numberOfRobotsOnBlackSite,numberOfRobotsOnWhiteSite
18784,19,20
timeStep,numberOfRobotsOnBlackSite,numberOfRobotsOnWhiteSite
18785,19,20
timeStep,numberOfRobotsOnBlackSite,numberOfRobotsOnWhiteSite
18786,19,20
timeStep,numberOfRobotsOnBlackSite,numberOfRobotsOnWhiteSite
18787,19,20
timeStep,numberOfRobotsOnBlackSite,numberOfRobotsOnWhiteSite
18788,19,20
timeStep,numberOfRobotsOnBlackSite,numberOfRobotsOnWhiteSite
18789,19,20
timeStep,numberOfRobotsOnBlackSite,numberOfRobotsOnWhiteSite
18790,19,20
timeStep,numberOfRobotsOnBlackSite,numberOfRobotsOnWhiteSite
18791,19,20
timeStep,numberOfRobotsOnBlackSite,numberOfRobotsOnWhiteSite
18792,19,20
timeStep,numberOfRobotsOnBlackSite,numberOfRobotsOnWhiteSite
18793,19,20
timeStep,numberOfRobotsOnBlackSite,numberOfRobotsOnWhiteSite
18794,19,20
timeStep,numberOfRobotsOnBlackSite,numberOfRobotsOnWhiteSite
18795,19,20
timeStep,numberOfRobotsOnBlackSite,numberOfRobotsOnWhiteSite
18796,19,20
timeStep,numberOfRobotsOnBlackSite,numberOfRobotsOnWhiteSite
18797,19,20
timeStep,numberOfRobotsOnBlackSite,numberOfRobotsOnWhiteSite
18798,19,20
timeStep,numberOfRobotsOnBlackSite,numberOfRobotsOnWhiteSite
18799,19,20
timeStep,numberOfRobotsOnBlackSite,numberOfRobotsOnWhiteSite
18800,19,20
timeStep,numberOfRobotsOnBlackSite,numberOfRobotsOnWhiteSite
18801,19,20
timeStep,numberOfRobotsOnBlackSite,numberOfRobotsOnWhiteSite
18802,19,20
timeStep,numberOfRobotsOnBlackSite,numberOfRobotsOnWhiteSite
18803,19,20
timeStep,numberOfRobotsOnBlackSite,numberOfRobotsOnWhiteSite
18804,19,20
timeStep,numberOfRobotsOnBlackSite,numberOfRobotsOnWhiteSite
18805,19,20
timeStep,numberOfRobotsOnBlackSite,numberOfRobotsOnWhiteSite
18806,19,20
timeStep,numberOfRobotsOnBlackSite,numberOfRobotsOnWhiteSite
18807,19,20
timeStep,numberOfRobotsOnBlackSite,numberOfRobotsOnWhiteSite
18808,19,20
timeStep,numberOfRobotsOnBlackSite,numberOfRobotsOnWhiteSite
18809,19,20
timeStep,numberOfRobotsOnBlackSite,numberOfRobotsOnWhiteSite
18810,19,20
timeStep,numberOfRobotsOnBlackSite,numberOfRobotsOnWhiteSite
18811,19,20
timeStep,numberOfRobotsOnBlackSite,numberOfRobotsOnWhiteSite
18812,19,20
timeStep,numberOfRobotsOnBlackSite,numberOfRobotsOnWhiteSite
18813,19,20
timeStep,numberOfRobotsOnBlackSite,numberOfRobotsOnWhiteSite
18814,19,20
timeStep,numberOfRobotsOnBlackSite,numberOfRobotsOnWhiteSite
18815,19,20
timeStep,numberOfRobotsOnBlackSite,numberOfRobotsOnWhiteSite
18816,19,20
timeStep,numberOfRobotsOnBlackSite,numberOfRobotsOnWhiteSite
18817,19,20
timeStep,numberOfRobotsOnBlackSite,numberOfRobotsOnWhiteSite
18818,19,20
timeStep,numberOfRobotsOnBlackSite,numberOfRobotsOnWhiteSite
18819,19,20
timeStep,numberOfRobotsOnBlackSite,numberOfRobotsOnWhiteSite
18820,19,20
timeStep,numberOfRobotsOnBlackSite,numberOfRobotsOnWhiteSite
18821,19,20
timeStep,numberOfRobotsOnBlackSite,numberOfRobotsOnWhiteSite
18822,19,20
timeStep,numberOfRobotsOnBlackSite,numberOfRobotsOnWhiteSite
18823,19,20
timeStep,numberOfRobotsOnBlackSite,numberOfRobotsOnWhiteSite
18824,19,20
timeStep,numberOfRobotsOnBlackSite,numberOfRobotsOnWhiteSite
18825,19,20
timeStep,numberOfRobotsOnBlackSite,numberOfRobotsOnWhiteSite
18826,19,20
timeStep,numberOfRobotsOnBlackSite,numberOfRobotsOnWhiteSite
18827,19,20
timeStep,numberOfRobotsOnBlackSite,numberOfRobotsOnWhiteSite
18828,19,20
timeStep,numberOfRobotsOnBlackSite,numberOfRobotsOnWhiteSite
18829,19,20
timeStep,numberOfRobotsOnBlackSite,numberOfRobotsOnWhiteSite
18830,19,20
timeStep,numberOfRobotsOnBlackSite,numberOfRobotsOnWhiteSite
18831,19,20
timeStep,numberOfRobotsOnBlackSite,numberOfRobotsOnWhiteSite
18832,19,20
timeStep,numberOfRobotsOnBlackSite,numberOfRobotsOnWhiteSite
18833,19,20
timeStep,numberOfRobotsOnBlackSite,numberOfRobotsOnWhiteSite
18834,19,20
timeStep,numberOfRobotsOnBlackSite,numberOfRobotsOnWhiteSite
18835,19,20
timeStep,numberOfRobotsOnBlackSite,numberOfRobotsOnWhiteSite
18836,19,20
timeStep,numberOfRobotsOnBlackSite,numberOfRobotsOnWhiteSite
18837,19,20
timeStep,numberOfRobotsOnBlackSite,numberOfRobotsOnWhiteSite
18838,19,20
timeStep,numberOfRobotsOnBlackSite,numberOfRobotsOnWhiteSite
18839,19,20
timeStep,numberOfRobotsOnBlackSite,numberOfRobotsOnWhiteSite
18840,19,20
timeStep,numberOfRobotsOnBlackSite,numberOfRobotsOnWhiteSite
18841,19,20
timeStep,numberOfRobotsOnBlackSite,numberOfRobotsOnWhiteSite
18842,19,20
timeStep,numberOfRobotsOnBlackSite,numberOfRobotsOnWhiteSite
18843,19,20
timeStep,numberOfRobotsOnBlackSite,numberOfRobotsOnWhiteSite
18844,19,20
timeStep,numberOfRobotsOnBlackSite,numberOfRobotsOnWhiteSite
18845,19,20
timeStep,numberOfRobotsOnBlackSite,numberOfRobotsOnWhiteSite
18846,19,20
timeStep,numberOfRobotsOnBlackSite,numberOfRobotsOnWhiteSite
18847,19,20
timeStep,numberOfRobotsOnBlackSite,numberOfRobotsOnWhiteSite
18848,19,20
timeStep,numberOfRobotsOnBlackSite,numberOfRobotsOnWhiteSite
18849,19,20
timeStep,numberOfRobotsOnBlackSite,numberOfRobotsOnWhiteSite
18850,19,20
timeStep,numberOfRobotsOnBlackSite,numberOfRobotsOnWhiteSite
18851,19,20
timeStep,numberOfRobotsOnBlackSite,numberOfRobotsOnWhiteSite
18852,19,20
timeStep,numberOfRobotsOnBlackSite,numberOfRobotsOnWhiteSite
18853,19,20
timeStep,numberOfRobotsOnBlackSite,numberOfRobotsOnWhiteSite
18854,19,20
timeStep,numberOfRobotsOnBlackSite,numberOfRobotsOnWhiteSite
18855,19,20
timeStep,numberOfRobotsOnBlackSite,numberOfRobotsOnWhiteSite
18856,19,20
timeStep,numberOfRobotsOnBlackSite,numberOfRobotsOnWhiteSite
18857,19,20
timeStep,numberOfRobotsOnBlackSite,numberOfRobotsOnWhiteSite
18858,19,20
timeStep,numberOfRobotsOnBlackSite,numberOfRobotsOnWhiteSite
18859,19,20
timeStep,numberOfRobotsOnBlackSite,numberOfRobotsOnWhiteSite
18860,19,20
timeStep,numberOfRobotsOnBlackSite,numberOfRobotsOnWhiteSite
18861,19,20
timeStep,numberOfRobotsOnBlackSite,numberOfRobotsOnWhiteSite
18862,19,20
timeStep,numberOfRobotsOnBlackSite,numberOfRobotsOnWhiteSite
18863,19,20
timeStep,numberOfRobotsOnBlackSite,numberOfRobotsOnWhiteSite
18864,19,20
timeStep,numberOfRobotsOnBlackSite,numberOfRobotsOnWhiteSite
18865,19,20
timeStep,numberOfRobotsOnBlackSite,numberOfRobotsOnWhiteSite
18866,19,20
timeStep,numberOfRobotsOnBlackSite,numberOfRobotsOnWhiteSite
18867,19,20
timeStep,numberOfRobotsOnBlackSite,numberOfRobotsOnWhiteSite
18868,19,20
timeStep,numberOfRobotsOnBlackSite,numberOfRobotsOnWhiteSite
18869,19,20
timeStep,numberOfRobotsOnBlackSite,numberOfRobotsOnWhiteSite
18870,19,20
timeStep,numberOfRobotsOnBlackSite,numberOfRobotsOnWhiteSite
18871,19,20
timeStep,numberOfRobotsOnBlackSite,numberOfRobotsOnWhiteSite
18872,19,20
timeStep,numberOfRobotsOnBlackSite,numberOfRobotsOnWhiteSite
18873,19,20
timeStep,numberOfRobotsOnBlackSite,numberOfRobotsOnWhiteSite
18874,19,20
timeStep,numberOfRobotsOnBlackSite,numberOfRobotsOnWhiteSite
18875,19,20
timeStep,numberOfRobotsOnBlackSite,numberOfRobotsOnWhiteSite
18876,19,20
timeStep,numberOfRobotsOnBlackSite,numberOfRobotsOnWhiteSite
18877,19,20
timeStep,numberOfRobotsOnBlackSite,numberOfRobotsOnWhiteSite
18878,19,20
timeStep,numberOfRobotsOnBlackSite,numberOfRobotsOnWhiteSite
18879,19,20
timeStep,numberOfRobotsOnBlackSite,numberOfRobotsOnWhiteSite
18880,19,20
timeStep,numberOfRobotsOnBlackSite,numberOfRobotsOnWhiteSite
18881,19,20
timeStep,numberOfRobotsOnBlackSite,numberOfRobotsOnWhiteSite
18882,19,20
timeStep,numberOfRobotsOnBlackSite,numberOfRobotsOnWhiteSite
18883,19,20
timeStep,numberOfRobotsOnBlackSite,numberOfRobotsOnWhiteSite
18884,19,20
timeStep,numberOfRobotsOnBlackSite,numberOfRobotsOnWhiteSite
18885,19,20
timeStep,numberOfRobotsOnBlackSite,numberOfRobotsOnWhiteSite
18886,19,20
timeStep,numberOfRobotsOnBlackSite,numberOfRobotsOnWhiteSite
18887,19,20
timeStep,numberOfRobotsOnBlackSite,numberOfRobotsOnWhiteSite
18888,19,20
timeStep,numberOfRobotsOnBlackSite,numberOfRobotsOnWhiteSite
18889,19,20
timeStep,numberOfRobotsOnBlackSite,numberOfRobotsOnWhiteSite
18890,19,20
timeStep,numberOfRobotsOnBlackSite,numberOfRobotsOnWhiteSite
18891,19,20
timeStep,numberOfRobotsOnBlackSite,numberOfRobotsOnWhiteSite
18892,19,20
timeStep,numberOfRobotsOnBlackSite,numberOfRobotsOnWhiteSite
18893,19,20
timeStep,numberOfRobotsOnBlackSite,numberOfRobotsOnWhiteSite
18894,19,20
timeStep,numberOfRobotsOnBlackSite,numberOfRobotsOnWhiteSite
18895,19,20
timeStep,numberOfRobotsOnBlackSite,numberOfRobotsOnWhiteSite
18896,19,20
timeStep,numberOfRobotsOnBlackSite,numberOfRobotsOnWhiteSite
18897,19,20
timeStep,numberOfRobotsOnBlackSite,numberOfRobotsOnWhiteSite
18898,19,20
timeStep,numberOfRobotsOnBlackSite,numberOfRobotsOnWhiteSite
18899,19,20
timeStep,numberOfRobotsOnBlackSite,numberOfRobotsOnWhiteSite
18900,19,20
timeStep,numberOfRobotsOnBlackSite,numberOfRobotsOnWhiteSite
18901,19,20
timeStep,numberOfRobotsOnBlackSite,numberOfRobotsOnWhiteSite
18902,19,20
timeStep,numberOfRobotsOnBlackSite,numberOfRobotsOnWhiteSite
18903,19,20
timeStep,numberOfRobotsOnBlackSite,numberOfRobotsOnWhiteSite
18904,19,20
timeStep,numberOfRobotsOnBlackSite,numberOfRobotsOnWhiteSite
18905,19,20
timeStep,numberOfRobotsOnBlackSite,numberOfRobotsOnWhiteSite
18906,19,20
timeStep,numberOfRobotsOnBlackSite,numberOfRobotsOnWhiteSite
18907,19,20
timeStep,numberOfRobotsOnBlackSite,numberOfRobotsOnWhiteSite
18908,19,20
timeStep,numberOfRobotsOnBlackSite,numberOfRobotsOnWhiteSite
18909,19,20
timeStep,numberOfRobotsOnBlackSite,numberOfRobotsOnWhiteSite
18910,19,20
timeStep,numberOfRobotsOnBlackSite,numberOfRobotsOnWhiteSite
18911,19,20
timeStep,numberOfRobotsOnBlackSite,numberOfRobotsOnWhiteSite
18912,19,20
timeStep,numberOfRobotsOnBlackSite,numberOfRobotsOnWhiteSite
18913,19,20
timeStep,numberOfRobotsOnBlackSite,numberOfRobotsOnWhiteSite
18914,19,20
timeStep,numberOfRobotsOnBlackSite,numberOfRobotsOnWhiteSite
18915,19,20
timeStep,numberOfRobotsOnBlackSite,numberOfRobotsOnWhiteSite
18916,19,20
timeStep,numberOfRobotsOnBlackSite,numberOfRobotsOnWhiteSite
18917,19,20
timeStep,numberOfRobotsOnBlackSite,numberOfRobotsOnWhiteSite
18918,19,20
timeStep,numberOfRobotsOnBlackSite,numberOfRobotsOnWhiteSite
18919,19,20
timeStep,numberOfRobotsOnBlackSite,numberOfRobotsOnWhiteSite
18920,19,20
timeStep,numberOfRobotsOnBlackSite,numberOfRobotsOnWhiteSite
18921,19,20
timeStep,numberOfRobotsOnBlackSite,numberOfRobotsOnWhiteSite
18922,19,20
timeStep,numberOfRobotsOnBlackSite,numberOfRobotsOnWhiteSite
18923,19,20
timeStep,numberOfRobotsOnBlackSite,numberOfRobotsOnWhiteSite
18924,19,20
timeStep,numberOfRobotsOnBlackSite,numberOfRobotsOnWhiteSite
18925,19,20
timeStep,numberOfRobotsOnBlackSite,numberOfRobotsOnWhiteSite
18926,19,20
timeStep,numberOfRobotsOnBlackSite,numberOfRobotsOnWhiteSite
18927,19,20
timeStep,numberOfRobotsOnBlackSite,numberOfRobotsOnWhiteSite
18928,19,20
timeStep,numberOfRobotsOnBlackSite,numberOfRobotsOnWhiteSite
18929,19,20
timeStep,numberOfRobotsOnBlackSite,numberOfRobotsOnWhiteSite
18930,19,20
timeStep,numberOfRobotsOnBlackSite,numberOfRobotsOnWhiteSite
18931,19,20
timeStep,numberOfRobotsOnBlackSite,numberOfRobotsOnWhiteSite
18932,19,20
timeStep,numberOfRobotsOnBlackSite,numberOfRobotsOnWhiteSite
18933,19,20
timeStep,numberOfRobotsOnBlackSite,numberOfRobotsOnWhiteSite
18934,19,20
timeStep,numberOfRobotsOnBlackSite,numberOfRobotsOnWhiteSite
18935,19,20
timeStep,numberOfRobotsOnBlackSite,numberOfRobotsOnWhiteSite
18936,19,20
timeStep,numberOfRobotsOnBlackSite,numberOfRobotsOnWhiteSite
18937,19,20
timeStep,numberOfRobotsOnBlackSite,numberOfRobotsOnWhiteSite
18938,19,20
timeStep,numberOfRobotsOnBlackSite,numberOfRobotsOnWhiteSite
18939,19,20
timeStep,numberOfRobotsOnBlackSite,numberOfRobotsOnWhiteSite
18940,19,20
timeStep,numberOfRobotsOnBlackSite,numberOfRobotsOnWhiteSite
18941,19,20
timeStep,numberOfRobotsOnBlackSite,numberOfRobotsOnWhiteSite
18942,19,20
timeStep,numberOfRobotsOnBlackSite,numberOfRobotsOnWhiteSite
18943,19,20
timeStep,numberOfRobotsOnBlackSite,numberOfRobotsOnWhiteSite
18944,19,20
timeStep,numberOfRobotsOnBlackSite,numberOfRobotsOnWhiteSite
18945,19,20
timeStep,numberOfRobotsOnBlackSite,numberOfRobotsOnWhiteSite
18946,19,20
timeStep,numberOfRobotsOnBlackSite,numberOfRobotsOnWhiteSite
18947,19,20
timeStep,numberOfRobotsOnBlackSite,numberOfRobotsOnWhiteSite
18948,19,20
timeStep,numberOfRobotsOnBlackSite,numberOfRobotsOnWhiteSite
18949,19,20
timeStep,numberOfRobotsOnBlackSite,numberOfRobotsOnWhiteSite
18950,19,20
timeStep,numberOfRobotsOnBlackSite,numberOfRobotsOnWhiteSite
18951,19,20
timeStep,numberOfRobotsOnBlackSite,numberOfRobotsOnWhiteSite
18952,19,20
timeStep,numberOfRobotsOnBlackSite,numberOfRobotsOnWhiteSite
18953,19,20
timeStep,numberOfRobotsOnBlackSite,numberOfRobotsOnWhiteSite
18954,19,20
timeStep,numberOfRobotsOnBlackSite,numberOfRobotsOnWhiteSite
18955,19,20
timeStep,numberOfRobotsOnBlackSite,numberOfRobotsOnWhiteSite
18956,19,20
timeStep,numberOfRobotsOnBlackSite,numberOfRobotsOnWhiteSite
18957,19,20
timeStep,numberOfRobotsOnBlackSite,numberOfRobotsOnWhiteSite
18958,19,20
timeStep,numberOfRobotsOnBlackSite,numberOfRobotsOnWhiteSite
18959,19,20
timeStep,numberOfRobotsOnBlackSite,numberOfRobotsOnWhiteSite
18960,19,19
timeStep,numberOfRobotsOnBlackSite,numberOfRobotsOnWhiteSite
18961,19,19
timeStep,numberOfRobotsOnBlackSite,numberOfRobotsOnWhiteSite
18962,19,19
timeStep,numberOfRobotsOnBlackSite,numberOfRobotsOnWhiteSite
18963,19,19
timeStep,numberOfRobotsOnBlackSite,numberOfRobotsOnWhiteSite
18964,19,19
timeStep,numberOfRobotsOnBlackSite,numberOfRobotsOnWhiteSite
18965,19,19
timeStep,numberOfRobotsOnBlackSite,numberOfRobotsOnWhiteSite
18966,19,19
timeStep,numberOfRobotsOnBlackSite,numberOfRobotsOnWhiteSite
18967,19,19
timeStep,numberOfRobotsOnBlackSite,numberOfRobotsOnWhiteSite
18968,19,19
timeStep,numberOfRobotsOnBlackSite,numberOfRobotsOnWhiteSite
18969,19,19
timeStep,numberOfRobotsOnBlackSite,numberOfRobotsOnWhiteSite
18970,19,18
timeStep,numberOfRobotsOnBlackSite,numberOfRobotsOnWhiteSite
18971,19,18
timeStep,numberOfRobotsOnBlackSite,numberOfRobotsOnWhiteSite
18972,19,18
timeStep,numberOfRobotsOnBlackSite,numberOfRobotsOnWhiteSite
18973,19,18
timeStep,numberOfRobotsOnBlackSite,numberOfRobotsOnWhiteSite
18974,19,18
timeStep,numberOfRobotsOnBlackSite,numberOfRobotsOnWhiteSite
18975,19,19
timeStep,numberOfRobotsOnBlackSite,numberOfRobotsOnWhiteSite
18976,19,19
timeStep,numberOfRobotsOnBlackSite,numberOfRobotsOnWhiteSite
18977,19,19
timeStep,numberOfRobotsOnBlackSite,numberOfRobotsOnWhiteSite
18978,19,19
timeStep,numberOfRobotsOnBlackSite,numberOfRobotsOnWhiteSite
18979,19,19
timeStep,numberOfRobotsOnBlackSite,numberOfRobotsOnWhiteSite
18980,19,19
timeStep,numberOfRobotsOnBlackSite,numberOfRobotsOnWhiteSite
18981,19,19
timeStep,numberOfRobotsOnBlackSite,numberOfRobotsOnWhiteSite
18982,19,19
timeStep,numberOfRobotsOnBlackSite,numberOfRobotsOnWhiteSite
18983,19,19
timeStep,numberOfRobotsOnBlackSite,numberOfRobotsOnWhiteSite
18984,19,19
timeStep,numberOfRobotsOnBlackSite,numberOfRobotsOnWhiteSite
18985,19,19
timeStep,numberOfRobotsOnBlackSite,numberOfRobotsOnWhiteSite
18986,19,19
timeStep,numberOfRobotsOnBlackSite,numberOfRobotsOnWhiteSite
18987,19,19
timeStep,numberOfRobotsOnBlackSite,numberOfRobotsOnWhiteSite
18988,19,19
timeStep,numberOfRobotsOnBlackSite,numberOfRobotsOnWhiteSite
18989,19,19
timeStep,numberOfRobotsOnBlackSite,numberOfRobotsOnWhiteSite
18990,19,20
timeStep,numberOfRobotsOnBlackSite,numberOfRobotsOnWhiteSite
18991,19,20
timeStep,numberOfRobotsOnBlackSite,numberOfRobotsOnWhiteSite
18992,19,20
timeStep,numberOfRobotsOnBlackSite,numberOfRobotsOnWhiteSite
18993,19,20
timeStep,numberOfRobotsOnBlackSite,numberOfRobotsOnWhiteSite
18994,19,20
timeStep,numberOfRobotsOnBlackSite,numberOfRobotsOnWhiteSite
18995,19,20
timeStep,numberOfRobotsOnBlackSite,numberOfRobotsOnWhiteSite
18996,19,20
timeStep,numberOfRobotsOnBlackSite,numberOfRobotsOnWhiteSite
18997,19,20
timeStep,numberOfRobotsOnBlackSite,numberOfRobotsOnWhiteSite
18998,19,20
timeStep,numberOfRobotsOnBlackSite,numberOfRobotsOnWhiteSite
18999,19,20
timeStep,numberOfRobotsOnBlackSite,numberOfRobotsOnWhiteSite
19000,19,20
timeStep,numberOfRobotsOnBlackSite,numberOfRobotsOnWhiteSite
19001,19,20
timeStep,numberOfRobotsOnBlackSite,numberOfRobotsOnWhiteSite
19002,19,20
timeStep,numberOfRobotsOnBlackSite,numberOfRobotsOnWhiteSite
19003,19,20
timeStep,numberOfRobotsOnBlackSite,numberOfRobotsOnWhiteSite
19004,19,20
timeStep,numberOfRobotsOnBlackSite,numberOfRobotsOnWhiteSite
19005,19,21
timeStep,numberOfRobotsOnBlackSite,numberOfRobotsOnWhiteSite
19006,19,21
timeStep,numberOfRobotsOnBlackSite,numberOfRobotsOnWhiteSite
19007,19,21
timeStep,numberOfRobotsOnBlackSite,numberOfRobotsOnWhiteSite
19008,19,21
timeStep,numberOfRobotsOnBlackSite,numberOfRobotsOnWhiteSite
19009,19,21
timeStep,numberOfRobotsOnBlackSite,numberOfRobotsOnWhiteSite
19010,19,21
timeStep,numberOfRobotsOnBlackSite,numberOfRobotsOnWhiteSite
19011,19,21
timeStep,numberOfRobotsOnBlackSite,numberOfRobotsOnWhiteSite
19012,19,21
timeStep,numberOfRobotsOnBlackSite,numberOfRobotsOnWhiteSite
19013,19,21
timeStep,numberOfRobotsOnBlackSite,numberOfRobotsOnWhiteSite
19014,19,21
timeStep,numberOfRobotsOnBlackSite,numberOfRobotsOnWhiteSite
19015,19,21
timeStep,numberOfRobotsOnBlackSite,numberOfRobotsOnWhiteSite
19016,19,21
timeStep,numberOfRobotsOnBlackSite,numberOfRobotsOnWhiteSite
19017,19,21
timeStep,numberOfRobotsOnBlackSite,numberOfRobotsOnWhiteSite
19018,19,21
timeStep,numberOfRobotsOnBlackSite,numberOfRobotsOnWhiteSite
19019,19,21
timeStep,numberOfRobotsOnBlackSite,numberOfRobotsOnWhiteSite
19020,19,21
timeStep,numberOfRobotsOnBlackSite,numberOfRobotsOnWhiteSite
19021,19,21
timeStep,numberOfRobotsOnBlackSite,numberOfRobotsOnWhiteSite
19022,19,21
timeStep,numberOfRobotsOnBlackSite,numberOfRobotsOnWhiteSite
19023,19,21
timeStep,numberOfRobotsOnBlackSite,numberOfRobotsOnWhiteSite
19024,19,21
timeStep,numberOfRobotsOnBlackSite,numberOfRobotsOnWhiteSite
19025,18,21
timeStep,numberOfRobotsOnBlackSite,numberOfRobotsOnWhiteSite
19026,18,21
timeStep,numberOfRobotsOnBlackSite,numberOfRobotsOnWhiteSite
19027,18,21
timeStep,numberOfRobotsOnBlackSite,numberOfRobotsOnWhiteSite
19028,18,21
timeStep,numberOfRobotsOnBlackSite,numberOfRobotsOnWhiteSite
19029,18,21
timeStep,numberOfRobotsOnBlackSite,numberOfRobotsOnWhiteSite
19030,18,21
timeStep,numberOfRobotsOnBlackSite,numberOfRobotsOnWhiteSite
19031,18,21
timeStep,numberOfRobotsOnBlackSite,numberOfRobotsOnWhiteSite
19032,18,21
timeStep,numberOfRobotsOnBlackSite,numberOfRobotsOnWhiteSite
19033,18,21
timeStep,numberOfRobotsOnBlackSite,numberOfRobotsOnWhiteSite
19034,18,21
timeStep,numberOfRobotsOnBlackSite,numberOfRobotsOnWhiteSite
19035,18,21
timeStep,numberOfRobotsOnBlackSite,numberOfRobotsOnWhiteSite
19036,18,21
timeStep,numberOfRobotsOnBlackSite,numberOfRobotsOnWhiteSite
19037,18,21
timeStep,numberOfRobotsOnBlackSite,numberOfRobotsOnWhiteSite
19038,18,21
timeStep,numberOfRobotsOnBlackSite,numberOfRobotsOnWhiteSite
19039,18,21
timeStep,numberOfRobotsOnBlackSite,numberOfRobotsOnWhiteSite
19040,18,21
timeStep,numberOfRobotsOnBlackSite,numberOfRobotsOnWhiteSite
19041,18,21
timeStep,numberOfRobotsOnBlackSite,numberOfRobotsOnWhiteSite
19042,18,21
timeStep,numberOfRobotsOnBlackSite,numberOfRobotsOnWhiteSite
19043,18,21
timeStep,numberOfRobotsOnBlackSite,numberOfRobotsOnWhiteSite
19044,18,21
timeStep,numberOfRobotsOnBlackSite,numberOfRobotsOnWhiteSite
19045,18,20
timeStep,numberOfRobotsOnBlackSite,numberOfRobotsOnWhiteSite
19046,18,20
timeStep,numberOfRobotsOnBlackSite,numberOfRobotsOnWhiteSite
19047,18,20
timeStep,numberOfRobotsOnBlackSite,numberOfRobotsOnWhiteSite
19048,18,20
timeStep,numberOfRobotsOnBlackSite,numberOfRobotsOnWhiteSite
19049,18,20
timeStep,numberOfRobotsOnBlackSite,numberOfRobotsOnWhiteSite
19050,18,20
timeStep,numberOfRobotsOnBlackSite,numberOfRobotsOnWhiteSite
19051,18,20
timeStep,numberOfRobotsOnBlackSite,numberOfRobotsOnWhiteSite
19052,18,20
timeStep,numberOfRobotsOnBlackSite,numberOfRobotsOnWhiteSite
19053,18,20
timeStep,numberOfRobotsOnBlackSite,numberOfRobotsOnWhiteSite
19054,18,20
timeStep,numberOfRobotsOnBlackSite,numberOfRobotsOnWhiteSite
19055,18,20
timeStep,numberOfRobotsOnBlackSite,numberOfRobotsOnWhiteSite
19056,18,20
timeStep,numberOfRobotsOnBlackSite,numberOfRobotsOnWhiteSite
19057,18,20
timeStep,numberOfRobotsOnBlackSite,numberOfRobotsOnWhiteSite
19058,18,20
timeStep,numberOfRobotsOnBlackSite,numberOfRobotsOnWhiteSite
19059,18,20
timeStep,numberOfRobotsOnBlackSite,numberOfRobotsOnWhiteSite
19060,18,20
timeStep,numberOfRobotsOnBlackSite,numberOfRobotsOnWhiteSite
19061,18,20
timeStep,numberOfRobotsOnBlackSite,numberOfRobotsOnWhiteSite
19062,18,20
timeStep,numberOfRobotsOnBlackSite,numberOfRobotsOnWhiteSite
19063,18,20
timeStep,numberOfRobotsOnBlackSite,numberOfRobotsOnWhiteSite
19064,18,20
timeStep,numberOfRobotsOnBlackSite,numberOfRobotsOnWhiteSite
19065,18,20
timeStep,numberOfRobotsOnBlackSite,numberOfRobotsOnWhiteSite
19066,18,20
timeStep,numberOfRobotsOnBlackSite,numberOfRobotsOnWhiteSite
19067,18,20
timeStep,numberOfRobotsOnBlackSite,numberOfRobotsOnWhiteSite
19068,18,20
timeStep,numberOfRobotsOnBlackSite,numberOfRobotsOnWhiteSite
19069,18,20
timeStep,numberOfRobotsOnBlackSite,numberOfRobotsOnWhiteSite
19070,18,20
timeStep,numberOfRobotsOnBlackSite,numberOfRobotsOnWhiteSite
19071,18,20
timeStep,numberOfRobotsOnBlackSite,numberOfRobotsOnWhiteSite
19072,18,20
timeStep,numberOfRobotsOnBlackSite,numberOfRobotsOnWhiteSite
19073,18,20
timeStep,numberOfRobotsOnBlackSite,numberOfRobotsOnWhiteSite
19074,18,20
timeStep,numberOfRobotsOnBlackSite,numberOfRobotsOnWhiteSite
19075,18,20
timeStep,numberOfRobotsOnBlackSite,numberOfRobotsOnWhiteSite
19076,18,20
timeStep,numberOfRobotsOnBlackSite,numberOfRobotsOnWhiteSite
19077,18,20
timeStep,numberOfRobotsOnBlackSite,numberOfRobotsOnWhiteSite
19078,18,20
timeStep,numberOfRobotsOnBlackSite,numberOfRobotsOnWhiteSite
19079,18,20
timeStep,numberOfRobotsOnBlackSite,numberOfRobotsOnWhiteSite
19080,18,20
timeStep,numberOfRobotsOnBlackSite,numberOfRobotsOnWhiteSite
19081,18,20
timeStep,numberOfRobotsOnBlackSite,numberOfRobotsOnWhiteSite
19082,18,20
timeStep,numberOfRobotsOnBlackSite,numberOfRobotsOnWhiteSite
19083,18,20
timeStep,numberOfRobotsOnBlackSite,numberOfRobotsOnWhiteSite
19084,18,20
timeStep,numberOfRobotsOnBlackSite,numberOfRobotsOnWhiteSite
19085,18,20
timeStep,numberOfRobotsOnBlackSite,numberOfRobotsOnWhiteSite
19086,18,20
timeStep,numberOfRobotsOnBlackSite,numberOfRobotsOnWhiteSite
19087,18,20
timeStep,numberOfRobotsOnBlackSite,numberOfRobotsOnWhiteSite
19088,18,20
timeStep,numberOfRobotsOnBlackSite,numberOfRobotsOnWhiteSite
19089,18,20
timeStep,numberOfRobotsOnBlackSite,numberOfRobotsOnWhiteSite
19090,18,20
timeStep,numberOfRobotsOnBlackSite,numberOfRobotsOnWhiteSite
19091,18,20
timeStep,numberOfRobotsOnBlackSite,numberOfRobotsOnWhiteSite
19092,18,20
timeStep,numberOfRobotsOnBlackSite,numberOfRobotsOnWhiteSite
19093,18,20
timeStep,numberOfRobotsOnBlackSite,numberOfRobotsOnWhiteSite
19094,18,20
timeStep,numberOfRobotsOnBlackSite,numberOfRobotsOnWhiteSite
19095,18,20
timeStep,numberOfRobotsOnBlackSite,numberOfRobotsOnWhiteSite
19096,18,20
timeStep,numberOfRobotsOnBlackSite,numberOfRobotsOnWhiteSite
19097,18,20
timeStep,numberOfRobotsOnBlackSite,numberOfRobotsOnWhiteSite
19098,18,20
timeStep,numberOfRobotsOnBlackSite,numberOfRobotsOnWhiteSite
19099,18,20
timeStep,numberOfRobotsOnBlackSite,numberOfRobotsOnWhiteSite
19100,18,20
timeStep,numberOfRobotsOnBlackSite,numberOfRobotsOnWhiteSite
19101,18,20
timeStep,numberOfRobotsOnBlackSite,numberOfRobotsOnWhiteSite
19102,18,20
timeStep,numberOfRobotsOnBlackSite,numberOfRobotsOnWhiteSite
19103,18,20
timeStep,numberOfRobotsOnBlackSite,numberOfRobotsOnWhiteSite
19104,18,20
timeStep,numberOfRobotsOnBlackSite,numberOfRobotsOnWhiteSite
19105,19,20
timeStep,numberOfRobotsOnBlackSite,numberOfRobotsOnWhiteSite
19106,19,20
timeStep,numberOfRobotsOnBlackSite,numberOfRobotsOnWhiteSite
19107,19,20
timeStep,numberOfRobotsOnBlackSite,numberOfRobotsOnWhiteSite
19108,19,20
timeStep,numberOfRobotsOnBlackSite,numberOfRobotsOnWhiteSite
19109,19,20
timeStep,numberOfRobotsOnBlackSite,numberOfRobotsOnWhiteSite
19110,19,20
timeStep,numberOfRobotsOnBlackSite,numberOfRobotsOnWhiteSite
19111,19,20
timeStep,numberOfRobotsOnBlackSite,numberOfRobotsOnWhiteSite
19112,19,20
timeStep,numberOfRobotsOnBlackSite,numberOfRobotsOnWhiteSite
19113,19,20
timeStep,numberOfRobotsOnBlackSite,numberOfRobotsOnWhiteSite
19114,19,20
timeStep,numberOfRobotsOnBlackSite,numberOfRobotsOnWhiteSite
19115,19,20
timeStep,numberOfRobotsOnBlackSite,numberOfRobotsOnWhiteSite
19116,19,20
timeStep,numberOfRobotsOnBlackSite,numberOfRobotsOnWhiteSite
19117,19,20
timeStep,numberOfRobotsOnBlackSite,numberOfRobotsOnWhiteSite
19118,19,20
timeStep,numberOfRobotsOnBlackSite,numberOfRobotsOnWhiteSite
19119,19,20
timeStep,numberOfRobotsOnBlackSite,numberOfRobotsOnWhiteSite
19120,19,20
timeStep,numberOfRobotsOnBlackSite,numberOfRobotsOnWhiteSite
19121,19,20
timeStep,numberOfRobotsOnBlackSite,numberOfRobotsOnWhiteSite
19122,19,20
timeStep,numberOfRobotsOnBlackSite,numberOfRobotsOnWhiteSite
19123,19,20
timeStep,numberOfRobotsOnBlackSite,numberOfRobotsOnWhiteSite
19124,19,20
timeStep,numberOfRobotsOnBlackSite,numberOfRobotsOnWhiteSite
19125,18,20
timeStep,numberOfRobotsOnBlackSite,numberOfRobotsOnWhiteSite
19126,18,20
timeStep,numberOfRobotsOnBlackSite,numberOfRobotsOnWhiteSite
19127,18,20
timeStep,numberOfRobotsOnBlackSite,numberOfRobotsOnWhiteSite
19128,18,20
timeStep,numberOfRobotsOnBlackSite,numberOfRobotsOnWhiteSite
19129,18,20
timeStep,numberOfRobotsOnBlackSite,numberOfRobotsOnWhiteSite
19130,18,20
timeStep,numberOfRobotsOnBlackSite,numberOfRobotsOnWhiteSite
19131,18,20
timeStep,numberOfRobotsOnBlackSite,numberOfRobotsOnWhiteSite
19132,18,20
timeStep,numberOfRobotsOnBlackSite,numberOfRobotsOnWhiteSite
19133,18,20
timeStep,numberOfRobotsOnBlackSite,numberOfRobotsOnWhiteSite
19134,18,20
timeStep,numberOfRobotsOnBlackSite,numberOfRobotsOnWhiteSite
19135,18,20
timeStep,numberOfRobotsOnBlackSite,numberOfRobotsOnWhiteSite
19136,18,20
timeStep,numberOfRobotsOnBlackSite,numberOfRobotsOnWhiteSite
19137,18,20
timeStep,numberOfRobotsOnBlackSite,numberOfRobotsOnWhiteSite
19138,18,20
timeStep,numberOfRobotsOnBlackSite,numberOfRobotsOnWhiteSite
19139,18,20
timeStep,numberOfRobotsOnBlackSite,numberOfRobotsOnWhiteSite
19140,18,20
timeStep,numberOfRobotsOnBlackSite,numberOfRobotsOnWhiteSite
19141,18,20
timeStep,numberOfRobotsOnBlackSite,numberOfRobotsOnWhiteSite
19142,18,20
timeStep,numberOfRobotsOnBlackSite,numberOfRobotsOnWhiteSite
19143,18,20
timeStep,numberOfRobotsOnBlackSite,numberOfRobotsOnWhiteSite
19144,18,20
timeStep,numberOfRobotsOnBlackSite,numberOfRobotsOnWhiteSite
19145,18,20
timeStep,numberOfRobotsOnBlackSite,numberOfRobotsOnWhiteSite
19146,18,20
timeStep,numberOfRobotsOnBlackSite,numberOfRobotsOnWhiteSite
19147,18,20
timeStep,numberOfRobotsOnBlackSite,numberOfRobotsOnWhiteSite
19148,18,20
timeStep,numberOfRobotsOnBlackSite,numberOfRobotsOnWhiteSite
19149,18,20
timeStep,numberOfRobotsOnBlackSite,numberOfRobotsOnWhiteSite
19150,18,20
timeStep,numberOfRobotsOnBlackSite,numberOfRobotsOnWhiteSite
19151,18,20
timeStep,numberOfRobotsOnBlackSite,numberOfRobotsOnWhiteSite
19152,18,20
timeStep,numberOfRobotsOnBlackSite,numberOfRobotsOnWhiteSite
19153,18,20
timeStep,numberOfRobotsOnBlackSite,numberOfRobotsOnWhiteSite
19154,18,20
timeStep,numberOfRobotsOnBlackSite,numberOfRobotsOnWhiteSite
19155,18,20
timeStep,numberOfRobotsOnBlackSite,numberOfRobotsOnWhiteSite
19156,18,20
timeStep,numberOfRobotsOnBlackSite,numberOfRobotsOnWhiteSite
19157,18,20
timeStep,numberOfRobotsOnBlackSite,numberOfRobotsOnWhiteSite
19158,18,20
timeStep,numberOfRobotsOnBlackSite,numberOfRobotsOnWhiteSite
19159,18,20
timeStep,numberOfRobotsOnBlackSite,numberOfRobotsOnWhiteSite
19160,18,20
timeStep,numberOfRobotsOnBlackSite,numberOfRobotsOnWhiteSite
19161,18,20
timeStep,numberOfRobotsOnBlackSite,numberOfRobotsOnWhiteSite
19162,18,20
timeStep,numberOfRobotsOnBlackSite,numberOfRobotsOnWhiteSite
19163,18,20
timeStep,numberOfRobotsOnBlackSite,numberOfRobotsOnWhiteSite
19164,18,20
timeStep,numberOfRobotsOnBlackSite,numberOfRobotsOnWhiteSite
19165,18,20
timeStep,numberOfRobotsOnBlackSite,numberOfRobotsOnWhiteSite
19166,18,20
timeStep,numberOfRobotsOnBlackSite,numberOfRobotsOnWhiteSite
19167,18,20
timeStep,numberOfRobotsOnBlackSite,numberOfRobotsOnWhiteSite
19168,18,20
timeStep,numberOfRobotsOnBlackSite,numberOfRobotsOnWhiteSite
19169,18,20
timeStep,numberOfRobotsOnBlackSite,numberOfRobotsOnWhiteSite
19170,18,20
timeStep,numberOfRobotsOnBlackSite,numberOfRobotsOnWhiteSite
19171,18,20
timeStep,numberOfRobotsOnBlackSite,numberOfRobotsOnWhiteSite
19172,18,20
timeStep,numberOfRobotsOnBlackSite,numberOfRobotsOnWhiteSite
19173,18,20
timeStep,numberOfRobotsOnBlackSite,numberOfRobotsOnWhiteSite
19174,18,20
timeStep,numberOfRobotsOnBlackSite,numberOfRobotsOnWhiteSite
19175,18,20
timeStep,numberOfRobotsOnBlackSite,numberOfRobotsOnWhiteSite
19176,18,20
timeStep,numberOfRobotsOnBlackSite,numberOfRobotsOnWhiteSite
19177,18,20
timeStep,numberOfRobotsOnBlackSite,numberOfRobotsOnWhiteSite
19178,18,20
timeStep,numberOfRobotsOnBlackSite,numberOfRobotsOnWhiteSite
19179,18,20
timeStep,numberOfRobotsOnBlackSite,numberOfRobotsOnWhiteSite
19180,18,20
timeStep,numberOfRobotsOnBlackSite,numberOfRobotsOnWhiteSite
19181,18,20
timeStep,numberOfRobotsOnBlackSite,numberOfRobotsOnWhiteSite
19182,18,20
timeStep,numberOfRobotsOnBlackSite,numberOfRobotsOnWhiteSite
19183,18,20
timeStep,numberOfRobotsOnBlackSite,numberOfRobotsOnWhiteSite
19184,18,20
timeStep,numberOfRobotsOnBlackSite,numberOfRobotsOnWhiteSite
19185,18,20
timeStep,numberOfRobotsOnBlackSite,numberOfRobotsOnWhiteSite
19186,18,20
timeStep,numberOfRobotsOnBlackSite,numberOfRobotsOnWhiteSite
19187,18,20
timeStep,numberOfRobotsOnBlackSite,numberOfRobotsOnWhiteSite
19188,18,20
timeStep,numberOfRobotsOnBlackSite,numberOfRobotsOnWhiteSite
19189,18,20
timeStep,numberOfRobotsOnBlackSite,numberOfRobotsOnWhiteSite
19190,18,21
timeStep,numberOfRobotsOnBlackSite,numberOfRobotsOnWhiteSite
19191,18,21
timeStep,numberOfRobotsOnBlackSite,numberOfRobotsOnWhiteSite
19192,18,21
timeStep,numberOfRobotsOnBlackSite,numberOfRobotsOnWhiteSite
19193,18,21
timeStep,numberOfRobotsOnBlackSite,numberOfRobotsOnWhiteSite
19194,18,21
timeStep,numberOfRobotsOnBlackSite,numberOfRobotsOnWhiteSite
19195,18,21
timeStep,numberOfRobotsOnBlackSite,numberOfRobotsOnWhiteSite
19196,18,21
timeStep,numberOfRobotsOnBlackSite,numberOfRobotsOnWhiteSite
19197,18,21
timeStep,numberOfRobotsOnBlackSite,numberOfRobotsOnWhiteSite
19198,18,21
timeStep,numberOfRobotsOnBlackSite,numberOfRobotsOnWhiteSite
19199,18,21
timeStep,numberOfRobotsOnBlackSite,numberOfRobotsOnWhiteSite
19200,18,21
timeStep,numberOfRobotsOnBlackSite,numberOfRobotsOnWhiteSite
19201,18,21
timeStep,numberOfRobotsOnBlackSite,numberOfRobotsOnWhiteSite
19202,18,21
timeStep,numberOfRobotsOnBlackSite,numberOfRobotsOnWhiteSite
19203,18,21
timeStep,numberOfRobotsOnBlackSite,numberOfRobotsOnWhiteSite
19204,18,21
timeStep,numberOfRobotsOnBlackSite,numberOfRobotsOnWhiteSite
19205,18,21
timeStep,numberOfRobotsOnBlackSite,numberOfRobotsOnWhiteSite
19206,18,21
timeStep,numberOfRobotsOnBlackSite,numberOfRobotsOnWhiteSite
19207,18,21
timeStep,numberOfRobotsOnBlackSite,numberOfRobotsOnWhiteSite
19208,18,21
timeStep,numberOfRobotsOnBlackSite,numberOfRobotsOnWhiteSite
19209,18,21
timeStep,numberOfRobotsOnBlackSite,numberOfRobotsOnWhiteSite
19210,18,21
timeStep,numberOfRobotsOnBlackSite,numberOfRobotsOnWhiteSite
19211,18,21
timeStep,numberOfRobotsOnBlackSite,numberOfRobotsOnWhiteSite
19212,18,21
timeStep,numberOfRobotsOnBlackSite,numberOfRobotsOnWhiteSite
19213,18,21
timeStep,numberOfRobotsOnBlackSite,numberOfRobotsOnWhiteSite
19214,18,21
timeStep,numberOfRobotsOnBlackSite,numberOfRobotsOnWhiteSite
19215,18,21
timeStep,numberOfRobotsOnBlackSite,numberOfRobotsOnWhiteSite
19216,18,21
timeStep,numberOfRobotsOnBlackSite,numberOfRobotsOnWhiteSite
19217,18,21
timeStep,numberOfRobotsOnBlackSite,numberOfRobotsOnWhiteSite
19218,18,21
timeStep,numberOfRobotsOnBlackSite,numberOfRobotsOnWhiteSite
19219,18,21
timeStep,numberOfRobotsOnBlackSite,numberOfRobotsOnWhiteSite
19220,18,21
timeStep,numberOfRobotsOnBlackSite,numberOfRobotsOnWhiteSite
19221,18,21
timeStep,numberOfRobotsOnBlackSite,numberOfRobotsOnWhiteSite
19222,18,21
timeStep,numberOfRobotsOnBlackSite,numberOfRobotsOnWhiteSite
19223,18,21
timeStep,numberOfRobotsOnBlackSite,numberOfRobotsOnWhiteSite
19224,18,21
timeStep,numberOfRobotsOnBlackSite,numberOfRobotsOnWhiteSite
19225,18,21
timeStep,numberOfRobotsOnBlackSite,numberOfRobotsOnWhiteSite
19226,18,21
timeStep,numberOfRobotsOnBlackSite,numberOfRobotsOnWhiteSite
19227,18,21
timeStep,numberOfRobotsOnBlackSite,numberOfRobotsOnWhiteSite
19228,18,21
timeStep,numberOfRobotsOnBlackSite,numberOfRobotsOnWhiteSite
19229,18,21
timeStep,numberOfRobotsOnBlackSite,numberOfRobotsOnWhiteSite
19230,18,20
timeStep,numberOfRobotsOnBlackSite,numberOfRobotsOnWhiteSite
19231,18,20
timeStep,numberOfRobotsOnBlackSite,numberOfRobotsOnWhiteSite
19232,18,20
timeStep,numberOfRobotsOnBlackSite,numberOfRobotsOnWhiteSite
19233,18,20
timeStep,numberOfRobotsOnBlackSite,numberOfRobotsOnWhiteSite
19234,18,20
timeStep,numberOfRobotsOnBlackSite,numberOfRobotsOnWhiteSite
19235,18,20
timeStep,numberOfRobotsOnBlackSite,numberOfRobotsOnWhiteSite
19236,18,20
timeStep,numberOfRobotsOnBlackSite,numberOfRobotsOnWhiteSite
19237,18,20
timeStep,numberOfRobotsOnBlackSite,numberOfRobotsOnWhiteSite
19238,18,20
timeStep,numberOfRobotsOnBlackSite,numberOfRobotsOnWhiteSite
19239,18,20
timeStep,numberOfRobotsOnBlackSite,numberOfRobotsOnWhiteSite
19240,18,20
timeStep,numberOfRobotsOnBlackSite,numberOfRobotsOnWhiteSite
19241,18,20
timeStep,numberOfRobotsOnBlackSite,numberOfRobotsOnWhiteSite
19242,18,20
timeStep,numberOfRobotsOnBlackSite,numberOfRobotsOnWhiteSite
19243,18,20
timeStep,numberOfRobotsOnBlackSite,numberOfRobotsOnWhiteSite
19244,18,20
timeStep,numberOfRobotsOnBlackSite,numberOfRobotsOnWhiteSite
19245,18,20
timeStep,numberOfRobotsOnBlackSite,numberOfRobotsOnWhiteSite
19246,18,20
timeStep,numberOfRobotsOnBlackSite,numberOfRobotsOnWhiteSite
19247,18,20
timeStep,numberOfRobotsOnBlackSite,numberOfRobotsOnWhiteSite
19248,18,20
timeStep,numberOfRobotsOnBlackSite,numberOfRobotsOnWhiteSite
19249,18,20
timeStep,numberOfRobotsOnBlackSite,numberOfRobotsOnWhiteSite
19250,18,20
timeStep,numberOfRobotsOnBlackSite,numberOfRobotsOnWhiteSite
19251,18,20
timeStep,numberOfRobotsOnBlackSite,numberOfRobotsOnWhiteSite
19252,18,20
timeStep,numberOfRobotsOnBlackSite,numberOfRobotsOnWhiteSite
19253,18,20
timeStep,numberOfRobotsOnBlackSite,numberOfRobotsOnWhiteSite
19254,18,20
timeStep,numberOfRobotsOnBlackSite,numberOfRobotsOnWhiteSite
19255,18,20
timeStep,numberOfRobotsOnBlackSite,numberOfRobotsOnWhiteSite
19256,18,20
timeStep,numberOfRobotsOnBlackSite,numberOfRobotsOnWhiteSite
19257,18,20
timeStep,numberOfRobotsOnBlackSite,numberOfRobotsOnWhiteSite
19258,18,20
timeStep,numberOfRobotsOnBlackSite,numberOfRobotsOnWhiteSite
19259,18,20
timeStep,numberOfRobotsOnBlackSite,numberOfRobotsOnWhiteSite
19260,18,19
timeStep,numberOfRobotsOnBlackSite,numberOfRobotsOnWhiteSite
19261,18,19
timeStep,numberOfRobotsOnBlackSite,numberOfRobotsOnWhiteSite
19262,18,19
timeStep,numberOfRobotsOnBlackSite,numberOfRobotsOnWhiteSite
19263,18,19
timeStep,numberOfRobotsOnBlackSite,numberOfRobotsOnWhiteSite
19264,18,19
timeStep,numberOfRobotsOnBlackSite,numberOfRobotsOnWhiteSite
19265,18,19
timeStep,numberOfRobotsOnBlackSite,numberOfRobotsOnWhiteSite
19266,18,19
timeStep,numberOfRobotsOnBlackSite,numberOfRobotsOnWhiteSite
19267,18,19
timeStep,numberOfRobotsOnBlackSite,numberOfRobotsOnWhiteSite
19268,18,19
timeStep,numberOfRobotsOnBlackSite,numberOfRobotsOnWhiteSite
19269,18,19
timeStep,numberOfRobotsOnBlackSite,numberOfRobotsOnWhiteSite
19270,18,20
timeStep,numberOfRobotsOnBlackSite,numberOfRobotsOnWhiteSite
19271,18,20
timeStep,numberOfRobotsOnBlackSite,numberOfRobotsOnWhiteSite
19272,18,20
timeStep,numberOfRobotsOnBlackSite,numberOfRobotsOnWhiteSite
19273,18,20
timeStep,numberOfRobotsOnBlackSite,numberOfRobotsOnWhiteSite
19274,18,20
timeStep,numberOfRobotsOnBlackSite,numberOfRobotsOnWhiteSite
19275,18,20
timeStep,numberOfRobotsOnBlackSite,numberOfRobotsOnWhiteSite
19276,18,20
timeStep,numberOfRobotsOnBlackSite,numberOfRobotsOnWhiteSite
19277,18,20
timeStep,numberOfRobotsOnBlackSite,numberOfRobotsOnWhiteSite
19278,18,20
timeStep,numberOfRobotsOnBlackSite,numberOfRobotsOnWhiteSite
19279,18,20
timeStep,numberOfRobotsOnBlackSite,numberOfRobotsOnWhiteSite
19280,18,20
timeStep,numberOfRobotsOnBlackSite,numberOfRobotsOnWhiteSite
19281,18,20
timeStep,numberOfRobotsOnBlackSite,numberOfRobotsOnWhiteSite
19282,18,20
timeStep,numberOfRobotsOnBlackSite,numberOfRobotsOnWhiteSite
19283,18,20
timeStep,numberOfRobotsOnBlackSite,numberOfRobotsOnWhiteSite
19284,18,20
timeStep,numberOfRobotsOnBlackSite,numberOfRobotsOnWhiteSite
19285,18,20
timeStep,numberOfRobotsOnBlackSite,numberOfRobotsOnWhiteSite
19286,18,20
timeStep,numberOfRobotsOnBlackSite,numberOfRobotsOnWhiteSite
19287,18,20
timeStep,numberOfRobotsOnBlackSite,numberOfRobotsOnWhiteSite
19288,18,20
timeStep,numberOfRobotsOnBlackSite,numberOfRobotsOnWhiteSite
19289,18,20
timeStep,numberOfRobotsOnBlackSite,numberOfRobotsOnWhiteSite
19290,18,20
timeStep,numberOfRobotsOnBlackSite,numberOfRobotsOnWhiteSite
19291,18,20
timeStep,numberOfRobotsOnBlackSite,numberOfRobotsOnWhiteSite
19292,18,20
timeStep,numberOfRobotsOnBlackSite,numberOfRobotsOnWhiteSite
19293,18,20
timeStep,numberOfRobotsOnBlackSite,numberOfRobotsOnWhiteSite
19294,18,20
timeStep,numberOfRobotsOnBlackSite,numberOfRobotsOnWhiteSite
19295,18,20
timeStep,numberOfRobotsOnBlackSite,numberOfRobotsOnWhiteSite
19296,18,20
timeStep,numberOfRobotsOnBlackSite,numberOfRobotsOnWhiteSite
19297,18,20
timeStep,numberOfRobotsOnBlackSite,numberOfRobotsOnWhiteSite
19298,18,20
timeStep,numberOfRobotsOnBlackSite,numberOfRobotsOnWhiteSite
19299,18,20
timeStep,numberOfRobotsOnBlackSite,numberOfRobotsOnWhiteSite
19300,18,21
timeStep,numberOfRobotsOnBlackSite,numberOfRobotsOnWhiteSite
19301,18,21
timeStep,numberOfRobotsOnBlackSite,numberOfRobotsOnWhiteSite
19302,18,21
timeStep,numberOfRobotsOnBlackSite,numberOfRobotsOnWhiteSite
19303,18,21
timeStep,numberOfRobotsOnBlackSite,numberOfRobotsOnWhiteSite
19304,18,21
timeStep,numberOfRobotsOnBlackSite,numberOfRobotsOnWhiteSite
19305,18,21
timeStep,numberOfRobotsOnBlackSite,numberOfRobotsOnWhiteSite
19306,18,21
timeStep,numberOfRobotsOnBlackSite,numberOfRobotsOnWhiteSite
19307,18,21
timeStep,numberOfRobotsOnBlackSite,numberOfRobotsOnWhiteSite
19308,18,21
timeStep,numberOfRobotsOnBlackSite,numberOfRobotsOnWhiteSite
19309,18,21
timeStep,numberOfRobotsOnBlackSite,numberOfRobotsOnWhiteSite
19310,18,21
timeStep,numberOfRobotsOnBlackSite,numberOfRobotsOnWhiteSite
19311,18,21
timeStep,numberOfRobotsOnBlackSite,numberOfRobotsOnWhiteSite
19312,18,21
timeStep,numberOfRobotsOnBlackSite,numberOfRobotsOnWhiteSite
19313,18,21
timeStep,numberOfRobotsOnBlackSite,numberOfRobotsOnWhiteSite
19314,18,21
timeStep,numberOfRobotsOnBlackSite,numberOfRobotsOnWhiteSite
19315,18,21
timeStep,numberOfRobotsOnBlackSite,numberOfRobotsOnWhiteSite
19316,18,21
timeStep,numberOfRobotsOnBlackSite,numberOfRobotsOnWhiteSite
19317,18,21
timeStep,numberOfRobotsOnBlackSite,numberOfRobotsOnWhiteSite
19318,18,21
timeStep,numberOfRobotsOnBlackSite,numberOfRobotsOnWhiteSite
19319,18,21
timeStep,numberOfRobotsOnBlackSite,numberOfRobotsOnWhiteSite
19320,18,21
timeStep,numberOfRobotsOnBlackSite,numberOfRobotsOnWhiteSite
19321,18,21
timeStep,numberOfRobotsOnBlackSite,numberOfRobotsOnWhiteSite
19322,18,21
timeStep,numberOfRobotsOnBlackSite,numberOfRobotsOnWhiteSite
19323,18,21
timeStep,numberOfRobotsOnBlackSite,numberOfRobotsOnWhiteSite
19324,18,21
timeStep,numberOfRobotsOnBlackSite,numberOfRobotsOnWhiteSite
19325,18,21
timeStep,numberOfRobotsOnBlackSite,numberOfRobotsOnWhiteSite
19326,18,21
timeStep,numberOfRobotsOnBlackSite,numberOfRobotsOnWhiteSite
19327,18,21
timeStep,numberOfRobotsOnBlackSite,numberOfRobotsOnWhiteSite
19328,18,21
timeStep,numberOfRobotsOnBlackSite,numberOfRobotsOnWhiteSite
19329,18,21
timeStep,numberOfRobotsOnBlackSite,numberOfRobotsOnWhiteSite
19330,18,21
timeStep,numberOfRobotsOnBlackSite,numberOfRobotsOnWhiteSite
19331,18,21
timeStep,numberOfRobotsOnBlackSite,numberOfRobotsOnWhiteSite
19332,18,21
timeStep,numberOfRobotsOnBlackSite,numberOfRobotsOnWhiteSite
19333,18,21
timeStep,numberOfRobotsOnBlackSite,numberOfRobotsOnWhiteSite
19334,18,21
timeStep,numberOfRobotsOnBlackSite,numberOfRobotsOnWhiteSite
19335,18,21
timeStep,numberOfRobotsOnBlackSite,numberOfRobotsOnWhiteSite
19336,18,21
timeStep,numberOfRobotsOnBlackSite,numberOfRobotsOnWhiteSite
19337,18,21
timeStep,numberOfRobotsOnBlackSite,numberOfRobotsOnWhiteSite
19338,18,21
timeStep,numberOfRobotsOnBlackSite,numberOfRobotsOnWhiteSite
19339,18,21
timeStep,numberOfRobotsOnBlackSite,numberOfRobotsOnWhiteSite
19340,18,21
timeStep,numberOfRobotsOnBlackSite,numberOfRobotsOnWhiteSite
19341,18,21
timeStep,numberOfRobotsOnBlackSite,numberOfRobotsOnWhiteSite
19342,18,21
timeStep,numberOfRobotsOnBlackSite,numberOfRobotsOnWhiteSite
19343,18,21
timeStep,numberOfRobotsOnBlackSite,numberOfRobotsOnWhiteSite
19344,18,21
timeStep,numberOfRobotsOnBlackSite,numberOfRobotsOnWhiteSite
19345,18,21
timeStep,numberOfRobotsOnBlackSite,numberOfRobotsOnWhiteSite
19346,18,21
timeStep,numberOfRobotsOnBlackSite,numberOfRobotsOnWhiteSite
19347,18,21
timeStep,numberOfRobotsOnBlackSite,numberOfRobotsOnWhiteSite
19348,18,21
timeStep,numberOfRobotsOnBlackSite,numberOfRobotsOnWhiteSite
19349,18,21
timeStep,numberOfRobotsOnBlackSite,numberOfRobotsOnWhiteSite
19350,18,21
timeStep,numberOfRobotsOnBlackSite,numberOfRobotsOnWhiteSite
19351,18,21
timeStep,numberOfRobotsOnBlackSite,numberOfRobotsOnWhiteSite
19352,18,21
timeStep,numberOfRobotsOnBlackSite,numberOfRobotsOnWhiteSite
19353,18,21
timeStep,numberOfRobotsOnBlackSite,numberOfRobotsOnWhiteSite
19354,18,21
timeStep,numberOfRobotsOnBlackSite,numberOfRobotsOnWhiteSite
19355,18,21
timeStep,numberOfRobotsOnBlackSite,numberOfRobotsOnWhiteSite
19356,18,21
timeStep,numberOfRobotsOnBlackSite,numberOfRobotsOnWhiteSite
19357,18,21
timeStep,numberOfRobotsOnBlackSite,numberOfRobotsOnWhiteSite
19358,18,21
timeStep,numberOfRobotsOnBlackSite,numberOfRobotsOnWhiteSite
19359,18,21
timeStep,numberOfRobotsOnBlackSite,numberOfRobotsOnWhiteSite
19360,18,21
timeStep,numberOfRobotsOnBlackSite,numberOfRobotsOnWhiteSite
19361,18,21
timeStep,numberOfRobotsOnBlackSite,numberOfRobotsOnWhiteSite
19362,18,21
timeStep,numberOfRobotsOnBlackSite,numberOfRobotsOnWhiteSite
19363,18,21
timeStep,numberOfRobotsOnBlackSite,numberOfRobotsOnWhiteSite
19364,18,21
timeStep,numberOfRobotsOnBlackSite,numberOfRobotsOnWhiteSite
19365,18,21
timeStep,numberOfRobotsOnBlackSite,numberOfRobotsOnWhiteSite
19366,18,21
timeStep,numberOfRobotsOnBlackSite,numberOfRobotsOnWhiteSite
19367,18,21
timeStep,numberOfRobotsOnBlackSite,numberOfRobotsOnWhiteSite
19368,18,21
timeStep,numberOfRobotsOnBlackSite,numberOfRobotsOnWhiteSite
19369,18,21
timeStep,numberOfRobotsOnBlackSite,numberOfRobotsOnWhiteSite
19370,18,21
timeStep,numberOfRobotsOnBlackSite,numberOfRobotsOnWhiteSite
19371,18,21
timeStep,numberOfRobotsOnBlackSite,numberOfRobotsOnWhiteSite
19372,18,21
timeStep,numberOfRobotsOnBlackSite,numberOfRobotsOnWhiteSite
19373,18,21
timeStep,numberOfRobotsOnBlackSite,numberOfRobotsOnWhiteSite
19374,18,21
timeStep,numberOfRobotsOnBlackSite,numberOfRobotsOnWhiteSite
19375,18,21
timeStep,numberOfRobotsOnBlackSite,numberOfRobotsOnWhiteSite
19376,18,21
timeStep,numberOfRobotsOnBlackSite,numberOfRobotsOnWhiteSite
19377,18,21
timeStep,numberOfRobotsOnBlackSite,numberOfRobotsOnWhiteSite
19378,18,21
timeStep,numberOfRobotsOnBlackSite,numberOfRobotsOnWhiteSite
19379,18,21
timeStep,numberOfRobotsOnBlackSite,numberOfRobotsOnWhiteSite
19380,18,21
timeStep,numberOfRobotsOnBlackSite,numberOfRobotsOnWhiteSite
19381,18,21
timeStep,numberOfRobotsOnBlackSite,numberOfRobotsOnWhiteSite
19382,18,21
timeStep,numberOfRobotsOnBlackSite,numberOfRobotsOnWhiteSite
19383,18,21
timeStep,numberOfRobotsOnBlackSite,numberOfRobotsOnWhiteSite
19384,18,21
timeStep,numberOfRobotsOnBlackSite,numberOfRobotsOnWhiteSite
19385,18,21
timeStep,numberOfRobotsOnBlackSite,numberOfRobotsOnWhiteSite
19386,18,21
timeStep,numberOfRobotsOnBlackSite,numberOfRobotsOnWhiteSite
19387,18,21
timeStep,numberOfRobotsOnBlackSite,numberOfRobotsOnWhiteSite
19388,18,21
timeStep,numberOfRobotsOnBlackSite,numberOfRobotsOnWhiteSite
19389,18,21
timeStep,numberOfRobotsOnBlackSite,numberOfRobotsOnWhiteSite
19390,18,20
timeStep,numberOfRobotsOnBlackSite,numberOfRobotsOnWhiteSite
19391,18,20
timeStep,numberOfRobotsOnBlackSite,numberOfRobotsOnWhiteSite
19392,18,20
timeStep,numberOfRobotsOnBlackSite,numberOfRobotsOnWhiteSite
19393,18,20
timeStep,numberOfRobotsOnBlackSite,numberOfRobotsOnWhiteSite
19394,18,20
timeStep,numberOfRobotsOnBlackSite,numberOfRobotsOnWhiteSite
19395,18,20
timeStep,numberOfRobotsOnBlackSite,numberOfRobotsOnWhiteSite
19396,18,20
timeStep,numberOfRobotsOnBlackSite,numberOfRobotsOnWhiteSite
19397,18,20
timeStep,numberOfRobotsOnBlackSite,numberOfRobotsOnWhiteSite
19398,18,20
timeStep,numberOfRobotsOnBlackSite,numberOfRobotsOnWhiteSite
19399,18,20
timeStep,numberOfRobotsOnBlackSite,numberOfRobotsOnWhiteSite
19400,18,20
timeStep,numberOfRobotsOnBlackSite,numberOfRobotsOnWhiteSite
19401,18,20
timeStep,numberOfRobotsOnBlackSite,numberOfRobotsOnWhiteSite
19402,18,20
timeStep,numberOfRobotsOnBlackSite,numberOfRobotsOnWhiteSite
19403,18,20
timeStep,numberOfRobotsOnBlackSite,numberOfRobotsOnWhiteSite
19404,18,20
timeStep,numberOfRobotsOnBlackSite,numberOfRobotsOnWhiteSite
19405,19,20
timeStep,numberOfRobotsOnBlackSite,numberOfRobotsOnWhiteSite
19406,19,20
timeStep,numberOfRobotsOnBlackSite,numberOfRobotsOnWhiteSite
19407,19,20
timeStep,numberOfRobotsOnBlackSite,numberOfRobotsOnWhiteSite
19408,19,20
timeStep,numberOfRobotsOnBlackSite,numberOfRobotsOnWhiteSite
19409,19,20
timeStep,numberOfRobotsOnBlackSite,numberOfRobotsOnWhiteSite
19410,19,20
timeStep,numberOfRobotsOnBlackSite,numberOfRobotsOnWhiteSite
19411,19,20
timeStep,numberOfRobotsOnBlackSite,numberOfRobotsOnWhiteSite
19412,19,20
timeStep,numberOfRobotsOnBlackSite,numberOfRobotsOnWhiteSite
19413,19,20
timeStep,numberOfRobotsOnBlackSite,numberOfRobotsOnWhiteSite
19414,19,20
timeStep,numberOfRobotsOnBlackSite,numberOfRobotsOnWhiteSite
19415,19,20
timeStep,numberOfRobotsOnBlackSite,numberOfRobotsOnWhiteSite
19416,19,20
timeStep,numberOfRobotsOnBlackSite,numberOfRobotsOnWhiteSite
19417,19,20
timeStep,numberOfRobotsOnBlackSite,numberOfRobotsOnWhiteSite
19418,19,20
timeStep,numberOfRobotsOnBlackSite,numberOfRobotsOnWhiteSite
19419,19,20
timeStep,numberOfRobotsOnBlackSite,numberOfRobotsOnWhiteSite
19420,19,20
timeStep,numberOfRobotsOnBlackSite,numberOfRobotsOnWhiteSite
19421,19,20
timeStep,numberOfRobotsOnBlackSite,numberOfRobotsOnWhiteSite
19422,19,20
timeStep,numberOfRobotsOnBlackSite,numberOfRobotsOnWhiteSite
19423,19,20
timeStep,numberOfRobotsOnBlackSite,numberOfRobotsOnWhiteSite
19424,19,20
timeStep,numberOfRobotsOnBlackSite,numberOfRobotsOnWhiteSite
19425,19,20
timeStep,numberOfRobotsOnBlackSite,numberOfRobotsOnWhiteSite
19426,19,20
timeStep,numberOfRobotsOnBlackSite,numberOfRobotsOnWhiteSite
19427,19,20
timeStep,numberOfRobotsOnBlackSite,numberOfRobotsOnWhiteSite
19428,19,20
timeStep,numberOfRobotsOnBlackSite,numberOfRobotsOnWhiteSite
19429,19,20
timeStep,numberOfRobotsOnBlackSite,numberOfRobotsOnWhiteSite
19430,19,20
timeStep,numberOfRobotsOnBlackSite,numberOfRobotsOnWhiteSite
19431,19,20
timeStep,numberOfRobotsOnBlackSite,numberOfRobotsOnWhiteSite
19432,19,20
timeStep,numberOfRobotsOnBlackSite,numberOfRobotsOnWhiteSite
19433,19,20
timeStep,numberOfRobotsOnBlackSite,numberOfRobotsOnWhiteSite
19434,19,20
timeStep,numberOfRobotsOnBlackSite,numberOfRobotsOnWhiteSite
19435,19,21
timeStep,numberOfRobotsOnBlackSite,numberOfRobotsOnWhiteSite
19436,19,21
timeStep,numberOfRobotsOnBlackSite,numberOfRobotsOnWhiteSite
19437,19,21
timeStep,numberOfRobotsOnBlackSite,numberOfRobotsOnWhiteSite
19438,19,21
timeStep,numberOfRobotsOnBlackSite,numberOfRobotsOnWhiteSite
19439,19,21
timeStep,numberOfRobotsOnBlackSite,numberOfRobotsOnWhiteSite
19440,19,21
timeStep,numberOfRobotsOnBlackSite,numberOfRobotsOnWhiteSite
19441,19,21
timeStep,numberOfRobotsOnBlackSite,numberOfRobotsOnWhiteSite
19442,19,21
timeStep,numberOfRobotsOnBlackSite,numberOfRobotsOnWhiteSite
19443,19,21
timeStep,numberOfRobotsOnBlackSite,numberOfRobotsOnWhiteSite
19444,19,21
timeStep,numberOfRobotsOnBlackSite,numberOfRobotsOnWhiteSite
19445,19,21
timeStep,numberOfRobotsOnBlackSite,numberOfRobotsOnWhiteSite
19446,19,21
timeStep,numberOfRobotsOnBlackSite,numberOfRobotsOnWhiteSite
19447,19,21
timeStep,numberOfRobotsOnBlackSite,numberOfRobotsOnWhiteSite
19448,19,21
timeStep,numberOfRobotsOnBlackSite,numberOfRobotsOnWhiteSite
19449,19,21
timeStep,numberOfRobotsOnBlackSite,numberOfRobotsOnWhiteSite
19450,19,21
timeStep,numberOfRobotsOnBlackSite,numberOfRobotsOnWhiteSite
19451,19,21
timeStep,numberOfRobotsOnBlackSite,numberOfRobotsOnWhiteSite
19452,19,21
timeStep,numberOfRobotsOnBlackSite,numberOfRobotsOnWhiteSite
19453,19,21
timeStep,numberOfRobotsOnBlackSite,numberOfRobotsOnWhiteSite
19454,19,21
timeStep,numberOfRobotsOnBlackSite,numberOfRobotsOnWhiteSite
19455,19,21
timeStep,numberOfRobotsOnBlackSite,numberOfRobotsOnWhiteSite
19456,19,21
timeStep,numberOfRobotsOnBlackSite,numberOfRobotsOnWhiteSite
19457,19,21
timeStep,numberOfRobotsOnBlackSite,numberOfRobotsOnWhiteSite
19458,19,21
timeStep,numberOfRobotsOnBlackSite,numberOfRobotsOnWhiteSite
19459,19,21
timeStep,numberOfRobotsOnBlackSite,numberOfRobotsOnWhiteSite
19460,19,21
timeStep,numberOfRobotsOnBlackSite,numberOfRobotsOnWhiteSite
19461,19,21
timeStep,numberOfRobotsOnBlackSite,numberOfRobotsOnWhiteSite
19462,19,21
timeStep,numberOfRobotsOnBlackSite,numberOfRobotsOnWhiteSite
19463,19,21
timeStep,numberOfRobotsOnBlackSite,numberOfRobotsOnWhiteSite
19464,19,21
timeStep,numberOfRobotsOnBlackSite,numberOfRobotsOnWhiteSite
19465,19,21
timeStep,numberOfRobotsOnBlackSite,numberOfRobotsOnWhiteSite
19466,19,21
timeStep,numberOfRobotsOnBlackSite,numberOfRobotsOnWhiteSite
19467,19,21
timeStep,numberOfRobotsOnBlackSite,numberOfRobotsOnWhiteSite
19468,19,21
timeStep,numberOfRobotsOnBlackSite,numberOfRobotsOnWhiteSite
19469,19,21
timeStep,numberOfRobotsOnBlackSite,numberOfRobotsOnWhiteSite
19470,19,21
timeStep,numberOfRobotsOnBlackSite,numberOfRobotsOnWhiteSite
19471,19,21
timeStep,numberOfRobotsOnBlackSite,numberOfRobotsOnWhiteSite
19472,19,21
timeStep,numberOfRobotsOnBlackSite,numberOfRobotsOnWhiteSite
19473,19,21
timeStep,numberOfRobotsOnBlackSite,numberOfRobotsOnWhiteSite
19474,19,21
timeStep,numberOfRobotsOnBlackSite,numberOfRobotsOnWhiteSite
19475,19,21
timeStep,numberOfRobotsOnBlackSite,numberOfRobotsOnWhiteSite
19476,19,21
timeStep,numberOfRobotsOnBlackSite,numberOfRobotsOnWhiteSite
19477,19,21
timeStep,numberOfRobotsOnBlackSite,numberOfRobotsOnWhiteSite
19478,19,21
timeStep,numberOfRobotsOnBlackSite,numberOfRobotsOnWhiteSite
19479,19,21
timeStep,numberOfRobotsOnBlackSite,numberOfRobotsOnWhiteSite
19480,19,21
timeStep,numberOfRobotsOnBlackSite,numberOfRobotsOnWhiteSite
19481,19,21
timeStep,numberOfRobotsOnBlackSite,numberOfRobotsOnWhiteSite
19482,19,21
timeStep,numberOfRobotsOnBlackSite,numberOfRobotsOnWhiteSite
19483,19,21
timeStep,numberOfRobotsOnBlackSite,numberOfRobotsOnWhiteSite
19484,19,21
timeStep,numberOfRobotsOnBlackSite,numberOfRobotsOnWhiteSite
19485,19,21
timeStep,numberOfRobotsOnBlackSite,numberOfRobotsOnWhiteSite
19486,19,21
timeStep,numberOfRobotsOnBlackSite,numberOfRobotsOnWhiteSite
19487,19,21
timeStep,numberOfRobotsOnBlackSite,numberOfRobotsOnWhiteSite
19488,19,21
timeStep,numberOfRobotsOnBlackSite,numberOfRobotsOnWhiteSite
19489,19,21
timeStep,numberOfRobotsOnBlackSite,numberOfRobotsOnWhiteSite
19490,18,21
timeStep,numberOfRobotsOnBlackSite,numberOfRobotsOnWhiteSite
19491,18,21
timeStep,numberOfRobotsOnBlackSite,numberOfRobotsOnWhiteSite
19492,18,21
timeStep,numberOfRobotsOnBlackSite,numberOfRobotsOnWhiteSite
19493,18,21
timeStep,numberOfRobotsOnBlackSite,numberOfRobotsOnWhiteSite
19494,18,21
timeStep,numberOfRobotsOnBlackSite,numberOfRobotsOnWhiteSite
19495,19,21
timeStep,numberOfRobotsOnBlackSite,numberOfRobotsOnWhiteSite
19496,19,21
timeStep,numberOfRobotsOnBlackSite,numberOfRobotsOnWhiteSite
19497,19,21
timeStep,numberOfRobotsOnBlackSite,numberOfRobotsOnWhiteSite
19498,19,21
timeStep,numberOfRobotsOnBlackSite,numberOfRobotsOnWhiteSite
19499,19,21
timeStep,numberOfRobotsOnBlackSite,numberOfRobotsOnWhiteSite
19500,19,21
timeStep,numberOfRobotsOnBlackSite,numberOfRobotsOnWhiteSite
19501,19,21
timeStep,numberOfRobotsOnBlackSite,numberOfRobotsOnWhiteSite
19502,19,21
timeStep,numberOfRobotsOnBlackSite,numberOfRobotsOnWhiteSite
19503,19,21
timeStep,numberOfRobotsOnBlackSite,numberOfRobotsOnWhiteSite
19504,19,21
timeStep,numberOfRobotsOnBlackSite,numberOfRobotsOnWhiteSite
19505,19,21
timeStep,numberOfRobotsOnBlackSite,numberOfRobotsOnWhiteSite
19506,19,21
timeStep,numberOfRobotsOnBlackSite,numberOfRobotsOnWhiteSite
19507,19,21
timeStep,numberOfRobotsOnBlackSite,numberOfRobotsOnWhiteSite
19508,19,21
timeStep,numberOfRobotsOnBlackSite,numberOfRobotsOnWhiteSite
19509,19,21
timeStep,numberOfRobotsOnBlackSite,numberOfRobotsOnWhiteSite
19510,19,21
timeStep,numberOfRobotsOnBlackSite,numberOfRobotsOnWhiteSite
19511,19,21
timeStep,numberOfRobotsOnBlackSite,numberOfRobotsOnWhiteSite
19512,19,21
timeStep,numberOfRobotsOnBlackSite,numberOfRobotsOnWhiteSite
19513,19,21
timeStep,numberOfRobotsOnBlackSite,numberOfRobotsOnWhiteSite
19514,19,21
timeStep,numberOfRobotsOnBlackSite,numberOfRobotsOnWhiteSite
19515,19,21
timeStep,numberOfRobotsOnBlackSite,numberOfRobotsOnWhiteSite
19516,19,21
timeStep,numberOfRobotsOnBlackSite,numberOfRobotsOnWhiteSite
19517,19,21
timeStep,numberOfRobotsOnBlackSite,numberOfRobotsOnWhiteSite
19518,19,21
timeStep,numberOfRobotsOnBlackSite,numberOfRobotsOnWhiteSite
19519,19,21
timeStep,numberOfRobotsOnBlackSite,numberOfRobotsOnWhiteSite
19520,19,21
timeStep,numberOfRobotsOnBlackSite,numberOfRobotsOnWhiteSite
19521,19,21
timeStep,numberOfRobotsOnBlackSite,numberOfRobotsOnWhiteSite
19522,19,21
timeStep,numberOfRobotsOnBlackSite,numberOfRobotsOnWhiteSite
19523,19,21
timeStep,numberOfRobotsOnBlackSite,numberOfRobotsOnWhiteSite
19524,19,21
timeStep,numberOfRobotsOnBlackSite,numberOfRobotsOnWhiteSite
19525,19,21
timeStep,numberOfRobotsOnBlackSite,numberOfRobotsOnWhiteSite
19526,19,21
timeStep,numberOfRobotsOnBlackSite,numberOfRobotsOnWhiteSite
19527,19,21
timeStep,numberOfRobotsOnBlackSite,numberOfRobotsOnWhiteSite
19528,19,21
timeStep,numberOfRobotsOnBlackSite,numberOfRobotsOnWhiteSite
19529,19,21
timeStep,numberOfRobotsOnBlackSite,numberOfRobotsOnWhiteSite
19530,20,21
timeStep,numberOfRobotsOnBlackSite,numberOfRobotsOnWhiteSite
19531,20,21
timeStep,numberOfRobotsOnBlackSite,numberOfRobotsOnWhiteSite
19532,20,21
timeStep,numberOfRobotsOnBlackSite,numberOfRobotsOnWhiteSite
19533,20,21
timeStep,numberOfRobotsOnBlackSite,numberOfRobotsOnWhiteSite
19534,20,21
timeStep,numberOfRobotsOnBlackSite,numberOfRobotsOnWhiteSite
19535,20,21
timeStep,numberOfRobotsOnBlackSite,numberOfRobotsOnWhiteSite
19536,20,21
timeStep,numberOfRobotsOnBlackSite,numberOfRobotsOnWhiteSite
19537,20,21
timeStep,numberOfRobotsOnBlackSite,numberOfRobotsOnWhiteSite
19538,20,21
timeStep,numberOfRobotsOnBlackSite,numberOfRobotsOnWhiteSite
19539,20,21
timeStep,numberOfRobotsOnBlackSite,numberOfRobotsOnWhiteSite
19540,20,21
timeStep,numberOfRobotsOnBlackSite,numberOfRobotsOnWhiteSite
19541,20,21
timeStep,numberOfRobotsOnBlackSite,numberOfRobotsOnWhiteSite
19542,20,21
timeStep,numberOfRobotsOnBlackSite,numberOfRobotsOnWhiteSite
19543,20,21
timeStep,numberOfRobotsOnBlackSite,numberOfRobotsOnWhiteSite
19544,20,21
timeStep,numberOfRobotsOnBlackSite,numberOfRobotsOnWhiteSite
19545,20,21
timeStep,numberOfRobotsOnBlackSite,numberOfRobotsOnWhiteSite
19546,20,21
timeStep,numberOfRobotsOnBlackSite,numberOfRobotsOnWhiteSite
19547,20,21
timeStep,numberOfRobotsOnBlackSite,numberOfRobotsOnWhiteSite
19548,20,21
timeStep,numberOfRobotsOnBlackSite,numberOfRobotsOnWhiteSite
19549,20,21
timeStep,numberOfRobotsOnBlackSite,numberOfRobotsOnWhiteSite
19550,21,21
timeStep,numberOfRobotsOnBlackSite,numberOfRobotsOnWhiteSite
19551,21,21
timeStep,numberOfRobotsOnBlackSite,numberOfRobotsOnWhiteSite
19552,21,21
timeStep,numberOfRobotsOnBlackSite,numberOfRobotsOnWhiteSite
19553,21,21
timeStep,numberOfRobotsOnBlackSite,numberOfRobotsOnWhiteSite
19554,21,21
timeStep,numberOfRobotsOnBlackSite,numberOfRobotsOnWhiteSite
19555,21,21
timeStep,numberOfRobotsOnBlackSite,numberOfRobotsOnWhiteSite
19556,21,21
timeStep,numberOfRobotsOnBlackSite,numberOfRobotsOnWhiteSite
19557,21,21
timeStep,numberOfRobotsOnBlackSite,numberOfRobotsOnWhiteSite
19558,21,21
timeStep,numberOfRobotsOnBlackSite,numberOfRobotsOnWhiteSite
19559,21,21
timeStep,numberOfRobotsOnBlackSite,numberOfRobotsOnWhiteSite
19560,21,20
timeStep,numberOfRobotsOnBlackSite,numberOfRobotsOnWhiteSite
19561,21,20
timeStep,numberOfRobotsOnBlackSite,numberOfRobotsOnWhiteSite
19562,21,20
timeStep,numberOfRobotsOnBlackSite,numberOfRobotsOnWhiteSite
19563,21,20
timeStep,numberOfRobotsOnBlackSite,numberOfRobotsOnWhiteSite
19564,21,20
timeStep,numberOfRobotsOnBlackSite,numberOfRobotsOnWhiteSite
19565,21,20
timeStep,numberOfRobotsOnBlackSite,numberOfRobotsOnWhiteSite
19566,21,20
timeStep,numberOfRobotsOnBlackSite,numberOfRobotsOnWhiteSite
19567,21,20
timeStep,numberOfRobotsOnBlackSite,numberOfRobotsOnWhiteSite
19568,21,20
timeStep,numberOfRobotsOnBlackSite,numberOfRobotsOnWhiteSite
19569,21,20
timeStep,numberOfRobotsOnBlackSite,numberOfRobotsOnWhiteSite
19570,21,20
timeStep,numberOfRobotsOnBlackSite,numberOfRobotsOnWhiteSite
19571,21,20
timeStep,numberOfRobotsOnBlackSite,numberOfRobotsOnWhiteSite
19572,21,20
timeStep,numberOfRobotsOnBlackSite,numberOfRobotsOnWhiteSite
19573,21,20
timeStep,numberOfRobotsOnBlackSite,numberOfRobotsOnWhiteSite
19574,21,20
timeStep,numberOfRobotsOnBlackSite,numberOfRobotsOnWhiteSite
19575,22,20
timeStep,numberOfRobotsOnBlackSite,numberOfRobotsOnWhiteSite
19576,22,20
timeStep,numberOfRobotsOnBlackSite,numberOfRobotsOnWhiteSite
19577,22,20
timeStep,numberOfRobotsOnBlackSite,numberOfRobotsOnWhiteSite
19578,22,20
timeStep,numberOfRobotsOnBlackSite,numberOfRobotsOnWhiteSite
19579,22,20
timeStep,numberOfRobotsOnBlackSite,numberOfRobotsOnWhiteSite
19580,22,20
timeStep,numberOfRobotsOnBlackSite,numberOfRobotsOnWhiteSite
19581,22,20
timeStep,numberOfRobotsOnBlackSite,numberOfRobotsOnWhiteSite
19582,22,20
timeStep,numberOfRobotsOnBlackSite,numberOfRobotsOnWhiteSite
19583,22,20
timeStep,numberOfRobotsOnBlackSite,numberOfRobotsOnWhiteSite
19584,22,20
timeStep,numberOfRobotsOnBlackSite,numberOfRobotsOnWhiteSite
19585,22,20
timeStep,numberOfRobotsOnBlackSite,numberOfRobotsOnWhiteSite
19586,22,20
timeStep,numberOfRobotsOnBlackSite,numberOfRobotsOnWhiteSite
19587,22,20
timeStep,numberOfRobotsOnBlackSite,numberOfRobotsOnWhiteSite
19588,22,20
timeStep,numberOfRobotsOnBlackSite,numberOfRobotsOnWhiteSite
19589,22,20
timeStep,numberOfRobotsOnBlackSite,numberOfRobotsOnWhiteSite
19590,22,20
timeStep,numberOfRobotsOnBlackSite,numberOfRobotsOnWhiteSite
19591,22,20
timeStep,numberOfRobotsOnBlackSite,numberOfRobotsOnWhiteSite
19592,22,20
timeStep,numberOfRobotsOnBlackSite,numberOfRobotsOnWhiteSite
19593,22,20
timeStep,numberOfRobotsOnBlackSite,numberOfRobotsOnWhiteSite
19594,22,20
timeStep,numberOfRobotsOnBlackSite,numberOfRobotsOnWhiteSite
19595,22,20
timeStep,numberOfRobotsOnBlackSite,numberOfRobotsOnWhiteSite
19596,22,20
timeStep,numberOfRobotsOnBlackSite,numberOfRobotsOnWhiteSite
19597,22,20
timeStep,numberOfRobotsOnBlackSite,numberOfRobotsOnWhiteSite
19598,22,20
timeStep,numberOfRobotsOnBlackSite,numberOfRobotsOnWhiteSite
19599,22,20
timeStep,numberOfRobotsOnBlackSite,numberOfRobotsOnWhiteSite
19600,22,20
timeStep,numberOfRobotsOnBlackSite,numberOfRobotsOnWhiteSite
19601,22,20
timeStep,numberOfRobotsOnBlackSite,numberOfRobotsOnWhiteSite
19602,22,20
timeStep,numberOfRobotsOnBlackSite,numberOfRobotsOnWhiteSite
19603,22,20
timeStep,numberOfRobotsOnBlackSite,numberOfRobotsOnWhiteSite
19604,22,20
timeStep,numberOfRobotsOnBlackSite,numberOfRobotsOnWhiteSite
19605,22,21
timeStep,numberOfRobotsOnBlackSite,numberOfRobotsOnWhiteSite
19606,22,21
timeStep,numberOfRobotsOnBlackSite,numberOfRobotsOnWhiteSite
19607,22,21
timeStep,numberOfRobotsOnBlackSite,numberOfRobotsOnWhiteSite
19608,22,21
timeStep,numberOfRobotsOnBlackSite,numberOfRobotsOnWhiteSite
19609,22,21
timeStep,numberOfRobotsOnBlackSite,numberOfRobotsOnWhiteSite
19610,22,21
timeStep,numberOfRobotsOnBlackSite,numberOfRobotsOnWhiteSite
19611,22,21
timeStep,numberOfRobotsOnBlackSite,numberOfRobotsOnWhiteSite
19612,22,21
timeStep,numberOfRobotsOnBlackSite,numberOfRobotsOnWhiteSite
19613,22,21
timeStep,numberOfRobotsOnBlackSite,numberOfRobotsOnWhiteSite
19614,22,21
timeStep,numberOfRobotsOnBlackSite,numberOfRobotsOnWhiteSite
19615,22,21
timeStep,numberOfRobotsOnBlackSite,numberOfRobotsOnWhiteSite
19616,22,21
timeStep,numberOfRobotsOnBlackSite,numberOfRobotsOnWhiteSite
19617,22,21
timeStep,numberOfRobotsOnBlackSite,numberOfRobotsOnWhiteSite
19618,22,21
timeStep,numberOfRobotsOnBlackSite,numberOfRobotsOnWhiteSite
19619,22,21
timeStep,numberOfRobotsOnBlackSite,numberOfRobotsOnWhiteSite
19620,22,21
timeStep,numberOfRobotsOnBlackSite,numberOfRobotsOnWhiteSite
19621,22,21
timeStep,numberOfRobotsOnBlackSite,numberOfRobotsOnWhiteSite
19622,22,21
timeStep,numberOfRobotsOnBlackSite,numberOfRobotsOnWhiteSite
19623,22,21
timeStep,numberOfRobotsOnBlackSite,numberOfRobotsOnWhiteSite
19624,22,21
timeStep,numberOfRobotsOnBlackSite,numberOfRobotsOnWhiteSite
19625,22,21
timeStep,numberOfRobotsOnBlackSite,numberOfRobotsOnWhiteSite
19626,22,21
timeStep,numberOfRobotsOnBlackSite,numberOfRobotsOnWhiteSite
19627,22,21
timeStep,numberOfRobotsOnBlackSite,numberOfRobotsOnWhiteSite
19628,22,21
timeStep,numberOfRobotsOnBlackSite,numberOfRobotsOnWhiteSite
19629,22,21
timeStep,numberOfRobotsOnBlackSite,numberOfRobotsOnWhiteSite
19630,22,21
timeStep,numberOfRobotsOnBlackSite,numberOfRobotsOnWhiteSite
19631,22,21
timeStep,numberOfRobotsOnBlackSite,numberOfRobotsOnWhiteSite
19632,22,21
timeStep,numberOfRobotsOnBlackSite,numberOfRobotsOnWhiteSite
19633,22,21
timeStep,numberOfRobotsOnBlackSite,numberOfRobotsOnWhiteSite
19634,22,21
timeStep,numberOfRobotsOnBlackSite,numberOfRobotsOnWhiteSite
19635,22,21
timeStep,numberOfRobotsOnBlackSite,numberOfRobotsOnWhiteSite
19636,22,21
timeStep,numberOfRobotsOnBlackSite,numberOfRobotsOnWhiteSite
19637,22,21
timeStep,numberOfRobotsOnBlackSite,numberOfRobotsOnWhiteSite
19638,22,21
timeStep,numberOfRobotsOnBlackSite,numberOfRobotsOnWhiteSite
19639,22,21
timeStep,numberOfRobotsOnBlackSite,numberOfRobotsOnWhiteSite
19640,22,21
timeStep,numberOfRobotsOnBlackSite,numberOfRobotsOnWhiteSite
19641,22,21
timeStep,numberOfRobotsOnBlackSite,numberOfRobotsOnWhiteSite
19642,22,21
timeStep,numberOfRobotsOnBlackSite,numberOfRobotsOnWhiteSite
19643,22,21
timeStep,numberOfRobotsOnBlackSite,numberOfRobotsOnWhiteSite
19644,22,21
timeStep,numberOfRobotsOnBlackSite,numberOfRobotsOnWhiteSite
19645,22,21
timeStep,numberOfRobotsOnBlackSite,numberOfRobotsOnWhiteSite
19646,22,21
timeStep,numberOfRobotsOnBlackSite,numberOfRobotsOnWhiteSite
19647,22,21
timeStep,numberOfRobotsOnBlackSite,numberOfRobotsOnWhiteSite
19648,22,21
timeStep,numberOfRobotsOnBlackSite,numberOfRobotsOnWhiteSite
19649,22,21
timeStep,numberOfRobotsOnBlackSite,numberOfRobotsOnWhiteSite
19650,22,21
timeStep,numberOfRobotsOnBlackSite,numberOfRobotsOnWhiteSite
19651,22,21
timeStep,numberOfRobotsOnBlackSite,numberOfRobotsOnWhiteSite
19652,22,21
timeStep,numberOfRobotsOnBlackSite,numberOfRobotsOnWhiteSite
19653,22,21
timeStep,numberOfRobotsOnBlackSite,numberOfRobotsOnWhiteSite
19654,22,21
timeStep,numberOfRobotsOnBlackSite,numberOfRobotsOnWhiteSite
19655,22,21
timeStep,numberOfRobotsOnBlackSite,numberOfRobotsOnWhiteSite
19656,22,21
timeStep,numberOfRobotsOnBlackSite,numberOfRobotsOnWhiteSite
19657,22,21
timeStep,numberOfRobotsOnBlackSite,numberOfRobotsOnWhiteSite
19658,22,21
timeStep,numberOfRobotsOnBlackSite,numberOfRobotsOnWhiteSite
19659,22,21
timeStep,numberOfRobotsOnBlackSite,numberOfRobotsOnWhiteSite
19660,22,21
timeStep,numberOfRobotsOnBlackSite,numberOfRobotsOnWhiteSite
19661,22,21
timeStep,numberOfRobotsOnBlackSite,numberOfRobotsOnWhiteSite
19662,22,21
timeStep,numberOfRobotsOnBlackSite,numberOfRobotsOnWhiteSite
19663,22,21
timeStep,numberOfRobotsOnBlackSite,numberOfRobotsOnWhiteSite
19664,22,21
timeStep,numberOfRobotsOnBlackSite,numberOfRobotsOnWhiteSite
19665,22,21
timeStep,numberOfRobotsOnBlackSite,numberOfRobotsOnWhiteSite
19666,22,21
timeStep,numberOfRobotsOnBlackSite,numberOfRobotsOnWhiteSite
19667,22,21
timeStep,numberOfRobotsOnBlackSite,numberOfRobotsOnWhiteSite
19668,22,21
timeStep,numberOfRobotsOnBlackSite,numberOfRobotsOnWhiteSite
19669,22,21
timeStep,numberOfRobotsOnBlackSite,numberOfRobotsOnWhiteSite
19670,22,21
timeStep,numberOfRobotsOnBlackSite,numberOfRobotsOnWhiteSite
19671,22,21
timeStep,numberOfRobotsOnBlackSite,numberOfRobotsOnWhiteSite
19672,22,21
timeStep,numberOfRobotsOnBlackSite,numberOfRobotsOnWhiteSite
19673,22,21
timeStep,numberOfRobotsOnBlackSite,numberOfRobotsOnWhiteSite
19674,22,21
timeStep,numberOfRobotsOnBlackSite,numberOfRobotsOnWhiteSite
19675,22,21
timeStep,numberOfRobotsOnBlackSite,numberOfRobotsOnWhiteSite
19676,22,21
timeStep,numberOfRobotsOnBlackSite,numberOfRobotsOnWhiteSite
19677,22,21
timeStep,numberOfRobotsOnBlackSite,numberOfRobotsOnWhiteSite
19678,22,21
timeStep,numberOfRobotsOnBlackSite,numberOfRobotsOnWhiteSite
19679,22,21
timeStep,numberOfRobotsOnBlackSite,numberOfRobotsOnWhiteSite
19680,22,21
timeStep,numberOfRobotsOnBlackSite,numberOfRobotsOnWhiteSite
19681,22,21
timeStep,numberOfRobotsOnBlackSite,numberOfRobotsOnWhiteSite
19682,22,21
timeStep,numberOfRobotsOnBlackSite,numberOfRobotsOnWhiteSite
19683,22,21
timeStep,numberOfRobotsOnBlackSite,numberOfRobotsOnWhiteSite
19684,22,21
timeStep,numberOfRobotsOnBlackSite,numberOfRobotsOnWhiteSite
19685,22,21
timeStep,numberOfRobotsOnBlackSite,numberOfRobotsOnWhiteSite
19686,22,21
timeStep,numberOfRobotsOnBlackSite,numberOfRobotsOnWhiteSite
19687,22,21
timeStep,numberOfRobotsOnBlackSite,numberOfRobotsOnWhiteSite
19688,22,21
timeStep,numberOfRobotsOnBlackSite,numberOfRobotsOnWhiteSite
19689,22,21
timeStep,numberOfRobotsOnBlackSite,numberOfRobotsOnWhiteSite
19690,22,21
timeStep,numberOfRobotsOnBlackSite,numberOfRobotsOnWhiteSite
19691,22,21
timeStep,numberOfRobotsOnBlackSite,numberOfRobotsOnWhiteSite
19692,22,21
timeStep,numberOfRobotsOnBlackSite,numberOfRobotsOnWhiteSite
19693,22,21
timeStep,numberOfRobotsOnBlackSite,numberOfRobotsOnWhiteSite
19694,22,21
timeStep,numberOfRobotsOnBlackSite,numberOfRobotsOnWhiteSite
19695,22,21
timeStep,numberOfRobotsOnBlackSite,numberOfRobotsOnWhiteSite
19696,22,21
timeStep,numberOfRobotsOnBlackSite,numberOfRobotsOnWhiteSite
19697,22,21
timeStep,numberOfRobotsOnBlackSite,numberOfRobotsOnWhiteSite
19698,22,21
timeStep,numberOfRobotsOnBlackSite,numberOfRobotsOnWhiteSite
19699,22,21
timeStep,numberOfRobotsOnBlackSite,numberOfRobotsOnWhiteSite
19700,22,21
timeStep,numberOfRobotsOnBlackSite,numberOfRobotsOnWhiteSite
19701,22,21
timeStep,numberOfRobotsOnBlackSite,numberOfRobotsOnWhiteSite
19702,22,21
timeStep,numberOfRobotsOnBlackSite,numberOfRobotsOnWhiteSite
19703,22,21
timeStep,numberOfRobotsOnBlackSite,numberOfRobotsOnWhiteSite
19704,22,21
timeStep,numberOfRobotsOnBlackSite,numberOfRobotsOnWhiteSite
19705,22,21
timeStep,numberOfRobotsOnBlackSite,numberOfRobotsOnWhiteSite
19706,22,21
timeStep,numberOfRobotsOnBlackSite,numberOfRobotsOnWhiteSite
19707,22,21
timeStep,numberOfRobotsOnBlackSite,numberOfRobotsOnWhiteSite
19708,22,21
timeStep,numberOfRobotsOnBlackSite,numberOfRobotsOnWhiteSite
19709,22,21
timeStep,numberOfRobotsOnBlackSite,numberOfRobotsOnWhiteSite
19710,22,21
timeStep,numberOfRobotsOnBlackSite,numberOfRobotsOnWhiteSite
19711,22,21
timeStep,numberOfRobotsOnBlackSite,numberOfRobotsOnWhiteSite
19712,22,21
timeStep,numberOfRobotsOnBlackSite,numberOfRobotsOnWhiteSite
19713,22,21
timeStep,numberOfRobotsOnBlackSite,numberOfRobotsOnWhiteSite
19714,22,21
timeStep,numberOfRobotsOnBlackSite,numberOfRobotsOnWhiteSite
19715,22,21
timeStep,numberOfRobotsOnBlackSite,numberOfRobotsOnWhiteSite
19716,22,21
timeStep,numberOfRobotsOnBlackSite,numberOfRobotsOnWhiteSite
19717,22,21
timeStep,numberOfRobotsOnBlackSite,numberOfRobotsOnWhiteSite
19718,22,21
timeStep,numberOfRobotsOnBlackSite,numberOfRobotsOnWhiteSite
19719,22,21
timeStep,numberOfRobotsOnBlackSite,numberOfRobotsOnWhiteSite
19720,22,20
timeStep,numberOfRobotsOnBlackSite,numberOfRobotsOnWhiteSite
19721,22,20
timeStep,numberOfRobotsOnBlackSite,numberOfRobotsOnWhiteSite
19722,22,20
timeStep,numberOfRobotsOnBlackSite,numberOfRobotsOnWhiteSite
19723,22,20
timeStep,numberOfRobotsOnBlackSite,numberOfRobotsOnWhiteSite
19724,22,20
timeStep,numberOfRobotsOnBlackSite,numberOfRobotsOnWhiteSite
19725,22,20
timeStep,numberOfRobotsOnBlackSite,numberOfRobotsOnWhiteSite
19726,22,20
timeStep,numberOfRobotsOnBlackSite,numberOfRobotsOnWhiteSite
19727,22,20
timeStep,numberOfRobotsOnBlackSite,numberOfRobotsOnWhiteSite
19728,22,20
timeStep,numberOfRobotsOnBlackSite,numberOfRobotsOnWhiteSite
19729,22,20
timeStep,numberOfRobotsOnBlackSite,numberOfRobotsOnWhiteSite
19730,22,20
timeStep,numberOfRobotsOnBlackSite,numberOfRobotsOnWhiteSite
19731,22,20
timeStep,numberOfRobotsOnBlackSite,numberOfRobotsOnWhiteSite
19732,22,20
timeStep,numberOfRobotsOnBlackSite,numberOfRobotsOnWhiteSite
19733,22,20
timeStep,numberOfRobotsOnBlackSite,numberOfRobotsOnWhiteSite
19734,22,20
timeStep,numberOfRobotsOnBlackSite,numberOfRobotsOnWhiteSite
19735,22,20
timeStep,numberOfRobotsOnBlackSite,numberOfRobotsOnWhiteSite
19736,22,20
timeStep,numberOfRobotsOnBlackSite,numberOfRobotsOnWhiteSite
19737,22,20
timeStep,numberOfRobotsOnBlackSite,numberOfRobotsOnWhiteSite
19738,22,20
timeStep,numberOfRobotsOnBlackSite,numberOfRobotsOnWhiteSite
19739,22,20
timeStep,numberOfRobotsOnBlackSite,numberOfRobotsOnWhiteSite
19740,22,20
timeStep,numberOfRobotsOnBlackSite,numberOfRobotsOnWhiteSite
19741,22,20
timeStep,numberOfRobotsOnBlackSite,numberOfRobotsOnWhiteSite
19742,22,20
timeStep,numberOfRobotsOnBlackSite,numberOfRobotsOnWhiteSite
19743,22,20
timeStep,numberOfRobotsOnBlackSite,numberOfRobotsOnWhiteSite
19744,22,20
timeStep,numberOfRobotsOnBlackSite,numberOfRobotsOnWhiteSite
19745,22,20
timeStep,numberOfRobotsOnBlackSite,numberOfRobotsOnWhiteSite
19746,22,20
timeStep,numberOfRobotsOnBlackSite,numberOfRobotsOnWhiteSite
19747,22,20
timeStep,numberOfRobotsOnBlackSite,numberOfRobotsOnWhiteSite
19748,22,20
timeStep,numberOfRobotsOnBlackSite,numberOfRobotsOnWhiteSite
19749,22,20
timeStep,numberOfRobotsOnBlackSite,numberOfRobotsOnWhiteSite
19750,22,20
timeStep,numberOfRobotsOnBlackSite,numberOfRobotsOnWhiteSite
19751,22,20
timeStep,numberOfRobotsOnBlackSite,numberOfRobotsOnWhiteSite
19752,22,20
timeStep,numberOfRobotsOnBlackSite,numberOfRobotsOnWhiteSite
19753,22,20
timeStep,numberOfRobotsOnBlackSite,numberOfRobotsOnWhiteSite
19754,22,20
timeStep,numberOfRobotsOnBlackSite,numberOfRobotsOnWhiteSite
19755,22,19
timeStep,numberOfRobotsOnBlackSite,numberOfRobotsOnWhiteSite
19756,22,19
timeStep,numberOfRobotsOnBlackSite,numberOfRobotsOnWhiteSite
19757,22,19
timeStep,numberOfRobotsOnBlackSite,numberOfRobotsOnWhiteSite
19758,22,19
timeStep,numberOfRobotsOnBlackSite,numberOfRobotsOnWhiteSite
19759,22,19
timeStep,numberOfRobotsOnBlackSite,numberOfRobotsOnWhiteSite
19760,22,19
timeStep,numberOfRobotsOnBlackSite,numberOfRobotsOnWhiteSite
19761,22,19
timeStep,numberOfRobotsOnBlackSite,numberOfRobotsOnWhiteSite
19762,22,19
timeStep,numberOfRobotsOnBlackSite,numberOfRobotsOnWhiteSite
19763,22,19
timeStep,numberOfRobotsOnBlackSite,numberOfRobotsOnWhiteSite
19764,22,19
timeStep,numberOfRobotsOnBlackSite,numberOfRobotsOnWhiteSite
19765,22,19
timeStep,numberOfRobotsOnBlackSite,numberOfRobotsOnWhiteSite
19766,22,19
timeStep,numberOfRobotsOnBlackSite,numberOfRobotsOnWhiteSite
19767,22,19
timeStep,numberOfRobotsOnBlackSite,numberOfRobotsOnWhiteSite
19768,22,19
timeStep,numberOfRobotsOnBlackSite,numberOfRobotsOnWhiteSite
19769,22,19
timeStep,numberOfRobotsOnBlackSite,numberOfRobotsOnWhiteSite
19770,22,19
timeStep,numberOfRobotsOnBlackSite,numberOfRobotsOnWhiteSite
19771,22,19
timeStep,numberOfRobotsOnBlackSite,numberOfRobotsOnWhiteSite
19772,22,19
timeStep,numberOfRobotsOnBlackSite,numberOfRobotsOnWhiteSite
19773,22,19
timeStep,numberOfRobotsOnBlackSite,numberOfRobotsOnWhiteSite
19774,22,19
timeStep,numberOfRobotsOnBlackSite,numberOfRobotsOnWhiteSite
19775,22,19
timeStep,numberOfRobotsOnBlackSite,numberOfRobotsOnWhiteSite
19776,22,19
timeStep,numberOfRobotsOnBlackSite,numberOfRobotsOnWhiteSite
19777,22,19
timeStep,numberOfRobotsOnBlackSite,numberOfRobotsOnWhiteSite
19778,22,19
timeStep,numberOfRobotsOnBlackSite,numberOfRobotsOnWhiteSite
19779,22,19
timeStep,numberOfRobotsOnBlackSite,numberOfRobotsOnWhiteSite
19780,22,19
timeStep,numberOfRobotsOnBlackSite,numberOfRobotsOnWhiteSite
19781,22,19
timeStep,numberOfRobotsOnBlackSite,numberOfRobotsOnWhiteSite
19782,22,19
timeStep,numberOfRobotsOnBlackSite,numberOfRobotsOnWhiteSite
19783,22,19
timeStep,numberOfRobotsOnBlackSite,numberOfRobotsOnWhiteSite
19784,22,19
timeStep,numberOfRobotsOnBlackSite,numberOfRobotsOnWhiteSite
19785,22,19
timeStep,numberOfRobotsOnBlackSite,numberOfRobotsOnWhiteSite
19786,22,19
timeStep,numberOfRobotsOnBlackSite,numberOfRobotsOnWhiteSite
19787,22,19
timeStep,numberOfRobotsOnBlackSite,numberOfRobotsOnWhiteSite
19788,22,19
timeStep,numberOfRobotsOnBlackSite,numberOfRobotsOnWhiteSite
19789,22,19
timeStep,numberOfRobotsOnBlackSite,numberOfRobotsOnWhiteSite
19790,22,19
timeStep,numberOfRobotsOnBlackSite,numberOfRobotsOnWhiteSite
19791,22,19
timeStep,numberOfRobotsOnBlackSite,numberOfRobotsOnWhiteSite
19792,22,19
timeStep,numberOfRobotsOnBlackSite,numberOfRobotsOnWhiteSite
19793,22,19
timeStep,numberOfRobotsOnBlackSite,numberOfRobotsOnWhiteSite
19794,22,19
timeStep,numberOfRobotsOnBlackSite,numberOfRobotsOnWhiteSite
19795,22,19
timeStep,numberOfRobotsOnBlackSite,numberOfRobotsOnWhiteSite
19796,22,19
timeStep,numberOfRobotsOnBlackSite,numberOfRobotsOnWhiteSite
19797,22,19
timeStep,numberOfRobotsOnBlackSite,numberOfRobotsOnWhiteSite
19798,22,19
timeStep,numberOfRobotsOnBlackSite,numberOfRobotsOnWhiteSite
19799,22,19
timeStep,numberOfRobotsOnBlackSite,numberOfRobotsOnWhiteSite
19800,22,19
timeStep,numberOfRobotsOnBlackSite,numberOfRobotsOnWhiteSite
19801,22,19
timeStep,numberOfRobotsOnBlackSite,numberOfRobotsOnWhiteSite
19802,22,19
timeStep,numberOfRobotsOnBlackSite,numberOfRobotsOnWhiteSite
19803,22,19
timeStep,numberOfRobotsOnBlackSite,numberOfRobotsOnWhiteSite
19804,22,19
timeStep,numberOfRobotsOnBlackSite,numberOfRobotsOnWhiteSite
19805,22,19
timeStep,numberOfRobotsOnBlackSite,numberOfRobotsOnWhiteSite
19806,22,19
timeStep,numberOfRobotsOnBlackSite,numberOfRobotsOnWhiteSite
19807,22,19
timeStep,numberOfRobotsOnBlackSite,numberOfRobotsOnWhiteSite
19808,22,19
timeStep,numberOfRobotsOnBlackSite,numberOfRobotsOnWhiteSite
19809,22,19
timeStep,numberOfRobotsOnBlackSite,numberOfRobotsOnWhiteSite
19810,22,19
timeStep,numberOfRobotsOnBlackSite,numberOfRobotsOnWhiteSite
19811,22,19
timeStep,numberOfRobotsOnBlackSite,numberOfRobotsOnWhiteSite
19812,22,19
timeStep,numberOfRobotsOnBlackSite,numberOfRobotsOnWhiteSite
19813,22,19
timeStep,numberOfRobotsOnBlackSite,numberOfRobotsOnWhiteSite
19814,22,19
timeStep,numberOfRobotsOnBlackSite,numberOfRobotsOnWhiteSite
19815,22,19
timeStep,numberOfRobotsOnBlackSite,numberOfRobotsOnWhiteSite
19816,22,19
timeStep,numberOfRobotsOnBlackSite,numberOfRobotsOnWhiteSite
19817,22,19
timeStep,numberOfRobotsOnBlackSite,numberOfRobotsOnWhiteSite
19818,22,19
timeStep,numberOfRobotsOnBlackSite,numberOfRobotsOnWhiteSite
19819,22,19
timeStep,numberOfRobotsOnBlackSite,numberOfRobotsOnWhiteSite
19820,22,20
timeStep,numberOfRobotsOnBlackSite,numberOfRobotsOnWhiteSite
19821,22,20
timeStep,numberOfRobotsOnBlackSite,numberOfRobotsOnWhiteSite
19822,22,20
timeStep,numberOfRobotsOnBlackSite,numberOfRobotsOnWhiteSite
19823,22,20
timeStep,numberOfRobotsOnBlackSite,numberOfRobotsOnWhiteSite
19824,22,20
timeStep,numberOfRobotsOnBlackSite,numberOfRobotsOnWhiteSite
19825,22,20
timeStep,numberOfRobotsOnBlackSite,numberOfRobotsOnWhiteSite
19826,22,20
timeStep,numberOfRobotsOnBlackSite,numberOfRobotsOnWhiteSite
19827,22,20
timeStep,numberOfRobotsOnBlackSite,numberOfRobotsOnWhiteSite
19828,22,20
timeStep,numberOfRobotsOnBlackSite,numberOfRobotsOnWhiteSite
19829,22,20
timeStep,numberOfRobotsOnBlackSite,numberOfRobotsOnWhiteSite
19830,22,20
timeStep,numberOfRobotsOnBlackSite,numberOfRobotsOnWhiteSite
19831,22,20
timeStep,numberOfRobotsOnBlackSite,numberOfRobotsOnWhiteSite
19832,22,20
timeStep,numberOfRobotsOnBlackSite,numberOfRobotsOnWhiteSite
19833,22,20
timeStep,numberOfRobotsOnBlackSite,numberOfRobotsOnWhiteSite
19834,22,20
timeStep,numberOfRobotsOnBlackSite,numberOfRobotsOnWhiteSite
19835,22,20
timeStep,numberOfRobotsOnBlackSite,numberOfRobotsOnWhiteSite
19836,22,20
timeStep,numberOfRobotsOnBlackSite,numberOfRobotsOnWhiteSite
19837,22,20
timeStep,numberOfRobotsOnBlackSite,numberOfRobotsOnWhiteSite
19838,22,20
timeStep,numberOfRobotsOnBlackSite,numberOfRobotsOnWhiteSite
19839,22,20
timeStep,numberOfRobotsOnBlackSite,numberOfRobotsOnWhiteSite
19840,22,20
timeStep,numberOfRobotsOnBlackSite,numberOfRobotsOnWhiteSite
19841,22,20
timeStep,numberOfRobotsOnBlackSite,numberOfRobotsOnWhiteSite
19842,22,20
timeStep,numberOfRobotsOnBlackSite,numberOfRobotsOnWhiteSite
19843,22,20
timeStep,numberOfRobotsOnBlackSite,numberOfRobotsOnWhiteSite
19844,22,20
timeStep,numberOfRobotsOnBlackSite,numberOfRobotsOnWhiteSite
19845,22,20
timeStep,numberOfRobotsOnBlackSite,numberOfRobotsOnWhiteSite
19846,22,20
timeStep,numberOfRobotsOnBlackSite,numberOfRobotsOnWhiteSite
19847,22,20
timeStep,numberOfRobotsOnBlackSite,numberOfRobotsOnWhiteSite
19848,22,20
timeStep,numberOfRobotsOnBlackSite,numberOfRobotsOnWhiteSite
19849,22,20
timeStep,numberOfRobotsOnBlackSite,numberOfRobotsOnWhiteSite
19850,22,20
timeStep,numberOfRobotsOnBlackSite,numberOfRobotsOnWhiteSite
19851,22,20
timeStep,numberOfRobotsOnBlackSite,numberOfRobotsOnWhiteSite
19852,22,20
timeStep,numberOfRobotsOnBlackSite,numberOfRobotsOnWhiteSite
19853,22,20
timeStep,numberOfRobotsOnBlackSite,numberOfRobotsOnWhiteSite
19854,22,20
timeStep,numberOfRobotsOnBlackSite,numberOfRobotsOnWhiteSite
19855,22,20
timeStep,numberOfRobotsOnBlackSite,numberOfRobotsOnWhiteSite
19856,22,20
timeStep,numberOfRobotsOnBlackSite,numberOfRobotsOnWhiteSite
19857,22,20
timeStep,numberOfRobotsOnBlackSite,numberOfRobotsOnWhiteSite
19858,22,20
timeStep,numberOfRobotsOnBlackSite,numberOfRobotsOnWhiteSite
19859,22,20
timeStep,numberOfRobotsOnBlackSite,numberOfRobotsOnWhiteSite
19860,22,20
timeStep,numberOfRobotsOnBlackSite,numberOfRobotsOnWhiteSite
19861,22,20
timeStep,numberOfRobotsOnBlackSite,numberOfRobotsOnWhiteSite
19862,22,20
timeStep,numberOfRobotsOnBlackSite,numberOfRobotsOnWhiteSite
19863,22,20
timeStep,numberOfRobotsOnBlackSite,numberOfRobotsOnWhiteSite
19864,22,20
timeStep,numberOfRobotsOnBlackSite,numberOfRobotsOnWhiteSite
19865,22,20
timeStep,numberOfRobotsOnBlackSite,numberOfRobotsOnWhiteSite
19866,22,20
timeStep,numberOfRobotsOnBlackSite,numberOfRobotsOnWhiteSite
19867,22,20
timeStep,numberOfRobotsOnBlackSite,numberOfRobotsOnWhiteSite
19868,22,20
timeStep,numberOfRobotsOnBlackSite,numberOfRobotsOnWhiteSite
19869,22,20
timeStep,numberOfRobotsOnBlackSite,numberOfRobotsOnWhiteSite
19870,22,20
timeStep,numberOfRobotsOnBlackSite,numberOfRobotsOnWhiteSite
19871,22,20
timeStep,numberOfRobotsOnBlackSite,numberOfRobotsOnWhiteSite
19872,22,20
timeStep,numberOfRobotsOnBlackSite,numberOfRobotsOnWhiteSite
19873,22,20
timeStep,numberOfRobotsOnBlackSite,numberOfRobotsOnWhiteSite
19874,22,20
timeStep,numberOfRobotsOnBlackSite,numberOfRobotsOnWhiteSite
19875,22,20
timeStep,numberOfRobotsOnBlackSite,numberOfRobotsOnWhiteSite
19876,22,20
timeStep,numberOfRobotsOnBlackSite,numberOfRobotsOnWhiteSite
19877,22,20
timeStep,numberOfRobotsOnBlackSite,numberOfRobotsOnWhiteSite
19878,22,20
timeStep,numberOfRobotsOnBlackSite,numberOfRobotsOnWhiteSite
19879,22,20
timeStep,numberOfRobotsOnBlackSite,numberOfRobotsOnWhiteSite
19880,22,19
timeStep,numberOfRobotsOnBlackSite,numberOfRobotsOnWhiteSite
19881,22,19
timeStep,numberOfRobotsOnBlackSite,numberOfRobotsOnWhiteSite
19882,22,19
timeStep,numberOfRobotsOnBlackSite,numberOfRobotsOnWhiteSite
19883,22,19
timeStep,numberOfRobotsOnBlackSite,numberOfRobotsOnWhiteSite
19884,22,19
timeStep,numberOfRobotsOnBlackSite,numberOfRobotsOnWhiteSite
19885,22,19
timeStep,numberOfRobotsOnBlackSite,numberOfRobotsOnWhiteSite
19886,22,19
timeStep,numberOfRobotsOnBlackSite,numberOfRobotsOnWhiteSite
19887,22,19
timeStep,numberOfRobotsOnBlackSite,numberOfRobotsOnWhiteSite
19888,22,19
timeStep,numberOfRobotsOnBlackSite,numberOfRobotsOnWhiteSite
19889,22,19
timeStep,numberOfRobotsOnBlackSite,numberOfRobotsOnWhiteSite
19890,22,19
timeStep,numberOfRobotsOnBlackSite,numberOfRobotsOnWhiteSite
19891,22,19
timeStep,numberOfRobotsOnBlackSite,numberOfRobotsOnWhiteSite
19892,22,19
timeStep,numberOfRobotsOnBlackSite,numberOfRobotsOnWhiteSite
19893,22,19
timeStep,numberOfRobotsOnBlackSite,numberOfRobotsOnWhiteSite
19894,22,19
timeStep,numberOfRobotsOnBlackSite,numberOfRobotsOnWhiteSite
19895,22,19
timeStep,numberOfRobotsOnBlackSite,numberOfRobotsOnWhiteSite
19896,22,19
timeStep,numberOfRobotsOnBlackSite,numberOfRobotsOnWhiteSite
19897,22,19
timeStep,numberOfRobotsOnBlackSite,numberOfRobotsOnWhiteSite
19898,22,19
timeStep,numberOfRobotsOnBlackSite,numberOfRobotsOnWhiteSite
19899,22,19
timeStep,numberOfRobotsOnBlackSite,numberOfRobotsOnWhiteSite
19900,22,19
timeStep,numberOfRobotsOnBlackSite,numberOfRobotsOnWhiteSite
19901,22,19
timeStep,numberOfRobotsOnBlackSite,numberOfRobotsOnWhiteSite
19902,22,19
timeStep,numberOfRobotsOnBlackSite,numberOfRobotsOnWhiteSite
19903,22,19
timeStep,numberOfRobotsOnBlackSite,numberOfRobotsOnWhiteSite
19904,22,19
timeStep,numberOfRobotsOnBlackSite,numberOfRobotsOnWhiteSite
19905,22,19
timeStep,numberOfRobotsOnBlackSite,numberOfRobotsOnWhiteSite
19906,22,19
timeStep,numberOfRobotsOnBlackSite,numberOfRobotsOnWhiteSite
19907,22,19
timeStep,numberOfRobotsOnBlackSite,numberOfRobotsOnWhiteSite
19908,22,19
timeStep,numberOfRobotsOnBlackSite,numberOfRobotsOnWhiteSite
19909,22,19
timeStep,numberOfRobotsOnBlackSite,numberOfRobotsOnWhiteSite
19910,22,19
timeStep,numberOfRobotsOnBlackSite,numberOfRobotsOnWhiteSite
19911,22,19
timeStep,numberOfRobotsOnBlackSite,numberOfRobotsOnWhiteSite
19912,22,19
timeStep,numberOfRobotsOnBlackSite,numberOfRobotsOnWhiteSite
19913,22,19
timeStep,numberOfRobotsOnBlackSite,numberOfRobotsOnWhiteSite
19914,22,19
timeStep,numberOfRobotsOnBlackSite,numberOfRobotsOnWhiteSite
19915,22,19
timeStep,numberOfRobotsOnBlackSite,numberOfRobotsOnWhiteSite
19916,22,19
timeStep,numberOfRobotsOnBlackSite,numberOfRobotsOnWhiteSite
19917,22,19
timeStep,numberOfRobotsOnBlackSite,numberOfRobotsOnWhiteSite
19918,22,19
timeStep,numberOfRobotsOnBlackSite,numberOfRobotsOnWhiteSite
19919,22,19
timeStep,numberOfRobotsOnBlackSite,numberOfRobotsOnWhiteSite
19920,22,19
timeStep,numberOfRobotsOnBlackSite,numberOfRobotsOnWhiteSite
19921,22,19
timeStep,numberOfRobotsOnBlackSite,numberOfRobotsOnWhiteSite
19922,22,19
timeStep,numberOfRobotsOnBlackSite,numberOfRobotsOnWhiteSite
19923,22,19
timeStep,numberOfRobotsOnBlackSite,numberOfRobotsOnWhiteSite
19924,22,19
timeStep,numberOfRobotsOnBlackSite,numberOfRobotsOnWhiteSite
19925,22,19
timeStep,numberOfRobotsOnBlackSite,numberOfRobotsOnWhiteSite
19926,22,19
timeStep,numberOfRobotsOnBlackSite,numberOfRobotsOnWhiteSite
19927,22,19
timeStep,numberOfRobotsOnBlackSite,numberOfRobotsOnWhiteSite
19928,22,19
timeStep,numberOfRobotsOnBlackSite,numberOfRobotsOnWhiteSite
19929,22,19
timeStep,numberOfRobotsOnBlackSite,numberOfRobotsOnWhiteSite
19930,22,18
timeStep,numberOfRobotsOnBlackSite,numberOfRobotsOnWhiteSite
19931,22,18
timeStep,numberOfRobotsOnBlackSite,numberOfRobotsOnWhiteSite
19932,22,18
timeStep,numberOfRobotsOnBlackSite,numberOfRobotsOnWhiteSite
19933,22,18
timeStep,numberOfRobotsOnBlackSite,numberOfRobotsOnWhiteSite
19934,22,18
timeStep,numberOfRobotsOnBlackSite,numberOfRobotsOnWhiteSite
19935,22,18
timeStep,numberOfRobotsOnBlackSite,numberOfRobotsOnWhiteSite
19936,22,18
timeStep,numberOfRobotsOnBlackSite,numberOfRobotsOnWhiteSite
19937,22,18
timeStep,numberOfRobotsOnBlackSite,numberOfRobotsOnWhiteSite
19938,22,18
timeStep,numberOfRobotsOnBlackSite,numberOfRobotsOnWhiteSite
19939,22,18
timeStep,numberOfRobotsOnBlackSite,numberOfRobotsOnWhiteSite
19940,22,18
timeStep,numberOfRobotsOnBlackSite,numberOfRobotsOnWhiteSite
19941,22,18
timeStep,numberOfRobotsOnBlackSite,numberOfRobotsOnWhiteSite
19942,22,18
timeStep,numberOfRobotsOnBlackSite,numberOfRobotsOnWhiteSite
19943,22,18
timeStep,numberOfRobotsOnBlackSite,numberOfRobotsOnWhiteSite
19944,22,18
timeStep,numberOfRobotsOnBlackSite,numberOfRobotsOnWhiteSite
19945,22,18
timeStep,numberOfRobotsOnBlackSite,numberOfRobotsOnWhiteSite
19946,22,18
timeStep,numberOfRobotsOnBlackSite,numberOfRobotsOnWhiteSite
19947,22,18
timeStep,numberOfRobotsOnBlackSite,numberOfRobotsOnWhiteSite
19948,22,18
timeStep,numberOfRobotsOnBlackSite,numberOfRobotsOnWhiteSite
19949,22,18
timeStep,numberOfRobotsOnBlackSite,numberOfRobotsOnWhiteSite
19950,22,18
timeStep,numberOfRobotsOnBlackSite,numberOfRobotsOnWhiteSite
19951,22,18
timeStep,numberOfRobotsOnBlackSite,numberOfRobotsOnWhiteSite
19952,22,18
timeStep,numberOfRobotsOnBlackSite,numberOfRobotsOnWhiteSite
19953,22,18
timeStep,numberOfRobotsOnBlackSite,numberOfRobotsOnWhiteSite
19954,22,18
timeStep,numberOfRobotsOnBlackSite,numberOfRobotsOnWhiteSite
19955,22,18
timeStep,numberOfRobotsOnBlackSite,numberOfRobotsOnWhiteSite
19956,22,18
timeStep,numberOfRobotsOnBlackSite,numberOfRobotsOnWhiteSite
19957,22,18
timeStep,numberOfRobotsOnBlackSite,numberOfRobotsOnWhiteSite
19958,22,18
timeStep,numberOfRobotsOnBlackSite,numberOfRobotsOnWhiteSite
19959,22,18
timeStep,numberOfRobotsOnBlackSite,numberOfRobotsOnWhiteSite
19960,22,18
timeStep,numberOfRobotsOnBlackSite,numberOfRobotsOnWhiteSite
19961,22,18
timeStep,numberOfRobotsOnBlackSite,numberOfRobotsOnWhiteSite
19962,22,18
timeStep,numberOfRobotsOnBlackSite,numberOfRobotsOnWhiteSite
19963,22,18
timeStep,numberOfRobotsOnBlackSite,numberOfRobotsOnWhiteSite
19964,22,18
timeStep,numberOfRobotsOnBlackSite,numberOfRobotsOnWhiteSite
19965,22,18
timeStep,numberOfRobotsOnBlackSite,numberOfRobotsOnWhiteSite
19966,22,18
timeStep,numberOfRobotsOnBlackSite,numberOfRobotsOnWhiteSite
19967,22,18
timeStep,numberOfRobotsOnBlackSite,numberOfRobotsOnWhiteSite
19968,22,18
timeStep,numberOfRobotsOnBlackSite,numberOfRobotsOnWhiteSite
19969,22,18
timeStep,numberOfRobotsOnBlackSite,numberOfRobotsOnWhiteSite
19970,22,18
timeStep,numberOfRobotsOnBlackSite,numberOfRobotsOnWhiteSite
19971,22,18
timeStep,numberOfRobotsOnBlackSite,numberOfRobotsOnWhiteSite
19972,22,18
timeStep,numberOfRobotsOnBlackSite,numberOfRobotsOnWhiteSite
19973,22,18
timeStep,numberOfRobotsOnBlackSite,numberOfRobotsOnWhiteSite
19974,22,18
timeStep,numberOfRobotsOnBlackSite,numberOfRobotsOnWhiteSite
19975,22,18
timeStep,numberOfRobotsOnBlackSite,numberOfRobotsOnWhiteSite
19976,22,18
timeStep,numberOfRobotsOnBlackSite,numberOfRobotsOnWhiteSite
19977,22,18
timeStep,numberOfRobotsOnBlackSite,numberOfRobotsOnWhiteSite
19978,22,18
timeStep,numberOfRobotsOnBlackSite,numberOfRobotsOnWhiteSite
19979,22,18
timeStep,numberOfRobotsOnBlackSite,numberOfRobotsOnWhiteSite
19980,22,18
timeStep,numberOfRobotsOnBlackSite,numberOfRobotsOnWhiteSite
19981,22,18
timeStep,numberOfRobotsOnBlackSite,numberOfRobotsOnWhiteSite
19982,22,18
timeStep,numberOfRobotsOnBlackSite,numberOfRobotsOnWhiteSite
19983,22,18
timeStep,numberOfRobotsOnBlackSite,numberOfRobotsOnWhiteSite
19984,22,18
timeStep,numberOfRobotsOnBlackSite,numberOfRobotsOnWhiteSite
19985,22,18
timeStep,numberOfRobotsOnBlackSite,numberOfRobotsOnWhiteSite
19986,22,18
timeStep,numberOfRobotsOnBlackSite,numberOfRobotsOnWhiteSite
19987,22,18
timeStep,numberOfRobotsOnBlackSite,numberOfRobotsOnWhiteSite
19988,22,18
timeStep,numberOfRobotsOnBlackSite,numberOfRobotsOnWhiteSite
19989,22,18
timeStep,numberOfRobotsOnBlackSite,numberOfRobotsOnWhiteSite
19990,22,18
timeStep,numberOfRobotsOnBlackSite,numberOfRobotsOnWhiteSite
19991,22,18
timeStep,numberOfRobotsOnBlackSite,numberOfRobotsOnWhiteSite
19992,22,18
timeStep,numberOfRobotsOnBlackSite,numberOfRobotsOnWhiteSite
19993,22,18
timeStep,numberOfRobotsOnBlackSite,numberOfRobotsOnWhiteSite
19994,22,18
timeStep,numberOfRobotsOnBlackSite,numberOfRobotsOnWhiteSite
19995,22,18
timeStep,numberOfRobotsOnBlackSite,numberOfRobotsOnWhiteSite
19996,22,18
timeStep,numberOfRobotsOnBlackSite,numberOfRobotsOnWhiteSite
19997,22,18
timeStep,numberOfRobotsOnBlackSite,numberOfRobotsOnWhiteSite
19998,22,18
timeStep,numberOfRobotsOnBlackSite,numberOfRobotsOnWhiteSite
19999,22,18
timeStep,numberOfRobotsOnBlackSite,numberOfRobotsOnWhiteSite
20000,22,17
timeStep,numberOfRobotsOnBlackSite,numberOfRobotsOnWhiteSite
20001,22,17
timeStep,numberOfRobotsOnBlackSite,numberOfRobotsOnWhiteSite
20002,22,17
timeStep,numberOfRobotsOnBlackSite,numberOfRobotsOnWhiteSite
20003,22,17
timeStep,numberOfRobotsOnBlackSite,numberOfRobotsOnWhiteSite
20004,22,17
timeStep,numberOfRobotsOnBlackSite,numberOfRobotsOnWhiteSite
20005,22,17
timeStep,numberOfRobotsOnBlackSite,numberOfRobotsOnWhiteSite
20006,22,17
timeStep,numberOfRobotsOnBlackSite,numberOfRobotsOnWhiteSite
20007,22,17
timeStep,numberOfRobotsOnBlackSite,numberOfRobotsOnWhiteSite
20008,22,17
timeStep,numberOfRobotsOnBlackSite,numberOfRobotsOnWhiteSite
20009,22,17
timeStep,numberOfRobotsOnBlackSite,numberOfRobotsOnWhiteSite
20010,22,17
timeStep,numberOfRobotsOnBlackSite,numberOfRobotsOnWhiteSite
20011,22,17
timeStep,numberOfRobotsOnBlackSite,numberOfRobotsOnWhiteSite
20012,22,17
timeStep,numberOfRobotsOnBlackSite,numberOfRobotsOnWhiteSite
20013,22,17
timeStep,numberOfRobotsOnBlackSite,numberOfRobotsOnWhiteSite
20014,22,17
timeStep,numberOfRobotsOnBlackSite,numberOfRobotsOnWhiteSite
20015,22,17
timeStep,numberOfRobotsOnBlackSite,numberOfRobotsOnWhiteSite
20016,22,17
timeStep,numberOfRobotsOnBlackSite,numberOfRobotsOnWhiteSite
20017,22,17
timeStep,numberOfRobotsOnBlackSite,numberOfRobotsOnWhiteSite
20018,22,17
timeStep,numberOfRobotsOnBlackSite,numberOfRobotsOnWhiteSite
20019,22,17
timeStep,numberOfRobotsOnBlackSite,numberOfRobotsOnWhiteSite
20020,22,17
timeStep,numberOfRobotsOnBlackSite,numberOfRobotsOnWhiteSite
20021,22,17
timeStep,numberOfRobotsOnBlackSite,numberOfRobotsOnWhiteSite
20022,22,17
timeStep,numberOfRobotsOnBlackSite,numberOfRobotsOnWhiteSite
20023,22,17
timeStep,numberOfRobotsOnBlackSite,numberOfRobotsOnWhiteSite
20024,22,17
timeStep,numberOfRobotsOnBlackSite,numberOfRobotsOnWhiteSite
20025,22,17
timeStep,numberOfRobotsOnBlackSite,numberOfRobotsOnWhiteSite
20026,22,17
timeStep,numberOfRobotsOnBlackSite,numberOfRobotsOnWhiteSite
20027,22,17
timeStep,numberOfRobotsOnBlackSite,numberOfRobotsOnWhiteSite
20028,22,17
timeStep,numberOfRobotsOnBlackSite,numberOfRobotsOnWhiteSite
20029,22,17
timeStep,numberOfRobotsOnBlackSite,numberOfRobotsOnWhiteSite
20030,22,17
timeStep,numberOfRobotsOnBlackSite,numberOfRobotsOnWhiteSite
20031,22,17
timeStep,numberOfRobotsOnBlackSite,numberOfRobotsOnWhiteSite
20032,22,17
timeStep,numberOfRobotsOnBlackSite,numberOfRobotsOnWhiteSite
20033,22,17
timeStep,numberOfRobotsOnBlackSite,numberOfRobotsOnWhiteSite
20034,22,17
timeStep,numberOfRobotsOnBlackSite,numberOfRobotsOnWhiteSite
20035,22,17
timeStep,numberOfRobotsOnBlackSite,numberOfRobotsOnWhiteSite
20036,22,17
timeStep,numberOfRobotsOnBlackSite,numberOfRobotsOnWhiteSite
20037,22,17
timeStep,numberOfRobotsOnBlackSite,numberOfRobotsOnWhiteSite
20038,22,17
timeStep,numberOfRobotsOnBlackSite,numberOfRobotsOnWhiteSite
20039,22,17
timeStep,numberOfRobotsOnBlackSite,numberOfRobotsOnWhiteSite
20040,22,19
timeStep,numberOfRobotsOnBlackSite,numberOfRobotsOnWhiteSite
20041,22,19
timeStep,numberOfRobotsOnBlackSite,numberOfRobotsOnWhiteSite
20042,22,19
timeStep,numberOfRobotsOnBlackSite,numberOfRobotsOnWhiteSite
20043,22,19
timeStep,numberOfRobotsOnBlackSite,numberOfRobotsOnWhiteSite
20044,22,19
timeStep,numberOfRobotsOnBlackSite,numberOfRobotsOnWhiteSite
20045,22,18
timeStep,numberOfRobotsOnBlackSite,numberOfRobotsOnWhiteSite
20046,22,18
timeStep,numberOfRobotsOnBlackSite,numberOfRobotsOnWhiteSite
20047,22,18
timeStep,numberOfRobotsOnBlackSite,numberOfRobotsOnWhiteSite
20048,22,18
timeStep,numberOfRobotsOnBlackSite,numberOfRobotsOnWhiteSite
20049,22,18
timeStep,numberOfRobotsOnBlackSite,numberOfRobotsOnWhiteSite
20050,22,19
timeStep,numberOfRobotsOnBlackSite,numberOfRobotsOnWhiteSite
20051,22,19
timeStep,numberOfRobotsOnBlackSite,numberOfRobotsOnWhiteSite
20052,22,19
timeStep,numberOfRobotsOnBlackSite,numberOfRobotsOnWhiteSite
20053,22,19
timeStep,numberOfRobotsOnBlackSite,numberOfRobotsOnWhiteSite
20054,22,19
timeStep,numberOfRobotsOnBlackSite,numberOfRobotsOnWhiteSite
20055,22,19
timeStep,numberOfRobotsOnBlackSite,numberOfRobotsOnWhiteSite
20056,22,19
timeStep,numberOfRobotsOnBlackSite,numberOfRobotsOnWhiteSite
20057,22,19
timeStep,numberOfRobotsOnBlackSite,numberOfRobotsOnWhiteSite
20058,22,19
timeStep,numberOfRobotsOnBlackSite,numberOfRobotsOnWhiteSite
20059,22,19
timeStep,numberOfRobotsOnBlackSite,numberOfRobotsOnWhiteSite
20060,22,19
timeStep,numberOfRobotsOnBlackSite,numberOfRobotsOnWhiteSite
20061,22,19
timeStep,numberOfRobotsOnBlackSite,numberOfRobotsOnWhiteSite
20062,22,19
timeStep,numberOfRobotsOnBlackSite,numberOfRobotsOnWhiteSite
20063,22,19
timeStep,numberOfRobotsOnBlackSite,numberOfRobotsOnWhiteSite
20064,22,19
timeStep,numberOfRobotsOnBlackSite,numberOfRobotsOnWhiteSite
20065,22,19
timeStep,numberOfRobotsOnBlackSite,numberOfRobotsOnWhiteSite
20066,22,19
timeStep,numberOfRobotsOnBlackSite,numberOfRobotsOnWhiteSite
20067,22,19
timeStep,numberOfRobotsOnBlackSite,numberOfRobotsOnWhiteSite
20068,22,19
timeStep,numberOfRobotsOnBlackSite,numberOfRobotsOnWhiteSite
20069,22,19
timeStep,numberOfRobotsOnBlackSite,numberOfRobotsOnWhiteSite
20070,22,19
timeStep,numberOfRobotsOnBlackSite,numberOfRobotsOnWhiteSite
20071,22,19
timeStep,numberOfRobotsOnBlackSite,numberOfRobotsOnWhiteSite
20072,22,19
timeStep,numberOfRobotsOnBlackSite,numberOfRobotsOnWhiteSite
20073,22,19
timeStep,numberOfRobotsOnBlackSite,numberOfRobotsOnWhiteSite
20074,22,19
timeStep,numberOfRobotsOnBlackSite,numberOfRobotsOnWhiteSite
20075,22,19
timeStep,numberOfRobotsOnBlackSite,numberOfRobotsOnWhiteSite
20076,22,19
timeStep,numberOfRobotsOnBlackSite,numberOfRobotsOnWhiteSite
20077,22,19
timeStep,numberOfRobotsOnBlackSite,numberOfRobotsOnWhiteSite
20078,22,19
timeStep,numberOfRobotsOnBlackSite,numberOfRobotsOnWhiteSite
20079,22,19
timeStep,numberOfRobotsOnBlackSite,numberOfRobotsOnWhiteSite
20080,22,19
timeStep,numberOfRobotsOnBlackSite,numberOfRobotsOnWhiteSite
20081,22,19
timeStep,numberOfRobotsOnBlackSite,numberOfRobotsOnWhiteSite
20082,22,19
timeStep,numberOfRobotsOnBlackSite,numberOfRobotsOnWhiteSite
20083,22,19
timeStep,numberOfRobotsOnBlackSite,numberOfRobotsOnWhiteSite
20084,22,19
timeStep,numberOfRobotsOnBlackSite,numberOfRobotsOnWhiteSite
20085,22,19
timeStep,numberOfRobotsOnBlackSite,numberOfRobotsOnWhiteSite
20086,22,19
timeStep,numberOfRobotsOnBlackSite,numberOfRobotsOnWhiteSite
20087,22,19
timeStep,numberOfRobotsOnBlackSite,numberOfRobotsOnWhiteSite
20088,22,19
timeStep,numberOfRobotsOnBlackSite,numberOfRobotsOnWhiteSite
20089,22,19
timeStep,numberOfRobotsOnBlackSite,numberOfRobotsOnWhiteSite
20090,22,19
timeStep,numberOfRobotsOnBlackSite,numberOfRobotsOnWhiteSite
20091,22,19
timeStep,numberOfRobotsOnBlackSite,numberOfRobotsOnWhiteSite
20092,22,19
timeStep,numberOfRobotsOnBlackSite,numberOfRobotsOnWhiteSite
20093,22,19
timeStep,numberOfRobotsOnBlackSite,numberOfRobotsOnWhiteSite
20094,22,19
timeStep,numberOfRobotsOnBlackSite,numberOfRobotsOnWhiteSite
20095,22,18
timeStep,numberOfRobotsOnBlackSite,numberOfRobotsOnWhiteSite
20096,22,18
timeStep,numberOfRobotsOnBlackSite,numberOfRobotsOnWhiteSite
20097,22,18
timeStep,numberOfRobotsOnBlackSite,numberOfRobotsOnWhiteSite
20098,22,18
timeStep,numberOfRobotsOnBlackSite,numberOfRobotsOnWhiteSite
20099,22,18
timeStep,numberOfRobotsOnBlackSite,numberOfRobotsOnWhiteSite
20100,22,18
timeStep,numberOfRobotsOnBlackSite,numberOfRobotsOnWhiteSite
20101,22,18
timeStep,numberOfRobotsOnBlackSite,numberOfRobotsOnWhiteSite
20102,22,18
timeStep,numberOfRobotsOnBlackSite,numberOfRobotsOnWhiteSite
20103,22,18
timeStep,numberOfRobotsOnBlackSite,numberOfRobotsOnWhiteSite
20104,22,18
timeStep,numberOfRobotsOnBlackSite,numberOfRobotsOnWhiteSite
20105,22,18
timeStep,numberOfRobotsOnBlackSite,numberOfRobotsOnWhiteSite
20106,22,18
timeStep,numberOfRobotsOnBlackSite,numberOfRobotsOnWhiteSite
20107,22,18
timeStep,numberOfRobotsOnBlackSite,numberOfRobotsOnWhiteSite
20108,22,18
timeStep,numberOfRobotsOnBlackSite,numberOfRobotsOnWhiteSite
20109,22,18
timeStep,numberOfRobotsOnBlackSite,numberOfRobotsOnWhiteSite
20110,22,18
timeStep,numberOfRobotsOnBlackSite,numberOfRobotsOnWhiteSite
20111,22,18
timeStep,numberOfRobotsOnBlackSite,numberOfRobotsOnWhiteSite
20112,22,18
timeStep,numberOfRobotsOnBlackSite,numberOfRobotsOnWhiteSite
20113,22,18
timeStep,numberOfRobotsOnBlackSite,numberOfRobotsOnWhiteSite
20114,22,18
timeStep,numberOfRobotsOnBlackSite,numberOfRobotsOnWhiteSite
20115,22,18
timeStep,numberOfRobotsOnBlackSite,numberOfRobotsOnWhiteSite
20116,22,18
timeStep,numberOfRobotsOnBlackSite,numberOfRobotsOnWhiteSite
20117,22,18
timeStep,numberOfRobotsOnBlackSite,numberOfRobotsOnWhiteSite
20118,22,18
timeStep,numberOfRobotsOnBlackSite,numberOfRobotsOnWhiteSite
20119,22,18
timeStep,numberOfRobotsOnBlackSite,numberOfRobotsOnWhiteSite
20120,22,18
timeStep,numberOfRobotsOnBlackSite,numberOfRobotsOnWhiteSite
20121,22,18
timeStep,numberOfRobotsOnBlackSite,numberOfRobotsOnWhiteSite
20122,22,18
timeStep,numberOfRobotsOnBlackSite,numberOfRobotsOnWhiteSite
20123,22,18
timeStep,numberOfRobotsOnBlackSite,numberOfRobotsOnWhiteSite
20124,22,18
timeStep,numberOfRobotsOnBlackSite,numberOfRobotsOnWhiteSite
20125,22,18
timeStep,numberOfRobotsOnBlackSite,numberOfRobotsOnWhiteSite
20126,22,18
timeStep,numberOfRobotsOnBlackSite,numberOfRobotsOnWhiteSite
20127,22,18
timeStep,numberOfRobotsOnBlackSite,numberOfRobotsOnWhiteSite
20128,22,18
timeStep,numberOfRobotsOnBlackSite,numberOfRobotsOnWhiteSite
20129,22,18
timeStep,numberOfRobotsOnBlackSite,numberOfRobotsOnWhiteSite
20130,22,18
timeStep,numberOfRobotsOnBlackSite,numberOfRobotsOnWhiteSite
20131,22,18
timeStep,numberOfRobotsOnBlackSite,numberOfRobotsOnWhiteSite
20132,22,18
timeStep,numberOfRobotsOnBlackSite,numberOfRobotsOnWhiteSite
20133,22,18
timeStep,numberOfRobotsOnBlackSite,numberOfRobotsOnWhiteSite
20134,22,18
timeStep,numberOfRobotsOnBlackSite,numberOfRobotsOnWhiteSite
20135,22,18
timeStep,numberOfRobotsOnBlackSite,numberOfRobotsOnWhiteSite
20136,22,18
timeStep,numberOfRobotsOnBlackSite,numberOfRobotsOnWhiteSite
20137,22,18
timeStep,numberOfRobotsOnBlackSite,numberOfRobotsOnWhiteSite
20138,22,18
timeStep,numberOfRobotsOnBlackSite,numberOfRobotsOnWhiteSite
20139,22,18
timeStep,numberOfRobotsOnBlackSite,numberOfRobotsOnWhiteSite
20140,22,18
timeStep,numberOfRobotsOnBlackSite,numberOfRobotsOnWhiteSite
20141,22,18
timeStep,numberOfRobotsOnBlackSite,numberOfRobotsOnWhiteSite
20142,22,18
timeStep,numberOfRobotsOnBlackSite,numberOfRobotsOnWhiteSite
20143,22,18
timeStep,numberOfRobotsOnBlackSite,numberOfRobotsOnWhiteSite
20144,22,18
timeStep,numberOfRobotsOnBlackSite,numberOfRobotsOnWhiteSite
20145,22,17
timeStep,numberOfRobotsOnBlackSite,numberOfRobotsOnWhiteSite
20146,22,17
timeStep,numberOfRobotsOnBlackSite,numberOfRobotsOnWhiteSite
20147,22,17
timeStep,numberOfRobotsOnBlackSite,numberOfRobotsOnWhiteSite
20148,22,17
timeStep,numberOfRobotsOnBlackSite,numberOfRobotsOnWhiteSite
20149,22,17
timeStep,numberOfRobotsOnBlackSite,numberOfRobotsOnWhiteSite
20150,22,17
timeStep,numberOfRobotsOnBlackSite,numberOfRobotsOnWhiteSite
20151,22,17
timeStep,numberOfRobotsOnBlackSite,numberOfRobotsOnWhiteSite
20152,22,17
timeStep,numberOfRobotsOnBlackSite,numberOfRobotsOnWhiteSite
20153,22,17
timeStep,numberOfRobotsOnBlackSite,numberOfRobotsOnWhiteSite
20154,22,17
timeStep,numberOfRobotsOnBlackSite,numberOfRobotsOnWhiteSite
20155,22,17
timeStep,numberOfRobotsOnBlackSite,numberOfRobotsOnWhiteSite
20156,22,17
timeStep,numberOfRobotsOnBlackSite,numberOfRobotsOnWhiteSite
20157,22,17
timeStep,numberOfRobotsOnBlackSite,numberOfRobotsOnWhiteSite
20158,22,17
timeStep,numberOfRobotsOnBlackSite,numberOfRobotsOnWhiteSite
20159,22,17
timeStep,numberOfRobotsOnBlackSite,numberOfRobotsOnWhiteSite
20160,22,17
timeStep,numberOfRobotsOnBlackSite,numberOfRobotsOnWhiteSite
20161,22,17
timeStep,numberOfRobotsOnBlackSite,numberOfRobotsOnWhiteSite
20162,22,17
timeStep,numberOfRobotsOnBlackSite,numberOfRobotsOnWhiteSite
20163,22,17
timeStep,numberOfRobotsOnBlackSite,numberOfRobotsOnWhiteSite
20164,22,17
timeStep,numberOfRobotsOnBlackSite,numberOfRobotsOnWhiteSite
20165,22,17
timeStep,numberOfRobotsOnBlackSite,numberOfRobotsOnWhiteSite
20166,22,17
timeStep,numberOfRobotsOnBlackSite,numberOfRobotsOnWhiteSite
20167,22,17
timeStep,numberOfRobotsOnBlackSite,numberOfRobotsOnWhiteSite
20168,22,17
timeStep,numberOfRobotsOnBlackSite,numberOfRobotsOnWhiteSite
20169,22,17
timeStep,numberOfRobotsOnBlackSite,numberOfRobotsOnWhiteSite
20170,22,16
timeStep,numberOfRobotsOnBlackSite,numberOfRobotsOnWhiteSite
20171,22,16
timeStep,numberOfRobotsOnBlackSite,numberOfRobotsOnWhiteSite
20172,22,16
timeStep,numberOfRobotsOnBlackSite,numberOfRobotsOnWhiteSite
20173,22,16
timeStep,numberOfRobotsOnBlackSite,numberOfRobotsOnWhiteSite
20174,22,16
timeStep,numberOfRobotsOnBlackSite,numberOfRobotsOnWhiteSite
20175,22,16
timeStep,numberOfRobotsOnBlackSite,numberOfRobotsOnWhiteSite
20176,22,16
timeStep,numberOfRobotsOnBlackSite,numberOfRobotsOnWhiteSite
20177,22,16
timeStep,numberOfRobotsOnBlackSite,numberOfRobotsOnWhiteSite
20178,22,16
timeStep,numberOfRobotsOnBlackSite,numberOfRobotsOnWhiteSite
20179,22,16
timeStep,numberOfRobotsOnBlackSite,numberOfRobotsOnWhiteSite
20180,22,16
timeStep,numberOfRobotsOnBlackSite,numberOfRobotsOnWhiteSite
20181,22,16
timeStep,numberOfRobotsOnBlackSite,numberOfRobotsOnWhiteSite
20182,22,16
timeStep,numberOfRobotsOnBlackSite,numberOfRobotsOnWhiteSite
20183,22,16
timeStep,numberOfRobotsOnBlackSite,numberOfRobotsOnWhiteSite
20184,22,16
timeStep,numberOfRobotsOnBlackSite,numberOfRobotsOnWhiteSite
20185,22,17
timeStep,numberOfRobotsOnBlackSite,numberOfRobotsOnWhiteSite
20186,22,17
timeStep,numberOfRobotsOnBlackSite,numberOfRobotsOnWhiteSite
20187,22,17
timeStep,numberOfRobotsOnBlackSite,numberOfRobotsOnWhiteSite
20188,22,17
timeStep,numberOfRobotsOnBlackSite,numberOfRobotsOnWhiteSite
20189,22,17
timeStep,numberOfRobotsOnBlackSite,numberOfRobotsOnWhiteSite
20190,22,17
timeStep,numberOfRobotsOnBlackSite,numberOfRobotsOnWhiteSite
20191,22,17
timeStep,numberOfRobotsOnBlackSite,numberOfRobotsOnWhiteSite
20192,22,17
timeStep,numberOfRobotsOnBlackSite,numberOfRobotsOnWhiteSite
20193,22,17
timeStep,numberOfRobotsOnBlackSite,numberOfRobotsOnWhiteSite
20194,22,17
timeStep,numberOfRobotsOnBlackSite,numberOfRobotsOnWhiteSite
20195,22,17
timeStep,numberOfRobotsOnBlackSite,numberOfRobotsOnWhiteSite
20196,22,17
timeStep,numberOfRobotsOnBlackSite,numberOfRobotsOnWhiteSite
20197,22,17
timeStep,numberOfRobotsOnBlackSite,numberOfRobotsOnWhiteSite
20198,22,17
timeStep,numberOfRobotsOnBlackSite,numberOfRobotsOnWhiteSite
20199,22,17
timeStep,numberOfRobotsOnBlackSite,numberOfRobotsOnWhiteSite
20200,22,17
timeStep,numberOfRobotsOnBlackSite,numberOfRobotsOnWhiteSite
20201,22,17
timeStep,numberOfRobotsOnBlackSite,numberOfRobotsOnWhiteSite
20202,22,17
timeStep,numberOfRobotsOnBlackSite,numberOfRobotsOnWhiteSite
20203,22,17
timeStep,numberOfRobotsOnBlackSite,numberOfRobotsOnWhiteSite
20204,22,17
timeStep,numberOfRobotsOnBlackSite,numberOfRobotsOnWhiteSite
20205,22,17
timeStep,numberOfRobotsOnBlackSite,numberOfRobotsOnWhiteSite
20206,22,17
timeStep,numberOfRobotsOnBlackSite,numberOfRobotsOnWhiteSite
20207,22,17
timeStep,numberOfRobotsOnBlackSite,numberOfRobotsOnWhiteSite
20208,22,17
timeStep,numberOfRobotsOnBlackSite,numberOfRobotsOnWhiteSite
20209,22,17
timeStep,numberOfRobotsOnBlackSite,numberOfRobotsOnWhiteSite
20210,23,16
timeStep,numberOfRobotsOnBlackSite,numberOfRobotsOnWhiteSite
20211,23,16
timeStep,numberOfRobotsOnBlackSite,numberOfRobotsOnWhiteSite
20212,23,16
timeStep,numberOfRobotsOnBlackSite,numberOfRobotsOnWhiteSite
20213,23,16
timeStep,numberOfRobotsOnBlackSite,numberOfRobotsOnWhiteSite
20214,23,16
timeStep,numberOfRobotsOnBlackSite,numberOfRobotsOnWhiteSite
20215,23,16
timeStep,numberOfRobotsOnBlackSite,numberOfRobotsOnWhiteSite
20216,23,16
timeStep,numberOfRobotsOnBlackSite,numberOfRobotsOnWhiteSite
20217,23,16
timeStep,numberOfRobotsOnBlackSite,numberOfRobotsOnWhiteSite
20218,23,16
timeStep,numberOfRobotsOnBlackSite,numberOfRobotsOnWhiteSite
20219,23,16
timeStep,numberOfRobotsOnBlackSite,numberOfRobotsOnWhiteSite
20220,23,16
timeStep,numberOfRobotsOnBlackSite,numberOfRobotsOnWhiteSite
20221,23,16
timeStep,numberOfRobotsOnBlackSite,numberOfRobotsOnWhiteSite
20222,23,16
timeStep,numberOfRobotsOnBlackSite,numberOfRobotsOnWhiteSite
20223,23,16
timeStep,numberOfRobotsOnBlackSite,numberOfRobotsOnWhiteSite
20224,23,16
timeStep,numberOfRobotsOnBlackSite,numberOfRobotsOnWhiteSite
20225,23,17
timeStep,numberOfRobotsOnBlackSite,numberOfRobotsOnWhiteSite
20226,23,17
timeStep,numberOfRobotsOnBlackSite,numberOfRobotsOnWhiteSite
20227,23,17
timeStep,numberOfRobotsOnBlackSite,numberOfRobotsOnWhiteSite
20228,23,17
timeStep,numberOfRobotsOnBlackSite,numberOfRobotsOnWhiteSite
20229,23,17
timeStep,numberOfRobotsOnBlackSite,numberOfRobotsOnWhiteSite
20230,23,17
timeStep,numberOfRobotsOnBlackSite,numberOfRobotsOnWhiteSite
20231,23,17
timeStep,numberOfRobotsOnBlackSite,numberOfRobotsOnWhiteSite
20232,23,17
timeStep,numberOfRobotsOnBlackSite,numberOfRobotsOnWhiteSite
20233,23,17
timeStep,numberOfRobotsOnBlackSite,numberOfRobotsOnWhiteSite
20234,23,17
timeStep,numberOfRobotsOnBlackSite,numberOfRobotsOnWhiteSite
20235,23,17
timeStep,numberOfRobotsOnBlackSite,numberOfRobotsOnWhiteSite
20236,23,17
timeStep,numberOfRobotsOnBlackSite,numberOfRobotsOnWhiteSite
20237,23,17
timeStep,numberOfRobotsOnBlackSite,numberOfRobotsOnWhiteSite
20238,23,17
timeStep,numberOfRobotsOnBlackSite,numberOfRobotsOnWhiteSite
20239,23,17
timeStep,numberOfRobotsOnBlackSite,numberOfRobotsOnWhiteSite
20240,23,17
timeStep,numberOfRobotsOnBlackSite,numberOfRobotsOnWhiteSite
20241,23,17
timeStep,numberOfRobotsOnBlackSite,numberOfRobotsOnWhiteSite
20242,23,17
timeStep,numberOfRobotsOnBlackSite,numberOfRobotsOnWhiteSite
20243,23,17
timeStep,numberOfRobotsOnBlackSite,numberOfRobotsOnWhiteSite
20244,23,17
timeStep,numberOfRobotsOnBlackSite,numberOfRobotsOnWhiteSite
20245,23,18
timeStep,numberOfRobotsOnBlackSite,numberOfRobotsOnWhiteSite
20246,23,18
timeStep,numberOfRobotsOnBlackSite,numberOfRobotsOnWhiteSite
20247,23,18
timeStep,numberOfRobotsOnBlackSite,numberOfRobotsOnWhiteSite
20248,23,18
timeStep,numberOfRobotsOnBlackSite,numberOfRobotsOnWhiteSite
20249,23,18
timeStep,numberOfRobotsOnBlackSite,numberOfRobotsOnWhiteSite
20250,23,18
timeStep,numberOfRobotsOnBlackSite,numberOfRobotsOnWhiteSite
20251,23,18
timeStep,numberOfRobotsOnBlackSite,numberOfRobotsOnWhiteSite
20252,23,18
timeStep,numberOfRobotsOnBlackSite,numberOfRobotsOnWhiteSite
20253,23,18
timeStep,numberOfRobotsOnBlackSite,numberOfRobotsOnWhiteSite
20254,23,18
timeStep,numberOfRobotsOnBlackSite,numberOfRobotsOnWhiteSite
20255,23,18
timeStep,numberOfRobotsOnBlackSite,numberOfRobotsOnWhiteSite
20256,23,18
timeStep,numberOfRobotsOnBlackSite,numberOfRobotsOnWhiteSite
20257,23,18
timeStep,numberOfRobotsOnBlackSite,numberOfRobotsOnWhiteSite
20258,23,18
timeStep,numberOfRobotsOnBlackSite,numberOfRobotsOnWhiteSite
20259,23,18
timeStep,numberOfRobotsOnBlackSite,numberOfRobotsOnWhiteSite
20260,23,18
timeStep,numberOfRobotsOnBlackSite,numberOfRobotsOnWhiteSite
20261,23,18
timeStep,numberOfRobotsOnBlackSite,numberOfRobotsOnWhiteSite
20262,23,18
timeStep,numberOfRobotsOnBlackSite,numberOfRobotsOnWhiteSite
20263,23,18
timeStep,numberOfRobotsOnBlackSite,numberOfRobotsOnWhiteSite
20264,23,18
timeStep,numberOfRobotsOnBlackSite,numberOfRobotsOnWhiteSite
20265,23,18
timeStep,numberOfRobotsOnBlackSite,numberOfRobotsOnWhiteSite
20266,23,18
timeStep,numberOfRobotsOnBlackSite,numberOfRobotsOnWhiteSite
20267,23,18
timeStep,numberOfRobotsOnBlackSite,numberOfRobotsOnWhiteSite
20268,23,18
timeStep,numberOfRobotsOnBlackSite,numberOfRobotsOnWhiteSite
20269,23,18
timeStep,numberOfRobotsOnBlackSite,numberOfRobotsOnWhiteSite
20270,24,18
timeStep,numberOfRobotsOnBlackSite,numberOfRobotsOnWhiteSite
20271,24,18
timeStep,numberOfRobotsOnBlackSite,numberOfRobotsOnWhiteSite
20272,24,18
timeStep,numberOfRobotsOnBlackSite,numberOfRobotsOnWhiteSite
20273,24,18
timeStep,numberOfRobotsOnBlackSite,numberOfRobotsOnWhiteSite
20274,24,18
timeStep,numberOfRobotsOnBlackSite,numberOfRobotsOnWhiteSite
20275,24,16
timeStep,numberOfRobotsOnBlackSite,numberOfRobotsOnWhiteSite
20276,24,16
timeStep,numberOfRobotsOnBlackSite,numberOfRobotsOnWhiteSite
20277,24,16
timeStep,numberOfRobotsOnBlackSite,numberOfRobotsOnWhiteSite
20278,24,16
timeStep,numberOfRobotsOnBlackSite,numberOfRobotsOnWhiteSite
20279,24,16
timeStep,numberOfRobotsOnBlackSite,numberOfRobotsOnWhiteSite
20280,24,16
timeStep,numberOfRobotsOnBlackSite,numberOfRobotsOnWhiteSite
20281,24,16
timeStep,numberOfRobotsOnBlackSite,numberOfRobotsOnWhiteSite
20282,24,16
timeStep,numberOfRobotsOnBlackSite,numberOfRobotsOnWhiteSite
20283,24,16
timeStep,numberOfRobotsOnBlackSite,numberOfRobotsOnWhiteSite
20284,24,16
timeStep,numberOfRobotsOnBlackSite,numberOfRobotsOnWhiteSite
20285,24,16
timeStep,numberOfRobotsOnBlackSite,numberOfRobotsOnWhiteSite
20286,24,16
timeStep,numberOfRobotsOnBlackSite,numberOfRobotsOnWhiteSite
20287,24,16
timeStep,numberOfRobotsOnBlackSite,numberOfRobotsOnWhiteSite
20288,24,16
timeStep,numberOfRobotsOnBlackSite,numberOfRobotsOnWhiteSite
20289,24,16
timeStep,numberOfRobotsOnBlackSite,numberOfRobotsOnWhiteSite
20290,24,16
timeStep,numberOfRobotsOnBlackSite,numberOfRobotsOnWhiteSite
20291,24,16
timeStep,numberOfRobotsOnBlackSite,numberOfRobotsOnWhiteSite
20292,24,16
timeStep,numberOfRobotsOnBlackSite,numberOfRobotsOnWhiteSite
20293,24,16
timeStep,numberOfRobotsOnBlackSite,numberOfRobotsOnWhiteSite
20294,24,16
timeStep,numberOfRobotsOnBlackSite,numberOfRobotsOnWhiteSite
20295,24,16
timeStep,numberOfRobotsOnBlackSite,numberOfRobotsOnWhiteSite
20296,24,16
timeStep,numberOfRobotsOnBlackSite,numberOfRobotsOnWhiteSite
20297,24,16
timeStep,numberOfRobotsOnBlackSite,numberOfRobotsOnWhiteSite
20298,24,16
timeStep,numberOfRobotsOnBlackSite,numberOfRobotsOnWhiteSite
20299,24,16
timeStep,numberOfRobotsOnBlackSite,numberOfRobotsOnWhiteSite
20300,24,16
timeStep,numberOfRobotsOnBlackSite,numberOfRobotsOnWhiteSite
20301,24,16
timeStep,numberOfRobotsOnBlackSite,numberOfRobotsOnWhiteSite
20302,24,16
timeStep,numberOfRobotsOnBlackSite,numberOfRobotsOnWhiteSite
20303,24,16
timeStep,numberOfRobotsOnBlackSite,numberOfRobotsOnWhiteSite
20304,24,16
timeStep,numberOfRobotsOnBlackSite,numberOfRobotsOnWhiteSite
20305,24,15
timeStep,numberOfRobotsOnBlackSite,numberOfRobotsOnWhiteSite
20306,24,15
timeStep,numberOfRobotsOnBlackSite,numberOfRobotsOnWhiteSite
20307,24,15
timeStep,numberOfRobotsOnBlackSite,numberOfRobotsOnWhiteSite
20308,24,15
timeStep,numberOfRobotsOnBlackSite,numberOfRobotsOnWhiteSite
20309,24,15
timeStep,numberOfRobotsOnBlackSite,numberOfRobotsOnWhiteSite
20310,24,15
timeStep,numberOfRobotsOnBlackSite,numberOfRobotsOnWhiteSite
20311,24,15
timeStep,numberOfRobotsOnBlackSite,numberOfRobotsOnWhiteSite
20312,24,15
timeStep,numberOfRobotsOnBlackSite,numberOfRobotsOnWhiteSite
20313,24,15
timeStep,numberOfRobotsOnBlackSite,numberOfRobotsOnWhiteSite
20314,24,15
timeStep,numberOfRobotsOnBlackSite,numberOfRobotsOnWhiteSite
20315,24,15
timeStep,numberOfRobotsOnBlackSite,numberOfRobotsOnWhiteSite
20316,24,15
timeStep,numberOfRobotsOnBlackSite,numberOfRobotsOnWhiteSite
20317,24,15
timeStep,numberOfRobotsOnBlackSite,numberOfRobotsOnWhiteSite
20318,24,15
timeStep,numberOfRobotsOnBlackSite,numberOfRobotsOnWhiteSite
20319,24,15
timeStep,numberOfRobotsOnBlackSite,numberOfRobotsOnWhiteSite
20320,24,15
timeStep,numberOfRobotsOnBlackSite,numberOfRobotsOnWhiteSite
20321,24,15
timeStep,numberOfRobotsOnBlackSite,numberOfRobotsOnWhiteSite
20322,24,15
timeStep,numberOfRobotsOnBlackSite,numberOfRobotsOnWhiteSite
20323,24,15
timeStep,numberOfRobotsOnBlackSite,numberOfRobotsOnWhiteSite
20324,24,15
timeStep,numberOfRobotsOnBlackSite,numberOfRobotsOnWhiteSite
20325,23,15
timeStep,numberOfRobotsOnBlackSite,numberOfRobotsOnWhiteSite
20326,23,15
timeStep,numberOfRobotsOnBlackSite,numberOfRobotsOnWhiteSite
20327,23,15
timeStep,numberOfRobotsOnBlackSite,numberOfRobotsOnWhiteSite
20328,23,15
timeStep,numberOfRobotsOnBlackSite,numberOfRobotsOnWhiteSite
20329,23,15
timeStep,numberOfRobotsOnBlackSite,numberOfRobotsOnWhiteSite
20330,23,15
timeStep,numberOfRobotsOnBlackSite,numberOfRobotsOnWhiteSite
20331,23,15
timeStep,numberOfRobotsOnBlackSite,numberOfRobotsOnWhiteSite
20332,23,15
timeStep,numberOfRobotsOnBlackSite,numberOfRobotsOnWhiteSite
20333,23,15
timeStep,numberOfRobotsOnBlackSite,numberOfRobotsOnWhiteSite
20334,23,15
timeStep,numberOfRobotsOnBlackSite,numberOfRobotsOnWhiteSite
20335,23,16
timeStep,numberOfRobotsOnBlackSite,numberOfRobotsOnWhiteSite
20336,23,16
timeStep,numberOfRobotsOnBlackSite,numberOfRobotsOnWhiteSite
20337,23,16
timeStep,numberOfRobotsOnBlackSite,numberOfRobotsOnWhiteSite
20338,23,16
timeStep,numberOfRobotsOnBlackSite,numberOfRobotsOnWhiteSite
20339,23,16
timeStep,numberOfRobotsOnBlackSite,numberOfRobotsOnWhiteSite
20340,23,16
timeStep,numberOfRobotsOnBlackSite,numberOfRobotsOnWhiteSite
20341,23,16
timeStep,numberOfRobotsOnBlackSite,numberOfRobotsOnWhiteSite
20342,23,16
timeStep,numberOfRobotsOnBlackSite,numberOfRobotsOnWhiteSite
20343,23,16
timeStep,numberOfRobotsOnBlackSite,numberOfRobotsOnWhiteSite
20344,23,16
timeStep,numberOfRobotsOnBlackSite,numberOfRobotsOnWhiteSite
20345,23,16
timeStep,numberOfRobotsOnBlackSite,numberOfRobotsOnWhiteSite
20346,23,16
timeStep,numberOfRobotsOnBlackSite,numberOfRobotsOnWhiteSite
20347,23,16
timeStep,numberOfRobotsOnBlackSite,numberOfRobotsOnWhiteSite
20348,23,16
timeStep,numberOfRobotsOnBlackSite,numberOfRobotsOnWhiteSite
20349,23,16
timeStep,numberOfRobotsOnBlackSite,numberOfRobotsOnWhiteSite
20350,23,16
timeStep,numberOfRobotsOnBlackSite,numberOfRobotsOnWhiteSite
20351,23,16
timeStep,numberOfRobotsOnBlackSite,numberOfRobotsOnWhiteSite
20352,23,16
timeStep,numberOfRobotsOnBlackSite,numberOfRobotsOnWhiteSite
20353,23,16
timeStep,numberOfRobotsOnBlackSite,numberOfRobotsOnWhiteSite
20354,23,16
timeStep,numberOfRobotsOnBlackSite,numberOfRobotsOnWhiteSite
20355,23,16
timeStep,numberOfRobotsOnBlackSite,numberOfRobotsOnWhiteSite
20356,23,16
timeStep,numberOfRobotsOnBlackSite,numberOfRobotsOnWhiteSite
20357,23,16
timeStep,numberOfRobotsOnBlackSite,numberOfRobotsOnWhiteSite
20358,23,16
timeStep,numberOfRobotsOnBlackSite,numberOfRobotsOnWhiteSite
20359,23,16
timeStep,numberOfRobotsOnBlackSite,numberOfRobotsOnWhiteSite
20360,23,16
timeStep,numberOfRobotsOnBlackSite,numberOfRobotsOnWhiteSite
20361,23,16
timeStep,numberOfRobotsOnBlackSite,numberOfRobotsOnWhiteSite
20362,23,16
timeStep,numberOfRobotsOnBlackSite,numberOfRobotsOnWhiteSite
20363,23,16
timeStep,numberOfRobotsOnBlackSite,numberOfRobotsOnWhiteSite
20364,23,16
timeStep,numberOfRobotsOnBlackSite,numberOfRobotsOnWhiteSite
20365,23,16
timeStep,numberOfRobotsOnBlackSite,numberOfRobotsOnWhiteSite
20366,23,16
timeStep,numberOfRobotsOnBlackSite,numberOfRobotsOnWhiteSite
20367,23,16
timeStep,numberOfRobotsOnBlackSite,numberOfRobotsOnWhiteSite
20368,23,16
timeStep,numberOfRobotsOnBlackSite,numberOfRobotsOnWhiteSite
20369,23,16
timeStep,numberOfRobotsOnBlackSite,numberOfRobotsOnWhiteSite
20370,23,16
timeStep,numberOfRobotsOnBlackSite,numberOfRobotsOnWhiteSite
20371,23,16
timeStep,numberOfRobotsOnBlackSite,numberOfRobotsOnWhiteSite
20372,23,16
timeStep,numberOfRobotsOnBlackSite,numberOfRobotsOnWhiteSite
20373,23,16
timeStep,numberOfRobotsOnBlackSite,numberOfRobotsOnWhiteSite
20374,23,16
timeStep,numberOfRobotsOnBlackSite,numberOfRobotsOnWhiteSite
20375,23,16
timeStep,numberOfRobotsOnBlackSite,numberOfRobotsOnWhiteSite
20376,23,16
timeStep,numberOfRobotsOnBlackSite,numberOfRobotsOnWhiteSite
20377,23,16
timeStep,numberOfRobotsOnBlackSite,numberOfRobotsOnWhiteSite
20378,23,16
timeStep,numberOfRobotsOnBlackSite,numberOfRobotsOnWhiteSite
20379,23,16
timeStep,numberOfRobotsOnBlackSite,numberOfRobotsOnWhiteSite
20380,23,17
timeStep,numberOfRobotsOnBlackSite,numberOfRobotsOnWhiteSite
20381,23,17
timeStep,numberOfRobotsOnBlackSite,numberOfRobotsOnWhiteSite
20382,23,17
timeStep,numberOfRobotsOnBlackSite,numberOfRobotsOnWhiteSite
20383,23,17
timeStep,numberOfRobotsOnBlackSite,numberOfRobotsOnWhiteSite
20384,23,17
timeStep,numberOfRobotsOnBlackSite,numberOfRobotsOnWhiteSite
20385,23,17
timeStep,numberOfRobotsOnBlackSite,numberOfRobotsOnWhiteSite
20386,23,17
timeStep,numberOfRobotsOnBlackSite,numberOfRobotsOnWhiteSite
20387,23,17
timeStep,numberOfRobotsOnBlackSite,numberOfRobotsOnWhiteSite
20388,23,17
timeStep,numberOfRobotsOnBlackSite,numberOfRobotsOnWhiteSite
20389,23,17
timeStep,numberOfRobotsOnBlackSite,numberOfRobotsOnWhiteSite
20390,23,17
timeStep,numberOfRobotsOnBlackSite,numberOfRobotsOnWhiteSite
20391,23,17
timeStep,numberOfRobotsOnBlackSite,numberOfRobotsOnWhiteSite
20392,23,17
timeStep,numberOfRobotsOnBlackSite,numberOfRobotsOnWhiteSite
20393,23,17
timeStep,numberOfRobotsOnBlackSite,numberOfRobotsOnWhiteSite
20394,23,17
timeStep,numberOfRobotsOnBlackSite,numberOfRobotsOnWhiteSite
20395,23,17
timeStep,numberOfRobotsOnBlackSite,numberOfRobotsOnWhiteSite
20396,23,17
timeStep,numberOfRobotsOnBlackSite,numberOfRobotsOnWhiteSite
20397,23,17
timeStep,numberOfRobotsOnBlackSite,numberOfRobotsOnWhiteSite
20398,23,17
timeStep,numberOfRobotsOnBlackSite,numberOfRobotsOnWhiteSite
20399,23,17
timeStep,numberOfRobotsOnBlackSite,numberOfRobotsOnWhiteSite
20400,22,17
timeStep,numberOfRobotsOnBlackSite,numberOfRobotsOnWhiteSite
20401,22,17
timeStep,numberOfRobotsOnBlackSite,numberOfRobotsOnWhiteSite
20402,22,17
timeStep,numberOfRobotsOnBlackSite,numberOfRobotsOnWhiteSite
20403,22,17
timeStep,numberOfRobotsOnBlackSite,numberOfRobotsOnWhiteSite
20404,22,17
timeStep,numberOfRobotsOnBlackSite,numberOfRobotsOnWhiteSite
20405,22,17
timeStep,numberOfRobotsOnBlackSite,numberOfRobotsOnWhiteSite
20406,22,17
timeStep,numberOfRobotsOnBlackSite,numberOfRobotsOnWhiteSite
20407,22,17
timeStep,numberOfRobotsOnBlackSite,numberOfRobotsOnWhiteSite
20408,22,17
timeStep,numberOfRobotsOnBlackSite,numberOfRobotsOnWhiteSite
20409,22,17
timeStep,numberOfRobotsOnBlackSite,numberOfRobotsOnWhiteSite
20410,22,17
timeStep,numberOfRobotsOnBlackSite,numberOfRobotsOnWhiteSite
20411,22,17
timeStep,numberOfRobotsOnBlackSite,numberOfRobotsOnWhiteSite
20412,22,17
timeStep,numberOfRobotsOnBlackSite,numberOfRobotsOnWhiteSite
20413,22,17
timeStep,numberOfRobotsOnBlackSite,numberOfRobotsOnWhiteSite
20414,22,17
timeStep,numberOfRobotsOnBlackSite,numberOfRobotsOnWhiteSite
20415,22,17
timeStep,numberOfRobotsOnBlackSite,numberOfRobotsOnWhiteSite
20416,22,17
timeStep,numberOfRobotsOnBlackSite,numberOfRobotsOnWhiteSite
20417,22,17
timeStep,numberOfRobotsOnBlackSite,numberOfRobotsOnWhiteSite
20418,22,17
timeStep,numberOfRobotsOnBlackSite,numberOfRobotsOnWhiteSite
20419,22,17
timeStep,numberOfRobotsOnBlackSite,numberOfRobotsOnWhiteSite
20420,22,17
timeStep,numberOfRobotsOnBlackSite,numberOfRobotsOnWhiteSite
20421,22,17
timeStep,numberOfRobotsOnBlackSite,numberOfRobotsOnWhiteSite
20422,22,17
timeStep,numberOfRobotsOnBlackSite,numberOfRobotsOnWhiteSite
20423,22,17
timeStep,numberOfRobotsOnBlackSite,numberOfRobotsOnWhiteSite
20424,22,17
timeStep,numberOfRobotsOnBlackSite,numberOfRobotsOnWhiteSite
20425,22,17
timeStep,numberOfRobotsOnBlackSite,numberOfRobotsOnWhiteSite
20426,22,17
timeStep,numberOfRobotsOnBlackSite,numberOfRobotsOnWhiteSite
20427,22,17
timeStep,numberOfRobotsOnBlackSite,numberOfRobotsOnWhiteSite
20428,22,17
timeStep,numberOfRobotsOnBlackSite,numberOfRobotsOnWhiteSite
20429,22,17
timeStep,numberOfRobotsOnBlackSite,numberOfRobotsOnWhiteSite
20430,22,17
timeStep,numberOfRobotsOnBlackSite,numberOfRobotsOnWhiteSite
20431,22,17
timeStep,numberOfRobotsOnBlackSite,numberOfRobotsOnWhiteSite
20432,22,17
timeStep,numberOfRobotsOnBlackSite,numberOfRobotsOnWhiteSite
20433,22,17
timeStep,numberOfRobotsOnBlackSite,numberOfRobotsOnWhiteSite
20434,22,17
timeStep,numberOfRobotsOnBlackSite,numberOfRobotsOnWhiteSite
20435,22,17
timeStep,numberOfRobotsOnBlackSite,numberOfRobotsOnWhiteSite
20436,22,17
timeStep,numberOfRobotsOnBlackSite,numberOfRobotsOnWhiteSite
20437,22,17
timeStep,numberOfRobotsOnBlackSite,numberOfRobotsOnWhiteSite
20438,22,17
timeStep,numberOfRobotsOnBlackSite,numberOfRobotsOnWhiteSite
20439,22,17
timeStep,numberOfRobotsOnBlackSite,numberOfRobotsOnWhiteSite
20440,22,17
timeStep,numberOfRobotsOnBlackSite,numberOfRobotsOnWhiteSite
20441,22,17
timeStep,numberOfRobotsOnBlackSite,numberOfRobotsOnWhiteSite
20442,22,17
timeStep,numberOfRobotsOnBlackSite,numberOfRobotsOnWhiteSite
20443,22,17
timeStep,numberOfRobotsOnBlackSite,numberOfRobotsOnWhiteSite
20444,22,17
timeStep,numberOfRobotsOnBlackSite,numberOfRobotsOnWhiteSite
20445,22,17
timeStep,numberOfRobotsOnBlackSite,numberOfRobotsOnWhiteSite
20446,22,17
timeStep,numberOfRobotsOnBlackSite,numberOfRobotsOnWhiteSite
20447,22,17
timeStep,numberOfRobotsOnBlackSite,numberOfRobotsOnWhiteSite
20448,22,17
timeStep,numberOfRobotsOnBlackSite,numberOfRobotsOnWhiteSite
20449,22,17
timeStep,numberOfRobotsOnBlackSite,numberOfRobotsOnWhiteSite
20450,22,18
timeStep,numberOfRobotsOnBlackSite,numberOfRobotsOnWhiteSite
20451,22,18
timeStep,numberOfRobotsOnBlackSite,numberOfRobotsOnWhiteSite
20452,22,18
timeStep,numberOfRobotsOnBlackSite,numberOfRobotsOnWhiteSite
20453,22,18
timeStep,numberOfRobotsOnBlackSite,numberOfRobotsOnWhiteSite
20454,22,18
timeStep,numberOfRobotsOnBlackSite,numberOfRobotsOnWhiteSite
20455,22,17
timeStep,numberOfRobotsOnBlackSite,numberOfRobotsOnWhiteSite
20456,22,17
timeStep,numberOfRobotsOnBlackSite,numberOfRobotsOnWhiteSite
20457,22,17
timeStep,numberOfRobotsOnBlackSite,numberOfRobotsOnWhiteSite
20458,22,17
timeStep,numberOfRobotsOnBlackSite,numberOfRobotsOnWhiteSite
20459,22,17
timeStep,numberOfRobotsOnBlackSite,numberOfRobotsOnWhiteSite
20460,22,17
timeStep,numberOfRobotsOnBlackSite,numberOfRobotsOnWhiteSite
20461,22,17
timeStep,numberOfRobotsOnBlackSite,numberOfRobotsOnWhiteSite
20462,22,17
timeStep,numberOfRobotsOnBlackSite,numberOfRobotsOnWhiteSite
20463,22,17
timeStep,numberOfRobotsOnBlackSite,numberOfRobotsOnWhiteSite
20464,22,17
timeStep,numberOfRobotsOnBlackSite,numberOfRobotsOnWhiteSite
20465,22,17
timeStep,numberOfRobotsOnBlackSite,numberOfRobotsOnWhiteSite
20466,22,17
timeStep,numberOfRobotsOnBlackSite,numberOfRobotsOnWhiteSite
20467,22,17
timeStep,numberOfRobotsOnBlackSite,numberOfRobotsOnWhiteSite
20468,22,17
timeStep,numberOfRobotsOnBlackSite,numberOfRobotsOnWhiteSite
20469,22,17
timeStep,numberOfRobotsOnBlackSite,numberOfRobotsOnWhiteSite
20470,22,17
timeStep,numberOfRobotsOnBlackSite,numberOfRobotsOnWhiteSite
20471,22,17
timeStep,numberOfRobotsOnBlackSite,numberOfRobotsOnWhiteSite
20472,22,17
timeStep,numberOfRobotsOnBlackSite,numberOfRobotsOnWhiteSite
20473,22,17
timeStep,numberOfRobotsOnBlackSite,numberOfRobotsOnWhiteSite
20474,22,17
timeStep,numberOfRobotsOnBlackSite,numberOfRobotsOnWhiteSite
20475,22,17
timeStep,numberOfRobotsOnBlackSite,numberOfRobotsOnWhiteSite
20476,22,17
timeStep,numberOfRobotsOnBlackSite,numberOfRobotsOnWhiteSite
20477,22,17
timeStep,numberOfRobotsOnBlackSite,numberOfRobotsOnWhiteSite
20478,22,17
timeStep,numberOfRobotsOnBlackSite,numberOfRobotsOnWhiteSite
20479,22,17
timeStep,numberOfRobotsOnBlackSite,numberOfRobotsOnWhiteSite
20480,22,17
timeStep,numberOfRobotsOnBlackSite,numberOfRobotsOnWhiteSite
20481,22,17
timeStep,numberOfRobotsOnBlackSite,numberOfRobotsOnWhiteSite
20482,22,17
timeStep,numberOfRobotsOnBlackSite,numberOfRobotsOnWhiteSite
20483,22,17
timeStep,numberOfRobotsOnBlackSite,numberOfRobotsOnWhiteSite
20484,22,17
timeStep,numberOfRobotsOnBlackSite,numberOfRobotsOnWhiteSite
20485,22,18
timeStep,numberOfRobotsOnBlackSite,numberOfRobotsOnWhiteSite
20486,22,18
timeStep,numberOfRobotsOnBlackSite,numberOfRobotsOnWhiteSite
20487,22,18
timeStep,numberOfRobotsOnBlackSite,numberOfRobotsOnWhiteSite
20488,22,18
timeStep,numberOfRobotsOnBlackSite,numberOfRobotsOnWhiteSite
20489,22,18
timeStep,numberOfRobotsOnBlackSite,numberOfRobotsOnWhiteSite
20490,22,18
timeStep,numberOfRobotsOnBlackSite,numberOfRobotsOnWhiteSite
20491,22,18
timeStep,numberOfRobotsOnBlackSite,numberOfRobotsOnWhiteSite
20492,22,18
timeStep,numberOfRobotsOnBlackSite,numberOfRobotsOnWhiteSite
20493,22,18
timeStep,numberOfRobotsOnBlackSite,numberOfRobotsOnWhiteSite
20494,22,18
timeStep,numberOfRobotsOnBlackSite,numberOfRobotsOnWhiteSite
20495,22,18
timeStep,numberOfRobotsOnBlackSite,numberOfRobotsOnWhiteSite
20496,22,18
timeStep,numberOfRobotsOnBlackSite,numberOfRobotsOnWhiteSite
20497,22,18
timeStep,numberOfRobotsOnBlackSite,numberOfRobotsOnWhiteSite
20498,22,18
timeStep,numberOfRobotsOnBlackSite,numberOfRobotsOnWhiteSite
20499,22,18
timeStep,numberOfRobotsOnBlackSite,numberOfRobotsOnWhiteSite
20500,22,18
timeStep,numberOfRobotsOnBlackSite,numberOfRobotsOnWhiteSite
20501,22,18
timeStep,numberOfRobotsOnBlackSite,numberOfRobotsOnWhiteSite
20502,22,18
timeStep,numberOfRobotsOnBlackSite,numberOfRobotsOnWhiteSite
20503,22,18
timeStep,numberOfRobotsOnBlackSite,numberOfRobotsOnWhiteSite
20504,22,18
timeStep,numberOfRobotsOnBlackSite,numberOfRobotsOnWhiteSite
20505,22,18
timeStep,numberOfRobotsOnBlackSite,numberOfRobotsOnWhiteSite
20506,22,18
timeStep,numberOfRobotsOnBlackSite,numberOfRobotsOnWhiteSite
20507,22,18
timeStep,numberOfRobotsOnBlackSite,numberOfRobotsOnWhiteSite
20508,22,18
timeStep,numberOfRobotsOnBlackSite,numberOfRobotsOnWhiteSite
20509,22,18
timeStep,numberOfRobotsOnBlackSite,numberOfRobotsOnWhiteSite
20510,22,18
timeStep,numberOfRobotsOnBlackSite,numberOfRobotsOnWhiteSite
20511,22,18
timeStep,numberOfRobotsOnBlackSite,numberOfRobotsOnWhiteSite
20512,22,18
timeStep,numberOfRobotsOnBlackSite,numberOfRobotsOnWhiteSite
20513,22,18
timeStep,numberOfRobotsOnBlackSite,numberOfRobotsOnWhiteSite
20514,22,18
timeStep,numberOfRobotsOnBlackSite,numberOfRobotsOnWhiteSite
20515,22,18
timeStep,numberOfRobotsOnBlackSite,numberOfRobotsOnWhiteSite
20516,22,18
timeStep,numberOfRobotsOnBlackSite,numberOfRobotsOnWhiteSite
20517,22,18
timeStep,numberOfRobotsOnBlackSite,numberOfRobotsOnWhiteSite
20518,22,18
timeStep,numberOfRobotsOnBlackSite,numberOfRobotsOnWhiteSite
20519,22,18
timeStep,numberOfRobotsOnBlackSite,numberOfRobotsOnWhiteSite
20520,22,18
timeStep,numberOfRobotsOnBlackSite,numberOfRobotsOnWhiteSite
20521,22,18
timeStep,numberOfRobotsOnBlackSite,numberOfRobotsOnWhiteSite
20522,22,18
timeStep,numberOfRobotsOnBlackSite,numberOfRobotsOnWhiteSite
20523,22,18
timeStep,numberOfRobotsOnBlackSite,numberOfRobotsOnWhiteSite
20524,22,18
timeStep,numberOfRobotsOnBlackSite,numberOfRobotsOnWhiteSite
20525,22,18
timeStep,numberOfRobotsOnBlackSite,numberOfRobotsOnWhiteSite
20526,22,18
timeStep,numberOfRobotsOnBlackSite,numberOfRobotsOnWhiteSite
20527,22,18
timeStep,numberOfRobotsOnBlackSite,numberOfRobotsOnWhiteSite
20528,22,18
timeStep,numberOfRobotsOnBlackSite,numberOfRobotsOnWhiteSite
20529,22,18
timeStep,numberOfRobotsOnBlackSite,numberOfRobotsOnWhiteSite
20530,22,18
timeStep,numberOfRobotsOnBlackSite,numberOfRobotsOnWhiteSite
20531,22,18
timeStep,numberOfRobotsOnBlackSite,numberOfRobotsOnWhiteSite
20532,22,18
timeStep,numberOfRobotsOnBlackSite,numberOfRobotsOnWhiteSite
20533,22,18
timeStep,numberOfRobotsOnBlackSite,numberOfRobotsOnWhiteSite
20534,22,18
timeStep,numberOfRobotsOnBlackSite,numberOfRobotsOnWhiteSite
20535,22,18
timeStep,numberOfRobotsOnBlackSite,numberOfRobotsOnWhiteSite
20536,22,18
timeStep,numberOfRobotsOnBlackSite,numberOfRobotsOnWhiteSite
20537,22,18
timeStep,numberOfRobotsOnBlackSite,numberOfRobotsOnWhiteSite
20538,22,18
timeStep,numberOfRobotsOnBlackSite,numberOfRobotsOnWhiteSite
20539,22,18
timeStep,numberOfRobotsOnBlackSite,numberOfRobotsOnWhiteSite
20540,22,18
timeStep,numberOfRobotsOnBlackSite,numberOfRobotsOnWhiteSite
20541,22,18
timeStep,numberOfRobotsOnBlackSite,numberOfRobotsOnWhiteSite
20542,22,18
timeStep,numberOfRobotsOnBlackSite,numberOfRobotsOnWhiteSite
20543,22,18
timeStep,numberOfRobotsOnBlackSite,numberOfRobotsOnWhiteSite
20544,22,18
timeStep,numberOfRobotsOnBlackSite,numberOfRobotsOnWhiteSite
20545,22,18
timeStep,numberOfRobotsOnBlackSite,numberOfRobotsOnWhiteSite
20546,22,18
timeStep,numberOfRobotsOnBlackSite,numberOfRobotsOnWhiteSite
20547,22,18
timeStep,numberOfRobotsOnBlackSite,numberOfRobotsOnWhiteSite
20548,22,18
timeStep,numberOfRobotsOnBlackSite,numberOfRobotsOnWhiteSite
20549,22,18
timeStep,numberOfRobotsOnBlackSite,numberOfRobotsOnWhiteSite
20550,22,18
timeStep,numberOfRobotsOnBlackSite,numberOfRobotsOnWhiteSite
20551,22,18
timeStep,numberOfRobotsOnBlackSite,numberOfRobotsOnWhiteSite
20552,22,18
timeStep,numberOfRobotsOnBlackSite,numberOfRobotsOnWhiteSite
20553,22,18
timeStep,numberOfRobotsOnBlackSite,numberOfRobotsOnWhiteSite
20554,22,18
timeStep,numberOfRobotsOnBlackSite,numberOfRobotsOnWhiteSite
20555,22,18
timeStep,numberOfRobotsOnBlackSite,numberOfRobotsOnWhiteSite
20556,22,18
timeStep,numberOfRobotsOnBlackSite,numberOfRobotsOnWhiteSite
20557,22,18
timeStep,numberOfRobotsOnBlackSite,numberOfRobotsOnWhiteSite
20558,22,18
timeStep,numberOfRobotsOnBlackSite,numberOfRobotsOnWhiteSite
20559,22,18
timeStep,numberOfRobotsOnBlackSite,numberOfRobotsOnWhiteSite
20560,22,18
timeStep,numberOfRobotsOnBlackSite,numberOfRobotsOnWhiteSite
20561,22,18
timeStep,numberOfRobotsOnBlackSite,numberOfRobotsOnWhiteSite
20562,22,18
timeStep,numberOfRobotsOnBlackSite,numberOfRobotsOnWhiteSite
20563,22,18
timeStep,numberOfRobotsOnBlackSite,numberOfRobotsOnWhiteSite
20564,22,18
timeStep,numberOfRobotsOnBlackSite,numberOfRobotsOnWhiteSite
20565,22,18
timeStep,numberOfRobotsOnBlackSite,numberOfRobotsOnWhiteSite
20566,22,18
timeStep,numberOfRobotsOnBlackSite,numberOfRobotsOnWhiteSite
20567,22,18
timeStep,numberOfRobotsOnBlackSite,numberOfRobotsOnWhiteSite
20568,22,18
timeStep,numberOfRobotsOnBlackSite,numberOfRobotsOnWhiteSite
20569,22,18
timeStep,numberOfRobotsOnBlackSite,numberOfRobotsOnWhiteSite
20570,22,18
timeStep,numberOfRobotsOnBlackSite,numberOfRobotsOnWhiteSite
20571,22,18
timeStep,numberOfRobotsOnBlackSite,numberOfRobotsOnWhiteSite
20572,22,18
timeStep,numberOfRobotsOnBlackSite,numberOfRobotsOnWhiteSite
20573,22,18
timeStep,numberOfRobotsOnBlackSite,numberOfRobotsOnWhiteSite
20574,22,18
timeStep,numberOfRobotsOnBlackSite,numberOfRobotsOnWhiteSite
20575,22,18
timeStep,numberOfRobotsOnBlackSite,numberOfRobotsOnWhiteSite
20576,22,18
timeStep,numberOfRobotsOnBlackSite,numberOfRobotsOnWhiteSite
20577,22,18
timeStep,numberOfRobotsOnBlackSite,numberOfRobotsOnWhiteSite
20578,22,18
timeStep,numberOfRobotsOnBlackSite,numberOfRobotsOnWhiteSite
20579,22,18
timeStep,numberOfRobotsOnBlackSite,numberOfRobotsOnWhiteSite
20580,22,18
timeStep,numberOfRobotsOnBlackSite,numberOfRobotsOnWhiteSite
20581,22,18
timeStep,numberOfRobotsOnBlackSite,numberOfRobotsOnWhiteSite
20582,22,18
timeStep,numberOfRobotsOnBlackSite,numberOfRobotsOnWhiteSite
20583,22,18
timeStep,numberOfRobotsOnBlackSite,numberOfRobotsOnWhiteSite
20584,22,18
timeStep,numberOfRobotsOnBlackSite,numberOfRobotsOnWhiteSite
20585,22,18
timeStep,numberOfRobotsOnBlackSite,numberOfRobotsOnWhiteSite
20586,22,18
timeStep,numberOfRobotsOnBlackSite,numberOfRobotsOnWhiteSite
20587,22,18
timeStep,numberOfRobotsOnBlackSite,numberOfRobotsOnWhiteSite
20588,22,18
timeStep,numberOfRobotsOnBlackSite,numberOfRobotsOnWhiteSite
20589,22,18
timeStep,numberOfRobotsOnBlackSite,numberOfRobotsOnWhiteSite
20590,22,18
timeStep,numberOfRobotsOnBlackSite,numberOfRobotsOnWhiteSite
20591,22,18
timeStep,numberOfRobotsOnBlackSite,numberOfRobotsOnWhiteSite
20592,22,18
timeStep,numberOfRobotsOnBlackSite,numberOfRobotsOnWhiteSite
20593,22,18
timeStep,numberOfRobotsOnBlackSite,numberOfRobotsOnWhiteSite
20594,22,18
timeStep,numberOfRobotsOnBlackSite,numberOfRobotsOnWhiteSite
20595,22,18
timeStep,numberOfRobotsOnBlackSite,numberOfRobotsOnWhiteSite
20596,22,18
timeStep,numberOfRobotsOnBlackSite,numberOfRobotsOnWhiteSite
20597,22,18
timeStep,numberOfRobotsOnBlackSite,numberOfRobotsOnWhiteSite
20598,22,18
timeStep,numberOfRobotsOnBlackSite,numberOfRobotsOnWhiteSite
20599,22,18
timeStep,numberOfRobotsOnBlackSite,numberOfRobotsOnWhiteSite
20600,22,18
timeStep,numberOfRobotsOnBlackSite,numberOfRobotsOnWhiteSite
20601,22,18
timeStep,numberOfRobotsOnBlackSite,numberOfRobotsOnWhiteSite
20602,22,18
timeStep,numberOfRobotsOnBlackSite,numberOfRobotsOnWhiteSite
20603,22,18
timeStep,numberOfRobotsOnBlackSite,numberOfRobotsOnWhiteSite
20604,22,18
timeStep,numberOfRobotsOnBlackSite,numberOfRobotsOnWhiteSite
20605,22,18
timeStep,numberOfRobotsOnBlackSite,numberOfRobotsOnWhiteSite
20606,22,18
timeStep,numberOfRobotsOnBlackSite,numberOfRobotsOnWhiteSite
20607,22,18
timeStep,numberOfRobotsOnBlackSite,numberOfRobotsOnWhiteSite
20608,22,18
timeStep,numberOfRobotsOnBlackSite,numberOfRobotsOnWhiteSite
20609,22,18
timeStep,numberOfRobotsOnBlackSite,numberOfRobotsOnWhiteSite
20610,22,18
timeStep,numberOfRobotsOnBlackSite,numberOfRobotsOnWhiteSite
20611,22,18
timeStep,numberOfRobotsOnBlackSite,numberOfRobotsOnWhiteSite
20612,22,18
timeStep,numberOfRobotsOnBlackSite,numberOfRobotsOnWhiteSite
20613,22,18
timeStep,numberOfRobotsOnBlackSite,numberOfRobotsOnWhiteSite
20614,22,18
timeStep,numberOfRobotsOnBlackSite,numberOfRobotsOnWhiteSite
20615,22,18
timeStep,numberOfRobotsOnBlackSite,numberOfRobotsOnWhiteSite
20616,22,18
timeStep,numberOfRobotsOnBlackSite,numberOfRobotsOnWhiteSite
20617,22,18
timeStep,numberOfRobotsOnBlackSite,numberOfRobotsOnWhiteSite
20618,22,18
timeStep,numberOfRobotsOnBlackSite,numberOfRobotsOnWhiteSite
20619,22,18
timeStep,numberOfRobotsOnBlackSite,numberOfRobotsOnWhiteSite
20620,22,19
timeStep,numberOfRobotsOnBlackSite,numberOfRobotsOnWhiteSite
20621,22,19
timeStep,numberOfRobotsOnBlackSite,numberOfRobotsOnWhiteSite
20622,22,19
timeStep,numberOfRobotsOnBlackSite,numberOfRobotsOnWhiteSite
20623,22,19
timeStep,numberOfRobotsOnBlackSite,numberOfRobotsOnWhiteSite
20624,22,19
timeStep,numberOfRobotsOnBlackSite,numberOfRobotsOnWhiteSite
20625,22,19
timeStep,numberOfRobotsOnBlackSite,numberOfRobotsOnWhiteSite
20626,22,19
timeStep,numberOfRobotsOnBlackSite,numberOfRobotsOnWhiteSite
20627,22,19
timeStep,numberOfRobotsOnBlackSite,numberOfRobotsOnWhiteSite
20628,22,19
timeStep,numberOfRobotsOnBlackSite,numberOfRobotsOnWhiteSite
20629,22,19
timeStep,numberOfRobotsOnBlackSite,numberOfRobotsOnWhiteSite
20630,22,19
timeStep,numberOfRobotsOnBlackSite,numberOfRobotsOnWhiteSite
20631,22,19
timeStep,numberOfRobotsOnBlackSite,numberOfRobotsOnWhiteSite
20632,22,19
timeStep,numberOfRobotsOnBlackSite,numberOfRobotsOnWhiteSite
20633,22,19
timeStep,numberOfRobotsOnBlackSite,numberOfRobotsOnWhiteSite
20634,22,19
timeStep,numberOfRobotsOnBlackSite,numberOfRobotsOnWhiteSite
20635,22,19
timeStep,numberOfRobotsOnBlackSite,numberOfRobotsOnWhiteSite
20636,22,19
timeStep,numberOfRobotsOnBlackSite,numberOfRobotsOnWhiteSite
20637,22,19
timeStep,numberOfRobotsOnBlackSite,numberOfRobotsOnWhiteSite
20638,22,19
timeStep,numberOfRobotsOnBlackSite,numberOfRobotsOnWhiteSite
20639,22,19
timeStep,numberOfRobotsOnBlackSite,numberOfRobotsOnWhiteSite
20640,22,19
timeStep,numberOfRobotsOnBlackSite,numberOfRobotsOnWhiteSite
20641,22,19
timeStep,numberOfRobotsOnBlackSite,numberOfRobotsOnWhiteSite
20642,22,19
timeStep,numberOfRobotsOnBlackSite,numberOfRobotsOnWhiteSite
20643,22,19
timeStep,numberOfRobotsOnBlackSite,numberOfRobotsOnWhiteSite
20644,22,19
timeStep,numberOfRobotsOnBlackSite,numberOfRobotsOnWhiteSite
20645,22,19
timeStep,numberOfRobotsOnBlackSite,numberOfRobotsOnWhiteSite
20646,22,19
timeStep,numberOfRobotsOnBlackSite,numberOfRobotsOnWhiteSite
20647,22,19
timeStep,numberOfRobotsOnBlackSite,numberOfRobotsOnWhiteSite
20648,22,19
timeStep,numberOfRobotsOnBlackSite,numberOfRobotsOnWhiteSite
20649,22,19
timeStep,numberOfRobotsOnBlackSite,numberOfRobotsOnWhiteSite
20650,22,19
timeStep,numberOfRobotsOnBlackSite,numberOfRobotsOnWhiteSite
20651,22,19
timeStep,numberOfRobotsOnBlackSite,numberOfRobotsOnWhiteSite
20652,22,19
timeStep,numberOfRobotsOnBlackSite,numberOfRobotsOnWhiteSite
20653,22,19
timeStep,numberOfRobotsOnBlackSite,numberOfRobotsOnWhiteSite
20654,22,19
timeStep,numberOfRobotsOnBlackSite,numberOfRobotsOnWhiteSite
20655,22,19
timeStep,numberOfRobotsOnBlackSite,numberOfRobotsOnWhiteSite
20656,22,19
timeStep,numberOfRobotsOnBlackSite,numberOfRobotsOnWhiteSite
20657,22,19
timeStep,numberOfRobotsOnBlackSite,numberOfRobotsOnWhiteSite
20658,22,19
timeStep,numberOfRobotsOnBlackSite,numberOfRobotsOnWhiteSite
20659,22,19
timeStep,numberOfRobotsOnBlackSite,numberOfRobotsOnWhiteSite
20660,22,19
timeStep,numberOfRobotsOnBlackSite,numberOfRobotsOnWhiteSite
20661,22,19
timeStep,numberOfRobotsOnBlackSite,numberOfRobotsOnWhiteSite
20662,22,19
timeStep,numberOfRobotsOnBlackSite,numberOfRobotsOnWhiteSite
20663,22,19
timeStep,numberOfRobotsOnBlackSite,numberOfRobotsOnWhiteSite
20664,22,19
timeStep,numberOfRobotsOnBlackSite,numberOfRobotsOnWhiteSite
20665,22,19
timeStep,numberOfRobotsOnBlackSite,numberOfRobotsOnWhiteSite
20666,22,19
timeStep,numberOfRobotsOnBlackSite,numberOfRobotsOnWhiteSite
20667,22,19
timeStep,numberOfRobotsOnBlackSite,numberOfRobotsOnWhiteSite
20668,22,19
timeStep,numberOfRobotsOnBlackSite,numberOfRobotsOnWhiteSite
20669,22,19
timeStep,numberOfRobotsOnBlackSite,numberOfRobotsOnWhiteSite
20670,22,19
timeStep,numberOfRobotsOnBlackSite,numberOfRobotsOnWhiteSite
20671,22,19
timeStep,numberOfRobotsOnBlackSite,numberOfRobotsOnWhiteSite
20672,22,19
timeStep,numberOfRobotsOnBlackSite,numberOfRobotsOnWhiteSite
20673,22,19
timeStep,numberOfRobotsOnBlackSite,numberOfRobotsOnWhiteSite
20674,22,19
timeStep,numberOfRobotsOnBlackSite,numberOfRobotsOnWhiteSite
20675,22,19
timeStep,numberOfRobotsOnBlackSite,numberOfRobotsOnWhiteSite
20676,22,19
timeStep,numberOfRobotsOnBlackSite,numberOfRobotsOnWhiteSite
20677,22,19
timeStep,numberOfRobotsOnBlackSite,numberOfRobotsOnWhiteSite
20678,22,19
timeStep,numberOfRobotsOnBlackSite,numberOfRobotsOnWhiteSite
20679,22,19
timeStep,numberOfRobotsOnBlackSite,numberOfRobotsOnWhiteSite
20680,22,19
timeStep,numberOfRobotsOnBlackSite,numberOfRobotsOnWhiteSite
20681,22,19
timeStep,numberOfRobotsOnBlackSite,numberOfRobotsOnWhiteSite
20682,22,19
timeStep,numberOfRobotsOnBlackSite,numberOfRobotsOnWhiteSite
20683,22,19
timeStep,numberOfRobotsOnBlackSite,numberOfRobotsOnWhiteSite
20684,22,19
timeStep,numberOfRobotsOnBlackSite,numberOfRobotsOnWhiteSite
20685,22,19
timeStep,numberOfRobotsOnBlackSite,numberOfRobotsOnWhiteSite
20686,22,19
timeStep,numberOfRobotsOnBlackSite,numberOfRobotsOnWhiteSite
20687,22,19
timeStep,numberOfRobotsOnBlackSite,numberOfRobotsOnWhiteSite
20688,22,19
timeStep,numberOfRobotsOnBlackSite,numberOfRobotsOnWhiteSite
20689,22,19
timeStep,numberOfRobotsOnBlackSite,numberOfRobotsOnWhiteSite
20690,22,19
timeStep,numberOfRobotsOnBlackSite,numberOfRobotsOnWhiteSite
20691,22,19
timeStep,numberOfRobotsOnBlackSite,numberOfRobotsOnWhiteSite
20692,22,19
timeStep,numberOfRobotsOnBlackSite,numberOfRobotsOnWhiteSite
20693,22,19
timeStep,numberOfRobotsOnBlackSite,numberOfRobotsOnWhiteSite
20694,22,19
timeStep,numberOfRobotsOnBlackSite,numberOfRobotsOnWhiteSite
20695,22,19
timeStep,numberOfRobotsOnBlackSite,numberOfRobotsOnWhiteSite
20696,22,19
timeStep,numberOfRobotsOnBlackSite,numberOfRobotsOnWhiteSite
20697,22,19
timeStep,numberOfRobotsOnBlackSite,numberOfRobotsOnWhiteSite
20698,22,19
timeStep,numberOfRobotsOnBlackSite,numberOfRobotsOnWhiteSite
20699,22,19
timeStep,numberOfRobotsOnBlackSite,numberOfRobotsOnWhiteSite
20700,22,19
timeStep,numberOfRobotsOnBlackSite,numberOfRobotsOnWhiteSite
20701,22,19
timeStep,numberOfRobotsOnBlackSite,numberOfRobotsOnWhiteSite
20702,22,19
timeStep,numberOfRobotsOnBlackSite,numberOfRobotsOnWhiteSite
20703,22,19
timeStep,numberOfRobotsOnBlackSite,numberOfRobotsOnWhiteSite
20704,22,19
timeStep,numberOfRobotsOnBlackSite,numberOfRobotsOnWhiteSite
20705,22,19
timeStep,numberOfRobotsOnBlackSite,numberOfRobotsOnWhiteSite
20706,22,19
timeStep,numberOfRobotsOnBlackSite,numberOfRobotsOnWhiteSite
20707,22,19
timeStep,numberOfRobotsOnBlackSite,numberOfRobotsOnWhiteSite
20708,22,19
timeStep,numberOfRobotsOnBlackSite,numberOfRobotsOnWhiteSite
20709,22,19
timeStep,numberOfRobotsOnBlackSite,numberOfRobotsOnWhiteSite
20710,22,19
timeStep,numberOfRobotsOnBlackSite,numberOfRobotsOnWhiteSite
20711,22,19
timeStep,numberOfRobotsOnBlackSite,numberOfRobotsOnWhiteSite
20712,22,19
timeStep,numberOfRobotsOnBlackSite,numberOfRobotsOnWhiteSite
20713,22,19
timeStep,numberOfRobotsOnBlackSite,numberOfRobotsOnWhiteSite
20714,22,19
timeStep,numberOfRobotsOnBlackSite,numberOfRobotsOnWhiteSite
20715,22,19
timeStep,numberOfRobotsOnBlackSite,numberOfRobotsOnWhiteSite
20716,22,19
timeStep,numberOfRobotsOnBlackSite,numberOfRobotsOnWhiteSite
20717,22,19
timeStep,numberOfRobotsOnBlackSite,numberOfRobotsOnWhiteSite
20718,22,19
timeStep,numberOfRobotsOnBlackSite,numberOfRobotsOnWhiteSite
20719,22,19
timeStep,numberOfRobotsOnBlackSite,numberOfRobotsOnWhiteSite
20720,22,19
timeStep,numberOfRobotsOnBlackSite,numberOfRobotsOnWhiteSite
20721,22,19
timeStep,numberOfRobotsOnBlackSite,numberOfRobotsOnWhiteSite
20722,22,19
timeStep,numberOfRobotsOnBlackSite,numberOfRobotsOnWhiteSite
20723,22,19
timeStep,numberOfRobotsOnBlackSite,numberOfRobotsOnWhiteSite
20724,22,19
timeStep,numberOfRobotsOnBlackSite,numberOfRobotsOnWhiteSite
20725,22,19
timeStep,numberOfRobotsOnBlackSite,numberOfRobotsOnWhiteSite
20726,22,19
timeStep,numberOfRobotsOnBlackSite,numberOfRobotsOnWhiteSite
20727,22,19
timeStep,numberOfRobotsOnBlackSite,numberOfRobotsOnWhiteSite
20728,22,19
timeStep,numberOfRobotsOnBlackSite,numberOfRobotsOnWhiteSite
20729,22,19
timeStep,numberOfRobotsOnBlackSite,numberOfRobotsOnWhiteSite
20730,22,19
timeStep,numberOfRobotsOnBlackSite,numberOfRobotsOnWhiteSite
20731,22,19
timeStep,numberOfRobotsOnBlackSite,numberOfRobotsOnWhiteSite
20732,22,19
timeStep,numberOfRobotsOnBlackSite,numberOfRobotsOnWhiteSite
20733,22,19
timeStep,numberOfRobotsOnBlackSite,numberOfRobotsOnWhiteSite
20734,22,19
timeStep,numberOfRobotsOnBlackSite,numberOfRobotsOnWhiteSite
20735,22,19
timeStep,numberOfRobotsOnBlackSite,numberOfRobotsOnWhiteSite
20736,22,19
timeStep,numberOfRobotsOnBlackSite,numberOfRobotsOnWhiteSite
20737,22,19
timeStep,numberOfRobotsOnBlackSite,numberOfRobotsOnWhiteSite
20738,22,19
timeStep,numberOfRobotsOnBlackSite,numberOfRobotsOnWhiteSite
20739,22,19
timeStep,numberOfRobotsOnBlackSite,numberOfRobotsOnWhiteSite
20740,22,19
timeStep,numberOfRobotsOnBlackSite,numberOfRobotsOnWhiteSite
20741,22,19
timeStep,numberOfRobotsOnBlackSite,numberOfRobotsOnWhiteSite
20742,22,19
timeStep,numberOfRobotsOnBlackSite,numberOfRobotsOnWhiteSite
20743,22,19
timeStep,numberOfRobotsOnBlackSite,numberOfRobotsOnWhiteSite
20744,22,19
timeStep,numberOfRobotsOnBlackSite,numberOfRobotsOnWhiteSite
20745,22,19
timeStep,numberOfRobotsOnBlackSite,numberOfRobotsOnWhiteSite
20746,22,19
timeStep,numberOfRobotsOnBlackSite,numberOfRobotsOnWhiteSite
20747,22,19
timeStep,numberOfRobotsOnBlackSite,numberOfRobotsOnWhiteSite
20748,22,19
timeStep,numberOfRobotsOnBlackSite,numberOfRobotsOnWhiteSite
20749,22,19
timeStep,numberOfRobotsOnBlackSite,numberOfRobotsOnWhiteSite
20750,22,19
timeStep,numberOfRobotsOnBlackSite,numberOfRobotsOnWhiteSite
20751,22,19
timeStep,numberOfRobotsOnBlackSite,numberOfRobotsOnWhiteSite
20752,22,19
timeStep,numberOfRobotsOnBlackSite,numberOfRobotsOnWhiteSite
20753,22,19
timeStep,numberOfRobotsOnBlackSite,numberOfRobotsOnWhiteSite
20754,22,19
timeStep,numberOfRobotsOnBlackSite,numberOfRobotsOnWhiteSite
20755,22,19
timeStep,numberOfRobotsOnBlackSite,numberOfRobotsOnWhiteSite
20756,22,19
timeStep,numberOfRobotsOnBlackSite,numberOfRobotsOnWhiteSite
20757,22,19
timeStep,numberOfRobotsOnBlackSite,numberOfRobotsOnWhiteSite
20758,22,19
timeStep,numberOfRobotsOnBlackSite,numberOfRobotsOnWhiteSite
20759,22,19
timeStep,numberOfRobotsOnBlackSite,numberOfRobotsOnWhiteSite
20760,22,19
timeStep,numberOfRobotsOnBlackSite,numberOfRobotsOnWhiteSite
20761,22,19
timeStep,numberOfRobotsOnBlackSite,numberOfRobotsOnWhiteSite
20762,22,19
timeStep,numberOfRobotsOnBlackSite,numberOfRobotsOnWhiteSite
20763,22,19
timeStep,numberOfRobotsOnBlackSite,numberOfRobotsOnWhiteSite
20764,22,19
timeStep,numberOfRobotsOnBlackSite,numberOfRobotsOnWhiteSite
20765,22,19
timeStep,numberOfRobotsOnBlackSite,numberOfRobotsOnWhiteSite
20766,22,19
timeStep,numberOfRobotsOnBlackSite,numberOfRobotsOnWhiteSite
20767,22,19
timeStep,numberOfRobotsOnBlackSite,numberOfRobotsOnWhiteSite
20768,22,19
timeStep,numberOfRobotsOnBlackSite,numberOfRobotsOnWhiteSite
20769,22,19
timeStep,numberOfRobotsOnBlackSite,numberOfRobotsOnWhiteSite
20770,22,19
timeStep,numberOfRobotsOnBlackSite,numberOfRobotsOnWhiteSite
20771,22,19
timeStep,numberOfRobotsOnBlackSite,numberOfRobotsOnWhiteSite
20772,22,19
timeStep,numberOfRobotsOnBlackSite,numberOfRobotsOnWhiteSite
20773,22,19
timeStep,numberOfRobotsOnBlackSite,numberOfRobotsOnWhiteSite
20774,22,19
timeStep,numberOfRobotsOnBlackSite,numberOfRobotsOnWhiteSite
20775,22,19
timeStep,numberOfRobotsOnBlackSite,numberOfRobotsOnWhiteSite
20776,22,19
timeStep,numberOfRobotsOnBlackSite,numberOfRobotsOnWhiteSite
20777,22,19
timeStep,numberOfRobotsOnBlackSite,numberOfRobotsOnWhiteSite
20778,22,19
timeStep,numberOfRobotsOnBlackSite,numberOfRobotsOnWhiteSite
20779,22,19
timeStep,numberOfRobotsOnBlackSite,numberOfRobotsOnWhiteSite
20780,22,18
timeStep,numberOfRobotsOnBlackSite,numberOfRobotsOnWhiteSite
20781,22,18
timeStep,numberOfRobotsOnBlackSite,numberOfRobotsOnWhiteSite
20782,22,18
timeStep,numberOfRobotsOnBlackSite,numberOfRobotsOnWhiteSite
20783,22,18
timeStep,numberOfRobotsOnBlackSite,numberOfRobotsOnWhiteSite
20784,22,18
timeStep,numberOfRobotsOnBlackSite,numberOfRobotsOnWhiteSite
20785,22,18
timeStep,numberOfRobotsOnBlackSite,numberOfRobotsOnWhiteSite
20786,22,18
timeStep,numberOfRobotsOnBlackSite,numberOfRobotsOnWhiteSite
20787,22,18
timeStep,numberOfRobotsOnBlackSite,numberOfRobotsOnWhiteSite
20788,22,18
timeStep,numberOfRobotsOnBlackSite,numberOfRobotsOnWhiteSite
20789,22,18
timeStep,numberOfRobotsOnBlackSite,numberOfRobotsOnWhiteSite
20790,22,17
timeStep,numberOfRobotsOnBlackSite,numberOfRobotsOnWhiteSite
20791,22,17
timeStep,numberOfRobotsOnBlackSite,numberOfRobotsOnWhiteSite
20792,22,17
timeStep,numberOfRobotsOnBlackSite,numberOfRobotsOnWhiteSite
20793,22,17
timeStep,numberOfRobotsOnBlackSite,numberOfRobotsOnWhiteSite
20794,22,17
timeStep,numberOfRobotsOnBlackSite,numberOfRobotsOnWhiteSite
20795,22,16
timeStep,numberOfRobotsOnBlackSite,numberOfRobotsOnWhiteSite
20796,22,16
timeStep,numberOfRobotsOnBlackSite,numberOfRobotsOnWhiteSite
20797,22,16
timeStep,numberOfRobotsOnBlackSite,numberOfRobotsOnWhiteSite
20798,22,16
timeStep,numberOfRobotsOnBlackSite,numberOfRobotsOnWhiteSite
20799,22,16
timeStep,numberOfRobotsOnBlackSite,numberOfRobotsOnWhiteSite
20800,22,16
timeStep,numberOfRobotsOnBlackSite,numberOfRobotsOnWhiteSite
20801,22,16
timeStep,numberOfRobotsOnBlackSite,numberOfRobotsOnWhiteSite
20802,22,16
timeStep,numberOfRobotsOnBlackSite,numberOfRobotsOnWhiteSite
20803,22,16
timeStep,numberOfRobotsOnBlackSite,numberOfRobotsOnWhiteSite
20804,22,16
timeStep,numberOfRobotsOnBlackSite,numberOfRobotsOnWhiteSite
20805,22,16
timeStep,numberOfRobotsOnBlackSite,numberOfRobotsOnWhiteSite
20806,22,16
timeStep,numberOfRobotsOnBlackSite,numberOfRobotsOnWhiteSite
20807,22,16
timeStep,numberOfRobotsOnBlackSite,numberOfRobotsOnWhiteSite
20808,22,16
timeStep,numberOfRobotsOnBlackSite,numberOfRobotsOnWhiteSite
20809,22,16
timeStep,numberOfRobotsOnBlackSite,numberOfRobotsOnWhiteSite
20810,22,16
timeStep,numberOfRobotsOnBlackSite,numberOfRobotsOnWhiteSite
20811,22,16
timeStep,numberOfRobotsOnBlackSite,numberOfRobotsOnWhiteSite
20812,22,16
timeStep,numberOfRobotsOnBlackSite,numberOfRobotsOnWhiteSite
20813,22,16
timeStep,numberOfRobotsOnBlackSite,numberOfRobotsOnWhiteSite
20814,22,16
timeStep,numberOfRobotsOnBlackSite,numberOfRobotsOnWhiteSite
20815,22,16
timeStep,numberOfRobotsOnBlackSite,numberOfRobotsOnWhiteSite
20816,22,16
timeStep,numberOfRobotsOnBlackSite,numberOfRobotsOnWhiteSite
20817,22,16
timeStep,numberOfRobotsOnBlackSite,numberOfRobotsOnWhiteSite
20818,22,16
timeStep,numberOfRobotsOnBlackSite,numberOfRobotsOnWhiteSite
20819,22,16
timeStep,numberOfRobotsOnBlackSite,numberOfRobotsOnWhiteSite
20820,22,17
timeStep,numberOfRobotsOnBlackSite,numberOfRobotsOnWhiteSite
20821,22,17
timeStep,numberOfRobotsOnBlackSite,numberOfRobotsOnWhiteSite
20822,22,17
timeStep,numberOfRobotsOnBlackSite,numberOfRobotsOnWhiteSite
20823,22,17
timeStep,numberOfRobotsOnBlackSite,numberOfRobotsOnWhiteSite
20824,22,17
timeStep,numberOfRobotsOnBlackSite,numberOfRobotsOnWhiteSite
20825,22,17
timeStep,numberOfRobotsOnBlackSite,numberOfRobotsOnWhiteSite
20826,22,17
timeStep,numberOfRobotsOnBlackSite,numberOfRobotsOnWhiteSite
20827,22,17
timeStep,numberOfRobotsOnBlackSite,numberOfRobotsOnWhiteSite
20828,22,17
timeStep,numberOfRobotsOnBlackSite,numberOfRobotsOnWhiteSite
20829,22,17
timeStep,numberOfRobotsOnBlackSite,numberOfRobotsOnWhiteSite
20830,22,18
timeStep,numberOfRobotsOnBlackSite,numberOfRobotsOnWhiteSite
20831,22,18
timeStep,numberOfRobotsOnBlackSite,numberOfRobotsOnWhiteSite
20832,22,18
timeStep,numberOfRobotsOnBlackSite,numberOfRobotsOnWhiteSite
20833,22,18
timeStep,numberOfRobotsOnBlackSite,numberOfRobotsOnWhiteSite
20834,22,18
timeStep,numberOfRobotsOnBlackSite,numberOfRobotsOnWhiteSite
20835,22,18
timeStep,numberOfRobotsOnBlackSite,numberOfRobotsOnWhiteSite
20836,22,18
timeStep,numberOfRobotsOnBlackSite,numberOfRobotsOnWhiteSite
20837,22,18
timeStep,numberOfRobotsOnBlackSite,numberOfRobotsOnWhiteSite
20838,22,18
timeStep,numberOfRobotsOnBlackSite,numberOfRobotsOnWhiteSite
20839,22,18
timeStep,numberOfRobotsOnBlackSite,numberOfRobotsOnWhiteSite
20840,22,18
timeStep,numberOfRobotsOnBlackSite,numberOfRobotsOnWhiteSite
20841,22,18
timeStep,numberOfRobotsOnBlackSite,numberOfRobotsOnWhiteSite
20842,22,18
timeStep,numberOfRobotsOnBlackSite,numberOfRobotsOnWhiteSite
20843,22,18
timeStep,numberOfRobotsOnBlackSite,numberOfRobotsOnWhiteSite
20844,22,18
timeStep,numberOfRobotsOnBlackSite,numberOfRobotsOnWhiteSite
20845,22,18
timeStep,numberOfRobotsOnBlackSite,numberOfRobotsOnWhiteSite
20846,22,18
timeStep,numberOfRobotsOnBlackSite,numberOfRobotsOnWhiteSite
20847,22,18
timeStep,numberOfRobotsOnBlackSite,numberOfRobotsOnWhiteSite
20848,22,18
timeStep,numberOfRobotsOnBlackSite,numberOfRobotsOnWhiteSite
20849,22,18
timeStep,numberOfRobotsOnBlackSite,numberOfRobotsOnWhiteSite
20850,22,18
timeStep,numberOfRobotsOnBlackSite,numberOfRobotsOnWhiteSite
20851,22,18
timeStep,numberOfRobotsOnBlackSite,numberOfRobotsOnWhiteSite
20852,22,18
timeStep,numberOfRobotsOnBlackSite,numberOfRobotsOnWhiteSite
20853,22,18
timeStep,numberOfRobotsOnBlackSite,numberOfRobotsOnWhiteSite
20854,22,18
timeStep,numberOfRobotsOnBlackSite,numberOfRobotsOnWhiteSite
20855,22,18
timeStep,numberOfRobotsOnBlackSite,numberOfRobotsOnWhiteSite
20856,22,18
timeStep,numberOfRobotsOnBlackSite,numberOfRobotsOnWhiteSite
20857,22,18
timeStep,numberOfRobotsOnBlackSite,numberOfRobotsOnWhiteSite
20858,22,18
timeStep,numberOfRobotsOnBlackSite,numberOfRobotsOnWhiteSite
20859,22,18
timeStep,numberOfRobotsOnBlackSite,numberOfRobotsOnWhiteSite
20860,22,19
timeStep,numberOfRobotsOnBlackSite,numberOfRobotsOnWhiteSite
20861,22,19
timeStep,numberOfRobotsOnBlackSite,numberOfRobotsOnWhiteSite
20862,22,19
timeStep,numberOfRobotsOnBlackSite,numberOfRobotsOnWhiteSite
20863,22,19
timeStep,numberOfRobotsOnBlackSite,numberOfRobotsOnWhiteSite
20864,22,19
timeStep,numberOfRobotsOnBlackSite,numberOfRobotsOnWhiteSite
20865,22,19
timeStep,numberOfRobotsOnBlackSite,numberOfRobotsOnWhiteSite
20866,22,19
timeStep,numberOfRobotsOnBlackSite,numberOfRobotsOnWhiteSite
20867,22,19
timeStep,numberOfRobotsOnBlackSite,numberOfRobotsOnWhiteSite
20868,22,19
timeStep,numberOfRobotsOnBlackSite,numberOfRobotsOnWhiteSite
20869,22,19
timeStep,numberOfRobotsOnBlackSite,numberOfRobotsOnWhiteSite
20870,22,19
timeStep,numberOfRobotsOnBlackSite,numberOfRobotsOnWhiteSite
20871,22,19
timeStep,numberOfRobotsOnBlackSite,numberOfRobotsOnWhiteSite
20872,22,19
timeStep,numberOfRobotsOnBlackSite,numberOfRobotsOnWhiteSite
20873,22,19
timeStep,numberOfRobotsOnBlackSite,numberOfRobotsOnWhiteSite
20874,22,19
timeStep,numberOfRobotsOnBlackSite,numberOfRobotsOnWhiteSite
20875,22,19
timeStep,numberOfRobotsOnBlackSite,numberOfRobotsOnWhiteSite
20876,22,19
timeStep,numberOfRobotsOnBlackSite,numberOfRobotsOnWhiteSite
20877,22,19
timeStep,numberOfRobotsOnBlackSite,numberOfRobotsOnWhiteSite
20878,22,19
timeStep,numberOfRobotsOnBlackSite,numberOfRobotsOnWhiteSite
20879,22,19
timeStep,numberOfRobotsOnBlackSite,numberOfRobotsOnWhiteSite
20880,22,19
timeStep,numberOfRobotsOnBlackSite,numberOfRobotsOnWhiteSite
20881,22,19
timeStep,numberOfRobotsOnBlackSite,numberOfRobotsOnWhiteSite
20882,22,19
timeStep,numberOfRobotsOnBlackSite,numberOfRobotsOnWhiteSite
20883,22,19
timeStep,numberOfRobotsOnBlackSite,numberOfRobotsOnWhiteSite
20884,22,19
timeStep,numberOfRobotsOnBlackSite,numberOfRobotsOnWhiteSite
20885,22,19
timeStep,numberOfRobotsOnBlackSite,numberOfRobotsOnWhiteSite
20886,22,19
timeStep,numberOfRobotsOnBlackSite,numberOfRobotsOnWhiteSite
20887,22,19
timeStep,numberOfRobotsOnBlackSite,numberOfRobotsOnWhiteSite
20888,22,19
timeStep,numberOfRobotsOnBlackSite,numberOfRobotsOnWhiteSite
20889,22,19
timeStep,numberOfRobotsOnBlackSite,numberOfRobotsOnWhiteSite
20890,22,19
timeStep,numberOfRobotsOnBlackSite,numberOfRobotsOnWhiteSite
20891,22,19
timeStep,numberOfRobotsOnBlackSite,numberOfRobotsOnWhiteSite
20892,22,19
timeStep,numberOfRobotsOnBlackSite,numberOfRobotsOnWhiteSite
20893,22,19
timeStep,numberOfRobotsOnBlackSite,numberOfRobotsOnWhiteSite
20894,22,19
timeStep,numberOfRobotsOnBlackSite,numberOfRobotsOnWhiteSite
20895,22,19
timeStep,numberOfRobotsOnBlackSite,numberOfRobotsOnWhiteSite
20896,22,19
timeStep,numberOfRobotsOnBlackSite,numberOfRobotsOnWhiteSite
20897,22,19
timeStep,numberOfRobotsOnBlackSite,numberOfRobotsOnWhiteSite
20898,22,19
timeStep,numberOfRobotsOnBlackSite,numberOfRobotsOnWhiteSite
20899,22,19
timeStep,numberOfRobotsOnBlackSite,numberOfRobotsOnWhiteSite
20900,22,19
timeStep,numberOfRobotsOnBlackSite,numberOfRobotsOnWhiteSite
20901,22,19
timeStep,numberOfRobotsOnBlackSite,numberOfRobotsOnWhiteSite
20902,22,19
timeStep,numberOfRobotsOnBlackSite,numberOfRobotsOnWhiteSite
20903,22,19
timeStep,numberOfRobotsOnBlackSite,numberOfRobotsOnWhiteSite
20904,22,19
timeStep,numberOfRobotsOnBlackSite,numberOfRobotsOnWhiteSite
20905,22,18
timeStep,numberOfRobotsOnBlackSite,numberOfRobotsOnWhiteSite
20906,22,18
timeStep,numberOfRobotsOnBlackSite,numberOfRobotsOnWhiteSite
20907,22,18
timeStep,numberOfRobotsOnBlackSite,numberOfRobotsOnWhiteSite
20908,22,18
timeStep,numberOfRobotsOnBlackSite,numberOfRobotsOnWhiteSite
20909,22,18
timeStep,numberOfRobotsOnBlackSite,numberOfRobotsOnWhiteSite
20910,22,18
timeStep,numberOfRobotsOnBlackSite,numberOfRobotsOnWhiteSite
20911,22,18
timeStep,numberOfRobotsOnBlackSite,numberOfRobotsOnWhiteSite
20912,22,18
timeStep,numberOfRobotsOnBlackSite,numberOfRobotsOnWhiteSite
20913,22,18
timeStep,numberOfRobotsOnBlackSite,numberOfRobotsOnWhiteSite
20914,22,18
timeStep,numberOfRobotsOnBlackSite,numberOfRobotsOnWhiteSite
20915,22,18
timeStep,numberOfRobotsOnBlackSite,numberOfRobotsOnWhiteSite
20916,22,18
timeStep,numberOfRobotsOnBlackSite,numberOfRobotsOnWhiteSite
20917,22,18
timeStep,numberOfRobotsOnBlackSite,numberOfRobotsOnWhiteSite
20918,22,18
timeStep,numberOfRobotsOnBlackSite,numberOfRobotsOnWhiteSite
20919,22,18
timeStep,numberOfRobotsOnBlackSite,numberOfRobotsOnWhiteSite
20920,22,18
timeStep,numberOfRobotsOnBlackSite,numberOfRobotsOnWhiteSite
20921,22,18
timeStep,numberOfRobotsOnBlackSite,numberOfRobotsOnWhiteSite
20922,22,18
timeStep,numberOfRobotsOnBlackSite,numberOfRobotsOnWhiteSite
20923,22,18
timeStep,numberOfRobotsOnBlackSite,numberOfRobotsOnWhiteSite
20924,22,18
timeStep,numberOfRobotsOnBlackSite,numberOfRobotsOnWhiteSite
20925,22,18
timeStep,numberOfRobotsOnBlackSite,numberOfRobotsOnWhiteSite
20926,22,18
timeStep,numberOfRobotsOnBlackSite,numberOfRobotsOnWhiteSite
20927,22,18
timeStep,numberOfRobotsOnBlackSite,numberOfRobotsOnWhiteSite
20928,22,18
timeStep,numberOfRobotsOnBlackSite,numberOfRobotsOnWhiteSite
20929,22,18
timeStep,numberOfRobotsOnBlackSite,numberOfRobotsOnWhiteSite
20930,22,18
timeStep,numberOfRobotsOnBlackSite,numberOfRobotsOnWhiteSite
20931,22,18
timeStep,numberOfRobotsOnBlackSite,numberOfRobotsOnWhiteSite
20932,22,18
timeStep,numberOfRobotsOnBlackSite,numberOfRobotsOnWhiteSite
20933,22,18
timeStep,numberOfRobotsOnBlackSite,numberOfRobotsOnWhiteSite
20934,22,18
timeStep,numberOfRobotsOnBlackSite,numberOfRobotsOnWhiteSite
20935,22,18
timeStep,numberOfRobotsOnBlackSite,numberOfRobotsOnWhiteSite
20936,22,18
timeStep,numberOfRobotsOnBlackSite,numberOfRobotsOnWhiteSite
20937,22,18
timeStep,numberOfRobotsOnBlackSite,numberOfRobotsOnWhiteSite
20938,22,18
timeStep,numberOfRobotsOnBlackSite,numberOfRobotsOnWhiteSite
20939,22,18
timeStep,numberOfRobotsOnBlackSite,numberOfRobotsOnWhiteSite
20940,22,18
timeStep,numberOfRobotsOnBlackSite,numberOfRobotsOnWhiteSite
20941,22,18
timeStep,numberOfRobotsOnBlackSite,numberOfRobotsOnWhiteSite
20942,22,18
timeStep,numberOfRobotsOnBlackSite,numberOfRobotsOnWhiteSite
20943,22,18
timeStep,numberOfRobotsOnBlackSite,numberOfRobotsOnWhiteSite
20944,22,18
timeStep,numberOfRobotsOnBlackSite,numberOfRobotsOnWhiteSite
20945,22,18
timeStep,numberOfRobotsOnBlackSite,numberOfRobotsOnWhiteSite
20946,22,18
timeStep,numberOfRobotsOnBlackSite,numberOfRobotsOnWhiteSite
20947,22,18
timeStep,numberOfRobotsOnBlackSite,numberOfRobotsOnWhiteSite
20948,22,18
timeStep,numberOfRobotsOnBlackSite,numberOfRobotsOnWhiteSite
20949,22,18
timeStep,numberOfRobotsOnBlackSite,numberOfRobotsOnWhiteSite
20950,22,18
timeStep,numberOfRobotsOnBlackSite,numberOfRobotsOnWhiteSite
20951,22,18
timeStep,numberOfRobotsOnBlackSite,numberOfRobotsOnWhiteSite
20952,22,18
timeStep,numberOfRobotsOnBlackSite,numberOfRobotsOnWhiteSite
20953,22,18
timeStep,numberOfRobotsOnBlackSite,numberOfRobotsOnWhiteSite
20954,22,18
timeStep,numberOfRobotsOnBlackSite,numberOfRobotsOnWhiteSite
20955,22,18
timeStep,numberOfRobotsOnBlackSite,numberOfRobotsOnWhiteSite
20956,22,18
timeStep,numberOfRobotsOnBlackSite,numberOfRobotsOnWhiteSite
20957,22,18
timeStep,numberOfRobotsOnBlackSite,numberOfRobotsOnWhiteSite
20958,22,18
timeStep,numberOfRobotsOnBlackSite,numberOfRobotsOnWhiteSite
20959,22,18
timeStep,numberOfRobotsOnBlackSite,numberOfRobotsOnWhiteSite
20960,22,18
timeStep,numberOfRobotsOnBlackSite,numberOfRobotsOnWhiteSite
20961,22,18
timeStep,numberOfRobotsOnBlackSite,numberOfRobotsOnWhiteSite
20962,22,18
timeStep,numberOfRobotsOnBlackSite,numberOfRobotsOnWhiteSite
20963,22,18
timeStep,numberOfRobotsOnBlackSite,numberOfRobotsOnWhiteSite
20964,22,18
timeStep,numberOfRobotsOnBlackSite,numberOfRobotsOnWhiteSite
20965,22,18
timeStep,numberOfRobotsOnBlackSite,numberOfRobotsOnWhiteSite
20966,22,18
timeStep,numberOfRobotsOnBlackSite,numberOfRobotsOnWhiteSite
20967,22,18
timeStep,numberOfRobotsOnBlackSite,numberOfRobotsOnWhiteSite
20968,22,18
timeStep,numberOfRobotsOnBlackSite,numberOfRobotsOnWhiteSite
20969,22,18
timeStep,numberOfRobotsOnBlackSite,numberOfRobotsOnWhiteSite
20970,22,18
timeStep,numberOfRobotsOnBlackSite,numberOfRobotsOnWhiteSite
20971,22,18
timeStep,numberOfRobotsOnBlackSite,numberOfRobotsOnWhiteSite
20972,22,18
timeStep,numberOfRobotsOnBlackSite,numberOfRobotsOnWhiteSite
20973,22,18
timeStep,numberOfRobotsOnBlackSite,numberOfRobotsOnWhiteSite
20974,22,18
timeStep,numberOfRobotsOnBlackSite,numberOfRobotsOnWhiteSite
20975,22,18
timeStep,numberOfRobotsOnBlackSite,numberOfRobotsOnWhiteSite
20976,22,18
timeStep,numberOfRobotsOnBlackSite,numberOfRobotsOnWhiteSite
20977,22,18
timeStep,numberOfRobotsOnBlackSite,numberOfRobotsOnWhiteSite
20978,22,18
timeStep,numberOfRobotsOnBlackSite,numberOfRobotsOnWhiteSite
20979,22,18
timeStep,numberOfRobotsOnBlackSite,numberOfRobotsOnWhiteSite
20980,22,18
timeStep,numberOfRobotsOnBlackSite,numberOfRobotsOnWhiteSite
20981,22,18
timeStep,numberOfRobotsOnBlackSite,numberOfRobotsOnWhiteSite
20982,22,18
timeStep,numberOfRobotsOnBlackSite,numberOfRobotsOnWhiteSite
20983,22,18
timeStep,numberOfRobotsOnBlackSite,numberOfRobotsOnWhiteSite
20984,22,18
timeStep,numberOfRobotsOnBlackSite,numberOfRobotsOnWhiteSite
20985,22,18
timeStep,numberOfRobotsOnBlackSite,numberOfRobotsOnWhiteSite
20986,22,18
timeStep,numberOfRobotsOnBlackSite,numberOfRobotsOnWhiteSite
20987,22,18
timeStep,numberOfRobotsOnBlackSite,numberOfRobotsOnWhiteSite
20988,22,18
timeStep,numberOfRobotsOnBlackSite,numberOfRobotsOnWhiteSite
20989,22,18
timeStep,numberOfRobotsOnBlackSite,numberOfRobotsOnWhiteSite
20990,22,18
timeStep,numberOfRobotsOnBlackSite,numberOfRobotsOnWhiteSite
20991,22,18
timeStep,numberOfRobotsOnBlackSite,numberOfRobotsOnWhiteSite
20992,22,18
timeStep,numberOfRobotsOnBlackSite,numberOfRobotsOnWhiteSite
20993,22,18
timeStep,numberOfRobotsOnBlackSite,numberOfRobotsOnWhiteSite
20994,22,18
timeStep,numberOfRobotsOnBlackSite,numberOfRobotsOnWhiteSite
20995,22,18
timeStep,numberOfRobotsOnBlackSite,numberOfRobotsOnWhiteSite
20996,22,18
timeStep,numberOfRobotsOnBlackSite,numberOfRobotsOnWhiteSite
20997,22,18
timeStep,numberOfRobotsOnBlackSite,numberOfRobotsOnWhiteSite
20998,22,18
timeStep,numberOfRobotsOnBlackSite,numberOfRobotsOnWhiteSite
20999,22,18
timeStep,numberOfRobotsOnBlackSite,numberOfRobotsOnWhiteSite
21000,22,18
timeStep,numberOfRobotsOnBlackSite,numberOfRobotsOnWhiteSite
21001,22,18
timeStep,numberOfRobotsOnBlackSite,numberOfRobotsOnWhiteSite
21002,22,18
timeStep,numberOfRobotsOnBlackSite,numberOfRobotsOnWhiteSite
21003,22,18
timeStep,numberOfRobotsOnBlackSite,numberOfRobotsOnWhiteSite
21004,22,18
timeStep,numberOfRobotsOnBlackSite,numberOfRobotsOnWhiteSite
21005,22,18
timeStep,numberOfRobotsOnBlackSite,numberOfRobotsOnWhiteSite
21006,22,18
timeStep,numberOfRobotsOnBlackSite,numberOfRobotsOnWhiteSite
21007,22,18
timeStep,numberOfRobotsOnBlackSite,numberOfRobotsOnWhiteSite
21008,22,18
timeStep,numberOfRobotsOnBlackSite,numberOfRobotsOnWhiteSite
21009,22,18
timeStep,numberOfRobotsOnBlackSite,numberOfRobotsOnWhiteSite
21010,23,18
timeStep,numberOfRobotsOnBlackSite,numberOfRobotsOnWhiteSite
21011,23,18
timeStep,numberOfRobotsOnBlackSite,numberOfRobotsOnWhiteSite
21012,23,18
timeStep,numberOfRobotsOnBlackSite,numberOfRobotsOnWhiteSite
21013,23,18
timeStep,numberOfRobotsOnBlackSite,numberOfRobotsOnWhiteSite
21014,23,18
timeStep,numberOfRobotsOnBlackSite,numberOfRobotsOnWhiteSite
21015,24,19
timeStep,numberOfRobotsOnBlackSite,numberOfRobotsOnWhiteSite
21016,24,19
timeStep,numberOfRobotsOnBlackSite,numberOfRobotsOnWhiteSite
21017,24,19
timeStep,numberOfRobotsOnBlackSite,numberOfRobotsOnWhiteSite
21018,24,19
timeStep,numberOfRobotsOnBlackSite,numberOfRobotsOnWhiteSite
21019,24,19
timeStep,numberOfRobotsOnBlackSite,numberOfRobotsOnWhiteSite
21020,24,19
timeStep,numberOfRobotsOnBlackSite,numberOfRobotsOnWhiteSite
21021,24,19
timeStep,numberOfRobotsOnBlackSite,numberOfRobotsOnWhiteSite
21022,24,19
timeStep,numberOfRobotsOnBlackSite,numberOfRobotsOnWhiteSite
21023,24,19
timeStep,numberOfRobotsOnBlackSite,numberOfRobotsOnWhiteSite
21024,24,19
timeStep,numberOfRobotsOnBlackSite,numberOfRobotsOnWhiteSite
21025,24,19
timeStep,numberOfRobotsOnBlackSite,numberOfRobotsOnWhiteSite
21026,24,19
timeStep,numberOfRobotsOnBlackSite,numberOfRobotsOnWhiteSite
21027,24,19
timeStep,numberOfRobotsOnBlackSite,numberOfRobotsOnWhiteSite
21028,24,19
timeStep,numberOfRobotsOnBlackSite,numberOfRobotsOnWhiteSite
21029,24,19
timeStep,numberOfRobotsOnBlackSite,numberOfRobotsOnWhiteSite
21030,24,19
timeStep,numberOfRobotsOnBlackSite,numberOfRobotsOnWhiteSite
21031,24,19
timeStep,numberOfRobotsOnBlackSite,numberOfRobotsOnWhiteSite
21032,24,19
timeStep,numberOfRobotsOnBlackSite,numberOfRobotsOnWhiteSite
21033,24,19
timeStep,numberOfRobotsOnBlackSite,numberOfRobotsOnWhiteSite
21034,24,19
timeStep,numberOfRobotsOnBlackSite,numberOfRobotsOnWhiteSite
21035,23,18
timeStep,numberOfRobotsOnBlackSite,numberOfRobotsOnWhiteSite
21036,23,18
timeStep,numberOfRobotsOnBlackSite,numberOfRobotsOnWhiteSite
21037,23,18
timeStep,numberOfRobotsOnBlackSite,numberOfRobotsOnWhiteSite
21038,23,18
timeStep,numberOfRobotsOnBlackSite,numberOfRobotsOnWhiteSite
21039,23,18
timeStep,numberOfRobotsOnBlackSite,numberOfRobotsOnWhiteSite
21040,23,18
timeStep,numberOfRobotsOnBlackSite,numberOfRobotsOnWhiteSite
21041,23,18
timeStep,numberOfRobotsOnBlackSite,numberOfRobotsOnWhiteSite
21042,23,18
timeStep,numberOfRobotsOnBlackSite,numberOfRobotsOnWhiteSite
21043,23,18
timeStep,numberOfRobotsOnBlackSite,numberOfRobotsOnWhiteSite
21044,23,18
timeStep,numberOfRobotsOnBlackSite,numberOfRobotsOnWhiteSite
21045,23,18
timeStep,numberOfRobotsOnBlackSite,numberOfRobotsOnWhiteSite
21046,23,18
timeStep,numberOfRobotsOnBlackSite,numberOfRobotsOnWhiteSite
21047,23,18
timeStep,numberOfRobotsOnBlackSite,numberOfRobotsOnWhiteSite
21048,23,18
timeStep,numberOfRobotsOnBlackSite,numberOfRobotsOnWhiteSite
21049,23,18
timeStep,numberOfRobotsOnBlackSite,numberOfRobotsOnWhiteSite
21050,23,17
timeStep,numberOfRobotsOnBlackSite,numberOfRobotsOnWhiteSite
21051,23,17
timeStep,numberOfRobotsOnBlackSite,numberOfRobotsOnWhiteSite
21052,23,17
timeStep,numberOfRobotsOnBlackSite,numberOfRobotsOnWhiteSite
21053,23,17
timeStep,numberOfRobotsOnBlackSite,numberOfRobotsOnWhiteSite
21054,23,17
timeStep,numberOfRobotsOnBlackSite,numberOfRobotsOnWhiteSite
21055,22,17
timeStep,numberOfRobotsOnBlackSite,numberOfRobotsOnWhiteSite
21056,22,17
timeStep,numberOfRobotsOnBlackSite,numberOfRobotsOnWhiteSite
21057,22,17
timeStep,numberOfRobotsOnBlackSite,numberOfRobotsOnWhiteSite
21058,22,17
timeStep,numberOfRobotsOnBlackSite,numberOfRobotsOnWhiteSite
21059,22,17
timeStep,numberOfRobotsOnBlackSite,numberOfRobotsOnWhiteSite
21060,22,17
timeStep,numberOfRobotsOnBlackSite,numberOfRobotsOnWhiteSite
21061,22,17
timeStep,numberOfRobotsOnBlackSite,numberOfRobotsOnWhiteSite
21062,22,17
timeStep,numberOfRobotsOnBlackSite,numberOfRobotsOnWhiteSite
21063,22,17
timeStep,numberOfRobotsOnBlackSite,numberOfRobotsOnWhiteSite
21064,22,17
timeStep,numberOfRobotsOnBlackSite,numberOfRobotsOnWhiteSite
21065,22,17
timeStep,numberOfRobotsOnBlackSite,numberOfRobotsOnWhiteSite
21066,22,17
timeStep,numberOfRobotsOnBlackSite,numberOfRobotsOnWhiteSite
21067,22,17
timeStep,numberOfRobotsOnBlackSite,numberOfRobotsOnWhiteSite
21068,22,17
timeStep,numberOfRobotsOnBlackSite,numberOfRobotsOnWhiteSite
21069,22,17
timeStep,numberOfRobotsOnBlackSite,numberOfRobotsOnWhiteSite
21070,22,17
timeStep,numberOfRobotsOnBlackSite,numberOfRobotsOnWhiteSite
21071,22,17
timeStep,numberOfRobotsOnBlackSite,numberOfRobotsOnWhiteSite
21072,22,17
timeStep,numberOfRobotsOnBlackSite,numberOfRobotsOnWhiteSite
21073,22,17
timeStep,numberOfRobotsOnBlackSite,numberOfRobotsOnWhiteSite
21074,22,17
timeStep,numberOfRobotsOnBlackSite,numberOfRobotsOnWhiteSite
21075,22,17
timeStep,numberOfRobotsOnBlackSite,numberOfRobotsOnWhiteSite
21076,22,17
timeStep,numberOfRobotsOnBlackSite,numberOfRobotsOnWhiteSite
21077,22,17
timeStep,numberOfRobotsOnBlackSite,numberOfRobotsOnWhiteSite
21078,22,17
timeStep,numberOfRobotsOnBlackSite,numberOfRobotsOnWhiteSite
21079,22,17
timeStep,numberOfRobotsOnBlackSite,numberOfRobotsOnWhiteSite
21080,22,17
timeStep,numberOfRobotsOnBlackSite,numberOfRobotsOnWhiteSite
21081,22,17
timeStep,numberOfRobotsOnBlackSite,numberOfRobotsOnWhiteSite
21082,22,17
timeStep,numberOfRobotsOnBlackSite,numberOfRobotsOnWhiteSite
21083,22,17
timeStep,numberOfRobotsOnBlackSite,numberOfRobotsOnWhiteSite
21084,22,17
timeStep,numberOfRobotsOnBlackSite,numberOfRobotsOnWhiteSite
21085,22,18
timeStep,numberOfRobotsOnBlackSite,numberOfRobotsOnWhiteSite
21086,22,18
timeStep,numberOfRobotsOnBlackSite,numberOfRobotsOnWhiteSite
21087,22,18
timeStep,numberOfRobotsOnBlackSite,numberOfRobotsOnWhiteSite
21088,22,18
timeStep,numberOfRobotsOnBlackSite,numberOfRobotsOnWhiteSite
21089,22,18
timeStep,numberOfRobotsOnBlackSite,numberOfRobotsOnWhiteSite
21090,22,18
timeStep,numberOfRobotsOnBlackSite,numberOfRobotsOnWhiteSite
21091,22,18
timeStep,numberOfRobotsOnBlackSite,numberOfRobotsOnWhiteSite
21092,22,18
timeStep,numberOfRobotsOnBlackSite,numberOfRobotsOnWhiteSite
21093,22,18
timeStep,numberOfRobotsOnBlackSite,numberOfRobotsOnWhiteSite
21094,22,18
timeStep,numberOfRobotsOnBlackSite,numberOfRobotsOnWhiteSite
21095,22,18
timeStep,numberOfRobotsOnBlackSite,numberOfRobotsOnWhiteSite
21096,22,18
timeStep,numberOfRobotsOnBlackSite,numberOfRobotsOnWhiteSite
21097,22,18
timeStep,numberOfRobotsOnBlackSite,numberOfRobotsOnWhiteSite
21098,22,18
timeStep,numberOfRobotsOnBlackSite,numberOfRobotsOnWhiteSite
21099,22,18
timeStep,numberOfRobotsOnBlackSite,numberOfRobotsOnWhiteSite
21100,22,18
timeStep,numberOfRobotsOnBlackSite,numberOfRobotsOnWhiteSite
21101,22,18
timeStep,numberOfRobotsOnBlackSite,numberOfRobotsOnWhiteSite
21102,22,18
timeStep,numberOfRobotsOnBlackSite,numberOfRobotsOnWhiteSite
21103,22,18
timeStep,numberOfRobotsOnBlackSite,numberOfRobotsOnWhiteSite
21104,22,18
timeStep,numberOfRobotsOnBlackSite,numberOfRobotsOnWhiteSite
21105,22,18
timeStep,numberOfRobotsOnBlackSite,numberOfRobotsOnWhiteSite
21106,22,18
timeStep,numberOfRobotsOnBlackSite,numberOfRobotsOnWhiteSite
21107,22,18
timeStep,numberOfRobotsOnBlackSite,numberOfRobotsOnWhiteSite
21108,22,18
timeStep,numberOfRobotsOnBlackSite,numberOfRobotsOnWhiteSite
21109,22,18
timeStep,numberOfRobotsOnBlackSite,numberOfRobotsOnWhiteSite
21110,22,18
timeStep,numberOfRobotsOnBlackSite,numberOfRobotsOnWhiteSite
21111,22,18
timeStep,numberOfRobotsOnBlackSite,numberOfRobotsOnWhiteSite
21112,22,18
timeStep,numberOfRobotsOnBlackSite,numberOfRobotsOnWhiteSite
21113,22,18
timeStep,numberOfRobotsOnBlackSite,numberOfRobotsOnWhiteSite
21114,22,18
timeStep,numberOfRobotsOnBlackSite,numberOfRobotsOnWhiteSite
21115,22,18
timeStep,numberOfRobotsOnBlackSite,numberOfRobotsOnWhiteSite
21116,22,18
timeStep,numberOfRobotsOnBlackSite,numberOfRobotsOnWhiteSite
21117,22,18
timeStep,numberOfRobotsOnBlackSite,numberOfRobotsOnWhiteSite
21118,22,18
timeStep,numberOfRobotsOnBlackSite,numberOfRobotsOnWhiteSite
21119,22,18
timeStep,numberOfRobotsOnBlackSite,numberOfRobotsOnWhiteSite
21120,22,18
timeStep,numberOfRobotsOnBlackSite,numberOfRobotsOnWhiteSite
21121,22,18
timeStep,numberOfRobotsOnBlackSite,numberOfRobotsOnWhiteSite
21122,22,18
timeStep,numberOfRobotsOnBlackSite,numberOfRobotsOnWhiteSite
21123,22,18
timeStep,numberOfRobotsOnBlackSite,numberOfRobotsOnWhiteSite
21124,22,18
timeStep,numberOfRobotsOnBlackSite,numberOfRobotsOnWhiteSite
21125,22,18
timeStep,numberOfRobotsOnBlackSite,numberOfRobotsOnWhiteSite
21126,22,18
timeStep,numberOfRobotsOnBlackSite,numberOfRobotsOnWhiteSite
21127,22,18
timeStep,numberOfRobotsOnBlackSite,numberOfRobotsOnWhiteSite
21128,22,18
timeStep,numberOfRobotsOnBlackSite,numberOfRobotsOnWhiteSite
21129,22,18
timeStep,numberOfRobotsOnBlackSite,numberOfRobotsOnWhiteSite
21130,22,18
timeStep,numberOfRobotsOnBlackSite,numberOfRobotsOnWhiteSite
21131,22,18
timeStep,numberOfRobotsOnBlackSite,numberOfRobotsOnWhiteSite
21132,22,18
timeStep,numberOfRobotsOnBlackSite,numberOfRobotsOnWhiteSite
21133,22,18
timeStep,numberOfRobotsOnBlackSite,numberOfRobotsOnWhiteSite
21134,22,18
timeStep,numberOfRobotsOnBlackSite,numberOfRobotsOnWhiteSite
21135,22,18
timeStep,numberOfRobotsOnBlackSite,numberOfRobotsOnWhiteSite
21136,22,18
timeStep,numberOfRobotsOnBlackSite,numberOfRobotsOnWhiteSite
21137,22,18
timeStep,numberOfRobotsOnBlackSite,numberOfRobotsOnWhiteSite
21138,22,18
timeStep,numberOfRobotsOnBlackSite,numberOfRobotsOnWhiteSite
21139,22,18
timeStep,numberOfRobotsOnBlackSite,numberOfRobotsOnWhiteSite
21140,22,18
timeStep,numberOfRobotsOnBlackSite,numberOfRobotsOnWhiteSite
21141,22,18
timeStep,numberOfRobotsOnBlackSite,numberOfRobotsOnWhiteSite
21142,22,18
timeStep,numberOfRobotsOnBlackSite,numberOfRobotsOnWhiteSite
21143,22,18
timeStep,numberOfRobotsOnBlackSite,numberOfRobotsOnWhiteSite
21144,22,18
timeStep,numberOfRobotsOnBlackSite,numberOfRobotsOnWhiteSite
21145,22,19
timeStep,numberOfRobotsOnBlackSite,numberOfRobotsOnWhiteSite
21146,22,19
timeStep,numberOfRobotsOnBlackSite,numberOfRobotsOnWhiteSite
21147,22,19
timeStep,numberOfRobotsOnBlackSite,numberOfRobotsOnWhiteSite
21148,22,19
timeStep,numberOfRobotsOnBlackSite,numberOfRobotsOnWhiteSite
21149,22,19
timeStep,numberOfRobotsOnBlackSite,numberOfRobotsOnWhiteSite
21150,22,19
timeStep,numberOfRobotsOnBlackSite,numberOfRobotsOnWhiteSite
21151,22,19
timeStep,numberOfRobotsOnBlackSite,numberOfRobotsOnWhiteSite
21152,22,19
timeStep,numberOfRobotsOnBlackSite,numberOfRobotsOnWhiteSite
21153,22,19
timeStep,numberOfRobotsOnBlackSite,numberOfRobotsOnWhiteSite
21154,22,19
timeStep,numberOfRobotsOnBlackSite,numberOfRobotsOnWhiteSite
21155,22,19
timeStep,numberOfRobotsOnBlackSite,numberOfRobotsOnWhiteSite
21156,22,19
timeStep,numberOfRobotsOnBlackSite,numberOfRobotsOnWhiteSite
21157,22,19
timeStep,numberOfRobotsOnBlackSite,numberOfRobotsOnWhiteSite
21158,22,19
timeStep,numberOfRobotsOnBlackSite,numberOfRobotsOnWhiteSite
21159,22,19
timeStep,numberOfRobotsOnBlackSite,numberOfRobotsOnWhiteSite
21160,22,19
timeStep,numberOfRobotsOnBlackSite,numberOfRobotsOnWhiteSite
21161,22,19
timeStep,numberOfRobotsOnBlackSite,numberOfRobotsOnWhiteSite
21162,22,19
timeStep,numberOfRobotsOnBlackSite,numberOfRobotsOnWhiteSite
21163,22,19
timeStep,numberOfRobotsOnBlackSite,numberOfRobotsOnWhiteSite
21164,22,19
timeStep,numberOfRobotsOnBlackSite,numberOfRobotsOnWhiteSite
21165,22,19
timeStep,numberOfRobotsOnBlackSite,numberOfRobotsOnWhiteSite
21166,22,19
timeStep,numberOfRobotsOnBlackSite,numberOfRobotsOnWhiteSite
21167,22,19
timeStep,numberOfRobotsOnBlackSite,numberOfRobotsOnWhiteSite
21168,22,19
timeStep,numberOfRobotsOnBlackSite,numberOfRobotsOnWhiteSite
21169,22,19
timeStep,numberOfRobotsOnBlackSite,numberOfRobotsOnWhiteSite
21170,22,19
timeStep,numberOfRobotsOnBlackSite,numberOfRobotsOnWhiteSite
21171,22,19
timeStep,numberOfRobotsOnBlackSite,numberOfRobotsOnWhiteSite
21172,22,19
timeStep,numberOfRobotsOnBlackSite,numberOfRobotsOnWhiteSite
21173,22,19
timeStep,numberOfRobotsOnBlackSite,numberOfRobotsOnWhiteSite
21174,22,19
timeStep,numberOfRobotsOnBlackSite,numberOfRobotsOnWhiteSite
21175,22,19
timeStep,numberOfRobotsOnBlackSite,numberOfRobotsOnWhiteSite
21176,22,19
timeStep,numberOfRobotsOnBlackSite,numberOfRobotsOnWhiteSite
21177,22,19
timeStep,numberOfRobotsOnBlackSite,numberOfRobotsOnWhiteSite
21178,22,19
timeStep,numberOfRobotsOnBlackSite,numberOfRobotsOnWhiteSite
21179,22,19
timeStep,numberOfRobotsOnBlackSite,numberOfRobotsOnWhiteSite
21180,22,19
timeStep,numberOfRobotsOnBlackSite,numberOfRobotsOnWhiteSite
21181,22,19
timeStep,numberOfRobotsOnBlackSite,numberOfRobotsOnWhiteSite
21182,22,19
timeStep,numberOfRobotsOnBlackSite,numberOfRobotsOnWhiteSite
21183,22,19
timeStep,numberOfRobotsOnBlackSite,numberOfRobotsOnWhiteSite
21184,22,19
timeStep,numberOfRobotsOnBlackSite,numberOfRobotsOnWhiteSite
21185,22,19
timeStep,numberOfRobotsOnBlackSite,numberOfRobotsOnWhiteSite
21186,22,19
timeStep,numberOfRobotsOnBlackSite,numberOfRobotsOnWhiteSite
21187,22,19
timeStep,numberOfRobotsOnBlackSite,numberOfRobotsOnWhiteSite
21188,22,19
timeStep,numberOfRobotsOnBlackSite,numberOfRobotsOnWhiteSite
21189,22,19
timeStep,numberOfRobotsOnBlackSite,numberOfRobotsOnWhiteSite
21190,22,19
timeStep,numberOfRobotsOnBlackSite,numberOfRobotsOnWhiteSite
21191,22,19
timeStep,numberOfRobotsOnBlackSite,numberOfRobotsOnWhiteSite
21192,22,19
timeStep,numberOfRobotsOnBlackSite,numberOfRobotsOnWhiteSite
21193,22,19
timeStep,numberOfRobotsOnBlackSite,numberOfRobotsOnWhiteSite
21194,22,19
timeStep,numberOfRobotsOnBlackSite,numberOfRobotsOnWhiteSite
21195,22,19
timeStep,numberOfRobotsOnBlackSite,numberOfRobotsOnWhiteSite
21196,22,19
timeStep,numberOfRobotsOnBlackSite,numberOfRobotsOnWhiteSite
21197,22,19
timeStep,numberOfRobotsOnBlackSite,numberOfRobotsOnWhiteSite
21198,22,19
timeStep,numberOfRobotsOnBlackSite,numberOfRobotsOnWhiteSite
21199,22,19
timeStep,numberOfRobotsOnBlackSite,numberOfRobotsOnWhiteSite
21200,22,19
timeStep,numberOfRobotsOnBlackSite,numberOfRobotsOnWhiteSite
21201,22,19
timeStep,numberOfRobotsOnBlackSite,numberOfRobotsOnWhiteSite
21202,22,19
timeStep,numberOfRobotsOnBlackSite,numberOfRobotsOnWhiteSite
21203,22,19
timeStep,numberOfRobotsOnBlackSite,numberOfRobotsOnWhiteSite
21204,22,19
timeStep,numberOfRobotsOnBlackSite,numberOfRobotsOnWhiteSite
21205,22,19
timeStep,numberOfRobotsOnBlackSite,numberOfRobotsOnWhiteSite
21206,22,19
timeStep,numberOfRobotsOnBlackSite,numberOfRobotsOnWhiteSite
21207,22,19
timeStep,numberOfRobotsOnBlackSite,numberOfRobotsOnWhiteSite
21208,22,19
timeStep,numberOfRobotsOnBlackSite,numberOfRobotsOnWhiteSite
21209,22,19
timeStep,numberOfRobotsOnBlackSite,numberOfRobotsOnWhiteSite
21210,22,19
timeStep,numberOfRobotsOnBlackSite,numberOfRobotsOnWhiteSite
21211,22,19
timeStep,numberOfRobotsOnBlackSite,numberOfRobotsOnWhiteSite
21212,22,19
timeStep,numberOfRobotsOnBlackSite,numberOfRobotsOnWhiteSite
21213,22,19
timeStep,numberOfRobotsOnBlackSite,numberOfRobotsOnWhiteSite
21214,22,19
timeStep,numberOfRobotsOnBlackSite,numberOfRobotsOnWhiteSite
21215,22,19
timeStep,numberOfRobotsOnBlackSite,numberOfRobotsOnWhiteSite
21216,22,19
timeStep,numberOfRobotsOnBlackSite,numberOfRobotsOnWhiteSite
21217,22,19
timeStep,numberOfRobotsOnBlackSite,numberOfRobotsOnWhiteSite
21218,22,19
timeStep,numberOfRobotsOnBlackSite,numberOfRobotsOnWhiteSite
21219,22,19
timeStep,numberOfRobotsOnBlackSite,numberOfRobotsOnWhiteSite
21220,21,19
timeStep,numberOfRobotsOnBlackSite,numberOfRobotsOnWhiteSite
21221,21,19
timeStep,numberOfRobotsOnBlackSite,numberOfRobotsOnWhiteSite
21222,21,19
timeStep,numberOfRobotsOnBlackSite,numberOfRobotsOnWhiteSite
21223,21,19
timeStep,numberOfRobotsOnBlackSite,numberOfRobotsOnWhiteSite
21224,21,19
timeStep,numberOfRobotsOnBlackSite,numberOfRobotsOnWhiteSite
21225,21,19
timeStep,numberOfRobotsOnBlackSite,numberOfRobotsOnWhiteSite
21226,21,19
timeStep,numberOfRobotsOnBlackSite,numberOfRobotsOnWhiteSite
21227,21,19
timeStep,numberOfRobotsOnBlackSite,numberOfRobotsOnWhiteSite
21228,21,19
timeStep,numberOfRobotsOnBlackSite,numberOfRobotsOnWhiteSite
21229,21,19
timeStep,numberOfRobotsOnBlackSite,numberOfRobotsOnWhiteSite
21230,21,19
timeStep,numberOfRobotsOnBlackSite,numberOfRobotsOnWhiteSite
21231,21,19
timeStep,numberOfRobotsOnBlackSite,numberOfRobotsOnWhiteSite
21232,21,19
timeStep,numberOfRobotsOnBlackSite,numberOfRobotsOnWhiteSite
21233,21,19
timeStep,numberOfRobotsOnBlackSite,numberOfRobotsOnWhiteSite
21234,21,19
timeStep,numberOfRobotsOnBlackSite,numberOfRobotsOnWhiteSite
21235,21,19
timeStep,numberOfRobotsOnBlackSite,numberOfRobotsOnWhiteSite
21236,21,19
timeStep,numberOfRobotsOnBlackSite,numberOfRobotsOnWhiteSite
21237,21,19
timeStep,numberOfRobotsOnBlackSite,numberOfRobotsOnWhiteSite
21238,21,19
timeStep,numberOfRobotsOnBlackSite,numberOfRobotsOnWhiteSite
21239,21,19
timeStep,numberOfRobotsOnBlackSite,numberOfRobotsOnWhiteSite
21240,21,19
timeStep,numberOfRobotsOnBlackSite,numberOfRobotsOnWhiteSite
21241,21,19
timeStep,numberOfRobotsOnBlackSite,numberOfRobotsOnWhiteSite
21242,21,19
timeStep,numberOfRobotsOnBlackSite,numberOfRobotsOnWhiteSite
21243,21,19
timeStep,numberOfRobotsOnBlackSite,numberOfRobotsOnWhiteSite
21244,21,19
timeStep,numberOfRobotsOnBlackSite,numberOfRobotsOnWhiteSite
21245,22,19
timeStep,numberOfRobotsOnBlackSite,numberOfRobotsOnWhiteSite
21246,22,19
timeStep,numberOfRobotsOnBlackSite,numberOfRobotsOnWhiteSite
21247,22,19
timeStep,numberOfRobotsOnBlackSite,numberOfRobotsOnWhiteSite
21248,22,19
timeStep,numberOfRobotsOnBlackSite,numberOfRobotsOnWhiteSite
21249,22,19
timeStep,numberOfRobotsOnBlackSite,numberOfRobotsOnWhiteSite
21250,23,19
timeStep,numberOfRobotsOnBlackSite,numberOfRobotsOnWhiteSite
21251,23,19
timeStep,numberOfRobotsOnBlackSite,numberOfRobotsOnWhiteSite
21252,23,19
timeStep,numberOfRobotsOnBlackSite,numberOfRobotsOnWhiteSite
21253,23,19
timeStep,numberOfRobotsOnBlackSite,numberOfRobotsOnWhiteSite
21254,23,19
timeStep,numberOfRobotsOnBlackSite,numberOfRobotsOnWhiteSite
21255,22,19
timeStep,numberOfRobotsOnBlackSite,numberOfRobotsOnWhiteSite
21256,22,19
timeStep,numberOfRobotsOnBlackSite,numberOfRobotsOnWhiteSite
21257,22,19
timeStep,numberOfRobotsOnBlackSite,numberOfRobotsOnWhiteSite
21258,22,19
timeStep,numberOfRobotsOnBlackSite,numberOfRobotsOnWhiteSite
21259,22,19
timeStep,numberOfRobotsOnBlackSite,numberOfRobotsOnWhiteSite
21260,22,18
timeStep,numberOfRobotsOnBlackSite,numberOfRobotsOnWhiteSite
21261,22,18
timeStep,numberOfRobotsOnBlackSite,numberOfRobotsOnWhiteSite
21262,22,18
timeStep,numberOfRobotsOnBlackSite,numberOfRobotsOnWhiteSite
21263,22,18
timeStep,numberOfRobotsOnBlackSite,numberOfRobotsOnWhiteSite
21264,22,18
timeStep,numberOfRobotsOnBlackSite,numberOfRobotsOnWhiteSite
21265,22,18
timeStep,numberOfRobotsOnBlackSite,numberOfRobotsOnWhiteSite
21266,22,18
timeStep,numberOfRobotsOnBlackSite,numberOfRobotsOnWhiteSite
21267,22,18
timeStep,numberOfRobotsOnBlackSite,numberOfRobotsOnWhiteSite
21268,22,18
timeStep,numberOfRobotsOnBlackSite,numberOfRobotsOnWhiteSite
21269,22,18
timeStep,numberOfRobotsOnBlackSite,numberOfRobotsOnWhiteSite
21270,22,18
timeStep,numberOfRobotsOnBlackSite,numberOfRobotsOnWhiteSite
21271,22,18
timeStep,numberOfRobotsOnBlackSite,numberOfRobotsOnWhiteSite
21272,22,18
timeStep,numberOfRobotsOnBlackSite,numberOfRobotsOnWhiteSite
21273,22,18
timeStep,numberOfRobotsOnBlackSite,numberOfRobotsOnWhiteSite
21274,22,18
timeStep,numberOfRobotsOnBlackSite,numberOfRobotsOnWhiteSite
21275,22,18
timeStep,numberOfRobotsOnBlackSite,numberOfRobotsOnWhiteSite
21276,22,18
timeStep,numberOfRobotsOnBlackSite,numberOfRobotsOnWhiteSite
21277,22,18
timeStep,numberOfRobotsOnBlackSite,numberOfRobotsOnWhiteSite
21278,22,18
timeStep,numberOfRobotsOnBlackSite,numberOfRobotsOnWhiteSite
21279,22,18
timeStep,numberOfRobotsOnBlackSite,numberOfRobotsOnWhiteSite
21280,22,18
timeStep,numberOfRobotsOnBlackSite,numberOfRobotsOnWhiteSite
21281,22,18
timeStep,numberOfRobotsOnBlackSite,numberOfRobotsOnWhiteSite
21282,22,18
timeStep,numberOfRobotsOnBlackSite,numberOfRobotsOnWhiteSite
21283,22,18
timeStep,numberOfRobotsOnBlackSite,numberOfRobotsOnWhiteSite
21284,22,18
timeStep,numberOfRobotsOnBlackSite,numberOfRobotsOnWhiteSite
21285,22,18
timeStep,numberOfRobotsOnBlackSite,numberOfRobotsOnWhiteSite
21286,22,18
timeStep,numberOfRobotsOnBlackSite,numberOfRobotsOnWhiteSite
21287,22,18
timeStep,numberOfRobotsOnBlackSite,numberOfRobotsOnWhiteSite
21288,22,18
timeStep,numberOfRobotsOnBlackSite,numberOfRobotsOnWhiteSite
21289,22,18
timeStep,numberOfRobotsOnBlackSite,numberOfRobotsOnWhiteSite
21290,23,18
timeStep,numberOfRobotsOnBlackSite,numberOfRobotsOnWhiteSite
21291,23,18
timeStep,numberOfRobotsOnBlackSite,numberOfRobotsOnWhiteSite
21292,23,18
timeStep,numberOfRobotsOnBlackSite,numberOfRobotsOnWhiteSite
21293,23,18
timeStep,numberOfRobotsOnBlackSite,numberOfRobotsOnWhiteSite
21294,23,18
timeStep,numberOfRobotsOnBlackSite,numberOfRobotsOnWhiteSite
21295,23,18
timeStep,numberOfRobotsOnBlackSite,numberOfRobotsOnWhiteSite
21296,23,18
timeStep,numberOfRobotsOnBlackSite,numberOfRobotsOnWhiteSite
21297,23,18
timeStep,numberOfRobotsOnBlackSite,numberOfRobotsOnWhiteSite
21298,23,18
timeStep,numberOfRobotsOnBlackSite,numberOfRobotsOnWhiteSite
21299,23,18
timeStep,numberOfRobotsOnBlackSite,numberOfRobotsOnWhiteSite
21300,23,18
timeStep,numberOfRobotsOnBlackSite,numberOfRobotsOnWhiteSite
21301,23,18
timeStep,numberOfRobotsOnBlackSite,numberOfRobotsOnWhiteSite
21302,23,18
timeStep,numberOfRobotsOnBlackSite,numberOfRobotsOnWhiteSite
21303,23,18
timeStep,numberOfRobotsOnBlackSite,numberOfRobotsOnWhiteSite
21304,23,18
timeStep,numberOfRobotsOnBlackSite,numberOfRobotsOnWhiteSite
21305,24,18
timeStep,numberOfRobotsOnBlackSite,numberOfRobotsOnWhiteSite
21306,24,18
timeStep,numberOfRobotsOnBlackSite,numberOfRobotsOnWhiteSite
21307,24,18
timeStep,numberOfRobotsOnBlackSite,numberOfRobotsOnWhiteSite
21308,24,18
timeStep,numberOfRobotsOnBlackSite,numberOfRobotsOnWhiteSite
21309,24,18
timeStep,numberOfRobotsOnBlackSite,numberOfRobotsOnWhiteSite
21310,24,18
timeStep,numberOfRobotsOnBlackSite,numberOfRobotsOnWhiteSite
21311,24,18
timeStep,numberOfRobotsOnBlackSite,numberOfRobotsOnWhiteSite
21312,24,18
timeStep,numberOfRobotsOnBlackSite,numberOfRobotsOnWhiteSite
21313,24,18
timeStep,numberOfRobotsOnBlackSite,numberOfRobotsOnWhiteSite
21314,24,18
timeStep,numberOfRobotsOnBlackSite,numberOfRobotsOnWhiteSite
21315,24,18
timeStep,numberOfRobotsOnBlackSite,numberOfRobotsOnWhiteSite
21316,24,18
timeStep,numberOfRobotsOnBlackSite,numberOfRobotsOnWhiteSite
21317,24,18
timeStep,numberOfRobotsOnBlackSite,numberOfRobotsOnWhiteSite
21318,24,18
timeStep,numberOfRobotsOnBlackSite,numberOfRobotsOnWhiteSite
21319,24,18
timeStep,numberOfRobotsOnBlackSite,numberOfRobotsOnWhiteSite
21320,24,18
timeStep,numberOfRobotsOnBlackSite,numberOfRobotsOnWhiteSite
21321,24,18
timeStep,numberOfRobotsOnBlackSite,numberOfRobotsOnWhiteSite
21322,24,18
timeStep,numberOfRobotsOnBlackSite,numberOfRobotsOnWhiteSite
21323,24,18
timeStep,numberOfRobotsOnBlackSite,numberOfRobotsOnWhiteSite
21324,24,18
timeStep,numberOfRobotsOnBlackSite,numberOfRobotsOnWhiteSite
21325,24,18
timeStep,numberOfRobotsOnBlackSite,numberOfRobotsOnWhiteSite
21326,24,18
timeStep,numberOfRobotsOnBlackSite,numberOfRobotsOnWhiteSite
21327,24,18
timeStep,numberOfRobotsOnBlackSite,numberOfRobotsOnWhiteSite
21328,24,18
timeStep,numberOfRobotsOnBlackSite,numberOfRobotsOnWhiteSite
21329,24,18
timeStep,numberOfRobotsOnBlackSite,numberOfRobotsOnWhiteSite
21330,24,18
timeStep,numberOfRobotsOnBlackSite,numberOfRobotsOnWhiteSite
21331,24,18
timeStep,numberOfRobotsOnBlackSite,numberOfRobotsOnWhiteSite
21332,24,18
timeStep,numberOfRobotsOnBlackSite,numberOfRobotsOnWhiteSite
21333,24,18
timeStep,numberOfRobotsOnBlackSite,numberOfRobotsOnWhiteSite
21334,24,18
timeStep,numberOfRobotsOnBlackSite,numberOfRobotsOnWhiteSite
21335,24,18
timeStep,numberOfRobotsOnBlackSite,numberOfRobotsOnWhiteSite
21336,24,18
timeStep,numberOfRobotsOnBlackSite,numberOfRobotsOnWhiteSite
21337,24,18
timeStep,numberOfRobotsOnBlackSite,numberOfRobotsOnWhiteSite
21338,24,18
timeStep,numberOfRobotsOnBlackSite,numberOfRobotsOnWhiteSite
21339,24,18
timeStep,numberOfRobotsOnBlackSite,numberOfRobotsOnWhiteSite
21340,24,19
timeStep,numberOfRobotsOnBlackSite,numberOfRobotsOnWhiteSite
21341,24,19
timeStep,numberOfRobotsOnBlackSite,numberOfRobotsOnWhiteSite
21342,24,19
timeStep,numberOfRobotsOnBlackSite,numberOfRobotsOnWhiteSite
21343,24,19
timeStep,numberOfRobotsOnBlackSite,numberOfRobotsOnWhiteSite
21344,24,19
timeStep,numberOfRobotsOnBlackSite,numberOfRobotsOnWhiteSite
21345,24,19
timeStep,numberOfRobotsOnBlackSite,numberOfRobotsOnWhiteSite
21346,24,19
timeStep,numberOfRobotsOnBlackSite,numberOfRobotsOnWhiteSite
21347,24,19
timeStep,numberOfRobotsOnBlackSite,numberOfRobotsOnWhiteSite
21348,24,19
timeStep,numberOfRobotsOnBlackSite,numberOfRobotsOnWhiteSite
21349,24,19
timeStep,numberOfRobotsOnBlackSite,numberOfRobotsOnWhiteSite
21350,24,19
timeStep,numberOfRobotsOnBlackSite,numberOfRobotsOnWhiteSite
21351,24,19
timeStep,numberOfRobotsOnBlackSite,numberOfRobotsOnWhiteSite
21352,24,19
timeStep,numberOfRobotsOnBlackSite,numberOfRobotsOnWhiteSite
21353,24,19
timeStep,numberOfRobotsOnBlackSite,numberOfRobotsOnWhiteSite
21354,24,19
timeStep,numberOfRobotsOnBlackSite,numberOfRobotsOnWhiteSite
21355,24,19
timeStep,numberOfRobotsOnBlackSite,numberOfRobotsOnWhiteSite
21356,24,19
timeStep,numberOfRobotsOnBlackSite,numberOfRobotsOnWhiteSite
21357,24,19
timeStep,numberOfRobotsOnBlackSite,numberOfRobotsOnWhiteSite
21358,24,19
timeStep,numberOfRobotsOnBlackSite,numberOfRobotsOnWhiteSite
21359,24,19
timeStep,numberOfRobotsOnBlackSite,numberOfRobotsOnWhiteSite
21360,24,19
timeStep,numberOfRobotsOnBlackSite,numberOfRobotsOnWhiteSite
21361,24,19
timeStep,numberOfRobotsOnBlackSite,numberOfRobotsOnWhiteSite
21362,24,19
timeStep,numberOfRobotsOnBlackSite,numberOfRobotsOnWhiteSite
21363,24,19
timeStep,numberOfRobotsOnBlackSite,numberOfRobotsOnWhiteSite
21364,24,19
timeStep,numberOfRobotsOnBlackSite,numberOfRobotsOnWhiteSite
21365,24,19
timeStep,numberOfRobotsOnBlackSite,numberOfRobotsOnWhiteSite
21366,24,19
timeStep,numberOfRobotsOnBlackSite,numberOfRobotsOnWhiteSite
21367,24,19
timeStep,numberOfRobotsOnBlackSite,numberOfRobotsOnWhiteSite
21368,24,19
timeStep,numberOfRobotsOnBlackSite,numberOfRobotsOnWhiteSite
21369,24,19
timeStep,numberOfRobotsOnBlackSite,numberOfRobotsOnWhiteSite
21370,24,19
timeStep,numberOfRobotsOnBlackSite,numberOfRobotsOnWhiteSite
21371,24,19
timeStep,numberOfRobotsOnBlackSite,numberOfRobotsOnWhiteSite
21372,24,19
timeStep,numberOfRobotsOnBlackSite,numberOfRobotsOnWhiteSite
21373,24,19
timeStep,numberOfRobotsOnBlackSite,numberOfRobotsOnWhiteSite
21374,24,19
timeStep,numberOfRobotsOnBlackSite,numberOfRobotsOnWhiteSite
21375,24,19
timeStep,numberOfRobotsOnBlackSite,numberOfRobotsOnWhiteSite
21376,24,19
timeStep,numberOfRobotsOnBlackSite,numberOfRobotsOnWhiteSite
21377,24,19
timeStep,numberOfRobotsOnBlackSite,numberOfRobotsOnWhiteSite
21378,24,19
timeStep,numberOfRobotsOnBlackSite,numberOfRobotsOnWhiteSite
21379,24,19
timeStep,numberOfRobotsOnBlackSite,numberOfRobotsOnWhiteSite
21380,24,19
timeStep,numberOfRobotsOnBlackSite,numberOfRobotsOnWhiteSite
21381,24,19
timeStep,numberOfRobotsOnBlackSite,numberOfRobotsOnWhiteSite
21382,24,19
timeStep,numberOfRobotsOnBlackSite,numberOfRobotsOnWhiteSite
21383,24,19
timeStep,numberOfRobotsOnBlackSite,numberOfRobotsOnWhiteSite
21384,24,19
timeStep,numberOfRobotsOnBlackSite,numberOfRobotsOnWhiteSite
21385,24,19
timeStep,numberOfRobotsOnBlackSite,numberOfRobotsOnWhiteSite
21386,24,19
timeStep,numberOfRobotsOnBlackSite,numberOfRobotsOnWhiteSite
21387,24,19
timeStep,numberOfRobotsOnBlackSite,numberOfRobotsOnWhiteSite
21388,24,19
timeStep,numberOfRobotsOnBlackSite,numberOfRobotsOnWhiteSite
21389,24,19
timeStep,numberOfRobotsOnBlackSite,numberOfRobotsOnWhiteSite
21390,24,19
timeStep,numberOfRobotsOnBlackSite,numberOfRobotsOnWhiteSite
21391,24,19
timeStep,numberOfRobotsOnBlackSite,numberOfRobotsOnWhiteSite
21392,24,19
timeStep,numberOfRobotsOnBlackSite,numberOfRobotsOnWhiteSite
21393,24,19
timeStep,numberOfRobotsOnBlackSite,numberOfRobotsOnWhiteSite
21394,24,19
timeStep,numberOfRobotsOnBlackSite,numberOfRobotsOnWhiteSite
21395,24,19
timeStep,numberOfRobotsOnBlackSite,numberOfRobotsOnWhiteSite
21396,24,19
timeStep,numberOfRobotsOnBlackSite,numberOfRobotsOnWhiteSite
21397,24,19
timeStep,numberOfRobotsOnBlackSite,numberOfRobotsOnWhiteSite
21398,24,19
timeStep,numberOfRobotsOnBlackSite,numberOfRobotsOnWhiteSite
21399,24,19
timeStep,numberOfRobotsOnBlackSite,numberOfRobotsOnWhiteSite
21400,24,19
timeStep,numberOfRobotsOnBlackSite,numberOfRobotsOnWhiteSite
21401,24,19
timeStep,numberOfRobotsOnBlackSite,numberOfRobotsOnWhiteSite
21402,24,19
timeStep,numberOfRobotsOnBlackSite,numberOfRobotsOnWhiteSite
21403,24,19
timeStep,numberOfRobotsOnBlackSite,numberOfRobotsOnWhiteSite
21404,24,19
timeStep,numberOfRobotsOnBlackSite,numberOfRobotsOnWhiteSite
21405,24,19
timeStep,numberOfRobotsOnBlackSite,numberOfRobotsOnWhiteSite
21406,24,19
timeStep,numberOfRobotsOnBlackSite,numberOfRobotsOnWhiteSite
21407,24,19
timeStep,numberOfRobotsOnBlackSite,numberOfRobotsOnWhiteSite
21408,24,19
timeStep,numberOfRobotsOnBlackSite,numberOfRobotsOnWhiteSite
21409,24,19
timeStep,numberOfRobotsOnBlackSite,numberOfRobotsOnWhiteSite
21410,24,19
timeStep,numberOfRobotsOnBlackSite,numberOfRobotsOnWhiteSite
21411,24,19
timeStep,numberOfRobotsOnBlackSite,numberOfRobotsOnWhiteSite
21412,24,19
timeStep,numberOfRobotsOnBlackSite,numberOfRobotsOnWhiteSite
21413,24,19
timeStep,numberOfRobotsOnBlackSite,numberOfRobotsOnWhiteSite
21414,24,19
timeStep,numberOfRobotsOnBlackSite,numberOfRobotsOnWhiteSite
21415,23,19
timeStep,numberOfRobotsOnBlackSite,numberOfRobotsOnWhiteSite
21416,23,19
timeStep,numberOfRobotsOnBlackSite,numberOfRobotsOnWhiteSite
21417,23,19
timeStep,numberOfRobotsOnBlackSite,numberOfRobotsOnWhiteSite
21418,23,19
timeStep,numberOfRobotsOnBlackSite,numberOfRobotsOnWhiteSite
21419,23,19
timeStep,numberOfRobotsOnBlackSite,numberOfRobotsOnWhiteSite
21420,23,19
timeStep,numberOfRobotsOnBlackSite,numberOfRobotsOnWhiteSite
21421,23,19
timeStep,numberOfRobotsOnBlackSite,numberOfRobotsOnWhiteSite
21422,23,19
timeStep,numberOfRobotsOnBlackSite,numberOfRobotsOnWhiteSite
21423,23,19
timeStep,numberOfRobotsOnBlackSite,numberOfRobotsOnWhiteSite
21424,23,19
timeStep,numberOfRobotsOnBlackSite,numberOfRobotsOnWhiteSite
21425,23,19
timeStep,numberOfRobotsOnBlackSite,numberOfRobotsOnWhiteSite
21426,23,19
timeStep,numberOfRobotsOnBlackSite,numberOfRobotsOnWhiteSite
21427,23,19
timeStep,numberOfRobotsOnBlackSite,numberOfRobotsOnWhiteSite
21428,23,19
timeStep,numberOfRobotsOnBlackSite,numberOfRobotsOnWhiteSite
21429,23,19
timeStep,numberOfRobotsOnBlackSite,numberOfRobotsOnWhiteSite
21430,23,19
timeStep,numberOfRobotsOnBlackSite,numberOfRobotsOnWhiteSite
21431,23,19
timeStep,numberOfRobotsOnBlackSite,numberOfRobotsOnWhiteSite
21432,23,19
timeStep,numberOfRobotsOnBlackSite,numberOfRobotsOnWhiteSite
21433,23,19
timeStep,numberOfRobotsOnBlackSite,numberOfRobotsOnWhiteSite
21434,23,19
timeStep,numberOfRobotsOnBlackSite,numberOfRobotsOnWhiteSite
21435,23,19
timeStep,numberOfRobotsOnBlackSite,numberOfRobotsOnWhiteSite
21436,23,19
timeStep,numberOfRobotsOnBlackSite,numberOfRobotsOnWhiteSite
21437,23,19
timeStep,numberOfRobotsOnBlackSite,numberOfRobotsOnWhiteSite
21438,23,19
timeStep,numberOfRobotsOnBlackSite,numberOfRobotsOnWhiteSite
21439,23,19
timeStep,numberOfRobotsOnBlackSite,numberOfRobotsOnWhiteSite
21440,23,19
timeStep,numberOfRobotsOnBlackSite,numberOfRobotsOnWhiteSite
21441,23,19
timeStep,numberOfRobotsOnBlackSite,numberOfRobotsOnWhiteSite
21442,23,19
timeStep,numberOfRobotsOnBlackSite,numberOfRobotsOnWhiteSite
21443,23,19
timeStep,numberOfRobotsOnBlackSite,numberOfRobotsOnWhiteSite
21444,23,19
timeStep,numberOfRobotsOnBlackSite,numberOfRobotsOnWhiteSite
21445,23,19
timeStep,numberOfRobotsOnBlackSite,numberOfRobotsOnWhiteSite
21446,23,19
timeStep,numberOfRobotsOnBlackSite,numberOfRobotsOnWhiteSite
21447,23,19
timeStep,numberOfRobotsOnBlackSite,numberOfRobotsOnWhiteSite
21448,23,19
timeStep,numberOfRobotsOnBlackSite,numberOfRobotsOnWhiteSite
21449,23,19
timeStep,numberOfRobotsOnBlackSite,numberOfRobotsOnWhiteSite
21450,23,19
timeStep,numberOfRobotsOnBlackSite,numberOfRobotsOnWhiteSite
21451,23,19
timeStep,numberOfRobotsOnBlackSite,numberOfRobotsOnWhiteSite
21452,23,19
timeStep,numberOfRobotsOnBlackSite,numberOfRobotsOnWhiteSite
21453,23,19
timeStep,numberOfRobotsOnBlackSite,numberOfRobotsOnWhiteSite
21454,23,19
timeStep,numberOfRobotsOnBlackSite,numberOfRobotsOnWhiteSite
21455,23,19
timeStep,numberOfRobotsOnBlackSite,numberOfRobotsOnWhiteSite
21456,23,19
timeStep,numberOfRobotsOnBlackSite,numberOfRobotsOnWhiteSite
21457,23,19
timeStep,numberOfRobotsOnBlackSite,numberOfRobotsOnWhiteSite
21458,23,19
timeStep,numberOfRobotsOnBlackSite,numberOfRobotsOnWhiteSite
21459,23,19
timeStep,numberOfRobotsOnBlackSite,numberOfRobotsOnWhiteSite
21460,23,19
timeStep,numberOfRobotsOnBlackSite,numberOfRobotsOnWhiteSite
21461,23,19
timeStep,numberOfRobotsOnBlackSite,numberOfRobotsOnWhiteSite
21462,23,19
timeStep,numberOfRobotsOnBlackSite,numberOfRobotsOnWhiteSite
21463,23,19
timeStep,numberOfRobotsOnBlackSite,numberOfRobotsOnWhiteSite
21464,23,19
timeStep,numberOfRobotsOnBlackSite,numberOfRobotsOnWhiteSite
21465,23,19
timeStep,numberOfRobotsOnBlackSite,numberOfRobotsOnWhiteSite
21466,23,19
timeStep,numberOfRobotsOnBlackSite,numberOfRobotsOnWhiteSite
21467,23,19
timeStep,numberOfRobotsOnBlackSite,numberOfRobotsOnWhiteSite
21468,23,19
timeStep,numberOfRobotsOnBlackSite,numberOfRobotsOnWhiteSite
21469,23,19
timeStep,numberOfRobotsOnBlackSite,numberOfRobotsOnWhiteSite
21470,23,18
timeStep,numberOfRobotsOnBlackSite,numberOfRobotsOnWhiteSite
21471,23,18
timeStep,numberOfRobotsOnBlackSite,numberOfRobotsOnWhiteSite
21472,23,18
timeStep,numberOfRobotsOnBlackSite,numberOfRobotsOnWhiteSite
21473,23,18
timeStep,numberOfRobotsOnBlackSite,numberOfRobotsOnWhiteSite
21474,23,18
timeStep,numberOfRobotsOnBlackSite,numberOfRobotsOnWhiteSite
21475,23,18
timeStep,numberOfRobotsOnBlackSite,numberOfRobotsOnWhiteSite
21476,23,18
timeStep,numberOfRobotsOnBlackSite,numberOfRobotsOnWhiteSite
21477,23,18
timeStep,numberOfRobotsOnBlackSite,numberOfRobotsOnWhiteSite
21478,23,18
timeStep,numberOfRobotsOnBlackSite,numberOfRobotsOnWhiteSite
21479,23,18
timeStep,numberOfRobotsOnBlackSite,numberOfRobotsOnWhiteSite
21480,23,17
timeStep,numberOfRobotsOnBlackSite,numberOfRobotsOnWhiteSite
21481,23,17
timeStep,numberOfRobotsOnBlackSite,numberOfRobotsOnWhiteSite
21482,23,17
timeStep,numberOfRobotsOnBlackSite,numberOfRobotsOnWhiteSite
21483,23,17
timeStep,numberOfRobotsOnBlackSite,numberOfRobotsOnWhiteSite
21484,23,17
timeStep,numberOfRobotsOnBlackSite,numberOfRobotsOnWhiteSite
21485,23,17
timeStep,numberOfRobotsOnBlackSite,numberOfRobotsOnWhiteSite
21486,23,17
timeStep,numberOfRobotsOnBlackSite,numberOfRobotsOnWhiteSite
21487,23,17
timeStep,numberOfRobotsOnBlackSite,numberOfRobotsOnWhiteSite
21488,23,17
timeStep,numberOfRobotsOnBlackSite,numberOfRobotsOnWhiteSite
21489,23,17
timeStep,numberOfRobotsOnBlackSite,numberOfRobotsOnWhiteSite
21490,23,17
timeStep,numberOfRobotsOnBlackSite,numberOfRobotsOnWhiteSite
21491,23,17
timeStep,numberOfRobotsOnBlackSite,numberOfRobotsOnWhiteSite
21492,23,17
timeStep,numberOfRobotsOnBlackSite,numberOfRobotsOnWhiteSite
21493,23,17
timeStep,numberOfRobotsOnBlackSite,numberOfRobotsOnWhiteSite
21494,23,17
timeStep,numberOfRobotsOnBlackSite,numberOfRobotsOnWhiteSite
21495,23,17
timeStep,numberOfRobotsOnBlackSite,numberOfRobotsOnWhiteSite
21496,23,17
timeStep,numberOfRobotsOnBlackSite,numberOfRobotsOnWhiteSite
21497,23,17
timeStep,numberOfRobotsOnBlackSite,numberOfRobotsOnWhiteSite
21498,23,17
timeStep,numberOfRobotsOnBlackSite,numberOfRobotsOnWhiteSite
21499,23,17
timeStep,numberOfRobotsOnBlackSite,numberOfRobotsOnWhiteSite
21500,23,17
timeStep,numberOfRobotsOnBlackSite,numberOfRobotsOnWhiteSite
21501,23,17
timeStep,numberOfRobotsOnBlackSite,numberOfRobotsOnWhiteSite
21502,23,17
timeStep,numberOfRobotsOnBlackSite,numberOfRobotsOnWhiteSite
21503,23,17
timeStep,numberOfRobotsOnBlackSite,numberOfRobotsOnWhiteSite
21504,23,17
timeStep,numberOfRobotsOnBlackSite,numberOfRobotsOnWhiteSite
21505,23,17
timeStep,numberOfRobotsOnBlackSite,numberOfRobotsOnWhiteSite
21506,23,17
timeStep,numberOfRobotsOnBlackSite,numberOfRobotsOnWhiteSite
21507,23,17
timeStep,numberOfRobotsOnBlackSite,numberOfRobotsOnWhiteSite
21508,23,17
timeStep,numberOfRobotsOnBlackSite,numberOfRobotsOnWhiteSite
21509,23,17
timeStep,numberOfRobotsOnBlackSite,numberOfRobotsOnWhiteSite
21510,23,17
timeStep,numberOfRobotsOnBlackSite,numberOfRobotsOnWhiteSite
21511,23,17
timeStep,numberOfRobotsOnBlackSite,numberOfRobotsOnWhiteSite
21512,23,17
timeStep,numberOfRobotsOnBlackSite,numberOfRobotsOnWhiteSite
21513,23,17
timeStep,numberOfRobotsOnBlackSite,numberOfRobotsOnWhiteSite
21514,23,17
timeStep,numberOfRobotsOnBlackSite,numberOfRobotsOnWhiteSite
21515,23,17
timeStep,numberOfRobotsOnBlackSite,numberOfRobotsOnWhiteSite
21516,23,17
timeStep,numberOfRobotsOnBlackSite,numberOfRobotsOnWhiteSite
21517,23,17
timeStep,numberOfRobotsOnBlackSite,numberOfRobotsOnWhiteSite
21518,23,17
timeStep,numberOfRobotsOnBlackSite,numberOfRobotsOnWhiteSite
21519,23,17
timeStep,numberOfRobotsOnBlackSite,numberOfRobotsOnWhiteSite
21520,23,17
timeStep,numberOfRobotsOnBlackSite,numberOfRobotsOnWhiteSite
21521,23,17
timeStep,numberOfRobotsOnBlackSite,numberOfRobotsOnWhiteSite
21522,23,17
timeStep,numberOfRobotsOnBlackSite,numberOfRobotsOnWhiteSite
21523,23,17
timeStep,numberOfRobotsOnBlackSite,numberOfRobotsOnWhiteSite
21524,23,17
timeStep,numberOfRobotsOnBlackSite,numberOfRobotsOnWhiteSite
21525,23,17
timeStep,numberOfRobotsOnBlackSite,numberOfRobotsOnWhiteSite
21526,23,17
timeStep,numberOfRobotsOnBlackSite,numberOfRobotsOnWhiteSite
21527,23,17
timeStep,numberOfRobotsOnBlackSite,numberOfRobotsOnWhiteSite
21528,23,17
timeStep,numberOfRobotsOnBlackSite,numberOfRobotsOnWhiteSite
21529,23,17
timeStep,numberOfRobotsOnBlackSite,numberOfRobotsOnWhiteSite
21530,23,17
timeStep,numberOfRobotsOnBlackSite,numberOfRobotsOnWhiteSite
21531,23,17
timeStep,numberOfRobotsOnBlackSite,numberOfRobotsOnWhiteSite
21532,23,17
timeStep,numberOfRobotsOnBlackSite,numberOfRobotsOnWhiteSite
21533,23,17
timeStep,numberOfRobotsOnBlackSite,numberOfRobotsOnWhiteSite
21534,23,17
timeStep,numberOfRobotsOnBlackSite,numberOfRobotsOnWhiteSite
21535,23,18
timeStep,numberOfRobotsOnBlackSite,numberOfRobotsOnWhiteSite
21536,23,18
timeStep,numberOfRobotsOnBlackSite,numberOfRobotsOnWhiteSite
21537,23,18
timeStep,numberOfRobotsOnBlackSite,numberOfRobotsOnWhiteSite
21538,23,18
timeStep,numberOfRobotsOnBlackSite,numberOfRobotsOnWhiteSite
21539,23,18
timeStep,numberOfRobotsOnBlackSite,numberOfRobotsOnWhiteSite
21540,23,18
timeStep,numberOfRobotsOnBlackSite,numberOfRobotsOnWhiteSite
21541,23,18
timeStep,numberOfRobotsOnBlackSite,numberOfRobotsOnWhiteSite
21542,23,18
timeStep,numberOfRobotsOnBlackSite,numberOfRobotsOnWhiteSite
21543,23,18
timeStep,numberOfRobotsOnBlackSite,numberOfRobotsOnWhiteSite
21544,23,18
timeStep,numberOfRobotsOnBlackSite,numberOfRobotsOnWhiteSite
21545,23,18
timeStep,numberOfRobotsOnBlackSite,numberOfRobotsOnWhiteSite
21546,23,18
timeStep,numberOfRobotsOnBlackSite,numberOfRobotsOnWhiteSite
21547,23,18
timeStep,numberOfRobotsOnBlackSite,numberOfRobotsOnWhiteSite
21548,23,18
timeStep,numberOfRobotsOnBlackSite,numberOfRobotsOnWhiteSite
21549,23,18
timeStep,numberOfRobotsOnBlackSite,numberOfRobotsOnWhiteSite
21550,23,18
timeStep,numberOfRobotsOnBlackSite,numberOfRobotsOnWhiteSite
21551,23,18
timeStep,numberOfRobotsOnBlackSite,numberOfRobotsOnWhiteSite
21552,23,18
timeStep,numberOfRobotsOnBlackSite,numberOfRobotsOnWhiteSite
21553,23,18
timeStep,numberOfRobotsOnBlackSite,numberOfRobotsOnWhiteSite
21554,23,18
timeStep,numberOfRobotsOnBlackSite,numberOfRobotsOnWhiteSite
21555,23,18
timeStep,numberOfRobotsOnBlackSite,numberOfRobotsOnWhiteSite
21556,23,18
timeStep,numberOfRobotsOnBlackSite,numberOfRobotsOnWhiteSite
21557,23,18
timeStep,numberOfRobotsOnBlackSite,numberOfRobotsOnWhiteSite
21558,23,18
timeStep,numberOfRobotsOnBlackSite,numberOfRobotsOnWhiteSite
21559,23,18
timeStep,numberOfRobotsOnBlackSite,numberOfRobotsOnWhiteSite
21560,23,18
timeStep,numberOfRobotsOnBlackSite,numberOfRobotsOnWhiteSite
21561,23,18
timeStep,numberOfRobotsOnBlackSite,numberOfRobotsOnWhiteSite
21562,23,18
timeStep,numberOfRobotsOnBlackSite,numberOfRobotsOnWhiteSite
21563,23,18
timeStep,numberOfRobotsOnBlackSite,numberOfRobotsOnWhiteSite
21564,23,18
timeStep,numberOfRobotsOnBlackSite,numberOfRobotsOnWhiteSite
21565,23,18
timeStep,numberOfRobotsOnBlackSite,numberOfRobotsOnWhiteSite
21566,23,18
timeStep,numberOfRobotsOnBlackSite,numberOfRobotsOnWhiteSite
21567,23,18
timeStep,numberOfRobotsOnBlackSite,numberOfRobotsOnWhiteSite
21568,23,18
timeStep,numberOfRobotsOnBlackSite,numberOfRobotsOnWhiteSite
21569,23,18
timeStep,numberOfRobotsOnBlackSite,numberOfRobotsOnWhiteSite
21570,23,18
timeStep,numberOfRobotsOnBlackSite,numberOfRobotsOnWhiteSite
21571,23,18
timeStep,numberOfRobotsOnBlackSite,numberOfRobotsOnWhiteSite
21572,23,18
timeStep,numberOfRobotsOnBlackSite,numberOfRobotsOnWhiteSite
21573,23,18
timeStep,numberOfRobotsOnBlackSite,numberOfRobotsOnWhiteSite
21574,23,18
timeStep,numberOfRobotsOnBlackSite,numberOfRobotsOnWhiteSite
21575,23,18
timeStep,numberOfRobotsOnBlackSite,numberOfRobotsOnWhiteSite
21576,23,18
timeStep,numberOfRobotsOnBlackSite,numberOfRobotsOnWhiteSite
21577,23,18
timeStep,numberOfRobotsOnBlackSite,numberOfRobotsOnWhiteSite
21578,23,18
timeStep,numberOfRobotsOnBlackSite,numberOfRobotsOnWhiteSite
21579,23,18
timeStep,numberOfRobotsOnBlackSite,numberOfRobotsOnWhiteSite
21580,23,18
timeStep,numberOfRobotsOnBlackSite,numberOfRobotsOnWhiteSite
21581,23,18
timeStep,numberOfRobotsOnBlackSite,numberOfRobotsOnWhiteSite
21582,23,18
timeStep,numberOfRobotsOnBlackSite,numberOfRobotsOnWhiteSite
21583,23,18
timeStep,numberOfRobotsOnBlackSite,numberOfRobotsOnWhiteSite
21584,23,18
timeStep,numberOfRobotsOnBlackSite,numberOfRobotsOnWhiteSite
21585,23,19
timeStep,numberOfRobotsOnBlackSite,numberOfRobotsOnWhiteSite
21586,23,19
timeStep,numberOfRobotsOnBlackSite,numberOfRobotsOnWhiteSite
21587,23,19
timeStep,numberOfRobotsOnBlackSite,numberOfRobotsOnWhiteSite
21588,23,19
timeStep,numberOfRobotsOnBlackSite,numberOfRobotsOnWhiteSite
21589,23,19
timeStep,numberOfRobotsOnBlackSite,numberOfRobotsOnWhiteSite
21590,23,19
timeStep,numberOfRobotsOnBlackSite,numberOfRobotsOnWhiteSite
21591,23,19
timeStep,numberOfRobotsOnBlackSite,numberOfRobotsOnWhiteSite
21592,23,19
timeStep,numberOfRobotsOnBlackSite,numberOfRobotsOnWhiteSite
21593,23,19
timeStep,numberOfRobotsOnBlackSite,numberOfRobotsOnWhiteSite
21594,23,19
timeStep,numberOfRobotsOnBlackSite,numberOfRobotsOnWhiteSite
21595,22,18
timeStep,numberOfRobotsOnBlackSite,numberOfRobotsOnWhiteSite
21596,22,18
timeStep,numberOfRobotsOnBlackSite,numberOfRobotsOnWhiteSite
21597,22,18
timeStep,numberOfRobotsOnBlackSite,numberOfRobotsOnWhiteSite
21598,22,18
timeStep,numberOfRobotsOnBlackSite,numberOfRobotsOnWhiteSite
21599,22,18
timeStep,numberOfRobotsOnBlackSite,numberOfRobotsOnWhiteSite
21600,22,18
timeStep,numberOfRobotsOnBlackSite,numberOfRobotsOnWhiteSite
21601,22,18
timeStep,numberOfRobotsOnBlackSite,numberOfRobotsOnWhiteSite
21602,22,18
timeStep,numberOfRobotsOnBlackSite,numberOfRobotsOnWhiteSite
21603,22,18
timeStep,numberOfRobotsOnBlackSite,numberOfRobotsOnWhiteSite
21604,22,18
timeStep,numberOfRobotsOnBlackSite,numberOfRobotsOnWhiteSite
21605,22,18
timeStep,numberOfRobotsOnBlackSite,numberOfRobotsOnWhiteSite
21606,22,18
timeStep,numberOfRobotsOnBlackSite,numberOfRobotsOnWhiteSite
21607,22,18
timeStep,numberOfRobotsOnBlackSite,numberOfRobotsOnWhiteSite
21608,22,18
timeStep,numberOfRobotsOnBlackSite,numberOfRobotsOnWhiteSite
21609,22,18
timeStep,numberOfRobotsOnBlackSite,numberOfRobotsOnWhiteSite
21610,22,18
timeStep,numberOfRobotsOnBlackSite,numberOfRobotsOnWhiteSite
21611,22,18
timeStep,numberOfRobotsOnBlackSite,numberOfRobotsOnWhiteSite
21612,22,18
timeStep,numberOfRobotsOnBlackSite,numberOfRobotsOnWhiteSite
21613,22,18
timeStep,numberOfRobotsOnBlackSite,numberOfRobotsOnWhiteSite
21614,22,18
timeStep,numberOfRobotsOnBlackSite,numberOfRobotsOnWhiteSite
21615,22,18
timeStep,numberOfRobotsOnBlackSite,numberOfRobotsOnWhiteSite
21616,22,18
timeStep,numberOfRobotsOnBlackSite,numberOfRobotsOnWhiteSite
21617,22,18
timeStep,numberOfRobotsOnBlackSite,numberOfRobotsOnWhiteSite
21618,22,18
timeStep,numberOfRobotsOnBlackSite,numberOfRobotsOnWhiteSite
21619,22,18
timeStep,numberOfRobotsOnBlackSite,numberOfRobotsOnWhiteSite
21620,22,18
timeStep,numberOfRobotsOnBlackSite,numberOfRobotsOnWhiteSite
21621,22,18
timeStep,numberOfRobotsOnBlackSite,numberOfRobotsOnWhiteSite
21622,22,18
timeStep,numberOfRobotsOnBlackSite,numberOfRobotsOnWhiteSite
21623,22,18
timeStep,numberOfRobotsOnBlackSite,numberOfRobotsOnWhiteSite
21624,22,18
timeStep,numberOfRobotsOnBlackSite,numberOfRobotsOnWhiteSite
21625,22,18
timeStep,numberOfRobotsOnBlackSite,numberOfRobotsOnWhiteSite
21626,22,18
timeStep,numberOfRobotsOnBlackSite,numberOfRobotsOnWhiteSite
21627,22,18
timeStep,numberOfRobotsOnBlackSite,numberOfRobotsOnWhiteSite
21628,22,18
timeStep,numberOfRobotsOnBlackSite,numberOfRobotsOnWhiteSite
21629,22,18
timeStep,numberOfRobotsOnBlackSite,numberOfRobotsOnWhiteSite
21630,23,18
timeStep,numberOfRobotsOnBlackSite,numberOfRobotsOnWhiteSite
21631,23,18
timeStep,numberOfRobotsOnBlackSite,numberOfRobotsOnWhiteSite
21632,23,18
timeStep,numberOfRobotsOnBlackSite,numberOfRobotsOnWhiteSite
21633,23,18
timeStep,numberOfRobotsOnBlackSite,numberOfRobotsOnWhiteSite
21634,23,18
timeStep,numberOfRobotsOnBlackSite,numberOfRobotsOnWhiteSite
21635,23,18
timeStep,numberOfRobotsOnBlackSite,numberOfRobotsOnWhiteSite
21636,23,18
timeStep,numberOfRobotsOnBlackSite,numberOfRobotsOnWhiteSite
21637,23,18
timeStep,numberOfRobotsOnBlackSite,numberOfRobotsOnWhiteSite
21638,23,18
timeStep,numberOfRobotsOnBlackSite,numberOfRobotsOnWhiteSite
21639,23,18
timeStep,numberOfRobotsOnBlackSite,numberOfRobotsOnWhiteSite
21640,23,18
timeStep,numberOfRobotsOnBlackSite,numberOfRobotsOnWhiteSite
21641,23,18
timeStep,numberOfRobotsOnBlackSite,numberOfRobotsOnWhiteSite
21642,23,18
timeStep,numberOfRobotsOnBlackSite,numberOfRobotsOnWhiteSite
21643,23,18
timeStep,numberOfRobotsOnBlackSite,numberOfRobotsOnWhiteSite
21644,23,18
timeStep,numberOfRobotsOnBlackSite,numberOfRobotsOnWhiteSite
21645,24,18
timeStep,numberOfRobotsOnBlackSite,numberOfRobotsOnWhiteSite
21646,24,18
timeStep,numberOfRobotsOnBlackSite,numberOfRobotsOnWhiteSite
21647,24,18
timeStep,numberOfRobotsOnBlackSite,numberOfRobotsOnWhiteSite
21648,24,18
timeStep,numberOfRobotsOnBlackSite,numberOfRobotsOnWhiteSite
21649,24,18
timeStep,numberOfRobotsOnBlackSite,numberOfRobotsOnWhiteSite
21650,24,18
timeStep,numberOfRobotsOnBlackSite,numberOfRobotsOnWhiteSite
21651,24,18
timeStep,numberOfRobotsOnBlackSite,numberOfRobotsOnWhiteSite
21652,24,18
timeStep,numberOfRobotsOnBlackSite,numberOfRobotsOnWhiteSite
21653,24,18
timeStep,numberOfRobotsOnBlackSite,numberOfRobotsOnWhiteSite
21654,24,18
timeStep,numberOfRobotsOnBlackSite,numberOfRobotsOnWhiteSite
21655,24,18
timeStep,numberOfRobotsOnBlackSite,numberOfRobotsOnWhiteSite
21656,24,18
timeStep,numberOfRobotsOnBlackSite,numberOfRobotsOnWhiteSite
21657,24,18
timeStep,numberOfRobotsOnBlackSite,numberOfRobotsOnWhiteSite
21658,24,18
timeStep,numberOfRobotsOnBlackSite,numberOfRobotsOnWhiteSite
21659,24,18
timeStep,numberOfRobotsOnBlackSite,numberOfRobotsOnWhiteSite
21660,24,18
timeStep,numberOfRobotsOnBlackSite,numberOfRobotsOnWhiteSite
21661,24,18
timeStep,numberOfRobotsOnBlackSite,numberOfRobotsOnWhiteSite
21662,24,18
timeStep,numberOfRobotsOnBlackSite,numberOfRobotsOnWhiteSite
21663,24,18
timeStep,numberOfRobotsOnBlackSite,numberOfRobotsOnWhiteSite
21664,24,18
timeStep,numberOfRobotsOnBlackSite,numberOfRobotsOnWhiteSite
21665,23,18
timeStep,numberOfRobotsOnBlackSite,numberOfRobotsOnWhiteSite
21666,23,18
timeStep,numberOfRobotsOnBlackSite,numberOfRobotsOnWhiteSite
21667,23,18
timeStep,numberOfRobotsOnBlackSite,numberOfRobotsOnWhiteSite
21668,23,18
timeStep,numberOfRobotsOnBlackSite,numberOfRobotsOnWhiteSite
21669,23,18
timeStep,numberOfRobotsOnBlackSite,numberOfRobotsOnWhiteSite
21670,22,18
timeStep,numberOfRobotsOnBlackSite,numberOfRobotsOnWhiteSite
21671,22,18
timeStep,numberOfRobotsOnBlackSite,numberOfRobotsOnWhiteSite
21672,22,18
timeStep,numberOfRobotsOnBlackSite,numberOfRobotsOnWhiteSite
21673,22,18
timeStep,numberOfRobotsOnBlackSite,numberOfRobotsOnWhiteSite
21674,22,18
timeStep,numberOfRobotsOnBlackSite,numberOfRobotsOnWhiteSite
21675,22,18
timeStep,numberOfRobotsOnBlackSite,numberOfRobotsOnWhiteSite
21676,22,18
timeStep,numberOfRobotsOnBlackSite,numberOfRobotsOnWhiteSite
21677,22,18
timeStep,numberOfRobotsOnBlackSite,numberOfRobotsOnWhiteSite
21678,22,18
timeStep,numberOfRobotsOnBlackSite,numberOfRobotsOnWhiteSite
21679,22,18
timeStep,numberOfRobotsOnBlackSite,numberOfRobotsOnWhiteSite
21680,22,18
timeStep,numberOfRobotsOnBlackSite,numberOfRobotsOnWhiteSite
21681,22,18
timeStep,numberOfRobotsOnBlackSite,numberOfRobotsOnWhiteSite
21682,22,18
timeStep,numberOfRobotsOnBlackSite,numberOfRobotsOnWhiteSite
21683,22,18
timeStep,numberOfRobotsOnBlackSite,numberOfRobotsOnWhiteSite
21684,22,18
timeStep,numberOfRobotsOnBlackSite,numberOfRobotsOnWhiteSite
21685,22,18
timeStep,numberOfRobotsOnBlackSite,numberOfRobotsOnWhiteSite
21686,22,18
timeStep,numberOfRobotsOnBlackSite,numberOfRobotsOnWhiteSite
21687,22,18
timeStep,numberOfRobotsOnBlackSite,numberOfRobotsOnWhiteSite
21688,22,18
timeStep,numberOfRobotsOnBlackSite,numberOfRobotsOnWhiteSite
21689,22,18
timeStep,numberOfRobotsOnBlackSite,numberOfRobotsOnWhiteSite
21690,22,18
timeStep,numberOfRobotsOnBlackSite,numberOfRobotsOnWhiteSite
21691,22,18
timeStep,numberOfRobotsOnBlackSite,numberOfRobotsOnWhiteSite
21692,22,18
timeStep,numberOfRobotsOnBlackSite,numberOfRobotsOnWhiteSite
21693,22,18
timeStep,numberOfRobotsOnBlackSite,numberOfRobotsOnWhiteSite
21694,22,18
timeStep,numberOfRobotsOnBlackSite,numberOfRobotsOnWhiteSite
21695,22,18
timeStep,numberOfRobotsOnBlackSite,numberOfRobotsOnWhiteSite
21696,22,18
timeStep,numberOfRobotsOnBlackSite,numberOfRobotsOnWhiteSite
21697,22,18
timeStep,numberOfRobotsOnBlackSite,numberOfRobotsOnWhiteSite
21698,22,18
timeStep,numberOfRobotsOnBlackSite,numberOfRobotsOnWhiteSite
21699,22,18
timeStep,numberOfRobotsOnBlackSite,numberOfRobotsOnWhiteSite
21700,22,18
timeStep,numberOfRobotsOnBlackSite,numberOfRobotsOnWhiteSite
21701,22,18
timeStep,numberOfRobotsOnBlackSite,numberOfRobotsOnWhiteSite
21702,22,18
timeStep,numberOfRobotsOnBlackSite,numberOfRobotsOnWhiteSite
21703,22,18
timeStep,numberOfRobotsOnBlackSite,numberOfRobotsOnWhiteSite
21704,22,18
timeStep,numberOfRobotsOnBlackSite,numberOfRobotsOnWhiteSite
21705,22,18
timeStep,numberOfRobotsOnBlackSite,numberOfRobotsOnWhiteSite
21706,22,18
timeStep,numberOfRobotsOnBlackSite,numberOfRobotsOnWhiteSite
21707,22,18
timeStep,numberOfRobotsOnBlackSite,numberOfRobotsOnWhiteSite
21708,22,18
timeStep,numberOfRobotsOnBlackSite,numberOfRobotsOnWhiteSite
21709,22,18
timeStep,numberOfRobotsOnBlackSite,numberOfRobotsOnWhiteSite
21710,22,18
timeStep,numberOfRobotsOnBlackSite,numberOfRobotsOnWhiteSite
21711,22,18
timeStep,numberOfRobotsOnBlackSite,numberOfRobotsOnWhiteSite
21712,22,18
timeStep,numberOfRobotsOnBlackSite,numberOfRobotsOnWhiteSite
21713,22,18
timeStep,numberOfRobotsOnBlackSite,numberOfRobotsOnWhiteSite
21714,22,18
timeStep,numberOfRobotsOnBlackSite,numberOfRobotsOnWhiteSite
21715,23,19
timeStep,numberOfRobotsOnBlackSite,numberOfRobotsOnWhiteSite
21716,23,19
timeStep,numberOfRobotsOnBlackSite,numberOfRobotsOnWhiteSite
21717,23,19
timeStep,numberOfRobotsOnBlackSite,numberOfRobotsOnWhiteSite
21718,23,19
timeStep,numberOfRobotsOnBlackSite,numberOfRobotsOnWhiteSite
21719,23,19
timeStep,numberOfRobotsOnBlackSite,numberOfRobotsOnWhiteSite
21720,23,19
timeStep,numberOfRobotsOnBlackSite,numberOfRobotsOnWhiteSite
21721,23,19
timeStep,numberOfRobotsOnBlackSite,numberOfRobotsOnWhiteSite
21722,23,19
timeStep,numberOfRobotsOnBlackSite,numberOfRobotsOnWhiteSite
21723,23,19
timeStep,numberOfRobotsOnBlackSite,numberOfRobotsOnWhiteSite
21724,23,19
timeStep,numberOfRobotsOnBlackSite,numberOfRobotsOnWhiteSite
21725,23,19
timeStep,numberOfRobotsOnBlackSite,numberOfRobotsOnWhiteSite
21726,23,19
timeStep,numberOfRobotsOnBlackSite,numberOfRobotsOnWhiteSite
21727,23,19
timeStep,numberOfRobotsOnBlackSite,numberOfRobotsOnWhiteSite
21728,23,19
timeStep,numberOfRobotsOnBlackSite,numberOfRobotsOnWhiteSite
21729,23,19
timeStep,numberOfRobotsOnBlackSite,numberOfRobotsOnWhiteSite
21730,22,19
timeStep,numberOfRobotsOnBlackSite,numberOfRobotsOnWhiteSite
21731,22,19
timeStep,numberOfRobotsOnBlackSite,numberOfRobotsOnWhiteSite
21732,22,19
timeStep,numberOfRobotsOnBlackSite,numberOfRobotsOnWhiteSite
21733,22,19
timeStep,numberOfRobotsOnBlackSite,numberOfRobotsOnWhiteSite
21734,22,19
timeStep,numberOfRobotsOnBlackSite,numberOfRobotsOnWhiteSite
21735,22,19
timeStep,numberOfRobotsOnBlackSite,numberOfRobotsOnWhiteSite
21736,22,19
timeStep,numberOfRobotsOnBlackSite,numberOfRobotsOnWhiteSite
21737,22,19
timeStep,numberOfRobotsOnBlackSite,numberOfRobotsOnWhiteSite
21738,22,19
timeStep,numberOfRobotsOnBlackSite,numberOfRobotsOnWhiteSite
21739,22,19
timeStep,numberOfRobotsOnBlackSite,numberOfRobotsOnWhiteSite
21740,22,20
timeStep,numberOfRobotsOnBlackSite,numberOfRobotsOnWhiteSite
21741,22,20
timeStep,numberOfRobotsOnBlackSite,numberOfRobotsOnWhiteSite
21742,22,20
timeStep,numberOfRobotsOnBlackSite,numberOfRobotsOnWhiteSite
21743,22,20
timeStep,numberOfRobotsOnBlackSite,numberOfRobotsOnWhiteSite
21744,22,20
timeStep,numberOfRobotsOnBlackSite,numberOfRobotsOnWhiteSite
21745,22,20
timeStep,numberOfRobotsOnBlackSite,numberOfRobotsOnWhiteSite
21746,22,20
timeStep,numberOfRobotsOnBlackSite,numberOfRobotsOnWhiteSite
21747,22,20
timeStep,numberOfRobotsOnBlackSite,numberOfRobotsOnWhiteSite
21748,22,20
timeStep,numberOfRobotsOnBlackSite,numberOfRobotsOnWhiteSite
21749,22,20
timeStep,numberOfRobotsOnBlackSite,numberOfRobotsOnWhiteSite
21750,22,20
timeStep,numberOfRobotsOnBlackSite,numberOfRobotsOnWhiteSite
21751,22,20
timeStep,numberOfRobotsOnBlackSite,numberOfRobotsOnWhiteSite
21752,22,20
timeStep,numberOfRobotsOnBlackSite,numberOfRobotsOnWhiteSite
21753,22,20
timeStep,numberOfRobotsOnBlackSite,numberOfRobotsOnWhiteSite
21754,22,20
timeStep,numberOfRobotsOnBlackSite,numberOfRobotsOnWhiteSite
21755,22,20
timeStep,numberOfRobotsOnBlackSite,numberOfRobotsOnWhiteSite
21756,22,20
timeStep,numberOfRobotsOnBlackSite,numberOfRobotsOnWhiteSite
21757,22,20
timeStep,numberOfRobotsOnBlackSite,numberOfRobotsOnWhiteSite
21758,22,20
timeStep,numberOfRobotsOnBlackSite,numberOfRobotsOnWhiteSite
21759,22,20
timeStep,numberOfRobotsOnBlackSite,numberOfRobotsOnWhiteSite
21760,22,20
timeStep,numberOfRobotsOnBlackSite,numberOfRobotsOnWhiteSite
21761,22,20
timeStep,numberOfRobotsOnBlackSite,numberOfRobotsOnWhiteSite
21762,22,20
timeStep,numberOfRobotsOnBlackSite,numberOfRobotsOnWhiteSite
21763,22,20
timeStep,numberOfRobotsOnBlackSite,numberOfRobotsOnWhiteSite
21764,22,20
timeStep,numberOfRobotsOnBlackSite,numberOfRobotsOnWhiteSite
21765,22,20
timeStep,numberOfRobotsOnBlackSite,numberOfRobotsOnWhiteSite
21766,22,20
timeStep,numberOfRobotsOnBlackSite,numberOfRobotsOnWhiteSite
21767,22,20
timeStep,numberOfRobotsOnBlackSite,numberOfRobotsOnWhiteSite
21768,22,20
timeStep,numberOfRobotsOnBlackSite,numberOfRobotsOnWhiteSite
21769,22,20
timeStep,numberOfRobotsOnBlackSite,numberOfRobotsOnWhiteSite
21770,22,20
timeStep,numberOfRobotsOnBlackSite,numberOfRobotsOnWhiteSite
21771,22,20
timeStep,numberOfRobotsOnBlackSite,numberOfRobotsOnWhiteSite
21772,22,20
timeStep,numberOfRobotsOnBlackSite,numberOfRobotsOnWhiteSite
21773,22,20
timeStep,numberOfRobotsOnBlackSite,numberOfRobotsOnWhiteSite
21774,22,20
timeStep,numberOfRobotsOnBlackSite,numberOfRobotsOnWhiteSite
21775,22,20
timeStep,numberOfRobotsOnBlackSite,numberOfRobotsOnWhiteSite
21776,22,20
timeStep,numberOfRobotsOnBlackSite,numberOfRobotsOnWhiteSite
21777,22,20
timeStep,numberOfRobotsOnBlackSite,numberOfRobotsOnWhiteSite
21778,22,20
timeStep,numberOfRobotsOnBlackSite,numberOfRobotsOnWhiteSite
21779,22,20
timeStep,numberOfRobotsOnBlackSite,numberOfRobotsOnWhiteSite
21780,22,20
timeStep,numberOfRobotsOnBlackSite,numberOfRobotsOnWhiteSite
21781,22,20
timeStep,numberOfRobotsOnBlackSite,numberOfRobotsOnWhiteSite
21782,22,20
timeStep,numberOfRobotsOnBlackSite,numberOfRobotsOnWhiteSite
21783,22,20
timeStep,numberOfRobotsOnBlackSite,numberOfRobotsOnWhiteSite
21784,22,20
timeStep,numberOfRobotsOnBlackSite,numberOfRobotsOnWhiteSite
21785,21,20
timeStep,numberOfRobotsOnBlackSite,numberOfRobotsOnWhiteSite
21786,21,20
timeStep,numberOfRobotsOnBlackSite,numberOfRobotsOnWhiteSite
21787,21,20
timeStep,numberOfRobotsOnBlackSite,numberOfRobotsOnWhiteSite
21788,21,20
timeStep,numberOfRobotsOnBlackSite,numberOfRobotsOnWhiteSite
21789,21,20
timeStep,numberOfRobotsOnBlackSite,numberOfRobotsOnWhiteSite
21790,21,20
timeStep,numberOfRobotsOnBlackSite,numberOfRobotsOnWhiteSite
21791,21,20
timeStep,numberOfRobotsOnBlackSite,numberOfRobotsOnWhiteSite
21792,21,20
timeStep,numberOfRobotsOnBlackSite,numberOfRobotsOnWhiteSite
21793,21,20
timeStep,numberOfRobotsOnBlackSite,numberOfRobotsOnWhiteSite
21794,21,20
timeStep,numberOfRobotsOnBlackSite,numberOfRobotsOnWhiteSite
21795,21,20
timeStep,numberOfRobotsOnBlackSite,numberOfRobotsOnWhiteSite
21796,21,20
timeStep,numberOfRobotsOnBlackSite,numberOfRobotsOnWhiteSite
21797,21,20
timeStep,numberOfRobotsOnBlackSite,numberOfRobotsOnWhiteSite
21798,21,20
timeStep,numberOfRobotsOnBlackSite,numberOfRobotsOnWhiteSite
21799,21,20
timeStep,numberOfRobotsOnBlackSite,numberOfRobotsOnWhiteSite
21800,20,20
timeStep,numberOfRobotsOnBlackSite,numberOfRobotsOnWhiteSite
21801,20,20
timeStep,numberOfRobotsOnBlackSite,numberOfRobotsOnWhiteSite
21802,20,20
timeStep,numberOfRobotsOnBlackSite,numberOfRobotsOnWhiteSite
21803,20,20
timeStep,numberOfRobotsOnBlackSite,numberOfRobotsOnWhiteSite
21804,20,20
timeStep,numberOfRobotsOnBlackSite,numberOfRobotsOnWhiteSite
21805,20,20
timeStep,numberOfRobotsOnBlackSite,numberOfRobotsOnWhiteSite
21806,20,20
timeStep,numberOfRobotsOnBlackSite,numberOfRobotsOnWhiteSite
21807,20,20
timeStep,numberOfRobotsOnBlackSite,numberOfRobotsOnWhiteSite
21808,20,20
timeStep,numberOfRobotsOnBlackSite,numberOfRobotsOnWhiteSite
21809,20,20
timeStep,numberOfRobotsOnBlackSite,numberOfRobotsOnWhiteSite
21810,20,20
timeStep,numberOfRobotsOnBlackSite,numberOfRobotsOnWhiteSite
21811,20,20
timeStep,numberOfRobotsOnBlackSite,numberOfRobotsOnWhiteSite
21812,20,20
timeStep,numberOfRobotsOnBlackSite,numberOfRobotsOnWhiteSite
21813,20,20
timeStep,numberOfRobotsOnBlackSite,numberOfRobotsOnWhiteSite
21814,20,20
timeStep,numberOfRobotsOnBlackSite,numberOfRobotsOnWhiteSite
21815,19,20
timeStep,numberOfRobotsOnBlackSite,numberOfRobotsOnWhiteSite
21816,19,20
timeStep,numberOfRobotsOnBlackSite,numberOfRobotsOnWhiteSite
21817,19,20
timeStep,numberOfRobotsOnBlackSite,numberOfRobotsOnWhiteSite
21818,19,20
timeStep,numberOfRobotsOnBlackSite,numberOfRobotsOnWhiteSite
21819,19,20
timeStep,numberOfRobotsOnBlackSite,numberOfRobotsOnWhiteSite
21820,18,20
timeStep,numberOfRobotsOnBlackSite,numberOfRobotsOnWhiteSite
21821,18,20
timeStep,numberOfRobotsOnBlackSite,numberOfRobotsOnWhiteSite
21822,18,20
timeStep,numberOfRobotsOnBlackSite,numberOfRobotsOnWhiteSite
21823,18,20
timeStep,numberOfRobotsOnBlackSite,numberOfRobotsOnWhiteSite
21824,18,20
timeStep,numberOfRobotsOnBlackSite,numberOfRobotsOnWhiteSite
21825,18,20
timeStep,numberOfRobotsOnBlackSite,numberOfRobotsOnWhiteSite
21826,18,20
timeStep,numberOfRobotsOnBlackSite,numberOfRobotsOnWhiteSite
21827,18,20
timeStep,numberOfRobotsOnBlackSite,numberOfRobotsOnWhiteSite
21828,18,20
timeStep,numberOfRobotsOnBlackSite,numberOfRobotsOnWhiteSite
21829,18,20
timeStep,numberOfRobotsOnBlackSite,numberOfRobotsOnWhiteSite
21830,18,20
timeStep,numberOfRobotsOnBlackSite,numberOfRobotsOnWhiteSite
21831,18,20
timeStep,numberOfRobotsOnBlackSite,numberOfRobotsOnWhiteSite
21832,18,20
timeStep,numberOfRobotsOnBlackSite,numberOfRobotsOnWhiteSite
21833,18,20
timeStep,numberOfRobotsOnBlackSite,numberOfRobotsOnWhiteSite
21834,18,20
timeStep,numberOfRobotsOnBlackSite,numberOfRobotsOnWhiteSite
21835,18,20
timeStep,numberOfRobotsOnBlackSite,numberOfRobotsOnWhiteSite
21836,18,20
timeStep,numberOfRobotsOnBlackSite,numberOfRobotsOnWhiteSite
21837,18,20
timeStep,numberOfRobotsOnBlackSite,numberOfRobotsOnWhiteSite
21838,18,20
timeStep,numberOfRobotsOnBlackSite,numberOfRobotsOnWhiteSite
21839,18,20
timeStep,numberOfRobotsOnBlackSite,numberOfRobotsOnWhiteSite
21840,18,20
timeStep,numberOfRobotsOnBlackSite,numberOfRobotsOnWhiteSite
21841,18,20
timeStep,numberOfRobotsOnBlackSite,numberOfRobotsOnWhiteSite
21842,18,20
timeStep,numberOfRobotsOnBlackSite,numberOfRobotsOnWhiteSite
21843,18,20
timeStep,numberOfRobotsOnBlackSite,numberOfRobotsOnWhiteSite
21844,18,20
timeStep,numberOfRobotsOnBlackSite,numberOfRobotsOnWhiteSite
21845,18,20
timeStep,numberOfRobotsOnBlackSite,numberOfRobotsOnWhiteSite
21846,18,20
timeStep,numberOfRobotsOnBlackSite,numberOfRobotsOnWhiteSite
21847,18,20
timeStep,numberOfRobotsOnBlackSite,numberOfRobotsOnWhiteSite
21848,18,20
timeStep,numberOfRobotsOnBlackSite,numberOfRobotsOnWhiteSite
21849,18,20
timeStep,numberOfRobotsOnBlackSite,numberOfRobotsOnWhiteSite
21850,17,20
timeStep,numberOfRobotsOnBlackSite,numberOfRobotsOnWhiteSite
21851,17,20
timeStep,numberOfRobotsOnBlackSite,numberOfRobotsOnWhiteSite
21852,17,20
timeStep,numberOfRobotsOnBlackSite,numberOfRobotsOnWhiteSite
21853,17,20
timeStep,numberOfRobotsOnBlackSite,numberOfRobotsOnWhiteSite
21854,17,20
timeStep,numberOfRobotsOnBlackSite,numberOfRobotsOnWhiteSite
21855,17,20
timeStep,numberOfRobotsOnBlackSite,numberOfRobotsOnWhiteSite
21856,17,20
timeStep,numberOfRobotsOnBlackSite,numberOfRobotsOnWhiteSite
21857,17,20
timeStep,numberOfRobotsOnBlackSite,numberOfRobotsOnWhiteSite
21858,17,20
timeStep,numberOfRobotsOnBlackSite,numberOfRobotsOnWhiteSite
21859,17,20
timeStep,numberOfRobotsOnBlackSite,numberOfRobotsOnWhiteSite
21860,17,20
timeStep,numberOfRobotsOnBlackSite,numberOfRobotsOnWhiteSite
21861,17,20
timeStep,numberOfRobotsOnBlackSite,numberOfRobotsOnWhiteSite
21862,17,20
timeStep,numberOfRobotsOnBlackSite,numberOfRobotsOnWhiteSite
21863,17,20
timeStep,numberOfRobotsOnBlackSite,numberOfRobotsOnWhiteSite
21864,17,20
timeStep,numberOfRobotsOnBlackSite,numberOfRobotsOnWhiteSite
21865,17,20
timeStep,numberOfRobotsOnBlackSite,numberOfRobotsOnWhiteSite
21866,17,20
timeStep,numberOfRobotsOnBlackSite,numberOfRobotsOnWhiteSite
21867,17,20
timeStep,numberOfRobotsOnBlackSite,numberOfRobotsOnWhiteSite
21868,17,20
timeStep,numberOfRobotsOnBlackSite,numberOfRobotsOnWhiteSite
21869,17,20
timeStep,numberOfRobotsOnBlackSite,numberOfRobotsOnWhiteSite
21870,17,20
timeStep,numberOfRobotsOnBlackSite,numberOfRobotsOnWhiteSite
21871,17,20
timeStep,numberOfRobotsOnBlackSite,numberOfRobotsOnWhiteSite
21872,17,20
timeStep,numberOfRobotsOnBlackSite,numberOfRobotsOnWhiteSite
21873,17,20
timeStep,numberOfRobotsOnBlackSite,numberOfRobotsOnWhiteSite
21874,17,20
timeStep,numberOfRobotsOnBlackSite,numberOfRobotsOnWhiteSite
21875,18,20
timeStep,numberOfRobotsOnBlackSite,numberOfRobotsOnWhiteSite
21876,18,20
timeStep,numberOfRobotsOnBlackSite,numberOfRobotsOnWhiteSite
21877,18,20
timeStep,numberOfRobotsOnBlackSite,numberOfRobotsOnWhiteSite
21878,18,20
timeStep,numberOfRobotsOnBlackSite,numberOfRobotsOnWhiteSite
21879,18,20
timeStep,numberOfRobotsOnBlackSite,numberOfRobotsOnWhiteSite
21880,18,20
timeStep,numberOfRobotsOnBlackSite,numberOfRobotsOnWhiteSite
21881,18,20
timeStep,numberOfRobotsOnBlackSite,numberOfRobotsOnWhiteSite
21882,18,20
timeStep,numberOfRobotsOnBlackSite,numberOfRobotsOnWhiteSite
21883,18,20
timeStep,numberOfRobotsOnBlackSite,numberOfRobotsOnWhiteSite
21884,18,20
timeStep,numberOfRobotsOnBlackSite,numberOfRobotsOnWhiteSite
21885,18,20
timeStep,numberOfRobotsOnBlackSite,numberOfRobotsOnWhiteSite
21886,18,20
timeStep,numberOfRobotsOnBlackSite,numberOfRobotsOnWhiteSite
21887,18,20
timeStep,numberOfRobotsOnBlackSite,numberOfRobotsOnWhiteSite
21888,18,20
timeStep,numberOfRobotsOnBlackSite,numberOfRobotsOnWhiteSite
21889,18,20
timeStep,numberOfRobotsOnBlackSite,numberOfRobotsOnWhiteSite
21890,19,21
timeStep,numberOfRobotsOnBlackSite,numberOfRobotsOnWhiteSite
21891,19,21
timeStep,numberOfRobotsOnBlackSite,numberOfRobotsOnWhiteSite
21892,19,21
timeStep,numberOfRobotsOnBlackSite,numberOfRobotsOnWhiteSite
21893,19,21
timeStep,numberOfRobotsOnBlackSite,numberOfRobotsOnWhiteSite
21894,19,21
timeStep,numberOfRobotsOnBlackSite,numberOfRobotsOnWhiteSite
21895,19,21
timeStep,numberOfRobotsOnBlackSite,numberOfRobotsOnWhiteSite
21896,19,21
timeStep,numberOfRobotsOnBlackSite,numberOfRobotsOnWhiteSite
21897,19,21
timeStep,numberOfRobotsOnBlackSite,numberOfRobotsOnWhiteSite
21898,19,21
timeStep,numberOfRobotsOnBlackSite,numberOfRobotsOnWhiteSite
21899,19,21
timeStep,numberOfRobotsOnBlackSite,numberOfRobotsOnWhiteSite
21900,19,21
timeStep,numberOfRobotsOnBlackSite,numberOfRobotsOnWhiteSite
21901,19,21
timeStep,numberOfRobotsOnBlackSite,numberOfRobotsOnWhiteSite
21902,19,21
timeStep,numberOfRobotsOnBlackSite,numberOfRobotsOnWhiteSite
21903,19,21
timeStep,numberOfRobotsOnBlackSite,numberOfRobotsOnWhiteSite
21904,19,21
timeStep,numberOfRobotsOnBlackSite,numberOfRobotsOnWhiteSite
21905,19,21
timeStep,numberOfRobotsOnBlackSite,numberOfRobotsOnWhiteSite
21906,19,21
timeStep,numberOfRobotsOnBlackSite,numberOfRobotsOnWhiteSite
21907,19,21
timeStep,numberOfRobotsOnBlackSite,numberOfRobotsOnWhiteSite
21908,19,21
timeStep,numberOfRobotsOnBlackSite,numberOfRobotsOnWhiteSite
21909,19,21
timeStep,numberOfRobotsOnBlackSite,numberOfRobotsOnWhiteSite
21910,19,21
timeStep,numberOfRobotsOnBlackSite,numberOfRobotsOnWhiteSite
21911,19,21
timeStep,numberOfRobotsOnBlackSite,numberOfRobotsOnWhiteSite
21912,19,21
timeStep,numberOfRobotsOnBlackSite,numberOfRobotsOnWhiteSite
21913,19,21
timeStep,numberOfRobotsOnBlackSite,numberOfRobotsOnWhiteSite
21914,19,21
timeStep,numberOfRobotsOnBlackSite,numberOfRobotsOnWhiteSite
21915,19,21
timeStep,numberOfRobotsOnBlackSite,numberOfRobotsOnWhiteSite
21916,19,21
timeStep,numberOfRobotsOnBlackSite,numberOfRobotsOnWhiteSite
21917,19,21
timeStep,numberOfRobotsOnBlackSite,numberOfRobotsOnWhiteSite
21918,19,21
timeStep,numberOfRobotsOnBlackSite,numberOfRobotsOnWhiteSite
21919,19,21
timeStep,numberOfRobotsOnBlackSite,numberOfRobotsOnWhiteSite
21920,19,21
timeStep,numberOfRobotsOnBlackSite,numberOfRobotsOnWhiteSite
21921,19,21
timeStep,numberOfRobotsOnBlackSite,numberOfRobotsOnWhiteSite
21922,19,21
timeStep,numberOfRobotsOnBlackSite,numberOfRobotsOnWhiteSite
21923,19,21
timeStep,numberOfRobotsOnBlackSite,numberOfRobotsOnWhiteSite
21924,19,21
timeStep,numberOfRobotsOnBlackSite,numberOfRobotsOnWhiteSite
21925,19,21
timeStep,numberOfRobotsOnBlackSite,numberOfRobotsOnWhiteSite
21926,19,21
timeStep,numberOfRobotsOnBlackSite,numberOfRobotsOnWhiteSite
21927,19,21
timeStep,numberOfRobotsOnBlackSite,numberOfRobotsOnWhiteSite
21928,19,21
timeStep,numberOfRobotsOnBlackSite,numberOfRobotsOnWhiteSite
21929,19,21
timeStep,numberOfRobotsOnBlackSite,numberOfRobotsOnWhiteSite
21930,19,21
timeStep,numberOfRobotsOnBlackSite,numberOfRobotsOnWhiteSite
21931,19,21
timeStep,numberOfRobotsOnBlackSite,numberOfRobotsOnWhiteSite
21932,19,21
timeStep,numberOfRobotsOnBlackSite,numberOfRobotsOnWhiteSite
21933,19,21
timeStep,numberOfRobotsOnBlackSite,numberOfRobotsOnWhiteSite
21934,19,21
timeStep,numberOfRobotsOnBlackSite,numberOfRobotsOnWhiteSite
21935,19,21
timeStep,numberOfRobotsOnBlackSite,numberOfRobotsOnWhiteSite
21936,19,21
timeStep,numberOfRobotsOnBlackSite,numberOfRobotsOnWhiteSite
21937,19,21
timeStep,numberOfRobotsOnBlackSite,numberOfRobotsOnWhiteSite
21938,19,21
timeStep,numberOfRobotsOnBlackSite,numberOfRobotsOnWhiteSite
21939,19,21
timeStep,numberOfRobotsOnBlackSite,numberOfRobotsOnWhiteSite
21940,19,21
timeStep,numberOfRobotsOnBlackSite,numberOfRobotsOnWhiteSite
21941,19,21
timeStep,numberOfRobotsOnBlackSite,numberOfRobotsOnWhiteSite
21942,19,21
timeStep,numberOfRobotsOnBlackSite,numberOfRobotsOnWhiteSite
21943,19,21
timeStep,numberOfRobotsOnBlackSite,numberOfRobotsOnWhiteSite
21944,19,21
timeStep,numberOfRobotsOnBlackSite,numberOfRobotsOnWhiteSite
21945,19,21
timeStep,numberOfRobotsOnBlackSite,numberOfRobotsOnWhiteSite
21946,19,21
timeStep,numberOfRobotsOnBlackSite,numberOfRobotsOnWhiteSite
21947,19,21
timeStep,numberOfRobotsOnBlackSite,numberOfRobotsOnWhiteSite
21948,19,21
timeStep,numberOfRobotsOnBlackSite,numberOfRobotsOnWhiteSite
21949,19,21
timeStep,numberOfRobotsOnBlackSite,numberOfRobotsOnWhiteSite
21950,19,21
timeStep,numberOfRobotsOnBlackSite,numberOfRobotsOnWhiteSite
21951,19,21
timeStep,numberOfRobotsOnBlackSite,numberOfRobotsOnWhiteSite
21952,19,21
timeStep,numberOfRobotsOnBlackSite,numberOfRobotsOnWhiteSite
21953,19,21
timeStep,numberOfRobotsOnBlackSite,numberOfRobotsOnWhiteSite
21954,19,21
timeStep,numberOfRobotsOnBlackSite,numberOfRobotsOnWhiteSite
21955,19,21
timeStep,numberOfRobotsOnBlackSite,numberOfRobotsOnWhiteSite
21956,19,21
timeStep,numberOfRobotsOnBlackSite,numberOfRobotsOnWhiteSite
21957,19,21
timeStep,numberOfRobotsOnBlackSite,numberOfRobotsOnWhiteSite
21958,19,21
timeStep,numberOfRobotsOnBlackSite,numberOfRobotsOnWhiteSite
21959,19,21
timeStep,numberOfRobotsOnBlackSite,numberOfRobotsOnWhiteSite
21960,19,21
timeStep,numberOfRobotsOnBlackSite,numberOfRobotsOnWhiteSite
21961,19,21
timeStep,numberOfRobotsOnBlackSite,numberOfRobotsOnWhiteSite
21962,19,21
timeStep,numberOfRobotsOnBlackSite,numberOfRobotsOnWhiteSite
21963,19,21
timeStep,numberOfRobotsOnBlackSite,numberOfRobotsOnWhiteSite
21964,19,21
timeStep,numberOfRobotsOnBlackSite,numberOfRobotsOnWhiteSite
21965,19,21
timeStep,numberOfRobotsOnBlackSite,numberOfRobotsOnWhiteSite
21966,19,21
timeStep,numberOfRobotsOnBlackSite,numberOfRobotsOnWhiteSite
21967,19,21
timeStep,numberOfRobotsOnBlackSite,numberOfRobotsOnWhiteSite
21968,19,21
timeStep,numberOfRobotsOnBlackSite,numberOfRobotsOnWhiteSite
21969,19,21
timeStep,numberOfRobotsOnBlackSite,numberOfRobotsOnWhiteSite
21970,19,21
timeStep,numberOfRobotsOnBlackSite,numberOfRobotsOnWhiteSite
21971,19,21
timeStep,numberOfRobotsOnBlackSite,numberOfRobotsOnWhiteSite
21972,19,21
timeStep,numberOfRobotsOnBlackSite,numberOfRobotsOnWhiteSite
21973,19,21
timeStep,numberOfRobotsOnBlackSite,numberOfRobotsOnWhiteSite
21974,19,21
timeStep,numberOfRobotsOnBlackSite,numberOfRobotsOnWhiteSite
21975,19,21
timeStep,numberOfRobotsOnBlackSite,numberOfRobotsOnWhiteSite
21976,19,21
timeStep,numberOfRobotsOnBlackSite,numberOfRobotsOnWhiteSite
21977,19,21
timeStep,numberOfRobotsOnBlackSite,numberOfRobotsOnWhiteSite
21978,19,21
timeStep,numberOfRobotsOnBlackSite,numberOfRobotsOnWhiteSite
21979,19,21
timeStep,numberOfRobotsOnBlackSite,numberOfRobotsOnWhiteSite
21980,19,21
timeStep,numberOfRobotsOnBlackSite,numberOfRobotsOnWhiteSite
21981,19,21
timeStep,numberOfRobotsOnBlackSite,numberOfRobotsOnWhiteSite
21982,19,21
timeStep,numberOfRobotsOnBlackSite,numberOfRobotsOnWhiteSite
21983,19,21
timeStep,numberOfRobotsOnBlackSite,numberOfRobotsOnWhiteSite
21984,19,21
timeStep,numberOfRobotsOnBlackSite,numberOfRobotsOnWhiteSite
21985,19,21
timeStep,numberOfRobotsOnBlackSite,numberOfRobotsOnWhiteSite
21986,19,21
timeStep,numberOfRobotsOnBlackSite,numberOfRobotsOnWhiteSite
21987,19,21
timeStep,numberOfRobotsOnBlackSite,numberOfRobotsOnWhiteSite
21988,19,21
timeStep,numberOfRobotsOnBlackSite,numberOfRobotsOnWhiteSite
21989,19,21
timeStep,numberOfRobotsOnBlackSite,numberOfRobotsOnWhiteSite
21990,19,21
timeStep,numberOfRobotsOnBlackSite,numberOfRobotsOnWhiteSite
21991,19,21
timeStep,numberOfRobotsOnBlackSite,numberOfRobotsOnWhiteSite
21992,19,21
timeStep,numberOfRobotsOnBlackSite,numberOfRobotsOnWhiteSite
21993,19,21
timeStep,numberOfRobotsOnBlackSite,numberOfRobotsOnWhiteSite
21994,19,21
timeStep,numberOfRobotsOnBlackSite,numberOfRobotsOnWhiteSite
21995,20,21
timeStep,numberOfRobotsOnBlackSite,numberOfRobotsOnWhiteSite
21996,20,21
timeStep,numberOfRobotsOnBlackSite,numberOfRobotsOnWhiteSite
21997,20,21
timeStep,numberOfRobotsOnBlackSite,numberOfRobotsOnWhiteSite
21998,20,21
timeStep,numberOfRobotsOnBlackSite,numberOfRobotsOnWhiteSite
21999,20,21
timeStep,numberOfRobotsOnBlackSite,numberOfRobotsOnWhiteSite
22000,20,21
timeStep,numberOfRobotsOnBlackSite,numberOfRobotsOnWhiteSite
22001,20,21
timeStep,numberOfRobotsOnBlackSite,numberOfRobotsOnWhiteSite
22002,20,21
timeStep,numberOfRobotsOnBlackSite,numberOfRobotsOnWhiteSite
22003,20,21
timeStep,numberOfRobotsOnBlackSite,numberOfRobotsOnWhiteSite
22004,20,21
timeStep,numberOfRobotsOnBlackSite,numberOfRobotsOnWhiteSite
22005,20,21
timeStep,numberOfRobotsOnBlackSite,numberOfRobotsOnWhiteSite
22006,20,21
timeStep,numberOfRobotsOnBlackSite,numberOfRobotsOnWhiteSite
22007,20,21
timeStep,numberOfRobotsOnBlackSite,numberOfRobotsOnWhiteSite
22008,20,21
timeStep,numberOfRobotsOnBlackSite,numberOfRobotsOnWhiteSite
22009,20,21
timeStep,numberOfRobotsOnBlackSite,numberOfRobotsOnWhiteSite
22010,19,21
timeStep,numberOfRobotsOnBlackSite,numberOfRobotsOnWhiteSite
22011,19,21
timeStep,numberOfRobotsOnBlackSite,numberOfRobotsOnWhiteSite
22012,19,21
timeStep,numberOfRobotsOnBlackSite,numberOfRobotsOnWhiteSite
22013,19,21
timeStep,numberOfRobotsOnBlackSite,numberOfRobotsOnWhiteSite
22014,19,21
timeStep,numberOfRobotsOnBlackSite,numberOfRobotsOnWhiteSite
22015,19,21
timeStep,numberOfRobotsOnBlackSite,numberOfRobotsOnWhiteSite
22016,19,21
timeStep,numberOfRobotsOnBlackSite,numberOfRobotsOnWhiteSite
22017,19,21
timeStep,numberOfRobotsOnBlackSite,numberOfRobotsOnWhiteSite
22018,19,21
timeStep,numberOfRobotsOnBlackSite,numberOfRobotsOnWhiteSite
22019,19,21
timeStep,numberOfRobotsOnBlackSite,numberOfRobotsOnWhiteSite
22020,19,21
timeStep,numberOfRobotsOnBlackSite,numberOfRobotsOnWhiteSite
22021,19,21
timeStep,numberOfRobotsOnBlackSite,numberOfRobotsOnWhiteSite
22022,19,21
timeStep,numberOfRobotsOnBlackSite,numberOfRobotsOnWhiteSite
22023,19,21
timeStep,numberOfRobotsOnBlackSite,numberOfRobotsOnWhiteSite
22024,19,21
timeStep,numberOfRobotsOnBlackSite,numberOfRobotsOnWhiteSite
22025,19,21
timeStep,numberOfRobotsOnBlackSite,numberOfRobotsOnWhiteSite
22026,19,21
timeStep,numberOfRobotsOnBlackSite,numberOfRobotsOnWhiteSite
22027,19,21
timeStep,numberOfRobotsOnBlackSite,numberOfRobotsOnWhiteSite
22028,19,21
timeStep,numberOfRobotsOnBlackSite,numberOfRobotsOnWhiteSite
22029,19,21
timeStep,numberOfRobotsOnBlackSite,numberOfRobotsOnWhiteSite
22030,19,21
timeStep,numberOfRobotsOnBlackSite,numberOfRobotsOnWhiteSite
22031,19,21
timeStep,numberOfRobotsOnBlackSite,numberOfRobotsOnWhiteSite
22032,19,21
timeStep,numberOfRobotsOnBlackSite,numberOfRobotsOnWhiteSite
22033,19,21
timeStep,numberOfRobotsOnBlackSite,numberOfRobotsOnWhiteSite
22034,19,21
timeStep,numberOfRobotsOnBlackSite,numberOfRobotsOnWhiteSite
22035,19,21
timeStep,numberOfRobotsOnBlackSite,numberOfRobotsOnWhiteSite
22036,19,21
timeStep,numberOfRobotsOnBlackSite,numberOfRobotsOnWhiteSite
22037,19,21
timeStep,numberOfRobotsOnBlackSite,numberOfRobotsOnWhiteSite
22038,19,21
timeStep,numberOfRobotsOnBlackSite,numberOfRobotsOnWhiteSite
22039,19,21
timeStep,numberOfRobotsOnBlackSite,numberOfRobotsOnWhiteSite
22040,19,21
timeStep,numberOfRobotsOnBlackSite,numberOfRobotsOnWhiteSite
22041,19,21
timeStep,numberOfRobotsOnBlackSite,numberOfRobotsOnWhiteSite
22042,19,21
timeStep,numberOfRobotsOnBlackSite,numberOfRobotsOnWhiteSite
22043,19,21
timeStep,numberOfRobotsOnBlackSite,numberOfRobotsOnWhiteSite
22044,19,21
timeStep,numberOfRobotsOnBlackSite,numberOfRobotsOnWhiteSite
22045,19,21
timeStep,numberOfRobotsOnBlackSite,numberOfRobotsOnWhiteSite
22046,19,21
timeStep,numberOfRobotsOnBlackSite,numberOfRobotsOnWhiteSite
22047,19,21
timeStep,numberOfRobotsOnBlackSite,numberOfRobotsOnWhiteSite
22048,19,21
timeStep,numberOfRobotsOnBlackSite,numberOfRobotsOnWhiteSite
22049,19,21
timeStep,numberOfRobotsOnBlackSite,numberOfRobotsOnWhiteSite
22050,19,21
timeStep,numberOfRobotsOnBlackSite,numberOfRobotsOnWhiteSite
22051,19,21
timeStep,numberOfRobotsOnBlackSite,numberOfRobotsOnWhiteSite
22052,19,21
timeStep,numberOfRobotsOnBlackSite,numberOfRobotsOnWhiteSite
22053,19,21
timeStep,numberOfRobotsOnBlackSite,numberOfRobotsOnWhiteSite
22054,19,21
timeStep,numberOfRobotsOnBlackSite,numberOfRobotsOnWhiteSite
22055,20,21
timeStep,numberOfRobotsOnBlackSite,numberOfRobotsOnWhiteSite
22056,20,21
timeStep,numberOfRobotsOnBlackSite,numberOfRobotsOnWhiteSite
22057,20,21
timeStep,numberOfRobotsOnBlackSite,numberOfRobotsOnWhiteSite
22058,20,21
timeStep,numberOfRobotsOnBlackSite,numberOfRobotsOnWhiteSite
22059,20,21
timeStep,numberOfRobotsOnBlackSite,numberOfRobotsOnWhiteSite
22060,20,21
timeStep,numberOfRobotsOnBlackSite,numberOfRobotsOnWhiteSite
22061,20,21
timeStep,numberOfRobotsOnBlackSite,numberOfRobotsOnWhiteSite
22062,20,21
timeStep,numberOfRobotsOnBlackSite,numberOfRobotsOnWhiteSite
22063,20,21
timeStep,numberOfRobotsOnBlackSite,numberOfRobotsOnWhiteSite
22064,20,21
timeStep,numberOfRobotsOnBlackSite,numberOfRobotsOnWhiteSite
22065,20,21
timeStep,numberOfRobotsOnBlackSite,numberOfRobotsOnWhiteSite
22066,20,21
timeStep,numberOfRobotsOnBlackSite,numberOfRobotsOnWhiteSite
22067,20,21
timeStep,numberOfRobotsOnBlackSite,numberOfRobotsOnWhiteSite
22068,20,21
timeStep,numberOfRobotsOnBlackSite,numberOfRobotsOnWhiteSite
22069,20,21
timeStep,numberOfRobotsOnBlackSite,numberOfRobotsOnWhiteSite
22070,20,20
timeStep,numberOfRobotsOnBlackSite,numberOfRobotsOnWhiteSite
22071,20,20
timeStep,numberOfRobotsOnBlackSite,numberOfRobotsOnWhiteSite
22072,20,20
timeStep,numberOfRobotsOnBlackSite,numberOfRobotsOnWhiteSite
22073,20,20
timeStep,numberOfRobotsOnBlackSite,numberOfRobotsOnWhiteSite
22074,20,20
timeStep,numberOfRobotsOnBlackSite,numberOfRobotsOnWhiteSite
22075,20,20
timeStep,numberOfRobotsOnBlackSite,numberOfRobotsOnWhiteSite
22076,20,20
timeStep,numberOfRobotsOnBlackSite,numberOfRobotsOnWhiteSite
22077,20,20
timeStep,numberOfRobotsOnBlackSite,numberOfRobotsOnWhiteSite
22078,20,20
timeStep,numberOfRobotsOnBlackSite,numberOfRobotsOnWhiteSite
22079,20,20
timeStep,numberOfRobotsOnBlackSite,numberOfRobotsOnWhiteSite
22080,21,20
timeStep,numberOfRobotsOnBlackSite,numberOfRobotsOnWhiteSite
22081,21,20
timeStep,numberOfRobotsOnBlackSite,numberOfRobotsOnWhiteSite
22082,21,20
timeStep,numberOfRobotsOnBlackSite,numberOfRobotsOnWhiteSite
22083,21,20
timeStep,numberOfRobotsOnBlackSite,numberOfRobotsOnWhiteSite
22084,21,20
timeStep,numberOfRobotsOnBlackSite,numberOfRobotsOnWhiteSite
22085,21,20
timeStep,numberOfRobotsOnBlackSite,numberOfRobotsOnWhiteSite
22086,21,20
timeStep,numberOfRobotsOnBlackSite,numberOfRobotsOnWhiteSite
22087,21,20
timeStep,numberOfRobotsOnBlackSite,numberOfRobotsOnWhiteSite
22088,21,20
timeStep,numberOfRobotsOnBlackSite,numberOfRobotsOnWhiteSite
22089,21,20
timeStep,numberOfRobotsOnBlackSite,numberOfRobotsOnWhiteSite
22090,21,20
timeStep,numberOfRobotsOnBlackSite,numberOfRobotsOnWhiteSite
22091,21,20
timeStep,numberOfRobotsOnBlackSite,numberOfRobotsOnWhiteSite
22092,21,20
timeStep,numberOfRobotsOnBlackSite,numberOfRobotsOnWhiteSite
22093,21,20
timeStep,numberOfRobotsOnBlackSite,numberOfRobotsOnWhiteSite
22094,21,20
timeStep,numberOfRobotsOnBlackSite,numberOfRobotsOnWhiteSite
22095,21,20
timeStep,numberOfRobotsOnBlackSite,numberOfRobotsOnWhiteSite
22096,21,20
timeStep,numberOfRobotsOnBlackSite,numberOfRobotsOnWhiteSite
22097,21,20
timeStep,numberOfRobotsOnBlackSite,numberOfRobotsOnWhiteSite
22098,21,20
timeStep,numberOfRobotsOnBlackSite,numberOfRobotsOnWhiteSite
22099,21,20
timeStep,numberOfRobotsOnBlackSite,numberOfRobotsOnWhiteSite
22100,21,20
timeStep,numberOfRobotsOnBlackSite,numberOfRobotsOnWhiteSite
22101,21,20
timeStep,numberOfRobotsOnBlackSite,numberOfRobotsOnWhiteSite
22102,21,20
timeStep,numberOfRobotsOnBlackSite,numberOfRobotsOnWhiteSite
22103,21,20
timeStep,numberOfRobotsOnBlackSite,numberOfRobotsOnWhiteSite
22104,21,20
timeStep,numberOfRobotsOnBlackSite,numberOfRobotsOnWhiteSite
22105,21,20
timeStep,numberOfRobotsOnBlackSite,numberOfRobotsOnWhiteSite
22106,21,20
timeStep,numberOfRobotsOnBlackSite,numberOfRobotsOnWhiteSite
22107,21,20
timeStep,numberOfRobotsOnBlackSite,numberOfRobotsOnWhiteSite
22108,21,20
timeStep,numberOfRobotsOnBlackSite,numberOfRobotsOnWhiteSite
22109,21,20
timeStep,numberOfRobotsOnBlackSite,numberOfRobotsOnWhiteSite
22110,21,19
timeStep,numberOfRobotsOnBlackSite,numberOfRobotsOnWhiteSite
22111,21,19
timeStep,numberOfRobotsOnBlackSite,numberOfRobotsOnWhiteSite
22112,21,19
timeStep,numberOfRobotsOnBlackSite,numberOfRobotsOnWhiteSite
22113,21,19
timeStep,numberOfRobotsOnBlackSite,numberOfRobotsOnWhiteSite
22114,21,19
timeStep,numberOfRobotsOnBlackSite,numberOfRobotsOnWhiteSite
22115,21,19
timeStep,numberOfRobotsOnBlackSite,numberOfRobotsOnWhiteSite
22116,21,19
timeStep,numberOfRobotsOnBlackSite,numberOfRobotsOnWhiteSite
22117,21,19
timeStep,numberOfRobotsOnBlackSite,numberOfRobotsOnWhiteSite
22118,21,19
timeStep,numberOfRobotsOnBlackSite,numberOfRobotsOnWhiteSite
22119,21,19
timeStep,numberOfRobotsOnBlackSite,numberOfRobotsOnWhiteSite
22120,21,20
timeStep,numberOfRobotsOnBlackSite,numberOfRobotsOnWhiteSite
22121,21,20
timeStep,numberOfRobotsOnBlackSite,numberOfRobotsOnWhiteSite
22122,21,20
timeStep,numberOfRobotsOnBlackSite,numberOfRobotsOnWhiteSite
22123,21,20
timeStep,numberOfRobotsOnBlackSite,numberOfRobotsOnWhiteSite
22124,21,20
timeStep,numberOfRobotsOnBlackSite,numberOfRobotsOnWhiteSite
22125,21,20
timeStep,numberOfRobotsOnBlackSite,numberOfRobotsOnWhiteSite
22126,21,20
timeStep,numberOfRobotsOnBlackSite,numberOfRobotsOnWhiteSite
22127,21,20
timeStep,numberOfRobotsOnBlackSite,numberOfRobotsOnWhiteSite
22128,21,20
timeStep,numberOfRobotsOnBlackSite,numberOfRobotsOnWhiteSite
22129,21,20
timeStep,numberOfRobotsOnBlackSite,numberOfRobotsOnWhiteSite
22130,21,20
timeStep,numberOfRobotsOnBlackSite,numberOfRobotsOnWhiteSite
22131,21,20
timeStep,numberOfRobotsOnBlackSite,numberOfRobotsOnWhiteSite
22132,21,20
timeStep,numberOfRobotsOnBlackSite,numberOfRobotsOnWhiteSite
22133,21,20
timeStep,numberOfRobotsOnBlackSite,numberOfRobotsOnWhiteSite
22134,21,20
timeStep,numberOfRobotsOnBlackSite,numberOfRobotsOnWhiteSite
22135,20,20
timeStep,numberOfRobotsOnBlackSite,numberOfRobotsOnWhiteSite
22136,20,20
timeStep,numberOfRobotsOnBlackSite,numberOfRobotsOnWhiteSite
22137,20,20
timeStep,numberOfRobotsOnBlackSite,numberOfRobotsOnWhiteSite
22138,20,20
timeStep,numberOfRobotsOnBlackSite,numberOfRobotsOnWhiteSite
22139,20,20
timeStep,numberOfRobotsOnBlackSite,numberOfRobotsOnWhiteSite
22140,20,20
timeStep,numberOfRobotsOnBlackSite,numberOfRobotsOnWhiteSite
22141,20,20
timeStep,numberOfRobotsOnBlackSite,numberOfRobotsOnWhiteSite
22142,20,20
timeStep,numberOfRobotsOnBlackSite,numberOfRobotsOnWhiteSite
22143,20,20
timeStep,numberOfRobotsOnBlackSite,numberOfRobotsOnWhiteSite
22144,20,20
timeStep,numberOfRobotsOnBlackSite,numberOfRobotsOnWhiteSite
22145,20,20
timeStep,numberOfRobotsOnBlackSite,numberOfRobotsOnWhiteSite
22146,20,20
timeStep,numberOfRobotsOnBlackSite,numberOfRobotsOnWhiteSite
22147,20,20
timeStep,numberOfRobotsOnBlackSite,numberOfRobotsOnWhiteSite
22148,20,20
timeStep,numberOfRobotsOnBlackSite,numberOfRobotsOnWhiteSite
22149,20,20
timeStep,numberOfRobotsOnBlackSite,numberOfRobotsOnWhiteSite
22150,20,20
timeStep,numberOfRobotsOnBlackSite,numberOfRobotsOnWhiteSite
22151,20,20
timeStep,numberOfRobotsOnBlackSite,numberOfRobotsOnWhiteSite
22152,20,20
timeStep,numberOfRobotsOnBlackSite,numberOfRobotsOnWhiteSite
22153,20,20
timeStep,numberOfRobotsOnBlackSite,numberOfRobotsOnWhiteSite
22154,20,20
timeStep,numberOfRobotsOnBlackSite,numberOfRobotsOnWhiteSite
22155,19,20
timeStep,numberOfRobotsOnBlackSite,numberOfRobotsOnWhiteSite
22156,19,20
timeStep,numberOfRobotsOnBlackSite,numberOfRobotsOnWhiteSite
22157,19,20
timeStep,numberOfRobotsOnBlackSite,numberOfRobotsOnWhiteSite
22158,19,20
timeStep,numberOfRobotsOnBlackSite,numberOfRobotsOnWhiteSite
22159,19,20
timeStep,numberOfRobotsOnBlackSite,numberOfRobotsOnWhiteSite
22160,19,20
timeStep,numberOfRobotsOnBlackSite,numberOfRobotsOnWhiteSite
22161,19,20
timeStep,numberOfRobotsOnBlackSite,numberOfRobotsOnWhiteSite
22162,19,20
timeStep,numberOfRobotsOnBlackSite,numberOfRobotsOnWhiteSite
22163,19,20
timeStep,numberOfRobotsOnBlackSite,numberOfRobotsOnWhiteSite
22164,19,20
timeStep,numberOfRobotsOnBlackSite,numberOfRobotsOnWhiteSite
22165,19,20
timeStep,numberOfRobotsOnBlackSite,numberOfRobotsOnWhiteSite
22166,19,20
timeStep,numberOfRobotsOnBlackSite,numberOfRobotsOnWhiteSite
22167,19,20
timeStep,numberOfRobotsOnBlackSite,numberOfRobotsOnWhiteSite
22168,19,20
timeStep,numberOfRobotsOnBlackSite,numberOfRobotsOnWhiteSite
22169,19,20
timeStep,numberOfRobotsOnBlackSite,numberOfRobotsOnWhiteSite
22170,19,20
timeStep,numberOfRobotsOnBlackSite,numberOfRobotsOnWhiteSite
22171,19,20
timeStep,numberOfRobotsOnBlackSite,numberOfRobotsOnWhiteSite
22172,19,20
timeStep,numberOfRobotsOnBlackSite,numberOfRobotsOnWhiteSite
22173,19,20
timeStep,numberOfRobotsOnBlackSite,numberOfRobotsOnWhiteSite
22174,19,20
timeStep,numberOfRobotsOnBlackSite,numberOfRobotsOnWhiteSite
22175,19,20
timeStep,numberOfRobotsOnBlackSite,numberOfRobotsOnWhiteSite
22176,19,20
timeStep,numberOfRobotsOnBlackSite,numberOfRobotsOnWhiteSite
22177,19,20
timeStep,numberOfRobotsOnBlackSite,numberOfRobotsOnWhiteSite
22178,19,20
timeStep,numberOfRobotsOnBlackSite,numberOfRobotsOnWhiteSite
22179,19,20
timeStep,numberOfRobotsOnBlackSite,numberOfRobotsOnWhiteSite
22180,20,20
timeStep,numberOfRobotsOnBlackSite,numberOfRobotsOnWhiteSite
22181,20,20
timeStep,numberOfRobotsOnBlackSite,numberOfRobotsOnWhiteSite
22182,20,20
timeStep,numberOfRobotsOnBlackSite,numberOfRobotsOnWhiteSite
22183,20,20
timeStep,numberOfRobotsOnBlackSite,numberOfRobotsOnWhiteSite
22184,20,20
timeStep,numberOfRobotsOnBlackSite,numberOfRobotsOnWhiteSite
22185,19,20
timeStep,numberOfRobotsOnBlackSite,numberOfRobotsOnWhiteSite
22186,19,20
timeStep,numberOfRobotsOnBlackSite,numberOfRobotsOnWhiteSite
22187,19,20
timeStep,numberOfRobotsOnBlackSite,numberOfRobotsOnWhiteSite
22188,19,20
timeStep,numberOfRobotsOnBlackSite,numberOfRobotsOnWhiteSite
22189,19,20
timeStep,numberOfRobotsOnBlackSite,numberOfRobotsOnWhiteSite
22190,19,20
timeStep,numberOfRobotsOnBlackSite,numberOfRobotsOnWhiteSite
22191,19,20
timeStep,numberOfRobotsOnBlackSite,numberOfRobotsOnWhiteSite
22192,19,20
timeStep,numberOfRobotsOnBlackSite,numberOfRobotsOnWhiteSite
22193,19,20
timeStep,numberOfRobotsOnBlackSite,numberOfRobotsOnWhiteSite
22194,19,20
timeStep,numberOfRobotsOnBlackSite,numberOfRobotsOnWhiteSite
22195,19,20
timeStep,numberOfRobotsOnBlackSite,numberOfRobotsOnWhiteSite
22196,19,20
timeStep,numberOfRobotsOnBlackSite,numberOfRobotsOnWhiteSite
22197,19,20
timeStep,numberOfRobotsOnBlackSite,numberOfRobotsOnWhiteSite
22198,19,20
timeStep,numberOfRobotsOnBlackSite,numberOfRobotsOnWhiteSite
22199,19,20
timeStep,numberOfRobotsOnBlackSite,numberOfRobotsOnWhiteSite
22200,19,20
timeStep,numberOfRobotsOnBlackSite,numberOfRobotsOnWhiteSite
22201,19,20
timeStep,numberOfRobotsOnBlackSite,numberOfRobotsOnWhiteSite
22202,19,20
timeStep,numberOfRobotsOnBlackSite,numberOfRobotsOnWhiteSite
22203,19,20
timeStep,numberOfRobotsOnBlackSite,numberOfRobotsOnWhiteSite
22204,19,20
timeStep,numberOfRobotsOnBlackSite,numberOfRobotsOnWhiteSite
22205,19,20
timeStep,numberOfRobotsOnBlackSite,numberOfRobotsOnWhiteSite
22206,19,20
timeStep,numberOfRobotsOnBlackSite,numberOfRobotsOnWhiteSite
22207,19,20
timeStep,numberOfRobotsOnBlackSite,numberOfRobotsOnWhiteSite
22208,19,20
timeStep,numberOfRobotsOnBlackSite,numberOfRobotsOnWhiteSite
22209,19,20
timeStep,numberOfRobotsOnBlackSite,numberOfRobotsOnWhiteSite
22210,19,20
timeStep,numberOfRobotsOnBlackSite,numberOfRobotsOnWhiteSite
22211,19,20
timeStep,numberOfRobotsOnBlackSite,numberOfRobotsOnWhiteSite
22212,19,20
timeStep,numberOfRobotsOnBlackSite,numberOfRobotsOnWhiteSite
22213,19,20
timeStep,numberOfRobotsOnBlackSite,numberOfRobotsOnWhiteSite
22214,19,20
timeStep,numberOfRobotsOnBlackSite,numberOfRobotsOnWhiteSite
22215,19,20
timeStep,numberOfRobotsOnBlackSite,numberOfRobotsOnWhiteSite
22216,19,20
timeStep,numberOfRobotsOnBlackSite,numberOfRobotsOnWhiteSite
22217,19,20
timeStep,numberOfRobotsOnBlackSite,numberOfRobotsOnWhiteSite
22218,19,20
timeStep,numberOfRobotsOnBlackSite,numberOfRobotsOnWhiteSite
22219,19,20
timeStep,numberOfRobotsOnBlackSite,numberOfRobotsOnWhiteSite
22220,19,20
timeStep,numberOfRobotsOnBlackSite,numberOfRobotsOnWhiteSite
22221,19,20
timeStep,numberOfRobotsOnBlackSite,numberOfRobotsOnWhiteSite
22222,19,20
timeStep,numberOfRobotsOnBlackSite,numberOfRobotsOnWhiteSite
22223,19,20
timeStep,numberOfRobotsOnBlackSite,numberOfRobotsOnWhiteSite
22224,19,20
timeStep,numberOfRobotsOnBlackSite,numberOfRobotsOnWhiteSite
22225,19,20
timeStep,numberOfRobotsOnBlackSite,numberOfRobotsOnWhiteSite
22226,19,20
timeStep,numberOfRobotsOnBlackSite,numberOfRobotsOnWhiteSite
22227,19,20
timeStep,numberOfRobotsOnBlackSite,numberOfRobotsOnWhiteSite
22228,19,20
timeStep,numberOfRobotsOnBlackSite,numberOfRobotsOnWhiteSite
22229,19,20
timeStep,numberOfRobotsOnBlackSite,numberOfRobotsOnWhiteSite
22230,19,20
timeStep,numberOfRobotsOnBlackSite,numberOfRobotsOnWhiteSite
22231,19,20
timeStep,numberOfRobotsOnBlackSite,numberOfRobotsOnWhiteSite
22232,19,20
timeStep,numberOfRobotsOnBlackSite,numberOfRobotsOnWhiteSite
22233,19,20
timeStep,numberOfRobotsOnBlackSite,numberOfRobotsOnWhiteSite
22234,19,20
timeStep,numberOfRobotsOnBlackSite,numberOfRobotsOnWhiteSite
22235,19,20
timeStep,numberOfRobotsOnBlackSite,numberOfRobotsOnWhiteSite
22236,19,20
timeStep,numberOfRobotsOnBlackSite,numberOfRobotsOnWhiteSite
22237,19,20
timeStep,numberOfRobotsOnBlackSite,numberOfRobotsOnWhiteSite
22238,19,20
timeStep,numberOfRobotsOnBlackSite,numberOfRobotsOnWhiteSite
22239,19,20
timeStep,numberOfRobotsOnBlackSite,numberOfRobotsOnWhiteSite
22240,19,20
timeStep,numberOfRobotsOnBlackSite,numberOfRobotsOnWhiteSite
22241,19,20
timeStep,numberOfRobotsOnBlackSite,numberOfRobotsOnWhiteSite
22242,19,20
timeStep,numberOfRobotsOnBlackSite,numberOfRobotsOnWhiteSite
22243,19,20
timeStep,numberOfRobotsOnBlackSite,numberOfRobotsOnWhiteSite
22244,19,20
timeStep,numberOfRobotsOnBlackSite,numberOfRobotsOnWhiteSite
22245,19,20
timeStep,numberOfRobotsOnBlackSite,numberOfRobotsOnWhiteSite
22246,19,20
timeStep,numberOfRobotsOnBlackSite,numberOfRobotsOnWhiteSite
22247,19,20
timeStep,numberOfRobotsOnBlackSite,numberOfRobotsOnWhiteSite
22248,19,20
timeStep,numberOfRobotsOnBlackSite,numberOfRobotsOnWhiteSite
22249,19,20
timeStep,numberOfRobotsOnBlackSite,numberOfRobotsOnWhiteSite
22250,19,20
timeStep,numberOfRobotsOnBlackSite,numberOfRobotsOnWhiteSite
22251,19,20
timeStep,numberOfRobotsOnBlackSite,numberOfRobotsOnWhiteSite
22252,19,20
timeStep,numberOfRobotsOnBlackSite,numberOfRobotsOnWhiteSite
22253,19,20
timeStep,numberOfRobotsOnBlackSite,numberOfRobotsOnWhiteSite
22254,19,20
timeStep,numberOfRobotsOnBlackSite,numberOfRobotsOnWhiteSite
22255,20,20
timeStep,numberOfRobotsOnBlackSite,numberOfRobotsOnWhiteSite
22256,20,20
timeStep,numberOfRobotsOnBlackSite,numberOfRobotsOnWhiteSite
22257,20,20
timeStep,numberOfRobotsOnBlackSite,numberOfRobotsOnWhiteSite
22258,20,20
timeStep,numberOfRobotsOnBlackSite,numberOfRobotsOnWhiteSite
22259,20,20
timeStep,numberOfRobotsOnBlackSite,numberOfRobotsOnWhiteSite
22260,20,20
timeStep,numberOfRobotsOnBlackSite,numberOfRobotsOnWhiteSite
22261,20,20
timeStep,numberOfRobotsOnBlackSite,numberOfRobotsOnWhiteSite
22262,20,20
timeStep,numberOfRobotsOnBlackSite,numberOfRobotsOnWhiteSite
22263,20,20
timeStep,numberOfRobotsOnBlackSite,numberOfRobotsOnWhiteSite
22264,20,20
timeStep,numberOfRobotsOnBlackSite,numberOfRobotsOnWhiteSite
22265,20,20
timeStep,numberOfRobotsOnBlackSite,numberOfRobotsOnWhiteSite
22266,20,20
timeStep,numberOfRobotsOnBlackSite,numberOfRobotsOnWhiteSite
22267,20,20
timeStep,numberOfRobotsOnBlackSite,numberOfRobotsOnWhiteSite
22268,20,20
timeStep,numberOfRobotsOnBlackSite,numberOfRobotsOnWhiteSite
22269,20,20
timeStep,numberOfRobotsOnBlackSite,numberOfRobotsOnWhiteSite
22270,20,20
timeStep,numberOfRobotsOnBlackSite,numberOfRobotsOnWhiteSite
22271,20,20
timeStep,numberOfRobotsOnBlackSite,numberOfRobotsOnWhiteSite
22272,20,20
timeStep,numberOfRobotsOnBlackSite,numberOfRobotsOnWhiteSite
22273,20,20
timeStep,numberOfRobotsOnBlackSite,numberOfRobotsOnWhiteSite
22274,20,20
timeStep,numberOfRobotsOnBlackSite,numberOfRobotsOnWhiteSite
22275,20,20
timeStep,numberOfRobotsOnBlackSite,numberOfRobotsOnWhiteSite
22276,20,20
timeStep,numberOfRobotsOnBlackSite,numberOfRobotsOnWhiteSite
22277,20,20
timeStep,numberOfRobotsOnBlackSite,numberOfRobotsOnWhiteSite
22278,20,20
timeStep,numberOfRobotsOnBlackSite,numberOfRobotsOnWhiteSite
22279,20,20
timeStep,numberOfRobotsOnBlackSite,numberOfRobotsOnWhiteSite
22280,20,20
timeStep,numberOfRobotsOnBlackSite,numberOfRobotsOnWhiteSite
22281,20,20
timeStep,numberOfRobotsOnBlackSite,numberOfRobotsOnWhiteSite
22282,20,20
timeStep,numberOfRobotsOnBlackSite,numberOfRobotsOnWhiteSite
22283,20,20
timeStep,numberOfRobotsOnBlackSite,numberOfRobotsOnWhiteSite
22284,20,20
timeStep,numberOfRobotsOnBlackSite,numberOfRobotsOnWhiteSite
22285,20,20
timeStep,numberOfRobotsOnBlackSite,numberOfRobotsOnWhiteSite
22286,20,20
timeStep,numberOfRobotsOnBlackSite,numberOfRobotsOnWhiteSite
22287,20,20
timeStep,numberOfRobotsOnBlackSite,numberOfRobotsOnWhiteSite
22288,20,20
timeStep,numberOfRobotsOnBlackSite,numberOfRobotsOnWhiteSite
22289,20,20
timeStep,numberOfRobotsOnBlackSite,numberOfRobotsOnWhiteSite
22290,20,19
timeStep,numberOfRobotsOnBlackSite,numberOfRobotsOnWhiteSite
22291,20,19
timeStep,numberOfRobotsOnBlackSite,numberOfRobotsOnWhiteSite
22292,20,19
timeStep,numberOfRobotsOnBlackSite,numberOfRobotsOnWhiteSite
22293,20,19
timeStep,numberOfRobotsOnBlackSite,numberOfRobotsOnWhiteSite
22294,20,19
timeStep,numberOfRobotsOnBlackSite,numberOfRobotsOnWhiteSite
22295,20,19
timeStep,numberOfRobotsOnBlackSite,numberOfRobotsOnWhiteSite
22296,20,19
timeStep,numberOfRobotsOnBlackSite,numberOfRobotsOnWhiteSite
22297,20,19
timeStep,numberOfRobotsOnBlackSite,numberOfRobotsOnWhiteSite
22298,20,19
timeStep,numberOfRobotsOnBlackSite,numberOfRobotsOnWhiteSite
22299,20,19
timeStep,numberOfRobotsOnBlackSite,numberOfRobotsOnWhiteSite
22300,20,19
timeStep,numberOfRobotsOnBlackSite,numberOfRobotsOnWhiteSite
22301,20,19
timeStep,numberOfRobotsOnBlackSite,numberOfRobotsOnWhiteSite
22302,20,19
timeStep,numberOfRobotsOnBlackSite,numberOfRobotsOnWhiteSite
22303,20,19
timeStep,numberOfRobotsOnBlackSite,numberOfRobotsOnWhiteSite
22304,20,19
timeStep,numberOfRobotsOnBlackSite,numberOfRobotsOnWhiteSite
22305,20,19
timeStep,numberOfRobotsOnBlackSite,numberOfRobotsOnWhiteSite
22306,20,19
timeStep,numberOfRobotsOnBlackSite,numberOfRobotsOnWhiteSite
22307,20,19
timeStep,numberOfRobotsOnBlackSite,numberOfRobotsOnWhiteSite
22308,20,19
timeStep,numberOfRobotsOnBlackSite,numberOfRobotsOnWhiteSite
22309,20,19
timeStep,numberOfRobotsOnBlackSite,numberOfRobotsOnWhiteSite
22310,20,19
timeStep,numberOfRobotsOnBlackSite,numberOfRobotsOnWhiteSite
22311,20,19
timeStep,numberOfRobotsOnBlackSite,numberOfRobotsOnWhiteSite
22312,20,19
timeStep,numberOfRobotsOnBlackSite,numberOfRobotsOnWhiteSite
22313,20,19
timeStep,numberOfRobotsOnBlackSite,numberOfRobotsOnWhiteSite
22314,20,19
timeStep,numberOfRobotsOnBlackSite,numberOfRobotsOnWhiteSite
22315,20,19
timeStep,numberOfRobotsOnBlackSite,numberOfRobotsOnWhiteSite
22316,20,19
timeStep,numberOfRobotsOnBlackSite,numberOfRobotsOnWhiteSite
22317,20,19
timeStep,numberOfRobotsOnBlackSite,numberOfRobotsOnWhiteSite
22318,20,19
timeStep,numberOfRobotsOnBlackSite,numberOfRobotsOnWhiteSite
22319,20,19
timeStep,numberOfRobotsOnBlackSite,numberOfRobotsOnWhiteSite
22320,20,19
timeStep,numberOfRobotsOnBlackSite,numberOfRobotsOnWhiteSite
22321,20,19
timeStep,numberOfRobotsOnBlackSite,numberOfRobotsOnWhiteSite
22322,20,19
timeStep,numberOfRobotsOnBlackSite,numberOfRobotsOnWhiteSite
22323,20,19
timeStep,numberOfRobotsOnBlackSite,numberOfRobotsOnWhiteSite
22324,20,19
timeStep,numberOfRobotsOnBlackSite,numberOfRobotsOnWhiteSite
22325,20,19
timeStep,numberOfRobotsOnBlackSite,numberOfRobotsOnWhiteSite
22326,20,19
timeStep,numberOfRobotsOnBlackSite,numberOfRobotsOnWhiteSite
22327,20,19
timeStep,numberOfRobotsOnBlackSite,numberOfRobotsOnWhiteSite
22328,20,19
timeStep,numberOfRobotsOnBlackSite,numberOfRobotsOnWhiteSite
22329,20,19
timeStep,numberOfRobotsOnBlackSite,numberOfRobotsOnWhiteSite
22330,20,19
timeStep,numberOfRobotsOnBlackSite,numberOfRobotsOnWhiteSite
22331,20,19
timeStep,numberOfRobotsOnBlackSite,numberOfRobotsOnWhiteSite
22332,20,19
timeStep,numberOfRobotsOnBlackSite,numberOfRobotsOnWhiteSite
22333,20,19
timeStep,numberOfRobotsOnBlackSite,numberOfRobotsOnWhiteSite
22334,20,19
timeStep,numberOfRobotsOnBlackSite,numberOfRobotsOnWhiteSite
22335,20,19
timeStep,numberOfRobotsOnBlackSite,numberOfRobotsOnWhiteSite
22336,20,19
timeStep,numberOfRobotsOnBlackSite,numberOfRobotsOnWhiteSite
22337,20,19
timeStep,numberOfRobotsOnBlackSite,numberOfRobotsOnWhiteSite
22338,20,19
timeStep,numberOfRobotsOnBlackSite,numberOfRobotsOnWhiteSite
22339,20,19
timeStep,numberOfRobotsOnBlackSite,numberOfRobotsOnWhiteSite
22340,20,19
timeStep,numberOfRobotsOnBlackSite,numberOfRobotsOnWhiteSite
22341,20,19
timeStep,numberOfRobotsOnBlackSite,numberOfRobotsOnWhiteSite
22342,20,19
timeStep,numberOfRobotsOnBlackSite,numberOfRobotsOnWhiteSite
22343,20,19
timeStep,numberOfRobotsOnBlackSite,numberOfRobotsOnWhiteSite
22344,20,19
timeStep,numberOfRobotsOnBlackSite,numberOfRobotsOnWhiteSite
22345,20,19
timeStep,numberOfRobotsOnBlackSite,numberOfRobotsOnWhiteSite
22346,20,19
timeStep,numberOfRobotsOnBlackSite,numberOfRobotsOnWhiteSite
22347,20,19
timeStep,numberOfRobotsOnBlackSite,numberOfRobotsOnWhiteSite
22348,20,19
timeStep,numberOfRobotsOnBlackSite,numberOfRobotsOnWhiteSite
22349,20,19
timeStep,numberOfRobotsOnBlackSite,numberOfRobotsOnWhiteSite
22350,20,19
timeStep,numberOfRobotsOnBlackSite,numberOfRobotsOnWhiteSite
22351,20,19
timeStep,numberOfRobotsOnBlackSite,numberOfRobotsOnWhiteSite
22352,20,19
timeStep,numberOfRobotsOnBlackSite,numberOfRobotsOnWhiteSite
22353,20,19
timeStep,numberOfRobotsOnBlackSite,numberOfRobotsOnWhiteSite
22354,20,19
timeStep,numberOfRobotsOnBlackSite,numberOfRobotsOnWhiteSite
22355,20,19
timeStep,numberOfRobotsOnBlackSite,numberOfRobotsOnWhiteSite
22356,20,19
timeStep,numberOfRobotsOnBlackSite,numberOfRobotsOnWhiteSite
22357,20,19
timeStep,numberOfRobotsOnBlackSite,numberOfRobotsOnWhiteSite
22358,20,19
timeStep,numberOfRobotsOnBlackSite,numberOfRobotsOnWhiteSite
22359,20,19
timeStep,numberOfRobotsOnBlackSite,numberOfRobotsOnWhiteSite
22360,20,19
timeStep,numberOfRobotsOnBlackSite,numberOfRobotsOnWhiteSite
22361,20,19
timeStep,numberOfRobotsOnBlackSite,numberOfRobotsOnWhiteSite
22362,20,19
timeStep,numberOfRobotsOnBlackSite,numberOfRobotsOnWhiteSite
22363,20,19
timeStep,numberOfRobotsOnBlackSite,numberOfRobotsOnWhiteSite
22364,20,19
timeStep,numberOfRobotsOnBlackSite,numberOfRobotsOnWhiteSite
22365,20,19
timeStep,numberOfRobotsOnBlackSite,numberOfRobotsOnWhiteSite
22366,20,19
timeStep,numberOfRobotsOnBlackSite,numberOfRobotsOnWhiteSite
22367,20,19
timeStep,numberOfRobotsOnBlackSite,numberOfRobotsOnWhiteSite
22368,20,19
timeStep,numberOfRobotsOnBlackSite,numberOfRobotsOnWhiteSite
22369,20,19
timeStep,numberOfRobotsOnBlackSite,numberOfRobotsOnWhiteSite
22370,20,19
timeStep,numberOfRobotsOnBlackSite,numberOfRobotsOnWhiteSite
22371,20,19
timeStep,numberOfRobotsOnBlackSite,numberOfRobotsOnWhiteSite
22372,20,19
timeStep,numberOfRobotsOnBlackSite,numberOfRobotsOnWhiteSite
22373,20,19
timeStep,numberOfRobotsOnBlackSite,numberOfRobotsOnWhiteSite
22374,20,19
timeStep,numberOfRobotsOnBlackSite,numberOfRobotsOnWhiteSite
22375,20,19
timeStep,numberOfRobotsOnBlackSite,numberOfRobotsOnWhiteSite
22376,20,19
timeStep,numberOfRobotsOnBlackSite,numberOfRobotsOnWhiteSite
22377,20,19
timeStep,numberOfRobotsOnBlackSite,numberOfRobotsOnWhiteSite
22378,20,19
timeStep,numberOfRobotsOnBlackSite,numberOfRobotsOnWhiteSite
22379,20,19
timeStep,numberOfRobotsOnBlackSite,numberOfRobotsOnWhiteSite
22380,20,19
timeStep,numberOfRobotsOnBlackSite,numberOfRobotsOnWhiteSite
22381,20,19
timeStep,numberOfRobotsOnBlackSite,numberOfRobotsOnWhiteSite
22382,20,19
timeStep,numberOfRobotsOnBlackSite,numberOfRobotsOnWhiteSite
22383,20,19
timeStep,numberOfRobotsOnBlackSite,numberOfRobotsOnWhiteSite
22384,20,19
timeStep,numberOfRobotsOnBlackSite,numberOfRobotsOnWhiteSite
22385,20,18
timeStep,numberOfRobotsOnBlackSite,numberOfRobotsOnWhiteSite
22386,20,18
timeStep,numberOfRobotsOnBlackSite,numberOfRobotsOnWhiteSite
22387,20,18
timeStep,numberOfRobotsOnBlackSite,numberOfRobotsOnWhiteSite
22388,20,18
timeStep,numberOfRobotsOnBlackSite,numberOfRobotsOnWhiteSite
22389,20,18
timeStep,numberOfRobotsOnBlackSite,numberOfRobotsOnWhiteSite
22390,20,18
timeStep,numberOfRobotsOnBlackSite,numberOfRobotsOnWhiteSite
22391,20,18
timeStep,numberOfRobotsOnBlackSite,numberOfRobotsOnWhiteSite
22392,20,18
timeStep,numberOfRobotsOnBlackSite,numberOfRobotsOnWhiteSite
22393,20,18
timeStep,numberOfRobotsOnBlackSite,numberOfRobotsOnWhiteSite
22394,20,18
timeStep,numberOfRobotsOnBlackSite,numberOfRobotsOnWhiteSite
22395,20,18
timeStep,numberOfRobotsOnBlackSite,numberOfRobotsOnWhiteSite
22396,20,18
timeStep,numberOfRobotsOnBlackSite,numberOfRobotsOnWhiteSite
22397,20,18
timeStep,numberOfRobotsOnBlackSite,numberOfRobotsOnWhiteSite
22398,20,18
timeStep,numberOfRobotsOnBlackSite,numberOfRobotsOnWhiteSite
22399,20,18
timeStep,numberOfRobotsOnBlackSite,numberOfRobotsOnWhiteSite
22400,20,18
timeStep,numberOfRobotsOnBlackSite,numberOfRobotsOnWhiteSite
22401,20,18
timeStep,numberOfRobotsOnBlackSite,numberOfRobotsOnWhiteSite
22402,20,18
timeStep,numberOfRobotsOnBlackSite,numberOfRobotsOnWhiteSite
22403,20,18
timeStep,numberOfRobotsOnBlackSite,numberOfRobotsOnWhiteSite
22404,20,18
timeStep,numberOfRobotsOnBlackSite,numberOfRobotsOnWhiteSite
22405,19,18
timeStep,numberOfRobotsOnBlackSite,numberOfRobotsOnWhiteSite
22406,19,18
timeStep,numberOfRobotsOnBlackSite,numberOfRobotsOnWhiteSite
22407,19,18
timeStep,numberOfRobotsOnBlackSite,numberOfRobotsOnWhiteSite
22408,19,18
timeStep,numberOfRobotsOnBlackSite,numberOfRobotsOnWhiteSite
22409,19,18
timeStep,numberOfRobotsOnBlackSite,numberOfRobotsOnWhiteSite
22410,19,18
timeStep,numberOfRobotsOnBlackSite,numberOfRobotsOnWhiteSite
22411,19,18
timeStep,numberOfRobotsOnBlackSite,numberOfRobotsOnWhiteSite
22412,19,18
timeStep,numberOfRobotsOnBlackSite,numberOfRobotsOnWhiteSite
22413,19,18
timeStep,numberOfRobotsOnBlackSite,numberOfRobotsOnWhiteSite
22414,19,18
timeStep,numberOfRobotsOnBlackSite,numberOfRobotsOnWhiteSite
22415,19,18
timeStep,numberOfRobotsOnBlackSite,numberOfRobotsOnWhiteSite
22416,19,18
timeStep,numberOfRobotsOnBlackSite,numberOfRobotsOnWhiteSite
22417,19,18
timeStep,numberOfRobotsOnBlackSite,numberOfRobotsOnWhiteSite
22418,19,18
timeStep,numberOfRobotsOnBlackSite,numberOfRobotsOnWhiteSite
22419,19,18
timeStep,numberOfRobotsOnBlackSite,numberOfRobotsOnWhiteSite
22420,19,18
timeStep,numberOfRobotsOnBlackSite,numberOfRobotsOnWhiteSite
22421,19,18
timeStep,numberOfRobotsOnBlackSite,numberOfRobotsOnWhiteSite
22422,19,18
timeStep,numberOfRobotsOnBlackSite,numberOfRobotsOnWhiteSite
22423,19,18
timeStep,numberOfRobotsOnBlackSite,numberOfRobotsOnWhiteSite
22424,19,18
timeStep,numberOfRobotsOnBlackSite,numberOfRobotsOnWhiteSite
22425,19,18
timeStep,numberOfRobotsOnBlackSite,numberOfRobotsOnWhiteSite
22426,19,18
timeStep,numberOfRobotsOnBlackSite,numberOfRobotsOnWhiteSite
22427,19,18
timeStep,numberOfRobotsOnBlackSite,numberOfRobotsOnWhiteSite
22428,19,18
timeStep,numberOfRobotsOnBlackSite,numberOfRobotsOnWhiteSite
22429,19,18
timeStep,numberOfRobotsOnBlackSite,numberOfRobotsOnWhiteSite
22430,19,18
timeStep,numberOfRobotsOnBlackSite,numberOfRobotsOnWhiteSite
22431,19,18
timeStep,numberOfRobotsOnBlackSite,numberOfRobotsOnWhiteSite
22432,19,18
timeStep,numberOfRobotsOnBlackSite,numberOfRobotsOnWhiteSite
22433,19,18
timeStep,numberOfRobotsOnBlackSite,numberOfRobotsOnWhiteSite
22434,19,18
timeStep,numberOfRobotsOnBlackSite,numberOfRobotsOnWhiteSite
22435,19,18
timeStep,numberOfRobotsOnBlackSite,numberOfRobotsOnWhiteSite
22436,19,18
timeStep,numberOfRobotsOnBlackSite,numberOfRobotsOnWhiteSite
22437,19,18
timeStep,numberOfRobotsOnBlackSite,numberOfRobotsOnWhiteSite
22438,19,18
timeStep,numberOfRobotsOnBlackSite,numberOfRobotsOnWhiteSite
22439,19,18
timeStep,numberOfRobotsOnBlackSite,numberOfRobotsOnWhiteSite
22440,19,18
timeStep,numberOfRobotsOnBlackSite,numberOfRobotsOnWhiteSite
22441,19,18
timeStep,numberOfRobotsOnBlackSite,numberOfRobotsOnWhiteSite
22442,19,18
timeStep,numberOfRobotsOnBlackSite,numberOfRobotsOnWhiteSite
22443,19,18
timeStep,numberOfRobotsOnBlackSite,numberOfRobotsOnWhiteSite
22444,19,18
timeStep,numberOfRobotsOnBlackSite,numberOfRobotsOnWhiteSite
22445,19,18
timeStep,numberOfRobotsOnBlackSite,numberOfRobotsOnWhiteSite
22446,19,18
timeStep,numberOfRobotsOnBlackSite,numberOfRobotsOnWhiteSite
22447,19,18
timeStep,numberOfRobotsOnBlackSite,numberOfRobotsOnWhiteSite
22448,19,18
timeStep,numberOfRobotsOnBlackSite,numberOfRobotsOnWhiteSite
22449,19,18
timeStep,numberOfRobotsOnBlackSite,numberOfRobotsOnWhiteSite
22450,19,18
timeStep,numberOfRobotsOnBlackSite,numberOfRobotsOnWhiteSite
22451,19,18
timeStep,numberOfRobotsOnBlackSite,numberOfRobotsOnWhiteSite
22452,19,18
timeStep,numberOfRobotsOnBlackSite,numberOfRobotsOnWhiteSite
22453,19,18
timeStep,numberOfRobotsOnBlackSite,numberOfRobotsOnWhiteSite
22454,19,18
timeStep,numberOfRobotsOnBlackSite,numberOfRobotsOnWhiteSite
22455,19,18
timeStep,numberOfRobotsOnBlackSite,numberOfRobotsOnWhiteSite
22456,19,18
timeStep,numberOfRobotsOnBlackSite,numberOfRobotsOnWhiteSite
22457,19,18
timeStep,numberOfRobotsOnBlackSite,numberOfRobotsOnWhiteSite
22458,19,18
timeStep,numberOfRobotsOnBlackSite,numberOfRobotsOnWhiteSite
22459,19,18
timeStep,numberOfRobotsOnBlackSite,numberOfRobotsOnWhiteSite
22460,19,18
timeStep,numberOfRobotsOnBlackSite,numberOfRobotsOnWhiteSite
22461,19,18
timeStep,numberOfRobotsOnBlackSite,numberOfRobotsOnWhiteSite
22462,19,18
timeStep,numberOfRobotsOnBlackSite,numberOfRobotsOnWhiteSite
22463,19,18
timeStep,numberOfRobotsOnBlackSite,numberOfRobotsOnWhiteSite
22464,19,18
timeStep,numberOfRobotsOnBlackSite,numberOfRobotsOnWhiteSite
22465,19,18
timeStep,numberOfRobotsOnBlackSite,numberOfRobotsOnWhiteSite
22466,19,18
timeStep,numberOfRobotsOnBlackSite,numberOfRobotsOnWhiteSite
22467,19,18
timeStep,numberOfRobotsOnBlackSite,numberOfRobotsOnWhiteSite
22468,19,18
timeStep,numberOfRobotsOnBlackSite,numberOfRobotsOnWhiteSite
22469,19,18
timeStep,numberOfRobotsOnBlackSite,numberOfRobotsOnWhiteSite
22470,19,18
timeStep,numberOfRobotsOnBlackSite,numberOfRobotsOnWhiteSite
22471,19,18
timeStep,numberOfRobotsOnBlackSite,numberOfRobotsOnWhiteSite
22472,19,18
timeStep,numberOfRobotsOnBlackSite,numberOfRobotsOnWhiteSite
22473,19,18
timeStep,numberOfRobotsOnBlackSite,numberOfRobotsOnWhiteSite
22474,19,18
timeStep,numberOfRobotsOnBlackSite,numberOfRobotsOnWhiteSite
22475,18,18
timeStep,numberOfRobotsOnBlackSite,numberOfRobotsOnWhiteSite
22476,18,18
timeStep,numberOfRobotsOnBlackSite,numberOfRobotsOnWhiteSite
22477,18,18
timeStep,numberOfRobotsOnBlackSite,numberOfRobotsOnWhiteSite
22478,18,18
timeStep,numberOfRobotsOnBlackSite,numberOfRobotsOnWhiteSite
22479,18,18
timeStep,numberOfRobotsOnBlackSite,numberOfRobotsOnWhiteSite
22480,18,18
timeStep,numberOfRobotsOnBlackSite,numberOfRobotsOnWhiteSite
22481,18,18
timeStep,numberOfRobotsOnBlackSite,numberOfRobotsOnWhiteSite
22482,18,18
timeStep,numberOfRobotsOnBlackSite,numberOfRobotsOnWhiteSite
22483,18,18
timeStep,numberOfRobotsOnBlackSite,numberOfRobotsOnWhiteSite
22484,18,18
timeStep,numberOfRobotsOnBlackSite,numberOfRobotsOnWhiteSite
22485,18,18
timeStep,numberOfRobotsOnBlackSite,numberOfRobotsOnWhiteSite
22486,18,18
timeStep,numberOfRobotsOnBlackSite,numberOfRobotsOnWhiteSite
22487,18,18
timeStep,numberOfRobotsOnBlackSite,numberOfRobotsOnWhiteSite
22488,18,18
timeStep,numberOfRobotsOnBlackSite,numberOfRobotsOnWhiteSite
22489,18,18
timeStep,numberOfRobotsOnBlackSite,numberOfRobotsOnWhiteSite
22490,18,18
timeStep,numberOfRobotsOnBlackSite,numberOfRobotsOnWhiteSite
22491,18,18
timeStep,numberOfRobotsOnBlackSite,numberOfRobotsOnWhiteSite
22492,18,18
timeStep,numberOfRobotsOnBlackSite,numberOfRobotsOnWhiteSite
22493,18,18
timeStep,numberOfRobotsOnBlackSite,numberOfRobotsOnWhiteSite
22494,18,18
timeStep,numberOfRobotsOnBlackSite,numberOfRobotsOnWhiteSite
22495,18,18
timeStep,numberOfRobotsOnBlackSite,numberOfRobotsOnWhiteSite
22496,18,18
timeStep,numberOfRobotsOnBlackSite,numberOfRobotsOnWhiteSite
22497,18,18
timeStep,numberOfRobotsOnBlackSite,numberOfRobotsOnWhiteSite
22498,18,18
timeStep,numberOfRobotsOnBlackSite,numberOfRobotsOnWhiteSite
22499,18,18
timeStep,numberOfRobotsOnBlackSite,numberOfRobotsOnWhiteSite
22500,17,18
timeStep,numberOfRobotsOnBlackSite,numberOfRobotsOnWhiteSite
22501,17,18
timeStep,numberOfRobotsOnBlackSite,numberOfRobotsOnWhiteSite
22502,17,18
timeStep,numberOfRobotsOnBlackSite,numberOfRobotsOnWhiteSite
22503,17,18
timeStep,numberOfRobotsOnBlackSite,numberOfRobotsOnWhiteSite
22504,17,18
timeStep,numberOfRobotsOnBlackSite,numberOfRobotsOnWhiteSite
22505,17,18
timeStep,numberOfRobotsOnBlackSite,numberOfRobotsOnWhiteSite
22506,17,18
timeStep,numberOfRobotsOnBlackSite,numberOfRobotsOnWhiteSite
22507,17,18
timeStep,numberOfRobotsOnBlackSite,numberOfRobotsOnWhiteSite
22508,17,18
timeStep,numberOfRobotsOnBlackSite,numberOfRobotsOnWhiteSite
22509,17,18
timeStep,numberOfRobotsOnBlackSite,numberOfRobotsOnWhiteSite
22510,17,18
timeStep,numberOfRobotsOnBlackSite,numberOfRobotsOnWhiteSite
22511,17,18
timeStep,numberOfRobotsOnBlackSite,numberOfRobotsOnWhiteSite
22512,17,18
timeStep,numberOfRobotsOnBlackSite,numberOfRobotsOnWhiteSite
22513,17,18
timeStep,numberOfRobotsOnBlackSite,numberOfRobotsOnWhiteSite
22514,17,18
timeStep,numberOfRobotsOnBlackSite,numberOfRobotsOnWhiteSite
22515,17,18
timeStep,numberOfRobotsOnBlackSite,numberOfRobotsOnWhiteSite
22516,17,18
timeStep,numberOfRobotsOnBlackSite,numberOfRobotsOnWhiteSite
22517,17,18
timeStep,numberOfRobotsOnBlackSite,numberOfRobotsOnWhiteSite
22518,17,18
timeStep,numberOfRobotsOnBlackSite,numberOfRobotsOnWhiteSite
22519,17,18
timeStep,numberOfRobotsOnBlackSite,numberOfRobotsOnWhiteSite
22520,17,18
timeStep,numberOfRobotsOnBlackSite,numberOfRobotsOnWhiteSite
22521,17,18
timeStep,numberOfRobotsOnBlackSite,numberOfRobotsOnWhiteSite
22522,17,18
timeStep,numberOfRobotsOnBlackSite,numberOfRobotsOnWhiteSite
22523,17,18
timeStep,numberOfRobotsOnBlackSite,numberOfRobotsOnWhiteSite
22524,17,18
timeStep,numberOfRobotsOnBlackSite,numberOfRobotsOnWhiteSite
22525,18,18
timeStep,numberOfRobotsOnBlackSite,numberOfRobotsOnWhiteSite
22526,18,18
timeStep,numberOfRobotsOnBlackSite,numberOfRobotsOnWhiteSite
22527,18,18
timeStep,numberOfRobotsOnBlackSite,numberOfRobotsOnWhiteSite
22528,18,18
timeStep,numberOfRobotsOnBlackSite,numberOfRobotsOnWhiteSite
22529,18,18
timeStep,numberOfRobotsOnBlackSite,numberOfRobotsOnWhiteSite
22530,18,18
timeStep,numberOfRobotsOnBlackSite,numberOfRobotsOnWhiteSite
22531,18,18
timeStep,numberOfRobotsOnBlackSite,numberOfRobotsOnWhiteSite
22532,18,18
timeStep,numberOfRobotsOnBlackSite,numberOfRobotsOnWhiteSite
22533,18,18
timeStep,numberOfRobotsOnBlackSite,numberOfRobotsOnWhiteSite
22534,18,18
timeStep,numberOfRobotsOnBlackSite,numberOfRobotsOnWhiteSite
22535,18,18
timeStep,numberOfRobotsOnBlackSite,numberOfRobotsOnWhiteSite
22536,18,18
timeStep,numberOfRobotsOnBlackSite,numberOfRobotsOnWhiteSite
22537,18,18
timeStep,numberOfRobotsOnBlackSite,numberOfRobotsOnWhiteSite
22538,18,18
timeStep,numberOfRobotsOnBlackSite,numberOfRobotsOnWhiteSite
22539,18,18
timeStep,numberOfRobotsOnBlackSite,numberOfRobotsOnWhiteSite
22540,18,18
timeStep,numberOfRobotsOnBlackSite,numberOfRobotsOnWhiteSite
22541,18,18
timeStep,numberOfRobotsOnBlackSite,numberOfRobotsOnWhiteSite
22542,18,18
timeStep,numberOfRobotsOnBlackSite,numberOfRobotsOnWhiteSite
22543,18,18
timeStep,numberOfRobotsOnBlackSite,numberOfRobotsOnWhiteSite
22544,18,18
timeStep,numberOfRobotsOnBlackSite,numberOfRobotsOnWhiteSite
22545,18,18
timeStep,numberOfRobotsOnBlackSite,numberOfRobotsOnWhiteSite
22546,18,18
timeStep,numberOfRobotsOnBlackSite,numberOfRobotsOnWhiteSite
22547,18,18
timeStep,numberOfRobotsOnBlackSite,numberOfRobotsOnWhiteSite
22548,18,18
timeStep,numberOfRobotsOnBlackSite,numberOfRobotsOnWhiteSite
22549,18,18
timeStep,numberOfRobotsOnBlackSite,numberOfRobotsOnWhiteSite
22550,18,18
timeStep,numberOfRobotsOnBlackSite,numberOfRobotsOnWhiteSite
22551,18,18
timeStep,numberOfRobotsOnBlackSite,numberOfRobotsOnWhiteSite
22552,18,18
timeStep,numberOfRobotsOnBlackSite,numberOfRobotsOnWhiteSite
22553,18,18
timeStep,numberOfRobotsOnBlackSite,numberOfRobotsOnWhiteSite
22554,18,18
timeStep,numberOfRobotsOnBlackSite,numberOfRobotsOnWhiteSite
22555,18,18
timeStep,numberOfRobotsOnBlackSite,numberOfRobotsOnWhiteSite
22556,18,18
timeStep,numberOfRobotsOnBlackSite,numberOfRobotsOnWhiteSite
22557,18,18
timeStep,numberOfRobotsOnBlackSite,numberOfRobotsOnWhiteSite
22558,18,18
timeStep,numberOfRobotsOnBlackSite,numberOfRobotsOnWhiteSite
22559,18,18
timeStep,numberOfRobotsOnBlackSite,numberOfRobotsOnWhiteSite
22560,18,18
timeStep,numberOfRobotsOnBlackSite,numberOfRobotsOnWhiteSite
22561,18,18
timeStep,numberOfRobotsOnBlackSite,numberOfRobotsOnWhiteSite
22562,18,18
timeStep,numberOfRobotsOnBlackSite,numberOfRobotsOnWhiteSite
22563,18,18
timeStep,numberOfRobotsOnBlackSite,numberOfRobotsOnWhiteSite
22564,18,18
timeStep,numberOfRobotsOnBlackSite,numberOfRobotsOnWhiteSite
22565,18,18
timeStep,numberOfRobotsOnBlackSite,numberOfRobotsOnWhiteSite
22566,18,18
timeStep,numberOfRobotsOnBlackSite,numberOfRobotsOnWhiteSite
22567,18,18
timeStep,numberOfRobotsOnBlackSite,numberOfRobotsOnWhiteSite
22568,18,18
timeStep,numberOfRobotsOnBlackSite,numberOfRobotsOnWhiteSite
22569,18,18
timeStep,numberOfRobotsOnBlackSite,numberOfRobotsOnWhiteSite
22570,18,18
timeStep,numberOfRobotsOnBlackSite,numberOfRobotsOnWhiteSite
22571,18,18
timeStep,numberOfRobotsOnBlackSite,numberOfRobotsOnWhiteSite
22572,18,18
timeStep,numberOfRobotsOnBlackSite,numberOfRobotsOnWhiteSite
22573,18,18
timeStep,numberOfRobotsOnBlackSite,numberOfRobotsOnWhiteSite
22574,18,18
timeStep,numberOfRobotsOnBlackSite,numberOfRobotsOnWhiteSite
22575,18,18
timeStep,numberOfRobotsOnBlackSite,numberOfRobotsOnWhiteSite
22576,18,18
timeStep,numberOfRobotsOnBlackSite,numberOfRobotsOnWhiteSite
22577,18,18
timeStep,numberOfRobotsOnBlackSite,numberOfRobotsOnWhiteSite
22578,18,18
timeStep,numberOfRobotsOnBlackSite,numberOfRobotsOnWhiteSite
22579,18,18
timeStep,numberOfRobotsOnBlackSite,numberOfRobotsOnWhiteSite
22580,18,18
timeStep,numberOfRobotsOnBlackSite,numberOfRobotsOnWhiteSite
22581,18,18
timeStep,numberOfRobotsOnBlackSite,numberOfRobotsOnWhiteSite
22582,18,18
timeStep,numberOfRobotsOnBlackSite,numberOfRobotsOnWhiteSite
22583,18,18
timeStep,numberOfRobotsOnBlackSite,numberOfRobotsOnWhiteSite
22584,18,18
timeStep,numberOfRobotsOnBlackSite,numberOfRobotsOnWhiteSite
22585,18,18
timeStep,numberOfRobotsOnBlackSite,numberOfRobotsOnWhiteSite
22586,18,18
timeStep,numberOfRobotsOnBlackSite,numberOfRobotsOnWhiteSite
22587,18,18
timeStep,numberOfRobotsOnBlackSite,numberOfRobotsOnWhiteSite
22588,18,18
timeStep,numberOfRobotsOnBlackSite,numberOfRobotsOnWhiteSite
22589,18,18
timeStep,numberOfRobotsOnBlackSite,numberOfRobotsOnWhiteSite
22590,18,18
timeStep,numberOfRobotsOnBlackSite,numberOfRobotsOnWhiteSite
22591,18,18
timeStep,numberOfRobotsOnBlackSite,numberOfRobotsOnWhiteSite
22592,18,18
timeStep,numberOfRobotsOnBlackSite,numberOfRobotsOnWhiteSite
22593,18,18
timeStep,numberOfRobotsOnBlackSite,numberOfRobotsOnWhiteSite
22594,18,18
timeStep,numberOfRobotsOnBlackSite,numberOfRobotsOnWhiteSite
22595,18,18
timeStep,numberOfRobotsOnBlackSite,numberOfRobotsOnWhiteSite
22596,18,18
timeStep,numberOfRobotsOnBlackSite,numberOfRobotsOnWhiteSite
22597,18,18
timeStep,numberOfRobotsOnBlackSite,numberOfRobotsOnWhiteSite
22598,18,18
timeStep,numberOfRobotsOnBlackSite,numberOfRobotsOnWhiteSite
22599,18,18
timeStep,numberOfRobotsOnBlackSite,numberOfRobotsOnWhiteSite
22600,18,18
timeStep,numberOfRobotsOnBlackSite,numberOfRobotsOnWhiteSite
22601,18,18
timeStep,numberOfRobotsOnBlackSite,numberOfRobotsOnWhiteSite
22602,18,18
timeStep,numberOfRobotsOnBlackSite,numberOfRobotsOnWhiteSite
22603,18,18
timeStep,numberOfRobotsOnBlackSite,numberOfRobotsOnWhiteSite
22604,18,18
timeStep,numberOfRobotsOnBlackSite,numberOfRobotsOnWhiteSite
22605,18,18
timeStep,numberOfRobotsOnBlackSite,numberOfRobotsOnWhiteSite
22606,18,18
timeStep,numberOfRobotsOnBlackSite,numberOfRobotsOnWhiteSite
22607,18,18
timeStep,numberOfRobotsOnBlackSite,numberOfRobotsOnWhiteSite
22608,18,18
timeStep,numberOfRobotsOnBlackSite,numberOfRobotsOnWhiteSite
22609,18,18
timeStep,numberOfRobotsOnBlackSite,numberOfRobotsOnWhiteSite
22610,18,18
timeStep,numberOfRobotsOnBlackSite,numberOfRobotsOnWhiteSite
22611,18,18
timeStep,numberOfRobotsOnBlackSite,numberOfRobotsOnWhiteSite
22612,18,18
timeStep,numberOfRobotsOnBlackSite,numberOfRobotsOnWhiteSite
22613,18,18
timeStep,numberOfRobotsOnBlackSite,numberOfRobotsOnWhiteSite
22614,18,18
timeStep,numberOfRobotsOnBlackSite,numberOfRobotsOnWhiteSite
22615,18,18
timeStep,numberOfRobotsOnBlackSite,numberOfRobotsOnWhiteSite
22616,18,18
timeStep,numberOfRobotsOnBlackSite,numberOfRobotsOnWhiteSite
22617,18,18
timeStep,numberOfRobotsOnBlackSite,numberOfRobotsOnWhiteSite
22618,18,18
timeStep,numberOfRobotsOnBlackSite,numberOfRobotsOnWhiteSite
22619,18,18
timeStep,numberOfRobotsOnBlackSite,numberOfRobotsOnWhiteSite
22620,18,18
timeStep,numberOfRobotsOnBlackSite,numberOfRobotsOnWhiteSite
22621,18,18
timeStep,numberOfRobotsOnBlackSite,numberOfRobotsOnWhiteSite
22622,18,18
timeStep,numberOfRobotsOnBlackSite,numberOfRobotsOnWhiteSite
22623,18,18
timeStep,numberOfRobotsOnBlackSite,numberOfRobotsOnWhiteSite
22624,18,18
timeStep,numberOfRobotsOnBlackSite,numberOfRobotsOnWhiteSite
22625,18,18
timeStep,numberOfRobotsOnBlackSite,numberOfRobotsOnWhiteSite
22626,18,18
timeStep,numberOfRobotsOnBlackSite,numberOfRobotsOnWhiteSite
22627,18,18
timeStep,numberOfRobotsOnBlackSite,numberOfRobotsOnWhiteSite
22628,18,18
timeStep,numberOfRobotsOnBlackSite,numberOfRobotsOnWhiteSite
22629,18,18
timeStep,numberOfRobotsOnBlackSite,numberOfRobotsOnWhiteSite
22630,18,18
timeStep,numberOfRobotsOnBlackSite,numberOfRobotsOnWhiteSite
22631,18,18
timeStep,numberOfRobotsOnBlackSite,numberOfRobotsOnWhiteSite
22632,18,18
timeStep,numberOfRobotsOnBlackSite,numberOfRobotsOnWhiteSite
22633,18,18
timeStep,numberOfRobotsOnBlackSite,numberOfRobotsOnWhiteSite
22634,18,18
timeStep,numberOfRobotsOnBlackSite,numberOfRobotsOnWhiteSite
22635,19,18
timeStep,numberOfRobotsOnBlackSite,numberOfRobotsOnWhiteSite
22636,19,18
timeStep,numberOfRobotsOnBlackSite,numberOfRobotsOnWhiteSite
22637,19,18
timeStep,numberOfRobotsOnBlackSite,numberOfRobotsOnWhiteSite
22638,19,18
timeStep,numberOfRobotsOnBlackSite,numberOfRobotsOnWhiteSite
22639,19,18
timeStep,numberOfRobotsOnBlackSite,numberOfRobotsOnWhiteSite
22640,19,18
timeStep,numberOfRobotsOnBlackSite,numberOfRobotsOnWhiteSite
22641,19,18
timeStep,numberOfRobotsOnBlackSite,numberOfRobotsOnWhiteSite
22642,19,18
timeStep,numberOfRobotsOnBlackSite,numberOfRobotsOnWhiteSite
22643,19,18
timeStep,numberOfRobotsOnBlackSite,numberOfRobotsOnWhiteSite
22644,19,18
timeStep,numberOfRobotsOnBlackSite,numberOfRobotsOnWhiteSite
22645,18,18
timeStep,numberOfRobotsOnBlackSite,numberOfRobotsOnWhiteSite
22646,18,18
timeStep,numberOfRobotsOnBlackSite,numberOfRobotsOnWhiteSite
22647,18,18
timeStep,numberOfRobotsOnBlackSite,numberOfRobotsOnWhiteSite
22648,18,18
timeStep,numberOfRobotsOnBlackSite,numberOfRobotsOnWhiteSite
22649,18,18
timeStep,numberOfRobotsOnBlackSite,numberOfRobotsOnWhiteSite
22650,18,18
timeStep,numberOfRobotsOnBlackSite,numberOfRobotsOnWhiteSite
22651,18,18
timeStep,numberOfRobotsOnBlackSite,numberOfRobotsOnWhiteSite
22652,18,18
timeStep,numberOfRobotsOnBlackSite,numberOfRobotsOnWhiteSite
22653,18,18
timeStep,numberOfRobotsOnBlackSite,numberOfRobotsOnWhiteSite
22654,18,18
timeStep,numberOfRobotsOnBlackSite,numberOfRobotsOnWhiteSite
22655,19,18
timeStep,numberOfRobotsOnBlackSite,numberOfRobotsOnWhiteSite
22656,19,18
timeStep,numberOfRobotsOnBlackSite,numberOfRobotsOnWhiteSite
22657,19,18
timeStep,numberOfRobotsOnBlackSite,numberOfRobotsOnWhiteSite
22658,19,18
timeStep,numberOfRobotsOnBlackSite,numberOfRobotsOnWhiteSite
22659,19,18
timeStep,numberOfRobotsOnBlackSite,numberOfRobotsOnWhiteSite
22660,19,18
timeStep,numberOfRobotsOnBlackSite,numberOfRobotsOnWhiteSite
22661,19,18
timeStep,numberOfRobotsOnBlackSite,numberOfRobotsOnWhiteSite
22662,19,18
timeStep,numberOfRobotsOnBlackSite,numberOfRobotsOnWhiteSite
22663,19,18
timeStep,numberOfRobotsOnBlackSite,numberOfRobotsOnWhiteSite
22664,19,18
timeStep,numberOfRobotsOnBlackSite,numberOfRobotsOnWhiteSite
22665,19,18
timeStep,numberOfRobotsOnBlackSite,numberOfRobotsOnWhiteSite
22666,19,18
timeStep,numberOfRobotsOnBlackSite,numberOfRobotsOnWhiteSite
22667,19,18
timeStep,numberOfRobotsOnBlackSite,numberOfRobotsOnWhiteSite
22668,19,18
timeStep,numberOfRobotsOnBlackSite,numberOfRobotsOnWhiteSite
22669,19,18
timeStep,numberOfRobotsOnBlackSite,numberOfRobotsOnWhiteSite
22670,20,18
timeStep,numberOfRobotsOnBlackSite,numberOfRobotsOnWhiteSite
22671,20,18
timeStep,numberOfRobotsOnBlackSite,numberOfRobotsOnWhiteSite
22672,20,18
timeStep,numberOfRobotsOnBlackSite,numberOfRobotsOnWhiteSite
22673,20,18
timeStep,numberOfRobotsOnBlackSite,numberOfRobotsOnWhiteSite
22674,20,18
timeStep,numberOfRobotsOnBlackSite,numberOfRobotsOnWhiteSite
22675,20,18
timeStep,numberOfRobotsOnBlackSite,numberOfRobotsOnWhiteSite
22676,20,18
timeStep,numberOfRobotsOnBlackSite,numberOfRobotsOnWhiteSite
22677,20,18
timeStep,numberOfRobotsOnBlackSite,numberOfRobotsOnWhiteSite
22678,20,18
timeStep,numberOfRobotsOnBlackSite,numberOfRobotsOnWhiteSite
22679,20,18
timeStep,numberOfRobotsOnBlackSite,numberOfRobotsOnWhiteSite
22680,20,18
timeStep,numberOfRobotsOnBlackSite,numberOfRobotsOnWhiteSite
22681,20,18
timeStep,numberOfRobotsOnBlackSite,numberOfRobotsOnWhiteSite
22682,20,18
timeStep,numberOfRobotsOnBlackSite,numberOfRobotsOnWhiteSite
22683,20,18
timeStep,numberOfRobotsOnBlackSite,numberOfRobotsOnWhiteSite
22684,20,18
timeStep,numberOfRobotsOnBlackSite,numberOfRobotsOnWhiteSite
22685,20,18
timeStep,numberOfRobotsOnBlackSite,numberOfRobotsOnWhiteSite
22686,20,18
timeStep,numberOfRobotsOnBlackSite,numberOfRobotsOnWhiteSite
22687,20,18
timeStep,numberOfRobotsOnBlackSite,numberOfRobotsOnWhiteSite
22688,20,18
timeStep,numberOfRobotsOnBlackSite,numberOfRobotsOnWhiteSite
22689,20,18
timeStep,numberOfRobotsOnBlackSite,numberOfRobotsOnWhiteSite
22690,20,18
timeStep,numberOfRobotsOnBlackSite,numberOfRobotsOnWhiteSite
22691,20,18
timeStep,numberOfRobotsOnBlackSite,numberOfRobotsOnWhiteSite
22692,20,18
timeStep,numberOfRobotsOnBlackSite,numberOfRobotsOnWhiteSite
22693,20,18
timeStep,numberOfRobotsOnBlackSite,numberOfRobotsOnWhiteSite
22694,20,18
timeStep,numberOfRobotsOnBlackSite,numberOfRobotsOnWhiteSite
22695,20,18
timeStep,numberOfRobotsOnBlackSite,numberOfRobotsOnWhiteSite
22696,20,18
timeStep,numberOfRobotsOnBlackSite,numberOfRobotsOnWhiteSite
22697,20,18
timeStep,numberOfRobotsOnBlackSite,numberOfRobotsOnWhiteSite
22698,20,18
timeStep,numberOfRobotsOnBlackSite,numberOfRobotsOnWhiteSite
22699,20,18
timeStep,numberOfRobotsOnBlackSite,numberOfRobotsOnWhiteSite
22700,20,18
timeStep,numberOfRobotsOnBlackSite,numberOfRobotsOnWhiteSite
22701,20,18
timeStep,numberOfRobotsOnBlackSite,numberOfRobotsOnWhiteSite
22702,20,18
timeStep,numberOfRobotsOnBlackSite,numberOfRobotsOnWhiteSite
22703,20,18
timeStep,numberOfRobotsOnBlackSite,numberOfRobotsOnWhiteSite
22704,20,18
timeStep,numberOfRobotsOnBlackSite,numberOfRobotsOnWhiteSite
22705,20,18
timeStep,numberOfRobotsOnBlackSite,numberOfRobotsOnWhiteSite
22706,20,18
timeStep,numberOfRobotsOnBlackSite,numberOfRobotsOnWhiteSite
22707,20,18
timeStep,numberOfRobotsOnBlackSite,numberOfRobotsOnWhiteSite
22708,20,18
timeStep,numberOfRobotsOnBlackSite,numberOfRobotsOnWhiteSite
22709,20,18
timeStep,numberOfRobotsOnBlackSite,numberOfRobotsOnWhiteSite
22710,20,18
timeStep,numberOfRobotsOnBlackSite,numberOfRobotsOnWhiteSite
22711,20,18
timeStep,numberOfRobotsOnBlackSite,numberOfRobotsOnWhiteSite
22712,20,18
timeStep,numberOfRobotsOnBlackSite,numberOfRobotsOnWhiteSite
22713,20,18
timeStep,numberOfRobotsOnBlackSite,numberOfRobotsOnWhiteSite
22714,20,18
timeStep,numberOfRobotsOnBlackSite,numberOfRobotsOnWhiteSite
22715,20,18
timeStep,numberOfRobotsOnBlackSite,numberOfRobotsOnWhiteSite
22716,20,18
timeStep,numberOfRobotsOnBlackSite,numberOfRobotsOnWhiteSite
22717,20,18
timeStep,numberOfRobotsOnBlackSite,numberOfRobotsOnWhiteSite
22718,20,18
timeStep,numberOfRobotsOnBlackSite,numberOfRobotsOnWhiteSite
22719,20,18
timeStep,numberOfRobotsOnBlackSite,numberOfRobotsOnWhiteSite
22720,20,18
timeStep,numberOfRobotsOnBlackSite,numberOfRobotsOnWhiteSite
22721,20,18
timeStep,numberOfRobotsOnBlackSite,numberOfRobotsOnWhiteSite
22722,20,18
timeStep,numberOfRobotsOnBlackSite,numberOfRobotsOnWhiteSite
22723,20,18
timeStep,numberOfRobotsOnBlackSite,numberOfRobotsOnWhiteSite
22724,20,18
timeStep,numberOfRobotsOnBlackSite,numberOfRobotsOnWhiteSite
22725,20,18
timeStep,numberOfRobotsOnBlackSite,numberOfRobotsOnWhiteSite
22726,20,18
timeStep,numberOfRobotsOnBlackSite,numberOfRobotsOnWhiteSite
22727,20,18
timeStep,numberOfRobotsOnBlackSite,numberOfRobotsOnWhiteSite
22728,20,18
timeStep,numberOfRobotsOnBlackSite,numberOfRobotsOnWhiteSite
22729,20,18
timeStep,numberOfRobotsOnBlackSite,numberOfRobotsOnWhiteSite
22730,20,18
timeStep,numberOfRobotsOnBlackSite,numberOfRobotsOnWhiteSite
22731,20,18
timeStep,numberOfRobotsOnBlackSite,numberOfRobotsOnWhiteSite
22732,20,18
timeStep,numberOfRobotsOnBlackSite,numberOfRobotsOnWhiteSite
22733,20,18
timeStep,numberOfRobotsOnBlackSite,numberOfRobotsOnWhiteSite
22734,20,18
timeStep,numberOfRobotsOnBlackSite,numberOfRobotsOnWhiteSite
22735,20,18
timeStep,numberOfRobotsOnBlackSite,numberOfRobotsOnWhiteSite
22736,20,18
timeStep,numberOfRobotsOnBlackSite,numberOfRobotsOnWhiteSite
22737,20,18
timeStep,numberOfRobotsOnBlackSite,numberOfRobotsOnWhiteSite
22738,20,18
timeStep,numberOfRobotsOnBlackSite,numberOfRobotsOnWhiteSite
22739,20,18
timeStep,numberOfRobotsOnBlackSite,numberOfRobotsOnWhiteSite
22740,20,18
timeStep,numberOfRobotsOnBlackSite,numberOfRobotsOnWhiteSite
22741,20,18
timeStep,numberOfRobotsOnBlackSite,numberOfRobotsOnWhiteSite
22742,20,18
timeStep,numberOfRobotsOnBlackSite,numberOfRobotsOnWhiteSite
22743,20,18
timeStep,numberOfRobotsOnBlackSite,numberOfRobotsOnWhiteSite
22744,20,18
timeStep,numberOfRobotsOnBlackSite,numberOfRobotsOnWhiteSite
22745,20,18
timeStep,numberOfRobotsOnBlackSite,numberOfRobotsOnWhiteSite
22746,20,18
timeStep,numberOfRobotsOnBlackSite,numberOfRobotsOnWhiteSite
22747,20,18
timeStep,numberOfRobotsOnBlackSite,numberOfRobotsOnWhiteSite
22748,20,18
timeStep,numberOfRobotsOnBlackSite,numberOfRobotsOnWhiteSite
22749,20,18
timeStep,numberOfRobotsOnBlackSite,numberOfRobotsOnWhiteSite
22750,20,18
timeStep,numberOfRobotsOnBlackSite,numberOfRobotsOnWhiteSite
22751,20,18
timeStep,numberOfRobotsOnBlackSite,numberOfRobotsOnWhiteSite
22752,20,18
timeStep,numberOfRobotsOnBlackSite,numberOfRobotsOnWhiteSite
22753,20,18
timeStep,numberOfRobotsOnBlackSite,numberOfRobotsOnWhiteSite
22754,20,18
timeStep,numberOfRobotsOnBlackSite,numberOfRobotsOnWhiteSite
22755,19,18
timeStep,numberOfRobotsOnBlackSite,numberOfRobotsOnWhiteSite
22756,19,18
timeStep,numberOfRobotsOnBlackSite,numberOfRobotsOnWhiteSite
22757,19,18
timeStep,numberOfRobotsOnBlackSite,numberOfRobotsOnWhiteSite
22758,19,18
timeStep,numberOfRobotsOnBlackSite,numberOfRobotsOnWhiteSite
22759,19,18
timeStep,numberOfRobotsOnBlackSite,numberOfRobotsOnWhiteSite
22760,19,18
timeStep,numberOfRobotsOnBlackSite,numberOfRobotsOnWhiteSite
22761,19,18
timeStep,numberOfRobotsOnBlackSite,numberOfRobotsOnWhiteSite
22762,19,18
timeStep,numberOfRobotsOnBlackSite,numberOfRobotsOnWhiteSite
22763,19,18
timeStep,numberOfRobotsOnBlackSite,numberOfRobotsOnWhiteSite
22764,19,18
timeStep,numberOfRobotsOnBlackSite,numberOfRobotsOnWhiteSite
22765,19,18
timeStep,numberOfRobotsOnBlackSite,numberOfRobotsOnWhiteSite
22766,19,18
timeStep,numberOfRobotsOnBlackSite,numberOfRobotsOnWhiteSite
22767,19,18
timeStep,numberOfRobotsOnBlackSite,numberOfRobotsOnWhiteSite
22768,19,18
timeStep,numberOfRobotsOnBlackSite,numberOfRobotsOnWhiteSite
22769,19,18
timeStep,numberOfRobotsOnBlackSite,numberOfRobotsOnWhiteSite
22770,19,18
timeStep,numberOfRobotsOnBlackSite,numberOfRobotsOnWhiteSite
22771,19,18
timeStep,numberOfRobotsOnBlackSite,numberOfRobotsOnWhiteSite
22772,19,18
timeStep,numberOfRobotsOnBlackSite,numberOfRobotsOnWhiteSite
22773,19,18
timeStep,numberOfRobotsOnBlackSite,numberOfRobotsOnWhiteSite
22774,19,18
timeStep,numberOfRobotsOnBlackSite,numberOfRobotsOnWhiteSite
22775,19,18
timeStep,numberOfRobotsOnBlackSite,numberOfRobotsOnWhiteSite
22776,19,18
timeStep,numberOfRobotsOnBlackSite,numberOfRobotsOnWhiteSite
22777,19,18
timeStep,numberOfRobotsOnBlackSite,numberOfRobotsOnWhiteSite
22778,19,18
timeStep,numberOfRobotsOnBlackSite,numberOfRobotsOnWhiteSite
22779,19,18
timeStep,numberOfRobotsOnBlackSite,numberOfRobotsOnWhiteSite
22780,19,18
timeStep,numberOfRobotsOnBlackSite,numberOfRobotsOnWhiteSite
22781,19,18
timeStep,numberOfRobotsOnBlackSite,numberOfRobotsOnWhiteSite
22782,19,18
timeStep,numberOfRobotsOnBlackSite,numberOfRobotsOnWhiteSite
22783,19,18
timeStep,numberOfRobotsOnBlackSite,numberOfRobotsOnWhiteSite
22784,19,18
timeStep,numberOfRobotsOnBlackSite,numberOfRobotsOnWhiteSite
22785,19,18
timeStep,numberOfRobotsOnBlackSite,numberOfRobotsOnWhiteSite
22786,19,18
timeStep,numberOfRobotsOnBlackSite,numberOfRobotsOnWhiteSite
22787,19,18
timeStep,numberOfRobotsOnBlackSite,numberOfRobotsOnWhiteSite
22788,19,18
timeStep,numberOfRobotsOnBlackSite,numberOfRobotsOnWhiteSite
22789,19,18
timeStep,numberOfRobotsOnBlackSite,numberOfRobotsOnWhiteSite
22790,19,18
timeStep,numberOfRobotsOnBlackSite,numberOfRobotsOnWhiteSite
22791,19,18
timeStep,numberOfRobotsOnBlackSite,numberOfRobotsOnWhiteSite
22792,19,18
timeStep,numberOfRobotsOnBlackSite,numberOfRobotsOnWhiteSite
22793,19,18
timeStep,numberOfRobotsOnBlackSite,numberOfRobotsOnWhiteSite
22794,19,18
timeStep,numberOfRobotsOnBlackSite,numberOfRobotsOnWhiteSite
22795,19,18
timeStep,numberOfRobotsOnBlackSite,numberOfRobotsOnWhiteSite
22796,19,18
timeStep,numberOfRobotsOnBlackSite,numberOfRobotsOnWhiteSite
22797,19,18
timeStep,numberOfRobotsOnBlackSite,numberOfRobotsOnWhiteSite
22798,19,18
timeStep,numberOfRobotsOnBlackSite,numberOfRobotsOnWhiteSite
22799,19,18
timeStep,numberOfRobotsOnBlackSite,numberOfRobotsOnWhiteSite
22800,19,18
timeStep,numberOfRobotsOnBlackSite,numberOfRobotsOnWhiteSite
22801,19,18
timeStep,numberOfRobotsOnBlackSite,numberOfRobotsOnWhiteSite
22802,19,18
timeStep,numberOfRobotsOnBlackSite,numberOfRobotsOnWhiteSite
22803,19,18
timeStep,numberOfRobotsOnBlackSite,numberOfRobotsOnWhiteSite
22804,19,18
timeStep,numberOfRobotsOnBlackSite,numberOfRobotsOnWhiteSite
22805,19,18
timeStep,numberOfRobotsOnBlackSite,numberOfRobotsOnWhiteSite
22806,19,18
timeStep,numberOfRobotsOnBlackSite,numberOfRobotsOnWhiteSite
22807,19,18
timeStep,numberOfRobotsOnBlackSite,numberOfRobotsOnWhiteSite
22808,19,18
timeStep,numberOfRobotsOnBlackSite,numberOfRobotsOnWhiteSite
22809,19,18
timeStep,numberOfRobotsOnBlackSite,numberOfRobotsOnWhiteSite
22810,19,18
timeStep,numberOfRobotsOnBlackSite,numberOfRobotsOnWhiteSite
22811,19,18
timeStep,numberOfRobotsOnBlackSite,numberOfRobotsOnWhiteSite
22812,19,18
timeStep,numberOfRobotsOnBlackSite,numberOfRobotsOnWhiteSite
22813,19,18
timeStep,numberOfRobotsOnBlackSite,numberOfRobotsOnWhiteSite
22814,19,18
timeStep,numberOfRobotsOnBlackSite,numberOfRobotsOnWhiteSite
22815,20,18
timeStep,numberOfRobotsOnBlackSite,numberOfRobotsOnWhiteSite
22816,20,18
timeStep,numberOfRobotsOnBlackSite,numberOfRobotsOnWhiteSite
22817,20,18
timeStep,numberOfRobotsOnBlackSite,numberOfRobotsOnWhiteSite
22818,20,18
timeStep,numberOfRobotsOnBlackSite,numberOfRobotsOnWhiteSite
22819,20,18
timeStep,numberOfRobotsOnBlackSite,numberOfRobotsOnWhiteSite
22820,20,18
timeStep,numberOfRobotsOnBlackSite,numberOfRobotsOnWhiteSite
22821,20,18
timeStep,numberOfRobotsOnBlackSite,numberOfRobotsOnWhiteSite
22822,20,18
timeStep,numberOfRobotsOnBlackSite,numberOfRobotsOnWhiteSite
22823,20,18
timeStep,numberOfRobotsOnBlackSite,numberOfRobotsOnWhiteSite
22824,20,18
timeStep,numberOfRobotsOnBlackSite,numberOfRobotsOnWhiteSite
22825,20,18
timeStep,numberOfRobotsOnBlackSite,numberOfRobotsOnWhiteSite
22826,20,18
timeStep,numberOfRobotsOnBlackSite,numberOfRobotsOnWhiteSite
22827,20,18
timeStep,numberOfRobotsOnBlackSite,numberOfRobotsOnWhiteSite
22828,20,18
timeStep,numberOfRobotsOnBlackSite,numberOfRobotsOnWhiteSite
22829,20,18
timeStep,numberOfRobotsOnBlackSite,numberOfRobotsOnWhiteSite
22830,20,18
timeStep,numberOfRobotsOnBlackSite,numberOfRobotsOnWhiteSite
22831,20,18
timeStep,numberOfRobotsOnBlackSite,numberOfRobotsOnWhiteSite
22832,20,18
timeStep,numberOfRobotsOnBlackSite,numberOfRobotsOnWhiteSite
22833,20,18
timeStep,numberOfRobotsOnBlackSite,numberOfRobotsOnWhiteSite
22834,20,18
timeStep,numberOfRobotsOnBlackSite,numberOfRobotsOnWhiteSite
22835,20,18
timeStep,numberOfRobotsOnBlackSite,numberOfRobotsOnWhiteSite
22836,20,18
timeStep,numberOfRobotsOnBlackSite,numberOfRobotsOnWhiteSite
22837,20,18
timeStep,numberOfRobotsOnBlackSite,numberOfRobotsOnWhiteSite
22838,20,18
timeStep,numberOfRobotsOnBlackSite,numberOfRobotsOnWhiteSite
22839,20,18
timeStep,numberOfRobotsOnBlackSite,numberOfRobotsOnWhiteSite
22840,21,18
timeStep,numberOfRobotsOnBlackSite,numberOfRobotsOnWhiteSite
22841,21,18
timeStep,numberOfRobotsOnBlackSite,numberOfRobotsOnWhiteSite
22842,21,18
timeStep,numberOfRobotsOnBlackSite,numberOfRobotsOnWhiteSite
22843,21,18
timeStep,numberOfRobotsOnBlackSite,numberOfRobotsOnWhiteSite
22844,21,18
timeStep,numberOfRobotsOnBlackSite,numberOfRobotsOnWhiteSite
22845,21,18
timeStep,numberOfRobotsOnBlackSite,numberOfRobotsOnWhiteSite
22846,21,18
timeStep,numberOfRobotsOnBlackSite,numberOfRobotsOnWhiteSite
22847,21,18
timeStep,numberOfRobotsOnBlackSite,numberOfRobotsOnWhiteSite
22848,21,18
timeStep,numberOfRobotsOnBlackSite,numberOfRobotsOnWhiteSite
22849,21,18
timeStep,numberOfRobotsOnBlackSite,numberOfRobotsOnWhiteSite
22850,21,18
timeStep,numberOfRobotsOnBlackSite,numberOfRobotsOnWhiteSite
22851,21,18
timeStep,numberOfRobotsOnBlackSite,numberOfRobotsOnWhiteSite
22852,21,18
timeStep,numberOfRobotsOnBlackSite,numberOfRobotsOnWhiteSite
22853,21,18
timeStep,numberOfRobotsOnBlackSite,numberOfRobotsOnWhiteSite
22854,21,18
timeStep,numberOfRobotsOnBlackSite,numberOfRobotsOnWhiteSite
22855,21,18
timeStep,numberOfRobotsOnBlackSite,numberOfRobotsOnWhiteSite
22856,21,18
timeStep,numberOfRobotsOnBlackSite,numberOfRobotsOnWhiteSite
22857,21,18
timeStep,numberOfRobotsOnBlackSite,numberOfRobotsOnWhiteSite
22858,21,18
timeStep,numberOfRobotsOnBlackSite,numberOfRobotsOnWhiteSite
22859,21,18
timeStep,numberOfRobotsOnBlackSite,numberOfRobotsOnWhiteSite
22860,21,18
timeStep,numberOfRobotsOnBlackSite,numberOfRobotsOnWhiteSite
22861,21,18
timeStep,numberOfRobotsOnBlackSite,numberOfRobotsOnWhiteSite
22862,21,18
timeStep,numberOfRobotsOnBlackSite,numberOfRobotsOnWhiteSite
22863,21,18
timeStep,numberOfRobotsOnBlackSite,numberOfRobotsOnWhiteSite
22864,21,18
timeStep,numberOfRobotsOnBlackSite,numberOfRobotsOnWhiteSite
22865,21,18
timeStep,numberOfRobotsOnBlackSite,numberOfRobotsOnWhiteSite
22866,21,18
timeStep,numberOfRobotsOnBlackSite,numberOfRobotsOnWhiteSite
22867,21,18
timeStep,numberOfRobotsOnBlackSite,numberOfRobotsOnWhiteSite
22868,21,18
timeStep,numberOfRobotsOnBlackSite,numberOfRobotsOnWhiteSite
22869,21,18
timeStep,numberOfRobotsOnBlackSite,numberOfRobotsOnWhiteSite
22870,21,18
timeStep,numberOfRobotsOnBlackSite,numberOfRobotsOnWhiteSite
22871,21,18
timeStep,numberOfRobotsOnBlackSite,numberOfRobotsOnWhiteSite
22872,21,18
timeStep,numberOfRobotsOnBlackSite,numberOfRobotsOnWhiteSite
22873,21,18
timeStep,numberOfRobotsOnBlackSite,numberOfRobotsOnWhiteSite
22874,21,18
timeStep,numberOfRobotsOnBlackSite,numberOfRobotsOnWhiteSite
22875,21,18
timeStep,numberOfRobotsOnBlackSite,numberOfRobotsOnWhiteSite
22876,21,18
timeStep,numberOfRobotsOnBlackSite,numberOfRobotsOnWhiteSite
22877,21,18
timeStep,numberOfRobotsOnBlackSite,numberOfRobotsOnWhiteSite
22878,21,18
timeStep,numberOfRobotsOnBlackSite,numberOfRobotsOnWhiteSite
22879,21,18
timeStep,numberOfRobotsOnBlackSite,numberOfRobotsOnWhiteSite
22880,21,18
timeStep,numberOfRobotsOnBlackSite,numberOfRobotsOnWhiteSite
22881,21,18
timeStep,numberOfRobotsOnBlackSite,numberOfRobotsOnWhiteSite
22882,21,18
timeStep,numberOfRobotsOnBlackSite,numberOfRobotsOnWhiteSite
22883,21,18
timeStep,numberOfRobotsOnBlackSite,numberOfRobotsOnWhiteSite
22884,21,18
timeStep,numberOfRobotsOnBlackSite,numberOfRobotsOnWhiteSite
22885,21,18
timeStep,numberOfRobotsOnBlackSite,numberOfRobotsOnWhiteSite
22886,21,18
timeStep,numberOfRobotsOnBlackSite,numberOfRobotsOnWhiteSite
22887,21,18
timeStep,numberOfRobotsOnBlackSite,numberOfRobotsOnWhiteSite
22888,21,18
timeStep,numberOfRobotsOnBlackSite,numberOfRobotsOnWhiteSite
22889,21,18
timeStep,numberOfRobotsOnBlackSite,numberOfRobotsOnWhiteSite
22890,22,18
timeStep,numberOfRobotsOnBlackSite,numberOfRobotsOnWhiteSite
22891,22,18
timeStep,numberOfRobotsOnBlackSite,numberOfRobotsOnWhiteSite
22892,22,18
timeStep,numberOfRobotsOnBlackSite,numberOfRobotsOnWhiteSite
22893,22,18
timeStep,numberOfRobotsOnBlackSite,numberOfRobotsOnWhiteSite
22894,22,18
timeStep,numberOfRobotsOnBlackSite,numberOfRobotsOnWhiteSite
22895,22,18
timeStep,numberOfRobotsOnBlackSite,numberOfRobotsOnWhiteSite
22896,22,18
timeStep,numberOfRobotsOnBlackSite,numberOfRobotsOnWhiteSite
22897,22,18
timeStep,numberOfRobotsOnBlackSite,numberOfRobotsOnWhiteSite
22898,22,18
timeStep,numberOfRobotsOnBlackSite,numberOfRobotsOnWhiteSite
22899,22,18
timeStep,numberOfRobotsOnBlackSite,numberOfRobotsOnWhiteSite
22900,22,18
timeStep,numberOfRobotsOnBlackSite,numberOfRobotsOnWhiteSite
22901,22,18
timeStep,numberOfRobotsOnBlackSite,numberOfRobotsOnWhiteSite
22902,22,18
timeStep,numberOfRobotsOnBlackSite,numberOfRobotsOnWhiteSite
22903,22,18
timeStep,numberOfRobotsOnBlackSite,numberOfRobotsOnWhiteSite
22904,22,18
timeStep,numberOfRobotsOnBlackSite,numberOfRobotsOnWhiteSite
22905,22,18
timeStep,numberOfRobotsOnBlackSite,numberOfRobotsOnWhiteSite
22906,22,18
timeStep,numberOfRobotsOnBlackSite,numberOfRobotsOnWhiteSite
22907,22,18
timeStep,numberOfRobotsOnBlackSite,numberOfRobotsOnWhiteSite
22908,22,18
timeStep,numberOfRobotsOnBlackSite,numberOfRobotsOnWhiteSite
22909,22,18
timeStep,numberOfRobotsOnBlackSite,numberOfRobotsOnWhiteSite
22910,22,18
timeStep,numberOfRobotsOnBlackSite,numberOfRobotsOnWhiteSite
22911,22,18
timeStep,numberOfRobotsOnBlackSite,numberOfRobotsOnWhiteSite
22912,22,18
timeStep,numberOfRobotsOnBlackSite,numberOfRobotsOnWhiteSite
22913,22,18
timeStep,numberOfRobotsOnBlackSite,numberOfRobotsOnWhiteSite
22914,22,18
timeStep,numberOfRobotsOnBlackSite,numberOfRobotsOnWhiteSite
22915,22,18
timeStep,numberOfRobotsOnBlackSite,numberOfRobotsOnWhiteSite
22916,22,18
timeStep,numberOfRobotsOnBlackSite,numberOfRobotsOnWhiteSite
22917,22,18
timeStep,numberOfRobotsOnBlackSite,numberOfRobotsOnWhiteSite
22918,22,18
timeStep,numberOfRobotsOnBlackSite,numberOfRobotsOnWhiteSite
22919,22,18
timeStep,numberOfRobotsOnBlackSite,numberOfRobotsOnWhiteSite
22920,22,18
timeStep,numberOfRobotsOnBlackSite,numberOfRobotsOnWhiteSite
22921,22,18
timeStep,numberOfRobotsOnBlackSite,numberOfRobotsOnWhiteSite
22922,22,18
timeStep,numberOfRobotsOnBlackSite,numberOfRobotsOnWhiteSite
22923,22,18
timeStep,numberOfRobotsOnBlackSite,numberOfRobotsOnWhiteSite
22924,22,18
timeStep,numberOfRobotsOnBlackSite,numberOfRobotsOnWhiteSite
22925,22,18
timeStep,numberOfRobotsOnBlackSite,numberOfRobotsOnWhiteSite
22926,22,18
timeStep,numberOfRobotsOnBlackSite,numberOfRobotsOnWhiteSite
22927,22,18
timeStep,numberOfRobotsOnBlackSite,numberOfRobotsOnWhiteSite
22928,22,18
timeStep,numberOfRobotsOnBlackSite,numberOfRobotsOnWhiteSite
22929,22,18
timeStep,numberOfRobotsOnBlackSite,numberOfRobotsOnWhiteSite
22930,22,18
timeStep,numberOfRobotsOnBlackSite,numberOfRobotsOnWhiteSite
22931,22,18
timeStep,numberOfRobotsOnBlackSite,numberOfRobotsOnWhiteSite
22932,22,18
timeStep,numberOfRobotsOnBlackSite,numberOfRobotsOnWhiteSite
22933,22,18
timeStep,numberOfRobotsOnBlackSite,numberOfRobotsOnWhiteSite
22934,22,18
timeStep,numberOfRobotsOnBlackSite,numberOfRobotsOnWhiteSite
22935,22,18
timeStep,numberOfRobotsOnBlackSite,numberOfRobotsOnWhiteSite
22936,22,18
timeStep,numberOfRobotsOnBlackSite,numberOfRobotsOnWhiteSite
22937,22,18
timeStep,numberOfRobotsOnBlackSite,numberOfRobotsOnWhiteSite
22938,22,18
timeStep,numberOfRobotsOnBlackSite,numberOfRobotsOnWhiteSite
22939,22,18
timeStep,numberOfRobotsOnBlackSite,numberOfRobotsOnWhiteSite
22940,22,18
timeStep,numberOfRobotsOnBlackSite,numberOfRobotsOnWhiteSite
22941,22,18
timeStep,numberOfRobotsOnBlackSite,numberOfRobotsOnWhiteSite
22942,22,18
timeStep,numberOfRobotsOnBlackSite,numberOfRobotsOnWhiteSite
22943,22,18
timeStep,numberOfRobotsOnBlackSite,numberOfRobotsOnWhiteSite
22944,22,18
timeStep,numberOfRobotsOnBlackSite,numberOfRobotsOnWhiteSite
22945,23,18
timeStep,numberOfRobotsOnBlackSite,numberOfRobotsOnWhiteSite
22946,23,18
timeStep,numberOfRobotsOnBlackSite,numberOfRobotsOnWhiteSite
22947,23,18
timeStep,numberOfRobotsOnBlackSite,numberOfRobotsOnWhiteSite
22948,23,18
timeStep,numberOfRobotsOnBlackSite,numberOfRobotsOnWhiteSite
22949,23,18
timeStep,numberOfRobotsOnBlackSite,numberOfRobotsOnWhiteSite
22950,23,18
timeStep,numberOfRobotsOnBlackSite,numberOfRobotsOnWhiteSite
22951,23,18
timeStep,numberOfRobotsOnBlackSite,numberOfRobotsOnWhiteSite
22952,23,18
timeStep,numberOfRobotsOnBlackSite,numberOfRobotsOnWhiteSite
22953,23,18
timeStep,numberOfRobotsOnBlackSite,numberOfRobotsOnWhiteSite
22954,23,18
timeStep,numberOfRobotsOnBlackSite,numberOfRobotsOnWhiteSite
22955,23,18
timeStep,numberOfRobotsOnBlackSite,numberOfRobotsOnWhiteSite
22956,23,18
timeStep,numberOfRobotsOnBlackSite,numberOfRobotsOnWhiteSite
22957,23,18
timeStep,numberOfRobotsOnBlackSite,numberOfRobotsOnWhiteSite
22958,23,18
timeStep,numberOfRobotsOnBlackSite,numberOfRobotsOnWhiteSite
22959,23,18
timeStep,numberOfRobotsOnBlackSite,numberOfRobotsOnWhiteSite
22960,23,18
timeStep,numberOfRobotsOnBlackSite,numberOfRobotsOnWhiteSite
22961,23,18
timeStep,numberOfRobotsOnBlackSite,numberOfRobotsOnWhiteSite
22962,23,18
timeStep,numberOfRobotsOnBlackSite,numberOfRobotsOnWhiteSite
22963,23,18
timeStep,numberOfRobotsOnBlackSite,numberOfRobotsOnWhiteSite
22964,23,18
timeStep,numberOfRobotsOnBlackSite,numberOfRobotsOnWhiteSite
22965,23,18
timeStep,numberOfRobotsOnBlackSite,numberOfRobotsOnWhiteSite
22966,23,18
timeStep,numberOfRobotsOnBlackSite,numberOfRobotsOnWhiteSite
22967,23,18
timeStep,numberOfRobotsOnBlackSite,numberOfRobotsOnWhiteSite
22968,23,18
timeStep,numberOfRobotsOnBlackSite,numberOfRobotsOnWhiteSite
22969,23,18
timeStep,numberOfRobotsOnBlackSite,numberOfRobotsOnWhiteSite
22970,23,18
timeStep,numberOfRobotsOnBlackSite,numberOfRobotsOnWhiteSite
22971,23,18
timeStep,numberOfRobotsOnBlackSite,numberOfRobotsOnWhiteSite
22972,23,18
timeStep,numberOfRobotsOnBlackSite,numberOfRobotsOnWhiteSite
22973,23,18
timeStep,numberOfRobotsOnBlackSite,numberOfRobotsOnWhiteSite
22974,23,18
timeStep,numberOfRobotsOnBlackSite,numberOfRobotsOnWhiteSite
22975,23,18
timeStep,numberOfRobotsOnBlackSite,numberOfRobotsOnWhiteSite
22976,23,18
timeStep,numberOfRobotsOnBlackSite,numberOfRobotsOnWhiteSite
22977,23,18
timeStep,numberOfRobotsOnBlackSite,numberOfRobotsOnWhiteSite
22978,23,18
timeStep,numberOfRobotsOnBlackSite,numberOfRobotsOnWhiteSite
22979,23,18
timeStep,numberOfRobotsOnBlackSite,numberOfRobotsOnWhiteSite
22980,23,18
timeStep,numberOfRobotsOnBlackSite,numberOfRobotsOnWhiteSite
22981,23,18
timeStep,numberOfRobotsOnBlackSite,numberOfRobotsOnWhiteSite
22982,23,18
timeStep,numberOfRobotsOnBlackSite,numberOfRobotsOnWhiteSite
22983,23,18
timeStep,numberOfRobotsOnBlackSite,numberOfRobotsOnWhiteSite
22984,23,18
timeStep,numberOfRobotsOnBlackSite,numberOfRobotsOnWhiteSite
22985,23,18
timeStep,numberOfRobotsOnBlackSite,numberOfRobotsOnWhiteSite
22986,23,18
timeStep,numberOfRobotsOnBlackSite,numberOfRobotsOnWhiteSite
22987,23,18
timeStep,numberOfRobotsOnBlackSite,numberOfRobotsOnWhiteSite
22988,23,18
timeStep,numberOfRobotsOnBlackSite,numberOfRobotsOnWhiteSite
22989,23,18
timeStep,numberOfRobotsOnBlackSite,numberOfRobotsOnWhiteSite
22990,23,18
timeStep,numberOfRobotsOnBlackSite,numberOfRobotsOnWhiteSite
22991,23,18
timeStep,numberOfRobotsOnBlackSite,numberOfRobotsOnWhiteSite
22992,23,18
timeStep,numberOfRobotsOnBlackSite,numberOfRobotsOnWhiteSite
22993,23,18
timeStep,numberOfRobotsOnBlackSite,numberOfRobotsOnWhiteSite
22994,23,18
timeStep,numberOfRobotsOnBlackSite,numberOfRobotsOnWhiteSite
22995,23,18
timeStep,numberOfRobotsOnBlackSite,numberOfRobotsOnWhiteSite
22996,23,18
timeStep,numberOfRobotsOnBlackSite,numberOfRobotsOnWhiteSite
22997,23,18
timeStep,numberOfRobotsOnBlackSite,numberOfRobotsOnWhiteSite
22998,23,18
timeStep,numberOfRobotsOnBlackSite,numberOfRobotsOnWhiteSite
22999,23,18
timeStep,numberOfRobotsOnBlackSite,numberOfRobotsOnWhiteSite
23000,23,18
timeStep,numberOfRobotsOnBlackSite,numberOfRobotsOnWhiteSite
23001,23,18
timeStep,numberOfRobotsOnBlackSite,numberOfRobotsOnWhiteSite
23002,23,18
timeStep,numberOfRobotsOnBlackSite,numberOfRobotsOnWhiteSite
23003,23,18
timeStep,numberOfRobotsOnBlackSite,numberOfRobotsOnWhiteSite
23004,23,18
timeStep,numberOfRobotsOnBlackSite,numberOfRobotsOnWhiteSite
23005,23,18
timeStep,numberOfRobotsOnBlackSite,numberOfRobotsOnWhiteSite
23006,23,18
timeStep,numberOfRobotsOnBlackSite,numberOfRobotsOnWhiteSite
23007,23,18
timeStep,numberOfRobotsOnBlackSite,numberOfRobotsOnWhiteSite
23008,23,18
timeStep,numberOfRobotsOnBlackSite,numberOfRobotsOnWhiteSite
23009,23,18
timeStep,numberOfRobotsOnBlackSite,numberOfRobotsOnWhiteSite
23010,23,18
timeStep,numberOfRobotsOnBlackSite,numberOfRobotsOnWhiteSite
23011,23,18
timeStep,numberOfRobotsOnBlackSite,numberOfRobotsOnWhiteSite
23012,23,18
timeStep,numberOfRobotsOnBlackSite,numberOfRobotsOnWhiteSite
23013,23,18
timeStep,numberOfRobotsOnBlackSite,numberOfRobotsOnWhiteSite
23014,23,18
timeStep,numberOfRobotsOnBlackSite,numberOfRobotsOnWhiteSite
23015,23,18
timeStep,numberOfRobotsOnBlackSite,numberOfRobotsOnWhiteSite
23016,23,18
timeStep,numberOfRobotsOnBlackSite,numberOfRobotsOnWhiteSite
23017,23,18
timeStep,numberOfRobotsOnBlackSite,numberOfRobotsOnWhiteSite
23018,23,18
timeStep,numberOfRobotsOnBlackSite,numberOfRobotsOnWhiteSite
23019,23,18
timeStep,numberOfRobotsOnBlackSite,numberOfRobotsOnWhiteSite
23020,23,18
timeStep,numberOfRobotsOnBlackSite,numberOfRobotsOnWhiteSite
23021,23,18
timeStep,numberOfRobotsOnBlackSite,numberOfRobotsOnWhiteSite
23022,23,18
timeStep,numberOfRobotsOnBlackSite,numberOfRobotsOnWhiteSite
23023,23,18
timeStep,numberOfRobotsOnBlackSite,numberOfRobotsOnWhiteSite
23024,23,18
timeStep,numberOfRobotsOnBlackSite,numberOfRobotsOnWhiteSite
23025,23,18
timeStep,numberOfRobotsOnBlackSite,numberOfRobotsOnWhiteSite
23026,23,18
timeStep,numberOfRobotsOnBlackSite,numberOfRobotsOnWhiteSite
23027,23,18
timeStep,numberOfRobotsOnBlackSite,numberOfRobotsOnWhiteSite
23028,23,18
timeStep,numberOfRobotsOnBlackSite,numberOfRobotsOnWhiteSite
23029,23,18
timeStep,numberOfRobotsOnBlackSite,numberOfRobotsOnWhiteSite
23030,23,18
timeStep,numberOfRobotsOnBlackSite,numberOfRobotsOnWhiteSite
23031,23,18
timeStep,numberOfRobotsOnBlackSite,numberOfRobotsOnWhiteSite
23032,23,18
timeStep,numberOfRobotsOnBlackSite,numberOfRobotsOnWhiteSite
23033,23,18
timeStep,numberOfRobotsOnBlackSite,numberOfRobotsOnWhiteSite
23034,23,18
timeStep,numberOfRobotsOnBlackSite,numberOfRobotsOnWhiteSite
23035,23,18
timeStep,numberOfRobotsOnBlackSite,numberOfRobotsOnWhiteSite
23036,23,18
timeStep,numberOfRobotsOnBlackSite,numberOfRobotsOnWhiteSite
23037,23,18
timeStep,numberOfRobotsOnBlackSite,numberOfRobotsOnWhiteSite
23038,23,18
timeStep,numberOfRobotsOnBlackSite,numberOfRobotsOnWhiteSite
23039,23,18
timeStep,numberOfRobotsOnBlackSite,numberOfRobotsOnWhiteSite
23040,23,18
timeStep,numberOfRobotsOnBlackSite,numberOfRobotsOnWhiteSite
23041,23,18
timeStep,numberOfRobotsOnBlackSite,numberOfRobotsOnWhiteSite
23042,23,18
timeStep,numberOfRobotsOnBlackSite,numberOfRobotsOnWhiteSite
23043,23,18
timeStep,numberOfRobotsOnBlackSite,numberOfRobotsOnWhiteSite
23044,23,18
timeStep,numberOfRobotsOnBlackSite,numberOfRobotsOnWhiteSite
23045,23,18
timeStep,numberOfRobotsOnBlackSite,numberOfRobotsOnWhiteSite
23046,23,18
timeStep,numberOfRobotsOnBlackSite,numberOfRobotsOnWhiteSite
23047,23,18
timeStep,numberOfRobotsOnBlackSite,numberOfRobotsOnWhiteSite
23048,23,18
timeStep,numberOfRobotsOnBlackSite,numberOfRobotsOnWhiteSite
23049,23,18
timeStep,numberOfRobotsOnBlackSite,numberOfRobotsOnWhiteSite
23050,23,18
timeStep,numberOfRobotsOnBlackSite,numberOfRobotsOnWhiteSite
23051,23,18
timeStep,numberOfRobotsOnBlackSite,numberOfRobotsOnWhiteSite
23052,23,18
timeStep,numberOfRobotsOnBlackSite,numberOfRobotsOnWhiteSite
23053,23,18
timeStep,numberOfRobotsOnBlackSite,numberOfRobotsOnWhiteSite
23054,23,18
timeStep,numberOfRobotsOnBlackSite,numberOfRobotsOnWhiteSite
23055,23,18
timeStep,numberOfRobotsOnBlackSite,numberOfRobotsOnWhiteSite
23056,23,18
timeStep,numberOfRobotsOnBlackSite,numberOfRobotsOnWhiteSite
23057,23,18
timeStep,numberOfRobotsOnBlackSite,numberOfRobotsOnWhiteSite
23058,23,18
timeStep,numberOfRobotsOnBlackSite,numberOfRobotsOnWhiteSite
23059,23,18
timeStep,numberOfRobotsOnBlackSite,numberOfRobotsOnWhiteSite
23060,23,18
timeStep,numberOfRobotsOnBlackSite,numberOfRobotsOnWhiteSite
23061,23,18
timeStep,numberOfRobotsOnBlackSite,numberOfRobotsOnWhiteSite
23062,23,18
timeStep,numberOfRobotsOnBlackSite,numberOfRobotsOnWhiteSite
23063,23,18
timeStep,numberOfRobotsOnBlackSite,numberOfRobotsOnWhiteSite
23064,23,18
timeStep,numberOfRobotsOnBlackSite,numberOfRobotsOnWhiteSite
23065,23,18
timeStep,numberOfRobotsOnBlackSite,numberOfRobotsOnWhiteSite
23066,23,18
timeStep,numberOfRobotsOnBlackSite,numberOfRobotsOnWhiteSite
23067,23,18
timeStep,numberOfRobotsOnBlackSite,numberOfRobotsOnWhiteSite
23068,23,18
timeStep,numberOfRobotsOnBlackSite,numberOfRobotsOnWhiteSite
23069,23,18
timeStep,numberOfRobotsOnBlackSite,numberOfRobotsOnWhiteSite
23070,23,18
timeStep,numberOfRobotsOnBlackSite,numberOfRobotsOnWhiteSite
23071,23,18
timeStep,numberOfRobotsOnBlackSite,numberOfRobotsOnWhiteSite
23072,23,18
timeStep,numberOfRobotsOnBlackSite,numberOfRobotsOnWhiteSite
23073,23,18
timeStep,numberOfRobotsOnBlackSite,numberOfRobotsOnWhiteSite
23074,23,18
timeStep,numberOfRobotsOnBlackSite,numberOfRobotsOnWhiteSite
23075,23,18
timeStep,numberOfRobotsOnBlackSite,numberOfRobotsOnWhiteSite
23076,23,18
timeStep,numberOfRobotsOnBlackSite,numberOfRobotsOnWhiteSite
23077,23,18
timeStep,numberOfRobotsOnBlackSite,numberOfRobotsOnWhiteSite
23078,23,18
timeStep,numberOfRobotsOnBlackSite,numberOfRobotsOnWhiteSite
23079,23,18
timeStep,numberOfRobotsOnBlackSite,numberOfRobotsOnWhiteSite
23080,23,18
timeStep,numberOfRobotsOnBlackSite,numberOfRobotsOnWhiteSite
23081,23,18
timeStep,numberOfRobotsOnBlackSite,numberOfRobotsOnWhiteSite
23082,23,18
timeStep,numberOfRobotsOnBlackSite,numberOfRobotsOnWhiteSite
23083,23,18
timeStep,numberOfRobotsOnBlackSite,numberOfRobotsOnWhiteSite
23084,23,18
timeStep,numberOfRobotsOnBlackSite,numberOfRobotsOnWhiteSite
23085,23,18
timeStep,numberOfRobotsOnBlackSite,numberOfRobotsOnWhiteSite
23086,23,18
timeStep,numberOfRobotsOnBlackSite,numberOfRobotsOnWhiteSite
23087,23,18
timeStep,numberOfRobotsOnBlackSite,numberOfRobotsOnWhiteSite
23088,23,18
timeStep,numberOfRobotsOnBlackSite,numberOfRobotsOnWhiteSite
23089,23,18
timeStep,numberOfRobotsOnBlackSite,numberOfRobotsOnWhiteSite
23090,23,18
timeStep,numberOfRobotsOnBlackSite,numberOfRobotsOnWhiteSite
23091,23,18
timeStep,numberOfRobotsOnBlackSite,numberOfRobotsOnWhiteSite
23092,23,18
timeStep,numberOfRobotsOnBlackSite,numberOfRobotsOnWhiteSite
23093,23,18
timeStep,numberOfRobotsOnBlackSite,numberOfRobotsOnWhiteSite
23094,23,18
timeStep,numberOfRobotsOnBlackSite,numberOfRobotsOnWhiteSite
23095,23,18
timeStep,numberOfRobotsOnBlackSite,numberOfRobotsOnWhiteSite
23096,23,18
timeStep,numberOfRobotsOnBlackSite,numberOfRobotsOnWhiteSite
23097,23,18
timeStep,numberOfRobotsOnBlackSite,numberOfRobotsOnWhiteSite
23098,23,18
timeStep,numberOfRobotsOnBlackSite,numberOfRobotsOnWhiteSite
23099,23,18
timeStep,numberOfRobotsOnBlackSite,numberOfRobotsOnWhiteSite
23100,23,18
timeStep,numberOfRobotsOnBlackSite,numberOfRobotsOnWhiteSite
23101,23,18
timeStep,numberOfRobotsOnBlackSite,numberOfRobotsOnWhiteSite
23102,23,18
timeStep,numberOfRobotsOnBlackSite,numberOfRobotsOnWhiteSite
23103,23,18
timeStep,numberOfRobotsOnBlackSite,numberOfRobotsOnWhiteSite
23104,23,18
timeStep,numberOfRobotsOnBlackSite,numberOfRobotsOnWhiteSite
23105,23,18
timeStep,numberOfRobotsOnBlackSite,numberOfRobotsOnWhiteSite
23106,23,18
timeStep,numberOfRobotsOnBlackSite,numberOfRobotsOnWhiteSite
23107,23,18
timeStep,numberOfRobotsOnBlackSite,numberOfRobotsOnWhiteSite
23108,23,18
timeStep,numberOfRobotsOnBlackSite,numberOfRobotsOnWhiteSite
23109,23,18
timeStep,numberOfRobotsOnBlackSite,numberOfRobotsOnWhiteSite
23110,23,18
timeStep,numberOfRobotsOnBlackSite,numberOfRobotsOnWhiteSite
23111,23,18
timeStep,numberOfRobotsOnBlackSite,numberOfRobotsOnWhiteSite
23112,23,18
timeStep,numberOfRobotsOnBlackSite,numberOfRobotsOnWhiteSite
23113,23,18
timeStep,numberOfRobotsOnBlackSite,numberOfRobotsOnWhiteSite
23114,23,18
timeStep,numberOfRobotsOnBlackSite,numberOfRobotsOnWhiteSite
23115,22,18
timeStep,numberOfRobotsOnBlackSite,numberOfRobotsOnWhiteSite
23116,22,18
timeStep,numberOfRobotsOnBlackSite,numberOfRobotsOnWhiteSite
23117,22,18
timeStep,numberOfRobotsOnBlackSite,numberOfRobotsOnWhiteSite
23118,22,18
timeStep,numberOfRobotsOnBlackSite,numberOfRobotsOnWhiteSite
23119,22,18
timeStep,numberOfRobotsOnBlackSite,numberOfRobotsOnWhiteSite
23120,22,18
timeStep,numberOfRobotsOnBlackSite,numberOfRobotsOnWhiteSite
23121,22,18
timeStep,numberOfRobotsOnBlackSite,numberOfRobotsOnWhiteSite
23122,22,18
timeStep,numberOfRobotsOnBlackSite,numberOfRobotsOnWhiteSite
23123,22,18
timeStep,numberOfRobotsOnBlackSite,numberOfRobotsOnWhiteSite
23124,22,18
timeStep,numberOfRobotsOnBlackSite,numberOfRobotsOnWhiteSite
23125,22,18
timeStep,numberOfRobotsOnBlackSite,numberOfRobotsOnWhiteSite
23126,22,18
timeStep,numberOfRobotsOnBlackSite,numberOfRobotsOnWhiteSite
23127,22,18
timeStep,numberOfRobotsOnBlackSite,numberOfRobotsOnWhiteSite
23128,22,18
timeStep,numberOfRobotsOnBlackSite,numberOfRobotsOnWhiteSite
23129,22,18
timeStep,numberOfRobotsOnBlackSite,numberOfRobotsOnWhiteSite
23130,22,18
timeStep,numberOfRobotsOnBlackSite,numberOfRobotsOnWhiteSite
23131,22,18
timeStep,numberOfRobotsOnBlackSite,numberOfRobotsOnWhiteSite
23132,22,18
timeStep,numberOfRobotsOnBlackSite,numberOfRobotsOnWhiteSite
23133,22,18
timeStep,numberOfRobotsOnBlackSite,numberOfRobotsOnWhiteSite
23134,22,18
timeStep,numberOfRobotsOnBlackSite,numberOfRobotsOnWhiteSite
23135,22,18
timeStep,numberOfRobotsOnBlackSite,numberOfRobotsOnWhiteSite
23136,22,18
timeStep,numberOfRobotsOnBlackSite,numberOfRobotsOnWhiteSite
23137,22,18
timeStep,numberOfRobotsOnBlackSite,numberOfRobotsOnWhiteSite
23138,22,18
timeStep,numberOfRobotsOnBlackSite,numberOfRobotsOnWhiteSite
23139,22,18
timeStep,numberOfRobotsOnBlackSite,numberOfRobotsOnWhiteSite
23140,22,18
timeStep,numberOfRobotsOnBlackSite,numberOfRobotsOnWhiteSite
23141,22,18
timeStep,numberOfRobotsOnBlackSite,numberOfRobotsOnWhiteSite
23142,22,18
timeStep,numberOfRobotsOnBlackSite,numberOfRobotsOnWhiteSite
23143,22,18
timeStep,numberOfRobotsOnBlackSite,numberOfRobotsOnWhiteSite
23144,22,18
timeStep,numberOfRobotsOnBlackSite,numberOfRobotsOnWhiteSite
23145,22,18
timeStep,numberOfRobotsOnBlackSite,numberOfRobotsOnWhiteSite
23146,22,18
timeStep,numberOfRobotsOnBlackSite,numberOfRobotsOnWhiteSite
23147,22,18
timeStep,numberOfRobotsOnBlackSite,numberOfRobotsOnWhiteSite
23148,22,18
timeStep,numberOfRobotsOnBlackSite,numberOfRobotsOnWhiteSite
23149,22,18
timeStep,numberOfRobotsOnBlackSite,numberOfRobotsOnWhiteSite
23150,22,18
timeStep,numberOfRobotsOnBlackSite,numberOfRobotsOnWhiteSite
23151,22,18
timeStep,numberOfRobotsOnBlackSite,numberOfRobotsOnWhiteSite
23152,22,18
timeStep,numberOfRobotsOnBlackSite,numberOfRobotsOnWhiteSite
23153,22,18
timeStep,numberOfRobotsOnBlackSite,numberOfRobotsOnWhiteSite
23154,22,18
timeStep,numberOfRobotsOnBlackSite,numberOfRobotsOnWhiteSite
23155,22,18
timeStep,numberOfRobotsOnBlackSite,numberOfRobotsOnWhiteSite
23156,22,18
timeStep,numberOfRobotsOnBlackSite,numberOfRobotsOnWhiteSite
23157,22,18
timeStep,numberOfRobotsOnBlackSite,numberOfRobotsOnWhiteSite
23158,22,18
timeStep,numberOfRobotsOnBlackSite,numberOfRobotsOnWhiteSite
23159,22,18
timeStep,numberOfRobotsOnBlackSite,numberOfRobotsOnWhiteSite
23160,22,18
timeStep,numberOfRobotsOnBlackSite,numberOfRobotsOnWhiteSite
23161,22,18
timeStep,numberOfRobotsOnBlackSite,numberOfRobotsOnWhiteSite
23162,22,18
timeStep,numberOfRobotsOnBlackSite,numberOfRobotsOnWhiteSite
23163,22,18
timeStep,numberOfRobotsOnBlackSite,numberOfRobotsOnWhiteSite
23164,22,18
timeStep,numberOfRobotsOnBlackSite,numberOfRobotsOnWhiteSite
23165,22,18
timeStep,numberOfRobotsOnBlackSite,numberOfRobotsOnWhiteSite
23166,22,18
timeStep,numberOfRobotsOnBlackSite,numberOfRobotsOnWhiteSite
23167,22,18
timeStep,numberOfRobotsOnBlackSite,numberOfRobotsOnWhiteSite
23168,22,18
timeStep,numberOfRobotsOnBlackSite,numberOfRobotsOnWhiteSite
23169,22,18
timeStep,numberOfRobotsOnBlackSite,numberOfRobotsOnWhiteSite
23170,22,18
timeStep,numberOfRobotsOnBlackSite,numberOfRobotsOnWhiteSite
23171,22,18
timeStep,numberOfRobotsOnBlackSite,numberOfRobotsOnWhiteSite
23172,22,18
timeStep,numberOfRobotsOnBlackSite,numberOfRobotsOnWhiteSite
23173,22,18
timeStep,numberOfRobotsOnBlackSite,numberOfRobotsOnWhiteSite
23174,22,18
timeStep,numberOfRobotsOnBlackSite,numberOfRobotsOnWhiteSite
23175,22,18
timeStep,numberOfRobotsOnBlackSite,numberOfRobotsOnWhiteSite
23176,22,18
timeStep,numberOfRobotsOnBlackSite,numberOfRobotsOnWhiteSite
23177,22,18
timeStep,numberOfRobotsOnBlackSite,numberOfRobotsOnWhiteSite
23178,22,18
timeStep,numberOfRobotsOnBlackSite,numberOfRobotsOnWhiteSite
23179,22,18
timeStep,numberOfRobotsOnBlackSite,numberOfRobotsOnWhiteSite
23180,22,18
timeStep,numberOfRobotsOnBlackSite,numberOfRobotsOnWhiteSite
23181,22,18
timeStep,numberOfRobotsOnBlackSite,numberOfRobotsOnWhiteSite
23182,22,18
timeStep,numberOfRobotsOnBlackSite,numberOfRobotsOnWhiteSite
23183,22,18
timeStep,numberOfRobotsOnBlackSite,numberOfRobotsOnWhiteSite
23184,22,18
timeStep,numberOfRobotsOnBlackSite,numberOfRobotsOnWhiteSite
23185,22,18
timeStep,numberOfRobotsOnBlackSite,numberOfRobotsOnWhiteSite
23186,22,18
timeStep,numberOfRobotsOnBlackSite,numberOfRobotsOnWhiteSite
23187,22,18
timeStep,numberOfRobotsOnBlackSite,numberOfRobotsOnWhiteSite
23188,22,18
timeStep,numberOfRobotsOnBlackSite,numberOfRobotsOnWhiteSite
23189,22,18
timeStep,numberOfRobotsOnBlackSite,numberOfRobotsOnWhiteSite
23190,22,18
timeStep,numberOfRobotsOnBlackSite,numberOfRobotsOnWhiteSite
23191,22,18
timeStep,numberOfRobotsOnBlackSite,numberOfRobotsOnWhiteSite
23192,22,18
timeStep,numberOfRobotsOnBlackSite,numberOfRobotsOnWhiteSite
23193,22,18
timeStep,numberOfRobotsOnBlackSite,numberOfRobotsOnWhiteSite
23194,22,18
timeStep,numberOfRobotsOnBlackSite,numberOfRobotsOnWhiteSite
23195,22,18
timeStep,numberOfRobotsOnBlackSite,numberOfRobotsOnWhiteSite
23196,22,18
timeStep,numberOfRobotsOnBlackSite,numberOfRobotsOnWhiteSite
23197,22,18
timeStep,numberOfRobotsOnBlackSite,numberOfRobotsOnWhiteSite
23198,22,18
timeStep,numberOfRobotsOnBlackSite,numberOfRobotsOnWhiteSite
23199,22,18
timeStep,numberOfRobotsOnBlackSite,numberOfRobotsOnWhiteSite
23200,22,18
timeStep,numberOfRobotsOnBlackSite,numberOfRobotsOnWhiteSite
23201,22,18
timeStep,numberOfRobotsOnBlackSite,numberOfRobotsOnWhiteSite
23202,22,18
timeStep,numberOfRobotsOnBlackSite,numberOfRobotsOnWhiteSite
23203,22,18
timeStep,numberOfRobotsOnBlackSite,numberOfRobotsOnWhiteSite
23204,22,18
timeStep,numberOfRobotsOnBlackSite,numberOfRobotsOnWhiteSite
23205,22,19
timeStep,numberOfRobotsOnBlackSite,numberOfRobotsOnWhiteSite
23206,22,19
timeStep,numberOfRobotsOnBlackSite,numberOfRobotsOnWhiteSite
23207,22,19
timeStep,numberOfRobotsOnBlackSite,numberOfRobotsOnWhiteSite
23208,22,19
timeStep,numberOfRobotsOnBlackSite,numberOfRobotsOnWhiteSite
23209,22,19
timeStep,numberOfRobotsOnBlackSite,numberOfRobotsOnWhiteSite
23210,22,19
timeStep,numberOfRobotsOnBlackSite,numberOfRobotsOnWhiteSite
23211,22,19
timeStep,numberOfRobotsOnBlackSite,numberOfRobotsOnWhiteSite
23212,22,19
timeStep,numberOfRobotsOnBlackSite,numberOfRobotsOnWhiteSite
23213,22,19
timeStep,numberOfRobotsOnBlackSite,numberOfRobotsOnWhiteSite
23214,22,19
timeStep,numberOfRobotsOnBlackSite,numberOfRobotsOnWhiteSite
23215,22,19
timeStep,numberOfRobotsOnBlackSite,numberOfRobotsOnWhiteSite
23216,22,19
timeStep,numberOfRobotsOnBlackSite,numberOfRobotsOnWhiteSite
23217,22,19
timeStep,numberOfRobotsOnBlackSite,numberOfRobotsOnWhiteSite
23218,22,19
timeStep,numberOfRobotsOnBlackSite,numberOfRobotsOnWhiteSite
23219,22,19
timeStep,numberOfRobotsOnBlackSite,numberOfRobotsOnWhiteSite
23220,22,19
timeStep,numberOfRobotsOnBlackSite,numberOfRobotsOnWhiteSite
23221,22,19
timeStep,numberOfRobotsOnBlackSite,numberOfRobotsOnWhiteSite
23222,22,19
timeStep,numberOfRobotsOnBlackSite,numberOfRobotsOnWhiteSite
23223,22,19
timeStep,numberOfRobotsOnBlackSite,numberOfRobotsOnWhiteSite
23224,22,19
timeStep,numberOfRobotsOnBlackSite,numberOfRobotsOnWhiteSite
23225,22,19
timeStep,numberOfRobotsOnBlackSite,numberOfRobotsOnWhiteSite
23226,22,19
timeStep,numberOfRobotsOnBlackSite,numberOfRobotsOnWhiteSite
23227,22,19
timeStep,numberOfRobotsOnBlackSite,numberOfRobotsOnWhiteSite
23228,22,19
timeStep,numberOfRobotsOnBlackSite,numberOfRobotsOnWhiteSite
23229,22,19
timeStep,numberOfRobotsOnBlackSite,numberOfRobotsOnWhiteSite
23230,22,19
timeStep,numberOfRobotsOnBlackSite,numberOfRobotsOnWhiteSite
23231,22,19
timeStep,numberOfRobotsOnBlackSite,numberOfRobotsOnWhiteSite
23232,22,19
timeStep,numberOfRobotsOnBlackSite,numberOfRobotsOnWhiteSite
23233,22,19
timeStep,numberOfRobotsOnBlackSite,numberOfRobotsOnWhiteSite
23234,22,19
timeStep,numberOfRobotsOnBlackSite,numberOfRobotsOnWhiteSite
23235,22,19
timeStep,numberOfRobotsOnBlackSite,numberOfRobotsOnWhiteSite
23236,22,19
timeStep,numberOfRobotsOnBlackSite,numberOfRobotsOnWhiteSite
23237,22,19
timeStep,numberOfRobotsOnBlackSite,numberOfRobotsOnWhiteSite
23238,22,19
timeStep,numberOfRobotsOnBlackSite,numberOfRobotsOnWhiteSite
23239,22,19
timeStep,numberOfRobotsOnBlackSite,numberOfRobotsOnWhiteSite
23240,22,19
timeStep,numberOfRobotsOnBlackSite,numberOfRobotsOnWhiteSite
23241,22,19
timeStep,numberOfRobotsOnBlackSite,numberOfRobotsOnWhiteSite
23242,22,19
timeStep,numberOfRobotsOnBlackSite,numberOfRobotsOnWhiteSite
23243,22,19
timeStep,numberOfRobotsOnBlackSite,numberOfRobotsOnWhiteSite
23244,22,19
timeStep,numberOfRobotsOnBlackSite,numberOfRobotsOnWhiteSite
23245,22,19
timeStep,numberOfRobotsOnBlackSite,numberOfRobotsOnWhiteSite
23246,22,19
timeStep,numberOfRobotsOnBlackSite,numberOfRobotsOnWhiteSite
23247,22,19
timeStep,numberOfRobotsOnBlackSite,numberOfRobotsOnWhiteSite
23248,22,19
timeStep,numberOfRobotsOnBlackSite,numberOfRobotsOnWhiteSite
23249,22,19
timeStep,numberOfRobotsOnBlackSite,numberOfRobotsOnWhiteSite
23250,23,19
timeStep,numberOfRobotsOnBlackSite,numberOfRobotsOnWhiteSite
23251,23,19
timeStep,numberOfRobotsOnBlackSite,numberOfRobotsOnWhiteSite
23252,23,19
timeStep,numberOfRobotsOnBlackSite,numberOfRobotsOnWhiteSite
23253,23,19
timeStep,numberOfRobotsOnBlackSite,numberOfRobotsOnWhiteSite
23254,23,19
timeStep,numberOfRobotsOnBlackSite,numberOfRobotsOnWhiteSite
23255,23,19
timeStep,numberOfRobotsOnBlackSite,numberOfRobotsOnWhiteSite
23256,23,19
timeStep,numberOfRobotsOnBlackSite,numberOfRobotsOnWhiteSite
23257,23,19
timeStep,numberOfRobotsOnBlackSite,numberOfRobotsOnWhiteSite
23258,23,19
timeStep,numberOfRobotsOnBlackSite,numberOfRobotsOnWhiteSite
23259,23,19
timeStep,numberOfRobotsOnBlackSite,numberOfRobotsOnWhiteSite
23260,23,19
timeStep,numberOfRobotsOnBlackSite,numberOfRobotsOnWhiteSite
23261,23,19
timeStep,numberOfRobotsOnBlackSite,numberOfRobotsOnWhiteSite
23262,23,19
timeStep,numberOfRobotsOnBlackSite,numberOfRobotsOnWhiteSite
23263,23,19
timeStep,numberOfRobotsOnBlackSite,numberOfRobotsOnWhiteSite
23264,23,19
timeStep,numberOfRobotsOnBlackSite,numberOfRobotsOnWhiteSite
23265,23,20
timeStep,numberOfRobotsOnBlackSite,numberOfRobotsOnWhiteSite
23266,23,20
timeStep,numberOfRobotsOnBlackSite,numberOfRobotsOnWhiteSite
23267,23,20
timeStep,numberOfRobotsOnBlackSite,numberOfRobotsOnWhiteSite
23268,23,20
timeStep,numberOfRobotsOnBlackSite,numberOfRobotsOnWhiteSite
23269,23,20
timeStep,numberOfRobotsOnBlackSite,numberOfRobotsOnWhiteSite
23270,23,20
timeStep,numberOfRobotsOnBlackSite,numberOfRobotsOnWhiteSite
23271,23,20
timeStep,numberOfRobotsOnBlackSite,numberOfRobotsOnWhiteSite
23272,23,20
timeStep,numberOfRobotsOnBlackSite,numberOfRobotsOnWhiteSite
23273,23,20
timeStep,numberOfRobotsOnBlackSite,numberOfRobotsOnWhiteSite
23274,23,20
timeStep,numberOfRobotsOnBlackSite,numberOfRobotsOnWhiteSite
23275,23,20
timeStep,numberOfRobotsOnBlackSite,numberOfRobotsOnWhiteSite
23276,23,20
timeStep,numberOfRobotsOnBlackSite,numberOfRobotsOnWhiteSite
23277,23,20
timeStep,numberOfRobotsOnBlackSite,numberOfRobotsOnWhiteSite
23278,23,20
timeStep,numberOfRobotsOnBlackSite,numberOfRobotsOnWhiteSite
23279,23,20
timeStep,numberOfRobotsOnBlackSite,numberOfRobotsOnWhiteSite
23280,23,20
timeStep,numberOfRobotsOnBlackSite,numberOfRobotsOnWhiteSite
23281,23,20
timeStep,numberOfRobotsOnBlackSite,numberOfRobotsOnWhiteSite
23282,23,20
timeStep,numberOfRobotsOnBlackSite,numberOfRobotsOnWhiteSite
23283,23,20
timeStep,numberOfRobotsOnBlackSite,numberOfRobotsOnWhiteSite
23284,23,20
timeStep,numberOfRobotsOnBlackSite,numberOfRobotsOnWhiteSite
23285,23,20
timeStep,numberOfRobotsOnBlackSite,numberOfRobotsOnWhiteSite
23286,23,20
timeStep,numberOfRobotsOnBlackSite,numberOfRobotsOnWhiteSite
23287,23,20
timeStep,numberOfRobotsOnBlackSite,numberOfRobotsOnWhiteSite
23288,23,20
timeStep,numberOfRobotsOnBlackSite,numberOfRobotsOnWhiteSite
23289,23,20
timeStep,numberOfRobotsOnBlackSite,numberOfRobotsOnWhiteSite
23290,23,20
timeStep,numberOfRobotsOnBlackSite,numberOfRobotsOnWhiteSite
23291,23,20
timeStep,numberOfRobotsOnBlackSite,numberOfRobotsOnWhiteSite
23292,23,20
timeStep,numberOfRobotsOnBlackSite,numberOfRobotsOnWhiteSite
23293,23,20
timeStep,numberOfRobotsOnBlackSite,numberOfRobotsOnWhiteSite
23294,23,20
timeStep,numberOfRobotsOnBlackSite,numberOfRobotsOnWhiteSite
23295,23,20
timeStep,numberOfRobotsOnBlackSite,numberOfRobotsOnWhiteSite
23296,23,20
timeStep,numberOfRobotsOnBlackSite,numberOfRobotsOnWhiteSite
23297,23,20
timeStep,numberOfRobotsOnBlackSite,numberOfRobotsOnWhiteSite
23298,23,20
timeStep,numberOfRobotsOnBlackSite,numberOfRobotsOnWhiteSite
23299,23,20
timeStep,numberOfRobotsOnBlackSite,numberOfRobotsOnWhiteSite
23300,23,20
timeStep,numberOfRobotsOnBlackSite,numberOfRobotsOnWhiteSite
23301,23,20
timeStep,numberOfRobotsOnBlackSite,numberOfRobotsOnWhiteSite
23302,23,20
timeStep,numberOfRobotsOnBlackSite,numberOfRobotsOnWhiteSite
23303,23,20
timeStep,numberOfRobotsOnBlackSite,numberOfRobotsOnWhiteSite
23304,23,20
timeStep,numberOfRobotsOnBlackSite,numberOfRobotsOnWhiteSite
23305,23,20
timeStep,numberOfRobotsOnBlackSite,numberOfRobotsOnWhiteSite
23306,23,20
timeStep,numberOfRobotsOnBlackSite,numberOfRobotsOnWhiteSite
23307,23,20
timeStep,numberOfRobotsOnBlackSite,numberOfRobotsOnWhiteSite
23308,23,20
timeStep,numberOfRobotsOnBlackSite,numberOfRobotsOnWhiteSite
23309,23,20
timeStep,numberOfRobotsOnBlackSite,numberOfRobotsOnWhiteSite
23310,23,20
timeStep,numberOfRobotsOnBlackSite,numberOfRobotsOnWhiteSite
23311,23,20
timeStep,numberOfRobotsOnBlackSite,numberOfRobotsOnWhiteSite
23312,23,20
timeStep,numberOfRobotsOnBlackSite,numberOfRobotsOnWhiteSite
23313,23,20
timeStep,numberOfRobotsOnBlackSite,numberOfRobotsOnWhiteSite
23314,23,20
timeStep,numberOfRobotsOnBlackSite,numberOfRobotsOnWhiteSite
23315,23,20
timeStep,numberOfRobotsOnBlackSite,numberOfRobotsOnWhiteSite
23316,23,20
timeStep,numberOfRobotsOnBlackSite,numberOfRobotsOnWhiteSite
23317,23,20
timeStep,numberOfRobotsOnBlackSite,numberOfRobotsOnWhiteSite
23318,23,20
timeStep,numberOfRobotsOnBlackSite,numberOfRobotsOnWhiteSite
23319,23,20
timeStep,numberOfRobotsOnBlackSite,numberOfRobotsOnWhiteSite
23320,23,20
timeStep,numberOfRobotsOnBlackSite,numberOfRobotsOnWhiteSite
23321,23,20
timeStep,numberOfRobotsOnBlackSite,numberOfRobotsOnWhiteSite
23322,23,20
timeStep,numberOfRobotsOnBlackSite,numberOfRobotsOnWhiteSite
23323,23,20
timeStep,numberOfRobotsOnBlackSite,numberOfRobotsOnWhiteSite
23324,23,20
timeStep,numberOfRobotsOnBlackSite,numberOfRobotsOnWhiteSite
23325,23,20
timeStep,numberOfRobotsOnBlackSite,numberOfRobotsOnWhiteSite
23326,23,20
timeStep,numberOfRobotsOnBlackSite,numberOfRobotsOnWhiteSite
23327,23,20
timeStep,numberOfRobotsOnBlackSite,numberOfRobotsOnWhiteSite
23328,23,20
timeStep,numberOfRobotsOnBlackSite,numberOfRobotsOnWhiteSite
23329,23,20
timeStep,numberOfRobotsOnBlackSite,numberOfRobotsOnWhiteSite
23330,23,20
timeStep,numberOfRobotsOnBlackSite,numberOfRobotsOnWhiteSite
23331,23,20
timeStep,numberOfRobotsOnBlackSite,numberOfRobotsOnWhiteSite
23332,23,20
timeStep,numberOfRobotsOnBlackSite,numberOfRobotsOnWhiteSite
23333,23,20
timeStep,numberOfRobotsOnBlackSite,numberOfRobotsOnWhiteSite
23334,23,20
timeStep,numberOfRobotsOnBlackSite,numberOfRobotsOnWhiteSite
23335,23,20
timeStep,numberOfRobotsOnBlackSite,numberOfRobotsOnWhiteSite
23336,23,20
timeStep,numberOfRobotsOnBlackSite,numberOfRobotsOnWhiteSite
23337,23,20
timeStep,numberOfRobotsOnBlackSite,numberOfRobotsOnWhiteSite
23338,23,20
timeStep,numberOfRobotsOnBlackSite,numberOfRobotsOnWhiteSite
23339,23,20
timeStep,numberOfRobotsOnBlackSite,numberOfRobotsOnWhiteSite
23340,23,20
timeStep,numberOfRobotsOnBlackSite,numberOfRobotsOnWhiteSite
23341,23,20
timeStep,numberOfRobotsOnBlackSite,numberOfRobotsOnWhiteSite
23342,23,20
timeStep,numberOfRobotsOnBlackSite,numberOfRobotsOnWhiteSite
23343,23,20
timeStep,numberOfRobotsOnBlackSite,numberOfRobotsOnWhiteSite
23344,23,20
timeStep,numberOfRobotsOnBlackSite,numberOfRobotsOnWhiteSite
23345,23,20
timeStep,numberOfRobotsOnBlackSite,numberOfRobotsOnWhiteSite
23346,23,20
timeStep,numberOfRobotsOnBlackSite,numberOfRobotsOnWhiteSite
23347,23,20
timeStep,numberOfRobotsOnBlackSite,numberOfRobotsOnWhiteSite
23348,23,20
timeStep,numberOfRobotsOnBlackSite,numberOfRobotsOnWhiteSite
23349,23,20
timeStep,numberOfRobotsOnBlackSite,numberOfRobotsOnWhiteSite
23350,23,20
timeStep,numberOfRobotsOnBlackSite,numberOfRobotsOnWhiteSite
23351,23,20
timeStep,numberOfRobotsOnBlackSite,numberOfRobotsOnWhiteSite
23352,23,20
timeStep,numberOfRobotsOnBlackSite,numberOfRobotsOnWhiteSite
23353,23,20
timeStep,numberOfRobotsOnBlackSite,numberOfRobotsOnWhiteSite
23354,23,20
timeStep,numberOfRobotsOnBlackSite,numberOfRobotsOnWhiteSite
23355,23,20
timeStep,numberOfRobotsOnBlackSite,numberOfRobotsOnWhiteSite
23356,23,20
timeStep,numberOfRobotsOnBlackSite,numberOfRobotsOnWhiteSite
23357,23,20
timeStep,numberOfRobotsOnBlackSite,numberOfRobotsOnWhiteSite
23358,23,20
timeStep,numberOfRobotsOnBlackSite,numberOfRobotsOnWhiteSite
23359,23,20
timeStep,numberOfRobotsOnBlackSite,numberOfRobotsOnWhiteSite
23360,23,20
timeStep,numberOfRobotsOnBlackSite,numberOfRobotsOnWhiteSite
23361,23,20
timeStep,numberOfRobotsOnBlackSite,numberOfRobotsOnWhiteSite
23362,23,20
timeStep,numberOfRobotsOnBlackSite,numberOfRobotsOnWhiteSite
23363,23,20
timeStep,numberOfRobotsOnBlackSite,numberOfRobotsOnWhiteSite
23364,23,20
timeStep,numberOfRobotsOnBlackSite,numberOfRobotsOnWhiteSite
23365,23,20
timeStep,numberOfRobotsOnBlackSite,numberOfRobotsOnWhiteSite
23366,23,20
timeStep,numberOfRobotsOnBlackSite,numberOfRobotsOnWhiteSite
23367,23,20
timeStep,numberOfRobotsOnBlackSite,numberOfRobotsOnWhiteSite
23368,23,20
timeStep,numberOfRobotsOnBlackSite,numberOfRobotsOnWhiteSite
23369,23,20
timeStep,numberOfRobotsOnBlackSite,numberOfRobotsOnWhiteSite
23370,23,20
timeStep,numberOfRobotsOnBlackSite,numberOfRobotsOnWhiteSite
23371,23,20
timeStep,numberOfRobotsOnBlackSite,numberOfRobotsOnWhiteSite
23372,23,20
timeStep,numberOfRobotsOnBlackSite,numberOfRobotsOnWhiteSite
23373,23,20
timeStep,numberOfRobotsOnBlackSite,numberOfRobotsOnWhiteSite
23374,23,20
timeStep,numberOfRobotsOnBlackSite,numberOfRobotsOnWhiteSite
23375,23,20
timeStep,numberOfRobotsOnBlackSite,numberOfRobotsOnWhiteSite
23376,23,20
timeStep,numberOfRobotsOnBlackSite,numberOfRobotsOnWhiteSite
23377,23,20
timeStep,numberOfRobotsOnBlackSite,numberOfRobotsOnWhiteSite
23378,23,20
timeStep,numberOfRobotsOnBlackSite,numberOfRobotsOnWhiteSite
23379,23,20
timeStep,numberOfRobotsOnBlackSite,numberOfRobotsOnWhiteSite
23380,23,20
timeStep,numberOfRobotsOnBlackSite,numberOfRobotsOnWhiteSite
23381,23,20
timeStep,numberOfRobotsOnBlackSite,numberOfRobotsOnWhiteSite
23382,23,20
timeStep,numberOfRobotsOnBlackSite,numberOfRobotsOnWhiteSite
23383,23,20
timeStep,numberOfRobotsOnBlackSite,numberOfRobotsOnWhiteSite
23384,23,20
timeStep,numberOfRobotsOnBlackSite,numberOfRobotsOnWhiteSite
23385,23,20
timeStep,numberOfRobotsOnBlackSite,numberOfRobotsOnWhiteSite
23386,23,20
timeStep,numberOfRobotsOnBlackSite,numberOfRobotsOnWhiteSite
23387,23,20
timeStep,numberOfRobotsOnBlackSite,numberOfRobotsOnWhiteSite
23388,23,20
timeStep,numberOfRobotsOnBlackSite,numberOfRobotsOnWhiteSite
23389,23,20
timeStep,numberOfRobotsOnBlackSite,numberOfRobotsOnWhiteSite
23390,23,20
timeStep,numberOfRobotsOnBlackSite,numberOfRobotsOnWhiteSite
23391,23,20
timeStep,numberOfRobotsOnBlackSite,numberOfRobotsOnWhiteSite
23392,23,20
timeStep,numberOfRobotsOnBlackSite,numberOfRobotsOnWhiteSite
23393,23,20
timeStep,numberOfRobotsOnBlackSite,numberOfRobotsOnWhiteSite
23394,23,20
timeStep,numberOfRobotsOnBlackSite,numberOfRobotsOnWhiteSite
23395,23,19
timeStep,numberOfRobotsOnBlackSite,numberOfRobotsOnWhiteSite
23396,23,19
timeStep,numberOfRobotsOnBlackSite,numberOfRobotsOnWhiteSite
23397,23,19
timeStep,numberOfRobotsOnBlackSite,numberOfRobotsOnWhiteSite
23398,23,19
timeStep,numberOfRobotsOnBlackSite,numberOfRobotsOnWhiteSite
23399,23,19
timeStep,numberOfRobotsOnBlackSite,numberOfRobotsOnWhiteSite
23400,23,19
timeStep,numberOfRobotsOnBlackSite,numberOfRobotsOnWhiteSite
23401,23,19
timeStep,numberOfRobotsOnBlackSite,numberOfRobotsOnWhiteSite
23402,23,19
timeStep,numberOfRobotsOnBlackSite,numberOfRobotsOnWhiteSite
23403,23,19
timeStep,numberOfRobotsOnBlackSite,numberOfRobotsOnWhiteSite
23404,23,19
timeStep,numberOfRobotsOnBlackSite,numberOfRobotsOnWhiteSite
23405,23,19
timeStep,numberOfRobotsOnBlackSite,numberOfRobotsOnWhiteSite
23406,23,19
timeStep,numberOfRobotsOnBlackSite,numberOfRobotsOnWhiteSite
23407,23,19
timeStep,numberOfRobotsOnBlackSite,numberOfRobotsOnWhiteSite
23408,23,19
timeStep,numberOfRobotsOnBlackSite,numberOfRobotsOnWhiteSite
23409,23,19
timeStep,numberOfRobotsOnBlackSite,numberOfRobotsOnWhiteSite
23410,23,19
timeStep,numberOfRobotsOnBlackSite,numberOfRobotsOnWhiteSite
23411,23,19
timeStep,numberOfRobotsOnBlackSite,numberOfRobotsOnWhiteSite
23412,23,19
timeStep,numberOfRobotsOnBlackSite,numberOfRobotsOnWhiteSite
23413,23,19
timeStep,numberOfRobotsOnBlackSite,numberOfRobotsOnWhiteSite
23414,23,19
timeStep,numberOfRobotsOnBlackSite,numberOfRobotsOnWhiteSite
23415,23,19
timeStep,numberOfRobotsOnBlackSite,numberOfRobotsOnWhiteSite
23416,23,19
timeStep,numberOfRobotsOnBlackSite,numberOfRobotsOnWhiteSite
23417,23,19
timeStep,numberOfRobotsOnBlackSite,numberOfRobotsOnWhiteSite
23418,23,19
timeStep,numberOfRobotsOnBlackSite,numberOfRobotsOnWhiteSite
23419,23,19
timeStep,numberOfRobotsOnBlackSite,numberOfRobotsOnWhiteSite
23420,23,19
timeStep,numberOfRobotsOnBlackSite,numberOfRobotsOnWhiteSite
23421,23,19
timeStep,numberOfRobotsOnBlackSite,numberOfRobotsOnWhiteSite
23422,23,19
timeStep,numberOfRobotsOnBlackSite,numberOfRobotsOnWhiteSite
23423,23,19
timeStep,numberOfRobotsOnBlackSite,numberOfRobotsOnWhiteSite
23424,23,19
timeStep,numberOfRobotsOnBlackSite,numberOfRobotsOnWhiteSite
23425,23,20
timeStep,numberOfRobotsOnBlackSite,numberOfRobotsOnWhiteSite
23426,23,20
timeStep,numberOfRobotsOnBlackSite,numberOfRobotsOnWhiteSite
23427,23,20
timeStep,numberOfRobotsOnBlackSite,numberOfRobotsOnWhiteSite
23428,23,20
timeStep,numberOfRobotsOnBlackSite,numberOfRobotsOnWhiteSite
23429,23,20
timeStep,numberOfRobotsOnBlackSite,numberOfRobotsOnWhiteSite
23430,23,20
timeStep,numberOfRobotsOnBlackSite,numberOfRobotsOnWhiteSite
23431,23,20
timeStep,numberOfRobotsOnBlackSite,numberOfRobotsOnWhiteSite
23432,23,20
timeStep,numberOfRobotsOnBlackSite,numberOfRobotsOnWhiteSite
23433,23,20
timeStep,numberOfRobotsOnBlackSite,numberOfRobotsOnWhiteSite
23434,23,20
timeStep,numberOfRobotsOnBlackSite,numberOfRobotsOnWhiteSite
23435,23,20
timeStep,numberOfRobotsOnBlackSite,numberOfRobotsOnWhiteSite
23436,23,20
timeStep,numberOfRobotsOnBlackSite,numberOfRobotsOnWhiteSite
23437,23,20
timeStep,numberOfRobotsOnBlackSite,numberOfRobotsOnWhiteSite
23438,23,20
timeStep,numberOfRobotsOnBlackSite,numberOfRobotsOnWhiteSite
23439,23,20
timeStep,numberOfRobotsOnBlackSite,numberOfRobotsOnWhiteSite
23440,23,20
timeStep,numberOfRobotsOnBlackSite,numberOfRobotsOnWhiteSite
23441,23,20
timeStep,numberOfRobotsOnBlackSite,numberOfRobotsOnWhiteSite
23442,23,20
timeStep,numberOfRobotsOnBlackSite,numberOfRobotsOnWhiteSite
23443,23,20
timeStep,numberOfRobotsOnBlackSite,numberOfRobotsOnWhiteSite
23444,23,20
timeStep,numberOfRobotsOnBlackSite,numberOfRobotsOnWhiteSite
23445,23,20
timeStep,numberOfRobotsOnBlackSite,numberOfRobotsOnWhiteSite
23446,23,20
timeStep,numberOfRobotsOnBlackSite,numberOfRobotsOnWhiteSite
23447,23,20
timeStep,numberOfRobotsOnBlackSite,numberOfRobotsOnWhiteSite
23448,23,20
timeStep,numberOfRobotsOnBlackSite,numberOfRobotsOnWhiteSite
23449,23,20
timeStep,numberOfRobotsOnBlackSite,numberOfRobotsOnWhiteSite
23450,24,20
timeStep,numberOfRobotsOnBlackSite,numberOfRobotsOnWhiteSite
23451,24,20
timeStep,numberOfRobotsOnBlackSite,numberOfRobotsOnWhiteSite
23452,24,20
timeStep,numberOfRobotsOnBlackSite,numberOfRobotsOnWhiteSite
23453,24,20
timeStep,numberOfRobotsOnBlackSite,numberOfRobotsOnWhiteSite
23454,24,20
timeStep,numberOfRobotsOnBlackSite,numberOfRobotsOnWhiteSite
23455,24,20
timeStep,numberOfRobotsOnBlackSite,numberOfRobotsOnWhiteSite
23456,24,20
timeStep,numberOfRobotsOnBlackSite,numberOfRobotsOnWhiteSite
23457,24,20
timeStep,numberOfRobotsOnBlackSite,numberOfRobotsOnWhiteSite
23458,24,20
timeStep,numberOfRobotsOnBlackSite,numberOfRobotsOnWhiteSite
23459,24,20
timeStep,numberOfRobotsOnBlackSite,numberOfRobotsOnWhiteSite
23460,24,20
timeStep,numberOfRobotsOnBlackSite,numberOfRobotsOnWhiteSite
23461,24,20
timeStep,numberOfRobotsOnBlackSite,numberOfRobotsOnWhiteSite
23462,24,20
timeStep,numberOfRobotsOnBlackSite,numberOfRobotsOnWhiteSite
23463,24,20
timeStep,numberOfRobotsOnBlackSite,numberOfRobotsOnWhiteSite
23464,24,20
timeStep,numberOfRobotsOnBlackSite,numberOfRobotsOnWhiteSite
23465,24,18
timeStep,numberOfRobotsOnBlackSite,numberOfRobotsOnWhiteSite
23466,24,18
timeStep,numberOfRobotsOnBlackSite,numberOfRobotsOnWhiteSite
23467,24,18
timeStep,numberOfRobotsOnBlackSite,numberOfRobotsOnWhiteSite
23468,24,18
timeStep,numberOfRobotsOnBlackSite,numberOfRobotsOnWhiteSite
23469,24,18
timeStep,numberOfRobotsOnBlackSite,numberOfRobotsOnWhiteSite
23470,24,18
timeStep,numberOfRobotsOnBlackSite,numberOfRobotsOnWhiteSite
23471,24,18
timeStep,numberOfRobotsOnBlackSite,numberOfRobotsOnWhiteSite
23472,24,18
timeStep,numberOfRobotsOnBlackSite,numberOfRobotsOnWhiteSite
23473,24,18
timeStep,numberOfRobotsOnBlackSite,numberOfRobotsOnWhiteSite
23474,24,18
timeStep,numberOfRobotsOnBlackSite,numberOfRobotsOnWhiteSite
23475,24,18
timeStep,numberOfRobotsOnBlackSite,numberOfRobotsOnWhiteSite
23476,24,18
timeStep,numberOfRobotsOnBlackSite,numberOfRobotsOnWhiteSite
23477,24,18
timeStep,numberOfRobotsOnBlackSite,numberOfRobotsOnWhiteSite
23478,24,18
timeStep,numberOfRobotsOnBlackSite,numberOfRobotsOnWhiteSite
23479,24,18
timeStep,numberOfRobotsOnBlackSite,numberOfRobotsOnWhiteSite
23480,24,18
timeStep,numberOfRobotsOnBlackSite,numberOfRobotsOnWhiteSite
23481,24,18
timeStep,numberOfRobotsOnBlackSite,numberOfRobotsOnWhiteSite
23482,24,18
timeStep,numberOfRobotsOnBlackSite,numberOfRobotsOnWhiteSite
23483,24,18
timeStep,numberOfRobotsOnBlackSite,numberOfRobotsOnWhiteSite
23484,24,18
timeStep,numberOfRobotsOnBlackSite,numberOfRobotsOnWhiteSite
23485,24,18
timeStep,numberOfRobotsOnBlackSite,numberOfRobotsOnWhiteSite
23486,24,18
timeStep,numberOfRobotsOnBlackSite,numberOfRobotsOnWhiteSite
23487,24,18
timeStep,numberOfRobotsOnBlackSite,numberOfRobotsOnWhiteSite
23488,24,18
timeStep,numberOfRobotsOnBlackSite,numberOfRobotsOnWhiteSite
23489,24,18
timeStep,numberOfRobotsOnBlackSite,numberOfRobotsOnWhiteSite
23490,24,18
timeStep,numberOfRobotsOnBlackSite,numberOfRobotsOnWhiteSite
23491,24,18
timeStep,numberOfRobotsOnBlackSite,numberOfRobotsOnWhiteSite
23492,24,18
timeStep,numberOfRobotsOnBlackSite,numberOfRobotsOnWhiteSite
23493,24,18
timeStep,numberOfRobotsOnBlackSite,numberOfRobotsOnWhiteSite
23494,24,18
timeStep,numberOfRobotsOnBlackSite,numberOfRobotsOnWhiteSite
23495,24,18
timeStep,numberOfRobotsOnBlackSite,numberOfRobotsOnWhiteSite
23496,24,18
timeStep,numberOfRobotsOnBlackSite,numberOfRobotsOnWhiteSite
23497,24,18
timeStep,numberOfRobotsOnBlackSite,numberOfRobotsOnWhiteSite
23498,24,18
timeStep,numberOfRobotsOnBlackSite,numberOfRobotsOnWhiteSite
23499,24,18
timeStep,numberOfRobotsOnBlackSite,numberOfRobotsOnWhiteSite
23500,24,18
timeStep,numberOfRobotsOnBlackSite,numberOfRobotsOnWhiteSite
23501,24,18
timeStep,numberOfRobotsOnBlackSite,numberOfRobotsOnWhiteSite
23502,24,18
timeStep,numberOfRobotsOnBlackSite,numberOfRobotsOnWhiteSite
23503,24,18
timeStep,numberOfRobotsOnBlackSite,numberOfRobotsOnWhiteSite
23504,24,18
timeStep,numberOfRobotsOnBlackSite,numberOfRobotsOnWhiteSite
23505,24,18
timeStep,numberOfRobotsOnBlackSite,numberOfRobotsOnWhiteSite
23506,24,18
timeStep,numberOfRobotsOnBlackSite,numberOfRobotsOnWhiteSite
23507,24,18
timeStep,numberOfRobotsOnBlackSite,numberOfRobotsOnWhiteSite
23508,24,18
timeStep,numberOfRobotsOnBlackSite,numberOfRobotsOnWhiteSite
23509,24,18
timeStep,numberOfRobotsOnBlackSite,numberOfRobotsOnWhiteSite
23510,24,18
timeStep,numberOfRobotsOnBlackSite,numberOfRobotsOnWhiteSite
23511,24,18
timeStep,numberOfRobotsOnBlackSite,numberOfRobotsOnWhiteSite
23512,24,18
timeStep,numberOfRobotsOnBlackSite,numberOfRobotsOnWhiteSite
23513,24,18
timeStep,numberOfRobotsOnBlackSite,numberOfRobotsOnWhiteSite
23514,24,18
timeStep,numberOfRobotsOnBlackSite,numberOfRobotsOnWhiteSite
23515,24,18
timeStep,numberOfRobotsOnBlackSite,numberOfRobotsOnWhiteSite
23516,24,18
timeStep,numberOfRobotsOnBlackSite,numberOfRobotsOnWhiteSite
23517,24,18
timeStep,numberOfRobotsOnBlackSite,numberOfRobotsOnWhiteSite
23518,24,18
timeStep,numberOfRobotsOnBlackSite,numberOfRobotsOnWhiteSite
23519,24,18
timeStep,numberOfRobotsOnBlackSite,numberOfRobotsOnWhiteSite
23520,24,18
timeStep,numberOfRobotsOnBlackSite,numberOfRobotsOnWhiteSite
23521,24,18
timeStep,numberOfRobotsOnBlackSite,numberOfRobotsOnWhiteSite
23522,24,18
timeStep,numberOfRobotsOnBlackSite,numberOfRobotsOnWhiteSite
23523,24,18
timeStep,numberOfRobotsOnBlackSite,numberOfRobotsOnWhiteSite
23524,24,18
timeStep,numberOfRobotsOnBlackSite,numberOfRobotsOnWhiteSite
23525,24,19
timeStep,numberOfRobotsOnBlackSite,numberOfRobotsOnWhiteSite
23526,24,19
timeStep,numberOfRobotsOnBlackSite,numberOfRobotsOnWhiteSite
23527,24,19
timeStep,numberOfRobotsOnBlackSite,numberOfRobotsOnWhiteSite
23528,24,19
timeStep,numberOfRobotsOnBlackSite,numberOfRobotsOnWhiteSite
23529,24,19
timeStep,numberOfRobotsOnBlackSite,numberOfRobotsOnWhiteSite
23530,24,19
timeStep,numberOfRobotsOnBlackSite,numberOfRobotsOnWhiteSite
23531,24,19
timeStep,numberOfRobotsOnBlackSite,numberOfRobotsOnWhiteSite
23532,24,19
timeStep,numberOfRobotsOnBlackSite,numberOfRobotsOnWhiteSite
23533,24,19
timeStep,numberOfRobotsOnBlackSite,numberOfRobotsOnWhiteSite
23534,24,19
timeStep,numberOfRobotsOnBlackSite,numberOfRobotsOnWhiteSite
23535,24,19
timeStep,numberOfRobotsOnBlackSite,numberOfRobotsOnWhiteSite
23536,24,19
timeStep,numberOfRobotsOnBlackSite,numberOfRobotsOnWhiteSite
23537,24,19
timeStep,numberOfRobotsOnBlackSite,numberOfRobotsOnWhiteSite
23538,24,19
timeStep,numberOfRobotsOnBlackSite,numberOfRobotsOnWhiteSite
23539,24,19
timeStep,numberOfRobotsOnBlackSite,numberOfRobotsOnWhiteSite
23540,24,19
timeStep,numberOfRobotsOnBlackSite,numberOfRobotsOnWhiteSite
23541,24,19
timeStep,numberOfRobotsOnBlackSite,numberOfRobotsOnWhiteSite
23542,24,19
timeStep,numberOfRobotsOnBlackSite,numberOfRobotsOnWhiteSite
23543,24,19
timeStep,numberOfRobotsOnBlackSite,numberOfRobotsOnWhiteSite
23544,24,19
timeStep,numberOfRobotsOnBlackSite,numberOfRobotsOnWhiteSite
23545,24,19
timeStep,numberOfRobotsOnBlackSite,numberOfRobotsOnWhiteSite
23546,24,19
timeStep,numberOfRobotsOnBlackSite,numberOfRobotsOnWhiteSite
23547,24,19
timeStep,numberOfRobotsOnBlackSite,numberOfRobotsOnWhiteSite
23548,24,19
timeStep,numberOfRobotsOnBlackSite,numberOfRobotsOnWhiteSite
23549,24,19
timeStep,numberOfRobotsOnBlackSite,numberOfRobotsOnWhiteSite
23550,24,19
timeStep,numberOfRobotsOnBlackSite,numberOfRobotsOnWhiteSite
23551,24,19
timeStep,numberOfRobotsOnBlackSite,numberOfRobotsOnWhiteSite
23552,24,19
timeStep,numberOfRobotsOnBlackSite,numberOfRobotsOnWhiteSite
23553,24,19
timeStep,numberOfRobotsOnBlackSite,numberOfRobotsOnWhiteSite
23554,24,19
timeStep,numberOfRobotsOnBlackSite,numberOfRobotsOnWhiteSite
23555,24,19
timeStep,numberOfRobotsOnBlackSite,numberOfRobotsOnWhiteSite
23556,24,19
timeStep,numberOfRobotsOnBlackSite,numberOfRobotsOnWhiteSite
23557,24,19
timeStep,numberOfRobotsOnBlackSite,numberOfRobotsOnWhiteSite
23558,24,19
timeStep,numberOfRobotsOnBlackSite,numberOfRobotsOnWhiteSite
23559,24,19
timeStep,numberOfRobotsOnBlackSite,numberOfRobotsOnWhiteSite
23560,24,20
timeStep,numberOfRobotsOnBlackSite,numberOfRobotsOnWhiteSite
23561,24,20
timeStep,numberOfRobotsOnBlackSite,numberOfRobotsOnWhiteSite
23562,24,20
timeStep,numberOfRobotsOnBlackSite,numberOfRobotsOnWhiteSite
23563,24,20
timeStep,numberOfRobotsOnBlackSite,numberOfRobotsOnWhiteSite
23564,24,20
timeStep,numberOfRobotsOnBlackSite,numberOfRobotsOnWhiteSite
23565,24,20
timeStep,numberOfRobotsOnBlackSite,numberOfRobotsOnWhiteSite
23566,24,20
timeStep,numberOfRobotsOnBlackSite,numberOfRobotsOnWhiteSite
23567,24,20
timeStep,numberOfRobotsOnBlackSite,numberOfRobotsOnWhiteSite
23568,24,20
timeStep,numberOfRobotsOnBlackSite,numberOfRobotsOnWhiteSite
23569,24,20
timeStep,numberOfRobotsOnBlackSite,numberOfRobotsOnWhiteSite
23570,24,20
timeStep,numberOfRobotsOnBlackSite,numberOfRobotsOnWhiteSite
23571,24,20
timeStep,numberOfRobotsOnBlackSite,numberOfRobotsOnWhiteSite
23572,24,20
timeStep,numberOfRobotsOnBlackSite,numberOfRobotsOnWhiteSite
23573,24,20
timeStep,numberOfRobotsOnBlackSite,numberOfRobotsOnWhiteSite
23574,24,20
timeStep,numberOfRobotsOnBlackSite,numberOfRobotsOnWhiteSite
23575,24,20
timeStep,numberOfRobotsOnBlackSite,numberOfRobotsOnWhiteSite
23576,24,20
timeStep,numberOfRobotsOnBlackSite,numberOfRobotsOnWhiteSite
23577,24,20
timeStep,numberOfRobotsOnBlackSite,numberOfRobotsOnWhiteSite
23578,24,20
timeStep,numberOfRobotsOnBlackSite,numberOfRobotsOnWhiteSite
23579,24,20
timeStep,numberOfRobotsOnBlackSite,numberOfRobotsOnWhiteSite
23580,24,20
timeStep,numberOfRobotsOnBlackSite,numberOfRobotsOnWhiteSite
23581,24,20
timeStep,numberOfRobotsOnBlackSite,numberOfRobotsOnWhiteSite
23582,24,20
timeStep,numberOfRobotsOnBlackSite,numberOfRobotsOnWhiteSite
23583,24,20
timeStep,numberOfRobotsOnBlackSite,numberOfRobotsOnWhiteSite
23584,24,20
timeStep,numberOfRobotsOnBlackSite,numberOfRobotsOnWhiteSite
23585,24,20
timeStep,numberOfRobotsOnBlackSite,numberOfRobotsOnWhiteSite
23586,24,20
timeStep,numberOfRobotsOnBlackSite,numberOfRobotsOnWhiteSite
23587,24,20
timeStep,numberOfRobotsOnBlackSite,numberOfRobotsOnWhiteSite
23588,24,20
timeStep,numberOfRobotsOnBlackSite,numberOfRobotsOnWhiteSite
23589,24,20
timeStep,numberOfRobotsOnBlackSite,numberOfRobotsOnWhiteSite
23590,24,20
timeStep,numberOfRobotsOnBlackSite,numberOfRobotsOnWhiteSite
23591,24,20
timeStep,numberOfRobotsOnBlackSite,numberOfRobotsOnWhiteSite
23592,24,20
timeStep,numberOfRobotsOnBlackSite,numberOfRobotsOnWhiteSite
23593,24,20
timeStep,numberOfRobotsOnBlackSite,numberOfRobotsOnWhiteSite
23594,24,20
timeStep,numberOfRobotsOnBlackSite,numberOfRobotsOnWhiteSite
23595,24,20
timeStep,numberOfRobotsOnBlackSite,numberOfRobotsOnWhiteSite
23596,24,20
timeStep,numberOfRobotsOnBlackSite,numberOfRobotsOnWhiteSite
23597,24,20
timeStep,numberOfRobotsOnBlackSite,numberOfRobotsOnWhiteSite
23598,24,20
timeStep,numberOfRobotsOnBlackSite,numberOfRobotsOnWhiteSite
23599,24,20
timeStep,numberOfRobotsOnBlackSite,numberOfRobotsOnWhiteSite
23600,24,20
timeStep,numberOfRobotsOnBlackSite,numberOfRobotsOnWhiteSite
23601,24,20
timeStep,numberOfRobotsOnBlackSite,numberOfRobotsOnWhiteSite
23602,24,20
timeStep,numberOfRobotsOnBlackSite,numberOfRobotsOnWhiteSite
23603,24,20
timeStep,numberOfRobotsOnBlackSite,numberOfRobotsOnWhiteSite
23604,24,20
timeStep,numberOfRobotsOnBlackSite,numberOfRobotsOnWhiteSite
23605,24,20
timeStep,numberOfRobotsOnBlackSite,numberOfRobotsOnWhiteSite
23606,24,20
timeStep,numberOfRobotsOnBlackSite,numberOfRobotsOnWhiteSite
23607,24,20
timeStep,numberOfRobotsOnBlackSite,numberOfRobotsOnWhiteSite
23608,24,20
timeStep,numberOfRobotsOnBlackSite,numberOfRobotsOnWhiteSite
23609,24,20
timeStep,numberOfRobotsOnBlackSite,numberOfRobotsOnWhiteSite
23610,24,20
timeStep,numberOfRobotsOnBlackSite,numberOfRobotsOnWhiteSite
23611,24,20
timeStep,numberOfRobotsOnBlackSite,numberOfRobotsOnWhiteSite
23612,24,20
timeStep,numberOfRobotsOnBlackSite,numberOfRobotsOnWhiteSite
23613,24,20
timeStep,numberOfRobotsOnBlackSite,numberOfRobotsOnWhiteSite
23614,24,20
timeStep,numberOfRobotsOnBlackSite,numberOfRobotsOnWhiteSite
23615,24,20
timeStep,numberOfRobotsOnBlackSite,numberOfRobotsOnWhiteSite
23616,24,20
timeStep,numberOfRobotsOnBlackSite,numberOfRobotsOnWhiteSite
23617,24,20
timeStep,numberOfRobotsOnBlackSite,numberOfRobotsOnWhiteSite
23618,24,20
timeStep,numberOfRobotsOnBlackSite,numberOfRobotsOnWhiteSite
23619,24,20
timeStep,numberOfRobotsOnBlackSite,numberOfRobotsOnWhiteSite
23620,24,20
timeStep,numberOfRobotsOnBlackSite,numberOfRobotsOnWhiteSite
23621,24,20
timeStep,numberOfRobotsOnBlackSite,numberOfRobotsOnWhiteSite
23622,24,20
timeStep,numberOfRobotsOnBlackSite,numberOfRobotsOnWhiteSite
23623,24,20
timeStep,numberOfRobotsOnBlackSite,numberOfRobotsOnWhiteSite
23624,24,20
timeStep,numberOfRobotsOnBlackSite,numberOfRobotsOnWhiteSite
23625,24,20
timeStep,numberOfRobotsOnBlackSite,numberOfRobotsOnWhiteSite
23626,24,20
timeStep,numberOfRobotsOnBlackSite,numberOfRobotsOnWhiteSite
23627,24,20
timeStep,numberOfRobotsOnBlackSite,numberOfRobotsOnWhiteSite
23628,24,20
timeStep,numberOfRobotsOnBlackSite,numberOfRobotsOnWhiteSite
23629,24,20
timeStep,numberOfRobotsOnBlackSite,numberOfRobotsOnWhiteSite
23630,24,20
timeStep,numberOfRobotsOnBlackSite,numberOfRobotsOnWhiteSite
23631,24,20
timeStep,numberOfRobotsOnBlackSite,numberOfRobotsOnWhiteSite
23632,24,20
timeStep,numberOfRobotsOnBlackSite,numberOfRobotsOnWhiteSite
23633,24,20
timeStep,numberOfRobotsOnBlackSite,numberOfRobotsOnWhiteSite
23634,24,20
timeStep,numberOfRobotsOnBlackSite,numberOfRobotsOnWhiteSite
23635,24,20
timeStep,numberOfRobotsOnBlackSite,numberOfRobotsOnWhiteSite
23636,24,20
timeStep,numberOfRobotsOnBlackSite,numberOfRobotsOnWhiteSite
23637,24,20
timeStep,numberOfRobotsOnBlackSite,numberOfRobotsOnWhiteSite
23638,24,20
timeStep,numberOfRobotsOnBlackSite,numberOfRobotsOnWhiteSite
23639,24,20
timeStep,numberOfRobotsOnBlackSite,numberOfRobotsOnWhiteSite
23640,24,19
timeStep,numberOfRobotsOnBlackSite,numberOfRobotsOnWhiteSite
23641,24,19
timeStep,numberOfRobotsOnBlackSite,numberOfRobotsOnWhiteSite
23642,24,19
timeStep,numberOfRobotsOnBlackSite,numberOfRobotsOnWhiteSite
23643,24,19
timeStep,numberOfRobotsOnBlackSite,numberOfRobotsOnWhiteSite
23644,24,19
timeStep,numberOfRobotsOnBlackSite,numberOfRobotsOnWhiteSite
23645,24,19
timeStep,numberOfRobotsOnBlackSite,numberOfRobotsOnWhiteSite
23646,24,19
timeStep,numberOfRobotsOnBlackSite,numberOfRobotsOnWhiteSite
23647,24,19
timeStep,numberOfRobotsOnBlackSite,numberOfRobotsOnWhiteSite
23648,24,19
timeStep,numberOfRobotsOnBlackSite,numberOfRobotsOnWhiteSite
23649,24,19
timeStep,numberOfRobotsOnBlackSite,numberOfRobotsOnWhiteSite
23650,23,19
timeStep,numberOfRobotsOnBlackSite,numberOfRobotsOnWhiteSite
23651,23,19
timeStep,numberOfRobotsOnBlackSite,numberOfRobotsOnWhiteSite
23652,23,19
timeStep,numberOfRobotsOnBlackSite,numberOfRobotsOnWhiteSite
23653,23,19
timeStep,numberOfRobotsOnBlackSite,numberOfRobotsOnWhiteSite
23654,23,19
timeStep,numberOfRobotsOnBlackSite,numberOfRobotsOnWhiteSite
23655,23,19
timeStep,numberOfRobotsOnBlackSite,numberOfRobotsOnWhiteSite
23656,23,19
timeStep,numberOfRobotsOnBlackSite,numberOfRobotsOnWhiteSite
23657,23,19
timeStep,numberOfRobotsOnBlackSite,numberOfRobotsOnWhiteSite
23658,23,19
timeStep,numberOfRobotsOnBlackSite,numberOfRobotsOnWhiteSite
23659,23,19
timeStep,numberOfRobotsOnBlackSite,numberOfRobotsOnWhiteSite
23660,23,19
timeStep,numberOfRobotsOnBlackSite,numberOfRobotsOnWhiteSite
23661,23,19
timeStep,numberOfRobotsOnBlackSite,numberOfRobotsOnWhiteSite
23662,23,19
timeStep,numberOfRobotsOnBlackSite,numberOfRobotsOnWhiteSite
23663,23,19
timeStep,numberOfRobotsOnBlackSite,numberOfRobotsOnWhiteSite
23664,23,19
timeStep,numberOfRobotsOnBlackSite,numberOfRobotsOnWhiteSite
23665,23,19
timeStep,numberOfRobotsOnBlackSite,numberOfRobotsOnWhiteSite
23666,23,19
timeStep,numberOfRobotsOnBlackSite,numberOfRobotsOnWhiteSite
23667,23,19
timeStep,numberOfRobotsOnBlackSite,numberOfRobotsOnWhiteSite
23668,23,19
timeStep,numberOfRobotsOnBlackSite,numberOfRobotsOnWhiteSite
23669,23,19
timeStep,numberOfRobotsOnBlackSite,numberOfRobotsOnWhiteSite
23670,23,19
timeStep,numberOfRobotsOnBlackSite,numberOfRobotsOnWhiteSite
23671,23,19
timeStep,numberOfRobotsOnBlackSite,numberOfRobotsOnWhiteSite
23672,23,19
timeStep,numberOfRobotsOnBlackSite,numberOfRobotsOnWhiteSite
23673,23,19
timeStep,numberOfRobotsOnBlackSite,numberOfRobotsOnWhiteSite
23674,23,19
timeStep,numberOfRobotsOnBlackSite,numberOfRobotsOnWhiteSite
23675,23,19
timeStep,numberOfRobotsOnBlackSite,numberOfRobotsOnWhiteSite
23676,23,19
timeStep,numberOfRobotsOnBlackSite,numberOfRobotsOnWhiteSite
23677,23,19
timeStep,numberOfRobotsOnBlackSite,numberOfRobotsOnWhiteSite
23678,23,19
timeStep,numberOfRobotsOnBlackSite,numberOfRobotsOnWhiteSite
23679,23,19
timeStep,numberOfRobotsOnBlackSite,numberOfRobotsOnWhiteSite
23680,23,19
timeStep,numberOfRobotsOnBlackSite,numberOfRobotsOnWhiteSite
23681,23,19
timeStep,numberOfRobotsOnBlackSite,numberOfRobotsOnWhiteSite
23682,23,19
timeStep,numberOfRobotsOnBlackSite,numberOfRobotsOnWhiteSite
23683,23,19
timeStep,numberOfRobotsOnBlackSite,numberOfRobotsOnWhiteSite
23684,23,19
timeStep,numberOfRobotsOnBlackSite,numberOfRobotsOnWhiteSite
23685,23,19
timeStep,numberOfRobotsOnBlackSite,numberOfRobotsOnWhiteSite
23686,23,19
timeStep,numberOfRobotsOnBlackSite,numberOfRobotsOnWhiteSite
23687,23,19
timeStep,numberOfRobotsOnBlackSite,numberOfRobotsOnWhiteSite
23688,23,19
timeStep,numberOfRobotsOnBlackSite,numberOfRobotsOnWhiteSite
23689,23,19
timeStep,numberOfRobotsOnBlackSite,numberOfRobotsOnWhiteSite
23690,21,19
timeStep,numberOfRobotsOnBlackSite,numberOfRobotsOnWhiteSite
23691,21,19
timeStep,numberOfRobotsOnBlackSite,numberOfRobotsOnWhiteSite
23692,21,19
timeStep,numberOfRobotsOnBlackSite,numberOfRobotsOnWhiteSite
23693,21,19
timeStep,numberOfRobotsOnBlackSite,numberOfRobotsOnWhiteSite
23694,21,19
timeStep,numberOfRobotsOnBlackSite,numberOfRobotsOnWhiteSite
23695,21,19
timeStep,numberOfRobotsOnBlackSite,numberOfRobotsOnWhiteSite
23696,21,19
timeStep,numberOfRobotsOnBlackSite,numberOfRobotsOnWhiteSite
23697,21,19
timeStep,numberOfRobotsOnBlackSite,numberOfRobotsOnWhiteSite
23698,21,19
timeStep,numberOfRobotsOnBlackSite,numberOfRobotsOnWhiteSite
23699,21,19
timeStep,numberOfRobotsOnBlackSite,numberOfRobotsOnWhiteSite
23700,21,19
timeStep,numberOfRobotsOnBlackSite,numberOfRobotsOnWhiteSite
23701,21,19
timeStep,numberOfRobotsOnBlackSite,numberOfRobotsOnWhiteSite
23702,21,19
timeStep,numberOfRobotsOnBlackSite,numberOfRobotsOnWhiteSite
23703,21,19
timeStep,numberOfRobotsOnBlackSite,numberOfRobotsOnWhiteSite
23704,21,19
timeStep,numberOfRobotsOnBlackSite,numberOfRobotsOnWhiteSite
23705,21,19
timeStep,numberOfRobotsOnBlackSite,numberOfRobotsOnWhiteSite
23706,21,19
timeStep,numberOfRobotsOnBlackSite,numberOfRobotsOnWhiteSite
23707,21,19
timeStep,numberOfRobotsOnBlackSite,numberOfRobotsOnWhiteSite
23708,21,19
timeStep,numberOfRobotsOnBlackSite,numberOfRobotsOnWhiteSite
23709,21,19
timeStep,numberOfRobotsOnBlackSite,numberOfRobotsOnWhiteSite
23710,21,19
timeStep,numberOfRobotsOnBlackSite,numberOfRobotsOnWhiteSite
23711,21,19
timeStep,numberOfRobotsOnBlackSite,numberOfRobotsOnWhiteSite
23712,21,19
timeStep,numberOfRobotsOnBlackSite,numberOfRobotsOnWhiteSite
23713,21,19
timeStep,numberOfRobotsOnBlackSite,numberOfRobotsOnWhiteSite
23714,21,19
timeStep,numberOfRobotsOnBlackSite,numberOfRobotsOnWhiteSite
23715,21,19
timeStep,numberOfRobotsOnBlackSite,numberOfRobotsOnWhiteSite
23716,21,19
timeStep,numberOfRobotsOnBlackSite,numberOfRobotsOnWhiteSite
23717,21,19
timeStep,numberOfRobotsOnBlackSite,numberOfRobotsOnWhiteSite
23718,21,19
timeStep,numberOfRobotsOnBlackSite,numberOfRobotsOnWhiteSite
23719,21,19
timeStep,numberOfRobotsOnBlackSite,numberOfRobotsOnWhiteSite
23720,21,19
timeStep,numberOfRobotsOnBlackSite,numberOfRobotsOnWhiteSite
23721,21,19
timeStep,numberOfRobotsOnBlackSite,numberOfRobotsOnWhiteSite
23722,21,19
timeStep,numberOfRobotsOnBlackSite,numberOfRobotsOnWhiteSite
23723,21,19
timeStep,numberOfRobotsOnBlackSite,numberOfRobotsOnWhiteSite
23724,21,19
timeStep,numberOfRobotsOnBlackSite,numberOfRobotsOnWhiteSite
23725,21,19
timeStep,numberOfRobotsOnBlackSite,numberOfRobotsOnWhiteSite
23726,21,19
timeStep,numberOfRobotsOnBlackSite,numberOfRobotsOnWhiteSite
23727,21,19
timeStep,numberOfRobotsOnBlackSite,numberOfRobotsOnWhiteSite
23728,21,19
timeStep,numberOfRobotsOnBlackSite,numberOfRobotsOnWhiteSite
23729,21,19
timeStep,numberOfRobotsOnBlackSite,numberOfRobotsOnWhiteSite
23730,21,19
timeStep,numberOfRobotsOnBlackSite,numberOfRobotsOnWhiteSite
23731,21,19
timeStep,numberOfRobotsOnBlackSite,numberOfRobotsOnWhiteSite
23732,21,19
timeStep,numberOfRobotsOnBlackSite,numberOfRobotsOnWhiteSite
23733,21,19
timeStep,numberOfRobotsOnBlackSite,numberOfRobotsOnWhiteSite
23734,21,19
timeStep,numberOfRobotsOnBlackSite,numberOfRobotsOnWhiteSite
23735,21,19
timeStep,numberOfRobotsOnBlackSite,numberOfRobotsOnWhiteSite
23736,21,19
timeStep,numberOfRobotsOnBlackSite,numberOfRobotsOnWhiteSite
23737,21,19
timeStep,numberOfRobotsOnBlackSite,numberOfRobotsOnWhiteSite
23738,21,19
timeStep,numberOfRobotsOnBlackSite,numberOfRobotsOnWhiteSite
23739,21,19
timeStep,numberOfRobotsOnBlackSite,numberOfRobotsOnWhiteSite
23740,21,19
timeStep,numberOfRobotsOnBlackSite,numberOfRobotsOnWhiteSite
23741,21,19
timeStep,numberOfRobotsOnBlackSite,numberOfRobotsOnWhiteSite
23742,21,19
timeStep,numberOfRobotsOnBlackSite,numberOfRobotsOnWhiteSite
23743,21,19
timeStep,numberOfRobotsOnBlackSite,numberOfRobotsOnWhiteSite
23744,21,19
timeStep,numberOfRobotsOnBlackSite,numberOfRobotsOnWhiteSite
23745,21,19
timeStep,numberOfRobotsOnBlackSite,numberOfRobotsOnWhiteSite
23746,21,19
timeStep,numberOfRobotsOnBlackSite,numberOfRobotsOnWhiteSite
23747,21,19
timeStep,numberOfRobotsOnBlackSite,numberOfRobotsOnWhiteSite
23748,21,19
timeStep,numberOfRobotsOnBlackSite,numberOfRobotsOnWhiteSite
23749,21,19
timeStep,numberOfRobotsOnBlackSite,numberOfRobotsOnWhiteSite
23750,21,19
timeStep,numberOfRobotsOnBlackSite,numberOfRobotsOnWhiteSite
23751,21,19
timeStep,numberOfRobotsOnBlackSite,numberOfRobotsOnWhiteSite
23752,21,19
timeStep,numberOfRobotsOnBlackSite,numberOfRobotsOnWhiteSite
23753,21,19
timeStep,numberOfRobotsOnBlackSite,numberOfRobotsOnWhiteSite
23754,21,19
timeStep,numberOfRobotsOnBlackSite,numberOfRobotsOnWhiteSite
23755,22,19
timeStep,numberOfRobotsOnBlackSite,numberOfRobotsOnWhiteSite
23756,22,19
timeStep,numberOfRobotsOnBlackSite,numberOfRobotsOnWhiteSite
23757,22,19
timeStep,numberOfRobotsOnBlackSite,numberOfRobotsOnWhiteSite
23758,22,19
timeStep,numberOfRobotsOnBlackSite,numberOfRobotsOnWhiteSite
23759,22,19
timeStep,numberOfRobotsOnBlackSite,numberOfRobotsOnWhiteSite
23760,22,19
timeStep,numberOfRobotsOnBlackSite,numberOfRobotsOnWhiteSite
23761,22,19
timeStep,numberOfRobotsOnBlackSite,numberOfRobotsOnWhiteSite
23762,22,19
timeStep,numberOfRobotsOnBlackSite,numberOfRobotsOnWhiteSite
23763,22,19
timeStep,numberOfRobotsOnBlackSite,numberOfRobotsOnWhiteSite
23764,22,19
timeStep,numberOfRobotsOnBlackSite,numberOfRobotsOnWhiteSite
23765,22,19
timeStep,numberOfRobotsOnBlackSite,numberOfRobotsOnWhiteSite
23766,22,19
timeStep,numberOfRobotsOnBlackSite,numberOfRobotsOnWhiteSite
23767,22,19
timeStep,numberOfRobotsOnBlackSite,numberOfRobotsOnWhiteSite
23768,22,19
timeStep,numberOfRobotsOnBlackSite,numberOfRobotsOnWhiteSite
23769,22,19
timeStep,numberOfRobotsOnBlackSite,numberOfRobotsOnWhiteSite
23770,22,19
timeStep,numberOfRobotsOnBlackSite,numberOfRobotsOnWhiteSite
23771,22,19
timeStep,numberOfRobotsOnBlackSite,numberOfRobotsOnWhiteSite
23772,22,19
timeStep,numberOfRobotsOnBlackSite,numberOfRobotsOnWhiteSite
23773,22,19
timeStep,numberOfRobotsOnBlackSite,numberOfRobotsOnWhiteSite
23774,22,19
timeStep,numberOfRobotsOnBlackSite,numberOfRobotsOnWhiteSite
23775,22,19
timeStep,numberOfRobotsOnBlackSite,numberOfRobotsOnWhiteSite
23776,22,19
timeStep,numberOfRobotsOnBlackSite,numberOfRobotsOnWhiteSite
23777,22,19
timeStep,numberOfRobotsOnBlackSite,numberOfRobotsOnWhiteSite
23778,22,19
timeStep,numberOfRobotsOnBlackSite,numberOfRobotsOnWhiteSite
23779,22,19
timeStep,numberOfRobotsOnBlackSite,numberOfRobotsOnWhiteSite
23780,21,18
timeStep,numberOfRobotsOnBlackSite,numberOfRobotsOnWhiteSite
23781,21,18
timeStep,numberOfRobotsOnBlackSite,numberOfRobotsOnWhiteSite
23782,21,18
timeStep,numberOfRobotsOnBlackSite,numberOfRobotsOnWhiteSite
23783,21,18
timeStep,numberOfRobotsOnBlackSite,numberOfRobotsOnWhiteSite
23784,21,18
timeStep,numberOfRobotsOnBlackSite,numberOfRobotsOnWhiteSite
23785,21,18
timeStep,numberOfRobotsOnBlackSite,numberOfRobotsOnWhiteSite
23786,21,18
timeStep,numberOfRobotsOnBlackSite,numberOfRobotsOnWhiteSite
23787,21,18
timeStep,numberOfRobotsOnBlackSite,numberOfRobotsOnWhiteSite
23788,21,18
timeStep,numberOfRobotsOnBlackSite,numberOfRobotsOnWhiteSite
23789,21,18
timeStep,numberOfRobotsOnBlackSite,numberOfRobotsOnWhiteSite
23790,21,18
timeStep,numberOfRobotsOnBlackSite,numberOfRobotsOnWhiteSite
23791,21,18
timeStep,numberOfRobotsOnBlackSite,numberOfRobotsOnWhiteSite
23792,21,18
timeStep,numberOfRobotsOnBlackSite,numberOfRobotsOnWhiteSite
23793,21,18
timeStep,numberOfRobotsOnBlackSite,numberOfRobotsOnWhiteSite
23794,21,18
timeStep,numberOfRobotsOnBlackSite,numberOfRobotsOnWhiteSite
23795,21,18
timeStep,numberOfRobotsOnBlackSite,numberOfRobotsOnWhiteSite
23796,21,18
timeStep,numberOfRobotsOnBlackSite,numberOfRobotsOnWhiteSite
23797,21,18
timeStep,numberOfRobotsOnBlackSite,numberOfRobotsOnWhiteSite
23798,21,18
timeStep,numberOfRobotsOnBlackSite,numberOfRobotsOnWhiteSite
23799,21,18
timeStep,numberOfRobotsOnBlackSite,numberOfRobotsOnWhiteSite
23800,21,18
timeStep,numberOfRobotsOnBlackSite,numberOfRobotsOnWhiteSite
23801,21,18
timeStep,numberOfRobotsOnBlackSite,numberOfRobotsOnWhiteSite
23802,21,18
timeStep,numberOfRobotsOnBlackSite,numberOfRobotsOnWhiteSite
23803,21,18
timeStep,numberOfRobotsOnBlackSite,numberOfRobotsOnWhiteSite
23804,21,18
timeStep,numberOfRobotsOnBlackSite,numberOfRobotsOnWhiteSite
23805,21,18
timeStep,numberOfRobotsOnBlackSite,numberOfRobotsOnWhiteSite
23806,21,18
timeStep,numberOfRobotsOnBlackSite,numberOfRobotsOnWhiteSite
23807,21,18
timeStep,numberOfRobotsOnBlackSite,numberOfRobotsOnWhiteSite
23808,21,18
timeStep,numberOfRobotsOnBlackSite,numberOfRobotsOnWhiteSite
23809,21,18
timeStep,numberOfRobotsOnBlackSite,numberOfRobotsOnWhiteSite
23810,21,18
timeStep,numberOfRobotsOnBlackSite,numberOfRobotsOnWhiteSite
23811,21,18
timeStep,numberOfRobotsOnBlackSite,numberOfRobotsOnWhiteSite
23812,21,18
timeStep,numberOfRobotsOnBlackSite,numberOfRobotsOnWhiteSite
23813,21,18
timeStep,numberOfRobotsOnBlackSite,numberOfRobotsOnWhiteSite
23814,21,18
timeStep,numberOfRobotsOnBlackSite,numberOfRobotsOnWhiteSite
23815,21,19
timeStep,numberOfRobotsOnBlackSite,numberOfRobotsOnWhiteSite
23816,21,19
timeStep,numberOfRobotsOnBlackSite,numberOfRobotsOnWhiteSite
23817,21,19
timeStep,numberOfRobotsOnBlackSite,numberOfRobotsOnWhiteSite
23818,21,19
timeStep,numberOfRobotsOnBlackSite,numberOfRobotsOnWhiteSite
23819,21,19
timeStep,numberOfRobotsOnBlackSite,numberOfRobotsOnWhiteSite
23820,21,19
timeStep,numberOfRobotsOnBlackSite,numberOfRobotsOnWhiteSite
23821,21,19
timeStep,numberOfRobotsOnBlackSite,numberOfRobotsOnWhiteSite
23822,21,19
timeStep,numberOfRobotsOnBlackSite,numberOfRobotsOnWhiteSite
23823,21,19
timeStep,numberOfRobotsOnBlackSite,numberOfRobotsOnWhiteSite
23824,21,19
timeStep,numberOfRobotsOnBlackSite,numberOfRobotsOnWhiteSite
23825,21,19
timeStep,numberOfRobotsOnBlackSite,numberOfRobotsOnWhiteSite
23826,21,19
timeStep,numberOfRobotsOnBlackSite,numberOfRobotsOnWhiteSite
23827,21,19
timeStep,numberOfRobotsOnBlackSite,numberOfRobotsOnWhiteSite
23828,21,19
timeStep,numberOfRobotsOnBlackSite,numberOfRobotsOnWhiteSite
23829,21,19
timeStep,numberOfRobotsOnBlackSite,numberOfRobotsOnWhiteSite
23830,21,19
timeStep,numberOfRobotsOnBlackSite,numberOfRobotsOnWhiteSite
23831,21,19
timeStep,numberOfRobotsOnBlackSite,numberOfRobotsOnWhiteSite
23832,21,19
timeStep,numberOfRobotsOnBlackSite,numberOfRobotsOnWhiteSite
23833,21,19
timeStep,numberOfRobotsOnBlackSite,numberOfRobotsOnWhiteSite
23834,21,19
timeStep,numberOfRobotsOnBlackSite,numberOfRobotsOnWhiteSite
23835,22,19
timeStep,numberOfRobotsOnBlackSite,numberOfRobotsOnWhiteSite
23836,22,19
timeStep,numberOfRobotsOnBlackSite,numberOfRobotsOnWhiteSite
23837,22,19
timeStep,numberOfRobotsOnBlackSite,numberOfRobotsOnWhiteSite
23838,22,19
timeStep,numberOfRobotsOnBlackSite,numberOfRobotsOnWhiteSite
23839,22,19
timeStep,numberOfRobotsOnBlackSite,numberOfRobotsOnWhiteSite
23840,22,19
timeStep,numberOfRobotsOnBlackSite,numberOfRobotsOnWhiteSite
23841,22,19
timeStep,numberOfRobotsOnBlackSite,numberOfRobotsOnWhiteSite
23842,22,19
timeStep,numberOfRobotsOnBlackSite,numberOfRobotsOnWhiteSite
23843,22,19
timeStep,numberOfRobotsOnBlackSite,numberOfRobotsOnWhiteSite
23844,22,19
timeStep,numberOfRobotsOnBlackSite,numberOfRobotsOnWhiteSite
23845,22,19
timeStep,numberOfRobotsOnBlackSite,numberOfRobotsOnWhiteSite
23846,22,19
timeStep,numberOfRobotsOnBlackSite,numberOfRobotsOnWhiteSite
23847,22,19
timeStep,numberOfRobotsOnBlackSite,numberOfRobotsOnWhiteSite
23848,22,19
timeStep,numberOfRobotsOnBlackSite,numberOfRobotsOnWhiteSite
23849,22,19
timeStep,numberOfRobotsOnBlackSite,numberOfRobotsOnWhiteSite
23850,22,19
timeStep,numberOfRobotsOnBlackSite,numberOfRobotsOnWhiteSite
23851,22,19
timeStep,numberOfRobotsOnBlackSite,numberOfRobotsOnWhiteSite
23852,22,19
timeStep,numberOfRobotsOnBlackSite,numberOfRobotsOnWhiteSite
23853,22,19
timeStep,numberOfRobotsOnBlackSite,numberOfRobotsOnWhiteSite
23854,22,19
timeStep,numberOfRobotsOnBlackSite,numberOfRobotsOnWhiteSite
23855,22,19
timeStep,numberOfRobotsOnBlackSite,numberOfRobotsOnWhiteSite
23856,22,19
timeStep,numberOfRobotsOnBlackSite,numberOfRobotsOnWhiteSite
23857,22,19
timeStep,numberOfRobotsOnBlackSite,numberOfRobotsOnWhiteSite
23858,22,19
timeStep,numberOfRobotsOnBlackSite,numberOfRobotsOnWhiteSite
23859,22,19
timeStep,numberOfRobotsOnBlackSite,numberOfRobotsOnWhiteSite
23860,22,19
timeStep,numberOfRobotsOnBlackSite,numberOfRobotsOnWhiteSite
23861,22,19
timeStep,numberOfRobotsOnBlackSite,numberOfRobotsOnWhiteSite
23862,22,19
timeStep,numberOfRobotsOnBlackSite,numberOfRobotsOnWhiteSite
23863,22,19
timeStep,numberOfRobotsOnBlackSite,numberOfRobotsOnWhiteSite
23864,22,19
timeStep,numberOfRobotsOnBlackSite,numberOfRobotsOnWhiteSite
23865,22,19
timeStep,numberOfRobotsOnBlackSite,numberOfRobotsOnWhiteSite
23866,22,19
timeStep,numberOfRobotsOnBlackSite,numberOfRobotsOnWhiteSite
23867,22,19
timeStep,numberOfRobotsOnBlackSite,numberOfRobotsOnWhiteSite
23868,22,19
timeStep,numberOfRobotsOnBlackSite,numberOfRobotsOnWhiteSite
23869,22,19
timeStep,numberOfRobotsOnBlackSite,numberOfRobotsOnWhiteSite
23870,22,19
timeStep,numberOfRobotsOnBlackSite,numberOfRobotsOnWhiteSite
23871,22,19
timeStep,numberOfRobotsOnBlackSite,numberOfRobotsOnWhiteSite
23872,22,19
timeStep,numberOfRobotsOnBlackSite,numberOfRobotsOnWhiteSite
23873,22,19
timeStep,numberOfRobotsOnBlackSite,numberOfRobotsOnWhiteSite
23874,22,19
timeStep,numberOfRobotsOnBlackSite,numberOfRobotsOnWhiteSite
23875,22,19
timeStep,numberOfRobotsOnBlackSite,numberOfRobotsOnWhiteSite
23876,22,19
timeStep,numberOfRobotsOnBlackSite,numberOfRobotsOnWhiteSite
23877,22,19
timeStep,numberOfRobotsOnBlackSite,numberOfRobotsOnWhiteSite
23878,22,19
timeStep,numberOfRobotsOnBlackSite,numberOfRobotsOnWhiteSite
23879,22,19
timeStep,numberOfRobotsOnBlackSite,numberOfRobotsOnWhiteSite
23880,22,19
timeStep,numberOfRobotsOnBlackSite,numberOfRobotsOnWhiteSite
23881,22,19
timeStep,numberOfRobotsOnBlackSite,numberOfRobotsOnWhiteSite
23882,22,19
timeStep,numberOfRobotsOnBlackSite,numberOfRobotsOnWhiteSite
23883,22,19
timeStep,numberOfRobotsOnBlackSite,numberOfRobotsOnWhiteSite
23884,22,19
timeStep,numberOfRobotsOnBlackSite,numberOfRobotsOnWhiteSite
23885,22,19
timeStep,numberOfRobotsOnBlackSite,numberOfRobotsOnWhiteSite
23886,22,19
timeStep,numberOfRobotsOnBlackSite,numberOfRobotsOnWhiteSite
23887,22,19
timeStep,numberOfRobotsOnBlackSite,numberOfRobotsOnWhiteSite
23888,22,19
timeStep,numberOfRobotsOnBlackSite,numberOfRobotsOnWhiteSite
23889,22,19
timeStep,numberOfRobotsOnBlackSite,numberOfRobotsOnWhiteSite
23890,22,19
timeStep,numberOfRobotsOnBlackSite,numberOfRobotsOnWhiteSite
23891,22,19
timeStep,numberOfRobotsOnBlackSite,numberOfRobotsOnWhiteSite
23892,22,19
timeStep,numberOfRobotsOnBlackSite,numberOfRobotsOnWhiteSite
23893,22,19
timeStep,numberOfRobotsOnBlackSite,numberOfRobotsOnWhiteSite
23894,22,19
timeStep,numberOfRobotsOnBlackSite,numberOfRobotsOnWhiteSite
23895,22,19
timeStep,numberOfRobotsOnBlackSite,numberOfRobotsOnWhiteSite
23896,22,19
timeStep,numberOfRobotsOnBlackSite,numberOfRobotsOnWhiteSite
23897,22,19
timeStep,numberOfRobotsOnBlackSite,numberOfRobotsOnWhiteSite
23898,22,19
timeStep,numberOfRobotsOnBlackSite,numberOfRobotsOnWhiteSite
23899,22,19
timeStep,numberOfRobotsOnBlackSite,numberOfRobotsOnWhiteSite
23900,22,19
timeStep,numberOfRobotsOnBlackSite,numberOfRobotsOnWhiteSite
23901,22,19
timeStep,numberOfRobotsOnBlackSite,numberOfRobotsOnWhiteSite
23902,22,19
timeStep,numberOfRobotsOnBlackSite,numberOfRobotsOnWhiteSite
23903,22,19
timeStep,numberOfRobotsOnBlackSite,numberOfRobotsOnWhiteSite
23904,22,19
timeStep,numberOfRobotsOnBlackSite,numberOfRobotsOnWhiteSite
23905,22,19
timeStep,numberOfRobotsOnBlackSite,numberOfRobotsOnWhiteSite
23906,22,19
timeStep,numberOfRobotsOnBlackSite,numberOfRobotsOnWhiteSite
23907,22,19
timeStep,numberOfRobotsOnBlackSite,numberOfRobotsOnWhiteSite
23908,22,19
timeStep,numberOfRobotsOnBlackSite,numberOfRobotsOnWhiteSite
23909,22,19
timeStep,numberOfRobotsOnBlackSite,numberOfRobotsOnWhiteSite
23910,22,19
timeStep,numberOfRobotsOnBlackSite,numberOfRobotsOnWhiteSite
23911,22,19
timeStep,numberOfRobotsOnBlackSite,numberOfRobotsOnWhiteSite
23912,22,19
timeStep,numberOfRobotsOnBlackSite,numberOfRobotsOnWhiteSite
23913,22,19
timeStep,numberOfRobotsOnBlackSite,numberOfRobotsOnWhiteSite
23914,22,19
timeStep,numberOfRobotsOnBlackSite,numberOfRobotsOnWhiteSite
23915,22,19
timeStep,numberOfRobotsOnBlackSite,numberOfRobotsOnWhiteSite
23916,22,19
timeStep,numberOfRobotsOnBlackSite,numberOfRobotsOnWhiteSite
23917,22,19
timeStep,numberOfRobotsOnBlackSite,numberOfRobotsOnWhiteSite
23918,22,19
timeStep,numberOfRobotsOnBlackSite,numberOfRobotsOnWhiteSite
23919,22,19
timeStep,numberOfRobotsOnBlackSite,numberOfRobotsOnWhiteSite
23920,22,19
timeStep,numberOfRobotsOnBlackSite,numberOfRobotsOnWhiteSite
23921,22,19
timeStep,numberOfRobotsOnBlackSite,numberOfRobotsOnWhiteSite
23922,22,19
timeStep,numberOfRobotsOnBlackSite,numberOfRobotsOnWhiteSite
23923,22,19
timeStep,numberOfRobotsOnBlackSite,numberOfRobotsOnWhiteSite
23924,22,19
timeStep,numberOfRobotsOnBlackSite,numberOfRobotsOnWhiteSite
23925,22,19
timeStep,numberOfRobotsOnBlackSite,numberOfRobotsOnWhiteSite
23926,22,19
timeStep,numberOfRobotsOnBlackSite,numberOfRobotsOnWhiteSite
23927,22,19
timeStep,numberOfRobotsOnBlackSite,numberOfRobotsOnWhiteSite
23928,22,19
timeStep,numberOfRobotsOnBlackSite,numberOfRobotsOnWhiteSite
23929,22,19
timeStep,numberOfRobotsOnBlackSite,numberOfRobotsOnWhiteSite
23930,22,19
timeStep,numberOfRobotsOnBlackSite,numberOfRobotsOnWhiteSite
23931,22,19
timeStep,numberOfRobotsOnBlackSite,numberOfRobotsOnWhiteSite
23932,22,19
timeStep,numberOfRobotsOnBlackSite,numberOfRobotsOnWhiteSite
23933,22,19
timeStep,numberOfRobotsOnBlackSite,numberOfRobotsOnWhiteSite
23934,22,19
timeStep,numberOfRobotsOnBlackSite,numberOfRobotsOnWhiteSite
23935,22,19
timeStep,numberOfRobotsOnBlackSite,numberOfRobotsOnWhiteSite
23936,22,19
timeStep,numberOfRobotsOnBlackSite,numberOfRobotsOnWhiteSite
23937,22,19
timeStep,numberOfRobotsOnBlackSite,numberOfRobotsOnWhiteSite
23938,22,19
timeStep,numberOfRobotsOnBlackSite,numberOfRobotsOnWhiteSite
23939,22,19
timeStep,numberOfRobotsOnBlackSite,numberOfRobotsOnWhiteSite
23940,22,19
timeStep,numberOfRobotsOnBlackSite,numberOfRobotsOnWhiteSite
23941,22,19
timeStep,numberOfRobotsOnBlackSite,numberOfRobotsOnWhiteSite
23942,22,19
timeStep,numberOfRobotsOnBlackSite,numberOfRobotsOnWhiteSite
23943,22,19
timeStep,numberOfRobotsOnBlackSite,numberOfRobotsOnWhiteSite
23944,22,19
timeStep,numberOfRobotsOnBlackSite,numberOfRobotsOnWhiteSite
23945,22,19
timeStep,numberOfRobotsOnBlackSite,numberOfRobotsOnWhiteSite
23946,22,19
timeStep,numberOfRobotsOnBlackSite,numberOfRobotsOnWhiteSite
23947,22,19
timeStep,numberOfRobotsOnBlackSite,numberOfRobotsOnWhiteSite
23948,22,19
timeStep,numberOfRobotsOnBlackSite,numberOfRobotsOnWhiteSite
23949,22,19
timeStep,numberOfRobotsOnBlackSite,numberOfRobotsOnWhiteSite
23950,22,19
timeStep,numberOfRobotsOnBlackSite,numberOfRobotsOnWhiteSite
23951,22,19
timeStep,numberOfRobotsOnBlackSite,numberOfRobotsOnWhiteSite
23952,22,19
timeStep,numberOfRobotsOnBlackSite,numberOfRobotsOnWhiteSite
23953,22,19
timeStep,numberOfRobotsOnBlackSite,numberOfRobotsOnWhiteSite
23954,22,19
timeStep,numberOfRobotsOnBlackSite,numberOfRobotsOnWhiteSite
23955,22,19
timeStep,numberOfRobotsOnBlackSite,numberOfRobotsOnWhiteSite
23956,22,19
timeStep,numberOfRobotsOnBlackSite,numberOfRobotsOnWhiteSite
23957,22,19
timeStep,numberOfRobotsOnBlackSite,numberOfRobotsOnWhiteSite
23958,22,19
timeStep,numberOfRobotsOnBlackSite,numberOfRobotsOnWhiteSite
23959,22,19
timeStep,numberOfRobotsOnBlackSite,numberOfRobotsOnWhiteSite
23960,21,19
timeStep,numberOfRobotsOnBlackSite,numberOfRobotsOnWhiteSite
23961,21,19
timeStep,numberOfRobotsOnBlackSite,numberOfRobotsOnWhiteSite
23962,21,19
timeStep,numberOfRobotsOnBlackSite,numberOfRobotsOnWhiteSite
23963,21,19
timeStep,numberOfRobotsOnBlackSite,numberOfRobotsOnWhiteSite
23964,21,19
timeStep,numberOfRobotsOnBlackSite,numberOfRobotsOnWhiteSite
23965,21,19
timeStep,numberOfRobotsOnBlackSite,numberOfRobotsOnWhiteSite
23966,21,19
timeStep,numberOfRobotsOnBlackSite,numberOfRobotsOnWhiteSite
23967,21,19
timeStep,numberOfRobotsOnBlackSite,numberOfRobotsOnWhiteSite
23968,21,19
timeStep,numberOfRobotsOnBlackSite,numberOfRobotsOnWhiteSite
23969,21,19
timeStep,numberOfRobotsOnBlackSite,numberOfRobotsOnWhiteSite
23970,21,19
timeStep,numberOfRobotsOnBlackSite,numberOfRobotsOnWhiteSite
23971,21,19
timeStep,numberOfRobotsOnBlackSite,numberOfRobotsOnWhiteSite
23972,21,19
timeStep,numberOfRobotsOnBlackSite,numberOfRobotsOnWhiteSite
23973,21,19
timeStep,numberOfRobotsOnBlackSite,numberOfRobotsOnWhiteSite
23974,21,19
timeStep,numberOfRobotsOnBlackSite,numberOfRobotsOnWhiteSite
23975,21,19
timeStep,numberOfRobotsOnBlackSite,numberOfRobotsOnWhiteSite
23976,21,19
timeStep,numberOfRobotsOnBlackSite,numberOfRobotsOnWhiteSite
23977,21,19
timeStep,numberOfRobotsOnBlackSite,numberOfRobotsOnWhiteSite
23978,21,19
timeStep,numberOfRobotsOnBlackSite,numberOfRobotsOnWhiteSite
23979,21,19
timeStep,numberOfRobotsOnBlackSite,numberOfRobotsOnWhiteSite
23980,21,19
timeStep,numberOfRobotsOnBlackSite,numberOfRobotsOnWhiteSite
23981,21,19
timeStep,numberOfRobotsOnBlackSite,numberOfRobotsOnWhiteSite
23982,21,19
timeStep,numberOfRobotsOnBlackSite,numberOfRobotsOnWhiteSite
23983,21,19
timeStep,numberOfRobotsOnBlackSite,numberOfRobotsOnWhiteSite
23984,21,19
timeStep,numberOfRobotsOnBlackSite,numberOfRobotsOnWhiteSite
23985,21,19
timeStep,numberOfRobotsOnBlackSite,numberOfRobotsOnWhiteSite
23986,21,19
timeStep,numberOfRobotsOnBlackSite,numberOfRobotsOnWhiteSite
23987,21,19
timeStep,numberOfRobotsOnBlackSite,numberOfRobotsOnWhiteSite
23988,21,19
timeStep,numberOfRobotsOnBlackSite,numberOfRobotsOnWhiteSite
23989,21,19
timeStep,numberOfRobotsOnBlackSite,numberOfRobotsOnWhiteSite
23990,21,19
timeStep,numberOfRobotsOnBlackSite,numberOfRobotsOnWhiteSite
23991,21,19
timeStep,numberOfRobotsOnBlackSite,numberOfRobotsOnWhiteSite
23992,21,19
timeStep,numberOfRobotsOnBlackSite,numberOfRobotsOnWhiteSite
23993,21,19
timeStep,numberOfRobotsOnBlackSite,numberOfRobotsOnWhiteSite
23994,21,19
timeStep,numberOfRobotsOnBlackSite,numberOfRobotsOnWhiteSite
23995,21,19
timeStep,numberOfRobotsOnBlackSite,numberOfRobotsOnWhiteSite
23996,21,19
timeStep,numberOfRobotsOnBlackSite,numberOfRobotsOnWhiteSite
23997,21,19
timeStep,numberOfRobotsOnBlackSite,numberOfRobotsOnWhiteSite
23998,21,19
timeStep,numberOfRobotsOnBlackSite,numberOfRobotsOnWhiteSite
23999,21,19
timeStep,numberOfRobotsOnBlackSite,numberOfRobotsOnWhiteSite
24000,21,19
timeStep,numberOfRobotsOnBlackSite,numberOfRobotsOnWhiteSite
24001,21,19
timeStep,numberOfRobotsOnBlackSite,numberOfRobotsOnWhiteSite
24002,21,19
timeStep,numberOfRobotsOnBlackSite,numberOfRobotsOnWhiteSite
24003,21,19
timeStep,numberOfRobotsOnBlackSite,numberOfRobotsOnWhiteSite
24004,21,19
timeStep,numberOfRobotsOnBlackSite,numberOfRobotsOnWhiteSite
24005,21,18
timeStep,numberOfRobotsOnBlackSite,numberOfRobotsOnWhiteSite
24006,21,18
timeStep,numberOfRobotsOnBlackSite,numberOfRobotsOnWhiteSite
24007,21,18
timeStep,numberOfRobotsOnBlackSite,numberOfRobotsOnWhiteSite
24008,21,18
timeStep,numberOfRobotsOnBlackSite,numberOfRobotsOnWhiteSite
24009,21,18
timeStep,numberOfRobotsOnBlackSite,numberOfRobotsOnWhiteSite
24010,21,18
timeStep,numberOfRobotsOnBlackSite,numberOfRobotsOnWhiteSite
24011,21,18
timeStep,numberOfRobotsOnBlackSite,numberOfRobotsOnWhiteSite
24012,21,18
timeStep,numberOfRobotsOnBlackSite,numberOfRobotsOnWhiteSite
24013,21,18
timeStep,numberOfRobotsOnBlackSite,numberOfRobotsOnWhiteSite
24014,21,18
timeStep,numberOfRobotsOnBlackSite,numberOfRobotsOnWhiteSite
24015,21,18
timeStep,numberOfRobotsOnBlackSite,numberOfRobotsOnWhiteSite
24016,21,18
timeStep,numberOfRobotsOnBlackSite,numberOfRobotsOnWhiteSite
24017,21,18
timeStep,numberOfRobotsOnBlackSite,numberOfRobotsOnWhiteSite
24018,21,18
timeStep,numberOfRobotsOnBlackSite,numberOfRobotsOnWhiteSite
24019,21,18
timeStep,numberOfRobotsOnBlackSite,numberOfRobotsOnWhiteSite
24020,21,19
timeStep,numberOfRobotsOnBlackSite,numberOfRobotsOnWhiteSite
24021,21,19
timeStep,numberOfRobotsOnBlackSite,numberOfRobotsOnWhiteSite
24022,21,19
timeStep,numberOfRobotsOnBlackSite,numberOfRobotsOnWhiteSite
24023,21,19
timeStep,numberOfRobotsOnBlackSite,numberOfRobotsOnWhiteSite
24024,21,19
timeStep,numberOfRobotsOnBlackSite,numberOfRobotsOnWhiteSite
24025,21,19
timeStep,numberOfRobotsOnBlackSite,numberOfRobotsOnWhiteSite
24026,21,19
timeStep,numberOfRobotsOnBlackSite,numberOfRobotsOnWhiteSite
24027,21,19
timeStep,numberOfRobotsOnBlackSite,numberOfRobotsOnWhiteSite
24028,21,19
timeStep,numberOfRobotsOnBlackSite,numberOfRobotsOnWhiteSite
24029,21,19
timeStep,numberOfRobotsOnBlackSite,numberOfRobotsOnWhiteSite
24030,21,19
timeStep,numberOfRobotsOnBlackSite,numberOfRobotsOnWhiteSite
24031,21,19
timeStep,numberOfRobotsOnBlackSite,numberOfRobotsOnWhiteSite
24032,21,19
timeStep,numberOfRobotsOnBlackSite,numberOfRobotsOnWhiteSite
24033,21,19
timeStep,numberOfRobotsOnBlackSite,numberOfRobotsOnWhiteSite
24034,21,19
timeStep,numberOfRobotsOnBlackSite,numberOfRobotsOnWhiteSite
24035,21,19
timeStep,numberOfRobotsOnBlackSite,numberOfRobotsOnWhiteSite
24036,21,19
timeStep,numberOfRobotsOnBlackSite,numberOfRobotsOnWhiteSite
24037,21,19
timeStep,numberOfRobotsOnBlackSite,numberOfRobotsOnWhiteSite
24038,21,19
timeStep,numberOfRobotsOnBlackSite,numberOfRobotsOnWhiteSite
24039,21,19
timeStep,numberOfRobotsOnBlackSite,numberOfRobotsOnWhiteSite
24040,21,19
timeStep,numberOfRobotsOnBlackSite,numberOfRobotsOnWhiteSite
24041,21,19
timeStep,numberOfRobotsOnBlackSite,numberOfRobotsOnWhiteSite
24042,21,19
timeStep,numberOfRobotsOnBlackSite,numberOfRobotsOnWhiteSite
24043,21,19
timeStep,numberOfRobotsOnBlackSite,numberOfRobotsOnWhiteSite
24044,21,19
timeStep,numberOfRobotsOnBlackSite,numberOfRobotsOnWhiteSite
24045,21,19
timeStep,numberOfRobotsOnBlackSite,numberOfRobotsOnWhiteSite
24046,21,19
timeStep,numberOfRobotsOnBlackSite,numberOfRobotsOnWhiteSite
24047,21,19
timeStep,numberOfRobotsOnBlackSite,numberOfRobotsOnWhiteSite
24048,21,19
timeStep,numberOfRobotsOnBlackSite,numberOfRobotsOnWhiteSite
24049,21,19
timeStep,numberOfRobotsOnBlackSite,numberOfRobotsOnWhiteSite
24050,21,19
timeStep,numberOfRobotsOnBlackSite,numberOfRobotsOnWhiteSite
24051,21,19
timeStep,numberOfRobotsOnBlackSite,numberOfRobotsOnWhiteSite
24052,21,19
timeStep,numberOfRobotsOnBlackSite,numberOfRobotsOnWhiteSite
24053,21,19
timeStep,numberOfRobotsOnBlackSite,numberOfRobotsOnWhiteSite
24054,21,19
timeStep,numberOfRobotsOnBlackSite,numberOfRobotsOnWhiteSite
24055,21,19
timeStep,numberOfRobotsOnBlackSite,numberOfRobotsOnWhiteSite
24056,21,19
timeStep,numberOfRobotsOnBlackSite,numberOfRobotsOnWhiteSite
24057,21,19
timeStep,numberOfRobotsOnBlackSite,numberOfRobotsOnWhiteSite
24058,21,19
timeStep,numberOfRobotsOnBlackSite,numberOfRobotsOnWhiteSite
24059,21,19
timeStep,numberOfRobotsOnBlackSite,numberOfRobotsOnWhiteSite
24060,21,19
timeStep,numberOfRobotsOnBlackSite,numberOfRobotsOnWhiteSite
24061,21,19
timeStep,numberOfRobotsOnBlackSite,numberOfRobotsOnWhiteSite
24062,21,19
timeStep,numberOfRobotsOnBlackSite,numberOfRobotsOnWhiteSite
24063,21,19
timeStep,numberOfRobotsOnBlackSite,numberOfRobotsOnWhiteSite
24064,21,19
timeStep,numberOfRobotsOnBlackSite,numberOfRobotsOnWhiteSite
24065,21,19
timeStep,numberOfRobotsOnBlackSite,numberOfRobotsOnWhiteSite
24066,21,19
timeStep,numberOfRobotsOnBlackSite,numberOfRobotsOnWhiteSite
24067,21,19
timeStep,numberOfRobotsOnBlackSite,numberOfRobotsOnWhiteSite
24068,21,19
timeStep,numberOfRobotsOnBlackSite,numberOfRobotsOnWhiteSite
24069,21,19
timeStep,numberOfRobotsOnBlackSite,numberOfRobotsOnWhiteSite
24070,21,20
timeStep,numberOfRobotsOnBlackSite,numberOfRobotsOnWhiteSite
24071,21,20
timeStep,numberOfRobotsOnBlackSite,numberOfRobotsOnWhiteSite
24072,21,20
timeStep,numberOfRobotsOnBlackSite,numberOfRobotsOnWhiteSite
24073,21,20
timeStep,numberOfRobotsOnBlackSite,numberOfRobotsOnWhiteSite
24074,21,20
timeStep,numberOfRobotsOnBlackSite,numberOfRobotsOnWhiteSite
24075,20,20
timeStep,numberOfRobotsOnBlackSite,numberOfRobotsOnWhiteSite
24076,20,20
timeStep,numberOfRobotsOnBlackSite,numberOfRobotsOnWhiteSite
24077,20,20
timeStep,numberOfRobotsOnBlackSite,numberOfRobotsOnWhiteSite
24078,20,20
timeStep,numberOfRobotsOnBlackSite,numberOfRobotsOnWhiteSite
24079,20,20
timeStep,numberOfRobotsOnBlackSite,numberOfRobotsOnWhiteSite
24080,20,20
timeStep,numberOfRobotsOnBlackSite,numberOfRobotsOnWhiteSite
24081,20,20
timeStep,numberOfRobotsOnBlackSite,numberOfRobotsOnWhiteSite
24082,20,20
timeStep,numberOfRobotsOnBlackSite,numberOfRobotsOnWhiteSite
24083,20,20
timeStep,numberOfRobotsOnBlackSite,numberOfRobotsOnWhiteSite
24084,20,20
timeStep,numberOfRobotsOnBlackSite,numberOfRobotsOnWhiteSite
24085,20,20
timeStep,numberOfRobotsOnBlackSite,numberOfRobotsOnWhiteSite
24086,20,20
timeStep,numberOfRobotsOnBlackSite,numberOfRobotsOnWhiteSite
24087,20,20
timeStep,numberOfRobotsOnBlackSite,numberOfRobotsOnWhiteSite
24088,20,20
timeStep,numberOfRobotsOnBlackSite,numberOfRobotsOnWhiteSite
24089,20,20
timeStep,numberOfRobotsOnBlackSite,numberOfRobotsOnWhiteSite
24090,20,20
timeStep,numberOfRobotsOnBlackSite,numberOfRobotsOnWhiteSite
24091,20,20
timeStep,numberOfRobotsOnBlackSite,numberOfRobotsOnWhiteSite
24092,20,20
timeStep,numberOfRobotsOnBlackSite,numberOfRobotsOnWhiteSite
24093,20,20
timeStep,numberOfRobotsOnBlackSite,numberOfRobotsOnWhiteSite
24094,20,20
timeStep,numberOfRobotsOnBlackSite,numberOfRobotsOnWhiteSite
24095,20,20
timeStep,numberOfRobotsOnBlackSite,numberOfRobotsOnWhiteSite
24096,20,20
timeStep,numberOfRobotsOnBlackSite,numberOfRobotsOnWhiteSite
24097,20,20
timeStep,numberOfRobotsOnBlackSite,numberOfRobotsOnWhiteSite
24098,20,20
timeStep,numberOfRobotsOnBlackSite,numberOfRobotsOnWhiteSite
24099,20,20
timeStep,numberOfRobotsOnBlackSite,numberOfRobotsOnWhiteSite
24100,20,20
timeStep,numberOfRobotsOnBlackSite,numberOfRobotsOnWhiteSite
24101,20,20
timeStep,numberOfRobotsOnBlackSite,numberOfRobotsOnWhiteSite
24102,20,20
timeStep,numberOfRobotsOnBlackSite,numberOfRobotsOnWhiteSite
24103,20,20
timeStep,numberOfRobotsOnBlackSite,numberOfRobotsOnWhiteSite
24104,20,20
timeStep,numberOfRobotsOnBlackSite,numberOfRobotsOnWhiteSite
24105,20,20
timeStep,numberOfRobotsOnBlackSite,numberOfRobotsOnWhiteSite
24106,20,20
timeStep,numberOfRobotsOnBlackSite,numberOfRobotsOnWhiteSite
24107,20,20
timeStep,numberOfRobotsOnBlackSite,numberOfRobotsOnWhiteSite
24108,20,20
timeStep,numberOfRobotsOnBlackSite,numberOfRobotsOnWhiteSite
24109,20,20
timeStep,numberOfRobotsOnBlackSite,numberOfRobotsOnWhiteSite
24110,20,20
timeStep,numberOfRobotsOnBlackSite,numberOfRobotsOnWhiteSite
24111,20,20
timeStep,numberOfRobotsOnBlackSite,numberOfRobotsOnWhiteSite
24112,20,20
timeStep,numberOfRobotsOnBlackSite,numberOfRobotsOnWhiteSite
24113,20,20
timeStep,numberOfRobotsOnBlackSite,numberOfRobotsOnWhiteSite
24114,20,20
timeStep,numberOfRobotsOnBlackSite,numberOfRobotsOnWhiteSite
24115,20,20
timeStep,numberOfRobotsOnBlackSite,numberOfRobotsOnWhiteSite
24116,20,20
timeStep,numberOfRobotsOnBlackSite,numberOfRobotsOnWhiteSite
24117,20,20
timeStep,numberOfRobotsOnBlackSite,numberOfRobotsOnWhiteSite
24118,20,20
timeStep,numberOfRobotsOnBlackSite,numberOfRobotsOnWhiteSite
24119,20,20
timeStep,numberOfRobotsOnBlackSite,numberOfRobotsOnWhiteSite
24120,21,20
timeStep,numberOfRobotsOnBlackSite,numberOfRobotsOnWhiteSite
24121,21,20
timeStep,numberOfRobotsOnBlackSite,numberOfRobotsOnWhiteSite
24122,21,20
timeStep,numberOfRobotsOnBlackSite,numberOfRobotsOnWhiteSite
24123,21,20
timeStep,numberOfRobotsOnBlackSite,numberOfRobotsOnWhiteSite
24124,21,20
timeStep,numberOfRobotsOnBlackSite,numberOfRobotsOnWhiteSite
24125,21,20
timeStep,numberOfRobotsOnBlackSite,numberOfRobotsOnWhiteSite
24126,21,20
timeStep,numberOfRobotsOnBlackSite,numberOfRobotsOnWhiteSite
24127,21,20
timeStep,numberOfRobotsOnBlackSite,numberOfRobotsOnWhiteSite
24128,21,20
timeStep,numberOfRobotsOnBlackSite,numberOfRobotsOnWhiteSite
24129,21,20
timeStep,numberOfRobotsOnBlackSite,numberOfRobotsOnWhiteSite
24130,21,19
timeStep,numberOfRobotsOnBlackSite,numberOfRobotsOnWhiteSite
24131,21,19
timeStep,numberOfRobotsOnBlackSite,numberOfRobotsOnWhiteSite
24132,21,19
timeStep,numberOfRobotsOnBlackSite,numberOfRobotsOnWhiteSite
24133,21,19
timeStep,numberOfRobotsOnBlackSite,numberOfRobotsOnWhiteSite
24134,21,19
timeStep,numberOfRobotsOnBlackSite,numberOfRobotsOnWhiteSite
24135,21,19
timeStep,numberOfRobotsOnBlackSite,numberOfRobotsOnWhiteSite
24136,21,19
timeStep,numberOfRobotsOnBlackSite,numberOfRobotsOnWhiteSite
24137,21,19
timeStep,numberOfRobotsOnBlackSite,numberOfRobotsOnWhiteSite
24138,21,19
timeStep,numberOfRobotsOnBlackSite,numberOfRobotsOnWhiteSite
24139,21,19
timeStep,numberOfRobotsOnBlackSite,numberOfRobotsOnWhiteSite
24140,21,19
timeStep,numberOfRobotsOnBlackSite,numberOfRobotsOnWhiteSite
24141,21,19
timeStep,numberOfRobotsOnBlackSite,numberOfRobotsOnWhiteSite
24142,21,19
timeStep,numberOfRobotsOnBlackSite,numberOfRobotsOnWhiteSite
24143,21,19
timeStep,numberOfRobotsOnBlackSite,numberOfRobotsOnWhiteSite
24144,21,19
timeStep,numberOfRobotsOnBlackSite,numberOfRobotsOnWhiteSite
24145,21,19
timeStep,numberOfRobotsOnBlackSite,numberOfRobotsOnWhiteSite
24146,21,19
timeStep,numberOfRobotsOnBlackSite,numberOfRobotsOnWhiteSite
24147,21,19
timeStep,numberOfRobotsOnBlackSite,numberOfRobotsOnWhiteSite
24148,21,19
timeStep,numberOfRobotsOnBlackSite,numberOfRobotsOnWhiteSite
24149,21,19
timeStep,numberOfRobotsOnBlackSite,numberOfRobotsOnWhiteSite
24150,22,19
timeStep,numberOfRobotsOnBlackSite,numberOfRobotsOnWhiteSite
24151,22,19
timeStep,numberOfRobotsOnBlackSite,numberOfRobotsOnWhiteSite
24152,22,19
timeStep,numberOfRobotsOnBlackSite,numberOfRobotsOnWhiteSite
24153,22,19
timeStep,numberOfRobotsOnBlackSite,numberOfRobotsOnWhiteSite
24154,22,19
timeStep,numberOfRobotsOnBlackSite,numberOfRobotsOnWhiteSite
24155,22,19
timeStep,numberOfRobotsOnBlackSite,numberOfRobotsOnWhiteSite
24156,22,19
timeStep,numberOfRobotsOnBlackSite,numberOfRobotsOnWhiteSite
24157,22,19
timeStep,numberOfRobotsOnBlackSite,numberOfRobotsOnWhiteSite
24158,22,19
timeStep,numberOfRobotsOnBlackSite,numberOfRobotsOnWhiteSite
24159,22,19
timeStep,numberOfRobotsOnBlackSite,numberOfRobotsOnWhiteSite
24160,22,19
timeStep,numberOfRobotsOnBlackSite,numberOfRobotsOnWhiteSite
24161,22,19
timeStep,numberOfRobotsOnBlackSite,numberOfRobotsOnWhiteSite
24162,22,19
timeStep,numberOfRobotsOnBlackSite,numberOfRobotsOnWhiteSite
24163,22,19
timeStep,numberOfRobotsOnBlackSite,numberOfRobotsOnWhiteSite
24164,22,19
timeStep,numberOfRobotsOnBlackSite,numberOfRobotsOnWhiteSite
24165,22,19
timeStep,numberOfRobotsOnBlackSite,numberOfRobotsOnWhiteSite
24166,22,19
timeStep,numberOfRobotsOnBlackSite,numberOfRobotsOnWhiteSite
24167,22,19
timeStep,numberOfRobotsOnBlackSite,numberOfRobotsOnWhiteSite
24168,22,19
timeStep,numberOfRobotsOnBlackSite,numberOfRobotsOnWhiteSite
24169,22,19
timeStep,numberOfRobotsOnBlackSite,numberOfRobotsOnWhiteSite
24170,21,19
timeStep,numberOfRobotsOnBlackSite,numberOfRobotsOnWhiteSite
24171,21,19
timeStep,numberOfRobotsOnBlackSite,numberOfRobotsOnWhiteSite
24172,21,19
timeStep,numberOfRobotsOnBlackSite,numberOfRobotsOnWhiteSite
24173,21,19
timeStep,numberOfRobotsOnBlackSite,numberOfRobotsOnWhiteSite
24174,21,19
timeStep,numberOfRobotsOnBlackSite,numberOfRobotsOnWhiteSite
24175,21,19
timeStep,numberOfRobotsOnBlackSite,numberOfRobotsOnWhiteSite
24176,21,19
timeStep,numberOfRobotsOnBlackSite,numberOfRobotsOnWhiteSite
24177,21,19
timeStep,numberOfRobotsOnBlackSite,numberOfRobotsOnWhiteSite
24178,21,19
timeStep,numberOfRobotsOnBlackSite,numberOfRobotsOnWhiteSite
24179,21,19
timeStep,numberOfRobotsOnBlackSite,numberOfRobotsOnWhiteSite
24180,21,19
timeStep,numberOfRobotsOnBlackSite,numberOfRobotsOnWhiteSite
24181,21,19
timeStep,numberOfRobotsOnBlackSite,numberOfRobotsOnWhiteSite
24182,21,19
timeStep,numberOfRobotsOnBlackSite,numberOfRobotsOnWhiteSite
24183,21,19
timeStep,numberOfRobotsOnBlackSite,numberOfRobotsOnWhiteSite
24184,21,19
timeStep,numberOfRobotsOnBlackSite,numberOfRobotsOnWhiteSite
24185,21,19
timeStep,numberOfRobotsOnBlackSite,numberOfRobotsOnWhiteSite
24186,21,19
timeStep,numberOfRobotsOnBlackSite,numberOfRobotsOnWhiteSite
24187,21,19
timeStep,numberOfRobotsOnBlackSite,numberOfRobotsOnWhiteSite
24188,21,19
timeStep,numberOfRobotsOnBlackSite,numberOfRobotsOnWhiteSite
24189,21,19
timeStep,numberOfRobotsOnBlackSite,numberOfRobotsOnWhiteSite
24190,22,19
timeStep,numberOfRobotsOnBlackSite,numberOfRobotsOnWhiteSite
24191,22,19
timeStep,numberOfRobotsOnBlackSite,numberOfRobotsOnWhiteSite
24192,22,19
timeStep,numberOfRobotsOnBlackSite,numberOfRobotsOnWhiteSite
24193,22,19
timeStep,numberOfRobotsOnBlackSite,numberOfRobotsOnWhiteSite
24194,22,19
timeStep,numberOfRobotsOnBlackSite,numberOfRobotsOnWhiteSite
24195,22,19
timeStep,numberOfRobotsOnBlackSite,numberOfRobotsOnWhiteSite
24196,22,19
timeStep,numberOfRobotsOnBlackSite,numberOfRobotsOnWhiteSite
24197,22,19
timeStep,numberOfRobotsOnBlackSite,numberOfRobotsOnWhiteSite
24198,22,19
timeStep,numberOfRobotsOnBlackSite,numberOfRobotsOnWhiteSite
24199,22,19
timeStep,numberOfRobotsOnBlackSite,numberOfRobotsOnWhiteSite
24200,22,19
timeStep,numberOfRobotsOnBlackSite,numberOfRobotsOnWhiteSite
24201,22,19
timeStep,numberOfRobotsOnBlackSite,numberOfRobotsOnWhiteSite
24202,22,19
timeStep,numberOfRobotsOnBlackSite,numberOfRobotsOnWhiteSite
24203,22,19
timeStep,numberOfRobotsOnBlackSite,numberOfRobotsOnWhiteSite
24204,22,19
timeStep,numberOfRobotsOnBlackSite,numberOfRobotsOnWhiteSite
24205,22,19
timeStep,numberOfRobotsOnBlackSite,numberOfRobotsOnWhiteSite
24206,22,19
timeStep,numberOfRobotsOnBlackSite,numberOfRobotsOnWhiteSite
24207,22,19
timeStep,numberOfRobotsOnBlackSite,numberOfRobotsOnWhiteSite
24208,22,19
timeStep,numberOfRobotsOnBlackSite,numberOfRobotsOnWhiteSite
24209,22,19
timeStep,numberOfRobotsOnBlackSite,numberOfRobotsOnWhiteSite
24210,22,19
timeStep,numberOfRobotsOnBlackSite,numberOfRobotsOnWhiteSite
24211,22,19
timeStep,numberOfRobotsOnBlackSite,numberOfRobotsOnWhiteSite
24212,22,19
timeStep,numberOfRobotsOnBlackSite,numberOfRobotsOnWhiteSite
24213,22,19
timeStep,numberOfRobotsOnBlackSite,numberOfRobotsOnWhiteSite
24214,22,19
timeStep,numberOfRobotsOnBlackSite,numberOfRobotsOnWhiteSite
24215,22,19
timeStep,numberOfRobotsOnBlackSite,numberOfRobotsOnWhiteSite
24216,22,19
timeStep,numberOfRobotsOnBlackSite,numberOfRobotsOnWhiteSite
24217,22,19
timeStep,numberOfRobotsOnBlackSite,numberOfRobotsOnWhiteSite
24218,22,19
timeStep,numberOfRobotsOnBlackSite,numberOfRobotsOnWhiteSite
24219,22,19
timeStep,numberOfRobotsOnBlackSite,numberOfRobotsOnWhiteSite
24220,21,19
timeStep,numberOfRobotsOnBlackSite,numberOfRobotsOnWhiteSite
24221,21,19
timeStep,numberOfRobotsOnBlackSite,numberOfRobotsOnWhiteSite
24222,21,19
timeStep,numberOfRobotsOnBlackSite,numberOfRobotsOnWhiteSite
24223,21,19
timeStep,numberOfRobotsOnBlackSite,numberOfRobotsOnWhiteSite
24224,21,19
timeStep,numberOfRobotsOnBlackSite,numberOfRobotsOnWhiteSite
24225,21,20
timeStep,numberOfRobotsOnBlackSite,numberOfRobotsOnWhiteSite
24226,21,20
timeStep,numberOfRobotsOnBlackSite,numberOfRobotsOnWhiteSite
24227,21,20
timeStep,numberOfRobotsOnBlackSite,numberOfRobotsOnWhiteSite
24228,21,20
timeStep,numberOfRobotsOnBlackSite,numberOfRobotsOnWhiteSite
24229,21,20
timeStep,numberOfRobotsOnBlackSite,numberOfRobotsOnWhiteSite
24230,21,20
timeStep,numberOfRobotsOnBlackSite,numberOfRobotsOnWhiteSite
24231,21,20
timeStep,numberOfRobotsOnBlackSite,numberOfRobotsOnWhiteSite
24232,21,20
timeStep,numberOfRobotsOnBlackSite,numberOfRobotsOnWhiteSite
24233,21,20
timeStep,numberOfRobotsOnBlackSite,numberOfRobotsOnWhiteSite
24234,21,20
timeStep,numberOfRobotsOnBlackSite,numberOfRobotsOnWhiteSite
24235,21,20
timeStep,numberOfRobotsOnBlackSite,numberOfRobotsOnWhiteSite
24236,21,20
timeStep,numberOfRobotsOnBlackSite,numberOfRobotsOnWhiteSite
24237,21,20
timeStep,numberOfRobotsOnBlackSite,numberOfRobotsOnWhiteSite
24238,21,20
timeStep,numberOfRobotsOnBlackSite,numberOfRobotsOnWhiteSite
24239,21,20
timeStep,numberOfRobotsOnBlackSite,numberOfRobotsOnWhiteSite
24240,21,20
timeStep,numberOfRobotsOnBlackSite,numberOfRobotsOnWhiteSite
24241,21,20
timeStep,numberOfRobotsOnBlackSite,numberOfRobotsOnWhiteSite
24242,21,20
timeStep,numberOfRobotsOnBlackSite,numberOfRobotsOnWhiteSite
24243,21,20
timeStep,numberOfRobotsOnBlackSite,numberOfRobotsOnWhiteSite
24244,21,20
timeStep,numberOfRobotsOnBlackSite,numberOfRobotsOnWhiteSite
24245,21,20
timeStep,numberOfRobotsOnBlackSite,numberOfRobotsOnWhiteSite
24246,21,20
timeStep,numberOfRobotsOnBlackSite,numberOfRobotsOnWhiteSite
24247,21,20
timeStep,numberOfRobotsOnBlackSite,numberOfRobotsOnWhiteSite
24248,21,20
timeStep,numberOfRobotsOnBlackSite,numberOfRobotsOnWhiteSite
24249,21,20
timeStep,numberOfRobotsOnBlackSite,numberOfRobotsOnWhiteSite
24250,21,20
timeStep,numberOfRobotsOnBlackSite,numberOfRobotsOnWhiteSite
24251,21,20
timeStep,numberOfRobotsOnBlackSite,numberOfRobotsOnWhiteSite
24252,21,20
timeStep,numberOfRobotsOnBlackSite,numberOfRobotsOnWhiteSite
24253,21,20
timeStep,numberOfRobotsOnBlackSite,numberOfRobotsOnWhiteSite
24254,21,20
timeStep,numberOfRobotsOnBlackSite,numberOfRobotsOnWhiteSite
24255,21,20
timeStep,numberOfRobotsOnBlackSite,numberOfRobotsOnWhiteSite
24256,21,20
timeStep,numberOfRobotsOnBlackSite,numberOfRobotsOnWhiteSite
24257,21,20
timeStep,numberOfRobotsOnBlackSite,numberOfRobotsOnWhiteSite
24258,21,20
timeStep,numberOfRobotsOnBlackSite,numberOfRobotsOnWhiteSite
24259,21,20
timeStep,numberOfRobotsOnBlackSite,numberOfRobotsOnWhiteSite
24260,21,20
timeStep,numberOfRobotsOnBlackSite,numberOfRobotsOnWhiteSite
24261,21,20
timeStep,numberOfRobotsOnBlackSite,numberOfRobotsOnWhiteSite
24262,21,20
timeStep,numberOfRobotsOnBlackSite,numberOfRobotsOnWhiteSite
24263,21,20
timeStep,numberOfRobotsOnBlackSite,numberOfRobotsOnWhiteSite
24264,21,20
timeStep,numberOfRobotsOnBlackSite,numberOfRobotsOnWhiteSite
24265,21,20
timeStep,numberOfRobotsOnBlackSite,numberOfRobotsOnWhiteSite
24266,21,20
timeStep,numberOfRobotsOnBlackSite,numberOfRobotsOnWhiteSite
24267,21,20
timeStep,numberOfRobotsOnBlackSite,numberOfRobotsOnWhiteSite
24268,21,20
timeStep,numberOfRobotsOnBlackSite,numberOfRobotsOnWhiteSite
24269,21,20
timeStep,numberOfRobotsOnBlackSite,numberOfRobotsOnWhiteSite
24270,21,20
timeStep,numberOfRobotsOnBlackSite,numberOfRobotsOnWhiteSite
24271,21,20
timeStep,numberOfRobotsOnBlackSite,numberOfRobotsOnWhiteSite
24272,21,20
timeStep,numberOfRobotsOnBlackSite,numberOfRobotsOnWhiteSite
24273,21,20
timeStep,numberOfRobotsOnBlackSite,numberOfRobotsOnWhiteSite
24274,21,20
timeStep,numberOfRobotsOnBlackSite,numberOfRobotsOnWhiteSite
24275,21,20
timeStep,numberOfRobotsOnBlackSite,numberOfRobotsOnWhiteSite
24276,21,20
timeStep,numberOfRobotsOnBlackSite,numberOfRobotsOnWhiteSite
24277,21,20
timeStep,numberOfRobotsOnBlackSite,numberOfRobotsOnWhiteSite
24278,21,20
timeStep,numberOfRobotsOnBlackSite,numberOfRobotsOnWhiteSite
24279,21,20
timeStep,numberOfRobotsOnBlackSite,numberOfRobotsOnWhiteSite
24280,21,20
timeStep,numberOfRobotsOnBlackSite,numberOfRobotsOnWhiteSite
24281,21,20
timeStep,numberOfRobotsOnBlackSite,numberOfRobotsOnWhiteSite
24282,21,20
timeStep,numberOfRobotsOnBlackSite,numberOfRobotsOnWhiteSite
24283,21,20
timeStep,numberOfRobotsOnBlackSite,numberOfRobotsOnWhiteSite
24284,21,20
timeStep,numberOfRobotsOnBlackSite,numberOfRobotsOnWhiteSite
24285,21,20
timeStep,numberOfRobotsOnBlackSite,numberOfRobotsOnWhiteSite
24286,21,20
timeStep,numberOfRobotsOnBlackSite,numberOfRobotsOnWhiteSite
24287,21,20
timeStep,numberOfRobotsOnBlackSite,numberOfRobotsOnWhiteSite
24288,21,20
timeStep,numberOfRobotsOnBlackSite,numberOfRobotsOnWhiteSite
24289,21,20
timeStep,numberOfRobotsOnBlackSite,numberOfRobotsOnWhiteSite
24290,21,20
timeStep,numberOfRobotsOnBlackSite,numberOfRobotsOnWhiteSite
24291,21,20
timeStep,numberOfRobotsOnBlackSite,numberOfRobotsOnWhiteSite
24292,21,20
timeStep,numberOfRobotsOnBlackSite,numberOfRobotsOnWhiteSite
24293,21,20
timeStep,numberOfRobotsOnBlackSite,numberOfRobotsOnWhiteSite
24294,21,20
timeStep,numberOfRobotsOnBlackSite,numberOfRobotsOnWhiteSite
24295,21,20
timeStep,numberOfRobotsOnBlackSite,numberOfRobotsOnWhiteSite
24296,21,20
timeStep,numberOfRobotsOnBlackSite,numberOfRobotsOnWhiteSite
24297,21,20
timeStep,numberOfRobotsOnBlackSite,numberOfRobotsOnWhiteSite
24298,21,20
timeStep,numberOfRobotsOnBlackSite,numberOfRobotsOnWhiteSite
24299,21,20
timeStep,numberOfRobotsOnBlackSite,numberOfRobotsOnWhiteSite
24300,21,20
timeStep,numberOfRobotsOnBlackSite,numberOfRobotsOnWhiteSite
24301,21,20
timeStep,numberOfRobotsOnBlackSite,numberOfRobotsOnWhiteSite
24302,21,20
timeStep,numberOfRobotsOnBlackSite,numberOfRobotsOnWhiteSite
24303,21,20
timeStep,numberOfRobotsOnBlackSite,numberOfRobotsOnWhiteSite
24304,21,20
timeStep,numberOfRobotsOnBlackSite,numberOfRobotsOnWhiteSite
24305,21,20
timeStep,numberOfRobotsOnBlackSite,numberOfRobotsOnWhiteSite
24306,21,20
timeStep,numberOfRobotsOnBlackSite,numberOfRobotsOnWhiteSite
24307,21,20
timeStep,numberOfRobotsOnBlackSite,numberOfRobotsOnWhiteSite
24308,21,20
timeStep,numberOfRobotsOnBlackSite,numberOfRobotsOnWhiteSite
24309,21,20
timeStep,numberOfRobotsOnBlackSite,numberOfRobotsOnWhiteSite
24310,21,20
timeStep,numberOfRobotsOnBlackSite,numberOfRobotsOnWhiteSite
24311,21,20
timeStep,numberOfRobotsOnBlackSite,numberOfRobotsOnWhiteSite
24312,21,20
timeStep,numberOfRobotsOnBlackSite,numberOfRobotsOnWhiteSite
24313,21,20
timeStep,numberOfRobotsOnBlackSite,numberOfRobotsOnWhiteSite
24314,21,20
timeStep,numberOfRobotsOnBlackSite,numberOfRobotsOnWhiteSite
24315,21,20
timeStep,numberOfRobotsOnBlackSite,numberOfRobotsOnWhiteSite
24316,21,20
timeStep,numberOfRobotsOnBlackSite,numberOfRobotsOnWhiteSite
24317,21,20
timeStep,numberOfRobotsOnBlackSite,numberOfRobotsOnWhiteSite
24318,21,20
timeStep,numberOfRobotsOnBlackSite,numberOfRobotsOnWhiteSite
24319,21,20
timeStep,numberOfRobotsOnBlackSite,numberOfRobotsOnWhiteSite
24320,21,20
timeStep,numberOfRobotsOnBlackSite,numberOfRobotsOnWhiteSite
24321,21,20
timeStep,numberOfRobotsOnBlackSite,numberOfRobotsOnWhiteSite
24322,21,20
timeStep,numberOfRobotsOnBlackSite,numberOfRobotsOnWhiteSite
24323,21,20
timeStep,numberOfRobotsOnBlackSite,numberOfRobotsOnWhiteSite
24324,21,20
timeStep,numberOfRobotsOnBlackSite,numberOfRobotsOnWhiteSite
24325,21,20
timeStep,numberOfRobotsOnBlackSite,numberOfRobotsOnWhiteSite
24326,21,20
timeStep,numberOfRobotsOnBlackSite,numberOfRobotsOnWhiteSite
24327,21,20
timeStep,numberOfRobotsOnBlackSite,numberOfRobotsOnWhiteSite
24328,21,20
timeStep,numberOfRobotsOnBlackSite,numberOfRobotsOnWhiteSite
24329,21,20
timeStep,numberOfRobotsOnBlackSite,numberOfRobotsOnWhiteSite
24330,21,20
timeStep,numberOfRobotsOnBlackSite,numberOfRobotsOnWhiteSite
24331,21,20
timeStep,numberOfRobotsOnBlackSite,numberOfRobotsOnWhiteSite
24332,21,20
timeStep,numberOfRobotsOnBlackSite,numberOfRobotsOnWhiteSite
24333,21,20
timeStep,numberOfRobotsOnBlackSite,numberOfRobotsOnWhiteSite
24334,21,20
timeStep,numberOfRobotsOnBlackSite,numberOfRobotsOnWhiteSite
24335,21,20
timeStep,numberOfRobotsOnBlackSite,numberOfRobotsOnWhiteSite
24336,21,20
timeStep,numberOfRobotsOnBlackSite,numberOfRobotsOnWhiteSite
24337,21,20
timeStep,numberOfRobotsOnBlackSite,numberOfRobotsOnWhiteSite
24338,21,20
timeStep,numberOfRobotsOnBlackSite,numberOfRobotsOnWhiteSite
24339,21,20
timeStep,numberOfRobotsOnBlackSite,numberOfRobotsOnWhiteSite
24340,21,20
timeStep,numberOfRobotsOnBlackSite,numberOfRobotsOnWhiteSite
24341,21,20
timeStep,numberOfRobotsOnBlackSite,numberOfRobotsOnWhiteSite
24342,21,20
timeStep,numberOfRobotsOnBlackSite,numberOfRobotsOnWhiteSite
24343,21,20
timeStep,numberOfRobotsOnBlackSite,numberOfRobotsOnWhiteSite
24344,21,20
timeStep,numberOfRobotsOnBlackSite,numberOfRobotsOnWhiteSite
24345,22,20
timeStep,numberOfRobotsOnBlackSite,numberOfRobotsOnWhiteSite
24346,22,20
timeStep,numberOfRobotsOnBlackSite,numberOfRobotsOnWhiteSite
24347,22,20
timeStep,numberOfRobotsOnBlackSite,numberOfRobotsOnWhiteSite
24348,22,20
timeStep,numberOfRobotsOnBlackSite,numberOfRobotsOnWhiteSite
24349,22,20
timeStep,numberOfRobotsOnBlackSite,numberOfRobotsOnWhiteSite
24350,22,20
timeStep,numberOfRobotsOnBlackSite,numberOfRobotsOnWhiteSite
24351,22,20
timeStep,numberOfRobotsOnBlackSite,numberOfRobotsOnWhiteSite
24352,22,20
timeStep,numberOfRobotsOnBlackSite,numberOfRobotsOnWhiteSite
24353,22,20
timeStep,numberOfRobotsOnBlackSite,numberOfRobotsOnWhiteSite
24354,22,20
timeStep,numberOfRobotsOnBlackSite,numberOfRobotsOnWhiteSite
24355,22,20
timeStep,numberOfRobotsOnBlackSite,numberOfRobotsOnWhiteSite
24356,22,20
timeStep,numberOfRobotsOnBlackSite,numberOfRobotsOnWhiteSite
24357,22,20
timeStep,numberOfRobotsOnBlackSite,numberOfRobotsOnWhiteSite
24358,22,20
timeStep,numberOfRobotsOnBlackSite,numberOfRobotsOnWhiteSite
24359,22,20
timeStep,numberOfRobotsOnBlackSite,numberOfRobotsOnWhiteSite
24360,22,20
timeStep,numberOfRobotsOnBlackSite,numberOfRobotsOnWhiteSite
24361,22,20
timeStep,numberOfRobotsOnBlackSite,numberOfRobotsOnWhiteSite
24362,22,20
timeStep,numberOfRobotsOnBlackSite,numberOfRobotsOnWhiteSite
24363,22,20
timeStep,numberOfRobotsOnBlackSite,numberOfRobotsOnWhiteSite
24364,22,20
timeStep,numberOfRobotsOnBlackSite,numberOfRobotsOnWhiteSite
24365,22,20
timeStep,numberOfRobotsOnBlackSite,numberOfRobotsOnWhiteSite
24366,22,20
timeStep,numberOfRobotsOnBlackSite,numberOfRobotsOnWhiteSite
24367,22,20
timeStep,numberOfRobotsOnBlackSite,numberOfRobotsOnWhiteSite
24368,22,20
timeStep,numberOfRobotsOnBlackSite,numberOfRobotsOnWhiteSite
24369,22,20
timeStep,numberOfRobotsOnBlackSite,numberOfRobotsOnWhiteSite
24370,22,20
timeStep,numberOfRobotsOnBlackSite,numberOfRobotsOnWhiteSite
24371,22,20
timeStep,numberOfRobotsOnBlackSite,numberOfRobotsOnWhiteSite
24372,22,20
timeStep,numberOfRobotsOnBlackSite,numberOfRobotsOnWhiteSite
24373,22,20
timeStep,numberOfRobotsOnBlackSite,numberOfRobotsOnWhiteSite
24374,22,20
timeStep,numberOfRobotsOnBlackSite,numberOfRobotsOnWhiteSite
24375,22,20
timeStep,numberOfRobotsOnBlackSite,numberOfRobotsOnWhiteSite
24376,22,20
timeStep,numberOfRobotsOnBlackSite,numberOfRobotsOnWhiteSite
24377,22,20
timeStep,numberOfRobotsOnBlackSite,numberOfRobotsOnWhiteSite
24378,22,20
timeStep,numberOfRobotsOnBlackSite,numberOfRobotsOnWhiteSite
24379,22,20
timeStep,numberOfRobotsOnBlackSite,numberOfRobotsOnWhiteSite
24380,22,19
timeStep,numberOfRobotsOnBlackSite,numberOfRobotsOnWhiteSite
24381,22,19
timeStep,numberOfRobotsOnBlackSite,numberOfRobotsOnWhiteSite
24382,22,19
timeStep,numberOfRobotsOnBlackSite,numberOfRobotsOnWhiteSite
24383,22,19
timeStep,numberOfRobotsOnBlackSite,numberOfRobotsOnWhiteSite
24384,22,19
timeStep,numberOfRobotsOnBlackSite,numberOfRobotsOnWhiteSite
24385,22,19
timeStep,numberOfRobotsOnBlackSite,numberOfRobotsOnWhiteSite
24386,22,19
timeStep,numberOfRobotsOnBlackSite,numberOfRobotsOnWhiteSite
24387,22,19
timeStep,numberOfRobotsOnBlackSite,numberOfRobotsOnWhiteSite
24388,22,19
timeStep,numberOfRobotsOnBlackSite,numberOfRobotsOnWhiteSite
24389,22,19
timeStep,numberOfRobotsOnBlackSite,numberOfRobotsOnWhiteSite
24390,22,19
timeStep,numberOfRobotsOnBlackSite,numberOfRobotsOnWhiteSite
24391,22,19
timeStep,numberOfRobotsOnBlackSite,numberOfRobotsOnWhiteSite
24392,22,19
timeStep,numberOfRobotsOnBlackSite,numberOfRobotsOnWhiteSite
24393,22,19
timeStep,numberOfRobotsOnBlackSite,numberOfRobotsOnWhiteSite
24394,22,19
timeStep,numberOfRobotsOnBlackSite,numberOfRobotsOnWhiteSite
24395,22,19
timeStep,numberOfRobotsOnBlackSite,numberOfRobotsOnWhiteSite
24396,22,19
timeStep,numberOfRobotsOnBlackSite,numberOfRobotsOnWhiteSite
24397,22,19
timeStep,numberOfRobotsOnBlackSite,numberOfRobotsOnWhiteSite
24398,22,19
timeStep,numberOfRobotsOnBlackSite,numberOfRobotsOnWhiteSite
24399,22,19
timeStep,numberOfRobotsOnBlackSite,numberOfRobotsOnWhiteSite
24400,22,19
timeStep,numberOfRobotsOnBlackSite,numberOfRobotsOnWhiteSite
24401,22,19
timeStep,numberOfRobotsOnBlackSite,numberOfRobotsOnWhiteSite
24402,22,19
timeStep,numberOfRobotsOnBlackSite,numberOfRobotsOnWhiteSite
24403,22,19
timeStep,numberOfRobotsOnBlackSite,numberOfRobotsOnWhiteSite
24404,22,19
timeStep,numberOfRobotsOnBlackSite,numberOfRobotsOnWhiteSite
24405,22,19
timeStep,numberOfRobotsOnBlackSite,numberOfRobotsOnWhiteSite
24406,22,19
timeStep,numberOfRobotsOnBlackSite,numberOfRobotsOnWhiteSite
24407,22,19
timeStep,numberOfRobotsOnBlackSite,numberOfRobotsOnWhiteSite
24408,22,19
timeStep,numberOfRobotsOnBlackSite,numberOfRobotsOnWhiteSite
24409,22,19
timeStep,numberOfRobotsOnBlackSite,numberOfRobotsOnWhiteSite
24410,22,19
timeStep,numberOfRobotsOnBlackSite,numberOfRobotsOnWhiteSite
24411,22,19
timeStep,numberOfRobotsOnBlackSite,numberOfRobotsOnWhiteSite
24412,22,19
timeStep,numberOfRobotsOnBlackSite,numberOfRobotsOnWhiteSite
24413,22,19
timeStep,numberOfRobotsOnBlackSite,numberOfRobotsOnWhiteSite
24414,22,19
timeStep,numberOfRobotsOnBlackSite,numberOfRobotsOnWhiteSite
24415,22,19
timeStep,numberOfRobotsOnBlackSite,numberOfRobotsOnWhiteSite
24416,22,19
timeStep,numberOfRobotsOnBlackSite,numberOfRobotsOnWhiteSite
24417,22,19
timeStep,numberOfRobotsOnBlackSite,numberOfRobotsOnWhiteSite
24418,22,19
timeStep,numberOfRobotsOnBlackSite,numberOfRobotsOnWhiteSite
24419,22,19
timeStep,numberOfRobotsOnBlackSite,numberOfRobotsOnWhiteSite
24420,22,19
timeStep,numberOfRobotsOnBlackSite,numberOfRobotsOnWhiteSite
24421,22,19
timeStep,numberOfRobotsOnBlackSite,numberOfRobotsOnWhiteSite
24422,22,19
timeStep,numberOfRobotsOnBlackSite,numberOfRobotsOnWhiteSite
24423,22,19
timeStep,numberOfRobotsOnBlackSite,numberOfRobotsOnWhiteSite
24424,22,19
timeStep,numberOfRobotsOnBlackSite,numberOfRobotsOnWhiteSite
24425,22,20
timeStep,numberOfRobotsOnBlackSite,numberOfRobotsOnWhiteSite
24426,22,20
timeStep,numberOfRobotsOnBlackSite,numberOfRobotsOnWhiteSite
24427,22,20
timeStep,numberOfRobotsOnBlackSite,numberOfRobotsOnWhiteSite
24428,22,20
timeStep,numberOfRobotsOnBlackSite,numberOfRobotsOnWhiteSite
24429,22,20
timeStep,numberOfRobotsOnBlackSite,numberOfRobotsOnWhiteSite
24430,22,20
timeStep,numberOfRobotsOnBlackSite,numberOfRobotsOnWhiteSite
24431,22,20
timeStep,numberOfRobotsOnBlackSite,numberOfRobotsOnWhiteSite
24432,22,20
timeStep,numberOfRobotsOnBlackSite,numberOfRobotsOnWhiteSite
24433,22,20
timeStep,numberOfRobotsOnBlackSite,numberOfRobotsOnWhiteSite
24434,22,20
timeStep,numberOfRobotsOnBlackSite,numberOfRobotsOnWhiteSite
24435,22,20
timeStep,numberOfRobotsOnBlackSite,numberOfRobotsOnWhiteSite
24436,22,20
timeStep,numberOfRobotsOnBlackSite,numberOfRobotsOnWhiteSite
24437,22,20
timeStep,numberOfRobotsOnBlackSite,numberOfRobotsOnWhiteSite
24438,22,20
timeStep,numberOfRobotsOnBlackSite,numberOfRobotsOnWhiteSite
24439,22,20
timeStep,numberOfRobotsOnBlackSite,numberOfRobotsOnWhiteSite
24440,22,20
timeStep,numberOfRobotsOnBlackSite,numberOfRobotsOnWhiteSite
24441,22,20
timeStep,numberOfRobotsOnBlackSite,numberOfRobotsOnWhiteSite
24442,22,20
timeStep,numberOfRobotsOnBlackSite,numberOfRobotsOnWhiteSite
24443,22,20
timeStep,numberOfRobotsOnBlackSite,numberOfRobotsOnWhiteSite
24444,22,20
timeStep,numberOfRobotsOnBlackSite,numberOfRobotsOnWhiteSite
24445,22,20
timeStep,numberOfRobotsOnBlackSite,numberOfRobotsOnWhiteSite
24446,22,20
timeStep,numberOfRobotsOnBlackSite,numberOfRobotsOnWhiteSite
24447,22,20
timeStep,numberOfRobotsOnBlackSite,numberOfRobotsOnWhiteSite
24448,22,20
timeStep,numberOfRobotsOnBlackSite,numberOfRobotsOnWhiteSite
24449,22,20
timeStep,numberOfRobotsOnBlackSite,numberOfRobotsOnWhiteSite
24450,22,20
timeStep,numberOfRobotsOnBlackSite,numberOfRobotsOnWhiteSite
24451,22,20
timeStep,numberOfRobotsOnBlackSite,numberOfRobotsOnWhiteSite
24452,22,20
timeStep,numberOfRobotsOnBlackSite,numberOfRobotsOnWhiteSite
24453,22,20
timeStep,numberOfRobotsOnBlackSite,numberOfRobotsOnWhiteSite
24454,22,20
timeStep,numberOfRobotsOnBlackSite,numberOfRobotsOnWhiteSite
24455,22,20
timeStep,numberOfRobotsOnBlackSite,numberOfRobotsOnWhiteSite
24456,22,20
timeStep,numberOfRobotsOnBlackSite,numberOfRobotsOnWhiteSite
24457,22,20
timeStep,numberOfRobotsOnBlackSite,numberOfRobotsOnWhiteSite
24458,22,20
timeStep,numberOfRobotsOnBlackSite,numberOfRobotsOnWhiteSite
24459,22,20
timeStep,numberOfRobotsOnBlackSite,numberOfRobotsOnWhiteSite
24460,22,20
timeStep,numberOfRobotsOnBlackSite,numberOfRobotsOnWhiteSite
24461,22,20
timeStep,numberOfRobotsOnBlackSite,numberOfRobotsOnWhiteSite
24462,22,20
timeStep,numberOfRobotsOnBlackSite,numberOfRobotsOnWhiteSite
24463,22,20
timeStep,numberOfRobotsOnBlackSite,numberOfRobotsOnWhiteSite
24464,22,20
timeStep,numberOfRobotsOnBlackSite,numberOfRobotsOnWhiteSite
24465,22,20
timeStep,numberOfRobotsOnBlackSite,numberOfRobotsOnWhiteSite
24466,22,20
timeStep,numberOfRobotsOnBlackSite,numberOfRobotsOnWhiteSite
24467,22,20
timeStep,numberOfRobotsOnBlackSite,numberOfRobotsOnWhiteSite
24468,22,20
timeStep,numberOfRobotsOnBlackSite,numberOfRobotsOnWhiteSite
24469,22,20
timeStep,numberOfRobotsOnBlackSite,numberOfRobotsOnWhiteSite
24470,22,20
timeStep,numberOfRobotsOnBlackSite,numberOfRobotsOnWhiteSite
24471,22,20
timeStep,numberOfRobotsOnBlackSite,numberOfRobotsOnWhiteSite
24472,22,20
timeStep,numberOfRobotsOnBlackSite,numberOfRobotsOnWhiteSite
24473,22,20
timeStep,numberOfRobotsOnBlackSite,numberOfRobotsOnWhiteSite
24474,22,20
timeStep,numberOfRobotsOnBlackSite,numberOfRobotsOnWhiteSite
24475,22,20
timeStep,numberOfRobotsOnBlackSite,numberOfRobotsOnWhiteSite
24476,22,20
timeStep,numberOfRobotsOnBlackSite,numberOfRobotsOnWhiteSite
24477,22,20
timeStep,numberOfRobotsOnBlackSite,numberOfRobotsOnWhiteSite
24478,22,20
timeStep,numberOfRobotsOnBlackSite,numberOfRobotsOnWhiteSite
24479,22,20
timeStep,numberOfRobotsOnBlackSite,numberOfRobotsOnWhiteSite
24480,22,20
timeStep,numberOfRobotsOnBlackSite,numberOfRobotsOnWhiteSite
24481,22,20
timeStep,numberOfRobotsOnBlackSite,numberOfRobotsOnWhiteSite
24482,22,20
timeStep,numberOfRobotsOnBlackSite,numberOfRobotsOnWhiteSite
24483,22,20
timeStep,numberOfRobotsOnBlackSite,numberOfRobotsOnWhiteSite
24484,22,20
timeStep,numberOfRobotsOnBlackSite,numberOfRobotsOnWhiteSite
24485,22,20
timeStep,numberOfRobotsOnBlackSite,numberOfRobotsOnWhiteSite
24486,22,20
timeStep,numberOfRobotsOnBlackSite,numberOfRobotsOnWhiteSite
24487,22,20
timeStep,numberOfRobotsOnBlackSite,numberOfRobotsOnWhiteSite
24488,22,20
timeStep,numberOfRobotsOnBlackSite,numberOfRobotsOnWhiteSite
24489,22,20
timeStep,numberOfRobotsOnBlackSite,numberOfRobotsOnWhiteSite
24490,22,20
timeStep,numberOfRobotsOnBlackSite,numberOfRobotsOnWhiteSite
24491,22,20
timeStep,numberOfRobotsOnBlackSite,numberOfRobotsOnWhiteSite
24492,22,20
timeStep,numberOfRobotsOnBlackSite,numberOfRobotsOnWhiteSite
24493,22,20
timeStep,numberOfRobotsOnBlackSite,numberOfRobotsOnWhiteSite
24494,22,20
timeStep,numberOfRobotsOnBlackSite,numberOfRobotsOnWhiteSite
24495,22,20
timeStep,numberOfRobotsOnBlackSite,numberOfRobotsOnWhiteSite
24496,22,20
timeStep,numberOfRobotsOnBlackSite,numberOfRobotsOnWhiteSite
24497,22,20
timeStep,numberOfRobotsOnBlackSite,numberOfRobotsOnWhiteSite
24498,22,20
timeStep,numberOfRobotsOnBlackSite,numberOfRobotsOnWhiteSite
24499,22,20
timeStep,numberOfRobotsOnBlackSite,numberOfRobotsOnWhiteSite
24500,22,20
timeStep,numberOfRobotsOnBlackSite,numberOfRobotsOnWhiteSite
24501,22,20
timeStep,numberOfRobotsOnBlackSite,numberOfRobotsOnWhiteSite
24502,22,20
timeStep,numberOfRobotsOnBlackSite,numberOfRobotsOnWhiteSite
24503,22,20
timeStep,numberOfRobotsOnBlackSite,numberOfRobotsOnWhiteSite
24504,22,20
timeStep,numberOfRobotsOnBlackSite,numberOfRobotsOnWhiteSite
24505,21,20
timeStep,numberOfRobotsOnBlackSite,numberOfRobotsOnWhiteSite
24506,21,20
timeStep,numberOfRobotsOnBlackSite,numberOfRobotsOnWhiteSite
24507,21,20
timeStep,numberOfRobotsOnBlackSite,numberOfRobotsOnWhiteSite
24508,21,20
timeStep,numberOfRobotsOnBlackSite,numberOfRobotsOnWhiteSite
24509,21,20
timeStep,numberOfRobotsOnBlackSite,numberOfRobotsOnWhiteSite
24510,21,20
timeStep,numberOfRobotsOnBlackSite,numberOfRobotsOnWhiteSite
24511,21,20
timeStep,numberOfRobotsOnBlackSite,numberOfRobotsOnWhiteSite
24512,21,20
timeStep,numberOfRobotsOnBlackSite,numberOfRobotsOnWhiteSite
24513,21,20
timeStep,numberOfRobotsOnBlackSite,numberOfRobotsOnWhiteSite
24514,21,20
timeStep,numberOfRobotsOnBlackSite,numberOfRobotsOnWhiteSite
24515,21,20
timeStep,numberOfRobotsOnBlackSite,numberOfRobotsOnWhiteSite
24516,21,20
timeStep,numberOfRobotsOnBlackSite,numberOfRobotsOnWhiteSite
24517,21,20
timeStep,numberOfRobotsOnBlackSite,numberOfRobotsOnWhiteSite
24518,21,20
timeStep,numberOfRobotsOnBlackSite,numberOfRobotsOnWhiteSite
24519,21,20
timeStep,numberOfRobotsOnBlackSite,numberOfRobotsOnWhiteSite
24520,21,20
timeStep,numberOfRobotsOnBlackSite,numberOfRobotsOnWhiteSite
24521,21,20
timeStep,numberOfRobotsOnBlackSite,numberOfRobotsOnWhiteSite
24522,21,20
timeStep,numberOfRobotsOnBlackSite,numberOfRobotsOnWhiteSite
24523,21,20
timeStep,numberOfRobotsOnBlackSite,numberOfRobotsOnWhiteSite
24524,21,20
timeStep,numberOfRobotsOnBlackSite,numberOfRobotsOnWhiteSite
24525,21,20
timeStep,numberOfRobotsOnBlackSite,numberOfRobotsOnWhiteSite
24526,21,20
timeStep,numberOfRobotsOnBlackSite,numberOfRobotsOnWhiteSite
24527,21,20
timeStep,numberOfRobotsOnBlackSite,numberOfRobotsOnWhiteSite
24528,21,20
timeStep,numberOfRobotsOnBlackSite,numberOfRobotsOnWhiteSite
24529,21,20
timeStep,numberOfRobotsOnBlackSite,numberOfRobotsOnWhiteSite
24530,21,20
timeStep,numberOfRobotsOnBlackSite,numberOfRobotsOnWhiteSite
24531,21,20
timeStep,numberOfRobotsOnBlackSite,numberOfRobotsOnWhiteSite
24532,21,20
timeStep,numberOfRobotsOnBlackSite,numberOfRobotsOnWhiteSite
24533,21,20
timeStep,numberOfRobotsOnBlackSite,numberOfRobotsOnWhiteSite
24534,21,20
timeStep,numberOfRobotsOnBlackSite,numberOfRobotsOnWhiteSite
24535,21,20
timeStep,numberOfRobotsOnBlackSite,numberOfRobotsOnWhiteSite
24536,21,20
timeStep,numberOfRobotsOnBlackSite,numberOfRobotsOnWhiteSite
24537,21,20
timeStep,numberOfRobotsOnBlackSite,numberOfRobotsOnWhiteSite
24538,21,20
timeStep,numberOfRobotsOnBlackSite,numberOfRobotsOnWhiteSite
24539,21,20
timeStep,numberOfRobotsOnBlackSite,numberOfRobotsOnWhiteSite
24540,21,20
timeStep,numberOfRobotsOnBlackSite,numberOfRobotsOnWhiteSite
24541,21,20
timeStep,numberOfRobotsOnBlackSite,numberOfRobotsOnWhiteSite
24542,21,20
timeStep,numberOfRobotsOnBlackSite,numberOfRobotsOnWhiteSite
24543,21,20
timeStep,numberOfRobotsOnBlackSite,numberOfRobotsOnWhiteSite
24544,21,20
timeStep,numberOfRobotsOnBlackSite,numberOfRobotsOnWhiteSite
24545,21,20
timeStep,numberOfRobotsOnBlackSite,numberOfRobotsOnWhiteSite
24546,21,20
timeStep,numberOfRobotsOnBlackSite,numberOfRobotsOnWhiteSite
24547,21,20
timeStep,numberOfRobotsOnBlackSite,numberOfRobotsOnWhiteSite
24548,21,20
timeStep,numberOfRobotsOnBlackSite,numberOfRobotsOnWhiteSite
24549,21,20
timeStep,numberOfRobotsOnBlackSite,numberOfRobotsOnWhiteSite
24550,21,20
timeStep,numberOfRobotsOnBlackSite,numberOfRobotsOnWhiteSite
24551,21,20
timeStep,numberOfRobotsOnBlackSite,numberOfRobotsOnWhiteSite
24552,21,20
timeStep,numberOfRobotsOnBlackSite,numberOfRobotsOnWhiteSite
24553,21,20
timeStep,numberOfRobotsOnBlackSite,numberOfRobotsOnWhiteSite
24554,21,20
timeStep,numberOfRobotsOnBlackSite,numberOfRobotsOnWhiteSite
24555,21,20
timeStep,numberOfRobotsOnBlackSite,numberOfRobotsOnWhiteSite
24556,21,20
timeStep,numberOfRobotsOnBlackSite,numberOfRobotsOnWhiteSite
24557,21,20
timeStep,numberOfRobotsOnBlackSite,numberOfRobotsOnWhiteSite
24558,21,20
timeStep,numberOfRobotsOnBlackSite,numberOfRobotsOnWhiteSite
24559,21,20
timeStep,numberOfRobotsOnBlackSite,numberOfRobotsOnWhiteSite
24560,21,20
timeStep,numberOfRobotsOnBlackSite,numberOfRobotsOnWhiteSite
24561,21,20
timeStep,numberOfRobotsOnBlackSite,numberOfRobotsOnWhiteSite
24562,21,20
timeStep,numberOfRobotsOnBlackSite,numberOfRobotsOnWhiteSite
24563,21,20
timeStep,numberOfRobotsOnBlackSite,numberOfRobotsOnWhiteSite
24564,21,20
timeStep,numberOfRobotsOnBlackSite,numberOfRobotsOnWhiteSite
24565,21,20
timeStep,numberOfRobotsOnBlackSite,numberOfRobotsOnWhiteSite
24566,21,20
timeStep,numberOfRobotsOnBlackSite,numberOfRobotsOnWhiteSite
24567,21,20
timeStep,numberOfRobotsOnBlackSite,numberOfRobotsOnWhiteSite
24568,21,20
timeStep,numberOfRobotsOnBlackSite,numberOfRobotsOnWhiteSite
24569,21,20
timeStep,numberOfRobotsOnBlackSite,numberOfRobotsOnWhiteSite
24570,21,20
timeStep,numberOfRobotsOnBlackSite,numberOfRobotsOnWhiteSite
24571,21,20
timeStep,numberOfRobotsOnBlackSite,numberOfRobotsOnWhiteSite
24572,21,20
timeStep,numberOfRobotsOnBlackSite,numberOfRobotsOnWhiteSite
24573,21,20
timeStep,numberOfRobotsOnBlackSite,numberOfRobotsOnWhiteSite
24574,21,20
timeStep,numberOfRobotsOnBlackSite,numberOfRobotsOnWhiteSite
24575,21,20
timeStep,numberOfRobotsOnBlackSite,numberOfRobotsOnWhiteSite
24576,21,20
timeStep,numberOfRobotsOnBlackSite,numberOfRobotsOnWhiteSite
24577,21,20
timeStep,numberOfRobotsOnBlackSite,numberOfRobotsOnWhiteSite
24578,21,20
timeStep,numberOfRobotsOnBlackSite,numberOfRobotsOnWhiteSite
24579,21,20
timeStep,numberOfRobotsOnBlackSite,numberOfRobotsOnWhiteSite
24580,21,20
timeStep,numberOfRobotsOnBlackSite,numberOfRobotsOnWhiteSite
24581,21,20
timeStep,numberOfRobotsOnBlackSite,numberOfRobotsOnWhiteSite
24582,21,20
timeStep,numberOfRobotsOnBlackSite,numberOfRobotsOnWhiteSite
24583,21,20
timeStep,numberOfRobotsOnBlackSite,numberOfRobotsOnWhiteSite
24584,21,20
timeStep,numberOfRobotsOnBlackSite,numberOfRobotsOnWhiteSite
24585,21,20
timeStep,numberOfRobotsOnBlackSite,numberOfRobotsOnWhiteSite
24586,21,20
timeStep,numberOfRobotsOnBlackSite,numberOfRobotsOnWhiteSite
24587,21,20
timeStep,numberOfRobotsOnBlackSite,numberOfRobotsOnWhiteSite
24588,21,20
timeStep,numberOfRobotsOnBlackSite,numberOfRobotsOnWhiteSite
24589,21,20
timeStep,numberOfRobotsOnBlackSite,numberOfRobotsOnWhiteSite
24590,21,20
timeStep,numberOfRobotsOnBlackSite,numberOfRobotsOnWhiteSite
24591,21,20
timeStep,numberOfRobotsOnBlackSite,numberOfRobotsOnWhiteSite
24592,21,20
timeStep,numberOfRobotsOnBlackSite,numberOfRobotsOnWhiteSite
24593,21,20
timeStep,numberOfRobotsOnBlackSite,numberOfRobotsOnWhiteSite
24594,21,20
timeStep,numberOfRobotsOnBlackSite,numberOfRobotsOnWhiteSite
24595,21,20
timeStep,numberOfRobotsOnBlackSite,numberOfRobotsOnWhiteSite
24596,21,20
timeStep,numberOfRobotsOnBlackSite,numberOfRobotsOnWhiteSite
24597,21,20
timeStep,numberOfRobotsOnBlackSite,numberOfRobotsOnWhiteSite
24598,21,20
timeStep,numberOfRobotsOnBlackSite,numberOfRobotsOnWhiteSite
24599,21,20
timeStep,numberOfRobotsOnBlackSite,numberOfRobotsOnWhiteSite
24600,21,20
timeStep,numberOfRobotsOnBlackSite,numberOfRobotsOnWhiteSite
24601,21,20
timeStep,numberOfRobotsOnBlackSite,numberOfRobotsOnWhiteSite
24602,21,20
timeStep,numberOfRobotsOnBlackSite,numberOfRobotsOnWhiteSite
24603,21,20
timeStep,numberOfRobotsOnBlackSite,numberOfRobotsOnWhiteSite
24604,21,20
timeStep,numberOfRobotsOnBlackSite,numberOfRobotsOnWhiteSite
24605,21,20
timeStep,numberOfRobotsOnBlackSite,numberOfRobotsOnWhiteSite
24606,21,20
timeStep,numberOfRobotsOnBlackSite,numberOfRobotsOnWhiteSite
24607,21,20
timeStep,numberOfRobotsOnBlackSite,numberOfRobotsOnWhiteSite
24608,21,20
timeStep,numberOfRobotsOnBlackSite,numberOfRobotsOnWhiteSite
24609,21,20
timeStep,numberOfRobotsOnBlackSite,numberOfRobotsOnWhiteSite
24610,21,20
timeStep,numberOfRobotsOnBlackSite,numberOfRobotsOnWhiteSite
24611,21,20
timeStep,numberOfRobotsOnBlackSite,numberOfRobotsOnWhiteSite
24612,21,20
timeStep,numberOfRobotsOnBlackSite,numberOfRobotsOnWhiteSite
24613,21,20
timeStep,numberOfRobotsOnBlackSite,numberOfRobotsOnWhiteSite
24614,21,20
timeStep,numberOfRobotsOnBlackSite,numberOfRobotsOnWhiteSite
24615,21,20
timeStep,numberOfRobotsOnBlackSite,numberOfRobotsOnWhiteSite
24616,21,20
timeStep,numberOfRobotsOnBlackSite,numberOfRobotsOnWhiteSite
24617,21,20
timeStep,numberOfRobotsOnBlackSite,numberOfRobotsOnWhiteSite
24618,21,20
timeStep,numberOfRobotsOnBlackSite,numberOfRobotsOnWhiteSite
24619,21,20
timeStep,numberOfRobotsOnBlackSite,numberOfRobotsOnWhiteSite
24620,21,20
timeStep,numberOfRobotsOnBlackSite,numberOfRobotsOnWhiteSite
24621,21,20
timeStep,numberOfRobotsOnBlackSite,numberOfRobotsOnWhiteSite
24622,21,20
timeStep,numberOfRobotsOnBlackSite,numberOfRobotsOnWhiteSite
24623,21,20
timeStep,numberOfRobotsOnBlackSite,numberOfRobotsOnWhiteSite
24624,21,20
timeStep,numberOfRobotsOnBlackSite,numberOfRobotsOnWhiteSite
24625,21,20
timeStep,numberOfRobotsOnBlackSite,numberOfRobotsOnWhiteSite
24626,21,20
timeStep,numberOfRobotsOnBlackSite,numberOfRobotsOnWhiteSite
24627,21,20
timeStep,numberOfRobotsOnBlackSite,numberOfRobotsOnWhiteSite
24628,21,20
timeStep,numberOfRobotsOnBlackSite,numberOfRobotsOnWhiteSite
24629,21,20
timeStep,numberOfRobotsOnBlackSite,numberOfRobotsOnWhiteSite
24630,21,21
timeStep,numberOfRobotsOnBlackSite,numberOfRobotsOnWhiteSite
24631,21,21
timeStep,numberOfRobotsOnBlackSite,numberOfRobotsOnWhiteSite
24632,21,21
timeStep,numberOfRobotsOnBlackSite,numberOfRobotsOnWhiteSite
24633,21,21
timeStep,numberOfRobotsOnBlackSite,numberOfRobotsOnWhiteSite
24634,21,21
timeStep,numberOfRobotsOnBlackSite,numberOfRobotsOnWhiteSite
24635,21,21
timeStep,numberOfRobotsOnBlackSite,numberOfRobotsOnWhiteSite
24636,21,21
timeStep,numberOfRobotsOnBlackSite,numberOfRobotsOnWhiteSite
24637,21,21
timeStep,numberOfRobotsOnBlackSite,numberOfRobotsOnWhiteSite
24638,21,21
timeStep,numberOfRobotsOnBlackSite,numberOfRobotsOnWhiteSite
24639,21,21
timeStep,numberOfRobotsOnBlackSite,numberOfRobotsOnWhiteSite
24640,21,21
timeStep,numberOfRobotsOnBlackSite,numberOfRobotsOnWhiteSite
24641,21,21
timeStep,numberOfRobotsOnBlackSite,numberOfRobotsOnWhiteSite
24642,21,21
timeStep,numberOfRobotsOnBlackSite,numberOfRobotsOnWhiteSite
24643,21,21
timeStep,numberOfRobotsOnBlackSite,numberOfRobotsOnWhiteSite
24644,21,21
timeStep,numberOfRobotsOnBlackSite,numberOfRobotsOnWhiteSite
24645,21,21
timeStep,numberOfRobotsOnBlackSite,numberOfRobotsOnWhiteSite
24646,21,21
timeStep,numberOfRobotsOnBlackSite,numberOfRobotsOnWhiteSite
24647,21,21
timeStep,numberOfRobotsOnBlackSite,numberOfRobotsOnWhiteSite
24648,21,21
timeStep,numberOfRobotsOnBlackSite,numberOfRobotsOnWhiteSite
24649,21,21
timeStep,numberOfRobotsOnBlackSite,numberOfRobotsOnWhiteSite
24650,21,21
timeStep,numberOfRobotsOnBlackSite,numberOfRobotsOnWhiteSite
24651,21,21
timeStep,numberOfRobotsOnBlackSite,numberOfRobotsOnWhiteSite
24652,21,21
timeStep,numberOfRobotsOnBlackSite,numberOfRobotsOnWhiteSite
24653,21,21
timeStep,numberOfRobotsOnBlackSite,numberOfRobotsOnWhiteSite
24654,21,21
timeStep,numberOfRobotsOnBlackSite,numberOfRobotsOnWhiteSite
24655,21,21
timeStep,numberOfRobotsOnBlackSite,numberOfRobotsOnWhiteSite
24656,21,21
timeStep,numberOfRobotsOnBlackSite,numberOfRobotsOnWhiteSite
24657,21,21
timeStep,numberOfRobotsOnBlackSite,numberOfRobotsOnWhiteSite
24658,21,21
timeStep,numberOfRobotsOnBlackSite,numberOfRobotsOnWhiteSite
24659,21,21
timeStep,numberOfRobotsOnBlackSite,numberOfRobotsOnWhiteSite
24660,21,21
timeStep,numberOfRobotsOnBlackSite,numberOfRobotsOnWhiteSite
24661,21,21
timeStep,numberOfRobotsOnBlackSite,numberOfRobotsOnWhiteSite
24662,21,21
timeStep,numberOfRobotsOnBlackSite,numberOfRobotsOnWhiteSite
24663,21,21
timeStep,numberOfRobotsOnBlackSite,numberOfRobotsOnWhiteSite
24664,21,21
timeStep,numberOfRobotsOnBlackSite,numberOfRobotsOnWhiteSite
24665,21,21
timeStep,numberOfRobotsOnBlackSite,numberOfRobotsOnWhiteSite
24666,21,21
timeStep,numberOfRobotsOnBlackSite,numberOfRobotsOnWhiteSite
24667,21,21
timeStep,numberOfRobotsOnBlackSite,numberOfRobotsOnWhiteSite
24668,21,21
timeStep,numberOfRobotsOnBlackSite,numberOfRobotsOnWhiteSite
24669,21,21
timeStep,numberOfRobotsOnBlackSite,numberOfRobotsOnWhiteSite
24670,21,21
timeStep,numberOfRobotsOnBlackSite,numberOfRobotsOnWhiteSite
24671,21,21
timeStep,numberOfRobotsOnBlackSite,numberOfRobotsOnWhiteSite
24672,21,21
timeStep,numberOfRobotsOnBlackSite,numberOfRobotsOnWhiteSite
24673,21,21
timeStep,numberOfRobotsOnBlackSite,numberOfRobotsOnWhiteSite
24674,21,21
timeStep,numberOfRobotsOnBlackSite,numberOfRobotsOnWhiteSite
24675,21,21
timeStep,numberOfRobotsOnBlackSite,numberOfRobotsOnWhiteSite
24676,21,21
timeStep,numberOfRobotsOnBlackSite,numberOfRobotsOnWhiteSite
24677,21,21
timeStep,numberOfRobotsOnBlackSite,numberOfRobotsOnWhiteSite
24678,21,21
timeStep,numberOfRobotsOnBlackSite,numberOfRobotsOnWhiteSite
24679,21,21
timeStep,numberOfRobotsOnBlackSite,numberOfRobotsOnWhiteSite
24680,21,21
timeStep,numberOfRobotsOnBlackSite,numberOfRobotsOnWhiteSite
24681,21,21
timeStep,numberOfRobotsOnBlackSite,numberOfRobotsOnWhiteSite
24682,21,21
timeStep,numberOfRobotsOnBlackSite,numberOfRobotsOnWhiteSite
24683,21,21
timeStep,numberOfRobotsOnBlackSite,numberOfRobotsOnWhiteSite
24684,21,21
timeStep,numberOfRobotsOnBlackSite,numberOfRobotsOnWhiteSite
24685,21,21
timeStep,numberOfRobotsOnBlackSite,numberOfRobotsOnWhiteSite
24686,21,21
timeStep,numberOfRobotsOnBlackSite,numberOfRobotsOnWhiteSite
24687,21,21
timeStep,numberOfRobotsOnBlackSite,numberOfRobotsOnWhiteSite
24688,21,21
timeStep,numberOfRobotsOnBlackSite,numberOfRobotsOnWhiteSite
24689,21,21
timeStep,numberOfRobotsOnBlackSite,numberOfRobotsOnWhiteSite
24690,21,21
timeStep,numberOfRobotsOnBlackSite,numberOfRobotsOnWhiteSite
24691,21,21
timeStep,numberOfRobotsOnBlackSite,numberOfRobotsOnWhiteSite
24692,21,21
timeStep,numberOfRobotsOnBlackSite,numberOfRobotsOnWhiteSite
24693,21,21
timeStep,numberOfRobotsOnBlackSite,numberOfRobotsOnWhiteSite
24694,21,21
timeStep,numberOfRobotsOnBlackSite,numberOfRobotsOnWhiteSite
24695,21,21
timeStep,numberOfRobotsOnBlackSite,numberOfRobotsOnWhiteSite
24696,21,21
timeStep,numberOfRobotsOnBlackSite,numberOfRobotsOnWhiteSite
24697,21,21
timeStep,numberOfRobotsOnBlackSite,numberOfRobotsOnWhiteSite
24698,21,21
timeStep,numberOfRobotsOnBlackSite,numberOfRobotsOnWhiteSite
24699,21,21
timeStep,numberOfRobotsOnBlackSite,numberOfRobotsOnWhiteSite
24700,21,21
timeStep,numberOfRobotsOnBlackSite,numberOfRobotsOnWhiteSite
24701,21,21
timeStep,numberOfRobotsOnBlackSite,numberOfRobotsOnWhiteSite
24702,21,21
timeStep,numberOfRobotsOnBlackSite,numberOfRobotsOnWhiteSite
24703,21,21
timeStep,numberOfRobotsOnBlackSite,numberOfRobotsOnWhiteSite
24704,21,21
timeStep,numberOfRobotsOnBlackSite,numberOfRobotsOnWhiteSite
24705,21,21
timeStep,numberOfRobotsOnBlackSite,numberOfRobotsOnWhiteSite
24706,21,21
timeStep,numberOfRobotsOnBlackSite,numberOfRobotsOnWhiteSite
24707,21,21
timeStep,numberOfRobotsOnBlackSite,numberOfRobotsOnWhiteSite
24708,21,21
timeStep,numberOfRobotsOnBlackSite,numberOfRobotsOnWhiteSite
24709,21,21
timeStep,numberOfRobotsOnBlackSite,numberOfRobotsOnWhiteSite
24710,21,21
timeStep,numberOfRobotsOnBlackSite,numberOfRobotsOnWhiteSite
24711,21,21
timeStep,numberOfRobotsOnBlackSite,numberOfRobotsOnWhiteSite
24712,21,21
timeStep,numberOfRobotsOnBlackSite,numberOfRobotsOnWhiteSite
24713,21,21
timeStep,numberOfRobotsOnBlackSite,numberOfRobotsOnWhiteSite
24714,21,21
timeStep,numberOfRobotsOnBlackSite,numberOfRobotsOnWhiteSite
24715,21,21
timeStep,numberOfRobotsOnBlackSite,numberOfRobotsOnWhiteSite
24716,21,21
timeStep,numberOfRobotsOnBlackSite,numberOfRobotsOnWhiteSite
24717,21,21
timeStep,numberOfRobotsOnBlackSite,numberOfRobotsOnWhiteSite
24718,21,21
timeStep,numberOfRobotsOnBlackSite,numberOfRobotsOnWhiteSite
24719,21,21
timeStep,numberOfRobotsOnBlackSite,numberOfRobotsOnWhiteSite
24720,21,21
timeStep,numberOfRobotsOnBlackSite,numberOfRobotsOnWhiteSite
24721,21,21
timeStep,numberOfRobotsOnBlackSite,numberOfRobotsOnWhiteSite
24722,21,21
timeStep,numberOfRobotsOnBlackSite,numberOfRobotsOnWhiteSite
24723,21,21
timeStep,numberOfRobotsOnBlackSite,numberOfRobotsOnWhiteSite
24724,21,21
timeStep,numberOfRobotsOnBlackSite,numberOfRobotsOnWhiteSite
24725,21,21
timeStep,numberOfRobotsOnBlackSite,numberOfRobotsOnWhiteSite
24726,21,21
timeStep,numberOfRobotsOnBlackSite,numberOfRobotsOnWhiteSite
24727,21,21
timeStep,numberOfRobotsOnBlackSite,numberOfRobotsOnWhiteSite
24728,21,21
timeStep,numberOfRobotsOnBlackSite,numberOfRobotsOnWhiteSite
24729,21,21
timeStep,numberOfRobotsOnBlackSite,numberOfRobotsOnWhiteSite
24730,21,21
timeStep,numberOfRobotsOnBlackSite,numberOfRobotsOnWhiteSite
24731,21,21
timeStep,numberOfRobotsOnBlackSite,numberOfRobotsOnWhiteSite
24732,21,21
timeStep,numberOfRobotsOnBlackSite,numberOfRobotsOnWhiteSite
24733,21,21
timeStep,numberOfRobotsOnBlackSite,numberOfRobotsOnWhiteSite
24734,21,21
timeStep,numberOfRobotsOnBlackSite,numberOfRobotsOnWhiteSite
24735,21,21
timeStep,numberOfRobotsOnBlackSite,numberOfRobotsOnWhiteSite
24736,21,21
timeStep,numberOfRobotsOnBlackSite,numberOfRobotsOnWhiteSite
24737,21,21
timeStep,numberOfRobotsOnBlackSite,numberOfRobotsOnWhiteSite
24738,21,21
timeStep,numberOfRobotsOnBlackSite,numberOfRobotsOnWhiteSite
24739,21,21
timeStep,numberOfRobotsOnBlackSite,numberOfRobotsOnWhiteSite
24740,21,21
timeStep,numberOfRobotsOnBlackSite,numberOfRobotsOnWhiteSite
24741,21,21
timeStep,numberOfRobotsOnBlackSite,numberOfRobotsOnWhiteSite
24742,21,21
timeStep,numberOfRobotsOnBlackSite,numberOfRobotsOnWhiteSite
24743,21,21
timeStep,numberOfRobotsOnBlackSite,numberOfRobotsOnWhiteSite
24744,21,21
timeStep,numberOfRobotsOnBlackSite,numberOfRobotsOnWhiteSite
24745,21,21
timeStep,numberOfRobotsOnBlackSite,numberOfRobotsOnWhiteSite
24746,21,21
timeStep,numberOfRobotsOnBlackSite,numberOfRobotsOnWhiteSite
24747,21,21
timeStep,numberOfRobotsOnBlackSite,numberOfRobotsOnWhiteSite
24748,21,21
timeStep,numberOfRobotsOnBlackSite,numberOfRobotsOnWhiteSite
24749,21,21
timeStep,numberOfRobotsOnBlackSite,numberOfRobotsOnWhiteSite
24750,21,21
timeStep,numberOfRobotsOnBlackSite,numberOfRobotsOnWhiteSite
24751,21,21
timeStep,numberOfRobotsOnBlackSite,numberOfRobotsOnWhiteSite
24752,21,21
timeStep,numberOfRobotsOnBlackSite,numberOfRobotsOnWhiteSite
24753,21,21
timeStep,numberOfRobotsOnBlackSite,numberOfRobotsOnWhiteSite
24754,21,21
timeStep,numberOfRobotsOnBlackSite,numberOfRobotsOnWhiteSite
24755,21,21
timeStep,numberOfRobotsOnBlackSite,numberOfRobotsOnWhiteSite
24756,21,21
timeStep,numberOfRobotsOnBlackSite,numberOfRobotsOnWhiteSite
24757,21,21
timeStep,numberOfRobotsOnBlackSite,numberOfRobotsOnWhiteSite
24758,21,21
timeStep,numberOfRobotsOnBlackSite,numberOfRobotsOnWhiteSite
24759,21,21
timeStep,numberOfRobotsOnBlackSite,numberOfRobotsOnWhiteSite
24760,21,21
timeStep,numberOfRobotsOnBlackSite,numberOfRobotsOnWhiteSite
24761,21,21
timeStep,numberOfRobotsOnBlackSite,numberOfRobotsOnWhiteSite
24762,21,21
timeStep,numberOfRobotsOnBlackSite,numberOfRobotsOnWhiteSite
24763,21,21
timeStep,numberOfRobotsOnBlackSite,numberOfRobotsOnWhiteSite
24764,21,21
timeStep,numberOfRobotsOnBlackSite,numberOfRobotsOnWhiteSite
24765,21,21
timeStep,numberOfRobotsOnBlackSite,numberOfRobotsOnWhiteSite
24766,21,21
timeStep,numberOfRobotsOnBlackSite,numberOfRobotsOnWhiteSite
24767,21,21
timeStep,numberOfRobotsOnBlackSite,numberOfRobotsOnWhiteSite
24768,21,21
timeStep,numberOfRobotsOnBlackSite,numberOfRobotsOnWhiteSite
24769,21,21
timeStep,numberOfRobotsOnBlackSite,numberOfRobotsOnWhiteSite
24770,21,21
timeStep,numberOfRobotsOnBlackSite,numberOfRobotsOnWhiteSite
24771,21,21
timeStep,numberOfRobotsOnBlackSite,numberOfRobotsOnWhiteSite
24772,21,21
timeStep,numberOfRobotsOnBlackSite,numberOfRobotsOnWhiteSite
24773,21,21
timeStep,numberOfRobotsOnBlackSite,numberOfRobotsOnWhiteSite
24774,21,21
timeStep,numberOfRobotsOnBlackSite,numberOfRobotsOnWhiteSite
24775,21,21
timeStep,numberOfRobotsOnBlackSite,numberOfRobotsOnWhiteSite
24776,21,21
timeStep,numberOfRobotsOnBlackSite,numberOfRobotsOnWhiteSite
24777,21,21
timeStep,numberOfRobotsOnBlackSite,numberOfRobotsOnWhiteSite
24778,21,21
timeStep,numberOfRobotsOnBlackSite,numberOfRobotsOnWhiteSite
24779,21,21
timeStep,numberOfRobotsOnBlackSite,numberOfRobotsOnWhiteSite
24780,21,21
timeStep,numberOfRobotsOnBlackSite,numberOfRobotsOnWhiteSite
24781,21,21
timeStep,numberOfRobotsOnBlackSite,numberOfRobotsOnWhiteSite
24782,21,21
timeStep,numberOfRobotsOnBlackSite,numberOfRobotsOnWhiteSite
24783,21,21
timeStep,numberOfRobotsOnBlackSite,numberOfRobotsOnWhiteSite
24784,21,21
timeStep,numberOfRobotsOnBlackSite,numberOfRobotsOnWhiteSite
24785,21,21
timeStep,numberOfRobotsOnBlackSite,numberOfRobotsOnWhiteSite
24786,21,21
timeStep,numberOfRobotsOnBlackSite,numberOfRobotsOnWhiteSite
24787,21,21
timeStep,numberOfRobotsOnBlackSite,numberOfRobotsOnWhiteSite
24788,21,21
timeStep,numberOfRobotsOnBlackSite,numberOfRobotsOnWhiteSite
24789,21,21
timeStep,numberOfRobotsOnBlackSite,numberOfRobotsOnWhiteSite
24790,21,21
timeStep,numberOfRobotsOnBlackSite,numberOfRobotsOnWhiteSite
24791,21,21
timeStep,numberOfRobotsOnBlackSite,numberOfRobotsOnWhiteSite
24792,21,21
timeStep,numberOfRobotsOnBlackSite,numberOfRobotsOnWhiteSite
24793,21,21
timeStep,numberOfRobotsOnBlackSite,numberOfRobotsOnWhiteSite
24794,21,21
timeStep,numberOfRobotsOnBlackSite,numberOfRobotsOnWhiteSite
24795,21,21
timeStep,numberOfRobotsOnBlackSite,numberOfRobotsOnWhiteSite
24796,21,21
timeStep,numberOfRobotsOnBlackSite,numberOfRobotsOnWhiteSite
24797,21,21
timeStep,numberOfRobotsOnBlackSite,numberOfRobotsOnWhiteSite
24798,21,21
timeStep,numberOfRobotsOnBlackSite,numberOfRobotsOnWhiteSite
24799,21,21
timeStep,numberOfRobotsOnBlackSite,numberOfRobotsOnWhiteSite
24800,21,21
timeStep,numberOfRobotsOnBlackSite,numberOfRobotsOnWhiteSite
24801,21,21
timeStep,numberOfRobotsOnBlackSite,numberOfRobotsOnWhiteSite
24802,21,21
timeStep,numberOfRobotsOnBlackSite,numberOfRobotsOnWhiteSite
24803,21,21
timeStep,numberOfRobotsOnBlackSite,numberOfRobotsOnWhiteSite
24804,21,21
timeStep,numberOfRobotsOnBlackSite,numberOfRobotsOnWhiteSite
24805,21,21
timeStep,numberOfRobotsOnBlackSite,numberOfRobotsOnWhiteSite
24806,21,21
timeStep,numberOfRobotsOnBlackSite,numberOfRobotsOnWhiteSite
24807,21,21
timeStep,numberOfRobotsOnBlackSite,numberOfRobotsOnWhiteSite
24808,21,21
timeStep,numberOfRobotsOnBlackSite,numberOfRobotsOnWhiteSite
24809,21,21
timeStep,numberOfRobotsOnBlackSite,numberOfRobotsOnWhiteSite
24810,21,21
timeStep,numberOfRobotsOnBlackSite,numberOfRobotsOnWhiteSite
24811,21,21
timeStep,numberOfRobotsOnBlackSite,numberOfRobotsOnWhiteSite
24812,21,21
timeStep,numberOfRobotsOnBlackSite,numberOfRobotsOnWhiteSite
24813,21,21
timeStep,numberOfRobotsOnBlackSite,numberOfRobotsOnWhiteSite
24814,21,21
timeStep,numberOfRobotsOnBlackSite,numberOfRobotsOnWhiteSite
24815,21,21
timeStep,numberOfRobotsOnBlackSite,numberOfRobotsOnWhiteSite
24816,21,21
timeStep,numberOfRobotsOnBlackSite,numberOfRobotsOnWhiteSite
24817,21,21
timeStep,numberOfRobotsOnBlackSite,numberOfRobotsOnWhiteSite
24818,21,21
timeStep,numberOfRobotsOnBlackSite,numberOfRobotsOnWhiteSite
24819,21,21
timeStep,numberOfRobotsOnBlackSite,numberOfRobotsOnWhiteSite
24820,21,21
timeStep,numberOfRobotsOnBlackSite,numberOfRobotsOnWhiteSite
24821,21,21
timeStep,numberOfRobotsOnBlackSite,numberOfRobotsOnWhiteSite
24822,21,21
timeStep,numberOfRobotsOnBlackSite,numberOfRobotsOnWhiteSite
24823,21,21
timeStep,numberOfRobotsOnBlackSite,numberOfRobotsOnWhiteSite
24824,21,21
timeStep,numberOfRobotsOnBlackSite,numberOfRobotsOnWhiteSite
24825,21,21
timeStep,numberOfRobotsOnBlackSite,numberOfRobotsOnWhiteSite
24826,21,21
timeStep,numberOfRobotsOnBlackSite,numberOfRobotsOnWhiteSite
24827,21,21
timeStep,numberOfRobotsOnBlackSite,numberOfRobotsOnWhiteSite
24828,21,21
timeStep,numberOfRobotsOnBlackSite,numberOfRobotsOnWhiteSite
24829,21,21
timeStep,numberOfRobotsOnBlackSite,numberOfRobotsOnWhiteSite
24830,21,20
timeStep,numberOfRobotsOnBlackSite,numberOfRobotsOnWhiteSite
24831,21,20
timeStep,numberOfRobotsOnBlackSite,numberOfRobotsOnWhiteSite
24832,21,20
timeStep,numberOfRobotsOnBlackSite,numberOfRobotsOnWhiteSite
24833,21,20
timeStep,numberOfRobotsOnBlackSite,numberOfRobotsOnWhiteSite
24834,21,20
timeStep,numberOfRobotsOnBlackSite,numberOfRobotsOnWhiteSite
24835,21,20
timeStep,numberOfRobotsOnBlackSite,numberOfRobotsOnWhiteSite
24836,21,20
timeStep,numberOfRobotsOnBlackSite,numberOfRobotsOnWhiteSite
24837,21,20
timeStep,numberOfRobotsOnBlackSite,numberOfRobotsOnWhiteSite
24838,21,20
timeStep,numberOfRobotsOnBlackSite,numberOfRobotsOnWhiteSite
24839,21,20
timeStep,numberOfRobotsOnBlackSite,numberOfRobotsOnWhiteSite
24840,21,20
timeStep,numberOfRobotsOnBlackSite,numberOfRobotsOnWhiteSite
24841,21,20
timeStep,numberOfRobotsOnBlackSite,numberOfRobotsOnWhiteSite
24842,21,20
timeStep,numberOfRobotsOnBlackSite,numberOfRobotsOnWhiteSite
24843,21,20
timeStep,numberOfRobotsOnBlackSite,numberOfRobotsOnWhiteSite
24844,21,20
timeStep,numberOfRobotsOnBlackSite,numberOfRobotsOnWhiteSite
24845,21,20
timeStep,numberOfRobotsOnBlackSite,numberOfRobotsOnWhiteSite
24846,21,20
timeStep,numberOfRobotsOnBlackSite,numberOfRobotsOnWhiteSite
24847,21,20
timeStep,numberOfRobotsOnBlackSite,numberOfRobotsOnWhiteSite
24848,21,20
timeStep,numberOfRobotsOnBlackSite,numberOfRobotsOnWhiteSite
24849,21,20
timeStep,numberOfRobotsOnBlackSite,numberOfRobotsOnWhiteSite
24850,21,20
timeStep,numberOfRobotsOnBlackSite,numberOfRobotsOnWhiteSite
24851,21,20
timeStep,numberOfRobotsOnBlackSite,numberOfRobotsOnWhiteSite
24852,21,20
timeStep,numberOfRobotsOnBlackSite,numberOfRobotsOnWhiteSite
24853,21,20
timeStep,numberOfRobotsOnBlackSite,numberOfRobotsOnWhiteSite
24854,21,20
timeStep,numberOfRobotsOnBlackSite,numberOfRobotsOnWhiteSite
24855,21,19
timeStep,numberOfRobotsOnBlackSite,numberOfRobotsOnWhiteSite
24856,21,19
timeStep,numberOfRobotsOnBlackSite,numberOfRobotsOnWhiteSite
24857,21,19
timeStep,numberOfRobotsOnBlackSite,numberOfRobotsOnWhiteSite
24858,21,19
timeStep,numberOfRobotsOnBlackSite,numberOfRobotsOnWhiteSite
24859,21,19
timeStep,numberOfRobotsOnBlackSite,numberOfRobotsOnWhiteSite
24860,21,19
timeStep,numberOfRobotsOnBlackSite,numberOfRobotsOnWhiteSite
24861,21,19
timeStep,numberOfRobotsOnBlackSite,numberOfRobotsOnWhiteSite
24862,21,19
timeStep,numberOfRobotsOnBlackSite,numberOfRobotsOnWhiteSite
24863,21,19
timeStep,numberOfRobotsOnBlackSite,numberOfRobotsOnWhiteSite
24864,21,19
timeStep,numberOfRobotsOnBlackSite,numberOfRobotsOnWhiteSite
24865,21,19
timeStep,numberOfRobotsOnBlackSite,numberOfRobotsOnWhiteSite
24866,21,19
timeStep,numberOfRobotsOnBlackSite,numberOfRobotsOnWhiteSite
24867,21,19
timeStep,numberOfRobotsOnBlackSite,numberOfRobotsOnWhiteSite
24868,21,19
timeStep,numberOfRobotsOnBlackSite,numberOfRobotsOnWhiteSite
24869,21,19
timeStep,numberOfRobotsOnBlackSite,numberOfRobotsOnWhiteSite
24870,21,19
timeStep,numberOfRobotsOnBlackSite,numberOfRobotsOnWhiteSite
24871,21,19
timeStep,numberOfRobotsOnBlackSite,numberOfRobotsOnWhiteSite
24872,21,19
timeStep,numberOfRobotsOnBlackSite,numberOfRobotsOnWhiteSite
24873,21,19
timeStep,numberOfRobotsOnBlackSite,numberOfRobotsOnWhiteSite
24874,21,19
timeStep,numberOfRobotsOnBlackSite,numberOfRobotsOnWhiteSite
24875,21,19
timeStep,numberOfRobotsOnBlackSite,numberOfRobotsOnWhiteSite
24876,21,19
timeStep,numberOfRobotsOnBlackSite,numberOfRobotsOnWhiteSite
24877,21,19
timeStep,numberOfRobotsOnBlackSite,numberOfRobotsOnWhiteSite
24878,21,19
timeStep,numberOfRobotsOnBlackSite,numberOfRobotsOnWhiteSite
24879,21,19
timeStep,numberOfRobotsOnBlackSite,numberOfRobotsOnWhiteSite
24880,21,19
timeStep,numberOfRobotsOnBlackSite,numberOfRobotsOnWhiteSite
24881,21,19
timeStep,numberOfRobotsOnBlackSite,numberOfRobotsOnWhiteSite
24882,21,19
timeStep,numberOfRobotsOnBlackSite,numberOfRobotsOnWhiteSite
24883,21,19
timeStep,numberOfRobotsOnBlackSite,numberOfRobotsOnWhiteSite
24884,21,19
timeStep,numberOfRobotsOnBlackSite,numberOfRobotsOnWhiteSite
24885,21,20
timeStep,numberOfRobotsOnBlackSite,numberOfRobotsOnWhiteSite
24886,21,20
timeStep,numberOfRobotsOnBlackSite,numberOfRobotsOnWhiteSite
24887,21,20
timeStep,numberOfRobotsOnBlackSite,numberOfRobotsOnWhiteSite
24888,21,20
timeStep,numberOfRobotsOnBlackSite,numberOfRobotsOnWhiteSite
24889,21,20
timeStep,numberOfRobotsOnBlackSite,numberOfRobotsOnWhiteSite
24890,21,20
timeStep,numberOfRobotsOnBlackSite,numberOfRobotsOnWhiteSite
24891,21,20
timeStep,numberOfRobotsOnBlackSite,numberOfRobotsOnWhiteSite
24892,21,20
timeStep,numberOfRobotsOnBlackSite,numberOfRobotsOnWhiteSite
24893,21,20
timeStep,numberOfRobotsOnBlackSite,numberOfRobotsOnWhiteSite
24894,21,20
timeStep,numberOfRobotsOnBlackSite,numberOfRobotsOnWhiteSite
24895,21,20
timeStep,numberOfRobotsOnBlackSite,numberOfRobotsOnWhiteSite
24896,21,20
timeStep,numberOfRobotsOnBlackSite,numberOfRobotsOnWhiteSite
24897,21,20
timeStep,numberOfRobotsOnBlackSite,numberOfRobotsOnWhiteSite
24898,21,20
timeStep,numberOfRobotsOnBlackSite,numberOfRobotsOnWhiteSite
24899,21,20
timeStep,numberOfRobotsOnBlackSite,numberOfRobotsOnWhiteSite
24900,21,20
timeStep,numberOfRobotsOnBlackSite,numberOfRobotsOnWhiteSite
24901,21,20
timeStep,numberOfRobotsOnBlackSite,numberOfRobotsOnWhiteSite
24902,21,20
timeStep,numberOfRobotsOnBlackSite,numberOfRobotsOnWhiteSite
24903,21,20
timeStep,numberOfRobotsOnBlackSite,numberOfRobotsOnWhiteSite
24904,21,20
timeStep,numberOfRobotsOnBlackSite,numberOfRobotsOnWhiteSite
24905,21,20
timeStep,numberOfRobotsOnBlackSite,numberOfRobotsOnWhiteSite
24906,21,20
timeStep,numberOfRobotsOnBlackSite,numberOfRobotsOnWhiteSite
24907,21,20
timeStep,numberOfRobotsOnBlackSite,numberOfRobotsOnWhiteSite
24908,21,20
timeStep,numberOfRobotsOnBlackSite,numberOfRobotsOnWhiteSite
24909,21,20
timeStep,numberOfRobotsOnBlackSite,numberOfRobotsOnWhiteSite
24910,21,20
timeStep,numberOfRobotsOnBlackSite,numberOfRobotsOnWhiteSite
24911,21,20
timeStep,numberOfRobotsOnBlackSite,numberOfRobotsOnWhiteSite
24912,21,20
timeStep,numberOfRobotsOnBlackSite,numberOfRobotsOnWhiteSite
24913,21,20
timeStep,numberOfRobotsOnBlackSite,numberOfRobotsOnWhiteSite
24914,21,20
timeStep,numberOfRobotsOnBlackSite,numberOfRobotsOnWhiteSite
24915,21,20
timeStep,numberOfRobotsOnBlackSite,numberOfRobotsOnWhiteSite
24916,21,20
timeStep,numberOfRobotsOnBlackSite,numberOfRobotsOnWhiteSite
24917,21,20
timeStep,numberOfRobotsOnBlackSite,numberOfRobotsOnWhiteSite
24918,21,20
timeStep,numberOfRobotsOnBlackSite,numberOfRobotsOnWhiteSite
24919,21,20
timeStep,numberOfRobotsOnBlackSite,numberOfRobotsOnWhiteSite
24920,21,20
timeStep,numberOfRobotsOnBlackSite,numberOfRobotsOnWhiteSite
24921,21,20
timeStep,numberOfRobotsOnBlackSite,numberOfRobotsOnWhiteSite
24922,21,20
timeStep,numberOfRobotsOnBlackSite,numberOfRobotsOnWhiteSite
24923,21,20
timeStep,numberOfRobotsOnBlackSite,numberOfRobotsOnWhiteSite
24924,21,20
timeStep,numberOfRobotsOnBlackSite,numberOfRobotsOnWhiteSite
24925,21,20
timeStep,numberOfRobotsOnBlackSite,numberOfRobotsOnWhiteSite
24926,21,20
timeStep,numberOfRobotsOnBlackSite,numberOfRobotsOnWhiteSite
24927,21,20
timeStep,numberOfRobotsOnBlackSite,numberOfRobotsOnWhiteSite
24928,21,20
timeStep,numberOfRobotsOnBlackSite,numberOfRobotsOnWhiteSite
24929,21,20
timeStep,numberOfRobotsOnBlackSite,numberOfRobotsOnWhiteSite
24930,21,20
timeStep,numberOfRobotsOnBlackSite,numberOfRobotsOnWhiteSite
24931,21,20
timeStep,numberOfRobotsOnBlackSite,numberOfRobotsOnWhiteSite
24932,21,20
timeStep,numberOfRobotsOnBlackSite,numberOfRobotsOnWhiteSite
24933,21,20
timeStep,numberOfRobotsOnBlackSite,numberOfRobotsOnWhiteSite
24934,21,20
timeStep,numberOfRobotsOnBlackSite,numberOfRobotsOnWhiteSite
24935,21,20
timeStep,numberOfRobotsOnBlackSite,numberOfRobotsOnWhiteSite
24936,21,20
timeStep,numberOfRobotsOnBlackSite,numberOfRobotsOnWhiteSite
24937,21,20
timeStep,numberOfRobotsOnBlackSite,numberOfRobotsOnWhiteSite
24938,21,20
timeStep,numberOfRobotsOnBlackSite,numberOfRobotsOnWhiteSite
24939,21,20
timeStep,numberOfRobotsOnBlackSite,numberOfRobotsOnWhiteSite
24940,21,20
timeStep,numberOfRobotsOnBlackSite,numberOfRobotsOnWhiteSite
24941,21,20
timeStep,numberOfRobotsOnBlackSite,numberOfRobotsOnWhiteSite
24942,21,20
timeStep,numberOfRobotsOnBlackSite,numberOfRobotsOnWhiteSite
24943,21,20
timeStep,numberOfRobotsOnBlackSite,numberOfRobotsOnWhiteSite
24944,21,20
timeStep,numberOfRobotsOnBlackSite,numberOfRobotsOnWhiteSite
24945,21,20
timeStep,numberOfRobotsOnBlackSite,numberOfRobotsOnWhiteSite
24946,21,20
timeStep,numberOfRobotsOnBlackSite,numberOfRobotsOnWhiteSite
24947,21,20
timeStep,numberOfRobotsOnBlackSite,numberOfRobotsOnWhiteSite
24948,21,20
timeStep,numberOfRobotsOnBlackSite,numberOfRobotsOnWhiteSite
24949,21,20
timeStep,numberOfRobotsOnBlackSite,numberOfRobotsOnWhiteSite
24950,21,20
timeStep,numberOfRobotsOnBlackSite,numberOfRobotsOnWhiteSite
24951,21,20
timeStep,numberOfRobotsOnBlackSite,numberOfRobotsOnWhiteSite
24952,21,20
timeStep,numberOfRobotsOnBlackSite,numberOfRobotsOnWhiteSite
24953,21,20
timeStep,numberOfRobotsOnBlackSite,numberOfRobotsOnWhiteSite
24954,21,20
timeStep,numberOfRobotsOnBlackSite,numberOfRobotsOnWhiteSite
24955,21,20
timeStep,numberOfRobotsOnBlackSite,numberOfRobotsOnWhiteSite
24956,21,20
timeStep,numberOfRobotsOnBlackSite,numberOfRobotsOnWhiteSite
24957,21,20
timeStep,numberOfRobotsOnBlackSite,numberOfRobotsOnWhiteSite
24958,21,20
timeStep,numberOfRobotsOnBlackSite,numberOfRobotsOnWhiteSite
24959,21,20
timeStep,numberOfRobotsOnBlackSite,numberOfRobotsOnWhiteSite
24960,21,20
timeStep,numberOfRobotsOnBlackSite,numberOfRobotsOnWhiteSite
24961,21,20
timeStep,numberOfRobotsOnBlackSite,numberOfRobotsOnWhiteSite
24962,21,20
timeStep,numberOfRobotsOnBlackSite,numberOfRobotsOnWhiteSite
24963,21,20
timeStep,numberOfRobotsOnBlackSite,numberOfRobotsOnWhiteSite
24964,21,20
timeStep,numberOfRobotsOnBlackSite,numberOfRobotsOnWhiteSite
24965,21,20
timeStep,numberOfRobotsOnBlackSite,numberOfRobotsOnWhiteSite
24966,21,20
timeStep,numberOfRobotsOnBlackSite,numberOfRobotsOnWhiteSite
24967,21,20
timeStep,numberOfRobotsOnBlackSite,numberOfRobotsOnWhiteSite
24968,21,20
timeStep,numberOfRobotsOnBlackSite,numberOfRobotsOnWhiteSite
24969,21,20
timeStep,numberOfRobotsOnBlackSite,numberOfRobotsOnWhiteSite
24970,21,20
timeStep,numberOfRobotsOnBlackSite,numberOfRobotsOnWhiteSite
24971,21,20
timeStep,numberOfRobotsOnBlackSite,numberOfRobotsOnWhiteSite
24972,21,20
timeStep,numberOfRobotsOnBlackSite,numberOfRobotsOnWhiteSite
24973,21,20
timeStep,numberOfRobotsOnBlackSite,numberOfRobotsOnWhiteSite
24974,21,20
timeStep,numberOfRobotsOnBlackSite,numberOfRobotsOnWhiteSite
24975,21,20
timeStep,numberOfRobotsOnBlackSite,numberOfRobotsOnWhiteSite
24976,21,20
timeStep,numberOfRobotsOnBlackSite,numberOfRobotsOnWhiteSite
24977,21,20
timeStep,numberOfRobotsOnBlackSite,numberOfRobotsOnWhiteSite
24978,21,20
timeStep,numberOfRobotsOnBlackSite,numberOfRobotsOnWhiteSite
24979,21,20
timeStep,numberOfRobotsOnBlackSite,numberOfRobotsOnWhiteSite
24980,21,20
timeStep,numberOfRobotsOnBlackSite,numberOfRobotsOnWhiteSite
24981,21,20
timeStep,numberOfRobotsOnBlackSite,numberOfRobotsOnWhiteSite
24982,21,20
timeStep,numberOfRobotsOnBlackSite,numberOfRobotsOnWhiteSite
24983,21,20
timeStep,numberOfRobotsOnBlackSite,numberOfRobotsOnWhiteSite
24984,21,20
timeStep,numberOfRobotsOnBlackSite,numberOfRobotsOnWhiteSite
24985,21,20
timeStep,numberOfRobotsOnBlackSite,numberOfRobotsOnWhiteSite
24986,21,20
timeStep,numberOfRobotsOnBlackSite,numberOfRobotsOnWhiteSite
24987,21,20
timeStep,numberOfRobotsOnBlackSite,numberOfRobotsOnWhiteSite
24988,21,20
timeStep,numberOfRobotsOnBlackSite,numberOfRobotsOnWhiteSite
24989,21,20
timeStep,numberOfRobotsOnBlackSite,numberOfRobotsOnWhiteSite
24990,21,20
timeStep,numberOfRobotsOnBlackSite,numberOfRobotsOnWhiteSite
24991,21,20
timeStep,numberOfRobotsOnBlackSite,numberOfRobotsOnWhiteSite
24992,21,20
timeStep,numberOfRobotsOnBlackSite,numberOfRobotsOnWhiteSite
24993,21,20
timeStep,numberOfRobotsOnBlackSite,numberOfRobotsOnWhiteSite
24994,21,20
timeStep,numberOfRobotsOnBlackSite,numberOfRobotsOnWhiteSite
24995,21,19
timeStep,numberOfRobotsOnBlackSite,numberOfRobotsOnWhiteSite
24996,21,19
timeStep,numberOfRobotsOnBlackSite,numberOfRobotsOnWhiteSite
24997,21,19
timeStep,numberOfRobotsOnBlackSite,numberOfRobotsOnWhiteSite
24998,21,19
timeStep,numberOfRobotsOnBlackSite,numberOfRobotsOnWhiteSite
24999,21,19
timeStep,numberOfRobotsOnBlackSite,numberOfRobotsOnWhiteSite
25000,21,19
timeStep,numberOfRobotsOnBlackSite,numberOfRobotsOnWhiteSite
25001,21,19
timeStep,numberOfRobotsOnBlackSite,numberOfRobotsOnWhiteSite
25002,21,19
timeStep,numberOfRobotsOnBlackSite,numberOfRobotsOnWhiteSite
25003,21,19
timeStep,numberOfRobotsOnBlackSite,numberOfRobotsOnWhiteSite
25004,21,19
timeStep,numberOfRobotsOnBlackSite,numberOfRobotsOnWhiteSite
25005,21,19
timeStep,numberOfRobotsOnBlackSite,numberOfRobotsOnWhiteSite
25006,21,19
timeStep,numberOfRobotsOnBlackSite,numberOfRobotsOnWhiteSite
25007,21,19
timeStep,numberOfRobotsOnBlackSite,numberOfRobotsOnWhiteSite
25008,21,19
timeStep,numberOfRobotsOnBlackSite,numberOfRobotsOnWhiteSite
25009,21,19
timeStep,numberOfRobotsOnBlackSite,numberOfRobotsOnWhiteSite
25010,21,19
timeStep,numberOfRobotsOnBlackSite,numberOfRobotsOnWhiteSite
25011,21,19
timeStep,numberOfRobotsOnBlackSite,numberOfRobotsOnWhiteSite
25012,21,19
timeStep,numberOfRobotsOnBlackSite,numberOfRobotsOnWhiteSite
25013,21,19
timeStep,numberOfRobotsOnBlackSite,numberOfRobotsOnWhiteSite
25014,21,19
timeStep,numberOfRobotsOnBlackSite,numberOfRobotsOnWhiteSite
25015,21,19
timeStep,numberOfRobotsOnBlackSite,numberOfRobotsOnWhiteSite
25016,21,19
timeStep,numberOfRobotsOnBlackSite,numberOfRobotsOnWhiteSite
25017,21,19
timeStep,numberOfRobotsOnBlackSite,numberOfRobotsOnWhiteSite
25018,21,19
timeStep,numberOfRobotsOnBlackSite,numberOfRobotsOnWhiteSite
25019,21,19
timeStep,numberOfRobotsOnBlackSite,numberOfRobotsOnWhiteSite
25020,21,19
timeStep,numberOfRobotsOnBlackSite,numberOfRobotsOnWhiteSite
25021,21,19
timeStep,numberOfRobotsOnBlackSite,numberOfRobotsOnWhiteSite
25022,21,19
timeStep,numberOfRobotsOnBlackSite,numberOfRobotsOnWhiteSite
25023,21,19
timeStep,numberOfRobotsOnBlackSite,numberOfRobotsOnWhiteSite
25024,21,19
timeStep,numberOfRobotsOnBlackSite,numberOfRobotsOnWhiteSite
25025,21,19
timeStep,numberOfRobotsOnBlackSite,numberOfRobotsOnWhiteSite
25026,21,19
timeStep,numberOfRobotsOnBlackSite,numberOfRobotsOnWhiteSite
25027,21,19
timeStep,numberOfRobotsOnBlackSite,numberOfRobotsOnWhiteSite
25028,21,19
timeStep,numberOfRobotsOnBlackSite,numberOfRobotsOnWhiteSite
25029,21,19
timeStep,numberOfRobotsOnBlackSite,numberOfRobotsOnWhiteSite
25030,21,19
timeStep,numberOfRobotsOnBlackSite,numberOfRobotsOnWhiteSite
25031,21,19
timeStep,numberOfRobotsOnBlackSite,numberOfRobotsOnWhiteSite
25032,21,19
timeStep,numberOfRobotsOnBlackSite,numberOfRobotsOnWhiteSite
25033,21,19
timeStep,numberOfRobotsOnBlackSite,numberOfRobotsOnWhiteSite
25034,21,19
timeStep,numberOfRobotsOnBlackSite,numberOfRobotsOnWhiteSite
25035,21,19
timeStep,numberOfRobotsOnBlackSite,numberOfRobotsOnWhiteSite
25036,21,19
timeStep,numberOfRobotsOnBlackSite,numberOfRobotsOnWhiteSite
25037,21,19
timeStep,numberOfRobotsOnBlackSite,numberOfRobotsOnWhiteSite
25038,21,19
timeStep,numberOfRobotsOnBlackSite,numberOfRobotsOnWhiteSite
25039,21,19
timeStep,numberOfRobotsOnBlackSite,numberOfRobotsOnWhiteSite
25040,21,19
timeStep,numberOfRobotsOnBlackSite,numberOfRobotsOnWhiteSite
25041,21,19
timeStep,numberOfRobotsOnBlackSite,numberOfRobotsOnWhiteSite
25042,21,19
timeStep,numberOfRobotsOnBlackSite,numberOfRobotsOnWhiteSite
25043,21,19
timeStep,numberOfRobotsOnBlackSite,numberOfRobotsOnWhiteSite
25044,21,19
timeStep,numberOfRobotsOnBlackSite,numberOfRobotsOnWhiteSite
25045,21,18
timeStep,numberOfRobotsOnBlackSite,numberOfRobotsOnWhiteSite
25046,21,18
timeStep,numberOfRobotsOnBlackSite,numberOfRobotsOnWhiteSite
25047,21,18
timeStep,numberOfRobotsOnBlackSite,numberOfRobotsOnWhiteSite
25048,21,18
timeStep,numberOfRobotsOnBlackSite,numberOfRobotsOnWhiteSite
25049,21,18
timeStep,numberOfRobotsOnBlackSite,numberOfRobotsOnWhiteSite
25050,21,18
timeStep,numberOfRobotsOnBlackSite,numberOfRobotsOnWhiteSite
25051,21,18
timeStep,numberOfRobotsOnBlackSite,numberOfRobotsOnWhiteSite
25052,21,18
timeStep,numberOfRobotsOnBlackSite,numberOfRobotsOnWhiteSite
25053,21,18
timeStep,numberOfRobotsOnBlackSite,numberOfRobotsOnWhiteSite
25054,21,18
timeStep,numberOfRobotsOnBlackSite,numberOfRobotsOnWhiteSite
25055,21,18
timeStep,numberOfRobotsOnBlackSite,numberOfRobotsOnWhiteSite
25056,21,18
timeStep,numberOfRobotsOnBlackSite,numberOfRobotsOnWhiteSite
25057,21,18
timeStep,numberOfRobotsOnBlackSite,numberOfRobotsOnWhiteSite
25058,21,18
timeStep,numberOfRobotsOnBlackSite,numberOfRobotsOnWhiteSite
25059,21,18
timeStep,numberOfRobotsOnBlackSite,numberOfRobotsOnWhiteSite
25060,21,18
timeStep,numberOfRobotsOnBlackSite,numberOfRobotsOnWhiteSite
25061,21,18
timeStep,numberOfRobotsOnBlackSite,numberOfRobotsOnWhiteSite
25062,21,18
timeStep,numberOfRobotsOnBlackSite,numberOfRobotsOnWhiteSite
25063,21,18
timeStep,numberOfRobotsOnBlackSite,numberOfRobotsOnWhiteSite
25064,21,18
timeStep,numberOfRobotsOnBlackSite,numberOfRobotsOnWhiteSite
25065,21,18
timeStep,numberOfRobotsOnBlackSite,numberOfRobotsOnWhiteSite
25066,21,18
timeStep,numberOfRobotsOnBlackSite,numberOfRobotsOnWhiteSite
25067,21,18
timeStep,numberOfRobotsOnBlackSite,numberOfRobotsOnWhiteSite
25068,21,18
timeStep,numberOfRobotsOnBlackSite,numberOfRobotsOnWhiteSite
25069,21,18
timeStep,numberOfRobotsOnBlackSite,numberOfRobotsOnWhiteSite
25070,22,19
timeStep,numberOfRobotsOnBlackSite,numberOfRobotsOnWhiteSite
25071,22,19
timeStep,numberOfRobotsOnBlackSite,numberOfRobotsOnWhiteSite
25072,22,19
timeStep,numberOfRobotsOnBlackSite,numberOfRobotsOnWhiteSite
25073,22,19
timeStep,numberOfRobotsOnBlackSite,numberOfRobotsOnWhiteSite
25074,22,19
timeStep,numberOfRobotsOnBlackSite,numberOfRobotsOnWhiteSite
25075,22,19
timeStep,numberOfRobotsOnBlackSite,numberOfRobotsOnWhiteSite
25076,22,19
timeStep,numberOfRobotsOnBlackSite,numberOfRobotsOnWhiteSite
25077,22,19
timeStep,numberOfRobotsOnBlackSite,numberOfRobotsOnWhiteSite
25078,22,19
timeStep,numberOfRobotsOnBlackSite,numberOfRobotsOnWhiteSite
25079,22,19
timeStep,numberOfRobotsOnBlackSite,numberOfRobotsOnWhiteSite
25080,22,19
timeStep,numberOfRobotsOnBlackSite,numberOfRobotsOnWhiteSite
25081,22,19
timeStep,numberOfRobotsOnBlackSite,numberOfRobotsOnWhiteSite
25082,22,19
timeStep,numberOfRobotsOnBlackSite,numberOfRobotsOnWhiteSite
25083,22,19
timeStep,numberOfRobotsOnBlackSite,numberOfRobotsOnWhiteSite
25084,22,19
timeStep,numberOfRobotsOnBlackSite,numberOfRobotsOnWhiteSite
25085,22,19
timeStep,numberOfRobotsOnBlackSite,numberOfRobotsOnWhiteSite
25086,22,19
timeStep,numberOfRobotsOnBlackSite,numberOfRobotsOnWhiteSite
25087,22,19
timeStep,numberOfRobotsOnBlackSite,numberOfRobotsOnWhiteSite
25088,22,19
timeStep,numberOfRobotsOnBlackSite,numberOfRobotsOnWhiteSite
25089,22,19
timeStep,numberOfRobotsOnBlackSite,numberOfRobotsOnWhiteSite
25090,22,19
timeStep,numberOfRobotsOnBlackSite,numberOfRobotsOnWhiteSite
25091,22,19
timeStep,numberOfRobotsOnBlackSite,numberOfRobotsOnWhiteSite
25092,22,19
timeStep,numberOfRobotsOnBlackSite,numberOfRobotsOnWhiteSite
25093,22,19
timeStep,numberOfRobotsOnBlackSite,numberOfRobotsOnWhiteSite
25094,22,19
timeStep,numberOfRobotsOnBlackSite,numberOfRobotsOnWhiteSite
25095,22,19
timeStep,numberOfRobotsOnBlackSite,numberOfRobotsOnWhiteSite
25096,22,19
timeStep,numberOfRobotsOnBlackSite,numberOfRobotsOnWhiteSite
25097,22,19
timeStep,numberOfRobotsOnBlackSite,numberOfRobotsOnWhiteSite
25098,22,19
timeStep,numberOfRobotsOnBlackSite,numberOfRobotsOnWhiteSite
25099,22,19
timeStep,numberOfRobotsOnBlackSite,numberOfRobotsOnWhiteSite
25100,22,19
timeStep,numberOfRobotsOnBlackSite,numberOfRobotsOnWhiteSite
25101,22,19
timeStep,numberOfRobotsOnBlackSite,numberOfRobotsOnWhiteSite
25102,22,19
timeStep,numberOfRobotsOnBlackSite,numberOfRobotsOnWhiteSite
25103,22,19
timeStep,numberOfRobotsOnBlackSite,numberOfRobotsOnWhiteSite
25104,22,19
timeStep,numberOfRobotsOnBlackSite,numberOfRobotsOnWhiteSite
25105,21,19
timeStep,numberOfRobotsOnBlackSite,numberOfRobotsOnWhiteSite
25106,21,19
timeStep,numberOfRobotsOnBlackSite,numberOfRobotsOnWhiteSite
25107,21,19
timeStep,numberOfRobotsOnBlackSite,numberOfRobotsOnWhiteSite
25108,21,19
timeStep,numberOfRobotsOnBlackSite,numberOfRobotsOnWhiteSite
25109,21,19
timeStep,numberOfRobotsOnBlackSite,numberOfRobotsOnWhiteSite
25110,21,19
timeStep,numberOfRobotsOnBlackSite,numberOfRobotsOnWhiteSite
25111,21,19
timeStep,numberOfRobotsOnBlackSite,numberOfRobotsOnWhiteSite
25112,21,19
timeStep,numberOfRobotsOnBlackSite,numberOfRobotsOnWhiteSite
25113,21,19
timeStep,numberOfRobotsOnBlackSite,numberOfRobotsOnWhiteSite
25114,21,19
timeStep,numberOfRobotsOnBlackSite,numberOfRobotsOnWhiteSite
25115,21,19
timeStep,numberOfRobotsOnBlackSite,numberOfRobotsOnWhiteSite
25116,21,19
timeStep,numberOfRobotsOnBlackSite,numberOfRobotsOnWhiteSite
25117,21,19
timeStep,numberOfRobotsOnBlackSite,numberOfRobotsOnWhiteSite
25118,21,19
timeStep,numberOfRobotsOnBlackSite,numberOfRobotsOnWhiteSite
25119,21,19
timeStep,numberOfRobotsOnBlackSite,numberOfRobotsOnWhiteSite
25120,21,19
timeStep,numberOfRobotsOnBlackSite,numberOfRobotsOnWhiteSite
25121,21,19
timeStep,numberOfRobotsOnBlackSite,numberOfRobotsOnWhiteSite
25122,21,19
timeStep,numberOfRobotsOnBlackSite,numberOfRobotsOnWhiteSite
25123,21,19
timeStep,numberOfRobotsOnBlackSite,numberOfRobotsOnWhiteSite
25124,21,19
timeStep,numberOfRobotsOnBlackSite,numberOfRobotsOnWhiteSite
25125,21,19
timeStep,numberOfRobotsOnBlackSite,numberOfRobotsOnWhiteSite
25126,21,19
timeStep,numberOfRobotsOnBlackSite,numberOfRobotsOnWhiteSite
25127,21,19
timeStep,numberOfRobotsOnBlackSite,numberOfRobotsOnWhiteSite
25128,21,19
timeStep,numberOfRobotsOnBlackSite,numberOfRobotsOnWhiteSite
25129,21,19
timeStep,numberOfRobotsOnBlackSite,numberOfRobotsOnWhiteSite
25130,21,19
timeStep,numberOfRobotsOnBlackSite,numberOfRobotsOnWhiteSite
25131,21,19
timeStep,numberOfRobotsOnBlackSite,numberOfRobotsOnWhiteSite
25132,21,19
timeStep,numberOfRobotsOnBlackSite,numberOfRobotsOnWhiteSite
25133,21,19
timeStep,numberOfRobotsOnBlackSite,numberOfRobotsOnWhiteSite
25134,21,19
timeStep,numberOfRobotsOnBlackSite,numberOfRobotsOnWhiteSite
25135,21,20
timeStep,numberOfRobotsOnBlackSite,numberOfRobotsOnWhiteSite
25136,21,20
timeStep,numberOfRobotsOnBlackSite,numberOfRobotsOnWhiteSite
25137,21,20
timeStep,numberOfRobotsOnBlackSite,numberOfRobotsOnWhiteSite
25138,21,20
timeStep,numberOfRobotsOnBlackSite,numberOfRobotsOnWhiteSite
25139,21,20
timeStep,numberOfRobotsOnBlackSite,numberOfRobotsOnWhiteSite
25140,21,20
timeStep,numberOfRobotsOnBlackSite,numberOfRobotsOnWhiteSite
25141,21,20
timeStep,numberOfRobotsOnBlackSite,numberOfRobotsOnWhiteSite
25142,21,20
timeStep,numberOfRobotsOnBlackSite,numberOfRobotsOnWhiteSite
25143,21,20
timeStep,numberOfRobotsOnBlackSite,numberOfRobotsOnWhiteSite
25144,21,20
timeStep,numberOfRobotsOnBlackSite,numberOfRobotsOnWhiteSite
25145,21,20
timeStep,numberOfRobotsOnBlackSite,numberOfRobotsOnWhiteSite
25146,21,20
timeStep,numberOfRobotsOnBlackSite,numberOfRobotsOnWhiteSite
25147,21,20
timeStep,numberOfRobotsOnBlackSite,numberOfRobotsOnWhiteSite
25148,21,20
timeStep,numberOfRobotsOnBlackSite,numberOfRobotsOnWhiteSite
25149,21,20
timeStep,numberOfRobotsOnBlackSite,numberOfRobotsOnWhiteSite
25150,21,20
timeStep,numberOfRobotsOnBlackSite,numberOfRobotsOnWhiteSite
25151,21,20
timeStep,numberOfRobotsOnBlackSite,numberOfRobotsOnWhiteSite
25152,21,20
timeStep,numberOfRobotsOnBlackSite,numberOfRobotsOnWhiteSite
25153,21,20
timeStep,numberOfRobotsOnBlackSite,numberOfRobotsOnWhiteSite
25154,21,20
timeStep,numberOfRobotsOnBlackSite,numberOfRobotsOnWhiteSite
25155,21,20
timeStep,numberOfRobotsOnBlackSite,numberOfRobotsOnWhiteSite
25156,21,20
timeStep,numberOfRobotsOnBlackSite,numberOfRobotsOnWhiteSite
25157,21,20
timeStep,numberOfRobotsOnBlackSite,numberOfRobotsOnWhiteSite
25158,21,20
timeStep,numberOfRobotsOnBlackSite,numberOfRobotsOnWhiteSite
25159,21,20
timeStep,numberOfRobotsOnBlackSite,numberOfRobotsOnWhiteSite
25160,21,20
timeStep,numberOfRobotsOnBlackSite,numberOfRobotsOnWhiteSite
25161,21,20
timeStep,numberOfRobotsOnBlackSite,numberOfRobotsOnWhiteSite
25162,21,20
timeStep,numberOfRobotsOnBlackSite,numberOfRobotsOnWhiteSite
25163,21,20
timeStep,numberOfRobotsOnBlackSite,numberOfRobotsOnWhiteSite
25164,21,20
timeStep,numberOfRobotsOnBlackSite,numberOfRobotsOnWhiteSite
25165,21,20
timeStep,numberOfRobotsOnBlackSite,numberOfRobotsOnWhiteSite
25166,21,20
timeStep,numberOfRobotsOnBlackSite,numberOfRobotsOnWhiteSite
25167,21,20
timeStep,numberOfRobotsOnBlackSite,numberOfRobotsOnWhiteSite
25168,21,20
timeStep,numberOfRobotsOnBlackSite,numberOfRobotsOnWhiteSite
25169,21,20
timeStep,numberOfRobotsOnBlackSite,numberOfRobotsOnWhiteSite
25170,21,20
timeStep,numberOfRobotsOnBlackSite,numberOfRobotsOnWhiteSite
25171,21,20
timeStep,numberOfRobotsOnBlackSite,numberOfRobotsOnWhiteSite
25172,21,20
timeStep,numberOfRobotsOnBlackSite,numberOfRobotsOnWhiteSite
25173,21,20
timeStep,numberOfRobotsOnBlackSite,numberOfRobotsOnWhiteSite
25174,21,20
timeStep,numberOfRobotsOnBlackSite,numberOfRobotsOnWhiteSite
25175,21,20
timeStep,numberOfRobotsOnBlackSite,numberOfRobotsOnWhiteSite
25176,21,20
timeStep,numberOfRobotsOnBlackSite,numberOfRobotsOnWhiteSite
25177,21,20
timeStep,numberOfRobotsOnBlackSite,numberOfRobotsOnWhiteSite
25178,21,20
timeStep,numberOfRobotsOnBlackSite,numberOfRobotsOnWhiteSite
25179,21,20
timeStep,numberOfRobotsOnBlackSite,numberOfRobotsOnWhiteSite
25180,21,20
timeStep,numberOfRobotsOnBlackSite,numberOfRobotsOnWhiteSite
25181,21,20
timeStep,numberOfRobotsOnBlackSite,numberOfRobotsOnWhiteSite
25182,21,20
timeStep,numberOfRobotsOnBlackSite,numberOfRobotsOnWhiteSite
25183,21,20
timeStep,numberOfRobotsOnBlackSite,numberOfRobotsOnWhiteSite
25184,21,20
timeStep,numberOfRobotsOnBlackSite,numberOfRobotsOnWhiteSite
25185,21,21
timeStep,numberOfRobotsOnBlackSite,numberOfRobotsOnWhiteSite
25186,21,21
timeStep,numberOfRobotsOnBlackSite,numberOfRobotsOnWhiteSite
25187,21,21
timeStep,numberOfRobotsOnBlackSite,numberOfRobotsOnWhiteSite
25188,21,21
timeStep,numberOfRobotsOnBlackSite,numberOfRobotsOnWhiteSite
25189,21,21
timeStep,numberOfRobotsOnBlackSite,numberOfRobotsOnWhiteSite
25190,21,21
timeStep,numberOfRobotsOnBlackSite,numberOfRobotsOnWhiteSite
25191,21,21
timeStep,numberOfRobotsOnBlackSite,numberOfRobotsOnWhiteSite
25192,21,21
timeStep,numberOfRobotsOnBlackSite,numberOfRobotsOnWhiteSite
25193,21,21
timeStep,numberOfRobotsOnBlackSite,numberOfRobotsOnWhiteSite
25194,21,21
timeStep,numberOfRobotsOnBlackSite,numberOfRobotsOnWhiteSite
25195,21,21
timeStep,numberOfRobotsOnBlackSite,numberOfRobotsOnWhiteSite
25196,21,21
timeStep,numberOfRobotsOnBlackSite,numberOfRobotsOnWhiteSite
25197,21,21
timeStep,numberOfRobotsOnBlackSite,numberOfRobotsOnWhiteSite
25198,21,21
timeStep,numberOfRobotsOnBlackSite,numberOfRobotsOnWhiteSite
25199,21,21
timeStep,numberOfRobotsOnBlackSite,numberOfRobotsOnWhiteSite
25200,21,21
timeStep,numberOfRobotsOnBlackSite,numberOfRobotsOnWhiteSite
25201,21,21
timeStep,numberOfRobotsOnBlackSite,numberOfRobotsOnWhiteSite
25202,21,21
timeStep,numberOfRobotsOnBlackSite,numberOfRobotsOnWhiteSite
25203,21,21
timeStep,numberOfRobotsOnBlackSite,numberOfRobotsOnWhiteSite
25204,21,21
timeStep,numberOfRobotsOnBlackSite,numberOfRobotsOnWhiteSite
25205,21,21
timeStep,numberOfRobotsOnBlackSite,numberOfRobotsOnWhiteSite
25206,21,21
timeStep,numberOfRobotsOnBlackSite,numberOfRobotsOnWhiteSite
25207,21,21
timeStep,numberOfRobotsOnBlackSite,numberOfRobotsOnWhiteSite
25208,21,21
timeStep,numberOfRobotsOnBlackSite,numberOfRobotsOnWhiteSite
25209,21,21
timeStep,numberOfRobotsOnBlackSite,numberOfRobotsOnWhiteSite
25210,21,21
timeStep,numberOfRobotsOnBlackSite,numberOfRobotsOnWhiteSite
25211,21,21
timeStep,numberOfRobotsOnBlackSite,numberOfRobotsOnWhiteSite
25212,21,21
timeStep,numberOfRobotsOnBlackSite,numberOfRobotsOnWhiteSite
25213,21,21
timeStep,numberOfRobotsOnBlackSite,numberOfRobotsOnWhiteSite
25214,21,21
timeStep,numberOfRobotsOnBlackSite,numberOfRobotsOnWhiteSite
25215,20,21
timeStep,numberOfRobotsOnBlackSite,numberOfRobotsOnWhiteSite
25216,20,21
timeStep,numberOfRobotsOnBlackSite,numberOfRobotsOnWhiteSite
25217,20,21
timeStep,numberOfRobotsOnBlackSite,numberOfRobotsOnWhiteSite
25218,20,21
timeStep,numberOfRobotsOnBlackSite,numberOfRobotsOnWhiteSite
25219,20,21
timeStep,numberOfRobotsOnBlackSite,numberOfRobotsOnWhiteSite
25220,20,21
timeStep,numberOfRobotsOnBlackSite,numberOfRobotsOnWhiteSite
25221,20,21
timeStep,numberOfRobotsOnBlackSite,numberOfRobotsOnWhiteSite
25222,20,21
timeStep,numberOfRobotsOnBlackSite,numberOfRobotsOnWhiteSite
25223,20,21
timeStep,numberOfRobotsOnBlackSite,numberOfRobotsOnWhiteSite
25224,20,21
timeStep,numberOfRobotsOnBlackSite,numberOfRobotsOnWhiteSite
25225,20,21
timeStep,numberOfRobotsOnBlackSite,numberOfRobotsOnWhiteSite
25226,20,21
timeStep,numberOfRobotsOnBlackSite,numberOfRobotsOnWhiteSite
25227,20,21
timeStep,numberOfRobotsOnBlackSite,numberOfRobotsOnWhiteSite
25228,20,21
timeStep,numberOfRobotsOnBlackSite,numberOfRobotsOnWhiteSite
25229,20,21
timeStep,numberOfRobotsOnBlackSite,numberOfRobotsOnWhiteSite
25230,20,21
timeStep,numberOfRobotsOnBlackSite,numberOfRobotsOnWhiteSite
25231,20,21
timeStep,numberOfRobotsOnBlackSite,numberOfRobotsOnWhiteSite
25232,20,21
timeStep,numberOfRobotsOnBlackSite,numberOfRobotsOnWhiteSite
25233,20,21
timeStep,numberOfRobotsOnBlackSite,numberOfRobotsOnWhiteSite
25234,20,21
timeStep,numberOfRobotsOnBlackSite,numberOfRobotsOnWhiteSite
25235,20,20
timeStep,numberOfRobotsOnBlackSite,numberOfRobotsOnWhiteSite
25236,20,20
timeStep,numberOfRobotsOnBlackSite,numberOfRobotsOnWhiteSite
25237,20,20
timeStep,numberOfRobotsOnBlackSite,numberOfRobotsOnWhiteSite
25238,20,20
timeStep,numberOfRobotsOnBlackSite,numberOfRobotsOnWhiteSite
25239,20,20
timeStep,numberOfRobotsOnBlackSite,numberOfRobotsOnWhiteSite
25240,20,20
timeStep,numberOfRobotsOnBlackSite,numberOfRobotsOnWhiteSite
25241,20,20
timeStep,numberOfRobotsOnBlackSite,numberOfRobotsOnWhiteSite
25242,20,20
timeStep,numberOfRobotsOnBlackSite,numberOfRobotsOnWhiteSite
25243,20,20
timeStep,numberOfRobotsOnBlackSite,numberOfRobotsOnWhiteSite
25244,20,20
timeStep,numberOfRobotsOnBlackSite,numberOfRobotsOnWhiteSite
25245,20,20
timeStep,numberOfRobotsOnBlackSite,numberOfRobotsOnWhiteSite
25246,20,20
timeStep,numberOfRobotsOnBlackSite,numberOfRobotsOnWhiteSite
25247,20,20
timeStep,numberOfRobotsOnBlackSite,numberOfRobotsOnWhiteSite
25248,20,20
timeStep,numberOfRobotsOnBlackSite,numberOfRobotsOnWhiteSite
25249,20,20
timeStep,numberOfRobotsOnBlackSite,numberOfRobotsOnWhiteSite
25250,20,20
timeStep,numberOfRobotsOnBlackSite,numberOfRobotsOnWhiteSite
25251,20,20
timeStep,numberOfRobotsOnBlackSite,numberOfRobotsOnWhiteSite
25252,20,20
timeStep,numberOfRobotsOnBlackSite,numberOfRobotsOnWhiteSite
25253,20,20
timeStep,numberOfRobotsOnBlackSite,numberOfRobotsOnWhiteSite
25254,20,20
timeStep,numberOfRobotsOnBlackSite,numberOfRobotsOnWhiteSite
25255,20,20
timeStep,numberOfRobotsOnBlackSite,numberOfRobotsOnWhiteSite
25256,20,20
timeStep,numberOfRobotsOnBlackSite,numberOfRobotsOnWhiteSite
25257,20,20
timeStep,numberOfRobotsOnBlackSite,numberOfRobotsOnWhiteSite
25258,20,20
timeStep,numberOfRobotsOnBlackSite,numberOfRobotsOnWhiteSite
25259,20,20
timeStep,numberOfRobotsOnBlackSite,numberOfRobotsOnWhiteSite
25260,20,20
timeStep,numberOfRobotsOnBlackSite,numberOfRobotsOnWhiteSite
25261,20,20
timeStep,numberOfRobotsOnBlackSite,numberOfRobotsOnWhiteSite
25262,20,20
timeStep,numberOfRobotsOnBlackSite,numberOfRobotsOnWhiteSite
25263,20,20
timeStep,numberOfRobotsOnBlackSite,numberOfRobotsOnWhiteSite
25264,20,20
timeStep,numberOfRobotsOnBlackSite,numberOfRobotsOnWhiteSite
25265,20,20
timeStep,numberOfRobotsOnBlackSite,numberOfRobotsOnWhiteSite
25266,20,20
timeStep,numberOfRobotsOnBlackSite,numberOfRobotsOnWhiteSite
25267,20,20
timeStep,numberOfRobotsOnBlackSite,numberOfRobotsOnWhiteSite
25268,20,20
timeStep,numberOfRobotsOnBlackSite,numberOfRobotsOnWhiteSite
25269,20,20
timeStep,numberOfRobotsOnBlackSite,numberOfRobotsOnWhiteSite
25270,20,20
timeStep,numberOfRobotsOnBlackSite,numberOfRobotsOnWhiteSite
25271,20,20
timeStep,numberOfRobotsOnBlackSite,numberOfRobotsOnWhiteSite
25272,20,20
timeStep,numberOfRobotsOnBlackSite,numberOfRobotsOnWhiteSite
25273,20,20
timeStep,numberOfRobotsOnBlackSite,numberOfRobotsOnWhiteSite
25274,20,20
timeStep,numberOfRobotsOnBlackSite,numberOfRobotsOnWhiteSite
25275,20,20
timeStep,numberOfRobotsOnBlackSite,numberOfRobotsOnWhiteSite
25276,20,20
timeStep,numberOfRobotsOnBlackSite,numberOfRobotsOnWhiteSite
25277,20,20
timeStep,numberOfRobotsOnBlackSite,numberOfRobotsOnWhiteSite
25278,20,20
timeStep,numberOfRobotsOnBlackSite,numberOfRobotsOnWhiteSite
25279,20,20
timeStep,numberOfRobotsOnBlackSite,numberOfRobotsOnWhiteSite
25280,21,20
timeStep,numberOfRobotsOnBlackSite,numberOfRobotsOnWhiteSite
25281,21,20
timeStep,numberOfRobotsOnBlackSite,numberOfRobotsOnWhiteSite
25282,21,20
timeStep,numberOfRobotsOnBlackSite,numberOfRobotsOnWhiteSite
25283,21,20
timeStep,numberOfRobotsOnBlackSite,numberOfRobotsOnWhiteSite
25284,21,20
timeStep,numberOfRobotsOnBlackSite,numberOfRobotsOnWhiteSite
25285,21,20
timeStep,numberOfRobotsOnBlackSite,numberOfRobotsOnWhiteSite
25286,21,20
timeStep,numberOfRobotsOnBlackSite,numberOfRobotsOnWhiteSite
25287,21,20
timeStep,numberOfRobotsOnBlackSite,numberOfRobotsOnWhiteSite
25288,21,20
timeStep,numberOfRobotsOnBlackSite,numberOfRobotsOnWhiteSite
25289,21,20
timeStep,numberOfRobotsOnBlackSite,numberOfRobotsOnWhiteSite
25290,21,20
timeStep,numberOfRobotsOnBlackSite,numberOfRobotsOnWhiteSite
25291,21,20
timeStep,numberOfRobotsOnBlackSite,numberOfRobotsOnWhiteSite
25292,21,20
timeStep,numberOfRobotsOnBlackSite,numberOfRobotsOnWhiteSite
25293,21,20
timeStep,numberOfRobotsOnBlackSite,numberOfRobotsOnWhiteSite
25294,21,20
timeStep,numberOfRobotsOnBlackSite,numberOfRobotsOnWhiteSite
25295,20,20
timeStep,numberOfRobotsOnBlackSite,numberOfRobotsOnWhiteSite
25296,20,20
timeStep,numberOfRobotsOnBlackSite,numberOfRobotsOnWhiteSite
25297,20,20
timeStep,numberOfRobotsOnBlackSite,numberOfRobotsOnWhiteSite
25298,20,20
timeStep,numberOfRobotsOnBlackSite,numberOfRobotsOnWhiteSite
25299,20,20
timeStep,numberOfRobotsOnBlackSite,numberOfRobotsOnWhiteSite
25300,20,20
timeStep,numberOfRobotsOnBlackSite,numberOfRobotsOnWhiteSite
25301,20,20
timeStep,numberOfRobotsOnBlackSite,numberOfRobotsOnWhiteSite
25302,20,20
timeStep,numberOfRobotsOnBlackSite,numberOfRobotsOnWhiteSite
25303,20,20
timeStep,numberOfRobotsOnBlackSite,numberOfRobotsOnWhiteSite
25304,20,20
timeStep,numberOfRobotsOnBlackSite,numberOfRobotsOnWhiteSite
25305,20,20
timeStep,numberOfRobotsOnBlackSite,numberOfRobotsOnWhiteSite
25306,20,20
timeStep,numberOfRobotsOnBlackSite,numberOfRobotsOnWhiteSite
25307,20,20
timeStep,numberOfRobotsOnBlackSite,numberOfRobotsOnWhiteSite
25308,20,20
timeStep,numberOfRobotsOnBlackSite,numberOfRobotsOnWhiteSite
25309,20,20
timeStep,numberOfRobotsOnBlackSite,numberOfRobotsOnWhiteSite
25310,20,20
timeStep,numberOfRobotsOnBlackSite,numberOfRobotsOnWhiteSite
25311,20,20
timeStep,numberOfRobotsOnBlackSite,numberOfRobotsOnWhiteSite
25312,20,20
timeStep,numberOfRobotsOnBlackSite,numberOfRobotsOnWhiteSite
25313,20,20
timeStep,numberOfRobotsOnBlackSite,numberOfRobotsOnWhiteSite
25314,20,20
timeStep,numberOfRobotsOnBlackSite,numberOfRobotsOnWhiteSite
25315,20,20
timeStep,numberOfRobotsOnBlackSite,numberOfRobotsOnWhiteSite
25316,20,20
timeStep,numberOfRobotsOnBlackSite,numberOfRobotsOnWhiteSite
25317,20,20
timeStep,numberOfRobotsOnBlackSite,numberOfRobotsOnWhiteSite
25318,20,20
timeStep,numberOfRobotsOnBlackSite,numberOfRobotsOnWhiteSite
25319,20,20
timeStep,numberOfRobotsOnBlackSite,numberOfRobotsOnWhiteSite
25320,20,20
timeStep,numberOfRobotsOnBlackSite,numberOfRobotsOnWhiteSite
25321,20,20
timeStep,numberOfRobotsOnBlackSite,numberOfRobotsOnWhiteSite
25322,20,20
timeStep,numberOfRobotsOnBlackSite,numberOfRobotsOnWhiteSite
25323,20,20
timeStep,numberOfRobotsOnBlackSite,numberOfRobotsOnWhiteSite
25324,20,20
timeStep,numberOfRobotsOnBlackSite,numberOfRobotsOnWhiteSite
25325,20,20
timeStep,numberOfRobotsOnBlackSite,numberOfRobotsOnWhiteSite
25326,20,20
timeStep,numberOfRobotsOnBlackSite,numberOfRobotsOnWhiteSite
25327,20,20
timeStep,numberOfRobotsOnBlackSite,numberOfRobotsOnWhiteSite
25328,20,20
timeStep,numberOfRobotsOnBlackSite,numberOfRobotsOnWhiteSite
25329,20,20
timeStep,numberOfRobotsOnBlackSite,numberOfRobotsOnWhiteSite
25330,20,20
timeStep,numberOfRobotsOnBlackSite,numberOfRobotsOnWhiteSite
25331,20,20
timeStep,numberOfRobotsOnBlackSite,numberOfRobotsOnWhiteSite
25332,20,20
timeStep,numberOfRobotsOnBlackSite,numberOfRobotsOnWhiteSite
25333,20,20
timeStep,numberOfRobotsOnBlackSite,numberOfRobotsOnWhiteSite
25334,20,20
timeStep,numberOfRobotsOnBlackSite,numberOfRobotsOnWhiteSite
25335,20,20
timeStep,numberOfRobotsOnBlackSite,numberOfRobotsOnWhiteSite
25336,20,20
timeStep,numberOfRobotsOnBlackSite,numberOfRobotsOnWhiteSite
25337,20,20
timeStep,numberOfRobotsOnBlackSite,numberOfRobotsOnWhiteSite
25338,20,20
timeStep,numberOfRobotsOnBlackSite,numberOfRobotsOnWhiteSite
25339,20,20
timeStep,numberOfRobotsOnBlackSite,numberOfRobotsOnWhiteSite
25340,20,20
timeStep,numberOfRobotsOnBlackSite,numberOfRobotsOnWhiteSite
25341,20,20
timeStep,numberOfRobotsOnBlackSite,numberOfRobotsOnWhiteSite
25342,20,20
timeStep,numberOfRobotsOnBlackSite,numberOfRobotsOnWhiteSite
25343,20,20
timeStep,numberOfRobotsOnBlackSite,numberOfRobotsOnWhiteSite
25344,20,20
timeStep,numberOfRobotsOnBlackSite,numberOfRobotsOnWhiteSite
25345,20,20
timeStep,numberOfRobotsOnBlackSite,numberOfRobotsOnWhiteSite
25346,20,20
timeStep,numberOfRobotsOnBlackSite,numberOfRobotsOnWhiteSite
25347,20,20
timeStep,numberOfRobotsOnBlackSite,numberOfRobotsOnWhiteSite
25348,20,20
timeStep,numberOfRobotsOnBlackSite,numberOfRobotsOnWhiteSite
25349,20,20
timeStep,numberOfRobotsOnBlackSite,numberOfRobotsOnWhiteSite
25350,19,20
timeStep,numberOfRobotsOnBlackSite,numberOfRobotsOnWhiteSite
25351,19,20
timeStep,numberOfRobotsOnBlackSite,numberOfRobotsOnWhiteSite
25352,19,20
timeStep,numberOfRobotsOnBlackSite,numberOfRobotsOnWhiteSite
25353,19,20
timeStep,numberOfRobotsOnBlackSite,numberOfRobotsOnWhiteSite
25354,19,20
timeStep,numberOfRobotsOnBlackSite,numberOfRobotsOnWhiteSite
25355,20,20
timeStep,numberOfRobotsOnBlackSite,numberOfRobotsOnWhiteSite
25356,20,20
timeStep,numberOfRobotsOnBlackSite,numberOfRobotsOnWhiteSite
25357,20,20
timeStep,numberOfRobotsOnBlackSite,numberOfRobotsOnWhiteSite
25358,20,20
timeStep,numberOfRobotsOnBlackSite,numberOfRobotsOnWhiteSite
25359,20,20
timeStep,numberOfRobotsOnBlackSite,numberOfRobotsOnWhiteSite
25360,20,20
timeStep,numberOfRobotsOnBlackSite,numberOfRobotsOnWhiteSite
25361,20,20
timeStep,numberOfRobotsOnBlackSite,numberOfRobotsOnWhiteSite
25362,20,20
timeStep,numberOfRobotsOnBlackSite,numberOfRobotsOnWhiteSite
25363,20,20
timeStep,numberOfRobotsOnBlackSite,numberOfRobotsOnWhiteSite
25364,20,20
timeStep,numberOfRobotsOnBlackSite,numberOfRobotsOnWhiteSite
25365,20,20
timeStep,numberOfRobotsOnBlackSite,numberOfRobotsOnWhiteSite
25366,20,20
timeStep,numberOfRobotsOnBlackSite,numberOfRobotsOnWhiteSite
25367,20,20
timeStep,numberOfRobotsOnBlackSite,numberOfRobotsOnWhiteSite
25368,20,20
timeStep,numberOfRobotsOnBlackSite,numberOfRobotsOnWhiteSite
25369,20,20
timeStep,numberOfRobotsOnBlackSite,numberOfRobotsOnWhiteSite
25370,20,20
timeStep,numberOfRobotsOnBlackSite,numberOfRobotsOnWhiteSite
25371,20,20
timeStep,numberOfRobotsOnBlackSite,numberOfRobotsOnWhiteSite
25372,20,20
timeStep,numberOfRobotsOnBlackSite,numberOfRobotsOnWhiteSite
25373,20,20
timeStep,numberOfRobotsOnBlackSite,numberOfRobotsOnWhiteSite
25374,20,20
timeStep,numberOfRobotsOnBlackSite,numberOfRobotsOnWhiteSite
25375,20,20
timeStep,numberOfRobotsOnBlackSite,numberOfRobotsOnWhiteSite
25376,20,20
timeStep,numberOfRobotsOnBlackSite,numberOfRobotsOnWhiteSite
25377,20,20
timeStep,numberOfRobotsOnBlackSite,numberOfRobotsOnWhiteSite
25378,20,20
timeStep,numberOfRobotsOnBlackSite,numberOfRobotsOnWhiteSite
25379,20,20
timeStep,numberOfRobotsOnBlackSite,numberOfRobotsOnWhiteSite
25380,20,20
timeStep,numberOfRobotsOnBlackSite,numberOfRobotsOnWhiteSite
25381,20,20
timeStep,numberOfRobotsOnBlackSite,numberOfRobotsOnWhiteSite
25382,20,20
timeStep,numberOfRobotsOnBlackSite,numberOfRobotsOnWhiteSite
25383,20,20
timeStep,numberOfRobotsOnBlackSite,numberOfRobotsOnWhiteSite
25384,20,20
timeStep,numberOfRobotsOnBlackSite,numberOfRobotsOnWhiteSite
25385,20,20
timeStep,numberOfRobotsOnBlackSite,numberOfRobotsOnWhiteSite
25386,20,20
timeStep,numberOfRobotsOnBlackSite,numberOfRobotsOnWhiteSite
25387,20,20
timeStep,numberOfRobotsOnBlackSite,numberOfRobotsOnWhiteSite
25388,20,20
timeStep,numberOfRobotsOnBlackSite,numberOfRobotsOnWhiteSite
25389,20,20
timeStep,numberOfRobotsOnBlackSite,numberOfRobotsOnWhiteSite
25390,20,20
timeStep,numberOfRobotsOnBlackSite,numberOfRobotsOnWhiteSite
25391,20,20
timeStep,numberOfRobotsOnBlackSite,numberOfRobotsOnWhiteSite
25392,20,20
timeStep,numberOfRobotsOnBlackSite,numberOfRobotsOnWhiteSite
25393,20,20
timeStep,numberOfRobotsOnBlackSite,numberOfRobotsOnWhiteSite
25394,20,20
timeStep,numberOfRobotsOnBlackSite,numberOfRobotsOnWhiteSite
25395,20,20
timeStep,numberOfRobotsOnBlackSite,numberOfRobotsOnWhiteSite
25396,20,20
timeStep,numberOfRobotsOnBlackSite,numberOfRobotsOnWhiteSite
25397,20,20
timeStep,numberOfRobotsOnBlackSite,numberOfRobotsOnWhiteSite
25398,20,20
timeStep,numberOfRobotsOnBlackSite,numberOfRobotsOnWhiteSite
25399,20,20
timeStep,numberOfRobotsOnBlackSite,numberOfRobotsOnWhiteSite
25400,20,20
timeStep,numberOfRobotsOnBlackSite,numberOfRobotsOnWhiteSite
25401,20,20
timeStep,numberOfRobotsOnBlackSite,numberOfRobotsOnWhiteSite
25402,20,20
timeStep,numberOfRobotsOnBlackSite,numberOfRobotsOnWhiteSite
25403,20,20
timeStep,numberOfRobotsOnBlackSite,numberOfRobotsOnWhiteSite
25404,20,20
timeStep,numberOfRobotsOnBlackSite,numberOfRobotsOnWhiteSite
25405,20,20
timeStep,numberOfRobotsOnBlackSite,numberOfRobotsOnWhiteSite
25406,20,20
timeStep,numberOfRobotsOnBlackSite,numberOfRobotsOnWhiteSite
25407,20,20
timeStep,numberOfRobotsOnBlackSite,numberOfRobotsOnWhiteSite
25408,20,20
timeStep,numberOfRobotsOnBlackSite,numberOfRobotsOnWhiteSite
25409,20,20
timeStep,numberOfRobotsOnBlackSite,numberOfRobotsOnWhiteSite
25410,20,20
timeStep,numberOfRobotsOnBlackSite,numberOfRobotsOnWhiteSite
25411,20,20
timeStep,numberOfRobotsOnBlackSite,numberOfRobotsOnWhiteSite
25412,20,20
timeStep,numberOfRobotsOnBlackSite,numberOfRobotsOnWhiteSite
25413,20,20
timeStep,numberOfRobotsOnBlackSite,numberOfRobotsOnWhiteSite
25414,20,20
timeStep,numberOfRobotsOnBlackSite,numberOfRobotsOnWhiteSite
25415,20,20
timeStep,numberOfRobotsOnBlackSite,numberOfRobotsOnWhiteSite
25416,20,20
timeStep,numberOfRobotsOnBlackSite,numberOfRobotsOnWhiteSite
25417,20,20
timeStep,numberOfRobotsOnBlackSite,numberOfRobotsOnWhiteSite
25418,20,20
timeStep,numberOfRobotsOnBlackSite,numberOfRobotsOnWhiteSite
25419,20,20
timeStep,numberOfRobotsOnBlackSite,numberOfRobotsOnWhiteSite
25420,20,20
timeStep,numberOfRobotsOnBlackSite,numberOfRobotsOnWhiteSite
25421,20,20
timeStep,numberOfRobotsOnBlackSite,numberOfRobotsOnWhiteSite
25422,20,20
timeStep,numberOfRobotsOnBlackSite,numberOfRobotsOnWhiteSite
25423,20,20
timeStep,numberOfRobotsOnBlackSite,numberOfRobotsOnWhiteSite
25424,20,20
timeStep,numberOfRobotsOnBlackSite,numberOfRobotsOnWhiteSite
25425,20,19
timeStep,numberOfRobotsOnBlackSite,numberOfRobotsOnWhiteSite
25426,20,19
timeStep,numberOfRobotsOnBlackSite,numberOfRobotsOnWhiteSite
25427,20,19
timeStep,numberOfRobotsOnBlackSite,numberOfRobotsOnWhiteSite
25428,20,19
timeStep,numberOfRobotsOnBlackSite,numberOfRobotsOnWhiteSite
25429,20,19
timeStep,numberOfRobotsOnBlackSite,numberOfRobotsOnWhiteSite
25430,20,19
timeStep,numberOfRobotsOnBlackSite,numberOfRobotsOnWhiteSite
25431,20,19
timeStep,numberOfRobotsOnBlackSite,numberOfRobotsOnWhiteSite
25432,20,19
timeStep,numberOfRobotsOnBlackSite,numberOfRobotsOnWhiteSite
25433,20,19
timeStep,numberOfRobotsOnBlackSite,numberOfRobotsOnWhiteSite
25434,20,19
timeStep,numberOfRobotsOnBlackSite,numberOfRobotsOnWhiteSite
25435,20,19
timeStep,numberOfRobotsOnBlackSite,numberOfRobotsOnWhiteSite
25436,20,19
timeStep,numberOfRobotsOnBlackSite,numberOfRobotsOnWhiteSite
25437,20,19
timeStep,numberOfRobotsOnBlackSite,numberOfRobotsOnWhiteSite
25438,20,19
timeStep,numberOfRobotsOnBlackSite,numberOfRobotsOnWhiteSite
25439,20,19
timeStep,numberOfRobotsOnBlackSite,numberOfRobotsOnWhiteSite
25440,20,19
timeStep,numberOfRobotsOnBlackSite,numberOfRobotsOnWhiteSite
25441,20,19
timeStep,numberOfRobotsOnBlackSite,numberOfRobotsOnWhiteSite
25442,20,19
timeStep,numberOfRobotsOnBlackSite,numberOfRobotsOnWhiteSite
25443,20,19
timeStep,numberOfRobotsOnBlackSite,numberOfRobotsOnWhiteSite
25444,20,19
timeStep,numberOfRobotsOnBlackSite,numberOfRobotsOnWhiteSite
25445,20,19
timeStep,numberOfRobotsOnBlackSite,numberOfRobotsOnWhiteSite
25446,20,19
timeStep,numberOfRobotsOnBlackSite,numberOfRobotsOnWhiteSite
25447,20,19
timeStep,numberOfRobotsOnBlackSite,numberOfRobotsOnWhiteSite
25448,20,19
timeStep,numberOfRobotsOnBlackSite,numberOfRobotsOnWhiteSite
25449,20,19
timeStep,numberOfRobotsOnBlackSite,numberOfRobotsOnWhiteSite
25450,20,19
timeStep,numberOfRobotsOnBlackSite,numberOfRobotsOnWhiteSite
25451,20,19
timeStep,numberOfRobotsOnBlackSite,numberOfRobotsOnWhiteSite
25452,20,19
timeStep,numberOfRobotsOnBlackSite,numberOfRobotsOnWhiteSite
25453,20,19
timeStep,numberOfRobotsOnBlackSite,numberOfRobotsOnWhiteSite
25454,20,19
timeStep,numberOfRobotsOnBlackSite,numberOfRobotsOnWhiteSite
25455,20,19
timeStep,numberOfRobotsOnBlackSite,numberOfRobotsOnWhiteSite
25456,20,19
timeStep,numberOfRobotsOnBlackSite,numberOfRobotsOnWhiteSite
25457,20,19
timeStep,numberOfRobotsOnBlackSite,numberOfRobotsOnWhiteSite
25458,20,19
timeStep,numberOfRobotsOnBlackSite,numberOfRobotsOnWhiteSite
25459,20,19
timeStep,numberOfRobotsOnBlackSite,numberOfRobotsOnWhiteSite
25460,20,19
timeStep,numberOfRobotsOnBlackSite,numberOfRobotsOnWhiteSite
25461,20,19
timeStep,numberOfRobotsOnBlackSite,numberOfRobotsOnWhiteSite
25462,20,19
timeStep,numberOfRobotsOnBlackSite,numberOfRobotsOnWhiteSite
25463,20,19
timeStep,numberOfRobotsOnBlackSite,numberOfRobotsOnWhiteSite
25464,20,19
timeStep,numberOfRobotsOnBlackSite,numberOfRobotsOnWhiteSite
25465,20,19
timeStep,numberOfRobotsOnBlackSite,numberOfRobotsOnWhiteSite
25466,20,19
timeStep,numberOfRobotsOnBlackSite,numberOfRobotsOnWhiteSite
25467,20,19
timeStep,numberOfRobotsOnBlackSite,numberOfRobotsOnWhiteSite
25468,20,19
timeStep,numberOfRobotsOnBlackSite,numberOfRobotsOnWhiteSite
25469,20,19
timeStep,numberOfRobotsOnBlackSite,numberOfRobotsOnWhiteSite
25470,20,19
timeStep,numberOfRobotsOnBlackSite,numberOfRobotsOnWhiteSite
25471,20,19
timeStep,numberOfRobotsOnBlackSite,numberOfRobotsOnWhiteSite
25472,20,19
timeStep,numberOfRobotsOnBlackSite,numberOfRobotsOnWhiteSite
25473,20,19
timeStep,numberOfRobotsOnBlackSite,numberOfRobotsOnWhiteSite
25474,20,19
timeStep,numberOfRobotsOnBlackSite,numberOfRobotsOnWhiteSite
25475,20,19
timeStep,numberOfRobotsOnBlackSite,numberOfRobotsOnWhiteSite
25476,20,19
timeStep,numberOfRobotsOnBlackSite,numberOfRobotsOnWhiteSite
25477,20,19
timeStep,numberOfRobotsOnBlackSite,numberOfRobotsOnWhiteSite
25478,20,19
timeStep,numberOfRobotsOnBlackSite,numberOfRobotsOnWhiteSite
25479,20,19
timeStep,numberOfRobotsOnBlackSite,numberOfRobotsOnWhiteSite
25480,20,18
timeStep,numberOfRobotsOnBlackSite,numberOfRobotsOnWhiteSite
25481,20,18
timeStep,numberOfRobotsOnBlackSite,numberOfRobotsOnWhiteSite
25482,20,18
timeStep,numberOfRobotsOnBlackSite,numberOfRobotsOnWhiteSite
25483,20,18
timeStep,numberOfRobotsOnBlackSite,numberOfRobotsOnWhiteSite
25484,20,18
timeStep,numberOfRobotsOnBlackSite,numberOfRobotsOnWhiteSite
25485,20,18
timeStep,numberOfRobotsOnBlackSite,numberOfRobotsOnWhiteSite
25486,20,18
timeStep,numberOfRobotsOnBlackSite,numberOfRobotsOnWhiteSite
25487,20,18
timeStep,numberOfRobotsOnBlackSite,numberOfRobotsOnWhiteSite
25488,20,18
timeStep,numberOfRobotsOnBlackSite,numberOfRobotsOnWhiteSite
25489,20,18
timeStep,numberOfRobotsOnBlackSite,numberOfRobotsOnWhiteSite
25490,20,18
timeStep,numberOfRobotsOnBlackSite,numberOfRobotsOnWhiteSite
25491,20,18
timeStep,numberOfRobotsOnBlackSite,numberOfRobotsOnWhiteSite
25492,20,18
timeStep,numberOfRobotsOnBlackSite,numberOfRobotsOnWhiteSite
25493,20,18
timeStep,numberOfRobotsOnBlackSite,numberOfRobotsOnWhiteSite
25494,20,18
timeStep,numberOfRobotsOnBlackSite,numberOfRobotsOnWhiteSite
25495,20,18
timeStep,numberOfRobotsOnBlackSite,numberOfRobotsOnWhiteSite
25496,20,18
timeStep,numberOfRobotsOnBlackSite,numberOfRobotsOnWhiteSite
25497,20,18
timeStep,numberOfRobotsOnBlackSite,numberOfRobotsOnWhiteSite
25498,20,18
timeStep,numberOfRobotsOnBlackSite,numberOfRobotsOnWhiteSite
25499,20,18
timeStep,numberOfRobotsOnBlackSite,numberOfRobotsOnWhiteSite
25500,20,18
timeStep,numberOfRobotsOnBlackSite,numberOfRobotsOnWhiteSite
25501,20,18
timeStep,numberOfRobotsOnBlackSite,numberOfRobotsOnWhiteSite
25502,20,18
timeStep,numberOfRobotsOnBlackSite,numberOfRobotsOnWhiteSite
25503,20,18
timeStep,numberOfRobotsOnBlackSite,numberOfRobotsOnWhiteSite
25504,20,18
timeStep,numberOfRobotsOnBlackSite,numberOfRobotsOnWhiteSite
25505,21,19
timeStep,numberOfRobotsOnBlackSite,numberOfRobotsOnWhiteSite
25506,21,19
timeStep,numberOfRobotsOnBlackSite,numberOfRobotsOnWhiteSite
25507,21,19
timeStep,numberOfRobotsOnBlackSite,numberOfRobotsOnWhiteSite
25508,21,19
timeStep,numberOfRobotsOnBlackSite,numberOfRobotsOnWhiteSite
25509,21,19
timeStep,numberOfRobotsOnBlackSite,numberOfRobotsOnWhiteSite
25510,21,19
timeStep,numberOfRobotsOnBlackSite,numberOfRobotsOnWhiteSite
25511,21,19
timeStep,numberOfRobotsOnBlackSite,numberOfRobotsOnWhiteSite
25512,21,19
timeStep,numberOfRobotsOnBlackSite,numberOfRobotsOnWhiteSite
25513,21,19
timeStep,numberOfRobotsOnBlackSite,numberOfRobotsOnWhiteSite
25514,21,19
timeStep,numberOfRobotsOnBlackSite,numberOfRobotsOnWhiteSite
25515,21,19
timeStep,numberOfRobotsOnBlackSite,numberOfRobotsOnWhiteSite
25516,21,19
timeStep,numberOfRobotsOnBlackSite,numberOfRobotsOnWhiteSite
25517,21,19
timeStep,numberOfRobotsOnBlackSite,numberOfRobotsOnWhiteSite
25518,21,19
timeStep,numberOfRobotsOnBlackSite,numberOfRobotsOnWhiteSite
25519,21,19
timeStep,numberOfRobotsOnBlackSite,numberOfRobotsOnWhiteSite
25520,21,19
timeStep,numberOfRobotsOnBlackSite,numberOfRobotsOnWhiteSite
25521,21,19
timeStep,numberOfRobotsOnBlackSite,numberOfRobotsOnWhiteSite
25522,21,19
timeStep,numberOfRobotsOnBlackSite,numberOfRobotsOnWhiteSite
25523,21,19
timeStep,numberOfRobotsOnBlackSite,numberOfRobotsOnWhiteSite
25524,21,19
timeStep,numberOfRobotsOnBlackSite,numberOfRobotsOnWhiteSite
25525,21,19
timeStep,numberOfRobotsOnBlackSite,numberOfRobotsOnWhiteSite
25526,21,19
timeStep,numberOfRobotsOnBlackSite,numberOfRobotsOnWhiteSite
25527,21,19
timeStep,numberOfRobotsOnBlackSite,numberOfRobotsOnWhiteSite
25528,21,19
timeStep,numberOfRobotsOnBlackSite,numberOfRobotsOnWhiteSite
25529,21,19
timeStep,numberOfRobotsOnBlackSite,numberOfRobotsOnWhiteSite
25530,21,20
timeStep,numberOfRobotsOnBlackSite,numberOfRobotsOnWhiteSite
25531,21,20
timeStep,numberOfRobotsOnBlackSite,numberOfRobotsOnWhiteSite
25532,21,20
timeStep,numberOfRobotsOnBlackSite,numberOfRobotsOnWhiteSite
25533,21,20
timeStep,numberOfRobotsOnBlackSite,numberOfRobotsOnWhiteSite
25534,21,20
timeStep,numberOfRobotsOnBlackSite,numberOfRobotsOnWhiteSite
25535,21,20
timeStep,numberOfRobotsOnBlackSite,numberOfRobotsOnWhiteSite
25536,21,20
timeStep,numberOfRobotsOnBlackSite,numberOfRobotsOnWhiteSite
25537,21,20
timeStep,numberOfRobotsOnBlackSite,numberOfRobotsOnWhiteSite
25538,21,20
timeStep,numberOfRobotsOnBlackSite,numberOfRobotsOnWhiteSite
25539,21,20
timeStep,numberOfRobotsOnBlackSite,numberOfRobotsOnWhiteSite
25540,21,21
timeStep,numberOfRobotsOnBlackSite,numberOfRobotsOnWhiteSite
25541,21,21
timeStep,numberOfRobotsOnBlackSite,numberOfRobotsOnWhiteSite
25542,21,21
timeStep,numberOfRobotsOnBlackSite,numberOfRobotsOnWhiteSite
25543,21,21
timeStep,numberOfRobotsOnBlackSite,numberOfRobotsOnWhiteSite
25544,21,21
timeStep,numberOfRobotsOnBlackSite,numberOfRobotsOnWhiteSite
25545,21,21
timeStep,numberOfRobotsOnBlackSite,numberOfRobotsOnWhiteSite
25546,21,21
timeStep,numberOfRobotsOnBlackSite,numberOfRobotsOnWhiteSite
25547,21,21
timeStep,numberOfRobotsOnBlackSite,numberOfRobotsOnWhiteSite
25548,21,21
timeStep,numberOfRobotsOnBlackSite,numberOfRobotsOnWhiteSite
25549,21,21
timeStep,numberOfRobotsOnBlackSite,numberOfRobotsOnWhiteSite
25550,21,21
timeStep,numberOfRobotsOnBlackSite,numberOfRobotsOnWhiteSite
25551,21,21
timeStep,numberOfRobotsOnBlackSite,numberOfRobotsOnWhiteSite
25552,21,21
timeStep,numberOfRobotsOnBlackSite,numberOfRobotsOnWhiteSite
25553,21,21
timeStep,numberOfRobotsOnBlackSite,numberOfRobotsOnWhiteSite
25554,21,21
timeStep,numberOfRobotsOnBlackSite,numberOfRobotsOnWhiteSite
25555,21,21
timeStep,numberOfRobotsOnBlackSite,numberOfRobotsOnWhiteSite
25556,21,21
timeStep,numberOfRobotsOnBlackSite,numberOfRobotsOnWhiteSite
25557,21,21
timeStep,numberOfRobotsOnBlackSite,numberOfRobotsOnWhiteSite
25558,21,21
timeStep,numberOfRobotsOnBlackSite,numberOfRobotsOnWhiteSite
25559,21,21
timeStep,numberOfRobotsOnBlackSite,numberOfRobotsOnWhiteSite
25560,21,21
timeStep,numberOfRobotsOnBlackSite,numberOfRobotsOnWhiteSite
25561,21,21
timeStep,numberOfRobotsOnBlackSite,numberOfRobotsOnWhiteSite
25562,21,21
timeStep,numberOfRobotsOnBlackSite,numberOfRobotsOnWhiteSite
25563,21,21
timeStep,numberOfRobotsOnBlackSite,numberOfRobotsOnWhiteSite
25564,21,21
timeStep,numberOfRobotsOnBlackSite,numberOfRobotsOnWhiteSite
25565,20,21
timeStep,numberOfRobotsOnBlackSite,numberOfRobotsOnWhiteSite
25566,20,21
timeStep,numberOfRobotsOnBlackSite,numberOfRobotsOnWhiteSite
25567,20,21
timeStep,numberOfRobotsOnBlackSite,numberOfRobotsOnWhiteSite
25568,20,21
timeStep,numberOfRobotsOnBlackSite,numberOfRobotsOnWhiteSite
25569,20,21
timeStep,numberOfRobotsOnBlackSite,numberOfRobotsOnWhiteSite
25570,20,21
timeStep,numberOfRobotsOnBlackSite,numberOfRobotsOnWhiteSite
25571,20,21
timeStep,numberOfRobotsOnBlackSite,numberOfRobotsOnWhiteSite
25572,20,21
timeStep,numberOfRobotsOnBlackSite,numberOfRobotsOnWhiteSite
25573,20,21
timeStep,numberOfRobotsOnBlackSite,numberOfRobotsOnWhiteSite
25574,20,21
timeStep,numberOfRobotsOnBlackSite,numberOfRobotsOnWhiteSite
25575,20,21
timeStep,numberOfRobotsOnBlackSite,numberOfRobotsOnWhiteSite
25576,20,21
timeStep,numberOfRobotsOnBlackSite,numberOfRobotsOnWhiteSite
25577,20,21
timeStep,numberOfRobotsOnBlackSite,numberOfRobotsOnWhiteSite
25578,20,21
timeStep,numberOfRobotsOnBlackSite,numberOfRobotsOnWhiteSite
25579,20,21
timeStep,numberOfRobotsOnBlackSite,numberOfRobotsOnWhiteSite
25580,20,21
timeStep,numberOfRobotsOnBlackSite,numberOfRobotsOnWhiteSite
25581,20,21
timeStep,numberOfRobotsOnBlackSite,numberOfRobotsOnWhiteSite
25582,20,21
timeStep,numberOfRobotsOnBlackSite,numberOfRobotsOnWhiteSite
25583,20,21
timeStep,numberOfRobotsOnBlackSite,numberOfRobotsOnWhiteSite
25584,20,21
timeStep,numberOfRobotsOnBlackSite,numberOfRobotsOnWhiteSite
25585,20,20
timeStep,numberOfRobotsOnBlackSite,numberOfRobotsOnWhiteSite
25586,20,20
timeStep,numberOfRobotsOnBlackSite,numberOfRobotsOnWhiteSite
25587,20,20
timeStep,numberOfRobotsOnBlackSite,numberOfRobotsOnWhiteSite
25588,20,20
timeStep,numberOfRobotsOnBlackSite,numberOfRobotsOnWhiteSite
25589,20,20
timeStep,numberOfRobotsOnBlackSite,numberOfRobotsOnWhiteSite
25590,20,20
timeStep,numberOfRobotsOnBlackSite,numberOfRobotsOnWhiteSite
25591,20,20
timeStep,numberOfRobotsOnBlackSite,numberOfRobotsOnWhiteSite
25592,20,20
timeStep,numberOfRobotsOnBlackSite,numberOfRobotsOnWhiteSite
25593,20,20
timeStep,numberOfRobotsOnBlackSite,numberOfRobotsOnWhiteSite
25594,20,20
timeStep,numberOfRobotsOnBlackSite,numberOfRobotsOnWhiteSite
25595,20,20
timeStep,numberOfRobotsOnBlackSite,numberOfRobotsOnWhiteSite
25596,20,20
timeStep,numberOfRobotsOnBlackSite,numberOfRobotsOnWhiteSite
25597,20,20
timeStep,numberOfRobotsOnBlackSite,numberOfRobotsOnWhiteSite
25598,20,20
timeStep,numberOfRobotsOnBlackSite,numberOfRobotsOnWhiteSite
25599,20,20
timeStep,numberOfRobotsOnBlackSite,numberOfRobotsOnWhiteSite
25600,20,20
timeStep,numberOfRobotsOnBlackSite,numberOfRobotsOnWhiteSite
25601,20,20
timeStep,numberOfRobotsOnBlackSite,numberOfRobotsOnWhiteSite
25602,20,20
timeStep,numberOfRobotsOnBlackSite,numberOfRobotsOnWhiteSite
25603,20,20
timeStep,numberOfRobotsOnBlackSite,numberOfRobotsOnWhiteSite
25604,20,20
timeStep,numberOfRobotsOnBlackSite,numberOfRobotsOnWhiteSite
25605,20,20
timeStep,numberOfRobotsOnBlackSite,numberOfRobotsOnWhiteSite
25606,20,20
timeStep,numberOfRobotsOnBlackSite,numberOfRobotsOnWhiteSite
25607,20,20
timeStep,numberOfRobotsOnBlackSite,numberOfRobotsOnWhiteSite
25608,20,20
timeStep,numberOfRobotsOnBlackSite,numberOfRobotsOnWhiteSite
25609,20,20
timeStep,numberOfRobotsOnBlackSite,numberOfRobotsOnWhiteSite
25610,20,20
timeStep,numberOfRobotsOnBlackSite,numberOfRobotsOnWhiteSite
25611,20,20
timeStep,numberOfRobotsOnBlackSite,numberOfRobotsOnWhiteSite
25612,20,20
timeStep,numberOfRobotsOnBlackSite,numberOfRobotsOnWhiteSite
25613,20,20
timeStep,numberOfRobotsOnBlackSite,numberOfRobotsOnWhiteSite
25614,20,20
timeStep,numberOfRobotsOnBlackSite,numberOfRobotsOnWhiteSite
25615,20,20
timeStep,numberOfRobotsOnBlackSite,numberOfRobotsOnWhiteSite
25616,20,20
timeStep,numberOfRobotsOnBlackSite,numberOfRobotsOnWhiteSite
25617,20,20
timeStep,numberOfRobotsOnBlackSite,numberOfRobotsOnWhiteSite
25618,20,20
timeStep,numberOfRobotsOnBlackSite,numberOfRobotsOnWhiteSite
25619,20,20
timeStep,numberOfRobotsOnBlackSite,numberOfRobotsOnWhiteSite
25620,20,20
timeStep,numberOfRobotsOnBlackSite,numberOfRobotsOnWhiteSite
25621,20,20
timeStep,numberOfRobotsOnBlackSite,numberOfRobotsOnWhiteSite
25622,20,20
timeStep,numberOfRobotsOnBlackSite,numberOfRobotsOnWhiteSite
25623,20,20
timeStep,numberOfRobotsOnBlackSite,numberOfRobotsOnWhiteSite
25624,20,20
timeStep,numberOfRobotsOnBlackSite,numberOfRobotsOnWhiteSite
25625,20,20
timeStep,numberOfRobotsOnBlackSite,numberOfRobotsOnWhiteSite
25626,20,20
timeStep,numberOfRobotsOnBlackSite,numberOfRobotsOnWhiteSite
25627,20,20
timeStep,numberOfRobotsOnBlackSite,numberOfRobotsOnWhiteSite
25628,20,20
timeStep,numberOfRobotsOnBlackSite,numberOfRobotsOnWhiteSite
25629,20,20
timeStep,numberOfRobotsOnBlackSite,numberOfRobotsOnWhiteSite
25630,20,20
timeStep,numberOfRobotsOnBlackSite,numberOfRobotsOnWhiteSite
25631,20,20
timeStep,numberOfRobotsOnBlackSite,numberOfRobotsOnWhiteSite
25632,20,20
timeStep,numberOfRobotsOnBlackSite,numberOfRobotsOnWhiteSite
25633,20,20
timeStep,numberOfRobotsOnBlackSite,numberOfRobotsOnWhiteSite
25634,20,20
timeStep,numberOfRobotsOnBlackSite,numberOfRobotsOnWhiteSite
25635,20,20
timeStep,numberOfRobotsOnBlackSite,numberOfRobotsOnWhiteSite
25636,20,20
timeStep,numberOfRobotsOnBlackSite,numberOfRobotsOnWhiteSite
25637,20,20
timeStep,numberOfRobotsOnBlackSite,numberOfRobotsOnWhiteSite
25638,20,20
timeStep,numberOfRobotsOnBlackSite,numberOfRobotsOnWhiteSite
25639,20,20
timeStep,numberOfRobotsOnBlackSite,numberOfRobotsOnWhiteSite
25640,20,20
timeStep,numberOfRobotsOnBlackSite,numberOfRobotsOnWhiteSite
25641,20,20
timeStep,numberOfRobotsOnBlackSite,numberOfRobotsOnWhiteSite
25642,20,20
timeStep,numberOfRobotsOnBlackSite,numberOfRobotsOnWhiteSite
25643,20,20
timeStep,numberOfRobotsOnBlackSite,numberOfRobotsOnWhiteSite
25644,20,20
timeStep,numberOfRobotsOnBlackSite,numberOfRobotsOnWhiteSite
25645,20,20
timeStep,numberOfRobotsOnBlackSite,numberOfRobotsOnWhiteSite
25646,20,20
timeStep,numberOfRobotsOnBlackSite,numberOfRobotsOnWhiteSite
25647,20,20
timeStep,numberOfRobotsOnBlackSite,numberOfRobotsOnWhiteSite
25648,20,20
timeStep,numberOfRobotsOnBlackSite,numberOfRobotsOnWhiteSite
25649,20,20
timeStep,numberOfRobotsOnBlackSite,numberOfRobotsOnWhiteSite
25650,20,20
timeStep,numberOfRobotsOnBlackSite,numberOfRobotsOnWhiteSite
25651,20,20
timeStep,numberOfRobotsOnBlackSite,numberOfRobotsOnWhiteSite
25652,20,20
timeStep,numberOfRobotsOnBlackSite,numberOfRobotsOnWhiteSite
25653,20,20
timeStep,numberOfRobotsOnBlackSite,numberOfRobotsOnWhiteSite
25654,20,20
timeStep,numberOfRobotsOnBlackSite,numberOfRobotsOnWhiteSite
25655,20,20
timeStep,numberOfRobotsOnBlackSite,numberOfRobotsOnWhiteSite
25656,20,20
timeStep,numberOfRobotsOnBlackSite,numberOfRobotsOnWhiteSite
25657,20,20
timeStep,numberOfRobotsOnBlackSite,numberOfRobotsOnWhiteSite
25658,20,20
timeStep,numberOfRobotsOnBlackSite,numberOfRobotsOnWhiteSite
25659,20,20
timeStep,numberOfRobotsOnBlackSite,numberOfRobotsOnWhiteSite
25660,20,20
timeStep,numberOfRobotsOnBlackSite,numberOfRobotsOnWhiteSite
25661,20,20
timeStep,numberOfRobotsOnBlackSite,numberOfRobotsOnWhiteSite
25662,20,20
timeStep,numberOfRobotsOnBlackSite,numberOfRobotsOnWhiteSite
25663,20,20
timeStep,numberOfRobotsOnBlackSite,numberOfRobotsOnWhiteSite
25664,20,20
timeStep,numberOfRobotsOnBlackSite,numberOfRobotsOnWhiteSite
25665,20,20
timeStep,numberOfRobotsOnBlackSite,numberOfRobotsOnWhiteSite
25666,20,20
timeStep,numberOfRobotsOnBlackSite,numberOfRobotsOnWhiteSite
25667,20,20
timeStep,numberOfRobotsOnBlackSite,numberOfRobotsOnWhiteSite
25668,20,20
timeStep,numberOfRobotsOnBlackSite,numberOfRobotsOnWhiteSite
25669,20,20
timeStep,numberOfRobotsOnBlackSite,numberOfRobotsOnWhiteSite
25670,20,20
timeStep,numberOfRobotsOnBlackSite,numberOfRobotsOnWhiteSite
25671,20,20
timeStep,numberOfRobotsOnBlackSite,numberOfRobotsOnWhiteSite
25672,20,20
timeStep,numberOfRobotsOnBlackSite,numberOfRobotsOnWhiteSite
25673,20,20
timeStep,numberOfRobotsOnBlackSite,numberOfRobotsOnWhiteSite
25674,20,20
timeStep,numberOfRobotsOnBlackSite,numberOfRobotsOnWhiteSite
25675,20,20
timeStep,numberOfRobotsOnBlackSite,numberOfRobotsOnWhiteSite
25676,20,20
timeStep,numberOfRobotsOnBlackSite,numberOfRobotsOnWhiteSite
25677,20,20
timeStep,numberOfRobotsOnBlackSite,numberOfRobotsOnWhiteSite
25678,20,20
timeStep,numberOfRobotsOnBlackSite,numberOfRobotsOnWhiteSite
25679,20,20
timeStep,numberOfRobotsOnBlackSite,numberOfRobotsOnWhiteSite
25680,20,20
timeStep,numberOfRobotsOnBlackSite,numberOfRobotsOnWhiteSite
25681,20,20
timeStep,numberOfRobotsOnBlackSite,numberOfRobotsOnWhiteSite
25682,20,20
timeStep,numberOfRobotsOnBlackSite,numberOfRobotsOnWhiteSite
25683,20,20
timeStep,numberOfRobotsOnBlackSite,numberOfRobotsOnWhiteSite
25684,20,20
timeStep,numberOfRobotsOnBlackSite,numberOfRobotsOnWhiteSite
25685,20,20
timeStep,numberOfRobotsOnBlackSite,numberOfRobotsOnWhiteSite
25686,20,20
timeStep,numberOfRobotsOnBlackSite,numberOfRobotsOnWhiteSite
25687,20,20
timeStep,numberOfRobotsOnBlackSite,numberOfRobotsOnWhiteSite
25688,20,20
timeStep,numberOfRobotsOnBlackSite,numberOfRobotsOnWhiteSite
25689,20,20
timeStep,numberOfRobotsOnBlackSite,numberOfRobotsOnWhiteSite
25690,20,20
timeStep,numberOfRobotsOnBlackSite,numberOfRobotsOnWhiteSite
25691,20,20
timeStep,numberOfRobotsOnBlackSite,numberOfRobotsOnWhiteSite
25692,20,20
timeStep,numberOfRobotsOnBlackSite,numberOfRobotsOnWhiteSite
25693,20,20
timeStep,numberOfRobotsOnBlackSite,numberOfRobotsOnWhiteSite
25694,20,20
timeStep,numberOfRobotsOnBlackSite,numberOfRobotsOnWhiteSite
25695,20,20
timeStep,numberOfRobotsOnBlackSite,numberOfRobotsOnWhiteSite
25696,20,20
timeStep,numberOfRobotsOnBlackSite,numberOfRobotsOnWhiteSite
25697,20,20
timeStep,numberOfRobotsOnBlackSite,numberOfRobotsOnWhiteSite
25698,20,20
timeStep,numberOfRobotsOnBlackSite,numberOfRobotsOnWhiteSite
25699,20,20
timeStep,numberOfRobotsOnBlackSite,numberOfRobotsOnWhiteSite
25700,20,20
timeStep,numberOfRobotsOnBlackSite,numberOfRobotsOnWhiteSite
25701,20,20
timeStep,numberOfRobotsOnBlackSite,numberOfRobotsOnWhiteSite
25702,20,20
timeStep,numberOfRobotsOnBlackSite,numberOfRobotsOnWhiteSite
25703,20,20
timeStep,numberOfRobotsOnBlackSite,numberOfRobotsOnWhiteSite
25704,20,20
timeStep,numberOfRobotsOnBlackSite,numberOfRobotsOnWhiteSite
25705,20,20
timeStep,numberOfRobotsOnBlackSite,numberOfRobotsOnWhiteSite
25706,20,20
timeStep,numberOfRobotsOnBlackSite,numberOfRobotsOnWhiteSite
25707,20,20
timeStep,numberOfRobotsOnBlackSite,numberOfRobotsOnWhiteSite
25708,20,20
timeStep,numberOfRobotsOnBlackSite,numberOfRobotsOnWhiteSite
25709,20,20
timeStep,numberOfRobotsOnBlackSite,numberOfRobotsOnWhiteSite
25710,20,20
timeStep,numberOfRobotsOnBlackSite,numberOfRobotsOnWhiteSite
25711,20,20
timeStep,numberOfRobotsOnBlackSite,numberOfRobotsOnWhiteSite
25712,20,20
timeStep,numberOfRobotsOnBlackSite,numberOfRobotsOnWhiteSite
25713,20,20
timeStep,numberOfRobotsOnBlackSite,numberOfRobotsOnWhiteSite
25714,20,20
timeStep,numberOfRobotsOnBlackSite,numberOfRobotsOnWhiteSite
25715,20,20
timeStep,numberOfRobotsOnBlackSite,numberOfRobotsOnWhiteSite
25716,20,20
timeStep,numberOfRobotsOnBlackSite,numberOfRobotsOnWhiteSite
25717,20,20
timeStep,numberOfRobotsOnBlackSite,numberOfRobotsOnWhiteSite
25718,20,20
timeStep,numberOfRobotsOnBlackSite,numberOfRobotsOnWhiteSite
25719,20,20
timeStep,numberOfRobotsOnBlackSite,numberOfRobotsOnWhiteSite
25720,20,21
timeStep,numberOfRobotsOnBlackSite,numberOfRobotsOnWhiteSite
25721,20,21
timeStep,numberOfRobotsOnBlackSite,numberOfRobotsOnWhiteSite
25722,20,21
timeStep,numberOfRobotsOnBlackSite,numberOfRobotsOnWhiteSite
25723,20,21
timeStep,numberOfRobotsOnBlackSite,numberOfRobotsOnWhiteSite
25724,20,21
timeStep,numberOfRobotsOnBlackSite,numberOfRobotsOnWhiteSite
25725,20,21
timeStep,numberOfRobotsOnBlackSite,numberOfRobotsOnWhiteSite
25726,20,21
timeStep,numberOfRobotsOnBlackSite,numberOfRobotsOnWhiteSite
25727,20,21
timeStep,numberOfRobotsOnBlackSite,numberOfRobotsOnWhiteSite
25728,20,21
timeStep,numberOfRobotsOnBlackSite,numberOfRobotsOnWhiteSite
25729,20,21
timeStep,numberOfRobotsOnBlackSite,numberOfRobotsOnWhiteSite
25730,20,21
timeStep,numberOfRobotsOnBlackSite,numberOfRobotsOnWhiteSite
25731,20,21
timeStep,numberOfRobotsOnBlackSite,numberOfRobotsOnWhiteSite
25732,20,21
timeStep,numberOfRobotsOnBlackSite,numberOfRobotsOnWhiteSite
25733,20,21
timeStep,numberOfRobotsOnBlackSite,numberOfRobotsOnWhiteSite
25734,20,21
timeStep,numberOfRobotsOnBlackSite,numberOfRobotsOnWhiteSite
25735,20,21
timeStep,numberOfRobotsOnBlackSite,numberOfRobotsOnWhiteSite
25736,20,21
timeStep,numberOfRobotsOnBlackSite,numberOfRobotsOnWhiteSite
25737,20,21
timeStep,numberOfRobotsOnBlackSite,numberOfRobotsOnWhiteSite
25738,20,21
timeStep,numberOfRobotsOnBlackSite,numberOfRobotsOnWhiteSite
25739,20,21
timeStep,numberOfRobotsOnBlackSite,numberOfRobotsOnWhiteSite
25740,20,21
timeStep,numberOfRobotsOnBlackSite,numberOfRobotsOnWhiteSite
25741,20,21
timeStep,numberOfRobotsOnBlackSite,numberOfRobotsOnWhiteSite
25742,20,21
timeStep,numberOfRobotsOnBlackSite,numberOfRobotsOnWhiteSite
25743,20,21
timeStep,numberOfRobotsOnBlackSite,numberOfRobotsOnWhiteSite
25744,20,21
timeStep,numberOfRobotsOnBlackSite,numberOfRobotsOnWhiteSite
25745,20,21
timeStep,numberOfRobotsOnBlackSite,numberOfRobotsOnWhiteSite
25746,20,21
timeStep,numberOfRobotsOnBlackSite,numberOfRobotsOnWhiteSite
25747,20,21
timeStep,numberOfRobotsOnBlackSite,numberOfRobotsOnWhiteSite
25748,20,21
timeStep,numberOfRobotsOnBlackSite,numberOfRobotsOnWhiteSite
25749,20,21
timeStep,numberOfRobotsOnBlackSite,numberOfRobotsOnWhiteSite
25750,20,21
timeStep,numberOfRobotsOnBlackSite,numberOfRobotsOnWhiteSite
25751,20,21
timeStep,numberOfRobotsOnBlackSite,numberOfRobotsOnWhiteSite
25752,20,21
timeStep,numberOfRobotsOnBlackSite,numberOfRobotsOnWhiteSite
25753,20,21
timeStep,numberOfRobotsOnBlackSite,numberOfRobotsOnWhiteSite
25754,20,21
timeStep,numberOfRobotsOnBlackSite,numberOfRobotsOnWhiteSite
25755,20,21
timeStep,numberOfRobotsOnBlackSite,numberOfRobotsOnWhiteSite
25756,20,21
timeStep,numberOfRobotsOnBlackSite,numberOfRobotsOnWhiteSite
25757,20,21
timeStep,numberOfRobotsOnBlackSite,numberOfRobotsOnWhiteSite
25758,20,21
timeStep,numberOfRobotsOnBlackSite,numberOfRobotsOnWhiteSite
25759,20,21
timeStep,numberOfRobotsOnBlackSite,numberOfRobotsOnWhiteSite
25760,20,21
timeStep,numberOfRobotsOnBlackSite,numberOfRobotsOnWhiteSite
25761,20,21
timeStep,numberOfRobotsOnBlackSite,numberOfRobotsOnWhiteSite
25762,20,21
timeStep,numberOfRobotsOnBlackSite,numberOfRobotsOnWhiteSite
25763,20,21
timeStep,numberOfRobotsOnBlackSite,numberOfRobotsOnWhiteSite
25764,20,21
timeStep,numberOfRobotsOnBlackSite,numberOfRobotsOnWhiteSite
25765,20,21
timeStep,numberOfRobotsOnBlackSite,numberOfRobotsOnWhiteSite
25766,20,21
timeStep,numberOfRobotsOnBlackSite,numberOfRobotsOnWhiteSite
25767,20,21
timeStep,numberOfRobotsOnBlackSite,numberOfRobotsOnWhiteSite
25768,20,21
timeStep,numberOfRobotsOnBlackSite,numberOfRobotsOnWhiteSite
25769,20,21
timeStep,numberOfRobotsOnBlackSite,numberOfRobotsOnWhiteSite
25770,20,21
timeStep,numberOfRobotsOnBlackSite,numberOfRobotsOnWhiteSite
25771,20,21
timeStep,numberOfRobotsOnBlackSite,numberOfRobotsOnWhiteSite
25772,20,21
timeStep,numberOfRobotsOnBlackSite,numberOfRobotsOnWhiteSite
25773,20,21
timeStep,numberOfRobotsOnBlackSite,numberOfRobotsOnWhiteSite
25774,20,21
timeStep,numberOfRobotsOnBlackSite,numberOfRobotsOnWhiteSite
25775,20,21
timeStep,numberOfRobotsOnBlackSite,numberOfRobotsOnWhiteSite
25776,20,21
timeStep,numberOfRobotsOnBlackSite,numberOfRobotsOnWhiteSite
25777,20,21
timeStep,numberOfRobotsOnBlackSite,numberOfRobotsOnWhiteSite
25778,20,21
timeStep,numberOfRobotsOnBlackSite,numberOfRobotsOnWhiteSite
25779,20,21
timeStep,numberOfRobotsOnBlackSite,numberOfRobotsOnWhiteSite
25780,20,21
timeStep,numberOfRobotsOnBlackSite,numberOfRobotsOnWhiteSite
25781,20,21
timeStep,numberOfRobotsOnBlackSite,numberOfRobotsOnWhiteSite
25782,20,21
timeStep,numberOfRobotsOnBlackSite,numberOfRobotsOnWhiteSite
25783,20,21
timeStep,numberOfRobotsOnBlackSite,numberOfRobotsOnWhiteSite
25784,20,21
timeStep,numberOfRobotsOnBlackSite,numberOfRobotsOnWhiteSite
25785,20,20
timeStep,numberOfRobotsOnBlackSite,numberOfRobotsOnWhiteSite
25786,20,20
timeStep,numberOfRobotsOnBlackSite,numberOfRobotsOnWhiteSite
25787,20,20
timeStep,numberOfRobotsOnBlackSite,numberOfRobotsOnWhiteSite
25788,20,20
timeStep,numberOfRobotsOnBlackSite,numberOfRobotsOnWhiteSite
25789,20,20
timeStep,numberOfRobotsOnBlackSite,numberOfRobotsOnWhiteSite
25790,20,20
timeStep,numberOfRobotsOnBlackSite,numberOfRobotsOnWhiteSite
25791,20,20
timeStep,numberOfRobotsOnBlackSite,numberOfRobotsOnWhiteSite
25792,20,20
timeStep,numberOfRobotsOnBlackSite,numberOfRobotsOnWhiteSite
25793,20,20
timeStep,numberOfRobotsOnBlackSite,numberOfRobotsOnWhiteSite
25794,20,20
timeStep,numberOfRobotsOnBlackSite,numberOfRobotsOnWhiteSite
25795,21,20
timeStep,numberOfRobotsOnBlackSite,numberOfRobotsOnWhiteSite
25796,21,20
timeStep,numberOfRobotsOnBlackSite,numberOfRobotsOnWhiteSite
25797,21,20
timeStep,numberOfRobotsOnBlackSite,numberOfRobotsOnWhiteSite
25798,21,20
timeStep,numberOfRobotsOnBlackSite,numberOfRobotsOnWhiteSite
25799,21,20
timeStep,numberOfRobotsOnBlackSite,numberOfRobotsOnWhiteSite
25800,22,20
timeStep,numberOfRobotsOnBlackSite,numberOfRobotsOnWhiteSite
25801,22,20
timeStep,numberOfRobotsOnBlackSite,numberOfRobotsOnWhiteSite
25802,22,20
timeStep,numberOfRobotsOnBlackSite,numberOfRobotsOnWhiteSite
25803,22,20
timeStep,numberOfRobotsOnBlackSite,numberOfRobotsOnWhiteSite
25804,22,20
timeStep,numberOfRobotsOnBlackSite,numberOfRobotsOnWhiteSite
25805,22,20
timeStep,numberOfRobotsOnBlackSite,numberOfRobotsOnWhiteSite
25806,22,20
timeStep,numberOfRobotsOnBlackSite,numberOfRobotsOnWhiteSite
25807,22,20
timeStep,numberOfRobotsOnBlackSite,numberOfRobotsOnWhiteSite
25808,22,20
timeStep,numberOfRobotsOnBlackSite,numberOfRobotsOnWhiteSite
25809,22,20
timeStep,numberOfRobotsOnBlackSite,numberOfRobotsOnWhiteSite
25810,22,20
timeStep,numberOfRobotsOnBlackSite,numberOfRobotsOnWhiteSite
25811,22,20
timeStep,numberOfRobotsOnBlackSite,numberOfRobotsOnWhiteSite
25812,22,20
timeStep,numberOfRobotsOnBlackSite,numberOfRobotsOnWhiteSite
25813,22,20
timeStep,numberOfRobotsOnBlackSite,numberOfRobotsOnWhiteSite
25814,22,20
timeStep,numberOfRobotsOnBlackSite,numberOfRobotsOnWhiteSite
25815,22,20
timeStep,numberOfRobotsOnBlackSite,numberOfRobotsOnWhiteSite
25816,22,20
timeStep,numberOfRobotsOnBlackSite,numberOfRobotsOnWhiteSite
25817,22,20
timeStep,numberOfRobotsOnBlackSite,numberOfRobotsOnWhiteSite
25818,22,20
timeStep,numberOfRobotsOnBlackSite,numberOfRobotsOnWhiteSite
25819,22,20
timeStep,numberOfRobotsOnBlackSite,numberOfRobotsOnWhiteSite
25820,22,20
timeStep,numberOfRobotsOnBlackSite,numberOfRobotsOnWhiteSite
25821,22,20
timeStep,numberOfRobotsOnBlackSite,numberOfRobotsOnWhiteSite
25822,22,20
timeStep,numberOfRobotsOnBlackSite,numberOfRobotsOnWhiteSite
25823,22,20
timeStep,numberOfRobotsOnBlackSite,numberOfRobotsOnWhiteSite
25824,22,20
timeStep,numberOfRobotsOnBlackSite,numberOfRobotsOnWhiteSite
25825,22,21
timeStep,numberOfRobotsOnBlackSite,numberOfRobotsOnWhiteSite
25826,22,21
timeStep,numberOfRobotsOnBlackSite,numberOfRobotsOnWhiteSite
25827,22,21
timeStep,numberOfRobotsOnBlackSite,numberOfRobotsOnWhiteSite
25828,22,21
timeStep,numberOfRobotsOnBlackSite,numberOfRobotsOnWhiteSite
25829,22,21
timeStep,numberOfRobotsOnBlackSite,numberOfRobotsOnWhiteSite
25830,22,21
timeStep,numberOfRobotsOnBlackSite,numberOfRobotsOnWhiteSite
25831,22,21
timeStep,numberOfRobotsOnBlackSite,numberOfRobotsOnWhiteSite
25832,22,21
timeStep,numberOfRobotsOnBlackSite,numberOfRobotsOnWhiteSite
25833,22,21
timeStep,numberOfRobotsOnBlackSite,numberOfRobotsOnWhiteSite
25834,22,21
timeStep,numberOfRobotsOnBlackSite,numberOfRobotsOnWhiteSite
25835,22,21
timeStep,numberOfRobotsOnBlackSite,numberOfRobotsOnWhiteSite
25836,22,21
timeStep,numberOfRobotsOnBlackSite,numberOfRobotsOnWhiteSite
25837,22,21
timeStep,numberOfRobotsOnBlackSite,numberOfRobotsOnWhiteSite
25838,22,21
timeStep,numberOfRobotsOnBlackSite,numberOfRobotsOnWhiteSite
25839,22,21
timeStep,numberOfRobotsOnBlackSite,numberOfRobotsOnWhiteSite
25840,22,21
timeStep,numberOfRobotsOnBlackSite,numberOfRobotsOnWhiteSite
25841,22,21
timeStep,numberOfRobotsOnBlackSite,numberOfRobotsOnWhiteSite
25842,22,21
timeStep,numberOfRobotsOnBlackSite,numberOfRobotsOnWhiteSite
25843,22,21
timeStep,numberOfRobotsOnBlackSite,numberOfRobotsOnWhiteSite
25844,22,21
timeStep,numberOfRobotsOnBlackSite,numberOfRobotsOnWhiteSite
25845,22,21
timeStep,numberOfRobotsOnBlackSite,numberOfRobotsOnWhiteSite
25846,22,21
timeStep,numberOfRobotsOnBlackSite,numberOfRobotsOnWhiteSite
25847,22,21
timeStep,numberOfRobotsOnBlackSite,numberOfRobotsOnWhiteSite
25848,22,21
timeStep,numberOfRobotsOnBlackSite,numberOfRobotsOnWhiteSite
25849,22,21
timeStep,numberOfRobotsOnBlackSite,numberOfRobotsOnWhiteSite
25850,22,21
timeStep,numberOfRobotsOnBlackSite,numberOfRobotsOnWhiteSite
25851,22,21
timeStep,numberOfRobotsOnBlackSite,numberOfRobotsOnWhiteSite
25852,22,21
timeStep,numberOfRobotsOnBlackSite,numberOfRobotsOnWhiteSite
25853,22,21
timeStep,numberOfRobotsOnBlackSite,numberOfRobotsOnWhiteSite
25854,22,21
timeStep,numberOfRobotsOnBlackSite,numberOfRobotsOnWhiteSite
25855,22,21
timeStep,numberOfRobotsOnBlackSite,numberOfRobotsOnWhiteSite
25856,22,21
timeStep,numberOfRobotsOnBlackSite,numberOfRobotsOnWhiteSite
25857,22,21
timeStep,numberOfRobotsOnBlackSite,numberOfRobotsOnWhiteSite
25858,22,21
timeStep,numberOfRobotsOnBlackSite,numberOfRobotsOnWhiteSite
25859,22,21
timeStep,numberOfRobotsOnBlackSite,numberOfRobotsOnWhiteSite
25860,22,21
timeStep,numberOfRobotsOnBlackSite,numberOfRobotsOnWhiteSite
25861,22,21
timeStep,numberOfRobotsOnBlackSite,numberOfRobotsOnWhiteSite
25862,22,21
timeStep,numberOfRobotsOnBlackSite,numberOfRobotsOnWhiteSite
25863,22,21
timeStep,numberOfRobotsOnBlackSite,numberOfRobotsOnWhiteSite
25864,22,21
timeStep,numberOfRobotsOnBlackSite,numberOfRobotsOnWhiteSite
25865,22,21
timeStep,numberOfRobotsOnBlackSite,numberOfRobotsOnWhiteSite
25866,22,21
timeStep,numberOfRobotsOnBlackSite,numberOfRobotsOnWhiteSite
25867,22,21
timeStep,numberOfRobotsOnBlackSite,numberOfRobotsOnWhiteSite
25868,22,21
timeStep,numberOfRobotsOnBlackSite,numberOfRobotsOnWhiteSite
25869,22,21
timeStep,numberOfRobotsOnBlackSite,numberOfRobotsOnWhiteSite
25870,22,21
timeStep,numberOfRobotsOnBlackSite,numberOfRobotsOnWhiteSite
25871,22,21
timeStep,numberOfRobotsOnBlackSite,numberOfRobotsOnWhiteSite
25872,22,21
timeStep,numberOfRobotsOnBlackSite,numberOfRobotsOnWhiteSite
25873,22,21
timeStep,numberOfRobotsOnBlackSite,numberOfRobotsOnWhiteSite
25874,22,21
timeStep,numberOfRobotsOnBlackSite,numberOfRobotsOnWhiteSite
25875,22,21
timeStep,numberOfRobotsOnBlackSite,numberOfRobotsOnWhiteSite
25876,22,21
timeStep,numberOfRobotsOnBlackSite,numberOfRobotsOnWhiteSite
25877,22,21
timeStep,numberOfRobotsOnBlackSite,numberOfRobotsOnWhiteSite
25878,22,21
timeStep,numberOfRobotsOnBlackSite,numberOfRobotsOnWhiteSite
25879,22,21
timeStep,numberOfRobotsOnBlackSite,numberOfRobotsOnWhiteSite
25880,22,21
timeStep,numberOfRobotsOnBlackSite,numberOfRobotsOnWhiteSite
25881,22,21
timeStep,numberOfRobotsOnBlackSite,numberOfRobotsOnWhiteSite
25882,22,21
timeStep,numberOfRobotsOnBlackSite,numberOfRobotsOnWhiteSite
25883,22,21
timeStep,numberOfRobotsOnBlackSite,numberOfRobotsOnWhiteSite
25884,22,21
timeStep,numberOfRobotsOnBlackSite,numberOfRobotsOnWhiteSite
25885,22,21
timeStep,numberOfRobotsOnBlackSite,numberOfRobotsOnWhiteSite
25886,22,21
timeStep,numberOfRobotsOnBlackSite,numberOfRobotsOnWhiteSite
25887,22,21
timeStep,numberOfRobotsOnBlackSite,numberOfRobotsOnWhiteSite
25888,22,21
timeStep,numberOfRobotsOnBlackSite,numberOfRobotsOnWhiteSite
25889,22,21
timeStep,numberOfRobotsOnBlackSite,numberOfRobotsOnWhiteSite
25890,22,21
timeStep,numberOfRobotsOnBlackSite,numberOfRobotsOnWhiteSite
25891,22,21
timeStep,numberOfRobotsOnBlackSite,numberOfRobotsOnWhiteSite
25892,22,21
timeStep,numberOfRobotsOnBlackSite,numberOfRobotsOnWhiteSite
25893,22,21
timeStep,numberOfRobotsOnBlackSite,numberOfRobotsOnWhiteSite
25894,22,21
timeStep,numberOfRobotsOnBlackSite,numberOfRobotsOnWhiteSite
25895,22,21
timeStep,numberOfRobotsOnBlackSite,numberOfRobotsOnWhiteSite
25896,22,21
timeStep,numberOfRobotsOnBlackSite,numberOfRobotsOnWhiteSite
25897,22,21
timeStep,numberOfRobotsOnBlackSite,numberOfRobotsOnWhiteSite
25898,22,21
timeStep,numberOfRobotsOnBlackSite,numberOfRobotsOnWhiteSite
25899,22,21
timeStep,numberOfRobotsOnBlackSite,numberOfRobotsOnWhiteSite
25900,22,21
timeStep,numberOfRobotsOnBlackSite,numberOfRobotsOnWhiteSite
25901,22,21
timeStep,numberOfRobotsOnBlackSite,numberOfRobotsOnWhiteSite
25902,22,21
timeStep,numberOfRobotsOnBlackSite,numberOfRobotsOnWhiteSite
25903,22,21
timeStep,numberOfRobotsOnBlackSite,numberOfRobotsOnWhiteSite
25904,22,21
timeStep,numberOfRobotsOnBlackSite,numberOfRobotsOnWhiteSite
25905,22,21
timeStep,numberOfRobotsOnBlackSite,numberOfRobotsOnWhiteSite
25906,22,21
timeStep,numberOfRobotsOnBlackSite,numberOfRobotsOnWhiteSite
25907,22,21
timeStep,numberOfRobotsOnBlackSite,numberOfRobotsOnWhiteSite
25908,22,21
timeStep,numberOfRobotsOnBlackSite,numberOfRobotsOnWhiteSite
25909,22,21
timeStep,numberOfRobotsOnBlackSite,numberOfRobotsOnWhiteSite
25910,22,21
timeStep,numberOfRobotsOnBlackSite,numberOfRobotsOnWhiteSite
25911,22,21
timeStep,numberOfRobotsOnBlackSite,numberOfRobotsOnWhiteSite
25912,22,21
timeStep,numberOfRobotsOnBlackSite,numberOfRobotsOnWhiteSite
25913,22,21
timeStep,numberOfRobotsOnBlackSite,numberOfRobotsOnWhiteSite
25914,22,21
timeStep,numberOfRobotsOnBlackSite,numberOfRobotsOnWhiteSite
25915,22,21
timeStep,numberOfRobotsOnBlackSite,numberOfRobotsOnWhiteSite
25916,22,21
timeStep,numberOfRobotsOnBlackSite,numberOfRobotsOnWhiteSite
25917,22,21
timeStep,numberOfRobotsOnBlackSite,numberOfRobotsOnWhiteSite
25918,22,21
timeStep,numberOfRobotsOnBlackSite,numberOfRobotsOnWhiteSite
25919,22,21
timeStep,numberOfRobotsOnBlackSite,numberOfRobotsOnWhiteSite
25920,22,21
timeStep,numberOfRobotsOnBlackSite,numberOfRobotsOnWhiteSite
25921,22,21
timeStep,numberOfRobotsOnBlackSite,numberOfRobotsOnWhiteSite
25922,22,21
timeStep,numberOfRobotsOnBlackSite,numberOfRobotsOnWhiteSite
25923,22,21
timeStep,numberOfRobotsOnBlackSite,numberOfRobotsOnWhiteSite
25924,22,21
timeStep,numberOfRobotsOnBlackSite,numberOfRobotsOnWhiteSite
25925,22,21
timeStep,numberOfRobotsOnBlackSite,numberOfRobotsOnWhiteSite
25926,22,21
timeStep,numberOfRobotsOnBlackSite,numberOfRobotsOnWhiteSite
25927,22,21
timeStep,numberOfRobotsOnBlackSite,numberOfRobotsOnWhiteSite
25928,22,21
timeStep,numberOfRobotsOnBlackSite,numberOfRobotsOnWhiteSite
25929,22,21
timeStep,numberOfRobotsOnBlackSite,numberOfRobotsOnWhiteSite
25930,22,21
timeStep,numberOfRobotsOnBlackSite,numberOfRobotsOnWhiteSite
25931,22,21
timeStep,numberOfRobotsOnBlackSite,numberOfRobotsOnWhiteSite
25932,22,21
timeStep,numberOfRobotsOnBlackSite,numberOfRobotsOnWhiteSite
25933,22,21
timeStep,numberOfRobotsOnBlackSite,numberOfRobotsOnWhiteSite
25934,22,21
timeStep,numberOfRobotsOnBlackSite,numberOfRobotsOnWhiteSite
25935,21,21
timeStep,numberOfRobotsOnBlackSite,numberOfRobotsOnWhiteSite
25936,21,21
timeStep,numberOfRobotsOnBlackSite,numberOfRobotsOnWhiteSite
25937,21,21
timeStep,numberOfRobotsOnBlackSite,numberOfRobotsOnWhiteSite
25938,21,21
timeStep,numberOfRobotsOnBlackSite,numberOfRobotsOnWhiteSite
25939,21,21
timeStep,numberOfRobotsOnBlackSite,numberOfRobotsOnWhiteSite
25940,21,21
timeStep,numberOfRobotsOnBlackSite,numberOfRobotsOnWhiteSite
25941,21,21
timeStep,numberOfRobotsOnBlackSite,numberOfRobotsOnWhiteSite
25942,21,21
timeStep,numberOfRobotsOnBlackSite,numberOfRobotsOnWhiteSite
25943,21,21
timeStep,numberOfRobotsOnBlackSite,numberOfRobotsOnWhiteSite
25944,21,21
timeStep,numberOfRobotsOnBlackSite,numberOfRobotsOnWhiteSite
25945,22,21
timeStep,numberOfRobotsOnBlackSite,numberOfRobotsOnWhiteSite
25946,22,21
timeStep,numberOfRobotsOnBlackSite,numberOfRobotsOnWhiteSite
25947,22,21
timeStep,numberOfRobotsOnBlackSite,numberOfRobotsOnWhiteSite
25948,22,21
timeStep,numberOfRobotsOnBlackSite,numberOfRobotsOnWhiteSite
25949,22,21
timeStep,numberOfRobotsOnBlackSite,numberOfRobotsOnWhiteSite
25950,22,21
timeStep,numberOfRobotsOnBlackSite,numberOfRobotsOnWhiteSite
25951,22,21
timeStep,numberOfRobotsOnBlackSite,numberOfRobotsOnWhiteSite
25952,22,21
timeStep,numberOfRobotsOnBlackSite,numberOfRobotsOnWhiteSite
25953,22,21
timeStep,numberOfRobotsOnBlackSite,numberOfRobotsOnWhiteSite
25954,22,21
timeStep,numberOfRobotsOnBlackSite,numberOfRobotsOnWhiteSite
25955,22,21
timeStep,numberOfRobotsOnBlackSite,numberOfRobotsOnWhiteSite
25956,22,21
timeStep,numberOfRobotsOnBlackSite,numberOfRobotsOnWhiteSite
25957,22,21
timeStep,numberOfRobotsOnBlackSite,numberOfRobotsOnWhiteSite
25958,22,21
timeStep,numberOfRobotsOnBlackSite,numberOfRobotsOnWhiteSite
25959,22,21
timeStep,numberOfRobotsOnBlackSite,numberOfRobotsOnWhiteSite
25960,22,21
timeStep,numberOfRobotsOnBlackSite,numberOfRobotsOnWhiteSite
25961,22,21
timeStep,numberOfRobotsOnBlackSite,numberOfRobotsOnWhiteSite
25962,22,21
timeStep,numberOfRobotsOnBlackSite,numberOfRobotsOnWhiteSite
25963,22,21
timeStep,numberOfRobotsOnBlackSite,numberOfRobotsOnWhiteSite
25964,22,21
timeStep,numberOfRobotsOnBlackSite,numberOfRobotsOnWhiteSite
25965,22,21
timeStep,numberOfRobotsOnBlackSite,numberOfRobotsOnWhiteSite
25966,22,21
timeStep,numberOfRobotsOnBlackSite,numberOfRobotsOnWhiteSite
25967,22,21
timeStep,numberOfRobotsOnBlackSite,numberOfRobotsOnWhiteSite
25968,22,21
timeStep,numberOfRobotsOnBlackSite,numberOfRobotsOnWhiteSite
25969,22,21
timeStep,numberOfRobotsOnBlackSite,numberOfRobotsOnWhiteSite
25970,22,21
timeStep,numberOfRobotsOnBlackSite,numberOfRobotsOnWhiteSite
25971,22,21
timeStep,numberOfRobotsOnBlackSite,numberOfRobotsOnWhiteSite
25972,22,21
timeStep,numberOfRobotsOnBlackSite,numberOfRobotsOnWhiteSite
25973,22,21
timeStep,numberOfRobotsOnBlackSite,numberOfRobotsOnWhiteSite
25974,22,21
timeStep,numberOfRobotsOnBlackSite,numberOfRobotsOnWhiteSite
25975,22,21
timeStep,numberOfRobotsOnBlackSite,numberOfRobotsOnWhiteSite
25976,22,21
timeStep,numberOfRobotsOnBlackSite,numberOfRobotsOnWhiteSite
25977,22,21
timeStep,numberOfRobotsOnBlackSite,numberOfRobotsOnWhiteSite
25978,22,21
timeStep,numberOfRobotsOnBlackSite,numberOfRobotsOnWhiteSite
25979,22,21
timeStep,numberOfRobotsOnBlackSite,numberOfRobotsOnWhiteSite
25980,22,21
timeStep,numberOfRobotsOnBlackSite,numberOfRobotsOnWhiteSite
25981,22,21
timeStep,numberOfRobotsOnBlackSite,numberOfRobotsOnWhiteSite
25982,22,21
timeStep,numberOfRobotsOnBlackSite,numberOfRobotsOnWhiteSite
25983,22,21
timeStep,numberOfRobotsOnBlackSite,numberOfRobotsOnWhiteSite
25984,22,21
timeStep,numberOfRobotsOnBlackSite,numberOfRobotsOnWhiteSite
25985,22,20
timeStep,numberOfRobotsOnBlackSite,numberOfRobotsOnWhiteSite
25986,22,20
timeStep,numberOfRobotsOnBlackSite,numberOfRobotsOnWhiteSite
25987,22,20
timeStep,numberOfRobotsOnBlackSite,numberOfRobotsOnWhiteSite
25988,22,20
timeStep,numberOfRobotsOnBlackSite,numberOfRobotsOnWhiteSite
25989,22,20
timeStep,numberOfRobotsOnBlackSite,numberOfRobotsOnWhiteSite
25990,22,20
timeStep,numberOfRobotsOnBlackSite,numberOfRobotsOnWhiteSite
25991,22,20
timeStep,numberOfRobotsOnBlackSite,numberOfRobotsOnWhiteSite
25992,22,20
timeStep,numberOfRobotsOnBlackSite,numberOfRobotsOnWhiteSite
25993,22,20
timeStep,numberOfRobotsOnBlackSite,numberOfRobotsOnWhiteSite
25994,22,20
timeStep,numberOfRobotsOnBlackSite,numberOfRobotsOnWhiteSite
25995,21,20
timeStep,numberOfRobotsOnBlackSite,numberOfRobotsOnWhiteSite
25996,21,20
timeStep,numberOfRobotsOnBlackSite,numberOfRobotsOnWhiteSite
25997,21,20
timeStep,numberOfRobotsOnBlackSite,numberOfRobotsOnWhiteSite
25998,21,20
timeStep,numberOfRobotsOnBlackSite,numberOfRobotsOnWhiteSite
25999,21,20
timeStep,numberOfRobotsOnBlackSite,numberOfRobotsOnWhiteSite
26000,21,20
timeStep,numberOfRobotsOnBlackSite,numberOfRobotsOnWhiteSite
26001,21,20
timeStep,numberOfRobotsOnBlackSite,numberOfRobotsOnWhiteSite
26002,21,20
timeStep,numberOfRobotsOnBlackSite,numberOfRobotsOnWhiteSite
26003,21,20
timeStep,numberOfRobotsOnBlackSite,numberOfRobotsOnWhiteSite
26004,21,20
timeStep,numberOfRobotsOnBlackSite,numberOfRobotsOnWhiteSite
26005,21,20
timeStep,numberOfRobotsOnBlackSite,numberOfRobotsOnWhiteSite
26006,21,20
timeStep,numberOfRobotsOnBlackSite,numberOfRobotsOnWhiteSite
26007,21,20
timeStep,numberOfRobotsOnBlackSite,numberOfRobotsOnWhiteSite
26008,21,20
timeStep,numberOfRobotsOnBlackSite,numberOfRobotsOnWhiteSite
26009,21,20
timeStep,numberOfRobotsOnBlackSite,numberOfRobotsOnWhiteSite
26010,21,20
timeStep,numberOfRobotsOnBlackSite,numberOfRobotsOnWhiteSite
26011,21,20
timeStep,numberOfRobotsOnBlackSite,numberOfRobotsOnWhiteSite
26012,21,20
timeStep,numberOfRobotsOnBlackSite,numberOfRobotsOnWhiteSite
26013,21,20
timeStep,numberOfRobotsOnBlackSite,numberOfRobotsOnWhiteSite
26014,21,20
timeStep,numberOfRobotsOnBlackSite,numberOfRobotsOnWhiteSite
26015,21,20
timeStep,numberOfRobotsOnBlackSite,numberOfRobotsOnWhiteSite
26016,21,20
timeStep,numberOfRobotsOnBlackSite,numberOfRobotsOnWhiteSite
26017,21,20
timeStep,numberOfRobotsOnBlackSite,numberOfRobotsOnWhiteSite
26018,21,20
timeStep,numberOfRobotsOnBlackSite,numberOfRobotsOnWhiteSite
26019,21,20
timeStep,numberOfRobotsOnBlackSite,numberOfRobotsOnWhiteSite
26020,21,20
timeStep,numberOfRobotsOnBlackSite,numberOfRobotsOnWhiteSite
26021,21,20
timeStep,numberOfRobotsOnBlackSite,numberOfRobotsOnWhiteSite
26022,21,20
timeStep,numberOfRobotsOnBlackSite,numberOfRobotsOnWhiteSite
26023,21,20
timeStep,numberOfRobotsOnBlackSite,numberOfRobotsOnWhiteSite
26024,21,20
timeStep,numberOfRobotsOnBlackSite,numberOfRobotsOnWhiteSite
26025,21,20
timeStep,numberOfRobotsOnBlackSite,numberOfRobotsOnWhiteSite
26026,21,20
timeStep,numberOfRobotsOnBlackSite,numberOfRobotsOnWhiteSite
26027,21,20
timeStep,numberOfRobotsOnBlackSite,numberOfRobotsOnWhiteSite
26028,21,20
timeStep,numberOfRobotsOnBlackSite,numberOfRobotsOnWhiteSite
26029,21,20
timeStep,numberOfRobotsOnBlackSite,numberOfRobotsOnWhiteSite
26030,21,20
timeStep,numberOfRobotsOnBlackSite,numberOfRobotsOnWhiteSite
26031,21,20
timeStep,numberOfRobotsOnBlackSite,numberOfRobotsOnWhiteSite
26032,21,20
timeStep,numberOfRobotsOnBlackSite,numberOfRobotsOnWhiteSite
26033,21,20
timeStep,numberOfRobotsOnBlackSite,numberOfRobotsOnWhiteSite
26034,21,20
timeStep,numberOfRobotsOnBlackSite,numberOfRobotsOnWhiteSite
26035,21,20
timeStep,numberOfRobotsOnBlackSite,numberOfRobotsOnWhiteSite
26036,21,20
timeStep,numberOfRobotsOnBlackSite,numberOfRobotsOnWhiteSite
26037,21,20
timeStep,numberOfRobotsOnBlackSite,numberOfRobotsOnWhiteSite
26038,21,20
timeStep,numberOfRobotsOnBlackSite,numberOfRobotsOnWhiteSite
26039,21,20
timeStep,numberOfRobotsOnBlackSite,numberOfRobotsOnWhiteSite
26040,21,20
timeStep,numberOfRobotsOnBlackSite,numberOfRobotsOnWhiteSite
26041,21,20
timeStep,numberOfRobotsOnBlackSite,numberOfRobotsOnWhiteSite
26042,21,20
timeStep,numberOfRobotsOnBlackSite,numberOfRobotsOnWhiteSite
26043,21,20
timeStep,numberOfRobotsOnBlackSite,numberOfRobotsOnWhiteSite
26044,21,20
timeStep,numberOfRobotsOnBlackSite,numberOfRobotsOnWhiteSite
26045,21,20
timeStep,numberOfRobotsOnBlackSite,numberOfRobotsOnWhiteSite
26046,21,20
timeStep,numberOfRobotsOnBlackSite,numberOfRobotsOnWhiteSite
26047,21,20
timeStep,numberOfRobotsOnBlackSite,numberOfRobotsOnWhiteSite
26048,21,20
timeStep,numberOfRobotsOnBlackSite,numberOfRobotsOnWhiteSite
26049,21,20
timeStep,numberOfRobotsOnBlackSite,numberOfRobotsOnWhiteSite
26050,21,20
timeStep,numberOfRobotsOnBlackSite,numberOfRobotsOnWhiteSite
26051,21,20
timeStep,numberOfRobotsOnBlackSite,numberOfRobotsOnWhiteSite
26052,21,20
timeStep,numberOfRobotsOnBlackSite,numberOfRobotsOnWhiteSite
26053,21,20
timeStep,numberOfRobotsOnBlackSite,numberOfRobotsOnWhiteSite
26054,21,20
timeStep,numberOfRobotsOnBlackSite,numberOfRobotsOnWhiteSite
26055,21,21
timeStep,numberOfRobotsOnBlackSite,numberOfRobotsOnWhiteSite
26056,21,21
timeStep,numberOfRobotsOnBlackSite,numberOfRobotsOnWhiteSite
26057,21,21
timeStep,numberOfRobotsOnBlackSite,numberOfRobotsOnWhiteSite
26058,21,21
timeStep,numberOfRobotsOnBlackSite,numberOfRobotsOnWhiteSite
26059,21,21
timeStep,numberOfRobotsOnBlackSite,numberOfRobotsOnWhiteSite
26060,21,21
timeStep,numberOfRobotsOnBlackSite,numberOfRobotsOnWhiteSite
26061,21,21
timeStep,numberOfRobotsOnBlackSite,numberOfRobotsOnWhiteSite
26062,21,21
timeStep,numberOfRobotsOnBlackSite,numberOfRobotsOnWhiteSite
26063,21,21
timeStep,numberOfRobotsOnBlackSite,numberOfRobotsOnWhiteSite
26064,21,21
timeStep,numberOfRobotsOnBlackSite,numberOfRobotsOnWhiteSite
26065,21,21
timeStep,numberOfRobotsOnBlackSite,numberOfRobotsOnWhiteSite
26066,21,21
timeStep,numberOfRobotsOnBlackSite,numberOfRobotsOnWhiteSite
26067,21,21
timeStep,numberOfRobotsOnBlackSite,numberOfRobotsOnWhiteSite
26068,21,21
timeStep,numberOfRobotsOnBlackSite,numberOfRobotsOnWhiteSite
26069,21,21
timeStep,numberOfRobotsOnBlackSite,numberOfRobotsOnWhiteSite
26070,21,21
timeStep,numberOfRobotsOnBlackSite,numberOfRobotsOnWhiteSite
26071,21,21
timeStep,numberOfRobotsOnBlackSite,numberOfRobotsOnWhiteSite
26072,21,21
timeStep,numberOfRobotsOnBlackSite,numberOfRobotsOnWhiteSite
26073,21,21
timeStep,numberOfRobotsOnBlackSite,numberOfRobotsOnWhiteSite
26074,21,21
timeStep,numberOfRobotsOnBlackSite,numberOfRobotsOnWhiteSite
26075,21,21
timeStep,numberOfRobotsOnBlackSite,numberOfRobotsOnWhiteSite
26076,21,21
timeStep,numberOfRobotsOnBlackSite,numberOfRobotsOnWhiteSite
26077,21,21
timeStep,numberOfRobotsOnBlackSite,numberOfRobotsOnWhiteSite
26078,21,21
timeStep,numberOfRobotsOnBlackSite,numberOfRobotsOnWhiteSite
26079,21,21
timeStep,numberOfRobotsOnBlackSite,numberOfRobotsOnWhiteSite
26080,21,21
timeStep,numberOfRobotsOnBlackSite,numberOfRobotsOnWhiteSite
26081,21,21
timeStep,numberOfRobotsOnBlackSite,numberOfRobotsOnWhiteSite
26082,21,21
timeStep,numberOfRobotsOnBlackSite,numberOfRobotsOnWhiteSite
26083,21,21
timeStep,numberOfRobotsOnBlackSite,numberOfRobotsOnWhiteSite
26084,21,21
timeStep,numberOfRobotsOnBlackSite,numberOfRobotsOnWhiteSite
26085,21,22
timeStep,numberOfRobotsOnBlackSite,numberOfRobotsOnWhiteSite
26086,21,22
timeStep,numberOfRobotsOnBlackSite,numberOfRobotsOnWhiteSite
26087,21,22
timeStep,numberOfRobotsOnBlackSite,numberOfRobotsOnWhiteSite
26088,21,22
timeStep,numberOfRobotsOnBlackSite,numberOfRobotsOnWhiteSite
26089,21,22
timeStep,numberOfRobotsOnBlackSite,numberOfRobotsOnWhiteSite
26090,21,22
timeStep,numberOfRobotsOnBlackSite,numberOfRobotsOnWhiteSite
26091,21,22
timeStep,numberOfRobotsOnBlackSite,numberOfRobotsOnWhiteSite
26092,21,22
timeStep,numberOfRobotsOnBlackSite,numberOfRobotsOnWhiteSite
26093,21,22
timeStep,numberOfRobotsOnBlackSite,numberOfRobotsOnWhiteSite
26094,21,22
timeStep,numberOfRobotsOnBlackSite,numberOfRobotsOnWhiteSite
26095,21,22
timeStep,numberOfRobotsOnBlackSite,numberOfRobotsOnWhiteSite
26096,21,22
timeStep,numberOfRobotsOnBlackSite,numberOfRobotsOnWhiteSite
26097,21,22
timeStep,numberOfRobotsOnBlackSite,numberOfRobotsOnWhiteSite
26098,21,22
timeStep,numberOfRobotsOnBlackSite,numberOfRobotsOnWhiteSite
26099,21,22
timeStep,numberOfRobotsOnBlackSite,numberOfRobotsOnWhiteSite
26100,21,22
timeStep,numberOfRobotsOnBlackSite,numberOfRobotsOnWhiteSite
26101,21,22
timeStep,numberOfRobotsOnBlackSite,numberOfRobotsOnWhiteSite
26102,21,22
timeStep,numberOfRobotsOnBlackSite,numberOfRobotsOnWhiteSite
26103,21,22
timeStep,numberOfRobotsOnBlackSite,numberOfRobotsOnWhiteSite
26104,21,22
timeStep,numberOfRobotsOnBlackSite,numberOfRobotsOnWhiteSite
26105,21,21
timeStep,numberOfRobotsOnBlackSite,numberOfRobotsOnWhiteSite
26106,21,21
timeStep,numberOfRobotsOnBlackSite,numberOfRobotsOnWhiteSite
26107,21,21
timeStep,numberOfRobotsOnBlackSite,numberOfRobotsOnWhiteSite
26108,21,21
timeStep,numberOfRobotsOnBlackSite,numberOfRobotsOnWhiteSite
26109,21,21
timeStep,numberOfRobotsOnBlackSite,numberOfRobotsOnWhiteSite
26110,21,21
timeStep,numberOfRobotsOnBlackSite,numberOfRobotsOnWhiteSite
26111,21,21
timeStep,numberOfRobotsOnBlackSite,numberOfRobotsOnWhiteSite
26112,21,21
timeStep,numberOfRobotsOnBlackSite,numberOfRobotsOnWhiteSite
26113,21,21
timeStep,numberOfRobotsOnBlackSite,numberOfRobotsOnWhiteSite
26114,21,21
timeStep,numberOfRobotsOnBlackSite,numberOfRobotsOnWhiteSite
26115,21,21
timeStep,numberOfRobotsOnBlackSite,numberOfRobotsOnWhiteSite
26116,21,21
timeStep,numberOfRobotsOnBlackSite,numberOfRobotsOnWhiteSite
26117,21,21
timeStep,numberOfRobotsOnBlackSite,numberOfRobotsOnWhiteSite
26118,21,21
timeStep,numberOfRobotsOnBlackSite,numberOfRobotsOnWhiteSite
26119,21,21
timeStep,numberOfRobotsOnBlackSite,numberOfRobotsOnWhiteSite
26120,21,21
timeStep,numberOfRobotsOnBlackSite,numberOfRobotsOnWhiteSite
26121,21,21
timeStep,numberOfRobotsOnBlackSite,numberOfRobotsOnWhiteSite
26122,21,21
timeStep,numberOfRobotsOnBlackSite,numberOfRobotsOnWhiteSite
26123,21,21
timeStep,numberOfRobotsOnBlackSite,numberOfRobotsOnWhiteSite
26124,21,21
timeStep,numberOfRobotsOnBlackSite,numberOfRobotsOnWhiteSite
26125,21,21
timeStep,numberOfRobotsOnBlackSite,numberOfRobotsOnWhiteSite
26126,21,21
timeStep,numberOfRobotsOnBlackSite,numberOfRobotsOnWhiteSite
26127,21,21
timeStep,numberOfRobotsOnBlackSite,numberOfRobotsOnWhiteSite
26128,21,21
timeStep,numberOfRobotsOnBlackSite,numberOfRobotsOnWhiteSite
26129,21,21
timeStep,numberOfRobotsOnBlackSite,numberOfRobotsOnWhiteSite
26130,21,21
timeStep,numberOfRobotsOnBlackSite,numberOfRobotsOnWhiteSite
26131,21,21
timeStep,numberOfRobotsOnBlackSite,numberOfRobotsOnWhiteSite
26132,21,21
timeStep,numberOfRobotsOnBlackSite,numberOfRobotsOnWhiteSite
26133,21,21
timeStep,numberOfRobotsOnBlackSite,numberOfRobotsOnWhiteSite
26134,21,21
timeStep,numberOfRobotsOnBlackSite,numberOfRobotsOnWhiteSite
26135,21,21
timeStep,numberOfRobotsOnBlackSite,numberOfRobotsOnWhiteSite
26136,21,21
timeStep,numberOfRobotsOnBlackSite,numberOfRobotsOnWhiteSite
26137,21,21
timeStep,numberOfRobotsOnBlackSite,numberOfRobotsOnWhiteSite
26138,21,21
timeStep,numberOfRobotsOnBlackSite,numberOfRobotsOnWhiteSite
26139,21,21
timeStep,numberOfRobotsOnBlackSite,numberOfRobotsOnWhiteSite
26140,21,21
timeStep,numberOfRobotsOnBlackSite,numberOfRobotsOnWhiteSite
26141,21,21
timeStep,numberOfRobotsOnBlackSite,numberOfRobotsOnWhiteSite
26142,21,21
timeStep,numberOfRobotsOnBlackSite,numberOfRobotsOnWhiteSite
26143,21,21
timeStep,numberOfRobotsOnBlackSite,numberOfRobotsOnWhiteSite
26144,21,21
timeStep,numberOfRobotsOnBlackSite,numberOfRobotsOnWhiteSite
26145,21,21
timeStep,numberOfRobotsOnBlackSite,numberOfRobotsOnWhiteSite
26146,21,21
timeStep,numberOfRobotsOnBlackSite,numberOfRobotsOnWhiteSite
26147,21,21
timeStep,numberOfRobotsOnBlackSite,numberOfRobotsOnWhiteSite
26148,21,21
timeStep,numberOfRobotsOnBlackSite,numberOfRobotsOnWhiteSite
26149,21,21
timeStep,numberOfRobotsOnBlackSite,numberOfRobotsOnWhiteSite
26150,21,21
timeStep,numberOfRobotsOnBlackSite,numberOfRobotsOnWhiteSite
26151,21,21
timeStep,numberOfRobotsOnBlackSite,numberOfRobotsOnWhiteSite
26152,21,21
timeStep,numberOfRobotsOnBlackSite,numberOfRobotsOnWhiteSite
26153,21,21
timeStep,numberOfRobotsOnBlackSite,numberOfRobotsOnWhiteSite
26154,21,21
timeStep,numberOfRobotsOnBlackSite,numberOfRobotsOnWhiteSite
26155,21,21
timeStep,numberOfRobotsOnBlackSite,numberOfRobotsOnWhiteSite
26156,21,21
timeStep,numberOfRobotsOnBlackSite,numberOfRobotsOnWhiteSite
26157,21,21
timeStep,numberOfRobotsOnBlackSite,numberOfRobotsOnWhiteSite
26158,21,21
timeStep,numberOfRobotsOnBlackSite,numberOfRobotsOnWhiteSite
26159,21,21
timeStep,numberOfRobotsOnBlackSite,numberOfRobotsOnWhiteSite
26160,21,21
timeStep,numberOfRobotsOnBlackSite,numberOfRobotsOnWhiteSite
26161,21,21
timeStep,numberOfRobotsOnBlackSite,numberOfRobotsOnWhiteSite
26162,21,21
timeStep,numberOfRobotsOnBlackSite,numberOfRobotsOnWhiteSite
26163,21,21
timeStep,numberOfRobotsOnBlackSite,numberOfRobotsOnWhiteSite
26164,21,21
timeStep,numberOfRobotsOnBlackSite,numberOfRobotsOnWhiteSite
26165,21,21
timeStep,numberOfRobotsOnBlackSite,numberOfRobotsOnWhiteSite
26166,21,21
timeStep,numberOfRobotsOnBlackSite,numberOfRobotsOnWhiteSite
26167,21,21
timeStep,numberOfRobotsOnBlackSite,numberOfRobotsOnWhiteSite
26168,21,21
timeStep,numberOfRobotsOnBlackSite,numberOfRobotsOnWhiteSite
26169,21,21
timeStep,numberOfRobotsOnBlackSite,numberOfRobotsOnWhiteSite
26170,21,21
timeStep,numberOfRobotsOnBlackSite,numberOfRobotsOnWhiteSite
26171,21,21
timeStep,numberOfRobotsOnBlackSite,numberOfRobotsOnWhiteSite
26172,21,21
timeStep,numberOfRobotsOnBlackSite,numberOfRobotsOnWhiteSite
26173,21,21
timeStep,numberOfRobotsOnBlackSite,numberOfRobotsOnWhiteSite
26174,21,21
timeStep,numberOfRobotsOnBlackSite,numberOfRobotsOnWhiteSite
26175,21,21
timeStep,numberOfRobotsOnBlackSite,numberOfRobotsOnWhiteSite
26176,21,21
timeStep,numberOfRobotsOnBlackSite,numberOfRobotsOnWhiteSite
26177,21,21
timeStep,numberOfRobotsOnBlackSite,numberOfRobotsOnWhiteSite
26178,21,21
timeStep,numberOfRobotsOnBlackSite,numberOfRobotsOnWhiteSite
26179,21,21
timeStep,numberOfRobotsOnBlackSite,numberOfRobotsOnWhiteSite
26180,21,21
timeStep,numberOfRobotsOnBlackSite,numberOfRobotsOnWhiteSite
26181,21,21
timeStep,numberOfRobotsOnBlackSite,numberOfRobotsOnWhiteSite
26182,21,21
timeStep,numberOfRobotsOnBlackSite,numberOfRobotsOnWhiteSite
26183,21,21
timeStep,numberOfRobotsOnBlackSite,numberOfRobotsOnWhiteSite
26184,21,21
timeStep,numberOfRobotsOnBlackSite,numberOfRobotsOnWhiteSite
26185,21,21
timeStep,numberOfRobotsOnBlackSite,numberOfRobotsOnWhiteSite
26186,21,21
timeStep,numberOfRobotsOnBlackSite,numberOfRobotsOnWhiteSite
26187,21,21
timeStep,numberOfRobotsOnBlackSite,numberOfRobotsOnWhiteSite
26188,21,21
timeStep,numberOfRobotsOnBlackSite,numberOfRobotsOnWhiteSite
26189,21,21
timeStep,numberOfRobotsOnBlackSite,numberOfRobotsOnWhiteSite
26190,21,21
timeStep,numberOfRobotsOnBlackSite,numberOfRobotsOnWhiteSite
26191,21,21
timeStep,numberOfRobotsOnBlackSite,numberOfRobotsOnWhiteSite
26192,21,21
timeStep,numberOfRobotsOnBlackSite,numberOfRobotsOnWhiteSite
26193,21,21
timeStep,numberOfRobotsOnBlackSite,numberOfRobotsOnWhiteSite
26194,21,21
timeStep,numberOfRobotsOnBlackSite,numberOfRobotsOnWhiteSite
26195,20,21
timeStep,numberOfRobotsOnBlackSite,numberOfRobotsOnWhiteSite
26196,20,21
timeStep,numberOfRobotsOnBlackSite,numberOfRobotsOnWhiteSite
26197,20,21
timeStep,numberOfRobotsOnBlackSite,numberOfRobotsOnWhiteSite
26198,20,21
timeStep,numberOfRobotsOnBlackSite,numberOfRobotsOnWhiteSite
26199,20,21
timeStep,numberOfRobotsOnBlackSite,numberOfRobotsOnWhiteSite
26200,21,21
timeStep,numberOfRobotsOnBlackSite,numberOfRobotsOnWhiteSite
26201,21,21
timeStep,numberOfRobotsOnBlackSite,numberOfRobotsOnWhiteSite
26202,21,21
timeStep,numberOfRobotsOnBlackSite,numberOfRobotsOnWhiteSite
26203,21,21
timeStep,numberOfRobotsOnBlackSite,numberOfRobotsOnWhiteSite
26204,21,21
timeStep,numberOfRobotsOnBlackSite,numberOfRobotsOnWhiteSite
26205,21,22
timeStep,numberOfRobotsOnBlackSite,numberOfRobotsOnWhiteSite
26206,21,22
timeStep,numberOfRobotsOnBlackSite,numberOfRobotsOnWhiteSite
26207,21,22
timeStep,numberOfRobotsOnBlackSite,numberOfRobotsOnWhiteSite
26208,21,22
timeStep,numberOfRobotsOnBlackSite,numberOfRobotsOnWhiteSite
26209,21,22
timeStep,numberOfRobotsOnBlackSite,numberOfRobotsOnWhiteSite
26210,21,21
timeStep,numberOfRobotsOnBlackSite,numberOfRobotsOnWhiteSite
26211,21,21
timeStep,numberOfRobotsOnBlackSite,numberOfRobotsOnWhiteSite
26212,21,21
timeStep,numberOfRobotsOnBlackSite,numberOfRobotsOnWhiteSite
26213,21,21
timeStep,numberOfRobotsOnBlackSite,numberOfRobotsOnWhiteSite
26214,21,21
timeStep,numberOfRobotsOnBlackSite,numberOfRobotsOnWhiteSite
26215,21,21
timeStep,numberOfRobotsOnBlackSite,numberOfRobotsOnWhiteSite
26216,21,21
timeStep,numberOfRobotsOnBlackSite,numberOfRobotsOnWhiteSite
26217,21,21
timeStep,numberOfRobotsOnBlackSite,numberOfRobotsOnWhiteSite
26218,21,21
timeStep,numberOfRobotsOnBlackSite,numberOfRobotsOnWhiteSite
26219,21,21
timeStep,numberOfRobotsOnBlackSite,numberOfRobotsOnWhiteSite
26220,21,21
timeStep,numberOfRobotsOnBlackSite,numberOfRobotsOnWhiteSite
26221,21,21
timeStep,numberOfRobotsOnBlackSite,numberOfRobotsOnWhiteSite
26222,21,21
timeStep,numberOfRobotsOnBlackSite,numberOfRobotsOnWhiteSite
26223,21,21
timeStep,numberOfRobotsOnBlackSite,numberOfRobotsOnWhiteSite
26224,21,21
timeStep,numberOfRobotsOnBlackSite,numberOfRobotsOnWhiteSite
26225,21,22
timeStep,numberOfRobotsOnBlackSite,numberOfRobotsOnWhiteSite
26226,21,22
timeStep,numberOfRobotsOnBlackSite,numberOfRobotsOnWhiteSite
26227,21,22
timeStep,numberOfRobotsOnBlackSite,numberOfRobotsOnWhiteSite
26228,21,22
timeStep,numberOfRobotsOnBlackSite,numberOfRobotsOnWhiteSite
26229,21,22
timeStep,numberOfRobotsOnBlackSite,numberOfRobotsOnWhiteSite
26230,21,22
timeStep,numberOfRobotsOnBlackSite,numberOfRobotsOnWhiteSite
26231,21,22
timeStep,numberOfRobotsOnBlackSite,numberOfRobotsOnWhiteSite
26232,21,22
timeStep,numberOfRobotsOnBlackSite,numberOfRobotsOnWhiteSite
26233,21,22
timeStep,numberOfRobotsOnBlackSite,numberOfRobotsOnWhiteSite
26234,21,22
timeStep,numberOfRobotsOnBlackSite,numberOfRobotsOnWhiteSite
26235,21,22
timeStep,numberOfRobotsOnBlackSite,numberOfRobotsOnWhiteSite
26236,21,22
timeStep,numberOfRobotsOnBlackSite,numberOfRobotsOnWhiteSite
26237,21,22
timeStep,numberOfRobotsOnBlackSite,numberOfRobotsOnWhiteSite
26238,21,22
timeStep,numberOfRobotsOnBlackSite,numberOfRobotsOnWhiteSite
26239,21,22
timeStep,numberOfRobotsOnBlackSite,numberOfRobotsOnWhiteSite
26240,21,22
timeStep,numberOfRobotsOnBlackSite,numberOfRobotsOnWhiteSite
26241,21,22
timeStep,numberOfRobotsOnBlackSite,numberOfRobotsOnWhiteSite
26242,21,22
timeStep,numberOfRobotsOnBlackSite,numberOfRobotsOnWhiteSite
26243,21,22
timeStep,numberOfRobotsOnBlackSite,numberOfRobotsOnWhiteSite
26244,21,22
timeStep,numberOfRobotsOnBlackSite,numberOfRobotsOnWhiteSite
26245,20,22
timeStep,numberOfRobotsOnBlackSite,numberOfRobotsOnWhiteSite
26246,20,22
timeStep,numberOfRobotsOnBlackSite,numberOfRobotsOnWhiteSite
26247,20,22
timeStep,numberOfRobotsOnBlackSite,numberOfRobotsOnWhiteSite
26248,20,22
timeStep,numberOfRobotsOnBlackSite,numberOfRobotsOnWhiteSite
26249,20,22
timeStep,numberOfRobotsOnBlackSite,numberOfRobotsOnWhiteSite
26250,20,22
timeStep,numberOfRobotsOnBlackSite,numberOfRobotsOnWhiteSite
26251,20,22
timeStep,numberOfRobotsOnBlackSite,numberOfRobotsOnWhiteSite
26252,20,22
timeStep,numberOfRobotsOnBlackSite,numberOfRobotsOnWhiteSite
26253,20,22
timeStep,numberOfRobotsOnBlackSite,numberOfRobotsOnWhiteSite
26254,20,22
timeStep,numberOfRobotsOnBlackSite,numberOfRobotsOnWhiteSite
26255,20,22
timeStep,numberOfRobotsOnBlackSite,numberOfRobotsOnWhiteSite
26256,20,22
timeStep,numberOfRobotsOnBlackSite,numberOfRobotsOnWhiteSite
26257,20,22
timeStep,numberOfRobotsOnBlackSite,numberOfRobotsOnWhiteSite
26258,20,22
timeStep,numberOfRobotsOnBlackSite,numberOfRobotsOnWhiteSite
26259,20,22
timeStep,numberOfRobotsOnBlackSite,numberOfRobotsOnWhiteSite
26260,21,22
timeStep,numberOfRobotsOnBlackSite,numberOfRobotsOnWhiteSite
26261,21,22
timeStep,numberOfRobotsOnBlackSite,numberOfRobotsOnWhiteSite
26262,21,22
timeStep,numberOfRobotsOnBlackSite,numberOfRobotsOnWhiteSite
26263,21,22
timeStep,numberOfRobotsOnBlackSite,numberOfRobotsOnWhiteSite
26264,21,22
timeStep,numberOfRobotsOnBlackSite,numberOfRobotsOnWhiteSite
26265,21,22
timeStep,numberOfRobotsOnBlackSite,numberOfRobotsOnWhiteSite
26266,21,22
timeStep,numberOfRobotsOnBlackSite,numberOfRobotsOnWhiteSite
26267,21,22
timeStep,numberOfRobotsOnBlackSite,numberOfRobotsOnWhiteSite
26268,21,22
timeStep,numberOfRobotsOnBlackSite,numberOfRobotsOnWhiteSite
26269,21,22
timeStep,numberOfRobotsOnBlackSite,numberOfRobotsOnWhiteSite
26270,21,22
timeStep,numberOfRobotsOnBlackSite,numberOfRobotsOnWhiteSite
26271,21,22
timeStep,numberOfRobotsOnBlackSite,numberOfRobotsOnWhiteSite
26272,21,22
timeStep,numberOfRobotsOnBlackSite,numberOfRobotsOnWhiteSite
26273,21,22
timeStep,numberOfRobotsOnBlackSite,numberOfRobotsOnWhiteSite
26274,21,22
timeStep,numberOfRobotsOnBlackSite,numberOfRobotsOnWhiteSite
26275,21,22
timeStep,numberOfRobotsOnBlackSite,numberOfRobotsOnWhiteSite
26276,21,22
timeStep,numberOfRobotsOnBlackSite,numberOfRobotsOnWhiteSite
26277,21,22
timeStep,numberOfRobotsOnBlackSite,numberOfRobotsOnWhiteSite
26278,21,22
timeStep,numberOfRobotsOnBlackSite,numberOfRobotsOnWhiteSite
26279,21,22
timeStep,numberOfRobotsOnBlackSite,numberOfRobotsOnWhiteSite
26280,21,22
timeStep,numberOfRobotsOnBlackSite,numberOfRobotsOnWhiteSite
26281,21,22
timeStep,numberOfRobotsOnBlackSite,numberOfRobotsOnWhiteSite
26282,21,22
timeStep,numberOfRobotsOnBlackSite,numberOfRobotsOnWhiteSite
26283,21,22
timeStep,numberOfRobotsOnBlackSite,numberOfRobotsOnWhiteSite
26284,21,22
timeStep,numberOfRobotsOnBlackSite,numberOfRobotsOnWhiteSite
26285,21,22
timeStep,numberOfRobotsOnBlackSite,numberOfRobotsOnWhiteSite
26286,21,22
timeStep,numberOfRobotsOnBlackSite,numberOfRobotsOnWhiteSite
26287,21,22
timeStep,numberOfRobotsOnBlackSite,numberOfRobotsOnWhiteSite
26288,21,22
timeStep,numberOfRobotsOnBlackSite,numberOfRobotsOnWhiteSite
26289,21,22
timeStep,numberOfRobotsOnBlackSite,numberOfRobotsOnWhiteSite
26290,21,22
timeStep,numberOfRobotsOnBlackSite,numberOfRobotsOnWhiteSite
26291,21,22
timeStep,numberOfRobotsOnBlackSite,numberOfRobotsOnWhiteSite
26292,21,22
timeStep,numberOfRobotsOnBlackSite,numberOfRobotsOnWhiteSite
26293,21,22
timeStep,numberOfRobotsOnBlackSite,numberOfRobotsOnWhiteSite
26294,21,22
timeStep,numberOfRobotsOnBlackSite,numberOfRobotsOnWhiteSite
26295,21,22
timeStep,numberOfRobotsOnBlackSite,numberOfRobotsOnWhiteSite
26296,21,22
timeStep,numberOfRobotsOnBlackSite,numberOfRobotsOnWhiteSite
26297,21,22
timeStep,numberOfRobotsOnBlackSite,numberOfRobotsOnWhiteSite
26298,21,22
timeStep,numberOfRobotsOnBlackSite,numberOfRobotsOnWhiteSite
26299,21,22
timeStep,numberOfRobotsOnBlackSite,numberOfRobotsOnWhiteSite
26300,21,22
timeStep,numberOfRobotsOnBlackSite,numberOfRobotsOnWhiteSite
26301,21,22
timeStep,numberOfRobotsOnBlackSite,numberOfRobotsOnWhiteSite
26302,21,22
timeStep,numberOfRobotsOnBlackSite,numberOfRobotsOnWhiteSite
26303,21,22
timeStep,numberOfRobotsOnBlackSite,numberOfRobotsOnWhiteSite
26304,21,22
timeStep,numberOfRobotsOnBlackSite,numberOfRobotsOnWhiteSite
26305,21,22
timeStep,numberOfRobotsOnBlackSite,numberOfRobotsOnWhiteSite
26306,21,22
timeStep,numberOfRobotsOnBlackSite,numberOfRobotsOnWhiteSite
26307,21,22
timeStep,numberOfRobotsOnBlackSite,numberOfRobotsOnWhiteSite
26308,21,22
timeStep,numberOfRobotsOnBlackSite,numberOfRobotsOnWhiteSite
26309,21,22
timeStep,numberOfRobotsOnBlackSite,numberOfRobotsOnWhiteSite
26310,21,22
timeStep,numberOfRobotsOnBlackSite,numberOfRobotsOnWhiteSite
26311,21,22
timeStep,numberOfRobotsOnBlackSite,numberOfRobotsOnWhiteSite
26312,21,22
timeStep,numberOfRobotsOnBlackSite,numberOfRobotsOnWhiteSite
26313,21,22
timeStep,numberOfRobotsOnBlackSite,numberOfRobotsOnWhiteSite
26314,21,22
timeStep,numberOfRobotsOnBlackSite,numberOfRobotsOnWhiteSite
26315,21,21
timeStep,numberOfRobotsOnBlackSite,numberOfRobotsOnWhiteSite
26316,21,21
timeStep,numberOfRobotsOnBlackSite,numberOfRobotsOnWhiteSite
26317,21,21
timeStep,numberOfRobotsOnBlackSite,numberOfRobotsOnWhiteSite
26318,21,21
timeStep,numberOfRobotsOnBlackSite,numberOfRobotsOnWhiteSite
26319,21,21
timeStep,numberOfRobotsOnBlackSite,numberOfRobotsOnWhiteSite
26320,21,21
timeStep,numberOfRobotsOnBlackSite,numberOfRobotsOnWhiteSite
26321,21,21
timeStep,numberOfRobotsOnBlackSite,numberOfRobotsOnWhiteSite
26322,21,21
timeStep,numberOfRobotsOnBlackSite,numberOfRobotsOnWhiteSite
26323,21,21
timeStep,numberOfRobotsOnBlackSite,numberOfRobotsOnWhiteSite
26324,21,21
timeStep,numberOfRobotsOnBlackSite,numberOfRobotsOnWhiteSite
26325,21,21
timeStep,numberOfRobotsOnBlackSite,numberOfRobotsOnWhiteSite
26326,21,21
timeStep,numberOfRobotsOnBlackSite,numberOfRobotsOnWhiteSite
26327,21,21
timeStep,numberOfRobotsOnBlackSite,numberOfRobotsOnWhiteSite
26328,21,21
timeStep,numberOfRobotsOnBlackSite,numberOfRobotsOnWhiteSite
26329,21,21
timeStep,numberOfRobotsOnBlackSite,numberOfRobotsOnWhiteSite
26330,21,21
timeStep,numberOfRobotsOnBlackSite,numberOfRobotsOnWhiteSite
26331,21,21
timeStep,numberOfRobotsOnBlackSite,numberOfRobotsOnWhiteSite
26332,21,21
timeStep,numberOfRobotsOnBlackSite,numberOfRobotsOnWhiteSite
26333,21,21
timeStep,numberOfRobotsOnBlackSite,numberOfRobotsOnWhiteSite
26334,21,21
timeStep,numberOfRobotsOnBlackSite,numberOfRobotsOnWhiteSite
26335,21,21
timeStep,numberOfRobotsOnBlackSite,numberOfRobotsOnWhiteSite
26336,21,21
timeStep,numberOfRobotsOnBlackSite,numberOfRobotsOnWhiteSite
26337,21,21
timeStep,numberOfRobotsOnBlackSite,numberOfRobotsOnWhiteSite
26338,21,21
timeStep,numberOfRobotsOnBlackSite,numberOfRobotsOnWhiteSite
26339,21,21
timeStep,numberOfRobotsOnBlackSite,numberOfRobotsOnWhiteSite
26340,21,21
timeStep,numberOfRobotsOnBlackSite,numberOfRobotsOnWhiteSite
26341,21,21
timeStep,numberOfRobotsOnBlackSite,numberOfRobotsOnWhiteSite
26342,21,21
timeStep,numberOfRobotsOnBlackSite,numberOfRobotsOnWhiteSite
26343,21,21
timeStep,numberOfRobotsOnBlackSite,numberOfRobotsOnWhiteSite
26344,21,21
timeStep,numberOfRobotsOnBlackSite,numberOfRobotsOnWhiteSite
26345,21,21
timeStep,numberOfRobotsOnBlackSite,numberOfRobotsOnWhiteSite
26346,21,21
timeStep,numberOfRobotsOnBlackSite,numberOfRobotsOnWhiteSite
26347,21,21
timeStep,numberOfRobotsOnBlackSite,numberOfRobotsOnWhiteSite
26348,21,21
timeStep,numberOfRobotsOnBlackSite,numberOfRobotsOnWhiteSite
26349,21,21
timeStep,numberOfRobotsOnBlackSite,numberOfRobotsOnWhiteSite
26350,21,21
timeStep,numberOfRobotsOnBlackSite,numberOfRobotsOnWhiteSite
26351,21,21
timeStep,numberOfRobotsOnBlackSite,numberOfRobotsOnWhiteSite
26352,21,21
timeStep,numberOfRobotsOnBlackSite,numberOfRobotsOnWhiteSite
26353,21,21
timeStep,numberOfRobotsOnBlackSite,numberOfRobotsOnWhiteSite
26354,21,21
timeStep,numberOfRobotsOnBlackSite,numberOfRobotsOnWhiteSite
26355,21,21
timeStep,numberOfRobotsOnBlackSite,numberOfRobotsOnWhiteSite
26356,21,21
timeStep,numberOfRobotsOnBlackSite,numberOfRobotsOnWhiteSite
26357,21,21
timeStep,numberOfRobotsOnBlackSite,numberOfRobotsOnWhiteSite
26358,21,21
timeStep,numberOfRobotsOnBlackSite,numberOfRobotsOnWhiteSite
26359,21,21
timeStep,numberOfRobotsOnBlackSite,numberOfRobotsOnWhiteSite
26360,21,21
timeStep,numberOfRobotsOnBlackSite,numberOfRobotsOnWhiteSite
26361,21,21
timeStep,numberOfRobotsOnBlackSite,numberOfRobotsOnWhiteSite
26362,21,21
timeStep,numberOfRobotsOnBlackSite,numberOfRobotsOnWhiteSite
26363,21,21
timeStep,numberOfRobotsOnBlackSite,numberOfRobotsOnWhiteSite
26364,21,21
timeStep,numberOfRobotsOnBlackSite,numberOfRobotsOnWhiteSite
26365,21,20
timeStep,numberOfRobotsOnBlackSite,numberOfRobotsOnWhiteSite
26366,21,20
timeStep,numberOfRobotsOnBlackSite,numberOfRobotsOnWhiteSite
26367,21,20
timeStep,numberOfRobotsOnBlackSite,numberOfRobotsOnWhiteSite
26368,21,20
timeStep,numberOfRobotsOnBlackSite,numberOfRobotsOnWhiteSite
26369,21,20
timeStep,numberOfRobotsOnBlackSite,numberOfRobotsOnWhiteSite
26370,21,20
timeStep,numberOfRobotsOnBlackSite,numberOfRobotsOnWhiteSite
26371,21,20
timeStep,numberOfRobotsOnBlackSite,numberOfRobotsOnWhiteSite
26372,21,20
timeStep,numberOfRobotsOnBlackSite,numberOfRobotsOnWhiteSite
26373,21,20
timeStep,numberOfRobotsOnBlackSite,numberOfRobotsOnWhiteSite
26374,21,20
timeStep,numberOfRobotsOnBlackSite,numberOfRobotsOnWhiteSite
26375,21,20
timeStep,numberOfRobotsOnBlackSite,numberOfRobotsOnWhiteSite
26376,21,20
timeStep,numberOfRobotsOnBlackSite,numberOfRobotsOnWhiteSite
26377,21,20
timeStep,numberOfRobotsOnBlackSite,numberOfRobotsOnWhiteSite
26378,21,20
timeStep,numberOfRobotsOnBlackSite,numberOfRobotsOnWhiteSite
26379,21,20
timeStep,numberOfRobotsOnBlackSite,numberOfRobotsOnWhiteSite
26380,21,21
timeStep,numberOfRobotsOnBlackSite,numberOfRobotsOnWhiteSite
26381,21,21
timeStep,numberOfRobotsOnBlackSite,numberOfRobotsOnWhiteSite
26382,21,21
timeStep,numberOfRobotsOnBlackSite,numberOfRobotsOnWhiteSite
26383,21,21
timeStep,numberOfRobotsOnBlackSite,numberOfRobotsOnWhiteSite
26384,21,21
timeStep,numberOfRobotsOnBlackSite,numberOfRobotsOnWhiteSite
26385,21,21
timeStep,numberOfRobotsOnBlackSite,numberOfRobotsOnWhiteSite
26386,21,21
timeStep,numberOfRobotsOnBlackSite,numberOfRobotsOnWhiteSite
26387,21,21
timeStep,numberOfRobotsOnBlackSite,numberOfRobotsOnWhiteSite
26388,21,21
timeStep,numberOfRobotsOnBlackSite,numberOfRobotsOnWhiteSite
26389,21,21
timeStep,numberOfRobotsOnBlackSite,numberOfRobotsOnWhiteSite
26390,21,21
timeStep,numberOfRobotsOnBlackSite,numberOfRobotsOnWhiteSite
26391,21,21
timeStep,numberOfRobotsOnBlackSite,numberOfRobotsOnWhiteSite
26392,21,21
timeStep,numberOfRobotsOnBlackSite,numberOfRobotsOnWhiteSite
26393,21,21
timeStep,numberOfRobotsOnBlackSite,numberOfRobotsOnWhiteSite
26394,21,21
timeStep,numberOfRobotsOnBlackSite,numberOfRobotsOnWhiteSite
26395,21,21
timeStep,numberOfRobotsOnBlackSite,numberOfRobotsOnWhiteSite
26396,21,21
timeStep,numberOfRobotsOnBlackSite,numberOfRobotsOnWhiteSite
26397,21,21
timeStep,numberOfRobotsOnBlackSite,numberOfRobotsOnWhiteSite
26398,21,21
timeStep,numberOfRobotsOnBlackSite,numberOfRobotsOnWhiteSite
26399,21,21
timeStep,numberOfRobotsOnBlackSite,numberOfRobotsOnWhiteSite
26400,21,21
timeStep,numberOfRobotsOnBlackSite,numberOfRobotsOnWhiteSite
26401,21,21
timeStep,numberOfRobotsOnBlackSite,numberOfRobotsOnWhiteSite
26402,21,21
timeStep,numberOfRobotsOnBlackSite,numberOfRobotsOnWhiteSite
26403,21,21
timeStep,numberOfRobotsOnBlackSite,numberOfRobotsOnWhiteSite
26404,21,21
timeStep,numberOfRobotsOnBlackSite,numberOfRobotsOnWhiteSite
26405,21,21
timeStep,numberOfRobotsOnBlackSite,numberOfRobotsOnWhiteSite
26406,21,21
timeStep,numberOfRobotsOnBlackSite,numberOfRobotsOnWhiteSite
26407,21,21
timeStep,numberOfRobotsOnBlackSite,numberOfRobotsOnWhiteSite
26408,21,21
timeStep,numberOfRobotsOnBlackSite,numberOfRobotsOnWhiteSite
26409,21,21
timeStep,numberOfRobotsOnBlackSite,numberOfRobotsOnWhiteSite
26410,21,21
timeStep,numberOfRobotsOnBlackSite,numberOfRobotsOnWhiteSite
26411,21,21
timeStep,numberOfRobotsOnBlackSite,numberOfRobotsOnWhiteSite
26412,21,21
timeStep,numberOfRobotsOnBlackSite,numberOfRobotsOnWhiteSite
26413,21,21
timeStep,numberOfRobotsOnBlackSite,numberOfRobotsOnWhiteSite
26414,21,21
timeStep,numberOfRobotsOnBlackSite,numberOfRobotsOnWhiteSite
26415,21,20
timeStep,numberOfRobotsOnBlackSite,numberOfRobotsOnWhiteSite
26416,21,20
timeStep,numberOfRobotsOnBlackSite,numberOfRobotsOnWhiteSite
26417,21,20
timeStep,numberOfRobotsOnBlackSite,numberOfRobotsOnWhiteSite
26418,21,20
timeStep,numberOfRobotsOnBlackSite,numberOfRobotsOnWhiteSite
26419,21,20
timeStep,numberOfRobotsOnBlackSite,numberOfRobotsOnWhiteSite
26420,21,20
timeStep,numberOfRobotsOnBlackSite,numberOfRobotsOnWhiteSite
26421,21,20
timeStep,numberOfRobotsOnBlackSite,numberOfRobotsOnWhiteSite
26422,21,20
timeStep,numberOfRobotsOnBlackSite,numberOfRobotsOnWhiteSite
26423,21,20
timeStep,numberOfRobotsOnBlackSite,numberOfRobotsOnWhiteSite
26424,21,20
timeStep,numberOfRobotsOnBlackSite,numberOfRobotsOnWhiteSite
26425,21,20
timeStep,numberOfRobotsOnBlackSite,numberOfRobotsOnWhiteSite
26426,21,20
timeStep,numberOfRobotsOnBlackSite,numberOfRobotsOnWhiteSite
26427,21,20
timeStep,numberOfRobotsOnBlackSite,numberOfRobotsOnWhiteSite
26428,21,20
timeStep,numberOfRobotsOnBlackSite,numberOfRobotsOnWhiteSite
26429,21,20
timeStep,numberOfRobotsOnBlackSite,numberOfRobotsOnWhiteSite
26430,21,20
timeStep,numberOfRobotsOnBlackSite,numberOfRobotsOnWhiteSite
26431,21,20
timeStep,numberOfRobotsOnBlackSite,numberOfRobotsOnWhiteSite
26432,21,20
timeStep,numberOfRobotsOnBlackSite,numberOfRobotsOnWhiteSite
26433,21,20
timeStep,numberOfRobotsOnBlackSite,numberOfRobotsOnWhiteSite
26434,21,20
timeStep,numberOfRobotsOnBlackSite,numberOfRobotsOnWhiteSite
26435,21,20
timeStep,numberOfRobotsOnBlackSite,numberOfRobotsOnWhiteSite
26436,21,20
timeStep,numberOfRobotsOnBlackSite,numberOfRobotsOnWhiteSite
26437,21,20
timeStep,numberOfRobotsOnBlackSite,numberOfRobotsOnWhiteSite
26438,21,20
timeStep,numberOfRobotsOnBlackSite,numberOfRobotsOnWhiteSite
26439,21,20
timeStep,numberOfRobotsOnBlackSite,numberOfRobotsOnWhiteSite
26440,21,20
timeStep,numberOfRobotsOnBlackSite,numberOfRobotsOnWhiteSite
26441,21,20
timeStep,numberOfRobotsOnBlackSite,numberOfRobotsOnWhiteSite
26442,21,20
timeStep,numberOfRobotsOnBlackSite,numberOfRobotsOnWhiteSite
26443,21,20
timeStep,numberOfRobotsOnBlackSite,numberOfRobotsOnWhiteSite
26444,21,20
timeStep,numberOfRobotsOnBlackSite,numberOfRobotsOnWhiteSite
26445,21,20
timeStep,numberOfRobotsOnBlackSite,numberOfRobotsOnWhiteSite
26446,21,20
timeStep,numberOfRobotsOnBlackSite,numberOfRobotsOnWhiteSite
26447,21,20
timeStep,numberOfRobotsOnBlackSite,numberOfRobotsOnWhiteSite
26448,21,20
timeStep,numberOfRobotsOnBlackSite,numberOfRobotsOnWhiteSite
26449,21,20
timeStep,numberOfRobotsOnBlackSite,numberOfRobotsOnWhiteSite
26450,21,20
timeStep,numberOfRobotsOnBlackSite,numberOfRobotsOnWhiteSite
26451,21,20
timeStep,numberOfRobotsOnBlackSite,numberOfRobotsOnWhiteSite
26452,21,20
timeStep,numberOfRobotsOnBlackSite,numberOfRobotsOnWhiteSite
26453,21,20
timeStep,numberOfRobotsOnBlackSite,numberOfRobotsOnWhiteSite
26454,21,20
timeStep,numberOfRobotsOnBlackSite,numberOfRobotsOnWhiteSite
26455,21,21
timeStep,numberOfRobotsOnBlackSite,numberOfRobotsOnWhiteSite
26456,21,21
timeStep,numberOfRobotsOnBlackSite,numberOfRobotsOnWhiteSite
26457,21,21
timeStep,numberOfRobotsOnBlackSite,numberOfRobotsOnWhiteSite
26458,21,21
timeStep,numberOfRobotsOnBlackSite,numberOfRobotsOnWhiteSite
26459,21,21
timeStep,numberOfRobotsOnBlackSite,numberOfRobotsOnWhiteSite
26460,21,21
timeStep,numberOfRobotsOnBlackSite,numberOfRobotsOnWhiteSite
26461,21,21
timeStep,numberOfRobotsOnBlackSite,numberOfRobotsOnWhiteSite
26462,21,21
timeStep,numberOfRobotsOnBlackSite,numberOfRobotsOnWhiteSite
26463,21,21
timeStep,numberOfRobotsOnBlackSite,numberOfRobotsOnWhiteSite
26464,21,21
timeStep,numberOfRobotsOnBlackSite,numberOfRobotsOnWhiteSite
26465,21,21
timeStep,numberOfRobotsOnBlackSite,numberOfRobotsOnWhiteSite
26466,21,21
timeStep,numberOfRobotsOnBlackSite,numberOfRobotsOnWhiteSite
26467,21,21
timeStep,numberOfRobotsOnBlackSite,numberOfRobotsOnWhiteSite
26468,21,21
timeStep,numberOfRobotsOnBlackSite,numberOfRobotsOnWhiteSite
26469,21,21
timeStep,numberOfRobotsOnBlackSite,numberOfRobotsOnWhiteSite
26470,21,21
timeStep,numberOfRobotsOnBlackSite,numberOfRobotsOnWhiteSite
26471,21,21
timeStep,numberOfRobotsOnBlackSite,numberOfRobotsOnWhiteSite
26472,21,21
timeStep,numberOfRobotsOnBlackSite,numberOfRobotsOnWhiteSite
26473,21,21
timeStep,numberOfRobotsOnBlackSite,numberOfRobotsOnWhiteSite
26474,21,21
timeStep,numberOfRobotsOnBlackSite,numberOfRobotsOnWhiteSite
26475,21,21
timeStep,numberOfRobotsOnBlackSite,numberOfRobotsOnWhiteSite
26476,21,21
timeStep,numberOfRobotsOnBlackSite,numberOfRobotsOnWhiteSite
26477,21,21
timeStep,numberOfRobotsOnBlackSite,numberOfRobotsOnWhiteSite
26478,21,21
timeStep,numberOfRobotsOnBlackSite,numberOfRobotsOnWhiteSite
26479,21,21
timeStep,numberOfRobotsOnBlackSite,numberOfRobotsOnWhiteSite
26480,21,22
timeStep,numberOfRobotsOnBlackSite,numberOfRobotsOnWhiteSite
26481,21,22
timeStep,numberOfRobotsOnBlackSite,numberOfRobotsOnWhiteSite
26482,21,22
timeStep,numberOfRobotsOnBlackSite,numberOfRobotsOnWhiteSite
26483,21,22
timeStep,numberOfRobotsOnBlackSite,numberOfRobotsOnWhiteSite
26484,21,22
timeStep,numberOfRobotsOnBlackSite,numberOfRobotsOnWhiteSite
26485,21,22
timeStep,numberOfRobotsOnBlackSite,numberOfRobotsOnWhiteSite
26486,21,22
timeStep,numberOfRobotsOnBlackSite,numberOfRobotsOnWhiteSite
26487,21,22
timeStep,numberOfRobotsOnBlackSite,numberOfRobotsOnWhiteSite
26488,21,22
timeStep,numberOfRobotsOnBlackSite,numberOfRobotsOnWhiteSite
26489,21,22
timeStep,numberOfRobotsOnBlackSite,numberOfRobotsOnWhiteSite
26490,21,21
timeStep,numberOfRobotsOnBlackSite,numberOfRobotsOnWhiteSite
26491,21,21
timeStep,numberOfRobotsOnBlackSite,numberOfRobotsOnWhiteSite
26492,21,21
timeStep,numberOfRobotsOnBlackSite,numberOfRobotsOnWhiteSite
26493,21,21
timeStep,numberOfRobotsOnBlackSite,numberOfRobotsOnWhiteSite
26494,21,21
timeStep,numberOfRobotsOnBlackSite,numberOfRobotsOnWhiteSite
26495,21,21
timeStep,numberOfRobotsOnBlackSite,numberOfRobotsOnWhiteSite
26496,21,21
timeStep,numberOfRobotsOnBlackSite,numberOfRobotsOnWhiteSite
26497,21,21
timeStep,numberOfRobotsOnBlackSite,numberOfRobotsOnWhiteSite
26498,21,21
timeStep,numberOfRobotsOnBlackSite,numberOfRobotsOnWhiteSite
26499,21,21
timeStep,numberOfRobotsOnBlackSite,numberOfRobotsOnWhiteSite
26500,21,21
timeStep,numberOfRobotsOnBlackSite,numberOfRobotsOnWhiteSite
26501,21,21
timeStep,numberOfRobotsOnBlackSite,numberOfRobotsOnWhiteSite
26502,21,21
timeStep,numberOfRobotsOnBlackSite,numberOfRobotsOnWhiteSite
26503,21,21
timeStep,numberOfRobotsOnBlackSite,numberOfRobotsOnWhiteSite
26504,21,21
timeStep,numberOfRobotsOnBlackSite,numberOfRobotsOnWhiteSite
26505,21,21
timeStep,numberOfRobotsOnBlackSite,numberOfRobotsOnWhiteSite
26506,21,21
timeStep,numberOfRobotsOnBlackSite,numberOfRobotsOnWhiteSite
26507,21,21
timeStep,numberOfRobotsOnBlackSite,numberOfRobotsOnWhiteSite
26508,21,21
timeStep,numberOfRobotsOnBlackSite,numberOfRobotsOnWhiteSite
26509,21,21
timeStep,numberOfRobotsOnBlackSite,numberOfRobotsOnWhiteSite
26510,21,21
timeStep,numberOfRobotsOnBlackSite,numberOfRobotsOnWhiteSite
26511,21,21
timeStep,numberOfRobotsOnBlackSite,numberOfRobotsOnWhiteSite
26512,21,21
timeStep,numberOfRobotsOnBlackSite,numberOfRobotsOnWhiteSite
26513,21,21
timeStep,numberOfRobotsOnBlackSite,numberOfRobotsOnWhiteSite
26514,21,21
timeStep,numberOfRobotsOnBlackSite,numberOfRobotsOnWhiteSite
26515,21,21
timeStep,numberOfRobotsOnBlackSite,numberOfRobotsOnWhiteSite
26516,21,21
timeStep,numberOfRobotsOnBlackSite,numberOfRobotsOnWhiteSite
26517,21,21
timeStep,numberOfRobotsOnBlackSite,numberOfRobotsOnWhiteSite
26518,21,21
timeStep,numberOfRobotsOnBlackSite,numberOfRobotsOnWhiteSite
26519,21,21
timeStep,numberOfRobotsOnBlackSite,numberOfRobotsOnWhiteSite
26520,21,21
timeStep,numberOfRobotsOnBlackSite,numberOfRobotsOnWhiteSite
26521,21,21
timeStep,numberOfRobotsOnBlackSite,numberOfRobotsOnWhiteSite
26522,21,21
timeStep,numberOfRobotsOnBlackSite,numberOfRobotsOnWhiteSite
26523,21,21
timeStep,numberOfRobotsOnBlackSite,numberOfRobotsOnWhiteSite
26524,21,21
timeStep,numberOfRobotsOnBlackSite,numberOfRobotsOnWhiteSite
26525,21,21
timeStep,numberOfRobotsOnBlackSite,numberOfRobotsOnWhiteSite
26526,21,21
timeStep,numberOfRobotsOnBlackSite,numberOfRobotsOnWhiteSite
26527,21,21
timeStep,numberOfRobotsOnBlackSite,numberOfRobotsOnWhiteSite
26528,21,21
timeStep,numberOfRobotsOnBlackSite,numberOfRobotsOnWhiteSite
26529,21,21
timeStep,numberOfRobotsOnBlackSite,numberOfRobotsOnWhiteSite
26530,21,21
timeStep,numberOfRobotsOnBlackSite,numberOfRobotsOnWhiteSite
26531,21,21
timeStep,numberOfRobotsOnBlackSite,numberOfRobotsOnWhiteSite
26532,21,21
timeStep,numberOfRobotsOnBlackSite,numberOfRobotsOnWhiteSite
26533,21,21
timeStep,numberOfRobotsOnBlackSite,numberOfRobotsOnWhiteSite
26534,21,21
timeStep,numberOfRobotsOnBlackSite,numberOfRobotsOnWhiteSite
26535,21,21
timeStep,numberOfRobotsOnBlackSite,numberOfRobotsOnWhiteSite
26536,21,21
timeStep,numberOfRobotsOnBlackSite,numberOfRobotsOnWhiteSite
26537,21,21
timeStep,numberOfRobotsOnBlackSite,numberOfRobotsOnWhiteSite
26538,21,21
timeStep,numberOfRobotsOnBlackSite,numberOfRobotsOnWhiteSite
26539,21,21
timeStep,numberOfRobotsOnBlackSite,numberOfRobotsOnWhiteSite
26540,21,21
timeStep,numberOfRobotsOnBlackSite,numberOfRobotsOnWhiteSite
26541,21,21
timeStep,numberOfRobotsOnBlackSite,numberOfRobotsOnWhiteSite
26542,21,21
timeStep,numberOfRobotsOnBlackSite,numberOfRobotsOnWhiteSite
26543,21,21
timeStep,numberOfRobotsOnBlackSite,numberOfRobotsOnWhiteSite
26544,21,21
timeStep,numberOfRobotsOnBlackSite,numberOfRobotsOnWhiteSite
26545,21,21
timeStep,numberOfRobotsOnBlackSite,numberOfRobotsOnWhiteSite
26546,21,21
timeStep,numberOfRobotsOnBlackSite,numberOfRobotsOnWhiteSite
26547,21,21
timeStep,numberOfRobotsOnBlackSite,numberOfRobotsOnWhiteSite
26548,21,21
timeStep,numberOfRobotsOnBlackSite,numberOfRobotsOnWhiteSite
26549,21,21
timeStep,numberOfRobotsOnBlackSite,numberOfRobotsOnWhiteSite
26550,21,21
timeStep,numberOfRobotsOnBlackSite,numberOfRobotsOnWhiteSite
26551,21,21
timeStep,numberOfRobotsOnBlackSite,numberOfRobotsOnWhiteSite
26552,21,21
timeStep,numberOfRobotsOnBlackSite,numberOfRobotsOnWhiteSite
26553,21,21
timeStep,numberOfRobotsOnBlackSite,numberOfRobotsOnWhiteSite
26554,21,21
timeStep,numberOfRobotsOnBlackSite,numberOfRobotsOnWhiteSite
26555,21,21
timeStep,numberOfRobotsOnBlackSite,numberOfRobotsOnWhiteSite
26556,21,21
timeStep,numberOfRobotsOnBlackSite,numberOfRobotsOnWhiteSite
26557,21,21
timeStep,numberOfRobotsOnBlackSite,numberOfRobotsOnWhiteSite
26558,21,21
timeStep,numberOfRobotsOnBlackSite,numberOfRobotsOnWhiteSite
26559,21,21
timeStep,numberOfRobotsOnBlackSite,numberOfRobotsOnWhiteSite
26560,21,22
timeStep,numberOfRobotsOnBlackSite,numberOfRobotsOnWhiteSite
26561,21,22
timeStep,numberOfRobotsOnBlackSite,numberOfRobotsOnWhiteSite
26562,21,22
timeStep,numberOfRobotsOnBlackSite,numberOfRobotsOnWhiteSite
26563,21,22
timeStep,numberOfRobotsOnBlackSite,numberOfRobotsOnWhiteSite
26564,21,22
timeStep,numberOfRobotsOnBlackSite,numberOfRobotsOnWhiteSite
26565,21,22
timeStep,numberOfRobotsOnBlackSite,numberOfRobotsOnWhiteSite
26566,21,22
timeStep,numberOfRobotsOnBlackSite,numberOfRobotsOnWhiteSite
26567,21,22
timeStep,numberOfRobotsOnBlackSite,numberOfRobotsOnWhiteSite
26568,21,22
timeStep,numberOfRobotsOnBlackSite,numberOfRobotsOnWhiteSite
26569,21,22
timeStep,numberOfRobotsOnBlackSite,numberOfRobotsOnWhiteSite
26570,21,22
timeStep,numberOfRobotsOnBlackSite,numberOfRobotsOnWhiteSite
26571,21,22
timeStep,numberOfRobotsOnBlackSite,numberOfRobotsOnWhiteSite
26572,21,22
timeStep,numberOfRobotsOnBlackSite,numberOfRobotsOnWhiteSite
26573,21,22
timeStep,numberOfRobotsOnBlackSite,numberOfRobotsOnWhiteSite
26574,21,22
timeStep,numberOfRobotsOnBlackSite,numberOfRobotsOnWhiteSite
26575,21,22
timeStep,numberOfRobotsOnBlackSite,numberOfRobotsOnWhiteSite
26576,21,22
timeStep,numberOfRobotsOnBlackSite,numberOfRobotsOnWhiteSite
26577,21,22
timeStep,numberOfRobotsOnBlackSite,numberOfRobotsOnWhiteSite
26578,21,22
timeStep,numberOfRobotsOnBlackSite,numberOfRobotsOnWhiteSite
26579,21,22
timeStep,numberOfRobotsOnBlackSite,numberOfRobotsOnWhiteSite
26580,21,22
timeStep,numberOfRobotsOnBlackSite,numberOfRobotsOnWhiteSite
26581,21,22
timeStep,numberOfRobotsOnBlackSite,numberOfRobotsOnWhiteSite
26582,21,22
timeStep,numberOfRobotsOnBlackSite,numberOfRobotsOnWhiteSite
26583,21,22
timeStep,numberOfRobotsOnBlackSite,numberOfRobotsOnWhiteSite
26584,21,22
timeStep,numberOfRobotsOnBlackSite,numberOfRobotsOnWhiteSite
26585,21,22
timeStep,numberOfRobotsOnBlackSite,numberOfRobotsOnWhiteSite
26586,21,22
timeStep,numberOfRobotsOnBlackSite,numberOfRobotsOnWhiteSite
26587,21,22
timeStep,numberOfRobotsOnBlackSite,numberOfRobotsOnWhiteSite
26588,21,22
timeStep,numberOfRobotsOnBlackSite,numberOfRobotsOnWhiteSite
26589,21,22
timeStep,numberOfRobotsOnBlackSite,numberOfRobotsOnWhiteSite
26590,21,22
timeStep,numberOfRobotsOnBlackSite,numberOfRobotsOnWhiteSite
26591,21,22
timeStep,numberOfRobotsOnBlackSite,numberOfRobotsOnWhiteSite
26592,21,22
timeStep,numberOfRobotsOnBlackSite,numberOfRobotsOnWhiteSite
26593,21,22
timeStep,numberOfRobotsOnBlackSite,numberOfRobotsOnWhiteSite
26594,21,22
timeStep,numberOfRobotsOnBlackSite,numberOfRobotsOnWhiteSite
26595,21,22
timeStep,numberOfRobotsOnBlackSite,numberOfRobotsOnWhiteSite
26596,21,22
timeStep,numberOfRobotsOnBlackSite,numberOfRobotsOnWhiteSite
26597,21,22
timeStep,numberOfRobotsOnBlackSite,numberOfRobotsOnWhiteSite
26598,21,22
timeStep,numberOfRobotsOnBlackSite,numberOfRobotsOnWhiteSite
26599,21,22
timeStep,numberOfRobotsOnBlackSite,numberOfRobotsOnWhiteSite
26600,21,22
timeStep,numberOfRobotsOnBlackSite,numberOfRobotsOnWhiteSite
26601,21,22
timeStep,numberOfRobotsOnBlackSite,numberOfRobotsOnWhiteSite
26602,21,22
timeStep,numberOfRobotsOnBlackSite,numberOfRobotsOnWhiteSite
26603,21,22
timeStep,numberOfRobotsOnBlackSite,numberOfRobotsOnWhiteSite
26604,21,22
timeStep,numberOfRobotsOnBlackSite,numberOfRobotsOnWhiteSite
26605,21,22
timeStep,numberOfRobotsOnBlackSite,numberOfRobotsOnWhiteSite
26606,21,22
timeStep,numberOfRobotsOnBlackSite,numberOfRobotsOnWhiteSite
26607,21,22
timeStep,numberOfRobotsOnBlackSite,numberOfRobotsOnWhiteSite
26608,21,22
timeStep,numberOfRobotsOnBlackSite,numberOfRobotsOnWhiteSite
26609,21,22
timeStep,numberOfRobotsOnBlackSite,numberOfRobotsOnWhiteSite
26610,21,23
timeStep,numberOfRobotsOnBlackSite,numberOfRobotsOnWhiteSite
26611,21,23
timeStep,numberOfRobotsOnBlackSite,numberOfRobotsOnWhiteSite
26612,21,23
timeStep,numberOfRobotsOnBlackSite,numberOfRobotsOnWhiteSite
26613,21,23
timeStep,numberOfRobotsOnBlackSite,numberOfRobotsOnWhiteSite
26614,21,23
timeStep,numberOfRobotsOnBlackSite,numberOfRobotsOnWhiteSite
26615,21,23
timeStep,numberOfRobotsOnBlackSite,numberOfRobotsOnWhiteSite
26616,21,23
timeStep,numberOfRobotsOnBlackSite,numberOfRobotsOnWhiteSite
26617,21,23
timeStep,numberOfRobotsOnBlackSite,numberOfRobotsOnWhiteSite
26618,21,23
timeStep,numberOfRobotsOnBlackSite,numberOfRobotsOnWhiteSite
26619,21,23
timeStep,numberOfRobotsOnBlackSite,numberOfRobotsOnWhiteSite
26620,21,23
timeStep,numberOfRobotsOnBlackSite,numberOfRobotsOnWhiteSite
26621,21,23
timeStep,numberOfRobotsOnBlackSite,numberOfRobotsOnWhiteSite
26622,21,23
timeStep,numberOfRobotsOnBlackSite,numberOfRobotsOnWhiteSite
26623,21,23
timeStep,numberOfRobotsOnBlackSite,numberOfRobotsOnWhiteSite
26624,21,23
timeStep,numberOfRobotsOnBlackSite,numberOfRobotsOnWhiteSite
26625,21,23
timeStep,numberOfRobotsOnBlackSite,numberOfRobotsOnWhiteSite
26626,21,23
timeStep,numberOfRobotsOnBlackSite,numberOfRobotsOnWhiteSite
26627,21,23
timeStep,numberOfRobotsOnBlackSite,numberOfRobotsOnWhiteSite
26628,21,23
timeStep,numberOfRobotsOnBlackSite,numberOfRobotsOnWhiteSite
26629,21,23
timeStep,numberOfRobotsOnBlackSite,numberOfRobotsOnWhiteSite
26630,21,23
timeStep,numberOfRobotsOnBlackSite,numberOfRobotsOnWhiteSite
26631,21,23
timeStep,numberOfRobotsOnBlackSite,numberOfRobotsOnWhiteSite
26632,21,23
timeStep,numberOfRobotsOnBlackSite,numberOfRobotsOnWhiteSite
26633,21,23
timeStep,numberOfRobotsOnBlackSite,numberOfRobotsOnWhiteSite
26634,21,23
timeStep,numberOfRobotsOnBlackSite,numberOfRobotsOnWhiteSite
26635,21,23
timeStep,numberOfRobotsOnBlackSite,numberOfRobotsOnWhiteSite
26636,21,23
timeStep,numberOfRobotsOnBlackSite,numberOfRobotsOnWhiteSite
26637,21,23
timeStep,numberOfRobotsOnBlackSite,numberOfRobotsOnWhiteSite
26638,21,23
timeStep,numberOfRobotsOnBlackSite,numberOfRobotsOnWhiteSite
26639,21,23
timeStep,numberOfRobotsOnBlackSite,numberOfRobotsOnWhiteSite
26640,21,23
timeStep,numberOfRobotsOnBlackSite,numberOfRobotsOnWhiteSite
26641,21,23
timeStep,numberOfRobotsOnBlackSite,numberOfRobotsOnWhiteSite
26642,21,23
timeStep,numberOfRobotsOnBlackSite,numberOfRobotsOnWhiteSite
26643,21,23
timeStep,numberOfRobotsOnBlackSite,numberOfRobotsOnWhiteSite
26644,21,23
timeStep,numberOfRobotsOnBlackSite,numberOfRobotsOnWhiteSite
26645,21,23
timeStep,numberOfRobotsOnBlackSite,numberOfRobotsOnWhiteSite
26646,21,23
timeStep,numberOfRobotsOnBlackSite,numberOfRobotsOnWhiteSite
26647,21,23
timeStep,numberOfRobotsOnBlackSite,numberOfRobotsOnWhiteSite
26648,21,23
timeStep,numberOfRobotsOnBlackSite,numberOfRobotsOnWhiteSite
26649,21,23
timeStep,numberOfRobotsOnBlackSite,numberOfRobotsOnWhiteSite
26650,21,23
timeStep,numberOfRobotsOnBlackSite,numberOfRobotsOnWhiteSite
26651,21,23
timeStep,numberOfRobotsOnBlackSite,numberOfRobotsOnWhiteSite
26652,21,23
timeStep,numberOfRobotsOnBlackSite,numberOfRobotsOnWhiteSite
26653,21,23
timeStep,numberOfRobotsOnBlackSite,numberOfRobotsOnWhiteSite
26654,21,23
timeStep,numberOfRobotsOnBlackSite,numberOfRobotsOnWhiteSite
26655,21,23
timeStep,numberOfRobotsOnBlackSite,numberOfRobotsOnWhiteSite
26656,21,23
timeStep,numberOfRobotsOnBlackSite,numberOfRobotsOnWhiteSite
26657,21,23
timeStep,numberOfRobotsOnBlackSite,numberOfRobotsOnWhiteSite
26658,21,23
timeStep,numberOfRobotsOnBlackSite,numberOfRobotsOnWhiteSite
26659,21,23
timeStep,numberOfRobotsOnBlackSite,numberOfRobotsOnWhiteSite
26660,21,23
timeStep,numberOfRobotsOnBlackSite,numberOfRobotsOnWhiteSite
26661,21,23
timeStep,numberOfRobotsOnBlackSite,numberOfRobotsOnWhiteSite
26662,21,23
timeStep,numberOfRobotsOnBlackSite,numberOfRobotsOnWhiteSite
26663,21,23
timeStep,numberOfRobotsOnBlackSite,numberOfRobotsOnWhiteSite
26664,21,23
timeStep,numberOfRobotsOnBlackSite,numberOfRobotsOnWhiteSite
26665,21,23
timeStep,numberOfRobotsOnBlackSite,numberOfRobotsOnWhiteSite
26666,21,23
timeStep,numberOfRobotsOnBlackSite,numberOfRobotsOnWhiteSite
26667,21,23
timeStep,numberOfRobotsOnBlackSite,numberOfRobotsOnWhiteSite
26668,21,23
timeStep,numberOfRobotsOnBlackSite,numberOfRobotsOnWhiteSite
26669,21,23
timeStep,numberOfRobotsOnBlackSite,numberOfRobotsOnWhiteSite
26670,21,23
timeStep,numberOfRobotsOnBlackSite,numberOfRobotsOnWhiteSite
26671,21,23
timeStep,numberOfRobotsOnBlackSite,numberOfRobotsOnWhiteSite
26672,21,23
timeStep,numberOfRobotsOnBlackSite,numberOfRobotsOnWhiteSite
26673,21,23
timeStep,numberOfRobotsOnBlackSite,numberOfRobotsOnWhiteSite
26674,21,23
timeStep,numberOfRobotsOnBlackSite,numberOfRobotsOnWhiteSite
26675,21,23
timeStep,numberOfRobotsOnBlackSite,numberOfRobotsOnWhiteSite
26676,21,23
timeStep,numberOfRobotsOnBlackSite,numberOfRobotsOnWhiteSite
26677,21,23
timeStep,numberOfRobotsOnBlackSite,numberOfRobotsOnWhiteSite
26678,21,23
timeStep,numberOfRobotsOnBlackSite,numberOfRobotsOnWhiteSite
26679,21,23
timeStep,numberOfRobotsOnBlackSite,numberOfRobotsOnWhiteSite
26680,21,23
timeStep,numberOfRobotsOnBlackSite,numberOfRobotsOnWhiteSite
26681,21,23
timeStep,numberOfRobotsOnBlackSite,numberOfRobotsOnWhiteSite
26682,21,23
timeStep,numberOfRobotsOnBlackSite,numberOfRobotsOnWhiteSite
26683,21,23
timeStep,numberOfRobotsOnBlackSite,numberOfRobotsOnWhiteSite
26684,21,23
timeStep,numberOfRobotsOnBlackSite,numberOfRobotsOnWhiteSite
26685,21,23
timeStep,numberOfRobotsOnBlackSite,numberOfRobotsOnWhiteSite
26686,21,23
timeStep,numberOfRobotsOnBlackSite,numberOfRobotsOnWhiteSite
26687,21,23
timeStep,numberOfRobotsOnBlackSite,numberOfRobotsOnWhiteSite
26688,21,23
timeStep,numberOfRobotsOnBlackSite,numberOfRobotsOnWhiteSite
26689,21,23
timeStep,numberOfRobotsOnBlackSite,numberOfRobotsOnWhiteSite
26690,21,23
timeStep,numberOfRobotsOnBlackSite,numberOfRobotsOnWhiteSite
26691,21,23
timeStep,numberOfRobotsOnBlackSite,numberOfRobotsOnWhiteSite
26692,21,23
timeStep,numberOfRobotsOnBlackSite,numberOfRobotsOnWhiteSite
26693,21,23
timeStep,numberOfRobotsOnBlackSite,numberOfRobotsOnWhiteSite
26694,21,23
timeStep,numberOfRobotsOnBlackSite,numberOfRobotsOnWhiteSite
26695,21,23
timeStep,numberOfRobotsOnBlackSite,numberOfRobotsOnWhiteSite
26696,21,23
timeStep,numberOfRobotsOnBlackSite,numberOfRobotsOnWhiteSite
26697,21,23
timeStep,numberOfRobotsOnBlackSite,numberOfRobotsOnWhiteSite
26698,21,23
timeStep,numberOfRobotsOnBlackSite,numberOfRobotsOnWhiteSite
26699,21,23
timeStep,numberOfRobotsOnBlackSite,numberOfRobotsOnWhiteSite
26700,21,22
timeStep,numberOfRobotsOnBlackSite,numberOfRobotsOnWhiteSite
26701,21,22
timeStep,numberOfRobotsOnBlackSite,numberOfRobotsOnWhiteSite
26702,21,22
timeStep,numberOfRobotsOnBlackSite,numberOfRobotsOnWhiteSite
26703,21,22
timeStep,numberOfRobotsOnBlackSite,numberOfRobotsOnWhiteSite
26704,21,22
timeStep,numberOfRobotsOnBlackSite,numberOfRobotsOnWhiteSite
26705,21,22
timeStep,numberOfRobotsOnBlackSite,numberOfRobotsOnWhiteSite
26706,21,22
timeStep,numberOfRobotsOnBlackSite,numberOfRobotsOnWhiteSite
26707,21,22
timeStep,numberOfRobotsOnBlackSite,numberOfRobotsOnWhiteSite
26708,21,22
timeStep,numberOfRobotsOnBlackSite,numberOfRobotsOnWhiteSite
26709,21,22
timeStep,numberOfRobotsOnBlackSite,numberOfRobotsOnWhiteSite
26710,21,22
timeStep,numberOfRobotsOnBlackSite,numberOfRobotsOnWhiteSite
26711,21,22
timeStep,numberOfRobotsOnBlackSite,numberOfRobotsOnWhiteSite
26712,21,22
timeStep,numberOfRobotsOnBlackSite,numberOfRobotsOnWhiteSite
26713,21,22
timeStep,numberOfRobotsOnBlackSite,numberOfRobotsOnWhiteSite
26714,21,22
timeStep,numberOfRobotsOnBlackSite,numberOfRobotsOnWhiteSite
26715,21,22
timeStep,numberOfRobotsOnBlackSite,numberOfRobotsOnWhiteSite
26716,21,22
timeStep,numberOfRobotsOnBlackSite,numberOfRobotsOnWhiteSite
26717,21,22
timeStep,numberOfRobotsOnBlackSite,numberOfRobotsOnWhiteSite
26718,21,22
timeStep,numberOfRobotsOnBlackSite,numberOfRobotsOnWhiteSite
26719,21,22
timeStep,numberOfRobotsOnBlackSite,numberOfRobotsOnWhiteSite
26720,21,22
timeStep,numberOfRobotsOnBlackSite,numberOfRobotsOnWhiteSite
26721,21,22
timeStep,numberOfRobotsOnBlackSite,numberOfRobotsOnWhiteSite
26722,21,22
timeStep,numberOfRobotsOnBlackSite,numberOfRobotsOnWhiteSite
26723,21,22
timeStep,numberOfRobotsOnBlackSite,numberOfRobotsOnWhiteSite
26724,21,22
timeStep,numberOfRobotsOnBlackSite,numberOfRobotsOnWhiteSite
26725,21,22
timeStep,numberOfRobotsOnBlackSite,numberOfRobotsOnWhiteSite
26726,21,22
timeStep,numberOfRobotsOnBlackSite,numberOfRobotsOnWhiteSite
26727,21,22
timeStep,numberOfRobotsOnBlackSite,numberOfRobotsOnWhiteSite
26728,21,22
timeStep,numberOfRobotsOnBlackSite,numberOfRobotsOnWhiteSite
26729,21,22
timeStep,numberOfRobotsOnBlackSite,numberOfRobotsOnWhiteSite
26730,21,22
timeStep,numberOfRobotsOnBlackSite,numberOfRobotsOnWhiteSite
26731,21,22
timeStep,numberOfRobotsOnBlackSite,numberOfRobotsOnWhiteSite
26732,21,22
timeStep,numberOfRobotsOnBlackSite,numberOfRobotsOnWhiteSite
26733,21,22
timeStep,numberOfRobotsOnBlackSite,numberOfRobotsOnWhiteSite
26734,21,22
timeStep,numberOfRobotsOnBlackSite,numberOfRobotsOnWhiteSite
26735,21,22
timeStep,numberOfRobotsOnBlackSite,numberOfRobotsOnWhiteSite
26736,21,22
timeStep,numberOfRobotsOnBlackSite,numberOfRobotsOnWhiteSite
26737,21,22
timeStep,numberOfRobotsOnBlackSite,numberOfRobotsOnWhiteSite
26738,21,22
timeStep,numberOfRobotsOnBlackSite,numberOfRobotsOnWhiteSite
26739,21,22
timeStep,numberOfRobotsOnBlackSite,numberOfRobotsOnWhiteSite
26740,21,22
timeStep,numberOfRobotsOnBlackSite,numberOfRobotsOnWhiteSite
26741,21,22
timeStep,numberOfRobotsOnBlackSite,numberOfRobotsOnWhiteSite
26742,21,22
timeStep,numberOfRobotsOnBlackSite,numberOfRobotsOnWhiteSite
26743,21,22
timeStep,numberOfRobotsOnBlackSite,numberOfRobotsOnWhiteSite
26744,21,22
timeStep,numberOfRobotsOnBlackSite,numberOfRobotsOnWhiteSite
26745,21,22
timeStep,numberOfRobotsOnBlackSite,numberOfRobotsOnWhiteSite
26746,21,22
timeStep,numberOfRobotsOnBlackSite,numberOfRobotsOnWhiteSite
26747,21,22
timeStep,numberOfRobotsOnBlackSite,numberOfRobotsOnWhiteSite
26748,21,22
timeStep,numberOfRobotsOnBlackSite,numberOfRobotsOnWhiteSite
26749,21,22
timeStep,numberOfRobotsOnBlackSite,numberOfRobotsOnWhiteSite
26750,21,22
timeStep,numberOfRobotsOnBlackSite,numberOfRobotsOnWhiteSite
26751,21,22
timeStep,numberOfRobotsOnBlackSite,numberOfRobotsOnWhiteSite
26752,21,22
timeStep,numberOfRobotsOnBlackSite,numberOfRobotsOnWhiteSite
26753,21,22
timeStep,numberOfRobotsOnBlackSite,numberOfRobotsOnWhiteSite
26754,21,22
timeStep,numberOfRobotsOnBlackSite,numberOfRobotsOnWhiteSite
26755,21,22
timeStep,numberOfRobotsOnBlackSite,numberOfRobotsOnWhiteSite
26756,21,22
timeStep,numberOfRobotsOnBlackSite,numberOfRobotsOnWhiteSite
26757,21,22
timeStep,numberOfRobotsOnBlackSite,numberOfRobotsOnWhiteSite
26758,21,22
timeStep,numberOfRobotsOnBlackSite,numberOfRobotsOnWhiteSite
26759,21,22
timeStep,numberOfRobotsOnBlackSite,numberOfRobotsOnWhiteSite
26760,21,22
timeStep,numberOfRobotsOnBlackSite,numberOfRobotsOnWhiteSite
26761,21,22
timeStep,numberOfRobotsOnBlackSite,numberOfRobotsOnWhiteSite
26762,21,22
timeStep,numberOfRobotsOnBlackSite,numberOfRobotsOnWhiteSite
26763,21,22
timeStep,numberOfRobotsOnBlackSite,numberOfRobotsOnWhiteSite
26764,21,22
timeStep,numberOfRobotsOnBlackSite,numberOfRobotsOnWhiteSite
26765,21,22
timeStep,numberOfRobotsOnBlackSite,numberOfRobotsOnWhiteSite
26766,21,22
timeStep,numberOfRobotsOnBlackSite,numberOfRobotsOnWhiteSite
26767,21,22
timeStep,numberOfRobotsOnBlackSite,numberOfRobotsOnWhiteSite
26768,21,22
timeStep,numberOfRobotsOnBlackSite,numberOfRobotsOnWhiteSite
26769,21,22
timeStep,numberOfRobotsOnBlackSite,numberOfRobotsOnWhiteSite
26770,21,22
timeStep,numberOfRobotsOnBlackSite,numberOfRobotsOnWhiteSite
26771,21,22
timeStep,numberOfRobotsOnBlackSite,numberOfRobotsOnWhiteSite
26772,21,22
timeStep,numberOfRobotsOnBlackSite,numberOfRobotsOnWhiteSite
26773,21,22
timeStep,numberOfRobotsOnBlackSite,numberOfRobotsOnWhiteSite
26774,21,22
timeStep,numberOfRobotsOnBlackSite,numberOfRobotsOnWhiteSite
26775,21,22
timeStep,numberOfRobotsOnBlackSite,numberOfRobotsOnWhiteSite
26776,21,22
timeStep,numberOfRobotsOnBlackSite,numberOfRobotsOnWhiteSite
26777,21,22
timeStep,numberOfRobotsOnBlackSite,numberOfRobotsOnWhiteSite
26778,21,22
timeStep,numberOfRobotsOnBlackSite,numberOfRobotsOnWhiteSite
26779,21,22
timeStep,numberOfRobotsOnBlackSite,numberOfRobotsOnWhiteSite
26780,21,22
timeStep,numberOfRobotsOnBlackSite,numberOfRobotsOnWhiteSite
26781,21,22
timeStep,numberOfRobotsOnBlackSite,numberOfRobotsOnWhiteSite
26782,21,22
timeStep,numberOfRobotsOnBlackSite,numberOfRobotsOnWhiteSite
26783,21,22
timeStep,numberOfRobotsOnBlackSite,numberOfRobotsOnWhiteSite
26784,21,22
timeStep,numberOfRobotsOnBlackSite,numberOfRobotsOnWhiteSite
26785,21,22
timeStep,numberOfRobotsOnBlackSite,numberOfRobotsOnWhiteSite
26786,21,22
timeStep,numberOfRobotsOnBlackSite,numberOfRobotsOnWhiteSite
26787,21,22
timeStep,numberOfRobotsOnBlackSite,numberOfRobotsOnWhiteSite
26788,21,22
timeStep,numberOfRobotsOnBlackSite,numberOfRobotsOnWhiteSite
26789,21,22
timeStep,numberOfRobotsOnBlackSite,numberOfRobotsOnWhiteSite
26790,21,22
timeStep,numberOfRobotsOnBlackSite,numberOfRobotsOnWhiteSite
26791,21,22
timeStep,numberOfRobotsOnBlackSite,numberOfRobotsOnWhiteSite
26792,21,22
timeStep,numberOfRobotsOnBlackSite,numberOfRobotsOnWhiteSite
26793,21,22
timeStep,numberOfRobotsOnBlackSite,numberOfRobotsOnWhiteSite
26794,21,22
timeStep,numberOfRobotsOnBlackSite,numberOfRobotsOnWhiteSite
26795,21,22
timeStep,numberOfRobotsOnBlackSite,numberOfRobotsOnWhiteSite
26796,21,22
timeStep,numberOfRobotsOnBlackSite,numberOfRobotsOnWhiteSite
26797,21,22
timeStep,numberOfRobotsOnBlackSite,numberOfRobotsOnWhiteSite
26798,21,22
timeStep,numberOfRobotsOnBlackSite,numberOfRobotsOnWhiteSite
26799,21,22
timeStep,numberOfRobotsOnBlackSite,numberOfRobotsOnWhiteSite
26800,21,22
timeStep,numberOfRobotsOnBlackSite,numberOfRobotsOnWhiteSite
26801,21,22
timeStep,numberOfRobotsOnBlackSite,numberOfRobotsOnWhiteSite
26802,21,22
timeStep,numberOfRobotsOnBlackSite,numberOfRobotsOnWhiteSite
26803,21,22
timeStep,numberOfRobotsOnBlackSite,numberOfRobotsOnWhiteSite
26804,21,22
timeStep,numberOfRobotsOnBlackSite,numberOfRobotsOnWhiteSite
26805,21,22
timeStep,numberOfRobotsOnBlackSite,numberOfRobotsOnWhiteSite
26806,21,22
timeStep,numberOfRobotsOnBlackSite,numberOfRobotsOnWhiteSite
26807,21,22
timeStep,numberOfRobotsOnBlackSite,numberOfRobotsOnWhiteSite
26808,21,22
timeStep,numberOfRobotsOnBlackSite,numberOfRobotsOnWhiteSite
26809,21,22
timeStep,numberOfRobotsOnBlackSite,numberOfRobotsOnWhiteSite
26810,21,22
timeStep,numberOfRobotsOnBlackSite,numberOfRobotsOnWhiteSite
26811,21,22
timeStep,numberOfRobotsOnBlackSite,numberOfRobotsOnWhiteSite
26812,21,22
timeStep,numberOfRobotsOnBlackSite,numberOfRobotsOnWhiteSite
26813,21,22
timeStep,numberOfRobotsOnBlackSite,numberOfRobotsOnWhiteSite
26814,21,22
timeStep,numberOfRobotsOnBlackSite,numberOfRobotsOnWhiteSite
26815,21,21
timeStep,numberOfRobotsOnBlackSite,numberOfRobotsOnWhiteSite
26816,21,21
timeStep,numberOfRobotsOnBlackSite,numberOfRobotsOnWhiteSite
26817,21,21
timeStep,numberOfRobotsOnBlackSite,numberOfRobotsOnWhiteSite
26818,21,21
timeStep,numberOfRobotsOnBlackSite,numberOfRobotsOnWhiteSite
26819,21,21
timeStep,numberOfRobotsOnBlackSite,numberOfRobotsOnWhiteSite
26820,21,21
timeStep,numberOfRobotsOnBlackSite,numberOfRobotsOnWhiteSite
26821,21,21
timeStep,numberOfRobotsOnBlackSite,numberOfRobotsOnWhiteSite
26822,21,21
timeStep,numberOfRobotsOnBlackSite,numberOfRobotsOnWhiteSite
26823,21,21
timeStep,numberOfRobotsOnBlackSite,numberOfRobotsOnWhiteSite
26824,21,21
timeStep,numberOfRobotsOnBlackSite,numberOfRobotsOnWhiteSite
26825,21,21
timeStep,numberOfRobotsOnBlackSite,numberOfRobotsOnWhiteSite
26826,21,21
timeStep,numberOfRobotsOnBlackSite,numberOfRobotsOnWhiteSite
26827,21,21
timeStep,numberOfRobotsOnBlackSite,numberOfRobotsOnWhiteSite
26828,21,21
timeStep,numberOfRobotsOnBlackSite,numberOfRobotsOnWhiteSite
26829,21,21
timeStep,numberOfRobotsOnBlackSite,numberOfRobotsOnWhiteSite
26830,21,21
timeStep,numberOfRobotsOnBlackSite,numberOfRobotsOnWhiteSite
26831,21,21
timeStep,numberOfRobotsOnBlackSite,numberOfRobotsOnWhiteSite
26832,21,21
timeStep,numberOfRobotsOnBlackSite,numberOfRobotsOnWhiteSite
26833,21,21
timeStep,numberOfRobotsOnBlackSite,numberOfRobotsOnWhiteSite
26834,21,21
timeStep,numberOfRobotsOnBlackSite,numberOfRobotsOnWhiteSite
26835,21,21
timeStep,numberOfRobotsOnBlackSite,numberOfRobotsOnWhiteSite
26836,21,21
timeStep,numberOfRobotsOnBlackSite,numberOfRobotsOnWhiteSite
26837,21,21
timeStep,numberOfRobotsOnBlackSite,numberOfRobotsOnWhiteSite
26838,21,21
timeStep,numberOfRobotsOnBlackSite,numberOfRobotsOnWhiteSite
26839,21,21
timeStep,numberOfRobotsOnBlackSite,numberOfRobotsOnWhiteSite
26840,21,21
timeStep,numberOfRobotsOnBlackSite,numberOfRobotsOnWhiteSite
26841,21,21
timeStep,numberOfRobotsOnBlackSite,numberOfRobotsOnWhiteSite
26842,21,21
timeStep,numberOfRobotsOnBlackSite,numberOfRobotsOnWhiteSite
26843,21,21
timeStep,numberOfRobotsOnBlackSite,numberOfRobotsOnWhiteSite
26844,21,21
timeStep,numberOfRobotsOnBlackSite,numberOfRobotsOnWhiteSite
26845,21,21
timeStep,numberOfRobotsOnBlackSite,numberOfRobotsOnWhiteSite
26846,21,21
timeStep,numberOfRobotsOnBlackSite,numberOfRobotsOnWhiteSite
26847,21,21
timeStep,numberOfRobotsOnBlackSite,numberOfRobotsOnWhiteSite
26848,21,21
timeStep,numberOfRobotsOnBlackSite,numberOfRobotsOnWhiteSite
26849,21,21
timeStep,numberOfRobotsOnBlackSite,numberOfRobotsOnWhiteSite
26850,21,21
timeStep,numberOfRobotsOnBlackSite,numberOfRobotsOnWhiteSite
26851,21,21
timeStep,numberOfRobotsOnBlackSite,numberOfRobotsOnWhiteSite
26852,21,21
timeStep,numberOfRobotsOnBlackSite,numberOfRobotsOnWhiteSite
26853,21,21
timeStep,numberOfRobotsOnBlackSite,numberOfRobotsOnWhiteSite
26854,21,21
timeStep,numberOfRobotsOnBlackSite,numberOfRobotsOnWhiteSite
26855,21,21
timeStep,numberOfRobotsOnBlackSite,numberOfRobotsOnWhiteSite
26856,21,21
timeStep,numberOfRobotsOnBlackSite,numberOfRobotsOnWhiteSite
26857,21,21
timeStep,numberOfRobotsOnBlackSite,numberOfRobotsOnWhiteSite
26858,21,21
timeStep,numberOfRobotsOnBlackSite,numberOfRobotsOnWhiteSite
26859,21,21
timeStep,numberOfRobotsOnBlackSite,numberOfRobotsOnWhiteSite
26860,21,21
timeStep,numberOfRobotsOnBlackSite,numberOfRobotsOnWhiteSite
26861,21,21
timeStep,numberOfRobotsOnBlackSite,numberOfRobotsOnWhiteSite
26862,21,21
timeStep,numberOfRobotsOnBlackSite,numberOfRobotsOnWhiteSite
26863,21,21
timeStep,numberOfRobotsOnBlackSite,numberOfRobotsOnWhiteSite
26864,21,21
timeStep,numberOfRobotsOnBlackSite,numberOfRobotsOnWhiteSite
26865,21,21
timeStep,numberOfRobotsOnBlackSite,numberOfRobotsOnWhiteSite
26866,21,21
timeStep,numberOfRobotsOnBlackSite,numberOfRobotsOnWhiteSite
26867,21,21
timeStep,numberOfRobotsOnBlackSite,numberOfRobotsOnWhiteSite
26868,21,21
timeStep,numberOfRobotsOnBlackSite,numberOfRobotsOnWhiteSite
26869,21,21
timeStep,numberOfRobotsOnBlackSite,numberOfRobotsOnWhiteSite
26870,21,21
timeStep,numberOfRobotsOnBlackSite,numberOfRobotsOnWhiteSite
26871,21,21
timeStep,numberOfRobotsOnBlackSite,numberOfRobotsOnWhiteSite
26872,21,21
timeStep,numberOfRobotsOnBlackSite,numberOfRobotsOnWhiteSite
26873,21,21
timeStep,numberOfRobotsOnBlackSite,numberOfRobotsOnWhiteSite
26874,21,21
timeStep,numberOfRobotsOnBlackSite,numberOfRobotsOnWhiteSite
26875,21,22
timeStep,numberOfRobotsOnBlackSite,numberOfRobotsOnWhiteSite
26876,21,22
timeStep,numberOfRobotsOnBlackSite,numberOfRobotsOnWhiteSite
26877,21,22
timeStep,numberOfRobotsOnBlackSite,numberOfRobotsOnWhiteSite
26878,21,22
timeStep,numberOfRobotsOnBlackSite,numberOfRobotsOnWhiteSite
26879,21,22
timeStep,numberOfRobotsOnBlackSite,numberOfRobotsOnWhiteSite
26880,21,22
timeStep,numberOfRobotsOnBlackSite,numberOfRobotsOnWhiteSite
26881,21,22
timeStep,numberOfRobotsOnBlackSite,numberOfRobotsOnWhiteSite
26882,21,22
timeStep,numberOfRobotsOnBlackSite,numberOfRobotsOnWhiteSite
26883,21,22
timeStep,numberOfRobotsOnBlackSite,numberOfRobotsOnWhiteSite
26884,21,22
timeStep,numberOfRobotsOnBlackSite,numberOfRobotsOnWhiteSite
26885,21,22
timeStep,numberOfRobotsOnBlackSite,numberOfRobotsOnWhiteSite
26886,21,22
timeStep,numberOfRobotsOnBlackSite,numberOfRobotsOnWhiteSite
26887,21,22
timeStep,numberOfRobotsOnBlackSite,numberOfRobotsOnWhiteSite
26888,21,22
timeStep,numberOfRobotsOnBlackSite,numberOfRobotsOnWhiteSite
26889,21,22
timeStep,numberOfRobotsOnBlackSite,numberOfRobotsOnWhiteSite
26890,21,22
timeStep,numberOfRobotsOnBlackSite,numberOfRobotsOnWhiteSite
26891,21,22
timeStep,numberOfRobotsOnBlackSite,numberOfRobotsOnWhiteSite
26892,21,22
timeStep,numberOfRobotsOnBlackSite,numberOfRobotsOnWhiteSite
26893,21,22
timeStep,numberOfRobotsOnBlackSite,numberOfRobotsOnWhiteSite
26894,21,22
timeStep,numberOfRobotsOnBlackSite,numberOfRobotsOnWhiteSite
26895,21,22
timeStep,numberOfRobotsOnBlackSite,numberOfRobotsOnWhiteSite
26896,21,22
timeStep,numberOfRobotsOnBlackSite,numberOfRobotsOnWhiteSite
26897,21,22
timeStep,numberOfRobotsOnBlackSite,numberOfRobotsOnWhiteSite
26898,21,22
timeStep,numberOfRobotsOnBlackSite,numberOfRobotsOnWhiteSite
26899,21,22
timeStep,numberOfRobotsOnBlackSite,numberOfRobotsOnWhiteSite
26900,21,22
timeStep,numberOfRobotsOnBlackSite,numberOfRobotsOnWhiteSite
26901,21,22
timeStep,numberOfRobotsOnBlackSite,numberOfRobotsOnWhiteSite
26902,21,22
timeStep,numberOfRobotsOnBlackSite,numberOfRobotsOnWhiteSite
26903,21,22
timeStep,numberOfRobotsOnBlackSite,numberOfRobotsOnWhiteSite
26904,21,22
timeStep,numberOfRobotsOnBlackSite,numberOfRobotsOnWhiteSite
26905,21,22
timeStep,numberOfRobotsOnBlackSite,numberOfRobotsOnWhiteSite
26906,21,22
timeStep,numberOfRobotsOnBlackSite,numberOfRobotsOnWhiteSite
26907,21,22
timeStep,numberOfRobotsOnBlackSite,numberOfRobotsOnWhiteSite
26908,21,22
timeStep,numberOfRobotsOnBlackSite,numberOfRobotsOnWhiteSite
26909,21,22
timeStep,numberOfRobotsOnBlackSite,numberOfRobotsOnWhiteSite
26910,21,22
timeStep,numberOfRobotsOnBlackSite,numberOfRobotsOnWhiteSite
26911,21,22
timeStep,numberOfRobotsOnBlackSite,numberOfRobotsOnWhiteSite
26912,21,22
timeStep,numberOfRobotsOnBlackSite,numberOfRobotsOnWhiteSite
26913,21,22
timeStep,numberOfRobotsOnBlackSite,numberOfRobotsOnWhiteSite
26914,21,22
timeStep,numberOfRobotsOnBlackSite,numberOfRobotsOnWhiteSite
26915,21,22
timeStep,numberOfRobotsOnBlackSite,numberOfRobotsOnWhiteSite
26916,21,22
timeStep,numberOfRobotsOnBlackSite,numberOfRobotsOnWhiteSite
26917,21,22
timeStep,numberOfRobotsOnBlackSite,numberOfRobotsOnWhiteSite
26918,21,22
timeStep,numberOfRobotsOnBlackSite,numberOfRobotsOnWhiteSite
26919,21,22
timeStep,numberOfRobotsOnBlackSite,numberOfRobotsOnWhiteSite
26920,21,22
timeStep,numberOfRobotsOnBlackSite,numberOfRobotsOnWhiteSite
26921,21,22
timeStep,numberOfRobotsOnBlackSite,numberOfRobotsOnWhiteSite
26922,21,22
timeStep,numberOfRobotsOnBlackSite,numberOfRobotsOnWhiteSite
26923,21,22
timeStep,numberOfRobotsOnBlackSite,numberOfRobotsOnWhiteSite
26924,21,22
timeStep,numberOfRobotsOnBlackSite,numberOfRobotsOnWhiteSite
26925,21,22
timeStep,numberOfRobotsOnBlackSite,numberOfRobotsOnWhiteSite
26926,21,22
timeStep,numberOfRobotsOnBlackSite,numberOfRobotsOnWhiteSite
26927,21,22
timeStep,numberOfRobotsOnBlackSite,numberOfRobotsOnWhiteSite
26928,21,22
timeStep,numberOfRobotsOnBlackSite,numberOfRobotsOnWhiteSite
26929,21,22
timeStep,numberOfRobotsOnBlackSite,numberOfRobotsOnWhiteSite
26930,21,22
timeStep,numberOfRobotsOnBlackSite,numberOfRobotsOnWhiteSite
26931,21,22
timeStep,numberOfRobotsOnBlackSite,numberOfRobotsOnWhiteSite
26932,21,22
timeStep,numberOfRobotsOnBlackSite,numberOfRobotsOnWhiteSite
26933,21,22
timeStep,numberOfRobotsOnBlackSite,numberOfRobotsOnWhiteSite
26934,21,22
timeStep,numberOfRobotsOnBlackSite,numberOfRobotsOnWhiteSite
26935,21,22
timeStep,numberOfRobotsOnBlackSite,numberOfRobotsOnWhiteSite
26936,21,22
timeStep,numberOfRobotsOnBlackSite,numberOfRobotsOnWhiteSite
26937,21,22
timeStep,numberOfRobotsOnBlackSite,numberOfRobotsOnWhiteSite
26938,21,22
timeStep,numberOfRobotsOnBlackSite,numberOfRobotsOnWhiteSite
26939,21,22
timeStep,numberOfRobotsOnBlackSite,numberOfRobotsOnWhiteSite
26940,21,22
timeStep,numberOfRobotsOnBlackSite,numberOfRobotsOnWhiteSite
26941,21,22
timeStep,numberOfRobotsOnBlackSite,numberOfRobotsOnWhiteSite
26942,21,22
timeStep,numberOfRobotsOnBlackSite,numberOfRobotsOnWhiteSite
26943,21,22
timeStep,numberOfRobotsOnBlackSite,numberOfRobotsOnWhiteSite
26944,21,22
timeStep,numberOfRobotsOnBlackSite,numberOfRobotsOnWhiteSite
26945,21,22
timeStep,numberOfRobotsOnBlackSite,numberOfRobotsOnWhiteSite
26946,21,22
timeStep,numberOfRobotsOnBlackSite,numberOfRobotsOnWhiteSite
26947,21,22
timeStep,numberOfRobotsOnBlackSite,numberOfRobotsOnWhiteSite
26948,21,22
timeStep,numberOfRobotsOnBlackSite,numberOfRobotsOnWhiteSite
26949,21,22
timeStep,numberOfRobotsOnBlackSite,numberOfRobotsOnWhiteSite
26950,21,22
timeStep,numberOfRobotsOnBlackSite,numberOfRobotsOnWhiteSite
26951,21,22
timeStep,numberOfRobotsOnBlackSite,numberOfRobotsOnWhiteSite
26952,21,22
timeStep,numberOfRobotsOnBlackSite,numberOfRobotsOnWhiteSite
26953,21,22
timeStep,numberOfRobotsOnBlackSite,numberOfRobotsOnWhiteSite
26954,21,22
timeStep,numberOfRobotsOnBlackSite,numberOfRobotsOnWhiteSite
26955,21,22
timeStep,numberOfRobotsOnBlackSite,numberOfRobotsOnWhiteSite
26956,21,22
timeStep,numberOfRobotsOnBlackSite,numberOfRobotsOnWhiteSite
26957,21,22
timeStep,numberOfRobotsOnBlackSite,numberOfRobotsOnWhiteSite
26958,21,22
timeStep,numberOfRobotsOnBlackSite,numberOfRobotsOnWhiteSite
26959,21,22
timeStep,numberOfRobotsOnBlackSite,numberOfRobotsOnWhiteSite
26960,21,22
timeStep,numberOfRobotsOnBlackSite,numberOfRobotsOnWhiteSite
26961,21,22
timeStep,numberOfRobotsOnBlackSite,numberOfRobotsOnWhiteSite
26962,21,22
timeStep,numberOfRobotsOnBlackSite,numberOfRobotsOnWhiteSite
26963,21,22
timeStep,numberOfRobotsOnBlackSite,numberOfRobotsOnWhiteSite
26964,21,22
timeStep,numberOfRobotsOnBlackSite,numberOfRobotsOnWhiteSite
26965,21,22
timeStep,numberOfRobotsOnBlackSite,numberOfRobotsOnWhiteSite
26966,21,22
timeStep,numberOfRobotsOnBlackSite,numberOfRobotsOnWhiteSite
26967,21,22
timeStep,numberOfRobotsOnBlackSite,numberOfRobotsOnWhiteSite
26968,21,22
timeStep,numberOfRobotsOnBlackSite,numberOfRobotsOnWhiteSite
26969,21,22
timeStep,numberOfRobotsOnBlackSite,numberOfRobotsOnWhiteSite
26970,21,22
timeStep,numberOfRobotsOnBlackSite,numberOfRobotsOnWhiteSite
26971,21,22
timeStep,numberOfRobotsOnBlackSite,numberOfRobotsOnWhiteSite
26972,21,22
timeStep,numberOfRobotsOnBlackSite,numberOfRobotsOnWhiteSite
26973,21,22
timeStep,numberOfRobotsOnBlackSite,numberOfRobotsOnWhiteSite
26974,21,22
timeStep,numberOfRobotsOnBlackSite,numberOfRobotsOnWhiteSite
26975,21,22
timeStep,numberOfRobotsOnBlackSite,numberOfRobotsOnWhiteSite
26976,21,22
timeStep,numberOfRobotsOnBlackSite,numberOfRobotsOnWhiteSite
26977,21,22
timeStep,numberOfRobotsOnBlackSite,numberOfRobotsOnWhiteSite
26978,21,22
timeStep,numberOfRobotsOnBlackSite,numberOfRobotsOnWhiteSite
26979,21,22
timeStep,numberOfRobotsOnBlackSite,numberOfRobotsOnWhiteSite
26980,21,22
timeStep,numberOfRobotsOnBlackSite,numberOfRobotsOnWhiteSite
26981,21,22
timeStep,numberOfRobotsOnBlackSite,numberOfRobotsOnWhiteSite
26982,21,22
timeStep,numberOfRobotsOnBlackSite,numberOfRobotsOnWhiteSite
26983,21,22
timeStep,numberOfRobotsOnBlackSite,numberOfRobotsOnWhiteSite
26984,21,22
timeStep,numberOfRobotsOnBlackSite,numberOfRobotsOnWhiteSite
26985,21,22
timeStep,numberOfRobotsOnBlackSite,numberOfRobotsOnWhiteSite
26986,21,22
timeStep,numberOfRobotsOnBlackSite,numberOfRobotsOnWhiteSite
26987,21,22
timeStep,numberOfRobotsOnBlackSite,numberOfRobotsOnWhiteSite
26988,21,22
timeStep,numberOfRobotsOnBlackSite,numberOfRobotsOnWhiteSite
26989,21,22
timeStep,numberOfRobotsOnBlackSite,numberOfRobotsOnWhiteSite
26990,21,22
timeStep,numberOfRobotsOnBlackSite,numberOfRobotsOnWhiteSite
26991,21,22
timeStep,numberOfRobotsOnBlackSite,numberOfRobotsOnWhiteSite
26992,21,22
timeStep,numberOfRobotsOnBlackSite,numberOfRobotsOnWhiteSite
26993,21,22
timeStep,numberOfRobotsOnBlackSite,numberOfRobotsOnWhiteSite
26994,21,22
timeStep,numberOfRobotsOnBlackSite,numberOfRobotsOnWhiteSite
26995,21,22
timeStep,numberOfRobotsOnBlackSite,numberOfRobotsOnWhiteSite
26996,21,22
timeStep,numberOfRobotsOnBlackSite,numberOfRobotsOnWhiteSite
26997,21,22
timeStep,numberOfRobotsOnBlackSite,numberOfRobotsOnWhiteSite
26998,21,22
timeStep,numberOfRobotsOnBlackSite,numberOfRobotsOnWhiteSite
26999,21,22
timeStep,numberOfRobotsOnBlackSite,numberOfRobotsOnWhiteSite
27000,21,22
timeStep,numberOfRobotsOnBlackSite,numberOfRobotsOnWhiteSite
27001,21,22
timeStep,numberOfRobotsOnBlackSite,numberOfRobotsOnWhiteSite
27002,21,22
timeStep,numberOfRobotsOnBlackSite,numberOfRobotsOnWhiteSite
27003,21,22
timeStep,numberOfRobotsOnBlackSite,numberOfRobotsOnWhiteSite
27004,21,22
timeStep,numberOfRobotsOnBlackSite,numberOfRobotsOnWhiteSite
27005,21,22
timeStep,numberOfRobotsOnBlackSite,numberOfRobotsOnWhiteSite
27006,21,22
timeStep,numberOfRobotsOnBlackSite,numberOfRobotsOnWhiteSite
27007,21,22
timeStep,numberOfRobotsOnBlackSite,numberOfRobotsOnWhiteSite
27008,21,22
timeStep,numberOfRobotsOnBlackSite,numberOfRobotsOnWhiteSite
27009,21,22
timeStep,numberOfRobotsOnBlackSite,numberOfRobotsOnWhiteSite
27010,21,22
timeStep,numberOfRobotsOnBlackSite,numberOfRobotsOnWhiteSite
27011,21,22
timeStep,numberOfRobotsOnBlackSite,numberOfRobotsOnWhiteSite
27012,21,22
timeStep,numberOfRobotsOnBlackSite,numberOfRobotsOnWhiteSite
27013,21,22
timeStep,numberOfRobotsOnBlackSite,numberOfRobotsOnWhiteSite
27014,21,22
timeStep,numberOfRobotsOnBlackSite,numberOfRobotsOnWhiteSite
27015,21,22
timeStep,numberOfRobotsOnBlackSite,numberOfRobotsOnWhiteSite
27016,21,22
timeStep,numberOfRobotsOnBlackSite,numberOfRobotsOnWhiteSite
27017,21,22
timeStep,numberOfRobotsOnBlackSite,numberOfRobotsOnWhiteSite
27018,21,22
timeStep,numberOfRobotsOnBlackSite,numberOfRobotsOnWhiteSite
27019,21,22
timeStep,numberOfRobotsOnBlackSite,numberOfRobotsOnWhiteSite
27020,21,22
timeStep,numberOfRobotsOnBlackSite,numberOfRobotsOnWhiteSite
27021,21,22
timeStep,numberOfRobotsOnBlackSite,numberOfRobotsOnWhiteSite
27022,21,22
timeStep,numberOfRobotsOnBlackSite,numberOfRobotsOnWhiteSite
27023,21,22
timeStep,numberOfRobotsOnBlackSite,numberOfRobotsOnWhiteSite
27024,21,22
timeStep,numberOfRobotsOnBlackSite,numberOfRobotsOnWhiteSite
27025,21,22
timeStep,numberOfRobotsOnBlackSite,numberOfRobotsOnWhiteSite
27026,21,22
timeStep,numberOfRobotsOnBlackSite,numberOfRobotsOnWhiteSite
27027,21,22
timeStep,numberOfRobotsOnBlackSite,numberOfRobotsOnWhiteSite
27028,21,22
timeStep,numberOfRobotsOnBlackSite,numberOfRobotsOnWhiteSite
27029,21,22
timeStep,numberOfRobotsOnBlackSite,numberOfRobotsOnWhiteSite
27030,21,22
timeStep,numberOfRobotsOnBlackSite,numberOfRobotsOnWhiteSite
27031,21,22
timeStep,numberOfRobotsOnBlackSite,numberOfRobotsOnWhiteSite
27032,21,22
timeStep,numberOfRobotsOnBlackSite,numberOfRobotsOnWhiteSite
27033,21,22
timeStep,numberOfRobotsOnBlackSite,numberOfRobotsOnWhiteSite
27034,21,22
timeStep,numberOfRobotsOnBlackSite,numberOfRobotsOnWhiteSite
27035,21,23
timeStep,numberOfRobotsOnBlackSite,numberOfRobotsOnWhiteSite
27036,21,23
timeStep,numberOfRobotsOnBlackSite,numberOfRobotsOnWhiteSite
27037,21,23
timeStep,numberOfRobotsOnBlackSite,numberOfRobotsOnWhiteSite
27038,21,23
timeStep,numberOfRobotsOnBlackSite,numberOfRobotsOnWhiteSite
27039,21,23
timeStep,numberOfRobotsOnBlackSite,numberOfRobotsOnWhiteSite
27040,21,23
timeStep,numberOfRobotsOnBlackSite,numberOfRobotsOnWhiteSite
27041,21,23
timeStep,numberOfRobotsOnBlackSite,numberOfRobotsOnWhiteSite
27042,21,23
timeStep,numberOfRobotsOnBlackSite,numberOfRobotsOnWhiteSite
27043,21,23
timeStep,numberOfRobotsOnBlackSite,numberOfRobotsOnWhiteSite
27044,21,23
timeStep,numberOfRobotsOnBlackSite,numberOfRobotsOnWhiteSite
27045,21,23
timeStep,numberOfRobotsOnBlackSite,numberOfRobotsOnWhiteSite
27046,21,23
timeStep,numberOfRobotsOnBlackSite,numberOfRobotsOnWhiteSite
27047,21,23
timeStep,numberOfRobotsOnBlackSite,numberOfRobotsOnWhiteSite
27048,21,23
timeStep,numberOfRobotsOnBlackSite,numberOfRobotsOnWhiteSite
27049,21,23
timeStep,numberOfRobotsOnBlackSite,numberOfRobotsOnWhiteSite
27050,21,23
timeStep,numberOfRobotsOnBlackSite,numberOfRobotsOnWhiteSite
27051,21,23
timeStep,numberOfRobotsOnBlackSite,numberOfRobotsOnWhiteSite
27052,21,23
timeStep,numberOfRobotsOnBlackSite,numberOfRobotsOnWhiteSite
27053,21,23
timeStep,numberOfRobotsOnBlackSite,numberOfRobotsOnWhiteSite
27054,21,23
timeStep,numberOfRobotsOnBlackSite,numberOfRobotsOnWhiteSite
27055,21,23
timeStep,numberOfRobotsOnBlackSite,numberOfRobotsOnWhiteSite
27056,21,23
timeStep,numberOfRobotsOnBlackSite,numberOfRobotsOnWhiteSite
27057,21,23
timeStep,numberOfRobotsOnBlackSite,numberOfRobotsOnWhiteSite
27058,21,23
timeStep,numberOfRobotsOnBlackSite,numberOfRobotsOnWhiteSite
27059,21,23
timeStep,numberOfRobotsOnBlackSite,numberOfRobotsOnWhiteSite
27060,21,23
timeStep,numberOfRobotsOnBlackSite,numberOfRobotsOnWhiteSite
27061,21,23
timeStep,numberOfRobotsOnBlackSite,numberOfRobotsOnWhiteSite
27062,21,23
timeStep,numberOfRobotsOnBlackSite,numberOfRobotsOnWhiteSite
27063,21,23
timeStep,numberOfRobotsOnBlackSite,numberOfRobotsOnWhiteSite
27064,21,23
timeStep,numberOfRobotsOnBlackSite,numberOfRobotsOnWhiteSite
27065,21,23
timeStep,numberOfRobotsOnBlackSite,numberOfRobotsOnWhiteSite
27066,21,23
timeStep,numberOfRobotsOnBlackSite,numberOfRobotsOnWhiteSite
27067,21,23
timeStep,numberOfRobotsOnBlackSite,numberOfRobotsOnWhiteSite
27068,21,23
timeStep,numberOfRobotsOnBlackSite,numberOfRobotsOnWhiteSite
27069,21,23
timeStep,numberOfRobotsOnBlackSite,numberOfRobotsOnWhiteSite
27070,21,23
timeStep,numberOfRobotsOnBlackSite,numberOfRobotsOnWhiteSite
27071,21,23
timeStep,numberOfRobotsOnBlackSite,numberOfRobotsOnWhiteSite
27072,21,23
timeStep,numberOfRobotsOnBlackSite,numberOfRobotsOnWhiteSite
27073,21,23
timeStep,numberOfRobotsOnBlackSite,numberOfRobotsOnWhiteSite
27074,21,23
timeStep,numberOfRobotsOnBlackSite,numberOfRobotsOnWhiteSite
27075,21,23
timeStep,numberOfRobotsOnBlackSite,numberOfRobotsOnWhiteSite
27076,21,23
timeStep,numberOfRobotsOnBlackSite,numberOfRobotsOnWhiteSite
27077,21,23
timeStep,numberOfRobotsOnBlackSite,numberOfRobotsOnWhiteSite
27078,21,23
timeStep,numberOfRobotsOnBlackSite,numberOfRobotsOnWhiteSite
27079,21,23
timeStep,numberOfRobotsOnBlackSite,numberOfRobotsOnWhiteSite
27080,21,23
timeStep,numberOfRobotsOnBlackSite,numberOfRobotsOnWhiteSite
27081,21,23
timeStep,numberOfRobotsOnBlackSite,numberOfRobotsOnWhiteSite
27082,21,23
timeStep,numberOfRobotsOnBlackSite,numberOfRobotsOnWhiteSite
27083,21,23
timeStep,numberOfRobotsOnBlackSite,numberOfRobotsOnWhiteSite
27084,21,23
timeStep,numberOfRobotsOnBlackSite,numberOfRobotsOnWhiteSite
27085,21,23
timeStep,numberOfRobotsOnBlackSite,numberOfRobotsOnWhiteSite
27086,21,23
timeStep,numberOfRobotsOnBlackSite,numberOfRobotsOnWhiteSite
27087,21,23
timeStep,numberOfRobotsOnBlackSite,numberOfRobotsOnWhiteSite
27088,21,23
timeStep,numberOfRobotsOnBlackSite,numberOfRobotsOnWhiteSite
27089,21,23
timeStep,numberOfRobotsOnBlackSite,numberOfRobotsOnWhiteSite
27090,21,23
timeStep,numberOfRobotsOnBlackSite,numberOfRobotsOnWhiteSite
27091,21,23
timeStep,numberOfRobotsOnBlackSite,numberOfRobotsOnWhiteSite
27092,21,23
timeStep,numberOfRobotsOnBlackSite,numberOfRobotsOnWhiteSite
27093,21,23
timeStep,numberOfRobotsOnBlackSite,numberOfRobotsOnWhiteSite
27094,21,23
timeStep,numberOfRobotsOnBlackSite,numberOfRobotsOnWhiteSite
27095,21,23
timeStep,numberOfRobotsOnBlackSite,numberOfRobotsOnWhiteSite
27096,21,23
timeStep,numberOfRobotsOnBlackSite,numberOfRobotsOnWhiteSite
27097,21,23
timeStep,numberOfRobotsOnBlackSite,numberOfRobotsOnWhiteSite
27098,21,23
timeStep,numberOfRobotsOnBlackSite,numberOfRobotsOnWhiteSite
27099,21,23
timeStep,numberOfRobotsOnBlackSite,numberOfRobotsOnWhiteSite
27100,21,23
timeStep,numberOfRobotsOnBlackSite,numberOfRobotsOnWhiteSite
27101,21,23
timeStep,numberOfRobotsOnBlackSite,numberOfRobotsOnWhiteSite
27102,21,23
timeStep,numberOfRobotsOnBlackSite,numberOfRobotsOnWhiteSite
27103,21,23
timeStep,numberOfRobotsOnBlackSite,numberOfRobotsOnWhiteSite
27104,21,23
timeStep,numberOfRobotsOnBlackSite,numberOfRobotsOnWhiteSite
27105,21,23
timeStep,numberOfRobotsOnBlackSite,numberOfRobotsOnWhiteSite
27106,21,23
timeStep,numberOfRobotsOnBlackSite,numberOfRobotsOnWhiteSite
27107,21,23
timeStep,numberOfRobotsOnBlackSite,numberOfRobotsOnWhiteSite
27108,21,23
timeStep,numberOfRobotsOnBlackSite,numberOfRobotsOnWhiteSite
27109,21,23
timeStep,numberOfRobotsOnBlackSite,numberOfRobotsOnWhiteSite
27110,21,23
timeStep,numberOfRobotsOnBlackSite,numberOfRobotsOnWhiteSite
27111,21,23
timeStep,numberOfRobotsOnBlackSite,numberOfRobotsOnWhiteSite
27112,21,23
timeStep,numberOfRobotsOnBlackSite,numberOfRobotsOnWhiteSite
27113,21,23
timeStep,numberOfRobotsOnBlackSite,numberOfRobotsOnWhiteSite
27114,21,23
timeStep,numberOfRobotsOnBlackSite,numberOfRobotsOnWhiteSite
27115,21,23
timeStep,numberOfRobotsOnBlackSite,numberOfRobotsOnWhiteSite
27116,21,23
timeStep,numberOfRobotsOnBlackSite,numberOfRobotsOnWhiteSite
27117,21,23
timeStep,numberOfRobotsOnBlackSite,numberOfRobotsOnWhiteSite
27118,21,23
timeStep,numberOfRobotsOnBlackSite,numberOfRobotsOnWhiteSite
27119,21,23
timeStep,numberOfRobotsOnBlackSite,numberOfRobotsOnWhiteSite
27120,21,23
timeStep,numberOfRobotsOnBlackSite,numberOfRobotsOnWhiteSite
27121,21,23
timeStep,numberOfRobotsOnBlackSite,numberOfRobotsOnWhiteSite
27122,21,23
timeStep,numberOfRobotsOnBlackSite,numberOfRobotsOnWhiteSite
27123,21,23
timeStep,numberOfRobotsOnBlackSite,numberOfRobotsOnWhiteSite
27124,21,23
timeStep,numberOfRobotsOnBlackSite,numberOfRobotsOnWhiteSite
27125,21,23
timeStep,numberOfRobotsOnBlackSite,numberOfRobotsOnWhiteSite
27126,21,23
timeStep,numberOfRobotsOnBlackSite,numberOfRobotsOnWhiteSite
27127,21,23
timeStep,numberOfRobotsOnBlackSite,numberOfRobotsOnWhiteSite
27128,21,23
timeStep,numberOfRobotsOnBlackSite,numberOfRobotsOnWhiteSite
27129,21,23
timeStep,numberOfRobotsOnBlackSite,numberOfRobotsOnWhiteSite
27130,21,23
timeStep,numberOfRobotsOnBlackSite,numberOfRobotsOnWhiteSite
27131,21,23
timeStep,numberOfRobotsOnBlackSite,numberOfRobotsOnWhiteSite
27132,21,23
timeStep,numberOfRobotsOnBlackSite,numberOfRobotsOnWhiteSite
27133,21,23
timeStep,numberOfRobotsOnBlackSite,numberOfRobotsOnWhiteSite
27134,21,23
timeStep,numberOfRobotsOnBlackSite,numberOfRobotsOnWhiteSite
27135,21,23
timeStep,numberOfRobotsOnBlackSite,numberOfRobotsOnWhiteSite
27136,21,23
timeStep,numberOfRobotsOnBlackSite,numberOfRobotsOnWhiteSite
27137,21,23
timeStep,numberOfRobotsOnBlackSite,numberOfRobotsOnWhiteSite
27138,21,23
timeStep,numberOfRobotsOnBlackSite,numberOfRobotsOnWhiteSite
27139,21,23
timeStep,numberOfRobotsOnBlackSite,numberOfRobotsOnWhiteSite
27140,21,23
timeStep,numberOfRobotsOnBlackSite,numberOfRobotsOnWhiteSite
27141,21,23
timeStep,numberOfRobotsOnBlackSite,numberOfRobotsOnWhiteSite
27142,21,23
timeStep,numberOfRobotsOnBlackSite,numberOfRobotsOnWhiteSite
27143,21,23
timeStep,numberOfRobotsOnBlackSite,numberOfRobotsOnWhiteSite
27144,21,23
timeStep,numberOfRobotsOnBlackSite,numberOfRobotsOnWhiteSite
27145,21,23
timeStep,numberOfRobotsOnBlackSite,numberOfRobotsOnWhiteSite
27146,21,23
timeStep,numberOfRobotsOnBlackSite,numberOfRobotsOnWhiteSite
27147,21,23
timeStep,numberOfRobotsOnBlackSite,numberOfRobotsOnWhiteSite
27148,21,23
timeStep,numberOfRobotsOnBlackSite,numberOfRobotsOnWhiteSite
27149,21,23
timeStep,numberOfRobotsOnBlackSite,numberOfRobotsOnWhiteSite
27150,21,23
timeStep,numberOfRobotsOnBlackSite,numberOfRobotsOnWhiteSite
27151,21,23
timeStep,numberOfRobotsOnBlackSite,numberOfRobotsOnWhiteSite
27152,21,23
timeStep,numberOfRobotsOnBlackSite,numberOfRobotsOnWhiteSite
27153,21,23
timeStep,numberOfRobotsOnBlackSite,numberOfRobotsOnWhiteSite
27154,21,23
timeStep,numberOfRobotsOnBlackSite,numberOfRobotsOnWhiteSite
27155,21,22
timeStep,numberOfRobotsOnBlackSite,numberOfRobotsOnWhiteSite
27156,21,22
timeStep,numberOfRobotsOnBlackSite,numberOfRobotsOnWhiteSite
27157,21,22
timeStep,numberOfRobotsOnBlackSite,numberOfRobotsOnWhiteSite
27158,21,22
timeStep,numberOfRobotsOnBlackSite,numberOfRobotsOnWhiteSite
27159,21,22
timeStep,numberOfRobotsOnBlackSite,numberOfRobotsOnWhiteSite
27160,21,22
timeStep,numberOfRobotsOnBlackSite,numberOfRobotsOnWhiteSite
27161,21,22
timeStep,numberOfRobotsOnBlackSite,numberOfRobotsOnWhiteSite
27162,21,22
timeStep,numberOfRobotsOnBlackSite,numberOfRobotsOnWhiteSite
27163,21,22
timeStep,numberOfRobotsOnBlackSite,numberOfRobotsOnWhiteSite
27164,21,22
timeStep,numberOfRobotsOnBlackSite,numberOfRobotsOnWhiteSite
27165,21,22
timeStep,numberOfRobotsOnBlackSite,numberOfRobotsOnWhiteSite
27166,21,22
timeStep,numberOfRobotsOnBlackSite,numberOfRobotsOnWhiteSite
27167,21,22
timeStep,numberOfRobotsOnBlackSite,numberOfRobotsOnWhiteSite
27168,21,22
timeStep,numberOfRobotsOnBlackSite,numberOfRobotsOnWhiteSite
27169,21,22
timeStep,numberOfRobotsOnBlackSite,numberOfRobotsOnWhiteSite
27170,21,22
timeStep,numberOfRobotsOnBlackSite,numberOfRobotsOnWhiteSite
27171,21,22
timeStep,numberOfRobotsOnBlackSite,numberOfRobotsOnWhiteSite
27172,21,22
timeStep,numberOfRobotsOnBlackSite,numberOfRobotsOnWhiteSite
27173,21,22
timeStep,numberOfRobotsOnBlackSite,numberOfRobotsOnWhiteSite
27174,21,22
timeStep,numberOfRobotsOnBlackSite,numberOfRobotsOnWhiteSite
27175,21,22
timeStep,numberOfRobotsOnBlackSite,numberOfRobotsOnWhiteSite
27176,21,22
timeStep,numberOfRobotsOnBlackSite,numberOfRobotsOnWhiteSite
27177,21,22
timeStep,numberOfRobotsOnBlackSite,numberOfRobotsOnWhiteSite
27178,21,22
timeStep,numberOfRobotsOnBlackSite,numberOfRobotsOnWhiteSite
27179,21,22
timeStep,numberOfRobotsOnBlackSite,numberOfRobotsOnWhiteSite
27180,21,22
timeStep,numberOfRobotsOnBlackSite,numberOfRobotsOnWhiteSite
27181,21,22
timeStep,numberOfRobotsOnBlackSite,numberOfRobotsOnWhiteSite
27182,21,22
timeStep,numberOfRobotsOnBlackSite,numberOfRobotsOnWhiteSite
27183,21,22
timeStep,numberOfRobotsOnBlackSite,numberOfRobotsOnWhiteSite
27184,21,22
timeStep,numberOfRobotsOnBlackSite,numberOfRobotsOnWhiteSite
27185,21,22
timeStep,numberOfRobotsOnBlackSite,numberOfRobotsOnWhiteSite
27186,21,22
timeStep,numberOfRobotsOnBlackSite,numberOfRobotsOnWhiteSite
27187,21,22
timeStep,numberOfRobotsOnBlackSite,numberOfRobotsOnWhiteSite
27188,21,22
timeStep,numberOfRobotsOnBlackSite,numberOfRobotsOnWhiteSite
27189,21,22
timeStep,numberOfRobotsOnBlackSite,numberOfRobotsOnWhiteSite
27190,21,22
timeStep,numberOfRobotsOnBlackSite,numberOfRobotsOnWhiteSite
27191,21,22
timeStep,numberOfRobotsOnBlackSite,numberOfRobotsOnWhiteSite
27192,21,22
timeStep,numberOfRobotsOnBlackSite,numberOfRobotsOnWhiteSite
27193,21,22
timeStep,numberOfRobotsOnBlackSite,numberOfRobotsOnWhiteSite
27194,21,22
timeStep,numberOfRobotsOnBlackSite,numberOfRobotsOnWhiteSite
27195,21,22
timeStep,numberOfRobotsOnBlackSite,numberOfRobotsOnWhiteSite
27196,21,22
timeStep,numberOfRobotsOnBlackSite,numberOfRobotsOnWhiteSite
27197,21,22
timeStep,numberOfRobotsOnBlackSite,numberOfRobotsOnWhiteSite
27198,21,22
timeStep,numberOfRobotsOnBlackSite,numberOfRobotsOnWhiteSite
27199,21,22
timeStep,numberOfRobotsOnBlackSite,numberOfRobotsOnWhiteSite
27200,21,21
timeStep,numberOfRobotsOnBlackSite,numberOfRobotsOnWhiteSite
27201,21,21
timeStep,numberOfRobotsOnBlackSite,numberOfRobotsOnWhiteSite
27202,21,21
timeStep,numberOfRobotsOnBlackSite,numberOfRobotsOnWhiteSite
27203,21,21
timeStep,numberOfRobotsOnBlackSite,numberOfRobotsOnWhiteSite
27204,21,21
timeStep,numberOfRobotsOnBlackSite,numberOfRobotsOnWhiteSite
27205,21,21
timeStep,numberOfRobotsOnBlackSite,numberOfRobotsOnWhiteSite
27206,21,21
timeStep,numberOfRobotsOnBlackSite,numberOfRobotsOnWhiteSite
27207,21,21
timeStep,numberOfRobotsOnBlackSite,numberOfRobotsOnWhiteSite
27208,21,21
timeStep,numberOfRobotsOnBlackSite,numberOfRobotsOnWhiteSite
27209,21,21
timeStep,numberOfRobotsOnBlackSite,numberOfRobotsOnWhiteSite
27210,21,21
timeStep,numberOfRobotsOnBlackSite,numberOfRobotsOnWhiteSite
27211,21,21
timeStep,numberOfRobotsOnBlackSite,numberOfRobotsOnWhiteSite
27212,21,21
timeStep,numberOfRobotsOnBlackSite,numberOfRobotsOnWhiteSite
27213,21,21
timeStep,numberOfRobotsOnBlackSite,numberOfRobotsOnWhiteSite
27214,21,21
timeStep,numberOfRobotsOnBlackSite,numberOfRobotsOnWhiteSite
27215,21,21
timeStep,numberOfRobotsOnBlackSite,numberOfRobotsOnWhiteSite
27216,21,21
timeStep,numberOfRobotsOnBlackSite,numberOfRobotsOnWhiteSite
27217,21,21
timeStep,numberOfRobotsOnBlackSite,numberOfRobotsOnWhiteSite
27218,21,21
timeStep,numberOfRobotsOnBlackSite,numberOfRobotsOnWhiteSite
27219,21,21
timeStep,numberOfRobotsOnBlackSite,numberOfRobotsOnWhiteSite
27220,21,21
timeStep,numberOfRobotsOnBlackSite,numberOfRobotsOnWhiteSite
27221,21,21
timeStep,numberOfRobotsOnBlackSite,numberOfRobotsOnWhiteSite
27222,21,21
timeStep,numberOfRobotsOnBlackSite,numberOfRobotsOnWhiteSite
27223,21,21
timeStep,numberOfRobotsOnBlackSite,numberOfRobotsOnWhiteSite
27224,21,21
timeStep,numberOfRobotsOnBlackSite,numberOfRobotsOnWhiteSite
27225,21,21
timeStep,numberOfRobotsOnBlackSite,numberOfRobotsOnWhiteSite
27226,21,21
timeStep,numberOfRobotsOnBlackSite,numberOfRobotsOnWhiteSite
27227,21,21
timeStep,numberOfRobotsOnBlackSite,numberOfRobotsOnWhiteSite
27228,21,21
timeStep,numberOfRobotsOnBlackSite,numberOfRobotsOnWhiteSite
27229,21,21
timeStep,numberOfRobotsOnBlackSite,numberOfRobotsOnWhiteSite
27230,21,21
timeStep,numberOfRobotsOnBlackSite,numberOfRobotsOnWhiteSite
27231,21,21
timeStep,numberOfRobotsOnBlackSite,numberOfRobotsOnWhiteSite
27232,21,21
timeStep,numberOfRobotsOnBlackSite,numberOfRobotsOnWhiteSite
27233,21,21
timeStep,numberOfRobotsOnBlackSite,numberOfRobotsOnWhiteSite
27234,21,21
timeStep,numberOfRobotsOnBlackSite,numberOfRobotsOnWhiteSite
27235,21,21
timeStep,numberOfRobotsOnBlackSite,numberOfRobotsOnWhiteSite
27236,21,21
timeStep,numberOfRobotsOnBlackSite,numberOfRobotsOnWhiteSite
27237,21,21
timeStep,numberOfRobotsOnBlackSite,numberOfRobotsOnWhiteSite
27238,21,21
timeStep,numberOfRobotsOnBlackSite,numberOfRobotsOnWhiteSite
27239,21,21
timeStep,numberOfRobotsOnBlackSite,numberOfRobotsOnWhiteSite
27240,21,21
timeStep,numberOfRobotsOnBlackSite,numberOfRobotsOnWhiteSite
27241,21,21
timeStep,numberOfRobotsOnBlackSite,numberOfRobotsOnWhiteSite
27242,21,21
timeStep,numberOfRobotsOnBlackSite,numberOfRobotsOnWhiteSite
27243,21,21
timeStep,numberOfRobotsOnBlackSite,numberOfRobotsOnWhiteSite
27244,21,21
timeStep,numberOfRobotsOnBlackSite,numberOfRobotsOnWhiteSite
27245,21,21
timeStep,numberOfRobotsOnBlackSite,numberOfRobotsOnWhiteSite
27246,21,21
timeStep,numberOfRobotsOnBlackSite,numberOfRobotsOnWhiteSite
27247,21,21
timeStep,numberOfRobotsOnBlackSite,numberOfRobotsOnWhiteSite
27248,21,21
timeStep,numberOfRobotsOnBlackSite,numberOfRobotsOnWhiteSite
27249,21,21
timeStep,numberOfRobotsOnBlackSite,numberOfRobotsOnWhiteSite
27250,21,21
timeStep,numberOfRobotsOnBlackSite,numberOfRobotsOnWhiteSite
27251,21,21
timeStep,numberOfRobotsOnBlackSite,numberOfRobotsOnWhiteSite
27252,21,21
timeStep,numberOfRobotsOnBlackSite,numberOfRobotsOnWhiteSite
27253,21,21
timeStep,numberOfRobotsOnBlackSite,numberOfRobotsOnWhiteSite
27254,21,21
timeStep,numberOfRobotsOnBlackSite,numberOfRobotsOnWhiteSite
27255,21,21
timeStep,numberOfRobotsOnBlackSite,numberOfRobotsOnWhiteSite
27256,21,21
timeStep,numberOfRobotsOnBlackSite,numberOfRobotsOnWhiteSite
27257,21,21
timeStep,numberOfRobotsOnBlackSite,numberOfRobotsOnWhiteSite
27258,21,21
timeStep,numberOfRobotsOnBlackSite,numberOfRobotsOnWhiteSite
27259,21,21
timeStep,numberOfRobotsOnBlackSite,numberOfRobotsOnWhiteSite
27260,21,21
timeStep,numberOfRobotsOnBlackSite,numberOfRobotsOnWhiteSite
27261,21,21
timeStep,numberOfRobotsOnBlackSite,numberOfRobotsOnWhiteSite
27262,21,21
timeStep,numberOfRobotsOnBlackSite,numberOfRobotsOnWhiteSite
27263,21,21
timeStep,numberOfRobotsOnBlackSite,numberOfRobotsOnWhiteSite
27264,21,21
timeStep,numberOfRobotsOnBlackSite,numberOfRobotsOnWhiteSite
27265,21,21
timeStep,numberOfRobotsOnBlackSite,numberOfRobotsOnWhiteSite
27266,21,21
timeStep,numberOfRobotsOnBlackSite,numberOfRobotsOnWhiteSite
27267,21,21
timeStep,numberOfRobotsOnBlackSite,numberOfRobotsOnWhiteSite
27268,21,21
timeStep,numberOfRobotsOnBlackSite,numberOfRobotsOnWhiteSite
27269,21,21
timeStep,numberOfRobotsOnBlackSite,numberOfRobotsOnWhiteSite
27270,21,21
timeStep,numberOfRobotsOnBlackSite,numberOfRobotsOnWhiteSite
27271,21,21
timeStep,numberOfRobotsOnBlackSite,numberOfRobotsOnWhiteSite
27272,21,21
timeStep,numberOfRobotsOnBlackSite,numberOfRobotsOnWhiteSite
27273,21,21
timeStep,numberOfRobotsOnBlackSite,numberOfRobotsOnWhiteSite
27274,21,21
timeStep,numberOfRobotsOnBlackSite,numberOfRobotsOnWhiteSite
27275,21,21
timeStep,numberOfRobotsOnBlackSite,numberOfRobotsOnWhiteSite
27276,21,21
timeStep,numberOfRobotsOnBlackSite,numberOfRobotsOnWhiteSite
27277,21,21
timeStep,numberOfRobotsOnBlackSite,numberOfRobotsOnWhiteSite
27278,21,21
timeStep,numberOfRobotsOnBlackSite,numberOfRobotsOnWhiteSite
27279,21,21
timeStep,numberOfRobotsOnBlackSite,numberOfRobotsOnWhiteSite
27280,21,21
timeStep,numberOfRobotsOnBlackSite,numberOfRobotsOnWhiteSite
27281,21,21
timeStep,numberOfRobotsOnBlackSite,numberOfRobotsOnWhiteSite
27282,21,21
timeStep,numberOfRobotsOnBlackSite,numberOfRobotsOnWhiteSite
27283,21,21
timeStep,numberOfRobotsOnBlackSite,numberOfRobotsOnWhiteSite
27284,21,21
timeStep,numberOfRobotsOnBlackSite,numberOfRobotsOnWhiteSite
27285,21,21
timeStep,numberOfRobotsOnBlackSite,numberOfRobotsOnWhiteSite
27286,21,21
timeStep,numberOfRobotsOnBlackSite,numberOfRobotsOnWhiteSite
27287,21,21
timeStep,numberOfRobotsOnBlackSite,numberOfRobotsOnWhiteSite
27288,21,21
timeStep,numberOfRobotsOnBlackSite,numberOfRobotsOnWhiteSite
27289,21,21
timeStep,numberOfRobotsOnBlackSite,numberOfRobotsOnWhiteSite
27290,21,21
timeStep,numberOfRobotsOnBlackSite,numberOfRobotsOnWhiteSite
27291,21,21
timeStep,numberOfRobotsOnBlackSite,numberOfRobotsOnWhiteSite
27292,21,21
timeStep,numberOfRobotsOnBlackSite,numberOfRobotsOnWhiteSite
27293,21,21
timeStep,numberOfRobotsOnBlackSite,numberOfRobotsOnWhiteSite
27294,21,21
timeStep,numberOfRobotsOnBlackSite,numberOfRobotsOnWhiteSite
27295,21,21
timeStep,numberOfRobotsOnBlackSite,numberOfRobotsOnWhiteSite
27296,21,21
timeStep,numberOfRobotsOnBlackSite,numberOfRobotsOnWhiteSite
27297,21,21
timeStep,numberOfRobotsOnBlackSite,numberOfRobotsOnWhiteSite
27298,21,21
timeStep,numberOfRobotsOnBlackSite,numberOfRobotsOnWhiteSite
27299,21,21
timeStep,numberOfRobotsOnBlackSite,numberOfRobotsOnWhiteSite
27300,20,21
timeStep,numberOfRobotsOnBlackSite,numberOfRobotsOnWhiteSite
27301,20,21
timeStep,numberOfRobotsOnBlackSite,numberOfRobotsOnWhiteSite
27302,20,21
timeStep,numberOfRobotsOnBlackSite,numberOfRobotsOnWhiteSite
27303,20,21
timeStep,numberOfRobotsOnBlackSite,numberOfRobotsOnWhiteSite
27304,20,21
timeStep,numberOfRobotsOnBlackSite,numberOfRobotsOnWhiteSite
27305,20,21
timeStep,numberOfRobotsOnBlackSite,numberOfRobotsOnWhiteSite
27306,20,21
timeStep,numberOfRobotsOnBlackSite,numberOfRobotsOnWhiteSite
27307,20,21
timeStep,numberOfRobotsOnBlackSite,numberOfRobotsOnWhiteSite
27308,20,21
timeStep,numberOfRobotsOnBlackSite,numberOfRobotsOnWhiteSite
27309,20,21
timeStep,numberOfRobotsOnBlackSite,numberOfRobotsOnWhiteSite
27310,20,21
timeStep,numberOfRobotsOnBlackSite,numberOfRobotsOnWhiteSite
27311,20,21
timeStep,numberOfRobotsOnBlackSite,numberOfRobotsOnWhiteSite
27312,20,21
timeStep,numberOfRobotsOnBlackSite,numberOfRobotsOnWhiteSite
27313,20,21
timeStep,numberOfRobotsOnBlackSite,numberOfRobotsOnWhiteSite
27314,20,21
timeStep,numberOfRobotsOnBlackSite,numberOfRobotsOnWhiteSite
27315,20,21
timeStep,numberOfRobotsOnBlackSite,numberOfRobotsOnWhiteSite
27316,20,21
timeStep,numberOfRobotsOnBlackSite,numberOfRobotsOnWhiteSite
27317,20,21
timeStep,numberOfRobotsOnBlackSite,numberOfRobotsOnWhiteSite
27318,20,21
timeStep,numberOfRobotsOnBlackSite,numberOfRobotsOnWhiteSite
27319,20,21
timeStep,numberOfRobotsOnBlackSite,numberOfRobotsOnWhiteSite
27320,20,21
timeStep,numberOfRobotsOnBlackSite,numberOfRobotsOnWhiteSite
27321,20,21
timeStep,numberOfRobotsOnBlackSite,numberOfRobotsOnWhiteSite
27322,20,21
timeStep,numberOfRobotsOnBlackSite,numberOfRobotsOnWhiteSite
27323,20,21
timeStep,numberOfRobotsOnBlackSite,numberOfRobotsOnWhiteSite
27324,20,21
timeStep,numberOfRobotsOnBlackSite,numberOfRobotsOnWhiteSite
27325,20,21
timeStep,numberOfRobotsOnBlackSite,numberOfRobotsOnWhiteSite
27326,20,21
timeStep,numberOfRobotsOnBlackSite,numberOfRobotsOnWhiteSite
27327,20,21
timeStep,numberOfRobotsOnBlackSite,numberOfRobotsOnWhiteSite
27328,20,21
timeStep,numberOfRobotsOnBlackSite,numberOfRobotsOnWhiteSite
27329,20,21
timeStep,numberOfRobotsOnBlackSite,numberOfRobotsOnWhiteSite
27330,20,21
timeStep,numberOfRobotsOnBlackSite,numberOfRobotsOnWhiteSite
27331,20,21
timeStep,numberOfRobotsOnBlackSite,numberOfRobotsOnWhiteSite
27332,20,21
timeStep,numberOfRobotsOnBlackSite,numberOfRobotsOnWhiteSite
27333,20,21
timeStep,numberOfRobotsOnBlackSite,numberOfRobotsOnWhiteSite
27334,20,21
timeStep,numberOfRobotsOnBlackSite,numberOfRobotsOnWhiteSite
27335,20,21
timeStep,numberOfRobotsOnBlackSite,numberOfRobotsOnWhiteSite
27336,20,21
timeStep,numberOfRobotsOnBlackSite,numberOfRobotsOnWhiteSite
27337,20,21
timeStep,numberOfRobotsOnBlackSite,numberOfRobotsOnWhiteSite
27338,20,21
timeStep,numberOfRobotsOnBlackSite,numberOfRobotsOnWhiteSite
27339,20,21
timeStep,numberOfRobotsOnBlackSite,numberOfRobotsOnWhiteSite
27340,20,21
timeStep,numberOfRobotsOnBlackSite,numberOfRobotsOnWhiteSite
27341,20,21
timeStep,numberOfRobotsOnBlackSite,numberOfRobotsOnWhiteSite
27342,20,21
timeStep,numberOfRobotsOnBlackSite,numberOfRobotsOnWhiteSite
27343,20,21
timeStep,numberOfRobotsOnBlackSite,numberOfRobotsOnWhiteSite
27344,20,21
timeStep,numberOfRobotsOnBlackSite,numberOfRobotsOnWhiteSite
27345,20,21
timeStep,numberOfRobotsOnBlackSite,numberOfRobotsOnWhiteSite
27346,20,21
timeStep,numberOfRobotsOnBlackSite,numberOfRobotsOnWhiteSite
27347,20,21
timeStep,numberOfRobotsOnBlackSite,numberOfRobotsOnWhiteSite
27348,20,21
timeStep,numberOfRobotsOnBlackSite,numberOfRobotsOnWhiteSite
27349,20,21
timeStep,numberOfRobotsOnBlackSite,numberOfRobotsOnWhiteSite
27350,20,21
timeStep,numberOfRobotsOnBlackSite,numberOfRobotsOnWhiteSite
27351,20,21
timeStep,numberOfRobotsOnBlackSite,numberOfRobotsOnWhiteSite
27352,20,21
timeStep,numberOfRobotsOnBlackSite,numberOfRobotsOnWhiteSite
27353,20,21
timeStep,numberOfRobotsOnBlackSite,numberOfRobotsOnWhiteSite
27354,20,21
timeStep,numberOfRobotsOnBlackSite,numberOfRobotsOnWhiteSite
27355,20,21
timeStep,numberOfRobotsOnBlackSite,numberOfRobotsOnWhiteSite
27356,20,21
timeStep,numberOfRobotsOnBlackSite,numberOfRobotsOnWhiteSite
27357,20,21
timeStep,numberOfRobotsOnBlackSite,numberOfRobotsOnWhiteSite
27358,20,21
timeStep,numberOfRobotsOnBlackSite,numberOfRobotsOnWhiteSite
27359,20,21
timeStep,numberOfRobotsOnBlackSite,numberOfRobotsOnWhiteSite
27360,20,22
timeStep,numberOfRobotsOnBlackSite,numberOfRobotsOnWhiteSite
27361,20,22
timeStep,numberOfRobotsOnBlackSite,numberOfRobotsOnWhiteSite
27362,20,22
timeStep,numberOfRobotsOnBlackSite,numberOfRobotsOnWhiteSite
27363,20,22
timeStep,numberOfRobotsOnBlackSite,numberOfRobotsOnWhiteSite
27364,20,22
timeStep,numberOfRobotsOnBlackSite,numberOfRobotsOnWhiteSite
27365,20,22
timeStep,numberOfRobotsOnBlackSite,numberOfRobotsOnWhiteSite
27366,20,22
timeStep,numberOfRobotsOnBlackSite,numberOfRobotsOnWhiteSite
27367,20,22
timeStep,numberOfRobotsOnBlackSite,numberOfRobotsOnWhiteSite
27368,20,22
timeStep,numberOfRobotsOnBlackSite,numberOfRobotsOnWhiteSite
27369,20,22
timeStep,numberOfRobotsOnBlackSite,numberOfRobotsOnWhiteSite
27370,20,22
timeStep,numberOfRobotsOnBlackSite,numberOfRobotsOnWhiteSite
27371,20,22
timeStep,numberOfRobotsOnBlackSite,numberOfRobotsOnWhiteSite
27372,20,22
timeStep,numberOfRobotsOnBlackSite,numberOfRobotsOnWhiteSite
27373,20,22
timeStep,numberOfRobotsOnBlackSite,numberOfRobotsOnWhiteSite
27374,20,22
timeStep,numberOfRobotsOnBlackSite,numberOfRobotsOnWhiteSite
27375,20,22
timeStep,numberOfRobotsOnBlackSite,numberOfRobotsOnWhiteSite
27376,20,22
timeStep,numberOfRobotsOnBlackSite,numberOfRobotsOnWhiteSite
27377,20,22
timeStep,numberOfRobotsOnBlackSite,numberOfRobotsOnWhiteSite
27378,20,22
timeStep,numberOfRobotsOnBlackSite,numberOfRobotsOnWhiteSite
27379,20,22
timeStep,numberOfRobotsOnBlackSite,numberOfRobotsOnWhiteSite
27380,20,22
timeStep,numberOfRobotsOnBlackSite,numberOfRobotsOnWhiteSite
27381,20,22
timeStep,numberOfRobotsOnBlackSite,numberOfRobotsOnWhiteSite
27382,20,22
timeStep,numberOfRobotsOnBlackSite,numberOfRobotsOnWhiteSite
27383,20,22
timeStep,numberOfRobotsOnBlackSite,numberOfRobotsOnWhiteSite
27384,20,22
timeStep,numberOfRobotsOnBlackSite,numberOfRobotsOnWhiteSite
27385,20,21
timeStep,numberOfRobotsOnBlackSite,numberOfRobotsOnWhiteSite
27386,20,21
timeStep,numberOfRobotsOnBlackSite,numberOfRobotsOnWhiteSite
27387,20,21
timeStep,numberOfRobotsOnBlackSite,numberOfRobotsOnWhiteSite
27388,20,21
timeStep,numberOfRobotsOnBlackSite,numberOfRobotsOnWhiteSite
27389,20,21
timeStep,numberOfRobotsOnBlackSite,numberOfRobotsOnWhiteSite
27390,20,21
timeStep,numberOfRobotsOnBlackSite,numberOfRobotsOnWhiteSite
27391,20,21
timeStep,numberOfRobotsOnBlackSite,numberOfRobotsOnWhiteSite
27392,20,21
timeStep,numberOfRobotsOnBlackSite,numberOfRobotsOnWhiteSite
27393,20,21
timeStep,numberOfRobotsOnBlackSite,numberOfRobotsOnWhiteSite
27394,20,21
timeStep,numberOfRobotsOnBlackSite,numberOfRobotsOnWhiteSite
27395,20,21
timeStep,numberOfRobotsOnBlackSite,numberOfRobotsOnWhiteSite
27396,20,21
timeStep,numberOfRobotsOnBlackSite,numberOfRobotsOnWhiteSite
27397,20,21
timeStep,numberOfRobotsOnBlackSite,numberOfRobotsOnWhiteSite
27398,20,21
timeStep,numberOfRobotsOnBlackSite,numberOfRobotsOnWhiteSite
27399,20,21
timeStep,numberOfRobotsOnBlackSite,numberOfRobotsOnWhiteSite
27400,20,21
timeStep,numberOfRobotsOnBlackSite,numberOfRobotsOnWhiteSite
27401,20,21
timeStep,numberOfRobotsOnBlackSite,numberOfRobotsOnWhiteSite
27402,20,21
timeStep,numberOfRobotsOnBlackSite,numberOfRobotsOnWhiteSite
27403,20,21
timeStep,numberOfRobotsOnBlackSite,numberOfRobotsOnWhiteSite
27404,20,21
timeStep,numberOfRobotsOnBlackSite,numberOfRobotsOnWhiteSite
27405,20,21
timeStep,numberOfRobotsOnBlackSite,numberOfRobotsOnWhiteSite
27406,20,21
timeStep,numberOfRobotsOnBlackSite,numberOfRobotsOnWhiteSite
27407,20,21
timeStep,numberOfRobotsOnBlackSite,numberOfRobotsOnWhiteSite
27408,20,21
timeStep,numberOfRobotsOnBlackSite,numberOfRobotsOnWhiteSite
27409,20,21
timeStep,numberOfRobotsOnBlackSite,numberOfRobotsOnWhiteSite
27410,20,21
timeStep,numberOfRobotsOnBlackSite,numberOfRobotsOnWhiteSite
27411,20,21
timeStep,numberOfRobotsOnBlackSite,numberOfRobotsOnWhiteSite
27412,20,21
timeStep,numberOfRobotsOnBlackSite,numberOfRobotsOnWhiteSite
27413,20,21
timeStep,numberOfRobotsOnBlackSite,numberOfRobotsOnWhiteSite
27414,20,21
timeStep,numberOfRobotsOnBlackSite,numberOfRobotsOnWhiteSite
27415,20,21
timeStep,numberOfRobotsOnBlackSite,numberOfRobotsOnWhiteSite
27416,20,21
timeStep,numberOfRobotsOnBlackSite,numberOfRobotsOnWhiteSite
27417,20,21
timeStep,numberOfRobotsOnBlackSite,numberOfRobotsOnWhiteSite
27418,20,21
timeStep,numberOfRobotsOnBlackSite,numberOfRobotsOnWhiteSite
27419,20,21
timeStep,numberOfRobotsOnBlackSite,numberOfRobotsOnWhiteSite
27420,20,21
timeStep,numberOfRobotsOnBlackSite,numberOfRobotsOnWhiteSite
27421,20,21
timeStep,numberOfRobotsOnBlackSite,numberOfRobotsOnWhiteSite
27422,20,21
timeStep,numberOfRobotsOnBlackSite,numberOfRobotsOnWhiteSite
27423,20,21
timeStep,numberOfRobotsOnBlackSite,numberOfRobotsOnWhiteSite
27424,20,21
timeStep,numberOfRobotsOnBlackSite,numberOfRobotsOnWhiteSite
27425,20,21
timeStep,numberOfRobotsOnBlackSite,numberOfRobotsOnWhiteSite
27426,20,21
timeStep,numberOfRobotsOnBlackSite,numberOfRobotsOnWhiteSite
27427,20,21
timeStep,numberOfRobotsOnBlackSite,numberOfRobotsOnWhiteSite
27428,20,21
timeStep,numberOfRobotsOnBlackSite,numberOfRobotsOnWhiteSite
27429,20,21
timeStep,numberOfRobotsOnBlackSite,numberOfRobotsOnWhiteSite
27430,20,21
timeStep,numberOfRobotsOnBlackSite,numberOfRobotsOnWhiteSite
27431,20,21
timeStep,numberOfRobotsOnBlackSite,numberOfRobotsOnWhiteSite
27432,20,21
timeStep,numberOfRobotsOnBlackSite,numberOfRobotsOnWhiteSite
27433,20,21
timeStep,numberOfRobotsOnBlackSite,numberOfRobotsOnWhiteSite
27434,20,21
timeStep,numberOfRobotsOnBlackSite,numberOfRobotsOnWhiteSite
27435,20,21
timeStep,numberOfRobotsOnBlackSite,numberOfRobotsOnWhiteSite
27436,20,21
timeStep,numberOfRobotsOnBlackSite,numberOfRobotsOnWhiteSite
27437,20,21
timeStep,numberOfRobotsOnBlackSite,numberOfRobotsOnWhiteSite
27438,20,21
timeStep,numberOfRobotsOnBlackSite,numberOfRobotsOnWhiteSite
27439,20,21
timeStep,numberOfRobotsOnBlackSite,numberOfRobotsOnWhiteSite
27440,20,21
timeStep,numberOfRobotsOnBlackSite,numberOfRobotsOnWhiteSite
27441,20,21
timeStep,numberOfRobotsOnBlackSite,numberOfRobotsOnWhiteSite
27442,20,21
timeStep,numberOfRobotsOnBlackSite,numberOfRobotsOnWhiteSite
27443,20,21
timeStep,numberOfRobotsOnBlackSite,numberOfRobotsOnWhiteSite
27444,20,21
timeStep,numberOfRobotsOnBlackSite,numberOfRobotsOnWhiteSite
27445,21,21
timeStep,numberOfRobotsOnBlackSite,numberOfRobotsOnWhiteSite
27446,21,21
timeStep,numberOfRobotsOnBlackSite,numberOfRobotsOnWhiteSite
27447,21,21
timeStep,numberOfRobotsOnBlackSite,numberOfRobotsOnWhiteSite
27448,21,21
timeStep,numberOfRobotsOnBlackSite,numberOfRobotsOnWhiteSite
27449,21,21
timeStep,numberOfRobotsOnBlackSite,numberOfRobotsOnWhiteSite
27450,21,21
timeStep,numberOfRobotsOnBlackSite,numberOfRobotsOnWhiteSite
27451,21,21
timeStep,numberOfRobotsOnBlackSite,numberOfRobotsOnWhiteSite
27452,21,21
timeStep,numberOfRobotsOnBlackSite,numberOfRobotsOnWhiteSite
27453,21,21
timeStep,numberOfRobotsOnBlackSite,numberOfRobotsOnWhiteSite
27454,21,21
timeStep,numberOfRobotsOnBlackSite,numberOfRobotsOnWhiteSite
27455,21,21
timeStep,numberOfRobotsOnBlackSite,numberOfRobotsOnWhiteSite
27456,21,21
timeStep,numberOfRobotsOnBlackSite,numberOfRobotsOnWhiteSite
27457,21,21
timeStep,numberOfRobotsOnBlackSite,numberOfRobotsOnWhiteSite
27458,21,21
timeStep,numberOfRobotsOnBlackSite,numberOfRobotsOnWhiteSite
27459,21,21
timeStep,numberOfRobotsOnBlackSite,numberOfRobotsOnWhiteSite
27460,21,21
timeStep,numberOfRobotsOnBlackSite,numberOfRobotsOnWhiteSite
27461,21,21
timeStep,numberOfRobotsOnBlackSite,numberOfRobotsOnWhiteSite
27462,21,21
timeStep,numberOfRobotsOnBlackSite,numberOfRobotsOnWhiteSite
27463,21,21
timeStep,numberOfRobotsOnBlackSite,numberOfRobotsOnWhiteSite
27464,21,21
timeStep,numberOfRobotsOnBlackSite,numberOfRobotsOnWhiteSite
27465,21,21
timeStep,numberOfRobotsOnBlackSite,numberOfRobotsOnWhiteSite
27466,21,21
timeStep,numberOfRobotsOnBlackSite,numberOfRobotsOnWhiteSite
27467,21,21
timeStep,numberOfRobotsOnBlackSite,numberOfRobotsOnWhiteSite
27468,21,21
timeStep,numberOfRobotsOnBlackSite,numberOfRobotsOnWhiteSite
27469,21,21
timeStep,numberOfRobotsOnBlackSite,numberOfRobotsOnWhiteSite
27470,21,21
timeStep,numberOfRobotsOnBlackSite,numberOfRobotsOnWhiteSite
27471,21,21
timeStep,numberOfRobotsOnBlackSite,numberOfRobotsOnWhiteSite
27472,21,21
timeStep,numberOfRobotsOnBlackSite,numberOfRobotsOnWhiteSite
27473,21,21
timeStep,numberOfRobotsOnBlackSite,numberOfRobotsOnWhiteSite
27474,21,21
timeStep,numberOfRobotsOnBlackSite,numberOfRobotsOnWhiteSite
27475,21,21
timeStep,numberOfRobotsOnBlackSite,numberOfRobotsOnWhiteSite
27476,21,21
timeStep,numberOfRobotsOnBlackSite,numberOfRobotsOnWhiteSite
27477,21,21
timeStep,numberOfRobotsOnBlackSite,numberOfRobotsOnWhiteSite
27478,21,21
timeStep,numberOfRobotsOnBlackSite,numberOfRobotsOnWhiteSite
27479,21,21
timeStep,numberOfRobotsOnBlackSite,numberOfRobotsOnWhiteSite
27480,21,21
timeStep,numberOfRobotsOnBlackSite,numberOfRobotsOnWhiteSite
27481,21,21
timeStep,numberOfRobotsOnBlackSite,numberOfRobotsOnWhiteSite
27482,21,21
timeStep,numberOfRobotsOnBlackSite,numberOfRobotsOnWhiteSite
27483,21,21
timeStep,numberOfRobotsOnBlackSite,numberOfRobotsOnWhiteSite
27484,21,21
timeStep,numberOfRobotsOnBlackSite,numberOfRobotsOnWhiteSite
27485,21,21
timeStep,numberOfRobotsOnBlackSite,numberOfRobotsOnWhiteSite
27486,21,21
timeStep,numberOfRobotsOnBlackSite,numberOfRobotsOnWhiteSite
27487,21,21
timeStep,numberOfRobotsOnBlackSite,numberOfRobotsOnWhiteSite
27488,21,21
timeStep,numberOfRobotsOnBlackSite,numberOfRobotsOnWhiteSite
27489,21,21
timeStep,numberOfRobotsOnBlackSite,numberOfRobotsOnWhiteSite
27490,21,21
timeStep,numberOfRobotsOnBlackSite,numberOfRobotsOnWhiteSite
27491,21,21
timeStep,numberOfRobotsOnBlackSite,numberOfRobotsOnWhiteSite
27492,21,21
timeStep,numberOfRobotsOnBlackSite,numberOfRobotsOnWhiteSite
27493,21,21
timeStep,numberOfRobotsOnBlackSite,numberOfRobotsOnWhiteSite
27494,21,21
timeStep,numberOfRobotsOnBlackSite,numberOfRobotsOnWhiteSite
27495,20,21
timeStep,numberOfRobotsOnBlackSite,numberOfRobotsOnWhiteSite
27496,20,21
timeStep,numberOfRobotsOnBlackSite,numberOfRobotsOnWhiteSite
27497,20,21
timeStep,numberOfRobotsOnBlackSite,numberOfRobotsOnWhiteSite
27498,20,21
timeStep,numberOfRobotsOnBlackSite,numberOfRobotsOnWhiteSite
27499,20,21
timeStep,numberOfRobotsOnBlackSite,numberOfRobotsOnWhiteSite
27500,20,21
timeStep,numberOfRobotsOnBlackSite,numberOfRobotsOnWhiteSite
27501,20,21
timeStep,numberOfRobotsOnBlackSite,numberOfRobotsOnWhiteSite
27502,20,21
timeStep,numberOfRobotsOnBlackSite,numberOfRobotsOnWhiteSite
27503,20,21
timeStep,numberOfRobotsOnBlackSite,numberOfRobotsOnWhiteSite
27504,20,21
timeStep,numberOfRobotsOnBlackSite,numberOfRobotsOnWhiteSite
27505,20,21
timeStep,numberOfRobotsOnBlackSite,numberOfRobotsOnWhiteSite
27506,20,21
timeStep,numberOfRobotsOnBlackSite,numberOfRobotsOnWhiteSite
27507,20,21
timeStep,numberOfRobotsOnBlackSite,numberOfRobotsOnWhiteSite
27508,20,21
timeStep,numberOfRobotsOnBlackSite,numberOfRobotsOnWhiteSite
27509,20,21
timeStep,numberOfRobotsOnBlackSite,numberOfRobotsOnWhiteSite
27510,20,21
timeStep,numberOfRobotsOnBlackSite,numberOfRobotsOnWhiteSite
27511,20,21
timeStep,numberOfRobotsOnBlackSite,numberOfRobotsOnWhiteSite
27512,20,21
timeStep,numberOfRobotsOnBlackSite,numberOfRobotsOnWhiteSite
27513,20,21
timeStep,numberOfRobotsOnBlackSite,numberOfRobotsOnWhiteSite
27514,20,21
timeStep,numberOfRobotsOnBlackSite,numberOfRobotsOnWhiteSite
27515,20,21
timeStep,numberOfRobotsOnBlackSite,numberOfRobotsOnWhiteSite
27516,20,21
timeStep,numberOfRobotsOnBlackSite,numberOfRobotsOnWhiteSite
27517,20,21
timeStep,numberOfRobotsOnBlackSite,numberOfRobotsOnWhiteSite
27518,20,21
timeStep,numberOfRobotsOnBlackSite,numberOfRobotsOnWhiteSite
27519,20,21
timeStep,numberOfRobotsOnBlackSite,numberOfRobotsOnWhiteSite
27520,20,21
timeStep,numberOfRobotsOnBlackSite,numberOfRobotsOnWhiteSite
27521,20,21
timeStep,numberOfRobotsOnBlackSite,numberOfRobotsOnWhiteSite
27522,20,21
timeStep,numberOfRobotsOnBlackSite,numberOfRobotsOnWhiteSite
27523,20,21
timeStep,numberOfRobotsOnBlackSite,numberOfRobotsOnWhiteSite
27524,20,21
timeStep,numberOfRobotsOnBlackSite,numberOfRobotsOnWhiteSite
27525,21,21
timeStep,numberOfRobotsOnBlackSite,numberOfRobotsOnWhiteSite
27526,21,21
timeStep,numberOfRobotsOnBlackSite,numberOfRobotsOnWhiteSite
27527,21,21
timeStep,numberOfRobotsOnBlackSite,numberOfRobotsOnWhiteSite
27528,21,21
timeStep,numberOfRobotsOnBlackSite,numberOfRobotsOnWhiteSite
27529,21,21
timeStep,numberOfRobotsOnBlackSite,numberOfRobotsOnWhiteSite
27530,20,21
timeStep,numberOfRobotsOnBlackSite,numberOfRobotsOnWhiteSite
27531,20,21
timeStep,numberOfRobotsOnBlackSite,numberOfRobotsOnWhiteSite
27532,20,21
timeStep,numberOfRobotsOnBlackSite,numberOfRobotsOnWhiteSite
27533,20,21
timeStep,numberOfRobotsOnBlackSite,numberOfRobotsOnWhiteSite
27534,20,21
timeStep,numberOfRobotsOnBlackSite,numberOfRobotsOnWhiteSite
27535,20,21
timeStep,numberOfRobotsOnBlackSite,numberOfRobotsOnWhiteSite
27536,20,21
timeStep,numberOfRobotsOnBlackSite,numberOfRobotsOnWhiteSite
27537,20,21
timeStep,numberOfRobotsOnBlackSite,numberOfRobotsOnWhiteSite
27538,20,21
timeStep,numberOfRobotsOnBlackSite,numberOfRobotsOnWhiteSite
27539,20,21
timeStep,numberOfRobotsOnBlackSite,numberOfRobotsOnWhiteSite
27540,20,21
timeStep,numberOfRobotsOnBlackSite,numberOfRobotsOnWhiteSite
27541,20,21
timeStep,numberOfRobotsOnBlackSite,numberOfRobotsOnWhiteSite
27542,20,21
timeStep,numberOfRobotsOnBlackSite,numberOfRobotsOnWhiteSite
27543,20,21
timeStep,numberOfRobotsOnBlackSite,numberOfRobotsOnWhiteSite
27544,20,21
timeStep,numberOfRobotsOnBlackSite,numberOfRobotsOnWhiteSite
27545,20,21
timeStep,numberOfRobotsOnBlackSite,numberOfRobotsOnWhiteSite
27546,20,21
timeStep,numberOfRobotsOnBlackSite,numberOfRobotsOnWhiteSite
27547,20,21
timeStep,numberOfRobotsOnBlackSite,numberOfRobotsOnWhiteSite
27548,20,21
timeStep,numberOfRobotsOnBlackSite,numberOfRobotsOnWhiteSite
27549,20,21
timeStep,numberOfRobotsOnBlackSite,numberOfRobotsOnWhiteSite
27550,20,21
timeStep,numberOfRobotsOnBlackSite,numberOfRobotsOnWhiteSite
27551,20,21
timeStep,numberOfRobotsOnBlackSite,numberOfRobotsOnWhiteSite
27552,20,21
timeStep,numberOfRobotsOnBlackSite,numberOfRobotsOnWhiteSite
27553,20,21
timeStep,numberOfRobotsOnBlackSite,numberOfRobotsOnWhiteSite
27554,20,21
timeStep,numberOfRobotsOnBlackSite,numberOfRobotsOnWhiteSite
27555,20,21
timeStep,numberOfRobotsOnBlackSite,numberOfRobotsOnWhiteSite
27556,20,21
timeStep,numberOfRobotsOnBlackSite,numberOfRobotsOnWhiteSite
27557,20,21
timeStep,numberOfRobotsOnBlackSite,numberOfRobotsOnWhiteSite
27558,20,21
timeStep,numberOfRobotsOnBlackSite,numberOfRobotsOnWhiteSite
27559,20,21
timeStep,numberOfRobotsOnBlackSite,numberOfRobotsOnWhiteSite
27560,20,21
timeStep,numberOfRobotsOnBlackSite,numberOfRobotsOnWhiteSite
27561,20,21
timeStep,numberOfRobotsOnBlackSite,numberOfRobotsOnWhiteSite
27562,20,21
timeStep,numberOfRobotsOnBlackSite,numberOfRobotsOnWhiteSite
27563,20,21
timeStep,numberOfRobotsOnBlackSite,numberOfRobotsOnWhiteSite
27564,20,21
timeStep,numberOfRobotsOnBlackSite,numberOfRobotsOnWhiteSite
27565,20,21
timeStep,numberOfRobotsOnBlackSite,numberOfRobotsOnWhiteSite
27566,20,21
timeStep,numberOfRobotsOnBlackSite,numberOfRobotsOnWhiteSite
27567,20,21
timeStep,numberOfRobotsOnBlackSite,numberOfRobotsOnWhiteSite
27568,20,21
timeStep,numberOfRobotsOnBlackSite,numberOfRobotsOnWhiteSite
27569,20,21
timeStep,numberOfRobotsOnBlackSite,numberOfRobotsOnWhiteSite
27570,20,21
timeStep,numberOfRobotsOnBlackSite,numberOfRobotsOnWhiteSite
27571,20,21
timeStep,numberOfRobotsOnBlackSite,numberOfRobotsOnWhiteSite
27572,20,21
timeStep,numberOfRobotsOnBlackSite,numberOfRobotsOnWhiteSite
27573,20,21
timeStep,numberOfRobotsOnBlackSite,numberOfRobotsOnWhiteSite
27574,20,21
timeStep,numberOfRobotsOnBlackSite,numberOfRobotsOnWhiteSite
27575,20,21
timeStep,numberOfRobotsOnBlackSite,numberOfRobotsOnWhiteSite
27576,20,21
timeStep,numberOfRobotsOnBlackSite,numberOfRobotsOnWhiteSite
27577,20,21
timeStep,numberOfRobotsOnBlackSite,numberOfRobotsOnWhiteSite
27578,20,21
timeStep,numberOfRobotsOnBlackSite,numberOfRobotsOnWhiteSite
27579,20,21
timeStep,numberOfRobotsOnBlackSite,numberOfRobotsOnWhiteSite
27580,20,21
timeStep,numberOfRobotsOnBlackSite,numberOfRobotsOnWhiteSite
27581,20,21
timeStep,numberOfRobotsOnBlackSite,numberOfRobotsOnWhiteSite
27582,20,21
timeStep,numberOfRobotsOnBlackSite,numberOfRobotsOnWhiteSite
27583,20,21
timeStep,numberOfRobotsOnBlackSite,numberOfRobotsOnWhiteSite
27584,20,21
timeStep,numberOfRobotsOnBlackSite,numberOfRobotsOnWhiteSite
27585,20,21
timeStep,numberOfRobotsOnBlackSite,numberOfRobotsOnWhiteSite
27586,20,21
timeStep,numberOfRobotsOnBlackSite,numberOfRobotsOnWhiteSite
27587,20,21
timeStep,numberOfRobotsOnBlackSite,numberOfRobotsOnWhiteSite
27588,20,21
timeStep,numberOfRobotsOnBlackSite,numberOfRobotsOnWhiteSite
27589,20,21
timeStep,numberOfRobotsOnBlackSite,numberOfRobotsOnWhiteSite
27590,20,21
timeStep,numberOfRobotsOnBlackSite,numberOfRobotsOnWhiteSite
27591,20,21
timeStep,numberOfRobotsOnBlackSite,numberOfRobotsOnWhiteSite
27592,20,21
timeStep,numberOfRobotsOnBlackSite,numberOfRobotsOnWhiteSite
27593,20,21
timeStep,numberOfRobotsOnBlackSite,numberOfRobotsOnWhiteSite
27594,20,21
timeStep,numberOfRobotsOnBlackSite,numberOfRobotsOnWhiteSite
27595,20,21
timeStep,numberOfRobotsOnBlackSite,numberOfRobotsOnWhiteSite
27596,20,21
timeStep,numberOfRobotsOnBlackSite,numberOfRobotsOnWhiteSite
27597,20,21
timeStep,numberOfRobotsOnBlackSite,numberOfRobotsOnWhiteSite
27598,20,21
timeStep,numberOfRobotsOnBlackSite,numberOfRobotsOnWhiteSite
27599,20,21
timeStep,numberOfRobotsOnBlackSite,numberOfRobotsOnWhiteSite
27600,21,21
timeStep,numberOfRobotsOnBlackSite,numberOfRobotsOnWhiteSite
27601,21,21
timeStep,numberOfRobotsOnBlackSite,numberOfRobotsOnWhiteSite
27602,21,21
timeStep,numberOfRobotsOnBlackSite,numberOfRobotsOnWhiteSite
27603,21,21
timeStep,numberOfRobotsOnBlackSite,numberOfRobotsOnWhiteSite
27604,21,21
timeStep,numberOfRobotsOnBlackSite,numberOfRobotsOnWhiteSite
27605,21,21
timeStep,numberOfRobotsOnBlackSite,numberOfRobotsOnWhiteSite
27606,21,21
timeStep,numberOfRobotsOnBlackSite,numberOfRobotsOnWhiteSite
27607,21,21
timeStep,numberOfRobotsOnBlackSite,numberOfRobotsOnWhiteSite
27608,21,21
timeStep,numberOfRobotsOnBlackSite,numberOfRobotsOnWhiteSite
27609,21,21
timeStep,numberOfRobotsOnBlackSite,numberOfRobotsOnWhiteSite
27610,21,21
timeStep,numberOfRobotsOnBlackSite,numberOfRobotsOnWhiteSite
27611,21,21
timeStep,numberOfRobotsOnBlackSite,numberOfRobotsOnWhiteSite
27612,21,21
timeStep,numberOfRobotsOnBlackSite,numberOfRobotsOnWhiteSite
27613,21,21
timeStep,numberOfRobotsOnBlackSite,numberOfRobotsOnWhiteSite
27614,21,21
timeStep,numberOfRobotsOnBlackSite,numberOfRobotsOnWhiteSite
27615,20,21
timeStep,numberOfRobotsOnBlackSite,numberOfRobotsOnWhiteSite
27616,20,21
timeStep,numberOfRobotsOnBlackSite,numberOfRobotsOnWhiteSite
27617,20,21
timeStep,numberOfRobotsOnBlackSite,numberOfRobotsOnWhiteSite
27618,20,21
timeStep,numberOfRobotsOnBlackSite,numberOfRobotsOnWhiteSite
27619,20,21
timeStep,numberOfRobotsOnBlackSite,numberOfRobotsOnWhiteSite
27620,20,21
timeStep,numberOfRobotsOnBlackSite,numberOfRobotsOnWhiteSite
27621,20,21
timeStep,numberOfRobotsOnBlackSite,numberOfRobotsOnWhiteSite
27622,20,21
timeStep,numberOfRobotsOnBlackSite,numberOfRobotsOnWhiteSite
27623,20,21
timeStep,numberOfRobotsOnBlackSite,numberOfRobotsOnWhiteSite
27624,20,21
timeStep,numberOfRobotsOnBlackSite,numberOfRobotsOnWhiteSite
27625,20,21
timeStep,numberOfRobotsOnBlackSite,numberOfRobotsOnWhiteSite
27626,20,21
timeStep,numberOfRobotsOnBlackSite,numberOfRobotsOnWhiteSite
27627,20,21
timeStep,numberOfRobotsOnBlackSite,numberOfRobotsOnWhiteSite
27628,20,21
timeStep,numberOfRobotsOnBlackSite,numberOfRobotsOnWhiteSite
27629,20,21
timeStep,numberOfRobotsOnBlackSite,numberOfRobotsOnWhiteSite
27630,20,21
timeStep,numberOfRobotsOnBlackSite,numberOfRobotsOnWhiteSite
27631,20,21
timeStep,numberOfRobotsOnBlackSite,numberOfRobotsOnWhiteSite
27632,20,21
timeStep,numberOfRobotsOnBlackSite,numberOfRobotsOnWhiteSite
27633,20,21
timeStep,numberOfRobotsOnBlackSite,numberOfRobotsOnWhiteSite
27634,20,21
timeStep,numberOfRobotsOnBlackSite,numberOfRobotsOnWhiteSite
27635,20,21
timeStep,numberOfRobotsOnBlackSite,numberOfRobotsOnWhiteSite
27636,20,21
timeStep,numberOfRobotsOnBlackSite,numberOfRobotsOnWhiteSite
27637,20,21
timeStep,numberOfRobotsOnBlackSite,numberOfRobotsOnWhiteSite
27638,20,21
timeStep,numberOfRobotsOnBlackSite,numberOfRobotsOnWhiteSite
27639,20,21
timeStep,numberOfRobotsOnBlackSite,numberOfRobotsOnWhiteSite
27640,20,21
timeStep,numberOfRobotsOnBlackSite,numberOfRobotsOnWhiteSite
27641,20,21
timeStep,numberOfRobotsOnBlackSite,numberOfRobotsOnWhiteSite
27642,20,21
timeStep,numberOfRobotsOnBlackSite,numberOfRobotsOnWhiteSite
27643,20,21
timeStep,numberOfRobotsOnBlackSite,numberOfRobotsOnWhiteSite
27644,20,21
timeStep,numberOfRobotsOnBlackSite,numberOfRobotsOnWhiteSite
27645,20,22
timeStep,numberOfRobotsOnBlackSite,numberOfRobotsOnWhiteSite
27646,20,22
timeStep,numberOfRobotsOnBlackSite,numberOfRobotsOnWhiteSite
27647,20,22
timeStep,numberOfRobotsOnBlackSite,numberOfRobotsOnWhiteSite
27648,20,22
timeStep,numberOfRobotsOnBlackSite,numberOfRobotsOnWhiteSite
27649,20,22
timeStep,numberOfRobotsOnBlackSite,numberOfRobotsOnWhiteSite
27650,20,21
timeStep,numberOfRobotsOnBlackSite,numberOfRobotsOnWhiteSite
27651,20,21
timeStep,numberOfRobotsOnBlackSite,numberOfRobotsOnWhiteSite
27652,20,21
timeStep,numberOfRobotsOnBlackSite,numberOfRobotsOnWhiteSite
27653,20,21
timeStep,numberOfRobotsOnBlackSite,numberOfRobotsOnWhiteSite
27654,20,21
timeStep,numberOfRobotsOnBlackSite,numberOfRobotsOnWhiteSite
27655,21,21
timeStep,numberOfRobotsOnBlackSite,numberOfRobotsOnWhiteSite
27656,21,21
timeStep,numberOfRobotsOnBlackSite,numberOfRobotsOnWhiteSite
27657,21,21
timeStep,numberOfRobotsOnBlackSite,numberOfRobotsOnWhiteSite
27658,21,21
timeStep,numberOfRobotsOnBlackSite,numberOfRobotsOnWhiteSite
27659,21,21
timeStep,numberOfRobotsOnBlackSite,numberOfRobotsOnWhiteSite
27660,21,21
timeStep,numberOfRobotsOnBlackSite,numberOfRobotsOnWhiteSite
27661,21,21
timeStep,numberOfRobotsOnBlackSite,numberOfRobotsOnWhiteSite
27662,21,21
timeStep,numberOfRobotsOnBlackSite,numberOfRobotsOnWhiteSite
27663,21,21
timeStep,numberOfRobotsOnBlackSite,numberOfRobotsOnWhiteSite
27664,21,21
timeStep,numberOfRobotsOnBlackSite,numberOfRobotsOnWhiteSite
27665,21,21
timeStep,numberOfRobotsOnBlackSite,numberOfRobotsOnWhiteSite
27666,21,21
timeStep,numberOfRobotsOnBlackSite,numberOfRobotsOnWhiteSite
27667,21,21
timeStep,numberOfRobotsOnBlackSite,numberOfRobotsOnWhiteSite
27668,21,21
timeStep,numberOfRobotsOnBlackSite,numberOfRobotsOnWhiteSite
27669,21,21
timeStep,numberOfRobotsOnBlackSite,numberOfRobotsOnWhiteSite
27670,21,22
timeStep,numberOfRobotsOnBlackSite,numberOfRobotsOnWhiteSite
27671,21,22
timeStep,numberOfRobotsOnBlackSite,numberOfRobotsOnWhiteSite
27672,21,22
timeStep,numberOfRobotsOnBlackSite,numberOfRobotsOnWhiteSite
27673,21,22
timeStep,numberOfRobotsOnBlackSite,numberOfRobotsOnWhiteSite
27674,21,22
timeStep,numberOfRobotsOnBlackSite,numberOfRobotsOnWhiteSite
27675,21,22
timeStep,numberOfRobotsOnBlackSite,numberOfRobotsOnWhiteSite
27676,21,22
timeStep,numberOfRobotsOnBlackSite,numberOfRobotsOnWhiteSite
27677,21,22
timeStep,numberOfRobotsOnBlackSite,numberOfRobotsOnWhiteSite
27678,21,22
timeStep,numberOfRobotsOnBlackSite,numberOfRobotsOnWhiteSite
27679,21,22
timeStep,numberOfRobotsOnBlackSite,numberOfRobotsOnWhiteSite
27680,20,22
timeStep,numberOfRobotsOnBlackSite,numberOfRobotsOnWhiteSite
27681,20,22
timeStep,numberOfRobotsOnBlackSite,numberOfRobotsOnWhiteSite
27682,20,22
timeStep,numberOfRobotsOnBlackSite,numberOfRobotsOnWhiteSite
27683,20,22
timeStep,numberOfRobotsOnBlackSite,numberOfRobotsOnWhiteSite
27684,20,22
timeStep,numberOfRobotsOnBlackSite,numberOfRobotsOnWhiteSite
27685,19,22
timeStep,numberOfRobotsOnBlackSite,numberOfRobotsOnWhiteSite
27686,19,22
timeStep,numberOfRobotsOnBlackSite,numberOfRobotsOnWhiteSite
27687,19,22
timeStep,numberOfRobotsOnBlackSite,numberOfRobotsOnWhiteSite
27688,19,22
timeStep,numberOfRobotsOnBlackSite,numberOfRobotsOnWhiteSite
27689,19,22
timeStep,numberOfRobotsOnBlackSite,numberOfRobotsOnWhiteSite
27690,19,22
timeStep,numberOfRobotsOnBlackSite,numberOfRobotsOnWhiteSite
27691,19,22
timeStep,numberOfRobotsOnBlackSite,numberOfRobotsOnWhiteSite
27692,19,22
timeStep,numberOfRobotsOnBlackSite,numberOfRobotsOnWhiteSite
27693,19,22
timeStep,numberOfRobotsOnBlackSite,numberOfRobotsOnWhiteSite
27694,19,22
timeStep,numberOfRobotsOnBlackSite,numberOfRobotsOnWhiteSite
27695,19,22
timeStep,numberOfRobotsOnBlackSite,numberOfRobotsOnWhiteSite
27696,19,22
timeStep,numberOfRobotsOnBlackSite,numberOfRobotsOnWhiteSite
27697,19,22
timeStep,numberOfRobotsOnBlackSite,numberOfRobotsOnWhiteSite
27698,19,22
timeStep,numberOfRobotsOnBlackSite,numberOfRobotsOnWhiteSite
27699,19,22
timeStep,numberOfRobotsOnBlackSite,numberOfRobotsOnWhiteSite
27700,19,22
timeStep,numberOfRobotsOnBlackSite,numberOfRobotsOnWhiteSite
27701,19,22
timeStep,numberOfRobotsOnBlackSite,numberOfRobotsOnWhiteSite
27702,19,22
timeStep,numberOfRobotsOnBlackSite,numberOfRobotsOnWhiteSite
27703,19,22
timeStep,numberOfRobotsOnBlackSite,numberOfRobotsOnWhiteSite
27704,19,22
timeStep,numberOfRobotsOnBlackSite,numberOfRobotsOnWhiteSite
27705,19,22
timeStep,numberOfRobotsOnBlackSite,numberOfRobotsOnWhiteSite
27706,19,22
timeStep,numberOfRobotsOnBlackSite,numberOfRobotsOnWhiteSite
27707,19,22
timeStep,numberOfRobotsOnBlackSite,numberOfRobotsOnWhiteSite
27708,19,22
timeStep,numberOfRobotsOnBlackSite,numberOfRobotsOnWhiteSite
27709,19,22
timeStep,numberOfRobotsOnBlackSite,numberOfRobotsOnWhiteSite
27710,19,22
timeStep,numberOfRobotsOnBlackSite,numberOfRobotsOnWhiteSite
27711,19,22
timeStep,numberOfRobotsOnBlackSite,numberOfRobotsOnWhiteSite
27712,19,22
timeStep,numberOfRobotsOnBlackSite,numberOfRobotsOnWhiteSite
27713,19,22
timeStep,numberOfRobotsOnBlackSite,numberOfRobotsOnWhiteSite
27714,19,22
timeStep,numberOfRobotsOnBlackSite,numberOfRobotsOnWhiteSite
27715,19,22
timeStep,numberOfRobotsOnBlackSite,numberOfRobotsOnWhiteSite
27716,19,22
timeStep,numberOfRobotsOnBlackSite,numberOfRobotsOnWhiteSite
27717,19,22
timeStep,numberOfRobotsOnBlackSite,numberOfRobotsOnWhiteSite
27718,19,22
timeStep,numberOfRobotsOnBlackSite,numberOfRobotsOnWhiteSite
27719,19,22
timeStep,numberOfRobotsOnBlackSite,numberOfRobotsOnWhiteSite
27720,19,22
timeStep,numberOfRobotsOnBlackSite,numberOfRobotsOnWhiteSite
27721,19,22
timeStep,numberOfRobotsOnBlackSite,numberOfRobotsOnWhiteSite
27722,19,22
timeStep,numberOfRobotsOnBlackSite,numberOfRobotsOnWhiteSite
27723,19,22
timeStep,numberOfRobotsOnBlackSite,numberOfRobotsOnWhiteSite
27724,19,22
timeStep,numberOfRobotsOnBlackSite,numberOfRobotsOnWhiteSite
27725,19,21
timeStep,numberOfRobotsOnBlackSite,numberOfRobotsOnWhiteSite
27726,19,21
timeStep,numberOfRobotsOnBlackSite,numberOfRobotsOnWhiteSite
27727,19,21
timeStep,numberOfRobotsOnBlackSite,numberOfRobotsOnWhiteSite
27728,19,21
timeStep,numberOfRobotsOnBlackSite,numberOfRobotsOnWhiteSite
27729,19,21
timeStep,numberOfRobotsOnBlackSite,numberOfRobotsOnWhiteSite
27730,19,21
timeStep,numberOfRobotsOnBlackSite,numberOfRobotsOnWhiteSite
27731,19,21
timeStep,numberOfRobotsOnBlackSite,numberOfRobotsOnWhiteSite
27732,19,21
timeStep,numberOfRobotsOnBlackSite,numberOfRobotsOnWhiteSite
27733,19,21
timeStep,numberOfRobotsOnBlackSite,numberOfRobotsOnWhiteSite
27734,19,21
timeStep,numberOfRobotsOnBlackSite,numberOfRobotsOnWhiteSite
27735,19,20
timeStep,numberOfRobotsOnBlackSite,numberOfRobotsOnWhiteSite
27736,19,20
timeStep,numberOfRobotsOnBlackSite,numberOfRobotsOnWhiteSite
27737,19,20
timeStep,numberOfRobotsOnBlackSite,numberOfRobotsOnWhiteSite
27738,19,20
timeStep,numberOfRobotsOnBlackSite,numberOfRobotsOnWhiteSite
27739,19,20
timeStep,numberOfRobotsOnBlackSite,numberOfRobotsOnWhiteSite
27740,19,20
timeStep,numberOfRobotsOnBlackSite,numberOfRobotsOnWhiteSite
27741,19,20
timeStep,numberOfRobotsOnBlackSite,numberOfRobotsOnWhiteSite
27742,19,20
timeStep,numberOfRobotsOnBlackSite,numberOfRobotsOnWhiteSite
27743,19,20
timeStep,numberOfRobotsOnBlackSite,numberOfRobotsOnWhiteSite
27744,19,20
timeStep,numberOfRobotsOnBlackSite,numberOfRobotsOnWhiteSite
27745,19,20
timeStep,numberOfRobotsOnBlackSite,numberOfRobotsOnWhiteSite
27746,19,20
timeStep,numberOfRobotsOnBlackSite,numberOfRobotsOnWhiteSite
27747,19,20
timeStep,numberOfRobotsOnBlackSite,numberOfRobotsOnWhiteSite
27748,19,20
timeStep,numberOfRobotsOnBlackSite,numberOfRobotsOnWhiteSite
27749,19,20
timeStep,numberOfRobotsOnBlackSite,numberOfRobotsOnWhiteSite
27750,19,20
timeStep,numberOfRobotsOnBlackSite,numberOfRobotsOnWhiteSite
27751,19,20
timeStep,numberOfRobotsOnBlackSite,numberOfRobotsOnWhiteSite
27752,19,20
timeStep,numberOfRobotsOnBlackSite,numberOfRobotsOnWhiteSite
27753,19,20
timeStep,numberOfRobotsOnBlackSite,numberOfRobotsOnWhiteSite
27754,19,20
timeStep,numberOfRobotsOnBlackSite,numberOfRobotsOnWhiteSite
27755,19,20
timeStep,numberOfRobotsOnBlackSite,numberOfRobotsOnWhiteSite
27756,19,20
timeStep,numberOfRobotsOnBlackSite,numberOfRobotsOnWhiteSite
27757,19,20
timeStep,numberOfRobotsOnBlackSite,numberOfRobotsOnWhiteSite
27758,19,20
timeStep,numberOfRobotsOnBlackSite,numberOfRobotsOnWhiteSite
27759,19,20
timeStep,numberOfRobotsOnBlackSite,numberOfRobotsOnWhiteSite
27760,19,20
timeStep,numberOfRobotsOnBlackSite,numberOfRobotsOnWhiteSite
27761,19,20
timeStep,numberOfRobotsOnBlackSite,numberOfRobotsOnWhiteSite
27762,19,20
timeStep,numberOfRobotsOnBlackSite,numberOfRobotsOnWhiteSite
27763,19,20
timeStep,numberOfRobotsOnBlackSite,numberOfRobotsOnWhiteSite
27764,19,20
timeStep,numberOfRobotsOnBlackSite,numberOfRobotsOnWhiteSite
27765,19,20
timeStep,numberOfRobotsOnBlackSite,numberOfRobotsOnWhiteSite
27766,19,20
timeStep,numberOfRobotsOnBlackSite,numberOfRobotsOnWhiteSite
27767,19,20
timeStep,numberOfRobotsOnBlackSite,numberOfRobotsOnWhiteSite
27768,19,20
timeStep,numberOfRobotsOnBlackSite,numberOfRobotsOnWhiteSite
27769,19,20
timeStep,numberOfRobotsOnBlackSite,numberOfRobotsOnWhiteSite
27770,19,20
timeStep,numberOfRobotsOnBlackSite,numberOfRobotsOnWhiteSite
27771,19,20
timeStep,numberOfRobotsOnBlackSite,numberOfRobotsOnWhiteSite
27772,19,20
timeStep,numberOfRobotsOnBlackSite,numberOfRobotsOnWhiteSite
27773,19,20
timeStep,numberOfRobotsOnBlackSite,numberOfRobotsOnWhiteSite
27774,19,20
timeStep,numberOfRobotsOnBlackSite,numberOfRobotsOnWhiteSite
27775,19,20
timeStep,numberOfRobotsOnBlackSite,numberOfRobotsOnWhiteSite
27776,19,20
timeStep,numberOfRobotsOnBlackSite,numberOfRobotsOnWhiteSite
27777,19,20
timeStep,numberOfRobotsOnBlackSite,numberOfRobotsOnWhiteSite
27778,19,20
timeStep,numberOfRobotsOnBlackSite,numberOfRobotsOnWhiteSite
27779,19,20
timeStep,numberOfRobotsOnBlackSite,numberOfRobotsOnWhiteSite
27780,19,20
timeStep,numberOfRobotsOnBlackSite,numberOfRobotsOnWhiteSite
27781,19,20
timeStep,numberOfRobotsOnBlackSite,numberOfRobotsOnWhiteSite
27782,19,20
timeStep,numberOfRobotsOnBlackSite,numberOfRobotsOnWhiteSite
27783,19,20
timeStep,numberOfRobotsOnBlackSite,numberOfRobotsOnWhiteSite
27784,19,20
timeStep,numberOfRobotsOnBlackSite,numberOfRobotsOnWhiteSite
27785,19,20
timeStep,numberOfRobotsOnBlackSite,numberOfRobotsOnWhiteSite
27786,19,20
timeStep,numberOfRobotsOnBlackSite,numberOfRobotsOnWhiteSite
27787,19,20
timeStep,numberOfRobotsOnBlackSite,numberOfRobotsOnWhiteSite
27788,19,20
timeStep,numberOfRobotsOnBlackSite,numberOfRobotsOnWhiteSite
27789,19,20
timeStep,numberOfRobotsOnBlackSite,numberOfRobotsOnWhiteSite
27790,19,20
timeStep,numberOfRobotsOnBlackSite,numberOfRobotsOnWhiteSite
27791,19,20
timeStep,numberOfRobotsOnBlackSite,numberOfRobotsOnWhiteSite
27792,19,20
timeStep,numberOfRobotsOnBlackSite,numberOfRobotsOnWhiteSite
27793,19,20
timeStep,numberOfRobotsOnBlackSite,numberOfRobotsOnWhiteSite
27794,19,20
timeStep,numberOfRobotsOnBlackSite,numberOfRobotsOnWhiteSite
27795,19,20
timeStep,numberOfRobotsOnBlackSite,numberOfRobotsOnWhiteSite
27796,19,20
timeStep,numberOfRobotsOnBlackSite,numberOfRobotsOnWhiteSite
27797,19,20
timeStep,numberOfRobotsOnBlackSite,numberOfRobotsOnWhiteSite
27798,19,20
timeStep,numberOfRobotsOnBlackSite,numberOfRobotsOnWhiteSite
27799,19,20
timeStep,numberOfRobotsOnBlackSite,numberOfRobotsOnWhiteSite
27800,19,20
timeStep,numberOfRobotsOnBlackSite,numberOfRobotsOnWhiteSite
27801,19,20
timeStep,numberOfRobotsOnBlackSite,numberOfRobotsOnWhiteSite
27802,19,20
timeStep,numberOfRobotsOnBlackSite,numberOfRobotsOnWhiteSite
27803,19,20
timeStep,numberOfRobotsOnBlackSite,numberOfRobotsOnWhiteSite
27804,19,20
timeStep,numberOfRobotsOnBlackSite,numberOfRobotsOnWhiteSite
27805,19,20
timeStep,numberOfRobotsOnBlackSite,numberOfRobotsOnWhiteSite
27806,19,20
timeStep,numberOfRobotsOnBlackSite,numberOfRobotsOnWhiteSite
27807,19,20
timeStep,numberOfRobotsOnBlackSite,numberOfRobotsOnWhiteSite
27808,19,20
timeStep,numberOfRobotsOnBlackSite,numberOfRobotsOnWhiteSite
27809,19,20
timeStep,numberOfRobotsOnBlackSite,numberOfRobotsOnWhiteSite
27810,19,20
timeStep,numberOfRobotsOnBlackSite,numberOfRobotsOnWhiteSite
27811,19,20
timeStep,numberOfRobotsOnBlackSite,numberOfRobotsOnWhiteSite
27812,19,20
timeStep,numberOfRobotsOnBlackSite,numberOfRobotsOnWhiteSite
27813,19,20
timeStep,numberOfRobotsOnBlackSite,numberOfRobotsOnWhiteSite
27814,19,20
timeStep,numberOfRobotsOnBlackSite,numberOfRobotsOnWhiteSite
27815,19,20
timeStep,numberOfRobotsOnBlackSite,numberOfRobotsOnWhiteSite
27816,19,20
timeStep,numberOfRobotsOnBlackSite,numberOfRobotsOnWhiteSite
27817,19,20
timeStep,numberOfRobotsOnBlackSite,numberOfRobotsOnWhiteSite
27818,19,20
timeStep,numberOfRobotsOnBlackSite,numberOfRobotsOnWhiteSite
27819,19,20
timeStep,numberOfRobotsOnBlackSite,numberOfRobotsOnWhiteSite
27820,19,21
timeStep,numberOfRobotsOnBlackSite,numberOfRobotsOnWhiteSite
27821,19,21
timeStep,numberOfRobotsOnBlackSite,numberOfRobotsOnWhiteSite
27822,19,21
timeStep,numberOfRobotsOnBlackSite,numberOfRobotsOnWhiteSite
27823,19,21
timeStep,numberOfRobotsOnBlackSite,numberOfRobotsOnWhiteSite
27824,19,21
timeStep,numberOfRobotsOnBlackSite,numberOfRobotsOnWhiteSite
27825,19,21
timeStep,numberOfRobotsOnBlackSite,numberOfRobotsOnWhiteSite
27826,19,21
timeStep,numberOfRobotsOnBlackSite,numberOfRobotsOnWhiteSite
27827,19,21
timeStep,numberOfRobotsOnBlackSite,numberOfRobotsOnWhiteSite
27828,19,21
timeStep,numberOfRobotsOnBlackSite,numberOfRobotsOnWhiteSite
27829,19,21
timeStep,numberOfRobotsOnBlackSite,numberOfRobotsOnWhiteSite
27830,19,21
timeStep,numberOfRobotsOnBlackSite,numberOfRobotsOnWhiteSite
27831,19,21
timeStep,numberOfRobotsOnBlackSite,numberOfRobotsOnWhiteSite
27832,19,21
timeStep,numberOfRobotsOnBlackSite,numberOfRobotsOnWhiteSite
27833,19,21
timeStep,numberOfRobotsOnBlackSite,numberOfRobotsOnWhiteSite
27834,19,21
timeStep,numberOfRobotsOnBlackSite,numberOfRobotsOnWhiteSite
27835,19,21
timeStep,numberOfRobotsOnBlackSite,numberOfRobotsOnWhiteSite
27836,19,21
timeStep,numberOfRobotsOnBlackSite,numberOfRobotsOnWhiteSite
27837,19,21
timeStep,numberOfRobotsOnBlackSite,numberOfRobotsOnWhiteSite
27838,19,21
timeStep,numberOfRobotsOnBlackSite,numberOfRobotsOnWhiteSite
27839,19,21
timeStep,numberOfRobotsOnBlackSite,numberOfRobotsOnWhiteSite
27840,18,21
timeStep,numberOfRobotsOnBlackSite,numberOfRobotsOnWhiteSite
27841,18,21
timeStep,numberOfRobotsOnBlackSite,numberOfRobotsOnWhiteSite
27842,18,21
timeStep,numberOfRobotsOnBlackSite,numberOfRobotsOnWhiteSite
27843,18,21
timeStep,numberOfRobotsOnBlackSite,numberOfRobotsOnWhiteSite
27844,18,21
timeStep,numberOfRobotsOnBlackSite,numberOfRobotsOnWhiteSite
27845,18,21
timeStep,numberOfRobotsOnBlackSite,numberOfRobotsOnWhiteSite
27846,18,21
timeStep,numberOfRobotsOnBlackSite,numberOfRobotsOnWhiteSite
27847,18,21
timeStep,numberOfRobotsOnBlackSite,numberOfRobotsOnWhiteSite
27848,18,21
timeStep,numberOfRobotsOnBlackSite,numberOfRobotsOnWhiteSite
27849,18,21
timeStep,numberOfRobotsOnBlackSite,numberOfRobotsOnWhiteSite
27850,17,21
timeStep,numberOfRobotsOnBlackSite,numberOfRobotsOnWhiteSite
27851,17,21
timeStep,numberOfRobotsOnBlackSite,numberOfRobotsOnWhiteSite
27852,17,21
timeStep,numberOfRobotsOnBlackSite,numberOfRobotsOnWhiteSite
27853,17,21
timeStep,numberOfRobotsOnBlackSite,numberOfRobotsOnWhiteSite
27854,17,21
timeStep,numberOfRobotsOnBlackSite,numberOfRobotsOnWhiteSite
27855,17,21
timeStep,numberOfRobotsOnBlackSite,numberOfRobotsOnWhiteSite
27856,17,21
timeStep,numberOfRobotsOnBlackSite,numberOfRobotsOnWhiteSite
27857,17,21
timeStep,numberOfRobotsOnBlackSite,numberOfRobotsOnWhiteSite
27858,17,21
timeStep,numberOfRobotsOnBlackSite,numberOfRobotsOnWhiteSite
27859,17,21
timeStep,numberOfRobotsOnBlackSite,numberOfRobotsOnWhiteSite
27860,16,21
timeStep,numberOfRobotsOnBlackSite,numberOfRobotsOnWhiteSite
27861,16,21
timeStep,numberOfRobotsOnBlackSite,numberOfRobotsOnWhiteSite
27862,16,21
timeStep,numberOfRobotsOnBlackSite,numberOfRobotsOnWhiteSite
27863,16,21
timeStep,numberOfRobotsOnBlackSite,numberOfRobotsOnWhiteSite
27864,16,21
timeStep,numberOfRobotsOnBlackSite,numberOfRobotsOnWhiteSite
27865,16,20
timeStep,numberOfRobotsOnBlackSite,numberOfRobotsOnWhiteSite
27866,16,20
timeStep,numberOfRobotsOnBlackSite,numberOfRobotsOnWhiteSite
27867,16,20
timeStep,numberOfRobotsOnBlackSite,numberOfRobotsOnWhiteSite
27868,16,20
timeStep,numberOfRobotsOnBlackSite,numberOfRobotsOnWhiteSite
27869,16,20
timeStep,numberOfRobotsOnBlackSite,numberOfRobotsOnWhiteSite
27870,16,20
timeStep,numberOfRobotsOnBlackSite,numberOfRobotsOnWhiteSite
27871,16,20
timeStep,numberOfRobotsOnBlackSite,numberOfRobotsOnWhiteSite
27872,16,20
timeStep,numberOfRobotsOnBlackSite,numberOfRobotsOnWhiteSite
27873,16,20
timeStep,numberOfRobotsOnBlackSite,numberOfRobotsOnWhiteSite
27874,16,20
timeStep,numberOfRobotsOnBlackSite,numberOfRobotsOnWhiteSite
27875,16,19
timeStep,numberOfRobotsOnBlackSite,numberOfRobotsOnWhiteSite
27876,16,19
timeStep,numberOfRobotsOnBlackSite,numberOfRobotsOnWhiteSite
27877,16,19
timeStep,numberOfRobotsOnBlackSite,numberOfRobotsOnWhiteSite
27878,16,19
timeStep,numberOfRobotsOnBlackSite,numberOfRobotsOnWhiteSite
27879,16,19
timeStep,numberOfRobotsOnBlackSite,numberOfRobotsOnWhiteSite
27880,16,19
timeStep,numberOfRobotsOnBlackSite,numberOfRobotsOnWhiteSite
27881,16,19
timeStep,numberOfRobotsOnBlackSite,numberOfRobotsOnWhiteSite
27882,16,19
timeStep,numberOfRobotsOnBlackSite,numberOfRobotsOnWhiteSite
27883,16,19
timeStep,numberOfRobotsOnBlackSite,numberOfRobotsOnWhiteSite
27884,16,19
timeStep,numberOfRobotsOnBlackSite,numberOfRobotsOnWhiteSite
27885,16,19
timeStep,numberOfRobotsOnBlackSite,numberOfRobotsOnWhiteSite
27886,16,19
timeStep,numberOfRobotsOnBlackSite,numberOfRobotsOnWhiteSite
27887,16,19
timeStep,numberOfRobotsOnBlackSite,numberOfRobotsOnWhiteSite
27888,16,19
timeStep,numberOfRobotsOnBlackSite,numberOfRobotsOnWhiteSite
27889,16,19
timeStep,numberOfRobotsOnBlackSite,numberOfRobotsOnWhiteSite
27890,16,19
timeStep,numberOfRobotsOnBlackSite,numberOfRobotsOnWhiteSite
27891,16,19
timeStep,numberOfRobotsOnBlackSite,numberOfRobotsOnWhiteSite
27892,16,19
timeStep,numberOfRobotsOnBlackSite,numberOfRobotsOnWhiteSite
27893,16,19
timeStep,numberOfRobotsOnBlackSite,numberOfRobotsOnWhiteSite
27894,16,19
timeStep,numberOfRobotsOnBlackSite,numberOfRobotsOnWhiteSite
27895,16,19
timeStep,numberOfRobotsOnBlackSite,numberOfRobotsOnWhiteSite
27896,16,19
timeStep,numberOfRobotsOnBlackSite,numberOfRobotsOnWhiteSite
27897,16,19
timeStep,numberOfRobotsOnBlackSite,numberOfRobotsOnWhiteSite
27898,16,19
timeStep,numberOfRobotsOnBlackSite,numberOfRobotsOnWhiteSite
27899,16,19
timeStep,numberOfRobotsOnBlackSite,numberOfRobotsOnWhiteSite
27900,16,19
timeStep,numberOfRobotsOnBlackSite,numberOfRobotsOnWhiteSite
27901,16,19
timeStep,numberOfRobotsOnBlackSite,numberOfRobotsOnWhiteSite
27902,16,19
timeStep,numberOfRobotsOnBlackSite,numberOfRobotsOnWhiteSite
27903,16,19
timeStep,numberOfRobotsOnBlackSite,numberOfRobotsOnWhiteSite
27904,16,19
timeStep,numberOfRobotsOnBlackSite,numberOfRobotsOnWhiteSite
27905,16,19
timeStep,numberOfRobotsOnBlackSite,numberOfRobotsOnWhiteSite
27906,16,19
timeStep,numberOfRobotsOnBlackSite,numberOfRobotsOnWhiteSite
27907,16,19
timeStep,numberOfRobotsOnBlackSite,numberOfRobotsOnWhiteSite
27908,16,19
timeStep,numberOfRobotsOnBlackSite,numberOfRobotsOnWhiteSite
27909,16,19
timeStep,numberOfRobotsOnBlackSite,numberOfRobotsOnWhiteSite
27910,16,19
timeStep,numberOfRobotsOnBlackSite,numberOfRobotsOnWhiteSite
27911,16,19
timeStep,numberOfRobotsOnBlackSite,numberOfRobotsOnWhiteSite
27912,16,19
timeStep,numberOfRobotsOnBlackSite,numberOfRobotsOnWhiteSite
27913,16,19
timeStep,numberOfRobotsOnBlackSite,numberOfRobotsOnWhiteSite
27914,16,19
timeStep,numberOfRobotsOnBlackSite,numberOfRobotsOnWhiteSite
27915,17,19
timeStep,numberOfRobotsOnBlackSite,numberOfRobotsOnWhiteSite
27916,17,19
timeStep,numberOfRobotsOnBlackSite,numberOfRobotsOnWhiteSite
27917,17,19
timeStep,numberOfRobotsOnBlackSite,numberOfRobotsOnWhiteSite
27918,17,19
timeStep,numberOfRobotsOnBlackSite,numberOfRobotsOnWhiteSite
27919,17,19
timeStep,numberOfRobotsOnBlackSite,numberOfRobotsOnWhiteSite
27920,17,19
timeStep,numberOfRobotsOnBlackSite,numberOfRobotsOnWhiteSite
27921,17,19
timeStep,numberOfRobotsOnBlackSite,numberOfRobotsOnWhiteSite
27922,17,19
timeStep,numberOfRobotsOnBlackSite,numberOfRobotsOnWhiteSite
27923,17,19
timeStep,numberOfRobotsOnBlackSite,numberOfRobotsOnWhiteSite
27924,17,19
timeStep,numberOfRobotsOnBlackSite,numberOfRobotsOnWhiteSite
27925,17,20
timeStep,numberOfRobotsOnBlackSite,numberOfRobotsOnWhiteSite
27926,17,20
timeStep,numberOfRobotsOnBlackSite,numberOfRobotsOnWhiteSite
27927,17,20
timeStep,numberOfRobotsOnBlackSite,numberOfRobotsOnWhiteSite
27928,17,20
timeStep,numberOfRobotsOnBlackSite,numberOfRobotsOnWhiteSite
27929,17,20
timeStep,numberOfRobotsOnBlackSite,numberOfRobotsOnWhiteSite
27930,17,20
timeStep,numberOfRobotsOnBlackSite,numberOfRobotsOnWhiteSite
27931,17,20
timeStep,numberOfRobotsOnBlackSite,numberOfRobotsOnWhiteSite
27932,17,20
timeStep,numberOfRobotsOnBlackSite,numberOfRobotsOnWhiteSite
27933,17,20
timeStep,numberOfRobotsOnBlackSite,numberOfRobotsOnWhiteSite
27934,17,20
timeStep,numberOfRobotsOnBlackSite,numberOfRobotsOnWhiteSite
27935,17,20
timeStep,numberOfRobotsOnBlackSite,numberOfRobotsOnWhiteSite
27936,17,20
timeStep,numberOfRobotsOnBlackSite,numberOfRobotsOnWhiteSite
27937,17,20
timeStep,numberOfRobotsOnBlackSite,numberOfRobotsOnWhiteSite
27938,17,20
timeStep,numberOfRobotsOnBlackSite,numberOfRobotsOnWhiteSite
27939,17,20
timeStep,numberOfRobotsOnBlackSite,numberOfRobotsOnWhiteSite
27940,17,20
timeStep,numberOfRobotsOnBlackSite,numberOfRobotsOnWhiteSite
27941,17,20
timeStep,numberOfRobotsOnBlackSite,numberOfRobotsOnWhiteSite
27942,17,20
timeStep,numberOfRobotsOnBlackSite,numberOfRobotsOnWhiteSite
27943,17,20
timeStep,numberOfRobotsOnBlackSite,numberOfRobotsOnWhiteSite
27944,17,20
timeStep,numberOfRobotsOnBlackSite,numberOfRobotsOnWhiteSite
27945,17,20
timeStep,numberOfRobotsOnBlackSite,numberOfRobotsOnWhiteSite
27946,17,20
timeStep,numberOfRobotsOnBlackSite,numberOfRobotsOnWhiteSite
27947,17,20
timeStep,numberOfRobotsOnBlackSite,numberOfRobotsOnWhiteSite
27948,17,20
timeStep,numberOfRobotsOnBlackSite,numberOfRobotsOnWhiteSite
27949,17,20
timeStep,numberOfRobotsOnBlackSite,numberOfRobotsOnWhiteSite
27950,17,20
timeStep,numberOfRobotsOnBlackSite,numberOfRobotsOnWhiteSite
27951,17,20
timeStep,numberOfRobotsOnBlackSite,numberOfRobotsOnWhiteSite
27952,17,20
timeStep,numberOfRobotsOnBlackSite,numberOfRobotsOnWhiteSite
27953,17,20
timeStep,numberOfRobotsOnBlackSite,numberOfRobotsOnWhiteSite
27954,17,20
timeStep,numberOfRobotsOnBlackSite,numberOfRobotsOnWhiteSite
27955,17,20
timeStep,numberOfRobotsOnBlackSite,numberOfRobotsOnWhiteSite
27956,17,20
timeStep,numberOfRobotsOnBlackSite,numberOfRobotsOnWhiteSite
27957,17,20
timeStep,numberOfRobotsOnBlackSite,numberOfRobotsOnWhiteSite
27958,17,20
timeStep,numberOfRobotsOnBlackSite,numberOfRobotsOnWhiteSite
27959,17,20
timeStep,numberOfRobotsOnBlackSite,numberOfRobotsOnWhiteSite
27960,17,19
timeStep,numberOfRobotsOnBlackSite,numberOfRobotsOnWhiteSite
27961,17,19
timeStep,numberOfRobotsOnBlackSite,numberOfRobotsOnWhiteSite
27962,17,19
timeStep,numberOfRobotsOnBlackSite,numberOfRobotsOnWhiteSite
27963,17,19
timeStep,numberOfRobotsOnBlackSite,numberOfRobotsOnWhiteSite
27964,17,19
timeStep,numberOfRobotsOnBlackSite,numberOfRobotsOnWhiteSite
27965,17,19
timeStep,numberOfRobotsOnBlackSite,numberOfRobotsOnWhiteSite
27966,17,19
timeStep,numberOfRobotsOnBlackSite,numberOfRobotsOnWhiteSite
27967,17,19
timeStep,numberOfRobotsOnBlackSite,numberOfRobotsOnWhiteSite
27968,17,19
timeStep,numberOfRobotsOnBlackSite,numberOfRobotsOnWhiteSite
27969,17,19
timeStep,numberOfRobotsOnBlackSite,numberOfRobotsOnWhiteSite
27970,17,19
timeStep,numberOfRobotsOnBlackSite,numberOfRobotsOnWhiteSite
27971,17,19
timeStep,numberOfRobotsOnBlackSite,numberOfRobotsOnWhiteSite
27972,17,19
timeStep,numberOfRobotsOnBlackSite,numberOfRobotsOnWhiteSite
27973,17,19
timeStep,numberOfRobotsOnBlackSite,numberOfRobotsOnWhiteSite
27974,17,19
timeStep,numberOfRobotsOnBlackSite,numberOfRobotsOnWhiteSite
27975,17,19
timeStep,numberOfRobotsOnBlackSite,numberOfRobotsOnWhiteSite
27976,17,19
timeStep,numberOfRobotsOnBlackSite,numberOfRobotsOnWhiteSite
27977,17,19
timeStep,numberOfRobotsOnBlackSite,numberOfRobotsOnWhiteSite
27978,17,19
timeStep,numberOfRobotsOnBlackSite,numberOfRobotsOnWhiteSite
27979,17,19
timeStep,numberOfRobotsOnBlackSite,numberOfRobotsOnWhiteSite
27980,17,19
timeStep,numberOfRobotsOnBlackSite,numberOfRobotsOnWhiteSite
27981,17,19
timeStep,numberOfRobotsOnBlackSite,numberOfRobotsOnWhiteSite
27982,17,19
timeStep,numberOfRobotsOnBlackSite,numberOfRobotsOnWhiteSite
27983,17,19
timeStep,numberOfRobotsOnBlackSite,numberOfRobotsOnWhiteSite
27984,17,19
timeStep,numberOfRobotsOnBlackSite,numberOfRobotsOnWhiteSite
27985,17,18
timeStep,numberOfRobotsOnBlackSite,numberOfRobotsOnWhiteSite
27986,17,18
timeStep,numberOfRobotsOnBlackSite,numberOfRobotsOnWhiteSite
27987,17,18
timeStep,numberOfRobotsOnBlackSite,numberOfRobotsOnWhiteSite
27988,17,18
timeStep,numberOfRobotsOnBlackSite,numberOfRobotsOnWhiteSite
27989,17,18
timeStep,numberOfRobotsOnBlackSite,numberOfRobotsOnWhiteSite
27990,17,18
timeStep,numberOfRobotsOnBlackSite,numberOfRobotsOnWhiteSite
27991,17,18
timeStep,numberOfRobotsOnBlackSite,numberOfRobotsOnWhiteSite
27992,17,18
timeStep,numberOfRobotsOnBlackSite,numberOfRobotsOnWhiteSite
27993,17,18
timeStep,numberOfRobotsOnBlackSite,numberOfRobotsOnWhiteSite
27994,17,18
timeStep,numberOfRobotsOnBlackSite,numberOfRobotsOnWhiteSite
27995,16,18
timeStep,numberOfRobotsOnBlackSite,numberOfRobotsOnWhiteSite
27996,16,18
timeStep,numberOfRobotsOnBlackSite,numberOfRobotsOnWhiteSite
27997,16,18
timeStep,numberOfRobotsOnBlackSite,numberOfRobotsOnWhiteSite
27998,16,18
timeStep,numberOfRobotsOnBlackSite,numberOfRobotsOnWhiteSite
27999,16,18
timeStep,numberOfRobotsOnBlackSite,numberOfRobotsOnWhiteSite
28000,16,18
timeStep,numberOfRobotsOnBlackSite,numberOfRobotsOnWhiteSite
28001,16,18
timeStep,numberOfRobotsOnBlackSite,numberOfRobotsOnWhiteSite
28002,16,18
timeStep,numberOfRobotsOnBlackSite,numberOfRobotsOnWhiteSite
28003,16,18
timeStep,numberOfRobotsOnBlackSite,numberOfRobotsOnWhiteSite
28004,16,18
timeStep,numberOfRobotsOnBlackSite,numberOfRobotsOnWhiteSite
28005,16,18
timeStep,numberOfRobotsOnBlackSite,numberOfRobotsOnWhiteSite
28006,16,18
timeStep,numberOfRobotsOnBlackSite,numberOfRobotsOnWhiteSite
28007,16,18
timeStep,numberOfRobotsOnBlackSite,numberOfRobotsOnWhiteSite
28008,16,18
timeStep,numberOfRobotsOnBlackSite,numberOfRobotsOnWhiteSite
28009,16,18
timeStep,numberOfRobotsOnBlackSite,numberOfRobotsOnWhiteSite
28010,16,18
timeStep,numberOfRobotsOnBlackSite,numberOfRobotsOnWhiteSite
28011,16,18
timeStep,numberOfRobotsOnBlackSite,numberOfRobotsOnWhiteSite
28012,16,18
timeStep,numberOfRobotsOnBlackSite,numberOfRobotsOnWhiteSite
28013,16,18
timeStep,numberOfRobotsOnBlackSite,numberOfRobotsOnWhiteSite
28014,16,18
timeStep,numberOfRobotsOnBlackSite,numberOfRobotsOnWhiteSite
28015,16,18
timeStep,numberOfRobotsOnBlackSite,numberOfRobotsOnWhiteSite
28016,16,18
timeStep,numberOfRobotsOnBlackSite,numberOfRobotsOnWhiteSite
28017,16,18
timeStep,numberOfRobotsOnBlackSite,numberOfRobotsOnWhiteSite
28018,16,18
timeStep,numberOfRobotsOnBlackSite,numberOfRobotsOnWhiteSite
28019,16,18
timeStep,numberOfRobotsOnBlackSite,numberOfRobotsOnWhiteSite
28020,16,18
timeStep,numberOfRobotsOnBlackSite,numberOfRobotsOnWhiteSite
28021,16,18
timeStep,numberOfRobotsOnBlackSite,numberOfRobotsOnWhiteSite
28022,16,18
timeStep,numberOfRobotsOnBlackSite,numberOfRobotsOnWhiteSite
28023,16,18
timeStep,numberOfRobotsOnBlackSite,numberOfRobotsOnWhiteSite
28024,16,18
timeStep,numberOfRobotsOnBlackSite,numberOfRobotsOnWhiteSite
28025,16,18
timeStep,numberOfRobotsOnBlackSite,numberOfRobotsOnWhiteSite
28026,16,18
timeStep,numberOfRobotsOnBlackSite,numberOfRobotsOnWhiteSite
28027,16,18
timeStep,numberOfRobotsOnBlackSite,numberOfRobotsOnWhiteSite
28028,16,18
timeStep,numberOfRobotsOnBlackSite,numberOfRobotsOnWhiteSite
28029,16,18
timeStep,numberOfRobotsOnBlackSite,numberOfRobotsOnWhiteSite
28030,16,18
timeStep,numberOfRobotsOnBlackSite,numberOfRobotsOnWhiteSite
28031,16,18
timeStep,numberOfRobotsOnBlackSite,numberOfRobotsOnWhiteSite
28032,16,18
timeStep,numberOfRobotsOnBlackSite,numberOfRobotsOnWhiteSite
28033,16,18
timeStep,numberOfRobotsOnBlackSite,numberOfRobotsOnWhiteSite
28034,16,18
timeStep,numberOfRobotsOnBlackSite,numberOfRobotsOnWhiteSite
28035,16,18
timeStep,numberOfRobotsOnBlackSite,numberOfRobotsOnWhiteSite
28036,16,18
timeStep,numberOfRobotsOnBlackSite,numberOfRobotsOnWhiteSite
28037,16,18
timeStep,numberOfRobotsOnBlackSite,numberOfRobotsOnWhiteSite
28038,16,18
timeStep,numberOfRobotsOnBlackSite,numberOfRobotsOnWhiteSite
28039,16,18
timeStep,numberOfRobotsOnBlackSite,numberOfRobotsOnWhiteSite
28040,16,18
timeStep,numberOfRobotsOnBlackSite,numberOfRobotsOnWhiteSite
28041,16,18
timeStep,numberOfRobotsOnBlackSite,numberOfRobotsOnWhiteSite
28042,16,18
timeStep,numberOfRobotsOnBlackSite,numberOfRobotsOnWhiteSite
28043,16,18
timeStep,numberOfRobotsOnBlackSite,numberOfRobotsOnWhiteSite
28044,16,18
timeStep,numberOfRobotsOnBlackSite,numberOfRobotsOnWhiteSite
28045,16,18
timeStep,numberOfRobotsOnBlackSite,numberOfRobotsOnWhiteSite
28046,16,18
timeStep,numberOfRobotsOnBlackSite,numberOfRobotsOnWhiteSite
28047,16,18
timeStep,numberOfRobotsOnBlackSite,numberOfRobotsOnWhiteSite
28048,16,18
timeStep,numberOfRobotsOnBlackSite,numberOfRobotsOnWhiteSite
28049,16,18
timeStep,numberOfRobotsOnBlackSite,numberOfRobotsOnWhiteSite
28050,16,19
timeStep,numberOfRobotsOnBlackSite,numberOfRobotsOnWhiteSite
28051,16,19
timeStep,numberOfRobotsOnBlackSite,numberOfRobotsOnWhiteSite
28052,16,19
timeStep,numberOfRobotsOnBlackSite,numberOfRobotsOnWhiteSite
28053,16,19
timeStep,numberOfRobotsOnBlackSite,numberOfRobotsOnWhiteSite
28054,16,19
timeStep,numberOfRobotsOnBlackSite,numberOfRobotsOnWhiteSite
28055,16,19
timeStep,numberOfRobotsOnBlackSite,numberOfRobotsOnWhiteSite
28056,16,19
timeStep,numberOfRobotsOnBlackSite,numberOfRobotsOnWhiteSite
28057,16,19
timeStep,numberOfRobotsOnBlackSite,numberOfRobotsOnWhiteSite
28058,16,19
timeStep,numberOfRobotsOnBlackSite,numberOfRobotsOnWhiteSite
28059,16,19
timeStep,numberOfRobotsOnBlackSite,numberOfRobotsOnWhiteSite
28060,16,19
timeStep,numberOfRobotsOnBlackSite,numberOfRobotsOnWhiteSite
28061,16,19
timeStep,numberOfRobotsOnBlackSite,numberOfRobotsOnWhiteSite
28062,16,19
timeStep,numberOfRobotsOnBlackSite,numberOfRobotsOnWhiteSite
28063,16,19
timeStep,numberOfRobotsOnBlackSite,numberOfRobotsOnWhiteSite
28064,16,19
timeStep,numberOfRobotsOnBlackSite,numberOfRobotsOnWhiteSite
28065,16,19
timeStep,numberOfRobotsOnBlackSite,numberOfRobotsOnWhiteSite
28066,16,19
timeStep,numberOfRobotsOnBlackSite,numberOfRobotsOnWhiteSite
28067,16,19
timeStep,numberOfRobotsOnBlackSite,numberOfRobotsOnWhiteSite
28068,16,19
timeStep,numberOfRobotsOnBlackSite,numberOfRobotsOnWhiteSite
28069,16,19
timeStep,numberOfRobotsOnBlackSite,numberOfRobotsOnWhiteSite
28070,16,19
timeStep,numberOfRobotsOnBlackSite,numberOfRobotsOnWhiteSite
28071,16,19
timeStep,numberOfRobotsOnBlackSite,numberOfRobotsOnWhiteSite
28072,16,19
timeStep,numberOfRobotsOnBlackSite,numberOfRobotsOnWhiteSite
28073,16,19
timeStep,numberOfRobotsOnBlackSite,numberOfRobotsOnWhiteSite
28074,16,19
timeStep,numberOfRobotsOnBlackSite,numberOfRobotsOnWhiteSite
28075,16,19
timeStep,numberOfRobotsOnBlackSite,numberOfRobotsOnWhiteSite
28076,16,19
timeStep,numberOfRobotsOnBlackSite,numberOfRobotsOnWhiteSite
28077,16,19
timeStep,numberOfRobotsOnBlackSite,numberOfRobotsOnWhiteSite
28078,16,19
timeStep,numberOfRobotsOnBlackSite,numberOfRobotsOnWhiteSite
28079,16,19
timeStep,numberOfRobotsOnBlackSite,numberOfRobotsOnWhiteSite
28080,17,19
timeStep,numberOfRobotsOnBlackSite,numberOfRobotsOnWhiteSite
28081,17,19
timeStep,numberOfRobotsOnBlackSite,numberOfRobotsOnWhiteSite
28082,17,19
timeStep,numberOfRobotsOnBlackSite,numberOfRobotsOnWhiteSite
28083,17,19
timeStep,numberOfRobotsOnBlackSite,numberOfRobotsOnWhiteSite
28084,17,19
timeStep,numberOfRobotsOnBlackSite,numberOfRobotsOnWhiteSite
28085,17,19
timeStep,numberOfRobotsOnBlackSite,numberOfRobotsOnWhiteSite
28086,17,19
timeStep,numberOfRobotsOnBlackSite,numberOfRobotsOnWhiteSite
28087,17,19
timeStep,numberOfRobotsOnBlackSite,numberOfRobotsOnWhiteSite
28088,17,19
timeStep,numberOfRobotsOnBlackSite,numberOfRobotsOnWhiteSite
28089,17,19
timeStep,numberOfRobotsOnBlackSite,numberOfRobotsOnWhiteSite
28090,17,19
timeStep,numberOfRobotsOnBlackSite,numberOfRobotsOnWhiteSite
28091,17,19
timeStep,numberOfRobotsOnBlackSite,numberOfRobotsOnWhiteSite
28092,17,19
timeStep,numberOfRobotsOnBlackSite,numberOfRobotsOnWhiteSite
28093,17,19
timeStep,numberOfRobotsOnBlackSite,numberOfRobotsOnWhiteSite
28094,17,19
timeStep,numberOfRobotsOnBlackSite,numberOfRobotsOnWhiteSite
28095,17,19
timeStep,numberOfRobotsOnBlackSite,numberOfRobotsOnWhiteSite
28096,17,19
timeStep,numberOfRobotsOnBlackSite,numberOfRobotsOnWhiteSite
28097,17,19
timeStep,numberOfRobotsOnBlackSite,numberOfRobotsOnWhiteSite
28098,17,19
timeStep,numberOfRobotsOnBlackSite,numberOfRobotsOnWhiteSite
28099,17,19
timeStep,numberOfRobotsOnBlackSite,numberOfRobotsOnWhiteSite
28100,17,19
timeStep,numberOfRobotsOnBlackSite,numberOfRobotsOnWhiteSite
28101,17,19
timeStep,numberOfRobotsOnBlackSite,numberOfRobotsOnWhiteSite
28102,17,19
timeStep,numberOfRobotsOnBlackSite,numberOfRobotsOnWhiteSite
28103,17,19
timeStep,numberOfRobotsOnBlackSite,numberOfRobotsOnWhiteSite
28104,17,19
timeStep,numberOfRobotsOnBlackSite,numberOfRobotsOnWhiteSite
28105,17,19
timeStep,numberOfRobotsOnBlackSite,numberOfRobotsOnWhiteSite
28106,17,19
timeStep,numberOfRobotsOnBlackSite,numberOfRobotsOnWhiteSite
28107,17,19
timeStep,numberOfRobotsOnBlackSite,numberOfRobotsOnWhiteSite
28108,17,19
timeStep,numberOfRobotsOnBlackSite,numberOfRobotsOnWhiteSite
28109,17,19
timeStep,numberOfRobotsOnBlackSite,numberOfRobotsOnWhiteSite
28110,17,19
timeStep,numberOfRobotsOnBlackSite,numberOfRobotsOnWhiteSite
28111,17,19
timeStep,numberOfRobotsOnBlackSite,numberOfRobotsOnWhiteSite
28112,17,19
timeStep,numberOfRobotsOnBlackSite,numberOfRobotsOnWhiteSite
28113,17,19
timeStep,numberOfRobotsOnBlackSite,numberOfRobotsOnWhiteSite
28114,17,19
timeStep,numberOfRobotsOnBlackSite,numberOfRobotsOnWhiteSite
28115,17,19
timeStep,numberOfRobotsOnBlackSite,numberOfRobotsOnWhiteSite
28116,17,19
timeStep,numberOfRobotsOnBlackSite,numberOfRobotsOnWhiteSite
28117,17,19
timeStep,numberOfRobotsOnBlackSite,numberOfRobotsOnWhiteSite
28118,17,19
timeStep,numberOfRobotsOnBlackSite,numberOfRobotsOnWhiteSite
28119,17,19
timeStep,numberOfRobotsOnBlackSite,numberOfRobotsOnWhiteSite
28120,17,19
timeStep,numberOfRobotsOnBlackSite,numberOfRobotsOnWhiteSite
28121,17,19
timeStep,numberOfRobotsOnBlackSite,numberOfRobotsOnWhiteSite
28122,17,19
timeStep,numberOfRobotsOnBlackSite,numberOfRobotsOnWhiteSite
28123,17,19
timeStep,numberOfRobotsOnBlackSite,numberOfRobotsOnWhiteSite
28124,17,19
timeStep,numberOfRobotsOnBlackSite,numberOfRobotsOnWhiteSite
28125,17,19
timeStep,numberOfRobotsOnBlackSite,numberOfRobotsOnWhiteSite
28126,17,19
timeStep,numberOfRobotsOnBlackSite,numberOfRobotsOnWhiteSite
28127,17,19
timeStep,numberOfRobotsOnBlackSite,numberOfRobotsOnWhiteSite
28128,17,19
timeStep,numberOfRobotsOnBlackSite,numberOfRobotsOnWhiteSite
28129,17,19
timeStep,numberOfRobotsOnBlackSite,numberOfRobotsOnWhiteSite
28130,18,19
timeStep,numberOfRobotsOnBlackSite,numberOfRobotsOnWhiteSite
28131,18,19
timeStep,numberOfRobotsOnBlackSite,numberOfRobotsOnWhiteSite
28132,18,19
timeStep,numberOfRobotsOnBlackSite,numberOfRobotsOnWhiteSite
28133,18,19
timeStep,numberOfRobotsOnBlackSite,numberOfRobotsOnWhiteSite
28134,18,19
timeStep,numberOfRobotsOnBlackSite,numberOfRobotsOnWhiteSite
28135,18,19
timeStep,numberOfRobotsOnBlackSite,numberOfRobotsOnWhiteSite
28136,18,19
timeStep,numberOfRobotsOnBlackSite,numberOfRobotsOnWhiteSite
28137,18,19
timeStep,numberOfRobotsOnBlackSite,numberOfRobotsOnWhiteSite
28138,18,19
timeStep,numberOfRobotsOnBlackSite,numberOfRobotsOnWhiteSite
28139,18,19
timeStep,numberOfRobotsOnBlackSite,numberOfRobotsOnWhiteSite
28140,18,19
timeStep,numberOfRobotsOnBlackSite,numberOfRobotsOnWhiteSite
28141,18,19
timeStep,numberOfRobotsOnBlackSite,numberOfRobotsOnWhiteSite
28142,18,19
timeStep,numberOfRobotsOnBlackSite,numberOfRobotsOnWhiteSite
28143,18,19
timeStep,numberOfRobotsOnBlackSite,numberOfRobotsOnWhiteSite
28144,18,19
timeStep,numberOfRobotsOnBlackSite,numberOfRobotsOnWhiteSite
28145,18,19
timeStep,numberOfRobotsOnBlackSite,numberOfRobotsOnWhiteSite
28146,18,19
timeStep,numberOfRobotsOnBlackSite,numberOfRobotsOnWhiteSite
28147,18,19
timeStep,numberOfRobotsOnBlackSite,numberOfRobotsOnWhiteSite
28148,18,19
timeStep,numberOfRobotsOnBlackSite,numberOfRobotsOnWhiteSite
28149,18,19
timeStep,numberOfRobotsOnBlackSite,numberOfRobotsOnWhiteSite
28150,18,19
timeStep,numberOfRobotsOnBlackSite,numberOfRobotsOnWhiteSite
28151,18,19
timeStep,numberOfRobotsOnBlackSite,numberOfRobotsOnWhiteSite
28152,18,19
timeStep,numberOfRobotsOnBlackSite,numberOfRobotsOnWhiteSite
28153,18,19
timeStep,numberOfRobotsOnBlackSite,numberOfRobotsOnWhiteSite
28154,18,19
timeStep,numberOfRobotsOnBlackSite,numberOfRobotsOnWhiteSite
28155,18,19
timeStep,numberOfRobotsOnBlackSite,numberOfRobotsOnWhiteSite
28156,18,19
timeStep,numberOfRobotsOnBlackSite,numberOfRobotsOnWhiteSite
28157,18,19
timeStep,numberOfRobotsOnBlackSite,numberOfRobotsOnWhiteSite
28158,18,19
timeStep,numberOfRobotsOnBlackSite,numberOfRobotsOnWhiteSite
28159,18,19
timeStep,numberOfRobotsOnBlackSite,numberOfRobotsOnWhiteSite
28160,18,19
timeStep,numberOfRobotsOnBlackSite,numberOfRobotsOnWhiteSite
28161,18,19
timeStep,numberOfRobotsOnBlackSite,numberOfRobotsOnWhiteSite
28162,18,19
timeStep,numberOfRobotsOnBlackSite,numberOfRobotsOnWhiteSite
28163,18,19
timeStep,numberOfRobotsOnBlackSite,numberOfRobotsOnWhiteSite
28164,18,19
timeStep,numberOfRobotsOnBlackSite,numberOfRobotsOnWhiteSite
28165,18,19
timeStep,numberOfRobotsOnBlackSite,numberOfRobotsOnWhiteSite
28166,18,19
timeStep,numberOfRobotsOnBlackSite,numberOfRobotsOnWhiteSite
28167,18,19
timeStep,numberOfRobotsOnBlackSite,numberOfRobotsOnWhiteSite
28168,18,19
timeStep,numberOfRobotsOnBlackSite,numberOfRobotsOnWhiteSite
28169,18,19
timeStep,numberOfRobotsOnBlackSite,numberOfRobotsOnWhiteSite
28170,18,19
timeStep,numberOfRobotsOnBlackSite,numberOfRobotsOnWhiteSite
28171,18,19
timeStep,numberOfRobotsOnBlackSite,numberOfRobotsOnWhiteSite
28172,18,19
timeStep,numberOfRobotsOnBlackSite,numberOfRobotsOnWhiteSite
28173,18,19
timeStep,numberOfRobotsOnBlackSite,numberOfRobotsOnWhiteSite
28174,18,19
timeStep,numberOfRobotsOnBlackSite,numberOfRobotsOnWhiteSite
28175,18,19
timeStep,numberOfRobotsOnBlackSite,numberOfRobotsOnWhiteSite
28176,18,19
timeStep,numberOfRobotsOnBlackSite,numberOfRobotsOnWhiteSite
28177,18,19
timeStep,numberOfRobotsOnBlackSite,numberOfRobotsOnWhiteSite
28178,18,19
timeStep,numberOfRobotsOnBlackSite,numberOfRobotsOnWhiteSite
28179,18,19
timeStep,numberOfRobotsOnBlackSite,numberOfRobotsOnWhiteSite
28180,18,19
timeStep,numberOfRobotsOnBlackSite,numberOfRobotsOnWhiteSite
28181,18,19
timeStep,numberOfRobotsOnBlackSite,numberOfRobotsOnWhiteSite
28182,18,19
timeStep,numberOfRobotsOnBlackSite,numberOfRobotsOnWhiteSite
28183,18,19
timeStep,numberOfRobotsOnBlackSite,numberOfRobotsOnWhiteSite
28184,18,19
timeStep,numberOfRobotsOnBlackSite,numberOfRobotsOnWhiteSite
28185,18,19
timeStep,numberOfRobotsOnBlackSite,numberOfRobotsOnWhiteSite
28186,18,19
timeStep,numberOfRobotsOnBlackSite,numberOfRobotsOnWhiteSite
28187,18,19
timeStep,numberOfRobotsOnBlackSite,numberOfRobotsOnWhiteSite
28188,18,19
timeStep,numberOfRobotsOnBlackSite,numberOfRobotsOnWhiteSite
28189,18,19
timeStep,numberOfRobotsOnBlackSite,numberOfRobotsOnWhiteSite
28190,18,19
timeStep,numberOfRobotsOnBlackSite,numberOfRobotsOnWhiteSite
28191,18,19
timeStep,numberOfRobotsOnBlackSite,numberOfRobotsOnWhiteSite
28192,18,19
timeStep,numberOfRobotsOnBlackSite,numberOfRobotsOnWhiteSite
28193,18,19
timeStep,numberOfRobotsOnBlackSite,numberOfRobotsOnWhiteSite
28194,18,19
timeStep,numberOfRobotsOnBlackSite,numberOfRobotsOnWhiteSite
28195,18,20
timeStep,numberOfRobotsOnBlackSite,numberOfRobotsOnWhiteSite
28196,18,20
timeStep,numberOfRobotsOnBlackSite,numberOfRobotsOnWhiteSite
28197,18,20
timeStep,numberOfRobotsOnBlackSite,numberOfRobotsOnWhiteSite
28198,18,20
timeStep,numberOfRobotsOnBlackSite,numberOfRobotsOnWhiteSite
28199,18,20
timeStep,numberOfRobotsOnBlackSite,numberOfRobotsOnWhiteSite
28200,18,20
timeStep,numberOfRobotsOnBlackSite,numberOfRobotsOnWhiteSite
28201,18,20
timeStep,numberOfRobotsOnBlackSite,numberOfRobotsOnWhiteSite
28202,18,20
timeStep,numberOfRobotsOnBlackSite,numberOfRobotsOnWhiteSite
28203,18,20
timeStep,numberOfRobotsOnBlackSite,numberOfRobotsOnWhiteSite
28204,18,20
timeStep,numberOfRobotsOnBlackSite,numberOfRobotsOnWhiteSite
28205,18,20
timeStep,numberOfRobotsOnBlackSite,numberOfRobotsOnWhiteSite
28206,18,20
timeStep,numberOfRobotsOnBlackSite,numberOfRobotsOnWhiteSite
28207,18,20
timeStep,numberOfRobotsOnBlackSite,numberOfRobotsOnWhiteSite
28208,18,20
timeStep,numberOfRobotsOnBlackSite,numberOfRobotsOnWhiteSite
28209,18,20
timeStep,numberOfRobotsOnBlackSite,numberOfRobotsOnWhiteSite
28210,18,20
timeStep,numberOfRobotsOnBlackSite,numberOfRobotsOnWhiteSite
28211,18,20
timeStep,numberOfRobotsOnBlackSite,numberOfRobotsOnWhiteSite
28212,18,20
timeStep,numberOfRobotsOnBlackSite,numberOfRobotsOnWhiteSite
28213,18,20
timeStep,numberOfRobotsOnBlackSite,numberOfRobotsOnWhiteSite
28214,18,20
timeStep,numberOfRobotsOnBlackSite,numberOfRobotsOnWhiteSite
28215,18,20
timeStep,numberOfRobotsOnBlackSite,numberOfRobotsOnWhiteSite
28216,18,20
timeStep,numberOfRobotsOnBlackSite,numberOfRobotsOnWhiteSite
28217,18,20
timeStep,numberOfRobotsOnBlackSite,numberOfRobotsOnWhiteSite
28218,18,20
timeStep,numberOfRobotsOnBlackSite,numberOfRobotsOnWhiteSite
28219,18,20
timeStep,numberOfRobotsOnBlackSite,numberOfRobotsOnWhiteSite
28220,18,19
timeStep,numberOfRobotsOnBlackSite,numberOfRobotsOnWhiteSite
28221,18,19
timeStep,numberOfRobotsOnBlackSite,numberOfRobotsOnWhiteSite
28222,18,19
timeStep,numberOfRobotsOnBlackSite,numberOfRobotsOnWhiteSite
28223,18,19
timeStep,numberOfRobotsOnBlackSite,numberOfRobotsOnWhiteSite
28224,18,19
timeStep,numberOfRobotsOnBlackSite,numberOfRobotsOnWhiteSite
28225,18,19
timeStep,numberOfRobotsOnBlackSite,numberOfRobotsOnWhiteSite
28226,18,19
timeStep,numberOfRobotsOnBlackSite,numberOfRobotsOnWhiteSite
28227,18,19
timeStep,numberOfRobotsOnBlackSite,numberOfRobotsOnWhiteSite
28228,18,19
timeStep,numberOfRobotsOnBlackSite,numberOfRobotsOnWhiteSite
28229,18,19
timeStep,numberOfRobotsOnBlackSite,numberOfRobotsOnWhiteSite
28230,18,19
timeStep,numberOfRobotsOnBlackSite,numberOfRobotsOnWhiteSite
28231,18,19
timeStep,numberOfRobotsOnBlackSite,numberOfRobotsOnWhiteSite
28232,18,19
timeStep,numberOfRobotsOnBlackSite,numberOfRobotsOnWhiteSite
28233,18,19
timeStep,numberOfRobotsOnBlackSite,numberOfRobotsOnWhiteSite
28234,18,19
timeStep,numberOfRobotsOnBlackSite,numberOfRobotsOnWhiteSite
28235,18,19
timeStep,numberOfRobotsOnBlackSite,numberOfRobotsOnWhiteSite
28236,18,19
timeStep,numberOfRobotsOnBlackSite,numberOfRobotsOnWhiteSite
28237,18,19
timeStep,numberOfRobotsOnBlackSite,numberOfRobotsOnWhiteSite
28238,18,19
timeStep,numberOfRobotsOnBlackSite,numberOfRobotsOnWhiteSite
28239,18,19
timeStep,numberOfRobotsOnBlackSite,numberOfRobotsOnWhiteSite
28240,18,19
timeStep,numberOfRobotsOnBlackSite,numberOfRobotsOnWhiteSite
28241,18,19
timeStep,numberOfRobotsOnBlackSite,numberOfRobotsOnWhiteSite
28242,18,19
timeStep,numberOfRobotsOnBlackSite,numberOfRobotsOnWhiteSite
28243,18,19
timeStep,numberOfRobotsOnBlackSite,numberOfRobotsOnWhiteSite
28244,18,19
timeStep,numberOfRobotsOnBlackSite,numberOfRobotsOnWhiteSite
28245,18,20
timeStep,numberOfRobotsOnBlackSite,numberOfRobotsOnWhiteSite
28246,18,20
timeStep,numberOfRobotsOnBlackSite,numberOfRobotsOnWhiteSite
28247,18,20
timeStep,numberOfRobotsOnBlackSite,numberOfRobotsOnWhiteSite
28248,18,20
timeStep,numberOfRobotsOnBlackSite,numberOfRobotsOnWhiteSite
28249,18,20
timeStep,numberOfRobotsOnBlackSite,numberOfRobotsOnWhiteSite
28250,18,20
timeStep,numberOfRobotsOnBlackSite,numberOfRobotsOnWhiteSite
28251,18,20
timeStep,numberOfRobotsOnBlackSite,numberOfRobotsOnWhiteSite
28252,18,20
timeStep,numberOfRobotsOnBlackSite,numberOfRobotsOnWhiteSite
28253,18,20
timeStep,numberOfRobotsOnBlackSite,numberOfRobotsOnWhiteSite
28254,18,20
timeStep,numberOfRobotsOnBlackSite,numberOfRobotsOnWhiteSite
28255,18,20
timeStep,numberOfRobotsOnBlackSite,numberOfRobotsOnWhiteSite
28256,18,20
timeStep,numberOfRobotsOnBlackSite,numberOfRobotsOnWhiteSite
28257,18,20
timeStep,numberOfRobotsOnBlackSite,numberOfRobotsOnWhiteSite
28258,18,20
timeStep,numberOfRobotsOnBlackSite,numberOfRobotsOnWhiteSite
28259,18,20
timeStep,numberOfRobotsOnBlackSite,numberOfRobotsOnWhiteSite
28260,18,20
timeStep,numberOfRobotsOnBlackSite,numberOfRobotsOnWhiteSite
28261,18,20
timeStep,numberOfRobotsOnBlackSite,numberOfRobotsOnWhiteSite
28262,18,20
timeStep,numberOfRobotsOnBlackSite,numberOfRobotsOnWhiteSite
28263,18,20
timeStep,numberOfRobotsOnBlackSite,numberOfRobotsOnWhiteSite
28264,18,20
timeStep,numberOfRobotsOnBlackSite,numberOfRobotsOnWhiteSite
28265,18,20
timeStep,numberOfRobotsOnBlackSite,numberOfRobotsOnWhiteSite
28266,18,20
timeStep,numberOfRobotsOnBlackSite,numberOfRobotsOnWhiteSite
28267,18,20
timeStep,numberOfRobotsOnBlackSite,numberOfRobotsOnWhiteSite
28268,18,20
timeStep,numberOfRobotsOnBlackSite,numberOfRobotsOnWhiteSite
28269,18,20
timeStep,numberOfRobotsOnBlackSite,numberOfRobotsOnWhiteSite
28270,18,20
timeStep,numberOfRobotsOnBlackSite,numberOfRobotsOnWhiteSite
28271,18,20
timeStep,numberOfRobotsOnBlackSite,numberOfRobotsOnWhiteSite
28272,18,20
timeStep,numberOfRobotsOnBlackSite,numberOfRobotsOnWhiteSite
28273,18,20
timeStep,numberOfRobotsOnBlackSite,numberOfRobotsOnWhiteSite
28274,18,20
timeStep,numberOfRobotsOnBlackSite,numberOfRobotsOnWhiteSite
28275,18,20
timeStep,numberOfRobotsOnBlackSite,numberOfRobotsOnWhiteSite
28276,18,20
timeStep,numberOfRobotsOnBlackSite,numberOfRobotsOnWhiteSite
28277,18,20
timeStep,numberOfRobotsOnBlackSite,numberOfRobotsOnWhiteSite
28278,18,20
timeStep,numberOfRobotsOnBlackSite,numberOfRobotsOnWhiteSite
28279,18,20
timeStep,numberOfRobotsOnBlackSite,numberOfRobotsOnWhiteSite
28280,18,20
timeStep,numberOfRobotsOnBlackSite,numberOfRobotsOnWhiteSite
28281,18,20
timeStep,numberOfRobotsOnBlackSite,numberOfRobotsOnWhiteSite
28282,18,20
timeStep,numberOfRobotsOnBlackSite,numberOfRobotsOnWhiteSite
28283,18,20
timeStep,numberOfRobotsOnBlackSite,numberOfRobotsOnWhiteSite
28284,18,20
timeStep,numberOfRobotsOnBlackSite,numberOfRobotsOnWhiteSite
28285,18,20
timeStep,numberOfRobotsOnBlackSite,numberOfRobotsOnWhiteSite
28286,18,20
timeStep,numberOfRobotsOnBlackSite,numberOfRobotsOnWhiteSite
28287,18,20
timeStep,numberOfRobotsOnBlackSite,numberOfRobotsOnWhiteSite
28288,18,20
timeStep,numberOfRobotsOnBlackSite,numberOfRobotsOnWhiteSite
28289,18,20
timeStep,numberOfRobotsOnBlackSite,numberOfRobotsOnWhiteSite
28290,18,19
timeStep,numberOfRobotsOnBlackSite,numberOfRobotsOnWhiteSite
28291,18,19
timeStep,numberOfRobotsOnBlackSite,numberOfRobotsOnWhiteSite
28292,18,19
timeStep,numberOfRobotsOnBlackSite,numberOfRobotsOnWhiteSite
28293,18,19
timeStep,numberOfRobotsOnBlackSite,numberOfRobotsOnWhiteSite
28294,18,19
timeStep,numberOfRobotsOnBlackSite,numberOfRobotsOnWhiteSite
28295,18,19
timeStep,numberOfRobotsOnBlackSite,numberOfRobotsOnWhiteSite
28296,18,19
timeStep,numberOfRobotsOnBlackSite,numberOfRobotsOnWhiteSite
28297,18,19
timeStep,numberOfRobotsOnBlackSite,numberOfRobotsOnWhiteSite
28298,18,19
timeStep,numberOfRobotsOnBlackSite,numberOfRobotsOnWhiteSite
28299,18,19
timeStep,numberOfRobotsOnBlackSite,numberOfRobotsOnWhiteSite
28300,18,19
timeStep,numberOfRobotsOnBlackSite,numberOfRobotsOnWhiteSite
28301,18,19
timeStep,numberOfRobotsOnBlackSite,numberOfRobotsOnWhiteSite
28302,18,19
timeStep,numberOfRobotsOnBlackSite,numberOfRobotsOnWhiteSite
28303,18,19
timeStep,numberOfRobotsOnBlackSite,numberOfRobotsOnWhiteSite
28304,18,19
timeStep,numberOfRobotsOnBlackSite,numberOfRobotsOnWhiteSite
28305,18,19
timeStep,numberOfRobotsOnBlackSite,numberOfRobotsOnWhiteSite
28306,18,19
timeStep,numberOfRobotsOnBlackSite,numberOfRobotsOnWhiteSite
28307,18,19
timeStep,numberOfRobotsOnBlackSite,numberOfRobotsOnWhiteSite
28308,18,19
timeStep,numberOfRobotsOnBlackSite,numberOfRobotsOnWhiteSite
28309,18,19
timeStep,numberOfRobotsOnBlackSite,numberOfRobotsOnWhiteSite
28310,18,19
timeStep,numberOfRobotsOnBlackSite,numberOfRobotsOnWhiteSite
28311,18,19
timeStep,numberOfRobotsOnBlackSite,numberOfRobotsOnWhiteSite
28312,18,19
timeStep,numberOfRobotsOnBlackSite,numberOfRobotsOnWhiteSite
28313,18,19
timeStep,numberOfRobotsOnBlackSite,numberOfRobotsOnWhiteSite
28314,18,19
timeStep,numberOfRobotsOnBlackSite,numberOfRobotsOnWhiteSite
28315,18,19
timeStep,numberOfRobotsOnBlackSite,numberOfRobotsOnWhiteSite
28316,18,19
timeStep,numberOfRobotsOnBlackSite,numberOfRobotsOnWhiteSite
28317,18,19
timeStep,numberOfRobotsOnBlackSite,numberOfRobotsOnWhiteSite
28318,18,19
timeStep,numberOfRobotsOnBlackSite,numberOfRobotsOnWhiteSite
28319,18,19
timeStep,numberOfRobotsOnBlackSite,numberOfRobotsOnWhiteSite
28320,17,19
timeStep,numberOfRobotsOnBlackSite,numberOfRobotsOnWhiteSite
28321,17,19
timeStep,numberOfRobotsOnBlackSite,numberOfRobotsOnWhiteSite
28322,17,19
timeStep,numberOfRobotsOnBlackSite,numberOfRobotsOnWhiteSite
28323,17,19
timeStep,numberOfRobotsOnBlackSite,numberOfRobotsOnWhiteSite
28324,17,19
timeStep,numberOfRobotsOnBlackSite,numberOfRobotsOnWhiteSite
28325,17,20
timeStep,numberOfRobotsOnBlackSite,numberOfRobotsOnWhiteSite
28326,17,20
timeStep,numberOfRobotsOnBlackSite,numberOfRobotsOnWhiteSite
28327,17,20
timeStep,numberOfRobotsOnBlackSite,numberOfRobotsOnWhiteSite
28328,17,20
timeStep,numberOfRobotsOnBlackSite,numberOfRobotsOnWhiteSite
28329,17,20
timeStep,numberOfRobotsOnBlackSite,numberOfRobotsOnWhiteSite
28330,17,20
timeStep,numberOfRobotsOnBlackSite,numberOfRobotsOnWhiteSite
28331,17,20
timeStep,numberOfRobotsOnBlackSite,numberOfRobotsOnWhiteSite
28332,17,20
timeStep,numberOfRobotsOnBlackSite,numberOfRobotsOnWhiteSite
28333,17,20
timeStep,numberOfRobotsOnBlackSite,numberOfRobotsOnWhiteSite
28334,17,20
timeStep,numberOfRobotsOnBlackSite,numberOfRobotsOnWhiteSite
28335,17,20
timeStep,numberOfRobotsOnBlackSite,numberOfRobotsOnWhiteSite
28336,17,20
timeStep,numberOfRobotsOnBlackSite,numberOfRobotsOnWhiteSite
28337,17,20
timeStep,numberOfRobotsOnBlackSite,numberOfRobotsOnWhiteSite
28338,17,20
timeStep,numberOfRobotsOnBlackSite,numberOfRobotsOnWhiteSite
28339,17,20
timeStep,numberOfRobotsOnBlackSite,numberOfRobotsOnWhiteSite
28340,17,20
timeStep,numberOfRobotsOnBlackSite,numberOfRobotsOnWhiteSite
28341,17,20
timeStep,numberOfRobotsOnBlackSite,numberOfRobotsOnWhiteSite
28342,17,20
timeStep,numberOfRobotsOnBlackSite,numberOfRobotsOnWhiteSite
28343,17,20
timeStep,numberOfRobotsOnBlackSite,numberOfRobotsOnWhiteSite
28344,17,20
timeStep,numberOfRobotsOnBlackSite,numberOfRobotsOnWhiteSite
28345,17,20
timeStep,numberOfRobotsOnBlackSite,numberOfRobotsOnWhiteSite
28346,17,20
timeStep,numberOfRobotsOnBlackSite,numberOfRobotsOnWhiteSite
28347,17,20
timeStep,numberOfRobotsOnBlackSite,numberOfRobotsOnWhiteSite
28348,17,20
timeStep,numberOfRobotsOnBlackSite,numberOfRobotsOnWhiteSite
28349,17,20
timeStep,numberOfRobotsOnBlackSite,numberOfRobotsOnWhiteSite
28350,17,20
timeStep,numberOfRobotsOnBlackSite,numberOfRobotsOnWhiteSite
28351,17,20
timeStep,numberOfRobotsOnBlackSite,numberOfRobotsOnWhiteSite
28352,17,20
timeStep,numberOfRobotsOnBlackSite,numberOfRobotsOnWhiteSite
28353,17,20
timeStep,numberOfRobotsOnBlackSite,numberOfRobotsOnWhiteSite
28354,17,20
timeStep,numberOfRobotsOnBlackSite,numberOfRobotsOnWhiteSite
28355,17,20
timeStep,numberOfRobotsOnBlackSite,numberOfRobotsOnWhiteSite
28356,17,20
timeStep,numberOfRobotsOnBlackSite,numberOfRobotsOnWhiteSite
28357,17,20
timeStep,numberOfRobotsOnBlackSite,numberOfRobotsOnWhiteSite
28358,17,20
timeStep,numberOfRobotsOnBlackSite,numberOfRobotsOnWhiteSite
28359,17,20
timeStep,numberOfRobotsOnBlackSite,numberOfRobotsOnWhiteSite
28360,18,20
timeStep,numberOfRobotsOnBlackSite,numberOfRobotsOnWhiteSite
28361,18,20
timeStep,numberOfRobotsOnBlackSite,numberOfRobotsOnWhiteSite
28362,18,20
timeStep,numberOfRobotsOnBlackSite,numberOfRobotsOnWhiteSite
28363,18,20
timeStep,numberOfRobotsOnBlackSite,numberOfRobotsOnWhiteSite
28364,18,20
timeStep,numberOfRobotsOnBlackSite,numberOfRobotsOnWhiteSite
28365,18,20
timeStep,numberOfRobotsOnBlackSite,numberOfRobotsOnWhiteSite
28366,18,20
timeStep,numberOfRobotsOnBlackSite,numberOfRobotsOnWhiteSite
28367,18,20
timeStep,numberOfRobotsOnBlackSite,numberOfRobotsOnWhiteSite
28368,18,20
timeStep,numberOfRobotsOnBlackSite,numberOfRobotsOnWhiteSite
28369,18,20
timeStep,numberOfRobotsOnBlackSite,numberOfRobotsOnWhiteSite
28370,18,20
timeStep,numberOfRobotsOnBlackSite,numberOfRobotsOnWhiteSite
28371,18,20
timeStep,numberOfRobotsOnBlackSite,numberOfRobotsOnWhiteSite
28372,18,20
timeStep,numberOfRobotsOnBlackSite,numberOfRobotsOnWhiteSite
28373,18,20
timeStep,numberOfRobotsOnBlackSite,numberOfRobotsOnWhiteSite
28374,18,20
timeStep,numberOfRobotsOnBlackSite,numberOfRobotsOnWhiteSite
28375,18,20
timeStep,numberOfRobotsOnBlackSite,numberOfRobotsOnWhiteSite
28376,18,20
timeStep,numberOfRobotsOnBlackSite,numberOfRobotsOnWhiteSite
28377,18,20
timeStep,numberOfRobotsOnBlackSite,numberOfRobotsOnWhiteSite
28378,18,20
timeStep,numberOfRobotsOnBlackSite,numberOfRobotsOnWhiteSite
28379,18,20
timeStep,numberOfRobotsOnBlackSite,numberOfRobotsOnWhiteSite
28380,18,20
timeStep,numberOfRobotsOnBlackSite,numberOfRobotsOnWhiteSite
28381,18,20
timeStep,numberOfRobotsOnBlackSite,numberOfRobotsOnWhiteSite
28382,18,20
timeStep,numberOfRobotsOnBlackSite,numberOfRobotsOnWhiteSite
28383,18,20
timeStep,numberOfRobotsOnBlackSite,numberOfRobotsOnWhiteSite
28384,18,20
timeStep,numberOfRobotsOnBlackSite,numberOfRobotsOnWhiteSite
28385,18,20
timeStep,numberOfRobotsOnBlackSite,numberOfRobotsOnWhiteSite
28386,18,20
timeStep,numberOfRobotsOnBlackSite,numberOfRobotsOnWhiteSite
28387,18,20
timeStep,numberOfRobotsOnBlackSite,numberOfRobotsOnWhiteSite
28388,18,20
timeStep,numberOfRobotsOnBlackSite,numberOfRobotsOnWhiteSite
28389,18,20
timeStep,numberOfRobotsOnBlackSite,numberOfRobotsOnWhiteSite
28390,18,20
timeStep,numberOfRobotsOnBlackSite,numberOfRobotsOnWhiteSite
28391,18,20
timeStep,numberOfRobotsOnBlackSite,numberOfRobotsOnWhiteSite
28392,18,20
timeStep,numberOfRobotsOnBlackSite,numberOfRobotsOnWhiteSite
28393,18,20
timeStep,numberOfRobotsOnBlackSite,numberOfRobotsOnWhiteSite
28394,18,20
timeStep,numberOfRobotsOnBlackSite,numberOfRobotsOnWhiteSite
28395,18,20
timeStep,numberOfRobotsOnBlackSite,numberOfRobotsOnWhiteSite
28396,18,20
timeStep,numberOfRobotsOnBlackSite,numberOfRobotsOnWhiteSite
28397,18,20
timeStep,numberOfRobotsOnBlackSite,numberOfRobotsOnWhiteSite
28398,18,20
timeStep,numberOfRobotsOnBlackSite,numberOfRobotsOnWhiteSite
28399,18,20
timeStep,numberOfRobotsOnBlackSite,numberOfRobotsOnWhiteSite
28400,18,20
timeStep,numberOfRobotsOnBlackSite,numberOfRobotsOnWhiteSite
28401,18,20
timeStep,numberOfRobotsOnBlackSite,numberOfRobotsOnWhiteSite
28402,18,20
timeStep,numberOfRobotsOnBlackSite,numberOfRobotsOnWhiteSite
28403,18,20
timeStep,numberOfRobotsOnBlackSite,numberOfRobotsOnWhiteSite
28404,18,20
timeStep,numberOfRobotsOnBlackSite,numberOfRobotsOnWhiteSite
28405,18,20
timeStep,numberOfRobotsOnBlackSite,numberOfRobotsOnWhiteSite
28406,18,20
timeStep,numberOfRobotsOnBlackSite,numberOfRobotsOnWhiteSite
28407,18,20
timeStep,numberOfRobotsOnBlackSite,numberOfRobotsOnWhiteSite
28408,18,20
timeStep,numberOfRobotsOnBlackSite,numberOfRobotsOnWhiteSite
28409,18,20
timeStep,numberOfRobotsOnBlackSite,numberOfRobotsOnWhiteSite
28410,18,20
timeStep,numberOfRobotsOnBlackSite,numberOfRobotsOnWhiteSite
28411,18,20
timeStep,numberOfRobotsOnBlackSite,numberOfRobotsOnWhiteSite
28412,18,20
timeStep,numberOfRobotsOnBlackSite,numberOfRobotsOnWhiteSite
28413,18,20
timeStep,numberOfRobotsOnBlackSite,numberOfRobotsOnWhiteSite
28414,18,20
timeStep,numberOfRobotsOnBlackSite,numberOfRobotsOnWhiteSite
28415,18,20
timeStep,numberOfRobotsOnBlackSite,numberOfRobotsOnWhiteSite
28416,18,20
timeStep,numberOfRobotsOnBlackSite,numberOfRobotsOnWhiteSite
28417,18,20
timeStep,numberOfRobotsOnBlackSite,numberOfRobotsOnWhiteSite
28418,18,20
timeStep,numberOfRobotsOnBlackSite,numberOfRobotsOnWhiteSite
28419,18,20
timeStep,numberOfRobotsOnBlackSite,numberOfRobotsOnWhiteSite
28420,18,20
timeStep,numberOfRobotsOnBlackSite,numberOfRobotsOnWhiteSite
28421,18,20
timeStep,numberOfRobotsOnBlackSite,numberOfRobotsOnWhiteSite
28422,18,20
timeStep,numberOfRobotsOnBlackSite,numberOfRobotsOnWhiteSite
28423,18,20
timeStep,numberOfRobotsOnBlackSite,numberOfRobotsOnWhiteSite
28424,18,20
timeStep,numberOfRobotsOnBlackSite,numberOfRobotsOnWhiteSite
28425,18,20
timeStep,numberOfRobotsOnBlackSite,numberOfRobotsOnWhiteSite
28426,18,20
timeStep,numberOfRobotsOnBlackSite,numberOfRobotsOnWhiteSite
28427,18,20
timeStep,numberOfRobotsOnBlackSite,numberOfRobotsOnWhiteSite
28428,18,20
timeStep,numberOfRobotsOnBlackSite,numberOfRobotsOnWhiteSite
28429,18,20
timeStep,numberOfRobotsOnBlackSite,numberOfRobotsOnWhiteSite
28430,18,20
timeStep,numberOfRobotsOnBlackSite,numberOfRobotsOnWhiteSite
28431,18,20
timeStep,numberOfRobotsOnBlackSite,numberOfRobotsOnWhiteSite
28432,18,20
timeStep,numberOfRobotsOnBlackSite,numberOfRobotsOnWhiteSite
28433,18,20
timeStep,numberOfRobotsOnBlackSite,numberOfRobotsOnWhiteSite
28434,18,20
timeStep,numberOfRobotsOnBlackSite,numberOfRobotsOnWhiteSite
28435,18,19
timeStep,numberOfRobotsOnBlackSite,numberOfRobotsOnWhiteSite
28436,18,19
timeStep,numberOfRobotsOnBlackSite,numberOfRobotsOnWhiteSite
28437,18,19
timeStep,numberOfRobotsOnBlackSite,numberOfRobotsOnWhiteSite
28438,18,19
timeStep,numberOfRobotsOnBlackSite,numberOfRobotsOnWhiteSite
28439,18,19
timeStep,numberOfRobotsOnBlackSite,numberOfRobotsOnWhiteSite
28440,18,19
timeStep,numberOfRobotsOnBlackSite,numberOfRobotsOnWhiteSite
28441,18,19
timeStep,numberOfRobotsOnBlackSite,numberOfRobotsOnWhiteSite
28442,18,19
timeStep,numberOfRobotsOnBlackSite,numberOfRobotsOnWhiteSite
28443,18,19
timeStep,numberOfRobotsOnBlackSite,numberOfRobotsOnWhiteSite
28444,18,19
timeStep,numberOfRobotsOnBlackSite,numberOfRobotsOnWhiteSite
28445,18,19
timeStep,numberOfRobotsOnBlackSite,numberOfRobotsOnWhiteSite
28446,18,19
timeStep,numberOfRobotsOnBlackSite,numberOfRobotsOnWhiteSite
28447,18,19
timeStep,numberOfRobotsOnBlackSite,numberOfRobotsOnWhiteSite
28448,18,19
timeStep,numberOfRobotsOnBlackSite,numberOfRobotsOnWhiteSite
28449,18,19
timeStep,numberOfRobotsOnBlackSite,numberOfRobotsOnWhiteSite
28450,18,19
timeStep,numberOfRobotsOnBlackSite,numberOfRobotsOnWhiteSite
28451,18,19
timeStep,numberOfRobotsOnBlackSite,numberOfRobotsOnWhiteSite
28452,18,19
timeStep,numberOfRobotsOnBlackSite,numberOfRobotsOnWhiteSite
28453,18,19
timeStep,numberOfRobotsOnBlackSite,numberOfRobotsOnWhiteSite
28454,18,19
timeStep,numberOfRobotsOnBlackSite,numberOfRobotsOnWhiteSite
28455,19,19
timeStep,numberOfRobotsOnBlackSite,numberOfRobotsOnWhiteSite
28456,19,19
timeStep,numberOfRobotsOnBlackSite,numberOfRobotsOnWhiteSite
28457,19,19
timeStep,numberOfRobotsOnBlackSite,numberOfRobotsOnWhiteSite
28458,19,19
timeStep,numberOfRobotsOnBlackSite,numberOfRobotsOnWhiteSite
28459,19,19
timeStep,numberOfRobotsOnBlackSite,numberOfRobotsOnWhiteSite
28460,19,19
timeStep,numberOfRobotsOnBlackSite,numberOfRobotsOnWhiteSite
28461,19,19
timeStep,numberOfRobotsOnBlackSite,numberOfRobotsOnWhiteSite
28462,19,19
timeStep,numberOfRobotsOnBlackSite,numberOfRobotsOnWhiteSite
28463,19,19
timeStep,numberOfRobotsOnBlackSite,numberOfRobotsOnWhiteSite
28464,19,19
timeStep,numberOfRobotsOnBlackSite,numberOfRobotsOnWhiteSite
28465,19,19
timeStep,numberOfRobotsOnBlackSite,numberOfRobotsOnWhiteSite
28466,19,19
timeStep,numberOfRobotsOnBlackSite,numberOfRobotsOnWhiteSite
28467,19,19
timeStep,numberOfRobotsOnBlackSite,numberOfRobotsOnWhiteSite
28468,19,19
timeStep,numberOfRobotsOnBlackSite,numberOfRobotsOnWhiteSite
28469,19,19
timeStep,numberOfRobotsOnBlackSite,numberOfRobotsOnWhiteSite
28470,19,19
timeStep,numberOfRobotsOnBlackSite,numberOfRobotsOnWhiteSite
28471,19,19
timeStep,numberOfRobotsOnBlackSite,numberOfRobotsOnWhiteSite
28472,19,19
timeStep,numberOfRobotsOnBlackSite,numberOfRobotsOnWhiteSite
28473,19,19
timeStep,numberOfRobotsOnBlackSite,numberOfRobotsOnWhiteSite
28474,19,19
timeStep,numberOfRobotsOnBlackSite,numberOfRobotsOnWhiteSite
28475,19,19
timeStep,numberOfRobotsOnBlackSite,numberOfRobotsOnWhiteSite
28476,19,19
timeStep,numberOfRobotsOnBlackSite,numberOfRobotsOnWhiteSite
28477,19,19
timeStep,numberOfRobotsOnBlackSite,numberOfRobotsOnWhiteSite
28478,19,19
timeStep,numberOfRobotsOnBlackSite,numberOfRobotsOnWhiteSite
28479,19,19
timeStep,numberOfRobotsOnBlackSite,numberOfRobotsOnWhiteSite
28480,19,19
timeStep,numberOfRobotsOnBlackSite,numberOfRobotsOnWhiteSite
28481,19,19
timeStep,numberOfRobotsOnBlackSite,numberOfRobotsOnWhiteSite
28482,19,19
timeStep,numberOfRobotsOnBlackSite,numberOfRobotsOnWhiteSite
28483,19,19
timeStep,numberOfRobotsOnBlackSite,numberOfRobotsOnWhiteSite
28484,19,19
timeStep,numberOfRobotsOnBlackSite,numberOfRobotsOnWhiteSite
28485,19,19
timeStep,numberOfRobotsOnBlackSite,numberOfRobotsOnWhiteSite
28486,19,19
timeStep,numberOfRobotsOnBlackSite,numberOfRobotsOnWhiteSite
28487,19,19
timeStep,numberOfRobotsOnBlackSite,numberOfRobotsOnWhiteSite
28488,19,19
timeStep,numberOfRobotsOnBlackSite,numberOfRobotsOnWhiteSite
28489,19,19
timeStep,numberOfRobotsOnBlackSite,numberOfRobotsOnWhiteSite
28490,19,19
timeStep,numberOfRobotsOnBlackSite,numberOfRobotsOnWhiteSite
28491,19,19
timeStep,numberOfRobotsOnBlackSite,numberOfRobotsOnWhiteSite
28492,19,19
timeStep,numberOfRobotsOnBlackSite,numberOfRobotsOnWhiteSite
28493,19,19
timeStep,numberOfRobotsOnBlackSite,numberOfRobotsOnWhiteSite
28494,19,19
timeStep,numberOfRobotsOnBlackSite,numberOfRobotsOnWhiteSite
28495,19,20
timeStep,numberOfRobotsOnBlackSite,numberOfRobotsOnWhiteSite
28496,19,20
timeStep,numberOfRobotsOnBlackSite,numberOfRobotsOnWhiteSite
28497,19,20
timeStep,numberOfRobotsOnBlackSite,numberOfRobotsOnWhiteSite
28498,19,20
timeStep,numberOfRobotsOnBlackSite,numberOfRobotsOnWhiteSite
28499,19,20
timeStep,numberOfRobotsOnBlackSite,numberOfRobotsOnWhiteSite
28500,19,20
timeStep,numberOfRobotsOnBlackSite,numberOfRobotsOnWhiteSite
28501,19,20
timeStep,numberOfRobotsOnBlackSite,numberOfRobotsOnWhiteSite
28502,19,20
timeStep,numberOfRobotsOnBlackSite,numberOfRobotsOnWhiteSite
28503,19,20
timeStep,numberOfRobotsOnBlackSite,numberOfRobotsOnWhiteSite
28504,19,20
timeStep,numberOfRobotsOnBlackSite,numberOfRobotsOnWhiteSite
28505,19,20
timeStep,numberOfRobotsOnBlackSite,numberOfRobotsOnWhiteSite
28506,19,20
timeStep,numberOfRobotsOnBlackSite,numberOfRobotsOnWhiteSite
28507,19,20
timeStep,numberOfRobotsOnBlackSite,numberOfRobotsOnWhiteSite
28508,19,20
timeStep,numberOfRobotsOnBlackSite,numberOfRobotsOnWhiteSite
28509,19,20
timeStep,numberOfRobotsOnBlackSite,numberOfRobotsOnWhiteSite
28510,19,20
timeStep,numberOfRobotsOnBlackSite,numberOfRobotsOnWhiteSite
28511,19,20
timeStep,numberOfRobotsOnBlackSite,numberOfRobotsOnWhiteSite
28512,19,20
timeStep,numberOfRobotsOnBlackSite,numberOfRobotsOnWhiteSite
28513,19,20
timeStep,numberOfRobotsOnBlackSite,numberOfRobotsOnWhiteSite
28514,19,20
timeStep,numberOfRobotsOnBlackSite,numberOfRobotsOnWhiteSite
28515,19,20
timeStep,numberOfRobotsOnBlackSite,numberOfRobotsOnWhiteSite
28516,19,20
timeStep,numberOfRobotsOnBlackSite,numberOfRobotsOnWhiteSite
28517,19,20
timeStep,numberOfRobotsOnBlackSite,numberOfRobotsOnWhiteSite
28518,19,20
timeStep,numberOfRobotsOnBlackSite,numberOfRobotsOnWhiteSite
28519,19,20
timeStep,numberOfRobotsOnBlackSite,numberOfRobotsOnWhiteSite
28520,19,20
timeStep,numberOfRobotsOnBlackSite,numberOfRobotsOnWhiteSite
28521,19,20
timeStep,numberOfRobotsOnBlackSite,numberOfRobotsOnWhiteSite
28522,19,20
timeStep,numberOfRobotsOnBlackSite,numberOfRobotsOnWhiteSite
28523,19,20
timeStep,numberOfRobotsOnBlackSite,numberOfRobotsOnWhiteSite
28524,19,20
timeStep,numberOfRobotsOnBlackSite,numberOfRobotsOnWhiteSite
28525,19,20
timeStep,numberOfRobotsOnBlackSite,numberOfRobotsOnWhiteSite
28526,19,20
timeStep,numberOfRobotsOnBlackSite,numberOfRobotsOnWhiteSite
28527,19,20
timeStep,numberOfRobotsOnBlackSite,numberOfRobotsOnWhiteSite
28528,19,20
timeStep,numberOfRobotsOnBlackSite,numberOfRobotsOnWhiteSite
28529,19,20
timeStep,numberOfRobotsOnBlackSite,numberOfRobotsOnWhiteSite
28530,19,20
timeStep,numberOfRobotsOnBlackSite,numberOfRobotsOnWhiteSite
28531,19,20
timeStep,numberOfRobotsOnBlackSite,numberOfRobotsOnWhiteSite
28532,19,20
timeStep,numberOfRobotsOnBlackSite,numberOfRobotsOnWhiteSite
28533,19,20
timeStep,numberOfRobotsOnBlackSite,numberOfRobotsOnWhiteSite
28534,19,20
timeStep,numberOfRobotsOnBlackSite,numberOfRobotsOnWhiteSite
28535,19,21
timeStep,numberOfRobotsOnBlackSite,numberOfRobotsOnWhiteSite
28536,19,21
timeStep,numberOfRobotsOnBlackSite,numberOfRobotsOnWhiteSite
28537,19,21
timeStep,numberOfRobotsOnBlackSite,numberOfRobotsOnWhiteSite
28538,19,21
timeStep,numberOfRobotsOnBlackSite,numberOfRobotsOnWhiteSite
28539,19,21
timeStep,numberOfRobotsOnBlackSite,numberOfRobotsOnWhiteSite
28540,19,21
timeStep,numberOfRobotsOnBlackSite,numberOfRobotsOnWhiteSite
28541,19,21
timeStep,numberOfRobotsOnBlackSite,numberOfRobotsOnWhiteSite
28542,19,21
timeStep,numberOfRobotsOnBlackSite,numberOfRobotsOnWhiteSite
28543,19,21
timeStep,numberOfRobotsOnBlackSite,numberOfRobotsOnWhiteSite
28544,19,21
timeStep,numberOfRobotsOnBlackSite,numberOfRobotsOnWhiteSite
28545,19,21
timeStep,numberOfRobotsOnBlackSite,numberOfRobotsOnWhiteSite
28546,19,21
timeStep,numberOfRobotsOnBlackSite,numberOfRobotsOnWhiteSite
28547,19,21
timeStep,numberOfRobotsOnBlackSite,numberOfRobotsOnWhiteSite
28548,19,21
timeStep,numberOfRobotsOnBlackSite,numberOfRobotsOnWhiteSite
28549,19,21
timeStep,numberOfRobotsOnBlackSite,numberOfRobotsOnWhiteSite
28550,19,21
timeStep,numberOfRobotsOnBlackSite,numberOfRobotsOnWhiteSite
28551,19,21
timeStep,numberOfRobotsOnBlackSite,numberOfRobotsOnWhiteSite
28552,19,21
timeStep,numberOfRobotsOnBlackSite,numberOfRobotsOnWhiteSite
28553,19,21
timeStep,numberOfRobotsOnBlackSite,numberOfRobotsOnWhiteSite
28554,19,21
timeStep,numberOfRobotsOnBlackSite,numberOfRobotsOnWhiteSite
28555,19,20
timeStep,numberOfRobotsOnBlackSite,numberOfRobotsOnWhiteSite
28556,19,20
timeStep,numberOfRobotsOnBlackSite,numberOfRobotsOnWhiteSite
28557,19,20
timeStep,numberOfRobotsOnBlackSite,numberOfRobotsOnWhiteSite
28558,19,20
timeStep,numberOfRobotsOnBlackSite,numberOfRobotsOnWhiteSite
28559,19,20
timeStep,numberOfRobotsOnBlackSite,numberOfRobotsOnWhiteSite
28560,19,20
timeStep,numberOfRobotsOnBlackSite,numberOfRobotsOnWhiteSite
28561,19,20
timeStep,numberOfRobotsOnBlackSite,numberOfRobotsOnWhiteSite
28562,19,20
timeStep,numberOfRobotsOnBlackSite,numberOfRobotsOnWhiteSite
28563,19,20
timeStep,numberOfRobotsOnBlackSite,numberOfRobotsOnWhiteSite
28564,19,20
timeStep,numberOfRobotsOnBlackSite,numberOfRobotsOnWhiteSite
28565,19,20
timeStep,numberOfRobotsOnBlackSite,numberOfRobotsOnWhiteSite
28566,19,20
timeStep,numberOfRobotsOnBlackSite,numberOfRobotsOnWhiteSite
28567,19,20
timeStep,numberOfRobotsOnBlackSite,numberOfRobotsOnWhiteSite
28568,19,20
timeStep,numberOfRobotsOnBlackSite,numberOfRobotsOnWhiteSite
28569,19,20
timeStep,numberOfRobotsOnBlackSite,numberOfRobotsOnWhiteSite
28570,19,20
timeStep,numberOfRobotsOnBlackSite,numberOfRobotsOnWhiteSite
28571,19,20
timeStep,numberOfRobotsOnBlackSite,numberOfRobotsOnWhiteSite
28572,19,20
timeStep,numberOfRobotsOnBlackSite,numberOfRobotsOnWhiteSite
28573,19,20
timeStep,numberOfRobotsOnBlackSite,numberOfRobotsOnWhiteSite
28574,19,20
timeStep,numberOfRobotsOnBlackSite,numberOfRobotsOnWhiteSite
28575,18,20
timeStep,numberOfRobotsOnBlackSite,numberOfRobotsOnWhiteSite
28576,18,20
timeStep,numberOfRobotsOnBlackSite,numberOfRobotsOnWhiteSite
28577,18,20
timeStep,numberOfRobotsOnBlackSite,numberOfRobotsOnWhiteSite
28578,18,20
timeStep,numberOfRobotsOnBlackSite,numberOfRobotsOnWhiteSite
28579,18,20
timeStep,numberOfRobotsOnBlackSite,numberOfRobotsOnWhiteSite
28580,18,20
timeStep,numberOfRobotsOnBlackSite,numberOfRobotsOnWhiteSite
28581,18,20
timeStep,numberOfRobotsOnBlackSite,numberOfRobotsOnWhiteSite
28582,18,20
timeStep,numberOfRobotsOnBlackSite,numberOfRobotsOnWhiteSite
28583,18,20
timeStep,numberOfRobotsOnBlackSite,numberOfRobotsOnWhiteSite
28584,18,20
timeStep,numberOfRobotsOnBlackSite,numberOfRobotsOnWhiteSite
28585,18,20
timeStep,numberOfRobotsOnBlackSite,numberOfRobotsOnWhiteSite
28586,18,20
timeStep,numberOfRobotsOnBlackSite,numberOfRobotsOnWhiteSite
28587,18,20
timeStep,numberOfRobotsOnBlackSite,numberOfRobotsOnWhiteSite
28588,18,20
timeStep,numberOfRobotsOnBlackSite,numberOfRobotsOnWhiteSite
28589,18,20
timeStep,numberOfRobotsOnBlackSite,numberOfRobotsOnWhiteSite
28590,18,20
timeStep,numberOfRobotsOnBlackSite,numberOfRobotsOnWhiteSite
28591,18,20
timeStep,numberOfRobotsOnBlackSite,numberOfRobotsOnWhiteSite
28592,18,20
timeStep,numberOfRobotsOnBlackSite,numberOfRobotsOnWhiteSite
28593,18,20
timeStep,numberOfRobotsOnBlackSite,numberOfRobotsOnWhiteSite
28594,18,20
timeStep,numberOfRobotsOnBlackSite,numberOfRobotsOnWhiteSite
28595,18,20
timeStep,numberOfRobotsOnBlackSite,numberOfRobotsOnWhiteSite
28596,18,20
timeStep,numberOfRobotsOnBlackSite,numberOfRobotsOnWhiteSite
28597,18,20
timeStep,numberOfRobotsOnBlackSite,numberOfRobotsOnWhiteSite
28598,18,20
timeStep,numberOfRobotsOnBlackSite,numberOfRobotsOnWhiteSite
28599,18,20
timeStep,numberOfRobotsOnBlackSite,numberOfRobotsOnWhiteSite
28600,18,20
timeStep,numberOfRobotsOnBlackSite,numberOfRobotsOnWhiteSite
28601,18,20
timeStep,numberOfRobotsOnBlackSite,numberOfRobotsOnWhiteSite
28602,18,20
timeStep,numberOfRobotsOnBlackSite,numberOfRobotsOnWhiteSite
28603,18,20
timeStep,numberOfRobotsOnBlackSite,numberOfRobotsOnWhiteSite
28604,18,20
timeStep,numberOfRobotsOnBlackSite,numberOfRobotsOnWhiteSite
28605,18,20
timeStep,numberOfRobotsOnBlackSite,numberOfRobotsOnWhiteSite
28606,18,20
timeStep,numberOfRobotsOnBlackSite,numberOfRobotsOnWhiteSite
28607,18,20
timeStep,numberOfRobotsOnBlackSite,numberOfRobotsOnWhiteSite
28608,18,20
timeStep,numberOfRobotsOnBlackSite,numberOfRobotsOnWhiteSite
28609,18,20
timeStep,numberOfRobotsOnBlackSite,numberOfRobotsOnWhiteSite
28610,18,20
timeStep,numberOfRobotsOnBlackSite,numberOfRobotsOnWhiteSite
28611,18,20
timeStep,numberOfRobotsOnBlackSite,numberOfRobotsOnWhiteSite
28612,18,20
timeStep,numberOfRobotsOnBlackSite,numberOfRobotsOnWhiteSite
28613,18,20
timeStep,numberOfRobotsOnBlackSite,numberOfRobotsOnWhiteSite
28614,18,20
timeStep,numberOfRobotsOnBlackSite,numberOfRobotsOnWhiteSite
28615,17,20
timeStep,numberOfRobotsOnBlackSite,numberOfRobotsOnWhiteSite
28616,17,20
timeStep,numberOfRobotsOnBlackSite,numberOfRobotsOnWhiteSite
28617,17,20
timeStep,numberOfRobotsOnBlackSite,numberOfRobotsOnWhiteSite
28618,17,20
timeStep,numberOfRobotsOnBlackSite,numberOfRobotsOnWhiteSite
28619,17,20
timeStep,numberOfRobotsOnBlackSite,numberOfRobotsOnWhiteSite
28620,17,20
timeStep,numberOfRobotsOnBlackSite,numberOfRobotsOnWhiteSite
28621,17,20
timeStep,numberOfRobotsOnBlackSite,numberOfRobotsOnWhiteSite
28622,17,20
timeStep,numberOfRobotsOnBlackSite,numberOfRobotsOnWhiteSite
28623,17,20
timeStep,numberOfRobotsOnBlackSite,numberOfRobotsOnWhiteSite
28624,17,20
timeStep,numberOfRobotsOnBlackSite,numberOfRobotsOnWhiteSite
28625,17,20
timeStep,numberOfRobotsOnBlackSite,numberOfRobotsOnWhiteSite
28626,17,20
timeStep,numberOfRobotsOnBlackSite,numberOfRobotsOnWhiteSite
28627,17,20
timeStep,numberOfRobotsOnBlackSite,numberOfRobotsOnWhiteSite
28628,17,20
timeStep,numberOfRobotsOnBlackSite,numberOfRobotsOnWhiteSite
28629,17,20
timeStep,numberOfRobotsOnBlackSite,numberOfRobotsOnWhiteSite
28630,17,20
timeStep,numberOfRobotsOnBlackSite,numberOfRobotsOnWhiteSite
28631,17,20
timeStep,numberOfRobotsOnBlackSite,numberOfRobotsOnWhiteSite
28632,17,20
timeStep,numberOfRobotsOnBlackSite,numberOfRobotsOnWhiteSite
28633,17,20
timeStep,numberOfRobotsOnBlackSite,numberOfRobotsOnWhiteSite
28634,17,20
timeStep,numberOfRobotsOnBlackSite,numberOfRobotsOnWhiteSite
28635,18,20
timeStep,numberOfRobotsOnBlackSite,numberOfRobotsOnWhiteSite
28636,18,20
timeStep,numberOfRobotsOnBlackSite,numberOfRobotsOnWhiteSite
28637,18,20
timeStep,numberOfRobotsOnBlackSite,numberOfRobotsOnWhiteSite
28638,18,20
timeStep,numberOfRobotsOnBlackSite,numberOfRobotsOnWhiteSite
28639,18,20
timeStep,numberOfRobotsOnBlackSite,numberOfRobotsOnWhiteSite
28640,18,20
timeStep,numberOfRobotsOnBlackSite,numberOfRobotsOnWhiteSite
28641,18,20
timeStep,numberOfRobotsOnBlackSite,numberOfRobotsOnWhiteSite
28642,18,20
timeStep,numberOfRobotsOnBlackSite,numberOfRobotsOnWhiteSite
28643,18,20
timeStep,numberOfRobotsOnBlackSite,numberOfRobotsOnWhiteSite
28644,18,20
timeStep,numberOfRobotsOnBlackSite,numberOfRobotsOnWhiteSite
28645,18,20
timeStep,numberOfRobotsOnBlackSite,numberOfRobotsOnWhiteSite
28646,18,20
timeStep,numberOfRobotsOnBlackSite,numberOfRobotsOnWhiteSite
28647,18,20
timeStep,numberOfRobotsOnBlackSite,numberOfRobotsOnWhiteSite
28648,18,20
timeStep,numberOfRobotsOnBlackSite,numberOfRobotsOnWhiteSite
28649,18,20
timeStep,numberOfRobotsOnBlackSite,numberOfRobotsOnWhiteSite
28650,17,21
timeStep,numberOfRobotsOnBlackSite,numberOfRobotsOnWhiteSite
28651,17,21
timeStep,numberOfRobotsOnBlackSite,numberOfRobotsOnWhiteSite
28652,17,21
timeStep,numberOfRobotsOnBlackSite,numberOfRobotsOnWhiteSite
28653,17,21
timeStep,numberOfRobotsOnBlackSite,numberOfRobotsOnWhiteSite
28654,17,21
timeStep,numberOfRobotsOnBlackSite,numberOfRobotsOnWhiteSite
28655,17,21
timeStep,numberOfRobotsOnBlackSite,numberOfRobotsOnWhiteSite
28656,17,21
timeStep,numberOfRobotsOnBlackSite,numberOfRobotsOnWhiteSite
28657,17,21
timeStep,numberOfRobotsOnBlackSite,numberOfRobotsOnWhiteSite
28658,17,21
timeStep,numberOfRobotsOnBlackSite,numberOfRobotsOnWhiteSite
28659,17,21
timeStep,numberOfRobotsOnBlackSite,numberOfRobotsOnWhiteSite
28660,17,21
timeStep,numberOfRobotsOnBlackSite,numberOfRobotsOnWhiteSite
28661,17,21
timeStep,numberOfRobotsOnBlackSite,numberOfRobotsOnWhiteSite
28662,17,21
timeStep,numberOfRobotsOnBlackSite,numberOfRobotsOnWhiteSite
28663,17,21
timeStep,numberOfRobotsOnBlackSite,numberOfRobotsOnWhiteSite
28664,17,21
timeStep,numberOfRobotsOnBlackSite,numberOfRobotsOnWhiteSite
28665,17,21
timeStep,numberOfRobotsOnBlackSite,numberOfRobotsOnWhiteSite
28666,17,21
timeStep,numberOfRobotsOnBlackSite,numberOfRobotsOnWhiteSite
28667,17,21
timeStep,numberOfRobotsOnBlackSite,numberOfRobotsOnWhiteSite
28668,17,21
timeStep,numberOfRobotsOnBlackSite,numberOfRobotsOnWhiteSite
28669,17,21
timeStep,numberOfRobotsOnBlackSite,numberOfRobotsOnWhiteSite
28670,17,21
timeStep,numberOfRobotsOnBlackSite,numberOfRobotsOnWhiteSite
28671,17,21
timeStep,numberOfRobotsOnBlackSite,numberOfRobotsOnWhiteSite
28672,17,21
timeStep,numberOfRobotsOnBlackSite,numberOfRobotsOnWhiteSite
28673,17,21
timeStep,numberOfRobotsOnBlackSite,numberOfRobotsOnWhiteSite
28674,17,21
timeStep,numberOfRobotsOnBlackSite,numberOfRobotsOnWhiteSite
28675,17,21
timeStep,numberOfRobotsOnBlackSite,numberOfRobotsOnWhiteSite
28676,17,21
timeStep,numberOfRobotsOnBlackSite,numberOfRobotsOnWhiteSite
28677,17,21
timeStep,numberOfRobotsOnBlackSite,numberOfRobotsOnWhiteSite
28678,17,21
timeStep,numberOfRobotsOnBlackSite,numberOfRobotsOnWhiteSite
28679,17,21
timeStep,numberOfRobotsOnBlackSite,numberOfRobotsOnWhiteSite
28680,17,21
timeStep,numberOfRobotsOnBlackSite,numberOfRobotsOnWhiteSite
28681,17,21
timeStep,numberOfRobotsOnBlackSite,numberOfRobotsOnWhiteSite
28682,17,21
timeStep,numberOfRobotsOnBlackSite,numberOfRobotsOnWhiteSite
28683,17,21
timeStep,numberOfRobotsOnBlackSite,numberOfRobotsOnWhiteSite
28684,17,21
timeStep,numberOfRobotsOnBlackSite,numberOfRobotsOnWhiteSite
28685,17,21
timeStep,numberOfRobotsOnBlackSite,numberOfRobotsOnWhiteSite
28686,17,21
timeStep,numberOfRobotsOnBlackSite,numberOfRobotsOnWhiteSite
28687,17,21
timeStep,numberOfRobotsOnBlackSite,numberOfRobotsOnWhiteSite
28688,17,21
timeStep,numberOfRobotsOnBlackSite,numberOfRobotsOnWhiteSite
28689,17,21
timeStep,numberOfRobotsOnBlackSite,numberOfRobotsOnWhiteSite
28690,17,21
timeStep,numberOfRobotsOnBlackSite,numberOfRobotsOnWhiteSite
28691,17,21
timeStep,numberOfRobotsOnBlackSite,numberOfRobotsOnWhiteSite
28692,17,21
timeStep,numberOfRobotsOnBlackSite,numberOfRobotsOnWhiteSite
28693,17,21
timeStep,numberOfRobotsOnBlackSite,numberOfRobotsOnWhiteSite
28694,17,21
timeStep,numberOfRobotsOnBlackSite,numberOfRobotsOnWhiteSite
28695,17,21
timeStep,numberOfRobotsOnBlackSite,numberOfRobotsOnWhiteSite
28696,17,21
timeStep,numberOfRobotsOnBlackSite,numberOfRobotsOnWhiteSite
28697,17,21
timeStep,numberOfRobotsOnBlackSite,numberOfRobotsOnWhiteSite
28698,17,21
timeStep,numberOfRobotsOnBlackSite,numberOfRobotsOnWhiteSite
28699,17,21
timeStep,numberOfRobotsOnBlackSite,numberOfRobotsOnWhiteSite
28700,18,21
timeStep,numberOfRobotsOnBlackSite,numberOfRobotsOnWhiteSite
28701,18,21
timeStep,numberOfRobotsOnBlackSite,numberOfRobotsOnWhiteSite
28702,18,21
timeStep,numberOfRobotsOnBlackSite,numberOfRobotsOnWhiteSite
28703,18,21
timeStep,numberOfRobotsOnBlackSite,numberOfRobotsOnWhiteSite
28704,18,21
timeStep,numberOfRobotsOnBlackSite,numberOfRobotsOnWhiteSite
28705,18,21
timeStep,numberOfRobotsOnBlackSite,numberOfRobotsOnWhiteSite
28706,18,21
timeStep,numberOfRobotsOnBlackSite,numberOfRobotsOnWhiteSite
28707,18,21
timeStep,numberOfRobotsOnBlackSite,numberOfRobotsOnWhiteSite
28708,18,21
timeStep,numberOfRobotsOnBlackSite,numberOfRobotsOnWhiteSite
28709,18,21
timeStep,numberOfRobotsOnBlackSite,numberOfRobotsOnWhiteSite
28710,18,21
timeStep,numberOfRobotsOnBlackSite,numberOfRobotsOnWhiteSite
28711,18,21
timeStep,numberOfRobotsOnBlackSite,numberOfRobotsOnWhiteSite
28712,18,21
timeStep,numberOfRobotsOnBlackSite,numberOfRobotsOnWhiteSite
28713,18,21
timeStep,numberOfRobotsOnBlackSite,numberOfRobotsOnWhiteSite
28714,18,21
timeStep,numberOfRobotsOnBlackSite,numberOfRobotsOnWhiteSite
28715,18,21
timeStep,numberOfRobotsOnBlackSite,numberOfRobotsOnWhiteSite
28716,18,21
timeStep,numberOfRobotsOnBlackSite,numberOfRobotsOnWhiteSite
28717,18,21
timeStep,numberOfRobotsOnBlackSite,numberOfRobotsOnWhiteSite
28718,18,21
timeStep,numberOfRobotsOnBlackSite,numberOfRobotsOnWhiteSite
28719,18,21
timeStep,numberOfRobotsOnBlackSite,numberOfRobotsOnWhiteSite
28720,18,21
timeStep,numberOfRobotsOnBlackSite,numberOfRobotsOnWhiteSite
28721,18,21
timeStep,numberOfRobotsOnBlackSite,numberOfRobotsOnWhiteSite
28722,18,21
timeStep,numberOfRobotsOnBlackSite,numberOfRobotsOnWhiteSite
28723,18,21
timeStep,numberOfRobotsOnBlackSite,numberOfRobotsOnWhiteSite
28724,18,21
timeStep,numberOfRobotsOnBlackSite,numberOfRobotsOnWhiteSite
28725,18,21
timeStep,numberOfRobotsOnBlackSite,numberOfRobotsOnWhiteSite
28726,18,21
timeStep,numberOfRobotsOnBlackSite,numberOfRobotsOnWhiteSite
28727,18,21
timeStep,numberOfRobotsOnBlackSite,numberOfRobotsOnWhiteSite
28728,18,21
timeStep,numberOfRobotsOnBlackSite,numberOfRobotsOnWhiteSite
28729,18,21
timeStep,numberOfRobotsOnBlackSite,numberOfRobotsOnWhiteSite
28730,18,21
timeStep,numberOfRobotsOnBlackSite,numberOfRobotsOnWhiteSite
28731,18,21
timeStep,numberOfRobotsOnBlackSite,numberOfRobotsOnWhiteSite
28732,18,21
timeStep,numberOfRobotsOnBlackSite,numberOfRobotsOnWhiteSite
28733,18,21
timeStep,numberOfRobotsOnBlackSite,numberOfRobotsOnWhiteSite
28734,18,21
timeStep,numberOfRobotsOnBlackSite,numberOfRobotsOnWhiteSite
28735,18,21
timeStep,numberOfRobotsOnBlackSite,numberOfRobotsOnWhiteSite
28736,18,21
timeStep,numberOfRobotsOnBlackSite,numberOfRobotsOnWhiteSite
28737,18,21
timeStep,numberOfRobotsOnBlackSite,numberOfRobotsOnWhiteSite
28738,18,21
timeStep,numberOfRobotsOnBlackSite,numberOfRobotsOnWhiteSite
28739,18,21
timeStep,numberOfRobotsOnBlackSite,numberOfRobotsOnWhiteSite
28740,18,21
timeStep,numberOfRobotsOnBlackSite,numberOfRobotsOnWhiteSite
28741,18,21
timeStep,numberOfRobotsOnBlackSite,numberOfRobotsOnWhiteSite
28742,18,21
timeStep,numberOfRobotsOnBlackSite,numberOfRobotsOnWhiteSite
28743,18,21
timeStep,numberOfRobotsOnBlackSite,numberOfRobotsOnWhiteSite
28744,18,21
timeStep,numberOfRobotsOnBlackSite,numberOfRobotsOnWhiteSite
28745,18,21
timeStep,numberOfRobotsOnBlackSite,numberOfRobotsOnWhiteSite
28746,18,21
timeStep,numberOfRobotsOnBlackSite,numberOfRobotsOnWhiteSite
28747,18,21
timeStep,numberOfRobotsOnBlackSite,numberOfRobotsOnWhiteSite
28748,18,21
timeStep,numberOfRobotsOnBlackSite,numberOfRobotsOnWhiteSite
28749,18,21
timeStep,numberOfRobotsOnBlackSite,numberOfRobotsOnWhiteSite
28750,18,21
timeStep,numberOfRobotsOnBlackSite,numberOfRobotsOnWhiteSite
28751,18,21
timeStep,numberOfRobotsOnBlackSite,numberOfRobotsOnWhiteSite
28752,18,21
timeStep,numberOfRobotsOnBlackSite,numberOfRobotsOnWhiteSite
28753,18,21
timeStep,numberOfRobotsOnBlackSite,numberOfRobotsOnWhiteSite
28754,18,21
timeStep,numberOfRobotsOnBlackSite,numberOfRobotsOnWhiteSite
28755,18,21
timeStep,numberOfRobotsOnBlackSite,numberOfRobotsOnWhiteSite
28756,18,21
timeStep,numberOfRobotsOnBlackSite,numberOfRobotsOnWhiteSite
28757,18,21
timeStep,numberOfRobotsOnBlackSite,numberOfRobotsOnWhiteSite
28758,18,21
timeStep,numberOfRobotsOnBlackSite,numberOfRobotsOnWhiteSite
28759,18,21
timeStep,numberOfRobotsOnBlackSite,numberOfRobotsOnWhiteSite
28760,18,21
timeStep,numberOfRobotsOnBlackSite,numberOfRobotsOnWhiteSite
28761,18,21
timeStep,numberOfRobotsOnBlackSite,numberOfRobotsOnWhiteSite
28762,18,21
timeStep,numberOfRobotsOnBlackSite,numberOfRobotsOnWhiteSite
28763,18,21
timeStep,numberOfRobotsOnBlackSite,numberOfRobotsOnWhiteSite
28764,18,21
timeStep,numberOfRobotsOnBlackSite,numberOfRobotsOnWhiteSite
28765,18,21
timeStep,numberOfRobotsOnBlackSite,numberOfRobotsOnWhiteSite
28766,18,21
timeStep,numberOfRobotsOnBlackSite,numberOfRobotsOnWhiteSite
28767,18,21
timeStep,numberOfRobotsOnBlackSite,numberOfRobotsOnWhiteSite
28768,18,21
timeStep,numberOfRobotsOnBlackSite,numberOfRobotsOnWhiteSite
28769,18,21
timeStep,numberOfRobotsOnBlackSite,numberOfRobotsOnWhiteSite
28770,18,21
timeStep,numberOfRobotsOnBlackSite,numberOfRobotsOnWhiteSite
28771,18,21
timeStep,numberOfRobotsOnBlackSite,numberOfRobotsOnWhiteSite
28772,18,21
timeStep,numberOfRobotsOnBlackSite,numberOfRobotsOnWhiteSite
28773,18,21
timeStep,numberOfRobotsOnBlackSite,numberOfRobotsOnWhiteSite
28774,18,21
timeStep,numberOfRobotsOnBlackSite,numberOfRobotsOnWhiteSite
28775,18,21
timeStep,numberOfRobotsOnBlackSite,numberOfRobotsOnWhiteSite
28776,18,21
timeStep,numberOfRobotsOnBlackSite,numberOfRobotsOnWhiteSite
28777,18,21
timeStep,numberOfRobotsOnBlackSite,numberOfRobotsOnWhiteSite
28778,18,21
timeStep,numberOfRobotsOnBlackSite,numberOfRobotsOnWhiteSite
28779,18,21
timeStep,numberOfRobotsOnBlackSite,numberOfRobotsOnWhiteSite
28780,18,20
timeStep,numberOfRobotsOnBlackSite,numberOfRobotsOnWhiteSite
28781,18,20
timeStep,numberOfRobotsOnBlackSite,numberOfRobotsOnWhiteSite
28782,18,20
timeStep,numberOfRobotsOnBlackSite,numberOfRobotsOnWhiteSite
28783,18,20
timeStep,numberOfRobotsOnBlackSite,numberOfRobotsOnWhiteSite
28784,18,20
timeStep,numberOfRobotsOnBlackSite,numberOfRobotsOnWhiteSite
28785,18,20
timeStep,numberOfRobotsOnBlackSite,numberOfRobotsOnWhiteSite
28786,18,20
timeStep,numberOfRobotsOnBlackSite,numberOfRobotsOnWhiteSite
28787,18,20
timeStep,numberOfRobotsOnBlackSite,numberOfRobotsOnWhiteSite
28788,18,20
timeStep,numberOfRobotsOnBlackSite,numberOfRobotsOnWhiteSite
28789,18,20
timeStep,numberOfRobotsOnBlackSite,numberOfRobotsOnWhiteSite
28790,18,20
timeStep,numberOfRobotsOnBlackSite,numberOfRobotsOnWhiteSite
28791,18,20
timeStep,numberOfRobotsOnBlackSite,numberOfRobotsOnWhiteSite
28792,18,20
timeStep,numberOfRobotsOnBlackSite,numberOfRobotsOnWhiteSite
28793,18,20
timeStep,numberOfRobotsOnBlackSite,numberOfRobotsOnWhiteSite
28794,18,20
timeStep,numberOfRobotsOnBlackSite,numberOfRobotsOnWhiteSite
28795,18,20
timeStep,numberOfRobotsOnBlackSite,numberOfRobotsOnWhiteSite
28796,18,20
timeStep,numberOfRobotsOnBlackSite,numberOfRobotsOnWhiteSite
28797,18,20
timeStep,numberOfRobotsOnBlackSite,numberOfRobotsOnWhiteSite
28798,18,20
timeStep,numberOfRobotsOnBlackSite,numberOfRobotsOnWhiteSite
28799,18,20
timeStep,numberOfRobotsOnBlackSite,numberOfRobotsOnWhiteSite
28800,18,20
timeStep,numberOfRobotsOnBlackSite,numberOfRobotsOnWhiteSite
28801,18,20
timeStep,numberOfRobotsOnBlackSite,numberOfRobotsOnWhiteSite
28802,18,20
timeStep,numberOfRobotsOnBlackSite,numberOfRobotsOnWhiteSite
28803,18,20
timeStep,numberOfRobotsOnBlackSite,numberOfRobotsOnWhiteSite
28804,18,20
timeStep,numberOfRobotsOnBlackSite,numberOfRobotsOnWhiteSite
28805,18,20
timeStep,numberOfRobotsOnBlackSite,numberOfRobotsOnWhiteSite
28806,18,20
timeStep,numberOfRobotsOnBlackSite,numberOfRobotsOnWhiteSite
28807,18,20
timeStep,numberOfRobotsOnBlackSite,numberOfRobotsOnWhiteSite
28808,18,20
timeStep,numberOfRobotsOnBlackSite,numberOfRobotsOnWhiteSite
28809,18,20
timeStep,numberOfRobotsOnBlackSite,numberOfRobotsOnWhiteSite
28810,18,19
timeStep,numberOfRobotsOnBlackSite,numberOfRobotsOnWhiteSite
28811,18,19
timeStep,numberOfRobotsOnBlackSite,numberOfRobotsOnWhiteSite
28812,18,19
timeStep,numberOfRobotsOnBlackSite,numberOfRobotsOnWhiteSite
28813,18,19
timeStep,numberOfRobotsOnBlackSite,numberOfRobotsOnWhiteSite
28814,18,19
timeStep,numberOfRobotsOnBlackSite,numberOfRobotsOnWhiteSite
28815,18,19
timeStep,numberOfRobotsOnBlackSite,numberOfRobotsOnWhiteSite
28816,18,19
timeStep,numberOfRobotsOnBlackSite,numberOfRobotsOnWhiteSite
28817,18,19
timeStep,numberOfRobotsOnBlackSite,numberOfRobotsOnWhiteSite
28818,18,19
timeStep,numberOfRobotsOnBlackSite,numberOfRobotsOnWhiteSite
28819,18,19
timeStep,numberOfRobotsOnBlackSite,numberOfRobotsOnWhiteSite
28820,18,19
timeStep,numberOfRobotsOnBlackSite,numberOfRobotsOnWhiteSite
28821,18,19
timeStep,numberOfRobotsOnBlackSite,numberOfRobotsOnWhiteSite
28822,18,19
timeStep,numberOfRobotsOnBlackSite,numberOfRobotsOnWhiteSite
28823,18,19
timeStep,numberOfRobotsOnBlackSite,numberOfRobotsOnWhiteSite
28824,18,19
timeStep,numberOfRobotsOnBlackSite,numberOfRobotsOnWhiteSite
28825,18,19
timeStep,numberOfRobotsOnBlackSite,numberOfRobotsOnWhiteSite
28826,18,19
timeStep,numberOfRobotsOnBlackSite,numberOfRobotsOnWhiteSite
28827,18,19
timeStep,numberOfRobotsOnBlackSite,numberOfRobotsOnWhiteSite
28828,18,19
timeStep,numberOfRobotsOnBlackSite,numberOfRobotsOnWhiteSite
28829,18,19
timeStep,numberOfRobotsOnBlackSite,numberOfRobotsOnWhiteSite
28830,18,19
timeStep,numberOfRobotsOnBlackSite,numberOfRobotsOnWhiteSite
28831,18,19
timeStep,numberOfRobotsOnBlackSite,numberOfRobotsOnWhiteSite
28832,18,19
timeStep,numberOfRobotsOnBlackSite,numberOfRobotsOnWhiteSite
28833,18,19
timeStep,numberOfRobotsOnBlackSite,numberOfRobotsOnWhiteSite
28834,18,19
timeStep,numberOfRobotsOnBlackSite,numberOfRobotsOnWhiteSite
28835,18,19
timeStep,numberOfRobotsOnBlackSite,numberOfRobotsOnWhiteSite
28836,18,19
timeStep,numberOfRobotsOnBlackSite,numberOfRobotsOnWhiteSite
28837,18,19
timeStep,numberOfRobotsOnBlackSite,numberOfRobotsOnWhiteSite
28838,18,19
timeStep,numberOfRobotsOnBlackSite,numberOfRobotsOnWhiteSite
28839,18,19
timeStep,numberOfRobotsOnBlackSite,numberOfRobotsOnWhiteSite
28840,18,19
timeStep,numberOfRobotsOnBlackSite,numberOfRobotsOnWhiteSite
28841,18,19
timeStep,numberOfRobotsOnBlackSite,numberOfRobotsOnWhiteSite
28842,18,19
timeStep,numberOfRobotsOnBlackSite,numberOfRobotsOnWhiteSite
28843,18,19
timeStep,numberOfRobotsOnBlackSite,numberOfRobotsOnWhiteSite
28844,18,19
timeStep,numberOfRobotsOnBlackSite,numberOfRobotsOnWhiteSite
28845,19,19
timeStep,numberOfRobotsOnBlackSite,numberOfRobotsOnWhiteSite
28846,19,19
timeStep,numberOfRobotsOnBlackSite,numberOfRobotsOnWhiteSite
28847,19,19
timeStep,numberOfRobotsOnBlackSite,numberOfRobotsOnWhiteSite
28848,19,19
timeStep,numberOfRobotsOnBlackSite,numberOfRobotsOnWhiteSite
28849,19,19
timeStep,numberOfRobotsOnBlackSite,numberOfRobotsOnWhiteSite
28850,20,20
timeStep,numberOfRobotsOnBlackSite,numberOfRobotsOnWhiteSite
28851,20,20
timeStep,numberOfRobotsOnBlackSite,numberOfRobotsOnWhiteSite
28852,20,20
timeStep,numberOfRobotsOnBlackSite,numberOfRobotsOnWhiteSite
28853,20,20
timeStep,numberOfRobotsOnBlackSite,numberOfRobotsOnWhiteSite
28854,20,20
timeStep,numberOfRobotsOnBlackSite,numberOfRobotsOnWhiteSite
28855,20,20
timeStep,numberOfRobotsOnBlackSite,numberOfRobotsOnWhiteSite
28856,20,20
timeStep,numberOfRobotsOnBlackSite,numberOfRobotsOnWhiteSite
28857,20,20
timeStep,numberOfRobotsOnBlackSite,numberOfRobotsOnWhiteSite
28858,20,20
timeStep,numberOfRobotsOnBlackSite,numberOfRobotsOnWhiteSite
28859,20,20
timeStep,numberOfRobotsOnBlackSite,numberOfRobotsOnWhiteSite
28860,20,20
timeStep,numberOfRobotsOnBlackSite,numberOfRobotsOnWhiteSite
28861,20,20
timeStep,numberOfRobotsOnBlackSite,numberOfRobotsOnWhiteSite
28862,20,20
timeStep,numberOfRobotsOnBlackSite,numberOfRobotsOnWhiteSite
28863,20,20
timeStep,numberOfRobotsOnBlackSite,numberOfRobotsOnWhiteSite
28864,20,20
timeStep,numberOfRobotsOnBlackSite,numberOfRobotsOnWhiteSite
28865,20,20
timeStep,numberOfRobotsOnBlackSite,numberOfRobotsOnWhiteSite
28866,20,20
timeStep,numberOfRobotsOnBlackSite,numberOfRobotsOnWhiteSite
28867,20,20
timeStep,numberOfRobotsOnBlackSite,numberOfRobotsOnWhiteSite
28868,20,20
timeStep,numberOfRobotsOnBlackSite,numberOfRobotsOnWhiteSite
28869,20,20
timeStep,numberOfRobotsOnBlackSite,numberOfRobotsOnWhiteSite
28870,20,20
timeStep,numberOfRobotsOnBlackSite,numberOfRobotsOnWhiteSite
28871,20,20
timeStep,numberOfRobotsOnBlackSite,numberOfRobotsOnWhiteSite
28872,20,20
timeStep,numberOfRobotsOnBlackSite,numberOfRobotsOnWhiteSite
28873,20,20
timeStep,numberOfRobotsOnBlackSite,numberOfRobotsOnWhiteSite
28874,20,20
timeStep,numberOfRobotsOnBlackSite,numberOfRobotsOnWhiteSite
28875,20,20
timeStep,numberOfRobotsOnBlackSite,numberOfRobotsOnWhiteSite
28876,20,20
timeStep,numberOfRobotsOnBlackSite,numberOfRobotsOnWhiteSite
28877,20,20
timeStep,numberOfRobotsOnBlackSite,numberOfRobotsOnWhiteSite
28878,20,20
timeStep,numberOfRobotsOnBlackSite,numberOfRobotsOnWhiteSite
28879,20,20
timeStep,numberOfRobotsOnBlackSite,numberOfRobotsOnWhiteSite
28880,20,20
timeStep,numberOfRobotsOnBlackSite,numberOfRobotsOnWhiteSite
28881,20,20
timeStep,numberOfRobotsOnBlackSite,numberOfRobotsOnWhiteSite
28882,20,20
timeStep,numberOfRobotsOnBlackSite,numberOfRobotsOnWhiteSite
28883,20,20
timeStep,numberOfRobotsOnBlackSite,numberOfRobotsOnWhiteSite
28884,20,20
timeStep,numberOfRobotsOnBlackSite,numberOfRobotsOnWhiteSite
28885,20,20
timeStep,numberOfRobotsOnBlackSite,numberOfRobotsOnWhiteSite
28886,20,20
timeStep,numberOfRobotsOnBlackSite,numberOfRobotsOnWhiteSite
28887,20,20
timeStep,numberOfRobotsOnBlackSite,numberOfRobotsOnWhiteSite
28888,20,20
timeStep,numberOfRobotsOnBlackSite,numberOfRobotsOnWhiteSite
28889,20,20
timeStep,numberOfRobotsOnBlackSite,numberOfRobotsOnWhiteSite
28890,20,20
timeStep,numberOfRobotsOnBlackSite,numberOfRobotsOnWhiteSite
28891,20,20
timeStep,numberOfRobotsOnBlackSite,numberOfRobotsOnWhiteSite
28892,20,20
timeStep,numberOfRobotsOnBlackSite,numberOfRobotsOnWhiteSite
28893,20,20
timeStep,numberOfRobotsOnBlackSite,numberOfRobotsOnWhiteSite
28894,20,20
timeStep,numberOfRobotsOnBlackSite,numberOfRobotsOnWhiteSite
28895,20,20
timeStep,numberOfRobotsOnBlackSite,numberOfRobotsOnWhiteSite
28896,20,20
timeStep,numberOfRobotsOnBlackSite,numberOfRobotsOnWhiteSite
28897,20,20
timeStep,numberOfRobotsOnBlackSite,numberOfRobotsOnWhiteSite
28898,20,20
timeStep,numberOfRobotsOnBlackSite,numberOfRobotsOnWhiteSite
28899,20,20
timeStep,numberOfRobotsOnBlackSite,numberOfRobotsOnWhiteSite
28900,20,20
timeStep,numberOfRobotsOnBlackSite,numberOfRobotsOnWhiteSite
28901,20,20
timeStep,numberOfRobotsOnBlackSite,numberOfRobotsOnWhiteSite
28902,20,20
timeStep,numberOfRobotsOnBlackSite,numberOfRobotsOnWhiteSite
28903,20,20
timeStep,numberOfRobotsOnBlackSite,numberOfRobotsOnWhiteSite
28904,20,20
timeStep,numberOfRobotsOnBlackSite,numberOfRobotsOnWhiteSite
28905,20,20
timeStep,numberOfRobotsOnBlackSite,numberOfRobotsOnWhiteSite
28906,20,20
timeStep,numberOfRobotsOnBlackSite,numberOfRobotsOnWhiteSite
28907,20,20
timeStep,numberOfRobotsOnBlackSite,numberOfRobotsOnWhiteSite
28908,20,20
timeStep,numberOfRobotsOnBlackSite,numberOfRobotsOnWhiteSite
28909,20,20
timeStep,numberOfRobotsOnBlackSite,numberOfRobotsOnWhiteSite
28910,20,20
timeStep,numberOfRobotsOnBlackSite,numberOfRobotsOnWhiteSite
28911,20,20
timeStep,numberOfRobotsOnBlackSite,numberOfRobotsOnWhiteSite
28912,20,20
timeStep,numberOfRobotsOnBlackSite,numberOfRobotsOnWhiteSite
28913,20,20
timeStep,numberOfRobotsOnBlackSite,numberOfRobotsOnWhiteSite
28914,20,20
timeStep,numberOfRobotsOnBlackSite,numberOfRobotsOnWhiteSite
28915,20,20
timeStep,numberOfRobotsOnBlackSite,numberOfRobotsOnWhiteSite
28916,20,20
timeStep,numberOfRobotsOnBlackSite,numberOfRobotsOnWhiteSite
28917,20,20
timeStep,numberOfRobotsOnBlackSite,numberOfRobotsOnWhiteSite
28918,20,20
timeStep,numberOfRobotsOnBlackSite,numberOfRobotsOnWhiteSite
28919,20,20
timeStep,numberOfRobotsOnBlackSite,numberOfRobotsOnWhiteSite
28920,20,20
timeStep,numberOfRobotsOnBlackSite,numberOfRobotsOnWhiteSite
28921,20,20
timeStep,numberOfRobotsOnBlackSite,numberOfRobotsOnWhiteSite
28922,20,20
timeStep,numberOfRobotsOnBlackSite,numberOfRobotsOnWhiteSite
28923,20,20
timeStep,numberOfRobotsOnBlackSite,numberOfRobotsOnWhiteSite
28924,20,20
timeStep,numberOfRobotsOnBlackSite,numberOfRobotsOnWhiteSite
28925,20,20
timeStep,numberOfRobotsOnBlackSite,numberOfRobotsOnWhiteSite
28926,20,20
timeStep,numberOfRobotsOnBlackSite,numberOfRobotsOnWhiteSite
28927,20,20
timeStep,numberOfRobotsOnBlackSite,numberOfRobotsOnWhiteSite
28928,20,20
timeStep,numberOfRobotsOnBlackSite,numberOfRobotsOnWhiteSite
28929,20,20
timeStep,numberOfRobotsOnBlackSite,numberOfRobotsOnWhiteSite
28930,19,20
timeStep,numberOfRobotsOnBlackSite,numberOfRobotsOnWhiteSite
28931,19,20
timeStep,numberOfRobotsOnBlackSite,numberOfRobotsOnWhiteSite
28932,19,20
timeStep,numberOfRobotsOnBlackSite,numberOfRobotsOnWhiteSite
28933,19,20
timeStep,numberOfRobotsOnBlackSite,numberOfRobotsOnWhiteSite
28934,19,20
timeStep,numberOfRobotsOnBlackSite,numberOfRobotsOnWhiteSite
28935,19,20
timeStep,numberOfRobotsOnBlackSite,numberOfRobotsOnWhiteSite
28936,19,20
timeStep,numberOfRobotsOnBlackSite,numberOfRobotsOnWhiteSite
28937,19,20
timeStep,numberOfRobotsOnBlackSite,numberOfRobotsOnWhiteSite
28938,19,20
timeStep,numberOfRobotsOnBlackSite,numberOfRobotsOnWhiteSite
28939,19,20
timeStep,numberOfRobotsOnBlackSite,numberOfRobotsOnWhiteSite
28940,19,20
timeStep,numberOfRobotsOnBlackSite,numberOfRobotsOnWhiteSite
28941,19,20
timeStep,numberOfRobotsOnBlackSite,numberOfRobotsOnWhiteSite
28942,19,20
timeStep,numberOfRobotsOnBlackSite,numberOfRobotsOnWhiteSite
28943,19,20
timeStep,numberOfRobotsOnBlackSite,numberOfRobotsOnWhiteSite
28944,19,20
timeStep,numberOfRobotsOnBlackSite,numberOfRobotsOnWhiteSite
28945,19,20
timeStep,numberOfRobotsOnBlackSite,numberOfRobotsOnWhiteSite
28946,19,20
timeStep,numberOfRobotsOnBlackSite,numberOfRobotsOnWhiteSite
28947,19,20
timeStep,numberOfRobotsOnBlackSite,numberOfRobotsOnWhiteSite
28948,19,20
timeStep,numberOfRobotsOnBlackSite,numberOfRobotsOnWhiteSite
28949,19,20
timeStep,numberOfRobotsOnBlackSite,numberOfRobotsOnWhiteSite
28950,19,20
timeStep,numberOfRobotsOnBlackSite,numberOfRobotsOnWhiteSite
28951,19,20
timeStep,numberOfRobotsOnBlackSite,numberOfRobotsOnWhiteSite
28952,19,20
timeStep,numberOfRobotsOnBlackSite,numberOfRobotsOnWhiteSite
28953,19,20
timeStep,numberOfRobotsOnBlackSite,numberOfRobotsOnWhiteSite
28954,19,20
timeStep,numberOfRobotsOnBlackSite,numberOfRobotsOnWhiteSite
28955,19,20
timeStep,numberOfRobotsOnBlackSite,numberOfRobotsOnWhiteSite
28956,19,20
timeStep,numberOfRobotsOnBlackSite,numberOfRobotsOnWhiteSite
28957,19,20
timeStep,numberOfRobotsOnBlackSite,numberOfRobotsOnWhiteSite
28958,19,20
timeStep,numberOfRobotsOnBlackSite,numberOfRobotsOnWhiteSite
28959,19,20
timeStep,numberOfRobotsOnBlackSite,numberOfRobotsOnWhiteSite
28960,19,20
timeStep,numberOfRobotsOnBlackSite,numberOfRobotsOnWhiteSite
28961,19,20
timeStep,numberOfRobotsOnBlackSite,numberOfRobotsOnWhiteSite
28962,19,20
timeStep,numberOfRobotsOnBlackSite,numberOfRobotsOnWhiteSite
28963,19,20
timeStep,numberOfRobotsOnBlackSite,numberOfRobotsOnWhiteSite
28964,19,20
timeStep,numberOfRobotsOnBlackSite,numberOfRobotsOnWhiteSite
28965,19,20
timeStep,numberOfRobotsOnBlackSite,numberOfRobotsOnWhiteSite
28966,19,20
timeStep,numberOfRobotsOnBlackSite,numberOfRobotsOnWhiteSite
28967,19,20
timeStep,numberOfRobotsOnBlackSite,numberOfRobotsOnWhiteSite
28968,19,20
timeStep,numberOfRobotsOnBlackSite,numberOfRobotsOnWhiteSite
28969,19,20
timeStep,numberOfRobotsOnBlackSite,numberOfRobotsOnWhiteSite
28970,19,20
timeStep,numberOfRobotsOnBlackSite,numberOfRobotsOnWhiteSite
28971,19,20
timeStep,numberOfRobotsOnBlackSite,numberOfRobotsOnWhiteSite
28972,19,20
timeStep,numberOfRobotsOnBlackSite,numberOfRobotsOnWhiteSite
28973,19,20
timeStep,numberOfRobotsOnBlackSite,numberOfRobotsOnWhiteSite
28974,19,20
timeStep,numberOfRobotsOnBlackSite,numberOfRobotsOnWhiteSite
28975,19,21
timeStep,numberOfRobotsOnBlackSite,numberOfRobotsOnWhiteSite
28976,19,21
timeStep,numberOfRobotsOnBlackSite,numberOfRobotsOnWhiteSite
28977,19,21
timeStep,numberOfRobotsOnBlackSite,numberOfRobotsOnWhiteSite
28978,19,21
timeStep,numberOfRobotsOnBlackSite,numberOfRobotsOnWhiteSite
28979,19,21
timeStep,numberOfRobotsOnBlackSite,numberOfRobotsOnWhiteSite
28980,19,21
timeStep,numberOfRobotsOnBlackSite,numberOfRobotsOnWhiteSite
28981,19,21
timeStep,numberOfRobotsOnBlackSite,numberOfRobotsOnWhiteSite
28982,19,21
timeStep,numberOfRobotsOnBlackSite,numberOfRobotsOnWhiteSite
28983,19,21
timeStep,numberOfRobotsOnBlackSite,numberOfRobotsOnWhiteSite
28984,19,21
timeStep,numberOfRobotsOnBlackSite,numberOfRobotsOnWhiteSite
28985,19,21
timeStep,numberOfRobotsOnBlackSite,numberOfRobotsOnWhiteSite
28986,19,21
timeStep,numberOfRobotsOnBlackSite,numberOfRobotsOnWhiteSite
28987,19,21
timeStep,numberOfRobotsOnBlackSite,numberOfRobotsOnWhiteSite
28988,19,21
timeStep,numberOfRobotsOnBlackSite,numberOfRobotsOnWhiteSite
28989,19,21
timeStep,numberOfRobotsOnBlackSite,numberOfRobotsOnWhiteSite
28990,19,21
timeStep,numberOfRobotsOnBlackSite,numberOfRobotsOnWhiteSite
28991,19,21
timeStep,numberOfRobotsOnBlackSite,numberOfRobotsOnWhiteSite
28992,19,21
timeStep,numberOfRobotsOnBlackSite,numberOfRobotsOnWhiteSite
28993,19,21
timeStep,numberOfRobotsOnBlackSite,numberOfRobotsOnWhiteSite
28994,19,21
timeStep,numberOfRobotsOnBlackSite,numberOfRobotsOnWhiteSite
28995,19,21
timeStep,numberOfRobotsOnBlackSite,numberOfRobotsOnWhiteSite
28996,19,21
timeStep,numberOfRobotsOnBlackSite,numberOfRobotsOnWhiteSite
28997,19,21
timeStep,numberOfRobotsOnBlackSite,numberOfRobotsOnWhiteSite
28998,19,21
timeStep,numberOfRobotsOnBlackSite,numberOfRobotsOnWhiteSite
28999,19,21
timeStep,numberOfRobotsOnBlackSite,numberOfRobotsOnWhiteSite
29000,19,21
timeStep,numberOfRobotsOnBlackSite,numberOfRobotsOnWhiteSite
29001,19,21
timeStep,numberOfRobotsOnBlackSite,numberOfRobotsOnWhiteSite
29002,19,21
timeStep,numberOfRobotsOnBlackSite,numberOfRobotsOnWhiteSite
29003,19,21
timeStep,numberOfRobotsOnBlackSite,numberOfRobotsOnWhiteSite
29004,19,21
timeStep,numberOfRobotsOnBlackSite,numberOfRobotsOnWhiteSite
29005,19,21
timeStep,numberOfRobotsOnBlackSite,numberOfRobotsOnWhiteSite
29006,19,21
timeStep,numberOfRobotsOnBlackSite,numberOfRobotsOnWhiteSite
29007,19,21
timeStep,numberOfRobotsOnBlackSite,numberOfRobotsOnWhiteSite
29008,19,21
timeStep,numberOfRobotsOnBlackSite,numberOfRobotsOnWhiteSite
29009,19,21
timeStep,numberOfRobotsOnBlackSite,numberOfRobotsOnWhiteSite
29010,19,21
timeStep,numberOfRobotsOnBlackSite,numberOfRobotsOnWhiteSite
29011,19,21
timeStep,numberOfRobotsOnBlackSite,numberOfRobotsOnWhiteSite
29012,19,21
timeStep,numberOfRobotsOnBlackSite,numberOfRobotsOnWhiteSite
29013,19,21
timeStep,numberOfRobotsOnBlackSite,numberOfRobotsOnWhiteSite
29014,19,21
timeStep,numberOfRobotsOnBlackSite,numberOfRobotsOnWhiteSite
29015,19,21
timeStep,numberOfRobotsOnBlackSite,numberOfRobotsOnWhiteSite
29016,19,21
timeStep,numberOfRobotsOnBlackSite,numberOfRobotsOnWhiteSite
29017,19,21
timeStep,numberOfRobotsOnBlackSite,numberOfRobotsOnWhiteSite
29018,19,21
timeStep,numberOfRobotsOnBlackSite,numberOfRobotsOnWhiteSite
29019,19,21
timeStep,numberOfRobotsOnBlackSite,numberOfRobotsOnWhiteSite
29020,19,21
timeStep,numberOfRobotsOnBlackSite,numberOfRobotsOnWhiteSite
29021,19,21
timeStep,numberOfRobotsOnBlackSite,numberOfRobotsOnWhiteSite
29022,19,21
timeStep,numberOfRobotsOnBlackSite,numberOfRobotsOnWhiteSite
29023,19,21
timeStep,numberOfRobotsOnBlackSite,numberOfRobotsOnWhiteSite
29024,19,21
timeStep,numberOfRobotsOnBlackSite,numberOfRobotsOnWhiteSite
29025,19,21
timeStep,numberOfRobotsOnBlackSite,numberOfRobotsOnWhiteSite
29026,19,21
timeStep,numberOfRobotsOnBlackSite,numberOfRobotsOnWhiteSite
29027,19,21
timeStep,numberOfRobotsOnBlackSite,numberOfRobotsOnWhiteSite
29028,19,21
timeStep,numberOfRobotsOnBlackSite,numberOfRobotsOnWhiteSite
29029,19,21
timeStep,numberOfRobotsOnBlackSite,numberOfRobotsOnWhiteSite
29030,19,21
timeStep,numberOfRobotsOnBlackSite,numberOfRobotsOnWhiteSite
29031,19,21
timeStep,numberOfRobotsOnBlackSite,numberOfRobotsOnWhiteSite
29032,19,21
timeStep,numberOfRobotsOnBlackSite,numberOfRobotsOnWhiteSite
29033,19,21
timeStep,numberOfRobotsOnBlackSite,numberOfRobotsOnWhiteSite
29034,19,21
timeStep,numberOfRobotsOnBlackSite,numberOfRobotsOnWhiteSite
29035,19,21
timeStep,numberOfRobotsOnBlackSite,numberOfRobotsOnWhiteSite
29036,19,21
timeStep,numberOfRobotsOnBlackSite,numberOfRobotsOnWhiteSite
29037,19,21
timeStep,numberOfRobotsOnBlackSite,numberOfRobotsOnWhiteSite
29038,19,21
timeStep,numberOfRobotsOnBlackSite,numberOfRobotsOnWhiteSite
29039,19,21
timeStep,numberOfRobotsOnBlackSite,numberOfRobotsOnWhiteSite
29040,19,21
timeStep,numberOfRobotsOnBlackSite,numberOfRobotsOnWhiteSite
29041,19,21
timeStep,numberOfRobotsOnBlackSite,numberOfRobotsOnWhiteSite
29042,19,21
timeStep,numberOfRobotsOnBlackSite,numberOfRobotsOnWhiteSite
29043,19,21
timeStep,numberOfRobotsOnBlackSite,numberOfRobotsOnWhiteSite
29044,19,21
timeStep,numberOfRobotsOnBlackSite,numberOfRobotsOnWhiteSite
29045,19,21
timeStep,numberOfRobotsOnBlackSite,numberOfRobotsOnWhiteSite
29046,19,21
timeStep,numberOfRobotsOnBlackSite,numberOfRobotsOnWhiteSite
29047,19,21
timeStep,numberOfRobotsOnBlackSite,numberOfRobotsOnWhiteSite
29048,19,21
timeStep,numberOfRobotsOnBlackSite,numberOfRobotsOnWhiteSite
29049,19,21
timeStep,numberOfRobotsOnBlackSite,numberOfRobotsOnWhiteSite
29050,19,21
timeStep,numberOfRobotsOnBlackSite,numberOfRobotsOnWhiteSite
29051,19,21
timeStep,numberOfRobotsOnBlackSite,numberOfRobotsOnWhiteSite
29052,19,21
timeStep,numberOfRobotsOnBlackSite,numberOfRobotsOnWhiteSite
29053,19,21
timeStep,numberOfRobotsOnBlackSite,numberOfRobotsOnWhiteSite
29054,19,21
timeStep,numberOfRobotsOnBlackSite,numberOfRobotsOnWhiteSite
29055,19,21
timeStep,numberOfRobotsOnBlackSite,numberOfRobotsOnWhiteSite
29056,19,21
timeStep,numberOfRobotsOnBlackSite,numberOfRobotsOnWhiteSite
29057,19,21
timeStep,numberOfRobotsOnBlackSite,numberOfRobotsOnWhiteSite
29058,19,21
timeStep,numberOfRobotsOnBlackSite,numberOfRobotsOnWhiteSite
29059,19,21
timeStep,numberOfRobotsOnBlackSite,numberOfRobotsOnWhiteSite
29060,19,21
timeStep,numberOfRobotsOnBlackSite,numberOfRobotsOnWhiteSite
29061,19,21
timeStep,numberOfRobotsOnBlackSite,numberOfRobotsOnWhiteSite
29062,19,21
timeStep,numberOfRobotsOnBlackSite,numberOfRobotsOnWhiteSite
29063,19,21
timeStep,numberOfRobotsOnBlackSite,numberOfRobotsOnWhiteSite
29064,19,21
timeStep,numberOfRobotsOnBlackSite,numberOfRobotsOnWhiteSite
29065,19,21
timeStep,numberOfRobotsOnBlackSite,numberOfRobotsOnWhiteSite
29066,19,21
timeStep,numberOfRobotsOnBlackSite,numberOfRobotsOnWhiteSite
29067,19,21
timeStep,numberOfRobotsOnBlackSite,numberOfRobotsOnWhiteSite
29068,19,21
timeStep,numberOfRobotsOnBlackSite,numberOfRobotsOnWhiteSite
29069,19,21
timeStep,numberOfRobotsOnBlackSite,numberOfRobotsOnWhiteSite
29070,19,21
timeStep,numberOfRobotsOnBlackSite,numberOfRobotsOnWhiteSite
29071,19,21
timeStep,numberOfRobotsOnBlackSite,numberOfRobotsOnWhiteSite
29072,19,21
timeStep,numberOfRobotsOnBlackSite,numberOfRobotsOnWhiteSite
29073,19,21
timeStep,numberOfRobotsOnBlackSite,numberOfRobotsOnWhiteSite
29074,19,21
timeStep,numberOfRobotsOnBlackSite,numberOfRobotsOnWhiteSite
29075,19,21
timeStep,numberOfRobotsOnBlackSite,numberOfRobotsOnWhiteSite
29076,19,21
timeStep,numberOfRobotsOnBlackSite,numberOfRobotsOnWhiteSite
29077,19,21
timeStep,numberOfRobotsOnBlackSite,numberOfRobotsOnWhiteSite
29078,19,21
timeStep,numberOfRobotsOnBlackSite,numberOfRobotsOnWhiteSite
29079,19,21
timeStep,numberOfRobotsOnBlackSite,numberOfRobotsOnWhiteSite
29080,19,21
timeStep,numberOfRobotsOnBlackSite,numberOfRobotsOnWhiteSite
29081,19,21
timeStep,numberOfRobotsOnBlackSite,numberOfRobotsOnWhiteSite
29082,19,21
timeStep,numberOfRobotsOnBlackSite,numberOfRobotsOnWhiteSite
29083,19,21
timeStep,numberOfRobotsOnBlackSite,numberOfRobotsOnWhiteSite
29084,19,21
timeStep,numberOfRobotsOnBlackSite,numberOfRobotsOnWhiteSite
29085,19,21
timeStep,numberOfRobotsOnBlackSite,numberOfRobotsOnWhiteSite
29086,19,21
timeStep,numberOfRobotsOnBlackSite,numberOfRobotsOnWhiteSite
29087,19,21
timeStep,numberOfRobotsOnBlackSite,numberOfRobotsOnWhiteSite
29088,19,21
timeStep,numberOfRobotsOnBlackSite,numberOfRobotsOnWhiteSite
29089,19,21
timeStep,numberOfRobotsOnBlackSite,numberOfRobotsOnWhiteSite
29090,19,21
timeStep,numberOfRobotsOnBlackSite,numberOfRobotsOnWhiteSite
29091,19,21
timeStep,numberOfRobotsOnBlackSite,numberOfRobotsOnWhiteSite
29092,19,21
timeStep,numberOfRobotsOnBlackSite,numberOfRobotsOnWhiteSite
29093,19,21
timeStep,numberOfRobotsOnBlackSite,numberOfRobotsOnWhiteSite
29094,19,21
timeStep,numberOfRobotsOnBlackSite,numberOfRobotsOnWhiteSite
29095,19,21
timeStep,numberOfRobotsOnBlackSite,numberOfRobotsOnWhiteSite
29096,19,21
timeStep,numberOfRobotsOnBlackSite,numberOfRobotsOnWhiteSite
29097,19,21
timeStep,numberOfRobotsOnBlackSite,numberOfRobotsOnWhiteSite
29098,19,21
timeStep,numberOfRobotsOnBlackSite,numberOfRobotsOnWhiteSite
29099,19,21
timeStep,numberOfRobotsOnBlackSite,numberOfRobotsOnWhiteSite
29100,19,21
timeStep,numberOfRobotsOnBlackSite,numberOfRobotsOnWhiteSite
29101,19,21
timeStep,numberOfRobotsOnBlackSite,numberOfRobotsOnWhiteSite
29102,19,21
timeStep,numberOfRobotsOnBlackSite,numberOfRobotsOnWhiteSite
29103,19,21
timeStep,numberOfRobotsOnBlackSite,numberOfRobotsOnWhiteSite
29104,19,21
timeStep,numberOfRobotsOnBlackSite,numberOfRobotsOnWhiteSite
29105,19,21
timeStep,numberOfRobotsOnBlackSite,numberOfRobotsOnWhiteSite
29106,19,21
timeStep,numberOfRobotsOnBlackSite,numberOfRobotsOnWhiteSite
29107,19,21
timeStep,numberOfRobotsOnBlackSite,numberOfRobotsOnWhiteSite
29108,19,21
timeStep,numberOfRobotsOnBlackSite,numberOfRobotsOnWhiteSite
29109,19,21
timeStep,numberOfRobotsOnBlackSite,numberOfRobotsOnWhiteSite
29110,19,21
timeStep,numberOfRobotsOnBlackSite,numberOfRobotsOnWhiteSite
29111,19,21
timeStep,numberOfRobotsOnBlackSite,numberOfRobotsOnWhiteSite
29112,19,21
timeStep,numberOfRobotsOnBlackSite,numberOfRobotsOnWhiteSite
29113,19,21
timeStep,numberOfRobotsOnBlackSite,numberOfRobotsOnWhiteSite
29114,19,21
timeStep,numberOfRobotsOnBlackSite,numberOfRobotsOnWhiteSite
29115,19,21
timeStep,numberOfRobotsOnBlackSite,numberOfRobotsOnWhiteSite
29116,19,21
timeStep,numberOfRobotsOnBlackSite,numberOfRobotsOnWhiteSite
29117,19,21
timeStep,numberOfRobotsOnBlackSite,numberOfRobotsOnWhiteSite
29118,19,21
timeStep,numberOfRobotsOnBlackSite,numberOfRobotsOnWhiteSite
29119,19,21
timeStep,numberOfRobotsOnBlackSite,numberOfRobotsOnWhiteSite
29120,19,21
timeStep,numberOfRobotsOnBlackSite,numberOfRobotsOnWhiteSite
29121,19,21
timeStep,numberOfRobotsOnBlackSite,numberOfRobotsOnWhiteSite
29122,19,21
timeStep,numberOfRobotsOnBlackSite,numberOfRobotsOnWhiteSite
29123,19,21
timeStep,numberOfRobotsOnBlackSite,numberOfRobotsOnWhiteSite
29124,19,21
timeStep,numberOfRobotsOnBlackSite,numberOfRobotsOnWhiteSite
29125,19,21
timeStep,numberOfRobotsOnBlackSite,numberOfRobotsOnWhiteSite
29126,19,21
timeStep,numberOfRobotsOnBlackSite,numberOfRobotsOnWhiteSite
29127,19,21
timeStep,numberOfRobotsOnBlackSite,numberOfRobotsOnWhiteSite
29128,19,21
timeStep,numberOfRobotsOnBlackSite,numberOfRobotsOnWhiteSite
29129,19,21
timeStep,numberOfRobotsOnBlackSite,numberOfRobotsOnWhiteSite
29130,19,21
timeStep,numberOfRobotsOnBlackSite,numberOfRobotsOnWhiteSite
29131,19,21
timeStep,numberOfRobotsOnBlackSite,numberOfRobotsOnWhiteSite
29132,19,21
timeStep,numberOfRobotsOnBlackSite,numberOfRobotsOnWhiteSite
29133,19,21
timeStep,numberOfRobotsOnBlackSite,numberOfRobotsOnWhiteSite
29134,19,21
timeStep,numberOfRobotsOnBlackSite,numberOfRobotsOnWhiteSite
29135,19,21
timeStep,numberOfRobotsOnBlackSite,numberOfRobotsOnWhiteSite
29136,19,21
timeStep,numberOfRobotsOnBlackSite,numberOfRobotsOnWhiteSite
29137,19,21
timeStep,numberOfRobotsOnBlackSite,numberOfRobotsOnWhiteSite
29138,19,21
timeStep,numberOfRobotsOnBlackSite,numberOfRobotsOnWhiteSite
29139,19,21
timeStep,numberOfRobotsOnBlackSite,numberOfRobotsOnWhiteSite
29140,19,21
timeStep,numberOfRobotsOnBlackSite,numberOfRobotsOnWhiteSite
29141,19,21
timeStep,numberOfRobotsOnBlackSite,numberOfRobotsOnWhiteSite
29142,19,21
timeStep,numberOfRobotsOnBlackSite,numberOfRobotsOnWhiteSite
29143,19,21
timeStep,numberOfRobotsOnBlackSite,numberOfRobotsOnWhiteSite
29144,19,21
timeStep,numberOfRobotsOnBlackSite,numberOfRobotsOnWhiteSite
29145,19,21
timeStep,numberOfRobotsOnBlackSite,numberOfRobotsOnWhiteSite
29146,19,21
timeStep,numberOfRobotsOnBlackSite,numberOfRobotsOnWhiteSite
29147,19,21
timeStep,numberOfRobotsOnBlackSite,numberOfRobotsOnWhiteSite
29148,19,21
timeStep,numberOfRobotsOnBlackSite,numberOfRobotsOnWhiteSite
29149,19,21
timeStep,numberOfRobotsOnBlackSite,numberOfRobotsOnWhiteSite
29150,19,21
timeStep,numberOfRobotsOnBlackSite,numberOfRobotsOnWhiteSite
29151,19,21
timeStep,numberOfRobotsOnBlackSite,numberOfRobotsOnWhiteSite
29152,19,21
timeStep,numberOfRobotsOnBlackSite,numberOfRobotsOnWhiteSite
29153,19,21
timeStep,numberOfRobotsOnBlackSite,numberOfRobotsOnWhiteSite
29154,19,21
timeStep,numberOfRobotsOnBlackSite,numberOfRobotsOnWhiteSite
29155,19,21
timeStep,numberOfRobotsOnBlackSite,numberOfRobotsOnWhiteSite
29156,19,21
timeStep,numberOfRobotsOnBlackSite,numberOfRobotsOnWhiteSite
29157,19,21
timeStep,numberOfRobotsOnBlackSite,numberOfRobotsOnWhiteSite
29158,19,21
timeStep,numberOfRobotsOnBlackSite,numberOfRobotsOnWhiteSite
29159,19,21
timeStep,numberOfRobotsOnBlackSite,numberOfRobotsOnWhiteSite
29160,19,21
timeStep,numberOfRobotsOnBlackSite,numberOfRobotsOnWhiteSite
29161,19,21
timeStep,numberOfRobotsOnBlackSite,numberOfRobotsOnWhiteSite
29162,19,21
timeStep,numberOfRobotsOnBlackSite,numberOfRobotsOnWhiteSite
29163,19,21
timeStep,numberOfRobotsOnBlackSite,numberOfRobotsOnWhiteSite
29164,19,21
timeStep,numberOfRobotsOnBlackSite,numberOfRobotsOnWhiteSite
29165,19,21
timeStep,numberOfRobotsOnBlackSite,numberOfRobotsOnWhiteSite
29166,19,21
timeStep,numberOfRobotsOnBlackSite,numberOfRobotsOnWhiteSite
29167,19,21
timeStep,numberOfRobotsOnBlackSite,numberOfRobotsOnWhiteSite
29168,19,21
timeStep,numberOfRobotsOnBlackSite,numberOfRobotsOnWhiteSite
29169,19,21
timeStep,numberOfRobotsOnBlackSite,numberOfRobotsOnWhiteSite
29170,20,21
timeStep,numberOfRobotsOnBlackSite,numberOfRobotsOnWhiteSite
29171,20,21
timeStep,numberOfRobotsOnBlackSite,numberOfRobotsOnWhiteSite
29172,20,21
timeStep,numberOfRobotsOnBlackSite,numberOfRobotsOnWhiteSite
29173,20,21
timeStep,numberOfRobotsOnBlackSite,numberOfRobotsOnWhiteSite
29174,20,21
timeStep,numberOfRobotsOnBlackSite,numberOfRobotsOnWhiteSite
29175,20,21
timeStep,numberOfRobotsOnBlackSite,numberOfRobotsOnWhiteSite
29176,20,21
timeStep,numberOfRobotsOnBlackSite,numberOfRobotsOnWhiteSite
29177,20,21
timeStep,numberOfRobotsOnBlackSite,numberOfRobotsOnWhiteSite
29178,20,21
timeStep,numberOfRobotsOnBlackSite,numberOfRobotsOnWhiteSite
29179,20,21
timeStep,numberOfRobotsOnBlackSite,numberOfRobotsOnWhiteSite
29180,20,21
timeStep,numberOfRobotsOnBlackSite,numberOfRobotsOnWhiteSite
29181,20,21
timeStep,numberOfRobotsOnBlackSite,numberOfRobotsOnWhiteSite
29182,20,21
timeStep,numberOfRobotsOnBlackSite,numberOfRobotsOnWhiteSite
29183,20,21
timeStep,numberOfRobotsOnBlackSite,numberOfRobotsOnWhiteSite
29184,20,21
timeStep,numberOfRobotsOnBlackSite,numberOfRobotsOnWhiteSite
29185,20,21
timeStep,numberOfRobotsOnBlackSite,numberOfRobotsOnWhiteSite
29186,20,21
timeStep,numberOfRobotsOnBlackSite,numberOfRobotsOnWhiteSite
29187,20,21
timeStep,numberOfRobotsOnBlackSite,numberOfRobotsOnWhiteSite
29188,20,21
timeStep,numberOfRobotsOnBlackSite,numberOfRobotsOnWhiteSite
29189,20,21
timeStep,numberOfRobotsOnBlackSite,numberOfRobotsOnWhiteSite
29190,20,21
timeStep,numberOfRobotsOnBlackSite,numberOfRobotsOnWhiteSite
29191,20,21
timeStep,numberOfRobotsOnBlackSite,numberOfRobotsOnWhiteSite
29192,20,21
timeStep,numberOfRobotsOnBlackSite,numberOfRobotsOnWhiteSite
29193,20,21
timeStep,numberOfRobotsOnBlackSite,numberOfRobotsOnWhiteSite
29194,20,21
timeStep,numberOfRobotsOnBlackSite,numberOfRobotsOnWhiteSite
29195,20,21
timeStep,numberOfRobotsOnBlackSite,numberOfRobotsOnWhiteSite
29196,20,21
timeStep,numberOfRobotsOnBlackSite,numberOfRobotsOnWhiteSite
29197,20,21
timeStep,numberOfRobotsOnBlackSite,numberOfRobotsOnWhiteSite
29198,20,21
timeStep,numberOfRobotsOnBlackSite,numberOfRobotsOnWhiteSite
29199,20,21
timeStep,numberOfRobotsOnBlackSite,numberOfRobotsOnWhiteSite
29200,20,21
timeStep,numberOfRobotsOnBlackSite,numberOfRobotsOnWhiteSite
29201,20,21
timeStep,numberOfRobotsOnBlackSite,numberOfRobotsOnWhiteSite
29202,20,21
timeStep,numberOfRobotsOnBlackSite,numberOfRobotsOnWhiteSite
29203,20,21
timeStep,numberOfRobotsOnBlackSite,numberOfRobotsOnWhiteSite
29204,20,21
timeStep,numberOfRobotsOnBlackSite,numberOfRobotsOnWhiteSite
29205,20,21
timeStep,numberOfRobotsOnBlackSite,numberOfRobotsOnWhiteSite
29206,20,21
timeStep,numberOfRobotsOnBlackSite,numberOfRobotsOnWhiteSite
29207,20,21
timeStep,numberOfRobotsOnBlackSite,numberOfRobotsOnWhiteSite
29208,20,21
timeStep,numberOfRobotsOnBlackSite,numberOfRobotsOnWhiteSite
29209,20,21
timeStep,numberOfRobotsOnBlackSite,numberOfRobotsOnWhiteSite
29210,20,21
timeStep,numberOfRobotsOnBlackSite,numberOfRobotsOnWhiteSite
29211,20,21
timeStep,numberOfRobotsOnBlackSite,numberOfRobotsOnWhiteSite
29212,20,21
timeStep,numberOfRobotsOnBlackSite,numberOfRobotsOnWhiteSite
29213,20,21
timeStep,numberOfRobotsOnBlackSite,numberOfRobotsOnWhiteSite
29214,20,21
timeStep,numberOfRobotsOnBlackSite,numberOfRobotsOnWhiteSite
29215,20,21
timeStep,numberOfRobotsOnBlackSite,numberOfRobotsOnWhiteSite
29216,20,21
timeStep,numberOfRobotsOnBlackSite,numberOfRobotsOnWhiteSite
29217,20,21
timeStep,numberOfRobotsOnBlackSite,numberOfRobotsOnWhiteSite
29218,20,21
timeStep,numberOfRobotsOnBlackSite,numberOfRobotsOnWhiteSite
29219,20,21
timeStep,numberOfRobotsOnBlackSite,numberOfRobotsOnWhiteSite
29220,20,21
timeStep,numberOfRobotsOnBlackSite,numberOfRobotsOnWhiteSite
29221,20,21
timeStep,numberOfRobotsOnBlackSite,numberOfRobotsOnWhiteSite
29222,20,21
timeStep,numberOfRobotsOnBlackSite,numberOfRobotsOnWhiteSite
29223,20,21
timeStep,numberOfRobotsOnBlackSite,numberOfRobotsOnWhiteSite
29224,20,21
timeStep,numberOfRobotsOnBlackSite,numberOfRobotsOnWhiteSite
29225,20,21
timeStep,numberOfRobotsOnBlackSite,numberOfRobotsOnWhiteSite
29226,20,21
timeStep,numberOfRobotsOnBlackSite,numberOfRobotsOnWhiteSite
29227,20,21
timeStep,numberOfRobotsOnBlackSite,numberOfRobotsOnWhiteSite
29228,20,21
timeStep,numberOfRobotsOnBlackSite,numberOfRobotsOnWhiteSite
29229,20,21
timeStep,numberOfRobotsOnBlackSite,numberOfRobotsOnWhiteSite
29230,20,21
timeStep,numberOfRobotsOnBlackSite,numberOfRobotsOnWhiteSite
29231,20,21
timeStep,numberOfRobotsOnBlackSite,numberOfRobotsOnWhiteSite
29232,20,21
timeStep,numberOfRobotsOnBlackSite,numberOfRobotsOnWhiteSite
29233,20,21
timeStep,numberOfRobotsOnBlackSite,numberOfRobotsOnWhiteSite
29234,20,21
timeStep,numberOfRobotsOnBlackSite,numberOfRobotsOnWhiteSite
29235,20,21
timeStep,numberOfRobotsOnBlackSite,numberOfRobotsOnWhiteSite
29236,20,21
timeStep,numberOfRobotsOnBlackSite,numberOfRobotsOnWhiteSite
29237,20,21
timeStep,numberOfRobotsOnBlackSite,numberOfRobotsOnWhiteSite
29238,20,21
timeStep,numberOfRobotsOnBlackSite,numberOfRobotsOnWhiteSite
29239,20,21
timeStep,numberOfRobotsOnBlackSite,numberOfRobotsOnWhiteSite
29240,20,21
timeStep,numberOfRobotsOnBlackSite,numberOfRobotsOnWhiteSite
29241,20,21
timeStep,numberOfRobotsOnBlackSite,numberOfRobotsOnWhiteSite
29242,20,21
timeStep,numberOfRobotsOnBlackSite,numberOfRobotsOnWhiteSite
29243,20,21
timeStep,numberOfRobotsOnBlackSite,numberOfRobotsOnWhiteSite
29244,20,21
timeStep,numberOfRobotsOnBlackSite,numberOfRobotsOnWhiteSite
29245,20,21
timeStep,numberOfRobotsOnBlackSite,numberOfRobotsOnWhiteSite
29246,20,21
timeStep,numberOfRobotsOnBlackSite,numberOfRobotsOnWhiteSite
29247,20,21
timeStep,numberOfRobotsOnBlackSite,numberOfRobotsOnWhiteSite
29248,20,21
timeStep,numberOfRobotsOnBlackSite,numberOfRobotsOnWhiteSite
29249,20,21
timeStep,numberOfRobotsOnBlackSite,numberOfRobotsOnWhiteSite
29250,20,21
timeStep,numberOfRobotsOnBlackSite,numberOfRobotsOnWhiteSite
29251,20,21
timeStep,numberOfRobotsOnBlackSite,numberOfRobotsOnWhiteSite
29252,20,21
timeStep,numberOfRobotsOnBlackSite,numberOfRobotsOnWhiteSite
29253,20,21
timeStep,numberOfRobotsOnBlackSite,numberOfRobotsOnWhiteSite
29254,20,21
timeStep,numberOfRobotsOnBlackSite,numberOfRobotsOnWhiteSite
29255,20,21
timeStep,numberOfRobotsOnBlackSite,numberOfRobotsOnWhiteSite
29256,20,21
timeStep,numberOfRobotsOnBlackSite,numberOfRobotsOnWhiteSite
29257,20,21
timeStep,numberOfRobotsOnBlackSite,numberOfRobotsOnWhiteSite
29258,20,21
timeStep,numberOfRobotsOnBlackSite,numberOfRobotsOnWhiteSite
29259,20,21
timeStep,numberOfRobotsOnBlackSite,numberOfRobotsOnWhiteSite
29260,20,21
timeStep,numberOfRobotsOnBlackSite,numberOfRobotsOnWhiteSite
29261,20,21
timeStep,numberOfRobotsOnBlackSite,numberOfRobotsOnWhiteSite
29262,20,21
timeStep,numberOfRobotsOnBlackSite,numberOfRobotsOnWhiteSite
29263,20,21
timeStep,numberOfRobotsOnBlackSite,numberOfRobotsOnWhiteSite
29264,20,21
timeStep,numberOfRobotsOnBlackSite,numberOfRobotsOnWhiteSite
29265,20,21
timeStep,numberOfRobotsOnBlackSite,numberOfRobotsOnWhiteSite
29266,20,21
timeStep,numberOfRobotsOnBlackSite,numberOfRobotsOnWhiteSite
29267,20,21
timeStep,numberOfRobotsOnBlackSite,numberOfRobotsOnWhiteSite
29268,20,21
timeStep,numberOfRobotsOnBlackSite,numberOfRobotsOnWhiteSite
29269,20,21
timeStep,numberOfRobotsOnBlackSite,numberOfRobotsOnWhiteSite
29270,20,21
timeStep,numberOfRobotsOnBlackSite,numberOfRobotsOnWhiteSite
29271,20,21
timeStep,numberOfRobotsOnBlackSite,numberOfRobotsOnWhiteSite
29272,20,21
timeStep,numberOfRobotsOnBlackSite,numberOfRobotsOnWhiteSite
29273,20,21
timeStep,numberOfRobotsOnBlackSite,numberOfRobotsOnWhiteSite
29274,20,21
timeStep,numberOfRobotsOnBlackSite,numberOfRobotsOnWhiteSite
29275,20,21
timeStep,numberOfRobotsOnBlackSite,numberOfRobotsOnWhiteSite
29276,20,21
timeStep,numberOfRobotsOnBlackSite,numberOfRobotsOnWhiteSite
29277,20,21
timeStep,numberOfRobotsOnBlackSite,numberOfRobotsOnWhiteSite
29278,20,21
timeStep,numberOfRobotsOnBlackSite,numberOfRobotsOnWhiteSite
29279,20,21
timeStep,numberOfRobotsOnBlackSite,numberOfRobotsOnWhiteSite
29280,20,21
timeStep,numberOfRobotsOnBlackSite,numberOfRobotsOnWhiteSite
29281,20,21
timeStep,numberOfRobotsOnBlackSite,numberOfRobotsOnWhiteSite
29282,20,21
timeStep,numberOfRobotsOnBlackSite,numberOfRobotsOnWhiteSite
29283,20,21
timeStep,numberOfRobotsOnBlackSite,numberOfRobotsOnWhiteSite
29284,20,21
timeStep,numberOfRobotsOnBlackSite,numberOfRobotsOnWhiteSite
29285,20,21
timeStep,numberOfRobotsOnBlackSite,numberOfRobotsOnWhiteSite
29286,20,21
timeStep,numberOfRobotsOnBlackSite,numberOfRobotsOnWhiteSite
29287,20,21
timeStep,numberOfRobotsOnBlackSite,numberOfRobotsOnWhiteSite
29288,20,21
timeStep,numberOfRobotsOnBlackSite,numberOfRobotsOnWhiteSite
29289,20,21
timeStep,numberOfRobotsOnBlackSite,numberOfRobotsOnWhiteSite
29290,20,20
timeStep,numberOfRobotsOnBlackSite,numberOfRobotsOnWhiteSite
29291,20,20
timeStep,numberOfRobotsOnBlackSite,numberOfRobotsOnWhiteSite
29292,20,20
timeStep,numberOfRobotsOnBlackSite,numberOfRobotsOnWhiteSite
29293,20,20
timeStep,numberOfRobotsOnBlackSite,numberOfRobotsOnWhiteSite
29294,20,20
timeStep,numberOfRobotsOnBlackSite,numberOfRobotsOnWhiteSite
29295,20,20
timeStep,numberOfRobotsOnBlackSite,numberOfRobotsOnWhiteSite
29296,20,20
timeStep,numberOfRobotsOnBlackSite,numberOfRobotsOnWhiteSite
29297,20,20
timeStep,numberOfRobotsOnBlackSite,numberOfRobotsOnWhiteSite
29298,20,20
timeStep,numberOfRobotsOnBlackSite,numberOfRobotsOnWhiteSite
29299,20,20
timeStep,numberOfRobotsOnBlackSite,numberOfRobotsOnWhiteSite
29300,20,20
timeStep,numberOfRobotsOnBlackSite,numberOfRobotsOnWhiteSite
29301,20,20
timeStep,numberOfRobotsOnBlackSite,numberOfRobotsOnWhiteSite
29302,20,20
timeStep,numberOfRobotsOnBlackSite,numberOfRobotsOnWhiteSite
29303,20,20
timeStep,numberOfRobotsOnBlackSite,numberOfRobotsOnWhiteSite
29304,20,20
timeStep,numberOfRobotsOnBlackSite,numberOfRobotsOnWhiteSite
29305,20,20
timeStep,numberOfRobotsOnBlackSite,numberOfRobotsOnWhiteSite
29306,20,20
timeStep,numberOfRobotsOnBlackSite,numberOfRobotsOnWhiteSite
29307,20,20
timeStep,numberOfRobotsOnBlackSite,numberOfRobotsOnWhiteSite
29308,20,20
timeStep,numberOfRobotsOnBlackSite,numberOfRobotsOnWhiteSite
29309,20,20
timeStep,numberOfRobotsOnBlackSite,numberOfRobotsOnWhiteSite
29310,20,20
timeStep,numberOfRobotsOnBlackSite,numberOfRobotsOnWhiteSite
29311,20,20
timeStep,numberOfRobotsOnBlackSite,numberOfRobotsOnWhiteSite
29312,20,20
timeStep,numberOfRobotsOnBlackSite,numberOfRobotsOnWhiteSite
29313,20,20
timeStep,numberOfRobotsOnBlackSite,numberOfRobotsOnWhiteSite
29314,20,20
timeStep,numberOfRobotsOnBlackSite,numberOfRobotsOnWhiteSite
29315,20,20
timeStep,numberOfRobotsOnBlackSite,numberOfRobotsOnWhiteSite
29316,20,20
timeStep,numberOfRobotsOnBlackSite,numberOfRobotsOnWhiteSite
29317,20,20
timeStep,numberOfRobotsOnBlackSite,numberOfRobotsOnWhiteSite
29318,20,20
timeStep,numberOfRobotsOnBlackSite,numberOfRobotsOnWhiteSite
29319,20,20
timeStep,numberOfRobotsOnBlackSite,numberOfRobotsOnWhiteSite
29320,20,20
timeStep,numberOfRobotsOnBlackSite,numberOfRobotsOnWhiteSite
29321,20,20
timeStep,numberOfRobotsOnBlackSite,numberOfRobotsOnWhiteSite
29322,20,20
timeStep,numberOfRobotsOnBlackSite,numberOfRobotsOnWhiteSite
29323,20,20
timeStep,numberOfRobotsOnBlackSite,numberOfRobotsOnWhiteSite
29324,20,20
timeStep,numberOfRobotsOnBlackSite,numberOfRobotsOnWhiteSite
29325,20,20
timeStep,numberOfRobotsOnBlackSite,numberOfRobotsOnWhiteSite
29326,20,20
timeStep,numberOfRobotsOnBlackSite,numberOfRobotsOnWhiteSite
29327,20,20
timeStep,numberOfRobotsOnBlackSite,numberOfRobotsOnWhiteSite
29328,20,20
timeStep,numberOfRobotsOnBlackSite,numberOfRobotsOnWhiteSite
29329,20,20
timeStep,numberOfRobotsOnBlackSite,numberOfRobotsOnWhiteSite
29330,20,20
timeStep,numberOfRobotsOnBlackSite,numberOfRobotsOnWhiteSite
29331,20,20
timeStep,numberOfRobotsOnBlackSite,numberOfRobotsOnWhiteSite
29332,20,20
timeStep,numberOfRobotsOnBlackSite,numberOfRobotsOnWhiteSite
29333,20,20
timeStep,numberOfRobotsOnBlackSite,numberOfRobotsOnWhiteSite
29334,20,20
timeStep,numberOfRobotsOnBlackSite,numberOfRobotsOnWhiteSite
29335,20,20
timeStep,numberOfRobotsOnBlackSite,numberOfRobotsOnWhiteSite
29336,20,20
timeStep,numberOfRobotsOnBlackSite,numberOfRobotsOnWhiteSite
29337,20,20
timeStep,numberOfRobotsOnBlackSite,numberOfRobotsOnWhiteSite
29338,20,20
timeStep,numberOfRobotsOnBlackSite,numberOfRobotsOnWhiteSite
29339,20,20
timeStep,numberOfRobotsOnBlackSite,numberOfRobotsOnWhiteSite
29340,20,20
timeStep,numberOfRobotsOnBlackSite,numberOfRobotsOnWhiteSite
29341,20,20
timeStep,numberOfRobotsOnBlackSite,numberOfRobotsOnWhiteSite
29342,20,20
timeStep,numberOfRobotsOnBlackSite,numberOfRobotsOnWhiteSite
29343,20,20
timeStep,numberOfRobotsOnBlackSite,numberOfRobotsOnWhiteSite
29344,20,20
timeStep,numberOfRobotsOnBlackSite,numberOfRobotsOnWhiteSite
29345,20,20
timeStep,numberOfRobotsOnBlackSite,numberOfRobotsOnWhiteSite
29346,20,20
timeStep,numberOfRobotsOnBlackSite,numberOfRobotsOnWhiteSite
29347,20,20
timeStep,numberOfRobotsOnBlackSite,numberOfRobotsOnWhiteSite
29348,20,20
timeStep,numberOfRobotsOnBlackSite,numberOfRobotsOnWhiteSite
29349,20,20
timeStep,numberOfRobotsOnBlackSite,numberOfRobotsOnWhiteSite
29350,20,20
timeStep,numberOfRobotsOnBlackSite,numberOfRobotsOnWhiteSite
29351,20,20
timeStep,numberOfRobotsOnBlackSite,numberOfRobotsOnWhiteSite
29352,20,20
timeStep,numberOfRobotsOnBlackSite,numberOfRobotsOnWhiteSite
29353,20,20
timeStep,numberOfRobotsOnBlackSite,numberOfRobotsOnWhiteSite
29354,20,20
timeStep,numberOfRobotsOnBlackSite,numberOfRobotsOnWhiteSite
29355,20,20
timeStep,numberOfRobotsOnBlackSite,numberOfRobotsOnWhiteSite
29356,20,20
timeStep,numberOfRobotsOnBlackSite,numberOfRobotsOnWhiteSite
29357,20,20
timeStep,numberOfRobotsOnBlackSite,numberOfRobotsOnWhiteSite
29358,20,20
timeStep,numberOfRobotsOnBlackSite,numberOfRobotsOnWhiteSite
29359,20,20
timeStep,numberOfRobotsOnBlackSite,numberOfRobotsOnWhiteSite
29360,20,21
timeStep,numberOfRobotsOnBlackSite,numberOfRobotsOnWhiteSite
29361,20,21
timeStep,numberOfRobotsOnBlackSite,numberOfRobotsOnWhiteSite
29362,20,21
timeStep,numberOfRobotsOnBlackSite,numberOfRobotsOnWhiteSite
29363,20,21
timeStep,numberOfRobotsOnBlackSite,numberOfRobotsOnWhiteSite
29364,20,21
timeStep,numberOfRobotsOnBlackSite,numberOfRobotsOnWhiteSite
29365,20,21
timeStep,numberOfRobotsOnBlackSite,numberOfRobotsOnWhiteSite
29366,20,21
timeStep,numberOfRobotsOnBlackSite,numberOfRobotsOnWhiteSite
29367,20,21
timeStep,numberOfRobotsOnBlackSite,numberOfRobotsOnWhiteSite
29368,20,21
timeStep,numberOfRobotsOnBlackSite,numberOfRobotsOnWhiteSite
29369,20,21
timeStep,numberOfRobotsOnBlackSite,numberOfRobotsOnWhiteSite
29370,20,21
timeStep,numberOfRobotsOnBlackSite,numberOfRobotsOnWhiteSite
29371,20,21
timeStep,numberOfRobotsOnBlackSite,numberOfRobotsOnWhiteSite
29372,20,21
timeStep,numberOfRobotsOnBlackSite,numberOfRobotsOnWhiteSite
29373,20,21
timeStep,numberOfRobotsOnBlackSite,numberOfRobotsOnWhiteSite
29374,20,21
timeStep,numberOfRobotsOnBlackSite,numberOfRobotsOnWhiteSite
29375,20,20
timeStep,numberOfRobotsOnBlackSite,numberOfRobotsOnWhiteSite
29376,20,20
timeStep,numberOfRobotsOnBlackSite,numberOfRobotsOnWhiteSite
29377,20,20
timeStep,numberOfRobotsOnBlackSite,numberOfRobotsOnWhiteSite
29378,20,20
timeStep,numberOfRobotsOnBlackSite,numberOfRobotsOnWhiteSite
29379,20,20
timeStep,numberOfRobotsOnBlackSite,numberOfRobotsOnWhiteSite
29380,20,20
timeStep,numberOfRobotsOnBlackSite,numberOfRobotsOnWhiteSite
29381,20,20
timeStep,numberOfRobotsOnBlackSite,numberOfRobotsOnWhiteSite
29382,20,20
timeStep,numberOfRobotsOnBlackSite,numberOfRobotsOnWhiteSite
29383,20,20
timeStep,numberOfRobotsOnBlackSite,numberOfRobotsOnWhiteSite
29384,20,20
timeStep,numberOfRobotsOnBlackSite,numberOfRobotsOnWhiteSite
29385,20,20
timeStep,numberOfRobotsOnBlackSite,numberOfRobotsOnWhiteSite
29386,20,20
timeStep,numberOfRobotsOnBlackSite,numberOfRobotsOnWhiteSite
29387,20,20
timeStep,numberOfRobotsOnBlackSite,numberOfRobotsOnWhiteSite
29388,20,20
timeStep,numberOfRobotsOnBlackSite,numberOfRobotsOnWhiteSite
29389,20,20
timeStep,numberOfRobotsOnBlackSite,numberOfRobotsOnWhiteSite
29390,20,20
timeStep,numberOfRobotsOnBlackSite,numberOfRobotsOnWhiteSite
29391,20,20
timeStep,numberOfRobotsOnBlackSite,numberOfRobotsOnWhiteSite
29392,20,20
timeStep,numberOfRobotsOnBlackSite,numberOfRobotsOnWhiteSite
29393,20,20
timeStep,numberOfRobotsOnBlackSite,numberOfRobotsOnWhiteSite
29394,20,20
timeStep,numberOfRobotsOnBlackSite,numberOfRobotsOnWhiteSite
29395,20,20
timeStep,numberOfRobotsOnBlackSite,numberOfRobotsOnWhiteSite
29396,20,20
timeStep,numberOfRobotsOnBlackSite,numberOfRobotsOnWhiteSite
29397,20,20
timeStep,numberOfRobotsOnBlackSite,numberOfRobotsOnWhiteSite
29398,20,20
timeStep,numberOfRobotsOnBlackSite,numberOfRobotsOnWhiteSite
29399,20,20
timeStep,numberOfRobotsOnBlackSite,numberOfRobotsOnWhiteSite
29400,20,20
timeStep,numberOfRobotsOnBlackSite,numberOfRobotsOnWhiteSite
29401,20,20
timeStep,numberOfRobotsOnBlackSite,numberOfRobotsOnWhiteSite
29402,20,20
timeStep,numberOfRobotsOnBlackSite,numberOfRobotsOnWhiteSite
29403,20,20
timeStep,numberOfRobotsOnBlackSite,numberOfRobotsOnWhiteSite
29404,20,20
timeStep,numberOfRobotsOnBlackSite,numberOfRobotsOnWhiteSite
29405,20,20
timeStep,numberOfRobotsOnBlackSite,numberOfRobotsOnWhiteSite
29406,20,20
timeStep,numberOfRobotsOnBlackSite,numberOfRobotsOnWhiteSite
29407,20,20
timeStep,numberOfRobotsOnBlackSite,numberOfRobotsOnWhiteSite
29408,20,20
timeStep,numberOfRobotsOnBlackSite,numberOfRobotsOnWhiteSite
29409,20,20
timeStep,numberOfRobotsOnBlackSite,numberOfRobotsOnWhiteSite
29410,20,20
timeStep,numberOfRobotsOnBlackSite,numberOfRobotsOnWhiteSite
29411,20,20
timeStep,numberOfRobotsOnBlackSite,numberOfRobotsOnWhiteSite
29412,20,20
timeStep,numberOfRobotsOnBlackSite,numberOfRobotsOnWhiteSite
29413,20,20
timeStep,numberOfRobotsOnBlackSite,numberOfRobotsOnWhiteSite
29414,20,20
timeStep,numberOfRobotsOnBlackSite,numberOfRobotsOnWhiteSite
29415,20,21
timeStep,numberOfRobotsOnBlackSite,numberOfRobotsOnWhiteSite
29416,20,21
timeStep,numberOfRobotsOnBlackSite,numberOfRobotsOnWhiteSite
29417,20,21
timeStep,numberOfRobotsOnBlackSite,numberOfRobotsOnWhiteSite
29418,20,21
timeStep,numberOfRobotsOnBlackSite,numberOfRobotsOnWhiteSite
29419,20,21
timeStep,numberOfRobotsOnBlackSite,numberOfRobotsOnWhiteSite
29420,20,21
timeStep,numberOfRobotsOnBlackSite,numberOfRobotsOnWhiteSite
29421,20,21
timeStep,numberOfRobotsOnBlackSite,numberOfRobotsOnWhiteSite
29422,20,21
timeStep,numberOfRobotsOnBlackSite,numberOfRobotsOnWhiteSite
29423,20,21
timeStep,numberOfRobotsOnBlackSite,numberOfRobotsOnWhiteSite
29424,20,21
timeStep,numberOfRobotsOnBlackSite,numberOfRobotsOnWhiteSite
29425,20,21
timeStep,numberOfRobotsOnBlackSite,numberOfRobotsOnWhiteSite
29426,20,21
timeStep,numberOfRobotsOnBlackSite,numberOfRobotsOnWhiteSite
29427,20,21
timeStep,numberOfRobotsOnBlackSite,numberOfRobotsOnWhiteSite
29428,20,21
timeStep,numberOfRobotsOnBlackSite,numberOfRobotsOnWhiteSite
29429,20,21
timeStep,numberOfRobotsOnBlackSite,numberOfRobotsOnWhiteSite
29430,20,21
timeStep,numberOfRobotsOnBlackSite,numberOfRobotsOnWhiteSite
29431,20,21
timeStep,numberOfRobotsOnBlackSite,numberOfRobotsOnWhiteSite
29432,20,21
timeStep,numberOfRobotsOnBlackSite,numberOfRobotsOnWhiteSite
29433,20,21
timeStep,numberOfRobotsOnBlackSite,numberOfRobotsOnWhiteSite
29434,20,21
timeStep,numberOfRobotsOnBlackSite,numberOfRobotsOnWhiteSite
29435,20,21
timeStep,numberOfRobotsOnBlackSite,numberOfRobotsOnWhiteSite
29436,20,21
timeStep,numberOfRobotsOnBlackSite,numberOfRobotsOnWhiteSite
29437,20,21
timeStep,numberOfRobotsOnBlackSite,numberOfRobotsOnWhiteSite
29438,20,21
timeStep,numberOfRobotsOnBlackSite,numberOfRobotsOnWhiteSite
29439,20,21
timeStep,numberOfRobotsOnBlackSite,numberOfRobotsOnWhiteSite
29440,20,21
timeStep,numberOfRobotsOnBlackSite,numberOfRobotsOnWhiteSite
29441,20,21
timeStep,numberOfRobotsOnBlackSite,numberOfRobotsOnWhiteSite
29442,20,21
timeStep,numberOfRobotsOnBlackSite,numberOfRobotsOnWhiteSite
29443,20,21
timeStep,numberOfRobotsOnBlackSite,numberOfRobotsOnWhiteSite
29444,20,21
timeStep,numberOfRobotsOnBlackSite,numberOfRobotsOnWhiteSite
29445,20,20
timeStep,numberOfRobotsOnBlackSite,numberOfRobotsOnWhiteSite
29446,20,20
timeStep,numberOfRobotsOnBlackSite,numberOfRobotsOnWhiteSite
29447,20,20
timeStep,numberOfRobotsOnBlackSite,numberOfRobotsOnWhiteSite
29448,20,20
timeStep,numberOfRobotsOnBlackSite,numberOfRobotsOnWhiteSite
29449,20,20
timeStep,numberOfRobotsOnBlackSite,numberOfRobotsOnWhiteSite
29450,20,20
timeStep,numberOfRobotsOnBlackSite,numberOfRobotsOnWhiteSite
29451,20,20
timeStep,numberOfRobotsOnBlackSite,numberOfRobotsOnWhiteSite
29452,20,20
timeStep,numberOfRobotsOnBlackSite,numberOfRobotsOnWhiteSite
29453,20,20
timeStep,numberOfRobotsOnBlackSite,numberOfRobotsOnWhiteSite
29454,20,20
timeStep,numberOfRobotsOnBlackSite,numberOfRobotsOnWhiteSite
29455,20,20
timeStep,numberOfRobotsOnBlackSite,numberOfRobotsOnWhiteSite
29456,20,20
timeStep,numberOfRobotsOnBlackSite,numberOfRobotsOnWhiteSite
29457,20,20
timeStep,numberOfRobotsOnBlackSite,numberOfRobotsOnWhiteSite
29458,20,20
timeStep,numberOfRobotsOnBlackSite,numberOfRobotsOnWhiteSite
29459,20,20
timeStep,numberOfRobotsOnBlackSite,numberOfRobotsOnWhiteSite
29460,20,19
timeStep,numberOfRobotsOnBlackSite,numberOfRobotsOnWhiteSite
29461,20,19
timeStep,numberOfRobotsOnBlackSite,numberOfRobotsOnWhiteSite
29462,20,19
timeStep,numberOfRobotsOnBlackSite,numberOfRobotsOnWhiteSite
29463,20,19
timeStep,numberOfRobotsOnBlackSite,numberOfRobotsOnWhiteSite
29464,20,19
timeStep,numberOfRobotsOnBlackSite,numberOfRobotsOnWhiteSite
29465,20,19
timeStep,numberOfRobotsOnBlackSite,numberOfRobotsOnWhiteSite
29466,20,19
timeStep,numberOfRobotsOnBlackSite,numberOfRobotsOnWhiteSite
29467,20,19
timeStep,numberOfRobotsOnBlackSite,numberOfRobotsOnWhiteSite
29468,20,19
timeStep,numberOfRobotsOnBlackSite,numberOfRobotsOnWhiteSite
29469,20,19
timeStep,numberOfRobotsOnBlackSite,numberOfRobotsOnWhiteSite
29470,20,19
timeStep,numberOfRobotsOnBlackSite,numberOfRobotsOnWhiteSite
29471,20,19
timeStep,numberOfRobotsOnBlackSite,numberOfRobotsOnWhiteSite
29472,20,19
timeStep,numberOfRobotsOnBlackSite,numberOfRobotsOnWhiteSite
29473,20,19
timeStep,numberOfRobotsOnBlackSite,numberOfRobotsOnWhiteSite
29474,20,19
timeStep,numberOfRobotsOnBlackSite,numberOfRobotsOnWhiteSite
29475,20,19
timeStep,numberOfRobotsOnBlackSite,numberOfRobotsOnWhiteSite
29476,20,19
timeStep,numberOfRobotsOnBlackSite,numberOfRobotsOnWhiteSite
29477,20,19
timeStep,numberOfRobotsOnBlackSite,numberOfRobotsOnWhiteSite
29478,20,19
timeStep,numberOfRobotsOnBlackSite,numberOfRobotsOnWhiteSite
29479,20,19
timeStep,numberOfRobotsOnBlackSite,numberOfRobotsOnWhiteSite
29480,20,19
timeStep,numberOfRobotsOnBlackSite,numberOfRobotsOnWhiteSite
29481,20,19
timeStep,numberOfRobotsOnBlackSite,numberOfRobotsOnWhiteSite
29482,20,19
timeStep,numberOfRobotsOnBlackSite,numberOfRobotsOnWhiteSite
29483,20,19
timeStep,numberOfRobotsOnBlackSite,numberOfRobotsOnWhiteSite
29484,20,19
timeStep,numberOfRobotsOnBlackSite,numberOfRobotsOnWhiteSite
29485,21,19
timeStep,numberOfRobotsOnBlackSite,numberOfRobotsOnWhiteSite
29486,21,19
timeStep,numberOfRobotsOnBlackSite,numberOfRobotsOnWhiteSite
29487,21,19
timeStep,numberOfRobotsOnBlackSite,numberOfRobotsOnWhiteSite
29488,21,19
timeStep,numberOfRobotsOnBlackSite,numberOfRobotsOnWhiteSite
29489,21,19
timeStep,numberOfRobotsOnBlackSite,numberOfRobotsOnWhiteSite
29490,21,19
timeStep,numberOfRobotsOnBlackSite,numberOfRobotsOnWhiteSite
29491,21,19
timeStep,numberOfRobotsOnBlackSite,numberOfRobotsOnWhiteSite
29492,21,19
timeStep,numberOfRobotsOnBlackSite,numberOfRobotsOnWhiteSite
29493,21,19
timeStep,numberOfRobotsOnBlackSite,numberOfRobotsOnWhiteSite
29494,21,19
timeStep,numberOfRobotsOnBlackSite,numberOfRobotsOnWhiteSite
29495,20,19
timeStep,numberOfRobotsOnBlackSite,numberOfRobotsOnWhiteSite
29496,20,19
timeStep,numberOfRobotsOnBlackSite,numberOfRobotsOnWhiteSite
29497,20,19
timeStep,numberOfRobotsOnBlackSite,numberOfRobotsOnWhiteSite
29498,20,19
timeStep,numberOfRobotsOnBlackSite,numberOfRobotsOnWhiteSite
29499,20,19
timeStep,numberOfRobotsOnBlackSite,numberOfRobotsOnWhiteSite
29500,20,19
timeStep,numberOfRobotsOnBlackSite,numberOfRobotsOnWhiteSite
29501,20,19
timeStep,numberOfRobotsOnBlackSite,numberOfRobotsOnWhiteSite
29502,20,19
timeStep,numberOfRobotsOnBlackSite,numberOfRobotsOnWhiteSite
29503,20,19
timeStep,numberOfRobotsOnBlackSite,numberOfRobotsOnWhiteSite
29504,20,19
timeStep,numberOfRobotsOnBlackSite,numberOfRobotsOnWhiteSite
29505,20,19
timeStep,numberOfRobotsOnBlackSite,numberOfRobotsOnWhiteSite
29506,20,19
timeStep,numberOfRobotsOnBlackSite,numberOfRobotsOnWhiteSite
29507,20,19
timeStep,numberOfRobotsOnBlackSite,numberOfRobotsOnWhiteSite
29508,20,19
timeStep,numberOfRobotsOnBlackSite,numberOfRobotsOnWhiteSite
29509,20,19
timeStep,numberOfRobotsOnBlackSite,numberOfRobotsOnWhiteSite
29510,20,19
timeStep,numberOfRobotsOnBlackSite,numberOfRobotsOnWhiteSite
29511,20,19
timeStep,numberOfRobotsOnBlackSite,numberOfRobotsOnWhiteSite
29512,20,19
timeStep,numberOfRobotsOnBlackSite,numberOfRobotsOnWhiteSite
29513,20,19
timeStep,numberOfRobotsOnBlackSite,numberOfRobotsOnWhiteSite
29514,20,19
timeStep,numberOfRobotsOnBlackSite,numberOfRobotsOnWhiteSite
29515,20,20
timeStep,numberOfRobotsOnBlackSite,numberOfRobotsOnWhiteSite
29516,20,20
timeStep,numberOfRobotsOnBlackSite,numberOfRobotsOnWhiteSite
29517,20,20
timeStep,numberOfRobotsOnBlackSite,numberOfRobotsOnWhiteSite
29518,20,20
timeStep,numberOfRobotsOnBlackSite,numberOfRobotsOnWhiteSite
29519,20,20
timeStep,numberOfRobotsOnBlackSite,numberOfRobotsOnWhiteSite
29520,20,20
timeStep,numberOfRobotsOnBlackSite,numberOfRobotsOnWhiteSite
29521,20,20
timeStep,numberOfRobotsOnBlackSite,numberOfRobotsOnWhiteSite
29522,20,20
timeStep,numberOfRobotsOnBlackSite,numberOfRobotsOnWhiteSite
29523,20,20
timeStep,numberOfRobotsOnBlackSite,numberOfRobotsOnWhiteSite
29524,20,20
timeStep,numberOfRobotsOnBlackSite,numberOfRobotsOnWhiteSite
29525,20,20
timeStep,numberOfRobotsOnBlackSite,numberOfRobotsOnWhiteSite
29526,20,20
timeStep,numberOfRobotsOnBlackSite,numberOfRobotsOnWhiteSite
29527,20,20
timeStep,numberOfRobotsOnBlackSite,numberOfRobotsOnWhiteSite
29528,20,20
timeStep,numberOfRobotsOnBlackSite,numberOfRobotsOnWhiteSite
29529,20,20
timeStep,numberOfRobotsOnBlackSite,numberOfRobotsOnWhiteSite
29530,20,20
timeStep,numberOfRobotsOnBlackSite,numberOfRobotsOnWhiteSite
29531,20,20
timeStep,numberOfRobotsOnBlackSite,numberOfRobotsOnWhiteSite
29532,20,20
timeStep,numberOfRobotsOnBlackSite,numberOfRobotsOnWhiteSite
29533,20,20
timeStep,numberOfRobotsOnBlackSite,numberOfRobotsOnWhiteSite
29534,20,20
timeStep,numberOfRobotsOnBlackSite,numberOfRobotsOnWhiteSite
29535,20,19
timeStep,numberOfRobotsOnBlackSite,numberOfRobotsOnWhiteSite
29536,20,19
timeStep,numberOfRobotsOnBlackSite,numberOfRobotsOnWhiteSite
29537,20,19
timeStep,numberOfRobotsOnBlackSite,numberOfRobotsOnWhiteSite
29538,20,19
timeStep,numberOfRobotsOnBlackSite,numberOfRobotsOnWhiteSite
29539,20,19
timeStep,numberOfRobotsOnBlackSite,numberOfRobotsOnWhiteSite
29540,20,19
timeStep,numberOfRobotsOnBlackSite,numberOfRobotsOnWhiteSite
29541,20,19
timeStep,numberOfRobotsOnBlackSite,numberOfRobotsOnWhiteSite
29542,20,19
timeStep,numberOfRobotsOnBlackSite,numberOfRobotsOnWhiteSite
29543,20,19
timeStep,numberOfRobotsOnBlackSite,numberOfRobotsOnWhiteSite
29544,20,19
timeStep,numberOfRobotsOnBlackSite,numberOfRobotsOnWhiteSite
29545,20,19
timeStep,numberOfRobotsOnBlackSite,numberOfRobotsOnWhiteSite
29546,20,19
timeStep,numberOfRobotsOnBlackSite,numberOfRobotsOnWhiteSite
29547,20,19
timeStep,numberOfRobotsOnBlackSite,numberOfRobotsOnWhiteSite
29548,20,19
timeStep,numberOfRobotsOnBlackSite,numberOfRobotsOnWhiteSite
29549,20,19
timeStep,numberOfRobotsOnBlackSite,numberOfRobotsOnWhiteSite
29550,20,19
timeStep,numberOfRobotsOnBlackSite,numberOfRobotsOnWhiteSite
29551,20,19
timeStep,numberOfRobotsOnBlackSite,numberOfRobotsOnWhiteSite
29552,20,19
timeStep,numberOfRobotsOnBlackSite,numberOfRobotsOnWhiteSite
29553,20,19
timeStep,numberOfRobotsOnBlackSite,numberOfRobotsOnWhiteSite
29554,20,19
timeStep,numberOfRobotsOnBlackSite,numberOfRobotsOnWhiteSite
29555,20,19
timeStep,numberOfRobotsOnBlackSite,numberOfRobotsOnWhiteSite
29556,20,19
timeStep,numberOfRobotsOnBlackSite,numberOfRobotsOnWhiteSite
29557,20,19
timeStep,numberOfRobotsOnBlackSite,numberOfRobotsOnWhiteSite
29558,20,19
timeStep,numberOfRobotsOnBlackSite,numberOfRobotsOnWhiteSite
29559,20,19
timeStep,numberOfRobotsOnBlackSite,numberOfRobotsOnWhiteSite
29560,20,19
timeStep,numberOfRobotsOnBlackSite,numberOfRobotsOnWhiteSite
29561,20,19
timeStep,numberOfRobotsOnBlackSite,numberOfRobotsOnWhiteSite
29562,20,19
timeStep,numberOfRobotsOnBlackSite,numberOfRobotsOnWhiteSite
29563,20,19
timeStep,numberOfRobotsOnBlackSite,numberOfRobotsOnWhiteSite
29564,20,19
timeStep,numberOfRobotsOnBlackSite,numberOfRobotsOnWhiteSite
29565,20,19
timeStep,numberOfRobotsOnBlackSite,numberOfRobotsOnWhiteSite
29566,20,19
timeStep,numberOfRobotsOnBlackSite,numberOfRobotsOnWhiteSite
29567,20,19
timeStep,numberOfRobotsOnBlackSite,numberOfRobotsOnWhiteSite
29568,20,19
timeStep,numberOfRobotsOnBlackSite,numberOfRobotsOnWhiteSite
29569,20,19
timeStep,numberOfRobotsOnBlackSite,numberOfRobotsOnWhiteSite
29570,20,19
timeStep,numberOfRobotsOnBlackSite,numberOfRobotsOnWhiteSite
29571,20,19
timeStep,numberOfRobotsOnBlackSite,numberOfRobotsOnWhiteSite
29572,20,19
timeStep,numberOfRobotsOnBlackSite,numberOfRobotsOnWhiteSite
29573,20,19
timeStep,numberOfRobotsOnBlackSite,numberOfRobotsOnWhiteSite
29574,20,19
timeStep,numberOfRobotsOnBlackSite,numberOfRobotsOnWhiteSite
29575,20,19
timeStep,numberOfRobotsOnBlackSite,numberOfRobotsOnWhiteSite
29576,20,19
timeStep,numberOfRobotsOnBlackSite,numberOfRobotsOnWhiteSite
29577,20,19
timeStep,numberOfRobotsOnBlackSite,numberOfRobotsOnWhiteSite
29578,20,19
timeStep,numberOfRobotsOnBlackSite,numberOfRobotsOnWhiteSite
29579,20,19
timeStep,numberOfRobotsOnBlackSite,numberOfRobotsOnWhiteSite
29580,20,19
timeStep,numberOfRobotsOnBlackSite,numberOfRobotsOnWhiteSite
29581,20,19
timeStep,numberOfRobotsOnBlackSite,numberOfRobotsOnWhiteSite
29582,20,19
timeStep,numberOfRobotsOnBlackSite,numberOfRobotsOnWhiteSite
29583,20,19
timeStep,numberOfRobotsOnBlackSite,numberOfRobotsOnWhiteSite
29584,20,19
timeStep,numberOfRobotsOnBlackSite,numberOfRobotsOnWhiteSite
29585,20,19
timeStep,numberOfRobotsOnBlackSite,numberOfRobotsOnWhiteSite
29586,20,19
timeStep,numberOfRobotsOnBlackSite,numberOfRobotsOnWhiteSite
29587,20,19
timeStep,numberOfRobotsOnBlackSite,numberOfRobotsOnWhiteSite
29588,20,19
timeStep,numberOfRobotsOnBlackSite,numberOfRobotsOnWhiteSite
29589,20,19
timeStep,numberOfRobotsOnBlackSite,numberOfRobotsOnWhiteSite
29590,20,19
timeStep,numberOfRobotsOnBlackSite,numberOfRobotsOnWhiteSite
29591,20,19
timeStep,numberOfRobotsOnBlackSite,numberOfRobotsOnWhiteSite
29592,20,19
timeStep,numberOfRobotsOnBlackSite,numberOfRobotsOnWhiteSite
29593,20,19
timeStep,numberOfRobotsOnBlackSite,numberOfRobotsOnWhiteSite
29594,20,19
timeStep,numberOfRobotsOnBlackSite,numberOfRobotsOnWhiteSite
29595,20,19
timeStep,numberOfRobotsOnBlackSite,numberOfRobotsOnWhiteSite
29596,20,19
timeStep,numberOfRobotsOnBlackSite,numberOfRobotsOnWhiteSite
29597,20,19
timeStep,numberOfRobotsOnBlackSite,numberOfRobotsOnWhiteSite
29598,20,19
timeStep,numberOfRobotsOnBlackSite,numberOfRobotsOnWhiteSite
29599,20,19
timeStep,numberOfRobotsOnBlackSite,numberOfRobotsOnWhiteSite
29600,20,19
timeStep,numberOfRobotsOnBlackSite,numberOfRobotsOnWhiteSite
29601,20,19
timeStep,numberOfRobotsOnBlackSite,numberOfRobotsOnWhiteSite
29602,20,19
timeStep,numberOfRobotsOnBlackSite,numberOfRobotsOnWhiteSite
29603,20,19
timeStep,numberOfRobotsOnBlackSite,numberOfRobotsOnWhiteSite
29604,20,19
timeStep,numberOfRobotsOnBlackSite,numberOfRobotsOnWhiteSite
29605,20,19
timeStep,numberOfRobotsOnBlackSite,numberOfRobotsOnWhiteSite
29606,20,19
timeStep,numberOfRobotsOnBlackSite,numberOfRobotsOnWhiteSite
29607,20,19
timeStep,numberOfRobotsOnBlackSite,numberOfRobotsOnWhiteSite
29608,20,19
timeStep,numberOfRobotsOnBlackSite,numberOfRobotsOnWhiteSite
29609,20,19
timeStep,numberOfRobotsOnBlackSite,numberOfRobotsOnWhiteSite
29610,20,19
timeStep,numberOfRobotsOnBlackSite,numberOfRobotsOnWhiteSite
29611,20,19
timeStep,numberOfRobotsOnBlackSite,numberOfRobotsOnWhiteSite
29612,20,19
timeStep,numberOfRobotsOnBlackSite,numberOfRobotsOnWhiteSite
29613,20,19
timeStep,numberOfRobotsOnBlackSite,numberOfRobotsOnWhiteSite
29614,20,19
timeStep,numberOfRobotsOnBlackSite,numberOfRobotsOnWhiteSite
29615,20,19
timeStep,numberOfRobotsOnBlackSite,numberOfRobotsOnWhiteSite
29616,20,19
timeStep,numberOfRobotsOnBlackSite,numberOfRobotsOnWhiteSite
29617,20,19
timeStep,numberOfRobotsOnBlackSite,numberOfRobotsOnWhiteSite
29618,20,19
timeStep,numberOfRobotsOnBlackSite,numberOfRobotsOnWhiteSite
29619,20,19
timeStep,numberOfRobotsOnBlackSite,numberOfRobotsOnWhiteSite
29620,20,19
timeStep,numberOfRobotsOnBlackSite,numberOfRobotsOnWhiteSite
29621,20,19
timeStep,numberOfRobotsOnBlackSite,numberOfRobotsOnWhiteSite
29622,20,19
timeStep,numberOfRobotsOnBlackSite,numberOfRobotsOnWhiteSite
29623,20,19
timeStep,numberOfRobotsOnBlackSite,numberOfRobotsOnWhiteSite
29624,20,19
timeStep,numberOfRobotsOnBlackSite,numberOfRobotsOnWhiteSite
29625,20,19
timeStep,numberOfRobotsOnBlackSite,numberOfRobotsOnWhiteSite
29626,20,19
timeStep,numberOfRobotsOnBlackSite,numberOfRobotsOnWhiteSite
29627,20,19
timeStep,numberOfRobotsOnBlackSite,numberOfRobotsOnWhiteSite
29628,20,19
timeStep,numberOfRobotsOnBlackSite,numberOfRobotsOnWhiteSite
29629,20,19
timeStep,numberOfRobotsOnBlackSite,numberOfRobotsOnWhiteSite
29630,20,19
timeStep,numberOfRobotsOnBlackSite,numberOfRobotsOnWhiteSite
29631,20,19
timeStep,numberOfRobotsOnBlackSite,numberOfRobotsOnWhiteSite
29632,20,19
timeStep,numberOfRobotsOnBlackSite,numberOfRobotsOnWhiteSite
29633,20,19
timeStep,numberOfRobotsOnBlackSite,numberOfRobotsOnWhiteSite
29634,20,19
timeStep,numberOfRobotsOnBlackSite,numberOfRobotsOnWhiteSite
29635,20,19
timeStep,numberOfRobotsOnBlackSite,numberOfRobotsOnWhiteSite
29636,20,19
timeStep,numberOfRobotsOnBlackSite,numberOfRobotsOnWhiteSite
29637,20,19
timeStep,numberOfRobotsOnBlackSite,numberOfRobotsOnWhiteSite
29638,20,19
timeStep,numberOfRobotsOnBlackSite,numberOfRobotsOnWhiteSite
29639,20,19
timeStep,numberOfRobotsOnBlackSite,numberOfRobotsOnWhiteSite
29640,20,20
timeStep,numberOfRobotsOnBlackSite,numberOfRobotsOnWhiteSite
29641,20,20
timeStep,numberOfRobotsOnBlackSite,numberOfRobotsOnWhiteSite
29642,20,20
timeStep,numberOfRobotsOnBlackSite,numberOfRobotsOnWhiteSite
29643,20,20
timeStep,numberOfRobotsOnBlackSite,numberOfRobotsOnWhiteSite
29644,20,20
timeStep,numberOfRobotsOnBlackSite,numberOfRobotsOnWhiteSite
29645,20,20
timeStep,numberOfRobotsOnBlackSite,numberOfRobotsOnWhiteSite
29646,20,20
timeStep,numberOfRobotsOnBlackSite,numberOfRobotsOnWhiteSite
29647,20,20
timeStep,numberOfRobotsOnBlackSite,numberOfRobotsOnWhiteSite
29648,20,20
timeStep,numberOfRobotsOnBlackSite,numberOfRobotsOnWhiteSite
29649,20,20
timeStep,numberOfRobotsOnBlackSite,numberOfRobotsOnWhiteSite
29650,20,20
timeStep,numberOfRobotsOnBlackSite,numberOfRobotsOnWhiteSite
29651,20,20
timeStep,numberOfRobotsOnBlackSite,numberOfRobotsOnWhiteSite
29652,20,20
timeStep,numberOfRobotsOnBlackSite,numberOfRobotsOnWhiteSite
29653,20,20
timeStep,numberOfRobotsOnBlackSite,numberOfRobotsOnWhiteSite
29654,20,20
timeStep,numberOfRobotsOnBlackSite,numberOfRobotsOnWhiteSite
29655,20,20
timeStep,numberOfRobotsOnBlackSite,numberOfRobotsOnWhiteSite
29656,20,20
timeStep,numberOfRobotsOnBlackSite,numberOfRobotsOnWhiteSite
29657,20,20
timeStep,numberOfRobotsOnBlackSite,numberOfRobotsOnWhiteSite
29658,20,20
timeStep,numberOfRobotsOnBlackSite,numberOfRobotsOnWhiteSite
29659,20,20
timeStep,numberOfRobotsOnBlackSite,numberOfRobotsOnWhiteSite
29660,20,20
timeStep,numberOfRobotsOnBlackSite,numberOfRobotsOnWhiteSite
29661,20,20
timeStep,numberOfRobotsOnBlackSite,numberOfRobotsOnWhiteSite
29662,20,20
timeStep,numberOfRobotsOnBlackSite,numberOfRobotsOnWhiteSite
29663,20,20
timeStep,numberOfRobotsOnBlackSite,numberOfRobotsOnWhiteSite
29664,20,20
timeStep,numberOfRobotsOnBlackSite,numberOfRobotsOnWhiteSite
29665,20,20
timeStep,numberOfRobotsOnBlackSite,numberOfRobotsOnWhiteSite
29666,20,20
timeStep,numberOfRobotsOnBlackSite,numberOfRobotsOnWhiteSite
29667,20,20
timeStep,numberOfRobotsOnBlackSite,numberOfRobotsOnWhiteSite
29668,20,20
timeStep,numberOfRobotsOnBlackSite,numberOfRobotsOnWhiteSite
29669,20,20
timeStep,numberOfRobotsOnBlackSite,numberOfRobotsOnWhiteSite
29670,20,20
timeStep,numberOfRobotsOnBlackSite,numberOfRobotsOnWhiteSite
29671,20,20
timeStep,numberOfRobotsOnBlackSite,numberOfRobotsOnWhiteSite
29672,20,20
timeStep,numberOfRobotsOnBlackSite,numberOfRobotsOnWhiteSite
29673,20,20
timeStep,numberOfRobotsOnBlackSite,numberOfRobotsOnWhiteSite
29674,20,20
timeStep,numberOfRobotsOnBlackSite,numberOfRobotsOnWhiteSite
29675,20,20
timeStep,numberOfRobotsOnBlackSite,numberOfRobotsOnWhiteSite
29676,20,20
timeStep,numberOfRobotsOnBlackSite,numberOfRobotsOnWhiteSite
29677,20,20
timeStep,numberOfRobotsOnBlackSite,numberOfRobotsOnWhiteSite
29678,20,20
timeStep,numberOfRobotsOnBlackSite,numberOfRobotsOnWhiteSite
29679,20,20
timeStep,numberOfRobotsOnBlackSite,numberOfRobotsOnWhiteSite
29680,19,20
timeStep,numberOfRobotsOnBlackSite,numberOfRobotsOnWhiteSite
29681,19,20
timeStep,numberOfRobotsOnBlackSite,numberOfRobotsOnWhiteSite
29682,19,20
timeStep,numberOfRobotsOnBlackSite,numberOfRobotsOnWhiteSite
29683,19,20
timeStep,numberOfRobotsOnBlackSite,numberOfRobotsOnWhiteSite
29684,19,20
timeStep,numberOfRobotsOnBlackSite,numberOfRobotsOnWhiteSite
29685,20,20
timeStep,numberOfRobotsOnBlackSite,numberOfRobotsOnWhiteSite
29686,20,20
timeStep,numberOfRobotsOnBlackSite,numberOfRobotsOnWhiteSite
29687,20,20
timeStep,numberOfRobotsOnBlackSite,numberOfRobotsOnWhiteSite
29688,20,20
timeStep,numberOfRobotsOnBlackSite,numberOfRobotsOnWhiteSite
29689,20,20
timeStep,numberOfRobotsOnBlackSite,numberOfRobotsOnWhiteSite
29690,20,20
timeStep,numberOfRobotsOnBlackSite,numberOfRobotsOnWhiteSite
29691,20,20
timeStep,numberOfRobotsOnBlackSite,numberOfRobotsOnWhiteSite
29692,20,20
timeStep,numberOfRobotsOnBlackSite,numberOfRobotsOnWhiteSite
29693,20,20
timeStep,numberOfRobotsOnBlackSite,numberOfRobotsOnWhiteSite
29694,20,20
timeStep,numberOfRobotsOnBlackSite,numberOfRobotsOnWhiteSite
29695,20,20
timeStep,numberOfRobotsOnBlackSite,numberOfRobotsOnWhiteSite
29696,20,20
timeStep,numberOfRobotsOnBlackSite,numberOfRobotsOnWhiteSite
29697,20,20
timeStep,numberOfRobotsOnBlackSite,numberOfRobotsOnWhiteSite
29698,20,20
timeStep,numberOfRobotsOnBlackSite,numberOfRobotsOnWhiteSite
29699,20,20
timeStep,numberOfRobotsOnBlackSite,numberOfRobotsOnWhiteSite
29700,19,20
timeStep,numberOfRobotsOnBlackSite,numberOfRobotsOnWhiteSite
29701,19,20
timeStep,numberOfRobotsOnBlackSite,numberOfRobotsOnWhiteSite
29702,19,20
timeStep,numberOfRobotsOnBlackSite,numberOfRobotsOnWhiteSite
29703,19,20
timeStep,numberOfRobotsOnBlackSite,numberOfRobotsOnWhiteSite
29704,19,20
timeStep,numberOfRobotsOnBlackSite,numberOfRobotsOnWhiteSite
29705,19,20
timeStep,numberOfRobotsOnBlackSite,numberOfRobotsOnWhiteSite
29706,19,20
timeStep,numberOfRobotsOnBlackSite,numberOfRobotsOnWhiteSite
29707,19,20
timeStep,numberOfRobotsOnBlackSite,numberOfRobotsOnWhiteSite
29708,19,20
timeStep,numberOfRobotsOnBlackSite,numberOfRobotsOnWhiteSite
29709,19,20
timeStep,numberOfRobotsOnBlackSite,numberOfRobotsOnWhiteSite
29710,18,20
timeStep,numberOfRobotsOnBlackSite,numberOfRobotsOnWhiteSite
29711,18,20
timeStep,numberOfRobotsOnBlackSite,numberOfRobotsOnWhiteSite
29712,18,20
timeStep,numberOfRobotsOnBlackSite,numberOfRobotsOnWhiteSite
29713,18,20
timeStep,numberOfRobotsOnBlackSite,numberOfRobotsOnWhiteSite
29714,18,20
timeStep,numberOfRobotsOnBlackSite,numberOfRobotsOnWhiteSite
29715,17,20
timeStep,numberOfRobotsOnBlackSite,numberOfRobotsOnWhiteSite
29716,17,20
timeStep,numberOfRobotsOnBlackSite,numberOfRobotsOnWhiteSite
29717,17,20
timeStep,numberOfRobotsOnBlackSite,numberOfRobotsOnWhiteSite
29718,17,20
timeStep,numberOfRobotsOnBlackSite,numberOfRobotsOnWhiteSite
29719,17,20
timeStep,numberOfRobotsOnBlackSite,numberOfRobotsOnWhiteSite
29720,17,20
timeStep,numberOfRobotsOnBlackSite,numberOfRobotsOnWhiteSite
29721,17,20
timeStep,numberOfRobotsOnBlackSite,numberOfRobotsOnWhiteSite
29722,17,20
timeStep,numberOfRobotsOnBlackSite,numberOfRobotsOnWhiteSite
29723,17,20
timeStep,numberOfRobotsOnBlackSite,numberOfRobotsOnWhiteSite
29724,17,20
timeStep,numberOfRobotsOnBlackSite,numberOfRobotsOnWhiteSite
29725,17,20
timeStep,numberOfRobotsOnBlackSite,numberOfRobotsOnWhiteSite
29726,17,20
timeStep,numberOfRobotsOnBlackSite,numberOfRobotsOnWhiteSite
29727,17,20
timeStep,numberOfRobotsOnBlackSite,numberOfRobotsOnWhiteSite
29728,17,20
timeStep,numberOfRobotsOnBlackSite,numberOfRobotsOnWhiteSite
29729,17,20
timeStep,numberOfRobotsOnBlackSite,numberOfRobotsOnWhiteSite
29730,17,20
timeStep,numberOfRobotsOnBlackSite,numberOfRobotsOnWhiteSite
29731,17,20
timeStep,numberOfRobotsOnBlackSite,numberOfRobotsOnWhiteSite
29732,17,20
timeStep,numberOfRobotsOnBlackSite,numberOfRobotsOnWhiteSite
29733,17,20
timeStep,numberOfRobotsOnBlackSite,numberOfRobotsOnWhiteSite
29734,17,20
timeStep,numberOfRobotsOnBlackSite,numberOfRobotsOnWhiteSite
29735,18,20
timeStep,numberOfRobotsOnBlackSite,numberOfRobotsOnWhiteSite
29736,18,20
timeStep,numberOfRobotsOnBlackSite,numberOfRobotsOnWhiteSite
29737,18,20
timeStep,numberOfRobotsOnBlackSite,numberOfRobotsOnWhiteSite
29738,18,20
timeStep,numberOfRobotsOnBlackSite,numberOfRobotsOnWhiteSite
29739,18,20
timeStep,numberOfRobotsOnBlackSite,numberOfRobotsOnWhiteSite
29740,18,20
timeStep,numberOfRobotsOnBlackSite,numberOfRobotsOnWhiteSite
29741,18,20
timeStep,numberOfRobotsOnBlackSite,numberOfRobotsOnWhiteSite
29742,18,20
timeStep,numberOfRobotsOnBlackSite,numberOfRobotsOnWhiteSite
29743,18,20
timeStep,numberOfRobotsOnBlackSite,numberOfRobotsOnWhiteSite
29744,18,20
timeStep,numberOfRobotsOnBlackSite,numberOfRobotsOnWhiteSite
29745,18,20
timeStep,numberOfRobotsOnBlackSite,numberOfRobotsOnWhiteSite
29746,18,20
timeStep,numberOfRobotsOnBlackSite,numberOfRobotsOnWhiteSite
29747,18,20
timeStep,numberOfRobotsOnBlackSite,numberOfRobotsOnWhiteSite
29748,18,20
timeStep,numberOfRobotsOnBlackSite,numberOfRobotsOnWhiteSite
29749,18,20
timeStep,numberOfRobotsOnBlackSite,numberOfRobotsOnWhiteSite
29750,18,20
timeStep,numberOfRobotsOnBlackSite,numberOfRobotsOnWhiteSite
29751,18,20
timeStep,numberOfRobotsOnBlackSite,numberOfRobotsOnWhiteSite
29752,18,20
timeStep,numberOfRobotsOnBlackSite,numberOfRobotsOnWhiteSite
29753,18,20
timeStep,numberOfRobotsOnBlackSite,numberOfRobotsOnWhiteSite
29754,18,20
timeStep,numberOfRobotsOnBlackSite,numberOfRobotsOnWhiteSite
29755,18,20
timeStep,numberOfRobotsOnBlackSite,numberOfRobotsOnWhiteSite
29756,18,20
timeStep,numberOfRobotsOnBlackSite,numberOfRobotsOnWhiteSite
29757,18,20
timeStep,numberOfRobotsOnBlackSite,numberOfRobotsOnWhiteSite
29758,18,20
timeStep,numberOfRobotsOnBlackSite,numberOfRobotsOnWhiteSite
29759,18,20
timeStep,numberOfRobotsOnBlackSite,numberOfRobotsOnWhiteSite
29760,18,21
timeStep,numberOfRobotsOnBlackSite,numberOfRobotsOnWhiteSite
29761,18,21
timeStep,numberOfRobotsOnBlackSite,numberOfRobotsOnWhiteSite
29762,18,21
timeStep,numberOfRobotsOnBlackSite,numberOfRobotsOnWhiteSite
29763,18,21
timeStep,numberOfRobotsOnBlackSite,numberOfRobotsOnWhiteSite
29764,18,21
timeStep,numberOfRobotsOnBlackSite,numberOfRobotsOnWhiteSite
29765,19,21
timeStep,numberOfRobotsOnBlackSite,numberOfRobotsOnWhiteSite
29766,19,21
timeStep,numberOfRobotsOnBlackSite,numberOfRobotsOnWhiteSite
29767,19,21
timeStep,numberOfRobotsOnBlackSite,numberOfRobotsOnWhiteSite
29768,19,21
timeStep,numberOfRobotsOnBlackSite,numberOfRobotsOnWhiteSite
29769,19,21
timeStep,numberOfRobotsOnBlackSite,numberOfRobotsOnWhiteSite
29770,19,21
timeStep,numberOfRobotsOnBlackSite,numberOfRobotsOnWhiteSite
29771,19,21
timeStep,numberOfRobotsOnBlackSite,numberOfRobotsOnWhiteSite
29772,19,21
timeStep,numberOfRobotsOnBlackSite,numberOfRobotsOnWhiteSite
29773,19,21
timeStep,numberOfRobotsOnBlackSite,numberOfRobotsOnWhiteSite
29774,19,21
timeStep,numberOfRobotsOnBlackSite,numberOfRobotsOnWhiteSite
29775,19,21
timeStep,numberOfRobotsOnBlackSite,numberOfRobotsOnWhiteSite
29776,19,21
timeStep,numberOfRobotsOnBlackSite,numberOfRobotsOnWhiteSite
29777,19,21
timeStep,numberOfRobotsOnBlackSite,numberOfRobotsOnWhiteSite
29778,19,21
timeStep,numberOfRobotsOnBlackSite,numberOfRobotsOnWhiteSite
29779,19,21
timeStep,numberOfRobotsOnBlackSite,numberOfRobotsOnWhiteSite
29780,19,21
timeStep,numberOfRobotsOnBlackSite,numberOfRobotsOnWhiteSite
29781,19,21
timeStep,numberOfRobotsOnBlackSite,numberOfRobotsOnWhiteSite
29782,19,21
timeStep,numberOfRobotsOnBlackSite,numberOfRobotsOnWhiteSite
29783,19,21
timeStep,numberOfRobotsOnBlackSite,numberOfRobotsOnWhiteSite
29784,19,21
timeStep,numberOfRobotsOnBlackSite,numberOfRobotsOnWhiteSite
29785,19,21
timeStep,numberOfRobotsOnBlackSite,numberOfRobotsOnWhiteSite
29786,19,21
timeStep,numberOfRobotsOnBlackSite,numberOfRobotsOnWhiteSite
29787,19,21
timeStep,numberOfRobotsOnBlackSite,numberOfRobotsOnWhiteSite
29788,19,21
timeStep,numberOfRobotsOnBlackSite,numberOfRobotsOnWhiteSite
29789,19,21
timeStep,numberOfRobotsOnBlackSite,numberOfRobotsOnWhiteSite
29790,19,21
timeStep,numberOfRobotsOnBlackSite,numberOfRobotsOnWhiteSite
29791,19,21
timeStep,numberOfRobotsOnBlackSite,numberOfRobotsOnWhiteSite
29792,19,21
timeStep,numberOfRobotsOnBlackSite,numberOfRobotsOnWhiteSite
29793,19,21
timeStep,numberOfRobotsOnBlackSite,numberOfRobotsOnWhiteSite
29794,19,21
timeStep,numberOfRobotsOnBlackSite,numberOfRobotsOnWhiteSite
29795,19,21
timeStep,numberOfRobotsOnBlackSite,numberOfRobotsOnWhiteSite
29796,19,21
timeStep,numberOfRobotsOnBlackSite,numberOfRobotsOnWhiteSite
29797,19,21
timeStep,numberOfRobotsOnBlackSite,numberOfRobotsOnWhiteSite
29798,19,21
timeStep,numberOfRobotsOnBlackSite,numberOfRobotsOnWhiteSite
29799,19,21
timeStep,numberOfRobotsOnBlackSite,numberOfRobotsOnWhiteSite
29800,19,21
timeStep,numberOfRobotsOnBlackSite,numberOfRobotsOnWhiteSite
29801,19,21
timeStep,numberOfRobotsOnBlackSite,numberOfRobotsOnWhiteSite
29802,19,21
timeStep,numberOfRobotsOnBlackSite,numberOfRobotsOnWhiteSite
29803,19,21
timeStep,numberOfRobotsOnBlackSite,numberOfRobotsOnWhiteSite
29804,19,21
timeStep,numberOfRobotsOnBlackSite,numberOfRobotsOnWhiteSite
29805,19,21
timeStep,numberOfRobotsOnBlackSite,numberOfRobotsOnWhiteSite
29806,19,21
timeStep,numberOfRobotsOnBlackSite,numberOfRobotsOnWhiteSite
29807,19,21
timeStep,numberOfRobotsOnBlackSite,numberOfRobotsOnWhiteSite
29808,19,21
timeStep,numberOfRobotsOnBlackSite,numberOfRobotsOnWhiteSite
29809,19,21
timeStep,numberOfRobotsOnBlackSite,numberOfRobotsOnWhiteSite
29810,19,21
timeStep,numberOfRobotsOnBlackSite,numberOfRobotsOnWhiteSite
29811,19,21
timeStep,numberOfRobotsOnBlackSite,numberOfRobotsOnWhiteSite
29812,19,21
timeStep,numberOfRobotsOnBlackSite,numberOfRobotsOnWhiteSite
29813,19,21
timeStep,numberOfRobotsOnBlackSite,numberOfRobotsOnWhiteSite
29814,19,21
timeStep,numberOfRobotsOnBlackSite,numberOfRobotsOnWhiteSite
29815,19,21
timeStep,numberOfRobotsOnBlackSite,numberOfRobotsOnWhiteSite
29816,19,21
timeStep,numberOfRobotsOnBlackSite,numberOfRobotsOnWhiteSite
29817,19,21
timeStep,numberOfRobotsOnBlackSite,numberOfRobotsOnWhiteSite
29818,19,21
timeStep,numberOfRobotsOnBlackSite,numberOfRobotsOnWhiteSite
29819,19,21
timeStep,numberOfRobotsOnBlackSite,numberOfRobotsOnWhiteSite
29820,19,21
timeStep,numberOfRobotsOnBlackSite,numberOfRobotsOnWhiteSite
29821,19,21
timeStep,numberOfRobotsOnBlackSite,numberOfRobotsOnWhiteSite
29822,19,21
timeStep,numberOfRobotsOnBlackSite,numberOfRobotsOnWhiteSite
29823,19,21
timeStep,numberOfRobotsOnBlackSite,numberOfRobotsOnWhiteSite
29824,19,21
timeStep,numberOfRobotsOnBlackSite,numberOfRobotsOnWhiteSite
29825,19,21
timeStep,numberOfRobotsOnBlackSite,numberOfRobotsOnWhiteSite
29826,19,21
timeStep,numberOfRobotsOnBlackSite,numberOfRobotsOnWhiteSite
29827,19,21
timeStep,numberOfRobotsOnBlackSite,numberOfRobotsOnWhiteSite
29828,19,21
timeStep,numberOfRobotsOnBlackSite,numberOfRobotsOnWhiteSite
29829,19,21
timeStep,numberOfRobotsOnBlackSite,numberOfRobotsOnWhiteSite
29830,19,21
timeStep,numberOfRobotsOnBlackSite,numberOfRobotsOnWhiteSite
29831,19,21
timeStep,numberOfRobotsOnBlackSite,numberOfRobotsOnWhiteSite
29832,19,21
timeStep,numberOfRobotsOnBlackSite,numberOfRobotsOnWhiteSite
29833,19,21
timeStep,numberOfRobotsOnBlackSite,numberOfRobotsOnWhiteSite
29834,19,21
timeStep,numberOfRobotsOnBlackSite,numberOfRobotsOnWhiteSite
29835,19,21
timeStep,numberOfRobotsOnBlackSite,numberOfRobotsOnWhiteSite
29836,19,21
timeStep,numberOfRobotsOnBlackSite,numberOfRobotsOnWhiteSite
29837,19,21
timeStep,numberOfRobotsOnBlackSite,numberOfRobotsOnWhiteSite
29838,19,21
timeStep,numberOfRobotsOnBlackSite,numberOfRobotsOnWhiteSite
29839,19,21
timeStep,numberOfRobotsOnBlackSite,numberOfRobotsOnWhiteSite
29840,19,21
timeStep,numberOfRobotsOnBlackSite,numberOfRobotsOnWhiteSite
29841,19,21
timeStep,numberOfRobotsOnBlackSite,numberOfRobotsOnWhiteSite
29842,19,21
timeStep,numberOfRobotsOnBlackSite,numberOfRobotsOnWhiteSite
29843,19,21
timeStep,numberOfRobotsOnBlackSite,numberOfRobotsOnWhiteSite
29844,19,21
timeStep,numberOfRobotsOnBlackSite,numberOfRobotsOnWhiteSite
29845,19,21
timeStep,numberOfRobotsOnBlackSite,numberOfRobotsOnWhiteSite
29846,19,21
timeStep,numberOfRobotsOnBlackSite,numberOfRobotsOnWhiteSite
29847,19,21
timeStep,numberOfRobotsOnBlackSite,numberOfRobotsOnWhiteSite
29848,19,21
timeStep,numberOfRobotsOnBlackSite,numberOfRobotsOnWhiteSite
29849,19,21
timeStep,numberOfRobotsOnBlackSite,numberOfRobotsOnWhiteSite
29850,17,21
timeStep,numberOfRobotsOnBlackSite,numberOfRobotsOnWhiteSite
29851,17,21
timeStep,numberOfRobotsOnBlackSite,numberOfRobotsOnWhiteSite
29852,17,21
timeStep,numberOfRobotsOnBlackSite,numberOfRobotsOnWhiteSite
29853,17,21
timeStep,numberOfRobotsOnBlackSite,numberOfRobotsOnWhiteSite
29854,17,21
timeStep,numberOfRobotsOnBlackSite,numberOfRobotsOnWhiteSite
29855,17,21
timeStep,numberOfRobotsOnBlackSite,numberOfRobotsOnWhiteSite
29856,17,21
timeStep,numberOfRobotsOnBlackSite,numberOfRobotsOnWhiteSite
29857,17,21
timeStep,numberOfRobotsOnBlackSite,numberOfRobotsOnWhiteSite
29858,17,21
timeStep,numberOfRobotsOnBlackSite,numberOfRobotsOnWhiteSite
29859,17,21
timeStep,numberOfRobotsOnBlackSite,numberOfRobotsOnWhiteSite
29860,17,21
timeStep,numberOfRobotsOnBlackSite,numberOfRobotsOnWhiteSite
29861,17,21
timeStep,numberOfRobotsOnBlackSite,numberOfRobotsOnWhiteSite
29862,17,21
timeStep,numberOfRobotsOnBlackSite,numberOfRobotsOnWhiteSite
29863,17,21
timeStep,numberOfRobotsOnBlackSite,numberOfRobotsOnWhiteSite
29864,17,21
timeStep,numberOfRobotsOnBlackSite,numberOfRobotsOnWhiteSite
29865,17,21
timeStep,numberOfRobotsOnBlackSite,numberOfRobotsOnWhiteSite
29866,17,21
timeStep,numberOfRobotsOnBlackSite,numberOfRobotsOnWhiteSite
29867,17,21
timeStep,numberOfRobotsOnBlackSite,numberOfRobotsOnWhiteSite
29868,17,21
timeStep,numberOfRobotsOnBlackSite,numberOfRobotsOnWhiteSite
29869,17,21
timeStep,numberOfRobotsOnBlackSite,numberOfRobotsOnWhiteSite
29870,17,21
timeStep,numberOfRobotsOnBlackSite,numberOfRobotsOnWhiteSite
29871,17,21
timeStep,numberOfRobotsOnBlackSite,numberOfRobotsOnWhiteSite
29872,17,21
timeStep,numberOfRobotsOnBlackSite,numberOfRobotsOnWhiteSite
29873,17,21
timeStep,numberOfRobotsOnBlackSite,numberOfRobotsOnWhiteSite
29874,17,21
timeStep,numberOfRobotsOnBlackSite,numberOfRobotsOnWhiteSite
29875,18,22
timeStep,numberOfRobotsOnBlackSite,numberOfRobotsOnWhiteSite
29876,18,22
timeStep,numberOfRobotsOnBlackSite,numberOfRobotsOnWhiteSite
29877,18,22
timeStep,numberOfRobotsOnBlackSite,numberOfRobotsOnWhiteSite
29878,18,22
timeStep,numberOfRobotsOnBlackSite,numberOfRobotsOnWhiteSite
29879,18,22
timeStep,numberOfRobotsOnBlackSite,numberOfRobotsOnWhiteSite
29880,18,22
timeStep,numberOfRobotsOnBlackSite,numberOfRobotsOnWhiteSite
29881,18,22
timeStep,numberOfRobotsOnBlackSite,numberOfRobotsOnWhiteSite
29882,18,22
timeStep,numberOfRobotsOnBlackSite,numberOfRobotsOnWhiteSite
29883,18,22
timeStep,numberOfRobotsOnBlackSite,numberOfRobotsOnWhiteSite
29884,18,22
timeStep,numberOfRobotsOnBlackSite,numberOfRobotsOnWhiteSite
29885,18,22
timeStep,numberOfRobotsOnBlackSite,numberOfRobotsOnWhiteSite
29886,18,22
timeStep,numberOfRobotsOnBlackSite,numberOfRobotsOnWhiteSite
29887,18,22
timeStep,numberOfRobotsOnBlackSite,numberOfRobotsOnWhiteSite
29888,18,22
timeStep,numberOfRobotsOnBlackSite,numberOfRobotsOnWhiteSite
29889,18,22
timeStep,numberOfRobotsOnBlackSite,numberOfRobotsOnWhiteSite
29890,18,22
timeStep,numberOfRobotsOnBlackSite,numberOfRobotsOnWhiteSite
29891,18,22
timeStep,numberOfRobotsOnBlackSite,numberOfRobotsOnWhiteSite
29892,18,22
timeStep,numberOfRobotsOnBlackSite,numberOfRobotsOnWhiteSite
29893,18,22
timeStep,numberOfRobotsOnBlackSite,numberOfRobotsOnWhiteSite
29894,18,22
timeStep,numberOfRobotsOnBlackSite,numberOfRobotsOnWhiteSite
29895,18,22
timeStep,numberOfRobotsOnBlackSite,numberOfRobotsOnWhiteSite
29896,18,22
timeStep,numberOfRobotsOnBlackSite,numberOfRobotsOnWhiteSite
29897,18,22
timeStep,numberOfRobotsOnBlackSite,numberOfRobotsOnWhiteSite
29898,18,22
timeStep,numberOfRobotsOnBlackSite,numberOfRobotsOnWhiteSite
29899,18,22
timeStep,numberOfRobotsOnBlackSite,numberOfRobotsOnWhiteSite
29900,18,21
timeStep,numberOfRobotsOnBlackSite,numberOfRobotsOnWhiteSite
29901,18,21
timeStep,numberOfRobotsOnBlackSite,numberOfRobotsOnWhiteSite
29902,18,21
timeStep,numberOfRobotsOnBlackSite,numberOfRobotsOnWhiteSite
29903,18,21
timeStep,numberOfRobotsOnBlackSite,numberOfRobotsOnWhiteSite
29904,18,21
timeStep,numberOfRobotsOnBlackSite,numberOfRobotsOnWhiteSite
29905,18,20
timeStep,numberOfRobotsOnBlackSite,numberOfRobotsOnWhiteSite
29906,18,20
timeStep,numberOfRobotsOnBlackSite,numberOfRobotsOnWhiteSite
29907,18,20
timeStep,numberOfRobotsOnBlackSite,numberOfRobotsOnWhiteSite
29908,18,20
timeStep,numberOfRobotsOnBlackSite,numberOfRobotsOnWhiteSite
29909,18,20
timeStep,numberOfRobotsOnBlackSite,numberOfRobotsOnWhiteSite
29910,18,20
timeStep,numberOfRobotsOnBlackSite,numberOfRobotsOnWhiteSite
29911,18,20
timeStep,numberOfRobotsOnBlackSite,numberOfRobotsOnWhiteSite
29912,18,20
timeStep,numberOfRobotsOnBlackSite,numberOfRobotsOnWhiteSite
29913,18,20
timeStep,numberOfRobotsOnBlackSite,numberOfRobotsOnWhiteSite
29914,18,20
timeStep,numberOfRobotsOnBlackSite,numberOfRobotsOnWhiteSite
29915,18,20
timeStep,numberOfRobotsOnBlackSite,numberOfRobotsOnWhiteSite
29916,18,20
timeStep,numberOfRobotsOnBlackSite,numberOfRobotsOnWhiteSite
29917,18,20
timeStep,numberOfRobotsOnBlackSite,numberOfRobotsOnWhiteSite
29918,18,20
timeStep,numberOfRobotsOnBlackSite,numberOfRobotsOnWhiteSite
29919,18,20
timeStep,numberOfRobotsOnBlackSite,numberOfRobotsOnWhiteSite
29920,18,20
timeStep,numberOfRobotsOnBlackSite,numberOfRobotsOnWhiteSite
29921,18,20
timeStep,numberOfRobotsOnBlackSite,numberOfRobotsOnWhiteSite
29922,18,20
timeStep,numberOfRobotsOnBlackSite,numberOfRobotsOnWhiteSite
29923,18,20
timeStep,numberOfRobotsOnBlackSite,numberOfRobotsOnWhiteSite
29924,18,20
timeStep,numberOfRobotsOnBlackSite,numberOfRobotsOnWhiteSite
29925,18,21
timeStep,numberOfRobotsOnBlackSite,numberOfRobotsOnWhiteSite
29926,18,21
timeStep,numberOfRobotsOnBlackSite,numberOfRobotsOnWhiteSite
29927,18,21
timeStep,numberOfRobotsOnBlackSite,numberOfRobotsOnWhiteSite
29928,18,21
timeStep,numberOfRobotsOnBlackSite,numberOfRobotsOnWhiteSite
29929,18,21
timeStep,numberOfRobotsOnBlackSite,numberOfRobotsOnWhiteSite
29930,18,21
timeStep,numberOfRobotsOnBlackSite,numberOfRobotsOnWhiteSite
29931,18,21
timeStep,numberOfRobotsOnBlackSite,numberOfRobotsOnWhiteSite
29932,18,21
timeStep,numberOfRobotsOnBlackSite,numberOfRobotsOnWhiteSite
29933,18,21
timeStep,numberOfRobotsOnBlackSite,numberOfRobotsOnWhiteSite
29934,18,21
timeStep,numberOfRobotsOnBlackSite,numberOfRobotsOnWhiteSite
29935,19,21
timeStep,numberOfRobotsOnBlackSite,numberOfRobotsOnWhiteSite
29936,19,21
timeStep,numberOfRobotsOnBlackSite,numberOfRobotsOnWhiteSite
29937,19,21
timeStep,numberOfRobotsOnBlackSite,numberOfRobotsOnWhiteSite
29938,19,21
timeStep,numberOfRobotsOnBlackSite,numberOfRobotsOnWhiteSite
29939,19,21
timeStep,numberOfRobotsOnBlackSite,numberOfRobotsOnWhiteSite
29940,19,21
timeStep,numberOfRobotsOnBlackSite,numberOfRobotsOnWhiteSite
29941,19,21
timeStep,numberOfRobotsOnBlackSite,numberOfRobotsOnWhiteSite
29942,19,21
timeStep,numberOfRobotsOnBlackSite,numberOfRobotsOnWhiteSite
29943,19,21
timeStep,numberOfRobotsOnBlackSite,numberOfRobotsOnWhiteSite
29944,19,21
timeStep,numberOfRobotsOnBlackSite,numberOfRobotsOnWhiteSite
29945,19,21
timeStep,numberOfRobotsOnBlackSite,numberOfRobotsOnWhiteSite
29946,19,21
timeStep,numberOfRobotsOnBlackSite,numberOfRobotsOnWhiteSite
29947,19,21
timeStep,numberOfRobotsOnBlackSite,numberOfRobotsOnWhiteSite
29948,19,21
timeStep,numberOfRobotsOnBlackSite,numberOfRobotsOnWhiteSite
29949,19,21
timeStep,numberOfRobotsOnBlackSite,numberOfRobotsOnWhiteSite
29950,19,20
timeStep,numberOfRobotsOnBlackSite,numberOfRobotsOnWhiteSite
29951,19,20
timeStep,numberOfRobotsOnBlackSite,numberOfRobotsOnWhiteSite
29952,19,20
timeStep,numberOfRobotsOnBlackSite,numberOfRobotsOnWhiteSite
29953,19,20
timeStep,numberOfRobotsOnBlackSite,numberOfRobotsOnWhiteSite
29954,19,20
timeStep,numberOfRobotsOnBlackSite,numberOfRobotsOnWhiteSite
29955,19,20
timeStep,numberOfRobotsOnBlackSite,numberOfRobotsOnWhiteSite
29956,19,20
timeStep,numberOfRobotsOnBlackSite,numberOfRobotsOnWhiteSite
29957,19,20
timeStep,numberOfRobotsOnBlackSite,numberOfRobotsOnWhiteSite
29958,19,20
timeStep,numberOfRobotsOnBlackSite,numberOfRobotsOnWhiteSite
29959,19,20
timeStep,numberOfRobotsOnBlackSite,numberOfRobotsOnWhiteSite
29960,20,20
timeStep,numberOfRobotsOnBlackSite,numberOfRobotsOnWhiteSite
29961,20,20
timeStep,numberOfRobotsOnBlackSite,numberOfRobotsOnWhiteSite
29962,20,20
timeStep,numberOfRobotsOnBlackSite,numberOfRobotsOnWhiteSite
29963,20,20
timeStep,numberOfRobotsOnBlackSite,numberOfRobotsOnWhiteSite
29964,20,20
timeStep,numberOfRobotsOnBlackSite,numberOfRobotsOnWhiteSite
29965,20,20
timeStep,numberOfRobotsOnBlackSite,numberOfRobotsOnWhiteSite
29966,20,20
timeStep,numberOfRobotsOnBlackSite,numberOfRobotsOnWhiteSite
29967,20,20
timeStep,numberOfRobotsOnBlackSite,numberOfRobotsOnWhiteSite
29968,20,20
timeStep,numberOfRobotsOnBlackSite,numberOfRobotsOnWhiteSite
29969,20,20
timeStep,numberOfRobotsOnBlackSite,numberOfRobotsOnWhiteSite
29970,19,20
timeStep,numberOfRobotsOnBlackSite,numberOfRobotsOnWhiteSite
29971,19,20
timeStep,numberOfRobotsOnBlackSite,numberOfRobotsOnWhiteSite
29972,19,20
timeStep,numberOfRobotsOnBlackSite,numberOfRobotsOnWhiteSite
29973,19,20
timeStep,numberOfRobotsOnBlackSite,numberOfRobotsOnWhiteSite
29974,19,20
timeStep,numberOfRobotsOnBlackSite,numberOfRobotsOnWhiteSite
29975,18,20
timeStep,numberOfRobotsOnBlackSite,numberOfRobotsOnWhiteSite
29976,18,20
timeStep,numberOfRobotsOnBlackSite,numberOfRobotsOnWhiteSite
29977,18,20
timeStep,numberOfRobotsOnBlackSite,numberOfRobotsOnWhiteSite
29978,18,20
timeStep,numberOfRobotsOnBlackSite,numberOfRobotsOnWhiteSite
29979,18,20
timeStep,numberOfRobotsOnBlackSite,numberOfRobotsOnWhiteSite
29980,18,20
timeStep,numberOfRobotsOnBlackSite,numberOfRobotsOnWhiteSite
29981,18,20
timeStep,numberOfRobotsOnBlackSite,numberOfRobotsOnWhiteSite
29982,18,20
timeStep,numberOfRobotsOnBlackSite,numberOfRobotsOnWhiteSite
29983,18,20
timeStep,numberOfRobotsOnBlackSite,numberOfRobotsOnWhiteSite
29984,18,20
timeStep,numberOfRobotsOnBlackSite,numberOfRobotsOnWhiteSite
29985,18,20
timeStep,numberOfRobotsOnBlackSite,numberOfRobotsOnWhiteSite
29986,18,20
timeStep,numberOfRobotsOnBlackSite,numberOfRobotsOnWhiteSite
29987,18,20
timeStep,numberOfRobotsOnBlackSite,numberOfRobotsOnWhiteSite
29988,18,20
timeStep,numberOfRobotsOnBlackSite,numberOfRobotsOnWhiteSite
29989,18,20
timeStep,numberOfRobotsOnBlackSite,numberOfRobotsOnWhiteSite
29990,19,20
timeStep,numberOfRobotsOnBlackSite,numberOfRobotsOnWhiteSite
29991,19,20
timeStep,numberOfRobotsOnBlackSite,numberOfRobotsOnWhiteSite
29992,19,20
timeStep,numberOfRobotsOnBlackSite,numberOfRobotsOnWhiteSite
29993,19,20
timeStep,numberOfRobotsOnBlackSite,numberOfRobotsOnWhiteSite
29994,19,20
timeStep,numberOfRobotsOnBlackSite,numberOfRobotsOnWhiteSite
29995,19,20
timeStep,numberOfRobotsOnBlackSite,numberOfRobotsOnWhiteSite
29996,19,20
timeStep,numberOfRobotsOnBlackSite,numberOfRobotsOnWhiteSite
29997,19,20
timeStep,numberOfRobotsOnBlackSite,numberOfRobotsOnWhiteSite
29998,19,20
timeStep,numberOfRobotsOnBlackSite,numberOfRobotsOnWhiteSite
29999,19,20
timeStep,numberOfRobotsOnBlackSite,numberOfRobotsOnWhiteSite
30000,19,20
timeStep,numberOfRobotsOnBlackSite,numberOfRobotsOnWhiteSite
30001,19,20
timeStep,numberOfRobotsOnBlackSite,numberOfRobotsOnWhiteSite
30002,19,20
timeStep,numberOfRobotsOnBlackSite,numberOfRobotsOnWhiteSite
30003,19,20
timeStep,numberOfRobotsOnBlackSite,numberOfRobotsOnWhiteSite
30004,19,20
timeStep,numberOfRobotsOnBlackSite,numberOfRobotsOnWhiteSite
30005,19,20
timeStep,numberOfRobotsOnBlackSite,numberOfRobotsOnWhiteSite
30006,19,20
timeStep,numberOfRobotsOnBlackSite,numberOfRobotsOnWhiteSite
30007,19,20
timeStep,numberOfRobotsOnBlackSite,numberOfRobotsOnWhiteSite
30008,19,20
timeStep,numberOfRobotsOnBlackSite,numberOfRobotsOnWhiteSite
30009,19,20
timeStep,numberOfRobotsOnBlackSite,numberOfRobotsOnWhiteSite
30010,19,20
timeStep,numberOfRobotsOnBlackSite,numberOfRobotsOnWhiteSite
30011,19,20
timeStep,numberOfRobotsOnBlackSite,numberOfRobotsOnWhiteSite
30012,19,20
timeStep,numberOfRobotsOnBlackSite,numberOfRobotsOnWhiteSite
30013,19,20
timeStep,numberOfRobotsOnBlackSite,numberOfRobotsOnWhiteSite
30014,19,20
timeStep,numberOfRobotsOnBlackSite,numberOfRobotsOnWhiteSite
30015,19,20
timeStep,numberOfRobotsOnBlackSite,numberOfRobotsOnWhiteSite
30016,19,20
timeStep,numberOfRobotsOnBlackSite,numberOfRobotsOnWhiteSite
30017,19,20
timeStep,numberOfRobotsOnBlackSite,numberOfRobotsOnWhiteSite
30018,19,20
timeStep,numberOfRobotsOnBlackSite,numberOfRobotsOnWhiteSite
30019,19,20
timeStep,numberOfRobotsOnBlackSite,numberOfRobotsOnWhiteSite
30020,19,20
timeStep,numberOfRobotsOnBlackSite,numberOfRobotsOnWhiteSite
30021,19,20
timeStep,numberOfRobotsOnBlackSite,numberOfRobotsOnWhiteSite
30022,19,20
timeStep,numberOfRobotsOnBlackSite,numberOfRobotsOnWhiteSite
30023,19,20
timeStep,numberOfRobotsOnBlackSite,numberOfRobotsOnWhiteSite
30024,19,20
timeStep,numberOfRobotsOnBlackSite,numberOfRobotsOnWhiteSite
30025,19,20
timeStep,numberOfRobotsOnBlackSite,numberOfRobotsOnWhiteSite
30026,19,20
timeStep,numberOfRobotsOnBlackSite,numberOfRobotsOnWhiteSite
30027,19,20
timeStep,numberOfRobotsOnBlackSite,numberOfRobotsOnWhiteSite
30028,19,20
timeStep,numberOfRobotsOnBlackSite,numberOfRobotsOnWhiteSite
30029,19,20
timeStep,numberOfRobotsOnBlackSite,numberOfRobotsOnWhiteSite
30030,19,20
timeStep,numberOfRobotsOnBlackSite,numberOfRobotsOnWhiteSite
30031,19,20
timeStep,numberOfRobotsOnBlackSite,numberOfRobotsOnWhiteSite
30032,19,20
timeStep,numberOfRobotsOnBlackSite,numberOfRobotsOnWhiteSite
30033,19,20
timeStep,numberOfRobotsOnBlackSite,numberOfRobotsOnWhiteSite
30034,19,20
timeStep,numberOfRobotsOnBlackSite,numberOfRobotsOnWhiteSite
30035,19,21
timeStep,numberOfRobotsOnBlackSite,numberOfRobotsOnWhiteSite
30036,19,21
timeStep,numberOfRobotsOnBlackSite,numberOfRobotsOnWhiteSite
30037,19,21
timeStep,numberOfRobotsOnBlackSite,numberOfRobotsOnWhiteSite
30038,19,21
timeStep,numberOfRobotsOnBlackSite,numberOfRobotsOnWhiteSite
30039,19,21
timeStep,numberOfRobotsOnBlackSite,numberOfRobotsOnWhiteSite
30040,19,21
timeStep,numberOfRobotsOnBlackSite,numberOfRobotsOnWhiteSite
30041,19,21
timeStep,numberOfRobotsOnBlackSite,numberOfRobotsOnWhiteSite
30042,19,21
timeStep,numberOfRobotsOnBlackSite,numberOfRobotsOnWhiteSite
30043,19,21
timeStep,numberOfRobotsOnBlackSite,numberOfRobotsOnWhiteSite
30044,19,21
timeStep,numberOfRobotsOnBlackSite,numberOfRobotsOnWhiteSite
30045,19,21
timeStep,numberOfRobotsOnBlackSite,numberOfRobotsOnWhiteSite
30046,19,21
timeStep,numberOfRobotsOnBlackSite,numberOfRobotsOnWhiteSite
30047,19,21
timeStep,numberOfRobotsOnBlackSite,numberOfRobotsOnWhiteSite
30048,19,21
timeStep,numberOfRobotsOnBlackSite,numberOfRobotsOnWhiteSite
30049,19,21
timeStep,numberOfRobotsOnBlackSite,numberOfRobotsOnWhiteSite
30050,19,21
timeStep,numberOfRobotsOnBlackSite,numberOfRobotsOnWhiteSite
30051,19,21
timeStep,numberOfRobotsOnBlackSite,numberOfRobotsOnWhiteSite
30052,19,21
timeStep,numberOfRobotsOnBlackSite,numberOfRobotsOnWhiteSite
30053,19,21
timeStep,numberOfRobotsOnBlackSite,numberOfRobotsOnWhiteSite
30054,19,21
timeStep,numberOfRobotsOnBlackSite,numberOfRobotsOnWhiteSite
30055,19,21
timeStep,numberOfRobotsOnBlackSite,numberOfRobotsOnWhiteSite
30056,19,21
timeStep,numberOfRobotsOnBlackSite,numberOfRobotsOnWhiteSite
30057,19,21
timeStep,numberOfRobotsOnBlackSite,numberOfRobotsOnWhiteSite
30058,19,21
timeStep,numberOfRobotsOnBlackSite,numberOfRobotsOnWhiteSite
30059,19,21
timeStep,numberOfRobotsOnBlackSite,numberOfRobotsOnWhiteSite
30060,19,21
timeStep,numberOfRobotsOnBlackSite,numberOfRobotsOnWhiteSite
30061,19,21
timeStep,numberOfRobotsOnBlackSite,numberOfRobotsOnWhiteSite
30062,19,21
timeStep,numberOfRobotsOnBlackSite,numberOfRobotsOnWhiteSite
30063,19,21
timeStep,numberOfRobotsOnBlackSite,numberOfRobotsOnWhiteSite
30064,19,21
timeStep,numberOfRobotsOnBlackSite,numberOfRobotsOnWhiteSite
30065,19,21
timeStep,numberOfRobotsOnBlackSite,numberOfRobotsOnWhiteSite
30066,19,21
timeStep,numberOfRobotsOnBlackSite,numberOfRobotsOnWhiteSite
30067,19,21
timeStep,numberOfRobotsOnBlackSite,numberOfRobotsOnWhiteSite
30068,19,21
timeStep,numberOfRobotsOnBlackSite,numberOfRobotsOnWhiteSite
30069,19,21
timeStep,numberOfRobotsOnBlackSite,numberOfRobotsOnWhiteSite
30070,20,20
timeStep,numberOfRobotsOnBlackSite,numberOfRobotsOnWhiteSite
30071,20,20
timeStep,numberOfRobotsOnBlackSite,numberOfRobotsOnWhiteSite
30072,20,20
timeStep,numberOfRobotsOnBlackSite,numberOfRobotsOnWhiteSite
30073,20,20
timeStep,numberOfRobotsOnBlackSite,numberOfRobotsOnWhiteSite
30074,20,20
timeStep,numberOfRobotsOnBlackSite,numberOfRobotsOnWhiteSite
30075,20,20
timeStep,numberOfRobotsOnBlackSite,numberOfRobotsOnWhiteSite
30076,20,20
timeStep,numberOfRobotsOnBlackSite,numberOfRobotsOnWhiteSite
30077,20,20
timeStep,numberOfRobotsOnBlackSite,numberOfRobotsOnWhiteSite
30078,20,20
timeStep,numberOfRobotsOnBlackSite,numberOfRobotsOnWhiteSite
30079,20,20
timeStep,numberOfRobotsOnBlackSite,numberOfRobotsOnWhiteSite
30080,20,20
timeStep,numberOfRobotsOnBlackSite,numberOfRobotsOnWhiteSite
30081,20,20
timeStep,numberOfRobotsOnBlackSite,numberOfRobotsOnWhiteSite
30082,20,20
timeStep,numberOfRobotsOnBlackSite,numberOfRobotsOnWhiteSite
30083,20,20
timeStep,numberOfRobotsOnBlackSite,numberOfRobotsOnWhiteSite
30084,20,20
timeStep,numberOfRobotsOnBlackSite,numberOfRobotsOnWhiteSite
30085,20,20
timeStep,numberOfRobotsOnBlackSite,numberOfRobotsOnWhiteSite
30086,20,20
timeStep,numberOfRobotsOnBlackSite,numberOfRobotsOnWhiteSite
30087,20,20
timeStep,numberOfRobotsOnBlackSite,numberOfRobotsOnWhiteSite
30088,20,20
timeStep,numberOfRobotsOnBlackSite,numberOfRobotsOnWhiteSite
30089,20,20
timeStep,numberOfRobotsOnBlackSite,numberOfRobotsOnWhiteSite
30090,20,20
timeStep,numberOfRobotsOnBlackSite,numberOfRobotsOnWhiteSite
30091,20,20
timeStep,numberOfRobotsOnBlackSite,numberOfRobotsOnWhiteSite
30092,20,20
timeStep,numberOfRobotsOnBlackSite,numberOfRobotsOnWhiteSite
30093,20,20
timeStep,numberOfRobotsOnBlackSite,numberOfRobotsOnWhiteSite
30094,20,20
timeStep,numberOfRobotsOnBlackSite,numberOfRobotsOnWhiteSite
30095,20,20
timeStep,numberOfRobotsOnBlackSite,numberOfRobotsOnWhiteSite
30096,20,20
timeStep,numberOfRobotsOnBlackSite,numberOfRobotsOnWhiteSite
30097,20,20
timeStep,numberOfRobotsOnBlackSite,numberOfRobotsOnWhiteSite
30098,20,20
timeStep,numberOfRobotsOnBlackSite,numberOfRobotsOnWhiteSite
30099,20,20
timeStep,numberOfRobotsOnBlackSite,numberOfRobotsOnWhiteSite
30100,20,20
timeStep,numberOfRobotsOnBlackSite,numberOfRobotsOnWhiteSite
30101,20,20
timeStep,numberOfRobotsOnBlackSite,numberOfRobotsOnWhiteSite
30102,20,20
timeStep,numberOfRobotsOnBlackSite,numberOfRobotsOnWhiteSite
30103,20,20
timeStep,numberOfRobotsOnBlackSite,numberOfRobotsOnWhiteSite
30104,20,20
timeStep,numberOfRobotsOnBlackSite,numberOfRobotsOnWhiteSite
30105,20,20
timeStep,numberOfRobotsOnBlackSite,numberOfRobotsOnWhiteSite
30106,20,20
timeStep,numberOfRobotsOnBlackSite,numberOfRobotsOnWhiteSite
30107,20,20
timeStep,numberOfRobotsOnBlackSite,numberOfRobotsOnWhiteSite
30108,20,20
timeStep,numberOfRobotsOnBlackSite,numberOfRobotsOnWhiteSite
30109,20,20
timeStep,numberOfRobotsOnBlackSite,numberOfRobotsOnWhiteSite
30110,20,20
timeStep,numberOfRobotsOnBlackSite,numberOfRobotsOnWhiteSite
30111,20,20
timeStep,numberOfRobotsOnBlackSite,numberOfRobotsOnWhiteSite
30112,20,20
timeStep,numberOfRobotsOnBlackSite,numberOfRobotsOnWhiteSite
30113,20,20
timeStep,numberOfRobotsOnBlackSite,numberOfRobotsOnWhiteSite
30114,20,20
timeStep,numberOfRobotsOnBlackSite,numberOfRobotsOnWhiteSite
30115,19,20
timeStep,numberOfRobotsOnBlackSite,numberOfRobotsOnWhiteSite
30116,19,20
timeStep,numberOfRobotsOnBlackSite,numberOfRobotsOnWhiteSite
30117,19,20
timeStep,numberOfRobotsOnBlackSite,numberOfRobotsOnWhiteSite
30118,19,20
timeStep,numberOfRobotsOnBlackSite,numberOfRobotsOnWhiteSite
30119,19,20
timeStep,numberOfRobotsOnBlackSite,numberOfRobotsOnWhiteSite
30120,19,20
timeStep,numberOfRobotsOnBlackSite,numberOfRobotsOnWhiteSite
30121,19,20
timeStep,numberOfRobotsOnBlackSite,numberOfRobotsOnWhiteSite
30122,19,20
timeStep,numberOfRobotsOnBlackSite,numberOfRobotsOnWhiteSite
30123,19,20
timeStep,numberOfRobotsOnBlackSite,numberOfRobotsOnWhiteSite
30124,19,20
timeStep,numberOfRobotsOnBlackSite,numberOfRobotsOnWhiteSite
30125,19,20
timeStep,numberOfRobotsOnBlackSite,numberOfRobotsOnWhiteSite
30126,19,20
timeStep,numberOfRobotsOnBlackSite,numberOfRobotsOnWhiteSite
30127,19,20
timeStep,numberOfRobotsOnBlackSite,numberOfRobotsOnWhiteSite
30128,19,20
timeStep,numberOfRobotsOnBlackSite,numberOfRobotsOnWhiteSite
30129,19,20
timeStep,numberOfRobotsOnBlackSite,numberOfRobotsOnWhiteSite
30130,19,20
timeStep,numberOfRobotsOnBlackSite,numberOfRobotsOnWhiteSite
30131,19,20
timeStep,numberOfRobotsOnBlackSite,numberOfRobotsOnWhiteSite
30132,19,20
timeStep,numberOfRobotsOnBlackSite,numberOfRobotsOnWhiteSite
30133,19,20
timeStep,numberOfRobotsOnBlackSite,numberOfRobotsOnWhiteSite
30134,19,20
timeStep,numberOfRobotsOnBlackSite,numberOfRobotsOnWhiteSite
30135,19,20
timeStep,numberOfRobotsOnBlackSite,numberOfRobotsOnWhiteSite
30136,19,20
timeStep,numberOfRobotsOnBlackSite,numberOfRobotsOnWhiteSite
30137,19,20
timeStep,numberOfRobotsOnBlackSite,numberOfRobotsOnWhiteSite
30138,19,20
timeStep,numberOfRobotsOnBlackSite,numberOfRobotsOnWhiteSite
30139,19,20
timeStep,numberOfRobotsOnBlackSite,numberOfRobotsOnWhiteSite
30140,19,20
timeStep,numberOfRobotsOnBlackSite,numberOfRobotsOnWhiteSite
30141,19,20
timeStep,numberOfRobotsOnBlackSite,numberOfRobotsOnWhiteSite
30142,19,20
timeStep,numberOfRobotsOnBlackSite,numberOfRobotsOnWhiteSite
30143,19,20
timeStep,numberOfRobotsOnBlackSite,numberOfRobotsOnWhiteSite
30144,19,20
timeStep,numberOfRobotsOnBlackSite,numberOfRobotsOnWhiteSite
30145,19,20
timeStep,numberOfRobotsOnBlackSite,numberOfRobotsOnWhiteSite
30146,19,20
timeStep,numberOfRobotsOnBlackSite,numberOfRobotsOnWhiteSite
30147,19,20
timeStep,numberOfRobotsOnBlackSite,numberOfRobotsOnWhiteSite
30148,19,20
timeStep,numberOfRobotsOnBlackSite,numberOfRobotsOnWhiteSite
30149,19,20
timeStep,numberOfRobotsOnBlackSite,numberOfRobotsOnWhiteSite
30150,19,20
timeStep,numberOfRobotsOnBlackSite,numberOfRobotsOnWhiteSite
30151,19,20
timeStep,numberOfRobotsOnBlackSite,numberOfRobotsOnWhiteSite
30152,19,20
timeStep,numberOfRobotsOnBlackSite,numberOfRobotsOnWhiteSite
30153,19,20
timeStep,numberOfRobotsOnBlackSite,numberOfRobotsOnWhiteSite
30154,19,20
timeStep,numberOfRobotsOnBlackSite,numberOfRobotsOnWhiteSite
30155,19,20
timeStep,numberOfRobotsOnBlackSite,numberOfRobotsOnWhiteSite
30156,19,20
timeStep,numberOfRobotsOnBlackSite,numberOfRobotsOnWhiteSite
30157,19,20
timeStep,numberOfRobotsOnBlackSite,numberOfRobotsOnWhiteSite
30158,19,20
timeStep,numberOfRobotsOnBlackSite,numberOfRobotsOnWhiteSite
30159,19,20
timeStep,numberOfRobotsOnBlackSite,numberOfRobotsOnWhiteSite
30160,19,19
timeStep,numberOfRobotsOnBlackSite,numberOfRobotsOnWhiteSite
30161,19,19
timeStep,numberOfRobotsOnBlackSite,numberOfRobotsOnWhiteSite
30162,19,19
timeStep,numberOfRobotsOnBlackSite,numberOfRobotsOnWhiteSite
30163,19,19
timeStep,numberOfRobotsOnBlackSite,numberOfRobotsOnWhiteSite
30164,19,19
timeStep,numberOfRobotsOnBlackSite,numberOfRobotsOnWhiteSite
30165,19,19
timeStep,numberOfRobotsOnBlackSite,numberOfRobotsOnWhiteSite
30166,19,19
timeStep,numberOfRobotsOnBlackSite,numberOfRobotsOnWhiteSite
30167,19,19
timeStep,numberOfRobotsOnBlackSite,numberOfRobotsOnWhiteSite
30168,19,19
timeStep,numberOfRobotsOnBlackSite,numberOfRobotsOnWhiteSite
30169,19,19
timeStep,numberOfRobotsOnBlackSite,numberOfRobotsOnWhiteSite
30170,19,19
timeStep,numberOfRobotsOnBlackSite,numberOfRobotsOnWhiteSite
30171,19,19
timeStep,numberOfRobotsOnBlackSite,numberOfRobotsOnWhiteSite
30172,19,19
timeStep,numberOfRobotsOnBlackSite,numberOfRobotsOnWhiteSite
30173,19,19
timeStep,numberOfRobotsOnBlackSite,numberOfRobotsOnWhiteSite
30174,19,19
timeStep,numberOfRobotsOnBlackSite,numberOfRobotsOnWhiteSite
30175,18,19
timeStep,numberOfRobotsOnBlackSite,numberOfRobotsOnWhiteSite
30176,18,19
timeStep,numberOfRobotsOnBlackSite,numberOfRobotsOnWhiteSite
30177,18,19
timeStep,numberOfRobotsOnBlackSite,numberOfRobotsOnWhiteSite
30178,18,19
timeStep,numberOfRobotsOnBlackSite,numberOfRobotsOnWhiteSite
30179,18,19
timeStep,numberOfRobotsOnBlackSite,numberOfRobotsOnWhiteSite
30180,18,19
timeStep,numberOfRobotsOnBlackSite,numberOfRobotsOnWhiteSite
30181,18,19
timeStep,numberOfRobotsOnBlackSite,numberOfRobotsOnWhiteSite
30182,18,19
timeStep,numberOfRobotsOnBlackSite,numberOfRobotsOnWhiteSite
30183,18,19
timeStep,numberOfRobotsOnBlackSite,numberOfRobotsOnWhiteSite
30184,18,19
timeStep,numberOfRobotsOnBlackSite,numberOfRobotsOnWhiteSite
30185,18,19
timeStep,numberOfRobotsOnBlackSite,numberOfRobotsOnWhiteSite
30186,18,19
timeStep,numberOfRobotsOnBlackSite,numberOfRobotsOnWhiteSite
30187,18,19
timeStep,numberOfRobotsOnBlackSite,numberOfRobotsOnWhiteSite
30188,18,19
timeStep,numberOfRobotsOnBlackSite,numberOfRobotsOnWhiteSite
30189,18,19
timeStep,numberOfRobotsOnBlackSite,numberOfRobotsOnWhiteSite
30190,19,19
timeStep,numberOfRobotsOnBlackSite,numberOfRobotsOnWhiteSite
30191,19,19
timeStep,numberOfRobotsOnBlackSite,numberOfRobotsOnWhiteSite
30192,19,19
timeStep,numberOfRobotsOnBlackSite,numberOfRobotsOnWhiteSite
30193,19,19
timeStep,numberOfRobotsOnBlackSite,numberOfRobotsOnWhiteSite
30194,19,19
timeStep,numberOfRobotsOnBlackSite,numberOfRobotsOnWhiteSite
30195,19,19
timeStep,numberOfRobotsOnBlackSite,numberOfRobotsOnWhiteSite
30196,19,19
timeStep,numberOfRobotsOnBlackSite,numberOfRobotsOnWhiteSite
30197,19,19
timeStep,numberOfRobotsOnBlackSite,numberOfRobotsOnWhiteSite
30198,19,19
timeStep,numberOfRobotsOnBlackSite,numberOfRobotsOnWhiteSite
30199,19,19
timeStep,numberOfRobotsOnBlackSite,numberOfRobotsOnWhiteSite
30200,19,19
timeStep,numberOfRobotsOnBlackSite,numberOfRobotsOnWhiteSite
30201,19,19
timeStep,numberOfRobotsOnBlackSite,numberOfRobotsOnWhiteSite
30202,19,19
timeStep,numberOfRobotsOnBlackSite,numberOfRobotsOnWhiteSite
30203,19,19
timeStep,numberOfRobotsOnBlackSite,numberOfRobotsOnWhiteSite
30204,19,19
timeStep,numberOfRobotsOnBlackSite,numberOfRobotsOnWhiteSite
30205,19,19
timeStep,numberOfRobotsOnBlackSite,numberOfRobotsOnWhiteSite
30206,19,19
timeStep,numberOfRobotsOnBlackSite,numberOfRobotsOnWhiteSite
30207,19,19
timeStep,numberOfRobotsOnBlackSite,numberOfRobotsOnWhiteSite
30208,19,19
timeStep,numberOfRobotsOnBlackSite,numberOfRobotsOnWhiteSite
30209,19,19
timeStep,numberOfRobotsOnBlackSite,numberOfRobotsOnWhiteSite
30210,19,19
timeStep,numberOfRobotsOnBlackSite,numberOfRobotsOnWhiteSite
30211,19,19
timeStep,numberOfRobotsOnBlackSite,numberOfRobotsOnWhiteSite
30212,19,19
timeStep,numberOfRobotsOnBlackSite,numberOfRobotsOnWhiteSite
30213,19,19
timeStep,numberOfRobotsOnBlackSite,numberOfRobotsOnWhiteSite
30214,19,19
timeStep,numberOfRobotsOnBlackSite,numberOfRobotsOnWhiteSite
30215,19,19
timeStep,numberOfRobotsOnBlackSite,numberOfRobotsOnWhiteSite
30216,19,19
timeStep,numberOfRobotsOnBlackSite,numberOfRobotsOnWhiteSite
30217,19,19
timeStep,numberOfRobotsOnBlackSite,numberOfRobotsOnWhiteSite
30218,19,19
timeStep,numberOfRobotsOnBlackSite,numberOfRobotsOnWhiteSite
30219,19,19
timeStep,numberOfRobotsOnBlackSite,numberOfRobotsOnWhiteSite
30220,19,19
timeStep,numberOfRobotsOnBlackSite,numberOfRobotsOnWhiteSite
30221,19,19
timeStep,numberOfRobotsOnBlackSite,numberOfRobotsOnWhiteSite
30222,19,19
timeStep,numberOfRobotsOnBlackSite,numberOfRobotsOnWhiteSite
30223,19,19
timeStep,numberOfRobotsOnBlackSite,numberOfRobotsOnWhiteSite
30224,19,19
timeStep,numberOfRobotsOnBlackSite,numberOfRobotsOnWhiteSite
30225,19,19
timeStep,numberOfRobotsOnBlackSite,numberOfRobotsOnWhiteSite
30226,19,19
timeStep,numberOfRobotsOnBlackSite,numberOfRobotsOnWhiteSite
30227,19,19
timeStep,numberOfRobotsOnBlackSite,numberOfRobotsOnWhiteSite
30228,19,19
timeStep,numberOfRobotsOnBlackSite,numberOfRobotsOnWhiteSite
30229,19,19
timeStep,numberOfRobotsOnBlackSite,numberOfRobotsOnWhiteSite
30230,19,19
timeStep,numberOfRobotsOnBlackSite,numberOfRobotsOnWhiteSite
30231,19,19
timeStep,numberOfRobotsOnBlackSite,numberOfRobotsOnWhiteSite
30232,19,19
timeStep,numberOfRobotsOnBlackSite,numberOfRobotsOnWhiteSite
30233,19,19
timeStep,numberOfRobotsOnBlackSite,numberOfRobotsOnWhiteSite
30234,19,19
timeStep,numberOfRobotsOnBlackSite,numberOfRobotsOnWhiteSite
30235,19,19
timeStep,numberOfRobotsOnBlackSite,numberOfRobotsOnWhiteSite
30236,19,19
timeStep,numberOfRobotsOnBlackSite,numberOfRobotsOnWhiteSite
30237,19,19
timeStep,numberOfRobotsOnBlackSite,numberOfRobotsOnWhiteSite
30238,19,19
timeStep,numberOfRobotsOnBlackSite,numberOfRobotsOnWhiteSite
30239,19,19
timeStep,numberOfRobotsOnBlackSite,numberOfRobotsOnWhiteSite
30240,19,19
timeStep,numberOfRobotsOnBlackSite,numberOfRobotsOnWhiteSite
30241,19,19
timeStep,numberOfRobotsOnBlackSite,numberOfRobotsOnWhiteSite
30242,19,19
timeStep,numberOfRobotsOnBlackSite,numberOfRobotsOnWhiteSite
30243,19,19
timeStep,numberOfRobotsOnBlackSite,numberOfRobotsOnWhiteSite
30244,19,19
timeStep,numberOfRobotsOnBlackSite,numberOfRobotsOnWhiteSite
30245,19,19
timeStep,numberOfRobotsOnBlackSite,numberOfRobotsOnWhiteSite
30246,19,19
timeStep,numberOfRobotsOnBlackSite,numberOfRobotsOnWhiteSite
30247,19,19
timeStep,numberOfRobotsOnBlackSite,numberOfRobotsOnWhiteSite
30248,19,19
timeStep,numberOfRobotsOnBlackSite,numberOfRobotsOnWhiteSite
30249,19,19
timeStep,numberOfRobotsOnBlackSite,numberOfRobotsOnWhiteSite
30250,19,19
timeStep,numberOfRobotsOnBlackSite,numberOfRobotsOnWhiteSite
30251,19,19
timeStep,numberOfRobotsOnBlackSite,numberOfRobotsOnWhiteSite
30252,19,19
timeStep,numberOfRobotsOnBlackSite,numberOfRobotsOnWhiteSite
30253,19,19
timeStep,numberOfRobotsOnBlackSite,numberOfRobotsOnWhiteSite
30254,19,19
timeStep,numberOfRobotsOnBlackSite,numberOfRobotsOnWhiteSite
30255,19,19
timeStep,numberOfRobotsOnBlackSite,numberOfRobotsOnWhiteSite
30256,19,19
timeStep,numberOfRobotsOnBlackSite,numberOfRobotsOnWhiteSite
30257,19,19
timeStep,numberOfRobotsOnBlackSite,numberOfRobotsOnWhiteSite
30258,19,19
timeStep,numberOfRobotsOnBlackSite,numberOfRobotsOnWhiteSite
30259,19,19
timeStep,numberOfRobotsOnBlackSite,numberOfRobotsOnWhiteSite
30260,19,19
timeStep,numberOfRobotsOnBlackSite,numberOfRobotsOnWhiteSite
30261,19,19
timeStep,numberOfRobotsOnBlackSite,numberOfRobotsOnWhiteSite
30262,19,19
timeStep,numberOfRobotsOnBlackSite,numberOfRobotsOnWhiteSite
30263,19,19
timeStep,numberOfRobotsOnBlackSite,numberOfRobotsOnWhiteSite
30264,19,19
timeStep,numberOfRobotsOnBlackSite,numberOfRobotsOnWhiteSite
30265,19,19
timeStep,numberOfRobotsOnBlackSite,numberOfRobotsOnWhiteSite
30266,19,19
timeStep,numberOfRobotsOnBlackSite,numberOfRobotsOnWhiteSite
30267,19,19
timeStep,numberOfRobotsOnBlackSite,numberOfRobotsOnWhiteSite
30268,19,19
timeStep,numberOfRobotsOnBlackSite,numberOfRobotsOnWhiteSite
30269,19,19
timeStep,numberOfRobotsOnBlackSite,numberOfRobotsOnWhiteSite
30270,19,19
timeStep,numberOfRobotsOnBlackSite,numberOfRobotsOnWhiteSite
30271,19,19
timeStep,numberOfRobotsOnBlackSite,numberOfRobotsOnWhiteSite
30272,19,19
timeStep,numberOfRobotsOnBlackSite,numberOfRobotsOnWhiteSite
30273,19,19
timeStep,numberOfRobotsOnBlackSite,numberOfRobotsOnWhiteSite
30274,19,19
timeStep,numberOfRobotsOnBlackSite,numberOfRobotsOnWhiteSite
30275,19,19
timeStep,numberOfRobotsOnBlackSite,numberOfRobotsOnWhiteSite
30276,19,19
timeStep,numberOfRobotsOnBlackSite,numberOfRobotsOnWhiteSite
30277,19,19
timeStep,numberOfRobotsOnBlackSite,numberOfRobotsOnWhiteSite
30278,19,19
timeStep,numberOfRobotsOnBlackSite,numberOfRobotsOnWhiteSite
30279,19,19
timeStep,numberOfRobotsOnBlackSite,numberOfRobotsOnWhiteSite
30280,19,19
timeStep,numberOfRobotsOnBlackSite,numberOfRobotsOnWhiteSite
30281,19,19
timeStep,numberOfRobotsOnBlackSite,numberOfRobotsOnWhiteSite
30282,19,19
timeStep,numberOfRobotsOnBlackSite,numberOfRobotsOnWhiteSite
30283,19,19
timeStep,numberOfRobotsOnBlackSite,numberOfRobotsOnWhiteSite
30284,19,19
timeStep,numberOfRobotsOnBlackSite,numberOfRobotsOnWhiteSite
30285,19,19
timeStep,numberOfRobotsOnBlackSite,numberOfRobotsOnWhiteSite
30286,19,19
timeStep,numberOfRobotsOnBlackSite,numberOfRobotsOnWhiteSite
30287,19,19
timeStep,numberOfRobotsOnBlackSite,numberOfRobotsOnWhiteSite
30288,19,19
timeStep,numberOfRobotsOnBlackSite,numberOfRobotsOnWhiteSite
30289,19,19
timeStep,numberOfRobotsOnBlackSite,numberOfRobotsOnWhiteSite
30290,19,19
timeStep,numberOfRobotsOnBlackSite,numberOfRobotsOnWhiteSite
30291,19,19
timeStep,numberOfRobotsOnBlackSite,numberOfRobotsOnWhiteSite
30292,19,19
timeStep,numberOfRobotsOnBlackSite,numberOfRobotsOnWhiteSite
30293,19,19
timeStep,numberOfRobotsOnBlackSite,numberOfRobotsOnWhiteSite
30294,19,19
timeStep,numberOfRobotsOnBlackSite,numberOfRobotsOnWhiteSite
30295,19,19
timeStep,numberOfRobotsOnBlackSite,numberOfRobotsOnWhiteSite
30296,19,19
timeStep,numberOfRobotsOnBlackSite,numberOfRobotsOnWhiteSite
30297,19,19
timeStep,numberOfRobotsOnBlackSite,numberOfRobotsOnWhiteSite
30298,19,19
timeStep,numberOfRobotsOnBlackSite,numberOfRobotsOnWhiteSite
30299,19,19
timeStep,numberOfRobotsOnBlackSite,numberOfRobotsOnWhiteSite
30300,19,19
timeStep,numberOfRobotsOnBlackSite,numberOfRobotsOnWhiteSite
30301,19,19
timeStep,numberOfRobotsOnBlackSite,numberOfRobotsOnWhiteSite
30302,19,19
timeStep,numberOfRobotsOnBlackSite,numberOfRobotsOnWhiteSite
30303,19,19
timeStep,numberOfRobotsOnBlackSite,numberOfRobotsOnWhiteSite
30304,19,19
timeStep,numberOfRobotsOnBlackSite,numberOfRobotsOnWhiteSite
30305,19,19
timeStep,numberOfRobotsOnBlackSite,numberOfRobotsOnWhiteSite
30306,19,19
timeStep,numberOfRobotsOnBlackSite,numberOfRobotsOnWhiteSite
30307,19,19
timeStep,numberOfRobotsOnBlackSite,numberOfRobotsOnWhiteSite
30308,19,19
timeStep,numberOfRobotsOnBlackSite,numberOfRobotsOnWhiteSite
30309,19,19
timeStep,numberOfRobotsOnBlackSite,numberOfRobotsOnWhiteSite
30310,18,19
timeStep,numberOfRobotsOnBlackSite,numberOfRobotsOnWhiteSite
30311,18,19
timeStep,numberOfRobotsOnBlackSite,numberOfRobotsOnWhiteSite
30312,18,19
timeStep,numberOfRobotsOnBlackSite,numberOfRobotsOnWhiteSite
30313,18,19
timeStep,numberOfRobotsOnBlackSite,numberOfRobotsOnWhiteSite
30314,18,19
timeStep,numberOfRobotsOnBlackSite,numberOfRobotsOnWhiteSite
30315,18,19
timeStep,numberOfRobotsOnBlackSite,numberOfRobotsOnWhiteSite
30316,18,19
timeStep,numberOfRobotsOnBlackSite,numberOfRobotsOnWhiteSite
30317,18,19
timeStep,numberOfRobotsOnBlackSite,numberOfRobotsOnWhiteSite
30318,18,19
timeStep,numberOfRobotsOnBlackSite,numberOfRobotsOnWhiteSite
30319,18,19
timeStep,numberOfRobotsOnBlackSite,numberOfRobotsOnWhiteSite
30320,18,19
timeStep,numberOfRobotsOnBlackSite,numberOfRobotsOnWhiteSite
30321,18,19
timeStep,numberOfRobotsOnBlackSite,numberOfRobotsOnWhiteSite
30322,18,19
timeStep,numberOfRobotsOnBlackSite,numberOfRobotsOnWhiteSite
30323,18,19
timeStep,numberOfRobotsOnBlackSite,numberOfRobotsOnWhiteSite
30324,18,19
timeStep,numberOfRobotsOnBlackSite,numberOfRobotsOnWhiteSite
30325,18,19
timeStep,numberOfRobotsOnBlackSite,numberOfRobotsOnWhiteSite
30326,18,19
timeStep,numberOfRobotsOnBlackSite,numberOfRobotsOnWhiteSite
30327,18,19
timeStep,numberOfRobotsOnBlackSite,numberOfRobotsOnWhiteSite
30328,18,19
timeStep,numberOfRobotsOnBlackSite,numberOfRobotsOnWhiteSite
30329,18,19
timeStep,numberOfRobotsOnBlackSite,numberOfRobotsOnWhiteSite
30330,19,19
timeStep,numberOfRobotsOnBlackSite,numberOfRobotsOnWhiteSite
30331,19,19
timeStep,numberOfRobotsOnBlackSite,numberOfRobotsOnWhiteSite
30332,19,19
timeStep,numberOfRobotsOnBlackSite,numberOfRobotsOnWhiteSite
30333,19,19
timeStep,numberOfRobotsOnBlackSite,numberOfRobotsOnWhiteSite
30334,19,19
timeStep,numberOfRobotsOnBlackSite,numberOfRobotsOnWhiteSite
30335,19,19
timeStep,numberOfRobotsOnBlackSite,numberOfRobotsOnWhiteSite
30336,19,19
timeStep,numberOfRobotsOnBlackSite,numberOfRobotsOnWhiteSite
30337,19,19
timeStep,numberOfRobotsOnBlackSite,numberOfRobotsOnWhiteSite
30338,19,19
timeStep,numberOfRobotsOnBlackSite,numberOfRobotsOnWhiteSite
30339,19,19
timeStep,numberOfRobotsOnBlackSite,numberOfRobotsOnWhiteSite
30340,19,19
timeStep,numberOfRobotsOnBlackSite,numberOfRobotsOnWhiteSite
30341,19,19
timeStep,numberOfRobotsOnBlackSite,numberOfRobotsOnWhiteSite
30342,19,19
timeStep,numberOfRobotsOnBlackSite,numberOfRobotsOnWhiteSite
30343,19,19
timeStep,numberOfRobotsOnBlackSite,numberOfRobotsOnWhiteSite
30344,19,19
timeStep,numberOfRobotsOnBlackSite,numberOfRobotsOnWhiteSite
30345,19,19
timeStep,numberOfRobotsOnBlackSite,numberOfRobotsOnWhiteSite
30346,19,19
timeStep,numberOfRobotsOnBlackSite,numberOfRobotsOnWhiteSite
30347,19,19
timeStep,numberOfRobotsOnBlackSite,numberOfRobotsOnWhiteSite
30348,19,19
timeStep,numberOfRobotsOnBlackSite,numberOfRobotsOnWhiteSite
30349,19,19
timeStep,numberOfRobotsOnBlackSite,numberOfRobotsOnWhiteSite
30350,19,19
timeStep,numberOfRobotsOnBlackSite,numberOfRobotsOnWhiteSite
30351,19,19
timeStep,numberOfRobotsOnBlackSite,numberOfRobotsOnWhiteSite
30352,19,19
timeStep,numberOfRobotsOnBlackSite,numberOfRobotsOnWhiteSite
30353,19,19
timeStep,numberOfRobotsOnBlackSite,numberOfRobotsOnWhiteSite
30354,19,19
timeStep,numberOfRobotsOnBlackSite,numberOfRobotsOnWhiteSite
30355,20,19
timeStep,numberOfRobotsOnBlackSite,numberOfRobotsOnWhiteSite
30356,20,19
timeStep,numberOfRobotsOnBlackSite,numberOfRobotsOnWhiteSite
30357,20,19
timeStep,numberOfRobotsOnBlackSite,numberOfRobotsOnWhiteSite
30358,20,19
timeStep,numberOfRobotsOnBlackSite,numberOfRobotsOnWhiteSite
30359,20,19
timeStep,numberOfRobotsOnBlackSite,numberOfRobotsOnWhiteSite
30360,20,19
timeStep,numberOfRobotsOnBlackSite,numberOfRobotsOnWhiteSite
30361,20,19
timeStep,numberOfRobotsOnBlackSite,numberOfRobotsOnWhiteSite
30362,20,19
timeStep,numberOfRobotsOnBlackSite,numberOfRobotsOnWhiteSite
30363,20,19
timeStep,numberOfRobotsOnBlackSite,numberOfRobotsOnWhiteSite
30364,20,19
timeStep,numberOfRobotsOnBlackSite,numberOfRobotsOnWhiteSite
30365,20,19
timeStep,numberOfRobotsOnBlackSite,numberOfRobotsOnWhiteSite
30366,20,19
timeStep,numberOfRobotsOnBlackSite,numberOfRobotsOnWhiteSite
30367,20,19
timeStep,numberOfRobotsOnBlackSite,numberOfRobotsOnWhiteSite
30368,20,19
timeStep,numberOfRobotsOnBlackSite,numberOfRobotsOnWhiteSite
30369,20,19
timeStep,numberOfRobotsOnBlackSite,numberOfRobotsOnWhiteSite
30370,20,19
timeStep,numberOfRobotsOnBlackSite,numberOfRobotsOnWhiteSite
30371,20,19
timeStep,numberOfRobotsOnBlackSite,numberOfRobotsOnWhiteSite
30372,20,19
timeStep,numberOfRobotsOnBlackSite,numberOfRobotsOnWhiteSite
30373,20,19
timeStep,numberOfRobotsOnBlackSite,numberOfRobotsOnWhiteSite
30374,20,19
timeStep,numberOfRobotsOnBlackSite,numberOfRobotsOnWhiteSite
30375,20,19
timeStep,numberOfRobotsOnBlackSite,numberOfRobotsOnWhiteSite
30376,20,19
timeStep,numberOfRobotsOnBlackSite,numberOfRobotsOnWhiteSite
30377,20,19
timeStep,numberOfRobotsOnBlackSite,numberOfRobotsOnWhiteSite
30378,20,19
timeStep,numberOfRobotsOnBlackSite,numberOfRobotsOnWhiteSite
30379,20,19
timeStep,numberOfRobotsOnBlackSite,numberOfRobotsOnWhiteSite
30380,20,19
timeStep,numberOfRobotsOnBlackSite,numberOfRobotsOnWhiteSite
30381,20,19
timeStep,numberOfRobotsOnBlackSite,numberOfRobotsOnWhiteSite
30382,20,19
timeStep,numberOfRobotsOnBlackSite,numberOfRobotsOnWhiteSite
30383,20,19
timeStep,numberOfRobotsOnBlackSite,numberOfRobotsOnWhiteSite
30384,20,19
timeStep,numberOfRobotsOnBlackSite,numberOfRobotsOnWhiteSite
30385,20,19
timeStep,numberOfRobotsOnBlackSite,numberOfRobotsOnWhiteSite
30386,20,19
timeStep,numberOfRobotsOnBlackSite,numberOfRobotsOnWhiteSite
30387,20,19
timeStep,numberOfRobotsOnBlackSite,numberOfRobotsOnWhiteSite
30388,20,19
timeStep,numberOfRobotsOnBlackSite,numberOfRobotsOnWhiteSite
30389,20,19
timeStep,numberOfRobotsOnBlackSite,numberOfRobotsOnWhiteSite
30390,20,19
timeStep,numberOfRobotsOnBlackSite,numberOfRobotsOnWhiteSite
30391,20,19
timeStep,numberOfRobotsOnBlackSite,numberOfRobotsOnWhiteSite
30392,20,19
timeStep,numberOfRobotsOnBlackSite,numberOfRobotsOnWhiteSite
30393,20,19
timeStep,numberOfRobotsOnBlackSite,numberOfRobotsOnWhiteSite
30394,20,19
timeStep,numberOfRobotsOnBlackSite,numberOfRobotsOnWhiteSite
30395,20,19
timeStep,numberOfRobotsOnBlackSite,numberOfRobotsOnWhiteSite
30396,20,19
timeStep,numberOfRobotsOnBlackSite,numberOfRobotsOnWhiteSite
30397,20,19
timeStep,numberOfRobotsOnBlackSite,numberOfRobotsOnWhiteSite
30398,20,19
timeStep,numberOfRobotsOnBlackSite,numberOfRobotsOnWhiteSite
30399,20,19
timeStep,numberOfRobotsOnBlackSite,numberOfRobotsOnWhiteSite
30400,20,19
timeStep,numberOfRobotsOnBlackSite,numberOfRobotsOnWhiteSite
30401,20,19
timeStep,numberOfRobotsOnBlackSite,numberOfRobotsOnWhiteSite
30402,20,19
timeStep,numberOfRobotsOnBlackSite,numberOfRobotsOnWhiteSite
30403,20,19
timeStep,numberOfRobotsOnBlackSite,numberOfRobotsOnWhiteSite
30404,20,19
timeStep,numberOfRobotsOnBlackSite,numberOfRobotsOnWhiteSite
30405,20,19
timeStep,numberOfRobotsOnBlackSite,numberOfRobotsOnWhiteSite
30406,20,19
timeStep,numberOfRobotsOnBlackSite,numberOfRobotsOnWhiteSite
30407,20,19
timeStep,numberOfRobotsOnBlackSite,numberOfRobotsOnWhiteSite
30408,20,19
timeStep,numberOfRobotsOnBlackSite,numberOfRobotsOnWhiteSite
30409,20,19
timeStep,numberOfRobotsOnBlackSite,numberOfRobotsOnWhiteSite
30410,20,19
timeStep,numberOfRobotsOnBlackSite,numberOfRobotsOnWhiteSite
30411,20,19
timeStep,numberOfRobotsOnBlackSite,numberOfRobotsOnWhiteSite
30412,20,19
timeStep,numberOfRobotsOnBlackSite,numberOfRobotsOnWhiteSite
30413,20,19
timeStep,numberOfRobotsOnBlackSite,numberOfRobotsOnWhiteSite
30414,20,19
timeStep,numberOfRobotsOnBlackSite,numberOfRobotsOnWhiteSite
30415,20,19
timeStep,numberOfRobotsOnBlackSite,numberOfRobotsOnWhiteSite
30416,20,19
timeStep,numberOfRobotsOnBlackSite,numberOfRobotsOnWhiteSite
30417,20,19
timeStep,numberOfRobotsOnBlackSite,numberOfRobotsOnWhiteSite
30418,20,19
timeStep,numberOfRobotsOnBlackSite,numberOfRobotsOnWhiteSite
30419,20,19
timeStep,numberOfRobotsOnBlackSite,numberOfRobotsOnWhiteSite
30420,20,19
timeStep,numberOfRobotsOnBlackSite,numberOfRobotsOnWhiteSite
30421,20,19
timeStep,numberOfRobotsOnBlackSite,numberOfRobotsOnWhiteSite
30422,20,19
timeStep,numberOfRobotsOnBlackSite,numberOfRobotsOnWhiteSite
30423,20,19
timeStep,numberOfRobotsOnBlackSite,numberOfRobotsOnWhiteSite
30424,20,19
timeStep,numberOfRobotsOnBlackSite,numberOfRobotsOnWhiteSite
30425,20,19
timeStep,numberOfRobotsOnBlackSite,numberOfRobotsOnWhiteSite
30426,20,19
timeStep,numberOfRobotsOnBlackSite,numberOfRobotsOnWhiteSite
30427,20,19
timeStep,numberOfRobotsOnBlackSite,numberOfRobotsOnWhiteSite
30428,20,19
timeStep,numberOfRobotsOnBlackSite,numberOfRobotsOnWhiteSite
30429,20,19
timeStep,numberOfRobotsOnBlackSite,numberOfRobotsOnWhiteSite
30430,20,19
timeStep,numberOfRobotsOnBlackSite,numberOfRobotsOnWhiteSite
30431,20,19
timeStep,numberOfRobotsOnBlackSite,numberOfRobotsOnWhiteSite
30432,20,19
timeStep,numberOfRobotsOnBlackSite,numberOfRobotsOnWhiteSite
30433,20,19
timeStep,numberOfRobotsOnBlackSite,numberOfRobotsOnWhiteSite
30434,20,19
timeStep,numberOfRobotsOnBlackSite,numberOfRobotsOnWhiteSite
30435,20,19
timeStep,numberOfRobotsOnBlackSite,numberOfRobotsOnWhiteSite
30436,20,19
timeStep,numberOfRobotsOnBlackSite,numberOfRobotsOnWhiteSite
30437,20,19
timeStep,numberOfRobotsOnBlackSite,numberOfRobotsOnWhiteSite
30438,20,19
timeStep,numberOfRobotsOnBlackSite,numberOfRobotsOnWhiteSite
30439,20,19
timeStep,numberOfRobotsOnBlackSite,numberOfRobotsOnWhiteSite
30440,20,19
timeStep,numberOfRobotsOnBlackSite,numberOfRobotsOnWhiteSite
30441,20,19
timeStep,numberOfRobotsOnBlackSite,numberOfRobotsOnWhiteSite
30442,20,19
timeStep,numberOfRobotsOnBlackSite,numberOfRobotsOnWhiteSite
30443,20,19
timeStep,numberOfRobotsOnBlackSite,numberOfRobotsOnWhiteSite
30444,20,19
timeStep,numberOfRobotsOnBlackSite,numberOfRobotsOnWhiteSite
30445,20,19
timeStep,numberOfRobotsOnBlackSite,numberOfRobotsOnWhiteSite
30446,20,19
timeStep,numberOfRobotsOnBlackSite,numberOfRobotsOnWhiteSite
30447,20,19
timeStep,numberOfRobotsOnBlackSite,numberOfRobotsOnWhiteSite
30448,20,19
timeStep,numberOfRobotsOnBlackSite,numberOfRobotsOnWhiteSite
30449,20,19
timeStep,numberOfRobotsOnBlackSite,numberOfRobotsOnWhiteSite
30450,20,19
timeStep,numberOfRobotsOnBlackSite,numberOfRobotsOnWhiteSite
30451,20,19
timeStep,numberOfRobotsOnBlackSite,numberOfRobotsOnWhiteSite
30452,20,19
timeStep,numberOfRobotsOnBlackSite,numberOfRobotsOnWhiteSite
30453,20,19
timeStep,numberOfRobotsOnBlackSite,numberOfRobotsOnWhiteSite
30454,20,19
timeStep,numberOfRobotsOnBlackSite,numberOfRobotsOnWhiteSite
30455,20,19
timeStep,numberOfRobotsOnBlackSite,numberOfRobotsOnWhiteSite
30456,20,19
timeStep,numberOfRobotsOnBlackSite,numberOfRobotsOnWhiteSite
30457,20,19
timeStep,numberOfRobotsOnBlackSite,numberOfRobotsOnWhiteSite
30458,20,19
timeStep,numberOfRobotsOnBlackSite,numberOfRobotsOnWhiteSite
30459,20,19
timeStep,numberOfRobotsOnBlackSite,numberOfRobotsOnWhiteSite
30460,20,19
timeStep,numberOfRobotsOnBlackSite,numberOfRobotsOnWhiteSite
30461,20,19
timeStep,numberOfRobotsOnBlackSite,numberOfRobotsOnWhiteSite
30462,20,19
timeStep,numberOfRobotsOnBlackSite,numberOfRobotsOnWhiteSite
30463,20,19
timeStep,numberOfRobotsOnBlackSite,numberOfRobotsOnWhiteSite
30464,20,19
timeStep,numberOfRobotsOnBlackSite,numberOfRobotsOnWhiteSite
30465,20,19
timeStep,numberOfRobotsOnBlackSite,numberOfRobotsOnWhiteSite
30466,20,19
timeStep,numberOfRobotsOnBlackSite,numberOfRobotsOnWhiteSite
30467,20,19
timeStep,numberOfRobotsOnBlackSite,numberOfRobotsOnWhiteSite
30468,20,19
timeStep,numberOfRobotsOnBlackSite,numberOfRobotsOnWhiteSite
30469,20,19
timeStep,numberOfRobotsOnBlackSite,numberOfRobotsOnWhiteSite
30470,20,19
timeStep,numberOfRobotsOnBlackSite,numberOfRobotsOnWhiteSite
30471,20,19
timeStep,numberOfRobotsOnBlackSite,numberOfRobotsOnWhiteSite
30472,20,19
timeStep,numberOfRobotsOnBlackSite,numberOfRobotsOnWhiteSite
30473,20,19
timeStep,numberOfRobotsOnBlackSite,numberOfRobotsOnWhiteSite
30474,20,19
timeStep,numberOfRobotsOnBlackSite,numberOfRobotsOnWhiteSite
30475,20,19
timeStep,numberOfRobotsOnBlackSite,numberOfRobotsOnWhiteSite
30476,20,19
timeStep,numberOfRobotsOnBlackSite,numberOfRobotsOnWhiteSite
30477,20,19
timeStep,numberOfRobotsOnBlackSite,numberOfRobotsOnWhiteSite
30478,20,19
timeStep,numberOfRobotsOnBlackSite,numberOfRobotsOnWhiteSite
30479,20,19
timeStep,numberOfRobotsOnBlackSite,numberOfRobotsOnWhiteSite
30480,19,19
timeStep,numberOfRobotsOnBlackSite,numberOfRobotsOnWhiteSite
30481,19,19
timeStep,numberOfRobotsOnBlackSite,numberOfRobotsOnWhiteSite
30482,19,19
timeStep,numberOfRobotsOnBlackSite,numberOfRobotsOnWhiteSite
30483,19,19
timeStep,numberOfRobotsOnBlackSite,numberOfRobotsOnWhiteSite
30484,19,19
timeStep,numberOfRobotsOnBlackSite,numberOfRobotsOnWhiteSite
30485,19,19
timeStep,numberOfRobotsOnBlackSite,numberOfRobotsOnWhiteSite
30486,19,19
timeStep,numberOfRobotsOnBlackSite,numberOfRobotsOnWhiteSite
30487,19,19
timeStep,numberOfRobotsOnBlackSite,numberOfRobotsOnWhiteSite
30488,19,19
timeStep,numberOfRobotsOnBlackSite,numberOfRobotsOnWhiteSite
30489,19,19
timeStep,numberOfRobotsOnBlackSite,numberOfRobotsOnWhiteSite
30490,19,19
timeStep,numberOfRobotsOnBlackSite,numberOfRobotsOnWhiteSite
30491,19,19
timeStep,numberOfRobotsOnBlackSite,numberOfRobotsOnWhiteSite
30492,19,19
timeStep,numberOfRobotsOnBlackSite,numberOfRobotsOnWhiteSite
30493,19,19
timeStep,numberOfRobotsOnBlackSite,numberOfRobotsOnWhiteSite
30494,19,19
timeStep,numberOfRobotsOnBlackSite,numberOfRobotsOnWhiteSite
30495,19,19
timeStep,numberOfRobotsOnBlackSite,numberOfRobotsOnWhiteSite
30496,19,19
timeStep,numberOfRobotsOnBlackSite,numberOfRobotsOnWhiteSite
30497,19,19
timeStep,numberOfRobotsOnBlackSite,numberOfRobotsOnWhiteSite
30498,19,19
timeStep,numberOfRobotsOnBlackSite,numberOfRobotsOnWhiteSite
30499,19,19
timeStep,numberOfRobotsOnBlackSite,numberOfRobotsOnWhiteSite
30500,19,19
timeStep,numberOfRobotsOnBlackSite,numberOfRobotsOnWhiteSite
30501,19,19
timeStep,numberOfRobotsOnBlackSite,numberOfRobotsOnWhiteSite
30502,19,19
timeStep,numberOfRobotsOnBlackSite,numberOfRobotsOnWhiteSite
30503,19,19
timeStep,numberOfRobotsOnBlackSite,numberOfRobotsOnWhiteSite
30504,19,19
timeStep,numberOfRobotsOnBlackSite,numberOfRobotsOnWhiteSite
30505,19,19
timeStep,numberOfRobotsOnBlackSite,numberOfRobotsOnWhiteSite
30506,19,19
timeStep,numberOfRobotsOnBlackSite,numberOfRobotsOnWhiteSite
30507,19,19
timeStep,numberOfRobotsOnBlackSite,numberOfRobotsOnWhiteSite
30508,19,19
timeStep,numberOfRobotsOnBlackSite,numberOfRobotsOnWhiteSite
30509,19,19
timeStep,numberOfRobotsOnBlackSite,numberOfRobotsOnWhiteSite
30510,19,19
timeStep,numberOfRobotsOnBlackSite,numberOfRobotsOnWhiteSite
30511,19,19
timeStep,numberOfRobotsOnBlackSite,numberOfRobotsOnWhiteSite
30512,19,19
timeStep,numberOfRobotsOnBlackSite,numberOfRobotsOnWhiteSite
30513,19,19
timeStep,numberOfRobotsOnBlackSite,numberOfRobotsOnWhiteSite
30514,19,19
timeStep,numberOfRobotsOnBlackSite,numberOfRobotsOnWhiteSite
30515,19,19
timeStep,numberOfRobotsOnBlackSite,numberOfRobotsOnWhiteSite
30516,19,19
timeStep,numberOfRobotsOnBlackSite,numberOfRobotsOnWhiteSite
30517,19,19
timeStep,numberOfRobotsOnBlackSite,numberOfRobotsOnWhiteSite
30518,19,19
timeStep,numberOfRobotsOnBlackSite,numberOfRobotsOnWhiteSite
30519,19,19
timeStep,numberOfRobotsOnBlackSite,numberOfRobotsOnWhiteSite
30520,19,19
timeStep,numberOfRobotsOnBlackSite,numberOfRobotsOnWhiteSite
30521,19,19
timeStep,numberOfRobotsOnBlackSite,numberOfRobotsOnWhiteSite
30522,19,19
timeStep,numberOfRobotsOnBlackSite,numberOfRobotsOnWhiteSite
30523,19,19
timeStep,numberOfRobotsOnBlackSite,numberOfRobotsOnWhiteSite
30524,19,19
timeStep,numberOfRobotsOnBlackSite,numberOfRobotsOnWhiteSite
30525,19,19
timeStep,numberOfRobotsOnBlackSite,numberOfRobotsOnWhiteSite
30526,19,19
timeStep,numberOfRobotsOnBlackSite,numberOfRobotsOnWhiteSite
30527,19,19
timeStep,numberOfRobotsOnBlackSite,numberOfRobotsOnWhiteSite
30528,19,19
timeStep,numberOfRobotsOnBlackSite,numberOfRobotsOnWhiteSite
30529,19,19
timeStep,numberOfRobotsOnBlackSite,numberOfRobotsOnWhiteSite
30530,19,19
timeStep,numberOfRobotsOnBlackSite,numberOfRobotsOnWhiteSite
30531,19,19
timeStep,numberOfRobotsOnBlackSite,numberOfRobotsOnWhiteSite
30532,19,19
timeStep,numberOfRobotsOnBlackSite,numberOfRobotsOnWhiteSite
30533,19,19
timeStep,numberOfRobotsOnBlackSite,numberOfRobotsOnWhiteSite
30534,19,19
timeStep,numberOfRobotsOnBlackSite,numberOfRobotsOnWhiteSite
30535,19,19
timeStep,numberOfRobotsOnBlackSite,numberOfRobotsOnWhiteSite
30536,19,19
timeStep,numberOfRobotsOnBlackSite,numberOfRobotsOnWhiteSite
30537,19,19
timeStep,numberOfRobotsOnBlackSite,numberOfRobotsOnWhiteSite
30538,19,19
timeStep,numberOfRobotsOnBlackSite,numberOfRobotsOnWhiteSite
30539,19,19
timeStep,numberOfRobotsOnBlackSite,numberOfRobotsOnWhiteSite
30540,19,19
timeStep,numberOfRobotsOnBlackSite,numberOfRobotsOnWhiteSite
30541,19,19
timeStep,numberOfRobotsOnBlackSite,numberOfRobotsOnWhiteSite
30542,19,19
timeStep,numberOfRobotsOnBlackSite,numberOfRobotsOnWhiteSite
30543,19,19
timeStep,numberOfRobotsOnBlackSite,numberOfRobotsOnWhiteSite
30544,19,19
timeStep,numberOfRobotsOnBlackSite,numberOfRobotsOnWhiteSite
30545,19,19
timeStep,numberOfRobotsOnBlackSite,numberOfRobotsOnWhiteSite
30546,19,19
timeStep,numberOfRobotsOnBlackSite,numberOfRobotsOnWhiteSite
30547,19,19
timeStep,numberOfRobotsOnBlackSite,numberOfRobotsOnWhiteSite
30548,19,19
timeStep,numberOfRobotsOnBlackSite,numberOfRobotsOnWhiteSite
30549,19,19
timeStep,numberOfRobotsOnBlackSite,numberOfRobotsOnWhiteSite
30550,19,19
timeStep,numberOfRobotsOnBlackSite,numberOfRobotsOnWhiteSite
30551,19,19
timeStep,numberOfRobotsOnBlackSite,numberOfRobotsOnWhiteSite
30552,19,19
timeStep,numberOfRobotsOnBlackSite,numberOfRobotsOnWhiteSite
30553,19,19
timeStep,numberOfRobotsOnBlackSite,numberOfRobotsOnWhiteSite
30554,19,19
timeStep,numberOfRobotsOnBlackSite,numberOfRobotsOnWhiteSite
30555,19,19
timeStep,numberOfRobotsOnBlackSite,numberOfRobotsOnWhiteSite
30556,19,19
timeStep,numberOfRobotsOnBlackSite,numberOfRobotsOnWhiteSite
30557,19,19
timeStep,numberOfRobotsOnBlackSite,numberOfRobotsOnWhiteSite
30558,19,19
timeStep,numberOfRobotsOnBlackSite,numberOfRobotsOnWhiteSite
30559,19,19
timeStep,numberOfRobotsOnBlackSite,numberOfRobotsOnWhiteSite
30560,19,19
timeStep,numberOfRobotsOnBlackSite,numberOfRobotsOnWhiteSite
30561,19,19
timeStep,numberOfRobotsOnBlackSite,numberOfRobotsOnWhiteSite
30562,19,19
timeStep,numberOfRobotsOnBlackSite,numberOfRobotsOnWhiteSite
30563,19,19
timeStep,numberOfRobotsOnBlackSite,numberOfRobotsOnWhiteSite
30564,19,19
timeStep,numberOfRobotsOnBlackSite,numberOfRobotsOnWhiteSite
30565,19,19
timeStep,numberOfRobotsOnBlackSite,numberOfRobotsOnWhiteSite
30566,19,19
timeStep,numberOfRobotsOnBlackSite,numberOfRobotsOnWhiteSite
30567,19,19
timeStep,numberOfRobotsOnBlackSite,numberOfRobotsOnWhiteSite
30568,19,19
timeStep,numberOfRobotsOnBlackSite,numberOfRobotsOnWhiteSite
30569,19,19
timeStep,numberOfRobotsOnBlackSite,numberOfRobotsOnWhiteSite
30570,19,20
timeStep,numberOfRobotsOnBlackSite,numberOfRobotsOnWhiteSite
30571,19,20
timeStep,numberOfRobotsOnBlackSite,numberOfRobotsOnWhiteSite
30572,19,20
timeStep,numberOfRobotsOnBlackSite,numberOfRobotsOnWhiteSite
30573,19,20
timeStep,numberOfRobotsOnBlackSite,numberOfRobotsOnWhiteSite
30574,19,20
timeStep,numberOfRobotsOnBlackSite,numberOfRobotsOnWhiteSite
30575,19,20
timeStep,numberOfRobotsOnBlackSite,numberOfRobotsOnWhiteSite
30576,19,20
timeStep,numberOfRobotsOnBlackSite,numberOfRobotsOnWhiteSite
30577,19,20
timeStep,numberOfRobotsOnBlackSite,numberOfRobotsOnWhiteSite
30578,19,20
timeStep,numberOfRobotsOnBlackSite,numberOfRobotsOnWhiteSite
30579,19,20
timeStep,numberOfRobotsOnBlackSite,numberOfRobotsOnWhiteSite
30580,19,20
timeStep,numberOfRobotsOnBlackSite,numberOfRobotsOnWhiteSite
30581,19,20
timeStep,numberOfRobotsOnBlackSite,numberOfRobotsOnWhiteSite
30582,19,20
timeStep,numberOfRobotsOnBlackSite,numberOfRobotsOnWhiteSite
30583,19,20
timeStep,numberOfRobotsOnBlackSite,numberOfRobotsOnWhiteSite
30584,19,20
timeStep,numberOfRobotsOnBlackSite,numberOfRobotsOnWhiteSite
30585,19,20
timeStep,numberOfRobotsOnBlackSite,numberOfRobotsOnWhiteSite
30586,19,20
timeStep,numberOfRobotsOnBlackSite,numberOfRobotsOnWhiteSite
30587,19,20
timeStep,numberOfRobotsOnBlackSite,numberOfRobotsOnWhiteSite
30588,19,20
timeStep,numberOfRobotsOnBlackSite,numberOfRobotsOnWhiteSite
30589,19,20
timeStep,numberOfRobotsOnBlackSite,numberOfRobotsOnWhiteSite
30590,19,20
timeStep,numberOfRobotsOnBlackSite,numberOfRobotsOnWhiteSite
30591,19,20
timeStep,numberOfRobotsOnBlackSite,numberOfRobotsOnWhiteSite
30592,19,20
timeStep,numberOfRobotsOnBlackSite,numberOfRobotsOnWhiteSite
30593,19,20
timeStep,numberOfRobotsOnBlackSite,numberOfRobotsOnWhiteSite
30594,19,20
timeStep,numberOfRobotsOnBlackSite,numberOfRobotsOnWhiteSite
30595,19,20
timeStep,numberOfRobotsOnBlackSite,numberOfRobotsOnWhiteSite
30596,19,20
timeStep,numberOfRobotsOnBlackSite,numberOfRobotsOnWhiteSite
30597,19,20
timeStep,numberOfRobotsOnBlackSite,numberOfRobotsOnWhiteSite
30598,19,20
timeStep,numberOfRobotsOnBlackSite,numberOfRobotsOnWhiteSite
30599,19,20
timeStep,numberOfRobotsOnBlackSite,numberOfRobotsOnWhiteSite
30600,19,20
timeStep,numberOfRobotsOnBlackSite,numberOfRobotsOnWhiteSite
30601,19,20
timeStep,numberOfRobotsOnBlackSite,numberOfRobotsOnWhiteSite
30602,19,20
timeStep,numberOfRobotsOnBlackSite,numberOfRobotsOnWhiteSite
30603,19,20
timeStep,numberOfRobotsOnBlackSite,numberOfRobotsOnWhiteSite
30604,19,20
timeStep,numberOfRobotsOnBlackSite,numberOfRobotsOnWhiteSite
30605,19,20
timeStep,numberOfRobotsOnBlackSite,numberOfRobotsOnWhiteSite
30606,19,20
timeStep,numberOfRobotsOnBlackSite,numberOfRobotsOnWhiteSite
30607,19,20
timeStep,numberOfRobotsOnBlackSite,numberOfRobotsOnWhiteSite
30608,19,20
timeStep,numberOfRobotsOnBlackSite,numberOfRobotsOnWhiteSite
30609,19,20
timeStep,numberOfRobotsOnBlackSite,numberOfRobotsOnWhiteSite
30610,19,20
timeStep,numberOfRobotsOnBlackSite,numberOfRobotsOnWhiteSite
30611,19,20
timeStep,numberOfRobotsOnBlackSite,numberOfRobotsOnWhiteSite
30612,19,20
timeStep,numberOfRobotsOnBlackSite,numberOfRobotsOnWhiteSite
30613,19,20
timeStep,numberOfRobotsOnBlackSite,numberOfRobotsOnWhiteSite
30614,19,20
timeStep,numberOfRobotsOnBlackSite,numberOfRobotsOnWhiteSite
30615,19,21
timeStep,numberOfRobotsOnBlackSite,numberOfRobotsOnWhiteSite
30616,19,21
timeStep,numberOfRobotsOnBlackSite,numberOfRobotsOnWhiteSite
30617,19,21
timeStep,numberOfRobotsOnBlackSite,numberOfRobotsOnWhiteSite
30618,19,21
timeStep,numberOfRobotsOnBlackSite,numberOfRobotsOnWhiteSite
30619,19,21
timeStep,numberOfRobotsOnBlackSite,numberOfRobotsOnWhiteSite
30620,19,21
timeStep,numberOfRobotsOnBlackSite,numberOfRobotsOnWhiteSite
30621,19,21
timeStep,numberOfRobotsOnBlackSite,numberOfRobotsOnWhiteSite
30622,19,21
timeStep,numberOfRobotsOnBlackSite,numberOfRobotsOnWhiteSite
30623,19,21
timeStep,numberOfRobotsOnBlackSite,numberOfRobotsOnWhiteSite
30624,19,21
timeStep,numberOfRobotsOnBlackSite,numberOfRobotsOnWhiteSite
30625,19,21
timeStep,numberOfRobotsOnBlackSite,numberOfRobotsOnWhiteSite
30626,19,21
timeStep,numberOfRobotsOnBlackSite,numberOfRobotsOnWhiteSite
30627,19,21
timeStep,numberOfRobotsOnBlackSite,numberOfRobotsOnWhiteSite
30628,19,21
timeStep,numberOfRobotsOnBlackSite,numberOfRobotsOnWhiteSite
30629,19,21
timeStep,numberOfRobotsOnBlackSite,numberOfRobotsOnWhiteSite
30630,19,21
timeStep,numberOfRobotsOnBlackSite,numberOfRobotsOnWhiteSite
30631,19,21
timeStep,numberOfRobotsOnBlackSite,numberOfRobotsOnWhiteSite
30632,19,21
timeStep,numberOfRobotsOnBlackSite,numberOfRobotsOnWhiteSite
30633,19,21
timeStep,numberOfRobotsOnBlackSite,numberOfRobotsOnWhiteSite
30634,19,21
timeStep,numberOfRobotsOnBlackSite,numberOfRobotsOnWhiteSite
30635,19,21
timeStep,numberOfRobotsOnBlackSite,numberOfRobotsOnWhiteSite
30636,19,21
timeStep,numberOfRobotsOnBlackSite,numberOfRobotsOnWhiteSite
30637,19,21
timeStep,numberOfRobotsOnBlackSite,numberOfRobotsOnWhiteSite
30638,19,21
timeStep,numberOfRobotsOnBlackSite,numberOfRobotsOnWhiteSite
30639,19,21
timeStep,numberOfRobotsOnBlackSite,numberOfRobotsOnWhiteSite
30640,19,19
timeStep,numberOfRobotsOnBlackSite,numberOfRobotsOnWhiteSite
30641,19,19
timeStep,numberOfRobotsOnBlackSite,numberOfRobotsOnWhiteSite
30642,19,19
timeStep,numberOfRobotsOnBlackSite,numberOfRobotsOnWhiteSite
30643,19,19
timeStep,numberOfRobotsOnBlackSite,numberOfRobotsOnWhiteSite
30644,19,19
timeStep,numberOfRobotsOnBlackSite,numberOfRobotsOnWhiteSite
30645,19,19
timeStep,numberOfRobotsOnBlackSite,numberOfRobotsOnWhiteSite
30646,19,19
timeStep,numberOfRobotsOnBlackSite,numberOfRobotsOnWhiteSite
30647,19,19
timeStep,numberOfRobotsOnBlackSite,numberOfRobotsOnWhiteSite
30648,19,19
timeStep,numberOfRobotsOnBlackSite,numberOfRobotsOnWhiteSite
30649,19,19
timeStep,numberOfRobotsOnBlackSite,numberOfRobotsOnWhiteSite
30650,19,19
timeStep,numberOfRobotsOnBlackSite,numberOfRobotsOnWhiteSite
30651,19,19
timeStep,numberOfRobotsOnBlackSite,numberOfRobotsOnWhiteSite
30652,19,19
timeStep,numberOfRobotsOnBlackSite,numberOfRobotsOnWhiteSite
30653,19,19
timeStep,numberOfRobotsOnBlackSite,numberOfRobotsOnWhiteSite
30654,19,19
timeStep,numberOfRobotsOnBlackSite,numberOfRobotsOnWhiteSite
30655,19,19
timeStep,numberOfRobotsOnBlackSite,numberOfRobotsOnWhiteSite
30656,19,19
timeStep,numberOfRobotsOnBlackSite,numberOfRobotsOnWhiteSite
30657,19,19
timeStep,numberOfRobotsOnBlackSite,numberOfRobotsOnWhiteSite
30658,19,19
timeStep,numberOfRobotsOnBlackSite,numberOfRobotsOnWhiteSite
30659,19,19
timeStep,numberOfRobotsOnBlackSite,numberOfRobotsOnWhiteSite
30660,19,19
timeStep,numberOfRobotsOnBlackSite,numberOfRobotsOnWhiteSite
30661,19,19
timeStep,numberOfRobotsOnBlackSite,numberOfRobotsOnWhiteSite
30662,19,19
timeStep,numberOfRobotsOnBlackSite,numberOfRobotsOnWhiteSite
30663,19,19
timeStep,numberOfRobotsOnBlackSite,numberOfRobotsOnWhiteSite
30664,19,19
timeStep,numberOfRobotsOnBlackSite,numberOfRobotsOnWhiteSite
30665,19,19
timeStep,numberOfRobotsOnBlackSite,numberOfRobotsOnWhiteSite
30666,19,19
timeStep,numberOfRobotsOnBlackSite,numberOfRobotsOnWhiteSite
30667,19,19
timeStep,numberOfRobotsOnBlackSite,numberOfRobotsOnWhiteSite
30668,19,19
timeStep,numberOfRobotsOnBlackSite,numberOfRobotsOnWhiteSite
30669,19,19
timeStep,numberOfRobotsOnBlackSite,numberOfRobotsOnWhiteSite
30670,19,19
timeStep,numberOfRobotsOnBlackSite,numberOfRobotsOnWhiteSite
30671,19,19
timeStep,numberOfRobotsOnBlackSite,numberOfRobotsOnWhiteSite
30672,19,19
timeStep,numberOfRobotsOnBlackSite,numberOfRobotsOnWhiteSite
30673,19,19
timeStep,numberOfRobotsOnBlackSite,numberOfRobotsOnWhiteSite
30674,19,19
timeStep,numberOfRobotsOnBlackSite,numberOfRobotsOnWhiteSite
30675,19,19
timeStep,numberOfRobotsOnBlackSite,numberOfRobotsOnWhiteSite
30676,19,19
timeStep,numberOfRobotsOnBlackSite,numberOfRobotsOnWhiteSite
30677,19,19
timeStep,numberOfRobotsOnBlackSite,numberOfRobotsOnWhiteSite
30678,19,19
timeStep,numberOfRobotsOnBlackSite,numberOfRobotsOnWhiteSite
30679,19,19
timeStep,numberOfRobotsOnBlackSite,numberOfRobotsOnWhiteSite
30680,19,19
timeStep,numberOfRobotsOnBlackSite,numberOfRobotsOnWhiteSite
30681,19,19
timeStep,numberOfRobotsOnBlackSite,numberOfRobotsOnWhiteSite
30682,19,19
timeStep,numberOfRobotsOnBlackSite,numberOfRobotsOnWhiteSite
30683,19,19
timeStep,numberOfRobotsOnBlackSite,numberOfRobotsOnWhiteSite
30684,19,19
timeStep,numberOfRobotsOnBlackSite,numberOfRobotsOnWhiteSite
30685,19,19
timeStep,numberOfRobotsOnBlackSite,numberOfRobotsOnWhiteSite
30686,19,19
timeStep,numberOfRobotsOnBlackSite,numberOfRobotsOnWhiteSite
30687,19,19
timeStep,numberOfRobotsOnBlackSite,numberOfRobotsOnWhiteSite
30688,19,19
timeStep,numberOfRobotsOnBlackSite,numberOfRobotsOnWhiteSite
30689,19,19
timeStep,numberOfRobotsOnBlackSite,numberOfRobotsOnWhiteSite
30690,19,19
timeStep,numberOfRobotsOnBlackSite,numberOfRobotsOnWhiteSite
30691,19,19
timeStep,numberOfRobotsOnBlackSite,numberOfRobotsOnWhiteSite
30692,19,19
timeStep,numberOfRobotsOnBlackSite,numberOfRobotsOnWhiteSite
30693,19,19
timeStep,numberOfRobotsOnBlackSite,numberOfRobotsOnWhiteSite
30694,19,19
timeStep,numberOfRobotsOnBlackSite,numberOfRobotsOnWhiteSite
30695,19,19
timeStep,numberOfRobotsOnBlackSite,numberOfRobotsOnWhiteSite
30696,19,19
timeStep,numberOfRobotsOnBlackSite,numberOfRobotsOnWhiteSite
30697,19,19
timeStep,numberOfRobotsOnBlackSite,numberOfRobotsOnWhiteSite
30698,19,19
timeStep,numberOfRobotsOnBlackSite,numberOfRobotsOnWhiteSite
30699,19,19
timeStep,numberOfRobotsOnBlackSite,numberOfRobotsOnWhiteSite
30700,19,19
timeStep,numberOfRobotsOnBlackSite,numberOfRobotsOnWhiteSite
30701,19,19
timeStep,numberOfRobotsOnBlackSite,numberOfRobotsOnWhiteSite
30702,19,19
timeStep,numberOfRobotsOnBlackSite,numberOfRobotsOnWhiteSite
30703,19,19
timeStep,numberOfRobotsOnBlackSite,numberOfRobotsOnWhiteSite
30704,19,19
timeStep,numberOfRobotsOnBlackSite,numberOfRobotsOnWhiteSite
30705,19,19
timeStep,numberOfRobotsOnBlackSite,numberOfRobotsOnWhiteSite
30706,19,19
timeStep,numberOfRobotsOnBlackSite,numberOfRobotsOnWhiteSite
30707,19,19
timeStep,numberOfRobotsOnBlackSite,numberOfRobotsOnWhiteSite
30708,19,19
timeStep,numberOfRobotsOnBlackSite,numberOfRobotsOnWhiteSite
30709,19,19
timeStep,numberOfRobotsOnBlackSite,numberOfRobotsOnWhiteSite
30710,19,19
timeStep,numberOfRobotsOnBlackSite,numberOfRobotsOnWhiteSite
30711,19,19
timeStep,numberOfRobotsOnBlackSite,numberOfRobotsOnWhiteSite
30712,19,19
timeStep,numberOfRobotsOnBlackSite,numberOfRobotsOnWhiteSite
30713,19,19
timeStep,numberOfRobotsOnBlackSite,numberOfRobotsOnWhiteSite
30714,19,19
timeStep,numberOfRobotsOnBlackSite,numberOfRobotsOnWhiteSite
30715,19,19
timeStep,numberOfRobotsOnBlackSite,numberOfRobotsOnWhiteSite
30716,19,19
timeStep,numberOfRobotsOnBlackSite,numberOfRobotsOnWhiteSite
30717,19,19
timeStep,numberOfRobotsOnBlackSite,numberOfRobotsOnWhiteSite
30718,19,19
timeStep,numberOfRobotsOnBlackSite,numberOfRobotsOnWhiteSite
30719,19,19
timeStep,numberOfRobotsOnBlackSite,numberOfRobotsOnWhiteSite
30720,19,20
timeStep,numberOfRobotsOnBlackSite,numberOfRobotsOnWhiteSite
30721,19,20
timeStep,numberOfRobotsOnBlackSite,numberOfRobotsOnWhiteSite
30722,19,20
timeStep,numberOfRobotsOnBlackSite,numberOfRobotsOnWhiteSite
30723,19,20
timeStep,numberOfRobotsOnBlackSite,numberOfRobotsOnWhiteSite
30724,19,20
timeStep,numberOfRobotsOnBlackSite,numberOfRobotsOnWhiteSite
30725,19,20
timeStep,numberOfRobotsOnBlackSite,numberOfRobotsOnWhiteSite
30726,19,20
timeStep,numberOfRobotsOnBlackSite,numberOfRobotsOnWhiteSite
30727,19,20
timeStep,numberOfRobotsOnBlackSite,numberOfRobotsOnWhiteSite
30728,19,20
timeStep,numberOfRobotsOnBlackSite,numberOfRobotsOnWhiteSite
30729,19,20
timeStep,numberOfRobotsOnBlackSite,numberOfRobotsOnWhiteSite
30730,19,20
timeStep,numberOfRobotsOnBlackSite,numberOfRobotsOnWhiteSite
30731,19,20
timeStep,numberOfRobotsOnBlackSite,numberOfRobotsOnWhiteSite
30732,19,20
timeStep,numberOfRobotsOnBlackSite,numberOfRobotsOnWhiteSite
30733,19,20
timeStep,numberOfRobotsOnBlackSite,numberOfRobotsOnWhiteSite
30734,19,20
timeStep,numberOfRobotsOnBlackSite,numberOfRobotsOnWhiteSite
30735,19,20
timeStep,numberOfRobotsOnBlackSite,numberOfRobotsOnWhiteSite
30736,19,20
timeStep,numberOfRobotsOnBlackSite,numberOfRobotsOnWhiteSite
30737,19,20
timeStep,numberOfRobotsOnBlackSite,numberOfRobotsOnWhiteSite
30738,19,20
timeStep,numberOfRobotsOnBlackSite,numberOfRobotsOnWhiteSite
30739,19,20
timeStep,numberOfRobotsOnBlackSite,numberOfRobotsOnWhiteSite
30740,19,20
timeStep,numberOfRobotsOnBlackSite,numberOfRobotsOnWhiteSite
30741,19,20
timeStep,numberOfRobotsOnBlackSite,numberOfRobotsOnWhiteSite
30742,19,20
timeStep,numberOfRobotsOnBlackSite,numberOfRobotsOnWhiteSite
30743,19,20
timeStep,numberOfRobotsOnBlackSite,numberOfRobotsOnWhiteSite
30744,19,20
timeStep,numberOfRobotsOnBlackSite,numberOfRobotsOnWhiteSite
30745,19,20
timeStep,numberOfRobotsOnBlackSite,numberOfRobotsOnWhiteSite
30746,19,20
timeStep,numberOfRobotsOnBlackSite,numberOfRobotsOnWhiteSite
30747,19,20
timeStep,numberOfRobotsOnBlackSite,numberOfRobotsOnWhiteSite
30748,19,20
timeStep,numberOfRobotsOnBlackSite,numberOfRobotsOnWhiteSite
30749,19,20
timeStep,numberOfRobotsOnBlackSite,numberOfRobotsOnWhiteSite
30750,19,20
timeStep,numberOfRobotsOnBlackSite,numberOfRobotsOnWhiteSite
30751,19,20
timeStep,numberOfRobotsOnBlackSite,numberOfRobotsOnWhiteSite
30752,19,20
timeStep,numberOfRobotsOnBlackSite,numberOfRobotsOnWhiteSite
30753,19,20
timeStep,numberOfRobotsOnBlackSite,numberOfRobotsOnWhiteSite
30754,19,20
timeStep,numberOfRobotsOnBlackSite,numberOfRobotsOnWhiteSite
30755,19,20
timeStep,numberOfRobotsOnBlackSite,numberOfRobotsOnWhiteSite
30756,19,20
timeStep,numberOfRobotsOnBlackSite,numberOfRobotsOnWhiteSite
30757,19,20
timeStep,numberOfRobotsOnBlackSite,numberOfRobotsOnWhiteSite
30758,19,20
timeStep,numberOfRobotsOnBlackSite,numberOfRobotsOnWhiteSite
30759,19,20
timeStep,numberOfRobotsOnBlackSite,numberOfRobotsOnWhiteSite
30760,19,20
timeStep,numberOfRobotsOnBlackSite,numberOfRobotsOnWhiteSite
30761,19,20
timeStep,numberOfRobotsOnBlackSite,numberOfRobotsOnWhiteSite
30762,19,20
timeStep,numberOfRobotsOnBlackSite,numberOfRobotsOnWhiteSite
30763,19,20
timeStep,numberOfRobotsOnBlackSite,numberOfRobotsOnWhiteSite
30764,19,20
timeStep,numberOfRobotsOnBlackSite,numberOfRobotsOnWhiteSite
30765,19,20
timeStep,numberOfRobotsOnBlackSite,numberOfRobotsOnWhiteSite
30766,19,20
timeStep,numberOfRobotsOnBlackSite,numberOfRobotsOnWhiteSite
30767,19,20
timeStep,numberOfRobotsOnBlackSite,numberOfRobotsOnWhiteSite
30768,19,20
timeStep,numberOfRobotsOnBlackSite,numberOfRobotsOnWhiteSite
30769,19,20
timeStep,numberOfRobotsOnBlackSite,numberOfRobotsOnWhiteSite
30770,19,20
timeStep,numberOfRobotsOnBlackSite,numberOfRobotsOnWhiteSite
30771,19,20
timeStep,numberOfRobotsOnBlackSite,numberOfRobotsOnWhiteSite
30772,19,20
timeStep,numberOfRobotsOnBlackSite,numberOfRobotsOnWhiteSite
30773,19,20
timeStep,numberOfRobotsOnBlackSite,numberOfRobotsOnWhiteSite
30774,19,20
timeStep,numberOfRobotsOnBlackSite,numberOfRobotsOnWhiteSite
30775,19,20
timeStep,numberOfRobotsOnBlackSite,numberOfRobotsOnWhiteSite
30776,19,20
timeStep,numberOfRobotsOnBlackSite,numberOfRobotsOnWhiteSite
30777,19,20
timeStep,numberOfRobotsOnBlackSite,numberOfRobotsOnWhiteSite
30778,19,20
timeStep,numberOfRobotsOnBlackSite,numberOfRobotsOnWhiteSite
30779,19,20
timeStep,numberOfRobotsOnBlackSite,numberOfRobotsOnWhiteSite
30780,19,20
timeStep,numberOfRobotsOnBlackSite,numberOfRobotsOnWhiteSite
30781,19,20
timeStep,numberOfRobotsOnBlackSite,numberOfRobotsOnWhiteSite
30782,19,20
timeStep,numberOfRobotsOnBlackSite,numberOfRobotsOnWhiteSite
30783,19,20
timeStep,numberOfRobotsOnBlackSite,numberOfRobotsOnWhiteSite
30784,19,20
timeStep,numberOfRobotsOnBlackSite,numberOfRobotsOnWhiteSite
30785,19,20
timeStep,numberOfRobotsOnBlackSite,numberOfRobotsOnWhiteSite
30786,19,20
timeStep,numberOfRobotsOnBlackSite,numberOfRobotsOnWhiteSite
30787,19,20
timeStep,numberOfRobotsOnBlackSite,numberOfRobotsOnWhiteSite
30788,19,20
timeStep,numberOfRobotsOnBlackSite,numberOfRobotsOnWhiteSite
30789,19,20
timeStep,numberOfRobotsOnBlackSite,numberOfRobotsOnWhiteSite
30790,19,20
timeStep,numberOfRobotsOnBlackSite,numberOfRobotsOnWhiteSite
30791,19,20
timeStep,numberOfRobotsOnBlackSite,numberOfRobotsOnWhiteSite
30792,19,20
timeStep,numberOfRobotsOnBlackSite,numberOfRobotsOnWhiteSite
30793,19,20
timeStep,numberOfRobotsOnBlackSite,numberOfRobotsOnWhiteSite
30794,19,20
timeStep,numberOfRobotsOnBlackSite,numberOfRobotsOnWhiteSite
30795,19,20
timeStep,numberOfRobotsOnBlackSite,numberOfRobotsOnWhiteSite
30796,19,20
timeStep,numberOfRobotsOnBlackSite,numberOfRobotsOnWhiteSite
30797,19,20
timeStep,numberOfRobotsOnBlackSite,numberOfRobotsOnWhiteSite
30798,19,20
timeStep,numberOfRobotsOnBlackSite,numberOfRobotsOnWhiteSite
30799,19,20
timeStep,numberOfRobotsOnBlackSite,numberOfRobotsOnWhiteSite
30800,19,20
timeStep,numberOfRobotsOnBlackSite,numberOfRobotsOnWhiteSite
30801,19,20
timeStep,numberOfRobotsOnBlackSite,numberOfRobotsOnWhiteSite
30802,19,20
timeStep,numberOfRobotsOnBlackSite,numberOfRobotsOnWhiteSite
30803,19,20
timeStep,numberOfRobotsOnBlackSite,numberOfRobotsOnWhiteSite
30804,19,20
timeStep,numberOfRobotsOnBlackSite,numberOfRobotsOnWhiteSite
30805,19,20
timeStep,numberOfRobotsOnBlackSite,numberOfRobotsOnWhiteSite
30806,19,20
timeStep,numberOfRobotsOnBlackSite,numberOfRobotsOnWhiteSite
30807,19,20
timeStep,numberOfRobotsOnBlackSite,numberOfRobotsOnWhiteSite
30808,19,20
timeStep,numberOfRobotsOnBlackSite,numberOfRobotsOnWhiteSite
30809,19,20
timeStep,numberOfRobotsOnBlackSite,numberOfRobotsOnWhiteSite
30810,19,20
timeStep,numberOfRobotsOnBlackSite,numberOfRobotsOnWhiteSite
30811,19,20
timeStep,numberOfRobotsOnBlackSite,numberOfRobotsOnWhiteSite
30812,19,20
timeStep,numberOfRobotsOnBlackSite,numberOfRobotsOnWhiteSite
30813,19,20
timeStep,numberOfRobotsOnBlackSite,numberOfRobotsOnWhiteSite
30814,19,20
timeStep,numberOfRobotsOnBlackSite,numberOfRobotsOnWhiteSite
30815,19,20
timeStep,numberOfRobotsOnBlackSite,numberOfRobotsOnWhiteSite
30816,19,20
timeStep,numberOfRobotsOnBlackSite,numberOfRobotsOnWhiteSite
30817,19,20
timeStep,numberOfRobotsOnBlackSite,numberOfRobotsOnWhiteSite
30818,19,20
timeStep,numberOfRobotsOnBlackSite,numberOfRobotsOnWhiteSite
30819,19,20
timeStep,numberOfRobotsOnBlackSite,numberOfRobotsOnWhiteSite
30820,19,20
timeStep,numberOfRobotsOnBlackSite,numberOfRobotsOnWhiteSite
30821,19,20
timeStep,numberOfRobotsOnBlackSite,numberOfRobotsOnWhiteSite
30822,19,20
timeStep,numberOfRobotsOnBlackSite,numberOfRobotsOnWhiteSite
30823,19,20
timeStep,numberOfRobotsOnBlackSite,numberOfRobotsOnWhiteSite
30824,19,20
timeStep,numberOfRobotsOnBlackSite,numberOfRobotsOnWhiteSite
30825,19,20
timeStep,numberOfRobotsOnBlackSite,numberOfRobotsOnWhiteSite
30826,19,20
timeStep,numberOfRobotsOnBlackSite,numberOfRobotsOnWhiteSite
30827,19,20
timeStep,numberOfRobotsOnBlackSite,numberOfRobotsOnWhiteSite
30828,19,20
timeStep,numberOfRobotsOnBlackSite,numberOfRobotsOnWhiteSite
30829,19,20
timeStep,numberOfRobotsOnBlackSite,numberOfRobotsOnWhiteSite
30830,19,20
timeStep,numberOfRobotsOnBlackSite,numberOfRobotsOnWhiteSite
30831,19,20
timeStep,numberOfRobotsOnBlackSite,numberOfRobotsOnWhiteSite
30832,19,20
timeStep,numberOfRobotsOnBlackSite,numberOfRobotsOnWhiteSite
30833,19,20
timeStep,numberOfRobotsOnBlackSite,numberOfRobotsOnWhiteSite
30834,19,20
timeStep,numberOfRobotsOnBlackSite,numberOfRobotsOnWhiteSite
30835,19,20
timeStep,numberOfRobotsOnBlackSite,numberOfRobotsOnWhiteSite
30836,19,20
timeStep,numberOfRobotsOnBlackSite,numberOfRobotsOnWhiteSite
30837,19,20
timeStep,numberOfRobotsOnBlackSite,numberOfRobotsOnWhiteSite
30838,19,20
timeStep,numberOfRobotsOnBlackSite,numberOfRobotsOnWhiteSite
30839,19,20
timeStep,numberOfRobotsOnBlackSite,numberOfRobotsOnWhiteSite
30840,18,20
timeStep,numberOfRobotsOnBlackSite,numberOfRobotsOnWhiteSite
30841,18,20
timeStep,numberOfRobotsOnBlackSite,numberOfRobotsOnWhiteSite
30842,18,20
timeStep,numberOfRobotsOnBlackSite,numberOfRobotsOnWhiteSite
30843,18,20
timeStep,numberOfRobotsOnBlackSite,numberOfRobotsOnWhiteSite
30844,18,20
timeStep,numberOfRobotsOnBlackSite,numberOfRobotsOnWhiteSite
30845,18,20
timeStep,numberOfRobotsOnBlackSite,numberOfRobotsOnWhiteSite
30846,18,20
timeStep,numberOfRobotsOnBlackSite,numberOfRobotsOnWhiteSite
30847,18,20
timeStep,numberOfRobotsOnBlackSite,numberOfRobotsOnWhiteSite
30848,18,20
timeStep,numberOfRobotsOnBlackSite,numberOfRobotsOnWhiteSite
30849,18,20
timeStep,numberOfRobotsOnBlackSite,numberOfRobotsOnWhiteSite
30850,18,20
timeStep,numberOfRobotsOnBlackSite,numberOfRobotsOnWhiteSite
30851,18,20
timeStep,numberOfRobotsOnBlackSite,numberOfRobotsOnWhiteSite
30852,18,20
timeStep,numberOfRobotsOnBlackSite,numberOfRobotsOnWhiteSite
30853,18,20
timeStep,numberOfRobotsOnBlackSite,numberOfRobotsOnWhiteSite
30854,18,20
timeStep,numberOfRobotsOnBlackSite,numberOfRobotsOnWhiteSite
30855,18,20
timeStep,numberOfRobotsOnBlackSite,numberOfRobotsOnWhiteSite
30856,18,20
timeStep,numberOfRobotsOnBlackSite,numberOfRobotsOnWhiteSite
30857,18,20
timeStep,numberOfRobotsOnBlackSite,numberOfRobotsOnWhiteSite
30858,18,20
timeStep,numberOfRobotsOnBlackSite,numberOfRobotsOnWhiteSite
30859,18,20
timeStep,numberOfRobotsOnBlackSite,numberOfRobotsOnWhiteSite
30860,18,20
timeStep,numberOfRobotsOnBlackSite,numberOfRobotsOnWhiteSite
30861,18,20
timeStep,numberOfRobotsOnBlackSite,numberOfRobotsOnWhiteSite
30862,18,20
timeStep,numberOfRobotsOnBlackSite,numberOfRobotsOnWhiteSite
30863,18,20
timeStep,numberOfRobotsOnBlackSite,numberOfRobotsOnWhiteSite
30864,18,20
timeStep,numberOfRobotsOnBlackSite,numberOfRobotsOnWhiteSite
30865,19,20
timeStep,numberOfRobotsOnBlackSite,numberOfRobotsOnWhiteSite
30866,19,20
timeStep,numberOfRobotsOnBlackSite,numberOfRobotsOnWhiteSite
30867,19,20
timeStep,numberOfRobotsOnBlackSite,numberOfRobotsOnWhiteSite
30868,19,20
timeStep,numberOfRobotsOnBlackSite,numberOfRobotsOnWhiteSite
30869,19,20
timeStep,numberOfRobotsOnBlackSite,numberOfRobotsOnWhiteSite
30870,19,20
timeStep,numberOfRobotsOnBlackSite,numberOfRobotsOnWhiteSite
30871,19,20
timeStep,numberOfRobotsOnBlackSite,numberOfRobotsOnWhiteSite
30872,19,20
timeStep,numberOfRobotsOnBlackSite,numberOfRobotsOnWhiteSite
30873,19,20
timeStep,numberOfRobotsOnBlackSite,numberOfRobotsOnWhiteSite
30874,19,20
timeStep,numberOfRobotsOnBlackSite,numberOfRobotsOnWhiteSite
30875,19,20
timeStep,numberOfRobotsOnBlackSite,numberOfRobotsOnWhiteSite
30876,19,20
timeStep,numberOfRobotsOnBlackSite,numberOfRobotsOnWhiteSite
30877,19,20
timeStep,numberOfRobotsOnBlackSite,numberOfRobotsOnWhiteSite
30878,19,20
timeStep,numberOfRobotsOnBlackSite,numberOfRobotsOnWhiteSite
30879,19,20
timeStep,numberOfRobotsOnBlackSite,numberOfRobotsOnWhiteSite
30880,19,20
timeStep,numberOfRobotsOnBlackSite,numberOfRobotsOnWhiteSite
30881,19,20
timeStep,numberOfRobotsOnBlackSite,numberOfRobotsOnWhiteSite
30882,19,20
timeStep,numberOfRobotsOnBlackSite,numberOfRobotsOnWhiteSite
30883,19,20
timeStep,numberOfRobotsOnBlackSite,numberOfRobotsOnWhiteSite
30884,19,20
timeStep,numberOfRobotsOnBlackSite,numberOfRobotsOnWhiteSite
30885,19,20
timeStep,numberOfRobotsOnBlackSite,numberOfRobotsOnWhiteSite
30886,19,20
timeStep,numberOfRobotsOnBlackSite,numberOfRobotsOnWhiteSite
30887,19,20
timeStep,numberOfRobotsOnBlackSite,numberOfRobotsOnWhiteSite
30888,19,20
timeStep,numberOfRobotsOnBlackSite,numberOfRobotsOnWhiteSite
30889,19,20
timeStep,numberOfRobotsOnBlackSite,numberOfRobotsOnWhiteSite
30890,19,20
timeStep,numberOfRobotsOnBlackSite,numberOfRobotsOnWhiteSite
30891,19,20
timeStep,numberOfRobotsOnBlackSite,numberOfRobotsOnWhiteSite
30892,19,20
timeStep,numberOfRobotsOnBlackSite,numberOfRobotsOnWhiteSite
30893,19,20
timeStep,numberOfRobotsOnBlackSite,numberOfRobotsOnWhiteSite
30894,19,20
timeStep,numberOfRobotsOnBlackSite,numberOfRobotsOnWhiteSite
30895,19,20
timeStep,numberOfRobotsOnBlackSite,numberOfRobotsOnWhiteSite
30896,19,20
timeStep,numberOfRobotsOnBlackSite,numberOfRobotsOnWhiteSite
30897,19,20
timeStep,numberOfRobotsOnBlackSite,numberOfRobotsOnWhiteSite
30898,19,20
timeStep,numberOfRobotsOnBlackSite,numberOfRobotsOnWhiteSite
30899,19,20
timeStep,numberOfRobotsOnBlackSite,numberOfRobotsOnWhiteSite
30900,19,20
timeStep,numberOfRobotsOnBlackSite,numberOfRobotsOnWhiteSite
30901,19,20
timeStep,numberOfRobotsOnBlackSite,numberOfRobotsOnWhiteSite
30902,19,20
timeStep,numberOfRobotsOnBlackSite,numberOfRobotsOnWhiteSite
30903,19,20
timeStep,numberOfRobotsOnBlackSite,numberOfRobotsOnWhiteSite
30904,19,20
timeStep,numberOfRobotsOnBlackSite,numberOfRobotsOnWhiteSite
30905,19,20
timeStep,numberOfRobotsOnBlackSite,numberOfRobotsOnWhiteSite
30906,19,20
timeStep,numberOfRobotsOnBlackSite,numberOfRobotsOnWhiteSite
30907,19,20
timeStep,numberOfRobotsOnBlackSite,numberOfRobotsOnWhiteSite
30908,19,20
timeStep,numberOfRobotsOnBlackSite,numberOfRobotsOnWhiteSite
30909,19,20
timeStep,numberOfRobotsOnBlackSite,numberOfRobotsOnWhiteSite
30910,19,20
timeStep,numberOfRobotsOnBlackSite,numberOfRobotsOnWhiteSite
30911,19,20
timeStep,numberOfRobotsOnBlackSite,numberOfRobotsOnWhiteSite
30912,19,20
timeStep,numberOfRobotsOnBlackSite,numberOfRobotsOnWhiteSite
30913,19,20
timeStep,numberOfRobotsOnBlackSite,numberOfRobotsOnWhiteSite
30914,19,20
timeStep,numberOfRobotsOnBlackSite,numberOfRobotsOnWhiteSite
30915,19,20
timeStep,numberOfRobotsOnBlackSite,numberOfRobotsOnWhiteSite
30916,19,20
timeStep,numberOfRobotsOnBlackSite,numberOfRobotsOnWhiteSite
30917,19,20
timeStep,numberOfRobotsOnBlackSite,numberOfRobotsOnWhiteSite
30918,19,20
timeStep,numberOfRobotsOnBlackSite,numberOfRobotsOnWhiteSite
30919,19,20
timeStep,numberOfRobotsOnBlackSite,numberOfRobotsOnWhiteSite
30920,19,20
timeStep,numberOfRobotsOnBlackSite,numberOfRobotsOnWhiteSite
30921,19,20
timeStep,numberOfRobotsOnBlackSite,numberOfRobotsOnWhiteSite
30922,19,20
timeStep,numberOfRobotsOnBlackSite,numberOfRobotsOnWhiteSite
30923,19,20
timeStep,numberOfRobotsOnBlackSite,numberOfRobotsOnWhiteSite
30924,19,20
timeStep,numberOfRobotsOnBlackSite,numberOfRobotsOnWhiteSite
30925,19,20
timeStep,numberOfRobotsOnBlackSite,numberOfRobotsOnWhiteSite
30926,19,20
timeStep,numberOfRobotsOnBlackSite,numberOfRobotsOnWhiteSite
30927,19,20
timeStep,numberOfRobotsOnBlackSite,numberOfRobotsOnWhiteSite
30928,19,20
timeStep,numberOfRobotsOnBlackSite,numberOfRobotsOnWhiteSite
30929,19,20
timeStep,numberOfRobotsOnBlackSite,numberOfRobotsOnWhiteSite
30930,19,20
timeStep,numberOfRobotsOnBlackSite,numberOfRobotsOnWhiteSite
30931,19,20
timeStep,numberOfRobotsOnBlackSite,numberOfRobotsOnWhiteSite
30932,19,20
timeStep,numberOfRobotsOnBlackSite,numberOfRobotsOnWhiteSite
30933,19,20
timeStep,numberOfRobotsOnBlackSite,numberOfRobotsOnWhiteSite
30934,19,20
timeStep,numberOfRobotsOnBlackSite,numberOfRobotsOnWhiteSite
30935,19,20
timeStep,numberOfRobotsOnBlackSite,numberOfRobotsOnWhiteSite
30936,19,20
timeStep,numberOfRobotsOnBlackSite,numberOfRobotsOnWhiteSite
30937,19,20
timeStep,numberOfRobotsOnBlackSite,numberOfRobotsOnWhiteSite
30938,19,20
timeStep,numberOfRobotsOnBlackSite,numberOfRobotsOnWhiteSite
30939,19,20
timeStep,numberOfRobotsOnBlackSite,numberOfRobotsOnWhiteSite
30940,19,20
timeStep,numberOfRobotsOnBlackSite,numberOfRobotsOnWhiteSite
30941,19,20
timeStep,numberOfRobotsOnBlackSite,numberOfRobotsOnWhiteSite
30942,19,20
timeStep,numberOfRobotsOnBlackSite,numberOfRobotsOnWhiteSite
30943,19,20
timeStep,numberOfRobotsOnBlackSite,numberOfRobotsOnWhiteSite
30944,19,20
timeStep,numberOfRobotsOnBlackSite,numberOfRobotsOnWhiteSite
30945,19,20
timeStep,numberOfRobotsOnBlackSite,numberOfRobotsOnWhiteSite
30946,19,20
timeStep,numberOfRobotsOnBlackSite,numberOfRobotsOnWhiteSite
30947,19,20
timeStep,numberOfRobotsOnBlackSite,numberOfRobotsOnWhiteSite
30948,19,20
timeStep,numberOfRobotsOnBlackSite,numberOfRobotsOnWhiteSite
30949,19,20
timeStep,numberOfRobotsOnBlackSite,numberOfRobotsOnWhiteSite
30950,19,20
timeStep,numberOfRobotsOnBlackSite,numberOfRobotsOnWhiteSite
30951,19,20
timeStep,numberOfRobotsOnBlackSite,numberOfRobotsOnWhiteSite
30952,19,20
timeStep,numberOfRobotsOnBlackSite,numberOfRobotsOnWhiteSite
30953,19,20
timeStep,numberOfRobotsOnBlackSite,numberOfRobotsOnWhiteSite
30954,19,20
timeStep,numberOfRobotsOnBlackSite,numberOfRobotsOnWhiteSite
30955,19,20
timeStep,numberOfRobotsOnBlackSite,numberOfRobotsOnWhiteSite
30956,19,20
timeStep,numberOfRobotsOnBlackSite,numberOfRobotsOnWhiteSite
30957,19,20
timeStep,numberOfRobotsOnBlackSite,numberOfRobotsOnWhiteSite
30958,19,20
timeStep,numberOfRobotsOnBlackSite,numberOfRobotsOnWhiteSite
30959,19,20
timeStep,numberOfRobotsOnBlackSite,numberOfRobotsOnWhiteSite
30960,19,20
timeStep,numberOfRobotsOnBlackSite,numberOfRobotsOnWhiteSite
30961,19,20
timeStep,numberOfRobotsOnBlackSite,numberOfRobotsOnWhiteSite
30962,19,20
timeStep,numberOfRobotsOnBlackSite,numberOfRobotsOnWhiteSite
30963,19,20
timeStep,numberOfRobotsOnBlackSite,numberOfRobotsOnWhiteSite
30964,19,20
timeStep,numberOfRobotsOnBlackSite,numberOfRobotsOnWhiteSite
30965,19,20
timeStep,numberOfRobotsOnBlackSite,numberOfRobotsOnWhiteSite
30966,19,20
timeStep,numberOfRobotsOnBlackSite,numberOfRobotsOnWhiteSite
30967,19,20
timeStep,numberOfRobotsOnBlackSite,numberOfRobotsOnWhiteSite
30968,19,20
timeStep,numberOfRobotsOnBlackSite,numberOfRobotsOnWhiteSite
30969,19,20
timeStep,numberOfRobotsOnBlackSite,numberOfRobotsOnWhiteSite
30970,20,20
timeStep,numberOfRobotsOnBlackSite,numberOfRobotsOnWhiteSite
30971,20,20
timeStep,numberOfRobotsOnBlackSite,numberOfRobotsOnWhiteSite
30972,20,20
timeStep,numberOfRobotsOnBlackSite,numberOfRobotsOnWhiteSite
30973,20,20
timeStep,numberOfRobotsOnBlackSite,numberOfRobotsOnWhiteSite
30974,20,20
timeStep,numberOfRobotsOnBlackSite,numberOfRobotsOnWhiteSite
30975,20,20
timeStep,numberOfRobotsOnBlackSite,numberOfRobotsOnWhiteSite
30976,20,20
timeStep,numberOfRobotsOnBlackSite,numberOfRobotsOnWhiteSite
30977,20,20
timeStep,numberOfRobotsOnBlackSite,numberOfRobotsOnWhiteSite
30978,20,20
timeStep,numberOfRobotsOnBlackSite,numberOfRobotsOnWhiteSite
30979,20,20
timeStep,numberOfRobotsOnBlackSite,numberOfRobotsOnWhiteSite
30980,20,20
timeStep,numberOfRobotsOnBlackSite,numberOfRobotsOnWhiteSite
30981,20,20
timeStep,numberOfRobotsOnBlackSite,numberOfRobotsOnWhiteSite
30982,20,20
timeStep,numberOfRobotsOnBlackSite,numberOfRobotsOnWhiteSite
30983,20,20
timeStep,numberOfRobotsOnBlackSite,numberOfRobotsOnWhiteSite
30984,20,20
timeStep,numberOfRobotsOnBlackSite,numberOfRobotsOnWhiteSite
30985,20,20
timeStep,numberOfRobotsOnBlackSite,numberOfRobotsOnWhiteSite
30986,20,20
timeStep,numberOfRobotsOnBlackSite,numberOfRobotsOnWhiteSite
30987,20,20
timeStep,numberOfRobotsOnBlackSite,numberOfRobotsOnWhiteSite
30988,20,20
timeStep,numberOfRobotsOnBlackSite,numberOfRobotsOnWhiteSite
30989,20,20
timeStep,numberOfRobotsOnBlackSite,numberOfRobotsOnWhiteSite
30990,20,20
timeStep,numberOfRobotsOnBlackSite,numberOfRobotsOnWhiteSite
30991,20,20
timeStep,numberOfRobotsOnBlackSite,numberOfRobotsOnWhiteSite
30992,20,20
timeStep,numberOfRobotsOnBlackSite,numberOfRobotsOnWhiteSite
30993,20,20
timeStep,numberOfRobotsOnBlackSite,numberOfRobotsOnWhiteSite
30994,20,20
timeStep,numberOfRobotsOnBlackSite,numberOfRobotsOnWhiteSite
30995,20,20
timeStep,numberOfRobotsOnBlackSite,numberOfRobotsOnWhiteSite
30996,20,20
timeStep,numberOfRobotsOnBlackSite,numberOfRobotsOnWhiteSite
30997,20,20
timeStep,numberOfRobotsOnBlackSite,numberOfRobotsOnWhiteSite
30998,20,20
timeStep,numberOfRobotsOnBlackSite,numberOfRobotsOnWhiteSite
30999,20,20
timeStep,numberOfRobotsOnBlackSite,numberOfRobotsOnWhiteSite
31000,20,20
timeStep,numberOfRobotsOnBlackSite,numberOfRobotsOnWhiteSite
31001,20,20
timeStep,numberOfRobotsOnBlackSite,numberOfRobotsOnWhiteSite
31002,20,20
timeStep,numberOfRobotsOnBlackSite,numberOfRobotsOnWhiteSite
31003,20,20
timeStep,numberOfRobotsOnBlackSite,numberOfRobotsOnWhiteSite
31004,20,20
timeStep,numberOfRobotsOnBlackSite,numberOfRobotsOnWhiteSite
31005,20,20
timeStep,numberOfRobotsOnBlackSite,numberOfRobotsOnWhiteSite
31006,20,20
timeStep,numberOfRobotsOnBlackSite,numberOfRobotsOnWhiteSite
31007,20,20
timeStep,numberOfRobotsOnBlackSite,numberOfRobotsOnWhiteSite
31008,20,20
timeStep,numberOfRobotsOnBlackSite,numberOfRobotsOnWhiteSite
31009,20,20
timeStep,numberOfRobotsOnBlackSite,numberOfRobotsOnWhiteSite
31010,20,20
timeStep,numberOfRobotsOnBlackSite,numberOfRobotsOnWhiteSite
31011,20,20
timeStep,numberOfRobotsOnBlackSite,numberOfRobotsOnWhiteSite
31012,20,20
timeStep,numberOfRobotsOnBlackSite,numberOfRobotsOnWhiteSite
31013,20,20
timeStep,numberOfRobotsOnBlackSite,numberOfRobotsOnWhiteSite
31014,20,20
timeStep,numberOfRobotsOnBlackSite,numberOfRobotsOnWhiteSite
31015,20,20
timeStep,numberOfRobotsOnBlackSite,numberOfRobotsOnWhiteSite
31016,20,20
timeStep,numberOfRobotsOnBlackSite,numberOfRobotsOnWhiteSite
31017,20,20
timeStep,numberOfRobotsOnBlackSite,numberOfRobotsOnWhiteSite
31018,20,20
timeStep,numberOfRobotsOnBlackSite,numberOfRobotsOnWhiteSite
31019,20,20
timeStep,numberOfRobotsOnBlackSite,numberOfRobotsOnWhiteSite
31020,20,20
timeStep,numberOfRobotsOnBlackSite,numberOfRobotsOnWhiteSite
31021,20,20
timeStep,numberOfRobotsOnBlackSite,numberOfRobotsOnWhiteSite
31022,20,20
timeStep,numberOfRobotsOnBlackSite,numberOfRobotsOnWhiteSite
31023,20,20
timeStep,numberOfRobotsOnBlackSite,numberOfRobotsOnWhiteSite
31024,20,20
timeStep,numberOfRobotsOnBlackSite,numberOfRobotsOnWhiteSite
31025,20,20
timeStep,numberOfRobotsOnBlackSite,numberOfRobotsOnWhiteSite
31026,20,20
timeStep,numberOfRobotsOnBlackSite,numberOfRobotsOnWhiteSite
31027,20,20
timeStep,numberOfRobotsOnBlackSite,numberOfRobotsOnWhiteSite
31028,20,20
timeStep,numberOfRobotsOnBlackSite,numberOfRobotsOnWhiteSite
31029,20,20
timeStep,numberOfRobotsOnBlackSite,numberOfRobotsOnWhiteSite
31030,19,20
timeStep,numberOfRobotsOnBlackSite,numberOfRobotsOnWhiteSite
31031,19,20
timeStep,numberOfRobotsOnBlackSite,numberOfRobotsOnWhiteSite
31032,19,20
timeStep,numberOfRobotsOnBlackSite,numberOfRobotsOnWhiteSite
31033,19,20
timeStep,numberOfRobotsOnBlackSite,numberOfRobotsOnWhiteSite
31034,19,20
timeStep,numberOfRobotsOnBlackSite,numberOfRobotsOnWhiteSite
31035,19,20
timeStep,numberOfRobotsOnBlackSite,numberOfRobotsOnWhiteSite
31036,19,20
timeStep,numberOfRobotsOnBlackSite,numberOfRobotsOnWhiteSite
31037,19,20
timeStep,numberOfRobotsOnBlackSite,numberOfRobotsOnWhiteSite
31038,19,20
timeStep,numberOfRobotsOnBlackSite,numberOfRobotsOnWhiteSite
31039,19,20
timeStep,numberOfRobotsOnBlackSite,numberOfRobotsOnWhiteSite
31040,19,20
timeStep,numberOfRobotsOnBlackSite,numberOfRobotsOnWhiteSite
31041,19,20
timeStep,numberOfRobotsOnBlackSite,numberOfRobotsOnWhiteSite
31042,19,20
timeStep,numberOfRobotsOnBlackSite,numberOfRobotsOnWhiteSite
31043,19,20
timeStep,numberOfRobotsOnBlackSite,numberOfRobotsOnWhiteSite
31044,19,20
timeStep,numberOfRobotsOnBlackSite,numberOfRobotsOnWhiteSite
31045,19,20
timeStep,numberOfRobotsOnBlackSite,numberOfRobotsOnWhiteSite
31046,19,20
timeStep,numberOfRobotsOnBlackSite,numberOfRobotsOnWhiteSite
31047,19,20
timeStep,numberOfRobotsOnBlackSite,numberOfRobotsOnWhiteSite
31048,19,20
timeStep,numberOfRobotsOnBlackSite,numberOfRobotsOnWhiteSite
31049,19,20
timeStep,numberOfRobotsOnBlackSite,numberOfRobotsOnWhiteSite
31050,19,20
timeStep,numberOfRobotsOnBlackSite,numberOfRobotsOnWhiteSite
31051,19,20
timeStep,numberOfRobotsOnBlackSite,numberOfRobotsOnWhiteSite
31052,19,20
timeStep,numberOfRobotsOnBlackSite,numberOfRobotsOnWhiteSite
31053,19,20
timeStep,numberOfRobotsOnBlackSite,numberOfRobotsOnWhiteSite
31054,19,20
timeStep,numberOfRobotsOnBlackSite,numberOfRobotsOnWhiteSite
31055,19,20
timeStep,numberOfRobotsOnBlackSite,numberOfRobotsOnWhiteSite
31056,19,20
timeStep,numberOfRobotsOnBlackSite,numberOfRobotsOnWhiteSite
31057,19,20
timeStep,numberOfRobotsOnBlackSite,numberOfRobotsOnWhiteSite
31058,19,20
timeStep,numberOfRobotsOnBlackSite,numberOfRobotsOnWhiteSite
31059,19,20
timeStep,numberOfRobotsOnBlackSite,numberOfRobotsOnWhiteSite
31060,19,20
timeStep,numberOfRobotsOnBlackSite,numberOfRobotsOnWhiteSite
31061,19,20
timeStep,numberOfRobotsOnBlackSite,numberOfRobotsOnWhiteSite
31062,19,20
timeStep,numberOfRobotsOnBlackSite,numberOfRobotsOnWhiteSite
31063,19,20
timeStep,numberOfRobotsOnBlackSite,numberOfRobotsOnWhiteSite
31064,19,20
timeStep,numberOfRobotsOnBlackSite,numberOfRobotsOnWhiteSite
31065,19,20
timeStep,numberOfRobotsOnBlackSite,numberOfRobotsOnWhiteSite
31066,19,20
timeStep,numberOfRobotsOnBlackSite,numberOfRobotsOnWhiteSite
31067,19,20
timeStep,numberOfRobotsOnBlackSite,numberOfRobotsOnWhiteSite
31068,19,20
timeStep,numberOfRobotsOnBlackSite,numberOfRobotsOnWhiteSite
31069,19,20
timeStep,numberOfRobotsOnBlackSite,numberOfRobotsOnWhiteSite
31070,19,20
timeStep,numberOfRobotsOnBlackSite,numberOfRobotsOnWhiteSite
31071,19,20
timeStep,numberOfRobotsOnBlackSite,numberOfRobotsOnWhiteSite
31072,19,20
timeStep,numberOfRobotsOnBlackSite,numberOfRobotsOnWhiteSite
31073,19,20
timeStep,numberOfRobotsOnBlackSite,numberOfRobotsOnWhiteSite
31074,19,20
timeStep,numberOfRobotsOnBlackSite,numberOfRobotsOnWhiteSite
31075,19,20
timeStep,numberOfRobotsOnBlackSite,numberOfRobotsOnWhiteSite
31076,19,20
timeStep,numberOfRobotsOnBlackSite,numberOfRobotsOnWhiteSite
31077,19,20
timeStep,numberOfRobotsOnBlackSite,numberOfRobotsOnWhiteSite
31078,19,20
timeStep,numberOfRobotsOnBlackSite,numberOfRobotsOnWhiteSite
31079,19,20
timeStep,numberOfRobotsOnBlackSite,numberOfRobotsOnWhiteSite
31080,19,20
timeStep,numberOfRobotsOnBlackSite,numberOfRobotsOnWhiteSite
31081,19,20
timeStep,numberOfRobotsOnBlackSite,numberOfRobotsOnWhiteSite
31082,19,20
timeStep,numberOfRobotsOnBlackSite,numberOfRobotsOnWhiteSite
31083,19,20
timeStep,numberOfRobotsOnBlackSite,numberOfRobotsOnWhiteSite
31084,19,20
timeStep,numberOfRobotsOnBlackSite,numberOfRobotsOnWhiteSite
31085,19,20
timeStep,numberOfRobotsOnBlackSite,numberOfRobotsOnWhiteSite
31086,19,20
timeStep,numberOfRobotsOnBlackSite,numberOfRobotsOnWhiteSite
31087,19,20
timeStep,numberOfRobotsOnBlackSite,numberOfRobotsOnWhiteSite
31088,19,20
timeStep,numberOfRobotsOnBlackSite,numberOfRobotsOnWhiteSite
31089,19,20
timeStep,numberOfRobotsOnBlackSite,numberOfRobotsOnWhiteSite
31090,19,20
timeStep,numberOfRobotsOnBlackSite,numberOfRobotsOnWhiteSite
31091,19,20
timeStep,numberOfRobotsOnBlackSite,numberOfRobotsOnWhiteSite
31092,19,20
timeStep,numberOfRobotsOnBlackSite,numberOfRobotsOnWhiteSite
31093,19,20
timeStep,numberOfRobotsOnBlackSite,numberOfRobotsOnWhiteSite
31094,19,20
timeStep,numberOfRobotsOnBlackSite,numberOfRobotsOnWhiteSite
31095,19,20
timeStep,numberOfRobotsOnBlackSite,numberOfRobotsOnWhiteSite
31096,19,20
timeStep,numberOfRobotsOnBlackSite,numberOfRobotsOnWhiteSite
31097,19,20
timeStep,numberOfRobotsOnBlackSite,numberOfRobotsOnWhiteSite
31098,19,20
timeStep,numberOfRobotsOnBlackSite,numberOfRobotsOnWhiteSite
31099,19,20
timeStep,numberOfRobotsOnBlackSite,numberOfRobotsOnWhiteSite
31100,20,20
timeStep,numberOfRobotsOnBlackSite,numberOfRobotsOnWhiteSite
31101,20,20
timeStep,numberOfRobotsOnBlackSite,numberOfRobotsOnWhiteSite
31102,20,20
timeStep,numberOfRobotsOnBlackSite,numberOfRobotsOnWhiteSite
31103,20,20
timeStep,numberOfRobotsOnBlackSite,numberOfRobotsOnWhiteSite
31104,20,20
timeStep,numberOfRobotsOnBlackSite,numberOfRobotsOnWhiteSite
31105,20,20
timeStep,numberOfRobotsOnBlackSite,numberOfRobotsOnWhiteSite
31106,20,20
timeStep,numberOfRobotsOnBlackSite,numberOfRobotsOnWhiteSite
31107,20,20
timeStep,numberOfRobotsOnBlackSite,numberOfRobotsOnWhiteSite
31108,20,20
timeStep,numberOfRobotsOnBlackSite,numberOfRobotsOnWhiteSite
31109,20,20
timeStep,numberOfRobotsOnBlackSite,numberOfRobotsOnWhiteSite
31110,20,20
timeStep,numberOfRobotsOnBlackSite,numberOfRobotsOnWhiteSite
31111,20,20
timeStep,numberOfRobotsOnBlackSite,numberOfRobotsOnWhiteSite
31112,20,20
timeStep,numberOfRobotsOnBlackSite,numberOfRobotsOnWhiteSite
31113,20,20
timeStep,numberOfRobotsOnBlackSite,numberOfRobotsOnWhiteSite
31114,20,20
timeStep,numberOfRobotsOnBlackSite,numberOfRobotsOnWhiteSite
31115,20,20
timeStep,numberOfRobotsOnBlackSite,numberOfRobotsOnWhiteSite
31116,20,20
timeStep,numberOfRobotsOnBlackSite,numberOfRobotsOnWhiteSite
31117,20,20
timeStep,numberOfRobotsOnBlackSite,numberOfRobotsOnWhiteSite
31118,20,20
timeStep,numberOfRobotsOnBlackSite,numberOfRobotsOnWhiteSite
31119,20,20
timeStep,numberOfRobotsOnBlackSite,numberOfRobotsOnWhiteSite
31120,20,20
timeStep,numberOfRobotsOnBlackSite,numberOfRobotsOnWhiteSite
31121,20,20
timeStep,numberOfRobotsOnBlackSite,numberOfRobotsOnWhiteSite
31122,20,20
timeStep,numberOfRobotsOnBlackSite,numberOfRobotsOnWhiteSite
31123,20,20
timeStep,numberOfRobotsOnBlackSite,numberOfRobotsOnWhiteSite
31124,20,20
timeStep,numberOfRobotsOnBlackSite,numberOfRobotsOnWhiteSite
31125,20,20
timeStep,numberOfRobotsOnBlackSite,numberOfRobotsOnWhiteSite
31126,20,20
timeStep,numberOfRobotsOnBlackSite,numberOfRobotsOnWhiteSite
31127,20,20
timeStep,numberOfRobotsOnBlackSite,numberOfRobotsOnWhiteSite
31128,20,20
timeStep,numberOfRobotsOnBlackSite,numberOfRobotsOnWhiteSite
31129,20,20
timeStep,numberOfRobotsOnBlackSite,numberOfRobotsOnWhiteSite
31130,20,20
timeStep,numberOfRobotsOnBlackSite,numberOfRobotsOnWhiteSite
31131,20,20
timeStep,numberOfRobotsOnBlackSite,numberOfRobotsOnWhiteSite
31132,20,20
timeStep,numberOfRobotsOnBlackSite,numberOfRobotsOnWhiteSite
31133,20,20
timeStep,numberOfRobotsOnBlackSite,numberOfRobotsOnWhiteSite
31134,20,20
timeStep,numberOfRobotsOnBlackSite,numberOfRobotsOnWhiteSite
31135,20,20
timeStep,numberOfRobotsOnBlackSite,numberOfRobotsOnWhiteSite
31136,20,20
timeStep,numberOfRobotsOnBlackSite,numberOfRobotsOnWhiteSite
31137,20,20
timeStep,numberOfRobotsOnBlackSite,numberOfRobotsOnWhiteSite
31138,20,20
timeStep,numberOfRobotsOnBlackSite,numberOfRobotsOnWhiteSite
31139,20,20
timeStep,numberOfRobotsOnBlackSite,numberOfRobotsOnWhiteSite
31140,20,20
timeStep,numberOfRobotsOnBlackSite,numberOfRobotsOnWhiteSite
31141,20,20
timeStep,numberOfRobotsOnBlackSite,numberOfRobotsOnWhiteSite
31142,20,20
timeStep,numberOfRobotsOnBlackSite,numberOfRobotsOnWhiteSite
31143,20,20
timeStep,numberOfRobotsOnBlackSite,numberOfRobotsOnWhiteSite
31144,20,20
timeStep,numberOfRobotsOnBlackSite,numberOfRobotsOnWhiteSite
31145,20,20
timeStep,numberOfRobotsOnBlackSite,numberOfRobotsOnWhiteSite
31146,20,20
timeStep,numberOfRobotsOnBlackSite,numberOfRobotsOnWhiteSite
31147,20,20
timeStep,numberOfRobotsOnBlackSite,numberOfRobotsOnWhiteSite
31148,20,20
timeStep,numberOfRobotsOnBlackSite,numberOfRobotsOnWhiteSite
31149,20,20
timeStep,numberOfRobotsOnBlackSite,numberOfRobotsOnWhiteSite
31150,20,20
timeStep,numberOfRobotsOnBlackSite,numberOfRobotsOnWhiteSite
31151,20,20
timeStep,numberOfRobotsOnBlackSite,numberOfRobotsOnWhiteSite
31152,20,20
timeStep,numberOfRobotsOnBlackSite,numberOfRobotsOnWhiteSite
31153,20,20
timeStep,numberOfRobotsOnBlackSite,numberOfRobotsOnWhiteSite
31154,20,20
timeStep,numberOfRobotsOnBlackSite,numberOfRobotsOnWhiteSite
31155,20,20
timeStep,numberOfRobotsOnBlackSite,numberOfRobotsOnWhiteSite
31156,20,20
timeStep,numberOfRobotsOnBlackSite,numberOfRobotsOnWhiteSite
31157,20,20
timeStep,numberOfRobotsOnBlackSite,numberOfRobotsOnWhiteSite
31158,20,20
timeStep,numberOfRobotsOnBlackSite,numberOfRobotsOnWhiteSite
31159,20,20
timeStep,numberOfRobotsOnBlackSite,numberOfRobotsOnWhiteSite
31160,20,20
timeStep,numberOfRobotsOnBlackSite,numberOfRobotsOnWhiteSite
31161,20,20
timeStep,numberOfRobotsOnBlackSite,numberOfRobotsOnWhiteSite
31162,20,20
timeStep,numberOfRobotsOnBlackSite,numberOfRobotsOnWhiteSite
31163,20,20
timeStep,numberOfRobotsOnBlackSite,numberOfRobotsOnWhiteSite
31164,20,20
timeStep,numberOfRobotsOnBlackSite,numberOfRobotsOnWhiteSite
31165,20,21
timeStep,numberOfRobotsOnBlackSite,numberOfRobotsOnWhiteSite
31166,20,21
timeStep,numberOfRobotsOnBlackSite,numberOfRobotsOnWhiteSite
31167,20,21
timeStep,numberOfRobotsOnBlackSite,numberOfRobotsOnWhiteSite
31168,20,21
timeStep,numberOfRobotsOnBlackSite,numberOfRobotsOnWhiteSite
31169,20,21
timeStep,numberOfRobotsOnBlackSite,numberOfRobotsOnWhiteSite
31170,20,21
timeStep,numberOfRobotsOnBlackSite,numberOfRobotsOnWhiteSite
31171,20,21
timeStep,numberOfRobotsOnBlackSite,numberOfRobotsOnWhiteSite
31172,20,21
timeStep,numberOfRobotsOnBlackSite,numberOfRobotsOnWhiteSite
31173,20,21
timeStep,numberOfRobotsOnBlackSite,numberOfRobotsOnWhiteSite
31174,20,21
timeStep,numberOfRobotsOnBlackSite,numberOfRobotsOnWhiteSite
31175,20,21
timeStep,numberOfRobotsOnBlackSite,numberOfRobotsOnWhiteSite
31176,20,21
timeStep,numberOfRobotsOnBlackSite,numberOfRobotsOnWhiteSite
31177,20,21
timeStep,numberOfRobotsOnBlackSite,numberOfRobotsOnWhiteSite
31178,20,21
timeStep,numberOfRobotsOnBlackSite,numberOfRobotsOnWhiteSite
31179,20,21
timeStep,numberOfRobotsOnBlackSite,numberOfRobotsOnWhiteSite
31180,20,21
timeStep,numberOfRobotsOnBlackSite,numberOfRobotsOnWhiteSite
31181,20,21
timeStep,numberOfRobotsOnBlackSite,numberOfRobotsOnWhiteSite
31182,20,21
timeStep,numberOfRobotsOnBlackSite,numberOfRobotsOnWhiteSite
31183,20,21
timeStep,numberOfRobotsOnBlackSite,numberOfRobotsOnWhiteSite
31184,20,21
timeStep,numberOfRobotsOnBlackSite,numberOfRobotsOnWhiteSite
31185,20,21
timeStep,numberOfRobotsOnBlackSite,numberOfRobotsOnWhiteSite
31186,20,21
timeStep,numberOfRobotsOnBlackSite,numberOfRobotsOnWhiteSite
31187,20,21
timeStep,numberOfRobotsOnBlackSite,numberOfRobotsOnWhiteSite
31188,20,21
timeStep,numberOfRobotsOnBlackSite,numberOfRobotsOnWhiteSite
31189,20,21
timeStep,numberOfRobotsOnBlackSite,numberOfRobotsOnWhiteSite
31190,20,21
timeStep,numberOfRobotsOnBlackSite,numberOfRobotsOnWhiteSite
31191,20,21
timeStep,numberOfRobotsOnBlackSite,numberOfRobotsOnWhiteSite
31192,20,21
timeStep,numberOfRobotsOnBlackSite,numberOfRobotsOnWhiteSite
31193,20,21
timeStep,numberOfRobotsOnBlackSite,numberOfRobotsOnWhiteSite
31194,20,21
timeStep,numberOfRobotsOnBlackSite,numberOfRobotsOnWhiteSite
31195,20,21
timeStep,numberOfRobotsOnBlackSite,numberOfRobotsOnWhiteSite
31196,20,21
timeStep,numberOfRobotsOnBlackSite,numberOfRobotsOnWhiteSite
31197,20,21
timeStep,numberOfRobotsOnBlackSite,numberOfRobotsOnWhiteSite
31198,20,21
timeStep,numberOfRobotsOnBlackSite,numberOfRobotsOnWhiteSite
31199,20,21
timeStep,numberOfRobotsOnBlackSite,numberOfRobotsOnWhiteSite
31200,20,21
timeStep,numberOfRobotsOnBlackSite,numberOfRobotsOnWhiteSite
31201,20,21
timeStep,numberOfRobotsOnBlackSite,numberOfRobotsOnWhiteSite
31202,20,21
timeStep,numberOfRobotsOnBlackSite,numberOfRobotsOnWhiteSite
31203,20,21
timeStep,numberOfRobotsOnBlackSite,numberOfRobotsOnWhiteSite
31204,20,21
timeStep,numberOfRobotsOnBlackSite,numberOfRobotsOnWhiteSite
31205,20,21
timeStep,numberOfRobotsOnBlackSite,numberOfRobotsOnWhiteSite
31206,20,21
timeStep,numberOfRobotsOnBlackSite,numberOfRobotsOnWhiteSite
31207,20,21
timeStep,numberOfRobotsOnBlackSite,numberOfRobotsOnWhiteSite
31208,20,21
timeStep,numberOfRobotsOnBlackSite,numberOfRobotsOnWhiteSite
31209,20,21
timeStep,numberOfRobotsOnBlackSite,numberOfRobotsOnWhiteSite
31210,21,21
timeStep,numberOfRobotsOnBlackSite,numberOfRobotsOnWhiteSite
31211,21,21
timeStep,numberOfRobotsOnBlackSite,numberOfRobotsOnWhiteSite
31212,21,21
timeStep,numberOfRobotsOnBlackSite,numberOfRobotsOnWhiteSite
31213,21,21
timeStep,numberOfRobotsOnBlackSite,numberOfRobotsOnWhiteSite
31214,21,21
timeStep,numberOfRobotsOnBlackSite,numberOfRobotsOnWhiteSite
31215,21,21
timeStep,numberOfRobotsOnBlackSite,numberOfRobotsOnWhiteSite
31216,21,21
timeStep,numberOfRobotsOnBlackSite,numberOfRobotsOnWhiteSite
31217,21,21
timeStep,numberOfRobotsOnBlackSite,numberOfRobotsOnWhiteSite
31218,21,21
timeStep,numberOfRobotsOnBlackSite,numberOfRobotsOnWhiteSite
31219,21,21
timeStep,numberOfRobotsOnBlackSite,numberOfRobotsOnWhiteSite
31220,21,21
timeStep,numberOfRobotsOnBlackSite,numberOfRobotsOnWhiteSite
31221,21,21
timeStep,numberOfRobotsOnBlackSite,numberOfRobotsOnWhiteSite
31222,21,21
timeStep,numberOfRobotsOnBlackSite,numberOfRobotsOnWhiteSite
31223,21,21
timeStep,numberOfRobotsOnBlackSite,numberOfRobotsOnWhiteSite
31224,21,21
timeStep,numberOfRobotsOnBlackSite,numberOfRobotsOnWhiteSite
31225,21,21
timeStep,numberOfRobotsOnBlackSite,numberOfRobotsOnWhiteSite
31226,21,21
timeStep,numberOfRobotsOnBlackSite,numberOfRobotsOnWhiteSite
31227,21,21
timeStep,numberOfRobotsOnBlackSite,numberOfRobotsOnWhiteSite
31228,21,21
timeStep,numberOfRobotsOnBlackSite,numberOfRobotsOnWhiteSite
31229,21,21
timeStep,numberOfRobotsOnBlackSite,numberOfRobotsOnWhiteSite
31230,21,21
timeStep,numberOfRobotsOnBlackSite,numberOfRobotsOnWhiteSite
31231,21,21
timeStep,numberOfRobotsOnBlackSite,numberOfRobotsOnWhiteSite
31232,21,21
timeStep,numberOfRobotsOnBlackSite,numberOfRobotsOnWhiteSite
31233,21,21
timeStep,numberOfRobotsOnBlackSite,numberOfRobotsOnWhiteSite
31234,21,21
timeStep,numberOfRobotsOnBlackSite,numberOfRobotsOnWhiteSite
31235,21,21
timeStep,numberOfRobotsOnBlackSite,numberOfRobotsOnWhiteSite
31236,21,21
timeStep,numberOfRobotsOnBlackSite,numberOfRobotsOnWhiteSite
31237,21,21
timeStep,numberOfRobotsOnBlackSite,numberOfRobotsOnWhiteSite
31238,21,21
timeStep,numberOfRobotsOnBlackSite,numberOfRobotsOnWhiteSite
31239,21,21
timeStep,numberOfRobotsOnBlackSite,numberOfRobotsOnWhiteSite
31240,21,21
timeStep,numberOfRobotsOnBlackSite,numberOfRobotsOnWhiteSite
31241,21,21
timeStep,numberOfRobotsOnBlackSite,numberOfRobotsOnWhiteSite
31242,21,21
timeStep,numberOfRobotsOnBlackSite,numberOfRobotsOnWhiteSite
31243,21,21
timeStep,numberOfRobotsOnBlackSite,numberOfRobotsOnWhiteSite
31244,21,21
timeStep,numberOfRobotsOnBlackSite,numberOfRobotsOnWhiteSite
31245,21,21
timeStep,numberOfRobotsOnBlackSite,numberOfRobotsOnWhiteSite
31246,21,21
timeStep,numberOfRobotsOnBlackSite,numberOfRobotsOnWhiteSite
31247,21,21
timeStep,numberOfRobotsOnBlackSite,numberOfRobotsOnWhiteSite
31248,21,21
timeStep,numberOfRobotsOnBlackSite,numberOfRobotsOnWhiteSite
31249,21,21
timeStep,numberOfRobotsOnBlackSite,numberOfRobotsOnWhiteSite
31250,21,21
timeStep,numberOfRobotsOnBlackSite,numberOfRobotsOnWhiteSite
31251,21,21
timeStep,numberOfRobotsOnBlackSite,numberOfRobotsOnWhiteSite
31252,21,21
timeStep,numberOfRobotsOnBlackSite,numberOfRobotsOnWhiteSite
31253,21,21
timeStep,numberOfRobotsOnBlackSite,numberOfRobotsOnWhiteSite
31254,21,21
timeStep,numberOfRobotsOnBlackSite,numberOfRobotsOnWhiteSite
31255,21,21
timeStep,numberOfRobotsOnBlackSite,numberOfRobotsOnWhiteSite
31256,21,21
timeStep,numberOfRobotsOnBlackSite,numberOfRobotsOnWhiteSite
31257,21,21
timeStep,numberOfRobotsOnBlackSite,numberOfRobotsOnWhiteSite
31258,21,21
timeStep,numberOfRobotsOnBlackSite,numberOfRobotsOnWhiteSite
31259,21,21
timeStep,numberOfRobotsOnBlackSite,numberOfRobotsOnWhiteSite
31260,21,21
timeStep,numberOfRobotsOnBlackSite,numberOfRobotsOnWhiteSite
31261,21,21
timeStep,numberOfRobotsOnBlackSite,numberOfRobotsOnWhiteSite
31262,21,21
timeStep,numberOfRobotsOnBlackSite,numberOfRobotsOnWhiteSite
31263,21,21
timeStep,numberOfRobotsOnBlackSite,numberOfRobotsOnWhiteSite
31264,21,21
timeStep,numberOfRobotsOnBlackSite,numberOfRobotsOnWhiteSite
31265,21,20
timeStep,numberOfRobotsOnBlackSite,numberOfRobotsOnWhiteSite
31266,21,20
timeStep,numberOfRobotsOnBlackSite,numberOfRobotsOnWhiteSite
31267,21,20
timeStep,numberOfRobotsOnBlackSite,numberOfRobotsOnWhiteSite
31268,21,20
timeStep,numberOfRobotsOnBlackSite,numberOfRobotsOnWhiteSite
31269,21,20
timeStep,numberOfRobotsOnBlackSite,numberOfRobotsOnWhiteSite
31270,21,20
timeStep,numberOfRobotsOnBlackSite,numberOfRobotsOnWhiteSite
31271,21,20
timeStep,numberOfRobotsOnBlackSite,numberOfRobotsOnWhiteSite
31272,21,20
timeStep,numberOfRobotsOnBlackSite,numberOfRobotsOnWhiteSite
31273,21,20
timeStep,numberOfRobotsOnBlackSite,numberOfRobotsOnWhiteSite
31274,21,20
timeStep,numberOfRobotsOnBlackSite,numberOfRobotsOnWhiteSite
31275,21,20
timeStep,numberOfRobotsOnBlackSite,numberOfRobotsOnWhiteSite
31276,21,20
timeStep,numberOfRobotsOnBlackSite,numberOfRobotsOnWhiteSite
31277,21,20
timeStep,numberOfRobotsOnBlackSite,numberOfRobotsOnWhiteSite
31278,21,20
timeStep,numberOfRobotsOnBlackSite,numberOfRobotsOnWhiteSite
31279,21,20
timeStep,numberOfRobotsOnBlackSite,numberOfRobotsOnWhiteSite
31280,21,20
timeStep,numberOfRobotsOnBlackSite,numberOfRobotsOnWhiteSite
31281,21,20
timeStep,numberOfRobotsOnBlackSite,numberOfRobotsOnWhiteSite
31282,21,20
timeStep,numberOfRobotsOnBlackSite,numberOfRobotsOnWhiteSite
31283,21,20
timeStep,numberOfRobotsOnBlackSite,numberOfRobotsOnWhiteSite
31284,21,20
timeStep,numberOfRobotsOnBlackSite,numberOfRobotsOnWhiteSite
31285,21,20
timeStep,numberOfRobotsOnBlackSite,numberOfRobotsOnWhiteSite
31286,21,20
timeStep,numberOfRobotsOnBlackSite,numberOfRobotsOnWhiteSite
31287,21,20
timeStep,numberOfRobotsOnBlackSite,numberOfRobotsOnWhiteSite
31288,21,20
timeStep,numberOfRobotsOnBlackSite,numberOfRobotsOnWhiteSite
31289,21,20
timeStep,numberOfRobotsOnBlackSite,numberOfRobotsOnWhiteSite
31290,21,20
timeStep,numberOfRobotsOnBlackSite,numberOfRobotsOnWhiteSite
31291,21,20
timeStep,numberOfRobotsOnBlackSite,numberOfRobotsOnWhiteSite
31292,21,20
timeStep,numberOfRobotsOnBlackSite,numberOfRobotsOnWhiteSite
31293,21,20
timeStep,numberOfRobotsOnBlackSite,numberOfRobotsOnWhiteSite
31294,21,20
timeStep,numberOfRobotsOnBlackSite,numberOfRobotsOnWhiteSite
31295,21,20
timeStep,numberOfRobotsOnBlackSite,numberOfRobotsOnWhiteSite
31296,21,20
timeStep,numberOfRobotsOnBlackSite,numberOfRobotsOnWhiteSite
31297,21,20
timeStep,numberOfRobotsOnBlackSite,numberOfRobotsOnWhiteSite
31298,21,20
timeStep,numberOfRobotsOnBlackSite,numberOfRobotsOnWhiteSite
31299,21,20
timeStep,numberOfRobotsOnBlackSite,numberOfRobotsOnWhiteSite
31300,21,20
timeStep,numberOfRobotsOnBlackSite,numberOfRobotsOnWhiteSite
31301,21,20
timeStep,numberOfRobotsOnBlackSite,numberOfRobotsOnWhiteSite
31302,21,20
timeStep,numberOfRobotsOnBlackSite,numberOfRobotsOnWhiteSite
31303,21,20
timeStep,numberOfRobotsOnBlackSite,numberOfRobotsOnWhiteSite
31304,21,20
timeStep,numberOfRobotsOnBlackSite,numberOfRobotsOnWhiteSite
31305,21,20
timeStep,numberOfRobotsOnBlackSite,numberOfRobotsOnWhiteSite
31306,21,20
timeStep,numberOfRobotsOnBlackSite,numberOfRobotsOnWhiteSite
31307,21,20
timeStep,numberOfRobotsOnBlackSite,numberOfRobotsOnWhiteSite
31308,21,20
timeStep,numberOfRobotsOnBlackSite,numberOfRobotsOnWhiteSite
31309,21,20
timeStep,numberOfRobotsOnBlackSite,numberOfRobotsOnWhiteSite
31310,21,21
timeStep,numberOfRobotsOnBlackSite,numberOfRobotsOnWhiteSite
31311,21,21
timeStep,numberOfRobotsOnBlackSite,numberOfRobotsOnWhiteSite
31312,21,21
timeStep,numberOfRobotsOnBlackSite,numberOfRobotsOnWhiteSite
31313,21,21
timeStep,numberOfRobotsOnBlackSite,numberOfRobotsOnWhiteSite
31314,21,21
timeStep,numberOfRobotsOnBlackSite,numberOfRobotsOnWhiteSite
31315,21,21
timeStep,numberOfRobotsOnBlackSite,numberOfRobotsOnWhiteSite
31316,21,21
timeStep,numberOfRobotsOnBlackSite,numberOfRobotsOnWhiteSite
31317,21,21
timeStep,numberOfRobotsOnBlackSite,numberOfRobotsOnWhiteSite
31318,21,21
timeStep,numberOfRobotsOnBlackSite,numberOfRobotsOnWhiteSite
31319,21,21
timeStep,numberOfRobotsOnBlackSite,numberOfRobotsOnWhiteSite
31320,21,21
timeStep,numberOfRobotsOnBlackSite,numberOfRobotsOnWhiteSite
31321,21,21
timeStep,numberOfRobotsOnBlackSite,numberOfRobotsOnWhiteSite
31322,21,21
timeStep,numberOfRobotsOnBlackSite,numberOfRobotsOnWhiteSite
31323,21,21
timeStep,numberOfRobotsOnBlackSite,numberOfRobotsOnWhiteSite
31324,21,21
timeStep,numberOfRobotsOnBlackSite,numberOfRobotsOnWhiteSite
31325,21,21
timeStep,numberOfRobotsOnBlackSite,numberOfRobotsOnWhiteSite
31326,21,21
timeStep,numberOfRobotsOnBlackSite,numberOfRobotsOnWhiteSite
31327,21,21
timeStep,numberOfRobotsOnBlackSite,numberOfRobotsOnWhiteSite
31328,21,21
timeStep,numberOfRobotsOnBlackSite,numberOfRobotsOnWhiteSite
31329,21,21
timeStep,numberOfRobotsOnBlackSite,numberOfRobotsOnWhiteSite
31330,21,21
timeStep,numberOfRobotsOnBlackSite,numberOfRobotsOnWhiteSite
31331,21,21
timeStep,numberOfRobotsOnBlackSite,numberOfRobotsOnWhiteSite
31332,21,21
timeStep,numberOfRobotsOnBlackSite,numberOfRobotsOnWhiteSite
31333,21,21
timeStep,numberOfRobotsOnBlackSite,numberOfRobotsOnWhiteSite
31334,21,21
timeStep,numberOfRobotsOnBlackSite,numberOfRobotsOnWhiteSite
31335,21,21
timeStep,numberOfRobotsOnBlackSite,numberOfRobotsOnWhiteSite
31336,21,21
timeStep,numberOfRobotsOnBlackSite,numberOfRobotsOnWhiteSite
31337,21,21
timeStep,numberOfRobotsOnBlackSite,numberOfRobotsOnWhiteSite
31338,21,21
timeStep,numberOfRobotsOnBlackSite,numberOfRobotsOnWhiteSite
31339,21,21
timeStep,numberOfRobotsOnBlackSite,numberOfRobotsOnWhiteSite
31340,21,21
timeStep,numberOfRobotsOnBlackSite,numberOfRobotsOnWhiteSite
31341,21,21
timeStep,numberOfRobotsOnBlackSite,numberOfRobotsOnWhiteSite
31342,21,21
timeStep,numberOfRobotsOnBlackSite,numberOfRobotsOnWhiteSite
31343,21,21
timeStep,numberOfRobotsOnBlackSite,numberOfRobotsOnWhiteSite
31344,21,21
timeStep,numberOfRobotsOnBlackSite,numberOfRobotsOnWhiteSite
31345,21,21
timeStep,numberOfRobotsOnBlackSite,numberOfRobotsOnWhiteSite
31346,21,21
timeStep,numberOfRobotsOnBlackSite,numberOfRobotsOnWhiteSite
31347,21,21
timeStep,numberOfRobotsOnBlackSite,numberOfRobotsOnWhiteSite
31348,21,21
timeStep,numberOfRobotsOnBlackSite,numberOfRobotsOnWhiteSite
31349,21,21
timeStep,numberOfRobotsOnBlackSite,numberOfRobotsOnWhiteSite
31350,21,21
timeStep,numberOfRobotsOnBlackSite,numberOfRobotsOnWhiteSite
31351,21,21
timeStep,numberOfRobotsOnBlackSite,numberOfRobotsOnWhiteSite
31352,21,21
timeStep,numberOfRobotsOnBlackSite,numberOfRobotsOnWhiteSite
31353,21,21
timeStep,numberOfRobotsOnBlackSite,numberOfRobotsOnWhiteSite
31354,21,21
timeStep,numberOfRobotsOnBlackSite,numberOfRobotsOnWhiteSite
31355,21,21
timeStep,numberOfRobotsOnBlackSite,numberOfRobotsOnWhiteSite
31356,21,21
timeStep,numberOfRobotsOnBlackSite,numberOfRobotsOnWhiteSite
31357,21,21
timeStep,numberOfRobotsOnBlackSite,numberOfRobotsOnWhiteSite
31358,21,21
timeStep,numberOfRobotsOnBlackSite,numberOfRobotsOnWhiteSite
31359,21,21
timeStep,numberOfRobotsOnBlackSite,numberOfRobotsOnWhiteSite
31360,21,21
timeStep,numberOfRobotsOnBlackSite,numberOfRobotsOnWhiteSite
31361,21,21
timeStep,numberOfRobotsOnBlackSite,numberOfRobotsOnWhiteSite
31362,21,21
timeStep,numberOfRobotsOnBlackSite,numberOfRobotsOnWhiteSite
31363,21,21
timeStep,numberOfRobotsOnBlackSite,numberOfRobotsOnWhiteSite
31364,21,21
timeStep,numberOfRobotsOnBlackSite,numberOfRobotsOnWhiteSite
31365,21,21
timeStep,numberOfRobotsOnBlackSite,numberOfRobotsOnWhiteSite
31366,21,21
timeStep,numberOfRobotsOnBlackSite,numberOfRobotsOnWhiteSite
31367,21,21
timeStep,numberOfRobotsOnBlackSite,numberOfRobotsOnWhiteSite
31368,21,21
timeStep,numberOfRobotsOnBlackSite,numberOfRobotsOnWhiteSite
31369,21,21
timeStep,numberOfRobotsOnBlackSite,numberOfRobotsOnWhiteSite
31370,21,21
timeStep,numberOfRobotsOnBlackSite,numberOfRobotsOnWhiteSite
31371,21,21
timeStep,numberOfRobotsOnBlackSite,numberOfRobotsOnWhiteSite
31372,21,21
timeStep,numberOfRobotsOnBlackSite,numberOfRobotsOnWhiteSite
31373,21,21
timeStep,numberOfRobotsOnBlackSite,numberOfRobotsOnWhiteSite
31374,21,21
timeStep,numberOfRobotsOnBlackSite,numberOfRobotsOnWhiteSite
31375,21,21
timeStep,numberOfRobotsOnBlackSite,numberOfRobotsOnWhiteSite
31376,21,21
timeStep,numberOfRobotsOnBlackSite,numberOfRobotsOnWhiteSite
31377,21,21
timeStep,numberOfRobotsOnBlackSite,numberOfRobotsOnWhiteSite
31378,21,21
timeStep,numberOfRobotsOnBlackSite,numberOfRobotsOnWhiteSite
31379,21,21
timeStep,numberOfRobotsOnBlackSite,numberOfRobotsOnWhiteSite
31380,21,21
timeStep,numberOfRobotsOnBlackSite,numberOfRobotsOnWhiteSite
31381,21,21
timeStep,numberOfRobotsOnBlackSite,numberOfRobotsOnWhiteSite
31382,21,21
timeStep,numberOfRobotsOnBlackSite,numberOfRobotsOnWhiteSite
31383,21,21
timeStep,numberOfRobotsOnBlackSite,numberOfRobotsOnWhiteSite
31384,21,21
timeStep,numberOfRobotsOnBlackSite,numberOfRobotsOnWhiteSite
31385,21,21
timeStep,numberOfRobotsOnBlackSite,numberOfRobotsOnWhiteSite
31386,21,21
timeStep,numberOfRobotsOnBlackSite,numberOfRobotsOnWhiteSite
31387,21,21
timeStep,numberOfRobotsOnBlackSite,numberOfRobotsOnWhiteSite
31388,21,21
timeStep,numberOfRobotsOnBlackSite,numberOfRobotsOnWhiteSite
31389,21,21
timeStep,numberOfRobotsOnBlackSite,numberOfRobotsOnWhiteSite
31390,21,21
timeStep,numberOfRobotsOnBlackSite,numberOfRobotsOnWhiteSite
31391,21,21
timeStep,numberOfRobotsOnBlackSite,numberOfRobotsOnWhiteSite
31392,21,21
timeStep,numberOfRobotsOnBlackSite,numberOfRobotsOnWhiteSite
31393,21,21
timeStep,numberOfRobotsOnBlackSite,numberOfRobotsOnWhiteSite
31394,21,21
timeStep,numberOfRobotsOnBlackSite,numberOfRobotsOnWhiteSite
31395,21,21
timeStep,numberOfRobotsOnBlackSite,numberOfRobotsOnWhiteSite
31396,21,21
timeStep,numberOfRobotsOnBlackSite,numberOfRobotsOnWhiteSite
31397,21,21
timeStep,numberOfRobotsOnBlackSite,numberOfRobotsOnWhiteSite
31398,21,21
timeStep,numberOfRobotsOnBlackSite,numberOfRobotsOnWhiteSite
31399,21,21
timeStep,numberOfRobotsOnBlackSite,numberOfRobotsOnWhiteSite
31400,21,21
timeStep,numberOfRobotsOnBlackSite,numberOfRobotsOnWhiteSite
31401,21,21
timeStep,numberOfRobotsOnBlackSite,numberOfRobotsOnWhiteSite
31402,21,21
timeStep,numberOfRobotsOnBlackSite,numberOfRobotsOnWhiteSite
31403,21,21
timeStep,numberOfRobotsOnBlackSite,numberOfRobotsOnWhiteSite
31404,21,21
timeStep,numberOfRobotsOnBlackSite,numberOfRobotsOnWhiteSite
31405,21,21
timeStep,numberOfRobotsOnBlackSite,numberOfRobotsOnWhiteSite
31406,21,21
timeStep,numberOfRobotsOnBlackSite,numberOfRobotsOnWhiteSite
31407,21,21
timeStep,numberOfRobotsOnBlackSite,numberOfRobotsOnWhiteSite
31408,21,21
timeStep,numberOfRobotsOnBlackSite,numberOfRobotsOnWhiteSite
31409,21,21
timeStep,numberOfRobotsOnBlackSite,numberOfRobotsOnWhiteSite
31410,21,21
timeStep,numberOfRobotsOnBlackSite,numberOfRobotsOnWhiteSite
31411,21,21
timeStep,numberOfRobotsOnBlackSite,numberOfRobotsOnWhiteSite
31412,21,21
timeStep,numberOfRobotsOnBlackSite,numberOfRobotsOnWhiteSite
31413,21,21
timeStep,numberOfRobotsOnBlackSite,numberOfRobotsOnWhiteSite
31414,21,21
timeStep,numberOfRobotsOnBlackSite,numberOfRobotsOnWhiteSite
31415,21,21
timeStep,numberOfRobotsOnBlackSite,numberOfRobotsOnWhiteSite
31416,21,21
timeStep,numberOfRobotsOnBlackSite,numberOfRobotsOnWhiteSite
31417,21,21
timeStep,numberOfRobotsOnBlackSite,numberOfRobotsOnWhiteSite
31418,21,21
timeStep,numberOfRobotsOnBlackSite,numberOfRobotsOnWhiteSite
31419,21,21
timeStep,numberOfRobotsOnBlackSite,numberOfRobotsOnWhiteSite
31420,21,21
timeStep,numberOfRobotsOnBlackSite,numberOfRobotsOnWhiteSite
31421,21,21
timeStep,numberOfRobotsOnBlackSite,numberOfRobotsOnWhiteSite
31422,21,21
timeStep,numberOfRobotsOnBlackSite,numberOfRobotsOnWhiteSite
31423,21,21
timeStep,numberOfRobotsOnBlackSite,numberOfRobotsOnWhiteSite
31424,21,21
timeStep,numberOfRobotsOnBlackSite,numberOfRobotsOnWhiteSite
31425,21,21
timeStep,numberOfRobotsOnBlackSite,numberOfRobotsOnWhiteSite
31426,21,21
timeStep,numberOfRobotsOnBlackSite,numberOfRobotsOnWhiteSite
31427,21,21
timeStep,numberOfRobotsOnBlackSite,numberOfRobotsOnWhiteSite
31428,21,21
timeStep,numberOfRobotsOnBlackSite,numberOfRobotsOnWhiteSite
31429,21,21
timeStep,numberOfRobotsOnBlackSite,numberOfRobotsOnWhiteSite
31430,21,21
timeStep,numberOfRobotsOnBlackSite,numberOfRobotsOnWhiteSite
31431,21,21
timeStep,numberOfRobotsOnBlackSite,numberOfRobotsOnWhiteSite
31432,21,21
timeStep,numberOfRobotsOnBlackSite,numberOfRobotsOnWhiteSite
31433,21,21
timeStep,numberOfRobotsOnBlackSite,numberOfRobotsOnWhiteSite
31434,21,21
timeStep,numberOfRobotsOnBlackSite,numberOfRobotsOnWhiteSite
31435,21,21
timeStep,numberOfRobotsOnBlackSite,numberOfRobotsOnWhiteSite
31436,21,21
timeStep,numberOfRobotsOnBlackSite,numberOfRobotsOnWhiteSite
31437,21,21
timeStep,numberOfRobotsOnBlackSite,numberOfRobotsOnWhiteSite
31438,21,21
timeStep,numberOfRobotsOnBlackSite,numberOfRobotsOnWhiteSite
31439,21,21
timeStep,numberOfRobotsOnBlackSite,numberOfRobotsOnWhiteSite
31440,21,21
timeStep,numberOfRobotsOnBlackSite,numberOfRobotsOnWhiteSite
31441,21,21
timeStep,numberOfRobotsOnBlackSite,numberOfRobotsOnWhiteSite
31442,21,21
timeStep,numberOfRobotsOnBlackSite,numberOfRobotsOnWhiteSite
31443,21,21
timeStep,numberOfRobotsOnBlackSite,numberOfRobotsOnWhiteSite
31444,21,21
timeStep,numberOfRobotsOnBlackSite,numberOfRobotsOnWhiteSite
31445,21,21
timeStep,numberOfRobotsOnBlackSite,numberOfRobotsOnWhiteSite
31446,21,21
timeStep,numberOfRobotsOnBlackSite,numberOfRobotsOnWhiteSite
31447,21,21
timeStep,numberOfRobotsOnBlackSite,numberOfRobotsOnWhiteSite
31448,21,21
timeStep,numberOfRobotsOnBlackSite,numberOfRobotsOnWhiteSite
31449,21,21
timeStep,numberOfRobotsOnBlackSite,numberOfRobotsOnWhiteSite
31450,21,21
timeStep,numberOfRobotsOnBlackSite,numberOfRobotsOnWhiteSite
31451,21,21
timeStep,numberOfRobotsOnBlackSite,numberOfRobotsOnWhiteSite
31452,21,21
timeStep,numberOfRobotsOnBlackSite,numberOfRobotsOnWhiteSite
31453,21,21
timeStep,numberOfRobotsOnBlackSite,numberOfRobotsOnWhiteSite
31454,21,21
timeStep,numberOfRobotsOnBlackSite,numberOfRobotsOnWhiteSite
31455,21,21
timeStep,numberOfRobotsOnBlackSite,numberOfRobotsOnWhiteSite
31456,21,21
timeStep,numberOfRobotsOnBlackSite,numberOfRobotsOnWhiteSite
31457,21,21
timeStep,numberOfRobotsOnBlackSite,numberOfRobotsOnWhiteSite
31458,21,21
timeStep,numberOfRobotsOnBlackSite,numberOfRobotsOnWhiteSite
31459,21,21
timeStep,numberOfRobotsOnBlackSite,numberOfRobotsOnWhiteSite
31460,21,21
timeStep,numberOfRobotsOnBlackSite,numberOfRobotsOnWhiteSite
31461,21,21
timeStep,numberOfRobotsOnBlackSite,numberOfRobotsOnWhiteSite
31462,21,21
timeStep,numberOfRobotsOnBlackSite,numberOfRobotsOnWhiteSite
31463,21,21
timeStep,numberOfRobotsOnBlackSite,numberOfRobotsOnWhiteSite
31464,21,21
timeStep,numberOfRobotsOnBlackSite,numberOfRobotsOnWhiteSite
31465,21,21
timeStep,numberOfRobotsOnBlackSite,numberOfRobotsOnWhiteSite
31466,21,21
timeStep,numberOfRobotsOnBlackSite,numberOfRobotsOnWhiteSite
31467,21,21
timeStep,numberOfRobotsOnBlackSite,numberOfRobotsOnWhiteSite
31468,21,21
timeStep,numberOfRobotsOnBlackSite,numberOfRobotsOnWhiteSite
31469,21,21
timeStep,numberOfRobotsOnBlackSite,numberOfRobotsOnWhiteSite
31470,21,21
timeStep,numberOfRobotsOnBlackSite,numberOfRobotsOnWhiteSite
31471,21,21
timeStep,numberOfRobotsOnBlackSite,numberOfRobotsOnWhiteSite
31472,21,21
timeStep,numberOfRobotsOnBlackSite,numberOfRobotsOnWhiteSite
31473,21,21
timeStep,numberOfRobotsOnBlackSite,numberOfRobotsOnWhiteSite
31474,21,21
timeStep,numberOfRobotsOnBlackSite,numberOfRobotsOnWhiteSite
31475,21,21
timeStep,numberOfRobotsOnBlackSite,numberOfRobotsOnWhiteSite
31476,21,21
timeStep,numberOfRobotsOnBlackSite,numberOfRobotsOnWhiteSite
31477,21,21
timeStep,numberOfRobotsOnBlackSite,numberOfRobotsOnWhiteSite
31478,21,21
timeStep,numberOfRobotsOnBlackSite,numberOfRobotsOnWhiteSite
31479,21,21
timeStep,numberOfRobotsOnBlackSite,numberOfRobotsOnWhiteSite
31480,21,21
timeStep,numberOfRobotsOnBlackSite,numberOfRobotsOnWhiteSite
31481,21,21
timeStep,numberOfRobotsOnBlackSite,numberOfRobotsOnWhiteSite
31482,21,21
timeStep,numberOfRobotsOnBlackSite,numberOfRobotsOnWhiteSite
31483,21,21
timeStep,numberOfRobotsOnBlackSite,numberOfRobotsOnWhiteSite
31484,21,21
timeStep,numberOfRobotsOnBlackSite,numberOfRobotsOnWhiteSite
31485,21,21
timeStep,numberOfRobotsOnBlackSite,numberOfRobotsOnWhiteSite
31486,21,21
timeStep,numberOfRobotsOnBlackSite,numberOfRobotsOnWhiteSite
31487,21,21
timeStep,numberOfRobotsOnBlackSite,numberOfRobotsOnWhiteSite
31488,21,21
timeStep,numberOfRobotsOnBlackSite,numberOfRobotsOnWhiteSite
31489,21,21
timeStep,numberOfRobotsOnBlackSite,numberOfRobotsOnWhiteSite
31490,21,21
timeStep,numberOfRobotsOnBlackSite,numberOfRobotsOnWhiteSite
31491,21,21
timeStep,numberOfRobotsOnBlackSite,numberOfRobotsOnWhiteSite
31492,21,21
timeStep,numberOfRobotsOnBlackSite,numberOfRobotsOnWhiteSite
31493,21,21
timeStep,numberOfRobotsOnBlackSite,numberOfRobotsOnWhiteSite
31494,21,21
timeStep,numberOfRobotsOnBlackSite,numberOfRobotsOnWhiteSite
31495,21,21
timeStep,numberOfRobotsOnBlackSite,numberOfRobotsOnWhiteSite
31496,21,21
timeStep,numberOfRobotsOnBlackSite,numberOfRobotsOnWhiteSite
31497,21,21
timeStep,numberOfRobotsOnBlackSite,numberOfRobotsOnWhiteSite
31498,21,21
timeStep,numberOfRobotsOnBlackSite,numberOfRobotsOnWhiteSite
31499,21,21
timeStep,numberOfRobotsOnBlackSite,numberOfRobotsOnWhiteSite
31500,21,21
timeStep,numberOfRobotsOnBlackSite,numberOfRobotsOnWhiteSite
31501,21,21
timeStep,numberOfRobotsOnBlackSite,numberOfRobotsOnWhiteSite
31502,21,21
timeStep,numberOfRobotsOnBlackSite,numberOfRobotsOnWhiteSite
31503,21,21
timeStep,numberOfRobotsOnBlackSite,numberOfRobotsOnWhiteSite
31504,21,21
timeStep,numberOfRobotsOnBlackSite,numberOfRobotsOnWhiteSite
31505,21,21
timeStep,numberOfRobotsOnBlackSite,numberOfRobotsOnWhiteSite
31506,21,21
timeStep,numberOfRobotsOnBlackSite,numberOfRobotsOnWhiteSite
31507,21,21
timeStep,numberOfRobotsOnBlackSite,numberOfRobotsOnWhiteSite
31508,21,21
timeStep,numberOfRobotsOnBlackSite,numberOfRobotsOnWhiteSite
31509,21,21
timeStep,numberOfRobotsOnBlackSite,numberOfRobotsOnWhiteSite
31510,21,21
timeStep,numberOfRobotsOnBlackSite,numberOfRobotsOnWhiteSite
31511,21,21
timeStep,numberOfRobotsOnBlackSite,numberOfRobotsOnWhiteSite
31512,21,21
timeStep,numberOfRobotsOnBlackSite,numberOfRobotsOnWhiteSite
31513,21,21
timeStep,numberOfRobotsOnBlackSite,numberOfRobotsOnWhiteSite
31514,21,21
timeStep,numberOfRobotsOnBlackSite,numberOfRobotsOnWhiteSite
31515,21,21
timeStep,numberOfRobotsOnBlackSite,numberOfRobotsOnWhiteSite
31516,21,21
timeStep,numberOfRobotsOnBlackSite,numberOfRobotsOnWhiteSite
31517,21,21
timeStep,numberOfRobotsOnBlackSite,numberOfRobotsOnWhiteSite
31518,21,21
timeStep,numberOfRobotsOnBlackSite,numberOfRobotsOnWhiteSite
31519,21,21
timeStep,numberOfRobotsOnBlackSite,numberOfRobotsOnWhiteSite
31520,21,21
timeStep,numberOfRobotsOnBlackSite,numberOfRobotsOnWhiteSite
31521,21,21
timeStep,numberOfRobotsOnBlackSite,numberOfRobotsOnWhiteSite
31522,21,21
timeStep,numberOfRobotsOnBlackSite,numberOfRobotsOnWhiteSite
31523,21,21
timeStep,numberOfRobotsOnBlackSite,numberOfRobotsOnWhiteSite
31524,21,21
timeStep,numberOfRobotsOnBlackSite,numberOfRobotsOnWhiteSite
31525,21,21
timeStep,numberOfRobotsOnBlackSite,numberOfRobotsOnWhiteSite
31526,21,21
timeStep,numberOfRobotsOnBlackSite,numberOfRobotsOnWhiteSite
31527,21,21
timeStep,numberOfRobotsOnBlackSite,numberOfRobotsOnWhiteSite
31528,21,21
timeStep,numberOfRobotsOnBlackSite,numberOfRobotsOnWhiteSite
31529,21,21
timeStep,numberOfRobotsOnBlackSite,numberOfRobotsOnWhiteSite
31530,21,21
timeStep,numberOfRobotsOnBlackSite,numberOfRobotsOnWhiteSite
31531,21,21
timeStep,numberOfRobotsOnBlackSite,numberOfRobotsOnWhiteSite
31532,21,21
timeStep,numberOfRobotsOnBlackSite,numberOfRobotsOnWhiteSite
31533,21,21
timeStep,numberOfRobotsOnBlackSite,numberOfRobotsOnWhiteSite
31534,21,21
timeStep,numberOfRobotsOnBlackSite,numberOfRobotsOnWhiteSite
31535,21,21
timeStep,numberOfRobotsOnBlackSite,numberOfRobotsOnWhiteSite
31536,21,21
timeStep,numberOfRobotsOnBlackSite,numberOfRobotsOnWhiteSite
31537,21,21
timeStep,numberOfRobotsOnBlackSite,numberOfRobotsOnWhiteSite
31538,21,21
timeStep,numberOfRobotsOnBlackSite,numberOfRobotsOnWhiteSite
31539,21,21
timeStep,numberOfRobotsOnBlackSite,numberOfRobotsOnWhiteSite
31540,21,21
timeStep,numberOfRobotsOnBlackSite,numberOfRobotsOnWhiteSite
31541,21,21
timeStep,numberOfRobotsOnBlackSite,numberOfRobotsOnWhiteSite
31542,21,21
timeStep,numberOfRobotsOnBlackSite,numberOfRobotsOnWhiteSite
31543,21,21
timeStep,numberOfRobotsOnBlackSite,numberOfRobotsOnWhiteSite
31544,21,21
timeStep,numberOfRobotsOnBlackSite,numberOfRobotsOnWhiteSite
31545,21,21
timeStep,numberOfRobotsOnBlackSite,numberOfRobotsOnWhiteSite
31546,21,21
timeStep,numberOfRobotsOnBlackSite,numberOfRobotsOnWhiteSite
31547,21,21
timeStep,numberOfRobotsOnBlackSite,numberOfRobotsOnWhiteSite
31548,21,21
timeStep,numberOfRobotsOnBlackSite,numberOfRobotsOnWhiteSite
31549,21,21
timeStep,numberOfRobotsOnBlackSite,numberOfRobotsOnWhiteSite
31550,21,21
timeStep,numberOfRobotsOnBlackSite,numberOfRobotsOnWhiteSite
31551,21,21
timeStep,numberOfRobotsOnBlackSite,numberOfRobotsOnWhiteSite
31552,21,21
timeStep,numberOfRobotsOnBlackSite,numberOfRobotsOnWhiteSite
31553,21,21
timeStep,numberOfRobotsOnBlackSite,numberOfRobotsOnWhiteSite
31554,21,21
timeStep,numberOfRobotsOnBlackSite,numberOfRobotsOnWhiteSite
31555,21,21
timeStep,numberOfRobotsOnBlackSite,numberOfRobotsOnWhiteSite
31556,21,21
timeStep,numberOfRobotsOnBlackSite,numberOfRobotsOnWhiteSite
31557,21,21
timeStep,numberOfRobotsOnBlackSite,numberOfRobotsOnWhiteSite
31558,21,21
timeStep,numberOfRobotsOnBlackSite,numberOfRobotsOnWhiteSite
31559,21,21
timeStep,numberOfRobotsOnBlackSite,numberOfRobotsOnWhiteSite
31560,21,21
timeStep,numberOfRobotsOnBlackSite,numberOfRobotsOnWhiteSite
31561,21,21
timeStep,numberOfRobotsOnBlackSite,numberOfRobotsOnWhiteSite
31562,21,21
timeStep,numberOfRobotsOnBlackSite,numberOfRobotsOnWhiteSite
31563,21,21
timeStep,numberOfRobotsOnBlackSite,numberOfRobotsOnWhiteSite
31564,21,21
timeStep,numberOfRobotsOnBlackSite,numberOfRobotsOnWhiteSite
31565,21,21
timeStep,numberOfRobotsOnBlackSite,numberOfRobotsOnWhiteSite
31566,21,21
timeStep,numberOfRobotsOnBlackSite,numberOfRobotsOnWhiteSite
31567,21,21
timeStep,numberOfRobotsOnBlackSite,numberOfRobotsOnWhiteSite
31568,21,21
timeStep,numberOfRobotsOnBlackSite,numberOfRobotsOnWhiteSite
31569,21,21
timeStep,numberOfRobotsOnBlackSite,numberOfRobotsOnWhiteSite
31570,21,22
timeStep,numberOfRobotsOnBlackSite,numberOfRobotsOnWhiteSite
31571,21,22
timeStep,numberOfRobotsOnBlackSite,numberOfRobotsOnWhiteSite
31572,21,22
timeStep,numberOfRobotsOnBlackSite,numberOfRobotsOnWhiteSite
31573,21,22
timeStep,numberOfRobotsOnBlackSite,numberOfRobotsOnWhiteSite
31574,21,22
timeStep,numberOfRobotsOnBlackSite,numberOfRobotsOnWhiteSite
31575,21,22
timeStep,numberOfRobotsOnBlackSite,numberOfRobotsOnWhiteSite
31576,21,22
timeStep,numberOfRobotsOnBlackSite,numberOfRobotsOnWhiteSite
31577,21,22
timeStep,numberOfRobotsOnBlackSite,numberOfRobotsOnWhiteSite
31578,21,22
timeStep,numberOfRobotsOnBlackSite,numberOfRobotsOnWhiteSite
31579,21,22
timeStep,numberOfRobotsOnBlackSite,numberOfRobotsOnWhiteSite
31580,21,22
timeStep,numberOfRobotsOnBlackSite,numberOfRobotsOnWhiteSite
31581,21,22
timeStep,numberOfRobotsOnBlackSite,numberOfRobotsOnWhiteSite
31582,21,22
timeStep,numberOfRobotsOnBlackSite,numberOfRobotsOnWhiteSite
31583,21,22
timeStep,numberOfRobotsOnBlackSite,numberOfRobotsOnWhiteSite
31584,21,22
timeStep,numberOfRobotsOnBlackSite,numberOfRobotsOnWhiteSite
31585,21,22
timeStep,numberOfRobotsOnBlackSite,numberOfRobotsOnWhiteSite
31586,21,22
timeStep,numberOfRobotsOnBlackSite,numberOfRobotsOnWhiteSite
31587,21,22
timeStep,numberOfRobotsOnBlackSite,numberOfRobotsOnWhiteSite
31588,21,22
timeStep,numberOfRobotsOnBlackSite,numberOfRobotsOnWhiteSite
31589,21,22
timeStep,numberOfRobotsOnBlackSite,numberOfRobotsOnWhiteSite
31590,21,22
timeStep,numberOfRobotsOnBlackSite,numberOfRobotsOnWhiteSite
31591,21,22
timeStep,numberOfRobotsOnBlackSite,numberOfRobotsOnWhiteSite
31592,21,22
timeStep,numberOfRobotsOnBlackSite,numberOfRobotsOnWhiteSite
31593,21,22
timeStep,numberOfRobotsOnBlackSite,numberOfRobotsOnWhiteSite
31594,21,22
timeStep,numberOfRobotsOnBlackSite,numberOfRobotsOnWhiteSite
31595,21,22
timeStep,numberOfRobotsOnBlackSite,numberOfRobotsOnWhiteSite
31596,21,22
timeStep,numberOfRobotsOnBlackSite,numberOfRobotsOnWhiteSite
31597,21,22
timeStep,numberOfRobotsOnBlackSite,numberOfRobotsOnWhiteSite
31598,21,22
timeStep,numberOfRobotsOnBlackSite,numberOfRobotsOnWhiteSite
31599,21,22
timeStep,numberOfRobotsOnBlackSite,numberOfRobotsOnWhiteSite
31600,21,22
timeStep,numberOfRobotsOnBlackSite,numberOfRobotsOnWhiteSite
31601,21,22
timeStep,numberOfRobotsOnBlackSite,numberOfRobotsOnWhiteSite
31602,21,22
timeStep,numberOfRobotsOnBlackSite,numberOfRobotsOnWhiteSite
31603,21,22
timeStep,numberOfRobotsOnBlackSite,numberOfRobotsOnWhiteSite
31604,21,22
timeStep,numberOfRobotsOnBlackSite,numberOfRobotsOnWhiteSite
31605,21,22
timeStep,numberOfRobotsOnBlackSite,numberOfRobotsOnWhiteSite
31606,21,22
timeStep,numberOfRobotsOnBlackSite,numberOfRobotsOnWhiteSite
31607,21,22
timeStep,numberOfRobotsOnBlackSite,numberOfRobotsOnWhiteSite
31608,21,22
timeStep,numberOfRobotsOnBlackSite,numberOfRobotsOnWhiteSite
31609,21,22
timeStep,numberOfRobotsOnBlackSite,numberOfRobotsOnWhiteSite
31610,21,22
timeStep,numberOfRobotsOnBlackSite,numberOfRobotsOnWhiteSite
31611,21,22
timeStep,numberOfRobotsOnBlackSite,numberOfRobotsOnWhiteSite
31612,21,22
timeStep,numberOfRobotsOnBlackSite,numberOfRobotsOnWhiteSite
31613,21,22
timeStep,numberOfRobotsOnBlackSite,numberOfRobotsOnWhiteSite
31614,21,22
timeStep,numberOfRobotsOnBlackSite,numberOfRobotsOnWhiteSite
31615,21,22
timeStep,numberOfRobotsOnBlackSite,numberOfRobotsOnWhiteSite
31616,21,22
timeStep,numberOfRobotsOnBlackSite,numberOfRobotsOnWhiteSite
31617,21,22
timeStep,numberOfRobotsOnBlackSite,numberOfRobotsOnWhiteSite
31618,21,22
timeStep,numberOfRobotsOnBlackSite,numberOfRobotsOnWhiteSite
31619,21,22
timeStep,numberOfRobotsOnBlackSite,numberOfRobotsOnWhiteSite
31620,21,22
timeStep,numberOfRobotsOnBlackSite,numberOfRobotsOnWhiteSite
31621,21,22
timeStep,numberOfRobotsOnBlackSite,numberOfRobotsOnWhiteSite
31622,21,22
timeStep,numberOfRobotsOnBlackSite,numberOfRobotsOnWhiteSite
31623,21,22
timeStep,numberOfRobotsOnBlackSite,numberOfRobotsOnWhiteSite
31624,21,22
timeStep,numberOfRobotsOnBlackSite,numberOfRobotsOnWhiteSite
31625,21,22
timeStep,numberOfRobotsOnBlackSite,numberOfRobotsOnWhiteSite
31626,21,22
timeStep,numberOfRobotsOnBlackSite,numberOfRobotsOnWhiteSite
31627,21,22
timeStep,numberOfRobotsOnBlackSite,numberOfRobotsOnWhiteSite
31628,21,22
timeStep,numberOfRobotsOnBlackSite,numberOfRobotsOnWhiteSite
31629,21,22
timeStep,numberOfRobotsOnBlackSite,numberOfRobotsOnWhiteSite
31630,21,22
timeStep,numberOfRobotsOnBlackSite,numberOfRobotsOnWhiteSite
31631,21,22
timeStep,numberOfRobotsOnBlackSite,numberOfRobotsOnWhiteSite
31632,21,22
timeStep,numberOfRobotsOnBlackSite,numberOfRobotsOnWhiteSite
31633,21,22
timeStep,numberOfRobotsOnBlackSite,numberOfRobotsOnWhiteSite
31634,21,22
timeStep,numberOfRobotsOnBlackSite,numberOfRobotsOnWhiteSite
31635,21,22
timeStep,numberOfRobotsOnBlackSite,numberOfRobotsOnWhiteSite
31636,21,22
timeStep,numberOfRobotsOnBlackSite,numberOfRobotsOnWhiteSite
31637,21,22
timeStep,numberOfRobotsOnBlackSite,numberOfRobotsOnWhiteSite
31638,21,22
timeStep,numberOfRobotsOnBlackSite,numberOfRobotsOnWhiteSite
31639,21,22
timeStep,numberOfRobotsOnBlackSite,numberOfRobotsOnWhiteSite
31640,21,22
timeStep,numberOfRobotsOnBlackSite,numberOfRobotsOnWhiteSite
31641,21,22
timeStep,numberOfRobotsOnBlackSite,numberOfRobotsOnWhiteSite
31642,21,22
timeStep,numberOfRobotsOnBlackSite,numberOfRobotsOnWhiteSite
31643,21,22
timeStep,numberOfRobotsOnBlackSite,numberOfRobotsOnWhiteSite
31644,21,22
timeStep,numberOfRobotsOnBlackSite,numberOfRobotsOnWhiteSite
31645,21,22
timeStep,numberOfRobotsOnBlackSite,numberOfRobotsOnWhiteSite
31646,21,22
timeStep,numberOfRobotsOnBlackSite,numberOfRobotsOnWhiteSite
31647,21,22
timeStep,numberOfRobotsOnBlackSite,numberOfRobotsOnWhiteSite
31648,21,22
timeStep,numberOfRobotsOnBlackSite,numberOfRobotsOnWhiteSite
31649,21,22
timeStep,numberOfRobotsOnBlackSite,numberOfRobotsOnWhiteSite
31650,21,22
timeStep,numberOfRobotsOnBlackSite,numberOfRobotsOnWhiteSite
31651,21,22
timeStep,numberOfRobotsOnBlackSite,numberOfRobotsOnWhiteSite
31652,21,22
timeStep,numberOfRobotsOnBlackSite,numberOfRobotsOnWhiteSite
31653,21,22
timeStep,numberOfRobotsOnBlackSite,numberOfRobotsOnWhiteSite
31654,21,22
timeStep,numberOfRobotsOnBlackSite,numberOfRobotsOnWhiteSite
31655,21,22
timeStep,numberOfRobotsOnBlackSite,numberOfRobotsOnWhiteSite
31656,21,22
timeStep,numberOfRobotsOnBlackSite,numberOfRobotsOnWhiteSite
31657,21,22
timeStep,numberOfRobotsOnBlackSite,numberOfRobotsOnWhiteSite
31658,21,22
timeStep,numberOfRobotsOnBlackSite,numberOfRobotsOnWhiteSite
31659,21,22
timeStep,numberOfRobotsOnBlackSite,numberOfRobotsOnWhiteSite
31660,21,22
timeStep,numberOfRobotsOnBlackSite,numberOfRobotsOnWhiteSite
31661,21,22
timeStep,numberOfRobotsOnBlackSite,numberOfRobotsOnWhiteSite
31662,21,22
timeStep,numberOfRobotsOnBlackSite,numberOfRobotsOnWhiteSite
31663,21,22
timeStep,numberOfRobotsOnBlackSite,numberOfRobotsOnWhiteSite
31664,21,22
timeStep,numberOfRobotsOnBlackSite,numberOfRobotsOnWhiteSite
31665,21,22
timeStep,numberOfRobotsOnBlackSite,numberOfRobotsOnWhiteSite
31666,21,22
timeStep,numberOfRobotsOnBlackSite,numberOfRobotsOnWhiteSite
31667,21,22
timeStep,numberOfRobotsOnBlackSite,numberOfRobotsOnWhiteSite
31668,21,22
timeStep,numberOfRobotsOnBlackSite,numberOfRobotsOnWhiteSite
31669,21,22
timeStep,numberOfRobotsOnBlackSite,numberOfRobotsOnWhiteSite
31670,21,22
timeStep,numberOfRobotsOnBlackSite,numberOfRobotsOnWhiteSite
31671,21,22
timeStep,numberOfRobotsOnBlackSite,numberOfRobotsOnWhiteSite
31672,21,22
timeStep,numberOfRobotsOnBlackSite,numberOfRobotsOnWhiteSite
31673,21,22
timeStep,numberOfRobotsOnBlackSite,numberOfRobotsOnWhiteSite
31674,21,22
timeStep,numberOfRobotsOnBlackSite,numberOfRobotsOnWhiteSite
31675,21,22
timeStep,numberOfRobotsOnBlackSite,numberOfRobotsOnWhiteSite
31676,21,22
timeStep,numberOfRobotsOnBlackSite,numberOfRobotsOnWhiteSite
31677,21,22
timeStep,numberOfRobotsOnBlackSite,numberOfRobotsOnWhiteSite
31678,21,22
timeStep,numberOfRobotsOnBlackSite,numberOfRobotsOnWhiteSite
31679,21,22
timeStep,numberOfRobotsOnBlackSite,numberOfRobotsOnWhiteSite
31680,21,22
timeStep,numberOfRobotsOnBlackSite,numberOfRobotsOnWhiteSite
31681,21,22
timeStep,numberOfRobotsOnBlackSite,numberOfRobotsOnWhiteSite
31682,21,22
timeStep,numberOfRobotsOnBlackSite,numberOfRobotsOnWhiteSite
31683,21,22
timeStep,numberOfRobotsOnBlackSite,numberOfRobotsOnWhiteSite
31684,21,22
timeStep,numberOfRobotsOnBlackSite,numberOfRobotsOnWhiteSite
31685,21,22
timeStep,numberOfRobotsOnBlackSite,numberOfRobotsOnWhiteSite
31686,21,22
timeStep,numberOfRobotsOnBlackSite,numberOfRobotsOnWhiteSite
31687,21,22
timeStep,numberOfRobotsOnBlackSite,numberOfRobotsOnWhiteSite
31688,21,22
timeStep,numberOfRobotsOnBlackSite,numberOfRobotsOnWhiteSite
31689,21,22
timeStep,numberOfRobotsOnBlackSite,numberOfRobotsOnWhiteSite
31690,21,22
timeStep,numberOfRobotsOnBlackSite,numberOfRobotsOnWhiteSite
31691,21,22
timeStep,numberOfRobotsOnBlackSite,numberOfRobotsOnWhiteSite
31692,21,22
timeStep,numberOfRobotsOnBlackSite,numberOfRobotsOnWhiteSite
31693,21,22
timeStep,numberOfRobotsOnBlackSite,numberOfRobotsOnWhiteSite
31694,21,22
timeStep,numberOfRobotsOnBlackSite,numberOfRobotsOnWhiteSite
31695,21,22
timeStep,numberOfRobotsOnBlackSite,numberOfRobotsOnWhiteSite
31696,21,22
timeStep,numberOfRobotsOnBlackSite,numberOfRobotsOnWhiteSite
31697,21,22
timeStep,numberOfRobotsOnBlackSite,numberOfRobotsOnWhiteSite
31698,21,22
timeStep,numberOfRobotsOnBlackSite,numberOfRobotsOnWhiteSite
31699,21,22
timeStep,numberOfRobotsOnBlackSite,numberOfRobotsOnWhiteSite
31700,21,22
timeStep,numberOfRobotsOnBlackSite,numberOfRobotsOnWhiteSite
31701,21,22
timeStep,numberOfRobotsOnBlackSite,numberOfRobotsOnWhiteSite
31702,21,22
timeStep,numberOfRobotsOnBlackSite,numberOfRobotsOnWhiteSite
31703,21,22
timeStep,numberOfRobotsOnBlackSite,numberOfRobotsOnWhiteSite
31704,21,22
timeStep,numberOfRobotsOnBlackSite,numberOfRobotsOnWhiteSite
31705,21,22
timeStep,numberOfRobotsOnBlackSite,numberOfRobotsOnWhiteSite
31706,21,22
timeStep,numberOfRobotsOnBlackSite,numberOfRobotsOnWhiteSite
31707,21,22
timeStep,numberOfRobotsOnBlackSite,numberOfRobotsOnWhiteSite
31708,21,22
timeStep,numberOfRobotsOnBlackSite,numberOfRobotsOnWhiteSite
31709,21,22
timeStep,numberOfRobotsOnBlackSite,numberOfRobotsOnWhiteSite
31710,21,22
timeStep,numberOfRobotsOnBlackSite,numberOfRobotsOnWhiteSite
31711,21,22
timeStep,numberOfRobotsOnBlackSite,numberOfRobotsOnWhiteSite
31712,21,22
timeStep,numberOfRobotsOnBlackSite,numberOfRobotsOnWhiteSite
31713,21,22
timeStep,numberOfRobotsOnBlackSite,numberOfRobotsOnWhiteSite
31714,21,22
timeStep,numberOfRobotsOnBlackSite,numberOfRobotsOnWhiteSite
31715,21,22
timeStep,numberOfRobotsOnBlackSite,numberOfRobotsOnWhiteSite
31716,21,22
timeStep,numberOfRobotsOnBlackSite,numberOfRobotsOnWhiteSite
31717,21,22
timeStep,numberOfRobotsOnBlackSite,numberOfRobotsOnWhiteSite
31718,21,22
timeStep,numberOfRobotsOnBlackSite,numberOfRobotsOnWhiteSite
31719,21,22
timeStep,numberOfRobotsOnBlackSite,numberOfRobotsOnWhiteSite
31720,21,21
timeStep,numberOfRobotsOnBlackSite,numberOfRobotsOnWhiteSite
31721,21,21
timeStep,numberOfRobotsOnBlackSite,numberOfRobotsOnWhiteSite
31722,21,21
timeStep,numberOfRobotsOnBlackSite,numberOfRobotsOnWhiteSite
31723,21,21
timeStep,numberOfRobotsOnBlackSite,numberOfRobotsOnWhiteSite
31724,21,21
timeStep,numberOfRobotsOnBlackSite,numberOfRobotsOnWhiteSite
31725,21,21
timeStep,numberOfRobotsOnBlackSite,numberOfRobotsOnWhiteSite
31726,21,21
timeStep,numberOfRobotsOnBlackSite,numberOfRobotsOnWhiteSite
31727,21,21
timeStep,numberOfRobotsOnBlackSite,numberOfRobotsOnWhiteSite
31728,21,21
timeStep,numberOfRobotsOnBlackSite,numberOfRobotsOnWhiteSite
31729,21,21
timeStep,numberOfRobotsOnBlackSite,numberOfRobotsOnWhiteSite
31730,21,21
timeStep,numberOfRobotsOnBlackSite,numberOfRobotsOnWhiteSite
31731,21,21
timeStep,numberOfRobotsOnBlackSite,numberOfRobotsOnWhiteSite
31732,21,21
timeStep,numberOfRobotsOnBlackSite,numberOfRobotsOnWhiteSite
31733,21,21
timeStep,numberOfRobotsOnBlackSite,numberOfRobotsOnWhiteSite
31734,21,21
timeStep,numberOfRobotsOnBlackSite,numberOfRobotsOnWhiteSite
31735,21,21
timeStep,numberOfRobotsOnBlackSite,numberOfRobotsOnWhiteSite
31736,21,21
timeStep,numberOfRobotsOnBlackSite,numberOfRobotsOnWhiteSite
31737,21,21
timeStep,numberOfRobotsOnBlackSite,numberOfRobotsOnWhiteSite
31738,21,21
timeStep,numberOfRobotsOnBlackSite,numberOfRobotsOnWhiteSite
31739,21,21
timeStep,numberOfRobotsOnBlackSite,numberOfRobotsOnWhiteSite
31740,21,21
timeStep,numberOfRobotsOnBlackSite,numberOfRobotsOnWhiteSite
31741,21,21
timeStep,numberOfRobotsOnBlackSite,numberOfRobotsOnWhiteSite
31742,21,21
timeStep,numberOfRobotsOnBlackSite,numberOfRobotsOnWhiteSite
31743,21,21
timeStep,numberOfRobotsOnBlackSite,numberOfRobotsOnWhiteSite
31744,21,21
timeStep,numberOfRobotsOnBlackSite,numberOfRobotsOnWhiteSite
31745,21,20
timeStep,numberOfRobotsOnBlackSite,numberOfRobotsOnWhiteSite
31746,21,20
timeStep,numberOfRobotsOnBlackSite,numberOfRobotsOnWhiteSite
31747,21,20
timeStep,numberOfRobotsOnBlackSite,numberOfRobotsOnWhiteSite
31748,21,20
timeStep,numberOfRobotsOnBlackSite,numberOfRobotsOnWhiteSite
31749,21,20
timeStep,numberOfRobotsOnBlackSite,numberOfRobotsOnWhiteSite
31750,21,20
timeStep,numberOfRobotsOnBlackSite,numberOfRobotsOnWhiteSite
31751,21,20
timeStep,numberOfRobotsOnBlackSite,numberOfRobotsOnWhiteSite
31752,21,20
timeStep,numberOfRobotsOnBlackSite,numberOfRobotsOnWhiteSite
31753,21,20
timeStep,numberOfRobotsOnBlackSite,numberOfRobotsOnWhiteSite
31754,21,20
timeStep,numberOfRobotsOnBlackSite,numberOfRobotsOnWhiteSite
31755,21,20
timeStep,numberOfRobotsOnBlackSite,numberOfRobotsOnWhiteSite
31756,21,20
timeStep,numberOfRobotsOnBlackSite,numberOfRobotsOnWhiteSite
31757,21,20
timeStep,numberOfRobotsOnBlackSite,numberOfRobotsOnWhiteSite
31758,21,20
timeStep,numberOfRobotsOnBlackSite,numberOfRobotsOnWhiteSite
31759,21,20
timeStep,numberOfRobotsOnBlackSite,numberOfRobotsOnWhiteSite
31760,21,20
timeStep,numberOfRobotsOnBlackSite,numberOfRobotsOnWhiteSite
31761,21,20
timeStep,numberOfRobotsOnBlackSite,numberOfRobotsOnWhiteSite
31762,21,20
timeStep,numberOfRobotsOnBlackSite,numberOfRobotsOnWhiteSite
31763,21,20
timeStep,numberOfRobotsOnBlackSite,numberOfRobotsOnWhiteSite
31764,21,20
timeStep,numberOfRobotsOnBlackSite,numberOfRobotsOnWhiteSite
31765,20,20
timeStep,numberOfRobotsOnBlackSite,numberOfRobotsOnWhiteSite
31766,20,20
timeStep,numberOfRobotsOnBlackSite,numberOfRobotsOnWhiteSite
31767,20,20
timeStep,numberOfRobotsOnBlackSite,numberOfRobotsOnWhiteSite
31768,20,20
timeStep,numberOfRobotsOnBlackSite,numberOfRobotsOnWhiteSite
31769,20,20
timeStep,numberOfRobotsOnBlackSite,numberOfRobotsOnWhiteSite
31770,20,20
timeStep,numberOfRobotsOnBlackSite,numberOfRobotsOnWhiteSite
31771,20,20
timeStep,numberOfRobotsOnBlackSite,numberOfRobotsOnWhiteSite
31772,20,20
timeStep,numberOfRobotsOnBlackSite,numberOfRobotsOnWhiteSite
31773,20,20
timeStep,numberOfRobotsOnBlackSite,numberOfRobotsOnWhiteSite
31774,20,20
timeStep,numberOfRobotsOnBlackSite,numberOfRobotsOnWhiteSite
31775,20,20
timeStep,numberOfRobotsOnBlackSite,numberOfRobotsOnWhiteSite
31776,20,20
timeStep,numberOfRobotsOnBlackSite,numberOfRobotsOnWhiteSite
31777,20,20
timeStep,numberOfRobotsOnBlackSite,numberOfRobotsOnWhiteSite
31778,20,20
timeStep,numberOfRobotsOnBlackSite,numberOfRobotsOnWhiteSite
31779,20,20
timeStep,numberOfRobotsOnBlackSite,numberOfRobotsOnWhiteSite
31780,20,20
timeStep,numberOfRobotsOnBlackSite,numberOfRobotsOnWhiteSite
31781,20,20
timeStep,numberOfRobotsOnBlackSite,numberOfRobotsOnWhiteSite
31782,20,20
timeStep,numberOfRobotsOnBlackSite,numberOfRobotsOnWhiteSite
31783,20,20
timeStep,numberOfRobotsOnBlackSite,numberOfRobotsOnWhiteSite
31784,20,20
timeStep,numberOfRobotsOnBlackSite,numberOfRobotsOnWhiteSite
31785,20,20
timeStep,numberOfRobotsOnBlackSite,numberOfRobotsOnWhiteSite
31786,20,20
timeStep,numberOfRobotsOnBlackSite,numberOfRobotsOnWhiteSite
31787,20,20
timeStep,numberOfRobotsOnBlackSite,numberOfRobotsOnWhiteSite
31788,20,20
timeStep,numberOfRobotsOnBlackSite,numberOfRobotsOnWhiteSite
31789,20,20
timeStep,numberOfRobotsOnBlackSite,numberOfRobotsOnWhiteSite
31790,20,20
timeStep,numberOfRobotsOnBlackSite,numberOfRobotsOnWhiteSite
31791,20,20
timeStep,numberOfRobotsOnBlackSite,numberOfRobotsOnWhiteSite
31792,20,20
timeStep,numberOfRobotsOnBlackSite,numberOfRobotsOnWhiteSite
31793,20,20
timeStep,numberOfRobotsOnBlackSite,numberOfRobotsOnWhiteSite
31794,20,20
timeStep,numberOfRobotsOnBlackSite,numberOfRobotsOnWhiteSite
31795,20,20
timeStep,numberOfRobotsOnBlackSite,numberOfRobotsOnWhiteSite
31796,20,20
timeStep,numberOfRobotsOnBlackSite,numberOfRobotsOnWhiteSite
31797,20,20
timeStep,numberOfRobotsOnBlackSite,numberOfRobotsOnWhiteSite
31798,20,20
timeStep,numberOfRobotsOnBlackSite,numberOfRobotsOnWhiteSite
31799,20,20
timeStep,numberOfRobotsOnBlackSite,numberOfRobotsOnWhiteSite
31800,20,20
timeStep,numberOfRobotsOnBlackSite,numberOfRobotsOnWhiteSite
31801,20,20
timeStep,numberOfRobotsOnBlackSite,numberOfRobotsOnWhiteSite
31802,20,20
timeStep,numberOfRobotsOnBlackSite,numberOfRobotsOnWhiteSite
31803,20,20
timeStep,numberOfRobotsOnBlackSite,numberOfRobotsOnWhiteSite
31804,20,20
timeStep,numberOfRobotsOnBlackSite,numberOfRobotsOnWhiteSite
31805,20,20
timeStep,numberOfRobotsOnBlackSite,numberOfRobotsOnWhiteSite
31806,20,20
timeStep,numberOfRobotsOnBlackSite,numberOfRobotsOnWhiteSite
31807,20,20
timeStep,numberOfRobotsOnBlackSite,numberOfRobotsOnWhiteSite
31808,20,20
timeStep,numberOfRobotsOnBlackSite,numberOfRobotsOnWhiteSite
31809,20,20
timeStep,numberOfRobotsOnBlackSite,numberOfRobotsOnWhiteSite
31810,20,20
timeStep,numberOfRobotsOnBlackSite,numberOfRobotsOnWhiteSite
31811,20,20
timeStep,numberOfRobotsOnBlackSite,numberOfRobotsOnWhiteSite
31812,20,20
timeStep,numberOfRobotsOnBlackSite,numberOfRobotsOnWhiteSite
31813,20,20
timeStep,numberOfRobotsOnBlackSite,numberOfRobotsOnWhiteSite
31814,20,20
timeStep,numberOfRobotsOnBlackSite,numberOfRobotsOnWhiteSite
31815,20,20
timeStep,numberOfRobotsOnBlackSite,numberOfRobotsOnWhiteSite
31816,20,20
timeStep,numberOfRobotsOnBlackSite,numberOfRobotsOnWhiteSite
31817,20,20
timeStep,numberOfRobotsOnBlackSite,numberOfRobotsOnWhiteSite
31818,20,20
timeStep,numberOfRobotsOnBlackSite,numberOfRobotsOnWhiteSite
31819,20,20
timeStep,numberOfRobotsOnBlackSite,numberOfRobotsOnWhiteSite
31820,20,20
timeStep,numberOfRobotsOnBlackSite,numberOfRobotsOnWhiteSite
31821,20,20
timeStep,numberOfRobotsOnBlackSite,numberOfRobotsOnWhiteSite
31822,20,20
timeStep,numberOfRobotsOnBlackSite,numberOfRobotsOnWhiteSite
31823,20,20
timeStep,numberOfRobotsOnBlackSite,numberOfRobotsOnWhiteSite
31824,20,20
timeStep,numberOfRobotsOnBlackSite,numberOfRobotsOnWhiteSite
31825,20,20
timeStep,numberOfRobotsOnBlackSite,numberOfRobotsOnWhiteSite
31826,20,20
timeStep,numberOfRobotsOnBlackSite,numberOfRobotsOnWhiteSite
31827,20,20
timeStep,numberOfRobotsOnBlackSite,numberOfRobotsOnWhiteSite
31828,20,20
timeStep,numberOfRobotsOnBlackSite,numberOfRobotsOnWhiteSite
31829,20,20
timeStep,numberOfRobotsOnBlackSite,numberOfRobotsOnWhiteSite
31830,20,20
timeStep,numberOfRobotsOnBlackSite,numberOfRobotsOnWhiteSite
31831,20,20
timeStep,numberOfRobotsOnBlackSite,numberOfRobotsOnWhiteSite
31832,20,20
timeStep,numberOfRobotsOnBlackSite,numberOfRobotsOnWhiteSite
31833,20,20
timeStep,numberOfRobotsOnBlackSite,numberOfRobotsOnWhiteSite
31834,20,20
timeStep,numberOfRobotsOnBlackSite,numberOfRobotsOnWhiteSite
31835,20,20
timeStep,numberOfRobotsOnBlackSite,numberOfRobotsOnWhiteSite
31836,20,20
timeStep,numberOfRobotsOnBlackSite,numberOfRobotsOnWhiteSite
31837,20,20
timeStep,numberOfRobotsOnBlackSite,numberOfRobotsOnWhiteSite
31838,20,20
timeStep,numberOfRobotsOnBlackSite,numberOfRobotsOnWhiteSite
31839,20,20
timeStep,numberOfRobotsOnBlackSite,numberOfRobotsOnWhiteSite
31840,20,20
timeStep,numberOfRobotsOnBlackSite,numberOfRobotsOnWhiteSite
31841,20,20
timeStep,numberOfRobotsOnBlackSite,numberOfRobotsOnWhiteSite
31842,20,20
timeStep,numberOfRobotsOnBlackSite,numberOfRobotsOnWhiteSite
31843,20,20
timeStep,numberOfRobotsOnBlackSite,numberOfRobotsOnWhiteSite
31844,20,20
timeStep,numberOfRobotsOnBlackSite,numberOfRobotsOnWhiteSite
31845,20,20
timeStep,numberOfRobotsOnBlackSite,numberOfRobotsOnWhiteSite
31846,20,20
timeStep,numberOfRobotsOnBlackSite,numberOfRobotsOnWhiteSite
31847,20,20
timeStep,numberOfRobotsOnBlackSite,numberOfRobotsOnWhiteSite
31848,20,20
timeStep,numberOfRobotsOnBlackSite,numberOfRobotsOnWhiteSite
31849,20,20
timeStep,numberOfRobotsOnBlackSite,numberOfRobotsOnWhiteSite
31850,20,20
timeStep,numberOfRobotsOnBlackSite,numberOfRobotsOnWhiteSite
31851,20,20
timeStep,numberOfRobotsOnBlackSite,numberOfRobotsOnWhiteSite
31852,20,20
timeStep,numberOfRobotsOnBlackSite,numberOfRobotsOnWhiteSite
31853,20,20
timeStep,numberOfRobotsOnBlackSite,numberOfRobotsOnWhiteSite
31854,20,20
timeStep,numberOfRobotsOnBlackSite,numberOfRobotsOnWhiteSite
31855,20,20
timeStep,numberOfRobotsOnBlackSite,numberOfRobotsOnWhiteSite
31856,20,20
timeStep,numberOfRobotsOnBlackSite,numberOfRobotsOnWhiteSite
31857,20,20
timeStep,numberOfRobotsOnBlackSite,numberOfRobotsOnWhiteSite
31858,20,20
timeStep,numberOfRobotsOnBlackSite,numberOfRobotsOnWhiteSite
31859,20,20
timeStep,numberOfRobotsOnBlackSite,numberOfRobotsOnWhiteSite
31860,20,20
timeStep,numberOfRobotsOnBlackSite,numberOfRobotsOnWhiteSite
31861,20,20
timeStep,numberOfRobotsOnBlackSite,numberOfRobotsOnWhiteSite
31862,20,20
timeStep,numberOfRobotsOnBlackSite,numberOfRobotsOnWhiteSite
31863,20,20
timeStep,numberOfRobotsOnBlackSite,numberOfRobotsOnWhiteSite
31864,20,20
timeStep,numberOfRobotsOnBlackSite,numberOfRobotsOnWhiteSite
31865,19,20
timeStep,numberOfRobotsOnBlackSite,numberOfRobotsOnWhiteSite
31866,19,20
timeStep,numberOfRobotsOnBlackSite,numberOfRobotsOnWhiteSite
31867,19,20
timeStep,numberOfRobotsOnBlackSite,numberOfRobotsOnWhiteSite
31868,19,20
timeStep,numberOfRobotsOnBlackSite,numberOfRobotsOnWhiteSite
31869,19,20
timeStep,numberOfRobotsOnBlackSite,numberOfRobotsOnWhiteSite
31870,19,20
timeStep,numberOfRobotsOnBlackSite,numberOfRobotsOnWhiteSite
31871,19,20
timeStep,numberOfRobotsOnBlackSite,numberOfRobotsOnWhiteSite
31872,19,20
timeStep,numberOfRobotsOnBlackSite,numberOfRobotsOnWhiteSite
31873,19,20
timeStep,numberOfRobotsOnBlackSite,numberOfRobotsOnWhiteSite
31874,19,20
timeStep,numberOfRobotsOnBlackSite,numberOfRobotsOnWhiteSite
31875,19,20
timeStep,numberOfRobotsOnBlackSite,numberOfRobotsOnWhiteSite
31876,19,20
timeStep,numberOfRobotsOnBlackSite,numberOfRobotsOnWhiteSite
31877,19,20
timeStep,numberOfRobotsOnBlackSite,numberOfRobotsOnWhiteSite
31878,19,20
timeStep,numberOfRobotsOnBlackSite,numberOfRobotsOnWhiteSite
31879,19,20
timeStep,numberOfRobotsOnBlackSite,numberOfRobotsOnWhiteSite
31880,19,20
timeStep,numberOfRobotsOnBlackSite,numberOfRobotsOnWhiteSite
31881,19,20
timeStep,numberOfRobotsOnBlackSite,numberOfRobotsOnWhiteSite
31882,19,20
timeStep,numberOfRobotsOnBlackSite,numberOfRobotsOnWhiteSite
31883,19,20
timeStep,numberOfRobotsOnBlackSite,numberOfRobotsOnWhiteSite
31884,19,20
timeStep,numberOfRobotsOnBlackSite,numberOfRobotsOnWhiteSite
31885,19,20
timeStep,numberOfRobotsOnBlackSite,numberOfRobotsOnWhiteSite
31886,19,20
timeStep,numberOfRobotsOnBlackSite,numberOfRobotsOnWhiteSite
31887,19,20
timeStep,numberOfRobotsOnBlackSite,numberOfRobotsOnWhiteSite
31888,19,20
timeStep,numberOfRobotsOnBlackSite,numberOfRobotsOnWhiteSite
31889,19,20
timeStep,numberOfRobotsOnBlackSite,numberOfRobotsOnWhiteSite
31890,19,20
timeStep,numberOfRobotsOnBlackSite,numberOfRobotsOnWhiteSite
31891,19,20
timeStep,numberOfRobotsOnBlackSite,numberOfRobotsOnWhiteSite
31892,19,20
timeStep,numberOfRobotsOnBlackSite,numberOfRobotsOnWhiteSite
31893,19,20
timeStep,numberOfRobotsOnBlackSite,numberOfRobotsOnWhiteSite
31894,19,20
timeStep,numberOfRobotsOnBlackSite,numberOfRobotsOnWhiteSite
31895,19,20
timeStep,numberOfRobotsOnBlackSite,numberOfRobotsOnWhiteSite
31896,19,20
timeStep,numberOfRobotsOnBlackSite,numberOfRobotsOnWhiteSite
31897,19,20
timeStep,numberOfRobotsOnBlackSite,numberOfRobotsOnWhiteSite
31898,19,20
timeStep,numberOfRobotsOnBlackSite,numberOfRobotsOnWhiteSite
31899,19,20
timeStep,numberOfRobotsOnBlackSite,numberOfRobotsOnWhiteSite
31900,19,20
timeStep,numberOfRobotsOnBlackSite,numberOfRobotsOnWhiteSite
31901,19,20
timeStep,numberOfRobotsOnBlackSite,numberOfRobotsOnWhiteSite
31902,19,20
timeStep,numberOfRobotsOnBlackSite,numberOfRobotsOnWhiteSite
31903,19,20
timeStep,numberOfRobotsOnBlackSite,numberOfRobotsOnWhiteSite
31904,19,20
timeStep,numberOfRobotsOnBlackSite,numberOfRobotsOnWhiteSite
31905,20,20
timeStep,numberOfRobotsOnBlackSite,numberOfRobotsOnWhiteSite
31906,20,20
timeStep,numberOfRobotsOnBlackSite,numberOfRobotsOnWhiteSite
31907,20,20
timeStep,numberOfRobotsOnBlackSite,numberOfRobotsOnWhiteSite
31908,20,20
timeStep,numberOfRobotsOnBlackSite,numberOfRobotsOnWhiteSite
31909,20,20
timeStep,numberOfRobotsOnBlackSite,numberOfRobotsOnWhiteSite
31910,20,20
timeStep,numberOfRobotsOnBlackSite,numberOfRobotsOnWhiteSite
31911,20,20
timeStep,numberOfRobotsOnBlackSite,numberOfRobotsOnWhiteSite
31912,20,20
timeStep,numberOfRobotsOnBlackSite,numberOfRobotsOnWhiteSite
31913,20,20
timeStep,numberOfRobotsOnBlackSite,numberOfRobotsOnWhiteSite
31914,20,20
timeStep,numberOfRobotsOnBlackSite,numberOfRobotsOnWhiteSite
31915,20,20
timeStep,numberOfRobotsOnBlackSite,numberOfRobotsOnWhiteSite
31916,20,20
timeStep,numberOfRobotsOnBlackSite,numberOfRobotsOnWhiteSite
31917,20,20
timeStep,numberOfRobotsOnBlackSite,numberOfRobotsOnWhiteSite
31918,20,20
timeStep,numberOfRobotsOnBlackSite,numberOfRobotsOnWhiteSite
31919,20,20
timeStep,numberOfRobotsOnBlackSite,numberOfRobotsOnWhiteSite
31920,20,20
timeStep,numberOfRobotsOnBlackSite,numberOfRobotsOnWhiteSite
31921,20,20
timeStep,numberOfRobotsOnBlackSite,numberOfRobotsOnWhiteSite
31922,20,20
timeStep,numberOfRobotsOnBlackSite,numberOfRobotsOnWhiteSite
31923,20,20
timeStep,numberOfRobotsOnBlackSite,numberOfRobotsOnWhiteSite
31924,20,20
timeStep,numberOfRobotsOnBlackSite,numberOfRobotsOnWhiteSite
31925,21,20
timeStep,numberOfRobotsOnBlackSite,numberOfRobotsOnWhiteSite
31926,21,20
timeStep,numberOfRobotsOnBlackSite,numberOfRobotsOnWhiteSite
31927,21,20
timeStep,numberOfRobotsOnBlackSite,numberOfRobotsOnWhiteSite
31928,21,20
timeStep,numberOfRobotsOnBlackSite,numberOfRobotsOnWhiteSite
31929,21,20
timeStep,numberOfRobotsOnBlackSite,numberOfRobotsOnWhiteSite
31930,21,20
timeStep,numberOfRobotsOnBlackSite,numberOfRobotsOnWhiteSite
31931,21,20
timeStep,numberOfRobotsOnBlackSite,numberOfRobotsOnWhiteSite
31932,21,20
timeStep,numberOfRobotsOnBlackSite,numberOfRobotsOnWhiteSite
31933,21,20
timeStep,numberOfRobotsOnBlackSite,numberOfRobotsOnWhiteSite
31934,21,20
timeStep,numberOfRobotsOnBlackSite,numberOfRobotsOnWhiteSite
31935,21,20
timeStep,numberOfRobotsOnBlackSite,numberOfRobotsOnWhiteSite
31936,21,20
timeStep,numberOfRobotsOnBlackSite,numberOfRobotsOnWhiteSite
31937,21,20
timeStep,numberOfRobotsOnBlackSite,numberOfRobotsOnWhiteSite
31938,21,20
timeStep,numberOfRobotsOnBlackSite,numberOfRobotsOnWhiteSite
31939,21,20
timeStep,numberOfRobotsOnBlackSite,numberOfRobotsOnWhiteSite
31940,21,20
timeStep,numberOfRobotsOnBlackSite,numberOfRobotsOnWhiteSite
31941,21,20
timeStep,numberOfRobotsOnBlackSite,numberOfRobotsOnWhiteSite
31942,21,20
timeStep,numberOfRobotsOnBlackSite,numberOfRobotsOnWhiteSite
31943,21,20
timeStep,numberOfRobotsOnBlackSite,numberOfRobotsOnWhiteSite
31944,21,20
timeStep,numberOfRobotsOnBlackSite,numberOfRobotsOnWhiteSite
31945,21,20
timeStep,numberOfRobotsOnBlackSite,numberOfRobotsOnWhiteSite
31946,21,20
timeStep,numberOfRobotsOnBlackSite,numberOfRobotsOnWhiteSite
31947,21,20
timeStep,numberOfRobotsOnBlackSite,numberOfRobotsOnWhiteSite
31948,21,20
timeStep,numberOfRobotsOnBlackSite,numberOfRobotsOnWhiteSite
31949,21,20
timeStep,numberOfRobotsOnBlackSite,numberOfRobotsOnWhiteSite
31950,21,20
timeStep,numberOfRobotsOnBlackSite,numberOfRobotsOnWhiteSite
31951,21,20
timeStep,numberOfRobotsOnBlackSite,numberOfRobotsOnWhiteSite
31952,21,20
timeStep,numberOfRobotsOnBlackSite,numberOfRobotsOnWhiteSite
31953,21,20
timeStep,numberOfRobotsOnBlackSite,numberOfRobotsOnWhiteSite
31954,21,20
timeStep,numberOfRobotsOnBlackSite,numberOfRobotsOnWhiteSite
31955,21,20
timeStep,numberOfRobotsOnBlackSite,numberOfRobotsOnWhiteSite
31956,21,20
timeStep,numberOfRobotsOnBlackSite,numberOfRobotsOnWhiteSite
31957,21,20
timeStep,numberOfRobotsOnBlackSite,numberOfRobotsOnWhiteSite
31958,21,20
timeStep,numberOfRobotsOnBlackSite,numberOfRobotsOnWhiteSite
31959,21,20
timeStep,numberOfRobotsOnBlackSite,numberOfRobotsOnWhiteSite
31960,21,20
timeStep,numberOfRobotsOnBlackSite,numberOfRobotsOnWhiteSite
31961,21,20
timeStep,numberOfRobotsOnBlackSite,numberOfRobotsOnWhiteSite
31962,21,20
timeStep,numberOfRobotsOnBlackSite,numberOfRobotsOnWhiteSite
31963,21,20
timeStep,numberOfRobotsOnBlackSite,numberOfRobotsOnWhiteSite
31964,21,20
timeStep,numberOfRobotsOnBlackSite,numberOfRobotsOnWhiteSite
31965,21,21
timeStep,numberOfRobotsOnBlackSite,numberOfRobotsOnWhiteSite
31966,21,21
timeStep,numberOfRobotsOnBlackSite,numberOfRobotsOnWhiteSite
31967,21,21
timeStep,numberOfRobotsOnBlackSite,numberOfRobotsOnWhiteSite
31968,21,21
timeStep,numberOfRobotsOnBlackSite,numberOfRobotsOnWhiteSite
31969,21,21
timeStep,numberOfRobotsOnBlackSite,numberOfRobotsOnWhiteSite
31970,22,20
timeStep,numberOfRobotsOnBlackSite,numberOfRobotsOnWhiteSite
31971,22,20
timeStep,numberOfRobotsOnBlackSite,numberOfRobotsOnWhiteSite
31972,22,20
timeStep,numberOfRobotsOnBlackSite,numberOfRobotsOnWhiteSite
31973,22,20
timeStep,numberOfRobotsOnBlackSite,numberOfRobotsOnWhiteSite
31974,22,20
timeStep,numberOfRobotsOnBlackSite,numberOfRobotsOnWhiteSite
31975,22,20
timeStep,numberOfRobotsOnBlackSite,numberOfRobotsOnWhiteSite
31976,22,20
timeStep,numberOfRobotsOnBlackSite,numberOfRobotsOnWhiteSite
31977,22,20
timeStep,numberOfRobotsOnBlackSite,numberOfRobotsOnWhiteSite
31978,22,20
timeStep,numberOfRobotsOnBlackSite,numberOfRobotsOnWhiteSite
31979,22,20
timeStep,numberOfRobotsOnBlackSite,numberOfRobotsOnWhiteSite
31980,22,20
timeStep,numberOfRobotsOnBlackSite,numberOfRobotsOnWhiteSite
31981,22,20
timeStep,numberOfRobotsOnBlackSite,numberOfRobotsOnWhiteSite
31982,22,20
timeStep,numberOfRobotsOnBlackSite,numberOfRobotsOnWhiteSite
31983,22,20
timeStep,numberOfRobotsOnBlackSite,numberOfRobotsOnWhiteSite
31984,22,20
timeStep,numberOfRobotsOnBlackSite,numberOfRobotsOnWhiteSite
31985,22,20
timeStep,numberOfRobotsOnBlackSite,numberOfRobotsOnWhiteSite
31986,22,20
timeStep,numberOfRobotsOnBlackSite,numberOfRobotsOnWhiteSite
31987,22,20
timeStep,numberOfRobotsOnBlackSite,numberOfRobotsOnWhiteSite
31988,22,20
timeStep,numberOfRobotsOnBlackSite,numberOfRobotsOnWhiteSite
31989,22,20
timeStep,numberOfRobotsOnBlackSite,numberOfRobotsOnWhiteSite
31990,22,20
timeStep,numberOfRobotsOnBlackSite,numberOfRobotsOnWhiteSite
31991,22,20
timeStep,numberOfRobotsOnBlackSite,numberOfRobotsOnWhiteSite
31992,22,20
timeStep,numberOfRobotsOnBlackSite,numberOfRobotsOnWhiteSite
31993,22,20
timeStep,numberOfRobotsOnBlackSite,numberOfRobotsOnWhiteSite
31994,22,20
timeStep,numberOfRobotsOnBlackSite,numberOfRobotsOnWhiteSite
31995,22,20
timeStep,numberOfRobotsOnBlackSite,numberOfRobotsOnWhiteSite
31996,22,20
timeStep,numberOfRobotsOnBlackSite,numberOfRobotsOnWhiteSite
31997,22,20
timeStep,numberOfRobotsOnBlackSite,numberOfRobotsOnWhiteSite
31998,22,20
timeStep,numberOfRobotsOnBlackSite,numberOfRobotsOnWhiteSite
31999,22,20
timeStep,numberOfRobotsOnBlackSite,numberOfRobotsOnWhiteSite
32000,22,20
timeStep,numberOfRobotsOnBlackSite,numberOfRobotsOnWhiteSite
32001,22,20
timeStep,numberOfRobotsOnBlackSite,numberOfRobotsOnWhiteSite
32002,22,20
timeStep,numberOfRobotsOnBlackSite,numberOfRobotsOnWhiteSite
32003,22,20
timeStep,numberOfRobotsOnBlackSite,numberOfRobotsOnWhiteSite
32004,22,20
timeStep,numberOfRobotsOnBlackSite,numberOfRobotsOnWhiteSite
32005,22,20
timeStep,numberOfRobotsOnBlackSite,numberOfRobotsOnWhiteSite
32006,22,20
timeStep,numberOfRobotsOnBlackSite,numberOfRobotsOnWhiteSite
32007,22,20
timeStep,numberOfRobotsOnBlackSite,numberOfRobotsOnWhiteSite
32008,22,20
timeStep,numberOfRobotsOnBlackSite,numberOfRobotsOnWhiteSite
32009,22,20
timeStep,numberOfRobotsOnBlackSite,numberOfRobotsOnWhiteSite
32010,22,20
timeStep,numberOfRobotsOnBlackSite,numberOfRobotsOnWhiteSite
32011,22,20
timeStep,numberOfRobotsOnBlackSite,numberOfRobotsOnWhiteSite
32012,22,20
timeStep,numberOfRobotsOnBlackSite,numberOfRobotsOnWhiteSite
32013,22,20
timeStep,numberOfRobotsOnBlackSite,numberOfRobotsOnWhiteSite
32014,22,20
timeStep,numberOfRobotsOnBlackSite,numberOfRobotsOnWhiteSite
32015,22,20
timeStep,numberOfRobotsOnBlackSite,numberOfRobotsOnWhiteSite
32016,22,20
timeStep,numberOfRobotsOnBlackSite,numberOfRobotsOnWhiteSite
32017,22,20
timeStep,numberOfRobotsOnBlackSite,numberOfRobotsOnWhiteSite
32018,22,20
timeStep,numberOfRobotsOnBlackSite,numberOfRobotsOnWhiteSite
32019,22,20
timeStep,numberOfRobotsOnBlackSite,numberOfRobotsOnWhiteSite
32020,22,20
timeStep,numberOfRobotsOnBlackSite,numberOfRobotsOnWhiteSite
32021,22,20
timeStep,numberOfRobotsOnBlackSite,numberOfRobotsOnWhiteSite
32022,22,20
timeStep,numberOfRobotsOnBlackSite,numberOfRobotsOnWhiteSite
32023,22,20
timeStep,numberOfRobotsOnBlackSite,numberOfRobotsOnWhiteSite
32024,22,20
timeStep,numberOfRobotsOnBlackSite,numberOfRobotsOnWhiteSite
32025,22,20
timeStep,numberOfRobotsOnBlackSite,numberOfRobotsOnWhiteSite
32026,22,20
timeStep,numberOfRobotsOnBlackSite,numberOfRobotsOnWhiteSite
32027,22,20
timeStep,numberOfRobotsOnBlackSite,numberOfRobotsOnWhiteSite
32028,22,20
timeStep,numberOfRobotsOnBlackSite,numberOfRobotsOnWhiteSite
32029,22,20
timeStep,numberOfRobotsOnBlackSite,numberOfRobotsOnWhiteSite
32030,22,20
timeStep,numberOfRobotsOnBlackSite,numberOfRobotsOnWhiteSite
32031,22,20
timeStep,numberOfRobotsOnBlackSite,numberOfRobotsOnWhiteSite
32032,22,20
timeStep,numberOfRobotsOnBlackSite,numberOfRobotsOnWhiteSite
32033,22,20
timeStep,numberOfRobotsOnBlackSite,numberOfRobotsOnWhiteSite
32034,22,20
timeStep,numberOfRobotsOnBlackSite,numberOfRobotsOnWhiteSite
32035,22,20
timeStep,numberOfRobotsOnBlackSite,numberOfRobotsOnWhiteSite
32036,22,20
timeStep,numberOfRobotsOnBlackSite,numberOfRobotsOnWhiteSite
32037,22,20
timeStep,numberOfRobotsOnBlackSite,numberOfRobotsOnWhiteSite
32038,22,20
timeStep,numberOfRobotsOnBlackSite,numberOfRobotsOnWhiteSite
32039,22,20
timeStep,numberOfRobotsOnBlackSite,numberOfRobotsOnWhiteSite
32040,22,21
timeStep,numberOfRobotsOnBlackSite,numberOfRobotsOnWhiteSite
32041,22,21
timeStep,numberOfRobotsOnBlackSite,numberOfRobotsOnWhiteSite
32042,22,21
timeStep,numberOfRobotsOnBlackSite,numberOfRobotsOnWhiteSite
32043,22,21
timeStep,numberOfRobotsOnBlackSite,numberOfRobotsOnWhiteSite
32044,22,21
timeStep,numberOfRobotsOnBlackSite,numberOfRobotsOnWhiteSite
32045,22,21
timeStep,numberOfRobotsOnBlackSite,numberOfRobotsOnWhiteSite
32046,22,21
timeStep,numberOfRobotsOnBlackSite,numberOfRobotsOnWhiteSite
32047,22,21
timeStep,numberOfRobotsOnBlackSite,numberOfRobotsOnWhiteSite
32048,22,21
timeStep,numberOfRobotsOnBlackSite,numberOfRobotsOnWhiteSite
32049,22,21
timeStep,numberOfRobotsOnBlackSite,numberOfRobotsOnWhiteSite
32050,22,21
timeStep,numberOfRobotsOnBlackSite,numberOfRobotsOnWhiteSite
32051,22,21
timeStep,numberOfRobotsOnBlackSite,numberOfRobotsOnWhiteSite
32052,22,21
timeStep,numberOfRobotsOnBlackSite,numberOfRobotsOnWhiteSite
32053,22,21
timeStep,numberOfRobotsOnBlackSite,numberOfRobotsOnWhiteSite
32054,22,21
timeStep,numberOfRobotsOnBlackSite,numberOfRobotsOnWhiteSite
32055,22,20
timeStep,numberOfRobotsOnBlackSite,numberOfRobotsOnWhiteSite
32056,22,20
timeStep,numberOfRobotsOnBlackSite,numberOfRobotsOnWhiteSite
32057,22,20
timeStep,numberOfRobotsOnBlackSite,numberOfRobotsOnWhiteSite
32058,22,20
timeStep,numberOfRobotsOnBlackSite,numberOfRobotsOnWhiteSite
32059,22,20
timeStep,numberOfRobotsOnBlackSite,numberOfRobotsOnWhiteSite
32060,22,20
timeStep,numberOfRobotsOnBlackSite,numberOfRobotsOnWhiteSite
32061,22,20
timeStep,numberOfRobotsOnBlackSite,numberOfRobotsOnWhiteSite
32062,22,20
timeStep,numberOfRobotsOnBlackSite,numberOfRobotsOnWhiteSite
32063,22,20
timeStep,numberOfRobotsOnBlackSite,numberOfRobotsOnWhiteSite
32064,22,20
timeStep,numberOfRobotsOnBlackSite,numberOfRobotsOnWhiteSite
32065,22,20
timeStep,numberOfRobotsOnBlackSite,numberOfRobotsOnWhiteSite
32066,22,20
timeStep,numberOfRobotsOnBlackSite,numberOfRobotsOnWhiteSite
32067,22,20
timeStep,numberOfRobotsOnBlackSite,numberOfRobotsOnWhiteSite
32068,22,20
timeStep,numberOfRobotsOnBlackSite,numberOfRobotsOnWhiteSite
32069,22,20
timeStep,numberOfRobotsOnBlackSite,numberOfRobotsOnWhiteSite
32070,22,20
timeStep,numberOfRobotsOnBlackSite,numberOfRobotsOnWhiteSite
32071,22,20
timeStep,numberOfRobotsOnBlackSite,numberOfRobotsOnWhiteSite
32072,22,20
timeStep,numberOfRobotsOnBlackSite,numberOfRobotsOnWhiteSite
32073,22,20
timeStep,numberOfRobotsOnBlackSite,numberOfRobotsOnWhiteSite
32074,22,20
timeStep,numberOfRobotsOnBlackSite,numberOfRobotsOnWhiteSite
32075,22,19
timeStep,numberOfRobotsOnBlackSite,numberOfRobotsOnWhiteSite
32076,22,19
timeStep,numberOfRobotsOnBlackSite,numberOfRobotsOnWhiteSite
32077,22,19
timeStep,numberOfRobotsOnBlackSite,numberOfRobotsOnWhiteSite
32078,22,19
timeStep,numberOfRobotsOnBlackSite,numberOfRobotsOnWhiteSite
32079,22,19
timeStep,numberOfRobotsOnBlackSite,numberOfRobotsOnWhiteSite
32080,22,19
timeStep,numberOfRobotsOnBlackSite,numberOfRobotsOnWhiteSite
32081,22,19
timeStep,numberOfRobotsOnBlackSite,numberOfRobotsOnWhiteSite
32082,22,19
timeStep,numberOfRobotsOnBlackSite,numberOfRobotsOnWhiteSite
32083,22,19
timeStep,numberOfRobotsOnBlackSite,numberOfRobotsOnWhiteSite
32084,22,19
timeStep,numberOfRobotsOnBlackSite,numberOfRobotsOnWhiteSite
32085,22,19
timeStep,numberOfRobotsOnBlackSite,numberOfRobotsOnWhiteSite
32086,22,19
timeStep,numberOfRobotsOnBlackSite,numberOfRobotsOnWhiteSite
32087,22,19
timeStep,numberOfRobotsOnBlackSite,numberOfRobotsOnWhiteSite
32088,22,19
timeStep,numberOfRobotsOnBlackSite,numberOfRobotsOnWhiteSite
32089,22,19
timeStep,numberOfRobotsOnBlackSite,numberOfRobotsOnWhiteSite
32090,22,19
timeStep,numberOfRobotsOnBlackSite,numberOfRobotsOnWhiteSite
32091,22,19
timeStep,numberOfRobotsOnBlackSite,numberOfRobotsOnWhiteSite
32092,22,19
timeStep,numberOfRobotsOnBlackSite,numberOfRobotsOnWhiteSite
32093,22,19
timeStep,numberOfRobotsOnBlackSite,numberOfRobotsOnWhiteSite
32094,22,19
timeStep,numberOfRobotsOnBlackSite,numberOfRobotsOnWhiteSite
32095,22,19
timeStep,numberOfRobotsOnBlackSite,numberOfRobotsOnWhiteSite
32096,22,19
timeStep,numberOfRobotsOnBlackSite,numberOfRobotsOnWhiteSite
32097,22,19
timeStep,numberOfRobotsOnBlackSite,numberOfRobotsOnWhiteSite
32098,22,19
timeStep,numberOfRobotsOnBlackSite,numberOfRobotsOnWhiteSite
32099,22,19
timeStep,numberOfRobotsOnBlackSite,numberOfRobotsOnWhiteSite
32100,22,19
timeStep,numberOfRobotsOnBlackSite,numberOfRobotsOnWhiteSite
32101,22,19
timeStep,numberOfRobotsOnBlackSite,numberOfRobotsOnWhiteSite
32102,22,19
timeStep,numberOfRobotsOnBlackSite,numberOfRobotsOnWhiteSite
32103,22,19
timeStep,numberOfRobotsOnBlackSite,numberOfRobotsOnWhiteSite
32104,22,19
timeStep,numberOfRobotsOnBlackSite,numberOfRobotsOnWhiteSite
32105,22,19
timeStep,numberOfRobotsOnBlackSite,numberOfRobotsOnWhiteSite
32106,22,19
timeStep,numberOfRobotsOnBlackSite,numberOfRobotsOnWhiteSite
32107,22,19
timeStep,numberOfRobotsOnBlackSite,numberOfRobotsOnWhiteSite
32108,22,19
timeStep,numberOfRobotsOnBlackSite,numberOfRobotsOnWhiteSite
32109,22,19
timeStep,numberOfRobotsOnBlackSite,numberOfRobotsOnWhiteSite
32110,22,19
timeStep,numberOfRobotsOnBlackSite,numberOfRobotsOnWhiteSite
32111,22,19
timeStep,numberOfRobotsOnBlackSite,numberOfRobotsOnWhiteSite
32112,22,19
timeStep,numberOfRobotsOnBlackSite,numberOfRobotsOnWhiteSite
32113,22,19
timeStep,numberOfRobotsOnBlackSite,numberOfRobotsOnWhiteSite
32114,22,19
timeStep,numberOfRobotsOnBlackSite,numberOfRobotsOnWhiteSite
32115,22,19
timeStep,numberOfRobotsOnBlackSite,numberOfRobotsOnWhiteSite
32116,22,19
timeStep,numberOfRobotsOnBlackSite,numberOfRobotsOnWhiteSite
32117,22,19
timeStep,numberOfRobotsOnBlackSite,numberOfRobotsOnWhiteSite
32118,22,19
timeStep,numberOfRobotsOnBlackSite,numberOfRobotsOnWhiteSite
32119,22,19
timeStep,numberOfRobotsOnBlackSite,numberOfRobotsOnWhiteSite
32120,22,19
timeStep,numberOfRobotsOnBlackSite,numberOfRobotsOnWhiteSite
32121,22,19
timeStep,numberOfRobotsOnBlackSite,numberOfRobotsOnWhiteSite
32122,22,19
timeStep,numberOfRobotsOnBlackSite,numberOfRobotsOnWhiteSite
32123,22,19
timeStep,numberOfRobotsOnBlackSite,numberOfRobotsOnWhiteSite
32124,22,19
timeStep,numberOfRobotsOnBlackSite,numberOfRobotsOnWhiteSite
32125,22,19
timeStep,numberOfRobotsOnBlackSite,numberOfRobotsOnWhiteSite
32126,22,19
timeStep,numberOfRobotsOnBlackSite,numberOfRobotsOnWhiteSite
32127,22,19
timeStep,numberOfRobotsOnBlackSite,numberOfRobotsOnWhiteSite
32128,22,19
timeStep,numberOfRobotsOnBlackSite,numberOfRobotsOnWhiteSite
32129,22,19
timeStep,numberOfRobotsOnBlackSite,numberOfRobotsOnWhiteSite
32130,22,19
timeStep,numberOfRobotsOnBlackSite,numberOfRobotsOnWhiteSite
32131,22,19
timeStep,numberOfRobotsOnBlackSite,numberOfRobotsOnWhiteSite
32132,22,19
timeStep,numberOfRobotsOnBlackSite,numberOfRobotsOnWhiteSite
32133,22,19
timeStep,numberOfRobotsOnBlackSite,numberOfRobotsOnWhiteSite
32134,22,19
timeStep,numberOfRobotsOnBlackSite,numberOfRobotsOnWhiteSite
32135,22,19
timeStep,numberOfRobotsOnBlackSite,numberOfRobotsOnWhiteSite
32136,22,19
timeStep,numberOfRobotsOnBlackSite,numberOfRobotsOnWhiteSite
32137,22,19
timeStep,numberOfRobotsOnBlackSite,numberOfRobotsOnWhiteSite
32138,22,19
timeStep,numberOfRobotsOnBlackSite,numberOfRobotsOnWhiteSite
32139,22,19
timeStep,numberOfRobotsOnBlackSite,numberOfRobotsOnWhiteSite
32140,22,19
timeStep,numberOfRobotsOnBlackSite,numberOfRobotsOnWhiteSite
32141,22,19
timeStep,numberOfRobotsOnBlackSite,numberOfRobotsOnWhiteSite
32142,22,19
timeStep,numberOfRobotsOnBlackSite,numberOfRobotsOnWhiteSite
32143,22,19
timeStep,numberOfRobotsOnBlackSite,numberOfRobotsOnWhiteSite
32144,22,19
timeStep,numberOfRobotsOnBlackSite,numberOfRobotsOnWhiteSite
32145,22,19
timeStep,numberOfRobotsOnBlackSite,numberOfRobotsOnWhiteSite
32146,22,19
timeStep,numberOfRobotsOnBlackSite,numberOfRobotsOnWhiteSite
32147,22,19
timeStep,numberOfRobotsOnBlackSite,numberOfRobotsOnWhiteSite
32148,22,19
timeStep,numberOfRobotsOnBlackSite,numberOfRobotsOnWhiteSite
32149,22,19
timeStep,numberOfRobotsOnBlackSite,numberOfRobotsOnWhiteSite
32150,22,18
timeStep,numberOfRobotsOnBlackSite,numberOfRobotsOnWhiteSite
32151,22,18
timeStep,numberOfRobotsOnBlackSite,numberOfRobotsOnWhiteSite
32152,22,18
timeStep,numberOfRobotsOnBlackSite,numberOfRobotsOnWhiteSite
32153,22,18
timeStep,numberOfRobotsOnBlackSite,numberOfRobotsOnWhiteSite
32154,22,18
timeStep,numberOfRobotsOnBlackSite,numberOfRobotsOnWhiteSite
32155,22,18
timeStep,numberOfRobotsOnBlackSite,numberOfRobotsOnWhiteSite
32156,22,18
timeStep,numberOfRobotsOnBlackSite,numberOfRobotsOnWhiteSite
32157,22,18
timeStep,numberOfRobotsOnBlackSite,numberOfRobotsOnWhiteSite
32158,22,18
timeStep,numberOfRobotsOnBlackSite,numberOfRobotsOnWhiteSite
32159,22,18
timeStep,numberOfRobotsOnBlackSite,numberOfRobotsOnWhiteSite
32160,22,18
timeStep,numberOfRobotsOnBlackSite,numberOfRobotsOnWhiteSite
32161,22,18
timeStep,numberOfRobotsOnBlackSite,numberOfRobotsOnWhiteSite
32162,22,18
timeStep,numberOfRobotsOnBlackSite,numberOfRobotsOnWhiteSite
32163,22,18
timeStep,numberOfRobotsOnBlackSite,numberOfRobotsOnWhiteSite
32164,22,18
timeStep,numberOfRobotsOnBlackSite,numberOfRobotsOnWhiteSite
32165,22,18
timeStep,numberOfRobotsOnBlackSite,numberOfRobotsOnWhiteSite
32166,22,18
timeStep,numberOfRobotsOnBlackSite,numberOfRobotsOnWhiteSite
32167,22,18
timeStep,numberOfRobotsOnBlackSite,numberOfRobotsOnWhiteSite
32168,22,18
timeStep,numberOfRobotsOnBlackSite,numberOfRobotsOnWhiteSite
32169,22,18
timeStep,numberOfRobotsOnBlackSite,numberOfRobotsOnWhiteSite
32170,22,18
timeStep,numberOfRobotsOnBlackSite,numberOfRobotsOnWhiteSite
32171,22,18
timeStep,numberOfRobotsOnBlackSite,numberOfRobotsOnWhiteSite
32172,22,18
timeStep,numberOfRobotsOnBlackSite,numberOfRobotsOnWhiteSite
32173,22,18
timeStep,numberOfRobotsOnBlackSite,numberOfRobotsOnWhiteSite
32174,22,18
timeStep,numberOfRobotsOnBlackSite,numberOfRobotsOnWhiteSite
32175,22,19
timeStep,numberOfRobotsOnBlackSite,numberOfRobotsOnWhiteSite
32176,22,19
timeStep,numberOfRobotsOnBlackSite,numberOfRobotsOnWhiteSite
32177,22,19
timeStep,numberOfRobotsOnBlackSite,numberOfRobotsOnWhiteSite
32178,22,19
timeStep,numberOfRobotsOnBlackSite,numberOfRobotsOnWhiteSite
32179,22,19
timeStep,numberOfRobotsOnBlackSite,numberOfRobotsOnWhiteSite
32180,22,19
timeStep,numberOfRobotsOnBlackSite,numberOfRobotsOnWhiteSite
32181,22,19
timeStep,numberOfRobotsOnBlackSite,numberOfRobotsOnWhiteSite
32182,22,19
timeStep,numberOfRobotsOnBlackSite,numberOfRobotsOnWhiteSite
32183,22,19
timeStep,numberOfRobotsOnBlackSite,numberOfRobotsOnWhiteSite
32184,22,19
timeStep,numberOfRobotsOnBlackSite,numberOfRobotsOnWhiteSite
32185,22,19
timeStep,numberOfRobotsOnBlackSite,numberOfRobotsOnWhiteSite
32186,22,19
timeStep,numberOfRobotsOnBlackSite,numberOfRobotsOnWhiteSite
32187,22,19
timeStep,numberOfRobotsOnBlackSite,numberOfRobotsOnWhiteSite
32188,22,19
timeStep,numberOfRobotsOnBlackSite,numberOfRobotsOnWhiteSite
32189,22,19
timeStep,numberOfRobotsOnBlackSite,numberOfRobotsOnWhiteSite
32190,22,18
timeStep,numberOfRobotsOnBlackSite,numberOfRobotsOnWhiteSite
32191,22,18
timeStep,numberOfRobotsOnBlackSite,numberOfRobotsOnWhiteSite
32192,22,18
timeStep,numberOfRobotsOnBlackSite,numberOfRobotsOnWhiteSite
32193,22,18
timeStep,numberOfRobotsOnBlackSite,numberOfRobotsOnWhiteSite
32194,22,18
timeStep,numberOfRobotsOnBlackSite,numberOfRobotsOnWhiteSite
32195,22,18
timeStep,numberOfRobotsOnBlackSite,numberOfRobotsOnWhiteSite
32196,22,18
timeStep,numberOfRobotsOnBlackSite,numberOfRobotsOnWhiteSite
32197,22,18
timeStep,numberOfRobotsOnBlackSite,numberOfRobotsOnWhiteSite
32198,22,18
timeStep,numberOfRobotsOnBlackSite,numberOfRobotsOnWhiteSite
32199,22,18
timeStep,numberOfRobotsOnBlackSite,numberOfRobotsOnWhiteSite
32200,22,18
timeStep,numberOfRobotsOnBlackSite,numberOfRobotsOnWhiteSite
32201,22,18
timeStep,numberOfRobotsOnBlackSite,numberOfRobotsOnWhiteSite
32202,22,18
timeStep,numberOfRobotsOnBlackSite,numberOfRobotsOnWhiteSite
32203,22,18
timeStep,numberOfRobotsOnBlackSite,numberOfRobotsOnWhiteSite
32204,22,18
timeStep,numberOfRobotsOnBlackSite,numberOfRobotsOnWhiteSite
32205,22,18
timeStep,numberOfRobotsOnBlackSite,numberOfRobotsOnWhiteSite
32206,22,18
timeStep,numberOfRobotsOnBlackSite,numberOfRobotsOnWhiteSite
32207,22,18
timeStep,numberOfRobotsOnBlackSite,numberOfRobotsOnWhiteSite
32208,22,18
timeStep,numberOfRobotsOnBlackSite,numberOfRobotsOnWhiteSite
32209,22,18
timeStep,numberOfRobotsOnBlackSite,numberOfRobotsOnWhiteSite
32210,22,18
timeStep,numberOfRobotsOnBlackSite,numberOfRobotsOnWhiteSite
32211,22,18
timeStep,numberOfRobotsOnBlackSite,numberOfRobotsOnWhiteSite
32212,22,18
timeStep,numberOfRobotsOnBlackSite,numberOfRobotsOnWhiteSite
32213,22,18
timeStep,numberOfRobotsOnBlackSite,numberOfRobotsOnWhiteSite
32214,22,18
timeStep,numberOfRobotsOnBlackSite,numberOfRobotsOnWhiteSite
32215,22,18
timeStep,numberOfRobotsOnBlackSite,numberOfRobotsOnWhiteSite
32216,22,18
timeStep,numberOfRobotsOnBlackSite,numberOfRobotsOnWhiteSite
32217,22,18
timeStep,numberOfRobotsOnBlackSite,numberOfRobotsOnWhiteSite
32218,22,18
timeStep,numberOfRobotsOnBlackSite,numberOfRobotsOnWhiteSite
32219,22,18
timeStep,numberOfRobotsOnBlackSite,numberOfRobotsOnWhiteSite
32220,22,18
timeStep,numberOfRobotsOnBlackSite,numberOfRobotsOnWhiteSite
32221,22,18
timeStep,numberOfRobotsOnBlackSite,numberOfRobotsOnWhiteSite
32222,22,18
timeStep,numberOfRobotsOnBlackSite,numberOfRobotsOnWhiteSite
32223,22,18
timeStep,numberOfRobotsOnBlackSite,numberOfRobotsOnWhiteSite
32224,22,18
timeStep,numberOfRobotsOnBlackSite,numberOfRobotsOnWhiteSite
32225,22,18
timeStep,numberOfRobotsOnBlackSite,numberOfRobotsOnWhiteSite
32226,22,18
timeStep,numberOfRobotsOnBlackSite,numberOfRobotsOnWhiteSite
32227,22,18
timeStep,numberOfRobotsOnBlackSite,numberOfRobotsOnWhiteSite
32228,22,18
timeStep,numberOfRobotsOnBlackSite,numberOfRobotsOnWhiteSite
32229,22,18
timeStep,numberOfRobotsOnBlackSite,numberOfRobotsOnWhiteSite
32230,22,18
timeStep,numberOfRobotsOnBlackSite,numberOfRobotsOnWhiteSite
32231,22,18
timeStep,numberOfRobotsOnBlackSite,numberOfRobotsOnWhiteSite
32232,22,18
timeStep,numberOfRobotsOnBlackSite,numberOfRobotsOnWhiteSite
32233,22,18
timeStep,numberOfRobotsOnBlackSite,numberOfRobotsOnWhiteSite
32234,22,18
timeStep,numberOfRobotsOnBlackSite,numberOfRobotsOnWhiteSite
32235,22,18
timeStep,numberOfRobotsOnBlackSite,numberOfRobotsOnWhiteSite
32236,22,18
timeStep,numberOfRobotsOnBlackSite,numberOfRobotsOnWhiteSite
32237,22,18
timeStep,numberOfRobotsOnBlackSite,numberOfRobotsOnWhiteSite
32238,22,18
timeStep,numberOfRobotsOnBlackSite,numberOfRobotsOnWhiteSite
32239,22,18
timeStep,numberOfRobotsOnBlackSite,numberOfRobotsOnWhiteSite
32240,22,18
timeStep,numberOfRobotsOnBlackSite,numberOfRobotsOnWhiteSite
32241,22,18
timeStep,numberOfRobotsOnBlackSite,numberOfRobotsOnWhiteSite
32242,22,18
timeStep,numberOfRobotsOnBlackSite,numberOfRobotsOnWhiteSite
32243,22,18
timeStep,numberOfRobotsOnBlackSite,numberOfRobotsOnWhiteSite
32244,22,18
timeStep,numberOfRobotsOnBlackSite,numberOfRobotsOnWhiteSite
32245,22,18
timeStep,numberOfRobotsOnBlackSite,numberOfRobotsOnWhiteSite
32246,22,18
timeStep,numberOfRobotsOnBlackSite,numberOfRobotsOnWhiteSite
32247,22,18
timeStep,numberOfRobotsOnBlackSite,numberOfRobotsOnWhiteSite
32248,22,18
timeStep,numberOfRobotsOnBlackSite,numberOfRobotsOnWhiteSite
32249,22,18
timeStep,numberOfRobotsOnBlackSite,numberOfRobotsOnWhiteSite
32250,22,18
timeStep,numberOfRobotsOnBlackSite,numberOfRobotsOnWhiteSite
32251,22,18
timeStep,numberOfRobotsOnBlackSite,numberOfRobotsOnWhiteSite
32252,22,18
timeStep,numberOfRobotsOnBlackSite,numberOfRobotsOnWhiteSite
32253,22,18
timeStep,numberOfRobotsOnBlackSite,numberOfRobotsOnWhiteSite
32254,22,18
timeStep,numberOfRobotsOnBlackSite,numberOfRobotsOnWhiteSite
32255,22,18
timeStep,numberOfRobotsOnBlackSite,numberOfRobotsOnWhiteSite
32256,22,18
timeStep,numberOfRobotsOnBlackSite,numberOfRobotsOnWhiteSite
32257,22,18
timeStep,numberOfRobotsOnBlackSite,numberOfRobotsOnWhiteSite
32258,22,18
timeStep,numberOfRobotsOnBlackSite,numberOfRobotsOnWhiteSite
32259,22,18
timeStep,numberOfRobotsOnBlackSite,numberOfRobotsOnWhiteSite
32260,22,18
timeStep,numberOfRobotsOnBlackSite,numberOfRobotsOnWhiteSite
32261,22,18
timeStep,numberOfRobotsOnBlackSite,numberOfRobotsOnWhiteSite
32262,22,18
timeStep,numberOfRobotsOnBlackSite,numberOfRobotsOnWhiteSite
32263,22,18
timeStep,numberOfRobotsOnBlackSite,numberOfRobotsOnWhiteSite
32264,22,18
timeStep,numberOfRobotsOnBlackSite,numberOfRobotsOnWhiteSite
32265,22,18
timeStep,numberOfRobotsOnBlackSite,numberOfRobotsOnWhiteSite
32266,22,18
timeStep,numberOfRobotsOnBlackSite,numberOfRobotsOnWhiteSite
32267,22,18
timeStep,numberOfRobotsOnBlackSite,numberOfRobotsOnWhiteSite
32268,22,18
timeStep,numberOfRobotsOnBlackSite,numberOfRobotsOnWhiteSite
32269,22,18
timeStep,numberOfRobotsOnBlackSite,numberOfRobotsOnWhiteSite
32270,22,18
timeStep,numberOfRobotsOnBlackSite,numberOfRobotsOnWhiteSite
32271,22,18
timeStep,numberOfRobotsOnBlackSite,numberOfRobotsOnWhiteSite
32272,22,18
timeStep,numberOfRobotsOnBlackSite,numberOfRobotsOnWhiteSite
32273,22,18
timeStep,numberOfRobotsOnBlackSite,numberOfRobotsOnWhiteSite
32274,22,18
timeStep,numberOfRobotsOnBlackSite,numberOfRobotsOnWhiteSite
32275,22,18
timeStep,numberOfRobotsOnBlackSite,numberOfRobotsOnWhiteSite
32276,22,18
timeStep,numberOfRobotsOnBlackSite,numberOfRobotsOnWhiteSite
32277,22,18
timeStep,numberOfRobotsOnBlackSite,numberOfRobotsOnWhiteSite
32278,22,18
timeStep,numberOfRobotsOnBlackSite,numberOfRobotsOnWhiteSite
32279,22,18
timeStep,numberOfRobotsOnBlackSite,numberOfRobotsOnWhiteSite
32280,22,17
timeStep,numberOfRobotsOnBlackSite,numberOfRobotsOnWhiteSite
32281,22,17
timeStep,numberOfRobotsOnBlackSite,numberOfRobotsOnWhiteSite
32282,22,17
timeStep,numberOfRobotsOnBlackSite,numberOfRobotsOnWhiteSite
32283,22,17
timeStep,numberOfRobotsOnBlackSite,numberOfRobotsOnWhiteSite
32284,22,17
timeStep,numberOfRobotsOnBlackSite,numberOfRobotsOnWhiteSite
32285,22,17
timeStep,numberOfRobotsOnBlackSite,numberOfRobotsOnWhiteSite
32286,22,17
timeStep,numberOfRobotsOnBlackSite,numberOfRobotsOnWhiteSite
32287,22,17
timeStep,numberOfRobotsOnBlackSite,numberOfRobotsOnWhiteSite
32288,22,17
timeStep,numberOfRobotsOnBlackSite,numberOfRobotsOnWhiteSite
32289,22,17
timeStep,numberOfRobotsOnBlackSite,numberOfRobotsOnWhiteSite
32290,22,17
timeStep,numberOfRobotsOnBlackSite,numberOfRobotsOnWhiteSite
32291,22,17
timeStep,numberOfRobotsOnBlackSite,numberOfRobotsOnWhiteSite
32292,22,17
timeStep,numberOfRobotsOnBlackSite,numberOfRobotsOnWhiteSite
32293,22,17
timeStep,numberOfRobotsOnBlackSite,numberOfRobotsOnWhiteSite
32294,22,17
timeStep,numberOfRobotsOnBlackSite,numberOfRobotsOnWhiteSite
32295,22,17
timeStep,numberOfRobotsOnBlackSite,numberOfRobotsOnWhiteSite
32296,22,17
timeStep,numberOfRobotsOnBlackSite,numberOfRobotsOnWhiteSite
32297,22,17
timeStep,numberOfRobotsOnBlackSite,numberOfRobotsOnWhiteSite
32298,22,17
timeStep,numberOfRobotsOnBlackSite,numberOfRobotsOnWhiteSite
32299,22,17
timeStep,numberOfRobotsOnBlackSite,numberOfRobotsOnWhiteSite
32300,22,17
timeStep,numberOfRobotsOnBlackSite,numberOfRobotsOnWhiteSite
32301,22,17
timeStep,numberOfRobotsOnBlackSite,numberOfRobotsOnWhiteSite
32302,22,17
timeStep,numberOfRobotsOnBlackSite,numberOfRobotsOnWhiteSite
32303,22,17
timeStep,numberOfRobotsOnBlackSite,numberOfRobotsOnWhiteSite
32304,22,17
timeStep,numberOfRobotsOnBlackSite,numberOfRobotsOnWhiteSite
32305,22,17
timeStep,numberOfRobotsOnBlackSite,numberOfRobotsOnWhiteSite
32306,22,17
timeStep,numberOfRobotsOnBlackSite,numberOfRobotsOnWhiteSite
32307,22,17
timeStep,numberOfRobotsOnBlackSite,numberOfRobotsOnWhiteSite
32308,22,17
timeStep,numberOfRobotsOnBlackSite,numberOfRobotsOnWhiteSite
32309,22,17
timeStep,numberOfRobotsOnBlackSite,numberOfRobotsOnWhiteSite
32310,22,17
timeStep,numberOfRobotsOnBlackSite,numberOfRobotsOnWhiteSite
32311,22,17
timeStep,numberOfRobotsOnBlackSite,numberOfRobotsOnWhiteSite
32312,22,17
timeStep,numberOfRobotsOnBlackSite,numberOfRobotsOnWhiteSite
32313,22,17
timeStep,numberOfRobotsOnBlackSite,numberOfRobotsOnWhiteSite
32314,22,17
timeStep,numberOfRobotsOnBlackSite,numberOfRobotsOnWhiteSite
32315,21,17
timeStep,numberOfRobotsOnBlackSite,numberOfRobotsOnWhiteSite
32316,21,17
timeStep,numberOfRobotsOnBlackSite,numberOfRobotsOnWhiteSite
32317,21,17
timeStep,numberOfRobotsOnBlackSite,numberOfRobotsOnWhiteSite
32318,21,17
timeStep,numberOfRobotsOnBlackSite,numberOfRobotsOnWhiteSite
32319,21,17
timeStep,numberOfRobotsOnBlackSite,numberOfRobotsOnWhiteSite
32320,21,17
timeStep,numberOfRobotsOnBlackSite,numberOfRobotsOnWhiteSite
32321,21,17
timeStep,numberOfRobotsOnBlackSite,numberOfRobotsOnWhiteSite
32322,21,17
timeStep,numberOfRobotsOnBlackSite,numberOfRobotsOnWhiteSite
32323,21,17
timeStep,numberOfRobotsOnBlackSite,numberOfRobotsOnWhiteSite
32324,21,17
timeStep,numberOfRobotsOnBlackSite,numberOfRobotsOnWhiteSite
32325,21,17
timeStep,numberOfRobotsOnBlackSite,numberOfRobotsOnWhiteSite
32326,21,17
timeStep,numberOfRobotsOnBlackSite,numberOfRobotsOnWhiteSite
32327,21,17
timeStep,numberOfRobotsOnBlackSite,numberOfRobotsOnWhiteSite
32328,21,17
timeStep,numberOfRobotsOnBlackSite,numberOfRobotsOnWhiteSite
32329,21,17
timeStep,numberOfRobotsOnBlackSite,numberOfRobotsOnWhiteSite
32330,21,17
timeStep,numberOfRobotsOnBlackSite,numberOfRobotsOnWhiteSite
32331,21,17
timeStep,numberOfRobotsOnBlackSite,numberOfRobotsOnWhiteSite
32332,21,17
timeStep,numberOfRobotsOnBlackSite,numberOfRobotsOnWhiteSite
32333,21,17
timeStep,numberOfRobotsOnBlackSite,numberOfRobotsOnWhiteSite
32334,21,17
timeStep,numberOfRobotsOnBlackSite,numberOfRobotsOnWhiteSite
32335,21,17
timeStep,numberOfRobotsOnBlackSite,numberOfRobotsOnWhiteSite
32336,21,17
timeStep,numberOfRobotsOnBlackSite,numberOfRobotsOnWhiteSite
32337,21,17
timeStep,numberOfRobotsOnBlackSite,numberOfRobotsOnWhiteSite
32338,21,17
timeStep,numberOfRobotsOnBlackSite,numberOfRobotsOnWhiteSite
32339,21,17
timeStep,numberOfRobotsOnBlackSite,numberOfRobotsOnWhiteSite
32340,21,17
timeStep,numberOfRobotsOnBlackSite,numberOfRobotsOnWhiteSite
32341,21,17
timeStep,numberOfRobotsOnBlackSite,numberOfRobotsOnWhiteSite
32342,21,17
timeStep,numberOfRobotsOnBlackSite,numberOfRobotsOnWhiteSite
32343,21,17
timeStep,numberOfRobotsOnBlackSite,numberOfRobotsOnWhiteSite
32344,21,17
timeStep,numberOfRobotsOnBlackSite,numberOfRobotsOnWhiteSite
32345,21,17
timeStep,numberOfRobotsOnBlackSite,numberOfRobotsOnWhiteSite
32346,21,17
timeStep,numberOfRobotsOnBlackSite,numberOfRobotsOnWhiteSite
32347,21,17
timeStep,numberOfRobotsOnBlackSite,numberOfRobotsOnWhiteSite
32348,21,17
timeStep,numberOfRobotsOnBlackSite,numberOfRobotsOnWhiteSite
32349,21,17
timeStep,numberOfRobotsOnBlackSite,numberOfRobotsOnWhiteSite
32350,21,17
timeStep,numberOfRobotsOnBlackSite,numberOfRobotsOnWhiteSite
32351,21,17
timeStep,numberOfRobotsOnBlackSite,numberOfRobotsOnWhiteSite
32352,21,17
timeStep,numberOfRobotsOnBlackSite,numberOfRobotsOnWhiteSite
32353,21,17
timeStep,numberOfRobotsOnBlackSite,numberOfRobotsOnWhiteSite
32354,21,17
timeStep,numberOfRobotsOnBlackSite,numberOfRobotsOnWhiteSite
32355,21,17
timeStep,numberOfRobotsOnBlackSite,numberOfRobotsOnWhiteSite
32356,21,17
timeStep,numberOfRobotsOnBlackSite,numberOfRobotsOnWhiteSite
32357,21,17
timeStep,numberOfRobotsOnBlackSite,numberOfRobotsOnWhiteSite
32358,21,17
timeStep,numberOfRobotsOnBlackSite,numberOfRobotsOnWhiteSite
32359,21,17
timeStep,numberOfRobotsOnBlackSite,numberOfRobotsOnWhiteSite
32360,22,17
timeStep,numberOfRobotsOnBlackSite,numberOfRobotsOnWhiteSite
32361,22,17
timeStep,numberOfRobotsOnBlackSite,numberOfRobotsOnWhiteSite
32362,22,17
timeStep,numberOfRobotsOnBlackSite,numberOfRobotsOnWhiteSite
32363,22,17
timeStep,numberOfRobotsOnBlackSite,numberOfRobotsOnWhiteSite
32364,22,17
timeStep,numberOfRobotsOnBlackSite,numberOfRobotsOnWhiteSite
32365,22,17
timeStep,numberOfRobotsOnBlackSite,numberOfRobotsOnWhiteSite
32366,22,17
timeStep,numberOfRobotsOnBlackSite,numberOfRobotsOnWhiteSite
32367,22,17
timeStep,numberOfRobotsOnBlackSite,numberOfRobotsOnWhiteSite
32368,22,17
timeStep,numberOfRobotsOnBlackSite,numberOfRobotsOnWhiteSite
32369,22,17
timeStep,numberOfRobotsOnBlackSite,numberOfRobotsOnWhiteSite
32370,22,17
timeStep,numberOfRobotsOnBlackSite,numberOfRobotsOnWhiteSite
32371,22,17
timeStep,numberOfRobotsOnBlackSite,numberOfRobotsOnWhiteSite
32372,22,17
timeStep,numberOfRobotsOnBlackSite,numberOfRobotsOnWhiteSite
32373,22,17
timeStep,numberOfRobotsOnBlackSite,numberOfRobotsOnWhiteSite
32374,22,17
timeStep,numberOfRobotsOnBlackSite,numberOfRobotsOnWhiteSite
32375,22,17
timeStep,numberOfRobotsOnBlackSite,numberOfRobotsOnWhiteSite
32376,22,17
timeStep,numberOfRobotsOnBlackSite,numberOfRobotsOnWhiteSite
32377,22,17
timeStep,numberOfRobotsOnBlackSite,numberOfRobotsOnWhiteSite
32378,22,17
timeStep,numberOfRobotsOnBlackSite,numberOfRobotsOnWhiteSite
32379,22,17
timeStep,numberOfRobotsOnBlackSite,numberOfRobotsOnWhiteSite
32380,22,17
timeStep,numberOfRobotsOnBlackSite,numberOfRobotsOnWhiteSite
32381,22,17
timeStep,numberOfRobotsOnBlackSite,numberOfRobotsOnWhiteSite
32382,22,17
timeStep,numberOfRobotsOnBlackSite,numberOfRobotsOnWhiteSite
32383,22,17
timeStep,numberOfRobotsOnBlackSite,numberOfRobotsOnWhiteSite
32384,22,17
timeStep,numberOfRobotsOnBlackSite,numberOfRobotsOnWhiteSite
32385,22,17
timeStep,numberOfRobotsOnBlackSite,numberOfRobotsOnWhiteSite
32386,22,17
timeStep,numberOfRobotsOnBlackSite,numberOfRobotsOnWhiteSite
32387,22,17
timeStep,numberOfRobotsOnBlackSite,numberOfRobotsOnWhiteSite
32388,22,17
timeStep,numberOfRobotsOnBlackSite,numberOfRobotsOnWhiteSite
32389,22,17
timeStep,numberOfRobotsOnBlackSite,numberOfRobotsOnWhiteSite
32390,22,17
timeStep,numberOfRobotsOnBlackSite,numberOfRobotsOnWhiteSite
32391,22,17
timeStep,numberOfRobotsOnBlackSite,numberOfRobotsOnWhiteSite
32392,22,17
timeStep,numberOfRobotsOnBlackSite,numberOfRobotsOnWhiteSite
32393,22,17
timeStep,numberOfRobotsOnBlackSite,numberOfRobotsOnWhiteSite
32394,22,17
timeStep,numberOfRobotsOnBlackSite,numberOfRobotsOnWhiteSite
32395,22,17
timeStep,numberOfRobotsOnBlackSite,numberOfRobotsOnWhiteSite
32396,22,17
timeStep,numberOfRobotsOnBlackSite,numberOfRobotsOnWhiteSite
32397,22,17
timeStep,numberOfRobotsOnBlackSite,numberOfRobotsOnWhiteSite
32398,22,17
timeStep,numberOfRobotsOnBlackSite,numberOfRobotsOnWhiteSite
32399,22,17
timeStep,numberOfRobotsOnBlackSite,numberOfRobotsOnWhiteSite
32400,22,17
timeStep,numberOfRobotsOnBlackSite,numberOfRobotsOnWhiteSite
32401,22,17
timeStep,numberOfRobotsOnBlackSite,numberOfRobotsOnWhiteSite
32402,22,17
timeStep,numberOfRobotsOnBlackSite,numberOfRobotsOnWhiteSite
32403,22,17
timeStep,numberOfRobotsOnBlackSite,numberOfRobotsOnWhiteSite
32404,22,17
timeStep,numberOfRobotsOnBlackSite,numberOfRobotsOnWhiteSite
32405,22,17
timeStep,numberOfRobotsOnBlackSite,numberOfRobotsOnWhiteSite
32406,22,17
timeStep,numberOfRobotsOnBlackSite,numberOfRobotsOnWhiteSite
32407,22,17
timeStep,numberOfRobotsOnBlackSite,numberOfRobotsOnWhiteSite
32408,22,17
timeStep,numberOfRobotsOnBlackSite,numberOfRobotsOnWhiteSite
32409,22,17
timeStep,numberOfRobotsOnBlackSite,numberOfRobotsOnWhiteSite
32410,22,17
timeStep,numberOfRobotsOnBlackSite,numberOfRobotsOnWhiteSite
32411,22,17
timeStep,numberOfRobotsOnBlackSite,numberOfRobotsOnWhiteSite
32412,22,17
timeStep,numberOfRobotsOnBlackSite,numberOfRobotsOnWhiteSite
32413,22,17
timeStep,numberOfRobotsOnBlackSite,numberOfRobotsOnWhiteSite
32414,22,17
timeStep,numberOfRobotsOnBlackSite,numberOfRobotsOnWhiteSite
32415,21,17
timeStep,numberOfRobotsOnBlackSite,numberOfRobotsOnWhiteSite
32416,21,17
timeStep,numberOfRobotsOnBlackSite,numberOfRobotsOnWhiteSite
32417,21,17
timeStep,numberOfRobotsOnBlackSite,numberOfRobotsOnWhiteSite
32418,21,17
timeStep,numberOfRobotsOnBlackSite,numberOfRobotsOnWhiteSite
32419,21,17
timeStep,numberOfRobotsOnBlackSite,numberOfRobotsOnWhiteSite
32420,21,17
timeStep,numberOfRobotsOnBlackSite,numberOfRobotsOnWhiteSite
32421,21,17
timeStep,numberOfRobotsOnBlackSite,numberOfRobotsOnWhiteSite
32422,21,17
timeStep,numberOfRobotsOnBlackSite,numberOfRobotsOnWhiteSite
32423,21,17
timeStep,numberOfRobotsOnBlackSite,numberOfRobotsOnWhiteSite
32424,21,17
timeStep,numberOfRobotsOnBlackSite,numberOfRobotsOnWhiteSite
32425,21,17
timeStep,numberOfRobotsOnBlackSite,numberOfRobotsOnWhiteSite
32426,21,17
timeStep,numberOfRobotsOnBlackSite,numberOfRobotsOnWhiteSite
32427,21,17
timeStep,numberOfRobotsOnBlackSite,numberOfRobotsOnWhiteSite
32428,21,17
timeStep,numberOfRobotsOnBlackSite,numberOfRobotsOnWhiteSite
32429,21,17
timeStep,numberOfRobotsOnBlackSite,numberOfRobotsOnWhiteSite
32430,20,17
timeStep,numberOfRobotsOnBlackSite,numberOfRobotsOnWhiteSite
32431,20,17
timeStep,numberOfRobotsOnBlackSite,numberOfRobotsOnWhiteSite
32432,20,17
timeStep,numberOfRobotsOnBlackSite,numberOfRobotsOnWhiteSite
32433,20,17
timeStep,numberOfRobotsOnBlackSite,numberOfRobotsOnWhiteSite
32434,20,17
timeStep,numberOfRobotsOnBlackSite,numberOfRobotsOnWhiteSite
32435,20,17
timeStep,numberOfRobotsOnBlackSite,numberOfRobotsOnWhiteSite
32436,20,17
timeStep,numberOfRobotsOnBlackSite,numberOfRobotsOnWhiteSite
32437,20,17
timeStep,numberOfRobotsOnBlackSite,numberOfRobotsOnWhiteSite
32438,20,17
timeStep,numberOfRobotsOnBlackSite,numberOfRobotsOnWhiteSite
32439,20,17
timeStep,numberOfRobotsOnBlackSite,numberOfRobotsOnWhiteSite
32440,20,17
timeStep,numberOfRobotsOnBlackSite,numberOfRobotsOnWhiteSite
32441,20,17
timeStep,numberOfRobotsOnBlackSite,numberOfRobotsOnWhiteSite
32442,20,17
timeStep,numberOfRobotsOnBlackSite,numberOfRobotsOnWhiteSite
32443,20,17
timeStep,numberOfRobotsOnBlackSite,numberOfRobotsOnWhiteSite
32444,20,17
timeStep,numberOfRobotsOnBlackSite,numberOfRobotsOnWhiteSite
32445,20,17
timeStep,numberOfRobotsOnBlackSite,numberOfRobotsOnWhiteSite
32446,20,17
timeStep,numberOfRobotsOnBlackSite,numberOfRobotsOnWhiteSite
32447,20,17
timeStep,numberOfRobotsOnBlackSite,numberOfRobotsOnWhiteSite
32448,20,17
timeStep,numberOfRobotsOnBlackSite,numberOfRobotsOnWhiteSite
32449,20,17
timeStep,numberOfRobotsOnBlackSite,numberOfRobotsOnWhiteSite
32450,20,17
timeStep,numberOfRobotsOnBlackSite,numberOfRobotsOnWhiteSite
32451,20,17
timeStep,numberOfRobotsOnBlackSite,numberOfRobotsOnWhiteSite
32452,20,17
timeStep,numberOfRobotsOnBlackSite,numberOfRobotsOnWhiteSite
32453,20,17
timeStep,numberOfRobotsOnBlackSite,numberOfRobotsOnWhiteSite
32454,20,17
timeStep,numberOfRobotsOnBlackSite,numberOfRobotsOnWhiteSite
32455,21,17
timeStep,numberOfRobotsOnBlackSite,numberOfRobotsOnWhiteSite
32456,21,17
timeStep,numberOfRobotsOnBlackSite,numberOfRobotsOnWhiteSite
32457,21,17
timeStep,numberOfRobotsOnBlackSite,numberOfRobotsOnWhiteSite
32458,21,17
timeStep,numberOfRobotsOnBlackSite,numberOfRobotsOnWhiteSite
32459,21,17
timeStep,numberOfRobotsOnBlackSite,numberOfRobotsOnWhiteSite
32460,20,17
timeStep,numberOfRobotsOnBlackSite,numberOfRobotsOnWhiteSite
32461,20,17
timeStep,numberOfRobotsOnBlackSite,numberOfRobotsOnWhiteSite
32462,20,17
timeStep,numberOfRobotsOnBlackSite,numberOfRobotsOnWhiteSite
32463,20,17
timeStep,numberOfRobotsOnBlackSite,numberOfRobotsOnWhiteSite
32464,20,17
timeStep,numberOfRobotsOnBlackSite,numberOfRobotsOnWhiteSite
32465,20,17
timeStep,numberOfRobotsOnBlackSite,numberOfRobotsOnWhiteSite
32466,20,17
timeStep,numberOfRobotsOnBlackSite,numberOfRobotsOnWhiteSite
32467,20,17
timeStep,numberOfRobotsOnBlackSite,numberOfRobotsOnWhiteSite
32468,20,17
timeStep,numberOfRobotsOnBlackSite,numberOfRobotsOnWhiteSite
32469,20,17
timeStep,numberOfRobotsOnBlackSite,numberOfRobotsOnWhiteSite
32470,20,17
timeStep,numberOfRobotsOnBlackSite,numberOfRobotsOnWhiteSite
32471,20,17
timeStep,numberOfRobotsOnBlackSite,numberOfRobotsOnWhiteSite
32472,20,17
timeStep,numberOfRobotsOnBlackSite,numberOfRobotsOnWhiteSite
32473,20,17
timeStep,numberOfRobotsOnBlackSite,numberOfRobotsOnWhiteSite
32474,20,17
timeStep,numberOfRobotsOnBlackSite,numberOfRobotsOnWhiteSite
32475,20,17
timeStep,numberOfRobotsOnBlackSite,numberOfRobotsOnWhiteSite
32476,20,17
timeStep,numberOfRobotsOnBlackSite,numberOfRobotsOnWhiteSite
32477,20,17
timeStep,numberOfRobotsOnBlackSite,numberOfRobotsOnWhiteSite
32478,20,17
timeStep,numberOfRobotsOnBlackSite,numberOfRobotsOnWhiteSite
32479,20,17
timeStep,numberOfRobotsOnBlackSite,numberOfRobotsOnWhiteSite
32480,20,17
timeStep,numberOfRobotsOnBlackSite,numberOfRobotsOnWhiteSite
32481,20,17
timeStep,numberOfRobotsOnBlackSite,numberOfRobotsOnWhiteSite
32482,20,17
timeStep,numberOfRobotsOnBlackSite,numberOfRobotsOnWhiteSite
32483,20,17
timeStep,numberOfRobotsOnBlackSite,numberOfRobotsOnWhiteSite
32484,20,17
timeStep,numberOfRobotsOnBlackSite,numberOfRobotsOnWhiteSite
32485,20,17
timeStep,numberOfRobotsOnBlackSite,numberOfRobotsOnWhiteSite
32486,20,17
timeStep,numberOfRobotsOnBlackSite,numberOfRobotsOnWhiteSite
32487,20,17
timeStep,numberOfRobotsOnBlackSite,numberOfRobotsOnWhiteSite
32488,20,17
timeStep,numberOfRobotsOnBlackSite,numberOfRobotsOnWhiteSite
32489,20,17
timeStep,numberOfRobotsOnBlackSite,numberOfRobotsOnWhiteSite
32490,20,17
timeStep,numberOfRobotsOnBlackSite,numberOfRobotsOnWhiteSite
32491,20,17
timeStep,numberOfRobotsOnBlackSite,numberOfRobotsOnWhiteSite
32492,20,17
timeStep,numberOfRobotsOnBlackSite,numberOfRobotsOnWhiteSite
32493,20,17
timeStep,numberOfRobotsOnBlackSite,numberOfRobotsOnWhiteSite
32494,20,17
timeStep,numberOfRobotsOnBlackSite,numberOfRobotsOnWhiteSite
32495,20,17
timeStep,numberOfRobotsOnBlackSite,numberOfRobotsOnWhiteSite
32496,20,17
timeStep,numberOfRobotsOnBlackSite,numberOfRobotsOnWhiteSite
32497,20,17
timeStep,numberOfRobotsOnBlackSite,numberOfRobotsOnWhiteSite
32498,20,17
timeStep,numberOfRobotsOnBlackSite,numberOfRobotsOnWhiteSite
32499,20,17
timeStep,numberOfRobotsOnBlackSite,numberOfRobotsOnWhiteSite
32500,20,17
timeStep,numberOfRobotsOnBlackSite,numberOfRobotsOnWhiteSite
32501,20,17
timeStep,numberOfRobotsOnBlackSite,numberOfRobotsOnWhiteSite
32502,20,17
timeStep,numberOfRobotsOnBlackSite,numberOfRobotsOnWhiteSite
32503,20,17
timeStep,numberOfRobotsOnBlackSite,numberOfRobotsOnWhiteSite
32504,20,17
timeStep,numberOfRobotsOnBlackSite,numberOfRobotsOnWhiteSite
32505,20,17
timeStep,numberOfRobotsOnBlackSite,numberOfRobotsOnWhiteSite
32506,20,17
timeStep,numberOfRobotsOnBlackSite,numberOfRobotsOnWhiteSite
32507,20,17
timeStep,numberOfRobotsOnBlackSite,numberOfRobotsOnWhiteSite
32508,20,17
timeStep,numberOfRobotsOnBlackSite,numberOfRobotsOnWhiteSite
32509,20,17
timeStep,numberOfRobotsOnBlackSite,numberOfRobotsOnWhiteSite
32510,21,17
timeStep,numberOfRobotsOnBlackSite,numberOfRobotsOnWhiteSite
32511,21,17
timeStep,numberOfRobotsOnBlackSite,numberOfRobotsOnWhiteSite
32512,21,17
timeStep,numberOfRobotsOnBlackSite,numberOfRobotsOnWhiteSite
32513,21,17
timeStep,numberOfRobotsOnBlackSite,numberOfRobotsOnWhiteSite
32514,21,17
timeStep,numberOfRobotsOnBlackSite,numberOfRobotsOnWhiteSite
32515,21,17
timeStep,numberOfRobotsOnBlackSite,numberOfRobotsOnWhiteSite
32516,21,17
timeStep,numberOfRobotsOnBlackSite,numberOfRobotsOnWhiteSite
32517,21,17
timeStep,numberOfRobotsOnBlackSite,numberOfRobotsOnWhiteSite
32518,21,17
timeStep,numberOfRobotsOnBlackSite,numberOfRobotsOnWhiteSite
32519,21,17
timeStep,numberOfRobotsOnBlackSite,numberOfRobotsOnWhiteSite
32520,21,17
timeStep,numberOfRobotsOnBlackSite,numberOfRobotsOnWhiteSite
32521,21,17
timeStep,numberOfRobotsOnBlackSite,numberOfRobotsOnWhiteSite
32522,21,17
timeStep,numberOfRobotsOnBlackSite,numberOfRobotsOnWhiteSite
32523,21,17
timeStep,numberOfRobotsOnBlackSite,numberOfRobotsOnWhiteSite
32524,21,17
timeStep,numberOfRobotsOnBlackSite,numberOfRobotsOnWhiteSite
32525,21,17
timeStep,numberOfRobotsOnBlackSite,numberOfRobotsOnWhiteSite
32526,21,17
timeStep,numberOfRobotsOnBlackSite,numberOfRobotsOnWhiteSite
32527,21,17
timeStep,numberOfRobotsOnBlackSite,numberOfRobotsOnWhiteSite
32528,21,17
timeStep,numberOfRobotsOnBlackSite,numberOfRobotsOnWhiteSite
32529,21,17
timeStep,numberOfRobotsOnBlackSite,numberOfRobotsOnWhiteSite
32530,21,17
timeStep,numberOfRobotsOnBlackSite,numberOfRobotsOnWhiteSite
32531,21,17
timeStep,numberOfRobotsOnBlackSite,numberOfRobotsOnWhiteSite
32532,21,17
timeStep,numberOfRobotsOnBlackSite,numberOfRobotsOnWhiteSite
32533,21,17
timeStep,numberOfRobotsOnBlackSite,numberOfRobotsOnWhiteSite
32534,21,17
timeStep,numberOfRobotsOnBlackSite,numberOfRobotsOnWhiteSite
32535,21,17
timeStep,numberOfRobotsOnBlackSite,numberOfRobotsOnWhiteSite
32536,21,17
timeStep,numberOfRobotsOnBlackSite,numberOfRobotsOnWhiteSite
32537,21,17
timeStep,numberOfRobotsOnBlackSite,numberOfRobotsOnWhiteSite
32538,21,17
timeStep,numberOfRobotsOnBlackSite,numberOfRobotsOnWhiteSite
32539,21,17
timeStep,numberOfRobotsOnBlackSite,numberOfRobotsOnWhiteSite
32540,21,17
timeStep,numberOfRobotsOnBlackSite,numberOfRobotsOnWhiteSite
32541,21,17
timeStep,numberOfRobotsOnBlackSite,numberOfRobotsOnWhiteSite
32542,21,17
timeStep,numberOfRobotsOnBlackSite,numberOfRobotsOnWhiteSite
32543,21,17
timeStep,numberOfRobotsOnBlackSite,numberOfRobotsOnWhiteSite
32544,21,17
timeStep,numberOfRobotsOnBlackSite,numberOfRobotsOnWhiteSite
32545,21,17
timeStep,numberOfRobotsOnBlackSite,numberOfRobotsOnWhiteSite
32546,21,17
timeStep,numberOfRobotsOnBlackSite,numberOfRobotsOnWhiteSite
32547,21,17
timeStep,numberOfRobotsOnBlackSite,numberOfRobotsOnWhiteSite
32548,21,17
timeStep,numberOfRobotsOnBlackSite,numberOfRobotsOnWhiteSite
32549,21,17
timeStep,numberOfRobotsOnBlackSite,numberOfRobotsOnWhiteSite
32550,21,17
timeStep,numberOfRobotsOnBlackSite,numberOfRobotsOnWhiteSite
32551,21,17
timeStep,numberOfRobotsOnBlackSite,numberOfRobotsOnWhiteSite
32552,21,17
timeStep,numberOfRobotsOnBlackSite,numberOfRobotsOnWhiteSite
32553,21,17
timeStep,numberOfRobotsOnBlackSite,numberOfRobotsOnWhiteSite
32554,21,17
timeStep,numberOfRobotsOnBlackSite,numberOfRobotsOnWhiteSite
32555,21,17
timeStep,numberOfRobotsOnBlackSite,numberOfRobotsOnWhiteSite
32556,21,17
timeStep,numberOfRobotsOnBlackSite,numberOfRobotsOnWhiteSite
32557,21,17
timeStep,numberOfRobotsOnBlackSite,numberOfRobotsOnWhiteSite
32558,21,17
timeStep,numberOfRobotsOnBlackSite,numberOfRobotsOnWhiteSite
32559,21,17
timeStep,numberOfRobotsOnBlackSite,numberOfRobotsOnWhiteSite
32560,21,17
timeStep,numberOfRobotsOnBlackSite,numberOfRobotsOnWhiteSite
32561,21,17
timeStep,numberOfRobotsOnBlackSite,numberOfRobotsOnWhiteSite
32562,21,17
timeStep,numberOfRobotsOnBlackSite,numberOfRobotsOnWhiteSite
32563,21,17
timeStep,numberOfRobotsOnBlackSite,numberOfRobotsOnWhiteSite
32564,21,17
timeStep,numberOfRobotsOnBlackSite,numberOfRobotsOnWhiteSite
32565,21,17
timeStep,numberOfRobotsOnBlackSite,numberOfRobotsOnWhiteSite
32566,21,17
timeStep,numberOfRobotsOnBlackSite,numberOfRobotsOnWhiteSite
32567,21,17
timeStep,numberOfRobotsOnBlackSite,numberOfRobotsOnWhiteSite
32568,21,17
timeStep,numberOfRobotsOnBlackSite,numberOfRobotsOnWhiteSite
32569,21,17
timeStep,numberOfRobotsOnBlackSite,numberOfRobotsOnWhiteSite
32570,21,17
timeStep,numberOfRobotsOnBlackSite,numberOfRobotsOnWhiteSite
32571,21,17
timeStep,numberOfRobotsOnBlackSite,numberOfRobotsOnWhiteSite
32572,21,17
timeStep,numberOfRobotsOnBlackSite,numberOfRobotsOnWhiteSite
32573,21,17
timeStep,numberOfRobotsOnBlackSite,numberOfRobotsOnWhiteSite
32574,21,17
timeStep,numberOfRobotsOnBlackSite,numberOfRobotsOnWhiteSite
32575,21,17
timeStep,numberOfRobotsOnBlackSite,numberOfRobotsOnWhiteSite
32576,21,17
timeStep,numberOfRobotsOnBlackSite,numberOfRobotsOnWhiteSite
32577,21,17
timeStep,numberOfRobotsOnBlackSite,numberOfRobotsOnWhiteSite
32578,21,17
timeStep,numberOfRobotsOnBlackSite,numberOfRobotsOnWhiteSite
32579,21,17
timeStep,numberOfRobotsOnBlackSite,numberOfRobotsOnWhiteSite
32580,21,17
timeStep,numberOfRobotsOnBlackSite,numberOfRobotsOnWhiteSite
32581,21,17
timeStep,numberOfRobotsOnBlackSite,numberOfRobotsOnWhiteSite
32582,21,17
timeStep,numberOfRobotsOnBlackSite,numberOfRobotsOnWhiteSite
32583,21,17
timeStep,numberOfRobotsOnBlackSite,numberOfRobotsOnWhiteSite
32584,21,17
timeStep,numberOfRobotsOnBlackSite,numberOfRobotsOnWhiteSite
32585,21,17
timeStep,numberOfRobotsOnBlackSite,numberOfRobotsOnWhiteSite
32586,21,17
timeStep,numberOfRobotsOnBlackSite,numberOfRobotsOnWhiteSite
32587,21,17
timeStep,numberOfRobotsOnBlackSite,numberOfRobotsOnWhiteSite
32588,21,17
timeStep,numberOfRobotsOnBlackSite,numberOfRobotsOnWhiteSite
32589,21,17
timeStep,numberOfRobotsOnBlackSite,numberOfRobotsOnWhiteSite
32590,21,17
timeStep,numberOfRobotsOnBlackSite,numberOfRobotsOnWhiteSite
32591,21,17
timeStep,numberOfRobotsOnBlackSite,numberOfRobotsOnWhiteSite
32592,21,17
timeStep,numberOfRobotsOnBlackSite,numberOfRobotsOnWhiteSite
32593,21,17
timeStep,numberOfRobotsOnBlackSite,numberOfRobotsOnWhiteSite
32594,21,17
timeStep,numberOfRobotsOnBlackSite,numberOfRobotsOnWhiteSite
32595,20,17
timeStep,numberOfRobotsOnBlackSite,numberOfRobotsOnWhiteSite
32596,20,17
timeStep,numberOfRobotsOnBlackSite,numberOfRobotsOnWhiteSite
32597,20,17
timeStep,numberOfRobotsOnBlackSite,numberOfRobotsOnWhiteSite
32598,20,17
timeStep,numberOfRobotsOnBlackSite,numberOfRobotsOnWhiteSite
32599,20,17
timeStep,numberOfRobotsOnBlackSite,numberOfRobotsOnWhiteSite
32600,20,17
timeStep,numberOfRobotsOnBlackSite,numberOfRobotsOnWhiteSite
32601,20,17
timeStep,numberOfRobotsOnBlackSite,numberOfRobotsOnWhiteSite
32602,20,17
timeStep,numberOfRobotsOnBlackSite,numberOfRobotsOnWhiteSite
32603,20,17
timeStep,numberOfRobotsOnBlackSite,numberOfRobotsOnWhiteSite
32604,20,17
timeStep,numberOfRobotsOnBlackSite,numberOfRobotsOnWhiteSite
32605,20,17
timeStep,numberOfRobotsOnBlackSite,numberOfRobotsOnWhiteSite
32606,20,17
timeStep,numberOfRobotsOnBlackSite,numberOfRobotsOnWhiteSite
32607,20,17
timeStep,numberOfRobotsOnBlackSite,numberOfRobotsOnWhiteSite
32608,20,17
timeStep,numberOfRobotsOnBlackSite,numberOfRobotsOnWhiteSite
32609,20,17
timeStep,numberOfRobotsOnBlackSite,numberOfRobotsOnWhiteSite
32610,20,17
timeStep,numberOfRobotsOnBlackSite,numberOfRobotsOnWhiteSite
32611,20,17
timeStep,numberOfRobotsOnBlackSite,numberOfRobotsOnWhiteSite
32612,20,17
timeStep,numberOfRobotsOnBlackSite,numberOfRobotsOnWhiteSite
32613,20,17
timeStep,numberOfRobotsOnBlackSite,numberOfRobotsOnWhiteSite
32614,20,17
timeStep,numberOfRobotsOnBlackSite,numberOfRobotsOnWhiteSite
32615,20,17
timeStep,numberOfRobotsOnBlackSite,numberOfRobotsOnWhiteSite
32616,20,17
timeStep,numberOfRobotsOnBlackSite,numberOfRobotsOnWhiteSite
32617,20,17
timeStep,numberOfRobotsOnBlackSite,numberOfRobotsOnWhiteSite
32618,20,17
timeStep,numberOfRobotsOnBlackSite,numberOfRobotsOnWhiteSite
32619,20,17
timeStep,numberOfRobotsOnBlackSite,numberOfRobotsOnWhiteSite
32620,20,17
timeStep,numberOfRobotsOnBlackSite,numberOfRobotsOnWhiteSite
32621,20,17
timeStep,numberOfRobotsOnBlackSite,numberOfRobotsOnWhiteSite
32622,20,17
timeStep,numberOfRobotsOnBlackSite,numberOfRobotsOnWhiteSite
32623,20,17
timeStep,numberOfRobotsOnBlackSite,numberOfRobotsOnWhiteSite
32624,20,17
timeStep,numberOfRobotsOnBlackSite,numberOfRobotsOnWhiteSite
32625,20,17
timeStep,numberOfRobotsOnBlackSite,numberOfRobotsOnWhiteSite
32626,20,17
timeStep,numberOfRobotsOnBlackSite,numberOfRobotsOnWhiteSite
32627,20,17
timeStep,numberOfRobotsOnBlackSite,numberOfRobotsOnWhiteSite
32628,20,17
timeStep,numberOfRobotsOnBlackSite,numberOfRobotsOnWhiteSite
32629,20,17
timeStep,numberOfRobotsOnBlackSite,numberOfRobotsOnWhiteSite
32630,20,17
timeStep,numberOfRobotsOnBlackSite,numberOfRobotsOnWhiteSite
32631,20,17
timeStep,numberOfRobotsOnBlackSite,numberOfRobotsOnWhiteSite
32632,20,17
timeStep,numberOfRobotsOnBlackSite,numberOfRobotsOnWhiteSite
32633,20,17
timeStep,numberOfRobotsOnBlackSite,numberOfRobotsOnWhiteSite
32634,20,17
timeStep,numberOfRobotsOnBlackSite,numberOfRobotsOnWhiteSite
32635,20,17
timeStep,numberOfRobotsOnBlackSite,numberOfRobotsOnWhiteSite
32636,20,17
timeStep,numberOfRobotsOnBlackSite,numberOfRobotsOnWhiteSite
32637,20,17
timeStep,numberOfRobotsOnBlackSite,numberOfRobotsOnWhiteSite
32638,20,17
timeStep,numberOfRobotsOnBlackSite,numberOfRobotsOnWhiteSite
32639,20,17
timeStep,numberOfRobotsOnBlackSite,numberOfRobotsOnWhiteSite
32640,20,17
timeStep,numberOfRobotsOnBlackSite,numberOfRobotsOnWhiteSite
32641,20,17
timeStep,numberOfRobotsOnBlackSite,numberOfRobotsOnWhiteSite
32642,20,17
timeStep,numberOfRobotsOnBlackSite,numberOfRobotsOnWhiteSite
32643,20,17
timeStep,numberOfRobotsOnBlackSite,numberOfRobotsOnWhiteSite
32644,20,17
timeStep,numberOfRobotsOnBlackSite,numberOfRobotsOnWhiteSite
32645,20,17
timeStep,numberOfRobotsOnBlackSite,numberOfRobotsOnWhiteSite
32646,20,17
timeStep,numberOfRobotsOnBlackSite,numberOfRobotsOnWhiteSite
32647,20,17
timeStep,numberOfRobotsOnBlackSite,numberOfRobotsOnWhiteSite
32648,20,17
timeStep,numberOfRobotsOnBlackSite,numberOfRobotsOnWhiteSite
32649,20,17
timeStep,numberOfRobotsOnBlackSite,numberOfRobotsOnWhiteSite
32650,20,17
timeStep,numberOfRobotsOnBlackSite,numberOfRobotsOnWhiteSite
32651,20,17
timeStep,numberOfRobotsOnBlackSite,numberOfRobotsOnWhiteSite
32652,20,17
timeStep,numberOfRobotsOnBlackSite,numberOfRobotsOnWhiteSite
32653,20,17
timeStep,numberOfRobotsOnBlackSite,numberOfRobotsOnWhiteSite
32654,20,17
timeStep,numberOfRobotsOnBlackSite,numberOfRobotsOnWhiteSite
32655,20,17
timeStep,numberOfRobotsOnBlackSite,numberOfRobotsOnWhiteSite
32656,20,17
timeStep,numberOfRobotsOnBlackSite,numberOfRobotsOnWhiteSite
32657,20,17
timeStep,numberOfRobotsOnBlackSite,numberOfRobotsOnWhiteSite
32658,20,17
timeStep,numberOfRobotsOnBlackSite,numberOfRobotsOnWhiteSite
32659,20,17
timeStep,numberOfRobotsOnBlackSite,numberOfRobotsOnWhiteSite
32660,20,17
timeStep,numberOfRobotsOnBlackSite,numberOfRobotsOnWhiteSite
32661,20,17
timeStep,numberOfRobotsOnBlackSite,numberOfRobotsOnWhiteSite
32662,20,17
timeStep,numberOfRobotsOnBlackSite,numberOfRobotsOnWhiteSite
32663,20,17
timeStep,numberOfRobotsOnBlackSite,numberOfRobotsOnWhiteSite
32664,20,17
timeStep,numberOfRobotsOnBlackSite,numberOfRobotsOnWhiteSite
32665,20,17
timeStep,numberOfRobotsOnBlackSite,numberOfRobotsOnWhiteSite
32666,20,17
timeStep,numberOfRobotsOnBlackSite,numberOfRobotsOnWhiteSite
32667,20,17
timeStep,numberOfRobotsOnBlackSite,numberOfRobotsOnWhiteSite
32668,20,17
timeStep,numberOfRobotsOnBlackSite,numberOfRobotsOnWhiteSite
32669,20,17
timeStep,numberOfRobotsOnBlackSite,numberOfRobotsOnWhiteSite
32670,20,17
timeStep,numberOfRobotsOnBlackSite,numberOfRobotsOnWhiteSite
32671,20,17
timeStep,numberOfRobotsOnBlackSite,numberOfRobotsOnWhiteSite
32672,20,17
timeStep,numberOfRobotsOnBlackSite,numberOfRobotsOnWhiteSite
32673,20,17
timeStep,numberOfRobotsOnBlackSite,numberOfRobotsOnWhiteSite
32674,20,17
timeStep,numberOfRobotsOnBlackSite,numberOfRobotsOnWhiteSite
32675,20,17
timeStep,numberOfRobotsOnBlackSite,numberOfRobotsOnWhiteSite
32676,20,17
timeStep,numberOfRobotsOnBlackSite,numberOfRobotsOnWhiteSite
32677,20,17
timeStep,numberOfRobotsOnBlackSite,numberOfRobotsOnWhiteSite
32678,20,17
timeStep,numberOfRobotsOnBlackSite,numberOfRobotsOnWhiteSite
32679,20,17
timeStep,numberOfRobotsOnBlackSite,numberOfRobotsOnWhiteSite
32680,19,17
timeStep,numberOfRobotsOnBlackSite,numberOfRobotsOnWhiteSite
32681,19,17
timeStep,numberOfRobotsOnBlackSite,numberOfRobotsOnWhiteSite
32682,19,17
timeStep,numberOfRobotsOnBlackSite,numberOfRobotsOnWhiteSite
32683,19,17
timeStep,numberOfRobotsOnBlackSite,numberOfRobotsOnWhiteSite
32684,19,17
timeStep,numberOfRobotsOnBlackSite,numberOfRobotsOnWhiteSite
32685,19,17
timeStep,numberOfRobotsOnBlackSite,numberOfRobotsOnWhiteSite
32686,19,17
timeStep,numberOfRobotsOnBlackSite,numberOfRobotsOnWhiteSite
32687,19,17
timeStep,numberOfRobotsOnBlackSite,numberOfRobotsOnWhiteSite
32688,19,17
timeStep,numberOfRobotsOnBlackSite,numberOfRobotsOnWhiteSite
32689,19,17
timeStep,numberOfRobotsOnBlackSite,numberOfRobotsOnWhiteSite
32690,19,17
timeStep,numberOfRobotsOnBlackSite,numberOfRobotsOnWhiteSite
32691,19,17
timeStep,numberOfRobotsOnBlackSite,numberOfRobotsOnWhiteSite
32692,19,17
timeStep,numberOfRobotsOnBlackSite,numberOfRobotsOnWhiteSite
32693,19,17
timeStep,numberOfRobotsOnBlackSite,numberOfRobotsOnWhiteSite
32694,19,17
timeStep,numberOfRobotsOnBlackSite,numberOfRobotsOnWhiteSite
32695,19,17
timeStep,numberOfRobotsOnBlackSite,numberOfRobotsOnWhiteSite
32696,19,17
timeStep,numberOfRobotsOnBlackSite,numberOfRobotsOnWhiteSite
32697,19,17
timeStep,numberOfRobotsOnBlackSite,numberOfRobotsOnWhiteSite
32698,19,17
timeStep,numberOfRobotsOnBlackSite,numberOfRobotsOnWhiteSite
32699,19,17
timeStep,numberOfRobotsOnBlackSite,numberOfRobotsOnWhiteSite
32700,19,17
timeStep,numberOfRobotsOnBlackSite,numberOfRobotsOnWhiteSite
32701,19,17
timeStep,numberOfRobotsOnBlackSite,numberOfRobotsOnWhiteSite
32702,19,17
timeStep,numberOfRobotsOnBlackSite,numberOfRobotsOnWhiteSite
32703,19,17
timeStep,numberOfRobotsOnBlackSite,numberOfRobotsOnWhiteSite
32704,19,17
timeStep,numberOfRobotsOnBlackSite,numberOfRobotsOnWhiteSite
32705,18,17
timeStep,numberOfRobotsOnBlackSite,numberOfRobotsOnWhiteSite
32706,18,17
timeStep,numberOfRobotsOnBlackSite,numberOfRobotsOnWhiteSite
32707,18,17
timeStep,numberOfRobotsOnBlackSite,numberOfRobotsOnWhiteSite
32708,18,17
timeStep,numberOfRobotsOnBlackSite,numberOfRobotsOnWhiteSite
32709,18,17
timeStep,numberOfRobotsOnBlackSite,numberOfRobotsOnWhiteSite
32710,18,17
timeStep,numberOfRobotsOnBlackSite,numberOfRobotsOnWhiteSite
32711,18,17
timeStep,numberOfRobotsOnBlackSite,numberOfRobotsOnWhiteSite
32712,18,17
timeStep,numberOfRobotsOnBlackSite,numberOfRobotsOnWhiteSite
32713,18,17
timeStep,numberOfRobotsOnBlackSite,numberOfRobotsOnWhiteSite
32714,18,17
timeStep,numberOfRobotsOnBlackSite,numberOfRobotsOnWhiteSite
32715,19,17
timeStep,numberOfRobotsOnBlackSite,numberOfRobotsOnWhiteSite
32716,19,17
timeStep,numberOfRobotsOnBlackSite,numberOfRobotsOnWhiteSite
32717,19,17
timeStep,numberOfRobotsOnBlackSite,numberOfRobotsOnWhiteSite
32718,19,17
timeStep,numberOfRobotsOnBlackSite,numberOfRobotsOnWhiteSite
32719,19,17
timeStep,numberOfRobotsOnBlackSite,numberOfRobotsOnWhiteSite
32720,19,17
timeStep,numberOfRobotsOnBlackSite,numberOfRobotsOnWhiteSite
32721,19,17
timeStep,numberOfRobotsOnBlackSite,numberOfRobotsOnWhiteSite
32722,19,17
timeStep,numberOfRobotsOnBlackSite,numberOfRobotsOnWhiteSite
32723,19,17
timeStep,numberOfRobotsOnBlackSite,numberOfRobotsOnWhiteSite
32724,19,17
timeStep,numberOfRobotsOnBlackSite,numberOfRobotsOnWhiteSite
32725,19,17
timeStep,numberOfRobotsOnBlackSite,numberOfRobotsOnWhiteSite
32726,19,17
timeStep,numberOfRobotsOnBlackSite,numberOfRobotsOnWhiteSite
32727,19,17
timeStep,numberOfRobotsOnBlackSite,numberOfRobotsOnWhiteSite
32728,19,17
timeStep,numberOfRobotsOnBlackSite,numberOfRobotsOnWhiteSite
32729,19,17
timeStep,numberOfRobotsOnBlackSite,numberOfRobotsOnWhiteSite
32730,19,17
timeStep,numberOfRobotsOnBlackSite,numberOfRobotsOnWhiteSite
32731,19,17
timeStep,numberOfRobotsOnBlackSite,numberOfRobotsOnWhiteSite
32732,19,17
timeStep,numberOfRobotsOnBlackSite,numberOfRobotsOnWhiteSite
32733,19,17
timeStep,numberOfRobotsOnBlackSite,numberOfRobotsOnWhiteSite
32734,19,17
timeStep,numberOfRobotsOnBlackSite,numberOfRobotsOnWhiteSite
32735,19,17
timeStep,numberOfRobotsOnBlackSite,numberOfRobotsOnWhiteSite
32736,19,17
timeStep,numberOfRobotsOnBlackSite,numberOfRobotsOnWhiteSite
32737,19,17
timeStep,numberOfRobotsOnBlackSite,numberOfRobotsOnWhiteSite
32738,19,17
timeStep,numberOfRobotsOnBlackSite,numberOfRobotsOnWhiteSite
32739,19,17
timeStep,numberOfRobotsOnBlackSite,numberOfRobotsOnWhiteSite
32740,19,17
timeStep,numberOfRobotsOnBlackSite,numberOfRobotsOnWhiteSite
32741,19,17
timeStep,numberOfRobotsOnBlackSite,numberOfRobotsOnWhiteSite
32742,19,17
timeStep,numberOfRobotsOnBlackSite,numberOfRobotsOnWhiteSite
32743,19,17
timeStep,numberOfRobotsOnBlackSite,numberOfRobotsOnWhiteSite
32744,19,17
timeStep,numberOfRobotsOnBlackSite,numberOfRobotsOnWhiteSite
32745,19,17
timeStep,numberOfRobotsOnBlackSite,numberOfRobotsOnWhiteSite
32746,19,17
timeStep,numberOfRobotsOnBlackSite,numberOfRobotsOnWhiteSite
32747,19,17
timeStep,numberOfRobotsOnBlackSite,numberOfRobotsOnWhiteSite
32748,19,17
timeStep,numberOfRobotsOnBlackSite,numberOfRobotsOnWhiteSite
32749,19,17
timeStep,numberOfRobotsOnBlackSite,numberOfRobotsOnWhiteSite
32750,19,17
timeStep,numberOfRobotsOnBlackSite,numberOfRobotsOnWhiteSite
32751,19,17
timeStep,numberOfRobotsOnBlackSite,numberOfRobotsOnWhiteSite
32752,19,17
timeStep,numberOfRobotsOnBlackSite,numberOfRobotsOnWhiteSite
32753,19,17
timeStep,numberOfRobotsOnBlackSite,numberOfRobotsOnWhiteSite
32754,19,17
timeStep,numberOfRobotsOnBlackSite,numberOfRobotsOnWhiteSite
32755,19,17
timeStep,numberOfRobotsOnBlackSite,numberOfRobotsOnWhiteSite
32756,19,17
timeStep,numberOfRobotsOnBlackSite,numberOfRobotsOnWhiteSite
32757,19,17
timeStep,numberOfRobotsOnBlackSite,numberOfRobotsOnWhiteSite
32758,19,17
timeStep,numberOfRobotsOnBlackSite,numberOfRobotsOnWhiteSite
32759,19,17
timeStep,numberOfRobotsOnBlackSite,numberOfRobotsOnWhiteSite
32760,19,17
timeStep,numberOfRobotsOnBlackSite,numberOfRobotsOnWhiteSite
32761,19,17
timeStep,numberOfRobotsOnBlackSite,numberOfRobotsOnWhiteSite
32762,19,17
timeStep,numberOfRobotsOnBlackSite,numberOfRobotsOnWhiteSite
32763,19,17
timeStep,numberOfRobotsOnBlackSite,numberOfRobotsOnWhiteSite
32764,19,17
timeStep,numberOfRobotsOnBlackSite,numberOfRobotsOnWhiteSite
32765,19,17
timeStep,numberOfRobotsOnBlackSite,numberOfRobotsOnWhiteSite
32766,19,17
timeStep,numberOfRobotsOnBlackSite,numberOfRobotsOnWhiteSite
32767,19,17
timeStep,numberOfRobotsOnBlackSite,numberOfRobotsOnWhiteSite
32768,19,17
timeStep,numberOfRobotsOnBlackSite,numberOfRobotsOnWhiteSite
32769,19,17
timeStep,numberOfRobotsOnBlackSite,numberOfRobotsOnWhiteSite
32770,19,17
timeStep,numberOfRobotsOnBlackSite,numberOfRobotsOnWhiteSite
32771,19,17
timeStep,numberOfRobotsOnBlackSite,numberOfRobotsOnWhiteSite
32772,19,17
timeStep,numberOfRobotsOnBlackSite,numberOfRobotsOnWhiteSite
32773,19,17
timeStep,numberOfRobotsOnBlackSite,numberOfRobotsOnWhiteSite
32774,19,17
timeStep,numberOfRobotsOnBlackSite,numberOfRobotsOnWhiteSite
32775,19,18
timeStep,numberOfRobotsOnBlackSite,numberOfRobotsOnWhiteSite
32776,19,18
timeStep,numberOfRobotsOnBlackSite,numberOfRobotsOnWhiteSite
32777,19,18
timeStep,numberOfRobotsOnBlackSite,numberOfRobotsOnWhiteSite
32778,19,18
timeStep,numberOfRobotsOnBlackSite,numberOfRobotsOnWhiteSite
32779,19,18
timeStep,numberOfRobotsOnBlackSite,numberOfRobotsOnWhiteSite
32780,20,19
timeStep,numberOfRobotsOnBlackSite,numberOfRobotsOnWhiteSite
32781,20,19
timeStep,numberOfRobotsOnBlackSite,numberOfRobotsOnWhiteSite
32782,20,19
timeStep,numberOfRobotsOnBlackSite,numberOfRobotsOnWhiteSite
32783,20,19
timeStep,numberOfRobotsOnBlackSite,numberOfRobotsOnWhiteSite
32784,20,19
timeStep,numberOfRobotsOnBlackSite,numberOfRobotsOnWhiteSite
32785,20,19
timeStep,numberOfRobotsOnBlackSite,numberOfRobotsOnWhiteSite
32786,20,19
timeStep,numberOfRobotsOnBlackSite,numberOfRobotsOnWhiteSite
32787,20,19
timeStep,numberOfRobotsOnBlackSite,numberOfRobotsOnWhiteSite
32788,20,19
timeStep,numberOfRobotsOnBlackSite,numberOfRobotsOnWhiteSite
32789,20,19
timeStep,numberOfRobotsOnBlackSite,numberOfRobotsOnWhiteSite
32790,20,19
timeStep,numberOfRobotsOnBlackSite,numberOfRobotsOnWhiteSite
32791,20,19
timeStep,numberOfRobotsOnBlackSite,numberOfRobotsOnWhiteSite
32792,20,19
timeStep,numberOfRobotsOnBlackSite,numberOfRobotsOnWhiteSite
32793,20,19
timeStep,numberOfRobotsOnBlackSite,numberOfRobotsOnWhiteSite
32794,20,19
timeStep,numberOfRobotsOnBlackSite,numberOfRobotsOnWhiteSite
32795,20,19
timeStep,numberOfRobotsOnBlackSite,numberOfRobotsOnWhiteSite
32796,20,19
timeStep,numberOfRobotsOnBlackSite,numberOfRobotsOnWhiteSite
32797,20,19
timeStep,numberOfRobotsOnBlackSite,numberOfRobotsOnWhiteSite
32798,20,19
timeStep,numberOfRobotsOnBlackSite,numberOfRobotsOnWhiteSite
32799,20,19
timeStep,numberOfRobotsOnBlackSite,numberOfRobotsOnWhiteSite
32800,20,19
timeStep,numberOfRobotsOnBlackSite,numberOfRobotsOnWhiteSite
32801,20,19
timeStep,numberOfRobotsOnBlackSite,numberOfRobotsOnWhiteSite
32802,20,19
timeStep,numberOfRobotsOnBlackSite,numberOfRobotsOnWhiteSite
32803,20,19
timeStep,numberOfRobotsOnBlackSite,numberOfRobotsOnWhiteSite
32804,20,19
timeStep,numberOfRobotsOnBlackSite,numberOfRobotsOnWhiteSite
32805,19,19
timeStep,numberOfRobotsOnBlackSite,numberOfRobotsOnWhiteSite
32806,19,19
timeStep,numberOfRobotsOnBlackSite,numberOfRobotsOnWhiteSite
32807,19,19
timeStep,numberOfRobotsOnBlackSite,numberOfRobotsOnWhiteSite
32808,19,19
timeStep,numberOfRobotsOnBlackSite,numberOfRobotsOnWhiteSite
32809,19,19
timeStep,numberOfRobotsOnBlackSite,numberOfRobotsOnWhiteSite
32810,19,19
timeStep,numberOfRobotsOnBlackSite,numberOfRobotsOnWhiteSite
32811,19,19
timeStep,numberOfRobotsOnBlackSite,numberOfRobotsOnWhiteSite
32812,19,19
timeStep,numberOfRobotsOnBlackSite,numberOfRobotsOnWhiteSite
32813,19,19
timeStep,numberOfRobotsOnBlackSite,numberOfRobotsOnWhiteSite
32814,19,19
timeStep,numberOfRobotsOnBlackSite,numberOfRobotsOnWhiteSite
32815,19,18
timeStep,numberOfRobotsOnBlackSite,numberOfRobotsOnWhiteSite
32816,19,18
timeStep,numberOfRobotsOnBlackSite,numberOfRobotsOnWhiteSite
32817,19,18
timeStep,numberOfRobotsOnBlackSite,numberOfRobotsOnWhiteSite
32818,19,18
timeStep,numberOfRobotsOnBlackSite,numberOfRobotsOnWhiteSite
32819,19,18
timeStep,numberOfRobotsOnBlackSite,numberOfRobotsOnWhiteSite
32820,19,18
timeStep,numberOfRobotsOnBlackSite,numberOfRobotsOnWhiteSite
32821,19,18
timeStep,numberOfRobotsOnBlackSite,numberOfRobotsOnWhiteSite
32822,19,18
timeStep,numberOfRobotsOnBlackSite,numberOfRobotsOnWhiteSite
32823,19,18
timeStep,numberOfRobotsOnBlackSite,numberOfRobotsOnWhiteSite
32824,19,18
timeStep,numberOfRobotsOnBlackSite,numberOfRobotsOnWhiteSite
32825,19,18
timeStep,numberOfRobotsOnBlackSite,numberOfRobotsOnWhiteSite
32826,19,18
timeStep,numberOfRobotsOnBlackSite,numberOfRobotsOnWhiteSite
32827,19,18
timeStep,numberOfRobotsOnBlackSite,numberOfRobotsOnWhiteSite
32828,19,18
timeStep,numberOfRobotsOnBlackSite,numberOfRobotsOnWhiteSite
32829,19,18
timeStep,numberOfRobotsOnBlackSite,numberOfRobotsOnWhiteSite
32830,19,17
timeStep,numberOfRobotsOnBlackSite,numberOfRobotsOnWhiteSite
32831,19,17
timeStep,numberOfRobotsOnBlackSite,numberOfRobotsOnWhiteSite
32832,19,17
timeStep,numberOfRobotsOnBlackSite,numberOfRobotsOnWhiteSite
32833,19,17
timeStep,numberOfRobotsOnBlackSite,numberOfRobotsOnWhiteSite
32834,19,17
timeStep,numberOfRobotsOnBlackSite,numberOfRobotsOnWhiteSite
32835,18,17
timeStep,numberOfRobotsOnBlackSite,numberOfRobotsOnWhiteSite
32836,18,17
timeStep,numberOfRobotsOnBlackSite,numberOfRobotsOnWhiteSite
32837,18,17
timeStep,numberOfRobotsOnBlackSite,numberOfRobotsOnWhiteSite
32838,18,17
timeStep,numberOfRobotsOnBlackSite,numberOfRobotsOnWhiteSite
32839,18,17
timeStep,numberOfRobotsOnBlackSite,numberOfRobotsOnWhiteSite
32840,18,17
timeStep,numberOfRobotsOnBlackSite,numberOfRobotsOnWhiteSite
32841,18,17
timeStep,numberOfRobotsOnBlackSite,numberOfRobotsOnWhiteSite
32842,18,17
timeStep,numberOfRobotsOnBlackSite,numberOfRobotsOnWhiteSite
32843,18,17
timeStep,numberOfRobotsOnBlackSite,numberOfRobotsOnWhiteSite
32844,18,17
timeStep,numberOfRobotsOnBlackSite,numberOfRobotsOnWhiteSite
32845,18,17
timeStep,numberOfRobotsOnBlackSite,numberOfRobotsOnWhiteSite
32846,18,17
timeStep,numberOfRobotsOnBlackSite,numberOfRobotsOnWhiteSite
32847,18,17
timeStep,numberOfRobotsOnBlackSite,numberOfRobotsOnWhiteSite
32848,18,17
timeStep,numberOfRobotsOnBlackSite,numberOfRobotsOnWhiteSite
32849,18,17
timeStep,numberOfRobotsOnBlackSite,numberOfRobotsOnWhiteSite
32850,18,17
timeStep,numberOfRobotsOnBlackSite,numberOfRobotsOnWhiteSite
32851,18,17
timeStep,numberOfRobotsOnBlackSite,numberOfRobotsOnWhiteSite
32852,18,17
timeStep,numberOfRobotsOnBlackSite,numberOfRobotsOnWhiteSite
32853,18,17
timeStep,numberOfRobotsOnBlackSite,numberOfRobotsOnWhiteSite
32854,18,17
timeStep,numberOfRobotsOnBlackSite,numberOfRobotsOnWhiteSite
32855,18,18
timeStep,numberOfRobotsOnBlackSite,numberOfRobotsOnWhiteSite
32856,18,18
timeStep,numberOfRobotsOnBlackSite,numberOfRobotsOnWhiteSite
32857,18,18
timeStep,numberOfRobotsOnBlackSite,numberOfRobotsOnWhiteSite
32858,18,18
timeStep,numberOfRobotsOnBlackSite,numberOfRobotsOnWhiteSite
32859,18,18
timeStep,numberOfRobotsOnBlackSite,numberOfRobotsOnWhiteSite
32860,18,18
timeStep,numberOfRobotsOnBlackSite,numberOfRobotsOnWhiteSite
32861,18,18
timeStep,numberOfRobotsOnBlackSite,numberOfRobotsOnWhiteSite
32862,18,18
timeStep,numberOfRobotsOnBlackSite,numberOfRobotsOnWhiteSite
32863,18,18
timeStep,numberOfRobotsOnBlackSite,numberOfRobotsOnWhiteSite
32864,18,18
timeStep,numberOfRobotsOnBlackSite,numberOfRobotsOnWhiteSite
32865,19,18
timeStep,numberOfRobotsOnBlackSite,numberOfRobotsOnWhiteSite
32866,19,18
timeStep,numberOfRobotsOnBlackSite,numberOfRobotsOnWhiteSite
32867,19,18
timeStep,numberOfRobotsOnBlackSite,numberOfRobotsOnWhiteSite
32868,19,18
timeStep,numberOfRobotsOnBlackSite,numberOfRobotsOnWhiteSite
32869,19,18
timeStep,numberOfRobotsOnBlackSite,numberOfRobotsOnWhiteSite
32870,19,18
timeStep,numberOfRobotsOnBlackSite,numberOfRobotsOnWhiteSite
32871,19,18
timeStep,numberOfRobotsOnBlackSite,numberOfRobotsOnWhiteSite
32872,19,18
timeStep,numberOfRobotsOnBlackSite,numberOfRobotsOnWhiteSite
32873,19,18
timeStep,numberOfRobotsOnBlackSite,numberOfRobotsOnWhiteSite
32874,19,18
timeStep,numberOfRobotsOnBlackSite,numberOfRobotsOnWhiteSite
32875,20,18
timeStep,numberOfRobotsOnBlackSite,numberOfRobotsOnWhiteSite
32876,20,18
timeStep,numberOfRobotsOnBlackSite,numberOfRobotsOnWhiteSite
32877,20,18
timeStep,numberOfRobotsOnBlackSite,numberOfRobotsOnWhiteSite
32878,20,18
timeStep,numberOfRobotsOnBlackSite,numberOfRobotsOnWhiteSite
32879,20,18
timeStep,numberOfRobotsOnBlackSite,numberOfRobotsOnWhiteSite
32880,20,18
timeStep,numberOfRobotsOnBlackSite,numberOfRobotsOnWhiteSite
32881,20,18
timeStep,numberOfRobotsOnBlackSite,numberOfRobotsOnWhiteSite
32882,20,18
timeStep,numberOfRobotsOnBlackSite,numberOfRobotsOnWhiteSite
32883,20,18
timeStep,numberOfRobotsOnBlackSite,numberOfRobotsOnWhiteSite
32884,20,18
timeStep,numberOfRobotsOnBlackSite,numberOfRobotsOnWhiteSite
32885,20,18
timeStep,numberOfRobotsOnBlackSite,numberOfRobotsOnWhiteSite
32886,20,18
timeStep,numberOfRobotsOnBlackSite,numberOfRobotsOnWhiteSite
32887,20,18
timeStep,numberOfRobotsOnBlackSite,numberOfRobotsOnWhiteSite
32888,20,18
timeStep,numberOfRobotsOnBlackSite,numberOfRobotsOnWhiteSite
32889,20,18
timeStep,numberOfRobotsOnBlackSite,numberOfRobotsOnWhiteSite
32890,20,18
timeStep,numberOfRobotsOnBlackSite,numberOfRobotsOnWhiteSite
32891,20,18
timeStep,numberOfRobotsOnBlackSite,numberOfRobotsOnWhiteSite
32892,20,18
timeStep,numberOfRobotsOnBlackSite,numberOfRobotsOnWhiteSite
32893,20,18
timeStep,numberOfRobotsOnBlackSite,numberOfRobotsOnWhiteSite
32894,20,18
timeStep,numberOfRobotsOnBlackSite,numberOfRobotsOnWhiteSite
32895,21,18
timeStep,numberOfRobotsOnBlackSite,numberOfRobotsOnWhiteSite
32896,21,18
timeStep,numberOfRobotsOnBlackSite,numberOfRobotsOnWhiteSite
32897,21,18
timeStep,numberOfRobotsOnBlackSite,numberOfRobotsOnWhiteSite
32898,21,18
timeStep,numberOfRobotsOnBlackSite,numberOfRobotsOnWhiteSite
32899,21,18
timeStep,numberOfRobotsOnBlackSite,numberOfRobotsOnWhiteSite
32900,21,18
timeStep,numberOfRobotsOnBlackSite,numberOfRobotsOnWhiteSite
32901,21,18
timeStep,numberOfRobotsOnBlackSite,numberOfRobotsOnWhiteSite
32902,21,18
timeStep,numberOfRobotsOnBlackSite,numberOfRobotsOnWhiteSite
32903,21,18
timeStep,numberOfRobotsOnBlackSite,numberOfRobotsOnWhiteSite
32904,21,18
timeStep,numberOfRobotsOnBlackSite,numberOfRobotsOnWhiteSite
32905,20,18
timeStep,numberOfRobotsOnBlackSite,numberOfRobotsOnWhiteSite
32906,20,18
timeStep,numberOfRobotsOnBlackSite,numberOfRobotsOnWhiteSite
32907,20,18
timeStep,numberOfRobotsOnBlackSite,numberOfRobotsOnWhiteSite
32908,20,18
timeStep,numberOfRobotsOnBlackSite,numberOfRobotsOnWhiteSite
32909,20,18
timeStep,numberOfRobotsOnBlackSite,numberOfRobotsOnWhiteSite
32910,20,18
timeStep,numberOfRobotsOnBlackSite,numberOfRobotsOnWhiteSite
32911,20,18
timeStep,numberOfRobotsOnBlackSite,numberOfRobotsOnWhiteSite
32912,20,18
timeStep,numberOfRobotsOnBlackSite,numberOfRobotsOnWhiteSite
32913,20,18
timeStep,numberOfRobotsOnBlackSite,numberOfRobotsOnWhiteSite
32914,20,18
timeStep,numberOfRobotsOnBlackSite,numberOfRobotsOnWhiteSite
32915,20,18
timeStep,numberOfRobotsOnBlackSite,numberOfRobotsOnWhiteSite
32916,20,18
timeStep,numberOfRobotsOnBlackSite,numberOfRobotsOnWhiteSite
32917,20,18
timeStep,numberOfRobotsOnBlackSite,numberOfRobotsOnWhiteSite
32918,20,18
timeStep,numberOfRobotsOnBlackSite,numberOfRobotsOnWhiteSite
32919,20,18
timeStep,numberOfRobotsOnBlackSite,numberOfRobotsOnWhiteSite
32920,20,18
timeStep,numberOfRobotsOnBlackSite,numberOfRobotsOnWhiteSite
32921,20,18
timeStep,numberOfRobotsOnBlackSite,numberOfRobotsOnWhiteSite
32922,20,18
timeStep,numberOfRobotsOnBlackSite,numberOfRobotsOnWhiteSite
32923,20,18
timeStep,numberOfRobotsOnBlackSite,numberOfRobotsOnWhiteSite
32924,20,18
timeStep,numberOfRobotsOnBlackSite,numberOfRobotsOnWhiteSite
32925,20,18
timeStep,numberOfRobotsOnBlackSite,numberOfRobotsOnWhiteSite
32926,20,18
timeStep,numberOfRobotsOnBlackSite,numberOfRobotsOnWhiteSite
32927,20,18
timeStep,numberOfRobotsOnBlackSite,numberOfRobotsOnWhiteSite
32928,20,18
timeStep,numberOfRobotsOnBlackSite,numberOfRobotsOnWhiteSite
32929,20,18
timeStep,numberOfRobotsOnBlackSite,numberOfRobotsOnWhiteSite
32930,20,18
timeStep,numberOfRobotsOnBlackSite,numberOfRobotsOnWhiteSite
32931,20,18
timeStep,numberOfRobotsOnBlackSite,numberOfRobotsOnWhiteSite
32932,20,18
timeStep,numberOfRobotsOnBlackSite,numberOfRobotsOnWhiteSite
32933,20,18
timeStep,numberOfRobotsOnBlackSite,numberOfRobotsOnWhiteSite
32934,20,18
timeStep,numberOfRobotsOnBlackSite,numberOfRobotsOnWhiteSite
32935,20,18
timeStep,numberOfRobotsOnBlackSite,numberOfRobotsOnWhiteSite
32936,20,18
timeStep,numberOfRobotsOnBlackSite,numberOfRobotsOnWhiteSite
32937,20,18
timeStep,numberOfRobotsOnBlackSite,numberOfRobotsOnWhiteSite
32938,20,18
timeStep,numberOfRobotsOnBlackSite,numberOfRobotsOnWhiteSite
32939,20,18
timeStep,numberOfRobotsOnBlackSite,numberOfRobotsOnWhiteSite
32940,20,18
timeStep,numberOfRobotsOnBlackSite,numberOfRobotsOnWhiteSite
32941,20,18
timeStep,numberOfRobotsOnBlackSite,numberOfRobotsOnWhiteSite
32942,20,18
timeStep,numberOfRobotsOnBlackSite,numberOfRobotsOnWhiteSite
32943,20,18
timeStep,numberOfRobotsOnBlackSite,numberOfRobotsOnWhiteSite
32944,20,18
timeStep,numberOfRobotsOnBlackSite,numberOfRobotsOnWhiteSite
32945,20,18
timeStep,numberOfRobotsOnBlackSite,numberOfRobotsOnWhiteSite
32946,20,18
timeStep,numberOfRobotsOnBlackSite,numberOfRobotsOnWhiteSite
32947,20,18
timeStep,numberOfRobotsOnBlackSite,numberOfRobotsOnWhiteSite
32948,20,18
timeStep,numberOfRobotsOnBlackSite,numberOfRobotsOnWhiteSite
32949,20,18
timeStep,numberOfRobotsOnBlackSite,numberOfRobotsOnWhiteSite
32950,20,18
timeStep,numberOfRobotsOnBlackSite,numberOfRobotsOnWhiteSite
32951,20,18
timeStep,numberOfRobotsOnBlackSite,numberOfRobotsOnWhiteSite
32952,20,18
timeStep,numberOfRobotsOnBlackSite,numberOfRobotsOnWhiteSite
32953,20,18
timeStep,numberOfRobotsOnBlackSite,numberOfRobotsOnWhiteSite
32954,20,18
timeStep,numberOfRobotsOnBlackSite,numberOfRobotsOnWhiteSite
32955,20,18
timeStep,numberOfRobotsOnBlackSite,numberOfRobotsOnWhiteSite
32956,20,18
timeStep,numberOfRobotsOnBlackSite,numberOfRobotsOnWhiteSite
32957,20,18
timeStep,numberOfRobotsOnBlackSite,numberOfRobotsOnWhiteSite
32958,20,18
timeStep,numberOfRobotsOnBlackSite,numberOfRobotsOnWhiteSite
32959,20,18
timeStep,numberOfRobotsOnBlackSite,numberOfRobotsOnWhiteSite
32960,20,18
timeStep,numberOfRobotsOnBlackSite,numberOfRobotsOnWhiteSite
32961,20,18
timeStep,numberOfRobotsOnBlackSite,numberOfRobotsOnWhiteSite
32962,20,18
timeStep,numberOfRobotsOnBlackSite,numberOfRobotsOnWhiteSite
32963,20,18
timeStep,numberOfRobotsOnBlackSite,numberOfRobotsOnWhiteSite
32964,20,18
timeStep,numberOfRobotsOnBlackSite,numberOfRobotsOnWhiteSite
32965,20,18
timeStep,numberOfRobotsOnBlackSite,numberOfRobotsOnWhiteSite
32966,20,18
timeStep,numberOfRobotsOnBlackSite,numberOfRobotsOnWhiteSite
32967,20,18
timeStep,numberOfRobotsOnBlackSite,numberOfRobotsOnWhiteSite
32968,20,18
timeStep,numberOfRobotsOnBlackSite,numberOfRobotsOnWhiteSite
32969,20,18
timeStep,numberOfRobotsOnBlackSite,numberOfRobotsOnWhiteSite
32970,20,18
timeStep,numberOfRobotsOnBlackSite,numberOfRobotsOnWhiteSite
32971,20,18
timeStep,numberOfRobotsOnBlackSite,numberOfRobotsOnWhiteSite
32972,20,18
timeStep,numberOfRobotsOnBlackSite,numberOfRobotsOnWhiteSite
32973,20,18
timeStep,numberOfRobotsOnBlackSite,numberOfRobotsOnWhiteSite
32974,20,18
timeStep,numberOfRobotsOnBlackSite,numberOfRobotsOnWhiteSite
32975,20,18
timeStep,numberOfRobotsOnBlackSite,numberOfRobotsOnWhiteSite
32976,20,18
timeStep,numberOfRobotsOnBlackSite,numberOfRobotsOnWhiteSite
32977,20,18
timeStep,numberOfRobotsOnBlackSite,numberOfRobotsOnWhiteSite
32978,20,18
timeStep,numberOfRobotsOnBlackSite,numberOfRobotsOnWhiteSite
32979,20,18
timeStep,numberOfRobotsOnBlackSite,numberOfRobotsOnWhiteSite
32980,20,18
timeStep,numberOfRobotsOnBlackSite,numberOfRobotsOnWhiteSite
32981,20,18
timeStep,numberOfRobotsOnBlackSite,numberOfRobotsOnWhiteSite
32982,20,18
timeStep,numberOfRobotsOnBlackSite,numberOfRobotsOnWhiteSite
32983,20,18
timeStep,numberOfRobotsOnBlackSite,numberOfRobotsOnWhiteSite
32984,20,18
timeStep,numberOfRobotsOnBlackSite,numberOfRobotsOnWhiteSite
32985,20,18
timeStep,numberOfRobotsOnBlackSite,numberOfRobotsOnWhiteSite
32986,20,18
timeStep,numberOfRobotsOnBlackSite,numberOfRobotsOnWhiteSite
32987,20,18
timeStep,numberOfRobotsOnBlackSite,numberOfRobotsOnWhiteSite
32988,20,18
timeStep,numberOfRobotsOnBlackSite,numberOfRobotsOnWhiteSite
32989,20,18
timeStep,numberOfRobotsOnBlackSite,numberOfRobotsOnWhiteSite
32990,20,18
timeStep,numberOfRobotsOnBlackSite,numberOfRobotsOnWhiteSite
32991,20,18
timeStep,numberOfRobotsOnBlackSite,numberOfRobotsOnWhiteSite
32992,20,18
timeStep,numberOfRobotsOnBlackSite,numberOfRobotsOnWhiteSite
32993,20,18
timeStep,numberOfRobotsOnBlackSite,numberOfRobotsOnWhiteSite
32994,20,18
timeStep,numberOfRobotsOnBlackSite,numberOfRobotsOnWhiteSite
32995,19,18
timeStep,numberOfRobotsOnBlackSite,numberOfRobotsOnWhiteSite
32996,19,18
timeStep,numberOfRobotsOnBlackSite,numberOfRobotsOnWhiteSite
32997,19,18
timeStep,numberOfRobotsOnBlackSite,numberOfRobotsOnWhiteSite
32998,19,18
timeStep,numberOfRobotsOnBlackSite,numberOfRobotsOnWhiteSite
32999,19,18
timeStep,numberOfRobotsOnBlackSite,numberOfRobotsOnWhiteSite
33000,19,18
timeStep,numberOfRobotsOnBlackSite,numberOfRobotsOnWhiteSite
33001,19,18
timeStep,numberOfRobotsOnBlackSite,numberOfRobotsOnWhiteSite
33002,19,18
timeStep,numberOfRobotsOnBlackSite,numberOfRobotsOnWhiteSite
33003,19,18
timeStep,numberOfRobotsOnBlackSite,numberOfRobotsOnWhiteSite
33004,19,18
timeStep,numberOfRobotsOnBlackSite,numberOfRobotsOnWhiteSite
33005,19,18
timeStep,numberOfRobotsOnBlackSite,numberOfRobotsOnWhiteSite
33006,19,18
timeStep,numberOfRobotsOnBlackSite,numberOfRobotsOnWhiteSite
33007,19,18
timeStep,numberOfRobotsOnBlackSite,numberOfRobotsOnWhiteSite
33008,19,18
timeStep,numberOfRobotsOnBlackSite,numberOfRobotsOnWhiteSite
33009,19,18
timeStep,numberOfRobotsOnBlackSite,numberOfRobotsOnWhiteSite
33010,19,18
timeStep,numberOfRobotsOnBlackSite,numberOfRobotsOnWhiteSite
33011,19,18
timeStep,numberOfRobotsOnBlackSite,numberOfRobotsOnWhiteSite
33012,19,18
timeStep,numberOfRobotsOnBlackSite,numberOfRobotsOnWhiteSite
33013,19,18
timeStep,numberOfRobotsOnBlackSite,numberOfRobotsOnWhiteSite
33014,19,18
timeStep,numberOfRobotsOnBlackSite,numberOfRobotsOnWhiteSite
33015,19,18
timeStep,numberOfRobotsOnBlackSite,numberOfRobotsOnWhiteSite
33016,19,18
timeStep,numberOfRobotsOnBlackSite,numberOfRobotsOnWhiteSite
33017,19,18
timeStep,numberOfRobotsOnBlackSite,numberOfRobotsOnWhiteSite
33018,19,18
timeStep,numberOfRobotsOnBlackSite,numberOfRobotsOnWhiteSite
33019,19,18
timeStep,numberOfRobotsOnBlackSite,numberOfRobotsOnWhiteSite
33020,19,18
timeStep,numberOfRobotsOnBlackSite,numberOfRobotsOnWhiteSite
33021,19,18
timeStep,numberOfRobotsOnBlackSite,numberOfRobotsOnWhiteSite
33022,19,18
timeStep,numberOfRobotsOnBlackSite,numberOfRobotsOnWhiteSite
33023,19,18
timeStep,numberOfRobotsOnBlackSite,numberOfRobotsOnWhiteSite
33024,19,18
timeStep,numberOfRobotsOnBlackSite,numberOfRobotsOnWhiteSite
33025,20,18
timeStep,numberOfRobotsOnBlackSite,numberOfRobotsOnWhiteSite
33026,20,18
timeStep,numberOfRobotsOnBlackSite,numberOfRobotsOnWhiteSite
33027,20,18
timeStep,numberOfRobotsOnBlackSite,numberOfRobotsOnWhiteSite
33028,20,18
timeStep,numberOfRobotsOnBlackSite,numberOfRobotsOnWhiteSite
33029,20,18
timeStep,numberOfRobotsOnBlackSite,numberOfRobotsOnWhiteSite
33030,20,18
timeStep,numberOfRobotsOnBlackSite,numberOfRobotsOnWhiteSite
33031,20,18
timeStep,numberOfRobotsOnBlackSite,numberOfRobotsOnWhiteSite
33032,20,18
timeStep,numberOfRobotsOnBlackSite,numberOfRobotsOnWhiteSite
33033,20,18
timeStep,numberOfRobotsOnBlackSite,numberOfRobotsOnWhiteSite
33034,20,18
timeStep,numberOfRobotsOnBlackSite,numberOfRobotsOnWhiteSite
33035,20,18
timeStep,numberOfRobotsOnBlackSite,numberOfRobotsOnWhiteSite
33036,20,18
timeStep,numberOfRobotsOnBlackSite,numberOfRobotsOnWhiteSite
33037,20,18
timeStep,numberOfRobotsOnBlackSite,numberOfRobotsOnWhiteSite
33038,20,18
timeStep,numberOfRobotsOnBlackSite,numberOfRobotsOnWhiteSite
33039,20,18
timeStep,numberOfRobotsOnBlackSite,numberOfRobotsOnWhiteSite
33040,20,18
timeStep,numberOfRobotsOnBlackSite,numberOfRobotsOnWhiteSite
33041,20,18
timeStep,numberOfRobotsOnBlackSite,numberOfRobotsOnWhiteSite
33042,20,18
timeStep,numberOfRobotsOnBlackSite,numberOfRobotsOnWhiteSite
33043,20,18
timeStep,numberOfRobotsOnBlackSite,numberOfRobotsOnWhiteSite
33044,20,18
timeStep,numberOfRobotsOnBlackSite,numberOfRobotsOnWhiteSite
33045,20,18
timeStep,numberOfRobotsOnBlackSite,numberOfRobotsOnWhiteSite
33046,20,18
timeStep,numberOfRobotsOnBlackSite,numberOfRobotsOnWhiteSite
33047,20,18
timeStep,numberOfRobotsOnBlackSite,numberOfRobotsOnWhiteSite
33048,20,18
timeStep,numberOfRobotsOnBlackSite,numberOfRobotsOnWhiteSite
33049,20,18
timeStep,numberOfRobotsOnBlackSite,numberOfRobotsOnWhiteSite
33050,20,18
timeStep,numberOfRobotsOnBlackSite,numberOfRobotsOnWhiteSite
33051,20,18
timeStep,numberOfRobotsOnBlackSite,numberOfRobotsOnWhiteSite
33052,20,18
timeStep,numberOfRobotsOnBlackSite,numberOfRobotsOnWhiteSite
33053,20,18
timeStep,numberOfRobotsOnBlackSite,numberOfRobotsOnWhiteSite
33054,20,18
timeStep,numberOfRobotsOnBlackSite,numberOfRobotsOnWhiteSite
33055,20,18
timeStep,numberOfRobotsOnBlackSite,numberOfRobotsOnWhiteSite
33056,20,18
timeStep,numberOfRobotsOnBlackSite,numberOfRobotsOnWhiteSite
33057,20,18
timeStep,numberOfRobotsOnBlackSite,numberOfRobotsOnWhiteSite
33058,20,18
timeStep,numberOfRobotsOnBlackSite,numberOfRobotsOnWhiteSite
33059,20,18
timeStep,numberOfRobotsOnBlackSite,numberOfRobotsOnWhiteSite
33060,20,18
timeStep,numberOfRobotsOnBlackSite,numberOfRobotsOnWhiteSite
33061,20,18
timeStep,numberOfRobotsOnBlackSite,numberOfRobotsOnWhiteSite
33062,20,18
timeStep,numberOfRobotsOnBlackSite,numberOfRobotsOnWhiteSite
33063,20,18
timeStep,numberOfRobotsOnBlackSite,numberOfRobotsOnWhiteSite
33064,20,18
timeStep,numberOfRobotsOnBlackSite,numberOfRobotsOnWhiteSite
33065,20,18
timeStep,numberOfRobotsOnBlackSite,numberOfRobotsOnWhiteSite
33066,20,18
timeStep,numberOfRobotsOnBlackSite,numberOfRobotsOnWhiteSite
33067,20,18
timeStep,numberOfRobotsOnBlackSite,numberOfRobotsOnWhiteSite
33068,20,18
timeStep,numberOfRobotsOnBlackSite,numberOfRobotsOnWhiteSite
33069,20,18
timeStep,numberOfRobotsOnBlackSite,numberOfRobotsOnWhiteSite
33070,20,19
timeStep,numberOfRobotsOnBlackSite,numberOfRobotsOnWhiteSite
33071,20,19
timeStep,numberOfRobotsOnBlackSite,numberOfRobotsOnWhiteSite
33072,20,19
timeStep,numberOfRobotsOnBlackSite,numberOfRobotsOnWhiteSite
33073,20,19
timeStep,numberOfRobotsOnBlackSite,numberOfRobotsOnWhiteSite
33074,20,19
timeStep,numberOfRobotsOnBlackSite,numberOfRobotsOnWhiteSite
33075,20,19
timeStep,numberOfRobotsOnBlackSite,numberOfRobotsOnWhiteSite
33076,20,19
timeStep,numberOfRobotsOnBlackSite,numberOfRobotsOnWhiteSite
33077,20,19
timeStep,numberOfRobotsOnBlackSite,numberOfRobotsOnWhiteSite
33078,20,19
timeStep,numberOfRobotsOnBlackSite,numberOfRobotsOnWhiteSite
33079,20,19
timeStep,numberOfRobotsOnBlackSite,numberOfRobotsOnWhiteSite
33080,20,19
timeStep,numberOfRobotsOnBlackSite,numberOfRobotsOnWhiteSite
33081,20,19
timeStep,numberOfRobotsOnBlackSite,numberOfRobotsOnWhiteSite
33082,20,19
timeStep,numberOfRobotsOnBlackSite,numberOfRobotsOnWhiteSite
33083,20,19
timeStep,numberOfRobotsOnBlackSite,numberOfRobotsOnWhiteSite
33084,20,19
timeStep,numberOfRobotsOnBlackSite,numberOfRobotsOnWhiteSite
33085,20,19
timeStep,numberOfRobotsOnBlackSite,numberOfRobotsOnWhiteSite
33086,20,19
timeStep,numberOfRobotsOnBlackSite,numberOfRobotsOnWhiteSite
33087,20,19
timeStep,numberOfRobotsOnBlackSite,numberOfRobotsOnWhiteSite
33088,20,19
timeStep,numberOfRobotsOnBlackSite,numberOfRobotsOnWhiteSite
33089,20,19
timeStep,numberOfRobotsOnBlackSite,numberOfRobotsOnWhiteSite
33090,20,19
timeStep,numberOfRobotsOnBlackSite,numberOfRobotsOnWhiteSite
33091,20,19
timeStep,numberOfRobotsOnBlackSite,numberOfRobotsOnWhiteSite
33092,20,19
timeStep,numberOfRobotsOnBlackSite,numberOfRobotsOnWhiteSite
33093,20,19
timeStep,numberOfRobotsOnBlackSite,numberOfRobotsOnWhiteSite
33094,20,19
timeStep,numberOfRobotsOnBlackSite,numberOfRobotsOnWhiteSite
33095,20,19
timeStep,numberOfRobotsOnBlackSite,numberOfRobotsOnWhiteSite
33096,20,19
timeStep,numberOfRobotsOnBlackSite,numberOfRobotsOnWhiteSite
33097,20,19
timeStep,numberOfRobotsOnBlackSite,numberOfRobotsOnWhiteSite
33098,20,19
timeStep,numberOfRobotsOnBlackSite,numberOfRobotsOnWhiteSite
33099,20,19
timeStep,numberOfRobotsOnBlackSite,numberOfRobotsOnWhiteSite
33100,20,19
timeStep,numberOfRobotsOnBlackSite,numberOfRobotsOnWhiteSite
33101,20,19
timeStep,numberOfRobotsOnBlackSite,numberOfRobotsOnWhiteSite
33102,20,19
timeStep,numberOfRobotsOnBlackSite,numberOfRobotsOnWhiteSite
33103,20,19
timeStep,numberOfRobotsOnBlackSite,numberOfRobotsOnWhiteSite
33104,20,19
timeStep,numberOfRobotsOnBlackSite,numberOfRobotsOnWhiteSite
33105,20,19
timeStep,numberOfRobotsOnBlackSite,numberOfRobotsOnWhiteSite
33106,20,19
timeStep,numberOfRobotsOnBlackSite,numberOfRobotsOnWhiteSite
33107,20,19
timeStep,numberOfRobotsOnBlackSite,numberOfRobotsOnWhiteSite
33108,20,19
timeStep,numberOfRobotsOnBlackSite,numberOfRobotsOnWhiteSite
33109,20,19
timeStep,numberOfRobotsOnBlackSite,numberOfRobotsOnWhiteSite
33110,20,19
timeStep,numberOfRobotsOnBlackSite,numberOfRobotsOnWhiteSite
33111,20,19
timeStep,numberOfRobotsOnBlackSite,numberOfRobotsOnWhiteSite
33112,20,19
timeStep,numberOfRobotsOnBlackSite,numberOfRobotsOnWhiteSite
33113,20,19
timeStep,numberOfRobotsOnBlackSite,numberOfRobotsOnWhiteSite
33114,20,19
timeStep,numberOfRobotsOnBlackSite,numberOfRobotsOnWhiteSite
33115,20,19
timeStep,numberOfRobotsOnBlackSite,numberOfRobotsOnWhiteSite
33116,20,19
timeStep,numberOfRobotsOnBlackSite,numberOfRobotsOnWhiteSite
33117,20,19
timeStep,numberOfRobotsOnBlackSite,numberOfRobotsOnWhiteSite
33118,20,19
timeStep,numberOfRobotsOnBlackSite,numberOfRobotsOnWhiteSite
33119,20,19
timeStep,numberOfRobotsOnBlackSite,numberOfRobotsOnWhiteSite
33120,20,19
timeStep,numberOfRobotsOnBlackSite,numberOfRobotsOnWhiteSite
33121,20,19
timeStep,numberOfRobotsOnBlackSite,numberOfRobotsOnWhiteSite
33122,20,19
timeStep,numberOfRobotsOnBlackSite,numberOfRobotsOnWhiteSite
33123,20,19
timeStep,numberOfRobotsOnBlackSite,numberOfRobotsOnWhiteSite
33124,20,19
timeStep,numberOfRobotsOnBlackSite,numberOfRobotsOnWhiteSite
33125,20,19
timeStep,numberOfRobotsOnBlackSite,numberOfRobotsOnWhiteSite
33126,20,19
timeStep,numberOfRobotsOnBlackSite,numberOfRobotsOnWhiteSite
33127,20,19
timeStep,numberOfRobotsOnBlackSite,numberOfRobotsOnWhiteSite
33128,20,19
timeStep,numberOfRobotsOnBlackSite,numberOfRobotsOnWhiteSite
33129,20,19
timeStep,numberOfRobotsOnBlackSite,numberOfRobotsOnWhiteSite
33130,20,19
timeStep,numberOfRobotsOnBlackSite,numberOfRobotsOnWhiteSite
33131,20,19
timeStep,numberOfRobotsOnBlackSite,numberOfRobotsOnWhiteSite
33132,20,19
timeStep,numberOfRobotsOnBlackSite,numberOfRobotsOnWhiteSite
33133,20,19
timeStep,numberOfRobotsOnBlackSite,numberOfRobotsOnWhiteSite
33134,20,19
timeStep,numberOfRobotsOnBlackSite,numberOfRobotsOnWhiteSite
33135,20,19
timeStep,numberOfRobotsOnBlackSite,numberOfRobotsOnWhiteSite
33136,20,19
timeStep,numberOfRobotsOnBlackSite,numberOfRobotsOnWhiteSite
33137,20,19
timeStep,numberOfRobotsOnBlackSite,numberOfRobotsOnWhiteSite
33138,20,19
timeStep,numberOfRobotsOnBlackSite,numberOfRobotsOnWhiteSite
33139,20,19
timeStep,numberOfRobotsOnBlackSite,numberOfRobotsOnWhiteSite
33140,20,19
timeStep,numberOfRobotsOnBlackSite,numberOfRobotsOnWhiteSite
33141,20,19
timeStep,numberOfRobotsOnBlackSite,numberOfRobotsOnWhiteSite
33142,20,19
timeStep,numberOfRobotsOnBlackSite,numberOfRobotsOnWhiteSite
33143,20,19
timeStep,numberOfRobotsOnBlackSite,numberOfRobotsOnWhiteSite
33144,20,19
timeStep,numberOfRobotsOnBlackSite,numberOfRobotsOnWhiteSite
33145,20,19
timeStep,numberOfRobotsOnBlackSite,numberOfRobotsOnWhiteSite
33146,20,19
timeStep,numberOfRobotsOnBlackSite,numberOfRobotsOnWhiteSite
33147,20,19
timeStep,numberOfRobotsOnBlackSite,numberOfRobotsOnWhiteSite
33148,20,19
timeStep,numberOfRobotsOnBlackSite,numberOfRobotsOnWhiteSite
33149,20,19
timeStep,numberOfRobotsOnBlackSite,numberOfRobotsOnWhiteSite
33150,20,18
timeStep,numberOfRobotsOnBlackSite,numberOfRobotsOnWhiteSite
33151,20,18
timeStep,numberOfRobotsOnBlackSite,numberOfRobotsOnWhiteSite
33152,20,18
timeStep,numberOfRobotsOnBlackSite,numberOfRobotsOnWhiteSite
33153,20,18
timeStep,numberOfRobotsOnBlackSite,numberOfRobotsOnWhiteSite
33154,20,18
timeStep,numberOfRobotsOnBlackSite,numberOfRobotsOnWhiteSite
33155,20,18
timeStep,numberOfRobotsOnBlackSite,numberOfRobotsOnWhiteSite
33156,20,18
timeStep,numberOfRobotsOnBlackSite,numberOfRobotsOnWhiteSite
33157,20,18
timeStep,numberOfRobotsOnBlackSite,numberOfRobotsOnWhiteSite
33158,20,18
timeStep,numberOfRobotsOnBlackSite,numberOfRobotsOnWhiteSite
33159,20,18
timeStep,numberOfRobotsOnBlackSite,numberOfRobotsOnWhiteSite
33160,20,18
timeStep,numberOfRobotsOnBlackSite,numberOfRobotsOnWhiteSite
33161,20,18
timeStep,numberOfRobotsOnBlackSite,numberOfRobotsOnWhiteSite
33162,20,18
timeStep,numberOfRobotsOnBlackSite,numberOfRobotsOnWhiteSite
33163,20,18
timeStep,numberOfRobotsOnBlackSite,numberOfRobotsOnWhiteSite
33164,20,18
timeStep,numberOfRobotsOnBlackSite,numberOfRobotsOnWhiteSite
33165,20,18
timeStep,numberOfRobotsOnBlackSite,numberOfRobotsOnWhiteSite
33166,20,18
timeStep,numberOfRobotsOnBlackSite,numberOfRobotsOnWhiteSite
33167,20,18
timeStep,numberOfRobotsOnBlackSite,numberOfRobotsOnWhiteSite
33168,20,18
timeStep,numberOfRobotsOnBlackSite,numberOfRobotsOnWhiteSite
33169,20,18
timeStep,numberOfRobotsOnBlackSite,numberOfRobotsOnWhiteSite
33170,20,18
timeStep,numberOfRobotsOnBlackSite,numberOfRobotsOnWhiteSite
33171,20,18
timeStep,numberOfRobotsOnBlackSite,numberOfRobotsOnWhiteSite
33172,20,18
timeStep,numberOfRobotsOnBlackSite,numberOfRobotsOnWhiteSite
33173,20,18
timeStep,numberOfRobotsOnBlackSite,numberOfRobotsOnWhiteSite
33174,20,18
timeStep,numberOfRobotsOnBlackSite,numberOfRobotsOnWhiteSite
33175,20,18
timeStep,numberOfRobotsOnBlackSite,numberOfRobotsOnWhiteSite
33176,20,18
timeStep,numberOfRobotsOnBlackSite,numberOfRobotsOnWhiteSite
33177,20,18
timeStep,numberOfRobotsOnBlackSite,numberOfRobotsOnWhiteSite
33178,20,18
timeStep,numberOfRobotsOnBlackSite,numberOfRobotsOnWhiteSite
33179,20,18
timeStep,numberOfRobotsOnBlackSite,numberOfRobotsOnWhiteSite
33180,20,18
timeStep,numberOfRobotsOnBlackSite,numberOfRobotsOnWhiteSite
33181,20,18
timeStep,numberOfRobotsOnBlackSite,numberOfRobotsOnWhiteSite
33182,20,18
timeStep,numberOfRobotsOnBlackSite,numberOfRobotsOnWhiteSite
33183,20,18
timeStep,numberOfRobotsOnBlackSite,numberOfRobotsOnWhiteSite
33184,20,18
timeStep,numberOfRobotsOnBlackSite,numberOfRobotsOnWhiteSite
33185,20,18
timeStep,numberOfRobotsOnBlackSite,numberOfRobotsOnWhiteSite
33186,20,18
timeStep,numberOfRobotsOnBlackSite,numberOfRobotsOnWhiteSite
33187,20,18
timeStep,numberOfRobotsOnBlackSite,numberOfRobotsOnWhiteSite
33188,20,18
timeStep,numberOfRobotsOnBlackSite,numberOfRobotsOnWhiteSite
33189,20,18
timeStep,numberOfRobotsOnBlackSite,numberOfRobotsOnWhiteSite
33190,20,18
timeStep,numberOfRobotsOnBlackSite,numberOfRobotsOnWhiteSite
33191,20,18
timeStep,numberOfRobotsOnBlackSite,numberOfRobotsOnWhiteSite
33192,20,18
timeStep,numberOfRobotsOnBlackSite,numberOfRobotsOnWhiteSite
33193,20,18
timeStep,numberOfRobotsOnBlackSite,numberOfRobotsOnWhiteSite
33194,20,18
timeStep,numberOfRobotsOnBlackSite,numberOfRobotsOnWhiteSite
33195,20,18
timeStep,numberOfRobotsOnBlackSite,numberOfRobotsOnWhiteSite
33196,20,18
timeStep,numberOfRobotsOnBlackSite,numberOfRobotsOnWhiteSite
33197,20,18
timeStep,numberOfRobotsOnBlackSite,numberOfRobotsOnWhiteSite
33198,20,18
timeStep,numberOfRobotsOnBlackSite,numberOfRobotsOnWhiteSite
33199,20,18
timeStep,numberOfRobotsOnBlackSite,numberOfRobotsOnWhiteSite
33200,20,18
timeStep,numberOfRobotsOnBlackSite,numberOfRobotsOnWhiteSite
33201,20,18
timeStep,numberOfRobotsOnBlackSite,numberOfRobotsOnWhiteSite
33202,20,18
timeStep,numberOfRobotsOnBlackSite,numberOfRobotsOnWhiteSite
33203,20,18
timeStep,numberOfRobotsOnBlackSite,numberOfRobotsOnWhiteSite
33204,20,18
timeStep,numberOfRobotsOnBlackSite,numberOfRobotsOnWhiteSite
33205,20,18
timeStep,numberOfRobotsOnBlackSite,numberOfRobotsOnWhiteSite
33206,20,18
timeStep,numberOfRobotsOnBlackSite,numberOfRobotsOnWhiteSite
33207,20,18
timeStep,numberOfRobotsOnBlackSite,numberOfRobotsOnWhiteSite
33208,20,18
timeStep,numberOfRobotsOnBlackSite,numberOfRobotsOnWhiteSite
33209,20,18
timeStep,numberOfRobotsOnBlackSite,numberOfRobotsOnWhiteSite
33210,20,18
timeStep,numberOfRobotsOnBlackSite,numberOfRobotsOnWhiteSite
33211,20,18
timeStep,numberOfRobotsOnBlackSite,numberOfRobotsOnWhiteSite
33212,20,18
timeStep,numberOfRobotsOnBlackSite,numberOfRobotsOnWhiteSite
33213,20,18
timeStep,numberOfRobotsOnBlackSite,numberOfRobotsOnWhiteSite
33214,20,18
timeStep,numberOfRobotsOnBlackSite,numberOfRobotsOnWhiteSite
33215,20,18
timeStep,numberOfRobotsOnBlackSite,numberOfRobotsOnWhiteSite
33216,20,18
timeStep,numberOfRobotsOnBlackSite,numberOfRobotsOnWhiteSite
33217,20,18
timeStep,numberOfRobotsOnBlackSite,numberOfRobotsOnWhiteSite
33218,20,18
timeStep,numberOfRobotsOnBlackSite,numberOfRobotsOnWhiteSite
33219,20,18
timeStep,numberOfRobotsOnBlackSite,numberOfRobotsOnWhiteSite
33220,20,18
timeStep,numberOfRobotsOnBlackSite,numberOfRobotsOnWhiteSite
33221,20,18
timeStep,numberOfRobotsOnBlackSite,numberOfRobotsOnWhiteSite
33222,20,18
timeStep,numberOfRobotsOnBlackSite,numberOfRobotsOnWhiteSite
33223,20,18
timeStep,numberOfRobotsOnBlackSite,numberOfRobotsOnWhiteSite
33224,20,18
timeStep,numberOfRobotsOnBlackSite,numberOfRobotsOnWhiteSite
33225,20,18
timeStep,numberOfRobotsOnBlackSite,numberOfRobotsOnWhiteSite
33226,20,18
timeStep,numberOfRobotsOnBlackSite,numberOfRobotsOnWhiteSite
33227,20,18
timeStep,numberOfRobotsOnBlackSite,numberOfRobotsOnWhiteSite
33228,20,18
timeStep,numberOfRobotsOnBlackSite,numberOfRobotsOnWhiteSite
33229,20,18
timeStep,numberOfRobotsOnBlackSite,numberOfRobotsOnWhiteSite
33230,20,18
timeStep,numberOfRobotsOnBlackSite,numberOfRobotsOnWhiteSite
33231,20,18
timeStep,numberOfRobotsOnBlackSite,numberOfRobotsOnWhiteSite
33232,20,18
timeStep,numberOfRobotsOnBlackSite,numberOfRobotsOnWhiteSite
33233,20,18
timeStep,numberOfRobotsOnBlackSite,numberOfRobotsOnWhiteSite
33234,20,18
timeStep,numberOfRobotsOnBlackSite,numberOfRobotsOnWhiteSite
33235,20,18
timeStep,numberOfRobotsOnBlackSite,numberOfRobotsOnWhiteSite
33236,20,18
timeStep,numberOfRobotsOnBlackSite,numberOfRobotsOnWhiteSite
33237,20,18
timeStep,numberOfRobotsOnBlackSite,numberOfRobotsOnWhiteSite
33238,20,18
timeStep,numberOfRobotsOnBlackSite,numberOfRobotsOnWhiteSite
33239,20,18
timeStep,numberOfRobotsOnBlackSite,numberOfRobotsOnWhiteSite
33240,20,18
timeStep,numberOfRobotsOnBlackSite,numberOfRobotsOnWhiteSite
33241,20,18
timeStep,numberOfRobotsOnBlackSite,numberOfRobotsOnWhiteSite
33242,20,18
timeStep,numberOfRobotsOnBlackSite,numberOfRobotsOnWhiteSite
33243,20,18
timeStep,numberOfRobotsOnBlackSite,numberOfRobotsOnWhiteSite
33244,20,18
timeStep,numberOfRobotsOnBlackSite,numberOfRobotsOnWhiteSite
33245,19,18
timeStep,numberOfRobotsOnBlackSite,numberOfRobotsOnWhiteSite
33246,19,18
timeStep,numberOfRobotsOnBlackSite,numberOfRobotsOnWhiteSite
33247,19,18
timeStep,numberOfRobotsOnBlackSite,numberOfRobotsOnWhiteSite
33248,19,18
timeStep,numberOfRobotsOnBlackSite,numberOfRobotsOnWhiteSite
33249,19,18
timeStep,numberOfRobotsOnBlackSite,numberOfRobotsOnWhiteSite
33250,19,18
timeStep,numberOfRobotsOnBlackSite,numberOfRobotsOnWhiteSite
33251,19,18
timeStep,numberOfRobotsOnBlackSite,numberOfRobotsOnWhiteSite
33252,19,18
timeStep,numberOfRobotsOnBlackSite,numberOfRobotsOnWhiteSite
33253,19,18
timeStep,numberOfRobotsOnBlackSite,numberOfRobotsOnWhiteSite
33254,19,18
timeStep,numberOfRobotsOnBlackSite,numberOfRobotsOnWhiteSite
33255,19,18
timeStep,numberOfRobotsOnBlackSite,numberOfRobotsOnWhiteSite
33256,19,18
timeStep,numberOfRobotsOnBlackSite,numberOfRobotsOnWhiteSite
33257,19,18
timeStep,numberOfRobotsOnBlackSite,numberOfRobotsOnWhiteSite
33258,19,18
timeStep,numberOfRobotsOnBlackSite,numberOfRobotsOnWhiteSite
33259,19,18
timeStep,numberOfRobotsOnBlackSite,numberOfRobotsOnWhiteSite
33260,18,18
timeStep,numberOfRobotsOnBlackSite,numberOfRobotsOnWhiteSite
33261,18,18
timeStep,numberOfRobotsOnBlackSite,numberOfRobotsOnWhiteSite
33262,18,18
timeStep,numberOfRobotsOnBlackSite,numberOfRobotsOnWhiteSite
33263,18,18
timeStep,numberOfRobotsOnBlackSite,numberOfRobotsOnWhiteSite
33264,18,18
timeStep,numberOfRobotsOnBlackSite,numberOfRobotsOnWhiteSite
33265,18,18
timeStep,numberOfRobotsOnBlackSite,numberOfRobotsOnWhiteSite
33266,18,18
timeStep,numberOfRobotsOnBlackSite,numberOfRobotsOnWhiteSite
33267,18,18
timeStep,numberOfRobotsOnBlackSite,numberOfRobotsOnWhiteSite
33268,18,18
timeStep,numberOfRobotsOnBlackSite,numberOfRobotsOnWhiteSite
33269,18,18
timeStep,numberOfRobotsOnBlackSite,numberOfRobotsOnWhiteSite
33270,18,18
timeStep,numberOfRobotsOnBlackSite,numberOfRobotsOnWhiteSite
33271,18,18
timeStep,numberOfRobotsOnBlackSite,numberOfRobotsOnWhiteSite
33272,18,18
timeStep,numberOfRobotsOnBlackSite,numberOfRobotsOnWhiteSite
33273,18,18
timeStep,numberOfRobotsOnBlackSite,numberOfRobotsOnWhiteSite
33274,18,18
timeStep,numberOfRobotsOnBlackSite,numberOfRobotsOnWhiteSite
33275,17,18
timeStep,numberOfRobotsOnBlackSite,numberOfRobotsOnWhiteSite
33276,17,18
timeStep,numberOfRobotsOnBlackSite,numberOfRobotsOnWhiteSite
33277,17,18
timeStep,numberOfRobotsOnBlackSite,numberOfRobotsOnWhiteSite
33278,17,18
timeStep,numberOfRobotsOnBlackSite,numberOfRobotsOnWhiteSite
33279,17,18
timeStep,numberOfRobotsOnBlackSite,numberOfRobotsOnWhiteSite
33280,17,18
timeStep,numberOfRobotsOnBlackSite,numberOfRobotsOnWhiteSite
33281,17,18
timeStep,numberOfRobotsOnBlackSite,numberOfRobotsOnWhiteSite
33282,17,18
timeStep,numberOfRobotsOnBlackSite,numberOfRobotsOnWhiteSite
33283,17,18
timeStep,numberOfRobotsOnBlackSite,numberOfRobotsOnWhiteSite
33284,17,18
timeStep,numberOfRobotsOnBlackSite,numberOfRobotsOnWhiteSite
33285,17,18
timeStep,numberOfRobotsOnBlackSite,numberOfRobotsOnWhiteSite
33286,17,18
timeStep,numberOfRobotsOnBlackSite,numberOfRobotsOnWhiteSite
33287,17,18
timeStep,numberOfRobotsOnBlackSite,numberOfRobotsOnWhiteSite
33288,17,18
timeStep,numberOfRobotsOnBlackSite,numberOfRobotsOnWhiteSite
33289,17,18
timeStep,numberOfRobotsOnBlackSite,numberOfRobotsOnWhiteSite
33290,17,18
timeStep,numberOfRobotsOnBlackSite,numberOfRobotsOnWhiteSite
33291,17,18
timeStep,numberOfRobotsOnBlackSite,numberOfRobotsOnWhiteSite
33292,17,18
timeStep,numberOfRobotsOnBlackSite,numberOfRobotsOnWhiteSite
33293,17,18
timeStep,numberOfRobotsOnBlackSite,numberOfRobotsOnWhiteSite
33294,17,18
timeStep,numberOfRobotsOnBlackSite,numberOfRobotsOnWhiteSite
33295,17,18
timeStep,numberOfRobotsOnBlackSite,numberOfRobotsOnWhiteSite
33296,17,18
timeStep,numberOfRobotsOnBlackSite,numberOfRobotsOnWhiteSite
33297,17,18
timeStep,numberOfRobotsOnBlackSite,numberOfRobotsOnWhiteSite
33298,17,18
timeStep,numberOfRobotsOnBlackSite,numberOfRobotsOnWhiteSite
33299,17,18
timeStep,numberOfRobotsOnBlackSite,numberOfRobotsOnWhiteSite
33300,17,17
timeStep,numberOfRobotsOnBlackSite,numberOfRobotsOnWhiteSite
33301,17,17
timeStep,numberOfRobotsOnBlackSite,numberOfRobotsOnWhiteSite
33302,17,17
timeStep,numberOfRobotsOnBlackSite,numberOfRobotsOnWhiteSite
33303,17,17
timeStep,numberOfRobotsOnBlackSite,numberOfRobotsOnWhiteSite
33304,17,17
timeStep,numberOfRobotsOnBlackSite,numberOfRobotsOnWhiteSite
33305,17,17
timeStep,numberOfRobotsOnBlackSite,numberOfRobotsOnWhiteSite
33306,17,17
timeStep,numberOfRobotsOnBlackSite,numberOfRobotsOnWhiteSite
33307,17,17
timeStep,numberOfRobotsOnBlackSite,numberOfRobotsOnWhiteSite
33308,17,17
timeStep,numberOfRobotsOnBlackSite,numberOfRobotsOnWhiteSite
33309,17,17
timeStep,numberOfRobotsOnBlackSite,numberOfRobotsOnWhiteSite
33310,17,17
timeStep,numberOfRobotsOnBlackSite,numberOfRobotsOnWhiteSite
33311,17,17
timeStep,numberOfRobotsOnBlackSite,numberOfRobotsOnWhiteSite
33312,17,17
timeStep,numberOfRobotsOnBlackSite,numberOfRobotsOnWhiteSite
33313,17,17
timeStep,numberOfRobotsOnBlackSite,numberOfRobotsOnWhiteSite
33314,17,17
timeStep,numberOfRobotsOnBlackSite,numberOfRobotsOnWhiteSite
33315,18,17
timeStep,numberOfRobotsOnBlackSite,numberOfRobotsOnWhiteSite
33316,18,17
timeStep,numberOfRobotsOnBlackSite,numberOfRobotsOnWhiteSite
33317,18,17
timeStep,numberOfRobotsOnBlackSite,numberOfRobotsOnWhiteSite
33318,18,17
timeStep,numberOfRobotsOnBlackSite,numberOfRobotsOnWhiteSite
33319,18,17
timeStep,numberOfRobotsOnBlackSite,numberOfRobotsOnWhiteSite
33320,19,17
timeStep,numberOfRobotsOnBlackSite,numberOfRobotsOnWhiteSite
33321,19,17
timeStep,numberOfRobotsOnBlackSite,numberOfRobotsOnWhiteSite
33322,19,17
timeStep,numberOfRobotsOnBlackSite,numberOfRobotsOnWhiteSite
33323,19,17
timeStep,numberOfRobotsOnBlackSite,numberOfRobotsOnWhiteSite
33324,19,17
timeStep,numberOfRobotsOnBlackSite,numberOfRobotsOnWhiteSite
33325,19,17
timeStep,numberOfRobotsOnBlackSite,numberOfRobotsOnWhiteSite
33326,19,17
timeStep,numberOfRobotsOnBlackSite,numberOfRobotsOnWhiteSite
33327,19,17
timeStep,numberOfRobotsOnBlackSite,numberOfRobotsOnWhiteSite
33328,19,17
timeStep,numberOfRobotsOnBlackSite,numberOfRobotsOnWhiteSite
33329,19,17
timeStep,numberOfRobotsOnBlackSite,numberOfRobotsOnWhiteSite
33330,19,17
timeStep,numberOfRobotsOnBlackSite,numberOfRobotsOnWhiteSite
33331,19,17
timeStep,numberOfRobotsOnBlackSite,numberOfRobotsOnWhiteSite
33332,19,17
timeStep,numberOfRobotsOnBlackSite,numberOfRobotsOnWhiteSite
33333,19,17
timeStep,numberOfRobotsOnBlackSite,numberOfRobotsOnWhiteSite
33334,19,17
timeStep,numberOfRobotsOnBlackSite,numberOfRobotsOnWhiteSite
33335,19,17
timeStep,numberOfRobotsOnBlackSite,numberOfRobotsOnWhiteSite
33336,19,17
timeStep,numberOfRobotsOnBlackSite,numberOfRobotsOnWhiteSite
33337,19,17
timeStep,numberOfRobotsOnBlackSite,numberOfRobotsOnWhiteSite
33338,19,17
timeStep,numberOfRobotsOnBlackSite,numberOfRobotsOnWhiteSite
33339,19,17
timeStep,numberOfRobotsOnBlackSite,numberOfRobotsOnWhiteSite
33340,19,17
timeStep,numberOfRobotsOnBlackSite,numberOfRobotsOnWhiteSite
33341,19,17
timeStep,numberOfRobotsOnBlackSite,numberOfRobotsOnWhiteSite
33342,19,17
timeStep,numberOfRobotsOnBlackSite,numberOfRobotsOnWhiteSite
33343,19,17
timeStep,numberOfRobotsOnBlackSite,numberOfRobotsOnWhiteSite
33344,19,17
timeStep,numberOfRobotsOnBlackSite,numberOfRobotsOnWhiteSite
33345,19,18
timeStep,numberOfRobotsOnBlackSite,numberOfRobotsOnWhiteSite
33346,19,18
timeStep,numberOfRobotsOnBlackSite,numberOfRobotsOnWhiteSite
33347,19,18
timeStep,numberOfRobotsOnBlackSite,numberOfRobotsOnWhiteSite
33348,19,18
timeStep,numberOfRobotsOnBlackSite,numberOfRobotsOnWhiteSite
33349,19,18
timeStep,numberOfRobotsOnBlackSite,numberOfRobotsOnWhiteSite
33350,19,18
timeStep,numberOfRobotsOnBlackSite,numberOfRobotsOnWhiteSite
33351,19,18
timeStep,numberOfRobotsOnBlackSite,numberOfRobotsOnWhiteSite
33352,19,18
timeStep,numberOfRobotsOnBlackSite,numberOfRobotsOnWhiteSite
33353,19,18
timeStep,numberOfRobotsOnBlackSite,numberOfRobotsOnWhiteSite
33354,19,18
timeStep,numberOfRobotsOnBlackSite,numberOfRobotsOnWhiteSite
33355,19,18
timeStep,numberOfRobotsOnBlackSite,numberOfRobotsOnWhiteSite
33356,19,18
timeStep,numberOfRobotsOnBlackSite,numberOfRobotsOnWhiteSite
33357,19,18
timeStep,numberOfRobotsOnBlackSite,numberOfRobotsOnWhiteSite
33358,19,18
timeStep,numberOfRobotsOnBlackSite,numberOfRobotsOnWhiteSite
33359,19,18
timeStep,numberOfRobotsOnBlackSite,numberOfRobotsOnWhiteSite
33360,19,18
timeStep,numberOfRobotsOnBlackSite,numberOfRobotsOnWhiteSite
33361,19,18
timeStep,numberOfRobotsOnBlackSite,numberOfRobotsOnWhiteSite
33362,19,18
timeStep,numberOfRobotsOnBlackSite,numberOfRobotsOnWhiteSite
33363,19,18
timeStep,numberOfRobotsOnBlackSite,numberOfRobotsOnWhiteSite
33364,19,18
timeStep,numberOfRobotsOnBlackSite,numberOfRobotsOnWhiteSite
33365,19,18
timeStep,numberOfRobotsOnBlackSite,numberOfRobotsOnWhiteSite
33366,19,18
timeStep,numberOfRobotsOnBlackSite,numberOfRobotsOnWhiteSite
33367,19,18
timeStep,numberOfRobotsOnBlackSite,numberOfRobotsOnWhiteSite
33368,19,18
timeStep,numberOfRobotsOnBlackSite,numberOfRobotsOnWhiteSite
33369,19,18
timeStep,numberOfRobotsOnBlackSite,numberOfRobotsOnWhiteSite
33370,19,18
timeStep,numberOfRobotsOnBlackSite,numberOfRobotsOnWhiteSite
33371,19,18
timeStep,numberOfRobotsOnBlackSite,numberOfRobotsOnWhiteSite
33372,19,18
timeStep,numberOfRobotsOnBlackSite,numberOfRobotsOnWhiteSite
33373,19,18
timeStep,numberOfRobotsOnBlackSite,numberOfRobotsOnWhiteSite
33374,19,18
timeStep,numberOfRobotsOnBlackSite,numberOfRobotsOnWhiteSite
33375,19,18
timeStep,numberOfRobotsOnBlackSite,numberOfRobotsOnWhiteSite
33376,19,18
timeStep,numberOfRobotsOnBlackSite,numberOfRobotsOnWhiteSite
33377,19,18
timeStep,numberOfRobotsOnBlackSite,numberOfRobotsOnWhiteSite
33378,19,18
timeStep,numberOfRobotsOnBlackSite,numberOfRobotsOnWhiteSite
33379,19,18
timeStep,numberOfRobotsOnBlackSite,numberOfRobotsOnWhiteSite
33380,19,18
timeStep,numberOfRobotsOnBlackSite,numberOfRobotsOnWhiteSite
33381,19,18
timeStep,numberOfRobotsOnBlackSite,numberOfRobotsOnWhiteSite
33382,19,18
timeStep,numberOfRobotsOnBlackSite,numberOfRobotsOnWhiteSite
33383,19,18
timeStep,numberOfRobotsOnBlackSite,numberOfRobotsOnWhiteSite
33384,19,18
timeStep,numberOfRobotsOnBlackSite,numberOfRobotsOnWhiteSite
33385,19,18
timeStep,numberOfRobotsOnBlackSite,numberOfRobotsOnWhiteSite
33386,19,18
timeStep,numberOfRobotsOnBlackSite,numberOfRobotsOnWhiteSite
33387,19,18
timeStep,numberOfRobotsOnBlackSite,numberOfRobotsOnWhiteSite
33388,19,18
timeStep,numberOfRobotsOnBlackSite,numberOfRobotsOnWhiteSite
33389,19,18
timeStep,numberOfRobotsOnBlackSite,numberOfRobotsOnWhiteSite
33390,19,18
timeStep,numberOfRobotsOnBlackSite,numberOfRobotsOnWhiteSite
33391,19,18
timeStep,numberOfRobotsOnBlackSite,numberOfRobotsOnWhiteSite
33392,19,18
timeStep,numberOfRobotsOnBlackSite,numberOfRobotsOnWhiteSite
33393,19,18
timeStep,numberOfRobotsOnBlackSite,numberOfRobotsOnWhiteSite
33394,19,18
timeStep,numberOfRobotsOnBlackSite,numberOfRobotsOnWhiteSite
33395,19,18
timeStep,numberOfRobotsOnBlackSite,numberOfRobotsOnWhiteSite
33396,19,18
timeStep,numberOfRobotsOnBlackSite,numberOfRobotsOnWhiteSite
33397,19,18
timeStep,numberOfRobotsOnBlackSite,numberOfRobotsOnWhiteSite
33398,19,18
timeStep,numberOfRobotsOnBlackSite,numberOfRobotsOnWhiteSite
33399,19,18
timeStep,numberOfRobotsOnBlackSite,numberOfRobotsOnWhiteSite
33400,19,18
timeStep,numberOfRobotsOnBlackSite,numberOfRobotsOnWhiteSite
33401,19,18
timeStep,numberOfRobotsOnBlackSite,numberOfRobotsOnWhiteSite
33402,19,18
timeStep,numberOfRobotsOnBlackSite,numberOfRobotsOnWhiteSite
33403,19,18
timeStep,numberOfRobotsOnBlackSite,numberOfRobotsOnWhiteSite
33404,19,18
timeStep,numberOfRobotsOnBlackSite,numberOfRobotsOnWhiteSite
33405,18,18
timeStep,numberOfRobotsOnBlackSite,numberOfRobotsOnWhiteSite
33406,18,18
timeStep,numberOfRobotsOnBlackSite,numberOfRobotsOnWhiteSite
33407,18,18
timeStep,numberOfRobotsOnBlackSite,numberOfRobotsOnWhiteSite
33408,18,18
timeStep,numberOfRobotsOnBlackSite,numberOfRobotsOnWhiteSite
33409,18,18
timeStep,numberOfRobotsOnBlackSite,numberOfRobotsOnWhiteSite
33410,18,18
timeStep,numberOfRobotsOnBlackSite,numberOfRobotsOnWhiteSite
33411,18,18
timeStep,numberOfRobotsOnBlackSite,numberOfRobotsOnWhiteSite
33412,18,18
timeStep,numberOfRobotsOnBlackSite,numberOfRobotsOnWhiteSite
33413,18,18
timeStep,numberOfRobotsOnBlackSite,numberOfRobotsOnWhiteSite
33414,18,18
timeStep,numberOfRobotsOnBlackSite,numberOfRobotsOnWhiteSite
33415,18,18
timeStep,numberOfRobotsOnBlackSite,numberOfRobotsOnWhiteSite
33416,18,18
timeStep,numberOfRobotsOnBlackSite,numberOfRobotsOnWhiteSite
33417,18,18
timeStep,numberOfRobotsOnBlackSite,numberOfRobotsOnWhiteSite
33418,18,18
timeStep,numberOfRobotsOnBlackSite,numberOfRobotsOnWhiteSite
33419,18,18
timeStep,numberOfRobotsOnBlackSite,numberOfRobotsOnWhiteSite
33420,18,18
timeStep,numberOfRobotsOnBlackSite,numberOfRobotsOnWhiteSite
33421,18,18
timeStep,numberOfRobotsOnBlackSite,numberOfRobotsOnWhiteSite
33422,18,18
timeStep,numberOfRobotsOnBlackSite,numberOfRobotsOnWhiteSite
33423,18,18
timeStep,numberOfRobotsOnBlackSite,numberOfRobotsOnWhiteSite
33424,18,18
timeStep,numberOfRobotsOnBlackSite,numberOfRobotsOnWhiteSite
33425,18,18
timeStep,numberOfRobotsOnBlackSite,numberOfRobotsOnWhiteSite
33426,18,18
timeStep,numberOfRobotsOnBlackSite,numberOfRobotsOnWhiteSite
33427,18,18
timeStep,numberOfRobotsOnBlackSite,numberOfRobotsOnWhiteSite
33428,18,18
timeStep,numberOfRobotsOnBlackSite,numberOfRobotsOnWhiteSite
33429,18,18
timeStep,numberOfRobotsOnBlackSite,numberOfRobotsOnWhiteSite
33430,18,18
timeStep,numberOfRobotsOnBlackSite,numberOfRobotsOnWhiteSite
33431,18,18
timeStep,numberOfRobotsOnBlackSite,numberOfRobotsOnWhiteSite
33432,18,18
timeStep,numberOfRobotsOnBlackSite,numberOfRobotsOnWhiteSite
33433,18,18
timeStep,numberOfRobotsOnBlackSite,numberOfRobotsOnWhiteSite
33434,18,18
timeStep,numberOfRobotsOnBlackSite,numberOfRobotsOnWhiteSite
33435,18,18
timeStep,numberOfRobotsOnBlackSite,numberOfRobotsOnWhiteSite
33436,18,18
timeStep,numberOfRobotsOnBlackSite,numberOfRobotsOnWhiteSite
33437,18,18
timeStep,numberOfRobotsOnBlackSite,numberOfRobotsOnWhiteSite
33438,18,18
timeStep,numberOfRobotsOnBlackSite,numberOfRobotsOnWhiteSite
33439,18,18
timeStep,numberOfRobotsOnBlackSite,numberOfRobotsOnWhiteSite
33440,18,18
timeStep,numberOfRobotsOnBlackSite,numberOfRobotsOnWhiteSite
33441,18,18
timeStep,numberOfRobotsOnBlackSite,numberOfRobotsOnWhiteSite
33442,18,18
timeStep,numberOfRobotsOnBlackSite,numberOfRobotsOnWhiteSite
33443,18,18
timeStep,numberOfRobotsOnBlackSite,numberOfRobotsOnWhiteSite
33444,18,18
timeStep,numberOfRobotsOnBlackSite,numberOfRobotsOnWhiteSite
33445,18,18
timeStep,numberOfRobotsOnBlackSite,numberOfRobotsOnWhiteSite
33446,18,18
timeStep,numberOfRobotsOnBlackSite,numberOfRobotsOnWhiteSite
33447,18,18
timeStep,numberOfRobotsOnBlackSite,numberOfRobotsOnWhiteSite
33448,18,18
timeStep,numberOfRobotsOnBlackSite,numberOfRobotsOnWhiteSite
33449,18,18
timeStep,numberOfRobotsOnBlackSite,numberOfRobotsOnWhiteSite
33450,18,18
timeStep,numberOfRobotsOnBlackSite,numberOfRobotsOnWhiteSite
33451,18,18
timeStep,numberOfRobotsOnBlackSite,numberOfRobotsOnWhiteSite
33452,18,18
timeStep,numberOfRobotsOnBlackSite,numberOfRobotsOnWhiteSite
33453,18,18
timeStep,numberOfRobotsOnBlackSite,numberOfRobotsOnWhiteSite
33454,18,18
timeStep,numberOfRobotsOnBlackSite,numberOfRobotsOnWhiteSite
33455,18,18
timeStep,numberOfRobotsOnBlackSite,numberOfRobotsOnWhiteSite
33456,18,18
timeStep,numberOfRobotsOnBlackSite,numberOfRobotsOnWhiteSite
33457,18,18
timeStep,numberOfRobotsOnBlackSite,numberOfRobotsOnWhiteSite
33458,18,18
timeStep,numberOfRobotsOnBlackSite,numberOfRobotsOnWhiteSite
33459,18,18
timeStep,numberOfRobotsOnBlackSite,numberOfRobotsOnWhiteSite
33460,18,18
timeStep,numberOfRobotsOnBlackSite,numberOfRobotsOnWhiteSite
33461,18,18
timeStep,numberOfRobotsOnBlackSite,numberOfRobotsOnWhiteSite
33462,18,18
timeStep,numberOfRobotsOnBlackSite,numberOfRobotsOnWhiteSite
33463,18,18
timeStep,numberOfRobotsOnBlackSite,numberOfRobotsOnWhiteSite
33464,18,18
timeStep,numberOfRobotsOnBlackSite,numberOfRobotsOnWhiteSite
33465,19,18
timeStep,numberOfRobotsOnBlackSite,numberOfRobotsOnWhiteSite
33466,19,18
timeStep,numberOfRobotsOnBlackSite,numberOfRobotsOnWhiteSite
33467,19,18
timeStep,numberOfRobotsOnBlackSite,numberOfRobotsOnWhiteSite
33468,19,18
timeStep,numberOfRobotsOnBlackSite,numberOfRobotsOnWhiteSite
33469,19,18
timeStep,numberOfRobotsOnBlackSite,numberOfRobotsOnWhiteSite
33470,19,18
timeStep,numberOfRobotsOnBlackSite,numberOfRobotsOnWhiteSite
33471,19,18
timeStep,numberOfRobotsOnBlackSite,numberOfRobotsOnWhiteSite
33472,19,18
timeStep,numberOfRobotsOnBlackSite,numberOfRobotsOnWhiteSite
33473,19,18
timeStep,numberOfRobotsOnBlackSite,numberOfRobotsOnWhiteSite
33474,19,18
timeStep,numberOfRobotsOnBlackSite,numberOfRobotsOnWhiteSite
33475,19,19
timeStep,numberOfRobotsOnBlackSite,numberOfRobotsOnWhiteSite
33476,19,19
timeStep,numberOfRobotsOnBlackSite,numberOfRobotsOnWhiteSite
33477,19,19
timeStep,numberOfRobotsOnBlackSite,numberOfRobotsOnWhiteSite
33478,19,19
timeStep,numberOfRobotsOnBlackSite,numberOfRobotsOnWhiteSite
33479,19,19
timeStep,numberOfRobotsOnBlackSite,numberOfRobotsOnWhiteSite
33480,19,19
timeStep,numberOfRobotsOnBlackSite,numberOfRobotsOnWhiteSite
33481,19,19
timeStep,numberOfRobotsOnBlackSite,numberOfRobotsOnWhiteSite
33482,19,19
timeStep,numberOfRobotsOnBlackSite,numberOfRobotsOnWhiteSite
33483,19,19
timeStep,numberOfRobotsOnBlackSite,numberOfRobotsOnWhiteSite
33484,19,19
timeStep,numberOfRobotsOnBlackSite,numberOfRobotsOnWhiteSite
33485,19,19
timeStep,numberOfRobotsOnBlackSite,numberOfRobotsOnWhiteSite
33486,19,19
timeStep,numberOfRobotsOnBlackSite,numberOfRobotsOnWhiteSite
33487,19,19
timeStep,numberOfRobotsOnBlackSite,numberOfRobotsOnWhiteSite
33488,19,19
timeStep,numberOfRobotsOnBlackSite,numberOfRobotsOnWhiteSite
33489,19,19
timeStep,numberOfRobotsOnBlackSite,numberOfRobotsOnWhiteSite
33490,19,19
timeStep,numberOfRobotsOnBlackSite,numberOfRobotsOnWhiteSite
33491,19,19
timeStep,numberOfRobotsOnBlackSite,numberOfRobotsOnWhiteSite
33492,19,19
timeStep,numberOfRobotsOnBlackSite,numberOfRobotsOnWhiteSite
33493,19,19
timeStep,numberOfRobotsOnBlackSite,numberOfRobotsOnWhiteSite
33494,19,19
timeStep,numberOfRobotsOnBlackSite,numberOfRobotsOnWhiteSite
33495,19,19
timeStep,numberOfRobotsOnBlackSite,numberOfRobotsOnWhiteSite
33496,19,19
timeStep,numberOfRobotsOnBlackSite,numberOfRobotsOnWhiteSite
33497,19,19
timeStep,numberOfRobotsOnBlackSite,numberOfRobotsOnWhiteSite
33498,19,19
timeStep,numberOfRobotsOnBlackSite,numberOfRobotsOnWhiteSite
33499,19,19
timeStep,numberOfRobotsOnBlackSite,numberOfRobotsOnWhiteSite
33500,18,19
timeStep,numberOfRobotsOnBlackSite,numberOfRobotsOnWhiteSite
33501,18,19
timeStep,numberOfRobotsOnBlackSite,numberOfRobotsOnWhiteSite
33502,18,19
timeStep,numberOfRobotsOnBlackSite,numberOfRobotsOnWhiteSite
33503,18,19
timeStep,numberOfRobotsOnBlackSite,numberOfRobotsOnWhiteSite
33504,18,19
timeStep,numberOfRobotsOnBlackSite,numberOfRobotsOnWhiteSite
33505,18,19
timeStep,numberOfRobotsOnBlackSite,numberOfRobotsOnWhiteSite
33506,18,19
timeStep,numberOfRobotsOnBlackSite,numberOfRobotsOnWhiteSite
33507,18,19
timeStep,numberOfRobotsOnBlackSite,numberOfRobotsOnWhiteSite
33508,18,19
timeStep,numberOfRobotsOnBlackSite,numberOfRobotsOnWhiteSite
33509,18,19
timeStep,numberOfRobotsOnBlackSite,numberOfRobotsOnWhiteSite
33510,18,19
timeStep,numberOfRobotsOnBlackSite,numberOfRobotsOnWhiteSite
33511,18,19
timeStep,numberOfRobotsOnBlackSite,numberOfRobotsOnWhiteSite
33512,18,19
timeStep,numberOfRobotsOnBlackSite,numberOfRobotsOnWhiteSite
33513,18,19
timeStep,numberOfRobotsOnBlackSite,numberOfRobotsOnWhiteSite
33514,18,19
timeStep,numberOfRobotsOnBlackSite,numberOfRobotsOnWhiteSite
33515,18,19
timeStep,numberOfRobotsOnBlackSite,numberOfRobotsOnWhiteSite
33516,18,19
timeStep,numberOfRobotsOnBlackSite,numberOfRobotsOnWhiteSite
33517,18,19
timeStep,numberOfRobotsOnBlackSite,numberOfRobotsOnWhiteSite
33518,18,19
timeStep,numberOfRobotsOnBlackSite,numberOfRobotsOnWhiteSite
33519,18,19
timeStep,numberOfRobotsOnBlackSite,numberOfRobotsOnWhiteSite
33520,18,19
timeStep,numberOfRobotsOnBlackSite,numberOfRobotsOnWhiteSite
33521,18,19
timeStep,numberOfRobotsOnBlackSite,numberOfRobotsOnWhiteSite
33522,18,19
timeStep,numberOfRobotsOnBlackSite,numberOfRobotsOnWhiteSite
33523,18,19
timeStep,numberOfRobotsOnBlackSite,numberOfRobotsOnWhiteSite
33524,18,19
timeStep,numberOfRobotsOnBlackSite,numberOfRobotsOnWhiteSite
33525,18,19
timeStep,numberOfRobotsOnBlackSite,numberOfRobotsOnWhiteSite
33526,18,19
timeStep,numberOfRobotsOnBlackSite,numberOfRobotsOnWhiteSite
33527,18,19
timeStep,numberOfRobotsOnBlackSite,numberOfRobotsOnWhiteSite
33528,18,19
timeStep,numberOfRobotsOnBlackSite,numberOfRobotsOnWhiteSite
33529,18,19
timeStep,numberOfRobotsOnBlackSite,numberOfRobotsOnWhiteSite
33530,18,19
timeStep,numberOfRobotsOnBlackSite,numberOfRobotsOnWhiteSite
33531,18,19
timeStep,numberOfRobotsOnBlackSite,numberOfRobotsOnWhiteSite
33532,18,19
timeStep,numberOfRobotsOnBlackSite,numberOfRobotsOnWhiteSite
33533,18,19
timeStep,numberOfRobotsOnBlackSite,numberOfRobotsOnWhiteSite
33534,18,19
timeStep,numberOfRobotsOnBlackSite,numberOfRobotsOnWhiteSite
33535,19,19
timeStep,numberOfRobotsOnBlackSite,numberOfRobotsOnWhiteSite
33536,19,19
timeStep,numberOfRobotsOnBlackSite,numberOfRobotsOnWhiteSite
33537,19,19
timeStep,numberOfRobotsOnBlackSite,numberOfRobotsOnWhiteSite
33538,19,19
timeStep,numberOfRobotsOnBlackSite,numberOfRobotsOnWhiteSite
33539,19,19
timeStep,numberOfRobotsOnBlackSite,numberOfRobotsOnWhiteSite
33540,19,19
timeStep,numberOfRobotsOnBlackSite,numberOfRobotsOnWhiteSite
33541,19,19
timeStep,numberOfRobotsOnBlackSite,numberOfRobotsOnWhiteSite
33542,19,19
timeStep,numberOfRobotsOnBlackSite,numberOfRobotsOnWhiteSite
33543,19,19
timeStep,numberOfRobotsOnBlackSite,numberOfRobotsOnWhiteSite
33544,19,19
timeStep,numberOfRobotsOnBlackSite,numberOfRobotsOnWhiteSite
33545,19,19
timeStep,numberOfRobotsOnBlackSite,numberOfRobotsOnWhiteSite
33546,19,19
timeStep,numberOfRobotsOnBlackSite,numberOfRobotsOnWhiteSite
33547,19,19
timeStep,numberOfRobotsOnBlackSite,numberOfRobotsOnWhiteSite
33548,19,19
timeStep,numberOfRobotsOnBlackSite,numberOfRobotsOnWhiteSite
33549,19,19
timeStep,numberOfRobotsOnBlackSite,numberOfRobotsOnWhiteSite
33550,19,19
timeStep,numberOfRobotsOnBlackSite,numberOfRobotsOnWhiteSite
33551,19,19
timeStep,numberOfRobotsOnBlackSite,numberOfRobotsOnWhiteSite
33552,19,19
timeStep,numberOfRobotsOnBlackSite,numberOfRobotsOnWhiteSite
33553,19,19
timeStep,numberOfRobotsOnBlackSite,numberOfRobotsOnWhiteSite
33554,19,19
timeStep,numberOfRobotsOnBlackSite,numberOfRobotsOnWhiteSite
33555,19,19
timeStep,numberOfRobotsOnBlackSite,numberOfRobotsOnWhiteSite
33556,19,19
timeStep,numberOfRobotsOnBlackSite,numberOfRobotsOnWhiteSite
33557,19,19
timeStep,numberOfRobotsOnBlackSite,numberOfRobotsOnWhiteSite
33558,19,19
timeStep,numberOfRobotsOnBlackSite,numberOfRobotsOnWhiteSite
33559,19,19
timeStep,numberOfRobotsOnBlackSite,numberOfRobotsOnWhiteSite
33560,19,19
timeStep,numberOfRobotsOnBlackSite,numberOfRobotsOnWhiteSite
33561,19,19
timeStep,numberOfRobotsOnBlackSite,numberOfRobotsOnWhiteSite
33562,19,19
timeStep,numberOfRobotsOnBlackSite,numberOfRobotsOnWhiteSite
33563,19,19
timeStep,numberOfRobotsOnBlackSite,numberOfRobotsOnWhiteSite
33564,19,19
timeStep,numberOfRobotsOnBlackSite,numberOfRobotsOnWhiteSite
33565,18,19
timeStep,numberOfRobotsOnBlackSite,numberOfRobotsOnWhiteSite
33566,18,19
timeStep,numberOfRobotsOnBlackSite,numberOfRobotsOnWhiteSite
33567,18,19
timeStep,numberOfRobotsOnBlackSite,numberOfRobotsOnWhiteSite
33568,18,19
timeStep,numberOfRobotsOnBlackSite,numberOfRobotsOnWhiteSite
33569,18,19
timeStep,numberOfRobotsOnBlackSite,numberOfRobotsOnWhiteSite
33570,18,19
timeStep,numberOfRobotsOnBlackSite,numberOfRobotsOnWhiteSite
33571,18,19
timeStep,numberOfRobotsOnBlackSite,numberOfRobotsOnWhiteSite
33572,18,19
timeStep,numberOfRobotsOnBlackSite,numberOfRobotsOnWhiteSite
33573,18,19
timeStep,numberOfRobotsOnBlackSite,numberOfRobotsOnWhiteSite
33574,18,19
timeStep,numberOfRobotsOnBlackSite,numberOfRobotsOnWhiteSite
33575,18,19
timeStep,numberOfRobotsOnBlackSite,numberOfRobotsOnWhiteSite
33576,18,19
timeStep,numberOfRobotsOnBlackSite,numberOfRobotsOnWhiteSite
33577,18,19
timeStep,numberOfRobotsOnBlackSite,numberOfRobotsOnWhiteSite
33578,18,19
timeStep,numberOfRobotsOnBlackSite,numberOfRobotsOnWhiteSite
33579,18,19
timeStep,numberOfRobotsOnBlackSite,numberOfRobotsOnWhiteSite
33580,18,19
timeStep,numberOfRobotsOnBlackSite,numberOfRobotsOnWhiteSite
33581,18,19
timeStep,numberOfRobotsOnBlackSite,numberOfRobotsOnWhiteSite
33582,18,19
timeStep,numberOfRobotsOnBlackSite,numberOfRobotsOnWhiteSite
33583,18,19
timeStep,numberOfRobotsOnBlackSite,numberOfRobotsOnWhiteSite
33584,18,19
timeStep,numberOfRobotsOnBlackSite,numberOfRobotsOnWhiteSite
33585,18,19
timeStep,numberOfRobotsOnBlackSite,numberOfRobotsOnWhiteSite
33586,18,19
timeStep,numberOfRobotsOnBlackSite,numberOfRobotsOnWhiteSite
33587,18,19
timeStep,numberOfRobotsOnBlackSite,numberOfRobotsOnWhiteSite
33588,18,19
timeStep,numberOfRobotsOnBlackSite,numberOfRobotsOnWhiteSite
33589,18,19
timeStep,numberOfRobotsOnBlackSite,numberOfRobotsOnWhiteSite
33590,18,19
timeStep,numberOfRobotsOnBlackSite,numberOfRobotsOnWhiteSite
33591,18,19
timeStep,numberOfRobotsOnBlackSite,numberOfRobotsOnWhiteSite
33592,18,19
timeStep,numberOfRobotsOnBlackSite,numberOfRobotsOnWhiteSite
33593,18,19
timeStep,numberOfRobotsOnBlackSite,numberOfRobotsOnWhiteSite
33594,18,19
timeStep,numberOfRobotsOnBlackSite,numberOfRobotsOnWhiteSite
33595,18,19
timeStep,numberOfRobotsOnBlackSite,numberOfRobotsOnWhiteSite
33596,18,19
timeStep,numberOfRobotsOnBlackSite,numberOfRobotsOnWhiteSite
33597,18,19
timeStep,numberOfRobotsOnBlackSite,numberOfRobotsOnWhiteSite
33598,18,19
timeStep,numberOfRobotsOnBlackSite,numberOfRobotsOnWhiteSite
33599,18,19
timeStep,numberOfRobotsOnBlackSite,numberOfRobotsOnWhiteSite
33600,18,19
timeStep,numberOfRobotsOnBlackSite,numberOfRobotsOnWhiteSite
33601,18,19
timeStep,numberOfRobotsOnBlackSite,numberOfRobotsOnWhiteSite
33602,18,19
timeStep,numberOfRobotsOnBlackSite,numberOfRobotsOnWhiteSite
33603,18,19
timeStep,numberOfRobotsOnBlackSite,numberOfRobotsOnWhiteSite
33604,18,19
timeStep,numberOfRobotsOnBlackSite,numberOfRobotsOnWhiteSite
33605,18,19
timeStep,numberOfRobotsOnBlackSite,numberOfRobotsOnWhiteSite
33606,18,19
timeStep,numberOfRobotsOnBlackSite,numberOfRobotsOnWhiteSite
33607,18,19
timeStep,numberOfRobotsOnBlackSite,numberOfRobotsOnWhiteSite
33608,18,19
timeStep,numberOfRobotsOnBlackSite,numberOfRobotsOnWhiteSite
33609,18,19
timeStep,numberOfRobotsOnBlackSite,numberOfRobotsOnWhiteSite
33610,18,19
timeStep,numberOfRobotsOnBlackSite,numberOfRobotsOnWhiteSite
33611,18,19
timeStep,numberOfRobotsOnBlackSite,numberOfRobotsOnWhiteSite
33612,18,19
timeStep,numberOfRobotsOnBlackSite,numberOfRobotsOnWhiteSite
33613,18,19
timeStep,numberOfRobotsOnBlackSite,numberOfRobotsOnWhiteSite
33614,18,19
timeStep,numberOfRobotsOnBlackSite,numberOfRobotsOnWhiteSite
33615,18,19
timeStep,numberOfRobotsOnBlackSite,numberOfRobotsOnWhiteSite
33616,18,19
timeStep,numberOfRobotsOnBlackSite,numberOfRobotsOnWhiteSite
33617,18,19
timeStep,numberOfRobotsOnBlackSite,numberOfRobotsOnWhiteSite
33618,18,19
timeStep,numberOfRobotsOnBlackSite,numberOfRobotsOnWhiteSite
33619,18,19
timeStep,numberOfRobotsOnBlackSite,numberOfRobotsOnWhiteSite
33620,19,19
timeStep,numberOfRobotsOnBlackSite,numberOfRobotsOnWhiteSite
33621,19,19
timeStep,numberOfRobotsOnBlackSite,numberOfRobotsOnWhiteSite
33622,19,19
timeStep,numberOfRobotsOnBlackSite,numberOfRobotsOnWhiteSite
33623,19,19
timeStep,numberOfRobotsOnBlackSite,numberOfRobotsOnWhiteSite
33624,19,19
timeStep,numberOfRobotsOnBlackSite,numberOfRobotsOnWhiteSite
33625,19,19
timeStep,numberOfRobotsOnBlackSite,numberOfRobotsOnWhiteSite
33626,19,19
timeStep,numberOfRobotsOnBlackSite,numberOfRobotsOnWhiteSite
33627,19,19
timeStep,numberOfRobotsOnBlackSite,numberOfRobotsOnWhiteSite
33628,19,19
timeStep,numberOfRobotsOnBlackSite,numberOfRobotsOnWhiteSite
33629,19,19
timeStep,numberOfRobotsOnBlackSite,numberOfRobotsOnWhiteSite
33630,19,19
timeStep,numberOfRobotsOnBlackSite,numberOfRobotsOnWhiteSite
33631,19,19
timeStep,numberOfRobotsOnBlackSite,numberOfRobotsOnWhiteSite
33632,19,19
timeStep,numberOfRobotsOnBlackSite,numberOfRobotsOnWhiteSite
33633,19,19
timeStep,numberOfRobotsOnBlackSite,numberOfRobotsOnWhiteSite
33634,19,19
timeStep,numberOfRobotsOnBlackSite,numberOfRobotsOnWhiteSite
33635,19,19
timeStep,numberOfRobotsOnBlackSite,numberOfRobotsOnWhiteSite
33636,19,19
timeStep,numberOfRobotsOnBlackSite,numberOfRobotsOnWhiteSite
33637,19,19
timeStep,numberOfRobotsOnBlackSite,numberOfRobotsOnWhiteSite
33638,19,19
timeStep,numberOfRobotsOnBlackSite,numberOfRobotsOnWhiteSite
33639,19,19
timeStep,numberOfRobotsOnBlackSite,numberOfRobotsOnWhiteSite
33640,18,19
timeStep,numberOfRobotsOnBlackSite,numberOfRobotsOnWhiteSite
33641,18,19
timeStep,numberOfRobotsOnBlackSite,numberOfRobotsOnWhiteSite
33642,18,19
timeStep,numberOfRobotsOnBlackSite,numberOfRobotsOnWhiteSite
33643,18,19
timeStep,numberOfRobotsOnBlackSite,numberOfRobotsOnWhiteSite
33644,18,19
timeStep,numberOfRobotsOnBlackSite,numberOfRobotsOnWhiteSite
33645,18,19
timeStep,numberOfRobotsOnBlackSite,numberOfRobotsOnWhiteSite
33646,18,19
timeStep,numberOfRobotsOnBlackSite,numberOfRobotsOnWhiteSite
33647,18,19
timeStep,numberOfRobotsOnBlackSite,numberOfRobotsOnWhiteSite
33648,18,19
timeStep,numberOfRobotsOnBlackSite,numberOfRobotsOnWhiteSite
33649,18,19
timeStep,numberOfRobotsOnBlackSite,numberOfRobotsOnWhiteSite
33650,18,19
timeStep,numberOfRobotsOnBlackSite,numberOfRobotsOnWhiteSite
33651,18,19
timeStep,numberOfRobotsOnBlackSite,numberOfRobotsOnWhiteSite
33652,18,19
timeStep,numberOfRobotsOnBlackSite,numberOfRobotsOnWhiteSite
33653,18,19
timeStep,numberOfRobotsOnBlackSite,numberOfRobotsOnWhiteSite
33654,18,19
timeStep,numberOfRobotsOnBlackSite,numberOfRobotsOnWhiteSite
33655,18,19
timeStep,numberOfRobotsOnBlackSite,numberOfRobotsOnWhiteSite
33656,18,19
timeStep,numberOfRobotsOnBlackSite,numberOfRobotsOnWhiteSite
33657,18,19
timeStep,numberOfRobotsOnBlackSite,numberOfRobotsOnWhiteSite
33658,18,19
timeStep,numberOfRobotsOnBlackSite,numberOfRobotsOnWhiteSite
33659,18,19
timeStep,numberOfRobotsOnBlackSite,numberOfRobotsOnWhiteSite
33660,18,19
timeStep,numberOfRobotsOnBlackSite,numberOfRobotsOnWhiteSite
33661,18,19
timeStep,numberOfRobotsOnBlackSite,numberOfRobotsOnWhiteSite
33662,18,19
timeStep,numberOfRobotsOnBlackSite,numberOfRobotsOnWhiteSite
33663,18,19
timeStep,numberOfRobotsOnBlackSite,numberOfRobotsOnWhiteSite
33664,18,19
timeStep,numberOfRobotsOnBlackSite,numberOfRobotsOnWhiteSite
33665,18,19
timeStep,numberOfRobotsOnBlackSite,numberOfRobotsOnWhiteSite
33666,18,19
timeStep,numberOfRobotsOnBlackSite,numberOfRobotsOnWhiteSite
33667,18,19
timeStep,numberOfRobotsOnBlackSite,numberOfRobotsOnWhiteSite
33668,18,19
timeStep,numberOfRobotsOnBlackSite,numberOfRobotsOnWhiteSite
33669,18,19
timeStep,numberOfRobotsOnBlackSite,numberOfRobotsOnWhiteSite
33670,18,18
timeStep,numberOfRobotsOnBlackSite,numberOfRobotsOnWhiteSite
33671,18,18
timeStep,numberOfRobotsOnBlackSite,numberOfRobotsOnWhiteSite
33672,18,18
timeStep,numberOfRobotsOnBlackSite,numberOfRobotsOnWhiteSite
33673,18,18
timeStep,numberOfRobotsOnBlackSite,numberOfRobotsOnWhiteSite
33674,18,18
timeStep,numberOfRobotsOnBlackSite,numberOfRobotsOnWhiteSite
33675,18,18
timeStep,numberOfRobotsOnBlackSite,numberOfRobotsOnWhiteSite
33676,18,18
timeStep,numberOfRobotsOnBlackSite,numberOfRobotsOnWhiteSite
33677,18,18
timeStep,numberOfRobotsOnBlackSite,numberOfRobotsOnWhiteSite
33678,18,18
timeStep,numberOfRobotsOnBlackSite,numberOfRobotsOnWhiteSite
33679,18,18
timeStep,numberOfRobotsOnBlackSite,numberOfRobotsOnWhiteSite
33680,18,18
timeStep,numberOfRobotsOnBlackSite,numberOfRobotsOnWhiteSite
33681,18,18
timeStep,numberOfRobotsOnBlackSite,numberOfRobotsOnWhiteSite
33682,18,18
timeStep,numberOfRobotsOnBlackSite,numberOfRobotsOnWhiteSite
33683,18,18
timeStep,numberOfRobotsOnBlackSite,numberOfRobotsOnWhiteSite
33684,18,18
timeStep,numberOfRobotsOnBlackSite,numberOfRobotsOnWhiteSite
33685,18,18
timeStep,numberOfRobotsOnBlackSite,numberOfRobotsOnWhiteSite
33686,18,18
timeStep,numberOfRobotsOnBlackSite,numberOfRobotsOnWhiteSite
33687,18,18
timeStep,numberOfRobotsOnBlackSite,numberOfRobotsOnWhiteSite
33688,18,18
timeStep,numberOfRobotsOnBlackSite,numberOfRobotsOnWhiteSite
33689,18,18
timeStep,numberOfRobotsOnBlackSite,numberOfRobotsOnWhiteSite
33690,18,20
timeStep,numberOfRobotsOnBlackSite,numberOfRobotsOnWhiteSite
33691,18,20
timeStep,numberOfRobotsOnBlackSite,numberOfRobotsOnWhiteSite
33692,18,20
timeStep,numberOfRobotsOnBlackSite,numberOfRobotsOnWhiteSite
33693,18,20
timeStep,numberOfRobotsOnBlackSite,numberOfRobotsOnWhiteSite
33694,18,20
timeStep,numberOfRobotsOnBlackSite,numberOfRobotsOnWhiteSite
33695,17,20
timeStep,numberOfRobotsOnBlackSite,numberOfRobotsOnWhiteSite
33696,17,20
timeStep,numberOfRobotsOnBlackSite,numberOfRobotsOnWhiteSite
33697,17,20
timeStep,numberOfRobotsOnBlackSite,numberOfRobotsOnWhiteSite
33698,17,20
timeStep,numberOfRobotsOnBlackSite,numberOfRobotsOnWhiteSite
33699,17,20
timeStep,numberOfRobotsOnBlackSite,numberOfRobotsOnWhiteSite
33700,17,20
timeStep,numberOfRobotsOnBlackSite,numberOfRobotsOnWhiteSite
33701,17,20
timeStep,numberOfRobotsOnBlackSite,numberOfRobotsOnWhiteSite
33702,17,20
timeStep,numberOfRobotsOnBlackSite,numberOfRobotsOnWhiteSite
33703,17,20
timeStep,numberOfRobotsOnBlackSite,numberOfRobotsOnWhiteSite
33704,17,20
timeStep,numberOfRobotsOnBlackSite,numberOfRobotsOnWhiteSite
33705,17,20
timeStep,numberOfRobotsOnBlackSite,numberOfRobotsOnWhiteSite
33706,17,20
timeStep,numberOfRobotsOnBlackSite,numberOfRobotsOnWhiteSite
33707,17,20
timeStep,numberOfRobotsOnBlackSite,numberOfRobotsOnWhiteSite
33708,17,20
timeStep,numberOfRobotsOnBlackSite,numberOfRobotsOnWhiteSite
33709,17,20
timeStep,numberOfRobotsOnBlackSite,numberOfRobotsOnWhiteSite
33710,17,19
timeStep,numberOfRobotsOnBlackSite,numberOfRobotsOnWhiteSite
33711,17,19
timeStep,numberOfRobotsOnBlackSite,numberOfRobotsOnWhiteSite
33712,17,19
timeStep,numberOfRobotsOnBlackSite,numberOfRobotsOnWhiteSite
33713,17,19
timeStep,numberOfRobotsOnBlackSite,numberOfRobotsOnWhiteSite
33714,17,19
timeStep,numberOfRobotsOnBlackSite,numberOfRobotsOnWhiteSite
33715,17,19
timeStep,numberOfRobotsOnBlackSite,numberOfRobotsOnWhiteSite
33716,17,19
timeStep,numberOfRobotsOnBlackSite,numberOfRobotsOnWhiteSite
33717,17,19
timeStep,numberOfRobotsOnBlackSite,numberOfRobotsOnWhiteSite
33718,17,19
timeStep,numberOfRobotsOnBlackSite,numberOfRobotsOnWhiteSite
33719,17,19
timeStep,numberOfRobotsOnBlackSite,numberOfRobotsOnWhiteSite
33720,17,19
timeStep,numberOfRobotsOnBlackSite,numberOfRobotsOnWhiteSite
33721,17,19
timeStep,numberOfRobotsOnBlackSite,numberOfRobotsOnWhiteSite
33722,17,19
timeStep,numberOfRobotsOnBlackSite,numberOfRobotsOnWhiteSite
33723,17,19
timeStep,numberOfRobotsOnBlackSite,numberOfRobotsOnWhiteSite
33724,17,19
timeStep,numberOfRobotsOnBlackSite,numberOfRobotsOnWhiteSite
33725,17,20
timeStep,numberOfRobotsOnBlackSite,numberOfRobotsOnWhiteSite
33726,17,20
timeStep,numberOfRobotsOnBlackSite,numberOfRobotsOnWhiteSite
33727,17,20
timeStep,numberOfRobotsOnBlackSite,numberOfRobotsOnWhiteSite
33728,17,20
timeStep,numberOfRobotsOnBlackSite,numberOfRobotsOnWhiteSite
33729,17,20
timeStep,numberOfRobotsOnBlackSite,numberOfRobotsOnWhiteSite
33730,17,20
timeStep,numberOfRobotsOnBlackSite,numberOfRobotsOnWhiteSite
33731,17,20
timeStep,numberOfRobotsOnBlackSite,numberOfRobotsOnWhiteSite
33732,17,20
timeStep,numberOfRobotsOnBlackSite,numberOfRobotsOnWhiteSite
33733,17,20
timeStep,numberOfRobotsOnBlackSite,numberOfRobotsOnWhiteSite
33734,17,20
timeStep,numberOfRobotsOnBlackSite,numberOfRobotsOnWhiteSite
33735,17,20
timeStep,numberOfRobotsOnBlackSite,numberOfRobotsOnWhiteSite
33736,17,20
timeStep,numberOfRobotsOnBlackSite,numberOfRobotsOnWhiteSite
33737,17,20
timeStep,numberOfRobotsOnBlackSite,numberOfRobotsOnWhiteSite
33738,17,20
timeStep,numberOfRobotsOnBlackSite,numberOfRobotsOnWhiteSite
33739,17,20
timeStep,numberOfRobotsOnBlackSite,numberOfRobotsOnWhiteSite
33740,17,20
timeStep,numberOfRobotsOnBlackSite,numberOfRobotsOnWhiteSite
33741,17,20
timeStep,numberOfRobotsOnBlackSite,numberOfRobotsOnWhiteSite
33742,17,20
timeStep,numberOfRobotsOnBlackSite,numberOfRobotsOnWhiteSite
33743,17,20
timeStep,numberOfRobotsOnBlackSite,numberOfRobotsOnWhiteSite
33744,17,20
timeStep,numberOfRobotsOnBlackSite,numberOfRobotsOnWhiteSite
33745,17,20
timeStep,numberOfRobotsOnBlackSite,numberOfRobotsOnWhiteSite
33746,17,20
timeStep,numberOfRobotsOnBlackSite,numberOfRobotsOnWhiteSite
33747,17,20
timeStep,numberOfRobotsOnBlackSite,numberOfRobotsOnWhiteSite
33748,17,20
timeStep,numberOfRobotsOnBlackSite,numberOfRobotsOnWhiteSite
33749,17,20
timeStep,numberOfRobotsOnBlackSite,numberOfRobotsOnWhiteSite
33750,17,20
timeStep,numberOfRobotsOnBlackSite,numberOfRobotsOnWhiteSite
33751,17,20
timeStep,numberOfRobotsOnBlackSite,numberOfRobotsOnWhiteSite
33752,17,20
timeStep,numberOfRobotsOnBlackSite,numberOfRobotsOnWhiteSite
33753,17,20
timeStep,numberOfRobotsOnBlackSite,numberOfRobotsOnWhiteSite
33754,17,20
timeStep,numberOfRobotsOnBlackSite,numberOfRobotsOnWhiteSite
33755,17,20
timeStep,numberOfRobotsOnBlackSite,numberOfRobotsOnWhiteSite
33756,17,20
timeStep,numberOfRobotsOnBlackSite,numberOfRobotsOnWhiteSite
33757,17,20
timeStep,numberOfRobotsOnBlackSite,numberOfRobotsOnWhiteSite
33758,17,20
timeStep,numberOfRobotsOnBlackSite,numberOfRobotsOnWhiteSite
33759,17,20
timeStep,numberOfRobotsOnBlackSite,numberOfRobotsOnWhiteSite
33760,17,20
timeStep,numberOfRobotsOnBlackSite,numberOfRobotsOnWhiteSite
33761,17,20
timeStep,numberOfRobotsOnBlackSite,numberOfRobotsOnWhiteSite
33762,17,20
timeStep,numberOfRobotsOnBlackSite,numberOfRobotsOnWhiteSite
33763,17,20
timeStep,numberOfRobotsOnBlackSite,numberOfRobotsOnWhiteSite
33764,17,20
timeStep,numberOfRobotsOnBlackSite,numberOfRobotsOnWhiteSite
33765,17,20
timeStep,numberOfRobotsOnBlackSite,numberOfRobotsOnWhiteSite
33766,17,20
timeStep,numberOfRobotsOnBlackSite,numberOfRobotsOnWhiteSite
33767,17,20
timeStep,numberOfRobotsOnBlackSite,numberOfRobotsOnWhiteSite
33768,17,20
timeStep,numberOfRobotsOnBlackSite,numberOfRobotsOnWhiteSite
33769,17,20
timeStep,numberOfRobotsOnBlackSite,numberOfRobotsOnWhiteSite
33770,17,20
timeStep,numberOfRobotsOnBlackSite,numberOfRobotsOnWhiteSite
33771,17,20
timeStep,numberOfRobotsOnBlackSite,numberOfRobotsOnWhiteSite
33772,17,20
timeStep,numberOfRobotsOnBlackSite,numberOfRobotsOnWhiteSite
33773,17,20
timeStep,numberOfRobotsOnBlackSite,numberOfRobotsOnWhiteSite
33774,17,20
timeStep,numberOfRobotsOnBlackSite,numberOfRobotsOnWhiteSite
33775,17,20
timeStep,numberOfRobotsOnBlackSite,numberOfRobotsOnWhiteSite
33776,17,20
timeStep,numberOfRobotsOnBlackSite,numberOfRobotsOnWhiteSite
33777,17,20
timeStep,numberOfRobotsOnBlackSite,numberOfRobotsOnWhiteSite
33778,17,20
timeStep,numberOfRobotsOnBlackSite,numberOfRobotsOnWhiteSite
33779,17,20
timeStep,numberOfRobotsOnBlackSite,numberOfRobotsOnWhiteSite
33780,18,20
timeStep,numberOfRobotsOnBlackSite,numberOfRobotsOnWhiteSite
33781,18,20
timeStep,numberOfRobotsOnBlackSite,numberOfRobotsOnWhiteSite
33782,18,20
timeStep,numberOfRobotsOnBlackSite,numberOfRobotsOnWhiteSite
33783,18,20
timeStep,numberOfRobotsOnBlackSite,numberOfRobotsOnWhiteSite
33784,18,20
timeStep,numberOfRobotsOnBlackSite,numberOfRobotsOnWhiteSite
33785,18,20
timeStep,numberOfRobotsOnBlackSite,numberOfRobotsOnWhiteSite
33786,18,20
timeStep,numberOfRobotsOnBlackSite,numberOfRobotsOnWhiteSite
33787,18,20
timeStep,numberOfRobotsOnBlackSite,numberOfRobotsOnWhiteSite
33788,18,20
timeStep,numberOfRobotsOnBlackSite,numberOfRobotsOnWhiteSite
33789,18,20
timeStep,numberOfRobotsOnBlackSite,numberOfRobotsOnWhiteSite
33790,18,20
timeStep,numberOfRobotsOnBlackSite,numberOfRobotsOnWhiteSite
33791,18,20
timeStep,numberOfRobotsOnBlackSite,numberOfRobotsOnWhiteSite
33792,18,20
timeStep,numberOfRobotsOnBlackSite,numberOfRobotsOnWhiteSite
33793,18,20
timeStep,numberOfRobotsOnBlackSite,numberOfRobotsOnWhiteSite
33794,18,20
timeStep,numberOfRobotsOnBlackSite,numberOfRobotsOnWhiteSite
33795,18,20
timeStep,numberOfRobotsOnBlackSite,numberOfRobotsOnWhiteSite
33796,18,20
timeStep,numberOfRobotsOnBlackSite,numberOfRobotsOnWhiteSite
33797,18,20
timeStep,numberOfRobotsOnBlackSite,numberOfRobotsOnWhiteSite
33798,18,20
timeStep,numberOfRobotsOnBlackSite,numberOfRobotsOnWhiteSite
33799,18,20
timeStep,numberOfRobotsOnBlackSite,numberOfRobotsOnWhiteSite
33800,18,20
timeStep,numberOfRobotsOnBlackSite,numberOfRobotsOnWhiteSite
33801,18,20
timeStep,numberOfRobotsOnBlackSite,numberOfRobotsOnWhiteSite
33802,18,20
timeStep,numberOfRobotsOnBlackSite,numberOfRobotsOnWhiteSite
33803,18,20
timeStep,numberOfRobotsOnBlackSite,numberOfRobotsOnWhiteSite
33804,18,20
timeStep,numberOfRobotsOnBlackSite,numberOfRobotsOnWhiteSite
33805,18,20
timeStep,numberOfRobotsOnBlackSite,numberOfRobotsOnWhiteSite
33806,18,20
timeStep,numberOfRobotsOnBlackSite,numberOfRobotsOnWhiteSite
33807,18,20
timeStep,numberOfRobotsOnBlackSite,numberOfRobotsOnWhiteSite
33808,18,20
timeStep,numberOfRobotsOnBlackSite,numberOfRobotsOnWhiteSite
33809,18,20
timeStep,numberOfRobotsOnBlackSite,numberOfRobotsOnWhiteSite
33810,18,20
timeStep,numberOfRobotsOnBlackSite,numberOfRobotsOnWhiteSite
33811,18,20
timeStep,numberOfRobotsOnBlackSite,numberOfRobotsOnWhiteSite
33812,18,20
timeStep,numberOfRobotsOnBlackSite,numberOfRobotsOnWhiteSite
33813,18,20
timeStep,numberOfRobotsOnBlackSite,numberOfRobotsOnWhiteSite
33814,18,20
timeStep,numberOfRobotsOnBlackSite,numberOfRobotsOnWhiteSite
33815,18,19
timeStep,numberOfRobotsOnBlackSite,numberOfRobotsOnWhiteSite
33816,18,19
timeStep,numberOfRobotsOnBlackSite,numberOfRobotsOnWhiteSite
33817,18,19
timeStep,numberOfRobotsOnBlackSite,numberOfRobotsOnWhiteSite
33818,18,19
timeStep,numberOfRobotsOnBlackSite,numberOfRobotsOnWhiteSite
33819,18,19
timeStep,numberOfRobotsOnBlackSite,numberOfRobotsOnWhiteSite
33820,18,19
timeStep,numberOfRobotsOnBlackSite,numberOfRobotsOnWhiteSite
33821,18,19
timeStep,numberOfRobotsOnBlackSite,numberOfRobotsOnWhiteSite
33822,18,19
timeStep,numberOfRobotsOnBlackSite,numberOfRobotsOnWhiteSite
33823,18,19
timeStep,numberOfRobotsOnBlackSite,numberOfRobotsOnWhiteSite
33824,18,19
timeStep,numberOfRobotsOnBlackSite,numberOfRobotsOnWhiteSite
33825,18,19
timeStep,numberOfRobotsOnBlackSite,numberOfRobotsOnWhiteSite
33826,18,19
timeStep,numberOfRobotsOnBlackSite,numberOfRobotsOnWhiteSite
33827,18,19
timeStep,numberOfRobotsOnBlackSite,numberOfRobotsOnWhiteSite
33828,18,19
timeStep,numberOfRobotsOnBlackSite,numberOfRobotsOnWhiteSite
33829,18,19
timeStep,numberOfRobotsOnBlackSite,numberOfRobotsOnWhiteSite
33830,18,19
timeStep,numberOfRobotsOnBlackSite,numberOfRobotsOnWhiteSite
33831,18,19
timeStep,numberOfRobotsOnBlackSite,numberOfRobotsOnWhiteSite
33832,18,19
timeStep,numberOfRobotsOnBlackSite,numberOfRobotsOnWhiteSite
33833,18,19
timeStep,numberOfRobotsOnBlackSite,numberOfRobotsOnWhiteSite
33834,18,19
timeStep,numberOfRobotsOnBlackSite,numberOfRobotsOnWhiteSite
33835,18,19
timeStep,numberOfRobotsOnBlackSite,numberOfRobotsOnWhiteSite
33836,18,19
timeStep,numberOfRobotsOnBlackSite,numberOfRobotsOnWhiteSite
33837,18,19
timeStep,numberOfRobotsOnBlackSite,numberOfRobotsOnWhiteSite
33838,18,19
timeStep,numberOfRobotsOnBlackSite,numberOfRobotsOnWhiteSite
33839,18,19
timeStep,numberOfRobotsOnBlackSite,numberOfRobotsOnWhiteSite
33840,19,18
timeStep,numberOfRobotsOnBlackSite,numberOfRobotsOnWhiteSite
33841,19,18
timeStep,numberOfRobotsOnBlackSite,numberOfRobotsOnWhiteSite
33842,19,18
timeStep,numberOfRobotsOnBlackSite,numberOfRobotsOnWhiteSite
33843,19,18
timeStep,numberOfRobotsOnBlackSite,numberOfRobotsOnWhiteSite
33844,19,18
timeStep,numberOfRobotsOnBlackSite,numberOfRobotsOnWhiteSite
33845,19,18
timeStep,numberOfRobotsOnBlackSite,numberOfRobotsOnWhiteSite
33846,19,18
timeStep,numberOfRobotsOnBlackSite,numberOfRobotsOnWhiteSite
33847,19,18
timeStep,numberOfRobotsOnBlackSite,numberOfRobotsOnWhiteSite
33848,19,18
timeStep,numberOfRobotsOnBlackSite,numberOfRobotsOnWhiteSite
33849,19,18
timeStep,numberOfRobotsOnBlackSite,numberOfRobotsOnWhiteSite
33850,19,18
timeStep,numberOfRobotsOnBlackSite,numberOfRobotsOnWhiteSite
33851,19,18
timeStep,numberOfRobotsOnBlackSite,numberOfRobotsOnWhiteSite
33852,19,18
timeStep,numberOfRobotsOnBlackSite,numberOfRobotsOnWhiteSite
33853,19,18
timeStep,numberOfRobotsOnBlackSite,numberOfRobotsOnWhiteSite
33854,19,18
timeStep,numberOfRobotsOnBlackSite,numberOfRobotsOnWhiteSite
33855,18,18
timeStep,numberOfRobotsOnBlackSite,numberOfRobotsOnWhiteSite
33856,18,18
timeStep,numberOfRobotsOnBlackSite,numberOfRobotsOnWhiteSite
33857,18,18
timeStep,numberOfRobotsOnBlackSite,numberOfRobotsOnWhiteSite
33858,18,18
timeStep,numberOfRobotsOnBlackSite,numberOfRobotsOnWhiteSite
33859,18,18
timeStep,numberOfRobotsOnBlackSite,numberOfRobotsOnWhiteSite
33860,18,18
timeStep,numberOfRobotsOnBlackSite,numberOfRobotsOnWhiteSite
33861,18,18
timeStep,numberOfRobotsOnBlackSite,numberOfRobotsOnWhiteSite
33862,18,18
timeStep,numberOfRobotsOnBlackSite,numberOfRobotsOnWhiteSite
33863,18,18
timeStep,numberOfRobotsOnBlackSite,numberOfRobotsOnWhiteSite
33864,18,18
timeStep,numberOfRobotsOnBlackSite,numberOfRobotsOnWhiteSite
33865,18,18
timeStep,numberOfRobotsOnBlackSite,numberOfRobotsOnWhiteSite
33866,18,18
timeStep,numberOfRobotsOnBlackSite,numberOfRobotsOnWhiteSite
33867,18,18
timeStep,numberOfRobotsOnBlackSite,numberOfRobotsOnWhiteSite
33868,18,18
timeStep,numberOfRobotsOnBlackSite,numberOfRobotsOnWhiteSite
33869,18,18
timeStep,numberOfRobotsOnBlackSite,numberOfRobotsOnWhiteSite
33870,18,18
timeStep,numberOfRobotsOnBlackSite,numberOfRobotsOnWhiteSite
33871,18,18
timeStep,numberOfRobotsOnBlackSite,numberOfRobotsOnWhiteSite
33872,18,18
timeStep,numberOfRobotsOnBlackSite,numberOfRobotsOnWhiteSite
33873,18,18
timeStep,numberOfRobotsOnBlackSite,numberOfRobotsOnWhiteSite
33874,18,18
timeStep,numberOfRobotsOnBlackSite,numberOfRobotsOnWhiteSite
33875,18,18
timeStep,numberOfRobotsOnBlackSite,numberOfRobotsOnWhiteSite
33876,18,18
timeStep,numberOfRobotsOnBlackSite,numberOfRobotsOnWhiteSite
33877,18,18
timeStep,numberOfRobotsOnBlackSite,numberOfRobotsOnWhiteSite
33878,18,18
timeStep,numberOfRobotsOnBlackSite,numberOfRobotsOnWhiteSite
33879,18,18
timeStep,numberOfRobotsOnBlackSite,numberOfRobotsOnWhiteSite
33880,18,18
timeStep,numberOfRobotsOnBlackSite,numberOfRobotsOnWhiteSite
33881,18,18
timeStep,numberOfRobotsOnBlackSite,numberOfRobotsOnWhiteSite
33882,18,18
timeStep,numberOfRobotsOnBlackSite,numberOfRobotsOnWhiteSite
33883,18,18
timeStep,numberOfRobotsOnBlackSite,numberOfRobotsOnWhiteSite
33884,18,18
timeStep,numberOfRobotsOnBlackSite,numberOfRobotsOnWhiteSite
33885,18,18
timeStep,numberOfRobotsOnBlackSite,numberOfRobotsOnWhiteSite
33886,18,18
timeStep,numberOfRobotsOnBlackSite,numberOfRobotsOnWhiteSite
33887,18,18
timeStep,numberOfRobotsOnBlackSite,numberOfRobotsOnWhiteSite
33888,18,18
timeStep,numberOfRobotsOnBlackSite,numberOfRobotsOnWhiteSite
33889,18,18
timeStep,numberOfRobotsOnBlackSite,numberOfRobotsOnWhiteSite
33890,18,18
timeStep,numberOfRobotsOnBlackSite,numberOfRobotsOnWhiteSite
33891,18,18
timeStep,numberOfRobotsOnBlackSite,numberOfRobotsOnWhiteSite
33892,18,18
timeStep,numberOfRobotsOnBlackSite,numberOfRobotsOnWhiteSite
33893,18,18
timeStep,numberOfRobotsOnBlackSite,numberOfRobotsOnWhiteSite
33894,18,18
timeStep,numberOfRobotsOnBlackSite,numberOfRobotsOnWhiteSite
33895,18,19
timeStep,numberOfRobotsOnBlackSite,numberOfRobotsOnWhiteSite
33896,18,19
timeStep,numberOfRobotsOnBlackSite,numberOfRobotsOnWhiteSite
33897,18,19
timeStep,numberOfRobotsOnBlackSite,numberOfRobotsOnWhiteSite
33898,18,19
timeStep,numberOfRobotsOnBlackSite,numberOfRobotsOnWhiteSite
33899,18,19
timeStep,numberOfRobotsOnBlackSite,numberOfRobotsOnWhiteSite
33900,18,19
timeStep,numberOfRobotsOnBlackSite,numberOfRobotsOnWhiteSite
33901,18,19
timeStep,numberOfRobotsOnBlackSite,numberOfRobotsOnWhiteSite
33902,18,19
timeStep,numberOfRobotsOnBlackSite,numberOfRobotsOnWhiteSite
33903,18,19
timeStep,numberOfRobotsOnBlackSite,numberOfRobotsOnWhiteSite
33904,18,19
timeStep,numberOfRobotsOnBlackSite,numberOfRobotsOnWhiteSite
33905,18,19
timeStep,numberOfRobotsOnBlackSite,numberOfRobotsOnWhiteSite
33906,18,19
timeStep,numberOfRobotsOnBlackSite,numberOfRobotsOnWhiteSite
33907,18,19
timeStep,numberOfRobotsOnBlackSite,numberOfRobotsOnWhiteSite
33908,18,19
timeStep,numberOfRobotsOnBlackSite,numberOfRobotsOnWhiteSite
33909,18,19
timeStep,numberOfRobotsOnBlackSite,numberOfRobotsOnWhiteSite
33910,18,19
timeStep,numberOfRobotsOnBlackSite,numberOfRobotsOnWhiteSite
33911,18,19
timeStep,numberOfRobotsOnBlackSite,numberOfRobotsOnWhiteSite
33912,18,19
timeStep,numberOfRobotsOnBlackSite,numberOfRobotsOnWhiteSite
33913,18,19
timeStep,numberOfRobotsOnBlackSite,numberOfRobotsOnWhiteSite
33914,18,19
timeStep,numberOfRobotsOnBlackSite,numberOfRobotsOnWhiteSite
33915,18,19
timeStep,numberOfRobotsOnBlackSite,numberOfRobotsOnWhiteSite
33916,18,19
timeStep,numberOfRobotsOnBlackSite,numberOfRobotsOnWhiteSite
33917,18,19
timeStep,numberOfRobotsOnBlackSite,numberOfRobotsOnWhiteSite
33918,18,19
timeStep,numberOfRobotsOnBlackSite,numberOfRobotsOnWhiteSite
33919,18,19
timeStep,numberOfRobotsOnBlackSite,numberOfRobotsOnWhiteSite
33920,18,19
timeStep,numberOfRobotsOnBlackSite,numberOfRobotsOnWhiteSite
33921,18,19
timeStep,numberOfRobotsOnBlackSite,numberOfRobotsOnWhiteSite
33922,18,19
timeStep,numberOfRobotsOnBlackSite,numberOfRobotsOnWhiteSite
33923,18,19
timeStep,numberOfRobotsOnBlackSite,numberOfRobotsOnWhiteSite
33924,18,19
timeStep,numberOfRobotsOnBlackSite,numberOfRobotsOnWhiteSite
33925,18,19
timeStep,numberOfRobotsOnBlackSite,numberOfRobotsOnWhiteSite
33926,18,19
timeStep,numberOfRobotsOnBlackSite,numberOfRobotsOnWhiteSite
33927,18,19
timeStep,numberOfRobotsOnBlackSite,numberOfRobotsOnWhiteSite
33928,18,19
timeStep,numberOfRobotsOnBlackSite,numberOfRobotsOnWhiteSite
33929,18,19
timeStep,numberOfRobotsOnBlackSite,numberOfRobotsOnWhiteSite
33930,18,19
timeStep,numberOfRobotsOnBlackSite,numberOfRobotsOnWhiteSite
33931,18,19
timeStep,numberOfRobotsOnBlackSite,numberOfRobotsOnWhiteSite
33932,18,19
timeStep,numberOfRobotsOnBlackSite,numberOfRobotsOnWhiteSite
33933,18,19
timeStep,numberOfRobotsOnBlackSite,numberOfRobotsOnWhiteSite
33934,18,19
timeStep,numberOfRobotsOnBlackSite,numberOfRobotsOnWhiteSite
33935,19,19
timeStep,numberOfRobotsOnBlackSite,numberOfRobotsOnWhiteSite
33936,19,19
timeStep,numberOfRobotsOnBlackSite,numberOfRobotsOnWhiteSite
33937,19,19
timeStep,numberOfRobotsOnBlackSite,numberOfRobotsOnWhiteSite
33938,19,19
timeStep,numberOfRobotsOnBlackSite,numberOfRobotsOnWhiteSite
33939,19,19
timeStep,numberOfRobotsOnBlackSite,numberOfRobotsOnWhiteSite
33940,19,19
timeStep,numberOfRobotsOnBlackSite,numberOfRobotsOnWhiteSite
33941,19,19
timeStep,numberOfRobotsOnBlackSite,numberOfRobotsOnWhiteSite
33942,19,19
timeStep,numberOfRobotsOnBlackSite,numberOfRobotsOnWhiteSite
33943,19,19
timeStep,numberOfRobotsOnBlackSite,numberOfRobotsOnWhiteSite
33944,19,19
timeStep,numberOfRobotsOnBlackSite,numberOfRobotsOnWhiteSite
33945,19,19
timeStep,numberOfRobotsOnBlackSite,numberOfRobotsOnWhiteSite
33946,19,19
timeStep,numberOfRobotsOnBlackSite,numberOfRobotsOnWhiteSite
33947,19,19
timeStep,numberOfRobotsOnBlackSite,numberOfRobotsOnWhiteSite
33948,19,19
timeStep,numberOfRobotsOnBlackSite,numberOfRobotsOnWhiteSite
33949,19,19
timeStep,numberOfRobotsOnBlackSite,numberOfRobotsOnWhiteSite
33950,19,19
timeStep,numberOfRobotsOnBlackSite,numberOfRobotsOnWhiteSite
33951,19,19
timeStep,numberOfRobotsOnBlackSite,numberOfRobotsOnWhiteSite
33952,19,19
timeStep,numberOfRobotsOnBlackSite,numberOfRobotsOnWhiteSite
33953,19,19
timeStep,numberOfRobotsOnBlackSite,numberOfRobotsOnWhiteSite
33954,19,19
timeStep,numberOfRobotsOnBlackSite,numberOfRobotsOnWhiteSite
33955,20,19
timeStep,numberOfRobotsOnBlackSite,numberOfRobotsOnWhiteSite
33956,20,19
timeStep,numberOfRobotsOnBlackSite,numberOfRobotsOnWhiteSite
33957,20,19
timeStep,numberOfRobotsOnBlackSite,numberOfRobotsOnWhiteSite
33958,20,19
timeStep,numberOfRobotsOnBlackSite,numberOfRobotsOnWhiteSite
33959,20,19
timeStep,numberOfRobotsOnBlackSite,numberOfRobotsOnWhiteSite
33960,19,19
timeStep,numberOfRobotsOnBlackSite,numberOfRobotsOnWhiteSite
33961,19,19
timeStep,numberOfRobotsOnBlackSite,numberOfRobotsOnWhiteSite
33962,19,19
timeStep,numberOfRobotsOnBlackSite,numberOfRobotsOnWhiteSite
33963,19,19
timeStep,numberOfRobotsOnBlackSite,numberOfRobotsOnWhiteSite
33964,19,19
timeStep,numberOfRobotsOnBlackSite,numberOfRobotsOnWhiteSite
33965,18,19
timeStep,numberOfRobotsOnBlackSite,numberOfRobotsOnWhiteSite
33966,18,19
timeStep,numberOfRobotsOnBlackSite,numberOfRobotsOnWhiteSite
33967,18,19
timeStep,numberOfRobotsOnBlackSite,numberOfRobotsOnWhiteSite
33968,18,19
timeStep,numberOfRobotsOnBlackSite,numberOfRobotsOnWhiteSite
33969,18,19
timeStep,numberOfRobotsOnBlackSite,numberOfRobotsOnWhiteSite
33970,18,19
timeStep,numberOfRobotsOnBlackSite,numberOfRobotsOnWhiteSite
33971,18,19
timeStep,numberOfRobotsOnBlackSite,numberOfRobotsOnWhiteSite
33972,18,19
timeStep,numberOfRobotsOnBlackSite,numberOfRobotsOnWhiteSite
33973,18,19
timeStep,numberOfRobotsOnBlackSite,numberOfRobotsOnWhiteSite
33974,18,19
timeStep,numberOfRobotsOnBlackSite,numberOfRobotsOnWhiteSite
33975,18,19
timeStep,numberOfRobotsOnBlackSite,numberOfRobotsOnWhiteSite
33976,18,19
timeStep,numberOfRobotsOnBlackSite,numberOfRobotsOnWhiteSite
33977,18,19
timeStep,numberOfRobotsOnBlackSite,numberOfRobotsOnWhiteSite
33978,18,19
timeStep,numberOfRobotsOnBlackSite,numberOfRobotsOnWhiteSite
33979,18,19
timeStep,numberOfRobotsOnBlackSite,numberOfRobotsOnWhiteSite
33980,18,19
timeStep,numberOfRobotsOnBlackSite,numberOfRobotsOnWhiteSite
33981,18,19
timeStep,numberOfRobotsOnBlackSite,numberOfRobotsOnWhiteSite
33982,18,19
timeStep,numberOfRobotsOnBlackSite,numberOfRobotsOnWhiteSite
33983,18,19
timeStep,numberOfRobotsOnBlackSite,numberOfRobotsOnWhiteSite
33984,18,19
timeStep,numberOfRobotsOnBlackSite,numberOfRobotsOnWhiteSite
33985,18,19
timeStep,numberOfRobotsOnBlackSite,numberOfRobotsOnWhiteSite
33986,18,19
timeStep,numberOfRobotsOnBlackSite,numberOfRobotsOnWhiteSite
33987,18,19
timeStep,numberOfRobotsOnBlackSite,numberOfRobotsOnWhiteSite
33988,18,19
timeStep,numberOfRobotsOnBlackSite,numberOfRobotsOnWhiteSite
33989,18,19
timeStep,numberOfRobotsOnBlackSite,numberOfRobotsOnWhiteSite
33990,18,19
timeStep,numberOfRobotsOnBlackSite,numberOfRobotsOnWhiteSite
33991,18,19
timeStep,numberOfRobotsOnBlackSite,numberOfRobotsOnWhiteSite
33992,18,19
timeStep,numberOfRobotsOnBlackSite,numberOfRobotsOnWhiteSite
33993,18,19
timeStep,numberOfRobotsOnBlackSite,numberOfRobotsOnWhiteSite
33994,18,19
timeStep,numberOfRobotsOnBlackSite,numberOfRobotsOnWhiteSite
33995,19,19
timeStep,numberOfRobotsOnBlackSite,numberOfRobotsOnWhiteSite
33996,19,19
timeStep,numberOfRobotsOnBlackSite,numberOfRobotsOnWhiteSite
33997,19,19
timeStep,numberOfRobotsOnBlackSite,numberOfRobotsOnWhiteSite
33998,19,19
timeStep,numberOfRobotsOnBlackSite,numberOfRobotsOnWhiteSite
33999,19,19
timeStep,numberOfRobotsOnBlackSite,numberOfRobotsOnWhiteSite
34000,19,18
timeStep,numberOfRobotsOnBlackSite,numberOfRobotsOnWhiteSite
34001,19,18
timeStep,numberOfRobotsOnBlackSite,numberOfRobotsOnWhiteSite
34002,19,18
timeStep,numberOfRobotsOnBlackSite,numberOfRobotsOnWhiteSite
34003,19,18
timeStep,numberOfRobotsOnBlackSite,numberOfRobotsOnWhiteSite
34004,19,18
timeStep,numberOfRobotsOnBlackSite,numberOfRobotsOnWhiteSite
34005,19,18
timeStep,numberOfRobotsOnBlackSite,numberOfRobotsOnWhiteSite
34006,19,18
timeStep,numberOfRobotsOnBlackSite,numberOfRobotsOnWhiteSite
34007,19,18
timeStep,numberOfRobotsOnBlackSite,numberOfRobotsOnWhiteSite
34008,19,18
timeStep,numberOfRobotsOnBlackSite,numberOfRobotsOnWhiteSite
34009,19,18
timeStep,numberOfRobotsOnBlackSite,numberOfRobotsOnWhiteSite
34010,19,18
timeStep,numberOfRobotsOnBlackSite,numberOfRobotsOnWhiteSite
34011,19,18
timeStep,numberOfRobotsOnBlackSite,numberOfRobotsOnWhiteSite
34012,19,18
timeStep,numberOfRobotsOnBlackSite,numberOfRobotsOnWhiteSite
34013,19,18
timeStep,numberOfRobotsOnBlackSite,numberOfRobotsOnWhiteSite
34014,19,18
timeStep,numberOfRobotsOnBlackSite,numberOfRobotsOnWhiteSite
34015,19,18
timeStep,numberOfRobotsOnBlackSite,numberOfRobotsOnWhiteSite
34016,19,18
timeStep,numberOfRobotsOnBlackSite,numberOfRobotsOnWhiteSite
34017,19,18
timeStep,numberOfRobotsOnBlackSite,numberOfRobotsOnWhiteSite
34018,19,18
timeStep,numberOfRobotsOnBlackSite,numberOfRobotsOnWhiteSite
34019,19,18
timeStep,numberOfRobotsOnBlackSite,numberOfRobotsOnWhiteSite
34020,19,18
timeStep,numberOfRobotsOnBlackSite,numberOfRobotsOnWhiteSite
34021,19,18
timeStep,numberOfRobotsOnBlackSite,numberOfRobotsOnWhiteSite
34022,19,18
timeStep,numberOfRobotsOnBlackSite,numberOfRobotsOnWhiteSite
34023,19,18
timeStep,numberOfRobotsOnBlackSite,numberOfRobotsOnWhiteSite
34024,19,18
timeStep,numberOfRobotsOnBlackSite,numberOfRobotsOnWhiteSite
34025,19,18
timeStep,numberOfRobotsOnBlackSite,numberOfRobotsOnWhiteSite
34026,19,18
timeStep,numberOfRobotsOnBlackSite,numberOfRobotsOnWhiteSite
34027,19,18
timeStep,numberOfRobotsOnBlackSite,numberOfRobotsOnWhiteSite
34028,19,18
timeStep,numberOfRobotsOnBlackSite,numberOfRobotsOnWhiteSite
34029,19,18
timeStep,numberOfRobotsOnBlackSite,numberOfRobotsOnWhiteSite
34030,19,18
timeStep,numberOfRobotsOnBlackSite,numberOfRobotsOnWhiteSite
34031,19,18
timeStep,numberOfRobotsOnBlackSite,numberOfRobotsOnWhiteSite
34032,19,18
timeStep,numberOfRobotsOnBlackSite,numberOfRobotsOnWhiteSite
34033,19,18
timeStep,numberOfRobotsOnBlackSite,numberOfRobotsOnWhiteSite
34034,19,18
timeStep,numberOfRobotsOnBlackSite,numberOfRobotsOnWhiteSite
34035,19,18
timeStep,numberOfRobotsOnBlackSite,numberOfRobotsOnWhiteSite
34036,19,18
timeStep,numberOfRobotsOnBlackSite,numberOfRobotsOnWhiteSite
34037,19,18
timeStep,numberOfRobotsOnBlackSite,numberOfRobotsOnWhiteSite
34038,19,18
timeStep,numberOfRobotsOnBlackSite,numberOfRobotsOnWhiteSite
34039,19,18
timeStep,numberOfRobotsOnBlackSite,numberOfRobotsOnWhiteSite
34040,20,18
timeStep,numberOfRobotsOnBlackSite,numberOfRobotsOnWhiteSite
34041,20,18
timeStep,numberOfRobotsOnBlackSite,numberOfRobotsOnWhiteSite
34042,20,18
timeStep,numberOfRobotsOnBlackSite,numberOfRobotsOnWhiteSite
34043,20,18
timeStep,numberOfRobotsOnBlackSite,numberOfRobotsOnWhiteSite
34044,20,18
timeStep,numberOfRobotsOnBlackSite,numberOfRobotsOnWhiteSite
34045,19,18
timeStep,numberOfRobotsOnBlackSite,numberOfRobotsOnWhiteSite
34046,19,18
timeStep,numberOfRobotsOnBlackSite,numberOfRobotsOnWhiteSite
34047,19,18
timeStep,numberOfRobotsOnBlackSite,numberOfRobotsOnWhiteSite
34048,19,18
timeStep,numberOfRobotsOnBlackSite,numberOfRobotsOnWhiteSite
34049,19,18
timeStep,numberOfRobotsOnBlackSite,numberOfRobotsOnWhiteSite
34050,18,18
timeStep,numberOfRobotsOnBlackSite,numberOfRobotsOnWhiteSite
34051,18,18
timeStep,numberOfRobotsOnBlackSite,numberOfRobotsOnWhiteSite
34052,18,18
timeStep,numberOfRobotsOnBlackSite,numberOfRobotsOnWhiteSite
34053,18,18
timeStep,numberOfRobotsOnBlackSite,numberOfRobotsOnWhiteSite
34054,18,18
timeStep,numberOfRobotsOnBlackSite,numberOfRobotsOnWhiteSite
34055,18,18
timeStep,numberOfRobotsOnBlackSite,numberOfRobotsOnWhiteSite
34056,18,18
timeStep,numberOfRobotsOnBlackSite,numberOfRobotsOnWhiteSite
34057,18,18
timeStep,numberOfRobotsOnBlackSite,numberOfRobotsOnWhiteSite
34058,18,18
timeStep,numberOfRobotsOnBlackSite,numberOfRobotsOnWhiteSite
34059,18,18
timeStep,numberOfRobotsOnBlackSite,numberOfRobotsOnWhiteSite
34060,18,18
timeStep,numberOfRobotsOnBlackSite,numberOfRobotsOnWhiteSite
34061,18,18
timeStep,numberOfRobotsOnBlackSite,numberOfRobotsOnWhiteSite
34062,18,18
timeStep,numberOfRobotsOnBlackSite,numberOfRobotsOnWhiteSite
34063,18,18
timeStep,numberOfRobotsOnBlackSite,numberOfRobotsOnWhiteSite
34064,18,18
timeStep,numberOfRobotsOnBlackSite,numberOfRobotsOnWhiteSite
34065,18,18
timeStep,numberOfRobotsOnBlackSite,numberOfRobotsOnWhiteSite
34066,18,18
timeStep,numberOfRobotsOnBlackSite,numberOfRobotsOnWhiteSite
34067,18,18
timeStep,numberOfRobotsOnBlackSite,numberOfRobotsOnWhiteSite
34068,18,18
timeStep,numberOfRobotsOnBlackSite,numberOfRobotsOnWhiteSite
34069,18,18
timeStep,numberOfRobotsOnBlackSite,numberOfRobotsOnWhiteSite
34070,18,18
timeStep,numberOfRobotsOnBlackSite,numberOfRobotsOnWhiteSite
34071,18,18
timeStep,numberOfRobotsOnBlackSite,numberOfRobotsOnWhiteSite
34072,18,18
timeStep,numberOfRobotsOnBlackSite,numberOfRobotsOnWhiteSite
34073,18,18
timeStep,numberOfRobotsOnBlackSite,numberOfRobotsOnWhiteSite
34074,18,18
timeStep,numberOfRobotsOnBlackSite,numberOfRobotsOnWhiteSite
34075,18,18
timeStep,numberOfRobotsOnBlackSite,numberOfRobotsOnWhiteSite
34076,18,18
timeStep,numberOfRobotsOnBlackSite,numberOfRobotsOnWhiteSite
34077,18,18
timeStep,numberOfRobotsOnBlackSite,numberOfRobotsOnWhiteSite
34078,18,18
timeStep,numberOfRobotsOnBlackSite,numberOfRobotsOnWhiteSite
34079,18,18
timeStep,numberOfRobotsOnBlackSite,numberOfRobotsOnWhiteSite
34080,18,18
timeStep,numberOfRobotsOnBlackSite,numberOfRobotsOnWhiteSite
34081,18,18
timeStep,numberOfRobotsOnBlackSite,numberOfRobotsOnWhiteSite
34082,18,18
timeStep,numberOfRobotsOnBlackSite,numberOfRobotsOnWhiteSite
34083,18,18
timeStep,numberOfRobotsOnBlackSite,numberOfRobotsOnWhiteSite
34084,18,18
timeStep,numberOfRobotsOnBlackSite,numberOfRobotsOnWhiteSite
34085,18,18
timeStep,numberOfRobotsOnBlackSite,numberOfRobotsOnWhiteSite
34086,18,18
timeStep,numberOfRobotsOnBlackSite,numberOfRobotsOnWhiteSite
34087,18,18
timeStep,numberOfRobotsOnBlackSite,numberOfRobotsOnWhiteSite
34088,18,18
timeStep,numberOfRobotsOnBlackSite,numberOfRobotsOnWhiteSite
34089,18,18
timeStep,numberOfRobotsOnBlackSite,numberOfRobotsOnWhiteSite
34090,18,18
timeStep,numberOfRobotsOnBlackSite,numberOfRobotsOnWhiteSite
34091,18,18
timeStep,numberOfRobotsOnBlackSite,numberOfRobotsOnWhiteSite
34092,18,18
timeStep,numberOfRobotsOnBlackSite,numberOfRobotsOnWhiteSite
34093,18,18
timeStep,numberOfRobotsOnBlackSite,numberOfRobotsOnWhiteSite
34094,18,18
timeStep,numberOfRobotsOnBlackSite,numberOfRobotsOnWhiteSite
34095,18,19
timeStep,numberOfRobotsOnBlackSite,numberOfRobotsOnWhiteSite
34096,18,19
timeStep,numberOfRobotsOnBlackSite,numberOfRobotsOnWhiteSite
34097,18,19
timeStep,numberOfRobotsOnBlackSite,numberOfRobotsOnWhiteSite
34098,18,19
timeStep,numberOfRobotsOnBlackSite,numberOfRobotsOnWhiteSite
34099,18,19
timeStep,numberOfRobotsOnBlackSite,numberOfRobotsOnWhiteSite
34100,18,18
timeStep,numberOfRobotsOnBlackSite,numberOfRobotsOnWhiteSite
34101,18,18
timeStep,numberOfRobotsOnBlackSite,numberOfRobotsOnWhiteSite
34102,18,18
timeStep,numberOfRobotsOnBlackSite,numberOfRobotsOnWhiteSite
34103,18,18
timeStep,numberOfRobotsOnBlackSite,numberOfRobotsOnWhiteSite
34104,18,18
timeStep,numberOfRobotsOnBlackSite,numberOfRobotsOnWhiteSite
34105,18,18
timeStep,numberOfRobotsOnBlackSite,numberOfRobotsOnWhiteSite
34106,18,18
timeStep,numberOfRobotsOnBlackSite,numberOfRobotsOnWhiteSite
34107,18,18
timeStep,numberOfRobotsOnBlackSite,numberOfRobotsOnWhiteSite
34108,18,18
timeStep,numberOfRobotsOnBlackSite,numberOfRobotsOnWhiteSite
34109,18,18
timeStep,numberOfRobotsOnBlackSite,numberOfRobotsOnWhiteSite
34110,18,18
timeStep,numberOfRobotsOnBlackSite,numberOfRobotsOnWhiteSite
34111,18,18
timeStep,numberOfRobotsOnBlackSite,numberOfRobotsOnWhiteSite
34112,18,18
timeStep,numberOfRobotsOnBlackSite,numberOfRobotsOnWhiteSite
34113,18,18
timeStep,numberOfRobotsOnBlackSite,numberOfRobotsOnWhiteSite
34114,18,18
timeStep,numberOfRobotsOnBlackSite,numberOfRobotsOnWhiteSite
34115,18,18
timeStep,numberOfRobotsOnBlackSite,numberOfRobotsOnWhiteSite
34116,18,18
timeStep,numberOfRobotsOnBlackSite,numberOfRobotsOnWhiteSite
34117,18,18
timeStep,numberOfRobotsOnBlackSite,numberOfRobotsOnWhiteSite
34118,18,18
timeStep,numberOfRobotsOnBlackSite,numberOfRobotsOnWhiteSite
34119,18,18
timeStep,numberOfRobotsOnBlackSite,numberOfRobotsOnWhiteSite
34120,18,18
timeStep,numberOfRobotsOnBlackSite,numberOfRobotsOnWhiteSite
34121,18,18
timeStep,numberOfRobotsOnBlackSite,numberOfRobotsOnWhiteSite
34122,18,18
timeStep,numberOfRobotsOnBlackSite,numberOfRobotsOnWhiteSite
34123,18,18
timeStep,numberOfRobotsOnBlackSite,numberOfRobotsOnWhiteSite
34124,18,18
timeStep,numberOfRobotsOnBlackSite,numberOfRobotsOnWhiteSite
34125,18,18
timeStep,numberOfRobotsOnBlackSite,numberOfRobotsOnWhiteSite
34126,18,18
timeStep,numberOfRobotsOnBlackSite,numberOfRobotsOnWhiteSite
34127,18,18
timeStep,numberOfRobotsOnBlackSite,numberOfRobotsOnWhiteSite
34128,18,18
timeStep,numberOfRobotsOnBlackSite,numberOfRobotsOnWhiteSite
34129,18,18
timeStep,numberOfRobotsOnBlackSite,numberOfRobotsOnWhiteSite
34130,18,18
timeStep,numberOfRobotsOnBlackSite,numberOfRobotsOnWhiteSite
34131,18,18
timeStep,numberOfRobotsOnBlackSite,numberOfRobotsOnWhiteSite
34132,18,18
timeStep,numberOfRobotsOnBlackSite,numberOfRobotsOnWhiteSite
34133,18,18
timeStep,numberOfRobotsOnBlackSite,numberOfRobotsOnWhiteSite
34134,18,18
timeStep,numberOfRobotsOnBlackSite,numberOfRobotsOnWhiteSite
34135,18,18
timeStep,numberOfRobotsOnBlackSite,numberOfRobotsOnWhiteSite
34136,18,18
timeStep,numberOfRobotsOnBlackSite,numberOfRobotsOnWhiteSite
34137,18,18
timeStep,numberOfRobotsOnBlackSite,numberOfRobotsOnWhiteSite
34138,18,18
timeStep,numberOfRobotsOnBlackSite,numberOfRobotsOnWhiteSite
34139,18,18
timeStep,numberOfRobotsOnBlackSite,numberOfRobotsOnWhiteSite
34140,18,18
timeStep,numberOfRobotsOnBlackSite,numberOfRobotsOnWhiteSite
34141,18,18
timeStep,numberOfRobotsOnBlackSite,numberOfRobotsOnWhiteSite
34142,18,18
timeStep,numberOfRobotsOnBlackSite,numberOfRobotsOnWhiteSite
34143,18,18
timeStep,numberOfRobotsOnBlackSite,numberOfRobotsOnWhiteSite
34144,18,18
timeStep,numberOfRobotsOnBlackSite,numberOfRobotsOnWhiteSite
34145,18,18
timeStep,numberOfRobotsOnBlackSite,numberOfRobotsOnWhiteSite
34146,18,18
timeStep,numberOfRobotsOnBlackSite,numberOfRobotsOnWhiteSite
34147,18,18
timeStep,numberOfRobotsOnBlackSite,numberOfRobotsOnWhiteSite
34148,18,18
timeStep,numberOfRobotsOnBlackSite,numberOfRobotsOnWhiteSite
34149,18,18
timeStep,numberOfRobotsOnBlackSite,numberOfRobotsOnWhiteSite
34150,18,18
timeStep,numberOfRobotsOnBlackSite,numberOfRobotsOnWhiteSite
34151,18,18
timeStep,numberOfRobotsOnBlackSite,numberOfRobotsOnWhiteSite
34152,18,18
timeStep,numberOfRobotsOnBlackSite,numberOfRobotsOnWhiteSite
34153,18,18
timeStep,numberOfRobotsOnBlackSite,numberOfRobotsOnWhiteSite
34154,18,18
timeStep,numberOfRobotsOnBlackSite,numberOfRobotsOnWhiteSite
34155,17,18
timeStep,numberOfRobotsOnBlackSite,numberOfRobotsOnWhiteSite
34156,17,18
timeStep,numberOfRobotsOnBlackSite,numberOfRobotsOnWhiteSite
34157,17,18
timeStep,numberOfRobotsOnBlackSite,numberOfRobotsOnWhiteSite
34158,17,18
timeStep,numberOfRobotsOnBlackSite,numberOfRobotsOnWhiteSite
34159,17,18
timeStep,numberOfRobotsOnBlackSite,numberOfRobotsOnWhiteSite
34160,17,18
timeStep,numberOfRobotsOnBlackSite,numberOfRobotsOnWhiteSite
34161,17,18
timeStep,numberOfRobotsOnBlackSite,numberOfRobotsOnWhiteSite
34162,17,18
timeStep,numberOfRobotsOnBlackSite,numberOfRobotsOnWhiteSite
34163,17,18
timeStep,numberOfRobotsOnBlackSite,numberOfRobotsOnWhiteSite
34164,17,18
timeStep,numberOfRobotsOnBlackSite,numberOfRobotsOnWhiteSite
34165,17,18
timeStep,numberOfRobotsOnBlackSite,numberOfRobotsOnWhiteSite
34166,17,18
timeStep,numberOfRobotsOnBlackSite,numberOfRobotsOnWhiteSite
34167,17,18
timeStep,numberOfRobotsOnBlackSite,numberOfRobotsOnWhiteSite
34168,17,18
timeStep,numberOfRobotsOnBlackSite,numberOfRobotsOnWhiteSite
34169,17,18
timeStep,numberOfRobotsOnBlackSite,numberOfRobotsOnWhiteSite
34170,17,18
timeStep,numberOfRobotsOnBlackSite,numberOfRobotsOnWhiteSite
34171,17,18
timeStep,numberOfRobotsOnBlackSite,numberOfRobotsOnWhiteSite
34172,17,18
timeStep,numberOfRobotsOnBlackSite,numberOfRobotsOnWhiteSite
34173,17,18
timeStep,numberOfRobotsOnBlackSite,numberOfRobotsOnWhiteSite
34174,17,18
timeStep,numberOfRobotsOnBlackSite,numberOfRobotsOnWhiteSite
34175,17,18
timeStep,numberOfRobotsOnBlackSite,numberOfRobotsOnWhiteSite
34176,17,18
timeStep,numberOfRobotsOnBlackSite,numberOfRobotsOnWhiteSite
34177,17,18
timeStep,numberOfRobotsOnBlackSite,numberOfRobotsOnWhiteSite
34178,17,18
timeStep,numberOfRobotsOnBlackSite,numberOfRobotsOnWhiteSite
34179,17,18
timeStep,numberOfRobotsOnBlackSite,numberOfRobotsOnWhiteSite
34180,17,18
timeStep,numberOfRobotsOnBlackSite,numberOfRobotsOnWhiteSite
34181,17,18
timeStep,numberOfRobotsOnBlackSite,numberOfRobotsOnWhiteSite
34182,17,18
timeStep,numberOfRobotsOnBlackSite,numberOfRobotsOnWhiteSite
34183,17,18
timeStep,numberOfRobotsOnBlackSite,numberOfRobotsOnWhiteSite
34184,17,18
timeStep,numberOfRobotsOnBlackSite,numberOfRobotsOnWhiteSite
34185,17,18
timeStep,numberOfRobotsOnBlackSite,numberOfRobotsOnWhiteSite
34186,17,18
timeStep,numberOfRobotsOnBlackSite,numberOfRobotsOnWhiteSite
34187,17,18
timeStep,numberOfRobotsOnBlackSite,numberOfRobotsOnWhiteSite
34188,17,18
timeStep,numberOfRobotsOnBlackSite,numberOfRobotsOnWhiteSite
34189,17,18
timeStep,numberOfRobotsOnBlackSite,numberOfRobotsOnWhiteSite
34190,17,18
timeStep,numberOfRobotsOnBlackSite,numberOfRobotsOnWhiteSite
34191,17,18
timeStep,numberOfRobotsOnBlackSite,numberOfRobotsOnWhiteSite
34192,17,18
timeStep,numberOfRobotsOnBlackSite,numberOfRobotsOnWhiteSite
34193,17,18
timeStep,numberOfRobotsOnBlackSite,numberOfRobotsOnWhiteSite
34194,17,18
timeStep,numberOfRobotsOnBlackSite,numberOfRobotsOnWhiteSite
34195,17,18
timeStep,numberOfRobotsOnBlackSite,numberOfRobotsOnWhiteSite
34196,17,18
timeStep,numberOfRobotsOnBlackSite,numberOfRobotsOnWhiteSite
34197,17,18
timeStep,numberOfRobotsOnBlackSite,numberOfRobotsOnWhiteSite
34198,17,18
timeStep,numberOfRobotsOnBlackSite,numberOfRobotsOnWhiteSite
34199,17,18
timeStep,numberOfRobotsOnBlackSite,numberOfRobotsOnWhiteSite
34200,17,18
timeStep,numberOfRobotsOnBlackSite,numberOfRobotsOnWhiteSite
34201,17,18
timeStep,numberOfRobotsOnBlackSite,numberOfRobotsOnWhiteSite
34202,17,18
timeStep,numberOfRobotsOnBlackSite,numberOfRobotsOnWhiteSite
34203,17,18
timeStep,numberOfRobotsOnBlackSite,numberOfRobotsOnWhiteSite
34204,17,18
timeStep,numberOfRobotsOnBlackSite,numberOfRobotsOnWhiteSite
34205,17,18
timeStep,numberOfRobotsOnBlackSite,numberOfRobotsOnWhiteSite
34206,17,18
timeStep,numberOfRobotsOnBlackSite,numberOfRobotsOnWhiteSite
34207,17,18
timeStep,numberOfRobotsOnBlackSite,numberOfRobotsOnWhiteSite
34208,17,18
timeStep,numberOfRobotsOnBlackSite,numberOfRobotsOnWhiteSite
34209,17,18
timeStep,numberOfRobotsOnBlackSite,numberOfRobotsOnWhiteSite
34210,17,18
timeStep,numberOfRobotsOnBlackSite,numberOfRobotsOnWhiteSite
34211,17,18
timeStep,numberOfRobotsOnBlackSite,numberOfRobotsOnWhiteSite
34212,17,18
timeStep,numberOfRobotsOnBlackSite,numberOfRobotsOnWhiteSite
34213,17,18
timeStep,numberOfRobotsOnBlackSite,numberOfRobotsOnWhiteSite
34214,17,18
timeStep,numberOfRobotsOnBlackSite,numberOfRobotsOnWhiteSite
34215,17,18
timeStep,numberOfRobotsOnBlackSite,numberOfRobotsOnWhiteSite
34216,17,18
timeStep,numberOfRobotsOnBlackSite,numberOfRobotsOnWhiteSite
34217,17,18
timeStep,numberOfRobotsOnBlackSite,numberOfRobotsOnWhiteSite
34218,17,18
timeStep,numberOfRobotsOnBlackSite,numberOfRobotsOnWhiteSite
34219,17,18
timeStep,numberOfRobotsOnBlackSite,numberOfRobotsOnWhiteSite
34220,18,18
timeStep,numberOfRobotsOnBlackSite,numberOfRobotsOnWhiteSite
34221,18,18
timeStep,numberOfRobotsOnBlackSite,numberOfRobotsOnWhiteSite
34222,18,18
timeStep,numberOfRobotsOnBlackSite,numberOfRobotsOnWhiteSite
34223,18,18
timeStep,numberOfRobotsOnBlackSite,numberOfRobotsOnWhiteSite
34224,18,18
timeStep,numberOfRobotsOnBlackSite,numberOfRobotsOnWhiteSite
34225,18,18
timeStep,numberOfRobotsOnBlackSite,numberOfRobotsOnWhiteSite
34226,18,18
timeStep,numberOfRobotsOnBlackSite,numberOfRobotsOnWhiteSite
34227,18,18
timeStep,numberOfRobotsOnBlackSite,numberOfRobotsOnWhiteSite
34228,18,18
timeStep,numberOfRobotsOnBlackSite,numberOfRobotsOnWhiteSite
34229,18,18
timeStep,numberOfRobotsOnBlackSite,numberOfRobotsOnWhiteSite
34230,18,18
timeStep,numberOfRobotsOnBlackSite,numberOfRobotsOnWhiteSite
34231,18,18
timeStep,numberOfRobotsOnBlackSite,numberOfRobotsOnWhiteSite
34232,18,18
timeStep,numberOfRobotsOnBlackSite,numberOfRobotsOnWhiteSite
34233,18,18
timeStep,numberOfRobotsOnBlackSite,numberOfRobotsOnWhiteSite
34234,18,18
timeStep,numberOfRobotsOnBlackSite,numberOfRobotsOnWhiteSite
34235,18,18
timeStep,numberOfRobotsOnBlackSite,numberOfRobotsOnWhiteSite
34236,18,18
timeStep,numberOfRobotsOnBlackSite,numberOfRobotsOnWhiteSite
34237,18,18
timeStep,numberOfRobotsOnBlackSite,numberOfRobotsOnWhiteSite
34238,18,18
timeStep,numberOfRobotsOnBlackSite,numberOfRobotsOnWhiteSite
34239,18,18
timeStep,numberOfRobotsOnBlackSite,numberOfRobotsOnWhiteSite
34240,18,18
timeStep,numberOfRobotsOnBlackSite,numberOfRobotsOnWhiteSite
34241,18,18
timeStep,numberOfRobotsOnBlackSite,numberOfRobotsOnWhiteSite
34242,18,18
timeStep,numberOfRobotsOnBlackSite,numberOfRobotsOnWhiteSite
34243,18,18
timeStep,numberOfRobotsOnBlackSite,numberOfRobotsOnWhiteSite
34244,18,18
timeStep,numberOfRobotsOnBlackSite,numberOfRobotsOnWhiteSite
34245,18,18
timeStep,numberOfRobotsOnBlackSite,numberOfRobotsOnWhiteSite
34246,18,18
timeStep,numberOfRobotsOnBlackSite,numberOfRobotsOnWhiteSite
34247,18,18
timeStep,numberOfRobotsOnBlackSite,numberOfRobotsOnWhiteSite
34248,18,18
timeStep,numberOfRobotsOnBlackSite,numberOfRobotsOnWhiteSite
34249,18,18
timeStep,numberOfRobotsOnBlackSite,numberOfRobotsOnWhiteSite
34250,18,18
timeStep,numberOfRobotsOnBlackSite,numberOfRobotsOnWhiteSite
34251,18,18
timeStep,numberOfRobotsOnBlackSite,numberOfRobotsOnWhiteSite
34252,18,18
timeStep,numberOfRobotsOnBlackSite,numberOfRobotsOnWhiteSite
34253,18,18
timeStep,numberOfRobotsOnBlackSite,numberOfRobotsOnWhiteSite
34254,18,18
timeStep,numberOfRobotsOnBlackSite,numberOfRobotsOnWhiteSite
34255,19,18
timeStep,numberOfRobotsOnBlackSite,numberOfRobotsOnWhiteSite
34256,19,18
timeStep,numberOfRobotsOnBlackSite,numberOfRobotsOnWhiteSite
34257,19,18
timeStep,numberOfRobotsOnBlackSite,numberOfRobotsOnWhiteSite
34258,19,18
timeStep,numberOfRobotsOnBlackSite,numberOfRobotsOnWhiteSite
34259,19,18
timeStep,numberOfRobotsOnBlackSite,numberOfRobotsOnWhiteSite
34260,19,18
timeStep,numberOfRobotsOnBlackSite,numberOfRobotsOnWhiteSite
34261,19,18
timeStep,numberOfRobotsOnBlackSite,numberOfRobotsOnWhiteSite
34262,19,18
timeStep,numberOfRobotsOnBlackSite,numberOfRobotsOnWhiteSite
34263,19,18
timeStep,numberOfRobotsOnBlackSite,numberOfRobotsOnWhiteSite
34264,19,18
timeStep,numberOfRobotsOnBlackSite,numberOfRobotsOnWhiteSite
34265,18,18
timeStep,numberOfRobotsOnBlackSite,numberOfRobotsOnWhiteSite
34266,18,18
timeStep,numberOfRobotsOnBlackSite,numberOfRobotsOnWhiteSite
34267,18,18
timeStep,numberOfRobotsOnBlackSite,numberOfRobotsOnWhiteSite
34268,18,18
timeStep,numberOfRobotsOnBlackSite,numberOfRobotsOnWhiteSite
34269,18,18
timeStep,numberOfRobotsOnBlackSite,numberOfRobotsOnWhiteSite
34270,18,18
timeStep,numberOfRobotsOnBlackSite,numberOfRobotsOnWhiteSite
34271,18,18
timeStep,numberOfRobotsOnBlackSite,numberOfRobotsOnWhiteSite
34272,18,18
timeStep,numberOfRobotsOnBlackSite,numberOfRobotsOnWhiteSite
34273,18,18
timeStep,numberOfRobotsOnBlackSite,numberOfRobotsOnWhiteSite
34274,18,18
timeStep,numberOfRobotsOnBlackSite,numberOfRobotsOnWhiteSite
34275,18,18
timeStep,numberOfRobotsOnBlackSite,numberOfRobotsOnWhiteSite
34276,18,18
timeStep,numberOfRobotsOnBlackSite,numberOfRobotsOnWhiteSite
34277,18,18
timeStep,numberOfRobotsOnBlackSite,numberOfRobotsOnWhiteSite
34278,18,18
timeStep,numberOfRobotsOnBlackSite,numberOfRobotsOnWhiteSite
34279,18,18
timeStep,numberOfRobotsOnBlackSite,numberOfRobotsOnWhiteSite
34280,18,18
timeStep,numberOfRobotsOnBlackSite,numberOfRobotsOnWhiteSite
34281,18,18
timeStep,numberOfRobotsOnBlackSite,numberOfRobotsOnWhiteSite
34282,18,18
timeStep,numberOfRobotsOnBlackSite,numberOfRobotsOnWhiteSite
34283,18,18
timeStep,numberOfRobotsOnBlackSite,numberOfRobotsOnWhiteSite
34284,18,18
timeStep,numberOfRobotsOnBlackSite,numberOfRobotsOnWhiteSite
34285,18,18
timeStep,numberOfRobotsOnBlackSite,numberOfRobotsOnWhiteSite
34286,18,18
timeStep,numberOfRobotsOnBlackSite,numberOfRobotsOnWhiteSite
34287,18,18
timeStep,numberOfRobotsOnBlackSite,numberOfRobotsOnWhiteSite
34288,18,18
timeStep,numberOfRobotsOnBlackSite,numberOfRobotsOnWhiteSite
34289,18,18
timeStep,numberOfRobotsOnBlackSite,numberOfRobotsOnWhiteSite
34290,18,18
timeStep,numberOfRobotsOnBlackSite,numberOfRobotsOnWhiteSite
34291,18,18
timeStep,numberOfRobotsOnBlackSite,numberOfRobotsOnWhiteSite
34292,18,18
timeStep,numberOfRobotsOnBlackSite,numberOfRobotsOnWhiteSite
34293,18,18
timeStep,numberOfRobotsOnBlackSite,numberOfRobotsOnWhiteSite
34294,18,18
timeStep,numberOfRobotsOnBlackSite,numberOfRobotsOnWhiteSite
34295,18,19
timeStep,numberOfRobotsOnBlackSite,numberOfRobotsOnWhiteSite
34296,18,19
timeStep,numberOfRobotsOnBlackSite,numberOfRobotsOnWhiteSite
34297,18,19
timeStep,numberOfRobotsOnBlackSite,numberOfRobotsOnWhiteSite
34298,18,19
timeStep,numberOfRobotsOnBlackSite,numberOfRobotsOnWhiteSite
34299,18,19
timeStep,numberOfRobotsOnBlackSite,numberOfRobotsOnWhiteSite
34300,18,19
timeStep,numberOfRobotsOnBlackSite,numberOfRobotsOnWhiteSite
34301,18,19
timeStep,numberOfRobotsOnBlackSite,numberOfRobotsOnWhiteSite
34302,18,19
timeStep,numberOfRobotsOnBlackSite,numberOfRobotsOnWhiteSite
34303,18,19
timeStep,numberOfRobotsOnBlackSite,numberOfRobotsOnWhiteSite
34304,18,19
timeStep,numberOfRobotsOnBlackSite,numberOfRobotsOnWhiteSite
34305,18,19
timeStep,numberOfRobotsOnBlackSite,numberOfRobotsOnWhiteSite
34306,18,19
timeStep,numberOfRobotsOnBlackSite,numberOfRobotsOnWhiteSite
34307,18,19
timeStep,numberOfRobotsOnBlackSite,numberOfRobotsOnWhiteSite
34308,18,19
timeStep,numberOfRobotsOnBlackSite,numberOfRobotsOnWhiteSite
34309,18,19
timeStep,numberOfRobotsOnBlackSite,numberOfRobotsOnWhiteSite
34310,18,19
timeStep,numberOfRobotsOnBlackSite,numberOfRobotsOnWhiteSite
34311,18,19
timeStep,numberOfRobotsOnBlackSite,numberOfRobotsOnWhiteSite
34312,18,19
timeStep,numberOfRobotsOnBlackSite,numberOfRobotsOnWhiteSite
34313,18,19
timeStep,numberOfRobotsOnBlackSite,numberOfRobotsOnWhiteSite
34314,18,19
timeStep,numberOfRobotsOnBlackSite,numberOfRobotsOnWhiteSite
34315,19,19
timeStep,numberOfRobotsOnBlackSite,numberOfRobotsOnWhiteSite
34316,19,19
timeStep,numberOfRobotsOnBlackSite,numberOfRobotsOnWhiteSite
34317,19,19
timeStep,numberOfRobotsOnBlackSite,numberOfRobotsOnWhiteSite
34318,19,19
timeStep,numberOfRobotsOnBlackSite,numberOfRobotsOnWhiteSite
34319,19,19
timeStep,numberOfRobotsOnBlackSite,numberOfRobotsOnWhiteSite
34320,19,19
timeStep,numberOfRobotsOnBlackSite,numberOfRobotsOnWhiteSite
34321,19,19
timeStep,numberOfRobotsOnBlackSite,numberOfRobotsOnWhiteSite
34322,19,19
timeStep,numberOfRobotsOnBlackSite,numberOfRobotsOnWhiteSite
34323,19,19
timeStep,numberOfRobotsOnBlackSite,numberOfRobotsOnWhiteSite
34324,19,19
timeStep,numberOfRobotsOnBlackSite,numberOfRobotsOnWhiteSite
34325,19,19
timeStep,numberOfRobotsOnBlackSite,numberOfRobotsOnWhiteSite
34326,19,19
timeStep,numberOfRobotsOnBlackSite,numberOfRobotsOnWhiteSite
34327,19,19
timeStep,numberOfRobotsOnBlackSite,numberOfRobotsOnWhiteSite
34328,19,19
timeStep,numberOfRobotsOnBlackSite,numberOfRobotsOnWhiteSite
34329,19,19
timeStep,numberOfRobotsOnBlackSite,numberOfRobotsOnWhiteSite
34330,19,19
timeStep,numberOfRobotsOnBlackSite,numberOfRobotsOnWhiteSite
34331,19,19
timeStep,numberOfRobotsOnBlackSite,numberOfRobotsOnWhiteSite
34332,19,19
timeStep,numberOfRobotsOnBlackSite,numberOfRobotsOnWhiteSite
34333,19,19
timeStep,numberOfRobotsOnBlackSite,numberOfRobotsOnWhiteSite
34334,19,19
timeStep,numberOfRobotsOnBlackSite,numberOfRobotsOnWhiteSite
34335,19,19
timeStep,numberOfRobotsOnBlackSite,numberOfRobotsOnWhiteSite
34336,19,19
timeStep,numberOfRobotsOnBlackSite,numberOfRobotsOnWhiteSite
34337,19,19
timeStep,numberOfRobotsOnBlackSite,numberOfRobotsOnWhiteSite
34338,19,19
timeStep,numberOfRobotsOnBlackSite,numberOfRobotsOnWhiteSite
34339,19,19
timeStep,numberOfRobotsOnBlackSite,numberOfRobotsOnWhiteSite
34340,19,19
timeStep,numberOfRobotsOnBlackSite,numberOfRobotsOnWhiteSite
34341,19,19
timeStep,numberOfRobotsOnBlackSite,numberOfRobotsOnWhiteSite
34342,19,19
timeStep,numberOfRobotsOnBlackSite,numberOfRobotsOnWhiteSite
34343,19,19
timeStep,numberOfRobotsOnBlackSite,numberOfRobotsOnWhiteSite
34344,19,19
timeStep,numberOfRobotsOnBlackSite,numberOfRobotsOnWhiteSite
34345,20,19
timeStep,numberOfRobotsOnBlackSite,numberOfRobotsOnWhiteSite
34346,20,19
timeStep,numberOfRobotsOnBlackSite,numberOfRobotsOnWhiteSite
34347,20,19
timeStep,numberOfRobotsOnBlackSite,numberOfRobotsOnWhiteSite
34348,20,19
timeStep,numberOfRobotsOnBlackSite,numberOfRobotsOnWhiteSite
34349,20,19
timeStep,numberOfRobotsOnBlackSite,numberOfRobotsOnWhiteSite
34350,20,19
timeStep,numberOfRobotsOnBlackSite,numberOfRobotsOnWhiteSite
34351,20,19
timeStep,numberOfRobotsOnBlackSite,numberOfRobotsOnWhiteSite
34352,20,19
timeStep,numberOfRobotsOnBlackSite,numberOfRobotsOnWhiteSite
34353,20,19
timeStep,numberOfRobotsOnBlackSite,numberOfRobotsOnWhiteSite
34354,20,19
timeStep,numberOfRobotsOnBlackSite,numberOfRobotsOnWhiteSite
34355,20,19
timeStep,numberOfRobotsOnBlackSite,numberOfRobotsOnWhiteSite
34356,20,19
timeStep,numberOfRobotsOnBlackSite,numberOfRobotsOnWhiteSite
34357,20,19
timeStep,numberOfRobotsOnBlackSite,numberOfRobotsOnWhiteSite
34358,20,19
timeStep,numberOfRobotsOnBlackSite,numberOfRobotsOnWhiteSite
34359,20,19
timeStep,numberOfRobotsOnBlackSite,numberOfRobotsOnWhiteSite
34360,20,19
timeStep,numberOfRobotsOnBlackSite,numberOfRobotsOnWhiteSite
34361,20,19
timeStep,numberOfRobotsOnBlackSite,numberOfRobotsOnWhiteSite
34362,20,19
timeStep,numberOfRobotsOnBlackSite,numberOfRobotsOnWhiteSite
34363,20,19
timeStep,numberOfRobotsOnBlackSite,numberOfRobotsOnWhiteSite
34364,20,19
timeStep,numberOfRobotsOnBlackSite,numberOfRobotsOnWhiteSite
34365,20,19
timeStep,numberOfRobotsOnBlackSite,numberOfRobotsOnWhiteSite
34366,20,19
timeStep,numberOfRobotsOnBlackSite,numberOfRobotsOnWhiteSite
34367,20,19
timeStep,numberOfRobotsOnBlackSite,numberOfRobotsOnWhiteSite
34368,20,19
timeStep,numberOfRobotsOnBlackSite,numberOfRobotsOnWhiteSite
34369,20,19
timeStep,numberOfRobotsOnBlackSite,numberOfRobotsOnWhiteSite
34370,20,19
timeStep,numberOfRobotsOnBlackSite,numberOfRobotsOnWhiteSite
34371,20,19
timeStep,numberOfRobotsOnBlackSite,numberOfRobotsOnWhiteSite
34372,20,19
timeStep,numberOfRobotsOnBlackSite,numberOfRobotsOnWhiteSite
34373,20,19
timeStep,numberOfRobotsOnBlackSite,numberOfRobotsOnWhiteSite
34374,20,19
timeStep,numberOfRobotsOnBlackSite,numberOfRobotsOnWhiteSite
34375,20,19
timeStep,numberOfRobotsOnBlackSite,numberOfRobotsOnWhiteSite
34376,20,19
timeStep,numberOfRobotsOnBlackSite,numberOfRobotsOnWhiteSite
34377,20,19
timeStep,numberOfRobotsOnBlackSite,numberOfRobotsOnWhiteSite
34378,20,19
timeStep,numberOfRobotsOnBlackSite,numberOfRobotsOnWhiteSite
34379,20,19
timeStep,numberOfRobotsOnBlackSite,numberOfRobotsOnWhiteSite
34380,20,19
timeStep,numberOfRobotsOnBlackSite,numberOfRobotsOnWhiteSite
34381,20,19
timeStep,numberOfRobotsOnBlackSite,numberOfRobotsOnWhiteSite
34382,20,19
timeStep,numberOfRobotsOnBlackSite,numberOfRobotsOnWhiteSite
34383,20,19
timeStep,numberOfRobotsOnBlackSite,numberOfRobotsOnWhiteSite
34384,20,19
timeStep,numberOfRobotsOnBlackSite,numberOfRobotsOnWhiteSite
34385,20,19
timeStep,numberOfRobotsOnBlackSite,numberOfRobotsOnWhiteSite
34386,20,19
timeStep,numberOfRobotsOnBlackSite,numberOfRobotsOnWhiteSite
34387,20,19
timeStep,numberOfRobotsOnBlackSite,numberOfRobotsOnWhiteSite
34388,20,19
timeStep,numberOfRobotsOnBlackSite,numberOfRobotsOnWhiteSite
34389,20,19
timeStep,numberOfRobotsOnBlackSite,numberOfRobotsOnWhiteSite
34390,20,19
timeStep,numberOfRobotsOnBlackSite,numberOfRobotsOnWhiteSite
34391,20,19
timeStep,numberOfRobotsOnBlackSite,numberOfRobotsOnWhiteSite
34392,20,19
timeStep,numberOfRobotsOnBlackSite,numberOfRobotsOnWhiteSite
34393,20,19
timeStep,numberOfRobotsOnBlackSite,numberOfRobotsOnWhiteSite
34394,20,19
timeStep,numberOfRobotsOnBlackSite,numberOfRobotsOnWhiteSite
34395,20,19
timeStep,numberOfRobotsOnBlackSite,numberOfRobotsOnWhiteSite
34396,20,19
timeStep,numberOfRobotsOnBlackSite,numberOfRobotsOnWhiteSite
34397,20,19
timeStep,numberOfRobotsOnBlackSite,numberOfRobotsOnWhiteSite
34398,20,19
timeStep,numberOfRobotsOnBlackSite,numberOfRobotsOnWhiteSite
34399,20,19
timeStep,numberOfRobotsOnBlackSite,numberOfRobotsOnWhiteSite
34400,20,19
timeStep,numberOfRobotsOnBlackSite,numberOfRobotsOnWhiteSite
34401,20,19
timeStep,numberOfRobotsOnBlackSite,numberOfRobotsOnWhiteSite
34402,20,19
timeStep,numberOfRobotsOnBlackSite,numberOfRobotsOnWhiteSite
34403,20,19
timeStep,numberOfRobotsOnBlackSite,numberOfRobotsOnWhiteSite
34404,20,19
timeStep,numberOfRobotsOnBlackSite,numberOfRobotsOnWhiteSite
34405,20,19
timeStep,numberOfRobotsOnBlackSite,numberOfRobotsOnWhiteSite
34406,20,19
timeStep,numberOfRobotsOnBlackSite,numberOfRobotsOnWhiteSite
34407,20,19
timeStep,numberOfRobotsOnBlackSite,numberOfRobotsOnWhiteSite
34408,20,19
timeStep,numberOfRobotsOnBlackSite,numberOfRobotsOnWhiteSite
34409,20,19
timeStep,numberOfRobotsOnBlackSite,numberOfRobotsOnWhiteSite
34410,20,19
timeStep,numberOfRobotsOnBlackSite,numberOfRobotsOnWhiteSite
34411,20,19
timeStep,numberOfRobotsOnBlackSite,numberOfRobotsOnWhiteSite
34412,20,19
timeStep,numberOfRobotsOnBlackSite,numberOfRobotsOnWhiteSite
34413,20,19
timeStep,numberOfRobotsOnBlackSite,numberOfRobotsOnWhiteSite
34414,20,19
timeStep,numberOfRobotsOnBlackSite,numberOfRobotsOnWhiteSite
34415,20,19
timeStep,numberOfRobotsOnBlackSite,numberOfRobotsOnWhiteSite
34416,20,19
timeStep,numberOfRobotsOnBlackSite,numberOfRobotsOnWhiteSite
34417,20,19
timeStep,numberOfRobotsOnBlackSite,numberOfRobotsOnWhiteSite
34418,20,19
timeStep,numberOfRobotsOnBlackSite,numberOfRobotsOnWhiteSite
34419,20,19
timeStep,numberOfRobotsOnBlackSite,numberOfRobotsOnWhiteSite
34420,20,19
timeStep,numberOfRobotsOnBlackSite,numberOfRobotsOnWhiteSite
34421,20,19
timeStep,numberOfRobotsOnBlackSite,numberOfRobotsOnWhiteSite
34422,20,19
timeStep,numberOfRobotsOnBlackSite,numberOfRobotsOnWhiteSite
34423,20,19
timeStep,numberOfRobotsOnBlackSite,numberOfRobotsOnWhiteSite
34424,20,19
timeStep,numberOfRobotsOnBlackSite,numberOfRobotsOnWhiteSite
34425,20,19
timeStep,numberOfRobotsOnBlackSite,numberOfRobotsOnWhiteSite
34426,20,19
timeStep,numberOfRobotsOnBlackSite,numberOfRobotsOnWhiteSite
34427,20,19
timeStep,numberOfRobotsOnBlackSite,numberOfRobotsOnWhiteSite
34428,20,19
timeStep,numberOfRobotsOnBlackSite,numberOfRobotsOnWhiteSite
34429,20,19
timeStep,numberOfRobotsOnBlackSite,numberOfRobotsOnWhiteSite
34430,20,19
timeStep,numberOfRobotsOnBlackSite,numberOfRobotsOnWhiteSite
34431,20,19
timeStep,numberOfRobotsOnBlackSite,numberOfRobotsOnWhiteSite
34432,20,19
timeStep,numberOfRobotsOnBlackSite,numberOfRobotsOnWhiteSite
34433,20,19
timeStep,numberOfRobotsOnBlackSite,numberOfRobotsOnWhiteSite
34434,20,19
timeStep,numberOfRobotsOnBlackSite,numberOfRobotsOnWhiteSite
34435,20,19
timeStep,numberOfRobotsOnBlackSite,numberOfRobotsOnWhiteSite
34436,20,19
timeStep,numberOfRobotsOnBlackSite,numberOfRobotsOnWhiteSite
34437,20,19
timeStep,numberOfRobotsOnBlackSite,numberOfRobotsOnWhiteSite
34438,20,19
timeStep,numberOfRobotsOnBlackSite,numberOfRobotsOnWhiteSite
34439,20,19
timeStep,numberOfRobotsOnBlackSite,numberOfRobotsOnWhiteSite
34440,20,19
timeStep,numberOfRobotsOnBlackSite,numberOfRobotsOnWhiteSite
34441,20,19
timeStep,numberOfRobotsOnBlackSite,numberOfRobotsOnWhiteSite
34442,20,19
timeStep,numberOfRobotsOnBlackSite,numberOfRobotsOnWhiteSite
34443,20,19
timeStep,numberOfRobotsOnBlackSite,numberOfRobotsOnWhiteSite
34444,20,19
timeStep,numberOfRobotsOnBlackSite,numberOfRobotsOnWhiteSite
34445,20,19
timeStep,numberOfRobotsOnBlackSite,numberOfRobotsOnWhiteSite
34446,20,19
timeStep,numberOfRobotsOnBlackSite,numberOfRobotsOnWhiteSite
34447,20,19
timeStep,numberOfRobotsOnBlackSite,numberOfRobotsOnWhiteSite
34448,20,19
timeStep,numberOfRobotsOnBlackSite,numberOfRobotsOnWhiteSite
34449,20,19
timeStep,numberOfRobotsOnBlackSite,numberOfRobotsOnWhiteSite
34450,20,19
timeStep,numberOfRobotsOnBlackSite,numberOfRobotsOnWhiteSite
34451,20,19
timeStep,numberOfRobotsOnBlackSite,numberOfRobotsOnWhiteSite
34452,20,19
timeStep,numberOfRobotsOnBlackSite,numberOfRobotsOnWhiteSite
34453,20,19
timeStep,numberOfRobotsOnBlackSite,numberOfRobotsOnWhiteSite
34454,20,19
timeStep,numberOfRobotsOnBlackSite,numberOfRobotsOnWhiteSite
34455,20,19
timeStep,numberOfRobotsOnBlackSite,numberOfRobotsOnWhiteSite
34456,20,19
timeStep,numberOfRobotsOnBlackSite,numberOfRobotsOnWhiteSite
34457,20,19
timeStep,numberOfRobotsOnBlackSite,numberOfRobotsOnWhiteSite
34458,20,19
timeStep,numberOfRobotsOnBlackSite,numberOfRobotsOnWhiteSite
34459,20,19
timeStep,numberOfRobotsOnBlackSite,numberOfRobotsOnWhiteSite
34460,20,19
timeStep,numberOfRobotsOnBlackSite,numberOfRobotsOnWhiteSite
34461,20,19
timeStep,numberOfRobotsOnBlackSite,numberOfRobotsOnWhiteSite
34462,20,19
timeStep,numberOfRobotsOnBlackSite,numberOfRobotsOnWhiteSite
34463,20,19
timeStep,numberOfRobotsOnBlackSite,numberOfRobotsOnWhiteSite
34464,20,19
timeStep,numberOfRobotsOnBlackSite,numberOfRobotsOnWhiteSite
34465,20,19
timeStep,numberOfRobotsOnBlackSite,numberOfRobotsOnWhiteSite
34466,20,19
timeStep,numberOfRobotsOnBlackSite,numberOfRobotsOnWhiteSite
34467,20,19
timeStep,numberOfRobotsOnBlackSite,numberOfRobotsOnWhiteSite
34468,20,19
timeStep,numberOfRobotsOnBlackSite,numberOfRobotsOnWhiteSite
34469,20,19
timeStep,numberOfRobotsOnBlackSite,numberOfRobotsOnWhiteSite
34470,20,19
timeStep,numberOfRobotsOnBlackSite,numberOfRobotsOnWhiteSite
34471,20,19
timeStep,numberOfRobotsOnBlackSite,numberOfRobotsOnWhiteSite
34472,20,19
timeStep,numberOfRobotsOnBlackSite,numberOfRobotsOnWhiteSite
34473,20,19
timeStep,numberOfRobotsOnBlackSite,numberOfRobotsOnWhiteSite
34474,20,19
timeStep,numberOfRobotsOnBlackSite,numberOfRobotsOnWhiteSite
34475,20,19
timeStep,numberOfRobotsOnBlackSite,numberOfRobotsOnWhiteSite
34476,20,19
timeStep,numberOfRobotsOnBlackSite,numberOfRobotsOnWhiteSite
34477,20,19
timeStep,numberOfRobotsOnBlackSite,numberOfRobotsOnWhiteSite
34478,20,19
timeStep,numberOfRobotsOnBlackSite,numberOfRobotsOnWhiteSite
34479,20,19
timeStep,numberOfRobotsOnBlackSite,numberOfRobotsOnWhiteSite
34480,20,19
timeStep,numberOfRobotsOnBlackSite,numberOfRobotsOnWhiteSite
34481,20,19
timeStep,numberOfRobotsOnBlackSite,numberOfRobotsOnWhiteSite
34482,20,19
timeStep,numberOfRobotsOnBlackSite,numberOfRobotsOnWhiteSite
34483,20,19
timeStep,numberOfRobotsOnBlackSite,numberOfRobotsOnWhiteSite
34484,20,19
timeStep,numberOfRobotsOnBlackSite,numberOfRobotsOnWhiteSite
34485,20,19
timeStep,numberOfRobotsOnBlackSite,numberOfRobotsOnWhiteSite
34486,20,19
timeStep,numberOfRobotsOnBlackSite,numberOfRobotsOnWhiteSite
34487,20,19
timeStep,numberOfRobotsOnBlackSite,numberOfRobotsOnWhiteSite
34488,20,19
timeStep,numberOfRobotsOnBlackSite,numberOfRobotsOnWhiteSite
34489,20,19
timeStep,numberOfRobotsOnBlackSite,numberOfRobotsOnWhiteSite
34490,20,19
timeStep,numberOfRobotsOnBlackSite,numberOfRobotsOnWhiteSite
34491,20,19
timeStep,numberOfRobotsOnBlackSite,numberOfRobotsOnWhiteSite
34492,20,19
timeStep,numberOfRobotsOnBlackSite,numberOfRobotsOnWhiteSite
34493,20,19
timeStep,numberOfRobotsOnBlackSite,numberOfRobotsOnWhiteSite
34494,20,19
timeStep,numberOfRobotsOnBlackSite,numberOfRobotsOnWhiteSite
34495,20,19
timeStep,numberOfRobotsOnBlackSite,numberOfRobotsOnWhiteSite
34496,20,19
timeStep,numberOfRobotsOnBlackSite,numberOfRobotsOnWhiteSite
34497,20,19
timeStep,numberOfRobotsOnBlackSite,numberOfRobotsOnWhiteSite
34498,20,19
timeStep,numberOfRobotsOnBlackSite,numberOfRobotsOnWhiteSite
34499,20,19
timeStep,numberOfRobotsOnBlackSite,numberOfRobotsOnWhiteSite
34500,20,19
timeStep,numberOfRobotsOnBlackSite,numberOfRobotsOnWhiteSite
34501,20,19
timeStep,numberOfRobotsOnBlackSite,numberOfRobotsOnWhiteSite
34502,20,19
timeStep,numberOfRobotsOnBlackSite,numberOfRobotsOnWhiteSite
34503,20,19
timeStep,numberOfRobotsOnBlackSite,numberOfRobotsOnWhiteSite
34504,20,19
timeStep,numberOfRobotsOnBlackSite,numberOfRobotsOnWhiteSite
34505,20,19
timeStep,numberOfRobotsOnBlackSite,numberOfRobotsOnWhiteSite
34506,20,19
timeStep,numberOfRobotsOnBlackSite,numberOfRobotsOnWhiteSite
34507,20,19
timeStep,numberOfRobotsOnBlackSite,numberOfRobotsOnWhiteSite
34508,20,19
timeStep,numberOfRobotsOnBlackSite,numberOfRobotsOnWhiteSite
34509,20,19
timeStep,numberOfRobotsOnBlackSite,numberOfRobotsOnWhiteSite
34510,20,19
timeStep,numberOfRobotsOnBlackSite,numberOfRobotsOnWhiteSite
34511,20,19
timeStep,numberOfRobotsOnBlackSite,numberOfRobotsOnWhiteSite
34512,20,19
timeStep,numberOfRobotsOnBlackSite,numberOfRobotsOnWhiteSite
34513,20,19
timeStep,numberOfRobotsOnBlackSite,numberOfRobotsOnWhiteSite
34514,20,19
timeStep,numberOfRobotsOnBlackSite,numberOfRobotsOnWhiteSite
34515,20,19
timeStep,numberOfRobotsOnBlackSite,numberOfRobotsOnWhiteSite
34516,20,19
timeStep,numberOfRobotsOnBlackSite,numberOfRobotsOnWhiteSite
34517,20,19
timeStep,numberOfRobotsOnBlackSite,numberOfRobotsOnWhiteSite
34518,20,19
timeStep,numberOfRobotsOnBlackSite,numberOfRobotsOnWhiteSite
34519,20,19
timeStep,numberOfRobotsOnBlackSite,numberOfRobotsOnWhiteSite
34520,20,19
timeStep,numberOfRobotsOnBlackSite,numberOfRobotsOnWhiteSite
34521,20,19
timeStep,numberOfRobotsOnBlackSite,numberOfRobotsOnWhiteSite
34522,20,19
timeStep,numberOfRobotsOnBlackSite,numberOfRobotsOnWhiteSite
34523,20,19
timeStep,numberOfRobotsOnBlackSite,numberOfRobotsOnWhiteSite
34524,20,19
timeStep,numberOfRobotsOnBlackSite,numberOfRobotsOnWhiteSite
34525,20,19
timeStep,numberOfRobotsOnBlackSite,numberOfRobotsOnWhiteSite
34526,20,19
timeStep,numberOfRobotsOnBlackSite,numberOfRobotsOnWhiteSite
34527,20,19
timeStep,numberOfRobotsOnBlackSite,numberOfRobotsOnWhiteSite
34528,20,19
timeStep,numberOfRobotsOnBlackSite,numberOfRobotsOnWhiteSite
34529,20,19
timeStep,numberOfRobotsOnBlackSite,numberOfRobotsOnWhiteSite
34530,20,19
timeStep,numberOfRobotsOnBlackSite,numberOfRobotsOnWhiteSite
34531,20,19
timeStep,numberOfRobotsOnBlackSite,numberOfRobotsOnWhiteSite
34532,20,19
timeStep,numberOfRobotsOnBlackSite,numberOfRobotsOnWhiteSite
34533,20,19
timeStep,numberOfRobotsOnBlackSite,numberOfRobotsOnWhiteSite
34534,20,19
timeStep,numberOfRobotsOnBlackSite,numberOfRobotsOnWhiteSite
34535,20,19
timeStep,numberOfRobotsOnBlackSite,numberOfRobotsOnWhiteSite
34536,20,19
timeStep,numberOfRobotsOnBlackSite,numberOfRobotsOnWhiteSite
34537,20,19
timeStep,numberOfRobotsOnBlackSite,numberOfRobotsOnWhiteSite
34538,20,19
timeStep,numberOfRobotsOnBlackSite,numberOfRobotsOnWhiteSite
34539,20,19
timeStep,numberOfRobotsOnBlackSite,numberOfRobotsOnWhiteSite
34540,20,19
timeStep,numberOfRobotsOnBlackSite,numberOfRobotsOnWhiteSite
34541,20,19
timeStep,numberOfRobotsOnBlackSite,numberOfRobotsOnWhiteSite
34542,20,19
timeStep,numberOfRobotsOnBlackSite,numberOfRobotsOnWhiteSite
34543,20,19
timeStep,numberOfRobotsOnBlackSite,numberOfRobotsOnWhiteSite
34544,20,19
timeStep,numberOfRobotsOnBlackSite,numberOfRobotsOnWhiteSite
34545,20,19
timeStep,numberOfRobotsOnBlackSite,numberOfRobotsOnWhiteSite
34546,20,19
timeStep,numberOfRobotsOnBlackSite,numberOfRobotsOnWhiteSite
34547,20,19
timeStep,numberOfRobotsOnBlackSite,numberOfRobotsOnWhiteSite
34548,20,19
timeStep,numberOfRobotsOnBlackSite,numberOfRobotsOnWhiteSite
34549,20,19
timeStep,numberOfRobotsOnBlackSite,numberOfRobotsOnWhiteSite
34550,20,20
timeStep,numberOfRobotsOnBlackSite,numberOfRobotsOnWhiteSite
34551,20,20
timeStep,numberOfRobotsOnBlackSite,numberOfRobotsOnWhiteSite
34552,20,20
timeStep,numberOfRobotsOnBlackSite,numberOfRobotsOnWhiteSite
34553,20,20
timeStep,numberOfRobotsOnBlackSite,numberOfRobotsOnWhiteSite
34554,20,20
timeStep,numberOfRobotsOnBlackSite,numberOfRobotsOnWhiteSite
34555,20,20
timeStep,numberOfRobotsOnBlackSite,numberOfRobotsOnWhiteSite
34556,20,20
timeStep,numberOfRobotsOnBlackSite,numberOfRobotsOnWhiteSite
34557,20,20
timeStep,numberOfRobotsOnBlackSite,numberOfRobotsOnWhiteSite
34558,20,20
timeStep,numberOfRobotsOnBlackSite,numberOfRobotsOnWhiteSite
34559,20,20
timeStep,numberOfRobotsOnBlackSite,numberOfRobotsOnWhiteSite
34560,20,20
timeStep,numberOfRobotsOnBlackSite,numberOfRobotsOnWhiteSite
34561,20,20
timeStep,numberOfRobotsOnBlackSite,numberOfRobotsOnWhiteSite
34562,20,20
timeStep,numberOfRobotsOnBlackSite,numberOfRobotsOnWhiteSite
34563,20,20
timeStep,numberOfRobotsOnBlackSite,numberOfRobotsOnWhiteSite
34564,20,20
timeStep,numberOfRobotsOnBlackSite,numberOfRobotsOnWhiteSite
34565,20,20
timeStep,numberOfRobotsOnBlackSite,numberOfRobotsOnWhiteSite
34566,20,20
timeStep,numberOfRobotsOnBlackSite,numberOfRobotsOnWhiteSite
34567,20,20
timeStep,numberOfRobotsOnBlackSite,numberOfRobotsOnWhiteSite
34568,20,20
timeStep,numberOfRobotsOnBlackSite,numberOfRobotsOnWhiteSite
34569,20,20
timeStep,numberOfRobotsOnBlackSite,numberOfRobotsOnWhiteSite
34570,21,20
timeStep,numberOfRobotsOnBlackSite,numberOfRobotsOnWhiteSite
34571,21,20
timeStep,numberOfRobotsOnBlackSite,numberOfRobotsOnWhiteSite
34572,21,20
timeStep,numberOfRobotsOnBlackSite,numberOfRobotsOnWhiteSite
34573,21,20
timeStep,numberOfRobotsOnBlackSite,numberOfRobotsOnWhiteSite
34574,21,20
timeStep,numberOfRobotsOnBlackSite,numberOfRobotsOnWhiteSite
34575,21,20
timeStep,numberOfRobotsOnBlackSite,numberOfRobotsOnWhiteSite
34576,21,20
timeStep,numberOfRobotsOnBlackSite,numberOfRobotsOnWhiteSite
34577,21,20
timeStep,numberOfRobotsOnBlackSite,numberOfRobotsOnWhiteSite
34578,21,20
timeStep,numberOfRobotsOnBlackSite,numberOfRobotsOnWhiteSite
34579,21,20
timeStep,numberOfRobotsOnBlackSite,numberOfRobotsOnWhiteSite
34580,21,20
timeStep,numberOfRobotsOnBlackSite,numberOfRobotsOnWhiteSite
34581,21,20
timeStep,numberOfRobotsOnBlackSite,numberOfRobotsOnWhiteSite
34582,21,20
timeStep,numberOfRobotsOnBlackSite,numberOfRobotsOnWhiteSite
34583,21,20
timeStep,numberOfRobotsOnBlackSite,numberOfRobotsOnWhiteSite
34584,21,20
timeStep,numberOfRobotsOnBlackSite,numberOfRobotsOnWhiteSite
34585,21,20
timeStep,numberOfRobotsOnBlackSite,numberOfRobotsOnWhiteSite
34586,21,20
timeStep,numberOfRobotsOnBlackSite,numberOfRobotsOnWhiteSite
34587,21,20
timeStep,numberOfRobotsOnBlackSite,numberOfRobotsOnWhiteSite
34588,21,20
timeStep,numberOfRobotsOnBlackSite,numberOfRobotsOnWhiteSite
34589,21,20
timeStep,numberOfRobotsOnBlackSite,numberOfRobotsOnWhiteSite
34590,21,20
timeStep,numberOfRobotsOnBlackSite,numberOfRobotsOnWhiteSite
34591,21,20
timeStep,numberOfRobotsOnBlackSite,numberOfRobotsOnWhiteSite
34592,21,20
timeStep,numberOfRobotsOnBlackSite,numberOfRobotsOnWhiteSite
34593,21,20
timeStep,numberOfRobotsOnBlackSite,numberOfRobotsOnWhiteSite
34594,21,20
timeStep,numberOfRobotsOnBlackSite,numberOfRobotsOnWhiteSite
34595,21,20
timeStep,numberOfRobotsOnBlackSite,numberOfRobotsOnWhiteSite
34596,21,20
timeStep,numberOfRobotsOnBlackSite,numberOfRobotsOnWhiteSite
34597,21,20
timeStep,numberOfRobotsOnBlackSite,numberOfRobotsOnWhiteSite
34598,21,20
timeStep,numberOfRobotsOnBlackSite,numberOfRobotsOnWhiteSite
34599,21,20
timeStep,numberOfRobotsOnBlackSite,numberOfRobotsOnWhiteSite
34600,21,20
timeStep,numberOfRobotsOnBlackSite,numberOfRobotsOnWhiteSite
34601,21,20
timeStep,numberOfRobotsOnBlackSite,numberOfRobotsOnWhiteSite
34602,21,20
timeStep,numberOfRobotsOnBlackSite,numberOfRobotsOnWhiteSite
34603,21,20
timeStep,numberOfRobotsOnBlackSite,numberOfRobotsOnWhiteSite
34604,21,20
timeStep,numberOfRobotsOnBlackSite,numberOfRobotsOnWhiteSite
34605,21,20
timeStep,numberOfRobotsOnBlackSite,numberOfRobotsOnWhiteSite
34606,21,20
timeStep,numberOfRobotsOnBlackSite,numberOfRobotsOnWhiteSite
34607,21,20
timeStep,numberOfRobotsOnBlackSite,numberOfRobotsOnWhiteSite
34608,21,20
timeStep,numberOfRobotsOnBlackSite,numberOfRobotsOnWhiteSite
34609,21,20
timeStep,numberOfRobotsOnBlackSite,numberOfRobotsOnWhiteSite
34610,21,20
timeStep,numberOfRobotsOnBlackSite,numberOfRobotsOnWhiteSite
34611,21,20
timeStep,numberOfRobotsOnBlackSite,numberOfRobotsOnWhiteSite
34612,21,20
timeStep,numberOfRobotsOnBlackSite,numberOfRobotsOnWhiteSite
34613,21,20
timeStep,numberOfRobotsOnBlackSite,numberOfRobotsOnWhiteSite
34614,21,20
timeStep,numberOfRobotsOnBlackSite,numberOfRobotsOnWhiteSite
34615,21,20
timeStep,numberOfRobotsOnBlackSite,numberOfRobotsOnWhiteSite
34616,21,20
timeStep,numberOfRobotsOnBlackSite,numberOfRobotsOnWhiteSite
34617,21,20
timeStep,numberOfRobotsOnBlackSite,numberOfRobotsOnWhiteSite
34618,21,20
timeStep,numberOfRobotsOnBlackSite,numberOfRobotsOnWhiteSite
34619,21,20
timeStep,numberOfRobotsOnBlackSite,numberOfRobotsOnWhiteSite
34620,21,20
timeStep,numberOfRobotsOnBlackSite,numberOfRobotsOnWhiteSite
34621,21,20
timeStep,numberOfRobotsOnBlackSite,numberOfRobotsOnWhiteSite
34622,21,20
timeStep,numberOfRobotsOnBlackSite,numberOfRobotsOnWhiteSite
34623,21,20
timeStep,numberOfRobotsOnBlackSite,numberOfRobotsOnWhiteSite
34624,21,20
timeStep,numberOfRobotsOnBlackSite,numberOfRobotsOnWhiteSite
34625,21,20
timeStep,numberOfRobotsOnBlackSite,numberOfRobotsOnWhiteSite
34626,21,20
timeStep,numberOfRobotsOnBlackSite,numberOfRobotsOnWhiteSite
34627,21,20
timeStep,numberOfRobotsOnBlackSite,numberOfRobotsOnWhiteSite
34628,21,20
timeStep,numberOfRobotsOnBlackSite,numberOfRobotsOnWhiteSite
34629,21,20
timeStep,numberOfRobotsOnBlackSite,numberOfRobotsOnWhiteSite
34630,22,20
timeStep,numberOfRobotsOnBlackSite,numberOfRobotsOnWhiteSite
34631,22,20
timeStep,numberOfRobotsOnBlackSite,numberOfRobotsOnWhiteSite
34632,22,20
timeStep,numberOfRobotsOnBlackSite,numberOfRobotsOnWhiteSite
34633,22,20
timeStep,numberOfRobotsOnBlackSite,numberOfRobotsOnWhiteSite
34634,22,20
timeStep,numberOfRobotsOnBlackSite,numberOfRobotsOnWhiteSite
34635,22,19
timeStep,numberOfRobotsOnBlackSite,numberOfRobotsOnWhiteSite
34636,22,19
timeStep,numberOfRobotsOnBlackSite,numberOfRobotsOnWhiteSite
34637,22,19
timeStep,numberOfRobotsOnBlackSite,numberOfRobotsOnWhiteSite
34638,22,19
timeStep,numberOfRobotsOnBlackSite,numberOfRobotsOnWhiteSite
34639,22,19
timeStep,numberOfRobotsOnBlackSite,numberOfRobotsOnWhiteSite
34640,21,19
timeStep,numberOfRobotsOnBlackSite,numberOfRobotsOnWhiteSite
34641,21,19
timeStep,numberOfRobotsOnBlackSite,numberOfRobotsOnWhiteSite
34642,21,19
timeStep,numberOfRobotsOnBlackSite,numberOfRobotsOnWhiteSite
34643,21,19
timeStep,numberOfRobotsOnBlackSite,numberOfRobotsOnWhiteSite
34644,21,19
timeStep,numberOfRobotsOnBlackSite,numberOfRobotsOnWhiteSite
34645,21,19
timeStep,numberOfRobotsOnBlackSite,numberOfRobotsOnWhiteSite
34646,21,19
timeStep,numberOfRobotsOnBlackSite,numberOfRobotsOnWhiteSite
34647,21,19
timeStep,numberOfRobotsOnBlackSite,numberOfRobotsOnWhiteSite
34648,21,19
timeStep,numberOfRobotsOnBlackSite,numberOfRobotsOnWhiteSite
34649,21,19
timeStep,numberOfRobotsOnBlackSite,numberOfRobotsOnWhiteSite
34650,21,19
timeStep,numberOfRobotsOnBlackSite,numberOfRobotsOnWhiteSite
34651,21,19
timeStep,numberOfRobotsOnBlackSite,numberOfRobotsOnWhiteSite
34652,21,19
timeStep,numberOfRobotsOnBlackSite,numberOfRobotsOnWhiteSite
34653,21,19
timeStep,numberOfRobotsOnBlackSite,numberOfRobotsOnWhiteSite
34654,21,19
timeStep,numberOfRobotsOnBlackSite,numberOfRobotsOnWhiteSite
34655,21,19
timeStep,numberOfRobotsOnBlackSite,numberOfRobotsOnWhiteSite
34656,21,19
timeStep,numberOfRobotsOnBlackSite,numberOfRobotsOnWhiteSite
34657,21,19
timeStep,numberOfRobotsOnBlackSite,numberOfRobotsOnWhiteSite
34658,21,19
timeStep,numberOfRobotsOnBlackSite,numberOfRobotsOnWhiteSite
34659,21,19
timeStep,numberOfRobotsOnBlackSite,numberOfRobotsOnWhiteSite
34660,21,19
timeStep,numberOfRobotsOnBlackSite,numberOfRobotsOnWhiteSite
34661,21,19
timeStep,numberOfRobotsOnBlackSite,numberOfRobotsOnWhiteSite
34662,21,19
timeStep,numberOfRobotsOnBlackSite,numberOfRobotsOnWhiteSite
34663,21,19
timeStep,numberOfRobotsOnBlackSite,numberOfRobotsOnWhiteSite
34664,21,19
timeStep,numberOfRobotsOnBlackSite,numberOfRobotsOnWhiteSite
34665,21,19
timeStep,numberOfRobotsOnBlackSite,numberOfRobotsOnWhiteSite
34666,21,19
timeStep,numberOfRobotsOnBlackSite,numberOfRobotsOnWhiteSite
34667,21,19
timeStep,numberOfRobotsOnBlackSite,numberOfRobotsOnWhiteSite
34668,21,19
timeStep,numberOfRobotsOnBlackSite,numberOfRobotsOnWhiteSite
34669,21,19
timeStep,numberOfRobotsOnBlackSite,numberOfRobotsOnWhiteSite
34670,20,19
timeStep,numberOfRobotsOnBlackSite,numberOfRobotsOnWhiteSite
34671,20,19
timeStep,numberOfRobotsOnBlackSite,numberOfRobotsOnWhiteSite
34672,20,19
timeStep,numberOfRobotsOnBlackSite,numberOfRobotsOnWhiteSite
34673,20,19
timeStep,numberOfRobotsOnBlackSite,numberOfRobotsOnWhiteSite
34674,20,19
timeStep,numberOfRobotsOnBlackSite,numberOfRobotsOnWhiteSite
34675,20,19
timeStep,numberOfRobotsOnBlackSite,numberOfRobotsOnWhiteSite
34676,20,19
timeStep,numberOfRobotsOnBlackSite,numberOfRobotsOnWhiteSite
34677,20,19
timeStep,numberOfRobotsOnBlackSite,numberOfRobotsOnWhiteSite
34678,20,19
timeStep,numberOfRobotsOnBlackSite,numberOfRobotsOnWhiteSite
34679,20,19
timeStep,numberOfRobotsOnBlackSite,numberOfRobotsOnWhiteSite
34680,20,19
timeStep,numberOfRobotsOnBlackSite,numberOfRobotsOnWhiteSite
34681,20,19
timeStep,numberOfRobotsOnBlackSite,numberOfRobotsOnWhiteSite
34682,20,19
timeStep,numberOfRobotsOnBlackSite,numberOfRobotsOnWhiteSite
34683,20,19
timeStep,numberOfRobotsOnBlackSite,numberOfRobotsOnWhiteSite
34684,20,19
timeStep,numberOfRobotsOnBlackSite,numberOfRobotsOnWhiteSite
34685,20,19
timeStep,numberOfRobotsOnBlackSite,numberOfRobotsOnWhiteSite
34686,20,19
timeStep,numberOfRobotsOnBlackSite,numberOfRobotsOnWhiteSite
34687,20,19
timeStep,numberOfRobotsOnBlackSite,numberOfRobotsOnWhiteSite
34688,20,19
timeStep,numberOfRobotsOnBlackSite,numberOfRobotsOnWhiteSite
34689,20,19
timeStep,numberOfRobotsOnBlackSite,numberOfRobotsOnWhiteSite
34690,20,19
timeStep,numberOfRobotsOnBlackSite,numberOfRobotsOnWhiteSite
34691,20,19
timeStep,numberOfRobotsOnBlackSite,numberOfRobotsOnWhiteSite
34692,20,19
timeStep,numberOfRobotsOnBlackSite,numberOfRobotsOnWhiteSite
34693,20,19
timeStep,numberOfRobotsOnBlackSite,numberOfRobotsOnWhiteSite
34694,20,19
timeStep,numberOfRobotsOnBlackSite,numberOfRobotsOnWhiteSite
34695,20,20
timeStep,numberOfRobotsOnBlackSite,numberOfRobotsOnWhiteSite
34696,20,20
timeStep,numberOfRobotsOnBlackSite,numberOfRobotsOnWhiteSite
34697,20,20
timeStep,numberOfRobotsOnBlackSite,numberOfRobotsOnWhiteSite
34698,20,20
timeStep,numberOfRobotsOnBlackSite,numberOfRobotsOnWhiteSite
34699,20,20
timeStep,numberOfRobotsOnBlackSite,numberOfRobotsOnWhiteSite
34700,20,20
timeStep,numberOfRobotsOnBlackSite,numberOfRobotsOnWhiteSite
34701,20,20
timeStep,numberOfRobotsOnBlackSite,numberOfRobotsOnWhiteSite
34702,20,20
timeStep,numberOfRobotsOnBlackSite,numberOfRobotsOnWhiteSite
34703,20,20
timeStep,numberOfRobotsOnBlackSite,numberOfRobotsOnWhiteSite
34704,20,20
timeStep,numberOfRobotsOnBlackSite,numberOfRobotsOnWhiteSite
34705,20,20
timeStep,numberOfRobotsOnBlackSite,numberOfRobotsOnWhiteSite
34706,20,20
timeStep,numberOfRobotsOnBlackSite,numberOfRobotsOnWhiteSite
34707,20,20
timeStep,numberOfRobotsOnBlackSite,numberOfRobotsOnWhiteSite
34708,20,20
timeStep,numberOfRobotsOnBlackSite,numberOfRobotsOnWhiteSite
34709,20,20
timeStep,numberOfRobotsOnBlackSite,numberOfRobotsOnWhiteSite
34710,20,20
timeStep,numberOfRobotsOnBlackSite,numberOfRobotsOnWhiteSite
34711,20,20
timeStep,numberOfRobotsOnBlackSite,numberOfRobotsOnWhiteSite
34712,20,20
timeStep,numberOfRobotsOnBlackSite,numberOfRobotsOnWhiteSite
34713,20,20
timeStep,numberOfRobotsOnBlackSite,numberOfRobotsOnWhiteSite
34714,20,20
timeStep,numberOfRobotsOnBlackSite,numberOfRobotsOnWhiteSite
34715,19,20
timeStep,numberOfRobotsOnBlackSite,numberOfRobotsOnWhiteSite
34716,19,20
timeStep,numberOfRobotsOnBlackSite,numberOfRobotsOnWhiteSite
34717,19,20
timeStep,numberOfRobotsOnBlackSite,numberOfRobotsOnWhiteSite
34718,19,20
timeStep,numberOfRobotsOnBlackSite,numberOfRobotsOnWhiteSite
34719,19,20
timeStep,numberOfRobotsOnBlackSite,numberOfRobotsOnWhiteSite
34720,19,20
timeStep,numberOfRobotsOnBlackSite,numberOfRobotsOnWhiteSite
34721,19,20
timeStep,numberOfRobotsOnBlackSite,numberOfRobotsOnWhiteSite
34722,19,20
timeStep,numberOfRobotsOnBlackSite,numberOfRobotsOnWhiteSite
34723,19,20
timeStep,numberOfRobotsOnBlackSite,numberOfRobotsOnWhiteSite
34724,19,20
timeStep,numberOfRobotsOnBlackSite,numberOfRobotsOnWhiteSite
34725,19,20
timeStep,numberOfRobotsOnBlackSite,numberOfRobotsOnWhiteSite
34726,19,20
timeStep,numberOfRobotsOnBlackSite,numberOfRobotsOnWhiteSite
34727,19,20
timeStep,numberOfRobotsOnBlackSite,numberOfRobotsOnWhiteSite
34728,19,20
timeStep,numberOfRobotsOnBlackSite,numberOfRobotsOnWhiteSite
34729,19,20
timeStep,numberOfRobotsOnBlackSite,numberOfRobotsOnWhiteSite
34730,19,20
timeStep,numberOfRobotsOnBlackSite,numberOfRobotsOnWhiteSite
34731,19,20
timeStep,numberOfRobotsOnBlackSite,numberOfRobotsOnWhiteSite
34732,19,20
timeStep,numberOfRobotsOnBlackSite,numberOfRobotsOnWhiteSite
34733,19,20
timeStep,numberOfRobotsOnBlackSite,numberOfRobotsOnWhiteSite
34734,19,20
timeStep,numberOfRobotsOnBlackSite,numberOfRobotsOnWhiteSite
34735,19,19
timeStep,numberOfRobotsOnBlackSite,numberOfRobotsOnWhiteSite
34736,19,19
timeStep,numberOfRobotsOnBlackSite,numberOfRobotsOnWhiteSite
34737,19,19
timeStep,numberOfRobotsOnBlackSite,numberOfRobotsOnWhiteSite
34738,19,19
timeStep,numberOfRobotsOnBlackSite,numberOfRobotsOnWhiteSite
34739,19,19
timeStep,numberOfRobotsOnBlackSite,numberOfRobotsOnWhiteSite
34740,19,19
timeStep,numberOfRobotsOnBlackSite,numberOfRobotsOnWhiteSite
34741,19,19
timeStep,numberOfRobotsOnBlackSite,numberOfRobotsOnWhiteSite
34742,19,19
timeStep,numberOfRobotsOnBlackSite,numberOfRobotsOnWhiteSite
34743,19,19
timeStep,numberOfRobotsOnBlackSite,numberOfRobotsOnWhiteSite
34744,19,19
timeStep,numberOfRobotsOnBlackSite,numberOfRobotsOnWhiteSite
34745,19,19
timeStep,numberOfRobotsOnBlackSite,numberOfRobotsOnWhiteSite
34746,19,19
timeStep,numberOfRobotsOnBlackSite,numberOfRobotsOnWhiteSite
34747,19,19
timeStep,numberOfRobotsOnBlackSite,numberOfRobotsOnWhiteSite
34748,19,19
timeStep,numberOfRobotsOnBlackSite,numberOfRobotsOnWhiteSite
34749,19,19
timeStep,numberOfRobotsOnBlackSite,numberOfRobotsOnWhiteSite
34750,20,19
timeStep,numberOfRobotsOnBlackSite,numberOfRobotsOnWhiteSite
34751,20,19
timeStep,numberOfRobotsOnBlackSite,numberOfRobotsOnWhiteSite
34752,20,19
timeStep,numberOfRobotsOnBlackSite,numberOfRobotsOnWhiteSite
34753,20,19
timeStep,numberOfRobotsOnBlackSite,numberOfRobotsOnWhiteSite
34754,20,19
timeStep,numberOfRobotsOnBlackSite,numberOfRobotsOnWhiteSite
34755,20,19
timeStep,numberOfRobotsOnBlackSite,numberOfRobotsOnWhiteSite
34756,20,19
timeStep,numberOfRobotsOnBlackSite,numberOfRobotsOnWhiteSite
34757,20,19
timeStep,numberOfRobotsOnBlackSite,numberOfRobotsOnWhiteSite
34758,20,19
timeStep,numberOfRobotsOnBlackSite,numberOfRobotsOnWhiteSite
34759,20,19
timeStep,numberOfRobotsOnBlackSite,numberOfRobotsOnWhiteSite
34760,20,19
timeStep,numberOfRobotsOnBlackSite,numberOfRobotsOnWhiteSite
34761,20,19
timeStep,numberOfRobotsOnBlackSite,numberOfRobotsOnWhiteSite
34762,20,19
timeStep,numberOfRobotsOnBlackSite,numberOfRobotsOnWhiteSite
34763,20,19
timeStep,numberOfRobotsOnBlackSite,numberOfRobotsOnWhiteSite
34764,20,19
timeStep,numberOfRobotsOnBlackSite,numberOfRobotsOnWhiteSite
34765,20,19
timeStep,numberOfRobotsOnBlackSite,numberOfRobotsOnWhiteSite
34766,20,19
timeStep,numberOfRobotsOnBlackSite,numberOfRobotsOnWhiteSite
34767,20,19
timeStep,numberOfRobotsOnBlackSite,numberOfRobotsOnWhiteSite
34768,20,19
timeStep,numberOfRobotsOnBlackSite,numberOfRobotsOnWhiteSite
34769,20,19
timeStep,numberOfRobotsOnBlackSite,numberOfRobotsOnWhiteSite
34770,20,19
timeStep,numberOfRobotsOnBlackSite,numberOfRobotsOnWhiteSite
34771,20,19
timeStep,numberOfRobotsOnBlackSite,numberOfRobotsOnWhiteSite
34772,20,19
timeStep,numberOfRobotsOnBlackSite,numberOfRobotsOnWhiteSite
34773,20,19
timeStep,numberOfRobotsOnBlackSite,numberOfRobotsOnWhiteSite
34774,20,19
timeStep,numberOfRobotsOnBlackSite,numberOfRobotsOnWhiteSite
34775,20,19
timeStep,numberOfRobotsOnBlackSite,numberOfRobotsOnWhiteSite
34776,20,19
timeStep,numberOfRobotsOnBlackSite,numberOfRobotsOnWhiteSite
34777,20,19
timeStep,numberOfRobotsOnBlackSite,numberOfRobotsOnWhiteSite
34778,20,19
timeStep,numberOfRobotsOnBlackSite,numberOfRobotsOnWhiteSite
34779,20,19
timeStep,numberOfRobotsOnBlackSite,numberOfRobotsOnWhiteSite
34780,20,19
timeStep,numberOfRobotsOnBlackSite,numberOfRobotsOnWhiteSite
34781,20,19
timeStep,numberOfRobotsOnBlackSite,numberOfRobotsOnWhiteSite
34782,20,19
timeStep,numberOfRobotsOnBlackSite,numberOfRobotsOnWhiteSite
34783,20,19
timeStep,numberOfRobotsOnBlackSite,numberOfRobotsOnWhiteSite
34784,20,19
timeStep,numberOfRobotsOnBlackSite,numberOfRobotsOnWhiteSite
34785,20,19
timeStep,numberOfRobotsOnBlackSite,numberOfRobotsOnWhiteSite
34786,20,19
timeStep,numberOfRobotsOnBlackSite,numberOfRobotsOnWhiteSite
34787,20,19
timeStep,numberOfRobotsOnBlackSite,numberOfRobotsOnWhiteSite
34788,20,19
timeStep,numberOfRobotsOnBlackSite,numberOfRobotsOnWhiteSite
34789,20,19
timeStep,numberOfRobotsOnBlackSite,numberOfRobotsOnWhiteSite
34790,20,19
timeStep,numberOfRobotsOnBlackSite,numberOfRobotsOnWhiteSite
34791,20,19
timeStep,numberOfRobotsOnBlackSite,numberOfRobotsOnWhiteSite
34792,20,19
timeStep,numberOfRobotsOnBlackSite,numberOfRobotsOnWhiteSite
34793,20,19
timeStep,numberOfRobotsOnBlackSite,numberOfRobotsOnWhiteSite
34794,20,19
timeStep,numberOfRobotsOnBlackSite,numberOfRobotsOnWhiteSite
34795,20,19
timeStep,numberOfRobotsOnBlackSite,numberOfRobotsOnWhiteSite
34796,20,19
timeStep,numberOfRobotsOnBlackSite,numberOfRobotsOnWhiteSite
34797,20,19
timeStep,numberOfRobotsOnBlackSite,numberOfRobotsOnWhiteSite
34798,20,19
timeStep,numberOfRobotsOnBlackSite,numberOfRobotsOnWhiteSite
34799,20,19
timeStep,numberOfRobotsOnBlackSite,numberOfRobotsOnWhiteSite
34800,20,19
timeStep,numberOfRobotsOnBlackSite,numberOfRobotsOnWhiteSite
34801,20,19
timeStep,numberOfRobotsOnBlackSite,numberOfRobotsOnWhiteSite
34802,20,19
timeStep,numberOfRobotsOnBlackSite,numberOfRobotsOnWhiteSite
34803,20,19
timeStep,numberOfRobotsOnBlackSite,numberOfRobotsOnWhiteSite
34804,20,19
timeStep,numberOfRobotsOnBlackSite,numberOfRobotsOnWhiteSite
34805,20,19
timeStep,numberOfRobotsOnBlackSite,numberOfRobotsOnWhiteSite
34806,20,19
timeStep,numberOfRobotsOnBlackSite,numberOfRobotsOnWhiteSite
34807,20,19
timeStep,numberOfRobotsOnBlackSite,numberOfRobotsOnWhiteSite
34808,20,19
timeStep,numberOfRobotsOnBlackSite,numberOfRobotsOnWhiteSite
34809,20,19
timeStep,numberOfRobotsOnBlackSite,numberOfRobotsOnWhiteSite
34810,20,18
timeStep,numberOfRobotsOnBlackSite,numberOfRobotsOnWhiteSite
34811,20,18
timeStep,numberOfRobotsOnBlackSite,numberOfRobotsOnWhiteSite
34812,20,18
timeStep,numberOfRobotsOnBlackSite,numberOfRobotsOnWhiteSite
34813,20,18
timeStep,numberOfRobotsOnBlackSite,numberOfRobotsOnWhiteSite
34814,20,18
timeStep,numberOfRobotsOnBlackSite,numberOfRobotsOnWhiteSite
34815,20,18
timeStep,numberOfRobotsOnBlackSite,numberOfRobotsOnWhiteSite
34816,20,18
timeStep,numberOfRobotsOnBlackSite,numberOfRobotsOnWhiteSite
34817,20,18
timeStep,numberOfRobotsOnBlackSite,numberOfRobotsOnWhiteSite
34818,20,18
timeStep,numberOfRobotsOnBlackSite,numberOfRobotsOnWhiteSite
34819,20,18
timeStep,numberOfRobotsOnBlackSite,numberOfRobotsOnWhiteSite
34820,20,17
timeStep,numberOfRobotsOnBlackSite,numberOfRobotsOnWhiteSite
34821,20,17
timeStep,numberOfRobotsOnBlackSite,numberOfRobotsOnWhiteSite
34822,20,17
timeStep,numberOfRobotsOnBlackSite,numberOfRobotsOnWhiteSite
34823,20,17
timeStep,numberOfRobotsOnBlackSite,numberOfRobotsOnWhiteSite
34824,20,17
timeStep,numberOfRobotsOnBlackSite,numberOfRobotsOnWhiteSite
34825,20,16
timeStep,numberOfRobotsOnBlackSite,numberOfRobotsOnWhiteSite
34826,20,16
timeStep,numberOfRobotsOnBlackSite,numberOfRobotsOnWhiteSite
34827,20,16
timeStep,numberOfRobotsOnBlackSite,numberOfRobotsOnWhiteSite
34828,20,16
timeStep,numberOfRobotsOnBlackSite,numberOfRobotsOnWhiteSite
34829,20,16
timeStep,numberOfRobotsOnBlackSite,numberOfRobotsOnWhiteSite
34830,19,16
timeStep,numberOfRobotsOnBlackSite,numberOfRobotsOnWhiteSite
34831,19,16
timeStep,numberOfRobotsOnBlackSite,numberOfRobotsOnWhiteSite
34832,19,16
timeStep,numberOfRobotsOnBlackSite,numberOfRobotsOnWhiteSite
34833,19,16
timeStep,numberOfRobotsOnBlackSite,numberOfRobotsOnWhiteSite
34834,19,16
timeStep,numberOfRobotsOnBlackSite,numberOfRobotsOnWhiteSite
34835,19,16
timeStep,numberOfRobotsOnBlackSite,numberOfRobotsOnWhiteSite
34836,19,16
timeStep,numberOfRobotsOnBlackSite,numberOfRobotsOnWhiteSite
34837,19,16
timeStep,numberOfRobotsOnBlackSite,numberOfRobotsOnWhiteSite
34838,19,16
timeStep,numberOfRobotsOnBlackSite,numberOfRobotsOnWhiteSite
34839,19,16
timeStep,numberOfRobotsOnBlackSite,numberOfRobotsOnWhiteSite
34840,19,16
timeStep,numberOfRobotsOnBlackSite,numberOfRobotsOnWhiteSite
34841,19,16
timeStep,numberOfRobotsOnBlackSite,numberOfRobotsOnWhiteSite
34842,19,16
timeStep,numberOfRobotsOnBlackSite,numberOfRobotsOnWhiteSite
34843,19,16
timeStep,numberOfRobotsOnBlackSite,numberOfRobotsOnWhiteSite
34844,19,16
timeStep,numberOfRobotsOnBlackSite,numberOfRobotsOnWhiteSite
34845,19,16
timeStep,numberOfRobotsOnBlackSite,numberOfRobotsOnWhiteSite
34846,19,16
timeStep,numberOfRobotsOnBlackSite,numberOfRobotsOnWhiteSite
34847,19,16
timeStep,numberOfRobotsOnBlackSite,numberOfRobotsOnWhiteSite
34848,19,16
timeStep,numberOfRobotsOnBlackSite,numberOfRobotsOnWhiteSite
34849,19,16
timeStep,numberOfRobotsOnBlackSite,numberOfRobotsOnWhiteSite
34850,19,17
timeStep,numberOfRobotsOnBlackSite,numberOfRobotsOnWhiteSite
34851,19,17
timeStep,numberOfRobotsOnBlackSite,numberOfRobotsOnWhiteSite
34852,19,17
timeStep,numberOfRobotsOnBlackSite,numberOfRobotsOnWhiteSite
34853,19,17
timeStep,numberOfRobotsOnBlackSite,numberOfRobotsOnWhiteSite
34854,19,17
timeStep,numberOfRobotsOnBlackSite,numberOfRobotsOnWhiteSite
34855,19,17
timeStep,numberOfRobotsOnBlackSite,numberOfRobotsOnWhiteSite
34856,19,17
timeStep,numberOfRobotsOnBlackSite,numberOfRobotsOnWhiteSite
34857,19,17
timeStep,numberOfRobotsOnBlackSite,numberOfRobotsOnWhiteSite
34858,19,17
timeStep,numberOfRobotsOnBlackSite,numberOfRobotsOnWhiteSite
34859,19,17
timeStep,numberOfRobotsOnBlackSite,numberOfRobotsOnWhiteSite
34860,19,17
timeStep,numberOfRobotsOnBlackSite,numberOfRobotsOnWhiteSite
34861,19,17
timeStep,numberOfRobotsOnBlackSite,numberOfRobotsOnWhiteSite
34862,19,17
timeStep,numberOfRobotsOnBlackSite,numberOfRobotsOnWhiteSite
34863,19,17
timeStep,numberOfRobotsOnBlackSite,numberOfRobotsOnWhiteSite
34864,19,17
timeStep,numberOfRobotsOnBlackSite,numberOfRobotsOnWhiteSite
34865,20,17
timeStep,numberOfRobotsOnBlackSite,numberOfRobotsOnWhiteSite
34866,20,17
timeStep,numberOfRobotsOnBlackSite,numberOfRobotsOnWhiteSite
34867,20,17
timeStep,numberOfRobotsOnBlackSite,numberOfRobotsOnWhiteSite
34868,20,17
timeStep,numberOfRobotsOnBlackSite,numberOfRobotsOnWhiteSite
34869,20,17
timeStep,numberOfRobotsOnBlackSite,numberOfRobotsOnWhiteSite
34870,20,17
timeStep,numberOfRobotsOnBlackSite,numberOfRobotsOnWhiteSite
34871,20,17
timeStep,numberOfRobotsOnBlackSite,numberOfRobotsOnWhiteSite
34872,20,17
timeStep,numberOfRobotsOnBlackSite,numberOfRobotsOnWhiteSite
34873,20,17
timeStep,numberOfRobotsOnBlackSite,numberOfRobotsOnWhiteSite
34874,20,17
timeStep,numberOfRobotsOnBlackSite,numberOfRobotsOnWhiteSite
34875,20,17
timeStep,numberOfRobotsOnBlackSite,numberOfRobotsOnWhiteSite
34876,20,17
timeStep,numberOfRobotsOnBlackSite,numberOfRobotsOnWhiteSite
34877,20,17
timeStep,numberOfRobotsOnBlackSite,numberOfRobotsOnWhiteSite
34878,20,17
timeStep,numberOfRobotsOnBlackSite,numberOfRobotsOnWhiteSite
34879,20,17
timeStep,numberOfRobotsOnBlackSite,numberOfRobotsOnWhiteSite
34880,20,17
timeStep,numberOfRobotsOnBlackSite,numberOfRobotsOnWhiteSite
34881,20,17
timeStep,numberOfRobotsOnBlackSite,numberOfRobotsOnWhiteSite
34882,20,17
timeStep,numberOfRobotsOnBlackSite,numberOfRobotsOnWhiteSite
34883,20,17
timeStep,numberOfRobotsOnBlackSite,numberOfRobotsOnWhiteSite
34884,20,17
timeStep,numberOfRobotsOnBlackSite,numberOfRobotsOnWhiteSite
34885,20,17
timeStep,numberOfRobotsOnBlackSite,numberOfRobotsOnWhiteSite
34886,20,17
timeStep,numberOfRobotsOnBlackSite,numberOfRobotsOnWhiteSite
34887,20,17
timeStep,numberOfRobotsOnBlackSite,numberOfRobotsOnWhiteSite
34888,20,17
timeStep,numberOfRobotsOnBlackSite,numberOfRobotsOnWhiteSite
34889,20,17
timeStep,numberOfRobotsOnBlackSite,numberOfRobotsOnWhiteSite
34890,20,17
timeStep,numberOfRobotsOnBlackSite,numberOfRobotsOnWhiteSite
34891,20,17
timeStep,numberOfRobotsOnBlackSite,numberOfRobotsOnWhiteSite
34892,20,17
timeStep,numberOfRobotsOnBlackSite,numberOfRobotsOnWhiteSite
34893,20,17
timeStep,numberOfRobotsOnBlackSite,numberOfRobotsOnWhiteSite
34894,20,17
timeStep,numberOfRobotsOnBlackSite,numberOfRobotsOnWhiteSite
34895,19,17
timeStep,numberOfRobotsOnBlackSite,numberOfRobotsOnWhiteSite
34896,19,17
timeStep,numberOfRobotsOnBlackSite,numberOfRobotsOnWhiteSite
34897,19,17
timeStep,numberOfRobotsOnBlackSite,numberOfRobotsOnWhiteSite
34898,19,17
timeStep,numberOfRobotsOnBlackSite,numberOfRobotsOnWhiteSite
34899,19,17
timeStep,numberOfRobotsOnBlackSite,numberOfRobotsOnWhiteSite
34900,19,18
timeStep,numberOfRobotsOnBlackSite,numberOfRobotsOnWhiteSite
34901,19,18
timeStep,numberOfRobotsOnBlackSite,numberOfRobotsOnWhiteSite
34902,19,18
timeStep,numberOfRobotsOnBlackSite,numberOfRobotsOnWhiteSite
34903,19,18
timeStep,numberOfRobotsOnBlackSite,numberOfRobotsOnWhiteSite
34904,19,18
timeStep,numberOfRobotsOnBlackSite,numberOfRobotsOnWhiteSite
34905,19,17
timeStep,numberOfRobotsOnBlackSite,numberOfRobotsOnWhiteSite
34906,19,17
timeStep,numberOfRobotsOnBlackSite,numberOfRobotsOnWhiteSite
34907,19,17
timeStep,numberOfRobotsOnBlackSite,numberOfRobotsOnWhiteSite
34908,19,17
timeStep,numberOfRobotsOnBlackSite,numberOfRobotsOnWhiteSite
34909,19,17
timeStep,numberOfRobotsOnBlackSite,numberOfRobotsOnWhiteSite
34910,19,17
timeStep,numberOfRobotsOnBlackSite,numberOfRobotsOnWhiteSite
34911,19,17
timeStep,numberOfRobotsOnBlackSite,numberOfRobotsOnWhiteSite
34912,19,17
timeStep,numberOfRobotsOnBlackSite,numberOfRobotsOnWhiteSite
34913,19,17
timeStep,numberOfRobotsOnBlackSite,numberOfRobotsOnWhiteSite
34914,19,17
timeStep,numberOfRobotsOnBlackSite,numberOfRobotsOnWhiteSite
34915,19,16
timeStep,numberOfRobotsOnBlackSite,numberOfRobotsOnWhiteSite
34916,19,16
timeStep,numberOfRobotsOnBlackSite,numberOfRobotsOnWhiteSite
34917,19,16
timeStep,numberOfRobotsOnBlackSite,numberOfRobotsOnWhiteSite
34918,19,16
timeStep,numberOfRobotsOnBlackSite,numberOfRobotsOnWhiteSite
34919,19,16
timeStep,numberOfRobotsOnBlackSite,numberOfRobotsOnWhiteSite
34920,20,16
timeStep,numberOfRobotsOnBlackSite,numberOfRobotsOnWhiteSite
34921,20,16
timeStep,numberOfRobotsOnBlackSite,numberOfRobotsOnWhiteSite
34922,20,16
timeStep,numberOfRobotsOnBlackSite,numberOfRobotsOnWhiteSite
34923,20,16
timeStep,numberOfRobotsOnBlackSite,numberOfRobotsOnWhiteSite
34924,20,16
timeStep,numberOfRobotsOnBlackSite,numberOfRobotsOnWhiteSite
34925,20,16
timeStep,numberOfRobotsOnBlackSite,numberOfRobotsOnWhiteSite
34926,20,16
timeStep,numberOfRobotsOnBlackSite,numberOfRobotsOnWhiteSite
34927,20,16
timeStep,numberOfRobotsOnBlackSite,numberOfRobotsOnWhiteSite
34928,20,16
timeStep,numberOfRobotsOnBlackSite,numberOfRobotsOnWhiteSite
34929,20,16
timeStep,numberOfRobotsOnBlackSite,numberOfRobotsOnWhiteSite
34930,20,16
timeStep,numberOfRobotsOnBlackSite,numberOfRobotsOnWhiteSite
34931,20,16
timeStep,numberOfRobotsOnBlackSite,numberOfRobotsOnWhiteSite
34932,20,16
timeStep,numberOfRobotsOnBlackSite,numberOfRobotsOnWhiteSite
34933,20,16
timeStep,numberOfRobotsOnBlackSite,numberOfRobotsOnWhiteSite
34934,20,16
timeStep,numberOfRobotsOnBlackSite,numberOfRobotsOnWhiteSite
34935,20,16
timeStep,numberOfRobotsOnBlackSite,numberOfRobotsOnWhiteSite
34936,20,16
timeStep,numberOfRobotsOnBlackSite,numberOfRobotsOnWhiteSite
34937,20,16
timeStep,numberOfRobotsOnBlackSite,numberOfRobotsOnWhiteSite
34938,20,16
timeStep,numberOfRobotsOnBlackSite,numberOfRobotsOnWhiteSite
34939,20,16
timeStep,numberOfRobotsOnBlackSite,numberOfRobotsOnWhiteSite
34940,20,16
timeStep,numberOfRobotsOnBlackSite,numberOfRobotsOnWhiteSite
34941,20,16
timeStep,numberOfRobotsOnBlackSite,numberOfRobotsOnWhiteSite
34942,20,16
timeStep,numberOfRobotsOnBlackSite,numberOfRobotsOnWhiteSite
34943,20,16
timeStep,numberOfRobotsOnBlackSite,numberOfRobotsOnWhiteSite
34944,20,16
timeStep,numberOfRobotsOnBlackSite,numberOfRobotsOnWhiteSite
34945,20,16
timeStep,numberOfRobotsOnBlackSite,numberOfRobotsOnWhiteSite
34946,20,16
timeStep,numberOfRobotsOnBlackSite,numberOfRobotsOnWhiteSite
34947,20,16
timeStep,numberOfRobotsOnBlackSite,numberOfRobotsOnWhiteSite
34948,20,16
timeStep,numberOfRobotsOnBlackSite,numberOfRobotsOnWhiteSite
34949,20,16
timeStep,numberOfRobotsOnBlackSite,numberOfRobotsOnWhiteSite
34950,20,15
timeStep,numberOfRobotsOnBlackSite,numberOfRobotsOnWhiteSite
34951,20,15
timeStep,numberOfRobotsOnBlackSite,numberOfRobotsOnWhiteSite
34952,20,15
timeStep,numberOfRobotsOnBlackSite,numberOfRobotsOnWhiteSite
34953,20,15
timeStep,numberOfRobotsOnBlackSite,numberOfRobotsOnWhiteSite
34954,20,15
timeStep,numberOfRobotsOnBlackSite,numberOfRobotsOnWhiteSite
34955,20,15
timeStep,numberOfRobotsOnBlackSite,numberOfRobotsOnWhiteSite
34956,20,15
timeStep,numberOfRobotsOnBlackSite,numberOfRobotsOnWhiteSite
34957,20,15
timeStep,numberOfRobotsOnBlackSite,numberOfRobotsOnWhiteSite
34958,20,15
timeStep,numberOfRobotsOnBlackSite,numberOfRobotsOnWhiteSite
34959,20,15
timeStep,numberOfRobotsOnBlackSite,numberOfRobotsOnWhiteSite
34960,20,15
timeStep,numberOfRobotsOnBlackSite,numberOfRobotsOnWhiteSite
34961,20,15
timeStep,numberOfRobotsOnBlackSite,numberOfRobotsOnWhiteSite
34962,20,15
timeStep,numberOfRobotsOnBlackSite,numberOfRobotsOnWhiteSite
34963,20,15
timeStep,numberOfRobotsOnBlackSite,numberOfRobotsOnWhiteSite
34964,20,15
timeStep,numberOfRobotsOnBlackSite,numberOfRobotsOnWhiteSite
34965,20,15
timeStep,numberOfRobotsOnBlackSite,numberOfRobotsOnWhiteSite
34966,20,15
timeStep,numberOfRobotsOnBlackSite,numberOfRobotsOnWhiteSite
34967,20,15
timeStep,numberOfRobotsOnBlackSite,numberOfRobotsOnWhiteSite
34968,20,15
timeStep,numberOfRobotsOnBlackSite,numberOfRobotsOnWhiteSite
34969,20,15
timeStep,numberOfRobotsOnBlackSite,numberOfRobotsOnWhiteSite
34970,20,15
timeStep,numberOfRobotsOnBlackSite,numberOfRobotsOnWhiteSite
34971,20,15
timeStep,numberOfRobotsOnBlackSite,numberOfRobotsOnWhiteSite
34972,20,15
timeStep,numberOfRobotsOnBlackSite,numberOfRobotsOnWhiteSite
34973,20,15
timeStep,numberOfRobotsOnBlackSite,numberOfRobotsOnWhiteSite
34974,20,15
timeStep,numberOfRobotsOnBlackSite,numberOfRobotsOnWhiteSite
34975,20,15
timeStep,numberOfRobotsOnBlackSite,numberOfRobotsOnWhiteSite
34976,20,15
timeStep,numberOfRobotsOnBlackSite,numberOfRobotsOnWhiteSite
34977,20,15
timeStep,numberOfRobotsOnBlackSite,numberOfRobotsOnWhiteSite
34978,20,15
timeStep,numberOfRobotsOnBlackSite,numberOfRobotsOnWhiteSite
34979,20,15
timeStep,numberOfRobotsOnBlackSite,numberOfRobotsOnWhiteSite
34980,20,15
timeStep,numberOfRobotsOnBlackSite,numberOfRobotsOnWhiteSite
34981,20,15
timeStep,numberOfRobotsOnBlackSite,numberOfRobotsOnWhiteSite
34982,20,15
timeStep,numberOfRobotsOnBlackSite,numberOfRobotsOnWhiteSite
34983,20,15
timeStep,numberOfRobotsOnBlackSite,numberOfRobotsOnWhiteSite
34984,20,15
timeStep,numberOfRobotsOnBlackSite,numberOfRobotsOnWhiteSite
34985,19,15
timeStep,numberOfRobotsOnBlackSite,numberOfRobotsOnWhiteSite
34986,19,15
timeStep,numberOfRobotsOnBlackSite,numberOfRobotsOnWhiteSite
34987,19,15
timeStep,numberOfRobotsOnBlackSite,numberOfRobotsOnWhiteSite
34988,19,15
timeStep,numberOfRobotsOnBlackSite,numberOfRobotsOnWhiteSite
34989,19,15
timeStep,numberOfRobotsOnBlackSite,numberOfRobotsOnWhiteSite
34990,19,15
timeStep,numberOfRobotsOnBlackSite,numberOfRobotsOnWhiteSite
34991,19,15
timeStep,numberOfRobotsOnBlackSite,numberOfRobotsOnWhiteSite
34992,19,15
timeStep,numberOfRobotsOnBlackSite,numberOfRobotsOnWhiteSite
34993,19,15
timeStep,numberOfRobotsOnBlackSite,numberOfRobotsOnWhiteSite
34994,19,15
timeStep,numberOfRobotsOnBlackSite,numberOfRobotsOnWhiteSite
34995,19,15
timeStep,numberOfRobotsOnBlackSite,numberOfRobotsOnWhiteSite
34996,19,15
timeStep,numberOfRobotsOnBlackSite,numberOfRobotsOnWhiteSite
34997,19,15
timeStep,numberOfRobotsOnBlackSite,numberOfRobotsOnWhiteSite
34998,19,15
timeStep,numberOfRobotsOnBlackSite,numberOfRobotsOnWhiteSite
34999,19,15
timeStep,numberOfRobotsOnBlackSite,numberOfRobotsOnWhiteSite
35000,19,15
timeStep,numberOfRobotsOnBlackSite,numberOfRobotsOnWhiteSite
35001,19,15
timeStep,numberOfRobotsOnBlackSite,numberOfRobotsOnWhiteSite
35002,19,15
timeStep,numberOfRobotsOnBlackSite,numberOfRobotsOnWhiteSite
35003,19,15
timeStep,numberOfRobotsOnBlackSite,numberOfRobotsOnWhiteSite
35004,19,15
timeStep,numberOfRobotsOnBlackSite,numberOfRobotsOnWhiteSite
35005,19,16
timeStep,numberOfRobotsOnBlackSite,numberOfRobotsOnWhiteSite
35006,19,16
timeStep,numberOfRobotsOnBlackSite,numberOfRobotsOnWhiteSite
35007,19,16
timeStep,numberOfRobotsOnBlackSite,numberOfRobotsOnWhiteSite
35008,19,16
timeStep,numberOfRobotsOnBlackSite,numberOfRobotsOnWhiteSite
35009,19,16
timeStep,numberOfRobotsOnBlackSite,numberOfRobotsOnWhiteSite
35010,19,16
timeStep,numberOfRobotsOnBlackSite,numberOfRobotsOnWhiteSite
35011,19,16
timeStep,numberOfRobotsOnBlackSite,numberOfRobotsOnWhiteSite
35012,19,16
timeStep,numberOfRobotsOnBlackSite,numberOfRobotsOnWhiteSite
35013,19,16
timeStep,numberOfRobotsOnBlackSite,numberOfRobotsOnWhiteSite
35014,19,16
timeStep,numberOfRobotsOnBlackSite,numberOfRobotsOnWhiteSite
35015,19,16
timeStep,numberOfRobotsOnBlackSite,numberOfRobotsOnWhiteSite
35016,19,16
timeStep,numberOfRobotsOnBlackSite,numberOfRobotsOnWhiteSite
35017,19,16
timeStep,numberOfRobotsOnBlackSite,numberOfRobotsOnWhiteSite
35018,19,16
timeStep,numberOfRobotsOnBlackSite,numberOfRobotsOnWhiteSite
35019,19,16
timeStep,numberOfRobotsOnBlackSite,numberOfRobotsOnWhiteSite
35020,19,16
timeStep,numberOfRobotsOnBlackSite,numberOfRobotsOnWhiteSite
35021,19,16
timeStep,numberOfRobotsOnBlackSite,numberOfRobotsOnWhiteSite
35022,19,16
timeStep,numberOfRobotsOnBlackSite,numberOfRobotsOnWhiteSite
35023,19,16
timeStep,numberOfRobotsOnBlackSite,numberOfRobotsOnWhiteSite
35024,19,16
timeStep,numberOfRobotsOnBlackSite,numberOfRobotsOnWhiteSite
35025,19,16
timeStep,numberOfRobotsOnBlackSite,numberOfRobotsOnWhiteSite
35026,19,16
timeStep,numberOfRobotsOnBlackSite,numberOfRobotsOnWhiteSite
35027,19,16
timeStep,numberOfRobotsOnBlackSite,numberOfRobotsOnWhiteSite
35028,19,16
timeStep,numberOfRobotsOnBlackSite,numberOfRobotsOnWhiteSite
35029,19,16
timeStep,numberOfRobotsOnBlackSite,numberOfRobotsOnWhiteSite
35030,19,16
timeStep,numberOfRobotsOnBlackSite,numberOfRobotsOnWhiteSite
35031,19,16
timeStep,numberOfRobotsOnBlackSite,numberOfRobotsOnWhiteSite
35032,19,16
timeStep,numberOfRobotsOnBlackSite,numberOfRobotsOnWhiteSite
35033,19,16
timeStep,numberOfRobotsOnBlackSite,numberOfRobotsOnWhiteSite
35034,19,16
timeStep,numberOfRobotsOnBlackSite,numberOfRobotsOnWhiteSite
35035,19,16
timeStep,numberOfRobotsOnBlackSite,numberOfRobotsOnWhiteSite
35036,19,16
timeStep,numberOfRobotsOnBlackSite,numberOfRobotsOnWhiteSite
35037,19,16
timeStep,numberOfRobotsOnBlackSite,numberOfRobotsOnWhiteSite
35038,19,16
timeStep,numberOfRobotsOnBlackSite,numberOfRobotsOnWhiteSite
35039,19,16
timeStep,numberOfRobotsOnBlackSite,numberOfRobotsOnWhiteSite
35040,19,16
timeStep,numberOfRobotsOnBlackSite,numberOfRobotsOnWhiteSite
35041,19,16
timeStep,numberOfRobotsOnBlackSite,numberOfRobotsOnWhiteSite
35042,19,16
timeStep,numberOfRobotsOnBlackSite,numberOfRobotsOnWhiteSite
35043,19,16
timeStep,numberOfRobotsOnBlackSite,numberOfRobotsOnWhiteSite
35044,19,16
timeStep,numberOfRobotsOnBlackSite,numberOfRobotsOnWhiteSite
35045,19,16
timeStep,numberOfRobotsOnBlackSite,numberOfRobotsOnWhiteSite
35046,19,16
timeStep,numberOfRobotsOnBlackSite,numberOfRobotsOnWhiteSite
35047,19,16
timeStep,numberOfRobotsOnBlackSite,numberOfRobotsOnWhiteSite
35048,19,16
timeStep,numberOfRobotsOnBlackSite,numberOfRobotsOnWhiteSite
35049,19,16
timeStep,numberOfRobotsOnBlackSite,numberOfRobotsOnWhiteSite
35050,19,16
timeStep,numberOfRobotsOnBlackSite,numberOfRobotsOnWhiteSite
35051,19,16
timeStep,numberOfRobotsOnBlackSite,numberOfRobotsOnWhiteSite
35052,19,16
timeStep,numberOfRobotsOnBlackSite,numberOfRobotsOnWhiteSite
35053,19,16
timeStep,numberOfRobotsOnBlackSite,numberOfRobotsOnWhiteSite
35054,19,16
timeStep,numberOfRobotsOnBlackSite,numberOfRobotsOnWhiteSite
35055,19,16
timeStep,numberOfRobotsOnBlackSite,numberOfRobotsOnWhiteSite
35056,19,16
timeStep,numberOfRobotsOnBlackSite,numberOfRobotsOnWhiteSite
35057,19,16
timeStep,numberOfRobotsOnBlackSite,numberOfRobotsOnWhiteSite
35058,19,16
timeStep,numberOfRobotsOnBlackSite,numberOfRobotsOnWhiteSite
35059,19,16
timeStep,numberOfRobotsOnBlackSite,numberOfRobotsOnWhiteSite
35060,19,17
timeStep,numberOfRobotsOnBlackSite,numberOfRobotsOnWhiteSite
35061,19,17
timeStep,numberOfRobotsOnBlackSite,numberOfRobotsOnWhiteSite
35062,19,17
timeStep,numberOfRobotsOnBlackSite,numberOfRobotsOnWhiteSite
35063,19,17
timeStep,numberOfRobotsOnBlackSite,numberOfRobotsOnWhiteSite
35064,19,17
timeStep,numberOfRobotsOnBlackSite,numberOfRobotsOnWhiteSite
35065,19,17
timeStep,numberOfRobotsOnBlackSite,numberOfRobotsOnWhiteSite
35066,19,17
timeStep,numberOfRobotsOnBlackSite,numberOfRobotsOnWhiteSite
35067,19,17
timeStep,numberOfRobotsOnBlackSite,numberOfRobotsOnWhiteSite
35068,19,17
timeStep,numberOfRobotsOnBlackSite,numberOfRobotsOnWhiteSite
35069,19,17
timeStep,numberOfRobotsOnBlackSite,numberOfRobotsOnWhiteSite
35070,19,17
timeStep,numberOfRobotsOnBlackSite,numberOfRobotsOnWhiteSite
35071,19,17
timeStep,numberOfRobotsOnBlackSite,numberOfRobotsOnWhiteSite
35072,19,17
timeStep,numberOfRobotsOnBlackSite,numberOfRobotsOnWhiteSite
35073,19,17
timeStep,numberOfRobotsOnBlackSite,numberOfRobotsOnWhiteSite
35074,19,17
timeStep,numberOfRobotsOnBlackSite,numberOfRobotsOnWhiteSite
35075,19,17
timeStep,numberOfRobotsOnBlackSite,numberOfRobotsOnWhiteSite
35076,19,17
timeStep,numberOfRobotsOnBlackSite,numberOfRobotsOnWhiteSite
35077,19,17
timeStep,numberOfRobotsOnBlackSite,numberOfRobotsOnWhiteSite
35078,19,17
timeStep,numberOfRobotsOnBlackSite,numberOfRobotsOnWhiteSite
35079,19,17
timeStep,numberOfRobotsOnBlackSite,numberOfRobotsOnWhiteSite
35080,19,17
timeStep,numberOfRobotsOnBlackSite,numberOfRobotsOnWhiteSite
35081,19,17
timeStep,numberOfRobotsOnBlackSite,numberOfRobotsOnWhiteSite
35082,19,17
timeStep,numberOfRobotsOnBlackSite,numberOfRobotsOnWhiteSite
35083,19,17
timeStep,numberOfRobotsOnBlackSite,numberOfRobotsOnWhiteSite
35084,19,17
timeStep,numberOfRobotsOnBlackSite,numberOfRobotsOnWhiteSite
35085,19,17
timeStep,numberOfRobotsOnBlackSite,numberOfRobotsOnWhiteSite
35086,19,17
timeStep,numberOfRobotsOnBlackSite,numberOfRobotsOnWhiteSite
35087,19,17
timeStep,numberOfRobotsOnBlackSite,numberOfRobotsOnWhiteSite
35088,19,17
timeStep,numberOfRobotsOnBlackSite,numberOfRobotsOnWhiteSite
35089,19,17
timeStep,numberOfRobotsOnBlackSite,numberOfRobotsOnWhiteSite
35090,19,17
timeStep,numberOfRobotsOnBlackSite,numberOfRobotsOnWhiteSite
35091,19,17
timeStep,numberOfRobotsOnBlackSite,numberOfRobotsOnWhiteSite
35092,19,17
timeStep,numberOfRobotsOnBlackSite,numberOfRobotsOnWhiteSite
35093,19,17
timeStep,numberOfRobotsOnBlackSite,numberOfRobotsOnWhiteSite
35094,19,17
timeStep,numberOfRobotsOnBlackSite,numberOfRobotsOnWhiteSite
35095,19,17
timeStep,numberOfRobotsOnBlackSite,numberOfRobotsOnWhiteSite
35096,19,17
timeStep,numberOfRobotsOnBlackSite,numberOfRobotsOnWhiteSite
35097,19,17
timeStep,numberOfRobotsOnBlackSite,numberOfRobotsOnWhiteSite
35098,19,17
timeStep,numberOfRobotsOnBlackSite,numberOfRobotsOnWhiteSite
35099,19,17
timeStep,numberOfRobotsOnBlackSite,numberOfRobotsOnWhiteSite
35100,19,17
timeStep,numberOfRobotsOnBlackSite,numberOfRobotsOnWhiteSite
35101,19,17
timeStep,numberOfRobotsOnBlackSite,numberOfRobotsOnWhiteSite
35102,19,17
timeStep,numberOfRobotsOnBlackSite,numberOfRobotsOnWhiteSite
35103,19,17
timeStep,numberOfRobotsOnBlackSite,numberOfRobotsOnWhiteSite
35104,19,17
timeStep,numberOfRobotsOnBlackSite,numberOfRobotsOnWhiteSite
35105,19,17
timeStep,numberOfRobotsOnBlackSite,numberOfRobotsOnWhiteSite
35106,19,17
timeStep,numberOfRobotsOnBlackSite,numberOfRobotsOnWhiteSite
35107,19,17
timeStep,numberOfRobotsOnBlackSite,numberOfRobotsOnWhiteSite
35108,19,17
timeStep,numberOfRobotsOnBlackSite,numberOfRobotsOnWhiteSite
35109,19,17
timeStep,numberOfRobotsOnBlackSite,numberOfRobotsOnWhiteSite
35110,19,17
timeStep,numberOfRobotsOnBlackSite,numberOfRobotsOnWhiteSite
35111,19,17
timeStep,numberOfRobotsOnBlackSite,numberOfRobotsOnWhiteSite
35112,19,17
timeStep,numberOfRobotsOnBlackSite,numberOfRobotsOnWhiteSite
35113,19,17
timeStep,numberOfRobotsOnBlackSite,numberOfRobotsOnWhiteSite
35114,19,17
timeStep,numberOfRobotsOnBlackSite,numberOfRobotsOnWhiteSite
35115,19,17
timeStep,numberOfRobotsOnBlackSite,numberOfRobotsOnWhiteSite
35116,19,17
timeStep,numberOfRobotsOnBlackSite,numberOfRobotsOnWhiteSite
35117,19,17
timeStep,numberOfRobotsOnBlackSite,numberOfRobotsOnWhiteSite
35118,19,17
timeStep,numberOfRobotsOnBlackSite,numberOfRobotsOnWhiteSite
35119,19,17
timeStep,numberOfRobotsOnBlackSite,numberOfRobotsOnWhiteSite
35120,19,17
timeStep,numberOfRobotsOnBlackSite,numberOfRobotsOnWhiteSite
35121,19,17
timeStep,numberOfRobotsOnBlackSite,numberOfRobotsOnWhiteSite
35122,19,17
timeStep,numberOfRobotsOnBlackSite,numberOfRobotsOnWhiteSite
35123,19,17
timeStep,numberOfRobotsOnBlackSite,numberOfRobotsOnWhiteSite
35124,19,17
timeStep,numberOfRobotsOnBlackSite,numberOfRobotsOnWhiteSite
35125,19,17
timeStep,numberOfRobotsOnBlackSite,numberOfRobotsOnWhiteSite
35126,19,17
timeStep,numberOfRobotsOnBlackSite,numberOfRobotsOnWhiteSite
35127,19,17
timeStep,numberOfRobotsOnBlackSite,numberOfRobotsOnWhiteSite
35128,19,17
timeStep,numberOfRobotsOnBlackSite,numberOfRobotsOnWhiteSite
35129,19,17
timeStep,numberOfRobotsOnBlackSite,numberOfRobotsOnWhiteSite
35130,19,18
timeStep,numberOfRobotsOnBlackSite,numberOfRobotsOnWhiteSite
35131,19,18
timeStep,numberOfRobotsOnBlackSite,numberOfRobotsOnWhiteSite
35132,19,18
timeStep,numberOfRobotsOnBlackSite,numberOfRobotsOnWhiteSite
35133,19,18
timeStep,numberOfRobotsOnBlackSite,numberOfRobotsOnWhiteSite
35134,19,18
timeStep,numberOfRobotsOnBlackSite,numberOfRobotsOnWhiteSite
35135,19,18
timeStep,numberOfRobotsOnBlackSite,numberOfRobotsOnWhiteSite
35136,19,18
timeStep,numberOfRobotsOnBlackSite,numberOfRobotsOnWhiteSite
35137,19,18
timeStep,numberOfRobotsOnBlackSite,numberOfRobotsOnWhiteSite
35138,19,18
timeStep,numberOfRobotsOnBlackSite,numberOfRobotsOnWhiteSite
35139,19,18
timeStep,numberOfRobotsOnBlackSite,numberOfRobotsOnWhiteSite
35140,19,18
timeStep,numberOfRobotsOnBlackSite,numberOfRobotsOnWhiteSite
35141,19,18
timeStep,numberOfRobotsOnBlackSite,numberOfRobotsOnWhiteSite
35142,19,18
timeStep,numberOfRobotsOnBlackSite,numberOfRobotsOnWhiteSite
35143,19,18
timeStep,numberOfRobotsOnBlackSite,numberOfRobotsOnWhiteSite
35144,19,18
timeStep,numberOfRobotsOnBlackSite,numberOfRobotsOnWhiteSite
35145,19,18
timeStep,numberOfRobotsOnBlackSite,numberOfRobotsOnWhiteSite
35146,19,18
timeStep,numberOfRobotsOnBlackSite,numberOfRobotsOnWhiteSite
35147,19,18
timeStep,numberOfRobotsOnBlackSite,numberOfRobotsOnWhiteSite
35148,19,18
timeStep,numberOfRobotsOnBlackSite,numberOfRobotsOnWhiteSite
35149,19,18
timeStep,numberOfRobotsOnBlackSite,numberOfRobotsOnWhiteSite
35150,19,18
timeStep,numberOfRobotsOnBlackSite,numberOfRobotsOnWhiteSite
35151,19,18
timeStep,numberOfRobotsOnBlackSite,numberOfRobotsOnWhiteSite
35152,19,18
timeStep,numberOfRobotsOnBlackSite,numberOfRobotsOnWhiteSite
35153,19,18
timeStep,numberOfRobotsOnBlackSite,numberOfRobotsOnWhiteSite
35154,19,18
timeStep,numberOfRobotsOnBlackSite,numberOfRobotsOnWhiteSite
35155,19,18
timeStep,numberOfRobotsOnBlackSite,numberOfRobotsOnWhiteSite
35156,19,18
timeStep,numberOfRobotsOnBlackSite,numberOfRobotsOnWhiteSite
35157,19,18
timeStep,numberOfRobotsOnBlackSite,numberOfRobotsOnWhiteSite
35158,19,18
timeStep,numberOfRobotsOnBlackSite,numberOfRobotsOnWhiteSite
35159,19,18
timeStep,numberOfRobotsOnBlackSite,numberOfRobotsOnWhiteSite
35160,19,18
timeStep,numberOfRobotsOnBlackSite,numberOfRobotsOnWhiteSite
35161,19,18
timeStep,numberOfRobotsOnBlackSite,numberOfRobotsOnWhiteSite
35162,19,18
timeStep,numberOfRobotsOnBlackSite,numberOfRobotsOnWhiteSite
35163,19,18
timeStep,numberOfRobotsOnBlackSite,numberOfRobotsOnWhiteSite
35164,19,18
timeStep,numberOfRobotsOnBlackSite,numberOfRobotsOnWhiteSite
35165,19,18
timeStep,numberOfRobotsOnBlackSite,numberOfRobotsOnWhiteSite
35166,19,18
timeStep,numberOfRobotsOnBlackSite,numberOfRobotsOnWhiteSite
35167,19,18
timeStep,numberOfRobotsOnBlackSite,numberOfRobotsOnWhiteSite
35168,19,18
timeStep,numberOfRobotsOnBlackSite,numberOfRobotsOnWhiteSite
35169,19,18
timeStep,numberOfRobotsOnBlackSite,numberOfRobotsOnWhiteSite
35170,19,18
timeStep,numberOfRobotsOnBlackSite,numberOfRobotsOnWhiteSite
35171,19,18
timeStep,numberOfRobotsOnBlackSite,numberOfRobotsOnWhiteSite
35172,19,18
timeStep,numberOfRobotsOnBlackSite,numberOfRobotsOnWhiteSite
35173,19,18
timeStep,numberOfRobotsOnBlackSite,numberOfRobotsOnWhiteSite
35174,19,18
timeStep,numberOfRobotsOnBlackSite,numberOfRobotsOnWhiteSite
35175,19,18
timeStep,numberOfRobotsOnBlackSite,numberOfRobotsOnWhiteSite
35176,19,18
timeStep,numberOfRobotsOnBlackSite,numberOfRobotsOnWhiteSite
35177,19,18
timeStep,numberOfRobotsOnBlackSite,numberOfRobotsOnWhiteSite
35178,19,18
timeStep,numberOfRobotsOnBlackSite,numberOfRobotsOnWhiteSite
35179,19,18
timeStep,numberOfRobotsOnBlackSite,numberOfRobotsOnWhiteSite
35180,20,19
timeStep,numberOfRobotsOnBlackSite,numberOfRobotsOnWhiteSite
35181,20,19
timeStep,numberOfRobotsOnBlackSite,numberOfRobotsOnWhiteSite
35182,20,19
timeStep,numberOfRobotsOnBlackSite,numberOfRobotsOnWhiteSite
35183,20,19
timeStep,numberOfRobotsOnBlackSite,numberOfRobotsOnWhiteSite
35184,20,19
timeStep,numberOfRobotsOnBlackSite,numberOfRobotsOnWhiteSite
35185,20,19
timeStep,numberOfRobotsOnBlackSite,numberOfRobotsOnWhiteSite
35186,20,19
timeStep,numberOfRobotsOnBlackSite,numberOfRobotsOnWhiteSite
35187,20,19
timeStep,numberOfRobotsOnBlackSite,numberOfRobotsOnWhiteSite
35188,20,19
timeStep,numberOfRobotsOnBlackSite,numberOfRobotsOnWhiteSite
35189,20,19
timeStep,numberOfRobotsOnBlackSite,numberOfRobotsOnWhiteSite
35190,20,19
timeStep,numberOfRobotsOnBlackSite,numberOfRobotsOnWhiteSite
35191,20,19
timeStep,numberOfRobotsOnBlackSite,numberOfRobotsOnWhiteSite
35192,20,19
timeStep,numberOfRobotsOnBlackSite,numberOfRobotsOnWhiteSite
35193,20,19
timeStep,numberOfRobotsOnBlackSite,numberOfRobotsOnWhiteSite
35194,20,19
timeStep,numberOfRobotsOnBlackSite,numberOfRobotsOnWhiteSite
35195,20,19
timeStep,numberOfRobotsOnBlackSite,numberOfRobotsOnWhiteSite
35196,20,19
timeStep,numberOfRobotsOnBlackSite,numberOfRobotsOnWhiteSite
35197,20,19
timeStep,numberOfRobotsOnBlackSite,numberOfRobotsOnWhiteSite
35198,20,19
timeStep,numberOfRobotsOnBlackSite,numberOfRobotsOnWhiteSite
35199,20,19
timeStep,numberOfRobotsOnBlackSite,numberOfRobotsOnWhiteSite
35200,20,19
timeStep,numberOfRobotsOnBlackSite,numberOfRobotsOnWhiteSite
35201,20,19
timeStep,numberOfRobotsOnBlackSite,numberOfRobotsOnWhiteSite
35202,20,19
timeStep,numberOfRobotsOnBlackSite,numberOfRobotsOnWhiteSite
35203,20,19
timeStep,numberOfRobotsOnBlackSite,numberOfRobotsOnWhiteSite
35204,20,19
timeStep,numberOfRobotsOnBlackSite,numberOfRobotsOnWhiteSite
35205,20,19
timeStep,numberOfRobotsOnBlackSite,numberOfRobotsOnWhiteSite
35206,20,19
timeStep,numberOfRobotsOnBlackSite,numberOfRobotsOnWhiteSite
35207,20,19
timeStep,numberOfRobotsOnBlackSite,numberOfRobotsOnWhiteSite
35208,20,19
timeStep,numberOfRobotsOnBlackSite,numberOfRobotsOnWhiteSite
35209,20,19
timeStep,numberOfRobotsOnBlackSite,numberOfRobotsOnWhiteSite
35210,20,19
timeStep,numberOfRobotsOnBlackSite,numberOfRobotsOnWhiteSite
35211,20,19
timeStep,numberOfRobotsOnBlackSite,numberOfRobotsOnWhiteSite
35212,20,19
timeStep,numberOfRobotsOnBlackSite,numberOfRobotsOnWhiteSite
35213,20,19
timeStep,numberOfRobotsOnBlackSite,numberOfRobotsOnWhiteSite
35214,20,19
timeStep,numberOfRobotsOnBlackSite,numberOfRobotsOnWhiteSite
35215,20,19
timeStep,numberOfRobotsOnBlackSite,numberOfRobotsOnWhiteSite
35216,20,19
timeStep,numberOfRobotsOnBlackSite,numberOfRobotsOnWhiteSite
35217,20,19
timeStep,numberOfRobotsOnBlackSite,numberOfRobotsOnWhiteSite
35218,20,19
timeStep,numberOfRobotsOnBlackSite,numberOfRobotsOnWhiteSite
35219,20,19
timeStep,numberOfRobotsOnBlackSite,numberOfRobotsOnWhiteSite
35220,20,19
timeStep,numberOfRobotsOnBlackSite,numberOfRobotsOnWhiteSite
35221,20,19
timeStep,numberOfRobotsOnBlackSite,numberOfRobotsOnWhiteSite
35222,20,19
timeStep,numberOfRobotsOnBlackSite,numberOfRobotsOnWhiteSite
35223,20,19
timeStep,numberOfRobotsOnBlackSite,numberOfRobotsOnWhiteSite
35224,20,19
timeStep,numberOfRobotsOnBlackSite,numberOfRobotsOnWhiteSite
35225,20,19
timeStep,numberOfRobotsOnBlackSite,numberOfRobotsOnWhiteSite
35226,20,19
timeStep,numberOfRobotsOnBlackSite,numberOfRobotsOnWhiteSite
35227,20,19
timeStep,numberOfRobotsOnBlackSite,numberOfRobotsOnWhiteSite
35228,20,19
timeStep,numberOfRobotsOnBlackSite,numberOfRobotsOnWhiteSite
35229,20,19
timeStep,numberOfRobotsOnBlackSite,numberOfRobotsOnWhiteSite
35230,20,19
timeStep,numberOfRobotsOnBlackSite,numberOfRobotsOnWhiteSite
35231,20,19
timeStep,numberOfRobotsOnBlackSite,numberOfRobotsOnWhiteSite
35232,20,19
timeStep,numberOfRobotsOnBlackSite,numberOfRobotsOnWhiteSite
35233,20,19
timeStep,numberOfRobotsOnBlackSite,numberOfRobotsOnWhiteSite
35234,20,19
timeStep,numberOfRobotsOnBlackSite,numberOfRobotsOnWhiteSite
35235,20,19
timeStep,numberOfRobotsOnBlackSite,numberOfRobotsOnWhiteSite
35236,20,19
timeStep,numberOfRobotsOnBlackSite,numberOfRobotsOnWhiteSite
35237,20,19
timeStep,numberOfRobotsOnBlackSite,numberOfRobotsOnWhiteSite
35238,20,19
timeStep,numberOfRobotsOnBlackSite,numberOfRobotsOnWhiteSite
35239,20,19
timeStep,numberOfRobotsOnBlackSite,numberOfRobotsOnWhiteSite
35240,20,19
timeStep,numberOfRobotsOnBlackSite,numberOfRobotsOnWhiteSite
35241,20,19
timeStep,numberOfRobotsOnBlackSite,numberOfRobotsOnWhiteSite
35242,20,19
timeStep,numberOfRobotsOnBlackSite,numberOfRobotsOnWhiteSite
35243,20,19
timeStep,numberOfRobotsOnBlackSite,numberOfRobotsOnWhiteSite
35244,20,19
timeStep,numberOfRobotsOnBlackSite,numberOfRobotsOnWhiteSite
35245,20,19
timeStep,numberOfRobotsOnBlackSite,numberOfRobotsOnWhiteSite
35246,20,19
timeStep,numberOfRobotsOnBlackSite,numberOfRobotsOnWhiteSite
35247,20,19
timeStep,numberOfRobotsOnBlackSite,numberOfRobotsOnWhiteSite
35248,20,19
timeStep,numberOfRobotsOnBlackSite,numberOfRobotsOnWhiteSite
35249,20,19
timeStep,numberOfRobotsOnBlackSite,numberOfRobotsOnWhiteSite
35250,20,19
timeStep,numberOfRobotsOnBlackSite,numberOfRobotsOnWhiteSite
35251,20,19
timeStep,numberOfRobotsOnBlackSite,numberOfRobotsOnWhiteSite
35252,20,19
timeStep,numberOfRobotsOnBlackSite,numberOfRobotsOnWhiteSite
35253,20,19
timeStep,numberOfRobotsOnBlackSite,numberOfRobotsOnWhiteSite
35254,20,19
timeStep,numberOfRobotsOnBlackSite,numberOfRobotsOnWhiteSite
35255,20,19
timeStep,numberOfRobotsOnBlackSite,numberOfRobotsOnWhiteSite
35256,20,19
timeStep,numberOfRobotsOnBlackSite,numberOfRobotsOnWhiteSite
35257,20,19
timeStep,numberOfRobotsOnBlackSite,numberOfRobotsOnWhiteSite
35258,20,19
timeStep,numberOfRobotsOnBlackSite,numberOfRobotsOnWhiteSite
35259,20,19
timeStep,numberOfRobotsOnBlackSite,numberOfRobotsOnWhiteSite
35260,20,19
timeStep,numberOfRobotsOnBlackSite,numberOfRobotsOnWhiteSite
35261,20,19
timeStep,numberOfRobotsOnBlackSite,numberOfRobotsOnWhiteSite
35262,20,19
timeStep,numberOfRobotsOnBlackSite,numberOfRobotsOnWhiteSite
35263,20,19
timeStep,numberOfRobotsOnBlackSite,numberOfRobotsOnWhiteSite
35264,20,19
timeStep,numberOfRobotsOnBlackSite,numberOfRobotsOnWhiteSite
35265,20,18
timeStep,numberOfRobotsOnBlackSite,numberOfRobotsOnWhiteSite
35266,20,18
timeStep,numberOfRobotsOnBlackSite,numberOfRobotsOnWhiteSite
35267,20,18
timeStep,numberOfRobotsOnBlackSite,numberOfRobotsOnWhiteSite
35268,20,18
timeStep,numberOfRobotsOnBlackSite,numberOfRobotsOnWhiteSite
35269,20,18
timeStep,numberOfRobotsOnBlackSite,numberOfRobotsOnWhiteSite
35270,20,18
timeStep,numberOfRobotsOnBlackSite,numberOfRobotsOnWhiteSite
35271,20,18
timeStep,numberOfRobotsOnBlackSite,numberOfRobotsOnWhiteSite
35272,20,18
timeStep,numberOfRobotsOnBlackSite,numberOfRobotsOnWhiteSite
35273,20,18
timeStep,numberOfRobotsOnBlackSite,numberOfRobotsOnWhiteSite
35274,20,18
timeStep,numberOfRobotsOnBlackSite,numberOfRobotsOnWhiteSite
35275,19,18
timeStep,numberOfRobotsOnBlackSite,numberOfRobotsOnWhiteSite
35276,19,18
timeStep,numberOfRobotsOnBlackSite,numberOfRobotsOnWhiteSite
35277,19,18
timeStep,numberOfRobotsOnBlackSite,numberOfRobotsOnWhiteSite
35278,19,18
timeStep,numberOfRobotsOnBlackSite,numberOfRobotsOnWhiteSite
35279,19,18
timeStep,numberOfRobotsOnBlackSite,numberOfRobotsOnWhiteSite
35280,19,18
timeStep,numberOfRobotsOnBlackSite,numberOfRobotsOnWhiteSite
35281,19,18
timeStep,numberOfRobotsOnBlackSite,numberOfRobotsOnWhiteSite
35282,19,18
timeStep,numberOfRobotsOnBlackSite,numberOfRobotsOnWhiteSite
35283,19,18
timeStep,numberOfRobotsOnBlackSite,numberOfRobotsOnWhiteSite
35284,19,18
timeStep,numberOfRobotsOnBlackSite,numberOfRobotsOnWhiteSite
35285,19,18
timeStep,numberOfRobotsOnBlackSite,numberOfRobotsOnWhiteSite
35286,19,18
timeStep,numberOfRobotsOnBlackSite,numberOfRobotsOnWhiteSite
35287,19,18
timeStep,numberOfRobotsOnBlackSite,numberOfRobotsOnWhiteSite
35288,19,18
timeStep,numberOfRobotsOnBlackSite,numberOfRobotsOnWhiteSite
35289,19,18
timeStep,numberOfRobotsOnBlackSite,numberOfRobotsOnWhiteSite
35290,19,18
timeStep,numberOfRobotsOnBlackSite,numberOfRobotsOnWhiteSite
35291,19,18
timeStep,numberOfRobotsOnBlackSite,numberOfRobotsOnWhiteSite
35292,19,18
timeStep,numberOfRobotsOnBlackSite,numberOfRobotsOnWhiteSite
35293,19,18
timeStep,numberOfRobotsOnBlackSite,numberOfRobotsOnWhiteSite
35294,19,18
timeStep,numberOfRobotsOnBlackSite,numberOfRobotsOnWhiteSite
35295,19,18
timeStep,numberOfRobotsOnBlackSite,numberOfRobotsOnWhiteSite
35296,19,18
timeStep,numberOfRobotsOnBlackSite,numberOfRobotsOnWhiteSite
35297,19,18
timeStep,numberOfRobotsOnBlackSite,numberOfRobotsOnWhiteSite
35298,19,18
timeStep,numberOfRobotsOnBlackSite,numberOfRobotsOnWhiteSite
35299,19,18
timeStep,numberOfRobotsOnBlackSite,numberOfRobotsOnWhiteSite
35300,19,18
timeStep,numberOfRobotsOnBlackSite,numberOfRobotsOnWhiteSite
35301,19,18
timeStep,numberOfRobotsOnBlackSite,numberOfRobotsOnWhiteSite
35302,19,18
timeStep,numberOfRobotsOnBlackSite,numberOfRobotsOnWhiteSite
35303,19,18
timeStep,numberOfRobotsOnBlackSite,numberOfRobotsOnWhiteSite
35304,19,18
timeStep,numberOfRobotsOnBlackSite,numberOfRobotsOnWhiteSite
35305,19,18
timeStep,numberOfRobotsOnBlackSite,numberOfRobotsOnWhiteSite
35306,19,18
timeStep,numberOfRobotsOnBlackSite,numberOfRobotsOnWhiteSite
35307,19,18
timeStep,numberOfRobotsOnBlackSite,numberOfRobotsOnWhiteSite
35308,19,18
timeStep,numberOfRobotsOnBlackSite,numberOfRobotsOnWhiteSite
35309,19,18
timeStep,numberOfRobotsOnBlackSite,numberOfRobotsOnWhiteSite
35310,19,18
timeStep,numberOfRobotsOnBlackSite,numberOfRobotsOnWhiteSite
35311,19,18
timeStep,numberOfRobotsOnBlackSite,numberOfRobotsOnWhiteSite
35312,19,18
timeStep,numberOfRobotsOnBlackSite,numberOfRobotsOnWhiteSite
35313,19,18
timeStep,numberOfRobotsOnBlackSite,numberOfRobotsOnWhiteSite
35314,19,18
timeStep,numberOfRobotsOnBlackSite,numberOfRobotsOnWhiteSite
35315,19,18
timeStep,numberOfRobotsOnBlackSite,numberOfRobotsOnWhiteSite
35316,19,18
timeStep,numberOfRobotsOnBlackSite,numberOfRobotsOnWhiteSite
35317,19,18
timeStep,numberOfRobotsOnBlackSite,numberOfRobotsOnWhiteSite
35318,19,18
timeStep,numberOfRobotsOnBlackSite,numberOfRobotsOnWhiteSite
35319,19,18
timeStep,numberOfRobotsOnBlackSite,numberOfRobotsOnWhiteSite
35320,19,18
timeStep,numberOfRobotsOnBlackSite,numberOfRobotsOnWhiteSite
35321,19,18
timeStep,numberOfRobotsOnBlackSite,numberOfRobotsOnWhiteSite
35322,19,18
timeStep,numberOfRobotsOnBlackSite,numberOfRobotsOnWhiteSite
35323,19,18
timeStep,numberOfRobotsOnBlackSite,numberOfRobotsOnWhiteSite
35324,19,18
timeStep,numberOfRobotsOnBlackSite,numberOfRobotsOnWhiteSite
35325,19,18
timeStep,numberOfRobotsOnBlackSite,numberOfRobotsOnWhiteSite
35326,19,18
timeStep,numberOfRobotsOnBlackSite,numberOfRobotsOnWhiteSite
35327,19,18
timeStep,numberOfRobotsOnBlackSite,numberOfRobotsOnWhiteSite
35328,19,18
timeStep,numberOfRobotsOnBlackSite,numberOfRobotsOnWhiteSite
35329,19,18
timeStep,numberOfRobotsOnBlackSite,numberOfRobotsOnWhiteSite
35330,20,18
timeStep,numberOfRobotsOnBlackSite,numberOfRobotsOnWhiteSite
35331,20,18
timeStep,numberOfRobotsOnBlackSite,numberOfRobotsOnWhiteSite
35332,20,18
timeStep,numberOfRobotsOnBlackSite,numberOfRobotsOnWhiteSite
35333,20,18
timeStep,numberOfRobotsOnBlackSite,numberOfRobotsOnWhiteSite
35334,20,18
timeStep,numberOfRobotsOnBlackSite,numberOfRobotsOnWhiteSite
35335,20,18
timeStep,numberOfRobotsOnBlackSite,numberOfRobotsOnWhiteSite
35336,20,18
timeStep,numberOfRobotsOnBlackSite,numberOfRobotsOnWhiteSite
35337,20,18
timeStep,numberOfRobotsOnBlackSite,numberOfRobotsOnWhiteSite
35338,20,18
timeStep,numberOfRobotsOnBlackSite,numberOfRobotsOnWhiteSite
35339,20,18
timeStep,numberOfRobotsOnBlackSite,numberOfRobotsOnWhiteSite
35340,20,18
timeStep,numberOfRobotsOnBlackSite,numberOfRobotsOnWhiteSite
35341,20,18
timeStep,numberOfRobotsOnBlackSite,numberOfRobotsOnWhiteSite
35342,20,18
timeStep,numberOfRobotsOnBlackSite,numberOfRobotsOnWhiteSite
35343,20,18
timeStep,numberOfRobotsOnBlackSite,numberOfRobotsOnWhiteSite
35344,20,18
timeStep,numberOfRobotsOnBlackSite,numberOfRobotsOnWhiteSite
35345,19,18
timeStep,numberOfRobotsOnBlackSite,numberOfRobotsOnWhiteSite
35346,19,18
timeStep,numberOfRobotsOnBlackSite,numberOfRobotsOnWhiteSite
35347,19,18
timeStep,numberOfRobotsOnBlackSite,numberOfRobotsOnWhiteSite
35348,19,18
timeStep,numberOfRobotsOnBlackSite,numberOfRobotsOnWhiteSite
35349,19,18
timeStep,numberOfRobotsOnBlackSite,numberOfRobotsOnWhiteSite
35350,19,18
timeStep,numberOfRobotsOnBlackSite,numberOfRobotsOnWhiteSite
35351,19,18
timeStep,numberOfRobotsOnBlackSite,numberOfRobotsOnWhiteSite
35352,19,18
timeStep,numberOfRobotsOnBlackSite,numberOfRobotsOnWhiteSite
35353,19,18
timeStep,numberOfRobotsOnBlackSite,numberOfRobotsOnWhiteSite
35354,19,18
timeStep,numberOfRobotsOnBlackSite,numberOfRobotsOnWhiteSite
35355,19,17
timeStep,numberOfRobotsOnBlackSite,numberOfRobotsOnWhiteSite
35356,19,17
timeStep,numberOfRobotsOnBlackSite,numberOfRobotsOnWhiteSite
35357,19,17
timeStep,numberOfRobotsOnBlackSite,numberOfRobotsOnWhiteSite
35358,19,17
timeStep,numberOfRobotsOnBlackSite,numberOfRobotsOnWhiteSite
35359,19,17
timeStep,numberOfRobotsOnBlackSite,numberOfRobotsOnWhiteSite
35360,19,17
timeStep,numberOfRobotsOnBlackSite,numberOfRobotsOnWhiteSite
35361,19,17
timeStep,numberOfRobotsOnBlackSite,numberOfRobotsOnWhiteSite
35362,19,17
timeStep,numberOfRobotsOnBlackSite,numberOfRobotsOnWhiteSite
35363,19,17
timeStep,numberOfRobotsOnBlackSite,numberOfRobotsOnWhiteSite
35364,19,17
timeStep,numberOfRobotsOnBlackSite,numberOfRobotsOnWhiteSite
35365,19,17
timeStep,numberOfRobotsOnBlackSite,numberOfRobotsOnWhiteSite
35366,19,17
timeStep,numberOfRobotsOnBlackSite,numberOfRobotsOnWhiteSite
35367,19,17
timeStep,numberOfRobotsOnBlackSite,numberOfRobotsOnWhiteSite
35368,19,17
timeStep,numberOfRobotsOnBlackSite,numberOfRobotsOnWhiteSite
35369,19,17
timeStep,numberOfRobotsOnBlackSite,numberOfRobotsOnWhiteSite
35370,19,17
timeStep,numberOfRobotsOnBlackSite,numberOfRobotsOnWhiteSite
35371,19,17
timeStep,numberOfRobotsOnBlackSite,numberOfRobotsOnWhiteSite
35372,19,17
timeStep,numberOfRobotsOnBlackSite,numberOfRobotsOnWhiteSite
35373,19,17
timeStep,numberOfRobotsOnBlackSite,numberOfRobotsOnWhiteSite
35374,19,17
timeStep,numberOfRobotsOnBlackSite,numberOfRobotsOnWhiteSite
35375,20,17
timeStep,numberOfRobotsOnBlackSite,numberOfRobotsOnWhiteSite
35376,20,17
timeStep,numberOfRobotsOnBlackSite,numberOfRobotsOnWhiteSite
35377,20,17
timeStep,numberOfRobotsOnBlackSite,numberOfRobotsOnWhiteSite
35378,20,17
timeStep,numberOfRobotsOnBlackSite,numberOfRobotsOnWhiteSite
35379,20,17
timeStep,numberOfRobotsOnBlackSite,numberOfRobotsOnWhiteSite
35380,19,17
timeStep,numberOfRobotsOnBlackSite,numberOfRobotsOnWhiteSite
35381,19,17
timeStep,numberOfRobotsOnBlackSite,numberOfRobotsOnWhiteSite
35382,19,17
timeStep,numberOfRobotsOnBlackSite,numberOfRobotsOnWhiteSite
35383,19,17
timeStep,numberOfRobotsOnBlackSite,numberOfRobotsOnWhiteSite
35384,19,17
timeStep,numberOfRobotsOnBlackSite,numberOfRobotsOnWhiteSite
35385,19,18
timeStep,numberOfRobotsOnBlackSite,numberOfRobotsOnWhiteSite
35386,19,18
timeStep,numberOfRobotsOnBlackSite,numberOfRobotsOnWhiteSite
35387,19,18
timeStep,numberOfRobotsOnBlackSite,numberOfRobotsOnWhiteSite
35388,19,18
timeStep,numberOfRobotsOnBlackSite,numberOfRobotsOnWhiteSite
35389,19,18
timeStep,numberOfRobotsOnBlackSite,numberOfRobotsOnWhiteSite
35390,19,18
timeStep,numberOfRobotsOnBlackSite,numberOfRobotsOnWhiteSite
35391,19,18
timeStep,numberOfRobotsOnBlackSite,numberOfRobotsOnWhiteSite
35392,19,18
timeStep,numberOfRobotsOnBlackSite,numberOfRobotsOnWhiteSite
35393,19,18
timeStep,numberOfRobotsOnBlackSite,numberOfRobotsOnWhiteSite
35394,19,18
timeStep,numberOfRobotsOnBlackSite,numberOfRobotsOnWhiteSite
35395,19,19
timeStep,numberOfRobotsOnBlackSite,numberOfRobotsOnWhiteSite
35396,19,19
timeStep,numberOfRobotsOnBlackSite,numberOfRobotsOnWhiteSite
35397,19,19
timeStep,numberOfRobotsOnBlackSite,numberOfRobotsOnWhiteSite
35398,19,19
timeStep,numberOfRobotsOnBlackSite,numberOfRobotsOnWhiteSite
35399,19,19
timeStep,numberOfRobotsOnBlackSite,numberOfRobotsOnWhiteSite
35400,20,19
timeStep,numberOfRobotsOnBlackSite,numberOfRobotsOnWhiteSite
35401,20,19
timeStep,numberOfRobotsOnBlackSite,numberOfRobotsOnWhiteSite
35402,20,19
timeStep,numberOfRobotsOnBlackSite,numberOfRobotsOnWhiteSite
35403,20,19
timeStep,numberOfRobotsOnBlackSite,numberOfRobotsOnWhiteSite
35404,20,19
timeStep,numberOfRobotsOnBlackSite,numberOfRobotsOnWhiteSite
35405,20,19
timeStep,numberOfRobotsOnBlackSite,numberOfRobotsOnWhiteSite
35406,20,19
timeStep,numberOfRobotsOnBlackSite,numberOfRobotsOnWhiteSite
35407,20,19
timeStep,numberOfRobotsOnBlackSite,numberOfRobotsOnWhiteSite
35408,20,19
timeStep,numberOfRobotsOnBlackSite,numberOfRobotsOnWhiteSite
35409,20,19
timeStep,numberOfRobotsOnBlackSite,numberOfRobotsOnWhiteSite
35410,20,19
timeStep,numberOfRobotsOnBlackSite,numberOfRobotsOnWhiteSite
35411,20,19
timeStep,numberOfRobotsOnBlackSite,numberOfRobotsOnWhiteSite
35412,20,19
timeStep,numberOfRobotsOnBlackSite,numberOfRobotsOnWhiteSite
35413,20,19
timeStep,numberOfRobotsOnBlackSite,numberOfRobotsOnWhiteSite
35414,20,19
timeStep,numberOfRobotsOnBlackSite,numberOfRobotsOnWhiteSite
35415,20,19
timeStep,numberOfRobotsOnBlackSite,numberOfRobotsOnWhiteSite
35416,20,19
timeStep,numberOfRobotsOnBlackSite,numberOfRobotsOnWhiteSite
35417,20,19
timeStep,numberOfRobotsOnBlackSite,numberOfRobotsOnWhiteSite
35418,20,19
timeStep,numberOfRobotsOnBlackSite,numberOfRobotsOnWhiteSite
35419,20,19
timeStep,numberOfRobotsOnBlackSite,numberOfRobotsOnWhiteSite
35420,20,19
timeStep,numberOfRobotsOnBlackSite,numberOfRobotsOnWhiteSite
35421,20,19
timeStep,numberOfRobotsOnBlackSite,numberOfRobotsOnWhiteSite
35422,20,19
timeStep,numberOfRobotsOnBlackSite,numberOfRobotsOnWhiteSite
35423,20,19
timeStep,numberOfRobotsOnBlackSite,numberOfRobotsOnWhiteSite
35424,20,19
timeStep,numberOfRobotsOnBlackSite,numberOfRobotsOnWhiteSite
35425,20,19
timeStep,numberOfRobotsOnBlackSite,numberOfRobotsOnWhiteSite
35426,20,19
timeStep,numberOfRobotsOnBlackSite,numberOfRobotsOnWhiteSite
35427,20,19
timeStep,numberOfRobotsOnBlackSite,numberOfRobotsOnWhiteSite
35428,20,19
timeStep,numberOfRobotsOnBlackSite,numberOfRobotsOnWhiteSite
35429,20,19
timeStep,numberOfRobotsOnBlackSite,numberOfRobotsOnWhiteSite
35430,20,19
timeStep,numberOfRobotsOnBlackSite,numberOfRobotsOnWhiteSite
35431,20,19
timeStep,numberOfRobotsOnBlackSite,numberOfRobotsOnWhiteSite
35432,20,19
timeStep,numberOfRobotsOnBlackSite,numberOfRobotsOnWhiteSite
35433,20,19
timeStep,numberOfRobotsOnBlackSite,numberOfRobotsOnWhiteSite
35434,20,19
timeStep,numberOfRobotsOnBlackSite,numberOfRobotsOnWhiteSite
35435,20,19
timeStep,numberOfRobotsOnBlackSite,numberOfRobotsOnWhiteSite
35436,20,19
timeStep,numberOfRobotsOnBlackSite,numberOfRobotsOnWhiteSite
35437,20,19
timeStep,numberOfRobotsOnBlackSite,numberOfRobotsOnWhiteSite
35438,20,19
timeStep,numberOfRobotsOnBlackSite,numberOfRobotsOnWhiteSite
35439,20,19
timeStep,numberOfRobotsOnBlackSite,numberOfRobotsOnWhiteSite
35440,20,19
timeStep,numberOfRobotsOnBlackSite,numberOfRobotsOnWhiteSite
35441,20,19
timeStep,numberOfRobotsOnBlackSite,numberOfRobotsOnWhiteSite
35442,20,19
timeStep,numberOfRobotsOnBlackSite,numberOfRobotsOnWhiteSite
35443,20,19
timeStep,numberOfRobotsOnBlackSite,numberOfRobotsOnWhiteSite
35444,20,19
timeStep,numberOfRobotsOnBlackSite,numberOfRobotsOnWhiteSite
35445,20,19
timeStep,numberOfRobotsOnBlackSite,numberOfRobotsOnWhiteSite
35446,20,19
timeStep,numberOfRobotsOnBlackSite,numberOfRobotsOnWhiteSite
35447,20,19
timeStep,numberOfRobotsOnBlackSite,numberOfRobotsOnWhiteSite
35448,20,19
timeStep,numberOfRobotsOnBlackSite,numberOfRobotsOnWhiteSite
35449,20,19
timeStep,numberOfRobotsOnBlackSite,numberOfRobotsOnWhiteSite
35450,20,19
timeStep,numberOfRobotsOnBlackSite,numberOfRobotsOnWhiteSite
35451,20,19
timeStep,numberOfRobotsOnBlackSite,numberOfRobotsOnWhiteSite
35452,20,19
timeStep,numberOfRobotsOnBlackSite,numberOfRobotsOnWhiteSite
35453,20,19
timeStep,numberOfRobotsOnBlackSite,numberOfRobotsOnWhiteSite
35454,20,19
timeStep,numberOfRobotsOnBlackSite,numberOfRobotsOnWhiteSite
35455,20,19
timeStep,numberOfRobotsOnBlackSite,numberOfRobotsOnWhiteSite
35456,20,19
timeStep,numberOfRobotsOnBlackSite,numberOfRobotsOnWhiteSite
35457,20,19
timeStep,numberOfRobotsOnBlackSite,numberOfRobotsOnWhiteSite
35458,20,19
timeStep,numberOfRobotsOnBlackSite,numberOfRobotsOnWhiteSite
35459,20,19
timeStep,numberOfRobotsOnBlackSite,numberOfRobotsOnWhiteSite
35460,20,19
timeStep,numberOfRobotsOnBlackSite,numberOfRobotsOnWhiteSite
35461,20,19
timeStep,numberOfRobotsOnBlackSite,numberOfRobotsOnWhiteSite
35462,20,19
timeStep,numberOfRobotsOnBlackSite,numberOfRobotsOnWhiteSite
35463,20,19
timeStep,numberOfRobotsOnBlackSite,numberOfRobotsOnWhiteSite
35464,20,19
timeStep,numberOfRobotsOnBlackSite,numberOfRobotsOnWhiteSite
35465,20,19
timeStep,numberOfRobotsOnBlackSite,numberOfRobotsOnWhiteSite
35466,20,19
timeStep,numberOfRobotsOnBlackSite,numberOfRobotsOnWhiteSite
35467,20,19
timeStep,numberOfRobotsOnBlackSite,numberOfRobotsOnWhiteSite
35468,20,19
timeStep,numberOfRobotsOnBlackSite,numberOfRobotsOnWhiteSite
35469,20,19
timeStep,numberOfRobotsOnBlackSite,numberOfRobotsOnWhiteSite
35470,20,19
timeStep,numberOfRobotsOnBlackSite,numberOfRobotsOnWhiteSite
35471,20,19
timeStep,numberOfRobotsOnBlackSite,numberOfRobotsOnWhiteSite
35472,20,19
timeStep,numberOfRobotsOnBlackSite,numberOfRobotsOnWhiteSite
35473,20,19
timeStep,numberOfRobotsOnBlackSite,numberOfRobotsOnWhiteSite
35474,20,19
timeStep,numberOfRobotsOnBlackSite,numberOfRobotsOnWhiteSite
35475,20,19
timeStep,numberOfRobotsOnBlackSite,numberOfRobotsOnWhiteSite
35476,20,19
timeStep,numberOfRobotsOnBlackSite,numberOfRobotsOnWhiteSite
35477,20,19
timeStep,numberOfRobotsOnBlackSite,numberOfRobotsOnWhiteSite
35478,20,19
timeStep,numberOfRobotsOnBlackSite,numberOfRobotsOnWhiteSite
35479,20,19
timeStep,numberOfRobotsOnBlackSite,numberOfRobotsOnWhiteSite
35480,20,19
timeStep,numberOfRobotsOnBlackSite,numberOfRobotsOnWhiteSite
35481,20,19
timeStep,numberOfRobotsOnBlackSite,numberOfRobotsOnWhiteSite
35482,20,19
timeStep,numberOfRobotsOnBlackSite,numberOfRobotsOnWhiteSite
35483,20,19
timeStep,numberOfRobotsOnBlackSite,numberOfRobotsOnWhiteSite
35484,20,19
timeStep,numberOfRobotsOnBlackSite,numberOfRobotsOnWhiteSite
35485,20,19
timeStep,numberOfRobotsOnBlackSite,numberOfRobotsOnWhiteSite
35486,20,19
timeStep,numberOfRobotsOnBlackSite,numberOfRobotsOnWhiteSite
35487,20,19
timeStep,numberOfRobotsOnBlackSite,numberOfRobotsOnWhiteSite
35488,20,19
timeStep,numberOfRobotsOnBlackSite,numberOfRobotsOnWhiteSite
35489,20,19
timeStep,numberOfRobotsOnBlackSite,numberOfRobotsOnWhiteSite
35490,20,19
timeStep,numberOfRobotsOnBlackSite,numberOfRobotsOnWhiteSite
35491,20,19
timeStep,numberOfRobotsOnBlackSite,numberOfRobotsOnWhiteSite
35492,20,19
timeStep,numberOfRobotsOnBlackSite,numberOfRobotsOnWhiteSite
35493,20,19
timeStep,numberOfRobotsOnBlackSite,numberOfRobotsOnWhiteSite
35494,20,19
timeStep,numberOfRobotsOnBlackSite,numberOfRobotsOnWhiteSite
35495,20,20
timeStep,numberOfRobotsOnBlackSite,numberOfRobotsOnWhiteSite
35496,20,20
timeStep,numberOfRobotsOnBlackSite,numberOfRobotsOnWhiteSite
35497,20,20
timeStep,numberOfRobotsOnBlackSite,numberOfRobotsOnWhiteSite
35498,20,20
timeStep,numberOfRobotsOnBlackSite,numberOfRobotsOnWhiteSite
35499,20,20
timeStep,numberOfRobotsOnBlackSite,numberOfRobotsOnWhiteSite
35500,20,21
timeStep,numberOfRobotsOnBlackSite,numberOfRobotsOnWhiteSite
35501,20,21
timeStep,numberOfRobotsOnBlackSite,numberOfRobotsOnWhiteSite
35502,20,21
timeStep,numberOfRobotsOnBlackSite,numberOfRobotsOnWhiteSite
35503,20,21
timeStep,numberOfRobotsOnBlackSite,numberOfRobotsOnWhiteSite
35504,20,21
timeStep,numberOfRobotsOnBlackSite,numberOfRobotsOnWhiteSite
35505,20,22
timeStep,numberOfRobotsOnBlackSite,numberOfRobotsOnWhiteSite
35506,20,22
timeStep,numberOfRobotsOnBlackSite,numberOfRobotsOnWhiteSite
35507,20,22
timeStep,numberOfRobotsOnBlackSite,numberOfRobotsOnWhiteSite
35508,20,22
timeStep,numberOfRobotsOnBlackSite,numberOfRobotsOnWhiteSite
35509,20,22
timeStep,numberOfRobotsOnBlackSite,numberOfRobotsOnWhiteSite
35510,20,22
timeStep,numberOfRobotsOnBlackSite,numberOfRobotsOnWhiteSite
35511,20,22
timeStep,numberOfRobotsOnBlackSite,numberOfRobotsOnWhiteSite
35512,20,22
timeStep,numberOfRobotsOnBlackSite,numberOfRobotsOnWhiteSite
35513,20,22
timeStep,numberOfRobotsOnBlackSite,numberOfRobotsOnWhiteSite
35514,20,22
timeStep,numberOfRobotsOnBlackSite,numberOfRobotsOnWhiteSite
35515,20,22
timeStep,numberOfRobotsOnBlackSite,numberOfRobotsOnWhiteSite
35516,20,22
timeStep,numberOfRobotsOnBlackSite,numberOfRobotsOnWhiteSite
35517,20,22
timeStep,numberOfRobotsOnBlackSite,numberOfRobotsOnWhiteSite
35518,20,22
timeStep,numberOfRobotsOnBlackSite,numberOfRobotsOnWhiteSite
35519,20,22
timeStep,numberOfRobotsOnBlackSite,numberOfRobotsOnWhiteSite
35520,20,22
timeStep,numberOfRobotsOnBlackSite,numberOfRobotsOnWhiteSite
35521,20,22
timeStep,numberOfRobotsOnBlackSite,numberOfRobotsOnWhiteSite
35522,20,22
timeStep,numberOfRobotsOnBlackSite,numberOfRobotsOnWhiteSite
35523,20,22
timeStep,numberOfRobotsOnBlackSite,numberOfRobotsOnWhiteSite
35524,20,22
timeStep,numberOfRobotsOnBlackSite,numberOfRobotsOnWhiteSite
35525,20,22
timeStep,numberOfRobotsOnBlackSite,numberOfRobotsOnWhiteSite
35526,20,22
timeStep,numberOfRobotsOnBlackSite,numberOfRobotsOnWhiteSite
35527,20,22
timeStep,numberOfRobotsOnBlackSite,numberOfRobotsOnWhiteSite
35528,20,22
timeStep,numberOfRobotsOnBlackSite,numberOfRobotsOnWhiteSite
35529,20,22
timeStep,numberOfRobotsOnBlackSite,numberOfRobotsOnWhiteSite
35530,20,21
timeStep,numberOfRobotsOnBlackSite,numberOfRobotsOnWhiteSite
35531,20,21
timeStep,numberOfRobotsOnBlackSite,numberOfRobotsOnWhiteSite
35532,20,21
timeStep,numberOfRobotsOnBlackSite,numberOfRobotsOnWhiteSite
35533,20,21
timeStep,numberOfRobotsOnBlackSite,numberOfRobotsOnWhiteSite
35534,20,21
timeStep,numberOfRobotsOnBlackSite,numberOfRobotsOnWhiteSite
35535,20,21
timeStep,numberOfRobotsOnBlackSite,numberOfRobotsOnWhiteSite
35536,20,21
timeStep,numberOfRobotsOnBlackSite,numberOfRobotsOnWhiteSite
35537,20,21
timeStep,numberOfRobotsOnBlackSite,numberOfRobotsOnWhiteSite
35538,20,21
timeStep,numberOfRobotsOnBlackSite,numberOfRobotsOnWhiteSite
35539,20,21
timeStep,numberOfRobotsOnBlackSite,numberOfRobotsOnWhiteSite
35540,21,21
timeStep,numberOfRobotsOnBlackSite,numberOfRobotsOnWhiteSite
35541,21,21
timeStep,numberOfRobotsOnBlackSite,numberOfRobotsOnWhiteSite
35542,21,21
timeStep,numberOfRobotsOnBlackSite,numberOfRobotsOnWhiteSite
35543,21,21
timeStep,numberOfRobotsOnBlackSite,numberOfRobotsOnWhiteSite
35544,21,21
timeStep,numberOfRobotsOnBlackSite,numberOfRobotsOnWhiteSite
35545,21,21
timeStep,numberOfRobotsOnBlackSite,numberOfRobotsOnWhiteSite
35546,21,21
timeStep,numberOfRobotsOnBlackSite,numberOfRobotsOnWhiteSite
35547,21,21
timeStep,numberOfRobotsOnBlackSite,numberOfRobotsOnWhiteSite
35548,21,21
timeStep,numberOfRobotsOnBlackSite,numberOfRobotsOnWhiteSite
35549,21,21
timeStep,numberOfRobotsOnBlackSite,numberOfRobotsOnWhiteSite
35550,21,21
timeStep,numberOfRobotsOnBlackSite,numberOfRobotsOnWhiteSite
35551,21,21
timeStep,numberOfRobotsOnBlackSite,numberOfRobotsOnWhiteSite
35552,21,21
timeStep,numberOfRobotsOnBlackSite,numberOfRobotsOnWhiteSite
35553,21,21
timeStep,numberOfRobotsOnBlackSite,numberOfRobotsOnWhiteSite
35554,21,21
timeStep,numberOfRobotsOnBlackSite,numberOfRobotsOnWhiteSite
35555,21,21
timeStep,numberOfRobotsOnBlackSite,numberOfRobotsOnWhiteSite
35556,21,21
timeStep,numberOfRobotsOnBlackSite,numberOfRobotsOnWhiteSite
35557,21,21
timeStep,numberOfRobotsOnBlackSite,numberOfRobotsOnWhiteSite
35558,21,21
timeStep,numberOfRobotsOnBlackSite,numberOfRobotsOnWhiteSite
35559,21,21
timeStep,numberOfRobotsOnBlackSite,numberOfRobotsOnWhiteSite
35560,21,21
timeStep,numberOfRobotsOnBlackSite,numberOfRobotsOnWhiteSite
35561,21,21
timeStep,numberOfRobotsOnBlackSite,numberOfRobotsOnWhiteSite
35562,21,21
timeStep,numberOfRobotsOnBlackSite,numberOfRobotsOnWhiteSite
35563,21,21
timeStep,numberOfRobotsOnBlackSite,numberOfRobotsOnWhiteSite
35564,21,21
timeStep,numberOfRobotsOnBlackSite,numberOfRobotsOnWhiteSite
35565,21,21
timeStep,numberOfRobotsOnBlackSite,numberOfRobotsOnWhiteSite
35566,21,21
timeStep,numberOfRobotsOnBlackSite,numberOfRobotsOnWhiteSite
35567,21,21
timeStep,numberOfRobotsOnBlackSite,numberOfRobotsOnWhiteSite
35568,21,21
timeStep,numberOfRobotsOnBlackSite,numberOfRobotsOnWhiteSite
35569,21,21
timeStep,numberOfRobotsOnBlackSite,numberOfRobotsOnWhiteSite
35570,21,21
timeStep,numberOfRobotsOnBlackSite,numberOfRobotsOnWhiteSite
35571,21,21
timeStep,numberOfRobotsOnBlackSite,numberOfRobotsOnWhiteSite
35572,21,21
timeStep,numberOfRobotsOnBlackSite,numberOfRobotsOnWhiteSite
35573,21,21
timeStep,numberOfRobotsOnBlackSite,numberOfRobotsOnWhiteSite
35574,21,21
timeStep,numberOfRobotsOnBlackSite,numberOfRobotsOnWhiteSite
35575,21,21
timeStep,numberOfRobotsOnBlackSite,numberOfRobotsOnWhiteSite
35576,21,21
timeStep,numberOfRobotsOnBlackSite,numberOfRobotsOnWhiteSite
35577,21,21
timeStep,numberOfRobotsOnBlackSite,numberOfRobotsOnWhiteSite
35578,21,21
timeStep,numberOfRobotsOnBlackSite,numberOfRobotsOnWhiteSite
35579,21,21
timeStep,numberOfRobotsOnBlackSite,numberOfRobotsOnWhiteSite
35580,21,20
timeStep,numberOfRobotsOnBlackSite,numberOfRobotsOnWhiteSite
35581,21,20
timeStep,numberOfRobotsOnBlackSite,numberOfRobotsOnWhiteSite
35582,21,20
timeStep,numberOfRobotsOnBlackSite,numberOfRobotsOnWhiteSite
35583,21,20
timeStep,numberOfRobotsOnBlackSite,numberOfRobotsOnWhiteSite
35584,21,20
timeStep,numberOfRobotsOnBlackSite,numberOfRobotsOnWhiteSite
35585,21,20
timeStep,numberOfRobotsOnBlackSite,numberOfRobotsOnWhiteSite
35586,21,20
timeStep,numberOfRobotsOnBlackSite,numberOfRobotsOnWhiteSite
35587,21,20
timeStep,numberOfRobotsOnBlackSite,numberOfRobotsOnWhiteSite
35588,21,20
timeStep,numberOfRobotsOnBlackSite,numberOfRobotsOnWhiteSite
35589,21,20
timeStep,numberOfRobotsOnBlackSite,numberOfRobotsOnWhiteSite
35590,21,20
timeStep,numberOfRobotsOnBlackSite,numberOfRobotsOnWhiteSite
35591,21,20
timeStep,numberOfRobotsOnBlackSite,numberOfRobotsOnWhiteSite
35592,21,20
timeStep,numberOfRobotsOnBlackSite,numberOfRobotsOnWhiteSite
35593,21,20
timeStep,numberOfRobotsOnBlackSite,numberOfRobotsOnWhiteSite
35594,21,20
timeStep,numberOfRobotsOnBlackSite,numberOfRobotsOnWhiteSite
35595,20,20
timeStep,numberOfRobotsOnBlackSite,numberOfRobotsOnWhiteSite
35596,20,20
timeStep,numberOfRobotsOnBlackSite,numberOfRobotsOnWhiteSite
35597,20,20
timeStep,numberOfRobotsOnBlackSite,numberOfRobotsOnWhiteSite
35598,20,20
timeStep,numberOfRobotsOnBlackSite,numberOfRobotsOnWhiteSite
35599,20,20
timeStep,numberOfRobotsOnBlackSite,numberOfRobotsOnWhiteSite
35600,20,20
timeStep,numberOfRobotsOnBlackSite,numberOfRobotsOnWhiteSite
35601,20,20
timeStep,numberOfRobotsOnBlackSite,numberOfRobotsOnWhiteSite
35602,20,20
timeStep,numberOfRobotsOnBlackSite,numberOfRobotsOnWhiteSite
35603,20,20
timeStep,numberOfRobotsOnBlackSite,numberOfRobotsOnWhiteSite
35604,20,20
timeStep,numberOfRobotsOnBlackSite,numberOfRobotsOnWhiteSite
35605,20,20
timeStep,numberOfRobotsOnBlackSite,numberOfRobotsOnWhiteSite
35606,20,20
timeStep,numberOfRobotsOnBlackSite,numberOfRobotsOnWhiteSite
35607,20,20
timeStep,numberOfRobotsOnBlackSite,numberOfRobotsOnWhiteSite
35608,20,20
timeStep,numberOfRobotsOnBlackSite,numberOfRobotsOnWhiteSite
35609,20,20
timeStep,numberOfRobotsOnBlackSite,numberOfRobotsOnWhiteSite
35610,20,20
timeStep,numberOfRobotsOnBlackSite,numberOfRobotsOnWhiteSite
35611,20,20
timeStep,numberOfRobotsOnBlackSite,numberOfRobotsOnWhiteSite
35612,20,20
timeStep,numberOfRobotsOnBlackSite,numberOfRobotsOnWhiteSite
35613,20,20
timeStep,numberOfRobotsOnBlackSite,numberOfRobotsOnWhiteSite
35614,20,20
timeStep,numberOfRobotsOnBlackSite,numberOfRobotsOnWhiteSite
35615,20,20
timeStep,numberOfRobotsOnBlackSite,numberOfRobotsOnWhiteSite
35616,20,20
timeStep,numberOfRobotsOnBlackSite,numberOfRobotsOnWhiteSite
35617,20,20
timeStep,numberOfRobotsOnBlackSite,numberOfRobotsOnWhiteSite
35618,20,20
timeStep,numberOfRobotsOnBlackSite,numberOfRobotsOnWhiteSite
35619,20,20
timeStep,numberOfRobotsOnBlackSite,numberOfRobotsOnWhiteSite
35620,20,20
timeStep,numberOfRobotsOnBlackSite,numberOfRobotsOnWhiteSite
35621,20,20
timeStep,numberOfRobotsOnBlackSite,numberOfRobotsOnWhiteSite
35622,20,20
timeStep,numberOfRobotsOnBlackSite,numberOfRobotsOnWhiteSite
35623,20,20
timeStep,numberOfRobotsOnBlackSite,numberOfRobotsOnWhiteSite
35624,20,20
timeStep,numberOfRobotsOnBlackSite,numberOfRobotsOnWhiteSite
35625,20,20
timeStep,numberOfRobotsOnBlackSite,numberOfRobotsOnWhiteSite
35626,20,20
timeStep,numberOfRobotsOnBlackSite,numberOfRobotsOnWhiteSite
35627,20,20
timeStep,numberOfRobotsOnBlackSite,numberOfRobotsOnWhiteSite
35628,20,20
timeStep,numberOfRobotsOnBlackSite,numberOfRobotsOnWhiteSite
35629,20,20
timeStep,numberOfRobotsOnBlackSite,numberOfRobotsOnWhiteSite
35630,20,20
timeStep,numberOfRobotsOnBlackSite,numberOfRobotsOnWhiteSite
35631,20,20
timeStep,numberOfRobotsOnBlackSite,numberOfRobotsOnWhiteSite
35632,20,20
timeStep,numberOfRobotsOnBlackSite,numberOfRobotsOnWhiteSite
35633,20,20
timeStep,numberOfRobotsOnBlackSite,numberOfRobotsOnWhiteSite
35634,20,20
timeStep,numberOfRobotsOnBlackSite,numberOfRobotsOnWhiteSite
35635,20,19
timeStep,numberOfRobotsOnBlackSite,numberOfRobotsOnWhiteSite
35636,20,19
timeStep,numberOfRobotsOnBlackSite,numberOfRobotsOnWhiteSite
35637,20,19
timeStep,numberOfRobotsOnBlackSite,numberOfRobotsOnWhiteSite
35638,20,19
timeStep,numberOfRobotsOnBlackSite,numberOfRobotsOnWhiteSite
35639,20,19
timeStep,numberOfRobotsOnBlackSite,numberOfRobotsOnWhiteSite
35640,20,19
timeStep,numberOfRobotsOnBlackSite,numberOfRobotsOnWhiteSite
35641,20,19
timeStep,numberOfRobotsOnBlackSite,numberOfRobotsOnWhiteSite
35642,20,19
timeStep,numberOfRobotsOnBlackSite,numberOfRobotsOnWhiteSite
35643,20,19
timeStep,numberOfRobotsOnBlackSite,numberOfRobotsOnWhiteSite
35644,20,19
timeStep,numberOfRobotsOnBlackSite,numberOfRobotsOnWhiteSite
35645,20,19
timeStep,numberOfRobotsOnBlackSite,numberOfRobotsOnWhiteSite
35646,20,19
timeStep,numberOfRobotsOnBlackSite,numberOfRobotsOnWhiteSite
35647,20,19
timeStep,numberOfRobotsOnBlackSite,numberOfRobotsOnWhiteSite
35648,20,19
timeStep,numberOfRobotsOnBlackSite,numberOfRobotsOnWhiteSite
35649,20,19
timeStep,numberOfRobotsOnBlackSite,numberOfRobotsOnWhiteSite
35650,20,19
timeStep,numberOfRobotsOnBlackSite,numberOfRobotsOnWhiteSite
35651,20,19
timeStep,numberOfRobotsOnBlackSite,numberOfRobotsOnWhiteSite
35652,20,19
timeStep,numberOfRobotsOnBlackSite,numberOfRobotsOnWhiteSite
35653,20,19
timeStep,numberOfRobotsOnBlackSite,numberOfRobotsOnWhiteSite
35654,20,19
timeStep,numberOfRobotsOnBlackSite,numberOfRobotsOnWhiteSite
35655,20,20
timeStep,numberOfRobotsOnBlackSite,numberOfRobotsOnWhiteSite
35656,20,20
timeStep,numberOfRobotsOnBlackSite,numberOfRobotsOnWhiteSite
35657,20,20
timeStep,numberOfRobotsOnBlackSite,numberOfRobotsOnWhiteSite
35658,20,20
timeStep,numberOfRobotsOnBlackSite,numberOfRobotsOnWhiteSite
35659,20,20
timeStep,numberOfRobotsOnBlackSite,numberOfRobotsOnWhiteSite
35660,19,20
timeStep,numberOfRobotsOnBlackSite,numberOfRobotsOnWhiteSite
35661,19,20
timeStep,numberOfRobotsOnBlackSite,numberOfRobotsOnWhiteSite
35662,19,20
timeStep,numberOfRobotsOnBlackSite,numberOfRobotsOnWhiteSite
35663,19,20
timeStep,numberOfRobotsOnBlackSite,numberOfRobotsOnWhiteSite
35664,19,20
timeStep,numberOfRobotsOnBlackSite,numberOfRobotsOnWhiteSite
35665,19,20
timeStep,numberOfRobotsOnBlackSite,numberOfRobotsOnWhiteSite
35666,19,20
timeStep,numberOfRobotsOnBlackSite,numberOfRobotsOnWhiteSite
35667,19,20
timeStep,numberOfRobotsOnBlackSite,numberOfRobotsOnWhiteSite
35668,19,20
timeStep,numberOfRobotsOnBlackSite,numberOfRobotsOnWhiteSite
35669,19,20
timeStep,numberOfRobotsOnBlackSite,numberOfRobotsOnWhiteSite
35670,19,20
timeStep,numberOfRobotsOnBlackSite,numberOfRobotsOnWhiteSite
35671,19,20
timeStep,numberOfRobotsOnBlackSite,numberOfRobotsOnWhiteSite
35672,19,20
timeStep,numberOfRobotsOnBlackSite,numberOfRobotsOnWhiteSite
35673,19,20
timeStep,numberOfRobotsOnBlackSite,numberOfRobotsOnWhiteSite
35674,19,20
timeStep,numberOfRobotsOnBlackSite,numberOfRobotsOnWhiteSite
35675,19,20
timeStep,numberOfRobotsOnBlackSite,numberOfRobotsOnWhiteSite
35676,19,20
timeStep,numberOfRobotsOnBlackSite,numberOfRobotsOnWhiteSite
35677,19,20
timeStep,numberOfRobotsOnBlackSite,numberOfRobotsOnWhiteSite
35678,19,20
timeStep,numberOfRobotsOnBlackSite,numberOfRobotsOnWhiteSite
35679,19,20
timeStep,numberOfRobotsOnBlackSite,numberOfRobotsOnWhiteSite
35680,19,20
timeStep,numberOfRobotsOnBlackSite,numberOfRobotsOnWhiteSite
35681,19,20
timeStep,numberOfRobotsOnBlackSite,numberOfRobotsOnWhiteSite
35682,19,20
timeStep,numberOfRobotsOnBlackSite,numberOfRobotsOnWhiteSite
35683,19,20
timeStep,numberOfRobotsOnBlackSite,numberOfRobotsOnWhiteSite
35684,19,20
timeStep,numberOfRobotsOnBlackSite,numberOfRobotsOnWhiteSite
35685,19,20
timeStep,numberOfRobotsOnBlackSite,numberOfRobotsOnWhiteSite
35686,19,20
timeStep,numberOfRobotsOnBlackSite,numberOfRobotsOnWhiteSite
35687,19,20
timeStep,numberOfRobotsOnBlackSite,numberOfRobotsOnWhiteSite
35688,19,20
timeStep,numberOfRobotsOnBlackSite,numberOfRobotsOnWhiteSite
35689,19,20
timeStep,numberOfRobotsOnBlackSite,numberOfRobotsOnWhiteSite
35690,19,21
timeStep,numberOfRobotsOnBlackSite,numberOfRobotsOnWhiteSite
35691,19,21
timeStep,numberOfRobotsOnBlackSite,numberOfRobotsOnWhiteSite
35692,19,21
timeStep,numberOfRobotsOnBlackSite,numberOfRobotsOnWhiteSite
35693,19,21
timeStep,numberOfRobotsOnBlackSite,numberOfRobotsOnWhiteSite
35694,19,21
timeStep,numberOfRobotsOnBlackSite,numberOfRobotsOnWhiteSite
35695,19,22
timeStep,numberOfRobotsOnBlackSite,numberOfRobotsOnWhiteSite
35696,19,22
timeStep,numberOfRobotsOnBlackSite,numberOfRobotsOnWhiteSite
35697,19,22
timeStep,numberOfRobotsOnBlackSite,numberOfRobotsOnWhiteSite
35698,19,22
timeStep,numberOfRobotsOnBlackSite,numberOfRobotsOnWhiteSite
35699,19,22
timeStep,numberOfRobotsOnBlackSite,numberOfRobotsOnWhiteSite
35700,20,22
timeStep,numberOfRobotsOnBlackSite,numberOfRobotsOnWhiteSite
35701,20,22
timeStep,numberOfRobotsOnBlackSite,numberOfRobotsOnWhiteSite
35702,20,22
timeStep,numberOfRobotsOnBlackSite,numberOfRobotsOnWhiteSite
35703,20,22
timeStep,numberOfRobotsOnBlackSite,numberOfRobotsOnWhiteSite
35704,20,22
timeStep,numberOfRobotsOnBlackSite,numberOfRobotsOnWhiteSite
35705,20,22
timeStep,numberOfRobotsOnBlackSite,numberOfRobotsOnWhiteSite
35706,20,22
timeStep,numberOfRobotsOnBlackSite,numberOfRobotsOnWhiteSite
35707,20,22
timeStep,numberOfRobotsOnBlackSite,numberOfRobotsOnWhiteSite
35708,20,22
timeStep,numberOfRobotsOnBlackSite,numberOfRobotsOnWhiteSite
35709,20,22
timeStep,numberOfRobotsOnBlackSite,numberOfRobotsOnWhiteSite
35710,20,22
timeStep,numberOfRobotsOnBlackSite,numberOfRobotsOnWhiteSite
35711,20,22
timeStep,numberOfRobotsOnBlackSite,numberOfRobotsOnWhiteSite
35712,20,22
timeStep,numberOfRobotsOnBlackSite,numberOfRobotsOnWhiteSite
35713,20,22
timeStep,numberOfRobotsOnBlackSite,numberOfRobotsOnWhiteSite
35714,20,22
timeStep,numberOfRobotsOnBlackSite,numberOfRobotsOnWhiteSite
35715,20,22
timeStep,numberOfRobotsOnBlackSite,numberOfRobotsOnWhiteSite
35716,20,22
timeStep,numberOfRobotsOnBlackSite,numberOfRobotsOnWhiteSite
35717,20,22
timeStep,numberOfRobotsOnBlackSite,numberOfRobotsOnWhiteSite
35718,20,22
timeStep,numberOfRobotsOnBlackSite,numberOfRobotsOnWhiteSite
35719,20,22
timeStep,numberOfRobotsOnBlackSite,numberOfRobotsOnWhiteSite
35720,20,22
timeStep,numberOfRobotsOnBlackSite,numberOfRobotsOnWhiteSite
35721,20,22
timeStep,numberOfRobotsOnBlackSite,numberOfRobotsOnWhiteSite
35722,20,22
timeStep,numberOfRobotsOnBlackSite,numberOfRobotsOnWhiteSite
35723,20,22
timeStep,numberOfRobotsOnBlackSite,numberOfRobotsOnWhiteSite
35724,20,22
timeStep,numberOfRobotsOnBlackSite,numberOfRobotsOnWhiteSite
35725,20,22
timeStep,numberOfRobotsOnBlackSite,numberOfRobotsOnWhiteSite
35726,20,22
timeStep,numberOfRobotsOnBlackSite,numberOfRobotsOnWhiteSite
35727,20,22
timeStep,numberOfRobotsOnBlackSite,numberOfRobotsOnWhiteSite
35728,20,22
timeStep,numberOfRobotsOnBlackSite,numberOfRobotsOnWhiteSite
35729,20,22
timeStep,numberOfRobotsOnBlackSite,numberOfRobotsOnWhiteSite
35730,20,22
timeStep,numberOfRobotsOnBlackSite,numberOfRobotsOnWhiteSite
35731,20,22
timeStep,numberOfRobotsOnBlackSite,numberOfRobotsOnWhiteSite
35732,20,22
timeStep,numberOfRobotsOnBlackSite,numberOfRobotsOnWhiteSite
35733,20,22
timeStep,numberOfRobotsOnBlackSite,numberOfRobotsOnWhiteSite
35734,20,22
timeStep,numberOfRobotsOnBlackSite,numberOfRobotsOnWhiteSite
35735,20,22
timeStep,numberOfRobotsOnBlackSite,numberOfRobotsOnWhiteSite
35736,20,22
timeStep,numberOfRobotsOnBlackSite,numberOfRobotsOnWhiteSite
35737,20,22
timeStep,numberOfRobotsOnBlackSite,numberOfRobotsOnWhiteSite
35738,20,22
timeStep,numberOfRobotsOnBlackSite,numberOfRobotsOnWhiteSite
35739,20,22
timeStep,numberOfRobotsOnBlackSite,numberOfRobotsOnWhiteSite
35740,20,22
timeStep,numberOfRobotsOnBlackSite,numberOfRobotsOnWhiteSite
35741,20,22
timeStep,numberOfRobotsOnBlackSite,numberOfRobotsOnWhiteSite
35742,20,22
timeStep,numberOfRobotsOnBlackSite,numberOfRobotsOnWhiteSite
35743,20,22
timeStep,numberOfRobotsOnBlackSite,numberOfRobotsOnWhiteSite
35744,20,22
timeStep,numberOfRobotsOnBlackSite,numberOfRobotsOnWhiteSite
35745,20,22
timeStep,numberOfRobotsOnBlackSite,numberOfRobotsOnWhiteSite
35746,20,22
timeStep,numberOfRobotsOnBlackSite,numberOfRobotsOnWhiteSite
35747,20,22
timeStep,numberOfRobotsOnBlackSite,numberOfRobotsOnWhiteSite
35748,20,22
timeStep,numberOfRobotsOnBlackSite,numberOfRobotsOnWhiteSite
35749,20,22
timeStep,numberOfRobotsOnBlackSite,numberOfRobotsOnWhiteSite
35750,20,22
timeStep,numberOfRobotsOnBlackSite,numberOfRobotsOnWhiteSite
35751,20,22
timeStep,numberOfRobotsOnBlackSite,numberOfRobotsOnWhiteSite
35752,20,22
timeStep,numberOfRobotsOnBlackSite,numberOfRobotsOnWhiteSite
35753,20,22
timeStep,numberOfRobotsOnBlackSite,numberOfRobotsOnWhiteSite
35754,20,22
timeStep,numberOfRobotsOnBlackSite,numberOfRobotsOnWhiteSite
35755,20,22
timeStep,numberOfRobotsOnBlackSite,numberOfRobotsOnWhiteSite
35756,20,22
timeStep,numberOfRobotsOnBlackSite,numberOfRobotsOnWhiteSite
35757,20,22
timeStep,numberOfRobotsOnBlackSite,numberOfRobotsOnWhiteSite
35758,20,22
timeStep,numberOfRobotsOnBlackSite,numberOfRobotsOnWhiteSite
35759,20,22
timeStep,numberOfRobotsOnBlackSite,numberOfRobotsOnWhiteSite
35760,20,22
timeStep,numberOfRobotsOnBlackSite,numberOfRobotsOnWhiteSite
35761,20,22
timeStep,numberOfRobotsOnBlackSite,numberOfRobotsOnWhiteSite
35762,20,22
timeStep,numberOfRobotsOnBlackSite,numberOfRobotsOnWhiteSite
35763,20,22
timeStep,numberOfRobotsOnBlackSite,numberOfRobotsOnWhiteSite
35764,20,22
timeStep,numberOfRobotsOnBlackSite,numberOfRobotsOnWhiteSite
35765,20,22
timeStep,numberOfRobotsOnBlackSite,numberOfRobotsOnWhiteSite
35766,20,22
timeStep,numberOfRobotsOnBlackSite,numberOfRobotsOnWhiteSite
35767,20,22
timeStep,numberOfRobotsOnBlackSite,numberOfRobotsOnWhiteSite
35768,20,22
timeStep,numberOfRobotsOnBlackSite,numberOfRobotsOnWhiteSite
35769,20,22
timeStep,numberOfRobotsOnBlackSite,numberOfRobotsOnWhiteSite
35770,20,22
timeStep,numberOfRobotsOnBlackSite,numberOfRobotsOnWhiteSite
35771,20,22
timeStep,numberOfRobotsOnBlackSite,numberOfRobotsOnWhiteSite
35772,20,22
timeStep,numberOfRobotsOnBlackSite,numberOfRobotsOnWhiteSite
35773,20,22
timeStep,numberOfRobotsOnBlackSite,numberOfRobotsOnWhiteSite
35774,20,22
timeStep,numberOfRobotsOnBlackSite,numberOfRobotsOnWhiteSite
35775,20,22
timeStep,numberOfRobotsOnBlackSite,numberOfRobotsOnWhiteSite
35776,20,22
timeStep,numberOfRobotsOnBlackSite,numberOfRobotsOnWhiteSite
35777,20,22
timeStep,numberOfRobotsOnBlackSite,numberOfRobotsOnWhiteSite
35778,20,22
timeStep,numberOfRobotsOnBlackSite,numberOfRobotsOnWhiteSite
35779,20,22
timeStep,numberOfRobotsOnBlackSite,numberOfRobotsOnWhiteSite
35780,20,22
timeStep,numberOfRobotsOnBlackSite,numberOfRobotsOnWhiteSite
35781,20,22
timeStep,numberOfRobotsOnBlackSite,numberOfRobotsOnWhiteSite
35782,20,22
timeStep,numberOfRobotsOnBlackSite,numberOfRobotsOnWhiteSite
35783,20,22
timeStep,numberOfRobotsOnBlackSite,numberOfRobotsOnWhiteSite
35784,20,22
timeStep,numberOfRobotsOnBlackSite,numberOfRobotsOnWhiteSite
35785,20,22
timeStep,numberOfRobotsOnBlackSite,numberOfRobotsOnWhiteSite
35786,20,22
timeStep,numberOfRobotsOnBlackSite,numberOfRobotsOnWhiteSite
35787,20,22
timeStep,numberOfRobotsOnBlackSite,numberOfRobotsOnWhiteSite
35788,20,22
timeStep,numberOfRobotsOnBlackSite,numberOfRobotsOnWhiteSite
35789,20,22
timeStep,numberOfRobotsOnBlackSite,numberOfRobotsOnWhiteSite
35790,20,22
timeStep,numberOfRobotsOnBlackSite,numberOfRobotsOnWhiteSite
35791,20,22
timeStep,numberOfRobotsOnBlackSite,numberOfRobotsOnWhiteSite
35792,20,22
timeStep,numberOfRobotsOnBlackSite,numberOfRobotsOnWhiteSite
35793,20,22
timeStep,numberOfRobotsOnBlackSite,numberOfRobotsOnWhiteSite
35794,20,22
timeStep,numberOfRobotsOnBlackSite,numberOfRobotsOnWhiteSite
35795,20,22
timeStep,numberOfRobotsOnBlackSite,numberOfRobotsOnWhiteSite
35796,20,22
timeStep,numberOfRobotsOnBlackSite,numberOfRobotsOnWhiteSite
35797,20,22
timeStep,numberOfRobotsOnBlackSite,numberOfRobotsOnWhiteSite
35798,20,22
timeStep,numberOfRobotsOnBlackSite,numberOfRobotsOnWhiteSite
35799,20,22
timeStep,numberOfRobotsOnBlackSite,numberOfRobotsOnWhiteSite
35800,20,22
timeStep,numberOfRobotsOnBlackSite,numberOfRobotsOnWhiteSite
35801,20,22
timeStep,numberOfRobotsOnBlackSite,numberOfRobotsOnWhiteSite
35802,20,22
timeStep,numberOfRobotsOnBlackSite,numberOfRobotsOnWhiteSite
35803,20,22
timeStep,numberOfRobotsOnBlackSite,numberOfRobotsOnWhiteSite
35804,20,22
timeStep,numberOfRobotsOnBlackSite,numberOfRobotsOnWhiteSite
35805,20,22
timeStep,numberOfRobotsOnBlackSite,numberOfRobotsOnWhiteSite
35806,20,22
timeStep,numberOfRobotsOnBlackSite,numberOfRobotsOnWhiteSite
35807,20,22
timeStep,numberOfRobotsOnBlackSite,numberOfRobotsOnWhiteSite
35808,20,22
timeStep,numberOfRobotsOnBlackSite,numberOfRobotsOnWhiteSite
35809,20,22
timeStep,numberOfRobotsOnBlackSite,numberOfRobotsOnWhiteSite
35810,20,22
timeStep,numberOfRobotsOnBlackSite,numberOfRobotsOnWhiteSite
35811,20,22
timeStep,numberOfRobotsOnBlackSite,numberOfRobotsOnWhiteSite
35812,20,22
timeStep,numberOfRobotsOnBlackSite,numberOfRobotsOnWhiteSite
35813,20,22
timeStep,numberOfRobotsOnBlackSite,numberOfRobotsOnWhiteSite
35814,20,22
timeStep,numberOfRobotsOnBlackSite,numberOfRobotsOnWhiteSite
35815,20,22
timeStep,numberOfRobotsOnBlackSite,numberOfRobotsOnWhiteSite
35816,20,22
timeStep,numberOfRobotsOnBlackSite,numberOfRobotsOnWhiteSite
35817,20,22
timeStep,numberOfRobotsOnBlackSite,numberOfRobotsOnWhiteSite
35818,20,22
timeStep,numberOfRobotsOnBlackSite,numberOfRobotsOnWhiteSite
35819,20,22
timeStep,numberOfRobotsOnBlackSite,numberOfRobotsOnWhiteSite
35820,20,22
timeStep,numberOfRobotsOnBlackSite,numberOfRobotsOnWhiteSite
35821,20,22
timeStep,numberOfRobotsOnBlackSite,numberOfRobotsOnWhiteSite
35822,20,22
timeStep,numberOfRobotsOnBlackSite,numberOfRobotsOnWhiteSite
35823,20,22
timeStep,numberOfRobotsOnBlackSite,numberOfRobotsOnWhiteSite
35824,20,22
timeStep,numberOfRobotsOnBlackSite,numberOfRobotsOnWhiteSite
35825,20,22
timeStep,numberOfRobotsOnBlackSite,numberOfRobotsOnWhiteSite
35826,20,22
timeStep,numberOfRobotsOnBlackSite,numberOfRobotsOnWhiteSite
35827,20,22
timeStep,numberOfRobotsOnBlackSite,numberOfRobotsOnWhiteSite
35828,20,22
timeStep,numberOfRobotsOnBlackSite,numberOfRobotsOnWhiteSite
35829,20,22
timeStep,numberOfRobotsOnBlackSite,numberOfRobotsOnWhiteSite
35830,20,22
timeStep,numberOfRobotsOnBlackSite,numberOfRobotsOnWhiteSite
35831,20,22
timeStep,numberOfRobotsOnBlackSite,numberOfRobotsOnWhiteSite
35832,20,22
timeStep,numberOfRobotsOnBlackSite,numberOfRobotsOnWhiteSite
35833,20,22
timeStep,numberOfRobotsOnBlackSite,numberOfRobotsOnWhiteSite
35834,20,22
timeStep,numberOfRobotsOnBlackSite,numberOfRobotsOnWhiteSite
35835,20,22
timeStep,numberOfRobotsOnBlackSite,numberOfRobotsOnWhiteSite
35836,20,22
timeStep,numberOfRobotsOnBlackSite,numberOfRobotsOnWhiteSite
35837,20,22
timeStep,numberOfRobotsOnBlackSite,numberOfRobotsOnWhiteSite
35838,20,22
timeStep,numberOfRobotsOnBlackSite,numberOfRobotsOnWhiteSite
35839,20,22
timeStep,numberOfRobotsOnBlackSite,numberOfRobotsOnWhiteSite
35840,20,22
timeStep,numberOfRobotsOnBlackSite,numberOfRobotsOnWhiteSite
35841,20,22
timeStep,numberOfRobotsOnBlackSite,numberOfRobotsOnWhiteSite
35842,20,22
timeStep,numberOfRobotsOnBlackSite,numberOfRobotsOnWhiteSite
35843,20,22
timeStep,numberOfRobotsOnBlackSite,numberOfRobotsOnWhiteSite
35844,20,22
timeStep,numberOfRobotsOnBlackSite,numberOfRobotsOnWhiteSite
35845,20,22
timeStep,numberOfRobotsOnBlackSite,numberOfRobotsOnWhiteSite
35846,20,22
timeStep,numberOfRobotsOnBlackSite,numberOfRobotsOnWhiteSite
35847,20,22
timeStep,numberOfRobotsOnBlackSite,numberOfRobotsOnWhiteSite
35848,20,22
timeStep,numberOfRobotsOnBlackSite,numberOfRobotsOnWhiteSite
35849,20,22
timeStep,numberOfRobotsOnBlackSite,numberOfRobotsOnWhiteSite
35850,20,21
timeStep,numberOfRobotsOnBlackSite,numberOfRobotsOnWhiteSite
35851,20,21
timeStep,numberOfRobotsOnBlackSite,numberOfRobotsOnWhiteSite
35852,20,21
timeStep,numberOfRobotsOnBlackSite,numberOfRobotsOnWhiteSite
35853,20,21
timeStep,numberOfRobotsOnBlackSite,numberOfRobotsOnWhiteSite
35854,20,21
timeStep,numberOfRobotsOnBlackSite,numberOfRobotsOnWhiteSite
35855,20,21
timeStep,numberOfRobotsOnBlackSite,numberOfRobotsOnWhiteSite
35856,20,21
timeStep,numberOfRobotsOnBlackSite,numberOfRobotsOnWhiteSite
35857,20,21
timeStep,numberOfRobotsOnBlackSite,numberOfRobotsOnWhiteSite
35858,20,21
timeStep,numberOfRobotsOnBlackSite,numberOfRobotsOnWhiteSite
35859,20,21
timeStep,numberOfRobotsOnBlackSite,numberOfRobotsOnWhiteSite
35860,20,20
timeStep,numberOfRobotsOnBlackSite,numberOfRobotsOnWhiteSite
35861,20,20
timeStep,numberOfRobotsOnBlackSite,numberOfRobotsOnWhiteSite
35862,20,20
timeStep,numberOfRobotsOnBlackSite,numberOfRobotsOnWhiteSite
35863,20,20
timeStep,numberOfRobotsOnBlackSite,numberOfRobotsOnWhiteSite
35864,20,20
timeStep,numberOfRobotsOnBlackSite,numberOfRobotsOnWhiteSite
35865,20,20
timeStep,numberOfRobotsOnBlackSite,numberOfRobotsOnWhiteSite
35866,20,20
timeStep,numberOfRobotsOnBlackSite,numberOfRobotsOnWhiteSite
35867,20,20
timeStep,numberOfRobotsOnBlackSite,numberOfRobotsOnWhiteSite
35868,20,20
timeStep,numberOfRobotsOnBlackSite,numberOfRobotsOnWhiteSite
35869,20,20
timeStep,numberOfRobotsOnBlackSite,numberOfRobotsOnWhiteSite
35870,20,20
timeStep,numberOfRobotsOnBlackSite,numberOfRobotsOnWhiteSite
35871,20,20
timeStep,numberOfRobotsOnBlackSite,numberOfRobotsOnWhiteSite
35872,20,20
timeStep,numberOfRobotsOnBlackSite,numberOfRobotsOnWhiteSite
35873,20,20
timeStep,numberOfRobotsOnBlackSite,numberOfRobotsOnWhiteSite
35874,20,20
timeStep,numberOfRobotsOnBlackSite,numberOfRobotsOnWhiteSite
35875,20,20
timeStep,numberOfRobotsOnBlackSite,numberOfRobotsOnWhiteSite
35876,20,20
timeStep,numberOfRobotsOnBlackSite,numberOfRobotsOnWhiteSite
35877,20,20
timeStep,numberOfRobotsOnBlackSite,numberOfRobotsOnWhiteSite
35878,20,20
timeStep,numberOfRobotsOnBlackSite,numberOfRobotsOnWhiteSite
35879,20,20
timeStep,numberOfRobotsOnBlackSite,numberOfRobotsOnWhiteSite
35880,20,20
timeStep,numberOfRobotsOnBlackSite,numberOfRobotsOnWhiteSite
35881,20,20
timeStep,numberOfRobotsOnBlackSite,numberOfRobotsOnWhiteSite
35882,20,20
timeStep,numberOfRobotsOnBlackSite,numberOfRobotsOnWhiteSite
35883,20,20
timeStep,numberOfRobotsOnBlackSite,numberOfRobotsOnWhiteSite
35884,20,20
timeStep,numberOfRobotsOnBlackSite,numberOfRobotsOnWhiteSite
35885,20,20
timeStep,numberOfRobotsOnBlackSite,numberOfRobotsOnWhiteSite
35886,20,20
timeStep,numberOfRobotsOnBlackSite,numberOfRobotsOnWhiteSite
35887,20,20
timeStep,numberOfRobotsOnBlackSite,numberOfRobotsOnWhiteSite
35888,20,20
timeStep,numberOfRobotsOnBlackSite,numberOfRobotsOnWhiteSite
35889,20,20
timeStep,numberOfRobotsOnBlackSite,numberOfRobotsOnWhiteSite
35890,20,20
timeStep,numberOfRobotsOnBlackSite,numberOfRobotsOnWhiteSite
35891,20,20
timeStep,numberOfRobotsOnBlackSite,numberOfRobotsOnWhiteSite
35892,20,20
timeStep,numberOfRobotsOnBlackSite,numberOfRobotsOnWhiteSite
35893,20,20
timeStep,numberOfRobotsOnBlackSite,numberOfRobotsOnWhiteSite
35894,20,20
timeStep,numberOfRobotsOnBlackSite,numberOfRobotsOnWhiteSite
35895,20,20
timeStep,numberOfRobotsOnBlackSite,numberOfRobotsOnWhiteSite
35896,20,20
timeStep,numberOfRobotsOnBlackSite,numberOfRobotsOnWhiteSite
35897,20,20
timeStep,numberOfRobotsOnBlackSite,numberOfRobotsOnWhiteSite
35898,20,20
timeStep,numberOfRobotsOnBlackSite,numberOfRobotsOnWhiteSite
35899,20,20
timeStep,numberOfRobotsOnBlackSite,numberOfRobotsOnWhiteSite
35900,20,20
timeStep,numberOfRobotsOnBlackSite,numberOfRobotsOnWhiteSite
35901,20,20
timeStep,numberOfRobotsOnBlackSite,numberOfRobotsOnWhiteSite
35902,20,20
timeStep,numberOfRobotsOnBlackSite,numberOfRobotsOnWhiteSite
35903,20,20
timeStep,numberOfRobotsOnBlackSite,numberOfRobotsOnWhiteSite
35904,20,20
timeStep,numberOfRobotsOnBlackSite,numberOfRobotsOnWhiteSite
35905,20,20
timeStep,numberOfRobotsOnBlackSite,numberOfRobotsOnWhiteSite
35906,20,20
timeStep,numberOfRobotsOnBlackSite,numberOfRobotsOnWhiteSite
35907,20,20
timeStep,numberOfRobotsOnBlackSite,numberOfRobotsOnWhiteSite
35908,20,20
timeStep,numberOfRobotsOnBlackSite,numberOfRobotsOnWhiteSite
35909,20,20
timeStep,numberOfRobotsOnBlackSite,numberOfRobotsOnWhiteSite
35910,20,20
timeStep,numberOfRobotsOnBlackSite,numberOfRobotsOnWhiteSite
35911,20,20
timeStep,numberOfRobotsOnBlackSite,numberOfRobotsOnWhiteSite
35912,20,20
timeStep,numberOfRobotsOnBlackSite,numberOfRobotsOnWhiteSite
35913,20,20
timeStep,numberOfRobotsOnBlackSite,numberOfRobotsOnWhiteSite
35914,20,20
timeStep,numberOfRobotsOnBlackSite,numberOfRobotsOnWhiteSite
35915,20,20
timeStep,numberOfRobotsOnBlackSite,numberOfRobotsOnWhiteSite
35916,20,20
timeStep,numberOfRobotsOnBlackSite,numberOfRobotsOnWhiteSite
35917,20,20
timeStep,numberOfRobotsOnBlackSite,numberOfRobotsOnWhiteSite
35918,20,20
timeStep,numberOfRobotsOnBlackSite,numberOfRobotsOnWhiteSite
35919,20,20
timeStep,numberOfRobotsOnBlackSite,numberOfRobotsOnWhiteSite
35920,20,20
timeStep,numberOfRobotsOnBlackSite,numberOfRobotsOnWhiteSite
35921,20,20
timeStep,numberOfRobotsOnBlackSite,numberOfRobotsOnWhiteSite
35922,20,20
timeStep,numberOfRobotsOnBlackSite,numberOfRobotsOnWhiteSite
35923,20,20
timeStep,numberOfRobotsOnBlackSite,numberOfRobotsOnWhiteSite
35924,20,20
timeStep,numberOfRobotsOnBlackSite,numberOfRobotsOnWhiteSite
35925,20,20
timeStep,numberOfRobotsOnBlackSite,numberOfRobotsOnWhiteSite
35926,20,20
timeStep,numberOfRobotsOnBlackSite,numberOfRobotsOnWhiteSite
35927,20,20
timeStep,numberOfRobotsOnBlackSite,numberOfRobotsOnWhiteSite
35928,20,20
timeStep,numberOfRobotsOnBlackSite,numberOfRobotsOnWhiteSite
35929,20,20
timeStep,numberOfRobotsOnBlackSite,numberOfRobotsOnWhiteSite
35930,19,20
timeStep,numberOfRobotsOnBlackSite,numberOfRobotsOnWhiteSite
35931,19,20
timeStep,numberOfRobotsOnBlackSite,numberOfRobotsOnWhiteSite
35932,19,20
timeStep,numberOfRobotsOnBlackSite,numberOfRobotsOnWhiteSite
35933,19,20
timeStep,numberOfRobotsOnBlackSite,numberOfRobotsOnWhiteSite
35934,19,20
timeStep,numberOfRobotsOnBlackSite,numberOfRobotsOnWhiteSite
35935,19,20
timeStep,numberOfRobotsOnBlackSite,numberOfRobotsOnWhiteSite
35936,19,20
timeStep,numberOfRobotsOnBlackSite,numberOfRobotsOnWhiteSite
35937,19,20
timeStep,numberOfRobotsOnBlackSite,numberOfRobotsOnWhiteSite
35938,19,20
timeStep,numberOfRobotsOnBlackSite,numberOfRobotsOnWhiteSite
35939,19,20
timeStep,numberOfRobotsOnBlackSite,numberOfRobotsOnWhiteSite
35940,19,20
timeStep,numberOfRobotsOnBlackSite,numberOfRobotsOnWhiteSite
35941,19,20
timeStep,numberOfRobotsOnBlackSite,numberOfRobotsOnWhiteSite
35942,19,20
timeStep,numberOfRobotsOnBlackSite,numberOfRobotsOnWhiteSite
35943,19,20
timeStep,numberOfRobotsOnBlackSite,numberOfRobotsOnWhiteSite
35944,19,20
timeStep,numberOfRobotsOnBlackSite,numberOfRobotsOnWhiteSite
35945,20,19
timeStep,numberOfRobotsOnBlackSite,numberOfRobotsOnWhiteSite
35946,20,19
timeStep,numberOfRobotsOnBlackSite,numberOfRobotsOnWhiteSite
35947,20,19
timeStep,numberOfRobotsOnBlackSite,numberOfRobotsOnWhiteSite
35948,20,19
timeStep,numberOfRobotsOnBlackSite,numberOfRobotsOnWhiteSite
35949,20,19
timeStep,numberOfRobotsOnBlackSite,numberOfRobotsOnWhiteSite
35950,20,19
timeStep,numberOfRobotsOnBlackSite,numberOfRobotsOnWhiteSite
35951,20,19
timeStep,numberOfRobotsOnBlackSite,numberOfRobotsOnWhiteSite
35952,20,19
timeStep,numberOfRobotsOnBlackSite,numberOfRobotsOnWhiteSite
35953,20,19
timeStep,numberOfRobotsOnBlackSite,numberOfRobotsOnWhiteSite
35954,20,19
timeStep,numberOfRobotsOnBlackSite,numberOfRobotsOnWhiteSite
35955,20,19
timeStep,numberOfRobotsOnBlackSite,numberOfRobotsOnWhiteSite
35956,20,19
timeStep,numberOfRobotsOnBlackSite,numberOfRobotsOnWhiteSite
35957,20,19
timeStep,numberOfRobotsOnBlackSite,numberOfRobotsOnWhiteSite
35958,20,19
timeStep,numberOfRobotsOnBlackSite,numberOfRobotsOnWhiteSite
35959,20,19
timeStep,numberOfRobotsOnBlackSite,numberOfRobotsOnWhiteSite
35960,20,19
timeStep,numberOfRobotsOnBlackSite,numberOfRobotsOnWhiteSite
35961,20,19
timeStep,numberOfRobotsOnBlackSite,numberOfRobotsOnWhiteSite
35962,20,19
timeStep,numberOfRobotsOnBlackSite,numberOfRobotsOnWhiteSite
35963,20,19
timeStep,numberOfRobotsOnBlackSite,numberOfRobotsOnWhiteSite
35964,20,19
timeStep,numberOfRobotsOnBlackSite,numberOfRobotsOnWhiteSite
35965,20,19
timeStep,numberOfRobotsOnBlackSite,numberOfRobotsOnWhiteSite
35966,20,19
timeStep,numberOfRobotsOnBlackSite,numberOfRobotsOnWhiteSite
35967,20,19
timeStep,numberOfRobotsOnBlackSite,numberOfRobotsOnWhiteSite
35968,20,19
timeStep,numberOfRobotsOnBlackSite,numberOfRobotsOnWhiteSite
35969,20,19
timeStep,numberOfRobotsOnBlackSite,numberOfRobotsOnWhiteSite
35970,20,19
timeStep,numberOfRobotsOnBlackSite,numberOfRobotsOnWhiteSite
35971,20,19
timeStep,numberOfRobotsOnBlackSite,numberOfRobotsOnWhiteSite
35972,20,19
timeStep,numberOfRobotsOnBlackSite,numberOfRobotsOnWhiteSite
35973,20,19
timeStep,numberOfRobotsOnBlackSite,numberOfRobotsOnWhiteSite
35974,20,19
timeStep,numberOfRobotsOnBlackSite,numberOfRobotsOnWhiteSite
35975,20,19
timeStep,numberOfRobotsOnBlackSite,numberOfRobotsOnWhiteSite
35976,20,19
timeStep,numberOfRobotsOnBlackSite,numberOfRobotsOnWhiteSite
35977,20,19
timeStep,numberOfRobotsOnBlackSite,numberOfRobotsOnWhiteSite
35978,20,19
timeStep,numberOfRobotsOnBlackSite,numberOfRobotsOnWhiteSite
35979,20,19
timeStep,numberOfRobotsOnBlackSite,numberOfRobotsOnWhiteSite
35980,20,19
timeStep,numberOfRobotsOnBlackSite,numberOfRobotsOnWhiteSite
35981,20,19
timeStep,numberOfRobotsOnBlackSite,numberOfRobotsOnWhiteSite
35982,20,19
timeStep,numberOfRobotsOnBlackSite,numberOfRobotsOnWhiteSite
35983,20,19
timeStep,numberOfRobotsOnBlackSite,numberOfRobotsOnWhiteSite
35984,20,19
timeStep,numberOfRobotsOnBlackSite,numberOfRobotsOnWhiteSite
35985,20,18
timeStep,numberOfRobotsOnBlackSite,numberOfRobotsOnWhiteSite
35986,20,18
timeStep,numberOfRobotsOnBlackSite,numberOfRobotsOnWhiteSite
35987,20,18
timeStep,numberOfRobotsOnBlackSite,numberOfRobotsOnWhiteSite
35988,20,18
timeStep,numberOfRobotsOnBlackSite,numberOfRobotsOnWhiteSite
35989,20,18
timeStep,numberOfRobotsOnBlackSite,numberOfRobotsOnWhiteSite
35990,20,18
timeStep,numberOfRobotsOnBlackSite,numberOfRobotsOnWhiteSite
35991,20,18
timeStep,numberOfRobotsOnBlackSite,numberOfRobotsOnWhiteSite
35992,20,18
timeStep,numberOfRobotsOnBlackSite,numberOfRobotsOnWhiteSite
35993,20,18
timeStep,numberOfRobotsOnBlackSite,numberOfRobotsOnWhiteSite
35994,20,18
timeStep,numberOfRobotsOnBlackSite,numberOfRobotsOnWhiteSite
35995,20,18
timeStep,numberOfRobotsOnBlackSite,numberOfRobotsOnWhiteSite
35996,20,18
timeStep,numberOfRobotsOnBlackSite,numberOfRobotsOnWhiteSite
35997,20,18
timeStep,numberOfRobotsOnBlackSite,numberOfRobotsOnWhiteSite
35998,20,18
timeStep,numberOfRobotsOnBlackSite,numberOfRobotsOnWhiteSite
35999,20,18
timeStep,numberOfRobotsOnBlackSite,numberOfRobotsOnWhiteSite
36000,20,18
