timeStep,numberOfRobotsOnBlackSite,numberOfRobotsOnWhiteSite
1,0,0
timeStep,numberOfRobotsOnBlackSite,numberOfRobotsOnWhiteSite
2,0,0
timeStep,numberOfRobotsOnBlackSite,numberOfRobotsOnWhiteSite
3,0,0
timeStep,numberOfRobotsOnBlackSite,numberOfRobotsOnWhiteSite
4,0,0
timeStep,numberOfRobotsOnBlackSite,numberOfRobotsOnWhiteSite
5,7,7
timeStep,numberOfRobotsOnBlackSite,numberOfRobotsOnWhiteSite
6,7,7
timeStep,numberOfRobotsOnBlackSite,numberOfRobotsOnWhiteSite
7,7,7
timeStep,numberOfRobotsOnBlackSite,numberOfRobotsOnWhiteSite
8,7,7
timeStep,numberOfRobotsOnBlackSite,numberOfRobotsOnWhiteSite
9,7,7
timeStep,numberOfRobotsOnBlackSite,numberOfRobotsOnWhiteSite
10,6,8
timeStep,numberOfRobotsOnBlackSite,numberOfRobotsOnWhiteSite
11,6,8
timeStep,numberOfRobotsOnBlackSite,numberOfRobotsOnWhiteSite
12,6,8
timeStep,numberOfRobotsOnBlackSite,numberOfRobotsOnWhiteSite
13,6,8
timeStep,numberOfRobotsOnBlackSite,numberOfRobotsOnWhiteSite
14,6,8
timeStep,numberOfRobotsOnBlackSite,numberOfRobotsOnWhiteSite
15,7,8
timeStep,numberOfRobotsOnBlackSite,numberOfRobotsOnWhiteSite
16,7,8
timeStep,numberOfRobotsOnBlackSite,numberOfRobotsOnWhiteSite
17,7,8
timeStep,numberOfRobotsOnBlackSite,numberOfRobotsOnWhiteSite
18,7,8
timeStep,numberOfRobotsOnBlackSite,numberOfRobotsOnWhiteSite
19,7,8
timeStep,numberOfRobotsOnBlackSite,numberOfRobotsOnWhiteSite
20,7,8
timeStep,numberOfRobotsOnBlackSite,numberOfRobotsOnWhiteSite
21,7,8
timeStep,numberOfRobotsOnBlackSite,numberOfRobotsOnWhiteSite
22,7,8
timeStep,numberOfRobotsOnBlackSite,numberOfRobotsOnWhiteSite
23,7,8
timeStep,numberOfRobotsOnBlackSite,numberOfRobotsOnWhiteSite
24,7,8
timeStep,numberOfRobotsOnBlackSite,numberOfRobotsOnWhiteSite
25,7,8
timeStep,numberOfRobotsOnBlackSite,numberOfRobotsOnWhiteSite
26,7,8
timeStep,numberOfRobotsOnBlackSite,numberOfRobotsOnWhiteSite
27,7,8
timeStep,numberOfRobotsOnBlackSite,numberOfRobotsOnWhiteSite
28,7,8
timeStep,numberOfRobotsOnBlackSite,numberOfRobotsOnWhiteSite
29,7,8
timeStep,numberOfRobotsOnBlackSite,numberOfRobotsOnWhiteSite
30,7,7
timeStep,numberOfRobotsOnBlackSite,numberOfRobotsOnWhiteSite
31,7,7
timeStep,numberOfRobotsOnBlackSite,numberOfRobotsOnWhiteSite
32,7,7
timeStep,numberOfRobotsOnBlackSite,numberOfRobotsOnWhiteSite
33,7,7
timeStep,numberOfRobotsOnBlackSite,numberOfRobotsOnWhiteSite
34,7,7
timeStep,numberOfRobotsOnBlackSite,numberOfRobotsOnWhiteSite
35,7,8
timeStep,numberOfRobotsOnBlackSite,numberOfRobotsOnWhiteSite
36,7,8
timeStep,numberOfRobotsOnBlackSite,numberOfRobotsOnWhiteSite
37,7,8
timeStep,numberOfRobotsOnBlackSite,numberOfRobotsOnWhiteSite
38,7,8
timeStep,numberOfRobotsOnBlackSite,numberOfRobotsOnWhiteSite
39,7,8
timeStep,numberOfRobotsOnBlackSite,numberOfRobotsOnWhiteSite
40,7,8
timeStep,numberOfRobotsOnBlackSite,numberOfRobotsOnWhiteSite
41,7,8
timeStep,numberOfRobotsOnBlackSite,numberOfRobotsOnWhiteSite
42,7,8
timeStep,numberOfRobotsOnBlackSite,numberOfRobotsOnWhiteSite
43,7,8
timeStep,numberOfRobotsOnBlackSite,numberOfRobotsOnWhiteSite
44,7,8
timeStep,numberOfRobotsOnBlackSite,numberOfRobotsOnWhiteSite
45,7,8
timeStep,numberOfRobotsOnBlackSite,numberOfRobotsOnWhiteSite
46,7,8
timeStep,numberOfRobotsOnBlackSite,numberOfRobotsOnWhiteSite
47,7,8
timeStep,numberOfRobotsOnBlackSite,numberOfRobotsOnWhiteSite
48,7,8
timeStep,numberOfRobotsOnBlackSite,numberOfRobotsOnWhiteSite
49,7,8
timeStep,numberOfRobotsOnBlackSite,numberOfRobotsOnWhiteSite
50,6,8
timeStep,numberOfRobotsOnBlackSite,numberOfRobotsOnWhiteSite
51,6,8
timeStep,numberOfRobotsOnBlackSite,numberOfRobotsOnWhiteSite
52,6,8
timeStep,numberOfRobotsOnBlackSite,numberOfRobotsOnWhiteSite
53,6,8
timeStep,numberOfRobotsOnBlackSite,numberOfRobotsOnWhiteSite
54,6,8
timeStep,numberOfRobotsOnBlackSite,numberOfRobotsOnWhiteSite
55,6,8
timeStep,numberOfRobotsOnBlackSite,numberOfRobotsOnWhiteSite
56,6,8
timeStep,numberOfRobotsOnBlackSite,numberOfRobotsOnWhiteSite
57,6,8
timeStep,numberOfRobotsOnBlackSite,numberOfRobotsOnWhiteSite
58,6,8
timeStep,numberOfRobotsOnBlackSite,numberOfRobotsOnWhiteSite
59,6,8
timeStep,numberOfRobotsOnBlackSite,numberOfRobotsOnWhiteSite
60,6,7
timeStep,numberOfRobotsOnBlackSite,numberOfRobotsOnWhiteSite
61,6,7
timeStep,numberOfRobotsOnBlackSite,numberOfRobotsOnWhiteSite
62,6,7
timeStep,numberOfRobotsOnBlackSite,numberOfRobotsOnWhiteSite
63,6,7
timeStep,numberOfRobotsOnBlackSite,numberOfRobotsOnWhiteSite
64,6,7
timeStep,numberOfRobotsOnBlackSite,numberOfRobotsOnWhiteSite
65,6,7
timeStep,numberOfRobotsOnBlackSite,numberOfRobotsOnWhiteSite
66,6,7
timeStep,numberOfRobotsOnBlackSite,numberOfRobotsOnWhiteSite
67,6,7
timeStep,numberOfRobotsOnBlackSite,numberOfRobotsOnWhiteSite
68,6,7
timeStep,numberOfRobotsOnBlackSite,numberOfRobotsOnWhiteSite
69,6,7
timeStep,numberOfRobotsOnBlackSite,numberOfRobotsOnWhiteSite
70,6,7
timeStep,numberOfRobotsOnBlackSite,numberOfRobotsOnWhiteSite
71,6,7
timeStep,numberOfRobotsOnBlackSite,numberOfRobotsOnWhiteSite
72,6,7
timeStep,numberOfRobotsOnBlackSite,numberOfRobotsOnWhiteSite
73,6,7
timeStep,numberOfRobotsOnBlackSite,numberOfRobotsOnWhiteSite
74,6,7
timeStep,numberOfRobotsOnBlackSite,numberOfRobotsOnWhiteSite
75,6,7
timeStep,numberOfRobotsOnBlackSite,numberOfRobotsOnWhiteSite
76,6,7
timeStep,numberOfRobotsOnBlackSite,numberOfRobotsOnWhiteSite
77,6,7
timeStep,numberOfRobotsOnBlackSite,numberOfRobotsOnWhiteSite
78,6,7
timeStep,numberOfRobotsOnBlackSite,numberOfRobotsOnWhiteSite
79,6,7
timeStep,numberOfRobotsOnBlackSite,numberOfRobotsOnWhiteSite
80,6,7
timeStep,numberOfRobotsOnBlackSite,numberOfRobotsOnWhiteSite
81,6,7
timeStep,numberOfRobotsOnBlackSite,numberOfRobotsOnWhiteSite
82,6,7
timeStep,numberOfRobotsOnBlackSite,numberOfRobotsOnWhiteSite
83,6,7
timeStep,numberOfRobotsOnBlackSite,numberOfRobotsOnWhiteSite
84,6,7
timeStep,numberOfRobotsOnBlackSite,numberOfRobotsOnWhiteSite
85,6,7
timeStep,numberOfRobotsOnBlackSite,numberOfRobotsOnWhiteSite
86,6,7
timeStep,numberOfRobotsOnBlackSite,numberOfRobotsOnWhiteSite
87,6,7
timeStep,numberOfRobotsOnBlackSite,numberOfRobotsOnWhiteSite
88,6,7
timeStep,numberOfRobotsOnBlackSite,numberOfRobotsOnWhiteSite
89,6,7
timeStep,numberOfRobotsOnBlackSite,numberOfRobotsOnWhiteSite
90,6,7
timeStep,numberOfRobotsOnBlackSite,numberOfRobotsOnWhiteSite
91,6,7
timeStep,numberOfRobotsOnBlackSite,numberOfRobotsOnWhiteSite
92,6,7
timeStep,numberOfRobotsOnBlackSite,numberOfRobotsOnWhiteSite
93,6,7
timeStep,numberOfRobotsOnBlackSite,numberOfRobotsOnWhiteSite
94,6,7
timeStep,numberOfRobotsOnBlackSite,numberOfRobotsOnWhiteSite
95,6,7
timeStep,numberOfRobotsOnBlackSite,numberOfRobotsOnWhiteSite
96,6,7
timeStep,numberOfRobotsOnBlackSite,numberOfRobotsOnWhiteSite
97,6,7
timeStep,numberOfRobotsOnBlackSite,numberOfRobotsOnWhiteSite
98,6,7
timeStep,numberOfRobotsOnBlackSite,numberOfRobotsOnWhiteSite
99,6,7
timeStep,numberOfRobotsOnBlackSite,numberOfRobotsOnWhiteSite
100,7,7
timeStep,numberOfRobotsOnBlackSite,numberOfRobotsOnWhiteSite
101,7,7
timeStep,numberOfRobotsOnBlackSite,numberOfRobotsOnWhiteSite
102,7,7
timeStep,numberOfRobotsOnBlackSite,numberOfRobotsOnWhiteSite
103,7,7
timeStep,numberOfRobotsOnBlackSite,numberOfRobotsOnWhiteSite
104,7,7
timeStep,numberOfRobotsOnBlackSite,numberOfRobotsOnWhiteSite
105,8,7
timeStep,numberOfRobotsOnBlackSite,numberOfRobotsOnWhiteSite
106,8,7
timeStep,numberOfRobotsOnBlackSite,numberOfRobotsOnWhiteSite
107,8,7
timeStep,numberOfRobotsOnBlackSite,numberOfRobotsOnWhiteSite
108,8,7
timeStep,numberOfRobotsOnBlackSite,numberOfRobotsOnWhiteSite
109,8,7
timeStep,numberOfRobotsOnBlackSite,numberOfRobotsOnWhiteSite
110,8,7
timeStep,numberOfRobotsOnBlackSite,numberOfRobotsOnWhiteSite
111,8,7
timeStep,numberOfRobotsOnBlackSite,numberOfRobotsOnWhiteSite
112,8,7
timeStep,numberOfRobotsOnBlackSite,numberOfRobotsOnWhiteSite
113,8,7
timeStep,numberOfRobotsOnBlackSite,numberOfRobotsOnWhiteSite
114,8,7
timeStep,numberOfRobotsOnBlackSite,numberOfRobotsOnWhiteSite
115,8,7
timeStep,numberOfRobotsOnBlackSite,numberOfRobotsOnWhiteSite
116,8,7
timeStep,numberOfRobotsOnBlackSite,numberOfRobotsOnWhiteSite
117,8,7
timeStep,numberOfRobotsOnBlackSite,numberOfRobotsOnWhiteSite
118,8,7
timeStep,numberOfRobotsOnBlackSite,numberOfRobotsOnWhiteSite
119,8,7
timeStep,numberOfRobotsOnBlackSite,numberOfRobotsOnWhiteSite
120,8,7
timeStep,numberOfRobotsOnBlackSite,numberOfRobotsOnWhiteSite
121,8,7
timeStep,numberOfRobotsOnBlackSite,numberOfRobotsOnWhiteSite
122,8,7
timeStep,numberOfRobotsOnBlackSite,numberOfRobotsOnWhiteSite
123,8,7
timeStep,numberOfRobotsOnBlackSite,numberOfRobotsOnWhiteSite
124,8,7
timeStep,numberOfRobotsOnBlackSite,numberOfRobotsOnWhiteSite
125,8,7
timeStep,numberOfRobotsOnBlackSite,numberOfRobotsOnWhiteSite
126,8,7
timeStep,numberOfRobotsOnBlackSite,numberOfRobotsOnWhiteSite
127,8,7
timeStep,numberOfRobotsOnBlackSite,numberOfRobotsOnWhiteSite
128,8,7
timeStep,numberOfRobotsOnBlackSite,numberOfRobotsOnWhiteSite
129,8,7
timeStep,numberOfRobotsOnBlackSite,numberOfRobotsOnWhiteSite
130,8,7
timeStep,numberOfRobotsOnBlackSite,numberOfRobotsOnWhiteSite
131,8,7
timeStep,numberOfRobotsOnBlackSite,numberOfRobotsOnWhiteSite
132,8,7
timeStep,numberOfRobotsOnBlackSite,numberOfRobotsOnWhiteSite
133,8,7
timeStep,numberOfRobotsOnBlackSite,numberOfRobotsOnWhiteSite
134,8,7
timeStep,numberOfRobotsOnBlackSite,numberOfRobotsOnWhiteSite
135,8,8
timeStep,numberOfRobotsOnBlackSite,numberOfRobotsOnWhiteSite
136,8,8
timeStep,numberOfRobotsOnBlackSite,numberOfRobotsOnWhiteSite
137,8,8
timeStep,numberOfRobotsOnBlackSite,numberOfRobotsOnWhiteSite
138,8,8
timeStep,numberOfRobotsOnBlackSite,numberOfRobotsOnWhiteSite
139,8,8
timeStep,numberOfRobotsOnBlackSite,numberOfRobotsOnWhiteSite
140,8,9
timeStep,numberOfRobotsOnBlackSite,numberOfRobotsOnWhiteSite
141,8,9
timeStep,numberOfRobotsOnBlackSite,numberOfRobotsOnWhiteSite
142,8,9
timeStep,numberOfRobotsOnBlackSite,numberOfRobotsOnWhiteSite
143,8,9
timeStep,numberOfRobotsOnBlackSite,numberOfRobotsOnWhiteSite
144,8,9
timeStep,numberOfRobotsOnBlackSite,numberOfRobotsOnWhiteSite
145,8,9
timeStep,numberOfRobotsOnBlackSite,numberOfRobotsOnWhiteSite
146,8,9
timeStep,numberOfRobotsOnBlackSite,numberOfRobotsOnWhiteSite
147,8,9
timeStep,numberOfRobotsOnBlackSite,numberOfRobotsOnWhiteSite
148,8,9
timeStep,numberOfRobotsOnBlackSite,numberOfRobotsOnWhiteSite
149,8,9
timeStep,numberOfRobotsOnBlackSite,numberOfRobotsOnWhiteSite
150,8,9
timeStep,numberOfRobotsOnBlackSite,numberOfRobotsOnWhiteSite
151,8,9
timeStep,numberOfRobotsOnBlackSite,numberOfRobotsOnWhiteSite
152,8,9
timeStep,numberOfRobotsOnBlackSite,numberOfRobotsOnWhiteSite
153,8,9
timeStep,numberOfRobotsOnBlackSite,numberOfRobotsOnWhiteSite
154,8,9
timeStep,numberOfRobotsOnBlackSite,numberOfRobotsOnWhiteSite
155,9,9
timeStep,numberOfRobotsOnBlackSite,numberOfRobotsOnWhiteSite
156,9,9
timeStep,numberOfRobotsOnBlackSite,numberOfRobotsOnWhiteSite
157,9,9
timeStep,numberOfRobotsOnBlackSite,numberOfRobotsOnWhiteSite
158,9,9
timeStep,numberOfRobotsOnBlackSite,numberOfRobotsOnWhiteSite
159,9,9
timeStep,numberOfRobotsOnBlackSite,numberOfRobotsOnWhiteSite
160,9,10
timeStep,numberOfRobotsOnBlackSite,numberOfRobotsOnWhiteSite
161,9,10
timeStep,numberOfRobotsOnBlackSite,numberOfRobotsOnWhiteSite
162,9,10
timeStep,numberOfRobotsOnBlackSite,numberOfRobotsOnWhiteSite
163,9,10
timeStep,numberOfRobotsOnBlackSite,numberOfRobotsOnWhiteSite
164,9,10
timeStep,numberOfRobotsOnBlackSite,numberOfRobotsOnWhiteSite
165,9,10
timeStep,numberOfRobotsOnBlackSite,numberOfRobotsOnWhiteSite
166,9,10
timeStep,numberOfRobotsOnBlackSite,numberOfRobotsOnWhiteSite
167,9,10
timeStep,numberOfRobotsOnBlackSite,numberOfRobotsOnWhiteSite
168,9,10
timeStep,numberOfRobotsOnBlackSite,numberOfRobotsOnWhiteSite
169,9,10
timeStep,numberOfRobotsOnBlackSite,numberOfRobotsOnWhiteSite
170,9,10
timeStep,numberOfRobotsOnBlackSite,numberOfRobotsOnWhiteSite
171,9,10
timeStep,numberOfRobotsOnBlackSite,numberOfRobotsOnWhiteSite
172,9,10
timeStep,numberOfRobotsOnBlackSite,numberOfRobotsOnWhiteSite
173,9,10
timeStep,numberOfRobotsOnBlackSite,numberOfRobotsOnWhiteSite
174,9,10
timeStep,numberOfRobotsOnBlackSite,numberOfRobotsOnWhiteSite
175,9,10
timeStep,numberOfRobotsOnBlackSite,numberOfRobotsOnWhiteSite
176,9,10
timeStep,numberOfRobotsOnBlackSite,numberOfRobotsOnWhiteSite
177,9,10
timeStep,numberOfRobotsOnBlackSite,numberOfRobotsOnWhiteSite
178,9,10
timeStep,numberOfRobotsOnBlackSite,numberOfRobotsOnWhiteSite
179,9,10
timeStep,numberOfRobotsOnBlackSite,numberOfRobotsOnWhiteSite
180,9,10
timeStep,numberOfRobotsOnBlackSite,numberOfRobotsOnWhiteSite
181,9,10
timeStep,numberOfRobotsOnBlackSite,numberOfRobotsOnWhiteSite
182,9,10
timeStep,numberOfRobotsOnBlackSite,numberOfRobotsOnWhiteSite
183,9,10
timeStep,numberOfRobotsOnBlackSite,numberOfRobotsOnWhiteSite
184,9,10
timeStep,numberOfRobotsOnBlackSite,numberOfRobotsOnWhiteSite
185,10,11
timeStep,numberOfRobotsOnBlackSite,numberOfRobotsOnWhiteSite
186,10,11
timeStep,numberOfRobotsOnBlackSite,numberOfRobotsOnWhiteSite
187,10,11
timeStep,numberOfRobotsOnBlackSite,numberOfRobotsOnWhiteSite
188,10,11
timeStep,numberOfRobotsOnBlackSite,numberOfRobotsOnWhiteSite
189,10,11
timeStep,numberOfRobotsOnBlackSite,numberOfRobotsOnWhiteSite
190,10,12
timeStep,numberOfRobotsOnBlackSite,numberOfRobotsOnWhiteSite
191,10,12
timeStep,numberOfRobotsOnBlackSite,numberOfRobotsOnWhiteSite
192,10,12
timeStep,numberOfRobotsOnBlackSite,numberOfRobotsOnWhiteSite
193,10,12
timeStep,numberOfRobotsOnBlackSite,numberOfRobotsOnWhiteSite
194,10,12
timeStep,numberOfRobotsOnBlackSite,numberOfRobotsOnWhiteSite
195,10,12
timeStep,numberOfRobotsOnBlackSite,numberOfRobotsOnWhiteSite
196,10,12
timeStep,numberOfRobotsOnBlackSite,numberOfRobotsOnWhiteSite
197,10,12
timeStep,numberOfRobotsOnBlackSite,numberOfRobotsOnWhiteSite
198,10,12
timeStep,numberOfRobotsOnBlackSite,numberOfRobotsOnWhiteSite
199,10,12
timeStep,numberOfRobotsOnBlackSite,numberOfRobotsOnWhiteSite
200,10,12
timeStep,numberOfRobotsOnBlackSite,numberOfRobotsOnWhiteSite
201,10,12
timeStep,numberOfRobotsOnBlackSite,numberOfRobotsOnWhiteSite
202,10,12
timeStep,numberOfRobotsOnBlackSite,numberOfRobotsOnWhiteSite
203,10,12
timeStep,numberOfRobotsOnBlackSite,numberOfRobotsOnWhiteSite
204,10,12
timeStep,numberOfRobotsOnBlackSite,numberOfRobotsOnWhiteSite
205,10,12
timeStep,numberOfRobotsOnBlackSite,numberOfRobotsOnWhiteSite
206,10,12
timeStep,numberOfRobotsOnBlackSite,numberOfRobotsOnWhiteSite
207,10,12
timeStep,numberOfRobotsOnBlackSite,numberOfRobotsOnWhiteSite
208,10,12
timeStep,numberOfRobotsOnBlackSite,numberOfRobotsOnWhiteSite
209,10,12
timeStep,numberOfRobotsOnBlackSite,numberOfRobotsOnWhiteSite
210,10,12
timeStep,numberOfRobotsOnBlackSite,numberOfRobotsOnWhiteSite
211,10,12
timeStep,numberOfRobotsOnBlackSite,numberOfRobotsOnWhiteSite
212,10,12
timeStep,numberOfRobotsOnBlackSite,numberOfRobotsOnWhiteSite
213,10,12
timeStep,numberOfRobotsOnBlackSite,numberOfRobotsOnWhiteSite
214,10,12
timeStep,numberOfRobotsOnBlackSite,numberOfRobotsOnWhiteSite
215,10,12
timeStep,numberOfRobotsOnBlackSite,numberOfRobotsOnWhiteSite
216,10,12
timeStep,numberOfRobotsOnBlackSite,numberOfRobotsOnWhiteSite
217,10,12
timeStep,numberOfRobotsOnBlackSite,numberOfRobotsOnWhiteSite
218,10,12
timeStep,numberOfRobotsOnBlackSite,numberOfRobotsOnWhiteSite
219,10,12
timeStep,numberOfRobotsOnBlackSite,numberOfRobotsOnWhiteSite
220,11,12
timeStep,numberOfRobotsOnBlackSite,numberOfRobotsOnWhiteSite
221,11,12
timeStep,numberOfRobotsOnBlackSite,numberOfRobotsOnWhiteSite
222,11,12
timeStep,numberOfRobotsOnBlackSite,numberOfRobotsOnWhiteSite
223,11,12
timeStep,numberOfRobotsOnBlackSite,numberOfRobotsOnWhiteSite
224,11,12
timeStep,numberOfRobotsOnBlackSite,numberOfRobotsOnWhiteSite
225,11,12
timeStep,numberOfRobotsOnBlackSite,numberOfRobotsOnWhiteSite
226,11,12
timeStep,numberOfRobotsOnBlackSite,numberOfRobotsOnWhiteSite
227,11,12
timeStep,numberOfRobotsOnBlackSite,numberOfRobotsOnWhiteSite
228,11,12
timeStep,numberOfRobotsOnBlackSite,numberOfRobotsOnWhiteSite
229,11,12
timeStep,numberOfRobotsOnBlackSite,numberOfRobotsOnWhiteSite
230,11,12
timeStep,numberOfRobotsOnBlackSite,numberOfRobotsOnWhiteSite
231,11,12
timeStep,numberOfRobotsOnBlackSite,numberOfRobotsOnWhiteSite
232,11,12
timeStep,numberOfRobotsOnBlackSite,numberOfRobotsOnWhiteSite
233,11,12
timeStep,numberOfRobotsOnBlackSite,numberOfRobotsOnWhiteSite
234,11,12
timeStep,numberOfRobotsOnBlackSite,numberOfRobotsOnWhiteSite
235,11,12
timeStep,numberOfRobotsOnBlackSite,numberOfRobotsOnWhiteSite
236,11,12
timeStep,numberOfRobotsOnBlackSite,numberOfRobotsOnWhiteSite
237,11,12
timeStep,numberOfRobotsOnBlackSite,numberOfRobotsOnWhiteSite
238,11,12
timeStep,numberOfRobotsOnBlackSite,numberOfRobotsOnWhiteSite
239,11,12
timeStep,numberOfRobotsOnBlackSite,numberOfRobotsOnWhiteSite
240,11,12
timeStep,numberOfRobotsOnBlackSite,numberOfRobotsOnWhiteSite
241,11,12
timeStep,numberOfRobotsOnBlackSite,numberOfRobotsOnWhiteSite
242,11,12
timeStep,numberOfRobotsOnBlackSite,numberOfRobotsOnWhiteSite
243,11,12
timeStep,numberOfRobotsOnBlackSite,numberOfRobotsOnWhiteSite
244,11,12
timeStep,numberOfRobotsOnBlackSite,numberOfRobotsOnWhiteSite
245,11,12
timeStep,numberOfRobotsOnBlackSite,numberOfRobotsOnWhiteSite
246,11,12
timeStep,numberOfRobotsOnBlackSite,numberOfRobotsOnWhiteSite
247,11,12
timeStep,numberOfRobotsOnBlackSite,numberOfRobotsOnWhiteSite
248,11,12
timeStep,numberOfRobotsOnBlackSite,numberOfRobotsOnWhiteSite
249,11,12
timeStep,numberOfRobotsOnBlackSite,numberOfRobotsOnWhiteSite
250,11,12
timeStep,numberOfRobotsOnBlackSite,numberOfRobotsOnWhiteSite
251,11,12
timeStep,numberOfRobotsOnBlackSite,numberOfRobotsOnWhiteSite
252,11,12
timeStep,numberOfRobotsOnBlackSite,numberOfRobotsOnWhiteSite
253,11,12
timeStep,numberOfRobotsOnBlackSite,numberOfRobotsOnWhiteSite
254,11,12
timeStep,numberOfRobotsOnBlackSite,numberOfRobotsOnWhiteSite
255,11,12
timeStep,numberOfRobotsOnBlackSite,numberOfRobotsOnWhiteSite
256,11,12
timeStep,numberOfRobotsOnBlackSite,numberOfRobotsOnWhiteSite
257,11,12
timeStep,numberOfRobotsOnBlackSite,numberOfRobotsOnWhiteSite
258,11,12
timeStep,numberOfRobotsOnBlackSite,numberOfRobotsOnWhiteSite
259,11,12
timeStep,numberOfRobotsOnBlackSite,numberOfRobotsOnWhiteSite
260,11,12
timeStep,numberOfRobotsOnBlackSite,numberOfRobotsOnWhiteSite
261,11,12
timeStep,numberOfRobotsOnBlackSite,numberOfRobotsOnWhiteSite
262,11,12
timeStep,numberOfRobotsOnBlackSite,numberOfRobotsOnWhiteSite
263,11,12
timeStep,numberOfRobotsOnBlackSite,numberOfRobotsOnWhiteSite
264,11,12
timeStep,numberOfRobotsOnBlackSite,numberOfRobotsOnWhiteSite
265,12,12
timeStep,numberOfRobotsOnBlackSite,numberOfRobotsOnWhiteSite
266,12,12
timeStep,numberOfRobotsOnBlackSite,numberOfRobotsOnWhiteSite
267,12,12
timeStep,numberOfRobotsOnBlackSite,numberOfRobotsOnWhiteSite
268,12,12
timeStep,numberOfRobotsOnBlackSite,numberOfRobotsOnWhiteSite
269,12,12
timeStep,numberOfRobotsOnBlackSite,numberOfRobotsOnWhiteSite
270,13,12
timeStep,numberOfRobotsOnBlackSite,numberOfRobotsOnWhiteSite
271,13,12
timeStep,numberOfRobotsOnBlackSite,numberOfRobotsOnWhiteSite
272,13,12
timeStep,numberOfRobotsOnBlackSite,numberOfRobotsOnWhiteSite
273,13,12
timeStep,numberOfRobotsOnBlackSite,numberOfRobotsOnWhiteSite
274,13,12
timeStep,numberOfRobotsOnBlackSite,numberOfRobotsOnWhiteSite
275,12,12
timeStep,numberOfRobotsOnBlackSite,numberOfRobotsOnWhiteSite
276,12,12
timeStep,numberOfRobotsOnBlackSite,numberOfRobotsOnWhiteSite
277,12,12
timeStep,numberOfRobotsOnBlackSite,numberOfRobotsOnWhiteSite
278,12,12
timeStep,numberOfRobotsOnBlackSite,numberOfRobotsOnWhiteSite
279,12,12
timeStep,numberOfRobotsOnBlackSite,numberOfRobotsOnWhiteSite
280,12,12
timeStep,numberOfRobotsOnBlackSite,numberOfRobotsOnWhiteSite
281,12,12
timeStep,numberOfRobotsOnBlackSite,numberOfRobotsOnWhiteSite
282,12,12
timeStep,numberOfRobotsOnBlackSite,numberOfRobotsOnWhiteSite
283,12,12
timeStep,numberOfRobotsOnBlackSite,numberOfRobotsOnWhiteSite
284,12,12
timeStep,numberOfRobotsOnBlackSite,numberOfRobotsOnWhiteSite
285,10,12
timeStep,numberOfRobotsOnBlackSite,numberOfRobotsOnWhiteSite
286,10,12
timeStep,numberOfRobotsOnBlackSite,numberOfRobotsOnWhiteSite
287,10,12
timeStep,numberOfRobotsOnBlackSite,numberOfRobotsOnWhiteSite
288,10,12
timeStep,numberOfRobotsOnBlackSite,numberOfRobotsOnWhiteSite
289,10,12
timeStep,numberOfRobotsOnBlackSite,numberOfRobotsOnWhiteSite
290,10,12
timeStep,numberOfRobotsOnBlackSite,numberOfRobotsOnWhiteSite
291,10,12
timeStep,numberOfRobotsOnBlackSite,numberOfRobotsOnWhiteSite
292,10,12
timeStep,numberOfRobotsOnBlackSite,numberOfRobotsOnWhiteSite
293,10,12
timeStep,numberOfRobotsOnBlackSite,numberOfRobotsOnWhiteSite
294,10,12
timeStep,numberOfRobotsOnBlackSite,numberOfRobotsOnWhiteSite
295,11,12
timeStep,numberOfRobotsOnBlackSite,numberOfRobotsOnWhiteSite
296,11,12
timeStep,numberOfRobotsOnBlackSite,numberOfRobotsOnWhiteSite
297,11,12
timeStep,numberOfRobotsOnBlackSite,numberOfRobotsOnWhiteSite
298,11,12
timeStep,numberOfRobotsOnBlackSite,numberOfRobotsOnWhiteSite
299,11,12
timeStep,numberOfRobotsOnBlackSite,numberOfRobotsOnWhiteSite
300,12,12
timeStep,numberOfRobotsOnBlackSite,numberOfRobotsOnWhiteSite
301,12,12
timeStep,numberOfRobotsOnBlackSite,numberOfRobotsOnWhiteSite
302,12,12
timeStep,numberOfRobotsOnBlackSite,numberOfRobotsOnWhiteSite
303,12,12
timeStep,numberOfRobotsOnBlackSite,numberOfRobotsOnWhiteSite
304,12,12
timeStep,numberOfRobotsOnBlackSite,numberOfRobotsOnWhiteSite
305,12,12
timeStep,numberOfRobotsOnBlackSite,numberOfRobotsOnWhiteSite
306,12,12
timeStep,numberOfRobotsOnBlackSite,numberOfRobotsOnWhiteSite
307,12,12
timeStep,numberOfRobotsOnBlackSite,numberOfRobotsOnWhiteSite
308,12,12
timeStep,numberOfRobotsOnBlackSite,numberOfRobotsOnWhiteSite
309,12,12
timeStep,numberOfRobotsOnBlackSite,numberOfRobotsOnWhiteSite
310,12,12
timeStep,numberOfRobotsOnBlackSite,numberOfRobotsOnWhiteSite
311,12,12
timeStep,numberOfRobotsOnBlackSite,numberOfRobotsOnWhiteSite
312,12,12
timeStep,numberOfRobotsOnBlackSite,numberOfRobotsOnWhiteSite
313,12,12
timeStep,numberOfRobotsOnBlackSite,numberOfRobotsOnWhiteSite
314,12,12
timeStep,numberOfRobotsOnBlackSite,numberOfRobotsOnWhiteSite
315,12,12
timeStep,numberOfRobotsOnBlackSite,numberOfRobotsOnWhiteSite
316,12,12
timeStep,numberOfRobotsOnBlackSite,numberOfRobotsOnWhiteSite
317,12,12
timeStep,numberOfRobotsOnBlackSite,numberOfRobotsOnWhiteSite
318,12,12
timeStep,numberOfRobotsOnBlackSite,numberOfRobotsOnWhiteSite
319,12,12
timeStep,numberOfRobotsOnBlackSite,numberOfRobotsOnWhiteSite
320,12,12
timeStep,numberOfRobotsOnBlackSite,numberOfRobotsOnWhiteSite
321,12,12
timeStep,numberOfRobotsOnBlackSite,numberOfRobotsOnWhiteSite
322,12,12
timeStep,numberOfRobotsOnBlackSite,numberOfRobotsOnWhiteSite
323,12,12
timeStep,numberOfRobotsOnBlackSite,numberOfRobotsOnWhiteSite
324,12,12
timeStep,numberOfRobotsOnBlackSite,numberOfRobotsOnWhiteSite
325,12,12
timeStep,numberOfRobotsOnBlackSite,numberOfRobotsOnWhiteSite
326,12,12
timeStep,numberOfRobotsOnBlackSite,numberOfRobotsOnWhiteSite
327,12,12
timeStep,numberOfRobotsOnBlackSite,numberOfRobotsOnWhiteSite
328,12,12
timeStep,numberOfRobotsOnBlackSite,numberOfRobotsOnWhiteSite
329,12,12
timeStep,numberOfRobotsOnBlackSite,numberOfRobotsOnWhiteSite
330,11,12
timeStep,numberOfRobotsOnBlackSite,numberOfRobotsOnWhiteSite
331,11,12
timeStep,numberOfRobotsOnBlackSite,numberOfRobotsOnWhiteSite
332,11,12
timeStep,numberOfRobotsOnBlackSite,numberOfRobotsOnWhiteSite
333,11,12
timeStep,numberOfRobotsOnBlackSite,numberOfRobotsOnWhiteSite
334,11,12
timeStep,numberOfRobotsOnBlackSite,numberOfRobotsOnWhiteSite
335,11,12
timeStep,numberOfRobotsOnBlackSite,numberOfRobotsOnWhiteSite
336,11,12
timeStep,numberOfRobotsOnBlackSite,numberOfRobotsOnWhiteSite
337,11,12
timeStep,numberOfRobotsOnBlackSite,numberOfRobotsOnWhiteSite
338,11,12
timeStep,numberOfRobotsOnBlackSite,numberOfRobotsOnWhiteSite
339,11,12
timeStep,numberOfRobotsOnBlackSite,numberOfRobotsOnWhiteSite
340,11,12
timeStep,numberOfRobotsOnBlackSite,numberOfRobotsOnWhiteSite
341,11,12
timeStep,numberOfRobotsOnBlackSite,numberOfRobotsOnWhiteSite
342,11,12
timeStep,numberOfRobotsOnBlackSite,numberOfRobotsOnWhiteSite
343,11,12
timeStep,numberOfRobotsOnBlackSite,numberOfRobotsOnWhiteSite
344,11,12
timeStep,numberOfRobotsOnBlackSite,numberOfRobotsOnWhiteSite
345,11,12
timeStep,numberOfRobotsOnBlackSite,numberOfRobotsOnWhiteSite
346,11,12
timeStep,numberOfRobotsOnBlackSite,numberOfRobotsOnWhiteSite
347,11,12
timeStep,numberOfRobotsOnBlackSite,numberOfRobotsOnWhiteSite
348,11,12
timeStep,numberOfRobotsOnBlackSite,numberOfRobotsOnWhiteSite
349,11,12
timeStep,numberOfRobotsOnBlackSite,numberOfRobotsOnWhiteSite
350,11,12
timeStep,numberOfRobotsOnBlackSite,numberOfRobotsOnWhiteSite
351,11,12
timeStep,numberOfRobotsOnBlackSite,numberOfRobotsOnWhiteSite
352,11,12
timeStep,numberOfRobotsOnBlackSite,numberOfRobotsOnWhiteSite
353,11,12
timeStep,numberOfRobotsOnBlackSite,numberOfRobotsOnWhiteSite
354,11,12
timeStep,numberOfRobotsOnBlackSite,numberOfRobotsOnWhiteSite
355,11,12
timeStep,numberOfRobotsOnBlackSite,numberOfRobotsOnWhiteSite
356,11,12
timeStep,numberOfRobotsOnBlackSite,numberOfRobotsOnWhiteSite
357,11,12
timeStep,numberOfRobotsOnBlackSite,numberOfRobotsOnWhiteSite
358,11,12
timeStep,numberOfRobotsOnBlackSite,numberOfRobotsOnWhiteSite
359,11,12
timeStep,numberOfRobotsOnBlackSite,numberOfRobotsOnWhiteSite
360,11,12
timeStep,numberOfRobotsOnBlackSite,numberOfRobotsOnWhiteSite
361,11,12
timeStep,numberOfRobotsOnBlackSite,numberOfRobotsOnWhiteSite
362,11,12
timeStep,numberOfRobotsOnBlackSite,numberOfRobotsOnWhiteSite
363,11,12
timeStep,numberOfRobotsOnBlackSite,numberOfRobotsOnWhiteSite
364,11,12
timeStep,numberOfRobotsOnBlackSite,numberOfRobotsOnWhiteSite
365,11,12
timeStep,numberOfRobotsOnBlackSite,numberOfRobotsOnWhiteSite
366,11,12
timeStep,numberOfRobotsOnBlackSite,numberOfRobotsOnWhiteSite
367,11,12
timeStep,numberOfRobotsOnBlackSite,numberOfRobotsOnWhiteSite
368,11,12
timeStep,numberOfRobotsOnBlackSite,numberOfRobotsOnWhiteSite
369,11,12
timeStep,numberOfRobotsOnBlackSite,numberOfRobotsOnWhiteSite
370,11,12
timeStep,numberOfRobotsOnBlackSite,numberOfRobotsOnWhiteSite
371,11,12
timeStep,numberOfRobotsOnBlackSite,numberOfRobotsOnWhiteSite
372,11,12
timeStep,numberOfRobotsOnBlackSite,numberOfRobotsOnWhiteSite
373,11,12
timeStep,numberOfRobotsOnBlackSite,numberOfRobotsOnWhiteSite
374,11,12
timeStep,numberOfRobotsOnBlackSite,numberOfRobotsOnWhiteSite
375,11,12
timeStep,numberOfRobotsOnBlackSite,numberOfRobotsOnWhiteSite
376,11,12
timeStep,numberOfRobotsOnBlackSite,numberOfRobotsOnWhiteSite
377,11,12
timeStep,numberOfRobotsOnBlackSite,numberOfRobotsOnWhiteSite
378,11,12
timeStep,numberOfRobotsOnBlackSite,numberOfRobotsOnWhiteSite
379,11,12
timeStep,numberOfRobotsOnBlackSite,numberOfRobotsOnWhiteSite
380,11,12
timeStep,numberOfRobotsOnBlackSite,numberOfRobotsOnWhiteSite
381,11,12
timeStep,numberOfRobotsOnBlackSite,numberOfRobotsOnWhiteSite
382,11,12
timeStep,numberOfRobotsOnBlackSite,numberOfRobotsOnWhiteSite
383,11,12
timeStep,numberOfRobotsOnBlackSite,numberOfRobotsOnWhiteSite
384,11,12
timeStep,numberOfRobotsOnBlackSite,numberOfRobotsOnWhiteSite
385,11,14
timeStep,numberOfRobotsOnBlackSite,numberOfRobotsOnWhiteSite
386,11,14
timeStep,numberOfRobotsOnBlackSite,numberOfRobotsOnWhiteSite
387,11,14
timeStep,numberOfRobotsOnBlackSite,numberOfRobotsOnWhiteSite
388,11,14
timeStep,numberOfRobotsOnBlackSite,numberOfRobotsOnWhiteSite
389,11,14
timeStep,numberOfRobotsOnBlackSite,numberOfRobotsOnWhiteSite
390,11,14
timeStep,numberOfRobotsOnBlackSite,numberOfRobotsOnWhiteSite
391,11,14
timeStep,numberOfRobotsOnBlackSite,numberOfRobotsOnWhiteSite
392,11,14
timeStep,numberOfRobotsOnBlackSite,numberOfRobotsOnWhiteSite
393,11,14
timeStep,numberOfRobotsOnBlackSite,numberOfRobotsOnWhiteSite
394,11,14
timeStep,numberOfRobotsOnBlackSite,numberOfRobotsOnWhiteSite
395,11,14
timeStep,numberOfRobotsOnBlackSite,numberOfRobotsOnWhiteSite
396,11,14
timeStep,numberOfRobotsOnBlackSite,numberOfRobotsOnWhiteSite
397,11,14
timeStep,numberOfRobotsOnBlackSite,numberOfRobotsOnWhiteSite
398,11,14
timeStep,numberOfRobotsOnBlackSite,numberOfRobotsOnWhiteSite
399,11,14
timeStep,numberOfRobotsOnBlackSite,numberOfRobotsOnWhiteSite
400,11,14
timeStep,numberOfRobotsOnBlackSite,numberOfRobotsOnWhiteSite
401,11,14
timeStep,numberOfRobotsOnBlackSite,numberOfRobotsOnWhiteSite
402,11,14
timeStep,numberOfRobotsOnBlackSite,numberOfRobotsOnWhiteSite
403,11,14
timeStep,numberOfRobotsOnBlackSite,numberOfRobotsOnWhiteSite
404,11,14
timeStep,numberOfRobotsOnBlackSite,numberOfRobotsOnWhiteSite
405,11,14
timeStep,numberOfRobotsOnBlackSite,numberOfRobotsOnWhiteSite
406,11,14
timeStep,numberOfRobotsOnBlackSite,numberOfRobotsOnWhiteSite
407,11,14
timeStep,numberOfRobotsOnBlackSite,numberOfRobotsOnWhiteSite
408,11,14
timeStep,numberOfRobotsOnBlackSite,numberOfRobotsOnWhiteSite
409,11,14
timeStep,numberOfRobotsOnBlackSite,numberOfRobotsOnWhiteSite
410,12,14
timeStep,numberOfRobotsOnBlackSite,numberOfRobotsOnWhiteSite
411,12,14
timeStep,numberOfRobotsOnBlackSite,numberOfRobotsOnWhiteSite
412,12,14
timeStep,numberOfRobotsOnBlackSite,numberOfRobotsOnWhiteSite
413,12,14
timeStep,numberOfRobotsOnBlackSite,numberOfRobotsOnWhiteSite
414,12,14
timeStep,numberOfRobotsOnBlackSite,numberOfRobotsOnWhiteSite
415,12,14
timeStep,numberOfRobotsOnBlackSite,numberOfRobotsOnWhiteSite
416,12,14
timeStep,numberOfRobotsOnBlackSite,numberOfRobotsOnWhiteSite
417,12,14
timeStep,numberOfRobotsOnBlackSite,numberOfRobotsOnWhiteSite
418,12,14
timeStep,numberOfRobotsOnBlackSite,numberOfRobotsOnWhiteSite
419,12,14
timeStep,numberOfRobotsOnBlackSite,numberOfRobotsOnWhiteSite
420,11,15
timeStep,numberOfRobotsOnBlackSite,numberOfRobotsOnWhiteSite
421,11,15
timeStep,numberOfRobotsOnBlackSite,numberOfRobotsOnWhiteSite
422,11,15
timeStep,numberOfRobotsOnBlackSite,numberOfRobotsOnWhiteSite
423,11,15
timeStep,numberOfRobotsOnBlackSite,numberOfRobotsOnWhiteSite
424,11,15
timeStep,numberOfRobotsOnBlackSite,numberOfRobotsOnWhiteSite
425,11,15
timeStep,numberOfRobotsOnBlackSite,numberOfRobotsOnWhiteSite
426,11,15
timeStep,numberOfRobotsOnBlackSite,numberOfRobotsOnWhiteSite
427,11,15
timeStep,numberOfRobotsOnBlackSite,numberOfRobotsOnWhiteSite
428,11,15
timeStep,numberOfRobotsOnBlackSite,numberOfRobotsOnWhiteSite
429,11,15
timeStep,numberOfRobotsOnBlackSite,numberOfRobotsOnWhiteSite
430,11,15
timeStep,numberOfRobotsOnBlackSite,numberOfRobotsOnWhiteSite
431,11,15
timeStep,numberOfRobotsOnBlackSite,numberOfRobotsOnWhiteSite
432,11,15
timeStep,numberOfRobotsOnBlackSite,numberOfRobotsOnWhiteSite
433,11,15
timeStep,numberOfRobotsOnBlackSite,numberOfRobotsOnWhiteSite
434,11,15
timeStep,numberOfRobotsOnBlackSite,numberOfRobotsOnWhiteSite
435,11,15
timeStep,numberOfRobotsOnBlackSite,numberOfRobotsOnWhiteSite
436,11,15
timeStep,numberOfRobotsOnBlackSite,numberOfRobotsOnWhiteSite
437,11,15
timeStep,numberOfRobotsOnBlackSite,numberOfRobotsOnWhiteSite
438,11,15
timeStep,numberOfRobotsOnBlackSite,numberOfRobotsOnWhiteSite
439,11,15
timeStep,numberOfRobotsOnBlackSite,numberOfRobotsOnWhiteSite
440,11,15
timeStep,numberOfRobotsOnBlackSite,numberOfRobotsOnWhiteSite
441,11,15
timeStep,numberOfRobotsOnBlackSite,numberOfRobotsOnWhiteSite
442,11,15
timeStep,numberOfRobotsOnBlackSite,numberOfRobotsOnWhiteSite
443,11,15
timeStep,numberOfRobotsOnBlackSite,numberOfRobotsOnWhiteSite
444,11,15
timeStep,numberOfRobotsOnBlackSite,numberOfRobotsOnWhiteSite
445,12,15
timeStep,numberOfRobotsOnBlackSite,numberOfRobotsOnWhiteSite
446,12,15
timeStep,numberOfRobotsOnBlackSite,numberOfRobotsOnWhiteSite
447,12,15
timeStep,numberOfRobotsOnBlackSite,numberOfRobotsOnWhiteSite
448,12,15
timeStep,numberOfRobotsOnBlackSite,numberOfRobotsOnWhiteSite
449,12,15
timeStep,numberOfRobotsOnBlackSite,numberOfRobotsOnWhiteSite
450,12,15
timeStep,numberOfRobotsOnBlackSite,numberOfRobotsOnWhiteSite
451,12,15
timeStep,numberOfRobotsOnBlackSite,numberOfRobotsOnWhiteSite
452,12,15
timeStep,numberOfRobotsOnBlackSite,numberOfRobotsOnWhiteSite
453,12,15
timeStep,numberOfRobotsOnBlackSite,numberOfRobotsOnWhiteSite
454,12,15
timeStep,numberOfRobotsOnBlackSite,numberOfRobotsOnWhiteSite
455,12,15
timeStep,numberOfRobotsOnBlackSite,numberOfRobotsOnWhiteSite
456,12,15
timeStep,numberOfRobotsOnBlackSite,numberOfRobotsOnWhiteSite
457,12,15
timeStep,numberOfRobotsOnBlackSite,numberOfRobotsOnWhiteSite
458,12,15
timeStep,numberOfRobotsOnBlackSite,numberOfRobotsOnWhiteSite
459,12,15
timeStep,numberOfRobotsOnBlackSite,numberOfRobotsOnWhiteSite
460,12,15
timeStep,numberOfRobotsOnBlackSite,numberOfRobotsOnWhiteSite
461,12,15
timeStep,numberOfRobotsOnBlackSite,numberOfRobotsOnWhiteSite
462,12,15
timeStep,numberOfRobotsOnBlackSite,numberOfRobotsOnWhiteSite
463,12,15
timeStep,numberOfRobotsOnBlackSite,numberOfRobotsOnWhiteSite
464,12,15
timeStep,numberOfRobotsOnBlackSite,numberOfRobotsOnWhiteSite
465,12,14
timeStep,numberOfRobotsOnBlackSite,numberOfRobotsOnWhiteSite
466,12,14
timeStep,numberOfRobotsOnBlackSite,numberOfRobotsOnWhiteSite
467,12,14
timeStep,numberOfRobotsOnBlackSite,numberOfRobotsOnWhiteSite
468,12,14
timeStep,numberOfRobotsOnBlackSite,numberOfRobotsOnWhiteSite
469,12,14
timeStep,numberOfRobotsOnBlackSite,numberOfRobotsOnWhiteSite
470,12,14
timeStep,numberOfRobotsOnBlackSite,numberOfRobotsOnWhiteSite
471,12,14
timeStep,numberOfRobotsOnBlackSite,numberOfRobotsOnWhiteSite
472,12,14
timeStep,numberOfRobotsOnBlackSite,numberOfRobotsOnWhiteSite
473,12,14
timeStep,numberOfRobotsOnBlackSite,numberOfRobotsOnWhiteSite
474,12,14
timeStep,numberOfRobotsOnBlackSite,numberOfRobotsOnWhiteSite
475,12,14
timeStep,numberOfRobotsOnBlackSite,numberOfRobotsOnWhiteSite
476,12,14
timeStep,numberOfRobotsOnBlackSite,numberOfRobotsOnWhiteSite
477,12,14
timeStep,numberOfRobotsOnBlackSite,numberOfRobotsOnWhiteSite
478,12,14
timeStep,numberOfRobotsOnBlackSite,numberOfRobotsOnWhiteSite
479,12,14
timeStep,numberOfRobotsOnBlackSite,numberOfRobotsOnWhiteSite
480,12,13
timeStep,numberOfRobotsOnBlackSite,numberOfRobotsOnWhiteSite
481,12,13
timeStep,numberOfRobotsOnBlackSite,numberOfRobotsOnWhiteSite
482,12,13
timeStep,numberOfRobotsOnBlackSite,numberOfRobotsOnWhiteSite
483,12,13
timeStep,numberOfRobotsOnBlackSite,numberOfRobotsOnWhiteSite
484,12,13
timeStep,numberOfRobotsOnBlackSite,numberOfRobotsOnWhiteSite
485,12,13
timeStep,numberOfRobotsOnBlackSite,numberOfRobotsOnWhiteSite
486,12,13
timeStep,numberOfRobotsOnBlackSite,numberOfRobotsOnWhiteSite
487,12,13
timeStep,numberOfRobotsOnBlackSite,numberOfRobotsOnWhiteSite
488,12,13
timeStep,numberOfRobotsOnBlackSite,numberOfRobotsOnWhiteSite
489,12,13
timeStep,numberOfRobotsOnBlackSite,numberOfRobotsOnWhiteSite
490,12,13
timeStep,numberOfRobotsOnBlackSite,numberOfRobotsOnWhiteSite
491,12,13
timeStep,numberOfRobotsOnBlackSite,numberOfRobotsOnWhiteSite
492,12,13
timeStep,numberOfRobotsOnBlackSite,numberOfRobotsOnWhiteSite
493,12,13
timeStep,numberOfRobotsOnBlackSite,numberOfRobotsOnWhiteSite
494,12,13
timeStep,numberOfRobotsOnBlackSite,numberOfRobotsOnWhiteSite
495,12,13
timeStep,numberOfRobotsOnBlackSite,numberOfRobotsOnWhiteSite
496,12,13
timeStep,numberOfRobotsOnBlackSite,numberOfRobotsOnWhiteSite
497,12,13
timeStep,numberOfRobotsOnBlackSite,numberOfRobotsOnWhiteSite
498,12,13
timeStep,numberOfRobotsOnBlackSite,numberOfRobotsOnWhiteSite
499,12,13
timeStep,numberOfRobotsOnBlackSite,numberOfRobotsOnWhiteSite
500,13,13
timeStep,numberOfRobotsOnBlackSite,numberOfRobotsOnWhiteSite
501,13,13
timeStep,numberOfRobotsOnBlackSite,numberOfRobotsOnWhiteSite
502,13,13
timeStep,numberOfRobotsOnBlackSite,numberOfRobotsOnWhiteSite
503,13,13
timeStep,numberOfRobotsOnBlackSite,numberOfRobotsOnWhiteSite
504,13,13
timeStep,numberOfRobotsOnBlackSite,numberOfRobotsOnWhiteSite
505,14,13
timeStep,numberOfRobotsOnBlackSite,numberOfRobotsOnWhiteSite
506,14,13
timeStep,numberOfRobotsOnBlackSite,numberOfRobotsOnWhiteSite
507,14,13
timeStep,numberOfRobotsOnBlackSite,numberOfRobotsOnWhiteSite
508,14,13
timeStep,numberOfRobotsOnBlackSite,numberOfRobotsOnWhiteSite
509,14,13
timeStep,numberOfRobotsOnBlackSite,numberOfRobotsOnWhiteSite
510,14,13
timeStep,numberOfRobotsOnBlackSite,numberOfRobotsOnWhiteSite
511,14,13
timeStep,numberOfRobotsOnBlackSite,numberOfRobotsOnWhiteSite
512,14,13
timeStep,numberOfRobotsOnBlackSite,numberOfRobotsOnWhiteSite
513,14,13
timeStep,numberOfRobotsOnBlackSite,numberOfRobotsOnWhiteSite
514,14,13
timeStep,numberOfRobotsOnBlackSite,numberOfRobotsOnWhiteSite
515,14,13
timeStep,numberOfRobotsOnBlackSite,numberOfRobotsOnWhiteSite
516,14,13
timeStep,numberOfRobotsOnBlackSite,numberOfRobotsOnWhiteSite
517,14,13
timeStep,numberOfRobotsOnBlackSite,numberOfRobotsOnWhiteSite
518,14,13
timeStep,numberOfRobotsOnBlackSite,numberOfRobotsOnWhiteSite
519,14,13
timeStep,numberOfRobotsOnBlackSite,numberOfRobotsOnWhiteSite
520,14,13
timeStep,numberOfRobotsOnBlackSite,numberOfRobotsOnWhiteSite
521,14,13
timeStep,numberOfRobotsOnBlackSite,numberOfRobotsOnWhiteSite
522,14,13
timeStep,numberOfRobotsOnBlackSite,numberOfRobotsOnWhiteSite
523,14,13
timeStep,numberOfRobotsOnBlackSite,numberOfRobotsOnWhiteSite
524,14,13
timeStep,numberOfRobotsOnBlackSite,numberOfRobotsOnWhiteSite
525,14,13
timeStep,numberOfRobotsOnBlackSite,numberOfRobotsOnWhiteSite
526,14,13
timeStep,numberOfRobotsOnBlackSite,numberOfRobotsOnWhiteSite
527,14,13
timeStep,numberOfRobotsOnBlackSite,numberOfRobotsOnWhiteSite
528,14,13
timeStep,numberOfRobotsOnBlackSite,numberOfRobotsOnWhiteSite
529,14,13
timeStep,numberOfRobotsOnBlackSite,numberOfRobotsOnWhiteSite
530,14,13
timeStep,numberOfRobotsOnBlackSite,numberOfRobotsOnWhiteSite
531,14,13
timeStep,numberOfRobotsOnBlackSite,numberOfRobotsOnWhiteSite
532,14,13
timeStep,numberOfRobotsOnBlackSite,numberOfRobotsOnWhiteSite
533,14,13
timeStep,numberOfRobotsOnBlackSite,numberOfRobotsOnWhiteSite
534,14,13
timeStep,numberOfRobotsOnBlackSite,numberOfRobotsOnWhiteSite
535,14,13
timeStep,numberOfRobotsOnBlackSite,numberOfRobotsOnWhiteSite
536,14,13
timeStep,numberOfRobotsOnBlackSite,numberOfRobotsOnWhiteSite
537,14,13
timeStep,numberOfRobotsOnBlackSite,numberOfRobotsOnWhiteSite
538,14,13
timeStep,numberOfRobotsOnBlackSite,numberOfRobotsOnWhiteSite
539,14,13
timeStep,numberOfRobotsOnBlackSite,numberOfRobotsOnWhiteSite
540,14,13
timeStep,numberOfRobotsOnBlackSite,numberOfRobotsOnWhiteSite
541,14,13
timeStep,numberOfRobotsOnBlackSite,numberOfRobotsOnWhiteSite
542,14,13
timeStep,numberOfRobotsOnBlackSite,numberOfRobotsOnWhiteSite
543,14,13
timeStep,numberOfRobotsOnBlackSite,numberOfRobotsOnWhiteSite
544,14,13
timeStep,numberOfRobotsOnBlackSite,numberOfRobotsOnWhiteSite
545,13,13
timeStep,numberOfRobotsOnBlackSite,numberOfRobotsOnWhiteSite
546,13,13
timeStep,numberOfRobotsOnBlackSite,numberOfRobotsOnWhiteSite
547,13,13
timeStep,numberOfRobotsOnBlackSite,numberOfRobotsOnWhiteSite
548,13,13
timeStep,numberOfRobotsOnBlackSite,numberOfRobotsOnWhiteSite
549,13,13
timeStep,numberOfRobotsOnBlackSite,numberOfRobotsOnWhiteSite
550,14,13
timeStep,numberOfRobotsOnBlackSite,numberOfRobotsOnWhiteSite
551,14,13
timeStep,numberOfRobotsOnBlackSite,numberOfRobotsOnWhiteSite
552,14,13
timeStep,numberOfRobotsOnBlackSite,numberOfRobotsOnWhiteSite
553,14,13
timeStep,numberOfRobotsOnBlackSite,numberOfRobotsOnWhiteSite
554,14,13
timeStep,numberOfRobotsOnBlackSite,numberOfRobotsOnWhiteSite
555,14,13
timeStep,numberOfRobotsOnBlackSite,numberOfRobotsOnWhiteSite
556,14,13
timeStep,numberOfRobotsOnBlackSite,numberOfRobotsOnWhiteSite
557,14,13
timeStep,numberOfRobotsOnBlackSite,numberOfRobotsOnWhiteSite
558,14,13
timeStep,numberOfRobotsOnBlackSite,numberOfRobotsOnWhiteSite
559,14,13
timeStep,numberOfRobotsOnBlackSite,numberOfRobotsOnWhiteSite
560,14,13
timeStep,numberOfRobotsOnBlackSite,numberOfRobotsOnWhiteSite
561,14,13
timeStep,numberOfRobotsOnBlackSite,numberOfRobotsOnWhiteSite
562,14,13
timeStep,numberOfRobotsOnBlackSite,numberOfRobotsOnWhiteSite
563,14,13
timeStep,numberOfRobotsOnBlackSite,numberOfRobotsOnWhiteSite
564,14,13
timeStep,numberOfRobotsOnBlackSite,numberOfRobotsOnWhiteSite
565,14,14
timeStep,numberOfRobotsOnBlackSite,numberOfRobotsOnWhiteSite
566,14,14
timeStep,numberOfRobotsOnBlackSite,numberOfRobotsOnWhiteSite
567,14,14
timeStep,numberOfRobotsOnBlackSite,numberOfRobotsOnWhiteSite
568,14,14
timeStep,numberOfRobotsOnBlackSite,numberOfRobotsOnWhiteSite
569,14,14
timeStep,numberOfRobotsOnBlackSite,numberOfRobotsOnWhiteSite
570,14,14
timeStep,numberOfRobotsOnBlackSite,numberOfRobotsOnWhiteSite
571,14,14
timeStep,numberOfRobotsOnBlackSite,numberOfRobotsOnWhiteSite
572,14,14
timeStep,numberOfRobotsOnBlackSite,numberOfRobotsOnWhiteSite
573,14,14
timeStep,numberOfRobotsOnBlackSite,numberOfRobotsOnWhiteSite
574,14,14
timeStep,numberOfRobotsOnBlackSite,numberOfRobotsOnWhiteSite
575,14,14
timeStep,numberOfRobotsOnBlackSite,numberOfRobotsOnWhiteSite
576,14,14
timeStep,numberOfRobotsOnBlackSite,numberOfRobotsOnWhiteSite
577,14,14
timeStep,numberOfRobotsOnBlackSite,numberOfRobotsOnWhiteSite
578,14,14
timeStep,numberOfRobotsOnBlackSite,numberOfRobotsOnWhiteSite
579,14,14
timeStep,numberOfRobotsOnBlackSite,numberOfRobotsOnWhiteSite
580,14,14
timeStep,numberOfRobotsOnBlackSite,numberOfRobotsOnWhiteSite
581,14,14
timeStep,numberOfRobotsOnBlackSite,numberOfRobotsOnWhiteSite
582,14,14
timeStep,numberOfRobotsOnBlackSite,numberOfRobotsOnWhiteSite
583,14,14
timeStep,numberOfRobotsOnBlackSite,numberOfRobotsOnWhiteSite
584,14,14
timeStep,numberOfRobotsOnBlackSite,numberOfRobotsOnWhiteSite
585,14,14
timeStep,numberOfRobotsOnBlackSite,numberOfRobotsOnWhiteSite
586,14,14
timeStep,numberOfRobotsOnBlackSite,numberOfRobotsOnWhiteSite
587,14,14
timeStep,numberOfRobotsOnBlackSite,numberOfRobotsOnWhiteSite
588,14,14
timeStep,numberOfRobotsOnBlackSite,numberOfRobotsOnWhiteSite
589,14,14
timeStep,numberOfRobotsOnBlackSite,numberOfRobotsOnWhiteSite
590,14,14
timeStep,numberOfRobotsOnBlackSite,numberOfRobotsOnWhiteSite
591,14,14
timeStep,numberOfRobotsOnBlackSite,numberOfRobotsOnWhiteSite
592,14,14
timeStep,numberOfRobotsOnBlackSite,numberOfRobotsOnWhiteSite
593,14,14
timeStep,numberOfRobotsOnBlackSite,numberOfRobotsOnWhiteSite
594,14,14
timeStep,numberOfRobotsOnBlackSite,numberOfRobotsOnWhiteSite
595,14,14
timeStep,numberOfRobotsOnBlackSite,numberOfRobotsOnWhiteSite
596,14,14
timeStep,numberOfRobotsOnBlackSite,numberOfRobotsOnWhiteSite
597,14,14
timeStep,numberOfRobotsOnBlackSite,numberOfRobotsOnWhiteSite
598,14,14
timeStep,numberOfRobotsOnBlackSite,numberOfRobotsOnWhiteSite
599,14,14
timeStep,numberOfRobotsOnBlackSite,numberOfRobotsOnWhiteSite
600,14,14
timeStep,numberOfRobotsOnBlackSite,numberOfRobotsOnWhiteSite
601,14,14
timeStep,numberOfRobotsOnBlackSite,numberOfRobotsOnWhiteSite
602,14,14
timeStep,numberOfRobotsOnBlackSite,numberOfRobotsOnWhiteSite
603,14,14
timeStep,numberOfRobotsOnBlackSite,numberOfRobotsOnWhiteSite
604,14,14
timeStep,numberOfRobotsOnBlackSite,numberOfRobotsOnWhiteSite
605,14,14
timeStep,numberOfRobotsOnBlackSite,numberOfRobotsOnWhiteSite
606,14,14
timeStep,numberOfRobotsOnBlackSite,numberOfRobotsOnWhiteSite
607,14,14
timeStep,numberOfRobotsOnBlackSite,numberOfRobotsOnWhiteSite
608,14,14
timeStep,numberOfRobotsOnBlackSite,numberOfRobotsOnWhiteSite
609,14,14
timeStep,numberOfRobotsOnBlackSite,numberOfRobotsOnWhiteSite
610,14,14
timeStep,numberOfRobotsOnBlackSite,numberOfRobotsOnWhiteSite
611,14,14
timeStep,numberOfRobotsOnBlackSite,numberOfRobotsOnWhiteSite
612,14,14
timeStep,numberOfRobotsOnBlackSite,numberOfRobotsOnWhiteSite
613,14,14
timeStep,numberOfRobotsOnBlackSite,numberOfRobotsOnWhiteSite
614,14,14
timeStep,numberOfRobotsOnBlackSite,numberOfRobotsOnWhiteSite
615,14,14
timeStep,numberOfRobotsOnBlackSite,numberOfRobotsOnWhiteSite
616,14,14
timeStep,numberOfRobotsOnBlackSite,numberOfRobotsOnWhiteSite
617,14,14
timeStep,numberOfRobotsOnBlackSite,numberOfRobotsOnWhiteSite
618,14,14
timeStep,numberOfRobotsOnBlackSite,numberOfRobotsOnWhiteSite
619,14,14
timeStep,numberOfRobotsOnBlackSite,numberOfRobotsOnWhiteSite
620,14,15
timeStep,numberOfRobotsOnBlackSite,numberOfRobotsOnWhiteSite
621,14,15
timeStep,numberOfRobotsOnBlackSite,numberOfRobotsOnWhiteSite
622,14,15
timeStep,numberOfRobotsOnBlackSite,numberOfRobotsOnWhiteSite
623,14,15
timeStep,numberOfRobotsOnBlackSite,numberOfRobotsOnWhiteSite
624,14,15
timeStep,numberOfRobotsOnBlackSite,numberOfRobotsOnWhiteSite
625,14,15
timeStep,numberOfRobotsOnBlackSite,numberOfRobotsOnWhiteSite
626,14,15
timeStep,numberOfRobotsOnBlackSite,numberOfRobotsOnWhiteSite
627,14,15
timeStep,numberOfRobotsOnBlackSite,numberOfRobotsOnWhiteSite
628,14,15
timeStep,numberOfRobotsOnBlackSite,numberOfRobotsOnWhiteSite
629,14,15
timeStep,numberOfRobotsOnBlackSite,numberOfRobotsOnWhiteSite
630,14,15
timeStep,numberOfRobotsOnBlackSite,numberOfRobotsOnWhiteSite
631,14,15
timeStep,numberOfRobotsOnBlackSite,numberOfRobotsOnWhiteSite
632,14,15
timeStep,numberOfRobotsOnBlackSite,numberOfRobotsOnWhiteSite
633,14,15
timeStep,numberOfRobotsOnBlackSite,numberOfRobotsOnWhiteSite
634,14,15
timeStep,numberOfRobotsOnBlackSite,numberOfRobotsOnWhiteSite
635,14,15
timeStep,numberOfRobotsOnBlackSite,numberOfRobotsOnWhiteSite
636,14,15
timeStep,numberOfRobotsOnBlackSite,numberOfRobotsOnWhiteSite
637,14,15
timeStep,numberOfRobotsOnBlackSite,numberOfRobotsOnWhiteSite
638,14,15
timeStep,numberOfRobotsOnBlackSite,numberOfRobotsOnWhiteSite
639,14,15
timeStep,numberOfRobotsOnBlackSite,numberOfRobotsOnWhiteSite
640,14,15
timeStep,numberOfRobotsOnBlackSite,numberOfRobotsOnWhiteSite
641,14,15
timeStep,numberOfRobotsOnBlackSite,numberOfRobotsOnWhiteSite
642,14,15
timeStep,numberOfRobotsOnBlackSite,numberOfRobotsOnWhiteSite
643,14,15
timeStep,numberOfRobotsOnBlackSite,numberOfRobotsOnWhiteSite
644,14,15
timeStep,numberOfRobotsOnBlackSite,numberOfRobotsOnWhiteSite
645,14,16
timeStep,numberOfRobotsOnBlackSite,numberOfRobotsOnWhiteSite
646,14,16
timeStep,numberOfRobotsOnBlackSite,numberOfRobotsOnWhiteSite
647,14,16
timeStep,numberOfRobotsOnBlackSite,numberOfRobotsOnWhiteSite
648,14,16
timeStep,numberOfRobotsOnBlackSite,numberOfRobotsOnWhiteSite
649,14,16
timeStep,numberOfRobotsOnBlackSite,numberOfRobotsOnWhiteSite
650,14,16
timeStep,numberOfRobotsOnBlackSite,numberOfRobotsOnWhiteSite
651,14,16
timeStep,numberOfRobotsOnBlackSite,numberOfRobotsOnWhiteSite
652,14,16
timeStep,numberOfRobotsOnBlackSite,numberOfRobotsOnWhiteSite
653,14,16
timeStep,numberOfRobotsOnBlackSite,numberOfRobotsOnWhiteSite
654,14,16
timeStep,numberOfRobotsOnBlackSite,numberOfRobotsOnWhiteSite
655,14,16
timeStep,numberOfRobotsOnBlackSite,numberOfRobotsOnWhiteSite
656,14,16
timeStep,numberOfRobotsOnBlackSite,numberOfRobotsOnWhiteSite
657,14,16
timeStep,numberOfRobotsOnBlackSite,numberOfRobotsOnWhiteSite
658,14,16
timeStep,numberOfRobotsOnBlackSite,numberOfRobotsOnWhiteSite
659,14,16
timeStep,numberOfRobotsOnBlackSite,numberOfRobotsOnWhiteSite
660,14,16
timeStep,numberOfRobotsOnBlackSite,numberOfRobotsOnWhiteSite
661,14,16
timeStep,numberOfRobotsOnBlackSite,numberOfRobotsOnWhiteSite
662,14,16
timeStep,numberOfRobotsOnBlackSite,numberOfRobotsOnWhiteSite
663,14,16
timeStep,numberOfRobotsOnBlackSite,numberOfRobotsOnWhiteSite
664,14,16
timeStep,numberOfRobotsOnBlackSite,numberOfRobotsOnWhiteSite
665,14,17
timeStep,numberOfRobotsOnBlackSite,numberOfRobotsOnWhiteSite
666,14,17
timeStep,numberOfRobotsOnBlackSite,numberOfRobotsOnWhiteSite
667,14,17
timeStep,numberOfRobotsOnBlackSite,numberOfRobotsOnWhiteSite
668,14,17
timeStep,numberOfRobotsOnBlackSite,numberOfRobotsOnWhiteSite
669,14,17
timeStep,numberOfRobotsOnBlackSite,numberOfRobotsOnWhiteSite
670,14,17
timeStep,numberOfRobotsOnBlackSite,numberOfRobotsOnWhiteSite
671,14,17
timeStep,numberOfRobotsOnBlackSite,numberOfRobotsOnWhiteSite
672,14,17
timeStep,numberOfRobotsOnBlackSite,numberOfRobotsOnWhiteSite
673,14,17
timeStep,numberOfRobotsOnBlackSite,numberOfRobotsOnWhiteSite
674,14,17
timeStep,numberOfRobotsOnBlackSite,numberOfRobotsOnWhiteSite
675,14,17
timeStep,numberOfRobotsOnBlackSite,numberOfRobotsOnWhiteSite
676,14,17
timeStep,numberOfRobotsOnBlackSite,numberOfRobotsOnWhiteSite
677,14,17
timeStep,numberOfRobotsOnBlackSite,numberOfRobotsOnWhiteSite
678,14,17
timeStep,numberOfRobotsOnBlackSite,numberOfRobotsOnWhiteSite
679,14,17
timeStep,numberOfRobotsOnBlackSite,numberOfRobotsOnWhiteSite
680,14,17
timeStep,numberOfRobotsOnBlackSite,numberOfRobotsOnWhiteSite
681,14,17
timeStep,numberOfRobotsOnBlackSite,numberOfRobotsOnWhiteSite
682,14,17
timeStep,numberOfRobotsOnBlackSite,numberOfRobotsOnWhiteSite
683,14,17
timeStep,numberOfRobotsOnBlackSite,numberOfRobotsOnWhiteSite
684,14,17
timeStep,numberOfRobotsOnBlackSite,numberOfRobotsOnWhiteSite
685,14,17
timeStep,numberOfRobotsOnBlackSite,numberOfRobotsOnWhiteSite
686,14,17
timeStep,numberOfRobotsOnBlackSite,numberOfRobotsOnWhiteSite
687,14,17
timeStep,numberOfRobotsOnBlackSite,numberOfRobotsOnWhiteSite
688,14,17
timeStep,numberOfRobotsOnBlackSite,numberOfRobotsOnWhiteSite
689,14,17
timeStep,numberOfRobotsOnBlackSite,numberOfRobotsOnWhiteSite
690,14,17
timeStep,numberOfRobotsOnBlackSite,numberOfRobotsOnWhiteSite
691,14,17
timeStep,numberOfRobotsOnBlackSite,numberOfRobotsOnWhiteSite
692,14,17
timeStep,numberOfRobotsOnBlackSite,numberOfRobotsOnWhiteSite
693,14,17
timeStep,numberOfRobotsOnBlackSite,numberOfRobotsOnWhiteSite
694,14,17
timeStep,numberOfRobotsOnBlackSite,numberOfRobotsOnWhiteSite
695,14,17
timeStep,numberOfRobotsOnBlackSite,numberOfRobotsOnWhiteSite
696,14,17
timeStep,numberOfRobotsOnBlackSite,numberOfRobotsOnWhiteSite
697,14,17
timeStep,numberOfRobotsOnBlackSite,numberOfRobotsOnWhiteSite
698,14,17
timeStep,numberOfRobotsOnBlackSite,numberOfRobotsOnWhiteSite
699,14,17
timeStep,numberOfRobotsOnBlackSite,numberOfRobotsOnWhiteSite
700,14,17
timeStep,numberOfRobotsOnBlackSite,numberOfRobotsOnWhiteSite
701,14,17
timeStep,numberOfRobotsOnBlackSite,numberOfRobotsOnWhiteSite
702,14,17
timeStep,numberOfRobotsOnBlackSite,numberOfRobotsOnWhiteSite
703,14,17
timeStep,numberOfRobotsOnBlackSite,numberOfRobotsOnWhiteSite
704,14,17
timeStep,numberOfRobotsOnBlackSite,numberOfRobotsOnWhiteSite
705,14,17
timeStep,numberOfRobotsOnBlackSite,numberOfRobotsOnWhiteSite
706,14,17
timeStep,numberOfRobotsOnBlackSite,numberOfRobotsOnWhiteSite
707,14,17
timeStep,numberOfRobotsOnBlackSite,numberOfRobotsOnWhiteSite
708,14,17
timeStep,numberOfRobotsOnBlackSite,numberOfRobotsOnWhiteSite
709,14,17
timeStep,numberOfRobotsOnBlackSite,numberOfRobotsOnWhiteSite
710,14,17
timeStep,numberOfRobotsOnBlackSite,numberOfRobotsOnWhiteSite
711,14,17
timeStep,numberOfRobotsOnBlackSite,numberOfRobotsOnWhiteSite
712,14,17
timeStep,numberOfRobotsOnBlackSite,numberOfRobotsOnWhiteSite
713,14,17
timeStep,numberOfRobotsOnBlackSite,numberOfRobotsOnWhiteSite
714,14,17
timeStep,numberOfRobotsOnBlackSite,numberOfRobotsOnWhiteSite
715,14,17
timeStep,numberOfRobotsOnBlackSite,numberOfRobotsOnWhiteSite
716,14,17
timeStep,numberOfRobotsOnBlackSite,numberOfRobotsOnWhiteSite
717,14,17
timeStep,numberOfRobotsOnBlackSite,numberOfRobotsOnWhiteSite
718,14,17
timeStep,numberOfRobotsOnBlackSite,numberOfRobotsOnWhiteSite
719,14,17
timeStep,numberOfRobotsOnBlackSite,numberOfRobotsOnWhiteSite
720,14,17
timeStep,numberOfRobotsOnBlackSite,numberOfRobotsOnWhiteSite
721,14,17
timeStep,numberOfRobotsOnBlackSite,numberOfRobotsOnWhiteSite
722,14,17
timeStep,numberOfRobotsOnBlackSite,numberOfRobotsOnWhiteSite
723,14,17
timeStep,numberOfRobotsOnBlackSite,numberOfRobotsOnWhiteSite
724,14,17
timeStep,numberOfRobotsOnBlackSite,numberOfRobotsOnWhiteSite
725,14,17
timeStep,numberOfRobotsOnBlackSite,numberOfRobotsOnWhiteSite
726,14,17
timeStep,numberOfRobotsOnBlackSite,numberOfRobotsOnWhiteSite
727,14,17
timeStep,numberOfRobotsOnBlackSite,numberOfRobotsOnWhiteSite
728,14,17
timeStep,numberOfRobotsOnBlackSite,numberOfRobotsOnWhiteSite
729,14,17
timeStep,numberOfRobotsOnBlackSite,numberOfRobotsOnWhiteSite
730,13,17
timeStep,numberOfRobotsOnBlackSite,numberOfRobotsOnWhiteSite
731,13,17
timeStep,numberOfRobotsOnBlackSite,numberOfRobotsOnWhiteSite
732,13,17
timeStep,numberOfRobotsOnBlackSite,numberOfRobotsOnWhiteSite
733,13,17
timeStep,numberOfRobotsOnBlackSite,numberOfRobotsOnWhiteSite
734,13,17
timeStep,numberOfRobotsOnBlackSite,numberOfRobotsOnWhiteSite
735,13,17
timeStep,numberOfRobotsOnBlackSite,numberOfRobotsOnWhiteSite
736,13,17
timeStep,numberOfRobotsOnBlackSite,numberOfRobotsOnWhiteSite
737,13,17
timeStep,numberOfRobotsOnBlackSite,numberOfRobotsOnWhiteSite
738,13,17
timeStep,numberOfRobotsOnBlackSite,numberOfRobotsOnWhiteSite
739,13,17
timeStep,numberOfRobotsOnBlackSite,numberOfRobotsOnWhiteSite
740,13,17
timeStep,numberOfRobotsOnBlackSite,numberOfRobotsOnWhiteSite
741,13,17
timeStep,numberOfRobotsOnBlackSite,numberOfRobotsOnWhiteSite
742,13,17
timeStep,numberOfRobotsOnBlackSite,numberOfRobotsOnWhiteSite
743,13,17
timeStep,numberOfRobotsOnBlackSite,numberOfRobotsOnWhiteSite
744,13,17
timeStep,numberOfRobotsOnBlackSite,numberOfRobotsOnWhiteSite
745,13,17
timeStep,numberOfRobotsOnBlackSite,numberOfRobotsOnWhiteSite
746,13,17
timeStep,numberOfRobotsOnBlackSite,numberOfRobotsOnWhiteSite
747,13,17
timeStep,numberOfRobotsOnBlackSite,numberOfRobotsOnWhiteSite
748,13,17
timeStep,numberOfRobotsOnBlackSite,numberOfRobotsOnWhiteSite
749,13,17
timeStep,numberOfRobotsOnBlackSite,numberOfRobotsOnWhiteSite
750,13,16
timeStep,numberOfRobotsOnBlackSite,numberOfRobotsOnWhiteSite
751,13,16
timeStep,numberOfRobotsOnBlackSite,numberOfRobotsOnWhiteSite
752,13,16
timeStep,numberOfRobotsOnBlackSite,numberOfRobotsOnWhiteSite
753,13,16
timeStep,numberOfRobotsOnBlackSite,numberOfRobotsOnWhiteSite
754,13,16
timeStep,numberOfRobotsOnBlackSite,numberOfRobotsOnWhiteSite
755,13,16
timeStep,numberOfRobotsOnBlackSite,numberOfRobotsOnWhiteSite
756,13,16
timeStep,numberOfRobotsOnBlackSite,numberOfRobotsOnWhiteSite
757,13,16
timeStep,numberOfRobotsOnBlackSite,numberOfRobotsOnWhiteSite
758,13,16
timeStep,numberOfRobotsOnBlackSite,numberOfRobotsOnWhiteSite
759,13,16
timeStep,numberOfRobotsOnBlackSite,numberOfRobotsOnWhiteSite
760,13,16
timeStep,numberOfRobotsOnBlackSite,numberOfRobotsOnWhiteSite
761,13,16
timeStep,numberOfRobotsOnBlackSite,numberOfRobotsOnWhiteSite
762,13,16
timeStep,numberOfRobotsOnBlackSite,numberOfRobotsOnWhiteSite
763,13,16
timeStep,numberOfRobotsOnBlackSite,numberOfRobotsOnWhiteSite
764,13,16
timeStep,numberOfRobotsOnBlackSite,numberOfRobotsOnWhiteSite
765,13,16
timeStep,numberOfRobotsOnBlackSite,numberOfRobotsOnWhiteSite
766,13,16
timeStep,numberOfRobotsOnBlackSite,numberOfRobotsOnWhiteSite
767,13,16
timeStep,numberOfRobotsOnBlackSite,numberOfRobotsOnWhiteSite
768,13,16
timeStep,numberOfRobotsOnBlackSite,numberOfRobotsOnWhiteSite
769,13,16
timeStep,numberOfRobotsOnBlackSite,numberOfRobotsOnWhiteSite
770,13,16
timeStep,numberOfRobotsOnBlackSite,numberOfRobotsOnWhiteSite
771,13,16
timeStep,numberOfRobotsOnBlackSite,numberOfRobotsOnWhiteSite
772,13,16
timeStep,numberOfRobotsOnBlackSite,numberOfRobotsOnWhiteSite
773,13,16
timeStep,numberOfRobotsOnBlackSite,numberOfRobotsOnWhiteSite
774,13,16
timeStep,numberOfRobotsOnBlackSite,numberOfRobotsOnWhiteSite
775,14,16
timeStep,numberOfRobotsOnBlackSite,numberOfRobotsOnWhiteSite
776,14,16
timeStep,numberOfRobotsOnBlackSite,numberOfRobotsOnWhiteSite
777,14,16
timeStep,numberOfRobotsOnBlackSite,numberOfRobotsOnWhiteSite
778,14,16
timeStep,numberOfRobotsOnBlackSite,numberOfRobotsOnWhiteSite
779,14,16
timeStep,numberOfRobotsOnBlackSite,numberOfRobotsOnWhiteSite
780,14,16
timeStep,numberOfRobotsOnBlackSite,numberOfRobotsOnWhiteSite
781,14,16
timeStep,numberOfRobotsOnBlackSite,numberOfRobotsOnWhiteSite
782,14,16
timeStep,numberOfRobotsOnBlackSite,numberOfRobotsOnWhiteSite
783,14,16
timeStep,numberOfRobotsOnBlackSite,numberOfRobotsOnWhiteSite
784,14,16
timeStep,numberOfRobotsOnBlackSite,numberOfRobotsOnWhiteSite
785,14,16
timeStep,numberOfRobotsOnBlackSite,numberOfRobotsOnWhiteSite
786,14,16
timeStep,numberOfRobotsOnBlackSite,numberOfRobotsOnWhiteSite
787,14,16
timeStep,numberOfRobotsOnBlackSite,numberOfRobotsOnWhiteSite
788,14,16
timeStep,numberOfRobotsOnBlackSite,numberOfRobotsOnWhiteSite
789,14,16
timeStep,numberOfRobotsOnBlackSite,numberOfRobotsOnWhiteSite
790,14,16
timeStep,numberOfRobotsOnBlackSite,numberOfRobotsOnWhiteSite
791,14,16
timeStep,numberOfRobotsOnBlackSite,numberOfRobotsOnWhiteSite
792,14,16
timeStep,numberOfRobotsOnBlackSite,numberOfRobotsOnWhiteSite
793,14,16
timeStep,numberOfRobotsOnBlackSite,numberOfRobotsOnWhiteSite
794,14,16
timeStep,numberOfRobotsOnBlackSite,numberOfRobotsOnWhiteSite
795,14,16
timeStep,numberOfRobotsOnBlackSite,numberOfRobotsOnWhiteSite
796,14,16
timeStep,numberOfRobotsOnBlackSite,numberOfRobotsOnWhiteSite
797,14,16
timeStep,numberOfRobotsOnBlackSite,numberOfRobotsOnWhiteSite
798,14,16
timeStep,numberOfRobotsOnBlackSite,numberOfRobotsOnWhiteSite
799,14,16
timeStep,numberOfRobotsOnBlackSite,numberOfRobotsOnWhiteSite
800,14,16
timeStep,numberOfRobotsOnBlackSite,numberOfRobotsOnWhiteSite
801,14,16
timeStep,numberOfRobotsOnBlackSite,numberOfRobotsOnWhiteSite
802,14,16
timeStep,numberOfRobotsOnBlackSite,numberOfRobotsOnWhiteSite
803,14,16
timeStep,numberOfRobotsOnBlackSite,numberOfRobotsOnWhiteSite
804,14,16
timeStep,numberOfRobotsOnBlackSite,numberOfRobotsOnWhiteSite
805,14,16
timeStep,numberOfRobotsOnBlackSite,numberOfRobotsOnWhiteSite
806,14,16
timeStep,numberOfRobotsOnBlackSite,numberOfRobotsOnWhiteSite
807,14,16
timeStep,numberOfRobotsOnBlackSite,numberOfRobotsOnWhiteSite
808,14,16
timeStep,numberOfRobotsOnBlackSite,numberOfRobotsOnWhiteSite
809,14,16
timeStep,numberOfRobotsOnBlackSite,numberOfRobotsOnWhiteSite
810,14,16
timeStep,numberOfRobotsOnBlackSite,numberOfRobotsOnWhiteSite
811,14,16
timeStep,numberOfRobotsOnBlackSite,numberOfRobotsOnWhiteSite
812,14,16
timeStep,numberOfRobotsOnBlackSite,numberOfRobotsOnWhiteSite
813,14,16
timeStep,numberOfRobotsOnBlackSite,numberOfRobotsOnWhiteSite
814,14,16
timeStep,numberOfRobotsOnBlackSite,numberOfRobotsOnWhiteSite
815,14,16
timeStep,numberOfRobotsOnBlackSite,numberOfRobotsOnWhiteSite
816,14,16
timeStep,numberOfRobotsOnBlackSite,numberOfRobotsOnWhiteSite
817,14,16
timeStep,numberOfRobotsOnBlackSite,numberOfRobotsOnWhiteSite
818,14,16
timeStep,numberOfRobotsOnBlackSite,numberOfRobotsOnWhiteSite
819,14,16
timeStep,numberOfRobotsOnBlackSite,numberOfRobotsOnWhiteSite
820,14,16
timeStep,numberOfRobotsOnBlackSite,numberOfRobotsOnWhiteSite
821,14,16
timeStep,numberOfRobotsOnBlackSite,numberOfRobotsOnWhiteSite
822,14,16
timeStep,numberOfRobotsOnBlackSite,numberOfRobotsOnWhiteSite
823,14,16
timeStep,numberOfRobotsOnBlackSite,numberOfRobotsOnWhiteSite
824,14,16
timeStep,numberOfRobotsOnBlackSite,numberOfRobotsOnWhiteSite
825,14,16
timeStep,numberOfRobotsOnBlackSite,numberOfRobotsOnWhiteSite
826,14,16
timeStep,numberOfRobotsOnBlackSite,numberOfRobotsOnWhiteSite
827,14,16
timeStep,numberOfRobotsOnBlackSite,numberOfRobotsOnWhiteSite
828,14,16
timeStep,numberOfRobotsOnBlackSite,numberOfRobotsOnWhiteSite
829,14,16
timeStep,numberOfRobotsOnBlackSite,numberOfRobotsOnWhiteSite
830,14,16
timeStep,numberOfRobotsOnBlackSite,numberOfRobotsOnWhiteSite
831,14,16
timeStep,numberOfRobotsOnBlackSite,numberOfRobotsOnWhiteSite
832,14,16
timeStep,numberOfRobotsOnBlackSite,numberOfRobotsOnWhiteSite
833,14,16
timeStep,numberOfRobotsOnBlackSite,numberOfRobotsOnWhiteSite
834,14,16
timeStep,numberOfRobotsOnBlackSite,numberOfRobotsOnWhiteSite
835,14,16
timeStep,numberOfRobotsOnBlackSite,numberOfRobotsOnWhiteSite
836,14,16
timeStep,numberOfRobotsOnBlackSite,numberOfRobotsOnWhiteSite
837,14,16
timeStep,numberOfRobotsOnBlackSite,numberOfRobotsOnWhiteSite
838,14,16
timeStep,numberOfRobotsOnBlackSite,numberOfRobotsOnWhiteSite
839,14,16
timeStep,numberOfRobotsOnBlackSite,numberOfRobotsOnWhiteSite
840,15,16
timeStep,numberOfRobotsOnBlackSite,numberOfRobotsOnWhiteSite
841,15,16
timeStep,numberOfRobotsOnBlackSite,numberOfRobotsOnWhiteSite
842,15,16
timeStep,numberOfRobotsOnBlackSite,numberOfRobotsOnWhiteSite
843,15,16
timeStep,numberOfRobotsOnBlackSite,numberOfRobotsOnWhiteSite
844,15,16
timeStep,numberOfRobotsOnBlackSite,numberOfRobotsOnWhiteSite
845,15,16
timeStep,numberOfRobotsOnBlackSite,numberOfRobotsOnWhiteSite
846,15,16
timeStep,numberOfRobotsOnBlackSite,numberOfRobotsOnWhiteSite
847,15,16
timeStep,numberOfRobotsOnBlackSite,numberOfRobotsOnWhiteSite
848,15,16
timeStep,numberOfRobotsOnBlackSite,numberOfRobotsOnWhiteSite
849,15,16
timeStep,numberOfRobotsOnBlackSite,numberOfRobotsOnWhiteSite
850,15,16
timeStep,numberOfRobotsOnBlackSite,numberOfRobotsOnWhiteSite
851,15,16
timeStep,numberOfRobotsOnBlackSite,numberOfRobotsOnWhiteSite
852,15,16
timeStep,numberOfRobotsOnBlackSite,numberOfRobotsOnWhiteSite
853,15,16
timeStep,numberOfRobotsOnBlackSite,numberOfRobotsOnWhiteSite
854,15,16
timeStep,numberOfRobotsOnBlackSite,numberOfRobotsOnWhiteSite
855,15,16
timeStep,numberOfRobotsOnBlackSite,numberOfRobotsOnWhiteSite
856,15,16
timeStep,numberOfRobotsOnBlackSite,numberOfRobotsOnWhiteSite
857,15,16
timeStep,numberOfRobotsOnBlackSite,numberOfRobotsOnWhiteSite
858,15,16
timeStep,numberOfRobotsOnBlackSite,numberOfRobotsOnWhiteSite
859,15,16
timeStep,numberOfRobotsOnBlackSite,numberOfRobotsOnWhiteSite
860,14,16
timeStep,numberOfRobotsOnBlackSite,numberOfRobotsOnWhiteSite
861,14,16
timeStep,numberOfRobotsOnBlackSite,numberOfRobotsOnWhiteSite
862,14,16
timeStep,numberOfRobotsOnBlackSite,numberOfRobotsOnWhiteSite
863,14,16
timeStep,numberOfRobotsOnBlackSite,numberOfRobotsOnWhiteSite
864,14,16
timeStep,numberOfRobotsOnBlackSite,numberOfRobotsOnWhiteSite
865,15,16
timeStep,numberOfRobotsOnBlackSite,numberOfRobotsOnWhiteSite
866,15,16
timeStep,numberOfRobotsOnBlackSite,numberOfRobotsOnWhiteSite
867,15,16
timeStep,numberOfRobotsOnBlackSite,numberOfRobotsOnWhiteSite
868,15,16
timeStep,numberOfRobotsOnBlackSite,numberOfRobotsOnWhiteSite
869,15,16
timeStep,numberOfRobotsOnBlackSite,numberOfRobotsOnWhiteSite
870,15,16
timeStep,numberOfRobotsOnBlackSite,numberOfRobotsOnWhiteSite
871,15,16
timeStep,numberOfRobotsOnBlackSite,numberOfRobotsOnWhiteSite
872,15,16
timeStep,numberOfRobotsOnBlackSite,numberOfRobotsOnWhiteSite
873,15,16
timeStep,numberOfRobotsOnBlackSite,numberOfRobotsOnWhiteSite
874,15,16
timeStep,numberOfRobotsOnBlackSite,numberOfRobotsOnWhiteSite
875,15,16
timeStep,numberOfRobotsOnBlackSite,numberOfRobotsOnWhiteSite
876,15,16
timeStep,numberOfRobotsOnBlackSite,numberOfRobotsOnWhiteSite
877,15,16
timeStep,numberOfRobotsOnBlackSite,numberOfRobotsOnWhiteSite
878,15,16
timeStep,numberOfRobotsOnBlackSite,numberOfRobotsOnWhiteSite
879,15,16
timeStep,numberOfRobotsOnBlackSite,numberOfRobotsOnWhiteSite
880,15,16
timeStep,numberOfRobotsOnBlackSite,numberOfRobotsOnWhiteSite
881,15,16
timeStep,numberOfRobotsOnBlackSite,numberOfRobotsOnWhiteSite
882,15,16
timeStep,numberOfRobotsOnBlackSite,numberOfRobotsOnWhiteSite
883,15,16
timeStep,numberOfRobotsOnBlackSite,numberOfRobotsOnWhiteSite
884,15,16
timeStep,numberOfRobotsOnBlackSite,numberOfRobotsOnWhiteSite
885,15,16
timeStep,numberOfRobotsOnBlackSite,numberOfRobotsOnWhiteSite
886,15,16
timeStep,numberOfRobotsOnBlackSite,numberOfRobotsOnWhiteSite
887,15,16
timeStep,numberOfRobotsOnBlackSite,numberOfRobotsOnWhiteSite
888,15,16
timeStep,numberOfRobotsOnBlackSite,numberOfRobotsOnWhiteSite
889,15,16
timeStep,numberOfRobotsOnBlackSite,numberOfRobotsOnWhiteSite
890,15,16
timeStep,numberOfRobotsOnBlackSite,numberOfRobotsOnWhiteSite
891,15,16
timeStep,numberOfRobotsOnBlackSite,numberOfRobotsOnWhiteSite
892,15,16
timeStep,numberOfRobotsOnBlackSite,numberOfRobotsOnWhiteSite
893,15,16
timeStep,numberOfRobotsOnBlackSite,numberOfRobotsOnWhiteSite
894,15,16
timeStep,numberOfRobotsOnBlackSite,numberOfRobotsOnWhiteSite
895,15,16
timeStep,numberOfRobotsOnBlackSite,numberOfRobotsOnWhiteSite
896,15,16
timeStep,numberOfRobotsOnBlackSite,numberOfRobotsOnWhiteSite
897,15,16
timeStep,numberOfRobotsOnBlackSite,numberOfRobotsOnWhiteSite
898,15,16
timeStep,numberOfRobotsOnBlackSite,numberOfRobotsOnWhiteSite
899,15,16
timeStep,numberOfRobotsOnBlackSite,numberOfRobotsOnWhiteSite
900,15,16
timeStep,numberOfRobotsOnBlackSite,numberOfRobotsOnWhiteSite
901,15,16
timeStep,numberOfRobotsOnBlackSite,numberOfRobotsOnWhiteSite
902,15,16
timeStep,numberOfRobotsOnBlackSite,numberOfRobotsOnWhiteSite
903,15,16
timeStep,numberOfRobotsOnBlackSite,numberOfRobotsOnWhiteSite
904,15,16
timeStep,numberOfRobotsOnBlackSite,numberOfRobotsOnWhiteSite
905,15,16
timeStep,numberOfRobotsOnBlackSite,numberOfRobotsOnWhiteSite
906,15,16
timeStep,numberOfRobotsOnBlackSite,numberOfRobotsOnWhiteSite
907,15,16
timeStep,numberOfRobotsOnBlackSite,numberOfRobotsOnWhiteSite
908,15,16
timeStep,numberOfRobotsOnBlackSite,numberOfRobotsOnWhiteSite
909,15,16
timeStep,numberOfRobotsOnBlackSite,numberOfRobotsOnWhiteSite
910,15,16
timeStep,numberOfRobotsOnBlackSite,numberOfRobotsOnWhiteSite
911,15,16
timeStep,numberOfRobotsOnBlackSite,numberOfRobotsOnWhiteSite
912,15,16
timeStep,numberOfRobotsOnBlackSite,numberOfRobotsOnWhiteSite
913,15,16
timeStep,numberOfRobotsOnBlackSite,numberOfRobotsOnWhiteSite
914,15,16
timeStep,numberOfRobotsOnBlackSite,numberOfRobotsOnWhiteSite
915,15,16
timeStep,numberOfRobotsOnBlackSite,numberOfRobotsOnWhiteSite
916,15,16
timeStep,numberOfRobotsOnBlackSite,numberOfRobotsOnWhiteSite
917,15,16
timeStep,numberOfRobotsOnBlackSite,numberOfRobotsOnWhiteSite
918,15,16
timeStep,numberOfRobotsOnBlackSite,numberOfRobotsOnWhiteSite
919,15,16
timeStep,numberOfRobotsOnBlackSite,numberOfRobotsOnWhiteSite
920,15,16
timeStep,numberOfRobotsOnBlackSite,numberOfRobotsOnWhiteSite
921,15,16
timeStep,numberOfRobotsOnBlackSite,numberOfRobotsOnWhiteSite
922,15,16
timeStep,numberOfRobotsOnBlackSite,numberOfRobotsOnWhiteSite
923,15,16
timeStep,numberOfRobotsOnBlackSite,numberOfRobotsOnWhiteSite
924,15,16
timeStep,numberOfRobotsOnBlackSite,numberOfRobotsOnWhiteSite
925,15,16
timeStep,numberOfRobotsOnBlackSite,numberOfRobotsOnWhiteSite
926,15,16
timeStep,numberOfRobotsOnBlackSite,numberOfRobotsOnWhiteSite
927,15,16
timeStep,numberOfRobotsOnBlackSite,numberOfRobotsOnWhiteSite
928,15,16
timeStep,numberOfRobotsOnBlackSite,numberOfRobotsOnWhiteSite
929,15,16
timeStep,numberOfRobotsOnBlackSite,numberOfRobotsOnWhiteSite
930,15,15
timeStep,numberOfRobotsOnBlackSite,numberOfRobotsOnWhiteSite
931,15,15
timeStep,numberOfRobotsOnBlackSite,numberOfRobotsOnWhiteSite
932,15,15
timeStep,numberOfRobotsOnBlackSite,numberOfRobotsOnWhiteSite
933,15,15
timeStep,numberOfRobotsOnBlackSite,numberOfRobotsOnWhiteSite
934,15,15
timeStep,numberOfRobotsOnBlackSite,numberOfRobotsOnWhiteSite
935,15,15
timeStep,numberOfRobotsOnBlackSite,numberOfRobotsOnWhiteSite
936,15,15
timeStep,numberOfRobotsOnBlackSite,numberOfRobotsOnWhiteSite
937,15,15
timeStep,numberOfRobotsOnBlackSite,numberOfRobotsOnWhiteSite
938,15,15
timeStep,numberOfRobotsOnBlackSite,numberOfRobotsOnWhiteSite
939,15,15
timeStep,numberOfRobotsOnBlackSite,numberOfRobotsOnWhiteSite
940,15,15
timeStep,numberOfRobotsOnBlackSite,numberOfRobotsOnWhiteSite
941,15,15
timeStep,numberOfRobotsOnBlackSite,numberOfRobotsOnWhiteSite
942,15,15
timeStep,numberOfRobotsOnBlackSite,numberOfRobotsOnWhiteSite
943,15,15
timeStep,numberOfRobotsOnBlackSite,numberOfRobotsOnWhiteSite
944,15,15
timeStep,numberOfRobotsOnBlackSite,numberOfRobotsOnWhiteSite
945,15,16
timeStep,numberOfRobotsOnBlackSite,numberOfRobotsOnWhiteSite
946,15,16
timeStep,numberOfRobotsOnBlackSite,numberOfRobotsOnWhiteSite
947,15,16
timeStep,numberOfRobotsOnBlackSite,numberOfRobotsOnWhiteSite
948,15,16
timeStep,numberOfRobotsOnBlackSite,numberOfRobotsOnWhiteSite
949,15,16
timeStep,numberOfRobotsOnBlackSite,numberOfRobotsOnWhiteSite
950,15,16
timeStep,numberOfRobotsOnBlackSite,numberOfRobotsOnWhiteSite
951,15,16
timeStep,numberOfRobotsOnBlackSite,numberOfRobotsOnWhiteSite
952,15,16
timeStep,numberOfRobotsOnBlackSite,numberOfRobotsOnWhiteSite
953,15,16
timeStep,numberOfRobotsOnBlackSite,numberOfRobotsOnWhiteSite
954,15,16
timeStep,numberOfRobotsOnBlackSite,numberOfRobotsOnWhiteSite
955,15,16
timeStep,numberOfRobotsOnBlackSite,numberOfRobotsOnWhiteSite
956,15,16
timeStep,numberOfRobotsOnBlackSite,numberOfRobotsOnWhiteSite
957,15,16
timeStep,numberOfRobotsOnBlackSite,numberOfRobotsOnWhiteSite
958,15,16
timeStep,numberOfRobotsOnBlackSite,numberOfRobotsOnWhiteSite
959,15,16
timeStep,numberOfRobotsOnBlackSite,numberOfRobotsOnWhiteSite
960,15,16
timeStep,numberOfRobotsOnBlackSite,numberOfRobotsOnWhiteSite
961,15,16
timeStep,numberOfRobotsOnBlackSite,numberOfRobotsOnWhiteSite
962,15,16
timeStep,numberOfRobotsOnBlackSite,numberOfRobotsOnWhiteSite
963,15,16
timeStep,numberOfRobotsOnBlackSite,numberOfRobotsOnWhiteSite
964,15,16
timeStep,numberOfRobotsOnBlackSite,numberOfRobotsOnWhiteSite
965,15,16
timeStep,numberOfRobotsOnBlackSite,numberOfRobotsOnWhiteSite
966,15,16
timeStep,numberOfRobotsOnBlackSite,numberOfRobotsOnWhiteSite
967,15,16
timeStep,numberOfRobotsOnBlackSite,numberOfRobotsOnWhiteSite
968,15,16
timeStep,numberOfRobotsOnBlackSite,numberOfRobotsOnWhiteSite
969,15,16
timeStep,numberOfRobotsOnBlackSite,numberOfRobotsOnWhiteSite
970,15,16
timeStep,numberOfRobotsOnBlackSite,numberOfRobotsOnWhiteSite
971,15,16
timeStep,numberOfRobotsOnBlackSite,numberOfRobotsOnWhiteSite
972,15,16
timeStep,numberOfRobotsOnBlackSite,numberOfRobotsOnWhiteSite
973,15,16
timeStep,numberOfRobotsOnBlackSite,numberOfRobotsOnWhiteSite
974,15,16
timeStep,numberOfRobotsOnBlackSite,numberOfRobotsOnWhiteSite
975,16,16
timeStep,numberOfRobotsOnBlackSite,numberOfRobotsOnWhiteSite
976,16,16
timeStep,numberOfRobotsOnBlackSite,numberOfRobotsOnWhiteSite
977,16,16
timeStep,numberOfRobotsOnBlackSite,numberOfRobotsOnWhiteSite
978,16,16
timeStep,numberOfRobotsOnBlackSite,numberOfRobotsOnWhiteSite
979,16,16
timeStep,numberOfRobotsOnBlackSite,numberOfRobotsOnWhiteSite
980,16,16
timeStep,numberOfRobotsOnBlackSite,numberOfRobotsOnWhiteSite
981,16,16
timeStep,numberOfRobotsOnBlackSite,numberOfRobotsOnWhiteSite
982,16,16
timeStep,numberOfRobotsOnBlackSite,numberOfRobotsOnWhiteSite
983,16,16
timeStep,numberOfRobotsOnBlackSite,numberOfRobotsOnWhiteSite
984,16,16
timeStep,numberOfRobotsOnBlackSite,numberOfRobotsOnWhiteSite
985,16,16
timeStep,numberOfRobotsOnBlackSite,numberOfRobotsOnWhiteSite
986,16,16
timeStep,numberOfRobotsOnBlackSite,numberOfRobotsOnWhiteSite
987,16,16
timeStep,numberOfRobotsOnBlackSite,numberOfRobotsOnWhiteSite
988,16,16
timeStep,numberOfRobotsOnBlackSite,numberOfRobotsOnWhiteSite
989,16,16
timeStep,numberOfRobotsOnBlackSite,numberOfRobotsOnWhiteSite
990,16,16
timeStep,numberOfRobotsOnBlackSite,numberOfRobotsOnWhiteSite
991,16,16
timeStep,numberOfRobotsOnBlackSite,numberOfRobotsOnWhiteSite
992,16,16
timeStep,numberOfRobotsOnBlackSite,numberOfRobotsOnWhiteSite
993,16,16
timeStep,numberOfRobotsOnBlackSite,numberOfRobotsOnWhiteSite
994,16,16
timeStep,numberOfRobotsOnBlackSite,numberOfRobotsOnWhiteSite
995,16,16
timeStep,numberOfRobotsOnBlackSite,numberOfRobotsOnWhiteSite
996,16,16
timeStep,numberOfRobotsOnBlackSite,numberOfRobotsOnWhiteSite
997,16,16
timeStep,numberOfRobotsOnBlackSite,numberOfRobotsOnWhiteSite
998,16,16
timeStep,numberOfRobotsOnBlackSite,numberOfRobotsOnWhiteSite
999,16,16
timeStep,numberOfRobotsOnBlackSite,numberOfRobotsOnWhiteSite
1000,16,16
timeStep,numberOfRobotsOnBlackSite,numberOfRobotsOnWhiteSite
1001,16,16
timeStep,numberOfRobotsOnBlackSite,numberOfRobotsOnWhiteSite
1002,16,16
timeStep,numberOfRobotsOnBlackSite,numberOfRobotsOnWhiteSite
1003,16,16
timeStep,numberOfRobotsOnBlackSite,numberOfRobotsOnWhiteSite
1004,16,16
timeStep,numberOfRobotsOnBlackSite,numberOfRobotsOnWhiteSite
1005,16,16
timeStep,numberOfRobotsOnBlackSite,numberOfRobotsOnWhiteSite
1006,16,16
timeStep,numberOfRobotsOnBlackSite,numberOfRobotsOnWhiteSite
1007,16,16
timeStep,numberOfRobotsOnBlackSite,numberOfRobotsOnWhiteSite
1008,16,16
timeStep,numberOfRobotsOnBlackSite,numberOfRobotsOnWhiteSite
1009,16,16
timeStep,numberOfRobotsOnBlackSite,numberOfRobotsOnWhiteSite
1010,16,16
timeStep,numberOfRobotsOnBlackSite,numberOfRobotsOnWhiteSite
1011,16,16
timeStep,numberOfRobotsOnBlackSite,numberOfRobotsOnWhiteSite
1012,16,16
timeStep,numberOfRobotsOnBlackSite,numberOfRobotsOnWhiteSite
1013,16,16
timeStep,numberOfRobotsOnBlackSite,numberOfRobotsOnWhiteSite
1014,16,16
timeStep,numberOfRobotsOnBlackSite,numberOfRobotsOnWhiteSite
1015,15,15
timeStep,numberOfRobotsOnBlackSite,numberOfRobotsOnWhiteSite
1016,15,15
timeStep,numberOfRobotsOnBlackSite,numberOfRobotsOnWhiteSite
1017,15,15
timeStep,numberOfRobotsOnBlackSite,numberOfRobotsOnWhiteSite
1018,15,15
timeStep,numberOfRobotsOnBlackSite,numberOfRobotsOnWhiteSite
1019,15,15
timeStep,numberOfRobotsOnBlackSite,numberOfRobotsOnWhiteSite
1020,15,16
timeStep,numberOfRobotsOnBlackSite,numberOfRobotsOnWhiteSite
1021,15,16
timeStep,numberOfRobotsOnBlackSite,numberOfRobotsOnWhiteSite
1022,15,16
timeStep,numberOfRobotsOnBlackSite,numberOfRobotsOnWhiteSite
1023,15,16
timeStep,numberOfRobotsOnBlackSite,numberOfRobotsOnWhiteSite
1024,15,16
timeStep,numberOfRobotsOnBlackSite,numberOfRobotsOnWhiteSite
1025,15,16
timeStep,numberOfRobotsOnBlackSite,numberOfRobotsOnWhiteSite
1026,15,16
timeStep,numberOfRobotsOnBlackSite,numberOfRobotsOnWhiteSite
1027,15,16
timeStep,numberOfRobotsOnBlackSite,numberOfRobotsOnWhiteSite
1028,15,16
timeStep,numberOfRobotsOnBlackSite,numberOfRobotsOnWhiteSite
1029,15,16
timeStep,numberOfRobotsOnBlackSite,numberOfRobotsOnWhiteSite
1030,15,16
timeStep,numberOfRobotsOnBlackSite,numberOfRobotsOnWhiteSite
1031,15,16
timeStep,numberOfRobotsOnBlackSite,numberOfRobotsOnWhiteSite
1032,15,16
timeStep,numberOfRobotsOnBlackSite,numberOfRobotsOnWhiteSite
1033,15,16
timeStep,numberOfRobotsOnBlackSite,numberOfRobotsOnWhiteSite
1034,15,16
timeStep,numberOfRobotsOnBlackSite,numberOfRobotsOnWhiteSite
1035,15,16
timeStep,numberOfRobotsOnBlackSite,numberOfRobotsOnWhiteSite
1036,15,16
timeStep,numberOfRobotsOnBlackSite,numberOfRobotsOnWhiteSite
1037,15,16
timeStep,numberOfRobotsOnBlackSite,numberOfRobotsOnWhiteSite
1038,15,16
timeStep,numberOfRobotsOnBlackSite,numberOfRobotsOnWhiteSite
1039,15,16
timeStep,numberOfRobotsOnBlackSite,numberOfRobotsOnWhiteSite
1040,15,16
timeStep,numberOfRobotsOnBlackSite,numberOfRobotsOnWhiteSite
1041,15,16
timeStep,numberOfRobotsOnBlackSite,numberOfRobotsOnWhiteSite
1042,15,16
timeStep,numberOfRobotsOnBlackSite,numberOfRobotsOnWhiteSite
1043,15,16
timeStep,numberOfRobotsOnBlackSite,numberOfRobotsOnWhiteSite
1044,15,16
timeStep,numberOfRobotsOnBlackSite,numberOfRobotsOnWhiteSite
1045,15,16
timeStep,numberOfRobotsOnBlackSite,numberOfRobotsOnWhiteSite
1046,15,16
timeStep,numberOfRobotsOnBlackSite,numberOfRobotsOnWhiteSite
1047,15,16
timeStep,numberOfRobotsOnBlackSite,numberOfRobotsOnWhiteSite
1048,15,16
timeStep,numberOfRobotsOnBlackSite,numberOfRobotsOnWhiteSite
1049,15,16
timeStep,numberOfRobotsOnBlackSite,numberOfRobotsOnWhiteSite
1050,15,16
timeStep,numberOfRobotsOnBlackSite,numberOfRobotsOnWhiteSite
1051,15,16
timeStep,numberOfRobotsOnBlackSite,numberOfRobotsOnWhiteSite
1052,15,16
timeStep,numberOfRobotsOnBlackSite,numberOfRobotsOnWhiteSite
1053,15,16
timeStep,numberOfRobotsOnBlackSite,numberOfRobotsOnWhiteSite
1054,15,16
timeStep,numberOfRobotsOnBlackSite,numberOfRobotsOnWhiteSite
1055,15,16
timeStep,numberOfRobotsOnBlackSite,numberOfRobotsOnWhiteSite
1056,15,16
timeStep,numberOfRobotsOnBlackSite,numberOfRobotsOnWhiteSite
1057,15,16
timeStep,numberOfRobotsOnBlackSite,numberOfRobotsOnWhiteSite
1058,15,16
timeStep,numberOfRobotsOnBlackSite,numberOfRobotsOnWhiteSite
1059,15,16
timeStep,numberOfRobotsOnBlackSite,numberOfRobotsOnWhiteSite
1060,15,17
timeStep,numberOfRobotsOnBlackSite,numberOfRobotsOnWhiteSite
1061,15,17
timeStep,numberOfRobotsOnBlackSite,numberOfRobotsOnWhiteSite
1062,15,17
timeStep,numberOfRobotsOnBlackSite,numberOfRobotsOnWhiteSite
1063,15,17
timeStep,numberOfRobotsOnBlackSite,numberOfRobotsOnWhiteSite
1064,15,17
timeStep,numberOfRobotsOnBlackSite,numberOfRobotsOnWhiteSite
1065,16,17
timeStep,numberOfRobotsOnBlackSite,numberOfRobotsOnWhiteSite
1066,16,17
timeStep,numberOfRobotsOnBlackSite,numberOfRobotsOnWhiteSite
1067,16,17
timeStep,numberOfRobotsOnBlackSite,numberOfRobotsOnWhiteSite
1068,16,17
timeStep,numberOfRobotsOnBlackSite,numberOfRobotsOnWhiteSite
1069,16,17
timeStep,numberOfRobotsOnBlackSite,numberOfRobotsOnWhiteSite
1070,16,17
timeStep,numberOfRobotsOnBlackSite,numberOfRobotsOnWhiteSite
1071,16,17
timeStep,numberOfRobotsOnBlackSite,numberOfRobotsOnWhiteSite
1072,16,17
timeStep,numberOfRobotsOnBlackSite,numberOfRobotsOnWhiteSite
1073,16,17
timeStep,numberOfRobotsOnBlackSite,numberOfRobotsOnWhiteSite
1074,16,17
timeStep,numberOfRobotsOnBlackSite,numberOfRobotsOnWhiteSite
1075,16,18
timeStep,numberOfRobotsOnBlackSite,numberOfRobotsOnWhiteSite
1076,16,18
timeStep,numberOfRobotsOnBlackSite,numberOfRobotsOnWhiteSite
1077,16,18
timeStep,numberOfRobotsOnBlackSite,numberOfRobotsOnWhiteSite
1078,16,18
timeStep,numberOfRobotsOnBlackSite,numberOfRobotsOnWhiteSite
1079,16,18
timeStep,numberOfRobotsOnBlackSite,numberOfRobotsOnWhiteSite
1080,16,18
timeStep,numberOfRobotsOnBlackSite,numberOfRobotsOnWhiteSite
1081,16,18
timeStep,numberOfRobotsOnBlackSite,numberOfRobotsOnWhiteSite
1082,16,18
timeStep,numberOfRobotsOnBlackSite,numberOfRobotsOnWhiteSite
1083,16,18
timeStep,numberOfRobotsOnBlackSite,numberOfRobotsOnWhiteSite
1084,16,18
timeStep,numberOfRobotsOnBlackSite,numberOfRobotsOnWhiteSite
1085,16,18
timeStep,numberOfRobotsOnBlackSite,numberOfRobotsOnWhiteSite
1086,16,18
timeStep,numberOfRobotsOnBlackSite,numberOfRobotsOnWhiteSite
1087,16,18
timeStep,numberOfRobotsOnBlackSite,numberOfRobotsOnWhiteSite
1088,16,18
timeStep,numberOfRobotsOnBlackSite,numberOfRobotsOnWhiteSite
1089,16,18
timeStep,numberOfRobotsOnBlackSite,numberOfRobotsOnWhiteSite
1090,16,18
timeStep,numberOfRobotsOnBlackSite,numberOfRobotsOnWhiteSite
1091,16,18
timeStep,numberOfRobotsOnBlackSite,numberOfRobotsOnWhiteSite
1092,16,18
timeStep,numberOfRobotsOnBlackSite,numberOfRobotsOnWhiteSite
1093,16,18
timeStep,numberOfRobotsOnBlackSite,numberOfRobotsOnWhiteSite
1094,16,18
timeStep,numberOfRobotsOnBlackSite,numberOfRobotsOnWhiteSite
1095,16,18
timeStep,numberOfRobotsOnBlackSite,numberOfRobotsOnWhiteSite
1096,16,18
timeStep,numberOfRobotsOnBlackSite,numberOfRobotsOnWhiteSite
1097,16,18
timeStep,numberOfRobotsOnBlackSite,numberOfRobotsOnWhiteSite
1098,16,18
timeStep,numberOfRobotsOnBlackSite,numberOfRobotsOnWhiteSite
1099,16,18
timeStep,numberOfRobotsOnBlackSite,numberOfRobotsOnWhiteSite
1100,16,18
timeStep,numberOfRobotsOnBlackSite,numberOfRobotsOnWhiteSite
1101,16,18
timeStep,numberOfRobotsOnBlackSite,numberOfRobotsOnWhiteSite
1102,16,18
timeStep,numberOfRobotsOnBlackSite,numberOfRobotsOnWhiteSite
1103,16,18
timeStep,numberOfRobotsOnBlackSite,numberOfRobotsOnWhiteSite
1104,16,18
timeStep,numberOfRobotsOnBlackSite,numberOfRobotsOnWhiteSite
1105,16,18
timeStep,numberOfRobotsOnBlackSite,numberOfRobotsOnWhiteSite
1106,16,18
timeStep,numberOfRobotsOnBlackSite,numberOfRobotsOnWhiteSite
1107,16,18
timeStep,numberOfRobotsOnBlackSite,numberOfRobotsOnWhiteSite
1108,16,18
timeStep,numberOfRobotsOnBlackSite,numberOfRobotsOnWhiteSite
1109,16,18
timeStep,numberOfRobotsOnBlackSite,numberOfRobotsOnWhiteSite
1110,16,18
timeStep,numberOfRobotsOnBlackSite,numberOfRobotsOnWhiteSite
1111,16,18
timeStep,numberOfRobotsOnBlackSite,numberOfRobotsOnWhiteSite
1112,16,18
timeStep,numberOfRobotsOnBlackSite,numberOfRobotsOnWhiteSite
1113,16,18
timeStep,numberOfRobotsOnBlackSite,numberOfRobotsOnWhiteSite
1114,16,18
timeStep,numberOfRobotsOnBlackSite,numberOfRobotsOnWhiteSite
1115,16,18
timeStep,numberOfRobotsOnBlackSite,numberOfRobotsOnWhiteSite
1116,16,18
timeStep,numberOfRobotsOnBlackSite,numberOfRobotsOnWhiteSite
1117,16,18
timeStep,numberOfRobotsOnBlackSite,numberOfRobotsOnWhiteSite
1118,16,18
timeStep,numberOfRobotsOnBlackSite,numberOfRobotsOnWhiteSite
1119,16,18
timeStep,numberOfRobotsOnBlackSite,numberOfRobotsOnWhiteSite
1120,16,18
timeStep,numberOfRobotsOnBlackSite,numberOfRobotsOnWhiteSite
1121,16,18
timeStep,numberOfRobotsOnBlackSite,numberOfRobotsOnWhiteSite
1122,16,18
timeStep,numberOfRobotsOnBlackSite,numberOfRobotsOnWhiteSite
1123,16,18
timeStep,numberOfRobotsOnBlackSite,numberOfRobotsOnWhiteSite
1124,16,18
timeStep,numberOfRobotsOnBlackSite,numberOfRobotsOnWhiteSite
1125,16,18
timeStep,numberOfRobotsOnBlackSite,numberOfRobotsOnWhiteSite
1126,16,18
timeStep,numberOfRobotsOnBlackSite,numberOfRobotsOnWhiteSite
1127,16,18
timeStep,numberOfRobotsOnBlackSite,numberOfRobotsOnWhiteSite
1128,16,18
timeStep,numberOfRobotsOnBlackSite,numberOfRobotsOnWhiteSite
1129,16,18
timeStep,numberOfRobotsOnBlackSite,numberOfRobotsOnWhiteSite
1130,16,18
timeStep,numberOfRobotsOnBlackSite,numberOfRobotsOnWhiteSite
1131,16,18
timeStep,numberOfRobotsOnBlackSite,numberOfRobotsOnWhiteSite
1132,16,18
timeStep,numberOfRobotsOnBlackSite,numberOfRobotsOnWhiteSite
1133,16,18
timeStep,numberOfRobotsOnBlackSite,numberOfRobotsOnWhiteSite
1134,16,18
timeStep,numberOfRobotsOnBlackSite,numberOfRobotsOnWhiteSite
1135,16,18
timeStep,numberOfRobotsOnBlackSite,numberOfRobotsOnWhiteSite
1136,16,18
timeStep,numberOfRobotsOnBlackSite,numberOfRobotsOnWhiteSite
1137,16,18
timeStep,numberOfRobotsOnBlackSite,numberOfRobotsOnWhiteSite
1138,16,18
timeStep,numberOfRobotsOnBlackSite,numberOfRobotsOnWhiteSite
1139,16,18
timeStep,numberOfRobotsOnBlackSite,numberOfRobotsOnWhiteSite
1140,16,18
timeStep,numberOfRobotsOnBlackSite,numberOfRobotsOnWhiteSite
1141,16,18
timeStep,numberOfRobotsOnBlackSite,numberOfRobotsOnWhiteSite
1142,16,18
timeStep,numberOfRobotsOnBlackSite,numberOfRobotsOnWhiteSite
1143,16,18
timeStep,numberOfRobotsOnBlackSite,numberOfRobotsOnWhiteSite
1144,16,18
timeStep,numberOfRobotsOnBlackSite,numberOfRobotsOnWhiteSite
1145,16,18
timeStep,numberOfRobotsOnBlackSite,numberOfRobotsOnWhiteSite
1146,16,18
timeStep,numberOfRobotsOnBlackSite,numberOfRobotsOnWhiteSite
1147,16,18
timeStep,numberOfRobotsOnBlackSite,numberOfRobotsOnWhiteSite
1148,16,18
timeStep,numberOfRobotsOnBlackSite,numberOfRobotsOnWhiteSite
1149,16,18
timeStep,numberOfRobotsOnBlackSite,numberOfRobotsOnWhiteSite
1150,15,18
timeStep,numberOfRobotsOnBlackSite,numberOfRobotsOnWhiteSite
1151,15,18
timeStep,numberOfRobotsOnBlackSite,numberOfRobotsOnWhiteSite
1152,15,18
timeStep,numberOfRobotsOnBlackSite,numberOfRobotsOnWhiteSite
1153,15,18
timeStep,numberOfRobotsOnBlackSite,numberOfRobotsOnWhiteSite
1154,15,18
timeStep,numberOfRobotsOnBlackSite,numberOfRobotsOnWhiteSite
1155,15,18
timeStep,numberOfRobotsOnBlackSite,numberOfRobotsOnWhiteSite
1156,15,18
timeStep,numberOfRobotsOnBlackSite,numberOfRobotsOnWhiteSite
1157,15,18
timeStep,numberOfRobotsOnBlackSite,numberOfRobotsOnWhiteSite
1158,15,18
timeStep,numberOfRobotsOnBlackSite,numberOfRobotsOnWhiteSite
1159,15,18
timeStep,numberOfRobotsOnBlackSite,numberOfRobotsOnWhiteSite
1160,15,18
timeStep,numberOfRobotsOnBlackSite,numberOfRobotsOnWhiteSite
1161,15,18
timeStep,numberOfRobotsOnBlackSite,numberOfRobotsOnWhiteSite
1162,15,18
timeStep,numberOfRobotsOnBlackSite,numberOfRobotsOnWhiteSite
1163,15,18
timeStep,numberOfRobotsOnBlackSite,numberOfRobotsOnWhiteSite
1164,15,18
timeStep,numberOfRobotsOnBlackSite,numberOfRobotsOnWhiteSite
1165,16,17
timeStep,numberOfRobotsOnBlackSite,numberOfRobotsOnWhiteSite
1166,16,17
timeStep,numberOfRobotsOnBlackSite,numberOfRobotsOnWhiteSite
1167,16,17
timeStep,numberOfRobotsOnBlackSite,numberOfRobotsOnWhiteSite
1168,16,17
timeStep,numberOfRobotsOnBlackSite,numberOfRobotsOnWhiteSite
1169,16,17
timeStep,numberOfRobotsOnBlackSite,numberOfRobotsOnWhiteSite
1170,16,17
timeStep,numberOfRobotsOnBlackSite,numberOfRobotsOnWhiteSite
1171,16,17
timeStep,numberOfRobotsOnBlackSite,numberOfRobotsOnWhiteSite
1172,16,17
timeStep,numberOfRobotsOnBlackSite,numberOfRobotsOnWhiteSite
1173,16,17
timeStep,numberOfRobotsOnBlackSite,numberOfRobotsOnWhiteSite
1174,16,17
timeStep,numberOfRobotsOnBlackSite,numberOfRobotsOnWhiteSite
1175,16,17
timeStep,numberOfRobotsOnBlackSite,numberOfRobotsOnWhiteSite
1176,16,17
timeStep,numberOfRobotsOnBlackSite,numberOfRobotsOnWhiteSite
1177,16,17
timeStep,numberOfRobotsOnBlackSite,numberOfRobotsOnWhiteSite
1178,16,17
timeStep,numberOfRobotsOnBlackSite,numberOfRobotsOnWhiteSite
1179,16,17
timeStep,numberOfRobotsOnBlackSite,numberOfRobotsOnWhiteSite
1180,16,17
timeStep,numberOfRobotsOnBlackSite,numberOfRobotsOnWhiteSite
1181,16,17
timeStep,numberOfRobotsOnBlackSite,numberOfRobotsOnWhiteSite
1182,16,17
timeStep,numberOfRobotsOnBlackSite,numberOfRobotsOnWhiteSite
1183,16,17
timeStep,numberOfRobotsOnBlackSite,numberOfRobotsOnWhiteSite
1184,16,17
timeStep,numberOfRobotsOnBlackSite,numberOfRobotsOnWhiteSite
1185,16,17
timeStep,numberOfRobotsOnBlackSite,numberOfRobotsOnWhiteSite
1186,16,17
timeStep,numberOfRobotsOnBlackSite,numberOfRobotsOnWhiteSite
1187,16,17
timeStep,numberOfRobotsOnBlackSite,numberOfRobotsOnWhiteSite
1188,16,17
timeStep,numberOfRobotsOnBlackSite,numberOfRobotsOnWhiteSite
1189,16,17
timeStep,numberOfRobotsOnBlackSite,numberOfRobotsOnWhiteSite
1190,16,17
timeStep,numberOfRobotsOnBlackSite,numberOfRobotsOnWhiteSite
1191,16,17
timeStep,numberOfRobotsOnBlackSite,numberOfRobotsOnWhiteSite
1192,16,17
timeStep,numberOfRobotsOnBlackSite,numberOfRobotsOnWhiteSite
1193,16,17
timeStep,numberOfRobotsOnBlackSite,numberOfRobotsOnWhiteSite
1194,16,17
timeStep,numberOfRobotsOnBlackSite,numberOfRobotsOnWhiteSite
1195,16,17
timeStep,numberOfRobotsOnBlackSite,numberOfRobotsOnWhiteSite
1196,16,17
timeStep,numberOfRobotsOnBlackSite,numberOfRobotsOnWhiteSite
1197,16,17
timeStep,numberOfRobotsOnBlackSite,numberOfRobotsOnWhiteSite
1198,16,17
timeStep,numberOfRobotsOnBlackSite,numberOfRobotsOnWhiteSite
1199,16,17
timeStep,numberOfRobotsOnBlackSite,numberOfRobotsOnWhiteSite
1200,16,17
timeStep,numberOfRobotsOnBlackSite,numberOfRobotsOnWhiteSite
1201,16,17
timeStep,numberOfRobotsOnBlackSite,numberOfRobotsOnWhiteSite
1202,16,17
timeStep,numberOfRobotsOnBlackSite,numberOfRobotsOnWhiteSite
1203,16,17
timeStep,numberOfRobotsOnBlackSite,numberOfRobotsOnWhiteSite
1204,16,17
timeStep,numberOfRobotsOnBlackSite,numberOfRobotsOnWhiteSite
1205,16,17
timeStep,numberOfRobotsOnBlackSite,numberOfRobotsOnWhiteSite
1206,16,17
timeStep,numberOfRobotsOnBlackSite,numberOfRobotsOnWhiteSite
1207,16,17
timeStep,numberOfRobotsOnBlackSite,numberOfRobotsOnWhiteSite
1208,16,17
timeStep,numberOfRobotsOnBlackSite,numberOfRobotsOnWhiteSite
1209,16,17
timeStep,numberOfRobotsOnBlackSite,numberOfRobotsOnWhiteSite
1210,16,17
timeStep,numberOfRobotsOnBlackSite,numberOfRobotsOnWhiteSite
1211,16,17
timeStep,numberOfRobotsOnBlackSite,numberOfRobotsOnWhiteSite
1212,16,17
timeStep,numberOfRobotsOnBlackSite,numberOfRobotsOnWhiteSite
1213,16,17
timeStep,numberOfRobotsOnBlackSite,numberOfRobotsOnWhiteSite
1214,16,17
timeStep,numberOfRobotsOnBlackSite,numberOfRobotsOnWhiteSite
1215,16,17
timeStep,numberOfRobotsOnBlackSite,numberOfRobotsOnWhiteSite
1216,16,17
timeStep,numberOfRobotsOnBlackSite,numberOfRobotsOnWhiteSite
1217,16,17
timeStep,numberOfRobotsOnBlackSite,numberOfRobotsOnWhiteSite
1218,16,17
timeStep,numberOfRobotsOnBlackSite,numberOfRobotsOnWhiteSite
1219,16,17
timeStep,numberOfRobotsOnBlackSite,numberOfRobotsOnWhiteSite
1220,16,17
timeStep,numberOfRobotsOnBlackSite,numberOfRobotsOnWhiteSite
1221,16,17
timeStep,numberOfRobotsOnBlackSite,numberOfRobotsOnWhiteSite
1222,16,17
timeStep,numberOfRobotsOnBlackSite,numberOfRobotsOnWhiteSite
1223,16,17
timeStep,numberOfRobotsOnBlackSite,numberOfRobotsOnWhiteSite
1224,16,17
timeStep,numberOfRobotsOnBlackSite,numberOfRobotsOnWhiteSite
1225,16,17
timeStep,numberOfRobotsOnBlackSite,numberOfRobotsOnWhiteSite
1226,16,17
timeStep,numberOfRobotsOnBlackSite,numberOfRobotsOnWhiteSite
1227,16,17
timeStep,numberOfRobotsOnBlackSite,numberOfRobotsOnWhiteSite
1228,16,17
timeStep,numberOfRobotsOnBlackSite,numberOfRobotsOnWhiteSite
1229,16,17
timeStep,numberOfRobotsOnBlackSite,numberOfRobotsOnWhiteSite
1230,16,17
timeStep,numberOfRobotsOnBlackSite,numberOfRobotsOnWhiteSite
1231,16,17
timeStep,numberOfRobotsOnBlackSite,numberOfRobotsOnWhiteSite
1232,16,17
timeStep,numberOfRobotsOnBlackSite,numberOfRobotsOnWhiteSite
1233,16,17
timeStep,numberOfRobotsOnBlackSite,numberOfRobotsOnWhiteSite
1234,16,17
timeStep,numberOfRobotsOnBlackSite,numberOfRobotsOnWhiteSite
1235,16,17
timeStep,numberOfRobotsOnBlackSite,numberOfRobotsOnWhiteSite
1236,16,17
timeStep,numberOfRobotsOnBlackSite,numberOfRobotsOnWhiteSite
1237,16,17
timeStep,numberOfRobotsOnBlackSite,numberOfRobotsOnWhiteSite
1238,16,17
timeStep,numberOfRobotsOnBlackSite,numberOfRobotsOnWhiteSite
1239,16,17
timeStep,numberOfRobotsOnBlackSite,numberOfRobotsOnWhiteSite
1240,16,17
timeStep,numberOfRobotsOnBlackSite,numberOfRobotsOnWhiteSite
1241,16,17
timeStep,numberOfRobotsOnBlackSite,numberOfRobotsOnWhiteSite
1242,16,17
timeStep,numberOfRobotsOnBlackSite,numberOfRobotsOnWhiteSite
1243,16,17
timeStep,numberOfRobotsOnBlackSite,numberOfRobotsOnWhiteSite
1244,16,17
timeStep,numberOfRobotsOnBlackSite,numberOfRobotsOnWhiteSite
1245,17,17
timeStep,numberOfRobotsOnBlackSite,numberOfRobotsOnWhiteSite
1246,17,17
timeStep,numberOfRobotsOnBlackSite,numberOfRobotsOnWhiteSite
1247,17,17
timeStep,numberOfRobotsOnBlackSite,numberOfRobotsOnWhiteSite
1248,17,17
timeStep,numberOfRobotsOnBlackSite,numberOfRobotsOnWhiteSite
1249,17,17
timeStep,numberOfRobotsOnBlackSite,numberOfRobotsOnWhiteSite
1250,17,17
timeStep,numberOfRobotsOnBlackSite,numberOfRobotsOnWhiteSite
1251,17,17
timeStep,numberOfRobotsOnBlackSite,numberOfRobotsOnWhiteSite
1252,17,17
timeStep,numberOfRobotsOnBlackSite,numberOfRobotsOnWhiteSite
1253,17,17
timeStep,numberOfRobotsOnBlackSite,numberOfRobotsOnWhiteSite
1254,17,17
timeStep,numberOfRobotsOnBlackSite,numberOfRobotsOnWhiteSite
1255,17,17
timeStep,numberOfRobotsOnBlackSite,numberOfRobotsOnWhiteSite
1256,17,17
timeStep,numberOfRobotsOnBlackSite,numberOfRobotsOnWhiteSite
1257,17,17
timeStep,numberOfRobotsOnBlackSite,numberOfRobotsOnWhiteSite
1258,17,17
timeStep,numberOfRobotsOnBlackSite,numberOfRobotsOnWhiteSite
1259,17,17
timeStep,numberOfRobotsOnBlackSite,numberOfRobotsOnWhiteSite
1260,17,18
timeStep,numberOfRobotsOnBlackSite,numberOfRobotsOnWhiteSite
1261,17,18
timeStep,numberOfRobotsOnBlackSite,numberOfRobotsOnWhiteSite
1262,17,18
timeStep,numberOfRobotsOnBlackSite,numberOfRobotsOnWhiteSite
1263,17,18
timeStep,numberOfRobotsOnBlackSite,numberOfRobotsOnWhiteSite
1264,17,18
timeStep,numberOfRobotsOnBlackSite,numberOfRobotsOnWhiteSite
1265,17,18
timeStep,numberOfRobotsOnBlackSite,numberOfRobotsOnWhiteSite
1266,17,18
timeStep,numberOfRobotsOnBlackSite,numberOfRobotsOnWhiteSite
1267,17,18
timeStep,numberOfRobotsOnBlackSite,numberOfRobotsOnWhiteSite
1268,17,18
timeStep,numberOfRobotsOnBlackSite,numberOfRobotsOnWhiteSite
1269,17,18
timeStep,numberOfRobotsOnBlackSite,numberOfRobotsOnWhiteSite
1270,17,18
timeStep,numberOfRobotsOnBlackSite,numberOfRobotsOnWhiteSite
1271,17,18
timeStep,numberOfRobotsOnBlackSite,numberOfRobotsOnWhiteSite
1272,17,18
timeStep,numberOfRobotsOnBlackSite,numberOfRobotsOnWhiteSite
1273,17,18
timeStep,numberOfRobotsOnBlackSite,numberOfRobotsOnWhiteSite
1274,17,18
timeStep,numberOfRobotsOnBlackSite,numberOfRobotsOnWhiteSite
1275,17,18
timeStep,numberOfRobotsOnBlackSite,numberOfRobotsOnWhiteSite
1276,17,18
timeStep,numberOfRobotsOnBlackSite,numberOfRobotsOnWhiteSite
1277,17,18
timeStep,numberOfRobotsOnBlackSite,numberOfRobotsOnWhiteSite
1278,17,18
timeStep,numberOfRobotsOnBlackSite,numberOfRobotsOnWhiteSite
1279,17,18
timeStep,numberOfRobotsOnBlackSite,numberOfRobotsOnWhiteSite
1280,17,18
timeStep,numberOfRobotsOnBlackSite,numberOfRobotsOnWhiteSite
1281,17,18
timeStep,numberOfRobotsOnBlackSite,numberOfRobotsOnWhiteSite
1282,17,18
timeStep,numberOfRobotsOnBlackSite,numberOfRobotsOnWhiteSite
1283,17,18
timeStep,numberOfRobotsOnBlackSite,numberOfRobotsOnWhiteSite
1284,17,18
timeStep,numberOfRobotsOnBlackSite,numberOfRobotsOnWhiteSite
1285,17,18
timeStep,numberOfRobotsOnBlackSite,numberOfRobotsOnWhiteSite
1286,17,18
timeStep,numberOfRobotsOnBlackSite,numberOfRobotsOnWhiteSite
1287,17,18
timeStep,numberOfRobotsOnBlackSite,numberOfRobotsOnWhiteSite
1288,17,18
timeStep,numberOfRobotsOnBlackSite,numberOfRobotsOnWhiteSite
1289,17,18
timeStep,numberOfRobotsOnBlackSite,numberOfRobotsOnWhiteSite
1290,17,18
timeStep,numberOfRobotsOnBlackSite,numberOfRobotsOnWhiteSite
1291,17,18
timeStep,numberOfRobotsOnBlackSite,numberOfRobotsOnWhiteSite
1292,17,18
timeStep,numberOfRobotsOnBlackSite,numberOfRobotsOnWhiteSite
1293,17,18
timeStep,numberOfRobotsOnBlackSite,numberOfRobotsOnWhiteSite
1294,17,18
timeStep,numberOfRobotsOnBlackSite,numberOfRobotsOnWhiteSite
1295,17,18
timeStep,numberOfRobotsOnBlackSite,numberOfRobotsOnWhiteSite
1296,17,18
timeStep,numberOfRobotsOnBlackSite,numberOfRobotsOnWhiteSite
1297,17,18
timeStep,numberOfRobotsOnBlackSite,numberOfRobotsOnWhiteSite
1298,17,18
timeStep,numberOfRobotsOnBlackSite,numberOfRobotsOnWhiteSite
1299,17,18
timeStep,numberOfRobotsOnBlackSite,numberOfRobotsOnWhiteSite
1300,18,18
timeStep,numberOfRobotsOnBlackSite,numberOfRobotsOnWhiteSite
1301,18,18
timeStep,numberOfRobotsOnBlackSite,numberOfRobotsOnWhiteSite
1302,18,18
timeStep,numberOfRobotsOnBlackSite,numberOfRobotsOnWhiteSite
1303,18,18
timeStep,numberOfRobotsOnBlackSite,numberOfRobotsOnWhiteSite
1304,18,18
timeStep,numberOfRobotsOnBlackSite,numberOfRobotsOnWhiteSite
1305,17,18
timeStep,numberOfRobotsOnBlackSite,numberOfRobotsOnWhiteSite
1306,17,18
timeStep,numberOfRobotsOnBlackSite,numberOfRobotsOnWhiteSite
1307,17,18
timeStep,numberOfRobotsOnBlackSite,numberOfRobotsOnWhiteSite
1308,17,18
timeStep,numberOfRobotsOnBlackSite,numberOfRobotsOnWhiteSite
1309,17,18
timeStep,numberOfRobotsOnBlackSite,numberOfRobotsOnWhiteSite
1310,17,18
timeStep,numberOfRobotsOnBlackSite,numberOfRobotsOnWhiteSite
1311,17,18
timeStep,numberOfRobotsOnBlackSite,numberOfRobotsOnWhiteSite
1312,17,18
timeStep,numberOfRobotsOnBlackSite,numberOfRobotsOnWhiteSite
1313,17,18
timeStep,numberOfRobotsOnBlackSite,numberOfRobotsOnWhiteSite
1314,17,18
timeStep,numberOfRobotsOnBlackSite,numberOfRobotsOnWhiteSite
1315,17,18
timeStep,numberOfRobotsOnBlackSite,numberOfRobotsOnWhiteSite
1316,17,18
timeStep,numberOfRobotsOnBlackSite,numberOfRobotsOnWhiteSite
1317,17,18
timeStep,numberOfRobotsOnBlackSite,numberOfRobotsOnWhiteSite
1318,17,18
timeStep,numberOfRobotsOnBlackSite,numberOfRobotsOnWhiteSite
1319,17,18
timeStep,numberOfRobotsOnBlackSite,numberOfRobotsOnWhiteSite
1320,17,18
timeStep,numberOfRobotsOnBlackSite,numberOfRobotsOnWhiteSite
1321,17,18
timeStep,numberOfRobotsOnBlackSite,numberOfRobotsOnWhiteSite
1322,17,18
timeStep,numberOfRobotsOnBlackSite,numberOfRobotsOnWhiteSite
1323,17,18
timeStep,numberOfRobotsOnBlackSite,numberOfRobotsOnWhiteSite
1324,17,18
timeStep,numberOfRobotsOnBlackSite,numberOfRobotsOnWhiteSite
1325,18,18
timeStep,numberOfRobotsOnBlackSite,numberOfRobotsOnWhiteSite
1326,18,18
timeStep,numberOfRobotsOnBlackSite,numberOfRobotsOnWhiteSite
1327,18,18
timeStep,numberOfRobotsOnBlackSite,numberOfRobotsOnWhiteSite
1328,18,18
timeStep,numberOfRobotsOnBlackSite,numberOfRobotsOnWhiteSite
1329,18,18
timeStep,numberOfRobotsOnBlackSite,numberOfRobotsOnWhiteSite
1330,18,18
timeStep,numberOfRobotsOnBlackSite,numberOfRobotsOnWhiteSite
1331,18,18
timeStep,numberOfRobotsOnBlackSite,numberOfRobotsOnWhiteSite
1332,18,18
timeStep,numberOfRobotsOnBlackSite,numberOfRobotsOnWhiteSite
1333,18,18
timeStep,numberOfRobotsOnBlackSite,numberOfRobotsOnWhiteSite
1334,18,18
timeStep,numberOfRobotsOnBlackSite,numberOfRobotsOnWhiteSite
1335,18,18
timeStep,numberOfRobotsOnBlackSite,numberOfRobotsOnWhiteSite
1336,18,18
timeStep,numberOfRobotsOnBlackSite,numberOfRobotsOnWhiteSite
1337,18,18
timeStep,numberOfRobotsOnBlackSite,numberOfRobotsOnWhiteSite
1338,18,18
timeStep,numberOfRobotsOnBlackSite,numberOfRobotsOnWhiteSite
1339,18,18
timeStep,numberOfRobotsOnBlackSite,numberOfRobotsOnWhiteSite
1340,18,18
timeStep,numberOfRobotsOnBlackSite,numberOfRobotsOnWhiteSite
1341,18,18
timeStep,numberOfRobotsOnBlackSite,numberOfRobotsOnWhiteSite
1342,18,18
timeStep,numberOfRobotsOnBlackSite,numberOfRobotsOnWhiteSite
1343,18,18
timeStep,numberOfRobotsOnBlackSite,numberOfRobotsOnWhiteSite
1344,18,18
timeStep,numberOfRobotsOnBlackSite,numberOfRobotsOnWhiteSite
1345,18,18
timeStep,numberOfRobotsOnBlackSite,numberOfRobotsOnWhiteSite
1346,18,18
timeStep,numberOfRobotsOnBlackSite,numberOfRobotsOnWhiteSite
1347,18,18
timeStep,numberOfRobotsOnBlackSite,numberOfRobotsOnWhiteSite
1348,18,18
timeStep,numberOfRobotsOnBlackSite,numberOfRobotsOnWhiteSite
1349,18,18
timeStep,numberOfRobotsOnBlackSite,numberOfRobotsOnWhiteSite
1350,18,18
timeStep,numberOfRobotsOnBlackSite,numberOfRobotsOnWhiteSite
1351,18,18
timeStep,numberOfRobotsOnBlackSite,numberOfRobotsOnWhiteSite
1352,18,18
timeStep,numberOfRobotsOnBlackSite,numberOfRobotsOnWhiteSite
1353,18,18
timeStep,numberOfRobotsOnBlackSite,numberOfRobotsOnWhiteSite
1354,18,18
timeStep,numberOfRobotsOnBlackSite,numberOfRobotsOnWhiteSite
1355,18,18
timeStep,numberOfRobotsOnBlackSite,numberOfRobotsOnWhiteSite
1356,18,18
timeStep,numberOfRobotsOnBlackSite,numberOfRobotsOnWhiteSite
1357,18,18
timeStep,numberOfRobotsOnBlackSite,numberOfRobotsOnWhiteSite
1358,18,18
timeStep,numberOfRobotsOnBlackSite,numberOfRobotsOnWhiteSite
1359,18,18
timeStep,numberOfRobotsOnBlackSite,numberOfRobotsOnWhiteSite
1360,18,18
timeStep,numberOfRobotsOnBlackSite,numberOfRobotsOnWhiteSite
1361,18,18
timeStep,numberOfRobotsOnBlackSite,numberOfRobotsOnWhiteSite
1362,18,18
timeStep,numberOfRobotsOnBlackSite,numberOfRobotsOnWhiteSite
1363,18,18
timeStep,numberOfRobotsOnBlackSite,numberOfRobotsOnWhiteSite
1364,18,18
timeStep,numberOfRobotsOnBlackSite,numberOfRobotsOnWhiteSite
1365,18,18
timeStep,numberOfRobotsOnBlackSite,numberOfRobotsOnWhiteSite
1366,18,18
timeStep,numberOfRobotsOnBlackSite,numberOfRobotsOnWhiteSite
1367,18,18
timeStep,numberOfRobotsOnBlackSite,numberOfRobotsOnWhiteSite
1368,18,18
timeStep,numberOfRobotsOnBlackSite,numberOfRobotsOnWhiteSite
1369,18,18
timeStep,numberOfRobotsOnBlackSite,numberOfRobotsOnWhiteSite
1370,18,18
timeStep,numberOfRobotsOnBlackSite,numberOfRobotsOnWhiteSite
1371,18,18
timeStep,numberOfRobotsOnBlackSite,numberOfRobotsOnWhiteSite
1372,18,18
timeStep,numberOfRobotsOnBlackSite,numberOfRobotsOnWhiteSite
1373,18,18
timeStep,numberOfRobotsOnBlackSite,numberOfRobotsOnWhiteSite
1374,18,18
timeStep,numberOfRobotsOnBlackSite,numberOfRobotsOnWhiteSite
1375,18,18
timeStep,numberOfRobotsOnBlackSite,numberOfRobotsOnWhiteSite
1376,18,18
timeStep,numberOfRobotsOnBlackSite,numberOfRobotsOnWhiteSite
1377,18,18
timeStep,numberOfRobotsOnBlackSite,numberOfRobotsOnWhiteSite
1378,18,18
timeStep,numberOfRobotsOnBlackSite,numberOfRobotsOnWhiteSite
1379,18,18
timeStep,numberOfRobotsOnBlackSite,numberOfRobotsOnWhiteSite
1380,18,18
timeStep,numberOfRobotsOnBlackSite,numberOfRobotsOnWhiteSite
1381,18,18
timeStep,numberOfRobotsOnBlackSite,numberOfRobotsOnWhiteSite
1382,18,18
timeStep,numberOfRobotsOnBlackSite,numberOfRobotsOnWhiteSite
1383,18,18
timeStep,numberOfRobotsOnBlackSite,numberOfRobotsOnWhiteSite
1384,18,18
timeStep,numberOfRobotsOnBlackSite,numberOfRobotsOnWhiteSite
1385,18,18
timeStep,numberOfRobotsOnBlackSite,numberOfRobotsOnWhiteSite
1386,18,18
timeStep,numberOfRobotsOnBlackSite,numberOfRobotsOnWhiteSite
1387,18,18
timeStep,numberOfRobotsOnBlackSite,numberOfRobotsOnWhiteSite
1388,18,18
timeStep,numberOfRobotsOnBlackSite,numberOfRobotsOnWhiteSite
1389,18,18
timeStep,numberOfRobotsOnBlackSite,numberOfRobotsOnWhiteSite
1390,18,18
timeStep,numberOfRobotsOnBlackSite,numberOfRobotsOnWhiteSite
1391,18,18
timeStep,numberOfRobotsOnBlackSite,numberOfRobotsOnWhiteSite
1392,18,18
timeStep,numberOfRobotsOnBlackSite,numberOfRobotsOnWhiteSite
1393,18,18
timeStep,numberOfRobotsOnBlackSite,numberOfRobotsOnWhiteSite
1394,18,18
timeStep,numberOfRobotsOnBlackSite,numberOfRobotsOnWhiteSite
1395,18,18
timeStep,numberOfRobotsOnBlackSite,numberOfRobotsOnWhiteSite
1396,18,18
timeStep,numberOfRobotsOnBlackSite,numberOfRobotsOnWhiteSite
1397,18,18
timeStep,numberOfRobotsOnBlackSite,numberOfRobotsOnWhiteSite
1398,18,18
timeStep,numberOfRobotsOnBlackSite,numberOfRobotsOnWhiteSite
1399,18,18
timeStep,numberOfRobotsOnBlackSite,numberOfRobotsOnWhiteSite
1400,18,18
timeStep,numberOfRobotsOnBlackSite,numberOfRobotsOnWhiteSite
1401,18,18
timeStep,numberOfRobotsOnBlackSite,numberOfRobotsOnWhiteSite
1402,18,18
timeStep,numberOfRobotsOnBlackSite,numberOfRobotsOnWhiteSite
1403,18,18
timeStep,numberOfRobotsOnBlackSite,numberOfRobotsOnWhiteSite
1404,18,18
timeStep,numberOfRobotsOnBlackSite,numberOfRobotsOnWhiteSite
1405,18,17
timeStep,numberOfRobotsOnBlackSite,numberOfRobotsOnWhiteSite
1406,18,17
timeStep,numberOfRobotsOnBlackSite,numberOfRobotsOnWhiteSite
1407,18,17
timeStep,numberOfRobotsOnBlackSite,numberOfRobotsOnWhiteSite
1408,18,17
timeStep,numberOfRobotsOnBlackSite,numberOfRobotsOnWhiteSite
1409,18,17
timeStep,numberOfRobotsOnBlackSite,numberOfRobotsOnWhiteSite
1410,18,17
timeStep,numberOfRobotsOnBlackSite,numberOfRobotsOnWhiteSite
1411,18,17
timeStep,numberOfRobotsOnBlackSite,numberOfRobotsOnWhiteSite
1412,18,17
timeStep,numberOfRobotsOnBlackSite,numberOfRobotsOnWhiteSite
1413,18,17
timeStep,numberOfRobotsOnBlackSite,numberOfRobotsOnWhiteSite
1414,18,17
timeStep,numberOfRobotsOnBlackSite,numberOfRobotsOnWhiteSite
1415,18,17
timeStep,numberOfRobotsOnBlackSite,numberOfRobotsOnWhiteSite
1416,18,17
timeStep,numberOfRobotsOnBlackSite,numberOfRobotsOnWhiteSite
1417,18,17
timeStep,numberOfRobotsOnBlackSite,numberOfRobotsOnWhiteSite
1418,18,17
timeStep,numberOfRobotsOnBlackSite,numberOfRobotsOnWhiteSite
1419,18,17
timeStep,numberOfRobotsOnBlackSite,numberOfRobotsOnWhiteSite
1420,18,18
timeStep,numberOfRobotsOnBlackSite,numberOfRobotsOnWhiteSite
1421,18,18
timeStep,numberOfRobotsOnBlackSite,numberOfRobotsOnWhiteSite
1422,18,18
timeStep,numberOfRobotsOnBlackSite,numberOfRobotsOnWhiteSite
1423,18,18
timeStep,numberOfRobotsOnBlackSite,numberOfRobotsOnWhiteSite
1424,18,18
timeStep,numberOfRobotsOnBlackSite,numberOfRobotsOnWhiteSite
1425,18,18
timeStep,numberOfRobotsOnBlackSite,numberOfRobotsOnWhiteSite
1426,18,18
timeStep,numberOfRobotsOnBlackSite,numberOfRobotsOnWhiteSite
1427,18,18
timeStep,numberOfRobotsOnBlackSite,numberOfRobotsOnWhiteSite
1428,18,18
timeStep,numberOfRobotsOnBlackSite,numberOfRobotsOnWhiteSite
1429,18,18
timeStep,numberOfRobotsOnBlackSite,numberOfRobotsOnWhiteSite
1430,18,18
timeStep,numberOfRobotsOnBlackSite,numberOfRobotsOnWhiteSite
1431,18,18
timeStep,numberOfRobotsOnBlackSite,numberOfRobotsOnWhiteSite
1432,18,18
timeStep,numberOfRobotsOnBlackSite,numberOfRobotsOnWhiteSite
1433,18,18
timeStep,numberOfRobotsOnBlackSite,numberOfRobotsOnWhiteSite
1434,18,18
timeStep,numberOfRobotsOnBlackSite,numberOfRobotsOnWhiteSite
1435,18,18
timeStep,numberOfRobotsOnBlackSite,numberOfRobotsOnWhiteSite
1436,18,18
timeStep,numberOfRobotsOnBlackSite,numberOfRobotsOnWhiteSite
1437,18,18
timeStep,numberOfRobotsOnBlackSite,numberOfRobotsOnWhiteSite
1438,18,18
timeStep,numberOfRobotsOnBlackSite,numberOfRobotsOnWhiteSite
1439,18,18
timeStep,numberOfRobotsOnBlackSite,numberOfRobotsOnWhiteSite
1440,18,18
timeStep,numberOfRobotsOnBlackSite,numberOfRobotsOnWhiteSite
1441,18,18
timeStep,numberOfRobotsOnBlackSite,numberOfRobotsOnWhiteSite
1442,18,18
timeStep,numberOfRobotsOnBlackSite,numberOfRobotsOnWhiteSite
1443,18,18
timeStep,numberOfRobotsOnBlackSite,numberOfRobotsOnWhiteSite
1444,18,18
timeStep,numberOfRobotsOnBlackSite,numberOfRobotsOnWhiteSite
1445,18,18
timeStep,numberOfRobotsOnBlackSite,numberOfRobotsOnWhiteSite
1446,18,18
timeStep,numberOfRobotsOnBlackSite,numberOfRobotsOnWhiteSite
1447,18,18
timeStep,numberOfRobotsOnBlackSite,numberOfRobotsOnWhiteSite
1448,18,18
timeStep,numberOfRobotsOnBlackSite,numberOfRobotsOnWhiteSite
1449,18,18
timeStep,numberOfRobotsOnBlackSite,numberOfRobotsOnWhiteSite
1450,18,18
timeStep,numberOfRobotsOnBlackSite,numberOfRobotsOnWhiteSite
1451,18,18
timeStep,numberOfRobotsOnBlackSite,numberOfRobotsOnWhiteSite
1452,18,18
timeStep,numberOfRobotsOnBlackSite,numberOfRobotsOnWhiteSite
1453,18,18
timeStep,numberOfRobotsOnBlackSite,numberOfRobotsOnWhiteSite
1454,18,18
timeStep,numberOfRobotsOnBlackSite,numberOfRobotsOnWhiteSite
1455,18,18
timeStep,numberOfRobotsOnBlackSite,numberOfRobotsOnWhiteSite
1456,18,18
timeStep,numberOfRobotsOnBlackSite,numberOfRobotsOnWhiteSite
1457,18,18
timeStep,numberOfRobotsOnBlackSite,numberOfRobotsOnWhiteSite
1458,18,18
timeStep,numberOfRobotsOnBlackSite,numberOfRobotsOnWhiteSite
1459,18,18
timeStep,numberOfRobotsOnBlackSite,numberOfRobotsOnWhiteSite
1460,18,18
timeStep,numberOfRobotsOnBlackSite,numberOfRobotsOnWhiteSite
1461,18,18
timeStep,numberOfRobotsOnBlackSite,numberOfRobotsOnWhiteSite
1462,18,18
timeStep,numberOfRobotsOnBlackSite,numberOfRobotsOnWhiteSite
1463,18,18
timeStep,numberOfRobotsOnBlackSite,numberOfRobotsOnWhiteSite
1464,18,18
timeStep,numberOfRobotsOnBlackSite,numberOfRobotsOnWhiteSite
1465,18,18
timeStep,numberOfRobotsOnBlackSite,numberOfRobotsOnWhiteSite
1466,18,18
timeStep,numberOfRobotsOnBlackSite,numberOfRobotsOnWhiteSite
1467,18,18
timeStep,numberOfRobotsOnBlackSite,numberOfRobotsOnWhiteSite
1468,18,18
timeStep,numberOfRobotsOnBlackSite,numberOfRobotsOnWhiteSite
1469,18,18
timeStep,numberOfRobotsOnBlackSite,numberOfRobotsOnWhiteSite
1470,19,18
timeStep,numberOfRobotsOnBlackSite,numberOfRobotsOnWhiteSite
1471,19,18
timeStep,numberOfRobotsOnBlackSite,numberOfRobotsOnWhiteSite
1472,19,18
timeStep,numberOfRobotsOnBlackSite,numberOfRobotsOnWhiteSite
1473,19,18
timeStep,numberOfRobotsOnBlackSite,numberOfRobotsOnWhiteSite
1474,19,18
timeStep,numberOfRobotsOnBlackSite,numberOfRobotsOnWhiteSite
1475,19,18
timeStep,numberOfRobotsOnBlackSite,numberOfRobotsOnWhiteSite
1476,19,18
timeStep,numberOfRobotsOnBlackSite,numberOfRobotsOnWhiteSite
1477,19,18
timeStep,numberOfRobotsOnBlackSite,numberOfRobotsOnWhiteSite
1478,19,18
timeStep,numberOfRobotsOnBlackSite,numberOfRobotsOnWhiteSite
1479,19,18
timeStep,numberOfRobotsOnBlackSite,numberOfRobotsOnWhiteSite
1480,19,18
timeStep,numberOfRobotsOnBlackSite,numberOfRobotsOnWhiteSite
1481,19,18
timeStep,numberOfRobotsOnBlackSite,numberOfRobotsOnWhiteSite
1482,19,18
timeStep,numberOfRobotsOnBlackSite,numberOfRobotsOnWhiteSite
1483,19,18
timeStep,numberOfRobotsOnBlackSite,numberOfRobotsOnWhiteSite
1484,19,18
timeStep,numberOfRobotsOnBlackSite,numberOfRobotsOnWhiteSite
1485,19,17
timeStep,numberOfRobotsOnBlackSite,numberOfRobotsOnWhiteSite
1486,19,17
timeStep,numberOfRobotsOnBlackSite,numberOfRobotsOnWhiteSite
1487,19,17
timeStep,numberOfRobotsOnBlackSite,numberOfRobotsOnWhiteSite
1488,19,17
timeStep,numberOfRobotsOnBlackSite,numberOfRobotsOnWhiteSite
1489,19,17
timeStep,numberOfRobotsOnBlackSite,numberOfRobotsOnWhiteSite
1490,19,17
timeStep,numberOfRobotsOnBlackSite,numberOfRobotsOnWhiteSite
1491,19,17
timeStep,numberOfRobotsOnBlackSite,numberOfRobotsOnWhiteSite
1492,19,17
timeStep,numberOfRobotsOnBlackSite,numberOfRobotsOnWhiteSite
1493,19,17
timeStep,numberOfRobotsOnBlackSite,numberOfRobotsOnWhiteSite
1494,19,17
timeStep,numberOfRobotsOnBlackSite,numberOfRobotsOnWhiteSite
1495,19,18
timeStep,numberOfRobotsOnBlackSite,numberOfRobotsOnWhiteSite
1496,19,18
timeStep,numberOfRobotsOnBlackSite,numberOfRobotsOnWhiteSite
1497,19,18
timeStep,numberOfRobotsOnBlackSite,numberOfRobotsOnWhiteSite
1498,19,18
timeStep,numberOfRobotsOnBlackSite,numberOfRobotsOnWhiteSite
1499,19,18
timeStep,numberOfRobotsOnBlackSite,numberOfRobotsOnWhiteSite
1500,19,18
timeStep,numberOfRobotsOnBlackSite,numberOfRobotsOnWhiteSite
1501,19,18
timeStep,numberOfRobotsOnBlackSite,numberOfRobotsOnWhiteSite
1502,19,18
timeStep,numberOfRobotsOnBlackSite,numberOfRobotsOnWhiteSite
1503,19,18
timeStep,numberOfRobotsOnBlackSite,numberOfRobotsOnWhiteSite
1504,19,18
timeStep,numberOfRobotsOnBlackSite,numberOfRobotsOnWhiteSite
1505,19,18
timeStep,numberOfRobotsOnBlackSite,numberOfRobotsOnWhiteSite
1506,19,18
timeStep,numberOfRobotsOnBlackSite,numberOfRobotsOnWhiteSite
1507,19,18
timeStep,numberOfRobotsOnBlackSite,numberOfRobotsOnWhiteSite
1508,19,18
timeStep,numberOfRobotsOnBlackSite,numberOfRobotsOnWhiteSite
1509,19,18
timeStep,numberOfRobotsOnBlackSite,numberOfRobotsOnWhiteSite
1510,19,19
timeStep,numberOfRobotsOnBlackSite,numberOfRobotsOnWhiteSite
1511,19,19
timeStep,numberOfRobotsOnBlackSite,numberOfRobotsOnWhiteSite
1512,19,19
timeStep,numberOfRobotsOnBlackSite,numberOfRobotsOnWhiteSite
1513,19,19
timeStep,numberOfRobotsOnBlackSite,numberOfRobotsOnWhiteSite
1514,19,19
timeStep,numberOfRobotsOnBlackSite,numberOfRobotsOnWhiteSite
1515,19,19
timeStep,numberOfRobotsOnBlackSite,numberOfRobotsOnWhiteSite
1516,19,19
timeStep,numberOfRobotsOnBlackSite,numberOfRobotsOnWhiteSite
1517,19,19
timeStep,numberOfRobotsOnBlackSite,numberOfRobotsOnWhiteSite
1518,19,19
timeStep,numberOfRobotsOnBlackSite,numberOfRobotsOnWhiteSite
1519,19,19
timeStep,numberOfRobotsOnBlackSite,numberOfRobotsOnWhiteSite
1520,19,19
timeStep,numberOfRobotsOnBlackSite,numberOfRobotsOnWhiteSite
1521,19,19
timeStep,numberOfRobotsOnBlackSite,numberOfRobotsOnWhiteSite
1522,19,19
timeStep,numberOfRobotsOnBlackSite,numberOfRobotsOnWhiteSite
1523,19,19
timeStep,numberOfRobotsOnBlackSite,numberOfRobotsOnWhiteSite
1524,19,19
timeStep,numberOfRobotsOnBlackSite,numberOfRobotsOnWhiteSite
1525,19,19
timeStep,numberOfRobotsOnBlackSite,numberOfRobotsOnWhiteSite
1526,19,19
timeStep,numberOfRobotsOnBlackSite,numberOfRobotsOnWhiteSite
1527,19,19
timeStep,numberOfRobotsOnBlackSite,numberOfRobotsOnWhiteSite
1528,19,19
timeStep,numberOfRobotsOnBlackSite,numberOfRobotsOnWhiteSite
1529,19,19
timeStep,numberOfRobotsOnBlackSite,numberOfRobotsOnWhiteSite
1530,19,19
timeStep,numberOfRobotsOnBlackSite,numberOfRobotsOnWhiteSite
1531,19,19
timeStep,numberOfRobotsOnBlackSite,numberOfRobotsOnWhiteSite
1532,19,19
timeStep,numberOfRobotsOnBlackSite,numberOfRobotsOnWhiteSite
1533,19,19
timeStep,numberOfRobotsOnBlackSite,numberOfRobotsOnWhiteSite
1534,19,19
timeStep,numberOfRobotsOnBlackSite,numberOfRobotsOnWhiteSite
1535,19,19
timeStep,numberOfRobotsOnBlackSite,numberOfRobotsOnWhiteSite
1536,19,19
timeStep,numberOfRobotsOnBlackSite,numberOfRobotsOnWhiteSite
1537,19,19
timeStep,numberOfRobotsOnBlackSite,numberOfRobotsOnWhiteSite
1538,19,19
timeStep,numberOfRobotsOnBlackSite,numberOfRobotsOnWhiteSite
1539,19,19
timeStep,numberOfRobotsOnBlackSite,numberOfRobotsOnWhiteSite
1540,19,20
timeStep,numberOfRobotsOnBlackSite,numberOfRobotsOnWhiteSite
1541,19,20
timeStep,numberOfRobotsOnBlackSite,numberOfRobotsOnWhiteSite
1542,19,20
timeStep,numberOfRobotsOnBlackSite,numberOfRobotsOnWhiteSite
1543,19,20
timeStep,numberOfRobotsOnBlackSite,numberOfRobotsOnWhiteSite
1544,19,20
timeStep,numberOfRobotsOnBlackSite,numberOfRobotsOnWhiteSite
1545,19,20
timeStep,numberOfRobotsOnBlackSite,numberOfRobotsOnWhiteSite
1546,19,20
timeStep,numberOfRobotsOnBlackSite,numberOfRobotsOnWhiteSite
1547,19,20
timeStep,numberOfRobotsOnBlackSite,numberOfRobotsOnWhiteSite
1548,19,20
timeStep,numberOfRobotsOnBlackSite,numberOfRobotsOnWhiteSite
1549,19,20
timeStep,numberOfRobotsOnBlackSite,numberOfRobotsOnWhiteSite
1550,19,20
timeStep,numberOfRobotsOnBlackSite,numberOfRobotsOnWhiteSite
1551,19,20
timeStep,numberOfRobotsOnBlackSite,numberOfRobotsOnWhiteSite
1552,19,20
timeStep,numberOfRobotsOnBlackSite,numberOfRobotsOnWhiteSite
1553,19,20
timeStep,numberOfRobotsOnBlackSite,numberOfRobotsOnWhiteSite
1554,19,20
timeStep,numberOfRobotsOnBlackSite,numberOfRobotsOnWhiteSite
1555,19,20
timeStep,numberOfRobotsOnBlackSite,numberOfRobotsOnWhiteSite
1556,19,20
timeStep,numberOfRobotsOnBlackSite,numberOfRobotsOnWhiteSite
1557,19,20
timeStep,numberOfRobotsOnBlackSite,numberOfRobotsOnWhiteSite
1558,19,20
timeStep,numberOfRobotsOnBlackSite,numberOfRobotsOnWhiteSite
1559,19,20
timeStep,numberOfRobotsOnBlackSite,numberOfRobotsOnWhiteSite
1560,19,20
timeStep,numberOfRobotsOnBlackSite,numberOfRobotsOnWhiteSite
1561,19,20
timeStep,numberOfRobotsOnBlackSite,numberOfRobotsOnWhiteSite
1562,19,20
timeStep,numberOfRobotsOnBlackSite,numberOfRobotsOnWhiteSite
1563,19,20
timeStep,numberOfRobotsOnBlackSite,numberOfRobotsOnWhiteSite
1564,19,20
timeStep,numberOfRobotsOnBlackSite,numberOfRobotsOnWhiteSite
1565,19,20
timeStep,numberOfRobotsOnBlackSite,numberOfRobotsOnWhiteSite
1566,19,20
timeStep,numberOfRobotsOnBlackSite,numberOfRobotsOnWhiteSite
1567,19,20
timeStep,numberOfRobotsOnBlackSite,numberOfRobotsOnWhiteSite
1568,19,20
timeStep,numberOfRobotsOnBlackSite,numberOfRobotsOnWhiteSite
1569,19,20
timeStep,numberOfRobotsOnBlackSite,numberOfRobotsOnWhiteSite
1570,18,20
timeStep,numberOfRobotsOnBlackSite,numberOfRobotsOnWhiteSite
1571,18,20
timeStep,numberOfRobotsOnBlackSite,numberOfRobotsOnWhiteSite
1572,18,20
timeStep,numberOfRobotsOnBlackSite,numberOfRobotsOnWhiteSite
1573,18,20
timeStep,numberOfRobotsOnBlackSite,numberOfRobotsOnWhiteSite
1574,18,20
timeStep,numberOfRobotsOnBlackSite,numberOfRobotsOnWhiteSite
1575,18,20
timeStep,numberOfRobotsOnBlackSite,numberOfRobotsOnWhiteSite
1576,18,20
timeStep,numberOfRobotsOnBlackSite,numberOfRobotsOnWhiteSite
1577,18,20
timeStep,numberOfRobotsOnBlackSite,numberOfRobotsOnWhiteSite
1578,18,20
timeStep,numberOfRobotsOnBlackSite,numberOfRobotsOnWhiteSite
1579,18,20
timeStep,numberOfRobotsOnBlackSite,numberOfRobotsOnWhiteSite
1580,18,20
timeStep,numberOfRobotsOnBlackSite,numberOfRobotsOnWhiteSite
1581,18,20
timeStep,numberOfRobotsOnBlackSite,numberOfRobotsOnWhiteSite
1582,18,20
timeStep,numberOfRobotsOnBlackSite,numberOfRobotsOnWhiteSite
1583,18,20
timeStep,numberOfRobotsOnBlackSite,numberOfRobotsOnWhiteSite
1584,18,20
timeStep,numberOfRobotsOnBlackSite,numberOfRobotsOnWhiteSite
1585,18,20
timeStep,numberOfRobotsOnBlackSite,numberOfRobotsOnWhiteSite
1586,18,20
timeStep,numberOfRobotsOnBlackSite,numberOfRobotsOnWhiteSite
1587,18,20
timeStep,numberOfRobotsOnBlackSite,numberOfRobotsOnWhiteSite
1588,18,20
timeStep,numberOfRobotsOnBlackSite,numberOfRobotsOnWhiteSite
1589,18,20
timeStep,numberOfRobotsOnBlackSite,numberOfRobotsOnWhiteSite
1590,18,20
timeStep,numberOfRobotsOnBlackSite,numberOfRobotsOnWhiteSite
1591,18,20
timeStep,numberOfRobotsOnBlackSite,numberOfRobotsOnWhiteSite
1592,18,20
timeStep,numberOfRobotsOnBlackSite,numberOfRobotsOnWhiteSite
1593,18,20
timeStep,numberOfRobotsOnBlackSite,numberOfRobotsOnWhiteSite
1594,18,20
timeStep,numberOfRobotsOnBlackSite,numberOfRobotsOnWhiteSite
1595,18,20
timeStep,numberOfRobotsOnBlackSite,numberOfRobotsOnWhiteSite
1596,18,20
timeStep,numberOfRobotsOnBlackSite,numberOfRobotsOnWhiteSite
1597,18,20
timeStep,numberOfRobotsOnBlackSite,numberOfRobotsOnWhiteSite
1598,18,20
timeStep,numberOfRobotsOnBlackSite,numberOfRobotsOnWhiteSite
1599,18,20
timeStep,numberOfRobotsOnBlackSite,numberOfRobotsOnWhiteSite
1600,18,20
timeStep,numberOfRobotsOnBlackSite,numberOfRobotsOnWhiteSite
1601,18,20
timeStep,numberOfRobotsOnBlackSite,numberOfRobotsOnWhiteSite
1602,18,20
timeStep,numberOfRobotsOnBlackSite,numberOfRobotsOnWhiteSite
1603,18,20
timeStep,numberOfRobotsOnBlackSite,numberOfRobotsOnWhiteSite
1604,18,20
timeStep,numberOfRobotsOnBlackSite,numberOfRobotsOnWhiteSite
1605,18,20
timeStep,numberOfRobotsOnBlackSite,numberOfRobotsOnWhiteSite
1606,18,20
timeStep,numberOfRobotsOnBlackSite,numberOfRobotsOnWhiteSite
1607,18,20
timeStep,numberOfRobotsOnBlackSite,numberOfRobotsOnWhiteSite
1608,18,20
timeStep,numberOfRobotsOnBlackSite,numberOfRobotsOnWhiteSite
1609,18,20
timeStep,numberOfRobotsOnBlackSite,numberOfRobotsOnWhiteSite
1610,18,20
timeStep,numberOfRobotsOnBlackSite,numberOfRobotsOnWhiteSite
1611,18,20
timeStep,numberOfRobotsOnBlackSite,numberOfRobotsOnWhiteSite
1612,18,20
timeStep,numberOfRobotsOnBlackSite,numberOfRobotsOnWhiteSite
1613,18,20
timeStep,numberOfRobotsOnBlackSite,numberOfRobotsOnWhiteSite
1614,18,20
timeStep,numberOfRobotsOnBlackSite,numberOfRobotsOnWhiteSite
1615,18,20
timeStep,numberOfRobotsOnBlackSite,numberOfRobotsOnWhiteSite
1616,18,20
timeStep,numberOfRobotsOnBlackSite,numberOfRobotsOnWhiteSite
1617,18,20
timeStep,numberOfRobotsOnBlackSite,numberOfRobotsOnWhiteSite
1618,18,20
timeStep,numberOfRobotsOnBlackSite,numberOfRobotsOnWhiteSite
1619,18,20
timeStep,numberOfRobotsOnBlackSite,numberOfRobotsOnWhiteSite
1620,18,20
timeStep,numberOfRobotsOnBlackSite,numberOfRobotsOnWhiteSite
1621,18,20
timeStep,numberOfRobotsOnBlackSite,numberOfRobotsOnWhiteSite
1622,18,20
timeStep,numberOfRobotsOnBlackSite,numberOfRobotsOnWhiteSite
1623,18,20
timeStep,numberOfRobotsOnBlackSite,numberOfRobotsOnWhiteSite
1624,18,20
timeStep,numberOfRobotsOnBlackSite,numberOfRobotsOnWhiteSite
1625,18,20
timeStep,numberOfRobotsOnBlackSite,numberOfRobotsOnWhiteSite
1626,18,20
timeStep,numberOfRobotsOnBlackSite,numberOfRobotsOnWhiteSite
1627,18,20
timeStep,numberOfRobotsOnBlackSite,numberOfRobotsOnWhiteSite
1628,18,20
timeStep,numberOfRobotsOnBlackSite,numberOfRobotsOnWhiteSite
1629,18,20
timeStep,numberOfRobotsOnBlackSite,numberOfRobotsOnWhiteSite
1630,18,20
timeStep,numberOfRobotsOnBlackSite,numberOfRobotsOnWhiteSite
1631,18,20
timeStep,numberOfRobotsOnBlackSite,numberOfRobotsOnWhiteSite
1632,18,20
timeStep,numberOfRobotsOnBlackSite,numberOfRobotsOnWhiteSite
1633,18,20
timeStep,numberOfRobotsOnBlackSite,numberOfRobotsOnWhiteSite
1634,18,20
timeStep,numberOfRobotsOnBlackSite,numberOfRobotsOnWhiteSite
1635,18,20
timeStep,numberOfRobotsOnBlackSite,numberOfRobotsOnWhiteSite
1636,18,20
timeStep,numberOfRobotsOnBlackSite,numberOfRobotsOnWhiteSite
1637,18,20
timeStep,numberOfRobotsOnBlackSite,numberOfRobotsOnWhiteSite
1638,18,20
timeStep,numberOfRobotsOnBlackSite,numberOfRobotsOnWhiteSite
1639,18,20
timeStep,numberOfRobotsOnBlackSite,numberOfRobotsOnWhiteSite
1640,18,20
timeStep,numberOfRobotsOnBlackSite,numberOfRobotsOnWhiteSite
1641,18,20
timeStep,numberOfRobotsOnBlackSite,numberOfRobotsOnWhiteSite
1642,18,20
timeStep,numberOfRobotsOnBlackSite,numberOfRobotsOnWhiteSite
1643,18,20
timeStep,numberOfRobotsOnBlackSite,numberOfRobotsOnWhiteSite
1644,18,20
timeStep,numberOfRobotsOnBlackSite,numberOfRobotsOnWhiteSite
1645,19,20
timeStep,numberOfRobotsOnBlackSite,numberOfRobotsOnWhiteSite
1646,19,20
timeStep,numberOfRobotsOnBlackSite,numberOfRobotsOnWhiteSite
1647,19,20
timeStep,numberOfRobotsOnBlackSite,numberOfRobotsOnWhiteSite
1648,19,20
timeStep,numberOfRobotsOnBlackSite,numberOfRobotsOnWhiteSite
1649,19,20
timeStep,numberOfRobotsOnBlackSite,numberOfRobotsOnWhiteSite
1650,19,20
timeStep,numberOfRobotsOnBlackSite,numberOfRobotsOnWhiteSite
1651,19,20
timeStep,numberOfRobotsOnBlackSite,numberOfRobotsOnWhiteSite
1652,19,20
timeStep,numberOfRobotsOnBlackSite,numberOfRobotsOnWhiteSite
1653,19,20
timeStep,numberOfRobotsOnBlackSite,numberOfRobotsOnWhiteSite
1654,19,20
timeStep,numberOfRobotsOnBlackSite,numberOfRobotsOnWhiteSite
1655,18,20
timeStep,numberOfRobotsOnBlackSite,numberOfRobotsOnWhiteSite
1656,18,20
timeStep,numberOfRobotsOnBlackSite,numberOfRobotsOnWhiteSite
1657,18,20
timeStep,numberOfRobotsOnBlackSite,numberOfRobotsOnWhiteSite
1658,18,20
timeStep,numberOfRobotsOnBlackSite,numberOfRobotsOnWhiteSite
1659,18,20
timeStep,numberOfRobotsOnBlackSite,numberOfRobotsOnWhiteSite
1660,18,20
timeStep,numberOfRobotsOnBlackSite,numberOfRobotsOnWhiteSite
1661,18,20
timeStep,numberOfRobotsOnBlackSite,numberOfRobotsOnWhiteSite
1662,18,20
timeStep,numberOfRobotsOnBlackSite,numberOfRobotsOnWhiteSite
1663,18,20
timeStep,numberOfRobotsOnBlackSite,numberOfRobotsOnWhiteSite
1664,18,20
timeStep,numberOfRobotsOnBlackSite,numberOfRobotsOnWhiteSite
1665,19,20
timeStep,numberOfRobotsOnBlackSite,numberOfRobotsOnWhiteSite
1666,19,20
timeStep,numberOfRobotsOnBlackSite,numberOfRobotsOnWhiteSite
1667,19,20
timeStep,numberOfRobotsOnBlackSite,numberOfRobotsOnWhiteSite
1668,19,20
timeStep,numberOfRobotsOnBlackSite,numberOfRobotsOnWhiteSite
1669,19,20
timeStep,numberOfRobotsOnBlackSite,numberOfRobotsOnWhiteSite
1670,19,20
timeStep,numberOfRobotsOnBlackSite,numberOfRobotsOnWhiteSite
1671,19,20
timeStep,numberOfRobotsOnBlackSite,numberOfRobotsOnWhiteSite
1672,19,20
timeStep,numberOfRobotsOnBlackSite,numberOfRobotsOnWhiteSite
1673,19,20
timeStep,numberOfRobotsOnBlackSite,numberOfRobotsOnWhiteSite
1674,19,20
timeStep,numberOfRobotsOnBlackSite,numberOfRobotsOnWhiteSite
1675,19,20
timeStep,numberOfRobotsOnBlackSite,numberOfRobotsOnWhiteSite
1676,19,20
timeStep,numberOfRobotsOnBlackSite,numberOfRobotsOnWhiteSite
1677,19,20
timeStep,numberOfRobotsOnBlackSite,numberOfRobotsOnWhiteSite
1678,19,20
timeStep,numberOfRobotsOnBlackSite,numberOfRobotsOnWhiteSite
1679,19,20
timeStep,numberOfRobotsOnBlackSite,numberOfRobotsOnWhiteSite
1680,19,20
timeStep,numberOfRobotsOnBlackSite,numberOfRobotsOnWhiteSite
1681,19,20
timeStep,numberOfRobotsOnBlackSite,numberOfRobotsOnWhiteSite
1682,19,20
timeStep,numberOfRobotsOnBlackSite,numberOfRobotsOnWhiteSite
1683,19,20
timeStep,numberOfRobotsOnBlackSite,numberOfRobotsOnWhiteSite
1684,19,20
timeStep,numberOfRobotsOnBlackSite,numberOfRobotsOnWhiteSite
1685,18,20
timeStep,numberOfRobotsOnBlackSite,numberOfRobotsOnWhiteSite
1686,18,20
timeStep,numberOfRobotsOnBlackSite,numberOfRobotsOnWhiteSite
1687,18,20
timeStep,numberOfRobotsOnBlackSite,numberOfRobotsOnWhiteSite
1688,18,20
timeStep,numberOfRobotsOnBlackSite,numberOfRobotsOnWhiteSite
1689,18,20
timeStep,numberOfRobotsOnBlackSite,numberOfRobotsOnWhiteSite
1690,18,20
timeStep,numberOfRobotsOnBlackSite,numberOfRobotsOnWhiteSite
1691,18,20
timeStep,numberOfRobotsOnBlackSite,numberOfRobotsOnWhiteSite
1692,18,20
timeStep,numberOfRobotsOnBlackSite,numberOfRobotsOnWhiteSite
1693,18,20
timeStep,numberOfRobotsOnBlackSite,numberOfRobotsOnWhiteSite
1694,18,20
timeStep,numberOfRobotsOnBlackSite,numberOfRobotsOnWhiteSite
1695,18,20
timeStep,numberOfRobotsOnBlackSite,numberOfRobotsOnWhiteSite
1696,18,20
timeStep,numberOfRobotsOnBlackSite,numberOfRobotsOnWhiteSite
1697,18,20
timeStep,numberOfRobotsOnBlackSite,numberOfRobotsOnWhiteSite
1698,18,20
timeStep,numberOfRobotsOnBlackSite,numberOfRobotsOnWhiteSite
1699,18,20
timeStep,numberOfRobotsOnBlackSite,numberOfRobotsOnWhiteSite
1700,18,20
timeStep,numberOfRobotsOnBlackSite,numberOfRobotsOnWhiteSite
1701,18,20
timeStep,numberOfRobotsOnBlackSite,numberOfRobotsOnWhiteSite
1702,18,20
timeStep,numberOfRobotsOnBlackSite,numberOfRobotsOnWhiteSite
1703,18,20
timeStep,numberOfRobotsOnBlackSite,numberOfRobotsOnWhiteSite
1704,18,20
timeStep,numberOfRobotsOnBlackSite,numberOfRobotsOnWhiteSite
1705,18,20
timeStep,numberOfRobotsOnBlackSite,numberOfRobotsOnWhiteSite
1706,18,20
timeStep,numberOfRobotsOnBlackSite,numberOfRobotsOnWhiteSite
1707,18,20
timeStep,numberOfRobotsOnBlackSite,numberOfRobotsOnWhiteSite
1708,18,20
timeStep,numberOfRobotsOnBlackSite,numberOfRobotsOnWhiteSite
1709,18,20
timeStep,numberOfRobotsOnBlackSite,numberOfRobotsOnWhiteSite
1710,18,20
timeStep,numberOfRobotsOnBlackSite,numberOfRobotsOnWhiteSite
1711,18,20
timeStep,numberOfRobotsOnBlackSite,numberOfRobotsOnWhiteSite
1712,18,20
timeStep,numberOfRobotsOnBlackSite,numberOfRobotsOnWhiteSite
1713,18,20
timeStep,numberOfRobotsOnBlackSite,numberOfRobotsOnWhiteSite
1714,18,20
timeStep,numberOfRobotsOnBlackSite,numberOfRobotsOnWhiteSite
1715,17,20
timeStep,numberOfRobotsOnBlackSite,numberOfRobotsOnWhiteSite
1716,17,20
timeStep,numberOfRobotsOnBlackSite,numberOfRobotsOnWhiteSite
1717,17,20
timeStep,numberOfRobotsOnBlackSite,numberOfRobotsOnWhiteSite
1718,17,20
timeStep,numberOfRobotsOnBlackSite,numberOfRobotsOnWhiteSite
1719,17,20
timeStep,numberOfRobotsOnBlackSite,numberOfRobotsOnWhiteSite
1720,17,20
timeStep,numberOfRobotsOnBlackSite,numberOfRobotsOnWhiteSite
1721,17,20
timeStep,numberOfRobotsOnBlackSite,numberOfRobotsOnWhiteSite
1722,17,20
timeStep,numberOfRobotsOnBlackSite,numberOfRobotsOnWhiteSite
1723,17,20
timeStep,numberOfRobotsOnBlackSite,numberOfRobotsOnWhiteSite
1724,17,20
timeStep,numberOfRobotsOnBlackSite,numberOfRobotsOnWhiteSite
1725,19,20
timeStep,numberOfRobotsOnBlackSite,numberOfRobotsOnWhiteSite
1726,19,20
timeStep,numberOfRobotsOnBlackSite,numberOfRobotsOnWhiteSite
1727,19,20
timeStep,numberOfRobotsOnBlackSite,numberOfRobotsOnWhiteSite
1728,19,20
timeStep,numberOfRobotsOnBlackSite,numberOfRobotsOnWhiteSite
1729,19,20
timeStep,numberOfRobotsOnBlackSite,numberOfRobotsOnWhiteSite
1730,19,20
timeStep,numberOfRobotsOnBlackSite,numberOfRobotsOnWhiteSite
1731,19,20
timeStep,numberOfRobotsOnBlackSite,numberOfRobotsOnWhiteSite
1732,19,20
timeStep,numberOfRobotsOnBlackSite,numberOfRobotsOnWhiteSite
1733,19,20
timeStep,numberOfRobotsOnBlackSite,numberOfRobotsOnWhiteSite
1734,19,20
timeStep,numberOfRobotsOnBlackSite,numberOfRobotsOnWhiteSite
1735,20,20
timeStep,numberOfRobotsOnBlackSite,numberOfRobotsOnWhiteSite
1736,20,20
timeStep,numberOfRobotsOnBlackSite,numberOfRobotsOnWhiteSite
1737,20,20
timeStep,numberOfRobotsOnBlackSite,numberOfRobotsOnWhiteSite
1738,20,20
timeStep,numberOfRobotsOnBlackSite,numberOfRobotsOnWhiteSite
1739,20,20
timeStep,numberOfRobotsOnBlackSite,numberOfRobotsOnWhiteSite
1740,20,20
timeStep,numberOfRobotsOnBlackSite,numberOfRobotsOnWhiteSite
1741,20,20
timeStep,numberOfRobotsOnBlackSite,numberOfRobotsOnWhiteSite
1742,20,20
timeStep,numberOfRobotsOnBlackSite,numberOfRobotsOnWhiteSite
1743,20,20
timeStep,numberOfRobotsOnBlackSite,numberOfRobotsOnWhiteSite
1744,20,20
timeStep,numberOfRobotsOnBlackSite,numberOfRobotsOnWhiteSite
1745,20,20
timeStep,numberOfRobotsOnBlackSite,numberOfRobotsOnWhiteSite
1746,20,20
timeStep,numberOfRobotsOnBlackSite,numberOfRobotsOnWhiteSite
1747,20,20
timeStep,numberOfRobotsOnBlackSite,numberOfRobotsOnWhiteSite
1748,20,20
timeStep,numberOfRobotsOnBlackSite,numberOfRobotsOnWhiteSite
1749,20,20
timeStep,numberOfRobotsOnBlackSite,numberOfRobotsOnWhiteSite
1750,20,19
timeStep,numberOfRobotsOnBlackSite,numberOfRobotsOnWhiteSite
1751,20,19
timeStep,numberOfRobotsOnBlackSite,numberOfRobotsOnWhiteSite
1752,20,19
timeStep,numberOfRobotsOnBlackSite,numberOfRobotsOnWhiteSite
1753,20,19
timeStep,numberOfRobotsOnBlackSite,numberOfRobotsOnWhiteSite
1754,20,19
timeStep,numberOfRobotsOnBlackSite,numberOfRobotsOnWhiteSite
1755,20,19
timeStep,numberOfRobotsOnBlackSite,numberOfRobotsOnWhiteSite
1756,20,19
timeStep,numberOfRobotsOnBlackSite,numberOfRobotsOnWhiteSite
1757,20,19
timeStep,numberOfRobotsOnBlackSite,numberOfRobotsOnWhiteSite
1758,20,19
timeStep,numberOfRobotsOnBlackSite,numberOfRobotsOnWhiteSite
1759,20,19
timeStep,numberOfRobotsOnBlackSite,numberOfRobotsOnWhiteSite
1760,20,19
timeStep,numberOfRobotsOnBlackSite,numberOfRobotsOnWhiteSite
1761,20,19
timeStep,numberOfRobotsOnBlackSite,numberOfRobotsOnWhiteSite
1762,20,19
timeStep,numberOfRobotsOnBlackSite,numberOfRobotsOnWhiteSite
1763,20,19
timeStep,numberOfRobotsOnBlackSite,numberOfRobotsOnWhiteSite
1764,20,19
timeStep,numberOfRobotsOnBlackSite,numberOfRobotsOnWhiteSite
1765,20,19
timeStep,numberOfRobotsOnBlackSite,numberOfRobotsOnWhiteSite
1766,20,19
timeStep,numberOfRobotsOnBlackSite,numberOfRobotsOnWhiteSite
1767,20,19
timeStep,numberOfRobotsOnBlackSite,numberOfRobotsOnWhiteSite
1768,20,19
timeStep,numberOfRobotsOnBlackSite,numberOfRobotsOnWhiteSite
1769,20,19
timeStep,numberOfRobotsOnBlackSite,numberOfRobotsOnWhiteSite
1770,20,19
timeStep,numberOfRobotsOnBlackSite,numberOfRobotsOnWhiteSite
1771,20,19
timeStep,numberOfRobotsOnBlackSite,numberOfRobotsOnWhiteSite
1772,20,19
timeStep,numberOfRobotsOnBlackSite,numberOfRobotsOnWhiteSite
1773,20,19
timeStep,numberOfRobotsOnBlackSite,numberOfRobotsOnWhiteSite
1774,20,19
timeStep,numberOfRobotsOnBlackSite,numberOfRobotsOnWhiteSite
1775,20,19
timeStep,numberOfRobotsOnBlackSite,numberOfRobotsOnWhiteSite
1776,20,19
timeStep,numberOfRobotsOnBlackSite,numberOfRobotsOnWhiteSite
1777,20,19
timeStep,numberOfRobotsOnBlackSite,numberOfRobotsOnWhiteSite
1778,20,19
timeStep,numberOfRobotsOnBlackSite,numberOfRobotsOnWhiteSite
1779,20,19
timeStep,numberOfRobotsOnBlackSite,numberOfRobotsOnWhiteSite
1780,20,19
timeStep,numberOfRobotsOnBlackSite,numberOfRobotsOnWhiteSite
1781,20,19
timeStep,numberOfRobotsOnBlackSite,numberOfRobotsOnWhiteSite
1782,20,19
timeStep,numberOfRobotsOnBlackSite,numberOfRobotsOnWhiteSite
1783,20,19
timeStep,numberOfRobotsOnBlackSite,numberOfRobotsOnWhiteSite
1784,20,19
timeStep,numberOfRobotsOnBlackSite,numberOfRobotsOnWhiteSite
1785,20,19
timeStep,numberOfRobotsOnBlackSite,numberOfRobotsOnWhiteSite
1786,20,19
timeStep,numberOfRobotsOnBlackSite,numberOfRobotsOnWhiteSite
1787,20,19
timeStep,numberOfRobotsOnBlackSite,numberOfRobotsOnWhiteSite
1788,20,19
timeStep,numberOfRobotsOnBlackSite,numberOfRobotsOnWhiteSite
1789,20,19
timeStep,numberOfRobotsOnBlackSite,numberOfRobotsOnWhiteSite
1790,20,19
timeStep,numberOfRobotsOnBlackSite,numberOfRobotsOnWhiteSite
1791,20,19
timeStep,numberOfRobotsOnBlackSite,numberOfRobotsOnWhiteSite
1792,20,19
timeStep,numberOfRobotsOnBlackSite,numberOfRobotsOnWhiteSite
1793,20,19
timeStep,numberOfRobotsOnBlackSite,numberOfRobotsOnWhiteSite
1794,20,19
timeStep,numberOfRobotsOnBlackSite,numberOfRobotsOnWhiteSite
1795,20,19
timeStep,numberOfRobotsOnBlackSite,numberOfRobotsOnWhiteSite
1796,20,19
timeStep,numberOfRobotsOnBlackSite,numberOfRobotsOnWhiteSite
1797,20,19
timeStep,numberOfRobotsOnBlackSite,numberOfRobotsOnWhiteSite
1798,20,19
timeStep,numberOfRobotsOnBlackSite,numberOfRobotsOnWhiteSite
1799,20,19
timeStep,numberOfRobotsOnBlackSite,numberOfRobotsOnWhiteSite
1800,20,19
timeStep,numberOfRobotsOnBlackSite,numberOfRobotsOnWhiteSite
1801,20,19
timeStep,numberOfRobotsOnBlackSite,numberOfRobotsOnWhiteSite
1802,20,19
timeStep,numberOfRobotsOnBlackSite,numberOfRobotsOnWhiteSite
1803,20,19
timeStep,numberOfRobotsOnBlackSite,numberOfRobotsOnWhiteSite
1804,20,19
timeStep,numberOfRobotsOnBlackSite,numberOfRobotsOnWhiteSite
1805,20,19
timeStep,numberOfRobotsOnBlackSite,numberOfRobotsOnWhiteSite
1806,20,19
timeStep,numberOfRobotsOnBlackSite,numberOfRobotsOnWhiteSite
1807,20,19
timeStep,numberOfRobotsOnBlackSite,numberOfRobotsOnWhiteSite
1808,20,19
timeStep,numberOfRobotsOnBlackSite,numberOfRobotsOnWhiteSite
1809,20,19
timeStep,numberOfRobotsOnBlackSite,numberOfRobotsOnWhiteSite
1810,20,19
timeStep,numberOfRobotsOnBlackSite,numberOfRobotsOnWhiteSite
1811,20,19
timeStep,numberOfRobotsOnBlackSite,numberOfRobotsOnWhiteSite
1812,20,19
timeStep,numberOfRobotsOnBlackSite,numberOfRobotsOnWhiteSite
1813,20,19
timeStep,numberOfRobotsOnBlackSite,numberOfRobotsOnWhiteSite
1814,20,19
timeStep,numberOfRobotsOnBlackSite,numberOfRobotsOnWhiteSite
1815,20,19
timeStep,numberOfRobotsOnBlackSite,numberOfRobotsOnWhiteSite
1816,20,19
timeStep,numberOfRobotsOnBlackSite,numberOfRobotsOnWhiteSite
1817,20,19
timeStep,numberOfRobotsOnBlackSite,numberOfRobotsOnWhiteSite
1818,20,19
timeStep,numberOfRobotsOnBlackSite,numberOfRobotsOnWhiteSite
1819,20,19
timeStep,numberOfRobotsOnBlackSite,numberOfRobotsOnWhiteSite
1820,20,19
timeStep,numberOfRobotsOnBlackSite,numberOfRobotsOnWhiteSite
1821,20,19
timeStep,numberOfRobotsOnBlackSite,numberOfRobotsOnWhiteSite
1822,20,19
timeStep,numberOfRobotsOnBlackSite,numberOfRobotsOnWhiteSite
1823,20,19
timeStep,numberOfRobotsOnBlackSite,numberOfRobotsOnWhiteSite
1824,20,19
timeStep,numberOfRobotsOnBlackSite,numberOfRobotsOnWhiteSite
1825,20,19
timeStep,numberOfRobotsOnBlackSite,numberOfRobotsOnWhiteSite
1826,20,19
timeStep,numberOfRobotsOnBlackSite,numberOfRobotsOnWhiteSite
1827,20,19
timeStep,numberOfRobotsOnBlackSite,numberOfRobotsOnWhiteSite
1828,20,19
timeStep,numberOfRobotsOnBlackSite,numberOfRobotsOnWhiteSite
1829,20,19
timeStep,numberOfRobotsOnBlackSite,numberOfRobotsOnWhiteSite
1830,20,19
timeStep,numberOfRobotsOnBlackSite,numberOfRobotsOnWhiteSite
1831,20,19
timeStep,numberOfRobotsOnBlackSite,numberOfRobotsOnWhiteSite
1832,20,19
timeStep,numberOfRobotsOnBlackSite,numberOfRobotsOnWhiteSite
1833,20,19
timeStep,numberOfRobotsOnBlackSite,numberOfRobotsOnWhiteSite
1834,20,19
timeStep,numberOfRobotsOnBlackSite,numberOfRobotsOnWhiteSite
1835,20,19
timeStep,numberOfRobotsOnBlackSite,numberOfRobotsOnWhiteSite
1836,20,19
timeStep,numberOfRobotsOnBlackSite,numberOfRobotsOnWhiteSite
1837,20,19
timeStep,numberOfRobotsOnBlackSite,numberOfRobotsOnWhiteSite
1838,20,19
timeStep,numberOfRobotsOnBlackSite,numberOfRobotsOnWhiteSite
1839,20,19
timeStep,numberOfRobotsOnBlackSite,numberOfRobotsOnWhiteSite
1840,20,19
timeStep,numberOfRobotsOnBlackSite,numberOfRobotsOnWhiteSite
1841,20,19
timeStep,numberOfRobotsOnBlackSite,numberOfRobotsOnWhiteSite
1842,20,19
timeStep,numberOfRobotsOnBlackSite,numberOfRobotsOnWhiteSite
1843,20,19
timeStep,numberOfRobotsOnBlackSite,numberOfRobotsOnWhiteSite
1844,20,19
timeStep,numberOfRobotsOnBlackSite,numberOfRobotsOnWhiteSite
1845,20,19
timeStep,numberOfRobotsOnBlackSite,numberOfRobotsOnWhiteSite
1846,20,19
timeStep,numberOfRobotsOnBlackSite,numberOfRobotsOnWhiteSite
1847,20,19
timeStep,numberOfRobotsOnBlackSite,numberOfRobotsOnWhiteSite
1848,20,19
timeStep,numberOfRobotsOnBlackSite,numberOfRobotsOnWhiteSite
1849,20,19
timeStep,numberOfRobotsOnBlackSite,numberOfRobotsOnWhiteSite
1850,20,19
timeStep,numberOfRobotsOnBlackSite,numberOfRobotsOnWhiteSite
1851,20,19
timeStep,numberOfRobotsOnBlackSite,numberOfRobotsOnWhiteSite
1852,20,19
timeStep,numberOfRobotsOnBlackSite,numberOfRobotsOnWhiteSite
1853,20,19
timeStep,numberOfRobotsOnBlackSite,numberOfRobotsOnWhiteSite
1854,20,19
timeStep,numberOfRobotsOnBlackSite,numberOfRobotsOnWhiteSite
1855,20,19
timeStep,numberOfRobotsOnBlackSite,numberOfRobotsOnWhiteSite
1856,20,19
timeStep,numberOfRobotsOnBlackSite,numberOfRobotsOnWhiteSite
1857,20,19
timeStep,numberOfRobotsOnBlackSite,numberOfRobotsOnWhiteSite
1858,20,19
timeStep,numberOfRobotsOnBlackSite,numberOfRobotsOnWhiteSite
1859,20,19
timeStep,numberOfRobotsOnBlackSite,numberOfRobotsOnWhiteSite
1860,20,19
timeStep,numberOfRobotsOnBlackSite,numberOfRobotsOnWhiteSite
1861,20,19
timeStep,numberOfRobotsOnBlackSite,numberOfRobotsOnWhiteSite
1862,20,19
timeStep,numberOfRobotsOnBlackSite,numberOfRobotsOnWhiteSite
1863,20,19
timeStep,numberOfRobotsOnBlackSite,numberOfRobotsOnWhiteSite
1864,20,19
timeStep,numberOfRobotsOnBlackSite,numberOfRobotsOnWhiteSite
1865,20,19
timeStep,numberOfRobotsOnBlackSite,numberOfRobotsOnWhiteSite
1866,20,19
timeStep,numberOfRobotsOnBlackSite,numberOfRobotsOnWhiteSite
1867,20,19
timeStep,numberOfRobotsOnBlackSite,numberOfRobotsOnWhiteSite
1868,20,19
timeStep,numberOfRobotsOnBlackSite,numberOfRobotsOnWhiteSite
1869,20,19
timeStep,numberOfRobotsOnBlackSite,numberOfRobotsOnWhiteSite
1870,20,19
timeStep,numberOfRobotsOnBlackSite,numberOfRobotsOnWhiteSite
1871,20,19
timeStep,numberOfRobotsOnBlackSite,numberOfRobotsOnWhiteSite
1872,20,19
timeStep,numberOfRobotsOnBlackSite,numberOfRobotsOnWhiteSite
1873,20,19
timeStep,numberOfRobotsOnBlackSite,numberOfRobotsOnWhiteSite
1874,20,19
timeStep,numberOfRobotsOnBlackSite,numberOfRobotsOnWhiteSite
1875,20,19
timeStep,numberOfRobotsOnBlackSite,numberOfRobotsOnWhiteSite
1876,20,19
timeStep,numberOfRobotsOnBlackSite,numberOfRobotsOnWhiteSite
1877,20,19
timeStep,numberOfRobotsOnBlackSite,numberOfRobotsOnWhiteSite
1878,20,19
timeStep,numberOfRobotsOnBlackSite,numberOfRobotsOnWhiteSite
1879,20,19
timeStep,numberOfRobotsOnBlackSite,numberOfRobotsOnWhiteSite
1880,20,19
timeStep,numberOfRobotsOnBlackSite,numberOfRobotsOnWhiteSite
1881,20,19
timeStep,numberOfRobotsOnBlackSite,numberOfRobotsOnWhiteSite
1882,20,19
timeStep,numberOfRobotsOnBlackSite,numberOfRobotsOnWhiteSite
1883,20,19
timeStep,numberOfRobotsOnBlackSite,numberOfRobotsOnWhiteSite
1884,20,19
timeStep,numberOfRobotsOnBlackSite,numberOfRobotsOnWhiteSite
1885,20,19
timeStep,numberOfRobotsOnBlackSite,numberOfRobotsOnWhiteSite
1886,20,19
timeStep,numberOfRobotsOnBlackSite,numberOfRobotsOnWhiteSite
1887,20,19
timeStep,numberOfRobotsOnBlackSite,numberOfRobotsOnWhiteSite
1888,20,19
timeStep,numberOfRobotsOnBlackSite,numberOfRobotsOnWhiteSite
1889,20,19
timeStep,numberOfRobotsOnBlackSite,numberOfRobotsOnWhiteSite
1890,20,19
timeStep,numberOfRobotsOnBlackSite,numberOfRobotsOnWhiteSite
1891,20,19
timeStep,numberOfRobotsOnBlackSite,numberOfRobotsOnWhiteSite
1892,20,19
timeStep,numberOfRobotsOnBlackSite,numberOfRobotsOnWhiteSite
1893,20,19
timeStep,numberOfRobotsOnBlackSite,numberOfRobotsOnWhiteSite
1894,20,19
timeStep,numberOfRobotsOnBlackSite,numberOfRobotsOnWhiteSite
1895,20,19
timeStep,numberOfRobotsOnBlackSite,numberOfRobotsOnWhiteSite
1896,20,19
timeStep,numberOfRobotsOnBlackSite,numberOfRobotsOnWhiteSite
1897,20,19
timeStep,numberOfRobotsOnBlackSite,numberOfRobotsOnWhiteSite
1898,20,19
timeStep,numberOfRobotsOnBlackSite,numberOfRobotsOnWhiteSite
1899,20,19
timeStep,numberOfRobotsOnBlackSite,numberOfRobotsOnWhiteSite
1900,20,19
timeStep,numberOfRobotsOnBlackSite,numberOfRobotsOnWhiteSite
1901,20,19
timeStep,numberOfRobotsOnBlackSite,numberOfRobotsOnWhiteSite
1902,20,19
timeStep,numberOfRobotsOnBlackSite,numberOfRobotsOnWhiteSite
1903,20,19
timeStep,numberOfRobotsOnBlackSite,numberOfRobotsOnWhiteSite
1904,20,19
timeStep,numberOfRobotsOnBlackSite,numberOfRobotsOnWhiteSite
1905,20,19
timeStep,numberOfRobotsOnBlackSite,numberOfRobotsOnWhiteSite
1906,20,19
timeStep,numberOfRobotsOnBlackSite,numberOfRobotsOnWhiteSite
1907,20,19
timeStep,numberOfRobotsOnBlackSite,numberOfRobotsOnWhiteSite
1908,20,19
timeStep,numberOfRobotsOnBlackSite,numberOfRobotsOnWhiteSite
1909,20,19
timeStep,numberOfRobotsOnBlackSite,numberOfRobotsOnWhiteSite
1910,20,19
timeStep,numberOfRobotsOnBlackSite,numberOfRobotsOnWhiteSite
1911,20,19
timeStep,numberOfRobotsOnBlackSite,numberOfRobotsOnWhiteSite
1912,20,19
timeStep,numberOfRobotsOnBlackSite,numberOfRobotsOnWhiteSite
1913,20,19
timeStep,numberOfRobotsOnBlackSite,numberOfRobotsOnWhiteSite
1914,20,19
timeStep,numberOfRobotsOnBlackSite,numberOfRobotsOnWhiteSite
1915,20,19
timeStep,numberOfRobotsOnBlackSite,numberOfRobotsOnWhiteSite
1916,20,19
timeStep,numberOfRobotsOnBlackSite,numberOfRobotsOnWhiteSite
1917,20,19
timeStep,numberOfRobotsOnBlackSite,numberOfRobotsOnWhiteSite
1918,20,19
timeStep,numberOfRobotsOnBlackSite,numberOfRobotsOnWhiteSite
1919,20,19
timeStep,numberOfRobotsOnBlackSite,numberOfRobotsOnWhiteSite
1920,20,19
timeStep,numberOfRobotsOnBlackSite,numberOfRobotsOnWhiteSite
1921,20,19
timeStep,numberOfRobotsOnBlackSite,numberOfRobotsOnWhiteSite
1922,20,19
timeStep,numberOfRobotsOnBlackSite,numberOfRobotsOnWhiteSite
1923,20,19
timeStep,numberOfRobotsOnBlackSite,numberOfRobotsOnWhiteSite
1924,20,19
timeStep,numberOfRobotsOnBlackSite,numberOfRobotsOnWhiteSite
1925,20,19
timeStep,numberOfRobotsOnBlackSite,numberOfRobotsOnWhiteSite
1926,20,19
timeStep,numberOfRobotsOnBlackSite,numberOfRobotsOnWhiteSite
1927,20,19
timeStep,numberOfRobotsOnBlackSite,numberOfRobotsOnWhiteSite
1928,20,19
timeStep,numberOfRobotsOnBlackSite,numberOfRobotsOnWhiteSite
1929,20,19
timeStep,numberOfRobotsOnBlackSite,numberOfRobotsOnWhiteSite
1930,20,19
timeStep,numberOfRobotsOnBlackSite,numberOfRobotsOnWhiteSite
1931,20,19
timeStep,numberOfRobotsOnBlackSite,numberOfRobotsOnWhiteSite
1932,20,19
timeStep,numberOfRobotsOnBlackSite,numberOfRobotsOnWhiteSite
1933,20,19
timeStep,numberOfRobotsOnBlackSite,numberOfRobotsOnWhiteSite
1934,20,19
timeStep,numberOfRobotsOnBlackSite,numberOfRobotsOnWhiteSite
1935,20,19
timeStep,numberOfRobotsOnBlackSite,numberOfRobotsOnWhiteSite
1936,20,19
timeStep,numberOfRobotsOnBlackSite,numberOfRobotsOnWhiteSite
1937,20,19
timeStep,numberOfRobotsOnBlackSite,numberOfRobotsOnWhiteSite
1938,20,19
timeStep,numberOfRobotsOnBlackSite,numberOfRobotsOnWhiteSite
1939,20,19
timeStep,numberOfRobotsOnBlackSite,numberOfRobotsOnWhiteSite
1940,20,19
timeStep,numberOfRobotsOnBlackSite,numberOfRobotsOnWhiteSite
1941,20,19
timeStep,numberOfRobotsOnBlackSite,numberOfRobotsOnWhiteSite
1942,20,19
timeStep,numberOfRobotsOnBlackSite,numberOfRobotsOnWhiteSite
1943,20,19
timeStep,numberOfRobotsOnBlackSite,numberOfRobotsOnWhiteSite
1944,20,19
timeStep,numberOfRobotsOnBlackSite,numberOfRobotsOnWhiteSite
1945,20,19
timeStep,numberOfRobotsOnBlackSite,numberOfRobotsOnWhiteSite
1946,20,19
timeStep,numberOfRobotsOnBlackSite,numberOfRobotsOnWhiteSite
1947,20,19
timeStep,numberOfRobotsOnBlackSite,numberOfRobotsOnWhiteSite
1948,20,19
timeStep,numberOfRobotsOnBlackSite,numberOfRobotsOnWhiteSite
1949,20,19
timeStep,numberOfRobotsOnBlackSite,numberOfRobotsOnWhiteSite
1950,21,19
timeStep,numberOfRobotsOnBlackSite,numberOfRobotsOnWhiteSite
1951,21,19
timeStep,numberOfRobotsOnBlackSite,numberOfRobotsOnWhiteSite
1952,21,19
timeStep,numberOfRobotsOnBlackSite,numberOfRobotsOnWhiteSite
1953,21,19
timeStep,numberOfRobotsOnBlackSite,numberOfRobotsOnWhiteSite
1954,21,19
timeStep,numberOfRobotsOnBlackSite,numberOfRobotsOnWhiteSite
1955,21,19
timeStep,numberOfRobotsOnBlackSite,numberOfRobotsOnWhiteSite
1956,21,19
timeStep,numberOfRobotsOnBlackSite,numberOfRobotsOnWhiteSite
1957,21,19
timeStep,numberOfRobotsOnBlackSite,numberOfRobotsOnWhiteSite
1958,21,19
timeStep,numberOfRobotsOnBlackSite,numberOfRobotsOnWhiteSite
1959,21,19
timeStep,numberOfRobotsOnBlackSite,numberOfRobotsOnWhiteSite
1960,21,19
timeStep,numberOfRobotsOnBlackSite,numberOfRobotsOnWhiteSite
1961,21,19
timeStep,numberOfRobotsOnBlackSite,numberOfRobotsOnWhiteSite
1962,21,19
timeStep,numberOfRobotsOnBlackSite,numberOfRobotsOnWhiteSite
1963,21,19
timeStep,numberOfRobotsOnBlackSite,numberOfRobotsOnWhiteSite
1964,21,19
timeStep,numberOfRobotsOnBlackSite,numberOfRobotsOnWhiteSite
1965,21,19
timeStep,numberOfRobotsOnBlackSite,numberOfRobotsOnWhiteSite
1966,21,19
timeStep,numberOfRobotsOnBlackSite,numberOfRobotsOnWhiteSite
1967,21,19
timeStep,numberOfRobotsOnBlackSite,numberOfRobotsOnWhiteSite
1968,21,19
timeStep,numberOfRobotsOnBlackSite,numberOfRobotsOnWhiteSite
1969,21,19
timeStep,numberOfRobotsOnBlackSite,numberOfRobotsOnWhiteSite
1970,21,19
timeStep,numberOfRobotsOnBlackSite,numberOfRobotsOnWhiteSite
1971,21,19
timeStep,numberOfRobotsOnBlackSite,numberOfRobotsOnWhiteSite
1972,21,19
timeStep,numberOfRobotsOnBlackSite,numberOfRobotsOnWhiteSite
1973,21,19
timeStep,numberOfRobotsOnBlackSite,numberOfRobotsOnWhiteSite
1974,21,19
timeStep,numberOfRobotsOnBlackSite,numberOfRobotsOnWhiteSite
1975,21,19
timeStep,numberOfRobotsOnBlackSite,numberOfRobotsOnWhiteSite
1976,21,19
timeStep,numberOfRobotsOnBlackSite,numberOfRobotsOnWhiteSite
1977,21,19
timeStep,numberOfRobotsOnBlackSite,numberOfRobotsOnWhiteSite
1978,21,19
timeStep,numberOfRobotsOnBlackSite,numberOfRobotsOnWhiteSite
1979,21,19
timeStep,numberOfRobotsOnBlackSite,numberOfRobotsOnWhiteSite
1980,21,19
timeStep,numberOfRobotsOnBlackSite,numberOfRobotsOnWhiteSite
1981,21,19
timeStep,numberOfRobotsOnBlackSite,numberOfRobotsOnWhiteSite
1982,21,19
timeStep,numberOfRobotsOnBlackSite,numberOfRobotsOnWhiteSite
1983,21,19
timeStep,numberOfRobotsOnBlackSite,numberOfRobotsOnWhiteSite
1984,21,19
timeStep,numberOfRobotsOnBlackSite,numberOfRobotsOnWhiteSite
1985,21,19
timeStep,numberOfRobotsOnBlackSite,numberOfRobotsOnWhiteSite
1986,21,19
timeStep,numberOfRobotsOnBlackSite,numberOfRobotsOnWhiteSite
1987,21,19
timeStep,numberOfRobotsOnBlackSite,numberOfRobotsOnWhiteSite
1988,21,19
timeStep,numberOfRobotsOnBlackSite,numberOfRobotsOnWhiteSite
1989,21,19
timeStep,numberOfRobotsOnBlackSite,numberOfRobotsOnWhiteSite
1990,21,19
timeStep,numberOfRobotsOnBlackSite,numberOfRobotsOnWhiteSite
1991,21,19
timeStep,numberOfRobotsOnBlackSite,numberOfRobotsOnWhiteSite
1992,21,19
timeStep,numberOfRobotsOnBlackSite,numberOfRobotsOnWhiteSite
1993,21,19
timeStep,numberOfRobotsOnBlackSite,numberOfRobotsOnWhiteSite
1994,21,19
timeStep,numberOfRobotsOnBlackSite,numberOfRobotsOnWhiteSite
1995,21,19
timeStep,numberOfRobotsOnBlackSite,numberOfRobotsOnWhiteSite
1996,21,19
timeStep,numberOfRobotsOnBlackSite,numberOfRobotsOnWhiteSite
1997,21,19
timeStep,numberOfRobotsOnBlackSite,numberOfRobotsOnWhiteSite
1998,21,19
timeStep,numberOfRobotsOnBlackSite,numberOfRobotsOnWhiteSite
1999,21,19
timeStep,numberOfRobotsOnBlackSite,numberOfRobotsOnWhiteSite
2000,21,19
timeStep,numberOfRobotsOnBlackSite,numberOfRobotsOnWhiteSite
2001,21,19
timeStep,numberOfRobotsOnBlackSite,numberOfRobotsOnWhiteSite
2002,21,19
timeStep,numberOfRobotsOnBlackSite,numberOfRobotsOnWhiteSite
2003,21,19
timeStep,numberOfRobotsOnBlackSite,numberOfRobotsOnWhiteSite
2004,21,19
timeStep,numberOfRobotsOnBlackSite,numberOfRobotsOnWhiteSite
2005,21,19
timeStep,numberOfRobotsOnBlackSite,numberOfRobotsOnWhiteSite
2006,21,19
timeStep,numberOfRobotsOnBlackSite,numberOfRobotsOnWhiteSite
2007,21,19
timeStep,numberOfRobotsOnBlackSite,numberOfRobotsOnWhiteSite
2008,21,19
timeStep,numberOfRobotsOnBlackSite,numberOfRobotsOnWhiteSite
2009,21,19
timeStep,numberOfRobotsOnBlackSite,numberOfRobotsOnWhiteSite
2010,21,19
timeStep,numberOfRobotsOnBlackSite,numberOfRobotsOnWhiteSite
2011,21,19
timeStep,numberOfRobotsOnBlackSite,numberOfRobotsOnWhiteSite
2012,21,19
timeStep,numberOfRobotsOnBlackSite,numberOfRobotsOnWhiteSite
2013,21,19
timeStep,numberOfRobotsOnBlackSite,numberOfRobotsOnWhiteSite
2014,21,19
timeStep,numberOfRobotsOnBlackSite,numberOfRobotsOnWhiteSite
2015,21,19
timeStep,numberOfRobotsOnBlackSite,numberOfRobotsOnWhiteSite
2016,21,19
timeStep,numberOfRobotsOnBlackSite,numberOfRobotsOnWhiteSite
2017,21,19
timeStep,numberOfRobotsOnBlackSite,numberOfRobotsOnWhiteSite
2018,21,19
timeStep,numberOfRobotsOnBlackSite,numberOfRobotsOnWhiteSite
2019,21,19
timeStep,numberOfRobotsOnBlackSite,numberOfRobotsOnWhiteSite
2020,21,19
timeStep,numberOfRobotsOnBlackSite,numberOfRobotsOnWhiteSite
2021,21,19
timeStep,numberOfRobotsOnBlackSite,numberOfRobotsOnWhiteSite
2022,21,19
timeStep,numberOfRobotsOnBlackSite,numberOfRobotsOnWhiteSite
2023,21,19
timeStep,numberOfRobotsOnBlackSite,numberOfRobotsOnWhiteSite
2024,21,19
timeStep,numberOfRobotsOnBlackSite,numberOfRobotsOnWhiteSite
2025,21,19
timeStep,numberOfRobotsOnBlackSite,numberOfRobotsOnWhiteSite
2026,21,19
timeStep,numberOfRobotsOnBlackSite,numberOfRobotsOnWhiteSite
2027,21,19
timeStep,numberOfRobotsOnBlackSite,numberOfRobotsOnWhiteSite
2028,21,19
timeStep,numberOfRobotsOnBlackSite,numberOfRobotsOnWhiteSite
2029,21,19
timeStep,numberOfRobotsOnBlackSite,numberOfRobotsOnWhiteSite
2030,21,19
timeStep,numberOfRobotsOnBlackSite,numberOfRobotsOnWhiteSite
2031,21,19
timeStep,numberOfRobotsOnBlackSite,numberOfRobotsOnWhiteSite
2032,21,19
timeStep,numberOfRobotsOnBlackSite,numberOfRobotsOnWhiteSite
2033,21,19
timeStep,numberOfRobotsOnBlackSite,numberOfRobotsOnWhiteSite
2034,21,19
timeStep,numberOfRobotsOnBlackSite,numberOfRobotsOnWhiteSite
2035,21,19
timeStep,numberOfRobotsOnBlackSite,numberOfRobotsOnWhiteSite
2036,21,19
timeStep,numberOfRobotsOnBlackSite,numberOfRobotsOnWhiteSite
2037,21,19
timeStep,numberOfRobotsOnBlackSite,numberOfRobotsOnWhiteSite
2038,21,19
timeStep,numberOfRobotsOnBlackSite,numberOfRobotsOnWhiteSite
2039,21,19
timeStep,numberOfRobotsOnBlackSite,numberOfRobotsOnWhiteSite
2040,21,19
timeStep,numberOfRobotsOnBlackSite,numberOfRobotsOnWhiteSite
2041,21,19
timeStep,numberOfRobotsOnBlackSite,numberOfRobotsOnWhiteSite
2042,21,19
timeStep,numberOfRobotsOnBlackSite,numberOfRobotsOnWhiteSite
2043,21,19
timeStep,numberOfRobotsOnBlackSite,numberOfRobotsOnWhiteSite
2044,21,19
timeStep,numberOfRobotsOnBlackSite,numberOfRobotsOnWhiteSite
2045,21,19
timeStep,numberOfRobotsOnBlackSite,numberOfRobotsOnWhiteSite
2046,21,19
timeStep,numberOfRobotsOnBlackSite,numberOfRobotsOnWhiteSite
2047,21,19
timeStep,numberOfRobotsOnBlackSite,numberOfRobotsOnWhiteSite
2048,21,19
timeStep,numberOfRobotsOnBlackSite,numberOfRobotsOnWhiteSite
2049,21,19
timeStep,numberOfRobotsOnBlackSite,numberOfRobotsOnWhiteSite
2050,21,19
timeStep,numberOfRobotsOnBlackSite,numberOfRobotsOnWhiteSite
2051,21,19
timeStep,numberOfRobotsOnBlackSite,numberOfRobotsOnWhiteSite
2052,21,19
timeStep,numberOfRobotsOnBlackSite,numberOfRobotsOnWhiteSite
2053,21,19
timeStep,numberOfRobotsOnBlackSite,numberOfRobotsOnWhiteSite
2054,21,19
timeStep,numberOfRobotsOnBlackSite,numberOfRobotsOnWhiteSite
2055,21,19
timeStep,numberOfRobotsOnBlackSite,numberOfRobotsOnWhiteSite
2056,21,19
timeStep,numberOfRobotsOnBlackSite,numberOfRobotsOnWhiteSite
2057,21,19
timeStep,numberOfRobotsOnBlackSite,numberOfRobotsOnWhiteSite
2058,21,19
timeStep,numberOfRobotsOnBlackSite,numberOfRobotsOnWhiteSite
2059,21,19
timeStep,numberOfRobotsOnBlackSite,numberOfRobotsOnWhiteSite
2060,21,20
timeStep,numberOfRobotsOnBlackSite,numberOfRobotsOnWhiteSite
2061,21,20
timeStep,numberOfRobotsOnBlackSite,numberOfRobotsOnWhiteSite
2062,21,20
timeStep,numberOfRobotsOnBlackSite,numberOfRobotsOnWhiteSite
2063,21,20
timeStep,numberOfRobotsOnBlackSite,numberOfRobotsOnWhiteSite
2064,21,20
timeStep,numberOfRobotsOnBlackSite,numberOfRobotsOnWhiteSite
2065,21,20
timeStep,numberOfRobotsOnBlackSite,numberOfRobotsOnWhiteSite
2066,21,20
timeStep,numberOfRobotsOnBlackSite,numberOfRobotsOnWhiteSite
2067,21,20
timeStep,numberOfRobotsOnBlackSite,numberOfRobotsOnWhiteSite
2068,21,20
timeStep,numberOfRobotsOnBlackSite,numberOfRobotsOnWhiteSite
2069,21,20
timeStep,numberOfRobotsOnBlackSite,numberOfRobotsOnWhiteSite
2070,21,20
timeStep,numberOfRobotsOnBlackSite,numberOfRobotsOnWhiteSite
2071,21,20
timeStep,numberOfRobotsOnBlackSite,numberOfRobotsOnWhiteSite
2072,21,20
timeStep,numberOfRobotsOnBlackSite,numberOfRobotsOnWhiteSite
2073,21,20
timeStep,numberOfRobotsOnBlackSite,numberOfRobotsOnWhiteSite
2074,21,20
timeStep,numberOfRobotsOnBlackSite,numberOfRobotsOnWhiteSite
2075,21,20
timeStep,numberOfRobotsOnBlackSite,numberOfRobotsOnWhiteSite
2076,21,20
timeStep,numberOfRobotsOnBlackSite,numberOfRobotsOnWhiteSite
2077,21,20
timeStep,numberOfRobotsOnBlackSite,numberOfRobotsOnWhiteSite
2078,21,20
timeStep,numberOfRobotsOnBlackSite,numberOfRobotsOnWhiteSite
2079,21,20
timeStep,numberOfRobotsOnBlackSite,numberOfRobotsOnWhiteSite
2080,21,20
timeStep,numberOfRobotsOnBlackSite,numberOfRobotsOnWhiteSite
2081,21,20
timeStep,numberOfRobotsOnBlackSite,numberOfRobotsOnWhiteSite
2082,21,20
timeStep,numberOfRobotsOnBlackSite,numberOfRobotsOnWhiteSite
2083,21,20
timeStep,numberOfRobotsOnBlackSite,numberOfRobotsOnWhiteSite
2084,21,20
timeStep,numberOfRobotsOnBlackSite,numberOfRobotsOnWhiteSite
2085,21,20
timeStep,numberOfRobotsOnBlackSite,numberOfRobotsOnWhiteSite
2086,21,20
timeStep,numberOfRobotsOnBlackSite,numberOfRobotsOnWhiteSite
2087,21,20
timeStep,numberOfRobotsOnBlackSite,numberOfRobotsOnWhiteSite
2088,21,20
timeStep,numberOfRobotsOnBlackSite,numberOfRobotsOnWhiteSite
2089,21,20
timeStep,numberOfRobotsOnBlackSite,numberOfRobotsOnWhiteSite
2090,21,20
timeStep,numberOfRobotsOnBlackSite,numberOfRobotsOnWhiteSite
2091,21,20
timeStep,numberOfRobotsOnBlackSite,numberOfRobotsOnWhiteSite
2092,21,20
timeStep,numberOfRobotsOnBlackSite,numberOfRobotsOnWhiteSite
2093,21,20
timeStep,numberOfRobotsOnBlackSite,numberOfRobotsOnWhiteSite
2094,21,20
timeStep,numberOfRobotsOnBlackSite,numberOfRobotsOnWhiteSite
2095,21,20
timeStep,numberOfRobotsOnBlackSite,numberOfRobotsOnWhiteSite
2096,21,20
timeStep,numberOfRobotsOnBlackSite,numberOfRobotsOnWhiteSite
2097,21,20
timeStep,numberOfRobotsOnBlackSite,numberOfRobotsOnWhiteSite
2098,21,20
timeStep,numberOfRobotsOnBlackSite,numberOfRobotsOnWhiteSite
2099,21,20
timeStep,numberOfRobotsOnBlackSite,numberOfRobotsOnWhiteSite
2100,21,20
timeStep,numberOfRobotsOnBlackSite,numberOfRobotsOnWhiteSite
2101,21,20
timeStep,numberOfRobotsOnBlackSite,numberOfRobotsOnWhiteSite
2102,21,20
timeStep,numberOfRobotsOnBlackSite,numberOfRobotsOnWhiteSite
2103,21,20
timeStep,numberOfRobotsOnBlackSite,numberOfRobotsOnWhiteSite
2104,21,20
timeStep,numberOfRobotsOnBlackSite,numberOfRobotsOnWhiteSite
2105,21,20
timeStep,numberOfRobotsOnBlackSite,numberOfRobotsOnWhiteSite
2106,21,20
timeStep,numberOfRobotsOnBlackSite,numberOfRobotsOnWhiteSite
2107,21,20
timeStep,numberOfRobotsOnBlackSite,numberOfRobotsOnWhiteSite
2108,21,20
timeStep,numberOfRobotsOnBlackSite,numberOfRobotsOnWhiteSite
2109,21,20
timeStep,numberOfRobotsOnBlackSite,numberOfRobotsOnWhiteSite
2110,21,19
timeStep,numberOfRobotsOnBlackSite,numberOfRobotsOnWhiteSite
2111,21,19
timeStep,numberOfRobotsOnBlackSite,numberOfRobotsOnWhiteSite
2112,21,19
timeStep,numberOfRobotsOnBlackSite,numberOfRobotsOnWhiteSite
2113,21,19
timeStep,numberOfRobotsOnBlackSite,numberOfRobotsOnWhiteSite
2114,21,19
timeStep,numberOfRobotsOnBlackSite,numberOfRobotsOnWhiteSite
2115,21,19
timeStep,numberOfRobotsOnBlackSite,numberOfRobotsOnWhiteSite
2116,21,19
timeStep,numberOfRobotsOnBlackSite,numberOfRobotsOnWhiteSite
2117,21,19
timeStep,numberOfRobotsOnBlackSite,numberOfRobotsOnWhiteSite
2118,21,19
timeStep,numberOfRobotsOnBlackSite,numberOfRobotsOnWhiteSite
2119,21,19
timeStep,numberOfRobotsOnBlackSite,numberOfRobotsOnWhiteSite
2120,21,19
timeStep,numberOfRobotsOnBlackSite,numberOfRobotsOnWhiteSite
2121,21,19
timeStep,numberOfRobotsOnBlackSite,numberOfRobotsOnWhiteSite
2122,21,19
timeStep,numberOfRobotsOnBlackSite,numberOfRobotsOnWhiteSite
2123,21,19
timeStep,numberOfRobotsOnBlackSite,numberOfRobotsOnWhiteSite
2124,21,19
timeStep,numberOfRobotsOnBlackSite,numberOfRobotsOnWhiteSite
2125,21,19
timeStep,numberOfRobotsOnBlackSite,numberOfRobotsOnWhiteSite
2126,21,19
timeStep,numberOfRobotsOnBlackSite,numberOfRobotsOnWhiteSite
2127,21,19
timeStep,numberOfRobotsOnBlackSite,numberOfRobotsOnWhiteSite
2128,21,19
timeStep,numberOfRobotsOnBlackSite,numberOfRobotsOnWhiteSite
2129,21,19
timeStep,numberOfRobotsOnBlackSite,numberOfRobotsOnWhiteSite
2130,21,19
timeStep,numberOfRobotsOnBlackSite,numberOfRobotsOnWhiteSite
2131,21,19
timeStep,numberOfRobotsOnBlackSite,numberOfRobotsOnWhiteSite
2132,21,19
timeStep,numberOfRobotsOnBlackSite,numberOfRobotsOnWhiteSite
2133,21,19
timeStep,numberOfRobotsOnBlackSite,numberOfRobotsOnWhiteSite
2134,21,19
timeStep,numberOfRobotsOnBlackSite,numberOfRobotsOnWhiteSite
2135,21,19
timeStep,numberOfRobotsOnBlackSite,numberOfRobotsOnWhiteSite
2136,21,19
timeStep,numberOfRobotsOnBlackSite,numberOfRobotsOnWhiteSite
2137,21,19
timeStep,numberOfRobotsOnBlackSite,numberOfRobotsOnWhiteSite
2138,21,19
timeStep,numberOfRobotsOnBlackSite,numberOfRobotsOnWhiteSite
2139,21,19
timeStep,numberOfRobotsOnBlackSite,numberOfRobotsOnWhiteSite
2140,21,19
timeStep,numberOfRobotsOnBlackSite,numberOfRobotsOnWhiteSite
2141,21,19
timeStep,numberOfRobotsOnBlackSite,numberOfRobotsOnWhiteSite
2142,21,19
timeStep,numberOfRobotsOnBlackSite,numberOfRobotsOnWhiteSite
2143,21,19
timeStep,numberOfRobotsOnBlackSite,numberOfRobotsOnWhiteSite
2144,21,19
timeStep,numberOfRobotsOnBlackSite,numberOfRobotsOnWhiteSite
2145,21,19
timeStep,numberOfRobotsOnBlackSite,numberOfRobotsOnWhiteSite
2146,21,19
timeStep,numberOfRobotsOnBlackSite,numberOfRobotsOnWhiteSite
2147,21,19
timeStep,numberOfRobotsOnBlackSite,numberOfRobotsOnWhiteSite
2148,21,19
timeStep,numberOfRobotsOnBlackSite,numberOfRobotsOnWhiteSite
2149,21,19
timeStep,numberOfRobotsOnBlackSite,numberOfRobotsOnWhiteSite
2150,21,19
timeStep,numberOfRobotsOnBlackSite,numberOfRobotsOnWhiteSite
2151,21,19
timeStep,numberOfRobotsOnBlackSite,numberOfRobotsOnWhiteSite
2152,21,19
timeStep,numberOfRobotsOnBlackSite,numberOfRobotsOnWhiteSite
2153,21,19
timeStep,numberOfRobotsOnBlackSite,numberOfRobotsOnWhiteSite
2154,21,19
timeStep,numberOfRobotsOnBlackSite,numberOfRobotsOnWhiteSite
2155,21,19
timeStep,numberOfRobotsOnBlackSite,numberOfRobotsOnWhiteSite
2156,21,19
timeStep,numberOfRobotsOnBlackSite,numberOfRobotsOnWhiteSite
2157,21,19
timeStep,numberOfRobotsOnBlackSite,numberOfRobotsOnWhiteSite
2158,21,19
timeStep,numberOfRobotsOnBlackSite,numberOfRobotsOnWhiteSite
2159,21,19
timeStep,numberOfRobotsOnBlackSite,numberOfRobotsOnWhiteSite
2160,21,19
timeStep,numberOfRobotsOnBlackSite,numberOfRobotsOnWhiteSite
2161,21,19
timeStep,numberOfRobotsOnBlackSite,numberOfRobotsOnWhiteSite
2162,21,19
timeStep,numberOfRobotsOnBlackSite,numberOfRobotsOnWhiteSite
2163,21,19
timeStep,numberOfRobotsOnBlackSite,numberOfRobotsOnWhiteSite
2164,21,19
timeStep,numberOfRobotsOnBlackSite,numberOfRobotsOnWhiteSite
2165,21,19
timeStep,numberOfRobotsOnBlackSite,numberOfRobotsOnWhiteSite
2166,21,19
timeStep,numberOfRobotsOnBlackSite,numberOfRobotsOnWhiteSite
2167,21,19
timeStep,numberOfRobotsOnBlackSite,numberOfRobotsOnWhiteSite
2168,21,19
timeStep,numberOfRobotsOnBlackSite,numberOfRobotsOnWhiteSite
2169,21,19
timeStep,numberOfRobotsOnBlackSite,numberOfRobotsOnWhiteSite
2170,21,19
timeStep,numberOfRobotsOnBlackSite,numberOfRobotsOnWhiteSite
2171,21,19
timeStep,numberOfRobotsOnBlackSite,numberOfRobotsOnWhiteSite
2172,21,19
timeStep,numberOfRobotsOnBlackSite,numberOfRobotsOnWhiteSite
2173,21,19
timeStep,numberOfRobotsOnBlackSite,numberOfRobotsOnWhiteSite
2174,21,19
timeStep,numberOfRobotsOnBlackSite,numberOfRobotsOnWhiteSite
2175,21,19
timeStep,numberOfRobotsOnBlackSite,numberOfRobotsOnWhiteSite
2176,21,19
timeStep,numberOfRobotsOnBlackSite,numberOfRobotsOnWhiteSite
2177,21,19
timeStep,numberOfRobotsOnBlackSite,numberOfRobotsOnWhiteSite
2178,21,19
timeStep,numberOfRobotsOnBlackSite,numberOfRobotsOnWhiteSite
2179,21,19
timeStep,numberOfRobotsOnBlackSite,numberOfRobotsOnWhiteSite
2180,21,19
timeStep,numberOfRobotsOnBlackSite,numberOfRobotsOnWhiteSite
2181,21,19
timeStep,numberOfRobotsOnBlackSite,numberOfRobotsOnWhiteSite
2182,21,19
timeStep,numberOfRobotsOnBlackSite,numberOfRobotsOnWhiteSite
2183,21,19
timeStep,numberOfRobotsOnBlackSite,numberOfRobotsOnWhiteSite
2184,21,19
timeStep,numberOfRobotsOnBlackSite,numberOfRobotsOnWhiteSite
2185,21,19
timeStep,numberOfRobotsOnBlackSite,numberOfRobotsOnWhiteSite
2186,21,19
timeStep,numberOfRobotsOnBlackSite,numberOfRobotsOnWhiteSite
2187,21,19
timeStep,numberOfRobotsOnBlackSite,numberOfRobotsOnWhiteSite
2188,21,19
timeStep,numberOfRobotsOnBlackSite,numberOfRobotsOnWhiteSite
2189,21,19
timeStep,numberOfRobotsOnBlackSite,numberOfRobotsOnWhiteSite
2190,21,19
timeStep,numberOfRobotsOnBlackSite,numberOfRobotsOnWhiteSite
2191,21,19
timeStep,numberOfRobotsOnBlackSite,numberOfRobotsOnWhiteSite
2192,21,19
timeStep,numberOfRobotsOnBlackSite,numberOfRobotsOnWhiteSite
2193,21,19
timeStep,numberOfRobotsOnBlackSite,numberOfRobotsOnWhiteSite
2194,21,19
timeStep,numberOfRobotsOnBlackSite,numberOfRobotsOnWhiteSite
2195,21,18
timeStep,numberOfRobotsOnBlackSite,numberOfRobotsOnWhiteSite
2196,21,18
timeStep,numberOfRobotsOnBlackSite,numberOfRobotsOnWhiteSite
2197,21,18
timeStep,numberOfRobotsOnBlackSite,numberOfRobotsOnWhiteSite
2198,21,18
timeStep,numberOfRobotsOnBlackSite,numberOfRobotsOnWhiteSite
2199,21,18
timeStep,numberOfRobotsOnBlackSite,numberOfRobotsOnWhiteSite
2200,21,18
timeStep,numberOfRobotsOnBlackSite,numberOfRobotsOnWhiteSite
2201,21,18
timeStep,numberOfRobotsOnBlackSite,numberOfRobotsOnWhiteSite
2202,21,18
timeStep,numberOfRobotsOnBlackSite,numberOfRobotsOnWhiteSite
2203,21,18
timeStep,numberOfRobotsOnBlackSite,numberOfRobotsOnWhiteSite
2204,21,18
timeStep,numberOfRobotsOnBlackSite,numberOfRobotsOnWhiteSite
2205,21,18
timeStep,numberOfRobotsOnBlackSite,numberOfRobotsOnWhiteSite
2206,21,18
timeStep,numberOfRobotsOnBlackSite,numberOfRobotsOnWhiteSite
2207,21,18
timeStep,numberOfRobotsOnBlackSite,numberOfRobotsOnWhiteSite
2208,21,18
timeStep,numberOfRobotsOnBlackSite,numberOfRobotsOnWhiteSite
2209,21,18
timeStep,numberOfRobotsOnBlackSite,numberOfRobotsOnWhiteSite
2210,21,18
timeStep,numberOfRobotsOnBlackSite,numberOfRobotsOnWhiteSite
2211,21,18
timeStep,numberOfRobotsOnBlackSite,numberOfRobotsOnWhiteSite
2212,21,18
timeStep,numberOfRobotsOnBlackSite,numberOfRobotsOnWhiteSite
2213,21,18
timeStep,numberOfRobotsOnBlackSite,numberOfRobotsOnWhiteSite
2214,21,18
timeStep,numberOfRobotsOnBlackSite,numberOfRobotsOnWhiteSite
2215,21,18
timeStep,numberOfRobotsOnBlackSite,numberOfRobotsOnWhiteSite
2216,21,18
timeStep,numberOfRobotsOnBlackSite,numberOfRobotsOnWhiteSite
2217,21,18
timeStep,numberOfRobotsOnBlackSite,numberOfRobotsOnWhiteSite
2218,21,18
timeStep,numberOfRobotsOnBlackSite,numberOfRobotsOnWhiteSite
2219,21,18
timeStep,numberOfRobotsOnBlackSite,numberOfRobotsOnWhiteSite
2220,21,18
timeStep,numberOfRobotsOnBlackSite,numberOfRobotsOnWhiteSite
2221,21,18
timeStep,numberOfRobotsOnBlackSite,numberOfRobotsOnWhiteSite
2222,21,18
timeStep,numberOfRobotsOnBlackSite,numberOfRobotsOnWhiteSite
2223,21,18
timeStep,numberOfRobotsOnBlackSite,numberOfRobotsOnWhiteSite
2224,21,18
timeStep,numberOfRobotsOnBlackSite,numberOfRobotsOnWhiteSite
2225,20,18
timeStep,numberOfRobotsOnBlackSite,numberOfRobotsOnWhiteSite
2226,20,18
timeStep,numberOfRobotsOnBlackSite,numberOfRobotsOnWhiteSite
2227,20,18
timeStep,numberOfRobotsOnBlackSite,numberOfRobotsOnWhiteSite
2228,20,18
timeStep,numberOfRobotsOnBlackSite,numberOfRobotsOnWhiteSite
2229,20,18
timeStep,numberOfRobotsOnBlackSite,numberOfRobotsOnWhiteSite
2230,20,18
timeStep,numberOfRobotsOnBlackSite,numberOfRobotsOnWhiteSite
2231,20,18
timeStep,numberOfRobotsOnBlackSite,numberOfRobotsOnWhiteSite
2232,20,18
timeStep,numberOfRobotsOnBlackSite,numberOfRobotsOnWhiteSite
2233,20,18
timeStep,numberOfRobotsOnBlackSite,numberOfRobotsOnWhiteSite
2234,20,18
timeStep,numberOfRobotsOnBlackSite,numberOfRobotsOnWhiteSite
2235,20,18
timeStep,numberOfRobotsOnBlackSite,numberOfRobotsOnWhiteSite
2236,20,18
timeStep,numberOfRobotsOnBlackSite,numberOfRobotsOnWhiteSite
2237,20,18
timeStep,numberOfRobotsOnBlackSite,numberOfRobotsOnWhiteSite
2238,20,18
timeStep,numberOfRobotsOnBlackSite,numberOfRobotsOnWhiteSite
2239,20,18
timeStep,numberOfRobotsOnBlackSite,numberOfRobotsOnWhiteSite
2240,20,18
timeStep,numberOfRobotsOnBlackSite,numberOfRobotsOnWhiteSite
2241,20,18
timeStep,numberOfRobotsOnBlackSite,numberOfRobotsOnWhiteSite
2242,20,18
timeStep,numberOfRobotsOnBlackSite,numberOfRobotsOnWhiteSite
2243,20,18
timeStep,numberOfRobotsOnBlackSite,numberOfRobotsOnWhiteSite
2244,20,18
timeStep,numberOfRobotsOnBlackSite,numberOfRobotsOnWhiteSite
2245,21,18
timeStep,numberOfRobotsOnBlackSite,numberOfRobotsOnWhiteSite
2246,21,18
timeStep,numberOfRobotsOnBlackSite,numberOfRobotsOnWhiteSite
2247,21,18
timeStep,numberOfRobotsOnBlackSite,numberOfRobotsOnWhiteSite
2248,21,18
timeStep,numberOfRobotsOnBlackSite,numberOfRobotsOnWhiteSite
2249,21,18
timeStep,numberOfRobotsOnBlackSite,numberOfRobotsOnWhiteSite
2250,21,18
timeStep,numberOfRobotsOnBlackSite,numberOfRobotsOnWhiteSite
2251,21,18
timeStep,numberOfRobotsOnBlackSite,numberOfRobotsOnWhiteSite
2252,21,18
timeStep,numberOfRobotsOnBlackSite,numberOfRobotsOnWhiteSite
2253,21,18
timeStep,numberOfRobotsOnBlackSite,numberOfRobotsOnWhiteSite
2254,21,18
timeStep,numberOfRobotsOnBlackSite,numberOfRobotsOnWhiteSite
2255,20,17
timeStep,numberOfRobotsOnBlackSite,numberOfRobotsOnWhiteSite
2256,20,17
timeStep,numberOfRobotsOnBlackSite,numberOfRobotsOnWhiteSite
2257,20,17
timeStep,numberOfRobotsOnBlackSite,numberOfRobotsOnWhiteSite
2258,20,17
timeStep,numberOfRobotsOnBlackSite,numberOfRobotsOnWhiteSite
2259,20,17
timeStep,numberOfRobotsOnBlackSite,numberOfRobotsOnWhiteSite
2260,20,17
timeStep,numberOfRobotsOnBlackSite,numberOfRobotsOnWhiteSite
2261,20,17
timeStep,numberOfRobotsOnBlackSite,numberOfRobotsOnWhiteSite
2262,20,17
timeStep,numberOfRobotsOnBlackSite,numberOfRobotsOnWhiteSite
2263,20,17
timeStep,numberOfRobotsOnBlackSite,numberOfRobotsOnWhiteSite
2264,20,17
timeStep,numberOfRobotsOnBlackSite,numberOfRobotsOnWhiteSite
2265,20,18
timeStep,numberOfRobotsOnBlackSite,numberOfRobotsOnWhiteSite
2266,20,18
timeStep,numberOfRobotsOnBlackSite,numberOfRobotsOnWhiteSite
2267,20,18
timeStep,numberOfRobotsOnBlackSite,numberOfRobotsOnWhiteSite
2268,20,18
timeStep,numberOfRobotsOnBlackSite,numberOfRobotsOnWhiteSite
2269,20,18
timeStep,numberOfRobotsOnBlackSite,numberOfRobotsOnWhiteSite
2270,20,18
timeStep,numberOfRobotsOnBlackSite,numberOfRobotsOnWhiteSite
2271,20,18
timeStep,numberOfRobotsOnBlackSite,numberOfRobotsOnWhiteSite
2272,20,18
timeStep,numberOfRobotsOnBlackSite,numberOfRobotsOnWhiteSite
2273,20,18
timeStep,numberOfRobotsOnBlackSite,numberOfRobotsOnWhiteSite
2274,20,18
timeStep,numberOfRobotsOnBlackSite,numberOfRobotsOnWhiteSite
2275,20,18
timeStep,numberOfRobotsOnBlackSite,numberOfRobotsOnWhiteSite
2276,20,18
timeStep,numberOfRobotsOnBlackSite,numberOfRobotsOnWhiteSite
2277,20,18
timeStep,numberOfRobotsOnBlackSite,numberOfRobotsOnWhiteSite
2278,20,18
timeStep,numberOfRobotsOnBlackSite,numberOfRobotsOnWhiteSite
2279,20,18
timeStep,numberOfRobotsOnBlackSite,numberOfRobotsOnWhiteSite
2280,20,18
timeStep,numberOfRobotsOnBlackSite,numberOfRobotsOnWhiteSite
2281,20,18
timeStep,numberOfRobotsOnBlackSite,numberOfRobotsOnWhiteSite
2282,20,18
timeStep,numberOfRobotsOnBlackSite,numberOfRobotsOnWhiteSite
2283,20,18
timeStep,numberOfRobotsOnBlackSite,numberOfRobotsOnWhiteSite
2284,20,18
timeStep,numberOfRobotsOnBlackSite,numberOfRobotsOnWhiteSite
2285,20,17
timeStep,numberOfRobotsOnBlackSite,numberOfRobotsOnWhiteSite
2286,20,17
timeStep,numberOfRobotsOnBlackSite,numberOfRobotsOnWhiteSite
2287,20,17
timeStep,numberOfRobotsOnBlackSite,numberOfRobotsOnWhiteSite
2288,20,17
timeStep,numberOfRobotsOnBlackSite,numberOfRobotsOnWhiteSite
2289,20,17
timeStep,numberOfRobotsOnBlackSite,numberOfRobotsOnWhiteSite
2290,20,17
timeStep,numberOfRobotsOnBlackSite,numberOfRobotsOnWhiteSite
2291,20,17
timeStep,numberOfRobotsOnBlackSite,numberOfRobotsOnWhiteSite
2292,20,17
timeStep,numberOfRobotsOnBlackSite,numberOfRobotsOnWhiteSite
2293,20,17
timeStep,numberOfRobotsOnBlackSite,numberOfRobotsOnWhiteSite
2294,20,17
timeStep,numberOfRobotsOnBlackSite,numberOfRobotsOnWhiteSite
2295,20,17
timeStep,numberOfRobotsOnBlackSite,numberOfRobotsOnWhiteSite
2296,20,17
timeStep,numberOfRobotsOnBlackSite,numberOfRobotsOnWhiteSite
2297,20,17
timeStep,numberOfRobotsOnBlackSite,numberOfRobotsOnWhiteSite
2298,20,17
timeStep,numberOfRobotsOnBlackSite,numberOfRobotsOnWhiteSite
2299,20,17
timeStep,numberOfRobotsOnBlackSite,numberOfRobotsOnWhiteSite
2300,20,17
timeStep,numberOfRobotsOnBlackSite,numberOfRobotsOnWhiteSite
2301,20,17
timeStep,numberOfRobotsOnBlackSite,numberOfRobotsOnWhiteSite
2302,20,17
timeStep,numberOfRobotsOnBlackSite,numberOfRobotsOnWhiteSite
2303,20,17
timeStep,numberOfRobotsOnBlackSite,numberOfRobotsOnWhiteSite
2304,20,17
timeStep,numberOfRobotsOnBlackSite,numberOfRobotsOnWhiteSite
2305,20,18
timeStep,numberOfRobotsOnBlackSite,numberOfRobotsOnWhiteSite
2306,20,18
timeStep,numberOfRobotsOnBlackSite,numberOfRobotsOnWhiteSite
2307,20,18
timeStep,numberOfRobotsOnBlackSite,numberOfRobotsOnWhiteSite
2308,20,18
timeStep,numberOfRobotsOnBlackSite,numberOfRobotsOnWhiteSite
2309,20,18
timeStep,numberOfRobotsOnBlackSite,numberOfRobotsOnWhiteSite
2310,20,18
timeStep,numberOfRobotsOnBlackSite,numberOfRobotsOnWhiteSite
2311,20,18
timeStep,numberOfRobotsOnBlackSite,numberOfRobotsOnWhiteSite
2312,20,18
timeStep,numberOfRobotsOnBlackSite,numberOfRobotsOnWhiteSite
2313,20,18
timeStep,numberOfRobotsOnBlackSite,numberOfRobotsOnWhiteSite
2314,20,18
timeStep,numberOfRobotsOnBlackSite,numberOfRobotsOnWhiteSite
2315,20,18
timeStep,numberOfRobotsOnBlackSite,numberOfRobotsOnWhiteSite
2316,20,18
timeStep,numberOfRobotsOnBlackSite,numberOfRobotsOnWhiteSite
2317,20,18
timeStep,numberOfRobotsOnBlackSite,numberOfRobotsOnWhiteSite
2318,20,18
timeStep,numberOfRobotsOnBlackSite,numberOfRobotsOnWhiteSite
2319,20,18
timeStep,numberOfRobotsOnBlackSite,numberOfRobotsOnWhiteSite
2320,20,18
timeStep,numberOfRobotsOnBlackSite,numberOfRobotsOnWhiteSite
2321,20,18
timeStep,numberOfRobotsOnBlackSite,numberOfRobotsOnWhiteSite
2322,20,18
timeStep,numberOfRobotsOnBlackSite,numberOfRobotsOnWhiteSite
2323,20,18
timeStep,numberOfRobotsOnBlackSite,numberOfRobotsOnWhiteSite
2324,20,18
timeStep,numberOfRobotsOnBlackSite,numberOfRobotsOnWhiteSite
2325,20,18
timeStep,numberOfRobotsOnBlackSite,numberOfRobotsOnWhiteSite
2326,20,18
timeStep,numberOfRobotsOnBlackSite,numberOfRobotsOnWhiteSite
2327,20,18
timeStep,numberOfRobotsOnBlackSite,numberOfRobotsOnWhiteSite
2328,20,18
timeStep,numberOfRobotsOnBlackSite,numberOfRobotsOnWhiteSite
2329,20,18
timeStep,numberOfRobotsOnBlackSite,numberOfRobotsOnWhiteSite
2330,20,18
timeStep,numberOfRobotsOnBlackSite,numberOfRobotsOnWhiteSite
2331,20,18
timeStep,numberOfRobotsOnBlackSite,numberOfRobotsOnWhiteSite
2332,20,18
timeStep,numberOfRobotsOnBlackSite,numberOfRobotsOnWhiteSite
2333,20,18
timeStep,numberOfRobotsOnBlackSite,numberOfRobotsOnWhiteSite
2334,20,18
timeStep,numberOfRobotsOnBlackSite,numberOfRobotsOnWhiteSite
2335,20,18
timeStep,numberOfRobotsOnBlackSite,numberOfRobotsOnWhiteSite
2336,20,18
timeStep,numberOfRobotsOnBlackSite,numberOfRobotsOnWhiteSite
2337,20,18
timeStep,numberOfRobotsOnBlackSite,numberOfRobotsOnWhiteSite
2338,20,18
timeStep,numberOfRobotsOnBlackSite,numberOfRobotsOnWhiteSite
2339,20,18
timeStep,numberOfRobotsOnBlackSite,numberOfRobotsOnWhiteSite
2340,20,18
timeStep,numberOfRobotsOnBlackSite,numberOfRobotsOnWhiteSite
2341,20,18
timeStep,numberOfRobotsOnBlackSite,numberOfRobotsOnWhiteSite
2342,20,18
timeStep,numberOfRobotsOnBlackSite,numberOfRobotsOnWhiteSite
2343,20,18
timeStep,numberOfRobotsOnBlackSite,numberOfRobotsOnWhiteSite
2344,20,18
timeStep,numberOfRobotsOnBlackSite,numberOfRobotsOnWhiteSite
2345,20,18
timeStep,numberOfRobotsOnBlackSite,numberOfRobotsOnWhiteSite
2346,20,18
timeStep,numberOfRobotsOnBlackSite,numberOfRobotsOnWhiteSite
2347,20,18
timeStep,numberOfRobotsOnBlackSite,numberOfRobotsOnWhiteSite
2348,20,18
timeStep,numberOfRobotsOnBlackSite,numberOfRobotsOnWhiteSite
2349,20,18
timeStep,numberOfRobotsOnBlackSite,numberOfRobotsOnWhiteSite
2350,20,18
timeStep,numberOfRobotsOnBlackSite,numberOfRobotsOnWhiteSite
2351,20,18
timeStep,numberOfRobotsOnBlackSite,numberOfRobotsOnWhiteSite
2352,20,18
timeStep,numberOfRobotsOnBlackSite,numberOfRobotsOnWhiteSite
2353,20,18
timeStep,numberOfRobotsOnBlackSite,numberOfRobotsOnWhiteSite
2354,20,18
timeStep,numberOfRobotsOnBlackSite,numberOfRobotsOnWhiteSite
2355,20,18
timeStep,numberOfRobotsOnBlackSite,numberOfRobotsOnWhiteSite
2356,20,18
timeStep,numberOfRobotsOnBlackSite,numberOfRobotsOnWhiteSite
2357,20,18
timeStep,numberOfRobotsOnBlackSite,numberOfRobotsOnWhiteSite
2358,20,18
timeStep,numberOfRobotsOnBlackSite,numberOfRobotsOnWhiteSite
2359,20,18
timeStep,numberOfRobotsOnBlackSite,numberOfRobotsOnWhiteSite
2360,20,18
timeStep,numberOfRobotsOnBlackSite,numberOfRobotsOnWhiteSite
2361,20,18
timeStep,numberOfRobotsOnBlackSite,numberOfRobotsOnWhiteSite
2362,20,18
timeStep,numberOfRobotsOnBlackSite,numberOfRobotsOnWhiteSite
2363,20,18
timeStep,numberOfRobotsOnBlackSite,numberOfRobotsOnWhiteSite
2364,20,18
timeStep,numberOfRobotsOnBlackSite,numberOfRobotsOnWhiteSite
2365,20,19
timeStep,numberOfRobotsOnBlackSite,numberOfRobotsOnWhiteSite
2366,20,19
timeStep,numberOfRobotsOnBlackSite,numberOfRobotsOnWhiteSite
2367,20,19
timeStep,numberOfRobotsOnBlackSite,numberOfRobotsOnWhiteSite
2368,20,19
timeStep,numberOfRobotsOnBlackSite,numberOfRobotsOnWhiteSite
2369,20,19
timeStep,numberOfRobotsOnBlackSite,numberOfRobotsOnWhiteSite
2370,20,19
timeStep,numberOfRobotsOnBlackSite,numberOfRobotsOnWhiteSite
2371,20,19
timeStep,numberOfRobotsOnBlackSite,numberOfRobotsOnWhiteSite
2372,20,19
timeStep,numberOfRobotsOnBlackSite,numberOfRobotsOnWhiteSite
2373,20,19
timeStep,numberOfRobotsOnBlackSite,numberOfRobotsOnWhiteSite
2374,20,19
timeStep,numberOfRobotsOnBlackSite,numberOfRobotsOnWhiteSite
2375,20,19
timeStep,numberOfRobotsOnBlackSite,numberOfRobotsOnWhiteSite
2376,20,19
timeStep,numberOfRobotsOnBlackSite,numberOfRobotsOnWhiteSite
2377,20,19
timeStep,numberOfRobotsOnBlackSite,numberOfRobotsOnWhiteSite
2378,20,19
timeStep,numberOfRobotsOnBlackSite,numberOfRobotsOnWhiteSite
2379,20,19
timeStep,numberOfRobotsOnBlackSite,numberOfRobotsOnWhiteSite
2380,20,20
timeStep,numberOfRobotsOnBlackSite,numberOfRobotsOnWhiteSite
2381,20,20
timeStep,numberOfRobotsOnBlackSite,numberOfRobotsOnWhiteSite
2382,20,20
timeStep,numberOfRobotsOnBlackSite,numberOfRobotsOnWhiteSite
2383,20,20
timeStep,numberOfRobotsOnBlackSite,numberOfRobotsOnWhiteSite
2384,20,20
timeStep,numberOfRobotsOnBlackSite,numberOfRobotsOnWhiteSite
2385,20,20
timeStep,numberOfRobotsOnBlackSite,numberOfRobotsOnWhiteSite
2386,20,20
timeStep,numberOfRobotsOnBlackSite,numberOfRobotsOnWhiteSite
2387,20,20
timeStep,numberOfRobotsOnBlackSite,numberOfRobotsOnWhiteSite
2388,20,20
timeStep,numberOfRobotsOnBlackSite,numberOfRobotsOnWhiteSite
2389,20,20
timeStep,numberOfRobotsOnBlackSite,numberOfRobotsOnWhiteSite
2390,20,20
timeStep,numberOfRobotsOnBlackSite,numberOfRobotsOnWhiteSite
2391,20,20
timeStep,numberOfRobotsOnBlackSite,numberOfRobotsOnWhiteSite
2392,20,20
timeStep,numberOfRobotsOnBlackSite,numberOfRobotsOnWhiteSite
2393,20,20
timeStep,numberOfRobotsOnBlackSite,numberOfRobotsOnWhiteSite
2394,20,20
timeStep,numberOfRobotsOnBlackSite,numberOfRobotsOnWhiteSite
2395,20,20
timeStep,numberOfRobotsOnBlackSite,numberOfRobotsOnWhiteSite
2396,20,20
timeStep,numberOfRobotsOnBlackSite,numberOfRobotsOnWhiteSite
2397,20,20
timeStep,numberOfRobotsOnBlackSite,numberOfRobotsOnWhiteSite
2398,20,20
timeStep,numberOfRobotsOnBlackSite,numberOfRobotsOnWhiteSite
2399,20,20
timeStep,numberOfRobotsOnBlackSite,numberOfRobotsOnWhiteSite
2400,20,20
timeStep,numberOfRobotsOnBlackSite,numberOfRobotsOnWhiteSite
2401,20,20
timeStep,numberOfRobotsOnBlackSite,numberOfRobotsOnWhiteSite
2402,20,20
timeStep,numberOfRobotsOnBlackSite,numberOfRobotsOnWhiteSite
2403,20,20
timeStep,numberOfRobotsOnBlackSite,numberOfRobotsOnWhiteSite
2404,20,20
timeStep,numberOfRobotsOnBlackSite,numberOfRobotsOnWhiteSite
2405,20,20
timeStep,numberOfRobotsOnBlackSite,numberOfRobotsOnWhiteSite
2406,20,20
timeStep,numberOfRobotsOnBlackSite,numberOfRobotsOnWhiteSite
2407,20,20
timeStep,numberOfRobotsOnBlackSite,numberOfRobotsOnWhiteSite
2408,20,20
timeStep,numberOfRobotsOnBlackSite,numberOfRobotsOnWhiteSite
2409,20,20
timeStep,numberOfRobotsOnBlackSite,numberOfRobotsOnWhiteSite
2410,20,20
timeStep,numberOfRobotsOnBlackSite,numberOfRobotsOnWhiteSite
2411,20,20
timeStep,numberOfRobotsOnBlackSite,numberOfRobotsOnWhiteSite
2412,20,20
timeStep,numberOfRobotsOnBlackSite,numberOfRobotsOnWhiteSite
2413,20,20
timeStep,numberOfRobotsOnBlackSite,numberOfRobotsOnWhiteSite
2414,20,20
timeStep,numberOfRobotsOnBlackSite,numberOfRobotsOnWhiteSite
2415,20,20
timeStep,numberOfRobotsOnBlackSite,numberOfRobotsOnWhiteSite
2416,20,20
timeStep,numberOfRobotsOnBlackSite,numberOfRobotsOnWhiteSite
2417,20,20
timeStep,numberOfRobotsOnBlackSite,numberOfRobotsOnWhiteSite
2418,20,20
timeStep,numberOfRobotsOnBlackSite,numberOfRobotsOnWhiteSite
2419,20,20
timeStep,numberOfRobotsOnBlackSite,numberOfRobotsOnWhiteSite
2420,20,20
timeStep,numberOfRobotsOnBlackSite,numberOfRobotsOnWhiteSite
2421,20,20
timeStep,numberOfRobotsOnBlackSite,numberOfRobotsOnWhiteSite
2422,20,20
timeStep,numberOfRobotsOnBlackSite,numberOfRobotsOnWhiteSite
2423,20,20
timeStep,numberOfRobotsOnBlackSite,numberOfRobotsOnWhiteSite
2424,20,20
timeStep,numberOfRobotsOnBlackSite,numberOfRobotsOnWhiteSite
2425,20,20
timeStep,numberOfRobotsOnBlackSite,numberOfRobotsOnWhiteSite
2426,20,20
timeStep,numberOfRobotsOnBlackSite,numberOfRobotsOnWhiteSite
2427,20,20
timeStep,numberOfRobotsOnBlackSite,numberOfRobotsOnWhiteSite
2428,20,20
timeStep,numberOfRobotsOnBlackSite,numberOfRobotsOnWhiteSite
2429,20,20
timeStep,numberOfRobotsOnBlackSite,numberOfRobotsOnWhiteSite
2430,20,20
timeStep,numberOfRobotsOnBlackSite,numberOfRobotsOnWhiteSite
2431,20,20
timeStep,numberOfRobotsOnBlackSite,numberOfRobotsOnWhiteSite
2432,20,20
timeStep,numberOfRobotsOnBlackSite,numberOfRobotsOnWhiteSite
2433,20,20
timeStep,numberOfRobotsOnBlackSite,numberOfRobotsOnWhiteSite
2434,20,20
timeStep,numberOfRobotsOnBlackSite,numberOfRobotsOnWhiteSite
2435,20,20
timeStep,numberOfRobotsOnBlackSite,numberOfRobotsOnWhiteSite
2436,20,20
timeStep,numberOfRobotsOnBlackSite,numberOfRobotsOnWhiteSite
2437,20,20
timeStep,numberOfRobotsOnBlackSite,numberOfRobotsOnWhiteSite
2438,20,20
timeStep,numberOfRobotsOnBlackSite,numberOfRobotsOnWhiteSite
2439,20,20
timeStep,numberOfRobotsOnBlackSite,numberOfRobotsOnWhiteSite
2440,20,20
timeStep,numberOfRobotsOnBlackSite,numberOfRobotsOnWhiteSite
2441,20,20
timeStep,numberOfRobotsOnBlackSite,numberOfRobotsOnWhiteSite
2442,20,20
timeStep,numberOfRobotsOnBlackSite,numberOfRobotsOnWhiteSite
2443,20,20
timeStep,numberOfRobotsOnBlackSite,numberOfRobotsOnWhiteSite
2444,20,20
timeStep,numberOfRobotsOnBlackSite,numberOfRobotsOnWhiteSite
2445,20,20
timeStep,numberOfRobotsOnBlackSite,numberOfRobotsOnWhiteSite
2446,20,20
timeStep,numberOfRobotsOnBlackSite,numberOfRobotsOnWhiteSite
2447,20,20
timeStep,numberOfRobotsOnBlackSite,numberOfRobotsOnWhiteSite
2448,20,20
timeStep,numberOfRobotsOnBlackSite,numberOfRobotsOnWhiteSite
2449,20,20
timeStep,numberOfRobotsOnBlackSite,numberOfRobotsOnWhiteSite
2450,20,20
timeStep,numberOfRobotsOnBlackSite,numberOfRobotsOnWhiteSite
2451,20,20
timeStep,numberOfRobotsOnBlackSite,numberOfRobotsOnWhiteSite
2452,20,20
timeStep,numberOfRobotsOnBlackSite,numberOfRobotsOnWhiteSite
2453,20,20
timeStep,numberOfRobotsOnBlackSite,numberOfRobotsOnWhiteSite
2454,20,20
timeStep,numberOfRobotsOnBlackSite,numberOfRobotsOnWhiteSite
2455,20,20
timeStep,numberOfRobotsOnBlackSite,numberOfRobotsOnWhiteSite
2456,20,20
timeStep,numberOfRobotsOnBlackSite,numberOfRobotsOnWhiteSite
2457,20,20
timeStep,numberOfRobotsOnBlackSite,numberOfRobotsOnWhiteSite
2458,20,20
timeStep,numberOfRobotsOnBlackSite,numberOfRobotsOnWhiteSite
2459,20,20
timeStep,numberOfRobotsOnBlackSite,numberOfRobotsOnWhiteSite
2460,20,20
timeStep,numberOfRobotsOnBlackSite,numberOfRobotsOnWhiteSite
2461,20,20
timeStep,numberOfRobotsOnBlackSite,numberOfRobotsOnWhiteSite
2462,20,20
timeStep,numberOfRobotsOnBlackSite,numberOfRobotsOnWhiteSite
2463,20,20
timeStep,numberOfRobotsOnBlackSite,numberOfRobotsOnWhiteSite
2464,20,20
timeStep,numberOfRobotsOnBlackSite,numberOfRobotsOnWhiteSite
2465,20,20
timeStep,numberOfRobotsOnBlackSite,numberOfRobotsOnWhiteSite
2466,20,20
timeStep,numberOfRobotsOnBlackSite,numberOfRobotsOnWhiteSite
2467,20,20
timeStep,numberOfRobotsOnBlackSite,numberOfRobotsOnWhiteSite
2468,20,20
timeStep,numberOfRobotsOnBlackSite,numberOfRobotsOnWhiteSite
2469,20,20
timeStep,numberOfRobotsOnBlackSite,numberOfRobotsOnWhiteSite
2470,20,20
timeStep,numberOfRobotsOnBlackSite,numberOfRobotsOnWhiteSite
2471,20,20
timeStep,numberOfRobotsOnBlackSite,numberOfRobotsOnWhiteSite
2472,20,20
timeStep,numberOfRobotsOnBlackSite,numberOfRobotsOnWhiteSite
2473,20,20
timeStep,numberOfRobotsOnBlackSite,numberOfRobotsOnWhiteSite
2474,20,20
timeStep,numberOfRobotsOnBlackSite,numberOfRobotsOnWhiteSite
2475,20,21
timeStep,numberOfRobotsOnBlackSite,numberOfRobotsOnWhiteSite
2476,20,21
timeStep,numberOfRobotsOnBlackSite,numberOfRobotsOnWhiteSite
2477,20,21
timeStep,numberOfRobotsOnBlackSite,numberOfRobotsOnWhiteSite
2478,20,21
timeStep,numberOfRobotsOnBlackSite,numberOfRobotsOnWhiteSite
2479,20,21
timeStep,numberOfRobotsOnBlackSite,numberOfRobotsOnWhiteSite
2480,20,21
timeStep,numberOfRobotsOnBlackSite,numberOfRobotsOnWhiteSite
2481,20,21
timeStep,numberOfRobotsOnBlackSite,numberOfRobotsOnWhiteSite
2482,20,21
timeStep,numberOfRobotsOnBlackSite,numberOfRobotsOnWhiteSite
2483,20,21
timeStep,numberOfRobotsOnBlackSite,numberOfRobotsOnWhiteSite
2484,20,21
timeStep,numberOfRobotsOnBlackSite,numberOfRobotsOnWhiteSite
2485,20,21
timeStep,numberOfRobotsOnBlackSite,numberOfRobotsOnWhiteSite
2486,20,21
timeStep,numberOfRobotsOnBlackSite,numberOfRobotsOnWhiteSite
2487,20,21
timeStep,numberOfRobotsOnBlackSite,numberOfRobotsOnWhiteSite
2488,20,21
timeStep,numberOfRobotsOnBlackSite,numberOfRobotsOnWhiteSite
2489,20,21
timeStep,numberOfRobotsOnBlackSite,numberOfRobotsOnWhiteSite
2490,20,21
timeStep,numberOfRobotsOnBlackSite,numberOfRobotsOnWhiteSite
2491,20,21
timeStep,numberOfRobotsOnBlackSite,numberOfRobotsOnWhiteSite
2492,20,21
timeStep,numberOfRobotsOnBlackSite,numberOfRobotsOnWhiteSite
2493,20,21
timeStep,numberOfRobotsOnBlackSite,numberOfRobotsOnWhiteSite
2494,20,21
timeStep,numberOfRobotsOnBlackSite,numberOfRobotsOnWhiteSite
2495,20,21
timeStep,numberOfRobotsOnBlackSite,numberOfRobotsOnWhiteSite
2496,20,21
timeStep,numberOfRobotsOnBlackSite,numberOfRobotsOnWhiteSite
2497,20,21
timeStep,numberOfRobotsOnBlackSite,numberOfRobotsOnWhiteSite
2498,20,21
timeStep,numberOfRobotsOnBlackSite,numberOfRobotsOnWhiteSite
2499,20,21
timeStep,numberOfRobotsOnBlackSite,numberOfRobotsOnWhiteSite
2500,19,21
timeStep,numberOfRobotsOnBlackSite,numberOfRobotsOnWhiteSite
2501,19,21
timeStep,numberOfRobotsOnBlackSite,numberOfRobotsOnWhiteSite
2502,19,21
timeStep,numberOfRobotsOnBlackSite,numberOfRobotsOnWhiteSite
2503,19,21
timeStep,numberOfRobotsOnBlackSite,numberOfRobotsOnWhiteSite
2504,19,21
timeStep,numberOfRobotsOnBlackSite,numberOfRobotsOnWhiteSite
2505,19,21
timeStep,numberOfRobotsOnBlackSite,numberOfRobotsOnWhiteSite
2506,19,21
timeStep,numberOfRobotsOnBlackSite,numberOfRobotsOnWhiteSite
2507,19,21
timeStep,numberOfRobotsOnBlackSite,numberOfRobotsOnWhiteSite
2508,19,21
timeStep,numberOfRobotsOnBlackSite,numberOfRobotsOnWhiteSite
2509,19,21
timeStep,numberOfRobotsOnBlackSite,numberOfRobotsOnWhiteSite
2510,19,21
timeStep,numberOfRobotsOnBlackSite,numberOfRobotsOnWhiteSite
2511,19,21
timeStep,numberOfRobotsOnBlackSite,numberOfRobotsOnWhiteSite
2512,19,21
timeStep,numberOfRobotsOnBlackSite,numberOfRobotsOnWhiteSite
2513,19,21
timeStep,numberOfRobotsOnBlackSite,numberOfRobotsOnWhiteSite
2514,19,21
timeStep,numberOfRobotsOnBlackSite,numberOfRobotsOnWhiteSite
2515,19,21
timeStep,numberOfRobotsOnBlackSite,numberOfRobotsOnWhiteSite
2516,19,21
timeStep,numberOfRobotsOnBlackSite,numberOfRobotsOnWhiteSite
2517,19,21
timeStep,numberOfRobotsOnBlackSite,numberOfRobotsOnWhiteSite
2518,19,21
timeStep,numberOfRobotsOnBlackSite,numberOfRobotsOnWhiteSite
2519,19,21
timeStep,numberOfRobotsOnBlackSite,numberOfRobotsOnWhiteSite
2520,19,21
timeStep,numberOfRobotsOnBlackSite,numberOfRobotsOnWhiteSite
2521,19,21
timeStep,numberOfRobotsOnBlackSite,numberOfRobotsOnWhiteSite
2522,19,21
timeStep,numberOfRobotsOnBlackSite,numberOfRobotsOnWhiteSite
2523,19,21
timeStep,numberOfRobotsOnBlackSite,numberOfRobotsOnWhiteSite
2524,19,21
timeStep,numberOfRobotsOnBlackSite,numberOfRobotsOnWhiteSite
2525,19,21
timeStep,numberOfRobotsOnBlackSite,numberOfRobotsOnWhiteSite
2526,19,21
timeStep,numberOfRobotsOnBlackSite,numberOfRobotsOnWhiteSite
2527,19,21
timeStep,numberOfRobotsOnBlackSite,numberOfRobotsOnWhiteSite
2528,19,21
timeStep,numberOfRobotsOnBlackSite,numberOfRobotsOnWhiteSite
2529,19,21
timeStep,numberOfRobotsOnBlackSite,numberOfRobotsOnWhiteSite
2530,19,21
timeStep,numberOfRobotsOnBlackSite,numberOfRobotsOnWhiteSite
2531,19,21
timeStep,numberOfRobotsOnBlackSite,numberOfRobotsOnWhiteSite
2532,19,21
timeStep,numberOfRobotsOnBlackSite,numberOfRobotsOnWhiteSite
2533,19,21
timeStep,numberOfRobotsOnBlackSite,numberOfRobotsOnWhiteSite
2534,19,21
timeStep,numberOfRobotsOnBlackSite,numberOfRobotsOnWhiteSite
2535,19,21
timeStep,numberOfRobotsOnBlackSite,numberOfRobotsOnWhiteSite
2536,19,21
timeStep,numberOfRobotsOnBlackSite,numberOfRobotsOnWhiteSite
2537,19,21
timeStep,numberOfRobotsOnBlackSite,numberOfRobotsOnWhiteSite
2538,19,21
timeStep,numberOfRobotsOnBlackSite,numberOfRobotsOnWhiteSite
2539,19,21
timeStep,numberOfRobotsOnBlackSite,numberOfRobotsOnWhiteSite
2540,19,21
timeStep,numberOfRobotsOnBlackSite,numberOfRobotsOnWhiteSite
2541,19,21
timeStep,numberOfRobotsOnBlackSite,numberOfRobotsOnWhiteSite
2542,19,21
timeStep,numberOfRobotsOnBlackSite,numberOfRobotsOnWhiteSite
2543,19,21
timeStep,numberOfRobotsOnBlackSite,numberOfRobotsOnWhiteSite
2544,19,21
timeStep,numberOfRobotsOnBlackSite,numberOfRobotsOnWhiteSite
2545,19,21
timeStep,numberOfRobotsOnBlackSite,numberOfRobotsOnWhiteSite
2546,19,21
timeStep,numberOfRobotsOnBlackSite,numberOfRobotsOnWhiteSite
2547,19,21
timeStep,numberOfRobotsOnBlackSite,numberOfRobotsOnWhiteSite
2548,19,21
timeStep,numberOfRobotsOnBlackSite,numberOfRobotsOnWhiteSite
2549,19,21
timeStep,numberOfRobotsOnBlackSite,numberOfRobotsOnWhiteSite
2550,19,21
timeStep,numberOfRobotsOnBlackSite,numberOfRobotsOnWhiteSite
2551,19,21
timeStep,numberOfRobotsOnBlackSite,numberOfRobotsOnWhiteSite
2552,19,21
timeStep,numberOfRobotsOnBlackSite,numberOfRobotsOnWhiteSite
2553,19,21
timeStep,numberOfRobotsOnBlackSite,numberOfRobotsOnWhiteSite
2554,19,21
timeStep,numberOfRobotsOnBlackSite,numberOfRobotsOnWhiteSite
2555,19,21
timeStep,numberOfRobotsOnBlackSite,numberOfRobotsOnWhiteSite
2556,19,21
timeStep,numberOfRobotsOnBlackSite,numberOfRobotsOnWhiteSite
2557,19,21
timeStep,numberOfRobotsOnBlackSite,numberOfRobotsOnWhiteSite
2558,19,21
timeStep,numberOfRobotsOnBlackSite,numberOfRobotsOnWhiteSite
2559,19,21
timeStep,numberOfRobotsOnBlackSite,numberOfRobotsOnWhiteSite
2560,19,21
timeStep,numberOfRobotsOnBlackSite,numberOfRobotsOnWhiteSite
2561,19,21
timeStep,numberOfRobotsOnBlackSite,numberOfRobotsOnWhiteSite
2562,19,21
timeStep,numberOfRobotsOnBlackSite,numberOfRobotsOnWhiteSite
2563,19,21
timeStep,numberOfRobotsOnBlackSite,numberOfRobotsOnWhiteSite
2564,19,21
timeStep,numberOfRobotsOnBlackSite,numberOfRobotsOnWhiteSite
2565,19,21
timeStep,numberOfRobotsOnBlackSite,numberOfRobotsOnWhiteSite
2566,19,21
timeStep,numberOfRobotsOnBlackSite,numberOfRobotsOnWhiteSite
2567,19,21
timeStep,numberOfRobotsOnBlackSite,numberOfRobotsOnWhiteSite
2568,19,21
timeStep,numberOfRobotsOnBlackSite,numberOfRobotsOnWhiteSite
2569,19,21
timeStep,numberOfRobotsOnBlackSite,numberOfRobotsOnWhiteSite
2570,19,21
timeStep,numberOfRobotsOnBlackSite,numberOfRobotsOnWhiteSite
2571,19,21
timeStep,numberOfRobotsOnBlackSite,numberOfRobotsOnWhiteSite
2572,19,21
timeStep,numberOfRobotsOnBlackSite,numberOfRobotsOnWhiteSite
2573,19,21
timeStep,numberOfRobotsOnBlackSite,numberOfRobotsOnWhiteSite
2574,19,21
timeStep,numberOfRobotsOnBlackSite,numberOfRobotsOnWhiteSite
2575,19,21
timeStep,numberOfRobotsOnBlackSite,numberOfRobotsOnWhiteSite
2576,19,21
timeStep,numberOfRobotsOnBlackSite,numberOfRobotsOnWhiteSite
2577,19,21
timeStep,numberOfRobotsOnBlackSite,numberOfRobotsOnWhiteSite
2578,19,21
timeStep,numberOfRobotsOnBlackSite,numberOfRobotsOnWhiteSite
2579,19,21
timeStep,numberOfRobotsOnBlackSite,numberOfRobotsOnWhiteSite
2580,19,21
timeStep,numberOfRobotsOnBlackSite,numberOfRobotsOnWhiteSite
2581,19,21
timeStep,numberOfRobotsOnBlackSite,numberOfRobotsOnWhiteSite
2582,19,21
timeStep,numberOfRobotsOnBlackSite,numberOfRobotsOnWhiteSite
2583,19,21
timeStep,numberOfRobotsOnBlackSite,numberOfRobotsOnWhiteSite
2584,19,21
timeStep,numberOfRobotsOnBlackSite,numberOfRobotsOnWhiteSite
2585,19,21
timeStep,numberOfRobotsOnBlackSite,numberOfRobotsOnWhiteSite
2586,19,21
timeStep,numberOfRobotsOnBlackSite,numberOfRobotsOnWhiteSite
2587,19,21
timeStep,numberOfRobotsOnBlackSite,numberOfRobotsOnWhiteSite
2588,19,21
timeStep,numberOfRobotsOnBlackSite,numberOfRobotsOnWhiteSite
2589,19,21
timeStep,numberOfRobotsOnBlackSite,numberOfRobotsOnWhiteSite
2590,20,21
timeStep,numberOfRobotsOnBlackSite,numberOfRobotsOnWhiteSite
2591,20,21
timeStep,numberOfRobotsOnBlackSite,numberOfRobotsOnWhiteSite
2592,20,21
timeStep,numberOfRobotsOnBlackSite,numberOfRobotsOnWhiteSite
2593,20,21
timeStep,numberOfRobotsOnBlackSite,numberOfRobotsOnWhiteSite
2594,20,21
timeStep,numberOfRobotsOnBlackSite,numberOfRobotsOnWhiteSite
2595,20,21
timeStep,numberOfRobotsOnBlackSite,numberOfRobotsOnWhiteSite
2596,20,21
timeStep,numberOfRobotsOnBlackSite,numberOfRobotsOnWhiteSite
2597,20,21
timeStep,numberOfRobotsOnBlackSite,numberOfRobotsOnWhiteSite
2598,20,21
timeStep,numberOfRobotsOnBlackSite,numberOfRobotsOnWhiteSite
2599,20,21
timeStep,numberOfRobotsOnBlackSite,numberOfRobotsOnWhiteSite
2600,20,21
timeStep,numberOfRobotsOnBlackSite,numberOfRobotsOnWhiteSite
2601,20,21
timeStep,numberOfRobotsOnBlackSite,numberOfRobotsOnWhiteSite
2602,20,21
timeStep,numberOfRobotsOnBlackSite,numberOfRobotsOnWhiteSite
2603,20,21
timeStep,numberOfRobotsOnBlackSite,numberOfRobotsOnWhiteSite
2604,20,21
timeStep,numberOfRobotsOnBlackSite,numberOfRobotsOnWhiteSite
2605,20,21
timeStep,numberOfRobotsOnBlackSite,numberOfRobotsOnWhiteSite
2606,20,21
timeStep,numberOfRobotsOnBlackSite,numberOfRobotsOnWhiteSite
2607,20,21
timeStep,numberOfRobotsOnBlackSite,numberOfRobotsOnWhiteSite
2608,20,21
timeStep,numberOfRobotsOnBlackSite,numberOfRobotsOnWhiteSite
2609,20,21
timeStep,numberOfRobotsOnBlackSite,numberOfRobotsOnWhiteSite
2610,20,21
timeStep,numberOfRobotsOnBlackSite,numberOfRobotsOnWhiteSite
2611,20,21
timeStep,numberOfRobotsOnBlackSite,numberOfRobotsOnWhiteSite
2612,20,21
timeStep,numberOfRobotsOnBlackSite,numberOfRobotsOnWhiteSite
2613,20,21
timeStep,numberOfRobotsOnBlackSite,numberOfRobotsOnWhiteSite
2614,20,21
timeStep,numberOfRobotsOnBlackSite,numberOfRobotsOnWhiteSite
2615,20,21
timeStep,numberOfRobotsOnBlackSite,numberOfRobotsOnWhiteSite
2616,20,21
timeStep,numberOfRobotsOnBlackSite,numberOfRobotsOnWhiteSite
2617,20,21
timeStep,numberOfRobotsOnBlackSite,numberOfRobotsOnWhiteSite
2618,20,21
timeStep,numberOfRobotsOnBlackSite,numberOfRobotsOnWhiteSite
2619,20,21
timeStep,numberOfRobotsOnBlackSite,numberOfRobotsOnWhiteSite
2620,20,21
timeStep,numberOfRobotsOnBlackSite,numberOfRobotsOnWhiteSite
2621,20,21
timeStep,numberOfRobotsOnBlackSite,numberOfRobotsOnWhiteSite
2622,20,21
timeStep,numberOfRobotsOnBlackSite,numberOfRobotsOnWhiteSite
2623,20,21
timeStep,numberOfRobotsOnBlackSite,numberOfRobotsOnWhiteSite
2624,20,21
timeStep,numberOfRobotsOnBlackSite,numberOfRobotsOnWhiteSite
2625,20,21
timeStep,numberOfRobotsOnBlackSite,numberOfRobotsOnWhiteSite
2626,20,21
timeStep,numberOfRobotsOnBlackSite,numberOfRobotsOnWhiteSite
2627,20,21
timeStep,numberOfRobotsOnBlackSite,numberOfRobotsOnWhiteSite
2628,20,21
timeStep,numberOfRobotsOnBlackSite,numberOfRobotsOnWhiteSite
2629,20,21
timeStep,numberOfRobotsOnBlackSite,numberOfRobotsOnWhiteSite
2630,20,21
timeStep,numberOfRobotsOnBlackSite,numberOfRobotsOnWhiteSite
2631,20,21
timeStep,numberOfRobotsOnBlackSite,numberOfRobotsOnWhiteSite
2632,20,21
timeStep,numberOfRobotsOnBlackSite,numberOfRobotsOnWhiteSite
2633,20,21
timeStep,numberOfRobotsOnBlackSite,numberOfRobotsOnWhiteSite
2634,20,21
timeStep,numberOfRobotsOnBlackSite,numberOfRobotsOnWhiteSite
2635,20,21
timeStep,numberOfRobotsOnBlackSite,numberOfRobotsOnWhiteSite
2636,20,21
timeStep,numberOfRobotsOnBlackSite,numberOfRobotsOnWhiteSite
2637,20,21
timeStep,numberOfRobotsOnBlackSite,numberOfRobotsOnWhiteSite
2638,20,21
timeStep,numberOfRobotsOnBlackSite,numberOfRobotsOnWhiteSite
2639,20,21
timeStep,numberOfRobotsOnBlackSite,numberOfRobotsOnWhiteSite
2640,20,21
timeStep,numberOfRobotsOnBlackSite,numberOfRobotsOnWhiteSite
2641,20,21
timeStep,numberOfRobotsOnBlackSite,numberOfRobotsOnWhiteSite
2642,20,21
timeStep,numberOfRobotsOnBlackSite,numberOfRobotsOnWhiteSite
2643,20,21
timeStep,numberOfRobotsOnBlackSite,numberOfRobotsOnWhiteSite
2644,20,21
timeStep,numberOfRobotsOnBlackSite,numberOfRobotsOnWhiteSite
2645,20,21
timeStep,numberOfRobotsOnBlackSite,numberOfRobotsOnWhiteSite
2646,20,21
timeStep,numberOfRobotsOnBlackSite,numberOfRobotsOnWhiteSite
2647,20,21
timeStep,numberOfRobotsOnBlackSite,numberOfRobotsOnWhiteSite
2648,20,21
timeStep,numberOfRobotsOnBlackSite,numberOfRobotsOnWhiteSite
2649,20,21
timeStep,numberOfRobotsOnBlackSite,numberOfRobotsOnWhiteSite
2650,20,21
timeStep,numberOfRobotsOnBlackSite,numberOfRobotsOnWhiteSite
2651,20,21
timeStep,numberOfRobotsOnBlackSite,numberOfRobotsOnWhiteSite
2652,20,21
timeStep,numberOfRobotsOnBlackSite,numberOfRobotsOnWhiteSite
2653,20,21
timeStep,numberOfRobotsOnBlackSite,numberOfRobotsOnWhiteSite
2654,20,21
timeStep,numberOfRobotsOnBlackSite,numberOfRobotsOnWhiteSite
2655,20,21
timeStep,numberOfRobotsOnBlackSite,numberOfRobotsOnWhiteSite
2656,20,21
timeStep,numberOfRobotsOnBlackSite,numberOfRobotsOnWhiteSite
2657,20,21
timeStep,numberOfRobotsOnBlackSite,numberOfRobotsOnWhiteSite
2658,20,21
timeStep,numberOfRobotsOnBlackSite,numberOfRobotsOnWhiteSite
2659,20,21
timeStep,numberOfRobotsOnBlackSite,numberOfRobotsOnWhiteSite
2660,20,21
timeStep,numberOfRobotsOnBlackSite,numberOfRobotsOnWhiteSite
2661,20,21
timeStep,numberOfRobotsOnBlackSite,numberOfRobotsOnWhiteSite
2662,20,21
timeStep,numberOfRobotsOnBlackSite,numberOfRobotsOnWhiteSite
2663,20,21
timeStep,numberOfRobotsOnBlackSite,numberOfRobotsOnWhiteSite
2664,20,21
timeStep,numberOfRobotsOnBlackSite,numberOfRobotsOnWhiteSite
2665,20,21
timeStep,numberOfRobotsOnBlackSite,numberOfRobotsOnWhiteSite
2666,20,21
timeStep,numberOfRobotsOnBlackSite,numberOfRobotsOnWhiteSite
2667,20,21
timeStep,numberOfRobotsOnBlackSite,numberOfRobotsOnWhiteSite
2668,20,21
timeStep,numberOfRobotsOnBlackSite,numberOfRobotsOnWhiteSite
2669,20,21
timeStep,numberOfRobotsOnBlackSite,numberOfRobotsOnWhiteSite
2670,20,21
timeStep,numberOfRobotsOnBlackSite,numberOfRobotsOnWhiteSite
2671,20,21
timeStep,numberOfRobotsOnBlackSite,numberOfRobotsOnWhiteSite
2672,20,21
timeStep,numberOfRobotsOnBlackSite,numberOfRobotsOnWhiteSite
2673,20,21
timeStep,numberOfRobotsOnBlackSite,numberOfRobotsOnWhiteSite
2674,20,21
timeStep,numberOfRobotsOnBlackSite,numberOfRobotsOnWhiteSite
2675,20,21
timeStep,numberOfRobotsOnBlackSite,numberOfRobotsOnWhiteSite
2676,20,21
timeStep,numberOfRobotsOnBlackSite,numberOfRobotsOnWhiteSite
2677,20,21
timeStep,numberOfRobotsOnBlackSite,numberOfRobotsOnWhiteSite
2678,20,21
timeStep,numberOfRobotsOnBlackSite,numberOfRobotsOnWhiteSite
2679,20,21
timeStep,numberOfRobotsOnBlackSite,numberOfRobotsOnWhiteSite
2680,20,21
timeStep,numberOfRobotsOnBlackSite,numberOfRobotsOnWhiteSite
2681,20,21
timeStep,numberOfRobotsOnBlackSite,numberOfRobotsOnWhiteSite
2682,20,21
timeStep,numberOfRobotsOnBlackSite,numberOfRobotsOnWhiteSite
2683,20,21
timeStep,numberOfRobotsOnBlackSite,numberOfRobotsOnWhiteSite
2684,20,21
timeStep,numberOfRobotsOnBlackSite,numberOfRobotsOnWhiteSite
2685,20,21
timeStep,numberOfRobotsOnBlackSite,numberOfRobotsOnWhiteSite
2686,20,21
timeStep,numberOfRobotsOnBlackSite,numberOfRobotsOnWhiteSite
2687,20,21
timeStep,numberOfRobotsOnBlackSite,numberOfRobotsOnWhiteSite
2688,20,21
timeStep,numberOfRobotsOnBlackSite,numberOfRobotsOnWhiteSite
2689,20,21
timeStep,numberOfRobotsOnBlackSite,numberOfRobotsOnWhiteSite
2690,20,21
timeStep,numberOfRobotsOnBlackSite,numberOfRobotsOnWhiteSite
2691,20,21
timeStep,numberOfRobotsOnBlackSite,numberOfRobotsOnWhiteSite
2692,20,21
timeStep,numberOfRobotsOnBlackSite,numberOfRobotsOnWhiteSite
2693,20,21
timeStep,numberOfRobotsOnBlackSite,numberOfRobotsOnWhiteSite
2694,20,21
timeStep,numberOfRobotsOnBlackSite,numberOfRobotsOnWhiteSite
2695,20,21
timeStep,numberOfRobotsOnBlackSite,numberOfRobotsOnWhiteSite
2696,20,21
timeStep,numberOfRobotsOnBlackSite,numberOfRobotsOnWhiteSite
2697,20,21
timeStep,numberOfRobotsOnBlackSite,numberOfRobotsOnWhiteSite
2698,20,21
timeStep,numberOfRobotsOnBlackSite,numberOfRobotsOnWhiteSite
2699,20,21
timeStep,numberOfRobotsOnBlackSite,numberOfRobotsOnWhiteSite
2700,20,21
timeStep,numberOfRobotsOnBlackSite,numberOfRobotsOnWhiteSite
2701,20,21
timeStep,numberOfRobotsOnBlackSite,numberOfRobotsOnWhiteSite
2702,20,21
timeStep,numberOfRobotsOnBlackSite,numberOfRobotsOnWhiteSite
2703,20,21
timeStep,numberOfRobotsOnBlackSite,numberOfRobotsOnWhiteSite
2704,20,21
timeStep,numberOfRobotsOnBlackSite,numberOfRobotsOnWhiteSite
2705,20,21
timeStep,numberOfRobotsOnBlackSite,numberOfRobotsOnWhiteSite
2706,20,21
timeStep,numberOfRobotsOnBlackSite,numberOfRobotsOnWhiteSite
2707,20,21
timeStep,numberOfRobotsOnBlackSite,numberOfRobotsOnWhiteSite
2708,20,21
timeStep,numberOfRobotsOnBlackSite,numberOfRobotsOnWhiteSite
2709,20,21
timeStep,numberOfRobotsOnBlackSite,numberOfRobotsOnWhiteSite
2710,20,21
timeStep,numberOfRobotsOnBlackSite,numberOfRobotsOnWhiteSite
2711,20,21
timeStep,numberOfRobotsOnBlackSite,numberOfRobotsOnWhiteSite
2712,20,21
timeStep,numberOfRobotsOnBlackSite,numberOfRobotsOnWhiteSite
2713,20,21
timeStep,numberOfRobotsOnBlackSite,numberOfRobotsOnWhiteSite
2714,20,21
timeStep,numberOfRobotsOnBlackSite,numberOfRobotsOnWhiteSite
2715,20,21
timeStep,numberOfRobotsOnBlackSite,numberOfRobotsOnWhiteSite
2716,20,21
timeStep,numberOfRobotsOnBlackSite,numberOfRobotsOnWhiteSite
2717,20,21
timeStep,numberOfRobotsOnBlackSite,numberOfRobotsOnWhiteSite
2718,20,21
timeStep,numberOfRobotsOnBlackSite,numberOfRobotsOnWhiteSite
2719,20,21
timeStep,numberOfRobotsOnBlackSite,numberOfRobotsOnWhiteSite
2720,20,21
timeStep,numberOfRobotsOnBlackSite,numberOfRobotsOnWhiteSite
2721,20,21
timeStep,numberOfRobotsOnBlackSite,numberOfRobotsOnWhiteSite
2722,20,21
timeStep,numberOfRobotsOnBlackSite,numberOfRobotsOnWhiteSite
2723,20,21
timeStep,numberOfRobotsOnBlackSite,numberOfRobotsOnWhiteSite
2724,20,21
timeStep,numberOfRobotsOnBlackSite,numberOfRobotsOnWhiteSite
2725,20,21
timeStep,numberOfRobotsOnBlackSite,numberOfRobotsOnWhiteSite
2726,20,21
timeStep,numberOfRobotsOnBlackSite,numberOfRobotsOnWhiteSite
2727,20,21
timeStep,numberOfRobotsOnBlackSite,numberOfRobotsOnWhiteSite
2728,20,21
timeStep,numberOfRobotsOnBlackSite,numberOfRobotsOnWhiteSite
2729,20,21
timeStep,numberOfRobotsOnBlackSite,numberOfRobotsOnWhiteSite
2730,20,21
timeStep,numberOfRobotsOnBlackSite,numberOfRobotsOnWhiteSite
2731,20,21
timeStep,numberOfRobotsOnBlackSite,numberOfRobotsOnWhiteSite
2732,20,21
timeStep,numberOfRobotsOnBlackSite,numberOfRobotsOnWhiteSite
2733,20,21
timeStep,numberOfRobotsOnBlackSite,numberOfRobotsOnWhiteSite
2734,20,21
timeStep,numberOfRobotsOnBlackSite,numberOfRobotsOnWhiteSite
2735,20,21
timeStep,numberOfRobotsOnBlackSite,numberOfRobotsOnWhiteSite
2736,20,21
timeStep,numberOfRobotsOnBlackSite,numberOfRobotsOnWhiteSite
2737,20,21
timeStep,numberOfRobotsOnBlackSite,numberOfRobotsOnWhiteSite
2738,20,21
timeStep,numberOfRobotsOnBlackSite,numberOfRobotsOnWhiteSite
2739,20,21
timeStep,numberOfRobotsOnBlackSite,numberOfRobotsOnWhiteSite
2740,20,21
timeStep,numberOfRobotsOnBlackSite,numberOfRobotsOnWhiteSite
2741,20,21
timeStep,numberOfRobotsOnBlackSite,numberOfRobotsOnWhiteSite
2742,20,21
timeStep,numberOfRobotsOnBlackSite,numberOfRobotsOnWhiteSite
2743,20,21
timeStep,numberOfRobotsOnBlackSite,numberOfRobotsOnWhiteSite
2744,20,21
timeStep,numberOfRobotsOnBlackSite,numberOfRobotsOnWhiteSite
2745,20,21
timeStep,numberOfRobotsOnBlackSite,numberOfRobotsOnWhiteSite
2746,20,21
timeStep,numberOfRobotsOnBlackSite,numberOfRobotsOnWhiteSite
2747,20,21
timeStep,numberOfRobotsOnBlackSite,numberOfRobotsOnWhiteSite
2748,20,21
timeStep,numberOfRobotsOnBlackSite,numberOfRobotsOnWhiteSite
2749,20,21
timeStep,numberOfRobotsOnBlackSite,numberOfRobotsOnWhiteSite
2750,20,21
timeStep,numberOfRobotsOnBlackSite,numberOfRobotsOnWhiteSite
2751,20,21
timeStep,numberOfRobotsOnBlackSite,numberOfRobotsOnWhiteSite
2752,20,21
timeStep,numberOfRobotsOnBlackSite,numberOfRobotsOnWhiteSite
2753,20,21
timeStep,numberOfRobotsOnBlackSite,numberOfRobotsOnWhiteSite
2754,20,21
timeStep,numberOfRobotsOnBlackSite,numberOfRobotsOnWhiteSite
2755,20,21
timeStep,numberOfRobotsOnBlackSite,numberOfRobotsOnWhiteSite
2756,20,21
timeStep,numberOfRobotsOnBlackSite,numberOfRobotsOnWhiteSite
2757,20,21
timeStep,numberOfRobotsOnBlackSite,numberOfRobotsOnWhiteSite
2758,20,21
timeStep,numberOfRobotsOnBlackSite,numberOfRobotsOnWhiteSite
2759,20,21
timeStep,numberOfRobotsOnBlackSite,numberOfRobotsOnWhiteSite
2760,20,21
timeStep,numberOfRobotsOnBlackSite,numberOfRobotsOnWhiteSite
2761,20,21
timeStep,numberOfRobotsOnBlackSite,numberOfRobotsOnWhiteSite
2762,20,21
timeStep,numberOfRobotsOnBlackSite,numberOfRobotsOnWhiteSite
2763,20,21
timeStep,numberOfRobotsOnBlackSite,numberOfRobotsOnWhiteSite
2764,20,21
timeStep,numberOfRobotsOnBlackSite,numberOfRobotsOnWhiteSite
2765,20,21
timeStep,numberOfRobotsOnBlackSite,numberOfRobotsOnWhiteSite
2766,20,21
timeStep,numberOfRobotsOnBlackSite,numberOfRobotsOnWhiteSite
2767,20,21
timeStep,numberOfRobotsOnBlackSite,numberOfRobotsOnWhiteSite
2768,20,21
timeStep,numberOfRobotsOnBlackSite,numberOfRobotsOnWhiteSite
2769,20,21
timeStep,numberOfRobotsOnBlackSite,numberOfRobotsOnWhiteSite
2770,20,21
timeStep,numberOfRobotsOnBlackSite,numberOfRobotsOnWhiteSite
2771,20,21
timeStep,numberOfRobotsOnBlackSite,numberOfRobotsOnWhiteSite
2772,20,21
timeStep,numberOfRobotsOnBlackSite,numberOfRobotsOnWhiteSite
2773,20,21
timeStep,numberOfRobotsOnBlackSite,numberOfRobotsOnWhiteSite
2774,20,21
timeStep,numberOfRobotsOnBlackSite,numberOfRobotsOnWhiteSite
2775,20,21
timeStep,numberOfRobotsOnBlackSite,numberOfRobotsOnWhiteSite
2776,20,21
timeStep,numberOfRobotsOnBlackSite,numberOfRobotsOnWhiteSite
2777,20,21
timeStep,numberOfRobotsOnBlackSite,numberOfRobotsOnWhiteSite
2778,20,21
timeStep,numberOfRobotsOnBlackSite,numberOfRobotsOnWhiteSite
2779,20,21
timeStep,numberOfRobotsOnBlackSite,numberOfRobotsOnWhiteSite
2780,20,21
timeStep,numberOfRobotsOnBlackSite,numberOfRobotsOnWhiteSite
2781,20,21
timeStep,numberOfRobotsOnBlackSite,numberOfRobotsOnWhiteSite
2782,20,21
timeStep,numberOfRobotsOnBlackSite,numberOfRobotsOnWhiteSite
2783,20,21
timeStep,numberOfRobotsOnBlackSite,numberOfRobotsOnWhiteSite
2784,20,21
timeStep,numberOfRobotsOnBlackSite,numberOfRobotsOnWhiteSite
2785,20,21
timeStep,numberOfRobotsOnBlackSite,numberOfRobotsOnWhiteSite
2786,20,21
timeStep,numberOfRobotsOnBlackSite,numberOfRobotsOnWhiteSite
2787,20,21
timeStep,numberOfRobotsOnBlackSite,numberOfRobotsOnWhiteSite
2788,20,21
timeStep,numberOfRobotsOnBlackSite,numberOfRobotsOnWhiteSite
2789,20,21
timeStep,numberOfRobotsOnBlackSite,numberOfRobotsOnWhiteSite
2790,20,21
timeStep,numberOfRobotsOnBlackSite,numberOfRobotsOnWhiteSite
2791,20,21
timeStep,numberOfRobotsOnBlackSite,numberOfRobotsOnWhiteSite
2792,20,21
timeStep,numberOfRobotsOnBlackSite,numberOfRobotsOnWhiteSite
2793,20,21
timeStep,numberOfRobotsOnBlackSite,numberOfRobotsOnWhiteSite
2794,20,21
timeStep,numberOfRobotsOnBlackSite,numberOfRobotsOnWhiteSite
2795,20,21
timeStep,numberOfRobotsOnBlackSite,numberOfRobotsOnWhiteSite
2796,20,21
timeStep,numberOfRobotsOnBlackSite,numberOfRobotsOnWhiteSite
2797,20,21
timeStep,numberOfRobotsOnBlackSite,numberOfRobotsOnWhiteSite
2798,20,21
timeStep,numberOfRobotsOnBlackSite,numberOfRobotsOnWhiteSite
2799,20,21
timeStep,numberOfRobotsOnBlackSite,numberOfRobotsOnWhiteSite
2800,19,21
timeStep,numberOfRobotsOnBlackSite,numberOfRobotsOnWhiteSite
2801,19,21
timeStep,numberOfRobotsOnBlackSite,numberOfRobotsOnWhiteSite
2802,19,21
timeStep,numberOfRobotsOnBlackSite,numberOfRobotsOnWhiteSite
2803,19,21
timeStep,numberOfRobotsOnBlackSite,numberOfRobotsOnWhiteSite
2804,19,21
timeStep,numberOfRobotsOnBlackSite,numberOfRobotsOnWhiteSite
2805,19,21
timeStep,numberOfRobotsOnBlackSite,numberOfRobotsOnWhiteSite
2806,19,21
timeStep,numberOfRobotsOnBlackSite,numberOfRobotsOnWhiteSite
2807,19,21
timeStep,numberOfRobotsOnBlackSite,numberOfRobotsOnWhiteSite
2808,19,21
timeStep,numberOfRobotsOnBlackSite,numberOfRobotsOnWhiteSite
2809,19,21
timeStep,numberOfRobotsOnBlackSite,numberOfRobotsOnWhiteSite
2810,19,21
timeStep,numberOfRobotsOnBlackSite,numberOfRobotsOnWhiteSite
2811,19,21
timeStep,numberOfRobotsOnBlackSite,numberOfRobotsOnWhiteSite
2812,19,21
timeStep,numberOfRobotsOnBlackSite,numberOfRobotsOnWhiteSite
2813,19,21
timeStep,numberOfRobotsOnBlackSite,numberOfRobotsOnWhiteSite
2814,19,21
timeStep,numberOfRobotsOnBlackSite,numberOfRobotsOnWhiteSite
2815,19,21
timeStep,numberOfRobotsOnBlackSite,numberOfRobotsOnWhiteSite
2816,19,21
timeStep,numberOfRobotsOnBlackSite,numberOfRobotsOnWhiteSite
2817,19,21
timeStep,numberOfRobotsOnBlackSite,numberOfRobotsOnWhiteSite
2818,19,21
timeStep,numberOfRobotsOnBlackSite,numberOfRobotsOnWhiteSite
2819,19,21
timeStep,numberOfRobotsOnBlackSite,numberOfRobotsOnWhiteSite
2820,19,21
timeStep,numberOfRobotsOnBlackSite,numberOfRobotsOnWhiteSite
2821,19,21
timeStep,numberOfRobotsOnBlackSite,numberOfRobotsOnWhiteSite
2822,19,21
timeStep,numberOfRobotsOnBlackSite,numberOfRobotsOnWhiteSite
2823,19,21
timeStep,numberOfRobotsOnBlackSite,numberOfRobotsOnWhiteSite
2824,19,21
timeStep,numberOfRobotsOnBlackSite,numberOfRobotsOnWhiteSite
2825,19,21
timeStep,numberOfRobotsOnBlackSite,numberOfRobotsOnWhiteSite
2826,19,21
timeStep,numberOfRobotsOnBlackSite,numberOfRobotsOnWhiteSite
2827,19,21
timeStep,numberOfRobotsOnBlackSite,numberOfRobotsOnWhiteSite
2828,19,21
timeStep,numberOfRobotsOnBlackSite,numberOfRobotsOnWhiteSite
2829,19,21
timeStep,numberOfRobotsOnBlackSite,numberOfRobotsOnWhiteSite
2830,19,21
timeStep,numberOfRobotsOnBlackSite,numberOfRobotsOnWhiteSite
2831,19,21
timeStep,numberOfRobotsOnBlackSite,numberOfRobotsOnWhiteSite
2832,19,21
timeStep,numberOfRobotsOnBlackSite,numberOfRobotsOnWhiteSite
2833,19,21
timeStep,numberOfRobotsOnBlackSite,numberOfRobotsOnWhiteSite
2834,19,21
timeStep,numberOfRobotsOnBlackSite,numberOfRobotsOnWhiteSite
2835,19,21
timeStep,numberOfRobotsOnBlackSite,numberOfRobotsOnWhiteSite
2836,19,21
timeStep,numberOfRobotsOnBlackSite,numberOfRobotsOnWhiteSite
2837,19,21
timeStep,numberOfRobotsOnBlackSite,numberOfRobotsOnWhiteSite
2838,19,21
timeStep,numberOfRobotsOnBlackSite,numberOfRobotsOnWhiteSite
2839,19,21
timeStep,numberOfRobotsOnBlackSite,numberOfRobotsOnWhiteSite
2840,19,21
timeStep,numberOfRobotsOnBlackSite,numberOfRobotsOnWhiteSite
2841,19,21
timeStep,numberOfRobotsOnBlackSite,numberOfRobotsOnWhiteSite
2842,19,21
timeStep,numberOfRobotsOnBlackSite,numberOfRobotsOnWhiteSite
2843,19,21
timeStep,numberOfRobotsOnBlackSite,numberOfRobotsOnWhiteSite
2844,19,21
timeStep,numberOfRobotsOnBlackSite,numberOfRobotsOnWhiteSite
2845,19,21
timeStep,numberOfRobotsOnBlackSite,numberOfRobotsOnWhiteSite
2846,19,21
timeStep,numberOfRobotsOnBlackSite,numberOfRobotsOnWhiteSite
2847,19,21
timeStep,numberOfRobotsOnBlackSite,numberOfRobotsOnWhiteSite
2848,19,21
timeStep,numberOfRobotsOnBlackSite,numberOfRobotsOnWhiteSite
2849,19,21
timeStep,numberOfRobotsOnBlackSite,numberOfRobotsOnWhiteSite
2850,19,21
timeStep,numberOfRobotsOnBlackSite,numberOfRobotsOnWhiteSite
2851,19,21
timeStep,numberOfRobotsOnBlackSite,numberOfRobotsOnWhiteSite
2852,19,21
timeStep,numberOfRobotsOnBlackSite,numberOfRobotsOnWhiteSite
2853,19,21
timeStep,numberOfRobotsOnBlackSite,numberOfRobotsOnWhiteSite
2854,19,21
timeStep,numberOfRobotsOnBlackSite,numberOfRobotsOnWhiteSite
2855,19,21
timeStep,numberOfRobotsOnBlackSite,numberOfRobotsOnWhiteSite
2856,19,21
timeStep,numberOfRobotsOnBlackSite,numberOfRobotsOnWhiteSite
2857,19,21
timeStep,numberOfRobotsOnBlackSite,numberOfRobotsOnWhiteSite
2858,19,21
timeStep,numberOfRobotsOnBlackSite,numberOfRobotsOnWhiteSite
2859,19,21
timeStep,numberOfRobotsOnBlackSite,numberOfRobotsOnWhiteSite
2860,19,21
timeStep,numberOfRobotsOnBlackSite,numberOfRobotsOnWhiteSite
2861,19,21
timeStep,numberOfRobotsOnBlackSite,numberOfRobotsOnWhiteSite
2862,19,21
timeStep,numberOfRobotsOnBlackSite,numberOfRobotsOnWhiteSite
2863,19,21
timeStep,numberOfRobotsOnBlackSite,numberOfRobotsOnWhiteSite
2864,19,21
timeStep,numberOfRobotsOnBlackSite,numberOfRobotsOnWhiteSite
2865,19,21
timeStep,numberOfRobotsOnBlackSite,numberOfRobotsOnWhiteSite
2866,19,21
timeStep,numberOfRobotsOnBlackSite,numberOfRobotsOnWhiteSite
2867,19,21
timeStep,numberOfRobotsOnBlackSite,numberOfRobotsOnWhiteSite
2868,19,21
timeStep,numberOfRobotsOnBlackSite,numberOfRobotsOnWhiteSite
2869,19,21
timeStep,numberOfRobotsOnBlackSite,numberOfRobotsOnWhiteSite
2870,19,21
timeStep,numberOfRobotsOnBlackSite,numberOfRobotsOnWhiteSite
2871,19,21
timeStep,numberOfRobotsOnBlackSite,numberOfRobotsOnWhiteSite
2872,19,21
timeStep,numberOfRobotsOnBlackSite,numberOfRobotsOnWhiteSite
2873,19,21
timeStep,numberOfRobotsOnBlackSite,numberOfRobotsOnWhiteSite
2874,19,21
timeStep,numberOfRobotsOnBlackSite,numberOfRobotsOnWhiteSite
2875,19,21
timeStep,numberOfRobotsOnBlackSite,numberOfRobotsOnWhiteSite
2876,19,21
timeStep,numberOfRobotsOnBlackSite,numberOfRobotsOnWhiteSite
2877,19,21
timeStep,numberOfRobotsOnBlackSite,numberOfRobotsOnWhiteSite
2878,19,21
timeStep,numberOfRobotsOnBlackSite,numberOfRobotsOnWhiteSite
2879,19,21
timeStep,numberOfRobotsOnBlackSite,numberOfRobotsOnWhiteSite
2880,19,21
timeStep,numberOfRobotsOnBlackSite,numberOfRobotsOnWhiteSite
2881,19,21
timeStep,numberOfRobotsOnBlackSite,numberOfRobotsOnWhiteSite
2882,19,21
timeStep,numberOfRobotsOnBlackSite,numberOfRobotsOnWhiteSite
2883,19,21
timeStep,numberOfRobotsOnBlackSite,numberOfRobotsOnWhiteSite
2884,19,21
timeStep,numberOfRobotsOnBlackSite,numberOfRobotsOnWhiteSite
2885,19,21
timeStep,numberOfRobotsOnBlackSite,numberOfRobotsOnWhiteSite
2886,19,21
timeStep,numberOfRobotsOnBlackSite,numberOfRobotsOnWhiteSite
2887,19,21
timeStep,numberOfRobotsOnBlackSite,numberOfRobotsOnWhiteSite
2888,19,21
timeStep,numberOfRobotsOnBlackSite,numberOfRobotsOnWhiteSite
2889,19,21
timeStep,numberOfRobotsOnBlackSite,numberOfRobotsOnWhiteSite
2890,19,21
timeStep,numberOfRobotsOnBlackSite,numberOfRobotsOnWhiteSite
2891,19,21
timeStep,numberOfRobotsOnBlackSite,numberOfRobotsOnWhiteSite
2892,19,21
timeStep,numberOfRobotsOnBlackSite,numberOfRobotsOnWhiteSite
2893,19,21
timeStep,numberOfRobotsOnBlackSite,numberOfRobotsOnWhiteSite
2894,19,21
timeStep,numberOfRobotsOnBlackSite,numberOfRobotsOnWhiteSite
2895,19,21
timeStep,numberOfRobotsOnBlackSite,numberOfRobotsOnWhiteSite
2896,19,21
timeStep,numberOfRobotsOnBlackSite,numberOfRobotsOnWhiteSite
2897,19,21
timeStep,numberOfRobotsOnBlackSite,numberOfRobotsOnWhiteSite
2898,19,21
timeStep,numberOfRobotsOnBlackSite,numberOfRobotsOnWhiteSite
2899,19,21
timeStep,numberOfRobotsOnBlackSite,numberOfRobotsOnWhiteSite
2900,19,21
timeStep,numberOfRobotsOnBlackSite,numberOfRobotsOnWhiteSite
2901,19,21
timeStep,numberOfRobotsOnBlackSite,numberOfRobotsOnWhiteSite
2902,19,21
timeStep,numberOfRobotsOnBlackSite,numberOfRobotsOnWhiteSite
2903,19,21
timeStep,numberOfRobotsOnBlackSite,numberOfRobotsOnWhiteSite
2904,19,21
timeStep,numberOfRobotsOnBlackSite,numberOfRobotsOnWhiteSite
2905,19,21
timeStep,numberOfRobotsOnBlackSite,numberOfRobotsOnWhiteSite
2906,19,21
timeStep,numberOfRobotsOnBlackSite,numberOfRobotsOnWhiteSite
2907,19,21
timeStep,numberOfRobotsOnBlackSite,numberOfRobotsOnWhiteSite
2908,19,21
timeStep,numberOfRobotsOnBlackSite,numberOfRobotsOnWhiteSite
2909,19,21
timeStep,numberOfRobotsOnBlackSite,numberOfRobotsOnWhiteSite
2910,19,21
timeStep,numberOfRobotsOnBlackSite,numberOfRobotsOnWhiteSite
2911,19,21
timeStep,numberOfRobotsOnBlackSite,numberOfRobotsOnWhiteSite
2912,19,21
timeStep,numberOfRobotsOnBlackSite,numberOfRobotsOnWhiteSite
2913,19,21
timeStep,numberOfRobotsOnBlackSite,numberOfRobotsOnWhiteSite
2914,19,21
timeStep,numberOfRobotsOnBlackSite,numberOfRobotsOnWhiteSite
2915,19,21
timeStep,numberOfRobotsOnBlackSite,numberOfRobotsOnWhiteSite
2916,19,21
timeStep,numberOfRobotsOnBlackSite,numberOfRobotsOnWhiteSite
2917,19,21
timeStep,numberOfRobotsOnBlackSite,numberOfRobotsOnWhiteSite
2918,19,21
timeStep,numberOfRobotsOnBlackSite,numberOfRobotsOnWhiteSite
2919,19,21
timeStep,numberOfRobotsOnBlackSite,numberOfRobotsOnWhiteSite
2920,19,21
timeStep,numberOfRobotsOnBlackSite,numberOfRobotsOnWhiteSite
2921,19,21
timeStep,numberOfRobotsOnBlackSite,numberOfRobotsOnWhiteSite
2922,19,21
timeStep,numberOfRobotsOnBlackSite,numberOfRobotsOnWhiteSite
2923,19,21
timeStep,numberOfRobotsOnBlackSite,numberOfRobotsOnWhiteSite
2924,19,21
timeStep,numberOfRobotsOnBlackSite,numberOfRobotsOnWhiteSite
2925,19,21
timeStep,numberOfRobotsOnBlackSite,numberOfRobotsOnWhiteSite
2926,19,21
timeStep,numberOfRobotsOnBlackSite,numberOfRobotsOnWhiteSite
2927,19,21
timeStep,numberOfRobotsOnBlackSite,numberOfRobotsOnWhiteSite
2928,19,21
timeStep,numberOfRobotsOnBlackSite,numberOfRobotsOnWhiteSite
2929,19,21
timeStep,numberOfRobotsOnBlackSite,numberOfRobotsOnWhiteSite
2930,19,21
timeStep,numberOfRobotsOnBlackSite,numberOfRobotsOnWhiteSite
2931,19,21
timeStep,numberOfRobotsOnBlackSite,numberOfRobotsOnWhiteSite
2932,19,21
timeStep,numberOfRobotsOnBlackSite,numberOfRobotsOnWhiteSite
2933,19,21
timeStep,numberOfRobotsOnBlackSite,numberOfRobotsOnWhiteSite
2934,19,21
timeStep,numberOfRobotsOnBlackSite,numberOfRobotsOnWhiteSite
2935,19,21
timeStep,numberOfRobotsOnBlackSite,numberOfRobotsOnWhiteSite
2936,19,21
timeStep,numberOfRobotsOnBlackSite,numberOfRobotsOnWhiteSite
2937,19,21
timeStep,numberOfRobotsOnBlackSite,numberOfRobotsOnWhiteSite
2938,19,21
timeStep,numberOfRobotsOnBlackSite,numberOfRobotsOnWhiteSite
2939,19,21
timeStep,numberOfRobotsOnBlackSite,numberOfRobotsOnWhiteSite
2940,19,21
timeStep,numberOfRobotsOnBlackSite,numberOfRobotsOnWhiteSite
2941,19,21
timeStep,numberOfRobotsOnBlackSite,numberOfRobotsOnWhiteSite
2942,19,21
timeStep,numberOfRobotsOnBlackSite,numberOfRobotsOnWhiteSite
2943,19,21
timeStep,numberOfRobotsOnBlackSite,numberOfRobotsOnWhiteSite
2944,19,21
timeStep,numberOfRobotsOnBlackSite,numberOfRobotsOnWhiteSite
2945,19,21
timeStep,numberOfRobotsOnBlackSite,numberOfRobotsOnWhiteSite
2946,19,21
timeStep,numberOfRobotsOnBlackSite,numberOfRobotsOnWhiteSite
2947,19,21
timeStep,numberOfRobotsOnBlackSite,numberOfRobotsOnWhiteSite
2948,19,21
timeStep,numberOfRobotsOnBlackSite,numberOfRobotsOnWhiteSite
2949,19,21
timeStep,numberOfRobotsOnBlackSite,numberOfRobotsOnWhiteSite
2950,19,21
timeStep,numberOfRobotsOnBlackSite,numberOfRobotsOnWhiteSite
2951,19,21
timeStep,numberOfRobotsOnBlackSite,numberOfRobotsOnWhiteSite
2952,19,21
timeStep,numberOfRobotsOnBlackSite,numberOfRobotsOnWhiteSite
2953,19,21
timeStep,numberOfRobotsOnBlackSite,numberOfRobotsOnWhiteSite
2954,19,21
timeStep,numberOfRobotsOnBlackSite,numberOfRobotsOnWhiteSite
2955,19,21
timeStep,numberOfRobotsOnBlackSite,numberOfRobotsOnWhiteSite
2956,19,21
timeStep,numberOfRobotsOnBlackSite,numberOfRobotsOnWhiteSite
2957,19,21
timeStep,numberOfRobotsOnBlackSite,numberOfRobotsOnWhiteSite
2958,19,21
timeStep,numberOfRobotsOnBlackSite,numberOfRobotsOnWhiteSite
2959,19,21
timeStep,numberOfRobotsOnBlackSite,numberOfRobotsOnWhiteSite
2960,19,21
timeStep,numberOfRobotsOnBlackSite,numberOfRobotsOnWhiteSite
2961,19,21
timeStep,numberOfRobotsOnBlackSite,numberOfRobotsOnWhiteSite
2962,19,21
timeStep,numberOfRobotsOnBlackSite,numberOfRobotsOnWhiteSite
2963,19,21
timeStep,numberOfRobotsOnBlackSite,numberOfRobotsOnWhiteSite
2964,19,21
timeStep,numberOfRobotsOnBlackSite,numberOfRobotsOnWhiteSite
2965,19,21
timeStep,numberOfRobotsOnBlackSite,numberOfRobotsOnWhiteSite
2966,19,21
timeStep,numberOfRobotsOnBlackSite,numberOfRobotsOnWhiteSite
2967,19,21
timeStep,numberOfRobotsOnBlackSite,numberOfRobotsOnWhiteSite
2968,19,21
timeStep,numberOfRobotsOnBlackSite,numberOfRobotsOnWhiteSite
2969,19,21
timeStep,numberOfRobotsOnBlackSite,numberOfRobotsOnWhiteSite
2970,19,21
timeStep,numberOfRobotsOnBlackSite,numberOfRobotsOnWhiteSite
2971,19,21
timeStep,numberOfRobotsOnBlackSite,numberOfRobotsOnWhiteSite
2972,19,21
timeStep,numberOfRobotsOnBlackSite,numberOfRobotsOnWhiteSite
2973,19,21
timeStep,numberOfRobotsOnBlackSite,numberOfRobotsOnWhiteSite
2974,19,21
timeStep,numberOfRobotsOnBlackSite,numberOfRobotsOnWhiteSite
2975,19,21
timeStep,numberOfRobotsOnBlackSite,numberOfRobotsOnWhiteSite
2976,19,21
timeStep,numberOfRobotsOnBlackSite,numberOfRobotsOnWhiteSite
2977,19,21
timeStep,numberOfRobotsOnBlackSite,numberOfRobotsOnWhiteSite
2978,19,21
timeStep,numberOfRobotsOnBlackSite,numberOfRobotsOnWhiteSite
2979,19,21
timeStep,numberOfRobotsOnBlackSite,numberOfRobotsOnWhiteSite
2980,19,21
timeStep,numberOfRobotsOnBlackSite,numberOfRobotsOnWhiteSite
2981,19,21
timeStep,numberOfRobotsOnBlackSite,numberOfRobotsOnWhiteSite
2982,19,21
timeStep,numberOfRobotsOnBlackSite,numberOfRobotsOnWhiteSite
2983,19,21
timeStep,numberOfRobotsOnBlackSite,numberOfRobotsOnWhiteSite
2984,19,21
timeStep,numberOfRobotsOnBlackSite,numberOfRobotsOnWhiteSite
2985,19,22
timeStep,numberOfRobotsOnBlackSite,numberOfRobotsOnWhiteSite
2986,19,22
timeStep,numberOfRobotsOnBlackSite,numberOfRobotsOnWhiteSite
2987,19,22
timeStep,numberOfRobotsOnBlackSite,numberOfRobotsOnWhiteSite
2988,19,22
timeStep,numberOfRobotsOnBlackSite,numberOfRobotsOnWhiteSite
2989,19,22
timeStep,numberOfRobotsOnBlackSite,numberOfRobotsOnWhiteSite
2990,20,22
timeStep,numberOfRobotsOnBlackSite,numberOfRobotsOnWhiteSite
2991,20,22
timeStep,numberOfRobotsOnBlackSite,numberOfRobotsOnWhiteSite
2992,20,22
timeStep,numberOfRobotsOnBlackSite,numberOfRobotsOnWhiteSite
2993,20,22
timeStep,numberOfRobotsOnBlackSite,numberOfRobotsOnWhiteSite
2994,20,22
timeStep,numberOfRobotsOnBlackSite,numberOfRobotsOnWhiteSite
2995,20,22
timeStep,numberOfRobotsOnBlackSite,numberOfRobotsOnWhiteSite
2996,20,22
timeStep,numberOfRobotsOnBlackSite,numberOfRobotsOnWhiteSite
2997,20,22
timeStep,numberOfRobotsOnBlackSite,numberOfRobotsOnWhiteSite
2998,20,22
timeStep,numberOfRobotsOnBlackSite,numberOfRobotsOnWhiteSite
2999,20,22
timeStep,numberOfRobotsOnBlackSite,numberOfRobotsOnWhiteSite
3000,20,22
timeStep,numberOfRobotsOnBlackSite,numberOfRobotsOnWhiteSite
3001,20,22
timeStep,numberOfRobotsOnBlackSite,numberOfRobotsOnWhiteSite
3002,20,22
timeStep,numberOfRobotsOnBlackSite,numberOfRobotsOnWhiteSite
3003,20,22
timeStep,numberOfRobotsOnBlackSite,numberOfRobotsOnWhiteSite
3004,20,22
timeStep,numberOfRobotsOnBlackSite,numberOfRobotsOnWhiteSite
3005,20,22
timeStep,numberOfRobotsOnBlackSite,numberOfRobotsOnWhiteSite
3006,20,22
timeStep,numberOfRobotsOnBlackSite,numberOfRobotsOnWhiteSite
3007,20,22
timeStep,numberOfRobotsOnBlackSite,numberOfRobotsOnWhiteSite
3008,20,22
timeStep,numberOfRobotsOnBlackSite,numberOfRobotsOnWhiteSite
3009,20,22
timeStep,numberOfRobotsOnBlackSite,numberOfRobotsOnWhiteSite
3010,20,22
timeStep,numberOfRobotsOnBlackSite,numberOfRobotsOnWhiteSite
3011,20,22
timeStep,numberOfRobotsOnBlackSite,numberOfRobotsOnWhiteSite
3012,20,22
timeStep,numberOfRobotsOnBlackSite,numberOfRobotsOnWhiteSite
3013,20,22
timeStep,numberOfRobotsOnBlackSite,numberOfRobotsOnWhiteSite
3014,20,22
timeStep,numberOfRobotsOnBlackSite,numberOfRobotsOnWhiteSite
3015,20,22
timeStep,numberOfRobotsOnBlackSite,numberOfRobotsOnWhiteSite
3016,20,22
timeStep,numberOfRobotsOnBlackSite,numberOfRobotsOnWhiteSite
3017,20,22
timeStep,numberOfRobotsOnBlackSite,numberOfRobotsOnWhiteSite
3018,20,22
timeStep,numberOfRobotsOnBlackSite,numberOfRobotsOnWhiteSite
3019,20,22
timeStep,numberOfRobotsOnBlackSite,numberOfRobotsOnWhiteSite
3020,20,22
timeStep,numberOfRobotsOnBlackSite,numberOfRobotsOnWhiteSite
3021,20,22
timeStep,numberOfRobotsOnBlackSite,numberOfRobotsOnWhiteSite
3022,20,22
timeStep,numberOfRobotsOnBlackSite,numberOfRobotsOnWhiteSite
3023,20,22
timeStep,numberOfRobotsOnBlackSite,numberOfRobotsOnWhiteSite
3024,20,22
timeStep,numberOfRobotsOnBlackSite,numberOfRobotsOnWhiteSite
3025,20,22
timeStep,numberOfRobotsOnBlackSite,numberOfRobotsOnWhiteSite
3026,20,22
timeStep,numberOfRobotsOnBlackSite,numberOfRobotsOnWhiteSite
3027,20,22
timeStep,numberOfRobotsOnBlackSite,numberOfRobotsOnWhiteSite
3028,20,22
timeStep,numberOfRobotsOnBlackSite,numberOfRobotsOnWhiteSite
3029,20,22
timeStep,numberOfRobotsOnBlackSite,numberOfRobotsOnWhiteSite
3030,20,22
timeStep,numberOfRobotsOnBlackSite,numberOfRobotsOnWhiteSite
3031,20,22
timeStep,numberOfRobotsOnBlackSite,numberOfRobotsOnWhiteSite
3032,20,22
timeStep,numberOfRobotsOnBlackSite,numberOfRobotsOnWhiteSite
3033,20,22
timeStep,numberOfRobotsOnBlackSite,numberOfRobotsOnWhiteSite
3034,20,22
timeStep,numberOfRobotsOnBlackSite,numberOfRobotsOnWhiteSite
3035,21,22
timeStep,numberOfRobotsOnBlackSite,numberOfRobotsOnWhiteSite
3036,21,22
timeStep,numberOfRobotsOnBlackSite,numberOfRobotsOnWhiteSite
3037,21,22
timeStep,numberOfRobotsOnBlackSite,numberOfRobotsOnWhiteSite
3038,21,22
timeStep,numberOfRobotsOnBlackSite,numberOfRobotsOnWhiteSite
3039,21,22
timeStep,numberOfRobotsOnBlackSite,numberOfRobotsOnWhiteSite
3040,21,22
timeStep,numberOfRobotsOnBlackSite,numberOfRobotsOnWhiteSite
3041,21,22
timeStep,numberOfRobotsOnBlackSite,numberOfRobotsOnWhiteSite
3042,21,22
timeStep,numberOfRobotsOnBlackSite,numberOfRobotsOnWhiteSite
3043,21,22
timeStep,numberOfRobotsOnBlackSite,numberOfRobotsOnWhiteSite
3044,21,22
timeStep,numberOfRobotsOnBlackSite,numberOfRobotsOnWhiteSite
3045,21,22
timeStep,numberOfRobotsOnBlackSite,numberOfRobotsOnWhiteSite
3046,21,22
timeStep,numberOfRobotsOnBlackSite,numberOfRobotsOnWhiteSite
3047,21,22
timeStep,numberOfRobotsOnBlackSite,numberOfRobotsOnWhiteSite
3048,21,22
timeStep,numberOfRobotsOnBlackSite,numberOfRobotsOnWhiteSite
3049,21,22
timeStep,numberOfRobotsOnBlackSite,numberOfRobotsOnWhiteSite
3050,21,22
timeStep,numberOfRobotsOnBlackSite,numberOfRobotsOnWhiteSite
3051,21,22
timeStep,numberOfRobotsOnBlackSite,numberOfRobotsOnWhiteSite
3052,21,22
timeStep,numberOfRobotsOnBlackSite,numberOfRobotsOnWhiteSite
3053,21,22
timeStep,numberOfRobotsOnBlackSite,numberOfRobotsOnWhiteSite
3054,21,22
timeStep,numberOfRobotsOnBlackSite,numberOfRobotsOnWhiteSite
3055,21,22
timeStep,numberOfRobotsOnBlackSite,numberOfRobotsOnWhiteSite
3056,21,22
timeStep,numberOfRobotsOnBlackSite,numberOfRobotsOnWhiteSite
3057,21,22
timeStep,numberOfRobotsOnBlackSite,numberOfRobotsOnWhiteSite
3058,21,22
timeStep,numberOfRobotsOnBlackSite,numberOfRobotsOnWhiteSite
3059,21,22
timeStep,numberOfRobotsOnBlackSite,numberOfRobotsOnWhiteSite
3060,21,22
timeStep,numberOfRobotsOnBlackSite,numberOfRobotsOnWhiteSite
3061,21,22
timeStep,numberOfRobotsOnBlackSite,numberOfRobotsOnWhiteSite
3062,21,22
timeStep,numberOfRobotsOnBlackSite,numberOfRobotsOnWhiteSite
3063,21,22
timeStep,numberOfRobotsOnBlackSite,numberOfRobotsOnWhiteSite
3064,21,22
timeStep,numberOfRobotsOnBlackSite,numberOfRobotsOnWhiteSite
3065,21,22
timeStep,numberOfRobotsOnBlackSite,numberOfRobotsOnWhiteSite
3066,21,22
timeStep,numberOfRobotsOnBlackSite,numberOfRobotsOnWhiteSite
3067,21,22
timeStep,numberOfRobotsOnBlackSite,numberOfRobotsOnWhiteSite
3068,21,22
timeStep,numberOfRobotsOnBlackSite,numberOfRobotsOnWhiteSite
3069,21,22
timeStep,numberOfRobotsOnBlackSite,numberOfRobotsOnWhiteSite
3070,21,22
timeStep,numberOfRobotsOnBlackSite,numberOfRobotsOnWhiteSite
3071,21,22
timeStep,numberOfRobotsOnBlackSite,numberOfRobotsOnWhiteSite
3072,21,22
timeStep,numberOfRobotsOnBlackSite,numberOfRobotsOnWhiteSite
3073,21,22
timeStep,numberOfRobotsOnBlackSite,numberOfRobotsOnWhiteSite
3074,21,22
timeStep,numberOfRobotsOnBlackSite,numberOfRobotsOnWhiteSite
3075,21,22
timeStep,numberOfRobotsOnBlackSite,numberOfRobotsOnWhiteSite
3076,21,22
timeStep,numberOfRobotsOnBlackSite,numberOfRobotsOnWhiteSite
3077,21,22
timeStep,numberOfRobotsOnBlackSite,numberOfRobotsOnWhiteSite
3078,21,22
timeStep,numberOfRobotsOnBlackSite,numberOfRobotsOnWhiteSite
3079,21,22
timeStep,numberOfRobotsOnBlackSite,numberOfRobotsOnWhiteSite
3080,21,22
timeStep,numberOfRobotsOnBlackSite,numberOfRobotsOnWhiteSite
3081,21,22
timeStep,numberOfRobotsOnBlackSite,numberOfRobotsOnWhiteSite
3082,21,22
timeStep,numberOfRobotsOnBlackSite,numberOfRobotsOnWhiteSite
3083,21,22
timeStep,numberOfRobotsOnBlackSite,numberOfRobotsOnWhiteSite
3084,21,22
timeStep,numberOfRobotsOnBlackSite,numberOfRobotsOnWhiteSite
3085,21,22
timeStep,numberOfRobotsOnBlackSite,numberOfRobotsOnWhiteSite
3086,21,22
timeStep,numberOfRobotsOnBlackSite,numberOfRobotsOnWhiteSite
3087,21,22
timeStep,numberOfRobotsOnBlackSite,numberOfRobotsOnWhiteSite
3088,21,22
timeStep,numberOfRobotsOnBlackSite,numberOfRobotsOnWhiteSite
3089,21,22
timeStep,numberOfRobotsOnBlackSite,numberOfRobotsOnWhiteSite
3090,21,22
timeStep,numberOfRobotsOnBlackSite,numberOfRobotsOnWhiteSite
3091,21,22
timeStep,numberOfRobotsOnBlackSite,numberOfRobotsOnWhiteSite
3092,21,22
timeStep,numberOfRobotsOnBlackSite,numberOfRobotsOnWhiteSite
3093,21,22
timeStep,numberOfRobotsOnBlackSite,numberOfRobotsOnWhiteSite
3094,21,22
timeStep,numberOfRobotsOnBlackSite,numberOfRobotsOnWhiteSite
3095,21,22
timeStep,numberOfRobotsOnBlackSite,numberOfRobotsOnWhiteSite
3096,21,22
timeStep,numberOfRobotsOnBlackSite,numberOfRobotsOnWhiteSite
3097,21,22
timeStep,numberOfRobotsOnBlackSite,numberOfRobotsOnWhiteSite
3098,21,22
timeStep,numberOfRobotsOnBlackSite,numberOfRobotsOnWhiteSite
3099,21,22
timeStep,numberOfRobotsOnBlackSite,numberOfRobotsOnWhiteSite
3100,21,22
timeStep,numberOfRobotsOnBlackSite,numberOfRobotsOnWhiteSite
3101,21,22
timeStep,numberOfRobotsOnBlackSite,numberOfRobotsOnWhiteSite
3102,21,22
timeStep,numberOfRobotsOnBlackSite,numberOfRobotsOnWhiteSite
3103,21,22
timeStep,numberOfRobotsOnBlackSite,numberOfRobotsOnWhiteSite
3104,21,22
timeStep,numberOfRobotsOnBlackSite,numberOfRobotsOnWhiteSite
3105,21,22
timeStep,numberOfRobotsOnBlackSite,numberOfRobotsOnWhiteSite
3106,21,22
timeStep,numberOfRobotsOnBlackSite,numberOfRobotsOnWhiteSite
3107,21,22
timeStep,numberOfRobotsOnBlackSite,numberOfRobotsOnWhiteSite
3108,21,22
timeStep,numberOfRobotsOnBlackSite,numberOfRobotsOnWhiteSite
3109,21,22
timeStep,numberOfRobotsOnBlackSite,numberOfRobotsOnWhiteSite
3110,21,22
timeStep,numberOfRobotsOnBlackSite,numberOfRobotsOnWhiteSite
3111,21,22
timeStep,numberOfRobotsOnBlackSite,numberOfRobotsOnWhiteSite
3112,21,22
timeStep,numberOfRobotsOnBlackSite,numberOfRobotsOnWhiteSite
3113,21,22
timeStep,numberOfRobotsOnBlackSite,numberOfRobotsOnWhiteSite
3114,21,22
timeStep,numberOfRobotsOnBlackSite,numberOfRobotsOnWhiteSite
3115,21,22
timeStep,numberOfRobotsOnBlackSite,numberOfRobotsOnWhiteSite
3116,21,22
timeStep,numberOfRobotsOnBlackSite,numberOfRobotsOnWhiteSite
3117,21,22
timeStep,numberOfRobotsOnBlackSite,numberOfRobotsOnWhiteSite
3118,21,22
timeStep,numberOfRobotsOnBlackSite,numberOfRobotsOnWhiteSite
3119,21,22
timeStep,numberOfRobotsOnBlackSite,numberOfRobotsOnWhiteSite
3120,21,22
timeStep,numberOfRobotsOnBlackSite,numberOfRobotsOnWhiteSite
3121,21,22
timeStep,numberOfRobotsOnBlackSite,numberOfRobotsOnWhiteSite
3122,21,22
timeStep,numberOfRobotsOnBlackSite,numberOfRobotsOnWhiteSite
3123,21,22
timeStep,numberOfRobotsOnBlackSite,numberOfRobotsOnWhiteSite
3124,21,22
timeStep,numberOfRobotsOnBlackSite,numberOfRobotsOnWhiteSite
3125,21,22
timeStep,numberOfRobotsOnBlackSite,numberOfRobotsOnWhiteSite
3126,21,22
timeStep,numberOfRobotsOnBlackSite,numberOfRobotsOnWhiteSite
3127,21,22
timeStep,numberOfRobotsOnBlackSite,numberOfRobotsOnWhiteSite
3128,21,22
timeStep,numberOfRobotsOnBlackSite,numberOfRobotsOnWhiteSite
3129,21,22
timeStep,numberOfRobotsOnBlackSite,numberOfRobotsOnWhiteSite
3130,21,22
timeStep,numberOfRobotsOnBlackSite,numberOfRobotsOnWhiteSite
3131,21,22
timeStep,numberOfRobotsOnBlackSite,numberOfRobotsOnWhiteSite
3132,21,22
timeStep,numberOfRobotsOnBlackSite,numberOfRobotsOnWhiteSite
3133,21,22
timeStep,numberOfRobotsOnBlackSite,numberOfRobotsOnWhiteSite
3134,21,22
timeStep,numberOfRobotsOnBlackSite,numberOfRobotsOnWhiteSite
3135,21,22
timeStep,numberOfRobotsOnBlackSite,numberOfRobotsOnWhiteSite
3136,21,22
timeStep,numberOfRobotsOnBlackSite,numberOfRobotsOnWhiteSite
3137,21,22
timeStep,numberOfRobotsOnBlackSite,numberOfRobotsOnWhiteSite
3138,21,22
timeStep,numberOfRobotsOnBlackSite,numberOfRobotsOnWhiteSite
3139,21,22
timeStep,numberOfRobotsOnBlackSite,numberOfRobotsOnWhiteSite
3140,21,22
timeStep,numberOfRobotsOnBlackSite,numberOfRobotsOnWhiteSite
3141,21,22
timeStep,numberOfRobotsOnBlackSite,numberOfRobotsOnWhiteSite
3142,21,22
timeStep,numberOfRobotsOnBlackSite,numberOfRobotsOnWhiteSite
3143,21,22
timeStep,numberOfRobotsOnBlackSite,numberOfRobotsOnWhiteSite
3144,21,22
timeStep,numberOfRobotsOnBlackSite,numberOfRobotsOnWhiteSite
3145,21,21
timeStep,numberOfRobotsOnBlackSite,numberOfRobotsOnWhiteSite
3146,21,21
timeStep,numberOfRobotsOnBlackSite,numberOfRobotsOnWhiteSite
3147,21,21
timeStep,numberOfRobotsOnBlackSite,numberOfRobotsOnWhiteSite
3148,21,21
timeStep,numberOfRobotsOnBlackSite,numberOfRobotsOnWhiteSite
3149,21,21
timeStep,numberOfRobotsOnBlackSite,numberOfRobotsOnWhiteSite
3150,21,22
timeStep,numberOfRobotsOnBlackSite,numberOfRobotsOnWhiteSite
3151,21,22
timeStep,numberOfRobotsOnBlackSite,numberOfRobotsOnWhiteSite
3152,21,22
timeStep,numberOfRobotsOnBlackSite,numberOfRobotsOnWhiteSite
3153,21,22
timeStep,numberOfRobotsOnBlackSite,numberOfRobotsOnWhiteSite
3154,21,22
timeStep,numberOfRobotsOnBlackSite,numberOfRobotsOnWhiteSite
3155,21,21
timeStep,numberOfRobotsOnBlackSite,numberOfRobotsOnWhiteSite
3156,21,21
timeStep,numberOfRobotsOnBlackSite,numberOfRobotsOnWhiteSite
3157,21,21
timeStep,numberOfRobotsOnBlackSite,numberOfRobotsOnWhiteSite
3158,21,21
timeStep,numberOfRobotsOnBlackSite,numberOfRobotsOnWhiteSite
3159,21,21
timeStep,numberOfRobotsOnBlackSite,numberOfRobotsOnWhiteSite
3160,21,21
timeStep,numberOfRobotsOnBlackSite,numberOfRobotsOnWhiteSite
3161,21,21
timeStep,numberOfRobotsOnBlackSite,numberOfRobotsOnWhiteSite
3162,21,21
timeStep,numberOfRobotsOnBlackSite,numberOfRobotsOnWhiteSite
3163,21,21
timeStep,numberOfRobotsOnBlackSite,numberOfRobotsOnWhiteSite
3164,21,21
timeStep,numberOfRobotsOnBlackSite,numberOfRobotsOnWhiteSite
3165,21,21
timeStep,numberOfRobotsOnBlackSite,numberOfRobotsOnWhiteSite
3166,21,21
timeStep,numberOfRobotsOnBlackSite,numberOfRobotsOnWhiteSite
3167,21,21
timeStep,numberOfRobotsOnBlackSite,numberOfRobotsOnWhiteSite
3168,21,21
timeStep,numberOfRobotsOnBlackSite,numberOfRobotsOnWhiteSite
3169,21,21
timeStep,numberOfRobotsOnBlackSite,numberOfRobotsOnWhiteSite
3170,21,21
timeStep,numberOfRobotsOnBlackSite,numberOfRobotsOnWhiteSite
3171,21,21
timeStep,numberOfRobotsOnBlackSite,numberOfRobotsOnWhiteSite
3172,21,21
timeStep,numberOfRobotsOnBlackSite,numberOfRobotsOnWhiteSite
3173,21,21
timeStep,numberOfRobotsOnBlackSite,numberOfRobotsOnWhiteSite
3174,21,21
timeStep,numberOfRobotsOnBlackSite,numberOfRobotsOnWhiteSite
3175,21,21
timeStep,numberOfRobotsOnBlackSite,numberOfRobotsOnWhiteSite
3176,21,21
timeStep,numberOfRobotsOnBlackSite,numberOfRobotsOnWhiteSite
3177,21,21
timeStep,numberOfRobotsOnBlackSite,numberOfRobotsOnWhiteSite
3178,21,21
timeStep,numberOfRobotsOnBlackSite,numberOfRobotsOnWhiteSite
3179,21,21
timeStep,numberOfRobotsOnBlackSite,numberOfRobotsOnWhiteSite
3180,21,21
timeStep,numberOfRobotsOnBlackSite,numberOfRobotsOnWhiteSite
3181,21,21
timeStep,numberOfRobotsOnBlackSite,numberOfRobotsOnWhiteSite
3182,21,21
timeStep,numberOfRobotsOnBlackSite,numberOfRobotsOnWhiteSite
3183,21,21
timeStep,numberOfRobotsOnBlackSite,numberOfRobotsOnWhiteSite
3184,21,21
timeStep,numberOfRobotsOnBlackSite,numberOfRobotsOnWhiteSite
3185,21,21
timeStep,numberOfRobotsOnBlackSite,numberOfRobotsOnWhiteSite
3186,21,21
timeStep,numberOfRobotsOnBlackSite,numberOfRobotsOnWhiteSite
3187,21,21
timeStep,numberOfRobotsOnBlackSite,numberOfRobotsOnWhiteSite
3188,21,21
timeStep,numberOfRobotsOnBlackSite,numberOfRobotsOnWhiteSite
3189,21,21
timeStep,numberOfRobotsOnBlackSite,numberOfRobotsOnWhiteSite
3190,21,21
timeStep,numberOfRobotsOnBlackSite,numberOfRobotsOnWhiteSite
3191,21,21
timeStep,numberOfRobotsOnBlackSite,numberOfRobotsOnWhiteSite
3192,21,21
timeStep,numberOfRobotsOnBlackSite,numberOfRobotsOnWhiteSite
3193,21,21
timeStep,numberOfRobotsOnBlackSite,numberOfRobotsOnWhiteSite
3194,21,21
timeStep,numberOfRobotsOnBlackSite,numberOfRobotsOnWhiteSite
3195,21,21
timeStep,numberOfRobotsOnBlackSite,numberOfRobotsOnWhiteSite
3196,21,21
timeStep,numberOfRobotsOnBlackSite,numberOfRobotsOnWhiteSite
3197,21,21
timeStep,numberOfRobotsOnBlackSite,numberOfRobotsOnWhiteSite
3198,21,21
timeStep,numberOfRobotsOnBlackSite,numberOfRobotsOnWhiteSite
3199,21,21
timeStep,numberOfRobotsOnBlackSite,numberOfRobotsOnWhiteSite
3200,21,21
timeStep,numberOfRobotsOnBlackSite,numberOfRobotsOnWhiteSite
3201,21,21
timeStep,numberOfRobotsOnBlackSite,numberOfRobotsOnWhiteSite
3202,21,21
timeStep,numberOfRobotsOnBlackSite,numberOfRobotsOnWhiteSite
3203,21,21
timeStep,numberOfRobotsOnBlackSite,numberOfRobotsOnWhiteSite
3204,21,21
timeStep,numberOfRobotsOnBlackSite,numberOfRobotsOnWhiteSite
3205,21,21
timeStep,numberOfRobotsOnBlackSite,numberOfRobotsOnWhiteSite
3206,21,21
timeStep,numberOfRobotsOnBlackSite,numberOfRobotsOnWhiteSite
3207,21,21
timeStep,numberOfRobotsOnBlackSite,numberOfRobotsOnWhiteSite
3208,21,21
timeStep,numberOfRobotsOnBlackSite,numberOfRobotsOnWhiteSite
3209,21,21
timeStep,numberOfRobotsOnBlackSite,numberOfRobotsOnWhiteSite
3210,21,21
timeStep,numberOfRobotsOnBlackSite,numberOfRobotsOnWhiteSite
3211,21,21
timeStep,numberOfRobotsOnBlackSite,numberOfRobotsOnWhiteSite
3212,21,21
timeStep,numberOfRobotsOnBlackSite,numberOfRobotsOnWhiteSite
3213,21,21
timeStep,numberOfRobotsOnBlackSite,numberOfRobotsOnWhiteSite
3214,21,21
timeStep,numberOfRobotsOnBlackSite,numberOfRobotsOnWhiteSite
3215,21,21
timeStep,numberOfRobotsOnBlackSite,numberOfRobotsOnWhiteSite
3216,21,21
timeStep,numberOfRobotsOnBlackSite,numberOfRobotsOnWhiteSite
3217,21,21
timeStep,numberOfRobotsOnBlackSite,numberOfRobotsOnWhiteSite
3218,21,21
timeStep,numberOfRobotsOnBlackSite,numberOfRobotsOnWhiteSite
3219,21,21
timeStep,numberOfRobotsOnBlackSite,numberOfRobotsOnWhiteSite
3220,21,21
timeStep,numberOfRobotsOnBlackSite,numberOfRobotsOnWhiteSite
3221,21,21
timeStep,numberOfRobotsOnBlackSite,numberOfRobotsOnWhiteSite
3222,21,21
timeStep,numberOfRobotsOnBlackSite,numberOfRobotsOnWhiteSite
3223,21,21
timeStep,numberOfRobotsOnBlackSite,numberOfRobotsOnWhiteSite
3224,21,21
timeStep,numberOfRobotsOnBlackSite,numberOfRobotsOnWhiteSite
3225,21,21
timeStep,numberOfRobotsOnBlackSite,numberOfRobotsOnWhiteSite
3226,21,21
timeStep,numberOfRobotsOnBlackSite,numberOfRobotsOnWhiteSite
3227,21,21
timeStep,numberOfRobotsOnBlackSite,numberOfRobotsOnWhiteSite
3228,21,21
timeStep,numberOfRobotsOnBlackSite,numberOfRobotsOnWhiteSite
3229,21,21
timeStep,numberOfRobotsOnBlackSite,numberOfRobotsOnWhiteSite
3230,21,21
timeStep,numberOfRobotsOnBlackSite,numberOfRobotsOnWhiteSite
3231,21,21
timeStep,numberOfRobotsOnBlackSite,numberOfRobotsOnWhiteSite
3232,21,21
timeStep,numberOfRobotsOnBlackSite,numberOfRobotsOnWhiteSite
3233,21,21
timeStep,numberOfRobotsOnBlackSite,numberOfRobotsOnWhiteSite
3234,21,21
timeStep,numberOfRobotsOnBlackSite,numberOfRobotsOnWhiteSite
3235,21,21
timeStep,numberOfRobotsOnBlackSite,numberOfRobotsOnWhiteSite
3236,21,21
timeStep,numberOfRobotsOnBlackSite,numberOfRobotsOnWhiteSite
3237,21,21
timeStep,numberOfRobotsOnBlackSite,numberOfRobotsOnWhiteSite
3238,21,21
timeStep,numberOfRobotsOnBlackSite,numberOfRobotsOnWhiteSite
3239,21,21
timeStep,numberOfRobotsOnBlackSite,numberOfRobotsOnWhiteSite
3240,21,21
timeStep,numberOfRobotsOnBlackSite,numberOfRobotsOnWhiteSite
3241,21,21
timeStep,numberOfRobotsOnBlackSite,numberOfRobotsOnWhiteSite
3242,21,21
timeStep,numberOfRobotsOnBlackSite,numberOfRobotsOnWhiteSite
3243,21,21
timeStep,numberOfRobotsOnBlackSite,numberOfRobotsOnWhiteSite
3244,21,21
timeStep,numberOfRobotsOnBlackSite,numberOfRobotsOnWhiteSite
3245,21,21
timeStep,numberOfRobotsOnBlackSite,numberOfRobotsOnWhiteSite
3246,21,21
timeStep,numberOfRobotsOnBlackSite,numberOfRobotsOnWhiteSite
3247,21,21
timeStep,numberOfRobotsOnBlackSite,numberOfRobotsOnWhiteSite
3248,21,21
timeStep,numberOfRobotsOnBlackSite,numberOfRobotsOnWhiteSite
3249,21,21
timeStep,numberOfRobotsOnBlackSite,numberOfRobotsOnWhiteSite
3250,21,21
timeStep,numberOfRobotsOnBlackSite,numberOfRobotsOnWhiteSite
3251,21,21
timeStep,numberOfRobotsOnBlackSite,numberOfRobotsOnWhiteSite
3252,21,21
timeStep,numberOfRobotsOnBlackSite,numberOfRobotsOnWhiteSite
3253,21,21
timeStep,numberOfRobotsOnBlackSite,numberOfRobotsOnWhiteSite
3254,21,21
timeStep,numberOfRobotsOnBlackSite,numberOfRobotsOnWhiteSite
3255,21,21
timeStep,numberOfRobotsOnBlackSite,numberOfRobotsOnWhiteSite
3256,21,21
timeStep,numberOfRobotsOnBlackSite,numberOfRobotsOnWhiteSite
3257,21,21
timeStep,numberOfRobotsOnBlackSite,numberOfRobotsOnWhiteSite
3258,21,21
timeStep,numberOfRobotsOnBlackSite,numberOfRobotsOnWhiteSite
3259,21,21
timeStep,numberOfRobotsOnBlackSite,numberOfRobotsOnWhiteSite
3260,21,21
timeStep,numberOfRobotsOnBlackSite,numberOfRobotsOnWhiteSite
3261,21,21
timeStep,numberOfRobotsOnBlackSite,numberOfRobotsOnWhiteSite
3262,21,21
timeStep,numberOfRobotsOnBlackSite,numberOfRobotsOnWhiteSite
3263,21,21
timeStep,numberOfRobotsOnBlackSite,numberOfRobotsOnWhiteSite
3264,21,21
timeStep,numberOfRobotsOnBlackSite,numberOfRobotsOnWhiteSite
3265,21,22
timeStep,numberOfRobotsOnBlackSite,numberOfRobotsOnWhiteSite
3266,21,22
timeStep,numberOfRobotsOnBlackSite,numberOfRobotsOnWhiteSite
3267,21,22
timeStep,numberOfRobotsOnBlackSite,numberOfRobotsOnWhiteSite
3268,21,22
timeStep,numberOfRobotsOnBlackSite,numberOfRobotsOnWhiteSite
3269,21,22
timeStep,numberOfRobotsOnBlackSite,numberOfRobotsOnWhiteSite
3270,21,22
timeStep,numberOfRobotsOnBlackSite,numberOfRobotsOnWhiteSite
3271,21,22
timeStep,numberOfRobotsOnBlackSite,numberOfRobotsOnWhiteSite
3272,21,22
timeStep,numberOfRobotsOnBlackSite,numberOfRobotsOnWhiteSite
3273,21,22
timeStep,numberOfRobotsOnBlackSite,numberOfRobotsOnWhiteSite
3274,21,22
timeStep,numberOfRobotsOnBlackSite,numberOfRobotsOnWhiteSite
3275,21,21
timeStep,numberOfRobotsOnBlackSite,numberOfRobotsOnWhiteSite
3276,21,21
timeStep,numberOfRobotsOnBlackSite,numberOfRobotsOnWhiteSite
3277,21,21
timeStep,numberOfRobotsOnBlackSite,numberOfRobotsOnWhiteSite
3278,21,21
timeStep,numberOfRobotsOnBlackSite,numberOfRobotsOnWhiteSite
3279,21,21
timeStep,numberOfRobotsOnBlackSite,numberOfRobotsOnWhiteSite
3280,21,21
timeStep,numberOfRobotsOnBlackSite,numberOfRobotsOnWhiteSite
3281,21,21
timeStep,numberOfRobotsOnBlackSite,numberOfRobotsOnWhiteSite
3282,21,21
timeStep,numberOfRobotsOnBlackSite,numberOfRobotsOnWhiteSite
3283,21,21
timeStep,numberOfRobotsOnBlackSite,numberOfRobotsOnWhiteSite
3284,21,21
timeStep,numberOfRobotsOnBlackSite,numberOfRobotsOnWhiteSite
3285,21,21
timeStep,numberOfRobotsOnBlackSite,numberOfRobotsOnWhiteSite
3286,21,21
timeStep,numberOfRobotsOnBlackSite,numberOfRobotsOnWhiteSite
3287,21,21
timeStep,numberOfRobotsOnBlackSite,numberOfRobotsOnWhiteSite
3288,21,21
timeStep,numberOfRobotsOnBlackSite,numberOfRobotsOnWhiteSite
3289,21,21
timeStep,numberOfRobotsOnBlackSite,numberOfRobotsOnWhiteSite
3290,21,21
timeStep,numberOfRobotsOnBlackSite,numberOfRobotsOnWhiteSite
3291,21,21
timeStep,numberOfRobotsOnBlackSite,numberOfRobotsOnWhiteSite
3292,21,21
timeStep,numberOfRobotsOnBlackSite,numberOfRobotsOnWhiteSite
3293,21,21
timeStep,numberOfRobotsOnBlackSite,numberOfRobotsOnWhiteSite
3294,21,21
timeStep,numberOfRobotsOnBlackSite,numberOfRobotsOnWhiteSite
3295,21,21
timeStep,numberOfRobotsOnBlackSite,numberOfRobotsOnWhiteSite
3296,21,21
timeStep,numberOfRobotsOnBlackSite,numberOfRobotsOnWhiteSite
3297,21,21
timeStep,numberOfRobotsOnBlackSite,numberOfRobotsOnWhiteSite
3298,21,21
timeStep,numberOfRobotsOnBlackSite,numberOfRobotsOnWhiteSite
3299,21,21
timeStep,numberOfRobotsOnBlackSite,numberOfRobotsOnWhiteSite
3300,21,21
timeStep,numberOfRobotsOnBlackSite,numberOfRobotsOnWhiteSite
3301,21,21
timeStep,numberOfRobotsOnBlackSite,numberOfRobotsOnWhiteSite
3302,21,21
timeStep,numberOfRobotsOnBlackSite,numberOfRobotsOnWhiteSite
3303,21,21
timeStep,numberOfRobotsOnBlackSite,numberOfRobotsOnWhiteSite
3304,21,21
timeStep,numberOfRobotsOnBlackSite,numberOfRobotsOnWhiteSite
3305,21,21
timeStep,numberOfRobotsOnBlackSite,numberOfRobotsOnWhiteSite
3306,21,21
timeStep,numberOfRobotsOnBlackSite,numberOfRobotsOnWhiteSite
3307,21,21
timeStep,numberOfRobotsOnBlackSite,numberOfRobotsOnWhiteSite
3308,21,21
timeStep,numberOfRobotsOnBlackSite,numberOfRobotsOnWhiteSite
3309,21,21
timeStep,numberOfRobotsOnBlackSite,numberOfRobotsOnWhiteSite
3310,21,21
timeStep,numberOfRobotsOnBlackSite,numberOfRobotsOnWhiteSite
3311,21,21
timeStep,numberOfRobotsOnBlackSite,numberOfRobotsOnWhiteSite
3312,21,21
timeStep,numberOfRobotsOnBlackSite,numberOfRobotsOnWhiteSite
3313,21,21
timeStep,numberOfRobotsOnBlackSite,numberOfRobotsOnWhiteSite
3314,21,21
timeStep,numberOfRobotsOnBlackSite,numberOfRobotsOnWhiteSite
3315,21,21
timeStep,numberOfRobotsOnBlackSite,numberOfRobotsOnWhiteSite
3316,21,21
timeStep,numberOfRobotsOnBlackSite,numberOfRobotsOnWhiteSite
3317,21,21
timeStep,numberOfRobotsOnBlackSite,numberOfRobotsOnWhiteSite
3318,21,21
timeStep,numberOfRobotsOnBlackSite,numberOfRobotsOnWhiteSite
3319,21,21
timeStep,numberOfRobotsOnBlackSite,numberOfRobotsOnWhiteSite
3320,21,21
timeStep,numberOfRobotsOnBlackSite,numberOfRobotsOnWhiteSite
3321,21,21
timeStep,numberOfRobotsOnBlackSite,numberOfRobotsOnWhiteSite
3322,21,21
timeStep,numberOfRobotsOnBlackSite,numberOfRobotsOnWhiteSite
3323,21,21
timeStep,numberOfRobotsOnBlackSite,numberOfRobotsOnWhiteSite
3324,21,21
timeStep,numberOfRobotsOnBlackSite,numberOfRobotsOnWhiteSite
3325,21,21
timeStep,numberOfRobotsOnBlackSite,numberOfRobotsOnWhiteSite
3326,21,21
timeStep,numberOfRobotsOnBlackSite,numberOfRobotsOnWhiteSite
3327,21,21
timeStep,numberOfRobotsOnBlackSite,numberOfRobotsOnWhiteSite
3328,21,21
timeStep,numberOfRobotsOnBlackSite,numberOfRobotsOnWhiteSite
3329,21,21
timeStep,numberOfRobotsOnBlackSite,numberOfRobotsOnWhiteSite
3330,21,21
timeStep,numberOfRobotsOnBlackSite,numberOfRobotsOnWhiteSite
3331,21,21
timeStep,numberOfRobotsOnBlackSite,numberOfRobotsOnWhiteSite
3332,21,21
timeStep,numberOfRobotsOnBlackSite,numberOfRobotsOnWhiteSite
3333,21,21
timeStep,numberOfRobotsOnBlackSite,numberOfRobotsOnWhiteSite
3334,21,21
timeStep,numberOfRobotsOnBlackSite,numberOfRobotsOnWhiteSite
3335,21,21
timeStep,numberOfRobotsOnBlackSite,numberOfRobotsOnWhiteSite
3336,21,21
timeStep,numberOfRobotsOnBlackSite,numberOfRobotsOnWhiteSite
3337,21,21
timeStep,numberOfRobotsOnBlackSite,numberOfRobotsOnWhiteSite
3338,21,21
timeStep,numberOfRobotsOnBlackSite,numberOfRobotsOnWhiteSite
3339,21,21
timeStep,numberOfRobotsOnBlackSite,numberOfRobotsOnWhiteSite
3340,21,21
timeStep,numberOfRobotsOnBlackSite,numberOfRobotsOnWhiteSite
3341,21,21
timeStep,numberOfRobotsOnBlackSite,numberOfRobotsOnWhiteSite
3342,21,21
timeStep,numberOfRobotsOnBlackSite,numberOfRobotsOnWhiteSite
3343,21,21
timeStep,numberOfRobotsOnBlackSite,numberOfRobotsOnWhiteSite
3344,21,21
timeStep,numberOfRobotsOnBlackSite,numberOfRobotsOnWhiteSite
3345,21,21
timeStep,numberOfRobotsOnBlackSite,numberOfRobotsOnWhiteSite
3346,21,21
timeStep,numberOfRobotsOnBlackSite,numberOfRobotsOnWhiteSite
3347,21,21
timeStep,numberOfRobotsOnBlackSite,numberOfRobotsOnWhiteSite
3348,21,21
timeStep,numberOfRobotsOnBlackSite,numberOfRobotsOnWhiteSite
3349,21,21
timeStep,numberOfRobotsOnBlackSite,numberOfRobotsOnWhiteSite
3350,21,21
timeStep,numberOfRobotsOnBlackSite,numberOfRobotsOnWhiteSite
3351,21,21
timeStep,numberOfRobotsOnBlackSite,numberOfRobotsOnWhiteSite
3352,21,21
timeStep,numberOfRobotsOnBlackSite,numberOfRobotsOnWhiteSite
3353,21,21
timeStep,numberOfRobotsOnBlackSite,numberOfRobotsOnWhiteSite
3354,21,21
timeStep,numberOfRobotsOnBlackSite,numberOfRobotsOnWhiteSite
3355,21,21
timeStep,numberOfRobotsOnBlackSite,numberOfRobotsOnWhiteSite
3356,21,21
timeStep,numberOfRobotsOnBlackSite,numberOfRobotsOnWhiteSite
3357,21,21
timeStep,numberOfRobotsOnBlackSite,numberOfRobotsOnWhiteSite
3358,21,21
timeStep,numberOfRobotsOnBlackSite,numberOfRobotsOnWhiteSite
3359,21,21
timeStep,numberOfRobotsOnBlackSite,numberOfRobotsOnWhiteSite
3360,21,21
timeStep,numberOfRobotsOnBlackSite,numberOfRobotsOnWhiteSite
3361,21,21
timeStep,numberOfRobotsOnBlackSite,numberOfRobotsOnWhiteSite
3362,21,21
timeStep,numberOfRobotsOnBlackSite,numberOfRobotsOnWhiteSite
3363,21,21
timeStep,numberOfRobotsOnBlackSite,numberOfRobotsOnWhiteSite
3364,21,21
timeStep,numberOfRobotsOnBlackSite,numberOfRobotsOnWhiteSite
3365,21,21
timeStep,numberOfRobotsOnBlackSite,numberOfRobotsOnWhiteSite
3366,21,21
timeStep,numberOfRobotsOnBlackSite,numberOfRobotsOnWhiteSite
3367,21,21
timeStep,numberOfRobotsOnBlackSite,numberOfRobotsOnWhiteSite
3368,21,21
timeStep,numberOfRobotsOnBlackSite,numberOfRobotsOnWhiteSite
3369,21,21
timeStep,numberOfRobotsOnBlackSite,numberOfRobotsOnWhiteSite
3370,21,21
timeStep,numberOfRobotsOnBlackSite,numberOfRobotsOnWhiteSite
3371,21,21
timeStep,numberOfRobotsOnBlackSite,numberOfRobotsOnWhiteSite
3372,21,21
timeStep,numberOfRobotsOnBlackSite,numberOfRobotsOnWhiteSite
3373,21,21
timeStep,numberOfRobotsOnBlackSite,numberOfRobotsOnWhiteSite
3374,21,21
timeStep,numberOfRobotsOnBlackSite,numberOfRobotsOnWhiteSite
3375,21,21
timeStep,numberOfRobotsOnBlackSite,numberOfRobotsOnWhiteSite
3376,21,21
timeStep,numberOfRobotsOnBlackSite,numberOfRobotsOnWhiteSite
3377,21,21
timeStep,numberOfRobotsOnBlackSite,numberOfRobotsOnWhiteSite
3378,21,21
timeStep,numberOfRobotsOnBlackSite,numberOfRobotsOnWhiteSite
3379,21,21
timeStep,numberOfRobotsOnBlackSite,numberOfRobotsOnWhiteSite
3380,21,21
timeStep,numberOfRobotsOnBlackSite,numberOfRobotsOnWhiteSite
3381,21,21
timeStep,numberOfRobotsOnBlackSite,numberOfRobotsOnWhiteSite
3382,21,21
timeStep,numberOfRobotsOnBlackSite,numberOfRobotsOnWhiteSite
3383,21,21
timeStep,numberOfRobotsOnBlackSite,numberOfRobotsOnWhiteSite
3384,21,21
timeStep,numberOfRobotsOnBlackSite,numberOfRobotsOnWhiteSite
3385,21,22
timeStep,numberOfRobotsOnBlackSite,numberOfRobotsOnWhiteSite
3386,21,22
timeStep,numberOfRobotsOnBlackSite,numberOfRobotsOnWhiteSite
3387,21,22
timeStep,numberOfRobotsOnBlackSite,numberOfRobotsOnWhiteSite
3388,21,22
timeStep,numberOfRobotsOnBlackSite,numberOfRobotsOnWhiteSite
3389,21,22
timeStep,numberOfRobotsOnBlackSite,numberOfRobotsOnWhiteSite
3390,21,22
timeStep,numberOfRobotsOnBlackSite,numberOfRobotsOnWhiteSite
3391,21,22
timeStep,numberOfRobotsOnBlackSite,numberOfRobotsOnWhiteSite
3392,21,22
timeStep,numberOfRobotsOnBlackSite,numberOfRobotsOnWhiteSite
3393,21,22
timeStep,numberOfRobotsOnBlackSite,numberOfRobotsOnWhiteSite
3394,21,22
timeStep,numberOfRobotsOnBlackSite,numberOfRobotsOnWhiteSite
3395,21,21
timeStep,numberOfRobotsOnBlackSite,numberOfRobotsOnWhiteSite
3396,21,21
timeStep,numberOfRobotsOnBlackSite,numberOfRobotsOnWhiteSite
3397,21,21
timeStep,numberOfRobotsOnBlackSite,numberOfRobotsOnWhiteSite
3398,21,21
timeStep,numberOfRobotsOnBlackSite,numberOfRobotsOnWhiteSite
3399,21,21
timeStep,numberOfRobotsOnBlackSite,numberOfRobotsOnWhiteSite
3400,21,21
timeStep,numberOfRobotsOnBlackSite,numberOfRobotsOnWhiteSite
3401,21,21
timeStep,numberOfRobotsOnBlackSite,numberOfRobotsOnWhiteSite
3402,21,21
timeStep,numberOfRobotsOnBlackSite,numberOfRobotsOnWhiteSite
3403,21,21
timeStep,numberOfRobotsOnBlackSite,numberOfRobotsOnWhiteSite
3404,21,21
timeStep,numberOfRobotsOnBlackSite,numberOfRobotsOnWhiteSite
3405,21,21
timeStep,numberOfRobotsOnBlackSite,numberOfRobotsOnWhiteSite
3406,21,21
timeStep,numberOfRobotsOnBlackSite,numberOfRobotsOnWhiteSite
3407,21,21
timeStep,numberOfRobotsOnBlackSite,numberOfRobotsOnWhiteSite
3408,21,21
timeStep,numberOfRobotsOnBlackSite,numberOfRobotsOnWhiteSite
3409,21,21
timeStep,numberOfRobotsOnBlackSite,numberOfRobotsOnWhiteSite
3410,21,21
timeStep,numberOfRobotsOnBlackSite,numberOfRobotsOnWhiteSite
3411,21,21
timeStep,numberOfRobotsOnBlackSite,numberOfRobotsOnWhiteSite
3412,21,21
timeStep,numberOfRobotsOnBlackSite,numberOfRobotsOnWhiteSite
3413,21,21
timeStep,numberOfRobotsOnBlackSite,numberOfRobotsOnWhiteSite
3414,21,21
timeStep,numberOfRobotsOnBlackSite,numberOfRobotsOnWhiteSite
3415,21,21
timeStep,numberOfRobotsOnBlackSite,numberOfRobotsOnWhiteSite
3416,21,21
timeStep,numberOfRobotsOnBlackSite,numberOfRobotsOnWhiteSite
3417,21,21
timeStep,numberOfRobotsOnBlackSite,numberOfRobotsOnWhiteSite
3418,21,21
timeStep,numberOfRobotsOnBlackSite,numberOfRobotsOnWhiteSite
3419,21,21
timeStep,numberOfRobotsOnBlackSite,numberOfRobotsOnWhiteSite
3420,21,21
timeStep,numberOfRobotsOnBlackSite,numberOfRobotsOnWhiteSite
3421,21,21
timeStep,numberOfRobotsOnBlackSite,numberOfRobotsOnWhiteSite
3422,21,21
timeStep,numberOfRobotsOnBlackSite,numberOfRobotsOnWhiteSite
3423,21,21
timeStep,numberOfRobotsOnBlackSite,numberOfRobotsOnWhiteSite
3424,21,21
timeStep,numberOfRobotsOnBlackSite,numberOfRobotsOnWhiteSite
3425,21,21
timeStep,numberOfRobotsOnBlackSite,numberOfRobotsOnWhiteSite
3426,21,21
timeStep,numberOfRobotsOnBlackSite,numberOfRobotsOnWhiteSite
3427,21,21
timeStep,numberOfRobotsOnBlackSite,numberOfRobotsOnWhiteSite
3428,21,21
timeStep,numberOfRobotsOnBlackSite,numberOfRobotsOnWhiteSite
3429,21,21
timeStep,numberOfRobotsOnBlackSite,numberOfRobotsOnWhiteSite
3430,21,21
timeStep,numberOfRobotsOnBlackSite,numberOfRobotsOnWhiteSite
3431,21,21
timeStep,numberOfRobotsOnBlackSite,numberOfRobotsOnWhiteSite
3432,21,21
timeStep,numberOfRobotsOnBlackSite,numberOfRobotsOnWhiteSite
3433,21,21
timeStep,numberOfRobotsOnBlackSite,numberOfRobotsOnWhiteSite
3434,21,21
timeStep,numberOfRobotsOnBlackSite,numberOfRobotsOnWhiteSite
3435,21,21
timeStep,numberOfRobotsOnBlackSite,numberOfRobotsOnWhiteSite
3436,21,21
timeStep,numberOfRobotsOnBlackSite,numberOfRobotsOnWhiteSite
3437,21,21
timeStep,numberOfRobotsOnBlackSite,numberOfRobotsOnWhiteSite
3438,21,21
timeStep,numberOfRobotsOnBlackSite,numberOfRobotsOnWhiteSite
3439,21,21
timeStep,numberOfRobotsOnBlackSite,numberOfRobotsOnWhiteSite
3440,21,21
timeStep,numberOfRobotsOnBlackSite,numberOfRobotsOnWhiteSite
3441,21,21
timeStep,numberOfRobotsOnBlackSite,numberOfRobotsOnWhiteSite
3442,21,21
timeStep,numberOfRobotsOnBlackSite,numberOfRobotsOnWhiteSite
3443,21,21
timeStep,numberOfRobotsOnBlackSite,numberOfRobotsOnWhiteSite
3444,21,21
timeStep,numberOfRobotsOnBlackSite,numberOfRobotsOnWhiteSite
3445,21,21
timeStep,numberOfRobotsOnBlackSite,numberOfRobotsOnWhiteSite
3446,21,21
timeStep,numberOfRobotsOnBlackSite,numberOfRobotsOnWhiteSite
3447,21,21
timeStep,numberOfRobotsOnBlackSite,numberOfRobotsOnWhiteSite
3448,21,21
timeStep,numberOfRobotsOnBlackSite,numberOfRobotsOnWhiteSite
3449,21,21
timeStep,numberOfRobotsOnBlackSite,numberOfRobotsOnWhiteSite
3450,21,21
timeStep,numberOfRobotsOnBlackSite,numberOfRobotsOnWhiteSite
3451,21,21
timeStep,numberOfRobotsOnBlackSite,numberOfRobotsOnWhiteSite
3452,21,21
timeStep,numberOfRobotsOnBlackSite,numberOfRobotsOnWhiteSite
3453,21,21
timeStep,numberOfRobotsOnBlackSite,numberOfRobotsOnWhiteSite
3454,21,21
timeStep,numberOfRobotsOnBlackSite,numberOfRobotsOnWhiteSite
3455,21,21
timeStep,numberOfRobotsOnBlackSite,numberOfRobotsOnWhiteSite
3456,21,21
timeStep,numberOfRobotsOnBlackSite,numberOfRobotsOnWhiteSite
3457,21,21
timeStep,numberOfRobotsOnBlackSite,numberOfRobotsOnWhiteSite
3458,21,21
timeStep,numberOfRobotsOnBlackSite,numberOfRobotsOnWhiteSite
3459,21,21
timeStep,numberOfRobotsOnBlackSite,numberOfRobotsOnWhiteSite
3460,21,21
timeStep,numberOfRobotsOnBlackSite,numberOfRobotsOnWhiteSite
3461,21,21
timeStep,numberOfRobotsOnBlackSite,numberOfRobotsOnWhiteSite
3462,21,21
timeStep,numberOfRobotsOnBlackSite,numberOfRobotsOnWhiteSite
3463,21,21
timeStep,numberOfRobotsOnBlackSite,numberOfRobotsOnWhiteSite
3464,21,21
timeStep,numberOfRobotsOnBlackSite,numberOfRobotsOnWhiteSite
3465,21,21
timeStep,numberOfRobotsOnBlackSite,numberOfRobotsOnWhiteSite
3466,21,21
timeStep,numberOfRobotsOnBlackSite,numberOfRobotsOnWhiteSite
3467,21,21
timeStep,numberOfRobotsOnBlackSite,numberOfRobotsOnWhiteSite
3468,21,21
timeStep,numberOfRobotsOnBlackSite,numberOfRobotsOnWhiteSite
3469,21,21
timeStep,numberOfRobotsOnBlackSite,numberOfRobotsOnWhiteSite
3470,21,21
timeStep,numberOfRobotsOnBlackSite,numberOfRobotsOnWhiteSite
3471,21,21
timeStep,numberOfRobotsOnBlackSite,numberOfRobotsOnWhiteSite
3472,21,21
timeStep,numberOfRobotsOnBlackSite,numberOfRobotsOnWhiteSite
3473,21,21
timeStep,numberOfRobotsOnBlackSite,numberOfRobotsOnWhiteSite
3474,21,21
timeStep,numberOfRobotsOnBlackSite,numberOfRobotsOnWhiteSite
3475,21,21
timeStep,numberOfRobotsOnBlackSite,numberOfRobotsOnWhiteSite
3476,21,21
timeStep,numberOfRobotsOnBlackSite,numberOfRobotsOnWhiteSite
3477,21,21
timeStep,numberOfRobotsOnBlackSite,numberOfRobotsOnWhiteSite
3478,21,21
timeStep,numberOfRobotsOnBlackSite,numberOfRobotsOnWhiteSite
3479,21,21
timeStep,numberOfRobotsOnBlackSite,numberOfRobotsOnWhiteSite
3480,21,21
timeStep,numberOfRobotsOnBlackSite,numberOfRobotsOnWhiteSite
3481,21,21
timeStep,numberOfRobotsOnBlackSite,numberOfRobotsOnWhiteSite
3482,21,21
timeStep,numberOfRobotsOnBlackSite,numberOfRobotsOnWhiteSite
3483,21,21
timeStep,numberOfRobotsOnBlackSite,numberOfRobotsOnWhiteSite
3484,21,21
timeStep,numberOfRobotsOnBlackSite,numberOfRobotsOnWhiteSite
3485,21,21
timeStep,numberOfRobotsOnBlackSite,numberOfRobotsOnWhiteSite
3486,21,21
timeStep,numberOfRobotsOnBlackSite,numberOfRobotsOnWhiteSite
3487,21,21
timeStep,numberOfRobotsOnBlackSite,numberOfRobotsOnWhiteSite
3488,21,21
timeStep,numberOfRobotsOnBlackSite,numberOfRobotsOnWhiteSite
3489,21,21
timeStep,numberOfRobotsOnBlackSite,numberOfRobotsOnWhiteSite
3490,21,21
timeStep,numberOfRobotsOnBlackSite,numberOfRobotsOnWhiteSite
3491,21,21
timeStep,numberOfRobotsOnBlackSite,numberOfRobotsOnWhiteSite
3492,21,21
timeStep,numberOfRobotsOnBlackSite,numberOfRobotsOnWhiteSite
3493,21,21
timeStep,numberOfRobotsOnBlackSite,numberOfRobotsOnWhiteSite
3494,21,21
timeStep,numberOfRobotsOnBlackSite,numberOfRobotsOnWhiteSite
3495,20,21
timeStep,numberOfRobotsOnBlackSite,numberOfRobotsOnWhiteSite
3496,20,21
timeStep,numberOfRobotsOnBlackSite,numberOfRobotsOnWhiteSite
3497,20,21
timeStep,numberOfRobotsOnBlackSite,numberOfRobotsOnWhiteSite
3498,20,21
timeStep,numberOfRobotsOnBlackSite,numberOfRobotsOnWhiteSite
3499,20,21
timeStep,numberOfRobotsOnBlackSite,numberOfRobotsOnWhiteSite
3500,20,22
timeStep,numberOfRobotsOnBlackSite,numberOfRobotsOnWhiteSite
3501,20,22
timeStep,numberOfRobotsOnBlackSite,numberOfRobotsOnWhiteSite
3502,20,22
timeStep,numberOfRobotsOnBlackSite,numberOfRobotsOnWhiteSite
3503,20,22
timeStep,numberOfRobotsOnBlackSite,numberOfRobotsOnWhiteSite
3504,20,22
timeStep,numberOfRobotsOnBlackSite,numberOfRobotsOnWhiteSite
3505,20,22
timeStep,numberOfRobotsOnBlackSite,numberOfRobotsOnWhiteSite
3506,20,22
timeStep,numberOfRobotsOnBlackSite,numberOfRobotsOnWhiteSite
3507,20,22
timeStep,numberOfRobotsOnBlackSite,numberOfRobotsOnWhiteSite
3508,20,22
timeStep,numberOfRobotsOnBlackSite,numberOfRobotsOnWhiteSite
3509,20,22
timeStep,numberOfRobotsOnBlackSite,numberOfRobotsOnWhiteSite
3510,20,22
timeStep,numberOfRobotsOnBlackSite,numberOfRobotsOnWhiteSite
3511,20,22
timeStep,numberOfRobotsOnBlackSite,numberOfRobotsOnWhiteSite
3512,20,22
timeStep,numberOfRobotsOnBlackSite,numberOfRobotsOnWhiteSite
3513,20,22
timeStep,numberOfRobotsOnBlackSite,numberOfRobotsOnWhiteSite
3514,20,22
timeStep,numberOfRobotsOnBlackSite,numberOfRobotsOnWhiteSite
3515,20,22
timeStep,numberOfRobotsOnBlackSite,numberOfRobotsOnWhiteSite
3516,20,22
timeStep,numberOfRobotsOnBlackSite,numberOfRobotsOnWhiteSite
3517,20,22
timeStep,numberOfRobotsOnBlackSite,numberOfRobotsOnWhiteSite
3518,20,22
timeStep,numberOfRobotsOnBlackSite,numberOfRobotsOnWhiteSite
3519,20,22
timeStep,numberOfRobotsOnBlackSite,numberOfRobotsOnWhiteSite
3520,20,21
timeStep,numberOfRobotsOnBlackSite,numberOfRobotsOnWhiteSite
3521,20,21
timeStep,numberOfRobotsOnBlackSite,numberOfRobotsOnWhiteSite
3522,20,21
timeStep,numberOfRobotsOnBlackSite,numberOfRobotsOnWhiteSite
3523,20,21
timeStep,numberOfRobotsOnBlackSite,numberOfRobotsOnWhiteSite
3524,20,21
timeStep,numberOfRobotsOnBlackSite,numberOfRobotsOnWhiteSite
3525,20,21
timeStep,numberOfRobotsOnBlackSite,numberOfRobotsOnWhiteSite
3526,20,21
timeStep,numberOfRobotsOnBlackSite,numberOfRobotsOnWhiteSite
3527,20,21
timeStep,numberOfRobotsOnBlackSite,numberOfRobotsOnWhiteSite
3528,20,21
timeStep,numberOfRobotsOnBlackSite,numberOfRobotsOnWhiteSite
3529,20,21
timeStep,numberOfRobotsOnBlackSite,numberOfRobotsOnWhiteSite
3530,20,21
timeStep,numberOfRobotsOnBlackSite,numberOfRobotsOnWhiteSite
3531,20,21
timeStep,numberOfRobotsOnBlackSite,numberOfRobotsOnWhiteSite
3532,20,21
timeStep,numberOfRobotsOnBlackSite,numberOfRobotsOnWhiteSite
3533,20,21
timeStep,numberOfRobotsOnBlackSite,numberOfRobotsOnWhiteSite
3534,20,21
timeStep,numberOfRobotsOnBlackSite,numberOfRobotsOnWhiteSite
3535,20,21
timeStep,numberOfRobotsOnBlackSite,numberOfRobotsOnWhiteSite
3536,20,21
timeStep,numberOfRobotsOnBlackSite,numberOfRobotsOnWhiteSite
3537,20,21
timeStep,numberOfRobotsOnBlackSite,numberOfRobotsOnWhiteSite
3538,20,21
timeStep,numberOfRobotsOnBlackSite,numberOfRobotsOnWhiteSite
3539,20,21
timeStep,numberOfRobotsOnBlackSite,numberOfRobotsOnWhiteSite
3540,20,22
timeStep,numberOfRobotsOnBlackSite,numberOfRobotsOnWhiteSite
3541,20,22
timeStep,numberOfRobotsOnBlackSite,numberOfRobotsOnWhiteSite
3542,20,22
timeStep,numberOfRobotsOnBlackSite,numberOfRobotsOnWhiteSite
3543,20,22
timeStep,numberOfRobotsOnBlackSite,numberOfRobotsOnWhiteSite
3544,20,22
timeStep,numberOfRobotsOnBlackSite,numberOfRobotsOnWhiteSite
3545,20,22
timeStep,numberOfRobotsOnBlackSite,numberOfRobotsOnWhiteSite
3546,20,22
timeStep,numberOfRobotsOnBlackSite,numberOfRobotsOnWhiteSite
3547,20,22
timeStep,numberOfRobotsOnBlackSite,numberOfRobotsOnWhiteSite
3548,20,22
timeStep,numberOfRobotsOnBlackSite,numberOfRobotsOnWhiteSite
3549,20,22
timeStep,numberOfRobotsOnBlackSite,numberOfRobotsOnWhiteSite
3550,20,22
timeStep,numberOfRobotsOnBlackSite,numberOfRobotsOnWhiteSite
3551,20,22
timeStep,numberOfRobotsOnBlackSite,numberOfRobotsOnWhiteSite
3552,20,22
timeStep,numberOfRobotsOnBlackSite,numberOfRobotsOnWhiteSite
3553,20,22
timeStep,numberOfRobotsOnBlackSite,numberOfRobotsOnWhiteSite
3554,20,22
timeStep,numberOfRobotsOnBlackSite,numberOfRobotsOnWhiteSite
3555,20,22
timeStep,numberOfRobotsOnBlackSite,numberOfRobotsOnWhiteSite
3556,20,22
timeStep,numberOfRobotsOnBlackSite,numberOfRobotsOnWhiteSite
3557,20,22
timeStep,numberOfRobotsOnBlackSite,numberOfRobotsOnWhiteSite
3558,20,22
timeStep,numberOfRobotsOnBlackSite,numberOfRobotsOnWhiteSite
3559,20,22
timeStep,numberOfRobotsOnBlackSite,numberOfRobotsOnWhiteSite
3560,20,22
timeStep,numberOfRobotsOnBlackSite,numberOfRobotsOnWhiteSite
3561,20,22
timeStep,numberOfRobotsOnBlackSite,numberOfRobotsOnWhiteSite
3562,20,22
timeStep,numberOfRobotsOnBlackSite,numberOfRobotsOnWhiteSite
3563,20,22
timeStep,numberOfRobotsOnBlackSite,numberOfRobotsOnWhiteSite
3564,20,22
timeStep,numberOfRobotsOnBlackSite,numberOfRobotsOnWhiteSite
3565,20,22
timeStep,numberOfRobotsOnBlackSite,numberOfRobotsOnWhiteSite
3566,20,22
timeStep,numberOfRobotsOnBlackSite,numberOfRobotsOnWhiteSite
3567,20,22
timeStep,numberOfRobotsOnBlackSite,numberOfRobotsOnWhiteSite
3568,20,22
timeStep,numberOfRobotsOnBlackSite,numberOfRobotsOnWhiteSite
3569,20,22
timeStep,numberOfRobotsOnBlackSite,numberOfRobotsOnWhiteSite
3570,20,22
timeStep,numberOfRobotsOnBlackSite,numberOfRobotsOnWhiteSite
3571,20,22
timeStep,numberOfRobotsOnBlackSite,numberOfRobotsOnWhiteSite
3572,20,22
timeStep,numberOfRobotsOnBlackSite,numberOfRobotsOnWhiteSite
3573,20,22
timeStep,numberOfRobotsOnBlackSite,numberOfRobotsOnWhiteSite
3574,20,22
timeStep,numberOfRobotsOnBlackSite,numberOfRobotsOnWhiteSite
3575,20,22
timeStep,numberOfRobotsOnBlackSite,numberOfRobotsOnWhiteSite
3576,20,22
timeStep,numberOfRobotsOnBlackSite,numberOfRobotsOnWhiteSite
3577,20,22
timeStep,numberOfRobotsOnBlackSite,numberOfRobotsOnWhiteSite
3578,20,22
timeStep,numberOfRobotsOnBlackSite,numberOfRobotsOnWhiteSite
3579,20,22
timeStep,numberOfRobotsOnBlackSite,numberOfRobotsOnWhiteSite
3580,20,22
timeStep,numberOfRobotsOnBlackSite,numberOfRobotsOnWhiteSite
3581,20,22
timeStep,numberOfRobotsOnBlackSite,numberOfRobotsOnWhiteSite
3582,20,22
timeStep,numberOfRobotsOnBlackSite,numberOfRobotsOnWhiteSite
3583,20,22
timeStep,numberOfRobotsOnBlackSite,numberOfRobotsOnWhiteSite
3584,20,22
timeStep,numberOfRobotsOnBlackSite,numberOfRobotsOnWhiteSite
3585,20,22
timeStep,numberOfRobotsOnBlackSite,numberOfRobotsOnWhiteSite
3586,20,22
timeStep,numberOfRobotsOnBlackSite,numberOfRobotsOnWhiteSite
3587,20,22
timeStep,numberOfRobotsOnBlackSite,numberOfRobotsOnWhiteSite
3588,20,22
timeStep,numberOfRobotsOnBlackSite,numberOfRobotsOnWhiteSite
3589,20,22
timeStep,numberOfRobotsOnBlackSite,numberOfRobotsOnWhiteSite
3590,20,22
timeStep,numberOfRobotsOnBlackSite,numberOfRobotsOnWhiteSite
3591,20,22
timeStep,numberOfRobotsOnBlackSite,numberOfRobotsOnWhiteSite
3592,20,22
timeStep,numberOfRobotsOnBlackSite,numberOfRobotsOnWhiteSite
3593,20,22
timeStep,numberOfRobotsOnBlackSite,numberOfRobotsOnWhiteSite
3594,20,22
timeStep,numberOfRobotsOnBlackSite,numberOfRobotsOnWhiteSite
3595,20,22
timeStep,numberOfRobotsOnBlackSite,numberOfRobotsOnWhiteSite
3596,20,22
timeStep,numberOfRobotsOnBlackSite,numberOfRobotsOnWhiteSite
3597,20,22
timeStep,numberOfRobotsOnBlackSite,numberOfRobotsOnWhiteSite
3598,20,22
timeStep,numberOfRobotsOnBlackSite,numberOfRobotsOnWhiteSite
3599,20,22
timeStep,numberOfRobotsOnBlackSite,numberOfRobotsOnWhiteSite
3600,20,22
timeStep,numberOfRobotsOnBlackSite,numberOfRobotsOnWhiteSite
3601,20,22
timeStep,numberOfRobotsOnBlackSite,numberOfRobotsOnWhiteSite
3602,20,22
timeStep,numberOfRobotsOnBlackSite,numberOfRobotsOnWhiteSite
3603,20,22
timeStep,numberOfRobotsOnBlackSite,numberOfRobotsOnWhiteSite
3604,20,22
timeStep,numberOfRobotsOnBlackSite,numberOfRobotsOnWhiteSite
3605,20,22
timeStep,numberOfRobotsOnBlackSite,numberOfRobotsOnWhiteSite
3606,20,22
timeStep,numberOfRobotsOnBlackSite,numberOfRobotsOnWhiteSite
3607,20,22
timeStep,numberOfRobotsOnBlackSite,numberOfRobotsOnWhiteSite
3608,20,22
timeStep,numberOfRobotsOnBlackSite,numberOfRobotsOnWhiteSite
3609,20,22
timeStep,numberOfRobotsOnBlackSite,numberOfRobotsOnWhiteSite
3610,20,22
timeStep,numberOfRobotsOnBlackSite,numberOfRobotsOnWhiteSite
3611,20,22
timeStep,numberOfRobotsOnBlackSite,numberOfRobotsOnWhiteSite
3612,20,22
timeStep,numberOfRobotsOnBlackSite,numberOfRobotsOnWhiteSite
3613,20,22
timeStep,numberOfRobotsOnBlackSite,numberOfRobotsOnWhiteSite
3614,20,22
timeStep,numberOfRobotsOnBlackSite,numberOfRobotsOnWhiteSite
3615,20,22
timeStep,numberOfRobotsOnBlackSite,numberOfRobotsOnWhiteSite
3616,20,22
timeStep,numberOfRobotsOnBlackSite,numberOfRobotsOnWhiteSite
3617,20,22
timeStep,numberOfRobotsOnBlackSite,numberOfRobotsOnWhiteSite
3618,20,22
timeStep,numberOfRobotsOnBlackSite,numberOfRobotsOnWhiteSite
3619,20,22
timeStep,numberOfRobotsOnBlackSite,numberOfRobotsOnWhiteSite
3620,20,22
timeStep,numberOfRobotsOnBlackSite,numberOfRobotsOnWhiteSite
3621,20,22
timeStep,numberOfRobotsOnBlackSite,numberOfRobotsOnWhiteSite
3622,20,22
timeStep,numberOfRobotsOnBlackSite,numberOfRobotsOnWhiteSite
3623,20,22
timeStep,numberOfRobotsOnBlackSite,numberOfRobotsOnWhiteSite
3624,20,22
timeStep,numberOfRobotsOnBlackSite,numberOfRobotsOnWhiteSite
3625,20,22
timeStep,numberOfRobotsOnBlackSite,numberOfRobotsOnWhiteSite
3626,20,22
timeStep,numberOfRobotsOnBlackSite,numberOfRobotsOnWhiteSite
3627,20,22
timeStep,numberOfRobotsOnBlackSite,numberOfRobotsOnWhiteSite
3628,20,22
timeStep,numberOfRobotsOnBlackSite,numberOfRobotsOnWhiteSite
3629,20,22
timeStep,numberOfRobotsOnBlackSite,numberOfRobotsOnWhiteSite
3630,20,22
timeStep,numberOfRobotsOnBlackSite,numberOfRobotsOnWhiteSite
3631,20,22
timeStep,numberOfRobotsOnBlackSite,numberOfRobotsOnWhiteSite
3632,20,22
timeStep,numberOfRobotsOnBlackSite,numberOfRobotsOnWhiteSite
3633,20,22
timeStep,numberOfRobotsOnBlackSite,numberOfRobotsOnWhiteSite
3634,20,22
timeStep,numberOfRobotsOnBlackSite,numberOfRobotsOnWhiteSite
3635,20,22
timeStep,numberOfRobotsOnBlackSite,numberOfRobotsOnWhiteSite
3636,20,22
timeStep,numberOfRobotsOnBlackSite,numberOfRobotsOnWhiteSite
3637,20,22
timeStep,numberOfRobotsOnBlackSite,numberOfRobotsOnWhiteSite
3638,20,22
timeStep,numberOfRobotsOnBlackSite,numberOfRobotsOnWhiteSite
3639,20,22
timeStep,numberOfRobotsOnBlackSite,numberOfRobotsOnWhiteSite
3640,20,22
timeStep,numberOfRobotsOnBlackSite,numberOfRobotsOnWhiteSite
3641,20,22
timeStep,numberOfRobotsOnBlackSite,numberOfRobotsOnWhiteSite
3642,20,22
timeStep,numberOfRobotsOnBlackSite,numberOfRobotsOnWhiteSite
3643,20,22
timeStep,numberOfRobotsOnBlackSite,numberOfRobotsOnWhiteSite
3644,20,22
timeStep,numberOfRobotsOnBlackSite,numberOfRobotsOnWhiteSite
3645,20,22
timeStep,numberOfRobotsOnBlackSite,numberOfRobotsOnWhiteSite
3646,20,22
timeStep,numberOfRobotsOnBlackSite,numberOfRobotsOnWhiteSite
3647,20,22
timeStep,numberOfRobotsOnBlackSite,numberOfRobotsOnWhiteSite
3648,20,22
timeStep,numberOfRobotsOnBlackSite,numberOfRobotsOnWhiteSite
3649,20,22
timeStep,numberOfRobotsOnBlackSite,numberOfRobotsOnWhiteSite
3650,20,22
timeStep,numberOfRobotsOnBlackSite,numberOfRobotsOnWhiteSite
3651,20,22
timeStep,numberOfRobotsOnBlackSite,numberOfRobotsOnWhiteSite
3652,20,22
timeStep,numberOfRobotsOnBlackSite,numberOfRobotsOnWhiteSite
3653,20,22
timeStep,numberOfRobotsOnBlackSite,numberOfRobotsOnWhiteSite
3654,20,22
timeStep,numberOfRobotsOnBlackSite,numberOfRobotsOnWhiteSite
3655,20,22
timeStep,numberOfRobotsOnBlackSite,numberOfRobotsOnWhiteSite
3656,20,22
timeStep,numberOfRobotsOnBlackSite,numberOfRobotsOnWhiteSite
3657,20,22
timeStep,numberOfRobotsOnBlackSite,numberOfRobotsOnWhiteSite
3658,20,22
timeStep,numberOfRobotsOnBlackSite,numberOfRobotsOnWhiteSite
3659,20,22
timeStep,numberOfRobotsOnBlackSite,numberOfRobotsOnWhiteSite
3660,20,22
timeStep,numberOfRobotsOnBlackSite,numberOfRobotsOnWhiteSite
3661,20,22
timeStep,numberOfRobotsOnBlackSite,numberOfRobotsOnWhiteSite
3662,20,22
timeStep,numberOfRobotsOnBlackSite,numberOfRobotsOnWhiteSite
3663,20,22
timeStep,numberOfRobotsOnBlackSite,numberOfRobotsOnWhiteSite
3664,20,22
timeStep,numberOfRobotsOnBlackSite,numberOfRobotsOnWhiteSite
3665,20,22
timeStep,numberOfRobotsOnBlackSite,numberOfRobotsOnWhiteSite
3666,20,22
timeStep,numberOfRobotsOnBlackSite,numberOfRobotsOnWhiteSite
3667,20,22
timeStep,numberOfRobotsOnBlackSite,numberOfRobotsOnWhiteSite
3668,20,22
timeStep,numberOfRobotsOnBlackSite,numberOfRobotsOnWhiteSite
3669,20,22
timeStep,numberOfRobotsOnBlackSite,numberOfRobotsOnWhiteSite
3670,19,22
timeStep,numberOfRobotsOnBlackSite,numberOfRobotsOnWhiteSite
3671,19,22
timeStep,numberOfRobotsOnBlackSite,numberOfRobotsOnWhiteSite
3672,19,22
timeStep,numberOfRobotsOnBlackSite,numberOfRobotsOnWhiteSite
3673,19,22
timeStep,numberOfRobotsOnBlackSite,numberOfRobotsOnWhiteSite
3674,19,22
timeStep,numberOfRobotsOnBlackSite,numberOfRobotsOnWhiteSite
3675,19,22
timeStep,numberOfRobotsOnBlackSite,numberOfRobotsOnWhiteSite
3676,19,22
timeStep,numberOfRobotsOnBlackSite,numberOfRobotsOnWhiteSite
3677,19,22
timeStep,numberOfRobotsOnBlackSite,numberOfRobotsOnWhiteSite
3678,19,22
timeStep,numberOfRobotsOnBlackSite,numberOfRobotsOnWhiteSite
3679,19,22
timeStep,numberOfRobotsOnBlackSite,numberOfRobotsOnWhiteSite
3680,20,22
timeStep,numberOfRobotsOnBlackSite,numberOfRobotsOnWhiteSite
3681,20,22
timeStep,numberOfRobotsOnBlackSite,numberOfRobotsOnWhiteSite
3682,20,22
timeStep,numberOfRobotsOnBlackSite,numberOfRobotsOnWhiteSite
3683,20,22
timeStep,numberOfRobotsOnBlackSite,numberOfRobotsOnWhiteSite
3684,20,22
timeStep,numberOfRobotsOnBlackSite,numberOfRobotsOnWhiteSite
3685,20,22
timeStep,numberOfRobotsOnBlackSite,numberOfRobotsOnWhiteSite
3686,20,22
timeStep,numberOfRobotsOnBlackSite,numberOfRobotsOnWhiteSite
3687,20,22
timeStep,numberOfRobotsOnBlackSite,numberOfRobotsOnWhiteSite
3688,20,22
timeStep,numberOfRobotsOnBlackSite,numberOfRobotsOnWhiteSite
3689,20,22
timeStep,numberOfRobotsOnBlackSite,numberOfRobotsOnWhiteSite
3690,20,22
timeStep,numberOfRobotsOnBlackSite,numberOfRobotsOnWhiteSite
3691,20,22
timeStep,numberOfRobotsOnBlackSite,numberOfRobotsOnWhiteSite
3692,20,22
timeStep,numberOfRobotsOnBlackSite,numberOfRobotsOnWhiteSite
3693,20,22
timeStep,numberOfRobotsOnBlackSite,numberOfRobotsOnWhiteSite
3694,20,22
timeStep,numberOfRobotsOnBlackSite,numberOfRobotsOnWhiteSite
3695,20,22
timeStep,numberOfRobotsOnBlackSite,numberOfRobotsOnWhiteSite
3696,20,22
timeStep,numberOfRobotsOnBlackSite,numberOfRobotsOnWhiteSite
3697,20,22
timeStep,numberOfRobotsOnBlackSite,numberOfRobotsOnWhiteSite
3698,20,22
timeStep,numberOfRobotsOnBlackSite,numberOfRobotsOnWhiteSite
3699,20,22
timeStep,numberOfRobotsOnBlackSite,numberOfRobotsOnWhiteSite
3700,20,22
timeStep,numberOfRobotsOnBlackSite,numberOfRobotsOnWhiteSite
3701,20,22
timeStep,numberOfRobotsOnBlackSite,numberOfRobotsOnWhiteSite
3702,20,22
timeStep,numberOfRobotsOnBlackSite,numberOfRobotsOnWhiteSite
3703,20,22
timeStep,numberOfRobotsOnBlackSite,numberOfRobotsOnWhiteSite
3704,20,22
timeStep,numberOfRobotsOnBlackSite,numberOfRobotsOnWhiteSite
3705,20,22
timeStep,numberOfRobotsOnBlackSite,numberOfRobotsOnWhiteSite
3706,20,22
timeStep,numberOfRobotsOnBlackSite,numberOfRobotsOnWhiteSite
3707,20,22
timeStep,numberOfRobotsOnBlackSite,numberOfRobotsOnWhiteSite
3708,20,22
timeStep,numberOfRobotsOnBlackSite,numberOfRobotsOnWhiteSite
3709,20,22
timeStep,numberOfRobotsOnBlackSite,numberOfRobotsOnWhiteSite
3710,20,22
timeStep,numberOfRobotsOnBlackSite,numberOfRobotsOnWhiteSite
3711,20,22
timeStep,numberOfRobotsOnBlackSite,numberOfRobotsOnWhiteSite
3712,20,22
timeStep,numberOfRobotsOnBlackSite,numberOfRobotsOnWhiteSite
3713,20,22
timeStep,numberOfRobotsOnBlackSite,numberOfRobotsOnWhiteSite
3714,20,22
timeStep,numberOfRobotsOnBlackSite,numberOfRobotsOnWhiteSite
3715,20,22
timeStep,numberOfRobotsOnBlackSite,numberOfRobotsOnWhiteSite
3716,20,22
timeStep,numberOfRobotsOnBlackSite,numberOfRobotsOnWhiteSite
3717,20,22
timeStep,numberOfRobotsOnBlackSite,numberOfRobotsOnWhiteSite
3718,20,22
timeStep,numberOfRobotsOnBlackSite,numberOfRobotsOnWhiteSite
3719,20,22
timeStep,numberOfRobotsOnBlackSite,numberOfRobotsOnWhiteSite
3720,20,22
timeStep,numberOfRobotsOnBlackSite,numberOfRobotsOnWhiteSite
3721,20,22
timeStep,numberOfRobotsOnBlackSite,numberOfRobotsOnWhiteSite
3722,20,22
timeStep,numberOfRobotsOnBlackSite,numberOfRobotsOnWhiteSite
3723,20,22
timeStep,numberOfRobotsOnBlackSite,numberOfRobotsOnWhiteSite
3724,20,22
timeStep,numberOfRobotsOnBlackSite,numberOfRobotsOnWhiteSite
3725,20,22
timeStep,numberOfRobotsOnBlackSite,numberOfRobotsOnWhiteSite
3726,20,22
timeStep,numberOfRobotsOnBlackSite,numberOfRobotsOnWhiteSite
3727,20,22
timeStep,numberOfRobotsOnBlackSite,numberOfRobotsOnWhiteSite
3728,20,22
timeStep,numberOfRobotsOnBlackSite,numberOfRobotsOnWhiteSite
3729,20,22
timeStep,numberOfRobotsOnBlackSite,numberOfRobotsOnWhiteSite
3730,20,21
timeStep,numberOfRobotsOnBlackSite,numberOfRobotsOnWhiteSite
3731,20,21
timeStep,numberOfRobotsOnBlackSite,numberOfRobotsOnWhiteSite
3732,20,21
timeStep,numberOfRobotsOnBlackSite,numberOfRobotsOnWhiteSite
3733,20,21
timeStep,numberOfRobotsOnBlackSite,numberOfRobotsOnWhiteSite
3734,20,21
timeStep,numberOfRobotsOnBlackSite,numberOfRobotsOnWhiteSite
3735,20,21
timeStep,numberOfRobotsOnBlackSite,numberOfRobotsOnWhiteSite
3736,20,21
timeStep,numberOfRobotsOnBlackSite,numberOfRobotsOnWhiteSite
3737,20,21
timeStep,numberOfRobotsOnBlackSite,numberOfRobotsOnWhiteSite
3738,20,21
timeStep,numberOfRobotsOnBlackSite,numberOfRobotsOnWhiteSite
3739,20,21
timeStep,numberOfRobotsOnBlackSite,numberOfRobotsOnWhiteSite
3740,20,21
timeStep,numberOfRobotsOnBlackSite,numberOfRobotsOnWhiteSite
3741,20,21
timeStep,numberOfRobotsOnBlackSite,numberOfRobotsOnWhiteSite
3742,20,21
timeStep,numberOfRobotsOnBlackSite,numberOfRobotsOnWhiteSite
3743,20,21
timeStep,numberOfRobotsOnBlackSite,numberOfRobotsOnWhiteSite
3744,20,21
timeStep,numberOfRobotsOnBlackSite,numberOfRobotsOnWhiteSite
3745,20,21
timeStep,numberOfRobotsOnBlackSite,numberOfRobotsOnWhiteSite
3746,20,21
timeStep,numberOfRobotsOnBlackSite,numberOfRobotsOnWhiteSite
3747,20,21
timeStep,numberOfRobotsOnBlackSite,numberOfRobotsOnWhiteSite
3748,20,21
timeStep,numberOfRobotsOnBlackSite,numberOfRobotsOnWhiteSite
3749,20,21
timeStep,numberOfRobotsOnBlackSite,numberOfRobotsOnWhiteSite
3750,20,21
timeStep,numberOfRobotsOnBlackSite,numberOfRobotsOnWhiteSite
3751,20,21
timeStep,numberOfRobotsOnBlackSite,numberOfRobotsOnWhiteSite
3752,20,21
timeStep,numberOfRobotsOnBlackSite,numberOfRobotsOnWhiteSite
3753,20,21
timeStep,numberOfRobotsOnBlackSite,numberOfRobotsOnWhiteSite
3754,20,21
timeStep,numberOfRobotsOnBlackSite,numberOfRobotsOnWhiteSite
3755,20,21
timeStep,numberOfRobotsOnBlackSite,numberOfRobotsOnWhiteSite
3756,20,21
timeStep,numberOfRobotsOnBlackSite,numberOfRobotsOnWhiteSite
3757,20,21
timeStep,numberOfRobotsOnBlackSite,numberOfRobotsOnWhiteSite
3758,20,21
timeStep,numberOfRobotsOnBlackSite,numberOfRobotsOnWhiteSite
3759,20,21
timeStep,numberOfRobotsOnBlackSite,numberOfRobotsOnWhiteSite
3760,20,21
timeStep,numberOfRobotsOnBlackSite,numberOfRobotsOnWhiteSite
3761,20,21
timeStep,numberOfRobotsOnBlackSite,numberOfRobotsOnWhiteSite
3762,20,21
timeStep,numberOfRobotsOnBlackSite,numberOfRobotsOnWhiteSite
3763,20,21
timeStep,numberOfRobotsOnBlackSite,numberOfRobotsOnWhiteSite
3764,20,21
timeStep,numberOfRobotsOnBlackSite,numberOfRobotsOnWhiteSite
3765,21,21
timeStep,numberOfRobotsOnBlackSite,numberOfRobotsOnWhiteSite
3766,21,21
timeStep,numberOfRobotsOnBlackSite,numberOfRobotsOnWhiteSite
3767,21,21
timeStep,numberOfRobotsOnBlackSite,numberOfRobotsOnWhiteSite
3768,21,21
timeStep,numberOfRobotsOnBlackSite,numberOfRobotsOnWhiteSite
3769,21,21
timeStep,numberOfRobotsOnBlackSite,numberOfRobotsOnWhiteSite
3770,21,21
timeStep,numberOfRobotsOnBlackSite,numberOfRobotsOnWhiteSite
3771,21,21
timeStep,numberOfRobotsOnBlackSite,numberOfRobotsOnWhiteSite
3772,21,21
timeStep,numberOfRobotsOnBlackSite,numberOfRobotsOnWhiteSite
3773,21,21
timeStep,numberOfRobotsOnBlackSite,numberOfRobotsOnWhiteSite
3774,21,21
timeStep,numberOfRobotsOnBlackSite,numberOfRobotsOnWhiteSite
3775,21,21
timeStep,numberOfRobotsOnBlackSite,numberOfRobotsOnWhiteSite
3776,21,21
timeStep,numberOfRobotsOnBlackSite,numberOfRobotsOnWhiteSite
3777,21,21
timeStep,numberOfRobotsOnBlackSite,numberOfRobotsOnWhiteSite
3778,21,21
timeStep,numberOfRobotsOnBlackSite,numberOfRobotsOnWhiteSite
3779,21,21
timeStep,numberOfRobotsOnBlackSite,numberOfRobotsOnWhiteSite
3780,21,21
timeStep,numberOfRobotsOnBlackSite,numberOfRobotsOnWhiteSite
3781,21,21
timeStep,numberOfRobotsOnBlackSite,numberOfRobotsOnWhiteSite
3782,21,21
timeStep,numberOfRobotsOnBlackSite,numberOfRobotsOnWhiteSite
3783,21,21
timeStep,numberOfRobotsOnBlackSite,numberOfRobotsOnWhiteSite
3784,21,21
timeStep,numberOfRobotsOnBlackSite,numberOfRobotsOnWhiteSite
3785,21,21
timeStep,numberOfRobotsOnBlackSite,numberOfRobotsOnWhiteSite
3786,21,21
timeStep,numberOfRobotsOnBlackSite,numberOfRobotsOnWhiteSite
3787,21,21
timeStep,numberOfRobotsOnBlackSite,numberOfRobotsOnWhiteSite
3788,21,21
timeStep,numberOfRobotsOnBlackSite,numberOfRobotsOnWhiteSite
3789,21,21
timeStep,numberOfRobotsOnBlackSite,numberOfRobotsOnWhiteSite
3790,21,21
timeStep,numberOfRobotsOnBlackSite,numberOfRobotsOnWhiteSite
3791,21,21
timeStep,numberOfRobotsOnBlackSite,numberOfRobotsOnWhiteSite
3792,21,21
timeStep,numberOfRobotsOnBlackSite,numberOfRobotsOnWhiteSite
3793,21,21
timeStep,numberOfRobotsOnBlackSite,numberOfRobotsOnWhiteSite
3794,21,21
timeStep,numberOfRobotsOnBlackSite,numberOfRobotsOnWhiteSite
3795,20,21
timeStep,numberOfRobotsOnBlackSite,numberOfRobotsOnWhiteSite
3796,20,21
timeStep,numberOfRobotsOnBlackSite,numberOfRobotsOnWhiteSite
3797,20,21
timeStep,numberOfRobotsOnBlackSite,numberOfRobotsOnWhiteSite
3798,20,21
timeStep,numberOfRobotsOnBlackSite,numberOfRobotsOnWhiteSite
3799,20,21
timeStep,numberOfRobotsOnBlackSite,numberOfRobotsOnWhiteSite
3800,20,21
timeStep,numberOfRobotsOnBlackSite,numberOfRobotsOnWhiteSite
3801,20,21
timeStep,numberOfRobotsOnBlackSite,numberOfRobotsOnWhiteSite
3802,20,21
timeStep,numberOfRobotsOnBlackSite,numberOfRobotsOnWhiteSite
3803,20,21
timeStep,numberOfRobotsOnBlackSite,numberOfRobotsOnWhiteSite
3804,20,21
timeStep,numberOfRobotsOnBlackSite,numberOfRobotsOnWhiteSite
3805,20,21
timeStep,numberOfRobotsOnBlackSite,numberOfRobotsOnWhiteSite
3806,20,21
timeStep,numberOfRobotsOnBlackSite,numberOfRobotsOnWhiteSite
3807,20,21
timeStep,numberOfRobotsOnBlackSite,numberOfRobotsOnWhiteSite
3808,20,21
timeStep,numberOfRobotsOnBlackSite,numberOfRobotsOnWhiteSite
3809,20,21
timeStep,numberOfRobotsOnBlackSite,numberOfRobotsOnWhiteSite
3810,20,21
timeStep,numberOfRobotsOnBlackSite,numberOfRobotsOnWhiteSite
3811,20,21
timeStep,numberOfRobotsOnBlackSite,numberOfRobotsOnWhiteSite
3812,20,21
timeStep,numberOfRobotsOnBlackSite,numberOfRobotsOnWhiteSite
3813,20,21
timeStep,numberOfRobotsOnBlackSite,numberOfRobotsOnWhiteSite
3814,20,21
timeStep,numberOfRobotsOnBlackSite,numberOfRobotsOnWhiteSite
3815,20,21
timeStep,numberOfRobotsOnBlackSite,numberOfRobotsOnWhiteSite
3816,20,21
timeStep,numberOfRobotsOnBlackSite,numberOfRobotsOnWhiteSite
3817,20,21
timeStep,numberOfRobotsOnBlackSite,numberOfRobotsOnWhiteSite
3818,20,21
timeStep,numberOfRobotsOnBlackSite,numberOfRobotsOnWhiteSite
3819,20,21
timeStep,numberOfRobotsOnBlackSite,numberOfRobotsOnWhiteSite
3820,20,21
timeStep,numberOfRobotsOnBlackSite,numberOfRobotsOnWhiteSite
3821,20,21
timeStep,numberOfRobotsOnBlackSite,numberOfRobotsOnWhiteSite
3822,20,21
timeStep,numberOfRobotsOnBlackSite,numberOfRobotsOnWhiteSite
3823,20,21
timeStep,numberOfRobotsOnBlackSite,numberOfRobotsOnWhiteSite
3824,20,21
timeStep,numberOfRobotsOnBlackSite,numberOfRobotsOnWhiteSite
3825,20,20
timeStep,numberOfRobotsOnBlackSite,numberOfRobotsOnWhiteSite
3826,20,20
timeStep,numberOfRobotsOnBlackSite,numberOfRobotsOnWhiteSite
3827,20,20
timeStep,numberOfRobotsOnBlackSite,numberOfRobotsOnWhiteSite
3828,20,20
timeStep,numberOfRobotsOnBlackSite,numberOfRobotsOnWhiteSite
3829,20,20
timeStep,numberOfRobotsOnBlackSite,numberOfRobotsOnWhiteSite
3830,21,20
timeStep,numberOfRobotsOnBlackSite,numberOfRobotsOnWhiteSite
3831,21,20
timeStep,numberOfRobotsOnBlackSite,numberOfRobotsOnWhiteSite
3832,21,20
timeStep,numberOfRobotsOnBlackSite,numberOfRobotsOnWhiteSite
3833,21,20
timeStep,numberOfRobotsOnBlackSite,numberOfRobotsOnWhiteSite
3834,21,20
timeStep,numberOfRobotsOnBlackSite,numberOfRobotsOnWhiteSite
3835,21,20
timeStep,numberOfRobotsOnBlackSite,numberOfRobotsOnWhiteSite
3836,21,20
timeStep,numberOfRobotsOnBlackSite,numberOfRobotsOnWhiteSite
3837,21,20
timeStep,numberOfRobotsOnBlackSite,numberOfRobotsOnWhiteSite
3838,21,20
timeStep,numberOfRobotsOnBlackSite,numberOfRobotsOnWhiteSite
3839,21,20
timeStep,numberOfRobotsOnBlackSite,numberOfRobotsOnWhiteSite
3840,21,20
timeStep,numberOfRobotsOnBlackSite,numberOfRobotsOnWhiteSite
3841,21,20
timeStep,numberOfRobotsOnBlackSite,numberOfRobotsOnWhiteSite
3842,21,20
timeStep,numberOfRobotsOnBlackSite,numberOfRobotsOnWhiteSite
3843,21,20
timeStep,numberOfRobotsOnBlackSite,numberOfRobotsOnWhiteSite
3844,21,20
timeStep,numberOfRobotsOnBlackSite,numberOfRobotsOnWhiteSite
3845,21,20
timeStep,numberOfRobotsOnBlackSite,numberOfRobotsOnWhiteSite
3846,21,20
timeStep,numberOfRobotsOnBlackSite,numberOfRobotsOnWhiteSite
3847,21,20
timeStep,numberOfRobotsOnBlackSite,numberOfRobotsOnWhiteSite
3848,21,20
timeStep,numberOfRobotsOnBlackSite,numberOfRobotsOnWhiteSite
3849,21,20
timeStep,numberOfRobotsOnBlackSite,numberOfRobotsOnWhiteSite
3850,21,20
timeStep,numberOfRobotsOnBlackSite,numberOfRobotsOnWhiteSite
3851,21,20
timeStep,numberOfRobotsOnBlackSite,numberOfRobotsOnWhiteSite
3852,21,20
timeStep,numberOfRobotsOnBlackSite,numberOfRobotsOnWhiteSite
3853,21,20
timeStep,numberOfRobotsOnBlackSite,numberOfRobotsOnWhiteSite
3854,21,20
timeStep,numberOfRobotsOnBlackSite,numberOfRobotsOnWhiteSite
3855,21,20
timeStep,numberOfRobotsOnBlackSite,numberOfRobotsOnWhiteSite
3856,21,20
timeStep,numberOfRobotsOnBlackSite,numberOfRobotsOnWhiteSite
3857,21,20
timeStep,numberOfRobotsOnBlackSite,numberOfRobotsOnWhiteSite
3858,21,20
timeStep,numberOfRobotsOnBlackSite,numberOfRobotsOnWhiteSite
3859,21,20
timeStep,numberOfRobotsOnBlackSite,numberOfRobotsOnWhiteSite
3860,21,20
timeStep,numberOfRobotsOnBlackSite,numberOfRobotsOnWhiteSite
3861,21,20
timeStep,numberOfRobotsOnBlackSite,numberOfRobotsOnWhiteSite
3862,21,20
timeStep,numberOfRobotsOnBlackSite,numberOfRobotsOnWhiteSite
3863,21,20
timeStep,numberOfRobotsOnBlackSite,numberOfRobotsOnWhiteSite
3864,21,20
timeStep,numberOfRobotsOnBlackSite,numberOfRobotsOnWhiteSite
3865,21,20
timeStep,numberOfRobotsOnBlackSite,numberOfRobotsOnWhiteSite
3866,21,20
timeStep,numberOfRobotsOnBlackSite,numberOfRobotsOnWhiteSite
3867,21,20
timeStep,numberOfRobotsOnBlackSite,numberOfRobotsOnWhiteSite
3868,21,20
timeStep,numberOfRobotsOnBlackSite,numberOfRobotsOnWhiteSite
3869,21,20
timeStep,numberOfRobotsOnBlackSite,numberOfRobotsOnWhiteSite
3870,21,20
timeStep,numberOfRobotsOnBlackSite,numberOfRobotsOnWhiteSite
3871,21,20
timeStep,numberOfRobotsOnBlackSite,numberOfRobotsOnWhiteSite
3872,21,20
timeStep,numberOfRobotsOnBlackSite,numberOfRobotsOnWhiteSite
3873,21,20
timeStep,numberOfRobotsOnBlackSite,numberOfRobotsOnWhiteSite
3874,21,20
timeStep,numberOfRobotsOnBlackSite,numberOfRobotsOnWhiteSite
3875,21,20
timeStep,numberOfRobotsOnBlackSite,numberOfRobotsOnWhiteSite
3876,21,20
timeStep,numberOfRobotsOnBlackSite,numberOfRobotsOnWhiteSite
3877,21,20
timeStep,numberOfRobotsOnBlackSite,numberOfRobotsOnWhiteSite
3878,21,20
timeStep,numberOfRobotsOnBlackSite,numberOfRobotsOnWhiteSite
3879,21,20
timeStep,numberOfRobotsOnBlackSite,numberOfRobotsOnWhiteSite
3880,21,20
timeStep,numberOfRobotsOnBlackSite,numberOfRobotsOnWhiteSite
3881,21,20
timeStep,numberOfRobotsOnBlackSite,numberOfRobotsOnWhiteSite
3882,21,20
timeStep,numberOfRobotsOnBlackSite,numberOfRobotsOnWhiteSite
3883,21,20
timeStep,numberOfRobotsOnBlackSite,numberOfRobotsOnWhiteSite
3884,21,20
timeStep,numberOfRobotsOnBlackSite,numberOfRobotsOnWhiteSite
3885,21,20
timeStep,numberOfRobotsOnBlackSite,numberOfRobotsOnWhiteSite
3886,21,20
timeStep,numberOfRobotsOnBlackSite,numberOfRobotsOnWhiteSite
3887,21,20
timeStep,numberOfRobotsOnBlackSite,numberOfRobotsOnWhiteSite
3888,21,20
timeStep,numberOfRobotsOnBlackSite,numberOfRobotsOnWhiteSite
3889,21,20
timeStep,numberOfRobotsOnBlackSite,numberOfRobotsOnWhiteSite
3890,21,20
timeStep,numberOfRobotsOnBlackSite,numberOfRobotsOnWhiteSite
3891,21,20
timeStep,numberOfRobotsOnBlackSite,numberOfRobotsOnWhiteSite
3892,21,20
timeStep,numberOfRobotsOnBlackSite,numberOfRobotsOnWhiteSite
3893,21,20
timeStep,numberOfRobotsOnBlackSite,numberOfRobotsOnWhiteSite
3894,21,20
timeStep,numberOfRobotsOnBlackSite,numberOfRobotsOnWhiteSite
3895,21,20
timeStep,numberOfRobotsOnBlackSite,numberOfRobotsOnWhiteSite
3896,21,20
timeStep,numberOfRobotsOnBlackSite,numberOfRobotsOnWhiteSite
3897,21,20
timeStep,numberOfRobotsOnBlackSite,numberOfRobotsOnWhiteSite
3898,21,20
timeStep,numberOfRobotsOnBlackSite,numberOfRobotsOnWhiteSite
3899,21,20
timeStep,numberOfRobotsOnBlackSite,numberOfRobotsOnWhiteSite
3900,21,20
timeStep,numberOfRobotsOnBlackSite,numberOfRobotsOnWhiteSite
3901,21,20
timeStep,numberOfRobotsOnBlackSite,numberOfRobotsOnWhiteSite
3902,21,20
timeStep,numberOfRobotsOnBlackSite,numberOfRobotsOnWhiteSite
3903,21,20
timeStep,numberOfRobotsOnBlackSite,numberOfRobotsOnWhiteSite
3904,21,20
timeStep,numberOfRobotsOnBlackSite,numberOfRobotsOnWhiteSite
3905,21,20
timeStep,numberOfRobotsOnBlackSite,numberOfRobotsOnWhiteSite
3906,21,20
timeStep,numberOfRobotsOnBlackSite,numberOfRobotsOnWhiteSite
3907,21,20
timeStep,numberOfRobotsOnBlackSite,numberOfRobotsOnWhiteSite
3908,21,20
timeStep,numberOfRobotsOnBlackSite,numberOfRobotsOnWhiteSite
3909,21,20
timeStep,numberOfRobotsOnBlackSite,numberOfRobotsOnWhiteSite
3910,21,20
timeStep,numberOfRobotsOnBlackSite,numberOfRobotsOnWhiteSite
3911,21,20
timeStep,numberOfRobotsOnBlackSite,numberOfRobotsOnWhiteSite
3912,21,20
timeStep,numberOfRobotsOnBlackSite,numberOfRobotsOnWhiteSite
3913,21,20
timeStep,numberOfRobotsOnBlackSite,numberOfRobotsOnWhiteSite
3914,21,20
timeStep,numberOfRobotsOnBlackSite,numberOfRobotsOnWhiteSite
3915,21,21
timeStep,numberOfRobotsOnBlackSite,numberOfRobotsOnWhiteSite
3916,21,21
timeStep,numberOfRobotsOnBlackSite,numberOfRobotsOnWhiteSite
3917,21,21
timeStep,numberOfRobotsOnBlackSite,numberOfRobotsOnWhiteSite
3918,21,21
timeStep,numberOfRobotsOnBlackSite,numberOfRobotsOnWhiteSite
3919,21,21
timeStep,numberOfRobotsOnBlackSite,numberOfRobotsOnWhiteSite
3920,21,21
timeStep,numberOfRobotsOnBlackSite,numberOfRobotsOnWhiteSite
3921,21,21
timeStep,numberOfRobotsOnBlackSite,numberOfRobotsOnWhiteSite
3922,21,21
timeStep,numberOfRobotsOnBlackSite,numberOfRobotsOnWhiteSite
3923,21,21
timeStep,numberOfRobotsOnBlackSite,numberOfRobotsOnWhiteSite
3924,21,21
timeStep,numberOfRobotsOnBlackSite,numberOfRobotsOnWhiteSite
3925,21,21
timeStep,numberOfRobotsOnBlackSite,numberOfRobotsOnWhiteSite
3926,21,21
timeStep,numberOfRobotsOnBlackSite,numberOfRobotsOnWhiteSite
3927,21,21
timeStep,numberOfRobotsOnBlackSite,numberOfRobotsOnWhiteSite
3928,21,21
timeStep,numberOfRobotsOnBlackSite,numberOfRobotsOnWhiteSite
3929,21,21
timeStep,numberOfRobotsOnBlackSite,numberOfRobotsOnWhiteSite
3930,21,21
timeStep,numberOfRobotsOnBlackSite,numberOfRobotsOnWhiteSite
3931,21,21
timeStep,numberOfRobotsOnBlackSite,numberOfRobotsOnWhiteSite
3932,21,21
timeStep,numberOfRobotsOnBlackSite,numberOfRobotsOnWhiteSite
3933,21,21
timeStep,numberOfRobotsOnBlackSite,numberOfRobotsOnWhiteSite
3934,21,21
timeStep,numberOfRobotsOnBlackSite,numberOfRobotsOnWhiteSite
3935,21,21
timeStep,numberOfRobotsOnBlackSite,numberOfRobotsOnWhiteSite
3936,21,21
timeStep,numberOfRobotsOnBlackSite,numberOfRobotsOnWhiteSite
3937,21,21
timeStep,numberOfRobotsOnBlackSite,numberOfRobotsOnWhiteSite
3938,21,21
timeStep,numberOfRobotsOnBlackSite,numberOfRobotsOnWhiteSite
3939,21,21
timeStep,numberOfRobotsOnBlackSite,numberOfRobotsOnWhiteSite
3940,21,21
timeStep,numberOfRobotsOnBlackSite,numberOfRobotsOnWhiteSite
3941,21,21
timeStep,numberOfRobotsOnBlackSite,numberOfRobotsOnWhiteSite
3942,21,21
timeStep,numberOfRobotsOnBlackSite,numberOfRobotsOnWhiteSite
3943,21,21
timeStep,numberOfRobotsOnBlackSite,numberOfRobotsOnWhiteSite
3944,21,21
timeStep,numberOfRobotsOnBlackSite,numberOfRobotsOnWhiteSite
3945,21,22
timeStep,numberOfRobotsOnBlackSite,numberOfRobotsOnWhiteSite
3946,21,22
timeStep,numberOfRobotsOnBlackSite,numberOfRobotsOnWhiteSite
3947,21,22
timeStep,numberOfRobotsOnBlackSite,numberOfRobotsOnWhiteSite
3948,21,22
timeStep,numberOfRobotsOnBlackSite,numberOfRobotsOnWhiteSite
3949,21,22
timeStep,numberOfRobotsOnBlackSite,numberOfRobotsOnWhiteSite
3950,21,22
timeStep,numberOfRobotsOnBlackSite,numberOfRobotsOnWhiteSite
3951,21,22
timeStep,numberOfRobotsOnBlackSite,numberOfRobotsOnWhiteSite
3952,21,22
timeStep,numberOfRobotsOnBlackSite,numberOfRobotsOnWhiteSite
3953,21,22
timeStep,numberOfRobotsOnBlackSite,numberOfRobotsOnWhiteSite
3954,21,22
timeStep,numberOfRobotsOnBlackSite,numberOfRobotsOnWhiteSite
3955,21,22
timeStep,numberOfRobotsOnBlackSite,numberOfRobotsOnWhiteSite
3956,21,22
timeStep,numberOfRobotsOnBlackSite,numberOfRobotsOnWhiteSite
3957,21,22
timeStep,numberOfRobotsOnBlackSite,numberOfRobotsOnWhiteSite
3958,21,22
timeStep,numberOfRobotsOnBlackSite,numberOfRobotsOnWhiteSite
3959,21,22
timeStep,numberOfRobotsOnBlackSite,numberOfRobotsOnWhiteSite
3960,21,22
timeStep,numberOfRobotsOnBlackSite,numberOfRobotsOnWhiteSite
3961,21,22
timeStep,numberOfRobotsOnBlackSite,numberOfRobotsOnWhiteSite
3962,21,22
timeStep,numberOfRobotsOnBlackSite,numberOfRobotsOnWhiteSite
3963,21,22
timeStep,numberOfRobotsOnBlackSite,numberOfRobotsOnWhiteSite
3964,21,22
timeStep,numberOfRobotsOnBlackSite,numberOfRobotsOnWhiteSite
3965,21,22
timeStep,numberOfRobotsOnBlackSite,numberOfRobotsOnWhiteSite
3966,21,22
timeStep,numberOfRobotsOnBlackSite,numberOfRobotsOnWhiteSite
3967,21,22
timeStep,numberOfRobotsOnBlackSite,numberOfRobotsOnWhiteSite
3968,21,22
timeStep,numberOfRobotsOnBlackSite,numberOfRobotsOnWhiteSite
3969,21,22
timeStep,numberOfRobotsOnBlackSite,numberOfRobotsOnWhiteSite
3970,21,22
timeStep,numberOfRobotsOnBlackSite,numberOfRobotsOnWhiteSite
3971,21,22
timeStep,numberOfRobotsOnBlackSite,numberOfRobotsOnWhiteSite
3972,21,22
timeStep,numberOfRobotsOnBlackSite,numberOfRobotsOnWhiteSite
3973,21,22
timeStep,numberOfRobotsOnBlackSite,numberOfRobotsOnWhiteSite
3974,21,22
timeStep,numberOfRobotsOnBlackSite,numberOfRobotsOnWhiteSite
3975,21,22
timeStep,numberOfRobotsOnBlackSite,numberOfRobotsOnWhiteSite
3976,21,22
timeStep,numberOfRobotsOnBlackSite,numberOfRobotsOnWhiteSite
3977,21,22
timeStep,numberOfRobotsOnBlackSite,numberOfRobotsOnWhiteSite
3978,21,22
timeStep,numberOfRobotsOnBlackSite,numberOfRobotsOnWhiteSite
3979,21,22
timeStep,numberOfRobotsOnBlackSite,numberOfRobotsOnWhiteSite
3980,21,22
timeStep,numberOfRobotsOnBlackSite,numberOfRobotsOnWhiteSite
3981,21,22
timeStep,numberOfRobotsOnBlackSite,numberOfRobotsOnWhiteSite
3982,21,22
timeStep,numberOfRobotsOnBlackSite,numberOfRobotsOnWhiteSite
3983,21,22
timeStep,numberOfRobotsOnBlackSite,numberOfRobotsOnWhiteSite
3984,21,22
timeStep,numberOfRobotsOnBlackSite,numberOfRobotsOnWhiteSite
3985,21,22
timeStep,numberOfRobotsOnBlackSite,numberOfRobotsOnWhiteSite
3986,21,22
timeStep,numberOfRobotsOnBlackSite,numberOfRobotsOnWhiteSite
3987,21,22
timeStep,numberOfRobotsOnBlackSite,numberOfRobotsOnWhiteSite
3988,21,22
timeStep,numberOfRobotsOnBlackSite,numberOfRobotsOnWhiteSite
3989,21,22
timeStep,numberOfRobotsOnBlackSite,numberOfRobotsOnWhiteSite
3990,20,22
timeStep,numberOfRobotsOnBlackSite,numberOfRobotsOnWhiteSite
3991,20,22
timeStep,numberOfRobotsOnBlackSite,numberOfRobotsOnWhiteSite
3992,20,22
timeStep,numberOfRobotsOnBlackSite,numberOfRobotsOnWhiteSite
3993,20,22
timeStep,numberOfRobotsOnBlackSite,numberOfRobotsOnWhiteSite
3994,20,22
timeStep,numberOfRobotsOnBlackSite,numberOfRobotsOnWhiteSite
3995,20,22
timeStep,numberOfRobotsOnBlackSite,numberOfRobotsOnWhiteSite
3996,20,22
timeStep,numberOfRobotsOnBlackSite,numberOfRobotsOnWhiteSite
3997,20,22
timeStep,numberOfRobotsOnBlackSite,numberOfRobotsOnWhiteSite
3998,20,22
timeStep,numberOfRobotsOnBlackSite,numberOfRobotsOnWhiteSite
3999,20,22
timeStep,numberOfRobotsOnBlackSite,numberOfRobotsOnWhiteSite
4000,20,21
timeStep,numberOfRobotsOnBlackSite,numberOfRobotsOnWhiteSite
4001,20,21
timeStep,numberOfRobotsOnBlackSite,numberOfRobotsOnWhiteSite
4002,20,21
timeStep,numberOfRobotsOnBlackSite,numberOfRobotsOnWhiteSite
4003,20,21
timeStep,numberOfRobotsOnBlackSite,numberOfRobotsOnWhiteSite
4004,20,21
timeStep,numberOfRobotsOnBlackSite,numberOfRobotsOnWhiteSite
4005,20,21
timeStep,numberOfRobotsOnBlackSite,numberOfRobotsOnWhiteSite
4006,20,21
timeStep,numberOfRobotsOnBlackSite,numberOfRobotsOnWhiteSite
4007,20,21
timeStep,numberOfRobotsOnBlackSite,numberOfRobotsOnWhiteSite
4008,20,21
timeStep,numberOfRobotsOnBlackSite,numberOfRobotsOnWhiteSite
4009,20,21
timeStep,numberOfRobotsOnBlackSite,numberOfRobotsOnWhiteSite
4010,20,21
timeStep,numberOfRobotsOnBlackSite,numberOfRobotsOnWhiteSite
4011,20,21
timeStep,numberOfRobotsOnBlackSite,numberOfRobotsOnWhiteSite
4012,20,21
timeStep,numberOfRobotsOnBlackSite,numberOfRobotsOnWhiteSite
4013,20,21
timeStep,numberOfRobotsOnBlackSite,numberOfRobotsOnWhiteSite
4014,20,21
timeStep,numberOfRobotsOnBlackSite,numberOfRobotsOnWhiteSite
4015,20,21
timeStep,numberOfRobotsOnBlackSite,numberOfRobotsOnWhiteSite
4016,20,21
timeStep,numberOfRobotsOnBlackSite,numberOfRobotsOnWhiteSite
4017,20,21
timeStep,numberOfRobotsOnBlackSite,numberOfRobotsOnWhiteSite
4018,20,21
timeStep,numberOfRobotsOnBlackSite,numberOfRobotsOnWhiteSite
4019,20,21
timeStep,numberOfRobotsOnBlackSite,numberOfRobotsOnWhiteSite
4020,20,21
timeStep,numberOfRobotsOnBlackSite,numberOfRobotsOnWhiteSite
4021,20,21
timeStep,numberOfRobotsOnBlackSite,numberOfRobotsOnWhiteSite
4022,20,21
timeStep,numberOfRobotsOnBlackSite,numberOfRobotsOnWhiteSite
4023,20,21
timeStep,numberOfRobotsOnBlackSite,numberOfRobotsOnWhiteSite
4024,20,21
timeStep,numberOfRobotsOnBlackSite,numberOfRobotsOnWhiteSite
4025,20,21
timeStep,numberOfRobotsOnBlackSite,numberOfRobotsOnWhiteSite
4026,20,21
timeStep,numberOfRobotsOnBlackSite,numberOfRobotsOnWhiteSite
4027,20,21
timeStep,numberOfRobotsOnBlackSite,numberOfRobotsOnWhiteSite
4028,20,21
timeStep,numberOfRobotsOnBlackSite,numberOfRobotsOnWhiteSite
4029,20,21
timeStep,numberOfRobotsOnBlackSite,numberOfRobotsOnWhiteSite
4030,20,21
timeStep,numberOfRobotsOnBlackSite,numberOfRobotsOnWhiteSite
4031,20,21
timeStep,numberOfRobotsOnBlackSite,numberOfRobotsOnWhiteSite
4032,20,21
timeStep,numberOfRobotsOnBlackSite,numberOfRobotsOnWhiteSite
4033,20,21
timeStep,numberOfRobotsOnBlackSite,numberOfRobotsOnWhiteSite
4034,20,21
timeStep,numberOfRobotsOnBlackSite,numberOfRobotsOnWhiteSite
4035,20,21
timeStep,numberOfRobotsOnBlackSite,numberOfRobotsOnWhiteSite
4036,20,21
timeStep,numberOfRobotsOnBlackSite,numberOfRobotsOnWhiteSite
4037,20,21
timeStep,numberOfRobotsOnBlackSite,numberOfRobotsOnWhiteSite
4038,20,21
timeStep,numberOfRobotsOnBlackSite,numberOfRobotsOnWhiteSite
4039,20,21
timeStep,numberOfRobotsOnBlackSite,numberOfRobotsOnWhiteSite
4040,20,21
timeStep,numberOfRobotsOnBlackSite,numberOfRobotsOnWhiteSite
4041,20,21
timeStep,numberOfRobotsOnBlackSite,numberOfRobotsOnWhiteSite
4042,20,21
timeStep,numberOfRobotsOnBlackSite,numberOfRobotsOnWhiteSite
4043,20,21
timeStep,numberOfRobotsOnBlackSite,numberOfRobotsOnWhiteSite
4044,20,21
timeStep,numberOfRobotsOnBlackSite,numberOfRobotsOnWhiteSite
4045,20,21
timeStep,numberOfRobotsOnBlackSite,numberOfRobotsOnWhiteSite
4046,20,21
timeStep,numberOfRobotsOnBlackSite,numberOfRobotsOnWhiteSite
4047,20,21
timeStep,numberOfRobotsOnBlackSite,numberOfRobotsOnWhiteSite
4048,20,21
timeStep,numberOfRobotsOnBlackSite,numberOfRobotsOnWhiteSite
4049,20,21
timeStep,numberOfRobotsOnBlackSite,numberOfRobotsOnWhiteSite
4050,20,21
timeStep,numberOfRobotsOnBlackSite,numberOfRobotsOnWhiteSite
4051,20,21
timeStep,numberOfRobotsOnBlackSite,numberOfRobotsOnWhiteSite
4052,20,21
timeStep,numberOfRobotsOnBlackSite,numberOfRobotsOnWhiteSite
4053,20,21
timeStep,numberOfRobotsOnBlackSite,numberOfRobotsOnWhiteSite
4054,20,21
timeStep,numberOfRobotsOnBlackSite,numberOfRobotsOnWhiteSite
4055,20,21
timeStep,numberOfRobotsOnBlackSite,numberOfRobotsOnWhiteSite
4056,20,21
timeStep,numberOfRobotsOnBlackSite,numberOfRobotsOnWhiteSite
4057,20,21
timeStep,numberOfRobotsOnBlackSite,numberOfRobotsOnWhiteSite
4058,20,21
timeStep,numberOfRobotsOnBlackSite,numberOfRobotsOnWhiteSite
4059,20,21
timeStep,numberOfRobotsOnBlackSite,numberOfRobotsOnWhiteSite
4060,20,22
timeStep,numberOfRobotsOnBlackSite,numberOfRobotsOnWhiteSite
4061,20,22
timeStep,numberOfRobotsOnBlackSite,numberOfRobotsOnWhiteSite
4062,20,22
timeStep,numberOfRobotsOnBlackSite,numberOfRobotsOnWhiteSite
4063,20,22
timeStep,numberOfRobotsOnBlackSite,numberOfRobotsOnWhiteSite
4064,20,22
timeStep,numberOfRobotsOnBlackSite,numberOfRobotsOnWhiteSite
4065,19,22
timeStep,numberOfRobotsOnBlackSite,numberOfRobotsOnWhiteSite
4066,19,22
timeStep,numberOfRobotsOnBlackSite,numberOfRobotsOnWhiteSite
4067,19,22
timeStep,numberOfRobotsOnBlackSite,numberOfRobotsOnWhiteSite
4068,19,22
timeStep,numberOfRobotsOnBlackSite,numberOfRobotsOnWhiteSite
4069,19,22
timeStep,numberOfRobotsOnBlackSite,numberOfRobotsOnWhiteSite
4070,19,22
timeStep,numberOfRobotsOnBlackSite,numberOfRobotsOnWhiteSite
4071,19,22
timeStep,numberOfRobotsOnBlackSite,numberOfRobotsOnWhiteSite
4072,19,22
timeStep,numberOfRobotsOnBlackSite,numberOfRobotsOnWhiteSite
4073,19,22
timeStep,numberOfRobotsOnBlackSite,numberOfRobotsOnWhiteSite
4074,19,22
timeStep,numberOfRobotsOnBlackSite,numberOfRobotsOnWhiteSite
4075,19,21
timeStep,numberOfRobotsOnBlackSite,numberOfRobotsOnWhiteSite
4076,19,21
timeStep,numberOfRobotsOnBlackSite,numberOfRobotsOnWhiteSite
4077,19,21
timeStep,numberOfRobotsOnBlackSite,numberOfRobotsOnWhiteSite
4078,19,21
timeStep,numberOfRobotsOnBlackSite,numberOfRobotsOnWhiteSite
4079,19,21
timeStep,numberOfRobotsOnBlackSite,numberOfRobotsOnWhiteSite
4080,19,21
timeStep,numberOfRobotsOnBlackSite,numberOfRobotsOnWhiteSite
4081,19,21
timeStep,numberOfRobotsOnBlackSite,numberOfRobotsOnWhiteSite
4082,19,21
timeStep,numberOfRobotsOnBlackSite,numberOfRobotsOnWhiteSite
4083,19,21
timeStep,numberOfRobotsOnBlackSite,numberOfRobotsOnWhiteSite
4084,19,21
timeStep,numberOfRobotsOnBlackSite,numberOfRobotsOnWhiteSite
4085,19,22
timeStep,numberOfRobotsOnBlackSite,numberOfRobotsOnWhiteSite
4086,19,22
timeStep,numberOfRobotsOnBlackSite,numberOfRobotsOnWhiteSite
4087,19,22
timeStep,numberOfRobotsOnBlackSite,numberOfRobotsOnWhiteSite
4088,19,22
timeStep,numberOfRobotsOnBlackSite,numberOfRobotsOnWhiteSite
4089,19,22
timeStep,numberOfRobotsOnBlackSite,numberOfRobotsOnWhiteSite
4090,19,22
timeStep,numberOfRobotsOnBlackSite,numberOfRobotsOnWhiteSite
4091,19,22
timeStep,numberOfRobotsOnBlackSite,numberOfRobotsOnWhiteSite
4092,19,22
timeStep,numberOfRobotsOnBlackSite,numberOfRobotsOnWhiteSite
4093,19,22
timeStep,numberOfRobotsOnBlackSite,numberOfRobotsOnWhiteSite
4094,19,22
timeStep,numberOfRobotsOnBlackSite,numberOfRobotsOnWhiteSite
4095,19,22
timeStep,numberOfRobotsOnBlackSite,numberOfRobotsOnWhiteSite
4096,19,22
timeStep,numberOfRobotsOnBlackSite,numberOfRobotsOnWhiteSite
4097,19,22
timeStep,numberOfRobotsOnBlackSite,numberOfRobotsOnWhiteSite
4098,19,22
timeStep,numberOfRobotsOnBlackSite,numberOfRobotsOnWhiteSite
4099,19,22
timeStep,numberOfRobotsOnBlackSite,numberOfRobotsOnWhiteSite
4100,19,21
timeStep,numberOfRobotsOnBlackSite,numberOfRobotsOnWhiteSite
4101,19,21
timeStep,numberOfRobotsOnBlackSite,numberOfRobotsOnWhiteSite
4102,19,21
timeStep,numberOfRobotsOnBlackSite,numberOfRobotsOnWhiteSite
4103,19,21
timeStep,numberOfRobotsOnBlackSite,numberOfRobotsOnWhiteSite
4104,19,21
timeStep,numberOfRobotsOnBlackSite,numberOfRobotsOnWhiteSite
4105,19,21
timeStep,numberOfRobotsOnBlackSite,numberOfRobotsOnWhiteSite
4106,19,21
timeStep,numberOfRobotsOnBlackSite,numberOfRobotsOnWhiteSite
4107,19,21
timeStep,numberOfRobotsOnBlackSite,numberOfRobotsOnWhiteSite
4108,19,21
timeStep,numberOfRobotsOnBlackSite,numberOfRobotsOnWhiteSite
4109,19,21
timeStep,numberOfRobotsOnBlackSite,numberOfRobotsOnWhiteSite
4110,19,21
timeStep,numberOfRobotsOnBlackSite,numberOfRobotsOnWhiteSite
4111,19,21
timeStep,numberOfRobotsOnBlackSite,numberOfRobotsOnWhiteSite
4112,19,21
timeStep,numberOfRobotsOnBlackSite,numberOfRobotsOnWhiteSite
4113,19,21
timeStep,numberOfRobotsOnBlackSite,numberOfRobotsOnWhiteSite
4114,19,21
timeStep,numberOfRobotsOnBlackSite,numberOfRobotsOnWhiteSite
4115,19,21
timeStep,numberOfRobotsOnBlackSite,numberOfRobotsOnWhiteSite
4116,19,21
timeStep,numberOfRobotsOnBlackSite,numberOfRobotsOnWhiteSite
4117,19,21
timeStep,numberOfRobotsOnBlackSite,numberOfRobotsOnWhiteSite
4118,19,21
timeStep,numberOfRobotsOnBlackSite,numberOfRobotsOnWhiteSite
4119,19,21
timeStep,numberOfRobotsOnBlackSite,numberOfRobotsOnWhiteSite
4120,19,21
timeStep,numberOfRobotsOnBlackSite,numberOfRobotsOnWhiteSite
4121,19,21
timeStep,numberOfRobotsOnBlackSite,numberOfRobotsOnWhiteSite
4122,19,21
timeStep,numberOfRobotsOnBlackSite,numberOfRobotsOnWhiteSite
4123,19,21
timeStep,numberOfRobotsOnBlackSite,numberOfRobotsOnWhiteSite
4124,19,21
timeStep,numberOfRobotsOnBlackSite,numberOfRobotsOnWhiteSite
4125,19,21
timeStep,numberOfRobotsOnBlackSite,numberOfRobotsOnWhiteSite
4126,19,21
timeStep,numberOfRobotsOnBlackSite,numberOfRobotsOnWhiteSite
4127,19,21
timeStep,numberOfRobotsOnBlackSite,numberOfRobotsOnWhiteSite
4128,19,21
timeStep,numberOfRobotsOnBlackSite,numberOfRobotsOnWhiteSite
4129,19,21
timeStep,numberOfRobotsOnBlackSite,numberOfRobotsOnWhiteSite
4130,19,21
timeStep,numberOfRobotsOnBlackSite,numberOfRobotsOnWhiteSite
4131,19,21
timeStep,numberOfRobotsOnBlackSite,numberOfRobotsOnWhiteSite
4132,19,21
timeStep,numberOfRobotsOnBlackSite,numberOfRobotsOnWhiteSite
4133,19,21
timeStep,numberOfRobotsOnBlackSite,numberOfRobotsOnWhiteSite
4134,19,21
timeStep,numberOfRobotsOnBlackSite,numberOfRobotsOnWhiteSite
4135,19,21
timeStep,numberOfRobotsOnBlackSite,numberOfRobotsOnWhiteSite
4136,19,21
timeStep,numberOfRobotsOnBlackSite,numberOfRobotsOnWhiteSite
4137,19,21
timeStep,numberOfRobotsOnBlackSite,numberOfRobotsOnWhiteSite
4138,19,21
timeStep,numberOfRobotsOnBlackSite,numberOfRobotsOnWhiteSite
4139,19,21
timeStep,numberOfRobotsOnBlackSite,numberOfRobotsOnWhiteSite
4140,19,21
timeStep,numberOfRobotsOnBlackSite,numberOfRobotsOnWhiteSite
4141,19,21
timeStep,numberOfRobotsOnBlackSite,numberOfRobotsOnWhiteSite
4142,19,21
timeStep,numberOfRobotsOnBlackSite,numberOfRobotsOnWhiteSite
4143,19,21
timeStep,numberOfRobotsOnBlackSite,numberOfRobotsOnWhiteSite
4144,19,21
timeStep,numberOfRobotsOnBlackSite,numberOfRobotsOnWhiteSite
4145,19,21
timeStep,numberOfRobotsOnBlackSite,numberOfRobotsOnWhiteSite
4146,19,21
timeStep,numberOfRobotsOnBlackSite,numberOfRobotsOnWhiteSite
4147,19,21
timeStep,numberOfRobotsOnBlackSite,numberOfRobotsOnWhiteSite
4148,19,21
timeStep,numberOfRobotsOnBlackSite,numberOfRobotsOnWhiteSite
4149,19,21
timeStep,numberOfRobotsOnBlackSite,numberOfRobotsOnWhiteSite
4150,19,21
timeStep,numberOfRobotsOnBlackSite,numberOfRobotsOnWhiteSite
4151,19,21
timeStep,numberOfRobotsOnBlackSite,numberOfRobotsOnWhiteSite
4152,19,21
timeStep,numberOfRobotsOnBlackSite,numberOfRobotsOnWhiteSite
4153,19,21
timeStep,numberOfRobotsOnBlackSite,numberOfRobotsOnWhiteSite
4154,19,21
timeStep,numberOfRobotsOnBlackSite,numberOfRobotsOnWhiteSite
4155,19,21
timeStep,numberOfRobotsOnBlackSite,numberOfRobotsOnWhiteSite
4156,19,21
timeStep,numberOfRobotsOnBlackSite,numberOfRobotsOnWhiteSite
4157,19,21
timeStep,numberOfRobotsOnBlackSite,numberOfRobotsOnWhiteSite
4158,19,21
timeStep,numberOfRobotsOnBlackSite,numberOfRobotsOnWhiteSite
4159,19,21
timeStep,numberOfRobotsOnBlackSite,numberOfRobotsOnWhiteSite
4160,19,21
timeStep,numberOfRobotsOnBlackSite,numberOfRobotsOnWhiteSite
4161,19,21
timeStep,numberOfRobotsOnBlackSite,numberOfRobotsOnWhiteSite
4162,19,21
timeStep,numberOfRobotsOnBlackSite,numberOfRobotsOnWhiteSite
4163,19,21
timeStep,numberOfRobotsOnBlackSite,numberOfRobotsOnWhiteSite
4164,19,21
timeStep,numberOfRobotsOnBlackSite,numberOfRobotsOnWhiteSite
4165,19,21
timeStep,numberOfRobotsOnBlackSite,numberOfRobotsOnWhiteSite
4166,19,21
timeStep,numberOfRobotsOnBlackSite,numberOfRobotsOnWhiteSite
4167,19,21
timeStep,numberOfRobotsOnBlackSite,numberOfRobotsOnWhiteSite
4168,19,21
timeStep,numberOfRobotsOnBlackSite,numberOfRobotsOnWhiteSite
4169,19,21
timeStep,numberOfRobotsOnBlackSite,numberOfRobotsOnWhiteSite
4170,19,21
timeStep,numberOfRobotsOnBlackSite,numberOfRobotsOnWhiteSite
4171,19,21
timeStep,numberOfRobotsOnBlackSite,numberOfRobotsOnWhiteSite
4172,19,21
timeStep,numberOfRobotsOnBlackSite,numberOfRobotsOnWhiteSite
4173,19,21
timeStep,numberOfRobotsOnBlackSite,numberOfRobotsOnWhiteSite
4174,19,21
timeStep,numberOfRobotsOnBlackSite,numberOfRobotsOnWhiteSite
4175,19,21
timeStep,numberOfRobotsOnBlackSite,numberOfRobotsOnWhiteSite
4176,19,21
timeStep,numberOfRobotsOnBlackSite,numberOfRobotsOnWhiteSite
4177,19,21
timeStep,numberOfRobotsOnBlackSite,numberOfRobotsOnWhiteSite
4178,19,21
timeStep,numberOfRobotsOnBlackSite,numberOfRobotsOnWhiteSite
4179,19,21
timeStep,numberOfRobotsOnBlackSite,numberOfRobotsOnWhiteSite
4180,19,21
timeStep,numberOfRobotsOnBlackSite,numberOfRobotsOnWhiteSite
4181,19,21
timeStep,numberOfRobotsOnBlackSite,numberOfRobotsOnWhiteSite
4182,19,21
timeStep,numberOfRobotsOnBlackSite,numberOfRobotsOnWhiteSite
4183,19,21
timeStep,numberOfRobotsOnBlackSite,numberOfRobotsOnWhiteSite
4184,19,21
timeStep,numberOfRobotsOnBlackSite,numberOfRobotsOnWhiteSite
4185,19,21
timeStep,numberOfRobotsOnBlackSite,numberOfRobotsOnWhiteSite
4186,19,21
timeStep,numberOfRobotsOnBlackSite,numberOfRobotsOnWhiteSite
4187,19,21
timeStep,numberOfRobotsOnBlackSite,numberOfRobotsOnWhiteSite
4188,19,21
timeStep,numberOfRobotsOnBlackSite,numberOfRobotsOnWhiteSite
4189,19,21
timeStep,numberOfRobotsOnBlackSite,numberOfRobotsOnWhiteSite
4190,19,21
timeStep,numberOfRobotsOnBlackSite,numberOfRobotsOnWhiteSite
4191,19,21
timeStep,numberOfRobotsOnBlackSite,numberOfRobotsOnWhiteSite
4192,19,21
timeStep,numberOfRobotsOnBlackSite,numberOfRobotsOnWhiteSite
4193,19,21
timeStep,numberOfRobotsOnBlackSite,numberOfRobotsOnWhiteSite
4194,19,21
timeStep,numberOfRobotsOnBlackSite,numberOfRobotsOnWhiteSite
4195,19,21
timeStep,numberOfRobotsOnBlackSite,numberOfRobotsOnWhiteSite
4196,19,21
timeStep,numberOfRobotsOnBlackSite,numberOfRobotsOnWhiteSite
4197,19,21
timeStep,numberOfRobotsOnBlackSite,numberOfRobotsOnWhiteSite
4198,19,21
timeStep,numberOfRobotsOnBlackSite,numberOfRobotsOnWhiteSite
4199,19,21
timeStep,numberOfRobotsOnBlackSite,numberOfRobotsOnWhiteSite
4200,19,21
timeStep,numberOfRobotsOnBlackSite,numberOfRobotsOnWhiteSite
4201,19,21
timeStep,numberOfRobotsOnBlackSite,numberOfRobotsOnWhiteSite
4202,19,21
timeStep,numberOfRobotsOnBlackSite,numberOfRobotsOnWhiteSite
4203,19,21
timeStep,numberOfRobotsOnBlackSite,numberOfRobotsOnWhiteSite
4204,19,21
timeStep,numberOfRobotsOnBlackSite,numberOfRobotsOnWhiteSite
4205,19,21
timeStep,numberOfRobotsOnBlackSite,numberOfRobotsOnWhiteSite
4206,19,21
timeStep,numberOfRobotsOnBlackSite,numberOfRobotsOnWhiteSite
4207,19,21
timeStep,numberOfRobotsOnBlackSite,numberOfRobotsOnWhiteSite
4208,19,21
timeStep,numberOfRobotsOnBlackSite,numberOfRobotsOnWhiteSite
4209,19,21
timeStep,numberOfRobotsOnBlackSite,numberOfRobotsOnWhiteSite
4210,19,21
timeStep,numberOfRobotsOnBlackSite,numberOfRobotsOnWhiteSite
4211,19,21
timeStep,numberOfRobotsOnBlackSite,numberOfRobotsOnWhiteSite
4212,19,21
timeStep,numberOfRobotsOnBlackSite,numberOfRobotsOnWhiteSite
4213,19,21
timeStep,numberOfRobotsOnBlackSite,numberOfRobotsOnWhiteSite
4214,19,21
timeStep,numberOfRobotsOnBlackSite,numberOfRobotsOnWhiteSite
4215,19,21
timeStep,numberOfRobotsOnBlackSite,numberOfRobotsOnWhiteSite
4216,19,21
timeStep,numberOfRobotsOnBlackSite,numberOfRobotsOnWhiteSite
4217,19,21
timeStep,numberOfRobotsOnBlackSite,numberOfRobotsOnWhiteSite
4218,19,21
timeStep,numberOfRobotsOnBlackSite,numberOfRobotsOnWhiteSite
4219,19,21
timeStep,numberOfRobotsOnBlackSite,numberOfRobotsOnWhiteSite
4220,19,21
timeStep,numberOfRobotsOnBlackSite,numberOfRobotsOnWhiteSite
4221,19,21
timeStep,numberOfRobotsOnBlackSite,numberOfRobotsOnWhiteSite
4222,19,21
timeStep,numberOfRobotsOnBlackSite,numberOfRobotsOnWhiteSite
4223,19,21
timeStep,numberOfRobotsOnBlackSite,numberOfRobotsOnWhiteSite
4224,19,21
timeStep,numberOfRobotsOnBlackSite,numberOfRobotsOnWhiteSite
4225,19,21
timeStep,numberOfRobotsOnBlackSite,numberOfRobotsOnWhiteSite
4226,19,21
timeStep,numberOfRobotsOnBlackSite,numberOfRobotsOnWhiteSite
4227,19,21
timeStep,numberOfRobotsOnBlackSite,numberOfRobotsOnWhiteSite
4228,19,21
timeStep,numberOfRobotsOnBlackSite,numberOfRobotsOnWhiteSite
4229,19,21
timeStep,numberOfRobotsOnBlackSite,numberOfRobotsOnWhiteSite
4230,19,21
timeStep,numberOfRobotsOnBlackSite,numberOfRobotsOnWhiteSite
4231,19,21
timeStep,numberOfRobotsOnBlackSite,numberOfRobotsOnWhiteSite
4232,19,21
timeStep,numberOfRobotsOnBlackSite,numberOfRobotsOnWhiteSite
4233,19,21
timeStep,numberOfRobotsOnBlackSite,numberOfRobotsOnWhiteSite
4234,19,21
timeStep,numberOfRobotsOnBlackSite,numberOfRobotsOnWhiteSite
4235,19,21
timeStep,numberOfRobotsOnBlackSite,numberOfRobotsOnWhiteSite
4236,19,21
timeStep,numberOfRobotsOnBlackSite,numberOfRobotsOnWhiteSite
4237,19,21
timeStep,numberOfRobotsOnBlackSite,numberOfRobotsOnWhiteSite
4238,19,21
timeStep,numberOfRobotsOnBlackSite,numberOfRobotsOnWhiteSite
4239,19,21
timeStep,numberOfRobotsOnBlackSite,numberOfRobotsOnWhiteSite
4240,19,22
timeStep,numberOfRobotsOnBlackSite,numberOfRobotsOnWhiteSite
4241,19,22
timeStep,numberOfRobotsOnBlackSite,numberOfRobotsOnWhiteSite
4242,19,22
timeStep,numberOfRobotsOnBlackSite,numberOfRobotsOnWhiteSite
4243,19,22
timeStep,numberOfRobotsOnBlackSite,numberOfRobotsOnWhiteSite
4244,19,22
timeStep,numberOfRobotsOnBlackSite,numberOfRobotsOnWhiteSite
4245,19,22
timeStep,numberOfRobotsOnBlackSite,numberOfRobotsOnWhiteSite
4246,19,22
timeStep,numberOfRobotsOnBlackSite,numberOfRobotsOnWhiteSite
4247,19,22
timeStep,numberOfRobotsOnBlackSite,numberOfRobotsOnWhiteSite
4248,19,22
timeStep,numberOfRobotsOnBlackSite,numberOfRobotsOnWhiteSite
4249,19,22
timeStep,numberOfRobotsOnBlackSite,numberOfRobotsOnWhiteSite
4250,19,22
timeStep,numberOfRobotsOnBlackSite,numberOfRobotsOnWhiteSite
4251,19,22
timeStep,numberOfRobotsOnBlackSite,numberOfRobotsOnWhiteSite
4252,19,22
timeStep,numberOfRobotsOnBlackSite,numberOfRobotsOnWhiteSite
4253,19,22
timeStep,numberOfRobotsOnBlackSite,numberOfRobotsOnWhiteSite
4254,19,22
timeStep,numberOfRobotsOnBlackSite,numberOfRobotsOnWhiteSite
4255,19,22
timeStep,numberOfRobotsOnBlackSite,numberOfRobotsOnWhiteSite
4256,19,22
timeStep,numberOfRobotsOnBlackSite,numberOfRobotsOnWhiteSite
4257,19,22
timeStep,numberOfRobotsOnBlackSite,numberOfRobotsOnWhiteSite
4258,19,22
timeStep,numberOfRobotsOnBlackSite,numberOfRobotsOnWhiteSite
4259,19,22
timeStep,numberOfRobotsOnBlackSite,numberOfRobotsOnWhiteSite
4260,19,22
timeStep,numberOfRobotsOnBlackSite,numberOfRobotsOnWhiteSite
4261,19,22
timeStep,numberOfRobotsOnBlackSite,numberOfRobotsOnWhiteSite
4262,19,22
timeStep,numberOfRobotsOnBlackSite,numberOfRobotsOnWhiteSite
4263,19,22
timeStep,numberOfRobotsOnBlackSite,numberOfRobotsOnWhiteSite
4264,19,22
timeStep,numberOfRobotsOnBlackSite,numberOfRobotsOnWhiteSite
4265,19,22
timeStep,numberOfRobotsOnBlackSite,numberOfRobotsOnWhiteSite
4266,19,22
timeStep,numberOfRobotsOnBlackSite,numberOfRobotsOnWhiteSite
4267,19,22
timeStep,numberOfRobotsOnBlackSite,numberOfRobotsOnWhiteSite
4268,19,22
timeStep,numberOfRobotsOnBlackSite,numberOfRobotsOnWhiteSite
4269,19,22
timeStep,numberOfRobotsOnBlackSite,numberOfRobotsOnWhiteSite
4270,19,22
timeStep,numberOfRobotsOnBlackSite,numberOfRobotsOnWhiteSite
4271,19,22
timeStep,numberOfRobotsOnBlackSite,numberOfRobotsOnWhiteSite
4272,19,22
timeStep,numberOfRobotsOnBlackSite,numberOfRobotsOnWhiteSite
4273,19,22
timeStep,numberOfRobotsOnBlackSite,numberOfRobotsOnWhiteSite
4274,19,22
timeStep,numberOfRobotsOnBlackSite,numberOfRobotsOnWhiteSite
4275,19,22
timeStep,numberOfRobotsOnBlackSite,numberOfRobotsOnWhiteSite
4276,19,22
timeStep,numberOfRobotsOnBlackSite,numberOfRobotsOnWhiteSite
4277,19,22
timeStep,numberOfRobotsOnBlackSite,numberOfRobotsOnWhiteSite
4278,19,22
timeStep,numberOfRobotsOnBlackSite,numberOfRobotsOnWhiteSite
4279,19,22
timeStep,numberOfRobotsOnBlackSite,numberOfRobotsOnWhiteSite
4280,19,22
timeStep,numberOfRobotsOnBlackSite,numberOfRobotsOnWhiteSite
4281,19,22
timeStep,numberOfRobotsOnBlackSite,numberOfRobotsOnWhiteSite
4282,19,22
timeStep,numberOfRobotsOnBlackSite,numberOfRobotsOnWhiteSite
4283,19,22
timeStep,numberOfRobotsOnBlackSite,numberOfRobotsOnWhiteSite
4284,19,22
timeStep,numberOfRobotsOnBlackSite,numberOfRobotsOnWhiteSite
4285,19,22
timeStep,numberOfRobotsOnBlackSite,numberOfRobotsOnWhiteSite
4286,19,22
timeStep,numberOfRobotsOnBlackSite,numberOfRobotsOnWhiteSite
4287,19,22
timeStep,numberOfRobotsOnBlackSite,numberOfRobotsOnWhiteSite
4288,19,22
timeStep,numberOfRobotsOnBlackSite,numberOfRobotsOnWhiteSite
4289,19,22
timeStep,numberOfRobotsOnBlackSite,numberOfRobotsOnWhiteSite
4290,19,22
timeStep,numberOfRobotsOnBlackSite,numberOfRobotsOnWhiteSite
4291,19,22
timeStep,numberOfRobotsOnBlackSite,numberOfRobotsOnWhiteSite
4292,19,22
timeStep,numberOfRobotsOnBlackSite,numberOfRobotsOnWhiteSite
4293,19,22
timeStep,numberOfRobotsOnBlackSite,numberOfRobotsOnWhiteSite
4294,19,22
timeStep,numberOfRobotsOnBlackSite,numberOfRobotsOnWhiteSite
4295,19,22
timeStep,numberOfRobotsOnBlackSite,numberOfRobotsOnWhiteSite
4296,19,22
timeStep,numberOfRobotsOnBlackSite,numberOfRobotsOnWhiteSite
4297,19,22
timeStep,numberOfRobotsOnBlackSite,numberOfRobotsOnWhiteSite
4298,19,22
timeStep,numberOfRobotsOnBlackSite,numberOfRobotsOnWhiteSite
4299,19,22
timeStep,numberOfRobotsOnBlackSite,numberOfRobotsOnWhiteSite
4300,19,22
timeStep,numberOfRobotsOnBlackSite,numberOfRobotsOnWhiteSite
4301,19,22
timeStep,numberOfRobotsOnBlackSite,numberOfRobotsOnWhiteSite
4302,19,22
timeStep,numberOfRobotsOnBlackSite,numberOfRobotsOnWhiteSite
4303,19,22
timeStep,numberOfRobotsOnBlackSite,numberOfRobotsOnWhiteSite
4304,19,22
timeStep,numberOfRobotsOnBlackSite,numberOfRobotsOnWhiteSite
4305,19,22
timeStep,numberOfRobotsOnBlackSite,numberOfRobotsOnWhiteSite
4306,19,22
timeStep,numberOfRobotsOnBlackSite,numberOfRobotsOnWhiteSite
4307,19,22
timeStep,numberOfRobotsOnBlackSite,numberOfRobotsOnWhiteSite
4308,19,22
timeStep,numberOfRobotsOnBlackSite,numberOfRobotsOnWhiteSite
4309,19,22
timeStep,numberOfRobotsOnBlackSite,numberOfRobotsOnWhiteSite
4310,18,22
timeStep,numberOfRobotsOnBlackSite,numberOfRobotsOnWhiteSite
4311,18,22
timeStep,numberOfRobotsOnBlackSite,numberOfRobotsOnWhiteSite
4312,18,22
timeStep,numberOfRobotsOnBlackSite,numberOfRobotsOnWhiteSite
4313,18,22
timeStep,numberOfRobotsOnBlackSite,numberOfRobotsOnWhiteSite
4314,18,22
timeStep,numberOfRobotsOnBlackSite,numberOfRobotsOnWhiteSite
4315,19,22
timeStep,numberOfRobotsOnBlackSite,numberOfRobotsOnWhiteSite
4316,19,22
timeStep,numberOfRobotsOnBlackSite,numberOfRobotsOnWhiteSite
4317,19,22
timeStep,numberOfRobotsOnBlackSite,numberOfRobotsOnWhiteSite
4318,19,22
timeStep,numberOfRobotsOnBlackSite,numberOfRobotsOnWhiteSite
4319,19,22
timeStep,numberOfRobotsOnBlackSite,numberOfRobotsOnWhiteSite
4320,19,22
timeStep,numberOfRobotsOnBlackSite,numberOfRobotsOnWhiteSite
4321,19,22
timeStep,numberOfRobotsOnBlackSite,numberOfRobotsOnWhiteSite
4322,19,22
timeStep,numberOfRobotsOnBlackSite,numberOfRobotsOnWhiteSite
4323,19,22
timeStep,numberOfRobotsOnBlackSite,numberOfRobotsOnWhiteSite
4324,19,22
timeStep,numberOfRobotsOnBlackSite,numberOfRobotsOnWhiteSite
4325,19,22
timeStep,numberOfRobotsOnBlackSite,numberOfRobotsOnWhiteSite
4326,19,22
timeStep,numberOfRobotsOnBlackSite,numberOfRobotsOnWhiteSite
4327,19,22
timeStep,numberOfRobotsOnBlackSite,numberOfRobotsOnWhiteSite
4328,19,22
timeStep,numberOfRobotsOnBlackSite,numberOfRobotsOnWhiteSite
4329,19,22
timeStep,numberOfRobotsOnBlackSite,numberOfRobotsOnWhiteSite
4330,19,22
timeStep,numberOfRobotsOnBlackSite,numberOfRobotsOnWhiteSite
4331,19,22
timeStep,numberOfRobotsOnBlackSite,numberOfRobotsOnWhiteSite
4332,19,22
timeStep,numberOfRobotsOnBlackSite,numberOfRobotsOnWhiteSite
4333,19,22
timeStep,numberOfRobotsOnBlackSite,numberOfRobotsOnWhiteSite
4334,19,22
timeStep,numberOfRobotsOnBlackSite,numberOfRobotsOnWhiteSite
4335,19,21
timeStep,numberOfRobotsOnBlackSite,numberOfRobotsOnWhiteSite
4336,19,21
timeStep,numberOfRobotsOnBlackSite,numberOfRobotsOnWhiteSite
4337,19,21
timeStep,numberOfRobotsOnBlackSite,numberOfRobotsOnWhiteSite
4338,19,21
timeStep,numberOfRobotsOnBlackSite,numberOfRobotsOnWhiteSite
4339,19,21
timeStep,numberOfRobotsOnBlackSite,numberOfRobotsOnWhiteSite
4340,19,21
timeStep,numberOfRobotsOnBlackSite,numberOfRobotsOnWhiteSite
4341,19,21
timeStep,numberOfRobotsOnBlackSite,numberOfRobotsOnWhiteSite
4342,19,21
timeStep,numberOfRobotsOnBlackSite,numberOfRobotsOnWhiteSite
4343,19,21
timeStep,numberOfRobotsOnBlackSite,numberOfRobotsOnWhiteSite
4344,19,21
timeStep,numberOfRobotsOnBlackSite,numberOfRobotsOnWhiteSite
4345,19,21
timeStep,numberOfRobotsOnBlackSite,numberOfRobotsOnWhiteSite
4346,19,21
timeStep,numberOfRobotsOnBlackSite,numberOfRobotsOnWhiteSite
4347,19,21
timeStep,numberOfRobotsOnBlackSite,numberOfRobotsOnWhiteSite
4348,19,21
timeStep,numberOfRobotsOnBlackSite,numberOfRobotsOnWhiteSite
4349,19,21
timeStep,numberOfRobotsOnBlackSite,numberOfRobotsOnWhiteSite
4350,20,21
timeStep,numberOfRobotsOnBlackSite,numberOfRobotsOnWhiteSite
4351,20,21
timeStep,numberOfRobotsOnBlackSite,numberOfRobotsOnWhiteSite
4352,20,21
timeStep,numberOfRobotsOnBlackSite,numberOfRobotsOnWhiteSite
4353,20,21
timeStep,numberOfRobotsOnBlackSite,numberOfRobotsOnWhiteSite
4354,20,21
timeStep,numberOfRobotsOnBlackSite,numberOfRobotsOnWhiteSite
4355,20,21
timeStep,numberOfRobotsOnBlackSite,numberOfRobotsOnWhiteSite
4356,20,21
timeStep,numberOfRobotsOnBlackSite,numberOfRobotsOnWhiteSite
4357,20,21
timeStep,numberOfRobotsOnBlackSite,numberOfRobotsOnWhiteSite
4358,20,21
timeStep,numberOfRobotsOnBlackSite,numberOfRobotsOnWhiteSite
4359,20,21
timeStep,numberOfRobotsOnBlackSite,numberOfRobotsOnWhiteSite
4360,19,21
timeStep,numberOfRobotsOnBlackSite,numberOfRobotsOnWhiteSite
4361,19,21
timeStep,numberOfRobotsOnBlackSite,numberOfRobotsOnWhiteSite
4362,19,21
timeStep,numberOfRobotsOnBlackSite,numberOfRobotsOnWhiteSite
4363,19,21
timeStep,numberOfRobotsOnBlackSite,numberOfRobotsOnWhiteSite
4364,19,21
timeStep,numberOfRobotsOnBlackSite,numberOfRobotsOnWhiteSite
4365,19,21
timeStep,numberOfRobotsOnBlackSite,numberOfRobotsOnWhiteSite
4366,19,21
timeStep,numberOfRobotsOnBlackSite,numberOfRobotsOnWhiteSite
4367,19,21
timeStep,numberOfRobotsOnBlackSite,numberOfRobotsOnWhiteSite
4368,19,21
timeStep,numberOfRobotsOnBlackSite,numberOfRobotsOnWhiteSite
4369,19,21
timeStep,numberOfRobotsOnBlackSite,numberOfRobotsOnWhiteSite
4370,19,21
timeStep,numberOfRobotsOnBlackSite,numberOfRobotsOnWhiteSite
4371,19,21
timeStep,numberOfRobotsOnBlackSite,numberOfRobotsOnWhiteSite
4372,19,21
timeStep,numberOfRobotsOnBlackSite,numberOfRobotsOnWhiteSite
4373,19,21
timeStep,numberOfRobotsOnBlackSite,numberOfRobotsOnWhiteSite
4374,19,21
timeStep,numberOfRobotsOnBlackSite,numberOfRobotsOnWhiteSite
4375,19,21
timeStep,numberOfRobotsOnBlackSite,numberOfRobotsOnWhiteSite
4376,19,21
timeStep,numberOfRobotsOnBlackSite,numberOfRobotsOnWhiteSite
4377,19,21
timeStep,numberOfRobotsOnBlackSite,numberOfRobotsOnWhiteSite
4378,19,21
timeStep,numberOfRobotsOnBlackSite,numberOfRobotsOnWhiteSite
4379,19,21
timeStep,numberOfRobotsOnBlackSite,numberOfRobotsOnWhiteSite
4380,19,21
timeStep,numberOfRobotsOnBlackSite,numberOfRobotsOnWhiteSite
4381,19,21
timeStep,numberOfRobotsOnBlackSite,numberOfRobotsOnWhiteSite
4382,19,21
timeStep,numberOfRobotsOnBlackSite,numberOfRobotsOnWhiteSite
4383,19,21
timeStep,numberOfRobotsOnBlackSite,numberOfRobotsOnWhiteSite
4384,19,21
timeStep,numberOfRobotsOnBlackSite,numberOfRobotsOnWhiteSite
4385,19,21
timeStep,numberOfRobotsOnBlackSite,numberOfRobotsOnWhiteSite
4386,19,21
timeStep,numberOfRobotsOnBlackSite,numberOfRobotsOnWhiteSite
4387,19,21
timeStep,numberOfRobotsOnBlackSite,numberOfRobotsOnWhiteSite
4388,19,21
timeStep,numberOfRobotsOnBlackSite,numberOfRobotsOnWhiteSite
4389,19,21
timeStep,numberOfRobotsOnBlackSite,numberOfRobotsOnWhiteSite
4390,19,21
timeStep,numberOfRobotsOnBlackSite,numberOfRobotsOnWhiteSite
4391,19,21
timeStep,numberOfRobotsOnBlackSite,numberOfRobotsOnWhiteSite
4392,19,21
timeStep,numberOfRobotsOnBlackSite,numberOfRobotsOnWhiteSite
4393,19,21
timeStep,numberOfRobotsOnBlackSite,numberOfRobotsOnWhiteSite
4394,19,21
timeStep,numberOfRobotsOnBlackSite,numberOfRobotsOnWhiteSite
4395,19,21
timeStep,numberOfRobotsOnBlackSite,numberOfRobotsOnWhiteSite
4396,19,21
timeStep,numberOfRobotsOnBlackSite,numberOfRobotsOnWhiteSite
4397,19,21
timeStep,numberOfRobotsOnBlackSite,numberOfRobotsOnWhiteSite
4398,19,21
timeStep,numberOfRobotsOnBlackSite,numberOfRobotsOnWhiteSite
4399,19,21
timeStep,numberOfRobotsOnBlackSite,numberOfRobotsOnWhiteSite
4400,19,21
timeStep,numberOfRobotsOnBlackSite,numberOfRobotsOnWhiteSite
4401,19,21
timeStep,numberOfRobotsOnBlackSite,numberOfRobotsOnWhiteSite
4402,19,21
timeStep,numberOfRobotsOnBlackSite,numberOfRobotsOnWhiteSite
4403,19,21
timeStep,numberOfRobotsOnBlackSite,numberOfRobotsOnWhiteSite
4404,19,21
timeStep,numberOfRobotsOnBlackSite,numberOfRobotsOnWhiteSite
4405,19,21
timeStep,numberOfRobotsOnBlackSite,numberOfRobotsOnWhiteSite
4406,19,21
timeStep,numberOfRobotsOnBlackSite,numberOfRobotsOnWhiteSite
4407,19,21
timeStep,numberOfRobotsOnBlackSite,numberOfRobotsOnWhiteSite
4408,19,21
timeStep,numberOfRobotsOnBlackSite,numberOfRobotsOnWhiteSite
4409,19,21
timeStep,numberOfRobotsOnBlackSite,numberOfRobotsOnWhiteSite
4410,19,21
timeStep,numberOfRobotsOnBlackSite,numberOfRobotsOnWhiteSite
4411,19,21
timeStep,numberOfRobotsOnBlackSite,numberOfRobotsOnWhiteSite
4412,19,21
timeStep,numberOfRobotsOnBlackSite,numberOfRobotsOnWhiteSite
4413,19,21
timeStep,numberOfRobotsOnBlackSite,numberOfRobotsOnWhiteSite
4414,19,21
timeStep,numberOfRobotsOnBlackSite,numberOfRobotsOnWhiteSite
4415,19,21
timeStep,numberOfRobotsOnBlackSite,numberOfRobotsOnWhiteSite
4416,19,21
timeStep,numberOfRobotsOnBlackSite,numberOfRobotsOnWhiteSite
4417,19,21
timeStep,numberOfRobotsOnBlackSite,numberOfRobotsOnWhiteSite
4418,19,21
timeStep,numberOfRobotsOnBlackSite,numberOfRobotsOnWhiteSite
4419,19,21
timeStep,numberOfRobotsOnBlackSite,numberOfRobotsOnWhiteSite
4420,19,21
timeStep,numberOfRobotsOnBlackSite,numberOfRobotsOnWhiteSite
4421,19,21
timeStep,numberOfRobotsOnBlackSite,numberOfRobotsOnWhiteSite
4422,19,21
timeStep,numberOfRobotsOnBlackSite,numberOfRobotsOnWhiteSite
4423,19,21
timeStep,numberOfRobotsOnBlackSite,numberOfRobotsOnWhiteSite
4424,19,21
timeStep,numberOfRobotsOnBlackSite,numberOfRobotsOnWhiteSite
4425,19,21
timeStep,numberOfRobotsOnBlackSite,numberOfRobotsOnWhiteSite
4426,19,21
timeStep,numberOfRobotsOnBlackSite,numberOfRobotsOnWhiteSite
4427,19,21
timeStep,numberOfRobotsOnBlackSite,numberOfRobotsOnWhiteSite
4428,19,21
timeStep,numberOfRobotsOnBlackSite,numberOfRobotsOnWhiteSite
4429,19,21
timeStep,numberOfRobotsOnBlackSite,numberOfRobotsOnWhiteSite
4430,19,21
timeStep,numberOfRobotsOnBlackSite,numberOfRobotsOnWhiteSite
4431,19,21
timeStep,numberOfRobotsOnBlackSite,numberOfRobotsOnWhiteSite
4432,19,21
timeStep,numberOfRobotsOnBlackSite,numberOfRobotsOnWhiteSite
4433,19,21
timeStep,numberOfRobotsOnBlackSite,numberOfRobotsOnWhiteSite
4434,19,21
timeStep,numberOfRobotsOnBlackSite,numberOfRobotsOnWhiteSite
4435,19,21
timeStep,numberOfRobotsOnBlackSite,numberOfRobotsOnWhiteSite
4436,19,21
timeStep,numberOfRobotsOnBlackSite,numberOfRobotsOnWhiteSite
4437,19,21
timeStep,numberOfRobotsOnBlackSite,numberOfRobotsOnWhiteSite
4438,19,21
timeStep,numberOfRobotsOnBlackSite,numberOfRobotsOnWhiteSite
4439,19,21
timeStep,numberOfRobotsOnBlackSite,numberOfRobotsOnWhiteSite
4440,19,21
timeStep,numberOfRobotsOnBlackSite,numberOfRobotsOnWhiteSite
4441,19,21
timeStep,numberOfRobotsOnBlackSite,numberOfRobotsOnWhiteSite
4442,19,21
timeStep,numberOfRobotsOnBlackSite,numberOfRobotsOnWhiteSite
4443,19,21
timeStep,numberOfRobotsOnBlackSite,numberOfRobotsOnWhiteSite
4444,19,21
timeStep,numberOfRobotsOnBlackSite,numberOfRobotsOnWhiteSite
4445,19,21
timeStep,numberOfRobotsOnBlackSite,numberOfRobotsOnWhiteSite
4446,19,21
timeStep,numberOfRobotsOnBlackSite,numberOfRobotsOnWhiteSite
4447,19,21
timeStep,numberOfRobotsOnBlackSite,numberOfRobotsOnWhiteSite
4448,19,21
timeStep,numberOfRobotsOnBlackSite,numberOfRobotsOnWhiteSite
4449,19,21
timeStep,numberOfRobotsOnBlackSite,numberOfRobotsOnWhiteSite
4450,19,22
timeStep,numberOfRobotsOnBlackSite,numberOfRobotsOnWhiteSite
4451,19,22
timeStep,numberOfRobotsOnBlackSite,numberOfRobotsOnWhiteSite
4452,19,22
timeStep,numberOfRobotsOnBlackSite,numberOfRobotsOnWhiteSite
4453,19,22
timeStep,numberOfRobotsOnBlackSite,numberOfRobotsOnWhiteSite
4454,19,22
timeStep,numberOfRobotsOnBlackSite,numberOfRobotsOnWhiteSite
4455,19,22
timeStep,numberOfRobotsOnBlackSite,numberOfRobotsOnWhiteSite
4456,19,22
timeStep,numberOfRobotsOnBlackSite,numberOfRobotsOnWhiteSite
4457,19,22
timeStep,numberOfRobotsOnBlackSite,numberOfRobotsOnWhiteSite
4458,19,22
timeStep,numberOfRobotsOnBlackSite,numberOfRobotsOnWhiteSite
4459,19,22
timeStep,numberOfRobotsOnBlackSite,numberOfRobotsOnWhiteSite
4460,19,22
timeStep,numberOfRobotsOnBlackSite,numberOfRobotsOnWhiteSite
4461,19,22
timeStep,numberOfRobotsOnBlackSite,numberOfRobotsOnWhiteSite
4462,19,22
timeStep,numberOfRobotsOnBlackSite,numberOfRobotsOnWhiteSite
4463,19,22
timeStep,numberOfRobotsOnBlackSite,numberOfRobotsOnWhiteSite
4464,19,22
timeStep,numberOfRobotsOnBlackSite,numberOfRobotsOnWhiteSite
4465,19,22
timeStep,numberOfRobotsOnBlackSite,numberOfRobotsOnWhiteSite
4466,19,22
timeStep,numberOfRobotsOnBlackSite,numberOfRobotsOnWhiteSite
4467,19,22
timeStep,numberOfRobotsOnBlackSite,numberOfRobotsOnWhiteSite
4468,19,22
timeStep,numberOfRobotsOnBlackSite,numberOfRobotsOnWhiteSite
4469,19,22
timeStep,numberOfRobotsOnBlackSite,numberOfRobotsOnWhiteSite
4470,19,22
timeStep,numberOfRobotsOnBlackSite,numberOfRobotsOnWhiteSite
4471,19,22
timeStep,numberOfRobotsOnBlackSite,numberOfRobotsOnWhiteSite
4472,19,22
timeStep,numberOfRobotsOnBlackSite,numberOfRobotsOnWhiteSite
4473,19,22
timeStep,numberOfRobotsOnBlackSite,numberOfRobotsOnWhiteSite
4474,19,22
timeStep,numberOfRobotsOnBlackSite,numberOfRobotsOnWhiteSite
4475,19,22
timeStep,numberOfRobotsOnBlackSite,numberOfRobotsOnWhiteSite
4476,19,22
timeStep,numberOfRobotsOnBlackSite,numberOfRobotsOnWhiteSite
4477,19,22
timeStep,numberOfRobotsOnBlackSite,numberOfRobotsOnWhiteSite
4478,19,22
timeStep,numberOfRobotsOnBlackSite,numberOfRobotsOnWhiteSite
4479,19,22
timeStep,numberOfRobotsOnBlackSite,numberOfRobotsOnWhiteSite
4480,19,22
timeStep,numberOfRobotsOnBlackSite,numberOfRobotsOnWhiteSite
4481,19,22
timeStep,numberOfRobotsOnBlackSite,numberOfRobotsOnWhiteSite
4482,19,22
timeStep,numberOfRobotsOnBlackSite,numberOfRobotsOnWhiteSite
4483,19,22
timeStep,numberOfRobotsOnBlackSite,numberOfRobotsOnWhiteSite
4484,19,22
timeStep,numberOfRobotsOnBlackSite,numberOfRobotsOnWhiteSite
4485,19,22
timeStep,numberOfRobotsOnBlackSite,numberOfRobotsOnWhiteSite
4486,19,22
timeStep,numberOfRobotsOnBlackSite,numberOfRobotsOnWhiteSite
4487,19,22
timeStep,numberOfRobotsOnBlackSite,numberOfRobotsOnWhiteSite
4488,19,22
timeStep,numberOfRobotsOnBlackSite,numberOfRobotsOnWhiteSite
4489,19,22
timeStep,numberOfRobotsOnBlackSite,numberOfRobotsOnWhiteSite
4490,19,23
timeStep,numberOfRobotsOnBlackSite,numberOfRobotsOnWhiteSite
4491,19,23
timeStep,numberOfRobotsOnBlackSite,numberOfRobotsOnWhiteSite
4492,19,23
timeStep,numberOfRobotsOnBlackSite,numberOfRobotsOnWhiteSite
4493,19,23
timeStep,numberOfRobotsOnBlackSite,numberOfRobotsOnWhiteSite
4494,19,23
timeStep,numberOfRobotsOnBlackSite,numberOfRobotsOnWhiteSite
4495,19,23
timeStep,numberOfRobotsOnBlackSite,numberOfRobotsOnWhiteSite
4496,19,23
timeStep,numberOfRobotsOnBlackSite,numberOfRobotsOnWhiteSite
4497,19,23
timeStep,numberOfRobotsOnBlackSite,numberOfRobotsOnWhiteSite
4498,19,23
timeStep,numberOfRobotsOnBlackSite,numberOfRobotsOnWhiteSite
4499,19,23
timeStep,numberOfRobotsOnBlackSite,numberOfRobotsOnWhiteSite
4500,19,23
timeStep,numberOfRobotsOnBlackSite,numberOfRobotsOnWhiteSite
4501,19,23
timeStep,numberOfRobotsOnBlackSite,numberOfRobotsOnWhiteSite
4502,19,23
timeStep,numberOfRobotsOnBlackSite,numberOfRobotsOnWhiteSite
4503,19,23
timeStep,numberOfRobotsOnBlackSite,numberOfRobotsOnWhiteSite
4504,19,23
timeStep,numberOfRobotsOnBlackSite,numberOfRobotsOnWhiteSite
4505,19,23
timeStep,numberOfRobotsOnBlackSite,numberOfRobotsOnWhiteSite
4506,19,23
timeStep,numberOfRobotsOnBlackSite,numberOfRobotsOnWhiteSite
4507,19,23
timeStep,numberOfRobotsOnBlackSite,numberOfRobotsOnWhiteSite
4508,19,23
timeStep,numberOfRobotsOnBlackSite,numberOfRobotsOnWhiteSite
4509,19,23
timeStep,numberOfRobotsOnBlackSite,numberOfRobotsOnWhiteSite
4510,19,23
timeStep,numberOfRobotsOnBlackSite,numberOfRobotsOnWhiteSite
4511,19,23
timeStep,numberOfRobotsOnBlackSite,numberOfRobotsOnWhiteSite
4512,19,23
timeStep,numberOfRobotsOnBlackSite,numberOfRobotsOnWhiteSite
4513,19,23
timeStep,numberOfRobotsOnBlackSite,numberOfRobotsOnWhiteSite
4514,19,23
timeStep,numberOfRobotsOnBlackSite,numberOfRobotsOnWhiteSite
4515,19,23
timeStep,numberOfRobotsOnBlackSite,numberOfRobotsOnWhiteSite
4516,19,23
timeStep,numberOfRobotsOnBlackSite,numberOfRobotsOnWhiteSite
4517,19,23
timeStep,numberOfRobotsOnBlackSite,numberOfRobotsOnWhiteSite
4518,19,23
timeStep,numberOfRobotsOnBlackSite,numberOfRobotsOnWhiteSite
4519,19,23
timeStep,numberOfRobotsOnBlackSite,numberOfRobotsOnWhiteSite
4520,19,23
timeStep,numberOfRobotsOnBlackSite,numberOfRobotsOnWhiteSite
4521,19,23
timeStep,numberOfRobotsOnBlackSite,numberOfRobotsOnWhiteSite
4522,19,23
timeStep,numberOfRobotsOnBlackSite,numberOfRobotsOnWhiteSite
4523,19,23
timeStep,numberOfRobotsOnBlackSite,numberOfRobotsOnWhiteSite
4524,19,23
timeStep,numberOfRobotsOnBlackSite,numberOfRobotsOnWhiteSite
4525,19,22
timeStep,numberOfRobotsOnBlackSite,numberOfRobotsOnWhiteSite
4526,19,22
timeStep,numberOfRobotsOnBlackSite,numberOfRobotsOnWhiteSite
4527,19,22
timeStep,numberOfRobotsOnBlackSite,numberOfRobotsOnWhiteSite
4528,19,22
timeStep,numberOfRobotsOnBlackSite,numberOfRobotsOnWhiteSite
4529,19,22
timeStep,numberOfRobotsOnBlackSite,numberOfRobotsOnWhiteSite
4530,19,22
timeStep,numberOfRobotsOnBlackSite,numberOfRobotsOnWhiteSite
4531,19,22
timeStep,numberOfRobotsOnBlackSite,numberOfRobotsOnWhiteSite
4532,19,22
timeStep,numberOfRobotsOnBlackSite,numberOfRobotsOnWhiteSite
4533,19,22
timeStep,numberOfRobotsOnBlackSite,numberOfRobotsOnWhiteSite
4534,19,22
timeStep,numberOfRobotsOnBlackSite,numberOfRobotsOnWhiteSite
4535,19,22
timeStep,numberOfRobotsOnBlackSite,numberOfRobotsOnWhiteSite
4536,19,22
timeStep,numberOfRobotsOnBlackSite,numberOfRobotsOnWhiteSite
4537,19,22
timeStep,numberOfRobotsOnBlackSite,numberOfRobotsOnWhiteSite
4538,19,22
timeStep,numberOfRobotsOnBlackSite,numberOfRobotsOnWhiteSite
4539,19,22
timeStep,numberOfRobotsOnBlackSite,numberOfRobotsOnWhiteSite
4540,19,22
timeStep,numberOfRobotsOnBlackSite,numberOfRobotsOnWhiteSite
4541,19,22
timeStep,numberOfRobotsOnBlackSite,numberOfRobotsOnWhiteSite
4542,19,22
timeStep,numberOfRobotsOnBlackSite,numberOfRobotsOnWhiteSite
4543,19,22
timeStep,numberOfRobotsOnBlackSite,numberOfRobotsOnWhiteSite
4544,19,22
timeStep,numberOfRobotsOnBlackSite,numberOfRobotsOnWhiteSite
4545,19,22
timeStep,numberOfRobotsOnBlackSite,numberOfRobotsOnWhiteSite
4546,19,22
timeStep,numberOfRobotsOnBlackSite,numberOfRobotsOnWhiteSite
4547,19,22
timeStep,numberOfRobotsOnBlackSite,numberOfRobotsOnWhiteSite
4548,19,22
timeStep,numberOfRobotsOnBlackSite,numberOfRobotsOnWhiteSite
4549,19,22
timeStep,numberOfRobotsOnBlackSite,numberOfRobotsOnWhiteSite
4550,19,22
timeStep,numberOfRobotsOnBlackSite,numberOfRobotsOnWhiteSite
4551,19,22
timeStep,numberOfRobotsOnBlackSite,numberOfRobotsOnWhiteSite
4552,19,22
timeStep,numberOfRobotsOnBlackSite,numberOfRobotsOnWhiteSite
4553,19,22
timeStep,numberOfRobotsOnBlackSite,numberOfRobotsOnWhiteSite
4554,19,22
timeStep,numberOfRobotsOnBlackSite,numberOfRobotsOnWhiteSite
4555,19,22
timeStep,numberOfRobotsOnBlackSite,numberOfRobotsOnWhiteSite
4556,19,22
timeStep,numberOfRobotsOnBlackSite,numberOfRobotsOnWhiteSite
4557,19,22
timeStep,numberOfRobotsOnBlackSite,numberOfRobotsOnWhiteSite
4558,19,22
timeStep,numberOfRobotsOnBlackSite,numberOfRobotsOnWhiteSite
4559,19,22
timeStep,numberOfRobotsOnBlackSite,numberOfRobotsOnWhiteSite
4560,19,22
timeStep,numberOfRobotsOnBlackSite,numberOfRobotsOnWhiteSite
4561,19,22
timeStep,numberOfRobotsOnBlackSite,numberOfRobotsOnWhiteSite
4562,19,22
timeStep,numberOfRobotsOnBlackSite,numberOfRobotsOnWhiteSite
4563,19,22
timeStep,numberOfRobotsOnBlackSite,numberOfRobotsOnWhiteSite
4564,19,22
timeStep,numberOfRobotsOnBlackSite,numberOfRobotsOnWhiteSite
4565,19,22
timeStep,numberOfRobotsOnBlackSite,numberOfRobotsOnWhiteSite
4566,19,22
timeStep,numberOfRobotsOnBlackSite,numberOfRobotsOnWhiteSite
4567,19,22
timeStep,numberOfRobotsOnBlackSite,numberOfRobotsOnWhiteSite
4568,19,22
timeStep,numberOfRobotsOnBlackSite,numberOfRobotsOnWhiteSite
4569,19,22
timeStep,numberOfRobotsOnBlackSite,numberOfRobotsOnWhiteSite
4570,19,22
timeStep,numberOfRobotsOnBlackSite,numberOfRobotsOnWhiteSite
4571,19,22
timeStep,numberOfRobotsOnBlackSite,numberOfRobotsOnWhiteSite
4572,19,22
timeStep,numberOfRobotsOnBlackSite,numberOfRobotsOnWhiteSite
4573,19,22
timeStep,numberOfRobotsOnBlackSite,numberOfRobotsOnWhiteSite
4574,19,22
timeStep,numberOfRobotsOnBlackSite,numberOfRobotsOnWhiteSite
4575,19,22
timeStep,numberOfRobotsOnBlackSite,numberOfRobotsOnWhiteSite
4576,19,22
timeStep,numberOfRobotsOnBlackSite,numberOfRobotsOnWhiteSite
4577,19,22
timeStep,numberOfRobotsOnBlackSite,numberOfRobotsOnWhiteSite
4578,19,22
timeStep,numberOfRobotsOnBlackSite,numberOfRobotsOnWhiteSite
4579,19,22
timeStep,numberOfRobotsOnBlackSite,numberOfRobotsOnWhiteSite
4580,19,22
timeStep,numberOfRobotsOnBlackSite,numberOfRobotsOnWhiteSite
4581,19,22
timeStep,numberOfRobotsOnBlackSite,numberOfRobotsOnWhiteSite
4582,19,22
timeStep,numberOfRobotsOnBlackSite,numberOfRobotsOnWhiteSite
4583,19,22
timeStep,numberOfRobotsOnBlackSite,numberOfRobotsOnWhiteSite
4584,19,22
timeStep,numberOfRobotsOnBlackSite,numberOfRobotsOnWhiteSite
4585,19,22
timeStep,numberOfRobotsOnBlackSite,numberOfRobotsOnWhiteSite
4586,19,22
timeStep,numberOfRobotsOnBlackSite,numberOfRobotsOnWhiteSite
4587,19,22
timeStep,numberOfRobotsOnBlackSite,numberOfRobotsOnWhiteSite
4588,19,22
timeStep,numberOfRobotsOnBlackSite,numberOfRobotsOnWhiteSite
4589,19,22
timeStep,numberOfRobotsOnBlackSite,numberOfRobotsOnWhiteSite
4590,19,22
timeStep,numberOfRobotsOnBlackSite,numberOfRobotsOnWhiteSite
4591,19,22
timeStep,numberOfRobotsOnBlackSite,numberOfRobotsOnWhiteSite
4592,19,22
timeStep,numberOfRobotsOnBlackSite,numberOfRobotsOnWhiteSite
4593,19,22
timeStep,numberOfRobotsOnBlackSite,numberOfRobotsOnWhiteSite
4594,19,22
timeStep,numberOfRobotsOnBlackSite,numberOfRobotsOnWhiteSite
4595,19,22
timeStep,numberOfRobotsOnBlackSite,numberOfRobotsOnWhiteSite
4596,19,22
timeStep,numberOfRobotsOnBlackSite,numberOfRobotsOnWhiteSite
4597,19,22
timeStep,numberOfRobotsOnBlackSite,numberOfRobotsOnWhiteSite
4598,19,22
timeStep,numberOfRobotsOnBlackSite,numberOfRobotsOnWhiteSite
4599,19,22
timeStep,numberOfRobotsOnBlackSite,numberOfRobotsOnWhiteSite
4600,19,22
timeStep,numberOfRobotsOnBlackSite,numberOfRobotsOnWhiteSite
4601,19,22
timeStep,numberOfRobotsOnBlackSite,numberOfRobotsOnWhiteSite
4602,19,22
timeStep,numberOfRobotsOnBlackSite,numberOfRobotsOnWhiteSite
4603,19,22
timeStep,numberOfRobotsOnBlackSite,numberOfRobotsOnWhiteSite
4604,19,22
timeStep,numberOfRobotsOnBlackSite,numberOfRobotsOnWhiteSite
4605,19,22
timeStep,numberOfRobotsOnBlackSite,numberOfRobotsOnWhiteSite
4606,19,22
timeStep,numberOfRobotsOnBlackSite,numberOfRobotsOnWhiteSite
4607,19,22
timeStep,numberOfRobotsOnBlackSite,numberOfRobotsOnWhiteSite
4608,19,22
timeStep,numberOfRobotsOnBlackSite,numberOfRobotsOnWhiteSite
4609,19,22
timeStep,numberOfRobotsOnBlackSite,numberOfRobotsOnWhiteSite
4610,19,22
timeStep,numberOfRobotsOnBlackSite,numberOfRobotsOnWhiteSite
4611,19,22
timeStep,numberOfRobotsOnBlackSite,numberOfRobotsOnWhiteSite
4612,19,22
timeStep,numberOfRobotsOnBlackSite,numberOfRobotsOnWhiteSite
4613,19,22
timeStep,numberOfRobotsOnBlackSite,numberOfRobotsOnWhiteSite
4614,19,22
timeStep,numberOfRobotsOnBlackSite,numberOfRobotsOnWhiteSite
4615,19,22
timeStep,numberOfRobotsOnBlackSite,numberOfRobotsOnWhiteSite
4616,19,22
timeStep,numberOfRobotsOnBlackSite,numberOfRobotsOnWhiteSite
4617,19,22
timeStep,numberOfRobotsOnBlackSite,numberOfRobotsOnWhiteSite
4618,19,22
timeStep,numberOfRobotsOnBlackSite,numberOfRobotsOnWhiteSite
4619,19,22
timeStep,numberOfRobotsOnBlackSite,numberOfRobotsOnWhiteSite
4620,19,22
timeStep,numberOfRobotsOnBlackSite,numberOfRobotsOnWhiteSite
4621,19,22
timeStep,numberOfRobotsOnBlackSite,numberOfRobotsOnWhiteSite
4622,19,22
timeStep,numberOfRobotsOnBlackSite,numberOfRobotsOnWhiteSite
4623,19,22
timeStep,numberOfRobotsOnBlackSite,numberOfRobotsOnWhiteSite
4624,19,22
timeStep,numberOfRobotsOnBlackSite,numberOfRobotsOnWhiteSite
4625,19,22
timeStep,numberOfRobotsOnBlackSite,numberOfRobotsOnWhiteSite
4626,19,22
timeStep,numberOfRobotsOnBlackSite,numberOfRobotsOnWhiteSite
4627,19,22
timeStep,numberOfRobotsOnBlackSite,numberOfRobotsOnWhiteSite
4628,19,22
timeStep,numberOfRobotsOnBlackSite,numberOfRobotsOnWhiteSite
4629,19,22
timeStep,numberOfRobotsOnBlackSite,numberOfRobotsOnWhiteSite
4630,19,22
timeStep,numberOfRobotsOnBlackSite,numberOfRobotsOnWhiteSite
4631,19,22
timeStep,numberOfRobotsOnBlackSite,numberOfRobotsOnWhiteSite
4632,19,22
timeStep,numberOfRobotsOnBlackSite,numberOfRobotsOnWhiteSite
4633,19,22
timeStep,numberOfRobotsOnBlackSite,numberOfRobotsOnWhiteSite
4634,19,22
timeStep,numberOfRobotsOnBlackSite,numberOfRobotsOnWhiteSite
4635,19,22
timeStep,numberOfRobotsOnBlackSite,numberOfRobotsOnWhiteSite
4636,19,22
timeStep,numberOfRobotsOnBlackSite,numberOfRobotsOnWhiteSite
4637,19,22
timeStep,numberOfRobotsOnBlackSite,numberOfRobotsOnWhiteSite
4638,19,22
timeStep,numberOfRobotsOnBlackSite,numberOfRobotsOnWhiteSite
4639,19,22
timeStep,numberOfRobotsOnBlackSite,numberOfRobotsOnWhiteSite
4640,19,22
timeStep,numberOfRobotsOnBlackSite,numberOfRobotsOnWhiteSite
4641,19,22
timeStep,numberOfRobotsOnBlackSite,numberOfRobotsOnWhiteSite
4642,19,22
timeStep,numberOfRobotsOnBlackSite,numberOfRobotsOnWhiteSite
4643,19,22
timeStep,numberOfRobotsOnBlackSite,numberOfRobotsOnWhiteSite
4644,19,22
timeStep,numberOfRobotsOnBlackSite,numberOfRobotsOnWhiteSite
4645,19,22
timeStep,numberOfRobotsOnBlackSite,numberOfRobotsOnWhiteSite
4646,19,22
timeStep,numberOfRobotsOnBlackSite,numberOfRobotsOnWhiteSite
4647,19,22
timeStep,numberOfRobotsOnBlackSite,numberOfRobotsOnWhiteSite
4648,19,22
timeStep,numberOfRobotsOnBlackSite,numberOfRobotsOnWhiteSite
4649,19,22
timeStep,numberOfRobotsOnBlackSite,numberOfRobotsOnWhiteSite
4650,19,22
timeStep,numberOfRobotsOnBlackSite,numberOfRobotsOnWhiteSite
4651,19,22
timeStep,numberOfRobotsOnBlackSite,numberOfRobotsOnWhiteSite
4652,19,22
timeStep,numberOfRobotsOnBlackSite,numberOfRobotsOnWhiteSite
4653,19,22
timeStep,numberOfRobotsOnBlackSite,numberOfRobotsOnWhiteSite
4654,19,22
timeStep,numberOfRobotsOnBlackSite,numberOfRobotsOnWhiteSite
4655,19,22
timeStep,numberOfRobotsOnBlackSite,numberOfRobotsOnWhiteSite
4656,19,22
timeStep,numberOfRobotsOnBlackSite,numberOfRobotsOnWhiteSite
4657,19,22
timeStep,numberOfRobotsOnBlackSite,numberOfRobotsOnWhiteSite
4658,19,22
timeStep,numberOfRobotsOnBlackSite,numberOfRobotsOnWhiteSite
4659,19,22
timeStep,numberOfRobotsOnBlackSite,numberOfRobotsOnWhiteSite
4660,19,22
timeStep,numberOfRobotsOnBlackSite,numberOfRobotsOnWhiteSite
4661,19,22
timeStep,numberOfRobotsOnBlackSite,numberOfRobotsOnWhiteSite
4662,19,22
timeStep,numberOfRobotsOnBlackSite,numberOfRobotsOnWhiteSite
4663,19,22
timeStep,numberOfRobotsOnBlackSite,numberOfRobotsOnWhiteSite
4664,19,22
timeStep,numberOfRobotsOnBlackSite,numberOfRobotsOnWhiteSite
4665,19,22
timeStep,numberOfRobotsOnBlackSite,numberOfRobotsOnWhiteSite
4666,19,22
timeStep,numberOfRobotsOnBlackSite,numberOfRobotsOnWhiteSite
4667,19,22
timeStep,numberOfRobotsOnBlackSite,numberOfRobotsOnWhiteSite
4668,19,22
timeStep,numberOfRobotsOnBlackSite,numberOfRobotsOnWhiteSite
4669,19,22
timeStep,numberOfRobotsOnBlackSite,numberOfRobotsOnWhiteSite
4670,19,22
timeStep,numberOfRobotsOnBlackSite,numberOfRobotsOnWhiteSite
4671,19,22
timeStep,numberOfRobotsOnBlackSite,numberOfRobotsOnWhiteSite
4672,19,22
timeStep,numberOfRobotsOnBlackSite,numberOfRobotsOnWhiteSite
4673,19,22
timeStep,numberOfRobotsOnBlackSite,numberOfRobotsOnWhiteSite
4674,19,22
timeStep,numberOfRobotsOnBlackSite,numberOfRobotsOnWhiteSite
4675,19,22
timeStep,numberOfRobotsOnBlackSite,numberOfRobotsOnWhiteSite
4676,19,22
timeStep,numberOfRobotsOnBlackSite,numberOfRobotsOnWhiteSite
4677,19,22
timeStep,numberOfRobotsOnBlackSite,numberOfRobotsOnWhiteSite
4678,19,22
timeStep,numberOfRobotsOnBlackSite,numberOfRobotsOnWhiteSite
4679,19,22
timeStep,numberOfRobotsOnBlackSite,numberOfRobotsOnWhiteSite
4680,19,22
timeStep,numberOfRobotsOnBlackSite,numberOfRobotsOnWhiteSite
4681,19,22
timeStep,numberOfRobotsOnBlackSite,numberOfRobotsOnWhiteSite
4682,19,22
timeStep,numberOfRobotsOnBlackSite,numberOfRobotsOnWhiteSite
4683,19,22
timeStep,numberOfRobotsOnBlackSite,numberOfRobotsOnWhiteSite
4684,19,22
timeStep,numberOfRobotsOnBlackSite,numberOfRobotsOnWhiteSite
4685,19,22
timeStep,numberOfRobotsOnBlackSite,numberOfRobotsOnWhiteSite
4686,19,22
timeStep,numberOfRobotsOnBlackSite,numberOfRobotsOnWhiteSite
4687,19,22
timeStep,numberOfRobotsOnBlackSite,numberOfRobotsOnWhiteSite
4688,19,22
timeStep,numberOfRobotsOnBlackSite,numberOfRobotsOnWhiteSite
4689,19,22
timeStep,numberOfRobotsOnBlackSite,numberOfRobotsOnWhiteSite
4690,19,22
timeStep,numberOfRobotsOnBlackSite,numberOfRobotsOnWhiteSite
4691,19,22
timeStep,numberOfRobotsOnBlackSite,numberOfRobotsOnWhiteSite
4692,19,22
timeStep,numberOfRobotsOnBlackSite,numberOfRobotsOnWhiteSite
4693,19,22
timeStep,numberOfRobotsOnBlackSite,numberOfRobotsOnWhiteSite
4694,19,22
timeStep,numberOfRobotsOnBlackSite,numberOfRobotsOnWhiteSite
4695,19,22
timeStep,numberOfRobotsOnBlackSite,numberOfRobotsOnWhiteSite
4696,19,22
timeStep,numberOfRobotsOnBlackSite,numberOfRobotsOnWhiteSite
4697,19,22
timeStep,numberOfRobotsOnBlackSite,numberOfRobotsOnWhiteSite
4698,19,22
timeStep,numberOfRobotsOnBlackSite,numberOfRobotsOnWhiteSite
4699,19,22
timeStep,numberOfRobotsOnBlackSite,numberOfRobotsOnWhiteSite
4700,19,22
timeStep,numberOfRobotsOnBlackSite,numberOfRobotsOnWhiteSite
4701,19,22
timeStep,numberOfRobotsOnBlackSite,numberOfRobotsOnWhiteSite
4702,19,22
timeStep,numberOfRobotsOnBlackSite,numberOfRobotsOnWhiteSite
4703,19,22
timeStep,numberOfRobotsOnBlackSite,numberOfRobotsOnWhiteSite
4704,19,22
timeStep,numberOfRobotsOnBlackSite,numberOfRobotsOnWhiteSite
4705,19,22
timeStep,numberOfRobotsOnBlackSite,numberOfRobotsOnWhiteSite
4706,19,22
timeStep,numberOfRobotsOnBlackSite,numberOfRobotsOnWhiteSite
4707,19,22
timeStep,numberOfRobotsOnBlackSite,numberOfRobotsOnWhiteSite
4708,19,22
timeStep,numberOfRobotsOnBlackSite,numberOfRobotsOnWhiteSite
4709,19,22
timeStep,numberOfRobotsOnBlackSite,numberOfRobotsOnWhiteSite
4710,19,22
timeStep,numberOfRobotsOnBlackSite,numberOfRobotsOnWhiteSite
4711,19,22
timeStep,numberOfRobotsOnBlackSite,numberOfRobotsOnWhiteSite
4712,19,22
timeStep,numberOfRobotsOnBlackSite,numberOfRobotsOnWhiteSite
4713,19,22
timeStep,numberOfRobotsOnBlackSite,numberOfRobotsOnWhiteSite
4714,19,22
timeStep,numberOfRobotsOnBlackSite,numberOfRobotsOnWhiteSite
4715,19,22
timeStep,numberOfRobotsOnBlackSite,numberOfRobotsOnWhiteSite
4716,19,22
timeStep,numberOfRobotsOnBlackSite,numberOfRobotsOnWhiteSite
4717,19,22
timeStep,numberOfRobotsOnBlackSite,numberOfRobotsOnWhiteSite
4718,19,22
timeStep,numberOfRobotsOnBlackSite,numberOfRobotsOnWhiteSite
4719,19,22
timeStep,numberOfRobotsOnBlackSite,numberOfRobotsOnWhiteSite
4720,19,22
timeStep,numberOfRobotsOnBlackSite,numberOfRobotsOnWhiteSite
4721,19,22
timeStep,numberOfRobotsOnBlackSite,numberOfRobotsOnWhiteSite
4722,19,22
timeStep,numberOfRobotsOnBlackSite,numberOfRobotsOnWhiteSite
4723,19,22
timeStep,numberOfRobotsOnBlackSite,numberOfRobotsOnWhiteSite
4724,19,22
timeStep,numberOfRobotsOnBlackSite,numberOfRobotsOnWhiteSite
4725,19,22
timeStep,numberOfRobotsOnBlackSite,numberOfRobotsOnWhiteSite
4726,19,22
timeStep,numberOfRobotsOnBlackSite,numberOfRobotsOnWhiteSite
4727,19,22
timeStep,numberOfRobotsOnBlackSite,numberOfRobotsOnWhiteSite
4728,19,22
timeStep,numberOfRobotsOnBlackSite,numberOfRobotsOnWhiteSite
4729,19,22
timeStep,numberOfRobotsOnBlackSite,numberOfRobotsOnWhiteSite
4730,19,22
timeStep,numberOfRobotsOnBlackSite,numberOfRobotsOnWhiteSite
4731,19,22
timeStep,numberOfRobotsOnBlackSite,numberOfRobotsOnWhiteSite
4732,19,22
timeStep,numberOfRobotsOnBlackSite,numberOfRobotsOnWhiteSite
4733,19,22
timeStep,numberOfRobotsOnBlackSite,numberOfRobotsOnWhiteSite
4734,19,22
timeStep,numberOfRobotsOnBlackSite,numberOfRobotsOnWhiteSite
4735,19,22
timeStep,numberOfRobotsOnBlackSite,numberOfRobotsOnWhiteSite
4736,19,22
timeStep,numberOfRobotsOnBlackSite,numberOfRobotsOnWhiteSite
4737,19,22
timeStep,numberOfRobotsOnBlackSite,numberOfRobotsOnWhiteSite
4738,19,22
timeStep,numberOfRobotsOnBlackSite,numberOfRobotsOnWhiteSite
4739,19,22
timeStep,numberOfRobotsOnBlackSite,numberOfRobotsOnWhiteSite
4740,19,22
timeStep,numberOfRobotsOnBlackSite,numberOfRobotsOnWhiteSite
4741,19,22
timeStep,numberOfRobotsOnBlackSite,numberOfRobotsOnWhiteSite
4742,19,22
timeStep,numberOfRobotsOnBlackSite,numberOfRobotsOnWhiteSite
4743,19,22
timeStep,numberOfRobotsOnBlackSite,numberOfRobotsOnWhiteSite
4744,19,22
timeStep,numberOfRobotsOnBlackSite,numberOfRobotsOnWhiteSite
4745,19,22
timeStep,numberOfRobotsOnBlackSite,numberOfRobotsOnWhiteSite
4746,19,22
timeStep,numberOfRobotsOnBlackSite,numberOfRobotsOnWhiteSite
4747,19,22
timeStep,numberOfRobotsOnBlackSite,numberOfRobotsOnWhiteSite
4748,19,22
timeStep,numberOfRobotsOnBlackSite,numberOfRobotsOnWhiteSite
4749,19,22
timeStep,numberOfRobotsOnBlackSite,numberOfRobotsOnWhiteSite
4750,19,22
timeStep,numberOfRobotsOnBlackSite,numberOfRobotsOnWhiteSite
4751,19,22
timeStep,numberOfRobotsOnBlackSite,numberOfRobotsOnWhiteSite
4752,19,22
timeStep,numberOfRobotsOnBlackSite,numberOfRobotsOnWhiteSite
4753,19,22
timeStep,numberOfRobotsOnBlackSite,numberOfRobotsOnWhiteSite
4754,19,22
timeStep,numberOfRobotsOnBlackSite,numberOfRobotsOnWhiteSite
4755,19,22
timeStep,numberOfRobotsOnBlackSite,numberOfRobotsOnWhiteSite
4756,19,22
timeStep,numberOfRobotsOnBlackSite,numberOfRobotsOnWhiteSite
4757,19,22
timeStep,numberOfRobotsOnBlackSite,numberOfRobotsOnWhiteSite
4758,19,22
timeStep,numberOfRobotsOnBlackSite,numberOfRobotsOnWhiteSite
4759,19,22
timeStep,numberOfRobotsOnBlackSite,numberOfRobotsOnWhiteSite
4760,19,22
timeStep,numberOfRobotsOnBlackSite,numberOfRobotsOnWhiteSite
4761,19,22
timeStep,numberOfRobotsOnBlackSite,numberOfRobotsOnWhiteSite
4762,19,22
timeStep,numberOfRobotsOnBlackSite,numberOfRobotsOnWhiteSite
4763,19,22
timeStep,numberOfRobotsOnBlackSite,numberOfRobotsOnWhiteSite
4764,19,22
timeStep,numberOfRobotsOnBlackSite,numberOfRobotsOnWhiteSite
4765,19,22
timeStep,numberOfRobotsOnBlackSite,numberOfRobotsOnWhiteSite
4766,19,22
timeStep,numberOfRobotsOnBlackSite,numberOfRobotsOnWhiteSite
4767,19,22
timeStep,numberOfRobotsOnBlackSite,numberOfRobotsOnWhiteSite
4768,19,22
timeStep,numberOfRobotsOnBlackSite,numberOfRobotsOnWhiteSite
4769,19,22
timeStep,numberOfRobotsOnBlackSite,numberOfRobotsOnWhiteSite
4770,19,22
timeStep,numberOfRobotsOnBlackSite,numberOfRobotsOnWhiteSite
4771,19,22
timeStep,numberOfRobotsOnBlackSite,numberOfRobotsOnWhiteSite
4772,19,22
timeStep,numberOfRobotsOnBlackSite,numberOfRobotsOnWhiteSite
4773,19,22
timeStep,numberOfRobotsOnBlackSite,numberOfRobotsOnWhiteSite
4774,19,22
timeStep,numberOfRobotsOnBlackSite,numberOfRobotsOnWhiteSite
4775,19,22
timeStep,numberOfRobotsOnBlackSite,numberOfRobotsOnWhiteSite
4776,19,22
timeStep,numberOfRobotsOnBlackSite,numberOfRobotsOnWhiteSite
4777,19,22
timeStep,numberOfRobotsOnBlackSite,numberOfRobotsOnWhiteSite
4778,19,22
timeStep,numberOfRobotsOnBlackSite,numberOfRobotsOnWhiteSite
4779,19,22
timeStep,numberOfRobotsOnBlackSite,numberOfRobotsOnWhiteSite
4780,19,22
timeStep,numberOfRobotsOnBlackSite,numberOfRobotsOnWhiteSite
4781,19,22
timeStep,numberOfRobotsOnBlackSite,numberOfRobotsOnWhiteSite
4782,19,22
timeStep,numberOfRobotsOnBlackSite,numberOfRobotsOnWhiteSite
4783,19,22
timeStep,numberOfRobotsOnBlackSite,numberOfRobotsOnWhiteSite
4784,19,22
timeStep,numberOfRobotsOnBlackSite,numberOfRobotsOnWhiteSite
4785,19,22
timeStep,numberOfRobotsOnBlackSite,numberOfRobotsOnWhiteSite
4786,19,22
timeStep,numberOfRobotsOnBlackSite,numberOfRobotsOnWhiteSite
4787,19,22
timeStep,numberOfRobotsOnBlackSite,numberOfRobotsOnWhiteSite
4788,19,22
timeStep,numberOfRobotsOnBlackSite,numberOfRobotsOnWhiteSite
4789,19,22
timeStep,numberOfRobotsOnBlackSite,numberOfRobotsOnWhiteSite
4790,18,22
timeStep,numberOfRobotsOnBlackSite,numberOfRobotsOnWhiteSite
4791,18,22
timeStep,numberOfRobotsOnBlackSite,numberOfRobotsOnWhiteSite
4792,18,22
timeStep,numberOfRobotsOnBlackSite,numberOfRobotsOnWhiteSite
4793,18,22
timeStep,numberOfRobotsOnBlackSite,numberOfRobotsOnWhiteSite
4794,18,22
timeStep,numberOfRobotsOnBlackSite,numberOfRobotsOnWhiteSite
4795,18,22
timeStep,numberOfRobotsOnBlackSite,numberOfRobotsOnWhiteSite
4796,18,22
timeStep,numberOfRobotsOnBlackSite,numberOfRobotsOnWhiteSite
4797,18,22
timeStep,numberOfRobotsOnBlackSite,numberOfRobotsOnWhiteSite
4798,18,22
timeStep,numberOfRobotsOnBlackSite,numberOfRobotsOnWhiteSite
4799,18,22
timeStep,numberOfRobotsOnBlackSite,numberOfRobotsOnWhiteSite
4800,19,22
timeStep,numberOfRobotsOnBlackSite,numberOfRobotsOnWhiteSite
4801,19,22
timeStep,numberOfRobotsOnBlackSite,numberOfRobotsOnWhiteSite
4802,19,22
timeStep,numberOfRobotsOnBlackSite,numberOfRobotsOnWhiteSite
4803,19,22
timeStep,numberOfRobotsOnBlackSite,numberOfRobotsOnWhiteSite
4804,19,22
timeStep,numberOfRobotsOnBlackSite,numberOfRobotsOnWhiteSite
4805,19,22
timeStep,numberOfRobotsOnBlackSite,numberOfRobotsOnWhiteSite
4806,19,22
timeStep,numberOfRobotsOnBlackSite,numberOfRobotsOnWhiteSite
4807,19,22
timeStep,numberOfRobotsOnBlackSite,numberOfRobotsOnWhiteSite
4808,19,22
timeStep,numberOfRobotsOnBlackSite,numberOfRobotsOnWhiteSite
4809,19,22
timeStep,numberOfRobotsOnBlackSite,numberOfRobotsOnWhiteSite
4810,19,22
timeStep,numberOfRobotsOnBlackSite,numberOfRobotsOnWhiteSite
4811,19,22
timeStep,numberOfRobotsOnBlackSite,numberOfRobotsOnWhiteSite
4812,19,22
timeStep,numberOfRobotsOnBlackSite,numberOfRobotsOnWhiteSite
4813,19,22
timeStep,numberOfRobotsOnBlackSite,numberOfRobotsOnWhiteSite
4814,19,22
timeStep,numberOfRobotsOnBlackSite,numberOfRobotsOnWhiteSite
4815,20,22
timeStep,numberOfRobotsOnBlackSite,numberOfRobotsOnWhiteSite
4816,20,22
timeStep,numberOfRobotsOnBlackSite,numberOfRobotsOnWhiteSite
4817,20,22
timeStep,numberOfRobotsOnBlackSite,numberOfRobotsOnWhiteSite
4818,20,22
timeStep,numberOfRobotsOnBlackSite,numberOfRobotsOnWhiteSite
4819,20,22
timeStep,numberOfRobotsOnBlackSite,numberOfRobotsOnWhiteSite
4820,19,22
timeStep,numberOfRobotsOnBlackSite,numberOfRobotsOnWhiteSite
4821,19,22
timeStep,numberOfRobotsOnBlackSite,numberOfRobotsOnWhiteSite
4822,19,22
timeStep,numberOfRobotsOnBlackSite,numberOfRobotsOnWhiteSite
4823,19,22
timeStep,numberOfRobotsOnBlackSite,numberOfRobotsOnWhiteSite
4824,19,22
timeStep,numberOfRobotsOnBlackSite,numberOfRobotsOnWhiteSite
4825,19,22
timeStep,numberOfRobotsOnBlackSite,numberOfRobotsOnWhiteSite
4826,19,22
timeStep,numberOfRobotsOnBlackSite,numberOfRobotsOnWhiteSite
4827,19,22
timeStep,numberOfRobotsOnBlackSite,numberOfRobotsOnWhiteSite
4828,19,22
timeStep,numberOfRobotsOnBlackSite,numberOfRobotsOnWhiteSite
4829,19,22
timeStep,numberOfRobotsOnBlackSite,numberOfRobotsOnWhiteSite
4830,19,22
timeStep,numberOfRobotsOnBlackSite,numberOfRobotsOnWhiteSite
4831,19,22
timeStep,numberOfRobotsOnBlackSite,numberOfRobotsOnWhiteSite
4832,19,22
timeStep,numberOfRobotsOnBlackSite,numberOfRobotsOnWhiteSite
4833,19,22
timeStep,numberOfRobotsOnBlackSite,numberOfRobotsOnWhiteSite
4834,19,22
timeStep,numberOfRobotsOnBlackSite,numberOfRobotsOnWhiteSite
4835,19,22
timeStep,numberOfRobotsOnBlackSite,numberOfRobotsOnWhiteSite
4836,19,22
timeStep,numberOfRobotsOnBlackSite,numberOfRobotsOnWhiteSite
4837,19,22
timeStep,numberOfRobotsOnBlackSite,numberOfRobotsOnWhiteSite
4838,19,22
timeStep,numberOfRobotsOnBlackSite,numberOfRobotsOnWhiteSite
4839,19,22
timeStep,numberOfRobotsOnBlackSite,numberOfRobotsOnWhiteSite
4840,19,22
timeStep,numberOfRobotsOnBlackSite,numberOfRobotsOnWhiteSite
4841,19,22
timeStep,numberOfRobotsOnBlackSite,numberOfRobotsOnWhiteSite
4842,19,22
timeStep,numberOfRobotsOnBlackSite,numberOfRobotsOnWhiteSite
4843,19,22
timeStep,numberOfRobotsOnBlackSite,numberOfRobotsOnWhiteSite
4844,19,22
timeStep,numberOfRobotsOnBlackSite,numberOfRobotsOnWhiteSite
4845,19,22
timeStep,numberOfRobotsOnBlackSite,numberOfRobotsOnWhiteSite
4846,19,22
timeStep,numberOfRobotsOnBlackSite,numberOfRobotsOnWhiteSite
4847,19,22
timeStep,numberOfRobotsOnBlackSite,numberOfRobotsOnWhiteSite
4848,19,22
timeStep,numberOfRobotsOnBlackSite,numberOfRobotsOnWhiteSite
4849,19,22
timeStep,numberOfRobotsOnBlackSite,numberOfRobotsOnWhiteSite
4850,19,22
timeStep,numberOfRobotsOnBlackSite,numberOfRobotsOnWhiteSite
4851,19,22
timeStep,numberOfRobotsOnBlackSite,numberOfRobotsOnWhiteSite
4852,19,22
timeStep,numberOfRobotsOnBlackSite,numberOfRobotsOnWhiteSite
4853,19,22
timeStep,numberOfRobotsOnBlackSite,numberOfRobotsOnWhiteSite
4854,19,22
timeStep,numberOfRobotsOnBlackSite,numberOfRobotsOnWhiteSite
4855,19,22
timeStep,numberOfRobotsOnBlackSite,numberOfRobotsOnWhiteSite
4856,19,22
timeStep,numberOfRobotsOnBlackSite,numberOfRobotsOnWhiteSite
4857,19,22
timeStep,numberOfRobotsOnBlackSite,numberOfRobotsOnWhiteSite
4858,19,22
timeStep,numberOfRobotsOnBlackSite,numberOfRobotsOnWhiteSite
4859,19,22
timeStep,numberOfRobotsOnBlackSite,numberOfRobotsOnWhiteSite
4860,19,22
timeStep,numberOfRobotsOnBlackSite,numberOfRobotsOnWhiteSite
4861,19,22
timeStep,numberOfRobotsOnBlackSite,numberOfRobotsOnWhiteSite
4862,19,22
timeStep,numberOfRobotsOnBlackSite,numberOfRobotsOnWhiteSite
4863,19,22
timeStep,numberOfRobotsOnBlackSite,numberOfRobotsOnWhiteSite
4864,19,22
timeStep,numberOfRobotsOnBlackSite,numberOfRobotsOnWhiteSite
4865,19,22
timeStep,numberOfRobotsOnBlackSite,numberOfRobotsOnWhiteSite
4866,19,22
timeStep,numberOfRobotsOnBlackSite,numberOfRobotsOnWhiteSite
4867,19,22
timeStep,numberOfRobotsOnBlackSite,numberOfRobotsOnWhiteSite
4868,19,22
timeStep,numberOfRobotsOnBlackSite,numberOfRobotsOnWhiteSite
4869,19,22
timeStep,numberOfRobotsOnBlackSite,numberOfRobotsOnWhiteSite
4870,19,22
timeStep,numberOfRobotsOnBlackSite,numberOfRobotsOnWhiteSite
4871,19,22
timeStep,numberOfRobotsOnBlackSite,numberOfRobotsOnWhiteSite
4872,19,22
timeStep,numberOfRobotsOnBlackSite,numberOfRobotsOnWhiteSite
4873,19,22
timeStep,numberOfRobotsOnBlackSite,numberOfRobotsOnWhiteSite
4874,19,22
timeStep,numberOfRobotsOnBlackSite,numberOfRobotsOnWhiteSite
4875,19,22
timeStep,numberOfRobotsOnBlackSite,numberOfRobotsOnWhiteSite
4876,19,22
timeStep,numberOfRobotsOnBlackSite,numberOfRobotsOnWhiteSite
4877,19,22
timeStep,numberOfRobotsOnBlackSite,numberOfRobotsOnWhiteSite
4878,19,22
timeStep,numberOfRobotsOnBlackSite,numberOfRobotsOnWhiteSite
4879,19,22
timeStep,numberOfRobotsOnBlackSite,numberOfRobotsOnWhiteSite
4880,19,22
timeStep,numberOfRobotsOnBlackSite,numberOfRobotsOnWhiteSite
4881,19,22
timeStep,numberOfRobotsOnBlackSite,numberOfRobotsOnWhiteSite
4882,19,22
timeStep,numberOfRobotsOnBlackSite,numberOfRobotsOnWhiteSite
4883,19,22
timeStep,numberOfRobotsOnBlackSite,numberOfRobotsOnWhiteSite
4884,19,22
timeStep,numberOfRobotsOnBlackSite,numberOfRobotsOnWhiteSite
4885,19,22
timeStep,numberOfRobotsOnBlackSite,numberOfRobotsOnWhiteSite
4886,19,22
timeStep,numberOfRobotsOnBlackSite,numberOfRobotsOnWhiteSite
4887,19,22
timeStep,numberOfRobotsOnBlackSite,numberOfRobotsOnWhiteSite
4888,19,22
timeStep,numberOfRobotsOnBlackSite,numberOfRobotsOnWhiteSite
4889,19,22
timeStep,numberOfRobotsOnBlackSite,numberOfRobotsOnWhiteSite
4890,19,22
timeStep,numberOfRobotsOnBlackSite,numberOfRobotsOnWhiteSite
4891,19,22
timeStep,numberOfRobotsOnBlackSite,numberOfRobotsOnWhiteSite
4892,19,22
timeStep,numberOfRobotsOnBlackSite,numberOfRobotsOnWhiteSite
4893,19,22
timeStep,numberOfRobotsOnBlackSite,numberOfRobotsOnWhiteSite
4894,19,22
timeStep,numberOfRobotsOnBlackSite,numberOfRobotsOnWhiteSite
4895,19,22
timeStep,numberOfRobotsOnBlackSite,numberOfRobotsOnWhiteSite
4896,19,22
timeStep,numberOfRobotsOnBlackSite,numberOfRobotsOnWhiteSite
4897,19,22
timeStep,numberOfRobotsOnBlackSite,numberOfRobotsOnWhiteSite
4898,19,22
timeStep,numberOfRobotsOnBlackSite,numberOfRobotsOnWhiteSite
4899,19,22
timeStep,numberOfRobotsOnBlackSite,numberOfRobotsOnWhiteSite
4900,19,22
timeStep,numberOfRobotsOnBlackSite,numberOfRobotsOnWhiteSite
4901,19,22
timeStep,numberOfRobotsOnBlackSite,numberOfRobotsOnWhiteSite
4902,19,22
timeStep,numberOfRobotsOnBlackSite,numberOfRobotsOnWhiteSite
4903,19,22
timeStep,numberOfRobotsOnBlackSite,numberOfRobotsOnWhiteSite
4904,19,22
timeStep,numberOfRobotsOnBlackSite,numberOfRobotsOnWhiteSite
4905,19,22
timeStep,numberOfRobotsOnBlackSite,numberOfRobotsOnWhiteSite
4906,19,22
timeStep,numberOfRobotsOnBlackSite,numberOfRobotsOnWhiteSite
4907,19,22
timeStep,numberOfRobotsOnBlackSite,numberOfRobotsOnWhiteSite
4908,19,22
timeStep,numberOfRobotsOnBlackSite,numberOfRobotsOnWhiteSite
4909,19,22
timeStep,numberOfRobotsOnBlackSite,numberOfRobotsOnWhiteSite
4910,19,22
timeStep,numberOfRobotsOnBlackSite,numberOfRobotsOnWhiteSite
4911,19,22
timeStep,numberOfRobotsOnBlackSite,numberOfRobotsOnWhiteSite
4912,19,22
timeStep,numberOfRobotsOnBlackSite,numberOfRobotsOnWhiteSite
4913,19,22
timeStep,numberOfRobotsOnBlackSite,numberOfRobotsOnWhiteSite
4914,19,22
timeStep,numberOfRobotsOnBlackSite,numberOfRobotsOnWhiteSite
4915,19,22
timeStep,numberOfRobotsOnBlackSite,numberOfRobotsOnWhiteSite
4916,19,22
timeStep,numberOfRobotsOnBlackSite,numberOfRobotsOnWhiteSite
4917,19,22
timeStep,numberOfRobotsOnBlackSite,numberOfRobotsOnWhiteSite
4918,19,22
timeStep,numberOfRobotsOnBlackSite,numberOfRobotsOnWhiteSite
4919,19,22
timeStep,numberOfRobotsOnBlackSite,numberOfRobotsOnWhiteSite
4920,19,22
timeStep,numberOfRobotsOnBlackSite,numberOfRobotsOnWhiteSite
4921,19,22
timeStep,numberOfRobotsOnBlackSite,numberOfRobotsOnWhiteSite
4922,19,22
timeStep,numberOfRobotsOnBlackSite,numberOfRobotsOnWhiteSite
4923,19,22
timeStep,numberOfRobotsOnBlackSite,numberOfRobotsOnWhiteSite
4924,19,22
timeStep,numberOfRobotsOnBlackSite,numberOfRobotsOnWhiteSite
4925,19,22
timeStep,numberOfRobotsOnBlackSite,numberOfRobotsOnWhiteSite
4926,19,22
timeStep,numberOfRobotsOnBlackSite,numberOfRobotsOnWhiteSite
4927,19,22
timeStep,numberOfRobotsOnBlackSite,numberOfRobotsOnWhiteSite
4928,19,22
timeStep,numberOfRobotsOnBlackSite,numberOfRobotsOnWhiteSite
4929,19,22
timeStep,numberOfRobotsOnBlackSite,numberOfRobotsOnWhiteSite
4930,19,22
timeStep,numberOfRobotsOnBlackSite,numberOfRobotsOnWhiteSite
4931,19,22
timeStep,numberOfRobotsOnBlackSite,numberOfRobotsOnWhiteSite
4932,19,22
timeStep,numberOfRobotsOnBlackSite,numberOfRobotsOnWhiteSite
4933,19,22
timeStep,numberOfRobotsOnBlackSite,numberOfRobotsOnWhiteSite
4934,19,22
timeStep,numberOfRobotsOnBlackSite,numberOfRobotsOnWhiteSite
4935,18,22
timeStep,numberOfRobotsOnBlackSite,numberOfRobotsOnWhiteSite
4936,18,22
timeStep,numberOfRobotsOnBlackSite,numberOfRobotsOnWhiteSite
4937,18,22
timeStep,numberOfRobotsOnBlackSite,numberOfRobotsOnWhiteSite
4938,18,22
timeStep,numberOfRobotsOnBlackSite,numberOfRobotsOnWhiteSite
4939,18,22
timeStep,numberOfRobotsOnBlackSite,numberOfRobotsOnWhiteSite
4940,18,22
timeStep,numberOfRobotsOnBlackSite,numberOfRobotsOnWhiteSite
4941,18,22
timeStep,numberOfRobotsOnBlackSite,numberOfRobotsOnWhiteSite
4942,18,22
timeStep,numberOfRobotsOnBlackSite,numberOfRobotsOnWhiteSite
4943,18,22
timeStep,numberOfRobotsOnBlackSite,numberOfRobotsOnWhiteSite
4944,18,22
timeStep,numberOfRobotsOnBlackSite,numberOfRobotsOnWhiteSite
4945,18,22
timeStep,numberOfRobotsOnBlackSite,numberOfRobotsOnWhiteSite
4946,18,22
timeStep,numberOfRobotsOnBlackSite,numberOfRobotsOnWhiteSite
4947,18,22
timeStep,numberOfRobotsOnBlackSite,numberOfRobotsOnWhiteSite
4948,18,22
timeStep,numberOfRobotsOnBlackSite,numberOfRobotsOnWhiteSite
4949,18,22
timeStep,numberOfRobotsOnBlackSite,numberOfRobotsOnWhiteSite
4950,18,22
timeStep,numberOfRobotsOnBlackSite,numberOfRobotsOnWhiteSite
4951,18,22
timeStep,numberOfRobotsOnBlackSite,numberOfRobotsOnWhiteSite
4952,18,22
timeStep,numberOfRobotsOnBlackSite,numberOfRobotsOnWhiteSite
4953,18,22
timeStep,numberOfRobotsOnBlackSite,numberOfRobotsOnWhiteSite
4954,18,22
timeStep,numberOfRobotsOnBlackSite,numberOfRobotsOnWhiteSite
4955,18,22
timeStep,numberOfRobotsOnBlackSite,numberOfRobotsOnWhiteSite
4956,18,22
timeStep,numberOfRobotsOnBlackSite,numberOfRobotsOnWhiteSite
4957,18,22
timeStep,numberOfRobotsOnBlackSite,numberOfRobotsOnWhiteSite
4958,18,22
timeStep,numberOfRobotsOnBlackSite,numberOfRobotsOnWhiteSite
4959,18,22
timeStep,numberOfRobotsOnBlackSite,numberOfRobotsOnWhiteSite
4960,17,22
timeStep,numberOfRobotsOnBlackSite,numberOfRobotsOnWhiteSite
4961,17,22
timeStep,numberOfRobotsOnBlackSite,numberOfRobotsOnWhiteSite
4962,17,22
timeStep,numberOfRobotsOnBlackSite,numberOfRobotsOnWhiteSite
4963,17,22
timeStep,numberOfRobotsOnBlackSite,numberOfRobotsOnWhiteSite
4964,17,22
timeStep,numberOfRobotsOnBlackSite,numberOfRobotsOnWhiteSite
4965,17,22
timeStep,numberOfRobotsOnBlackSite,numberOfRobotsOnWhiteSite
4966,17,22
timeStep,numberOfRobotsOnBlackSite,numberOfRobotsOnWhiteSite
4967,17,22
timeStep,numberOfRobotsOnBlackSite,numberOfRobotsOnWhiteSite
4968,17,22
timeStep,numberOfRobotsOnBlackSite,numberOfRobotsOnWhiteSite
4969,17,22
timeStep,numberOfRobotsOnBlackSite,numberOfRobotsOnWhiteSite
4970,17,22
timeStep,numberOfRobotsOnBlackSite,numberOfRobotsOnWhiteSite
4971,17,22
timeStep,numberOfRobotsOnBlackSite,numberOfRobotsOnWhiteSite
4972,17,22
timeStep,numberOfRobotsOnBlackSite,numberOfRobotsOnWhiteSite
4973,17,22
timeStep,numberOfRobotsOnBlackSite,numberOfRobotsOnWhiteSite
4974,17,22
timeStep,numberOfRobotsOnBlackSite,numberOfRobotsOnWhiteSite
4975,17,22
timeStep,numberOfRobotsOnBlackSite,numberOfRobotsOnWhiteSite
4976,17,22
timeStep,numberOfRobotsOnBlackSite,numberOfRobotsOnWhiteSite
4977,17,22
timeStep,numberOfRobotsOnBlackSite,numberOfRobotsOnWhiteSite
4978,17,22
timeStep,numberOfRobotsOnBlackSite,numberOfRobotsOnWhiteSite
4979,17,22
timeStep,numberOfRobotsOnBlackSite,numberOfRobotsOnWhiteSite
4980,17,22
timeStep,numberOfRobotsOnBlackSite,numberOfRobotsOnWhiteSite
4981,17,22
timeStep,numberOfRobotsOnBlackSite,numberOfRobotsOnWhiteSite
4982,17,22
timeStep,numberOfRobotsOnBlackSite,numberOfRobotsOnWhiteSite
4983,17,22
timeStep,numberOfRobotsOnBlackSite,numberOfRobotsOnWhiteSite
4984,17,22
timeStep,numberOfRobotsOnBlackSite,numberOfRobotsOnWhiteSite
4985,17,22
timeStep,numberOfRobotsOnBlackSite,numberOfRobotsOnWhiteSite
4986,17,22
timeStep,numberOfRobotsOnBlackSite,numberOfRobotsOnWhiteSite
4987,17,22
timeStep,numberOfRobotsOnBlackSite,numberOfRobotsOnWhiteSite
4988,17,22
timeStep,numberOfRobotsOnBlackSite,numberOfRobotsOnWhiteSite
4989,17,22
timeStep,numberOfRobotsOnBlackSite,numberOfRobotsOnWhiteSite
4990,17,22
timeStep,numberOfRobotsOnBlackSite,numberOfRobotsOnWhiteSite
4991,17,22
timeStep,numberOfRobotsOnBlackSite,numberOfRobotsOnWhiteSite
4992,17,22
timeStep,numberOfRobotsOnBlackSite,numberOfRobotsOnWhiteSite
4993,17,22
timeStep,numberOfRobotsOnBlackSite,numberOfRobotsOnWhiteSite
4994,17,22
timeStep,numberOfRobotsOnBlackSite,numberOfRobotsOnWhiteSite
4995,17,22
timeStep,numberOfRobotsOnBlackSite,numberOfRobotsOnWhiteSite
4996,17,22
timeStep,numberOfRobotsOnBlackSite,numberOfRobotsOnWhiteSite
4997,17,22
timeStep,numberOfRobotsOnBlackSite,numberOfRobotsOnWhiteSite
4998,17,22
timeStep,numberOfRobotsOnBlackSite,numberOfRobotsOnWhiteSite
4999,17,22
timeStep,numberOfRobotsOnBlackSite,numberOfRobotsOnWhiteSite
5000,17,22
timeStep,numberOfRobotsOnBlackSite,numberOfRobotsOnWhiteSite
5001,17,22
timeStep,numberOfRobotsOnBlackSite,numberOfRobotsOnWhiteSite
5002,17,22
timeStep,numberOfRobotsOnBlackSite,numberOfRobotsOnWhiteSite
5003,17,22
timeStep,numberOfRobotsOnBlackSite,numberOfRobotsOnWhiteSite
5004,17,22
timeStep,numberOfRobotsOnBlackSite,numberOfRobotsOnWhiteSite
5005,17,21
timeStep,numberOfRobotsOnBlackSite,numberOfRobotsOnWhiteSite
5006,17,21
timeStep,numberOfRobotsOnBlackSite,numberOfRobotsOnWhiteSite
5007,17,21
timeStep,numberOfRobotsOnBlackSite,numberOfRobotsOnWhiteSite
5008,17,21
timeStep,numberOfRobotsOnBlackSite,numberOfRobotsOnWhiteSite
5009,17,21
timeStep,numberOfRobotsOnBlackSite,numberOfRobotsOnWhiteSite
5010,17,21
timeStep,numberOfRobotsOnBlackSite,numberOfRobotsOnWhiteSite
5011,17,21
timeStep,numberOfRobotsOnBlackSite,numberOfRobotsOnWhiteSite
5012,17,21
timeStep,numberOfRobotsOnBlackSite,numberOfRobotsOnWhiteSite
5013,17,21
timeStep,numberOfRobotsOnBlackSite,numberOfRobotsOnWhiteSite
5014,17,21
timeStep,numberOfRobotsOnBlackSite,numberOfRobotsOnWhiteSite
5015,17,21
timeStep,numberOfRobotsOnBlackSite,numberOfRobotsOnWhiteSite
5016,17,21
timeStep,numberOfRobotsOnBlackSite,numberOfRobotsOnWhiteSite
5017,17,21
timeStep,numberOfRobotsOnBlackSite,numberOfRobotsOnWhiteSite
5018,17,21
timeStep,numberOfRobotsOnBlackSite,numberOfRobotsOnWhiteSite
5019,17,21
timeStep,numberOfRobotsOnBlackSite,numberOfRobotsOnWhiteSite
5020,17,21
timeStep,numberOfRobotsOnBlackSite,numberOfRobotsOnWhiteSite
5021,17,21
timeStep,numberOfRobotsOnBlackSite,numberOfRobotsOnWhiteSite
5022,17,21
timeStep,numberOfRobotsOnBlackSite,numberOfRobotsOnWhiteSite
5023,17,21
timeStep,numberOfRobotsOnBlackSite,numberOfRobotsOnWhiteSite
5024,17,21
timeStep,numberOfRobotsOnBlackSite,numberOfRobotsOnWhiteSite
5025,17,21
timeStep,numberOfRobotsOnBlackSite,numberOfRobotsOnWhiteSite
5026,17,21
timeStep,numberOfRobotsOnBlackSite,numberOfRobotsOnWhiteSite
5027,17,21
timeStep,numberOfRobotsOnBlackSite,numberOfRobotsOnWhiteSite
5028,17,21
timeStep,numberOfRobotsOnBlackSite,numberOfRobotsOnWhiteSite
5029,17,21
timeStep,numberOfRobotsOnBlackSite,numberOfRobotsOnWhiteSite
5030,17,21
timeStep,numberOfRobotsOnBlackSite,numberOfRobotsOnWhiteSite
5031,17,21
timeStep,numberOfRobotsOnBlackSite,numberOfRobotsOnWhiteSite
5032,17,21
timeStep,numberOfRobotsOnBlackSite,numberOfRobotsOnWhiteSite
5033,17,21
timeStep,numberOfRobotsOnBlackSite,numberOfRobotsOnWhiteSite
5034,17,21
timeStep,numberOfRobotsOnBlackSite,numberOfRobotsOnWhiteSite
5035,16,21
timeStep,numberOfRobotsOnBlackSite,numberOfRobotsOnWhiteSite
5036,16,21
timeStep,numberOfRobotsOnBlackSite,numberOfRobotsOnWhiteSite
5037,16,21
timeStep,numberOfRobotsOnBlackSite,numberOfRobotsOnWhiteSite
5038,16,21
timeStep,numberOfRobotsOnBlackSite,numberOfRobotsOnWhiteSite
5039,16,21
timeStep,numberOfRobotsOnBlackSite,numberOfRobotsOnWhiteSite
5040,16,21
timeStep,numberOfRobotsOnBlackSite,numberOfRobotsOnWhiteSite
5041,16,21
timeStep,numberOfRobotsOnBlackSite,numberOfRobotsOnWhiteSite
5042,16,21
timeStep,numberOfRobotsOnBlackSite,numberOfRobotsOnWhiteSite
5043,16,21
timeStep,numberOfRobotsOnBlackSite,numberOfRobotsOnWhiteSite
5044,16,21
timeStep,numberOfRobotsOnBlackSite,numberOfRobotsOnWhiteSite
5045,16,21
timeStep,numberOfRobotsOnBlackSite,numberOfRobotsOnWhiteSite
5046,16,21
timeStep,numberOfRobotsOnBlackSite,numberOfRobotsOnWhiteSite
5047,16,21
timeStep,numberOfRobotsOnBlackSite,numberOfRobotsOnWhiteSite
5048,16,21
timeStep,numberOfRobotsOnBlackSite,numberOfRobotsOnWhiteSite
5049,16,21
timeStep,numberOfRobotsOnBlackSite,numberOfRobotsOnWhiteSite
5050,16,21
timeStep,numberOfRobotsOnBlackSite,numberOfRobotsOnWhiteSite
5051,16,21
timeStep,numberOfRobotsOnBlackSite,numberOfRobotsOnWhiteSite
5052,16,21
timeStep,numberOfRobotsOnBlackSite,numberOfRobotsOnWhiteSite
5053,16,21
timeStep,numberOfRobotsOnBlackSite,numberOfRobotsOnWhiteSite
5054,16,21
timeStep,numberOfRobotsOnBlackSite,numberOfRobotsOnWhiteSite
5055,16,21
timeStep,numberOfRobotsOnBlackSite,numberOfRobotsOnWhiteSite
5056,16,21
timeStep,numberOfRobotsOnBlackSite,numberOfRobotsOnWhiteSite
5057,16,21
timeStep,numberOfRobotsOnBlackSite,numberOfRobotsOnWhiteSite
5058,16,21
timeStep,numberOfRobotsOnBlackSite,numberOfRobotsOnWhiteSite
5059,16,21
timeStep,numberOfRobotsOnBlackSite,numberOfRobotsOnWhiteSite
5060,16,21
timeStep,numberOfRobotsOnBlackSite,numberOfRobotsOnWhiteSite
5061,16,21
timeStep,numberOfRobotsOnBlackSite,numberOfRobotsOnWhiteSite
5062,16,21
timeStep,numberOfRobotsOnBlackSite,numberOfRobotsOnWhiteSite
5063,16,21
timeStep,numberOfRobotsOnBlackSite,numberOfRobotsOnWhiteSite
5064,16,21
timeStep,numberOfRobotsOnBlackSite,numberOfRobotsOnWhiteSite
5065,16,21
timeStep,numberOfRobotsOnBlackSite,numberOfRobotsOnWhiteSite
5066,16,21
timeStep,numberOfRobotsOnBlackSite,numberOfRobotsOnWhiteSite
5067,16,21
timeStep,numberOfRobotsOnBlackSite,numberOfRobotsOnWhiteSite
5068,16,21
timeStep,numberOfRobotsOnBlackSite,numberOfRobotsOnWhiteSite
5069,16,21
timeStep,numberOfRobotsOnBlackSite,numberOfRobotsOnWhiteSite
5070,16,21
timeStep,numberOfRobotsOnBlackSite,numberOfRobotsOnWhiteSite
5071,16,21
timeStep,numberOfRobotsOnBlackSite,numberOfRobotsOnWhiteSite
5072,16,21
timeStep,numberOfRobotsOnBlackSite,numberOfRobotsOnWhiteSite
5073,16,21
timeStep,numberOfRobotsOnBlackSite,numberOfRobotsOnWhiteSite
5074,16,21
timeStep,numberOfRobotsOnBlackSite,numberOfRobotsOnWhiteSite
5075,16,21
timeStep,numberOfRobotsOnBlackSite,numberOfRobotsOnWhiteSite
5076,16,21
timeStep,numberOfRobotsOnBlackSite,numberOfRobotsOnWhiteSite
5077,16,21
timeStep,numberOfRobotsOnBlackSite,numberOfRobotsOnWhiteSite
5078,16,21
timeStep,numberOfRobotsOnBlackSite,numberOfRobotsOnWhiteSite
5079,16,21
timeStep,numberOfRobotsOnBlackSite,numberOfRobotsOnWhiteSite
5080,16,21
timeStep,numberOfRobotsOnBlackSite,numberOfRobotsOnWhiteSite
5081,16,21
timeStep,numberOfRobotsOnBlackSite,numberOfRobotsOnWhiteSite
5082,16,21
timeStep,numberOfRobotsOnBlackSite,numberOfRobotsOnWhiteSite
5083,16,21
timeStep,numberOfRobotsOnBlackSite,numberOfRobotsOnWhiteSite
5084,16,21
timeStep,numberOfRobotsOnBlackSite,numberOfRobotsOnWhiteSite
5085,16,21
timeStep,numberOfRobotsOnBlackSite,numberOfRobotsOnWhiteSite
5086,16,21
timeStep,numberOfRobotsOnBlackSite,numberOfRobotsOnWhiteSite
5087,16,21
timeStep,numberOfRobotsOnBlackSite,numberOfRobotsOnWhiteSite
5088,16,21
timeStep,numberOfRobotsOnBlackSite,numberOfRobotsOnWhiteSite
5089,16,21
timeStep,numberOfRobotsOnBlackSite,numberOfRobotsOnWhiteSite
5090,17,21
timeStep,numberOfRobotsOnBlackSite,numberOfRobotsOnWhiteSite
5091,17,21
timeStep,numberOfRobotsOnBlackSite,numberOfRobotsOnWhiteSite
5092,17,21
timeStep,numberOfRobotsOnBlackSite,numberOfRobotsOnWhiteSite
5093,17,21
timeStep,numberOfRobotsOnBlackSite,numberOfRobotsOnWhiteSite
5094,17,21
timeStep,numberOfRobotsOnBlackSite,numberOfRobotsOnWhiteSite
5095,17,21
timeStep,numberOfRobotsOnBlackSite,numberOfRobotsOnWhiteSite
5096,17,21
timeStep,numberOfRobotsOnBlackSite,numberOfRobotsOnWhiteSite
5097,17,21
timeStep,numberOfRobotsOnBlackSite,numberOfRobotsOnWhiteSite
5098,17,21
timeStep,numberOfRobotsOnBlackSite,numberOfRobotsOnWhiteSite
5099,17,21
timeStep,numberOfRobotsOnBlackSite,numberOfRobotsOnWhiteSite
5100,17,21
timeStep,numberOfRobotsOnBlackSite,numberOfRobotsOnWhiteSite
5101,17,21
timeStep,numberOfRobotsOnBlackSite,numberOfRobotsOnWhiteSite
5102,17,21
timeStep,numberOfRobotsOnBlackSite,numberOfRobotsOnWhiteSite
5103,17,21
timeStep,numberOfRobotsOnBlackSite,numberOfRobotsOnWhiteSite
5104,17,21
timeStep,numberOfRobotsOnBlackSite,numberOfRobotsOnWhiteSite
5105,17,21
timeStep,numberOfRobotsOnBlackSite,numberOfRobotsOnWhiteSite
5106,17,21
timeStep,numberOfRobotsOnBlackSite,numberOfRobotsOnWhiteSite
5107,17,21
timeStep,numberOfRobotsOnBlackSite,numberOfRobotsOnWhiteSite
5108,17,21
timeStep,numberOfRobotsOnBlackSite,numberOfRobotsOnWhiteSite
5109,17,21
timeStep,numberOfRobotsOnBlackSite,numberOfRobotsOnWhiteSite
5110,17,21
timeStep,numberOfRobotsOnBlackSite,numberOfRobotsOnWhiteSite
5111,17,21
timeStep,numberOfRobotsOnBlackSite,numberOfRobotsOnWhiteSite
5112,17,21
timeStep,numberOfRobotsOnBlackSite,numberOfRobotsOnWhiteSite
5113,17,21
timeStep,numberOfRobotsOnBlackSite,numberOfRobotsOnWhiteSite
5114,17,21
timeStep,numberOfRobotsOnBlackSite,numberOfRobotsOnWhiteSite
5115,17,21
timeStep,numberOfRobotsOnBlackSite,numberOfRobotsOnWhiteSite
5116,17,21
timeStep,numberOfRobotsOnBlackSite,numberOfRobotsOnWhiteSite
5117,17,21
timeStep,numberOfRobotsOnBlackSite,numberOfRobotsOnWhiteSite
5118,17,21
timeStep,numberOfRobotsOnBlackSite,numberOfRobotsOnWhiteSite
5119,17,21
timeStep,numberOfRobotsOnBlackSite,numberOfRobotsOnWhiteSite
5120,17,21
timeStep,numberOfRobotsOnBlackSite,numberOfRobotsOnWhiteSite
5121,17,21
timeStep,numberOfRobotsOnBlackSite,numberOfRobotsOnWhiteSite
5122,17,21
timeStep,numberOfRobotsOnBlackSite,numberOfRobotsOnWhiteSite
5123,17,21
timeStep,numberOfRobotsOnBlackSite,numberOfRobotsOnWhiteSite
5124,17,21
timeStep,numberOfRobotsOnBlackSite,numberOfRobotsOnWhiteSite
5125,17,21
timeStep,numberOfRobotsOnBlackSite,numberOfRobotsOnWhiteSite
5126,17,21
timeStep,numberOfRobotsOnBlackSite,numberOfRobotsOnWhiteSite
5127,17,21
timeStep,numberOfRobotsOnBlackSite,numberOfRobotsOnWhiteSite
5128,17,21
timeStep,numberOfRobotsOnBlackSite,numberOfRobotsOnWhiteSite
5129,17,21
timeStep,numberOfRobotsOnBlackSite,numberOfRobotsOnWhiteSite
5130,17,21
timeStep,numberOfRobotsOnBlackSite,numberOfRobotsOnWhiteSite
5131,17,21
timeStep,numberOfRobotsOnBlackSite,numberOfRobotsOnWhiteSite
5132,17,21
timeStep,numberOfRobotsOnBlackSite,numberOfRobotsOnWhiteSite
5133,17,21
timeStep,numberOfRobotsOnBlackSite,numberOfRobotsOnWhiteSite
5134,17,21
timeStep,numberOfRobotsOnBlackSite,numberOfRobotsOnWhiteSite
5135,17,21
timeStep,numberOfRobotsOnBlackSite,numberOfRobotsOnWhiteSite
5136,17,21
timeStep,numberOfRobotsOnBlackSite,numberOfRobotsOnWhiteSite
5137,17,21
timeStep,numberOfRobotsOnBlackSite,numberOfRobotsOnWhiteSite
5138,17,21
timeStep,numberOfRobotsOnBlackSite,numberOfRobotsOnWhiteSite
5139,17,21
timeStep,numberOfRobotsOnBlackSite,numberOfRobotsOnWhiteSite
5140,17,21
timeStep,numberOfRobotsOnBlackSite,numberOfRobotsOnWhiteSite
5141,17,21
timeStep,numberOfRobotsOnBlackSite,numberOfRobotsOnWhiteSite
5142,17,21
timeStep,numberOfRobotsOnBlackSite,numberOfRobotsOnWhiteSite
5143,17,21
timeStep,numberOfRobotsOnBlackSite,numberOfRobotsOnWhiteSite
5144,17,21
timeStep,numberOfRobotsOnBlackSite,numberOfRobotsOnWhiteSite
5145,18,21
timeStep,numberOfRobotsOnBlackSite,numberOfRobotsOnWhiteSite
5146,18,21
timeStep,numberOfRobotsOnBlackSite,numberOfRobotsOnWhiteSite
5147,18,21
timeStep,numberOfRobotsOnBlackSite,numberOfRobotsOnWhiteSite
5148,18,21
timeStep,numberOfRobotsOnBlackSite,numberOfRobotsOnWhiteSite
5149,18,21
timeStep,numberOfRobotsOnBlackSite,numberOfRobotsOnWhiteSite
5150,18,21
timeStep,numberOfRobotsOnBlackSite,numberOfRobotsOnWhiteSite
5151,18,21
timeStep,numberOfRobotsOnBlackSite,numberOfRobotsOnWhiteSite
5152,18,21
timeStep,numberOfRobotsOnBlackSite,numberOfRobotsOnWhiteSite
5153,18,21
timeStep,numberOfRobotsOnBlackSite,numberOfRobotsOnWhiteSite
5154,18,21
timeStep,numberOfRobotsOnBlackSite,numberOfRobotsOnWhiteSite
5155,19,21
timeStep,numberOfRobotsOnBlackSite,numberOfRobotsOnWhiteSite
5156,19,21
timeStep,numberOfRobotsOnBlackSite,numberOfRobotsOnWhiteSite
5157,19,21
timeStep,numberOfRobotsOnBlackSite,numberOfRobotsOnWhiteSite
5158,19,21
timeStep,numberOfRobotsOnBlackSite,numberOfRobotsOnWhiteSite
5159,19,21
timeStep,numberOfRobotsOnBlackSite,numberOfRobotsOnWhiteSite
5160,19,21
timeStep,numberOfRobotsOnBlackSite,numberOfRobotsOnWhiteSite
5161,19,21
timeStep,numberOfRobotsOnBlackSite,numberOfRobotsOnWhiteSite
5162,19,21
timeStep,numberOfRobotsOnBlackSite,numberOfRobotsOnWhiteSite
5163,19,21
timeStep,numberOfRobotsOnBlackSite,numberOfRobotsOnWhiteSite
5164,19,21
timeStep,numberOfRobotsOnBlackSite,numberOfRobotsOnWhiteSite
5165,19,21
timeStep,numberOfRobotsOnBlackSite,numberOfRobotsOnWhiteSite
5166,19,21
timeStep,numberOfRobotsOnBlackSite,numberOfRobotsOnWhiteSite
5167,19,21
timeStep,numberOfRobotsOnBlackSite,numberOfRobotsOnWhiteSite
5168,19,21
timeStep,numberOfRobotsOnBlackSite,numberOfRobotsOnWhiteSite
5169,19,21
timeStep,numberOfRobotsOnBlackSite,numberOfRobotsOnWhiteSite
5170,19,21
timeStep,numberOfRobotsOnBlackSite,numberOfRobotsOnWhiteSite
5171,19,21
timeStep,numberOfRobotsOnBlackSite,numberOfRobotsOnWhiteSite
5172,19,21
timeStep,numberOfRobotsOnBlackSite,numberOfRobotsOnWhiteSite
5173,19,21
timeStep,numberOfRobotsOnBlackSite,numberOfRobotsOnWhiteSite
5174,19,21
timeStep,numberOfRobotsOnBlackSite,numberOfRobotsOnWhiteSite
5175,19,21
timeStep,numberOfRobotsOnBlackSite,numberOfRobotsOnWhiteSite
5176,19,21
timeStep,numberOfRobotsOnBlackSite,numberOfRobotsOnWhiteSite
5177,19,21
timeStep,numberOfRobotsOnBlackSite,numberOfRobotsOnWhiteSite
5178,19,21
timeStep,numberOfRobotsOnBlackSite,numberOfRobotsOnWhiteSite
5179,19,21
timeStep,numberOfRobotsOnBlackSite,numberOfRobotsOnWhiteSite
5180,19,21
timeStep,numberOfRobotsOnBlackSite,numberOfRobotsOnWhiteSite
5181,19,21
timeStep,numberOfRobotsOnBlackSite,numberOfRobotsOnWhiteSite
5182,19,21
timeStep,numberOfRobotsOnBlackSite,numberOfRobotsOnWhiteSite
5183,19,21
timeStep,numberOfRobotsOnBlackSite,numberOfRobotsOnWhiteSite
5184,19,21
timeStep,numberOfRobotsOnBlackSite,numberOfRobotsOnWhiteSite
5185,19,21
timeStep,numberOfRobotsOnBlackSite,numberOfRobotsOnWhiteSite
5186,19,21
timeStep,numberOfRobotsOnBlackSite,numberOfRobotsOnWhiteSite
5187,19,21
timeStep,numberOfRobotsOnBlackSite,numberOfRobotsOnWhiteSite
5188,19,21
timeStep,numberOfRobotsOnBlackSite,numberOfRobotsOnWhiteSite
5189,19,21
timeStep,numberOfRobotsOnBlackSite,numberOfRobotsOnWhiteSite
5190,19,21
timeStep,numberOfRobotsOnBlackSite,numberOfRobotsOnWhiteSite
5191,19,21
timeStep,numberOfRobotsOnBlackSite,numberOfRobotsOnWhiteSite
5192,19,21
timeStep,numberOfRobotsOnBlackSite,numberOfRobotsOnWhiteSite
5193,19,21
timeStep,numberOfRobotsOnBlackSite,numberOfRobotsOnWhiteSite
5194,19,21
timeStep,numberOfRobotsOnBlackSite,numberOfRobotsOnWhiteSite
5195,19,21
timeStep,numberOfRobotsOnBlackSite,numberOfRobotsOnWhiteSite
5196,19,21
timeStep,numberOfRobotsOnBlackSite,numberOfRobotsOnWhiteSite
5197,19,21
timeStep,numberOfRobotsOnBlackSite,numberOfRobotsOnWhiteSite
5198,19,21
timeStep,numberOfRobotsOnBlackSite,numberOfRobotsOnWhiteSite
5199,19,21
timeStep,numberOfRobotsOnBlackSite,numberOfRobotsOnWhiteSite
5200,19,21
timeStep,numberOfRobotsOnBlackSite,numberOfRobotsOnWhiteSite
5201,19,21
timeStep,numberOfRobotsOnBlackSite,numberOfRobotsOnWhiteSite
5202,19,21
timeStep,numberOfRobotsOnBlackSite,numberOfRobotsOnWhiteSite
5203,19,21
timeStep,numberOfRobotsOnBlackSite,numberOfRobotsOnWhiteSite
5204,19,21
timeStep,numberOfRobotsOnBlackSite,numberOfRobotsOnWhiteSite
5205,19,21
timeStep,numberOfRobotsOnBlackSite,numberOfRobotsOnWhiteSite
5206,19,21
timeStep,numberOfRobotsOnBlackSite,numberOfRobotsOnWhiteSite
5207,19,21
timeStep,numberOfRobotsOnBlackSite,numberOfRobotsOnWhiteSite
5208,19,21
timeStep,numberOfRobotsOnBlackSite,numberOfRobotsOnWhiteSite
5209,19,21
timeStep,numberOfRobotsOnBlackSite,numberOfRobotsOnWhiteSite
5210,19,21
timeStep,numberOfRobotsOnBlackSite,numberOfRobotsOnWhiteSite
5211,19,21
timeStep,numberOfRobotsOnBlackSite,numberOfRobotsOnWhiteSite
5212,19,21
timeStep,numberOfRobotsOnBlackSite,numberOfRobotsOnWhiteSite
5213,19,21
timeStep,numberOfRobotsOnBlackSite,numberOfRobotsOnWhiteSite
5214,19,21
timeStep,numberOfRobotsOnBlackSite,numberOfRobotsOnWhiteSite
5215,19,21
timeStep,numberOfRobotsOnBlackSite,numberOfRobotsOnWhiteSite
5216,19,21
timeStep,numberOfRobotsOnBlackSite,numberOfRobotsOnWhiteSite
5217,19,21
timeStep,numberOfRobotsOnBlackSite,numberOfRobotsOnWhiteSite
5218,19,21
timeStep,numberOfRobotsOnBlackSite,numberOfRobotsOnWhiteSite
5219,19,21
timeStep,numberOfRobotsOnBlackSite,numberOfRobotsOnWhiteSite
5220,19,21
timeStep,numberOfRobotsOnBlackSite,numberOfRobotsOnWhiteSite
5221,19,21
timeStep,numberOfRobotsOnBlackSite,numberOfRobotsOnWhiteSite
5222,19,21
timeStep,numberOfRobotsOnBlackSite,numberOfRobotsOnWhiteSite
5223,19,21
timeStep,numberOfRobotsOnBlackSite,numberOfRobotsOnWhiteSite
5224,19,21
timeStep,numberOfRobotsOnBlackSite,numberOfRobotsOnWhiteSite
5225,19,21
timeStep,numberOfRobotsOnBlackSite,numberOfRobotsOnWhiteSite
5226,19,21
timeStep,numberOfRobotsOnBlackSite,numberOfRobotsOnWhiteSite
5227,19,21
timeStep,numberOfRobotsOnBlackSite,numberOfRobotsOnWhiteSite
5228,19,21
timeStep,numberOfRobotsOnBlackSite,numberOfRobotsOnWhiteSite
5229,19,21
timeStep,numberOfRobotsOnBlackSite,numberOfRobotsOnWhiteSite
5230,19,21
timeStep,numberOfRobotsOnBlackSite,numberOfRobotsOnWhiteSite
5231,19,21
timeStep,numberOfRobotsOnBlackSite,numberOfRobotsOnWhiteSite
5232,19,21
timeStep,numberOfRobotsOnBlackSite,numberOfRobotsOnWhiteSite
5233,19,21
timeStep,numberOfRobotsOnBlackSite,numberOfRobotsOnWhiteSite
5234,19,21
timeStep,numberOfRobotsOnBlackSite,numberOfRobotsOnWhiteSite
5235,19,21
timeStep,numberOfRobotsOnBlackSite,numberOfRobotsOnWhiteSite
5236,19,21
timeStep,numberOfRobotsOnBlackSite,numberOfRobotsOnWhiteSite
5237,19,21
timeStep,numberOfRobotsOnBlackSite,numberOfRobotsOnWhiteSite
5238,19,21
timeStep,numberOfRobotsOnBlackSite,numberOfRobotsOnWhiteSite
5239,19,21
timeStep,numberOfRobotsOnBlackSite,numberOfRobotsOnWhiteSite
5240,19,21
timeStep,numberOfRobotsOnBlackSite,numberOfRobotsOnWhiteSite
5241,19,21
timeStep,numberOfRobotsOnBlackSite,numberOfRobotsOnWhiteSite
5242,19,21
timeStep,numberOfRobotsOnBlackSite,numberOfRobotsOnWhiteSite
5243,19,21
timeStep,numberOfRobotsOnBlackSite,numberOfRobotsOnWhiteSite
5244,19,21
timeStep,numberOfRobotsOnBlackSite,numberOfRobotsOnWhiteSite
5245,19,21
timeStep,numberOfRobotsOnBlackSite,numberOfRobotsOnWhiteSite
5246,19,21
timeStep,numberOfRobotsOnBlackSite,numberOfRobotsOnWhiteSite
5247,19,21
timeStep,numberOfRobotsOnBlackSite,numberOfRobotsOnWhiteSite
5248,19,21
timeStep,numberOfRobotsOnBlackSite,numberOfRobotsOnWhiteSite
5249,19,21
timeStep,numberOfRobotsOnBlackSite,numberOfRobotsOnWhiteSite
5250,19,21
timeStep,numberOfRobotsOnBlackSite,numberOfRobotsOnWhiteSite
5251,19,21
timeStep,numberOfRobotsOnBlackSite,numberOfRobotsOnWhiteSite
5252,19,21
timeStep,numberOfRobotsOnBlackSite,numberOfRobotsOnWhiteSite
5253,19,21
timeStep,numberOfRobotsOnBlackSite,numberOfRobotsOnWhiteSite
5254,19,21
timeStep,numberOfRobotsOnBlackSite,numberOfRobotsOnWhiteSite
5255,19,21
timeStep,numberOfRobotsOnBlackSite,numberOfRobotsOnWhiteSite
5256,19,21
timeStep,numberOfRobotsOnBlackSite,numberOfRobotsOnWhiteSite
5257,19,21
timeStep,numberOfRobotsOnBlackSite,numberOfRobotsOnWhiteSite
5258,19,21
timeStep,numberOfRobotsOnBlackSite,numberOfRobotsOnWhiteSite
5259,19,21
timeStep,numberOfRobotsOnBlackSite,numberOfRobotsOnWhiteSite
5260,19,21
timeStep,numberOfRobotsOnBlackSite,numberOfRobotsOnWhiteSite
5261,19,21
timeStep,numberOfRobotsOnBlackSite,numberOfRobotsOnWhiteSite
5262,19,21
timeStep,numberOfRobotsOnBlackSite,numberOfRobotsOnWhiteSite
5263,19,21
timeStep,numberOfRobotsOnBlackSite,numberOfRobotsOnWhiteSite
5264,19,21
timeStep,numberOfRobotsOnBlackSite,numberOfRobotsOnWhiteSite
5265,19,21
timeStep,numberOfRobotsOnBlackSite,numberOfRobotsOnWhiteSite
5266,19,21
timeStep,numberOfRobotsOnBlackSite,numberOfRobotsOnWhiteSite
5267,19,21
timeStep,numberOfRobotsOnBlackSite,numberOfRobotsOnWhiteSite
5268,19,21
timeStep,numberOfRobotsOnBlackSite,numberOfRobotsOnWhiteSite
5269,19,21
timeStep,numberOfRobotsOnBlackSite,numberOfRobotsOnWhiteSite
5270,19,21
timeStep,numberOfRobotsOnBlackSite,numberOfRobotsOnWhiteSite
5271,19,21
timeStep,numberOfRobotsOnBlackSite,numberOfRobotsOnWhiteSite
5272,19,21
timeStep,numberOfRobotsOnBlackSite,numberOfRobotsOnWhiteSite
5273,19,21
timeStep,numberOfRobotsOnBlackSite,numberOfRobotsOnWhiteSite
5274,19,21
timeStep,numberOfRobotsOnBlackSite,numberOfRobotsOnWhiteSite
5275,19,21
timeStep,numberOfRobotsOnBlackSite,numberOfRobotsOnWhiteSite
5276,19,21
timeStep,numberOfRobotsOnBlackSite,numberOfRobotsOnWhiteSite
5277,19,21
timeStep,numberOfRobotsOnBlackSite,numberOfRobotsOnWhiteSite
5278,19,21
timeStep,numberOfRobotsOnBlackSite,numberOfRobotsOnWhiteSite
5279,19,21
timeStep,numberOfRobotsOnBlackSite,numberOfRobotsOnWhiteSite
5280,19,21
timeStep,numberOfRobotsOnBlackSite,numberOfRobotsOnWhiteSite
5281,19,21
timeStep,numberOfRobotsOnBlackSite,numberOfRobotsOnWhiteSite
5282,19,21
timeStep,numberOfRobotsOnBlackSite,numberOfRobotsOnWhiteSite
5283,19,21
timeStep,numberOfRobotsOnBlackSite,numberOfRobotsOnWhiteSite
5284,19,21
timeStep,numberOfRobotsOnBlackSite,numberOfRobotsOnWhiteSite
5285,19,21
timeStep,numberOfRobotsOnBlackSite,numberOfRobotsOnWhiteSite
5286,19,21
timeStep,numberOfRobotsOnBlackSite,numberOfRobotsOnWhiteSite
5287,19,21
timeStep,numberOfRobotsOnBlackSite,numberOfRobotsOnWhiteSite
5288,19,21
timeStep,numberOfRobotsOnBlackSite,numberOfRobotsOnWhiteSite
5289,19,21
timeStep,numberOfRobotsOnBlackSite,numberOfRobotsOnWhiteSite
5290,19,21
timeStep,numberOfRobotsOnBlackSite,numberOfRobotsOnWhiteSite
5291,19,21
timeStep,numberOfRobotsOnBlackSite,numberOfRobotsOnWhiteSite
5292,19,21
timeStep,numberOfRobotsOnBlackSite,numberOfRobotsOnWhiteSite
5293,19,21
timeStep,numberOfRobotsOnBlackSite,numberOfRobotsOnWhiteSite
5294,19,21
timeStep,numberOfRobotsOnBlackSite,numberOfRobotsOnWhiteSite
5295,19,21
timeStep,numberOfRobotsOnBlackSite,numberOfRobotsOnWhiteSite
5296,19,21
timeStep,numberOfRobotsOnBlackSite,numberOfRobotsOnWhiteSite
5297,19,21
timeStep,numberOfRobotsOnBlackSite,numberOfRobotsOnWhiteSite
5298,19,21
timeStep,numberOfRobotsOnBlackSite,numberOfRobotsOnWhiteSite
5299,19,21
timeStep,numberOfRobotsOnBlackSite,numberOfRobotsOnWhiteSite
5300,19,21
timeStep,numberOfRobotsOnBlackSite,numberOfRobotsOnWhiteSite
5301,19,21
timeStep,numberOfRobotsOnBlackSite,numberOfRobotsOnWhiteSite
5302,19,21
timeStep,numberOfRobotsOnBlackSite,numberOfRobotsOnWhiteSite
5303,19,21
timeStep,numberOfRobotsOnBlackSite,numberOfRobotsOnWhiteSite
5304,19,21
timeStep,numberOfRobotsOnBlackSite,numberOfRobotsOnWhiteSite
5305,19,21
timeStep,numberOfRobotsOnBlackSite,numberOfRobotsOnWhiteSite
5306,19,21
timeStep,numberOfRobotsOnBlackSite,numberOfRobotsOnWhiteSite
5307,19,21
timeStep,numberOfRobotsOnBlackSite,numberOfRobotsOnWhiteSite
5308,19,21
timeStep,numberOfRobotsOnBlackSite,numberOfRobotsOnWhiteSite
5309,19,21
timeStep,numberOfRobotsOnBlackSite,numberOfRobotsOnWhiteSite
5310,19,21
timeStep,numberOfRobotsOnBlackSite,numberOfRobotsOnWhiteSite
5311,19,21
timeStep,numberOfRobotsOnBlackSite,numberOfRobotsOnWhiteSite
5312,19,21
timeStep,numberOfRobotsOnBlackSite,numberOfRobotsOnWhiteSite
5313,19,21
timeStep,numberOfRobotsOnBlackSite,numberOfRobotsOnWhiteSite
5314,19,21
timeStep,numberOfRobotsOnBlackSite,numberOfRobotsOnWhiteSite
5315,19,21
timeStep,numberOfRobotsOnBlackSite,numberOfRobotsOnWhiteSite
5316,19,21
timeStep,numberOfRobotsOnBlackSite,numberOfRobotsOnWhiteSite
5317,19,21
timeStep,numberOfRobotsOnBlackSite,numberOfRobotsOnWhiteSite
5318,19,21
timeStep,numberOfRobotsOnBlackSite,numberOfRobotsOnWhiteSite
5319,19,21
timeStep,numberOfRobotsOnBlackSite,numberOfRobotsOnWhiteSite
5320,19,21
timeStep,numberOfRobotsOnBlackSite,numberOfRobotsOnWhiteSite
5321,19,21
timeStep,numberOfRobotsOnBlackSite,numberOfRobotsOnWhiteSite
5322,19,21
timeStep,numberOfRobotsOnBlackSite,numberOfRobotsOnWhiteSite
5323,19,21
timeStep,numberOfRobotsOnBlackSite,numberOfRobotsOnWhiteSite
5324,19,21
timeStep,numberOfRobotsOnBlackSite,numberOfRobotsOnWhiteSite
5325,19,21
timeStep,numberOfRobotsOnBlackSite,numberOfRobotsOnWhiteSite
5326,19,21
timeStep,numberOfRobotsOnBlackSite,numberOfRobotsOnWhiteSite
5327,19,21
timeStep,numberOfRobotsOnBlackSite,numberOfRobotsOnWhiteSite
5328,19,21
timeStep,numberOfRobotsOnBlackSite,numberOfRobotsOnWhiteSite
5329,19,21
timeStep,numberOfRobotsOnBlackSite,numberOfRobotsOnWhiteSite
5330,19,21
timeStep,numberOfRobotsOnBlackSite,numberOfRobotsOnWhiteSite
5331,19,21
timeStep,numberOfRobotsOnBlackSite,numberOfRobotsOnWhiteSite
5332,19,21
timeStep,numberOfRobotsOnBlackSite,numberOfRobotsOnWhiteSite
5333,19,21
timeStep,numberOfRobotsOnBlackSite,numberOfRobotsOnWhiteSite
5334,19,21
timeStep,numberOfRobotsOnBlackSite,numberOfRobotsOnWhiteSite
5335,19,21
timeStep,numberOfRobotsOnBlackSite,numberOfRobotsOnWhiteSite
5336,19,21
timeStep,numberOfRobotsOnBlackSite,numberOfRobotsOnWhiteSite
5337,19,21
timeStep,numberOfRobotsOnBlackSite,numberOfRobotsOnWhiteSite
5338,19,21
timeStep,numberOfRobotsOnBlackSite,numberOfRobotsOnWhiteSite
5339,19,21
timeStep,numberOfRobotsOnBlackSite,numberOfRobotsOnWhiteSite
5340,19,21
timeStep,numberOfRobotsOnBlackSite,numberOfRobotsOnWhiteSite
5341,19,21
timeStep,numberOfRobotsOnBlackSite,numberOfRobotsOnWhiteSite
5342,19,21
timeStep,numberOfRobotsOnBlackSite,numberOfRobotsOnWhiteSite
5343,19,21
timeStep,numberOfRobotsOnBlackSite,numberOfRobotsOnWhiteSite
5344,19,21
timeStep,numberOfRobotsOnBlackSite,numberOfRobotsOnWhiteSite
5345,20,21
timeStep,numberOfRobotsOnBlackSite,numberOfRobotsOnWhiteSite
5346,20,21
timeStep,numberOfRobotsOnBlackSite,numberOfRobotsOnWhiteSite
5347,20,21
timeStep,numberOfRobotsOnBlackSite,numberOfRobotsOnWhiteSite
5348,20,21
timeStep,numberOfRobotsOnBlackSite,numberOfRobotsOnWhiteSite
5349,20,21
timeStep,numberOfRobotsOnBlackSite,numberOfRobotsOnWhiteSite
5350,20,21
timeStep,numberOfRobotsOnBlackSite,numberOfRobotsOnWhiteSite
5351,20,21
timeStep,numberOfRobotsOnBlackSite,numberOfRobotsOnWhiteSite
5352,20,21
timeStep,numberOfRobotsOnBlackSite,numberOfRobotsOnWhiteSite
5353,20,21
timeStep,numberOfRobotsOnBlackSite,numberOfRobotsOnWhiteSite
5354,20,21
timeStep,numberOfRobotsOnBlackSite,numberOfRobotsOnWhiteSite
5355,20,21
timeStep,numberOfRobotsOnBlackSite,numberOfRobotsOnWhiteSite
5356,20,21
timeStep,numberOfRobotsOnBlackSite,numberOfRobotsOnWhiteSite
5357,20,21
timeStep,numberOfRobotsOnBlackSite,numberOfRobotsOnWhiteSite
5358,20,21
timeStep,numberOfRobotsOnBlackSite,numberOfRobotsOnWhiteSite
5359,20,21
timeStep,numberOfRobotsOnBlackSite,numberOfRobotsOnWhiteSite
5360,20,21
timeStep,numberOfRobotsOnBlackSite,numberOfRobotsOnWhiteSite
5361,20,21
timeStep,numberOfRobotsOnBlackSite,numberOfRobotsOnWhiteSite
5362,20,21
timeStep,numberOfRobotsOnBlackSite,numberOfRobotsOnWhiteSite
5363,20,21
timeStep,numberOfRobotsOnBlackSite,numberOfRobotsOnWhiteSite
5364,20,21
timeStep,numberOfRobotsOnBlackSite,numberOfRobotsOnWhiteSite
5365,20,21
timeStep,numberOfRobotsOnBlackSite,numberOfRobotsOnWhiteSite
5366,20,21
timeStep,numberOfRobotsOnBlackSite,numberOfRobotsOnWhiteSite
5367,20,21
timeStep,numberOfRobotsOnBlackSite,numberOfRobotsOnWhiteSite
5368,20,21
timeStep,numberOfRobotsOnBlackSite,numberOfRobotsOnWhiteSite
5369,20,21
timeStep,numberOfRobotsOnBlackSite,numberOfRobotsOnWhiteSite
5370,20,21
timeStep,numberOfRobotsOnBlackSite,numberOfRobotsOnWhiteSite
5371,20,21
timeStep,numberOfRobotsOnBlackSite,numberOfRobotsOnWhiteSite
5372,20,21
timeStep,numberOfRobotsOnBlackSite,numberOfRobotsOnWhiteSite
5373,20,21
timeStep,numberOfRobotsOnBlackSite,numberOfRobotsOnWhiteSite
5374,20,21
timeStep,numberOfRobotsOnBlackSite,numberOfRobotsOnWhiteSite
5375,20,21
timeStep,numberOfRobotsOnBlackSite,numberOfRobotsOnWhiteSite
5376,20,21
timeStep,numberOfRobotsOnBlackSite,numberOfRobotsOnWhiteSite
5377,20,21
timeStep,numberOfRobotsOnBlackSite,numberOfRobotsOnWhiteSite
5378,20,21
timeStep,numberOfRobotsOnBlackSite,numberOfRobotsOnWhiteSite
5379,20,21
timeStep,numberOfRobotsOnBlackSite,numberOfRobotsOnWhiteSite
5380,20,21
timeStep,numberOfRobotsOnBlackSite,numberOfRobotsOnWhiteSite
5381,20,21
timeStep,numberOfRobotsOnBlackSite,numberOfRobotsOnWhiteSite
5382,20,21
timeStep,numberOfRobotsOnBlackSite,numberOfRobotsOnWhiteSite
5383,20,21
timeStep,numberOfRobotsOnBlackSite,numberOfRobotsOnWhiteSite
5384,20,21
timeStep,numberOfRobotsOnBlackSite,numberOfRobotsOnWhiteSite
5385,20,21
timeStep,numberOfRobotsOnBlackSite,numberOfRobotsOnWhiteSite
5386,20,21
timeStep,numberOfRobotsOnBlackSite,numberOfRobotsOnWhiteSite
5387,20,21
timeStep,numberOfRobotsOnBlackSite,numberOfRobotsOnWhiteSite
5388,20,21
timeStep,numberOfRobotsOnBlackSite,numberOfRobotsOnWhiteSite
5389,20,21
timeStep,numberOfRobotsOnBlackSite,numberOfRobotsOnWhiteSite
5390,20,21
timeStep,numberOfRobotsOnBlackSite,numberOfRobotsOnWhiteSite
5391,20,21
timeStep,numberOfRobotsOnBlackSite,numberOfRobotsOnWhiteSite
5392,20,21
timeStep,numberOfRobotsOnBlackSite,numberOfRobotsOnWhiteSite
5393,20,21
timeStep,numberOfRobotsOnBlackSite,numberOfRobotsOnWhiteSite
5394,20,21
timeStep,numberOfRobotsOnBlackSite,numberOfRobotsOnWhiteSite
5395,20,21
timeStep,numberOfRobotsOnBlackSite,numberOfRobotsOnWhiteSite
5396,20,21
timeStep,numberOfRobotsOnBlackSite,numberOfRobotsOnWhiteSite
5397,20,21
timeStep,numberOfRobotsOnBlackSite,numberOfRobotsOnWhiteSite
5398,20,21
timeStep,numberOfRobotsOnBlackSite,numberOfRobotsOnWhiteSite
5399,20,21
timeStep,numberOfRobotsOnBlackSite,numberOfRobotsOnWhiteSite
5400,20,21
timeStep,numberOfRobotsOnBlackSite,numberOfRobotsOnWhiteSite
5401,20,21
timeStep,numberOfRobotsOnBlackSite,numberOfRobotsOnWhiteSite
5402,20,21
timeStep,numberOfRobotsOnBlackSite,numberOfRobotsOnWhiteSite
5403,20,21
timeStep,numberOfRobotsOnBlackSite,numberOfRobotsOnWhiteSite
5404,20,21
timeStep,numberOfRobotsOnBlackSite,numberOfRobotsOnWhiteSite
5405,20,21
timeStep,numberOfRobotsOnBlackSite,numberOfRobotsOnWhiteSite
5406,20,21
timeStep,numberOfRobotsOnBlackSite,numberOfRobotsOnWhiteSite
5407,20,21
timeStep,numberOfRobotsOnBlackSite,numberOfRobotsOnWhiteSite
5408,20,21
timeStep,numberOfRobotsOnBlackSite,numberOfRobotsOnWhiteSite
5409,20,21
timeStep,numberOfRobotsOnBlackSite,numberOfRobotsOnWhiteSite
5410,20,21
timeStep,numberOfRobotsOnBlackSite,numberOfRobotsOnWhiteSite
5411,20,21
timeStep,numberOfRobotsOnBlackSite,numberOfRobotsOnWhiteSite
5412,20,21
timeStep,numberOfRobotsOnBlackSite,numberOfRobotsOnWhiteSite
5413,20,21
timeStep,numberOfRobotsOnBlackSite,numberOfRobotsOnWhiteSite
5414,20,21
timeStep,numberOfRobotsOnBlackSite,numberOfRobotsOnWhiteSite
5415,20,21
timeStep,numberOfRobotsOnBlackSite,numberOfRobotsOnWhiteSite
5416,20,21
timeStep,numberOfRobotsOnBlackSite,numberOfRobotsOnWhiteSite
5417,20,21
timeStep,numberOfRobotsOnBlackSite,numberOfRobotsOnWhiteSite
5418,20,21
timeStep,numberOfRobotsOnBlackSite,numberOfRobotsOnWhiteSite
5419,20,21
timeStep,numberOfRobotsOnBlackSite,numberOfRobotsOnWhiteSite
5420,20,21
timeStep,numberOfRobotsOnBlackSite,numberOfRobotsOnWhiteSite
5421,20,21
timeStep,numberOfRobotsOnBlackSite,numberOfRobotsOnWhiteSite
5422,20,21
timeStep,numberOfRobotsOnBlackSite,numberOfRobotsOnWhiteSite
5423,20,21
timeStep,numberOfRobotsOnBlackSite,numberOfRobotsOnWhiteSite
5424,20,21
timeStep,numberOfRobotsOnBlackSite,numberOfRobotsOnWhiteSite
5425,20,21
timeStep,numberOfRobotsOnBlackSite,numberOfRobotsOnWhiteSite
5426,20,21
timeStep,numberOfRobotsOnBlackSite,numberOfRobotsOnWhiteSite
5427,20,21
timeStep,numberOfRobotsOnBlackSite,numberOfRobotsOnWhiteSite
5428,20,21
timeStep,numberOfRobotsOnBlackSite,numberOfRobotsOnWhiteSite
5429,20,21
timeStep,numberOfRobotsOnBlackSite,numberOfRobotsOnWhiteSite
5430,20,21
timeStep,numberOfRobotsOnBlackSite,numberOfRobotsOnWhiteSite
5431,20,21
timeStep,numberOfRobotsOnBlackSite,numberOfRobotsOnWhiteSite
5432,20,21
timeStep,numberOfRobotsOnBlackSite,numberOfRobotsOnWhiteSite
5433,20,21
timeStep,numberOfRobotsOnBlackSite,numberOfRobotsOnWhiteSite
5434,20,21
timeStep,numberOfRobotsOnBlackSite,numberOfRobotsOnWhiteSite
5435,20,21
timeStep,numberOfRobotsOnBlackSite,numberOfRobotsOnWhiteSite
5436,20,21
timeStep,numberOfRobotsOnBlackSite,numberOfRobotsOnWhiteSite
5437,20,21
timeStep,numberOfRobotsOnBlackSite,numberOfRobotsOnWhiteSite
5438,20,21
timeStep,numberOfRobotsOnBlackSite,numberOfRobotsOnWhiteSite
5439,20,21
timeStep,numberOfRobotsOnBlackSite,numberOfRobotsOnWhiteSite
5440,20,21
timeStep,numberOfRobotsOnBlackSite,numberOfRobotsOnWhiteSite
5441,20,21
timeStep,numberOfRobotsOnBlackSite,numberOfRobotsOnWhiteSite
5442,20,21
timeStep,numberOfRobotsOnBlackSite,numberOfRobotsOnWhiteSite
5443,20,21
timeStep,numberOfRobotsOnBlackSite,numberOfRobotsOnWhiteSite
5444,20,21
timeStep,numberOfRobotsOnBlackSite,numberOfRobotsOnWhiteSite
5445,20,21
timeStep,numberOfRobotsOnBlackSite,numberOfRobotsOnWhiteSite
5446,20,21
timeStep,numberOfRobotsOnBlackSite,numberOfRobotsOnWhiteSite
5447,20,21
timeStep,numberOfRobotsOnBlackSite,numberOfRobotsOnWhiteSite
5448,20,21
timeStep,numberOfRobotsOnBlackSite,numberOfRobotsOnWhiteSite
5449,20,21
timeStep,numberOfRobotsOnBlackSite,numberOfRobotsOnWhiteSite
5450,20,21
timeStep,numberOfRobotsOnBlackSite,numberOfRobotsOnWhiteSite
5451,20,21
timeStep,numberOfRobotsOnBlackSite,numberOfRobotsOnWhiteSite
5452,20,21
timeStep,numberOfRobotsOnBlackSite,numberOfRobotsOnWhiteSite
5453,20,21
timeStep,numberOfRobotsOnBlackSite,numberOfRobotsOnWhiteSite
5454,20,21
timeStep,numberOfRobotsOnBlackSite,numberOfRobotsOnWhiteSite
5455,20,21
timeStep,numberOfRobotsOnBlackSite,numberOfRobotsOnWhiteSite
5456,20,21
timeStep,numberOfRobotsOnBlackSite,numberOfRobotsOnWhiteSite
5457,20,21
timeStep,numberOfRobotsOnBlackSite,numberOfRobotsOnWhiteSite
5458,20,21
timeStep,numberOfRobotsOnBlackSite,numberOfRobotsOnWhiteSite
5459,20,21
timeStep,numberOfRobotsOnBlackSite,numberOfRobotsOnWhiteSite
5460,20,21
timeStep,numberOfRobotsOnBlackSite,numberOfRobotsOnWhiteSite
5461,20,21
timeStep,numberOfRobotsOnBlackSite,numberOfRobotsOnWhiteSite
5462,20,21
timeStep,numberOfRobotsOnBlackSite,numberOfRobotsOnWhiteSite
5463,20,21
timeStep,numberOfRobotsOnBlackSite,numberOfRobotsOnWhiteSite
5464,20,21
timeStep,numberOfRobotsOnBlackSite,numberOfRobotsOnWhiteSite
5465,20,21
timeStep,numberOfRobotsOnBlackSite,numberOfRobotsOnWhiteSite
5466,20,21
timeStep,numberOfRobotsOnBlackSite,numberOfRobotsOnWhiteSite
5467,20,21
timeStep,numberOfRobotsOnBlackSite,numberOfRobotsOnWhiteSite
5468,20,21
timeStep,numberOfRobotsOnBlackSite,numberOfRobotsOnWhiteSite
5469,20,21
timeStep,numberOfRobotsOnBlackSite,numberOfRobotsOnWhiteSite
5470,20,21
timeStep,numberOfRobotsOnBlackSite,numberOfRobotsOnWhiteSite
5471,20,21
timeStep,numberOfRobotsOnBlackSite,numberOfRobotsOnWhiteSite
5472,20,21
timeStep,numberOfRobotsOnBlackSite,numberOfRobotsOnWhiteSite
5473,20,21
timeStep,numberOfRobotsOnBlackSite,numberOfRobotsOnWhiteSite
5474,20,21
timeStep,numberOfRobotsOnBlackSite,numberOfRobotsOnWhiteSite
5475,20,21
timeStep,numberOfRobotsOnBlackSite,numberOfRobotsOnWhiteSite
5476,20,21
timeStep,numberOfRobotsOnBlackSite,numberOfRobotsOnWhiteSite
5477,20,21
timeStep,numberOfRobotsOnBlackSite,numberOfRobotsOnWhiteSite
5478,20,21
timeStep,numberOfRobotsOnBlackSite,numberOfRobotsOnWhiteSite
5479,20,21
timeStep,numberOfRobotsOnBlackSite,numberOfRobotsOnWhiteSite
5480,20,21
timeStep,numberOfRobotsOnBlackSite,numberOfRobotsOnWhiteSite
5481,20,21
timeStep,numberOfRobotsOnBlackSite,numberOfRobotsOnWhiteSite
5482,20,21
timeStep,numberOfRobotsOnBlackSite,numberOfRobotsOnWhiteSite
5483,20,21
timeStep,numberOfRobotsOnBlackSite,numberOfRobotsOnWhiteSite
5484,20,21
timeStep,numberOfRobotsOnBlackSite,numberOfRobotsOnWhiteSite
5485,19,21
timeStep,numberOfRobotsOnBlackSite,numberOfRobotsOnWhiteSite
5486,19,21
timeStep,numberOfRobotsOnBlackSite,numberOfRobotsOnWhiteSite
5487,19,21
timeStep,numberOfRobotsOnBlackSite,numberOfRobotsOnWhiteSite
5488,19,21
timeStep,numberOfRobotsOnBlackSite,numberOfRobotsOnWhiteSite
5489,19,21
timeStep,numberOfRobotsOnBlackSite,numberOfRobotsOnWhiteSite
5490,18,21
timeStep,numberOfRobotsOnBlackSite,numberOfRobotsOnWhiteSite
5491,18,21
timeStep,numberOfRobotsOnBlackSite,numberOfRobotsOnWhiteSite
5492,18,21
timeStep,numberOfRobotsOnBlackSite,numberOfRobotsOnWhiteSite
5493,18,21
timeStep,numberOfRobotsOnBlackSite,numberOfRobotsOnWhiteSite
5494,18,21
timeStep,numberOfRobotsOnBlackSite,numberOfRobotsOnWhiteSite
5495,18,21
timeStep,numberOfRobotsOnBlackSite,numberOfRobotsOnWhiteSite
5496,18,21
timeStep,numberOfRobotsOnBlackSite,numberOfRobotsOnWhiteSite
5497,18,21
timeStep,numberOfRobotsOnBlackSite,numberOfRobotsOnWhiteSite
5498,18,21
timeStep,numberOfRobotsOnBlackSite,numberOfRobotsOnWhiteSite
5499,18,21
timeStep,numberOfRobotsOnBlackSite,numberOfRobotsOnWhiteSite
5500,18,21
timeStep,numberOfRobotsOnBlackSite,numberOfRobotsOnWhiteSite
5501,18,21
timeStep,numberOfRobotsOnBlackSite,numberOfRobotsOnWhiteSite
5502,18,21
timeStep,numberOfRobotsOnBlackSite,numberOfRobotsOnWhiteSite
5503,18,21
timeStep,numberOfRobotsOnBlackSite,numberOfRobotsOnWhiteSite
5504,18,21
timeStep,numberOfRobotsOnBlackSite,numberOfRobotsOnWhiteSite
5505,18,21
timeStep,numberOfRobotsOnBlackSite,numberOfRobotsOnWhiteSite
5506,18,21
timeStep,numberOfRobotsOnBlackSite,numberOfRobotsOnWhiteSite
5507,18,21
timeStep,numberOfRobotsOnBlackSite,numberOfRobotsOnWhiteSite
5508,18,21
timeStep,numberOfRobotsOnBlackSite,numberOfRobotsOnWhiteSite
5509,18,21
timeStep,numberOfRobotsOnBlackSite,numberOfRobotsOnWhiteSite
5510,18,21
timeStep,numberOfRobotsOnBlackSite,numberOfRobotsOnWhiteSite
5511,18,21
timeStep,numberOfRobotsOnBlackSite,numberOfRobotsOnWhiteSite
5512,18,21
timeStep,numberOfRobotsOnBlackSite,numberOfRobotsOnWhiteSite
5513,18,21
timeStep,numberOfRobotsOnBlackSite,numberOfRobotsOnWhiteSite
5514,18,21
timeStep,numberOfRobotsOnBlackSite,numberOfRobotsOnWhiteSite
5515,18,21
timeStep,numberOfRobotsOnBlackSite,numberOfRobotsOnWhiteSite
5516,18,21
timeStep,numberOfRobotsOnBlackSite,numberOfRobotsOnWhiteSite
5517,18,21
timeStep,numberOfRobotsOnBlackSite,numberOfRobotsOnWhiteSite
5518,18,21
timeStep,numberOfRobotsOnBlackSite,numberOfRobotsOnWhiteSite
5519,18,21
timeStep,numberOfRobotsOnBlackSite,numberOfRobotsOnWhiteSite
5520,18,21
timeStep,numberOfRobotsOnBlackSite,numberOfRobotsOnWhiteSite
5521,18,21
timeStep,numberOfRobotsOnBlackSite,numberOfRobotsOnWhiteSite
5522,18,21
timeStep,numberOfRobotsOnBlackSite,numberOfRobotsOnWhiteSite
5523,18,21
timeStep,numberOfRobotsOnBlackSite,numberOfRobotsOnWhiteSite
5524,18,21
timeStep,numberOfRobotsOnBlackSite,numberOfRobotsOnWhiteSite
5525,18,21
timeStep,numberOfRobotsOnBlackSite,numberOfRobotsOnWhiteSite
5526,18,21
timeStep,numberOfRobotsOnBlackSite,numberOfRobotsOnWhiteSite
5527,18,21
timeStep,numberOfRobotsOnBlackSite,numberOfRobotsOnWhiteSite
5528,18,21
timeStep,numberOfRobotsOnBlackSite,numberOfRobotsOnWhiteSite
5529,18,21
timeStep,numberOfRobotsOnBlackSite,numberOfRobotsOnWhiteSite
5530,18,21
timeStep,numberOfRobotsOnBlackSite,numberOfRobotsOnWhiteSite
5531,18,21
timeStep,numberOfRobotsOnBlackSite,numberOfRobotsOnWhiteSite
5532,18,21
timeStep,numberOfRobotsOnBlackSite,numberOfRobotsOnWhiteSite
5533,18,21
timeStep,numberOfRobotsOnBlackSite,numberOfRobotsOnWhiteSite
5534,18,21
timeStep,numberOfRobotsOnBlackSite,numberOfRobotsOnWhiteSite
5535,18,21
timeStep,numberOfRobotsOnBlackSite,numberOfRobotsOnWhiteSite
5536,18,21
timeStep,numberOfRobotsOnBlackSite,numberOfRobotsOnWhiteSite
5537,18,21
timeStep,numberOfRobotsOnBlackSite,numberOfRobotsOnWhiteSite
5538,18,21
timeStep,numberOfRobotsOnBlackSite,numberOfRobotsOnWhiteSite
5539,18,21
timeStep,numberOfRobotsOnBlackSite,numberOfRobotsOnWhiteSite
5540,18,21
timeStep,numberOfRobotsOnBlackSite,numberOfRobotsOnWhiteSite
5541,18,21
timeStep,numberOfRobotsOnBlackSite,numberOfRobotsOnWhiteSite
5542,18,21
timeStep,numberOfRobotsOnBlackSite,numberOfRobotsOnWhiteSite
5543,18,21
timeStep,numberOfRobotsOnBlackSite,numberOfRobotsOnWhiteSite
5544,18,21
timeStep,numberOfRobotsOnBlackSite,numberOfRobotsOnWhiteSite
5545,18,21
timeStep,numberOfRobotsOnBlackSite,numberOfRobotsOnWhiteSite
5546,18,21
timeStep,numberOfRobotsOnBlackSite,numberOfRobotsOnWhiteSite
5547,18,21
timeStep,numberOfRobotsOnBlackSite,numberOfRobotsOnWhiteSite
5548,18,21
timeStep,numberOfRobotsOnBlackSite,numberOfRobotsOnWhiteSite
5549,18,21
timeStep,numberOfRobotsOnBlackSite,numberOfRobotsOnWhiteSite
5550,18,22
timeStep,numberOfRobotsOnBlackSite,numberOfRobotsOnWhiteSite
5551,18,22
timeStep,numberOfRobotsOnBlackSite,numberOfRobotsOnWhiteSite
5552,18,22
timeStep,numberOfRobotsOnBlackSite,numberOfRobotsOnWhiteSite
5553,18,22
timeStep,numberOfRobotsOnBlackSite,numberOfRobotsOnWhiteSite
5554,18,22
timeStep,numberOfRobotsOnBlackSite,numberOfRobotsOnWhiteSite
5555,18,22
timeStep,numberOfRobotsOnBlackSite,numberOfRobotsOnWhiteSite
5556,18,22
timeStep,numberOfRobotsOnBlackSite,numberOfRobotsOnWhiteSite
5557,18,22
timeStep,numberOfRobotsOnBlackSite,numberOfRobotsOnWhiteSite
5558,18,22
timeStep,numberOfRobotsOnBlackSite,numberOfRobotsOnWhiteSite
5559,18,22
timeStep,numberOfRobotsOnBlackSite,numberOfRobotsOnWhiteSite
5560,18,22
timeStep,numberOfRobotsOnBlackSite,numberOfRobotsOnWhiteSite
5561,18,22
timeStep,numberOfRobotsOnBlackSite,numberOfRobotsOnWhiteSite
5562,18,22
timeStep,numberOfRobotsOnBlackSite,numberOfRobotsOnWhiteSite
5563,18,22
timeStep,numberOfRobotsOnBlackSite,numberOfRobotsOnWhiteSite
5564,18,22
timeStep,numberOfRobotsOnBlackSite,numberOfRobotsOnWhiteSite
5565,18,22
timeStep,numberOfRobotsOnBlackSite,numberOfRobotsOnWhiteSite
5566,18,22
timeStep,numberOfRobotsOnBlackSite,numberOfRobotsOnWhiteSite
5567,18,22
timeStep,numberOfRobotsOnBlackSite,numberOfRobotsOnWhiteSite
5568,18,22
timeStep,numberOfRobotsOnBlackSite,numberOfRobotsOnWhiteSite
5569,18,22
timeStep,numberOfRobotsOnBlackSite,numberOfRobotsOnWhiteSite
5570,18,22
timeStep,numberOfRobotsOnBlackSite,numberOfRobotsOnWhiteSite
5571,18,22
timeStep,numberOfRobotsOnBlackSite,numberOfRobotsOnWhiteSite
5572,18,22
timeStep,numberOfRobotsOnBlackSite,numberOfRobotsOnWhiteSite
5573,18,22
timeStep,numberOfRobotsOnBlackSite,numberOfRobotsOnWhiteSite
5574,18,22
timeStep,numberOfRobotsOnBlackSite,numberOfRobotsOnWhiteSite
5575,18,22
timeStep,numberOfRobotsOnBlackSite,numberOfRobotsOnWhiteSite
5576,18,22
timeStep,numberOfRobotsOnBlackSite,numberOfRobotsOnWhiteSite
5577,18,22
timeStep,numberOfRobotsOnBlackSite,numberOfRobotsOnWhiteSite
5578,18,22
timeStep,numberOfRobotsOnBlackSite,numberOfRobotsOnWhiteSite
5579,18,22
timeStep,numberOfRobotsOnBlackSite,numberOfRobotsOnWhiteSite
5580,18,22
timeStep,numberOfRobotsOnBlackSite,numberOfRobotsOnWhiteSite
5581,18,22
timeStep,numberOfRobotsOnBlackSite,numberOfRobotsOnWhiteSite
5582,18,22
timeStep,numberOfRobotsOnBlackSite,numberOfRobotsOnWhiteSite
5583,18,22
timeStep,numberOfRobotsOnBlackSite,numberOfRobotsOnWhiteSite
5584,18,22
timeStep,numberOfRobotsOnBlackSite,numberOfRobotsOnWhiteSite
5585,18,22
timeStep,numberOfRobotsOnBlackSite,numberOfRobotsOnWhiteSite
5586,18,22
timeStep,numberOfRobotsOnBlackSite,numberOfRobotsOnWhiteSite
5587,18,22
timeStep,numberOfRobotsOnBlackSite,numberOfRobotsOnWhiteSite
5588,18,22
timeStep,numberOfRobotsOnBlackSite,numberOfRobotsOnWhiteSite
5589,18,22
timeStep,numberOfRobotsOnBlackSite,numberOfRobotsOnWhiteSite
5590,18,22
timeStep,numberOfRobotsOnBlackSite,numberOfRobotsOnWhiteSite
5591,18,22
timeStep,numberOfRobotsOnBlackSite,numberOfRobotsOnWhiteSite
5592,18,22
timeStep,numberOfRobotsOnBlackSite,numberOfRobotsOnWhiteSite
5593,18,22
timeStep,numberOfRobotsOnBlackSite,numberOfRobotsOnWhiteSite
5594,18,22
timeStep,numberOfRobotsOnBlackSite,numberOfRobotsOnWhiteSite
5595,18,22
timeStep,numberOfRobotsOnBlackSite,numberOfRobotsOnWhiteSite
5596,18,22
timeStep,numberOfRobotsOnBlackSite,numberOfRobotsOnWhiteSite
5597,18,22
timeStep,numberOfRobotsOnBlackSite,numberOfRobotsOnWhiteSite
5598,18,22
timeStep,numberOfRobotsOnBlackSite,numberOfRobotsOnWhiteSite
5599,18,22
timeStep,numberOfRobotsOnBlackSite,numberOfRobotsOnWhiteSite
5600,18,22
timeStep,numberOfRobotsOnBlackSite,numberOfRobotsOnWhiteSite
5601,18,22
timeStep,numberOfRobotsOnBlackSite,numberOfRobotsOnWhiteSite
5602,18,22
timeStep,numberOfRobotsOnBlackSite,numberOfRobotsOnWhiteSite
5603,18,22
timeStep,numberOfRobotsOnBlackSite,numberOfRobotsOnWhiteSite
5604,18,22
timeStep,numberOfRobotsOnBlackSite,numberOfRobotsOnWhiteSite
5605,18,22
timeStep,numberOfRobotsOnBlackSite,numberOfRobotsOnWhiteSite
5606,18,22
timeStep,numberOfRobotsOnBlackSite,numberOfRobotsOnWhiteSite
5607,18,22
timeStep,numberOfRobotsOnBlackSite,numberOfRobotsOnWhiteSite
5608,18,22
timeStep,numberOfRobotsOnBlackSite,numberOfRobotsOnWhiteSite
5609,18,22
timeStep,numberOfRobotsOnBlackSite,numberOfRobotsOnWhiteSite
5610,18,22
timeStep,numberOfRobotsOnBlackSite,numberOfRobotsOnWhiteSite
5611,18,22
timeStep,numberOfRobotsOnBlackSite,numberOfRobotsOnWhiteSite
5612,18,22
timeStep,numberOfRobotsOnBlackSite,numberOfRobotsOnWhiteSite
5613,18,22
timeStep,numberOfRobotsOnBlackSite,numberOfRobotsOnWhiteSite
5614,18,22
timeStep,numberOfRobotsOnBlackSite,numberOfRobotsOnWhiteSite
5615,18,22
timeStep,numberOfRobotsOnBlackSite,numberOfRobotsOnWhiteSite
5616,18,22
timeStep,numberOfRobotsOnBlackSite,numberOfRobotsOnWhiteSite
5617,18,22
timeStep,numberOfRobotsOnBlackSite,numberOfRobotsOnWhiteSite
5618,18,22
timeStep,numberOfRobotsOnBlackSite,numberOfRobotsOnWhiteSite
5619,18,22
timeStep,numberOfRobotsOnBlackSite,numberOfRobotsOnWhiteSite
5620,18,22
timeStep,numberOfRobotsOnBlackSite,numberOfRobotsOnWhiteSite
5621,18,22
timeStep,numberOfRobotsOnBlackSite,numberOfRobotsOnWhiteSite
5622,18,22
timeStep,numberOfRobotsOnBlackSite,numberOfRobotsOnWhiteSite
5623,18,22
timeStep,numberOfRobotsOnBlackSite,numberOfRobotsOnWhiteSite
5624,18,22
timeStep,numberOfRobotsOnBlackSite,numberOfRobotsOnWhiteSite
5625,18,22
timeStep,numberOfRobotsOnBlackSite,numberOfRobotsOnWhiteSite
5626,18,22
timeStep,numberOfRobotsOnBlackSite,numberOfRobotsOnWhiteSite
5627,18,22
timeStep,numberOfRobotsOnBlackSite,numberOfRobotsOnWhiteSite
5628,18,22
timeStep,numberOfRobotsOnBlackSite,numberOfRobotsOnWhiteSite
5629,18,22
timeStep,numberOfRobotsOnBlackSite,numberOfRobotsOnWhiteSite
5630,18,22
timeStep,numberOfRobotsOnBlackSite,numberOfRobotsOnWhiteSite
5631,18,22
timeStep,numberOfRobotsOnBlackSite,numberOfRobotsOnWhiteSite
5632,18,22
timeStep,numberOfRobotsOnBlackSite,numberOfRobotsOnWhiteSite
5633,18,22
timeStep,numberOfRobotsOnBlackSite,numberOfRobotsOnWhiteSite
5634,18,22
timeStep,numberOfRobotsOnBlackSite,numberOfRobotsOnWhiteSite
5635,18,22
timeStep,numberOfRobotsOnBlackSite,numberOfRobotsOnWhiteSite
5636,18,22
timeStep,numberOfRobotsOnBlackSite,numberOfRobotsOnWhiteSite
5637,18,22
timeStep,numberOfRobotsOnBlackSite,numberOfRobotsOnWhiteSite
5638,18,22
timeStep,numberOfRobotsOnBlackSite,numberOfRobotsOnWhiteSite
5639,18,22
timeStep,numberOfRobotsOnBlackSite,numberOfRobotsOnWhiteSite
5640,18,22
timeStep,numberOfRobotsOnBlackSite,numberOfRobotsOnWhiteSite
5641,18,22
timeStep,numberOfRobotsOnBlackSite,numberOfRobotsOnWhiteSite
5642,18,22
timeStep,numberOfRobotsOnBlackSite,numberOfRobotsOnWhiteSite
5643,18,22
timeStep,numberOfRobotsOnBlackSite,numberOfRobotsOnWhiteSite
5644,18,22
timeStep,numberOfRobotsOnBlackSite,numberOfRobotsOnWhiteSite
5645,18,22
timeStep,numberOfRobotsOnBlackSite,numberOfRobotsOnWhiteSite
5646,18,22
timeStep,numberOfRobotsOnBlackSite,numberOfRobotsOnWhiteSite
5647,18,22
timeStep,numberOfRobotsOnBlackSite,numberOfRobotsOnWhiteSite
5648,18,22
timeStep,numberOfRobotsOnBlackSite,numberOfRobotsOnWhiteSite
5649,18,22
timeStep,numberOfRobotsOnBlackSite,numberOfRobotsOnWhiteSite
5650,18,22
timeStep,numberOfRobotsOnBlackSite,numberOfRobotsOnWhiteSite
5651,18,22
timeStep,numberOfRobotsOnBlackSite,numberOfRobotsOnWhiteSite
5652,18,22
timeStep,numberOfRobotsOnBlackSite,numberOfRobotsOnWhiteSite
5653,18,22
timeStep,numberOfRobotsOnBlackSite,numberOfRobotsOnWhiteSite
5654,18,22
timeStep,numberOfRobotsOnBlackSite,numberOfRobotsOnWhiteSite
5655,18,22
timeStep,numberOfRobotsOnBlackSite,numberOfRobotsOnWhiteSite
5656,18,22
timeStep,numberOfRobotsOnBlackSite,numberOfRobotsOnWhiteSite
5657,18,22
timeStep,numberOfRobotsOnBlackSite,numberOfRobotsOnWhiteSite
5658,18,22
timeStep,numberOfRobotsOnBlackSite,numberOfRobotsOnWhiteSite
5659,18,22
timeStep,numberOfRobotsOnBlackSite,numberOfRobotsOnWhiteSite
5660,18,22
timeStep,numberOfRobotsOnBlackSite,numberOfRobotsOnWhiteSite
5661,18,22
timeStep,numberOfRobotsOnBlackSite,numberOfRobotsOnWhiteSite
5662,18,22
timeStep,numberOfRobotsOnBlackSite,numberOfRobotsOnWhiteSite
5663,18,22
timeStep,numberOfRobotsOnBlackSite,numberOfRobotsOnWhiteSite
5664,18,22
timeStep,numberOfRobotsOnBlackSite,numberOfRobotsOnWhiteSite
5665,18,22
timeStep,numberOfRobotsOnBlackSite,numberOfRobotsOnWhiteSite
5666,18,22
timeStep,numberOfRobotsOnBlackSite,numberOfRobotsOnWhiteSite
5667,18,22
timeStep,numberOfRobotsOnBlackSite,numberOfRobotsOnWhiteSite
5668,18,22
timeStep,numberOfRobotsOnBlackSite,numberOfRobotsOnWhiteSite
5669,18,22
timeStep,numberOfRobotsOnBlackSite,numberOfRobotsOnWhiteSite
5670,18,22
timeStep,numberOfRobotsOnBlackSite,numberOfRobotsOnWhiteSite
5671,18,22
timeStep,numberOfRobotsOnBlackSite,numberOfRobotsOnWhiteSite
5672,18,22
timeStep,numberOfRobotsOnBlackSite,numberOfRobotsOnWhiteSite
5673,18,22
timeStep,numberOfRobotsOnBlackSite,numberOfRobotsOnWhiteSite
5674,18,22
timeStep,numberOfRobotsOnBlackSite,numberOfRobotsOnWhiteSite
5675,18,22
timeStep,numberOfRobotsOnBlackSite,numberOfRobotsOnWhiteSite
5676,18,22
timeStep,numberOfRobotsOnBlackSite,numberOfRobotsOnWhiteSite
5677,18,22
timeStep,numberOfRobotsOnBlackSite,numberOfRobotsOnWhiteSite
5678,18,22
timeStep,numberOfRobotsOnBlackSite,numberOfRobotsOnWhiteSite
5679,18,22
timeStep,numberOfRobotsOnBlackSite,numberOfRobotsOnWhiteSite
5680,18,22
timeStep,numberOfRobotsOnBlackSite,numberOfRobotsOnWhiteSite
5681,18,22
timeStep,numberOfRobotsOnBlackSite,numberOfRobotsOnWhiteSite
5682,18,22
timeStep,numberOfRobotsOnBlackSite,numberOfRobotsOnWhiteSite
5683,18,22
timeStep,numberOfRobotsOnBlackSite,numberOfRobotsOnWhiteSite
5684,18,22
timeStep,numberOfRobotsOnBlackSite,numberOfRobotsOnWhiteSite
5685,18,22
timeStep,numberOfRobotsOnBlackSite,numberOfRobotsOnWhiteSite
5686,18,22
timeStep,numberOfRobotsOnBlackSite,numberOfRobotsOnWhiteSite
5687,18,22
timeStep,numberOfRobotsOnBlackSite,numberOfRobotsOnWhiteSite
5688,18,22
timeStep,numberOfRobotsOnBlackSite,numberOfRobotsOnWhiteSite
5689,18,22
timeStep,numberOfRobotsOnBlackSite,numberOfRobotsOnWhiteSite
5690,18,22
timeStep,numberOfRobotsOnBlackSite,numberOfRobotsOnWhiteSite
5691,18,22
timeStep,numberOfRobotsOnBlackSite,numberOfRobotsOnWhiteSite
5692,18,22
timeStep,numberOfRobotsOnBlackSite,numberOfRobotsOnWhiteSite
5693,18,22
timeStep,numberOfRobotsOnBlackSite,numberOfRobotsOnWhiteSite
5694,18,22
timeStep,numberOfRobotsOnBlackSite,numberOfRobotsOnWhiteSite
5695,18,22
timeStep,numberOfRobotsOnBlackSite,numberOfRobotsOnWhiteSite
5696,18,22
timeStep,numberOfRobotsOnBlackSite,numberOfRobotsOnWhiteSite
5697,18,22
timeStep,numberOfRobotsOnBlackSite,numberOfRobotsOnWhiteSite
5698,18,22
timeStep,numberOfRobotsOnBlackSite,numberOfRobotsOnWhiteSite
5699,18,22
timeStep,numberOfRobotsOnBlackSite,numberOfRobotsOnWhiteSite
5700,18,22
timeStep,numberOfRobotsOnBlackSite,numberOfRobotsOnWhiteSite
5701,18,22
timeStep,numberOfRobotsOnBlackSite,numberOfRobotsOnWhiteSite
5702,18,22
timeStep,numberOfRobotsOnBlackSite,numberOfRobotsOnWhiteSite
5703,18,22
timeStep,numberOfRobotsOnBlackSite,numberOfRobotsOnWhiteSite
5704,18,22
timeStep,numberOfRobotsOnBlackSite,numberOfRobotsOnWhiteSite
5705,18,22
timeStep,numberOfRobotsOnBlackSite,numberOfRobotsOnWhiteSite
5706,18,22
timeStep,numberOfRobotsOnBlackSite,numberOfRobotsOnWhiteSite
5707,18,22
timeStep,numberOfRobotsOnBlackSite,numberOfRobotsOnWhiteSite
5708,18,22
timeStep,numberOfRobotsOnBlackSite,numberOfRobotsOnWhiteSite
5709,18,22
timeStep,numberOfRobotsOnBlackSite,numberOfRobotsOnWhiteSite
5710,18,22
timeStep,numberOfRobotsOnBlackSite,numberOfRobotsOnWhiteSite
5711,18,22
timeStep,numberOfRobotsOnBlackSite,numberOfRobotsOnWhiteSite
5712,18,22
timeStep,numberOfRobotsOnBlackSite,numberOfRobotsOnWhiteSite
5713,18,22
timeStep,numberOfRobotsOnBlackSite,numberOfRobotsOnWhiteSite
5714,18,22
timeStep,numberOfRobotsOnBlackSite,numberOfRobotsOnWhiteSite
5715,18,22
timeStep,numberOfRobotsOnBlackSite,numberOfRobotsOnWhiteSite
5716,18,22
timeStep,numberOfRobotsOnBlackSite,numberOfRobotsOnWhiteSite
5717,18,22
timeStep,numberOfRobotsOnBlackSite,numberOfRobotsOnWhiteSite
5718,18,22
timeStep,numberOfRobotsOnBlackSite,numberOfRobotsOnWhiteSite
5719,18,22
timeStep,numberOfRobotsOnBlackSite,numberOfRobotsOnWhiteSite
5720,18,22
timeStep,numberOfRobotsOnBlackSite,numberOfRobotsOnWhiteSite
5721,18,22
timeStep,numberOfRobotsOnBlackSite,numberOfRobotsOnWhiteSite
5722,18,22
timeStep,numberOfRobotsOnBlackSite,numberOfRobotsOnWhiteSite
5723,18,22
timeStep,numberOfRobotsOnBlackSite,numberOfRobotsOnWhiteSite
5724,18,22
timeStep,numberOfRobotsOnBlackSite,numberOfRobotsOnWhiteSite
5725,18,22
timeStep,numberOfRobotsOnBlackSite,numberOfRobotsOnWhiteSite
5726,18,22
timeStep,numberOfRobotsOnBlackSite,numberOfRobotsOnWhiteSite
5727,18,22
timeStep,numberOfRobotsOnBlackSite,numberOfRobotsOnWhiteSite
5728,18,22
timeStep,numberOfRobotsOnBlackSite,numberOfRobotsOnWhiteSite
5729,18,22
timeStep,numberOfRobotsOnBlackSite,numberOfRobotsOnWhiteSite
5730,18,22
timeStep,numberOfRobotsOnBlackSite,numberOfRobotsOnWhiteSite
5731,18,22
timeStep,numberOfRobotsOnBlackSite,numberOfRobotsOnWhiteSite
5732,18,22
timeStep,numberOfRobotsOnBlackSite,numberOfRobotsOnWhiteSite
5733,18,22
timeStep,numberOfRobotsOnBlackSite,numberOfRobotsOnWhiteSite
5734,18,22
timeStep,numberOfRobotsOnBlackSite,numberOfRobotsOnWhiteSite
5735,18,22
timeStep,numberOfRobotsOnBlackSite,numberOfRobotsOnWhiteSite
5736,18,22
timeStep,numberOfRobotsOnBlackSite,numberOfRobotsOnWhiteSite
5737,18,22
timeStep,numberOfRobotsOnBlackSite,numberOfRobotsOnWhiteSite
5738,18,22
timeStep,numberOfRobotsOnBlackSite,numberOfRobotsOnWhiteSite
5739,18,22
timeStep,numberOfRobotsOnBlackSite,numberOfRobotsOnWhiteSite
5740,18,22
timeStep,numberOfRobotsOnBlackSite,numberOfRobotsOnWhiteSite
5741,18,22
timeStep,numberOfRobotsOnBlackSite,numberOfRobotsOnWhiteSite
5742,18,22
timeStep,numberOfRobotsOnBlackSite,numberOfRobotsOnWhiteSite
5743,18,22
timeStep,numberOfRobotsOnBlackSite,numberOfRobotsOnWhiteSite
5744,18,22
timeStep,numberOfRobotsOnBlackSite,numberOfRobotsOnWhiteSite
5745,18,22
timeStep,numberOfRobotsOnBlackSite,numberOfRobotsOnWhiteSite
5746,18,22
timeStep,numberOfRobotsOnBlackSite,numberOfRobotsOnWhiteSite
5747,18,22
timeStep,numberOfRobotsOnBlackSite,numberOfRobotsOnWhiteSite
5748,18,22
timeStep,numberOfRobotsOnBlackSite,numberOfRobotsOnWhiteSite
5749,18,22
timeStep,numberOfRobotsOnBlackSite,numberOfRobotsOnWhiteSite
5750,18,22
timeStep,numberOfRobotsOnBlackSite,numberOfRobotsOnWhiteSite
5751,18,22
timeStep,numberOfRobotsOnBlackSite,numberOfRobotsOnWhiteSite
5752,18,22
timeStep,numberOfRobotsOnBlackSite,numberOfRobotsOnWhiteSite
5753,18,22
timeStep,numberOfRobotsOnBlackSite,numberOfRobotsOnWhiteSite
5754,18,22
timeStep,numberOfRobotsOnBlackSite,numberOfRobotsOnWhiteSite
5755,18,22
timeStep,numberOfRobotsOnBlackSite,numberOfRobotsOnWhiteSite
5756,18,22
timeStep,numberOfRobotsOnBlackSite,numberOfRobotsOnWhiteSite
5757,18,22
timeStep,numberOfRobotsOnBlackSite,numberOfRobotsOnWhiteSite
5758,18,22
timeStep,numberOfRobotsOnBlackSite,numberOfRobotsOnWhiteSite
5759,18,22
timeStep,numberOfRobotsOnBlackSite,numberOfRobotsOnWhiteSite
5760,18,22
timeStep,numberOfRobotsOnBlackSite,numberOfRobotsOnWhiteSite
5761,18,22
timeStep,numberOfRobotsOnBlackSite,numberOfRobotsOnWhiteSite
5762,18,22
timeStep,numberOfRobotsOnBlackSite,numberOfRobotsOnWhiteSite
5763,18,22
timeStep,numberOfRobotsOnBlackSite,numberOfRobotsOnWhiteSite
5764,18,22
timeStep,numberOfRobotsOnBlackSite,numberOfRobotsOnWhiteSite
5765,18,22
timeStep,numberOfRobotsOnBlackSite,numberOfRobotsOnWhiteSite
5766,18,22
timeStep,numberOfRobotsOnBlackSite,numberOfRobotsOnWhiteSite
5767,18,22
timeStep,numberOfRobotsOnBlackSite,numberOfRobotsOnWhiteSite
5768,18,22
timeStep,numberOfRobotsOnBlackSite,numberOfRobotsOnWhiteSite
5769,18,22
timeStep,numberOfRobotsOnBlackSite,numberOfRobotsOnWhiteSite
5770,18,22
timeStep,numberOfRobotsOnBlackSite,numberOfRobotsOnWhiteSite
5771,18,22
timeStep,numberOfRobotsOnBlackSite,numberOfRobotsOnWhiteSite
5772,18,22
timeStep,numberOfRobotsOnBlackSite,numberOfRobotsOnWhiteSite
5773,18,22
timeStep,numberOfRobotsOnBlackSite,numberOfRobotsOnWhiteSite
5774,18,22
timeStep,numberOfRobotsOnBlackSite,numberOfRobotsOnWhiteSite
5775,19,22
timeStep,numberOfRobotsOnBlackSite,numberOfRobotsOnWhiteSite
5776,19,22
timeStep,numberOfRobotsOnBlackSite,numberOfRobotsOnWhiteSite
5777,19,22
timeStep,numberOfRobotsOnBlackSite,numberOfRobotsOnWhiteSite
5778,19,22
timeStep,numberOfRobotsOnBlackSite,numberOfRobotsOnWhiteSite
5779,19,22
timeStep,numberOfRobotsOnBlackSite,numberOfRobotsOnWhiteSite
5780,19,22
timeStep,numberOfRobotsOnBlackSite,numberOfRobotsOnWhiteSite
5781,19,22
timeStep,numberOfRobotsOnBlackSite,numberOfRobotsOnWhiteSite
5782,19,22
timeStep,numberOfRobotsOnBlackSite,numberOfRobotsOnWhiteSite
5783,19,22
timeStep,numberOfRobotsOnBlackSite,numberOfRobotsOnWhiteSite
5784,19,22
timeStep,numberOfRobotsOnBlackSite,numberOfRobotsOnWhiteSite
5785,19,22
timeStep,numberOfRobotsOnBlackSite,numberOfRobotsOnWhiteSite
5786,19,22
timeStep,numberOfRobotsOnBlackSite,numberOfRobotsOnWhiteSite
5787,19,22
timeStep,numberOfRobotsOnBlackSite,numberOfRobotsOnWhiteSite
5788,19,22
timeStep,numberOfRobotsOnBlackSite,numberOfRobotsOnWhiteSite
5789,19,22
timeStep,numberOfRobotsOnBlackSite,numberOfRobotsOnWhiteSite
5790,19,22
timeStep,numberOfRobotsOnBlackSite,numberOfRobotsOnWhiteSite
5791,19,22
timeStep,numberOfRobotsOnBlackSite,numberOfRobotsOnWhiteSite
5792,19,22
timeStep,numberOfRobotsOnBlackSite,numberOfRobotsOnWhiteSite
5793,19,22
timeStep,numberOfRobotsOnBlackSite,numberOfRobotsOnWhiteSite
5794,19,22
timeStep,numberOfRobotsOnBlackSite,numberOfRobotsOnWhiteSite
5795,19,22
timeStep,numberOfRobotsOnBlackSite,numberOfRobotsOnWhiteSite
5796,19,22
timeStep,numberOfRobotsOnBlackSite,numberOfRobotsOnWhiteSite
5797,19,22
timeStep,numberOfRobotsOnBlackSite,numberOfRobotsOnWhiteSite
5798,19,22
timeStep,numberOfRobotsOnBlackSite,numberOfRobotsOnWhiteSite
5799,19,22
timeStep,numberOfRobotsOnBlackSite,numberOfRobotsOnWhiteSite
5800,19,22
timeStep,numberOfRobotsOnBlackSite,numberOfRobotsOnWhiteSite
5801,19,22
timeStep,numberOfRobotsOnBlackSite,numberOfRobotsOnWhiteSite
5802,19,22
timeStep,numberOfRobotsOnBlackSite,numberOfRobotsOnWhiteSite
5803,19,22
timeStep,numberOfRobotsOnBlackSite,numberOfRobotsOnWhiteSite
5804,19,22
timeStep,numberOfRobotsOnBlackSite,numberOfRobotsOnWhiteSite
5805,19,22
timeStep,numberOfRobotsOnBlackSite,numberOfRobotsOnWhiteSite
5806,19,22
timeStep,numberOfRobotsOnBlackSite,numberOfRobotsOnWhiteSite
5807,19,22
timeStep,numberOfRobotsOnBlackSite,numberOfRobotsOnWhiteSite
5808,19,22
timeStep,numberOfRobotsOnBlackSite,numberOfRobotsOnWhiteSite
5809,19,22
timeStep,numberOfRobotsOnBlackSite,numberOfRobotsOnWhiteSite
5810,19,22
timeStep,numberOfRobotsOnBlackSite,numberOfRobotsOnWhiteSite
5811,19,22
timeStep,numberOfRobotsOnBlackSite,numberOfRobotsOnWhiteSite
5812,19,22
timeStep,numberOfRobotsOnBlackSite,numberOfRobotsOnWhiteSite
5813,19,22
timeStep,numberOfRobotsOnBlackSite,numberOfRobotsOnWhiteSite
5814,19,22
timeStep,numberOfRobotsOnBlackSite,numberOfRobotsOnWhiteSite
5815,18,22
timeStep,numberOfRobotsOnBlackSite,numberOfRobotsOnWhiteSite
5816,18,22
timeStep,numberOfRobotsOnBlackSite,numberOfRobotsOnWhiteSite
5817,18,22
timeStep,numberOfRobotsOnBlackSite,numberOfRobotsOnWhiteSite
5818,18,22
timeStep,numberOfRobotsOnBlackSite,numberOfRobotsOnWhiteSite
5819,18,22
timeStep,numberOfRobotsOnBlackSite,numberOfRobotsOnWhiteSite
5820,18,22
timeStep,numberOfRobotsOnBlackSite,numberOfRobotsOnWhiteSite
5821,18,22
timeStep,numberOfRobotsOnBlackSite,numberOfRobotsOnWhiteSite
5822,18,22
timeStep,numberOfRobotsOnBlackSite,numberOfRobotsOnWhiteSite
5823,18,22
timeStep,numberOfRobotsOnBlackSite,numberOfRobotsOnWhiteSite
5824,18,22
timeStep,numberOfRobotsOnBlackSite,numberOfRobotsOnWhiteSite
5825,18,22
timeStep,numberOfRobotsOnBlackSite,numberOfRobotsOnWhiteSite
5826,18,22
timeStep,numberOfRobotsOnBlackSite,numberOfRobotsOnWhiteSite
5827,18,22
timeStep,numberOfRobotsOnBlackSite,numberOfRobotsOnWhiteSite
5828,18,22
timeStep,numberOfRobotsOnBlackSite,numberOfRobotsOnWhiteSite
5829,18,22
timeStep,numberOfRobotsOnBlackSite,numberOfRobotsOnWhiteSite
5830,18,22
timeStep,numberOfRobotsOnBlackSite,numberOfRobotsOnWhiteSite
5831,18,22
timeStep,numberOfRobotsOnBlackSite,numberOfRobotsOnWhiteSite
5832,18,22
timeStep,numberOfRobotsOnBlackSite,numberOfRobotsOnWhiteSite
5833,18,22
timeStep,numberOfRobotsOnBlackSite,numberOfRobotsOnWhiteSite
5834,18,22
timeStep,numberOfRobotsOnBlackSite,numberOfRobotsOnWhiteSite
5835,18,22
timeStep,numberOfRobotsOnBlackSite,numberOfRobotsOnWhiteSite
5836,18,22
timeStep,numberOfRobotsOnBlackSite,numberOfRobotsOnWhiteSite
5837,18,22
timeStep,numberOfRobotsOnBlackSite,numberOfRobotsOnWhiteSite
5838,18,22
timeStep,numberOfRobotsOnBlackSite,numberOfRobotsOnWhiteSite
5839,18,22
timeStep,numberOfRobotsOnBlackSite,numberOfRobotsOnWhiteSite
5840,17,22
timeStep,numberOfRobotsOnBlackSite,numberOfRobotsOnWhiteSite
5841,17,22
timeStep,numberOfRobotsOnBlackSite,numberOfRobotsOnWhiteSite
5842,17,22
timeStep,numberOfRobotsOnBlackSite,numberOfRobotsOnWhiteSite
5843,17,22
timeStep,numberOfRobotsOnBlackSite,numberOfRobotsOnWhiteSite
5844,17,22
timeStep,numberOfRobotsOnBlackSite,numberOfRobotsOnWhiteSite
5845,17,22
timeStep,numberOfRobotsOnBlackSite,numberOfRobotsOnWhiteSite
5846,17,22
timeStep,numberOfRobotsOnBlackSite,numberOfRobotsOnWhiteSite
5847,17,22
timeStep,numberOfRobotsOnBlackSite,numberOfRobotsOnWhiteSite
5848,17,22
timeStep,numberOfRobotsOnBlackSite,numberOfRobotsOnWhiteSite
5849,17,22
timeStep,numberOfRobotsOnBlackSite,numberOfRobotsOnWhiteSite
5850,17,22
timeStep,numberOfRobotsOnBlackSite,numberOfRobotsOnWhiteSite
5851,17,22
timeStep,numberOfRobotsOnBlackSite,numberOfRobotsOnWhiteSite
5852,17,22
timeStep,numberOfRobotsOnBlackSite,numberOfRobotsOnWhiteSite
5853,17,22
timeStep,numberOfRobotsOnBlackSite,numberOfRobotsOnWhiteSite
5854,17,22
timeStep,numberOfRobotsOnBlackSite,numberOfRobotsOnWhiteSite
5855,17,22
timeStep,numberOfRobotsOnBlackSite,numberOfRobotsOnWhiteSite
5856,17,22
timeStep,numberOfRobotsOnBlackSite,numberOfRobotsOnWhiteSite
5857,17,22
timeStep,numberOfRobotsOnBlackSite,numberOfRobotsOnWhiteSite
5858,17,22
timeStep,numberOfRobotsOnBlackSite,numberOfRobotsOnWhiteSite
5859,17,22
timeStep,numberOfRobotsOnBlackSite,numberOfRobotsOnWhiteSite
5860,17,22
timeStep,numberOfRobotsOnBlackSite,numberOfRobotsOnWhiteSite
5861,17,22
timeStep,numberOfRobotsOnBlackSite,numberOfRobotsOnWhiteSite
5862,17,22
timeStep,numberOfRobotsOnBlackSite,numberOfRobotsOnWhiteSite
5863,17,22
timeStep,numberOfRobotsOnBlackSite,numberOfRobotsOnWhiteSite
5864,17,22
timeStep,numberOfRobotsOnBlackSite,numberOfRobotsOnWhiteSite
5865,17,22
timeStep,numberOfRobotsOnBlackSite,numberOfRobotsOnWhiteSite
5866,17,22
timeStep,numberOfRobotsOnBlackSite,numberOfRobotsOnWhiteSite
5867,17,22
timeStep,numberOfRobotsOnBlackSite,numberOfRobotsOnWhiteSite
5868,17,22
timeStep,numberOfRobotsOnBlackSite,numberOfRobotsOnWhiteSite
5869,17,22
timeStep,numberOfRobotsOnBlackSite,numberOfRobotsOnWhiteSite
5870,17,22
timeStep,numberOfRobotsOnBlackSite,numberOfRobotsOnWhiteSite
5871,17,22
timeStep,numberOfRobotsOnBlackSite,numberOfRobotsOnWhiteSite
5872,17,22
timeStep,numberOfRobotsOnBlackSite,numberOfRobotsOnWhiteSite
5873,17,22
timeStep,numberOfRobotsOnBlackSite,numberOfRobotsOnWhiteSite
5874,17,22
timeStep,numberOfRobotsOnBlackSite,numberOfRobotsOnWhiteSite
5875,17,22
timeStep,numberOfRobotsOnBlackSite,numberOfRobotsOnWhiteSite
5876,17,22
timeStep,numberOfRobotsOnBlackSite,numberOfRobotsOnWhiteSite
5877,17,22
timeStep,numberOfRobotsOnBlackSite,numberOfRobotsOnWhiteSite
5878,17,22
timeStep,numberOfRobotsOnBlackSite,numberOfRobotsOnWhiteSite
5879,17,22
timeStep,numberOfRobotsOnBlackSite,numberOfRobotsOnWhiteSite
5880,18,22
timeStep,numberOfRobotsOnBlackSite,numberOfRobotsOnWhiteSite
5881,18,22
timeStep,numberOfRobotsOnBlackSite,numberOfRobotsOnWhiteSite
5882,18,22
timeStep,numberOfRobotsOnBlackSite,numberOfRobotsOnWhiteSite
5883,18,22
timeStep,numberOfRobotsOnBlackSite,numberOfRobotsOnWhiteSite
5884,18,22
timeStep,numberOfRobotsOnBlackSite,numberOfRobotsOnWhiteSite
5885,18,22
timeStep,numberOfRobotsOnBlackSite,numberOfRobotsOnWhiteSite
5886,18,22
timeStep,numberOfRobotsOnBlackSite,numberOfRobotsOnWhiteSite
5887,18,22
timeStep,numberOfRobotsOnBlackSite,numberOfRobotsOnWhiteSite
5888,18,22
timeStep,numberOfRobotsOnBlackSite,numberOfRobotsOnWhiteSite
5889,18,22
timeStep,numberOfRobotsOnBlackSite,numberOfRobotsOnWhiteSite
5890,18,22
timeStep,numberOfRobotsOnBlackSite,numberOfRobotsOnWhiteSite
5891,18,22
timeStep,numberOfRobotsOnBlackSite,numberOfRobotsOnWhiteSite
5892,18,22
timeStep,numberOfRobotsOnBlackSite,numberOfRobotsOnWhiteSite
5893,18,22
timeStep,numberOfRobotsOnBlackSite,numberOfRobotsOnWhiteSite
5894,18,22
timeStep,numberOfRobotsOnBlackSite,numberOfRobotsOnWhiteSite
5895,18,22
timeStep,numberOfRobotsOnBlackSite,numberOfRobotsOnWhiteSite
5896,18,22
timeStep,numberOfRobotsOnBlackSite,numberOfRobotsOnWhiteSite
5897,18,22
timeStep,numberOfRobotsOnBlackSite,numberOfRobotsOnWhiteSite
5898,18,22
timeStep,numberOfRobotsOnBlackSite,numberOfRobotsOnWhiteSite
5899,18,22
timeStep,numberOfRobotsOnBlackSite,numberOfRobotsOnWhiteSite
5900,18,22
timeStep,numberOfRobotsOnBlackSite,numberOfRobotsOnWhiteSite
5901,18,22
timeStep,numberOfRobotsOnBlackSite,numberOfRobotsOnWhiteSite
5902,18,22
timeStep,numberOfRobotsOnBlackSite,numberOfRobotsOnWhiteSite
5903,18,22
timeStep,numberOfRobotsOnBlackSite,numberOfRobotsOnWhiteSite
5904,18,22
timeStep,numberOfRobotsOnBlackSite,numberOfRobotsOnWhiteSite
5905,18,22
timeStep,numberOfRobotsOnBlackSite,numberOfRobotsOnWhiteSite
5906,18,22
timeStep,numberOfRobotsOnBlackSite,numberOfRobotsOnWhiteSite
5907,18,22
timeStep,numberOfRobotsOnBlackSite,numberOfRobotsOnWhiteSite
5908,18,22
timeStep,numberOfRobotsOnBlackSite,numberOfRobotsOnWhiteSite
5909,18,22
timeStep,numberOfRobotsOnBlackSite,numberOfRobotsOnWhiteSite
5910,18,22
timeStep,numberOfRobotsOnBlackSite,numberOfRobotsOnWhiteSite
5911,18,22
timeStep,numberOfRobotsOnBlackSite,numberOfRobotsOnWhiteSite
5912,18,22
timeStep,numberOfRobotsOnBlackSite,numberOfRobotsOnWhiteSite
5913,18,22
timeStep,numberOfRobotsOnBlackSite,numberOfRobotsOnWhiteSite
5914,18,22
timeStep,numberOfRobotsOnBlackSite,numberOfRobotsOnWhiteSite
5915,18,22
timeStep,numberOfRobotsOnBlackSite,numberOfRobotsOnWhiteSite
5916,18,22
timeStep,numberOfRobotsOnBlackSite,numberOfRobotsOnWhiteSite
5917,18,22
timeStep,numberOfRobotsOnBlackSite,numberOfRobotsOnWhiteSite
5918,18,22
timeStep,numberOfRobotsOnBlackSite,numberOfRobotsOnWhiteSite
5919,18,22
timeStep,numberOfRobotsOnBlackSite,numberOfRobotsOnWhiteSite
5920,18,22
timeStep,numberOfRobotsOnBlackSite,numberOfRobotsOnWhiteSite
5921,18,22
timeStep,numberOfRobotsOnBlackSite,numberOfRobotsOnWhiteSite
5922,18,22
timeStep,numberOfRobotsOnBlackSite,numberOfRobotsOnWhiteSite
5923,18,22
timeStep,numberOfRobotsOnBlackSite,numberOfRobotsOnWhiteSite
5924,18,22
timeStep,numberOfRobotsOnBlackSite,numberOfRobotsOnWhiteSite
5925,18,22
timeStep,numberOfRobotsOnBlackSite,numberOfRobotsOnWhiteSite
5926,18,22
timeStep,numberOfRobotsOnBlackSite,numberOfRobotsOnWhiteSite
5927,18,22
timeStep,numberOfRobotsOnBlackSite,numberOfRobotsOnWhiteSite
5928,18,22
timeStep,numberOfRobotsOnBlackSite,numberOfRobotsOnWhiteSite
5929,18,22
timeStep,numberOfRobotsOnBlackSite,numberOfRobotsOnWhiteSite
5930,18,22
timeStep,numberOfRobotsOnBlackSite,numberOfRobotsOnWhiteSite
5931,18,22
timeStep,numberOfRobotsOnBlackSite,numberOfRobotsOnWhiteSite
5932,18,22
timeStep,numberOfRobotsOnBlackSite,numberOfRobotsOnWhiteSite
5933,18,22
timeStep,numberOfRobotsOnBlackSite,numberOfRobotsOnWhiteSite
5934,18,22
timeStep,numberOfRobotsOnBlackSite,numberOfRobotsOnWhiteSite
5935,18,22
timeStep,numberOfRobotsOnBlackSite,numberOfRobotsOnWhiteSite
5936,18,22
timeStep,numberOfRobotsOnBlackSite,numberOfRobotsOnWhiteSite
5937,18,22
timeStep,numberOfRobotsOnBlackSite,numberOfRobotsOnWhiteSite
5938,18,22
timeStep,numberOfRobotsOnBlackSite,numberOfRobotsOnWhiteSite
5939,18,22
timeStep,numberOfRobotsOnBlackSite,numberOfRobotsOnWhiteSite
5940,18,22
timeStep,numberOfRobotsOnBlackSite,numberOfRobotsOnWhiteSite
5941,18,22
timeStep,numberOfRobotsOnBlackSite,numberOfRobotsOnWhiteSite
5942,18,22
timeStep,numberOfRobotsOnBlackSite,numberOfRobotsOnWhiteSite
5943,18,22
timeStep,numberOfRobotsOnBlackSite,numberOfRobotsOnWhiteSite
5944,18,22
timeStep,numberOfRobotsOnBlackSite,numberOfRobotsOnWhiteSite
5945,18,22
timeStep,numberOfRobotsOnBlackSite,numberOfRobotsOnWhiteSite
5946,18,22
timeStep,numberOfRobotsOnBlackSite,numberOfRobotsOnWhiteSite
5947,18,22
timeStep,numberOfRobotsOnBlackSite,numberOfRobotsOnWhiteSite
5948,18,22
timeStep,numberOfRobotsOnBlackSite,numberOfRobotsOnWhiteSite
5949,18,22
timeStep,numberOfRobotsOnBlackSite,numberOfRobotsOnWhiteSite
5950,18,22
timeStep,numberOfRobotsOnBlackSite,numberOfRobotsOnWhiteSite
5951,18,22
timeStep,numberOfRobotsOnBlackSite,numberOfRobotsOnWhiteSite
5952,18,22
timeStep,numberOfRobotsOnBlackSite,numberOfRobotsOnWhiteSite
5953,18,22
timeStep,numberOfRobotsOnBlackSite,numberOfRobotsOnWhiteSite
5954,18,22
timeStep,numberOfRobotsOnBlackSite,numberOfRobotsOnWhiteSite
5955,18,22
timeStep,numberOfRobotsOnBlackSite,numberOfRobotsOnWhiteSite
5956,18,22
timeStep,numberOfRobotsOnBlackSite,numberOfRobotsOnWhiteSite
5957,18,22
timeStep,numberOfRobotsOnBlackSite,numberOfRobotsOnWhiteSite
5958,18,22
timeStep,numberOfRobotsOnBlackSite,numberOfRobotsOnWhiteSite
5959,18,22
timeStep,numberOfRobotsOnBlackSite,numberOfRobotsOnWhiteSite
5960,18,22
timeStep,numberOfRobotsOnBlackSite,numberOfRobotsOnWhiteSite
5961,18,22
timeStep,numberOfRobotsOnBlackSite,numberOfRobotsOnWhiteSite
5962,18,22
timeStep,numberOfRobotsOnBlackSite,numberOfRobotsOnWhiteSite
5963,18,22
timeStep,numberOfRobotsOnBlackSite,numberOfRobotsOnWhiteSite
5964,18,22
timeStep,numberOfRobotsOnBlackSite,numberOfRobotsOnWhiteSite
5965,18,22
timeStep,numberOfRobotsOnBlackSite,numberOfRobotsOnWhiteSite
5966,18,22
timeStep,numberOfRobotsOnBlackSite,numberOfRobotsOnWhiteSite
5967,18,22
timeStep,numberOfRobotsOnBlackSite,numberOfRobotsOnWhiteSite
5968,18,22
timeStep,numberOfRobotsOnBlackSite,numberOfRobotsOnWhiteSite
5969,18,22
timeStep,numberOfRobotsOnBlackSite,numberOfRobotsOnWhiteSite
5970,18,22
timeStep,numberOfRobotsOnBlackSite,numberOfRobotsOnWhiteSite
5971,18,22
timeStep,numberOfRobotsOnBlackSite,numberOfRobotsOnWhiteSite
5972,18,22
timeStep,numberOfRobotsOnBlackSite,numberOfRobotsOnWhiteSite
5973,18,22
timeStep,numberOfRobotsOnBlackSite,numberOfRobotsOnWhiteSite
5974,18,22
timeStep,numberOfRobotsOnBlackSite,numberOfRobotsOnWhiteSite
5975,18,22
timeStep,numberOfRobotsOnBlackSite,numberOfRobotsOnWhiteSite
5976,18,22
timeStep,numberOfRobotsOnBlackSite,numberOfRobotsOnWhiteSite
5977,18,22
timeStep,numberOfRobotsOnBlackSite,numberOfRobotsOnWhiteSite
5978,18,22
timeStep,numberOfRobotsOnBlackSite,numberOfRobotsOnWhiteSite
5979,18,22
timeStep,numberOfRobotsOnBlackSite,numberOfRobotsOnWhiteSite
5980,18,22
timeStep,numberOfRobotsOnBlackSite,numberOfRobotsOnWhiteSite
5981,18,22
timeStep,numberOfRobotsOnBlackSite,numberOfRobotsOnWhiteSite
5982,18,22
timeStep,numberOfRobotsOnBlackSite,numberOfRobotsOnWhiteSite
5983,18,22
timeStep,numberOfRobotsOnBlackSite,numberOfRobotsOnWhiteSite
5984,18,22
timeStep,numberOfRobotsOnBlackSite,numberOfRobotsOnWhiteSite
5985,18,22
timeStep,numberOfRobotsOnBlackSite,numberOfRobotsOnWhiteSite
5986,18,22
timeStep,numberOfRobotsOnBlackSite,numberOfRobotsOnWhiteSite
5987,18,22
timeStep,numberOfRobotsOnBlackSite,numberOfRobotsOnWhiteSite
5988,18,22
timeStep,numberOfRobotsOnBlackSite,numberOfRobotsOnWhiteSite
5989,18,22
timeStep,numberOfRobotsOnBlackSite,numberOfRobotsOnWhiteSite
5990,18,22
timeStep,numberOfRobotsOnBlackSite,numberOfRobotsOnWhiteSite
5991,18,22
timeStep,numberOfRobotsOnBlackSite,numberOfRobotsOnWhiteSite
5992,18,22
timeStep,numberOfRobotsOnBlackSite,numberOfRobotsOnWhiteSite
5993,18,22
timeStep,numberOfRobotsOnBlackSite,numberOfRobotsOnWhiteSite
5994,18,22
timeStep,numberOfRobotsOnBlackSite,numberOfRobotsOnWhiteSite
5995,18,22
timeStep,numberOfRobotsOnBlackSite,numberOfRobotsOnWhiteSite
5996,18,22
timeStep,numberOfRobotsOnBlackSite,numberOfRobotsOnWhiteSite
5997,18,22
timeStep,numberOfRobotsOnBlackSite,numberOfRobotsOnWhiteSite
5998,18,22
timeStep,numberOfRobotsOnBlackSite,numberOfRobotsOnWhiteSite
5999,18,22
timeStep,numberOfRobotsOnBlackSite,numberOfRobotsOnWhiteSite
6000,18,22
timeStep,numberOfRobotsOnBlackSite,numberOfRobotsOnWhiteSite
6001,18,22
timeStep,numberOfRobotsOnBlackSite,numberOfRobotsOnWhiteSite
6002,18,22
timeStep,numberOfRobotsOnBlackSite,numberOfRobotsOnWhiteSite
6003,18,22
timeStep,numberOfRobotsOnBlackSite,numberOfRobotsOnWhiteSite
6004,18,22
timeStep,numberOfRobotsOnBlackSite,numberOfRobotsOnWhiteSite
6005,18,22
timeStep,numberOfRobotsOnBlackSite,numberOfRobotsOnWhiteSite
6006,18,22
timeStep,numberOfRobotsOnBlackSite,numberOfRobotsOnWhiteSite
6007,18,22
timeStep,numberOfRobotsOnBlackSite,numberOfRobotsOnWhiteSite
6008,18,22
timeStep,numberOfRobotsOnBlackSite,numberOfRobotsOnWhiteSite
6009,18,22
timeStep,numberOfRobotsOnBlackSite,numberOfRobotsOnWhiteSite
6010,18,22
timeStep,numberOfRobotsOnBlackSite,numberOfRobotsOnWhiteSite
6011,18,22
timeStep,numberOfRobotsOnBlackSite,numberOfRobotsOnWhiteSite
6012,18,22
timeStep,numberOfRobotsOnBlackSite,numberOfRobotsOnWhiteSite
6013,18,22
timeStep,numberOfRobotsOnBlackSite,numberOfRobotsOnWhiteSite
6014,18,22
timeStep,numberOfRobotsOnBlackSite,numberOfRobotsOnWhiteSite
6015,18,22
timeStep,numberOfRobotsOnBlackSite,numberOfRobotsOnWhiteSite
6016,18,22
timeStep,numberOfRobotsOnBlackSite,numberOfRobotsOnWhiteSite
6017,18,22
timeStep,numberOfRobotsOnBlackSite,numberOfRobotsOnWhiteSite
6018,18,22
timeStep,numberOfRobotsOnBlackSite,numberOfRobotsOnWhiteSite
6019,18,22
timeStep,numberOfRobotsOnBlackSite,numberOfRobotsOnWhiteSite
6020,18,22
timeStep,numberOfRobotsOnBlackSite,numberOfRobotsOnWhiteSite
6021,18,22
timeStep,numberOfRobotsOnBlackSite,numberOfRobotsOnWhiteSite
6022,18,22
timeStep,numberOfRobotsOnBlackSite,numberOfRobotsOnWhiteSite
6023,18,22
timeStep,numberOfRobotsOnBlackSite,numberOfRobotsOnWhiteSite
6024,18,22
timeStep,numberOfRobotsOnBlackSite,numberOfRobotsOnWhiteSite
6025,18,22
timeStep,numberOfRobotsOnBlackSite,numberOfRobotsOnWhiteSite
6026,18,22
timeStep,numberOfRobotsOnBlackSite,numberOfRobotsOnWhiteSite
6027,18,22
timeStep,numberOfRobotsOnBlackSite,numberOfRobotsOnWhiteSite
6028,18,22
timeStep,numberOfRobotsOnBlackSite,numberOfRobotsOnWhiteSite
6029,18,22
timeStep,numberOfRobotsOnBlackSite,numberOfRobotsOnWhiteSite
6030,18,22
timeStep,numberOfRobotsOnBlackSite,numberOfRobotsOnWhiteSite
6031,18,22
timeStep,numberOfRobotsOnBlackSite,numberOfRobotsOnWhiteSite
6032,18,22
timeStep,numberOfRobotsOnBlackSite,numberOfRobotsOnWhiteSite
6033,18,22
timeStep,numberOfRobotsOnBlackSite,numberOfRobotsOnWhiteSite
6034,18,22
timeStep,numberOfRobotsOnBlackSite,numberOfRobotsOnWhiteSite
6035,18,22
timeStep,numberOfRobotsOnBlackSite,numberOfRobotsOnWhiteSite
6036,18,22
timeStep,numberOfRobotsOnBlackSite,numberOfRobotsOnWhiteSite
6037,18,22
timeStep,numberOfRobotsOnBlackSite,numberOfRobotsOnWhiteSite
6038,18,22
timeStep,numberOfRobotsOnBlackSite,numberOfRobotsOnWhiteSite
6039,18,22
timeStep,numberOfRobotsOnBlackSite,numberOfRobotsOnWhiteSite
6040,18,22
timeStep,numberOfRobotsOnBlackSite,numberOfRobotsOnWhiteSite
6041,18,22
timeStep,numberOfRobotsOnBlackSite,numberOfRobotsOnWhiteSite
6042,18,22
timeStep,numberOfRobotsOnBlackSite,numberOfRobotsOnWhiteSite
6043,18,22
timeStep,numberOfRobotsOnBlackSite,numberOfRobotsOnWhiteSite
6044,18,22
timeStep,numberOfRobotsOnBlackSite,numberOfRobotsOnWhiteSite
6045,18,22
timeStep,numberOfRobotsOnBlackSite,numberOfRobotsOnWhiteSite
6046,18,22
timeStep,numberOfRobotsOnBlackSite,numberOfRobotsOnWhiteSite
6047,18,22
timeStep,numberOfRobotsOnBlackSite,numberOfRobotsOnWhiteSite
6048,18,22
timeStep,numberOfRobotsOnBlackSite,numberOfRobotsOnWhiteSite
6049,18,22
timeStep,numberOfRobotsOnBlackSite,numberOfRobotsOnWhiteSite
6050,18,22
timeStep,numberOfRobotsOnBlackSite,numberOfRobotsOnWhiteSite
6051,18,22
timeStep,numberOfRobotsOnBlackSite,numberOfRobotsOnWhiteSite
6052,18,22
timeStep,numberOfRobotsOnBlackSite,numberOfRobotsOnWhiteSite
6053,18,22
timeStep,numberOfRobotsOnBlackSite,numberOfRobotsOnWhiteSite
6054,18,22
timeStep,numberOfRobotsOnBlackSite,numberOfRobotsOnWhiteSite
6055,18,22
timeStep,numberOfRobotsOnBlackSite,numberOfRobotsOnWhiteSite
6056,18,22
timeStep,numberOfRobotsOnBlackSite,numberOfRobotsOnWhiteSite
6057,18,22
timeStep,numberOfRobotsOnBlackSite,numberOfRobotsOnWhiteSite
6058,18,22
timeStep,numberOfRobotsOnBlackSite,numberOfRobotsOnWhiteSite
6059,18,22
timeStep,numberOfRobotsOnBlackSite,numberOfRobotsOnWhiteSite
6060,19,22
timeStep,numberOfRobotsOnBlackSite,numberOfRobotsOnWhiteSite
6061,19,22
timeStep,numberOfRobotsOnBlackSite,numberOfRobotsOnWhiteSite
6062,19,22
timeStep,numberOfRobotsOnBlackSite,numberOfRobotsOnWhiteSite
6063,19,22
timeStep,numberOfRobotsOnBlackSite,numberOfRobotsOnWhiteSite
6064,19,22
timeStep,numberOfRobotsOnBlackSite,numberOfRobotsOnWhiteSite
6065,19,22
timeStep,numberOfRobotsOnBlackSite,numberOfRobotsOnWhiteSite
6066,19,22
timeStep,numberOfRobotsOnBlackSite,numberOfRobotsOnWhiteSite
6067,19,22
timeStep,numberOfRobotsOnBlackSite,numberOfRobotsOnWhiteSite
6068,19,22
timeStep,numberOfRobotsOnBlackSite,numberOfRobotsOnWhiteSite
6069,19,22
timeStep,numberOfRobotsOnBlackSite,numberOfRobotsOnWhiteSite
6070,19,22
timeStep,numberOfRobotsOnBlackSite,numberOfRobotsOnWhiteSite
6071,19,22
timeStep,numberOfRobotsOnBlackSite,numberOfRobotsOnWhiteSite
6072,19,22
timeStep,numberOfRobotsOnBlackSite,numberOfRobotsOnWhiteSite
6073,19,22
timeStep,numberOfRobotsOnBlackSite,numberOfRobotsOnWhiteSite
6074,19,22
timeStep,numberOfRobotsOnBlackSite,numberOfRobotsOnWhiteSite
6075,19,22
timeStep,numberOfRobotsOnBlackSite,numberOfRobotsOnWhiteSite
6076,19,22
timeStep,numberOfRobotsOnBlackSite,numberOfRobotsOnWhiteSite
6077,19,22
timeStep,numberOfRobotsOnBlackSite,numberOfRobotsOnWhiteSite
6078,19,22
timeStep,numberOfRobotsOnBlackSite,numberOfRobotsOnWhiteSite
6079,19,22
timeStep,numberOfRobotsOnBlackSite,numberOfRobotsOnWhiteSite
6080,19,22
timeStep,numberOfRobotsOnBlackSite,numberOfRobotsOnWhiteSite
6081,19,22
timeStep,numberOfRobotsOnBlackSite,numberOfRobotsOnWhiteSite
6082,19,22
timeStep,numberOfRobotsOnBlackSite,numberOfRobotsOnWhiteSite
6083,19,22
timeStep,numberOfRobotsOnBlackSite,numberOfRobotsOnWhiteSite
6084,19,22
timeStep,numberOfRobotsOnBlackSite,numberOfRobotsOnWhiteSite
6085,19,22
timeStep,numberOfRobotsOnBlackSite,numberOfRobotsOnWhiteSite
6086,19,22
timeStep,numberOfRobotsOnBlackSite,numberOfRobotsOnWhiteSite
6087,19,22
timeStep,numberOfRobotsOnBlackSite,numberOfRobotsOnWhiteSite
6088,19,22
timeStep,numberOfRobotsOnBlackSite,numberOfRobotsOnWhiteSite
6089,19,22
timeStep,numberOfRobotsOnBlackSite,numberOfRobotsOnWhiteSite
6090,19,22
timeStep,numberOfRobotsOnBlackSite,numberOfRobotsOnWhiteSite
6091,19,22
timeStep,numberOfRobotsOnBlackSite,numberOfRobotsOnWhiteSite
6092,19,22
timeStep,numberOfRobotsOnBlackSite,numberOfRobotsOnWhiteSite
6093,19,22
timeStep,numberOfRobotsOnBlackSite,numberOfRobotsOnWhiteSite
6094,19,22
timeStep,numberOfRobotsOnBlackSite,numberOfRobotsOnWhiteSite
6095,19,22
timeStep,numberOfRobotsOnBlackSite,numberOfRobotsOnWhiteSite
6096,19,22
timeStep,numberOfRobotsOnBlackSite,numberOfRobotsOnWhiteSite
6097,19,22
timeStep,numberOfRobotsOnBlackSite,numberOfRobotsOnWhiteSite
6098,19,22
timeStep,numberOfRobotsOnBlackSite,numberOfRobotsOnWhiteSite
6099,19,22
timeStep,numberOfRobotsOnBlackSite,numberOfRobotsOnWhiteSite
6100,19,21
timeStep,numberOfRobotsOnBlackSite,numberOfRobotsOnWhiteSite
6101,19,21
timeStep,numberOfRobotsOnBlackSite,numberOfRobotsOnWhiteSite
6102,19,21
timeStep,numberOfRobotsOnBlackSite,numberOfRobotsOnWhiteSite
6103,19,21
timeStep,numberOfRobotsOnBlackSite,numberOfRobotsOnWhiteSite
6104,19,21
timeStep,numberOfRobotsOnBlackSite,numberOfRobotsOnWhiteSite
6105,20,21
timeStep,numberOfRobotsOnBlackSite,numberOfRobotsOnWhiteSite
6106,20,21
timeStep,numberOfRobotsOnBlackSite,numberOfRobotsOnWhiteSite
6107,20,21
timeStep,numberOfRobotsOnBlackSite,numberOfRobotsOnWhiteSite
6108,20,21
timeStep,numberOfRobotsOnBlackSite,numberOfRobotsOnWhiteSite
6109,20,21
timeStep,numberOfRobotsOnBlackSite,numberOfRobotsOnWhiteSite
6110,20,21
timeStep,numberOfRobotsOnBlackSite,numberOfRobotsOnWhiteSite
6111,20,21
timeStep,numberOfRobotsOnBlackSite,numberOfRobotsOnWhiteSite
6112,20,21
timeStep,numberOfRobotsOnBlackSite,numberOfRobotsOnWhiteSite
6113,20,21
timeStep,numberOfRobotsOnBlackSite,numberOfRobotsOnWhiteSite
6114,20,21
timeStep,numberOfRobotsOnBlackSite,numberOfRobotsOnWhiteSite
6115,20,21
timeStep,numberOfRobotsOnBlackSite,numberOfRobotsOnWhiteSite
6116,20,21
timeStep,numberOfRobotsOnBlackSite,numberOfRobotsOnWhiteSite
6117,20,21
timeStep,numberOfRobotsOnBlackSite,numberOfRobotsOnWhiteSite
6118,20,21
timeStep,numberOfRobotsOnBlackSite,numberOfRobotsOnWhiteSite
6119,20,21
timeStep,numberOfRobotsOnBlackSite,numberOfRobotsOnWhiteSite
6120,20,21
timeStep,numberOfRobotsOnBlackSite,numberOfRobotsOnWhiteSite
6121,20,21
timeStep,numberOfRobotsOnBlackSite,numberOfRobotsOnWhiteSite
6122,20,21
timeStep,numberOfRobotsOnBlackSite,numberOfRobotsOnWhiteSite
6123,20,21
timeStep,numberOfRobotsOnBlackSite,numberOfRobotsOnWhiteSite
6124,20,21
timeStep,numberOfRobotsOnBlackSite,numberOfRobotsOnWhiteSite
6125,20,21
timeStep,numberOfRobotsOnBlackSite,numberOfRobotsOnWhiteSite
6126,20,21
timeStep,numberOfRobotsOnBlackSite,numberOfRobotsOnWhiteSite
6127,20,21
timeStep,numberOfRobotsOnBlackSite,numberOfRobotsOnWhiteSite
6128,20,21
timeStep,numberOfRobotsOnBlackSite,numberOfRobotsOnWhiteSite
6129,20,21
timeStep,numberOfRobotsOnBlackSite,numberOfRobotsOnWhiteSite
6130,20,21
timeStep,numberOfRobotsOnBlackSite,numberOfRobotsOnWhiteSite
6131,20,21
timeStep,numberOfRobotsOnBlackSite,numberOfRobotsOnWhiteSite
6132,20,21
timeStep,numberOfRobotsOnBlackSite,numberOfRobotsOnWhiteSite
6133,20,21
timeStep,numberOfRobotsOnBlackSite,numberOfRobotsOnWhiteSite
6134,20,21
timeStep,numberOfRobotsOnBlackSite,numberOfRobotsOnWhiteSite
6135,20,21
timeStep,numberOfRobotsOnBlackSite,numberOfRobotsOnWhiteSite
6136,20,21
timeStep,numberOfRobotsOnBlackSite,numberOfRobotsOnWhiteSite
6137,20,21
timeStep,numberOfRobotsOnBlackSite,numberOfRobotsOnWhiteSite
6138,20,21
timeStep,numberOfRobotsOnBlackSite,numberOfRobotsOnWhiteSite
6139,20,21
timeStep,numberOfRobotsOnBlackSite,numberOfRobotsOnWhiteSite
6140,19,21
timeStep,numberOfRobotsOnBlackSite,numberOfRobotsOnWhiteSite
6141,19,21
timeStep,numberOfRobotsOnBlackSite,numberOfRobotsOnWhiteSite
6142,19,21
timeStep,numberOfRobotsOnBlackSite,numberOfRobotsOnWhiteSite
6143,19,21
timeStep,numberOfRobotsOnBlackSite,numberOfRobotsOnWhiteSite
6144,19,21
timeStep,numberOfRobotsOnBlackSite,numberOfRobotsOnWhiteSite
6145,19,21
timeStep,numberOfRobotsOnBlackSite,numberOfRobotsOnWhiteSite
6146,19,21
timeStep,numberOfRobotsOnBlackSite,numberOfRobotsOnWhiteSite
6147,19,21
timeStep,numberOfRobotsOnBlackSite,numberOfRobotsOnWhiteSite
6148,19,21
timeStep,numberOfRobotsOnBlackSite,numberOfRobotsOnWhiteSite
6149,19,21
timeStep,numberOfRobotsOnBlackSite,numberOfRobotsOnWhiteSite
6150,19,21
timeStep,numberOfRobotsOnBlackSite,numberOfRobotsOnWhiteSite
6151,19,21
timeStep,numberOfRobotsOnBlackSite,numberOfRobotsOnWhiteSite
6152,19,21
timeStep,numberOfRobotsOnBlackSite,numberOfRobotsOnWhiteSite
6153,19,21
timeStep,numberOfRobotsOnBlackSite,numberOfRobotsOnWhiteSite
6154,19,21
timeStep,numberOfRobotsOnBlackSite,numberOfRobotsOnWhiteSite
6155,19,21
timeStep,numberOfRobotsOnBlackSite,numberOfRobotsOnWhiteSite
6156,19,21
timeStep,numberOfRobotsOnBlackSite,numberOfRobotsOnWhiteSite
6157,19,21
timeStep,numberOfRobotsOnBlackSite,numberOfRobotsOnWhiteSite
6158,19,21
timeStep,numberOfRobotsOnBlackSite,numberOfRobotsOnWhiteSite
6159,19,21
timeStep,numberOfRobotsOnBlackSite,numberOfRobotsOnWhiteSite
6160,19,21
timeStep,numberOfRobotsOnBlackSite,numberOfRobotsOnWhiteSite
6161,19,21
timeStep,numberOfRobotsOnBlackSite,numberOfRobotsOnWhiteSite
6162,19,21
timeStep,numberOfRobotsOnBlackSite,numberOfRobotsOnWhiteSite
6163,19,21
timeStep,numberOfRobotsOnBlackSite,numberOfRobotsOnWhiteSite
6164,19,21
timeStep,numberOfRobotsOnBlackSite,numberOfRobotsOnWhiteSite
6165,19,21
timeStep,numberOfRobotsOnBlackSite,numberOfRobotsOnWhiteSite
6166,19,21
timeStep,numberOfRobotsOnBlackSite,numberOfRobotsOnWhiteSite
6167,19,21
timeStep,numberOfRobotsOnBlackSite,numberOfRobotsOnWhiteSite
6168,19,21
timeStep,numberOfRobotsOnBlackSite,numberOfRobotsOnWhiteSite
6169,19,21
timeStep,numberOfRobotsOnBlackSite,numberOfRobotsOnWhiteSite
6170,19,20
timeStep,numberOfRobotsOnBlackSite,numberOfRobotsOnWhiteSite
6171,19,20
timeStep,numberOfRobotsOnBlackSite,numberOfRobotsOnWhiteSite
6172,19,20
timeStep,numberOfRobotsOnBlackSite,numberOfRobotsOnWhiteSite
6173,19,20
timeStep,numberOfRobotsOnBlackSite,numberOfRobotsOnWhiteSite
6174,19,20
timeStep,numberOfRobotsOnBlackSite,numberOfRobotsOnWhiteSite
6175,19,20
timeStep,numberOfRobotsOnBlackSite,numberOfRobotsOnWhiteSite
6176,19,20
timeStep,numberOfRobotsOnBlackSite,numberOfRobotsOnWhiteSite
6177,19,20
timeStep,numberOfRobotsOnBlackSite,numberOfRobotsOnWhiteSite
6178,19,20
timeStep,numberOfRobotsOnBlackSite,numberOfRobotsOnWhiteSite
6179,19,20
timeStep,numberOfRobotsOnBlackSite,numberOfRobotsOnWhiteSite
6180,19,20
timeStep,numberOfRobotsOnBlackSite,numberOfRobotsOnWhiteSite
6181,19,20
timeStep,numberOfRobotsOnBlackSite,numberOfRobotsOnWhiteSite
6182,19,20
timeStep,numberOfRobotsOnBlackSite,numberOfRobotsOnWhiteSite
6183,19,20
timeStep,numberOfRobotsOnBlackSite,numberOfRobotsOnWhiteSite
6184,19,20
timeStep,numberOfRobotsOnBlackSite,numberOfRobotsOnWhiteSite
6185,19,20
timeStep,numberOfRobotsOnBlackSite,numberOfRobotsOnWhiteSite
6186,19,20
timeStep,numberOfRobotsOnBlackSite,numberOfRobotsOnWhiteSite
6187,19,20
timeStep,numberOfRobotsOnBlackSite,numberOfRobotsOnWhiteSite
6188,19,20
timeStep,numberOfRobotsOnBlackSite,numberOfRobotsOnWhiteSite
6189,19,20
timeStep,numberOfRobotsOnBlackSite,numberOfRobotsOnWhiteSite
6190,19,20
timeStep,numberOfRobotsOnBlackSite,numberOfRobotsOnWhiteSite
6191,19,20
timeStep,numberOfRobotsOnBlackSite,numberOfRobotsOnWhiteSite
6192,19,20
timeStep,numberOfRobotsOnBlackSite,numberOfRobotsOnWhiteSite
6193,19,20
timeStep,numberOfRobotsOnBlackSite,numberOfRobotsOnWhiteSite
6194,19,20
timeStep,numberOfRobotsOnBlackSite,numberOfRobotsOnWhiteSite
6195,19,20
timeStep,numberOfRobotsOnBlackSite,numberOfRobotsOnWhiteSite
6196,19,20
timeStep,numberOfRobotsOnBlackSite,numberOfRobotsOnWhiteSite
6197,19,20
timeStep,numberOfRobotsOnBlackSite,numberOfRobotsOnWhiteSite
6198,19,20
timeStep,numberOfRobotsOnBlackSite,numberOfRobotsOnWhiteSite
6199,19,20
timeStep,numberOfRobotsOnBlackSite,numberOfRobotsOnWhiteSite
6200,19,20
timeStep,numberOfRobotsOnBlackSite,numberOfRobotsOnWhiteSite
6201,19,20
timeStep,numberOfRobotsOnBlackSite,numberOfRobotsOnWhiteSite
6202,19,20
timeStep,numberOfRobotsOnBlackSite,numberOfRobotsOnWhiteSite
6203,19,20
timeStep,numberOfRobotsOnBlackSite,numberOfRobotsOnWhiteSite
6204,19,20
timeStep,numberOfRobotsOnBlackSite,numberOfRobotsOnWhiteSite
6205,19,20
timeStep,numberOfRobotsOnBlackSite,numberOfRobotsOnWhiteSite
6206,19,20
timeStep,numberOfRobotsOnBlackSite,numberOfRobotsOnWhiteSite
6207,19,20
timeStep,numberOfRobotsOnBlackSite,numberOfRobotsOnWhiteSite
6208,19,20
timeStep,numberOfRobotsOnBlackSite,numberOfRobotsOnWhiteSite
6209,19,20
timeStep,numberOfRobotsOnBlackSite,numberOfRobotsOnWhiteSite
6210,19,20
timeStep,numberOfRobotsOnBlackSite,numberOfRobotsOnWhiteSite
6211,19,20
timeStep,numberOfRobotsOnBlackSite,numberOfRobotsOnWhiteSite
6212,19,20
timeStep,numberOfRobotsOnBlackSite,numberOfRobotsOnWhiteSite
6213,19,20
timeStep,numberOfRobotsOnBlackSite,numberOfRobotsOnWhiteSite
6214,19,20
timeStep,numberOfRobotsOnBlackSite,numberOfRobotsOnWhiteSite
6215,19,20
timeStep,numberOfRobotsOnBlackSite,numberOfRobotsOnWhiteSite
6216,19,20
timeStep,numberOfRobotsOnBlackSite,numberOfRobotsOnWhiteSite
6217,19,20
timeStep,numberOfRobotsOnBlackSite,numberOfRobotsOnWhiteSite
6218,19,20
timeStep,numberOfRobotsOnBlackSite,numberOfRobotsOnWhiteSite
6219,19,20
timeStep,numberOfRobotsOnBlackSite,numberOfRobotsOnWhiteSite
6220,19,20
timeStep,numberOfRobotsOnBlackSite,numberOfRobotsOnWhiteSite
6221,19,20
timeStep,numberOfRobotsOnBlackSite,numberOfRobotsOnWhiteSite
6222,19,20
timeStep,numberOfRobotsOnBlackSite,numberOfRobotsOnWhiteSite
6223,19,20
timeStep,numberOfRobotsOnBlackSite,numberOfRobotsOnWhiteSite
6224,19,20
timeStep,numberOfRobotsOnBlackSite,numberOfRobotsOnWhiteSite
6225,19,20
timeStep,numberOfRobotsOnBlackSite,numberOfRobotsOnWhiteSite
6226,19,20
timeStep,numberOfRobotsOnBlackSite,numberOfRobotsOnWhiteSite
6227,19,20
timeStep,numberOfRobotsOnBlackSite,numberOfRobotsOnWhiteSite
6228,19,20
timeStep,numberOfRobotsOnBlackSite,numberOfRobotsOnWhiteSite
6229,19,20
timeStep,numberOfRobotsOnBlackSite,numberOfRobotsOnWhiteSite
6230,19,20
timeStep,numberOfRobotsOnBlackSite,numberOfRobotsOnWhiteSite
6231,19,20
timeStep,numberOfRobotsOnBlackSite,numberOfRobotsOnWhiteSite
6232,19,20
timeStep,numberOfRobotsOnBlackSite,numberOfRobotsOnWhiteSite
6233,19,20
timeStep,numberOfRobotsOnBlackSite,numberOfRobotsOnWhiteSite
6234,19,20
timeStep,numberOfRobotsOnBlackSite,numberOfRobotsOnWhiteSite
6235,19,20
timeStep,numberOfRobotsOnBlackSite,numberOfRobotsOnWhiteSite
6236,19,20
timeStep,numberOfRobotsOnBlackSite,numberOfRobotsOnWhiteSite
6237,19,20
timeStep,numberOfRobotsOnBlackSite,numberOfRobotsOnWhiteSite
6238,19,20
timeStep,numberOfRobotsOnBlackSite,numberOfRobotsOnWhiteSite
6239,19,20
timeStep,numberOfRobotsOnBlackSite,numberOfRobotsOnWhiteSite
6240,19,20
timeStep,numberOfRobotsOnBlackSite,numberOfRobotsOnWhiteSite
6241,19,20
timeStep,numberOfRobotsOnBlackSite,numberOfRobotsOnWhiteSite
6242,19,20
timeStep,numberOfRobotsOnBlackSite,numberOfRobotsOnWhiteSite
6243,19,20
timeStep,numberOfRobotsOnBlackSite,numberOfRobotsOnWhiteSite
6244,19,20
timeStep,numberOfRobotsOnBlackSite,numberOfRobotsOnWhiteSite
6245,19,20
timeStep,numberOfRobotsOnBlackSite,numberOfRobotsOnWhiteSite
6246,19,20
timeStep,numberOfRobotsOnBlackSite,numberOfRobotsOnWhiteSite
6247,19,20
timeStep,numberOfRobotsOnBlackSite,numberOfRobotsOnWhiteSite
6248,19,20
timeStep,numberOfRobotsOnBlackSite,numberOfRobotsOnWhiteSite
6249,19,20
timeStep,numberOfRobotsOnBlackSite,numberOfRobotsOnWhiteSite
6250,19,20
timeStep,numberOfRobotsOnBlackSite,numberOfRobotsOnWhiteSite
6251,19,20
timeStep,numberOfRobotsOnBlackSite,numberOfRobotsOnWhiteSite
6252,19,20
timeStep,numberOfRobotsOnBlackSite,numberOfRobotsOnWhiteSite
6253,19,20
timeStep,numberOfRobotsOnBlackSite,numberOfRobotsOnWhiteSite
6254,19,20
timeStep,numberOfRobotsOnBlackSite,numberOfRobotsOnWhiteSite
6255,19,20
timeStep,numberOfRobotsOnBlackSite,numberOfRobotsOnWhiteSite
6256,19,20
timeStep,numberOfRobotsOnBlackSite,numberOfRobotsOnWhiteSite
6257,19,20
timeStep,numberOfRobotsOnBlackSite,numberOfRobotsOnWhiteSite
6258,19,20
timeStep,numberOfRobotsOnBlackSite,numberOfRobotsOnWhiteSite
6259,19,20
timeStep,numberOfRobotsOnBlackSite,numberOfRobotsOnWhiteSite
6260,19,20
timeStep,numberOfRobotsOnBlackSite,numberOfRobotsOnWhiteSite
6261,19,20
timeStep,numberOfRobotsOnBlackSite,numberOfRobotsOnWhiteSite
6262,19,20
timeStep,numberOfRobotsOnBlackSite,numberOfRobotsOnWhiteSite
6263,19,20
timeStep,numberOfRobotsOnBlackSite,numberOfRobotsOnWhiteSite
6264,19,20
timeStep,numberOfRobotsOnBlackSite,numberOfRobotsOnWhiteSite
6265,19,20
timeStep,numberOfRobotsOnBlackSite,numberOfRobotsOnWhiteSite
6266,19,20
timeStep,numberOfRobotsOnBlackSite,numberOfRobotsOnWhiteSite
6267,19,20
timeStep,numberOfRobotsOnBlackSite,numberOfRobotsOnWhiteSite
6268,19,20
timeStep,numberOfRobotsOnBlackSite,numberOfRobotsOnWhiteSite
6269,19,20
timeStep,numberOfRobotsOnBlackSite,numberOfRobotsOnWhiteSite
6270,19,20
timeStep,numberOfRobotsOnBlackSite,numberOfRobotsOnWhiteSite
6271,19,20
timeStep,numberOfRobotsOnBlackSite,numberOfRobotsOnWhiteSite
6272,19,20
timeStep,numberOfRobotsOnBlackSite,numberOfRobotsOnWhiteSite
6273,19,20
timeStep,numberOfRobotsOnBlackSite,numberOfRobotsOnWhiteSite
6274,19,20
timeStep,numberOfRobotsOnBlackSite,numberOfRobotsOnWhiteSite
6275,19,20
timeStep,numberOfRobotsOnBlackSite,numberOfRobotsOnWhiteSite
6276,19,20
timeStep,numberOfRobotsOnBlackSite,numberOfRobotsOnWhiteSite
6277,19,20
timeStep,numberOfRobotsOnBlackSite,numberOfRobotsOnWhiteSite
6278,19,20
timeStep,numberOfRobotsOnBlackSite,numberOfRobotsOnWhiteSite
6279,19,20
timeStep,numberOfRobotsOnBlackSite,numberOfRobotsOnWhiteSite
6280,19,20
timeStep,numberOfRobotsOnBlackSite,numberOfRobotsOnWhiteSite
6281,19,20
timeStep,numberOfRobotsOnBlackSite,numberOfRobotsOnWhiteSite
6282,19,20
timeStep,numberOfRobotsOnBlackSite,numberOfRobotsOnWhiteSite
6283,19,20
timeStep,numberOfRobotsOnBlackSite,numberOfRobotsOnWhiteSite
6284,19,20
timeStep,numberOfRobotsOnBlackSite,numberOfRobotsOnWhiteSite
6285,19,20
timeStep,numberOfRobotsOnBlackSite,numberOfRobotsOnWhiteSite
6286,19,20
timeStep,numberOfRobotsOnBlackSite,numberOfRobotsOnWhiteSite
6287,19,20
timeStep,numberOfRobotsOnBlackSite,numberOfRobotsOnWhiteSite
6288,19,20
timeStep,numberOfRobotsOnBlackSite,numberOfRobotsOnWhiteSite
6289,19,20
timeStep,numberOfRobotsOnBlackSite,numberOfRobotsOnWhiteSite
6290,19,20
timeStep,numberOfRobotsOnBlackSite,numberOfRobotsOnWhiteSite
6291,19,20
timeStep,numberOfRobotsOnBlackSite,numberOfRobotsOnWhiteSite
6292,19,20
timeStep,numberOfRobotsOnBlackSite,numberOfRobotsOnWhiteSite
6293,19,20
timeStep,numberOfRobotsOnBlackSite,numberOfRobotsOnWhiteSite
6294,19,20
timeStep,numberOfRobotsOnBlackSite,numberOfRobotsOnWhiteSite
6295,19,21
timeStep,numberOfRobotsOnBlackSite,numberOfRobotsOnWhiteSite
6296,19,21
timeStep,numberOfRobotsOnBlackSite,numberOfRobotsOnWhiteSite
6297,19,21
timeStep,numberOfRobotsOnBlackSite,numberOfRobotsOnWhiteSite
6298,19,21
timeStep,numberOfRobotsOnBlackSite,numberOfRobotsOnWhiteSite
6299,19,21
timeStep,numberOfRobotsOnBlackSite,numberOfRobotsOnWhiteSite
6300,19,21
timeStep,numberOfRobotsOnBlackSite,numberOfRobotsOnWhiteSite
6301,19,21
timeStep,numberOfRobotsOnBlackSite,numberOfRobotsOnWhiteSite
6302,19,21
timeStep,numberOfRobotsOnBlackSite,numberOfRobotsOnWhiteSite
6303,19,21
timeStep,numberOfRobotsOnBlackSite,numberOfRobotsOnWhiteSite
6304,19,21
timeStep,numberOfRobotsOnBlackSite,numberOfRobotsOnWhiteSite
6305,19,21
timeStep,numberOfRobotsOnBlackSite,numberOfRobotsOnWhiteSite
6306,19,21
timeStep,numberOfRobotsOnBlackSite,numberOfRobotsOnWhiteSite
6307,19,21
timeStep,numberOfRobotsOnBlackSite,numberOfRobotsOnWhiteSite
6308,19,21
timeStep,numberOfRobotsOnBlackSite,numberOfRobotsOnWhiteSite
6309,19,21
timeStep,numberOfRobotsOnBlackSite,numberOfRobotsOnWhiteSite
6310,19,21
timeStep,numberOfRobotsOnBlackSite,numberOfRobotsOnWhiteSite
6311,19,21
timeStep,numberOfRobotsOnBlackSite,numberOfRobotsOnWhiteSite
6312,19,21
timeStep,numberOfRobotsOnBlackSite,numberOfRobotsOnWhiteSite
6313,19,21
timeStep,numberOfRobotsOnBlackSite,numberOfRobotsOnWhiteSite
6314,19,21
timeStep,numberOfRobotsOnBlackSite,numberOfRobotsOnWhiteSite
6315,19,21
timeStep,numberOfRobotsOnBlackSite,numberOfRobotsOnWhiteSite
6316,19,21
timeStep,numberOfRobotsOnBlackSite,numberOfRobotsOnWhiteSite
6317,19,21
timeStep,numberOfRobotsOnBlackSite,numberOfRobotsOnWhiteSite
6318,19,21
timeStep,numberOfRobotsOnBlackSite,numberOfRobotsOnWhiteSite
6319,19,21
timeStep,numberOfRobotsOnBlackSite,numberOfRobotsOnWhiteSite
6320,19,21
timeStep,numberOfRobotsOnBlackSite,numberOfRobotsOnWhiteSite
6321,19,21
timeStep,numberOfRobotsOnBlackSite,numberOfRobotsOnWhiteSite
6322,19,21
timeStep,numberOfRobotsOnBlackSite,numberOfRobotsOnWhiteSite
6323,19,21
timeStep,numberOfRobotsOnBlackSite,numberOfRobotsOnWhiteSite
6324,19,21
timeStep,numberOfRobotsOnBlackSite,numberOfRobotsOnWhiteSite
6325,19,21
timeStep,numberOfRobotsOnBlackSite,numberOfRobotsOnWhiteSite
6326,19,21
timeStep,numberOfRobotsOnBlackSite,numberOfRobotsOnWhiteSite
6327,19,21
timeStep,numberOfRobotsOnBlackSite,numberOfRobotsOnWhiteSite
6328,19,21
timeStep,numberOfRobotsOnBlackSite,numberOfRobotsOnWhiteSite
6329,19,21
timeStep,numberOfRobotsOnBlackSite,numberOfRobotsOnWhiteSite
6330,19,21
timeStep,numberOfRobotsOnBlackSite,numberOfRobotsOnWhiteSite
6331,19,21
timeStep,numberOfRobotsOnBlackSite,numberOfRobotsOnWhiteSite
6332,19,21
timeStep,numberOfRobotsOnBlackSite,numberOfRobotsOnWhiteSite
6333,19,21
timeStep,numberOfRobotsOnBlackSite,numberOfRobotsOnWhiteSite
6334,19,21
timeStep,numberOfRobotsOnBlackSite,numberOfRobotsOnWhiteSite
6335,19,21
timeStep,numberOfRobotsOnBlackSite,numberOfRobotsOnWhiteSite
6336,19,21
timeStep,numberOfRobotsOnBlackSite,numberOfRobotsOnWhiteSite
6337,19,21
timeStep,numberOfRobotsOnBlackSite,numberOfRobotsOnWhiteSite
6338,19,21
timeStep,numberOfRobotsOnBlackSite,numberOfRobotsOnWhiteSite
6339,19,21
timeStep,numberOfRobotsOnBlackSite,numberOfRobotsOnWhiteSite
6340,19,21
timeStep,numberOfRobotsOnBlackSite,numberOfRobotsOnWhiteSite
6341,19,21
timeStep,numberOfRobotsOnBlackSite,numberOfRobotsOnWhiteSite
6342,19,21
timeStep,numberOfRobotsOnBlackSite,numberOfRobotsOnWhiteSite
6343,19,21
timeStep,numberOfRobotsOnBlackSite,numberOfRobotsOnWhiteSite
6344,19,21
timeStep,numberOfRobotsOnBlackSite,numberOfRobotsOnWhiteSite
6345,19,21
timeStep,numberOfRobotsOnBlackSite,numberOfRobotsOnWhiteSite
6346,19,21
timeStep,numberOfRobotsOnBlackSite,numberOfRobotsOnWhiteSite
6347,19,21
timeStep,numberOfRobotsOnBlackSite,numberOfRobotsOnWhiteSite
6348,19,21
timeStep,numberOfRobotsOnBlackSite,numberOfRobotsOnWhiteSite
6349,19,21
timeStep,numberOfRobotsOnBlackSite,numberOfRobotsOnWhiteSite
6350,19,21
timeStep,numberOfRobotsOnBlackSite,numberOfRobotsOnWhiteSite
6351,19,21
timeStep,numberOfRobotsOnBlackSite,numberOfRobotsOnWhiteSite
6352,19,21
timeStep,numberOfRobotsOnBlackSite,numberOfRobotsOnWhiteSite
6353,19,21
timeStep,numberOfRobotsOnBlackSite,numberOfRobotsOnWhiteSite
6354,19,21
timeStep,numberOfRobotsOnBlackSite,numberOfRobotsOnWhiteSite
6355,19,21
timeStep,numberOfRobotsOnBlackSite,numberOfRobotsOnWhiteSite
6356,19,21
timeStep,numberOfRobotsOnBlackSite,numberOfRobotsOnWhiteSite
6357,19,21
timeStep,numberOfRobotsOnBlackSite,numberOfRobotsOnWhiteSite
6358,19,21
timeStep,numberOfRobotsOnBlackSite,numberOfRobotsOnWhiteSite
6359,19,21
timeStep,numberOfRobotsOnBlackSite,numberOfRobotsOnWhiteSite
6360,19,21
timeStep,numberOfRobotsOnBlackSite,numberOfRobotsOnWhiteSite
6361,19,21
timeStep,numberOfRobotsOnBlackSite,numberOfRobotsOnWhiteSite
6362,19,21
timeStep,numberOfRobotsOnBlackSite,numberOfRobotsOnWhiteSite
6363,19,21
timeStep,numberOfRobotsOnBlackSite,numberOfRobotsOnWhiteSite
6364,19,21
timeStep,numberOfRobotsOnBlackSite,numberOfRobotsOnWhiteSite
6365,20,21
timeStep,numberOfRobotsOnBlackSite,numberOfRobotsOnWhiteSite
6366,20,21
timeStep,numberOfRobotsOnBlackSite,numberOfRobotsOnWhiteSite
6367,20,21
timeStep,numberOfRobotsOnBlackSite,numberOfRobotsOnWhiteSite
6368,20,21
timeStep,numberOfRobotsOnBlackSite,numberOfRobotsOnWhiteSite
6369,20,21
timeStep,numberOfRobotsOnBlackSite,numberOfRobotsOnWhiteSite
6370,20,21
timeStep,numberOfRobotsOnBlackSite,numberOfRobotsOnWhiteSite
6371,20,21
timeStep,numberOfRobotsOnBlackSite,numberOfRobotsOnWhiteSite
6372,20,21
timeStep,numberOfRobotsOnBlackSite,numberOfRobotsOnWhiteSite
6373,20,21
timeStep,numberOfRobotsOnBlackSite,numberOfRobotsOnWhiteSite
6374,20,21
timeStep,numberOfRobotsOnBlackSite,numberOfRobotsOnWhiteSite
6375,20,21
timeStep,numberOfRobotsOnBlackSite,numberOfRobotsOnWhiteSite
6376,20,21
timeStep,numberOfRobotsOnBlackSite,numberOfRobotsOnWhiteSite
6377,20,21
timeStep,numberOfRobotsOnBlackSite,numberOfRobotsOnWhiteSite
6378,20,21
timeStep,numberOfRobotsOnBlackSite,numberOfRobotsOnWhiteSite
6379,20,21
timeStep,numberOfRobotsOnBlackSite,numberOfRobotsOnWhiteSite
6380,20,21
timeStep,numberOfRobotsOnBlackSite,numberOfRobotsOnWhiteSite
6381,20,21
timeStep,numberOfRobotsOnBlackSite,numberOfRobotsOnWhiteSite
6382,20,21
timeStep,numberOfRobotsOnBlackSite,numberOfRobotsOnWhiteSite
6383,20,21
timeStep,numberOfRobotsOnBlackSite,numberOfRobotsOnWhiteSite
6384,20,21
timeStep,numberOfRobotsOnBlackSite,numberOfRobotsOnWhiteSite
6385,20,21
timeStep,numberOfRobotsOnBlackSite,numberOfRobotsOnWhiteSite
6386,20,21
timeStep,numberOfRobotsOnBlackSite,numberOfRobotsOnWhiteSite
6387,20,21
timeStep,numberOfRobotsOnBlackSite,numberOfRobotsOnWhiteSite
6388,20,21
timeStep,numberOfRobotsOnBlackSite,numberOfRobotsOnWhiteSite
6389,20,21
timeStep,numberOfRobotsOnBlackSite,numberOfRobotsOnWhiteSite
6390,20,21
timeStep,numberOfRobotsOnBlackSite,numberOfRobotsOnWhiteSite
6391,20,21
timeStep,numberOfRobotsOnBlackSite,numberOfRobotsOnWhiteSite
6392,20,21
timeStep,numberOfRobotsOnBlackSite,numberOfRobotsOnWhiteSite
6393,20,21
timeStep,numberOfRobotsOnBlackSite,numberOfRobotsOnWhiteSite
6394,20,21
timeStep,numberOfRobotsOnBlackSite,numberOfRobotsOnWhiteSite
6395,20,21
timeStep,numberOfRobotsOnBlackSite,numberOfRobotsOnWhiteSite
6396,20,21
timeStep,numberOfRobotsOnBlackSite,numberOfRobotsOnWhiteSite
6397,20,21
timeStep,numberOfRobotsOnBlackSite,numberOfRobotsOnWhiteSite
6398,20,21
timeStep,numberOfRobotsOnBlackSite,numberOfRobotsOnWhiteSite
6399,20,21
timeStep,numberOfRobotsOnBlackSite,numberOfRobotsOnWhiteSite
6400,20,21
timeStep,numberOfRobotsOnBlackSite,numberOfRobotsOnWhiteSite
6401,20,21
timeStep,numberOfRobotsOnBlackSite,numberOfRobotsOnWhiteSite
6402,20,21
timeStep,numberOfRobotsOnBlackSite,numberOfRobotsOnWhiteSite
6403,20,21
timeStep,numberOfRobotsOnBlackSite,numberOfRobotsOnWhiteSite
6404,20,21
timeStep,numberOfRobotsOnBlackSite,numberOfRobotsOnWhiteSite
6405,20,21
timeStep,numberOfRobotsOnBlackSite,numberOfRobotsOnWhiteSite
6406,20,21
timeStep,numberOfRobotsOnBlackSite,numberOfRobotsOnWhiteSite
6407,20,21
timeStep,numberOfRobotsOnBlackSite,numberOfRobotsOnWhiteSite
6408,20,21
timeStep,numberOfRobotsOnBlackSite,numberOfRobotsOnWhiteSite
6409,20,21
timeStep,numberOfRobotsOnBlackSite,numberOfRobotsOnWhiteSite
6410,20,21
timeStep,numberOfRobotsOnBlackSite,numberOfRobotsOnWhiteSite
6411,20,21
timeStep,numberOfRobotsOnBlackSite,numberOfRobotsOnWhiteSite
6412,20,21
timeStep,numberOfRobotsOnBlackSite,numberOfRobotsOnWhiteSite
6413,20,21
timeStep,numberOfRobotsOnBlackSite,numberOfRobotsOnWhiteSite
6414,20,21
timeStep,numberOfRobotsOnBlackSite,numberOfRobotsOnWhiteSite
6415,20,21
timeStep,numberOfRobotsOnBlackSite,numberOfRobotsOnWhiteSite
6416,20,21
timeStep,numberOfRobotsOnBlackSite,numberOfRobotsOnWhiteSite
6417,20,21
timeStep,numberOfRobotsOnBlackSite,numberOfRobotsOnWhiteSite
6418,20,21
timeStep,numberOfRobotsOnBlackSite,numberOfRobotsOnWhiteSite
6419,20,21
timeStep,numberOfRobotsOnBlackSite,numberOfRobotsOnWhiteSite
6420,20,21
timeStep,numberOfRobotsOnBlackSite,numberOfRobotsOnWhiteSite
6421,20,21
timeStep,numberOfRobotsOnBlackSite,numberOfRobotsOnWhiteSite
6422,20,21
timeStep,numberOfRobotsOnBlackSite,numberOfRobotsOnWhiteSite
6423,20,21
timeStep,numberOfRobotsOnBlackSite,numberOfRobotsOnWhiteSite
6424,20,21
timeStep,numberOfRobotsOnBlackSite,numberOfRobotsOnWhiteSite
6425,20,21
timeStep,numberOfRobotsOnBlackSite,numberOfRobotsOnWhiteSite
6426,20,21
timeStep,numberOfRobotsOnBlackSite,numberOfRobotsOnWhiteSite
6427,20,21
timeStep,numberOfRobotsOnBlackSite,numberOfRobotsOnWhiteSite
6428,20,21
timeStep,numberOfRobotsOnBlackSite,numberOfRobotsOnWhiteSite
6429,20,21
timeStep,numberOfRobotsOnBlackSite,numberOfRobotsOnWhiteSite
6430,20,21
timeStep,numberOfRobotsOnBlackSite,numberOfRobotsOnWhiteSite
6431,20,21
timeStep,numberOfRobotsOnBlackSite,numberOfRobotsOnWhiteSite
6432,20,21
timeStep,numberOfRobotsOnBlackSite,numberOfRobotsOnWhiteSite
6433,20,21
timeStep,numberOfRobotsOnBlackSite,numberOfRobotsOnWhiteSite
6434,20,21
timeStep,numberOfRobotsOnBlackSite,numberOfRobotsOnWhiteSite
6435,20,21
timeStep,numberOfRobotsOnBlackSite,numberOfRobotsOnWhiteSite
6436,20,21
timeStep,numberOfRobotsOnBlackSite,numberOfRobotsOnWhiteSite
6437,20,21
timeStep,numberOfRobotsOnBlackSite,numberOfRobotsOnWhiteSite
6438,20,21
timeStep,numberOfRobotsOnBlackSite,numberOfRobotsOnWhiteSite
6439,20,21
timeStep,numberOfRobotsOnBlackSite,numberOfRobotsOnWhiteSite
6440,20,21
timeStep,numberOfRobotsOnBlackSite,numberOfRobotsOnWhiteSite
6441,20,21
timeStep,numberOfRobotsOnBlackSite,numberOfRobotsOnWhiteSite
6442,20,21
timeStep,numberOfRobotsOnBlackSite,numberOfRobotsOnWhiteSite
6443,20,21
timeStep,numberOfRobotsOnBlackSite,numberOfRobotsOnWhiteSite
6444,20,21
timeStep,numberOfRobotsOnBlackSite,numberOfRobotsOnWhiteSite
6445,20,21
timeStep,numberOfRobotsOnBlackSite,numberOfRobotsOnWhiteSite
6446,20,21
timeStep,numberOfRobotsOnBlackSite,numberOfRobotsOnWhiteSite
6447,20,21
timeStep,numberOfRobotsOnBlackSite,numberOfRobotsOnWhiteSite
6448,20,21
timeStep,numberOfRobotsOnBlackSite,numberOfRobotsOnWhiteSite
6449,20,21
timeStep,numberOfRobotsOnBlackSite,numberOfRobotsOnWhiteSite
6450,20,21
timeStep,numberOfRobotsOnBlackSite,numberOfRobotsOnWhiteSite
6451,20,21
timeStep,numberOfRobotsOnBlackSite,numberOfRobotsOnWhiteSite
6452,20,21
timeStep,numberOfRobotsOnBlackSite,numberOfRobotsOnWhiteSite
6453,20,21
timeStep,numberOfRobotsOnBlackSite,numberOfRobotsOnWhiteSite
6454,20,21
timeStep,numberOfRobotsOnBlackSite,numberOfRobotsOnWhiteSite
6455,20,21
timeStep,numberOfRobotsOnBlackSite,numberOfRobotsOnWhiteSite
6456,20,21
timeStep,numberOfRobotsOnBlackSite,numberOfRobotsOnWhiteSite
6457,20,21
timeStep,numberOfRobotsOnBlackSite,numberOfRobotsOnWhiteSite
6458,20,21
timeStep,numberOfRobotsOnBlackSite,numberOfRobotsOnWhiteSite
6459,20,21
timeStep,numberOfRobotsOnBlackSite,numberOfRobotsOnWhiteSite
6460,20,22
timeStep,numberOfRobotsOnBlackSite,numberOfRobotsOnWhiteSite
6461,20,22
timeStep,numberOfRobotsOnBlackSite,numberOfRobotsOnWhiteSite
6462,20,22
timeStep,numberOfRobotsOnBlackSite,numberOfRobotsOnWhiteSite
6463,20,22
timeStep,numberOfRobotsOnBlackSite,numberOfRobotsOnWhiteSite
6464,20,22
timeStep,numberOfRobotsOnBlackSite,numberOfRobotsOnWhiteSite
6465,20,22
timeStep,numberOfRobotsOnBlackSite,numberOfRobotsOnWhiteSite
6466,20,22
timeStep,numberOfRobotsOnBlackSite,numberOfRobotsOnWhiteSite
6467,20,22
timeStep,numberOfRobotsOnBlackSite,numberOfRobotsOnWhiteSite
6468,20,22
timeStep,numberOfRobotsOnBlackSite,numberOfRobotsOnWhiteSite
6469,20,22
timeStep,numberOfRobotsOnBlackSite,numberOfRobotsOnWhiteSite
6470,20,22
timeStep,numberOfRobotsOnBlackSite,numberOfRobotsOnWhiteSite
6471,20,22
timeStep,numberOfRobotsOnBlackSite,numberOfRobotsOnWhiteSite
6472,20,22
timeStep,numberOfRobotsOnBlackSite,numberOfRobotsOnWhiteSite
6473,20,22
timeStep,numberOfRobotsOnBlackSite,numberOfRobotsOnWhiteSite
6474,20,22
timeStep,numberOfRobotsOnBlackSite,numberOfRobotsOnWhiteSite
6475,20,22
timeStep,numberOfRobotsOnBlackSite,numberOfRobotsOnWhiteSite
6476,20,22
timeStep,numberOfRobotsOnBlackSite,numberOfRobotsOnWhiteSite
6477,20,22
timeStep,numberOfRobotsOnBlackSite,numberOfRobotsOnWhiteSite
6478,20,22
timeStep,numberOfRobotsOnBlackSite,numberOfRobotsOnWhiteSite
6479,20,22
timeStep,numberOfRobotsOnBlackSite,numberOfRobotsOnWhiteSite
6480,20,22
timeStep,numberOfRobotsOnBlackSite,numberOfRobotsOnWhiteSite
6481,20,22
timeStep,numberOfRobotsOnBlackSite,numberOfRobotsOnWhiteSite
6482,20,22
timeStep,numberOfRobotsOnBlackSite,numberOfRobotsOnWhiteSite
6483,20,22
timeStep,numberOfRobotsOnBlackSite,numberOfRobotsOnWhiteSite
6484,20,22
timeStep,numberOfRobotsOnBlackSite,numberOfRobotsOnWhiteSite
6485,20,22
timeStep,numberOfRobotsOnBlackSite,numberOfRobotsOnWhiteSite
6486,20,22
timeStep,numberOfRobotsOnBlackSite,numberOfRobotsOnWhiteSite
6487,20,22
timeStep,numberOfRobotsOnBlackSite,numberOfRobotsOnWhiteSite
6488,20,22
timeStep,numberOfRobotsOnBlackSite,numberOfRobotsOnWhiteSite
6489,20,22
timeStep,numberOfRobotsOnBlackSite,numberOfRobotsOnWhiteSite
6490,20,22
timeStep,numberOfRobotsOnBlackSite,numberOfRobotsOnWhiteSite
6491,20,22
timeStep,numberOfRobotsOnBlackSite,numberOfRobotsOnWhiteSite
6492,20,22
timeStep,numberOfRobotsOnBlackSite,numberOfRobotsOnWhiteSite
6493,20,22
timeStep,numberOfRobotsOnBlackSite,numberOfRobotsOnWhiteSite
6494,20,22
timeStep,numberOfRobotsOnBlackSite,numberOfRobotsOnWhiteSite
6495,20,22
timeStep,numberOfRobotsOnBlackSite,numberOfRobotsOnWhiteSite
6496,20,22
timeStep,numberOfRobotsOnBlackSite,numberOfRobotsOnWhiteSite
6497,20,22
timeStep,numberOfRobotsOnBlackSite,numberOfRobotsOnWhiteSite
6498,20,22
timeStep,numberOfRobotsOnBlackSite,numberOfRobotsOnWhiteSite
6499,20,22
timeStep,numberOfRobotsOnBlackSite,numberOfRobotsOnWhiteSite
6500,20,22
timeStep,numberOfRobotsOnBlackSite,numberOfRobotsOnWhiteSite
6501,20,22
timeStep,numberOfRobotsOnBlackSite,numberOfRobotsOnWhiteSite
6502,20,22
timeStep,numberOfRobotsOnBlackSite,numberOfRobotsOnWhiteSite
6503,20,22
timeStep,numberOfRobotsOnBlackSite,numberOfRobotsOnWhiteSite
6504,20,22
timeStep,numberOfRobotsOnBlackSite,numberOfRobotsOnWhiteSite
6505,20,22
timeStep,numberOfRobotsOnBlackSite,numberOfRobotsOnWhiteSite
6506,20,22
timeStep,numberOfRobotsOnBlackSite,numberOfRobotsOnWhiteSite
6507,20,22
timeStep,numberOfRobotsOnBlackSite,numberOfRobotsOnWhiteSite
6508,20,22
timeStep,numberOfRobotsOnBlackSite,numberOfRobotsOnWhiteSite
6509,20,22
timeStep,numberOfRobotsOnBlackSite,numberOfRobotsOnWhiteSite
6510,20,22
timeStep,numberOfRobotsOnBlackSite,numberOfRobotsOnWhiteSite
6511,20,22
timeStep,numberOfRobotsOnBlackSite,numberOfRobotsOnWhiteSite
6512,20,22
timeStep,numberOfRobotsOnBlackSite,numberOfRobotsOnWhiteSite
6513,20,22
timeStep,numberOfRobotsOnBlackSite,numberOfRobotsOnWhiteSite
6514,20,22
timeStep,numberOfRobotsOnBlackSite,numberOfRobotsOnWhiteSite
6515,20,22
timeStep,numberOfRobotsOnBlackSite,numberOfRobotsOnWhiteSite
6516,20,22
timeStep,numberOfRobotsOnBlackSite,numberOfRobotsOnWhiteSite
6517,20,22
timeStep,numberOfRobotsOnBlackSite,numberOfRobotsOnWhiteSite
6518,20,22
timeStep,numberOfRobotsOnBlackSite,numberOfRobotsOnWhiteSite
6519,20,22
timeStep,numberOfRobotsOnBlackSite,numberOfRobotsOnWhiteSite
6520,20,22
timeStep,numberOfRobotsOnBlackSite,numberOfRobotsOnWhiteSite
6521,20,22
timeStep,numberOfRobotsOnBlackSite,numberOfRobotsOnWhiteSite
6522,20,22
timeStep,numberOfRobotsOnBlackSite,numberOfRobotsOnWhiteSite
6523,20,22
timeStep,numberOfRobotsOnBlackSite,numberOfRobotsOnWhiteSite
6524,20,22
timeStep,numberOfRobotsOnBlackSite,numberOfRobotsOnWhiteSite
6525,20,22
timeStep,numberOfRobotsOnBlackSite,numberOfRobotsOnWhiteSite
6526,20,22
timeStep,numberOfRobotsOnBlackSite,numberOfRobotsOnWhiteSite
6527,20,22
timeStep,numberOfRobotsOnBlackSite,numberOfRobotsOnWhiteSite
6528,20,22
timeStep,numberOfRobotsOnBlackSite,numberOfRobotsOnWhiteSite
6529,20,22
timeStep,numberOfRobotsOnBlackSite,numberOfRobotsOnWhiteSite
6530,20,22
timeStep,numberOfRobotsOnBlackSite,numberOfRobotsOnWhiteSite
6531,20,22
timeStep,numberOfRobotsOnBlackSite,numberOfRobotsOnWhiteSite
6532,20,22
timeStep,numberOfRobotsOnBlackSite,numberOfRobotsOnWhiteSite
6533,20,22
timeStep,numberOfRobotsOnBlackSite,numberOfRobotsOnWhiteSite
6534,20,22
timeStep,numberOfRobotsOnBlackSite,numberOfRobotsOnWhiteSite
6535,20,22
timeStep,numberOfRobotsOnBlackSite,numberOfRobotsOnWhiteSite
6536,20,22
timeStep,numberOfRobotsOnBlackSite,numberOfRobotsOnWhiteSite
6537,20,22
timeStep,numberOfRobotsOnBlackSite,numberOfRobotsOnWhiteSite
6538,20,22
timeStep,numberOfRobotsOnBlackSite,numberOfRobotsOnWhiteSite
6539,20,22
timeStep,numberOfRobotsOnBlackSite,numberOfRobotsOnWhiteSite
6540,20,22
timeStep,numberOfRobotsOnBlackSite,numberOfRobotsOnWhiteSite
6541,20,22
timeStep,numberOfRobotsOnBlackSite,numberOfRobotsOnWhiteSite
6542,20,22
timeStep,numberOfRobotsOnBlackSite,numberOfRobotsOnWhiteSite
6543,20,22
timeStep,numberOfRobotsOnBlackSite,numberOfRobotsOnWhiteSite
6544,20,22
timeStep,numberOfRobotsOnBlackSite,numberOfRobotsOnWhiteSite
6545,18,22
timeStep,numberOfRobotsOnBlackSite,numberOfRobotsOnWhiteSite
6546,18,22
timeStep,numberOfRobotsOnBlackSite,numberOfRobotsOnWhiteSite
6547,18,22
timeStep,numberOfRobotsOnBlackSite,numberOfRobotsOnWhiteSite
6548,18,22
timeStep,numberOfRobotsOnBlackSite,numberOfRobotsOnWhiteSite
6549,18,22
timeStep,numberOfRobotsOnBlackSite,numberOfRobotsOnWhiteSite
6550,18,22
timeStep,numberOfRobotsOnBlackSite,numberOfRobotsOnWhiteSite
6551,18,22
timeStep,numberOfRobotsOnBlackSite,numberOfRobotsOnWhiteSite
6552,18,22
timeStep,numberOfRobotsOnBlackSite,numberOfRobotsOnWhiteSite
6553,18,22
timeStep,numberOfRobotsOnBlackSite,numberOfRobotsOnWhiteSite
6554,18,22
timeStep,numberOfRobotsOnBlackSite,numberOfRobotsOnWhiteSite
6555,18,22
timeStep,numberOfRobotsOnBlackSite,numberOfRobotsOnWhiteSite
6556,18,22
timeStep,numberOfRobotsOnBlackSite,numberOfRobotsOnWhiteSite
6557,18,22
timeStep,numberOfRobotsOnBlackSite,numberOfRobotsOnWhiteSite
6558,18,22
timeStep,numberOfRobotsOnBlackSite,numberOfRobotsOnWhiteSite
6559,18,22
timeStep,numberOfRobotsOnBlackSite,numberOfRobotsOnWhiteSite
6560,18,22
timeStep,numberOfRobotsOnBlackSite,numberOfRobotsOnWhiteSite
6561,18,22
timeStep,numberOfRobotsOnBlackSite,numberOfRobotsOnWhiteSite
6562,18,22
timeStep,numberOfRobotsOnBlackSite,numberOfRobotsOnWhiteSite
6563,18,22
timeStep,numberOfRobotsOnBlackSite,numberOfRobotsOnWhiteSite
6564,18,22
timeStep,numberOfRobotsOnBlackSite,numberOfRobotsOnWhiteSite
6565,18,22
timeStep,numberOfRobotsOnBlackSite,numberOfRobotsOnWhiteSite
6566,18,22
timeStep,numberOfRobotsOnBlackSite,numberOfRobotsOnWhiteSite
6567,18,22
timeStep,numberOfRobotsOnBlackSite,numberOfRobotsOnWhiteSite
6568,18,22
timeStep,numberOfRobotsOnBlackSite,numberOfRobotsOnWhiteSite
6569,18,22
timeStep,numberOfRobotsOnBlackSite,numberOfRobotsOnWhiteSite
6570,18,22
timeStep,numberOfRobotsOnBlackSite,numberOfRobotsOnWhiteSite
6571,18,22
timeStep,numberOfRobotsOnBlackSite,numberOfRobotsOnWhiteSite
6572,18,22
timeStep,numberOfRobotsOnBlackSite,numberOfRobotsOnWhiteSite
6573,18,22
timeStep,numberOfRobotsOnBlackSite,numberOfRobotsOnWhiteSite
6574,18,22
timeStep,numberOfRobotsOnBlackSite,numberOfRobotsOnWhiteSite
6575,18,22
timeStep,numberOfRobotsOnBlackSite,numberOfRobotsOnWhiteSite
6576,18,22
timeStep,numberOfRobotsOnBlackSite,numberOfRobotsOnWhiteSite
6577,18,22
timeStep,numberOfRobotsOnBlackSite,numberOfRobotsOnWhiteSite
6578,18,22
timeStep,numberOfRobotsOnBlackSite,numberOfRobotsOnWhiteSite
6579,18,22
timeStep,numberOfRobotsOnBlackSite,numberOfRobotsOnWhiteSite
6580,18,22
timeStep,numberOfRobotsOnBlackSite,numberOfRobotsOnWhiteSite
6581,18,22
timeStep,numberOfRobotsOnBlackSite,numberOfRobotsOnWhiteSite
6582,18,22
timeStep,numberOfRobotsOnBlackSite,numberOfRobotsOnWhiteSite
6583,18,22
timeStep,numberOfRobotsOnBlackSite,numberOfRobotsOnWhiteSite
6584,18,22
timeStep,numberOfRobotsOnBlackSite,numberOfRobotsOnWhiteSite
6585,18,22
timeStep,numberOfRobotsOnBlackSite,numberOfRobotsOnWhiteSite
6586,18,22
timeStep,numberOfRobotsOnBlackSite,numberOfRobotsOnWhiteSite
6587,18,22
timeStep,numberOfRobotsOnBlackSite,numberOfRobotsOnWhiteSite
6588,18,22
timeStep,numberOfRobotsOnBlackSite,numberOfRobotsOnWhiteSite
6589,18,22
timeStep,numberOfRobotsOnBlackSite,numberOfRobotsOnWhiteSite
6590,18,22
timeStep,numberOfRobotsOnBlackSite,numberOfRobotsOnWhiteSite
6591,18,22
timeStep,numberOfRobotsOnBlackSite,numberOfRobotsOnWhiteSite
6592,18,22
timeStep,numberOfRobotsOnBlackSite,numberOfRobotsOnWhiteSite
6593,18,22
timeStep,numberOfRobotsOnBlackSite,numberOfRobotsOnWhiteSite
6594,18,22
timeStep,numberOfRobotsOnBlackSite,numberOfRobotsOnWhiteSite
6595,18,22
timeStep,numberOfRobotsOnBlackSite,numberOfRobotsOnWhiteSite
6596,18,22
timeStep,numberOfRobotsOnBlackSite,numberOfRobotsOnWhiteSite
6597,18,22
timeStep,numberOfRobotsOnBlackSite,numberOfRobotsOnWhiteSite
6598,18,22
timeStep,numberOfRobotsOnBlackSite,numberOfRobotsOnWhiteSite
6599,18,22
timeStep,numberOfRobotsOnBlackSite,numberOfRobotsOnWhiteSite
6600,18,22
timeStep,numberOfRobotsOnBlackSite,numberOfRobotsOnWhiteSite
6601,18,22
timeStep,numberOfRobotsOnBlackSite,numberOfRobotsOnWhiteSite
6602,18,22
timeStep,numberOfRobotsOnBlackSite,numberOfRobotsOnWhiteSite
6603,18,22
timeStep,numberOfRobotsOnBlackSite,numberOfRobotsOnWhiteSite
6604,18,22
timeStep,numberOfRobotsOnBlackSite,numberOfRobotsOnWhiteSite
6605,18,22
timeStep,numberOfRobotsOnBlackSite,numberOfRobotsOnWhiteSite
6606,18,22
timeStep,numberOfRobotsOnBlackSite,numberOfRobotsOnWhiteSite
6607,18,22
timeStep,numberOfRobotsOnBlackSite,numberOfRobotsOnWhiteSite
6608,18,22
timeStep,numberOfRobotsOnBlackSite,numberOfRobotsOnWhiteSite
6609,18,22
timeStep,numberOfRobotsOnBlackSite,numberOfRobotsOnWhiteSite
6610,17,22
timeStep,numberOfRobotsOnBlackSite,numberOfRobotsOnWhiteSite
6611,17,22
timeStep,numberOfRobotsOnBlackSite,numberOfRobotsOnWhiteSite
6612,17,22
timeStep,numberOfRobotsOnBlackSite,numberOfRobotsOnWhiteSite
6613,17,22
timeStep,numberOfRobotsOnBlackSite,numberOfRobotsOnWhiteSite
6614,17,22
timeStep,numberOfRobotsOnBlackSite,numberOfRobotsOnWhiteSite
6615,18,22
timeStep,numberOfRobotsOnBlackSite,numberOfRobotsOnWhiteSite
6616,18,22
timeStep,numberOfRobotsOnBlackSite,numberOfRobotsOnWhiteSite
6617,18,22
timeStep,numberOfRobotsOnBlackSite,numberOfRobotsOnWhiteSite
6618,18,22
timeStep,numberOfRobotsOnBlackSite,numberOfRobotsOnWhiteSite
6619,18,22
timeStep,numberOfRobotsOnBlackSite,numberOfRobotsOnWhiteSite
6620,18,22
timeStep,numberOfRobotsOnBlackSite,numberOfRobotsOnWhiteSite
6621,18,22
timeStep,numberOfRobotsOnBlackSite,numberOfRobotsOnWhiteSite
6622,18,22
timeStep,numberOfRobotsOnBlackSite,numberOfRobotsOnWhiteSite
6623,18,22
timeStep,numberOfRobotsOnBlackSite,numberOfRobotsOnWhiteSite
6624,18,22
timeStep,numberOfRobotsOnBlackSite,numberOfRobotsOnWhiteSite
6625,18,22
timeStep,numberOfRobotsOnBlackSite,numberOfRobotsOnWhiteSite
6626,18,22
timeStep,numberOfRobotsOnBlackSite,numberOfRobotsOnWhiteSite
6627,18,22
timeStep,numberOfRobotsOnBlackSite,numberOfRobotsOnWhiteSite
6628,18,22
timeStep,numberOfRobotsOnBlackSite,numberOfRobotsOnWhiteSite
6629,18,22
timeStep,numberOfRobotsOnBlackSite,numberOfRobotsOnWhiteSite
6630,18,22
timeStep,numberOfRobotsOnBlackSite,numberOfRobotsOnWhiteSite
6631,18,22
timeStep,numberOfRobotsOnBlackSite,numberOfRobotsOnWhiteSite
6632,18,22
timeStep,numberOfRobotsOnBlackSite,numberOfRobotsOnWhiteSite
6633,18,22
timeStep,numberOfRobotsOnBlackSite,numberOfRobotsOnWhiteSite
6634,18,22
timeStep,numberOfRobotsOnBlackSite,numberOfRobotsOnWhiteSite
6635,18,22
timeStep,numberOfRobotsOnBlackSite,numberOfRobotsOnWhiteSite
6636,18,22
timeStep,numberOfRobotsOnBlackSite,numberOfRobotsOnWhiteSite
6637,18,22
timeStep,numberOfRobotsOnBlackSite,numberOfRobotsOnWhiteSite
6638,18,22
timeStep,numberOfRobotsOnBlackSite,numberOfRobotsOnWhiteSite
6639,18,22
timeStep,numberOfRobotsOnBlackSite,numberOfRobotsOnWhiteSite
6640,18,22
timeStep,numberOfRobotsOnBlackSite,numberOfRobotsOnWhiteSite
6641,18,22
timeStep,numberOfRobotsOnBlackSite,numberOfRobotsOnWhiteSite
6642,18,22
timeStep,numberOfRobotsOnBlackSite,numberOfRobotsOnWhiteSite
6643,18,22
timeStep,numberOfRobotsOnBlackSite,numberOfRobotsOnWhiteSite
6644,18,22
timeStep,numberOfRobotsOnBlackSite,numberOfRobotsOnWhiteSite
6645,18,22
timeStep,numberOfRobotsOnBlackSite,numberOfRobotsOnWhiteSite
6646,18,22
timeStep,numberOfRobotsOnBlackSite,numberOfRobotsOnWhiteSite
6647,18,22
timeStep,numberOfRobotsOnBlackSite,numberOfRobotsOnWhiteSite
6648,18,22
timeStep,numberOfRobotsOnBlackSite,numberOfRobotsOnWhiteSite
6649,18,22
timeStep,numberOfRobotsOnBlackSite,numberOfRobotsOnWhiteSite
6650,18,22
timeStep,numberOfRobotsOnBlackSite,numberOfRobotsOnWhiteSite
6651,18,22
timeStep,numberOfRobotsOnBlackSite,numberOfRobotsOnWhiteSite
6652,18,22
timeStep,numberOfRobotsOnBlackSite,numberOfRobotsOnWhiteSite
6653,18,22
timeStep,numberOfRobotsOnBlackSite,numberOfRobotsOnWhiteSite
6654,18,22
timeStep,numberOfRobotsOnBlackSite,numberOfRobotsOnWhiteSite
6655,18,22
timeStep,numberOfRobotsOnBlackSite,numberOfRobotsOnWhiteSite
6656,18,22
timeStep,numberOfRobotsOnBlackSite,numberOfRobotsOnWhiteSite
6657,18,22
timeStep,numberOfRobotsOnBlackSite,numberOfRobotsOnWhiteSite
6658,18,22
timeStep,numberOfRobotsOnBlackSite,numberOfRobotsOnWhiteSite
6659,18,22
timeStep,numberOfRobotsOnBlackSite,numberOfRobotsOnWhiteSite
6660,18,22
timeStep,numberOfRobotsOnBlackSite,numberOfRobotsOnWhiteSite
6661,18,22
timeStep,numberOfRobotsOnBlackSite,numberOfRobotsOnWhiteSite
6662,18,22
timeStep,numberOfRobotsOnBlackSite,numberOfRobotsOnWhiteSite
6663,18,22
timeStep,numberOfRobotsOnBlackSite,numberOfRobotsOnWhiteSite
6664,18,22
timeStep,numberOfRobotsOnBlackSite,numberOfRobotsOnWhiteSite
6665,18,22
timeStep,numberOfRobotsOnBlackSite,numberOfRobotsOnWhiteSite
6666,18,22
timeStep,numberOfRobotsOnBlackSite,numberOfRobotsOnWhiteSite
6667,18,22
timeStep,numberOfRobotsOnBlackSite,numberOfRobotsOnWhiteSite
6668,18,22
timeStep,numberOfRobotsOnBlackSite,numberOfRobotsOnWhiteSite
6669,18,22
timeStep,numberOfRobotsOnBlackSite,numberOfRobotsOnWhiteSite
6670,18,22
timeStep,numberOfRobotsOnBlackSite,numberOfRobotsOnWhiteSite
6671,18,22
timeStep,numberOfRobotsOnBlackSite,numberOfRobotsOnWhiteSite
6672,18,22
timeStep,numberOfRobotsOnBlackSite,numberOfRobotsOnWhiteSite
6673,18,22
timeStep,numberOfRobotsOnBlackSite,numberOfRobotsOnWhiteSite
6674,18,22
timeStep,numberOfRobotsOnBlackSite,numberOfRobotsOnWhiteSite
6675,18,22
timeStep,numberOfRobotsOnBlackSite,numberOfRobotsOnWhiteSite
6676,18,22
timeStep,numberOfRobotsOnBlackSite,numberOfRobotsOnWhiteSite
6677,18,22
timeStep,numberOfRobotsOnBlackSite,numberOfRobotsOnWhiteSite
6678,18,22
timeStep,numberOfRobotsOnBlackSite,numberOfRobotsOnWhiteSite
6679,18,22
timeStep,numberOfRobotsOnBlackSite,numberOfRobotsOnWhiteSite
6680,18,22
timeStep,numberOfRobotsOnBlackSite,numberOfRobotsOnWhiteSite
6681,18,22
timeStep,numberOfRobotsOnBlackSite,numberOfRobotsOnWhiteSite
6682,18,22
timeStep,numberOfRobotsOnBlackSite,numberOfRobotsOnWhiteSite
6683,18,22
timeStep,numberOfRobotsOnBlackSite,numberOfRobotsOnWhiteSite
6684,18,22
timeStep,numberOfRobotsOnBlackSite,numberOfRobotsOnWhiteSite
6685,18,22
timeStep,numberOfRobotsOnBlackSite,numberOfRobotsOnWhiteSite
6686,18,22
timeStep,numberOfRobotsOnBlackSite,numberOfRobotsOnWhiteSite
6687,18,22
timeStep,numberOfRobotsOnBlackSite,numberOfRobotsOnWhiteSite
6688,18,22
timeStep,numberOfRobotsOnBlackSite,numberOfRobotsOnWhiteSite
6689,18,22
timeStep,numberOfRobotsOnBlackSite,numberOfRobotsOnWhiteSite
6690,18,22
timeStep,numberOfRobotsOnBlackSite,numberOfRobotsOnWhiteSite
6691,18,22
timeStep,numberOfRobotsOnBlackSite,numberOfRobotsOnWhiteSite
6692,18,22
timeStep,numberOfRobotsOnBlackSite,numberOfRobotsOnWhiteSite
6693,18,22
timeStep,numberOfRobotsOnBlackSite,numberOfRobotsOnWhiteSite
6694,18,22
timeStep,numberOfRobotsOnBlackSite,numberOfRobotsOnWhiteSite
6695,18,22
timeStep,numberOfRobotsOnBlackSite,numberOfRobotsOnWhiteSite
6696,18,22
timeStep,numberOfRobotsOnBlackSite,numberOfRobotsOnWhiteSite
6697,18,22
timeStep,numberOfRobotsOnBlackSite,numberOfRobotsOnWhiteSite
6698,18,22
timeStep,numberOfRobotsOnBlackSite,numberOfRobotsOnWhiteSite
6699,18,22
timeStep,numberOfRobotsOnBlackSite,numberOfRobotsOnWhiteSite
6700,18,22
timeStep,numberOfRobotsOnBlackSite,numberOfRobotsOnWhiteSite
6701,18,22
timeStep,numberOfRobotsOnBlackSite,numberOfRobotsOnWhiteSite
6702,18,22
timeStep,numberOfRobotsOnBlackSite,numberOfRobotsOnWhiteSite
6703,18,22
timeStep,numberOfRobotsOnBlackSite,numberOfRobotsOnWhiteSite
6704,18,22
timeStep,numberOfRobotsOnBlackSite,numberOfRobotsOnWhiteSite
6705,18,22
timeStep,numberOfRobotsOnBlackSite,numberOfRobotsOnWhiteSite
6706,18,22
timeStep,numberOfRobotsOnBlackSite,numberOfRobotsOnWhiteSite
6707,18,22
timeStep,numberOfRobotsOnBlackSite,numberOfRobotsOnWhiteSite
6708,18,22
timeStep,numberOfRobotsOnBlackSite,numberOfRobotsOnWhiteSite
6709,18,22
timeStep,numberOfRobotsOnBlackSite,numberOfRobotsOnWhiteSite
6710,18,22
timeStep,numberOfRobotsOnBlackSite,numberOfRobotsOnWhiteSite
6711,18,22
timeStep,numberOfRobotsOnBlackSite,numberOfRobotsOnWhiteSite
6712,18,22
timeStep,numberOfRobotsOnBlackSite,numberOfRobotsOnWhiteSite
6713,18,22
timeStep,numberOfRobotsOnBlackSite,numberOfRobotsOnWhiteSite
6714,18,22
timeStep,numberOfRobotsOnBlackSite,numberOfRobotsOnWhiteSite
6715,18,22
timeStep,numberOfRobotsOnBlackSite,numberOfRobotsOnWhiteSite
6716,18,22
timeStep,numberOfRobotsOnBlackSite,numberOfRobotsOnWhiteSite
6717,18,22
timeStep,numberOfRobotsOnBlackSite,numberOfRobotsOnWhiteSite
6718,18,22
timeStep,numberOfRobotsOnBlackSite,numberOfRobotsOnWhiteSite
6719,18,22
timeStep,numberOfRobotsOnBlackSite,numberOfRobotsOnWhiteSite
6720,18,22
timeStep,numberOfRobotsOnBlackSite,numberOfRobotsOnWhiteSite
6721,18,22
timeStep,numberOfRobotsOnBlackSite,numberOfRobotsOnWhiteSite
6722,18,22
timeStep,numberOfRobotsOnBlackSite,numberOfRobotsOnWhiteSite
6723,18,22
timeStep,numberOfRobotsOnBlackSite,numberOfRobotsOnWhiteSite
6724,18,22
timeStep,numberOfRobotsOnBlackSite,numberOfRobotsOnWhiteSite
6725,18,22
timeStep,numberOfRobotsOnBlackSite,numberOfRobotsOnWhiteSite
6726,18,22
timeStep,numberOfRobotsOnBlackSite,numberOfRobotsOnWhiteSite
6727,18,22
timeStep,numberOfRobotsOnBlackSite,numberOfRobotsOnWhiteSite
6728,18,22
timeStep,numberOfRobotsOnBlackSite,numberOfRobotsOnWhiteSite
6729,18,22
timeStep,numberOfRobotsOnBlackSite,numberOfRobotsOnWhiteSite
6730,18,22
timeStep,numberOfRobotsOnBlackSite,numberOfRobotsOnWhiteSite
6731,18,22
timeStep,numberOfRobotsOnBlackSite,numberOfRobotsOnWhiteSite
6732,18,22
timeStep,numberOfRobotsOnBlackSite,numberOfRobotsOnWhiteSite
6733,18,22
timeStep,numberOfRobotsOnBlackSite,numberOfRobotsOnWhiteSite
6734,18,22
timeStep,numberOfRobotsOnBlackSite,numberOfRobotsOnWhiteSite
6735,18,22
timeStep,numberOfRobotsOnBlackSite,numberOfRobotsOnWhiteSite
6736,18,22
timeStep,numberOfRobotsOnBlackSite,numberOfRobotsOnWhiteSite
6737,18,22
timeStep,numberOfRobotsOnBlackSite,numberOfRobotsOnWhiteSite
6738,18,22
timeStep,numberOfRobotsOnBlackSite,numberOfRobotsOnWhiteSite
6739,18,22
timeStep,numberOfRobotsOnBlackSite,numberOfRobotsOnWhiteSite
6740,18,22
timeStep,numberOfRobotsOnBlackSite,numberOfRobotsOnWhiteSite
6741,18,22
timeStep,numberOfRobotsOnBlackSite,numberOfRobotsOnWhiteSite
6742,18,22
timeStep,numberOfRobotsOnBlackSite,numberOfRobotsOnWhiteSite
6743,18,22
timeStep,numberOfRobotsOnBlackSite,numberOfRobotsOnWhiteSite
6744,18,22
timeStep,numberOfRobotsOnBlackSite,numberOfRobotsOnWhiteSite
6745,18,22
timeStep,numberOfRobotsOnBlackSite,numberOfRobotsOnWhiteSite
6746,18,22
timeStep,numberOfRobotsOnBlackSite,numberOfRobotsOnWhiteSite
6747,18,22
timeStep,numberOfRobotsOnBlackSite,numberOfRobotsOnWhiteSite
6748,18,22
timeStep,numberOfRobotsOnBlackSite,numberOfRobotsOnWhiteSite
6749,18,22
timeStep,numberOfRobotsOnBlackSite,numberOfRobotsOnWhiteSite
6750,19,22
timeStep,numberOfRobotsOnBlackSite,numberOfRobotsOnWhiteSite
6751,19,22
timeStep,numberOfRobotsOnBlackSite,numberOfRobotsOnWhiteSite
6752,19,22
timeStep,numberOfRobotsOnBlackSite,numberOfRobotsOnWhiteSite
6753,19,22
timeStep,numberOfRobotsOnBlackSite,numberOfRobotsOnWhiteSite
6754,19,22
timeStep,numberOfRobotsOnBlackSite,numberOfRobotsOnWhiteSite
6755,19,22
timeStep,numberOfRobotsOnBlackSite,numberOfRobotsOnWhiteSite
6756,19,22
timeStep,numberOfRobotsOnBlackSite,numberOfRobotsOnWhiteSite
6757,19,22
timeStep,numberOfRobotsOnBlackSite,numberOfRobotsOnWhiteSite
6758,19,22
timeStep,numberOfRobotsOnBlackSite,numberOfRobotsOnWhiteSite
6759,19,22
timeStep,numberOfRobotsOnBlackSite,numberOfRobotsOnWhiteSite
6760,19,22
timeStep,numberOfRobotsOnBlackSite,numberOfRobotsOnWhiteSite
6761,19,22
timeStep,numberOfRobotsOnBlackSite,numberOfRobotsOnWhiteSite
6762,19,22
timeStep,numberOfRobotsOnBlackSite,numberOfRobotsOnWhiteSite
6763,19,22
timeStep,numberOfRobotsOnBlackSite,numberOfRobotsOnWhiteSite
6764,19,22
timeStep,numberOfRobotsOnBlackSite,numberOfRobotsOnWhiteSite
6765,19,22
timeStep,numberOfRobotsOnBlackSite,numberOfRobotsOnWhiteSite
6766,19,22
timeStep,numberOfRobotsOnBlackSite,numberOfRobotsOnWhiteSite
6767,19,22
timeStep,numberOfRobotsOnBlackSite,numberOfRobotsOnWhiteSite
6768,19,22
timeStep,numberOfRobotsOnBlackSite,numberOfRobotsOnWhiteSite
6769,19,22
timeStep,numberOfRobotsOnBlackSite,numberOfRobotsOnWhiteSite
6770,19,22
timeStep,numberOfRobotsOnBlackSite,numberOfRobotsOnWhiteSite
6771,19,22
timeStep,numberOfRobotsOnBlackSite,numberOfRobotsOnWhiteSite
6772,19,22
timeStep,numberOfRobotsOnBlackSite,numberOfRobotsOnWhiteSite
6773,19,22
timeStep,numberOfRobotsOnBlackSite,numberOfRobotsOnWhiteSite
6774,19,22
timeStep,numberOfRobotsOnBlackSite,numberOfRobotsOnWhiteSite
6775,20,22
timeStep,numberOfRobotsOnBlackSite,numberOfRobotsOnWhiteSite
6776,20,22
timeStep,numberOfRobotsOnBlackSite,numberOfRobotsOnWhiteSite
6777,20,22
timeStep,numberOfRobotsOnBlackSite,numberOfRobotsOnWhiteSite
6778,20,22
timeStep,numberOfRobotsOnBlackSite,numberOfRobotsOnWhiteSite
6779,20,22
timeStep,numberOfRobotsOnBlackSite,numberOfRobotsOnWhiteSite
6780,20,22
timeStep,numberOfRobotsOnBlackSite,numberOfRobotsOnWhiteSite
6781,20,22
timeStep,numberOfRobotsOnBlackSite,numberOfRobotsOnWhiteSite
6782,20,22
timeStep,numberOfRobotsOnBlackSite,numberOfRobotsOnWhiteSite
6783,20,22
timeStep,numberOfRobotsOnBlackSite,numberOfRobotsOnWhiteSite
6784,20,22
timeStep,numberOfRobotsOnBlackSite,numberOfRobotsOnWhiteSite
6785,20,22
timeStep,numberOfRobotsOnBlackSite,numberOfRobotsOnWhiteSite
6786,20,22
timeStep,numberOfRobotsOnBlackSite,numberOfRobotsOnWhiteSite
6787,20,22
timeStep,numberOfRobotsOnBlackSite,numberOfRobotsOnWhiteSite
6788,20,22
timeStep,numberOfRobotsOnBlackSite,numberOfRobotsOnWhiteSite
6789,20,22
timeStep,numberOfRobotsOnBlackSite,numberOfRobotsOnWhiteSite
6790,20,22
timeStep,numberOfRobotsOnBlackSite,numberOfRobotsOnWhiteSite
6791,20,22
timeStep,numberOfRobotsOnBlackSite,numberOfRobotsOnWhiteSite
6792,20,22
timeStep,numberOfRobotsOnBlackSite,numberOfRobotsOnWhiteSite
6793,20,22
timeStep,numberOfRobotsOnBlackSite,numberOfRobotsOnWhiteSite
6794,20,22
timeStep,numberOfRobotsOnBlackSite,numberOfRobotsOnWhiteSite
6795,19,22
timeStep,numberOfRobotsOnBlackSite,numberOfRobotsOnWhiteSite
6796,19,22
timeStep,numberOfRobotsOnBlackSite,numberOfRobotsOnWhiteSite
6797,19,22
timeStep,numberOfRobotsOnBlackSite,numberOfRobotsOnWhiteSite
6798,19,22
timeStep,numberOfRobotsOnBlackSite,numberOfRobotsOnWhiteSite
6799,19,22
timeStep,numberOfRobotsOnBlackSite,numberOfRobotsOnWhiteSite
6800,19,22
timeStep,numberOfRobotsOnBlackSite,numberOfRobotsOnWhiteSite
6801,19,22
timeStep,numberOfRobotsOnBlackSite,numberOfRobotsOnWhiteSite
6802,19,22
timeStep,numberOfRobotsOnBlackSite,numberOfRobotsOnWhiteSite
6803,19,22
timeStep,numberOfRobotsOnBlackSite,numberOfRobotsOnWhiteSite
6804,19,22
timeStep,numberOfRobotsOnBlackSite,numberOfRobotsOnWhiteSite
6805,19,22
timeStep,numberOfRobotsOnBlackSite,numberOfRobotsOnWhiteSite
6806,19,22
timeStep,numberOfRobotsOnBlackSite,numberOfRobotsOnWhiteSite
6807,19,22
timeStep,numberOfRobotsOnBlackSite,numberOfRobotsOnWhiteSite
6808,19,22
timeStep,numberOfRobotsOnBlackSite,numberOfRobotsOnWhiteSite
6809,19,22
timeStep,numberOfRobotsOnBlackSite,numberOfRobotsOnWhiteSite
6810,19,22
timeStep,numberOfRobotsOnBlackSite,numberOfRobotsOnWhiteSite
6811,19,22
timeStep,numberOfRobotsOnBlackSite,numberOfRobotsOnWhiteSite
6812,19,22
timeStep,numberOfRobotsOnBlackSite,numberOfRobotsOnWhiteSite
6813,19,22
timeStep,numberOfRobotsOnBlackSite,numberOfRobotsOnWhiteSite
6814,19,22
timeStep,numberOfRobotsOnBlackSite,numberOfRobotsOnWhiteSite
6815,19,22
timeStep,numberOfRobotsOnBlackSite,numberOfRobotsOnWhiteSite
6816,19,22
timeStep,numberOfRobotsOnBlackSite,numberOfRobotsOnWhiteSite
6817,19,22
timeStep,numberOfRobotsOnBlackSite,numberOfRobotsOnWhiteSite
6818,19,22
timeStep,numberOfRobotsOnBlackSite,numberOfRobotsOnWhiteSite
6819,19,22
timeStep,numberOfRobotsOnBlackSite,numberOfRobotsOnWhiteSite
6820,19,22
timeStep,numberOfRobotsOnBlackSite,numberOfRobotsOnWhiteSite
6821,19,22
timeStep,numberOfRobotsOnBlackSite,numberOfRobotsOnWhiteSite
6822,19,22
timeStep,numberOfRobotsOnBlackSite,numberOfRobotsOnWhiteSite
6823,19,22
timeStep,numberOfRobotsOnBlackSite,numberOfRobotsOnWhiteSite
6824,19,22
timeStep,numberOfRobotsOnBlackSite,numberOfRobotsOnWhiteSite
6825,19,22
timeStep,numberOfRobotsOnBlackSite,numberOfRobotsOnWhiteSite
6826,19,22
timeStep,numberOfRobotsOnBlackSite,numberOfRobotsOnWhiteSite
6827,19,22
timeStep,numberOfRobotsOnBlackSite,numberOfRobotsOnWhiteSite
6828,19,22
timeStep,numberOfRobotsOnBlackSite,numberOfRobotsOnWhiteSite
6829,19,22
timeStep,numberOfRobotsOnBlackSite,numberOfRobotsOnWhiteSite
6830,19,22
timeStep,numberOfRobotsOnBlackSite,numberOfRobotsOnWhiteSite
6831,19,22
timeStep,numberOfRobotsOnBlackSite,numberOfRobotsOnWhiteSite
6832,19,22
timeStep,numberOfRobotsOnBlackSite,numberOfRobotsOnWhiteSite
6833,19,22
timeStep,numberOfRobotsOnBlackSite,numberOfRobotsOnWhiteSite
6834,19,22
timeStep,numberOfRobotsOnBlackSite,numberOfRobotsOnWhiteSite
6835,19,22
timeStep,numberOfRobotsOnBlackSite,numberOfRobotsOnWhiteSite
6836,19,22
timeStep,numberOfRobotsOnBlackSite,numberOfRobotsOnWhiteSite
6837,19,22
timeStep,numberOfRobotsOnBlackSite,numberOfRobotsOnWhiteSite
6838,19,22
timeStep,numberOfRobotsOnBlackSite,numberOfRobotsOnWhiteSite
6839,19,22
timeStep,numberOfRobotsOnBlackSite,numberOfRobotsOnWhiteSite
6840,19,22
timeStep,numberOfRobotsOnBlackSite,numberOfRobotsOnWhiteSite
6841,19,22
timeStep,numberOfRobotsOnBlackSite,numberOfRobotsOnWhiteSite
6842,19,22
timeStep,numberOfRobotsOnBlackSite,numberOfRobotsOnWhiteSite
6843,19,22
timeStep,numberOfRobotsOnBlackSite,numberOfRobotsOnWhiteSite
6844,19,22
timeStep,numberOfRobotsOnBlackSite,numberOfRobotsOnWhiteSite
6845,19,22
timeStep,numberOfRobotsOnBlackSite,numberOfRobotsOnWhiteSite
6846,19,22
timeStep,numberOfRobotsOnBlackSite,numberOfRobotsOnWhiteSite
6847,19,22
timeStep,numberOfRobotsOnBlackSite,numberOfRobotsOnWhiteSite
6848,19,22
timeStep,numberOfRobotsOnBlackSite,numberOfRobotsOnWhiteSite
6849,19,22
timeStep,numberOfRobotsOnBlackSite,numberOfRobotsOnWhiteSite
6850,19,22
timeStep,numberOfRobotsOnBlackSite,numberOfRobotsOnWhiteSite
6851,19,22
timeStep,numberOfRobotsOnBlackSite,numberOfRobotsOnWhiteSite
6852,19,22
timeStep,numberOfRobotsOnBlackSite,numberOfRobotsOnWhiteSite
6853,19,22
timeStep,numberOfRobotsOnBlackSite,numberOfRobotsOnWhiteSite
6854,19,22
timeStep,numberOfRobotsOnBlackSite,numberOfRobotsOnWhiteSite
6855,19,22
timeStep,numberOfRobotsOnBlackSite,numberOfRobotsOnWhiteSite
6856,19,22
timeStep,numberOfRobotsOnBlackSite,numberOfRobotsOnWhiteSite
6857,19,22
timeStep,numberOfRobotsOnBlackSite,numberOfRobotsOnWhiteSite
6858,19,22
timeStep,numberOfRobotsOnBlackSite,numberOfRobotsOnWhiteSite
6859,19,22
timeStep,numberOfRobotsOnBlackSite,numberOfRobotsOnWhiteSite
6860,19,22
timeStep,numberOfRobotsOnBlackSite,numberOfRobotsOnWhiteSite
6861,19,22
timeStep,numberOfRobotsOnBlackSite,numberOfRobotsOnWhiteSite
6862,19,22
timeStep,numberOfRobotsOnBlackSite,numberOfRobotsOnWhiteSite
6863,19,22
timeStep,numberOfRobotsOnBlackSite,numberOfRobotsOnWhiteSite
6864,19,22
timeStep,numberOfRobotsOnBlackSite,numberOfRobotsOnWhiteSite
6865,19,22
timeStep,numberOfRobotsOnBlackSite,numberOfRobotsOnWhiteSite
6866,19,22
timeStep,numberOfRobotsOnBlackSite,numberOfRobotsOnWhiteSite
6867,19,22
timeStep,numberOfRobotsOnBlackSite,numberOfRobotsOnWhiteSite
6868,19,22
timeStep,numberOfRobotsOnBlackSite,numberOfRobotsOnWhiteSite
6869,19,22
timeStep,numberOfRobotsOnBlackSite,numberOfRobotsOnWhiteSite
6870,19,22
timeStep,numberOfRobotsOnBlackSite,numberOfRobotsOnWhiteSite
6871,19,22
timeStep,numberOfRobotsOnBlackSite,numberOfRobotsOnWhiteSite
6872,19,22
timeStep,numberOfRobotsOnBlackSite,numberOfRobotsOnWhiteSite
6873,19,22
timeStep,numberOfRobotsOnBlackSite,numberOfRobotsOnWhiteSite
6874,19,22
timeStep,numberOfRobotsOnBlackSite,numberOfRobotsOnWhiteSite
6875,19,22
timeStep,numberOfRobotsOnBlackSite,numberOfRobotsOnWhiteSite
6876,19,22
timeStep,numberOfRobotsOnBlackSite,numberOfRobotsOnWhiteSite
6877,19,22
timeStep,numberOfRobotsOnBlackSite,numberOfRobotsOnWhiteSite
6878,19,22
timeStep,numberOfRobotsOnBlackSite,numberOfRobotsOnWhiteSite
6879,19,22
timeStep,numberOfRobotsOnBlackSite,numberOfRobotsOnWhiteSite
6880,19,22
timeStep,numberOfRobotsOnBlackSite,numberOfRobotsOnWhiteSite
6881,19,22
timeStep,numberOfRobotsOnBlackSite,numberOfRobotsOnWhiteSite
6882,19,22
timeStep,numberOfRobotsOnBlackSite,numberOfRobotsOnWhiteSite
6883,19,22
timeStep,numberOfRobotsOnBlackSite,numberOfRobotsOnWhiteSite
6884,19,22
timeStep,numberOfRobotsOnBlackSite,numberOfRobotsOnWhiteSite
6885,19,22
timeStep,numberOfRobotsOnBlackSite,numberOfRobotsOnWhiteSite
6886,19,22
timeStep,numberOfRobotsOnBlackSite,numberOfRobotsOnWhiteSite
6887,19,22
timeStep,numberOfRobotsOnBlackSite,numberOfRobotsOnWhiteSite
6888,19,22
timeStep,numberOfRobotsOnBlackSite,numberOfRobotsOnWhiteSite
6889,19,22
timeStep,numberOfRobotsOnBlackSite,numberOfRobotsOnWhiteSite
6890,19,22
timeStep,numberOfRobotsOnBlackSite,numberOfRobotsOnWhiteSite
6891,19,22
timeStep,numberOfRobotsOnBlackSite,numberOfRobotsOnWhiteSite
6892,19,22
timeStep,numberOfRobotsOnBlackSite,numberOfRobotsOnWhiteSite
6893,19,22
timeStep,numberOfRobotsOnBlackSite,numberOfRobotsOnWhiteSite
6894,19,22
timeStep,numberOfRobotsOnBlackSite,numberOfRobotsOnWhiteSite
6895,19,22
timeStep,numberOfRobotsOnBlackSite,numberOfRobotsOnWhiteSite
6896,19,22
timeStep,numberOfRobotsOnBlackSite,numberOfRobotsOnWhiteSite
6897,19,22
timeStep,numberOfRobotsOnBlackSite,numberOfRobotsOnWhiteSite
6898,19,22
timeStep,numberOfRobotsOnBlackSite,numberOfRobotsOnWhiteSite
6899,19,22
timeStep,numberOfRobotsOnBlackSite,numberOfRobotsOnWhiteSite
6900,19,22
timeStep,numberOfRobotsOnBlackSite,numberOfRobotsOnWhiteSite
6901,19,22
timeStep,numberOfRobotsOnBlackSite,numberOfRobotsOnWhiteSite
6902,19,22
timeStep,numberOfRobotsOnBlackSite,numberOfRobotsOnWhiteSite
6903,19,22
timeStep,numberOfRobotsOnBlackSite,numberOfRobotsOnWhiteSite
6904,19,22
timeStep,numberOfRobotsOnBlackSite,numberOfRobotsOnWhiteSite
6905,19,22
timeStep,numberOfRobotsOnBlackSite,numberOfRobotsOnWhiteSite
6906,19,22
timeStep,numberOfRobotsOnBlackSite,numberOfRobotsOnWhiteSite
6907,19,22
timeStep,numberOfRobotsOnBlackSite,numberOfRobotsOnWhiteSite
6908,19,22
timeStep,numberOfRobotsOnBlackSite,numberOfRobotsOnWhiteSite
6909,19,22
timeStep,numberOfRobotsOnBlackSite,numberOfRobotsOnWhiteSite
6910,19,22
timeStep,numberOfRobotsOnBlackSite,numberOfRobotsOnWhiteSite
6911,19,22
timeStep,numberOfRobotsOnBlackSite,numberOfRobotsOnWhiteSite
6912,19,22
timeStep,numberOfRobotsOnBlackSite,numberOfRobotsOnWhiteSite
6913,19,22
timeStep,numberOfRobotsOnBlackSite,numberOfRobotsOnWhiteSite
6914,19,22
timeStep,numberOfRobotsOnBlackSite,numberOfRobotsOnWhiteSite
6915,19,22
timeStep,numberOfRobotsOnBlackSite,numberOfRobotsOnWhiteSite
6916,19,22
timeStep,numberOfRobotsOnBlackSite,numberOfRobotsOnWhiteSite
6917,19,22
timeStep,numberOfRobotsOnBlackSite,numberOfRobotsOnWhiteSite
6918,19,22
timeStep,numberOfRobotsOnBlackSite,numberOfRobotsOnWhiteSite
6919,19,22
timeStep,numberOfRobotsOnBlackSite,numberOfRobotsOnWhiteSite
6920,19,22
timeStep,numberOfRobotsOnBlackSite,numberOfRobotsOnWhiteSite
6921,19,22
timeStep,numberOfRobotsOnBlackSite,numberOfRobotsOnWhiteSite
6922,19,22
timeStep,numberOfRobotsOnBlackSite,numberOfRobotsOnWhiteSite
6923,19,22
timeStep,numberOfRobotsOnBlackSite,numberOfRobotsOnWhiteSite
6924,19,22
timeStep,numberOfRobotsOnBlackSite,numberOfRobotsOnWhiteSite
6925,19,22
timeStep,numberOfRobotsOnBlackSite,numberOfRobotsOnWhiteSite
6926,19,22
timeStep,numberOfRobotsOnBlackSite,numberOfRobotsOnWhiteSite
6927,19,22
timeStep,numberOfRobotsOnBlackSite,numberOfRobotsOnWhiteSite
6928,19,22
timeStep,numberOfRobotsOnBlackSite,numberOfRobotsOnWhiteSite
6929,19,22
timeStep,numberOfRobotsOnBlackSite,numberOfRobotsOnWhiteSite
6930,19,22
timeStep,numberOfRobotsOnBlackSite,numberOfRobotsOnWhiteSite
6931,19,22
timeStep,numberOfRobotsOnBlackSite,numberOfRobotsOnWhiteSite
6932,19,22
timeStep,numberOfRobotsOnBlackSite,numberOfRobotsOnWhiteSite
6933,19,22
timeStep,numberOfRobotsOnBlackSite,numberOfRobotsOnWhiteSite
6934,19,22
timeStep,numberOfRobotsOnBlackSite,numberOfRobotsOnWhiteSite
6935,19,22
timeStep,numberOfRobotsOnBlackSite,numberOfRobotsOnWhiteSite
6936,19,22
timeStep,numberOfRobotsOnBlackSite,numberOfRobotsOnWhiteSite
6937,19,22
timeStep,numberOfRobotsOnBlackSite,numberOfRobotsOnWhiteSite
6938,19,22
timeStep,numberOfRobotsOnBlackSite,numberOfRobotsOnWhiteSite
6939,19,22
timeStep,numberOfRobotsOnBlackSite,numberOfRobotsOnWhiteSite
6940,19,22
timeStep,numberOfRobotsOnBlackSite,numberOfRobotsOnWhiteSite
6941,19,22
timeStep,numberOfRobotsOnBlackSite,numberOfRobotsOnWhiteSite
6942,19,22
timeStep,numberOfRobotsOnBlackSite,numberOfRobotsOnWhiteSite
6943,19,22
timeStep,numberOfRobotsOnBlackSite,numberOfRobotsOnWhiteSite
6944,19,22
timeStep,numberOfRobotsOnBlackSite,numberOfRobotsOnWhiteSite
6945,19,22
timeStep,numberOfRobotsOnBlackSite,numberOfRobotsOnWhiteSite
6946,19,22
timeStep,numberOfRobotsOnBlackSite,numberOfRobotsOnWhiteSite
6947,19,22
timeStep,numberOfRobotsOnBlackSite,numberOfRobotsOnWhiteSite
6948,19,22
timeStep,numberOfRobotsOnBlackSite,numberOfRobotsOnWhiteSite
6949,19,22
timeStep,numberOfRobotsOnBlackSite,numberOfRobotsOnWhiteSite
6950,19,22
timeStep,numberOfRobotsOnBlackSite,numberOfRobotsOnWhiteSite
6951,19,22
timeStep,numberOfRobotsOnBlackSite,numberOfRobotsOnWhiteSite
6952,19,22
timeStep,numberOfRobotsOnBlackSite,numberOfRobotsOnWhiteSite
6953,19,22
timeStep,numberOfRobotsOnBlackSite,numberOfRobotsOnWhiteSite
6954,19,22
timeStep,numberOfRobotsOnBlackSite,numberOfRobotsOnWhiteSite
6955,19,22
timeStep,numberOfRobotsOnBlackSite,numberOfRobotsOnWhiteSite
6956,19,22
timeStep,numberOfRobotsOnBlackSite,numberOfRobotsOnWhiteSite
6957,19,22
timeStep,numberOfRobotsOnBlackSite,numberOfRobotsOnWhiteSite
6958,19,22
timeStep,numberOfRobotsOnBlackSite,numberOfRobotsOnWhiteSite
6959,19,22
timeStep,numberOfRobotsOnBlackSite,numberOfRobotsOnWhiteSite
6960,19,22
timeStep,numberOfRobotsOnBlackSite,numberOfRobotsOnWhiteSite
6961,19,22
timeStep,numberOfRobotsOnBlackSite,numberOfRobotsOnWhiteSite
6962,19,22
timeStep,numberOfRobotsOnBlackSite,numberOfRobotsOnWhiteSite
6963,19,22
timeStep,numberOfRobotsOnBlackSite,numberOfRobotsOnWhiteSite
6964,19,22
timeStep,numberOfRobotsOnBlackSite,numberOfRobotsOnWhiteSite
6965,19,22
timeStep,numberOfRobotsOnBlackSite,numberOfRobotsOnWhiteSite
6966,19,22
timeStep,numberOfRobotsOnBlackSite,numberOfRobotsOnWhiteSite
6967,19,22
timeStep,numberOfRobotsOnBlackSite,numberOfRobotsOnWhiteSite
6968,19,22
timeStep,numberOfRobotsOnBlackSite,numberOfRobotsOnWhiteSite
6969,19,22
timeStep,numberOfRobotsOnBlackSite,numberOfRobotsOnWhiteSite
6970,19,22
timeStep,numberOfRobotsOnBlackSite,numberOfRobotsOnWhiteSite
6971,19,22
timeStep,numberOfRobotsOnBlackSite,numberOfRobotsOnWhiteSite
6972,19,22
timeStep,numberOfRobotsOnBlackSite,numberOfRobotsOnWhiteSite
6973,19,22
timeStep,numberOfRobotsOnBlackSite,numberOfRobotsOnWhiteSite
6974,19,22
timeStep,numberOfRobotsOnBlackSite,numberOfRobotsOnWhiteSite
6975,19,21
timeStep,numberOfRobotsOnBlackSite,numberOfRobotsOnWhiteSite
6976,19,21
timeStep,numberOfRobotsOnBlackSite,numberOfRobotsOnWhiteSite
6977,19,21
timeStep,numberOfRobotsOnBlackSite,numberOfRobotsOnWhiteSite
6978,19,21
timeStep,numberOfRobotsOnBlackSite,numberOfRobotsOnWhiteSite
6979,19,21
timeStep,numberOfRobotsOnBlackSite,numberOfRobotsOnWhiteSite
6980,19,21
timeStep,numberOfRobotsOnBlackSite,numberOfRobotsOnWhiteSite
6981,19,21
timeStep,numberOfRobotsOnBlackSite,numberOfRobotsOnWhiteSite
6982,19,21
timeStep,numberOfRobotsOnBlackSite,numberOfRobotsOnWhiteSite
6983,19,21
timeStep,numberOfRobotsOnBlackSite,numberOfRobotsOnWhiteSite
6984,19,21
timeStep,numberOfRobotsOnBlackSite,numberOfRobotsOnWhiteSite
6985,19,21
timeStep,numberOfRobotsOnBlackSite,numberOfRobotsOnWhiteSite
6986,19,21
timeStep,numberOfRobotsOnBlackSite,numberOfRobotsOnWhiteSite
6987,19,21
timeStep,numberOfRobotsOnBlackSite,numberOfRobotsOnWhiteSite
6988,19,21
timeStep,numberOfRobotsOnBlackSite,numberOfRobotsOnWhiteSite
6989,19,21
timeStep,numberOfRobotsOnBlackSite,numberOfRobotsOnWhiteSite
6990,19,21
timeStep,numberOfRobotsOnBlackSite,numberOfRobotsOnWhiteSite
6991,19,21
timeStep,numberOfRobotsOnBlackSite,numberOfRobotsOnWhiteSite
6992,19,21
timeStep,numberOfRobotsOnBlackSite,numberOfRobotsOnWhiteSite
6993,19,21
timeStep,numberOfRobotsOnBlackSite,numberOfRobotsOnWhiteSite
6994,19,21
timeStep,numberOfRobotsOnBlackSite,numberOfRobotsOnWhiteSite
6995,19,21
timeStep,numberOfRobotsOnBlackSite,numberOfRobotsOnWhiteSite
6996,19,21
timeStep,numberOfRobotsOnBlackSite,numberOfRobotsOnWhiteSite
6997,19,21
timeStep,numberOfRobotsOnBlackSite,numberOfRobotsOnWhiteSite
6998,19,21
timeStep,numberOfRobotsOnBlackSite,numberOfRobotsOnWhiteSite
6999,19,21
timeStep,numberOfRobotsOnBlackSite,numberOfRobotsOnWhiteSite
7000,19,21
timeStep,numberOfRobotsOnBlackSite,numberOfRobotsOnWhiteSite
7001,19,21
timeStep,numberOfRobotsOnBlackSite,numberOfRobotsOnWhiteSite
7002,19,21
timeStep,numberOfRobotsOnBlackSite,numberOfRobotsOnWhiteSite
7003,19,21
timeStep,numberOfRobotsOnBlackSite,numberOfRobotsOnWhiteSite
7004,19,21
timeStep,numberOfRobotsOnBlackSite,numberOfRobotsOnWhiteSite
7005,19,21
timeStep,numberOfRobotsOnBlackSite,numberOfRobotsOnWhiteSite
7006,19,21
timeStep,numberOfRobotsOnBlackSite,numberOfRobotsOnWhiteSite
7007,19,21
timeStep,numberOfRobotsOnBlackSite,numberOfRobotsOnWhiteSite
7008,19,21
timeStep,numberOfRobotsOnBlackSite,numberOfRobotsOnWhiteSite
7009,19,21
timeStep,numberOfRobotsOnBlackSite,numberOfRobotsOnWhiteSite
7010,19,21
timeStep,numberOfRobotsOnBlackSite,numberOfRobotsOnWhiteSite
7011,19,21
timeStep,numberOfRobotsOnBlackSite,numberOfRobotsOnWhiteSite
7012,19,21
timeStep,numberOfRobotsOnBlackSite,numberOfRobotsOnWhiteSite
7013,19,21
timeStep,numberOfRobotsOnBlackSite,numberOfRobotsOnWhiteSite
7014,19,21
timeStep,numberOfRobotsOnBlackSite,numberOfRobotsOnWhiteSite
7015,19,21
timeStep,numberOfRobotsOnBlackSite,numberOfRobotsOnWhiteSite
7016,19,21
timeStep,numberOfRobotsOnBlackSite,numberOfRobotsOnWhiteSite
7017,19,21
timeStep,numberOfRobotsOnBlackSite,numberOfRobotsOnWhiteSite
7018,19,21
timeStep,numberOfRobotsOnBlackSite,numberOfRobotsOnWhiteSite
7019,19,21
timeStep,numberOfRobotsOnBlackSite,numberOfRobotsOnWhiteSite
7020,19,21
timeStep,numberOfRobotsOnBlackSite,numberOfRobotsOnWhiteSite
7021,19,21
timeStep,numberOfRobotsOnBlackSite,numberOfRobotsOnWhiteSite
7022,19,21
timeStep,numberOfRobotsOnBlackSite,numberOfRobotsOnWhiteSite
7023,19,21
timeStep,numberOfRobotsOnBlackSite,numberOfRobotsOnWhiteSite
7024,19,21
timeStep,numberOfRobotsOnBlackSite,numberOfRobotsOnWhiteSite
7025,19,21
timeStep,numberOfRobotsOnBlackSite,numberOfRobotsOnWhiteSite
7026,19,21
timeStep,numberOfRobotsOnBlackSite,numberOfRobotsOnWhiteSite
7027,19,21
timeStep,numberOfRobotsOnBlackSite,numberOfRobotsOnWhiteSite
7028,19,21
timeStep,numberOfRobotsOnBlackSite,numberOfRobotsOnWhiteSite
7029,19,21
timeStep,numberOfRobotsOnBlackSite,numberOfRobotsOnWhiteSite
7030,19,21
timeStep,numberOfRobotsOnBlackSite,numberOfRobotsOnWhiteSite
7031,19,21
timeStep,numberOfRobotsOnBlackSite,numberOfRobotsOnWhiteSite
7032,19,21
timeStep,numberOfRobotsOnBlackSite,numberOfRobotsOnWhiteSite
7033,19,21
timeStep,numberOfRobotsOnBlackSite,numberOfRobotsOnWhiteSite
7034,19,21
timeStep,numberOfRobotsOnBlackSite,numberOfRobotsOnWhiteSite
7035,19,21
timeStep,numberOfRobotsOnBlackSite,numberOfRobotsOnWhiteSite
7036,19,21
timeStep,numberOfRobotsOnBlackSite,numberOfRobotsOnWhiteSite
7037,19,21
timeStep,numberOfRobotsOnBlackSite,numberOfRobotsOnWhiteSite
7038,19,21
timeStep,numberOfRobotsOnBlackSite,numberOfRobotsOnWhiteSite
7039,19,21
timeStep,numberOfRobotsOnBlackSite,numberOfRobotsOnWhiteSite
7040,19,21
timeStep,numberOfRobotsOnBlackSite,numberOfRobotsOnWhiteSite
7041,19,21
timeStep,numberOfRobotsOnBlackSite,numberOfRobotsOnWhiteSite
7042,19,21
timeStep,numberOfRobotsOnBlackSite,numberOfRobotsOnWhiteSite
7043,19,21
timeStep,numberOfRobotsOnBlackSite,numberOfRobotsOnWhiteSite
7044,19,21
timeStep,numberOfRobotsOnBlackSite,numberOfRobotsOnWhiteSite
7045,19,21
timeStep,numberOfRobotsOnBlackSite,numberOfRobotsOnWhiteSite
7046,19,21
timeStep,numberOfRobotsOnBlackSite,numberOfRobotsOnWhiteSite
7047,19,21
timeStep,numberOfRobotsOnBlackSite,numberOfRobotsOnWhiteSite
7048,19,21
timeStep,numberOfRobotsOnBlackSite,numberOfRobotsOnWhiteSite
7049,19,21
timeStep,numberOfRobotsOnBlackSite,numberOfRobotsOnWhiteSite
7050,19,21
timeStep,numberOfRobotsOnBlackSite,numberOfRobotsOnWhiteSite
7051,19,21
timeStep,numberOfRobotsOnBlackSite,numberOfRobotsOnWhiteSite
7052,19,21
timeStep,numberOfRobotsOnBlackSite,numberOfRobotsOnWhiteSite
7053,19,21
timeStep,numberOfRobotsOnBlackSite,numberOfRobotsOnWhiteSite
7054,19,21
timeStep,numberOfRobotsOnBlackSite,numberOfRobotsOnWhiteSite
7055,19,20
timeStep,numberOfRobotsOnBlackSite,numberOfRobotsOnWhiteSite
7056,19,20
timeStep,numberOfRobotsOnBlackSite,numberOfRobotsOnWhiteSite
7057,19,20
timeStep,numberOfRobotsOnBlackSite,numberOfRobotsOnWhiteSite
7058,19,20
timeStep,numberOfRobotsOnBlackSite,numberOfRobotsOnWhiteSite
7059,19,20
timeStep,numberOfRobotsOnBlackSite,numberOfRobotsOnWhiteSite
7060,19,20
timeStep,numberOfRobotsOnBlackSite,numberOfRobotsOnWhiteSite
7061,19,20
timeStep,numberOfRobotsOnBlackSite,numberOfRobotsOnWhiteSite
7062,19,20
timeStep,numberOfRobotsOnBlackSite,numberOfRobotsOnWhiteSite
7063,19,20
timeStep,numberOfRobotsOnBlackSite,numberOfRobotsOnWhiteSite
7064,19,20
timeStep,numberOfRobotsOnBlackSite,numberOfRobotsOnWhiteSite
7065,20,20
timeStep,numberOfRobotsOnBlackSite,numberOfRobotsOnWhiteSite
7066,20,20
timeStep,numberOfRobotsOnBlackSite,numberOfRobotsOnWhiteSite
7067,20,20
timeStep,numberOfRobotsOnBlackSite,numberOfRobotsOnWhiteSite
7068,20,20
timeStep,numberOfRobotsOnBlackSite,numberOfRobotsOnWhiteSite
7069,20,20
timeStep,numberOfRobotsOnBlackSite,numberOfRobotsOnWhiteSite
7070,20,20
timeStep,numberOfRobotsOnBlackSite,numberOfRobotsOnWhiteSite
7071,20,20
timeStep,numberOfRobotsOnBlackSite,numberOfRobotsOnWhiteSite
7072,20,20
timeStep,numberOfRobotsOnBlackSite,numberOfRobotsOnWhiteSite
7073,20,20
timeStep,numberOfRobotsOnBlackSite,numberOfRobotsOnWhiteSite
7074,20,20
timeStep,numberOfRobotsOnBlackSite,numberOfRobotsOnWhiteSite
7075,20,20
timeStep,numberOfRobotsOnBlackSite,numberOfRobotsOnWhiteSite
7076,20,20
timeStep,numberOfRobotsOnBlackSite,numberOfRobotsOnWhiteSite
7077,20,20
timeStep,numberOfRobotsOnBlackSite,numberOfRobotsOnWhiteSite
7078,20,20
timeStep,numberOfRobotsOnBlackSite,numberOfRobotsOnWhiteSite
7079,20,20
timeStep,numberOfRobotsOnBlackSite,numberOfRobotsOnWhiteSite
7080,20,21
timeStep,numberOfRobotsOnBlackSite,numberOfRobotsOnWhiteSite
7081,20,21
timeStep,numberOfRobotsOnBlackSite,numberOfRobotsOnWhiteSite
7082,20,21
timeStep,numberOfRobotsOnBlackSite,numberOfRobotsOnWhiteSite
7083,20,21
timeStep,numberOfRobotsOnBlackSite,numberOfRobotsOnWhiteSite
7084,20,21
timeStep,numberOfRobotsOnBlackSite,numberOfRobotsOnWhiteSite
7085,20,21
timeStep,numberOfRobotsOnBlackSite,numberOfRobotsOnWhiteSite
7086,20,21
timeStep,numberOfRobotsOnBlackSite,numberOfRobotsOnWhiteSite
7087,20,21
timeStep,numberOfRobotsOnBlackSite,numberOfRobotsOnWhiteSite
7088,20,21
timeStep,numberOfRobotsOnBlackSite,numberOfRobotsOnWhiteSite
7089,20,21
timeStep,numberOfRobotsOnBlackSite,numberOfRobotsOnWhiteSite
7090,20,21
timeStep,numberOfRobotsOnBlackSite,numberOfRobotsOnWhiteSite
7091,20,21
timeStep,numberOfRobotsOnBlackSite,numberOfRobotsOnWhiteSite
7092,20,21
timeStep,numberOfRobotsOnBlackSite,numberOfRobotsOnWhiteSite
7093,20,21
timeStep,numberOfRobotsOnBlackSite,numberOfRobotsOnWhiteSite
7094,20,21
timeStep,numberOfRobotsOnBlackSite,numberOfRobotsOnWhiteSite
7095,20,21
timeStep,numberOfRobotsOnBlackSite,numberOfRobotsOnWhiteSite
7096,20,21
timeStep,numberOfRobotsOnBlackSite,numberOfRobotsOnWhiteSite
7097,20,21
timeStep,numberOfRobotsOnBlackSite,numberOfRobotsOnWhiteSite
7098,20,21
timeStep,numberOfRobotsOnBlackSite,numberOfRobotsOnWhiteSite
7099,20,21
timeStep,numberOfRobotsOnBlackSite,numberOfRobotsOnWhiteSite
7100,20,21
timeStep,numberOfRobotsOnBlackSite,numberOfRobotsOnWhiteSite
7101,20,21
timeStep,numberOfRobotsOnBlackSite,numberOfRobotsOnWhiteSite
7102,20,21
timeStep,numberOfRobotsOnBlackSite,numberOfRobotsOnWhiteSite
7103,20,21
timeStep,numberOfRobotsOnBlackSite,numberOfRobotsOnWhiteSite
7104,20,21
timeStep,numberOfRobotsOnBlackSite,numberOfRobotsOnWhiteSite
7105,20,21
timeStep,numberOfRobotsOnBlackSite,numberOfRobotsOnWhiteSite
7106,20,21
timeStep,numberOfRobotsOnBlackSite,numberOfRobotsOnWhiteSite
7107,20,21
timeStep,numberOfRobotsOnBlackSite,numberOfRobotsOnWhiteSite
7108,20,21
timeStep,numberOfRobotsOnBlackSite,numberOfRobotsOnWhiteSite
7109,20,21
timeStep,numberOfRobotsOnBlackSite,numberOfRobotsOnWhiteSite
7110,20,21
timeStep,numberOfRobotsOnBlackSite,numberOfRobotsOnWhiteSite
7111,20,21
timeStep,numberOfRobotsOnBlackSite,numberOfRobotsOnWhiteSite
7112,20,21
timeStep,numberOfRobotsOnBlackSite,numberOfRobotsOnWhiteSite
7113,20,21
timeStep,numberOfRobotsOnBlackSite,numberOfRobotsOnWhiteSite
7114,20,21
timeStep,numberOfRobotsOnBlackSite,numberOfRobotsOnWhiteSite
7115,20,21
timeStep,numberOfRobotsOnBlackSite,numberOfRobotsOnWhiteSite
7116,20,21
timeStep,numberOfRobotsOnBlackSite,numberOfRobotsOnWhiteSite
7117,20,21
timeStep,numberOfRobotsOnBlackSite,numberOfRobotsOnWhiteSite
7118,20,21
timeStep,numberOfRobotsOnBlackSite,numberOfRobotsOnWhiteSite
7119,20,21
timeStep,numberOfRobotsOnBlackSite,numberOfRobotsOnWhiteSite
7120,19,21
timeStep,numberOfRobotsOnBlackSite,numberOfRobotsOnWhiteSite
7121,19,21
timeStep,numberOfRobotsOnBlackSite,numberOfRobotsOnWhiteSite
7122,19,21
timeStep,numberOfRobotsOnBlackSite,numberOfRobotsOnWhiteSite
7123,19,21
timeStep,numberOfRobotsOnBlackSite,numberOfRobotsOnWhiteSite
7124,19,21
timeStep,numberOfRobotsOnBlackSite,numberOfRobotsOnWhiteSite
7125,19,21
timeStep,numberOfRobotsOnBlackSite,numberOfRobotsOnWhiteSite
7126,19,21
timeStep,numberOfRobotsOnBlackSite,numberOfRobotsOnWhiteSite
7127,19,21
timeStep,numberOfRobotsOnBlackSite,numberOfRobotsOnWhiteSite
7128,19,21
timeStep,numberOfRobotsOnBlackSite,numberOfRobotsOnWhiteSite
7129,19,21
timeStep,numberOfRobotsOnBlackSite,numberOfRobotsOnWhiteSite
7130,19,21
timeStep,numberOfRobotsOnBlackSite,numberOfRobotsOnWhiteSite
7131,19,21
timeStep,numberOfRobotsOnBlackSite,numberOfRobotsOnWhiteSite
7132,19,21
timeStep,numberOfRobotsOnBlackSite,numberOfRobotsOnWhiteSite
7133,19,21
timeStep,numberOfRobotsOnBlackSite,numberOfRobotsOnWhiteSite
7134,19,21
timeStep,numberOfRobotsOnBlackSite,numberOfRobotsOnWhiteSite
7135,18,21
timeStep,numberOfRobotsOnBlackSite,numberOfRobotsOnWhiteSite
7136,18,21
timeStep,numberOfRobotsOnBlackSite,numberOfRobotsOnWhiteSite
7137,18,21
timeStep,numberOfRobotsOnBlackSite,numberOfRobotsOnWhiteSite
7138,18,21
timeStep,numberOfRobotsOnBlackSite,numberOfRobotsOnWhiteSite
7139,18,21
timeStep,numberOfRobotsOnBlackSite,numberOfRobotsOnWhiteSite
7140,18,21
timeStep,numberOfRobotsOnBlackSite,numberOfRobotsOnWhiteSite
7141,18,21
timeStep,numberOfRobotsOnBlackSite,numberOfRobotsOnWhiteSite
7142,18,21
timeStep,numberOfRobotsOnBlackSite,numberOfRobotsOnWhiteSite
7143,18,21
timeStep,numberOfRobotsOnBlackSite,numberOfRobotsOnWhiteSite
7144,18,21
timeStep,numberOfRobotsOnBlackSite,numberOfRobotsOnWhiteSite
7145,18,21
timeStep,numberOfRobotsOnBlackSite,numberOfRobotsOnWhiteSite
7146,18,21
timeStep,numberOfRobotsOnBlackSite,numberOfRobotsOnWhiteSite
7147,18,21
timeStep,numberOfRobotsOnBlackSite,numberOfRobotsOnWhiteSite
7148,18,21
timeStep,numberOfRobotsOnBlackSite,numberOfRobotsOnWhiteSite
7149,18,21
timeStep,numberOfRobotsOnBlackSite,numberOfRobotsOnWhiteSite
7150,18,21
timeStep,numberOfRobotsOnBlackSite,numberOfRobotsOnWhiteSite
7151,18,21
timeStep,numberOfRobotsOnBlackSite,numberOfRobotsOnWhiteSite
7152,18,21
timeStep,numberOfRobotsOnBlackSite,numberOfRobotsOnWhiteSite
7153,18,21
timeStep,numberOfRobotsOnBlackSite,numberOfRobotsOnWhiteSite
7154,18,21
timeStep,numberOfRobotsOnBlackSite,numberOfRobotsOnWhiteSite
7155,18,21
timeStep,numberOfRobotsOnBlackSite,numberOfRobotsOnWhiteSite
7156,18,21
timeStep,numberOfRobotsOnBlackSite,numberOfRobotsOnWhiteSite
7157,18,21
timeStep,numberOfRobotsOnBlackSite,numberOfRobotsOnWhiteSite
7158,18,21
timeStep,numberOfRobotsOnBlackSite,numberOfRobotsOnWhiteSite
7159,18,21
timeStep,numberOfRobotsOnBlackSite,numberOfRobotsOnWhiteSite
7160,18,21
timeStep,numberOfRobotsOnBlackSite,numberOfRobotsOnWhiteSite
7161,18,21
timeStep,numberOfRobotsOnBlackSite,numberOfRobotsOnWhiteSite
7162,18,21
timeStep,numberOfRobotsOnBlackSite,numberOfRobotsOnWhiteSite
7163,18,21
timeStep,numberOfRobotsOnBlackSite,numberOfRobotsOnWhiteSite
7164,18,21
timeStep,numberOfRobotsOnBlackSite,numberOfRobotsOnWhiteSite
7165,18,21
timeStep,numberOfRobotsOnBlackSite,numberOfRobotsOnWhiteSite
7166,18,21
timeStep,numberOfRobotsOnBlackSite,numberOfRobotsOnWhiteSite
7167,18,21
timeStep,numberOfRobotsOnBlackSite,numberOfRobotsOnWhiteSite
7168,18,21
timeStep,numberOfRobotsOnBlackSite,numberOfRobotsOnWhiteSite
7169,18,21
timeStep,numberOfRobotsOnBlackSite,numberOfRobotsOnWhiteSite
7170,18,21
timeStep,numberOfRobotsOnBlackSite,numberOfRobotsOnWhiteSite
7171,18,21
timeStep,numberOfRobotsOnBlackSite,numberOfRobotsOnWhiteSite
7172,18,21
timeStep,numberOfRobotsOnBlackSite,numberOfRobotsOnWhiteSite
7173,18,21
timeStep,numberOfRobotsOnBlackSite,numberOfRobotsOnWhiteSite
7174,18,21
timeStep,numberOfRobotsOnBlackSite,numberOfRobotsOnWhiteSite
7175,18,21
timeStep,numberOfRobotsOnBlackSite,numberOfRobotsOnWhiteSite
7176,18,21
timeStep,numberOfRobotsOnBlackSite,numberOfRobotsOnWhiteSite
7177,18,21
timeStep,numberOfRobotsOnBlackSite,numberOfRobotsOnWhiteSite
7178,18,21
timeStep,numberOfRobotsOnBlackSite,numberOfRobotsOnWhiteSite
7179,18,21
timeStep,numberOfRobotsOnBlackSite,numberOfRobotsOnWhiteSite
7180,18,22
timeStep,numberOfRobotsOnBlackSite,numberOfRobotsOnWhiteSite
7181,18,22
timeStep,numberOfRobotsOnBlackSite,numberOfRobotsOnWhiteSite
7182,18,22
timeStep,numberOfRobotsOnBlackSite,numberOfRobotsOnWhiteSite
7183,18,22
timeStep,numberOfRobotsOnBlackSite,numberOfRobotsOnWhiteSite
7184,18,22
timeStep,numberOfRobotsOnBlackSite,numberOfRobotsOnWhiteSite
7185,18,22
timeStep,numberOfRobotsOnBlackSite,numberOfRobotsOnWhiteSite
7186,18,22
timeStep,numberOfRobotsOnBlackSite,numberOfRobotsOnWhiteSite
7187,18,22
timeStep,numberOfRobotsOnBlackSite,numberOfRobotsOnWhiteSite
7188,18,22
timeStep,numberOfRobotsOnBlackSite,numberOfRobotsOnWhiteSite
7189,18,22
timeStep,numberOfRobotsOnBlackSite,numberOfRobotsOnWhiteSite
7190,18,22
timeStep,numberOfRobotsOnBlackSite,numberOfRobotsOnWhiteSite
7191,18,22
timeStep,numberOfRobotsOnBlackSite,numberOfRobotsOnWhiteSite
7192,18,22
timeStep,numberOfRobotsOnBlackSite,numberOfRobotsOnWhiteSite
7193,18,22
timeStep,numberOfRobotsOnBlackSite,numberOfRobotsOnWhiteSite
7194,18,22
timeStep,numberOfRobotsOnBlackSite,numberOfRobotsOnWhiteSite
7195,18,22
timeStep,numberOfRobotsOnBlackSite,numberOfRobotsOnWhiteSite
7196,18,22
timeStep,numberOfRobotsOnBlackSite,numberOfRobotsOnWhiteSite
7197,18,22
timeStep,numberOfRobotsOnBlackSite,numberOfRobotsOnWhiteSite
7198,18,22
timeStep,numberOfRobotsOnBlackSite,numberOfRobotsOnWhiteSite
7199,18,22
timeStep,numberOfRobotsOnBlackSite,numberOfRobotsOnWhiteSite
7200,18,22
timeStep,numberOfRobotsOnBlackSite,numberOfRobotsOnWhiteSite
7201,18,22
timeStep,numberOfRobotsOnBlackSite,numberOfRobotsOnWhiteSite
7202,18,22
timeStep,numberOfRobotsOnBlackSite,numberOfRobotsOnWhiteSite
7203,18,22
timeStep,numberOfRobotsOnBlackSite,numberOfRobotsOnWhiteSite
7204,18,22
timeStep,numberOfRobotsOnBlackSite,numberOfRobotsOnWhiteSite
7205,18,22
timeStep,numberOfRobotsOnBlackSite,numberOfRobotsOnWhiteSite
7206,18,22
timeStep,numberOfRobotsOnBlackSite,numberOfRobotsOnWhiteSite
7207,18,22
timeStep,numberOfRobotsOnBlackSite,numberOfRobotsOnWhiteSite
7208,18,22
timeStep,numberOfRobotsOnBlackSite,numberOfRobotsOnWhiteSite
7209,18,22
timeStep,numberOfRobotsOnBlackSite,numberOfRobotsOnWhiteSite
7210,18,22
timeStep,numberOfRobotsOnBlackSite,numberOfRobotsOnWhiteSite
7211,18,22
timeStep,numberOfRobotsOnBlackSite,numberOfRobotsOnWhiteSite
7212,18,22
timeStep,numberOfRobotsOnBlackSite,numberOfRobotsOnWhiteSite
7213,18,22
timeStep,numberOfRobotsOnBlackSite,numberOfRobotsOnWhiteSite
7214,18,22
timeStep,numberOfRobotsOnBlackSite,numberOfRobotsOnWhiteSite
7215,18,22
timeStep,numberOfRobotsOnBlackSite,numberOfRobotsOnWhiteSite
7216,18,22
timeStep,numberOfRobotsOnBlackSite,numberOfRobotsOnWhiteSite
7217,18,22
timeStep,numberOfRobotsOnBlackSite,numberOfRobotsOnWhiteSite
7218,18,22
timeStep,numberOfRobotsOnBlackSite,numberOfRobotsOnWhiteSite
7219,18,22
timeStep,numberOfRobotsOnBlackSite,numberOfRobotsOnWhiteSite
7220,18,22
timeStep,numberOfRobotsOnBlackSite,numberOfRobotsOnWhiteSite
7221,18,22
timeStep,numberOfRobotsOnBlackSite,numberOfRobotsOnWhiteSite
7222,18,22
timeStep,numberOfRobotsOnBlackSite,numberOfRobotsOnWhiteSite
7223,18,22
timeStep,numberOfRobotsOnBlackSite,numberOfRobotsOnWhiteSite
7224,18,22
timeStep,numberOfRobotsOnBlackSite,numberOfRobotsOnWhiteSite
7225,18,22
timeStep,numberOfRobotsOnBlackSite,numberOfRobotsOnWhiteSite
7226,18,22
timeStep,numberOfRobotsOnBlackSite,numberOfRobotsOnWhiteSite
7227,18,22
timeStep,numberOfRobotsOnBlackSite,numberOfRobotsOnWhiteSite
7228,18,22
timeStep,numberOfRobotsOnBlackSite,numberOfRobotsOnWhiteSite
7229,18,22
timeStep,numberOfRobotsOnBlackSite,numberOfRobotsOnWhiteSite
7230,18,22
timeStep,numberOfRobotsOnBlackSite,numberOfRobotsOnWhiteSite
7231,18,22
timeStep,numberOfRobotsOnBlackSite,numberOfRobotsOnWhiteSite
7232,18,22
timeStep,numberOfRobotsOnBlackSite,numberOfRobotsOnWhiteSite
7233,18,22
timeStep,numberOfRobotsOnBlackSite,numberOfRobotsOnWhiteSite
7234,18,22
timeStep,numberOfRobotsOnBlackSite,numberOfRobotsOnWhiteSite
7235,18,22
timeStep,numberOfRobotsOnBlackSite,numberOfRobotsOnWhiteSite
7236,18,22
timeStep,numberOfRobotsOnBlackSite,numberOfRobotsOnWhiteSite
7237,18,22
timeStep,numberOfRobotsOnBlackSite,numberOfRobotsOnWhiteSite
7238,18,22
timeStep,numberOfRobotsOnBlackSite,numberOfRobotsOnWhiteSite
7239,18,22
timeStep,numberOfRobotsOnBlackSite,numberOfRobotsOnWhiteSite
7240,18,22
timeStep,numberOfRobotsOnBlackSite,numberOfRobotsOnWhiteSite
7241,18,22
timeStep,numberOfRobotsOnBlackSite,numberOfRobotsOnWhiteSite
7242,18,22
timeStep,numberOfRobotsOnBlackSite,numberOfRobotsOnWhiteSite
7243,18,22
timeStep,numberOfRobotsOnBlackSite,numberOfRobotsOnWhiteSite
7244,18,22
timeStep,numberOfRobotsOnBlackSite,numberOfRobotsOnWhiteSite
7245,18,22
timeStep,numberOfRobotsOnBlackSite,numberOfRobotsOnWhiteSite
7246,18,22
timeStep,numberOfRobotsOnBlackSite,numberOfRobotsOnWhiteSite
7247,18,22
timeStep,numberOfRobotsOnBlackSite,numberOfRobotsOnWhiteSite
7248,18,22
timeStep,numberOfRobotsOnBlackSite,numberOfRobotsOnWhiteSite
7249,18,22
timeStep,numberOfRobotsOnBlackSite,numberOfRobotsOnWhiteSite
7250,18,22
timeStep,numberOfRobotsOnBlackSite,numberOfRobotsOnWhiteSite
7251,18,22
timeStep,numberOfRobotsOnBlackSite,numberOfRobotsOnWhiteSite
7252,18,22
timeStep,numberOfRobotsOnBlackSite,numberOfRobotsOnWhiteSite
7253,18,22
timeStep,numberOfRobotsOnBlackSite,numberOfRobotsOnWhiteSite
7254,18,22
timeStep,numberOfRobotsOnBlackSite,numberOfRobotsOnWhiteSite
7255,18,22
timeStep,numberOfRobotsOnBlackSite,numberOfRobotsOnWhiteSite
7256,18,22
timeStep,numberOfRobotsOnBlackSite,numberOfRobotsOnWhiteSite
7257,18,22
timeStep,numberOfRobotsOnBlackSite,numberOfRobotsOnWhiteSite
7258,18,22
timeStep,numberOfRobotsOnBlackSite,numberOfRobotsOnWhiteSite
7259,18,22
timeStep,numberOfRobotsOnBlackSite,numberOfRobotsOnWhiteSite
7260,18,22
timeStep,numberOfRobotsOnBlackSite,numberOfRobotsOnWhiteSite
7261,18,22
timeStep,numberOfRobotsOnBlackSite,numberOfRobotsOnWhiteSite
7262,18,22
timeStep,numberOfRobotsOnBlackSite,numberOfRobotsOnWhiteSite
7263,18,22
timeStep,numberOfRobotsOnBlackSite,numberOfRobotsOnWhiteSite
7264,18,22
timeStep,numberOfRobotsOnBlackSite,numberOfRobotsOnWhiteSite
7265,18,22
timeStep,numberOfRobotsOnBlackSite,numberOfRobotsOnWhiteSite
7266,18,22
timeStep,numberOfRobotsOnBlackSite,numberOfRobotsOnWhiteSite
7267,18,22
timeStep,numberOfRobotsOnBlackSite,numberOfRobotsOnWhiteSite
7268,18,22
timeStep,numberOfRobotsOnBlackSite,numberOfRobotsOnWhiteSite
7269,18,22
timeStep,numberOfRobotsOnBlackSite,numberOfRobotsOnWhiteSite
7270,18,22
timeStep,numberOfRobotsOnBlackSite,numberOfRobotsOnWhiteSite
7271,18,22
timeStep,numberOfRobotsOnBlackSite,numberOfRobotsOnWhiteSite
7272,18,22
timeStep,numberOfRobotsOnBlackSite,numberOfRobotsOnWhiteSite
7273,18,22
timeStep,numberOfRobotsOnBlackSite,numberOfRobotsOnWhiteSite
7274,18,22
timeStep,numberOfRobotsOnBlackSite,numberOfRobotsOnWhiteSite
7275,18,22
timeStep,numberOfRobotsOnBlackSite,numberOfRobotsOnWhiteSite
7276,18,22
timeStep,numberOfRobotsOnBlackSite,numberOfRobotsOnWhiteSite
7277,18,22
timeStep,numberOfRobotsOnBlackSite,numberOfRobotsOnWhiteSite
7278,18,22
timeStep,numberOfRobotsOnBlackSite,numberOfRobotsOnWhiteSite
7279,18,22
timeStep,numberOfRobotsOnBlackSite,numberOfRobotsOnWhiteSite
7280,18,22
timeStep,numberOfRobotsOnBlackSite,numberOfRobotsOnWhiteSite
7281,18,22
timeStep,numberOfRobotsOnBlackSite,numberOfRobotsOnWhiteSite
7282,18,22
timeStep,numberOfRobotsOnBlackSite,numberOfRobotsOnWhiteSite
7283,18,22
timeStep,numberOfRobotsOnBlackSite,numberOfRobotsOnWhiteSite
7284,18,22
timeStep,numberOfRobotsOnBlackSite,numberOfRobotsOnWhiteSite
7285,18,22
timeStep,numberOfRobotsOnBlackSite,numberOfRobotsOnWhiteSite
7286,18,22
timeStep,numberOfRobotsOnBlackSite,numberOfRobotsOnWhiteSite
7287,18,22
timeStep,numberOfRobotsOnBlackSite,numberOfRobotsOnWhiteSite
7288,18,22
timeStep,numberOfRobotsOnBlackSite,numberOfRobotsOnWhiteSite
7289,18,22
timeStep,numberOfRobotsOnBlackSite,numberOfRobotsOnWhiteSite
7290,18,22
timeStep,numberOfRobotsOnBlackSite,numberOfRobotsOnWhiteSite
7291,18,22
timeStep,numberOfRobotsOnBlackSite,numberOfRobotsOnWhiteSite
7292,18,22
timeStep,numberOfRobotsOnBlackSite,numberOfRobotsOnWhiteSite
7293,18,22
timeStep,numberOfRobotsOnBlackSite,numberOfRobotsOnWhiteSite
7294,18,22
timeStep,numberOfRobotsOnBlackSite,numberOfRobotsOnWhiteSite
7295,18,22
timeStep,numberOfRobotsOnBlackSite,numberOfRobotsOnWhiteSite
7296,18,22
timeStep,numberOfRobotsOnBlackSite,numberOfRobotsOnWhiteSite
7297,18,22
timeStep,numberOfRobotsOnBlackSite,numberOfRobotsOnWhiteSite
7298,18,22
timeStep,numberOfRobotsOnBlackSite,numberOfRobotsOnWhiteSite
7299,18,22
timeStep,numberOfRobotsOnBlackSite,numberOfRobotsOnWhiteSite
7300,18,22
timeStep,numberOfRobotsOnBlackSite,numberOfRobotsOnWhiteSite
7301,18,22
timeStep,numberOfRobotsOnBlackSite,numberOfRobotsOnWhiteSite
7302,18,22
timeStep,numberOfRobotsOnBlackSite,numberOfRobotsOnWhiteSite
7303,18,22
timeStep,numberOfRobotsOnBlackSite,numberOfRobotsOnWhiteSite
7304,18,22
timeStep,numberOfRobotsOnBlackSite,numberOfRobotsOnWhiteSite
7305,18,22
timeStep,numberOfRobotsOnBlackSite,numberOfRobotsOnWhiteSite
7306,18,22
timeStep,numberOfRobotsOnBlackSite,numberOfRobotsOnWhiteSite
7307,18,22
timeStep,numberOfRobotsOnBlackSite,numberOfRobotsOnWhiteSite
7308,18,22
timeStep,numberOfRobotsOnBlackSite,numberOfRobotsOnWhiteSite
7309,18,22
timeStep,numberOfRobotsOnBlackSite,numberOfRobotsOnWhiteSite
7310,18,22
timeStep,numberOfRobotsOnBlackSite,numberOfRobotsOnWhiteSite
7311,18,22
timeStep,numberOfRobotsOnBlackSite,numberOfRobotsOnWhiteSite
7312,18,22
timeStep,numberOfRobotsOnBlackSite,numberOfRobotsOnWhiteSite
7313,18,22
timeStep,numberOfRobotsOnBlackSite,numberOfRobotsOnWhiteSite
7314,18,22
timeStep,numberOfRobotsOnBlackSite,numberOfRobotsOnWhiteSite
7315,18,22
timeStep,numberOfRobotsOnBlackSite,numberOfRobotsOnWhiteSite
7316,18,22
timeStep,numberOfRobotsOnBlackSite,numberOfRobotsOnWhiteSite
7317,18,22
timeStep,numberOfRobotsOnBlackSite,numberOfRobotsOnWhiteSite
7318,18,22
timeStep,numberOfRobotsOnBlackSite,numberOfRobotsOnWhiteSite
7319,18,22
timeStep,numberOfRobotsOnBlackSite,numberOfRobotsOnWhiteSite
7320,18,22
timeStep,numberOfRobotsOnBlackSite,numberOfRobotsOnWhiteSite
7321,18,22
timeStep,numberOfRobotsOnBlackSite,numberOfRobotsOnWhiteSite
7322,18,22
timeStep,numberOfRobotsOnBlackSite,numberOfRobotsOnWhiteSite
7323,18,22
timeStep,numberOfRobotsOnBlackSite,numberOfRobotsOnWhiteSite
7324,18,22
timeStep,numberOfRobotsOnBlackSite,numberOfRobotsOnWhiteSite
7325,18,22
timeStep,numberOfRobotsOnBlackSite,numberOfRobotsOnWhiteSite
7326,18,22
timeStep,numberOfRobotsOnBlackSite,numberOfRobotsOnWhiteSite
7327,18,22
timeStep,numberOfRobotsOnBlackSite,numberOfRobotsOnWhiteSite
7328,18,22
timeStep,numberOfRobotsOnBlackSite,numberOfRobotsOnWhiteSite
7329,18,22
timeStep,numberOfRobotsOnBlackSite,numberOfRobotsOnWhiteSite
7330,18,22
timeStep,numberOfRobotsOnBlackSite,numberOfRobotsOnWhiteSite
7331,18,22
timeStep,numberOfRobotsOnBlackSite,numberOfRobotsOnWhiteSite
7332,18,22
timeStep,numberOfRobotsOnBlackSite,numberOfRobotsOnWhiteSite
7333,18,22
timeStep,numberOfRobotsOnBlackSite,numberOfRobotsOnWhiteSite
7334,18,22
timeStep,numberOfRobotsOnBlackSite,numberOfRobotsOnWhiteSite
7335,18,22
timeStep,numberOfRobotsOnBlackSite,numberOfRobotsOnWhiteSite
7336,18,22
timeStep,numberOfRobotsOnBlackSite,numberOfRobotsOnWhiteSite
7337,18,22
timeStep,numberOfRobotsOnBlackSite,numberOfRobotsOnWhiteSite
7338,18,22
timeStep,numberOfRobotsOnBlackSite,numberOfRobotsOnWhiteSite
7339,18,22
timeStep,numberOfRobotsOnBlackSite,numberOfRobotsOnWhiteSite
7340,18,22
timeStep,numberOfRobotsOnBlackSite,numberOfRobotsOnWhiteSite
7341,18,22
timeStep,numberOfRobotsOnBlackSite,numberOfRobotsOnWhiteSite
7342,18,22
timeStep,numberOfRobotsOnBlackSite,numberOfRobotsOnWhiteSite
7343,18,22
timeStep,numberOfRobotsOnBlackSite,numberOfRobotsOnWhiteSite
7344,18,22
timeStep,numberOfRobotsOnBlackSite,numberOfRobotsOnWhiteSite
7345,18,22
timeStep,numberOfRobotsOnBlackSite,numberOfRobotsOnWhiteSite
7346,18,22
timeStep,numberOfRobotsOnBlackSite,numberOfRobotsOnWhiteSite
7347,18,22
timeStep,numberOfRobotsOnBlackSite,numberOfRobotsOnWhiteSite
7348,18,22
timeStep,numberOfRobotsOnBlackSite,numberOfRobotsOnWhiteSite
7349,18,22
timeStep,numberOfRobotsOnBlackSite,numberOfRobotsOnWhiteSite
7350,18,22
timeStep,numberOfRobotsOnBlackSite,numberOfRobotsOnWhiteSite
7351,18,22
timeStep,numberOfRobotsOnBlackSite,numberOfRobotsOnWhiteSite
7352,18,22
timeStep,numberOfRobotsOnBlackSite,numberOfRobotsOnWhiteSite
7353,18,22
timeStep,numberOfRobotsOnBlackSite,numberOfRobotsOnWhiteSite
7354,18,22
timeStep,numberOfRobotsOnBlackSite,numberOfRobotsOnWhiteSite
7355,18,22
timeStep,numberOfRobotsOnBlackSite,numberOfRobotsOnWhiteSite
7356,18,22
timeStep,numberOfRobotsOnBlackSite,numberOfRobotsOnWhiteSite
7357,18,22
timeStep,numberOfRobotsOnBlackSite,numberOfRobotsOnWhiteSite
7358,18,22
timeStep,numberOfRobotsOnBlackSite,numberOfRobotsOnWhiteSite
7359,18,22
timeStep,numberOfRobotsOnBlackSite,numberOfRobotsOnWhiteSite
7360,18,22
timeStep,numberOfRobotsOnBlackSite,numberOfRobotsOnWhiteSite
7361,18,22
timeStep,numberOfRobotsOnBlackSite,numberOfRobotsOnWhiteSite
7362,18,22
timeStep,numberOfRobotsOnBlackSite,numberOfRobotsOnWhiteSite
7363,18,22
timeStep,numberOfRobotsOnBlackSite,numberOfRobotsOnWhiteSite
7364,18,22
timeStep,numberOfRobotsOnBlackSite,numberOfRobotsOnWhiteSite
7365,18,22
timeStep,numberOfRobotsOnBlackSite,numberOfRobotsOnWhiteSite
7366,18,22
timeStep,numberOfRobotsOnBlackSite,numberOfRobotsOnWhiteSite
7367,18,22
timeStep,numberOfRobotsOnBlackSite,numberOfRobotsOnWhiteSite
7368,18,22
timeStep,numberOfRobotsOnBlackSite,numberOfRobotsOnWhiteSite
7369,18,22
timeStep,numberOfRobotsOnBlackSite,numberOfRobotsOnWhiteSite
7370,18,22
timeStep,numberOfRobotsOnBlackSite,numberOfRobotsOnWhiteSite
7371,18,22
timeStep,numberOfRobotsOnBlackSite,numberOfRobotsOnWhiteSite
7372,18,22
timeStep,numberOfRobotsOnBlackSite,numberOfRobotsOnWhiteSite
7373,18,22
timeStep,numberOfRobotsOnBlackSite,numberOfRobotsOnWhiteSite
7374,18,22
timeStep,numberOfRobotsOnBlackSite,numberOfRobotsOnWhiteSite
7375,18,22
timeStep,numberOfRobotsOnBlackSite,numberOfRobotsOnWhiteSite
7376,18,22
timeStep,numberOfRobotsOnBlackSite,numberOfRobotsOnWhiteSite
7377,18,22
timeStep,numberOfRobotsOnBlackSite,numberOfRobotsOnWhiteSite
7378,18,22
timeStep,numberOfRobotsOnBlackSite,numberOfRobotsOnWhiteSite
7379,18,22
timeStep,numberOfRobotsOnBlackSite,numberOfRobotsOnWhiteSite
7380,18,22
timeStep,numberOfRobotsOnBlackSite,numberOfRobotsOnWhiteSite
7381,18,22
timeStep,numberOfRobotsOnBlackSite,numberOfRobotsOnWhiteSite
7382,18,22
timeStep,numberOfRobotsOnBlackSite,numberOfRobotsOnWhiteSite
7383,18,22
timeStep,numberOfRobotsOnBlackSite,numberOfRobotsOnWhiteSite
7384,18,22
timeStep,numberOfRobotsOnBlackSite,numberOfRobotsOnWhiteSite
7385,18,22
timeStep,numberOfRobotsOnBlackSite,numberOfRobotsOnWhiteSite
7386,18,22
timeStep,numberOfRobotsOnBlackSite,numberOfRobotsOnWhiteSite
7387,18,22
timeStep,numberOfRobotsOnBlackSite,numberOfRobotsOnWhiteSite
7388,18,22
timeStep,numberOfRobotsOnBlackSite,numberOfRobotsOnWhiteSite
7389,18,22
timeStep,numberOfRobotsOnBlackSite,numberOfRobotsOnWhiteSite
7390,18,22
timeStep,numberOfRobotsOnBlackSite,numberOfRobotsOnWhiteSite
7391,18,22
timeStep,numberOfRobotsOnBlackSite,numberOfRobotsOnWhiteSite
7392,18,22
timeStep,numberOfRobotsOnBlackSite,numberOfRobotsOnWhiteSite
7393,18,22
timeStep,numberOfRobotsOnBlackSite,numberOfRobotsOnWhiteSite
7394,18,22
timeStep,numberOfRobotsOnBlackSite,numberOfRobotsOnWhiteSite
7395,18,22
timeStep,numberOfRobotsOnBlackSite,numberOfRobotsOnWhiteSite
7396,18,22
timeStep,numberOfRobotsOnBlackSite,numberOfRobotsOnWhiteSite
7397,18,22
timeStep,numberOfRobotsOnBlackSite,numberOfRobotsOnWhiteSite
7398,18,22
timeStep,numberOfRobotsOnBlackSite,numberOfRobotsOnWhiteSite
7399,18,22
timeStep,numberOfRobotsOnBlackSite,numberOfRobotsOnWhiteSite
7400,18,22
timeStep,numberOfRobotsOnBlackSite,numberOfRobotsOnWhiteSite
7401,18,22
timeStep,numberOfRobotsOnBlackSite,numberOfRobotsOnWhiteSite
7402,18,22
timeStep,numberOfRobotsOnBlackSite,numberOfRobotsOnWhiteSite
7403,18,22
timeStep,numberOfRobotsOnBlackSite,numberOfRobotsOnWhiteSite
7404,18,22
timeStep,numberOfRobotsOnBlackSite,numberOfRobotsOnWhiteSite
7405,18,22
timeStep,numberOfRobotsOnBlackSite,numberOfRobotsOnWhiteSite
7406,18,22
timeStep,numberOfRobotsOnBlackSite,numberOfRobotsOnWhiteSite
7407,18,22
timeStep,numberOfRobotsOnBlackSite,numberOfRobotsOnWhiteSite
7408,18,22
timeStep,numberOfRobotsOnBlackSite,numberOfRobotsOnWhiteSite
7409,18,22
timeStep,numberOfRobotsOnBlackSite,numberOfRobotsOnWhiteSite
7410,18,22
timeStep,numberOfRobotsOnBlackSite,numberOfRobotsOnWhiteSite
7411,18,22
timeStep,numberOfRobotsOnBlackSite,numberOfRobotsOnWhiteSite
7412,18,22
timeStep,numberOfRobotsOnBlackSite,numberOfRobotsOnWhiteSite
7413,18,22
timeStep,numberOfRobotsOnBlackSite,numberOfRobotsOnWhiteSite
7414,18,22
timeStep,numberOfRobotsOnBlackSite,numberOfRobotsOnWhiteSite
7415,18,22
timeStep,numberOfRobotsOnBlackSite,numberOfRobotsOnWhiteSite
7416,18,22
timeStep,numberOfRobotsOnBlackSite,numberOfRobotsOnWhiteSite
7417,18,22
timeStep,numberOfRobotsOnBlackSite,numberOfRobotsOnWhiteSite
7418,18,22
timeStep,numberOfRobotsOnBlackSite,numberOfRobotsOnWhiteSite
7419,18,22
timeStep,numberOfRobotsOnBlackSite,numberOfRobotsOnWhiteSite
7420,18,22
timeStep,numberOfRobotsOnBlackSite,numberOfRobotsOnWhiteSite
7421,18,22
timeStep,numberOfRobotsOnBlackSite,numberOfRobotsOnWhiteSite
7422,18,22
timeStep,numberOfRobotsOnBlackSite,numberOfRobotsOnWhiteSite
7423,18,22
timeStep,numberOfRobotsOnBlackSite,numberOfRobotsOnWhiteSite
7424,18,22
timeStep,numberOfRobotsOnBlackSite,numberOfRobotsOnWhiteSite
7425,19,22
timeStep,numberOfRobotsOnBlackSite,numberOfRobotsOnWhiteSite
7426,19,22
timeStep,numberOfRobotsOnBlackSite,numberOfRobotsOnWhiteSite
7427,19,22
timeStep,numberOfRobotsOnBlackSite,numberOfRobotsOnWhiteSite
7428,19,22
timeStep,numberOfRobotsOnBlackSite,numberOfRobotsOnWhiteSite
7429,19,22
timeStep,numberOfRobotsOnBlackSite,numberOfRobotsOnWhiteSite
7430,19,22
timeStep,numberOfRobotsOnBlackSite,numberOfRobotsOnWhiteSite
7431,19,22
timeStep,numberOfRobotsOnBlackSite,numberOfRobotsOnWhiteSite
7432,19,22
timeStep,numberOfRobotsOnBlackSite,numberOfRobotsOnWhiteSite
7433,19,22
timeStep,numberOfRobotsOnBlackSite,numberOfRobotsOnWhiteSite
7434,19,22
timeStep,numberOfRobotsOnBlackSite,numberOfRobotsOnWhiteSite
7435,19,22
timeStep,numberOfRobotsOnBlackSite,numberOfRobotsOnWhiteSite
7436,19,22
timeStep,numberOfRobotsOnBlackSite,numberOfRobotsOnWhiteSite
7437,19,22
timeStep,numberOfRobotsOnBlackSite,numberOfRobotsOnWhiteSite
7438,19,22
timeStep,numberOfRobotsOnBlackSite,numberOfRobotsOnWhiteSite
7439,19,22
timeStep,numberOfRobotsOnBlackSite,numberOfRobotsOnWhiteSite
7440,19,22
timeStep,numberOfRobotsOnBlackSite,numberOfRobotsOnWhiteSite
7441,19,22
timeStep,numberOfRobotsOnBlackSite,numberOfRobotsOnWhiteSite
7442,19,22
timeStep,numberOfRobotsOnBlackSite,numberOfRobotsOnWhiteSite
7443,19,22
timeStep,numberOfRobotsOnBlackSite,numberOfRobotsOnWhiteSite
7444,19,22
timeStep,numberOfRobotsOnBlackSite,numberOfRobotsOnWhiteSite
7445,18,22
timeStep,numberOfRobotsOnBlackSite,numberOfRobotsOnWhiteSite
7446,18,22
timeStep,numberOfRobotsOnBlackSite,numberOfRobotsOnWhiteSite
7447,18,22
timeStep,numberOfRobotsOnBlackSite,numberOfRobotsOnWhiteSite
7448,18,22
timeStep,numberOfRobotsOnBlackSite,numberOfRobotsOnWhiteSite
7449,18,22
timeStep,numberOfRobotsOnBlackSite,numberOfRobotsOnWhiteSite
7450,18,22
timeStep,numberOfRobotsOnBlackSite,numberOfRobotsOnWhiteSite
7451,18,22
timeStep,numberOfRobotsOnBlackSite,numberOfRobotsOnWhiteSite
7452,18,22
timeStep,numberOfRobotsOnBlackSite,numberOfRobotsOnWhiteSite
7453,18,22
timeStep,numberOfRobotsOnBlackSite,numberOfRobotsOnWhiteSite
7454,18,22
timeStep,numberOfRobotsOnBlackSite,numberOfRobotsOnWhiteSite
7455,19,22
timeStep,numberOfRobotsOnBlackSite,numberOfRobotsOnWhiteSite
7456,19,22
timeStep,numberOfRobotsOnBlackSite,numberOfRobotsOnWhiteSite
7457,19,22
timeStep,numberOfRobotsOnBlackSite,numberOfRobotsOnWhiteSite
7458,19,22
timeStep,numberOfRobotsOnBlackSite,numberOfRobotsOnWhiteSite
7459,19,22
timeStep,numberOfRobotsOnBlackSite,numberOfRobotsOnWhiteSite
7460,19,22
timeStep,numberOfRobotsOnBlackSite,numberOfRobotsOnWhiteSite
7461,19,22
timeStep,numberOfRobotsOnBlackSite,numberOfRobotsOnWhiteSite
7462,19,22
timeStep,numberOfRobotsOnBlackSite,numberOfRobotsOnWhiteSite
7463,19,22
timeStep,numberOfRobotsOnBlackSite,numberOfRobotsOnWhiteSite
7464,19,22
timeStep,numberOfRobotsOnBlackSite,numberOfRobotsOnWhiteSite
7465,19,22
timeStep,numberOfRobotsOnBlackSite,numberOfRobotsOnWhiteSite
7466,19,22
timeStep,numberOfRobotsOnBlackSite,numberOfRobotsOnWhiteSite
7467,19,22
timeStep,numberOfRobotsOnBlackSite,numberOfRobotsOnWhiteSite
7468,19,22
timeStep,numberOfRobotsOnBlackSite,numberOfRobotsOnWhiteSite
7469,19,22
timeStep,numberOfRobotsOnBlackSite,numberOfRobotsOnWhiteSite
7470,19,22
timeStep,numberOfRobotsOnBlackSite,numberOfRobotsOnWhiteSite
7471,19,22
timeStep,numberOfRobotsOnBlackSite,numberOfRobotsOnWhiteSite
7472,19,22
timeStep,numberOfRobotsOnBlackSite,numberOfRobotsOnWhiteSite
7473,19,22
timeStep,numberOfRobotsOnBlackSite,numberOfRobotsOnWhiteSite
7474,19,22
timeStep,numberOfRobotsOnBlackSite,numberOfRobotsOnWhiteSite
7475,19,22
timeStep,numberOfRobotsOnBlackSite,numberOfRobotsOnWhiteSite
7476,19,22
timeStep,numberOfRobotsOnBlackSite,numberOfRobotsOnWhiteSite
7477,19,22
timeStep,numberOfRobotsOnBlackSite,numberOfRobotsOnWhiteSite
7478,19,22
timeStep,numberOfRobotsOnBlackSite,numberOfRobotsOnWhiteSite
7479,19,22
timeStep,numberOfRobotsOnBlackSite,numberOfRobotsOnWhiteSite
7480,18,22
timeStep,numberOfRobotsOnBlackSite,numberOfRobotsOnWhiteSite
7481,18,22
timeStep,numberOfRobotsOnBlackSite,numberOfRobotsOnWhiteSite
7482,18,22
timeStep,numberOfRobotsOnBlackSite,numberOfRobotsOnWhiteSite
7483,18,22
timeStep,numberOfRobotsOnBlackSite,numberOfRobotsOnWhiteSite
7484,18,22
timeStep,numberOfRobotsOnBlackSite,numberOfRobotsOnWhiteSite
7485,18,22
timeStep,numberOfRobotsOnBlackSite,numberOfRobotsOnWhiteSite
7486,18,22
timeStep,numberOfRobotsOnBlackSite,numberOfRobotsOnWhiteSite
7487,18,22
timeStep,numberOfRobotsOnBlackSite,numberOfRobotsOnWhiteSite
7488,18,22
timeStep,numberOfRobotsOnBlackSite,numberOfRobotsOnWhiteSite
7489,18,22
timeStep,numberOfRobotsOnBlackSite,numberOfRobotsOnWhiteSite
7490,18,22
timeStep,numberOfRobotsOnBlackSite,numberOfRobotsOnWhiteSite
7491,18,22
timeStep,numberOfRobotsOnBlackSite,numberOfRobotsOnWhiteSite
7492,18,22
timeStep,numberOfRobotsOnBlackSite,numberOfRobotsOnWhiteSite
7493,18,22
timeStep,numberOfRobotsOnBlackSite,numberOfRobotsOnWhiteSite
7494,18,22
timeStep,numberOfRobotsOnBlackSite,numberOfRobotsOnWhiteSite
7495,18,22
timeStep,numberOfRobotsOnBlackSite,numberOfRobotsOnWhiteSite
7496,18,22
timeStep,numberOfRobotsOnBlackSite,numberOfRobotsOnWhiteSite
7497,18,22
timeStep,numberOfRobotsOnBlackSite,numberOfRobotsOnWhiteSite
7498,18,22
timeStep,numberOfRobotsOnBlackSite,numberOfRobotsOnWhiteSite
7499,18,22
timeStep,numberOfRobotsOnBlackSite,numberOfRobotsOnWhiteSite
7500,18,22
timeStep,numberOfRobotsOnBlackSite,numberOfRobotsOnWhiteSite
7501,18,22
timeStep,numberOfRobotsOnBlackSite,numberOfRobotsOnWhiteSite
7502,18,22
timeStep,numberOfRobotsOnBlackSite,numberOfRobotsOnWhiteSite
7503,18,22
timeStep,numberOfRobotsOnBlackSite,numberOfRobotsOnWhiteSite
7504,18,22
timeStep,numberOfRobotsOnBlackSite,numberOfRobotsOnWhiteSite
7505,18,22
timeStep,numberOfRobotsOnBlackSite,numberOfRobotsOnWhiteSite
7506,18,22
timeStep,numberOfRobotsOnBlackSite,numberOfRobotsOnWhiteSite
7507,18,22
timeStep,numberOfRobotsOnBlackSite,numberOfRobotsOnWhiteSite
7508,18,22
timeStep,numberOfRobotsOnBlackSite,numberOfRobotsOnWhiteSite
7509,18,22
timeStep,numberOfRobotsOnBlackSite,numberOfRobotsOnWhiteSite
7510,18,22
timeStep,numberOfRobotsOnBlackSite,numberOfRobotsOnWhiteSite
7511,18,22
timeStep,numberOfRobotsOnBlackSite,numberOfRobotsOnWhiteSite
7512,18,22
timeStep,numberOfRobotsOnBlackSite,numberOfRobotsOnWhiteSite
7513,18,22
timeStep,numberOfRobotsOnBlackSite,numberOfRobotsOnWhiteSite
7514,18,22
timeStep,numberOfRobotsOnBlackSite,numberOfRobotsOnWhiteSite
7515,18,22
timeStep,numberOfRobotsOnBlackSite,numberOfRobotsOnWhiteSite
7516,18,22
timeStep,numberOfRobotsOnBlackSite,numberOfRobotsOnWhiteSite
7517,18,22
timeStep,numberOfRobotsOnBlackSite,numberOfRobotsOnWhiteSite
7518,18,22
timeStep,numberOfRobotsOnBlackSite,numberOfRobotsOnWhiteSite
7519,18,22
timeStep,numberOfRobotsOnBlackSite,numberOfRobotsOnWhiteSite
7520,18,22
timeStep,numberOfRobotsOnBlackSite,numberOfRobotsOnWhiteSite
7521,18,22
timeStep,numberOfRobotsOnBlackSite,numberOfRobotsOnWhiteSite
7522,18,22
timeStep,numberOfRobotsOnBlackSite,numberOfRobotsOnWhiteSite
7523,18,22
timeStep,numberOfRobotsOnBlackSite,numberOfRobotsOnWhiteSite
7524,18,22
timeStep,numberOfRobotsOnBlackSite,numberOfRobotsOnWhiteSite
7525,18,22
timeStep,numberOfRobotsOnBlackSite,numberOfRobotsOnWhiteSite
7526,18,22
timeStep,numberOfRobotsOnBlackSite,numberOfRobotsOnWhiteSite
7527,18,22
timeStep,numberOfRobotsOnBlackSite,numberOfRobotsOnWhiteSite
7528,18,22
timeStep,numberOfRobotsOnBlackSite,numberOfRobotsOnWhiteSite
7529,18,22
timeStep,numberOfRobotsOnBlackSite,numberOfRobotsOnWhiteSite
7530,18,22
timeStep,numberOfRobotsOnBlackSite,numberOfRobotsOnWhiteSite
7531,18,22
timeStep,numberOfRobotsOnBlackSite,numberOfRobotsOnWhiteSite
7532,18,22
timeStep,numberOfRobotsOnBlackSite,numberOfRobotsOnWhiteSite
7533,18,22
timeStep,numberOfRobotsOnBlackSite,numberOfRobotsOnWhiteSite
7534,18,22
timeStep,numberOfRobotsOnBlackSite,numberOfRobotsOnWhiteSite
7535,18,22
timeStep,numberOfRobotsOnBlackSite,numberOfRobotsOnWhiteSite
7536,18,22
timeStep,numberOfRobotsOnBlackSite,numberOfRobotsOnWhiteSite
7537,18,22
timeStep,numberOfRobotsOnBlackSite,numberOfRobotsOnWhiteSite
7538,18,22
timeStep,numberOfRobotsOnBlackSite,numberOfRobotsOnWhiteSite
7539,18,22
timeStep,numberOfRobotsOnBlackSite,numberOfRobotsOnWhiteSite
7540,18,22
timeStep,numberOfRobotsOnBlackSite,numberOfRobotsOnWhiteSite
7541,18,22
timeStep,numberOfRobotsOnBlackSite,numberOfRobotsOnWhiteSite
7542,18,22
timeStep,numberOfRobotsOnBlackSite,numberOfRobotsOnWhiteSite
7543,18,22
timeStep,numberOfRobotsOnBlackSite,numberOfRobotsOnWhiteSite
7544,18,22
timeStep,numberOfRobotsOnBlackSite,numberOfRobotsOnWhiteSite
7545,18,22
timeStep,numberOfRobotsOnBlackSite,numberOfRobotsOnWhiteSite
7546,18,22
timeStep,numberOfRobotsOnBlackSite,numberOfRobotsOnWhiteSite
7547,18,22
timeStep,numberOfRobotsOnBlackSite,numberOfRobotsOnWhiteSite
7548,18,22
timeStep,numberOfRobotsOnBlackSite,numberOfRobotsOnWhiteSite
7549,18,22
timeStep,numberOfRobotsOnBlackSite,numberOfRobotsOnWhiteSite
7550,18,22
timeStep,numberOfRobotsOnBlackSite,numberOfRobotsOnWhiteSite
7551,18,22
timeStep,numberOfRobotsOnBlackSite,numberOfRobotsOnWhiteSite
7552,18,22
timeStep,numberOfRobotsOnBlackSite,numberOfRobotsOnWhiteSite
7553,18,22
timeStep,numberOfRobotsOnBlackSite,numberOfRobotsOnWhiteSite
7554,18,22
timeStep,numberOfRobotsOnBlackSite,numberOfRobotsOnWhiteSite
7555,19,22
timeStep,numberOfRobotsOnBlackSite,numberOfRobotsOnWhiteSite
7556,19,22
timeStep,numberOfRobotsOnBlackSite,numberOfRobotsOnWhiteSite
7557,19,22
timeStep,numberOfRobotsOnBlackSite,numberOfRobotsOnWhiteSite
7558,19,22
timeStep,numberOfRobotsOnBlackSite,numberOfRobotsOnWhiteSite
7559,19,22
timeStep,numberOfRobotsOnBlackSite,numberOfRobotsOnWhiteSite
7560,19,22
timeStep,numberOfRobotsOnBlackSite,numberOfRobotsOnWhiteSite
7561,19,22
timeStep,numberOfRobotsOnBlackSite,numberOfRobotsOnWhiteSite
7562,19,22
timeStep,numberOfRobotsOnBlackSite,numberOfRobotsOnWhiteSite
7563,19,22
timeStep,numberOfRobotsOnBlackSite,numberOfRobotsOnWhiteSite
7564,19,22
timeStep,numberOfRobotsOnBlackSite,numberOfRobotsOnWhiteSite
7565,19,22
timeStep,numberOfRobotsOnBlackSite,numberOfRobotsOnWhiteSite
7566,19,22
timeStep,numberOfRobotsOnBlackSite,numberOfRobotsOnWhiteSite
7567,19,22
timeStep,numberOfRobotsOnBlackSite,numberOfRobotsOnWhiteSite
7568,19,22
timeStep,numberOfRobotsOnBlackSite,numberOfRobotsOnWhiteSite
7569,19,22
timeStep,numberOfRobotsOnBlackSite,numberOfRobotsOnWhiteSite
7570,19,22
timeStep,numberOfRobotsOnBlackSite,numberOfRobotsOnWhiteSite
7571,19,22
timeStep,numberOfRobotsOnBlackSite,numberOfRobotsOnWhiteSite
7572,19,22
timeStep,numberOfRobotsOnBlackSite,numberOfRobotsOnWhiteSite
7573,19,22
timeStep,numberOfRobotsOnBlackSite,numberOfRobotsOnWhiteSite
7574,19,22
timeStep,numberOfRobotsOnBlackSite,numberOfRobotsOnWhiteSite
7575,19,22
timeStep,numberOfRobotsOnBlackSite,numberOfRobotsOnWhiteSite
7576,19,22
timeStep,numberOfRobotsOnBlackSite,numberOfRobotsOnWhiteSite
7577,19,22
timeStep,numberOfRobotsOnBlackSite,numberOfRobotsOnWhiteSite
7578,19,22
timeStep,numberOfRobotsOnBlackSite,numberOfRobotsOnWhiteSite
7579,19,22
timeStep,numberOfRobotsOnBlackSite,numberOfRobotsOnWhiteSite
7580,19,22
timeStep,numberOfRobotsOnBlackSite,numberOfRobotsOnWhiteSite
7581,19,22
timeStep,numberOfRobotsOnBlackSite,numberOfRobotsOnWhiteSite
7582,19,22
timeStep,numberOfRobotsOnBlackSite,numberOfRobotsOnWhiteSite
7583,19,22
timeStep,numberOfRobotsOnBlackSite,numberOfRobotsOnWhiteSite
7584,19,22
timeStep,numberOfRobotsOnBlackSite,numberOfRobotsOnWhiteSite
7585,19,22
timeStep,numberOfRobotsOnBlackSite,numberOfRobotsOnWhiteSite
7586,19,22
timeStep,numberOfRobotsOnBlackSite,numberOfRobotsOnWhiteSite
7587,19,22
timeStep,numberOfRobotsOnBlackSite,numberOfRobotsOnWhiteSite
7588,19,22
timeStep,numberOfRobotsOnBlackSite,numberOfRobotsOnWhiteSite
7589,19,22
timeStep,numberOfRobotsOnBlackSite,numberOfRobotsOnWhiteSite
7590,19,22
timeStep,numberOfRobotsOnBlackSite,numberOfRobotsOnWhiteSite
7591,19,22
timeStep,numberOfRobotsOnBlackSite,numberOfRobotsOnWhiteSite
7592,19,22
timeStep,numberOfRobotsOnBlackSite,numberOfRobotsOnWhiteSite
7593,19,22
timeStep,numberOfRobotsOnBlackSite,numberOfRobotsOnWhiteSite
7594,19,22
timeStep,numberOfRobotsOnBlackSite,numberOfRobotsOnWhiteSite
7595,19,22
timeStep,numberOfRobotsOnBlackSite,numberOfRobotsOnWhiteSite
7596,19,22
timeStep,numberOfRobotsOnBlackSite,numberOfRobotsOnWhiteSite
7597,19,22
timeStep,numberOfRobotsOnBlackSite,numberOfRobotsOnWhiteSite
7598,19,22
timeStep,numberOfRobotsOnBlackSite,numberOfRobotsOnWhiteSite
7599,19,22
timeStep,numberOfRobotsOnBlackSite,numberOfRobotsOnWhiteSite
7600,19,22
timeStep,numberOfRobotsOnBlackSite,numberOfRobotsOnWhiteSite
7601,19,22
timeStep,numberOfRobotsOnBlackSite,numberOfRobotsOnWhiteSite
7602,19,22
timeStep,numberOfRobotsOnBlackSite,numberOfRobotsOnWhiteSite
7603,19,22
timeStep,numberOfRobotsOnBlackSite,numberOfRobotsOnWhiteSite
7604,19,22
timeStep,numberOfRobotsOnBlackSite,numberOfRobotsOnWhiteSite
7605,19,22
timeStep,numberOfRobotsOnBlackSite,numberOfRobotsOnWhiteSite
7606,19,22
timeStep,numberOfRobotsOnBlackSite,numberOfRobotsOnWhiteSite
7607,19,22
timeStep,numberOfRobotsOnBlackSite,numberOfRobotsOnWhiteSite
7608,19,22
timeStep,numberOfRobotsOnBlackSite,numberOfRobotsOnWhiteSite
7609,19,22
timeStep,numberOfRobotsOnBlackSite,numberOfRobotsOnWhiteSite
7610,19,22
timeStep,numberOfRobotsOnBlackSite,numberOfRobotsOnWhiteSite
7611,19,22
timeStep,numberOfRobotsOnBlackSite,numberOfRobotsOnWhiteSite
7612,19,22
timeStep,numberOfRobotsOnBlackSite,numberOfRobotsOnWhiteSite
7613,19,22
timeStep,numberOfRobotsOnBlackSite,numberOfRobotsOnWhiteSite
7614,19,22
timeStep,numberOfRobotsOnBlackSite,numberOfRobotsOnWhiteSite
7615,19,22
timeStep,numberOfRobotsOnBlackSite,numberOfRobotsOnWhiteSite
7616,19,22
timeStep,numberOfRobotsOnBlackSite,numberOfRobotsOnWhiteSite
7617,19,22
timeStep,numberOfRobotsOnBlackSite,numberOfRobotsOnWhiteSite
7618,19,22
timeStep,numberOfRobotsOnBlackSite,numberOfRobotsOnWhiteSite
7619,19,22
timeStep,numberOfRobotsOnBlackSite,numberOfRobotsOnWhiteSite
7620,19,22
timeStep,numberOfRobotsOnBlackSite,numberOfRobotsOnWhiteSite
7621,19,22
timeStep,numberOfRobotsOnBlackSite,numberOfRobotsOnWhiteSite
7622,19,22
timeStep,numberOfRobotsOnBlackSite,numberOfRobotsOnWhiteSite
7623,19,22
timeStep,numberOfRobotsOnBlackSite,numberOfRobotsOnWhiteSite
7624,19,22
timeStep,numberOfRobotsOnBlackSite,numberOfRobotsOnWhiteSite
7625,19,22
timeStep,numberOfRobotsOnBlackSite,numberOfRobotsOnWhiteSite
7626,19,22
timeStep,numberOfRobotsOnBlackSite,numberOfRobotsOnWhiteSite
7627,19,22
timeStep,numberOfRobotsOnBlackSite,numberOfRobotsOnWhiteSite
7628,19,22
timeStep,numberOfRobotsOnBlackSite,numberOfRobotsOnWhiteSite
7629,19,22
timeStep,numberOfRobotsOnBlackSite,numberOfRobotsOnWhiteSite
7630,19,22
timeStep,numberOfRobotsOnBlackSite,numberOfRobotsOnWhiteSite
7631,19,22
timeStep,numberOfRobotsOnBlackSite,numberOfRobotsOnWhiteSite
7632,19,22
timeStep,numberOfRobotsOnBlackSite,numberOfRobotsOnWhiteSite
7633,19,22
timeStep,numberOfRobotsOnBlackSite,numberOfRobotsOnWhiteSite
7634,19,22
timeStep,numberOfRobotsOnBlackSite,numberOfRobotsOnWhiteSite
7635,19,22
timeStep,numberOfRobotsOnBlackSite,numberOfRobotsOnWhiteSite
7636,19,22
timeStep,numberOfRobotsOnBlackSite,numberOfRobotsOnWhiteSite
7637,19,22
timeStep,numberOfRobotsOnBlackSite,numberOfRobotsOnWhiteSite
7638,19,22
timeStep,numberOfRobotsOnBlackSite,numberOfRobotsOnWhiteSite
7639,19,22
timeStep,numberOfRobotsOnBlackSite,numberOfRobotsOnWhiteSite
7640,19,22
timeStep,numberOfRobotsOnBlackSite,numberOfRobotsOnWhiteSite
7641,19,22
timeStep,numberOfRobotsOnBlackSite,numberOfRobotsOnWhiteSite
7642,19,22
timeStep,numberOfRobotsOnBlackSite,numberOfRobotsOnWhiteSite
7643,19,22
timeStep,numberOfRobotsOnBlackSite,numberOfRobotsOnWhiteSite
7644,19,22
timeStep,numberOfRobotsOnBlackSite,numberOfRobotsOnWhiteSite
7645,19,22
timeStep,numberOfRobotsOnBlackSite,numberOfRobotsOnWhiteSite
7646,19,22
timeStep,numberOfRobotsOnBlackSite,numberOfRobotsOnWhiteSite
7647,19,22
timeStep,numberOfRobotsOnBlackSite,numberOfRobotsOnWhiteSite
7648,19,22
timeStep,numberOfRobotsOnBlackSite,numberOfRobotsOnWhiteSite
7649,19,22
timeStep,numberOfRobotsOnBlackSite,numberOfRobotsOnWhiteSite
7650,19,22
timeStep,numberOfRobotsOnBlackSite,numberOfRobotsOnWhiteSite
7651,19,22
timeStep,numberOfRobotsOnBlackSite,numberOfRobotsOnWhiteSite
7652,19,22
timeStep,numberOfRobotsOnBlackSite,numberOfRobotsOnWhiteSite
7653,19,22
timeStep,numberOfRobotsOnBlackSite,numberOfRobotsOnWhiteSite
7654,19,22
timeStep,numberOfRobotsOnBlackSite,numberOfRobotsOnWhiteSite
7655,19,22
timeStep,numberOfRobotsOnBlackSite,numberOfRobotsOnWhiteSite
7656,19,22
timeStep,numberOfRobotsOnBlackSite,numberOfRobotsOnWhiteSite
7657,19,22
timeStep,numberOfRobotsOnBlackSite,numberOfRobotsOnWhiteSite
7658,19,22
timeStep,numberOfRobotsOnBlackSite,numberOfRobotsOnWhiteSite
7659,19,22
timeStep,numberOfRobotsOnBlackSite,numberOfRobotsOnWhiteSite
7660,19,22
timeStep,numberOfRobotsOnBlackSite,numberOfRobotsOnWhiteSite
7661,19,22
timeStep,numberOfRobotsOnBlackSite,numberOfRobotsOnWhiteSite
7662,19,22
timeStep,numberOfRobotsOnBlackSite,numberOfRobotsOnWhiteSite
7663,19,22
timeStep,numberOfRobotsOnBlackSite,numberOfRobotsOnWhiteSite
7664,19,22
timeStep,numberOfRobotsOnBlackSite,numberOfRobotsOnWhiteSite
7665,19,22
timeStep,numberOfRobotsOnBlackSite,numberOfRobotsOnWhiteSite
7666,19,22
timeStep,numberOfRobotsOnBlackSite,numberOfRobotsOnWhiteSite
7667,19,22
timeStep,numberOfRobotsOnBlackSite,numberOfRobotsOnWhiteSite
7668,19,22
timeStep,numberOfRobotsOnBlackSite,numberOfRobotsOnWhiteSite
7669,19,22
timeStep,numberOfRobotsOnBlackSite,numberOfRobotsOnWhiteSite
7670,19,22
timeStep,numberOfRobotsOnBlackSite,numberOfRobotsOnWhiteSite
7671,19,22
timeStep,numberOfRobotsOnBlackSite,numberOfRobotsOnWhiteSite
7672,19,22
timeStep,numberOfRobotsOnBlackSite,numberOfRobotsOnWhiteSite
7673,19,22
timeStep,numberOfRobotsOnBlackSite,numberOfRobotsOnWhiteSite
7674,19,22
timeStep,numberOfRobotsOnBlackSite,numberOfRobotsOnWhiteSite
7675,19,22
timeStep,numberOfRobotsOnBlackSite,numberOfRobotsOnWhiteSite
7676,19,22
timeStep,numberOfRobotsOnBlackSite,numberOfRobotsOnWhiteSite
7677,19,22
timeStep,numberOfRobotsOnBlackSite,numberOfRobotsOnWhiteSite
7678,19,22
timeStep,numberOfRobotsOnBlackSite,numberOfRobotsOnWhiteSite
7679,19,22
timeStep,numberOfRobotsOnBlackSite,numberOfRobotsOnWhiteSite
7680,19,22
timeStep,numberOfRobotsOnBlackSite,numberOfRobotsOnWhiteSite
7681,19,22
timeStep,numberOfRobotsOnBlackSite,numberOfRobotsOnWhiteSite
7682,19,22
timeStep,numberOfRobotsOnBlackSite,numberOfRobotsOnWhiteSite
7683,19,22
timeStep,numberOfRobotsOnBlackSite,numberOfRobotsOnWhiteSite
7684,19,22
timeStep,numberOfRobotsOnBlackSite,numberOfRobotsOnWhiteSite
7685,19,22
timeStep,numberOfRobotsOnBlackSite,numberOfRobotsOnWhiteSite
7686,19,22
timeStep,numberOfRobotsOnBlackSite,numberOfRobotsOnWhiteSite
7687,19,22
timeStep,numberOfRobotsOnBlackSite,numberOfRobotsOnWhiteSite
7688,19,22
timeStep,numberOfRobotsOnBlackSite,numberOfRobotsOnWhiteSite
7689,19,22
timeStep,numberOfRobotsOnBlackSite,numberOfRobotsOnWhiteSite
7690,19,22
timeStep,numberOfRobotsOnBlackSite,numberOfRobotsOnWhiteSite
7691,19,22
timeStep,numberOfRobotsOnBlackSite,numberOfRobotsOnWhiteSite
7692,19,22
timeStep,numberOfRobotsOnBlackSite,numberOfRobotsOnWhiteSite
7693,19,22
timeStep,numberOfRobotsOnBlackSite,numberOfRobotsOnWhiteSite
7694,19,22
timeStep,numberOfRobotsOnBlackSite,numberOfRobotsOnWhiteSite
7695,19,22
timeStep,numberOfRobotsOnBlackSite,numberOfRobotsOnWhiteSite
7696,19,22
timeStep,numberOfRobotsOnBlackSite,numberOfRobotsOnWhiteSite
7697,19,22
timeStep,numberOfRobotsOnBlackSite,numberOfRobotsOnWhiteSite
7698,19,22
timeStep,numberOfRobotsOnBlackSite,numberOfRobotsOnWhiteSite
7699,19,22
timeStep,numberOfRobotsOnBlackSite,numberOfRobotsOnWhiteSite
7700,19,22
timeStep,numberOfRobotsOnBlackSite,numberOfRobotsOnWhiteSite
7701,19,22
timeStep,numberOfRobotsOnBlackSite,numberOfRobotsOnWhiteSite
7702,19,22
timeStep,numberOfRobotsOnBlackSite,numberOfRobotsOnWhiteSite
7703,19,22
timeStep,numberOfRobotsOnBlackSite,numberOfRobotsOnWhiteSite
7704,19,22
timeStep,numberOfRobotsOnBlackSite,numberOfRobotsOnWhiteSite
7705,19,22
timeStep,numberOfRobotsOnBlackSite,numberOfRobotsOnWhiteSite
7706,19,22
timeStep,numberOfRobotsOnBlackSite,numberOfRobotsOnWhiteSite
7707,19,22
timeStep,numberOfRobotsOnBlackSite,numberOfRobotsOnWhiteSite
7708,19,22
timeStep,numberOfRobotsOnBlackSite,numberOfRobotsOnWhiteSite
7709,19,22
timeStep,numberOfRobotsOnBlackSite,numberOfRobotsOnWhiteSite
7710,19,22
timeStep,numberOfRobotsOnBlackSite,numberOfRobotsOnWhiteSite
7711,19,22
timeStep,numberOfRobotsOnBlackSite,numberOfRobotsOnWhiteSite
7712,19,22
timeStep,numberOfRobotsOnBlackSite,numberOfRobotsOnWhiteSite
7713,19,22
timeStep,numberOfRobotsOnBlackSite,numberOfRobotsOnWhiteSite
7714,19,22
timeStep,numberOfRobotsOnBlackSite,numberOfRobotsOnWhiteSite
7715,19,22
timeStep,numberOfRobotsOnBlackSite,numberOfRobotsOnWhiteSite
7716,19,22
timeStep,numberOfRobotsOnBlackSite,numberOfRobotsOnWhiteSite
7717,19,22
timeStep,numberOfRobotsOnBlackSite,numberOfRobotsOnWhiteSite
7718,19,22
timeStep,numberOfRobotsOnBlackSite,numberOfRobotsOnWhiteSite
7719,19,22
timeStep,numberOfRobotsOnBlackSite,numberOfRobotsOnWhiteSite
7720,19,22
timeStep,numberOfRobotsOnBlackSite,numberOfRobotsOnWhiteSite
7721,19,22
timeStep,numberOfRobotsOnBlackSite,numberOfRobotsOnWhiteSite
7722,19,22
timeStep,numberOfRobotsOnBlackSite,numberOfRobotsOnWhiteSite
7723,19,22
timeStep,numberOfRobotsOnBlackSite,numberOfRobotsOnWhiteSite
7724,19,22
timeStep,numberOfRobotsOnBlackSite,numberOfRobotsOnWhiteSite
7725,19,22
timeStep,numberOfRobotsOnBlackSite,numberOfRobotsOnWhiteSite
7726,19,22
timeStep,numberOfRobotsOnBlackSite,numberOfRobotsOnWhiteSite
7727,19,22
timeStep,numberOfRobotsOnBlackSite,numberOfRobotsOnWhiteSite
7728,19,22
timeStep,numberOfRobotsOnBlackSite,numberOfRobotsOnWhiteSite
7729,19,22
timeStep,numberOfRobotsOnBlackSite,numberOfRobotsOnWhiteSite
7730,19,22
timeStep,numberOfRobotsOnBlackSite,numberOfRobotsOnWhiteSite
7731,19,22
timeStep,numberOfRobotsOnBlackSite,numberOfRobotsOnWhiteSite
7732,19,22
timeStep,numberOfRobotsOnBlackSite,numberOfRobotsOnWhiteSite
7733,19,22
timeStep,numberOfRobotsOnBlackSite,numberOfRobotsOnWhiteSite
7734,19,22
timeStep,numberOfRobotsOnBlackSite,numberOfRobotsOnWhiteSite
7735,19,22
timeStep,numberOfRobotsOnBlackSite,numberOfRobotsOnWhiteSite
7736,19,22
timeStep,numberOfRobotsOnBlackSite,numberOfRobotsOnWhiteSite
7737,19,22
timeStep,numberOfRobotsOnBlackSite,numberOfRobotsOnWhiteSite
7738,19,22
timeStep,numberOfRobotsOnBlackSite,numberOfRobotsOnWhiteSite
7739,19,22
timeStep,numberOfRobotsOnBlackSite,numberOfRobotsOnWhiteSite
7740,19,22
timeStep,numberOfRobotsOnBlackSite,numberOfRobotsOnWhiteSite
7741,19,22
timeStep,numberOfRobotsOnBlackSite,numberOfRobotsOnWhiteSite
7742,19,22
timeStep,numberOfRobotsOnBlackSite,numberOfRobotsOnWhiteSite
7743,19,22
timeStep,numberOfRobotsOnBlackSite,numberOfRobotsOnWhiteSite
7744,19,22
timeStep,numberOfRobotsOnBlackSite,numberOfRobotsOnWhiteSite
7745,19,22
timeStep,numberOfRobotsOnBlackSite,numberOfRobotsOnWhiteSite
7746,19,22
timeStep,numberOfRobotsOnBlackSite,numberOfRobotsOnWhiteSite
7747,19,22
timeStep,numberOfRobotsOnBlackSite,numberOfRobotsOnWhiteSite
7748,19,22
timeStep,numberOfRobotsOnBlackSite,numberOfRobotsOnWhiteSite
7749,19,22
timeStep,numberOfRobotsOnBlackSite,numberOfRobotsOnWhiteSite
7750,19,22
timeStep,numberOfRobotsOnBlackSite,numberOfRobotsOnWhiteSite
7751,19,22
timeStep,numberOfRobotsOnBlackSite,numberOfRobotsOnWhiteSite
7752,19,22
timeStep,numberOfRobotsOnBlackSite,numberOfRobotsOnWhiteSite
7753,19,22
timeStep,numberOfRobotsOnBlackSite,numberOfRobotsOnWhiteSite
7754,19,22
timeStep,numberOfRobotsOnBlackSite,numberOfRobotsOnWhiteSite
7755,19,22
timeStep,numberOfRobotsOnBlackSite,numberOfRobotsOnWhiteSite
7756,19,22
timeStep,numberOfRobotsOnBlackSite,numberOfRobotsOnWhiteSite
7757,19,22
timeStep,numberOfRobotsOnBlackSite,numberOfRobotsOnWhiteSite
7758,19,22
timeStep,numberOfRobotsOnBlackSite,numberOfRobotsOnWhiteSite
7759,19,22
timeStep,numberOfRobotsOnBlackSite,numberOfRobotsOnWhiteSite
7760,19,22
timeStep,numberOfRobotsOnBlackSite,numberOfRobotsOnWhiteSite
7761,19,22
timeStep,numberOfRobotsOnBlackSite,numberOfRobotsOnWhiteSite
7762,19,22
timeStep,numberOfRobotsOnBlackSite,numberOfRobotsOnWhiteSite
7763,19,22
timeStep,numberOfRobotsOnBlackSite,numberOfRobotsOnWhiteSite
7764,19,22
timeStep,numberOfRobotsOnBlackSite,numberOfRobotsOnWhiteSite
7765,19,22
timeStep,numberOfRobotsOnBlackSite,numberOfRobotsOnWhiteSite
7766,19,22
timeStep,numberOfRobotsOnBlackSite,numberOfRobotsOnWhiteSite
7767,19,22
timeStep,numberOfRobotsOnBlackSite,numberOfRobotsOnWhiteSite
7768,19,22
timeStep,numberOfRobotsOnBlackSite,numberOfRobotsOnWhiteSite
7769,19,22
timeStep,numberOfRobotsOnBlackSite,numberOfRobotsOnWhiteSite
7770,19,22
timeStep,numberOfRobotsOnBlackSite,numberOfRobotsOnWhiteSite
7771,19,22
timeStep,numberOfRobotsOnBlackSite,numberOfRobotsOnWhiteSite
7772,19,22
timeStep,numberOfRobotsOnBlackSite,numberOfRobotsOnWhiteSite
7773,19,22
timeStep,numberOfRobotsOnBlackSite,numberOfRobotsOnWhiteSite
7774,19,22
timeStep,numberOfRobotsOnBlackSite,numberOfRobotsOnWhiteSite
7775,19,22
timeStep,numberOfRobotsOnBlackSite,numberOfRobotsOnWhiteSite
7776,19,22
timeStep,numberOfRobotsOnBlackSite,numberOfRobotsOnWhiteSite
7777,19,22
timeStep,numberOfRobotsOnBlackSite,numberOfRobotsOnWhiteSite
7778,19,22
timeStep,numberOfRobotsOnBlackSite,numberOfRobotsOnWhiteSite
7779,19,22
timeStep,numberOfRobotsOnBlackSite,numberOfRobotsOnWhiteSite
7780,19,22
timeStep,numberOfRobotsOnBlackSite,numberOfRobotsOnWhiteSite
7781,19,22
timeStep,numberOfRobotsOnBlackSite,numberOfRobotsOnWhiteSite
7782,19,22
timeStep,numberOfRobotsOnBlackSite,numberOfRobotsOnWhiteSite
7783,19,22
timeStep,numberOfRobotsOnBlackSite,numberOfRobotsOnWhiteSite
7784,19,22
timeStep,numberOfRobotsOnBlackSite,numberOfRobotsOnWhiteSite
7785,19,22
timeStep,numberOfRobotsOnBlackSite,numberOfRobotsOnWhiteSite
7786,19,22
timeStep,numberOfRobotsOnBlackSite,numberOfRobotsOnWhiteSite
7787,19,22
timeStep,numberOfRobotsOnBlackSite,numberOfRobotsOnWhiteSite
7788,19,22
timeStep,numberOfRobotsOnBlackSite,numberOfRobotsOnWhiteSite
7789,19,22
timeStep,numberOfRobotsOnBlackSite,numberOfRobotsOnWhiteSite
7790,19,22
timeStep,numberOfRobotsOnBlackSite,numberOfRobotsOnWhiteSite
7791,19,22
timeStep,numberOfRobotsOnBlackSite,numberOfRobotsOnWhiteSite
7792,19,22
timeStep,numberOfRobotsOnBlackSite,numberOfRobotsOnWhiteSite
7793,19,22
timeStep,numberOfRobotsOnBlackSite,numberOfRobotsOnWhiteSite
7794,19,22
timeStep,numberOfRobotsOnBlackSite,numberOfRobotsOnWhiteSite
7795,19,22
timeStep,numberOfRobotsOnBlackSite,numberOfRobotsOnWhiteSite
7796,19,22
timeStep,numberOfRobotsOnBlackSite,numberOfRobotsOnWhiteSite
7797,19,22
timeStep,numberOfRobotsOnBlackSite,numberOfRobotsOnWhiteSite
7798,19,22
timeStep,numberOfRobotsOnBlackSite,numberOfRobotsOnWhiteSite
7799,19,22
timeStep,numberOfRobotsOnBlackSite,numberOfRobotsOnWhiteSite
7800,19,22
timeStep,numberOfRobotsOnBlackSite,numberOfRobotsOnWhiteSite
7801,19,22
timeStep,numberOfRobotsOnBlackSite,numberOfRobotsOnWhiteSite
7802,19,22
timeStep,numberOfRobotsOnBlackSite,numberOfRobotsOnWhiteSite
7803,19,22
timeStep,numberOfRobotsOnBlackSite,numberOfRobotsOnWhiteSite
7804,19,22
timeStep,numberOfRobotsOnBlackSite,numberOfRobotsOnWhiteSite
7805,19,22
timeStep,numberOfRobotsOnBlackSite,numberOfRobotsOnWhiteSite
7806,19,22
timeStep,numberOfRobotsOnBlackSite,numberOfRobotsOnWhiteSite
7807,19,22
timeStep,numberOfRobotsOnBlackSite,numberOfRobotsOnWhiteSite
7808,19,22
timeStep,numberOfRobotsOnBlackSite,numberOfRobotsOnWhiteSite
7809,19,22
timeStep,numberOfRobotsOnBlackSite,numberOfRobotsOnWhiteSite
7810,19,22
timeStep,numberOfRobotsOnBlackSite,numberOfRobotsOnWhiteSite
7811,19,22
timeStep,numberOfRobotsOnBlackSite,numberOfRobotsOnWhiteSite
7812,19,22
timeStep,numberOfRobotsOnBlackSite,numberOfRobotsOnWhiteSite
7813,19,22
timeStep,numberOfRobotsOnBlackSite,numberOfRobotsOnWhiteSite
7814,19,22
timeStep,numberOfRobotsOnBlackSite,numberOfRobotsOnWhiteSite
7815,19,22
timeStep,numberOfRobotsOnBlackSite,numberOfRobotsOnWhiteSite
7816,19,22
timeStep,numberOfRobotsOnBlackSite,numberOfRobotsOnWhiteSite
7817,19,22
timeStep,numberOfRobotsOnBlackSite,numberOfRobotsOnWhiteSite
7818,19,22
timeStep,numberOfRobotsOnBlackSite,numberOfRobotsOnWhiteSite
7819,19,22
timeStep,numberOfRobotsOnBlackSite,numberOfRobotsOnWhiteSite
7820,19,22
timeStep,numberOfRobotsOnBlackSite,numberOfRobotsOnWhiteSite
7821,19,22
timeStep,numberOfRobotsOnBlackSite,numberOfRobotsOnWhiteSite
7822,19,22
timeStep,numberOfRobotsOnBlackSite,numberOfRobotsOnWhiteSite
7823,19,22
timeStep,numberOfRobotsOnBlackSite,numberOfRobotsOnWhiteSite
7824,19,22
timeStep,numberOfRobotsOnBlackSite,numberOfRobotsOnWhiteSite
7825,19,22
timeStep,numberOfRobotsOnBlackSite,numberOfRobotsOnWhiteSite
7826,19,22
timeStep,numberOfRobotsOnBlackSite,numberOfRobotsOnWhiteSite
7827,19,22
timeStep,numberOfRobotsOnBlackSite,numberOfRobotsOnWhiteSite
7828,19,22
timeStep,numberOfRobotsOnBlackSite,numberOfRobotsOnWhiteSite
7829,19,22
timeStep,numberOfRobotsOnBlackSite,numberOfRobotsOnWhiteSite
7830,19,22
timeStep,numberOfRobotsOnBlackSite,numberOfRobotsOnWhiteSite
7831,19,22
timeStep,numberOfRobotsOnBlackSite,numberOfRobotsOnWhiteSite
7832,19,22
timeStep,numberOfRobotsOnBlackSite,numberOfRobotsOnWhiteSite
7833,19,22
timeStep,numberOfRobotsOnBlackSite,numberOfRobotsOnWhiteSite
7834,19,22
timeStep,numberOfRobotsOnBlackSite,numberOfRobotsOnWhiteSite
7835,19,22
timeStep,numberOfRobotsOnBlackSite,numberOfRobotsOnWhiteSite
7836,19,22
timeStep,numberOfRobotsOnBlackSite,numberOfRobotsOnWhiteSite
7837,19,22
timeStep,numberOfRobotsOnBlackSite,numberOfRobotsOnWhiteSite
7838,19,22
timeStep,numberOfRobotsOnBlackSite,numberOfRobotsOnWhiteSite
7839,19,22
timeStep,numberOfRobotsOnBlackSite,numberOfRobotsOnWhiteSite
7840,19,22
timeStep,numberOfRobotsOnBlackSite,numberOfRobotsOnWhiteSite
7841,19,22
timeStep,numberOfRobotsOnBlackSite,numberOfRobotsOnWhiteSite
7842,19,22
timeStep,numberOfRobotsOnBlackSite,numberOfRobotsOnWhiteSite
7843,19,22
timeStep,numberOfRobotsOnBlackSite,numberOfRobotsOnWhiteSite
7844,19,22
timeStep,numberOfRobotsOnBlackSite,numberOfRobotsOnWhiteSite
7845,19,22
timeStep,numberOfRobotsOnBlackSite,numberOfRobotsOnWhiteSite
7846,19,22
timeStep,numberOfRobotsOnBlackSite,numberOfRobotsOnWhiteSite
7847,19,22
timeStep,numberOfRobotsOnBlackSite,numberOfRobotsOnWhiteSite
7848,19,22
timeStep,numberOfRobotsOnBlackSite,numberOfRobotsOnWhiteSite
7849,19,22
timeStep,numberOfRobotsOnBlackSite,numberOfRobotsOnWhiteSite
7850,19,22
timeStep,numberOfRobotsOnBlackSite,numberOfRobotsOnWhiteSite
7851,19,22
timeStep,numberOfRobotsOnBlackSite,numberOfRobotsOnWhiteSite
7852,19,22
timeStep,numberOfRobotsOnBlackSite,numberOfRobotsOnWhiteSite
7853,19,22
timeStep,numberOfRobotsOnBlackSite,numberOfRobotsOnWhiteSite
7854,19,22
timeStep,numberOfRobotsOnBlackSite,numberOfRobotsOnWhiteSite
7855,19,22
timeStep,numberOfRobotsOnBlackSite,numberOfRobotsOnWhiteSite
7856,19,22
timeStep,numberOfRobotsOnBlackSite,numberOfRobotsOnWhiteSite
7857,19,22
timeStep,numberOfRobotsOnBlackSite,numberOfRobotsOnWhiteSite
7858,19,22
timeStep,numberOfRobotsOnBlackSite,numberOfRobotsOnWhiteSite
7859,19,22
timeStep,numberOfRobotsOnBlackSite,numberOfRobotsOnWhiteSite
7860,19,22
timeStep,numberOfRobotsOnBlackSite,numberOfRobotsOnWhiteSite
7861,19,22
timeStep,numberOfRobotsOnBlackSite,numberOfRobotsOnWhiteSite
7862,19,22
timeStep,numberOfRobotsOnBlackSite,numberOfRobotsOnWhiteSite
7863,19,22
timeStep,numberOfRobotsOnBlackSite,numberOfRobotsOnWhiteSite
7864,19,22
timeStep,numberOfRobotsOnBlackSite,numberOfRobotsOnWhiteSite
7865,19,22
timeStep,numberOfRobotsOnBlackSite,numberOfRobotsOnWhiteSite
7866,19,22
timeStep,numberOfRobotsOnBlackSite,numberOfRobotsOnWhiteSite
7867,19,22
timeStep,numberOfRobotsOnBlackSite,numberOfRobotsOnWhiteSite
7868,19,22
timeStep,numberOfRobotsOnBlackSite,numberOfRobotsOnWhiteSite
7869,19,22
timeStep,numberOfRobotsOnBlackSite,numberOfRobotsOnWhiteSite
7870,19,22
timeStep,numberOfRobotsOnBlackSite,numberOfRobotsOnWhiteSite
7871,19,22
timeStep,numberOfRobotsOnBlackSite,numberOfRobotsOnWhiteSite
7872,19,22
timeStep,numberOfRobotsOnBlackSite,numberOfRobotsOnWhiteSite
7873,19,22
timeStep,numberOfRobotsOnBlackSite,numberOfRobotsOnWhiteSite
7874,19,22
timeStep,numberOfRobotsOnBlackSite,numberOfRobotsOnWhiteSite
7875,19,22
timeStep,numberOfRobotsOnBlackSite,numberOfRobotsOnWhiteSite
7876,19,22
timeStep,numberOfRobotsOnBlackSite,numberOfRobotsOnWhiteSite
7877,19,22
timeStep,numberOfRobotsOnBlackSite,numberOfRobotsOnWhiteSite
7878,19,22
timeStep,numberOfRobotsOnBlackSite,numberOfRobotsOnWhiteSite
7879,19,22
timeStep,numberOfRobotsOnBlackSite,numberOfRobotsOnWhiteSite
7880,19,22
timeStep,numberOfRobotsOnBlackSite,numberOfRobotsOnWhiteSite
7881,19,22
timeStep,numberOfRobotsOnBlackSite,numberOfRobotsOnWhiteSite
7882,19,22
timeStep,numberOfRobotsOnBlackSite,numberOfRobotsOnWhiteSite
7883,19,22
timeStep,numberOfRobotsOnBlackSite,numberOfRobotsOnWhiteSite
7884,19,22
timeStep,numberOfRobotsOnBlackSite,numberOfRobotsOnWhiteSite
7885,19,22
timeStep,numberOfRobotsOnBlackSite,numberOfRobotsOnWhiteSite
7886,19,22
timeStep,numberOfRobotsOnBlackSite,numberOfRobotsOnWhiteSite
7887,19,22
timeStep,numberOfRobotsOnBlackSite,numberOfRobotsOnWhiteSite
7888,19,22
timeStep,numberOfRobotsOnBlackSite,numberOfRobotsOnWhiteSite
7889,19,22
timeStep,numberOfRobotsOnBlackSite,numberOfRobotsOnWhiteSite
7890,19,22
timeStep,numberOfRobotsOnBlackSite,numberOfRobotsOnWhiteSite
7891,19,22
timeStep,numberOfRobotsOnBlackSite,numberOfRobotsOnWhiteSite
7892,19,22
timeStep,numberOfRobotsOnBlackSite,numberOfRobotsOnWhiteSite
7893,19,22
timeStep,numberOfRobotsOnBlackSite,numberOfRobotsOnWhiteSite
7894,19,22
timeStep,numberOfRobotsOnBlackSite,numberOfRobotsOnWhiteSite
7895,19,22
timeStep,numberOfRobotsOnBlackSite,numberOfRobotsOnWhiteSite
7896,19,22
timeStep,numberOfRobotsOnBlackSite,numberOfRobotsOnWhiteSite
7897,19,22
timeStep,numberOfRobotsOnBlackSite,numberOfRobotsOnWhiteSite
7898,19,22
timeStep,numberOfRobotsOnBlackSite,numberOfRobotsOnWhiteSite
7899,19,22
timeStep,numberOfRobotsOnBlackSite,numberOfRobotsOnWhiteSite
7900,19,22
timeStep,numberOfRobotsOnBlackSite,numberOfRobotsOnWhiteSite
7901,19,22
timeStep,numberOfRobotsOnBlackSite,numberOfRobotsOnWhiteSite
7902,19,22
timeStep,numberOfRobotsOnBlackSite,numberOfRobotsOnWhiteSite
7903,19,22
timeStep,numberOfRobotsOnBlackSite,numberOfRobotsOnWhiteSite
7904,19,22
timeStep,numberOfRobotsOnBlackSite,numberOfRobotsOnWhiteSite
7905,19,22
timeStep,numberOfRobotsOnBlackSite,numberOfRobotsOnWhiteSite
7906,19,22
timeStep,numberOfRobotsOnBlackSite,numberOfRobotsOnWhiteSite
7907,19,22
timeStep,numberOfRobotsOnBlackSite,numberOfRobotsOnWhiteSite
7908,19,22
timeStep,numberOfRobotsOnBlackSite,numberOfRobotsOnWhiteSite
7909,19,22
timeStep,numberOfRobotsOnBlackSite,numberOfRobotsOnWhiteSite
7910,19,23
timeStep,numberOfRobotsOnBlackSite,numberOfRobotsOnWhiteSite
7911,19,23
timeStep,numberOfRobotsOnBlackSite,numberOfRobotsOnWhiteSite
7912,19,23
timeStep,numberOfRobotsOnBlackSite,numberOfRobotsOnWhiteSite
7913,19,23
timeStep,numberOfRobotsOnBlackSite,numberOfRobotsOnWhiteSite
7914,19,23
timeStep,numberOfRobotsOnBlackSite,numberOfRobotsOnWhiteSite
7915,19,23
timeStep,numberOfRobotsOnBlackSite,numberOfRobotsOnWhiteSite
7916,19,23
timeStep,numberOfRobotsOnBlackSite,numberOfRobotsOnWhiteSite
7917,19,23
timeStep,numberOfRobotsOnBlackSite,numberOfRobotsOnWhiteSite
7918,19,23
timeStep,numberOfRobotsOnBlackSite,numberOfRobotsOnWhiteSite
7919,19,23
timeStep,numberOfRobotsOnBlackSite,numberOfRobotsOnWhiteSite
7920,19,23
timeStep,numberOfRobotsOnBlackSite,numberOfRobotsOnWhiteSite
7921,19,23
timeStep,numberOfRobotsOnBlackSite,numberOfRobotsOnWhiteSite
7922,19,23
timeStep,numberOfRobotsOnBlackSite,numberOfRobotsOnWhiteSite
7923,19,23
timeStep,numberOfRobotsOnBlackSite,numberOfRobotsOnWhiteSite
7924,19,23
timeStep,numberOfRobotsOnBlackSite,numberOfRobotsOnWhiteSite
7925,19,23
timeStep,numberOfRobotsOnBlackSite,numberOfRobotsOnWhiteSite
7926,19,23
timeStep,numberOfRobotsOnBlackSite,numberOfRobotsOnWhiteSite
7927,19,23
timeStep,numberOfRobotsOnBlackSite,numberOfRobotsOnWhiteSite
7928,19,23
timeStep,numberOfRobotsOnBlackSite,numberOfRobotsOnWhiteSite
7929,19,23
timeStep,numberOfRobotsOnBlackSite,numberOfRobotsOnWhiteSite
7930,19,23
timeStep,numberOfRobotsOnBlackSite,numberOfRobotsOnWhiteSite
7931,19,23
timeStep,numberOfRobotsOnBlackSite,numberOfRobotsOnWhiteSite
7932,19,23
timeStep,numberOfRobotsOnBlackSite,numberOfRobotsOnWhiteSite
7933,19,23
timeStep,numberOfRobotsOnBlackSite,numberOfRobotsOnWhiteSite
7934,19,23
timeStep,numberOfRobotsOnBlackSite,numberOfRobotsOnWhiteSite
7935,19,23
timeStep,numberOfRobotsOnBlackSite,numberOfRobotsOnWhiteSite
7936,19,23
timeStep,numberOfRobotsOnBlackSite,numberOfRobotsOnWhiteSite
7937,19,23
timeStep,numberOfRobotsOnBlackSite,numberOfRobotsOnWhiteSite
7938,19,23
timeStep,numberOfRobotsOnBlackSite,numberOfRobotsOnWhiteSite
7939,19,23
timeStep,numberOfRobotsOnBlackSite,numberOfRobotsOnWhiteSite
7940,19,23
timeStep,numberOfRobotsOnBlackSite,numberOfRobotsOnWhiteSite
7941,19,23
timeStep,numberOfRobotsOnBlackSite,numberOfRobotsOnWhiteSite
7942,19,23
timeStep,numberOfRobotsOnBlackSite,numberOfRobotsOnWhiteSite
7943,19,23
timeStep,numberOfRobotsOnBlackSite,numberOfRobotsOnWhiteSite
7944,19,23
timeStep,numberOfRobotsOnBlackSite,numberOfRobotsOnWhiteSite
7945,19,23
timeStep,numberOfRobotsOnBlackSite,numberOfRobotsOnWhiteSite
7946,19,23
timeStep,numberOfRobotsOnBlackSite,numberOfRobotsOnWhiteSite
7947,19,23
timeStep,numberOfRobotsOnBlackSite,numberOfRobotsOnWhiteSite
7948,19,23
timeStep,numberOfRobotsOnBlackSite,numberOfRobotsOnWhiteSite
7949,19,23
timeStep,numberOfRobotsOnBlackSite,numberOfRobotsOnWhiteSite
7950,19,23
timeStep,numberOfRobotsOnBlackSite,numberOfRobotsOnWhiteSite
7951,19,23
timeStep,numberOfRobotsOnBlackSite,numberOfRobotsOnWhiteSite
7952,19,23
timeStep,numberOfRobotsOnBlackSite,numberOfRobotsOnWhiteSite
7953,19,23
timeStep,numberOfRobotsOnBlackSite,numberOfRobotsOnWhiteSite
7954,19,23
timeStep,numberOfRobotsOnBlackSite,numberOfRobotsOnWhiteSite
7955,19,23
timeStep,numberOfRobotsOnBlackSite,numberOfRobotsOnWhiteSite
7956,19,23
timeStep,numberOfRobotsOnBlackSite,numberOfRobotsOnWhiteSite
7957,19,23
timeStep,numberOfRobotsOnBlackSite,numberOfRobotsOnWhiteSite
7958,19,23
timeStep,numberOfRobotsOnBlackSite,numberOfRobotsOnWhiteSite
7959,19,23
timeStep,numberOfRobotsOnBlackSite,numberOfRobotsOnWhiteSite
7960,19,22
timeStep,numberOfRobotsOnBlackSite,numberOfRobotsOnWhiteSite
7961,19,22
timeStep,numberOfRobotsOnBlackSite,numberOfRobotsOnWhiteSite
7962,19,22
timeStep,numberOfRobotsOnBlackSite,numberOfRobotsOnWhiteSite
7963,19,22
timeStep,numberOfRobotsOnBlackSite,numberOfRobotsOnWhiteSite
7964,19,22
timeStep,numberOfRobotsOnBlackSite,numberOfRobotsOnWhiteSite
7965,19,22
timeStep,numberOfRobotsOnBlackSite,numberOfRobotsOnWhiteSite
7966,19,22
timeStep,numberOfRobotsOnBlackSite,numberOfRobotsOnWhiteSite
7967,19,22
timeStep,numberOfRobotsOnBlackSite,numberOfRobotsOnWhiteSite
7968,19,22
timeStep,numberOfRobotsOnBlackSite,numberOfRobotsOnWhiteSite
7969,19,22
timeStep,numberOfRobotsOnBlackSite,numberOfRobotsOnWhiteSite
7970,19,22
timeStep,numberOfRobotsOnBlackSite,numberOfRobotsOnWhiteSite
7971,19,22
timeStep,numberOfRobotsOnBlackSite,numberOfRobotsOnWhiteSite
7972,19,22
timeStep,numberOfRobotsOnBlackSite,numberOfRobotsOnWhiteSite
7973,19,22
timeStep,numberOfRobotsOnBlackSite,numberOfRobotsOnWhiteSite
7974,19,22
timeStep,numberOfRobotsOnBlackSite,numberOfRobotsOnWhiteSite
7975,19,22
timeStep,numberOfRobotsOnBlackSite,numberOfRobotsOnWhiteSite
7976,19,22
timeStep,numberOfRobotsOnBlackSite,numberOfRobotsOnWhiteSite
7977,19,22
timeStep,numberOfRobotsOnBlackSite,numberOfRobotsOnWhiteSite
7978,19,22
timeStep,numberOfRobotsOnBlackSite,numberOfRobotsOnWhiteSite
7979,19,22
timeStep,numberOfRobotsOnBlackSite,numberOfRobotsOnWhiteSite
7980,19,22
timeStep,numberOfRobotsOnBlackSite,numberOfRobotsOnWhiteSite
7981,19,22
timeStep,numberOfRobotsOnBlackSite,numberOfRobotsOnWhiteSite
7982,19,22
timeStep,numberOfRobotsOnBlackSite,numberOfRobotsOnWhiteSite
7983,19,22
timeStep,numberOfRobotsOnBlackSite,numberOfRobotsOnWhiteSite
7984,19,22
timeStep,numberOfRobotsOnBlackSite,numberOfRobotsOnWhiteSite
7985,19,22
timeStep,numberOfRobotsOnBlackSite,numberOfRobotsOnWhiteSite
7986,19,22
timeStep,numberOfRobotsOnBlackSite,numberOfRobotsOnWhiteSite
7987,19,22
timeStep,numberOfRobotsOnBlackSite,numberOfRobotsOnWhiteSite
7988,19,22
timeStep,numberOfRobotsOnBlackSite,numberOfRobotsOnWhiteSite
7989,19,22
timeStep,numberOfRobotsOnBlackSite,numberOfRobotsOnWhiteSite
7990,19,22
timeStep,numberOfRobotsOnBlackSite,numberOfRobotsOnWhiteSite
7991,19,22
timeStep,numberOfRobotsOnBlackSite,numberOfRobotsOnWhiteSite
7992,19,22
timeStep,numberOfRobotsOnBlackSite,numberOfRobotsOnWhiteSite
7993,19,22
timeStep,numberOfRobotsOnBlackSite,numberOfRobotsOnWhiteSite
7994,19,22
timeStep,numberOfRobotsOnBlackSite,numberOfRobotsOnWhiteSite
7995,19,22
timeStep,numberOfRobotsOnBlackSite,numberOfRobotsOnWhiteSite
7996,19,22
timeStep,numberOfRobotsOnBlackSite,numberOfRobotsOnWhiteSite
7997,19,22
timeStep,numberOfRobotsOnBlackSite,numberOfRobotsOnWhiteSite
7998,19,22
timeStep,numberOfRobotsOnBlackSite,numberOfRobotsOnWhiteSite
7999,19,22
timeStep,numberOfRobotsOnBlackSite,numberOfRobotsOnWhiteSite
8000,19,22
timeStep,numberOfRobotsOnBlackSite,numberOfRobotsOnWhiteSite
8001,19,22
timeStep,numberOfRobotsOnBlackSite,numberOfRobotsOnWhiteSite
8002,19,22
timeStep,numberOfRobotsOnBlackSite,numberOfRobotsOnWhiteSite
8003,19,22
timeStep,numberOfRobotsOnBlackSite,numberOfRobotsOnWhiteSite
8004,19,22
timeStep,numberOfRobotsOnBlackSite,numberOfRobotsOnWhiteSite
8005,19,22
timeStep,numberOfRobotsOnBlackSite,numberOfRobotsOnWhiteSite
8006,19,22
timeStep,numberOfRobotsOnBlackSite,numberOfRobotsOnWhiteSite
8007,19,22
timeStep,numberOfRobotsOnBlackSite,numberOfRobotsOnWhiteSite
8008,19,22
timeStep,numberOfRobotsOnBlackSite,numberOfRobotsOnWhiteSite
8009,19,22
timeStep,numberOfRobotsOnBlackSite,numberOfRobotsOnWhiteSite
8010,19,22
timeStep,numberOfRobotsOnBlackSite,numberOfRobotsOnWhiteSite
8011,19,22
timeStep,numberOfRobotsOnBlackSite,numberOfRobotsOnWhiteSite
8012,19,22
timeStep,numberOfRobotsOnBlackSite,numberOfRobotsOnWhiteSite
8013,19,22
timeStep,numberOfRobotsOnBlackSite,numberOfRobotsOnWhiteSite
8014,19,22
timeStep,numberOfRobotsOnBlackSite,numberOfRobotsOnWhiteSite
8015,19,22
timeStep,numberOfRobotsOnBlackSite,numberOfRobotsOnWhiteSite
8016,19,22
timeStep,numberOfRobotsOnBlackSite,numberOfRobotsOnWhiteSite
8017,19,22
timeStep,numberOfRobotsOnBlackSite,numberOfRobotsOnWhiteSite
8018,19,22
timeStep,numberOfRobotsOnBlackSite,numberOfRobotsOnWhiteSite
8019,19,22
timeStep,numberOfRobotsOnBlackSite,numberOfRobotsOnWhiteSite
8020,19,22
timeStep,numberOfRobotsOnBlackSite,numberOfRobotsOnWhiteSite
8021,19,22
timeStep,numberOfRobotsOnBlackSite,numberOfRobotsOnWhiteSite
8022,19,22
timeStep,numberOfRobotsOnBlackSite,numberOfRobotsOnWhiteSite
8023,19,22
timeStep,numberOfRobotsOnBlackSite,numberOfRobotsOnWhiteSite
8024,19,22
timeStep,numberOfRobotsOnBlackSite,numberOfRobotsOnWhiteSite
8025,19,22
timeStep,numberOfRobotsOnBlackSite,numberOfRobotsOnWhiteSite
8026,19,22
timeStep,numberOfRobotsOnBlackSite,numberOfRobotsOnWhiteSite
8027,19,22
timeStep,numberOfRobotsOnBlackSite,numberOfRobotsOnWhiteSite
8028,19,22
timeStep,numberOfRobotsOnBlackSite,numberOfRobotsOnWhiteSite
8029,19,22
timeStep,numberOfRobotsOnBlackSite,numberOfRobotsOnWhiteSite
8030,19,22
timeStep,numberOfRobotsOnBlackSite,numberOfRobotsOnWhiteSite
8031,19,22
timeStep,numberOfRobotsOnBlackSite,numberOfRobotsOnWhiteSite
8032,19,22
timeStep,numberOfRobotsOnBlackSite,numberOfRobotsOnWhiteSite
8033,19,22
timeStep,numberOfRobotsOnBlackSite,numberOfRobotsOnWhiteSite
8034,19,22
timeStep,numberOfRobotsOnBlackSite,numberOfRobotsOnWhiteSite
8035,19,22
timeStep,numberOfRobotsOnBlackSite,numberOfRobotsOnWhiteSite
8036,19,22
timeStep,numberOfRobotsOnBlackSite,numberOfRobotsOnWhiteSite
8037,19,22
timeStep,numberOfRobotsOnBlackSite,numberOfRobotsOnWhiteSite
8038,19,22
timeStep,numberOfRobotsOnBlackSite,numberOfRobotsOnWhiteSite
8039,19,22
timeStep,numberOfRobotsOnBlackSite,numberOfRobotsOnWhiteSite
8040,19,22
timeStep,numberOfRobotsOnBlackSite,numberOfRobotsOnWhiteSite
8041,19,22
timeStep,numberOfRobotsOnBlackSite,numberOfRobotsOnWhiteSite
8042,19,22
timeStep,numberOfRobotsOnBlackSite,numberOfRobotsOnWhiteSite
8043,19,22
timeStep,numberOfRobotsOnBlackSite,numberOfRobotsOnWhiteSite
8044,19,22
timeStep,numberOfRobotsOnBlackSite,numberOfRobotsOnWhiteSite
8045,19,22
timeStep,numberOfRobotsOnBlackSite,numberOfRobotsOnWhiteSite
8046,19,22
timeStep,numberOfRobotsOnBlackSite,numberOfRobotsOnWhiteSite
8047,19,22
timeStep,numberOfRobotsOnBlackSite,numberOfRobotsOnWhiteSite
8048,19,22
timeStep,numberOfRobotsOnBlackSite,numberOfRobotsOnWhiteSite
8049,19,22
timeStep,numberOfRobotsOnBlackSite,numberOfRobotsOnWhiteSite
8050,19,22
timeStep,numberOfRobotsOnBlackSite,numberOfRobotsOnWhiteSite
8051,19,22
timeStep,numberOfRobotsOnBlackSite,numberOfRobotsOnWhiteSite
8052,19,22
timeStep,numberOfRobotsOnBlackSite,numberOfRobotsOnWhiteSite
8053,19,22
timeStep,numberOfRobotsOnBlackSite,numberOfRobotsOnWhiteSite
8054,19,22
timeStep,numberOfRobotsOnBlackSite,numberOfRobotsOnWhiteSite
8055,19,22
timeStep,numberOfRobotsOnBlackSite,numberOfRobotsOnWhiteSite
8056,19,22
timeStep,numberOfRobotsOnBlackSite,numberOfRobotsOnWhiteSite
8057,19,22
timeStep,numberOfRobotsOnBlackSite,numberOfRobotsOnWhiteSite
8058,19,22
timeStep,numberOfRobotsOnBlackSite,numberOfRobotsOnWhiteSite
8059,19,22
timeStep,numberOfRobotsOnBlackSite,numberOfRobotsOnWhiteSite
8060,19,22
timeStep,numberOfRobotsOnBlackSite,numberOfRobotsOnWhiteSite
8061,19,22
timeStep,numberOfRobotsOnBlackSite,numberOfRobotsOnWhiteSite
8062,19,22
timeStep,numberOfRobotsOnBlackSite,numberOfRobotsOnWhiteSite
8063,19,22
timeStep,numberOfRobotsOnBlackSite,numberOfRobotsOnWhiteSite
8064,19,22
timeStep,numberOfRobotsOnBlackSite,numberOfRobotsOnWhiteSite
8065,19,22
timeStep,numberOfRobotsOnBlackSite,numberOfRobotsOnWhiteSite
8066,19,22
timeStep,numberOfRobotsOnBlackSite,numberOfRobotsOnWhiteSite
8067,19,22
timeStep,numberOfRobotsOnBlackSite,numberOfRobotsOnWhiteSite
8068,19,22
timeStep,numberOfRobotsOnBlackSite,numberOfRobotsOnWhiteSite
8069,19,22
timeStep,numberOfRobotsOnBlackSite,numberOfRobotsOnWhiteSite
8070,19,22
timeStep,numberOfRobotsOnBlackSite,numberOfRobotsOnWhiteSite
8071,19,22
timeStep,numberOfRobotsOnBlackSite,numberOfRobotsOnWhiteSite
8072,19,22
timeStep,numberOfRobotsOnBlackSite,numberOfRobotsOnWhiteSite
8073,19,22
timeStep,numberOfRobotsOnBlackSite,numberOfRobotsOnWhiteSite
8074,19,22
timeStep,numberOfRobotsOnBlackSite,numberOfRobotsOnWhiteSite
8075,19,22
timeStep,numberOfRobotsOnBlackSite,numberOfRobotsOnWhiteSite
8076,19,22
timeStep,numberOfRobotsOnBlackSite,numberOfRobotsOnWhiteSite
8077,19,22
timeStep,numberOfRobotsOnBlackSite,numberOfRobotsOnWhiteSite
8078,19,22
timeStep,numberOfRobotsOnBlackSite,numberOfRobotsOnWhiteSite
8079,19,22
timeStep,numberOfRobotsOnBlackSite,numberOfRobotsOnWhiteSite
8080,19,22
timeStep,numberOfRobotsOnBlackSite,numberOfRobotsOnWhiteSite
8081,19,22
timeStep,numberOfRobotsOnBlackSite,numberOfRobotsOnWhiteSite
8082,19,22
timeStep,numberOfRobotsOnBlackSite,numberOfRobotsOnWhiteSite
8083,19,22
timeStep,numberOfRobotsOnBlackSite,numberOfRobotsOnWhiteSite
8084,19,22
timeStep,numberOfRobotsOnBlackSite,numberOfRobotsOnWhiteSite
8085,19,21
timeStep,numberOfRobotsOnBlackSite,numberOfRobotsOnWhiteSite
8086,19,21
timeStep,numberOfRobotsOnBlackSite,numberOfRobotsOnWhiteSite
8087,19,21
timeStep,numberOfRobotsOnBlackSite,numberOfRobotsOnWhiteSite
8088,19,21
timeStep,numberOfRobotsOnBlackSite,numberOfRobotsOnWhiteSite
8089,19,21
timeStep,numberOfRobotsOnBlackSite,numberOfRobotsOnWhiteSite
8090,19,21
timeStep,numberOfRobotsOnBlackSite,numberOfRobotsOnWhiteSite
8091,19,21
timeStep,numberOfRobotsOnBlackSite,numberOfRobotsOnWhiteSite
8092,19,21
timeStep,numberOfRobotsOnBlackSite,numberOfRobotsOnWhiteSite
8093,19,21
timeStep,numberOfRobotsOnBlackSite,numberOfRobotsOnWhiteSite
8094,19,21
timeStep,numberOfRobotsOnBlackSite,numberOfRobotsOnWhiteSite
8095,19,22
timeStep,numberOfRobotsOnBlackSite,numberOfRobotsOnWhiteSite
8096,19,22
timeStep,numberOfRobotsOnBlackSite,numberOfRobotsOnWhiteSite
8097,19,22
timeStep,numberOfRobotsOnBlackSite,numberOfRobotsOnWhiteSite
8098,19,22
timeStep,numberOfRobotsOnBlackSite,numberOfRobotsOnWhiteSite
8099,19,22
timeStep,numberOfRobotsOnBlackSite,numberOfRobotsOnWhiteSite
8100,19,22
timeStep,numberOfRobotsOnBlackSite,numberOfRobotsOnWhiteSite
8101,19,22
timeStep,numberOfRobotsOnBlackSite,numberOfRobotsOnWhiteSite
8102,19,22
timeStep,numberOfRobotsOnBlackSite,numberOfRobotsOnWhiteSite
8103,19,22
timeStep,numberOfRobotsOnBlackSite,numberOfRobotsOnWhiteSite
8104,19,22
timeStep,numberOfRobotsOnBlackSite,numberOfRobotsOnWhiteSite
8105,19,22
timeStep,numberOfRobotsOnBlackSite,numberOfRobotsOnWhiteSite
8106,19,22
timeStep,numberOfRobotsOnBlackSite,numberOfRobotsOnWhiteSite
8107,19,22
timeStep,numberOfRobotsOnBlackSite,numberOfRobotsOnWhiteSite
8108,19,22
timeStep,numberOfRobotsOnBlackSite,numberOfRobotsOnWhiteSite
8109,19,22
timeStep,numberOfRobotsOnBlackSite,numberOfRobotsOnWhiteSite
8110,19,22
timeStep,numberOfRobotsOnBlackSite,numberOfRobotsOnWhiteSite
8111,19,22
timeStep,numberOfRobotsOnBlackSite,numberOfRobotsOnWhiteSite
8112,19,22
timeStep,numberOfRobotsOnBlackSite,numberOfRobotsOnWhiteSite
8113,19,22
timeStep,numberOfRobotsOnBlackSite,numberOfRobotsOnWhiteSite
8114,19,22
timeStep,numberOfRobotsOnBlackSite,numberOfRobotsOnWhiteSite
8115,19,22
timeStep,numberOfRobotsOnBlackSite,numberOfRobotsOnWhiteSite
8116,19,22
timeStep,numberOfRobotsOnBlackSite,numberOfRobotsOnWhiteSite
8117,19,22
timeStep,numberOfRobotsOnBlackSite,numberOfRobotsOnWhiteSite
8118,19,22
timeStep,numberOfRobotsOnBlackSite,numberOfRobotsOnWhiteSite
8119,19,22
timeStep,numberOfRobotsOnBlackSite,numberOfRobotsOnWhiteSite
8120,19,22
timeStep,numberOfRobotsOnBlackSite,numberOfRobotsOnWhiteSite
8121,19,22
timeStep,numberOfRobotsOnBlackSite,numberOfRobotsOnWhiteSite
8122,19,22
timeStep,numberOfRobotsOnBlackSite,numberOfRobotsOnWhiteSite
8123,19,22
timeStep,numberOfRobotsOnBlackSite,numberOfRobotsOnWhiteSite
8124,19,22
timeStep,numberOfRobotsOnBlackSite,numberOfRobotsOnWhiteSite
8125,19,22
timeStep,numberOfRobotsOnBlackSite,numberOfRobotsOnWhiteSite
8126,19,22
timeStep,numberOfRobotsOnBlackSite,numberOfRobotsOnWhiteSite
8127,19,22
timeStep,numberOfRobotsOnBlackSite,numberOfRobotsOnWhiteSite
8128,19,22
timeStep,numberOfRobotsOnBlackSite,numberOfRobotsOnWhiteSite
8129,19,22
timeStep,numberOfRobotsOnBlackSite,numberOfRobotsOnWhiteSite
8130,19,23
timeStep,numberOfRobotsOnBlackSite,numberOfRobotsOnWhiteSite
8131,19,23
timeStep,numberOfRobotsOnBlackSite,numberOfRobotsOnWhiteSite
8132,19,23
timeStep,numberOfRobotsOnBlackSite,numberOfRobotsOnWhiteSite
8133,19,23
timeStep,numberOfRobotsOnBlackSite,numberOfRobotsOnWhiteSite
8134,19,23
timeStep,numberOfRobotsOnBlackSite,numberOfRobotsOnWhiteSite
8135,19,23
timeStep,numberOfRobotsOnBlackSite,numberOfRobotsOnWhiteSite
8136,19,23
timeStep,numberOfRobotsOnBlackSite,numberOfRobotsOnWhiteSite
8137,19,23
timeStep,numberOfRobotsOnBlackSite,numberOfRobotsOnWhiteSite
8138,19,23
timeStep,numberOfRobotsOnBlackSite,numberOfRobotsOnWhiteSite
8139,19,23
timeStep,numberOfRobotsOnBlackSite,numberOfRobotsOnWhiteSite
8140,19,22
timeStep,numberOfRobotsOnBlackSite,numberOfRobotsOnWhiteSite
8141,19,22
timeStep,numberOfRobotsOnBlackSite,numberOfRobotsOnWhiteSite
8142,19,22
timeStep,numberOfRobotsOnBlackSite,numberOfRobotsOnWhiteSite
8143,19,22
timeStep,numberOfRobotsOnBlackSite,numberOfRobotsOnWhiteSite
8144,19,22
timeStep,numberOfRobotsOnBlackSite,numberOfRobotsOnWhiteSite
8145,19,22
timeStep,numberOfRobotsOnBlackSite,numberOfRobotsOnWhiteSite
8146,19,22
timeStep,numberOfRobotsOnBlackSite,numberOfRobotsOnWhiteSite
8147,19,22
timeStep,numberOfRobotsOnBlackSite,numberOfRobotsOnWhiteSite
8148,19,22
timeStep,numberOfRobotsOnBlackSite,numberOfRobotsOnWhiteSite
8149,19,22
timeStep,numberOfRobotsOnBlackSite,numberOfRobotsOnWhiteSite
8150,19,22
timeStep,numberOfRobotsOnBlackSite,numberOfRobotsOnWhiteSite
8151,19,22
timeStep,numberOfRobotsOnBlackSite,numberOfRobotsOnWhiteSite
8152,19,22
timeStep,numberOfRobotsOnBlackSite,numberOfRobotsOnWhiteSite
8153,19,22
timeStep,numberOfRobotsOnBlackSite,numberOfRobotsOnWhiteSite
8154,19,22
timeStep,numberOfRobotsOnBlackSite,numberOfRobotsOnWhiteSite
8155,19,22
timeStep,numberOfRobotsOnBlackSite,numberOfRobotsOnWhiteSite
8156,19,22
timeStep,numberOfRobotsOnBlackSite,numberOfRobotsOnWhiteSite
8157,19,22
timeStep,numberOfRobotsOnBlackSite,numberOfRobotsOnWhiteSite
8158,19,22
timeStep,numberOfRobotsOnBlackSite,numberOfRobotsOnWhiteSite
8159,19,22
timeStep,numberOfRobotsOnBlackSite,numberOfRobotsOnWhiteSite
8160,19,22
timeStep,numberOfRobotsOnBlackSite,numberOfRobotsOnWhiteSite
8161,19,22
timeStep,numberOfRobotsOnBlackSite,numberOfRobotsOnWhiteSite
8162,19,22
timeStep,numberOfRobotsOnBlackSite,numberOfRobotsOnWhiteSite
8163,19,22
timeStep,numberOfRobotsOnBlackSite,numberOfRobotsOnWhiteSite
8164,19,22
timeStep,numberOfRobotsOnBlackSite,numberOfRobotsOnWhiteSite
8165,19,22
timeStep,numberOfRobotsOnBlackSite,numberOfRobotsOnWhiteSite
8166,19,22
timeStep,numberOfRobotsOnBlackSite,numberOfRobotsOnWhiteSite
8167,19,22
timeStep,numberOfRobotsOnBlackSite,numberOfRobotsOnWhiteSite
8168,19,22
timeStep,numberOfRobotsOnBlackSite,numberOfRobotsOnWhiteSite
8169,19,22
timeStep,numberOfRobotsOnBlackSite,numberOfRobotsOnWhiteSite
8170,19,22
timeStep,numberOfRobotsOnBlackSite,numberOfRobotsOnWhiteSite
8171,19,22
timeStep,numberOfRobotsOnBlackSite,numberOfRobotsOnWhiteSite
8172,19,22
timeStep,numberOfRobotsOnBlackSite,numberOfRobotsOnWhiteSite
8173,19,22
timeStep,numberOfRobotsOnBlackSite,numberOfRobotsOnWhiteSite
8174,19,22
timeStep,numberOfRobotsOnBlackSite,numberOfRobotsOnWhiteSite
8175,19,22
timeStep,numberOfRobotsOnBlackSite,numberOfRobotsOnWhiteSite
8176,19,22
timeStep,numberOfRobotsOnBlackSite,numberOfRobotsOnWhiteSite
8177,19,22
timeStep,numberOfRobotsOnBlackSite,numberOfRobotsOnWhiteSite
8178,19,22
timeStep,numberOfRobotsOnBlackSite,numberOfRobotsOnWhiteSite
8179,19,22
timeStep,numberOfRobotsOnBlackSite,numberOfRobotsOnWhiteSite
8180,19,22
timeStep,numberOfRobotsOnBlackSite,numberOfRobotsOnWhiteSite
8181,19,22
timeStep,numberOfRobotsOnBlackSite,numberOfRobotsOnWhiteSite
8182,19,22
timeStep,numberOfRobotsOnBlackSite,numberOfRobotsOnWhiteSite
8183,19,22
timeStep,numberOfRobotsOnBlackSite,numberOfRobotsOnWhiteSite
8184,19,22
timeStep,numberOfRobotsOnBlackSite,numberOfRobotsOnWhiteSite
8185,19,22
timeStep,numberOfRobotsOnBlackSite,numberOfRobotsOnWhiteSite
8186,19,22
timeStep,numberOfRobotsOnBlackSite,numberOfRobotsOnWhiteSite
8187,19,22
timeStep,numberOfRobotsOnBlackSite,numberOfRobotsOnWhiteSite
8188,19,22
timeStep,numberOfRobotsOnBlackSite,numberOfRobotsOnWhiteSite
8189,19,22
timeStep,numberOfRobotsOnBlackSite,numberOfRobotsOnWhiteSite
8190,19,22
timeStep,numberOfRobotsOnBlackSite,numberOfRobotsOnWhiteSite
8191,19,22
timeStep,numberOfRobotsOnBlackSite,numberOfRobotsOnWhiteSite
8192,19,22
timeStep,numberOfRobotsOnBlackSite,numberOfRobotsOnWhiteSite
8193,19,22
timeStep,numberOfRobotsOnBlackSite,numberOfRobotsOnWhiteSite
8194,19,22
timeStep,numberOfRobotsOnBlackSite,numberOfRobotsOnWhiteSite
8195,19,22
timeStep,numberOfRobotsOnBlackSite,numberOfRobotsOnWhiteSite
8196,19,22
timeStep,numberOfRobotsOnBlackSite,numberOfRobotsOnWhiteSite
8197,19,22
timeStep,numberOfRobotsOnBlackSite,numberOfRobotsOnWhiteSite
8198,19,22
timeStep,numberOfRobotsOnBlackSite,numberOfRobotsOnWhiteSite
8199,19,22
timeStep,numberOfRobotsOnBlackSite,numberOfRobotsOnWhiteSite
8200,19,22
timeStep,numberOfRobotsOnBlackSite,numberOfRobotsOnWhiteSite
8201,19,22
timeStep,numberOfRobotsOnBlackSite,numberOfRobotsOnWhiteSite
8202,19,22
timeStep,numberOfRobotsOnBlackSite,numberOfRobotsOnWhiteSite
8203,19,22
timeStep,numberOfRobotsOnBlackSite,numberOfRobotsOnWhiteSite
8204,19,22
timeStep,numberOfRobotsOnBlackSite,numberOfRobotsOnWhiteSite
8205,19,22
timeStep,numberOfRobotsOnBlackSite,numberOfRobotsOnWhiteSite
8206,19,22
timeStep,numberOfRobotsOnBlackSite,numberOfRobotsOnWhiteSite
8207,19,22
timeStep,numberOfRobotsOnBlackSite,numberOfRobotsOnWhiteSite
8208,19,22
timeStep,numberOfRobotsOnBlackSite,numberOfRobotsOnWhiteSite
8209,19,22
timeStep,numberOfRobotsOnBlackSite,numberOfRobotsOnWhiteSite
8210,19,22
timeStep,numberOfRobotsOnBlackSite,numberOfRobotsOnWhiteSite
8211,19,22
timeStep,numberOfRobotsOnBlackSite,numberOfRobotsOnWhiteSite
8212,19,22
timeStep,numberOfRobotsOnBlackSite,numberOfRobotsOnWhiteSite
8213,19,22
timeStep,numberOfRobotsOnBlackSite,numberOfRobotsOnWhiteSite
8214,19,22
timeStep,numberOfRobotsOnBlackSite,numberOfRobotsOnWhiteSite
8215,19,22
timeStep,numberOfRobotsOnBlackSite,numberOfRobotsOnWhiteSite
8216,19,22
timeStep,numberOfRobotsOnBlackSite,numberOfRobotsOnWhiteSite
8217,19,22
timeStep,numberOfRobotsOnBlackSite,numberOfRobotsOnWhiteSite
8218,19,22
timeStep,numberOfRobotsOnBlackSite,numberOfRobotsOnWhiteSite
8219,19,22
timeStep,numberOfRobotsOnBlackSite,numberOfRobotsOnWhiteSite
8220,19,22
timeStep,numberOfRobotsOnBlackSite,numberOfRobotsOnWhiteSite
8221,19,22
timeStep,numberOfRobotsOnBlackSite,numberOfRobotsOnWhiteSite
8222,19,22
timeStep,numberOfRobotsOnBlackSite,numberOfRobotsOnWhiteSite
8223,19,22
timeStep,numberOfRobotsOnBlackSite,numberOfRobotsOnWhiteSite
8224,19,22
timeStep,numberOfRobotsOnBlackSite,numberOfRobotsOnWhiteSite
8225,19,22
timeStep,numberOfRobotsOnBlackSite,numberOfRobotsOnWhiteSite
8226,19,22
timeStep,numberOfRobotsOnBlackSite,numberOfRobotsOnWhiteSite
8227,19,22
timeStep,numberOfRobotsOnBlackSite,numberOfRobotsOnWhiteSite
8228,19,22
timeStep,numberOfRobotsOnBlackSite,numberOfRobotsOnWhiteSite
8229,19,22
timeStep,numberOfRobotsOnBlackSite,numberOfRobotsOnWhiteSite
8230,19,22
timeStep,numberOfRobotsOnBlackSite,numberOfRobotsOnWhiteSite
8231,19,22
timeStep,numberOfRobotsOnBlackSite,numberOfRobotsOnWhiteSite
8232,19,22
timeStep,numberOfRobotsOnBlackSite,numberOfRobotsOnWhiteSite
8233,19,22
timeStep,numberOfRobotsOnBlackSite,numberOfRobotsOnWhiteSite
8234,19,22
timeStep,numberOfRobotsOnBlackSite,numberOfRobotsOnWhiteSite
8235,19,22
timeStep,numberOfRobotsOnBlackSite,numberOfRobotsOnWhiteSite
8236,19,22
timeStep,numberOfRobotsOnBlackSite,numberOfRobotsOnWhiteSite
8237,19,22
timeStep,numberOfRobotsOnBlackSite,numberOfRobotsOnWhiteSite
8238,19,22
timeStep,numberOfRobotsOnBlackSite,numberOfRobotsOnWhiteSite
8239,19,22
timeStep,numberOfRobotsOnBlackSite,numberOfRobotsOnWhiteSite
8240,19,22
timeStep,numberOfRobotsOnBlackSite,numberOfRobotsOnWhiteSite
8241,19,22
timeStep,numberOfRobotsOnBlackSite,numberOfRobotsOnWhiteSite
8242,19,22
timeStep,numberOfRobotsOnBlackSite,numberOfRobotsOnWhiteSite
8243,19,22
timeStep,numberOfRobotsOnBlackSite,numberOfRobotsOnWhiteSite
8244,19,22
timeStep,numberOfRobotsOnBlackSite,numberOfRobotsOnWhiteSite
8245,19,22
timeStep,numberOfRobotsOnBlackSite,numberOfRobotsOnWhiteSite
8246,19,22
timeStep,numberOfRobotsOnBlackSite,numberOfRobotsOnWhiteSite
8247,19,22
timeStep,numberOfRobotsOnBlackSite,numberOfRobotsOnWhiteSite
8248,19,22
timeStep,numberOfRobotsOnBlackSite,numberOfRobotsOnWhiteSite
8249,19,22
timeStep,numberOfRobotsOnBlackSite,numberOfRobotsOnWhiteSite
8250,19,22
timeStep,numberOfRobotsOnBlackSite,numberOfRobotsOnWhiteSite
8251,19,22
timeStep,numberOfRobotsOnBlackSite,numberOfRobotsOnWhiteSite
8252,19,22
timeStep,numberOfRobotsOnBlackSite,numberOfRobotsOnWhiteSite
8253,19,22
timeStep,numberOfRobotsOnBlackSite,numberOfRobotsOnWhiteSite
8254,19,22
timeStep,numberOfRobotsOnBlackSite,numberOfRobotsOnWhiteSite
8255,19,22
timeStep,numberOfRobotsOnBlackSite,numberOfRobotsOnWhiteSite
8256,19,22
timeStep,numberOfRobotsOnBlackSite,numberOfRobotsOnWhiteSite
8257,19,22
timeStep,numberOfRobotsOnBlackSite,numberOfRobotsOnWhiteSite
8258,19,22
timeStep,numberOfRobotsOnBlackSite,numberOfRobotsOnWhiteSite
8259,19,22
timeStep,numberOfRobotsOnBlackSite,numberOfRobotsOnWhiteSite
8260,19,22
timeStep,numberOfRobotsOnBlackSite,numberOfRobotsOnWhiteSite
8261,19,22
timeStep,numberOfRobotsOnBlackSite,numberOfRobotsOnWhiteSite
8262,19,22
timeStep,numberOfRobotsOnBlackSite,numberOfRobotsOnWhiteSite
8263,19,22
timeStep,numberOfRobotsOnBlackSite,numberOfRobotsOnWhiteSite
8264,19,22
timeStep,numberOfRobotsOnBlackSite,numberOfRobotsOnWhiteSite
8265,19,22
timeStep,numberOfRobotsOnBlackSite,numberOfRobotsOnWhiteSite
8266,19,22
timeStep,numberOfRobotsOnBlackSite,numberOfRobotsOnWhiteSite
8267,19,22
timeStep,numberOfRobotsOnBlackSite,numberOfRobotsOnWhiteSite
8268,19,22
timeStep,numberOfRobotsOnBlackSite,numberOfRobotsOnWhiteSite
8269,19,22
timeStep,numberOfRobotsOnBlackSite,numberOfRobotsOnWhiteSite
8270,19,22
timeStep,numberOfRobotsOnBlackSite,numberOfRobotsOnWhiteSite
8271,19,22
timeStep,numberOfRobotsOnBlackSite,numberOfRobotsOnWhiteSite
8272,19,22
timeStep,numberOfRobotsOnBlackSite,numberOfRobotsOnWhiteSite
8273,19,22
timeStep,numberOfRobotsOnBlackSite,numberOfRobotsOnWhiteSite
8274,19,22
timeStep,numberOfRobotsOnBlackSite,numberOfRobotsOnWhiteSite
8275,19,22
timeStep,numberOfRobotsOnBlackSite,numberOfRobotsOnWhiteSite
8276,19,22
timeStep,numberOfRobotsOnBlackSite,numberOfRobotsOnWhiteSite
8277,19,22
timeStep,numberOfRobotsOnBlackSite,numberOfRobotsOnWhiteSite
8278,19,22
timeStep,numberOfRobotsOnBlackSite,numberOfRobotsOnWhiteSite
8279,19,22
timeStep,numberOfRobotsOnBlackSite,numberOfRobotsOnWhiteSite
8280,19,22
timeStep,numberOfRobotsOnBlackSite,numberOfRobotsOnWhiteSite
8281,19,22
timeStep,numberOfRobotsOnBlackSite,numberOfRobotsOnWhiteSite
8282,19,22
timeStep,numberOfRobotsOnBlackSite,numberOfRobotsOnWhiteSite
8283,19,22
timeStep,numberOfRobotsOnBlackSite,numberOfRobotsOnWhiteSite
8284,19,22
timeStep,numberOfRobotsOnBlackSite,numberOfRobotsOnWhiteSite
8285,19,22
timeStep,numberOfRobotsOnBlackSite,numberOfRobotsOnWhiteSite
8286,19,22
timeStep,numberOfRobotsOnBlackSite,numberOfRobotsOnWhiteSite
8287,19,22
timeStep,numberOfRobotsOnBlackSite,numberOfRobotsOnWhiteSite
8288,19,22
timeStep,numberOfRobotsOnBlackSite,numberOfRobotsOnWhiteSite
8289,19,22
timeStep,numberOfRobotsOnBlackSite,numberOfRobotsOnWhiteSite
8290,19,22
timeStep,numberOfRobotsOnBlackSite,numberOfRobotsOnWhiteSite
8291,19,22
timeStep,numberOfRobotsOnBlackSite,numberOfRobotsOnWhiteSite
8292,19,22
timeStep,numberOfRobotsOnBlackSite,numberOfRobotsOnWhiteSite
8293,19,22
timeStep,numberOfRobotsOnBlackSite,numberOfRobotsOnWhiteSite
8294,19,22
timeStep,numberOfRobotsOnBlackSite,numberOfRobotsOnWhiteSite
8295,19,22
timeStep,numberOfRobotsOnBlackSite,numberOfRobotsOnWhiteSite
8296,19,22
timeStep,numberOfRobotsOnBlackSite,numberOfRobotsOnWhiteSite
8297,19,22
timeStep,numberOfRobotsOnBlackSite,numberOfRobotsOnWhiteSite
8298,19,22
timeStep,numberOfRobotsOnBlackSite,numberOfRobotsOnWhiteSite
8299,19,22
timeStep,numberOfRobotsOnBlackSite,numberOfRobotsOnWhiteSite
8300,19,22
timeStep,numberOfRobotsOnBlackSite,numberOfRobotsOnWhiteSite
8301,19,22
timeStep,numberOfRobotsOnBlackSite,numberOfRobotsOnWhiteSite
8302,19,22
timeStep,numberOfRobotsOnBlackSite,numberOfRobotsOnWhiteSite
8303,19,22
timeStep,numberOfRobotsOnBlackSite,numberOfRobotsOnWhiteSite
8304,19,22
timeStep,numberOfRobotsOnBlackSite,numberOfRobotsOnWhiteSite
8305,19,22
timeStep,numberOfRobotsOnBlackSite,numberOfRobotsOnWhiteSite
8306,19,22
timeStep,numberOfRobotsOnBlackSite,numberOfRobotsOnWhiteSite
8307,19,22
timeStep,numberOfRobotsOnBlackSite,numberOfRobotsOnWhiteSite
8308,19,22
timeStep,numberOfRobotsOnBlackSite,numberOfRobotsOnWhiteSite
8309,19,22
timeStep,numberOfRobotsOnBlackSite,numberOfRobotsOnWhiteSite
8310,19,22
timeStep,numberOfRobotsOnBlackSite,numberOfRobotsOnWhiteSite
8311,19,22
timeStep,numberOfRobotsOnBlackSite,numberOfRobotsOnWhiteSite
8312,19,22
timeStep,numberOfRobotsOnBlackSite,numberOfRobotsOnWhiteSite
8313,19,22
timeStep,numberOfRobotsOnBlackSite,numberOfRobotsOnWhiteSite
8314,19,22
timeStep,numberOfRobotsOnBlackSite,numberOfRobotsOnWhiteSite
8315,19,22
timeStep,numberOfRobotsOnBlackSite,numberOfRobotsOnWhiteSite
8316,19,22
timeStep,numberOfRobotsOnBlackSite,numberOfRobotsOnWhiteSite
8317,19,22
timeStep,numberOfRobotsOnBlackSite,numberOfRobotsOnWhiteSite
8318,19,22
timeStep,numberOfRobotsOnBlackSite,numberOfRobotsOnWhiteSite
8319,19,22
timeStep,numberOfRobotsOnBlackSite,numberOfRobotsOnWhiteSite
8320,19,22
timeStep,numberOfRobotsOnBlackSite,numberOfRobotsOnWhiteSite
8321,19,22
timeStep,numberOfRobotsOnBlackSite,numberOfRobotsOnWhiteSite
8322,19,22
timeStep,numberOfRobotsOnBlackSite,numberOfRobotsOnWhiteSite
8323,19,22
timeStep,numberOfRobotsOnBlackSite,numberOfRobotsOnWhiteSite
8324,19,22
timeStep,numberOfRobotsOnBlackSite,numberOfRobotsOnWhiteSite
8325,19,22
timeStep,numberOfRobotsOnBlackSite,numberOfRobotsOnWhiteSite
8326,19,22
timeStep,numberOfRobotsOnBlackSite,numberOfRobotsOnWhiteSite
8327,19,22
timeStep,numberOfRobotsOnBlackSite,numberOfRobotsOnWhiteSite
8328,19,22
timeStep,numberOfRobotsOnBlackSite,numberOfRobotsOnWhiteSite
8329,19,22
timeStep,numberOfRobotsOnBlackSite,numberOfRobotsOnWhiteSite
8330,19,22
timeStep,numberOfRobotsOnBlackSite,numberOfRobotsOnWhiteSite
8331,19,22
timeStep,numberOfRobotsOnBlackSite,numberOfRobotsOnWhiteSite
8332,19,22
timeStep,numberOfRobotsOnBlackSite,numberOfRobotsOnWhiteSite
8333,19,22
timeStep,numberOfRobotsOnBlackSite,numberOfRobotsOnWhiteSite
8334,19,22
timeStep,numberOfRobotsOnBlackSite,numberOfRobotsOnWhiteSite
8335,19,22
timeStep,numberOfRobotsOnBlackSite,numberOfRobotsOnWhiteSite
8336,19,22
timeStep,numberOfRobotsOnBlackSite,numberOfRobotsOnWhiteSite
8337,19,22
timeStep,numberOfRobotsOnBlackSite,numberOfRobotsOnWhiteSite
8338,19,22
timeStep,numberOfRobotsOnBlackSite,numberOfRobotsOnWhiteSite
8339,19,22
timeStep,numberOfRobotsOnBlackSite,numberOfRobotsOnWhiteSite
8340,19,22
timeStep,numberOfRobotsOnBlackSite,numberOfRobotsOnWhiteSite
8341,19,22
timeStep,numberOfRobotsOnBlackSite,numberOfRobotsOnWhiteSite
8342,19,22
timeStep,numberOfRobotsOnBlackSite,numberOfRobotsOnWhiteSite
8343,19,22
timeStep,numberOfRobotsOnBlackSite,numberOfRobotsOnWhiteSite
8344,19,22
timeStep,numberOfRobotsOnBlackSite,numberOfRobotsOnWhiteSite
8345,19,22
timeStep,numberOfRobotsOnBlackSite,numberOfRobotsOnWhiteSite
8346,19,22
timeStep,numberOfRobotsOnBlackSite,numberOfRobotsOnWhiteSite
8347,19,22
timeStep,numberOfRobotsOnBlackSite,numberOfRobotsOnWhiteSite
8348,19,22
timeStep,numberOfRobotsOnBlackSite,numberOfRobotsOnWhiteSite
8349,19,22
timeStep,numberOfRobotsOnBlackSite,numberOfRobotsOnWhiteSite
8350,19,22
timeStep,numberOfRobotsOnBlackSite,numberOfRobotsOnWhiteSite
8351,19,22
timeStep,numberOfRobotsOnBlackSite,numberOfRobotsOnWhiteSite
8352,19,22
timeStep,numberOfRobotsOnBlackSite,numberOfRobotsOnWhiteSite
8353,19,22
timeStep,numberOfRobotsOnBlackSite,numberOfRobotsOnWhiteSite
8354,19,22
timeStep,numberOfRobotsOnBlackSite,numberOfRobotsOnWhiteSite
8355,19,22
timeStep,numberOfRobotsOnBlackSite,numberOfRobotsOnWhiteSite
8356,19,22
timeStep,numberOfRobotsOnBlackSite,numberOfRobotsOnWhiteSite
8357,19,22
timeStep,numberOfRobotsOnBlackSite,numberOfRobotsOnWhiteSite
8358,19,22
timeStep,numberOfRobotsOnBlackSite,numberOfRobotsOnWhiteSite
8359,19,22
timeStep,numberOfRobotsOnBlackSite,numberOfRobotsOnWhiteSite
8360,19,22
timeStep,numberOfRobotsOnBlackSite,numberOfRobotsOnWhiteSite
8361,19,22
timeStep,numberOfRobotsOnBlackSite,numberOfRobotsOnWhiteSite
8362,19,22
timeStep,numberOfRobotsOnBlackSite,numberOfRobotsOnWhiteSite
8363,19,22
timeStep,numberOfRobotsOnBlackSite,numberOfRobotsOnWhiteSite
8364,19,22
timeStep,numberOfRobotsOnBlackSite,numberOfRobotsOnWhiteSite
8365,19,22
timeStep,numberOfRobotsOnBlackSite,numberOfRobotsOnWhiteSite
8366,19,22
timeStep,numberOfRobotsOnBlackSite,numberOfRobotsOnWhiteSite
8367,19,22
timeStep,numberOfRobotsOnBlackSite,numberOfRobotsOnWhiteSite
8368,19,22
timeStep,numberOfRobotsOnBlackSite,numberOfRobotsOnWhiteSite
8369,19,22
timeStep,numberOfRobotsOnBlackSite,numberOfRobotsOnWhiteSite
8370,19,22
timeStep,numberOfRobotsOnBlackSite,numberOfRobotsOnWhiteSite
8371,19,22
timeStep,numberOfRobotsOnBlackSite,numberOfRobotsOnWhiteSite
8372,19,22
timeStep,numberOfRobotsOnBlackSite,numberOfRobotsOnWhiteSite
8373,19,22
timeStep,numberOfRobotsOnBlackSite,numberOfRobotsOnWhiteSite
8374,19,22
timeStep,numberOfRobotsOnBlackSite,numberOfRobotsOnWhiteSite
8375,19,22
timeStep,numberOfRobotsOnBlackSite,numberOfRobotsOnWhiteSite
8376,19,22
timeStep,numberOfRobotsOnBlackSite,numberOfRobotsOnWhiteSite
8377,19,22
timeStep,numberOfRobotsOnBlackSite,numberOfRobotsOnWhiteSite
8378,19,22
timeStep,numberOfRobotsOnBlackSite,numberOfRobotsOnWhiteSite
8379,19,22
timeStep,numberOfRobotsOnBlackSite,numberOfRobotsOnWhiteSite
8380,19,22
timeStep,numberOfRobotsOnBlackSite,numberOfRobotsOnWhiteSite
8381,19,22
timeStep,numberOfRobotsOnBlackSite,numberOfRobotsOnWhiteSite
8382,19,22
timeStep,numberOfRobotsOnBlackSite,numberOfRobotsOnWhiteSite
8383,19,22
timeStep,numberOfRobotsOnBlackSite,numberOfRobotsOnWhiteSite
8384,19,22
timeStep,numberOfRobotsOnBlackSite,numberOfRobotsOnWhiteSite
8385,19,22
timeStep,numberOfRobotsOnBlackSite,numberOfRobotsOnWhiteSite
8386,19,22
timeStep,numberOfRobotsOnBlackSite,numberOfRobotsOnWhiteSite
8387,19,22
timeStep,numberOfRobotsOnBlackSite,numberOfRobotsOnWhiteSite
8388,19,22
timeStep,numberOfRobotsOnBlackSite,numberOfRobotsOnWhiteSite
8389,19,22
timeStep,numberOfRobotsOnBlackSite,numberOfRobotsOnWhiteSite
8390,19,22
timeStep,numberOfRobotsOnBlackSite,numberOfRobotsOnWhiteSite
8391,19,22
timeStep,numberOfRobotsOnBlackSite,numberOfRobotsOnWhiteSite
8392,19,22
timeStep,numberOfRobotsOnBlackSite,numberOfRobotsOnWhiteSite
8393,19,22
timeStep,numberOfRobotsOnBlackSite,numberOfRobotsOnWhiteSite
8394,19,22
timeStep,numberOfRobotsOnBlackSite,numberOfRobotsOnWhiteSite
8395,19,22
timeStep,numberOfRobotsOnBlackSite,numberOfRobotsOnWhiteSite
8396,19,22
timeStep,numberOfRobotsOnBlackSite,numberOfRobotsOnWhiteSite
8397,19,22
timeStep,numberOfRobotsOnBlackSite,numberOfRobotsOnWhiteSite
8398,19,22
timeStep,numberOfRobotsOnBlackSite,numberOfRobotsOnWhiteSite
8399,19,22
timeStep,numberOfRobotsOnBlackSite,numberOfRobotsOnWhiteSite
8400,19,22
timeStep,numberOfRobotsOnBlackSite,numberOfRobotsOnWhiteSite
8401,19,22
timeStep,numberOfRobotsOnBlackSite,numberOfRobotsOnWhiteSite
8402,19,22
timeStep,numberOfRobotsOnBlackSite,numberOfRobotsOnWhiteSite
8403,19,22
timeStep,numberOfRobotsOnBlackSite,numberOfRobotsOnWhiteSite
8404,19,22
timeStep,numberOfRobotsOnBlackSite,numberOfRobotsOnWhiteSite
8405,19,22
timeStep,numberOfRobotsOnBlackSite,numberOfRobotsOnWhiteSite
8406,19,22
timeStep,numberOfRobotsOnBlackSite,numberOfRobotsOnWhiteSite
8407,19,22
timeStep,numberOfRobotsOnBlackSite,numberOfRobotsOnWhiteSite
8408,19,22
timeStep,numberOfRobotsOnBlackSite,numberOfRobotsOnWhiteSite
8409,19,22
timeStep,numberOfRobotsOnBlackSite,numberOfRobotsOnWhiteSite
8410,19,22
timeStep,numberOfRobotsOnBlackSite,numberOfRobotsOnWhiteSite
8411,19,22
timeStep,numberOfRobotsOnBlackSite,numberOfRobotsOnWhiteSite
8412,19,22
timeStep,numberOfRobotsOnBlackSite,numberOfRobotsOnWhiteSite
8413,19,22
timeStep,numberOfRobotsOnBlackSite,numberOfRobotsOnWhiteSite
8414,19,22
timeStep,numberOfRobotsOnBlackSite,numberOfRobotsOnWhiteSite
8415,19,22
timeStep,numberOfRobotsOnBlackSite,numberOfRobotsOnWhiteSite
8416,19,22
timeStep,numberOfRobotsOnBlackSite,numberOfRobotsOnWhiteSite
8417,19,22
timeStep,numberOfRobotsOnBlackSite,numberOfRobotsOnWhiteSite
8418,19,22
timeStep,numberOfRobotsOnBlackSite,numberOfRobotsOnWhiteSite
8419,19,22
timeStep,numberOfRobotsOnBlackSite,numberOfRobotsOnWhiteSite
8420,19,22
timeStep,numberOfRobotsOnBlackSite,numberOfRobotsOnWhiteSite
8421,19,22
timeStep,numberOfRobotsOnBlackSite,numberOfRobotsOnWhiteSite
8422,19,22
timeStep,numberOfRobotsOnBlackSite,numberOfRobotsOnWhiteSite
8423,19,22
timeStep,numberOfRobotsOnBlackSite,numberOfRobotsOnWhiteSite
8424,19,22
timeStep,numberOfRobotsOnBlackSite,numberOfRobotsOnWhiteSite
8425,19,22
timeStep,numberOfRobotsOnBlackSite,numberOfRobotsOnWhiteSite
8426,19,22
timeStep,numberOfRobotsOnBlackSite,numberOfRobotsOnWhiteSite
8427,19,22
timeStep,numberOfRobotsOnBlackSite,numberOfRobotsOnWhiteSite
8428,19,22
timeStep,numberOfRobotsOnBlackSite,numberOfRobotsOnWhiteSite
8429,19,22
timeStep,numberOfRobotsOnBlackSite,numberOfRobotsOnWhiteSite
8430,19,22
timeStep,numberOfRobotsOnBlackSite,numberOfRobotsOnWhiteSite
8431,19,22
timeStep,numberOfRobotsOnBlackSite,numberOfRobotsOnWhiteSite
8432,19,22
timeStep,numberOfRobotsOnBlackSite,numberOfRobotsOnWhiteSite
8433,19,22
timeStep,numberOfRobotsOnBlackSite,numberOfRobotsOnWhiteSite
8434,19,22
timeStep,numberOfRobotsOnBlackSite,numberOfRobotsOnWhiteSite
8435,19,22
timeStep,numberOfRobotsOnBlackSite,numberOfRobotsOnWhiteSite
8436,19,22
timeStep,numberOfRobotsOnBlackSite,numberOfRobotsOnWhiteSite
8437,19,22
timeStep,numberOfRobotsOnBlackSite,numberOfRobotsOnWhiteSite
8438,19,22
timeStep,numberOfRobotsOnBlackSite,numberOfRobotsOnWhiteSite
8439,19,22
timeStep,numberOfRobotsOnBlackSite,numberOfRobotsOnWhiteSite
8440,19,22
timeStep,numberOfRobotsOnBlackSite,numberOfRobotsOnWhiteSite
8441,19,22
timeStep,numberOfRobotsOnBlackSite,numberOfRobotsOnWhiteSite
8442,19,22
timeStep,numberOfRobotsOnBlackSite,numberOfRobotsOnWhiteSite
8443,19,22
timeStep,numberOfRobotsOnBlackSite,numberOfRobotsOnWhiteSite
8444,19,22
timeStep,numberOfRobotsOnBlackSite,numberOfRobotsOnWhiteSite
8445,19,22
timeStep,numberOfRobotsOnBlackSite,numberOfRobotsOnWhiteSite
8446,19,22
timeStep,numberOfRobotsOnBlackSite,numberOfRobotsOnWhiteSite
8447,19,22
timeStep,numberOfRobotsOnBlackSite,numberOfRobotsOnWhiteSite
8448,19,22
timeStep,numberOfRobotsOnBlackSite,numberOfRobotsOnWhiteSite
8449,19,22
timeStep,numberOfRobotsOnBlackSite,numberOfRobotsOnWhiteSite
8450,19,22
timeStep,numberOfRobotsOnBlackSite,numberOfRobotsOnWhiteSite
8451,19,22
timeStep,numberOfRobotsOnBlackSite,numberOfRobotsOnWhiteSite
8452,19,22
timeStep,numberOfRobotsOnBlackSite,numberOfRobotsOnWhiteSite
8453,19,22
timeStep,numberOfRobotsOnBlackSite,numberOfRobotsOnWhiteSite
8454,19,22
timeStep,numberOfRobotsOnBlackSite,numberOfRobotsOnWhiteSite
8455,19,22
timeStep,numberOfRobotsOnBlackSite,numberOfRobotsOnWhiteSite
8456,19,22
timeStep,numberOfRobotsOnBlackSite,numberOfRobotsOnWhiteSite
8457,19,22
timeStep,numberOfRobotsOnBlackSite,numberOfRobotsOnWhiteSite
8458,19,22
timeStep,numberOfRobotsOnBlackSite,numberOfRobotsOnWhiteSite
8459,19,22
timeStep,numberOfRobotsOnBlackSite,numberOfRobotsOnWhiteSite
8460,19,22
timeStep,numberOfRobotsOnBlackSite,numberOfRobotsOnWhiteSite
8461,19,22
timeStep,numberOfRobotsOnBlackSite,numberOfRobotsOnWhiteSite
8462,19,22
timeStep,numberOfRobotsOnBlackSite,numberOfRobotsOnWhiteSite
8463,19,22
timeStep,numberOfRobotsOnBlackSite,numberOfRobotsOnWhiteSite
8464,19,22
timeStep,numberOfRobotsOnBlackSite,numberOfRobotsOnWhiteSite
8465,19,22
timeStep,numberOfRobotsOnBlackSite,numberOfRobotsOnWhiteSite
8466,19,22
timeStep,numberOfRobotsOnBlackSite,numberOfRobotsOnWhiteSite
8467,19,22
timeStep,numberOfRobotsOnBlackSite,numberOfRobotsOnWhiteSite
8468,19,22
timeStep,numberOfRobotsOnBlackSite,numberOfRobotsOnWhiteSite
8469,19,22
timeStep,numberOfRobotsOnBlackSite,numberOfRobotsOnWhiteSite
8470,19,22
timeStep,numberOfRobotsOnBlackSite,numberOfRobotsOnWhiteSite
8471,19,22
timeStep,numberOfRobotsOnBlackSite,numberOfRobotsOnWhiteSite
8472,19,22
timeStep,numberOfRobotsOnBlackSite,numberOfRobotsOnWhiteSite
8473,19,22
timeStep,numberOfRobotsOnBlackSite,numberOfRobotsOnWhiteSite
8474,19,22
timeStep,numberOfRobotsOnBlackSite,numberOfRobotsOnWhiteSite
8475,19,22
timeStep,numberOfRobotsOnBlackSite,numberOfRobotsOnWhiteSite
8476,19,22
timeStep,numberOfRobotsOnBlackSite,numberOfRobotsOnWhiteSite
8477,19,22
timeStep,numberOfRobotsOnBlackSite,numberOfRobotsOnWhiteSite
8478,19,22
timeStep,numberOfRobotsOnBlackSite,numberOfRobotsOnWhiteSite
8479,19,22
timeStep,numberOfRobotsOnBlackSite,numberOfRobotsOnWhiteSite
8480,19,22
timeStep,numberOfRobotsOnBlackSite,numberOfRobotsOnWhiteSite
8481,19,22
timeStep,numberOfRobotsOnBlackSite,numberOfRobotsOnWhiteSite
8482,19,22
timeStep,numberOfRobotsOnBlackSite,numberOfRobotsOnWhiteSite
8483,19,22
timeStep,numberOfRobotsOnBlackSite,numberOfRobotsOnWhiteSite
8484,19,22
timeStep,numberOfRobotsOnBlackSite,numberOfRobotsOnWhiteSite
8485,19,22
timeStep,numberOfRobotsOnBlackSite,numberOfRobotsOnWhiteSite
8486,19,22
timeStep,numberOfRobotsOnBlackSite,numberOfRobotsOnWhiteSite
8487,19,22
timeStep,numberOfRobotsOnBlackSite,numberOfRobotsOnWhiteSite
8488,19,22
timeStep,numberOfRobotsOnBlackSite,numberOfRobotsOnWhiteSite
8489,19,22
timeStep,numberOfRobotsOnBlackSite,numberOfRobotsOnWhiteSite
8490,19,22
timeStep,numberOfRobotsOnBlackSite,numberOfRobotsOnWhiteSite
8491,19,22
timeStep,numberOfRobotsOnBlackSite,numberOfRobotsOnWhiteSite
8492,19,22
timeStep,numberOfRobotsOnBlackSite,numberOfRobotsOnWhiteSite
8493,19,22
timeStep,numberOfRobotsOnBlackSite,numberOfRobotsOnWhiteSite
8494,19,22
timeStep,numberOfRobotsOnBlackSite,numberOfRobotsOnWhiteSite
8495,19,22
timeStep,numberOfRobotsOnBlackSite,numberOfRobotsOnWhiteSite
8496,19,22
timeStep,numberOfRobotsOnBlackSite,numberOfRobotsOnWhiteSite
8497,19,22
timeStep,numberOfRobotsOnBlackSite,numberOfRobotsOnWhiteSite
8498,19,22
timeStep,numberOfRobotsOnBlackSite,numberOfRobotsOnWhiteSite
8499,19,22
timeStep,numberOfRobotsOnBlackSite,numberOfRobotsOnWhiteSite
8500,19,22
timeStep,numberOfRobotsOnBlackSite,numberOfRobotsOnWhiteSite
8501,19,22
timeStep,numberOfRobotsOnBlackSite,numberOfRobotsOnWhiteSite
8502,19,22
timeStep,numberOfRobotsOnBlackSite,numberOfRobotsOnWhiteSite
8503,19,22
timeStep,numberOfRobotsOnBlackSite,numberOfRobotsOnWhiteSite
8504,19,22
timeStep,numberOfRobotsOnBlackSite,numberOfRobotsOnWhiteSite
8505,19,22
timeStep,numberOfRobotsOnBlackSite,numberOfRobotsOnWhiteSite
8506,19,22
timeStep,numberOfRobotsOnBlackSite,numberOfRobotsOnWhiteSite
8507,19,22
timeStep,numberOfRobotsOnBlackSite,numberOfRobotsOnWhiteSite
8508,19,22
timeStep,numberOfRobotsOnBlackSite,numberOfRobotsOnWhiteSite
8509,19,22
timeStep,numberOfRobotsOnBlackSite,numberOfRobotsOnWhiteSite
8510,19,22
timeStep,numberOfRobotsOnBlackSite,numberOfRobotsOnWhiteSite
8511,19,22
timeStep,numberOfRobotsOnBlackSite,numberOfRobotsOnWhiteSite
8512,19,22
timeStep,numberOfRobotsOnBlackSite,numberOfRobotsOnWhiteSite
8513,19,22
timeStep,numberOfRobotsOnBlackSite,numberOfRobotsOnWhiteSite
8514,19,22
timeStep,numberOfRobotsOnBlackSite,numberOfRobotsOnWhiteSite
8515,19,22
timeStep,numberOfRobotsOnBlackSite,numberOfRobotsOnWhiteSite
8516,19,22
timeStep,numberOfRobotsOnBlackSite,numberOfRobotsOnWhiteSite
8517,19,22
timeStep,numberOfRobotsOnBlackSite,numberOfRobotsOnWhiteSite
8518,19,22
timeStep,numberOfRobotsOnBlackSite,numberOfRobotsOnWhiteSite
8519,19,22
timeStep,numberOfRobotsOnBlackSite,numberOfRobotsOnWhiteSite
8520,19,22
timeStep,numberOfRobotsOnBlackSite,numberOfRobotsOnWhiteSite
8521,19,22
timeStep,numberOfRobotsOnBlackSite,numberOfRobotsOnWhiteSite
8522,19,22
timeStep,numberOfRobotsOnBlackSite,numberOfRobotsOnWhiteSite
8523,19,22
timeStep,numberOfRobotsOnBlackSite,numberOfRobotsOnWhiteSite
8524,19,22
timeStep,numberOfRobotsOnBlackSite,numberOfRobotsOnWhiteSite
8525,19,22
timeStep,numberOfRobotsOnBlackSite,numberOfRobotsOnWhiteSite
8526,19,22
timeStep,numberOfRobotsOnBlackSite,numberOfRobotsOnWhiteSite
8527,19,22
timeStep,numberOfRobotsOnBlackSite,numberOfRobotsOnWhiteSite
8528,19,22
timeStep,numberOfRobotsOnBlackSite,numberOfRobotsOnWhiteSite
8529,19,22
timeStep,numberOfRobotsOnBlackSite,numberOfRobotsOnWhiteSite
8530,19,22
timeStep,numberOfRobotsOnBlackSite,numberOfRobotsOnWhiteSite
8531,19,22
timeStep,numberOfRobotsOnBlackSite,numberOfRobotsOnWhiteSite
8532,19,22
timeStep,numberOfRobotsOnBlackSite,numberOfRobotsOnWhiteSite
8533,19,22
timeStep,numberOfRobotsOnBlackSite,numberOfRobotsOnWhiteSite
8534,19,22
timeStep,numberOfRobotsOnBlackSite,numberOfRobotsOnWhiteSite
8535,19,22
timeStep,numberOfRobotsOnBlackSite,numberOfRobotsOnWhiteSite
8536,19,22
timeStep,numberOfRobotsOnBlackSite,numberOfRobotsOnWhiteSite
8537,19,22
timeStep,numberOfRobotsOnBlackSite,numberOfRobotsOnWhiteSite
8538,19,22
timeStep,numberOfRobotsOnBlackSite,numberOfRobotsOnWhiteSite
8539,19,22
timeStep,numberOfRobotsOnBlackSite,numberOfRobotsOnWhiteSite
8540,19,22
timeStep,numberOfRobotsOnBlackSite,numberOfRobotsOnWhiteSite
8541,19,22
timeStep,numberOfRobotsOnBlackSite,numberOfRobotsOnWhiteSite
8542,19,22
timeStep,numberOfRobotsOnBlackSite,numberOfRobotsOnWhiteSite
8543,19,22
timeStep,numberOfRobotsOnBlackSite,numberOfRobotsOnWhiteSite
8544,19,22
timeStep,numberOfRobotsOnBlackSite,numberOfRobotsOnWhiteSite
8545,19,22
timeStep,numberOfRobotsOnBlackSite,numberOfRobotsOnWhiteSite
8546,19,22
timeStep,numberOfRobotsOnBlackSite,numberOfRobotsOnWhiteSite
8547,19,22
timeStep,numberOfRobotsOnBlackSite,numberOfRobotsOnWhiteSite
8548,19,22
timeStep,numberOfRobotsOnBlackSite,numberOfRobotsOnWhiteSite
8549,19,22
timeStep,numberOfRobotsOnBlackSite,numberOfRobotsOnWhiteSite
8550,19,22
timeStep,numberOfRobotsOnBlackSite,numberOfRobotsOnWhiteSite
8551,19,22
timeStep,numberOfRobotsOnBlackSite,numberOfRobotsOnWhiteSite
8552,19,22
timeStep,numberOfRobotsOnBlackSite,numberOfRobotsOnWhiteSite
8553,19,22
timeStep,numberOfRobotsOnBlackSite,numberOfRobotsOnWhiteSite
8554,19,22
timeStep,numberOfRobotsOnBlackSite,numberOfRobotsOnWhiteSite
8555,19,22
timeStep,numberOfRobotsOnBlackSite,numberOfRobotsOnWhiteSite
8556,19,22
timeStep,numberOfRobotsOnBlackSite,numberOfRobotsOnWhiteSite
8557,19,22
timeStep,numberOfRobotsOnBlackSite,numberOfRobotsOnWhiteSite
8558,19,22
timeStep,numberOfRobotsOnBlackSite,numberOfRobotsOnWhiteSite
8559,19,22
timeStep,numberOfRobotsOnBlackSite,numberOfRobotsOnWhiteSite
8560,19,22
timeStep,numberOfRobotsOnBlackSite,numberOfRobotsOnWhiteSite
8561,19,22
timeStep,numberOfRobotsOnBlackSite,numberOfRobotsOnWhiteSite
8562,19,22
timeStep,numberOfRobotsOnBlackSite,numberOfRobotsOnWhiteSite
8563,19,22
timeStep,numberOfRobotsOnBlackSite,numberOfRobotsOnWhiteSite
8564,19,22
timeStep,numberOfRobotsOnBlackSite,numberOfRobotsOnWhiteSite
8565,19,22
timeStep,numberOfRobotsOnBlackSite,numberOfRobotsOnWhiteSite
8566,19,22
timeStep,numberOfRobotsOnBlackSite,numberOfRobotsOnWhiteSite
8567,19,22
timeStep,numberOfRobotsOnBlackSite,numberOfRobotsOnWhiteSite
8568,19,22
timeStep,numberOfRobotsOnBlackSite,numberOfRobotsOnWhiteSite
8569,19,22
timeStep,numberOfRobotsOnBlackSite,numberOfRobotsOnWhiteSite
8570,19,22
timeStep,numberOfRobotsOnBlackSite,numberOfRobotsOnWhiteSite
8571,19,22
timeStep,numberOfRobotsOnBlackSite,numberOfRobotsOnWhiteSite
8572,19,22
timeStep,numberOfRobotsOnBlackSite,numberOfRobotsOnWhiteSite
8573,19,22
timeStep,numberOfRobotsOnBlackSite,numberOfRobotsOnWhiteSite
8574,19,22
timeStep,numberOfRobotsOnBlackSite,numberOfRobotsOnWhiteSite
8575,19,22
timeStep,numberOfRobotsOnBlackSite,numberOfRobotsOnWhiteSite
8576,19,22
timeStep,numberOfRobotsOnBlackSite,numberOfRobotsOnWhiteSite
8577,19,22
timeStep,numberOfRobotsOnBlackSite,numberOfRobotsOnWhiteSite
8578,19,22
timeStep,numberOfRobotsOnBlackSite,numberOfRobotsOnWhiteSite
8579,19,22
timeStep,numberOfRobotsOnBlackSite,numberOfRobotsOnWhiteSite
8580,19,22
timeStep,numberOfRobotsOnBlackSite,numberOfRobotsOnWhiteSite
8581,19,22
timeStep,numberOfRobotsOnBlackSite,numberOfRobotsOnWhiteSite
8582,19,22
timeStep,numberOfRobotsOnBlackSite,numberOfRobotsOnWhiteSite
8583,19,22
timeStep,numberOfRobotsOnBlackSite,numberOfRobotsOnWhiteSite
8584,19,22
timeStep,numberOfRobotsOnBlackSite,numberOfRobotsOnWhiteSite
8585,19,22
timeStep,numberOfRobotsOnBlackSite,numberOfRobotsOnWhiteSite
8586,19,22
timeStep,numberOfRobotsOnBlackSite,numberOfRobotsOnWhiteSite
8587,19,22
timeStep,numberOfRobotsOnBlackSite,numberOfRobotsOnWhiteSite
8588,19,22
timeStep,numberOfRobotsOnBlackSite,numberOfRobotsOnWhiteSite
8589,19,22
timeStep,numberOfRobotsOnBlackSite,numberOfRobotsOnWhiteSite
8590,19,22
timeStep,numberOfRobotsOnBlackSite,numberOfRobotsOnWhiteSite
8591,19,22
timeStep,numberOfRobotsOnBlackSite,numberOfRobotsOnWhiteSite
8592,19,22
timeStep,numberOfRobotsOnBlackSite,numberOfRobotsOnWhiteSite
8593,19,22
timeStep,numberOfRobotsOnBlackSite,numberOfRobotsOnWhiteSite
8594,19,22
timeStep,numberOfRobotsOnBlackSite,numberOfRobotsOnWhiteSite
8595,19,22
timeStep,numberOfRobotsOnBlackSite,numberOfRobotsOnWhiteSite
8596,19,22
timeStep,numberOfRobotsOnBlackSite,numberOfRobotsOnWhiteSite
8597,19,22
timeStep,numberOfRobotsOnBlackSite,numberOfRobotsOnWhiteSite
8598,19,22
timeStep,numberOfRobotsOnBlackSite,numberOfRobotsOnWhiteSite
8599,19,22
timeStep,numberOfRobotsOnBlackSite,numberOfRobotsOnWhiteSite
8600,19,22
timeStep,numberOfRobotsOnBlackSite,numberOfRobotsOnWhiteSite
8601,19,22
timeStep,numberOfRobotsOnBlackSite,numberOfRobotsOnWhiteSite
8602,19,22
timeStep,numberOfRobotsOnBlackSite,numberOfRobotsOnWhiteSite
8603,19,22
timeStep,numberOfRobotsOnBlackSite,numberOfRobotsOnWhiteSite
8604,19,22
timeStep,numberOfRobotsOnBlackSite,numberOfRobotsOnWhiteSite
8605,19,22
timeStep,numberOfRobotsOnBlackSite,numberOfRobotsOnWhiteSite
8606,19,22
timeStep,numberOfRobotsOnBlackSite,numberOfRobotsOnWhiteSite
8607,19,22
timeStep,numberOfRobotsOnBlackSite,numberOfRobotsOnWhiteSite
8608,19,22
timeStep,numberOfRobotsOnBlackSite,numberOfRobotsOnWhiteSite
8609,19,22
timeStep,numberOfRobotsOnBlackSite,numberOfRobotsOnWhiteSite
8610,19,22
timeStep,numberOfRobotsOnBlackSite,numberOfRobotsOnWhiteSite
8611,19,22
timeStep,numberOfRobotsOnBlackSite,numberOfRobotsOnWhiteSite
8612,19,22
timeStep,numberOfRobotsOnBlackSite,numberOfRobotsOnWhiteSite
8613,19,22
timeStep,numberOfRobotsOnBlackSite,numberOfRobotsOnWhiteSite
8614,19,22
timeStep,numberOfRobotsOnBlackSite,numberOfRobotsOnWhiteSite
8615,19,22
timeStep,numberOfRobotsOnBlackSite,numberOfRobotsOnWhiteSite
8616,19,22
timeStep,numberOfRobotsOnBlackSite,numberOfRobotsOnWhiteSite
8617,19,22
timeStep,numberOfRobotsOnBlackSite,numberOfRobotsOnWhiteSite
8618,19,22
timeStep,numberOfRobotsOnBlackSite,numberOfRobotsOnWhiteSite
8619,19,22
timeStep,numberOfRobotsOnBlackSite,numberOfRobotsOnWhiteSite
8620,19,22
timeStep,numberOfRobotsOnBlackSite,numberOfRobotsOnWhiteSite
8621,19,22
timeStep,numberOfRobotsOnBlackSite,numberOfRobotsOnWhiteSite
8622,19,22
timeStep,numberOfRobotsOnBlackSite,numberOfRobotsOnWhiteSite
8623,19,22
timeStep,numberOfRobotsOnBlackSite,numberOfRobotsOnWhiteSite
8624,19,22
timeStep,numberOfRobotsOnBlackSite,numberOfRobotsOnWhiteSite
8625,19,22
timeStep,numberOfRobotsOnBlackSite,numberOfRobotsOnWhiteSite
8626,19,22
timeStep,numberOfRobotsOnBlackSite,numberOfRobotsOnWhiteSite
8627,19,22
timeStep,numberOfRobotsOnBlackSite,numberOfRobotsOnWhiteSite
8628,19,22
timeStep,numberOfRobotsOnBlackSite,numberOfRobotsOnWhiteSite
8629,19,22
timeStep,numberOfRobotsOnBlackSite,numberOfRobotsOnWhiteSite
8630,19,22
timeStep,numberOfRobotsOnBlackSite,numberOfRobotsOnWhiteSite
8631,19,22
timeStep,numberOfRobotsOnBlackSite,numberOfRobotsOnWhiteSite
8632,19,22
timeStep,numberOfRobotsOnBlackSite,numberOfRobotsOnWhiteSite
8633,19,22
timeStep,numberOfRobotsOnBlackSite,numberOfRobotsOnWhiteSite
8634,19,22
timeStep,numberOfRobotsOnBlackSite,numberOfRobotsOnWhiteSite
8635,19,22
timeStep,numberOfRobotsOnBlackSite,numberOfRobotsOnWhiteSite
8636,19,22
timeStep,numberOfRobotsOnBlackSite,numberOfRobotsOnWhiteSite
8637,19,22
timeStep,numberOfRobotsOnBlackSite,numberOfRobotsOnWhiteSite
8638,19,22
timeStep,numberOfRobotsOnBlackSite,numberOfRobotsOnWhiteSite
8639,19,22
timeStep,numberOfRobotsOnBlackSite,numberOfRobotsOnWhiteSite
8640,19,22
timeStep,numberOfRobotsOnBlackSite,numberOfRobotsOnWhiteSite
8641,19,22
timeStep,numberOfRobotsOnBlackSite,numberOfRobotsOnWhiteSite
8642,19,22
timeStep,numberOfRobotsOnBlackSite,numberOfRobotsOnWhiteSite
8643,19,22
timeStep,numberOfRobotsOnBlackSite,numberOfRobotsOnWhiteSite
8644,19,22
timeStep,numberOfRobotsOnBlackSite,numberOfRobotsOnWhiteSite
8645,19,22
timeStep,numberOfRobotsOnBlackSite,numberOfRobotsOnWhiteSite
8646,19,22
timeStep,numberOfRobotsOnBlackSite,numberOfRobotsOnWhiteSite
8647,19,22
timeStep,numberOfRobotsOnBlackSite,numberOfRobotsOnWhiteSite
8648,19,22
timeStep,numberOfRobotsOnBlackSite,numberOfRobotsOnWhiteSite
8649,19,22
timeStep,numberOfRobotsOnBlackSite,numberOfRobotsOnWhiteSite
8650,19,22
timeStep,numberOfRobotsOnBlackSite,numberOfRobotsOnWhiteSite
8651,19,22
timeStep,numberOfRobotsOnBlackSite,numberOfRobotsOnWhiteSite
8652,19,22
timeStep,numberOfRobotsOnBlackSite,numberOfRobotsOnWhiteSite
8653,19,22
timeStep,numberOfRobotsOnBlackSite,numberOfRobotsOnWhiteSite
8654,19,22
timeStep,numberOfRobotsOnBlackSite,numberOfRobotsOnWhiteSite
8655,19,22
timeStep,numberOfRobotsOnBlackSite,numberOfRobotsOnWhiteSite
8656,19,22
timeStep,numberOfRobotsOnBlackSite,numberOfRobotsOnWhiteSite
8657,19,22
timeStep,numberOfRobotsOnBlackSite,numberOfRobotsOnWhiteSite
8658,19,22
timeStep,numberOfRobotsOnBlackSite,numberOfRobotsOnWhiteSite
8659,19,22
timeStep,numberOfRobotsOnBlackSite,numberOfRobotsOnWhiteSite
8660,19,22
timeStep,numberOfRobotsOnBlackSite,numberOfRobotsOnWhiteSite
8661,19,22
timeStep,numberOfRobotsOnBlackSite,numberOfRobotsOnWhiteSite
8662,19,22
timeStep,numberOfRobotsOnBlackSite,numberOfRobotsOnWhiteSite
8663,19,22
timeStep,numberOfRobotsOnBlackSite,numberOfRobotsOnWhiteSite
8664,19,22
timeStep,numberOfRobotsOnBlackSite,numberOfRobotsOnWhiteSite
8665,19,22
timeStep,numberOfRobotsOnBlackSite,numberOfRobotsOnWhiteSite
8666,19,22
timeStep,numberOfRobotsOnBlackSite,numberOfRobotsOnWhiteSite
8667,19,22
timeStep,numberOfRobotsOnBlackSite,numberOfRobotsOnWhiteSite
8668,19,22
timeStep,numberOfRobotsOnBlackSite,numberOfRobotsOnWhiteSite
8669,19,22
timeStep,numberOfRobotsOnBlackSite,numberOfRobotsOnWhiteSite
8670,19,22
timeStep,numberOfRobotsOnBlackSite,numberOfRobotsOnWhiteSite
8671,19,22
timeStep,numberOfRobotsOnBlackSite,numberOfRobotsOnWhiteSite
8672,19,22
timeStep,numberOfRobotsOnBlackSite,numberOfRobotsOnWhiteSite
8673,19,22
timeStep,numberOfRobotsOnBlackSite,numberOfRobotsOnWhiteSite
8674,19,22
timeStep,numberOfRobotsOnBlackSite,numberOfRobotsOnWhiteSite
8675,19,22
timeStep,numberOfRobotsOnBlackSite,numberOfRobotsOnWhiteSite
8676,19,22
timeStep,numberOfRobotsOnBlackSite,numberOfRobotsOnWhiteSite
8677,19,22
timeStep,numberOfRobotsOnBlackSite,numberOfRobotsOnWhiteSite
8678,19,22
timeStep,numberOfRobotsOnBlackSite,numberOfRobotsOnWhiteSite
8679,19,22
timeStep,numberOfRobotsOnBlackSite,numberOfRobotsOnWhiteSite
8680,19,22
timeStep,numberOfRobotsOnBlackSite,numberOfRobotsOnWhiteSite
8681,19,22
timeStep,numberOfRobotsOnBlackSite,numberOfRobotsOnWhiteSite
8682,19,22
timeStep,numberOfRobotsOnBlackSite,numberOfRobotsOnWhiteSite
8683,19,22
timeStep,numberOfRobotsOnBlackSite,numberOfRobotsOnWhiteSite
8684,19,22
timeStep,numberOfRobotsOnBlackSite,numberOfRobotsOnWhiteSite
8685,19,22
timeStep,numberOfRobotsOnBlackSite,numberOfRobotsOnWhiteSite
8686,19,22
timeStep,numberOfRobotsOnBlackSite,numberOfRobotsOnWhiteSite
8687,19,22
timeStep,numberOfRobotsOnBlackSite,numberOfRobotsOnWhiteSite
8688,19,22
timeStep,numberOfRobotsOnBlackSite,numberOfRobotsOnWhiteSite
8689,19,22
timeStep,numberOfRobotsOnBlackSite,numberOfRobotsOnWhiteSite
8690,19,22
timeStep,numberOfRobotsOnBlackSite,numberOfRobotsOnWhiteSite
8691,19,22
timeStep,numberOfRobotsOnBlackSite,numberOfRobotsOnWhiteSite
8692,19,22
timeStep,numberOfRobotsOnBlackSite,numberOfRobotsOnWhiteSite
8693,19,22
timeStep,numberOfRobotsOnBlackSite,numberOfRobotsOnWhiteSite
8694,19,22
timeStep,numberOfRobotsOnBlackSite,numberOfRobotsOnWhiteSite
8695,19,22
timeStep,numberOfRobotsOnBlackSite,numberOfRobotsOnWhiteSite
8696,19,22
timeStep,numberOfRobotsOnBlackSite,numberOfRobotsOnWhiteSite
8697,19,22
timeStep,numberOfRobotsOnBlackSite,numberOfRobotsOnWhiteSite
8698,19,22
timeStep,numberOfRobotsOnBlackSite,numberOfRobotsOnWhiteSite
8699,19,22
timeStep,numberOfRobotsOnBlackSite,numberOfRobotsOnWhiteSite
8700,19,22
timeStep,numberOfRobotsOnBlackSite,numberOfRobotsOnWhiteSite
8701,19,22
timeStep,numberOfRobotsOnBlackSite,numberOfRobotsOnWhiteSite
8702,19,22
timeStep,numberOfRobotsOnBlackSite,numberOfRobotsOnWhiteSite
8703,19,22
timeStep,numberOfRobotsOnBlackSite,numberOfRobotsOnWhiteSite
8704,19,22
timeStep,numberOfRobotsOnBlackSite,numberOfRobotsOnWhiteSite
8705,19,22
timeStep,numberOfRobotsOnBlackSite,numberOfRobotsOnWhiteSite
8706,19,22
timeStep,numberOfRobotsOnBlackSite,numberOfRobotsOnWhiteSite
8707,19,22
timeStep,numberOfRobotsOnBlackSite,numberOfRobotsOnWhiteSite
8708,19,22
timeStep,numberOfRobotsOnBlackSite,numberOfRobotsOnWhiteSite
8709,19,22
timeStep,numberOfRobotsOnBlackSite,numberOfRobotsOnWhiteSite
8710,19,22
timeStep,numberOfRobotsOnBlackSite,numberOfRobotsOnWhiteSite
8711,19,22
timeStep,numberOfRobotsOnBlackSite,numberOfRobotsOnWhiteSite
8712,19,22
timeStep,numberOfRobotsOnBlackSite,numberOfRobotsOnWhiteSite
8713,19,22
timeStep,numberOfRobotsOnBlackSite,numberOfRobotsOnWhiteSite
8714,19,22
timeStep,numberOfRobotsOnBlackSite,numberOfRobotsOnWhiteSite
8715,19,22
timeStep,numberOfRobotsOnBlackSite,numberOfRobotsOnWhiteSite
8716,19,22
timeStep,numberOfRobotsOnBlackSite,numberOfRobotsOnWhiteSite
8717,19,22
timeStep,numberOfRobotsOnBlackSite,numberOfRobotsOnWhiteSite
8718,19,22
timeStep,numberOfRobotsOnBlackSite,numberOfRobotsOnWhiteSite
8719,19,22
timeStep,numberOfRobotsOnBlackSite,numberOfRobotsOnWhiteSite
8720,19,22
timeStep,numberOfRobotsOnBlackSite,numberOfRobotsOnWhiteSite
8721,19,22
timeStep,numberOfRobotsOnBlackSite,numberOfRobotsOnWhiteSite
8722,19,22
timeStep,numberOfRobotsOnBlackSite,numberOfRobotsOnWhiteSite
8723,19,22
timeStep,numberOfRobotsOnBlackSite,numberOfRobotsOnWhiteSite
8724,19,22
timeStep,numberOfRobotsOnBlackSite,numberOfRobotsOnWhiteSite
8725,19,22
timeStep,numberOfRobotsOnBlackSite,numberOfRobotsOnWhiteSite
8726,19,22
timeStep,numberOfRobotsOnBlackSite,numberOfRobotsOnWhiteSite
8727,19,22
timeStep,numberOfRobotsOnBlackSite,numberOfRobotsOnWhiteSite
8728,19,22
timeStep,numberOfRobotsOnBlackSite,numberOfRobotsOnWhiteSite
8729,19,22
timeStep,numberOfRobotsOnBlackSite,numberOfRobotsOnWhiteSite
8730,19,22
timeStep,numberOfRobotsOnBlackSite,numberOfRobotsOnWhiteSite
8731,19,22
timeStep,numberOfRobotsOnBlackSite,numberOfRobotsOnWhiteSite
8732,19,22
timeStep,numberOfRobotsOnBlackSite,numberOfRobotsOnWhiteSite
8733,19,22
timeStep,numberOfRobotsOnBlackSite,numberOfRobotsOnWhiteSite
8734,19,22
timeStep,numberOfRobotsOnBlackSite,numberOfRobotsOnWhiteSite
8735,19,22
timeStep,numberOfRobotsOnBlackSite,numberOfRobotsOnWhiteSite
8736,19,22
timeStep,numberOfRobotsOnBlackSite,numberOfRobotsOnWhiteSite
8737,19,22
timeStep,numberOfRobotsOnBlackSite,numberOfRobotsOnWhiteSite
8738,19,22
timeStep,numberOfRobotsOnBlackSite,numberOfRobotsOnWhiteSite
8739,19,22
timeStep,numberOfRobotsOnBlackSite,numberOfRobotsOnWhiteSite
8740,19,22
timeStep,numberOfRobotsOnBlackSite,numberOfRobotsOnWhiteSite
8741,19,22
timeStep,numberOfRobotsOnBlackSite,numberOfRobotsOnWhiteSite
8742,19,22
timeStep,numberOfRobotsOnBlackSite,numberOfRobotsOnWhiteSite
8743,19,22
timeStep,numberOfRobotsOnBlackSite,numberOfRobotsOnWhiteSite
8744,19,22
timeStep,numberOfRobotsOnBlackSite,numberOfRobotsOnWhiteSite
8745,19,22
timeStep,numberOfRobotsOnBlackSite,numberOfRobotsOnWhiteSite
8746,19,22
timeStep,numberOfRobotsOnBlackSite,numberOfRobotsOnWhiteSite
8747,19,22
timeStep,numberOfRobotsOnBlackSite,numberOfRobotsOnWhiteSite
8748,19,22
timeStep,numberOfRobotsOnBlackSite,numberOfRobotsOnWhiteSite
8749,19,22
timeStep,numberOfRobotsOnBlackSite,numberOfRobotsOnWhiteSite
8750,19,22
timeStep,numberOfRobotsOnBlackSite,numberOfRobotsOnWhiteSite
8751,19,22
timeStep,numberOfRobotsOnBlackSite,numberOfRobotsOnWhiteSite
8752,19,22
timeStep,numberOfRobotsOnBlackSite,numberOfRobotsOnWhiteSite
8753,19,22
timeStep,numberOfRobotsOnBlackSite,numberOfRobotsOnWhiteSite
8754,19,22
timeStep,numberOfRobotsOnBlackSite,numberOfRobotsOnWhiteSite
8755,19,22
timeStep,numberOfRobotsOnBlackSite,numberOfRobotsOnWhiteSite
8756,19,22
timeStep,numberOfRobotsOnBlackSite,numberOfRobotsOnWhiteSite
8757,19,22
timeStep,numberOfRobotsOnBlackSite,numberOfRobotsOnWhiteSite
8758,19,22
timeStep,numberOfRobotsOnBlackSite,numberOfRobotsOnWhiteSite
8759,19,22
timeStep,numberOfRobotsOnBlackSite,numberOfRobotsOnWhiteSite
8760,19,22
timeStep,numberOfRobotsOnBlackSite,numberOfRobotsOnWhiteSite
8761,19,22
timeStep,numberOfRobotsOnBlackSite,numberOfRobotsOnWhiteSite
8762,19,22
timeStep,numberOfRobotsOnBlackSite,numberOfRobotsOnWhiteSite
8763,19,22
timeStep,numberOfRobotsOnBlackSite,numberOfRobotsOnWhiteSite
8764,19,22
timeStep,numberOfRobotsOnBlackSite,numberOfRobotsOnWhiteSite
8765,19,22
timeStep,numberOfRobotsOnBlackSite,numberOfRobotsOnWhiteSite
8766,19,22
timeStep,numberOfRobotsOnBlackSite,numberOfRobotsOnWhiteSite
8767,19,22
timeStep,numberOfRobotsOnBlackSite,numberOfRobotsOnWhiteSite
8768,19,22
timeStep,numberOfRobotsOnBlackSite,numberOfRobotsOnWhiteSite
8769,19,22
timeStep,numberOfRobotsOnBlackSite,numberOfRobotsOnWhiteSite
8770,19,22
timeStep,numberOfRobotsOnBlackSite,numberOfRobotsOnWhiteSite
8771,19,22
timeStep,numberOfRobotsOnBlackSite,numberOfRobotsOnWhiteSite
8772,19,22
timeStep,numberOfRobotsOnBlackSite,numberOfRobotsOnWhiteSite
8773,19,22
timeStep,numberOfRobotsOnBlackSite,numberOfRobotsOnWhiteSite
8774,19,22
timeStep,numberOfRobotsOnBlackSite,numberOfRobotsOnWhiteSite
8775,19,22
timeStep,numberOfRobotsOnBlackSite,numberOfRobotsOnWhiteSite
8776,19,22
timeStep,numberOfRobotsOnBlackSite,numberOfRobotsOnWhiteSite
8777,19,22
timeStep,numberOfRobotsOnBlackSite,numberOfRobotsOnWhiteSite
8778,19,22
timeStep,numberOfRobotsOnBlackSite,numberOfRobotsOnWhiteSite
8779,19,22
timeStep,numberOfRobotsOnBlackSite,numberOfRobotsOnWhiteSite
8780,19,22
timeStep,numberOfRobotsOnBlackSite,numberOfRobotsOnWhiteSite
8781,19,22
timeStep,numberOfRobotsOnBlackSite,numberOfRobotsOnWhiteSite
8782,19,22
timeStep,numberOfRobotsOnBlackSite,numberOfRobotsOnWhiteSite
8783,19,22
timeStep,numberOfRobotsOnBlackSite,numberOfRobotsOnWhiteSite
8784,19,22
timeStep,numberOfRobotsOnBlackSite,numberOfRobotsOnWhiteSite
8785,19,22
timeStep,numberOfRobotsOnBlackSite,numberOfRobotsOnWhiteSite
8786,19,22
timeStep,numberOfRobotsOnBlackSite,numberOfRobotsOnWhiteSite
8787,19,22
timeStep,numberOfRobotsOnBlackSite,numberOfRobotsOnWhiteSite
8788,19,22
timeStep,numberOfRobotsOnBlackSite,numberOfRobotsOnWhiteSite
8789,19,22
timeStep,numberOfRobotsOnBlackSite,numberOfRobotsOnWhiteSite
8790,19,22
timeStep,numberOfRobotsOnBlackSite,numberOfRobotsOnWhiteSite
8791,19,22
timeStep,numberOfRobotsOnBlackSite,numberOfRobotsOnWhiteSite
8792,19,22
timeStep,numberOfRobotsOnBlackSite,numberOfRobotsOnWhiteSite
8793,19,22
timeStep,numberOfRobotsOnBlackSite,numberOfRobotsOnWhiteSite
8794,19,22
timeStep,numberOfRobotsOnBlackSite,numberOfRobotsOnWhiteSite
8795,19,22
timeStep,numberOfRobotsOnBlackSite,numberOfRobotsOnWhiteSite
8796,19,22
timeStep,numberOfRobotsOnBlackSite,numberOfRobotsOnWhiteSite
8797,19,22
timeStep,numberOfRobotsOnBlackSite,numberOfRobotsOnWhiteSite
8798,19,22
timeStep,numberOfRobotsOnBlackSite,numberOfRobotsOnWhiteSite
8799,19,22
timeStep,numberOfRobotsOnBlackSite,numberOfRobotsOnWhiteSite
8800,19,22
timeStep,numberOfRobotsOnBlackSite,numberOfRobotsOnWhiteSite
8801,19,22
timeStep,numberOfRobotsOnBlackSite,numberOfRobotsOnWhiteSite
8802,19,22
timeStep,numberOfRobotsOnBlackSite,numberOfRobotsOnWhiteSite
8803,19,22
timeStep,numberOfRobotsOnBlackSite,numberOfRobotsOnWhiteSite
8804,19,22
timeStep,numberOfRobotsOnBlackSite,numberOfRobotsOnWhiteSite
8805,19,22
timeStep,numberOfRobotsOnBlackSite,numberOfRobotsOnWhiteSite
8806,19,22
timeStep,numberOfRobotsOnBlackSite,numberOfRobotsOnWhiteSite
8807,19,22
timeStep,numberOfRobotsOnBlackSite,numberOfRobotsOnWhiteSite
8808,19,22
timeStep,numberOfRobotsOnBlackSite,numberOfRobotsOnWhiteSite
8809,19,22
timeStep,numberOfRobotsOnBlackSite,numberOfRobotsOnWhiteSite
8810,19,22
timeStep,numberOfRobotsOnBlackSite,numberOfRobotsOnWhiteSite
8811,19,22
timeStep,numberOfRobotsOnBlackSite,numberOfRobotsOnWhiteSite
8812,19,22
timeStep,numberOfRobotsOnBlackSite,numberOfRobotsOnWhiteSite
8813,19,22
timeStep,numberOfRobotsOnBlackSite,numberOfRobotsOnWhiteSite
8814,19,22
timeStep,numberOfRobotsOnBlackSite,numberOfRobotsOnWhiteSite
8815,19,22
timeStep,numberOfRobotsOnBlackSite,numberOfRobotsOnWhiteSite
8816,19,22
timeStep,numberOfRobotsOnBlackSite,numberOfRobotsOnWhiteSite
8817,19,22
timeStep,numberOfRobotsOnBlackSite,numberOfRobotsOnWhiteSite
8818,19,22
timeStep,numberOfRobotsOnBlackSite,numberOfRobotsOnWhiteSite
8819,19,22
timeStep,numberOfRobotsOnBlackSite,numberOfRobotsOnWhiteSite
8820,19,22
timeStep,numberOfRobotsOnBlackSite,numberOfRobotsOnWhiteSite
8821,19,22
timeStep,numberOfRobotsOnBlackSite,numberOfRobotsOnWhiteSite
8822,19,22
timeStep,numberOfRobotsOnBlackSite,numberOfRobotsOnWhiteSite
8823,19,22
timeStep,numberOfRobotsOnBlackSite,numberOfRobotsOnWhiteSite
8824,19,22
timeStep,numberOfRobotsOnBlackSite,numberOfRobotsOnWhiteSite
8825,19,22
timeStep,numberOfRobotsOnBlackSite,numberOfRobotsOnWhiteSite
8826,19,22
timeStep,numberOfRobotsOnBlackSite,numberOfRobotsOnWhiteSite
8827,19,22
timeStep,numberOfRobotsOnBlackSite,numberOfRobotsOnWhiteSite
8828,19,22
timeStep,numberOfRobotsOnBlackSite,numberOfRobotsOnWhiteSite
8829,19,22
timeStep,numberOfRobotsOnBlackSite,numberOfRobotsOnWhiteSite
8830,19,22
timeStep,numberOfRobotsOnBlackSite,numberOfRobotsOnWhiteSite
8831,19,22
timeStep,numberOfRobotsOnBlackSite,numberOfRobotsOnWhiteSite
8832,19,22
timeStep,numberOfRobotsOnBlackSite,numberOfRobotsOnWhiteSite
8833,19,22
timeStep,numberOfRobotsOnBlackSite,numberOfRobotsOnWhiteSite
8834,19,22
timeStep,numberOfRobotsOnBlackSite,numberOfRobotsOnWhiteSite
8835,19,22
timeStep,numberOfRobotsOnBlackSite,numberOfRobotsOnWhiteSite
8836,19,22
timeStep,numberOfRobotsOnBlackSite,numberOfRobotsOnWhiteSite
8837,19,22
timeStep,numberOfRobotsOnBlackSite,numberOfRobotsOnWhiteSite
8838,19,22
timeStep,numberOfRobotsOnBlackSite,numberOfRobotsOnWhiteSite
8839,19,22
timeStep,numberOfRobotsOnBlackSite,numberOfRobotsOnWhiteSite
8840,19,22
timeStep,numberOfRobotsOnBlackSite,numberOfRobotsOnWhiteSite
8841,19,22
timeStep,numberOfRobotsOnBlackSite,numberOfRobotsOnWhiteSite
8842,19,22
timeStep,numberOfRobotsOnBlackSite,numberOfRobotsOnWhiteSite
8843,19,22
timeStep,numberOfRobotsOnBlackSite,numberOfRobotsOnWhiteSite
8844,19,22
timeStep,numberOfRobotsOnBlackSite,numberOfRobotsOnWhiteSite
8845,19,22
timeStep,numberOfRobotsOnBlackSite,numberOfRobotsOnWhiteSite
8846,19,22
timeStep,numberOfRobotsOnBlackSite,numberOfRobotsOnWhiteSite
8847,19,22
timeStep,numberOfRobotsOnBlackSite,numberOfRobotsOnWhiteSite
8848,19,22
timeStep,numberOfRobotsOnBlackSite,numberOfRobotsOnWhiteSite
8849,19,22
timeStep,numberOfRobotsOnBlackSite,numberOfRobotsOnWhiteSite
8850,19,22
timeStep,numberOfRobotsOnBlackSite,numberOfRobotsOnWhiteSite
8851,19,22
timeStep,numberOfRobotsOnBlackSite,numberOfRobotsOnWhiteSite
8852,19,22
timeStep,numberOfRobotsOnBlackSite,numberOfRobotsOnWhiteSite
8853,19,22
timeStep,numberOfRobotsOnBlackSite,numberOfRobotsOnWhiteSite
8854,19,22
timeStep,numberOfRobotsOnBlackSite,numberOfRobotsOnWhiteSite
8855,19,22
timeStep,numberOfRobotsOnBlackSite,numberOfRobotsOnWhiteSite
8856,19,22
timeStep,numberOfRobotsOnBlackSite,numberOfRobotsOnWhiteSite
8857,19,22
timeStep,numberOfRobotsOnBlackSite,numberOfRobotsOnWhiteSite
8858,19,22
timeStep,numberOfRobotsOnBlackSite,numberOfRobotsOnWhiteSite
8859,19,22
timeStep,numberOfRobotsOnBlackSite,numberOfRobotsOnWhiteSite
8860,19,22
timeStep,numberOfRobotsOnBlackSite,numberOfRobotsOnWhiteSite
8861,19,22
timeStep,numberOfRobotsOnBlackSite,numberOfRobotsOnWhiteSite
8862,19,22
timeStep,numberOfRobotsOnBlackSite,numberOfRobotsOnWhiteSite
8863,19,22
timeStep,numberOfRobotsOnBlackSite,numberOfRobotsOnWhiteSite
8864,19,22
timeStep,numberOfRobotsOnBlackSite,numberOfRobotsOnWhiteSite
8865,19,22
timeStep,numberOfRobotsOnBlackSite,numberOfRobotsOnWhiteSite
8866,19,22
timeStep,numberOfRobotsOnBlackSite,numberOfRobotsOnWhiteSite
8867,19,22
timeStep,numberOfRobotsOnBlackSite,numberOfRobotsOnWhiteSite
8868,19,22
timeStep,numberOfRobotsOnBlackSite,numberOfRobotsOnWhiteSite
8869,19,22
timeStep,numberOfRobotsOnBlackSite,numberOfRobotsOnWhiteSite
8870,19,22
timeStep,numberOfRobotsOnBlackSite,numberOfRobotsOnWhiteSite
8871,19,22
timeStep,numberOfRobotsOnBlackSite,numberOfRobotsOnWhiteSite
8872,19,22
timeStep,numberOfRobotsOnBlackSite,numberOfRobotsOnWhiteSite
8873,19,22
timeStep,numberOfRobotsOnBlackSite,numberOfRobotsOnWhiteSite
8874,19,22
timeStep,numberOfRobotsOnBlackSite,numberOfRobotsOnWhiteSite
8875,19,22
timeStep,numberOfRobotsOnBlackSite,numberOfRobotsOnWhiteSite
8876,19,22
timeStep,numberOfRobotsOnBlackSite,numberOfRobotsOnWhiteSite
8877,19,22
timeStep,numberOfRobotsOnBlackSite,numberOfRobotsOnWhiteSite
8878,19,22
timeStep,numberOfRobotsOnBlackSite,numberOfRobotsOnWhiteSite
8879,19,22
timeStep,numberOfRobotsOnBlackSite,numberOfRobotsOnWhiteSite
8880,19,22
timeStep,numberOfRobotsOnBlackSite,numberOfRobotsOnWhiteSite
8881,19,22
timeStep,numberOfRobotsOnBlackSite,numberOfRobotsOnWhiteSite
8882,19,22
timeStep,numberOfRobotsOnBlackSite,numberOfRobotsOnWhiteSite
8883,19,22
timeStep,numberOfRobotsOnBlackSite,numberOfRobotsOnWhiteSite
8884,19,22
timeStep,numberOfRobotsOnBlackSite,numberOfRobotsOnWhiteSite
8885,19,22
timeStep,numberOfRobotsOnBlackSite,numberOfRobotsOnWhiteSite
8886,19,22
timeStep,numberOfRobotsOnBlackSite,numberOfRobotsOnWhiteSite
8887,19,22
timeStep,numberOfRobotsOnBlackSite,numberOfRobotsOnWhiteSite
8888,19,22
timeStep,numberOfRobotsOnBlackSite,numberOfRobotsOnWhiteSite
8889,19,22
timeStep,numberOfRobotsOnBlackSite,numberOfRobotsOnWhiteSite
8890,19,22
timeStep,numberOfRobotsOnBlackSite,numberOfRobotsOnWhiteSite
8891,19,22
timeStep,numberOfRobotsOnBlackSite,numberOfRobotsOnWhiteSite
8892,19,22
timeStep,numberOfRobotsOnBlackSite,numberOfRobotsOnWhiteSite
8893,19,22
timeStep,numberOfRobotsOnBlackSite,numberOfRobotsOnWhiteSite
8894,19,22
timeStep,numberOfRobotsOnBlackSite,numberOfRobotsOnWhiteSite
8895,19,22
timeStep,numberOfRobotsOnBlackSite,numberOfRobotsOnWhiteSite
8896,19,22
timeStep,numberOfRobotsOnBlackSite,numberOfRobotsOnWhiteSite
8897,19,22
timeStep,numberOfRobotsOnBlackSite,numberOfRobotsOnWhiteSite
8898,19,22
timeStep,numberOfRobotsOnBlackSite,numberOfRobotsOnWhiteSite
8899,19,22
timeStep,numberOfRobotsOnBlackSite,numberOfRobotsOnWhiteSite
8900,19,22
timeStep,numberOfRobotsOnBlackSite,numberOfRobotsOnWhiteSite
8901,19,22
timeStep,numberOfRobotsOnBlackSite,numberOfRobotsOnWhiteSite
8902,19,22
timeStep,numberOfRobotsOnBlackSite,numberOfRobotsOnWhiteSite
8903,19,22
timeStep,numberOfRobotsOnBlackSite,numberOfRobotsOnWhiteSite
8904,19,22
timeStep,numberOfRobotsOnBlackSite,numberOfRobotsOnWhiteSite
8905,19,22
timeStep,numberOfRobotsOnBlackSite,numberOfRobotsOnWhiteSite
8906,19,22
timeStep,numberOfRobotsOnBlackSite,numberOfRobotsOnWhiteSite
8907,19,22
timeStep,numberOfRobotsOnBlackSite,numberOfRobotsOnWhiteSite
8908,19,22
timeStep,numberOfRobotsOnBlackSite,numberOfRobotsOnWhiteSite
8909,19,22
timeStep,numberOfRobotsOnBlackSite,numberOfRobotsOnWhiteSite
8910,19,22
timeStep,numberOfRobotsOnBlackSite,numberOfRobotsOnWhiteSite
8911,19,22
timeStep,numberOfRobotsOnBlackSite,numberOfRobotsOnWhiteSite
8912,19,22
timeStep,numberOfRobotsOnBlackSite,numberOfRobotsOnWhiteSite
8913,19,22
timeStep,numberOfRobotsOnBlackSite,numberOfRobotsOnWhiteSite
8914,19,22
timeStep,numberOfRobotsOnBlackSite,numberOfRobotsOnWhiteSite
8915,19,22
timeStep,numberOfRobotsOnBlackSite,numberOfRobotsOnWhiteSite
8916,19,22
timeStep,numberOfRobotsOnBlackSite,numberOfRobotsOnWhiteSite
8917,19,22
timeStep,numberOfRobotsOnBlackSite,numberOfRobotsOnWhiteSite
8918,19,22
timeStep,numberOfRobotsOnBlackSite,numberOfRobotsOnWhiteSite
8919,19,22
timeStep,numberOfRobotsOnBlackSite,numberOfRobotsOnWhiteSite
8920,19,22
timeStep,numberOfRobotsOnBlackSite,numberOfRobotsOnWhiteSite
8921,19,22
timeStep,numberOfRobotsOnBlackSite,numberOfRobotsOnWhiteSite
8922,19,22
timeStep,numberOfRobotsOnBlackSite,numberOfRobotsOnWhiteSite
8923,19,22
timeStep,numberOfRobotsOnBlackSite,numberOfRobotsOnWhiteSite
8924,19,22
timeStep,numberOfRobotsOnBlackSite,numberOfRobotsOnWhiteSite
8925,19,22
timeStep,numberOfRobotsOnBlackSite,numberOfRobotsOnWhiteSite
8926,19,22
timeStep,numberOfRobotsOnBlackSite,numberOfRobotsOnWhiteSite
8927,19,22
timeStep,numberOfRobotsOnBlackSite,numberOfRobotsOnWhiteSite
8928,19,22
timeStep,numberOfRobotsOnBlackSite,numberOfRobotsOnWhiteSite
8929,19,22
timeStep,numberOfRobotsOnBlackSite,numberOfRobotsOnWhiteSite
8930,19,22
timeStep,numberOfRobotsOnBlackSite,numberOfRobotsOnWhiteSite
8931,19,22
timeStep,numberOfRobotsOnBlackSite,numberOfRobotsOnWhiteSite
8932,19,22
timeStep,numberOfRobotsOnBlackSite,numberOfRobotsOnWhiteSite
8933,19,22
timeStep,numberOfRobotsOnBlackSite,numberOfRobotsOnWhiteSite
8934,19,22
timeStep,numberOfRobotsOnBlackSite,numberOfRobotsOnWhiteSite
8935,19,22
timeStep,numberOfRobotsOnBlackSite,numberOfRobotsOnWhiteSite
8936,19,22
timeStep,numberOfRobotsOnBlackSite,numberOfRobotsOnWhiteSite
8937,19,22
timeStep,numberOfRobotsOnBlackSite,numberOfRobotsOnWhiteSite
8938,19,22
timeStep,numberOfRobotsOnBlackSite,numberOfRobotsOnWhiteSite
8939,19,22
timeStep,numberOfRobotsOnBlackSite,numberOfRobotsOnWhiteSite
8940,19,22
timeStep,numberOfRobotsOnBlackSite,numberOfRobotsOnWhiteSite
8941,19,22
timeStep,numberOfRobotsOnBlackSite,numberOfRobotsOnWhiteSite
8942,19,22
timeStep,numberOfRobotsOnBlackSite,numberOfRobotsOnWhiteSite
8943,19,22
timeStep,numberOfRobotsOnBlackSite,numberOfRobotsOnWhiteSite
8944,19,22
timeStep,numberOfRobotsOnBlackSite,numberOfRobotsOnWhiteSite
8945,19,22
timeStep,numberOfRobotsOnBlackSite,numberOfRobotsOnWhiteSite
8946,19,22
timeStep,numberOfRobotsOnBlackSite,numberOfRobotsOnWhiteSite
8947,19,22
timeStep,numberOfRobotsOnBlackSite,numberOfRobotsOnWhiteSite
8948,19,22
timeStep,numberOfRobotsOnBlackSite,numberOfRobotsOnWhiteSite
8949,19,22
timeStep,numberOfRobotsOnBlackSite,numberOfRobotsOnWhiteSite
8950,19,22
timeStep,numberOfRobotsOnBlackSite,numberOfRobotsOnWhiteSite
8951,19,22
timeStep,numberOfRobotsOnBlackSite,numberOfRobotsOnWhiteSite
8952,19,22
timeStep,numberOfRobotsOnBlackSite,numberOfRobotsOnWhiteSite
8953,19,22
timeStep,numberOfRobotsOnBlackSite,numberOfRobotsOnWhiteSite
8954,19,22
timeStep,numberOfRobotsOnBlackSite,numberOfRobotsOnWhiteSite
8955,19,22
timeStep,numberOfRobotsOnBlackSite,numberOfRobotsOnWhiteSite
8956,19,22
timeStep,numberOfRobotsOnBlackSite,numberOfRobotsOnWhiteSite
8957,19,22
timeStep,numberOfRobotsOnBlackSite,numberOfRobotsOnWhiteSite
8958,19,22
timeStep,numberOfRobotsOnBlackSite,numberOfRobotsOnWhiteSite
8959,19,22
timeStep,numberOfRobotsOnBlackSite,numberOfRobotsOnWhiteSite
8960,19,22
timeStep,numberOfRobotsOnBlackSite,numberOfRobotsOnWhiteSite
8961,19,22
timeStep,numberOfRobotsOnBlackSite,numberOfRobotsOnWhiteSite
8962,19,22
timeStep,numberOfRobotsOnBlackSite,numberOfRobotsOnWhiteSite
8963,19,22
timeStep,numberOfRobotsOnBlackSite,numberOfRobotsOnWhiteSite
8964,19,22
timeStep,numberOfRobotsOnBlackSite,numberOfRobotsOnWhiteSite
8965,19,22
timeStep,numberOfRobotsOnBlackSite,numberOfRobotsOnWhiteSite
8966,19,22
timeStep,numberOfRobotsOnBlackSite,numberOfRobotsOnWhiteSite
8967,19,22
timeStep,numberOfRobotsOnBlackSite,numberOfRobotsOnWhiteSite
8968,19,22
timeStep,numberOfRobotsOnBlackSite,numberOfRobotsOnWhiteSite
8969,19,22
timeStep,numberOfRobotsOnBlackSite,numberOfRobotsOnWhiteSite
8970,19,22
timeStep,numberOfRobotsOnBlackSite,numberOfRobotsOnWhiteSite
8971,19,22
timeStep,numberOfRobotsOnBlackSite,numberOfRobotsOnWhiteSite
8972,19,22
timeStep,numberOfRobotsOnBlackSite,numberOfRobotsOnWhiteSite
8973,19,22
timeStep,numberOfRobotsOnBlackSite,numberOfRobotsOnWhiteSite
8974,19,22
timeStep,numberOfRobotsOnBlackSite,numberOfRobotsOnWhiteSite
8975,19,22
timeStep,numberOfRobotsOnBlackSite,numberOfRobotsOnWhiteSite
8976,19,22
timeStep,numberOfRobotsOnBlackSite,numberOfRobotsOnWhiteSite
8977,19,22
timeStep,numberOfRobotsOnBlackSite,numberOfRobotsOnWhiteSite
8978,19,22
timeStep,numberOfRobotsOnBlackSite,numberOfRobotsOnWhiteSite
8979,19,22
timeStep,numberOfRobotsOnBlackSite,numberOfRobotsOnWhiteSite
8980,19,22
timeStep,numberOfRobotsOnBlackSite,numberOfRobotsOnWhiteSite
8981,19,22
timeStep,numberOfRobotsOnBlackSite,numberOfRobotsOnWhiteSite
8982,19,22
timeStep,numberOfRobotsOnBlackSite,numberOfRobotsOnWhiteSite
8983,19,22
timeStep,numberOfRobotsOnBlackSite,numberOfRobotsOnWhiteSite
8984,19,22
timeStep,numberOfRobotsOnBlackSite,numberOfRobotsOnWhiteSite
8985,19,22
timeStep,numberOfRobotsOnBlackSite,numberOfRobotsOnWhiteSite
8986,19,22
timeStep,numberOfRobotsOnBlackSite,numberOfRobotsOnWhiteSite
8987,19,22
timeStep,numberOfRobotsOnBlackSite,numberOfRobotsOnWhiteSite
8988,19,22
timeStep,numberOfRobotsOnBlackSite,numberOfRobotsOnWhiteSite
8989,19,22
timeStep,numberOfRobotsOnBlackSite,numberOfRobotsOnWhiteSite
8990,19,22
timeStep,numberOfRobotsOnBlackSite,numberOfRobotsOnWhiteSite
8991,19,22
timeStep,numberOfRobotsOnBlackSite,numberOfRobotsOnWhiteSite
8992,19,22
timeStep,numberOfRobotsOnBlackSite,numberOfRobotsOnWhiteSite
8993,19,22
timeStep,numberOfRobotsOnBlackSite,numberOfRobotsOnWhiteSite
8994,19,22
timeStep,numberOfRobotsOnBlackSite,numberOfRobotsOnWhiteSite
8995,19,22
timeStep,numberOfRobotsOnBlackSite,numberOfRobotsOnWhiteSite
8996,19,22
timeStep,numberOfRobotsOnBlackSite,numberOfRobotsOnWhiteSite
8997,19,22
timeStep,numberOfRobotsOnBlackSite,numberOfRobotsOnWhiteSite
8998,19,22
timeStep,numberOfRobotsOnBlackSite,numberOfRobotsOnWhiteSite
8999,19,22
timeStep,numberOfRobotsOnBlackSite,numberOfRobotsOnWhiteSite
9000,19,22
timeStep,numberOfRobotsOnBlackSite,numberOfRobotsOnWhiteSite
9001,19,22
timeStep,numberOfRobotsOnBlackSite,numberOfRobotsOnWhiteSite
9002,19,22
timeStep,numberOfRobotsOnBlackSite,numberOfRobotsOnWhiteSite
9003,19,22
timeStep,numberOfRobotsOnBlackSite,numberOfRobotsOnWhiteSite
9004,19,22
timeStep,numberOfRobotsOnBlackSite,numberOfRobotsOnWhiteSite
9005,20,22
timeStep,numberOfRobotsOnBlackSite,numberOfRobotsOnWhiteSite
9006,20,22
timeStep,numberOfRobotsOnBlackSite,numberOfRobotsOnWhiteSite
9007,20,22
timeStep,numberOfRobotsOnBlackSite,numberOfRobotsOnWhiteSite
9008,20,22
timeStep,numberOfRobotsOnBlackSite,numberOfRobotsOnWhiteSite
9009,20,22
timeStep,numberOfRobotsOnBlackSite,numberOfRobotsOnWhiteSite
9010,20,22
timeStep,numberOfRobotsOnBlackSite,numberOfRobotsOnWhiteSite
9011,20,22
timeStep,numberOfRobotsOnBlackSite,numberOfRobotsOnWhiteSite
9012,20,22
timeStep,numberOfRobotsOnBlackSite,numberOfRobotsOnWhiteSite
9013,20,22
timeStep,numberOfRobotsOnBlackSite,numberOfRobotsOnWhiteSite
9014,20,22
timeStep,numberOfRobotsOnBlackSite,numberOfRobotsOnWhiteSite
9015,20,22
timeStep,numberOfRobotsOnBlackSite,numberOfRobotsOnWhiteSite
9016,20,22
timeStep,numberOfRobotsOnBlackSite,numberOfRobotsOnWhiteSite
9017,20,22
timeStep,numberOfRobotsOnBlackSite,numberOfRobotsOnWhiteSite
9018,20,22
timeStep,numberOfRobotsOnBlackSite,numberOfRobotsOnWhiteSite
9019,20,22
timeStep,numberOfRobotsOnBlackSite,numberOfRobotsOnWhiteSite
9020,20,22
timeStep,numberOfRobotsOnBlackSite,numberOfRobotsOnWhiteSite
9021,20,22
timeStep,numberOfRobotsOnBlackSite,numberOfRobotsOnWhiteSite
9022,20,22
timeStep,numberOfRobotsOnBlackSite,numberOfRobotsOnWhiteSite
9023,20,22
timeStep,numberOfRobotsOnBlackSite,numberOfRobotsOnWhiteSite
9024,20,22
timeStep,numberOfRobotsOnBlackSite,numberOfRobotsOnWhiteSite
9025,20,22
timeStep,numberOfRobotsOnBlackSite,numberOfRobotsOnWhiteSite
9026,20,22
timeStep,numberOfRobotsOnBlackSite,numberOfRobotsOnWhiteSite
9027,20,22
timeStep,numberOfRobotsOnBlackSite,numberOfRobotsOnWhiteSite
9028,20,22
timeStep,numberOfRobotsOnBlackSite,numberOfRobotsOnWhiteSite
9029,20,22
timeStep,numberOfRobotsOnBlackSite,numberOfRobotsOnWhiteSite
9030,20,22
timeStep,numberOfRobotsOnBlackSite,numberOfRobotsOnWhiteSite
9031,20,22
timeStep,numberOfRobotsOnBlackSite,numberOfRobotsOnWhiteSite
9032,20,22
timeStep,numberOfRobotsOnBlackSite,numberOfRobotsOnWhiteSite
9033,20,22
timeStep,numberOfRobotsOnBlackSite,numberOfRobotsOnWhiteSite
9034,20,22
timeStep,numberOfRobotsOnBlackSite,numberOfRobotsOnWhiteSite
9035,20,22
timeStep,numberOfRobotsOnBlackSite,numberOfRobotsOnWhiteSite
9036,20,22
timeStep,numberOfRobotsOnBlackSite,numberOfRobotsOnWhiteSite
9037,20,22
timeStep,numberOfRobotsOnBlackSite,numberOfRobotsOnWhiteSite
9038,20,22
timeStep,numberOfRobotsOnBlackSite,numberOfRobotsOnWhiteSite
9039,20,22
timeStep,numberOfRobotsOnBlackSite,numberOfRobotsOnWhiteSite
9040,20,22
timeStep,numberOfRobotsOnBlackSite,numberOfRobotsOnWhiteSite
9041,20,22
timeStep,numberOfRobotsOnBlackSite,numberOfRobotsOnWhiteSite
9042,20,22
timeStep,numberOfRobotsOnBlackSite,numberOfRobotsOnWhiteSite
9043,20,22
timeStep,numberOfRobotsOnBlackSite,numberOfRobotsOnWhiteSite
9044,20,22
timeStep,numberOfRobotsOnBlackSite,numberOfRobotsOnWhiteSite
9045,20,22
timeStep,numberOfRobotsOnBlackSite,numberOfRobotsOnWhiteSite
9046,20,22
timeStep,numberOfRobotsOnBlackSite,numberOfRobotsOnWhiteSite
9047,20,22
timeStep,numberOfRobotsOnBlackSite,numberOfRobotsOnWhiteSite
9048,20,22
timeStep,numberOfRobotsOnBlackSite,numberOfRobotsOnWhiteSite
9049,20,22
timeStep,numberOfRobotsOnBlackSite,numberOfRobotsOnWhiteSite
9050,20,22
timeStep,numberOfRobotsOnBlackSite,numberOfRobotsOnWhiteSite
9051,20,22
timeStep,numberOfRobotsOnBlackSite,numberOfRobotsOnWhiteSite
9052,20,22
timeStep,numberOfRobotsOnBlackSite,numberOfRobotsOnWhiteSite
9053,20,22
timeStep,numberOfRobotsOnBlackSite,numberOfRobotsOnWhiteSite
9054,20,22
timeStep,numberOfRobotsOnBlackSite,numberOfRobotsOnWhiteSite
9055,20,22
timeStep,numberOfRobotsOnBlackSite,numberOfRobotsOnWhiteSite
9056,20,22
timeStep,numberOfRobotsOnBlackSite,numberOfRobotsOnWhiteSite
9057,20,22
timeStep,numberOfRobotsOnBlackSite,numberOfRobotsOnWhiteSite
9058,20,22
timeStep,numberOfRobotsOnBlackSite,numberOfRobotsOnWhiteSite
9059,20,22
timeStep,numberOfRobotsOnBlackSite,numberOfRobotsOnWhiteSite
9060,20,22
timeStep,numberOfRobotsOnBlackSite,numberOfRobotsOnWhiteSite
9061,20,22
timeStep,numberOfRobotsOnBlackSite,numberOfRobotsOnWhiteSite
9062,20,22
timeStep,numberOfRobotsOnBlackSite,numberOfRobotsOnWhiteSite
9063,20,22
timeStep,numberOfRobotsOnBlackSite,numberOfRobotsOnWhiteSite
9064,20,22
timeStep,numberOfRobotsOnBlackSite,numberOfRobotsOnWhiteSite
9065,20,22
timeStep,numberOfRobotsOnBlackSite,numberOfRobotsOnWhiteSite
9066,20,22
timeStep,numberOfRobotsOnBlackSite,numberOfRobotsOnWhiteSite
9067,20,22
timeStep,numberOfRobotsOnBlackSite,numberOfRobotsOnWhiteSite
9068,20,22
timeStep,numberOfRobotsOnBlackSite,numberOfRobotsOnWhiteSite
9069,20,22
timeStep,numberOfRobotsOnBlackSite,numberOfRobotsOnWhiteSite
9070,20,22
timeStep,numberOfRobotsOnBlackSite,numberOfRobotsOnWhiteSite
9071,20,22
timeStep,numberOfRobotsOnBlackSite,numberOfRobotsOnWhiteSite
9072,20,22
timeStep,numberOfRobotsOnBlackSite,numberOfRobotsOnWhiteSite
9073,20,22
timeStep,numberOfRobotsOnBlackSite,numberOfRobotsOnWhiteSite
9074,20,22
timeStep,numberOfRobotsOnBlackSite,numberOfRobotsOnWhiteSite
9075,20,22
timeStep,numberOfRobotsOnBlackSite,numberOfRobotsOnWhiteSite
9076,20,22
timeStep,numberOfRobotsOnBlackSite,numberOfRobotsOnWhiteSite
9077,20,22
timeStep,numberOfRobotsOnBlackSite,numberOfRobotsOnWhiteSite
9078,20,22
timeStep,numberOfRobotsOnBlackSite,numberOfRobotsOnWhiteSite
9079,20,22
timeStep,numberOfRobotsOnBlackSite,numberOfRobotsOnWhiteSite
9080,20,22
timeStep,numberOfRobotsOnBlackSite,numberOfRobotsOnWhiteSite
9081,20,22
timeStep,numberOfRobotsOnBlackSite,numberOfRobotsOnWhiteSite
9082,20,22
timeStep,numberOfRobotsOnBlackSite,numberOfRobotsOnWhiteSite
9083,20,22
timeStep,numberOfRobotsOnBlackSite,numberOfRobotsOnWhiteSite
9084,20,22
timeStep,numberOfRobotsOnBlackSite,numberOfRobotsOnWhiteSite
9085,20,22
timeStep,numberOfRobotsOnBlackSite,numberOfRobotsOnWhiteSite
9086,20,22
timeStep,numberOfRobotsOnBlackSite,numberOfRobotsOnWhiteSite
9087,20,22
timeStep,numberOfRobotsOnBlackSite,numberOfRobotsOnWhiteSite
9088,20,22
timeStep,numberOfRobotsOnBlackSite,numberOfRobotsOnWhiteSite
9089,20,22
timeStep,numberOfRobotsOnBlackSite,numberOfRobotsOnWhiteSite
9090,20,22
timeStep,numberOfRobotsOnBlackSite,numberOfRobotsOnWhiteSite
9091,20,22
timeStep,numberOfRobotsOnBlackSite,numberOfRobotsOnWhiteSite
9092,20,22
timeStep,numberOfRobotsOnBlackSite,numberOfRobotsOnWhiteSite
9093,20,22
timeStep,numberOfRobotsOnBlackSite,numberOfRobotsOnWhiteSite
9094,20,22
timeStep,numberOfRobotsOnBlackSite,numberOfRobotsOnWhiteSite
9095,20,22
timeStep,numberOfRobotsOnBlackSite,numberOfRobotsOnWhiteSite
9096,20,22
timeStep,numberOfRobotsOnBlackSite,numberOfRobotsOnWhiteSite
9097,20,22
timeStep,numberOfRobotsOnBlackSite,numberOfRobotsOnWhiteSite
9098,20,22
timeStep,numberOfRobotsOnBlackSite,numberOfRobotsOnWhiteSite
9099,20,22
timeStep,numberOfRobotsOnBlackSite,numberOfRobotsOnWhiteSite
9100,20,22
timeStep,numberOfRobotsOnBlackSite,numberOfRobotsOnWhiteSite
9101,20,22
timeStep,numberOfRobotsOnBlackSite,numberOfRobotsOnWhiteSite
9102,20,22
timeStep,numberOfRobotsOnBlackSite,numberOfRobotsOnWhiteSite
9103,20,22
timeStep,numberOfRobotsOnBlackSite,numberOfRobotsOnWhiteSite
9104,20,22
timeStep,numberOfRobotsOnBlackSite,numberOfRobotsOnWhiteSite
9105,20,22
timeStep,numberOfRobotsOnBlackSite,numberOfRobotsOnWhiteSite
9106,20,22
timeStep,numberOfRobotsOnBlackSite,numberOfRobotsOnWhiteSite
9107,20,22
timeStep,numberOfRobotsOnBlackSite,numberOfRobotsOnWhiteSite
9108,20,22
timeStep,numberOfRobotsOnBlackSite,numberOfRobotsOnWhiteSite
9109,20,22
timeStep,numberOfRobotsOnBlackSite,numberOfRobotsOnWhiteSite
9110,20,22
timeStep,numberOfRobotsOnBlackSite,numberOfRobotsOnWhiteSite
9111,20,22
timeStep,numberOfRobotsOnBlackSite,numberOfRobotsOnWhiteSite
9112,20,22
timeStep,numberOfRobotsOnBlackSite,numberOfRobotsOnWhiteSite
9113,20,22
timeStep,numberOfRobotsOnBlackSite,numberOfRobotsOnWhiteSite
9114,20,22
timeStep,numberOfRobotsOnBlackSite,numberOfRobotsOnWhiteSite
9115,20,22
timeStep,numberOfRobotsOnBlackSite,numberOfRobotsOnWhiteSite
9116,20,22
timeStep,numberOfRobotsOnBlackSite,numberOfRobotsOnWhiteSite
9117,20,22
timeStep,numberOfRobotsOnBlackSite,numberOfRobotsOnWhiteSite
9118,20,22
timeStep,numberOfRobotsOnBlackSite,numberOfRobotsOnWhiteSite
9119,20,22
timeStep,numberOfRobotsOnBlackSite,numberOfRobotsOnWhiteSite
9120,21,22
timeStep,numberOfRobotsOnBlackSite,numberOfRobotsOnWhiteSite
9121,21,22
timeStep,numberOfRobotsOnBlackSite,numberOfRobotsOnWhiteSite
9122,21,22
timeStep,numberOfRobotsOnBlackSite,numberOfRobotsOnWhiteSite
9123,21,22
timeStep,numberOfRobotsOnBlackSite,numberOfRobotsOnWhiteSite
9124,21,22
timeStep,numberOfRobotsOnBlackSite,numberOfRobotsOnWhiteSite
9125,21,22
timeStep,numberOfRobotsOnBlackSite,numberOfRobotsOnWhiteSite
9126,21,22
timeStep,numberOfRobotsOnBlackSite,numberOfRobotsOnWhiteSite
9127,21,22
timeStep,numberOfRobotsOnBlackSite,numberOfRobotsOnWhiteSite
9128,21,22
timeStep,numberOfRobotsOnBlackSite,numberOfRobotsOnWhiteSite
9129,21,22
timeStep,numberOfRobotsOnBlackSite,numberOfRobotsOnWhiteSite
9130,21,22
timeStep,numberOfRobotsOnBlackSite,numberOfRobotsOnWhiteSite
9131,21,22
timeStep,numberOfRobotsOnBlackSite,numberOfRobotsOnWhiteSite
9132,21,22
timeStep,numberOfRobotsOnBlackSite,numberOfRobotsOnWhiteSite
9133,21,22
timeStep,numberOfRobotsOnBlackSite,numberOfRobotsOnWhiteSite
9134,21,22
timeStep,numberOfRobotsOnBlackSite,numberOfRobotsOnWhiteSite
9135,21,22
timeStep,numberOfRobotsOnBlackSite,numberOfRobotsOnWhiteSite
9136,21,22
timeStep,numberOfRobotsOnBlackSite,numberOfRobotsOnWhiteSite
9137,21,22
timeStep,numberOfRobotsOnBlackSite,numberOfRobotsOnWhiteSite
9138,21,22
timeStep,numberOfRobotsOnBlackSite,numberOfRobotsOnWhiteSite
9139,21,22
timeStep,numberOfRobotsOnBlackSite,numberOfRobotsOnWhiteSite
9140,21,22
timeStep,numberOfRobotsOnBlackSite,numberOfRobotsOnWhiteSite
9141,21,22
timeStep,numberOfRobotsOnBlackSite,numberOfRobotsOnWhiteSite
9142,21,22
timeStep,numberOfRobotsOnBlackSite,numberOfRobotsOnWhiteSite
9143,21,22
timeStep,numberOfRobotsOnBlackSite,numberOfRobotsOnWhiteSite
9144,21,22
timeStep,numberOfRobotsOnBlackSite,numberOfRobotsOnWhiteSite
9145,21,22
timeStep,numberOfRobotsOnBlackSite,numberOfRobotsOnWhiteSite
9146,21,22
timeStep,numberOfRobotsOnBlackSite,numberOfRobotsOnWhiteSite
9147,21,22
timeStep,numberOfRobotsOnBlackSite,numberOfRobotsOnWhiteSite
9148,21,22
timeStep,numberOfRobotsOnBlackSite,numberOfRobotsOnWhiteSite
9149,21,22
timeStep,numberOfRobotsOnBlackSite,numberOfRobotsOnWhiteSite
9150,21,22
timeStep,numberOfRobotsOnBlackSite,numberOfRobotsOnWhiteSite
9151,21,22
timeStep,numberOfRobotsOnBlackSite,numberOfRobotsOnWhiteSite
9152,21,22
timeStep,numberOfRobotsOnBlackSite,numberOfRobotsOnWhiteSite
9153,21,22
timeStep,numberOfRobotsOnBlackSite,numberOfRobotsOnWhiteSite
9154,21,22
timeStep,numberOfRobotsOnBlackSite,numberOfRobotsOnWhiteSite
9155,21,22
timeStep,numberOfRobotsOnBlackSite,numberOfRobotsOnWhiteSite
9156,21,22
timeStep,numberOfRobotsOnBlackSite,numberOfRobotsOnWhiteSite
9157,21,22
timeStep,numberOfRobotsOnBlackSite,numberOfRobotsOnWhiteSite
9158,21,22
timeStep,numberOfRobotsOnBlackSite,numberOfRobotsOnWhiteSite
9159,21,22
timeStep,numberOfRobotsOnBlackSite,numberOfRobotsOnWhiteSite
9160,21,22
timeStep,numberOfRobotsOnBlackSite,numberOfRobotsOnWhiteSite
9161,21,22
timeStep,numberOfRobotsOnBlackSite,numberOfRobotsOnWhiteSite
9162,21,22
timeStep,numberOfRobotsOnBlackSite,numberOfRobotsOnWhiteSite
9163,21,22
timeStep,numberOfRobotsOnBlackSite,numberOfRobotsOnWhiteSite
9164,21,22
timeStep,numberOfRobotsOnBlackSite,numberOfRobotsOnWhiteSite
9165,21,22
timeStep,numberOfRobotsOnBlackSite,numberOfRobotsOnWhiteSite
9166,21,22
timeStep,numberOfRobotsOnBlackSite,numberOfRobotsOnWhiteSite
9167,21,22
timeStep,numberOfRobotsOnBlackSite,numberOfRobotsOnWhiteSite
9168,21,22
timeStep,numberOfRobotsOnBlackSite,numberOfRobotsOnWhiteSite
9169,21,22
timeStep,numberOfRobotsOnBlackSite,numberOfRobotsOnWhiteSite
9170,21,22
timeStep,numberOfRobotsOnBlackSite,numberOfRobotsOnWhiteSite
9171,21,22
timeStep,numberOfRobotsOnBlackSite,numberOfRobotsOnWhiteSite
9172,21,22
timeStep,numberOfRobotsOnBlackSite,numberOfRobotsOnWhiteSite
9173,21,22
timeStep,numberOfRobotsOnBlackSite,numberOfRobotsOnWhiteSite
9174,21,22
timeStep,numberOfRobotsOnBlackSite,numberOfRobotsOnWhiteSite
9175,21,22
timeStep,numberOfRobotsOnBlackSite,numberOfRobotsOnWhiteSite
9176,21,22
timeStep,numberOfRobotsOnBlackSite,numberOfRobotsOnWhiteSite
9177,21,22
timeStep,numberOfRobotsOnBlackSite,numberOfRobotsOnWhiteSite
9178,21,22
timeStep,numberOfRobotsOnBlackSite,numberOfRobotsOnWhiteSite
9179,21,22
timeStep,numberOfRobotsOnBlackSite,numberOfRobotsOnWhiteSite
9180,21,22
timeStep,numberOfRobotsOnBlackSite,numberOfRobotsOnWhiteSite
9181,21,22
timeStep,numberOfRobotsOnBlackSite,numberOfRobotsOnWhiteSite
9182,21,22
timeStep,numberOfRobotsOnBlackSite,numberOfRobotsOnWhiteSite
9183,21,22
timeStep,numberOfRobotsOnBlackSite,numberOfRobotsOnWhiteSite
9184,21,22
timeStep,numberOfRobotsOnBlackSite,numberOfRobotsOnWhiteSite
9185,21,22
timeStep,numberOfRobotsOnBlackSite,numberOfRobotsOnWhiteSite
9186,21,22
timeStep,numberOfRobotsOnBlackSite,numberOfRobotsOnWhiteSite
9187,21,22
timeStep,numberOfRobotsOnBlackSite,numberOfRobotsOnWhiteSite
9188,21,22
timeStep,numberOfRobotsOnBlackSite,numberOfRobotsOnWhiteSite
9189,21,22
timeStep,numberOfRobotsOnBlackSite,numberOfRobotsOnWhiteSite
9190,21,22
timeStep,numberOfRobotsOnBlackSite,numberOfRobotsOnWhiteSite
9191,21,22
timeStep,numberOfRobotsOnBlackSite,numberOfRobotsOnWhiteSite
9192,21,22
timeStep,numberOfRobotsOnBlackSite,numberOfRobotsOnWhiteSite
9193,21,22
timeStep,numberOfRobotsOnBlackSite,numberOfRobotsOnWhiteSite
9194,21,22
timeStep,numberOfRobotsOnBlackSite,numberOfRobotsOnWhiteSite
9195,21,22
timeStep,numberOfRobotsOnBlackSite,numberOfRobotsOnWhiteSite
9196,21,22
timeStep,numberOfRobotsOnBlackSite,numberOfRobotsOnWhiteSite
9197,21,22
timeStep,numberOfRobotsOnBlackSite,numberOfRobotsOnWhiteSite
9198,21,22
timeStep,numberOfRobotsOnBlackSite,numberOfRobotsOnWhiteSite
9199,21,22
timeStep,numberOfRobotsOnBlackSite,numberOfRobotsOnWhiteSite
9200,21,22
timeStep,numberOfRobotsOnBlackSite,numberOfRobotsOnWhiteSite
9201,21,22
timeStep,numberOfRobotsOnBlackSite,numberOfRobotsOnWhiteSite
9202,21,22
timeStep,numberOfRobotsOnBlackSite,numberOfRobotsOnWhiteSite
9203,21,22
timeStep,numberOfRobotsOnBlackSite,numberOfRobotsOnWhiteSite
9204,21,22
timeStep,numberOfRobotsOnBlackSite,numberOfRobotsOnWhiteSite
9205,21,22
timeStep,numberOfRobotsOnBlackSite,numberOfRobotsOnWhiteSite
9206,21,22
timeStep,numberOfRobotsOnBlackSite,numberOfRobotsOnWhiteSite
9207,21,22
timeStep,numberOfRobotsOnBlackSite,numberOfRobotsOnWhiteSite
9208,21,22
timeStep,numberOfRobotsOnBlackSite,numberOfRobotsOnWhiteSite
9209,21,22
timeStep,numberOfRobotsOnBlackSite,numberOfRobotsOnWhiteSite
9210,21,22
timeStep,numberOfRobotsOnBlackSite,numberOfRobotsOnWhiteSite
9211,21,22
timeStep,numberOfRobotsOnBlackSite,numberOfRobotsOnWhiteSite
9212,21,22
timeStep,numberOfRobotsOnBlackSite,numberOfRobotsOnWhiteSite
9213,21,22
timeStep,numberOfRobotsOnBlackSite,numberOfRobotsOnWhiteSite
9214,21,22
timeStep,numberOfRobotsOnBlackSite,numberOfRobotsOnWhiteSite
9215,21,22
timeStep,numberOfRobotsOnBlackSite,numberOfRobotsOnWhiteSite
9216,21,22
timeStep,numberOfRobotsOnBlackSite,numberOfRobotsOnWhiteSite
9217,21,22
timeStep,numberOfRobotsOnBlackSite,numberOfRobotsOnWhiteSite
9218,21,22
timeStep,numberOfRobotsOnBlackSite,numberOfRobotsOnWhiteSite
9219,21,22
timeStep,numberOfRobotsOnBlackSite,numberOfRobotsOnWhiteSite
9220,21,22
timeStep,numberOfRobotsOnBlackSite,numberOfRobotsOnWhiteSite
9221,21,22
timeStep,numberOfRobotsOnBlackSite,numberOfRobotsOnWhiteSite
9222,21,22
timeStep,numberOfRobotsOnBlackSite,numberOfRobotsOnWhiteSite
9223,21,22
timeStep,numberOfRobotsOnBlackSite,numberOfRobotsOnWhiteSite
9224,21,22
timeStep,numberOfRobotsOnBlackSite,numberOfRobotsOnWhiteSite
9225,21,22
timeStep,numberOfRobotsOnBlackSite,numberOfRobotsOnWhiteSite
9226,21,22
timeStep,numberOfRobotsOnBlackSite,numberOfRobotsOnWhiteSite
9227,21,22
timeStep,numberOfRobotsOnBlackSite,numberOfRobotsOnWhiteSite
9228,21,22
timeStep,numberOfRobotsOnBlackSite,numberOfRobotsOnWhiteSite
9229,21,22
timeStep,numberOfRobotsOnBlackSite,numberOfRobotsOnWhiteSite
9230,21,22
timeStep,numberOfRobotsOnBlackSite,numberOfRobotsOnWhiteSite
9231,21,22
timeStep,numberOfRobotsOnBlackSite,numberOfRobotsOnWhiteSite
9232,21,22
timeStep,numberOfRobotsOnBlackSite,numberOfRobotsOnWhiteSite
9233,21,22
timeStep,numberOfRobotsOnBlackSite,numberOfRobotsOnWhiteSite
9234,21,22
timeStep,numberOfRobotsOnBlackSite,numberOfRobotsOnWhiteSite
9235,21,22
timeStep,numberOfRobotsOnBlackSite,numberOfRobotsOnWhiteSite
9236,21,22
timeStep,numberOfRobotsOnBlackSite,numberOfRobotsOnWhiteSite
9237,21,22
timeStep,numberOfRobotsOnBlackSite,numberOfRobotsOnWhiteSite
9238,21,22
timeStep,numberOfRobotsOnBlackSite,numberOfRobotsOnWhiteSite
9239,21,22
timeStep,numberOfRobotsOnBlackSite,numberOfRobotsOnWhiteSite
9240,21,22
timeStep,numberOfRobotsOnBlackSite,numberOfRobotsOnWhiteSite
9241,21,22
timeStep,numberOfRobotsOnBlackSite,numberOfRobotsOnWhiteSite
9242,21,22
timeStep,numberOfRobotsOnBlackSite,numberOfRobotsOnWhiteSite
9243,21,22
timeStep,numberOfRobotsOnBlackSite,numberOfRobotsOnWhiteSite
9244,21,22
timeStep,numberOfRobotsOnBlackSite,numberOfRobotsOnWhiteSite
9245,21,22
timeStep,numberOfRobotsOnBlackSite,numberOfRobotsOnWhiteSite
9246,21,22
timeStep,numberOfRobotsOnBlackSite,numberOfRobotsOnWhiteSite
9247,21,22
timeStep,numberOfRobotsOnBlackSite,numberOfRobotsOnWhiteSite
9248,21,22
timeStep,numberOfRobotsOnBlackSite,numberOfRobotsOnWhiteSite
9249,21,22
timeStep,numberOfRobotsOnBlackSite,numberOfRobotsOnWhiteSite
9250,21,22
timeStep,numberOfRobotsOnBlackSite,numberOfRobotsOnWhiteSite
9251,21,22
timeStep,numberOfRobotsOnBlackSite,numberOfRobotsOnWhiteSite
9252,21,22
timeStep,numberOfRobotsOnBlackSite,numberOfRobotsOnWhiteSite
9253,21,22
timeStep,numberOfRobotsOnBlackSite,numberOfRobotsOnWhiteSite
9254,21,22
timeStep,numberOfRobotsOnBlackSite,numberOfRobotsOnWhiteSite
9255,21,22
timeStep,numberOfRobotsOnBlackSite,numberOfRobotsOnWhiteSite
9256,21,22
timeStep,numberOfRobotsOnBlackSite,numberOfRobotsOnWhiteSite
9257,21,22
timeStep,numberOfRobotsOnBlackSite,numberOfRobotsOnWhiteSite
9258,21,22
timeStep,numberOfRobotsOnBlackSite,numberOfRobotsOnWhiteSite
9259,21,22
timeStep,numberOfRobotsOnBlackSite,numberOfRobotsOnWhiteSite
9260,21,22
timeStep,numberOfRobotsOnBlackSite,numberOfRobotsOnWhiteSite
9261,21,22
timeStep,numberOfRobotsOnBlackSite,numberOfRobotsOnWhiteSite
9262,21,22
timeStep,numberOfRobotsOnBlackSite,numberOfRobotsOnWhiteSite
9263,21,22
timeStep,numberOfRobotsOnBlackSite,numberOfRobotsOnWhiteSite
9264,21,22
timeStep,numberOfRobotsOnBlackSite,numberOfRobotsOnWhiteSite
9265,21,22
timeStep,numberOfRobotsOnBlackSite,numberOfRobotsOnWhiteSite
9266,21,22
timeStep,numberOfRobotsOnBlackSite,numberOfRobotsOnWhiteSite
9267,21,22
timeStep,numberOfRobotsOnBlackSite,numberOfRobotsOnWhiteSite
9268,21,22
timeStep,numberOfRobotsOnBlackSite,numberOfRobotsOnWhiteSite
9269,21,22
timeStep,numberOfRobotsOnBlackSite,numberOfRobotsOnWhiteSite
9270,21,22
timeStep,numberOfRobotsOnBlackSite,numberOfRobotsOnWhiteSite
9271,21,22
timeStep,numberOfRobotsOnBlackSite,numberOfRobotsOnWhiteSite
9272,21,22
timeStep,numberOfRobotsOnBlackSite,numberOfRobotsOnWhiteSite
9273,21,22
timeStep,numberOfRobotsOnBlackSite,numberOfRobotsOnWhiteSite
9274,21,22
timeStep,numberOfRobotsOnBlackSite,numberOfRobotsOnWhiteSite
9275,21,22
timeStep,numberOfRobotsOnBlackSite,numberOfRobotsOnWhiteSite
9276,21,22
timeStep,numberOfRobotsOnBlackSite,numberOfRobotsOnWhiteSite
9277,21,22
timeStep,numberOfRobotsOnBlackSite,numberOfRobotsOnWhiteSite
9278,21,22
timeStep,numberOfRobotsOnBlackSite,numberOfRobotsOnWhiteSite
9279,21,22
timeStep,numberOfRobotsOnBlackSite,numberOfRobotsOnWhiteSite
9280,21,22
timeStep,numberOfRobotsOnBlackSite,numberOfRobotsOnWhiteSite
9281,21,22
timeStep,numberOfRobotsOnBlackSite,numberOfRobotsOnWhiteSite
9282,21,22
timeStep,numberOfRobotsOnBlackSite,numberOfRobotsOnWhiteSite
9283,21,22
timeStep,numberOfRobotsOnBlackSite,numberOfRobotsOnWhiteSite
9284,21,22
timeStep,numberOfRobotsOnBlackSite,numberOfRobotsOnWhiteSite
9285,21,22
timeStep,numberOfRobotsOnBlackSite,numberOfRobotsOnWhiteSite
9286,21,22
timeStep,numberOfRobotsOnBlackSite,numberOfRobotsOnWhiteSite
9287,21,22
timeStep,numberOfRobotsOnBlackSite,numberOfRobotsOnWhiteSite
9288,21,22
timeStep,numberOfRobotsOnBlackSite,numberOfRobotsOnWhiteSite
9289,21,22
timeStep,numberOfRobotsOnBlackSite,numberOfRobotsOnWhiteSite
9290,21,22
timeStep,numberOfRobotsOnBlackSite,numberOfRobotsOnWhiteSite
9291,21,22
timeStep,numberOfRobotsOnBlackSite,numberOfRobotsOnWhiteSite
9292,21,22
timeStep,numberOfRobotsOnBlackSite,numberOfRobotsOnWhiteSite
9293,21,22
timeStep,numberOfRobotsOnBlackSite,numberOfRobotsOnWhiteSite
9294,21,22
timeStep,numberOfRobotsOnBlackSite,numberOfRobotsOnWhiteSite
9295,21,22
timeStep,numberOfRobotsOnBlackSite,numberOfRobotsOnWhiteSite
9296,21,22
timeStep,numberOfRobotsOnBlackSite,numberOfRobotsOnWhiteSite
9297,21,22
timeStep,numberOfRobotsOnBlackSite,numberOfRobotsOnWhiteSite
9298,21,22
timeStep,numberOfRobotsOnBlackSite,numberOfRobotsOnWhiteSite
9299,21,22
timeStep,numberOfRobotsOnBlackSite,numberOfRobotsOnWhiteSite
9300,21,22
timeStep,numberOfRobotsOnBlackSite,numberOfRobotsOnWhiteSite
9301,21,22
timeStep,numberOfRobotsOnBlackSite,numberOfRobotsOnWhiteSite
9302,21,22
timeStep,numberOfRobotsOnBlackSite,numberOfRobotsOnWhiteSite
9303,21,22
timeStep,numberOfRobotsOnBlackSite,numberOfRobotsOnWhiteSite
9304,21,22
timeStep,numberOfRobotsOnBlackSite,numberOfRobotsOnWhiteSite
9305,21,22
timeStep,numberOfRobotsOnBlackSite,numberOfRobotsOnWhiteSite
9306,21,22
timeStep,numberOfRobotsOnBlackSite,numberOfRobotsOnWhiteSite
9307,21,22
timeStep,numberOfRobotsOnBlackSite,numberOfRobotsOnWhiteSite
9308,21,22
timeStep,numberOfRobotsOnBlackSite,numberOfRobotsOnWhiteSite
9309,21,22
timeStep,numberOfRobotsOnBlackSite,numberOfRobotsOnWhiteSite
9310,21,22
timeStep,numberOfRobotsOnBlackSite,numberOfRobotsOnWhiteSite
9311,21,22
timeStep,numberOfRobotsOnBlackSite,numberOfRobotsOnWhiteSite
9312,21,22
timeStep,numberOfRobotsOnBlackSite,numberOfRobotsOnWhiteSite
9313,21,22
timeStep,numberOfRobotsOnBlackSite,numberOfRobotsOnWhiteSite
9314,21,22
timeStep,numberOfRobotsOnBlackSite,numberOfRobotsOnWhiteSite
9315,21,22
timeStep,numberOfRobotsOnBlackSite,numberOfRobotsOnWhiteSite
9316,21,22
timeStep,numberOfRobotsOnBlackSite,numberOfRobotsOnWhiteSite
9317,21,22
timeStep,numberOfRobotsOnBlackSite,numberOfRobotsOnWhiteSite
9318,21,22
timeStep,numberOfRobotsOnBlackSite,numberOfRobotsOnWhiteSite
9319,21,22
timeStep,numberOfRobotsOnBlackSite,numberOfRobotsOnWhiteSite
9320,21,22
timeStep,numberOfRobotsOnBlackSite,numberOfRobotsOnWhiteSite
9321,21,22
timeStep,numberOfRobotsOnBlackSite,numberOfRobotsOnWhiteSite
9322,21,22
timeStep,numberOfRobotsOnBlackSite,numberOfRobotsOnWhiteSite
9323,21,22
timeStep,numberOfRobotsOnBlackSite,numberOfRobotsOnWhiteSite
9324,21,22
timeStep,numberOfRobotsOnBlackSite,numberOfRobotsOnWhiteSite
9325,21,22
timeStep,numberOfRobotsOnBlackSite,numberOfRobotsOnWhiteSite
9326,21,22
timeStep,numberOfRobotsOnBlackSite,numberOfRobotsOnWhiteSite
9327,21,22
timeStep,numberOfRobotsOnBlackSite,numberOfRobotsOnWhiteSite
9328,21,22
timeStep,numberOfRobotsOnBlackSite,numberOfRobotsOnWhiteSite
9329,21,22
timeStep,numberOfRobotsOnBlackSite,numberOfRobotsOnWhiteSite
9330,21,22
timeStep,numberOfRobotsOnBlackSite,numberOfRobotsOnWhiteSite
9331,21,22
timeStep,numberOfRobotsOnBlackSite,numberOfRobotsOnWhiteSite
9332,21,22
timeStep,numberOfRobotsOnBlackSite,numberOfRobotsOnWhiteSite
9333,21,22
timeStep,numberOfRobotsOnBlackSite,numberOfRobotsOnWhiteSite
9334,21,22
timeStep,numberOfRobotsOnBlackSite,numberOfRobotsOnWhiteSite
9335,21,22
timeStep,numberOfRobotsOnBlackSite,numberOfRobotsOnWhiteSite
9336,21,22
timeStep,numberOfRobotsOnBlackSite,numberOfRobotsOnWhiteSite
9337,21,22
timeStep,numberOfRobotsOnBlackSite,numberOfRobotsOnWhiteSite
9338,21,22
timeStep,numberOfRobotsOnBlackSite,numberOfRobotsOnWhiteSite
9339,21,22
timeStep,numberOfRobotsOnBlackSite,numberOfRobotsOnWhiteSite
9340,21,22
timeStep,numberOfRobotsOnBlackSite,numberOfRobotsOnWhiteSite
9341,21,22
timeStep,numberOfRobotsOnBlackSite,numberOfRobotsOnWhiteSite
9342,21,22
timeStep,numberOfRobotsOnBlackSite,numberOfRobotsOnWhiteSite
9343,21,22
timeStep,numberOfRobotsOnBlackSite,numberOfRobotsOnWhiteSite
9344,21,22
timeStep,numberOfRobotsOnBlackSite,numberOfRobotsOnWhiteSite
9345,21,22
timeStep,numberOfRobotsOnBlackSite,numberOfRobotsOnWhiteSite
9346,21,22
timeStep,numberOfRobotsOnBlackSite,numberOfRobotsOnWhiteSite
9347,21,22
timeStep,numberOfRobotsOnBlackSite,numberOfRobotsOnWhiteSite
9348,21,22
timeStep,numberOfRobotsOnBlackSite,numberOfRobotsOnWhiteSite
9349,21,22
timeStep,numberOfRobotsOnBlackSite,numberOfRobotsOnWhiteSite
9350,21,22
timeStep,numberOfRobotsOnBlackSite,numberOfRobotsOnWhiteSite
9351,21,22
timeStep,numberOfRobotsOnBlackSite,numberOfRobotsOnWhiteSite
9352,21,22
timeStep,numberOfRobotsOnBlackSite,numberOfRobotsOnWhiteSite
9353,21,22
timeStep,numberOfRobotsOnBlackSite,numberOfRobotsOnWhiteSite
9354,21,22
timeStep,numberOfRobotsOnBlackSite,numberOfRobotsOnWhiteSite
9355,21,22
timeStep,numberOfRobotsOnBlackSite,numberOfRobotsOnWhiteSite
9356,21,22
timeStep,numberOfRobotsOnBlackSite,numberOfRobotsOnWhiteSite
9357,21,22
timeStep,numberOfRobotsOnBlackSite,numberOfRobotsOnWhiteSite
9358,21,22
timeStep,numberOfRobotsOnBlackSite,numberOfRobotsOnWhiteSite
9359,21,22
timeStep,numberOfRobotsOnBlackSite,numberOfRobotsOnWhiteSite
9360,21,22
timeStep,numberOfRobotsOnBlackSite,numberOfRobotsOnWhiteSite
9361,21,22
timeStep,numberOfRobotsOnBlackSite,numberOfRobotsOnWhiteSite
9362,21,22
timeStep,numberOfRobotsOnBlackSite,numberOfRobotsOnWhiteSite
9363,21,22
timeStep,numberOfRobotsOnBlackSite,numberOfRobotsOnWhiteSite
9364,21,22
timeStep,numberOfRobotsOnBlackSite,numberOfRobotsOnWhiteSite
9365,21,22
timeStep,numberOfRobotsOnBlackSite,numberOfRobotsOnWhiteSite
9366,21,22
timeStep,numberOfRobotsOnBlackSite,numberOfRobotsOnWhiteSite
9367,21,22
timeStep,numberOfRobotsOnBlackSite,numberOfRobotsOnWhiteSite
9368,21,22
timeStep,numberOfRobotsOnBlackSite,numberOfRobotsOnWhiteSite
9369,21,22
timeStep,numberOfRobotsOnBlackSite,numberOfRobotsOnWhiteSite
9370,21,22
timeStep,numberOfRobotsOnBlackSite,numberOfRobotsOnWhiteSite
9371,21,22
timeStep,numberOfRobotsOnBlackSite,numberOfRobotsOnWhiteSite
9372,21,22
timeStep,numberOfRobotsOnBlackSite,numberOfRobotsOnWhiteSite
9373,21,22
timeStep,numberOfRobotsOnBlackSite,numberOfRobotsOnWhiteSite
9374,21,22
timeStep,numberOfRobotsOnBlackSite,numberOfRobotsOnWhiteSite
9375,21,22
timeStep,numberOfRobotsOnBlackSite,numberOfRobotsOnWhiteSite
9376,21,22
timeStep,numberOfRobotsOnBlackSite,numberOfRobotsOnWhiteSite
9377,21,22
timeStep,numberOfRobotsOnBlackSite,numberOfRobotsOnWhiteSite
9378,21,22
timeStep,numberOfRobotsOnBlackSite,numberOfRobotsOnWhiteSite
9379,21,22
timeStep,numberOfRobotsOnBlackSite,numberOfRobotsOnWhiteSite
9380,21,22
timeStep,numberOfRobotsOnBlackSite,numberOfRobotsOnWhiteSite
9381,21,22
timeStep,numberOfRobotsOnBlackSite,numberOfRobotsOnWhiteSite
9382,21,22
timeStep,numberOfRobotsOnBlackSite,numberOfRobotsOnWhiteSite
9383,21,22
timeStep,numberOfRobotsOnBlackSite,numberOfRobotsOnWhiteSite
9384,21,22
timeStep,numberOfRobotsOnBlackSite,numberOfRobotsOnWhiteSite
9385,21,22
timeStep,numberOfRobotsOnBlackSite,numberOfRobotsOnWhiteSite
9386,21,22
timeStep,numberOfRobotsOnBlackSite,numberOfRobotsOnWhiteSite
9387,21,22
timeStep,numberOfRobotsOnBlackSite,numberOfRobotsOnWhiteSite
9388,21,22
timeStep,numberOfRobotsOnBlackSite,numberOfRobotsOnWhiteSite
9389,21,22
timeStep,numberOfRobotsOnBlackSite,numberOfRobotsOnWhiteSite
9390,21,22
timeStep,numberOfRobotsOnBlackSite,numberOfRobotsOnWhiteSite
9391,21,22
timeStep,numberOfRobotsOnBlackSite,numberOfRobotsOnWhiteSite
9392,21,22
timeStep,numberOfRobotsOnBlackSite,numberOfRobotsOnWhiteSite
9393,21,22
timeStep,numberOfRobotsOnBlackSite,numberOfRobotsOnWhiteSite
9394,21,22
timeStep,numberOfRobotsOnBlackSite,numberOfRobotsOnWhiteSite
9395,21,22
timeStep,numberOfRobotsOnBlackSite,numberOfRobotsOnWhiteSite
9396,21,22
timeStep,numberOfRobotsOnBlackSite,numberOfRobotsOnWhiteSite
9397,21,22
timeStep,numberOfRobotsOnBlackSite,numberOfRobotsOnWhiteSite
9398,21,22
timeStep,numberOfRobotsOnBlackSite,numberOfRobotsOnWhiteSite
9399,21,22
timeStep,numberOfRobotsOnBlackSite,numberOfRobotsOnWhiteSite
9400,21,22
timeStep,numberOfRobotsOnBlackSite,numberOfRobotsOnWhiteSite
9401,21,22
timeStep,numberOfRobotsOnBlackSite,numberOfRobotsOnWhiteSite
9402,21,22
timeStep,numberOfRobotsOnBlackSite,numberOfRobotsOnWhiteSite
9403,21,22
timeStep,numberOfRobotsOnBlackSite,numberOfRobotsOnWhiteSite
9404,21,22
timeStep,numberOfRobotsOnBlackSite,numberOfRobotsOnWhiteSite
9405,21,22
timeStep,numberOfRobotsOnBlackSite,numberOfRobotsOnWhiteSite
9406,21,22
timeStep,numberOfRobotsOnBlackSite,numberOfRobotsOnWhiteSite
9407,21,22
timeStep,numberOfRobotsOnBlackSite,numberOfRobotsOnWhiteSite
9408,21,22
timeStep,numberOfRobotsOnBlackSite,numberOfRobotsOnWhiteSite
9409,21,22
timeStep,numberOfRobotsOnBlackSite,numberOfRobotsOnWhiteSite
9410,21,22
timeStep,numberOfRobotsOnBlackSite,numberOfRobotsOnWhiteSite
9411,21,22
timeStep,numberOfRobotsOnBlackSite,numberOfRobotsOnWhiteSite
9412,21,22
timeStep,numberOfRobotsOnBlackSite,numberOfRobotsOnWhiteSite
9413,21,22
timeStep,numberOfRobotsOnBlackSite,numberOfRobotsOnWhiteSite
9414,21,22
timeStep,numberOfRobotsOnBlackSite,numberOfRobotsOnWhiteSite
9415,21,22
timeStep,numberOfRobotsOnBlackSite,numberOfRobotsOnWhiteSite
9416,21,22
timeStep,numberOfRobotsOnBlackSite,numberOfRobotsOnWhiteSite
9417,21,22
timeStep,numberOfRobotsOnBlackSite,numberOfRobotsOnWhiteSite
9418,21,22
timeStep,numberOfRobotsOnBlackSite,numberOfRobotsOnWhiteSite
9419,21,22
timeStep,numberOfRobotsOnBlackSite,numberOfRobotsOnWhiteSite
9420,21,22
timeStep,numberOfRobotsOnBlackSite,numberOfRobotsOnWhiteSite
9421,21,22
timeStep,numberOfRobotsOnBlackSite,numberOfRobotsOnWhiteSite
9422,21,22
timeStep,numberOfRobotsOnBlackSite,numberOfRobotsOnWhiteSite
9423,21,22
timeStep,numberOfRobotsOnBlackSite,numberOfRobotsOnWhiteSite
9424,21,22
timeStep,numberOfRobotsOnBlackSite,numberOfRobotsOnWhiteSite
9425,21,22
timeStep,numberOfRobotsOnBlackSite,numberOfRobotsOnWhiteSite
9426,21,22
timeStep,numberOfRobotsOnBlackSite,numberOfRobotsOnWhiteSite
9427,21,22
timeStep,numberOfRobotsOnBlackSite,numberOfRobotsOnWhiteSite
9428,21,22
timeStep,numberOfRobotsOnBlackSite,numberOfRobotsOnWhiteSite
9429,21,22
timeStep,numberOfRobotsOnBlackSite,numberOfRobotsOnWhiteSite
9430,21,22
timeStep,numberOfRobotsOnBlackSite,numberOfRobotsOnWhiteSite
9431,21,22
timeStep,numberOfRobotsOnBlackSite,numberOfRobotsOnWhiteSite
9432,21,22
timeStep,numberOfRobotsOnBlackSite,numberOfRobotsOnWhiteSite
9433,21,22
timeStep,numberOfRobotsOnBlackSite,numberOfRobotsOnWhiteSite
9434,21,22
timeStep,numberOfRobotsOnBlackSite,numberOfRobotsOnWhiteSite
9435,21,22
timeStep,numberOfRobotsOnBlackSite,numberOfRobotsOnWhiteSite
9436,21,22
timeStep,numberOfRobotsOnBlackSite,numberOfRobotsOnWhiteSite
9437,21,22
timeStep,numberOfRobotsOnBlackSite,numberOfRobotsOnWhiteSite
9438,21,22
timeStep,numberOfRobotsOnBlackSite,numberOfRobotsOnWhiteSite
9439,21,22
timeStep,numberOfRobotsOnBlackSite,numberOfRobotsOnWhiteSite
9440,21,22
timeStep,numberOfRobotsOnBlackSite,numberOfRobotsOnWhiteSite
9441,21,22
timeStep,numberOfRobotsOnBlackSite,numberOfRobotsOnWhiteSite
9442,21,22
timeStep,numberOfRobotsOnBlackSite,numberOfRobotsOnWhiteSite
9443,21,22
timeStep,numberOfRobotsOnBlackSite,numberOfRobotsOnWhiteSite
9444,21,22
timeStep,numberOfRobotsOnBlackSite,numberOfRobotsOnWhiteSite
9445,21,22
timeStep,numberOfRobotsOnBlackSite,numberOfRobotsOnWhiteSite
9446,21,22
timeStep,numberOfRobotsOnBlackSite,numberOfRobotsOnWhiteSite
9447,21,22
timeStep,numberOfRobotsOnBlackSite,numberOfRobotsOnWhiteSite
9448,21,22
timeStep,numberOfRobotsOnBlackSite,numberOfRobotsOnWhiteSite
9449,21,22
timeStep,numberOfRobotsOnBlackSite,numberOfRobotsOnWhiteSite
9450,21,22
timeStep,numberOfRobotsOnBlackSite,numberOfRobotsOnWhiteSite
9451,21,22
timeStep,numberOfRobotsOnBlackSite,numberOfRobotsOnWhiteSite
9452,21,22
timeStep,numberOfRobotsOnBlackSite,numberOfRobotsOnWhiteSite
9453,21,22
timeStep,numberOfRobotsOnBlackSite,numberOfRobotsOnWhiteSite
9454,21,22
timeStep,numberOfRobotsOnBlackSite,numberOfRobotsOnWhiteSite
9455,21,22
timeStep,numberOfRobotsOnBlackSite,numberOfRobotsOnWhiteSite
9456,21,22
timeStep,numberOfRobotsOnBlackSite,numberOfRobotsOnWhiteSite
9457,21,22
timeStep,numberOfRobotsOnBlackSite,numberOfRobotsOnWhiteSite
9458,21,22
timeStep,numberOfRobotsOnBlackSite,numberOfRobotsOnWhiteSite
9459,21,22
timeStep,numberOfRobotsOnBlackSite,numberOfRobotsOnWhiteSite
9460,21,22
timeStep,numberOfRobotsOnBlackSite,numberOfRobotsOnWhiteSite
9461,21,22
timeStep,numberOfRobotsOnBlackSite,numberOfRobotsOnWhiteSite
9462,21,22
timeStep,numberOfRobotsOnBlackSite,numberOfRobotsOnWhiteSite
9463,21,22
timeStep,numberOfRobotsOnBlackSite,numberOfRobotsOnWhiteSite
9464,21,22
timeStep,numberOfRobotsOnBlackSite,numberOfRobotsOnWhiteSite
9465,21,22
timeStep,numberOfRobotsOnBlackSite,numberOfRobotsOnWhiteSite
9466,21,22
timeStep,numberOfRobotsOnBlackSite,numberOfRobotsOnWhiteSite
9467,21,22
timeStep,numberOfRobotsOnBlackSite,numberOfRobotsOnWhiteSite
9468,21,22
timeStep,numberOfRobotsOnBlackSite,numberOfRobotsOnWhiteSite
9469,21,22
timeStep,numberOfRobotsOnBlackSite,numberOfRobotsOnWhiteSite
9470,21,22
timeStep,numberOfRobotsOnBlackSite,numberOfRobotsOnWhiteSite
9471,21,22
timeStep,numberOfRobotsOnBlackSite,numberOfRobotsOnWhiteSite
9472,21,22
timeStep,numberOfRobotsOnBlackSite,numberOfRobotsOnWhiteSite
9473,21,22
timeStep,numberOfRobotsOnBlackSite,numberOfRobotsOnWhiteSite
9474,21,22
timeStep,numberOfRobotsOnBlackSite,numberOfRobotsOnWhiteSite
9475,21,22
timeStep,numberOfRobotsOnBlackSite,numberOfRobotsOnWhiteSite
9476,21,22
timeStep,numberOfRobotsOnBlackSite,numberOfRobotsOnWhiteSite
9477,21,22
timeStep,numberOfRobotsOnBlackSite,numberOfRobotsOnWhiteSite
9478,21,22
timeStep,numberOfRobotsOnBlackSite,numberOfRobotsOnWhiteSite
9479,21,22
timeStep,numberOfRobotsOnBlackSite,numberOfRobotsOnWhiteSite
9480,21,22
timeStep,numberOfRobotsOnBlackSite,numberOfRobotsOnWhiteSite
9481,21,22
timeStep,numberOfRobotsOnBlackSite,numberOfRobotsOnWhiteSite
9482,21,22
timeStep,numberOfRobotsOnBlackSite,numberOfRobotsOnWhiteSite
9483,21,22
timeStep,numberOfRobotsOnBlackSite,numberOfRobotsOnWhiteSite
9484,21,22
timeStep,numberOfRobotsOnBlackSite,numberOfRobotsOnWhiteSite
9485,21,22
timeStep,numberOfRobotsOnBlackSite,numberOfRobotsOnWhiteSite
9486,21,22
timeStep,numberOfRobotsOnBlackSite,numberOfRobotsOnWhiteSite
9487,21,22
timeStep,numberOfRobotsOnBlackSite,numberOfRobotsOnWhiteSite
9488,21,22
timeStep,numberOfRobotsOnBlackSite,numberOfRobotsOnWhiteSite
9489,21,22
timeStep,numberOfRobotsOnBlackSite,numberOfRobotsOnWhiteSite
9490,21,22
timeStep,numberOfRobotsOnBlackSite,numberOfRobotsOnWhiteSite
9491,21,22
timeStep,numberOfRobotsOnBlackSite,numberOfRobotsOnWhiteSite
9492,21,22
timeStep,numberOfRobotsOnBlackSite,numberOfRobotsOnWhiteSite
9493,21,22
timeStep,numberOfRobotsOnBlackSite,numberOfRobotsOnWhiteSite
9494,21,22
timeStep,numberOfRobotsOnBlackSite,numberOfRobotsOnWhiteSite
9495,21,22
timeStep,numberOfRobotsOnBlackSite,numberOfRobotsOnWhiteSite
9496,21,22
timeStep,numberOfRobotsOnBlackSite,numberOfRobotsOnWhiteSite
9497,21,22
timeStep,numberOfRobotsOnBlackSite,numberOfRobotsOnWhiteSite
9498,21,22
timeStep,numberOfRobotsOnBlackSite,numberOfRobotsOnWhiteSite
9499,21,22
timeStep,numberOfRobotsOnBlackSite,numberOfRobotsOnWhiteSite
9500,21,22
timeStep,numberOfRobotsOnBlackSite,numberOfRobotsOnWhiteSite
9501,21,22
timeStep,numberOfRobotsOnBlackSite,numberOfRobotsOnWhiteSite
9502,21,22
timeStep,numberOfRobotsOnBlackSite,numberOfRobotsOnWhiteSite
9503,21,22
timeStep,numberOfRobotsOnBlackSite,numberOfRobotsOnWhiteSite
9504,21,22
timeStep,numberOfRobotsOnBlackSite,numberOfRobotsOnWhiteSite
9505,21,22
timeStep,numberOfRobotsOnBlackSite,numberOfRobotsOnWhiteSite
9506,21,22
timeStep,numberOfRobotsOnBlackSite,numberOfRobotsOnWhiteSite
9507,21,22
timeStep,numberOfRobotsOnBlackSite,numberOfRobotsOnWhiteSite
9508,21,22
timeStep,numberOfRobotsOnBlackSite,numberOfRobotsOnWhiteSite
9509,21,22
timeStep,numberOfRobotsOnBlackSite,numberOfRobotsOnWhiteSite
9510,21,22
timeStep,numberOfRobotsOnBlackSite,numberOfRobotsOnWhiteSite
9511,21,22
timeStep,numberOfRobotsOnBlackSite,numberOfRobotsOnWhiteSite
9512,21,22
timeStep,numberOfRobotsOnBlackSite,numberOfRobotsOnWhiteSite
9513,21,22
timeStep,numberOfRobotsOnBlackSite,numberOfRobotsOnWhiteSite
9514,21,22
timeStep,numberOfRobotsOnBlackSite,numberOfRobotsOnWhiteSite
9515,21,22
timeStep,numberOfRobotsOnBlackSite,numberOfRobotsOnWhiteSite
9516,21,22
timeStep,numberOfRobotsOnBlackSite,numberOfRobotsOnWhiteSite
9517,21,22
timeStep,numberOfRobotsOnBlackSite,numberOfRobotsOnWhiteSite
9518,21,22
timeStep,numberOfRobotsOnBlackSite,numberOfRobotsOnWhiteSite
9519,21,22
timeStep,numberOfRobotsOnBlackSite,numberOfRobotsOnWhiteSite
9520,21,22
timeStep,numberOfRobotsOnBlackSite,numberOfRobotsOnWhiteSite
9521,21,22
timeStep,numberOfRobotsOnBlackSite,numberOfRobotsOnWhiteSite
9522,21,22
timeStep,numberOfRobotsOnBlackSite,numberOfRobotsOnWhiteSite
9523,21,22
timeStep,numberOfRobotsOnBlackSite,numberOfRobotsOnWhiteSite
9524,21,22
timeStep,numberOfRobotsOnBlackSite,numberOfRobotsOnWhiteSite
9525,21,22
timeStep,numberOfRobotsOnBlackSite,numberOfRobotsOnWhiteSite
9526,21,22
timeStep,numberOfRobotsOnBlackSite,numberOfRobotsOnWhiteSite
9527,21,22
timeStep,numberOfRobotsOnBlackSite,numberOfRobotsOnWhiteSite
9528,21,22
timeStep,numberOfRobotsOnBlackSite,numberOfRobotsOnWhiteSite
9529,21,22
timeStep,numberOfRobotsOnBlackSite,numberOfRobotsOnWhiteSite
9530,21,22
timeStep,numberOfRobotsOnBlackSite,numberOfRobotsOnWhiteSite
9531,21,22
timeStep,numberOfRobotsOnBlackSite,numberOfRobotsOnWhiteSite
9532,21,22
timeStep,numberOfRobotsOnBlackSite,numberOfRobotsOnWhiteSite
9533,21,22
timeStep,numberOfRobotsOnBlackSite,numberOfRobotsOnWhiteSite
9534,21,22
timeStep,numberOfRobotsOnBlackSite,numberOfRobotsOnWhiteSite
9535,21,22
timeStep,numberOfRobotsOnBlackSite,numberOfRobotsOnWhiteSite
9536,21,22
timeStep,numberOfRobotsOnBlackSite,numberOfRobotsOnWhiteSite
9537,21,22
timeStep,numberOfRobotsOnBlackSite,numberOfRobotsOnWhiteSite
9538,21,22
timeStep,numberOfRobotsOnBlackSite,numberOfRobotsOnWhiteSite
9539,21,22
timeStep,numberOfRobotsOnBlackSite,numberOfRobotsOnWhiteSite
9540,21,22
timeStep,numberOfRobotsOnBlackSite,numberOfRobotsOnWhiteSite
9541,21,22
timeStep,numberOfRobotsOnBlackSite,numberOfRobotsOnWhiteSite
9542,21,22
timeStep,numberOfRobotsOnBlackSite,numberOfRobotsOnWhiteSite
9543,21,22
timeStep,numberOfRobotsOnBlackSite,numberOfRobotsOnWhiteSite
9544,21,22
timeStep,numberOfRobotsOnBlackSite,numberOfRobotsOnWhiteSite
9545,21,22
timeStep,numberOfRobotsOnBlackSite,numberOfRobotsOnWhiteSite
9546,21,22
timeStep,numberOfRobotsOnBlackSite,numberOfRobotsOnWhiteSite
9547,21,22
timeStep,numberOfRobotsOnBlackSite,numberOfRobotsOnWhiteSite
9548,21,22
timeStep,numberOfRobotsOnBlackSite,numberOfRobotsOnWhiteSite
9549,21,22
timeStep,numberOfRobotsOnBlackSite,numberOfRobotsOnWhiteSite
9550,21,22
timeStep,numberOfRobotsOnBlackSite,numberOfRobotsOnWhiteSite
9551,21,22
timeStep,numberOfRobotsOnBlackSite,numberOfRobotsOnWhiteSite
9552,21,22
timeStep,numberOfRobotsOnBlackSite,numberOfRobotsOnWhiteSite
9553,21,22
timeStep,numberOfRobotsOnBlackSite,numberOfRobotsOnWhiteSite
9554,21,22
timeStep,numberOfRobotsOnBlackSite,numberOfRobotsOnWhiteSite
9555,21,22
timeStep,numberOfRobotsOnBlackSite,numberOfRobotsOnWhiteSite
9556,21,22
timeStep,numberOfRobotsOnBlackSite,numberOfRobotsOnWhiteSite
9557,21,22
timeStep,numberOfRobotsOnBlackSite,numberOfRobotsOnWhiteSite
9558,21,22
timeStep,numberOfRobotsOnBlackSite,numberOfRobotsOnWhiteSite
9559,21,22
timeStep,numberOfRobotsOnBlackSite,numberOfRobotsOnWhiteSite
9560,21,22
timeStep,numberOfRobotsOnBlackSite,numberOfRobotsOnWhiteSite
9561,21,22
timeStep,numberOfRobotsOnBlackSite,numberOfRobotsOnWhiteSite
9562,21,22
timeStep,numberOfRobotsOnBlackSite,numberOfRobotsOnWhiteSite
9563,21,22
timeStep,numberOfRobotsOnBlackSite,numberOfRobotsOnWhiteSite
9564,21,22
timeStep,numberOfRobotsOnBlackSite,numberOfRobotsOnWhiteSite
9565,21,22
timeStep,numberOfRobotsOnBlackSite,numberOfRobotsOnWhiteSite
9566,21,22
timeStep,numberOfRobotsOnBlackSite,numberOfRobotsOnWhiteSite
9567,21,22
timeStep,numberOfRobotsOnBlackSite,numberOfRobotsOnWhiteSite
9568,21,22
timeStep,numberOfRobotsOnBlackSite,numberOfRobotsOnWhiteSite
9569,21,22
timeStep,numberOfRobotsOnBlackSite,numberOfRobotsOnWhiteSite
9570,21,22
timeStep,numberOfRobotsOnBlackSite,numberOfRobotsOnWhiteSite
9571,21,22
timeStep,numberOfRobotsOnBlackSite,numberOfRobotsOnWhiteSite
9572,21,22
timeStep,numberOfRobotsOnBlackSite,numberOfRobotsOnWhiteSite
9573,21,22
timeStep,numberOfRobotsOnBlackSite,numberOfRobotsOnWhiteSite
9574,21,22
timeStep,numberOfRobotsOnBlackSite,numberOfRobotsOnWhiteSite
9575,21,22
timeStep,numberOfRobotsOnBlackSite,numberOfRobotsOnWhiteSite
9576,21,22
timeStep,numberOfRobotsOnBlackSite,numberOfRobotsOnWhiteSite
9577,21,22
timeStep,numberOfRobotsOnBlackSite,numberOfRobotsOnWhiteSite
9578,21,22
timeStep,numberOfRobotsOnBlackSite,numberOfRobotsOnWhiteSite
9579,21,22
timeStep,numberOfRobotsOnBlackSite,numberOfRobotsOnWhiteSite
9580,21,22
timeStep,numberOfRobotsOnBlackSite,numberOfRobotsOnWhiteSite
9581,21,22
timeStep,numberOfRobotsOnBlackSite,numberOfRobotsOnWhiteSite
9582,21,22
timeStep,numberOfRobotsOnBlackSite,numberOfRobotsOnWhiteSite
9583,21,22
timeStep,numberOfRobotsOnBlackSite,numberOfRobotsOnWhiteSite
9584,21,22
timeStep,numberOfRobotsOnBlackSite,numberOfRobotsOnWhiteSite
9585,21,22
timeStep,numberOfRobotsOnBlackSite,numberOfRobotsOnWhiteSite
9586,21,22
timeStep,numberOfRobotsOnBlackSite,numberOfRobotsOnWhiteSite
9587,21,22
timeStep,numberOfRobotsOnBlackSite,numberOfRobotsOnWhiteSite
9588,21,22
timeStep,numberOfRobotsOnBlackSite,numberOfRobotsOnWhiteSite
9589,21,22
timeStep,numberOfRobotsOnBlackSite,numberOfRobotsOnWhiteSite
9590,21,22
timeStep,numberOfRobotsOnBlackSite,numberOfRobotsOnWhiteSite
9591,21,22
timeStep,numberOfRobotsOnBlackSite,numberOfRobotsOnWhiteSite
9592,21,22
timeStep,numberOfRobotsOnBlackSite,numberOfRobotsOnWhiteSite
9593,21,22
timeStep,numberOfRobotsOnBlackSite,numberOfRobotsOnWhiteSite
9594,21,22
timeStep,numberOfRobotsOnBlackSite,numberOfRobotsOnWhiteSite
9595,21,22
timeStep,numberOfRobotsOnBlackSite,numberOfRobotsOnWhiteSite
9596,21,22
timeStep,numberOfRobotsOnBlackSite,numberOfRobotsOnWhiteSite
9597,21,22
timeStep,numberOfRobotsOnBlackSite,numberOfRobotsOnWhiteSite
9598,21,22
timeStep,numberOfRobotsOnBlackSite,numberOfRobotsOnWhiteSite
9599,21,22
timeStep,numberOfRobotsOnBlackSite,numberOfRobotsOnWhiteSite
9600,21,22
timeStep,numberOfRobotsOnBlackSite,numberOfRobotsOnWhiteSite
9601,21,22
timeStep,numberOfRobotsOnBlackSite,numberOfRobotsOnWhiteSite
9602,21,22
timeStep,numberOfRobotsOnBlackSite,numberOfRobotsOnWhiteSite
9603,21,22
timeStep,numberOfRobotsOnBlackSite,numberOfRobotsOnWhiteSite
9604,21,22
timeStep,numberOfRobotsOnBlackSite,numberOfRobotsOnWhiteSite
9605,21,22
timeStep,numberOfRobotsOnBlackSite,numberOfRobotsOnWhiteSite
9606,21,22
timeStep,numberOfRobotsOnBlackSite,numberOfRobotsOnWhiteSite
9607,21,22
timeStep,numberOfRobotsOnBlackSite,numberOfRobotsOnWhiteSite
9608,21,22
timeStep,numberOfRobotsOnBlackSite,numberOfRobotsOnWhiteSite
9609,21,22
timeStep,numberOfRobotsOnBlackSite,numberOfRobotsOnWhiteSite
9610,21,22
timeStep,numberOfRobotsOnBlackSite,numberOfRobotsOnWhiteSite
9611,21,22
timeStep,numberOfRobotsOnBlackSite,numberOfRobotsOnWhiteSite
9612,21,22
timeStep,numberOfRobotsOnBlackSite,numberOfRobotsOnWhiteSite
9613,21,22
timeStep,numberOfRobotsOnBlackSite,numberOfRobotsOnWhiteSite
9614,21,22
timeStep,numberOfRobotsOnBlackSite,numberOfRobotsOnWhiteSite
9615,21,22
timeStep,numberOfRobotsOnBlackSite,numberOfRobotsOnWhiteSite
9616,21,22
timeStep,numberOfRobotsOnBlackSite,numberOfRobotsOnWhiteSite
9617,21,22
timeStep,numberOfRobotsOnBlackSite,numberOfRobotsOnWhiteSite
9618,21,22
timeStep,numberOfRobotsOnBlackSite,numberOfRobotsOnWhiteSite
9619,21,22
timeStep,numberOfRobotsOnBlackSite,numberOfRobotsOnWhiteSite
9620,21,22
timeStep,numberOfRobotsOnBlackSite,numberOfRobotsOnWhiteSite
9621,21,22
timeStep,numberOfRobotsOnBlackSite,numberOfRobotsOnWhiteSite
9622,21,22
timeStep,numberOfRobotsOnBlackSite,numberOfRobotsOnWhiteSite
9623,21,22
timeStep,numberOfRobotsOnBlackSite,numberOfRobotsOnWhiteSite
9624,21,22
timeStep,numberOfRobotsOnBlackSite,numberOfRobotsOnWhiteSite
9625,21,22
timeStep,numberOfRobotsOnBlackSite,numberOfRobotsOnWhiteSite
9626,21,22
timeStep,numberOfRobotsOnBlackSite,numberOfRobotsOnWhiteSite
9627,21,22
timeStep,numberOfRobotsOnBlackSite,numberOfRobotsOnWhiteSite
9628,21,22
timeStep,numberOfRobotsOnBlackSite,numberOfRobotsOnWhiteSite
9629,21,22
timeStep,numberOfRobotsOnBlackSite,numberOfRobotsOnWhiteSite
9630,21,22
timeStep,numberOfRobotsOnBlackSite,numberOfRobotsOnWhiteSite
9631,21,22
timeStep,numberOfRobotsOnBlackSite,numberOfRobotsOnWhiteSite
9632,21,22
timeStep,numberOfRobotsOnBlackSite,numberOfRobotsOnWhiteSite
9633,21,22
timeStep,numberOfRobotsOnBlackSite,numberOfRobotsOnWhiteSite
9634,21,22
timeStep,numberOfRobotsOnBlackSite,numberOfRobotsOnWhiteSite
9635,21,22
timeStep,numberOfRobotsOnBlackSite,numberOfRobotsOnWhiteSite
9636,21,22
timeStep,numberOfRobotsOnBlackSite,numberOfRobotsOnWhiteSite
9637,21,22
timeStep,numberOfRobotsOnBlackSite,numberOfRobotsOnWhiteSite
9638,21,22
timeStep,numberOfRobotsOnBlackSite,numberOfRobotsOnWhiteSite
9639,21,22
timeStep,numberOfRobotsOnBlackSite,numberOfRobotsOnWhiteSite
9640,21,22
timeStep,numberOfRobotsOnBlackSite,numberOfRobotsOnWhiteSite
9641,21,22
timeStep,numberOfRobotsOnBlackSite,numberOfRobotsOnWhiteSite
9642,21,22
timeStep,numberOfRobotsOnBlackSite,numberOfRobotsOnWhiteSite
9643,21,22
timeStep,numberOfRobotsOnBlackSite,numberOfRobotsOnWhiteSite
9644,21,22
timeStep,numberOfRobotsOnBlackSite,numberOfRobotsOnWhiteSite
9645,21,22
timeStep,numberOfRobotsOnBlackSite,numberOfRobotsOnWhiteSite
9646,21,22
timeStep,numberOfRobotsOnBlackSite,numberOfRobotsOnWhiteSite
9647,21,22
timeStep,numberOfRobotsOnBlackSite,numberOfRobotsOnWhiteSite
9648,21,22
timeStep,numberOfRobotsOnBlackSite,numberOfRobotsOnWhiteSite
9649,21,22
timeStep,numberOfRobotsOnBlackSite,numberOfRobotsOnWhiteSite
9650,21,22
timeStep,numberOfRobotsOnBlackSite,numberOfRobotsOnWhiteSite
9651,21,22
timeStep,numberOfRobotsOnBlackSite,numberOfRobotsOnWhiteSite
9652,21,22
timeStep,numberOfRobotsOnBlackSite,numberOfRobotsOnWhiteSite
9653,21,22
timeStep,numberOfRobotsOnBlackSite,numberOfRobotsOnWhiteSite
9654,21,22
timeStep,numberOfRobotsOnBlackSite,numberOfRobotsOnWhiteSite
9655,21,22
timeStep,numberOfRobotsOnBlackSite,numberOfRobotsOnWhiteSite
9656,21,22
timeStep,numberOfRobotsOnBlackSite,numberOfRobotsOnWhiteSite
9657,21,22
timeStep,numberOfRobotsOnBlackSite,numberOfRobotsOnWhiteSite
9658,21,22
timeStep,numberOfRobotsOnBlackSite,numberOfRobotsOnWhiteSite
9659,21,22
timeStep,numberOfRobotsOnBlackSite,numberOfRobotsOnWhiteSite
9660,21,22
timeStep,numberOfRobotsOnBlackSite,numberOfRobotsOnWhiteSite
9661,21,22
timeStep,numberOfRobotsOnBlackSite,numberOfRobotsOnWhiteSite
9662,21,22
timeStep,numberOfRobotsOnBlackSite,numberOfRobotsOnWhiteSite
9663,21,22
timeStep,numberOfRobotsOnBlackSite,numberOfRobotsOnWhiteSite
9664,21,22
timeStep,numberOfRobotsOnBlackSite,numberOfRobotsOnWhiteSite
9665,21,22
timeStep,numberOfRobotsOnBlackSite,numberOfRobotsOnWhiteSite
9666,21,22
timeStep,numberOfRobotsOnBlackSite,numberOfRobotsOnWhiteSite
9667,21,22
timeStep,numberOfRobotsOnBlackSite,numberOfRobotsOnWhiteSite
9668,21,22
timeStep,numberOfRobotsOnBlackSite,numberOfRobotsOnWhiteSite
9669,21,22
timeStep,numberOfRobotsOnBlackSite,numberOfRobotsOnWhiteSite
9670,21,22
timeStep,numberOfRobotsOnBlackSite,numberOfRobotsOnWhiteSite
9671,21,22
timeStep,numberOfRobotsOnBlackSite,numberOfRobotsOnWhiteSite
9672,21,22
timeStep,numberOfRobotsOnBlackSite,numberOfRobotsOnWhiteSite
9673,21,22
timeStep,numberOfRobotsOnBlackSite,numberOfRobotsOnWhiteSite
9674,21,22
timeStep,numberOfRobotsOnBlackSite,numberOfRobotsOnWhiteSite
9675,21,22
timeStep,numberOfRobotsOnBlackSite,numberOfRobotsOnWhiteSite
9676,21,22
timeStep,numberOfRobotsOnBlackSite,numberOfRobotsOnWhiteSite
9677,21,22
timeStep,numberOfRobotsOnBlackSite,numberOfRobotsOnWhiteSite
9678,21,22
timeStep,numberOfRobotsOnBlackSite,numberOfRobotsOnWhiteSite
9679,21,22
timeStep,numberOfRobotsOnBlackSite,numberOfRobotsOnWhiteSite
9680,21,22
timeStep,numberOfRobotsOnBlackSite,numberOfRobotsOnWhiteSite
9681,21,22
timeStep,numberOfRobotsOnBlackSite,numberOfRobotsOnWhiteSite
9682,21,22
timeStep,numberOfRobotsOnBlackSite,numberOfRobotsOnWhiteSite
9683,21,22
timeStep,numberOfRobotsOnBlackSite,numberOfRobotsOnWhiteSite
9684,21,22
timeStep,numberOfRobotsOnBlackSite,numberOfRobotsOnWhiteSite
9685,21,22
timeStep,numberOfRobotsOnBlackSite,numberOfRobotsOnWhiteSite
9686,21,22
timeStep,numberOfRobotsOnBlackSite,numberOfRobotsOnWhiteSite
9687,21,22
timeStep,numberOfRobotsOnBlackSite,numberOfRobotsOnWhiteSite
9688,21,22
timeStep,numberOfRobotsOnBlackSite,numberOfRobotsOnWhiteSite
9689,21,22
timeStep,numberOfRobotsOnBlackSite,numberOfRobotsOnWhiteSite
9690,21,22
timeStep,numberOfRobotsOnBlackSite,numberOfRobotsOnWhiteSite
9691,21,22
timeStep,numberOfRobotsOnBlackSite,numberOfRobotsOnWhiteSite
9692,21,22
timeStep,numberOfRobotsOnBlackSite,numberOfRobotsOnWhiteSite
9693,21,22
timeStep,numberOfRobotsOnBlackSite,numberOfRobotsOnWhiteSite
9694,21,22
timeStep,numberOfRobotsOnBlackSite,numberOfRobotsOnWhiteSite
9695,21,22
timeStep,numberOfRobotsOnBlackSite,numberOfRobotsOnWhiteSite
9696,21,22
timeStep,numberOfRobotsOnBlackSite,numberOfRobotsOnWhiteSite
9697,21,22
timeStep,numberOfRobotsOnBlackSite,numberOfRobotsOnWhiteSite
9698,21,22
timeStep,numberOfRobotsOnBlackSite,numberOfRobotsOnWhiteSite
9699,21,22
timeStep,numberOfRobotsOnBlackSite,numberOfRobotsOnWhiteSite
9700,21,22
timeStep,numberOfRobotsOnBlackSite,numberOfRobotsOnWhiteSite
9701,21,22
timeStep,numberOfRobotsOnBlackSite,numberOfRobotsOnWhiteSite
9702,21,22
timeStep,numberOfRobotsOnBlackSite,numberOfRobotsOnWhiteSite
9703,21,22
timeStep,numberOfRobotsOnBlackSite,numberOfRobotsOnWhiteSite
9704,21,22
timeStep,numberOfRobotsOnBlackSite,numberOfRobotsOnWhiteSite
9705,21,22
timeStep,numberOfRobotsOnBlackSite,numberOfRobotsOnWhiteSite
9706,21,22
timeStep,numberOfRobotsOnBlackSite,numberOfRobotsOnWhiteSite
9707,21,22
timeStep,numberOfRobotsOnBlackSite,numberOfRobotsOnWhiteSite
9708,21,22
timeStep,numberOfRobotsOnBlackSite,numberOfRobotsOnWhiteSite
9709,21,22
timeStep,numberOfRobotsOnBlackSite,numberOfRobotsOnWhiteSite
9710,21,22
timeStep,numberOfRobotsOnBlackSite,numberOfRobotsOnWhiteSite
9711,21,22
timeStep,numberOfRobotsOnBlackSite,numberOfRobotsOnWhiteSite
9712,21,22
timeStep,numberOfRobotsOnBlackSite,numberOfRobotsOnWhiteSite
9713,21,22
timeStep,numberOfRobotsOnBlackSite,numberOfRobotsOnWhiteSite
9714,21,22
timeStep,numberOfRobotsOnBlackSite,numberOfRobotsOnWhiteSite
9715,21,22
timeStep,numberOfRobotsOnBlackSite,numberOfRobotsOnWhiteSite
9716,21,22
timeStep,numberOfRobotsOnBlackSite,numberOfRobotsOnWhiteSite
9717,21,22
timeStep,numberOfRobotsOnBlackSite,numberOfRobotsOnWhiteSite
9718,21,22
timeStep,numberOfRobotsOnBlackSite,numberOfRobotsOnWhiteSite
9719,21,22
timeStep,numberOfRobotsOnBlackSite,numberOfRobotsOnWhiteSite
9720,21,22
timeStep,numberOfRobotsOnBlackSite,numberOfRobotsOnWhiteSite
9721,21,22
timeStep,numberOfRobotsOnBlackSite,numberOfRobotsOnWhiteSite
9722,21,22
timeStep,numberOfRobotsOnBlackSite,numberOfRobotsOnWhiteSite
9723,21,22
timeStep,numberOfRobotsOnBlackSite,numberOfRobotsOnWhiteSite
9724,21,22
timeStep,numberOfRobotsOnBlackSite,numberOfRobotsOnWhiteSite
9725,21,22
timeStep,numberOfRobotsOnBlackSite,numberOfRobotsOnWhiteSite
9726,21,22
timeStep,numberOfRobotsOnBlackSite,numberOfRobotsOnWhiteSite
9727,21,22
timeStep,numberOfRobotsOnBlackSite,numberOfRobotsOnWhiteSite
9728,21,22
timeStep,numberOfRobotsOnBlackSite,numberOfRobotsOnWhiteSite
9729,21,22
timeStep,numberOfRobotsOnBlackSite,numberOfRobotsOnWhiteSite
9730,21,22
timeStep,numberOfRobotsOnBlackSite,numberOfRobotsOnWhiteSite
9731,21,22
timeStep,numberOfRobotsOnBlackSite,numberOfRobotsOnWhiteSite
9732,21,22
timeStep,numberOfRobotsOnBlackSite,numberOfRobotsOnWhiteSite
9733,21,22
timeStep,numberOfRobotsOnBlackSite,numberOfRobotsOnWhiteSite
9734,21,22
timeStep,numberOfRobotsOnBlackSite,numberOfRobotsOnWhiteSite
9735,21,22
timeStep,numberOfRobotsOnBlackSite,numberOfRobotsOnWhiteSite
9736,21,22
timeStep,numberOfRobotsOnBlackSite,numberOfRobotsOnWhiteSite
9737,21,22
timeStep,numberOfRobotsOnBlackSite,numberOfRobotsOnWhiteSite
9738,21,22
timeStep,numberOfRobotsOnBlackSite,numberOfRobotsOnWhiteSite
9739,21,22
timeStep,numberOfRobotsOnBlackSite,numberOfRobotsOnWhiteSite
9740,21,22
timeStep,numberOfRobotsOnBlackSite,numberOfRobotsOnWhiteSite
9741,21,22
timeStep,numberOfRobotsOnBlackSite,numberOfRobotsOnWhiteSite
9742,21,22
timeStep,numberOfRobotsOnBlackSite,numberOfRobotsOnWhiteSite
9743,21,22
timeStep,numberOfRobotsOnBlackSite,numberOfRobotsOnWhiteSite
9744,21,22
timeStep,numberOfRobotsOnBlackSite,numberOfRobotsOnWhiteSite
9745,21,22
timeStep,numberOfRobotsOnBlackSite,numberOfRobotsOnWhiteSite
9746,21,22
timeStep,numberOfRobotsOnBlackSite,numberOfRobotsOnWhiteSite
9747,21,22
timeStep,numberOfRobotsOnBlackSite,numberOfRobotsOnWhiteSite
9748,21,22
timeStep,numberOfRobotsOnBlackSite,numberOfRobotsOnWhiteSite
9749,21,22
timeStep,numberOfRobotsOnBlackSite,numberOfRobotsOnWhiteSite
9750,21,22
timeStep,numberOfRobotsOnBlackSite,numberOfRobotsOnWhiteSite
9751,21,22
timeStep,numberOfRobotsOnBlackSite,numberOfRobotsOnWhiteSite
9752,21,22
timeStep,numberOfRobotsOnBlackSite,numberOfRobotsOnWhiteSite
9753,21,22
timeStep,numberOfRobotsOnBlackSite,numberOfRobotsOnWhiteSite
9754,21,22
timeStep,numberOfRobotsOnBlackSite,numberOfRobotsOnWhiteSite
9755,21,22
timeStep,numberOfRobotsOnBlackSite,numberOfRobotsOnWhiteSite
9756,21,22
timeStep,numberOfRobotsOnBlackSite,numberOfRobotsOnWhiteSite
9757,21,22
timeStep,numberOfRobotsOnBlackSite,numberOfRobotsOnWhiteSite
9758,21,22
timeStep,numberOfRobotsOnBlackSite,numberOfRobotsOnWhiteSite
9759,21,22
timeStep,numberOfRobotsOnBlackSite,numberOfRobotsOnWhiteSite
9760,21,22
timeStep,numberOfRobotsOnBlackSite,numberOfRobotsOnWhiteSite
9761,21,22
timeStep,numberOfRobotsOnBlackSite,numberOfRobotsOnWhiteSite
9762,21,22
timeStep,numberOfRobotsOnBlackSite,numberOfRobotsOnWhiteSite
9763,21,22
timeStep,numberOfRobotsOnBlackSite,numberOfRobotsOnWhiteSite
9764,21,22
timeStep,numberOfRobotsOnBlackSite,numberOfRobotsOnWhiteSite
9765,21,22
timeStep,numberOfRobotsOnBlackSite,numberOfRobotsOnWhiteSite
9766,21,22
timeStep,numberOfRobotsOnBlackSite,numberOfRobotsOnWhiteSite
9767,21,22
timeStep,numberOfRobotsOnBlackSite,numberOfRobotsOnWhiteSite
9768,21,22
timeStep,numberOfRobotsOnBlackSite,numberOfRobotsOnWhiteSite
9769,21,22
timeStep,numberOfRobotsOnBlackSite,numberOfRobotsOnWhiteSite
9770,21,22
timeStep,numberOfRobotsOnBlackSite,numberOfRobotsOnWhiteSite
9771,21,22
timeStep,numberOfRobotsOnBlackSite,numberOfRobotsOnWhiteSite
9772,21,22
timeStep,numberOfRobotsOnBlackSite,numberOfRobotsOnWhiteSite
9773,21,22
timeStep,numberOfRobotsOnBlackSite,numberOfRobotsOnWhiteSite
9774,21,22
timeStep,numberOfRobotsOnBlackSite,numberOfRobotsOnWhiteSite
9775,21,22
timeStep,numberOfRobotsOnBlackSite,numberOfRobotsOnWhiteSite
9776,21,22
timeStep,numberOfRobotsOnBlackSite,numberOfRobotsOnWhiteSite
9777,21,22
timeStep,numberOfRobotsOnBlackSite,numberOfRobotsOnWhiteSite
9778,21,22
timeStep,numberOfRobotsOnBlackSite,numberOfRobotsOnWhiteSite
9779,21,22
timeStep,numberOfRobotsOnBlackSite,numberOfRobotsOnWhiteSite
9780,21,22
timeStep,numberOfRobotsOnBlackSite,numberOfRobotsOnWhiteSite
9781,21,22
timeStep,numberOfRobotsOnBlackSite,numberOfRobotsOnWhiteSite
9782,21,22
timeStep,numberOfRobotsOnBlackSite,numberOfRobotsOnWhiteSite
9783,21,22
timeStep,numberOfRobotsOnBlackSite,numberOfRobotsOnWhiteSite
9784,21,22
timeStep,numberOfRobotsOnBlackSite,numberOfRobotsOnWhiteSite
9785,21,22
timeStep,numberOfRobotsOnBlackSite,numberOfRobotsOnWhiteSite
9786,21,22
timeStep,numberOfRobotsOnBlackSite,numberOfRobotsOnWhiteSite
9787,21,22
timeStep,numberOfRobotsOnBlackSite,numberOfRobotsOnWhiteSite
9788,21,22
timeStep,numberOfRobotsOnBlackSite,numberOfRobotsOnWhiteSite
9789,21,22
timeStep,numberOfRobotsOnBlackSite,numberOfRobotsOnWhiteSite
9790,21,22
timeStep,numberOfRobotsOnBlackSite,numberOfRobotsOnWhiteSite
9791,21,22
timeStep,numberOfRobotsOnBlackSite,numberOfRobotsOnWhiteSite
9792,21,22
timeStep,numberOfRobotsOnBlackSite,numberOfRobotsOnWhiteSite
9793,21,22
timeStep,numberOfRobotsOnBlackSite,numberOfRobotsOnWhiteSite
9794,21,22
timeStep,numberOfRobotsOnBlackSite,numberOfRobotsOnWhiteSite
9795,22,22
timeStep,numberOfRobotsOnBlackSite,numberOfRobotsOnWhiteSite
9796,22,22
timeStep,numberOfRobotsOnBlackSite,numberOfRobotsOnWhiteSite
9797,22,22
timeStep,numberOfRobotsOnBlackSite,numberOfRobotsOnWhiteSite
9798,22,22
timeStep,numberOfRobotsOnBlackSite,numberOfRobotsOnWhiteSite
9799,22,22
timeStep,numberOfRobotsOnBlackSite,numberOfRobotsOnWhiteSite
9800,22,22
timeStep,numberOfRobotsOnBlackSite,numberOfRobotsOnWhiteSite
9801,22,22
timeStep,numberOfRobotsOnBlackSite,numberOfRobotsOnWhiteSite
9802,22,22
timeStep,numberOfRobotsOnBlackSite,numberOfRobotsOnWhiteSite
9803,22,22
timeStep,numberOfRobotsOnBlackSite,numberOfRobotsOnWhiteSite
9804,22,22
timeStep,numberOfRobotsOnBlackSite,numberOfRobotsOnWhiteSite
9805,22,22
timeStep,numberOfRobotsOnBlackSite,numberOfRobotsOnWhiteSite
9806,22,22
timeStep,numberOfRobotsOnBlackSite,numberOfRobotsOnWhiteSite
9807,22,22
timeStep,numberOfRobotsOnBlackSite,numberOfRobotsOnWhiteSite
9808,22,22
timeStep,numberOfRobotsOnBlackSite,numberOfRobotsOnWhiteSite
9809,22,22
timeStep,numberOfRobotsOnBlackSite,numberOfRobotsOnWhiteSite
9810,22,22
timeStep,numberOfRobotsOnBlackSite,numberOfRobotsOnWhiteSite
9811,22,22
timeStep,numberOfRobotsOnBlackSite,numberOfRobotsOnWhiteSite
9812,22,22
timeStep,numberOfRobotsOnBlackSite,numberOfRobotsOnWhiteSite
9813,22,22
timeStep,numberOfRobotsOnBlackSite,numberOfRobotsOnWhiteSite
9814,22,22
timeStep,numberOfRobotsOnBlackSite,numberOfRobotsOnWhiteSite
9815,22,22
timeStep,numberOfRobotsOnBlackSite,numberOfRobotsOnWhiteSite
9816,22,22
timeStep,numberOfRobotsOnBlackSite,numberOfRobotsOnWhiteSite
9817,22,22
timeStep,numberOfRobotsOnBlackSite,numberOfRobotsOnWhiteSite
9818,22,22
timeStep,numberOfRobotsOnBlackSite,numberOfRobotsOnWhiteSite
9819,22,22
timeStep,numberOfRobotsOnBlackSite,numberOfRobotsOnWhiteSite
9820,22,22
timeStep,numberOfRobotsOnBlackSite,numberOfRobotsOnWhiteSite
9821,22,22
timeStep,numberOfRobotsOnBlackSite,numberOfRobotsOnWhiteSite
9822,22,22
timeStep,numberOfRobotsOnBlackSite,numberOfRobotsOnWhiteSite
9823,22,22
timeStep,numberOfRobotsOnBlackSite,numberOfRobotsOnWhiteSite
9824,22,22
timeStep,numberOfRobotsOnBlackSite,numberOfRobotsOnWhiteSite
9825,22,22
timeStep,numberOfRobotsOnBlackSite,numberOfRobotsOnWhiteSite
9826,22,22
timeStep,numberOfRobotsOnBlackSite,numberOfRobotsOnWhiteSite
9827,22,22
timeStep,numberOfRobotsOnBlackSite,numberOfRobotsOnWhiteSite
9828,22,22
timeStep,numberOfRobotsOnBlackSite,numberOfRobotsOnWhiteSite
9829,22,22
timeStep,numberOfRobotsOnBlackSite,numberOfRobotsOnWhiteSite
9830,22,22
timeStep,numberOfRobotsOnBlackSite,numberOfRobotsOnWhiteSite
9831,22,22
timeStep,numberOfRobotsOnBlackSite,numberOfRobotsOnWhiteSite
9832,22,22
timeStep,numberOfRobotsOnBlackSite,numberOfRobotsOnWhiteSite
9833,22,22
timeStep,numberOfRobotsOnBlackSite,numberOfRobotsOnWhiteSite
9834,22,22
timeStep,numberOfRobotsOnBlackSite,numberOfRobotsOnWhiteSite
9835,22,22
timeStep,numberOfRobotsOnBlackSite,numberOfRobotsOnWhiteSite
9836,22,22
timeStep,numberOfRobotsOnBlackSite,numberOfRobotsOnWhiteSite
9837,22,22
timeStep,numberOfRobotsOnBlackSite,numberOfRobotsOnWhiteSite
9838,22,22
timeStep,numberOfRobotsOnBlackSite,numberOfRobotsOnWhiteSite
9839,22,22
timeStep,numberOfRobotsOnBlackSite,numberOfRobotsOnWhiteSite
9840,22,22
timeStep,numberOfRobotsOnBlackSite,numberOfRobotsOnWhiteSite
9841,22,22
timeStep,numberOfRobotsOnBlackSite,numberOfRobotsOnWhiteSite
9842,22,22
timeStep,numberOfRobotsOnBlackSite,numberOfRobotsOnWhiteSite
9843,22,22
timeStep,numberOfRobotsOnBlackSite,numberOfRobotsOnWhiteSite
9844,22,22
timeStep,numberOfRobotsOnBlackSite,numberOfRobotsOnWhiteSite
9845,22,22
timeStep,numberOfRobotsOnBlackSite,numberOfRobotsOnWhiteSite
9846,22,22
timeStep,numberOfRobotsOnBlackSite,numberOfRobotsOnWhiteSite
9847,22,22
timeStep,numberOfRobotsOnBlackSite,numberOfRobotsOnWhiteSite
9848,22,22
timeStep,numberOfRobotsOnBlackSite,numberOfRobotsOnWhiteSite
9849,22,22
timeStep,numberOfRobotsOnBlackSite,numberOfRobotsOnWhiteSite
9850,22,22
timeStep,numberOfRobotsOnBlackSite,numberOfRobotsOnWhiteSite
9851,22,22
timeStep,numberOfRobotsOnBlackSite,numberOfRobotsOnWhiteSite
9852,22,22
timeStep,numberOfRobotsOnBlackSite,numberOfRobotsOnWhiteSite
9853,22,22
timeStep,numberOfRobotsOnBlackSite,numberOfRobotsOnWhiteSite
9854,22,22
timeStep,numberOfRobotsOnBlackSite,numberOfRobotsOnWhiteSite
9855,22,22
timeStep,numberOfRobotsOnBlackSite,numberOfRobotsOnWhiteSite
9856,22,22
timeStep,numberOfRobotsOnBlackSite,numberOfRobotsOnWhiteSite
9857,22,22
timeStep,numberOfRobotsOnBlackSite,numberOfRobotsOnWhiteSite
9858,22,22
timeStep,numberOfRobotsOnBlackSite,numberOfRobotsOnWhiteSite
9859,22,22
timeStep,numberOfRobotsOnBlackSite,numberOfRobotsOnWhiteSite
9860,22,22
timeStep,numberOfRobotsOnBlackSite,numberOfRobotsOnWhiteSite
9861,22,22
timeStep,numberOfRobotsOnBlackSite,numberOfRobotsOnWhiteSite
9862,22,22
timeStep,numberOfRobotsOnBlackSite,numberOfRobotsOnWhiteSite
9863,22,22
timeStep,numberOfRobotsOnBlackSite,numberOfRobotsOnWhiteSite
9864,22,22
timeStep,numberOfRobotsOnBlackSite,numberOfRobotsOnWhiteSite
9865,22,22
timeStep,numberOfRobotsOnBlackSite,numberOfRobotsOnWhiteSite
9866,22,22
timeStep,numberOfRobotsOnBlackSite,numberOfRobotsOnWhiteSite
9867,22,22
timeStep,numberOfRobotsOnBlackSite,numberOfRobotsOnWhiteSite
9868,22,22
timeStep,numberOfRobotsOnBlackSite,numberOfRobotsOnWhiteSite
9869,22,22
timeStep,numberOfRobotsOnBlackSite,numberOfRobotsOnWhiteSite
9870,22,22
timeStep,numberOfRobotsOnBlackSite,numberOfRobotsOnWhiteSite
9871,22,22
timeStep,numberOfRobotsOnBlackSite,numberOfRobotsOnWhiteSite
9872,22,22
timeStep,numberOfRobotsOnBlackSite,numberOfRobotsOnWhiteSite
9873,22,22
timeStep,numberOfRobotsOnBlackSite,numberOfRobotsOnWhiteSite
9874,22,22
timeStep,numberOfRobotsOnBlackSite,numberOfRobotsOnWhiteSite
9875,22,22
timeStep,numberOfRobotsOnBlackSite,numberOfRobotsOnWhiteSite
9876,22,22
timeStep,numberOfRobotsOnBlackSite,numberOfRobotsOnWhiteSite
9877,22,22
timeStep,numberOfRobotsOnBlackSite,numberOfRobotsOnWhiteSite
9878,22,22
timeStep,numberOfRobotsOnBlackSite,numberOfRobotsOnWhiteSite
9879,22,22
timeStep,numberOfRobotsOnBlackSite,numberOfRobotsOnWhiteSite
9880,22,22
timeStep,numberOfRobotsOnBlackSite,numberOfRobotsOnWhiteSite
9881,22,22
timeStep,numberOfRobotsOnBlackSite,numberOfRobotsOnWhiteSite
9882,22,22
timeStep,numberOfRobotsOnBlackSite,numberOfRobotsOnWhiteSite
9883,22,22
timeStep,numberOfRobotsOnBlackSite,numberOfRobotsOnWhiteSite
9884,22,22
timeStep,numberOfRobotsOnBlackSite,numberOfRobotsOnWhiteSite
9885,22,22
timeStep,numberOfRobotsOnBlackSite,numberOfRobotsOnWhiteSite
9886,22,22
timeStep,numberOfRobotsOnBlackSite,numberOfRobotsOnWhiteSite
9887,22,22
timeStep,numberOfRobotsOnBlackSite,numberOfRobotsOnWhiteSite
9888,22,22
timeStep,numberOfRobotsOnBlackSite,numberOfRobotsOnWhiteSite
9889,22,22
timeStep,numberOfRobotsOnBlackSite,numberOfRobotsOnWhiteSite
9890,22,22
timeStep,numberOfRobotsOnBlackSite,numberOfRobotsOnWhiteSite
9891,22,22
timeStep,numberOfRobotsOnBlackSite,numberOfRobotsOnWhiteSite
9892,22,22
timeStep,numberOfRobotsOnBlackSite,numberOfRobotsOnWhiteSite
9893,22,22
timeStep,numberOfRobotsOnBlackSite,numberOfRobotsOnWhiteSite
9894,22,22
timeStep,numberOfRobotsOnBlackSite,numberOfRobotsOnWhiteSite
9895,22,22
timeStep,numberOfRobotsOnBlackSite,numberOfRobotsOnWhiteSite
9896,22,22
timeStep,numberOfRobotsOnBlackSite,numberOfRobotsOnWhiteSite
9897,22,22
timeStep,numberOfRobotsOnBlackSite,numberOfRobotsOnWhiteSite
9898,22,22
timeStep,numberOfRobotsOnBlackSite,numberOfRobotsOnWhiteSite
9899,22,22
timeStep,numberOfRobotsOnBlackSite,numberOfRobotsOnWhiteSite
9900,22,22
timeStep,numberOfRobotsOnBlackSite,numberOfRobotsOnWhiteSite
9901,22,22
timeStep,numberOfRobotsOnBlackSite,numberOfRobotsOnWhiteSite
9902,22,22
timeStep,numberOfRobotsOnBlackSite,numberOfRobotsOnWhiteSite
9903,22,22
timeStep,numberOfRobotsOnBlackSite,numberOfRobotsOnWhiteSite
9904,22,22
timeStep,numberOfRobotsOnBlackSite,numberOfRobotsOnWhiteSite
9905,22,22
timeStep,numberOfRobotsOnBlackSite,numberOfRobotsOnWhiteSite
9906,22,22
timeStep,numberOfRobotsOnBlackSite,numberOfRobotsOnWhiteSite
9907,22,22
timeStep,numberOfRobotsOnBlackSite,numberOfRobotsOnWhiteSite
9908,22,22
timeStep,numberOfRobotsOnBlackSite,numberOfRobotsOnWhiteSite
9909,22,22
timeStep,numberOfRobotsOnBlackSite,numberOfRobotsOnWhiteSite
9910,22,22
timeStep,numberOfRobotsOnBlackSite,numberOfRobotsOnWhiteSite
9911,22,22
timeStep,numberOfRobotsOnBlackSite,numberOfRobotsOnWhiteSite
9912,22,22
timeStep,numberOfRobotsOnBlackSite,numberOfRobotsOnWhiteSite
9913,22,22
timeStep,numberOfRobotsOnBlackSite,numberOfRobotsOnWhiteSite
9914,22,22
timeStep,numberOfRobotsOnBlackSite,numberOfRobotsOnWhiteSite
9915,22,22
timeStep,numberOfRobotsOnBlackSite,numberOfRobotsOnWhiteSite
9916,22,22
timeStep,numberOfRobotsOnBlackSite,numberOfRobotsOnWhiteSite
9917,22,22
timeStep,numberOfRobotsOnBlackSite,numberOfRobotsOnWhiteSite
9918,22,22
timeStep,numberOfRobotsOnBlackSite,numberOfRobotsOnWhiteSite
9919,22,22
timeStep,numberOfRobotsOnBlackSite,numberOfRobotsOnWhiteSite
9920,22,22
timeStep,numberOfRobotsOnBlackSite,numberOfRobotsOnWhiteSite
9921,22,22
timeStep,numberOfRobotsOnBlackSite,numberOfRobotsOnWhiteSite
9922,22,22
timeStep,numberOfRobotsOnBlackSite,numberOfRobotsOnWhiteSite
9923,22,22
timeStep,numberOfRobotsOnBlackSite,numberOfRobotsOnWhiteSite
9924,22,22
timeStep,numberOfRobotsOnBlackSite,numberOfRobotsOnWhiteSite
9925,22,22
timeStep,numberOfRobotsOnBlackSite,numberOfRobotsOnWhiteSite
9926,22,22
timeStep,numberOfRobotsOnBlackSite,numberOfRobotsOnWhiteSite
9927,22,22
timeStep,numberOfRobotsOnBlackSite,numberOfRobotsOnWhiteSite
9928,22,22
timeStep,numberOfRobotsOnBlackSite,numberOfRobotsOnWhiteSite
9929,22,22
timeStep,numberOfRobotsOnBlackSite,numberOfRobotsOnWhiteSite
9930,22,22
timeStep,numberOfRobotsOnBlackSite,numberOfRobotsOnWhiteSite
9931,22,22
timeStep,numberOfRobotsOnBlackSite,numberOfRobotsOnWhiteSite
9932,22,22
timeStep,numberOfRobotsOnBlackSite,numberOfRobotsOnWhiteSite
9933,22,22
timeStep,numberOfRobotsOnBlackSite,numberOfRobotsOnWhiteSite
9934,22,22
timeStep,numberOfRobotsOnBlackSite,numberOfRobotsOnWhiteSite
9935,22,22
timeStep,numberOfRobotsOnBlackSite,numberOfRobotsOnWhiteSite
9936,22,22
timeStep,numberOfRobotsOnBlackSite,numberOfRobotsOnWhiteSite
9937,22,22
timeStep,numberOfRobotsOnBlackSite,numberOfRobotsOnWhiteSite
9938,22,22
timeStep,numberOfRobotsOnBlackSite,numberOfRobotsOnWhiteSite
9939,22,22
timeStep,numberOfRobotsOnBlackSite,numberOfRobotsOnWhiteSite
9940,22,22
timeStep,numberOfRobotsOnBlackSite,numberOfRobotsOnWhiteSite
9941,22,22
timeStep,numberOfRobotsOnBlackSite,numberOfRobotsOnWhiteSite
9942,22,22
timeStep,numberOfRobotsOnBlackSite,numberOfRobotsOnWhiteSite
9943,22,22
timeStep,numberOfRobotsOnBlackSite,numberOfRobotsOnWhiteSite
9944,22,22
timeStep,numberOfRobotsOnBlackSite,numberOfRobotsOnWhiteSite
9945,22,22
timeStep,numberOfRobotsOnBlackSite,numberOfRobotsOnWhiteSite
9946,22,22
timeStep,numberOfRobotsOnBlackSite,numberOfRobotsOnWhiteSite
9947,22,22
timeStep,numberOfRobotsOnBlackSite,numberOfRobotsOnWhiteSite
9948,22,22
timeStep,numberOfRobotsOnBlackSite,numberOfRobotsOnWhiteSite
9949,22,22
timeStep,numberOfRobotsOnBlackSite,numberOfRobotsOnWhiteSite
9950,22,22
timeStep,numberOfRobotsOnBlackSite,numberOfRobotsOnWhiteSite
9951,22,22
timeStep,numberOfRobotsOnBlackSite,numberOfRobotsOnWhiteSite
9952,22,22
timeStep,numberOfRobotsOnBlackSite,numberOfRobotsOnWhiteSite
9953,22,22
timeStep,numberOfRobotsOnBlackSite,numberOfRobotsOnWhiteSite
9954,22,22
timeStep,numberOfRobotsOnBlackSite,numberOfRobotsOnWhiteSite
9955,22,22
timeStep,numberOfRobotsOnBlackSite,numberOfRobotsOnWhiteSite
9956,22,22
timeStep,numberOfRobotsOnBlackSite,numberOfRobotsOnWhiteSite
9957,22,22
timeStep,numberOfRobotsOnBlackSite,numberOfRobotsOnWhiteSite
9958,22,22
timeStep,numberOfRobotsOnBlackSite,numberOfRobotsOnWhiteSite
9959,22,22
timeStep,numberOfRobotsOnBlackSite,numberOfRobotsOnWhiteSite
9960,22,22
timeStep,numberOfRobotsOnBlackSite,numberOfRobotsOnWhiteSite
9961,22,22
timeStep,numberOfRobotsOnBlackSite,numberOfRobotsOnWhiteSite
9962,22,22
timeStep,numberOfRobotsOnBlackSite,numberOfRobotsOnWhiteSite
9963,22,22
timeStep,numberOfRobotsOnBlackSite,numberOfRobotsOnWhiteSite
9964,22,22
timeStep,numberOfRobotsOnBlackSite,numberOfRobotsOnWhiteSite
9965,22,22
timeStep,numberOfRobotsOnBlackSite,numberOfRobotsOnWhiteSite
9966,22,22
timeStep,numberOfRobotsOnBlackSite,numberOfRobotsOnWhiteSite
9967,22,22
timeStep,numberOfRobotsOnBlackSite,numberOfRobotsOnWhiteSite
9968,22,22
timeStep,numberOfRobotsOnBlackSite,numberOfRobotsOnWhiteSite
9969,22,22
timeStep,numberOfRobotsOnBlackSite,numberOfRobotsOnWhiteSite
9970,22,22
timeStep,numberOfRobotsOnBlackSite,numberOfRobotsOnWhiteSite
9971,22,22
timeStep,numberOfRobotsOnBlackSite,numberOfRobotsOnWhiteSite
9972,22,22
timeStep,numberOfRobotsOnBlackSite,numberOfRobotsOnWhiteSite
9973,22,22
timeStep,numberOfRobotsOnBlackSite,numberOfRobotsOnWhiteSite
9974,22,22
timeStep,numberOfRobotsOnBlackSite,numberOfRobotsOnWhiteSite
9975,22,22
timeStep,numberOfRobotsOnBlackSite,numberOfRobotsOnWhiteSite
9976,22,22
timeStep,numberOfRobotsOnBlackSite,numberOfRobotsOnWhiteSite
9977,22,22
timeStep,numberOfRobotsOnBlackSite,numberOfRobotsOnWhiteSite
9978,22,22
timeStep,numberOfRobotsOnBlackSite,numberOfRobotsOnWhiteSite
9979,22,22
timeStep,numberOfRobotsOnBlackSite,numberOfRobotsOnWhiteSite
9980,22,22
timeStep,numberOfRobotsOnBlackSite,numberOfRobotsOnWhiteSite
9981,22,22
timeStep,numberOfRobotsOnBlackSite,numberOfRobotsOnWhiteSite
9982,22,22
timeStep,numberOfRobotsOnBlackSite,numberOfRobotsOnWhiteSite
9983,22,22
timeStep,numberOfRobotsOnBlackSite,numberOfRobotsOnWhiteSite
9984,22,22
timeStep,numberOfRobotsOnBlackSite,numberOfRobotsOnWhiteSite
9985,22,22
timeStep,numberOfRobotsOnBlackSite,numberOfRobotsOnWhiteSite
9986,22,22
timeStep,numberOfRobotsOnBlackSite,numberOfRobotsOnWhiteSite
9987,22,22
timeStep,numberOfRobotsOnBlackSite,numberOfRobotsOnWhiteSite
9988,22,22
timeStep,numberOfRobotsOnBlackSite,numberOfRobotsOnWhiteSite
9989,22,22
timeStep,numberOfRobotsOnBlackSite,numberOfRobotsOnWhiteSite
9990,22,22
timeStep,numberOfRobotsOnBlackSite,numberOfRobotsOnWhiteSite
9991,22,22
timeStep,numberOfRobotsOnBlackSite,numberOfRobotsOnWhiteSite
9992,22,22
timeStep,numberOfRobotsOnBlackSite,numberOfRobotsOnWhiteSite
9993,22,22
timeStep,numberOfRobotsOnBlackSite,numberOfRobotsOnWhiteSite
9994,22,22
timeStep,numberOfRobotsOnBlackSite,numberOfRobotsOnWhiteSite
9995,22,22
timeStep,numberOfRobotsOnBlackSite,numberOfRobotsOnWhiteSite
9996,22,22
timeStep,numberOfRobotsOnBlackSite,numberOfRobotsOnWhiteSite
9997,22,22
timeStep,numberOfRobotsOnBlackSite,numberOfRobotsOnWhiteSite
9998,22,22
timeStep,numberOfRobotsOnBlackSite,numberOfRobotsOnWhiteSite
9999,22,22
timeStep,numberOfRobotsOnBlackSite,numberOfRobotsOnWhiteSite
10000,22,22
timeStep,numberOfRobotsOnBlackSite,numberOfRobotsOnWhiteSite
10001,22,22
timeStep,numberOfRobotsOnBlackSite,numberOfRobotsOnWhiteSite
10002,22,22
timeStep,numberOfRobotsOnBlackSite,numberOfRobotsOnWhiteSite
10003,22,22
timeStep,numberOfRobotsOnBlackSite,numberOfRobotsOnWhiteSite
10004,22,22
timeStep,numberOfRobotsOnBlackSite,numberOfRobotsOnWhiteSite
10005,22,22
timeStep,numberOfRobotsOnBlackSite,numberOfRobotsOnWhiteSite
10006,22,22
timeStep,numberOfRobotsOnBlackSite,numberOfRobotsOnWhiteSite
10007,22,22
timeStep,numberOfRobotsOnBlackSite,numberOfRobotsOnWhiteSite
10008,22,22
timeStep,numberOfRobotsOnBlackSite,numberOfRobotsOnWhiteSite
10009,22,22
timeStep,numberOfRobotsOnBlackSite,numberOfRobotsOnWhiteSite
10010,22,22
timeStep,numberOfRobotsOnBlackSite,numberOfRobotsOnWhiteSite
10011,22,22
timeStep,numberOfRobotsOnBlackSite,numberOfRobotsOnWhiteSite
10012,22,22
timeStep,numberOfRobotsOnBlackSite,numberOfRobotsOnWhiteSite
10013,22,22
timeStep,numberOfRobotsOnBlackSite,numberOfRobotsOnWhiteSite
10014,22,22
timeStep,numberOfRobotsOnBlackSite,numberOfRobotsOnWhiteSite
10015,22,22
timeStep,numberOfRobotsOnBlackSite,numberOfRobotsOnWhiteSite
10016,22,22
timeStep,numberOfRobotsOnBlackSite,numberOfRobotsOnWhiteSite
10017,22,22
timeStep,numberOfRobotsOnBlackSite,numberOfRobotsOnWhiteSite
10018,22,22
timeStep,numberOfRobotsOnBlackSite,numberOfRobotsOnWhiteSite
10019,22,22
timeStep,numberOfRobotsOnBlackSite,numberOfRobotsOnWhiteSite
10020,22,22
timeStep,numberOfRobotsOnBlackSite,numberOfRobotsOnWhiteSite
10021,22,22
timeStep,numberOfRobotsOnBlackSite,numberOfRobotsOnWhiteSite
10022,22,22
timeStep,numberOfRobotsOnBlackSite,numberOfRobotsOnWhiteSite
10023,22,22
timeStep,numberOfRobotsOnBlackSite,numberOfRobotsOnWhiteSite
10024,22,22
timeStep,numberOfRobotsOnBlackSite,numberOfRobotsOnWhiteSite
10025,22,22
timeStep,numberOfRobotsOnBlackSite,numberOfRobotsOnWhiteSite
10026,22,22
timeStep,numberOfRobotsOnBlackSite,numberOfRobotsOnWhiteSite
10027,22,22
timeStep,numberOfRobotsOnBlackSite,numberOfRobotsOnWhiteSite
10028,22,22
timeStep,numberOfRobotsOnBlackSite,numberOfRobotsOnWhiteSite
10029,22,22
timeStep,numberOfRobotsOnBlackSite,numberOfRobotsOnWhiteSite
10030,22,22
timeStep,numberOfRobotsOnBlackSite,numberOfRobotsOnWhiteSite
10031,22,22
timeStep,numberOfRobotsOnBlackSite,numberOfRobotsOnWhiteSite
10032,22,22
timeStep,numberOfRobotsOnBlackSite,numberOfRobotsOnWhiteSite
10033,22,22
timeStep,numberOfRobotsOnBlackSite,numberOfRobotsOnWhiteSite
10034,22,22
timeStep,numberOfRobotsOnBlackSite,numberOfRobotsOnWhiteSite
10035,22,22
timeStep,numberOfRobotsOnBlackSite,numberOfRobotsOnWhiteSite
10036,22,22
timeStep,numberOfRobotsOnBlackSite,numberOfRobotsOnWhiteSite
10037,22,22
timeStep,numberOfRobotsOnBlackSite,numberOfRobotsOnWhiteSite
10038,22,22
timeStep,numberOfRobotsOnBlackSite,numberOfRobotsOnWhiteSite
10039,22,22
timeStep,numberOfRobotsOnBlackSite,numberOfRobotsOnWhiteSite
10040,22,22
timeStep,numberOfRobotsOnBlackSite,numberOfRobotsOnWhiteSite
10041,22,22
timeStep,numberOfRobotsOnBlackSite,numberOfRobotsOnWhiteSite
10042,22,22
timeStep,numberOfRobotsOnBlackSite,numberOfRobotsOnWhiteSite
10043,22,22
timeStep,numberOfRobotsOnBlackSite,numberOfRobotsOnWhiteSite
10044,22,22
timeStep,numberOfRobotsOnBlackSite,numberOfRobotsOnWhiteSite
10045,22,22
timeStep,numberOfRobotsOnBlackSite,numberOfRobotsOnWhiteSite
10046,22,22
timeStep,numberOfRobotsOnBlackSite,numberOfRobotsOnWhiteSite
10047,22,22
timeStep,numberOfRobotsOnBlackSite,numberOfRobotsOnWhiteSite
10048,22,22
timeStep,numberOfRobotsOnBlackSite,numberOfRobotsOnWhiteSite
10049,22,22
timeStep,numberOfRobotsOnBlackSite,numberOfRobotsOnWhiteSite
10050,22,22
timeStep,numberOfRobotsOnBlackSite,numberOfRobotsOnWhiteSite
10051,22,22
timeStep,numberOfRobotsOnBlackSite,numberOfRobotsOnWhiteSite
10052,22,22
timeStep,numberOfRobotsOnBlackSite,numberOfRobotsOnWhiteSite
10053,22,22
timeStep,numberOfRobotsOnBlackSite,numberOfRobotsOnWhiteSite
10054,22,22
timeStep,numberOfRobotsOnBlackSite,numberOfRobotsOnWhiteSite
10055,22,22
timeStep,numberOfRobotsOnBlackSite,numberOfRobotsOnWhiteSite
10056,22,22
timeStep,numberOfRobotsOnBlackSite,numberOfRobotsOnWhiteSite
10057,22,22
timeStep,numberOfRobotsOnBlackSite,numberOfRobotsOnWhiteSite
10058,22,22
timeStep,numberOfRobotsOnBlackSite,numberOfRobotsOnWhiteSite
10059,22,22
timeStep,numberOfRobotsOnBlackSite,numberOfRobotsOnWhiteSite
10060,22,22
timeStep,numberOfRobotsOnBlackSite,numberOfRobotsOnWhiteSite
10061,22,22
timeStep,numberOfRobotsOnBlackSite,numberOfRobotsOnWhiteSite
10062,22,22
timeStep,numberOfRobotsOnBlackSite,numberOfRobotsOnWhiteSite
10063,22,22
timeStep,numberOfRobotsOnBlackSite,numberOfRobotsOnWhiteSite
10064,22,22
timeStep,numberOfRobotsOnBlackSite,numberOfRobotsOnWhiteSite
10065,22,22
timeStep,numberOfRobotsOnBlackSite,numberOfRobotsOnWhiteSite
10066,22,22
timeStep,numberOfRobotsOnBlackSite,numberOfRobotsOnWhiteSite
10067,22,22
timeStep,numberOfRobotsOnBlackSite,numberOfRobotsOnWhiteSite
10068,22,22
timeStep,numberOfRobotsOnBlackSite,numberOfRobotsOnWhiteSite
10069,22,22
timeStep,numberOfRobotsOnBlackSite,numberOfRobotsOnWhiteSite
10070,22,22
timeStep,numberOfRobotsOnBlackSite,numberOfRobotsOnWhiteSite
10071,22,22
timeStep,numberOfRobotsOnBlackSite,numberOfRobotsOnWhiteSite
10072,22,22
timeStep,numberOfRobotsOnBlackSite,numberOfRobotsOnWhiteSite
10073,22,22
timeStep,numberOfRobotsOnBlackSite,numberOfRobotsOnWhiteSite
10074,22,22
timeStep,numberOfRobotsOnBlackSite,numberOfRobotsOnWhiteSite
10075,22,22
timeStep,numberOfRobotsOnBlackSite,numberOfRobotsOnWhiteSite
10076,22,22
timeStep,numberOfRobotsOnBlackSite,numberOfRobotsOnWhiteSite
10077,22,22
timeStep,numberOfRobotsOnBlackSite,numberOfRobotsOnWhiteSite
10078,22,22
timeStep,numberOfRobotsOnBlackSite,numberOfRobotsOnWhiteSite
10079,22,22
timeStep,numberOfRobotsOnBlackSite,numberOfRobotsOnWhiteSite
10080,22,22
timeStep,numberOfRobotsOnBlackSite,numberOfRobotsOnWhiteSite
10081,22,22
timeStep,numberOfRobotsOnBlackSite,numberOfRobotsOnWhiteSite
10082,22,22
timeStep,numberOfRobotsOnBlackSite,numberOfRobotsOnWhiteSite
10083,22,22
timeStep,numberOfRobotsOnBlackSite,numberOfRobotsOnWhiteSite
10084,22,22
timeStep,numberOfRobotsOnBlackSite,numberOfRobotsOnWhiteSite
10085,22,22
timeStep,numberOfRobotsOnBlackSite,numberOfRobotsOnWhiteSite
10086,22,22
timeStep,numberOfRobotsOnBlackSite,numberOfRobotsOnWhiteSite
10087,22,22
timeStep,numberOfRobotsOnBlackSite,numberOfRobotsOnWhiteSite
10088,22,22
timeStep,numberOfRobotsOnBlackSite,numberOfRobotsOnWhiteSite
10089,22,22
timeStep,numberOfRobotsOnBlackSite,numberOfRobotsOnWhiteSite
10090,22,22
timeStep,numberOfRobotsOnBlackSite,numberOfRobotsOnWhiteSite
10091,22,22
timeStep,numberOfRobotsOnBlackSite,numberOfRobotsOnWhiteSite
10092,22,22
timeStep,numberOfRobotsOnBlackSite,numberOfRobotsOnWhiteSite
10093,22,22
timeStep,numberOfRobotsOnBlackSite,numberOfRobotsOnWhiteSite
10094,22,22
timeStep,numberOfRobotsOnBlackSite,numberOfRobotsOnWhiteSite
10095,22,22
timeStep,numberOfRobotsOnBlackSite,numberOfRobotsOnWhiteSite
10096,22,22
timeStep,numberOfRobotsOnBlackSite,numberOfRobotsOnWhiteSite
10097,22,22
timeStep,numberOfRobotsOnBlackSite,numberOfRobotsOnWhiteSite
10098,22,22
timeStep,numberOfRobotsOnBlackSite,numberOfRobotsOnWhiteSite
10099,22,22
timeStep,numberOfRobotsOnBlackSite,numberOfRobotsOnWhiteSite
10100,22,22
timeStep,numberOfRobotsOnBlackSite,numberOfRobotsOnWhiteSite
10101,22,22
timeStep,numberOfRobotsOnBlackSite,numberOfRobotsOnWhiteSite
10102,22,22
timeStep,numberOfRobotsOnBlackSite,numberOfRobotsOnWhiteSite
10103,22,22
timeStep,numberOfRobotsOnBlackSite,numberOfRobotsOnWhiteSite
10104,22,22
timeStep,numberOfRobotsOnBlackSite,numberOfRobotsOnWhiteSite
10105,22,22
timeStep,numberOfRobotsOnBlackSite,numberOfRobotsOnWhiteSite
10106,22,22
timeStep,numberOfRobotsOnBlackSite,numberOfRobotsOnWhiteSite
10107,22,22
timeStep,numberOfRobotsOnBlackSite,numberOfRobotsOnWhiteSite
10108,22,22
timeStep,numberOfRobotsOnBlackSite,numberOfRobotsOnWhiteSite
10109,22,22
timeStep,numberOfRobotsOnBlackSite,numberOfRobotsOnWhiteSite
10110,22,22
timeStep,numberOfRobotsOnBlackSite,numberOfRobotsOnWhiteSite
10111,22,22
timeStep,numberOfRobotsOnBlackSite,numberOfRobotsOnWhiteSite
10112,22,22
timeStep,numberOfRobotsOnBlackSite,numberOfRobotsOnWhiteSite
10113,22,22
timeStep,numberOfRobotsOnBlackSite,numberOfRobotsOnWhiteSite
10114,22,22
timeStep,numberOfRobotsOnBlackSite,numberOfRobotsOnWhiteSite
10115,22,22
timeStep,numberOfRobotsOnBlackSite,numberOfRobotsOnWhiteSite
10116,22,22
timeStep,numberOfRobotsOnBlackSite,numberOfRobotsOnWhiteSite
10117,22,22
timeStep,numberOfRobotsOnBlackSite,numberOfRobotsOnWhiteSite
10118,22,22
timeStep,numberOfRobotsOnBlackSite,numberOfRobotsOnWhiteSite
10119,22,22
timeStep,numberOfRobotsOnBlackSite,numberOfRobotsOnWhiteSite
10120,22,22
timeStep,numberOfRobotsOnBlackSite,numberOfRobotsOnWhiteSite
10121,22,22
timeStep,numberOfRobotsOnBlackSite,numberOfRobotsOnWhiteSite
10122,22,22
timeStep,numberOfRobotsOnBlackSite,numberOfRobotsOnWhiteSite
10123,22,22
timeStep,numberOfRobotsOnBlackSite,numberOfRobotsOnWhiteSite
10124,22,22
timeStep,numberOfRobotsOnBlackSite,numberOfRobotsOnWhiteSite
10125,22,22
timeStep,numberOfRobotsOnBlackSite,numberOfRobotsOnWhiteSite
10126,22,22
timeStep,numberOfRobotsOnBlackSite,numberOfRobotsOnWhiteSite
10127,22,22
timeStep,numberOfRobotsOnBlackSite,numberOfRobotsOnWhiteSite
10128,22,22
timeStep,numberOfRobotsOnBlackSite,numberOfRobotsOnWhiteSite
10129,22,22
timeStep,numberOfRobotsOnBlackSite,numberOfRobotsOnWhiteSite
10130,22,22
timeStep,numberOfRobotsOnBlackSite,numberOfRobotsOnWhiteSite
10131,22,22
timeStep,numberOfRobotsOnBlackSite,numberOfRobotsOnWhiteSite
10132,22,22
timeStep,numberOfRobotsOnBlackSite,numberOfRobotsOnWhiteSite
10133,22,22
timeStep,numberOfRobotsOnBlackSite,numberOfRobotsOnWhiteSite
10134,22,22
timeStep,numberOfRobotsOnBlackSite,numberOfRobotsOnWhiteSite
10135,22,22
timeStep,numberOfRobotsOnBlackSite,numberOfRobotsOnWhiteSite
10136,22,22
timeStep,numberOfRobotsOnBlackSite,numberOfRobotsOnWhiteSite
10137,22,22
timeStep,numberOfRobotsOnBlackSite,numberOfRobotsOnWhiteSite
10138,22,22
timeStep,numberOfRobotsOnBlackSite,numberOfRobotsOnWhiteSite
10139,22,22
timeStep,numberOfRobotsOnBlackSite,numberOfRobotsOnWhiteSite
10140,22,22
timeStep,numberOfRobotsOnBlackSite,numberOfRobotsOnWhiteSite
10141,22,22
timeStep,numberOfRobotsOnBlackSite,numberOfRobotsOnWhiteSite
10142,22,22
timeStep,numberOfRobotsOnBlackSite,numberOfRobotsOnWhiteSite
10143,22,22
timeStep,numberOfRobotsOnBlackSite,numberOfRobotsOnWhiteSite
10144,22,22
timeStep,numberOfRobotsOnBlackSite,numberOfRobotsOnWhiteSite
10145,22,23
timeStep,numberOfRobotsOnBlackSite,numberOfRobotsOnWhiteSite
10146,22,23
timeStep,numberOfRobotsOnBlackSite,numberOfRobotsOnWhiteSite
10147,22,23
timeStep,numberOfRobotsOnBlackSite,numberOfRobotsOnWhiteSite
10148,22,23
timeStep,numberOfRobotsOnBlackSite,numberOfRobotsOnWhiteSite
10149,22,23
timeStep,numberOfRobotsOnBlackSite,numberOfRobotsOnWhiteSite
10150,22,23
timeStep,numberOfRobotsOnBlackSite,numberOfRobotsOnWhiteSite
10151,22,23
timeStep,numberOfRobotsOnBlackSite,numberOfRobotsOnWhiteSite
10152,22,23
timeStep,numberOfRobotsOnBlackSite,numberOfRobotsOnWhiteSite
10153,22,23
timeStep,numberOfRobotsOnBlackSite,numberOfRobotsOnWhiteSite
10154,22,23
timeStep,numberOfRobotsOnBlackSite,numberOfRobotsOnWhiteSite
10155,22,23
timeStep,numberOfRobotsOnBlackSite,numberOfRobotsOnWhiteSite
10156,22,23
timeStep,numberOfRobotsOnBlackSite,numberOfRobotsOnWhiteSite
10157,22,23
timeStep,numberOfRobotsOnBlackSite,numberOfRobotsOnWhiteSite
10158,22,23
timeStep,numberOfRobotsOnBlackSite,numberOfRobotsOnWhiteSite
10159,22,23
timeStep,numberOfRobotsOnBlackSite,numberOfRobotsOnWhiteSite
10160,22,22
timeStep,numberOfRobotsOnBlackSite,numberOfRobotsOnWhiteSite
10161,22,22
timeStep,numberOfRobotsOnBlackSite,numberOfRobotsOnWhiteSite
10162,22,22
timeStep,numberOfRobotsOnBlackSite,numberOfRobotsOnWhiteSite
10163,22,22
timeStep,numberOfRobotsOnBlackSite,numberOfRobotsOnWhiteSite
10164,22,22
timeStep,numberOfRobotsOnBlackSite,numberOfRobotsOnWhiteSite
10165,22,22
timeStep,numberOfRobotsOnBlackSite,numberOfRobotsOnWhiteSite
10166,22,22
timeStep,numberOfRobotsOnBlackSite,numberOfRobotsOnWhiteSite
10167,22,22
timeStep,numberOfRobotsOnBlackSite,numberOfRobotsOnWhiteSite
10168,22,22
timeStep,numberOfRobotsOnBlackSite,numberOfRobotsOnWhiteSite
10169,22,22
timeStep,numberOfRobotsOnBlackSite,numberOfRobotsOnWhiteSite
10170,22,23
timeStep,numberOfRobotsOnBlackSite,numberOfRobotsOnWhiteSite
10171,22,23
timeStep,numberOfRobotsOnBlackSite,numberOfRobotsOnWhiteSite
10172,22,23
timeStep,numberOfRobotsOnBlackSite,numberOfRobotsOnWhiteSite
10173,22,23
timeStep,numberOfRobotsOnBlackSite,numberOfRobotsOnWhiteSite
10174,22,23
timeStep,numberOfRobotsOnBlackSite,numberOfRobotsOnWhiteSite
10175,22,23
timeStep,numberOfRobotsOnBlackSite,numberOfRobotsOnWhiteSite
10176,22,23
timeStep,numberOfRobotsOnBlackSite,numberOfRobotsOnWhiteSite
10177,22,23
timeStep,numberOfRobotsOnBlackSite,numberOfRobotsOnWhiteSite
10178,22,23
timeStep,numberOfRobotsOnBlackSite,numberOfRobotsOnWhiteSite
10179,22,23
timeStep,numberOfRobotsOnBlackSite,numberOfRobotsOnWhiteSite
10180,22,23
timeStep,numberOfRobotsOnBlackSite,numberOfRobotsOnWhiteSite
10181,22,23
timeStep,numberOfRobotsOnBlackSite,numberOfRobotsOnWhiteSite
10182,22,23
timeStep,numberOfRobotsOnBlackSite,numberOfRobotsOnWhiteSite
10183,22,23
timeStep,numberOfRobotsOnBlackSite,numberOfRobotsOnWhiteSite
10184,22,23
timeStep,numberOfRobotsOnBlackSite,numberOfRobotsOnWhiteSite
10185,22,23
timeStep,numberOfRobotsOnBlackSite,numberOfRobotsOnWhiteSite
10186,22,23
timeStep,numberOfRobotsOnBlackSite,numberOfRobotsOnWhiteSite
10187,22,23
timeStep,numberOfRobotsOnBlackSite,numberOfRobotsOnWhiteSite
10188,22,23
timeStep,numberOfRobotsOnBlackSite,numberOfRobotsOnWhiteSite
10189,22,23
timeStep,numberOfRobotsOnBlackSite,numberOfRobotsOnWhiteSite
10190,22,23
timeStep,numberOfRobotsOnBlackSite,numberOfRobotsOnWhiteSite
10191,22,23
timeStep,numberOfRobotsOnBlackSite,numberOfRobotsOnWhiteSite
10192,22,23
timeStep,numberOfRobotsOnBlackSite,numberOfRobotsOnWhiteSite
10193,22,23
timeStep,numberOfRobotsOnBlackSite,numberOfRobotsOnWhiteSite
10194,22,23
timeStep,numberOfRobotsOnBlackSite,numberOfRobotsOnWhiteSite
10195,22,23
timeStep,numberOfRobotsOnBlackSite,numberOfRobotsOnWhiteSite
10196,22,23
timeStep,numberOfRobotsOnBlackSite,numberOfRobotsOnWhiteSite
10197,22,23
timeStep,numberOfRobotsOnBlackSite,numberOfRobotsOnWhiteSite
10198,22,23
timeStep,numberOfRobotsOnBlackSite,numberOfRobotsOnWhiteSite
10199,22,23
timeStep,numberOfRobotsOnBlackSite,numberOfRobotsOnWhiteSite
10200,22,23
timeStep,numberOfRobotsOnBlackSite,numberOfRobotsOnWhiteSite
10201,22,23
timeStep,numberOfRobotsOnBlackSite,numberOfRobotsOnWhiteSite
10202,22,23
timeStep,numberOfRobotsOnBlackSite,numberOfRobotsOnWhiteSite
10203,22,23
timeStep,numberOfRobotsOnBlackSite,numberOfRobotsOnWhiteSite
10204,22,23
timeStep,numberOfRobotsOnBlackSite,numberOfRobotsOnWhiteSite
10205,22,23
timeStep,numberOfRobotsOnBlackSite,numberOfRobotsOnWhiteSite
10206,22,23
timeStep,numberOfRobotsOnBlackSite,numberOfRobotsOnWhiteSite
10207,22,23
timeStep,numberOfRobotsOnBlackSite,numberOfRobotsOnWhiteSite
10208,22,23
timeStep,numberOfRobotsOnBlackSite,numberOfRobotsOnWhiteSite
10209,22,23
timeStep,numberOfRobotsOnBlackSite,numberOfRobotsOnWhiteSite
10210,22,23
timeStep,numberOfRobotsOnBlackSite,numberOfRobotsOnWhiteSite
10211,22,23
timeStep,numberOfRobotsOnBlackSite,numberOfRobotsOnWhiteSite
10212,22,23
timeStep,numberOfRobotsOnBlackSite,numberOfRobotsOnWhiteSite
10213,22,23
timeStep,numberOfRobotsOnBlackSite,numberOfRobotsOnWhiteSite
10214,22,23
timeStep,numberOfRobotsOnBlackSite,numberOfRobotsOnWhiteSite
10215,22,23
timeStep,numberOfRobotsOnBlackSite,numberOfRobotsOnWhiteSite
10216,22,23
timeStep,numberOfRobotsOnBlackSite,numberOfRobotsOnWhiteSite
10217,22,23
timeStep,numberOfRobotsOnBlackSite,numberOfRobotsOnWhiteSite
10218,22,23
timeStep,numberOfRobotsOnBlackSite,numberOfRobotsOnWhiteSite
10219,22,23
timeStep,numberOfRobotsOnBlackSite,numberOfRobotsOnWhiteSite
10220,22,23
timeStep,numberOfRobotsOnBlackSite,numberOfRobotsOnWhiteSite
10221,22,23
timeStep,numberOfRobotsOnBlackSite,numberOfRobotsOnWhiteSite
10222,22,23
timeStep,numberOfRobotsOnBlackSite,numberOfRobotsOnWhiteSite
10223,22,23
timeStep,numberOfRobotsOnBlackSite,numberOfRobotsOnWhiteSite
10224,22,23
timeStep,numberOfRobotsOnBlackSite,numberOfRobotsOnWhiteSite
10225,22,23
timeStep,numberOfRobotsOnBlackSite,numberOfRobotsOnWhiteSite
10226,22,23
timeStep,numberOfRobotsOnBlackSite,numberOfRobotsOnWhiteSite
10227,22,23
timeStep,numberOfRobotsOnBlackSite,numberOfRobotsOnWhiteSite
10228,22,23
timeStep,numberOfRobotsOnBlackSite,numberOfRobotsOnWhiteSite
10229,22,23
timeStep,numberOfRobotsOnBlackSite,numberOfRobotsOnWhiteSite
10230,22,23
timeStep,numberOfRobotsOnBlackSite,numberOfRobotsOnWhiteSite
10231,22,23
timeStep,numberOfRobotsOnBlackSite,numberOfRobotsOnWhiteSite
10232,22,23
timeStep,numberOfRobotsOnBlackSite,numberOfRobotsOnWhiteSite
10233,22,23
timeStep,numberOfRobotsOnBlackSite,numberOfRobotsOnWhiteSite
10234,22,23
timeStep,numberOfRobotsOnBlackSite,numberOfRobotsOnWhiteSite
10235,22,23
timeStep,numberOfRobotsOnBlackSite,numberOfRobotsOnWhiteSite
10236,22,23
timeStep,numberOfRobotsOnBlackSite,numberOfRobotsOnWhiteSite
10237,22,23
timeStep,numberOfRobotsOnBlackSite,numberOfRobotsOnWhiteSite
10238,22,23
timeStep,numberOfRobotsOnBlackSite,numberOfRobotsOnWhiteSite
10239,22,23
timeStep,numberOfRobotsOnBlackSite,numberOfRobotsOnWhiteSite
10240,22,23
timeStep,numberOfRobotsOnBlackSite,numberOfRobotsOnWhiteSite
10241,22,23
timeStep,numberOfRobotsOnBlackSite,numberOfRobotsOnWhiteSite
10242,22,23
timeStep,numberOfRobotsOnBlackSite,numberOfRobotsOnWhiteSite
10243,22,23
timeStep,numberOfRobotsOnBlackSite,numberOfRobotsOnWhiteSite
10244,22,23
timeStep,numberOfRobotsOnBlackSite,numberOfRobotsOnWhiteSite
10245,22,23
timeStep,numberOfRobotsOnBlackSite,numberOfRobotsOnWhiteSite
10246,22,23
timeStep,numberOfRobotsOnBlackSite,numberOfRobotsOnWhiteSite
10247,22,23
timeStep,numberOfRobotsOnBlackSite,numberOfRobotsOnWhiteSite
10248,22,23
timeStep,numberOfRobotsOnBlackSite,numberOfRobotsOnWhiteSite
10249,22,23
timeStep,numberOfRobotsOnBlackSite,numberOfRobotsOnWhiteSite
10250,22,23
timeStep,numberOfRobotsOnBlackSite,numberOfRobotsOnWhiteSite
10251,22,23
timeStep,numberOfRobotsOnBlackSite,numberOfRobotsOnWhiteSite
10252,22,23
timeStep,numberOfRobotsOnBlackSite,numberOfRobotsOnWhiteSite
10253,22,23
timeStep,numberOfRobotsOnBlackSite,numberOfRobotsOnWhiteSite
10254,22,23
timeStep,numberOfRobotsOnBlackSite,numberOfRobotsOnWhiteSite
10255,22,23
timeStep,numberOfRobotsOnBlackSite,numberOfRobotsOnWhiteSite
10256,22,23
timeStep,numberOfRobotsOnBlackSite,numberOfRobotsOnWhiteSite
10257,22,23
timeStep,numberOfRobotsOnBlackSite,numberOfRobotsOnWhiteSite
10258,22,23
timeStep,numberOfRobotsOnBlackSite,numberOfRobotsOnWhiteSite
10259,22,23
timeStep,numberOfRobotsOnBlackSite,numberOfRobotsOnWhiteSite
10260,22,23
timeStep,numberOfRobotsOnBlackSite,numberOfRobotsOnWhiteSite
10261,22,23
timeStep,numberOfRobotsOnBlackSite,numberOfRobotsOnWhiteSite
10262,22,23
timeStep,numberOfRobotsOnBlackSite,numberOfRobotsOnWhiteSite
10263,22,23
timeStep,numberOfRobotsOnBlackSite,numberOfRobotsOnWhiteSite
10264,22,23
timeStep,numberOfRobotsOnBlackSite,numberOfRobotsOnWhiteSite
10265,22,23
timeStep,numberOfRobotsOnBlackSite,numberOfRobotsOnWhiteSite
10266,22,23
timeStep,numberOfRobotsOnBlackSite,numberOfRobotsOnWhiteSite
10267,22,23
timeStep,numberOfRobotsOnBlackSite,numberOfRobotsOnWhiteSite
10268,22,23
timeStep,numberOfRobotsOnBlackSite,numberOfRobotsOnWhiteSite
10269,22,23
timeStep,numberOfRobotsOnBlackSite,numberOfRobotsOnWhiteSite
10270,22,23
timeStep,numberOfRobotsOnBlackSite,numberOfRobotsOnWhiteSite
10271,22,23
timeStep,numberOfRobotsOnBlackSite,numberOfRobotsOnWhiteSite
10272,22,23
timeStep,numberOfRobotsOnBlackSite,numberOfRobotsOnWhiteSite
10273,22,23
timeStep,numberOfRobotsOnBlackSite,numberOfRobotsOnWhiteSite
10274,22,23
timeStep,numberOfRobotsOnBlackSite,numberOfRobotsOnWhiteSite
10275,22,23
timeStep,numberOfRobotsOnBlackSite,numberOfRobotsOnWhiteSite
10276,22,23
timeStep,numberOfRobotsOnBlackSite,numberOfRobotsOnWhiteSite
10277,22,23
timeStep,numberOfRobotsOnBlackSite,numberOfRobotsOnWhiteSite
10278,22,23
timeStep,numberOfRobotsOnBlackSite,numberOfRobotsOnWhiteSite
10279,22,23
timeStep,numberOfRobotsOnBlackSite,numberOfRobotsOnWhiteSite
10280,22,23
timeStep,numberOfRobotsOnBlackSite,numberOfRobotsOnWhiteSite
10281,22,23
timeStep,numberOfRobotsOnBlackSite,numberOfRobotsOnWhiteSite
10282,22,23
timeStep,numberOfRobotsOnBlackSite,numberOfRobotsOnWhiteSite
10283,22,23
timeStep,numberOfRobotsOnBlackSite,numberOfRobotsOnWhiteSite
10284,22,23
timeStep,numberOfRobotsOnBlackSite,numberOfRobotsOnWhiteSite
10285,22,23
timeStep,numberOfRobotsOnBlackSite,numberOfRobotsOnWhiteSite
10286,22,23
timeStep,numberOfRobotsOnBlackSite,numberOfRobotsOnWhiteSite
10287,22,23
timeStep,numberOfRobotsOnBlackSite,numberOfRobotsOnWhiteSite
10288,22,23
timeStep,numberOfRobotsOnBlackSite,numberOfRobotsOnWhiteSite
10289,22,23
timeStep,numberOfRobotsOnBlackSite,numberOfRobotsOnWhiteSite
10290,22,23
timeStep,numberOfRobotsOnBlackSite,numberOfRobotsOnWhiteSite
10291,22,23
timeStep,numberOfRobotsOnBlackSite,numberOfRobotsOnWhiteSite
10292,22,23
timeStep,numberOfRobotsOnBlackSite,numberOfRobotsOnWhiteSite
10293,22,23
timeStep,numberOfRobotsOnBlackSite,numberOfRobotsOnWhiteSite
10294,22,23
timeStep,numberOfRobotsOnBlackSite,numberOfRobotsOnWhiteSite
10295,22,23
timeStep,numberOfRobotsOnBlackSite,numberOfRobotsOnWhiteSite
10296,22,23
timeStep,numberOfRobotsOnBlackSite,numberOfRobotsOnWhiteSite
10297,22,23
timeStep,numberOfRobotsOnBlackSite,numberOfRobotsOnWhiteSite
10298,22,23
timeStep,numberOfRobotsOnBlackSite,numberOfRobotsOnWhiteSite
10299,22,23
timeStep,numberOfRobotsOnBlackSite,numberOfRobotsOnWhiteSite
10300,22,23
timeStep,numberOfRobotsOnBlackSite,numberOfRobotsOnWhiteSite
10301,22,23
timeStep,numberOfRobotsOnBlackSite,numberOfRobotsOnWhiteSite
10302,22,23
timeStep,numberOfRobotsOnBlackSite,numberOfRobotsOnWhiteSite
10303,22,23
timeStep,numberOfRobotsOnBlackSite,numberOfRobotsOnWhiteSite
10304,22,23
timeStep,numberOfRobotsOnBlackSite,numberOfRobotsOnWhiteSite
10305,22,23
timeStep,numberOfRobotsOnBlackSite,numberOfRobotsOnWhiteSite
10306,22,23
timeStep,numberOfRobotsOnBlackSite,numberOfRobotsOnWhiteSite
10307,22,23
timeStep,numberOfRobotsOnBlackSite,numberOfRobotsOnWhiteSite
10308,22,23
timeStep,numberOfRobotsOnBlackSite,numberOfRobotsOnWhiteSite
10309,22,23
timeStep,numberOfRobotsOnBlackSite,numberOfRobotsOnWhiteSite
10310,22,23
timeStep,numberOfRobotsOnBlackSite,numberOfRobotsOnWhiteSite
10311,22,23
timeStep,numberOfRobotsOnBlackSite,numberOfRobotsOnWhiteSite
10312,22,23
timeStep,numberOfRobotsOnBlackSite,numberOfRobotsOnWhiteSite
10313,22,23
timeStep,numberOfRobotsOnBlackSite,numberOfRobotsOnWhiteSite
10314,22,23
timeStep,numberOfRobotsOnBlackSite,numberOfRobotsOnWhiteSite
10315,22,23
timeStep,numberOfRobotsOnBlackSite,numberOfRobotsOnWhiteSite
10316,22,23
timeStep,numberOfRobotsOnBlackSite,numberOfRobotsOnWhiteSite
10317,22,23
timeStep,numberOfRobotsOnBlackSite,numberOfRobotsOnWhiteSite
10318,22,23
timeStep,numberOfRobotsOnBlackSite,numberOfRobotsOnWhiteSite
10319,22,23
timeStep,numberOfRobotsOnBlackSite,numberOfRobotsOnWhiteSite
10320,22,23
timeStep,numberOfRobotsOnBlackSite,numberOfRobotsOnWhiteSite
10321,22,23
timeStep,numberOfRobotsOnBlackSite,numberOfRobotsOnWhiteSite
10322,22,23
timeStep,numberOfRobotsOnBlackSite,numberOfRobotsOnWhiteSite
10323,22,23
timeStep,numberOfRobotsOnBlackSite,numberOfRobotsOnWhiteSite
10324,22,23
timeStep,numberOfRobotsOnBlackSite,numberOfRobotsOnWhiteSite
10325,22,23
timeStep,numberOfRobotsOnBlackSite,numberOfRobotsOnWhiteSite
10326,22,23
timeStep,numberOfRobotsOnBlackSite,numberOfRobotsOnWhiteSite
10327,22,23
timeStep,numberOfRobotsOnBlackSite,numberOfRobotsOnWhiteSite
10328,22,23
timeStep,numberOfRobotsOnBlackSite,numberOfRobotsOnWhiteSite
10329,22,23
timeStep,numberOfRobotsOnBlackSite,numberOfRobotsOnWhiteSite
10330,22,23
timeStep,numberOfRobotsOnBlackSite,numberOfRobotsOnWhiteSite
10331,22,23
timeStep,numberOfRobotsOnBlackSite,numberOfRobotsOnWhiteSite
10332,22,23
timeStep,numberOfRobotsOnBlackSite,numberOfRobotsOnWhiteSite
10333,22,23
timeStep,numberOfRobotsOnBlackSite,numberOfRobotsOnWhiteSite
10334,22,23
timeStep,numberOfRobotsOnBlackSite,numberOfRobotsOnWhiteSite
10335,22,23
timeStep,numberOfRobotsOnBlackSite,numberOfRobotsOnWhiteSite
10336,22,23
timeStep,numberOfRobotsOnBlackSite,numberOfRobotsOnWhiteSite
10337,22,23
timeStep,numberOfRobotsOnBlackSite,numberOfRobotsOnWhiteSite
10338,22,23
timeStep,numberOfRobotsOnBlackSite,numberOfRobotsOnWhiteSite
10339,22,23
timeStep,numberOfRobotsOnBlackSite,numberOfRobotsOnWhiteSite
10340,22,23
timeStep,numberOfRobotsOnBlackSite,numberOfRobotsOnWhiteSite
10341,22,23
timeStep,numberOfRobotsOnBlackSite,numberOfRobotsOnWhiteSite
10342,22,23
timeStep,numberOfRobotsOnBlackSite,numberOfRobotsOnWhiteSite
10343,22,23
timeStep,numberOfRobotsOnBlackSite,numberOfRobotsOnWhiteSite
10344,22,23
timeStep,numberOfRobotsOnBlackSite,numberOfRobotsOnWhiteSite
10345,22,22
timeStep,numberOfRobotsOnBlackSite,numberOfRobotsOnWhiteSite
10346,22,22
timeStep,numberOfRobotsOnBlackSite,numberOfRobotsOnWhiteSite
10347,22,22
timeStep,numberOfRobotsOnBlackSite,numberOfRobotsOnWhiteSite
10348,22,22
timeStep,numberOfRobotsOnBlackSite,numberOfRobotsOnWhiteSite
10349,22,22
timeStep,numberOfRobotsOnBlackSite,numberOfRobotsOnWhiteSite
10350,22,22
timeStep,numberOfRobotsOnBlackSite,numberOfRobotsOnWhiteSite
10351,22,22
timeStep,numberOfRobotsOnBlackSite,numberOfRobotsOnWhiteSite
10352,22,22
timeStep,numberOfRobotsOnBlackSite,numberOfRobotsOnWhiteSite
10353,22,22
timeStep,numberOfRobotsOnBlackSite,numberOfRobotsOnWhiteSite
10354,22,22
timeStep,numberOfRobotsOnBlackSite,numberOfRobotsOnWhiteSite
10355,22,22
timeStep,numberOfRobotsOnBlackSite,numberOfRobotsOnWhiteSite
10356,22,22
timeStep,numberOfRobotsOnBlackSite,numberOfRobotsOnWhiteSite
10357,22,22
timeStep,numberOfRobotsOnBlackSite,numberOfRobotsOnWhiteSite
10358,22,22
timeStep,numberOfRobotsOnBlackSite,numberOfRobotsOnWhiteSite
10359,22,22
timeStep,numberOfRobotsOnBlackSite,numberOfRobotsOnWhiteSite
10360,22,22
timeStep,numberOfRobotsOnBlackSite,numberOfRobotsOnWhiteSite
10361,22,22
timeStep,numberOfRobotsOnBlackSite,numberOfRobotsOnWhiteSite
10362,22,22
timeStep,numberOfRobotsOnBlackSite,numberOfRobotsOnWhiteSite
10363,22,22
timeStep,numberOfRobotsOnBlackSite,numberOfRobotsOnWhiteSite
10364,22,22
timeStep,numberOfRobotsOnBlackSite,numberOfRobotsOnWhiteSite
10365,22,22
timeStep,numberOfRobotsOnBlackSite,numberOfRobotsOnWhiteSite
10366,22,22
timeStep,numberOfRobotsOnBlackSite,numberOfRobotsOnWhiteSite
10367,22,22
timeStep,numberOfRobotsOnBlackSite,numberOfRobotsOnWhiteSite
10368,22,22
timeStep,numberOfRobotsOnBlackSite,numberOfRobotsOnWhiteSite
10369,22,22
timeStep,numberOfRobotsOnBlackSite,numberOfRobotsOnWhiteSite
10370,22,22
timeStep,numberOfRobotsOnBlackSite,numberOfRobotsOnWhiteSite
10371,22,22
timeStep,numberOfRobotsOnBlackSite,numberOfRobotsOnWhiteSite
10372,22,22
timeStep,numberOfRobotsOnBlackSite,numberOfRobotsOnWhiteSite
10373,22,22
timeStep,numberOfRobotsOnBlackSite,numberOfRobotsOnWhiteSite
10374,22,22
timeStep,numberOfRobotsOnBlackSite,numberOfRobotsOnWhiteSite
10375,22,22
timeStep,numberOfRobotsOnBlackSite,numberOfRobotsOnWhiteSite
10376,22,22
timeStep,numberOfRobotsOnBlackSite,numberOfRobotsOnWhiteSite
10377,22,22
timeStep,numberOfRobotsOnBlackSite,numberOfRobotsOnWhiteSite
10378,22,22
timeStep,numberOfRobotsOnBlackSite,numberOfRobotsOnWhiteSite
10379,22,22
timeStep,numberOfRobotsOnBlackSite,numberOfRobotsOnWhiteSite
10380,22,22
timeStep,numberOfRobotsOnBlackSite,numberOfRobotsOnWhiteSite
10381,22,22
timeStep,numberOfRobotsOnBlackSite,numberOfRobotsOnWhiteSite
10382,22,22
timeStep,numberOfRobotsOnBlackSite,numberOfRobotsOnWhiteSite
10383,22,22
timeStep,numberOfRobotsOnBlackSite,numberOfRobotsOnWhiteSite
10384,22,22
timeStep,numberOfRobotsOnBlackSite,numberOfRobotsOnWhiteSite
10385,22,22
timeStep,numberOfRobotsOnBlackSite,numberOfRobotsOnWhiteSite
10386,22,22
timeStep,numberOfRobotsOnBlackSite,numberOfRobotsOnWhiteSite
10387,22,22
timeStep,numberOfRobotsOnBlackSite,numberOfRobotsOnWhiteSite
10388,22,22
timeStep,numberOfRobotsOnBlackSite,numberOfRobotsOnWhiteSite
10389,22,22
timeStep,numberOfRobotsOnBlackSite,numberOfRobotsOnWhiteSite
10390,22,22
timeStep,numberOfRobotsOnBlackSite,numberOfRobotsOnWhiteSite
10391,22,22
timeStep,numberOfRobotsOnBlackSite,numberOfRobotsOnWhiteSite
10392,22,22
timeStep,numberOfRobotsOnBlackSite,numberOfRobotsOnWhiteSite
10393,22,22
timeStep,numberOfRobotsOnBlackSite,numberOfRobotsOnWhiteSite
10394,22,22
timeStep,numberOfRobotsOnBlackSite,numberOfRobotsOnWhiteSite
10395,22,22
timeStep,numberOfRobotsOnBlackSite,numberOfRobotsOnWhiteSite
10396,22,22
timeStep,numberOfRobotsOnBlackSite,numberOfRobotsOnWhiteSite
10397,22,22
timeStep,numberOfRobotsOnBlackSite,numberOfRobotsOnWhiteSite
10398,22,22
timeStep,numberOfRobotsOnBlackSite,numberOfRobotsOnWhiteSite
10399,22,22
timeStep,numberOfRobotsOnBlackSite,numberOfRobotsOnWhiteSite
10400,22,22
timeStep,numberOfRobotsOnBlackSite,numberOfRobotsOnWhiteSite
10401,22,22
timeStep,numberOfRobotsOnBlackSite,numberOfRobotsOnWhiteSite
10402,22,22
timeStep,numberOfRobotsOnBlackSite,numberOfRobotsOnWhiteSite
10403,22,22
timeStep,numberOfRobotsOnBlackSite,numberOfRobotsOnWhiteSite
10404,22,22
timeStep,numberOfRobotsOnBlackSite,numberOfRobotsOnWhiteSite
10405,22,22
timeStep,numberOfRobotsOnBlackSite,numberOfRobotsOnWhiteSite
10406,22,22
timeStep,numberOfRobotsOnBlackSite,numberOfRobotsOnWhiteSite
10407,22,22
timeStep,numberOfRobotsOnBlackSite,numberOfRobotsOnWhiteSite
10408,22,22
timeStep,numberOfRobotsOnBlackSite,numberOfRobotsOnWhiteSite
10409,22,22
timeStep,numberOfRobotsOnBlackSite,numberOfRobotsOnWhiteSite
10410,22,22
timeStep,numberOfRobotsOnBlackSite,numberOfRobotsOnWhiteSite
10411,22,22
timeStep,numberOfRobotsOnBlackSite,numberOfRobotsOnWhiteSite
10412,22,22
timeStep,numberOfRobotsOnBlackSite,numberOfRobotsOnWhiteSite
10413,22,22
timeStep,numberOfRobotsOnBlackSite,numberOfRobotsOnWhiteSite
10414,22,22
timeStep,numberOfRobotsOnBlackSite,numberOfRobotsOnWhiteSite
10415,22,22
timeStep,numberOfRobotsOnBlackSite,numberOfRobotsOnWhiteSite
10416,22,22
timeStep,numberOfRobotsOnBlackSite,numberOfRobotsOnWhiteSite
10417,22,22
timeStep,numberOfRobotsOnBlackSite,numberOfRobotsOnWhiteSite
10418,22,22
timeStep,numberOfRobotsOnBlackSite,numberOfRobotsOnWhiteSite
10419,22,22
timeStep,numberOfRobotsOnBlackSite,numberOfRobotsOnWhiteSite
10420,22,22
timeStep,numberOfRobotsOnBlackSite,numberOfRobotsOnWhiteSite
10421,22,22
timeStep,numberOfRobotsOnBlackSite,numberOfRobotsOnWhiteSite
10422,22,22
timeStep,numberOfRobotsOnBlackSite,numberOfRobotsOnWhiteSite
10423,22,22
timeStep,numberOfRobotsOnBlackSite,numberOfRobotsOnWhiteSite
10424,22,22
timeStep,numberOfRobotsOnBlackSite,numberOfRobotsOnWhiteSite
10425,22,22
timeStep,numberOfRobotsOnBlackSite,numberOfRobotsOnWhiteSite
10426,22,22
timeStep,numberOfRobotsOnBlackSite,numberOfRobotsOnWhiteSite
10427,22,22
timeStep,numberOfRobotsOnBlackSite,numberOfRobotsOnWhiteSite
10428,22,22
timeStep,numberOfRobotsOnBlackSite,numberOfRobotsOnWhiteSite
10429,22,22
timeStep,numberOfRobotsOnBlackSite,numberOfRobotsOnWhiteSite
10430,22,22
timeStep,numberOfRobotsOnBlackSite,numberOfRobotsOnWhiteSite
10431,22,22
timeStep,numberOfRobotsOnBlackSite,numberOfRobotsOnWhiteSite
10432,22,22
timeStep,numberOfRobotsOnBlackSite,numberOfRobotsOnWhiteSite
10433,22,22
timeStep,numberOfRobotsOnBlackSite,numberOfRobotsOnWhiteSite
10434,22,22
timeStep,numberOfRobotsOnBlackSite,numberOfRobotsOnWhiteSite
10435,22,22
timeStep,numberOfRobotsOnBlackSite,numberOfRobotsOnWhiteSite
10436,22,22
timeStep,numberOfRobotsOnBlackSite,numberOfRobotsOnWhiteSite
10437,22,22
timeStep,numberOfRobotsOnBlackSite,numberOfRobotsOnWhiteSite
10438,22,22
timeStep,numberOfRobotsOnBlackSite,numberOfRobotsOnWhiteSite
10439,22,22
timeStep,numberOfRobotsOnBlackSite,numberOfRobotsOnWhiteSite
10440,22,22
timeStep,numberOfRobotsOnBlackSite,numberOfRobotsOnWhiteSite
10441,22,22
timeStep,numberOfRobotsOnBlackSite,numberOfRobotsOnWhiteSite
10442,22,22
timeStep,numberOfRobotsOnBlackSite,numberOfRobotsOnWhiteSite
10443,22,22
timeStep,numberOfRobotsOnBlackSite,numberOfRobotsOnWhiteSite
10444,22,22
timeStep,numberOfRobotsOnBlackSite,numberOfRobotsOnWhiteSite
10445,22,22
timeStep,numberOfRobotsOnBlackSite,numberOfRobotsOnWhiteSite
10446,22,22
timeStep,numberOfRobotsOnBlackSite,numberOfRobotsOnWhiteSite
10447,22,22
timeStep,numberOfRobotsOnBlackSite,numberOfRobotsOnWhiteSite
10448,22,22
timeStep,numberOfRobotsOnBlackSite,numberOfRobotsOnWhiteSite
10449,22,22
timeStep,numberOfRobotsOnBlackSite,numberOfRobotsOnWhiteSite
10450,22,22
timeStep,numberOfRobotsOnBlackSite,numberOfRobotsOnWhiteSite
10451,22,22
timeStep,numberOfRobotsOnBlackSite,numberOfRobotsOnWhiteSite
10452,22,22
timeStep,numberOfRobotsOnBlackSite,numberOfRobotsOnWhiteSite
10453,22,22
timeStep,numberOfRobotsOnBlackSite,numberOfRobotsOnWhiteSite
10454,22,22
timeStep,numberOfRobotsOnBlackSite,numberOfRobotsOnWhiteSite
10455,22,22
timeStep,numberOfRobotsOnBlackSite,numberOfRobotsOnWhiteSite
10456,22,22
timeStep,numberOfRobotsOnBlackSite,numberOfRobotsOnWhiteSite
10457,22,22
timeStep,numberOfRobotsOnBlackSite,numberOfRobotsOnWhiteSite
10458,22,22
timeStep,numberOfRobotsOnBlackSite,numberOfRobotsOnWhiteSite
10459,22,22
timeStep,numberOfRobotsOnBlackSite,numberOfRobotsOnWhiteSite
10460,22,22
timeStep,numberOfRobotsOnBlackSite,numberOfRobotsOnWhiteSite
10461,22,22
timeStep,numberOfRobotsOnBlackSite,numberOfRobotsOnWhiteSite
10462,22,22
timeStep,numberOfRobotsOnBlackSite,numberOfRobotsOnWhiteSite
10463,22,22
timeStep,numberOfRobotsOnBlackSite,numberOfRobotsOnWhiteSite
10464,22,22
timeStep,numberOfRobotsOnBlackSite,numberOfRobotsOnWhiteSite
10465,22,22
timeStep,numberOfRobotsOnBlackSite,numberOfRobotsOnWhiteSite
10466,22,22
timeStep,numberOfRobotsOnBlackSite,numberOfRobotsOnWhiteSite
10467,22,22
timeStep,numberOfRobotsOnBlackSite,numberOfRobotsOnWhiteSite
10468,22,22
timeStep,numberOfRobotsOnBlackSite,numberOfRobotsOnWhiteSite
10469,22,22
timeStep,numberOfRobotsOnBlackSite,numberOfRobotsOnWhiteSite
10470,22,22
timeStep,numberOfRobotsOnBlackSite,numberOfRobotsOnWhiteSite
10471,22,22
timeStep,numberOfRobotsOnBlackSite,numberOfRobotsOnWhiteSite
10472,22,22
timeStep,numberOfRobotsOnBlackSite,numberOfRobotsOnWhiteSite
10473,22,22
timeStep,numberOfRobotsOnBlackSite,numberOfRobotsOnWhiteSite
10474,22,22
timeStep,numberOfRobotsOnBlackSite,numberOfRobotsOnWhiteSite
10475,22,22
timeStep,numberOfRobotsOnBlackSite,numberOfRobotsOnWhiteSite
10476,22,22
timeStep,numberOfRobotsOnBlackSite,numberOfRobotsOnWhiteSite
10477,22,22
timeStep,numberOfRobotsOnBlackSite,numberOfRobotsOnWhiteSite
10478,22,22
timeStep,numberOfRobotsOnBlackSite,numberOfRobotsOnWhiteSite
10479,22,22
timeStep,numberOfRobotsOnBlackSite,numberOfRobotsOnWhiteSite
10480,22,22
timeStep,numberOfRobotsOnBlackSite,numberOfRobotsOnWhiteSite
10481,22,22
timeStep,numberOfRobotsOnBlackSite,numberOfRobotsOnWhiteSite
10482,22,22
timeStep,numberOfRobotsOnBlackSite,numberOfRobotsOnWhiteSite
10483,22,22
timeStep,numberOfRobotsOnBlackSite,numberOfRobotsOnWhiteSite
10484,22,22
timeStep,numberOfRobotsOnBlackSite,numberOfRobotsOnWhiteSite
10485,22,22
timeStep,numberOfRobotsOnBlackSite,numberOfRobotsOnWhiteSite
10486,22,22
timeStep,numberOfRobotsOnBlackSite,numberOfRobotsOnWhiteSite
10487,22,22
timeStep,numberOfRobotsOnBlackSite,numberOfRobotsOnWhiteSite
10488,22,22
timeStep,numberOfRobotsOnBlackSite,numberOfRobotsOnWhiteSite
10489,22,22
timeStep,numberOfRobotsOnBlackSite,numberOfRobotsOnWhiteSite
10490,22,22
timeStep,numberOfRobotsOnBlackSite,numberOfRobotsOnWhiteSite
10491,22,22
timeStep,numberOfRobotsOnBlackSite,numberOfRobotsOnWhiteSite
10492,22,22
timeStep,numberOfRobotsOnBlackSite,numberOfRobotsOnWhiteSite
10493,22,22
timeStep,numberOfRobotsOnBlackSite,numberOfRobotsOnWhiteSite
10494,22,22
timeStep,numberOfRobotsOnBlackSite,numberOfRobotsOnWhiteSite
10495,22,22
timeStep,numberOfRobotsOnBlackSite,numberOfRobotsOnWhiteSite
10496,22,22
timeStep,numberOfRobotsOnBlackSite,numberOfRobotsOnWhiteSite
10497,22,22
timeStep,numberOfRobotsOnBlackSite,numberOfRobotsOnWhiteSite
10498,22,22
timeStep,numberOfRobotsOnBlackSite,numberOfRobotsOnWhiteSite
10499,22,22
timeStep,numberOfRobotsOnBlackSite,numberOfRobotsOnWhiteSite
10500,22,22
timeStep,numberOfRobotsOnBlackSite,numberOfRobotsOnWhiteSite
10501,22,22
timeStep,numberOfRobotsOnBlackSite,numberOfRobotsOnWhiteSite
10502,22,22
timeStep,numberOfRobotsOnBlackSite,numberOfRobotsOnWhiteSite
10503,22,22
timeStep,numberOfRobotsOnBlackSite,numberOfRobotsOnWhiteSite
10504,22,22
timeStep,numberOfRobotsOnBlackSite,numberOfRobotsOnWhiteSite
10505,22,22
timeStep,numberOfRobotsOnBlackSite,numberOfRobotsOnWhiteSite
10506,22,22
timeStep,numberOfRobotsOnBlackSite,numberOfRobotsOnWhiteSite
10507,22,22
timeStep,numberOfRobotsOnBlackSite,numberOfRobotsOnWhiteSite
10508,22,22
timeStep,numberOfRobotsOnBlackSite,numberOfRobotsOnWhiteSite
10509,22,22
timeStep,numberOfRobotsOnBlackSite,numberOfRobotsOnWhiteSite
10510,22,22
timeStep,numberOfRobotsOnBlackSite,numberOfRobotsOnWhiteSite
10511,22,22
timeStep,numberOfRobotsOnBlackSite,numberOfRobotsOnWhiteSite
10512,22,22
timeStep,numberOfRobotsOnBlackSite,numberOfRobotsOnWhiteSite
10513,22,22
timeStep,numberOfRobotsOnBlackSite,numberOfRobotsOnWhiteSite
10514,22,22
timeStep,numberOfRobotsOnBlackSite,numberOfRobotsOnWhiteSite
10515,22,22
timeStep,numberOfRobotsOnBlackSite,numberOfRobotsOnWhiteSite
10516,22,22
timeStep,numberOfRobotsOnBlackSite,numberOfRobotsOnWhiteSite
10517,22,22
timeStep,numberOfRobotsOnBlackSite,numberOfRobotsOnWhiteSite
10518,22,22
timeStep,numberOfRobotsOnBlackSite,numberOfRobotsOnWhiteSite
10519,22,22
timeStep,numberOfRobotsOnBlackSite,numberOfRobotsOnWhiteSite
10520,22,22
timeStep,numberOfRobotsOnBlackSite,numberOfRobotsOnWhiteSite
10521,22,22
timeStep,numberOfRobotsOnBlackSite,numberOfRobotsOnWhiteSite
10522,22,22
timeStep,numberOfRobotsOnBlackSite,numberOfRobotsOnWhiteSite
10523,22,22
timeStep,numberOfRobotsOnBlackSite,numberOfRobotsOnWhiteSite
10524,22,22
timeStep,numberOfRobotsOnBlackSite,numberOfRobotsOnWhiteSite
10525,22,22
timeStep,numberOfRobotsOnBlackSite,numberOfRobotsOnWhiteSite
10526,22,22
timeStep,numberOfRobotsOnBlackSite,numberOfRobotsOnWhiteSite
10527,22,22
timeStep,numberOfRobotsOnBlackSite,numberOfRobotsOnWhiteSite
10528,22,22
timeStep,numberOfRobotsOnBlackSite,numberOfRobotsOnWhiteSite
10529,22,22
timeStep,numberOfRobotsOnBlackSite,numberOfRobotsOnWhiteSite
10530,22,22
timeStep,numberOfRobotsOnBlackSite,numberOfRobotsOnWhiteSite
10531,22,22
timeStep,numberOfRobotsOnBlackSite,numberOfRobotsOnWhiteSite
10532,22,22
timeStep,numberOfRobotsOnBlackSite,numberOfRobotsOnWhiteSite
10533,22,22
timeStep,numberOfRobotsOnBlackSite,numberOfRobotsOnWhiteSite
10534,22,22
timeStep,numberOfRobotsOnBlackSite,numberOfRobotsOnWhiteSite
10535,22,22
timeStep,numberOfRobotsOnBlackSite,numberOfRobotsOnWhiteSite
10536,22,22
timeStep,numberOfRobotsOnBlackSite,numberOfRobotsOnWhiteSite
10537,22,22
timeStep,numberOfRobotsOnBlackSite,numberOfRobotsOnWhiteSite
10538,22,22
timeStep,numberOfRobotsOnBlackSite,numberOfRobotsOnWhiteSite
10539,22,22
timeStep,numberOfRobotsOnBlackSite,numberOfRobotsOnWhiteSite
10540,22,22
timeStep,numberOfRobotsOnBlackSite,numberOfRobotsOnWhiteSite
10541,22,22
timeStep,numberOfRobotsOnBlackSite,numberOfRobotsOnWhiteSite
10542,22,22
timeStep,numberOfRobotsOnBlackSite,numberOfRobotsOnWhiteSite
10543,22,22
timeStep,numberOfRobotsOnBlackSite,numberOfRobotsOnWhiteSite
10544,22,22
timeStep,numberOfRobotsOnBlackSite,numberOfRobotsOnWhiteSite
10545,22,22
timeStep,numberOfRobotsOnBlackSite,numberOfRobotsOnWhiteSite
10546,22,22
timeStep,numberOfRobotsOnBlackSite,numberOfRobotsOnWhiteSite
10547,22,22
timeStep,numberOfRobotsOnBlackSite,numberOfRobotsOnWhiteSite
10548,22,22
timeStep,numberOfRobotsOnBlackSite,numberOfRobotsOnWhiteSite
10549,22,22
timeStep,numberOfRobotsOnBlackSite,numberOfRobotsOnWhiteSite
10550,22,22
timeStep,numberOfRobotsOnBlackSite,numberOfRobotsOnWhiteSite
10551,22,22
timeStep,numberOfRobotsOnBlackSite,numberOfRobotsOnWhiteSite
10552,22,22
timeStep,numberOfRobotsOnBlackSite,numberOfRobotsOnWhiteSite
10553,22,22
timeStep,numberOfRobotsOnBlackSite,numberOfRobotsOnWhiteSite
10554,22,22
timeStep,numberOfRobotsOnBlackSite,numberOfRobotsOnWhiteSite
10555,22,22
timeStep,numberOfRobotsOnBlackSite,numberOfRobotsOnWhiteSite
10556,22,22
timeStep,numberOfRobotsOnBlackSite,numberOfRobotsOnWhiteSite
10557,22,22
timeStep,numberOfRobotsOnBlackSite,numberOfRobotsOnWhiteSite
10558,22,22
timeStep,numberOfRobotsOnBlackSite,numberOfRobotsOnWhiteSite
10559,22,22
timeStep,numberOfRobotsOnBlackSite,numberOfRobotsOnWhiteSite
10560,22,22
timeStep,numberOfRobotsOnBlackSite,numberOfRobotsOnWhiteSite
10561,22,22
timeStep,numberOfRobotsOnBlackSite,numberOfRobotsOnWhiteSite
10562,22,22
timeStep,numberOfRobotsOnBlackSite,numberOfRobotsOnWhiteSite
10563,22,22
timeStep,numberOfRobotsOnBlackSite,numberOfRobotsOnWhiteSite
10564,22,22
timeStep,numberOfRobotsOnBlackSite,numberOfRobotsOnWhiteSite
10565,22,22
timeStep,numberOfRobotsOnBlackSite,numberOfRobotsOnWhiteSite
10566,22,22
timeStep,numberOfRobotsOnBlackSite,numberOfRobotsOnWhiteSite
10567,22,22
timeStep,numberOfRobotsOnBlackSite,numberOfRobotsOnWhiteSite
10568,22,22
timeStep,numberOfRobotsOnBlackSite,numberOfRobotsOnWhiteSite
10569,22,22
timeStep,numberOfRobotsOnBlackSite,numberOfRobotsOnWhiteSite
10570,22,22
timeStep,numberOfRobotsOnBlackSite,numberOfRobotsOnWhiteSite
10571,22,22
timeStep,numberOfRobotsOnBlackSite,numberOfRobotsOnWhiteSite
10572,22,22
timeStep,numberOfRobotsOnBlackSite,numberOfRobotsOnWhiteSite
10573,22,22
timeStep,numberOfRobotsOnBlackSite,numberOfRobotsOnWhiteSite
10574,22,22
timeStep,numberOfRobotsOnBlackSite,numberOfRobotsOnWhiteSite
10575,22,22
timeStep,numberOfRobotsOnBlackSite,numberOfRobotsOnWhiteSite
10576,22,22
timeStep,numberOfRobotsOnBlackSite,numberOfRobotsOnWhiteSite
10577,22,22
timeStep,numberOfRobotsOnBlackSite,numberOfRobotsOnWhiteSite
10578,22,22
timeStep,numberOfRobotsOnBlackSite,numberOfRobotsOnWhiteSite
10579,22,22
timeStep,numberOfRobotsOnBlackSite,numberOfRobotsOnWhiteSite
10580,22,22
timeStep,numberOfRobotsOnBlackSite,numberOfRobotsOnWhiteSite
10581,22,22
timeStep,numberOfRobotsOnBlackSite,numberOfRobotsOnWhiteSite
10582,22,22
timeStep,numberOfRobotsOnBlackSite,numberOfRobotsOnWhiteSite
10583,22,22
timeStep,numberOfRobotsOnBlackSite,numberOfRobotsOnWhiteSite
10584,22,22
timeStep,numberOfRobotsOnBlackSite,numberOfRobotsOnWhiteSite
10585,23,22
timeStep,numberOfRobotsOnBlackSite,numberOfRobotsOnWhiteSite
10586,23,22
timeStep,numberOfRobotsOnBlackSite,numberOfRobotsOnWhiteSite
10587,23,22
timeStep,numberOfRobotsOnBlackSite,numberOfRobotsOnWhiteSite
10588,23,22
timeStep,numberOfRobotsOnBlackSite,numberOfRobotsOnWhiteSite
10589,23,22
timeStep,numberOfRobotsOnBlackSite,numberOfRobotsOnWhiteSite
10590,22,22
timeStep,numberOfRobotsOnBlackSite,numberOfRobotsOnWhiteSite
10591,22,22
timeStep,numberOfRobotsOnBlackSite,numberOfRobotsOnWhiteSite
10592,22,22
timeStep,numberOfRobotsOnBlackSite,numberOfRobotsOnWhiteSite
10593,22,22
timeStep,numberOfRobotsOnBlackSite,numberOfRobotsOnWhiteSite
10594,22,22
timeStep,numberOfRobotsOnBlackSite,numberOfRobotsOnWhiteSite
10595,22,22
timeStep,numberOfRobotsOnBlackSite,numberOfRobotsOnWhiteSite
10596,22,22
timeStep,numberOfRobotsOnBlackSite,numberOfRobotsOnWhiteSite
10597,22,22
timeStep,numberOfRobotsOnBlackSite,numberOfRobotsOnWhiteSite
10598,22,22
timeStep,numberOfRobotsOnBlackSite,numberOfRobotsOnWhiteSite
10599,22,22
timeStep,numberOfRobotsOnBlackSite,numberOfRobotsOnWhiteSite
10600,22,22
timeStep,numberOfRobotsOnBlackSite,numberOfRobotsOnWhiteSite
10601,22,22
timeStep,numberOfRobotsOnBlackSite,numberOfRobotsOnWhiteSite
10602,22,22
timeStep,numberOfRobotsOnBlackSite,numberOfRobotsOnWhiteSite
10603,22,22
timeStep,numberOfRobotsOnBlackSite,numberOfRobotsOnWhiteSite
10604,22,22
timeStep,numberOfRobotsOnBlackSite,numberOfRobotsOnWhiteSite
10605,22,22
timeStep,numberOfRobotsOnBlackSite,numberOfRobotsOnWhiteSite
10606,22,22
timeStep,numberOfRobotsOnBlackSite,numberOfRobotsOnWhiteSite
10607,22,22
timeStep,numberOfRobotsOnBlackSite,numberOfRobotsOnWhiteSite
10608,22,22
timeStep,numberOfRobotsOnBlackSite,numberOfRobotsOnWhiteSite
10609,22,22
timeStep,numberOfRobotsOnBlackSite,numberOfRobotsOnWhiteSite
10610,22,22
timeStep,numberOfRobotsOnBlackSite,numberOfRobotsOnWhiteSite
10611,22,22
timeStep,numberOfRobotsOnBlackSite,numberOfRobotsOnWhiteSite
10612,22,22
timeStep,numberOfRobotsOnBlackSite,numberOfRobotsOnWhiteSite
10613,22,22
timeStep,numberOfRobotsOnBlackSite,numberOfRobotsOnWhiteSite
10614,22,22
timeStep,numberOfRobotsOnBlackSite,numberOfRobotsOnWhiteSite
10615,22,22
timeStep,numberOfRobotsOnBlackSite,numberOfRobotsOnWhiteSite
10616,22,22
timeStep,numberOfRobotsOnBlackSite,numberOfRobotsOnWhiteSite
10617,22,22
timeStep,numberOfRobotsOnBlackSite,numberOfRobotsOnWhiteSite
10618,22,22
timeStep,numberOfRobotsOnBlackSite,numberOfRobotsOnWhiteSite
10619,22,22
timeStep,numberOfRobotsOnBlackSite,numberOfRobotsOnWhiteSite
10620,22,22
timeStep,numberOfRobotsOnBlackSite,numberOfRobotsOnWhiteSite
10621,22,22
timeStep,numberOfRobotsOnBlackSite,numberOfRobotsOnWhiteSite
10622,22,22
timeStep,numberOfRobotsOnBlackSite,numberOfRobotsOnWhiteSite
10623,22,22
timeStep,numberOfRobotsOnBlackSite,numberOfRobotsOnWhiteSite
10624,22,22
timeStep,numberOfRobotsOnBlackSite,numberOfRobotsOnWhiteSite
10625,22,22
timeStep,numberOfRobotsOnBlackSite,numberOfRobotsOnWhiteSite
10626,22,22
timeStep,numberOfRobotsOnBlackSite,numberOfRobotsOnWhiteSite
10627,22,22
timeStep,numberOfRobotsOnBlackSite,numberOfRobotsOnWhiteSite
10628,22,22
timeStep,numberOfRobotsOnBlackSite,numberOfRobotsOnWhiteSite
10629,22,22
timeStep,numberOfRobotsOnBlackSite,numberOfRobotsOnWhiteSite
10630,22,22
timeStep,numberOfRobotsOnBlackSite,numberOfRobotsOnWhiteSite
10631,22,22
timeStep,numberOfRobotsOnBlackSite,numberOfRobotsOnWhiteSite
10632,22,22
timeStep,numberOfRobotsOnBlackSite,numberOfRobotsOnWhiteSite
10633,22,22
timeStep,numberOfRobotsOnBlackSite,numberOfRobotsOnWhiteSite
10634,22,22
timeStep,numberOfRobotsOnBlackSite,numberOfRobotsOnWhiteSite
10635,22,22
timeStep,numberOfRobotsOnBlackSite,numberOfRobotsOnWhiteSite
10636,22,22
timeStep,numberOfRobotsOnBlackSite,numberOfRobotsOnWhiteSite
10637,22,22
timeStep,numberOfRobotsOnBlackSite,numberOfRobotsOnWhiteSite
10638,22,22
timeStep,numberOfRobotsOnBlackSite,numberOfRobotsOnWhiteSite
10639,22,22
timeStep,numberOfRobotsOnBlackSite,numberOfRobotsOnWhiteSite
10640,22,22
timeStep,numberOfRobotsOnBlackSite,numberOfRobotsOnWhiteSite
10641,22,22
timeStep,numberOfRobotsOnBlackSite,numberOfRobotsOnWhiteSite
10642,22,22
timeStep,numberOfRobotsOnBlackSite,numberOfRobotsOnWhiteSite
10643,22,22
timeStep,numberOfRobotsOnBlackSite,numberOfRobotsOnWhiteSite
10644,22,22
timeStep,numberOfRobotsOnBlackSite,numberOfRobotsOnWhiteSite
10645,22,22
timeStep,numberOfRobotsOnBlackSite,numberOfRobotsOnWhiteSite
10646,22,22
timeStep,numberOfRobotsOnBlackSite,numberOfRobotsOnWhiteSite
10647,22,22
timeStep,numberOfRobotsOnBlackSite,numberOfRobotsOnWhiteSite
10648,22,22
timeStep,numberOfRobotsOnBlackSite,numberOfRobotsOnWhiteSite
10649,22,22
timeStep,numberOfRobotsOnBlackSite,numberOfRobotsOnWhiteSite
10650,22,22
timeStep,numberOfRobotsOnBlackSite,numberOfRobotsOnWhiteSite
10651,22,22
timeStep,numberOfRobotsOnBlackSite,numberOfRobotsOnWhiteSite
10652,22,22
timeStep,numberOfRobotsOnBlackSite,numberOfRobotsOnWhiteSite
10653,22,22
timeStep,numberOfRobotsOnBlackSite,numberOfRobotsOnWhiteSite
10654,22,22
timeStep,numberOfRobotsOnBlackSite,numberOfRobotsOnWhiteSite
10655,22,22
timeStep,numberOfRobotsOnBlackSite,numberOfRobotsOnWhiteSite
10656,22,22
timeStep,numberOfRobotsOnBlackSite,numberOfRobotsOnWhiteSite
10657,22,22
timeStep,numberOfRobotsOnBlackSite,numberOfRobotsOnWhiteSite
10658,22,22
timeStep,numberOfRobotsOnBlackSite,numberOfRobotsOnWhiteSite
10659,22,22
timeStep,numberOfRobotsOnBlackSite,numberOfRobotsOnWhiteSite
10660,22,22
timeStep,numberOfRobotsOnBlackSite,numberOfRobotsOnWhiteSite
10661,22,22
timeStep,numberOfRobotsOnBlackSite,numberOfRobotsOnWhiteSite
10662,22,22
timeStep,numberOfRobotsOnBlackSite,numberOfRobotsOnWhiteSite
10663,22,22
timeStep,numberOfRobotsOnBlackSite,numberOfRobotsOnWhiteSite
10664,22,22
timeStep,numberOfRobotsOnBlackSite,numberOfRobotsOnWhiteSite
10665,22,22
timeStep,numberOfRobotsOnBlackSite,numberOfRobotsOnWhiteSite
10666,22,22
timeStep,numberOfRobotsOnBlackSite,numberOfRobotsOnWhiteSite
10667,22,22
timeStep,numberOfRobotsOnBlackSite,numberOfRobotsOnWhiteSite
10668,22,22
timeStep,numberOfRobotsOnBlackSite,numberOfRobotsOnWhiteSite
10669,22,22
timeStep,numberOfRobotsOnBlackSite,numberOfRobotsOnWhiteSite
10670,22,22
timeStep,numberOfRobotsOnBlackSite,numberOfRobotsOnWhiteSite
10671,22,22
timeStep,numberOfRobotsOnBlackSite,numberOfRobotsOnWhiteSite
10672,22,22
timeStep,numberOfRobotsOnBlackSite,numberOfRobotsOnWhiteSite
10673,22,22
timeStep,numberOfRobotsOnBlackSite,numberOfRobotsOnWhiteSite
10674,22,22
timeStep,numberOfRobotsOnBlackSite,numberOfRobotsOnWhiteSite
10675,22,22
timeStep,numberOfRobotsOnBlackSite,numberOfRobotsOnWhiteSite
10676,22,22
timeStep,numberOfRobotsOnBlackSite,numberOfRobotsOnWhiteSite
10677,22,22
timeStep,numberOfRobotsOnBlackSite,numberOfRobotsOnWhiteSite
10678,22,22
timeStep,numberOfRobotsOnBlackSite,numberOfRobotsOnWhiteSite
10679,22,22
timeStep,numberOfRobotsOnBlackSite,numberOfRobotsOnWhiteSite
10680,22,22
timeStep,numberOfRobotsOnBlackSite,numberOfRobotsOnWhiteSite
10681,22,22
timeStep,numberOfRobotsOnBlackSite,numberOfRobotsOnWhiteSite
10682,22,22
timeStep,numberOfRobotsOnBlackSite,numberOfRobotsOnWhiteSite
10683,22,22
timeStep,numberOfRobotsOnBlackSite,numberOfRobotsOnWhiteSite
10684,22,22
timeStep,numberOfRobotsOnBlackSite,numberOfRobotsOnWhiteSite
10685,22,22
timeStep,numberOfRobotsOnBlackSite,numberOfRobotsOnWhiteSite
10686,22,22
timeStep,numberOfRobotsOnBlackSite,numberOfRobotsOnWhiteSite
10687,22,22
timeStep,numberOfRobotsOnBlackSite,numberOfRobotsOnWhiteSite
10688,22,22
timeStep,numberOfRobotsOnBlackSite,numberOfRobotsOnWhiteSite
10689,22,22
timeStep,numberOfRobotsOnBlackSite,numberOfRobotsOnWhiteSite
10690,22,22
timeStep,numberOfRobotsOnBlackSite,numberOfRobotsOnWhiteSite
10691,22,22
timeStep,numberOfRobotsOnBlackSite,numberOfRobotsOnWhiteSite
10692,22,22
timeStep,numberOfRobotsOnBlackSite,numberOfRobotsOnWhiteSite
10693,22,22
timeStep,numberOfRobotsOnBlackSite,numberOfRobotsOnWhiteSite
10694,22,22
timeStep,numberOfRobotsOnBlackSite,numberOfRobotsOnWhiteSite
10695,22,22
timeStep,numberOfRobotsOnBlackSite,numberOfRobotsOnWhiteSite
10696,22,22
timeStep,numberOfRobotsOnBlackSite,numberOfRobotsOnWhiteSite
10697,22,22
timeStep,numberOfRobotsOnBlackSite,numberOfRobotsOnWhiteSite
10698,22,22
timeStep,numberOfRobotsOnBlackSite,numberOfRobotsOnWhiteSite
10699,22,22
timeStep,numberOfRobotsOnBlackSite,numberOfRobotsOnWhiteSite
10700,22,22
timeStep,numberOfRobotsOnBlackSite,numberOfRobotsOnWhiteSite
10701,22,22
timeStep,numberOfRobotsOnBlackSite,numberOfRobotsOnWhiteSite
10702,22,22
timeStep,numberOfRobotsOnBlackSite,numberOfRobotsOnWhiteSite
10703,22,22
timeStep,numberOfRobotsOnBlackSite,numberOfRobotsOnWhiteSite
10704,22,22
timeStep,numberOfRobotsOnBlackSite,numberOfRobotsOnWhiteSite
10705,22,22
timeStep,numberOfRobotsOnBlackSite,numberOfRobotsOnWhiteSite
10706,22,22
timeStep,numberOfRobotsOnBlackSite,numberOfRobotsOnWhiteSite
10707,22,22
timeStep,numberOfRobotsOnBlackSite,numberOfRobotsOnWhiteSite
10708,22,22
timeStep,numberOfRobotsOnBlackSite,numberOfRobotsOnWhiteSite
10709,22,22
timeStep,numberOfRobotsOnBlackSite,numberOfRobotsOnWhiteSite
10710,22,22
timeStep,numberOfRobotsOnBlackSite,numberOfRobotsOnWhiteSite
10711,22,22
timeStep,numberOfRobotsOnBlackSite,numberOfRobotsOnWhiteSite
10712,22,22
timeStep,numberOfRobotsOnBlackSite,numberOfRobotsOnWhiteSite
10713,22,22
timeStep,numberOfRobotsOnBlackSite,numberOfRobotsOnWhiteSite
10714,22,22
timeStep,numberOfRobotsOnBlackSite,numberOfRobotsOnWhiteSite
10715,22,22
timeStep,numberOfRobotsOnBlackSite,numberOfRobotsOnWhiteSite
10716,22,22
timeStep,numberOfRobotsOnBlackSite,numberOfRobotsOnWhiteSite
10717,22,22
timeStep,numberOfRobotsOnBlackSite,numberOfRobotsOnWhiteSite
10718,22,22
timeStep,numberOfRobotsOnBlackSite,numberOfRobotsOnWhiteSite
10719,22,22
timeStep,numberOfRobotsOnBlackSite,numberOfRobotsOnWhiteSite
10720,22,22
timeStep,numberOfRobotsOnBlackSite,numberOfRobotsOnWhiteSite
10721,22,22
timeStep,numberOfRobotsOnBlackSite,numberOfRobotsOnWhiteSite
10722,22,22
timeStep,numberOfRobotsOnBlackSite,numberOfRobotsOnWhiteSite
10723,22,22
timeStep,numberOfRobotsOnBlackSite,numberOfRobotsOnWhiteSite
10724,22,22
timeStep,numberOfRobotsOnBlackSite,numberOfRobotsOnWhiteSite
10725,22,22
timeStep,numberOfRobotsOnBlackSite,numberOfRobotsOnWhiteSite
10726,22,22
timeStep,numberOfRobotsOnBlackSite,numberOfRobotsOnWhiteSite
10727,22,22
timeStep,numberOfRobotsOnBlackSite,numberOfRobotsOnWhiteSite
10728,22,22
timeStep,numberOfRobotsOnBlackSite,numberOfRobotsOnWhiteSite
10729,22,22
timeStep,numberOfRobotsOnBlackSite,numberOfRobotsOnWhiteSite
10730,22,22
timeStep,numberOfRobotsOnBlackSite,numberOfRobotsOnWhiteSite
10731,22,22
timeStep,numberOfRobotsOnBlackSite,numberOfRobotsOnWhiteSite
10732,22,22
timeStep,numberOfRobotsOnBlackSite,numberOfRobotsOnWhiteSite
10733,22,22
timeStep,numberOfRobotsOnBlackSite,numberOfRobotsOnWhiteSite
10734,22,22
timeStep,numberOfRobotsOnBlackSite,numberOfRobotsOnWhiteSite
10735,22,22
timeStep,numberOfRobotsOnBlackSite,numberOfRobotsOnWhiteSite
10736,22,22
timeStep,numberOfRobotsOnBlackSite,numberOfRobotsOnWhiteSite
10737,22,22
timeStep,numberOfRobotsOnBlackSite,numberOfRobotsOnWhiteSite
10738,22,22
timeStep,numberOfRobotsOnBlackSite,numberOfRobotsOnWhiteSite
10739,22,22
timeStep,numberOfRobotsOnBlackSite,numberOfRobotsOnWhiteSite
10740,22,22
timeStep,numberOfRobotsOnBlackSite,numberOfRobotsOnWhiteSite
10741,22,22
timeStep,numberOfRobotsOnBlackSite,numberOfRobotsOnWhiteSite
10742,22,22
timeStep,numberOfRobotsOnBlackSite,numberOfRobotsOnWhiteSite
10743,22,22
timeStep,numberOfRobotsOnBlackSite,numberOfRobotsOnWhiteSite
10744,22,22
timeStep,numberOfRobotsOnBlackSite,numberOfRobotsOnWhiteSite
10745,22,21
timeStep,numberOfRobotsOnBlackSite,numberOfRobotsOnWhiteSite
10746,22,21
timeStep,numberOfRobotsOnBlackSite,numberOfRobotsOnWhiteSite
10747,22,21
timeStep,numberOfRobotsOnBlackSite,numberOfRobotsOnWhiteSite
10748,22,21
timeStep,numberOfRobotsOnBlackSite,numberOfRobotsOnWhiteSite
10749,22,21
timeStep,numberOfRobotsOnBlackSite,numberOfRobotsOnWhiteSite
10750,22,21
timeStep,numberOfRobotsOnBlackSite,numberOfRobotsOnWhiteSite
10751,22,21
timeStep,numberOfRobotsOnBlackSite,numberOfRobotsOnWhiteSite
10752,22,21
timeStep,numberOfRobotsOnBlackSite,numberOfRobotsOnWhiteSite
10753,22,21
timeStep,numberOfRobotsOnBlackSite,numberOfRobotsOnWhiteSite
10754,22,21
timeStep,numberOfRobotsOnBlackSite,numberOfRobotsOnWhiteSite
10755,22,21
timeStep,numberOfRobotsOnBlackSite,numberOfRobotsOnWhiteSite
10756,22,21
timeStep,numberOfRobotsOnBlackSite,numberOfRobotsOnWhiteSite
10757,22,21
timeStep,numberOfRobotsOnBlackSite,numberOfRobotsOnWhiteSite
10758,22,21
timeStep,numberOfRobotsOnBlackSite,numberOfRobotsOnWhiteSite
10759,22,21
timeStep,numberOfRobotsOnBlackSite,numberOfRobotsOnWhiteSite
10760,22,21
timeStep,numberOfRobotsOnBlackSite,numberOfRobotsOnWhiteSite
10761,22,21
timeStep,numberOfRobotsOnBlackSite,numberOfRobotsOnWhiteSite
10762,22,21
timeStep,numberOfRobotsOnBlackSite,numberOfRobotsOnWhiteSite
10763,22,21
timeStep,numberOfRobotsOnBlackSite,numberOfRobotsOnWhiteSite
10764,22,21
timeStep,numberOfRobotsOnBlackSite,numberOfRobotsOnWhiteSite
10765,22,21
timeStep,numberOfRobotsOnBlackSite,numberOfRobotsOnWhiteSite
10766,22,21
timeStep,numberOfRobotsOnBlackSite,numberOfRobotsOnWhiteSite
10767,22,21
timeStep,numberOfRobotsOnBlackSite,numberOfRobotsOnWhiteSite
10768,22,21
timeStep,numberOfRobotsOnBlackSite,numberOfRobotsOnWhiteSite
10769,22,21
timeStep,numberOfRobotsOnBlackSite,numberOfRobotsOnWhiteSite
10770,22,21
timeStep,numberOfRobotsOnBlackSite,numberOfRobotsOnWhiteSite
10771,22,21
timeStep,numberOfRobotsOnBlackSite,numberOfRobotsOnWhiteSite
10772,22,21
timeStep,numberOfRobotsOnBlackSite,numberOfRobotsOnWhiteSite
10773,22,21
timeStep,numberOfRobotsOnBlackSite,numberOfRobotsOnWhiteSite
10774,22,21
timeStep,numberOfRobotsOnBlackSite,numberOfRobotsOnWhiteSite
10775,22,21
timeStep,numberOfRobotsOnBlackSite,numberOfRobotsOnWhiteSite
10776,22,21
timeStep,numberOfRobotsOnBlackSite,numberOfRobotsOnWhiteSite
10777,22,21
timeStep,numberOfRobotsOnBlackSite,numberOfRobotsOnWhiteSite
10778,22,21
timeStep,numberOfRobotsOnBlackSite,numberOfRobotsOnWhiteSite
10779,22,21
timeStep,numberOfRobotsOnBlackSite,numberOfRobotsOnWhiteSite
10780,22,21
timeStep,numberOfRobotsOnBlackSite,numberOfRobotsOnWhiteSite
10781,22,21
timeStep,numberOfRobotsOnBlackSite,numberOfRobotsOnWhiteSite
10782,22,21
timeStep,numberOfRobotsOnBlackSite,numberOfRobotsOnWhiteSite
10783,22,21
timeStep,numberOfRobotsOnBlackSite,numberOfRobotsOnWhiteSite
10784,22,21
timeStep,numberOfRobotsOnBlackSite,numberOfRobotsOnWhiteSite
10785,22,21
timeStep,numberOfRobotsOnBlackSite,numberOfRobotsOnWhiteSite
10786,22,21
timeStep,numberOfRobotsOnBlackSite,numberOfRobotsOnWhiteSite
10787,22,21
timeStep,numberOfRobotsOnBlackSite,numberOfRobotsOnWhiteSite
10788,22,21
timeStep,numberOfRobotsOnBlackSite,numberOfRobotsOnWhiteSite
10789,22,21
timeStep,numberOfRobotsOnBlackSite,numberOfRobotsOnWhiteSite
10790,22,21
timeStep,numberOfRobotsOnBlackSite,numberOfRobotsOnWhiteSite
10791,22,21
timeStep,numberOfRobotsOnBlackSite,numberOfRobotsOnWhiteSite
10792,22,21
timeStep,numberOfRobotsOnBlackSite,numberOfRobotsOnWhiteSite
10793,22,21
timeStep,numberOfRobotsOnBlackSite,numberOfRobotsOnWhiteSite
10794,22,21
timeStep,numberOfRobotsOnBlackSite,numberOfRobotsOnWhiteSite
10795,22,21
timeStep,numberOfRobotsOnBlackSite,numberOfRobotsOnWhiteSite
10796,22,21
timeStep,numberOfRobotsOnBlackSite,numberOfRobotsOnWhiteSite
10797,22,21
timeStep,numberOfRobotsOnBlackSite,numberOfRobotsOnWhiteSite
10798,22,21
timeStep,numberOfRobotsOnBlackSite,numberOfRobotsOnWhiteSite
10799,22,21
timeStep,numberOfRobotsOnBlackSite,numberOfRobotsOnWhiteSite
10800,22,21
timeStep,numberOfRobotsOnBlackSite,numberOfRobotsOnWhiteSite
10801,22,21
timeStep,numberOfRobotsOnBlackSite,numberOfRobotsOnWhiteSite
10802,22,21
timeStep,numberOfRobotsOnBlackSite,numberOfRobotsOnWhiteSite
10803,22,21
timeStep,numberOfRobotsOnBlackSite,numberOfRobotsOnWhiteSite
10804,22,21
timeStep,numberOfRobotsOnBlackSite,numberOfRobotsOnWhiteSite
10805,22,21
timeStep,numberOfRobotsOnBlackSite,numberOfRobotsOnWhiteSite
10806,22,21
timeStep,numberOfRobotsOnBlackSite,numberOfRobotsOnWhiteSite
10807,22,21
timeStep,numberOfRobotsOnBlackSite,numberOfRobotsOnWhiteSite
10808,22,21
timeStep,numberOfRobotsOnBlackSite,numberOfRobotsOnWhiteSite
10809,22,21
timeStep,numberOfRobotsOnBlackSite,numberOfRobotsOnWhiteSite
10810,22,21
timeStep,numberOfRobotsOnBlackSite,numberOfRobotsOnWhiteSite
10811,22,21
timeStep,numberOfRobotsOnBlackSite,numberOfRobotsOnWhiteSite
10812,22,21
timeStep,numberOfRobotsOnBlackSite,numberOfRobotsOnWhiteSite
10813,22,21
timeStep,numberOfRobotsOnBlackSite,numberOfRobotsOnWhiteSite
10814,22,21
timeStep,numberOfRobotsOnBlackSite,numberOfRobotsOnWhiteSite
10815,22,21
timeStep,numberOfRobotsOnBlackSite,numberOfRobotsOnWhiteSite
10816,22,21
timeStep,numberOfRobotsOnBlackSite,numberOfRobotsOnWhiteSite
10817,22,21
timeStep,numberOfRobotsOnBlackSite,numberOfRobotsOnWhiteSite
10818,22,21
timeStep,numberOfRobotsOnBlackSite,numberOfRobotsOnWhiteSite
10819,22,21
timeStep,numberOfRobotsOnBlackSite,numberOfRobotsOnWhiteSite
10820,22,21
timeStep,numberOfRobotsOnBlackSite,numberOfRobotsOnWhiteSite
10821,22,21
timeStep,numberOfRobotsOnBlackSite,numberOfRobotsOnWhiteSite
10822,22,21
timeStep,numberOfRobotsOnBlackSite,numberOfRobotsOnWhiteSite
10823,22,21
timeStep,numberOfRobotsOnBlackSite,numberOfRobotsOnWhiteSite
10824,22,21
timeStep,numberOfRobotsOnBlackSite,numberOfRobotsOnWhiteSite
10825,22,21
timeStep,numberOfRobotsOnBlackSite,numberOfRobotsOnWhiteSite
10826,22,21
timeStep,numberOfRobotsOnBlackSite,numberOfRobotsOnWhiteSite
10827,22,21
timeStep,numberOfRobotsOnBlackSite,numberOfRobotsOnWhiteSite
10828,22,21
timeStep,numberOfRobotsOnBlackSite,numberOfRobotsOnWhiteSite
10829,22,21
timeStep,numberOfRobotsOnBlackSite,numberOfRobotsOnWhiteSite
10830,22,21
timeStep,numberOfRobotsOnBlackSite,numberOfRobotsOnWhiteSite
10831,22,21
timeStep,numberOfRobotsOnBlackSite,numberOfRobotsOnWhiteSite
10832,22,21
timeStep,numberOfRobotsOnBlackSite,numberOfRobotsOnWhiteSite
10833,22,21
timeStep,numberOfRobotsOnBlackSite,numberOfRobotsOnWhiteSite
10834,22,21
timeStep,numberOfRobotsOnBlackSite,numberOfRobotsOnWhiteSite
10835,22,21
timeStep,numberOfRobotsOnBlackSite,numberOfRobotsOnWhiteSite
10836,22,21
timeStep,numberOfRobotsOnBlackSite,numberOfRobotsOnWhiteSite
10837,22,21
timeStep,numberOfRobotsOnBlackSite,numberOfRobotsOnWhiteSite
10838,22,21
timeStep,numberOfRobotsOnBlackSite,numberOfRobotsOnWhiteSite
10839,22,21
timeStep,numberOfRobotsOnBlackSite,numberOfRobotsOnWhiteSite
10840,22,21
timeStep,numberOfRobotsOnBlackSite,numberOfRobotsOnWhiteSite
10841,22,21
timeStep,numberOfRobotsOnBlackSite,numberOfRobotsOnWhiteSite
10842,22,21
timeStep,numberOfRobotsOnBlackSite,numberOfRobotsOnWhiteSite
10843,22,21
timeStep,numberOfRobotsOnBlackSite,numberOfRobotsOnWhiteSite
10844,22,21
timeStep,numberOfRobotsOnBlackSite,numberOfRobotsOnWhiteSite
10845,22,21
timeStep,numberOfRobotsOnBlackSite,numberOfRobotsOnWhiteSite
10846,22,21
timeStep,numberOfRobotsOnBlackSite,numberOfRobotsOnWhiteSite
10847,22,21
timeStep,numberOfRobotsOnBlackSite,numberOfRobotsOnWhiteSite
10848,22,21
timeStep,numberOfRobotsOnBlackSite,numberOfRobotsOnWhiteSite
10849,22,21
timeStep,numberOfRobotsOnBlackSite,numberOfRobotsOnWhiteSite
10850,22,21
timeStep,numberOfRobotsOnBlackSite,numberOfRobotsOnWhiteSite
10851,22,21
timeStep,numberOfRobotsOnBlackSite,numberOfRobotsOnWhiteSite
10852,22,21
timeStep,numberOfRobotsOnBlackSite,numberOfRobotsOnWhiteSite
10853,22,21
timeStep,numberOfRobotsOnBlackSite,numberOfRobotsOnWhiteSite
10854,22,21
timeStep,numberOfRobotsOnBlackSite,numberOfRobotsOnWhiteSite
10855,22,21
timeStep,numberOfRobotsOnBlackSite,numberOfRobotsOnWhiteSite
10856,22,21
timeStep,numberOfRobotsOnBlackSite,numberOfRobotsOnWhiteSite
10857,22,21
timeStep,numberOfRobotsOnBlackSite,numberOfRobotsOnWhiteSite
10858,22,21
timeStep,numberOfRobotsOnBlackSite,numberOfRobotsOnWhiteSite
10859,22,21
timeStep,numberOfRobotsOnBlackSite,numberOfRobotsOnWhiteSite
10860,23,21
timeStep,numberOfRobotsOnBlackSite,numberOfRobotsOnWhiteSite
10861,23,21
timeStep,numberOfRobotsOnBlackSite,numberOfRobotsOnWhiteSite
10862,23,21
timeStep,numberOfRobotsOnBlackSite,numberOfRobotsOnWhiteSite
10863,23,21
timeStep,numberOfRobotsOnBlackSite,numberOfRobotsOnWhiteSite
10864,23,21
timeStep,numberOfRobotsOnBlackSite,numberOfRobotsOnWhiteSite
10865,23,21
timeStep,numberOfRobotsOnBlackSite,numberOfRobotsOnWhiteSite
10866,23,21
timeStep,numberOfRobotsOnBlackSite,numberOfRobotsOnWhiteSite
10867,23,21
timeStep,numberOfRobotsOnBlackSite,numberOfRobotsOnWhiteSite
10868,23,21
timeStep,numberOfRobotsOnBlackSite,numberOfRobotsOnWhiteSite
10869,23,21
timeStep,numberOfRobotsOnBlackSite,numberOfRobotsOnWhiteSite
10870,23,21
timeStep,numberOfRobotsOnBlackSite,numberOfRobotsOnWhiteSite
10871,23,21
timeStep,numberOfRobotsOnBlackSite,numberOfRobotsOnWhiteSite
10872,23,21
timeStep,numberOfRobotsOnBlackSite,numberOfRobotsOnWhiteSite
10873,23,21
timeStep,numberOfRobotsOnBlackSite,numberOfRobotsOnWhiteSite
10874,23,21
timeStep,numberOfRobotsOnBlackSite,numberOfRobotsOnWhiteSite
10875,23,21
timeStep,numberOfRobotsOnBlackSite,numberOfRobotsOnWhiteSite
10876,23,21
timeStep,numberOfRobotsOnBlackSite,numberOfRobotsOnWhiteSite
10877,23,21
timeStep,numberOfRobotsOnBlackSite,numberOfRobotsOnWhiteSite
10878,23,21
timeStep,numberOfRobotsOnBlackSite,numberOfRobotsOnWhiteSite
10879,23,21
timeStep,numberOfRobotsOnBlackSite,numberOfRobotsOnWhiteSite
10880,23,21
timeStep,numberOfRobotsOnBlackSite,numberOfRobotsOnWhiteSite
10881,23,21
timeStep,numberOfRobotsOnBlackSite,numberOfRobotsOnWhiteSite
10882,23,21
timeStep,numberOfRobotsOnBlackSite,numberOfRobotsOnWhiteSite
10883,23,21
timeStep,numberOfRobotsOnBlackSite,numberOfRobotsOnWhiteSite
10884,23,21
timeStep,numberOfRobotsOnBlackSite,numberOfRobotsOnWhiteSite
10885,23,21
timeStep,numberOfRobotsOnBlackSite,numberOfRobotsOnWhiteSite
10886,23,21
timeStep,numberOfRobotsOnBlackSite,numberOfRobotsOnWhiteSite
10887,23,21
timeStep,numberOfRobotsOnBlackSite,numberOfRobotsOnWhiteSite
10888,23,21
timeStep,numberOfRobotsOnBlackSite,numberOfRobotsOnWhiteSite
10889,23,21
timeStep,numberOfRobotsOnBlackSite,numberOfRobotsOnWhiteSite
10890,23,21
timeStep,numberOfRobotsOnBlackSite,numberOfRobotsOnWhiteSite
10891,23,21
timeStep,numberOfRobotsOnBlackSite,numberOfRobotsOnWhiteSite
10892,23,21
timeStep,numberOfRobotsOnBlackSite,numberOfRobotsOnWhiteSite
10893,23,21
timeStep,numberOfRobotsOnBlackSite,numberOfRobotsOnWhiteSite
10894,23,21
timeStep,numberOfRobotsOnBlackSite,numberOfRobotsOnWhiteSite
10895,23,21
timeStep,numberOfRobotsOnBlackSite,numberOfRobotsOnWhiteSite
10896,23,21
timeStep,numberOfRobotsOnBlackSite,numberOfRobotsOnWhiteSite
10897,23,21
timeStep,numberOfRobotsOnBlackSite,numberOfRobotsOnWhiteSite
10898,23,21
timeStep,numberOfRobotsOnBlackSite,numberOfRobotsOnWhiteSite
10899,23,21
timeStep,numberOfRobotsOnBlackSite,numberOfRobotsOnWhiteSite
10900,23,21
timeStep,numberOfRobotsOnBlackSite,numberOfRobotsOnWhiteSite
10901,23,21
timeStep,numberOfRobotsOnBlackSite,numberOfRobotsOnWhiteSite
10902,23,21
timeStep,numberOfRobotsOnBlackSite,numberOfRobotsOnWhiteSite
10903,23,21
timeStep,numberOfRobotsOnBlackSite,numberOfRobotsOnWhiteSite
10904,23,21
timeStep,numberOfRobotsOnBlackSite,numberOfRobotsOnWhiteSite
10905,23,21
timeStep,numberOfRobotsOnBlackSite,numberOfRobotsOnWhiteSite
10906,23,21
timeStep,numberOfRobotsOnBlackSite,numberOfRobotsOnWhiteSite
10907,23,21
timeStep,numberOfRobotsOnBlackSite,numberOfRobotsOnWhiteSite
10908,23,21
timeStep,numberOfRobotsOnBlackSite,numberOfRobotsOnWhiteSite
10909,23,21
timeStep,numberOfRobotsOnBlackSite,numberOfRobotsOnWhiteSite
10910,23,21
timeStep,numberOfRobotsOnBlackSite,numberOfRobotsOnWhiteSite
10911,23,21
timeStep,numberOfRobotsOnBlackSite,numberOfRobotsOnWhiteSite
10912,23,21
timeStep,numberOfRobotsOnBlackSite,numberOfRobotsOnWhiteSite
10913,23,21
timeStep,numberOfRobotsOnBlackSite,numberOfRobotsOnWhiteSite
10914,23,21
timeStep,numberOfRobotsOnBlackSite,numberOfRobotsOnWhiteSite
10915,23,21
timeStep,numberOfRobotsOnBlackSite,numberOfRobotsOnWhiteSite
10916,23,21
timeStep,numberOfRobotsOnBlackSite,numberOfRobotsOnWhiteSite
10917,23,21
timeStep,numberOfRobotsOnBlackSite,numberOfRobotsOnWhiteSite
10918,23,21
timeStep,numberOfRobotsOnBlackSite,numberOfRobotsOnWhiteSite
10919,23,21
timeStep,numberOfRobotsOnBlackSite,numberOfRobotsOnWhiteSite
10920,23,21
timeStep,numberOfRobotsOnBlackSite,numberOfRobotsOnWhiteSite
10921,23,21
timeStep,numberOfRobotsOnBlackSite,numberOfRobotsOnWhiteSite
10922,23,21
timeStep,numberOfRobotsOnBlackSite,numberOfRobotsOnWhiteSite
10923,23,21
timeStep,numberOfRobotsOnBlackSite,numberOfRobotsOnWhiteSite
10924,23,21
timeStep,numberOfRobotsOnBlackSite,numberOfRobotsOnWhiteSite
10925,22,21
timeStep,numberOfRobotsOnBlackSite,numberOfRobotsOnWhiteSite
10926,22,21
timeStep,numberOfRobotsOnBlackSite,numberOfRobotsOnWhiteSite
10927,22,21
timeStep,numberOfRobotsOnBlackSite,numberOfRobotsOnWhiteSite
10928,22,21
timeStep,numberOfRobotsOnBlackSite,numberOfRobotsOnWhiteSite
10929,22,21
timeStep,numberOfRobotsOnBlackSite,numberOfRobotsOnWhiteSite
10930,22,21
timeStep,numberOfRobotsOnBlackSite,numberOfRobotsOnWhiteSite
10931,22,21
timeStep,numberOfRobotsOnBlackSite,numberOfRobotsOnWhiteSite
10932,22,21
timeStep,numberOfRobotsOnBlackSite,numberOfRobotsOnWhiteSite
10933,22,21
timeStep,numberOfRobotsOnBlackSite,numberOfRobotsOnWhiteSite
10934,22,21
timeStep,numberOfRobotsOnBlackSite,numberOfRobotsOnWhiteSite
10935,22,21
timeStep,numberOfRobotsOnBlackSite,numberOfRobotsOnWhiteSite
10936,22,21
timeStep,numberOfRobotsOnBlackSite,numberOfRobotsOnWhiteSite
10937,22,21
timeStep,numberOfRobotsOnBlackSite,numberOfRobotsOnWhiteSite
10938,22,21
timeStep,numberOfRobotsOnBlackSite,numberOfRobotsOnWhiteSite
10939,22,21
timeStep,numberOfRobotsOnBlackSite,numberOfRobotsOnWhiteSite
10940,22,21
timeStep,numberOfRobotsOnBlackSite,numberOfRobotsOnWhiteSite
10941,22,21
timeStep,numberOfRobotsOnBlackSite,numberOfRobotsOnWhiteSite
10942,22,21
timeStep,numberOfRobotsOnBlackSite,numberOfRobotsOnWhiteSite
10943,22,21
timeStep,numberOfRobotsOnBlackSite,numberOfRobotsOnWhiteSite
10944,22,21
timeStep,numberOfRobotsOnBlackSite,numberOfRobotsOnWhiteSite
10945,23,21
timeStep,numberOfRobotsOnBlackSite,numberOfRobotsOnWhiteSite
10946,23,21
timeStep,numberOfRobotsOnBlackSite,numberOfRobotsOnWhiteSite
10947,23,21
timeStep,numberOfRobotsOnBlackSite,numberOfRobotsOnWhiteSite
10948,23,21
timeStep,numberOfRobotsOnBlackSite,numberOfRobotsOnWhiteSite
10949,23,21
timeStep,numberOfRobotsOnBlackSite,numberOfRobotsOnWhiteSite
10950,23,21
timeStep,numberOfRobotsOnBlackSite,numberOfRobotsOnWhiteSite
10951,23,21
timeStep,numberOfRobotsOnBlackSite,numberOfRobotsOnWhiteSite
10952,23,21
timeStep,numberOfRobotsOnBlackSite,numberOfRobotsOnWhiteSite
10953,23,21
timeStep,numberOfRobotsOnBlackSite,numberOfRobotsOnWhiteSite
10954,23,21
timeStep,numberOfRobotsOnBlackSite,numberOfRobotsOnWhiteSite
10955,23,21
timeStep,numberOfRobotsOnBlackSite,numberOfRobotsOnWhiteSite
10956,23,21
timeStep,numberOfRobotsOnBlackSite,numberOfRobotsOnWhiteSite
10957,23,21
timeStep,numberOfRobotsOnBlackSite,numberOfRobotsOnWhiteSite
10958,23,21
timeStep,numberOfRobotsOnBlackSite,numberOfRobotsOnWhiteSite
10959,23,21
timeStep,numberOfRobotsOnBlackSite,numberOfRobotsOnWhiteSite
10960,22,21
timeStep,numberOfRobotsOnBlackSite,numberOfRobotsOnWhiteSite
10961,22,21
timeStep,numberOfRobotsOnBlackSite,numberOfRobotsOnWhiteSite
10962,22,21
timeStep,numberOfRobotsOnBlackSite,numberOfRobotsOnWhiteSite
10963,22,21
timeStep,numberOfRobotsOnBlackSite,numberOfRobotsOnWhiteSite
10964,22,21
timeStep,numberOfRobotsOnBlackSite,numberOfRobotsOnWhiteSite
10965,22,21
timeStep,numberOfRobotsOnBlackSite,numberOfRobotsOnWhiteSite
10966,22,21
timeStep,numberOfRobotsOnBlackSite,numberOfRobotsOnWhiteSite
10967,22,21
timeStep,numberOfRobotsOnBlackSite,numberOfRobotsOnWhiteSite
10968,22,21
timeStep,numberOfRobotsOnBlackSite,numberOfRobotsOnWhiteSite
10969,22,21
timeStep,numberOfRobotsOnBlackSite,numberOfRobotsOnWhiteSite
10970,22,21
timeStep,numberOfRobotsOnBlackSite,numberOfRobotsOnWhiteSite
10971,22,21
timeStep,numberOfRobotsOnBlackSite,numberOfRobotsOnWhiteSite
10972,22,21
timeStep,numberOfRobotsOnBlackSite,numberOfRobotsOnWhiteSite
10973,22,21
timeStep,numberOfRobotsOnBlackSite,numberOfRobotsOnWhiteSite
10974,22,21
timeStep,numberOfRobotsOnBlackSite,numberOfRobotsOnWhiteSite
10975,22,21
timeStep,numberOfRobotsOnBlackSite,numberOfRobotsOnWhiteSite
10976,22,21
timeStep,numberOfRobotsOnBlackSite,numberOfRobotsOnWhiteSite
10977,22,21
timeStep,numberOfRobotsOnBlackSite,numberOfRobotsOnWhiteSite
10978,22,21
timeStep,numberOfRobotsOnBlackSite,numberOfRobotsOnWhiteSite
10979,22,21
timeStep,numberOfRobotsOnBlackSite,numberOfRobotsOnWhiteSite
10980,22,21
timeStep,numberOfRobotsOnBlackSite,numberOfRobotsOnWhiteSite
10981,22,21
timeStep,numberOfRobotsOnBlackSite,numberOfRobotsOnWhiteSite
10982,22,21
timeStep,numberOfRobotsOnBlackSite,numberOfRobotsOnWhiteSite
10983,22,21
timeStep,numberOfRobotsOnBlackSite,numberOfRobotsOnWhiteSite
10984,22,21
timeStep,numberOfRobotsOnBlackSite,numberOfRobotsOnWhiteSite
10985,22,21
timeStep,numberOfRobotsOnBlackSite,numberOfRobotsOnWhiteSite
10986,22,21
timeStep,numberOfRobotsOnBlackSite,numberOfRobotsOnWhiteSite
10987,22,21
timeStep,numberOfRobotsOnBlackSite,numberOfRobotsOnWhiteSite
10988,22,21
timeStep,numberOfRobotsOnBlackSite,numberOfRobotsOnWhiteSite
10989,22,21
timeStep,numberOfRobotsOnBlackSite,numberOfRobotsOnWhiteSite
10990,22,21
timeStep,numberOfRobotsOnBlackSite,numberOfRobotsOnWhiteSite
10991,22,21
timeStep,numberOfRobotsOnBlackSite,numberOfRobotsOnWhiteSite
10992,22,21
timeStep,numberOfRobotsOnBlackSite,numberOfRobotsOnWhiteSite
10993,22,21
timeStep,numberOfRobotsOnBlackSite,numberOfRobotsOnWhiteSite
10994,22,21
timeStep,numberOfRobotsOnBlackSite,numberOfRobotsOnWhiteSite
10995,22,21
timeStep,numberOfRobotsOnBlackSite,numberOfRobotsOnWhiteSite
10996,22,21
timeStep,numberOfRobotsOnBlackSite,numberOfRobotsOnWhiteSite
10997,22,21
timeStep,numberOfRobotsOnBlackSite,numberOfRobotsOnWhiteSite
10998,22,21
timeStep,numberOfRobotsOnBlackSite,numberOfRobotsOnWhiteSite
10999,22,21
timeStep,numberOfRobotsOnBlackSite,numberOfRobotsOnWhiteSite
11000,22,21
timeStep,numberOfRobotsOnBlackSite,numberOfRobotsOnWhiteSite
11001,22,21
timeStep,numberOfRobotsOnBlackSite,numberOfRobotsOnWhiteSite
11002,22,21
timeStep,numberOfRobotsOnBlackSite,numberOfRobotsOnWhiteSite
11003,22,21
timeStep,numberOfRobotsOnBlackSite,numberOfRobotsOnWhiteSite
11004,22,21
timeStep,numberOfRobotsOnBlackSite,numberOfRobotsOnWhiteSite
11005,22,21
timeStep,numberOfRobotsOnBlackSite,numberOfRobotsOnWhiteSite
11006,22,21
timeStep,numberOfRobotsOnBlackSite,numberOfRobotsOnWhiteSite
11007,22,21
timeStep,numberOfRobotsOnBlackSite,numberOfRobotsOnWhiteSite
11008,22,21
timeStep,numberOfRobotsOnBlackSite,numberOfRobotsOnWhiteSite
11009,22,21
timeStep,numberOfRobotsOnBlackSite,numberOfRobotsOnWhiteSite
11010,22,21
timeStep,numberOfRobotsOnBlackSite,numberOfRobotsOnWhiteSite
11011,22,21
timeStep,numberOfRobotsOnBlackSite,numberOfRobotsOnWhiteSite
11012,22,21
timeStep,numberOfRobotsOnBlackSite,numberOfRobotsOnWhiteSite
11013,22,21
timeStep,numberOfRobotsOnBlackSite,numberOfRobotsOnWhiteSite
11014,22,21
timeStep,numberOfRobotsOnBlackSite,numberOfRobotsOnWhiteSite
11015,22,21
timeStep,numberOfRobotsOnBlackSite,numberOfRobotsOnWhiteSite
11016,22,21
timeStep,numberOfRobotsOnBlackSite,numberOfRobotsOnWhiteSite
11017,22,21
timeStep,numberOfRobotsOnBlackSite,numberOfRobotsOnWhiteSite
11018,22,21
timeStep,numberOfRobotsOnBlackSite,numberOfRobotsOnWhiteSite
11019,22,21
timeStep,numberOfRobotsOnBlackSite,numberOfRobotsOnWhiteSite
11020,22,21
timeStep,numberOfRobotsOnBlackSite,numberOfRobotsOnWhiteSite
11021,22,21
timeStep,numberOfRobotsOnBlackSite,numberOfRobotsOnWhiteSite
11022,22,21
timeStep,numberOfRobotsOnBlackSite,numberOfRobotsOnWhiteSite
11023,22,21
timeStep,numberOfRobotsOnBlackSite,numberOfRobotsOnWhiteSite
11024,22,21
timeStep,numberOfRobotsOnBlackSite,numberOfRobotsOnWhiteSite
11025,22,21
timeStep,numberOfRobotsOnBlackSite,numberOfRobotsOnWhiteSite
11026,22,21
timeStep,numberOfRobotsOnBlackSite,numberOfRobotsOnWhiteSite
11027,22,21
timeStep,numberOfRobotsOnBlackSite,numberOfRobotsOnWhiteSite
11028,22,21
timeStep,numberOfRobotsOnBlackSite,numberOfRobotsOnWhiteSite
11029,22,21
timeStep,numberOfRobotsOnBlackSite,numberOfRobotsOnWhiteSite
11030,22,21
timeStep,numberOfRobotsOnBlackSite,numberOfRobotsOnWhiteSite
11031,22,21
timeStep,numberOfRobotsOnBlackSite,numberOfRobotsOnWhiteSite
11032,22,21
timeStep,numberOfRobotsOnBlackSite,numberOfRobotsOnWhiteSite
11033,22,21
timeStep,numberOfRobotsOnBlackSite,numberOfRobotsOnWhiteSite
11034,22,21
timeStep,numberOfRobotsOnBlackSite,numberOfRobotsOnWhiteSite
11035,22,21
timeStep,numberOfRobotsOnBlackSite,numberOfRobotsOnWhiteSite
11036,22,21
timeStep,numberOfRobotsOnBlackSite,numberOfRobotsOnWhiteSite
11037,22,21
timeStep,numberOfRobotsOnBlackSite,numberOfRobotsOnWhiteSite
11038,22,21
timeStep,numberOfRobotsOnBlackSite,numberOfRobotsOnWhiteSite
11039,22,21
timeStep,numberOfRobotsOnBlackSite,numberOfRobotsOnWhiteSite
11040,22,21
timeStep,numberOfRobotsOnBlackSite,numberOfRobotsOnWhiteSite
11041,22,21
timeStep,numberOfRobotsOnBlackSite,numberOfRobotsOnWhiteSite
11042,22,21
timeStep,numberOfRobotsOnBlackSite,numberOfRobotsOnWhiteSite
11043,22,21
timeStep,numberOfRobotsOnBlackSite,numberOfRobotsOnWhiteSite
11044,22,21
timeStep,numberOfRobotsOnBlackSite,numberOfRobotsOnWhiteSite
11045,22,21
timeStep,numberOfRobotsOnBlackSite,numberOfRobotsOnWhiteSite
11046,22,21
timeStep,numberOfRobotsOnBlackSite,numberOfRobotsOnWhiteSite
11047,22,21
timeStep,numberOfRobotsOnBlackSite,numberOfRobotsOnWhiteSite
11048,22,21
timeStep,numberOfRobotsOnBlackSite,numberOfRobotsOnWhiteSite
11049,22,21
timeStep,numberOfRobotsOnBlackSite,numberOfRobotsOnWhiteSite
11050,22,21
timeStep,numberOfRobotsOnBlackSite,numberOfRobotsOnWhiteSite
11051,22,21
timeStep,numberOfRobotsOnBlackSite,numberOfRobotsOnWhiteSite
11052,22,21
timeStep,numberOfRobotsOnBlackSite,numberOfRobotsOnWhiteSite
11053,22,21
timeStep,numberOfRobotsOnBlackSite,numberOfRobotsOnWhiteSite
11054,22,21
timeStep,numberOfRobotsOnBlackSite,numberOfRobotsOnWhiteSite
11055,22,21
timeStep,numberOfRobotsOnBlackSite,numberOfRobotsOnWhiteSite
11056,22,21
timeStep,numberOfRobotsOnBlackSite,numberOfRobotsOnWhiteSite
11057,22,21
timeStep,numberOfRobotsOnBlackSite,numberOfRobotsOnWhiteSite
11058,22,21
timeStep,numberOfRobotsOnBlackSite,numberOfRobotsOnWhiteSite
11059,22,21
timeStep,numberOfRobotsOnBlackSite,numberOfRobotsOnWhiteSite
11060,22,21
timeStep,numberOfRobotsOnBlackSite,numberOfRobotsOnWhiteSite
11061,22,21
timeStep,numberOfRobotsOnBlackSite,numberOfRobotsOnWhiteSite
11062,22,21
timeStep,numberOfRobotsOnBlackSite,numberOfRobotsOnWhiteSite
11063,22,21
timeStep,numberOfRobotsOnBlackSite,numberOfRobotsOnWhiteSite
11064,22,21
timeStep,numberOfRobotsOnBlackSite,numberOfRobotsOnWhiteSite
11065,22,21
timeStep,numberOfRobotsOnBlackSite,numberOfRobotsOnWhiteSite
11066,22,21
timeStep,numberOfRobotsOnBlackSite,numberOfRobotsOnWhiteSite
11067,22,21
timeStep,numberOfRobotsOnBlackSite,numberOfRobotsOnWhiteSite
11068,22,21
timeStep,numberOfRobotsOnBlackSite,numberOfRobotsOnWhiteSite
11069,22,21
timeStep,numberOfRobotsOnBlackSite,numberOfRobotsOnWhiteSite
11070,22,21
timeStep,numberOfRobotsOnBlackSite,numberOfRobotsOnWhiteSite
11071,22,21
timeStep,numberOfRobotsOnBlackSite,numberOfRobotsOnWhiteSite
11072,22,21
timeStep,numberOfRobotsOnBlackSite,numberOfRobotsOnWhiteSite
11073,22,21
timeStep,numberOfRobotsOnBlackSite,numberOfRobotsOnWhiteSite
11074,22,21
timeStep,numberOfRobotsOnBlackSite,numberOfRobotsOnWhiteSite
11075,22,21
timeStep,numberOfRobotsOnBlackSite,numberOfRobotsOnWhiteSite
11076,22,21
timeStep,numberOfRobotsOnBlackSite,numberOfRobotsOnWhiteSite
11077,22,21
timeStep,numberOfRobotsOnBlackSite,numberOfRobotsOnWhiteSite
11078,22,21
timeStep,numberOfRobotsOnBlackSite,numberOfRobotsOnWhiteSite
11079,22,21
timeStep,numberOfRobotsOnBlackSite,numberOfRobotsOnWhiteSite
11080,22,21
timeStep,numberOfRobotsOnBlackSite,numberOfRobotsOnWhiteSite
11081,22,21
timeStep,numberOfRobotsOnBlackSite,numberOfRobotsOnWhiteSite
11082,22,21
timeStep,numberOfRobotsOnBlackSite,numberOfRobotsOnWhiteSite
11083,22,21
timeStep,numberOfRobotsOnBlackSite,numberOfRobotsOnWhiteSite
11084,22,21
timeStep,numberOfRobotsOnBlackSite,numberOfRobotsOnWhiteSite
11085,22,21
timeStep,numberOfRobotsOnBlackSite,numberOfRobotsOnWhiteSite
11086,22,21
timeStep,numberOfRobotsOnBlackSite,numberOfRobotsOnWhiteSite
11087,22,21
timeStep,numberOfRobotsOnBlackSite,numberOfRobotsOnWhiteSite
11088,22,21
timeStep,numberOfRobotsOnBlackSite,numberOfRobotsOnWhiteSite
11089,22,21
timeStep,numberOfRobotsOnBlackSite,numberOfRobotsOnWhiteSite
11090,22,21
timeStep,numberOfRobotsOnBlackSite,numberOfRobotsOnWhiteSite
11091,22,21
timeStep,numberOfRobotsOnBlackSite,numberOfRobotsOnWhiteSite
11092,22,21
timeStep,numberOfRobotsOnBlackSite,numberOfRobotsOnWhiteSite
11093,22,21
timeStep,numberOfRobotsOnBlackSite,numberOfRobotsOnWhiteSite
11094,22,21
timeStep,numberOfRobotsOnBlackSite,numberOfRobotsOnWhiteSite
11095,22,21
timeStep,numberOfRobotsOnBlackSite,numberOfRobotsOnWhiteSite
11096,22,21
timeStep,numberOfRobotsOnBlackSite,numberOfRobotsOnWhiteSite
11097,22,21
timeStep,numberOfRobotsOnBlackSite,numberOfRobotsOnWhiteSite
11098,22,21
timeStep,numberOfRobotsOnBlackSite,numberOfRobotsOnWhiteSite
11099,22,21
timeStep,numberOfRobotsOnBlackSite,numberOfRobotsOnWhiteSite
11100,22,21
timeStep,numberOfRobotsOnBlackSite,numberOfRobotsOnWhiteSite
11101,22,21
timeStep,numberOfRobotsOnBlackSite,numberOfRobotsOnWhiteSite
11102,22,21
timeStep,numberOfRobotsOnBlackSite,numberOfRobotsOnWhiteSite
11103,22,21
timeStep,numberOfRobotsOnBlackSite,numberOfRobotsOnWhiteSite
11104,22,21
timeStep,numberOfRobotsOnBlackSite,numberOfRobotsOnWhiteSite
11105,22,21
timeStep,numberOfRobotsOnBlackSite,numberOfRobotsOnWhiteSite
11106,22,21
timeStep,numberOfRobotsOnBlackSite,numberOfRobotsOnWhiteSite
11107,22,21
timeStep,numberOfRobotsOnBlackSite,numberOfRobotsOnWhiteSite
11108,22,21
timeStep,numberOfRobotsOnBlackSite,numberOfRobotsOnWhiteSite
11109,22,21
timeStep,numberOfRobotsOnBlackSite,numberOfRobotsOnWhiteSite
11110,22,21
timeStep,numberOfRobotsOnBlackSite,numberOfRobotsOnWhiteSite
11111,22,21
timeStep,numberOfRobotsOnBlackSite,numberOfRobotsOnWhiteSite
11112,22,21
timeStep,numberOfRobotsOnBlackSite,numberOfRobotsOnWhiteSite
11113,22,21
timeStep,numberOfRobotsOnBlackSite,numberOfRobotsOnWhiteSite
11114,22,21
timeStep,numberOfRobotsOnBlackSite,numberOfRobotsOnWhiteSite
11115,22,21
timeStep,numberOfRobotsOnBlackSite,numberOfRobotsOnWhiteSite
11116,22,21
timeStep,numberOfRobotsOnBlackSite,numberOfRobotsOnWhiteSite
11117,22,21
timeStep,numberOfRobotsOnBlackSite,numberOfRobotsOnWhiteSite
11118,22,21
timeStep,numberOfRobotsOnBlackSite,numberOfRobotsOnWhiteSite
11119,22,21
timeStep,numberOfRobotsOnBlackSite,numberOfRobotsOnWhiteSite
11120,22,21
timeStep,numberOfRobotsOnBlackSite,numberOfRobotsOnWhiteSite
11121,22,21
timeStep,numberOfRobotsOnBlackSite,numberOfRobotsOnWhiteSite
11122,22,21
timeStep,numberOfRobotsOnBlackSite,numberOfRobotsOnWhiteSite
11123,22,21
timeStep,numberOfRobotsOnBlackSite,numberOfRobotsOnWhiteSite
11124,22,21
timeStep,numberOfRobotsOnBlackSite,numberOfRobotsOnWhiteSite
11125,22,21
timeStep,numberOfRobotsOnBlackSite,numberOfRobotsOnWhiteSite
11126,22,21
timeStep,numberOfRobotsOnBlackSite,numberOfRobotsOnWhiteSite
11127,22,21
timeStep,numberOfRobotsOnBlackSite,numberOfRobotsOnWhiteSite
11128,22,21
timeStep,numberOfRobotsOnBlackSite,numberOfRobotsOnWhiteSite
11129,22,21
timeStep,numberOfRobotsOnBlackSite,numberOfRobotsOnWhiteSite
11130,22,21
timeStep,numberOfRobotsOnBlackSite,numberOfRobotsOnWhiteSite
11131,22,21
timeStep,numberOfRobotsOnBlackSite,numberOfRobotsOnWhiteSite
11132,22,21
timeStep,numberOfRobotsOnBlackSite,numberOfRobotsOnWhiteSite
11133,22,21
timeStep,numberOfRobotsOnBlackSite,numberOfRobotsOnWhiteSite
11134,22,21
timeStep,numberOfRobotsOnBlackSite,numberOfRobotsOnWhiteSite
11135,22,21
timeStep,numberOfRobotsOnBlackSite,numberOfRobotsOnWhiteSite
11136,22,21
timeStep,numberOfRobotsOnBlackSite,numberOfRobotsOnWhiteSite
11137,22,21
timeStep,numberOfRobotsOnBlackSite,numberOfRobotsOnWhiteSite
11138,22,21
timeStep,numberOfRobotsOnBlackSite,numberOfRobotsOnWhiteSite
11139,22,21
timeStep,numberOfRobotsOnBlackSite,numberOfRobotsOnWhiteSite
11140,22,21
timeStep,numberOfRobotsOnBlackSite,numberOfRobotsOnWhiteSite
11141,22,21
timeStep,numberOfRobotsOnBlackSite,numberOfRobotsOnWhiteSite
11142,22,21
timeStep,numberOfRobotsOnBlackSite,numberOfRobotsOnWhiteSite
11143,22,21
timeStep,numberOfRobotsOnBlackSite,numberOfRobotsOnWhiteSite
11144,22,21
timeStep,numberOfRobotsOnBlackSite,numberOfRobotsOnWhiteSite
11145,22,21
timeStep,numberOfRobotsOnBlackSite,numberOfRobotsOnWhiteSite
11146,22,21
timeStep,numberOfRobotsOnBlackSite,numberOfRobotsOnWhiteSite
11147,22,21
timeStep,numberOfRobotsOnBlackSite,numberOfRobotsOnWhiteSite
11148,22,21
timeStep,numberOfRobotsOnBlackSite,numberOfRobotsOnWhiteSite
11149,22,21
timeStep,numberOfRobotsOnBlackSite,numberOfRobotsOnWhiteSite
11150,22,21
timeStep,numberOfRobotsOnBlackSite,numberOfRobotsOnWhiteSite
11151,22,21
timeStep,numberOfRobotsOnBlackSite,numberOfRobotsOnWhiteSite
11152,22,21
timeStep,numberOfRobotsOnBlackSite,numberOfRobotsOnWhiteSite
11153,22,21
timeStep,numberOfRobotsOnBlackSite,numberOfRobotsOnWhiteSite
11154,22,21
timeStep,numberOfRobotsOnBlackSite,numberOfRobotsOnWhiteSite
11155,22,21
timeStep,numberOfRobotsOnBlackSite,numberOfRobotsOnWhiteSite
11156,22,21
timeStep,numberOfRobotsOnBlackSite,numberOfRobotsOnWhiteSite
11157,22,21
timeStep,numberOfRobotsOnBlackSite,numberOfRobotsOnWhiteSite
11158,22,21
timeStep,numberOfRobotsOnBlackSite,numberOfRobotsOnWhiteSite
11159,22,21
timeStep,numberOfRobotsOnBlackSite,numberOfRobotsOnWhiteSite
11160,22,21
timeStep,numberOfRobotsOnBlackSite,numberOfRobotsOnWhiteSite
11161,22,21
timeStep,numberOfRobotsOnBlackSite,numberOfRobotsOnWhiteSite
11162,22,21
timeStep,numberOfRobotsOnBlackSite,numberOfRobotsOnWhiteSite
11163,22,21
timeStep,numberOfRobotsOnBlackSite,numberOfRobotsOnWhiteSite
11164,22,21
timeStep,numberOfRobotsOnBlackSite,numberOfRobotsOnWhiteSite
11165,22,21
timeStep,numberOfRobotsOnBlackSite,numberOfRobotsOnWhiteSite
11166,22,21
timeStep,numberOfRobotsOnBlackSite,numberOfRobotsOnWhiteSite
11167,22,21
timeStep,numberOfRobotsOnBlackSite,numberOfRobotsOnWhiteSite
11168,22,21
timeStep,numberOfRobotsOnBlackSite,numberOfRobotsOnWhiteSite
11169,22,21
timeStep,numberOfRobotsOnBlackSite,numberOfRobotsOnWhiteSite
11170,22,21
timeStep,numberOfRobotsOnBlackSite,numberOfRobotsOnWhiteSite
11171,22,21
timeStep,numberOfRobotsOnBlackSite,numberOfRobotsOnWhiteSite
11172,22,21
timeStep,numberOfRobotsOnBlackSite,numberOfRobotsOnWhiteSite
11173,22,21
timeStep,numberOfRobotsOnBlackSite,numberOfRobotsOnWhiteSite
11174,22,21
timeStep,numberOfRobotsOnBlackSite,numberOfRobotsOnWhiteSite
11175,22,21
timeStep,numberOfRobotsOnBlackSite,numberOfRobotsOnWhiteSite
11176,22,21
timeStep,numberOfRobotsOnBlackSite,numberOfRobotsOnWhiteSite
11177,22,21
timeStep,numberOfRobotsOnBlackSite,numberOfRobotsOnWhiteSite
11178,22,21
timeStep,numberOfRobotsOnBlackSite,numberOfRobotsOnWhiteSite
11179,22,21
timeStep,numberOfRobotsOnBlackSite,numberOfRobotsOnWhiteSite
11180,22,21
timeStep,numberOfRobotsOnBlackSite,numberOfRobotsOnWhiteSite
11181,22,21
timeStep,numberOfRobotsOnBlackSite,numberOfRobotsOnWhiteSite
11182,22,21
timeStep,numberOfRobotsOnBlackSite,numberOfRobotsOnWhiteSite
11183,22,21
timeStep,numberOfRobotsOnBlackSite,numberOfRobotsOnWhiteSite
11184,22,21
timeStep,numberOfRobotsOnBlackSite,numberOfRobotsOnWhiteSite
11185,22,21
timeStep,numberOfRobotsOnBlackSite,numberOfRobotsOnWhiteSite
11186,22,21
timeStep,numberOfRobotsOnBlackSite,numberOfRobotsOnWhiteSite
11187,22,21
timeStep,numberOfRobotsOnBlackSite,numberOfRobotsOnWhiteSite
11188,22,21
timeStep,numberOfRobotsOnBlackSite,numberOfRobotsOnWhiteSite
11189,22,21
timeStep,numberOfRobotsOnBlackSite,numberOfRobotsOnWhiteSite
11190,22,21
timeStep,numberOfRobotsOnBlackSite,numberOfRobotsOnWhiteSite
11191,22,21
timeStep,numberOfRobotsOnBlackSite,numberOfRobotsOnWhiteSite
11192,22,21
timeStep,numberOfRobotsOnBlackSite,numberOfRobotsOnWhiteSite
11193,22,21
timeStep,numberOfRobotsOnBlackSite,numberOfRobotsOnWhiteSite
11194,22,21
timeStep,numberOfRobotsOnBlackSite,numberOfRobotsOnWhiteSite
11195,22,21
timeStep,numberOfRobotsOnBlackSite,numberOfRobotsOnWhiteSite
11196,22,21
timeStep,numberOfRobotsOnBlackSite,numberOfRobotsOnWhiteSite
11197,22,21
timeStep,numberOfRobotsOnBlackSite,numberOfRobotsOnWhiteSite
11198,22,21
timeStep,numberOfRobotsOnBlackSite,numberOfRobotsOnWhiteSite
11199,22,21
timeStep,numberOfRobotsOnBlackSite,numberOfRobotsOnWhiteSite
11200,22,21
timeStep,numberOfRobotsOnBlackSite,numberOfRobotsOnWhiteSite
11201,22,21
timeStep,numberOfRobotsOnBlackSite,numberOfRobotsOnWhiteSite
11202,22,21
timeStep,numberOfRobotsOnBlackSite,numberOfRobotsOnWhiteSite
11203,22,21
timeStep,numberOfRobotsOnBlackSite,numberOfRobotsOnWhiteSite
11204,22,21
timeStep,numberOfRobotsOnBlackSite,numberOfRobotsOnWhiteSite
11205,22,21
timeStep,numberOfRobotsOnBlackSite,numberOfRobotsOnWhiteSite
11206,22,21
timeStep,numberOfRobotsOnBlackSite,numberOfRobotsOnWhiteSite
11207,22,21
timeStep,numberOfRobotsOnBlackSite,numberOfRobotsOnWhiteSite
11208,22,21
timeStep,numberOfRobotsOnBlackSite,numberOfRobotsOnWhiteSite
11209,22,21
timeStep,numberOfRobotsOnBlackSite,numberOfRobotsOnWhiteSite
11210,22,21
timeStep,numberOfRobotsOnBlackSite,numberOfRobotsOnWhiteSite
11211,22,21
timeStep,numberOfRobotsOnBlackSite,numberOfRobotsOnWhiteSite
11212,22,21
timeStep,numberOfRobotsOnBlackSite,numberOfRobotsOnWhiteSite
11213,22,21
timeStep,numberOfRobotsOnBlackSite,numberOfRobotsOnWhiteSite
11214,22,21
timeStep,numberOfRobotsOnBlackSite,numberOfRobotsOnWhiteSite
11215,22,21
timeStep,numberOfRobotsOnBlackSite,numberOfRobotsOnWhiteSite
11216,22,21
timeStep,numberOfRobotsOnBlackSite,numberOfRobotsOnWhiteSite
11217,22,21
timeStep,numberOfRobotsOnBlackSite,numberOfRobotsOnWhiteSite
11218,22,21
timeStep,numberOfRobotsOnBlackSite,numberOfRobotsOnWhiteSite
11219,22,21
timeStep,numberOfRobotsOnBlackSite,numberOfRobotsOnWhiteSite
11220,22,21
timeStep,numberOfRobotsOnBlackSite,numberOfRobotsOnWhiteSite
11221,22,21
timeStep,numberOfRobotsOnBlackSite,numberOfRobotsOnWhiteSite
11222,22,21
timeStep,numberOfRobotsOnBlackSite,numberOfRobotsOnWhiteSite
11223,22,21
timeStep,numberOfRobotsOnBlackSite,numberOfRobotsOnWhiteSite
11224,22,21
timeStep,numberOfRobotsOnBlackSite,numberOfRobotsOnWhiteSite
11225,22,21
timeStep,numberOfRobotsOnBlackSite,numberOfRobotsOnWhiteSite
11226,22,21
timeStep,numberOfRobotsOnBlackSite,numberOfRobotsOnWhiteSite
11227,22,21
timeStep,numberOfRobotsOnBlackSite,numberOfRobotsOnWhiteSite
11228,22,21
timeStep,numberOfRobotsOnBlackSite,numberOfRobotsOnWhiteSite
11229,22,21
timeStep,numberOfRobotsOnBlackSite,numberOfRobotsOnWhiteSite
11230,22,21
timeStep,numberOfRobotsOnBlackSite,numberOfRobotsOnWhiteSite
11231,22,21
timeStep,numberOfRobotsOnBlackSite,numberOfRobotsOnWhiteSite
11232,22,21
timeStep,numberOfRobotsOnBlackSite,numberOfRobotsOnWhiteSite
11233,22,21
timeStep,numberOfRobotsOnBlackSite,numberOfRobotsOnWhiteSite
11234,22,21
timeStep,numberOfRobotsOnBlackSite,numberOfRobotsOnWhiteSite
11235,22,21
timeStep,numberOfRobotsOnBlackSite,numberOfRobotsOnWhiteSite
11236,22,21
timeStep,numberOfRobotsOnBlackSite,numberOfRobotsOnWhiteSite
11237,22,21
timeStep,numberOfRobotsOnBlackSite,numberOfRobotsOnWhiteSite
11238,22,21
timeStep,numberOfRobotsOnBlackSite,numberOfRobotsOnWhiteSite
11239,22,21
timeStep,numberOfRobotsOnBlackSite,numberOfRobotsOnWhiteSite
11240,22,21
timeStep,numberOfRobotsOnBlackSite,numberOfRobotsOnWhiteSite
11241,22,21
timeStep,numberOfRobotsOnBlackSite,numberOfRobotsOnWhiteSite
11242,22,21
timeStep,numberOfRobotsOnBlackSite,numberOfRobotsOnWhiteSite
11243,22,21
timeStep,numberOfRobotsOnBlackSite,numberOfRobotsOnWhiteSite
11244,22,21
timeStep,numberOfRobotsOnBlackSite,numberOfRobotsOnWhiteSite
11245,22,21
timeStep,numberOfRobotsOnBlackSite,numberOfRobotsOnWhiteSite
11246,22,21
timeStep,numberOfRobotsOnBlackSite,numberOfRobotsOnWhiteSite
11247,22,21
timeStep,numberOfRobotsOnBlackSite,numberOfRobotsOnWhiteSite
11248,22,21
timeStep,numberOfRobotsOnBlackSite,numberOfRobotsOnWhiteSite
11249,22,21
timeStep,numberOfRobotsOnBlackSite,numberOfRobotsOnWhiteSite
11250,22,21
timeStep,numberOfRobotsOnBlackSite,numberOfRobotsOnWhiteSite
11251,22,21
timeStep,numberOfRobotsOnBlackSite,numberOfRobotsOnWhiteSite
11252,22,21
timeStep,numberOfRobotsOnBlackSite,numberOfRobotsOnWhiteSite
11253,22,21
timeStep,numberOfRobotsOnBlackSite,numberOfRobotsOnWhiteSite
11254,22,21
timeStep,numberOfRobotsOnBlackSite,numberOfRobotsOnWhiteSite
11255,22,21
timeStep,numberOfRobotsOnBlackSite,numberOfRobotsOnWhiteSite
11256,22,21
timeStep,numberOfRobotsOnBlackSite,numberOfRobotsOnWhiteSite
11257,22,21
timeStep,numberOfRobotsOnBlackSite,numberOfRobotsOnWhiteSite
11258,22,21
timeStep,numberOfRobotsOnBlackSite,numberOfRobotsOnWhiteSite
11259,22,21
timeStep,numberOfRobotsOnBlackSite,numberOfRobotsOnWhiteSite
11260,22,21
timeStep,numberOfRobotsOnBlackSite,numberOfRobotsOnWhiteSite
11261,22,21
timeStep,numberOfRobotsOnBlackSite,numberOfRobotsOnWhiteSite
11262,22,21
timeStep,numberOfRobotsOnBlackSite,numberOfRobotsOnWhiteSite
11263,22,21
timeStep,numberOfRobotsOnBlackSite,numberOfRobotsOnWhiteSite
11264,22,21
timeStep,numberOfRobotsOnBlackSite,numberOfRobotsOnWhiteSite
11265,22,21
timeStep,numberOfRobotsOnBlackSite,numberOfRobotsOnWhiteSite
11266,22,21
timeStep,numberOfRobotsOnBlackSite,numberOfRobotsOnWhiteSite
11267,22,21
timeStep,numberOfRobotsOnBlackSite,numberOfRobotsOnWhiteSite
11268,22,21
timeStep,numberOfRobotsOnBlackSite,numberOfRobotsOnWhiteSite
11269,22,21
timeStep,numberOfRobotsOnBlackSite,numberOfRobotsOnWhiteSite
11270,22,21
timeStep,numberOfRobotsOnBlackSite,numberOfRobotsOnWhiteSite
11271,22,21
timeStep,numberOfRobotsOnBlackSite,numberOfRobotsOnWhiteSite
11272,22,21
timeStep,numberOfRobotsOnBlackSite,numberOfRobotsOnWhiteSite
11273,22,21
timeStep,numberOfRobotsOnBlackSite,numberOfRobotsOnWhiteSite
11274,22,21
timeStep,numberOfRobotsOnBlackSite,numberOfRobotsOnWhiteSite
11275,22,21
timeStep,numberOfRobotsOnBlackSite,numberOfRobotsOnWhiteSite
11276,22,21
timeStep,numberOfRobotsOnBlackSite,numberOfRobotsOnWhiteSite
11277,22,21
timeStep,numberOfRobotsOnBlackSite,numberOfRobotsOnWhiteSite
11278,22,21
timeStep,numberOfRobotsOnBlackSite,numberOfRobotsOnWhiteSite
11279,22,21
timeStep,numberOfRobotsOnBlackSite,numberOfRobotsOnWhiteSite
11280,22,21
timeStep,numberOfRobotsOnBlackSite,numberOfRobotsOnWhiteSite
11281,22,21
timeStep,numberOfRobotsOnBlackSite,numberOfRobotsOnWhiteSite
11282,22,21
timeStep,numberOfRobotsOnBlackSite,numberOfRobotsOnWhiteSite
11283,22,21
timeStep,numberOfRobotsOnBlackSite,numberOfRobotsOnWhiteSite
11284,22,21
timeStep,numberOfRobotsOnBlackSite,numberOfRobotsOnWhiteSite
11285,22,21
timeStep,numberOfRobotsOnBlackSite,numberOfRobotsOnWhiteSite
11286,22,21
timeStep,numberOfRobotsOnBlackSite,numberOfRobotsOnWhiteSite
11287,22,21
timeStep,numberOfRobotsOnBlackSite,numberOfRobotsOnWhiteSite
11288,22,21
timeStep,numberOfRobotsOnBlackSite,numberOfRobotsOnWhiteSite
11289,22,21
timeStep,numberOfRobotsOnBlackSite,numberOfRobotsOnWhiteSite
11290,22,21
timeStep,numberOfRobotsOnBlackSite,numberOfRobotsOnWhiteSite
11291,22,21
timeStep,numberOfRobotsOnBlackSite,numberOfRobotsOnWhiteSite
11292,22,21
timeStep,numberOfRobotsOnBlackSite,numberOfRobotsOnWhiteSite
11293,22,21
timeStep,numberOfRobotsOnBlackSite,numberOfRobotsOnWhiteSite
11294,22,21
timeStep,numberOfRobotsOnBlackSite,numberOfRobotsOnWhiteSite
11295,22,21
timeStep,numberOfRobotsOnBlackSite,numberOfRobotsOnWhiteSite
11296,22,21
timeStep,numberOfRobotsOnBlackSite,numberOfRobotsOnWhiteSite
11297,22,21
timeStep,numberOfRobotsOnBlackSite,numberOfRobotsOnWhiteSite
11298,22,21
timeStep,numberOfRobotsOnBlackSite,numberOfRobotsOnWhiteSite
11299,22,21
timeStep,numberOfRobotsOnBlackSite,numberOfRobotsOnWhiteSite
11300,22,21
timeStep,numberOfRobotsOnBlackSite,numberOfRobotsOnWhiteSite
11301,22,21
timeStep,numberOfRobotsOnBlackSite,numberOfRobotsOnWhiteSite
11302,22,21
timeStep,numberOfRobotsOnBlackSite,numberOfRobotsOnWhiteSite
11303,22,21
timeStep,numberOfRobotsOnBlackSite,numberOfRobotsOnWhiteSite
11304,22,21
timeStep,numberOfRobotsOnBlackSite,numberOfRobotsOnWhiteSite
11305,22,21
timeStep,numberOfRobotsOnBlackSite,numberOfRobotsOnWhiteSite
11306,22,21
timeStep,numberOfRobotsOnBlackSite,numberOfRobotsOnWhiteSite
11307,22,21
timeStep,numberOfRobotsOnBlackSite,numberOfRobotsOnWhiteSite
11308,22,21
timeStep,numberOfRobotsOnBlackSite,numberOfRobotsOnWhiteSite
11309,22,21
timeStep,numberOfRobotsOnBlackSite,numberOfRobotsOnWhiteSite
11310,22,21
timeStep,numberOfRobotsOnBlackSite,numberOfRobotsOnWhiteSite
11311,22,21
timeStep,numberOfRobotsOnBlackSite,numberOfRobotsOnWhiteSite
11312,22,21
timeStep,numberOfRobotsOnBlackSite,numberOfRobotsOnWhiteSite
11313,22,21
timeStep,numberOfRobotsOnBlackSite,numberOfRobotsOnWhiteSite
11314,22,21
timeStep,numberOfRobotsOnBlackSite,numberOfRobotsOnWhiteSite
11315,22,21
timeStep,numberOfRobotsOnBlackSite,numberOfRobotsOnWhiteSite
11316,22,21
timeStep,numberOfRobotsOnBlackSite,numberOfRobotsOnWhiteSite
11317,22,21
timeStep,numberOfRobotsOnBlackSite,numberOfRobotsOnWhiteSite
11318,22,21
timeStep,numberOfRobotsOnBlackSite,numberOfRobotsOnWhiteSite
11319,22,21
timeStep,numberOfRobotsOnBlackSite,numberOfRobotsOnWhiteSite
11320,22,21
timeStep,numberOfRobotsOnBlackSite,numberOfRobotsOnWhiteSite
11321,22,21
timeStep,numberOfRobotsOnBlackSite,numberOfRobotsOnWhiteSite
11322,22,21
timeStep,numberOfRobotsOnBlackSite,numberOfRobotsOnWhiteSite
11323,22,21
timeStep,numberOfRobotsOnBlackSite,numberOfRobotsOnWhiteSite
11324,22,21
timeStep,numberOfRobotsOnBlackSite,numberOfRobotsOnWhiteSite
11325,22,21
timeStep,numberOfRobotsOnBlackSite,numberOfRobotsOnWhiteSite
11326,22,21
timeStep,numberOfRobotsOnBlackSite,numberOfRobotsOnWhiteSite
11327,22,21
timeStep,numberOfRobotsOnBlackSite,numberOfRobotsOnWhiteSite
11328,22,21
timeStep,numberOfRobotsOnBlackSite,numberOfRobotsOnWhiteSite
11329,22,21
timeStep,numberOfRobotsOnBlackSite,numberOfRobotsOnWhiteSite
11330,22,21
timeStep,numberOfRobotsOnBlackSite,numberOfRobotsOnWhiteSite
11331,22,21
timeStep,numberOfRobotsOnBlackSite,numberOfRobotsOnWhiteSite
11332,22,21
timeStep,numberOfRobotsOnBlackSite,numberOfRobotsOnWhiteSite
11333,22,21
timeStep,numberOfRobotsOnBlackSite,numberOfRobotsOnWhiteSite
11334,22,21
timeStep,numberOfRobotsOnBlackSite,numberOfRobotsOnWhiteSite
11335,22,21
timeStep,numberOfRobotsOnBlackSite,numberOfRobotsOnWhiteSite
11336,22,21
timeStep,numberOfRobotsOnBlackSite,numberOfRobotsOnWhiteSite
11337,22,21
timeStep,numberOfRobotsOnBlackSite,numberOfRobotsOnWhiteSite
11338,22,21
timeStep,numberOfRobotsOnBlackSite,numberOfRobotsOnWhiteSite
11339,22,21
timeStep,numberOfRobotsOnBlackSite,numberOfRobotsOnWhiteSite
11340,22,21
timeStep,numberOfRobotsOnBlackSite,numberOfRobotsOnWhiteSite
11341,22,21
timeStep,numberOfRobotsOnBlackSite,numberOfRobotsOnWhiteSite
11342,22,21
timeStep,numberOfRobotsOnBlackSite,numberOfRobotsOnWhiteSite
11343,22,21
timeStep,numberOfRobotsOnBlackSite,numberOfRobotsOnWhiteSite
11344,22,21
timeStep,numberOfRobotsOnBlackSite,numberOfRobotsOnWhiteSite
11345,22,21
timeStep,numberOfRobotsOnBlackSite,numberOfRobotsOnWhiteSite
11346,22,21
timeStep,numberOfRobotsOnBlackSite,numberOfRobotsOnWhiteSite
11347,22,21
timeStep,numberOfRobotsOnBlackSite,numberOfRobotsOnWhiteSite
11348,22,21
timeStep,numberOfRobotsOnBlackSite,numberOfRobotsOnWhiteSite
11349,22,21
timeStep,numberOfRobotsOnBlackSite,numberOfRobotsOnWhiteSite
11350,22,21
timeStep,numberOfRobotsOnBlackSite,numberOfRobotsOnWhiteSite
11351,22,21
timeStep,numberOfRobotsOnBlackSite,numberOfRobotsOnWhiteSite
11352,22,21
timeStep,numberOfRobotsOnBlackSite,numberOfRobotsOnWhiteSite
11353,22,21
timeStep,numberOfRobotsOnBlackSite,numberOfRobotsOnWhiteSite
11354,22,21
timeStep,numberOfRobotsOnBlackSite,numberOfRobotsOnWhiteSite
11355,22,21
timeStep,numberOfRobotsOnBlackSite,numberOfRobotsOnWhiteSite
11356,22,21
timeStep,numberOfRobotsOnBlackSite,numberOfRobotsOnWhiteSite
11357,22,21
timeStep,numberOfRobotsOnBlackSite,numberOfRobotsOnWhiteSite
11358,22,21
timeStep,numberOfRobotsOnBlackSite,numberOfRobotsOnWhiteSite
11359,22,21
timeStep,numberOfRobotsOnBlackSite,numberOfRobotsOnWhiteSite
11360,22,21
timeStep,numberOfRobotsOnBlackSite,numberOfRobotsOnWhiteSite
11361,22,21
timeStep,numberOfRobotsOnBlackSite,numberOfRobotsOnWhiteSite
11362,22,21
timeStep,numberOfRobotsOnBlackSite,numberOfRobotsOnWhiteSite
11363,22,21
timeStep,numberOfRobotsOnBlackSite,numberOfRobotsOnWhiteSite
11364,22,21
timeStep,numberOfRobotsOnBlackSite,numberOfRobotsOnWhiteSite
11365,22,21
timeStep,numberOfRobotsOnBlackSite,numberOfRobotsOnWhiteSite
11366,22,21
timeStep,numberOfRobotsOnBlackSite,numberOfRobotsOnWhiteSite
11367,22,21
timeStep,numberOfRobotsOnBlackSite,numberOfRobotsOnWhiteSite
11368,22,21
timeStep,numberOfRobotsOnBlackSite,numberOfRobotsOnWhiteSite
11369,22,21
timeStep,numberOfRobotsOnBlackSite,numberOfRobotsOnWhiteSite
11370,22,21
timeStep,numberOfRobotsOnBlackSite,numberOfRobotsOnWhiteSite
11371,22,21
timeStep,numberOfRobotsOnBlackSite,numberOfRobotsOnWhiteSite
11372,22,21
timeStep,numberOfRobotsOnBlackSite,numberOfRobotsOnWhiteSite
11373,22,21
timeStep,numberOfRobotsOnBlackSite,numberOfRobotsOnWhiteSite
11374,22,21
timeStep,numberOfRobotsOnBlackSite,numberOfRobotsOnWhiteSite
11375,22,21
timeStep,numberOfRobotsOnBlackSite,numberOfRobotsOnWhiteSite
11376,22,21
timeStep,numberOfRobotsOnBlackSite,numberOfRobotsOnWhiteSite
11377,22,21
timeStep,numberOfRobotsOnBlackSite,numberOfRobotsOnWhiteSite
11378,22,21
timeStep,numberOfRobotsOnBlackSite,numberOfRobotsOnWhiteSite
11379,22,21
timeStep,numberOfRobotsOnBlackSite,numberOfRobotsOnWhiteSite
11380,22,21
timeStep,numberOfRobotsOnBlackSite,numberOfRobotsOnWhiteSite
11381,22,21
timeStep,numberOfRobotsOnBlackSite,numberOfRobotsOnWhiteSite
11382,22,21
timeStep,numberOfRobotsOnBlackSite,numberOfRobotsOnWhiteSite
11383,22,21
timeStep,numberOfRobotsOnBlackSite,numberOfRobotsOnWhiteSite
11384,22,21
timeStep,numberOfRobotsOnBlackSite,numberOfRobotsOnWhiteSite
11385,22,21
timeStep,numberOfRobotsOnBlackSite,numberOfRobotsOnWhiteSite
11386,22,21
timeStep,numberOfRobotsOnBlackSite,numberOfRobotsOnWhiteSite
11387,22,21
timeStep,numberOfRobotsOnBlackSite,numberOfRobotsOnWhiteSite
11388,22,21
timeStep,numberOfRobotsOnBlackSite,numberOfRobotsOnWhiteSite
11389,22,21
timeStep,numberOfRobotsOnBlackSite,numberOfRobotsOnWhiteSite
11390,22,21
timeStep,numberOfRobotsOnBlackSite,numberOfRobotsOnWhiteSite
11391,22,21
timeStep,numberOfRobotsOnBlackSite,numberOfRobotsOnWhiteSite
11392,22,21
timeStep,numberOfRobotsOnBlackSite,numberOfRobotsOnWhiteSite
11393,22,21
timeStep,numberOfRobotsOnBlackSite,numberOfRobotsOnWhiteSite
11394,22,21
timeStep,numberOfRobotsOnBlackSite,numberOfRobotsOnWhiteSite
11395,22,21
timeStep,numberOfRobotsOnBlackSite,numberOfRobotsOnWhiteSite
11396,22,21
timeStep,numberOfRobotsOnBlackSite,numberOfRobotsOnWhiteSite
11397,22,21
timeStep,numberOfRobotsOnBlackSite,numberOfRobotsOnWhiteSite
11398,22,21
timeStep,numberOfRobotsOnBlackSite,numberOfRobotsOnWhiteSite
11399,22,21
timeStep,numberOfRobotsOnBlackSite,numberOfRobotsOnWhiteSite
11400,22,21
timeStep,numberOfRobotsOnBlackSite,numberOfRobotsOnWhiteSite
11401,22,21
timeStep,numberOfRobotsOnBlackSite,numberOfRobotsOnWhiteSite
11402,22,21
timeStep,numberOfRobotsOnBlackSite,numberOfRobotsOnWhiteSite
11403,22,21
timeStep,numberOfRobotsOnBlackSite,numberOfRobotsOnWhiteSite
11404,22,21
timeStep,numberOfRobotsOnBlackSite,numberOfRobotsOnWhiteSite
11405,22,21
timeStep,numberOfRobotsOnBlackSite,numberOfRobotsOnWhiteSite
11406,22,21
timeStep,numberOfRobotsOnBlackSite,numberOfRobotsOnWhiteSite
11407,22,21
timeStep,numberOfRobotsOnBlackSite,numberOfRobotsOnWhiteSite
11408,22,21
timeStep,numberOfRobotsOnBlackSite,numberOfRobotsOnWhiteSite
11409,22,21
timeStep,numberOfRobotsOnBlackSite,numberOfRobotsOnWhiteSite
11410,22,21
timeStep,numberOfRobotsOnBlackSite,numberOfRobotsOnWhiteSite
11411,22,21
timeStep,numberOfRobotsOnBlackSite,numberOfRobotsOnWhiteSite
11412,22,21
timeStep,numberOfRobotsOnBlackSite,numberOfRobotsOnWhiteSite
11413,22,21
timeStep,numberOfRobotsOnBlackSite,numberOfRobotsOnWhiteSite
11414,22,21
timeStep,numberOfRobotsOnBlackSite,numberOfRobotsOnWhiteSite
11415,22,21
timeStep,numberOfRobotsOnBlackSite,numberOfRobotsOnWhiteSite
11416,22,21
timeStep,numberOfRobotsOnBlackSite,numberOfRobotsOnWhiteSite
11417,22,21
timeStep,numberOfRobotsOnBlackSite,numberOfRobotsOnWhiteSite
11418,22,21
timeStep,numberOfRobotsOnBlackSite,numberOfRobotsOnWhiteSite
11419,22,21
timeStep,numberOfRobotsOnBlackSite,numberOfRobotsOnWhiteSite
11420,22,21
timeStep,numberOfRobotsOnBlackSite,numberOfRobotsOnWhiteSite
11421,22,21
timeStep,numberOfRobotsOnBlackSite,numberOfRobotsOnWhiteSite
11422,22,21
timeStep,numberOfRobotsOnBlackSite,numberOfRobotsOnWhiteSite
11423,22,21
timeStep,numberOfRobotsOnBlackSite,numberOfRobotsOnWhiteSite
11424,22,21
timeStep,numberOfRobotsOnBlackSite,numberOfRobotsOnWhiteSite
11425,22,21
timeStep,numberOfRobotsOnBlackSite,numberOfRobotsOnWhiteSite
11426,22,21
timeStep,numberOfRobotsOnBlackSite,numberOfRobotsOnWhiteSite
11427,22,21
timeStep,numberOfRobotsOnBlackSite,numberOfRobotsOnWhiteSite
11428,22,21
timeStep,numberOfRobotsOnBlackSite,numberOfRobotsOnWhiteSite
11429,22,21
timeStep,numberOfRobotsOnBlackSite,numberOfRobotsOnWhiteSite
11430,22,21
timeStep,numberOfRobotsOnBlackSite,numberOfRobotsOnWhiteSite
11431,22,21
timeStep,numberOfRobotsOnBlackSite,numberOfRobotsOnWhiteSite
11432,22,21
timeStep,numberOfRobotsOnBlackSite,numberOfRobotsOnWhiteSite
11433,22,21
timeStep,numberOfRobotsOnBlackSite,numberOfRobotsOnWhiteSite
11434,22,21
timeStep,numberOfRobotsOnBlackSite,numberOfRobotsOnWhiteSite
11435,22,21
timeStep,numberOfRobotsOnBlackSite,numberOfRobotsOnWhiteSite
11436,22,21
timeStep,numberOfRobotsOnBlackSite,numberOfRobotsOnWhiteSite
11437,22,21
timeStep,numberOfRobotsOnBlackSite,numberOfRobotsOnWhiteSite
11438,22,21
timeStep,numberOfRobotsOnBlackSite,numberOfRobotsOnWhiteSite
11439,22,21
timeStep,numberOfRobotsOnBlackSite,numberOfRobotsOnWhiteSite
11440,22,21
timeStep,numberOfRobotsOnBlackSite,numberOfRobotsOnWhiteSite
11441,22,21
timeStep,numberOfRobotsOnBlackSite,numberOfRobotsOnWhiteSite
11442,22,21
timeStep,numberOfRobotsOnBlackSite,numberOfRobotsOnWhiteSite
11443,22,21
timeStep,numberOfRobotsOnBlackSite,numberOfRobotsOnWhiteSite
11444,22,21
timeStep,numberOfRobotsOnBlackSite,numberOfRobotsOnWhiteSite
11445,22,21
timeStep,numberOfRobotsOnBlackSite,numberOfRobotsOnWhiteSite
11446,22,21
timeStep,numberOfRobotsOnBlackSite,numberOfRobotsOnWhiteSite
11447,22,21
timeStep,numberOfRobotsOnBlackSite,numberOfRobotsOnWhiteSite
11448,22,21
timeStep,numberOfRobotsOnBlackSite,numberOfRobotsOnWhiteSite
11449,22,21
timeStep,numberOfRobotsOnBlackSite,numberOfRobotsOnWhiteSite
11450,22,21
timeStep,numberOfRobotsOnBlackSite,numberOfRobotsOnWhiteSite
11451,22,21
timeStep,numberOfRobotsOnBlackSite,numberOfRobotsOnWhiteSite
11452,22,21
timeStep,numberOfRobotsOnBlackSite,numberOfRobotsOnWhiteSite
11453,22,21
timeStep,numberOfRobotsOnBlackSite,numberOfRobotsOnWhiteSite
11454,22,21
timeStep,numberOfRobotsOnBlackSite,numberOfRobotsOnWhiteSite
11455,22,21
timeStep,numberOfRobotsOnBlackSite,numberOfRobotsOnWhiteSite
11456,22,21
timeStep,numberOfRobotsOnBlackSite,numberOfRobotsOnWhiteSite
11457,22,21
timeStep,numberOfRobotsOnBlackSite,numberOfRobotsOnWhiteSite
11458,22,21
timeStep,numberOfRobotsOnBlackSite,numberOfRobotsOnWhiteSite
11459,22,21
timeStep,numberOfRobotsOnBlackSite,numberOfRobotsOnWhiteSite
11460,22,21
timeStep,numberOfRobotsOnBlackSite,numberOfRobotsOnWhiteSite
11461,22,21
timeStep,numberOfRobotsOnBlackSite,numberOfRobotsOnWhiteSite
11462,22,21
timeStep,numberOfRobotsOnBlackSite,numberOfRobotsOnWhiteSite
11463,22,21
timeStep,numberOfRobotsOnBlackSite,numberOfRobotsOnWhiteSite
11464,22,21
timeStep,numberOfRobotsOnBlackSite,numberOfRobotsOnWhiteSite
11465,22,21
timeStep,numberOfRobotsOnBlackSite,numberOfRobotsOnWhiteSite
11466,22,21
timeStep,numberOfRobotsOnBlackSite,numberOfRobotsOnWhiteSite
11467,22,21
timeStep,numberOfRobotsOnBlackSite,numberOfRobotsOnWhiteSite
11468,22,21
timeStep,numberOfRobotsOnBlackSite,numberOfRobotsOnWhiteSite
11469,22,21
timeStep,numberOfRobotsOnBlackSite,numberOfRobotsOnWhiteSite
11470,22,21
timeStep,numberOfRobotsOnBlackSite,numberOfRobotsOnWhiteSite
11471,22,21
timeStep,numberOfRobotsOnBlackSite,numberOfRobotsOnWhiteSite
11472,22,21
timeStep,numberOfRobotsOnBlackSite,numberOfRobotsOnWhiteSite
11473,22,21
timeStep,numberOfRobotsOnBlackSite,numberOfRobotsOnWhiteSite
11474,22,21
timeStep,numberOfRobotsOnBlackSite,numberOfRobotsOnWhiteSite
11475,22,21
timeStep,numberOfRobotsOnBlackSite,numberOfRobotsOnWhiteSite
11476,22,21
timeStep,numberOfRobotsOnBlackSite,numberOfRobotsOnWhiteSite
11477,22,21
timeStep,numberOfRobotsOnBlackSite,numberOfRobotsOnWhiteSite
11478,22,21
timeStep,numberOfRobotsOnBlackSite,numberOfRobotsOnWhiteSite
11479,22,21
timeStep,numberOfRobotsOnBlackSite,numberOfRobotsOnWhiteSite
11480,22,21
timeStep,numberOfRobotsOnBlackSite,numberOfRobotsOnWhiteSite
11481,22,21
timeStep,numberOfRobotsOnBlackSite,numberOfRobotsOnWhiteSite
11482,22,21
timeStep,numberOfRobotsOnBlackSite,numberOfRobotsOnWhiteSite
11483,22,21
timeStep,numberOfRobotsOnBlackSite,numberOfRobotsOnWhiteSite
11484,22,21
timeStep,numberOfRobotsOnBlackSite,numberOfRobotsOnWhiteSite
11485,22,21
timeStep,numberOfRobotsOnBlackSite,numberOfRobotsOnWhiteSite
11486,22,21
timeStep,numberOfRobotsOnBlackSite,numberOfRobotsOnWhiteSite
11487,22,21
timeStep,numberOfRobotsOnBlackSite,numberOfRobotsOnWhiteSite
11488,22,21
timeStep,numberOfRobotsOnBlackSite,numberOfRobotsOnWhiteSite
11489,22,21
timeStep,numberOfRobotsOnBlackSite,numberOfRobotsOnWhiteSite
11490,22,21
timeStep,numberOfRobotsOnBlackSite,numberOfRobotsOnWhiteSite
11491,22,21
timeStep,numberOfRobotsOnBlackSite,numberOfRobotsOnWhiteSite
11492,22,21
timeStep,numberOfRobotsOnBlackSite,numberOfRobotsOnWhiteSite
11493,22,21
timeStep,numberOfRobotsOnBlackSite,numberOfRobotsOnWhiteSite
11494,22,21
timeStep,numberOfRobotsOnBlackSite,numberOfRobotsOnWhiteSite
11495,22,21
timeStep,numberOfRobotsOnBlackSite,numberOfRobotsOnWhiteSite
11496,22,21
timeStep,numberOfRobotsOnBlackSite,numberOfRobotsOnWhiteSite
11497,22,21
timeStep,numberOfRobotsOnBlackSite,numberOfRobotsOnWhiteSite
11498,22,21
timeStep,numberOfRobotsOnBlackSite,numberOfRobotsOnWhiteSite
11499,22,21
timeStep,numberOfRobotsOnBlackSite,numberOfRobotsOnWhiteSite
11500,22,21
timeStep,numberOfRobotsOnBlackSite,numberOfRobotsOnWhiteSite
11501,22,21
timeStep,numberOfRobotsOnBlackSite,numberOfRobotsOnWhiteSite
11502,22,21
timeStep,numberOfRobotsOnBlackSite,numberOfRobotsOnWhiteSite
11503,22,21
timeStep,numberOfRobotsOnBlackSite,numberOfRobotsOnWhiteSite
11504,22,21
timeStep,numberOfRobotsOnBlackSite,numberOfRobotsOnWhiteSite
11505,22,21
timeStep,numberOfRobotsOnBlackSite,numberOfRobotsOnWhiteSite
11506,22,21
timeStep,numberOfRobotsOnBlackSite,numberOfRobotsOnWhiteSite
11507,22,21
timeStep,numberOfRobotsOnBlackSite,numberOfRobotsOnWhiteSite
11508,22,21
timeStep,numberOfRobotsOnBlackSite,numberOfRobotsOnWhiteSite
11509,22,21
timeStep,numberOfRobotsOnBlackSite,numberOfRobotsOnWhiteSite
11510,22,21
timeStep,numberOfRobotsOnBlackSite,numberOfRobotsOnWhiteSite
11511,22,21
timeStep,numberOfRobotsOnBlackSite,numberOfRobotsOnWhiteSite
11512,22,21
timeStep,numberOfRobotsOnBlackSite,numberOfRobotsOnWhiteSite
11513,22,21
timeStep,numberOfRobotsOnBlackSite,numberOfRobotsOnWhiteSite
11514,22,21
timeStep,numberOfRobotsOnBlackSite,numberOfRobotsOnWhiteSite
11515,22,21
timeStep,numberOfRobotsOnBlackSite,numberOfRobotsOnWhiteSite
11516,22,21
timeStep,numberOfRobotsOnBlackSite,numberOfRobotsOnWhiteSite
11517,22,21
timeStep,numberOfRobotsOnBlackSite,numberOfRobotsOnWhiteSite
11518,22,21
timeStep,numberOfRobotsOnBlackSite,numberOfRobotsOnWhiteSite
11519,22,21
timeStep,numberOfRobotsOnBlackSite,numberOfRobotsOnWhiteSite
11520,22,21
timeStep,numberOfRobotsOnBlackSite,numberOfRobotsOnWhiteSite
11521,22,21
timeStep,numberOfRobotsOnBlackSite,numberOfRobotsOnWhiteSite
11522,22,21
timeStep,numberOfRobotsOnBlackSite,numberOfRobotsOnWhiteSite
11523,22,21
timeStep,numberOfRobotsOnBlackSite,numberOfRobotsOnWhiteSite
11524,22,21
timeStep,numberOfRobotsOnBlackSite,numberOfRobotsOnWhiteSite
11525,22,21
timeStep,numberOfRobotsOnBlackSite,numberOfRobotsOnWhiteSite
11526,22,21
timeStep,numberOfRobotsOnBlackSite,numberOfRobotsOnWhiteSite
11527,22,21
timeStep,numberOfRobotsOnBlackSite,numberOfRobotsOnWhiteSite
11528,22,21
timeStep,numberOfRobotsOnBlackSite,numberOfRobotsOnWhiteSite
11529,22,21
timeStep,numberOfRobotsOnBlackSite,numberOfRobotsOnWhiteSite
11530,22,21
timeStep,numberOfRobotsOnBlackSite,numberOfRobotsOnWhiteSite
11531,22,21
timeStep,numberOfRobotsOnBlackSite,numberOfRobotsOnWhiteSite
11532,22,21
timeStep,numberOfRobotsOnBlackSite,numberOfRobotsOnWhiteSite
11533,22,21
timeStep,numberOfRobotsOnBlackSite,numberOfRobotsOnWhiteSite
11534,22,21
timeStep,numberOfRobotsOnBlackSite,numberOfRobotsOnWhiteSite
11535,22,21
timeStep,numberOfRobotsOnBlackSite,numberOfRobotsOnWhiteSite
11536,22,21
timeStep,numberOfRobotsOnBlackSite,numberOfRobotsOnWhiteSite
11537,22,21
timeStep,numberOfRobotsOnBlackSite,numberOfRobotsOnWhiteSite
11538,22,21
timeStep,numberOfRobotsOnBlackSite,numberOfRobotsOnWhiteSite
11539,22,21
timeStep,numberOfRobotsOnBlackSite,numberOfRobotsOnWhiteSite
11540,22,21
timeStep,numberOfRobotsOnBlackSite,numberOfRobotsOnWhiteSite
11541,22,21
timeStep,numberOfRobotsOnBlackSite,numberOfRobotsOnWhiteSite
11542,22,21
timeStep,numberOfRobotsOnBlackSite,numberOfRobotsOnWhiteSite
11543,22,21
timeStep,numberOfRobotsOnBlackSite,numberOfRobotsOnWhiteSite
11544,22,21
timeStep,numberOfRobotsOnBlackSite,numberOfRobotsOnWhiteSite
11545,22,21
timeStep,numberOfRobotsOnBlackSite,numberOfRobotsOnWhiteSite
11546,22,21
timeStep,numberOfRobotsOnBlackSite,numberOfRobotsOnWhiteSite
11547,22,21
timeStep,numberOfRobotsOnBlackSite,numberOfRobotsOnWhiteSite
11548,22,21
timeStep,numberOfRobotsOnBlackSite,numberOfRobotsOnWhiteSite
11549,22,21
timeStep,numberOfRobotsOnBlackSite,numberOfRobotsOnWhiteSite
11550,22,21
timeStep,numberOfRobotsOnBlackSite,numberOfRobotsOnWhiteSite
11551,22,21
timeStep,numberOfRobotsOnBlackSite,numberOfRobotsOnWhiteSite
11552,22,21
timeStep,numberOfRobotsOnBlackSite,numberOfRobotsOnWhiteSite
11553,22,21
timeStep,numberOfRobotsOnBlackSite,numberOfRobotsOnWhiteSite
11554,22,21
timeStep,numberOfRobotsOnBlackSite,numberOfRobotsOnWhiteSite
11555,22,21
timeStep,numberOfRobotsOnBlackSite,numberOfRobotsOnWhiteSite
11556,22,21
timeStep,numberOfRobotsOnBlackSite,numberOfRobotsOnWhiteSite
11557,22,21
timeStep,numberOfRobotsOnBlackSite,numberOfRobotsOnWhiteSite
11558,22,21
timeStep,numberOfRobotsOnBlackSite,numberOfRobotsOnWhiteSite
11559,22,21
timeStep,numberOfRobotsOnBlackSite,numberOfRobotsOnWhiteSite
11560,22,21
timeStep,numberOfRobotsOnBlackSite,numberOfRobotsOnWhiteSite
11561,22,21
timeStep,numberOfRobotsOnBlackSite,numberOfRobotsOnWhiteSite
11562,22,21
timeStep,numberOfRobotsOnBlackSite,numberOfRobotsOnWhiteSite
11563,22,21
timeStep,numberOfRobotsOnBlackSite,numberOfRobotsOnWhiteSite
11564,22,21
timeStep,numberOfRobotsOnBlackSite,numberOfRobotsOnWhiteSite
11565,22,21
timeStep,numberOfRobotsOnBlackSite,numberOfRobotsOnWhiteSite
11566,22,21
timeStep,numberOfRobotsOnBlackSite,numberOfRobotsOnWhiteSite
11567,22,21
timeStep,numberOfRobotsOnBlackSite,numberOfRobotsOnWhiteSite
11568,22,21
timeStep,numberOfRobotsOnBlackSite,numberOfRobotsOnWhiteSite
11569,22,21
timeStep,numberOfRobotsOnBlackSite,numberOfRobotsOnWhiteSite
11570,22,21
timeStep,numberOfRobotsOnBlackSite,numberOfRobotsOnWhiteSite
11571,22,21
timeStep,numberOfRobotsOnBlackSite,numberOfRobotsOnWhiteSite
11572,22,21
timeStep,numberOfRobotsOnBlackSite,numberOfRobotsOnWhiteSite
11573,22,21
timeStep,numberOfRobotsOnBlackSite,numberOfRobotsOnWhiteSite
11574,22,21
timeStep,numberOfRobotsOnBlackSite,numberOfRobotsOnWhiteSite
11575,22,21
timeStep,numberOfRobotsOnBlackSite,numberOfRobotsOnWhiteSite
11576,22,21
timeStep,numberOfRobotsOnBlackSite,numberOfRobotsOnWhiteSite
11577,22,21
timeStep,numberOfRobotsOnBlackSite,numberOfRobotsOnWhiteSite
11578,22,21
timeStep,numberOfRobotsOnBlackSite,numberOfRobotsOnWhiteSite
11579,22,21
timeStep,numberOfRobotsOnBlackSite,numberOfRobotsOnWhiteSite
11580,22,21
timeStep,numberOfRobotsOnBlackSite,numberOfRobotsOnWhiteSite
11581,22,21
timeStep,numberOfRobotsOnBlackSite,numberOfRobotsOnWhiteSite
11582,22,21
timeStep,numberOfRobotsOnBlackSite,numberOfRobotsOnWhiteSite
11583,22,21
timeStep,numberOfRobotsOnBlackSite,numberOfRobotsOnWhiteSite
11584,22,21
timeStep,numberOfRobotsOnBlackSite,numberOfRobotsOnWhiteSite
11585,22,21
timeStep,numberOfRobotsOnBlackSite,numberOfRobotsOnWhiteSite
11586,22,21
timeStep,numberOfRobotsOnBlackSite,numberOfRobotsOnWhiteSite
11587,22,21
timeStep,numberOfRobotsOnBlackSite,numberOfRobotsOnWhiteSite
11588,22,21
timeStep,numberOfRobotsOnBlackSite,numberOfRobotsOnWhiteSite
11589,22,21
timeStep,numberOfRobotsOnBlackSite,numberOfRobotsOnWhiteSite
11590,22,21
timeStep,numberOfRobotsOnBlackSite,numberOfRobotsOnWhiteSite
11591,22,21
timeStep,numberOfRobotsOnBlackSite,numberOfRobotsOnWhiteSite
11592,22,21
timeStep,numberOfRobotsOnBlackSite,numberOfRobotsOnWhiteSite
11593,22,21
timeStep,numberOfRobotsOnBlackSite,numberOfRobotsOnWhiteSite
11594,22,21
timeStep,numberOfRobotsOnBlackSite,numberOfRobotsOnWhiteSite
11595,22,21
timeStep,numberOfRobotsOnBlackSite,numberOfRobotsOnWhiteSite
11596,22,21
timeStep,numberOfRobotsOnBlackSite,numberOfRobotsOnWhiteSite
11597,22,21
timeStep,numberOfRobotsOnBlackSite,numberOfRobotsOnWhiteSite
11598,22,21
timeStep,numberOfRobotsOnBlackSite,numberOfRobotsOnWhiteSite
11599,22,21
timeStep,numberOfRobotsOnBlackSite,numberOfRobotsOnWhiteSite
11600,22,21
timeStep,numberOfRobotsOnBlackSite,numberOfRobotsOnWhiteSite
11601,22,21
timeStep,numberOfRobotsOnBlackSite,numberOfRobotsOnWhiteSite
11602,22,21
timeStep,numberOfRobotsOnBlackSite,numberOfRobotsOnWhiteSite
11603,22,21
timeStep,numberOfRobotsOnBlackSite,numberOfRobotsOnWhiteSite
11604,22,21
timeStep,numberOfRobotsOnBlackSite,numberOfRobotsOnWhiteSite
11605,22,21
timeStep,numberOfRobotsOnBlackSite,numberOfRobotsOnWhiteSite
11606,22,21
timeStep,numberOfRobotsOnBlackSite,numberOfRobotsOnWhiteSite
11607,22,21
timeStep,numberOfRobotsOnBlackSite,numberOfRobotsOnWhiteSite
11608,22,21
timeStep,numberOfRobotsOnBlackSite,numberOfRobotsOnWhiteSite
11609,22,21
timeStep,numberOfRobotsOnBlackSite,numberOfRobotsOnWhiteSite
11610,22,21
timeStep,numberOfRobotsOnBlackSite,numberOfRobotsOnWhiteSite
11611,22,21
timeStep,numberOfRobotsOnBlackSite,numberOfRobotsOnWhiteSite
11612,22,21
timeStep,numberOfRobotsOnBlackSite,numberOfRobotsOnWhiteSite
11613,22,21
timeStep,numberOfRobotsOnBlackSite,numberOfRobotsOnWhiteSite
11614,22,21
timeStep,numberOfRobotsOnBlackSite,numberOfRobotsOnWhiteSite
11615,22,21
timeStep,numberOfRobotsOnBlackSite,numberOfRobotsOnWhiteSite
11616,22,21
timeStep,numberOfRobotsOnBlackSite,numberOfRobotsOnWhiteSite
11617,22,21
timeStep,numberOfRobotsOnBlackSite,numberOfRobotsOnWhiteSite
11618,22,21
timeStep,numberOfRobotsOnBlackSite,numberOfRobotsOnWhiteSite
11619,22,21
timeStep,numberOfRobotsOnBlackSite,numberOfRobotsOnWhiteSite
11620,22,21
timeStep,numberOfRobotsOnBlackSite,numberOfRobotsOnWhiteSite
11621,22,21
timeStep,numberOfRobotsOnBlackSite,numberOfRobotsOnWhiteSite
11622,22,21
timeStep,numberOfRobotsOnBlackSite,numberOfRobotsOnWhiteSite
11623,22,21
timeStep,numberOfRobotsOnBlackSite,numberOfRobotsOnWhiteSite
11624,22,21
timeStep,numberOfRobotsOnBlackSite,numberOfRobotsOnWhiteSite
11625,22,21
timeStep,numberOfRobotsOnBlackSite,numberOfRobotsOnWhiteSite
11626,22,21
timeStep,numberOfRobotsOnBlackSite,numberOfRobotsOnWhiteSite
11627,22,21
timeStep,numberOfRobotsOnBlackSite,numberOfRobotsOnWhiteSite
11628,22,21
timeStep,numberOfRobotsOnBlackSite,numberOfRobotsOnWhiteSite
11629,22,21
timeStep,numberOfRobotsOnBlackSite,numberOfRobotsOnWhiteSite
11630,22,21
timeStep,numberOfRobotsOnBlackSite,numberOfRobotsOnWhiteSite
11631,22,21
timeStep,numberOfRobotsOnBlackSite,numberOfRobotsOnWhiteSite
11632,22,21
timeStep,numberOfRobotsOnBlackSite,numberOfRobotsOnWhiteSite
11633,22,21
timeStep,numberOfRobotsOnBlackSite,numberOfRobotsOnWhiteSite
11634,22,21
timeStep,numberOfRobotsOnBlackSite,numberOfRobotsOnWhiteSite
11635,23,21
timeStep,numberOfRobotsOnBlackSite,numberOfRobotsOnWhiteSite
11636,23,21
timeStep,numberOfRobotsOnBlackSite,numberOfRobotsOnWhiteSite
11637,23,21
timeStep,numberOfRobotsOnBlackSite,numberOfRobotsOnWhiteSite
11638,23,21
timeStep,numberOfRobotsOnBlackSite,numberOfRobotsOnWhiteSite
11639,23,21
timeStep,numberOfRobotsOnBlackSite,numberOfRobotsOnWhiteSite
11640,24,21
timeStep,numberOfRobotsOnBlackSite,numberOfRobotsOnWhiteSite
11641,24,21
timeStep,numberOfRobotsOnBlackSite,numberOfRobotsOnWhiteSite
11642,24,21
timeStep,numberOfRobotsOnBlackSite,numberOfRobotsOnWhiteSite
11643,24,21
timeStep,numberOfRobotsOnBlackSite,numberOfRobotsOnWhiteSite
11644,24,21
timeStep,numberOfRobotsOnBlackSite,numberOfRobotsOnWhiteSite
11645,24,21
timeStep,numberOfRobotsOnBlackSite,numberOfRobotsOnWhiteSite
11646,24,21
timeStep,numberOfRobotsOnBlackSite,numberOfRobotsOnWhiteSite
11647,24,21
timeStep,numberOfRobotsOnBlackSite,numberOfRobotsOnWhiteSite
11648,24,21
timeStep,numberOfRobotsOnBlackSite,numberOfRobotsOnWhiteSite
11649,24,21
timeStep,numberOfRobotsOnBlackSite,numberOfRobotsOnWhiteSite
11650,24,21
timeStep,numberOfRobotsOnBlackSite,numberOfRobotsOnWhiteSite
11651,24,21
timeStep,numberOfRobotsOnBlackSite,numberOfRobotsOnWhiteSite
11652,24,21
timeStep,numberOfRobotsOnBlackSite,numberOfRobotsOnWhiteSite
11653,24,21
timeStep,numberOfRobotsOnBlackSite,numberOfRobotsOnWhiteSite
11654,24,21
timeStep,numberOfRobotsOnBlackSite,numberOfRobotsOnWhiteSite
11655,24,21
timeStep,numberOfRobotsOnBlackSite,numberOfRobotsOnWhiteSite
11656,24,21
timeStep,numberOfRobotsOnBlackSite,numberOfRobotsOnWhiteSite
11657,24,21
timeStep,numberOfRobotsOnBlackSite,numberOfRobotsOnWhiteSite
11658,24,21
timeStep,numberOfRobotsOnBlackSite,numberOfRobotsOnWhiteSite
11659,24,21
timeStep,numberOfRobotsOnBlackSite,numberOfRobotsOnWhiteSite
11660,24,21
timeStep,numberOfRobotsOnBlackSite,numberOfRobotsOnWhiteSite
11661,24,21
timeStep,numberOfRobotsOnBlackSite,numberOfRobotsOnWhiteSite
11662,24,21
timeStep,numberOfRobotsOnBlackSite,numberOfRobotsOnWhiteSite
11663,24,21
timeStep,numberOfRobotsOnBlackSite,numberOfRobotsOnWhiteSite
11664,24,21
timeStep,numberOfRobotsOnBlackSite,numberOfRobotsOnWhiteSite
11665,24,21
timeStep,numberOfRobotsOnBlackSite,numberOfRobotsOnWhiteSite
11666,24,21
timeStep,numberOfRobotsOnBlackSite,numberOfRobotsOnWhiteSite
11667,24,21
timeStep,numberOfRobotsOnBlackSite,numberOfRobotsOnWhiteSite
11668,24,21
timeStep,numberOfRobotsOnBlackSite,numberOfRobotsOnWhiteSite
11669,24,21
timeStep,numberOfRobotsOnBlackSite,numberOfRobotsOnWhiteSite
11670,23,21
timeStep,numberOfRobotsOnBlackSite,numberOfRobotsOnWhiteSite
11671,23,21
timeStep,numberOfRobotsOnBlackSite,numberOfRobotsOnWhiteSite
11672,23,21
timeStep,numberOfRobotsOnBlackSite,numberOfRobotsOnWhiteSite
11673,23,21
timeStep,numberOfRobotsOnBlackSite,numberOfRobotsOnWhiteSite
11674,23,21
timeStep,numberOfRobotsOnBlackSite,numberOfRobotsOnWhiteSite
11675,23,21
timeStep,numberOfRobotsOnBlackSite,numberOfRobotsOnWhiteSite
11676,23,21
timeStep,numberOfRobotsOnBlackSite,numberOfRobotsOnWhiteSite
11677,23,21
timeStep,numberOfRobotsOnBlackSite,numberOfRobotsOnWhiteSite
11678,23,21
timeStep,numberOfRobotsOnBlackSite,numberOfRobotsOnWhiteSite
11679,23,21
timeStep,numberOfRobotsOnBlackSite,numberOfRobotsOnWhiteSite
11680,22,21
timeStep,numberOfRobotsOnBlackSite,numberOfRobotsOnWhiteSite
11681,22,21
timeStep,numberOfRobotsOnBlackSite,numberOfRobotsOnWhiteSite
11682,22,21
timeStep,numberOfRobotsOnBlackSite,numberOfRobotsOnWhiteSite
11683,22,21
timeStep,numberOfRobotsOnBlackSite,numberOfRobotsOnWhiteSite
11684,22,21
timeStep,numberOfRobotsOnBlackSite,numberOfRobotsOnWhiteSite
11685,22,21
timeStep,numberOfRobotsOnBlackSite,numberOfRobotsOnWhiteSite
11686,22,21
timeStep,numberOfRobotsOnBlackSite,numberOfRobotsOnWhiteSite
11687,22,21
timeStep,numberOfRobotsOnBlackSite,numberOfRobotsOnWhiteSite
11688,22,21
timeStep,numberOfRobotsOnBlackSite,numberOfRobotsOnWhiteSite
11689,22,21
timeStep,numberOfRobotsOnBlackSite,numberOfRobotsOnWhiteSite
11690,22,21
timeStep,numberOfRobotsOnBlackSite,numberOfRobotsOnWhiteSite
11691,22,21
timeStep,numberOfRobotsOnBlackSite,numberOfRobotsOnWhiteSite
11692,22,21
timeStep,numberOfRobotsOnBlackSite,numberOfRobotsOnWhiteSite
11693,22,21
timeStep,numberOfRobotsOnBlackSite,numberOfRobotsOnWhiteSite
11694,22,21
timeStep,numberOfRobotsOnBlackSite,numberOfRobotsOnWhiteSite
11695,22,21
timeStep,numberOfRobotsOnBlackSite,numberOfRobotsOnWhiteSite
11696,22,21
timeStep,numberOfRobotsOnBlackSite,numberOfRobotsOnWhiteSite
11697,22,21
timeStep,numberOfRobotsOnBlackSite,numberOfRobotsOnWhiteSite
11698,22,21
timeStep,numberOfRobotsOnBlackSite,numberOfRobotsOnWhiteSite
11699,22,21
timeStep,numberOfRobotsOnBlackSite,numberOfRobotsOnWhiteSite
11700,22,21
timeStep,numberOfRobotsOnBlackSite,numberOfRobotsOnWhiteSite
11701,22,21
timeStep,numberOfRobotsOnBlackSite,numberOfRobotsOnWhiteSite
11702,22,21
timeStep,numberOfRobotsOnBlackSite,numberOfRobotsOnWhiteSite
11703,22,21
timeStep,numberOfRobotsOnBlackSite,numberOfRobotsOnWhiteSite
11704,22,21
timeStep,numberOfRobotsOnBlackSite,numberOfRobotsOnWhiteSite
11705,22,21
timeStep,numberOfRobotsOnBlackSite,numberOfRobotsOnWhiteSite
11706,22,21
timeStep,numberOfRobotsOnBlackSite,numberOfRobotsOnWhiteSite
11707,22,21
timeStep,numberOfRobotsOnBlackSite,numberOfRobotsOnWhiteSite
11708,22,21
timeStep,numberOfRobotsOnBlackSite,numberOfRobotsOnWhiteSite
11709,22,21
timeStep,numberOfRobotsOnBlackSite,numberOfRobotsOnWhiteSite
11710,22,21
timeStep,numberOfRobotsOnBlackSite,numberOfRobotsOnWhiteSite
11711,22,21
timeStep,numberOfRobotsOnBlackSite,numberOfRobotsOnWhiteSite
11712,22,21
timeStep,numberOfRobotsOnBlackSite,numberOfRobotsOnWhiteSite
11713,22,21
timeStep,numberOfRobotsOnBlackSite,numberOfRobotsOnWhiteSite
11714,22,21
timeStep,numberOfRobotsOnBlackSite,numberOfRobotsOnWhiteSite
11715,22,22
timeStep,numberOfRobotsOnBlackSite,numberOfRobotsOnWhiteSite
11716,22,22
timeStep,numberOfRobotsOnBlackSite,numberOfRobotsOnWhiteSite
11717,22,22
timeStep,numberOfRobotsOnBlackSite,numberOfRobotsOnWhiteSite
11718,22,22
timeStep,numberOfRobotsOnBlackSite,numberOfRobotsOnWhiteSite
11719,22,22
timeStep,numberOfRobotsOnBlackSite,numberOfRobotsOnWhiteSite
11720,22,22
timeStep,numberOfRobotsOnBlackSite,numberOfRobotsOnWhiteSite
11721,22,22
timeStep,numberOfRobotsOnBlackSite,numberOfRobotsOnWhiteSite
11722,22,22
timeStep,numberOfRobotsOnBlackSite,numberOfRobotsOnWhiteSite
11723,22,22
timeStep,numberOfRobotsOnBlackSite,numberOfRobotsOnWhiteSite
11724,22,22
timeStep,numberOfRobotsOnBlackSite,numberOfRobotsOnWhiteSite
11725,22,22
timeStep,numberOfRobotsOnBlackSite,numberOfRobotsOnWhiteSite
11726,22,22
timeStep,numberOfRobotsOnBlackSite,numberOfRobotsOnWhiteSite
11727,22,22
timeStep,numberOfRobotsOnBlackSite,numberOfRobotsOnWhiteSite
11728,22,22
timeStep,numberOfRobotsOnBlackSite,numberOfRobotsOnWhiteSite
11729,22,22
timeStep,numberOfRobotsOnBlackSite,numberOfRobotsOnWhiteSite
11730,22,22
timeStep,numberOfRobotsOnBlackSite,numberOfRobotsOnWhiteSite
11731,22,22
timeStep,numberOfRobotsOnBlackSite,numberOfRobotsOnWhiteSite
11732,22,22
timeStep,numberOfRobotsOnBlackSite,numberOfRobotsOnWhiteSite
11733,22,22
timeStep,numberOfRobotsOnBlackSite,numberOfRobotsOnWhiteSite
11734,22,22
timeStep,numberOfRobotsOnBlackSite,numberOfRobotsOnWhiteSite
11735,22,22
timeStep,numberOfRobotsOnBlackSite,numberOfRobotsOnWhiteSite
11736,22,22
timeStep,numberOfRobotsOnBlackSite,numberOfRobotsOnWhiteSite
11737,22,22
timeStep,numberOfRobotsOnBlackSite,numberOfRobotsOnWhiteSite
11738,22,22
timeStep,numberOfRobotsOnBlackSite,numberOfRobotsOnWhiteSite
11739,22,22
timeStep,numberOfRobotsOnBlackSite,numberOfRobotsOnWhiteSite
11740,22,22
timeStep,numberOfRobotsOnBlackSite,numberOfRobotsOnWhiteSite
11741,22,22
timeStep,numberOfRobotsOnBlackSite,numberOfRobotsOnWhiteSite
11742,22,22
timeStep,numberOfRobotsOnBlackSite,numberOfRobotsOnWhiteSite
11743,22,22
timeStep,numberOfRobotsOnBlackSite,numberOfRobotsOnWhiteSite
11744,22,22
timeStep,numberOfRobotsOnBlackSite,numberOfRobotsOnWhiteSite
11745,22,22
timeStep,numberOfRobotsOnBlackSite,numberOfRobotsOnWhiteSite
11746,22,22
timeStep,numberOfRobotsOnBlackSite,numberOfRobotsOnWhiteSite
11747,22,22
timeStep,numberOfRobotsOnBlackSite,numberOfRobotsOnWhiteSite
11748,22,22
timeStep,numberOfRobotsOnBlackSite,numberOfRobotsOnWhiteSite
11749,22,22
timeStep,numberOfRobotsOnBlackSite,numberOfRobotsOnWhiteSite
11750,22,22
timeStep,numberOfRobotsOnBlackSite,numberOfRobotsOnWhiteSite
11751,22,22
timeStep,numberOfRobotsOnBlackSite,numberOfRobotsOnWhiteSite
11752,22,22
timeStep,numberOfRobotsOnBlackSite,numberOfRobotsOnWhiteSite
11753,22,22
timeStep,numberOfRobotsOnBlackSite,numberOfRobotsOnWhiteSite
11754,22,22
timeStep,numberOfRobotsOnBlackSite,numberOfRobotsOnWhiteSite
11755,22,22
timeStep,numberOfRobotsOnBlackSite,numberOfRobotsOnWhiteSite
11756,22,22
timeStep,numberOfRobotsOnBlackSite,numberOfRobotsOnWhiteSite
11757,22,22
timeStep,numberOfRobotsOnBlackSite,numberOfRobotsOnWhiteSite
11758,22,22
timeStep,numberOfRobotsOnBlackSite,numberOfRobotsOnWhiteSite
11759,22,22
timeStep,numberOfRobotsOnBlackSite,numberOfRobotsOnWhiteSite
11760,22,22
timeStep,numberOfRobotsOnBlackSite,numberOfRobotsOnWhiteSite
11761,22,22
timeStep,numberOfRobotsOnBlackSite,numberOfRobotsOnWhiteSite
11762,22,22
timeStep,numberOfRobotsOnBlackSite,numberOfRobotsOnWhiteSite
11763,22,22
timeStep,numberOfRobotsOnBlackSite,numberOfRobotsOnWhiteSite
11764,22,22
timeStep,numberOfRobotsOnBlackSite,numberOfRobotsOnWhiteSite
11765,22,22
timeStep,numberOfRobotsOnBlackSite,numberOfRobotsOnWhiteSite
11766,22,22
timeStep,numberOfRobotsOnBlackSite,numberOfRobotsOnWhiteSite
11767,22,22
timeStep,numberOfRobotsOnBlackSite,numberOfRobotsOnWhiteSite
11768,22,22
timeStep,numberOfRobotsOnBlackSite,numberOfRobotsOnWhiteSite
11769,22,22
timeStep,numberOfRobotsOnBlackSite,numberOfRobotsOnWhiteSite
11770,22,22
timeStep,numberOfRobotsOnBlackSite,numberOfRobotsOnWhiteSite
11771,22,22
timeStep,numberOfRobotsOnBlackSite,numberOfRobotsOnWhiteSite
11772,22,22
timeStep,numberOfRobotsOnBlackSite,numberOfRobotsOnWhiteSite
11773,22,22
timeStep,numberOfRobotsOnBlackSite,numberOfRobotsOnWhiteSite
11774,22,22
timeStep,numberOfRobotsOnBlackSite,numberOfRobotsOnWhiteSite
11775,22,22
timeStep,numberOfRobotsOnBlackSite,numberOfRobotsOnWhiteSite
11776,22,22
timeStep,numberOfRobotsOnBlackSite,numberOfRobotsOnWhiteSite
11777,22,22
timeStep,numberOfRobotsOnBlackSite,numberOfRobotsOnWhiteSite
11778,22,22
timeStep,numberOfRobotsOnBlackSite,numberOfRobotsOnWhiteSite
11779,22,22
timeStep,numberOfRobotsOnBlackSite,numberOfRobotsOnWhiteSite
11780,22,22
timeStep,numberOfRobotsOnBlackSite,numberOfRobotsOnWhiteSite
11781,22,22
timeStep,numberOfRobotsOnBlackSite,numberOfRobotsOnWhiteSite
11782,22,22
timeStep,numberOfRobotsOnBlackSite,numberOfRobotsOnWhiteSite
11783,22,22
timeStep,numberOfRobotsOnBlackSite,numberOfRobotsOnWhiteSite
11784,22,22
timeStep,numberOfRobotsOnBlackSite,numberOfRobotsOnWhiteSite
11785,22,22
timeStep,numberOfRobotsOnBlackSite,numberOfRobotsOnWhiteSite
11786,22,22
timeStep,numberOfRobotsOnBlackSite,numberOfRobotsOnWhiteSite
11787,22,22
timeStep,numberOfRobotsOnBlackSite,numberOfRobotsOnWhiteSite
11788,22,22
timeStep,numberOfRobotsOnBlackSite,numberOfRobotsOnWhiteSite
11789,22,22
timeStep,numberOfRobotsOnBlackSite,numberOfRobotsOnWhiteSite
11790,22,22
timeStep,numberOfRobotsOnBlackSite,numberOfRobotsOnWhiteSite
11791,22,22
timeStep,numberOfRobotsOnBlackSite,numberOfRobotsOnWhiteSite
11792,22,22
timeStep,numberOfRobotsOnBlackSite,numberOfRobotsOnWhiteSite
11793,22,22
timeStep,numberOfRobotsOnBlackSite,numberOfRobotsOnWhiteSite
11794,22,22
timeStep,numberOfRobotsOnBlackSite,numberOfRobotsOnWhiteSite
11795,22,22
timeStep,numberOfRobotsOnBlackSite,numberOfRobotsOnWhiteSite
11796,22,22
timeStep,numberOfRobotsOnBlackSite,numberOfRobotsOnWhiteSite
11797,22,22
timeStep,numberOfRobotsOnBlackSite,numberOfRobotsOnWhiteSite
11798,22,22
timeStep,numberOfRobotsOnBlackSite,numberOfRobotsOnWhiteSite
11799,22,22
timeStep,numberOfRobotsOnBlackSite,numberOfRobotsOnWhiteSite
11800,22,22
timeStep,numberOfRobotsOnBlackSite,numberOfRobotsOnWhiteSite
11801,22,22
timeStep,numberOfRobotsOnBlackSite,numberOfRobotsOnWhiteSite
11802,22,22
timeStep,numberOfRobotsOnBlackSite,numberOfRobotsOnWhiteSite
11803,22,22
timeStep,numberOfRobotsOnBlackSite,numberOfRobotsOnWhiteSite
11804,22,22
timeStep,numberOfRobotsOnBlackSite,numberOfRobotsOnWhiteSite
11805,22,22
timeStep,numberOfRobotsOnBlackSite,numberOfRobotsOnWhiteSite
11806,22,22
timeStep,numberOfRobotsOnBlackSite,numberOfRobotsOnWhiteSite
11807,22,22
timeStep,numberOfRobotsOnBlackSite,numberOfRobotsOnWhiteSite
11808,22,22
timeStep,numberOfRobotsOnBlackSite,numberOfRobotsOnWhiteSite
11809,22,22
timeStep,numberOfRobotsOnBlackSite,numberOfRobotsOnWhiteSite
11810,22,22
timeStep,numberOfRobotsOnBlackSite,numberOfRobotsOnWhiteSite
11811,22,22
timeStep,numberOfRobotsOnBlackSite,numberOfRobotsOnWhiteSite
11812,22,22
timeStep,numberOfRobotsOnBlackSite,numberOfRobotsOnWhiteSite
11813,22,22
timeStep,numberOfRobotsOnBlackSite,numberOfRobotsOnWhiteSite
11814,22,22
timeStep,numberOfRobotsOnBlackSite,numberOfRobotsOnWhiteSite
11815,22,22
timeStep,numberOfRobotsOnBlackSite,numberOfRobotsOnWhiteSite
11816,22,22
timeStep,numberOfRobotsOnBlackSite,numberOfRobotsOnWhiteSite
11817,22,22
timeStep,numberOfRobotsOnBlackSite,numberOfRobotsOnWhiteSite
11818,22,22
timeStep,numberOfRobotsOnBlackSite,numberOfRobotsOnWhiteSite
11819,22,22
timeStep,numberOfRobotsOnBlackSite,numberOfRobotsOnWhiteSite
11820,22,22
timeStep,numberOfRobotsOnBlackSite,numberOfRobotsOnWhiteSite
11821,22,22
timeStep,numberOfRobotsOnBlackSite,numberOfRobotsOnWhiteSite
11822,22,22
timeStep,numberOfRobotsOnBlackSite,numberOfRobotsOnWhiteSite
11823,22,22
timeStep,numberOfRobotsOnBlackSite,numberOfRobotsOnWhiteSite
11824,22,22
timeStep,numberOfRobotsOnBlackSite,numberOfRobotsOnWhiteSite
11825,22,22
timeStep,numberOfRobotsOnBlackSite,numberOfRobotsOnWhiteSite
11826,22,22
timeStep,numberOfRobotsOnBlackSite,numberOfRobotsOnWhiteSite
11827,22,22
timeStep,numberOfRobotsOnBlackSite,numberOfRobotsOnWhiteSite
11828,22,22
timeStep,numberOfRobotsOnBlackSite,numberOfRobotsOnWhiteSite
11829,22,22
timeStep,numberOfRobotsOnBlackSite,numberOfRobotsOnWhiteSite
11830,22,22
timeStep,numberOfRobotsOnBlackSite,numberOfRobotsOnWhiteSite
11831,22,22
timeStep,numberOfRobotsOnBlackSite,numberOfRobotsOnWhiteSite
11832,22,22
timeStep,numberOfRobotsOnBlackSite,numberOfRobotsOnWhiteSite
11833,22,22
timeStep,numberOfRobotsOnBlackSite,numberOfRobotsOnWhiteSite
11834,22,22
timeStep,numberOfRobotsOnBlackSite,numberOfRobotsOnWhiteSite
11835,23,22
timeStep,numberOfRobotsOnBlackSite,numberOfRobotsOnWhiteSite
11836,23,22
timeStep,numberOfRobotsOnBlackSite,numberOfRobotsOnWhiteSite
11837,23,22
timeStep,numberOfRobotsOnBlackSite,numberOfRobotsOnWhiteSite
11838,23,22
timeStep,numberOfRobotsOnBlackSite,numberOfRobotsOnWhiteSite
11839,23,22
timeStep,numberOfRobotsOnBlackSite,numberOfRobotsOnWhiteSite
11840,23,22
timeStep,numberOfRobotsOnBlackSite,numberOfRobotsOnWhiteSite
11841,23,22
timeStep,numberOfRobotsOnBlackSite,numberOfRobotsOnWhiteSite
11842,23,22
timeStep,numberOfRobotsOnBlackSite,numberOfRobotsOnWhiteSite
11843,23,22
timeStep,numberOfRobotsOnBlackSite,numberOfRobotsOnWhiteSite
11844,23,22
timeStep,numberOfRobotsOnBlackSite,numberOfRobotsOnWhiteSite
11845,22,22
timeStep,numberOfRobotsOnBlackSite,numberOfRobotsOnWhiteSite
11846,22,22
timeStep,numberOfRobotsOnBlackSite,numberOfRobotsOnWhiteSite
11847,22,22
timeStep,numberOfRobotsOnBlackSite,numberOfRobotsOnWhiteSite
11848,22,22
timeStep,numberOfRobotsOnBlackSite,numberOfRobotsOnWhiteSite
11849,22,22
timeStep,numberOfRobotsOnBlackSite,numberOfRobotsOnWhiteSite
11850,22,22
timeStep,numberOfRobotsOnBlackSite,numberOfRobotsOnWhiteSite
11851,22,22
timeStep,numberOfRobotsOnBlackSite,numberOfRobotsOnWhiteSite
11852,22,22
timeStep,numberOfRobotsOnBlackSite,numberOfRobotsOnWhiteSite
11853,22,22
timeStep,numberOfRobotsOnBlackSite,numberOfRobotsOnWhiteSite
11854,22,22
timeStep,numberOfRobotsOnBlackSite,numberOfRobotsOnWhiteSite
11855,22,22
timeStep,numberOfRobotsOnBlackSite,numberOfRobotsOnWhiteSite
11856,22,22
timeStep,numberOfRobotsOnBlackSite,numberOfRobotsOnWhiteSite
11857,22,22
timeStep,numberOfRobotsOnBlackSite,numberOfRobotsOnWhiteSite
11858,22,22
timeStep,numberOfRobotsOnBlackSite,numberOfRobotsOnWhiteSite
11859,22,22
timeStep,numberOfRobotsOnBlackSite,numberOfRobotsOnWhiteSite
11860,22,22
timeStep,numberOfRobotsOnBlackSite,numberOfRobotsOnWhiteSite
11861,22,22
timeStep,numberOfRobotsOnBlackSite,numberOfRobotsOnWhiteSite
11862,22,22
timeStep,numberOfRobotsOnBlackSite,numberOfRobotsOnWhiteSite
11863,22,22
timeStep,numberOfRobotsOnBlackSite,numberOfRobotsOnWhiteSite
11864,22,22
timeStep,numberOfRobotsOnBlackSite,numberOfRobotsOnWhiteSite
11865,23,22
timeStep,numberOfRobotsOnBlackSite,numberOfRobotsOnWhiteSite
11866,23,22
timeStep,numberOfRobotsOnBlackSite,numberOfRobotsOnWhiteSite
11867,23,22
timeStep,numberOfRobotsOnBlackSite,numberOfRobotsOnWhiteSite
11868,23,22
timeStep,numberOfRobotsOnBlackSite,numberOfRobotsOnWhiteSite
11869,23,22
timeStep,numberOfRobotsOnBlackSite,numberOfRobotsOnWhiteSite
11870,23,22
timeStep,numberOfRobotsOnBlackSite,numberOfRobotsOnWhiteSite
11871,23,22
timeStep,numberOfRobotsOnBlackSite,numberOfRobotsOnWhiteSite
11872,23,22
timeStep,numberOfRobotsOnBlackSite,numberOfRobotsOnWhiteSite
11873,23,22
timeStep,numberOfRobotsOnBlackSite,numberOfRobotsOnWhiteSite
11874,23,22
timeStep,numberOfRobotsOnBlackSite,numberOfRobotsOnWhiteSite
11875,23,22
timeStep,numberOfRobotsOnBlackSite,numberOfRobotsOnWhiteSite
11876,23,22
timeStep,numberOfRobotsOnBlackSite,numberOfRobotsOnWhiteSite
11877,23,22
timeStep,numberOfRobotsOnBlackSite,numberOfRobotsOnWhiteSite
11878,23,22
timeStep,numberOfRobotsOnBlackSite,numberOfRobotsOnWhiteSite
11879,23,22
timeStep,numberOfRobotsOnBlackSite,numberOfRobotsOnWhiteSite
11880,23,22
timeStep,numberOfRobotsOnBlackSite,numberOfRobotsOnWhiteSite
11881,23,22
timeStep,numberOfRobotsOnBlackSite,numberOfRobotsOnWhiteSite
11882,23,22
timeStep,numberOfRobotsOnBlackSite,numberOfRobotsOnWhiteSite
11883,23,22
timeStep,numberOfRobotsOnBlackSite,numberOfRobotsOnWhiteSite
11884,23,22
timeStep,numberOfRobotsOnBlackSite,numberOfRobotsOnWhiteSite
11885,22,22
timeStep,numberOfRobotsOnBlackSite,numberOfRobotsOnWhiteSite
11886,22,22
timeStep,numberOfRobotsOnBlackSite,numberOfRobotsOnWhiteSite
11887,22,22
timeStep,numberOfRobotsOnBlackSite,numberOfRobotsOnWhiteSite
11888,22,22
timeStep,numberOfRobotsOnBlackSite,numberOfRobotsOnWhiteSite
11889,22,22
timeStep,numberOfRobotsOnBlackSite,numberOfRobotsOnWhiteSite
11890,22,22
timeStep,numberOfRobotsOnBlackSite,numberOfRobotsOnWhiteSite
11891,22,22
timeStep,numberOfRobotsOnBlackSite,numberOfRobotsOnWhiteSite
11892,22,22
timeStep,numberOfRobotsOnBlackSite,numberOfRobotsOnWhiteSite
11893,22,22
timeStep,numberOfRobotsOnBlackSite,numberOfRobotsOnWhiteSite
11894,22,22
timeStep,numberOfRobotsOnBlackSite,numberOfRobotsOnWhiteSite
11895,22,22
timeStep,numberOfRobotsOnBlackSite,numberOfRobotsOnWhiteSite
11896,22,22
timeStep,numberOfRobotsOnBlackSite,numberOfRobotsOnWhiteSite
11897,22,22
timeStep,numberOfRobotsOnBlackSite,numberOfRobotsOnWhiteSite
11898,22,22
timeStep,numberOfRobotsOnBlackSite,numberOfRobotsOnWhiteSite
11899,22,22
timeStep,numberOfRobotsOnBlackSite,numberOfRobotsOnWhiteSite
11900,22,22
timeStep,numberOfRobotsOnBlackSite,numberOfRobotsOnWhiteSite
11901,22,22
timeStep,numberOfRobotsOnBlackSite,numberOfRobotsOnWhiteSite
11902,22,22
timeStep,numberOfRobotsOnBlackSite,numberOfRobotsOnWhiteSite
11903,22,22
timeStep,numberOfRobotsOnBlackSite,numberOfRobotsOnWhiteSite
11904,22,22
timeStep,numberOfRobotsOnBlackSite,numberOfRobotsOnWhiteSite
11905,23,22
timeStep,numberOfRobotsOnBlackSite,numberOfRobotsOnWhiteSite
11906,23,22
timeStep,numberOfRobotsOnBlackSite,numberOfRobotsOnWhiteSite
11907,23,22
timeStep,numberOfRobotsOnBlackSite,numberOfRobotsOnWhiteSite
11908,23,22
timeStep,numberOfRobotsOnBlackSite,numberOfRobotsOnWhiteSite
11909,23,22
timeStep,numberOfRobotsOnBlackSite,numberOfRobotsOnWhiteSite
11910,23,22
timeStep,numberOfRobotsOnBlackSite,numberOfRobotsOnWhiteSite
11911,23,22
timeStep,numberOfRobotsOnBlackSite,numberOfRobotsOnWhiteSite
11912,23,22
timeStep,numberOfRobotsOnBlackSite,numberOfRobotsOnWhiteSite
11913,23,22
timeStep,numberOfRobotsOnBlackSite,numberOfRobotsOnWhiteSite
11914,23,22
timeStep,numberOfRobotsOnBlackSite,numberOfRobotsOnWhiteSite
11915,22,22
timeStep,numberOfRobotsOnBlackSite,numberOfRobotsOnWhiteSite
11916,22,22
timeStep,numberOfRobotsOnBlackSite,numberOfRobotsOnWhiteSite
11917,22,22
timeStep,numberOfRobotsOnBlackSite,numberOfRobotsOnWhiteSite
11918,22,22
timeStep,numberOfRobotsOnBlackSite,numberOfRobotsOnWhiteSite
11919,22,22
timeStep,numberOfRobotsOnBlackSite,numberOfRobotsOnWhiteSite
11920,22,22
timeStep,numberOfRobotsOnBlackSite,numberOfRobotsOnWhiteSite
11921,22,22
timeStep,numberOfRobotsOnBlackSite,numberOfRobotsOnWhiteSite
11922,22,22
timeStep,numberOfRobotsOnBlackSite,numberOfRobotsOnWhiteSite
11923,22,22
timeStep,numberOfRobotsOnBlackSite,numberOfRobotsOnWhiteSite
11924,22,22
timeStep,numberOfRobotsOnBlackSite,numberOfRobotsOnWhiteSite
11925,22,22
timeStep,numberOfRobotsOnBlackSite,numberOfRobotsOnWhiteSite
11926,22,22
timeStep,numberOfRobotsOnBlackSite,numberOfRobotsOnWhiteSite
11927,22,22
timeStep,numberOfRobotsOnBlackSite,numberOfRobotsOnWhiteSite
11928,22,22
timeStep,numberOfRobotsOnBlackSite,numberOfRobotsOnWhiteSite
11929,22,22
timeStep,numberOfRobotsOnBlackSite,numberOfRobotsOnWhiteSite
11930,22,22
timeStep,numberOfRobotsOnBlackSite,numberOfRobotsOnWhiteSite
11931,22,22
timeStep,numberOfRobotsOnBlackSite,numberOfRobotsOnWhiteSite
11932,22,22
timeStep,numberOfRobotsOnBlackSite,numberOfRobotsOnWhiteSite
11933,22,22
timeStep,numberOfRobotsOnBlackSite,numberOfRobotsOnWhiteSite
11934,22,22
timeStep,numberOfRobotsOnBlackSite,numberOfRobotsOnWhiteSite
11935,22,22
timeStep,numberOfRobotsOnBlackSite,numberOfRobotsOnWhiteSite
11936,22,22
timeStep,numberOfRobotsOnBlackSite,numberOfRobotsOnWhiteSite
11937,22,22
timeStep,numberOfRobotsOnBlackSite,numberOfRobotsOnWhiteSite
11938,22,22
timeStep,numberOfRobotsOnBlackSite,numberOfRobotsOnWhiteSite
11939,22,22
timeStep,numberOfRobotsOnBlackSite,numberOfRobotsOnWhiteSite
11940,22,22
timeStep,numberOfRobotsOnBlackSite,numberOfRobotsOnWhiteSite
11941,22,22
timeStep,numberOfRobotsOnBlackSite,numberOfRobotsOnWhiteSite
11942,22,22
timeStep,numberOfRobotsOnBlackSite,numberOfRobotsOnWhiteSite
11943,22,22
timeStep,numberOfRobotsOnBlackSite,numberOfRobotsOnWhiteSite
11944,22,22
timeStep,numberOfRobotsOnBlackSite,numberOfRobotsOnWhiteSite
11945,22,22
timeStep,numberOfRobotsOnBlackSite,numberOfRobotsOnWhiteSite
11946,22,22
timeStep,numberOfRobotsOnBlackSite,numberOfRobotsOnWhiteSite
11947,22,22
timeStep,numberOfRobotsOnBlackSite,numberOfRobotsOnWhiteSite
11948,22,22
timeStep,numberOfRobotsOnBlackSite,numberOfRobotsOnWhiteSite
11949,22,22
timeStep,numberOfRobotsOnBlackSite,numberOfRobotsOnWhiteSite
11950,22,22
timeStep,numberOfRobotsOnBlackSite,numberOfRobotsOnWhiteSite
11951,22,22
timeStep,numberOfRobotsOnBlackSite,numberOfRobotsOnWhiteSite
11952,22,22
timeStep,numberOfRobotsOnBlackSite,numberOfRobotsOnWhiteSite
11953,22,22
timeStep,numberOfRobotsOnBlackSite,numberOfRobotsOnWhiteSite
11954,22,22
timeStep,numberOfRobotsOnBlackSite,numberOfRobotsOnWhiteSite
11955,22,22
timeStep,numberOfRobotsOnBlackSite,numberOfRobotsOnWhiteSite
11956,22,22
timeStep,numberOfRobotsOnBlackSite,numberOfRobotsOnWhiteSite
11957,22,22
timeStep,numberOfRobotsOnBlackSite,numberOfRobotsOnWhiteSite
11958,22,22
timeStep,numberOfRobotsOnBlackSite,numberOfRobotsOnWhiteSite
11959,22,22
timeStep,numberOfRobotsOnBlackSite,numberOfRobotsOnWhiteSite
11960,22,22
timeStep,numberOfRobotsOnBlackSite,numberOfRobotsOnWhiteSite
11961,22,22
timeStep,numberOfRobotsOnBlackSite,numberOfRobotsOnWhiteSite
11962,22,22
timeStep,numberOfRobotsOnBlackSite,numberOfRobotsOnWhiteSite
11963,22,22
timeStep,numberOfRobotsOnBlackSite,numberOfRobotsOnWhiteSite
11964,22,22
timeStep,numberOfRobotsOnBlackSite,numberOfRobotsOnWhiteSite
11965,22,22
timeStep,numberOfRobotsOnBlackSite,numberOfRobotsOnWhiteSite
11966,22,22
timeStep,numberOfRobotsOnBlackSite,numberOfRobotsOnWhiteSite
11967,22,22
timeStep,numberOfRobotsOnBlackSite,numberOfRobotsOnWhiteSite
11968,22,22
timeStep,numberOfRobotsOnBlackSite,numberOfRobotsOnWhiteSite
11969,22,22
timeStep,numberOfRobotsOnBlackSite,numberOfRobotsOnWhiteSite
11970,22,22
timeStep,numberOfRobotsOnBlackSite,numberOfRobotsOnWhiteSite
11971,22,22
timeStep,numberOfRobotsOnBlackSite,numberOfRobotsOnWhiteSite
11972,22,22
timeStep,numberOfRobotsOnBlackSite,numberOfRobotsOnWhiteSite
11973,22,22
timeStep,numberOfRobotsOnBlackSite,numberOfRobotsOnWhiteSite
11974,22,22
timeStep,numberOfRobotsOnBlackSite,numberOfRobotsOnWhiteSite
11975,22,22
timeStep,numberOfRobotsOnBlackSite,numberOfRobotsOnWhiteSite
11976,22,22
timeStep,numberOfRobotsOnBlackSite,numberOfRobotsOnWhiteSite
11977,22,22
timeStep,numberOfRobotsOnBlackSite,numberOfRobotsOnWhiteSite
11978,22,22
timeStep,numberOfRobotsOnBlackSite,numberOfRobotsOnWhiteSite
11979,22,22
timeStep,numberOfRobotsOnBlackSite,numberOfRobotsOnWhiteSite
11980,22,22
timeStep,numberOfRobotsOnBlackSite,numberOfRobotsOnWhiteSite
11981,22,22
timeStep,numberOfRobotsOnBlackSite,numberOfRobotsOnWhiteSite
11982,22,22
timeStep,numberOfRobotsOnBlackSite,numberOfRobotsOnWhiteSite
11983,22,22
timeStep,numberOfRobotsOnBlackSite,numberOfRobotsOnWhiteSite
11984,22,22
timeStep,numberOfRobotsOnBlackSite,numberOfRobotsOnWhiteSite
11985,22,22
timeStep,numberOfRobotsOnBlackSite,numberOfRobotsOnWhiteSite
11986,22,22
timeStep,numberOfRobotsOnBlackSite,numberOfRobotsOnWhiteSite
11987,22,22
timeStep,numberOfRobotsOnBlackSite,numberOfRobotsOnWhiteSite
11988,22,22
timeStep,numberOfRobotsOnBlackSite,numberOfRobotsOnWhiteSite
11989,22,22
timeStep,numberOfRobotsOnBlackSite,numberOfRobotsOnWhiteSite
11990,22,22
timeStep,numberOfRobotsOnBlackSite,numberOfRobotsOnWhiteSite
11991,22,22
timeStep,numberOfRobotsOnBlackSite,numberOfRobotsOnWhiteSite
11992,22,22
timeStep,numberOfRobotsOnBlackSite,numberOfRobotsOnWhiteSite
11993,22,22
timeStep,numberOfRobotsOnBlackSite,numberOfRobotsOnWhiteSite
11994,22,22
timeStep,numberOfRobotsOnBlackSite,numberOfRobotsOnWhiteSite
11995,22,22
timeStep,numberOfRobotsOnBlackSite,numberOfRobotsOnWhiteSite
11996,22,22
timeStep,numberOfRobotsOnBlackSite,numberOfRobotsOnWhiteSite
11997,22,22
timeStep,numberOfRobotsOnBlackSite,numberOfRobotsOnWhiteSite
11998,22,22
timeStep,numberOfRobotsOnBlackSite,numberOfRobotsOnWhiteSite
11999,22,22
timeStep,numberOfRobotsOnBlackSite,numberOfRobotsOnWhiteSite
12000,21,22
timeStep,numberOfRobotsOnBlackSite,numberOfRobotsOnWhiteSite
12001,21,22
timeStep,numberOfRobotsOnBlackSite,numberOfRobotsOnWhiteSite
12002,21,22
timeStep,numberOfRobotsOnBlackSite,numberOfRobotsOnWhiteSite
12003,21,22
timeStep,numberOfRobotsOnBlackSite,numberOfRobotsOnWhiteSite
12004,21,22
timeStep,numberOfRobotsOnBlackSite,numberOfRobotsOnWhiteSite
12005,21,22
timeStep,numberOfRobotsOnBlackSite,numberOfRobotsOnWhiteSite
12006,21,22
timeStep,numberOfRobotsOnBlackSite,numberOfRobotsOnWhiteSite
12007,21,22
timeStep,numberOfRobotsOnBlackSite,numberOfRobotsOnWhiteSite
12008,21,22
timeStep,numberOfRobotsOnBlackSite,numberOfRobotsOnWhiteSite
12009,21,22
timeStep,numberOfRobotsOnBlackSite,numberOfRobotsOnWhiteSite
12010,21,22
timeStep,numberOfRobotsOnBlackSite,numberOfRobotsOnWhiteSite
12011,21,22
timeStep,numberOfRobotsOnBlackSite,numberOfRobotsOnWhiteSite
12012,21,22
timeStep,numberOfRobotsOnBlackSite,numberOfRobotsOnWhiteSite
12013,21,22
timeStep,numberOfRobotsOnBlackSite,numberOfRobotsOnWhiteSite
12014,21,22
timeStep,numberOfRobotsOnBlackSite,numberOfRobotsOnWhiteSite
12015,21,22
timeStep,numberOfRobotsOnBlackSite,numberOfRobotsOnWhiteSite
12016,21,22
timeStep,numberOfRobotsOnBlackSite,numberOfRobotsOnWhiteSite
12017,21,22
timeStep,numberOfRobotsOnBlackSite,numberOfRobotsOnWhiteSite
12018,21,22
timeStep,numberOfRobotsOnBlackSite,numberOfRobotsOnWhiteSite
12019,21,22
timeStep,numberOfRobotsOnBlackSite,numberOfRobotsOnWhiteSite
12020,21,22
timeStep,numberOfRobotsOnBlackSite,numberOfRobotsOnWhiteSite
12021,21,22
timeStep,numberOfRobotsOnBlackSite,numberOfRobotsOnWhiteSite
12022,21,22
timeStep,numberOfRobotsOnBlackSite,numberOfRobotsOnWhiteSite
12023,21,22
timeStep,numberOfRobotsOnBlackSite,numberOfRobotsOnWhiteSite
12024,21,22
timeStep,numberOfRobotsOnBlackSite,numberOfRobotsOnWhiteSite
12025,21,22
timeStep,numberOfRobotsOnBlackSite,numberOfRobotsOnWhiteSite
12026,21,22
timeStep,numberOfRobotsOnBlackSite,numberOfRobotsOnWhiteSite
12027,21,22
timeStep,numberOfRobotsOnBlackSite,numberOfRobotsOnWhiteSite
12028,21,22
timeStep,numberOfRobotsOnBlackSite,numberOfRobotsOnWhiteSite
12029,21,22
timeStep,numberOfRobotsOnBlackSite,numberOfRobotsOnWhiteSite
12030,21,22
timeStep,numberOfRobotsOnBlackSite,numberOfRobotsOnWhiteSite
12031,21,22
timeStep,numberOfRobotsOnBlackSite,numberOfRobotsOnWhiteSite
12032,21,22
timeStep,numberOfRobotsOnBlackSite,numberOfRobotsOnWhiteSite
12033,21,22
timeStep,numberOfRobotsOnBlackSite,numberOfRobotsOnWhiteSite
12034,21,22
timeStep,numberOfRobotsOnBlackSite,numberOfRobotsOnWhiteSite
12035,21,22
timeStep,numberOfRobotsOnBlackSite,numberOfRobotsOnWhiteSite
12036,21,22
timeStep,numberOfRobotsOnBlackSite,numberOfRobotsOnWhiteSite
12037,21,22
timeStep,numberOfRobotsOnBlackSite,numberOfRobotsOnWhiteSite
12038,21,22
timeStep,numberOfRobotsOnBlackSite,numberOfRobotsOnWhiteSite
12039,21,22
timeStep,numberOfRobotsOnBlackSite,numberOfRobotsOnWhiteSite
12040,21,22
timeStep,numberOfRobotsOnBlackSite,numberOfRobotsOnWhiteSite
12041,21,22
timeStep,numberOfRobotsOnBlackSite,numberOfRobotsOnWhiteSite
12042,21,22
timeStep,numberOfRobotsOnBlackSite,numberOfRobotsOnWhiteSite
12043,21,22
timeStep,numberOfRobotsOnBlackSite,numberOfRobotsOnWhiteSite
12044,21,22
timeStep,numberOfRobotsOnBlackSite,numberOfRobotsOnWhiteSite
12045,21,22
timeStep,numberOfRobotsOnBlackSite,numberOfRobotsOnWhiteSite
12046,21,22
timeStep,numberOfRobotsOnBlackSite,numberOfRobotsOnWhiteSite
12047,21,22
timeStep,numberOfRobotsOnBlackSite,numberOfRobotsOnWhiteSite
12048,21,22
timeStep,numberOfRobotsOnBlackSite,numberOfRobotsOnWhiteSite
12049,21,22
timeStep,numberOfRobotsOnBlackSite,numberOfRobotsOnWhiteSite
12050,21,22
timeStep,numberOfRobotsOnBlackSite,numberOfRobotsOnWhiteSite
12051,21,22
timeStep,numberOfRobotsOnBlackSite,numberOfRobotsOnWhiteSite
12052,21,22
timeStep,numberOfRobotsOnBlackSite,numberOfRobotsOnWhiteSite
12053,21,22
timeStep,numberOfRobotsOnBlackSite,numberOfRobotsOnWhiteSite
12054,21,22
timeStep,numberOfRobotsOnBlackSite,numberOfRobotsOnWhiteSite
12055,21,22
timeStep,numberOfRobotsOnBlackSite,numberOfRobotsOnWhiteSite
12056,21,22
timeStep,numberOfRobotsOnBlackSite,numberOfRobotsOnWhiteSite
12057,21,22
timeStep,numberOfRobotsOnBlackSite,numberOfRobotsOnWhiteSite
12058,21,22
timeStep,numberOfRobotsOnBlackSite,numberOfRobotsOnWhiteSite
12059,21,22
timeStep,numberOfRobotsOnBlackSite,numberOfRobotsOnWhiteSite
12060,21,22
timeStep,numberOfRobotsOnBlackSite,numberOfRobotsOnWhiteSite
12061,21,22
timeStep,numberOfRobotsOnBlackSite,numberOfRobotsOnWhiteSite
12062,21,22
timeStep,numberOfRobotsOnBlackSite,numberOfRobotsOnWhiteSite
12063,21,22
timeStep,numberOfRobotsOnBlackSite,numberOfRobotsOnWhiteSite
12064,21,22
timeStep,numberOfRobotsOnBlackSite,numberOfRobotsOnWhiteSite
12065,21,22
timeStep,numberOfRobotsOnBlackSite,numberOfRobotsOnWhiteSite
12066,21,22
timeStep,numberOfRobotsOnBlackSite,numberOfRobotsOnWhiteSite
12067,21,22
timeStep,numberOfRobotsOnBlackSite,numberOfRobotsOnWhiteSite
12068,21,22
timeStep,numberOfRobotsOnBlackSite,numberOfRobotsOnWhiteSite
12069,21,22
timeStep,numberOfRobotsOnBlackSite,numberOfRobotsOnWhiteSite
12070,21,22
timeStep,numberOfRobotsOnBlackSite,numberOfRobotsOnWhiteSite
12071,21,22
timeStep,numberOfRobotsOnBlackSite,numberOfRobotsOnWhiteSite
12072,21,22
timeStep,numberOfRobotsOnBlackSite,numberOfRobotsOnWhiteSite
12073,21,22
timeStep,numberOfRobotsOnBlackSite,numberOfRobotsOnWhiteSite
12074,21,22
timeStep,numberOfRobotsOnBlackSite,numberOfRobotsOnWhiteSite
12075,21,22
timeStep,numberOfRobotsOnBlackSite,numberOfRobotsOnWhiteSite
12076,21,22
timeStep,numberOfRobotsOnBlackSite,numberOfRobotsOnWhiteSite
12077,21,22
timeStep,numberOfRobotsOnBlackSite,numberOfRobotsOnWhiteSite
12078,21,22
timeStep,numberOfRobotsOnBlackSite,numberOfRobotsOnWhiteSite
12079,21,22
timeStep,numberOfRobotsOnBlackSite,numberOfRobotsOnWhiteSite
12080,21,22
timeStep,numberOfRobotsOnBlackSite,numberOfRobotsOnWhiteSite
12081,21,22
timeStep,numberOfRobotsOnBlackSite,numberOfRobotsOnWhiteSite
12082,21,22
timeStep,numberOfRobotsOnBlackSite,numberOfRobotsOnWhiteSite
12083,21,22
timeStep,numberOfRobotsOnBlackSite,numberOfRobotsOnWhiteSite
12084,21,22
timeStep,numberOfRobotsOnBlackSite,numberOfRobotsOnWhiteSite
12085,21,22
timeStep,numberOfRobotsOnBlackSite,numberOfRobotsOnWhiteSite
12086,21,22
timeStep,numberOfRobotsOnBlackSite,numberOfRobotsOnWhiteSite
12087,21,22
timeStep,numberOfRobotsOnBlackSite,numberOfRobotsOnWhiteSite
12088,21,22
timeStep,numberOfRobotsOnBlackSite,numberOfRobotsOnWhiteSite
12089,21,22
timeStep,numberOfRobotsOnBlackSite,numberOfRobotsOnWhiteSite
12090,21,22
timeStep,numberOfRobotsOnBlackSite,numberOfRobotsOnWhiteSite
12091,21,22
timeStep,numberOfRobotsOnBlackSite,numberOfRobotsOnWhiteSite
12092,21,22
timeStep,numberOfRobotsOnBlackSite,numberOfRobotsOnWhiteSite
12093,21,22
timeStep,numberOfRobotsOnBlackSite,numberOfRobotsOnWhiteSite
12094,21,22
timeStep,numberOfRobotsOnBlackSite,numberOfRobotsOnWhiteSite
12095,21,22
timeStep,numberOfRobotsOnBlackSite,numberOfRobotsOnWhiteSite
12096,21,22
timeStep,numberOfRobotsOnBlackSite,numberOfRobotsOnWhiteSite
12097,21,22
timeStep,numberOfRobotsOnBlackSite,numberOfRobotsOnWhiteSite
12098,21,22
timeStep,numberOfRobotsOnBlackSite,numberOfRobotsOnWhiteSite
12099,21,22
timeStep,numberOfRobotsOnBlackSite,numberOfRobotsOnWhiteSite
12100,21,22
timeStep,numberOfRobotsOnBlackSite,numberOfRobotsOnWhiteSite
12101,21,22
timeStep,numberOfRobotsOnBlackSite,numberOfRobotsOnWhiteSite
12102,21,22
timeStep,numberOfRobotsOnBlackSite,numberOfRobotsOnWhiteSite
12103,21,22
timeStep,numberOfRobotsOnBlackSite,numberOfRobotsOnWhiteSite
12104,21,22
timeStep,numberOfRobotsOnBlackSite,numberOfRobotsOnWhiteSite
12105,21,22
timeStep,numberOfRobotsOnBlackSite,numberOfRobotsOnWhiteSite
12106,21,22
timeStep,numberOfRobotsOnBlackSite,numberOfRobotsOnWhiteSite
12107,21,22
timeStep,numberOfRobotsOnBlackSite,numberOfRobotsOnWhiteSite
12108,21,22
timeStep,numberOfRobotsOnBlackSite,numberOfRobotsOnWhiteSite
12109,21,22
timeStep,numberOfRobotsOnBlackSite,numberOfRobotsOnWhiteSite
12110,21,22
timeStep,numberOfRobotsOnBlackSite,numberOfRobotsOnWhiteSite
12111,21,22
timeStep,numberOfRobotsOnBlackSite,numberOfRobotsOnWhiteSite
12112,21,22
timeStep,numberOfRobotsOnBlackSite,numberOfRobotsOnWhiteSite
12113,21,22
timeStep,numberOfRobotsOnBlackSite,numberOfRobotsOnWhiteSite
12114,21,22
timeStep,numberOfRobotsOnBlackSite,numberOfRobotsOnWhiteSite
12115,21,22
timeStep,numberOfRobotsOnBlackSite,numberOfRobotsOnWhiteSite
12116,21,22
timeStep,numberOfRobotsOnBlackSite,numberOfRobotsOnWhiteSite
12117,21,22
timeStep,numberOfRobotsOnBlackSite,numberOfRobotsOnWhiteSite
12118,21,22
timeStep,numberOfRobotsOnBlackSite,numberOfRobotsOnWhiteSite
12119,21,22
timeStep,numberOfRobotsOnBlackSite,numberOfRobotsOnWhiteSite
12120,21,22
timeStep,numberOfRobotsOnBlackSite,numberOfRobotsOnWhiteSite
12121,21,22
timeStep,numberOfRobotsOnBlackSite,numberOfRobotsOnWhiteSite
12122,21,22
timeStep,numberOfRobotsOnBlackSite,numberOfRobotsOnWhiteSite
12123,21,22
timeStep,numberOfRobotsOnBlackSite,numberOfRobotsOnWhiteSite
12124,21,22
timeStep,numberOfRobotsOnBlackSite,numberOfRobotsOnWhiteSite
12125,21,22
timeStep,numberOfRobotsOnBlackSite,numberOfRobotsOnWhiteSite
12126,21,22
timeStep,numberOfRobotsOnBlackSite,numberOfRobotsOnWhiteSite
12127,21,22
timeStep,numberOfRobotsOnBlackSite,numberOfRobotsOnWhiteSite
12128,21,22
timeStep,numberOfRobotsOnBlackSite,numberOfRobotsOnWhiteSite
12129,21,22
timeStep,numberOfRobotsOnBlackSite,numberOfRobotsOnWhiteSite
12130,21,22
timeStep,numberOfRobotsOnBlackSite,numberOfRobotsOnWhiteSite
12131,21,22
timeStep,numberOfRobotsOnBlackSite,numberOfRobotsOnWhiteSite
12132,21,22
timeStep,numberOfRobotsOnBlackSite,numberOfRobotsOnWhiteSite
12133,21,22
timeStep,numberOfRobotsOnBlackSite,numberOfRobotsOnWhiteSite
12134,21,22
timeStep,numberOfRobotsOnBlackSite,numberOfRobotsOnWhiteSite
12135,21,22
timeStep,numberOfRobotsOnBlackSite,numberOfRobotsOnWhiteSite
12136,21,22
timeStep,numberOfRobotsOnBlackSite,numberOfRobotsOnWhiteSite
12137,21,22
timeStep,numberOfRobotsOnBlackSite,numberOfRobotsOnWhiteSite
12138,21,22
timeStep,numberOfRobotsOnBlackSite,numberOfRobotsOnWhiteSite
12139,21,22
timeStep,numberOfRobotsOnBlackSite,numberOfRobotsOnWhiteSite
12140,21,22
timeStep,numberOfRobotsOnBlackSite,numberOfRobotsOnWhiteSite
12141,21,22
timeStep,numberOfRobotsOnBlackSite,numberOfRobotsOnWhiteSite
12142,21,22
timeStep,numberOfRobotsOnBlackSite,numberOfRobotsOnWhiteSite
12143,21,22
timeStep,numberOfRobotsOnBlackSite,numberOfRobotsOnWhiteSite
12144,21,22
timeStep,numberOfRobotsOnBlackSite,numberOfRobotsOnWhiteSite
12145,21,22
timeStep,numberOfRobotsOnBlackSite,numberOfRobotsOnWhiteSite
12146,21,22
timeStep,numberOfRobotsOnBlackSite,numberOfRobotsOnWhiteSite
12147,21,22
timeStep,numberOfRobotsOnBlackSite,numberOfRobotsOnWhiteSite
12148,21,22
timeStep,numberOfRobotsOnBlackSite,numberOfRobotsOnWhiteSite
12149,21,22
timeStep,numberOfRobotsOnBlackSite,numberOfRobotsOnWhiteSite
12150,21,22
timeStep,numberOfRobotsOnBlackSite,numberOfRobotsOnWhiteSite
12151,21,22
timeStep,numberOfRobotsOnBlackSite,numberOfRobotsOnWhiteSite
12152,21,22
timeStep,numberOfRobotsOnBlackSite,numberOfRobotsOnWhiteSite
12153,21,22
timeStep,numberOfRobotsOnBlackSite,numberOfRobotsOnWhiteSite
12154,21,22
timeStep,numberOfRobotsOnBlackSite,numberOfRobotsOnWhiteSite
12155,21,22
timeStep,numberOfRobotsOnBlackSite,numberOfRobotsOnWhiteSite
12156,21,22
timeStep,numberOfRobotsOnBlackSite,numberOfRobotsOnWhiteSite
12157,21,22
timeStep,numberOfRobotsOnBlackSite,numberOfRobotsOnWhiteSite
12158,21,22
timeStep,numberOfRobotsOnBlackSite,numberOfRobotsOnWhiteSite
12159,21,22
timeStep,numberOfRobotsOnBlackSite,numberOfRobotsOnWhiteSite
12160,21,22
timeStep,numberOfRobotsOnBlackSite,numberOfRobotsOnWhiteSite
12161,21,22
timeStep,numberOfRobotsOnBlackSite,numberOfRobotsOnWhiteSite
12162,21,22
timeStep,numberOfRobotsOnBlackSite,numberOfRobotsOnWhiteSite
12163,21,22
timeStep,numberOfRobotsOnBlackSite,numberOfRobotsOnWhiteSite
12164,21,22
timeStep,numberOfRobotsOnBlackSite,numberOfRobotsOnWhiteSite
12165,21,22
timeStep,numberOfRobotsOnBlackSite,numberOfRobotsOnWhiteSite
12166,21,22
timeStep,numberOfRobotsOnBlackSite,numberOfRobotsOnWhiteSite
12167,21,22
timeStep,numberOfRobotsOnBlackSite,numberOfRobotsOnWhiteSite
12168,21,22
timeStep,numberOfRobotsOnBlackSite,numberOfRobotsOnWhiteSite
12169,21,22
timeStep,numberOfRobotsOnBlackSite,numberOfRobotsOnWhiteSite
12170,21,22
timeStep,numberOfRobotsOnBlackSite,numberOfRobotsOnWhiteSite
12171,21,22
timeStep,numberOfRobotsOnBlackSite,numberOfRobotsOnWhiteSite
12172,21,22
timeStep,numberOfRobotsOnBlackSite,numberOfRobotsOnWhiteSite
12173,21,22
timeStep,numberOfRobotsOnBlackSite,numberOfRobotsOnWhiteSite
12174,21,22
timeStep,numberOfRobotsOnBlackSite,numberOfRobotsOnWhiteSite
12175,21,22
timeStep,numberOfRobotsOnBlackSite,numberOfRobotsOnWhiteSite
12176,21,22
timeStep,numberOfRobotsOnBlackSite,numberOfRobotsOnWhiteSite
12177,21,22
timeStep,numberOfRobotsOnBlackSite,numberOfRobotsOnWhiteSite
12178,21,22
timeStep,numberOfRobotsOnBlackSite,numberOfRobotsOnWhiteSite
12179,21,22
timeStep,numberOfRobotsOnBlackSite,numberOfRobotsOnWhiteSite
12180,21,22
timeStep,numberOfRobotsOnBlackSite,numberOfRobotsOnWhiteSite
12181,21,22
timeStep,numberOfRobotsOnBlackSite,numberOfRobotsOnWhiteSite
12182,21,22
timeStep,numberOfRobotsOnBlackSite,numberOfRobotsOnWhiteSite
12183,21,22
timeStep,numberOfRobotsOnBlackSite,numberOfRobotsOnWhiteSite
12184,21,22
timeStep,numberOfRobotsOnBlackSite,numberOfRobotsOnWhiteSite
12185,21,22
timeStep,numberOfRobotsOnBlackSite,numberOfRobotsOnWhiteSite
12186,21,22
timeStep,numberOfRobotsOnBlackSite,numberOfRobotsOnWhiteSite
12187,21,22
timeStep,numberOfRobotsOnBlackSite,numberOfRobotsOnWhiteSite
12188,21,22
timeStep,numberOfRobotsOnBlackSite,numberOfRobotsOnWhiteSite
12189,21,22
timeStep,numberOfRobotsOnBlackSite,numberOfRobotsOnWhiteSite
12190,21,22
timeStep,numberOfRobotsOnBlackSite,numberOfRobotsOnWhiteSite
12191,21,22
timeStep,numberOfRobotsOnBlackSite,numberOfRobotsOnWhiteSite
12192,21,22
timeStep,numberOfRobotsOnBlackSite,numberOfRobotsOnWhiteSite
12193,21,22
timeStep,numberOfRobotsOnBlackSite,numberOfRobotsOnWhiteSite
12194,21,22
timeStep,numberOfRobotsOnBlackSite,numberOfRobotsOnWhiteSite
12195,21,22
timeStep,numberOfRobotsOnBlackSite,numberOfRobotsOnWhiteSite
12196,21,22
timeStep,numberOfRobotsOnBlackSite,numberOfRobotsOnWhiteSite
12197,21,22
timeStep,numberOfRobotsOnBlackSite,numberOfRobotsOnWhiteSite
12198,21,22
timeStep,numberOfRobotsOnBlackSite,numberOfRobotsOnWhiteSite
12199,21,22
timeStep,numberOfRobotsOnBlackSite,numberOfRobotsOnWhiteSite
12200,21,22
timeStep,numberOfRobotsOnBlackSite,numberOfRobotsOnWhiteSite
12201,21,22
timeStep,numberOfRobotsOnBlackSite,numberOfRobotsOnWhiteSite
12202,21,22
timeStep,numberOfRobotsOnBlackSite,numberOfRobotsOnWhiteSite
12203,21,22
timeStep,numberOfRobotsOnBlackSite,numberOfRobotsOnWhiteSite
12204,21,22
timeStep,numberOfRobotsOnBlackSite,numberOfRobotsOnWhiteSite
12205,21,22
timeStep,numberOfRobotsOnBlackSite,numberOfRobotsOnWhiteSite
12206,21,22
timeStep,numberOfRobotsOnBlackSite,numberOfRobotsOnWhiteSite
12207,21,22
timeStep,numberOfRobotsOnBlackSite,numberOfRobotsOnWhiteSite
12208,21,22
timeStep,numberOfRobotsOnBlackSite,numberOfRobotsOnWhiteSite
12209,21,22
timeStep,numberOfRobotsOnBlackSite,numberOfRobotsOnWhiteSite
12210,21,22
timeStep,numberOfRobotsOnBlackSite,numberOfRobotsOnWhiteSite
12211,21,22
timeStep,numberOfRobotsOnBlackSite,numberOfRobotsOnWhiteSite
12212,21,22
timeStep,numberOfRobotsOnBlackSite,numberOfRobotsOnWhiteSite
12213,21,22
timeStep,numberOfRobotsOnBlackSite,numberOfRobotsOnWhiteSite
12214,21,22
timeStep,numberOfRobotsOnBlackSite,numberOfRobotsOnWhiteSite
12215,21,22
timeStep,numberOfRobotsOnBlackSite,numberOfRobotsOnWhiteSite
12216,21,22
timeStep,numberOfRobotsOnBlackSite,numberOfRobotsOnWhiteSite
12217,21,22
timeStep,numberOfRobotsOnBlackSite,numberOfRobotsOnWhiteSite
12218,21,22
timeStep,numberOfRobotsOnBlackSite,numberOfRobotsOnWhiteSite
12219,21,22
timeStep,numberOfRobotsOnBlackSite,numberOfRobotsOnWhiteSite
12220,21,22
timeStep,numberOfRobotsOnBlackSite,numberOfRobotsOnWhiteSite
12221,21,22
timeStep,numberOfRobotsOnBlackSite,numberOfRobotsOnWhiteSite
12222,21,22
timeStep,numberOfRobotsOnBlackSite,numberOfRobotsOnWhiteSite
12223,21,22
timeStep,numberOfRobotsOnBlackSite,numberOfRobotsOnWhiteSite
12224,21,22
timeStep,numberOfRobotsOnBlackSite,numberOfRobotsOnWhiteSite
12225,21,22
timeStep,numberOfRobotsOnBlackSite,numberOfRobotsOnWhiteSite
12226,21,22
timeStep,numberOfRobotsOnBlackSite,numberOfRobotsOnWhiteSite
12227,21,22
timeStep,numberOfRobotsOnBlackSite,numberOfRobotsOnWhiteSite
12228,21,22
timeStep,numberOfRobotsOnBlackSite,numberOfRobotsOnWhiteSite
12229,21,22
timeStep,numberOfRobotsOnBlackSite,numberOfRobotsOnWhiteSite
12230,21,22
timeStep,numberOfRobotsOnBlackSite,numberOfRobotsOnWhiteSite
12231,21,22
timeStep,numberOfRobotsOnBlackSite,numberOfRobotsOnWhiteSite
12232,21,22
timeStep,numberOfRobotsOnBlackSite,numberOfRobotsOnWhiteSite
12233,21,22
timeStep,numberOfRobotsOnBlackSite,numberOfRobotsOnWhiteSite
12234,21,22
timeStep,numberOfRobotsOnBlackSite,numberOfRobotsOnWhiteSite
12235,21,22
timeStep,numberOfRobotsOnBlackSite,numberOfRobotsOnWhiteSite
12236,21,22
timeStep,numberOfRobotsOnBlackSite,numberOfRobotsOnWhiteSite
12237,21,22
timeStep,numberOfRobotsOnBlackSite,numberOfRobotsOnWhiteSite
12238,21,22
timeStep,numberOfRobotsOnBlackSite,numberOfRobotsOnWhiteSite
12239,21,22
timeStep,numberOfRobotsOnBlackSite,numberOfRobotsOnWhiteSite
12240,21,22
timeStep,numberOfRobotsOnBlackSite,numberOfRobotsOnWhiteSite
12241,21,22
timeStep,numberOfRobotsOnBlackSite,numberOfRobotsOnWhiteSite
12242,21,22
timeStep,numberOfRobotsOnBlackSite,numberOfRobotsOnWhiteSite
12243,21,22
timeStep,numberOfRobotsOnBlackSite,numberOfRobotsOnWhiteSite
12244,21,22
timeStep,numberOfRobotsOnBlackSite,numberOfRobotsOnWhiteSite
12245,21,22
timeStep,numberOfRobotsOnBlackSite,numberOfRobotsOnWhiteSite
12246,21,22
timeStep,numberOfRobotsOnBlackSite,numberOfRobotsOnWhiteSite
12247,21,22
timeStep,numberOfRobotsOnBlackSite,numberOfRobotsOnWhiteSite
12248,21,22
timeStep,numberOfRobotsOnBlackSite,numberOfRobotsOnWhiteSite
12249,21,22
timeStep,numberOfRobotsOnBlackSite,numberOfRobotsOnWhiteSite
12250,21,22
timeStep,numberOfRobotsOnBlackSite,numberOfRobotsOnWhiteSite
12251,21,22
timeStep,numberOfRobotsOnBlackSite,numberOfRobotsOnWhiteSite
12252,21,22
timeStep,numberOfRobotsOnBlackSite,numberOfRobotsOnWhiteSite
12253,21,22
timeStep,numberOfRobotsOnBlackSite,numberOfRobotsOnWhiteSite
12254,21,22
timeStep,numberOfRobotsOnBlackSite,numberOfRobotsOnWhiteSite
12255,21,22
timeStep,numberOfRobotsOnBlackSite,numberOfRobotsOnWhiteSite
12256,21,22
timeStep,numberOfRobotsOnBlackSite,numberOfRobotsOnWhiteSite
12257,21,22
timeStep,numberOfRobotsOnBlackSite,numberOfRobotsOnWhiteSite
12258,21,22
timeStep,numberOfRobotsOnBlackSite,numberOfRobotsOnWhiteSite
12259,21,22
timeStep,numberOfRobotsOnBlackSite,numberOfRobotsOnWhiteSite
12260,21,22
timeStep,numberOfRobotsOnBlackSite,numberOfRobotsOnWhiteSite
12261,21,22
timeStep,numberOfRobotsOnBlackSite,numberOfRobotsOnWhiteSite
12262,21,22
timeStep,numberOfRobotsOnBlackSite,numberOfRobotsOnWhiteSite
12263,21,22
timeStep,numberOfRobotsOnBlackSite,numberOfRobotsOnWhiteSite
12264,21,22
timeStep,numberOfRobotsOnBlackSite,numberOfRobotsOnWhiteSite
12265,21,22
timeStep,numberOfRobotsOnBlackSite,numberOfRobotsOnWhiteSite
12266,21,22
timeStep,numberOfRobotsOnBlackSite,numberOfRobotsOnWhiteSite
12267,21,22
timeStep,numberOfRobotsOnBlackSite,numberOfRobotsOnWhiteSite
12268,21,22
timeStep,numberOfRobotsOnBlackSite,numberOfRobotsOnWhiteSite
12269,21,22
timeStep,numberOfRobotsOnBlackSite,numberOfRobotsOnWhiteSite
12270,21,22
timeStep,numberOfRobotsOnBlackSite,numberOfRobotsOnWhiteSite
12271,21,22
timeStep,numberOfRobotsOnBlackSite,numberOfRobotsOnWhiteSite
12272,21,22
timeStep,numberOfRobotsOnBlackSite,numberOfRobotsOnWhiteSite
12273,21,22
timeStep,numberOfRobotsOnBlackSite,numberOfRobotsOnWhiteSite
12274,21,22
timeStep,numberOfRobotsOnBlackSite,numberOfRobotsOnWhiteSite
12275,21,22
timeStep,numberOfRobotsOnBlackSite,numberOfRobotsOnWhiteSite
12276,21,22
timeStep,numberOfRobotsOnBlackSite,numberOfRobotsOnWhiteSite
12277,21,22
timeStep,numberOfRobotsOnBlackSite,numberOfRobotsOnWhiteSite
12278,21,22
timeStep,numberOfRobotsOnBlackSite,numberOfRobotsOnWhiteSite
12279,21,22
timeStep,numberOfRobotsOnBlackSite,numberOfRobotsOnWhiteSite
12280,21,21
timeStep,numberOfRobotsOnBlackSite,numberOfRobotsOnWhiteSite
12281,21,21
timeStep,numberOfRobotsOnBlackSite,numberOfRobotsOnWhiteSite
12282,21,21
timeStep,numberOfRobotsOnBlackSite,numberOfRobotsOnWhiteSite
12283,21,21
timeStep,numberOfRobotsOnBlackSite,numberOfRobotsOnWhiteSite
12284,21,21
timeStep,numberOfRobotsOnBlackSite,numberOfRobotsOnWhiteSite
12285,21,21
timeStep,numberOfRobotsOnBlackSite,numberOfRobotsOnWhiteSite
12286,21,21
timeStep,numberOfRobotsOnBlackSite,numberOfRobotsOnWhiteSite
12287,21,21
timeStep,numberOfRobotsOnBlackSite,numberOfRobotsOnWhiteSite
12288,21,21
timeStep,numberOfRobotsOnBlackSite,numberOfRobotsOnWhiteSite
12289,21,21
timeStep,numberOfRobotsOnBlackSite,numberOfRobotsOnWhiteSite
12290,21,21
timeStep,numberOfRobotsOnBlackSite,numberOfRobotsOnWhiteSite
12291,21,21
timeStep,numberOfRobotsOnBlackSite,numberOfRobotsOnWhiteSite
12292,21,21
timeStep,numberOfRobotsOnBlackSite,numberOfRobotsOnWhiteSite
12293,21,21
timeStep,numberOfRobotsOnBlackSite,numberOfRobotsOnWhiteSite
12294,21,21
timeStep,numberOfRobotsOnBlackSite,numberOfRobotsOnWhiteSite
12295,21,21
timeStep,numberOfRobotsOnBlackSite,numberOfRobotsOnWhiteSite
12296,21,21
timeStep,numberOfRobotsOnBlackSite,numberOfRobotsOnWhiteSite
12297,21,21
timeStep,numberOfRobotsOnBlackSite,numberOfRobotsOnWhiteSite
12298,21,21
timeStep,numberOfRobotsOnBlackSite,numberOfRobotsOnWhiteSite
12299,21,21
timeStep,numberOfRobotsOnBlackSite,numberOfRobotsOnWhiteSite
12300,21,21
timeStep,numberOfRobotsOnBlackSite,numberOfRobotsOnWhiteSite
12301,21,21
timeStep,numberOfRobotsOnBlackSite,numberOfRobotsOnWhiteSite
12302,21,21
timeStep,numberOfRobotsOnBlackSite,numberOfRobotsOnWhiteSite
12303,21,21
timeStep,numberOfRobotsOnBlackSite,numberOfRobotsOnWhiteSite
12304,21,21
timeStep,numberOfRobotsOnBlackSite,numberOfRobotsOnWhiteSite
12305,21,21
timeStep,numberOfRobotsOnBlackSite,numberOfRobotsOnWhiteSite
12306,21,21
timeStep,numberOfRobotsOnBlackSite,numberOfRobotsOnWhiteSite
12307,21,21
timeStep,numberOfRobotsOnBlackSite,numberOfRobotsOnWhiteSite
12308,21,21
timeStep,numberOfRobotsOnBlackSite,numberOfRobotsOnWhiteSite
12309,21,21
timeStep,numberOfRobotsOnBlackSite,numberOfRobotsOnWhiteSite
12310,21,21
timeStep,numberOfRobotsOnBlackSite,numberOfRobotsOnWhiteSite
12311,21,21
timeStep,numberOfRobotsOnBlackSite,numberOfRobotsOnWhiteSite
12312,21,21
timeStep,numberOfRobotsOnBlackSite,numberOfRobotsOnWhiteSite
12313,21,21
timeStep,numberOfRobotsOnBlackSite,numberOfRobotsOnWhiteSite
12314,21,21
timeStep,numberOfRobotsOnBlackSite,numberOfRobotsOnWhiteSite
12315,21,21
timeStep,numberOfRobotsOnBlackSite,numberOfRobotsOnWhiteSite
12316,21,21
timeStep,numberOfRobotsOnBlackSite,numberOfRobotsOnWhiteSite
12317,21,21
timeStep,numberOfRobotsOnBlackSite,numberOfRobotsOnWhiteSite
12318,21,21
timeStep,numberOfRobotsOnBlackSite,numberOfRobotsOnWhiteSite
12319,21,21
timeStep,numberOfRobotsOnBlackSite,numberOfRobotsOnWhiteSite
12320,21,21
timeStep,numberOfRobotsOnBlackSite,numberOfRobotsOnWhiteSite
12321,21,21
timeStep,numberOfRobotsOnBlackSite,numberOfRobotsOnWhiteSite
12322,21,21
timeStep,numberOfRobotsOnBlackSite,numberOfRobotsOnWhiteSite
12323,21,21
timeStep,numberOfRobotsOnBlackSite,numberOfRobotsOnWhiteSite
12324,21,21
timeStep,numberOfRobotsOnBlackSite,numberOfRobotsOnWhiteSite
12325,21,20
timeStep,numberOfRobotsOnBlackSite,numberOfRobotsOnWhiteSite
12326,21,20
timeStep,numberOfRobotsOnBlackSite,numberOfRobotsOnWhiteSite
12327,21,20
timeStep,numberOfRobotsOnBlackSite,numberOfRobotsOnWhiteSite
12328,21,20
timeStep,numberOfRobotsOnBlackSite,numberOfRobotsOnWhiteSite
12329,21,20
timeStep,numberOfRobotsOnBlackSite,numberOfRobotsOnWhiteSite
12330,21,20
timeStep,numberOfRobotsOnBlackSite,numberOfRobotsOnWhiteSite
12331,21,20
timeStep,numberOfRobotsOnBlackSite,numberOfRobotsOnWhiteSite
12332,21,20
timeStep,numberOfRobotsOnBlackSite,numberOfRobotsOnWhiteSite
12333,21,20
timeStep,numberOfRobotsOnBlackSite,numberOfRobotsOnWhiteSite
12334,21,20
timeStep,numberOfRobotsOnBlackSite,numberOfRobotsOnWhiteSite
12335,21,20
timeStep,numberOfRobotsOnBlackSite,numberOfRobotsOnWhiteSite
12336,21,20
timeStep,numberOfRobotsOnBlackSite,numberOfRobotsOnWhiteSite
12337,21,20
timeStep,numberOfRobotsOnBlackSite,numberOfRobotsOnWhiteSite
12338,21,20
timeStep,numberOfRobotsOnBlackSite,numberOfRobotsOnWhiteSite
12339,21,20
timeStep,numberOfRobotsOnBlackSite,numberOfRobotsOnWhiteSite
12340,21,20
timeStep,numberOfRobotsOnBlackSite,numberOfRobotsOnWhiteSite
12341,21,20
timeStep,numberOfRobotsOnBlackSite,numberOfRobotsOnWhiteSite
12342,21,20
timeStep,numberOfRobotsOnBlackSite,numberOfRobotsOnWhiteSite
12343,21,20
timeStep,numberOfRobotsOnBlackSite,numberOfRobotsOnWhiteSite
12344,21,20
timeStep,numberOfRobotsOnBlackSite,numberOfRobotsOnWhiteSite
12345,21,20
timeStep,numberOfRobotsOnBlackSite,numberOfRobotsOnWhiteSite
12346,21,20
timeStep,numberOfRobotsOnBlackSite,numberOfRobotsOnWhiteSite
12347,21,20
timeStep,numberOfRobotsOnBlackSite,numberOfRobotsOnWhiteSite
12348,21,20
timeStep,numberOfRobotsOnBlackSite,numberOfRobotsOnWhiteSite
12349,21,20
timeStep,numberOfRobotsOnBlackSite,numberOfRobotsOnWhiteSite
12350,21,20
timeStep,numberOfRobotsOnBlackSite,numberOfRobotsOnWhiteSite
12351,21,20
timeStep,numberOfRobotsOnBlackSite,numberOfRobotsOnWhiteSite
12352,21,20
timeStep,numberOfRobotsOnBlackSite,numberOfRobotsOnWhiteSite
12353,21,20
timeStep,numberOfRobotsOnBlackSite,numberOfRobotsOnWhiteSite
12354,21,20
timeStep,numberOfRobotsOnBlackSite,numberOfRobotsOnWhiteSite
12355,21,20
timeStep,numberOfRobotsOnBlackSite,numberOfRobotsOnWhiteSite
12356,21,20
timeStep,numberOfRobotsOnBlackSite,numberOfRobotsOnWhiteSite
12357,21,20
timeStep,numberOfRobotsOnBlackSite,numberOfRobotsOnWhiteSite
12358,21,20
timeStep,numberOfRobotsOnBlackSite,numberOfRobotsOnWhiteSite
12359,21,20
timeStep,numberOfRobotsOnBlackSite,numberOfRobotsOnWhiteSite
12360,21,20
timeStep,numberOfRobotsOnBlackSite,numberOfRobotsOnWhiteSite
12361,21,20
timeStep,numberOfRobotsOnBlackSite,numberOfRobotsOnWhiteSite
12362,21,20
timeStep,numberOfRobotsOnBlackSite,numberOfRobotsOnWhiteSite
12363,21,20
timeStep,numberOfRobotsOnBlackSite,numberOfRobotsOnWhiteSite
12364,21,20
timeStep,numberOfRobotsOnBlackSite,numberOfRobotsOnWhiteSite
12365,21,20
timeStep,numberOfRobotsOnBlackSite,numberOfRobotsOnWhiteSite
12366,21,20
timeStep,numberOfRobotsOnBlackSite,numberOfRobotsOnWhiteSite
12367,21,20
timeStep,numberOfRobotsOnBlackSite,numberOfRobotsOnWhiteSite
12368,21,20
timeStep,numberOfRobotsOnBlackSite,numberOfRobotsOnWhiteSite
12369,21,20
timeStep,numberOfRobotsOnBlackSite,numberOfRobotsOnWhiteSite
12370,21,20
timeStep,numberOfRobotsOnBlackSite,numberOfRobotsOnWhiteSite
12371,21,20
timeStep,numberOfRobotsOnBlackSite,numberOfRobotsOnWhiteSite
12372,21,20
timeStep,numberOfRobotsOnBlackSite,numberOfRobotsOnWhiteSite
12373,21,20
timeStep,numberOfRobotsOnBlackSite,numberOfRobotsOnWhiteSite
12374,21,20
timeStep,numberOfRobotsOnBlackSite,numberOfRobotsOnWhiteSite
12375,21,20
timeStep,numberOfRobotsOnBlackSite,numberOfRobotsOnWhiteSite
12376,21,20
timeStep,numberOfRobotsOnBlackSite,numberOfRobotsOnWhiteSite
12377,21,20
timeStep,numberOfRobotsOnBlackSite,numberOfRobotsOnWhiteSite
12378,21,20
timeStep,numberOfRobotsOnBlackSite,numberOfRobotsOnWhiteSite
12379,21,20
timeStep,numberOfRobotsOnBlackSite,numberOfRobotsOnWhiteSite
12380,20,20
timeStep,numberOfRobotsOnBlackSite,numberOfRobotsOnWhiteSite
12381,20,20
timeStep,numberOfRobotsOnBlackSite,numberOfRobotsOnWhiteSite
12382,20,20
timeStep,numberOfRobotsOnBlackSite,numberOfRobotsOnWhiteSite
12383,20,20
timeStep,numberOfRobotsOnBlackSite,numberOfRobotsOnWhiteSite
12384,20,20
timeStep,numberOfRobotsOnBlackSite,numberOfRobotsOnWhiteSite
12385,20,20
timeStep,numberOfRobotsOnBlackSite,numberOfRobotsOnWhiteSite
12386,20,20
timeStep,numberOfRobotsOnBlackSite,numberOfRobotsOnWhiteSite
12387,20,20
timeStep,numberOfRobotsOnBlackSite,numberOfRobotsOnWhiteSite
12388,20,20
timeStep,numberOfRobotsOnBlackSite,numberOfRobotsOnWhiteSite
12389,20,20
timeStep,numberOfRobotsOnBlackSite,numberOfRobotsOnWhiteSite
12390,20,20
timeStep,numberOfRobotsOnBlackSite,numberOfRobotsOnWhiteSite
12391,20,20
timeStep,numberOfRobotsOnBlackSite,numberOfRobotsOnWhiteSite
12392,20,20
timeStep,numberOfRobotsOnBlackSite,numberOfRobotsOnWhiteSite
12393,20,20
timeStep,numberOfRobotsOnBlackSite,numberOfRobotsOnWhiteSite
12394,20,20
timeStep,numberOfRobotsOnBlackSite,numberOfRobotsOnWhiteSite
12395,20,20
timeStep,numberOfRobotsOnBlackSite,numberOfRobotsOnWhiteSite
12396,20,20
timeStep,numberOfRobotsOnBlackSite,numberOfRobotsOnWhiteSite
12397,20,20
timeStep,numberOfRobotsOnBlackSite,numberOfRobotsOnWhiteSite
12398,20,20
timeStep,numberOfRobotsOnBlackSite,numberOfRobotsOnWhiteSite
12399,20,20
timeStep,numberOfRobotsOnBlackSite,numberOfRobotsOnWhiteSite
12400,20,20
timeStep,numberOfRobotsOnBlackSite,numberOfRobotsOnWhiteSite
12401,20,20
timeStep,numberOfRobotsOnBlackSite,numberOfRobotsOnWhiteSite
12402,20,20
timeStep,numberOfRobotsOnBlackSite,numberOfRobotsOnWhiteSite
12403,20,20
timeStep,numberOfRobotsOnBlackSite,numberOfRobotsOnWhiteSite
12404,20,20
timeStep,numberOfRobotsOnBlackSite,numberOfRobotsOnWhiteSite
12405,20,20
timeStep,numberOfRobotsOnBlackSite,numberOfRobotsOnWhiteSite
12406,20,20
timeStep,numberOfRobotsOnBlackSite,numberOfRobotsOnWhiteSite
12407,20,20
timeStep,numberOfRobotsOnBlackSite,numberOfRobotsOnWhiteSite
12408,20,20
timeStep,numberOfRobotsOnBlackSite,numberOfRobotsOnWhiteSite
12409,20,20
timeStep,numberOfRobotsOnBlackSite,numberOfRobotsOnWhiteSite
12410,20,20
timeStep,numberOfRobotsOnBlackSite,numberOfRobotsOnWhiteSite
12411,20,20
timeStep,numberOfRobotsOnBlackSite,numberOfRobotsOnWhiteSite
12412,20,20
timeStep,numberOfRobotsOnBlackSite,numberOfRobotsOnWhiteSite
12413,20,20
timeStep,numberOfRobotsOnBlackSite,numberOfRobotsOnWhiteSite
12414,20,20
timeStep,numberOfRobotsOnBlackSite,numberOfRobotsOnWhiteSite
12415,19,20
timeStep,numberOfRobotsOnBlackSite,numberOfRobotsOnWhiteSite
12416,19,20
timeStep,numberOfRobotsOnBlackSite,numberOfRobotsOnWhiteSite
12417,19,20
timeStep,numberOfRobotsOnBlackSite,numberOfRobotsOnWhiteSite
12418,19,20
timeStep,numberOfRobotsOnBlackSite,numberOfRobotsOnWhiteSite
12419,19,20
timeStep,numberOfRobotsOnBlackSite,numberOfRobotsOnWhiteSite
12420,19,20
timeStep,numberOfRobotsOnBlackSite,numberOfRobotsOnWhiteSite
12421,19,20
timeStep,numberOfRobotsOnBlackSite,numberOfRobotsOnWhiteSite
12422,19,20
timeStep,numberOfRobotsOnBlackSite,numberOfRobotsOnWhiteSite
12423,19,20
timeStep,numberOfRobotsOnBlackSite,numberOfRobotsOnWhiteSite
12424,19,20
timeStep,numberOfRobotsOnBlackSite,numberOfRobotsOnWhiteSite
12425,19,20
timeStep,numberOfRobotsOnBlackSite,numberOfRobotsOnWhiteSite
12426,19,20
timeStep,numberOfRobotsOnBlackSite,numberOfRobotsOnWhiteSite
12427,19,20
timeStep,numberOfRobotsOnBlackSite,numberOfRobotsOnWhiteSite
12428,19,20
timeStep,numberOfRobotsOnBlackSite,numberOfRobotsOnWhiteSite
12429,19,20
timeStep,numberOfRobotsOnBlackSite,numberOfRobotsOnWhiteSite
12430,19,20
timeStep,numberOfRobotsOnBlackSite,numberOfRobotsOnWhiteSite
12431,19,20
timeStep,numberOfRobotsOnBlackSite,numberOfRobotsOnWhiteSite
12432,19,20
timeStep,numberOfRobotsOnBlackSite,numberOfRobotsOnWhiteSite
12433,19,20
timeStep,numberOfRobotsOnBlackSite,numberOfRobotsOnWhiteSite
12434,19,20
timeStep,numberOfRobotsOnBlackSite,numberOfRobotsOnWhiteSite
12435,19,20
timeStep,numberOfRobotsOnBlackSite,numberOfRobotsOnWhiteSite
12436,19,20
timeStep,numberOfRobotsOnBlackSite,numberOfRobotsOnWhiteSite
12437,19,20
timeStep,numberOfRobotsOnBlackSite,numberOfRobotsOnWhiteSite
12438,19,20
timeStep,numberOfRobotsOnBlackSite,numberOfRobotsOnWhiteSite
12439,19,20
timeStep,numberOfRobotsOnBlackSite,numberOfRobotsOnWhiteSite
12440,19,20
timeStep,numberOfRobotsOnBlackSite,numberOfRobotsOnWhiteSite
12441,19,20
timeStep,numberOfRobotsOnBlackSite,numberOfRobotsOnWhiteSite
12442,19,20
timeStep,numberOfRobotsOnBlackSite,numberOfRobotsOnWhiteSite
12443,19,20
timeStep,numberOfRobotsOnBlackSite,numberOfRobotsOnWhiteSite
12444,19,20
timeStep,numberOfRobotsOnBlackSite,numberOfRobotsOnWhiteSite
12445,19,20
timeStep,numberOfRobotsOnBlackSite,numberOfRobotsOnWhiteSite
12446,19,20
timeStep,numberOfRobotsOnBlackSite,numberOfRobotsOnWhiteSite
12447,19,20
timeStep,numberOfRobotsOnBlackSite,numberOfRobotsOnWhiteSite
12448,19,20
timeStep,numberOfRobotsOnBlackSite,numberOfRobotsOnWhiteSite
12449,19,20
timeStep,numberOfRobotsOnBlackSite,numberOfRobotsOnWhiteSite
12450,19,20
timeStep,numberOfRobotsOnBlackSite,numberOfRobotsOnWhiteSite
12451,19,20
timeStep,numberOfRobotsOnBlackSite,numberOfRobotsOnWhiteSite
12452,19,20
timeStep,numberOfRobotsOnBlackSite,numberOfRobotsOnWhiteSite
12453,19,20
timeStep,numberOfRobotsOnBlackSite,numberOfRobotsOnWhiteSite
12454,19,20
timeStep,numberOfRobotsOnBlackSite,numberOfRobotsOnWhiteSite
12455,19,20
timeStep,numberOfRobotsOnBlackSite,numberOfRobotsOnWhiteSite
12456,19,20
timeStep,numberOfRobotsOnBlackSite,numberOfRobotsOnWhiteSite
12457,19,20
timeStep,numberOfRobotsOnBlackSite,numberOfRobotsOnWhiteSite
12458,19,20
timeStep,numberOfRobotsOnBlackSite,numberOfRobotsOnWhiteSite
12459,19,20
timeStep,numberOfRobotsOnBlackSite,numberOfRobotsOnWhiteSite
12460,19,20
timeStep,numberOfRobotsOnBlackSite,numberOfRobotsOnWhiteSite
12461,19,20
timeStep,numberOfRobotsOnBlackSite,numberOfRobotsOnWhiteSite
12462,19,20
timeStep,numberOfRobotsOnBlackSite,numberOfRobotsOnWhiteSite
12463,19,20
timeStep,numberOfRobotsOnBlackSite,numberOfRobotsOnWhiteSite
12464,19,20
timeStep,numberOfRobotsOnBlackSite,numberOfRobotsOnWhiteSite
12465,19,20
timeStep,numberOfRobotsOnBlackSite,numberOfRobotsOnWhiteSite
12466,19,20
timeStep,numberOfRobotsOnBlackSite,numberOfRobotsOnWhiteSite
12467,19,20
timeStep,numberOfRobotsOnBlackSite,numberOfRobotsOnWhiteSite
12468,19,20
timeStep,numberOfRobotsOnBlackSite,numberOfRobotsOnWhiteSite
12469,19,20
timeStep,numberOfRobotsOnBlackSite,numberOfRobotsOnWhiteSite
12470,19,20
timeStep,numberOfRobotsOnBlackSite,numberOfRobotsOnWhiteSite
12471,19,20
timeStep,numberOfRobotsOnBlackSite,numberOfRobotsOnWhiteSite
12472,19,20
timeStep,numberOfRobotsOnBlackSite,numberOfRobotsOnWhiteSite
12473,19,20
timeStep,numberOfRobotsOnBlackSite,numberOfRobotsOnWhiteSite
12474,19,20
timeStep,numberOfRobotsOnBlackSite,numberOfRobotsOnWhiteSite
12475,19,20
timeStep,numberOfRobotsOnBlackSite,numberOfRobotsOnWhiteSite
12476,19,20
timeStep,numberOfRobotsOnBlackSite,numberOfRobotsOnWhiteSite
12477,19,20
timeStep,numberOfRobotsOnBlackSite,numberOfRobotsOnWhiteSite
12478,19,20
timeStep,numberOfRobotsOnBlackSite,numberOfRobotsOnWhiteSite
12479,19,20
timeStep,numberOfRobotsOnBlackSite,numberOfRobotsOnWhiteSite
12480,19,20
timeStep,numberOfRobotsOnBlackSite,numberOfRobotsOnWhiteSite
12481,19,20
timeStep,numberOfRobotsOnBlackSite,numberOfRobotsOnWhiteSite
12482,19,20
timeStep,numberOfRobotsOnBlackSite,numberOfRobotsOnWhiteSite
12483,19,20
timeStep,numberOfRobotsOnBlackSite,numberOfRobotsOnWhiteSite
12484,19,20
timeStep,numberOfRobotsOnBlackSite,numberOfRobotsOnWhiteSite
12485,19,20
timeStep,numberOfRobotsOnBlackSite,numberOfRobotsOnWhiteSite
12486,19,20
timeStep,numberOfRobotsOnBlackSite,numberOfRobotsOnWhiteSite
12487,19,20
timeStep,numberOfRobotsOnBlackSite,numberOfRobotsOnWhiteSite
12488,19,20
timeStep,numberOfRobotsOnBlackSite,numberOfRobotsOnWhiteSite
12489,19,20
timeStep,numberOfRobotsOnBlackSite,numberOfRobotsOnWhiteSite
12490,19,20
timeStep,numberOfRobotsOnBlackSite,numberOfRobotsOnWhiteSite
12491,19,20
timeStep,numberOfRobotsOnBlackSite,numberOfRobotsOnWhiteSite
12492,19,20
timeStep,numberOfRobotsOnBlackSite,numberOfRobotsOnWhiteSite
12493,19,20
timeStep,numberOfRobotsOnBlackSite,numberOfRobotsOnWhiteSite
12494,19,20
timeStep,numberOfRobotsOnBlackSite,numberOfRobotsOnWhiteSite
12495,19,20
timeStep,numberOfRobotsOnBlackSite,numberOfRobotsOnWhiteSite
12496,19,20
timeStep,numberOfRobotsOnBlackSite,numberOfRobotsOnWhiteSite
12497,19,20
timeStep,numberOfRobotsOnBlackSite,numberOfRobotsOnWhiteSite
12498,19,20
timeStep,numberOfRobotsOnBlackSite,numberOfRobotsOnWhiteSite
12499,19,20
timeStep,numberOfRobotsOnBlackSite,numberOfRobotsOnWhiteSite
12500,19,20
timeStep,numberOfRobotsOnBlackSite,numberOfRobotsOnWhiteSite
12501,19,20
timeStep,numberOfRobotsOnBlackSite,numberOfRobotsOnWhiteSite
12502,19,20
timeStep,numberOfRobotsOnBlackSite,numberOfRobotsOnWhiteSite
12503,19,20
timeStep,numberOfRobotsOnBlackSite,numberOfRobotsOnWhiteSite
12504,19,20
timeStep,numberOfRobotsOnBlackSite,numberOfRobotsOnWhiteSite
12505,19,20
timeStep,numberOfRobotsOnBlackSite,numberOfRobotsOnWhiteSite
12506,19,20
timeStep,numberOfRobotsOnBlackSite,numberOfRobotsOnWhiteSite
12507,19,20
timeStep,numberOfRobotsOnBlackSite,numberOfRobotsOnWhiteSite
12508,19,20
timeStep,numberOfRobotsOnBlackSite,numberOfRobotsOnWhiteSite
12509,19,20
timeStep,numberOfRobotsOnBlackSite,numberOfRobotsOnWhiteSite
12510,19,20
timeStep,numberOfRobotsOnBlackSite,numberOfRobotsOnWhiteSite
12511,19,20
timeStep,numberOfRobotsOnBlackSite,numberOfRobotsOnWhiteSite
12512,19,20
timeStep,numberOfRobotsOnBlackSite,numberOfRobotsOnWhiteSite
12513,19,20
timeStep,numberOfRobotsOnBlackSite,numberOfRobotsOnWhiteSite
12514,19,20
timeStep,numberOfRobotsOnBlackSite,numberOfRobotsOnWhiteSite
12515,19,20
timeStep,numberOfRobotsOnBlackSite,numberOfRobotsOnWhiteSite
12516,19,20
timeStep,numberOfRobotsOnBlackSite,numberOfRobotsOnWhiteSite
12517,19,20
timeStep,numberOfRobotsOnBlackSite,numberOfRobotsOnWhiteSite
12518,19,20
timeStep,numberOfRobotsOnBlackSite,numberOfRobotsOnWhiteSite
12519,19,20
timeStep,numberOfRobotsOnBlackSite,numberOfRobotsOnWhiteSite
12520,19,20
timeStep,numberOfRobotsOnBlackSite,numberOfRobotsOnWhiteSite
12521,19,20
timeStep,numberOfRobotsOnBlackSite,numberOfRobotsOnWhiteSite
12522,19,20
timeStep,numberOfRobotsOnBlackSite,numberOfRobotsOnWhiteSite
12523,19,20
timeStep,numberOfRobotsOnBlackSite,numberOfRobotsOnWhiteSite
12524,19,20
timeStep,numberOfRobotsOnBlackSite,numberOfRobotsOnWhiteSite
12525,19,20
timeStep,numberOfRobotsOnBlackSite,numberOfRobotsOnWhiteSite
12526,19,20
timeStep,numberOfRobotsOnBlackSite,numberOfRobotsOnWhiteSite
12527,19,20
timeStep,numberOfRobotsOnBlackSite,numberOfRobotsOnWhiteSite
12528,19,20
timeStep,numberOfRobotsOnBlackSite,numberOfRobotsOnWhiteSite
12529,19,20
timeStep,numberOfRobotsOnBlackSite,numberOfRobotsOnWhiteSite
12530,19,20
timeStep,numberOfRobotsOnBlackSite,numberOfRobotsOnWhiteSite
12531,19,20
timeStep,numberOfRobotsOnBlackSite,numberOfRobotsOnWhiteSite
12532,19,20
timeStep,numberOfRobotsOnBlackSite,numberOfRobotsOnWhiteSite
12533,19,20
timeStep,numberOfRobotsOnBlackSite,numberOfRobotsOnWhiteSite
12534,19,20
timeStep,numberOfRobotsOnBlackSite,numberOfRobotsOnWhiteSite
12535,19,20
timeStep,numberOfRobotsOnBlackSite,numberOfRobotsOnWhiteSite
12536,19,20
timeStep,numberOfRobotsOnBlackSite,numberOfRobotsOnWhiteSite
12537,19,20
timeStep,numberOfRobotsOnBlackSite,numberOfRobotsOnWhiteSite
12538,19,20
timeStep,numberOfRobotsOnBlackSite,numberOfRobotsOnWhiteSite
12539,19,20
timeStep,numberOfRobotsOnBlackSite,numberOfRobotsOnWhiteSite
12540,19,20
timeStep,numberOfRobotsOnBlackSite,numberOfRobotsOnWhiteSite
12541,19,20
timeStep,numberOfRobotsOnBlackSite,numberOfRobotsOnWhiteSite
12542,19,20
timeStep,numberOfRobotsOnBlackSite,numberOfRobotsOnWhiteSite
12543,19,20
timeStep,numberOfRobotsOnBlackSite,numberOfRobotsOnWhiteSite
12544,19,20
timeStep,numberOfRobotsOnBlackSite,numberOfRobotsOnWhiteSite
12545,19,20
timeStep,numberOfRobotsOnBlackSite,numberOfRobotsOnWhiteSite
12546,19,20
timeStep,numberOfRobotsOnBlackSite,numberOfRobotsOnWhiteSite
12547,19,20
timeStep,numberOfRobotsOnBlackSite,numberOfRobotsOnWhiteSite
12548,19,20
timeStep,numberOfRobotsOnBlackSite,numberOfRobotsOnWhiteSite
12549,19,20
timeStep,numberOfRobotsOnBlackSite,numberOfRobotsOnWhiteSite
12550,19,20
timeStep,numberOfRobotsOnBlackSite,numberOfRobotsOnWhiteSite
12551,19,20
timeStep,numberOfRobotsOnBlackSite,numberOfRobotsOnWhiteSite
12552,19,20
timeStep,numberOfRobotsOnBlackSite,numberOfRobotsOnWhiteSite
12553,19,20
timeStep,numberOfRobotsOnBlackSite,numberOfRobotsOnWhiteSite
12554,19,20
timeStep,numberOfRobotsOnBlackSite,numberOfRobotsOnWhiteSite
12555,19,20
timeStep,numberOfRobotsOnBlackSite,numberOfRobotsOnWhiteSite
12556,19,20
timeStep,numberOfRobotsOnBlackSite,numberOfRobotsOnWhiteSite
12557,19,20
timeStep,numberOfRobotsOnBlackSite,numberOfRobotsOnWhiteSite
12558,19,20
timeStep,numberOfRobotsOnBlackSite,numberOfRobotsOnWhiteSite
12559,19,20
timeStep,numberOfRobotsOnBlackSite,numberOfRobotsOnWhiteSite
12560,19,20
timeStep,numberOfRobotsOnBlackSite,numberOfRobotsOnWhiteSite
12561,19,20
timeStep,numberOfRobotsOnBlackSite,numberOfRobotsOnWhiteSite
12562,19,20
timeStep,numberOfRobotsOnBlackSite,numberOfRobotsOnWhiteSite
12563,19,20
timeStep,numberOfRobotsOnBlackSite,numberOfRobotsOnWhiteSite
12564,19,20
timeStep,numberOfRobotsOnBlackSite,numberOfRobotsOnWhiteSite
12565,19,20
timeStep,numberOfRobotsOnBlackSite,numberOfRobotsOnWhiteSite
12566,19,20
timeStep,numberOfRobotsOnBlackSite,numberOfRobotsOnWhiteSite
12567,19,20
timeStep,numberOfRobotsOnBlackSite,numberOfRobotsOnWhiteSite
12568,19,20
timeStep,numberOfRobotsOnBlackSite,numberOfRobotsOnWhiteSite
12569,19,20
timeStep,numberOfRobotsOnBlackSite,numberOfRobotsOnWhiteSite
12570,19,20
timeStep,numberOfRobotsOnBlackSite,numberOfRobotsOnWhiteSite
12571,19,20
timeStep,numberOfRobotsOnBlackSite,numberOfRobotsOnWhiteSite
12572,19,20
timeStep,numberOfRobotsOnBlackSite,numberOfRobotsOnWhiteSite
12573,19,20
timeStep,numberOfRobotsOnBlackSite,numberOfRobotsOnWhiteSite
12574,19,20
timeStep,numberOfRobotsOnBlackSite,numberOfRobotsOnWhiteSite
12575,19,20
timeStep,numberOfRobotsOnBlackSite,numberOfRobotsOnWhiteSite
12576,19,20
timeStep,numberOfRobotsOnBlackSite,numberOfRobotsOnWhiteSite
12577,19,20
timeStep,numberOfRobotsOnBlackSite,numberOfRobotsOnWhiteSite
12578,19,20
timeStep,numberOfRobotsOnBlackSite,numberOfRobotsOnWhiteSite
12579,19,20
timeStep,numberOfRobotsOnBlackSite,numberOfRobotsOnWhiteSite
12580,19,20
timeStep,numberOfRobotsOnBlackSite,numberOfRobotsOnWhiteSite
12581,19,20
timeStep,numberOfRobotsOnBlackSite,numberOfRobotsOnWhiteSite
12582,19,20
timeStep,numberOfRobotsOnBlackSite,numberOfRobotsOnWhiteSite
12583,19,20
timeStep,numberOfRobotsOnBlackSite,numberOfRobotsOnWhiteSite
12584,19,20
timeStep,numberOfRobotsOnBlackSite,numberOfRobotsOnWhiteSite
12585,19,21
timeStep,numberOfRobotsOnBlackSite,numberOfRobotsOnWhiteSite
12586,19,21
timeStep,numberOfRobotsOnBlackSite,numberOfRobotsOnWhiteSite
12587,19,21
timeStep,numberOfRobotsOnBlackSite,numberOfRobotsOnWhiteSite
12588,19,21
timeStep,numberOfRobotsOnBlackSite,numberOfRobotsOnWhiteSite
12589,19,21
timeStep,numberOfRobotsOnBlackSite,numberOfRobotsOnWhiteSite
12590,19,21
timeStep,numberOfRobotsOnBlackSite,numberOfRobotsOnWhiteSite
12591,19,21
timeStep,numberOfRobotsOnBlackSite,numberOfRobotsOnWhiteSite
12592,19,21
timeStep,numberOfRobotsOnBlackSite,numberOfRobotsOnWhiteSite
12593,19,21
timeStep,numberOfRobotsOnBlackSite,numberOfRobotsOnWhiteSite
12594,19,21
timeStep,numberOfRobotsOnBlackSite,numberOfRobotsOnWhiteSite
12595,19,20
timeStep,numberOfRobotsOnBlackSite,numberOfRobotsOnWhiteSite
12596,19,20
timeStep,numberOfRobotsOnBlackSite,numberOfRobotsOnWhiteSite
12597,19,20
timeStep,numberOfRobotsOnBlackSite,numberOfRobotsOnWhiteSite
12598,19,20
timeStep,numberOfRobotsOnBlackSite,numberOfRobotsOnWhiteSite
12599,19,20
timeStep,numberOfRobotsOnBlackSite,numberOfRobotsOnWhiteSite
12600,19,20
timeStep,numberOfRobotsOnBlackSite,numberOfRobotsOnWhiteSite
12601,19,20
timeStep,numberOfRobotsOnBlackSite,numberOfRobotsOnWhiteSite
12602,19,20
timeStep,numberOfRobotsOnBlackSite,numberOfRobotsOnWhiteSite
12603,19,20
timeStep,numberOfRobotsOnBlackSite,numberOfRobotsOnWhiteSite
12604,19,20
timeStep,numberOfRobotsOnBlackSite,numberOfRobotsOnWhiteSite
12605,19,20
timeStep,numberOfRobotsOnBlackSite,numberOfRobotsOnWhiteSite
12606,19,20
timeStep,numberOfRobotsOnBlackSite,numberOfRobotsOnWhiteSite
12607,19,20
timeStep,numberOfRobotsOnBlackSite,numberOfRobotsOnWhiteSite
12608,19,20
timeStep,numberOfRobotsOnBlackSite,numberOfRobotsOnWhiteSite
12609,19,20
timeStep,numberOfRobotsOnBlackSite,numberOfRobotsOnWhiteSite
12610,19,21
timeStep,numberOfRobotsOnBlackSite,numberOfRobotsOnWhiteSite
12611,19,21
timeStep,numberOfRobotsOnBlackSite,numberOfRobotsOnWhiteSite
12612,19,21
timeStep,numberOfRobotsOnBlackSite,numberOfRobotsOnWhiteSite
12613,19,21
timeStep,numberOfRobotsOnBlackSite,numberOfRobotsOnWhiteSite
12614,19,21
timeStep,numberOfRobotsOnBlackSite,numberOfRobotsOnWhiteSite
12615,19,21
timeStep,numberOfRobotsOnBlackSite,numberOfRobotsOnWhiteSite
12616,19,21
timeStep,numberOfRobotsOnBlackSite,numberOfRobotsOnWhiteSite
12617,19,21
timeStep,numberOfRobotsOnBlackSite,numberOfRobotsOnWhiteSite
12618,19,21
timeStep,numberOfRobotsOnBlackSite,numberOfRobotsOnWhiteSite
12619,19,21
timeStep,numberOfRobotsOnBlackSite,numberOfRobotsOnWhiteSite
12620,19,21
timeStep,numberOfRobotsOnBlackSite,numberOfRobotsOnWhiteSite
12621,19,21
timeStep,numberOfRobotsOnBlackSite,numberOfRobotsOnWhiteSite
12622,19,21
timeStep,numberOfRobotsOnBlackSite,numberOfRobotsOnWhiteSite
12623,19,21
timeStep,numberOfRobotsOnBlackSite,numberOfRobotsOnWhiteSite
12624,19,21
timeStep,numberOfRobotsOnBlackSite,numberOfRobotsOnWhiteSite
12625,19,21
timeStep,numberOfRobotsOnBlackSite,numberOfRobotsOnWhiteSite
12626,19,21
timeStep,numberOfRobotsOnBlackSite,numberOfRobotsOnWhiteSite
12627,19,21
timeStep,numberOfRobotsOnBlackSite,numberOfRobotsOnWhiteSite
12628,19,21
timeStep,numberOfRobotsOnBlackSite,numberOfRobotsOnWhiteSite
12629,19,21
timeStep,numberOfRobotsOnBlackSite,numberOfRobotsOnWhiteSite
12630,19,21
timeStep,numberOfRobotsOnBlackSite,numberOfRobotsOnWhiteSite
12631,19,21
timeStep,numberOfRobotsOnBlackSite,numberOfRobotsOnWhiteSite
12632,19,21
timeStep,numberOfRobotsOnBlackSite,numberOfRobotsOnWhiteSite
12633,19,21
timeStep,numberOfRobotsOnBlackSite,numberOfRobotsOnWhiteSite
12634,19,21
timeStep,numberOfRobotsOnBlackSite,numberOfRobotsOnWhiteSite
12635,19,21
timeStep,numberOfRobotsOnBlackSite,numberOfRobotsOnWhiteSite
12636,19,21
timeStep,numberOfRobotsOnBlackSite,numberOfRobotsOnWhiteSite
12637,19,21
timeStep,numberOfRobotsOnBlackSite,numberOfRobotsOnWhiteSite
12638,19,21
timeStep,numberOfRobotsOnBlackSite,numberOfRobotsOnWhiteSite
12639,19,21
timeStep,numberOfRobotsOnBlackSite,numberOfRobotsOnWhiteSite
12640,19,21
timeStep,numberOfRobotsOnBlackSite,numberOfRobotsOnWhiteSite
12641,19,21
timeStep,numberOfRobotsOnBlackSite,numberOfRobotsOnWhiteSite
12642,19,21
timeStep,numberOfRobotsOnBlackSite,numberOfRobotsOnWhiteSite
12643,19,21
timeStep,numberOfRobotsOnBlackSite,numberOfRobotsOnWhiteSite
12644,19,21
timeStep,numberOfRobotsOnBlackSite,numberOfRobotsOnWhiteSite
12645,19,21
timeStep,numberOfRobotsOnBlackSite,numberOfRobotsOnWhiteSite
12646,19,21
timeStep,numberOfRobotsOnBlackSite,numberOfRobotsOnWhiteSite
12647,19,21
timeStep,numberOfRobotsOnBlackSite,numberOfRobotsOnWhiteSite
12648,19,21
timeStep,numberOfRobotsOnBlackSite,numberOfRobotsOnWhiteSite
12649,19,21
timeStep,numberOfRobotsOnBlackSite,numberOfRobotsOnWhiteSite
12650,19,21
timeStep,numberOfRobotsOnBlackSite,numberOfRobotsOnWhiteSite
12651,19,21
timeStep,numberOfRobotsOnBlackSite,numberOfRobotsOnWhiteSite
12652,19,21
timeStep,numberOfRobotsOnBlackSite,numberOfRobotsOnWhiteSite
12653,19,21
timeStep,numberOfRobotsOnBlackSite,numberOfRobotsOnWhiteSite
12654,19,21
timeStep,numberOfRobotsOnBlackSite,numberOfRobotsOnWhiteSite
12655,19,21
timeStep,numberOfRobotsOnBlackSite,numberOfRobotsOnWhiteSite
12656,19,21
timeStep,numberOfRobotsOnBlackSite,numberOfRobotsOnWhiteSite
12657,19,21
timeStep,numberOfRobotsOnBlackSite,numberOfRobotsOnWhiteSite
12658,19,21
timeStep,numberOfRobotsOnBlackSite,numberOfRobotsOnWhiteSite
12659,19,21
timeStep,numberOfRobotsOnBlackSite,numberOfRobotsOnWhiteSite
12660,19,21
timeStep,numberOfRobotsOnBlackSite,numberOfRobotsOnWhiteSite
12661,19,21
timeStep,numberOfRobotsOnBlackSite,numberOfRobotsOnWhiteSite
12662,19,21
timeStep,numberOfRobotsOnBlackSite,numberOfRobotsOnWhiteSite
12663,19,21
timeStep,numberOfRobotsOnBlackSite,numberOfRobotsOnWhiteSite
12664,19,21
timeStep,numberOfRobotsOnBlackSite,numberOfRobotsOnWhiteSite
12665,19,21
timeStep,numberOfRobotsOnBlackSite,numberOfRobotsOnWhiteSite
12666,19,21
timeStep,numberOfRobotsOnBlackSite,numberOfRobotsOnWhiteSite
12667,19,21
timeStep,numberOfRobotsOnBlackSite,numberOfRobotsOnWhiteSite
12668,19,21
timeStep,numberOfRobotsOnBlackSite,numberOfRobotsOnWhiteSite
12669,19,21
timeStep,numberOfRobotsOnBlackSite,numberOfRobotsOnWhiteSite
12670,19,21
timeStep,numberOfRobotsOnBlackSite,numberOfRobotsOnWhiteSite
12671,19,21
timeStep,numberOfRobotsOnBlackSite,numberOfRobotsOnWhiteSite
12672,19,21
timeStep,numberOfRobotsOnBlackSite,numberOfRobotsOnWhiteSite
12673,19,21
timeStep,numberOfRobotsOnBlackSite,numberOfRobotsOnWhiteSite
12674,19,21
timeStep,numberOfRobotsOnBlackSite,numberOfRobotsOnWhiteSite
12675,19,21
timeStep,numberOfRobotsOnBlackSite,numberOfRobotsOnWhiteSite
12676,19,21
timeStep,numberOfRobotsOnBlackSite,numberOfRobotsOnWhiteSite
12677,19,21
timeStep,numberOfRobotsOnBlackSite,numberOfRobotsOnWhiteSite
12678,19,21
timeStep,numberOfRobotsOnBlackSite,numberOfRobotsOnWhiteSite
12679,19,21
timeStep,numberOfRobotsOnBlackSite,numberOfRobotsOnWhiteSite
12680,19,21
timeStep,numberOfRobotsOnBlackSite,numberOfRobotsOnWhiteSite
12681,19,21
timeStep,numberOfRobotsOnBlackSite,numberOfRobotsOnWhiteSite
12682,19,21
timeStep,numberOfRobotsOnBlackSite,numberOfRobotsOnWhiteSite
12683,19,21
timeStep,numberOfRobotsOnBlackSite,numberOfRobotsOnWhiteSite
12684,19,21
timeStep,numberOfRobotsOnBlackSite,numberOfRobotsOnWhiteSite
12685,19,21
timeStep,numberOfRobotsOnBlackSite,numberOfRobotsOnWhiteSite
12686,19,21
timeStep,numberOfRobotsOnBlackSite,numberOfRobotsOnWhiteSite
12687,19,21
timeStep,numberOfRobotsOnBlackSite,numberOfRobotsOnWhiteSite
12688,19,21
timeStep,numberOfRobotsOnBlackSite,numberOfRobotsOnWhiteSite
12689,19,21
timeStep,numberOfRobotsOnBlackSite,numberOfRobotsOnWhiteSite
12690,19,21
timeStep,numberOfRobotsOnBlackSite,numberOfRobotsOnWhiteSite
12691,19,21
timeStep,numberOfRobotsOnBlackSite,numberOfRobotsOnWhiteSite
12692,19,21
timeStep,numberOfRobotsOnBlackSite,numberOfRobotsOnWhiteSite
12693,19,21
timeStep,numberOfRobotsOnBlackSite,numberOfRobotsOnWhiteSite
12694,19,21
timeStep,numberOfRobotsOnBlackSite,numberOfRobotsOnWhiteSite
12695,19,21
timeStep,numberOfRobotsOnBlackSite,numberOfRobotsOnWhiteSite
12696,19,21
timeStep,numberOfRobotsOnBlackSite,numberOfRobotsOnWhiteSite
12697,19,21
timeStep,numberOfRobotsOnBlackSite,numberOfRobotsOnWhiteSite
12698,19,21
timeStep,numberOfRobotsOnBlackSite,numberOfRobotsOnWhiteSite
12699,19,21
timeStep,numberOfRobotsOnBlackSite,numberOfRobotsOnWhiteSite
12700,19,21
timeStep,numberOfRobotsOnBlackSite,numberOfRobotsOnWhiteSite
12701,19,21
timeStep,numberOfRobotsOnBlackSite,numberOfRobotsOnWhiteSite
12702,19,21
timeStep,numberOfRobotsOnBlackSite,numberOfRobotsOnWhiteSite
12703,19,21
timeStep,numberOfRobotsOnBlackSite,numberOfRobotsOnWhiteSite
12704,19,21
timeStep,numberOfRobotsOnBlackSite,numberOfRobotsOnWhiteSite
12705,19,21
timeStep,numberOfRobotsOnBlackSite,numberOfRobotsOnWhiteSite
12706,19,21
timeStep,numberOfRobotsOnBlackSite,numberOfRobotsOnWhiteSite
12707,19,21
timeStep,numberOfRobotsOnBlackSite,numberOfRobotsOnWhiteSite
12708,19,21
timeStep,numberOfRobotsOnBlackSite,numberOfRobotsOnWhiteSite
12709,19,21
timeStep,numberOfRobotsOnBlackSite,numberOfRobotsOnWhiteSite
12710,19,21
timeStep,numberOfRobotsOnBlackSite,numberOfRobotsOnWhiteSite
12711,19,21
timeStep,numberOfRobotsOnBlackSite,numberOfRobotsOnWhiteSite
12712,19,21
timeStep,numberOfRobotsOnBlackSite,numberOfRobotsOnWhiteSite
12713,19,21
timeStep,numberOfRobotsOnBlackSite,numberOfRobotsOnWhiteSite
12714,19,21
timeStep,numberOfRobotsOnBlackSite,numberOfRobotsOnWhiteSite
12715,19,21
timeStep,numberOfRobotsOnBlackSite,numberOfRobotsOnWhiteSite
12716,19,21
timeStep,numberOfRobotsOnBlackSite,numberOfRobotsOnWhiteSite
12717,19,21
timeStep,numberOfRobotsOnBlackSite,numberOfRobotsOnWhiteSite
12718,19,21
timeStep,numberOfRobotsOnBlackSite,numberOfRobotsOnWhiteSite
12719,19,21
timeStep,numberOfRobotsOnBlackSite,numberOfRobotsOnWhiteSite
12720,19,21
timeStep,numberOfRobotsOnBlackSite,numberOfRobotsOnWhiteSite
12721,19,21
timeStep,numberOfRobotsOnBlackSite,numberOfRobotsOnWhiteSite
12722,19,21
timeStep,numberOfRobotsOnBlackSite,numberOfRobotsOnWhiteSite
12723,19,21
timeStep,numberOfRobotsOnBlackSite,numberOfRobotsOnWhiteSite
12724,19,21
timeStep,numberOfRobotsOnBlackSite,numberOfRobotsOnWhiteSite
12725,19,21
timeStep,numberOfRobotsOnBlackSite,numberOfRobotsOnWhiteSite
12726,19,21
timeStep,numberOfRobotsOnBlackSite,numberOfRobotsOnWhiteSite
12727,19,21
timeStep,numberOfRobotsOnBlackSite,numberOfRobotsOnWhiteSite
12728,19,21
timeStep,numberOfRobotsOnBlackSite,numberOfRobotsOnWhiteSite
12729,19,21
timeStep,numberOfRobotsOnBlackSite,numberOfRobotsOnWhiteSite
12730,19,21
timeStep,numberOfRobotsOnBlackSite,numberOfRobotsOnWhiteSite
12731,19,21
timeStep,numberOfRobotsOnBlackSite,numberOfRobotsOnWhiteSite
12732,19,21
timeStep,numberOfRobotsOnBlackSite,numberOfRobotsOnWhiteSite
12733,19,21
timeStep,numberOfRobotsOnBlackSite,numberOfRobotsOnWhiteSite
12734,19,21
timeStep,numberOfRobotsOnBlackSite,numberOfRobotsOnWhiteSite
12735,19,21
timeStep,numberOfRobotsOnBlackSite,numberOfRobotsOnWhiteSite
12736,19,21
timeStep,numberOfRobotsOnBlackSite,numberOfRobotsOnWhiteSite
12737,19,21
timeStep,numberOfRobotsOnBlackSite,numberOfRobotsOnWhiteSite
12738,19,21
timeStep,numberOfRobotsOnBlackSite,numberOfRobotsOnWhiteSite
12739,19,21
timeStep,numberOfRobotsOnBlackSite,numberOfRobotsOnWhiteSite
12740,19,21
timeStep,numberOfRobotsOnBlackSite,numberOfRobotsOnWhiteSite
12741,19,21
timeStep,numberOfRobotsOnBlackSite,numberOfRobotsOnWhiteSite
12742,19,21
timeStep,numberOfRobotsOnBlackSite,numberOfRobotsOnWhiteSite
12743,19,21
timeStep,numberOfRobotsOnBlackSite,numberOfRobotsOnWhiteSite
12744,19,21
timeStep,numberOfRobotsOnBlackSite,numberOfRobotsOnWhiteSite
12745,19,21
timeStep,numberOfRobotsOnBlackSite,numberOfRobotsOnWhiteSite
12746,19,21
timeStep,numberOfRobotsOnBlackSite,numberOfRobotsOnWhiteSite
12747,19,21
timeStep,numberOfRobotsOnBlackSite,numberOfRobotsOnWhiteSite
12748,19,21
timeStep,numberOfRobotsOnBlackSite,numberOfRobotsOnWhiteSite
12749,19,21
timeStep,numberOfRobotsOnBlackSite,numberOfRobotsOnWhiteSite
12750,19,21
timeStep,numberOfRobotsOnBlackSite,numberOfRobotsOnWhiteSite
12751,19,21
timeStep,numberOfRobotsOnBlackSite,numberOfRobotsOnWhiteSite
12752,19,21
timeStep,numberOfRobotsOnBlackSite,numberOfRobotsOnWhiteSite
12753,19,21
timeStep,numberOfRobotsOnBlackSite,numberOfRobotsOnWhiteSite
12754,19,21
timeStep,numberOfRobotsOnBlackSite,numberOfRobotsOnWhiteSite
12755,19,21
timeStep,numberOfRobotsOnBlackSite,numberOfRobotsOnWhiteSite
12756,19,21
timeStep,numberOfRobotsOnBlackSite,numberOfRobotsOnWhiteSite
12757,19,21
timeStep,numberOfRobotsOnBlackSite,numberOfRobotsOnWhiteSite
12758,19,21
timeStep,numberOfRobotsOnBlackSite,numberOfRobotsOnWhiteSite
12759,19,21
timeStep,numberOfRobotsOnBlackSite,numberOfRobotsOnWhiteSite
12760,19,21
timeStep,numberOfRobotsOnBlackSite,numberOfRobotsOnWhiteSite
12761,19,21
timeStep,numberOfRobotsOnBlackSite,numberOfRobotsOnWhiteSite
12762,19,21
timeStep,numberOfRobotsOnBlackSite,numberOfRobotsOnWhiteSite
12763,19,21
timeStep,numberOfRobotsOnBlackSite,numberOfRobotsOnWhiteSite
12764,19,21
timeStep,numberOfRobotsOnBlackSite,numberOfRobotsOnWhiteSite
12765,19,21
timeStep,numberOfRobotsOnBlackSite,numberOfRobotsOnWhiteSite
12766,19,21
timeStep,numberOfRobotsOnBlackSite,numberOfRobotsOnWhiteSite
12767,19,21
timeStep,numberOfRobotsOnBlackSite,numberOfRobotsOnWhiteSite
12768,19,21
timeStep,numberOfRobotsOnBlackSite,numberOfRobotsOnWhiteSite
12769,19,21
timeStep,numberOfRobotsOnBlackSite,numberOfRobotsOnWhiteSite
12770,19,21
timeStep,numberOfRobotsOnBlackSite,numberOfRobotsOnWhiteSite
12771,19,21
timeStep,numberOfRobotsOnBlackSite,numberOfRobotsOnWhiteSite
12772,19,21
timeStep,numberOfRobotsOnBlackSite,numberOfRobotsOnWhiteSite
12773,19,21
timeStep,numberOfRobotsOnBlackSite,numberOfRobotsOnWhiteSite
12774,19,21
timeStep,numberOfRobotsOnBlackSite,numberOfRobotsOnWhiteSite
12775,19,21
timeStep,numberOfRobotsOnBlackSite,numberOfRobotsOnWhiteSite
12776,19,21
timeStep,numberOfRobotsOnBlackSite,numberOfRobotsOnWhiteSite
12777,19,21
timeStep,numberOfRobotsOnBlackSite,numberOfRobotsOnWhiteSite
12778,19,21
timeStep,numberOfRobotsOnBlackSite,numberOfRobotsOnWhiteSite
12779,19,21
timeStep,numberOfRobotsOnBlackSite,numberOfRobotsOnWhiteSite
12780,19,21
timeStep,numberOfRobotsOnBlackSite,numberOfRobotsOnWhiteSite
12781,19,21
timeStep,numberOfRobotsOnBlackSite,numberOfRobotsOnWhiteSite
12782,19,21
timeStep,numberOfRobotsOnBlackSite,numberOfRobotsOnWhiteSite
12783,19,21
timeStep,numberOfRobotsOnBlackSite,numberOfRobotsOnWhiteSite
12784,19,21
timeStep,numberOfRobotsOnBlackSite,numberOfRobotsOnWhiteSite
12785,20,21
timeStep,numberOfRobotsOnBlackSite,numberOfRobotsOnWhiteSite
12786,20,21
timeStep,numberOfRobotsOnBlackSite,numberOfRobotsOnWhiteSite
12787,20,21
timeStep,numberOfRobotsOnBlackSite,numberOfRobotsOnWhiteSite
12788,20,21
timeStep,numberOfRobotsOnBlackSite,numberOfRobotsOnWhiteSite
12789,20,21
timeStep,numberOfRobotsOnBlackSite,numberOfRobotsOnWhiteSite
12790,20,21
timeStep,numberOfRobotsOnBlackSite,numberOfRobotsOnWhiteSite
12791,20,21
timeStep,numberOfRobotsOnBlackSite,numberOfRobotsOnWhiteSite
12792,20,21
timeStep,numberOfRobotsOnBlackSite,numberOfRobotsOnWhiteSite
12793,20,21
timeStep,numberOfRobotsOnBlackSite,numberOfRobotsOnWhiteSite
12794,20,21
timeStep,numberOfRobotsOnBlackSite,numberOfRobotsOnWhiteSite
12795,20,21
timeStep,numberOfRobotsOnBlackSite,numberOfRobotsOnWhiteSite
12796,20,21
timeStep,numberOfRobotsOnBlackSite,numberOfRobotsOnWhiteSite
12797,20,21
timeStep,numberOfRobotsOnBlackSite,numberOfRobotsOnWhiteSite
12798,20,21
timeStep,numberOfRobotsOnBlackSite,numberOfRobotsOnWhiteSite
12799,20,21
timeStep,numberOfRobotsOnBlackSite,numberOfRobotsOnWhiteSite
12800,20,21
timeStep,numberOfRobotsOnBlackSite,numberOfRobotsOnWhiteSite
12801,20,21
timeStep,numberOfRobotsOnBlackSite,numberOfRobotsOnWhiteSite
12802,20,21
timeStep,numberOfRobotsOnBlackSite,numberOfRobotsOnWhiteSite
12803,20,21
timeStep,numberOfRobotsOnBlackSite,numberOfRobotsOnWhiteSite
12804,20,21
timeStep,numberOfRobotsOnBlackSite,numberOfRobotsOnWhiteSite
12805,20,21
timeStep,numberOfRobotsOnBlackSite,numberOfRobotsOnWhiteSite
12806,20,21
timeStep,numberOfRobotsOnBlackSite,numberOfRobotsOnWhiteSite
12807,20,21
timeStep,numberOfRobotsOnBlackSite,numberOfRobotsOnWhiteSite
12808,20,21
timeStep,numberOfRobotsOnBlackSite,numberOfRobotsOnWhiteSite
12809,20,21
timeStep,numberOfRobotsOnBlackSite,numberOfRobotsOnWhiteSite
12810,19,21
timeStep,numberOfRobotsOnBlackSite,numberOfRobotsOnWhiteSite
12811,19,21
timeStep,numberOfRobotsOnBlackSite,numberOfRobotsOnWhiteSite
12812,19,21
timeStep,numberOfRobotsOnBlackSite,numberOfRobotsOnWhiteSite
12813,19,21
timeStep,numberOfRobotsOnBlackSite,numberOfRobotsOnWhiteSite
12814,19,21
timeStep,numberOfRobotsOnBlackSite,numberOfRobotsOnWhiteSite
12815,19,21
timeStep,numberOfRobotsOnBlackSite,numberOfRobotsOnWhiteSite
12816,19,21
timeStep,numberOfRobotsOnBlackSite,numberOfRobotsOnWhiteSite
12817,19,21
timeStep,numberOfRobotsOnBlackSite,numberOfRobotsOnWhiteSite
12818,19,21
timeStep,numberOfRobotsOnBlackSite,numberOfRobotsOnWhiteSite
12819,19,21
timeStep,numberOfRobotsOnBlackSite,numberOfRobotsOnWhiteSite
12820,20,21
timeStep,numberOfRobotsOnBlackSite,numberOfRobotsOnWhiteSite
12821,20,21
timeStep,numberOfRobotsOnBlackSite,numberOfRobotsOnWhiteSite
12822,20,21
timeStep,numberOfRobotsOnBlackSite,numberOfRobotsOnWhiteSite
12823,20,21
timeStep,numberOfRobotsOnBlackSite,numberOfRobotsOnWhiteSite
12824,20,21
timeStep,numberOfRobotsOnBlackSite,numberOfRobotsOnWhiteSite
12825,20,21
timeStep,numberOfRobotsOnBlackSite,numberOfRobotsOnWhiteSite
12826,20,21
timeStep,numberOfRobotsOnBlackSite,numberOfRobotsOnWhiteSite
12827,20,21
timeStep,numberOfRobotsOnBlackSite,numberOfRobotsOnWhiteSite
12828,20,21
timeStep,numberOfRobotsOnBlackSite,numberOfRobotsOnWhiteSite
12829,20,21
timeStep,numberOfRobotsOnBlackSite,numberOfRobotsOnWhiteSite
12830,20,21
timeStep,numberOfRobotsOnBlackSite,numberOfRobotsOnWhiteSite
12831,20,21
timeStep,numberOfRobotsOnBlackSite,numberOfRobotsOnWhiteSite
12832,20,21
timeStep,numberOfRobotsOnBlackSite,numberOfRobotsOnWhiteSite
12833,20,21
timeStep,numberOfRobotsOnBlackSite,numberOfRobotsOnWhiteSite
12834,20,21
timeStep,numberOfRobotsOnBlackSite,numberOfRobotsOnWhiteSite
12835,20,21
timeStep,numberOfRobotsOnBlackSite,numberOfRobotsOnWhiteSite
12836,20,21
timeStep,numberOfRobotsOnBlackSite,numberOfRobotsOnWhiteSite
12837,20,21
timeStep,numberOfRobotsOnBlackSite,numberOfRobotsOnWhiteSite
12838,20,21
timeStep,numberOfRobotsOnBlackSite,numberOfRobotsOnWhiteSite
12839,20,21
timeStep,numberOfRobotsOnBlackSite,numberOfRobotsOnWhiteSite
12840,20,21
timeStep,numberOfRobotsOnBlackSite,numberOfRobotsOnWhiteSite
12841,20,21
timeStep,numberOfRobotsOnBlackSite,numberOfRobotsOnWhiteSite
12842,20,21
timeStep,numberOfRobotsOnBlackSite,numberOfRobotsOnWhiteSite
12843,20,21
timeStep,numberOfRobotsOnBlackSite,numberOfRobotsOnWhiteSite
12844,20,21
timeStep,numberOfRobotsOnBlackSite,numberOfRobotsOnWhiteSite
12845,20,21
timeStep,numberOfRobotsOnBlackSite,numberOfRobotsOnWhiteSite
12846,20,21
timeStep,numberOfRobotsOnBlackSite,numberOfRobotsOnWhiteSite
12847,20,21
timeStep,numberOfRobotsOnBlackSite,numberOfRobotsOnWhiteSite
12848,20,21
timeStep,numberOfRobotsOnBlackSite,numberOfRobotsOnWhiteSite
12849,20,21
timeStep,numberOfRobotsOnBlackSite,numberOfRobotsOnWhiteSite
12850,20,21
timeStep,numberOfRobotsOnBlackSite,numberOfRobotsOnWhiteSite
12851,20,21
timeStep,numberOfRobotsOnBlackSite,numberOfRobotsOnWhiteSite
12852,20,21
timeStep,numberOfRobotsOnBlackSite,numberOfRobotsOnWhiteSite
12853,20,21
timeStep,numberOfRobotsOnBlackSite,numberOfRobotsOnWhiteSite
12854,20,21
timeStep,numberOfRobotsOnBlackSite,numberOfRobotsOnWhiteSite
12855,20,21
timeStep,numberOfRobotsOnBlackSite,numberOfRobotsOnWhiteSite
12856,20,21
timeStep,numberOfRobotsOnBlackSite,numberOfRobotsOnWhiteSite
12857,20,21
timeStep,numberOfRobotsOnBlackSite,numberOfRobotsOnWhiteSite
12858,20,21
timeStep,numberOfRobotsOnBlackSite,numberOfRobotsOnWhiteSite
12859,20,21
timeStep,numberOfRobotsOnBlackSite,numberOfRobotsOnWhiteSite
12860,20,21
timeStep,numberOfRobotsOnBlackSite,numberOfRobotsOnWhiteSite
12861,20,21
timeStep,numberOfRobotsOnBlackSite,numberOfRobotsOnWhiteSite
12862,20,21
timeStep,numberOfRobotsOnBlackSite,numberOfRobotsOnWhiteSite
12863,20,21
timeStep,numberOfRobotsOnBlackSite,numberOfRobotsOnWhiteSite
12864,20,21
timeStep,numberOfRobotsOnBlackSite,numberOfRobotsOnWhiteSite
12865,20,21
timeStep,numberOfRobotsOnBlackSite,numberOfRobotsOnWhiteSite
12866,20,21
timeStep,numberOfRobotsOnBlackSite,numberOfRobotsOnWhiteSite
12867,20,21
timeStep,numberOfRobotsOnBlackSite,numberOfRobotsOnWhiteSite
12868,20,21
timeStep,numberOfRobotsOnBlackSite,numberOfRobotsOnWhiteSite
12869,20,21
timeStep,numberOfRobotsOnBlackSite,numberOfRobotsOnWhiteSite
12870,20,21
timeStep,numberOfRobotsOnBlackSite,numberOfRobotsOnWhiteSite
12871,20,21
timeStep,numberOfRobotsOnBlackSite,numberOfRobotsOnWhiteSite
12872,20,21
timeStep,numberOfRobotsOnBlackSite,numberOfRobotsOnWhiteSite
12873,20,21
timeStep,numberOfRobotsOnBlackSite,numberOfRobotsOnWhiteSite
12874,20,21
timeStep,numberOfRobotsOnBlackSite,numberOfRobotsOnWhiteSite
12875,20,21
timeStep,numberOfRobotsOnBlackSite,numberOfRobotsOnWhiteSite
12876,20,21
timeStep,numberOfRobotsOnBlackSite,numberOfRobotsOnWhiteSite
12877,20,21
timeStep,numberOfRobotsOnBlackSite,numberOfRobotsOnWhiteSite
12878,20,21
timeStep,numberOfRobotsOnBlackSite,numberOfRobotsOnWhiteSite
12879,20,21
timeStep,numberOfRobotsOnBlackSite,numberOfRobotsOnWhiteSite
12880,20,21
timeStep,numberOfRobotsOnBlackSite,numberOfRobotsOnWhiteSite
12881,20,21
timeStep,numberOfRobotsOnBlackSite,numberOfRobotsOnWhiteSite
12882,20,21
timeStep,numberOfRobotsOnBlackSite,numberOfRobotsOnWhiteSite
12883,20,21
timeStep,numberOfRobotsOnBlackSite,numberOfRobotsOnWhiteSite
12884,20,21
timeStep,numberOfRobotsOnBlackSite,numberOfRobotsOnWhiteSite
12885,20,21
timeStep,numberOfRobotsOnBlackSite,numberOfRobotsOnWhiteSite
12886,20,21
timeStep,numberOfRobotsOnBlackSite,numberOfRobotsOnWhiteSite
12887,20,21
timeStep,numberOfRobotsOnBlackSite,numberOfRobotsOnWhiteSite
12888,20,21
timeStep,numberOfRobotsOnBlackSite,numberOfRobotsOnWhiteSite
12889,20,21
timeStep,numberOfRobotsOnBlackSite,numberOfRobotsOnWhiteSite
12890,20,22
timeStep,numberOfRobotsOnBlackSite,numberOfRobotsOnWhiteSite
12891,20,22
timeStep,numberOfRobotsOnBlackSite,numberOfRobotsOnWhiteSite
12892,20,22
timeStep,numberOfRobotsOnBlackSite,numberOfRobotsOnWhiteSite
12893,20,22
timeStep,numberOfRobotsOnBlackSite,numberOfRobotsOnWhiteSite
12894,20,22
timeStep,numberOfRobotsOnBlackSite,numberOfRobotsOnWhiteSite
12895,20,22
timeStep,numberOfRobotsOnBlackSite,numberOfRobotsOnWhiteSite
12896,20,22
timeStep,numberOfRobotsOnBlackSite,numberOfRobotsOnWhiteSite
12897,20,22
timeStep,numberOfRobotsOnBlackSite,numberOfRobotsOnWhiteSite
12898,20,22
timeStep,numberOfRobotsOnBlackSite,numberOfRobotsOnWhiteSite
12899,20,22
timeStep,numberOfRobotsOnBlackSite,numberOfRobotsOnWhiteSite
12900,20,22
timeStep,numberOfRobotsOnBlackSite,numberOfRobotsOnWhiteSite
12901,20,22
timeStep,numberOfRobotsOnBlackSite,numberOfRobotsOnWhiteSite
12902,20,22
timeStep,numberOfRobotsOnBlackSite,numberOfRobotsOnWhiteSite
12903,20,22
timeStep,numberOfRobotsOnBlackSite,numberOfRobotsOnWhiteSite
12904,20,22
timeStep,numberOfRobotsOnBlackSite,numberOfRobotsOnWhiteSite
12905,20,21
timeStep,numberOfRobotsOnBlackSite,numberOfRobotsOnWhiteSite
12906,20,21
timeStep,numberOfRobotsOnBlackSite,numberOfRobotsOnWhiteSite
12907,20,21
timeStep,numberOfRobotsOnBlackSite,numberOfRobotsOnWhiteSite
12908,20,21
timeStep,numberOfRobotsOnBlackSite,numberOfRobotsOnWhiteSite
12909,20,21
timeStep,numberOfRobotsOnBlackSite,numberOfRobotsOnWhiteSite
12910,20,21
timeStep,numberOfRobotsOnBlackSite,numberOfRobotsOnWhiteSite
12911,20,21
timeStep,numberOfRobotsOnBlackSite,numberOfRobotsOnWhiteSite
12912,20,21
timeStep,numberOfRobotsOnBlackSite,numberOfRobotsOnWhiteSite
12913,20,21
timeStep,numberOfRobotsOnBlackSite,numberOfRobotsOnWhiteSite
12914,20,21
timeStep,numberOfRobotsOnBlackSite,numberOfRobotsOnWhiteSite
12915,20,21
timeStep,numberOfRobotsOnBlackSite,numberOfRobotsOnWhiteSite
12916,20,21
timeStep,numberOfRobotsOnBlackSite,numberOfRobotsOnWhiteSite
12917,20,21
timeStep,numberOfRobotsOnBlackSite,numberOfRobotsOnWhiteSite
12918,20,21
timeStep,numberOfRobotsOnBlackSite,numberOfRobotsOnWhiteSite
12919,20,21
timeStep,numberOfRobotsOnBlackSite,numberOfRobotsOnWhiteSite
12920,20,21
timeStep,numberOfRobotsOnBlackSite,numberOfRobotsOnWhiteSite
12921,20,21
timeStep,numberOfRobotsOnBlackSite,numberOfRobotsOnWhiteSite
12922,20,21
timeStep,numberOfRobotsOnBlackSite,numberOfRobotsOnWhiteSite
12923,20,21
timeStep,numberOfRobotsOnBlackSite,numberOfRobotsOnWhiteSite
12924,20,21
timeStep,numberOfRobotsOnBlackSite,numberOfRobotsOnWhiteSite
12925,20,21
timeStep,numberOfRobotsOnBlackSite,numberOfRobotsOnWhiteSite
12926,20,21
timeStep,numberOfRobotsOnBlackSite,numberOfRobotsOnWhiteSite
12927,20,21
timeStep,numberOfRobotsOnBlackSite,numberOfRobotsOnWhiteSite
12928,20,21
timeStep,numberOfRobotsOnBlackSite,numberOfRobotsOnWhiteSite
12929,20,21
timeStep,numberOfRobotsOnBlackSite,numberOfRobotsOnWhiteSite
12930,20,21
timeStep,numberOfRobotsOnBlackSite,numberOfRobotsOnWhiteSite
12931,20,21
timeStep,numberOfRobotsOnBlackSite,numberOfRobotsOnWhiteSite
12932,20,21
timeStep,numberOfRobotsOnBlackSite,numberOfRobotsOnWhiteSite
12933,20,21
timeStep,numberOfRobotsOnBlackSite,numberOfRobotsOnWhiteSite
12934,20,21
timeStep,numberOfRobotsOnBlackSite,numberOfRobotsOnWhiteSite
12935,20,21
timeStep,numberOfRobotsOnBlackSite,numberOfRobotsOnWhiteSite
12936,20,21
timeStep,numberOfRobotsOnBlackSite,numberOfRobotsOnWhiteSite
12937,20,21
timeStep,numberOfRobotsOnBlackSite,numberOfRobotsOnWhiteSite
12938,20,21
timeStep,numberOfRobotsOnBlackSite,numberOfRobotsOnWhiteSite
12939,20,21
timeStep,numberOfRobotsOnBlackSite,numberOfRobotsOnWhiteSite
12940,20,22
timeStep,numberOfRobotsOnBlackSite,numberOfRobotsOnWhiteSite
12941,20,22
timeStep,numberOfRobotsOnBlackSite,numberOfRobotsOnWhiteSite
12942,20,22
timeStep,numberOfRobotsOnBlackSite,numberOfRobotsOnWhiteSite
12943,20,22
timeStep,numberOfRobotsOnBlackSite,numberOfRobotsOnWhiteSite
12944,20,22
timeStep,numberOfRobotsOnBlackSite,numberOfRobotsOnWhiteSite
12945,20,22
timeStep,numberOfRobotsOnBlackSite,numberOfRobotsOnWhiteSite
12946,20,22
timeStep,numberOfRobotsOnBlackSite,numberOfRobotsOnWhiteSite
12947,20,22
timeStep,numberOfRobotsOnBlackSite,numberOfRobotsOnWhiteSite
12948,20,22
timeStep,numberOfRobotsOnBlackSite,numberOfRobotsOnWhiteSite
12949,20,22
timeStep,numberOfRobotsOnBlackSite,numberOfRobotsOnWhiteSite
12950,20,22
timeStep,numberOfRobotsOnBlackSite,numberOfRobotsOnWhiteSite
12951,20,22
timeStep,numberOfRobotsOnBlackSite,numberOfRobotsOnWhiteSite
12952,20,22
timeStep,numberOfRobotsOnBlackSite,numberOfRobotsOnWhiteSite
12953,20,22
timeStep,numberOfRobotsOnBlackSite,numberOfRobotsOnWhiteSite
12954,20,22
timeStep,numberOfRobotsOnBlackSite,numberOfRobotsOnWhiteSite
12955,20,22
timeStep,numberOfRobotsOnBlackSite,numberOfRobotsOnWhiteSite
12956,20,22
timeStep,numberOfRobotsOnBlackSite,numberOfRobotsOnWhiteSite
12957,20,22
timeStep,numberOfRobotsOnBlackSite,numberOfRobotsOnWhiteSite
12958,20,22
timeStep,numberOfRobotsOnBlackSite,numberOfRobotsOnWhiteSite
12959,20,22
timeStep,numberOfRobotsOnBlackSite,numberOfRobotsOnWhiteSite
12960,20,22
timeStep,numberOfRobotsOnBlackSite,numberOfRobotsOnWhiteSite
12961,20,22
timeStep,numberOfRobotsOnBlackSite,numberOfRobotsOnWhiteSite
12962,20,22
timeStep,numberOfRobotsOnBlackSite,numberOfRobotsOnWhiteSite
12963,20,22
timeStep,numberOfRobotsOnBlackSite,numberOfRobotsOnWhiteSite
12964,20,22
timeStep,numberOfRobotsOnBlackSite,numberOfRobotsOnWhiteSite
12965,20,22
timeStep,numberOfRobotsOnBlackSite,numberOfRobotsOnWhiteSite
12966,20,22
timeStep,numberOfRobotsOnBlackSite,numberOfRobotsOnWhiteSite
12967,20,22
timeStep,numberOfRobotsOnBlackSite,numberOfRobotsOnWhiteSite
12968,20,22
timeStep,numberOfRobotsOnBlackSite,numberOfRobotsOnWhiteSite
12969,20,22
timeStep,numberOfRobotsOnBlackSite,numberOfRobotsOnWhiteSite
12970,20,22
timeStep,numberOfRobotsOnBlackSite,numberOfRobotsOnWhiteSite
12971,20,22
timeStep,numberOfRobotsOnBlackSite,numberOfRobotsOnWhiteSite
12972,20,22
timeStep,numberOfRobotsOnBlackSite,numberOfRobotsOnWhiteSite
12973,20,22
timeStep,numberOfRobotsOnBlackSite,numberOfRobotsOnWhiteSite
12974,20,22
timeStep,numberOfRobotsOnBlackSite,numberOfRobotsOnWhiteSite
12975,20,23
timeStep,numberOfRobotsOnBlackSite,numberOfRobotsOnWhiteSite
12976,20,23
timeStep,numberOfRobotsOnBlackSite,numberOfRobotsOnWhiteSite
12977,20,23
timeStep,numberOfRobotsOnBlackSite,numberOfRobotsOnWhiteSite
12978,20,23
timeStep,numberOfRobotsOnBlackSite,numberOfRobotsOnWhiteSite
12979,20,23
timeStep,numberOfRobotsOnBlackSite,numberOfRobotsOnWhiteSite
12980,20,23
timeStep,numberOfRobotsOnBlackSite,numberOfRobotsOnWhiteSite
12981,20,23
timeStep,numberOfRobotsOnBlackSite,numberOfRobotsOnWhiteSite
12982,20,23
timeStep,numberOfRobotsOnBlackSite,numberOfRobotsOnWhiteSite
12983,20,23
timeStep,numberOfRobotsOnBlackSite,numberOfRobotsOnWhiteSite
12984,20,23
timeStep,numberOfRobotsOnBlackSite,numberOfRobotsOnWhiteSite
12985,20,23
timeStep,numberOfRobotsOnBlackSite,numberOfRobotsOnWhiteSite
12986,20,23
timeStep,numberOfRobotsOnBlackSite,numberOfRobotsOnWhiteSite
12987,20,23
timeStep,numberOfRobotsOnBlackSite,numberOfRobotsOnWhiteSite
12988,20,23
timeStep,numberOfRobotsOnBlackSite,numberOfRobotsOnWhiteSite
12989,20,23
timeStep,numberOfRobotsOnBlackSite,numberOfRobotsOnWhiteSite
12990,20,23
timeStep,numberOfRobotsOnBlackSite,numberOfRobotsOnWhiteSite
12991,20,23
timeStep,numberOfRobotsOnBlackSite,numberOfRobotsOnWhiteSite
12992,20,23
timeStep,numberOfRobotsOnBlackSite,numberOfRobotsOnWhiteSite
12993,20,23
timeStep,numberOfRobotsOnBlackSite,numberOfRobotsOnWhiteSite
12994,20,23
timeStep,numberOfRobotsOnBlackSite,numberOfRobotsOnWhiteSite
12995,20,23
timeStep,numberOfRobotsOnBlackSite,numberOfRobotsOnWhiteSite
12996,20,23
timeStep,numberOfRobotsOnBlackSite,numberOfRobotsOnWhiteSite
12997,20,23
timeStep,numberOfRobotsOnBlackSite,numberOfRobotsOnWhiteSite
12998,20,23
timeStep,numberOfRobotsOnBlackSite,numberOfRobotsOnWhiteSite
12999,20,23
timeStep,numberOfRobotsOnBlackSite,numberOfRobotsOnWhiteSite
13000,20,23
timeStep,numberOfRobotsOnBlackSite,numberOfRobotsOnWhiteSite
13001,20,23
timeStep,numberOfRobotsOnBlackSite,numberOfRobotsOnWhiteSite
13002,20,23
timeStep,numberOfRobotsOnBlackSite,numberOfRobotsOnWhiteSite
13003,20,23
timeStep,numberOfRobotsOnBlackSite,numberOfRobotsOnWhiteSite
13004,20,23
timeStep,numberOfRobotsOnBlackSite,numberOfRobotsOnWhiteSite
13005,20,23
timeStep,numberOfRobotsOnBlackSite,numberOfRobotsOnWhiteSite
13006,20,23
timeStep,numberOfRobotsOnBlackSite,numberOfRobotsOnWhiteSite
13007,20,23
timeStep,numberOfRobotsOnBlackSite,numberOfRobotsOnWhiteSite
13008,20,23
timeStep,numberOfRobotsOnBlackSite,numberOfRobotsOnWhiteSite
13009,20,23
timeStep,numberOfRobotsOnBlackSite,numberOfRobotsOnWhiteSite
13010,20,22
timeStep,numberOfRobotsOnBlackSite,numberOfRobotsOnWhiteSite
13011,20,22
timeStep,numberOfRobotsOnBlackSite,numberOfRobotsOnWhiteSite
13012,20,22
timeStep,numberOfRobotsOnBlackSite,numberOfRobotsOnWhiteSite
13013,20,22
timeStep,numberOfRobotsOnBlackSite,numberOfRobotsOnWhiteSite
13014,20,22
timeStep,numberOfRobotsOnBlackSite,numberOfRobotsOnWhiteSite
13015,20,23
timeStep,numberOfRobotsOnBlackSite,numberOfRobotsOnWhiteSite
13016,20,23
timeStep,numberOfRobotsOnBlackSite,numberOfRobotsOnWhiteSite
13017,20,23
timeStep,numberOfRobotsOnBlackSite,numberOfRobotsOnWhiteSite
13018,20,23
timeStep,numberOfRobotsOnBlackSite,numberOfRobotsOnWhiteSite
13019,20,23
timeStep,numberOfRobotsOnBlackSite,numberOfRobotsOnWhiteSite
13020,20,23
timeStep,numberOfRobotsOnBlackSite,numberOfRobotsOnWhiteSite
13021,20,23
timeStep,numberOfRobotsOnBlackSite,numberOfRobotsOnWhiteSite
13022,20,23
timeStep,numberOfRobotsOnBlackSite,numberOfRobotsOnWhiteSite
13023,20,23
timeStep,numberOfRobotsOnBlackSite,numberOfRobotsOnWhiteSite
13024,20,23
timeStep,numberOfRobotsOnBlackSite,numberOfRobotsOnWhiteSite
13025,20,23
timeStep,numberOfRobotsOnBlackSite,numberOfRobotsOnWhiteSite
13026,20,23
timeStep,numberOfRobotsOnBlackSite,numberOfRobotsOnWhiteSite
13027,20,23
timeStep,numberOfRobotsOnBlackSite,numberOfRobotsOnWhiteSite
13028,20,23
timeStep,numberOfRobotsOnBlackSite,numberOfRobotsOnWhiteSite
13029,20,23
timeStep,numberOfRobotsOnBlackSite,numberOfRobotsOnWhiteSite
13030,20,23
timeStep,numberOfRobotsOnBlackSite,numberOfRobotsOnWhiteSite
13031,20,23
timeStep,numberOfRobotsOnBlackSite,numberOfRobotsOnWhiteSite
13032,20,23
timeStep,numberOfRobotsOnBlackSite,numberOfRobotsOnWhiteSite
13033,20,23
timeStep,numberOfRobotsOnBlackSite,numberOfRobotsOnWhiteSite
13034,20,23
timeStep,numberOfRobotsOnBlackSite,numberOfRobotsOnWhiteSite
13035,20,23
timeStep,numberOfRobotsOnBlackSite,numberOfRobotsOnWhiteSite
13036,20,23
timeStep,numberOfRobotsOnBlackSite,numberOfRobotsOnWhiteSite
13037,20,23
timeStep,numberOfRobotsOnBlackSite,numberOfRobotsOnWhiteSite
13038,20,23
timeStep,numberOfRobotsOnBlackSite,numberOfRobotsOnWhiteSite
13039,20,23
timeStep,numberOfRobotsOnBlackSite,numberOfRobotsOnWhiteSite
13040,20,22
timeStep,numberOfRobotsOnBlackSite,numberOfRobotsOnWhiteSite
13041,20,22
timeStep,numberOfRobotsOnBlackSite,numberOfRobotsOnWhiteSite
13042,20,22
timeStep,numberOfRobotsOnBlackSite,numberOfRobotsOnWhiteSite
13043,20,22
timeStep,numberOfRobotsOnBlackSite,numberOfRobotsOnWhiteSite
13044,20,22
timeStep,numberOfRobotsOnBlackSite,numberOfRobotsOnWhiteSite
13045,20,22
timeStep,numberOfRobotsOnBlackSite,numberOfRobotsOnWhiteSite
13046,20,22
timeStep,numberOfRobotsOnBlackSite,numberOfRobotsOnWhiteSite
13047,20,22
timeStep,numberOfRobotsOnBlackSite,numberOfRobotsOnWhiteSite
13048,20,22
timeStep,numberOfRobotsOnBlackSite,numberOfRobotsOnWhiteSite
13049,20,22
timeStep,numberOfRobotsOnBlackSite,numberOfRobotsOnWhiteSite
13050,20,22
timeStep,numberOfRobotsOnBlackSite,numberOfRobotsOnWhiteSite
13051,20,22
timeStep,numberOfRobotsOnBlackSite,numberOfRobotsOnWhiteSite
13052,20,22
timeStep,numberOfRobotsOnBlackSite,numberOfRobotsOnWhiteSite
13053,20,22
timeStep,numberOfRobotsOnBlackSite,numberOfRobotsOnWhiteSite
13054,20,22
timeStep,numberOfRobotsOnBlackSite,numberOfRobotsOnWhiteSite
13055,20,22
timeStep,numberOfRobotsOnBlackSite,numberOfRobotsOnWhiteSite
13056,20,22
timeStep,numberOfRobotsOnBlackSite,numberOfRobotsOnWhiteSite
13057,20,22
timeStep,numberOfRobotsOnBlackSite,numberOfRobotsOnWhiteSite
13058,20,22
timeStep,numberOfRobotsOnBlackSite,numberOfRobotsOnWhiteSite
13059,20,22
timeStep,numberOfRobotsOnBlackSite,numberOfRobotsOnWhiteSite
13060,20,22
timeStep,numberOfRobotsOnBlackSite,numberOfRobotsOnWhiteSite
13061,20,22
timeStep,numberOfRobotsOnBlackSite,numberOfRobotsOnWhiteSite
13062,20,22
timeStep,numberOfRobotsOnBlackSite,numberOfRobotsOnWhiteSite
13063,20,22
timeStep,numberOfRobotsOnBlackSite,numberOfRobotsOnWhiteSite
13064,20,22
timeStep,numberOfRobotsOnBlackSite,numberOfRobotsOnWhiteSite
13065,20,22
timeStep,numberOfRobotsOnBlackSite,numberOfRobotsOnWhiteSite
13066,20,22
timeStep,numberOfRobotsOnBlackSite,numberOfRobotsOnWhiteSite
13067,20,22
timeStep,numberOfRobotsOnBlackSite,numberOfRobotsOnWhiteSite
13068,20,22
timeStep,numberOfRobotsOnBlackSite,numberOfRobotsOnWhiteSite
13069,20,22
timeStep,numberOfRobotsOnBlackSite,numberOfRobotsOnWhiteSite
13070,20,22
timeStep,numberOfRobotsOnBlackSite,numberOfRobotsOnWhiteSite
13071,20,22
timeStep,numberOfRobotsOnBlackSite,numberOfRobotsOnWhiteSite
13072,20,22
timeStep,numberOfRobotsOnBlackSite,numberOfRobotsOnWhiteSite
13073,20,22
timeStep,numberOfRobotsOnBlackSite,numberOfRobotsOnWhiteSite
13074,20,22
timeStep,numberOfRobotsOnBlackSite,numberOfRobotsOnWhiteSite
13075,20,22
timeStep,numberOfRobotsOnBlackSite,numberOfRobotsOnWhiteSite
13076,20,22
timeStep,numberOfRobotsOnBlackSite,numberOfRobotsOnWhiteSite
13077,20,22
timeStep,numberOfRobotsOnBlackSite,numberOfRobotsOnWhiteSite
13078,20,22
timeStep,numberOfRobotsOnBlackSite,numberOfRobotsOnWhiteSite
13079,20,22
timeStep,numberOfRobotsOnBlackSite,numberOfRobotsOnWhiteSite
13080,20,22
timeStep,numberOfRobotsOnBlackSite,numberOfRobotsOnWhiteSite
13081,20,22
timeStep,numberOfRobotsOnBlackSite,numberOfRobotsOnWhiteSite
13082,20,22
timeStep,numberOfRobotsOnBlackSite,numberOfRobotsOnWhiteSite
13083,20,22
timeStep,numberOfRobotsOnBlackSite,numberOfRobotsOnWhiteSite
13084,20,22
timeStep,numberOfRobotsOnBlackSite,numberOfRobotsOnWhiteSite
13085,20,22
timeStep,numberOfRobotsOnBlackSite,numberOfRobotsOnWhiteSite
13086,20,22
timeStep,numberOfRobotsOnBlackSite,numberOfRobotsOnWhiteSite
13087,20,22
timeStep,numberOfRobotsOnBlackSite,numberOfRobotsOnWhiteSite
13088,20,22
timeStep,numberOfRobotsOnBlackSite,numberOfRobotsOnWhiteSite
13089,20,22
timeStep,numberOfRobotsOnBlackSite,numberOfRobotsOnWhiteSite
13090,20,22
timeStep,numberOfRobotsOnBlackSite,numberOfRobotsOnWhiteSite
13091,20,22
timeStep,numberOfRobotsOnBlackSite,numberOfRobotsOnWhiteSite
13092,20,22
timeStep,numberOfRobotsOnBlackSite,numberOfRobotsOnWhiteSite
13093,20,22
timeStep,numberOfRobotsOnBlackSite,numberOfRobotsOnWhiteSite
13094,20,22
timeStep,numberOfRobotsOnBlackSite,numberOfRobotsOnWhiteSite
13095,20,22
timeStep,numberOfRobotsOnBlackSite,numberOfRobotsOnWhiteSite
13096,20,22
timeStep,numberOfRobotsOnBlackSite,numberOfRobotsOnWhiteSite
13097,20,22
timeStep,numberOfRobotsOnBlackSite,numberOfRobotsOnWhiteSite
13098,20,22
timeStep,numberOfRobotsOnBlackSite,numberOfRobotsOnWhiteSite
13099,20,22
timeStep,numberOfRobotsOnBlackSite,numberOfRobotsOnWhiteSite
13100,20,22
timeStep,numberOfRobotsOnBlackSite,numberOfRobotsOnWhiteSite
13101,20,22
timeStep,numberOfRobotsOnBlackSite,numberOfRobotsOnWhiteSite
13102,20,22
timeStep,numberOfRobotsOnBlackSite,numberOfRobotsOnWhiteSite
13103,20,22
timeStep,numberOfRobotsOnBlackSite,numberOfRobotsOnWhiteSite
13104,20,22
timeStep,numberOfRobotsOnBlackSite,numberOfRobotsOnWhiteSite
13105,20,22
timeStep,numberOfRobotsOnBlackSite,numberOfRobotsOnWhiteSite
13106,20,22
timeStep,numberOfRobotsOnBlackSite,numberOfRobotsOnWhiteSite
13107,20,22
timeStep,numberOfRobotsOnBlackSite,numberOfRobotsOnWhiteSite
13108,20,22
timeStep,numberOfRobotsOnBlackSite,numberOfRobotsOnWhiteSite
13109,20,22
timeStep,numberOfRobotsOnBlackSite,numberOfRobotsOnWhiteSite
13110,20,22
timeStep,numberOfRobotsOnBlackSite,numberOfRobotsOnWhiteSite
13111,20,22
timeStep,numberOfRobotsOnBlackSite,numberOfRobotsOnWhiteSite
13112,20,22
timeStep,numberOfRobotsOnBlackSite,numberOfRobotsOnWhiteSite
13113,20,22
timeStep,numberOfRobotsOnBlackSite,numberOfRobotsOnWhiteSite
13114,20,22
timeStep,numberOfRobotsOnBlackSite,numberOfRobotsOnWhiteSite
13115,20,22
timeStep,numberOfRobotsOnBlackSite,numberOfRobotsOnWhiteSite
13116,20,22
timeStep,numberOfRobotsOnBlackSite,numberOfRobotsOnWhiteSite
13117,20,22
timeStep,numberOfRobotsOnBlackSite,numberOfRobotsOnWhiteSite
13118,20,22
timeStep,numberOfRobotsOnBlackSite,numberOfRobotsOnWhiteSite
13119,20,22
timeStep,numberOfRobotsOnBlackSite,numberOfRobotsOnWhiteSite
13120,20,22
timeStep,numberOfRobotsOnBlackSite,numberOfRobotsOnWhiteSite
13121,20,22
timeStep,numberOfRobotsOnBlackSite,numberOfRobotsOnWhiteSite
13122,20,22
timeStep,numberOfRobotsOnBlackSite,numberOfRobotsOnWhiteSite
13123,20,22
timeStep,numberOfRobotsOnBlackSite,numberOfRobotsOnWhiteSite
13124,20,22
timeStep,numberOfRobotsOnBlackSite,numberOfRobotsOnWhiteSite
13125,20,23
timeStep,numberOfRobotsOnBlackSite,numberOfRobotsOnWhiteSite
13126,20,23
timeStep,numberOfRobotsOnBlackSite,numberOfRobotsOnWhiteSite
13127,20,23
timeStep,numberOfRobotsOnBlackSite,numberOfRobotsOnWhiteSite
13128,20,23
timeStep,numberOfRobotsOnBlackSite,numberOfRobotsOnWhiteSite
13129,20,23
timeStep,numberOfRobotsOnBlackSite,numberOfRobotsOnWhiteSite
13130,20,23
timeStep,numberOfRobotsOnBlackSite,numberOfRobotsOnWhiteSite
13131,20,23
timeStep,numberOfRobotsOnBlackSite,numberOfRobotsOnWhiteSite
13132,20,23
timeStep,numberOfRobotsOnBlackSite,numberOfRobotsOnWhiteSite
13133,20,23
timeStep,numberOfRobotsOnBlackSite,numberOfRobotsOnWhiteSite
13134,20,23
timeStep,numberOfRobotsOnBlackSite,numberOfRobotsOnWhiteSite
13135,20,23
timeStep,numberOfRobotsOnBlackSite,numberOfRobotsOnWhiteSite
13136,20,23
timeStep,numberOfRobotsOnBlackSite,numberOfRobotsOnWhiteSite
13137,20,23
timeStep,numberOfRobotsOnBlackSite,numberOfRobotsOnWhiteSite
13138,20,23
timeStep,numberOfRobotsOnBlackSite,numberOfRobotsOnWhiteSite
13139,20,23
timeStep,numberOfRobotsOnBlackSite,numberOfRobotsOnWhiteSite
13140,20,23
timeStep,numberOfRobotsOnBlackSite,numberOfRobotsOnWhiteSite
13141,20,23
timeStep,numberOfRobotsOnBlackSite,numberOfRobotsOnWhiteSite
13142,20,23
timeStep,numberOfRobotsOnBlackSite,numberOfRobotsOnWhiteSite
13143,20,23
timeStep,numberOfRobotsOnBlackSite,numberOfRobotsOnWhiteSite
13144,20,23
timeStep,numberOfRobotsOnBlackSite,numberOfRobotsOnWhiteSite
13145,20,23
timeStep,numberOfRobotsOnBlackSite,numberOfRobotsOnWhiteSite
13146,20,23
timeStep,numberOfRobotsOnBlackSite,numberOfRobotsOnWhiteSite
13147,20,23
timeStep,numberOfRobotsOnBlackSite,numberOfRobotsOnWhiteSite
13148,20,23
timeStep,numberOfRobotsOnBlackSite,numberOfRobotsOnWhiteSite
13149,20,23
timeStep,numberOfRobotsOnBlackSite,numberOfRobotsOnWhiteSite
13150,20,23
timeStep,numberOfRobotsOnBlackSite,numberOfRobotsOnWhiteSite
13151,20,23
timeStep,numberOfRobotsOnBlackSite,numberOfRobotsOnWhiteSite
13152,20,23
timeStep,numberOfRobotsOnBlackSite,numberOfRobotsOnWhiteSite
13153,20,23
timeStep,numberOfRobotsOnBlackSite,numberOfRobotsOnWhiteSite
13154,20,23
timeStep,numberOfRobotsOnBlackSite,numberOfRobotsOnWhiteSite
13155,20,23
timeStep,numberOfRobotsOnBlackSite,numberOfRobotsOnWhiteSite
13156,20,23
timeStep,numberOfRobotsOnBlackSite,numberOfRobotsOnWhiteSite
13157,20,23
timeStep,numberOfRobotsOnBlackSite,numberOfRobotsOnWhiteSite
13158,20,23
timeStep,numberOfRobotsOnBlackSite,numberOfRobotsOnWhiteSite
13159,20,23
timeStep,numberOfRobotsOnBlackSite,numberOfRobotsOnWhiteSite
13160,20,23
timeStep,numberOfRobotsOnBlackSite,numberOfRobotsOnWhiteSite
13161,20,23
timeStep,numberOfRobotsOnBlackSite,numberOfRobotsOnWhiteSite
13162,20,23
timeStep,numberOfRobotsOnBlackSite,numberOfRobotsOnWhiteSite
13163,20,23
timeStep,numberOfRobotsOnBlackSite,numberOfRobotsOnWhiteSite
13164,20,23
timeStep,numberOfRobotsOnBlackSite,numberOfRobotsOnWhiteSite
13165,20,23
timeStep,numberOfRobotsOnBlackSite,numberOfRobotsOnWhiteSite
13166,20,23
timeStep,numberOfRobotsOnBlackSite,numberOfRobotsOnWhiteSite
13167,20,23
timeStep,numberOfRobotsOnBlackSite,numberOfRobotsOnWhiteSite
13168,20,23
timeStep,numberOfRobotsOnBlackSite,numberOfRobotsOnWhiteSite
13169,20,23
timeStep,numberOfRobotsOnBlackSite,numberOfRobotsOnWhiteSite
13170,20,23
timeStep,numberOfRobotsOnBlackSite,numberOfRobotsOnWhiteSite
13171,20,23
timeStep,numberOfRobotsOnBlackSite,numberOfRobotsOnWhiteSite
13172,20,23
timeStep,numberOfRobotsOnBlackSite,numberOfRobotsOnWhiteSite
13173,20,23
timeStep,numberOfRobotsOnBlackSite,numberOfRobotsOnWhiteSite
13174,20,23
timeStep,numberOfRobotsOnBlackSite,numberOfRobotsOnWhiteSite
13175,20,23
timeStep,numberOfRobotsOnBlackSite,numberOfRobotsOnWhiteSite
13176,20,23
timeStep,numberOfRobotsOnBlackSite,numberOfRobotsOnWhiteSite
13177,20,23
timeStep,numberOfRobotsOnBlackSite,numberOfRobotsOnWhiteSite
13178,20,23
timeStep,numberOfRobotsOnBlackSite,numberOfRobotsOnWhiteSite
13179,20,23
timeStep,numberOfRobotsOnBlackSite,numberOfRobotsOnWhiteSite
13180,20,23
timeStep,numberOfRobotsOnBlackSite,numberOfRobotsOnWhiteSite
13181,20,23
timeStep,numberOfRobotsOnBlackSite,numberOfRobotsOnWhiteSite
13182,20,23
timeStep,numberOfRobotsOnBlackSite,numberOfRobotsOnWhiteSite
13183,20,23
timeStep,numberOfRobotsOnBlackSite,numberOfRobotsOnWhiteSite
13184,20,23
timeStep,numberOfRobotsOnBlackSite,numberOfRobotsOnWhiteSite
13185,20,23
timeStep,numberOfRobotsOnBlackSite,numberOfRobotsOnWhiteSite
13186,20,23
timeStep,numberOfRobotsOnBlackSite,numberOfRobotsOnWhiteSite
13187,20,23
timeStep,numberOfRobotsOnBlackSite,numberOfRobotsOnWhiteSite
13188,20,23
timeStep,numberOfRobotsOnBlackSite,numberOfRobotsOnWhiteSite
13189,20,23
timeStep,numberOfRobotsOnBlackSite,numberOfRobotsOnWhiteSite
13190,20,23
timeStep,numberOfRobotsOnBlackSite,numberOfRobotsOnWhiteSite
13191,20,23
timeStep,numberOfRobotsOnBlackSite,numberOfRobotsOnWhiteSite
13192,20,23
timeStep,numberOfRobotsOnBlackSite,numberOfRobotsOnWhiteSite
13193,20,23
timeStep,numberOfRobotsOnBlackSite,numberOfRobotsOnWhiteSite
13194,20,23
timeStep,numberOfRobotsOnBlackSite,numberOfRobotsOnWhiteSite
13195,20,23
timeStep,numberOfRobotsOnBlackSite,numberOfRobotsOnWhiteSite
13196,20,23
timeStep,numberOfRobotsOnBlackSite,numberOfRobotsOnWhiteSite
13197,20,23
timeStep,numberOfRobotsOnBlackSite,numberOfRobotsOnWhiteSite
13198,20,23
timeStep,numberOfRobotsOnBlackSite,numberOfRobotsOnWhiteSite
13199,20,23
timeStep,numberOfRobotsOnBlackSite,numberOfRobotsOnWhiteSite
13200,20,23
timeStep,numberOfRobotsOnBlackSite,numberOfRobotsOnWhiteSite
13201,20,23
timeStep,numberOfRobotsOnBlackSite,numberOfRobotsOnWhiteSite
13202,20,23
timeStep,numberOfRobotsOnBlackSite,numberOfRobotsOnWhiteSite
13203,20,23
timeStep,numberOfRobotsOnBlackSite,numberOfRobotsOnWhiteSite
13204,20,23
timeStep,numberOfRobotsOnBlackSite,numberOfRobotsOnWhiteSite
13205,20,23
timeStep,numberOfRobotsOnBlackSite,numberOfRobotsOnWhiteSite
13206,20,23
timeStep,numberOfRobotsOnBlackSite,numberOfRobotsOnWhiteSite
13207,20,23
timeStep,numberOfRobotsOnBlackSite,numberOfRobotsOnWhiteSite
13208,20,23
timeStep,numberOfRobotsOnBlackSite,numberOfRobotsOnWhiteSite
13209,20,23
timeStep,numberOfRobotsOnBlackSite,numberOfRobotsOnWhiteSite
13210,20,23
timeStep,numberOfRobotsOnBlackSite,numberOfRobotsOnWhiteSite
13211,20,23
timeStep,numberOfRobotsOnBlackSite,numberOfRobotsOnWhiteSite
13212,20,23
timeStep,numberOfRobotsOnBlackSite,numberOfRobotsOnWhiteSite
13213,20,23
timeStep,numberOfRobotsOnBlackSite,numberOfRobotsOnWhiteSite
13214,20,23
timeStep,numberOfRobotsOnBlackSite,numberOfRobotsOnWhiteSite
13215,20,23
timeStep,numberOfRobotsOnBlackSite,numberOfRobotsOnWhiteSite
13216,20,23
timeStep,numberOfRobotsOnBlackSite,numberOfRobotsOnWhiteSite
13217,20,23
timeStep,numberOfRobotsOnBlackSite,numberOfRobotsOnWhiteSite
13218,20,23
timeStep,numberOfRobotsOnBlackSite,numberOfRobotsOnWhiteSite
13219,20,23
timeStep,numberOfRobotsOnBlackSite,numberOfRobotsOnWhiteSite
13220,20,23
timeStep,numberOfRobotsOnBlackSite,numberOfRobotsOnWhiteSite
13221,20,23
timeStep,numberOfRobotsOnBlackSite,numberOfRobotsOnWhiteSite
13222,20,23
timeStep,numberOfRobotsOnBlackSite,numberOfRobotsOnWhiteSite
13223,20,23
timeStep,numberOfRobotsOnBlackSite,numberOfRobotsOnWhiteSite
13224,20,23
timeStep,numberOfRobotsOnBlackSite,numberOfRobotsOnWhiteSite
13225,20,23
timeStep,numberOfRobotsOnBlackSite,numberOfRobotsOnWhiteSite
13226,20,23
timeStep,numberOfRobotsOnBlackSite,numberOfRobotsOnWhiteSite
13227,20,23
timeStep,numberOfRobotsOnBlackSite,numberOfRobotsOnWhiteSite
13228,20,23
timeStep,numberOfRobotsOnBlackSite,numberOfRobotsOnWhiteSite
13229,20,23
timeStep,numberOfRobotsOnBlackSite,numberOfRobotsOnWhiteSite
13230,20,23
timeStep,numberOfRobotsOnBlackSite,numberOfRobotsOnWhiteSite
13231,20,23
timeStep,numberOfRobotsOnBlackSite,numberOfRobotsOnWhiteSite
13232,20,23
timeStep,numberOfRobotsOnBlackSite,numberOfRobotsOnWhiteSite
13233,20,23
timeStep,numberOfRobotsOnBlackSite,numberOfRobotsOnWhiteSite
13234,20,23
timeStep,numberOfRobotsOnBlackSite,numberOfRobotsOnWhiteSite
13235,20,23
timeStep,numberOfRobotsOnBlackSite,numberOfRobotsOnWhiteSite
13236,20,23
timeStep,numberOfRobotsOnBlackSite,numberOfRobotsOnWhiteSite
13237,20,23
timeStep,numberOfRobotsOnBlackSite,numberOfRobotsOnWhiteSite
13238,20,23
timeStep,numberOfRobotsOnBlackSite,numberOfRobotsOnWhiteSite
13239,20,23
timeStep,numberOfRobotsOnBlackSite,numberOfRobotsOnWhiteSite
13240,20,23
timeStep,numberOfRobotsOnBlackSite,numberOfRobotsOnWhiteSite
13241,20,23
timeStep,numberOfRobotsOnBlackSite,numberOfRobotsOnWhiteSite
13242,20,23
timeStep,numberOfRobotsOnBlackSite,numberOfRobotsOnWhiteSite
13243,20,23
timeStep,numberOfRobotsOnBlackSite,numberOfRobotsOnWhiteSite
13244,20,23
timeStep,numberOfRobotsOnBlackSite,numberOfRobotsOnWhiteSite
13245,20,23
timeStep,numberOfRobotsOnBlackSite,numberOfRobotsOnWhiteSite
13246,20,23
timeStep,numberOfRobotsOnBlackSite,numberOfRobotsOnWhiteSite
13247,20,23
timeStep,numberOfRobotsOnBlackSite,numberOfRobotsOnWhiteSite
13248,20,23
timeStep,numberOfRobotsOnBlackSite,numberOfRobotsOnWhiteSite
13249,20,23
timeStep,numberOfRobotsOnBlackSite,numberOfRobotsOnWhiteSite
13250,20,23
timeStep,numberOfRobotsOnBlackSite,numberOfRobotsOnWhiteSite
13251,20,23
timeStep,numberOfRobotsOnBlackSite,numberOfRobotsOnWhiteSite
13252,20,23
timeStep,numberOfRobotsOnBlackSite,numberOfRobotsOnWhiteSite
13253,20,23
timeStep,numberOfRobotsOnBlackSite,numberOfRobotsOnWhiteSite
13254,20,23
timeStep,numberOfRobotsOnBlackSite,numberOfRobotsOnWhiteSite
13255,20,23
timeStep,numberOfRobotsOnBlackSite,numberOfRobotsOnWhiteSite
13256,20,23
timeStep,numberOfRobotsOnBlackSite,numberOfRobotsOnWhiteSite
13257,20,23
timeStep,numberOfRobotsOnBlackSite,numberOfRobotsOnWhiteSite
13258,20,23
timeStep,numberOfRobotsOnBlackSite,numberOfRobotsOnWhiteSite
13259,20,23
timeStep,numberOfRobotsOnBlackSite,numberOfRobotsOnWhiteSite
13260,20,23
timeStep,numberOfRobotsOnBlackSite,numberOfRobotsOnWhiteSite
13261,20,23
timeStep,numberOfRobotsOnBlackSite,numberOfRobotsOnWhiteSite
13262,20,23
timeStep,numberOfRobotsOnBlackSite,numberOfRobotsOnWhiteSite
13263,20,23
timeStep,numberOfRobotsOnBlackSite,numberOfRobotsOnWhiteSite
13264,20,23
timeStep,numberOfRobotsOnBlackSite,numberOfRobotsOnWhiteSite
13265,20,23
timeStep,numberOfRobotsOnBlackSite,numberOfRobotsOnWhiteSite
13266,20,23
timeStep,numberOfRobotsOnBlackSite,numberOfRobotsOnWhiteSite
13267,20,23
timeStep,numberOfRobotsOnBlackSite,numberOfRobotsOnWhiteSite
13268,20,23
timeStep,numberOfRobotsOnBlackSite,numberOfRobotsOnWhiteSite
13269,20,23
timeStep,numberOfRobotsOnBlackSite,numberOfRobotsOnWhiteSite
13270,20,23
timeStep,numberOfRobotsOnBlackSite,numberOfRobotsOnWhiteSite
13271,20,23
timeStep,numberOfRobotsOnBlackSite,numberOfRobotsOnWhiteSite
13272,20,23
timeStep,numberOfRobotsOnBlackSite,numberOfRobotsOnWhiteSite
13273,20,23
timeStep,numberOfRobotsOnBlackSite,numberOfRobotsOnWhiteSite
13274,20,23
timeStep,numberOfRobotsOnBlackSite,numberOfRobotsOnWhiteSite
13275,20,23
timeStep,numberOfRobotsOnBlackSite,numberOfRobotsOnWhiteSite
13276,20,23
timeStep,numberOfRobotsOnBlackSite,numberOfRobotsOnWhiteSite
13277,20,23
timeStep,numberOfRobotsOnBlackSite,numberOfRobotsOnWhiteSite
13278,20,23
timeStep,numberOfRobotsOnBlackSite,numberOfRobotsOnWhiteSite
13279,20,23
timeStep,numberOfRobotsOnBlackSite,numberOfRobotsOnWhiteSite
13280,20,23
timeStep,numberOfRobotsOnBlackSite,numberOfRobotsOnWhiteSite
13281,20,23
timeStep,numberOfRobotsOnBlackSite,numberOfRobotsOnWhiteSite
13282,20,23
timeStep,numberOfRobotsOnBlackSite,numberOfRobotsOnWhiteSite
13283,20,23
timeStep,numberOfRobotsOnBlackSite,numberOfRobotsOnWhiteSite
13284,20,23
timeStep,numberOfRobotsOnBlackSite,numberOfRobotsOnWhiteSite
13285,20,23
timeStep,numberOfRobotsOnBlackSite,numberOfRobotsOnWhiteSite
13286,20,23
timeStep,numberOfRobotsOnBlackSite,numberOfRobotsOnWhiteSite
13287,20,23
timeStep,numberOfRobotsOnBlackSite,numberOfRobotsOnWhiteSite
13288,20,23
timeStep,numberOfRobotsOnBlackSite,numberOfRobotsOnWhiteSite
13289,20,23
timeStep,numberOfRobotsOnBlackSite,numberOfRobotsOnWhiteSite
13290,20,23
timeStep,numberOfRobotsOnBlackSite,numberOfRobotsOnWhiteSite
13291,20,23
timeStep,numberOfRobotsOnBlackSite,numberOfRobotsOnWhiteSite
13292,20,23
timeStep,numberOfRobotsOnBlackSite,numberOfRobotsOnWhiteSite
13293,20,23
timeStep,numberOfRobotsOnBlackSite,numberOfRobotsOnWhiteSite
13294,20,23
timeStep,numberOfRobotsOnBlackSite,numberOfRobotsOnWhiteSite
13295,20,22
timeStep,numberOfRobotsOnBlackSite,numberOfRobotsOnWhiteSite
13296,20,22
timeStep,numberOfRobotsOnBlackSite,numberOfRobotsOnWhiteSite
13297,20,22
timeStep,numberOfRobotsOnBlackSite,numberOfRobotsOnWhiteSite
13298,20,22
timeStep,numberOfRobotsOnBlackSite,numberOfRobotsOnWhiteSite
13299,20,22
timeStep,numberOfRobotsOnBlackSite,numberOfRobotsOnWhiteSite
13300,20,22
timeStep,numberOfRobotsOnBlackSite,numberOfRobotsOnWhiteSite
13301,20,22
timeStep,numberOfRobotsOnBlackSite,numberOfRobotsOnWhiteSite
13302,20,22
timeStep,numberOfRobotsOnBlackSite,numberOfRobotsOnWhiteSite
13303,20,22
timeStep,numberOfRobotsOnBlackSite,numberOfRobotsOnWhiteSite
13304,20,22
timeStep,numberOfRobotsOnBlackSite,numberOfRobotsOnWhiteSite
13305,20,22
timeStep,numberOfRobotsOnBlackSite,numberOfRobotsOnWhiteSite
13306,20,22
timeStep,numberOfRobotsOnBlackSite,numberOfRobotsOnWhiteSite
13307,20,22
timeStep,numberOfRobotsOnBlackSite,numberOfRobotsOnWhiteSite
13308,20,22
timeStep,numberOfRobotsOnBlackSite,numberOfRobotsOnWhiteSite
13309,20,22
timeStep,numberOfRobotsOnBlackSite,numberOfRobotsOnWhiteSite
13310,20,22
timeStep,numberOfRobotsOnBlackSite,numberOfRobotsOnWhiteSite
13311,20,22
timeStep,numberOfRobotsOnBlackSite,numberOfRobotsOnWhiteSite
13312,20,22
timeStep,numberOfRobotsOnBlackSite,numberOfRobotsOnWhiteSite
13313,20,22
timeStep,numberOfRobotsOnBlackSite,numberOfRobotsOnWhiteSite
13314,20,22
timeStep,numberOfRobotsOnBlackSite,numberOfRobotsOnWhiteSite
13315,20,22
timeStep,numberOfRobotsOnBlackSite,numberOfRobotsOnWhiteSite
13316,20,22
timeStep,numberOfRobotsOnBlackSite,numberOfRobotsOnWhiteSite
13317,20,22
timeStep,numberOfRobotsOnBlackSite,numberOfRobotsOnWhiteSite
13318,20,22
timeStep,numberOfRobotsOnBlackSite,numberOfRobotsOnWhiteSite
13319,20,22
timeStep,numberOfRobotsOnBlackSite,numberOfRobotsOnWhiteSite
13320,20,22
timeStep,numberOfRobotsOnBlackSite,numberOfRobotsOnWhiteSite
13321,20,22
timeStep,numberOfRobotsOnBlackSite,numberOfRobotsOnWhiteSite
13322,20,22
timeStep,numberOfRobotsOnBlackSite,numberOfRobotsOnWhiteSite
13323,20,22
timeStep,numberOfRobotsOnBlackSite,numberOfRobotsOnWhiteSite
13324,20,22
timeStep,numberOfRobotsOnBlackSite,numberOfRobotsOnWhiteSite
13325,20,23
timeStep,numberOfRobotsOnBlackSite,numberOfRobotsOnWhiteSite
13326,20,23
timeStep,numberOfRobotsOnBlackSite,numberOfRobotsOnWhiteSite
13327,20,23
timeStep,numberOfRobotsOnBlackSite,numberOfRobotsOnWhiteSite
13328,20,23
timeStep,numberOfRobotsOnBlackSite,numberOfRobotsOnWhiteSite
13329,20,23
timeStep,numberOfRobotsOnBlackSite,numberOfRobotsOnWhiteSite
13330,20,23
timeStep,numberOfRobotsOnBlackSite,numberOfRobotsOnWhiteSite
13331,20,23
timeStep,numberOfRobotsOnBlackSite,numberOfRobotsOnWhiteSite
13332,20,23
timeStep,numberOfRobotsOnBlackSite,numberOfRobotsOnWhiteSite
13333,20,23
timeStep,numberOfRobotsOnBlackSite,numberOfRobotsOnWhiteSite
13334,20,23
timeStep,numberOfRobotsOnBlackSite,numberOfRobotsOnWhiteSite
13335,20,23
timeStep,numberOfRobotsOnBlackSite,numberOfRobotsOnWhiteSite
13336,20,23
timeStep,numberOfRobotsOnBlackSite,numberOfRobotsOnWhiteSite
13337,20,23
timeStep,numberOfRobotsOnBlackSite,numberOfRobotsOnWhiteSite
13338,20,23
timeStep,numberOfRobotsOnBlackSite,numberOfRobotsOnWhiteSite
13339,20,23
timeStep,numberOfRobotsOnBlackSite,numberOfRobotsOnWhiteSite
13340,20,23
timeStep,numberOfRobotsOnBlackSite,numberOfRobotsOnWhiteSite
13341,20,23
timeStep,numberOfRobotsOnBlackSite,numberOfRobotsOnWhiteSite
13342,20,23
timeStep,numberOfRobotsOnBlackSite,numberOfRobotsOnWhiteSite
13343,20,23
timeStep,numberOfRobotsOnBlackSite,numberOfRobotsOnWhiteSite
13344,20,23
timeStep,numberOfRobotsOnBlackSite,numberOfRobotsOnWhiteSite
13345,20,23
timeStep,numberOfRobotsOnBlackSite,numberOfRobotsOnWhiteSite
13346,20,23
timeStep,numberOfRobotsOnBlackSite,numberOfRobotsOnWhiteSite
13347,20,23
timeStep,numberOfRobotsOnBlackSite,numberOfRobotsOnWhiteSite
13348,20,23
timeStep,numberOfRobotsOnBlackSite,numberOfRobotsOnWhiteSite
13349,20,23
timeStep,numberOfRobotsOnBlackSite,numberOfRobotsOnWhiteSite
13350,20,23
timeStep,numberOfRobotsOnBlackSite,numberOfRobotsOnWhiteSite
13351,20,23
timeStep,numberOfRobotsOnBlackSite,numberOfRobotsOnWhiteSite
13352,20,23
timeStep,numberOfRobotsOnBlackSite,numberOfRobotsOnWhiteSite
13353,20,23
timeStep,numberOfRobotsOnBlackSite,numberOfRobotsOnWhiteSite
13354,20,23
timeStep,numberOfRobotsOnBlackSite,numberOfRobotsOnWhiteSite
13355,20,22
timeStep,numberOfRobotsOnBlackSite,numberOfRobotsOnWhiteSite
13356,20,22
timeStep,numberOfRobotsOnBlackSite,numberOfRobotsOnWhiteSite
13357,20,22
timeStep,numberOfRobotsOnBlackSite,numberOfRobotsOnWhiteSite
13358,20,22
timeStep,numberOfRobotsOnBlackSite,numberOfRobotsOnWhiteSite
13359,20,22
timeStep,numberOfRobotsOnBlackSite,numberOfRobotsOnWhiteSite
13360,20,22
timeStep,numberOfRobotsOnBlackSite,numberOfRobotsOnWhiteSite
13361,20,22
timeStep,numberOfRobotsOnBlackSite,numberOfRobotsOnWhiteSite
13362,20,22
timeStep,numberOfRobotsOnBlackSite,numberOfRobotsOnWhiteSite
13363,20,22
timeStep,numberOfRobotsOnBlackSite,numberOfRobotsOnWhiteSite
13364,20,22
timeStep,numberOfRobotsOnBlackSite,numberOfRobotsOnWhiteSite
13365,20,22
timeStep,numberOfRobotsOnBlackSite,numberOfRobotsOnWhiteSite
13366,20,22
timeStep,numberOfRobotsOnBlackSite,numberOfRobotsOnWhiteSite
13367,20,22
timeStep,numberOfRobotsOnBlackSite,numberOfRobotsOnWhiteSite
13368,20,22
timeStep,numberOfRobotsOnBlackSite,numberOfRobotsOnWhiteSite
13369,20,22
timeStep,numberOfRobotsOnBlackSite,numberOfRobotsOnWhiteSite
13370,20,22
timeStep,numberOfRobotsOnBlackSite,numberOfRobotsOnWhiteSite
13371,20,22
timeStep,numberOfRobotsOnBlackSite,numberOfRobotsOnWhiteSite
13372,20,22
timeStep,numberOfRobotsOnBlackSite,numberOfRobotsOnWhiteSite
13373,20,22
timeStep,numberOfRobotsOnBlackSite,numberOfRobotsOnWhiteSite
13374,20,22
timeStep,numberOfRobotsOnBlackSite,numberOfRobotsOnWhiteSite
13375,20,22
timeStep,numberOfRobotsOnBlackSite,numberOfRobotsOnWhiteSite
13376,20,22
timeStep,numberOfRobotsOnBlackSite,numberOfRobotsOnWhiteSite
13377,20,22
timeStep,numberOfRobotsOnBlackSite,numberOfRobotsOnWhiteSite
13378,20,22
timeStep,numberOfRobotsOnBlackSite,numberOfRobotsOnWhiteSite
13379,20,22
timeStep,numberOfRobotsOnBlackSite,numberOfRobotsOnWhiteSite
13380,20,22
timeStep,numberOfRobotsOnBlackSite,numberOfRobotsOnWhiteSite
13381,20,22
timeStep,numberOfRobotsOnBlackSite,numberOfRobotsOnWhiteSite
13382,20,22
timeStep,numberOfRobotsOnBlackSite,numberOfRobotsOnWhiteSite
13383,20,22
timeStep,numberOfRobotsOnBlackSite,numberOfRobotsOnWhiteSite
13384,20,22
timeStep,numberOfRobotsOnBlackSite,numberOfRobotsOnWhiteSite
13385,20,22
timeStep,numberOfRobotsOnBlackSite,numberOfRobotsOnWhiteSite
13386,20,22
timeStep,numberOfRobotsOnBlackSite,numberOfRobotsOnWhiteSite
13387,20,22
timeStep,numberOfRobotsOnBlackSite,numberOfRobotsOnWhiteSite
13388,20,22
timeStep,numberOfRobotsOnBlackSite,numberOfRobotsOnWhiteSite
13389,20,22
timeStep,numberOfRobotsOnBlackSite,numberOfRobotsOnWhiteSite
13390,20,22
timeStep,numberOfRobotsOnBlackSite,numberOfRobotsOnWhiteSite
13391,20,22
timeStep,numberOfRobotsOnBlackSite,numberOfRobotsOnWhiteSite
13392,20,22
timeStep,numberOfRobotsOnBlackSite,numberOfRobotsOnWhiteSite
13393,20,22
timeStep,numberOfRobotsOnBlackSite,numberOfRobotsOnWhiteSite
13394,20,22
timeStep,numberOfRobotsOnBlackSite,numberOfRobotsOnWhiteSite
13395,20,22
timeStep,numberOfRobotsOnBlackSite,numberOfRobotsOnWhiteSite
13396,20,22
timeStep,numberOfRobotsOnBlackSite,numberOfRobotsOnWhiteSite
13397,20,22
timeStep,numberOfRobotsOnBlackSite,numberOfRobotsOnWhiteSite
13398,20,22
timeStep,numberOfRobotsOnBlackSite,numberOfRobotsOnWhiteSite
13399,20,22
timeStep,numberOfRobotsOnBlackSite,numberOfRobotsOnWhiteSite
13400,20,22
timeStep,numberOfRobotsOnBlackSite,numberOfRobotsOnWhiteSite
13401,20,22
timeStep,numberOfRobotsOnBlackSite,numberOfRobotsOnWhiteSite
13402,20,22
timeStep,numberOfRobotsOnBlackSite,numberOfRobotsOnWhiteSite
13403,20,22
timeStep,numberOfRobotsOnBlackSite,numberOfRobotsOnWhiteSite
13404,20,22
timeStep,numberOfRobotsOnBlackSite,numberOfRobotsOnWhiteSite
13405,20,22
timeStep,numberOfRobotsOnBlackSite,numberOfRobotsOnWhiteSite
13406,20,22
timeStep,numberOfRobotsOnBlackSite,numberOfRobotsOnWhiteSite
13407,20,22
timeStep,numberOfRobotsOnBlackSite,numberOfRobotsOnWhiteSite
13408,20,22
timeStep,numberOfRobotsOnBlackSite,numberOfRobotsOnWhiteSite
13409,20,22
timeStep,numberOfRobotsOnBlackSite,numberOfRobotsOnWhiteSite
13410,20,22
timeStep,numberOfRobotsOnBlackSite,numberOfRobotsOnWhiteSite
13411,20,22
timeStep,numberOfRobotsOnBlackSite,numberOfRobotsOnWhiteSite
13412,20,22
timeStep,numberOfRobotsOnBlackSite,numberOfRobotsOnWhiteSite
13413,20,22
timeStep,numberOfRobotsOnBlackSite,numberOfRobotsOnWhiteSite
13414,20,22
timeStep,numberOfRobotsOnBlackSite,numberOfRobotsOnWhiteSite
13415,20,22
timeStep,numberOfRobotsOnBlackSite,numberOfRobotsOnWhiteSite
13416,20,22
timeStep,numberOfRobotsOnBlackSite,numberOfRobotsOnWhiteSite
13417,20,22
timeStep,numberOfRobotsOnBlackSite,numberOfRobotsOnWhiteSite
13418,20,22
timeStep,numberOfRobotsOnBlackSite,numberOfRobotsOnWhiteSite
13419,20,22
timeStep,numberOfRobotsOnBlackSite,numberOfRobotsOnWhiteSite
13420,20,22
timeStep,numberOfRobotsOnBlackSite,numberOfRobotsOnWhiteSite
13421,20,22
timeStep,numberOfRobotsOnBlackSite,numberOfRobotsOnWhiteSite
13422,20,22
timeStep,numberOfRobotsOnBlackSite,numberOfRobotsOnWhiteSite
13423,20,22
timeStep,numberOfRobotsOnBlackSite,numberOfRobotsOnWhiteSite
13424,20,22
timeStep,numberOfRobotsOnBlackSite,numberOfRobotsOnWhiteSite
13425,20,22
timeStep,numberOfRobotsOnBlackSite,numberOfRobotsOnWhiteSite
13426,20,22
timeStep,numberOfRobotsOnBlackSite,numberOfRobotsOnWhiteSite
13427,20,22
timeStep,numberOfRobotsOnBlackSite,numberOfRobotsOnWhiteSite
13428,20,22
timeStep,numberOfRobotsOnBlackSite,numberOfRobotsOnWhiteSite
13429,20,22
timeStep,numberOfRobotsOnBlackSite,numberOfRobotsOnWhiteSite
13430,20,22
timeStep,numberOfRobotsOnBlackSite,numberOfRobotsOnWhiteSite
13431,20,22
timeStep,numberOfRobotsOnBlackSite,numberOfRobotsOnWhiteSite
13432,20,22
timeStep,numberOfRobotsOnBlackSite,numberOfRobotsOnWhiteSite
13433,20,22
timeStep,numberOfRobotsOnBlackSite,numberOfRobotsOnWhiteSite
13434,20,22
timeStep,numberOfRobotsOnBlackSite,numberOfRobotsOnWhiteSite
13435,20,22
timeStep,numberOfRobotsOnBlackSite,numberOfRobotsOnWhiteSite
13436,20,22
timeStep,numberOfRobotsOnBlackSite,numberOfRobotsOnWhiteSite
13437,20,22
timeStep,numberOfRobotsOnBlackSite,numberOfRobotsOnWhiteSite
13438,20,22
timeStep,numberOfRobotsOnBlackSite,numberOfRobotsOnWhiteSite
13439,20,22
timeStep,numberOfRobotsOnBlackSite,numberOfRobotsOnWhiteSite
13440,20,22
timeStep,numberOfRobotsOnBlackSite,numberOfRobotsOnWhiteSite
13441,20,22
timeStep,numberOfRobotsOnBlackSite,numberOfRobotsOnWhiteSite
13442,20,22
timeStep,numberOfRobotsOnBlackSite,numberOfRobotsOnWhiteSite
13443,20,22
timeStep,numberOfRobotsOnBlackSite,numberOfRobotsOnWhiteSite
13444,20,22
timeStep,numberOfRobotsOnBlackSite,numberOfRobotsOnWhiteSite
13445,20,22
timeStep,numberOfRobotsOnBlackSite,numberOfRobotsOnWhiteSite
13446,20,22
timeStep,numberOfRobotsOnBlackSite,numberOfRobotsOnWhiteSite
13447,20,22
timeStep,numberOfRobotsOnBlackSite,numberOfRobotsOnWhiteSite
13448,20,22
timeStep,numberOfRobotsOnBlackSite,numberOfRobotsOnWhiteSite
13449,20,22
timeStep,numberOfRobotsOnBlackSite,numberOfRobotsOnWhiteSite
13450,20,22
timeStep,numberOfRobotsOnBlackSite,numberOfRobotsOnWhiteSite
13451,20,22
timeStep,numberOfRobotsOnBlackSite,numberOfRobotsOnWhiteSite
13452,20,22
timeStep,numberOfRobotsOnBlackSite,numberOfRobotsOnWhiteSite
13453,20,22
timeStep,numberOfRobotsOnBlackSite,numberOfRobotsOnWhiteSite
13454,20,22
timeStep,numberOfRobotsOnBlackSite,numberOfRobotsOnWhiteSite
13455,20,22
timeStep,numberOfRobotsOnBlackSite,numberOfRobotsOnWhiteSite
13456,20,22
timeStep,numberOfRobotsOnBlackSite,numberOfRobotsOnWhiteSite
13457,20,22
timeStep,numberOfRobotsOnBlackSite,numberOfRobotsOnWhiteSite
13458,20,22
timeStep,numberOfRobotsOnBlackSite,numberOfRobotsOnWhiteSite
13459,20,22
timeStep,numberOfRobotsOnBlackSite,numberOfRobotsOnWhiteSite
13460,20,22
timeStep,numberOfRobotsOnBlackSite,numberOfRobotsOnWhiteSite
13461,20,22
timeStep,numberOfRobotsOnBlackSite,numberOfRobotsOnWhiteSite
13462,20,22
timeStep,numberOfRobotsOnBlackSite,numberOfRobotsOnWhiteSite
13463,20,22
timeStep,numberOfRobotsOnBlackSite,numberOfRobotsOnWhiteSite
13464,20,22
timeStep,numberOfRobotsOnBlackSite,numberOfRobotsOnWhiteSite
13465,20,22
timeStep,numberOfRobotsOnBlackSite,numberOfRobotsOnWhiteSite
13466,20,22
timeStep,numberOfRobotsOnBlackSite,numberOfRobotsOnWhiteSite
13467,20,22
timeStep,numberOfRobotsOnBlackSite,numberOfRobotsOnWhiteSite
13468,20,22
timeStep,numberOfRobotsOnBlackSite,numberOfRobotsOnWhiteSite
13469,20,22
timeStep,numberOfRobotsOnBlackSite,numberOfRobotsOnWhiteSite
13470,20,22
timeStep,numberOfRobotsOnBlackSite,numberOfRobotsOnWhiteSite
13471,20,22
timeStep,numberOfRobotsOnBlackSite,numberOfRobotsOnWhiteSite
13472,20,22
timeStep,numberOfRobotsOnBlackSite,numberOfRobotsOnWhiteSite
13473,20,22
timeStep,numberOfRobotsOnBlackSite,numberOfRobotsOnWhiteSite
13474,20,22
timeStep,numberOfRobotsOnBlackSite,numberOfRobotsOnWhiteSite
13475,20,22
timeStep,numberOfRobotsOnBlackSite,numberOfRobotsOnWhiteSite
13476,20,22
timeStep,numberOfRobotsOnBlackSite,numberOfRobotsOnWhiteSite
13477,20,22
timeStep,numberOfRobotsOnBlackSite,numberOfRobotsOnWhiteSite
13478,20,22
timeStep,numberOfRobotsOnBlackSite,numberOfRobotsOnWhiteSite
13479,20,22
timeStep,numberOfRobotsOnBlackSite,numberOfRobotsOnWhiteSite
13480,20,22
timeStep,numberOfRobotsOnBlackSite,numberOfRobotsOnWhiteSite
13481,20,22
timeStep,numberOfRobotsOnBlackSite,numberOfRobotsOnWhiteSite
13482,20,22
timeStep,numberOfRobotsOnBlackSite,numberOfRobotsOnWhiteSite
13483,20,22
timeStep,numberOfRobotsOnBlackSite,numberOfRobotsOnWhiteSite
13484,20,22
timeStep,numberOfRobotsOnBlackSite,numberOfRobotsOnWhiteSite
13485,20,22
timeStep,numberOfRobotsOnBlackSite,numberOfRobotsOnWhiteSite
13486,20,22
timeStep,numberOfRobotsOnBlackSite,numberOfRobotsOnWhiteSite
13487,20,22
timeStep,numberOfRobotsOnBlackSite,numberOfRobotsOnWhiteSite
13488,20,22
timeStep,numberOfRobotsOnBlackSite,numberOfRobotsOnWhiteSite
13489,20,22
timeStep,numberOfRobotsOnBlackSite,numberOfRobotsOnWhiteSite
13490,20,22
timeStep,numberOfRobotsOnBlackSite,numberOfRobotsOnWhiteSite
13491,20,22
timeStep,numberOfRobotsOnBlackSite,numberOfRobotsOnWhiteSite
13492,20,22
timeStep,numberOfRobotsOnBlackSite,numberOfRobotsOnWhiteSite
13493,20,22
timeStep,numberOfRobotsOnBlackSite,numberOfRobotsOnWhiteSite
13494,20,22
timeStep,numberOfRobotsOnBlackSite,numberOfRobotsOnWhiteSite
13495,20,22
timeStep,numberOfRobotsOnBlackSite,numberOfRobotsOnWhiteSite
13496,20,22
timeStep,numberOfRobotsOnBlackSite,numberOfRobotsOnWhiteSite
13497,20,22
timeStep,numberOfRobotsOnBlackSite,numberOfRobotsOnWhiteSite
13498,20,22
timeStep,numberOfRobotsOnBlackSite,numberOfRobotsOnWhiteSite
13499,20,22
timeStep,numberOfRobotsOnBlackSite,numberOfRobotsOnWhiteSite
13500,20,22
timeStep,numberOfRobotsOnBlackSite,numberOfRobotsOnWhiteSite
13501,20,22
timeStep,numberOfRobotsOnBlackSite,numberOfRobotsOnWhiteSite
13502,20,22
timeStep,numberOfRobotsOnBlackSite,numberOfRobotsOnWhiteSite
13503,20,22
timeStep,numberOfRobotsOnBlackSite,numberOfRobotsOnWhiteSite
13504,20,22
timeStep,numberOfRobotsOnBlackSite,numberOfRobotsOnWhiteSite
13505,20,22
timeStep,numberOfRobotsOnBlackSite,numberOfRobotsOnWhiteSite
13506,20,22
timeStep,numberOfRobotsOnBlackSite,numberOfRobotsOnWhiteSite
13507,20,22
timeStep,numberOfRobotsOnBlackSite,numberOfRobotsOnWhiteSite
13508,20,22
timeStep,numberOfRobotsOnBlackSite,numberOfRobotsOnWhiteSite
13509,20,22
timeStep,numberOfRobotsOnBlackSite,numberOfRobotsOnWhiteSite
13510,20,22
timeStep,numberOfRobotsOnBlackSite,numberOfRobotsOnWhiteSite
13511,20,22
timeStep,numberOfRobotsOnBlackSite,numberOfRobotsOnWhiteSite
13512,20,22
timeStep,numberOfRobotsOnBlackSite,numberOfRobotsOnWhiteSite
13513,20,22
timeStep,numberOfRobotsOnBlackSite,numberOfRobotsOnWhiteSite
13514,20,22
timeStep,numberOfRobotsOnBlackSite,numberOfRobotsOnWhiteSite
13515,20,22
timeStep,numberOfRobotsOnBlackSite,numberOfRobotsOnWhiteSite
13516,20,22
timeStep,numberOfRobotsOnBlackSite,numberOfRobotsOnWhiteSite
13517,20,22
timeStep,numberOfRobotsOnBlackSite,numberOfRobotsOnWhiteSite
13518,20,22
timeStep,numberOfRobotsOnBlackSite,numberOfRobotsOnWhiteSite
13519,20,22
timeStep,numberOfRobotsOnBlackSite,numberOfRobotsOnWhiteSite
13520,20,22
timeStep,numberOfRobotsOnBlackSite,numberOfRobotsOnWhiteSite
13521,20,22
timeStep,numberOfRobotsOnBlackSite,numberOfRobotsOnWhiteSite
13522,20,22
timeStep,numberOfRobotsOnBlackSite,numberOfRobotsOnWhiteSite
13523,20,22
timeStep,numberOfRobotsOnBlackSite,numberOfRobotsOnWhiteSite
13524,20,22
timeStep,numberOfRobotsOnBlackSite,numberOfRobotsOnWhiteSite
13525,20,22
timeStep,numberOfRobotsOnBlackSite,numberOfRobotsOnWhiteSite
13526,20,22
timeStep,numberOfRobotsOnBlackSite,numberOfRobotsOnWhiteSite
13527,20,22
timeStep,numberOfRobotsOnBlackSite,numberOfRobotsOnWhiteSite
13528,20,22
timeStep,numberOfRobotsOnBlackSite,numberOfRobotsOnWhiteSite
13529,20,22
timeStep,numberOfRobotsOnBlackSite,numberOfRobotsOnWhiteSite
13530,20,22
timeStep,numberOfRobotsOnBlackSite,numberOfRobotsOnWhiteSite
13531,20,22
timeStep,numberOfRobotsOnBlackSite,numberOfRobotsOnWhiteSite
13532,20,22
timeStep,numberOfRobotsOnBlackSite,numberOfRobotsOnWhiteSite
13533,20,22
timeStep,numberOfRobotsOnBlackSite,numberOfRobotsOnWhiteSite
13534,20,22
timeStep,numberOfRobotsOnBlackSite,numberOfRobotsOnWhiteSite
13535,20,22
timeStep,numberOfRobotsOnBlackSite,numberOfRobotsOnWhiteSite
13536,20,22
timeStep,numberOfRobotsOnBlackSite,numberOfRobotsOnWhiteSite
13537,20,22
timeStep,numberOfRobotsOnBlackSite,numberOfRobotsOnWhiteSite
13538,20,22
timeStep,numberOfRobotsOnBlackSite,numberOfRobotsOnWhiteSite
13539,20,22
timeStep,numberOfRobotsOnBlackSite,numberOfRobotsOnWhiteSite
13540,20,22
timeStep,numberOfRobotsOnBlackSite,numberOfRobotsOnWhiteSite
13541,20,22
timeStep,numberOfRobotsOnBlackSite,numberOfRobotsOnWhiteSite
13542,20,22
timeStep,numberOfRobotsOnBlackSite,numberOfRobotsOnWhiteSite
13543,20,22
timeStep,numberOfRobotsOnBlackSite,numberOfRobotsOnWhiteSite
13544,20,22
timeStep,numberOfRobotsOnBlackSite,numberOfRobotsOnWhiteSite
13545,20,22
timeStep,numberOfRobotsOnBlackSite,numberOfRobotsOnWhiteSite
13546,20,22
timeStep,numberOfRobotsOnBlackSite,numberOfRobotsOnWhiteSite
13547,20,22
timeStep,numberOfRobotsOnBlackSite,numberOfRobotsOnWhiteSite
13548,20,22
timeStep,numberOfRobotsOnBlackSite,numberOfRobotsOnWhiteSite
13549,20,22
timeStep,numberOfRobotsOnBlackSite,numberOfRobotsOnWhiteSite
13550,20,22
timeStep,numberOfRobotsOnBlackSite,numberOfRobotsOnWhiteSite
13551,20,22
timeStep,numberOfRobotsOnBlackSite,numberOfRobotsOnWhiteSite
13552,20,22
timeStep,numberOfRobotsOnBlackSite,numberOfRobotsOnWhiteSite
13553,20,22
timeStep,numberOfRobotsOnBlackSite,numberOfRobotsOnWhiteSite
13554,20,22
timeStep,numberOfRobotsOnBlackSite,numberOfRobotsOnWhiteSite
13555,20,22
timeStep,numberOfRobotsOnBlackSite,numberOfRobotsOnWhiteSite
13556,20,22
timeStep,numberOfRobotsOnBlackSite,numberOfRobotsOnWhiteSite
13557,20,22
timeStep,numberOfRobotsOnBlackSite,numberOfRobotsOnWhiteSite
13558,20,22
timeStep,numberOfRobotsOnBlackSite,numberOfRobotsOnWhiteSite
13559,20,22
timeStep,numberOfRobotsOnBlackSite,numberOfRobotsOnWhiteSite
13560,20,22
timeStep,numberOfRobotsOnBlackSite,numberOfRobotsOnWhiteSite
13561,20,22
timeStep,numberOfRobotsOnBlackSite,numberOfRobotsOnWhiteSite
13562,20,22
timeStep,numberOfRobotsOnBlackSite,numberOfRobotsOnWhiteSite
13563,20,22
timeStep,numberOfRobotsOnBlackSite,numberOfRobotsOnWhiteSite
13564,20,22
timeStep,numberOfRobotsOnBlackSite,numberOfRobotsOnWhiteSite
13565,20,22
timeStep,numberOfRobotsOnBlackSite,numberOfRobotsOnWhiteSite
13566,20,22
timeStep,numberOfRobotsOnBlackSite,numberOfRobotsOnWhiteSite
13567,20,22
timeStep,numberOfRobotsOnBlackSite,numberOfRobotsOnWhiteSite
13568,20,22
timeStep,numberOfRobotsOnBlackSite,numberOfRobotsOnWhiteSite
13569,20,22
timeStep,numberOfRobotsOnBlackSite,numberOfRobotsOnWhiteSite
13570,20,22
timeStep,numberOfRobotsOnBlackSite,numberOfRobotsOnWhiteSite
13571,20,22
timeStep,numberOfRobotsOnBlackSite,numberOfRobotsOnWhiteSite
13572,20,22
timeStep,numberOfRobotsOnBlackSite,numberOfRobotsOnWhiteSite
13573,20,22
timeStep,numberOfRobotsOnBlackSite,numberOfRobotsOnWhiteSite
13574,20,22
timeStep,numberOfRobotsOnBlackSite,numberOfRobotsOnWhiteSite
13575,20,22
timeStep,numberOfRobotsOnBlackSite,numberOfRobotsOnWhiteSite
13576,20,22
timeStep,numberOfRobotsOnBlackSite,numberOfRobotsOnWhiteSite
13577,20,22
timeStep,numberOfRobotsOnBlackSite,numberOfRobotsOnWhiteSite
13578,20,22
timeStep,numberOfRobotsOnBlackSite,numberOfRobotsOnWhiteSite
13579,20,22
timeStep,numberOfRobotsOnBlackSite,numberOfRobotsOnWhiteSite
13580,20,22
timeStep,numberOfRobotsOnBlackSite,numberOfRobotsOnWhiteSite
13581,20,22
timeStep,numberOfRobotsOnBlackSite,numberOfRobotsOnWhiteSite
13582,20,22
timeStep,numberOfRobotsOnBlackSite,numberOfRobotsOnWhiteSite
13583,20,22
timeStep,numberOfRobotsOnBlackSite,numberOfRobotsOnWhiteSite
13584,20,22
timeStep,numberOfRobotsOnBlackSite,numberOfRobotsOnWhiteSite
13585,20,22
timeStep,numberOfRobotsOnBlackSite,numberOfRobotsOnWhiteSite
13586,20,22
timeStep,numberOfRobotsOnBlackSite,numberOfRobotsOnWhiteSite
13587,20,22
timeStep,numberOfRobotsOnBlackSite,numberOfRobotsOnWhiteSite
13588,20,22
timeStep,numberOfRobotsOnBlackSite,numberOfRobotsOnWhiteSite
13589,20,22
timeStep,numberOfRobotsOnBlackSite,numberOfRobotsOnWhiteSite
13590,20,22
timeStep,numberOfRobotsOnBlackSite,numberOfRobotsOnWhiteSite
13591,20,22
timeStep,numberOfRobotsOnBlackSite,numberOfRobotsOnWhiteSite
13592,20,22
timeStep,numberOfRobotsOnBlackSite,numberOfRobotsOnWhiteSite
13593,20,22
timeStep,numberOfRobotsOnBlackSite,numberOfRobotsOnWhiteSite
13594,20,22
timeStep,numberOfRobotsOnBlackSite,numberOfRobotsOnWhiteSite
13595,20,22
timeStep,numberOfRobotsOnBlackSite,numberOfRobotsOnWhiteSite
13596,20,22
timeStep,numberOfRobotsOnBlackSite,numberOfRobotsOnWhiteSite
13597,20,22
timeStep,numberOfRobotsOnBlackSite,numberOfRobotsOnWhiteSite
13598,20,22
timeStep,numberOfRobotsOnBlackSite,numberOfRobotsOnWhiteSite
13599,20,22
timeStep,numberOfRobotsOnBlackSite,numberOfRobotsOnWhiteSite
13600,20,22
timeStep,numberOfRobotsOnBlackSite,numberOfRobotsOnWhiteSite
13601,20,22
timeStep,numberOfRobotsOnBlackSite,numberOfRobotsOnWhiteSite
13602,20,22
timeStep,numberOfRobotsOnBlackSite,numberOfRobotsOnWhiteSite
13603,20,22
timeStep,numberOfRobotsOnBlackSite,numberOfRobotsOnWhiteSite
13604,20,22
timeStep,numberOfRobotsOnBlackSite,numberOfRobotsOnWhiteSite
13605,20,22
timeStep,numberOfRobotsOnBlackSite,numberOfRobotsOnWhiteSite
13606,20,22
timeStep,numberOfRobotsOnBlackSite,numberOfRobotsOnWhiteSite
13607,20,22
timeStep,numberOfRobotsOnBlackSite,numberOfRobotsOnWhiteSite
13608,20,22
timeStep,numberOfRobotsOnBlackSite,numberOfRobotsOnWhiteSite
13609,20,22
timeStep,numberOfRobotsOnBlackSite,numberOfRobotsOnWhiteSite
13610,20,22
timeStep,numberOfRobotsOnBlackSite,numberOfRobotsOnWhiteSite
13611,20,22
timeStep,numberOfRobotsOnBlackSite,numberOfRobotsOnWhiteSite
13612,20,22
timeStep,numberOfRobotsOnBlackSite,numberOfRobotsOnWhiteSite
13613,20,22
timeStep,numberOfRobotsOnBlackSite,numberOfRobotsOnWhiteSite
13614,20,22
timeStep,numberOfRobotsOnBlackSite,numberOfRobotsOnWhiteSite
13615,20,22
timeStep,numberOfRobotsOnBlackSite,numberOfRobotsOnWhiteSite
13616,20,22
timeStep,numberOfRobotsOnBlackSite,numberOfRobotsOnWhiteSite
13617,20,22
timeStep,numberOfRobotsOnBlackSite,numberOfRobotsOnWhiteSite
13618,20,22
timeStep,numberOfRobotsOnBlackSite,numberOfRobotsOnWhiteSite
13619,20,22
timeStep,numberOfRobotsOnBlackSite,numberOfRobotsOnWhiteSite
13620,20,22
timeStep,numberOfRobotsOnBlackSite,numberOfRobotsOnWhiteSite
13621,20,22
timeStep,numberOfRobotsOnBlackSite,numberOfRobotsOnWhiteSite
13622,20,22
timeStep,numberOfRobotsOnBlackSite,numberOfRobotsOnWhiteSite
13623,20,22
timeStep,numberOfRobotsOnBlackSite,numberOfRobotsOnWhiteSite
13624,20,22
timeStep,numberOfRobotsOnBlackSite,numberOfRobotsOnWhiteSite
13625,20,22
timeStep,numberOfRobotsOnBlackSite,numberOfRobotsOnWhiteSite
13626,20,22
timeStep,numberOfRobotsOnBlackSite,numberOfRobotsOnWhiteSite
13627,20,22
timeStep,numberOfRobotsOnBlackSite,numberOfRobotsOnWhiteSite
13628,20,22
timeStep,numberOfRobotsOnBlackSite,numberOfRobotsOnWhiteSite
13629,20,22
timeStep,numberOfRobotsOnBlackSite,numberOfRobotsOnWhiteSite
13630,20,22
timeStep,numberOfRobotsOnBlackSite,numberOfRobotsOnWhiteSite
13631,20,22
timeStep,numberOfRobotsOnBlackSite,numberOfRobotsOnWhiteSite
13632,20,22
timeStep,numberOfRobotsOnBlackSite,numberOfRobotsOnWhiteSite
13633,20,22
timeStep,numberOfRobotsOnBlackSite,numberOfRobotsOnWhiteSite
13634,20,22
timeStep,numberOfRobotsOnBlackSite,numberOfRobotsOnWhiteSite
13635,21,22
timeStep,numberOfRobotsOnBlackSite,numberOfRobotsOnWhiteSite
13636,21,22
timeStep,numberOfRobotsOnBlackSite,numberOfRobotsOnWhiteSite
13637,21,22
timeStep,numberOfRobotsOnBlackSite,numberOfRobotsOnWhiteSite
13638,21,22
timeStep,numberOfRobotsOnBlackSite,numberOfRobotsOnWhiteSite
13639,21,22
timeStep,numberOfRobotsOnBlackSite,numberOfRobotsOnWhiteSite
13640,21,23
timeStep,numberOfRobotsOnBlackSite,numberOfRobotsOnWhiteSite
13641,21,23
timeStep,numberOfRobotsOnBlackSite,numberOfRobotsOnWhiteSite
13642,21,23
timeStep,numberOfRobotsOnBlackSite,numberOfRobotsOnWhiteSite
13643,21,23
timeStep,numberOfRobotsOnBlackSite,numberOfRobotsOnWhiteSite
13644,21,23
timeStep,numberOfRobotsOnBlackSite,numberOfRobotsOnWhiteSite
13645,21,23
timeStep,numberOfRobotsOnBlackSite,numberOfRobotsOnWhiteSite
13646,21,23
timeStep,numberOfRobotsOnBlackSite,numberOfRobotsOnWhiteSite
13647,21,23
timeStep,numberOfRobotsOnBlackSite,numberOfRobotsOnWhiteSite
13648,21,23
timeStep,numberOfRobotsOnBlackSite,numberOfRobotsOnWhiteSite
13649,21,23
timeStep,numberOfRobotsOnBlackSite,numberOfRobotsOnWhiteSite
13650,21,23
timeStep,numberOfRobotsOnBlackSite,numberOfRobotsOnWhiteSite
13651,21,23
timeStep,numberOfRobotsOnBlackSite,numberOfRobotsOnWhiteSite
13652,21,23
timeStep,numberOfRobotsOnBlackSite,numberOfRobotsOnWhiteSite
13653,21,23
timeStep,numberOfRobotsOnBlackSite,numberOfRobotsOnWhiteSite
13654,21,23
timeStep,numberOfRobotsOnBlackSite,numberOfRobotsOnWhiteSite
13655,21,23
timeStep,numberOfRobotsOnBlackSite,numberOfRobotsOnWhiteSite
13656,21,23
timeStep,numberOfRobotsOnBlackSite,numberOfRobotsOnWhiteSite
13657,21,23
timeStep,numberOfRobotsOnBlackSite,numberOfRobotsOnWhiteSite
13658,21,23
timeStep,numberOfRobotsOnBlackSite,numberOfRobotsOnWhiteSite
13659,21,23
timeStep,numberOfRobotsOnBlackSite,numberOfRobotsOnWhiteSite
13660,20,23
timeStep,numberOfRobotsOnBlackSite,numberOfRobotsOnWhiteSite
13661,20,23
timeStep,numberOfRobotsOnBlackSite,numberOfRobotsOnWhiteSite
13662,20,23
timeStep,numberOfRobotsOnBlackSite,numberOfRobotsOnWhiteSite
13663,20,23
timeStep,numberOfRobotsOnBlackSite,numberOfRobotsOnWhiteSite
13664,20,23
timeStep,numberOfRobotsOnBlackSite,numberOfRobotsOnWhiteSite
13665,20,23
timeStep,numberOfRobotsOnBlackSite,numberOfRobotsOnWhiteSite
13666,20,23
timeStep,numberOfRobotsOnBlackSite,numberOfRobotsOnWhiteSite
13667,20,23
timeStep,numberOfRobotsOnBlackSite,numberOfRobotsOnWhiteSite
13668,20,23
timeStep,numberOfRobotsOnBlackSite,numberOfRobotsOnWhiteSite
13669,20,23
timeStep,numberOfRobotsOnBlackSite,numberOfRobotsOnWhiteSite
13670,20,23
timeStep,numberOfRobotsOnBlackSite,numberOfRobotsOnWhiteSite
13671,20,23
timeStep,numberOfRobotsOnBlackSite,numberOfRobotsOnWhiteSite
13672,20,23
timeStep,numberOfRobotsOnBlackSite,numberOfRobotsOnWhiteSite
13673,20,23
timeStep,numberOfRobotsOnBlackSite,numberOfRobotsOnWhiteSite
13674,20,23
timeStep,numberOfRobotsOnBlackSite,numberOfRobotsOnWhiteSite
13675,21,23
timeStep,numberOfRobotsOnBlackSite,numberOfRobotsOnWhiteSite
13676,21,23
timeStep,numberOfRobotsOnBlackSite,numberOfRobotsOnWhiteSite
13677,21,23
timeStep,numberOfRobotsOnBlackSite,numberOfRobotsOnWhiteSite
13678,21,23
timeStep,numberOfRobotsOnBlackSite,numberOfRobotsOnWhiteSite
13679,21,23
timeStep,numberOfRobotsOnBlackSite,numberOfRobotsOnWhiteSite
13680,21,23
timeStep,numberOfRobotsOnBlackSite,numberOfRobotsOnWhiteSite
13681,21,23
timeStep,numberOfRobotsOnBlackSite,numberOfRobotsOnWhiteSite
13682,21,23
timeStep,numberOfRobotsOnBlackSite,numberOfRobotsOnWhiteSite
13683,21,23
timeStep,numberOfRobotsOnBlackSite,numberOfRobotsOnWhiteSite
13684,21,23
timeStep,numberOfRobotsOnBlackSite,numberOfRobotsOnWhiteSite
13685,21,23
timeStep,numberOfRobotsOnBlackSite,numberOfRobotsOnWhiteSite
13686,21,23
timeStep,numberOfRobotsOnBlackSite,numberOfRobotsOnWhiteSite
13687,21,23
timeStep,numberOfRobotsOnBlackSite,numberOfRobotsOnWhiteSite
13688,21,23
timeStep,numberOfRobotsOnBlackSite,numberOfRobotsOnWhiteSite
13689,21,23
timeStep,numberOfRobotsOnBlackSite,numberOfRobotsOnWhiteSite
13690,21,23
timeStep,numberOfRobotsOnBlackSite,numberOfRobotsOnWhiteSite
13691,21,23
timeStep,numberOfRobotsOnBlackSite,numberOfRobotsOnWhiteSite
13692,21,23
timeStep,numberOfRobotsOnBlackSite,numberOfRobotsOnWhiteSite
13693,21,23
timeStep,numberOfRobotsOnBlackSite,numberOfRobotsOnWhiteSite
13694,21,23
timeStep,numberOfRobotsOnBlackSite,numberOfRobotsOnWhiteSite
13695,20,23
timeStep,numberOfRobotsOnBlackSite,numberOfRobotsOnWhiteSite
13696,20,23
timeStep,numberOfRobotsOnBlackSite,numberOfRobotsOnWhiteSite
13697,20,23
timeStep,numberOfRobotsOnBlackSite,numberOfRobotsOnWhiteSite
13698,20,23
timeStep,numberOfRobotsOnBlackSite,numberOfRobotsOnWhiteSite
13699,20,23
timeStep,numberOfRobotsOnBlackSite,numberOfRobotsOnWhiteSite
13700,20,23
timeStep,numberOfRobotsOnBlackSite,numberOfRobotsOnWhiteSite
13701,20,23
timeStep,numberOfRobotsOnBlackSite,numberOfRobotsOnWhiteSite
13702,20,23
timeStep,numberOfRobotsOnBlackSite,numberOfRobotsOnWhiteSite
13703,20,23
timeStep,numberOfRobotsOnBlackSite,numberOfRobotsOnWhiteSite
13704,20,23
timeStep,numberOfRobotsOnBlackSite,numberOfRobotsOnWhiteSite
13705,20,23
timeStep,numberOfRobotsOnBlackSite,numberOfRobotsOnWhiteSite
13706,20,23
timeStep,numberOfRobotsOnBlackSite,numberOfRobotsOnWhiteSite
13707,20,23
timeStep,numberOfRobotsOnBlackSite,numberOfRobotsOnWhiteSite
13708,20,23
timeStep,numberOfRobotsOnBlackSite,numberOfRobotsOnWhiteSite
13709,20,23
timeStep,numberOfRobotsOnBlackSite,numberOfRobotsOnWhiteSite
13710,20,23
timeStep,numberOfRobotsOnBlackSite,numberOfRobotsOnWhiteSite
13711,20,23
timeStep,numberOfRobotsOnBlackSite,numberOfRobotsOnWhiteSite
13712,20,23
timeStep,numberOfRobotsOnBlackSite,numberOfRobotsOnWhiteSite
13713,20,23
timeStep,numberOfRobotsOnBlackSite,numberOfRobotsOnWhiteSite
13714,20,23
timeStep,numberOfRobotsOnBlackSite,numberOfRobotsOnWhiteSite
13715,20,23
timeStep,numberOfRobotsOnBlackSite,numberOfRobotsOnWhiteSite
13716,20,23
timeStep,numberOfRobotsOnBlackSite,numberOfRobotsOnWhiteSite
13717,20,23
timeStep,numberOfRobotsOnBlackSite,numberOfRobotsOnWhiteSite
13718,20,23
timeStep,numberOfRobotsOnBlackSite,numberOfRobotsOnWhiteSite
13719,20,23
timeStep,numberOfRobotsOnBlackSite,numberOfRobotsOnWhiteSite
13720,20,23
timeStep,numberOfRobotsOnBlackSite,numberOfRobotsOnWhiteSite
13721,20,23
timeStep,numberOfRobotsOnBlackSite,numberOfRobotsOnWhiteSite
13722,20,23
timeStep,numberOfRobotsOnBlackSite,numberOfRobotsOnWhiteSite
13723,20,23
timeStep,numberOfRobotsOnBlackSite,numberOfRobotsOnWhiteSite
13724,20,23
timeStep,numberOfRobotsOnBlackSite,numberOfRobotsOnWhiteSite
13725,20,23
timeStep,numberOfRobotsOnBlackSite,numberOfRobotsOnWhiteSite
13726,20,23
timeStep,numberOfRobotsOnBlackSite,numberOfRobotsOnWhiteSite
13727,20,23
timeStep,numberOfRobotsOnBlackSite,numberOfRobotsOnWhiteSite
13728,20,23
timeStep,numberOfRobotsOnBlackSite,numberOfRobotsOnWhiteSite
13729,20,23
timeStep,numberOfRobotsOnBlackSite,numberOfRobotsOnWhiteSite
13730,20,23
timeStep,numberOfRobotsOnBlackSite,numberOfRobotsOnWhiteSite
13731,20,23
timeStep,numberOfRobotsOnBlackSite,numberOfRobotsOnWhiteSite
13732,20,23
timeStep,numberOfRobotsOnBlackSite,numberOfRobotsOnWhiteSite
13733,20,23
timeStep,numberOfRobotsOnBlackSite,numberOfRobotsOnWhiteSite
13734,20,23
timeStep,numberOfRobotsOnBlackSite,numberOfRobotsOnWhiteSite
13735,20,23
timeStep,numberOfRobotsOnBlackSite,numberOfRobotsOnWhiteSite
13736,20,23
timeStep,numberOfRobotsOnBlackSite,numberOfRobotsOnWhiteSite
13737,20,23
timeStep,numberOfRobotsOnBlackSite,numberOfRobotsOnWhiteSite
13738,20,23
timeStep,numberOfRobotsOnBlackSite,numberOfRobotsOnWhiteSite
13739,20,23
timeStep,numberOfRobotsOnBlackSite,numberOfRobotsOnWhiteSite
13740,20,23
timeStep,numberOfRobotsOnBlackSite,numberOfRobotsOnWhiteSite
13741,20,23
timeStep,numberOfRobotsOnBlackSite,numberOfRobotsOnWhiteSite
13742,20,23
timeStep,numberOfRobotsOnBlackSite,numberOfRobotsOnWhiteSite
13743,20,23
timeStep,numberOfRobotsOnBlackSite,numberOfRobotsOnWhiteSite
13744,20,23
timeStep,numberOfRobotsOnBlackSite,numberOfRobotsOnWhiteSite
13745,20,23
timeStep,numberOfRobotsOnBlackSite,numberOfRobotsOnWhiteSite
13746,20,23
timeStep,numberOfRobotsOnBlackSite,numberOfRobotsOnWhiteSite
13747,20,23
timeStep,numberOfRobotsOnBlackSite,numberOfRobotsOnWhiteSite
13748,20,23
timeStep,numberOfRobotsOnBlackSite,numberOfRobotsOnWhiteSite
13749,20,23
timeStep,numberOfRobotsOnBlackSite,numberOfRobotsOnWhiteSite
13750,20,23
timeStep,numberOfRobotsOnBlackSite,numberOfRobotsOnWhiteSite
13751,20,23
timeStep,numberOfRobotsOnBlackSite,numberOfRobotsOnWhiteSite
13752,20,23
timeStep,numberOfRobotsOnBlackSite,numberOfRobotsOnWhiteSite
13753,20,23
timeStep,numberOfRobotsOnBlackSite,numberOfRobotsOnWhiteSite
13754,20,23
timeStep,numberOfRobotsOnBlackSite,numberOfRobotsOnWhiteSite
13755,20,23
timeStep,numberOfRobotsOnBlackSite,numberOfRobotsOnWhiteSite
13756,20,23
timeStep,numberOfRobotsOnBlackSite,numberOfRobotsOnWhiteSite
13757,20,23
timeStep,numberOfRobotsOnBlackSite,numberOfRobotsOnWhiteSite
13758,20,23
timeStep,numberOfRobotsOnBlackSite,numberOfRobotsOnWhiteSite
13759,20,23
timeStep,numberOfRobotsOnBlackSite,numberOfRobotsOnWhiteSite
13760,20,23
timeStep,numberOfRobotsOnBlackSite,numberOfRobotsOnWhiteSite
13761,20,23
timeStep,numberOfRobotsOnBlackSite,numberOfRobotsOnWhiteSite
13762,20,23
timeStep,numberOfRobotsOnBlackSite,numberOfRobotsOnWhiteSite
13763,20,23
timeStep,numberOfRobotsOnBlackSite,numberOfRobotsOnWhiteSite
13764,20,23
timeStep,numberOfRobotsOnBlackSite,numberOfRobotsOnWhiteSite
13765,20,23
timeStep,numberOfRobotsOnBlackSite,numberOfRobotsOnWhiteSite
13766,20,23
timeStep,numberOfRobotsOnBlackSite,numberOfRobotsOnWhiteSite
13767,20,23
timeStep,numberOfRobotsOnBlackSite,numberOfRobotsOnWhiteSite
13768,20,23
timeStep,numberOfRobotsOnBlackSite,numberOfRobotsOnWhiteSite
13769,20,23
timeStep,numberOfRobotsOnBlackSite,numberOfRobotsOnWhiteSite
13770,20,23
timeStep,numberOfRobotsOnBlackSite,numberOfRobotsOnWhiteSite
13771,20,23
timeStep,numberOfRobotsOnBlackSite,numberOfRobotsOnWhiteSite
13772,20,23
timeStep,numberOfRobotsOnBlackSite,numberOfRobotsOnWhiteSite
13773,20,23
timeStep,numberOfRobotsOnBlackSite,numberOfRobotsOnWhiteSite
13774,20,23
timeStep,numberOfRobotsOnBlackSite,numberOfRobotsOnWhiteSite
13775,20,23
timeStep,numberOfRobotsOnBlackSite,numberOfRobotsOnWhiteSite
13776,20,23
timeStep,numberOfRobotsOnBlackSite,numberOfRobotsOnWhiteSite
13777,20,23
timeStep,numberOfRobotsOnBlackSite,numberOfRobotsOnWhiteSite
13778,20,23
timeStep,numberOfRobotsOnBlackSite,numberOfRobotsOnWhiteSite
13779,20,23
timeStep,numberOfRobotsOnBlackSite,numberOfRobotsOnWhiteSite
13780,20,23
timeStep,numberOfRobotsOnBlackSite,numberOfRobotsOnWhiteSite
13781,20,23
timeStep,numberOfRobotsOnBlackSite,numberOfRobotsOnWhiteSite
13782,20,23
timeStep,numberOfRobotsOnBlackSite,numberOfRobotsOnWhiteSite
13783,20,23
timeStep,numberOfRobotsOnBlackSite,numberOfRobotsOnWhiteSite
13784,20,23
timeStep,numberOfRobotsOnBlackSite,numberOfRobotsOnWhiteSite
13785,20,23
timeStep,numberOfRobotsOnBlackSite,numberOfRobotsOnWhiteSite
13786,20,23
timeStep,numberOfRobotsOnBlackSite,numberOfRobotsOnWhiteSite
13787,20,23
timeStep,numberOfRobotsOnBlackSite,numberOfRobotsOnWhiteSite
13788,20,23
timeStep,numberOfRobotsOnBlackSite,numberOfRobotsOnWhiteSite
13789,20,23
timeStep,numberOfRobotsOnBlackSite,numberOfRobotsOnWhiteSite
13790,20,23
timeStep,numberOfRobotsOnBlackSite,numberOfRobotsOnWhiteSite
13791,20,23
timeStep,numberOfRobotsOnBlackSite,numberOfRobotsOnWhiteSite
13792,20,23
timeStep,numberOfRobotsOnBlackSite,numberOfRobotsOnWhiteSite
13793,20,23
timeStep,numberOfRobotsOnBlackSite,numberOfRobotsOnWhiteSite
13794,20,23
timeStep,numberOfRobotsOnBlackSite,numberOfRobotsOnWhiteSite
13795,20,23
timeStep,numberOfRobotsOnBlackSite,numberOfRobotsOnWhiteSite
13796,20,23
timeStep,numberOfRobotsOnBlackSite,numberOfRobotsOnWhiteSite
13797,20,23
timeStep,numberOfRobotsOnBlackSite,numberOfRobotsOnWhiteSite
13798,20,23
timeStep,numberOfRobotsOnBlackSite,numberOfRobotsOnWhiteSite
13799,20,23
timeStep,numberOfRobotsOnBlackSite,numberOfRobotsOnWhiteSite
13800,20,23
timeStep,numberOfRobotsOnBlackSite,numberOfRobotsOnWhiteSite
13801,20,23
timeStep,numberOfRobotsOnBlackSite,numberOfRobotsOnWhiteSite
13802,20,23
timeStep,numberOfRobotsOnBlackSite,numberOfRobotsOnWhiteSite
13803,20,23
timeStep,numberOfRobotsOnBlackSite,numberOfRobotsOnWhiteSite
13804,20,23
timeStep,numberOfRobotsOnBlackSite,numberOfRobotsOnWhiteSite
13805,20,23
timeStep,numberOfRobotsOnBlackSite,numberOfRobotsOnWhiteSite
13806,20,23
timeStep,numberOfRobotsOnBlackSite,numberOfRobotsOnWhiteSite
13807,20,23
timeStep,numberOfRobotsOnBlackSite,numberOfRobotsOnWhiteSite
13808,20,23
timeStep,numberOfRobotsOnBlackSite,numberOfRobotsOnWhiteSite
13809,20,23
timeStep,numberOfRobotsOnBlackSite,numberOfRobotsOnWhiteSite
13810,20,23
timeStep,numberOfRobotsOnBlackSite,numberOfRobotsOnWhiteSite
13811,20,23
timeStep,numberOfRobotsOnBlackSite,numberOfRobotsOnWhiteSite
13812,20,23
timeStep,numberOfRobotsOnBlackSite,numberOfRobotsOnWhiteSite
13813,20,23
timeStep,numberOfRobotsOnBlackSite,numberOfRobotsOnWhiteSite
13814,20,23
timeStep,numberOfRobotsOnBlackSite,numberOfRobotsOnWhiteSite
13815,20,23
timeStep,numberOfRobotsOnBlackSite,numberOfRobotsOnWhiteSite
13816,20,23
timeStep,numberOfRobotsOnBlackSite,numberOfRobotsOnWhiteSite
13817,20,23
timeStep,numberOfRobotsOnBlackSite,numberOfRobotsOnWhiteSite
13818,20,23
timeStep,numberOfRobotsOnBlackSite,numberOfRobotsOnWhiteSite
13819,20,23
timeStep,numberOfRobotsOnBlackSite,numberOfRobotsOnWhiteSite
13820,20,23
timeStep,numberOfRobotsOnBlackSite,numberOfRobotsOnWhiteSite
13821,20,23
timeStep,numberOfRobotsOnBlackSite,numberOfRobotsOnWhiteSite
13822,20,23
timeStep,numberOfRobotsOnBlackSite,numberOfRobotsOnWhiteSite
13823,20,23
timeStep,numberOfRobotsOnBlackSite,numberOfRobotsOnWhiteSite
13824,20,23
timeStep,numberOfRobotsOnBlackSite,numberOfRobotsOnWhiteSite
13825,20,23
timeStep,numberOfRobotsOnBlackSite,numberOfRobotsOnWhiteSite
13826,20,23
timeStep,numberOfRobotsOnBlackSite,numberOfRobotsOnWhiteSite
13827,20,23
timeStep,numberOfRobotsOnBlackSite,numberOfRobotsOnWhiteSite
13828,20,23
timeStep,numberOfRobotsOnBlackSite,numberOfRobotsOnWhiteSite
13829,20,23
timeStep,numberOfRobotsOnBlackSite,numberOfRobotsOnWhiteSite
13830,20,23
timeStep,numberOfRobotsOnBlackSite,numberOfRobotsOnWhiteSite
13831,20,23
timeStep,numberOfRobotsOnBlackSite,numberOfRobotsOnWhiteSite
13832,20,23
timeStep,numberOfRobotsOnBlackSite,numberOfRobotsOnWhiteSite
13833,20,23
timeStep,numberOfRobotsOnBlackSite,numberOfRobotsOnWhiteSite
13834,20,23
timeStep,numberOfRobotsOnBlackSite,numberOfRobotsOnWhiteSite
13835,20,23
timeStep,numberOfRobotsOnBlackSite,numberOfRobotsOnWhiteSite
13836,20,23
timeStep,numberOfRobotsOnBlackSite,numberOfRobotsOnWhiteSite
13837,20,23
timeStep,numberOfRobotsOnBlackSite,numberOfRobotsOnWhiteSite
13838,20,23
timeStep,numberOfRobotsOnBlackSite,numberOfRobotsOnWhiteSite
13839,20,23
timeStep,numberOfRobotsOnBlackSite,numberOfRobotsOnWhiteSite
13840,20,23
timeStep,numberOfRobotsOnBlackSite,numberOfRobotsOnWhiteSite
13841,20,23
timeStep,numberOfRobotsOnBlackSite,numberOfRobotsOnWhiteSite
13842,20,23
timeStep,numberOfRobotsOnBlackSite,numberOfRobotsOnWhiteSite
13843,20,23
timeStep,numberOfRobotsOnBlackSite,numberOfRobotsOnWhiteSite
13844,20,23
timeStep,numberOfRobotsOnBlackSite,numberOfRobotsOnWhiteSite
13845,20,23
timeStep,numberOfRobotsOnBlackSite,numberOfRobotsOnWhiteSite
13846,20,23
timeStep,numberOfRobotsOnBlackSite,numberOfRobotsOnWhiteSite
13847,20,23
timeStep,numberOfRobotsOnBlackSite,numberOfRobotsOnWhiteSite
13848,20,23
timeStep,numberOfRobotsOnBlackSite,numberOfRobotsOnWhiteSite
13849,20,23
timeStep,numberOfRobotsOnBlackSite,numberOfRobotsOnWhiteSite
13850,20,23
timeStep,numberOfRobotsOnBlackSite,numberOfRobotsOnWhiteSite
13851,20,23
timeStep,numberOfRobotsOnBlackSite,numberOfRobotsOnWhiteSite
13852,20,23
timeStep,numberOfRobotsOnBlackSite,numberOfRobotsOnWhiteSite
13853,20,23
timeStep,numberOfRobotsOnBlackSite,numberOfRobotsOnWhiteSite
13854,20,23
timeStep,numberOfRobotsOnBlackSite,numberOfRobotsOnWhiteSite
13855,20,23
timeStep,numberOfRobotsOnBlackSite,numberOfRobotsOnWhiteSite
13856,20,23
timeStep,numberOfRobotsOnBlackSite,numberOfRobotsOnWhiteSite
13857,20,23
timeStep,numberOfRobotsOnBlackSite,numberOfRobotsOnWhiteSite
13858,20,23
timeStep,numberOfRobotsOnBlackSite,numberOfRobotsOnWhiteSite
13859,20,23
timeStep,numberOfRobotsOnBlackSite,numberOfRobotsOnWhiteSite
13860,20,23
timeStep,numberOfRobotsOnBlackSite,numberOfRobotsOnWhiteSite
13861,20,23
timeStep,numberOfRobotsOnBlackSite,numberOfRobotsOnWhiteSite
13862,20,23
timeStep,numberOfRobotsOnBlackSite,numberOfRobotsOnWhiteSite
13863,20,23
timeStep,numberOfRobotsOnBlackSite,numberOfRobotsOnWhiteSite
13864,20,23
timeStep,numberOfRobotsOnBlackSite,numberOfRobotsOnWhiteSite
13865,20,23
timeStep,numberOfRobotsOnBlackSite,numberOfRobotsOnWhiteSite
13866,20,23
timeStep,numberOfRobotsOnBlackSite,numberOfRobotsOnWhiteSite
13867,20,23
timeStep,numberOfRobotsOnBlackSite,numberOfRobotsOnWhiteSite
13868,20,23
timeStep,numberOfRobotsOnBlackSite,numberOfRobotsOnWhiteSite
13869,20,23
timeStep,numberOfRobotsOnBlackSite,numberOfRobotsOnWhiteSite
13870,20,23
timeStep,numberOfRobotsOnBlackSite,numberOfRobotsOnWhiteSite
13871,20,23
timeStep,numberOfRobotsOnBlackSite,numberOfRobotsOnWhiteSite
13872,20,23
timeStep,numberOfRobotsOnBlackSite,numberOfRobotsOnWhiteSite
13873,20,23
timeStep,numberOfRobotsOnBlackSite,numberOfRobotsOnWhiteSite
13874,20,23
timeStep,numberOfRobotsOnBlackSite,numberOfRobotsOnWhiteSite
13875,20,23
timeStep,numberOfRobotsOnBlackSite,numberOfRobotsOnWhiteSite
13876,20,23
timeStep,numberOfRobotsOnBlackSite,numberOfRobotsOnWhiteSite
13877,20,23
timeStep,numberOfRobotsOnBlackSite,numberOfRobotsOnWhiteSite
13878,20,23
timeStep,numberOfRobotsOnBlackSite,numberOfRobotsOnWhiteSite
13879,20,23
timeStep,numberOfRobotsOnBlackSite,numberOfRobotsOnWhiteSite
13880,20,23
timeStep,numberOfRobotsOnBlackSite,numberOfRobotsOnWhiteSite
13881,20,23
timeStep,numberOfRobotsOnBlackSite,numberOfRobotsOnWhiteSite
13882,20,23
timeStep,numberOfRobotsOnBlackSite,numberOfRobotsOnWhiteSite
13883,20,23
timeStep,numberOfRobotsOnBlackSite,numberOfRobotsOnWhiteSite
13884,20,23
timeStep,numberOfRobotsOnBlackSite,numberOfRobotsOnWhiteSite
13885,20,23
timeStep,numberOfRobotsOnBlackSite,numberOfRobotsOnWhiteSite
13886,20,23
timeStep,numberOfRobotsOnBlackSite,numberOfRobotsOnWhiteSite
13887,20,23
timeStep,numberOfRobotsOnBlackSite,numberOfRobotsOnWhiteSite
13888,20,23
timeStep,numberOfRobotsOnBlackSite,numberOfRobotsOnWhiteSite
13889,20,23
timeStep,numberOfRobotsOnBlackSite,numberOfRobotsOnWhiteSite
13890,20,23
timeStep,numberOfRobotsOnBlackSite,numberOfRobotsOnWhiteSite
13891,20,23
timeStep,numberOfRobotsOnBlackSite,numberOfRobotsOnWhiteSite
13892,20,23
timeStep,numberOfRobotsOnBlackSite,numberOfRobotsOnWhiteSite
13893,20,23
timeStep,numberOfRobotsOnBlackSite,numberOfRobotsOnWhiteSite
13894,20,23
timeStep,numberOfRobotsOnBlackSite,numberOfRobotsOnWhiteSite
13895,20,23
timeStep,numberOfRobotsOnBlackSite,numberOfRobotsOnWhiteSite
13896,20,23
timeStep,numberOfRobotsOnBlackSite,numberOfRobotsOnWhiteSite
13897,20,23
timeStep,numberOfRobotsOnBlackSite,numberOfRobotsOnWhiteSite
13898,20,23
timeStep,numberOfRobotsOnBlackSite,numberOfRobotsOnWhiteSite
13899,20,23
timeStep,numberOfRobotsOnBlackSite,numberOfRobotsOnWhiteSite
13900,20,23
timeStep,numberOfRobotsOnBlackSite,numberOfRobotsOnWhiteSite
13901,20,23
timeStep,numberOfRobotsOnBlackSite,numberOfRobotsOnWhiteSite
13902,20,23
timeStep,numberOfRobotsOnBlackSite,numberOfRobotsOnWhiteSite
13903,20,23
timeStep,numberOfRobotsOnBlackSite,numberOfRobotsOnWhiteSite
13904,20,23
timeStep,numberOfRobotsOnBlackSite,numberOfRobotsOnWhiteSite
13905,20,23
timeStep,numberOfRobotsOnBlackSite,numberOfRobotsOnWhiteSite
13906,20,23
timeStep,numberOfRobotsOnBlackSite,numberOfRobotsOnWhiteSite
13907,20,23
timeStep,numberOfRobotsOnBlackSite,numberOfRobotsOnWhiteSite
13908,20,23
timeStep,numberOfRobotsOnBlackSite,numberOfRobotsOnWhiteSite
13909,20,23
timeStep,numberOfRobotsOnBlackSite,numberOfRobotsOnWhiteSite
13910,20,23
timeStep,numberOfRobotsOnBlackSite,numberOfRobotsOnWhiteSite
13911,20,23
timeStep,numberOfRobotsOnBlackSite,numberOfRobotsOnWhiteSite
13912,20,23
timeStep,numberOfRobotsOnBlackSite,numberOfRobotsOnWhiteSite
13913,20,23
timeStep,numberOfRobotsOnBlackSite,numberOfRobotsOnWhiteSite
13914,20,23
timeStep,numberOfRobotsOnBlackSite,numberOfRobotsOnWhiteSite
13915,20,23
timeStep,numberOfRobotsOnBlackSite,numberOfRobotsOnWhiteSite
13916,20,23
timeStep,numberOfRobotsOnBlackSite,numberOfRobotsOnWhiteSite
13917,20,23
timeStep,numberOfRobotsOnBlackSite,numberOfRobotsOnWhiteSite
13918,20,23
timeStep,numberOfRobotsOnBlackSite,numberOfRobotsOnWhiteSite
13919,20,23
timeStep,numberOfRobotsOnBlackSite,numberOfRobotsOnWhiteSite
13920,20,23
timeStep,numberOfRobotsOnBlackSite,numberOfRobotsOnWhiteSite
13921,20,23
timeStep,numberOfRobotsOnBlackSite,numberOfRobotsOnWhiteSite
13922,20,23
timeStep,numberOfRobotsOnBlackSite,numberOfRobotsOnWhiteSite
13923,20,23
timeStep,numberOfRobotsOnBlackSite,numberOfRobotsOnWhiteSite
13924,20,23
timeStep,numberOfRobotsOnBlackSite,numberOfRobotsOnWhiteSite
13925,20,23
timeStep,numberOfRobotsOnBlackSite,numberOfRobotsOnWhiteSite
13926,20,23
timeStep,numberOfRobotsOnBlackSite,numberOfRobotsOnWhiteSite
13927,20,23
timeStep,numberOfRobotsOnBlackSite,numberOfRobotsOnWhiteSite
13928,20,23
timeStep,numberOfRobotsOnBlackSite,numberOfRobotsOnWhiteSite
13929,20,23
timeStep,numberOfRobotsOnBlackSite,numberOfRobotsOnWhiteSite
13930,20,23
timeStep,numberOfRobotsOnBlackSite,numberOfRobotsOnWhiteSite
13931,20,23
timeStep,numberOfRobotsOnBlackSite,numberOfRobotsOnWhiteSite
13932,20,23
timeStep,numberOfRobotsOnBlackSite,numberOfRobotsOnWhiteSite
13933,20,23
timeStep,numberOfRobotsOnBlackSite,numberOfRobotsOnWhiteSite
13934,20,23
timeStep,numberOfRobotsOnBlackSite,numberOfRobotsOnWhiteSite
13935,20,23
timeStep,numberOfRobotsOnBlackSite,numberOfRobotsOnWhiteSite
13936,20,23
timeStep,numberOfRobotsOnBlackSite,numberOfRobotsOnWhiteSite
13937,20,23
timeStep,numberOfRobotsOnBlackSite,numberOfRobotsOnWhiteSite
13938,20,23
timeStep,numberOfRobotsOnBlackSite,numberOfRobotsOnWhiteSite
13939,20,23
timeStep,numberOfRobotsOnBlackSite,numberOfRobotsOnWhiteSite
13940,20,23
timeStep,numberOfRobotsOnBlackSite,numberOfRobotsOnWhiteSite
13941,20,23
timeStep,numberOfRobotsOnBlackSite,numberOfRobotsOnWhiteSite
13942,20,23
timeStep,numberOfRobotsOnBlackSite,numberOfRobotsOnWhiteSite
13943,20,23
timeStep,numberOfRobotsOnBlackSite,numberOfRobotsOnWhiteSite
13944,20,23
timeStep,numberOfRobotsOnBlackSite,numberOfRobotsOnWhiteSite
13945,20,23
timeStep,numberOfRobotsOnBlackSite,numberOfRobotsOnWhiteSite
13946,20,23
timeStep,numberOfRobotsOnBlackSite,numberOfRobotsOnWhiteSite
13947,20,23
timeStep,numberOfRobotsOnBlackSite,numberOfRobotsOnWhiteSite
13948,20,23
timeStep,numberOfRobotsOnBlackSite,numberOfRobotsOnWhiteSite
13949,20,23
timeStep,numberOfRobotsOnBlackSite,numberOfRobotsOnWhiteSite
13950,20,23
timeStep,numberOfRobotsOnBlackSite,numberOfRobotsOnWhiteSite
13951,20,23
timeStep,numberOfRobotsOnBlackSite,numberOfRobotsOnWhiteSite
13952,20,23
timeStep,numberOfRobotsOnBlackSite,numberOfRobotsOnWhiteSite
13953,20,23
timeStep,numberOfRobotsOnBlackSite,numberOfRobotsOnWhiteSite
13954,20,23
timeStep,numberOfRobotsOnBlackSite,numberOfRobotsOnWhiteSite
13955,20,23
timeStep,numberOfRobotsOnBlackSite,numberOfRobotsOnWhiteSite
13956,20,23
timeStep,numberOfRobotsOnBlackSite,numberOfRobotsOnWhiteSite
13957,20,23
timeStep,numberOfRobotsOnBlackSite,numberOfRobotsOnWhiteSite
13958,20,23
timeStep,numberOfRobotsOnBlackSite,numberOfRobotsOnWhiteSite
13959,20,23
timeStep,numberOfRobotsOnBlackSite,numberOfRobotsOnWhiteSite
13960,20,23
timeStep,numberOfRobotsOnBlackSite,numberOfRobotsOnWhiteSite
13961,20,23
timeStep,numberOfRobotsOnBlackSite,numberOfRobotsOnWhiteSite
13962,20,23
timeStep,numberOfRobotsOnBlackSite,numberOfRobotsOnWhiteSite
13963,20,23
timeStep,numberOfRobotsOnBlackSite,numberOfRobotsOnWhiteSite
13964,20,23
timeStep,numberOfRobotsOnBlackSite,numberOfRobotsOnWhiteSite
13965,20,23
timeStep,numberOfRobotsOnBlackSite,numberOfRobotsOnWhiteSite
13966,20,23
timeStep,numberOfRobotsOnBlackSite,numberOfRobotsOnWhiteSite
13967,20,23
timeStep,numberOfRobotsOnBlackSite,numberOfRobotsOnWhiteSite
13968,20,23
timeStep,numberOfRobotsOnBlackSite,numberOfRobotsOnWhiteSite
13969,20,23
timeStep,numberOfRobotsOnBlackSite,numberOfRobotsOnWhiteSite
13970,20,23
timeStep,numberOfRobotsOnBlackSite,numberOfRobotsOnWhiteSite
13971,20,23
timeStep,numberOfRobotsOnBlackSite,numberOfRobotsOnWhiteSite
13972,20,23
timeStep,numberOfRobotsOnBlackSite,numberOfRobotsOnWhiteSite
13973,20,23
timeStep,numberOfRobotsOnBlackSite,numberOfRobotsOnWhiteSite
13974,20,23
timeStep,numberOfRobotsOnBlackSite,numberOfRobotsOnWhiteSite
13975,20,23
timeStep,numberOfRobotsOnBlackSite,numberOfRobotsOnWhiteSite
13976,20,23
timeStep,numberOfRobotsOnBlackSite,numberOfRobotsOnWhiteSite
13977,20,23
timeStep,numberOfRobotsOnBlackSite,numberOfRobotsOnWhiteSite
13978,20,23
timeStep,numberOfRobotsOnBlackSite,numberOfRobotsOnWhiteSite
13979,20,23
timeStep,numberOfRobotsOnBlackSite,numberOfRobotsOnWhiteSite
13980,20,23
timeStep,numberOfRobotsOnBlackSite,numberOfRobotsOnWhiteSite
13981,20,23
timeStep,numberOfRobotsOnBlackSite,numberOfRobotsOnWhiteSite
13982,20,23
timeStep,numberOfRobotsOnBlackSite,numberOfRobotsOnWhiteSite
13983,20,23
timeStep,numberOfRobotsOnBlackSite,numberOfRobotsOnWhiteSite
13984,20,23
timeStep,numberOfRobotsOnBlackSite,numberOfRobotsOnWhiteSite
13985,20,23
timeStep,numberOfRobotsOnBlackSite,numberOfRobotsOnWhiteSite
13986,20,23
timeStep,numberOfRobotsOnBlackSite,numberOfRobotsOnWhiteSite
13987,20,23
timeStep,numberOfRobotsOnBlackSite,numberOfRobotsOnWhiteSite
13988,20,23
timeStep,numberOfRobotsOnBlackSite,numberOfRobotsOnWhiteSite
13989,20,23
timeStep,numberOfRobotsOnBlackSite,numberOfRobotsOnWhiteSite
13990,20,23
timeStep,numberOfRobotsOnBlackSite,numberOfRobotsOnWhiteSite
13991,20,23
timeStep,numberOfRobotsOnBlackSite,numberOfRobotsOnWhiteSite
13992,20,23
timeStep,numberOfRobotsOnBlackSite,numberOfRobotsOnWhiteSite
13993,20,23
timeStep,numberOfRobotsOnBlackSite,numberOfRobotsOnWhiteSite
13994,20,23
timeStep,numberOfRobotsOnBlackSite,numberOfRobotsOnWhiteSite
13995,20,23
timeStep,numberOfRobotsOnBlackSite,numberOfRobotsOnWhiteSite
13996,20,23
timeStep,numberOfRobotsOnBlackSite,numberOfRobotsOnWhiteSite
13997,20,23
timeStep,numberOfRobotsOnBlackSite,numberOfRobotsOnWhiteSite
13998,20,23
timeStep,numberOfRobotsOnBlackSite,numberOfRobotsOnWhiteSite
13999,20,23
timeStep,numberOfRobotsOnBlackSite,numberOfRobotsOnWhiteSite
14000,20,23
timeStep,numberOfRobotsOnBlackSite,numberOfRobotsOnWhiteSite
14001,20,23
timeStep,numberOfRobotsOnBlackSite,numberOfRobotsOnWhiteSite
14002,20,23
timeStep,numberOfRobotsOnBlackSite,numberOfRobotsOnWhiteSite
14003,20,23
timeStep,numberOfRobotsOnBlackSite,numberOfRobotsOnWhiteSite
14004,20,23
timeStep,numberOfRobotsOnBlackSite,numberOfRobotsOnWhiteSite
14005,20,23
timeStep,numberOfRobotsOnBlackSite,numberOfRobotsOnWhiteSite
14006,20,23
timeStep,numberOfRobotsOnBlackSite,numberOfRobotsOnWhiteSite
14007,20,23
timeStep,numberOfRobotsOnBlackSite,numberOfRobotsOnWhiteSite
14008,20,23
timeStep,numberOfRobotsOnBlackSite,numberOfRobotsOnWhiteSite
14009,20,23
timeStep,numberOfRobotsOnBlackSite,numberOfRobotsOnWhiteSite
14010,20,23
timeStep,numberOfRobotsOnBlackSite,numberOfRobotsOnWhiteSite
14011,20,23
timeStep,numberOfRobotsOnBlackSite,numberOfRobotsOnWhiteSite
14012,20,23
timeStep,numberOfRobotsOnBlackSite,numberOfRobotsOnWhiteSite
14013,20,23
timeStep,numberOfRobotsOnBlackSite,numberOfRobotsOnWhiteSite
14014,20,23
timeStep,numberOfRobotsOnBlackSite,numberOfRobotsOnWhiteSite
14015,20,23
timeStep,numberOfRobotsOnBlackSite,numberOfRobotsOnWhiteSite
14016,20,23
timeStep,numberOfRobotsOnBlackSite,numberOfRobotsOnWhiteSite
14017,20,23
timeStep,numberOfRobotsOnBlackSite,numberOfRobotsOnWhiteSite
14018,20,23
timeStep,numberOfRobotsOnBlackSite,numberOfRobotsOnWhiteSite
14019,20,23
timeStep,numberOfRobotsOnBlackSite,numberOfRobotsOnWhiteSite
14020,20,23
timeStep,numberOfRobotsOnBlackSite,numberOfRobotsOnWhiteSite
14021,20,23
timeStep,numberOfRobotsOnBlackSite,numberOfRobotsOnWhiteSite
14022,20,23
timeStep,numberOfRobotsOnBlackSite,numberOfRobotsOnWhiteSite
14023,20,23
timeStep,numberOfRobotsOnBlackSite,numberOfRobotsOnWhiteSite
14024,20,23
timeStep,numberOfRobotsOnBlackSite,numberOfRobotsOnWhiteSite
14025,20,23
timeStep,numberOfRobotsOnBlackSite,numberOfRobotsOnWhiteSite
14026,20,23
timeStep,numberOfRobotsOnBlackSite,numberOfRobotsOnWhiteSite
14027,20,23
timeStep,numberOfRobotsOnBlackSite,numberOfRobotsOnWhiteSite
14028,20,23
timeStep,numberOfRobotsOnBlackSite,numberOfRobotsOnWhiteSite
14029,20,23
timeStep,numberOfRobotsOnBlackSite,numberOfRobotsOnWhiteSite
14030,20,23
timeStep,numberOfRobotsOnBlackSite,numberOfRobotsOnWhiteSite
14031,20,23
timeStep,numberOfRobotsOnBlackSite,numberOfRobotsOnWhiteSite
14032,20,23
timeStep,numberOfRobotsOnBlackSite,numberOfRobotsOnWhiteSite
14033,20,23
timeStep,numberOfRobotsOnBlackSite,numberOfRobotsOnWhiteSite
14034,20,23
timeStep,numberOfRobotsOnBlackSite,numberOfRobotsOnWhiteSite
14035,20,23
timeStep,numberOfRobotsOnBlackSite,numberOfRobotsOnWhiteSite
14036,20,23
timeStep,numberOfRobotsOnBlackSite,numberOfRobotsOnWhiteSite
14037,20,23
timeStep,numberOfRobotsOnBlackSite,numberOfRobotsOnWhiteSite
14038,20,23
timeStep,numberOfRobotsOnBlackSite,numberOfRobotsOnWhiteSite
14039,20,23
timeStep,numberOfRobotsOnBlackSite,numberOfRobotsOnWhiteSite
14040,20,23
timeStep,numberOfRobotsOnBlackSite,numberOfRobotsOnWhiteSite
14041,20,23
timeStep,numberOfRobotsOnBlackSite,numberOfRobotsOnWhiteSite
14042,20,23
timeStep,numberOfRobotsOnBlackSite,numberOfRobotsOnWhiteSite
14043,20,23
timeStep,numberOfRobotsOnBlackSite,numberOfRobotsOnWhiteSite
14044,20,23
timeStep,numberOfRobotsOnBlackSite,numberOfRobotsOnWhiteSite
14045,20,23
timeStep,numberOfRobotsOnBlackSite,numberOfRobotsOnWhiteSite
14046,20,23
timeStep,numberOfRobotsOnBlackSite,numberOfRobotsOnWhiteSite
14047,20,23
timeStep,numberOfRobotsOnBlackSite,numberOfRobotsOnWhiteSite
14048,20,23
timeStep,numberOfRobotsOnBlackSite,numberOfRobotsOnWhiteSite
14049,20,23
timeStep,numberOfRobotsOnBlackSite,numberOfRobotsOnWhiteSite
14050,20,23
timeStep,numberOfRobotsOnBlackSite,numberOfRobotsOnWhiteSite
14051,20,23
timeStep,numberOfRobotsOnBlackSite,numberOfRobotsOnWhiteSite
14052,20,23
timeStep,numberOfRobotsOnBlackSite,numberOfRobotsOnWhiteSite
14053,20,23
timeStep,numberOfRobotsOnBlackSite,numberOfRobotsOnWhiteSite
14054,20,23
timeStep,numberOfRobotsOnBlackSite,numberOfRobotsOnWhiteSite
14055,20,23
timeStep,numberOfRobotsOnBlackSite,numberOfRobotsOnWhiteSite
14056,20,23
timeStep,numberOfRobotsOnBlackSite,numberOfRobotsOnWhiteSite
14057,20,23
timeStep,numberOfRobotsOnBlackSite,numberOfRobotsOnWhiteSite
14058,20,23
timeStep,numberOfRobotsOnBlackSite,numberOfRobotsOnWhiteSite
14059,20,23
timeStep,numberOfRobotsOnBlackSite,numberOfRobotsOnWhiteSite
14060,20,23
timeStep,numberOfRobotsOnBlackSite,numberOfRobotsOnWhiteSite
14061,20,23
timeStep,numberOfRobotsOnBlackSite,numberOfRobotsOnWhiteSite
14062,20,23
timeStep,numberOfRobotsOnBlackSite,numberOfRobotsOnWhiteSite
14063,20,23
timeStep,numberOfRobotsOnBlackSite,numberOfRobotsOnWhiteSite
14064,20,23
timeStep,numberOfRobotsOnBlackSite,numberOfRobotsOnWhiteSite
14065,20,23
timeStep,numberOfRobotsOnBlackSite,numberOfRobotsOnWhiteSite
14066,20,23
timeStep,numberOfRobotsOnBlackSite,numberOfRobotsOnWhiteSite
14067,20,23
timeStep,numberOfRobotsOnBlackSite,numberOfRobotsOnWhiteSite
14068,20,23
timeStep,numberOfRobotsOnBlackSite,numberOfRobotsOnWhiteSite
14069,20,23
timeStep,numberOfRobotsOnBlackSite,numberOfRobotsOnWhiteSite
14070,20,23
timeStep,numberOfRobotsOnBlackSite,numberOfRobotsOnWhiteSite
14071,20,23
timeStep,numberOfRobotsOnBlackSite,numberOfRobotsOnWhiteSite
14072,20,23
timeStep,numberOfRobotsOnBlackSite,numberOfRobotsOnWhiteSite
14073,20,23
timeStep,numberOfRobotsOnBlackSite,numberOfRobotsOnWhiteSite
14074,20,23
timeStep,numberOfRobotsOnBlackSite,numberOfRobotsOnWhiteSite
14075,20,23
timeStep,numberOfRobotsOnBlackSite,numberOfRobotsOnWhiteSite
14076,20,23
timeStep,numberOfRobotsOnBlackSite,numberOfRobotsOnWhiteSite
14077,20,23
timeStep,numberOfRobotsOnBlackSite,numberOfRobotsOnWhiteSite
14078,20,23
timeStep,numberOfRobotsOnBlackSite,numberOfRobotsOnWhiteSite
14079,20,23
timeStep,numberOfRobotsOnBlackSite,numberOfRobotsOnWhiteSite
14080,20,23
timeStep,numberOfRobotsOnBlackSite,numberOfRobotsOnWhiteSite
14081,20,23
timeStep,numberOfRobotsOnBlackSite,numberOfRobotsOnWhiteSite
14082,20,23
timeStep,numberOfRobotsOnBlackSite,numberOfRobotsOnWhiteSite
14083,20,23
timeStep,numberOfRobotsOnBlackSite,numberOfRobotsOnWhiteSite
14084,20,23
timeStep,numberOfRobotsOnBlackSite,numberOfRobotsOnWhiteSite
14085,20,23
timeStep,numberOfRobotsOnBlackSite,numberOfRobotsOnWhiteSite
14086,20,23
timeStep,numberOfRobotsOnBlackSite,numberOfRobotsOnWhiteSite
14087,20,23
timeStep,numberOfRobotsOnBlackSite,numberOfRobotsOnWhiteSite
14088,20,23
timeStep,numberOfRobotsOnBlackSite,numberOfRobotsOnWhiteSite
14089,20,23
timeStep,numberOfRobotsOnBlackSite,numberOfRobotsOnWhiteSite
14090,20,23
timeStep,numberOfRobotsOnBlackSite,numberOfRobotsOnWhiteSite
14091,20,23
timeStep,numberOfRobotsOnBlackSite,numberOfRobotsOnWhiteSite
14092,20,23
timeStep,numberOfRobotsOnBlackSite,numberOfRobotsOnWhiteSite
14093,20,23
timeStep,numberOfRobotsOnBlackSite,numberOfRobotsOnWhiteSite
14094,20,23
timeStep,numberOfRobotsOnBlackSite,numberOfRobotsOnWhiteSite
14095,20,23
timeStep,numberOfRobotsOnBlackSite,numberOfRobotsOnWhiteSite
14096,20,23
timeStep,numberOfRobotsOnBlackSite,numberOfRobotsOnWhiteSite
14097,20,23
timeStep,numberOfRobotsOnBlackSite,numberOfRobotsOnWhiteSite
14098,20,23
timeStep,numberOfRobotsOnBlackSite,numberOfRobotsOnWhiteSite
14099,20,23
timeStep,numberOfRobotsOnBlackSite,numberOfRobotsOnWhiteSite
14100,20,23
timeStep,numberOfRobotsOnBlackSite,numberOfRobotsOnWhiteSite
14101,20,23
timeStep,numberOfRobotsOnBlackSite,numberOfRobotsOnWhiteSite
14102,20,23
timeStep,numberOfRobotsOnBlackSite,numberOfRobotsOnWhiteSite
14103,20,23
timeStep,numberOfRobotsOnBlackSite,numberOfRobotsOnWhiteSite
14104,20,23
timeStep,numberOfRobotsOnBlackSite,numberOfRobotsOnWhiteSite
14105,20,23
timeStep,numberOfRobotsOnBlackSite,numberOfRobotsOnWhiteSite
14106,20,23
timeStep,numberOfRobotsOnBlackSite,numberOfRobotsOnWhiteSite
14107,20,23
timeStep,numberOfRobotsOnBlackSite,numberOfRobotsOnWhiteSite
14108,20,23
timeStep,numberOfRobotsOnBlackSite,numberOfRobotsOnWhiteSite
14109,20,23
timeStep,numberOfRobotsOnBlackSite,numberOfRobotsOnWhiteSite
14110,20,23
timeStep,numberOfRobotsOnBlackSite,numberOfRobotsOnWhiteSite
14111,20,23
timeStep,numberOfRobotsOnBlackSite,numberOfRobotsOnWhiteSite
14112,20,23
timeStep,numberOfRobotsOnBlackSite,numberOfRobotsOnWhiteSite
14113,20,23
timeStep,numberOfRobotsOnBlackSite,numberOfRobotsOnWhiteSite
14114,20,23
timeStep,numberOfRobotsOnBlackSite,numberOfRobotsOnWhiteSite
14115,20,23
timeStep,numberOfRobotsOnBlackSite,numberOfRobotsOnWhiteSite
14116,20,23
timeStep,numberOfRobotsOnBlackSite,numberOfRobotsOnWhiteSite
14117,20,23
timeStep,numberOfRobotsOnBlackSite,numberOfRobotsOnWhiteSite
14118,20,23
timeStep,numberOfRobotsOnBlackSite,numberOfRobotsOnWhiteSite
14119,20,23
timeStep,numberOfRobotsOnBlackSite,numberOfRobotsOnWhiteSite
14120,20,23
timeStep,numberOfRobotsOnBlackSite,numberOfRobotsOnWhiteSite
14121,20,23
timeStep,numberOfRobotsOnBlackSite,numberOfRobotsOnWhiteSite
14122,20,23
timeStep,numberOfRobotsOnBlackSite,numberOfRobotsOnWhiteSite
14123,20,23
timeStep,numberOfRobotsOnBlackSite,numberOfRobotsOnWhiteSite
14124,20,23
timeStep,numberOfRobotsOnBlackSite,numberOfRobotsOnWhiteSite
14125,20,23
timeStep,numberOfRobotsOnBlackSite,numberOfRobotsOnWhiteSite
14126,20,23
timeStep,numberOfRobotsOnBlackSite,numberOfRobotsOnWhiteSite
14127,20,23
timeStep,numberOfRobotsOnBlackSite,numberOfRobotsOnWhiteSite
14128,20,23
timeStep,numberOfRobotsOnBlackSite,numberOfRobotsOnWhiteSite
14129,20,23
timeStep,numberOfRobotsOnBlackSite,numberOfRobotsOnWhiteSite
14130,20,23
timeStep,numberOfRobotsOnBlackSite,numberOfRobotsOnWhiteSite
14131,20,23
timeStep,numberOfRobotsOnBlackSite,numberOfRobotsOnWhiteSite
14132,20,23
timeStep,numberOfRobotsOnBlackSite,numberOfRobotsOnWhiteSite
14133,20,23
timeStep,numberOfRobotsOnBlackSite,numberOfRobotsOnWhiteSite
14134,20,23
timeStep,numberOfRobotsOnBlackSite,numberOfRobotsOnWhiteSite
14135,20,23
timeStep,numberOfRobotsOnBlackSite,numberOfRobotsOnWhiteSite
14136,20,23
timeStep,numberOfRobotsOnBlackSite,numberOfRobotsOnWhiteSite
14137,20,23
timeStep,numberOfRobotsOnBlackSite,numberOfRobotsOnWhiteSite
14138,20,23
timeStep,numberOfRobotsOnBlackSite,numberOfRobotsOnWhiteSite
14139,20,23
timeStep,numberOfRobotsOnBlackSite,numberOfRobotsOnWhiteSite
14140,20,23
timeStep,numberOfRobotsOnBlackSite,numberOfRobotsOnWhiteSite
14141,20,23
timeStep,numberOfRobotsOnBlackSite,numberOfRobotsOnWhiteSite
14142,20,23
timeStep,numberOfRobotsOnBlackSite,numberOfRobotsOnWhiteSite
14143,20,23
timeStep,numberOfRobotsOnBlackSite,numberOfRobotsOnWhiteSite
14144,20,23
timeStep,numberOfRobotsOnBlackSite,numberOfRobotsOnWhiteSite
14145,20,23
timeStep,numberOfRobotsOnBlackSite,numberOfRobotsOnWhiteSite
14146,20,23
timeStep,numberOfRobotsOnBlackSite,numberOfRobotsOnWhiteSite
14147,20,23
timeStep,numberOfRobotsOnBlackSite,numberOfRobotsOnWhiteSite
14148,20,23
timeStep,numberOfRobotsOnBlackSite,numberOfRobotsOnWhiteSite
14149,20,23
timeStep,numberOfRobotsOnBlackSite,numberOfRobotsOnWhiteSite
14150,20,23
timeStep,numberOfRobotsOnBlackSite,numberOfRobotsOnWhiteSite
14151,20,23
timeStep,numberOfRobotsOnBlackSite,numberOfRobotsOnWhiteSite
14152,20,23
timeStep,numberOfRobotsOnBlackSite,numberOfRobotsOnWhiteSite
14153,20,23
timeStep,numberOfRobotsOnBlackSite,numberOfRobotsOnWhiteSite
14154,20,23
timeStep,numberOfRobotsOnBlackSite,numberOfRobotsOnWhiteSite
14155,20,23
timeStep,numberOfRobotsOnBlackSite,numberOfRobotsOnWhiteSite
14156,20,23
timeStep,numberOfRobotsOnBlackSite,numberOfRobotsOnWhiteSite
14157,20,23
timeStep,numberOfRobotsOnBlackSite,numberOfRobotsOnWhiteSite
14158,20,23
timeStep,numberOfRobotsOnBlackSite,numberOfRobotsOnWhiteSite
14159,20,23
timeStep,numberOfRobotsOnBlackSite,numberOfRobotsOnWhiteSite
14160,20,23
timeStep,numberOfRobotsOnBlackSite,numberOfRobotsOnWhiteSite
14161,20,23
timeStep,numberOfRobotsOnBlackSite,numberOfRobotsOnWhiteSite
14162,20,23
timeStep,numberOfRobotsOnBlackSite,numberOfRobotsOnWhiteSite
14163,20,23
timeStep,numberOfRobotsOnBlackSite,numberOfRobotsOnWhiteSite
14164,20,23
timeStep,numberOfRobotsOnBlackSite,numberOfRobotsOnWhiteSite
14165,20,23
timeStep,numberOfRobotsOnBlackSite,numberOfRobotsOnWhiteSite
14166,20,23
timeStep,numberOfRobotsOnBlackSite,numberOfRobotsOnWhiteSite
14167,20,23
timeStep,numberOfRobotsOnBlackSite,numberOfRobotsOnWhiteSite
14168,20,23
timeStep,numberOfRobotsOnBlackSite,numberOfRobotsOnWhiteSite
14169,20,23
timeStep,numberOfRobotsOnBlackSite,numberOfRobotsOnWhiteSite
14170,20,23
timeStep,numberOfRobotsOnBlackSite,numberOfRobotsOnWhiteSite
14171,20,23
timeStep,numberOfRobotsOnBlackSite,numberOfRobotsOnWhiteSite
14172,20,23
timeStep,numberOfRobotsOnBlackSite,numberOfRobotsOnWhiteSite
14173,20,23
timeStep,numberOfRobotsOnBlackSite,numberOfRobotsOnWhiteSite
14174,20,23
timeStep,numberOfRobotsOnBlackSite,numberOfRobotsOnWhiteSite
14175,20,23
timeStep,numberOfRobotsOnBlackSite,numberOfRobotsOnWhiteSite
14176,20,23
timeStep,numberOfRobotsOnBlackSite,numberOfRobotsOnWhiteSite
14177,20,23
timeStep,numberOfRobotsOnBlackSite,numberOfRobotsOnWhiteSite
14178,20,23
timeStep,numberOfRobotsOnBlackSite,numberOfRobotsOnWhiteSite
14179,20,23
timeStep,numberOfRobotsOnBlackSite,numberOfRobotsOnWhiteSite
14180,20,23
timeStep,numberOfRobotsOnBlackSite,numberOfRobotsOnWhiteSite
14181,20,23
timeStep,numberOfRobotsOnBlackSite,numberOfRobotsOnWhiteSite
14182,20,23
timeStep,numberOfRobotsOnBlackSite,numberOfRobotsOnWhiteSite
14183,20,23
timeStep,numberOfRobotsOnBlackSite,numberOfRobotsOnWhiteSite
14184,20,23
timeStep,numberOfRobotsOnBlackSite,numberOfRobotsOnWhiteSite
14185,20,23
timeStep,numberOfRobotsOnBlackSite,numberOfRobotsOnWhiteSite
14186,20,23
timeStep,numberOfRobotsOnBlackSite,numberOfRobotsOnWhiteSite
14187,20,23
timeStep,numberOfRobotsOnBlackSite,numberOfRobotsOnWhiteSite
14188,20,23
timeStep,numberOfRobotsOnBlackSite,numberOfRobotsOnWhiteSite
14189,20,23
timeStep,numberOfRobotsOnBlackSite,numberOfRobotsOnWhiteSite
14190,20,23
timeStep,numberOfRobotsOnBlackSite,numberOfRobotsOnWhiteSite
14191,20,23
timeStep,numberOfRobotsOnBlackSite,numberOfRobotsOnWhiteSite
14192,20,23
timeStep,numberOfRobotsOnBlackSite,numberOfRobotsOnWhiteSite
14193,20,23
timeStep,numberOfRobotsOnBlackSite,numberOfRobotsOnWhiteSite
14194,20,23
timeStep,numberOfRobotsOnBlackSite,numberOfRobotsOnWhiteSite
14195,20,23
timeStep,numberOfRobotsOnBlackSite,numberOfRobotsOnWhiteSite
14196,20,23
timeStep,numberOfRobotsOnBlackSite,numberOfRobotsOnWhiteSite
14197,20,23
timeStep,numberOfRobotsOnBlackSite,numberOfRobotsOnWhiteSite
14198,20,23
timeStep,numberOfRobotsOnBlackSite,numberOfRobotsOnWhiteSite
14199,20,23
timeStep,numberOfRobotsOnBlackSite,numberOfRobotsOnWhiteSite
14200,20,23
timeStep,numberOfRobotsOnBlackSite,numberOfRobotsOnWhiteSite
14201,20,23
timeStep,numberOfRobotsOnBlackSite,numberOfRobotsOnWhiteSite
14202,20,23
timeStep,numberOfRobotsOnBlackSite,numberOfRobotsOnWhiteSite
14203,20,23
timeStep,numberOfRobotsOnBlackSite,numberOfRobotsOnWhiteSite
14204,20,23
timeStep,numberOfRobotsOnBlackSite,numberOfRobotsOnWhiteSite
14205,20,23
timeStep,numberOfRobotsOnBlackSite,numberOfRobotsOnWhiteSite
14206,20,23
timeStep,numberOfRobotsOnBlackSite,numberOfRobotsOnWhiteSite
14207,20,23
timeStep,numberOfRobotsOnBlackSite,numberOfRobotsOnWhiteSite
14208,20,23
timeStep,numberOfRobotsOnBlackSite,numberOfRobotsOnWhiteSite
14209,20,23
timeStep,numberOfRobotsOnBlackSite,numberOfRobotsOnWhiteSite
14210,20,23
timeStep,numberOfRobotsOnBlackSite,numberOfRobotsOnWhiteSite
14211,20,23
timeStep,numberOfRobotsOnBlackSite,numberOfRobotsOnWhiteSite
14212,20,23
timeStep,numberOfRobotsOnBlackSite,numberOfRobotsOnWhiteSite
14213,20,23
timeStep,numberOfRobotsOnBlackSite,numberOfRobotsOnWhiteSite
14214,20,23
timeStep,numberOfRobotsOnBlackSite,numberOfRobotsOnWhiteSite
14215,20,23
timeStep,numberOfRobotsOnBlackSite,numberOfRobotsOnWhiteSite
14216,20,23
timeStep,numberOfRobotsOnBlackSite,numberOfRobotsOnWhiteSite
14217,20,23
timeStep,numberOfRobotsOnBlackSite,numberOfRobotsOnWhiteSite
14218,20,23
timeStep,numberOfRobotsOnBlackSite,numberOfRobotsOnWhiteSite
14219,20,23
timeStep,numberOfRobotsOnBlackSite,numberOfRobotsOnWhiteSite
14220,20,23
timeStep,numberOfRobotsOnBlackSite,numberOfRobotsOnWhiteSite
14221,20,23
timeStep,numberOfRobotsOnBlackSite,numberOfRobotsOnWhiteSite
14222,20,23
timeStep,numberOfRobotsOnBlackSite,numberOfRobotsOnWhiteSite
14223,20,23
timeStep,numberOfRobotsOnBlackSite,numberOfRobotsOnWhiteSite
14224,20,23
timeStep,numberOfRobotsOnBlackSite,numberOfRobotsOnWhiteSite
14225,20,23
timeStep,numberOfRobotsOnBlackSite,numberOfRobotsOnWhiteSite
14226,20,23
timeStep,numberOfRobotsOnBlackSite,numberOfRobotsOnWhiteSite
14227,20,23
timeStep,numberOfRobotsOnBlackSite,numberOfRobotsOnWhiteSite
14228,20,23
timeStep,numberOfRobotsOnBlackSite,numberOfRobotsOnWhiteSite
14229,20,23
timeStep,numberOfRobotsOnBlackSite,numberOfRobotsOnWhiteSite
14230,20,23
timeStep,numberOfRobotsOnBlackSite,numberOfRobotsOnWhiteSite
14231,20,23
timeStep,numberOfRobotsOnBlackSite,numberOfRobotsOnWhiteSite
14232,20,23
timeStep,numberOfRobotsOnBlackSite,numberOfRobotsOnWhiteSite
14233,20,23
timeStep,numberOfRobotsOnBlackSite,numberOfRobotsOnWhiteSite
14234,20,23
timeStep,numberOfRobotsOnBlackSite,numberOfRobotsOnWhiteSite
14235,20,23
timeStep,numberOfRobotsOnBlackSite,numberOfRobotsOnWhiteSite
14236,20,23
timeStep,numberOfRobotsOnBlackSite,numberOfRobotsOnWhiteSite
14237,20,23
timeStep,numberOfRobotsOnBlackSite,numberOfRobotsOnWhiteSite
14238,20,23
timeStep,numberOfRobotsOnBlackSite,numberOfRobotsOnWhiteSite
14239,20,23
timeStep,numberOfRobotsOnBlackSite,numberOfRobotsOnWhiteSite
14240,20,23
timeStep,numberOfRobotsOnBlackSite,numberOfRobotsOnWhiteSite
14241,20,23
timeStep,numberOfRobotsOnBlackSite,numberOfRobotsOnWhiteSite
14242,20,23
timeStep,numberOfRobotsOnBlackSite,numberOfRobotsOnWhiteSite
14243,20,23
timeStep,numberOfRobotsOnBlackSite,numberOfRobotsOnWhiteSite
14244,20,23
timeStep,numberOfRobotsOnBlackSite,numberOfRobotsOnWhiteSite
14245,20,23
timeStep,numberOfRobotsOnBlackSite,numberOfRobotsOnWhiteSite
14246,20,23
timeStep,numberOfRobotsOnBlackSite,numberOfRobotsOnWhiteSite
14247,20,23
timeStep,numberOfRobotsOnBlackSite,numberOfRobotsOnWhiteSite
14248,20,23
timeStep,numberOfRobotsOnBlackSite,numberOfRobotsOnWhiteSite
14249,20,23
timeStep,numberOfRobotsOnBlackSite,numberOfRobotsOnWhiteSite
14250,20,23
timeStep,numberOfRobotsOnBlackSite,numberOfRobotsOnWhiteSite
14251,20,23
timeStep,numberOfRobotsOnBlackSite,numberOfRobotsOnWhiteSite
14252,20,23
timeStep,numberOfRobotsOnBlackSite,numberOfRobotsOnWhiteSite
14253,20,23
timeStep,numberOfRobotsOnBlackSite,numberOfRobotsOnWhiteSite
14254,20,23
timeStep,numberOfRobotsOnBlackSite,numberOfRobotsOnWhiteSite
14255,20,23
timeStep,numberOfRobotsOnBlackSite,numberOfRobotsOnWhiteSite
14256,20,23
timeStep,numberOfRobotsOnBlackSite,numberOfRobotsOnWhiteSite
14257,20,23
timeStep,numberOfRobotsOnBlackSite,numberOfRobotsOnWhiteSite
14258,20,23
timeStep,numberOfRobotsOnBlackSite,numberOfRobotsOnWhiteSite
14259,20,23
timeStep,numberOfRobotsOnBlackSite,numberOfRobotsOnWhiteSite
14260,20,23
timeStep,numberOfRobotsOnBlackSite,numberOfRobotsOnWhiteSite
14261,20,23
timeStep,numberOfRobotsOnBlackSite,numberOfRobotsOnWhiteSite
14262,20,23
timeStep,numberOfRobotsOnBlackSite,numberOfRobotsOnWhiteSite
14263,20,23
timeStep,numberOfRobotsOnBlackSite,numberOfRobotsOnWhiteSite
14264,20,23
timeStep,numberOfRobotsOnBlackSite,numberOfRobotsOnWhiteSite
14265,20,23
timeStep,numberOfRobotsOnBlackSite,numberOfRobotsOnWhiteSite
14266,20,23
timeStep,numberOfRobotsOnBlackSite,numberOfRobotsOnWhiteSite
14267,20,23
timeStep,numberOfRobotsOnBlackSite,numberOfRobotsOnWhiteSite
14268,20,23
timeStep,numberOfRobotsOnBlackSite,numberOfRobotsOnWhiteSite
14269,20,23
timeStep,numberOfRobotsOnBlackSite,numberOfRobotsOnWhiteSite
14270,20,23
timeStep,numberOfRobotsOnBlackSite,numberOfRobotsOnWhiteSite
14271,20,23
timeStep,numberOfRobotsOnBlackSite,numberOfRobotsOnWhiteSite
14272,20,23
timeStep,numberOfRobotsOnBlackSite,numberOfRobotsOnWhiteSite
14273,20,23
timeStep,numberOfRobotsOnBlackSite,numberOfRobotsOnWhiteSite
14274,20,23
timeStep,numberOfRobotsOnBlackSite,numberOfRobotsOnWhiteSite
14275,20,23
timeStep,numberOfRobotsOnBlackSite,numberOfRobotsOnWhiteSite
14276,20,23
timeStep,numberOfRobotsOnBlackSite,numberOfRobotsOnWhiteSite
14277,20,23
timeStep,numberOfRobotsOnBlackSite,numberOfRobotsOnWhiteSite
14278,20,23
timeStep,numberOfRobotsOnBlackSite,numberOfRobotsOnWhiteSite
14279,20,23
timeStep,numberOfRobotsOnBlackSite,numberOfRobotsOnWhiteSite
14280,20,23
timeStep,numberOfRobotsOnBlackSite,numberOfRobotsOnWhiteSite
14281,20,23
timeStep,numberOfRobotsOnBlackSite,numberOfRobotsOnWhiteSite
14282,20,23
timeStep,numberOfRobotsOnBlackSite,numberOfRobotsOnWhiteSite
14283,20,23
timeStep,numberOfRobotsOnBlackSite,numberOfRobotsOnWhiteSite
14284,20,23
timeStep,numberOfRobotsOnBlackSite,numberOfRobotsOnWhiteSite
14285,20,23
timeStep,numberOfRobotsOnBlackSite,numberOfRobotsOnWhiteSite
14286,20,23
timeStep,numberOfRobotsOnBlackSite,numberOfRobotsOnWhiteSite
14287,20,23
timeStep,numberOfRobotsOnBlackSite,numberOfRobotsOnWhiteSite
14288,20,23
timeStep,numberOfRobotsOnBlackSite,numberOfRobotsOnWhiteSite
14289,20,23
timeStep,numberOfRobotsOnBlackSite,numberOfRobotsOnWhiteSite
14290,20,23
timeStep,numberOfRobotsOnBlackSite,numberOfRobotsOnWhiteSite
14291,20,23
timeStep,numberOfRobotsOnBlackSite,numberOfRobotsOnWhiteSite
14292,20,23
timeStep,numberOfRobotsOnBlackSite,numberOfRobotsOnWhiteSite
14293,20,23
timeStep,numberOfRobotsOnBlackSite,numberOfRobotsOnWhiteSite
14294,20,23
timeStep,numberOfRobotsOnBlackSite,numberOfRobotsOnWhiteSite
14295,20,23
timeStep,numberOfRobotsOnBlackSite,numberOfRobotsOnWhiteSite
14296,20,23
timeStep,numberOfRobotsOnBlackSite,numberOfRobotsOnWhiteSite
14297,20,23
timeStep,numberOfRobotsOnBlackSite,numberOfRobotsOnWhiteSite
14298,20,23
timeStep,numberOfRobotsOnBlackSite,numberOfRobotsOnWhiteSite
14299,20,23
timeStep,numberOfRobotsOnBlackSite,numberOfRobotsOnWhiteSite
14300,20,23
timeStep,numberOfRobotsOnBlackSite,numberOfRobotsOnWhiteSite
14301,20,23
timeStep,numberOfRobotsOnBlackSite,numberOfRobotsOnWhiteSite
14302,20,23
timeStep,numberOfRobotsOnBlackSite,numberOfRobotsOnWhiteSite
14303,20,23
timeStep,numberOfRobotsOnBlackSite,numberOfRobotsOnWhiteSite
14304,20,23
timeStep,numberOfRobotsOnBlackSite,numberOfRobotsOnWhiteSite
14305,20,23
timeStep,numberOfRobotsOnBlackSite,numberOfRobotsOnWhiteSite
14306,20,23
timeStep,numberOfRobotsOnBlackSite,numberOfRobotsOnWhiteSite
14307,20,23
timeStep,numberOfRobotsOnBlackSite,numberOfRobotsOnWhiteSite
14308,20,23
timeStep,numberOfRobotsOnBlackSite,numberOfRobotsOnWhiteSite
14309,20,23
timeStep,numberOfRobotsOnBlackSite,numberOfRobotsOnWhiteSite
14310,20,23
timeStep,numberOfRobotsOnBlackSite,numberOfRobotsOnWhiteSite
14311,20,23
timeStep,numberOfRobotsOnBlackSite,numberOfRobotsOnWhiteSite
14312,20,23
timeStep,numberOfRobotsOnBlackSite,numberOfRobotsOnWhiteSite
14313,20,23
timeStep,numberOfRobotsOnBlackSite,numberOfRobotsOnWhiteSite
14314,20,23
timeStep,numberOfRobotsOnBlackSite,numberOfRobotsOnWhiteSite
14315,20,23
timeStep,numberOfRobotsOnBlackSite,numberOfRobotsOnWhiteSite
14316,20,23
timeStep,numberOfRobotsOnBlackSite,numberOfRobotsOnWhiteSite
14317,20,23
timeStep,numberOfRobotsOnBlackSite,numberOfRobotsOnWhiteSite
14318,20,23
timeStep,numberOfRobotsOnBlackSite,numberOfRobotsOnWhiteSite
14319,20,23
timeStep,numberOfRobotsOnBlackSite,numberOfRobotsOnWhiteSite
14320,20,23
timeStep,numberOfRobotsOnBlackSite,numberOfRobotsOnWhiteSite
14321,20,23
timeStep,numberOfRobotsOnBlackSite,numberOfRobotsOnWhiteSite
14322,20,23
timeStep,numberOfRobotsOnBlackSite,numberOfRobotsOnWhiteSite
14323,20,23
timeStep,numberOfRobotsOnBlackSite,numberOfRobotsOnWhiteSite
14324,20,23
timeStep,numberOfRobotsOnBlackSite,numberOfRobotsOnWhiteSite
14325,20,23
timeStep,numberOfRobotsOnBlackSite,numberOfRobotsOnWhiteSite
14326,20,23
timeStep,numberOfRobotsOnBlackSite,numberOfRobotsOnWhiteSite
14327,20,23
timeStep,numberOfRobotsOnBlackSite,numberOfRobotsOnWhiteSite
14328,20,23
timeStep,numberOfRobotsOnBlackSite,numberOfRobotsOnWhiteSite
14329,20,23
timeStep,numberOfRobotsOnBlackSite,numberOfRobotsOnWhiteSite
14330,20,23
timeStep,numberOfRobotsOnBlackSite,numberOfRobotsOnWhiteSite
14331,20,23
timeStep,numberOfRobotsOnBlackSite,numberOfRobotsOnWhiteSite
14332,20,23
timeStep,numberOfRobotsOnBlackSite,numberOfRobotsOnWhiteSite
14333,20,23
timeStep,numberOfRobotsOnBlackSite,numberOfRobotsOnWhiteSite
14334,20,23
timeStep,numberOfRobotsOnBlackSite,numberOfRobotsOnWhiteSite
14335,20,23
timeStep,numberOfRobotsOnBlackSite,numberOfRobotsOnWhiteSite
14336,20,23
timeStep,numberOfRobotsOnBlackSite,numberOfRobotsOnWhiteSite
14337,20,23
timeStep,numberOfRobotsOnBlackSite,numberOfRobotsOnWhiteSite
14338,20,23
timeStep,numberOfRobotsOnBlackSite,numberOfRobotsOnWhiteSite
14339,20,23
timeStep,numberOfRobotsOnBlackSite,numberOfRobotsOnWhiteSite
14340,20,23
timeStep,numberOfRobotsOnBlackSite,numberOfRobotsOnWhiteSite
14341,20,23
timeStep,numberOfRobotsOnBlackSite,numberOfRobotsOnWhiteSite
14342,20,23
timeStep,numberOfRobotsOnBlackSite,numberOfRobotsOnWhiteSite
14343,20,23
timeStep,numberOfRobotsOnBlackSite,numberOfRobotsOnWhiteSite
14344,20,23
timeStep,numberOfRobotsOnBlackSite,numberOfRobotsOnWhiteSite
14345,20,23
timeStep,numberOfRobotsOnBlackSite,numberOfRobotsOnWhiteSite
14346,20,23
timeStep,numberOfRobotsOnBlackSite,numberOfRobotsOnWhiteSite
14347,20,23
timeStep,numberOfRobotsOnBlackSite,numberOfRobotsOnWhiteSite
14348,20,23
timeStep,numberOfRobotsOnBlackSite,numberOfRobotsOnWhiteSite
14349,20,23
timeStep,numberOfRobotsOnBlackSite,numberOfRobotsOnWhiteSite
14350,20,23
timeStep,numberOfRobotsOnBlackSite,numberOfRobotsOnWhiteSite
14351,20,23
timeStep,numberOfRobotsOnBlackSite,numberOfRobotsOnWhiteSite
14352,20,23
timeStep,numberOfRobotsOnBlackSite,numberOfRobotsOnWhiteSite
14353,20,23
timeStep,numberOfRobotsOnBlackSite,numberOfRobotsOnWhiteSite
14354,20,23
timeStep,numberOfRobotsOnBlackSite,numberOfRobotsOnWhiteSite
14355,20,23
timeStep,numberOfRobotsOnBlackSite,numberOfRobotsOnWhiteSite
14356,20,23
timeStep,numberOfRobotsOnBlackSite,numberOfRobotsOnWhiteSite
14357,20,23
timeStep,numberOfRobotsOnBlackSite,numberOfRobotsOnWhiteSite
14358,20,23
timeStep,numberOfRobotsOnBlackSite,numberOfRobotsOnWhiteSite
14359,20,23
timeStep,numberOfRobotsOnBlackSite,numberOfRobotsOnWhiteSite
14360,20,23
timeStep,numberOfRobotsOnBlackSite,numberOfRobotsOnWhiteSite
14361,20,23
timeStep,numberOfRobotsOnBlackSite,numberOfRobotsOnWhiteSite
14362,20,23
timeStep,numberOfRobotsOnBlackSite,numberOfRobotsOnWhiteSite
14363,20,23
timeStep,numberOfRobotsOnBlackSite,numberOfRobotsOnWhiteSite
14364,20,23
timeStep,numberOfRobotsOnBlackSite,numberOfRobotsOnWhiteSite
14365,20,23
timeStep,numberOfRobotsOnBlackSite,numberOfRobotsOnWhiteSite
14366,20,23
timeStep,numberOfRobotsOnBlackSite,numberOfRobotsOnWhiteSite
14367,20,23
timeStep,numberOfRobotsOnBlackSite,numberOfRobotsOnWhiteSite
14368,20,23
timeStep,numberOfRobotsOnBlackSite,numberOfRobotsOnWhiteSite
14369,20,23
timeStep,numberOfRobotsOnBlackSite,numberOfRobotsOnWhiteSite
14370,20,23
timeStep,numberOfRobotsOnBlackSite,numberOfRobotsOnWhiteSite
14371,20,23
timeStep,numberOfRobotsOnBlackSite,numberOfRobotsOnWhiteSite
14372,20,23
timeStep,numberOfRobotsOnBlackSite,numberOfRobotsOnWhiteSite
14373,20,23
timeStep,numberOfRobotsOnBlackSite,numberOfRobotsOnWhiteSite
14374,20,23
timeStep,numberOfRobotsOnBlackSite,numberOfRobotsOnWhiteSite
14375,20,23
timeStep,numberOfRobotsOnBlackSite,numberOfRobotsOnWhiteSite
14376,20,23
timeStep,numberOfRobotsOnBlackSite,numberOfRobotsOnWhiteSite
14377,20,23
timeStep,numberOfRobotsOnBlackSite,numberOfRobotsOnWhiteSite
14378,20,23
timeStep,numberOfRobotsOnBlackSite,numberOfRobotsOnWhiteSite
14379,20,23
timeStep,numberOfRobotsOnBlackSite,numberOfRobotsOnWhiteSite
14380,20,23
timeStep,numberOfRobotsOnBlackSite,numberOfRobotsOnWhiteSite
14381,20,23
timeStep,numberOfRobotsOnBlackSite,numberOfRobotsOnWhiteSite
14382,20,23
timeStep,numberOfRobotsOnBlackSite,numberOfRobotsOnWhiteSite
14383,20,23
timeStep,numberOfRobotsOnBlackSite,numberOfRobotsOnWhiteSite
14384,20,23
timeStep,numberOfRobotsOnBlackSite,numberOfRobotsOnWhiteSite
14385,20,23
timeStep,numberOfRobotsOnBlackSite,numberOfRobotsOnWhiteSite
14386,20,23
timeStep,numberOfRobotsOnBlackSite,numberOfRobotsOnWhiteSite
14387,20,23
timeStep,numberOfRobotsOnBlackSite,numberOfRobotsOnWhiteSite
14388,20,23
timeStep,numberOfRobotsOnBlackSite,numberOfRobotsOnWhiteSite
14389,20,23
timeStep,numberOfRobotsOnBlackSite,numberOfRobotsOnWhiteSite
14390,20,23
timeStep,numberOfRobotsOnBlackSite,numberOfRobotsOnWhiteSite
14391,20,23
timeStep,numberOfRobotsOnBlackSite,numberOfRobotsOnWhiteSite
14392,20,23
timeStep,numberOfRobotsOnBlackSite,numberOfRobotsOnWhiteSite
14393,20,23
timeStep,numberOfRobotsOnBlackSite,numberOfRobotsOnWhiteSite
14394,20,23
timeStep,numberOfRobotsOnBlackSite,numberOfRobotsOnWhiteSite
14395,20,23
timeStep,numberOfRobotsOnBlackSite,numberOfRobotsOnWhiteSite
14396,20,23
timeStep,numberOfRobotsOnBlackSite,numberOfRobotsOnWhiteSite
14397,20,23
timeStep,numberOfRobotsOnBlackSite,numberOfRobotsOnWhiteSite
14398,20,23
timeStep,numberOfRobotsOnBlackSite,numberOfRobotsOnWhiteSite
14399,20,23
timeStep,numberOfRobotsOnBlackSite,numberOfRobotsOnWhiteSite
14400,20,23
timeStep,numberOfRobotsOnBlackSite,numberOfRobotsOnWhiteSite
14401,20,23
timeStep,numberOfRobotsOnBlackSite,numberOfRobotsOnWhiteSite
14402,20,23
timeStep,numberOfRobotsOnBlackSite,numberOfRobotsOnWhiteSite
14403,20,23
timeStep,numberOfRobotsOnBlackSite,numberOfRobotsOnWhiteSite
14404,20,23
timeStep,numberOfRobotsOnBlackSite,numberOfRobotsOnWhiteSite
14405,20,23
timeStep,numberOfRobotsOnBlackSite,numberOfRobotsOnWhiteSite
14406,20,23
timeStep,numberOfRobotsOnBlackSite,numberOfRobotsOnWhiteSite
14407,20,23
timeStep,numberOfRobotsOnBlackSite,numberOfRobotsOnWhiteSite
14408,20,23
timeStep,numberOfRobotsOnBlackSite,numberOfRobotsOnWhiteSite
14409,20,23
timeStep,numberOfRobotsOnBlackSite,numberOfRobotsOnWhiteSite
14410,20,23
timeStep,numberOfRobotsOnBlackSite,numberOfRobotsOnWhiteSite
14411,20,23
timeStep,numberOfRobotsOnBlackSite,numberOfRobotsOnWhiteSite
14412,20,23
timeStep,numberOfRobotsOnBlackSite,numberOfRobotsOnWhiteSite
14413,20,23
timeStep,numberOfRobotsOnBlackSite,numberOfRobotsOnWhiteSite
14414,20,23
timeStep,numberOfRobotsOnBlackSite,numberOfRobotsOnWhiteSite
14415,20,23
timeStep,numberOfRobotsOnBlackSite,numberOfRobotsOnWhiteSite
14416,20,23
timeStep,numberOfRobotsOnBlackSite,numberOfRobotsOnWhiteSite
14417,20,23
timeStep,numberOfRobotsOnBlackSite,numberOfRobotsOnWhiteSite
14418,20,23
timeStep,numberOfRobotsOnBlackSite,numberOfRobotsOnWhiteSite
14419,20,23
timeStep,numberOfRobotsOnBlackSite,numberOfRobotsOnWhiteSite
14420,20,23
timeStep,numberOfRobotsOnBlackSite,numberOfRobotsOnWhiteSite
14421,20,23
timeStep,numberOfRobotsOnBlackSite,numberOfRobotsOnWhiteSite
14422,20,23
timeStep,numberOfRobotsOnBlackSite,numberOfRobotsOnWhiteSite
14423,20,23
timeStep,numberOfRobotsOnBlackSite,numberOfRobotsOnWhiteSite
14424,20,23
timeStep,numberOfRobotsOnBlackSite,numberOfRobotsOnWhiteSite
14425,20,23
timeStep,numberOfRobotsOnBlackSite,numberOfRobotsOnWhiteSite
14426,20,23
timeStep,numberOfRobotsOnBlackSite,numberOfRobotsOnWhiteSite
14427,20,23
timeStep,numberOfRobotsOnBlackSite,numberOfRobotsOnWhiteSite
14428,20,23
timeStep,numberOfRobotsOnBlackSite,numberOfRobotsOnWhiteSite
14429,20,23
timeStep,numberOfRobotsOnBlackSite,numberOfRobotsOnWhiteSite
14430,20,23
timeStep,numberOfRobotsOnBlackSite,numberOfRobotsOnWhiteSite
14431,20,23
timeStep,numberOfRobotsOnBlackSite,numberOfRobotsOnWhiteSite
14432,20,23
timeStep,numberOfRobotsOnBlackSite,numberOfRobotsOnWhiteSite
14433,20,23
timeStep,numberOfRobotsOnBlackSite,numberOfRobotsOnWhiteSite
14434,20,23
timeStep,numberOfRobotsOnBlackSite,numberOfRobotsOnWhiteSite
14435,20,23
timeStep,numberOfRobotsOnBlackSite,numberOfRobotsOnWhiteSite
14436,20,23
timeStep,numberOfRobotsOnBlackSite,numberOfRobotsOnWhiteSite
14437,20,23
timeStep,numberOfRobotsOnBlackSite,numberOfRobotsOnWhiteSite
14438,20,23
timeStep,numberOfRobotsOnBlackSite,numberOfRobotsOnWhiteSite
14439,20,23
timeStep,numberOfRobotsOnBlackSite,numberOfRobotsOnWhiteSite
14440,20,23
timeStep,numberOfRobotsOnBlackSite,numberOfRobotsOnWhiteSite
14441,20,23
timeStep,numberOfRobotsOnBlackSite,numberOfRobotsOnWhiteSite
14442,20,23
timeStep,numberOfRobotsOnBlackSite,numberOfRobotsOnWhiteSite
14443,20,23
timeStep,numberOfRobotsOnBlackSite,numberOfRobotsOnWhiteSite
14444,20,23
timeStep,numberOfRobotsOnBlackSite,numberOfRobotsOnWhiteSite
14445,20,23
timeStep,numberOfRobotsOnBlackSite,numberOfRobotsOnWhiteSite
14446,20,23
timeStep,numberOfRobotsOnBlackSite,numberOfRobotsOnWhiteSite
14447,20,23
timeStep,numberOfRobotsOnBlackSite,numberOfRobotsOnWhiteSite
14448,20,23
timeStep,numberOfRobotsOnBlackSite,numberOfRobotsOnWhiteSite
14449,20,23
timeStep,numberOfRobotsOnBlackSite,numberOfRobotsOnWhiteSite
14450,20,23
timeStep,numberOfRobotsOnBlackSite,numberOfRobotsOnWhiteSite
14451,20,23
timeStep,numberOfRobotsOnBlackSite,numberOfRobotsOnWhiteSite
14452,20,23
timeStep,numberOfRobotsOnBlackSite,numberOfRobotsOnWhiteSite
14453,20,23
timeStep,numberOfRobotsOnBlackSite,numberOfRobotsOnWhiteSite
14454,20,23
timeStep,numberOfRobotsOnBlackSite,numberOfRobotsOnWhiteSite
14455,20,23
timeStep,numberOfRobotsOnBlackSite,numberOfRobotsOnWhiteSite
14456,20,23
timeStep,numberOfRobotsOnBlackSite,numberOfRobotsOnWhiteSite
14457,20,23
timeStep,numberOfRobotsOnBlackSite,numberOfRobotsOnWhiteSite
14458,20,23
timeStep,numberOfRobotsOnBlackSite,numberOfRobotsOnWhiteSite
14459,20,23
timeStep,numberOfRobotsOnBlackSite,numberOfRobotsOnWhiteSite
14460,20,23
timeStep,numberOfRobotsOnBlackSite,numberOfRobotsOnWhiteSite
14461,20,23
timeStep,numberOfRobotsOnBlackSite,numberOfRobotsOnWhiteSite
14462,20,23
timeStep,numberOfRobotsOnBlackSite,numberOfRobotsOnWhiteSite
14463,20,23
timeStep,numberOfRobotsOnBlackSite,numberOfRobotsOnWhiteSite
14464,20,23
timeStep,numberOfRobotsOnBlackSite,numberOfRobotsOnWhiteSite
14465,20,23
timeStep,numberOfRobotsOnBlackSite,numberOfRobotsOnWhiteSite
14466,20,23
timeStep,numberOfRobotsOnBlackSite,numberOfRobotsOnWhiteSite
14467,20,23
timeStep,numberOfRobotsOnBlackSite,numberOfRobotsOnWhiteSite
14468,20,23
timeStep,numberOfRobotsOnBlackSite,numberOfRobotsOnWhiteSite
14469,20,23
timeStep,numberOfRobotsOnBlackSite,numberOfRobotsOnWhiteSite
14470,20,23
timeStep,numberOfRobotsOnBlackSite,numberOfRobotsOnWhiteSite
14471,20,23
timeStep,numberOfRobotsOnBlackSite,numberOfRobotsOnWhiteSite
14472,20,23
timeStep,numberOfRobotsOnBlackSite,numberOfRobotsOnWhiteSite
14473,20,23
timeStep,numberOfRobotsOnBlackSite,numberOfRobotsOnWhiteSite
14474,20,23
timeStep,numberOfRobotsOnBlackSite,numberOfRobotsOnWhiteSite
14475,20,23
timeStep,numberOfRobotsOnBlackSite,numberOfRobotsOnWhiteSite
14476,20,23
timeStep,numberOfRobotsOnBlackSite,numberOfRobotsOnWhiteSite
14477,20,23
timeStep,numberOfRobotsOnBlackSite,numberOfRobotsOnWhiteSite
14478,20,23
timeStep,numberOfRobotsOnBlackSite,numberOfRobotsOnWhiteSite
14479,20,23
timeStep,numberOfRobotsOnBlackSite,numberOfRobotsOnWhiteSite
14480,20,23
timeStep,numberOfRobotsOnBlackSite,numberOfRobotsOnWhiteSite
14481,20,23
timeStep,numberOfRobotsOnBlackSite,numberOfRobotsOnWhiteSite
14482,20,23
timeStep,numberOfRobotsOnBlackSite,numberOfRobotsOnWhiteSite
14483,20,23
timeStep,numberOfRobotsOnBlackSite,numberOfRobotsOnWhiteSite
14484,20,23
timeStep,numberOfRobotsOnBlackSite,numberOfRobotsOnWhiteSite
14485,20,23
timeStep,numberOfRobotsOnBlackSite,numberOfRobotsOnWhiteSite
14486,20,23
timeStep,numberOfRobotsOnBlackSite,numberOfRobotsOnWhiteSite
14487,20,23
timeStep,numberOfRobotsOnBlackSite,numberOfRobotsOnWhiteSite
14488,20,23
timeStep,numberOfRobotsOnBlackSite,numberOfRobotsOnWhiteSite
14489,20,23
timeStep,numberOfRobotsOnBlackSite,numberOfRobotsOnWhiteSite
14490,20,23
timeStep,numberOfRobotsOnBlackSite,numberOfRobotsOnWhiteSite
14491,20,23
timeStep,numberOfRobotsOnBlackSite,numberOfRobotsOnWhiteSite
14492,20,23
timeStep,numberOfRobotsOnBlackSite,numberOfRobotsOnWhiteSite
14493,20,23
timeStep,numberOfRobotsOnBlackSite,numberOfRobotsOnWhiteSite
14494,20,23
timeStep,numberOfRobotsOnBlackSite,numberOfRobotsOnWhiteSite
14495,20,23
timeStep,numberOfRobotsOnBlackSite,numberOfRobotsOnWhiteSite
14496,20,23
timeStep,numberOfRobotsOnBlackSite,numberOfRobotsOnWhiteSite
14497,20,23
timeStep,numberOfRobotsOnBlackSite,numberOfRobotsOnWhiteSite
14498,20,23
timeStep,numberOfRobotsOnBlackSite,numberOfRobotsOnWhiteSite
14499,20,23
timeStep,numberOfRobotsOnBlackSite,numberOfRobotsOnWhiteSite
14500,20,23
timeStep,numberOfRobotsOnBlackSite,numberOfRobotsOnWhiteSite
14501,20,23
timeStep,numberOfRobotsOnBlackSite,numberOfRobotsOnWhiteSite
14502,20,23
timeStep,numberOfRobotsOnBlackSite,numberOfRobotsOnWhiteSite
14503,20,23
timeStep,numberOfRobotsOnBlackSite,numberOfRobotsOnWhiteSite
14504,20,23
timeStep,numberOfRobotsOnBlackSite,numberOfRobotsOnWhiteSite
14505,20,23
timeStep,numberOfRobotsOnBlackSite,numberOfRobotsOnWhiteSite
14506,20,23
timeStep,numberOfRobotsOnBlackSite,numberOfRobotsOnWhiteSite
14507,20,23
timeStep,numberOfRobotsOnBlackSite,numberOfRobotsOnWhiteSite
14508,20,23
timeStep,numberOfRobotsOnBlackSite,numberOfRobotsOnWhiteSite
14509,20,23
timeStep,numberOfRobotsOnBlackSite,numberOfRobotsOnWhiteSite
14510,20,23
timeStep,numberOfRobotsOnBlackSite,numberOfRobotsOnWhiteSite
14511,20,23
timeStep,numberOfRobotsOnBlackSite,numberOfRobotsOnWhiteSite
14512,20,23
timeStep,numberOfRobotsOnBlackSite,numberOfRobotsOnWhiteSite
14513,20,23
timeStep,numberOfRobotsOnBlackSite,numberOfRobotsOnWhiteSite
14514,20,23
timeStep,numberOfRobotsOnBlackSite,numberOfRobotsOnWhiteSite
14515,20,23
timeStep,numberOfRobotsOnBlackSite,numberOfRobotsOnWhiteSite
14516,20,23
timeStep,numberOfRobotsOnBlackSite,numberOfRobotsOnWhiteSite
14517,20,23
timeStep,numberOfRobotsOnBlackSite,numberOfRobotsOnWhiteSite
14518,20,23
timeStep,numberOfRobotsOnBlackSite,numberOfRobotsOnWhiteSite
14519,20,23
timeStep,numberOfRobotsOnBlackSite,numberOfRobotsOnWhiteSite
14520,20,23
timeStep,numberOfRobotsOnBlackSite,numberOfRobotsOnWhiteSite
14521,20,23
timeStep,numberOfRobotsOnBlackSite,numberOfRobotsOnWhiteSite
14522,20,23
timeStep,numberOfRobotsOnBlackSite,numberOfRobotsOnWhiteSite
14523,20,23
timeStep,numberOfRobotsOnBlackSite,numberOfRobotsOnWhiteSite
14524,20,23
timeStep,numberOfRobotsOnBlackSite,numberOfRobotsOnWhiteSite
14525,20,23
timeStep,numberOfRobotsOnBlackSite,numberOfRobotsOnWhiteSite
14526,20,23
timeStep,numberOfRobotsOnBlackSite,numberOfRobotsOnWhiteSite
14527,20,23
timeStep,numberOfRobotsOnBlackSite,numberOfRobotsOnWhiteSite
14528,20,23
timeStep,numberOfRobotsOnBlackSite,numberOfRobotsOnWhiteSite
14529,20,23
timeStep,numberOfRobotsOnBlackSite,numberOfRobotsOnWhiteSite
14530,20,23
timeStep,numberOfRobotsOnBlackSite,numberOfRobotsOnWhiteSite
14531,20,23
timeStep,numberOfRobotsOnBlackSite,numberOfRobotsOnWhiteSite
14532,20,23
timeStep,numberOfRobotsOnBlackSite,numberOfRobotsOnWhiteSite
14533,20,23
timeStep,numberOfRobotsOnBlackSite,numberOfRobotsOnWhiteSite
14534,20,23
timeStep,numberOfRobotsOnBlackSite,numberOfRobotsOnWhiteSite
14535,20,23
timeStep,numberOfRobotsOnBlackSite,numberOfRobotsOnWhiteSite
14536,20,23
timeStep,numberOfRobotsOnBlackSite,numberOfRobotsOnWhiteSite
14537,20,23
timeStep,numberOfRobotsOnBlackSite,numberOfRobotsOnWhiteSite
14538,20,23
timeStep,numberOfRobotsOnBlackSite,numberOfRobotsOnWhiteSite
14539,20,23
timeStep,numberOfRobotsOnBlackSite,numberOfRobotsOnWhiteSite
14540,20,23
timeStep,numberOfRobotsOnBlackSite,numberOfRobotsOnWhiteSite
14541,20,23
timeStep,numberOfRobotsOnBlackSite,numberOfRobotsOnWhiteSite
14542,20,23
timeStep,numberOfRobotsOnBlackSite,numberOfRobotsOnWhiteSite
14543,20,23
timeStep,numberOfRobotsOnBlackSite,numberOfRobotsOnWhiteSite
14544,20,23
timeStep,numberOfRobotsOnBlackSite,numberOfRobotsOnWhiteSite
14545,20,23
timeStep,numberOfRobotsOnBlackSite,numberOfRobotsOnWhiteSite
14546,20,23
timeStep,numberOfRobotsOnBlackSite,numberOfRobotsOnWhiteSite
14547,20,23
timeStep,numberOfRobotsOnBlackSite,numberOfRobotsOnWhiteSite
14548,20,23
timeStep,numberOfRobotsOnBlackSite,numberOfRobotsOnWhiteSite
14549,20,23
timeStep,numberOfRobotsOnBlackSite,numberOfRobotsOnWhiteSite
14550,20,23
timeStep,numberOfRobotsOnBlackSite,numberOfRobotsOnWhiteSite
14551,20,23
timeStep,numberOfRobotsOnBlackSite,numberOfRobotsOnWhiteSite
14552,20,23
timeStep,numberOfRobotsOnBlackSite,numberOfRobotsOnWhiteSite
14553,20,23
timeStep,numberOfRobotsOnBlackSite,numberOfRobotsOnWhiteSite
14554,20,23
timeStep,numberOfRobotsOnBlackSite,numberOfRobotsOnWhiteSite
14555,20,23
timeStep,numberOfRobotsOnBlackSite,numberOfRobotsOnWhiteSite
14556,20,23
timeStep,numberOfRobotsOnBlackSite,numberOfRobotsOnWhiteSite
14557,20,23
timeStep,numberOfRobotsOnBlackSite,numberOfRobotsOnWhiteSite
14558,20,23
timeStep,numberOfRobotsOnBlackSite,numberOfRobotsOnWhiteSite
14559,20,23
timeStep,numberOfRobotsOnBlackSite,numberOfRobotsOnWhiteSite
14560,20,23
timeStep,numberOfRobotsOnBlackSite,numberOfRobotsOnWhiteSite
14561,20,23
timeStep,numberOfRobotsOnBlackSite,numberOfRobotsOnWhiteSite
14562,20,23
timeStep,numberOfRobotsOnBlackSite,numberOfRobotsOnWhiteSite
14563,20,23
timeStep,numberOfRobotsOnBlackSite,numberOfRobotsOnWhiteSite
14564,20,23
timeStep,numberOfRobotsOnBlackSite,numberOfRobotsOnWhiteSite
14565,20,23
timeStep,numberOfRobotsOnBlackSite,numberOfRobotsOnWhiteSite
14566,20,23
timeStep,numberOfRobotsOnBlackSite,numberOfRobotsOnWhiteSite
14567,20,23
timeStep,numberOfRobotsOnBlackSite,numberOfRobotsOnWhiteSite
14568,20,23
timeStep,numberOfRobotsOnBlackSite,numberOfRobotsOnWhiteSite
14569,20,23
timeStep,numberOfRobotsOnBlackSite,numberOfRobotsOnWhiteSite
14570,20,23
timeStep,numberOfRobotsOnBlackSite,numberOfRobotsOnWhiteSite
14571,20,23
timeStep,numberOfRobotsOnBlackSite,numberOfRobotsOnWhiteSite
14572,20,23
timeStep,numberOfRobotsOnBlackSite,numberOfRobotsOnWhiteSite
14573,20,23
timeStep,numberOfRobotsOnBlackSite,numberOfRobotsOnWhiteSite
14574,20,23
timeStep,numberOfRobotsOnBlackSite,numberOfRobotsOnWhiteSite
14575,20,23
timeStep,numberOfRobotsOnBlackSite,numberOfRobotsOnWhiteSite
14576,20,23
timeStep,numberOfRobotsOnBlackSite,numberOfRobotsOnWhiteSite
14577,20,23
timeStep,numberOfRobotsOnBlackSite,numberOfRobotsOnWhiteSite
14578,20,23
timeStep,numberOfRobotsOnBlackSite,numberOfRobotsOnWhiteSite
14579,20,23
timeStep,numberOfRobotsOnBlackSite,numberOfRobotsOnWhiteSite
14580,20,23
timeStep,numberOfRobotsOnBlackSite,numberOfRobotsOnWhiteSite
14581,20,23
timeStep,numberOfRobotsOnBlackSite,numberOfRobotsOnWhiteSite
14582,20,23
timeStep,numberOfRobotsOnBlackSite,numberOfRobotsOnWhiteSite
14583,20,23
timeStep,numberOfRobotsOnBlackSite,numberOfRobotsOnWhiteSite
14584,20,23
timeStep,numberOfRobotsOnBlackSite,numberOfRobotsOnWhiteSite
14585,20,23
timeStep,numberOfRobotsOnBlackSite,numberOfRobotsOnWhiteSite
14586,20,23
timeStep,numberOfRobotsOnBlackSite,numberOfRobotsOnWhiteSite
14587,20,23
timeStep,numberOfRobotsOnBlackSite,numberOfRobotsOnWhiteSite
14588,20,23
timeStep,numberOfRobotsOnBlackSite,numberOfRobotsOnWhiteSite
14589,20,23
timeStep,numberOfRobotsOnBlackSite,numberOfRobotsOnWhiteSite
14590,20,23
timeStep,numberOfRobotsOnBlackSite,numberOfRobotsOnWhiteSite
14591,20,23
timeStep,numberOfRobotsOnBlackSite,numberOfRobotsOnWhiteSite
14592,20,23
timeStep,numberOfRobotsOnBlackSite,numberOfRobotsOnWhiteSite
14593,20,23
timeStep,numberOfRobotsOnBlackSite,numberOfRobotsOnWhiteSite
14594,20,23
timeStep,numberOfRobotsOnBlackSite,numberOfRobotsOnWhiteSite
14595,20,23
timeStep,numberOfRobotsOnBlackSite,numberOfRobotsOnWhiteSite
14596,20,23
timeStep,numberOfRobotsOnBlackSite,numberOfRobotsOnWhiteSite
14597,20,23
timeStep,numberOfRobotsOnBlackSite,numberOfRobotsOnWhiteSite
14598,20,23
timeStep,numberOfRobotsOnBlackSite,numberOfRobotsOnWhiteSite
14599,20,23
timeStep,numberOfRobotsOnBlackSite,numberOfRobotsOnWhiteSite
14600,20,23
timeStep,numberOfRobotsOnBlackSite,numberOfRobotsOnWhiteSite
14601,20,23
timeStep,numberOfRobotsOnBlackSite,numberOfRobotsOnWhiteSite
14602,20,23
timeStep,numberOfRobotsOnBlackSite,numberOfRobotsOnWhiteSite
14603,20,23
timeStep,numberOfRobotsOnBlackSite,numberOfRobotsOnWhiteSite
14604,20,23
timeStep,numberOfRobotsOnBlackSite,numberOfRobotsOnWhiteSite
14605,20,23
timeStep,numberOfRobotsOnBlackSite,numberOfRobotsOnWhiteSite
14606,20,23
timeStep,numberOfRobotsOnBlackSite,numberOfRobotsOnWhiteSite
14607,20,23
timeStep,numberOfRobotsOnBlackSite,numberOfRobotsOnWhiteSite
14608,20,23
timeStep,numberOfRobotsOnBlackSite,numberOfRobotsOnWhiteSite
14609,20,23
timeStep,numberOfRobotsOnBlackSite,numberOfRobotsOnWhiteSite
14610,20,23
timeStep,numberOfRobotsOnBlackSite,numberOfRobotsOnWhiteSite
14611,20,23
timeStep,numberOfRobotsOnBlackSite,numberOfRobotsOnWhiteSite
14612,20,23
timeStep,numberOfRobotsOnBlackSite,numberOfRobotsOnWhiteSite
14613,20,23
timeStep,numberOfRobotsOnBlackSite,numberOfRobotsOnWhiteSite
14614,20,23
timeStep,numberOfRobotsOnBlackSite,numberOfRobotsOnWhiteSite
14615,20,23
timeStep,numberOfRobotsOnBlackSite,numberOfRobotsOnWhiteSite
14616,20,23
timeStep,numberOfRobotsOnBlackSite,numberOfRobotsOnWhiteSite
14617,20,23
timeStep,numberOfRobotsOnBlackSite,numberOfRobotsOnWhiteSite
14618,20,23
timeStep,numberOfRobotsOnBlackSite,numberOfRobotsOnWhiteSite
14619,20,23
timeStep,numberOfRobotsOnBlackSite,numberOfRobotsOnWhiteSite
14620,20,23
timeStep,numberOfRobotsOnBlackSite,numberOfRobotsOnWhiteSite
14621,20,23
timeStep,numberOfRobotsOnBlackSite,numberOfRobotsOnWhiteSite
14622,20,23
timeStep,numberOfRobotsOnBlackSite,numberOfRobotsOnWhiteSite
14623,20,23
timeStep,numberOfRobotsOnBlackSite,numberOfRobotsOnWhiteSite
14624,20,23
timeStep,numberOfRobotsOnBlackSite,numberOfRobotsOnWhiteSite
14625,20,23
timeStep,numberOfRobotsOnBlackSite,numberOfRobotsOnWhiteSite
14626,20,23
timeStep,numberOfRobotsOnBlackSite,numberOfRobotsOnWhiteSite
14627,20,23
timeStep,numberOfRobotsOnBlackSite,numberOfRobotsOnWhiteSite
14628,20,23
timeStep,numberOfRobotsOnBlackSite,numberOfRobotsOnWhiteSite
14629,20,23
timeStep,numberOfRobotsOnBlackSite,numberOfRobotsOnWhiteSite
14630,20,23
timeStep,numberOfRobotsOnBlackSite,numberOfRobotsOnWhiteSite
14631,20,23
timeStep,numberOfRobotsOnBlackSite,numberOfRobotsOnWhiteSite
14632,20,23
timeStep,numberOfRobotsOnBlackSite,numberOfRobotsOnWhiteSite
14633,20,23
timeStep,numberOfRobotsOnBlackSite,numberOfRobotsOnWhiteSite
14634,20,23
timeStep,numberOfRobotsOnBlackSite,numberOfRobotsOnWhiteSite
14635,20,23
timeStep,numberOfRobotsOnBlackSite,numberOfRobotsOnWhiteSite
14636,20,23
timeStep,numberOfRobotsOnBlackSite,numberOfRobotsOnWhiteSite
14637,20,23
timeStep,numberOfRobotsOnBlackSite,numberOfRobotsOnWhiteSite
14638,20,23
timeStep,numberOfRobotsOnBlackSite,numberOfRobotsOnWhiteSite
14639,20,23
timeStep,numberOfRobotsOnBlackSite,numberOfRobotsOnWhiteSite
14640,20,23
timeStep,numberOfRobotsOnBlackSite,numberOfRobotsOnWhiteSite
14641,20,23
timeStep,numberOfRobotsOnBlackSite,numberOfRobotsOnWhiteSite
14642,20,23
timeStep,numberOfRobotsOnBlackSite,numberOfRobotsOnWhiteSite
14643,20,23
timeStep,numberOfRobotsOnBlackSite,numberOfRobotsOnWhiteSite
14644,20,23
timeStep,numberOfRobotsOnBlackSite,numberOfRobotsOnWhiteSite
14645,20,23
timeStep,numberOfRobotsOnBlackSite,numberOfRobotsOnWhiteSite
14646,20,23
timeStep,numberOfRobotsOnBlackSite,numberOfRobotsOnWhiteSite
14647,20,23
timeStep,numberOfRobotsOnBlackSite,numberOfRobotsOnWhiteSite
14648,20,23
timeStep,numberOfRobotsOnBlackSite,numberOfRobotsOnWhiteSite
14649,20,23
timeStep,numberOfRobotsOnBlackSite,numberOfRobotsOnWhiteSite
14650,20,23
timeStep,numberOfRobotsOnBlackSite,numberOfRobotsOnWhiteSite
14651,20,23
timeStep,numberOfRobotsOnBlackSite,numberOfRobotsOnWhiteSite
14652,20,23
timeStep,numberOfRobotsOnBlackSite,numberOfRobotsOnWhiteSite
14653,20,23
timeStep,numberOfRobotsOnBlackSite,numberOfRobotsOnWhiteSite
14654,20,23
timeStep,numberOfRobotsOnBlackSite,numberOfRobotsOnWhiteSite
14655,20,23
timeStep,numberOfRobotsOnBlackSite,numberOfRobotsOnWhiteSite
14656,20,23
timeStep,numberOfRobotsOnBlackSite,numberOfRobotsOnWhiteSite
14657,20,23
timeStep,numberOfRobotsOnBlackSite,numberOfRobotsOnWhiteSite
14658,20,23
timeStep,numberOfRobotsOnBlackSite,numberOfRobotsOnWhiteSite
14659,20,23
timeStep,numberOfRobotsOnBlackSite,numberOfRobotsOnWhiteSite
14660,20,23
timeStep,numberOfRobotsOnBlackSite,numberOfRobotsOnWhiteSite
14661,20,23
timeStep,numberOfRobotsOnBlackSite,numberOfRobotsOnWhiteSite
14662,20,23
timeStep,numberOfRobotsOnBlackSite,numberOfRobotsOnWhiteSite
14663,20,23
timeStep,numberOfRobotsOnBlackSite,numberOfRobotsOnWhiteSite
14664,20,23
timeStep,numberOfRobotsOnBlackSite,numberOfRobotsOnWhiteSite
14665,20,23
timeStep,numberOfRobotsOnBlackSite,numberOfRobotsOnWhiteSite
14666,20,23
timeStep,numberOfRobotsOnBlackSite,numberOfRobotsOnWhiteSite
14667,20,23
timeStep,numberOfRobotsOnBlackSite,numberOfRobotsOnWhiteSite
14668,20,23
timeStep,numberOfRobotsOnBlackSite,numberOfRobotsOnWhiteSite
14669,20,23
timeStep,numberOfRobotsOnBlackSite,numberOfRobotsOnWhiteSite
14670,20,23
timeStep,numberOfRobotsOnBlackSite,numberOfRobotsOnWhiteSite
14671,20,23
timeStep,numberOfRobotsOnBlackSite,numberOfRobotsOnWhiteSite
14672,20,23
timeStep,numberOfRobotsOnBlackSite,numberOfRobotsOnWhiteSite
14673,20,23
timeStep,numberOfRobotsOnBlackSite,numberOfRobotsOnWhiteSite
14674,20,23
timeStep,numberOfRobotsOnBlackSite,numberOfRobotsOnWhiteSite
14675,20,23
timeStep,numberOfRobotsOnBlackSite,numberOfRobotsOnWhiteSite
14676,20,23
timeStep,numberOfRobotsOnBlackSite,numberOfRobotsOnWhiteSite
14677,20,23
timeStep,numberOfRobotsOnBlackSite,numberOfRobotsOnWhiteSite
14678,20,23
timeStep,numberOfRobotsOnBlackSite,numberOfRobotsOnWhiteSite
14679,20,23
timeStep,numberOfRobotsOnBlackSite,numberOfRobotsOnWhiteSite
14680,20,23
timeStep,numberOfRobotsOnBlackSite,numberOfRobotsOnWhiteSite
14681,20,23
timeStep,numberOfRobotsOnBlackSite,numberOfRobotsOnWhiteSite
14682,20,23
timeStep,numberOfRobotsOnBlackSite,numberOfRobotsOnWhiteSite
14683,20,23
timeStep,numberOfRobotsOnBlackSite,numberOfRobotsOnWhiteSite
14684,20,23
timeStep,numberOfRobotsOnBlackSite,numberOfRobotsOnWhiteSite
14685,20,23
timeStep,numberOfRobotsOnBlackSite,numberOfRobotsOnWhiteSite
14686,20,23
timeStep,numberOfRobotsOnBlackSite,numberOfRobotsOnWhiteSite
14687,20,23
timeStep,numberOfRobotsOnBlackSite,numberOfRobotsOnWhiteSite
14688,20,23
timeStep,numberOfRobotsOnBlackSite,numberOfRobotsOnWhiteSite
14689,20,23
timeStep,numberOfRobotsOnBlackSite,numberOfRobotsOnWhiteSite
14690,20,23
timeStep,numberOfRobotsOnBlackSite,numberOfRobotsOnWhiteSite
14691,20,23
timeStep,numberOfRobotsOnBlackSite,numberOfRobotsOnWhiteSite
14692,20,23
timeStep,numberOfRobotsOnBlackSite,numberOfRobotsOnWhiteSite
14693,20,23
timeStep,numberOfRobotsOnBlackSite,numberOfRobotsOnWhiteSite
14694,20,23
timeStep,numberOfRobotsOnBlackSite,numberOfRobotsOnWhiteSite
14695,20,23
timeStep,numberOfRobotsOnBlackSite,numberOfRobotsOnWhiteSite
14696,20,23
timeStep,numberOfRobotsOnBlackSite,numberOfRobotsOnWhiteSite
14697,20,23
timeStep,numberOfRobotsOnBlackSite,numberOfRobotsOnWhiteSite
14698,20,23
timeStep,numberOfRobotsOnBlackSite,numberOfRobotsOnWhiteSite
14699,20,23
timeStep,numberOfRobotsOnBlackSite,numberOfRobotsOnWhiteSite
14700,20,23
timeStep,numberOfRobotsOnBlackSite,numberOfRobotsOnWhiteSite
14701,20,23
timeStep,numberOfRobotsOnBlackSite,numberOfRobotsOnWhiteSite
14702,20,23
timeStep,numberOfRobotsOnBlackSite,numberOfRobotsOnWhiteSite
14703,20,23
timeStep,numberOfRobotsOnBlackSite,numberOfRobotsOnWhiteSite
14704,20,23
timeStep,numberOfRobotsOnBlackSite,numberOfRobotsOnWhiteSite
14705,20,23
timeStep,numberOfRobotsOnBlackSite,numberOfRobotsOnWhiteSite
14706,20,23
timeStep,numberOfRobotsOnBlackSite,numberOfRobotsOnWhiteSite
14707,20,23
timeStep,numberOfRobotsOnBlackSite,numberOfRobotsOnWhiteSite
14708,20,23
timeStep,numberOfRobotsOnBlackSite,numberOfRobotsOnWhiteSite
14709,20,23
timeStep,numberOfRobotsOnBlackSite,numberOfRobotsOnWhiteSite
14710,20,23
timeStep,numberOfRobotsOnBlackSite,numberOfRobotsOnWhiteSite
14711,20,23
timeStep,numberOfRobotsOnBlackSite,numberOfRobotsOnWhiteSite
14712,20,23
timeStep,numberOfRobotsOnBlackSite,numberOfRobotsOnWhiteSite
14713,20,23
timeStep,numberOfRobotsOnBlackSite,numberOfRobotsOnWhiteSite
14714,20,23
timeStep,numberOfRobotsOnBlackSite,numberOfRobotsOnWhiteSite
14715,20,23
timeStep,numberOfRobotsOnBlackSite,numberOfRobotsOnWhiteSite
14716,20,23
timeStep,numberOfRobotsOnBlackSite,numberOfRobotsOnWhiteSite
14717,20,23
timeStep,numberOfRobotsOnBlackSite,numberOfRobotsOnWhiteSite
14718,20,23
timeStep,numberOfRobotsOnBlackSite,numberOfRobotsOnWhiteSite
14719,20,23
timeStep,numberOfRobotsOnBlackSite,numberOfRobotsOnWhiteSite
14720,20,23
timeStep,numberOfRobotsOnBlackSite,numberOfRobotsOnWhiteSite
14721,20,23
timeStep,numberOfRobotsOnBlackSite,numberOfRobotsOnWhiteSite
14722,20,23
timeStep,numberOfRobotsOnBlackSite,numberOfRobotsOnWhiteSite
14723,20,23
timeStep,numberOfRobotsOnBlackSite,numberOfRobotsOnWhiteSite
14724,20,23
timeStep,numberOfRobotsOnBlackSite,numberOfRobotsOnWhiteSite
14725,20,23
timeStep,numberOfRobotsOnBlackSite,numberOfRobotsOnWhiteSite
14726,20,23
timeStep,numberOfRobotsOnBlackSite,numberOfRobotsOnWhiteSite
14727,20,23
timeStep,numberOfRobotsOnBlackSite,numberOfRobotsOnWhiteSite
14728,20,23
timeStep,numberOfRobotsOnBlackSite,numberOfRobotsOnWhiteSite
14729,20,23
timeStep,numberOfRobotsOnBlackSite,numberOfRobotsOnWhiteSite
14730,20,23
timeStep,numberOfRobotsOnBlackSite,numberOfRobotsOnWhiteSite
14731,20,23
timeStep,numberOfRobotsOnBlackSite,numberOfRobotsOnWhiteSite
14732,20,23
timeStep,numberOfRobotsOnBlackSite,numberOfRobotsOnWhiteSite
14733,20,23
timeStep,numberOfRobotsOnBlackSite,numberOfRobotsOnWhiteSite
14734,20,23
timeStep,numberOfRobotsOnBlackSite,numberOfRobotsOnWhiteSite
14735,20,23
timeStep,numberOfRobotsOnBlackSite,numberOfRobotsOnWhiteSite
14736,20,23
timeStep,numberOfRobotsOnBlackSite,numberOfRobotsOnWhiteSite
14737,20,23
timeStep,numberOfRobotsOnBlackSite,numberOfRobotsOnWhiteSite
14738,20,23
timeStep,numberOfRobotsOnBlackSite,numberOfRobotsOnWhiteSite
14739,20,23
timeStep,numberOfRobotsOnBlackSite,numberOfRobotsOnWhiteSite
14740,20,23
timeStep,numberOfRobotsOnBlackSite,numberOfRobotsOnWhiteSite
14741,20,23
timeStep,numberOfRobotsOnBlackSite,numberOfRobotsOnWhiteSite
14742,20,23
timeStep,numberOfRobotsOnBlackSite,numberOfRobotsOnWhiteSite
14743,20,23
timeStep,numberOfRobotsOnBlackSite,numberOfRobotsOnWhiteSite
14744,20,23
timeStep,numberOfRobotsOnBlackSite,numberOfRobotsOnWhiteSite
14745,20,23
timeStep,numberOfRobotsOnBlackSite,numberOfRobotsOnWhiteSite
14746,20,23
timeStep,numberOfRobotsOnBlackSite,numberOfRobotsOnWhiteSite
14747,20,23
timeStep,numberOfRobotsOnBlackSite,numberOfRobotsOnWhiteSite
14748,20,23
timeStep,numberOfRobotsOnBlackSite,numberOfRobotsOnWhiteSite
14749,20,23
timeStep,numberOfRobotsOnBlackSite,numberOfRobotsOnWhiteSite
14750,20,23
timeStep,numberOfRobotsOnBlackSite,numberOfRobotsOnWhiteSite
14751,20,23
timeStep,numberOfRobotsOnBlackSite,numberOfRobotsOnWhiteSite
14752,20,23
timeStep,numberOfRobotsOnBlackSite,numberOfRobotsOnWhiteSite
14753,20,23
timeStep,numberOfRobotsOnBlackSite,numberOfRobotsOnWhiteSite
14754,20,23
timeStep,numberOfRobotsOnBlackSite,numberOfRobotsOnWhiteSite
14755,20,23
timeStep,numberOfRobotsOnBlackSite,numberOfRobotsOnWhiteSite
14756,20,23
timeStep,numberOfRobotsOnBlackSite,numberOfRobotsOnWhiteSite
14757,20,23
timeStep,numberOfRobotsOnBlackSite,numberOfRobotsOnWhiteSite
14758,20,23
timeStep,numberOfRobotsOnBlackSite,numberOfRobotsOnWhiteSite
14759,20,23
timeStep,numberOfRobotsOnBlackSite,numberOfRobotsOnWhiteSite
14760,20,23
timeStep,numberOfRobotsOnBlackSite,numberOfRobotsOnWhiteSite
14761,20,23
timeStep,numberOfRobotsOnBlackSite,numberOfRobotsOnWhiteSite
14762,20,23
timeStep,numberOfRobotsOnBlackSite,numberOfRobotsOnWhiteSite
14763,20,23
timeStep,numberOfRobotsOnBlackSite,numberOfRobotsOnWhiteSite
14764,20,23
timeStep,numberOfRobotsOnBlackSite,numberOfRobotsOnWhiteSite
14765,20,23
timeStep,numberOfRobotsOnBlackSite,numberOfRobotsOnWhiteSite
14766,20,23
timeStep,numberOfRobotsOnBlackSite,numberOfRobotsOnWhiteSite
14767,20,23
timeStep,numberOfRobotsOnBlackSite,numberOfRobotsOnWhiteSite
14768,20,23
timeStep,numberOfRobotsOnBlackSite,numberOfRobotsOnWhiteSite
14769,20,23
timeStep,numberOfRobotsOnBlackSite,numberOfRobotsOnWhiteSite
14770,20,23
timeStep,numberOfRobotsOnBlackSite,numberOfRobotsOnWhiteSite
14771,20,23
timeStep,numberOfRobotsOnBlackSite,numberOfRobotsOnWhiteSite
14772,20,23
timeStep,numberOfRobotsOnBlackSite,numberOfRobotsOnWhiteSite
14773,20,23
timeStep,numberOfRobotsOnBlackSite,numberOfRobotsOnWhiteSite
14774,20,23
timeStep,numberOfRobotsOnBlackSite,numberOfRobotsOnWhiteSite
14775,20,23
timeStep,numberOfRobotsOnBlackSite,numberOfRobotsOnWhiteSite
14776,20,23
timeStep,numberOfRobotsOnBlackSite,numberOfRobotsOnWhiteSite
14777,20,23
timeStep,numberOfRobotsOnBlackSite,numberOfRobotsOnWhiteSite
14778,20,23
timeStep,numberOfRobotsOnBlackSite,numberOfRobotsOnWhiteSite
14779,20,23
timeStep,numberOfRobotsOnBlackSite,numberOfRobotsOnWhiteSite
14780,20,23
timeStep,numberOfRobotsOnBlackSite,numberOfRobotsOnWhiteSite
14781,20,23
timeStep,numberOfRobotsOnBlackSite,numberOfRobotsOnWhiteSite
14782,20,23
timeStep,numberOfRobotsOnBlackSite,numberOfRobotsOnWhiteSite
14783,20,23
timeStep,numberOfRobotsOnBlackSite,numberOfRobotsOnWhiteSite
14784,20,23
timeStep,numberOfRobotsOnBlackSite,numberOfRobotsOnWhiteSite
14785,20,23
timeStep,numberOfRobotsOnBlackSite,numberOfRobotsOnWhiteSite
14786,20,23
timeStep,numberOfRobotsOnBlackSite,numberOfRobotsOnWhiteSite
14787,20,23
timeStep,numberOfRobotsOnBlackSite,numberOfRobotsOnWhiteSite
14788,20,23
timeStep,numberOfRobotsOnBlackSite,numberOfRobotsOnWhiteSite
14789,20,23
timeStep,numberOfRobotsOnBlackSite,numberOfRobotsOnWhiteSite
14790,20,23
timeStep,numberOfRobotsOnBlackSite,numberOfRobotsOnWhiteSite
14791,20,23
timeStep,numberOfRobotsOnBlackSite,numberOfRobotsOnWhiteSite
14792,20,23
timeStep,numberOfRobotsOnBlackSite,numberOfRobotsOnWhiteSite
14793,20,23
timeStep,numberOfRobotsOnBlackSite,numberOfRobotsOnWhiteSite
14794,20,23
timeStep,numberOfRobotsOnBlackSite,numberOfRobotsOnWhiteSite
14795,20,23
timeStep,numberOfRobotsOnBlackSite,numberOfRobotsOnWhiteSite
14796,20,23
timeStep,numberOfRobotsOnBlackSite,numberOfRobotsOnWhiteSite
14797,20,23
timeStep,numberOfRobotsOnBlackSite,numberOfRobotsOnWhiteSite
14798,20,23
timeStep,numberOfRobotsOnBlackSite,numberOfRobotsOnWhiteSite
14799,20,23
timeStep,numberOfRobotsOnBlackSite,numberOfRobotsOnWhiteSite
14800,20,23
timeStep,numberOfRobotsOnBlackSite,numberOfRobotsOnWhiteSite
14801,20,23
timeStep,numberOfRobotsOnBlackSite,numberOfRobotsOnWhiteSite
14802,20,23
timeStep,numberOfRobotsOnBlackSite,numberOfRobotsOnWhiteSite
14803,20,23
timeStep,numberOfRobotsOnBlackSite,numberOfRobotsOnWhiteSite
14804,20,23
timeStep,numberOfRobotsOnBlackSite,numberOfRobotsOnWhiteSite
14805,20,23
timeStep,numberOfRobotsOnBlackSite,numberOfRobotsOnWhiteSite
14806,20,23
timeStep,numberOfRobotsOnBlackSite,numberOfRobotsOnWhiteSite
14807,20,23
timeStep,numberOfRobotsOnBlackSite,numberOfRobotsOnWhiteSite
14808,20,23
timeStep,numberOfRobotsOnBlackSite,numberOfRobotsOnWhiteSite
14809,20,23
timeStep,numberOfRobotsOnBlackSite,numberOfRobotsOnWhiteSite
14810,20,23
timeStep,numberOfRobotsOnBlackSite,numberOfRobotsOnWhiteSite
14811,20,23
timeStep,numberOfRobotsOnBlackSite,numberOfRobotsOnWhiteSite
14812,20,23
timeStep,numberOfRobotsOnBlackSite,numberOfRobotsOnWhiteSite
14813,20,23
timeStep,numberOfRobotsOnBlackSite,numberOfRobotsOnWhiteSite
14814,20,23
timeStep,numberOfRobotsOnBlackSite,numberOfRobotsOnWhiteSite
14815,20,23
timeStep,numberOfRobotsOnBlackSite,numberOfRobotsOnWhiteSite
14816,20,23
timeStep,numberOfRobotsOnBlackSite,numberOfRobotsOnWhiteSite
14817,20,23
timeStep,numberOfRobotsOnBlackSite,numberOfRobotsOnWhiteSite
14818,20,23
timeStep,numberOfRobotsOnBlackSite,numberOfRobotsOnWhiteSite
14819,20,23
timeStep,numberOfRobotsOnBlackSite,numberOfRobotsOnWhiteSite
14820,20,23
timeStep,numberOfRobotsOnBlackSite,numberOfRobotsOnWhiteSite
14821,20,23
timeStep,numberOfRobotsOnBlackSite,numberOfRobotsOnWhiteSite
14822,20,23
timeStep,numberOfRobotsOnBlackSite,numberOfRobotsOnWhiteSite
14823,20,23
timeStep,numberOfRobotsOnBlackSite,numberOfRobotsOnWhiteSite
14824,20,23
timeStep,numberOfRobotsOnBlackSite,numberOfRobotsOnWhiteSite
14825,20,23
timeStep,numberOfRobotsOnBlackSite,numberOfRobotsOnWhiteSite
14826,20,23
timeStep,numberOfRobotsOnBlackSite,numberOfRobotsOnWhiteSite
14827,20,23
timeStep,numberOfRobotsOnBlackSite,numberOfRobotsOnWhiteSite
14828,20,23
timeStep,numberOfRobotsOnBlackSite,numberOfRobotsOnWhiteSite
14829,20,23
timeStep,numberOfRobotsOnBlackSite,numberOfRobotsOnWhiteSite
14830,20,23
timeStep,numberOfRobotsOnBlackSite,numberOfRobotsOnWhiteSite
14831,20,23
timeStep,numberOfRobotsOnBlackSite,numberOfRobotsOnWhiteSite
14832,20,23
timeStep,numberOfRobotsOnBlackSite,numberOfRobotsOnWhiteSite
14833,20,23
timeStep,numberOfRobotsOnBlackSite,numberOfRobotsOnWhiteSite
14834,20,23
timeStep,numberOfRobotsOnBlackSite,numberOfRobotsOnWhiteSite
14835,20,23
timeStep,numberOfRobotsOnBlackSite,numberOfRobotsOnWhiteSite
14836,20,23
timeStep,numberOfRobotsOnBlackSite,numberOfRobotsOnWhiteSite
14837,20,23
timeStep,numberOfRobotsOnBlackSite,numberOfRobotsOnWhiteSite
14838,20,23
timeStep,numberOfRobotsOnBlackSite,numberOfRobotsOnWhiteSite
14839,20,23
timeStep,numberOfRobotsOnBlackSite,numberOfRobotsOnWhiteSite
14840,20,23
timeStep,numberOfRobotsOnBlackSite,numberOfRobotsOnWhiteSite
14841,20,23
timeStep,numberOfRobotsOnBlackSite,numberOfRobotsOnWhiteSite
14842,20,23
timeStep,numberOfRobotsOnBlackSite,numberOfRobotsOnWhiteSite
14843,20,23
timeStep,numberOfRobotsOnBlackSite,numberOfRobotsOnWhiteSite
14844,20,23
timeStep,numberOfRobotsOnBlackSite,numberOfRobotsOnWhiteSite
14845,20,23
timeStep,numberOfRobotsOnBlackSite,numberOfRobotsOnWhiteSite
14846,20,23
timeStep,numberOfRobotsOnBlackSite,numberOfRobotsOnWhiteSite
14847,20,23
timeStep,numberOfRobotsOnBlackSite,numberOfRobotsOnWhiteSite
14848,20,23
timeStep,numberOfRobotsOnBlackSite,numberOfRobotsOnWhiteSite
14849,20,23
timeStep,numberOfRobotsOnBlackSite,numberOfRobotsOnWhiteSite
14850,20,23
timeStep,numberOfRobotsOnBlackSite,numberOfRobotsOnWhiteSite
14851,20,23
timeStep,numberOfRobotsOnBlackSite,numberOfRobotsOnWhiteSite
14852,20,23
timeStep,numberOfRobotsOnBlackSite,numberOfRobotsOnWhiteSite
14853,20,23
timeStep,numberOfRobotsOnBlackSite,numberOfRobotsOnWhiteSite
14854,20,23
timeStep,numberOfRobotsOnBlackSite,numberOfRobotsOnWhiteSite
14855,20,23
timeStep,numberOfRobotsOnBlackSite,numberOfRobotsOnWhiteSite
14856,20,23
timeStep,numberOfRobotsOnBlackSite,numberOfRobotsOnWhiteSite
14857,20,23
timeStep,numberOfRobotsOnBlackSite,numberOfRobotsOnWhiteSite
14858,20,23
timeStep,numberOfRobotsOnBlackSite,numberOfRobotsOnWhiteSite
14859,20,23
timeStep,numberOfRobotsOnBlackSite,numberOfRobotsOnWhiteSite
14860,20,23
timeStep,numberOfRobotsOnBlackSite,numberOfRobotsOnWhiteSite
14861,20,23
timeStep,numberOfRobotsOnBlackSite,numberOfRobotsOnWhiteSite
14862,20,23
timeStep,numberOfRobotsOnBlackSite,numberOfRobotsOnWhiteSite
14863,20,23
timeStep,numberOfRobotsOnBlackSite,numberOfRobotsOnWhiteSite
14864,20,23
timeStep,numberOfRobotsOnBlackSite,numberOfRobotsOnWhiteSite
14865,20,23
timeStep,numberOfRobotsOnBlackSite,numberOfRobotsOnWhiteSite
14866,20,23
timeStep,numberOfRobotsOnBlackSite,numberOfRobotsOnWhiteSite
14867,20,23
timeStep,numberOfRobotsOnBlackSite,numberOfRobotsOnWhiteSite
14868,20,23
timeStep,numberOfRobotsOnBlackSite,numberOfRobotsOnWhiteSite
14869,20,23
timeStep,numberOfRobotsOnBlackSite,numberOfRobotsOnWhiteSite
14870,20,23
timeStep,numberOfRobotsOnBlackSite,numberOfRobotsOnWhiteSite
14871,20,23
timeStep,numberOfRobotsOnBlackSite,numberOfRobotsOnWhiteSite
14872,20,23
timeStep,numberOfRobotsOnBlackSite,numberOfRobotsOnWhiteSite
14873,20,23
timeStep,numberOfRobotsOnBlackSite,numberOfRobotsOnWhiteSite
14874,20,23
timeStep,numberOfRobotsOnBlackSite,numberOfRobotsOnWhiteSite
14875,20,23
timeStep,numberOfRobotsOnBlackSite,numberOfRobotsOnWhiteSite
14876,20,23
timeStep,numberOfRobotsOnBlackSite,numberOfRobotsOnWhiteSite
14877,20,23
timeStep,numberOfRobotsOnBlackSite,numberOfRobotsOnWhiteSite
14878,20,23
timeStep,numberOfRobotsOnBlackSite,numberOfRobotsOnWhiteSite
14879,20,23
timeStep,numberOfRobotsOnBlackSite,numberOfRobotsOnWhiteSite
14880,20,23
timeStep,numberOfRobotsOnBlackSite,numberOfRobotsOnWhiteSite
14881,20,23
timeStep,numberOfRobotsOnBlackSite,numberOfRobotsOnWhiteSite
14882,20,23
timeStep,numberOfRobotsOnBlackSite,numberOfRobotsOnWhiteSite
14883,20,23
timeStep,numberOfRobotsOnBlackSite,numberOfRobotsOnWhiteSite
14884,20,23
timeStep,numberOfRobotsOnBlackSite,numberOfRobotsOnWhiteSite
14885,20,23
timeStep,numberOfRobotsOnBlackSite,numberOfRobotsOnWhiteSite
14886,20,23
timeStep,numberOfRobotsOnBlackSite,numberOfRobotsOnWhiteSite
14887,20,23
timeStep,numberOfRobotsOnBlackSite,numberOfRobotsOnWhiteSite
14888,20,23
timeStep,numberOfRobotsOnBlackSite,numberOfRobotsOnWhiteSite
14889,20,23
timeStep,numberOfRobotsOnBlackSite,numberOfRobotsOnWhiteSite
14890,20,23
timeStep,numberOfRobotsOnBlackSite,numberOfRobotsOnWhiteSite
14891,20,23
timeStep,numberOfRobotsOnBlackSite,numberOfRobotsOnWhiteSite
14892,20,23
timeStep,numberOfRobotsOnBlackSite,numberOfRobotsOnWhiteSite
14893,20,23
timeStep,numberOfRobotsOnBlackSite,numberOfRobotsOnWhiteSite
14894,20,23
timeStep,numberOfRobotsOnBlackSite,numberOfRobotsOnWhiteSite
14895,20,23
timeStep,numberOfRobotsOnBlackSite,numberOfRobotsOnWhiteSite
14896,20,23
timeStep,numberOfRobotsOnBlackSite,numberOfRobotsOnWhiteSite
14897,20,23
timeStep,numberOfRobotsOnBlackSite,numberOfRobotsOnWhiteSite
14898,20,23
timeStep,numberOfRobotsOnBlackSite,numberOfRobotsOnWhiteSite
14899,20,23
timeStep,numberOfRobotsOnBlackSite,numberOfRobotsOnWhiteSite
14900,20,23
timeStep,numberOfRobotsOnBlackSite,numberOfRobotsOnWhiteSite
14901,20,23
timeStep,numberOfRobotsOnBlackSite,numberOfRobotsOnWhiteSite
14902,20,23
timeStep,numberOfRobotsOnBlackSite,numberOfRobotsOnWhiteSite
14903,20,23
timeStep,numberOfRobotsOnBlackSite,numberOfRobotsOnWhiteSite
14904,20,23
timeStep,numberOfRobotsOnBlackSite,numberOfRobotsOnWhiteSite
14905,20,23
timeStep,numberOfRobotsOnBlackSite,numberOfRobotsOnWhiteSite
14906,20,23
timeStep,numberOfRobotsOnBlackSite,numberOfRobotsOnWhiteSite
14907,20,23
timeStep,numberOfRobotsOnBlackSite,numberOfRobotsOnWhiteSite
14908,20,23
timeStep,numberOfRobotsOnBlackSite,numberOfRobotsOnWhiteSite
14909,20,23
timeStep,numberOfRobotsOnBlackSite,numberOfRobotsOnWhiteSite
14910,20,23
timeStep,numberOfRobotsOnBlackSite,numberOfRobotsOnWhiteSite
14911,20,23
timeStep,numberOfRobotsOnBlackSite,numberOfRobotsOnWhiteSite
14912,20,23
timeStep,numberOfRobotsOnBlackSite,numberOfRobotsOnWhiteSite
14913,20,23
timeStep,numberOfRobotsOnBlackSite,numberOfRobotsOnWhiteSite
14914,20,23
timeStep,numberOfRobotsOnBlackSite,numberOfRobotsOnWhiteSite
14915,20,23
timeStep,numberOfRobotsOnBlackSite,numberOfRobotsOnWhiteSite
14916,20,23
timeStep,numberOfRobotsOnBlackSite,numberOfRobotsOnWhiteSite
14917,20,23
timeStep,numberOfRobotsOnBlackSite,numberOfRobotsOnWhiteSite
14918,20,23
timeStep,numberOfRobotsOnBlackSite,numberOfRobotsOnWhiteSite
14919,20,23
timeStep,numberOfRobotsOnBlackSite,numberOfRobotsOnWhiteSite
14920,20,23
timeStep,numberOfRobotsOnBlackSite,numberOfRobotsOnWhiteSite
14921,20,23
timeStep,numberOfRobotsOnBlackSite,numberOfRobotsOnWhiteSite
14922,20,23
timeStep,numberOfRobotsOnBlackSite,numberOfRobotsOnWhiteSite
14923,20,23
timeStep,numberOfRobotsOnBlackSite,numberOfRobotsOnWhiteSite
14924,20,23
timeStep,numberOfRobotsOnBlackSite,numberOfRobotsOnWhiteSite
14925,20,23
timeStep,numberOfRobotsOnBlackSite,numberOfRobotsOnWhiteSite
14926,20,23
timeStep,numberOfRobotsOnBlackSite,numberOfRobotsOnWhiteSite
14927,20,23
timeStep,numberOfRobotsOnBlackSite,numberOfRobotsOnWhiteSite
14928,20,23
timeStep,numberOfRobotsOnBlackSite,numberOfRobotsOnWhiteSite
14929,20,23
timeStep,numberOfRobotsOnBlackSite,numberOfRobotsOnWhiteSite
14930,20,23
timeStep,numberOfRobotsOnBlackSite,numberOfRobotsOnWhiteSite
14931,20,23
timeStep,numberOfRobotsOnBlackSite,numberOfRobotsOnWhiteSite
14932,20,23
timeStep,numberOfRobotsOnBlackSite,numberOfRobotsOnWhiteSite
14933,20,23
timeStep,numberOfRobotsOnBlackSite,numberOfRobotsOnWhiteSite
14934,20,23
timeStep,numberOfRobotsOnBlackSite,numberOfRobotsOnWhiteSite
14935,20,23
timeStep,numberOfRobotsOnBlackSite,numberOfRobotsOnWhiteSite
14936,20,23
timeStep,numberOfRobotsOnBlackSite,numberOfRobotsOnWhiteSite
14937,20,23
timeStep,numberOfRobotsOnBlackSite,numberOfRobotsOnWhiteSite
14938,20,23
timeStep,numberOfRobotsOnBlackSite,numberOfRobotsOnWhiteSite
14939,20,23
timeStep,numberOfRobotsOnBlackSite,numberOfRobotsOnWhiteSite
14940,20,23
timeStep,numberOfRobotsOnBlackSite,numberOfRobotsOnWhiteSite
14941,20,23
timeStep,numberOfRobotsOnBlackSite,numberOfRobotsOnWhiteSite
14942,20,23
timeStep,numberOfRobotsOnBlackSite,numberOfRobotsOnWhiteSite
14943,20,23
timeStep,numberOfRobotsOnBlackSite,numberOfRobotsOnWhiteSite
14944,20,23
timeStep,numberOfRobotsOnBlackSite,numberOfRobotsOnWhiteSite
14945,20,23
timeStep,numberOfRobotsOnBlackSite,numberOfRobotsOnWhiteSite
14946,20,23
timeStep,numberOfRobotsOnBlackSite,numberOfRobotsOnWhiteSite
14947,20,23
timeStep,numberOfRobotsOnBlackSite,numberOfRobotsOnWhiteSite
14948,20,23
timeStep,numberOfRobotsOnBlackSite,numberOfRobotsOnWhiteSite
14949,20,23
timeStep,numberOfRobotsOnBlackSite,numberOfRobotsOnWhiteSite
14950,20,23
timeStep,numberOfRobotsOnBlackSite,numberOfRobotsOnWhiteSite
14951,20,23
timeStep,numberOfRobotsOnBlackSite,numberOfRobotsOnWhiteSite
14952,20,23
timeStep,numberOfRobotsOnBlackSite,numberOfRobotsOnWhiteSite
14953,20,23
timeStep,numberOfRobotsOnBlackSite,numberOfRobotsOnWhiteSite
14954,20,23
timeStep,numberOfRobotsOnBlackSite,numberOfRobotsOnWhiteSite
14955,20,23
timeStep,numberOfRobotsOnBlackSite,numberOfRobotsOnWhiteSite
14956,20,23
timeStep,numberOfRobotsOnBlackSite,numberOfRobotsOnWhiteSite
14957,20,23
timeStep,numberOfRobotsOnBlackSite,numberOfRobotsOnWhiteSite
14958,20,23
timeStep,numberOfRobotsOnBlackSite,numberOfRobotsOnWhiteSite
14959,20,23
timeStep,numberOfRobotsOnBlackSite,numberOfRobotsOnWhiteSite
14960,20,23
timeStep,numberOfRobotsOnBlackSite,numberOfRobotsOnWhiteSite
14961,20,23
timeStep,numberOfRobotsOnBlackSite,numberOfRobotsOnWhiteSite
14962,20,23
timeStep,numberOfRobotsOnBlackSite,numberOfRobotsOnWhiteSite
14963,20,23
timeStep,numberOfRobotsOnBlackSite,numberOfRobotsOnWhiteSite
14964,20,23
timeStep,numberOfRobotsOnBlackSite,numberOfRobotsOnWhiteSite
14965,20,23
timeStep,numberOfRobotsOnBlackSite,numberOfRobotsOnWhiteSite
14966,20,23
timeStep,numberOfRobotsOnBlackSite,numberOfRobotsOnWhiteSite
14967,20,23
timeStep,numberOfRobotsOnBlackSite,numberOfRobotsOnWhiteSite
14968,20,23
timeStep,numberOfRobotsOnBlackSite,numberOfRobotsOnWhiteSite
14969,20,23
timeStep,numberOfRobotsOnBlackSite,numberOfRobotsOnWhiteSite
14970,20,23
timeStep,numberOfRobotsOnBlackSite,numberOfRobotsOnWhiteSite
14971,20,23
timeStep,numberOfRobotsOnBlackSite,numberOfRobotsOnWhiteSite
14972,20,23
timeStep,numberOfRobotsOnBlackSite,numberOfRobotsOnWhiteSite
14973,20,23
timeStep,numberOfRobotsOnBlackSite,numberOfRobotsOnWhiteSite
14974,20,23
timeStep,numberOfRobotsOnBlackSite,numberOfRobotsOnWhiteSite
14975,20,23
timeStep,numberOfRobotsOnBlackSite,numberOfRobotsOnWhiteSite
14976,20,23
timeStep,numberOfRobotsOnBlackSite,numberOfRobotsOnWhiteSite
14977,20,23
timeStep,numberOfRobotsOnBlackSite,numberOfRobotsOnWhiteSite
14978,20,23
timeStep,numberOfRobotsOnBlackSite,numberOfRobotsOnWhiteSite
14979,20,23
timeStep,numberOfRobotsOnBlackSite,numberOfRobotsOnWhiteSite
14980,20,24
timeStep,numberOfRobotsOnBlackSite,numberOfRobotsOnWhiteSite
14981,20,24
timeStep,numberOfRobotsOnBlackSite,numberOfRobotsOnWhiteSite
14982,20,24
timeStep,numberOfRobotsOnBlackSite,numberOfRobotsOnWhiteSite
14983,20,24
timeStep,numberOfRobotsOnBlackSite,numberOfRobotsOnWhiteSite
14984,20,24
timeStep,numberOfRobotsOnBlackSite,numberOfRobotsOnWhiteSite
14985,20,24
timeStep,numberOfRobotsOnBlackSite,numberOfRobotsOnWhiteSite
14986,20,24
timeStep,numberOfRobotsOnBlackSite,numberOfRobotsOnWhiteSite
14987,20,24
timeStep,numberOfRobotsOnBlackSite,numberOfRobotsOnWhiteSite
14988,20,24
timeStep,numberOfRobotsOnBlackSite,numberOfRobotsOnWhiteSite
14989,20,24
timeStep,numberOfRobotsOnBlackSite,numberOfRobotsOnWhiteSite
14990,20,24
timeStep,numberOfRobotsOnBlackSite,numberOfRobotsOnWhiteSite
14991,20,24
timeStep,numberOfRobotsOnBlackSite,numberOfRobotsOnWhiteSite
14992,20,24
timeStep,numberOfRobotsOnBlackSite,numberOfRobotsOnWhiteSite
14993,20,24
timeStep,numberOfRobotsOnBlackSite,numberOfRobotsOnWhiteSite
14994,20,24
timeStep,numberOfRobotsOnBlackSite,numberOfRobotsOnWhiteSite
14995,20,24
timeStep,numberOfRobotsOnBlackSite,numberOfRobotsOnWhiteSite
14996,20,24
timeStep,numberOfRobotsOnBlackSite,numberOfRobotsOnWhiteSite
14997,20,24
timeStep,numberOfRobotsOnBlackSite,numberOfRobotsOnWhiteSite
14998,20,24
timeStep,numberOfRobotsOnBlackSite,numberOfRobotsOnWhiteSite
14999,20,24
timeStep,numberOfRobotsOnBlackSite,numberOfRobotsOnWhiteSite
15000,20,24
timeStep,numberOfRobotsOnBlackSite,numberOfRobotsOnWhiteSite
15001,20,24
timeStep,numberOfRobotsOnBlackSite,numberOfRobotsOnWhiteSite
15002,20,24
timeStep,numberOfRobotsOnBlackSite,numberOfRobotsOnWhiteSite
15003,20,24
timeStep,numberOfRobotsOnBlackSite,numberOfRobotsOnWhiteSite
15004,20,24
timeStep,numberOfRobotsOnBlackSite,numberOfRobotsOnWhiteSite
15005,20,24
timeStep,numberOfRobotsOnBlackSite,numberOfRobotsOnWhiteSite
15006,20,24
timeStep,numberOfRobotsOnBlackSite,numberOfRobotsOnWhiteSite
15007,20,24
timeStep,numberOfRobotsOnBlackSite,numberOfRobotsOnWhiteSite
15008,20,24
timeStep,numberOfRobotsOnBlackSite,numberOfRobotsOnWhiteSite
15009,20,24
timeStep,numberOfRobotsOnBlackSite,numberOfRobotsOnWhiteSite
15010,20,24
timeStep,numberOfRobotsOnBlackSite,numberOfRobotsOnWhiteSite
15011,20,24
timeStep,numberOfRobotsOnBlackSite,numberOfRobotsOnWhiteSite
15012,20,24
timeStep,numberOfRobotsOnBlackSite,numberOfRobotsOnWhiteSite
15013,20,24
timeStep,numberOfRobotsOnBlackSite,numberOfRobotsOnWhiteSite
15014,20,24
timeStep,numberOfRobotsOnBlackSite,numberOfRobotsOnWhiteSite
15015,20,23
timeStep,numberOfRobotsOnBlackSite,numberOfRobotsOnWhiteSite
15016,20,23
timeStep,numberOfRobotsOnBlackSite,numberOfRobotsOnWhiteSite
15017,20,23
timeStep,numberOfRobotsOnBlackSite,numberOfRobotsOnWhiteSite
15018,20,23
timeStep,numberOfRobotsOnBlackSite,numberOfRobotsOnWhiteSite
15019,20,23
timeStep,numberOfRobotsOnBlackSite,numberOfRobotsOnWhiteSite
15020,20,23
timeStep,numberOfRobotsOnBlackSite,numberOfRobotsOnWhiteSite
15021,20,23
timeStep,numberOfRobotsOnBlackSite,numberOfRobotsOnWhiteSite
15022,20,23
timeStep,numberOfRobotsOnBlackSite,numberOfRobotsOnWhiteSite
15023,20,23
timeStep,numberOfRobotsOnBlackSite,numberOfRobotsOnWhiteSite
15024,20,23
timeStep,numberOfRobotsOnBlackSite,numberOfRobotsOnWhiteSite
15025,20,23
timeStep,numberOfRobotsOnBlackSite,numberOfRobotsOnWhiteSite
15026,20,23
timeStep,numberOfRobotsOnBlackSite,numberOfRobotsOnWhiteSite
15027,20,23
timeStep,numberOfRobotsOnBlackSite,numberOfRobotsOnWhiteSite
15028,20,23
timeStep,numberOfRobotsOnBlackSite,numberOfRobotsOnWhiteSite
15029,20,23
timeStep,numberOfRobotsOnBlackSite,numberOfRobotsOnWhiteSite
15030,20,23
timeStep,numberOfRobotsOnBlackSite,numberOfRobotsOnWhiteSite
15031,20,23
timeStep,numberOfRobotsOnBlackSite,numberOfRobotsOnWhiteSite
15032,20,23
timeStep,numberOfRobotsOnBlackSite,numberOfRobotsOnWhiteSite
15033,20,23
timeStep,numberOfRobotsOnBlackSite,numberOfRobotsOnWhiteSite
15034,20,23
timeStep,numberOfRobotsOnBlackSite,numberOfRobotsOnWhiteSite
15035,20,23
timeStep,numberOfRobotsOnBlackSite,numberOfRobotsOnWhiteSite
15036,20,23
timeStep,numberOfRobotsOnBlackSite,numberOfRobotsOnWhiteSite
15037,20,23
timeStep,numberOfRobotsOnBlackSite,numberOfRobotsOnWhiteSite
15038,20,23
timeStep,numberOfRobotsOnBlackSite,numberOfRobotsOnWhiteSite
15039,20,23
timeStep,numberOfRobotsOnBlackSite,numberOfRobotsOnWhiteSite
15040,20,24
timeStep,numberOfRobotsOnBlackSite,numberOfRobotsOnWhiteSite
15041,20,24
timeStep,numberOfRobotsOnBlackSite,numberOfRobotsOnWhiteSite
15042,20,24
timeStep,numberOfRobotsOnBlackSite,numberOfRobotsOnWhiteSite
15043,20,24
timeStep,numberOfRobotsOnBlackSite,numberOfRobotsOnWhiteSite
15044,20,24
timeStep,numberOfRobotsOnBlackSite,numberOfRobotsOnWhiteSite
15045,20,24
timeStep,numberOfRobotsOnBlackSite,numberOfRobotsOnWhiteSite
15046,20,24
timeStep,numberOfRobotsOnBlackSite,numberOfRobotsOnWhiteSite
15047,20,24
timeStep,numberOfRobotsOnBlackSite,numberOfRobotsOnWhiteSite
15048,20,24
timeStep,numberOfRobotsOnBlackSite,numberOfRobotsOnWhiteSite
15049,20,24
timeStep,numberOfRobotsOnBlackSite,numberOfRobotsOnWhiteSite
15050,20,24
timeStep,numberOfRobotsOnBlackSite,numberOfRobotsOnWhiteSite
15051,20,24
timeStep,numberOfRobotsOnBlackSite,numberOfRobotsOnWhiteSite
15052,20,24
timeStep,numberOfRobotsOnBlackSite,numberOfRobotsOnWhiteSite
15053,20,24
timeStep,numberOfRobotsOnBlackSite,numberOfRobotsOnWhiteSite
15054,20,24
timeStep,numberOfRobotsOnBlackSite,numberOfRobotsOnWhiteSite
15055,20,24
timeStep,numberOfRobotsOnBlackSite,numberOfRobotsOnWhiteSite
15056,20,24
timeStep,numberOfRobotsOnBlackSite,numberOfRobotsOnWhiteSite
15057,20,24
timeStep,numberOfRobotsOnBlackSite,numberOfRobotsOnWhiteSite
15058,20,24
timeStep,numberOfRobotsOnBlackSite,numberOfRobotsOnWhiteSite
15059,20,24
timeStep,numberOfRobotsOnBlackSite,numberOfRobotsOnWhiteSite
15060,20,23
timeStep,numberOfRobotsOnBlackSite,numberOfRobotsOnWhiteSite
15061,20,23
timeStep,numberOfRobotsOnBlackSite,numberOfRobotsOnWhiteSite
15062,20,23
timeStep,numberOfRobotsOnBlackSite,numberOfRobotsOnWhiteSite
15063,20,23
timeStep,numberOfRobotsOnBlackSite,numberOfRobotsOnWhiteSite
15064,20,23
timeStep,numberOfRobotsOnBlackSite,numberOfRobotsOnWhiteSite
15065,20,23
timeStep,numberOfRobotsOnBlackSite,numberOfRobotsOnWhiteSite
15066,20,23
timeStep,numberOfRobotsOnBlackSite,numberOfRobotsOnWhiteSite
15067,20,23
timeStep,numberOfRobotsOnBlackSite,numberOfRobotsOnWhiteSite
15068,20,23
timeStep,numberOfRobotsOnBlackSite,numberOfRobotsOnWhiteSite
15069,20,23
timeStep,numberOfRobotsOnBlackSite,numberOfRobotsOnWhiteSite
15070,20,23
timeStep,numberOfRobotsOnBlackSite,numberOfRobotsOnWhiteSite
15071,20,23
timeStep,numberOfRobotsOnBlackSite,numberOfRobotsOnWhiteSite
15072,20,23
timeStep,numberOfRobotsOnBlackSite,numberOfRobotsOnWhiteSite
15073,20,23
timeStep,numberOfRobotsOnBlackSite,numberOfRobotsOnWhiteSite
15074,20,23
timeStep,numberOfRobotsOnBlackSite,numberOfRobotsOnWhiteSite
15075,20,23
timeStep,numberOfRobotsOnBlackSite,numberOfRobotsOnWhiteSite
15076,20,23
timeStep,numberOfRobotsOnBlackSite,numberOfRobotsOnWhiteSite
15077,20,23
timeStep,numberOfRobotsOnBlackSite,numberOfRobotsOnWhiteSite
15078,20,23
timeStep,numberOfRobotsOnBlackSite,numberOfRobotsOnWhiteSite
15079,20,23
timeStep,numberOfRobotsOnBlackSite,numberOfRobotsOnWhiteSite
15080,20,23
timeStep,numberOfRobotsOnBlackSite,numberOfRobotsOnWhiteSite
15081,20,23
timeStep,numberOfRobotsOnBlackSite,numberOfRobotsOnWhiteSite
15082,20,23
timeStep,numberOfRobotsOnBlackSite,numberOfRobotsOnWhiteSite
15083,20,23
timeStep,numberOfRobotsOnBlackSite,numberOfRobotsOnWhiteSite
15084,20,23
timeStep,numberOfRobotsOnBlackSite,numberOfRobotsOnWhiteSite
15085,20,23
timeStep,numberOfRobotsOnBlackSite,numberOfRobotsOnWhiteSite
15086,20,23
timeStep,numberOfRobotsOnBlackSite,numberOfRobotsOnWhiteSite
15087,20,23
timeStep,numberOfRobotsOnBlackSite,numberOfRobotsOnWhiteSite
15088,20,23
timeStep,numberOfRobotsOnBlackSite,numberOfRobotsOnWhiteSite
15089,20,23
timeStep,numberOfRobotsOnBlackSite,numberOfRobotsOnWhiteSite
15090,20,23
timeStep,numberOfRobotsOnBlackSite,numberOfRobotsOnWhiteSite
15091,20,23
timeStep,numberOfRobotsOnBlackSite,numberOfRobotsOnWhiteSite
15092,20,23
timeStep,numberOfRobotsOnBlackSite,numberOfRobotsOnWhiteSite
15093,20,23
timeStep,numberOfRobotsOnBlackSite,numberOfRobotsOnWhiteSite
15094,20,23
timeStep,numberOfRobotsOnBlackSite,numberOfRobotsOnWhiteSite
15095,20,23
timeStep,numberOfRobotsOnBlackSite,numberOfRobotsOnWhiteSite
15096,20,23
timeStep,numberOfRobotsOnBlackSite,numberOfRobotsOnWhiteSite
15097,20,23
timeStep,numberOfRobotsOnBlackSite,numberOfRobotsOnWhiteSite
15098,20,23
timeStep,numberOfRobotsOnBlackSite,numberOfRobotsOnWhiteSite
15099,20,23
timeStep,numberOfRobotsOnBlackSite,numberOfRobotsOnWhiteSite
15100,20,23
timeStep,numberOfRobotsOnBlackSite,numberOfRobotsOnWhiteSite
15101,20,23
timeStep,numberOfRobotsOnBlackSite,numberOfRobotsOnWhiteSite
15102,20,23
timeStep,numberOfRobotsOnBlackSite,numberOfRobotsOnWhiteSite
15103,20,23
timeStep,numberOfRobotsOnBlackSite,numberOfRobotsOnWhiteSite
15104,20,23
timeStep,numberOfRobotsOnBlackSite,numberOfRobotsOnWhiteSite
15105,20,23
timeStep,numberOfRobotsOnBlackSite,numberOfRobotsOnWhiteSite
15106,20,23
timeStep,numberOfRobotsOnBlackSite,numberOfRobotsOnWhiteSite
15107,20,23
timeStep,numberOfRobotsOnBlackSite,numberOfRobotsOnWhiteSite
15108,20,23
timeStep,numberOfRobotsOnBlackSite,numberOfRobotsOnWhiteSite
15109,20,23
timeStep,numberOfRobotsOnBlackSite,numberOfRobotsOnWhiteSite
15110,20,23
timeStep,numberOfRobotsOnBlackSite,numberOfRobotsOnWhiteSite
15111,20,23
timeStep,numberOfRobotsOnBlackSite,numberOfRobotsOnWhiteSite
15112,20,23
timeStep,numberOfRobotsOnBlackSite,numberOfRobotsOnWhiteSite
15113,20,23
timeStep,numberOfRobotsOnBlackSite,numberOfRobotsOnWhiteSite
15114,20,23
timeStep,numberOfRobotsOnBlackSite,numberOfRobotsOnWhiteSite
15115,20,23
timeStep,numberOfRobotsOnBlackSite,numberOfRobotsOnWhiteSite
15116,20,23
timeStep,numberOfRobotsOnBlackSite,numberOfRobotsOnWhiteSite
15117,20,23
timeStep,numberOfRobotsOnBlackSite,numberOfRobotsOnWhiteSite
15118,20,23
timeStep,numberOfRobotsOnBlackSite,numberOfRobotsOnWhiteSite
15119,20,23
timeStep,numberOfRobotsOnBlackSite,numberOfRobotsOnWhiteSite
15120,20,23
timeStep,numberOfRobotsOnBlackSite,numberOfRobotsOnWhiteSite
15121,20,23
timeStep,numberOfRobotsOnBlackSite,numberOfRobotsOnWhiteSite
15122,20,23
timeStep,numberOfRobotsOnBlackSite,numberOfRobotsOnWhiteSite
15123,20,23
timeStep,numberOfRobotsOnBlackSite,numberOfRobotsOnWhiteSite
15124,20,23
timeStep,numberOfRobotsOnBlackSite,numberOfRobotsOnWhiteSite
15125,20,23
timeStep,numberOfRobotsOnBlackSite,numberOfRobotsOnWhiteSite
15126,20,23
timeStep,numberOfRobotsOnBlackSite,numberOfRobotsOnWhiteSite
15127,20,23
timeStep,numberOfRobotsOnBlackSite,numberOfRobotsOnWhiteSite
15128,20,23
timeStep,numberOfRobotsOnBlackSite,numberOfRobotsOnWhiteSite
15129,20,23
timeStep,numberOfRobotsOnBlackSite,numberOfRobotsOnWhiteSite
15130,20,23
timeStep,numberOfRobotsOnBlackSite,numberOfRobotsOnWhiteSite
15131,20,23
timeStep,numberOfRobotsOnBlackSite,numberOfRobotsOnWhiteSite
15132,20,23
timeStep,numberOfRobotsOnBlackSite,numberOfRobotsOnWhiteSite
15133,20,23
timeStep,numberOfRobotsOnBlackSite,numberOfRobotsOnWhiteSite
15134,20,23
timeStep,numberOfRobotsOnBlackSite,numberOfRobotsOnWhiteSite
15135,20,23
timeStep,numberOfRobotsOnBlackSite,numberOfRobotsOnWhiteSite
15136,20,23
timeStep,numberOfRobotsOnBlackSite,numberOfRobotsOnWhiteSite
15137,20,23
timeStep,numberOfRobotsOnBlackSite,numberOfRobotsOnWhiteSite
15138,20,23
timeStep,numberOfRobotsOnBlackSite,numberOfRobotsOnWhiteSite
15139,20,23
timeStep,numberOfRobotsOnBlackSite,numberOfRobotsOnWhiteSite
15140,20,23
timeStep,numberOfRobotsOnBlackSite,numberOfRobotsOnWhiteSite
15141,20,23
timeStep,numberOfRobotsOnBlackSite,numberOfRobotsOnWhiteSite
15142,20,23
timeStep,numberOfRobotsOnBlackSite,numberOfRobotsOnWhiteSite
15143,20,23
timeStep,numberOfRobotsOnBlackSite,numberOfRobotsOnWhiteSite
15144,20,23
timeStep,numberOfRobotsOnBlackSite,numberOfRobotsOnWhiteSite
15145,19,23
timeStep,numberOfRobotsOnBlackSite,numberOfRobotsOnWhiteSite
15146,19,23
timeStep,numberOfRobotsOnBlackSite,numberOfRobotsOnWhiteSite
15147,19,23
timeStep,numberOfRobotsOnBlackSite,numberOfRobotsOnWhiteSite
15148,19,23
timeStep,numberOfRobotsOnBlackSite,numberOfRobotsOnWhiteSite
15149,19,23
timeStep,numberOfRobotsOnBlackSite,numberOfRobotsOnWhiteSite
15150,19,23
timeStep,numberOfRobotsOnBlackSite,numberOfRobotsOnWhiteSite
15151,19,23
timeStep,numberOfRobotsOnBlackSite,numberOfRobotsOnWhiteSite
15152,19,23
timeStep,numberOfRobotsOnBlackSite,numberOfRobotsOnWhiteSite
15153,19,23
timeStep,numberOfRobotsOnBlackSite,numberOfRobotsOnWhiteSite
15154,19,23
timeStep,numberOfRobotsOnBlackSite,numberOfRobotsOnWhiteSite
15155,19,23
timeStep,numberOfRobotsOnBlackSite,numberOfRobotsOnWhiteSite
15156,19,23
timeStep,numberOfRobotsOnBlackSite,numberOfRobotsOnWhiteSite
15157,19,23
timeStep,numberOfRobotsOnBlackSite,numberOfRobotsOnWhiteSite
15158,19,23
timeStep,numberOfRobotsOnBlackSite,numberOfRobotsOnWhiteSite
15159,19,23
timeStep,numberOfRobotsOnBlackSite,numberOfRobotsOnWhiteSite
15160,20,23
timeStep,numberOfRobotsOnBlackSite,numberOfRobotsOnWhiteSite
15161,20,23
timeStep,numberOfRobotsOnBlackSite,numberOfRobotsOnWhiteSite
15162,20,23
timeStep,numberOfRobotsOnBlackSite,numberOfRobotsOnWhiteSite
15163,20,23
timeStep,numberOfRobotsOnBlackSite,numberOfRobotsOnWhiteSite
15164,20,23
timeStep,numberOfRobotsOnBlackSite,numberOfRobotsOnWhiteSite
15165,20,23
timeStep,numberOfRobotsOnBlackSite,numberOfRobotsOnWhiteSite
15166,20,23
timeStep,numberOfRobotsOnBlackSite,numberOfRobotsOnWhiteSite
15167,20,23
timeStep,numberOfRobotsOnBlackSite,numberOfRobotsOnWhiteSite
15168,20,23
timeStep,numberOfRobotsOnBlackSite,numberOfRobotsOnWhiteSite
15169,20,23
timeStep,numberOfRobotsOnBlackSite,numberOfRobotsOnWhiteSite
15170,20,23
timeStep,numberOfRobotsOnBlackSite,numberOfRobotsOnWhiteSite
15171,20,23
timeStep,numberOfRobotsOnBlackSite,numberOfRobotsOnWhiteSite
15172,20,23
timeStep,numberOfRobotsOnBlackSite,numberOfRobotsOnWhiteSite
15173,20,23
timeStep,numberOfRobotsOnBlackSite,numberOfRobotsOnWhiteSite
15174,20,23
timeStep,numberOfRobotsOnBlackSite,numberOfRobotsOnWhiteSite
15175,20,23
timeStep,numberOfRobotsOnBlackSite,numberOfRobotsOnWhiteSite
15176,20,23
timeStep,numberOfRobotsOnBlackSite,numberOfRobotsOnWhiteSite
15177,20,23
timeStep,numberOfRobotsOnBlackSite,numberOfRobotsOnWhiteSite
15178,20,23
timeStep,numberOfRobotsOnBlackSite,numberOfRobotsOnWhiteSite
15179,20,23
timeStep,numberOfRobotsOnBlackSite,numberOfRobotsOnWhiteSite
15180,20,23
timeStep,numberOfRobotsOnBlackSite,numberOfRobotsOnWhiteSite
15181,20,23
timeStep,numberOfRobotsOnBlackSite,numberOfRobotsOnWhiteSite
15182,20,23
timeStep,numberOfRobotsOnBlackSite,numberOfRobotsOnWhiteSite
15183,20,23
timeStep,numberOfRobotsOnBlackSite,numberOfRobotsOnWhiteSite
15184,20,23
timeStep,numberOfRobotsOnBlackSite,numberOfRobotsOnWhiteSite
15185,20,23
timeStep,numberOfRobotsOnBlackSite,numberOfRobotsOnWhiteSite
15186,20,23
timeStep,numberOfRobotsOnBlackSite,numberOfRobotsOnWhiteSite
15187,20,23
timeStep,numberOfRobotsOnBlackSite,numberOfRobotsOnWhiteSite
15188,20,23
timeStep,numberOfRobotsOnBlackSite,numberOfRobotsOnWhiteSite
15189,20,23
timeStep,numberOfRobotsOnBlackSite,numberOfRobotsOnWhiteSite
15190,20,23
timeStep,numberOfRobotsOnBlackSite,numberOfRobotsOnWhiteSite
15191,20,23
timeStep,numberOfRobotsOnBlackSite,numberOfRobotsOnWhiteSite
15192,20,23
timeStep,numberOfRobotsOnBlackSite,numberOfRobotsOnWhiteSite
15193,20,23
timeStep,numberOfRobotsOnBlackSite,numberOfRobotsOnWhiteSite
15194,20,23
timeStep,numberOfRobotsOnBlackSite,numberOfRobotsOnWhiteSite
15195,20,23
timeStep,numberOfRobotsOnBlackSite,numberOfRobotsOnWhiteSite
15196,20,23
timeStep,numberOfRobotsOnBlackSite,numberOfRobotsOnWhiteSite
15197,20,23
timeStep,numberOfRobotsOnBlackSite,numberOfRobotsOnWhiteSite
15198,20,23
timeStep,numberOfRobotsOnBlackSite,numberOfRobotsOnWhiteSite
15199,20,23
timeStep,numberOfRobotsOnBlackSite,numberOfRobotsOnWhiteSite
15200,20,23
timeStep,numberOfRobotsOnBlackSite,numberOfRobotsOnWhiteSite
15201,20,23
timeStep,numberOfRobotsOnBlackSite,numberOfRobotsOnWhiteSite
15202,20,23
timeStep,numberOfRobotsOnBlackSite,numberOfRobotsOnWhiteSite
15203,20,23
timeStep,numberOfRobotsOnBlackSite,numberOfRobotsOnWhiteSite
15204,20,23
timeStep,numberOfRobotsOnBlackSite,numberOfRobotsOnWhiteSite
15205,20,23
timeStep,numberOfRobotsOnBlackSite,numberOfRobotsOnWhiteSite
15206,20,23
timeStep,numberOfRobotsOnBlackSite,numberOfRobotsOnWhiteSite
15207,20,23
timeStep,numberOfRobotsOnBlackSite,numberOfRobotsOnWhiteSite
15208,20,23
timeStep,numberOfRobotsOnBlackSite,numberOfRobotsOnWhiteSite
15209,20,23
timeStep,numberOfRobotsOnBlackSite,numberOfRobotsOnWhiteSite
15210,20,23
timeStep,numberOfRobotsOnBlackSite,numberOfRobotsOnWhiteSite
15211,20,23
timeStep,numberOfRobotsOnBlackSite,numberOfRobotsOnWhiteSite
15212,20,23
timeStep,numberOfRobotsOnBlackSite,numberOfRobotsOnWhiteSite
15213,20,23
timeStep,numberOfRobotsOnBlackSite,numberOfRobotsOnWhiteSite
15214,20,23
timeStep,numberOfRobotsOnBlackSite,numberOfRobotsOnWhiteSite
15215,20,23
timeStep,numberOfRobotsOnBlackSite,numberOfRobotsOnWhiteSite
15216,20,23
timeStep,numberOfRobotsOnBlackSite,numberOfRobotsOnWhiteSite
15217,20,23
timeStep,numberOfRobotsOnBlackSite,numberOfRobotsOnWhiteSite
15218,20,23
timeStep,numberOfRobotsOnBlackSite,numberOfRobotsOnWhiteSite
15219,20,23
timeStep,numberOfRobotsOnBlackSite,numberOfRobotsOnWhiteSite
15220,20,23
timeStep,numberOfRobotsOnBlackSite,numberOfRobotsOnWhiteSite
15221,20,23
timeStep,numberOfRobotsOnBlackSite,numberOfRobotsOnWhiteSite
15222,20,23
timeStep,numberOfRobotsOnBlackSite,numberOfRobotsOnWhiteSite
15223,20,23
timeStep,numberOfRobotsOnBlackSite,numberOfRobotsOnWhiteSite
15224,20,23
timeStep,numberOfRobotsOnBlackSite,numberOfRobotsOnWhiteSite
15225,20,23
timeStep,numberOfRobotsOnBlackSite,numberOfRobotsOnWhiteSite
15226,20,23
timeStep,numberOfRobotsOnBlackSite,numberOfRobotsOnWhiteSite
15227,20,23
timeStep,numberOfRobotsOnBlackSite,numberOfRobotsOnWhiteSite
15228,20,23
timeStep,numberOfRobotsOnBlackSite,numberOfRobotsOnWhiteSite
15229,20,23
timeStep,numberOfRobotsOnBlackSite,numberOfRobotsOnWhiteSite
15230,20,23
timeStep,numberOfRobotsOnBlackSite,numberOfRobotsOnWhiteSite
15231,20,23
timeStep,numberOfRobotsOnBlackSite,numberOfRobotsOnWhiteSite
15232,20,23
timeStep,numberOfRobotsOnBlackSite,numberOfRobotsOnWhiteSite
15233,20,23
timeStep,numberOfRobotsOnBlackSite,numberOfRobotsOnWhiteSite
15234,20,23
timeStep,numberOfRobotsOnBlackSite,numberOfRobotsOnWhiteSite
15235,20,23
timeStep,numberOfRobotsOnBlackSite,numberOfRobotsOnWhiteSite
15236,20,23
timeStep,numberOfRobotsOnBlackSite,numberOfRobotsOnWhiteSite
15237,20,23
timeStep,numberOfRobotsOnBlackSite,numberOfRobotsOnWhiteSite
15238,20,23
timeStep,numberOfRobotsOnBlackSite,numberOfRobotsOnWhiteSite
15239,20,23
timeStep,numberOfRobotsOnBlackSite,numberOfRobotsOnWhiteSite
15240,20,23
timeStep,numberOfRobotsOnBlackSite,numberOfRobotsOnWhiteSite
15241,20,23
timeStep,numberOfRobotsOnBlackSite,numberOfRobotsOnWhiteSite
15242,20,23
timeStep,numberOfRobotsOnBlackSite,numberOfRobotsOnWhiteSite
15243,20,23
timeStep,numberOfRobotsOnBlackSite,numberOfRobotsOnWhiteSite
15244,20,23
timeStep,numberOfRobotsOnBlackSite,numberOfRobotsOnWhiteSite
15245,20,23
timeStep,numberOfRobotsOnBlackSite,numberOfRobotsOnWhiteSite
15246,20,23
timeStep,numberOfRobotsOnBlackSite,numberOfRobotsOnWhiteSite
15247,20,23
timeStep,numberOfRobotsOnBlackSite,numberOfRobotsOnWhiteSite
15248,20,23
timeStep,numberOfRobotsOnBlackSite,numberOfRobotsOnWhiteSite
15249,20,23
timeStep,numberOfRobotsOnBlackSite,numberOfRobotsOnWhiteSite
15250,20,23
timeStep,numberOfRobotsOnBlackSite,numberOfRobotsOnWhiteSite
15251,20,23
timeStep,numberOfRobotsOnBlackSite,numberOfRobotsOnWhiteSite
15252,20,23
timeStep,numberOfRobotsOnBlackSite,numberOfRobotsOnWhiteSite
15253,20,23
timeStep,numberOfRobotsOnBlackSite,numberOfRobotsOnWhiteSite
15254,20,23
timeStep,numberOfRobotsOnBlackSite,numberOfRobotsOnWhiteSite
15255,20,23
timeStep,numberOfRobotsOnBlackSite,numberOfRobotsOnWhiteSite
15256,20,23
timeStep,numberOfRobotsOnBlackSite,numberOfRobotsOnWhiteSite
15257,20,23
timeStep,numberOfRobotsOnBlackSite,numberOfRobotsOnWhiteSite
15258,20,23
timeStep,numberOfRobotsOnBlackSite,numberOfRobotsOnWhiteSite
15259,20,23
timeStep,numberOfRobotsOnBlackSite,numberOfRobotsOnWhiteSite
15260,20,23
timeStep,numberOfRobotsOnBlackSite,numberOfRobotsOnWhiteSite
15261,20,23
timeStep,numberOfRobotsOnBlackSite,numberOfRobotsOnWhiteSite
15262,20,23
timeStep,numberOfRobotsOnBlackSite,numberOfRobotsOnWhiteSite
15263,20,23
timeStep,numberOfRobotsOnBlackSite,numberOfRobotsOnWhiteSite
15264,20,23
timeStep,numberOfRobotsOnBlackSite,numberOfRobotsOnWhiteSite
15265,20,23
timeStep,numberOfRobotsOnBlackSite,numberOfRobotsOnWhiteSite
15266,20,23
timeStep,numberOfRobotsOnBlackSite,numberOfRobotsOnWhiteSite
15267,20,23
timeStep,numberOfRobotsOnBlackSite,numberOfRobotsOnWhiteSite
15268,20,23
timeStep,numberOfRobotsOnBlackSite,numberOfRobotsOnWhiteSite
15269,20,23
timeStep,numberOfRobotsOnBlackSite,numberOfRobotsOnWhiteSite
15270,20,23
timeStep,numberOfRobotsOnBlackSite,numberOfRobotsOnWhiteSite
15271,20,23
timeStep,numberOfRobotsOnBlackSite,numberOfRobotsOnWhiteSite
15272,20,23
timeStep,numberOfRobotsOnBlackSite,numberOfRobotsOnWhiteSite
15273,20,23
timeStep,numberOfRobotsOnBlackSite,numberOfRobotsOnWhiteSite
15274,20,23
timeStep,numberOfRobotsOnBlackSite,numberOfRobotsOnWhiteSite
15275,20,23
timeStep,numberOfRobotsOnBlackSite,numberOfRobotsOnWhiteSite
15276,20,23
timeStep,numberOfRobotsOnBlackSite,numberOfRobotsOnWhiteSite
15277,20,23
timeStep,numberOfRobotsOnBlackSite,numberOfRobotsOnWhiteSite
15278,20,23
timeStep,numberOfRobotsOnBlackSite,numberOfRobotsOnWhiteSite
15279,20,23
timeStep,numberOfRobotsOnBlackSite,numberOfRobotsOnWhiteSite
15280,20,23
timeStep,numberOfRobotsOnBlackSite,numberOfRobotsOnWhiteSite
15281,20,23
timeStep,numberOfRobotsOnBlackSite,numberOfRobotsOnWhiteSite
15282,20,23
timeStep,numberOfRobotsOnBlackSite,numberOfRobotsOnWhiteSite
15283,20,23
timeStep,numberOfRobotsOnBlackSite,numberOfRobotsOnWhiteSite
15284,20,23
timeStep,numberOfRobotsOnBlackSite,numberOfRobotsOnWhiteSite
15285,20,23
timeStep,numberOfRobotsOnBlackSite,numberOfRobotsOnWhiteSite
15286,20,23
timeStep,numberOfRobotsOnBlackSite,numberOfRobotsOnWhiteSite
15287,20,23
timeStep,numberOfRobotsOnBlackSite,numberOfRobotsOnWhiteSite
15288,20,23
timeStep,numberOfRobotsOnBlackSite,numberOfRobotsOnWhiteSite
15289,20,23
timeStep,numberOfRobotsOnBlackSite,numberOfRobotsOnWhiteSite
15290,20,23
timeStep,numberOfRobotsOnBlackSite,numberOfRobotsOnWhiteSite
15291,20,23
timeStep,numberOfRobotsOnBlackSite,numberOfRobotsOnWhiteSite
15292,20,23
timeStep,numberOfRobotsOnBlackSite,numberOfRobotsOnWhiteSite
15293,20,23
timeStep,numberOfRobotsOnBlackSite,numberOfRobotsOnWhiteSite
15294,20,23
timeStep,numberOfRobotsOnBlackSite,numberOfRobotsOnWhiteSite
15295,20,23
timeStep,numberOfRobotsOnBlackSite,numberOfRobotsOnWhiteSite
15296,20,23
timeStep,numberOfRobotsOnBlackSite,numberOfRobotsOnWhiteSite
15297,20,23
timeStep,numberOfRobotsOnBlackSite,numberOfRobotsOnWhiteSite
15298,20,23
timeStep,numberOfRobotsOnBlackSite,numberOfRobotsOnWhiteSite
15299,20,23
timeStep,numberOfRobotsOnBlackSite,numberOfRobotsOnWhiteSite
15300,20,23
timeStep,numberOfRobotsOnBlackSite,numberOfRobotsOnWhiteSite
15301,20,23
timeStep,numberOfRobotsOnBlackSite,numberOfRobotsOnWhiteSite
15302,20,23
timeStep,numberOfRobotsOnBlackSite,numberOfRobotsOnWhiteSite
15303,20,23
timeStep,numberOfRobotsOnBlackSite,numberOfRobotsOnWhiteSite
15304,20,23
timeStep,numberOfRobotsOnBlackSite,numberOfRobotsOnWhiteSite
15305,20,23
timeStep,numberOfRobotsOnBlackSite,numberOfRobotsOnWhiteSite
15306,20,23
timeStep,numberOfRobotsOnBlackSite,numberOfRobotsOnWhiteSite
15307,20,23
timeStep,numberOfRobotsOnBlackSite,numberOfRobotsOnWhiteSite
15308,20,23
timeStep,numberOfRobotsOnBlackSite,numberOfRobotsOnWhiteSite
15309,20,23
timeStep,numberOfRobotsOnBlackSite,numberOfRobotsOnWhiteSite
15310,20,22
timeStep,numberOfRobotsOnBlackSite,numberOfRobotsOnWhiteSite
15311,20,22
timeStep,numberOfRobotsOnBlackSite,numberOfRobotsOnWhiteSite
15312,20,22
timeStep,numberOfRobotsOnBlackSite,numberOfRobotsOnWhiteSite
15313,20,22
timeStep,numberOfRobotsOnBlackSite,numberOfRobotsOnWhiteSite
15314,20,22
timeStep,numberOfRobotsOnBlackSite,numberOfRobotsOnWhiteSite
15315,20,22
timeStep,numberOfRobotsOnBlackSite,numberOfRobotsOnWhiteSite
15316,20,22
timeStep,numberOfRobotsOnBlackSite,numberOfRobotsOnWhiteSite
15317,20,22
timeStep,numberOfRobotsOnBlackSite,numberOfRobotsOnWhiteSite
15318,20,22
timeStep,numberOfRobotsOnBlackSite,numberOfRobotsOnWhiteSite
15319,20,22
timeStep,numberOfRobotsOnBlackSite,numberOfRobotsOnWhiteSite
15320,20,22
timeStep,numberOfRobotsOnBlackSite,numberOfRobotsOnWhiteSite
15321,20,22
timeStep,numberOfRobotsOnBlackSite,numberOfRobotsOnWhiteSite
15322,20,22
timeStep,numberOfRobotsOnBlackSite,numberOfRobotsOnWhiteSite
15323,20,22
timeStep,numberOfRobotsOnBlackSite,numberOfRobotsOnWhiteSite
15324,20,22
timeStep,numberOfRobotsOnBlackSite,numberOfRobotsOnWhiteSite
15325,20,22
timeStep,numberOfRobotsOnBlackSite,numberOfRobotsOnWhiteSite
15326,20,22
timeStep,numberOfRobotsOnBlackSite,numberOfRobotsOnWhiteSite
15327,20,22
timeStep,numberOfRobotsOnBlackSite,numberOfRobotsOnWhiteSite
15328,20,22
timeStep,numberOfRobotsOnBlackSite,numberOfRobotsOnWhiteSite
15329,20,22
timeStep,numberOfRobotsOnBlackSite,numberOfRobotsOnWhiteSite
15330,20,22
timeStep,numberOfRobotsOnBlackSite,numberOfRobotsOnWhiteSite
15331,20,22
timeStep,numberOfRobotsOnBlackSite,numberOfRobotsOnWhiteSite
15332,20,22
timeStep,numberOfRobotsOnBlackSite,numberOfRobotsOnWhiteSite
15333,20,22
timeStep,numberOfRobotsOnBlackSite,numberOfRobotsOnWhiteSite
15334,20,22
timeStep,numberOfRobotsOnBlackSite,numberOfRobotsOnWhiteSite
15335,20,22
timeStep,numberOfRobotsOnBlackSite,numberOfRobotsOnWhiteSite
15336,20,22
timeStep,numberOfRobotsOnBlackSite,numberOfRobotsOnWhiteSite
15337,20,22
timeStep,numberOfRobotsOnBlackSite,numberOfRobotsOnWhiteSite
15338,20,22
timeStep,numberOfRobotsOnBlackSite,numberOfRobotsOnWhiteSite
15339,20,22
timeStep,numberOfRobotsOnBlackSite,numberOfRobotsOnWhiteSite
15340,20,22
timeStep,numberOfRobotsOnBlackSite,numberOfRobotsOnWhiteSite
15341,20,22
timeStep,numberOfRobotsOnBlackSite,numberOfRobotsOnWhiteSite
15342,20,22
timeStep,numberOfRobotsOnBlackSite,numberOfRobotsOnWhiteSite
15343,20,22
timeStep,numberOfRobotsOnBlackSite,numberOfRobotsOnWhiteSite
15344,20,22
timeStep,numberOfRobotsOnBlackSite,numberOfRobotsOnWhiteSite
15345,20,22
timeStep,numberOfRobotsOnBlackSite,numberOfRobotsOnWhiteSite
15346,20,22
timeStep,numberOfRobotsOnBlackSite,numberOfRobotsOnWhiteSite
15347,20,22
timeStep,numberOfRobotsOnBlackSite,numberOfRobotsOnWhiteSite
15348,20,22
timeStep,numberOfRobotsOnBlackSite,numberOfRobotsOnWhiteSite
15349,20,22
timeStep,numberOfRobotsOnBlackSite,numberOfRobotsOnWhiteSite
15350,20,22
timeStep,numberOfRobotsOnBlackSite,numberOfRobotsOnWhiteSite
15351,20,22
timeStep,numberOfRobotsOnBlackSite,numberOfRobotsOnWhiteSite
15352,20,22
timeStep,numberOfRobotsOnBlackSite,numberOfRobotsOnWhiteSite
15353,20,22
timeStep,numberOfRobotsOnBlackSite,numberOfRobotsOnWhiteSite
15354,20,22
timeStep,numberOfRobotsOnBlackSite,numberOfRobotsOnWhiteSite
15355,20,22
timeStep,numberOfRobotsOnBlackSite,numberOfRobotsOnWhiteSite
15356,20,22
timeStep,numberOfRobotsOnBlackSite,numberOfRobotsOnWhiteSite
15357,20,22
timeStep,numberOfRobotsOnBlackSite,numberOfRobotsOnWhiteSite
15358,20,22
timeStep,numberOfRobotsOnBlackSite,numberOfRobotsOnWhiteSite
15359,20,22
timeStep,numberOfRobotsOnBlackSite,numberOfRobotsOnWhiteSite
15360,20,22
timeStep,numberOfRobotsOnBlackSite,numberOfRobotsOnWhiteSite
15361,20,22
timeStep,numberOfRobotsOnBlackSite,numberOfRobotsOnWhiteSite
15362,20,22
timeStep,numberOfRobotsOnBlackSite,numberOfRobotsOnWhiteSite
15363,20,22
timeStep,numberOfRobotsOnBlackSite,numberOfRobotsOnWhiteSite
15364,20,22
timeStep,numberOfRobotsOnBlackSite,numberOfRobotsOnWhiteSite
15365,20,22
timeStep,numberOfRobotsOnBlackSite,numberOfRobotsOnWhiteSite
15366,20,22
timeStep,numberOfRobotsOnBlackSite,numberOfRobotsOnWhiteSite
15367,20,22
timeStep,numberOfRobotsOnBlackSite,numberOfRobotsOnWhiteSite
15368,20,22
timeStep,numberOfRobotsOnBlackSite,numberOfRobotsOnWhiteSite
15369,20,22
timeStep,numberOfRobotsOnBlackSite,numberOfRobotsOnWhiteSite
15370,20,22
timeStep,numberOfRobotsOnBlackSite,numberOfRobotsOnWhiteSite
15371,20,22
timeStep,numberOfRobotsOnBlackSite,numberOfRobotsOnWhiteSite
15372,20,22
timeStep,numberOfRobotsOnBlackSite,numberOfRobotsOnWhiteSite
15373,20,22
timeStep,numberOfRobotsOnBlackSite,numberOfRobotsOnWhiteSite
15374,20,22
timeStep,numberOfRobotsOnBlackSite,numberOfRobotsOnWhiteSite
15375,20,22
timeStep,numberOfRobotsOnBlackSite,numberOfRobotsOnWhiteSite
15376,20,22
timeStep,numberOfRobotsOnBlackSite,numberOfRobotsOnWhiteSite
15377,20,22
timeStep,numberOfRobotsOnBlackSite,numberOfRobotsOnWhiteSite
15378,20,22
timeStep,numberOfRobotsOnBlackSite,numberOfRobotsOnWhiteSite
15379,20,22
timeStep,numberOfRobotsOnBlackSite,numberOfRobotsOnWhiteSite
15380,20,22
timeStep,numberOfRobotsOnBlackSite,numberOfRobotsOnWhiteSite
15381,20,22
timeStep,numberOfRobotsOnBlackSite,numberOfRobotsOnWhiteSite
15382,20,22
timeStep,numberOfRobotsOnBlackSite,numberOfRobotsOnWhiteSite
15383,20,22
timeStep,numberOfRobotsOnBlackSite,numberOfRobotsOnWhiteSite
15384,20,22
timeStep,numberOfRobotsOnBlackSite,numberOfRobotsOnWhiteSite
15385,20,22
timeStep,numberOfRobotsOnBlackSite,numberOfRobotsOnWhiteSite
15386,20,22
timeStep,numberOfRobotsOnBlackSite,numberOfRobotsOnWhiteSite
15387,20,22
timeStep,numberOfRobotsOnBlackSite,numberOfRobotsOnWhiteSite
15388,20,22
timeStep,numberOfRobotsOnBlackSite,numberOfRobotsOnWhiteSite
15389,20,22
timeStep,numberOfRobotsOnBlackSite,numberOfRobotsOnWhiteSite
15390,20,22
timeStep,numberOfRobotsOnBlackSite,numberOfRobotsOnWhiteSite
15391,20,22
timeStep,numberOfRobotsOnBlackSite,numberOfRobotsOnWhiteSite
15392,20,22
timeStep,numberOfRobotsOnBlackSite,numberOfRobotsOnWhiteSite
15393,20,22
timeStep,numberOfRobotsOnBlackSite,numberOfRobotsOnWhiteSite
15394,20,22
timeStep,numberOfRobotsOnBlackSite,numberOfRobotsOnWhiteSite
15395,20,22
timeStep,numberOfRobotsOnBlackSite,numberOfRobotsOnWhiteSite
15396,20,22
timeStep,numberOfRobotsOnBlackSite,numberOfRobotsOnWhiteSite
15397,20,22
timeStep,numberOfRobotsOnBlackSite,numberOfRobotsOnWhiteSite
15398,20,22
timeStep,numberOfRobotsOnBlackSite,numberOfRobotsOnWhiteSite
15399,20,22
timeStep,numberOfRobotsOnBlackSite,numberOfRobotsOnWhiteSite
15400,20,22
timeStep,numberOfRobotsOnBlackSite,numberOfRobotsOnWhiteSite
15401,20,22
timeStep,numberOfRobotsOnBlackSite,numberOfRobotsOnWhiteSite
15402,20,22
timeStep,numberOfRobotsOnBlackSite,numberOfRobotsOnWhiteSite
15403,20,22
timeStep,numberOfRobotsOnBlackSite,numberOfRobotsOnWhiteSite
15404,20,22
timeStep,numberOfRobotsOnBlackSite,numberOfRobotsOnWhiteSite
15405,20,22
timeStep,numberOfRobotsOnBlackSite,numberOfRobotsOnWhiteSite
15406,20,22
timeStep,numberOfRobotsOnBlackSite,numberOfRobotsOnWhiteSite
15407,20,22
timeStep,numberOfRobotsOnBlackSite,numberOfRobotsOnWhiteSite
15408,20,22
timeStep,numberOfRobotsOnBlackSite,numberOfRobotsOnWhiteSite
15409,20,22
timeStep,numberOfRobotsOnBlackSite,numberOfRobotsOnWhiteSite
15410,20,22
timeStep,numberOfRobotsOnBlackSite,numberOfRobotsOnWhiteSite
15411,20,22
timeStep,numberOfRobotsOnBlackSite,numberOfRobotsOnWhiteSite
15412,20,22
timeStep,numberOfRobotsOnBlackSite,numberOfRobotsOnWhiteSite
15413,20,22
timeStep,numberOfRobotsOnBlackSite,numberOfRobotsOnWhiteSite
15414,20,22
timeStep,numberOfRobotsOnBlackSite,numberOfRobotsOnWhiteSite
15415,20,22
timeStep,numberOfRobotsOnBlackSite,numberOfRobotsOnWhiteSite
15416,20,22
timeStep,numberOfRobotsOnBlackSite,numberOfRobotsOnWhiteSite
15417,20,22
timeStep,numberOfRobotsOnBlackSite,numberOfRobotsOnWhiteSite
15418,20,22
timeStep,numberOfRobotsOnBlackSite,numberOfRobotsOnWhiteSite
15419,20,22
timeStep,numberOfRobotsOnBlackSite,numberOfRobotsOnWhiteSite
15420,20,22
timeStep,numberOfRobotsOnBlackSite,numberOfRobotsOnWhiteSite
15421,20,22
timeStep,numberOfRobotsOnBlackSite,numberOfRobotsOnWhiteSite
15422,20,22
timeStep,numberOfRobotsOnBlackSite,numberOfRobotsOnWhiteSite
15423,20,22
timeStep,numberOfRobotsOnBlackSite,numberOfRobotsOnWhiteSite
15424,20,22
timeStep,numberOfRobotsOnBlackSite,numberOfRobotsOnWhiteSite
15425,20,22
timeStep,numberOfRobotsOnBlackSite,numberOfRobotsOnWhiteSite
15426,20,22
timeStep,numberOfRobotsOnBlackSite,numberOfRobotsOnWhiteSite
15427,20,22
timeStep,numberOfRobotsOnBlackSite,numberOfRobotsOnWhiteSite
15428,20,22
timeStep,numberOfRobotsOnBlackSite,numberOfRobotsOnWhiteSite
15429,20,22
timeStep,numberOfRobotsOnBlackSite,numberOfRobotsOnWhiteSite
15430,20,22
timeStep,numberOfRobotsOnBlackSite,numberOfRobotsOnWhiteSite
15431,20,22
timeStep,numberOfRobotsOnBlackSite,numberOfRobotsOnWhiteSite
15432,20,22
timeStep,numberOfRobotsOnBlackSite,numberOfRobotsOnWhiteSite
15433,20,22
timeStep,numberOfRobotsOnBlackSite,numberOfRobotsOnWhiteSite
15434,20,22
timeStep,numberOfRobotsOnBlackSite,numberOfRobotsOnWhiteSite
15435,20,22
timeStep,numberOfRobotsOnBlackSite,numberOfRobotsOnWhiteSite
15436,20,22
timeStep,numberOfRobotsOnBlackSite,numberOfRobotsOnWhiteSite
15437,20,22
timeStep,numberOfRobotsOnBlackSite,numberOfRobotsOnWhiteSite
15438,20,22
timeStep,numberOfRobotsOnBlackSite,numberOfRobotsOnWhiteSite
15439,20,22
timeStep,numberOfRobotsOnBlackSite,numberOfRobotsOnWhiteSite
15440,20,22
timeStep,numberOfRobotsOnBlackSite,numberOfRobotsOnWhiteSite
15441,20,22
timeStep,numberOfRobotsOnBlackSite,numberOfRobotsOnWhiteSite
15442,20,22
timeStep,numberOfRobotsOnBlackSite,numberOfRobotsOnWhiteSite
15443,20,22
timeStep,numberOfRobotsOnBlackSite,numberOfRobotsOnWhiteSite
15444,20,22
timeStep,numberOfRobotsOnBlackSite,numberOfRobotsOnWhiteSite
15445,20,22
timeStep,numberOfRobotsOnBlackSite,numberOfRobotsOnWhiteSite
15446,20,22
timeStep,numberOfRobotsOnBlackSite,numberOfRobotsOnWhiteSite
15447,20,22
timeStep,numberOfRobotsOnBlackSite,numberOfRobotsOnWhiteSite
15448,20,22
timeStep,numberOfRobotsOnBlackSite,numberOfRobotsOnWhiteSite
15449,20,22
timeStep,numberOfRobotsOnBlackSite,numberOfRobotsOnWhiteSite
15450,20,22
timeStep,numberOfRobotsOnBlackSite,numberOfRobotsOnWhiteSite
15451,20,22
timeStep,numberOfRobotsOnBlackSite,numberOfRobotsOnWhiteSite
15452,20,22
timeStep,numberOfRobotsOnBlackSite,numberOfRobotsOnWhiteSite
15453,20,22
timeStep,numberOfRobotsOnBlackSite,numberOfRobotsOnWhiteSite
15454,20,22
timeStep,numberOfRobotsOnBlackSite,numberOfRobotsOnWhiteSite
15455,20,22
timeStep,numberOfRobotsOnBlackSite,numberOfRobotsOnWhiteSite
15456,20,22
timeStep,numberOfRobotsOnBlackSite,numberOfRobotsOnWhiteSite
15457,20,22
timeStep,numberOfRobotsOnBlackSite,numberOfRobotsOnWhiteSite
15458,20,22
timeStep,numberOfRobotsOnBlackSite,numberOfRobotsOnWhiteSite
15459,20,22
timeStep,numberOfRobotsOnBlackSite,numberOfRobotsOnWhiteSite
15460,20,22
timeStep,numberOfRobotsOnBlackSite,numberOfRobotsOnWhiteSite
15461,20,22
timeStep,numberOfRobotsOnBlackSite,numberOfRobotsOnWhiteSite
15462,20,22
timeStep,numberOfRobotsOnBlackSite,numberOfRobotsOnWhiteSite
15463,20,22
timeStep,numberOfRobotsOnBlackSite,numberOfRobotsOnWhiteSite
15464,20,22
timeStep,numberOfRobotsOnBlackSite,numberOfRobotsOnWhiteSite
15465,20,22
timeStep,numberOfRobotsOnBlackSite,numberOfRobotsOnWhiteSite
15466,20,22
timeStep,numberOfRobotsOnBlackSite,numberOfRobotsOnWhiteSite
15467,20,22
timeStep,numberOfRobotsOnBlackSite,numberOfRobotsOnWhiteSite
15468,20,22
timeStep,numberOfRobotsOnBlackSite,numberOfRobotsOnWhiteSite
15469,20,22
timeStep,numberOfRobotsOnBlackSite,numberOfRobotsOnWhiteSite
15470,20,22
timeStep,numberOfRobotsOnBlackSite,numberOfRobotsOnWhiteSite
15471,20,22
timeStep,numberOfRobotsOnBlackSite,numberOfRobotsOnWhiteSite
15472,20,22
timeStep,numberOfRobotsOnBlackSite,numberOfRobotsOnWhiteSite
15473,20,22
timeStep,numberOfRobotsOnBlackSite,numberOfRobotsOnWhiteSite
15474,20,22
timeStep,numberOfRobotsOnBlackSite,numberOfRobotsOnWhiteSite
15475,20,22
timeStep,numberOfRobotsOnBlackSite,numberOfRobotsOnWhiteSite
15476,20,22
timeStep,numberOfRobotsOnBlackSite,numberOfRobotsOnWhiteSite
15477,20,22
timeStep,numberOfRobotsOnBlackSite,numberOfRobotsOnWhiteSite
15478,20,22
timeStep,numberOfRobotsOnBlackSite,numberOfRobotsOnWhiteSite
15479,20,22
timeStep,numberOfRobotsOnBlackSite,numberOfRobotsOnWhiteSite
15480,20,22
timeStep,numberOfRobotsOnBlackSite,numberOfRobotsOnWhiteSite
15481,20,22
timeStep,numberOfRobotsOnBlackSite,numberOfRobotsOnWhiteSite
15482,20,22
timeStep,numberOfRobotsOnBlackSite,numberOfRobotsOnWhiteSite
15483,20,22
timeStep,numberOfRobotsOnBlackSite,numberOfRobotsOnWhiteSite
15484,20,22
timeStep,numberOfRobotsOnBlackSite,numberOfRobotsOnWhiteSite
15485,20,22
timeStep,numberOfRobotsOnBlackSite,numberOfRobotsOnWhiteSite
15486,20,22
timeStep,numberOfRobotsOnBlackSite,numberOfRobotsOnWhiteSite
15487,20,22
timeStep,numberOfRobotsOnBlackSite,numberOfRobotsOnWhiteSite
15488,20,22
timeStep,numberOfRobotsOnBlackSite,numberOfRobotsOnWhiteSite
15489,20,22
timeStep,numberOfRobotsOnBlackSite,numberOfRobotsOnWhiteSite
15490,20,22
timeStep,numberOfRobotsOnBlackSite,numberOfRobotsOnWhiteSite
15491,20,22
timeStep,numberOfRobotsOnBlackSite,numberOfRobotsOnWhiteSite
15492,20,22
timeStep,numberOfRobotsOnBlackSite,numberOfRobotsOnWhiteSite
15493,20,22
timeStep,numberOfRobotsOnBlackSite,numberOfRobotsOnWhiteSite
15494,20,22
timeStep,numberOfRobotsOnBlackSite,numberOfRobotsOnWhiteSite
15495,20,22
timeStep,numberOfRobotsOnBlackSite,numberOfRobotsOnWhiteSite
15496,20,22
timeStep,numberOfRobotsOnBlackSite,numberOfRobotsOnWhiteSite
15497,20,22
timeStep,numberOfRobotsOnBlackSite,numberOfRobotsOnWhiteSite
15498,20,22
timeStep,numberOfRobotsOnBlackSite,numberOfRobotsOnWhiteSite
15499,20,22
timeStep,numberOfRobotsOnBlackSite,numberOfRobotsOnWhiteSite
15500,20,22
timeStep,numberOfRobotsOnBlackSite,numberOfRobotsOnWhiteSite
15501,20,22
timeStep,numberOfRobotsOnBlackSite,numberOfRobotsOnWhiteSite
15502,20,22
timeStep,numberOfRobotsOnBlackSite,numberOfRobotsOnWhiteSite
15503,20,22
timeStep,numberOfRobotsOnBlackSite,numberOfRobotsOnWhiteSite
15504,20,22
timeStep,numberOfRobotsOnBlackSite,numberOfRobotsOnWhiteSite
15505,20,22
timeStep,numberOfRobotsOnBlackSite,numberOfRobotsOnWhiteSite
15506,20,22
timeStep,numberOfRobotsOnBlackSite,numberOfRobotsOnWhiteSite
15507,20,22
timeStep,numberOfRobotsOnBlackSite,numberOfRobotsOnWhiteSite
15508,20,22
timeStep,numberOfRobotsOnBlackSite,numberOfRobotsOnWhiteSite
15509,20,22
timeStep,numberOfRobotsOnBlackSite,numberOfRobotsOnWhiteSite
15510,20,22
timeStep,numberOfRobotsOnBlackSite,numberOfRobotsOnWhiteSite
15511,20,22
timeStep,numberOfRobotsOnBlackSite,numberOfRobotsOnWhiteSite
15512,20,22
timeStep,numberOfRobotsOnBlackSite,numberOfRobotsOnWhiteSite
15513,20,22
timeStep,numberOfRobotsOnBlackSite,numberOfRobotsOnWhiteSite
15514,20,22
timeStep,numberOfRobotsOnBlackSite,numberOfRobotsOnWhiteSite
15515,20,22
timeStep,numberOfRobotsOnBlackSite,numberOfRobotsOnWhiteSite
15516,20,22
timeStep,numberOfRobotsOnBlackSite,numberOfRobotsOnWhiteSite
15517,20,22
timeStep,numberOfRobotsOnBlackSite,numberOfRobotsOnWhiteSite
15518,20,22
timeStep,numberOfRobotsOnBlackSite,numberOfRobotsOnWhiteSite
15519,20,22
timeStep,numberOfRobotsOnBlackSite,numberOfRobotsOnWhiteSite
15520,20,22
timeStep,numberOfRobotsOnBlackSite,numberOfRobotsOnWhiteSite
15521,20,22
timeStep,numberOfRobotsOnBlackSite,numberOfRobotsOnWhiteSite
15522,20,22
timeStep,numberOfRobotsOnBlackSite,numberOfRobotsOnWhiteSite
15523,20,22
timeStep,numberOfRobotsOnBlackSite,numberOfRobotsOnWhiteSite
15524,20,22
timeStep,numberOfRobotsOnBlackSite,numberOfRobotsOnWhiteSite
15525,20,22
timeStep,numberOfRobotsOnBlackSite,numberOfRobotsOnWhiteSite
15526,20,22
timeStep,numberOfRobotsOnBlackSite,numberOfRobotsOnWhiteSite
15527,20,22
timeStep,numberOfRobotsOnBlackSite,numberOfRobotsOnWhiteSite
15528,20,22
timeStep,numberOfRobotsOnBlackSite,numberOfRobotsOnWhiteSite
15529,20,22
timeStep,numberOfRobotsOnBlackSite,numberOfRobotsOnWhiteSite
15530,20,22
timeStep,numberOfRobotsOnBlackSite,numberOfRobotsOnWhiteSite
15531,20,22
timeStep,numberOfRobotsOnBlackSite,numberOfRobotsOnWhiteSite
15532,20,22
timeStep,numberOfRobotsOnBlackSite,numberOfRobotsOnWhiteSite
15533,20,22
timeStep,numberOfRobotsOnBlackSite,numberOfRobotsOnWhiteSite
15534,20,22
timeStep,numberOfRobotsOnBlackSite,numberOfRobotsOnWhiteSite
15535,20,22
timeStep,numberOfRobotsOnBlackSite,numberOfRobotsOnWhiteSite
15536,20,22
timeStep,numberOfRobotsOnBlackSite,numberOfRobotsOnWhiteSite
15537,20,22
timeStep,numberOfRobotsOnBlackSite,numberOfRobotsOnWhiteSite
15538,20,22
timeStep,numberOfRobotsOnBlackSite,numberOfRobotsOnWhiteSite
15539,20,22
timeStep,numberOfRobotsOnBlackSite,numberOfRobotsOnWhiteSite
15540,20,22
timeStep,numberOfRobotsOnBlackSite,numberOfRobotsOnWhiteSite
15541,20,22
timeStep,numberOfRobotsOnBlackSite,numberOfRobotsOnWhiteSite
15542,20,22
timeStep,numberOfRobotsOnBlackSite,numberOfRobotsOnWhiteSite
15543,20,22
timeStep,numberOfRobotsOnBlackSite,numberOfRobotsOnWhiteSite
15544,20,22
timeStep,numberOfRobotsOnBlackSite,numberOfRobotsOnWhiteSite
15545,20,22
timeStep,numberOfRobotsOnBlackSite,numberOfRobotsOnWhiteSite
15546,20,22
timeStep,numberOfRobotsOnBlackSite,numberOfRobotsOnWhiteSite
15547,20,22
timeStep,numberOfRobotsOnBlackSite,numberOfRobotsOnWhiteSite
15548,20,22
timeStep,numberOfRobotsOnBlackSite,numberOfRobotsOnWhiteSite
15549,20,22
timeStep,numberOfRobotsOnBlackSite,numberOfRobotsOnWhiteSite
15550,20,22
timeStep,numberOfRobotsOnBlackSite,numberOfRobotsOnWhiteSite
15551,20,22
timeStep,numberOfRobotsOnBlackSite,numberOfRobotsOnWhiteSite
15552,20,22
timeStep,numberOfRobotsOnBlackSite,numberOfRobotsOnWhiteSite
15553,20,22
timeStep,numberOfRobotsOnBlackSite,numberOfRobotsOnWhiteSite
15554,20,22
timeStep,numberOfRobotsOnBlackSite,numberOfRobotsOnWhiteSite
15555,20,22
timeStep,numberOfRobotsOnBlackSite,numberOfRobotsOnWhiteSite
15556,20,22
timeStep,numberOfRobotsOnBlackSite,numberOfRobotsOnWhiteSite
15557,20,22
timeStep,numberOfRobotsOnBlackSite,numberOfRobotsOnWhiteSite
15558,20,22
timeStep,numberOfRobotsOnBlackSite,numberOfRobotsOnWhiteSite
15559,20,22
timeStep,numberOfRobotsOnBlackSite,numberOfRobotsOnWhiteSite
15560,20,22
timeStep,numberOfRobotsOnBlackSite,numberOfRobotsOnWhiteSite
15561,20,22
timeStep,numberOfRobotsOnBlackSite,numberOfRobotsOnWhiteSite
15562,20,22
timeStep,numberOfRobotsOnBlackSite,numberOfRobotsOnWhiteSite
15563,20,22
timeStep,numberOfRobotsOnBlackSite,numberOfRobotsOnWhiteSite
15564,20,22
timeStep,numberOfRobotsOnBlackSite,numberOfRobotsOnWhiteSite
15565,20,22
timeStep,numberOfRobotsOnBlackSite,numberOfRobotsOnWhiteSite
15566,20,22
timeStep,numberOfRobotsOnBlackSite,numberOfRobotsOnWhiteSite
15567,20,22
timeStep,numberOfRobotsOnBlackSite,numberOfRobotsOnWhiteSite
15568,20,22
timeStep,numberOfRobotsOnBlackSite,numberOfRobotsOnWhiteSite
15569,20,22
timeStep,numberOfRobotsOnBlackSite,numberOfRobotsOnWhiteSite
15570,20,22
timeStep,numberOfRobotsOnBlackSite,numberOfRobotsOnWhiteSite
15571,20,22
timeStep,numberOfRobotsOnBlackSite,numberOfRobotsOnWhiteSite
15572,20,22
timeStep,numberOfRobotsOnBlackSite,numberOfRobotsOnWhiteSite
15573,20,22
timeStep,numberOfRobotsOnBlackSite,numberOfRobotsOnWhiteSite
15574,20,22
timeStep,numberOfRobotsOnBlackSite,numberOfRobotsOnWhiteSite
15575,20,22
timeStep,numberOfRobotsOnBlackSite,numberOfRobotsOnWhiteSite
15576,20,22
timeStep,numberOfRobotsOnBlackSite,numberOfRobotsOnWhiteSite
15577,20,22
timeStep,numberOfRobotsOnBlackSite,numberOfRobotsOnWhiteSite
15578,20,22
timeStep,numberOfRobotsOnBlackSite,numberOfRobotsOnWhiteSite
15579,20,22
timeStep,numberOfRobotsOnBlackSite,numberOfRobotsOnWhiteSite
15580,20,22
timeStep,numberOfRobotsOnBlackSite,numberOfRobotsOnWhiteSite
15581,20,22
timeStep,numberOfRobotsOnBlackSite,numberOfRobotsOnWhiteSite
15582,20,22
timeStep,numberOfRobotsOnBlackSite,numberOfRobotsOnWhiteSite
15583,20,22
timeStep,numberOfRobotsOnBlackSite,numberOfRobotsOnWhiteSite
15584,20,22
timeStep,numberOfRobotsOnBlackSite,numberOfRobotsOnWhiteSite
15585,20,22
timeStep,numberOfRobotsOnBlackSite,numberOfRobotsOnWhiteSite
15586,20,22
timeStep,numberOfRobotsOnBlackSite,numberOfRobotsOnWhiteSite
15587,20,22
timeStep,numberOfRobotsOnBlackSite,numberOfRobotsOnWhiteSite
15588,20,22
timeStep,numberOfRobotsOnBlackSite,numberOfRobotsOnWhiteSite
15589,20,22
timeStep,numberOfRobotsOnBlackSite,numberOfRobotsOnWhiteSite
15590,20,22
timeStep,numberOfRobotsOnBlackSite,numberOfRobotsOnWhiteSite
15591,20,22
timeStep,numberOfRobotsOnBlackSite,numberOfRobotsOnWhiteSite
15592,20,22
timeStep,numberOfRobotsOnBlackSite,numberOfRobotsOnWhiteSite
15593,20,22
timeStep,numberOfRobotsOnBlackSite,numberOfRobotsOnWhiteSite
15594,20,22
timeStep,numberOfRobotsOnBlackSite,numberOfRobotsOnWhiteSite
15595,20,23
timeStep,numberOfRobotsOnBlackSite,numberOfRobotsOnWhiteSite
15596,20,23
timeStep,numberOfRobotsOnBlackSite,numberOfRobotsOnWhiteSite
15597,20,23
timeStep,numberOfRobotsOnBlackSite,numberOfRobotsOnWhiteSite
15598,20,23
timeStep,numberOfRobotsOnBlackSite,numberOfRobotsOnWhiteSite
15599,20,23
timeStep,numberOfRobotsOnBlackSite,numberOfRobotsOnWhiteSite
15600,20,23
timeStep,numberOfRobotsOnBlackSite,numberOfRobotsOnWhiteSite
15601,20,23
timeStep,numberOfRobotsOnBlackSite,numberOfRobotsOnWhiteSite
15602,20,23
timeStep,numberOfRobotsOnBlackSite,numberOfRobotsOnWhiteSite
15603,20,23
timeStep,numberOfRobotsOnBlackSite,numberOfRobotsOnWhiteSite
15604,20,23
timeStep,numberOfRobotsOnBlackSite,numberOfRobotsOnWhiteSite
15605,20,23
timeStep,numberOfRobotsOnBlackSite,numberOfRobotsOnWhiteSite
15606,20,23
timeStep,numberOfRobotsOnBlackSite,numberOfRobotsOnWhiteSite
15607,20,23
timeStep,numberOfRobotsOnBlackSite,numberOfRobotsOnWhiteSite
15608,20,23
timeStep,numberOfRobotsOnBlackSite,numberOfRobotsOnWhiteSite
15609,20,23
timeStep,numberOfRobotsOnBlackSite,numberOfRobotsOnWhiteSite
15610,20,23
timeStep,numberOfRobotsOnBlackSite,numberOfRobotsOnWhiteSite
15611,20,23
timeStep,numberOfRobotsOnBlackSite,numberOfRobotsOnWhiteSite
15612,20,23
timeStep,numberOfRobotsOnBlackSite,numberOfRobotsOnWhiteSite
15613,20,23
timeStep,numberOfRobotsOnBlackSite,numberOfRobotsOnWhiteSite
15614,20,23
timeStep,numberOfRobotsOnBlackSite,numberOfRobotsOnWhiteSite
15615,20,23
timeStep,numberOfRobotsOnBlackSite,numberOfRobotsOnWhiteSite
15616,20,23
timeStep,numberOfRobotsOnBlackSite,numberOfRobotsOnWhiteSite
15617,20,23
timeStep,numberOfRobotsOnBlackSite,numberOfRobotsOnWhiteSite
15618,20,23
timeStep,numberOfRobotsOnBlackSite,numberOfRobotsOnWhiteSite
15619,20,23
timeStep,numberOfRobotsOnBlackSite,numberOfRobotsOnWhiteSite
15620,20,23
timeStep,numberOfRobotsOnBlackSite,numberOfRobotsOnWhiteSite
15621,20,23
timeStep,numberOfRobotsOnBlackSite,numberOfRobotsOnWhiteSite
15622,20,23
timeStep,numberOfRobotsOnBlackSite,numberOfRobotsOnWhiteSite
15623,20,23
timeStep,numberOfRobotsOnBlackSite,numberOfRobotsOnWhiteSite
15624,20,23
timeStep,numberOfRobotsOnBlackSite,numberOfRobotsOnWhiteSite
15625,20,23
timeStep,numberOfRobotsOnBlackSite,numberOfRobotsOnWhiteSite
15626,20,23
timeStep,numberOfRobotsOnBlackSite,numberOfRobotsOnWhiteSite
15627,20,23
timeStep,numberOfRobotsOnBlackSite,numberOfRobotsOnWhiteSite
15628,20,23
timeStep,numberOfRobotsOnBlackSite,numberOfRobotsOnWhiteSite
15629,20,23
timeStep,numberOfRobotsOnBlackSite,numberOfRobotsOnWhiteSite
15630,20,23
timeStep,numberOfRobotsOnBlackSite,numberOfRobotsOnWhiteSite
15631,20,23
timeStep,numberOfRobotsOnBlackSite,numberOfRobotsOnWhiteSite
15632,20,23
timeStep,numberOfRobotsOnBlackSite,numberOfRobotsOnWhiteSite
15633,20,23
timeStep,numberOfRobotsOnBlackSite,numberOfRobotsOnWhiteSite
15634,20,23
timeStep,numberOfRobotsOnBlackSite,numberOfRobotsOnWhiteSite
15635,20,23
timeStep,numberOfRobotsOnBlackSite,numberOfRobotsOnWhiteSite
15636,20,23
timeStep,numberOfRobotsOnBlackSite,numberOfRobotsOnWhiteSite
15637,20,23
timeStep,numberOfRobotsOnBlackSite,numberOfRobotsOnWhiteSite
15638,20,23
timeStep,numberOfRobotsOnBlackSite,numberOfRobotsOnWhiteSite
15639,20,23
timeStep,numberOfRobotsOnBlackSite,numberOfRobotsOnWhiteSite
15640,20,23
timeStep,numberOfRobotsOnBlackSite,numberOfRobotsOnWhiteSite
15641,20,23
timeStep,numberOfRobotsOnBlackSite,numberOfRobotsOnWhiteSite
15642,20,23
timeStep,numberOfRobotsOnBlackSite,numberOfRobotsOnWhiteSite
15643,20,23
timeStep,numberOfRobotsOnBlackSite,numberOfRobotsOnWhiteSite
15644,20,23
timeStep,numberOfRobotsOnBlackSite,numberOfRobotsOnWhiteSite
15645,20,23
timeStep,numberOfRobotsOnBlackSite,numberOfRobotsOnWhiteSite
15646,20,23
timeStep,numberOfRobotsOnBlackSite,numberOfRobotsOnWhiteSite
15647,20,23
timeStep,numberOfRobotsOnBlackSite,numberOfRobotsOnWhiteSite
15648,20,23
timeStep,numberOfRobotsOnBlackSite,numberOfRobotsOnWhiteSite
15649,20,23
timeStep,numberOfRobotsOnBlackSite,numberOfRobotsOnWhiteSite
15650,20,23
timeStep,numberOfRobotsOnBlackSite,numberOfRobotsOnWhiteSite
15651,20,23
timeStep,numberOfRobotsOnBlackSite,numberOfRobotsOnWhiteSite
15652,20,23
timeStep,numberOfRobotsOnBlackSite,numberOfRobotsOnWhiteSite
15653,20,23
timeStep,numberOfRobotsOnBlackSite,numberOfRobotsOnWhiteSite
15654,20,23
timeStep,numberOfRobotsOnBlackSite,numberOfRobotsOnWhiteSite
15655,20,23
timeStep,numberOfRobotsOnBlackSite,numberOfRobotsOnWhiteSite
15656,20,23
timeStep,numberOfRobotsOnBlackSite,numberOfRobotsOnWhiteSite
15657,20,23
timeStep,numberOfRobotsOnBlackSite,numberOfRobotsOnWhiteSite
15658,20,23
timeStep,numberOfRobotsOnBlackSite,numberOfRobotsOnWhiteSite
15659,20,23
timeStep,numberOfRobotsOnBlackSite,numberOfRobotsOnWhiteSite
15660,20,23
timeStep,numberOfRobotsOnBlackSite,numberOfRobotsOnWhiteSite
15661,20,23
timeStep,numberOfRobotsOnBlackSite,numberOfRobotsOnWhiteSite
15662,20,23
timeStep,numberOfRobotsOnBlackSite,numberOfRobotsOnWhiteSite
15663,20,23
timeStep,numberOfRobotsOnBlackSite,numberOfRobotsOnWhiteSite
15664,20,23
timeStep,numberOfRobotsOnBlackSite,numberOfRobotsOnWhiteSite
15665,20,23
timeStep,numberOfRobotsOnBlackSite,numberOfRobotsOnWhiteSite
15666,20,23
timeStep,numberOfRobotsOnBlackSite,numberOfRobotsOnWhiteSite
15667,20,23
timeStep,numberOfRobotsOnBlackSite,numberOfRobotsOnWhiteSite
15668,20,23
timeStep,numberOfRobotsOnBlackSite,numberOfRobotsOnWhiteSite
15669,20,23
timeStep,numberOfRobotsOnBlackSite,numberOfRobotsOnWhiteSite
15670,20,23
timeStep,numberOfRobotsOnBlackSite,numberOfRobotsOnWhiteSite
15671,20,23
timeStep,numberOfRobotsOnBlackSite,numberOfRobotsOnWhiteSite
15672,20,23
timeStep,numberOfRobotsOnBlackSite,numberOfRobotsOnWhiteSite
15673,20,23
timeStep,numberOfRobotsOnBlackSite,numberOfRobotsOnWhiteSite
15674,20,23
timeStep,numberOfRobotsOnBlackSite,numberOfRobotsOnWhiteSite
15675,20,23
timeStep,numberOfRobotsOnBlackSite,numberOfRobotsOnWhiteSite
15676,20,23
timeStep,numberOfRobotsOnBlackSite,numberOfRobotsOnWhiteSite
15677,20,23
timeStep,numberOfRobotsOnBlackSite,numberOfRobotsOnWhiteSite
15678,20,23
timeStep,numberOfRobotsOnBlackSite,numberOfRobotsOnWhiteSite
15679,20,23
timeStep,numberOfRobotsOnBlackSite,numberOfRobotsOnWhiteSite
15680,20,23
timeStep,numberOfRobotsOnBlackSite,numberOfRobotsOnWhiteSite
15681,20,23
timeStep,numberOfRobotsOnBlackSite,numberOfRobotsOnWhiteSite
15682,20,23
timeStep,numberOfRobotsOnBlackSite,numberOfRobotsOnWhiteSite
15683,20,23
timeStep,numberOfRobotsOnBlackSite,numberOfRobotsOnWhiteSite
15684,20,23
timeStep,numberOfRobotsOnBlackSite,numberOfRobotsOnWhiteSite
15685,20,23
timeStep,numberOfRobotsOnBlackSite,numberOfRobotsOnWhiteSite
15686,20,23
timeStep,numberOfRobotsOnBlackSite,numberOfRobotsOnWhiteSite
15687,20,23
timeStep,numberOfRobotsOnBlackSite,numberOfRobotsOnWhiteSite
15688,20,23
timeStep,numberOfRobotsOnBlackSite,numberOfRobotsOnWhiteSite
15689,20,23
timeStep,numberOfRobotsOnBlackSite,numberOfRobotsOnWhiteSite
15690,20,23
timeStep,numberOfRobotsOnBlackSite,numberOfRobotsOnWhiteSite
15691,20,23
timeStep,numberOfRobotsOnBlackSite,numberOfRobotsOnWhiteSite
15692,20,23
timeStep,numberOfRobotsOnBlackSite,numberOfRobotsOnWhiteSite
15693,20,23
timeStep,numberOfRobotsOnBlackSite,numberOfRobotsOnWhiteSite
15694,20,23
timeStep,numberOfRobotsOnBlackSite,numberOfRobotsOnWhiteSite
15695,20,23
timeStep,numberOfRobotsOnBlackSite,numberOfRobotsOnWhiteSite
15696,20,23
timeStep,numberOfRobotsOnBlackSite,numberOfRobotsOnWhiteSite
15697,20,23
timeStep,numberOfRobotsOnBlackSite,numberOfRobotsOnWhiteSite
15698,20,23
timeStep,numberOfRobotsOnBlackSite,numberOfRobotsOnWhiteSite
15699,20,23
timeStep,numberOfRobotsOnBlackSite,numberOfRobotsOnWhiteSite
15700,20,23
timeStep,numberOfRobotsOnBlackSite,numberOfRobotsOnWhiteSite
15701,20,23
timeStep,numberOfRobotsOnBlackSite,numberOfRobotsOnWhiteSite
15702,20,23
timeStep,numberOfRobotsOnBlackSite,numberOfRobotsOnWhiteSite
15703,20,23
timeStep,numberOfRobotsOnBlackSite,numberOfRobotsOnWhiteSite
15704,20,23
timeStep,numberOfRobotsOnBlackSite,numberOfRobotsOnWhiteSite
15705,20,23
timeStep,numberOfRobotsOnBlackSite,numberOfRobotsOnWhiteSite
15706,20,23
timeStep,numberOfRobotsOnBlackSite,numberOfRobotsOnWhiteSite
15707,20,23
timeStep,numberOfRobotsOnBlackSite,numberOfRobotsOnWhiteSite
15708,20,23
timeStep,numberOfRobotsOnBlackSite,numberOfRobotsOnWhiteSite
15709,20,23
timeStep,numberOfRobotsOnBlackSite,numberOfRobotsOnWhiteSite
15710,20,23
timeStep,numberOfRobotsOnBlackSite,numberOfRobotsOnWhiteSite
15711,20,23
timeStep,numberOfRobotsOnBlackSite,numberOfRobotsOnWhiteSite
15712,20,23
timeStep,numberOfRobotsOnBlackSite,numberOfRobotsOnWhiteSite
15713,20,23
timeStep,numberOfRobotsOnBlackSite,numberOfRobotsOnWhiteSite
15714,20,23
timeStep,numberOfRobotsOnBlackSite,numberOfRobotsOnWhiteSite
15715,20,23
timeStep,numberOfRobotsOnBlackSite,numberOfRobotsOnWhiteSite
15716,20,23
timeStep,numberOfRobotsOnBlackSite,numberOfRobotsOnWhiteSite
15717,20,23
timeStep,numberOfRobotsOnBlackSite,numberOfRobotsOnWhiteSite
15718,20,23
timeStep,numberOfRobotsOnBlackSite,numberOfRobotsOnWhiteSite
15719,20,23
timeStep,numberOfRobotsOnBlackSite,numberOfRobotsOnWhiteSite
15720,20,23
timeStep,numberOfRobotsOnBlackSite,numberOfRobotsOnWhiteSite
15721,20,23
timeStep,numberOfRobotsOnBlackSite,numberOfRobotsOnWhiteSite
15722,20,23
timeStep,numberOfRobotsOnBlackSite,numberOfRobotsOnWhiteSite
15723,20,23
timeStep,numberOfRobotsOnBlackSite,numberOfRobotsOnWhiteSite
15724,20,23
timeStep,numberOfRobotsOnBlackSite,numberOfRobotsOnWhiteSite
15725,20,23
timeStep,numberOfRobotsOnBlackSite,numberOfRobotsOnWhiteSite
15726,20,23
timeStep,numberOfRobotsOnBlackSite,numberOfRobotsOnWhiteSite
15727,20,23
timeStep,numberOfRobotsOnBlackSite,numberOfRobotsOnWhiteSite
15728,20,23
timeStep,numberOfRobotsOnBlackSite,numberOfRobotsOnWhiteSite
15729,20,23
timeStep,numberOfRobotsOnBlackSite,numberOfRobotsOnWhiteSite
15730,20,23
timeStep,numberOfRobotsOnBlackSite,numberOfRobotsOnWhiteSite
15731,20,23
timeStep,numberOfRobotsOnBlackSite,numberOfRobotsOnWhiteSite
15732,20,23
timeStep,numberOfRobotsOnBlackSite,numberOfRobotsOnWhiteSite
15733,20,23
timeStep,numberOfRobotsOnBlackSite,numberOfRobotsOnWhiteSite
15734,20,23
timeStep,numberOfRobotsOnBlackSite,numberOfRobotsOnWhiteSite
15735,20,23
timeStep,numberOfRobotsOnBlackSite,numberOfRobotsOnWhiteSite
15736,20,23
timeStep,numberOfRobotsOnBlackSite,numberOfRobotsOnWhiteSite
15737,20,23
timeStep,numberOfRobotsOnBlackSite,numberOfRobotsOnWhiteSite
15738,20,23
timeStep,numberOfRobotsOnBlackSite,numberOfRobotsOnWhiteSite
15739,20,23
timeStep,numberOfRobotsOnBlackSite,numberOfRobotsOnWhiteSite
15740,20,23
timeStep,numberOfRobotsOnBlackSite,numberOfRobotsOnWhiteSite
15741,20,23
timeStep,numberOfRobotsOnBlackSite,numberOfRobotsOnWhiteSite
15742,20,23
timeStep,numberOfRobotsOnBlackSite,numberOfRobotsOnWhiteSite
15743,20,23
timeStep,numberOfRobotsOnBlackSite,numberOfRobotsOnWhiteSite
15744,20,23
timeStep,numberOfRobotsOnBlackSite,numberOfRobotsOnWhiteSite
15745,20,23
timeStep,numberOfRobotsOnBlackSite,numberOfRobotsOnWhiteSite
15746,20,23
timeStep,numberOfRobotsOnBlackSite,numberOfRobotsOnWhiteSite
15747,20,23
timeStep,numberOfRobotsOnBlackSite,numberOfRobotsOnWhiteSite
15748,20,23
timeStep,numberOfRobotsOnBlackSite,numberOfRobotsOnWhiteSite
15749,20,23
timeStep,numberOfRobotsOnBlackSite,numberOfRobotsOnWhiteSite
15750,20,23
timeStep,numberOfRobotsOnBlackSite,numberOfRobotsOnWhiteSite
15751,20,23
timeStep,numberOfRobotsOnBlackSite,numberOfRobotsOnWhiteSite
15752,20,23
timeStep,numberOfRobotsOnBlackSite,numberOfRobotsOnWhiteSite
15753,20,23
timeStep,numberOfRobotsOnBlackSite,numberOfRobotsOnWhiteSite
15754,20,23
timeStep,numberOfRobotsOnBlackSite,numberOfRobotsOnWhiteSite
15755,20,23
timeStep,numberOfRobotsOnBlackSite,numberOfRobotsOnWhiteSite
15756,20,23
timeStep,numberOfRobotsOnBlackSite,numberOfRobotsOnWhiteSite
15757,20,23
timeStep,numberOfRobotsOnBlackSite,numberOfRobotsOnWhiteSite
15758,20,23
timeStep,numberOfRobotsOnBlackSite,numberOfRobotsOnWhiteSite
15759,20,23
timeStep,numberOfRobotsOnBlackSite,numberOfRobotsOnWhiteSite
15760,20,23
timeStep,numberOfRobotsOnBlackSite,numberOfRobotsOnWhiteSite
15761,20,23
timeStep,numberOfRobotsOnBlackSite,numberOfRobotsOnWhiteSite
15762,20,23
timeStep,numberOfRobotsOnBlackSite,numberOfRobotsOnWhiteSite
15763,20,23
timeStep,numberOfRobotsOnBlackSite,numberOfRobotsOnWhiteSite
15764,20,23
timeStep,numberOfRobotsOnBlackSite,numberOfRobotsOnWhiteSite
15765,20,23
timeStep,numberOfRobotsOnBlackSite,numberOfRobotsOnWhiteSite
15766,20,23
timeStep,numberOfRobotsOnBlackSite,numberOfRobotsOnWhiteSite
15767,20,23
timeStep,numberOfRobotsOnBlackSite,numberOfRobotsOnWhiteSite
15768,20,23
timeStep,numberOfRobotsOnBlackSite,numberOfRobotsOnWhiteSite
15769,20,23
timeStep,numberOfRobotsOnBlackSite,numberOfRobotsOnWhiteSite
15770,20,23
timeStep,numberOfRobotsOnBlackSite,numberOfRobotsOnWhiteSite
15771,20,23
timeStep,numberOfRobotsOnBlackSite,numberOfRobotsOnWhiteSite
15772,20,23
timeStep,numberOfRobotsOnBlackSite,numberOfRobotsOnWhiteSite
15773,20,23
timeStep,numberOfRobotsOnBlackSite,numberOfRobotsOnWhiteSite
15774,20,23
timeStep,numberOfRobotsOnBlackSite,numberOfRobotsOnWhiteSite
15775,20,23
timeStep,numberOfRobotsOnBlackSite,numberOfRobotsOnWhiteSite
15776,20,23
timeStep,numberOfRobotsOnBlackSite,numberOfRobotsOnWhiteSite
15777,20,23
timeStep,numberOfRobotsOnBlackSite,numberOfRobotsOnWhiteSite
15778,20,23
timeStep,numberOfRobotsOnBlackSite,numberOfRobotsOnWhiteSite
15779,20,23
timeStep,numberOfRobotsOnBlackSite,numberOfRobotsOnWhiteSite
15780,20,23
timeStep,numberOfRobotsOnBlackSite,numberOfRobotsOnWhiteSite
15781,20,23
timeStep,numberOfRobotsOnBlackSite,numberOfRobotsOnWhiteSite
15782,20,23
timeStep,numberOfRobotsOnBlackSite,numberOfRobotsOnWhiteSite
15783,20,23
timeStep,numberOfRobotsOnBlackSite,numberOfRobotsOnWhiteSite
15784,20,23
timeStep,numberOfRobotsOnBlackSite,numberOfRobotsOnWhiteSite
15785,20,23
timeStep,numberOfRobotsOnBlackSite,numberOfRobotsOnWhiteSite
15786,20,23
timeStep,numberOfRobotsOnBlackSite,numberOfRobotsOnWhiteSite
15787,20,23
timeStep,numberOfRobotsOnBlackSite,numberOfRobotsOnWhiteSite
15788,20,23
timeStep,numberOfRobotsOnBlackSite,numberOfRobotsOnWhiteSite
15789,20,23
timeStep,numberOfRobotsOnBlackSite,numberOfRobotsOnWhiteSite
15790,20,23
timeStep,numberOfRobotsOnBlackSite,numberOfRobotsOnWhiteSite
15791,20,23
timeStep,numberOfRobotsOnBlackSite,numberOfRobotsOnWhiteSite
15792,20,23
timeStep,numberOfRobotsOnBlackSite,numberOfRobotsOnWhiteSite
15793,20,23
timeStep,numberOfRobotsOnBlackSite,numberOfRobotsOnWhiteSite
15794,20,23
timeStep,numberOfRobotsOnBlackSite,numberOfRobotsOnWhiteSite
15795,20,23
timeStep,numberOfRobotsOnBlackSite,numberOfRobotsOnWhiteSite
15796,20,23
timeStep,numberOfRobotsOnBlackSite,numberOfRobotsOnWhiteSite
15797,20,23
timeStep,numberOfRobotsOnBlackSite,numberOfRobotsOnWhiteSite
15798,20,23
timeStep,numberOfRobotsOnBlackSite,numberOfRobotsOnWhiteSite
15799,20,23
timeStep,numberOfRobotsOnBlackSite,numberOfRobotsOnWhiteSite
15800,20,24
timeStep,numberOfRobotsOnBlackSite,numberOfRobotsOnWhiteSite
15801,20,24
timeStep,numberOfRobotsOnBlackSite,numberOfRobotsOnWhiteSite
15802,20,24
timeStep,numberOfRobotsOnBlackSite,numberOfRobotsOnWhiteSite
15803,20,24
timeStep,numberOfRobotsOnBlackSite,numberOfRobotsOnWhiteSite
15804,20,24
timeStep,numberOfRobotsOnBlackSite,numberOfRobotsOnWhiteSite
15805,20,24
timeStep,numberOfRobotsOnBlackSite,numberOfRobotsOnWhiteSite
15806,20,24
timeStep,numberOfRobotsOnBlackSite,numberOfRobotsOnWhiteSite
15807,20,24
timeStep,numberOfRobotsOnBlackSite,numberOfRobotsOnWhiteSite
15808,20,24
timeStep,numberOfRobotsOnBlackSite,numberOfRobotsOnWhiteSite
15809,20,24
timeStep,numberOfRobotsOnBlackSite,numberOfRobotsOnWhiteSite
15810,20,24
timeStep,numberOfRobotsOnBlackSite,numberOfRobotsOnWhiteSite
15811,20,24
timeStep,numberOfRobotsOnBlackSite,numberOfRobotsOnWhiteSite
15812,20,24
timeStep,numberOfRobotsOnBlackSite,numberOfRobotsOnWhiteSite
15813,20,24
timeStep,numberOfRobotsOnBlackSite,numberOfRobotsOnWhiteSite
15814,20,24
timeStep,numberOfRobotsOnBlackSite,numberOfRobotsOnWhiteSite
15815,20,24
timeStep,numberOfRobotsOnBlackSite,numberOfRobotsOnWhiteSite
15816,20,24
timeStep,numberOfRobotsOnBlackSite,numberOfRobotsOnWhiteSite
15817,20,24
timeStep,numberOfRobotsOnBlackSite,numberOfRobotsOnWhiteSite
15818,20,24
timeStep,numberOfRobotsOnBlackSite,numberOfRobotsOnWhiteSite
15819,20,24
timeStep,numberOfRobotsOnBlackSite,numberOfRobotsOnWhiteSite
15820,20,24
timeStep,numberOfRobotsOnBlackSite,numberOfRobotsOnWhiteSite
15821,20,24
timeStep,numberOfRobotsOnBlackSite,numberOfRobotsOnWhiteSite
15822,20,24
timeStep,numberOfRobotsOnBlackSite,numberOfRobotsOnWhiteSite
15823,20,24
timeStep,numberOfRobotsOnBlackSite,numberOfRobotsOnWhiteSite
15824,20,24
timeStep,numberOfRobotsOnBlackSite,numberOfRobotsOnWhiteSite
15825,20,24
timeStep,numberOfRobotsOnBlackSite,numberOfRobotsOnWhiteSite
15826,20,24
timeStep,numberOfRobotsOnBlackSite,numberOfRobotsOnWhiteSite
15827,20,24
timeStep,numberOfRobotsOnBlackSite,numberOfRobotsOnWhiteSite
15828,20,24
timeStep,numberOfRobotsOnBlackSite,numberOfRobotsOnWhiteSite
15829,20,24
timeStep,numberOfRobotsOnBlackSite,numberOfRobotsOnWhiteSite
15830,20,24
timeStep,numberOfRobotsOnBlackSite,numberOfRobotsOnWhiteSite
15831,20,24
timeStep,numberOfRobotsOnBlackSite,numberOfRobotsOnWhiteSite
15832,20,24
timeStep,numberOfRobotsOnBlackSite,numberOfRobotsOnWhiteSite
15833,20,24
timeStep,numberOfRobotsOnBlackSite,numberOfRobotsOnWhiteSite
15834,20,24
timeStep,numberOfRobotsOnBlackSite,numberOfRobotsOnWhiteSite
15835,20,24
timeStep,numberOfRobotsOnBlackSite,numberOfRobotsOnWhiteSite
15836,20,24
timeStep,numberOfRobotsOnBlackSite,numberOfRobotsOnWhiteSite
15837,20,24
timeStep,numberOfRobotsOnBlackSite,numberOfRobotsOnWhiteSite
15838,20,24
timeStep,numberOfRobotsOnBlackSite,numberOfRobotsOnWhiteSite
15839,20,24
timeStep,numberOfRobotsOnBlackSite,numberOfRobotsOnWhiteSite
15840,20,24
timeStep,numberOfRobotsOnBlackSite,numberOfRobotsOnWhiteSite
15841,20,24
timeStep,numberOfRobotsOnBlackSite,numberOfRobotsOnWhiteSite
15842,20,24
timeStep,numberOfRobotsOnBlackSite,numberOfRobotsOnWhiteSite
15843,20,24
timeStep,numberOfRobotsOnBlackSite,numberOfRobotsOnWhiteSite
15844,20,24
timeStep,numberOfRobotsOnBlackSite,numberOfRobotsOnWhiteSite
15845,20,24
timeStep,numberOfRobotsOnBlackSite,numberOfRobotsOnWhiteSite
15846,20,24
timeStep,numberOfRobotsOnBlackSite,numberOfRobotsOnWhiteSite
15847,20,24
timeStep,numberOfRobotsOnBlackSite,numberOfRobotsOnWhiteSite
15848,20,24
timeStep,numberOfRobotsOnBlackSite,numberOfRobotsOnWhiteSite
15849,20,24
timeStep,numberOfRobotsOnBlackSite,numberOfRobotsOnWhiteSite
15850,20,24
timeStep,numberOfRobotsOnBlackSite,numberOfRobotsOnWhiteSite
15851,20,24
timeStep,numberOfRobotsOnBlackSite,numberOfRobotsOnWhiteSite
15852,20,24
timeStep,numberOfRobotsOnBlackSite,numberOfRobotsOnWhiteSite
15853,20,24
timeStep,numberOfRobotsOnBlackSite,numberOfRobotsOnWhiteSite
15854,20,24
timeStep,numberOfRobotsOnBlackSite,numberOfRobotsOnWhiteSite
15855,20,24
timeStep,numberOfRobotsOnBlackSite,numberOfRobotsOnWhiteSite
15856,20,24
timeStep,numberOfRobotsOnBlackSite,numberOfRobotsOnWhiteSite
15857,20,24
timeStep,numberOfRobotsOnBlackSite,numberOfRobotsOnWhiteSite
15858,20,24
timeStep,numberOfRobotsOnBlackSite,numberOfRobotsOnWhiteSite
15859,20,24
timeStep,numberOfRobotsOnBlackSite,numberOfRobotsOnWhiteSite
15860,20,23
timeStep,numberOfRobotsOnBlackSite,numberOfRobotsOnWhiteSite
15861,20,23
timeStep,numberOfRobotsOnBlackSite,numberOfRobotsOnWhiteSite
15862,20,23
timeStep,numberOfRobotsOnBlackSite,numberOfRobotsOnWhiteSite
15863,20,23
timeStep,numberOfRobotsOnBlackSite,numberOfRobotsOnWhiteSite
15864,20,23
timeStep,numberOfRobotsOnBlackSite,numberOfRobotsOnWhiteSite
15865,20,23
timeStep,numberOfRobotsOnBlackSite,numberOfRobotsOnWhiteSite
15866,20,23
timeStep,numberOfRobotsOnBlackSite,numberOfRobotsOnWhiteSite
15867,20,23
timeStep,numberOfRobotsOnBlackSite,numberOfRobotsOnWhiteSite
15868,20,23
timeStep,numberOfRobotsOnBlackSite,numberOfRobotsOnWhiteSite
15869,20,23
timeStep,numberOfRobotsOnBlackSite,numberOfRobotsOnWhiteSite
15870,20,23
timeStep,numberOfRobotsOnBlackSite,numberOfRobotsOnWhiteSite
15871,20,23
timeStep,numberOfRobotsOnBlackSite,numberOfRobotsOnWhiteSite
15872,20,23
timeStep,numberOfRobotsOnBlackSite,numberOfRobotsOnWhiteSite
15873,20,23
timeStep,numberOfRobotsOnBlackSite,numberOfRobotsOnWhiteSite
15874,20,23
timeStep,numberOfRobotsOnBlackSite,numberOfRobotsOnWhiteSite
15875,20,23
timeStep,numberOfRobotsOnBlackSite,numberOfRobotsOnWhiteSite
15876,20,23
timeStep,numberOfRobotsOnBlackSite,numberOfRobotsOnWhiteSite
15877,20,23
timeStep,numberOfRobotsOnBlackSite,numberOfRobotsOnWhiteSite
15878,20,23
timeStep,numberOfRobotsOnBlackSite,numberOfRobotsOnWhiteSite
15879,20,23
timeStep,numberOfRobotsOnBlackSite,numberOfRobotsOnWhiteSite
15880,20,23
timeStep,numberOfRobotsOnBlackSite,numberOfRobotsOnWhiteSite
15881,20,23
timeStep,numberOfRobotsOnBlackSite,numberOfRobotsOnWhiteSite
15882,20,23
timeStep,numberOfRobotsOnBlackSite,numberOfRobotsOnWhiteSite
15883,20,23
timeStep,numberOfRobotsOnBlackSite,numberOfRobotsOnWhiteSite
15884,20,23
timeStep,numberOfRobotsOnBlackSite,numberOfRobotsOnWhiteSite
15885,20,23
timeStep,numberOfRobotsOnBlackSite,numberOfRobotsOnWhiteSite
15886,20,23
timeStep,numberOfRobotsOnBlackSite,numberOfRobotsOnWhiteSite
15887,20,23
timeStep,numberOfRobotsOnBlackSite,numberOfRobotsOnWhiteSite
15888,20,23
timeStep,numberOfRobotsOnBlackSite,numberOfRobotsOnWhiteSite
15889,20,23
timeStep,numberOfRobotsOnBlackSite,numberOfRobotsOnWhiteSite
15890,20,23
timeStep,numberOfRobotsOnBlackSite,numberOfRobotsOnWhiteSite
15891,20,23
timeStep,numberOfRobotsOnBlackSite,numberOfRobotsOnWhiteSite
15892,20,23
timeStep,numberOfRobotsOnBlackSite,numberOfRobotsOnWhiteSite
15893,20,23
timeStep,numberOfRobotsOnBlackSite,numberOfRobotsOnWhiteSite
15894,20,23
timeStep,numberOfRobotsOnBlackSite,numberOfRobotsOnWhiteSite
15895,20,23
timeStep,numberOfRobotsOnBlackSite,numberOfRobotsOnWhiteSite
15896,20,23
timeStep,numberOfRobotsOnBlackSite,numberOfRobotsOnWhiteSite
15897,20,23
timeStep,numberOfRobotsOnBlackSite,numberOfRobotsOnWhiteSite
15898,20,23
timeStep,numberOfRobotsOnBlackSite,numberOfRobotsOnWhiteSite
15899,20,23
timeStep,numberOfRobotsOnBlackSite,numberOfRobotsOnWhiteSite
15900,20,23
timeStep,numberOfRobotsOnBlackSite,numberOfRobotsOnWhiteSite
15901,20,23
timeStep,numberOfRobotsOnBlackSite,numberOfRobotsOnWhiteSite
15902,20,23
timeStep,numberOfRobotsOnBlackSite,numberOfRobotsOnWhiteSite
15903,20,23
timeStep,numberOfRobotsOnBlackSite,numberOfRobotsOnWhiteSite
15904,20,23
timeStep,numberOfRobotsOnBlackSite,numberOfRobotsOnWhiteSite
15905,20,23
timeStep,numberOfRobotsOnBlackSite,numberOfRobotsOnWhiteSite
15906,20,23
timeStep,numberOfRobotsOnBlackSite,numberOfRobotsOnWhiteSite
15907,20,23
timeStep,numberOfRobotsOnBlackSite,numberOfRobotsOnWhiteSite
15908,20,23
timeStep,numberOfRobotsOnBlackSite,numberOfRobotsOnWhiteSite
15909,20,23
timeStep,numberOfRobotsOnBlackSite,numberOfRobotsOnWhiteSite
15910,20,23
timeStep,numberOfRobotsOnBlackSite,numberOfRobotsOnWhiteSite
15911,20,23
timeStep,numberOfRobotsOnBlackSite,numberOfRobotsOnWhiteSite
15912,20,23
timeStep,numberOfRobotsOnBlackSite,numberOfRobotsOnWhiteSite
15913,20,23
timeStep,numberOfRobotsOnBlackSite,numberOfRobotsOnWhiteSite
15914,20,23
timeStep,numberOfRobotsOnBlackSite,numberOfRobotsOnWhiteSite
15915,20,23
timeStep,numberOfRobotsOnBlackSite,numberOfRobotsOnWhiteSite
15916,20,23
timeStep,numberOfRobotsOnBlackSite,numberOfRobotsOnWhiteSite
15917,20,23
timeStep,numberOfRobotsOnBlackSite,numberOfRobotsOnWhiteSite
15918,20,23
timeStep,numberOfRobotsOnBlackSite,numberOfRobotsOnWhiteSite
15919,20,23
timeStep,numberOfRobotsOnBlackSite,numberOfRobotsOnWhiteSite
15920,20,23
timeStep,numberOfRobotsOnBlackSite,numberOfRobotsOnWhiteSite
15921,20,23
timeStep,numberOfRobotsOnBlackSite,numberOfRobotsOnWhiteSite
15922,20,23
timeStep,numberOfRobotsOnBlackSite,numberOfRobotsOnWhiteSite
15923,20,23
timeStep,numberOfRobotsOnBlackSite,numberOfRobotsOnWhiteSite
15924,20,23
timeStep,numberOfRobotsOnBlackSite,numberOfRobotsOnWhiteSite
15925,20,23
timeStep,numberOfRobotsOnBlackSite,numberOfRobotsOnWhiteSite
15926,20,23
timeStep,numberOfRobotsOnBlackSite,numberOfRobotsOnWhiteSite
15927,20,23
timeStep,numberOfRobotsOnBlackSite,numberOfRobotsOnWhiteSite
15928,20,23
timeStep,numberOfRobotsOnBlackSite,numberOfRobotsOnWhiteSite
15929,20,23
timeStep,numberOfRobotsOnBlackSite,numberOfRobotsOnWhiteSite
15930,20,23
timeStep,numberOfRobotsOnBlackSite,numberOfRobotsOnWhiteSite
15931,20,23
timeStep,numberOfRobotsOnBlackSite,numberOfRobotsOnWhiteSite
15932,20,23
timeStep,numberOfRobotsOnBlackSite,numberOfRobotsOnWhiteSite
15933,20,23
timeStep,numberOfRobotsOnBlackSite,numberOfRobotsOnWhiteSite
15934,20,23
timeStep,numberOfRobotsOnBlackSite,numberOfRobotsOnWhiteSite
15935,20,23
timeStep,numberOfRobotsOnBlackSite,numberOfRobotsOnWhiteSite
15936,20,23
timeStep,numberOfRobotsOnBlackSite,numberOfRobotsOnWhiteSite
15937,20,23
timeStep,numberOfRobotsOnBlackSite,numberOfRobotsOnWhiteSite
15938,20,23
timeStep,numberOfRobotsOnBlackSite,numberOfRobotsOnWhiteSite
15939,20,23
timeStep,numberOfRobotsOnBlackSite,numberOfRobotsOnWhiteSite
15940,20,23
timeStep,numberOfRobotsOnBlackSite,numberOfRobotsOnWhiteSite
15941,20,23
timeStep,numberOfRobotsOnBlackSite,numberOfRobotsOnWhiteSite
15942,20,23
timeStep,numberOfRobotsOnBlackSite,numberOfRobotsOnWhiteSite
15943,20,23
timeStep,numberOfRobotsOnBlackSite,numberOfRobotsOnWhiteSite
15944,20,23
timeStep,numberOfRobotsOnBlackSite,numberOfRobotsOnWhiteSite
15945,20,23
timeStep,numberOfRobotsOnBlackSite,numberOfRobotsOnWhiteSite
15946,20,23
timeStep,numberOfRobotsOnBlackSite,numberOfRobotsOnWhiteSite
15947,20,23
timeStep,numberOfRobotsOnBlackSite,numberOfRobotsOnWhiteSite
15948,20,23
timeStep,numberOfRobotsOnBlackSite,numberOfRobotsOnWhiteSite
15949,20,23
timeStep,numberOfRobotsOnBlackSite,numberOfRobotsOnWhiteSite
15950,20,23
timeStep,numberOfRobotsOnBlackSite,numberOfRobotsOnWhiteSite
15951,20,23
timeStep,numberOfRobotsOnBlackSite,numberOfRobotsOnWhiteSite
15952,20,23
timeStep,numberOfRobotsOnBlackSite,numberOfRobotsOnWhiteSite
15953,20,23
timeStep,numberOfRobotsOnBlackSite,numberOfRobotsOnWhiteSite
15954,20,23
timeStep,numberOfRobotsOnBlackSite,numberOfRobotsOnWhiteSite
15955,20,23
timeStep,numberOfRobotsOnBlackSite,numberOfRobotsOnWhiteSite
15956,20,23
timeStep,numberOfRobotsOnBlackSite,numberOfRobotsOnWhiteSite
15957,20,23
timeStep,numberOfRobotsOnBlackSite,numberOfRobotsOnWhiteSite
15958,20,23
timeStep,numberOfRobotsOnBlackSite,numberOfRobotsOnWhiteSite
15959,20,23
timeStep,numberOfRobotsOnBlackSite,numberOfRobotsOnWhiteSite
15960,20,23
timeStep,numberOfRobotsOnBlackSite,numberOfRobotsOnWhiteSite
15961,20,23
timeStep,numberOfRobotsOnBlackSite,numberOfRobotsOnWhiteSite
15962,20,23
timeStep,numberOfRobotsOnBlackSite,numberOfRobotsOnWhiteSite
15963,20,23
timeStep,numberOfRobotsOnBlackSite,numberOfRobotsOnWhiteSite
15964,20,23
timeStep,numberOfRobotsOnBlackSite,numberOfRobotsOnWhiteSite
15965,20,23
timeStep,numberOfRobotsOnBlackSite,numberOfRobotsOnWhiteSite
15966,20,23
timeStep,numberOfRobotsOnBlackSite,numberOfRobotsOnWhiteSite
15967,20,23
timeStep,numberOfRobotsOnBlackSite,numberOfRobotsOnWhiteSite
15968,20,23
timeStep,numberOfRobotsOnBlackSite,numberOfRobotsOnWhiteSite
15969,20,23
timeStep,numberOfRobotsOnBlackSite,numberOfRobotsOnWhiteSite
15970,20,23
timeStep,numberOfRobotsOnBlackSite,numberOfRobotsOnWhiteSite
15971,20,23
timeStep,numberOfRobotsOnBlackSite,numberOfRobotsOnWhiteSite
15972,20,23
timeStep,numberOfRobotsOnBlackSite,numberOfRobotsOnWhiteSite
15973,20,23
timeStep,numberOfRobotsOnBlackSite,numberOfRobotsOnWhiteSite
15974,20,23
timeStep,numberOfRobotsOnBlackSite,numberOfRobotsOnWhiteSite
15975,20,23
timeStep,numberOfRobotsOnBlackSite,numberOfRobotsOnWhiteSite
15976,20,23
timeStep,numberOfRobotsOnBlackSite,numberOfRobotsOnWhiteSite
15977,20,23
timeStep,numberOfRobotsOnBlackSite,numberOfRobotsOnWhiteSite
15978,20,23
timeStep,numberOfRobotsOnBlackSite,numberOfRobotsOnWhiteSite
15979,20,23
timeStep,numberOfRobotsOnBlackSite,numberOfRobotsOnWhiteSite
15980,20,23
timeStep,numberOfRobotsOnBlackSite,numberOfRobotsOnWhiteSite
15981,20,23
timeStep,numberOfRobotsOnBlackSite,numberOfRobotsOnWhiteSite
15982,20,23
timeStep,numberOfRobotsOnBlackSite,numberOfRobotsOnWhiteSite
15983,20,23
timeStep,numberOfRobotsOnBlackSite,numberOfRobotsOnWhiteSite
15984,20,23
timeStep,numberOfRobotsOnBlackSite,numberOfRobotsOnWhiteSite
15985,20,23
timeStep,numberOfRobotsOnBlackSite,numberOfRobotsOnWhiteSite
15986,20,23
timeStep,numberOfRobotsOnBlackSite,numberOfRobotsOnWhiteSite
15987,20,23
timeStep,numberOfRobotsOnBlackSite,numberOfRobotsOnWhiteSite
15988,20,23
timeStep,numberOfRobotsOnBlackSite,numberOfRobotsOnWhiteSite
15989,20,23
timeStep,numberOfRobotsOnBlackSite,numberOfRobotsOnWhiteSite
15990,20,23
timeStep,numberOfRobotsOnBlackSite,numberOfRobotsOnWhiteSite
15991,20,23
timeStep,numberOfRobotsOnBlackSite,numberOfRobotsOnWhiteSite
15992,20,23
timeStep,numberOfRobotsOnBlackSite,numberOfRobotsOnWhiteSite
15993,20,23
timeStep,numberOfRobotsOnBlackSite,numberOfRobotsOnWhiteSite
15994,20,23
timeStep,numberOfRobotsOnBlackSite,numberOfRobotsOnWhiteSite
15995,20,23
timeStep,numberOfRobotsOnBlackSite,numberOfRobotsOnWhiteSite
15996,20,23
timeStep,numberOfRobotsOnBlackSite,numberOfRobotsOnWhiteSite
15997,20,23
timeStep,numberOfRobotsOnBlackSite,numberOfRobotsOnWhiteSite
15998,20,23
timeStep,numberOfRobotsOnBlackSite,numberOfRobotsOnWhiteSite
15999,20,23
timeStep,numberOfRobotsOnBlackSite,numberOfRobotsOnWhiteSite
16000,19,23
timeStep,numberOfRobotsOnBlackSite,numberOfRobotsOnWhiteSite
16001,19,23
timeStep,numberOfRobotsOnBlackSite,numberOfRobotsOnWhiteSite
16002,19,23
timeStep,numberOfRobotsOnBlackSite,numberOfRobotsOnWhiteSite
16003,19,23
timeStep,numberOfRobotsOnBlackSite,numberOfRobotsOnWhiteSite
16004,19,23
timeStep,numberOfRobotsOnBlackSite,numberOfRobotsOnWhiteSite
16005,19,23
timeStep,numberOfRobotsOnBlackSite,numberOfRobotsOnWhiteSite
16006,19,23
timeStep,numberOfRobotsOnBlackSite,numberOfRobotsOnWhiteSite
16007,19,23
timeStep,numberOfRobotsOnBlackSite,numberOfRobotsOnWhiteSite
16008,19,23
timeStep,numberOfRobotsOnBlackSite,numberOfRobotsOnWhiteSite
16009,19,23
timeStep,numberOfRobotsOnBlackSite,numberOfRobotsOnWhiteSite
16010,19,23
timeStep,numberOfRobotsOnBlackSite,numberOfRobotsOnWhiteSite
16011,19,23
timeStep,numberOfRobotsOnBlackSite,numberOfRobotsOnWhiteSite
16012,19,23
timeStep,numberOfRobotsOnBlackSite,numberOfRobotsOnWhiteSite
16013,19,23
timeStep,numberOfRobotsOnBlackSite,numberOfRobotsOnWhiteSite
16014,19,23
timeStep,numberOfRobotsOnBlackSite,numberOfRobotsOnWhiteSite
16015,19,23
timeStep,numberOfRobotsOnBlackSite,numberOfRobotsOnWhiteSite
16016,19,23
timeStep,numberOfRobotsOnBlackSite,numberOfRobotsOnWhiteSite
16017,19,23
timeStep,numberOfRobotsOnBlackSite,numberOfRobotsOnWhiteSite
16018,19,23
timeStep,numberOfRobotsOnBlackSite,numberOfRobotsOnWhiteSite
16019,19,23
timeStep,numberOfRobotsOnBlackSite,numberOfRobotsOnWhiteSite
16020,19,23
timeStep,numberOfRobotsOnBlackSite,numberOfRobotsOnWhiteSite
16021,19,23
timeStep,numberOfRobotsOnBlackSite,numberOfRobotsOnWhiteSite
16022,19,23
timeStep,numberOfRobotsOnBlackSite,numberOfRobotsOnWhiteSite
16023,19,23
timeStep,numberOfRobotsOnBlackSite,numberOfRobotsOnWhiteSite
16024,19,23
timeStep,numberOfRobotsOnBlackSite,numberOfRobotsOnWhiteSite
16025,19,23
timeStep,numberOfRobotsOnBlackSite,numberOfRobotsOnWhiteSite
16026,19,23
timeStep,numberOfRobotsOnBlackSite,numberOfRobotsOnWhiteSite
16027,19,23
timeStep,numberOfRobotsOnBlackSite,numberOfRobotsOnWhiteSite
16028,19,23
timeStep,numberOfRobotsOnBlackSite,numberOfRobotsOnWhiteSite
16029,19,23
timeStep,numberOfRobotsOnBlackSite,numberOfRobotsOnWhiteSite
16030,19,23
timeStep,numberOfRobotsOnBlackSite,numberOfRobotsOnWhiteSite
16031,19,23
timeStep,numberOfRobotsOnBlackSite,numberOfRobotsOnWhiteSite
16032,19,23
timeStep,numberOfRobotsOnBlackSite,numberOfRobotsOnWhiteSite
16033,19,23
timeStep,numberOfRobotsOnBlackSite,numberOfRobotsOnWhiteSite
16034,19,23
timeStep,numberOfRobotsOnBlackSite,numberOfRobotsOnWhiteSite
16035,19,23
timeStep,numberOfRobotsOnBlackSite,numberOfRobotsOnWhiteSite
16036,19,23
timeStep,numberOfRobotsOnBlackSite,numberOfRobotsOnWhiteSite
16037,19,23
timeStep,numberOfRobotsOnBlackSite,numberOfRobotsOnWhiteSite
16038,19,23
timeStep,numberOfRobotsOnBlackSite,numberOfRobotsOnWhiteSite
16039,19,23
timeStep,numberOfRobotsOnBlackSite,numberOfRobotsOnWhiteSite
16040,19,23
timeStep,numberOfRobotsOnBlackSite,numberOfRobotsOnWhiteSite
16041,19,23
timeStep,numberOfRobotsOnBlackSite,numberOfRobotsOnWhiteSite
16042,19,23
timeStep,numberOfRobotsOnBlackSite,numberOfRobotsOnWhiteSite
16043,19,23
timeStep,numberOfRobotsOnBlackSite,numberOfRobotsOnWhiteSite
16044,19,23
timeStep,numberOfRobotsOnBlackSite,numberOfRobotsOnWhiteSite
16045,19,23
timeStep,numberOfRobotsOnBlackSite,numberOfRobotsOnWhiteSite
16046,19,23
timeStep,numberOfRobotsOnBlackSite,numberOfRobotsOnWhiteSite
16047,19,23
timeStep,numberOfRobotsOnBlackSite,numberOfRobotsOnWhiteSite
16048,19,23
timeStep,numberOfRobotsOnBlackSite,numberOfRobotsOnWhiteSite
16049,19,23
timeStep,numberOfRobotsOnBlackSite,numberOfRobotsOnWhiteSite
16050,19,23
timeStep,numberOfRobotsOnBlackSite,numberOfRobotsOnWhiteSite
16051,19,23
timeStep,numberOfRobotsOnBlackSite,numberOfRobotsOnWhiteSite
16052,19,23
timeStep,numberOfRobotsOnBlackSite,numberOfRobotsOnWhiteSite
16053,19,23
timeStep,numberOfRobotsOnBlackSite,numberOfRobotsOnWhiteSite
16054,19,23
timeStep,numberOfRobotsOnBlackSite,numberOfRobotsOnWhiteSite
16055,19,23
timeStep,numberOfRobotsOnBlackSite,numberOfRobotsOnWhiteSite
16056,19,23
timeStep,numberOfRobotsOnBlackSite,numberOfRobotsOnWhiteSite
16057,19,23
timeStep,numberOfRobotsOnBlackSite,numberOfRobotsOnWhiteSite
16058,19,23
timeStep,numberOfRobotsOnBlackSite,numberOfRobotsOnWhiteSite
16059,19,23
timeStep,numberOfRobotsOnBlackSite,numberOfRobotsOnWhiteSite
16060,19,23
timeStep,numberOfRobotsOnBlackSite,numberOfRobotsOnWhiteSite
16061,19,23
timeStep,numberOfRobotsOnBlackSite,numberOfRobotsOnWhiteSite
16062,19,23
timeStep,numberOfRobotsOnBlackSite,numberOfRobotsOnWhiteSite
16063,19,23
timeStep,numberOfRobotsOnBlackSite,numberOfRobotsOnWhiteSite
16064,19,23
timeStep,numberOfRobotsOnBlackSite,numberOfRobotsOnWhiteSite
16065,19,23
timeStep,numberOfRobotsOnBlackSite,numberOfRobotsOnWhiteSite
16066,19,23
timeStep,numberOfRobotsOnBlackSite,numberOfRobotsOnWhiteSite
16067,19,23
timeStep,numberOfRobotsOnBlackSite,numberOfRobotsOnWhiteSite
16068,19,23
timeStep,numberOfRobotsOnBlackSite,numberOfRobotsOnWhiteSite
16069,19,23
timeStep,numberOfRobotsOnBlackSite,numberOfRobotsOnWhiteSite
16070,19,23
timeStep,numberOfRobotsOnBlackSite,numberOfRobotsOnWhiteSite
16071,19,23
timeStep,numberOfRobotsOnBlackSite,numberOfRobotsOnWhiteSite
16072,19,23
timeStep,numberOfRobotsOnBlackSite,numberOfRobotsOnWhiteSite
16073,19,23
timeStep,numberOfRobotsOnBlackSite,numberOfRobotsOnWhiteSite
16074,19,23
timeStep,numberOfRobotsOnBlackSite,numberOfRobotsOnWhiteSite
16075,19,23
timeStep,numberOfRobotsOnBlackSite,numberOfRobotsOnWhiteSite
16076,19,23
timeStep,numberOfRobotsOnBlackSite,numberOfRobotsOnWhiteSite
16077,19,23
timeStep,numberOfRobotsOnBlackSite,numberOfRobotsOnWhiteSite
16078,19,23
timeStep,numberOfRobotsOnBlackSite,numberOfRobotsOnWhiteSite
16079,19,23
timeStep,numberOfRobotsOnBlackSite,numberOfRobotsOnWhiteSite
16080,19,23
timeStep,numberOfRobotsOnBlackSite,numberOfRobotsOnWhiteSite
16081,19,23
timeStep,numberOfRobotsOnBlackSite,numberOfRobotsOnWhiteSite
16082,19,23
timeStep,numberOfRobotsOnBlackSite,numberOfRobotsOnWhiteSite
16083,19,23
timeStep,numberOfRobotsOnBlackSite,numberOfRobotsOnWhiteSite
16084,19,23
timeStep,numberOfRobotsOnBlackSite,numberOfRobotsOnWhiteSite
16085,19,23
timeStep,numberOfRobotsOnBlackSite,numberOfRobotsOnWhiteSite
16086,19,23
timeStep,numberOfRobotsOnBlackSite,numberOfRobotsOnWhiteSite
16087,19,23
timeStep,numberOfRobotsOnBlackSite,numberOfRobotsOnWhiteSite
16088,19,23
timeStep,numberOfRobotsOnBlackSite,numberOfRobotsOnWhiteSite
16089,19,23
timeStep,numberOfRobotsOnBlackSite,numberOfRobotsOnWhiteSite
16090,19,23
timeStep,numberOfRobotsOnBlackSite,numberOfRobotsOnWhiteSite
16091,19,23
timeStep,numberOfRobotsOnBlackSite,numberOfRobotsOnWhiteSite
16092,19,23
timeStep,numberOfRobotsOnBlackSite,numberOfRobotsOnWhiteSite
16093,19,23
timeStep,numberOfRobotsOnBlackSite,numberOfRobotsOnWhiteSite
16094,19,23
timeStep,numberOfRobotsOnBlackSite,numberOfRobotsOnWhiteSite
16095,19,23
timeStep,numberOfRobotsOnBlackSite,numberOfRobotsOnWhiteSite
16096,19,23
timeStep,numberOfRobotsOnBlackSite,numberOfRobotsOnWhiteSite
16097,19,23
timeStep,numberOfRobotsOnBlackSite,numberOfRobotsOnWhiteSite
16098,19,23
timeStep,numberOfRobotsOnBlackSite,numberOfRobotsOnWhiteSite
16099,19,23
timeStep,numberOfRobotsOnBlackSite,numberOfRobotsOnWhiteSite
16100,19,23
timeStep,numberOfRobotsOnBlackSite,numberOfRobotsOnWhiteSite
16101,19,23
timeStep,numberOfRobotsOnBlackSite,numberOfRobotsOnWhiteSite
16102,19,23
timeStep,numberOfRobotsOnBlackSite,numberOfRobotsOnWhiteSite
16103,19,23
timeStep,numberOfRobotsOnBlackSite,numberOfRobotsOnWhiteSite
16104,19,23
timeStep,numberOfRobotsOnBlackSite,numberOfRobotsOnWhiteSite
16105,19,23
timeStep,numberOfRobotsOnBlackSite,numberOfRobotsOnWhiteSite
16106,19,23
timeStep,numberOfRobotsOnBlackSite,numberOfRobotsOnWhiteSite
16107,19,23
timeStep,numberOfRobotsOnBlackSite,numberOfRobotsOnWhiteSite
16108,19,23
timeStep,numberOfRobotsOnBlackSite,numberOfRobotsOnWhiteSite
16109,19,23
timeStep,numberOfRobotsOnBlackSite,numberOfRobotsOnWhiteSite
16110,19,23
timeStep,numberOfRobotsOnBlackSite,numberOfRobotsOnWhiteSite
16111,19,23
timeStep,numberOfRobotsOnBlackSite,numberOfRobotsOnWhiteSite
16112,19,23
timeStep,numberOfRobotsOnBlackSite,numberOfRobotsOnWhiteSite
16113,19,23
timeStep,numberOfRobotsOnBlackSite,numberOfRobotsOnWhiteSite
16114,19,23
timeStep,numberOfRobotsOnBlackSite,numberOfRobotsOnWhiteSite
16115,19,23
timeStep,numberOfRobotsOnBlackSite,numberOfRobotsOnWhiteSite
16116,19,23
timeStep,numberOfRobotsOnBlackSite,numberOfRobotsOnWhiteSite
16117,19,23
timeStep,numberOfRobotsOnBlackSite,numberOfRobotsOnWhiteSite
16118,19,23
timeStep,numberOfRobotsOnBlackSite,numberOfRobotsOnWhiteSite
16119,19,23
timeStep,numberOfRobotsOnBlackSite,numberOfRobotsOnWhiteSite
16120,19,23
timeStep,numberOfRobotsOnBlackSite,numberOfRobotsOnWhiteSite
16121,19,23
timeStep,numberOfRobotsOnBlackSite,numberOfRobotsOnWhiteSite
16122,19,23
timeStep,numberOfRobotsOnBlackSite,numberOfRobotsOnWhiteSite
16123,19,23
timeStep,numberOfRobotsOnBlackSite,numberOfRobotsOnWhiteSite
16124,19,23
timeStep,numberOfRobotsOnBlackSite,numberOfRobotsOnWhiteSite
16125,19,23
timeStep,numberOfRobotsOnBlackSite,numberOfRobotsOnWhiteSite
16126,19,23
timeStep,numberOfRobotsOnBlackSite,numberOfRobotsOnWhiteSite
16127,19,23
timeStep,numberOfRobotsOnBlackSite,numberOfRobotsOnWhiteSite
16128,19,23
timeStep,numberOfRobotsOnBlackSite,numberOfRobotsOnWhiteSite
16129,19,23
timeStep,numberOfRobotsOnBlackSite,numberOfRobotsOnWhiteSite
16130,19,23
timeStep,numberOfRobotsOnBlackSite,numberOfRobotsOnWhiteSite
16131,19,23
timeStep,numberOfRobotsOnBlackSite,numberOfRobotsOnWhiteSite
16132,19,23
timeStep,numberOfRobotsOnBlackSite,numberOfRobotsOnWhiteSite
16133,19,23
timeStep,numberOfRobotsOnBlackSite,numberOfRobotsOnWhiteSite
16134,19,23
timeStep,numberOfRobotsOnBlackSite,numberOfRobotsOnWhiteSite
16135,19,23
timeStep,numberOfRobotsOnBlackSite,numberOfRobotsOnWhiteSite
16136,19,23
timeStep,numberOfRobotsOnBlackSite,numberOfRobotsOnWhiteSite
16137,19,23
timeStep,numberOfRobotsOnBlackSite,numberOfRobotsOnWhiteSite
16138,19,23
timeStep,numberOfRobotsOnBlackSite,numberOfRobotsOnWhiteSite
16139,19,23
timeStep,numberOfRobotsOnBlackSite,numberOfRobotsOnWhiteSite
16140,19,23
timeStep,numberOfRobotsOnBlackSite,numberOfRobotsOnWhiteSite
16141,19,23
timeStep,numberOfRobotsOnBlackSite,numberOfRobotsOnWhiteSite
16142,19,23
timeStep,numberOfRobotsOnBlackSite,numberOfRobotsOnWhiteSite
16143,19,23
timeStep,numberOfRobotsOnBlackSite,numberOfRobotsOnWhiteSite
16144,19,23
timeStep,numberOfRobotsOnBlackSite,numberOfRobotsOnWhiteSite
16145,19,23
timeStep,numberOfRobotsOnBlackSite,numberOfRobotsOnWhiteSite
16146,19,23
timeStep,numberOfRobotsOnBlackSite,numberOfRobotsOnWhiteSite
16147,19,23
timeStep,numberOfRobotsOnBlackSite,numberOfRobotsOnWhiteSite
16148,19,23
timeStep,numberOfRobotsOnBlackSite,numberOfRobotsOnWhiteSite
16149,19,23
timeStep,numberOfRobotsOnBlackSite,numberOfRobotsOnWhiteSite
16150,19,23
timeStep,numberOfRobotsOnBlackSite,numberOfRobotsOnWhiteSite
16151,19,23
timeStep,numberOfRobotsOnBlackSite,numberOfRobotsOnWhiteSite
16152,19,23
timeStep,numberOfRobotsOnBlackSite,numberOfRobotsOnWhiteSite
16153,19,23
timeStep,numberOfRobotsOnBlackSite,numberOfRobotsOnWhiteSite
16154,19,23
timeStep,numberOfRobotsOnBlackSite,numberOfRobotsOnWhiteSite
16155,19,23
timeStep,numberOfRobotsOnBlackSite,numberOfRobotsOnWhiteSite
16156,19,23
timeStep,numberOfRobotsOnBlackSite,numberOfRobotsOnWhiteSite
16157,19,23
timeStep,numberOfRobotsOnBlackSite,numberOfRobotsOnWhiteSite
16158,19,23
timeStep,numberOfRobotsOnBlackSite,numberOfRobotsOnWhiteSite
16159,19,23
timeStep,numberOfRobotsOnBlackSite,numberOfRobotsOnWhiteSite
16160,19,23
timeStep,numberOfRobotsOnBlackSite,numberOfRobotsOnWhiteSite
16161,19,23
timeStep,numberOfRobotsOnBlackSite,numberOfRobotsOnWhiteSite
16162,19,23
timeStep,numberOfRobotsOnBlackSite,numberOfRobotsOnWhiteSite
16163,19,23
timeStep,numberOfRobotsOnBlackSite,numberOfRobotsOnWhiteSite
16164,19,23
timeStep,numberOfRobotsOnBlackSite,numberOfRobotsOnWhiteSite
16165,19,23
timeStep,numberOfRobotsOnBlackSite,numberOfRobotsOnWhiteSite
16166,19,23
timeStep,numberOfRobotsOnBlackSite,numberOfRobotsOnWhiteSite
16167,19,23
timeStep,numberOfRobotsOnBlackSite,numberOfRobotsOnWhiteSite
16168,19,23
timeStep,numberOfRobotsOnBlackSite,numberOfRobotsOnWhiteSite
16169,19,23
timeStep,numberOfRobotsOnBlackSite,numberOfRobotsOnWhiteSite
16170,19,23
timeStep,numberOfRobotsOnBlackSite,numberOfRobotsOnWhiteSite
16171,19,23
timeStep,numberOfRobotsOnBlackSite,numberOfRobotsOnWhiteSite
16172,19,23
timeStep,numberOfRobotsOnBlackSite,numberOfRobotsOnWhiteSite
16173,19,23
timeStep,numberOfRobotsOnBlackSite,numberOfRobotsOnWhiteSite
16174,19,23
timeStep,numberOfRobotsOnBlackSite,numberOfRobotsOnWhiteSite
16175,19,23
timeStep,numberOfRobotsOnBlackSite,numberOfRobotsOnWhiteSite
16176,19,23
timeStep,numberOfRobotsOnBlackSite,numberOfRobotsOnWhiteSite
16177,19,23
timeStep,numberOfRobotsOnBlackSite,numberOfRobotsOnWhiteSite
16178,19,23
timeStep,numberOfRobotsOnBlackSite,numberOfRobotsOnWhiteSite
16179,19,23
timeStep,numberOfRobotsOnBlackSite,numberOfRobotsOnWhiteSite
16180,19,23
timeStep,numberOfRobotsOnBlackSite,numberOfRobotsOnWhiteSite
16181,19,23
timeStep,numberOfRobotsOnBlackSite,numberOfRobotsOnWhiteSite
16182,19,23
timeStep,numberOfRobotsOnBlackSite,numberOfRobotsOnWhiteSite
16183,19,23
timeStep,numberOfRobotsOnBlackSite,numberOfRobotsOnWhiteSite
16184,19,23
timeStep,numberOfRobotsOnBlackSite,numberOfRobotsOnWhiteSite
16185,19,23
timeStep,numberOfRobotsOnBlackSite,numberOfRobotsOnWhiteSite
16186,19,23
timeStep,numberOfRobotsOnBlackSite,numberOfRobotsOnWhiteSite
16187,19,23
timeStep,numberOfRobotsOnBlackSite,numberOfRobotsOnWhiteSite
16188,19,23
timeStep,numberOfRobotsOnBlackSite,numberOfRobotsOnWhiteSite
16189,19,23
timeStep,numberOfRobotsOnBlackSite,numberOfRobotsOnWhiteSite
16190,19,23
timeStep,numberOfRobotsOnBlackSite,numberOfRobotsOnWhiteSite
16191,19,23
timeStep,numberOfRobotsOnBlackSite,numberOfRobotsOnWhiteSite
16192,19,23
timeStep,numberOfRobotsOnBlackSite,numberOfRobotsOnWhiteSite
16193,19,23
timeStep,numberOfRobotsOnBlackSite,numberOfRobotsOnWhiteSite
16194,19,23
timeStep,numberOfRobotsOnBlackSite,numberOfRobotsOnWhiteSite
16195,19,23
timeStep,numberOfRobotsOnBlackSite,numberOfRobotsOnWhiteSite
16196,19,23
timeStep,numberOfRobotsOnBlackSite,numberOfRobotsOnWhiteSite
16197,19,23
timeStep,numberOfRobotsOnBlackSite,numberOfRobotsOnWhiteSite
16198,19,23
timeStep,numberOfRobotsOnBlackSite,numberOfRobotsOnWhiteSite
16199,19,23
timeStep,numberOfRobotsOnBlackSite,numberOfRobotsOnWhiteSite
16200,19,23
timeStep,numberOfRobotsOnBlackSite,numberOfRobotsOnWhiteSite
16201,19,23
timeStep,numberOfRobotsOnBlackSite,numberOfRobotsOnWhiteSite
16202,19,23
timeStep,numberOfRobotsOnBlackSite,numberOfRobotsOnWhiteSite
16203,19,23
timeStep,numberOfRobotsOnBlackSite,numberOfRobotsOnWhiteSite
16204,19,23
timeStep,numberOfRobotsOnBlackSite,numberOfRobotsOnWhiteSite
16205,19,23
timeStep,numberOfRobotsOnBlackSite,numberOfRobotsOnWhiteSite
16206,19,23
timeStep,numberOfRobotsOnBlackSite,numberOfRobotsOnWhiteSite
16207,19,23
timeStep,numberOfRobotsOnBlackSite,numberOfRobotsOnWhiteSite
16208,19,23
timeStep,numberOfRobotsOnBlackSite,numberOfRobotsOnWhiteSite
16209,19,23
timeStep,numberOfRobotsOnBlackSite,numberOfRobotsOnWhiteSite
16210,19,23
timeStep,numberOfRobotsOnBlackSite,numberOfRobotsOnWhiteSite
16211,19,23
timeStep,numberOfRobotsOnBlackSite,numberOfRobotsOnWhiteSite
16212,19,23
timeStep,numberOfRobotsOnBlackSite,numberOfRobotsOnWhiteSite
16213,19,23
timeStep,numberOfRobotsOnBlackSite,numberOfRobotsOnWhiteSite
16214,19,23
timeStep,numberOfRobotsOnBlackSite,numberOfRobotsOnWhiteSite
16215,19,23
timeStep,numberOfRobotsOnBlackSite,numberOfRobotsOnWhiteSite
16216,19,23
timeStep,numberOfRobotsOnBlackSite,numberOfRobotsOnWhiteSite
16217,19,23
timeStep,numberOfRobotsOnBlackSite,numberOfRobotsOnWhiteSite
16218,19,23
timeStep,numberOfRobotsOnBlackSite,numberOfRobotsOnWhiteSite
16219,19,23
timeStep,numberOfRobotsOnBlackSite,numberOfRobotsOnWhiteSite
16220,19,23
timeStep,numberOfRobotsOnBlackSite,numberOfRobotsOnWhiteSite
16221,19,23
timeStep,numberOfRobotsOnBlackSite,numberOfRobotsOnWhiteSite
16222,19,23
timeStep,numberOfRobotsOnBlackSite,numberOfRobotsOnWhiteSite
16223,19,23
timeStep,numberOfRobotsOnBlackSite,numberOfRobotsOnWhiteSite
16224,19,23
timeStep,numberOfRobotsOnBlackSite,numberOfRobotsOnWhiteSite
16225,19,23
timeStep,numberOfRobotsOnBlackSite,numberOfRobotsOnWhiteSite
16226,19,23
timeStep,numberOfRobotsOnBlackSite,numberOfRobotsOnWhiteSite
16227,19,23
timeStep,numberOfRobotsOnBlackSite,numberOfRobotsOnWhiteSite
16228,19,23
timeStep,numberOfRobotsOnBlackSite,numberOfRobotsOnWhiteSite
16229,19,23
timeStep,numberOfRobotsOnBlackSite,numberOfRobotsOnWhiteSite
16230,19,23
timeStep,numberOfRobotsOnBlackSite,numberOfRobotsOnWhiteSite
16231,19,23
timeStep,numberOfRobotsOnBlackSite,numberOfRobotsOnWhiteSite
16232,19,23
timeStep,numberOfRobotsOnBlackSite,numberOfRobotsOnWhiteSite
16233,19,23
timeStep,numberOfRobotsOnBlackSite,numberOfRobotsOnWhiteSite
16234,19,23
timeStep,numberOfRobotsOnBlackSite,numberOfRobotsOnWhiteSite
16235,19,23
timeStep,numberOfRobotsOnBlackSite,numberOfRobotsOnWhiteSite
16236,19,23
timeStep,numberOfRobotsOnBlackSite,numberOfRobotsOnWhiteSite
16237,19,23
timeStep,numberOfRobotsOnBlackSite,numberOfRobotsOnWhiteSite
16238,19,23
timeStep,numberOfRobotsOnBlackSite,numberOfRobotsOnWhiteSite
16239,19,23
timeStep,numberOfRobotsOnBlackSite,numberOfRobotsOnWhiteSite
16240,19,23
timeStep,numberOfRobotsOnBlackSite,numberOfRobotsOnWhiteSite
16241,19,23
timeStep,numberOfRobotsOnBlackSite,numberOfRobotsOnWhiteSite
16242,19,23
timeStep,numberOfRobotsOnBlackSite,numberOfRobotsOnWhiteSite
16243,19,23
timeStep,numberOfRobotsOnBlackSite,numberOfRobotsOnWhiteSite
16244,19,23
timeStep,numberOfRobotsOnBlackSite,numberOfRobotsOnWhiteSite
16245,19,23
timeStep,numberOfRobotsOnBlackSite,numberOfRobotsOnWhiteSite
16246,19,23
timeStep,numberOfRobotsOnBlackSite,numberOfRobotsOnWhiteSite
16247,19,23
timeStep,numberOfRobotsOnBlackSite,numberOfRobotsOnWhiteSite
16248,19,23
timeStep,numberOfRobotsOnBlackSite,numberOfRobotsOnWhiteSite
16249,19,23
timeStep,numberOfRobotsOnBlackSite,numberOfRobotsOnWhiteSite
16250,19,23
timeStep,numberOfRobotsOnBlackSite,numberOfRobotsOnWhiteSite
16251,19,23
timeStep,numberOfRobotsOnBlackSite,numberOfRobotsOnWhiteSite
16252,19,23
timeStep,numberOfRobotsOnBlackSite,numberOfRobotsOnWhiteSite
16253,19,23
timeStep,numberOfRobotsOnBlackSite,numberOfRobotsOnWhiteSite
16254,19,23
timeStep,numberOfRobotsOnBlackSite,numberOfRobotsOnWhiteSite
16255,19,23
timeStep,numberOfRobotsOnBlackSite,numberOfRobotsOnWhiteSite
16256,19,23
timeStep,numberOfRobotsOnBlackSite,numberOfRobotsOnWhiteSite
16257,19,23
timeStep,numberOfRobotsOnBlackSite,numberOfRobotsOnWhiteSite
16258,19,23
timeStep,numberOfRobotsOnBlackSite,numberOfRobotsOnWhiteSite
16259,19,23
timeStep,numberOfRobotsOnBlackSite,numberOfRobotsOnWhiteSite
16260,19,23
timeStep,numberOfRobotsOnBlackSite,numberOfRobotsOnWhiteSite
16261,19,23
timeStep,numberOfRobotsOnBlackSite,numberOfRobotsOnWhiteSite
16262,19,23
timeStep,numberOfRobotsOnBlackSite,numberOfRobotsOnWhiteSite
16263,19,23
timeStep,numberOfRobotsOnBlackSite,numberOfRobotsOnWhiteSite
16264,19,23
timeStep,numberOfRobotsOnBlackSite,numberOfRobotsOnWhiteSite
16265,19,23
timeStep,numberOfRobotsOnBlackSite,numberOfRobotsOnWhiteSite
16266,19,23
timeStep,numberOfRobotsOnBlackSite,numberOfRobotsOnWhiteSite
16267,19,23
timeStep,numberOfRobotsOnBlackSite,numberOfRobotsOnWhiteSite
16268,19,23
timeStep,numberOfRobotsOnBlackSite,numberOfRobotsOnWhiteSite
16269,19,23
timeStep,numberOfRobotsOnBlackSite,numberOfRobotsOnWhiteSite
16270,19,23
timeStep,numberOfRobotsOnBlackSite,numberOfRobotsOnWhiteSite
16271,19,23
timeStep,numberOfRobotsOnBlackSite,numberOfRobotsOnWhiteSite
16272,19,23
timeStep,numberOfRobotsOnBlackSite,numberOfRobotsOnWhiteSite
16273,19,23
timeStep,numberOfRobotsOnBlackSite,numberOfRobotsOnWhiteSite
16274,19,23
timeStep,numberOfRobotsOnBlackSite,numberOfRobotsOnWhiteSite
16275,19,23
timeStep,numberOfRobotsOnBlackSite,numberOfRobotsOnWhiteSite
16276,19,23
timeStep,numberOfRobotsOnBlackSite,numberOfRobotsOnWhiteSite
16277,19,23
timeStep,numberOfRobotsOnBlackSite,numberOfRobotsOnWhiteSite
16278,19,23
timeStep,numberOfRobotsOnBlackSite,numberOfRobotsOnWhiteSite
16279,19,23
timeStep,numberOfRobotsOnBlackSite,numberOfRobotsOnWhiteSite
16280,19,23
timeStep,numberOfRobotsOnBlackSite,numberOfRobotsOnWhiteSite
16281,19,23
timeStep,numberOfRobotsOnBlackSite,numberOfRobotsOnWhiteSite
16282,19,23
timeStep,numberOfRobotsOnBlackSite,numberOfRobotsOnWhiteSite
16283,19,23
timeStep,numberOfRobotsOnBlackSite,numberOfRobotsOnWhiteSite
16284,19,23
timeStep,numberOfRobotsOnBlackSite,numberOfRobotsOnWhiteSite
16285,19,23
timeStep,numberOfRobotsOnBlackSite,numberOfRobotsOnWhiteSite
16286,19,23
timeStep,numberOfRobotsOnBlackSite,numberOfRobotsOnWhiteSite
16287,19,23
timeStep,numberOfRobotsOnBlackSite,numberOfRobotsOnWhiteSite
16288,19,23
timeStep,numberOfRobotsOnBlackSite,numberOfRobotsOnWhiteSite
16289,19,23
timeStep,numberOfRobotsOnBlackSite,numberOfRobotsOnWhiteSite
16290,19,23
timeStep,numberOfRobotsOnBlackSite,numberOfRobotsOnWhiteSite
16291,19,23
timeStep,numberOfRobotsOnBlackSite,numberOfRobotsOnWhiteSite
16292,19,23
timeStep,numberOfRobotsOnBlackSite,numberOfRobotsOnWhiteSite
16293,19,23
timeStep,numberOfRobotsOnBlackSite,numberOfRobotsOnWhiteSite
16294,19,23
timeStep,numberOfRobotsOnBlackSite,numberOfRobotsOnWhiteSite
16295,19,23
timeStep,numberOfRobotsOnBlackSite,numberOfRobotsOnWhiteSite
16296,19,23
timeStep,numberOfRobotsOnBlackSite,numberOfRobotsOnWhiteSite
16297,19,23
timeStep,numberOfRobotsOnBlackSite,numberOfRobotsOnWhiteSite
16298,19,23
timeStep,numberOfRobotsOnBlackSite,numberOfRobotsOnWhiteSite
16299,19,23
timeStep,numberOfRobotsOnBlackSite,numberOfRobotsOnWhiteSite
16300,19,23
timeStep,numberOfRobotsOnBlackSite,numberOfRobotsOnWhiteSite
16301,19,23
timeStep,numberOfRobotsOnBlackSite,numberOfRobotsOnWhiteSite
16302,19,23
timeStep,numberOfRobotsOnBlackSite,numberOfRobotsOnWhiteSite
16303,19,23
timeStep,numberOfRobotsOnBlackSite,numberOfRobotsOnWhiteSite
16304,19,23
timeStep,numberOfRobotsOnBlackSite,numberOfRobotsOnWhiteSite
16305,19,23
timeStep,numberOfRobotsOnBlackSite,numberOfRobotsOnWhiteSite
16306,19,23
timeStep,numberOfRobotsOnBlackSite,numberOfRobotsOnWhiteSite
16307,19,23
timeStep,numberOfRobotsOnBlackSite,numberOfRobotsOnWhiteSite
16308,19,23
timeStep,numberOfRobotsOnBlackSite,numberOfRobotsOnWhiteSite
16309,19,23
timeStep,numberOfRobotsOnBlackSite,numberOfRobotsOnWhiteSite
16310,19,23
timeStep,numberOfRobotsOnBlackSite,numberOfRobotsOnWhiteSite
16311,19,23
timeStep,numberOfRobotsOnBlackSite,numberOfRobotsOnWhiteSite
16312,19,23
timeStep,numberOfRobotsOnBlackSite,numberOfRobotsOnWhiteSite
16313,19,23
timeStep,numberOfRobotsOnBlackSite,numberOfRobotsOnWhiteSite
16314,19,23
timeStep,numberOfRobotsOnBlackSite,numberOfRobotsOnWhiteSite
16315,19,23
timeStep,numberOfRobotsOnBlackSite,numberOfRobotsOnWhiteSite
16316,19,23
timeStep,numberOfRobotsOnBlackSite,numberOfRobotsOnWhiteSite
16317,19,23
timeStep,numberOfRobotsOnBlackSite,numberOfRobotsOnWhiteSite
16318,19,23
timeStep,numberOfRobotsOnBlackSite,numberOfRobotsOnWhiteSite
16319,19,23
timeStep,numberOfRobotsOnBlackSite,numberOfRobotsOnWhiteSite
16320,19,23
timeStep,numberOfRobotsOnBlackSite,numberOfRobotsOnWhiteSite
16321,19,23
timeStep,numberOfRobotsOnBlackSite,numberOfRobotsOnWhiteSite
16322,19,23
timeStep,numberOfRobotsOnBlackSite,numberOfRobotsOnWhiteSite
16323,19,23
timeStep,numberOfRobotsOnBlackSite,numberOfRobotsOnWhiteSite
16324,19,23
timeStep,numberOfRobotsOnBlackSite,numberOfRobotsOnWhiteSite
16325,19,23
timeStep,numberOfRobotsOnBlackSite,numberOfRobotsOnWhiteSite
16326,19,23
timeStep,numberOfRobotsOnBlackSite,numberOfRobotsOnWhiteSite
16327,19,23
timeStep,numberOfRobotsOnBlackSite,numberOfRobotsOnWhiteSite
16328,19,23
timeStep,numberOfRobotsOnBlackSite,numberOfRobotsOnWhiteSite
16329,19,23
timeStep,numberOfRobotsOnBlackSite,numberOfRobotsOnWhiteSite
16330,19,23
timeStep,numberOfRobotsOnBlackSite,numberOfRobotsOnWhiteSite
16331,19,23
timeStep,numberOfRobotsOnBlackSite,numberOfRobotsOnWhiteSite
16332,19,23
timeStep,numberOfRobotsOnBlackSite,numberOfRobotsOnWhiteSite
16333,19,23
timeStep,numberOfRobotsOnBlackSite,numberOfRobotsOnWhiteSite
16334,19,23
timeStep,numberOfRobotsOnBlackSite,numberOfRobotsOnWhiteSite
16335,19,23
timeStep,numberOfRobotsOnBlackSite,numberOfRobotsOnWhiteSite
16336,19,23
timeStep,numberOfRobotsOnBlackSite,numberOfRobotsOnWhiteSite
16337,19,23
timeStep,numberOfRobotsOnBlackSite,numberOfRobotsOnWhiteSite
16338,19,23
timeStep,numberOfRobotsOnBlackSite,numberOfRobotsOnWhiteSite
16339,19,23
timeStep,numberOfRobotsOnBlackSite,numberOfRobotsOnWhiteSite
16340,19,23
timeStep,numberOfRobotsOnBlackSite,numberOfRobotsOnWhiteSite
16341,19,23
timeStep,numberOfRobotsOnBlackSite,numberOfRobotsOnWhiteSite
16342,19,23
timeStep,numberOfRobotsOnBlackSite,numberOfRobotsOnWhiteSite
16343,19,23
timeStep,numberOfRobotsOnBlackSite,numberOfRobotsOnWhiteSite
16344,19,23
timeStep,numberOfRobotsOnBlackSite,numberOfRobotsOnWhiteSite
16345,19,24
timeStep,numberOfRobotsOnBlackSite,numberOfRobotsOnWhiteSite
16346,19,24
timeStep,numberOfRobotsOnBlackSite,numberOfRobotsOnWhiteSite
16347,19,24
timeStep,numberOfRobotsOnBlackSite,numberOfRobotsOnWhiteSite
16348,19,24
timeStep,numberOfRobotsOnBlackSite,numberOfRobotsOnWhiteSite
16349,19,24
timeStep,numberOfRobotsOnBlackSite,numberOfRobotsOnWhiteSite
16350,19,24
timeStep,numberOfRobotsOnBlackSite,numberOfRobotsOnWhiteSite
16351,19,24
timeStep,numberOfRobotsOnBlackSite,numberOfRobotsOnWhiteSite
16352,19,24
timeStep,numberOfRobotsOnBlackSite,numberOfRobotsOnWhiteSite
16353,19,24
timeStep,numberOfRobotsOnBlackSite,numberOfRobotsOnWhiteSite
16354,19,24
timeStep,numberOfRobotsOnBlackSite,numberOfRobotsOnWhiteSite
16355,19,24
timeStep,numberOfRobotsOnBlackSite,numberOfRobotsOnWhiteSite
16356,19,24
timeStep,numberOfRobotsOnBlackSite,numberOfRobotsOnWhiteSite
16357,19,24
timeStep,numberOfRobotsOnBlackSite,numberOfRobotsOnWhiteSite
16358,19,24
timeStep,numberOfRobotsOnBlackSite,numberOfRobotsOnWhiteSite
16359,19,24
timeStep,numberOfRobotsOnBlackSite,numberOfRobotsOnWhiteSite
16360,19,24
timeStep,numberOfRobotsOnBlackSite,numberOfRobotsOnWhiteSite
16361,19,24
timeStep,numberOfRobotsOnBlackSite,numberOfRobotsOnWhiteSite
16362,19,24
timeStep,numberOfRobotsOnBlackSite,numberOfRobotsOnWhiteSite
16363,19,24
timeStep,numberOfRobotsOnBlackSite,numberOfRobotsOnWhiteSite
16364,19,24
timeStep,numberOfRobotsOnBlackSite,numberOfRobotsOnWhiteSite
16365,19,24
timeStep,numberOfRobotsOnBlackSite,numberOfRobotsOnWhiteSite
16366,19,24
timeStep,numberOfRobotsOnBlackSite,numberOfRobotsOnWhiteSite
16367,19,24
timeStep,numberOfRobotsOnBlackSite,numberOfRobotsOnWhiteSite
16368,19,24
timeStep,numberOfRobotsOnBlackSite,numberOfRobotsOnWhiteSite
16369,19,24
timeStep,numberOfRobotsOnBlackSite,numberOfRobotsOnWhiteSite
16370,19,24
timeStep,numberOfRobotsOnBlackSite,numberOfRobotsOnWhiteSite
16371,19,24
timeStep,numberOfRobotsOnBlackSite,numberOfRobotsOnWhiteSite
16372,19,24
timeStep,numberOfRobotsOnBlackSite,numberOfRobotsOnWhiteSite
16373,19,24
timeStep,numberOfRobotsOnBlackSite,numberOfRobotsOnWhiteSite
16374,19,24
timeStep,numberOfRobotsOnBlackSite,numberOfRobotsOnWhiteSite
16375,19,24
timeStep,numberOfRobotsOnBlackSite,numberOfRobotsOnWhiteSite
16376,19,24
timeStep,numberOfRobotsOnBlackSite,numberOfRobotsOnWhiteSite
16377,19,24
timeStep,numberOfRobotsOnBlackSite,numberOfRobotsOnWhiteSite
16378,19,24
timeStep,numberOfRobotsOnBlackSite,numberOfRobotsOnWhiteSite
16379,19,24
timeStep,numberOfRobotsOnBlackSite,numberOfRobotsOnWhiteSite
16380,20,24
timeStep,numberOfRobotsOnBlackSite,numberOfRobotsOnWhiteSite
16381,20,24
timeStep,numberOfRobotsOnBlackSite,numberOfRobotsOnWhiteSite
16382,20,24
timeStep,numberOfRobotsOnBlackSite,numberOfRobotsOnWhiteSite
16383,20,24
timeStep,numberOfRobotsOnBlackSite,numberOfRobotsOnWhiteSite
16384,20,24
timeStep,numberOfRobotsOnBlackSite,numberOfRobotsOnWhiteSite
16385,20,24
timeStep,numberOfRobotsOnBlackSite,numberOfRobotsOnWhiteSite
16386,20,24
timeStep,numberOfRobotsOnBlackSite,numberOfRobotsOnWhiteSite
16387,20,24
timeStep,numberOfRobotsOnBlackSite,numberOfRobotsOnWhiteSite
16388,20,24
timeStep,numberOfRobotsOnBlackSite,numberOfRobotsOnWhiteSite
16389,20,24
timeStep,numberOfRobotsOnBlackSite,numberOfRobotsOnWhiteSite
16390,20,24
timeStep,numberOfRobotsOnBlackSite,numberOfRobotsOnWhiteSite
16391,20,24
timeStep,numberOfRobotsOnBlackSite,numberOfRobotsOnWhiteSite
16392,20,24
timeStep,numberOfRobotsOnBlackSite,numberOfRobotsOnWhiteSite
16393,20,24
timeStep,numberOfRobotsOnBlackSite,numberOfRobotsOnWhiteSite
16394,20,24
timeStep,numberOfRobotsOnBlackSite,numberOfRobotsOnWhiteSite
16395,20,24
timeStep,numberOfRobotsOnBlackSite,numberOfRobotsOnWhiteSite
16396,20,24
timeStep,numberOfRobotsOnBlackSite,numberOfRobotsOnWhiteSite
16397,20,24
timeStep,numberOfRobotsOnBlackSite,numberOfRobotsOnWhiteSite
16398,20,24
timeStep,numberOfRobotsOnBlackSite,numberOfRobotsOnWhiteSite
16399,20,24
timeStep,numberOfRobotsOnBlackSite,numberOfRobotsOnWhiteSite
16400,20,25
timeStep,numberOfRobotsOnBlackSite,numberOfRobotsOnWhiteSite
16401,20,25
timeStep,numberOfRobotsOnBlackSite,numberOfRobotsOnWhiteSite
16402,20,25
timeStep,numberOfRobotsOnBlackSite,numberOfRobotsOnWhiteSite
16403,20,25
timeStep,numberOfRobotsOnBlackSite,numberOfRobotsOnWhiteSite
16404,20,25
timeStep,numberOfRobotsOnBlackSite,numberOfRobotsOnWhiteSite
16405,20,25
timeStep,numberOfRobotsOnBlackSite,numberOfRobotsOnWhiteSite
16406,20,25
timeStep,numberOfRobotsOnBlackSite,numberOfRobotsOnWhiteSite
16407,20,25
timeStep,numberOfRobotsOnBlackSite,numberOfRobotsOnWhiteSite
16408,20,25
timeStep,numberOfRobotsOnBlackSite,numberOfRobotsOnWhiteSite
16409,20,25
timeStep,numberOfRobotsOnBlackSite,numberOfRobotsOnWhiteSite
16410,20,25
timeStep,numberOfRobotsOnBlackSite,numberOfRobotsOnWhiteSite
16411,20,25
timeStep,numberOfRobotsOnBlackSite,numberOfRobotsOnWhiteSite
16412,20,25
timeStep,numberOfRobotsOnBlackSite,numberOfRobotsOnWhiteSite
16413,20,25
timeStep,numberOfRobotsOnBlackSite,numberOfRobotsOnWhiteSite
16414,20,25
timeStep,numberOfRobotsOnBlackSite,numberOfRobotsOnWhiteSite
16415,20,25
timeStep,numberOfRobotsOnBlackSite,numberOfRobotsOnWhiteSite
16416,20,25
timeStep,numberOfRobotsOnBlackSite,numberOfRobotsOnWhiteSite
16417,20,25
timeStep,numberOfRobotsOnBlackSite,numberOfRobotsOnWhiteSite
16418,20,25
timeStep,numberOfRobotsOnBlackSite,numberOfRobotsOnWhiteSite
16419,20,25
timeStep,numberOfRobotsOnBlackSite,numberOfRobotsOnWhiteSite
16420,20,25
timeStep,numberOfRobotsOnBlackSite,numberOfRobotsOnWhiteSite
16421,20,25
timeStep,numberOfRobotsOnBlackSite,numberOfRobotsOnWhiteSite
16422,20,25
timeStep,numberOfRobotsOnBlackSite,numberOfRobotsOnWhiteSite
16423,20,25
timeStep,numberOfRobotsOnBlackSite,numberOfRobotsOnWhiteSite
16424,20,25
timeStep,numberOfRobotsOnBlackSite,numberOfRobotsOnWhiteSite
16425,20,25
timeStep,numberOfRobotsOnBlackSite,numberOfRobotsOnWhiteSite
16426,20,25
timeStep,numberOfRobotsOnBlackSite,numberOfRobotsOnWhiteSite
16427,20,25
timeStep,numberOfRobotsOnBlackSite,numberOfRobotsOnWhiteSite
16428,20,25
timeStep,numberOfRobotsOnBlackSite,numberOfRobotsOnWhiteSite
16429,20,25
timeStep,numberOfRobotsOnBlackSite,numberOfRobotsOnWhiteSite
16430,20,25
timeStep,numberOfRobotsOnBlackSite,numberOfRobotsOnWhiteSite
16431,20,25
timeStep,numberOfRobotsOnBlackSite,numberOfRobotsOnWhiteSite
16432,20,25
timeStep,numberOfRobotsOnBlackSite,numberOfRobotsOnWhiteSite
16433,20,25
timeStep,numberOfRobotsOnBlackSite,numberOfRobotsOnWhiteSite
16434,20,25
timeStep,numberOfRobotsOnBlackSite,numberOfRobotsOnWhiteSite
16435,20,25
timeStep,numberOfRobotsOnBlackSite,numberOfRobotsOnWhiteSite
16436,20,25
timeStep,numberOfRobotsOnBlackSite,numberOfRobotsOnWhiteSite
16437,20,25
timeStep,numberOfRobotsOnBlackSite,numberOfRobotsOnWhiteSite
16438,20,25
timeStep,numberOfRobotsOnBlackSite,numberOfRobotsOnWhiteSite
16439,20,25
timeStep,numberOfRobotsOnBlackSite,numberOfRobotsOnWhiteSite
16440,20,25
timeStep,numberOfRobotsOnBlackSite,numberOfRobotsOnWhiteSite
16441,20,25
timeStep,numberOfRobotsOnBlackSite,numberOfRobotsOnWhiteSite
16442,20,25
timeStep,numberOfRobotsOnBlackSite,numberOfRobotsOnWhiteSite
16443,20,25
timeStep,numberOfRobotsOnBlackSite,numberOfRobotsOnWhiteSite
16444,20,25
timeStep,numberOfRobotsOnBlackSite,numberOfRobotsOnWhiteSite
16445,20,25
timeStep,numberOfRobotsOnBlackSite,numberOfRobotsOnWhiteSite
16446,20,25
timeStep,numberOfRobotsOnBlackSite,numberOfRobotsOnWhiteSite
16447,20,25
timeStep,numberOfRobotsOnBlackSite,numberOfRobotsOnWhiteSite
16448,20,25
timeStep,numberOfRobotsOnBlackSite,numberOfRobotsOnWhiteSite
16449,20,25
timeStep,numberOfRobotsOnBlackSite,numberOfRobotsOnWhiteSite
16450,20,25
timeStep,numberOfRobotsOnBlackSite,numberOfRobotsOnWhiteSite
16451,20,25
timeStep,numberOfRobotsOnBlackSite,numberOfRobotsOnWhiteSite
16452,20,25
timeStep,numberOfRobotsOnBlackSite,numberOfRobotsOnWhiteSite
16453,20,25
timeStep,numberOfRobotsOnBlackSite,numberOfRobotsOnWhiteSite
16454,20,25
timeStep,numberOfRobotsOnBlackSite,numberOfRobotsOnWhiteSite
16455,20,25
timeStep,numberOfRobotsOnBlackSite,numberOfRobotsOnWhiteSite
16456,20,25
timeStep,numberOfRobotsOnBlackSite,numberOfRobotsOnWhiteSite
16457,20,25
timeStep,numberOfRobotsOnBlackSite,numberOfRobotsOnWhiteSite
16458,20,25
timeStep,numberOfRobotsOnBlackSite,numberOfRobotsOnWhiteSite
16459,20,25
timeStep,numberOfRobotsOnBlackSite,numberOfRobotsOnWhiteSite
16460,20,25
timeStep,numberOfRobotsOnBlackSite,numberOfRobotsOnWhiteSite
16461,20,25
timeStep,numberOfRobotsOnBlackSite,numberOfRobotsOnWhiteSite
16462,20,25
timeStep,numberOfRobotsOnBlackSite,numberOfRobotsOnWhiteSite
16463,20,25
timeStep,numberOfRobotsOnBlackSite,numberOfRobotsOnWhiteSite
16464,20,25
timeStep,numberOfRobotsOnBlackSite,numberOfRobotsOnWhiteSite
16465,20,25
timeStep,numberOfRobotsOnBlackSite,numberOfRobotsOnWhiteSite
16466,20,25
timeStep,numberOfRobotsOnBlackSite,numberOfRobotsOnWhiteSite
16467,20,25
timeStep,numberOfRobotsOnBlackSite,numberOfRobotsOnWhiteSite
16468,20,25
timeStep,numberOfRobotsOnBlackSite,numberOfRobotsOnWhiteSite
16469,20,25
timeStep,numberOfRobotsOnBlackSite,numberOfRobotsOnWhiteSite
16470,20,25
timeStep,numberOfRobotsOnBlackSite,numberOfRobotsOnWhiteSite
16471,20,25
timeStep,numberOfRobotsOnBlackSite,numberOfRobotsOnWhiteSite
16472,20,25
timeStep,numberOfRobotsOnBlackSite,numberOfRobotsOnWhiteSite
16473,20,25
timeStep,numberOfRobotsOnBlackSite,numberOfRobotsOnWhiteSite
16474,20,25
timeStep,numberOfRobotsOnBlackSite,numberOfRobotsOnWhiteSite
16475,20,25
timeStep,numberOfRobotsOnBlackSite,numberOfRobotsOnWhiteSite
16476,20,25
timeStep,numberOfRobotsOnBlackSite,numberOfRobotsOnWhiteSite
16477,20,25
timeStep,numberOfRobotsOnBlackSite,numberOfRobotsOnWhiteSite
16478,20,25
timeStep,numberOfRobotsOnBlackSite,numberOfRobotsOnWhiteSite
16479,20,25
timeStep,numberOfRobotsOnBlackSite,numberOfRobotsOnWhiteSite
16480,20,25
timeStep,numberOfRobotsOnBlackSite,numberOfRobotsOnWhiteSite
16481,20,25
timeStep,numberOfRobotsOnBlackSite,numberOfRobotsOnWhiteSite
16482,20,25
timeStep,numberOfRobotsOnBlackSite,numberOfRobotsOnWhiteSite
16483,20,25
timeStep,numberOfRobotsOnBlackSite,numberOfRobotsOnWhiteSite
16484,20,25
timeStep,numberOfRobotsOnBlackSite,numberOfRobotsOnWhiteSite
16485,20,25
timeStep,numberOfRobotsOnBlackSite,numberOfRobotsOnWhiteSite
16486,20,25
timeStep,numberOfRobotsOnBlackSite,numberOfRobotsOnWhiteSite
16487,20,25
timeStep,numberOfRobotsOnBlackSite,numberOfRobotsOnWhiteSite
16488,20,25
timeStep,numberOfRobotsOnBlackSite,numberOfRobotsOnWhiteSite
16489,20,25
timeStep,numberOfRobotsOnBlackSite,numberOfRobotsOnWhiteSite
16490,20,25
timeStep,numberOfRobotsOnBlackSite,numberOfRobotsOnWhiteSite
16491,20,25
timeStep,numberOfRobotsOnBlackSite,numberOfRobotsOnWhiteSite
16492,20,25
timeStep,numberOfRobotsOnBlackSite,numberOfRobotsOnWhiteSite
16493,20,25
timeStep,numberOfRobotsOnBlackSite,numberOfRobotsOnWhiteSite
16494,20,25
timeStep,numberOfRobotsOnBlackSite,numberOfRobotsOnWhiteSite
16495,20,25
timeStep,numberOfRobotsOnBlackSite,numberOfRobotsOnWhiteSite
16496,20,25
timeStep,numberOfRobotsOnBlackSite,numberOfRobotsOnWhiteSite
16497,20,25
timeStep,numberOfRobotsOnBlackSite,numberOfRobotsOnWhiteSite
16498,20,25
timeStep,numberOfRobotsOnBlackSite,numberOfRobotsOnWhiteSite
16499,20,25
timeStep,numberOfRobotsOnBlackSite,numberOfRobotsOnWhiteSite
16500,20,25
timeStep,numberOfRobotsOnBlackSite,numberOfRobotsOnWhiteSite
16501,20,25
timeStep,numberOfRobotsOnBlackSite,numberOfRobotsOnWhiteSite
16502,20,25
timeStep,numberOfRobotsOnBlackSite,numberOfRobotsOnWhiteSite
16503,20,25
timeStep,numberOfRobotsOnBlackSite,numberOfRobotsOnWhiteSite
16504,20,25
timeStep,numberOfRobotsOnBlackSite,numberOfRobotsOnWhiteSite
16505,20,25
timeStep,numberOfRobotsOnBlackSite,numberOfRobotsOnWhiteSite
16506,20,25
timeStep,numberOfRobotsOnBlackSite,numberOfRobotsOnWhiteSite
16507,20,25
timeStep,numberOfRobotsOnBlackSite,numberOfRobotsOnWhiteSite
16508,20,25
timeStep,numberOfRobotsOnBlackSite,numberOfRobotsOnWhiteSite
16509,20,25
timeStep,numberOfRobotsOnBlackSite,numberOfRobotsOnWhiteSite
16510,20,25
timeStep,numberOfRobotsOnBlackSite,numberOfRobotsOnWhiteSite
16511,20,25
timeStep,numberOfRobotsOnBlackSite,numberOfRobotsOnWhiteSite
16512,20,25
timeStep,numberOfRobotsOnBlackSite,numberOfRobotsOnWhiteSite
16513,20,25
timeStep,numberOfRobotsOnBlackSite,numberOfRobotsOnWhiteSite
16514,20,25
timeStep,numberOfRobotsOnBlackSite,numberOfRobotsOnWhiteSite
16515,20,25
timeStep,numberOfRobotsOnBlackSite,numberOfRobotsOnWhiteSite
16516,20,25
timeStep,numberOfRobotsOnBlackSite,numberOfRobotsOnWhiteSite
16517,20,25
timeStep,numberOfRobotsOnBlackSite,numberOfRobotsOnWhiteSite
16518,20,25
timeStep,numberOfRobotsOnBlackSite,numberOfRobotsOnWhiteSite
16519,20,25
timeStep,numberOfRobotsOnBlackSite,numberOfRobotsOnWhiteSite
16520,20,25
timeStep,numberOfRobotsOnBlackSite,numberOfRobotsOnWhiteSite
16521,20,25
timeStep,numberOfRobotsOnBlackSite,numberOfRobotsOnWhiteSite
16522,20,25
timeStep,numberOfRobotsOnBlackSite,numberOfRobotsOnWhiteSite
16523,20,25
timeStep,numberOfRobotsOnBlackSite,numberOfRobotsOnWhiteSite
16524,20,25
timeStep,numberOfRobotsOnBlackSite,numberOfRobotsOnWhiteSite
16525,20,25
timeStep,numberOfRobotsOnBlackSite,numberOfRobotsOnWhiteSite
16526,20,25
timeStep,numberOfRobotsOnBlackSite,numberOfRobotsOnWhiteSite
16527,20,25
timeStep,numberOfRobotsOnBlackSite,numberOfRobotsOnWhiteSite
16528,20,25
timeStep,numberOfRobotsOnBlackSite,numberOfRobotsOnWhiteSite
16529,20,25
timeStep,numberOfRobotsOnBlackSite,numberOfRobotsOnWhiteSite
16530,20,25
timeStep,numberOfRobotsOnBlackSite,numberOfRobotsOnWhiteSite
16531,20,25
timeStep,numberOfRobotsOnBlackSite,numberOfRobotsOnWhiteSite
16532,20,25
timeStep,numberOfRobotsOnBlackSite,numberOfRobotsOnWhiteSite
16533,20,25
timeStep,numberOfRobotsOnBlackSite,numberOfRobotsOnWhiteSite
16534,20,25
timeStep,numberOfRobotsOnBlackSite,numberOfRobotsOnWhiteSite
16535,20,25
timeStep,numberOfRobotsOnBlackSite,numberOfRobotsOnWhiteSite
16536,20,25
timeStep,numberOfRobotsOnBlackSite,numberOfRobotsOnWhiteSite
16537,20,25
timeStep,numberOfRobotsOnBlackSite,numberOfRobotsOnWhiteSite
16538,20,25
timeStep,numberOfRobotsOnBlackSite,numberOfRobotsOnWhiteSite
16539,20,25
timeStep,numberOfRobotsOnBlackSite,numberOfRobotsOnWhiteSite
16540,20,25
timeStep,numberOfRobotsOnBlackSite,numberOfRobotsOnWhiteSite
16541,20,25
timeStep,numberOfRobotsOnBlackSite,numberOfRobotsOnWhiteSite
16542,20,25
timeStep,numberOfRobotsOnBlackSite,numberOfRobotsOnWhiteSite
16543,20,25
timeStep,numberOfRobotsOnBlackSite,numberOfRobotsOnWhiteSite
16544,20,25
timeStep,numberOfRobotsOnBlackSite,numberOfRobotsOnWhiteSite
16545,20,25
timeStep,numberOfRobotsOnBlackSite,numberOfRobotsOnWhiteSite
16546,20,25
timeStep,numberOfRobotsOnBlackSite,numberOfRobotsOnWhiteSite
16547,20,25
timeStep,numberOfRobotsOnBlackSite,numberOfRobotsOnWhiteSite
16548,20,25
timeStep,numberOfRobotsOnBlackSite,numberOfRobotsOnWhiteSite
16549,20,25
timeStep,numberOfRobotsOnBlackSite,numberOfRobotsOnWhiteSite
16550,20,25
timeStep,numberOfRobotsOnBlackSite,numberOfRobotsOnWhiteSite
16551,20,25
timeStep,numberOfRobotsOnBlackSite,numberOfRobotsOnWhiteSite
16552,20,25
timeStep,numberOfRobotsOnBlackSite,numberOfRobotsOnWhiteSite
16553,20,25
timeStep,numberOfRobotsOnBlackSite,numberOfRobotsOnWhiteSite
16554,20,25
timeStep,numberOfRobotsOnBlackSite,numberOfRobotsOnWhiteSite
16555,20,25
timeStep,numberOfRobotsOnBlackSite,numberOfRobotsOnWhiteSite
16556,20,25
timeStep,numberOfRobotsOnBlackSite,numberOfRobotsOnWhiteSite
16557,20,25
timeStep,numberOfRobotsOnBlackSite,numberOfRobotsOnWhiteSite
16558,20,25
timeStep,numberOfRobotsOnBlackSite,numberOfRobotsOnWhiteSite
16559,20,25
timeStep,numberOfRobotsOnBlackSite,numberOfRobotsOnWhiteSite
16560,20,25
timeStep,numberOfRobotsOnBlackSite,numberOfRobotsOnWhiteSite
16561,20,25
timeStep,numberOfRobotsOnBlackSite,numberOfRobotsOnWhiteSite
16562,20,25
timeStep,numberOfRobotsOnBlackSite,numberOfRobotsOnWhiteSite
16563,20,25
timeStep,numberOfRobotsOnBlackSite,numberOfRobotsOnWhiteSite
16564,20,25
timeStep,numberOfRobotsOnBlackSite,numberOfRobotsOnWhiteSite
16565,20,25
timeStep,numberOfRobotsOnBlackSite,numberOfRobotsOnWhiteSite
16566,20,25
timeStep,numberOfRobotsOnBlackSite,numberOfRobotsOnWhiteSite
16567,20,25
timeStep,numberOfRobotsOnBlackSite,numberOfRobotsOnWhiteSite
16568,20,25
timeStep,numberOfRobotsOnBlackSite,numberOfRobotsOnWhiteSite
16569,20,25
timeStep,numberOfRobotsOnBlackSite,numberOfRobotsOnWhiteSite
16570,20,25
timeStep,numberOfRobotsOnBlackSite,numberOfRobotsOnWhiteSite
16571,20,25
timeStep,numberOfRobotsOnBlackSite,numberOfRobotsOnWhiteSite
16572,20,25
timeStep,numberOfRobotsOnBlackSite,numberOfRobotsOnWhiteSite
16573,20,25
timeStep,numberOfRobotsOnBlackSite,numberOfRobotsOnWhiteSite
16574,20,25
timeStep,numberOfRobotsOnBlackSite,numberOfRobotsOnWhiteSite
16575,20,25
timeStep,numberOfRobotsOnBlackSite,numberOfRobotsOnWhiteSite
16576,20,25
timeStep,numberOfRobotsOnBlackSite,numberOfRobotsOnWhiteSite
16577,20,25
timeStep,numberOfRobotsOnBlackSite,numberOfRobotsOnWhiteSite
16578,20,25
timeStep,numberOfRobotsOnBlackSite,numberOfRobotsOnWhiteSite
16579,20,25
timeStep,numberOfRobotsOnBlackSite,numberOfRobotsOnWhiteSite
16580,20,25
timeStep,numberOfRobotsOnBlackSite,numberOfRobotsOnWhiteSite
16581,20,25
timeStep,numberOfRobotsOnBlackSite,numberOfRobotsOnWhiteSite
16582,20,25
timeStep,numberOfRobotsOnBlackSite,numberOfRobotsOnWhiteSite
16583,20,25
timeStep,numberOfRobotsOnBlackSite,numberOfRobotsOnWhiteSite
16584,20,25
timeStep,numberOfRobotsOnBlackSite,numberOfRobotsOnWhiteSite
16585,20,25
timeStep,numberOfRobotsOnBlackSite,numberOfRobotsOnWhiteSite
16586,20,25
timeStep,numberOfRobotsOnBlackSite,numberOfRobotsOnWhiteSite
16587,20,25
timeStep,numberOfRobotsOnBlackSite,numberOfRobotsOnWhiteSite
16588,20,25
timeStep,numberOfRobotsOnBlackSite,numberOfRobotsOnWhiteSite
16589,20,25
timeStep,numberOfRobotsOnBlackSite,numberOfRobotsOnWhiteSite
16590,20,25
timeStep,numberOfRobotsOnBlackSite,numberOfRobotsOnWhiteSite
16591,20,25
timeStep,numberOfRobotsOnBlackSite,numberOfRobotsOnWhiteSite
16592,20,25
timeStep,numberOfRobotsOnBlackSite,numberOfRobotsOnWhiteSite
16593,20,25
timeStep,numberOfRobotsOnBlackSite,numberOfRobotsOnWhiteSite
16594,20,25
timeStep,numberOfRobotsOnBlackSite,numberOfRobotsOnWhiteSite
16595,20,25
timeStep,numberOfRobotsOnBlackSite,numberOfRobotsOnWhiteSite
16596,20,25
timeStep,numberOfRobotsOnBlackSite,numberOfRobotsOnWhiteSite
16597,20,25
timeStep,numberOfRobotsOnBlackSite,numberOfRobotsOnWhiteSite
16598,20,25
timeStep,numberOfRobotsOnBlackSite,numberOfRobotsOnWhiteSite
16599,20,25
timeStep,numberOfRobotsOnBlackSite,numberOfRobotsOnWhiteSite
16600,20,25
timeStep,numberOfRobotsOnBlackSite,numberOfRobotsOnWhiteSite
16601,20,25
timeStep,numberOfRobotsOnBlackSite,numberOfRobotsOnWhiteSite
16602,20,25
timeStep,numberOfRobotsOnBlackSite,numberOfRobotsOnWhiteSite
16603,20,25
timeStep,numberOfRobotsOnBlackSite,numberOfRobotsOnWhiteSite
16604,20,25
timeStep,numberOfRobotsOnBlackSite,numberOfRobotsOnWhiteSite
16605,20,25
timeStep,numberOfRobotsOnBlackSite,numberOfRobotsOnWhiteSite
16606,20,25
timeStep,numberOfRobotsOnBlackSite,numberOfRobotsOnWhiteSite
16607,20,25
timeStep,numberOfRobotsOnBlackSite,numberOfRobotsOnWhiteSite
16608,20,25
timeStep,numberOfRobotsOnBlackSite,numberOfRobotsOnWhiteSite
16609,20,25
timeStep,numberOfRobotsOnBlackSite,numberOfRobotsOnWhiteSite
16610,20,25
timeStep,numberOfRobotsOnBlackSite,numberOfRobotsOnWhiteSite
16611,20,25
timeStep,numberOfRobotsOnBlackSite,numberOfRobotsOnWhiteSite
16612,20,25
timeStep,numberOfRobotsOnBlackSite,numberOfRobotsOnWhiteSite
16613,20,25
timeStep,numberOfRobotsOnBlackSite,numberOfRobotsOnWhiteSite
16614,20,25
timeStep,numberOfRobotsOnBlackSite,numberOfRobotsOnWhiteSite
16615,20,25
timeStep,numberOfRobotsOnBlackSite,numberOfRobotsOnWhiteSite
16616,20,25
timeStep,numberOfRobotsOnBlackSite,numberOfRobotsOnWhiteSite
16617,20,25
timeStep,numberOfRobotsOnBlackSite,numberOfRobotsOnWhiteSite
16618,20,25
timeStep,numberOfRobotsOnBlackSite,numberOfRobotsOnWhiteSite
16619,20,25
timeStep,numberOfRobotsOnBlackSite,numberOfRobotsOnWhiteSite
16620,20,25
timeStep,numberOfRobotsOnBlackSite,numberOfRobotsOnWhiteSite
16621,20,25
timeStep,numberOfRobotsOnBlackSite,numberOfRobotsOnWhiteSite
16622,20,25
timeStep,numberOfRobotsOnBlackSite,numberOfRobotsOnWhiteSite
16623,20,25
timeStep,numberOfRobotsOnBlackSite,numberOfRobotsOnWhiteSite
16624,20,25
timeStep,numberOfRobotsOnBlackSite,numberOfRobotsOnWhiteSite
16625,20,25
timeStep,numberOfRobotsOnBlackSite,numberOfRobotsOnWhiteSite
16626,20,25
timeStep,numberOfRobotsOnBlackSite,numberOfRobotsOnWhiteSite
16627,20,25
timeStep,numberOfRobotsOnBlackSite,numberOfRobotsOnWhiteSite
16628,20,25
timeStep,numberOfRobotsOnBlackSite,numberOfRobotsOnWhiteSite
16629,20,25
timeStep,numberOfRobotsOnBlackSite,numberOfRobotsOnWhiteSite
16630,20,25
timeStep,numberOfRobotsOnBlackSite,numberOfRobotsOnWhiteSite
16631,20,25
timeStep,numberOfRobotsOnBlackSite,numberOfRobotsOnWhiteSite
16632,20,25
timeStep,numberOfRobotsOnBlackSite,numberOfRobotsOnWhiteSite
16633,20,25
timeStep,numberOfRobotsOnBlackSite,numberOfRobotsOnWhiteSite
16634,20,25
timeStep,numberOfRobotsOnBlackSite,numberOfRobotsOnWhiteSite
16635,20,25
timeStep,numberOfRobotsOnBlackSite,numberOfRobotsOnWhiteSite
16636,20,25
timeStep,numberOfRobotsOnBlackSite,numberOfRobotsOnWhiteSite
16637,20,25
timeStep,numberOfRobotsOnBlackSite,numberOfRobotsOnWhiteSite
16638,20,25
timeStep,numberOfRobotsOnBlackSite,numberOfRobotsOnWhiteSite
16639,20,25
timeStep,numberOfRobotsOnBlackSite,numberOfRobotsOnWhiteSite
16640,20,25
timeStep,numberOfRobotsOnBlackSite,numberOfRobotsOnWhiteSite
16641,20,25
timeStep,numberOfRobotsOnBlackSite,numberOfRobotsOnWhiteSite
16642,20,25
timeStep,numberOfRobotsOnBlackSite,numberOfRobotsOnWhiteSite
16643,20,25
timeStep,numberOfRobotsOnBlackSite,numberOfRobotsOnWhiteSite
16644,20,25
timeStep,numberOfRobotsOnBlackSite,numberOfRobotsOnWhiteSite
16645,20,25
timeStep,numberOfRobotsOnBlackSite,numberOfRobotsOnWhiteSite
16646,20,25
timeStep,numberOfRobotsOnBlackSite,numberOfRobotsOnWhiteSite
16647,20,25
timeStep,numberOfRobotsOnBlackSite,numberOfRobotsOnWhiteSite
16648,20,25
timeStep,numberOfRobotsOnBlackSite,numberOfRobotsOnWhiteSite
16649,20,25
timeStep,numberOfRobotsOnBlackSite,numberOfRobotsOnWhiteSite
16650,20,25
timeStep,numberOfRobotsOnBlackSite,numberOfRobotsOnWhiteSite
16651,20,25
timeStep,numberOfRobotsOnBlackSite,numberOfRobotsOnWhiteSite
16652,20,25
timeStep,numberOfRobotsOnBlackSite,numberOfRobotsOnWhiteSite
16653,20,25
timeStep,numberOfRobotsOnBlackSite,numberOfRobotsOnWhiteSite
16654,20,25
timeStep,numberOfRobotsOnBlackSite,numberOfRobotsOnWhiteSite
16655,20,25
timeStep,numberOfRobotsOnBlackSite,numberOfRobotsOnWhiteSite
16656,20,25
timeStep,numberOfRobotsOnBlackSite,numberOfRobotsOnWhiteSite
16657,20,25
timeStep,numberOfRobotsOnBlackSite,numberOfRobotsOnWhiteSite
16658,20,25
timeStep,numberOfRobotsOnBlackSite,numberOfRobotsOnWhiteSite
16659,20,25
timeStep,numberOfRobotsOnBlackSite,numberOfRobotsOnWhiteSite
16660,20,25
timeStep,numberOfRobotsOnBlackSite,numberOfRobotsOnWhiteSite
16661,20,25
timeStep,numberOfRobotsOnBlackSite,numberOfRobotsOnWhiteSite
16662,20,25
timeStep,numberOfRobotsOnBlackSite,numberOfRobotsOnWhiteSite
16663,20,25
timeStep,numberOfRobotsOnBlackSite,numberOfRobotsOnWhiteSite
16664,20,25
timeStep,numberOfRobotsOnBlackSite,numberOfRobotsOnWhiteSite
16665,20,25
timeStep,numberOfRobotsOnBlackSite,numberOfRobotsOnWhiteSite
16666,20,25
timeStep,numberOfRobotsOnBlackSite,numberOfRobotsOnWhiteSite
16667,20,25
timeStep,numberOfRobotsOnBlackSite,numberOfRobotsOnWhiteSite
16668,20,25
timeStep,numberOfRobotsOnBlackSite,numberOfRobotsOnWhiteSite
16669,20,25
timeStep,numberOfRobotsOnBlackSite,numberOfRobotsOnWhiteSite
16670,20,25
timeStep,numberOfRobotsOnBlackSite,numberOfRobotsOnWhiteSite
16671,20,25
timeStep,numberOfRobotsOnBlackSite,numberOfRobotsOnWhiteSite
16672,20,25
timeStep,numberOfRobotsOnBlackSite,numberOfRobotsOnWhiteSite
16673,20,25
timeStep,numberOfRobotsOnBlackSite,numberOfRobotsOnWhiteSite
16674,20,25
timeStep,numberOfRobotsOnBlackSite,numberOfRobotsOnWhiteSite
16675,20,25
timeStep,numberOfRobotsOnBlackSite,numberOfRobotsOnWhiteSite
16676,20,25
timeStep,numberOfRobotsOnBlackSite,numberOfRobotsOnWhiteSite
16677,20,25
timeStep,numberOfRobotsOnBlackSite,numberOfRobotsOnWhiteSite
16678,20,25
timeStep,numberOfRobotsOnBlackSite,numberOfRobotsOnWhiteSite
16679,20,25
timeStep,numberOfRobotsOnBlackSite,numberOfRobotsOnWhiteSite
16680,20,25
timeStep,numberOfRobotsOnBlackSite,numberOfRobotsOnWhiteSite
16681,20,25
timeStep,numberOfRobotsOnBlackSite,numberOfRobotsOnWhiteSite
16682,20,25
timeStep,numberOfRobotsOnBlackSite,numberOfRobotsOnWhiteSite
16683,20,25
timeStep,numberOfRobotsOnBlackSite,numberOfRobotsOnWhiteSite
16684,20,25
timeStep,numberOfRobotsOnBlackSite,numberOfRobotsOnWhiteSite
16685,20,25
timeStep,numberOfRobotsOnBlackSite,numberOfRobotsOnWhiteSite
16686,20,25
timeStep,numberOfRobotsOnBlackSite,numberOfRobotsOnWhiteSite
16687,20,25
timeStep,numberOfRobotsOnBlackSite,numberOfRobotsOnWhiteSite
16688,20,25
timeStep,numberOfRobotsOnBlackSite,numberOfRobotsOnWhiteSite
16689,20,25
timeStep,numberOfRobotsOnBlackSite,numberOfRobotsOnWhiteSite
16690,20,25
timeStep,numberOfRobotsOnBlackSite,numberOfRobotsOnWhiteSite
16691,20,25
timeStep,numberOfRobotsOnBlackSite,numberOfRobotsOnWhiteSite
16692,20,25
timeStep,numberOfRobotsOnBlackSite,numberOfRobotsOnWhiteSite
16693,20,25
timeStep,numberOfRobotsOnBlackSite,numberOfRobotsOnWhiteSite
16694,20,25
timeStep,numberOfRobotsOnBlackSite,numberOfRobotsOnWhiteSite
16695,20,25
timeStep,numberOfRobotsOnBlackSite,numberOfRobotsOnWhiteSite
16696,20,25
timeStep,numberOfRobotsOnBlackSite,numberOfRobotsOnWhiteSite
16697,20,25
timeStep,numberOfRobotsOnBlackSite,numberOfRobotsOnWhiteSite
16698,20,25
timeStep,numberOfRobotsOnBlackSite,numberOfRobotsOnWhiteSite
16699,20,25
timeStep,numberOfRobotsOnBlackSite,numberOfRobotsOnWhiteSite
16700,20,25
timeStep,numberOfRobotsOnBlackSite,numberOfRobotsOnWhiteSite
16701,20,25
timeStep,numberOfRobotsOnBlackSite,numberOfRobotsOnWhiteSite
16702,20,25
timeStep,numberOfRobotsOnBlackSite,numberOfRobotsOnWhiteSite
16703,20,25
timeStep,numberOfRobotsOnBlackSite,numberOfRobotsOnWhiteSite
16704,20,25
timeStep,numberOfRobotsOnBlackSite,numberOfRobotsOnWhiteSite
16705,20,25
timeStep,numberOfRobotsOnBlackSite,numberOfRobotsOnWhiteSite
16706,20,25
timeStep,numberOfRobotsOnBlackSite,numberOfRobotsOnWhiteSite
16707,20,25
timeStep,numberOfRobotsOnBlackSite,numberOfRobotsOnWhiteSite
16708,20,25
timeStep,numberOfRobotsOnBlackSite,numberOfRobotsOnWhiteSite
16709,20,25
timeStep,numberOfRobotsOnBlackSite,numberOfRobotsOnWhiteSite
16710,20,25
timeStep,numberOfRobotsOnBlackSite,numberOfRobotsOnWhiteSite
16711,20,25
timeStep,numberOfRobotsOnBlackSite,numberOfRobotsOnWhiteSite
16712,20,25
timeStep,numberOfRobotsOnBlackSite,numberOfRobotsOnWhiteSite
16713,20,25
timeStep,numberOfRobotsOnBlackSite,numberOfRobotsOnWhiteSite
16714,20,25
timeStep,numberOfRobotsOnBlackSite,numberOfRobotsOnWhiteSite
16715,20,25
timeStep,numberOfRobotsOnBlackSite,numberOfRobotsOnWhiteSite
16716,20,25
timeStep,numberOfRobotsOnBlackSite,numberOfRobotsOnWhiteSite
16717,20,25
timeStep,numberOfRobotsOnBlackSite,numberOfRobotsOnWhiteSite
16718,20,25
timeStep,numberOfRobotsOnBlackSite,numberOfRobotsOnWhiteSite
16719,20,25
timeStep,numberOfRobotsOnBlackSite,numberOfRobotsOnWhiteSite
16720,20,25
timeStep,numberOfRobotsOnBlackSite,numberOfRobotsOnWhiteSite
16721,20,25
timeStep,numberOfRobotsOnBlackSite,numberOfRobotsOnWhiteSite
16722,20,25
timeStep,numberOfRobotsOnBlackSite,numberOfRobotsOnWhiteSite
16723,20,25
timeStep,numberOfRobotsOnBlackSite,numberOfRobotsOnWhiteSite
16724,20,25
timeStep,numberOfRobotsOnBlackSite,numberOfRobotsOnWhiteSite
16725,20,25
timeStep,numberOfRobotsOnBlackSite,numberOfRobotsOnWhiteSite
16726,20,25
timeStep,numberOfRobotsOnBlackSite,numberOfRobotsOnWhiteSite
16727,20,25
timeStep,numberOfRobotsOnBlackSite,numberOfRobotsOnWhiteSite
16728,20,25
timeStep,numberOfRobotsOnBlackSite,numberOfRobotsOnWhiteSite
16729,20,25
timeStep,numberOfRobotsOnBlackSite,numberOfRobotsOnWhiteSite
16730,20,25
timeStep,numberOfRobotsOnBlackSite,numberOfRobotsOnWhiteSite
16731,20,25
timeStep,numberOfRobotsOnBlackSite,numberOfRobotsOnWhiteSite
16732,20,25
timeStep,numberOfRobotsOnBlackSite,numberOfRobotsOnWhiteSite
16733,20,25
timeStep,numberOfRobotsOnBlackSite,numberOfRobotsOnWhiteSite
16734,20,25
timeStep,numberOfRobotsOnBlackSite,numberOfRobotsOnWhiteSite
16735,20,25
timeStep,numberOfRobotsOnBlackSite,numberOfRobotsOnWhiteSite
16736,20,25
timeStep,numberOfRobotsOnBlackSite,numberOfRobotsOnWhiteSite
16737,20,25
timeStep,numberOfRobotsOnBlackSite,numberOfRobotsOnWhiteSite
16738,20,25
timeStep,numberOfRobotsOnBlackSite,numberOfRobotsOnWhiteSite
16739,20,25
timeStep,numberOfRobotsOnBlackSite,numberOfRobotsOnWhiteSite
16740,20,25
timeStep,numberOfRobotsOnBlackSite,numberOfRobotsOnWhiteSite
16741,20,25
timeStep,numberOfRobotsOnBlackSite,numberOfRobotsOnWhiteSite
16742,20,25
timeStep,numberOfRobotsOnBlackSite,numberOfRobotsOnWhiteSite
16743,20,25
timeStep,numberOfRobotsOnBlackSite,numberOfRobotsOnWhiteSite
16744,20,25
timeStep,numberOfRobotsOnBlackSite,numberOfRobotsOnWhiteSite
16745,20,25
timeStep,numberOfRobotsOnBlackSite,numberOfRobotsOnWhiteSite
16746,20,25
timeStep,numberOfRobotsOnBlackSite,numberOfRobotsOnWhiteSite
16747,20,25
timeStep,numberOfRobotsOnBlackSite,numberOfRobotsOnWhiteSite
16748,20,25
timeStep,numberOfRobotsOnBlackSite,numberOfRobotsOnWhiteSite
16749,20,25
timeStep,numberOfRobotsOnBlackSite,numberOfRobotsOnWhiteSite
16750,20,25
timeStep,numberOfRobotsOnBlackSite,numberOfRobotsOnWhiteSite
16751,20,25
timeStep,numberOfRobotsOnBlackSite,numberOfRobotsOnWhiteSite
16752,20,25
timeStep,numberOfRobotsOnBlackSite,numberOfRobotsOnWhiteSite
16753,20,25
timeStep,numberOfRobotsOnBlackSite,numberOfRobotsOnWhiteSite
16754,20,25
timeStep,numberOfRobotsOnBlackSite,numberOfRobotsOnWhiteSite
16755,20,25
timeStep,numberOfRobotsOnBlackSite,numberOfRobotsOnWhiteSite
16756,20,25
timeStep,numberOfRobotsOnBlackSite,numberOfRobotsOnWhiteSite
16757,20,25
timeStep,numberOfRobotsOnBlackSite,numberOfRobotsOnWhiteSite
16758,20,25
timeStep,numberOfRobotsOnBlackSite,numberOfRobotsOnWhiteSite
16759,20,25
timeStep,numberOfRobotsOnBlackSite,numberOfRobotsOnWhiteSite
16760,20,25
timeStep,numberOfRobotsOnBlackSite,numberOfRobotsOnWhiteSite
16761,20,25
timeStep,numberOfRobotsOnBlackSite,numberOfRobotsOnWhiteSite
16762,20,25
timeStep,numberOfRobotsOnBlackSite,numberOfRobotsOnWhiteSite
16763,20,25
timeStep,numberOfRobotsOnBlackSite,numberOfRobotsOnWhiteSite
16764,20,25
timeStep,numberOfRobotsOnBlackSite,numberOfRobotsOnWhiteSite
16765,20,25
timeStep,numberOfRobotsOnBlackSite,numberOfRobotsOnWhiteSite
16766,20,25
timeStep,numberOfRobotsOnBlackSite,numberOfRobotsOnWhiteSite
16767,20,25
timeStep,numberOfRobotsOnBlackSite,numberOfRobotsOnWhiteSite
16768,20,25
timeStep,numberOfRobotsOnBlackSite,numberOfRobotsOnWhiteSite
16769,20,25
timeStep,numberOfRobotsOnBlackSite,numberOfRobotsOnWhiteSite
16770,20,25
timeStep,numberOfRobotsOnBlackSite,numberOfRobotsOnWhiteSite
16771,20,25
timeStep,numberOfRobotsOnBlackSite,numberOfRobotsOnWhiteSite
16772,20,25
timeStep,numberOfRobotsOnBlackSite,numberOfRobotsOnWhiteSite
16773,20,25
timeStep,numberOfRobotsOnBlackSite,numberOfRobotsOnWhiteSite
16774,20,25
timeStep,numberOfRobotsOnBlackSite,numberOfRobotsOnWhiteSite
16775,20,25
timeStep,numberOfRobotsOnBlackSite,numberOfRobotsOnWhiteSite
16776,20,25
timeStep,numberOfRobotsOnBlackSite,numberOfRobotsOnWhiteSite
16777,20,25
timeStep,numberOfRobotsOnBlackSite,numberOfRobotsOnWhiteSite
16778,20,25
timeStep,numberOfRobotsOnBlackSite,numberOfRobotsOnWhiteSite
16779,20,25
timeStep,numberOfRobotsOnBlackSite,numberOfRobotsOnWhiteSite
16780,20,25
timeStep,numberOfRobotsOnBlackSite,numberOfRobotsOnWhiteSite
16781,20,25
timeStep,numberOfRobotsOnBlackSite,numberOfRobotsOnWhiteSite
16782,20,25
timeStep,numberOfRobotsOnBlackSite,numberOfRobotsOnWhiteSite
16783,20,25
timeStep,numberOfRobotsOnBlackSite,numberOfRobotsOnWhiteSite
16784,20,25
timeStep,numberOfRobotsOnBlackSite,numberOfRobotsOnWhiteSite
16785,20,25
timeStep,numberOfRobotsOnBlackSite,numberOfRobotsOnWhiteSite
16786,20,25
timeStep,numberOfRobotsOnBlackSite,numberOfRobotsOnWhiteSite
16787,20,25
timeStep,numberOfRobotsOnBlackSite,numberOfRobotsOnWhiteSite
16788,20,25
timeStep,numberOfRobotsOnBlackSite,numberOfRobotsOnWhiteSite
16789,20,25
timeStep,numberOfRobotsOnBlackSite,numberOfRobotsOnWhiteSite
16790,20,25
timeStep,numberOfRobotsOnBlackSite,numberOfRobotsOnWhiteSite
16791,20,25
timeStep,numberOfRobotsOnBlackSite,numberOfRobotsOnWhiteSite
16792,20,25
timeStep,numberOfRobotsOnBlackSite,numberOfRobotsOnWhiteSite
16793,20,25
timeStep,numberOfRobotsOnBlackSite,numberOfRobotsOnWhiteSite
16794,20,25
timeStep,numberOfRobotsOnBlackSite,numberOfRobotsOnWhiteSite
16795,20,25
timeStep,numberOfRobotsOnBlackSite,numberOfRobotsOnWhiteSite
16796,20,25
timeStep,numberOfRobotsOnBlackSite,numberOfRobotsOnWhiteSite
16797,20,25
timeStep,numberOfRobotsOnBlackSite,numberOfRobotsOnWhiteSite
16798,20,25
timeStep,numberOfRobotsOnBlackSite,numberOfRobotsOnWhiteSite
16799,20,25
timeStep,numberOfRobotsOnBlackSite,numberOfRobotsOnWhiteSite
16800,20,25
timeStep,numberOfRobotsOnBlackSite,numberOfRobotsOnWhiteSite
16801,20,25
timeStep,numberOfRobotsOnBlackSite,numberOfRobotsOnWhiteSite
16802,20,25
timeStep,numberOfRobotsOnBlackSite,numberOfRobotsOnWhiteSite
16803,20,25
timeStep,numberOfRobotsOnBlackSite,numberOfRobotsOnWhiteSite
16804,20,25
timeStep,numberOfRobotsOnBlackSite,numberOfRobotsOnWhiteSite
16805,20,25
timeStep,numberOfRobotsOnBlackSite,numberOfRobotsOnWhiteSite
16806,20,25
timeStep,numberOfRobotsOnBlackSite,numberOfRobotsOnWhiteSite
16807,20,25
timeStep,numberOfRobotsOnBlackSite,numberOfRobotsOnWhiteSite
16808,20,25
timeStep,numberOfRobotsOnBlackSite,numberOfRobotsOnWhiteSite
16809,20,25
timeStep,numberOfRobotsOnBlackSite,numberOfRobotsOnWhiteSite
16810,20,25
timeStep,numberOfRobotsOnBlackSite,numberOfRobotsOnWhiteSite
16811,20,25
timeStep,numberOfRobotsOnBlackSite,numberOfRobotsOnWhiteSite
16812,20,25
timeStep,numberOfRobotsOnBlackSite,numberOfRobotsOnWhiteSite
16813,20,25
timeStep,numberOfRobotsOnBlackSite,numberOfRobotsOnWhiteSite
16814,20,25
timeStep,numberOfRobotsOnBlackSite,numberOfRobotsOnWhiteSite
16815,20,25
timeStep,numberOfRobotsOnBlackSite,numberOfRobotsOnWhiteSite
16816,20,25
timeStep,numberOfRobotsOnBlackSite,numberOfRobotsOnWhiteSite
16817,20,25
timeStep,numberOfRobotsOnBlackSite,numberOfRobotsOnWhiteSite
16818,20,25
timeStep,numberOfRobotsOnBlackSite,numberOfRobotsOnWhiteSite
16819,20,25
timeStep,numberOfRobotsOnBlackSite,numberOfRobotsOnWhiteSite
16820,20,25
timeStep,numberOfRobotsOnBlackSite,numberOfRobotsOnWhiteSite
16821,20,25
timeStep,numberOfRobotsOnBlackSite,numberOfRobotsOnWhiteSite
16822,20,25
timeStep,numberOfRobotsOnBlackSite,numberOfRobotsOnWhiteSite
16823,20,25
timeStep,numberOfRobotsOnBlackSite,numberOfRobotsOnWhiteSite
16824,20,25
timeStep,numberOfRobotsOnBlackSite,numberOfRobotsOnWhiteSite
16825,20,25
timeStep,numberOfRobotsOnBlackSite,numberOfRobotsOnWhiteSite
16826,20,25
timeStep,numberOfRobotsOnBlackSite,numberOfRobotsOnWhiteSite
16827,20,25
timeStep,numberOfRobotsOnBlackSite,numberOfRobotsOnWhiteSite
16828,20,25
timeStep,numberOfRobotsOnBlackSite,numberOfRobotsOnWhiteSite
16829,20,25
timeStep,numberOfRobotsOnBlackSite,numberOfRobotsOnWhiteSite
16830,20,25
timeStep,numberOfRobotsOnBlackSite,numberOfRobotsOnWhiteSite
16831,20,25
timeStep,numberOfRobotsOnBlackSite,numberOfRobotsOnWhiteSite
16832,20,25
timeStep,numberOfRobotsOnBlackSite,numberOfRobotsOnWhiteSite
16833,20,25
timeStep,numberOfRobotsOnBlackSite,numberOfRobotsOnWhiteSite
16834,20,25
timeStep,numberOfRobotsOnBlackSite,numberOfRobotsOnWhiteSite
16835,20,25
timeStep,numberOfRobotsOnBlackSite,numberOfRobotsOnWhiteSite
16836,20,25
timeStep,numberOfRobotsOnBlackSite,numberOfRobotsOnWhiteSite
16837,20,25
timeStep,numberOfRobotsOnBlackSite,numberOfRobotsOnWhiteSite
16838,20,25
timeStep,numberOfRobotsOnBlackSite,numberOfRobotsOnWhiteSite
16839,20,25
timeStep,numberOfRobotsOnBlackSite,numberOfRobotsOnWhiteSite
16840,20,25
timeStep,numberOfRobotsOnBlackSite,numberOfRobotsOnWhiteSite
16841,20,25
timeStep,numberOfRobotsOnBlackSite,numberOfRobotsOnWhiteSite
16842,20,25
timeStep,numberOfRobotsOnBlackSite,numberOfRobotsOnWhiteSite
16843,20,25
timeStep,numberOfRobotsOnBlackSite,numberOfRobotsOnWhiteSite
16844,20,25
timeStep,numberOfRobotsOnBlackSite,numberOfRobotsOnWhiteSite
16845,20,25
timeStep,numberOfRobotsOnBlackSite,numberOfRobotsOnWhiteSite
16846,20,25
timeStep,numberOfRobotsOnBlackSite,numberOfRobotsOnWhiteSite
16847,20,25
timeStep,numberOfRobotsOnBlackSite,numberOfRobotsOnWhiteSite
16848,20,25
timeStep,numberOfRobotsOnBlackSite,numberOfRobotsOnWhiteSite
16849,20,25
timeStep,numberOfRobotsOnBlackSite,numberOfRobotsOnWhiteSite
16850,20,25
timeStep,numberOfRobotsOnBlackSite,numberOfRobotsOnWhiteSite
16851,20,25
timeStep,numberOfRobotsOnBlackSite,numberOfRobotsOnWhiteSite
16852,20,25
timeStep,numberOfRobotsOnBlackSite,numberOfRobotsOnWhiteSite
16853,20,25
timeStep,numberOfRobotsOnBlackSite,numberOfRobotsOnWhiteSite
16854,20,25
timeStep,numberOfRobotsOnBlackSite,numberOfRobotsOnWhiteSite
16855,20,25
timeStep,numberOfRobotsOnBlackSite,numberOfRobotsOnWhiteSite
16856,20,25
timeStep,numberOfRobotsOnBlackSite,numberOfRobotsOnWhiteSite
16857,20,25
timeStep,numberOfRobotsOnBlackSite,numberOfRobotsOnWhiteSite
16858,20,25
timeStep,numberOfRobotsOnBlackSite,numberOfRobotsOnWhiteSite
16859,20,25
timeStep,numberOfRobotsOnBlackSite,numberOfRobotsOnWhiteSite
16860,20,25
timeStep,numberOfRobotsOnBlackSite,numberOfRobotsOnWhiteSite
16861,20,25
timeStep,numberOfRobotsOnBlackSite,numberOfRobotsOnWhiteSite
16862,20,25
timeStep,numberOfRobotsOnBlackSite,numberOfRobotsOnWhiteSite
16863,20,25
timeStep,numberOfRobotsOnBlackSite,numberOfRobotsOnWhiteSite
16864,20,25
timeStep,numberOfRobotsOnBlackSite,numberOfRobotsOnWhiteSite
16865,20,25
timeStep,numberOfRobotsOnBlackSite,numberOfRobotsOnWhiteSite
16866,20,25
timeStep,numberOfRobotsOnBlackSite,numberOfRobotsOnWhiteSite
16867,20,25
timeStep,numberOfRobotsOnBlackSite,numberOfRobotsOnWhiteSite
16868,20,25
timeStep,numberOfRobotsOnBlackSite,numberOfRobotsOnWhiteSite
16869,20,25
timeStep,numberOfRobotsOnBlackSite,numberOfRobotsOnWhiteSite
16870,20,25
timeStep,numberOfRobotsOnBlackSite,numberOfRobotsOnWhiteSite
16871,20,25
timeStep,numberOfRobotsOnBlackSite,numberOfRobotsOnWhiteSite
16872,20,25
timeStep,numberOfRobotsOnBlackSite,numberOfRobotsOnWhiteSite
16873,20,25
timeStep,numberOfRobotsOnBlackSite,numberOfRobotsOnWhiteSite
16874,20,25
timeStep,numberOfRobotsOnBlackSite,numberOfRobotsOnWhiteSite
16875,20,25
timeStep,numberOfRobotsOnBlackSite,numberOfRobotsOnWhiteSite
16876,20,25
timeStep,numberOfRobotsOnBlackSite,numberOfRobotsOnWhiteSite
16877,20,25
timeStep,numberOfRobotsOnBlackSite,numberOfRobotsOnWhiteSite
16878,20,25
timeStep,numberOfRobotsOnBlackSite,numberOfRobotsOnWhiteSite
16879,20,25
timeStep,numberOfRobotsOnBlackSite,numberOfRobotsOnWhiteSite
16880,20,25
timeStep,numberOfRobotsOnBlackSite,numberOfRobotsOnWhiteSite
16881,20,25
timeStep,numberOfRobotsOnBlackSite,numberOfRobotsOnWhiteSite
16882,20,25
timeStep,numberOfRobotsOnBlackSite,numberOfRobotsOnWhiteSite
16883,20,25
timeStep,numberOfRobotsOnBlackSite,numberOfRobotsOnWhiteSite
16884,20,25
timeStep,numberOfRobotsOnBlackSite,numberOfRobotsOnWhiteSite
16885,20,25
timeStep,numberOfRobotsOnBlackSite,numberOfRobotsOnWhiteSite
16886,20,25
timeStep,numberOfRobotsOnBlackSite,numberOfRobotsOnWhiteSite
16887,20,25
timeStep,numberOfRobotsOnBlackSite,numberOfRobotsOnWhiteSite
16888,20,25
timeStep,numberOfRobotsOnBlackSite,numberOfRobotsOnWhiteSite
16889,20,25
timeStep,numberOfRobotsOnBlackSite,numberOfRobotsOnWhiteSite
16890,20,25
timeStep,numberOfRobotsOnBlackSite,numberOfRobotsOnWhiteSite
16891,20,25
timeStep,numberOfRobotsOnBlackSite,numberOfRobotsOnWhiteSite
16892,20,25
timeStep,numberOfRobotsOnBlackSite,numberOfRobotsOnWhiteSite
16893,20,25
timeStep,numberOfRobotsOnBlackSite,numberOfRobotsOnWhiteSite
16894,20,25
timeStep,numberOfRobotsOnBlackSite,numberOfRobotsOnWhiteSite
16895,20,25
timeStep,numberOfRobotsOnBlackSite,numberOfRobotsOnWhiteSite
16896,20,25
timeStep,numberOfRobotsOnBlackSite,numberOfRobotsOnWhiteSite
16897,20,25
timeStep,numberOfRobotsOnBlackSite,numberOfRobotsOnWhiteSite
16898,20,25
timeStep,numberOfRobotsOnBlackSite,numberOfRobotsOnWhiteSite
16899,20,25
timeStep,numberOfRobotsOnBlackSite,numberOfRobotsOnWhiteSite
16900,20,25
timeStep,numberOfRobotsOnBlackSite,numberOfRobotsOnWhiteSite
16901,20,25
timeStep,numberOfRobotsOnBlackSite,numberOfRobotsOnWhiteSite
16902,20,25
timeStep,numberOfRobotsOnBlackSite,numberOfRobotsOnWhiteSite
16903,20,25
timeStep,numberOfRobotsOnBlackSite,numberOfRobotsOnWhiteSite
16904,20,25
timeStep,numberOfRobotsOnBlackSite,numberOfRobotsOnWhiteSite
16905,20,25
timeStep,numberOfRobotsOnBlackSite,numberOfRobotsOnWhiteSite
16906,20,25
timeStep,numberOfRobotsOnBlackSite,numberOfRobotsOnWhiteSite
16907,20,25
timeStep,numberOfRobotsOnBlackSite,numberOfRobotsOnWhiteSite
16908,20,25
timeStep,numberOfRobotsOnBlackSite,numberOfRobotsOnWhiteSite
16909,20,25
timeStep,numberOfRobotsOnBlackSite,numberOfRobotsOnWhiteSite
16910,20,25
timeStep,numberOfRobotsOnBlackSite,numberOfRobotsOnWhiteSite
16911,20,25
timeStep,numberOfRobotsOnBlackSite,numberOfRobotsOnWhiteSite
16912,20,25
timeStep,numberOfRobotsOnBlackSite,numberOfRobotsOnWhiteSite
16913,20,25
timeStep,numberOfRobotsOnBlackSite,numberOfRobotsOnWhiteSite
16914,20,25
timeStep,numberOfRobotsOnBlackSite,numberOfRobotsOnWhiteSite
16915,20,25
timeStep,numberOfRobotsOnBlackSite,numberOfRobotsOnWhiteSite
16916,20,25
timeStep,numberOfRobotsOnBlackSite,numberOfRobotsOnWhiteSite
16917,20,25
timeStep,numberOfRobotsOnBlackSite,numberOfRobotsOnWhiteSite
16918,20,25
timeStep,numberOfRobotsOnBlackSite,numberOfRobotsOnWhiteSite
16919,20,25
timeStep,numberOfRobotsOnBlackSite,numberOfRobotsOnWhiteSite
16920,20,25
timeStep,numberOfRobotsOnBlackSite,numberOfRobotsOnWhiteSite
16921,20,25
timeStep,numberOfRobotsOnBlackSite,numberOfRobotsOnWhiteSite
16922,20,25
timeStep,numberOfRobotsOnBlackSite,numberOfRobotsOnWhiteSite
16923,20,25
timeStep,numberOfRobotsOnBlackSite,numberOfRobotsOnWhiteSite
16924,20,25
timeStep,numberOfRobotsOnBlackSite,numberOfRobotsOnWhiteSite
16925,20,25
timeStep,numberOfRobotsOnBlackSite,numberOfRobotsOnWhiteSite
16926,20,25
timeStep,numberOfRobotsOnBlackSite,numberOfRobotsOnWhiteSite
16927,20,25
timeStep,numberOfRobotsOnBlackSite,numberOfRobotsOnWhiteSite
16928,20,25
timeStep,numberOfRobotsOnBlackSite,numberOfRobotsOnWhiteSite
16929,20,25
timeStep,numberOfRobotsOnBlackSite,numberOfRobotsOnWhiteSite
16930,20,25
timeStep,numberOfRobotsOnBlackSite,numberOfRobotsOnWhiteSite
16931,20,25
timeStep,numberOfRobotsOnBlackSite,numberOfRobotsOnWhiteSite
16932,20,25
timeStep,numberOfRobotsOnBlackSite,numberOfRobotsOnWhiteSite
16933,20,25
timeStep,numberOfRobotsOnBlackSite,numberOfRobotsOnWhiteSite
16934,20,25
timeStep,numberOfRobotsOnBlackSite,numberOfRobotsOnWhiteSite
16935,21,25
timeStep,numberOfRobotsOnBlackSite,numberOfRobotsOnWhiteSite
16936,21,25
timeStep,numberOfRobotsOnBlackSite,numberOfRobotsOnWhiteSite
16937,21,25
timeStep,numberOfRobotsOnBlackSite,numberOfRobotsOnWhiteSite
16938,21,25
timeStep,numberOfRobotsOnBlackSite,numberOfRobotsOnWhiteSite
16939,21,25
timeStep,numberOfRobotsOnBlackSite,numberOfRobotsOnWhiteSite
16940,21,25
timeStep,numberOfRobotsOnBlackSite,numberOfRobotsOnWhiteSite
16941,21,25
timeStep,numberOfRobotsOnBlackSite,numberOfRobotsOnWhiteSite
16942,21,25
timeStep,numberOfRobotsOnBlackSite,numberOfRobotsOnWhiteSite
16943,21,25
timeStep,numberOfRobotsOnBlackSite,numberOfRobotsOnWhiteSite
16944,21,25
timeStep,numberOfRobotsOnBlackSite,numberOfRobotsOnWhiteSite
16945,21,25
timeStep,numberOfRobotsOnBlackSite,numberOfRobotsOnWhiteSite
16946,21,25
timeStep,numberOfRobotsOnBlackSite,numberOfRobotsOnWhiteSite
16947,21,25
timeStep,numberOfRobotsOnBlackSite,numberOfRobotsOnWhiteSite
16948,21,25
timeStep,numberOfRobotsOnBlackSite,numberOfRobotsOnWhiteSite
16949,21,25
timeStep,numberOfRobotsOnBlackSite,numberOfRobotsOnWhiteSite
16950,21,25
timeStep,numberOfRobotsOnBlackSite,numberOfRobotsOnWhiteSite
16951,21,25
timeStep,numberOfRobotsOnBlackSite,numberOfRobotsOnWhiteSite
16952,21,25
timeStep,numberOfRobotsOnBlackSite,numberOfRobotsOnWhiteSite
16953,21,25
timeStep,numberOfRobotsOnBlackSite,numberOfRobotsOnWhiteSite
16954,21,25
timeStep,numberOfRobotsOnBlackSite,numberOfRobotsOnWhiteSite
16955,21,25
timeStep,numberOfRobotsOnBlackSite,numberOfRobotsOnWhiteSite
16956,21,25
timeStep,numberOfRobotsOnBlackSite,numberOfRobotsOnWhiteSite
16957,21,25
timeStep,numberOfRobotsOnBlackSite,numberOfRobotsOnWhiteSite
16958,21,25
timeStep,numberOfRobotsOnBlackSite,numberOfRobotsOnWhiteSite
16959,21,25
timeStep,numberOfRobotsOnBlackSite,numberOfRobotsOnWhiteSite
16960,21,25
timeStep,numberOfRobotsOnBlackSite,numberOfRobotsOnWhiteSite
16961,21,25
timeStep,numberOfRobotsOnBlackSite,numberOfRobotsOnWhiteSite
16962,21,25
timeStep,numberOfRobotsOnBlackSite,numberOfRobotsOnWhiteSite
16963,21,25
timeStep,numberOfRobotsOnBlackSite,numberOfRobotsOnWhiteSite
16964,21,25
timeStep,numberOfRobotsOnBlackSite,numberOfRobotsOnWhiteSite
16965,21,25
timeStep,numberOfRobotsOnBlackSite,numberOfRobotsOnWhiteSite
16966,21,25
timeStep,numberOfRobotsOnBlackSite,numberOfRobotsOnWhiteSite
16967,21,25
timeStep,numberOfRobotsOnBlackSite,numberOfRobotsOnWhiteSite
16968,21,25
timeStep,numberOfRobotsOnBlackSite,numberOfRobotsOnWhiteSite
16969,21,25
timeStep,numberOfRobotsOnBlackSite,numberOfRobotsOnWhiteSite
16970,21,25
timeStep,numberOfRobotsOnBlackSite,numberOfRobotsOnWhiteSite
16971,21,25
timeStep,numberOfRobotsOnBlackSite,numberOfRobotsOnWhiteSite
16972,21,25
timeStep,numberOfRobotsOnBlackSite,numberOfRobotsOnWhiteSite
16973,21,25
timeStep,numberOfRobotsOnBlackSite,numberOfRobotsOnWhiteSite
16974,21,25
timeStep,numberOfRobotsOnBlackSite,numberOfRobotsOnWhiteSite
16975,21,25
timeStep,numberOfRobotsOnBlackSite,numberOfRobotsOnWhiteSite
16976,21,25
timeStep,numberOfRobotsOnBlackSite,numberOfRobotsOnWhiteSite
16977,21,25
timeStep,numberOfRobotsOnBlackSite,numberOfRobotsOnWhiteSite
16978,21,25
timeStep,numberOfRobotsOnBlackSite,numberOfRobotsOnWhiteSite
16979,21,25
timeStep,numberOfRobotsOnBlackSite,numberOfRobotsOnWhiteSite
16980,21,25
timeStep,numberOfRobotsOnBlackSite,numberOfRobotsOnWhiteSite
16981,21,25
timeStep,numberOfRobotsOnBlackSite,numberOfRobotsOnWhiteSite
16982,21,25
timeStep,numberOfRobotsOnBlackSite,numberOfRobotsOnWhiteSite
16983,21,25
timeStep,numberOfRobotsOnBlackSite,numberOfRobotsOnWhiteSite
16984,21,25
timeStep,numberOfRobotsOnBlackSite,numberOfRobotsOnWhiteSite
16985,21,25
timeStep,numberOfRobotsOnBlackSite,numberOfRobotsOnWhiteSite
16986,21,25
timeStep,numberOfRobotsOnBlackSite,numberOfRobotsOnWhiteSite
16987,21,25
timeStep,numberOfRobotsOnBlackSite,numberOfRobotsOnWhiteSite
16988,21,25
timeStep,numberOfRobotsOnBlackSite,numberOfRobotsOnWhiteSite
16989,21,25
timeStep,numberOfRobotsOnBlackSite,numberOfRobotsOnWhiteSite
16990,21,25
timeStep,numberOfRobotsOnBlackSite,numberOfRobotsOnWhiteSite
16991,21,25
timeStep,numberOfRobotsOnBlackSite,numberOfRobotsOnWhiteSite
16992,21,25
timeStep,numberOfRobotsOnBlackSite,numberOfRobotsOnWhiteSite
16993,21,25
timeStep,numberOfRobotsOnBlackSite,numberOfRobotsOnWhiteSite
16994,21,25
timeStep,numberOfRobotsOnBlackSite,numberOfRobotsOnWhiteSite
16995,21,25
timeStep,numberOfRobotsOnBlackSite,numberOfRobotsOnWhiteSite
16996,21,25
timeStep,numberOfRobotsOnBlackSite,numberOfRobotsOnWhiteSite
16997,21,25
timeStep,numberOfRobotsOnBlackSite,numberOfRobotsOnWhiteSite
16998,21,25
timeStep,numberOfRobotsOnBlackSite,numberOfRobotsOnWhiteSite
16999,21,25
timeStep,numberOfRobotsOnBlackSite,numberOfRobotsOnWhiteSite
17000,21,25
timeStep,numberOfRobotsOnBlackSite,numberOfRobotsOnWhiteSite
17001,21,25
timeStep,numberOfRobotsOnBlackSite,numberOfRobotsOnWhiteSite
17002,21,25
timeStep,numberOfRobotsOnBlackSite,numberOfRobotsOnWhiteSite
17003,21,25
timeStep,numberOfRobotsOnBlackSite,numberOfRobotsOnWhiteSite
17004,21,25
timeStep,numberOfRobotsOnBlackSite,numberOfRobotsOnWhiteSite
17005,21,25
timeStep,numberOfRobotsOnBlackSite,numberOfRobotsOnWhiteSite
17006,21,25
timeStep,numberOfRobotsOnBlackSite,numberOfRobotsOnWhiteSite
17007,21,25
timeStep,numberOfRobotsOnBlackSite,numberOfRobotsOnWhiteSite
17008,21,25
timeStep,numberOfRobotsOnBlackSite,numberOfRobotsOnWhiteSite
17009,21,25
timeStep,numberOfRobotsOnBlackSite,numberOfRobotsOnWhiteSite
17010,21,25
timeStep,numberOfRobotsOnBlackSite,numberOfRobotsOnWhiteSite
17011,21,25
timeStep,numberOfRobotsOnBlackSite,numberOfRobotsOnWhiteSite
17012,21,25
timeStep,numberOfRobotsOnBlackSite,numberOfRobotsOnWhiteSite
17013,21,25
timeStep,numberOfRobotsOnBlackSite,numberOfRobotsOnWhiteSite
17014,21,25
timeStep,numberOfRobotsOnBlackSite,numberOfRobotsOnWhiteSite
17015,21,25
timeStep,numberOfRobotsOnBlackSite,numberOfRobotsOnWhiteSite
17016,21,25
timeStep,numberOfRobotsOnBlackSite,numberOfRobotsOnWhiteSite
17017,21,25
timeStep,numberOfRobotsOnBlackSite,numberOfRobotsOnWhiteSite
17018,21,25
timeStep,numberOfRobotsOnBlackSite,numberOfRobotsOnWhiteSite
17019,21,25
timeStep,numberOfRobotsOnBlackSite,numberOfRobotsOnWhiteSite
17020,21,25
timeStep,numberOfRobotsOnBlackSite,numberOfRobotsOnWhiteSite
17021,21,25
timeStep,numberOfRobotsOnBlackSite,numberOfRobotsOnWhiteSite
17022,21,25
timeStep,numberOfRobotsOnBlackSite,numberOfRobotsOnWhiteSite
17023,21,25
timeStep,numberOfRobotsOnBlackSite,numberOfRobotsOnWhiteSite
17024,21,25
timeStep,numberOfRobotsOnBlackSite,numberOfRobotsOnWhiteSite
17025,21,25
timeStep,numberOfRobotsOnBlackSite,numberOfRobotsOnWhiteSite
17026,21,25
timeStep,numberOfRobotsOnBlackSite,numberOfRobotsOnWhiteSite
17027,21,25
timeStep,numberOfRobotsOnBlackSite,numberOfRobotsOnWhiteSite
17028,21,25
timeStep,numberOfRobotsOnBlackSite,numberOfRobotsOnWhiteSite
17029,21,25
timeStep,numberOfRobotsOnBlackSite,numberOfRobotsOnWhiteSite
17030,21,25
timeStep,numberOfRobotsOnBlackSite,numberOfRobotsOnWhiteSite
17031,21,25
timeStep,numberOfRobotsOnBlackSite,numberOfRobotsOnWhiteSite
17032,21,25
timeStep,numberOfRobotsOnBlackSite,numberOfRobotsOnWhiteSite
17033,21,25
timeStep,numberOfRobotsOnBlackSite,numberOfRobotsOnWhiteSite
17034,21,25
timeStep,numberOfRobotsOnBlackSite,numberOfRobotsOnWhiteSite
17035,21,25
timeStep,numberOfRobotsOnBlackSite,numberOfRobotsOnWhiteSite
17036,21,25
timeStep,numberOfRobotsOnBlackSite,numberOfRobotsOnWhiteSite
17037,21,25
timeStep,numberOfRobotsOnBlackSite,numberOfRobotsOnWhiteSite
17038,21,25
timeStep,numberOfRobotsOnBlackSite,numberOfRobotsOnWhiteSite
17039,21,25
timeStep,numberOfRobotsOnBlackSite,numberOfRobotsOnWhiteSite
17040,21,25
timeStep,numberOfRobotsOnBlackSite,numberOfRobotsOnWhiteSite
17041,21,25
timeStep,numberOfRobotsOnBlackSite,numberOfRobotsOnWhiteSite
17042,21,25
timeStep,numberOfRobotsOnBlackSite,numberOfRobotsOnWhiteSite
17043,21,25
timeStep,numberOfRobotsOnBlackSite,numberOfRobotsOnWhiteSite
17044,21,25
timeStep,numberOfRobotsOnBlackSite,numberOfRobotsOnWhiteSite
17045,21,25
timeStep,numberOfRobotsOnBlackSite,numberOfRobotsOnWhiteSite
17046,21,25
timeStep,numberOfRobotsOnBlackSite,numberOfRobotsOnWhiteSite
17047,21,25
timeStep,numberOfRobotsOnBlackSite,numberOfRobotsOnWhiteSite
17048,21,25
timeStep,numberOfRobotsOnBlackSite,numberOfRobotsOnWhiteSite
17049,21,25
timeStep,numberOfRobotsOnBlackSite,numberOfRobotsOnWhiteSite
17050,21,26
timeStep,numberOfRobotsOnBlackSite,numberOfRobotsOnWhiteSite
17051,21,26
timeStep,numberOfRobotsOnBlackSite,numberOfRobotsOnWhiteSite
17052,21,26
timeStep,numberOfRobotsOnBlackSite,numberOfRobotsOnWhiteSite
17053,21,26
timeStep,numberOfRobotsOnBlackSite,numberOfRobotsOnWhiteSite
17054,21,26
timeStep,numberOfRobotsOnBlackSite,numberOfRobotsOnWhiteSite
17055,21,26
timeStep,numberOfRobotsOnBlackSite,numberOfRobotsOnWhiteSite
17056,21,26
timeStep,numberOfRobotsOnBlackSite,numberOfRobotsOnWhiteSite
17057,21,26
timeStep,numberOfRobotsOnBlackSite,numberOfRobotsOnWhiteSite
17058,21,26
timeStep,numberOfRobotsOnBlackSite,numberOfRobotsOnWhiteSite
17059,21,26
timeStep,numberOfRobotsOnBlackSite,numberOfRobotsOnWhiteSite
17060,21,26
timeStep,numberOfRobotsOnBlackSite,numberOfRobotsOnWhiteSite
17061,21,26
timeStep,numberOfRobotsOnBlackSite,numberOfRobotsOnWhiteSite
17062,21,26
timeStep,numberOfRobotsOnBlackSite,numberOfRobotsOnWhiteSite
17063,21,26
timeStep,numberOfRobotsOnBlackSite,numberOfRobotsOnWhiteSite
17064,21,26
timeStep,numberOfRobotsOnBlackSite,numberOfRobotsOnWhiteSite
17065,21,26
timeStep,numberOfRobotsOnBlackSite,numberOfRobotsOnWhiteSite
17066,21,26
timeStep,numberOfRobotsOnBlackSite,numberOfRobotsOnWhiteSite
17067,21,26
timeStep,numberOfRobotsOnBlackSite,numberOfRobotsOnWhiteSite
17068,21,26
timeStep,numberOfRobotsOnBlackSite,numberOfRobotsOnWhiteSite
17069,21,26
timeStep,numberOfRobotsOnBlackSite,numberOfRobotsOnWhiteSite
17070,21,26
timeStep,numberOfRobotsOnBlackSite,numberOfRobotsOnWhiteSite
17071,21,26
timeStep,numberOfRobotsOnBlackSite,numberOfRobotsOnWhiteSite
17072,21,26
timeStep,numberOfRobotsOnBlackSite,numberOfRobotsOnWhiteSite
17073,21,26
timeStep,numberOfRobotsOnBlackSite,numberOfRobotsOnWhiteSite
17074,21,26
timeStep,numberOfRobotsOnBlackSite,numberOfRobotsOnWhiteSite
17075,21,26
timeStep,numberOfRobotsOnBlackSite,numberOfRobotsOnWhiteSite
17076,21,26
timeStep,numberOfRobotsOnBlackSite,numberOfRobotsOnWhiteSite
17077,21,26
timeStep,numberOfRobotsOnBlackSite,numberOfRobotsOnWhiteSite
17078,21,26
timeStep,numberOfRobotsOnBlackSite,numberOfRobotsOnWhiteSite
17079,21,26
timeStep,numberOfRobotsOnBlackSite,numberOfRobotsOnWhiteSite
17080,21,26
timeStep,numberOfRobotsOnBlackSite,numberOfRobotsOnWhiteSite
17081,21,26
timeStep,numberOfRobotsOnBlackSite,numberOfRobotsOnWhiteSite
17082,21,26
timeStep,numberOfRobotsOnBlackSite,numberOfRobotsOnWhiteSite
17083,21,26
timeStep,numberOfRobotsOnBlackSite,numberOfRobotsOnWhiteSite
17084,21,26
timeStep,numberOfRobotsOnBlackSite,numberOfRobotsOnWhiteSite
17085,21,26
timeStep,numberOfRobotsOnBlackSite,numberOfRobotsOnWhiteSite
17086,21,26
timeStep,numberOfRobotsOnBlackSite,numberOfRobotsOnWhiteSite
17087,21,26
timeStep,numberOfRobotsOnBlackSite,numberOfRobotsOnWhiteSite
17088,21,26
timeStep,numberOfRobotsOnBlackSite,numberOfRobotsOnWhiteSite
17089,21,26
timeStep,numberOfRobotsOnBlackSite,numberOfRobotsOnWhiteSite
17090,21,26
timeStep,numberOfRobotsOnBlackSite,numberOfRobotsOnWhiteSite
17091,21,26
timeStep,numberOfRobotsOnBlackSite,numberOfRobotsOnWhiteSite
17092,21,26
timeStep,numberOfRobotsOnBlackSite,numberOfRobotsOnWhiteSite
17093,21,26
timeStep,numberOfRobotsOnBlackSite,numberOfRobotsOnWhiteSite
17094,21,26
timeStep,numberOfRobotsOnBlackSite,numberOfRobotsOnWhiteSite
17095,21,26
timeStep,numberOfRobotsOnBlackSite,numberOfRobotsOnWhiteSite
17096,21,26
timeStep,numberOfRobotsOnBlackSite,numberOfRobotsOnWhiteSite
17097,21,26
timeStep,numberOfRobotsOnBlackSite,numberOfRobotsOnWhiteSite
17098,21,26
timeStep,numberOfRobotsOnBlackSite,numberOfRobotsOnWhiteSite
17099,21,26
timeStep,numberOfRobotsOnBlackSite,numberOfRobotsOnWhiteSite
17100,21,26
timeStep,numberOfRobotsOnBlackSite,numberOfRobotsOnWhiteSite
17101,21,26
timeStep,numberOfRobotsOnBlackSite,numberOfRobotsOnWhiteSite
17102,21,26
timeStep,numberOfRobotsOnBlackSite,numberOfRobotsOnWhiteSite
17103,21,26
timeStep,numberOfRobotsOnBlackSite,numberOfRobotsOnWhiteSite
17104,21,26
timeStep,numberOfRobotsOnBlackSite,numberOfRobotsOnWhiteSite
17105,21,26
timeStep,numberOfRobotsOnBlackSite,numberOfRobotsOnWhiteSite
17106,21,26
timeStep,numberOfRobotsOnBlackSite,numberOfRobotsOnWhiteSite
17107,21,26
timeStep,numberOfRobotsOnBlackSite,numberOfRobotsOnWhiteSite
17108,21,26
timeStep,numberOfRobotsOnBlackSite,numberOfRobotsOnWhiteSite
17109,21,26
timeStep,numberOfRobotsOnBlackSite,numberOfRobotsOnWhiteSite
17110,21,26
timeStep,numberOfRobotsOnBlackSite,numberOfRobotsOnWhiteSite
17111,21,26
timeStep,numberOfRobotsOnBlackSite,numberOfRobotsOnWhiteSite
17112,21,26
timeStep,numberOfRobotsOnBlackSite,numberOfRobotsOnWhiteSite
17113,21,26
timeStep,numberOfRobotsOnBlackSite,numberOfRobotsOnWhiteSite
17114,21,26
timeStep,numberOfRobotsOnBlackSite,numberOfRobotsOnWhiteSite
17115,21,26
timeStep,numberOfRobotsOnBlackSite,numberOfRobotsOnWhiteSite
17116,21,26
timeStep,numberOfRobotsOnBlackSite,numberOfRobotsOnWhiteSite
17117,21,26
timeStep,numberOfRobotsOnBlackSite,numberOfRobotsOnWhiteSite
17118,21,26
timeStep,numberOfRobotsOnBlackSite,numberOfRobotsOnWhiteSite
17119,21,26
timeStep,numberOfRobotsOnBlackSite,numberOfRobotsOnWhiteSite
17120,21,26
timeStep,numberOfRobotsOnBlackSite,numberOfRobotsOnWhiteSite
17121,21,26
timeStep,numberOfRobotsOnBlackSite,numberOfRobotsOnWhiteSite
17122,21,26
timeStep,numberOfRobotsOnBlackSite,numberOfRobotsOnWhiteSite
17123,21,26
timeStep,numberOfRobotsOnBlackSite,numberOfRobotsOnWhiteSite
17124,21,26
timeStep,numberOfRobotsOnBlackSite,numberOfRobotsOnWhiteSite
17125,21,26
timeStep,numberOfRobotsOnBlackSite,numberOfRobotsOnWhiteSite
17126,21,26
timeStep,numberOfRobotsOnBlackSite,numberOfRobotsOnWhiteSite
17127,21,26
timeStep,numberOfRobotsOnBlackSite,numberOfRobotsOnWhiteSite
17128,21,26
timeStep,numberOfRobotsOnBlackSite,numberOfRobotsOnWhiteSite
17129,21,26
timeStep,numberOfRobotsOnBlackSite,numberOfRobotsOnWhiteSite
17130,21,26
timeStep,numberOfRobotsOnBlackSite,numberOfRobotsOnWhiteSite
17131,21,26
timeStep,numberOfRobotsOnBlackSite,numberOfRobotsOnWhiteSite
17132,21,26
timeStep,numberOfRobotsOnBlackSite,numberOfRobotsOnWhiteSite
17133,21,26
timeStep,numberOfRobotsOnBlackSite,numberOfRobotsOnWhiteSite
17134,21,26
timeStep,numberOfRobotsOnBlackSite,numberOfRobotsOnWhiteSite
17135,21,26
timeStep,numberOfRobotsOnBlackSite,numberOfRobotsOnWhiteSite
17136,21,26
timeStep,numberOfRobotsOnBlackSite,numberOfRobotsOnWhiteSite
17137,21,26
timeStep,numberOfRobotsOnBlackSite,numberOfRobotsOnWhiteSite
17138,21,26
timeStep,numberOfRobotsOnBlackSite,numberOfRobotsOnWhiteSite
17139,21,26
timeStep,numberOfRobotsOnBlackSite,numberOfRobotsOnWhiteSite
17140,21,26
timeStep,numberOfRobotsOnBlackSite,numberOfRobotsOnWhiteSite
17141,21,26
timeStep,numberOfRobotsOnBlackSite,numberOfRobotsOnWhiteSite
17142,21,26
timeStep,numberOfRobotsOnBlackSite,numberOfRobotsOnWhiteSite
17143,21,26
timeStep,numberOfRobotsOnBlackSite,numberOfRobotsOnWhiteSite
17144,21,26
timeStep,numberOfRobotsOnBlackSite,numberOfRobotsOnWhiteSite
17145,21,26
timeStep,numberOfRobotsOnBlackSite,numberOfRobotsOnWhiteSite
17146,21,26
timeStep,numberOfRobotsOnBlackSite,numberOfRobotsOnWhiteSite
17147,21,26
timeStep,numberOfRobotsOnBlackSite,numberOfRobotsOnWhiteSite
17148,21,26
timeStep,numberOfRobotsOnBlackSite,numberOfRobotsOnWhiteSite
17149,21,26
timeStep,numberOfRobotsOnBlackSite,numberOfRobotsOnWhiteSite
17150,21,26
timeStep,numberOfRobotsOnBlackSite,numberOfRobotsOnWhiteSite
17151,21,26
timeStep,numberOfRobotsOnBlackSite,numberOfRobotsOnWhiteSite
17152,21,26
timeStep,numberOfRobotsOnBlackSite,numberOfRobotsOnWhiteSite
17153,21,26
timeStep,numberOfRobotsOnBlackSite,numberOfRobotsOnWhiteSite
17154,21,26
timeStep,numberOfRobotsOnBlackSite,numberOfRobotsOnWhiteSite
17155,21,26
timeStep,numberOfRobotsOnBlackSite,numberOfRobotsOnWhiteSite
17156,21,26
timeStep,numberOfRobotsOnBlackSite,numberOfRobotsOnWhiteSite
17157,21,26
timeStep,numberOfRobotsOnBlackSite,numberOfRobotsOnWhiteSite
17158,21,26
timeStep,numberOfRobotsOnBlackSite,numberOfRobotsOnWhiteSite
17159,21,26
timeStep,numberOfRobotsOnBlackSite,numberOfRobotsOnWhiteSite
17160,21,26
timeStep,numberOfRobotsOnBlackSite,numberOfRobotsOnWhiteSite
17161,21,26
timeStep,numberOfRobotsOnBlackSite,numberOfRobotsOnWhiteSite
17162,21,26
timeStep,numberOfRobotsOnBlackSite,numberOfRobotsOnWhiteSite
17163,21,26
timeStep,numberOfRobotsOnBlackSite,numberOfRobotsOnWhiteSite
17164,21,26
timeStep,numberOfRobotsOnBlackSite,numberOfRobotsOnWhiteSite
17165,21,26
timeStep,numberOfRobotsOnBlackSite,numberOfRobotsOnWhiteSite
17166,21,26
timeStep,numberOfRobotsOnBlackSite,numberOfRobotsOnWhiteSite
17167,21,26
timeStep,numberOfRobotsOnBlackSite,numberOfRobotsOnWhiteSite
17168,21,26
timeStep,numberOfRobotsOnBlackSite,numberOfRobotsOnWhiteSite
17169,21,26
timeStep,numberOfRobotsOnBlackSite,numberOfRobotsOnWhiteSite
17170,21,26
timeStep,numberOfRobotsOnBlackSite,numberOfRobotsOnWhiteSite
17171,21,26
timeStep,numberOfRobotsOnBlackSite,numberOfRobotsOnWhiteSite
17172,21,26
timeStep,numberOfRobotsOnBlackSite,numberOfRobotsOnWhiteSite
17173,21,26
timeStep,numberOfRobotsOnBlackSite,numberOfRobotsOnWhiteSite
17174,21,26
timeStep,numberOfRobotsOnBlackSite,numberOfRobotsOnWhiteSite
17175,21,26
timeStep,numberOfRobotsOnBlackSite,numberOfRobotsOnWhiteSite
17176,21,26
timeStep,numberOfRobotsOnBlackSite,numberOfRobotsOnWhiteSite
17177,21,26
timeStep,numberOfRobotsOnBlackSite,numberOfRobotsOnWhiteSite
17178,21,26
timeStep,numberOfRobotsOnBlackSite,numberOfRobotsOnWhiteSite
17179,21,26
timeStep,numberOfRobotsOnBlackSite,numberOfRobotsOnWhiteSite
17180,21,26
timeStep,numberOfRobotsOnBlackSite,numberOfRobotsOnWhiteSite
17181,21,26
timeStep,numberOfRobotsOnBlackSite,numberOfRobotsOnWhiteSite
17182,21,26
timeStep,numberOfRobotsOnBlackSite,numberOfRobotsOnWhiteSite
17183,21,26
timeStep,numberOfRobotsOnBlackSite,numberOfRobotsOnWhiteSite
17184,21,26
timeStep,numberOfRobotsOnBlackSite,numberOfRobotsOnWhiteSite
17185,21,26
timeStep,numberOfRobotsOnBlackSite,numberOfRobotsOnWhiteSite
17186,21,26
timeStep,numberOfRobotsOnBlackSite,numberOfRobotsOnWhiteSite
17187,21,26
timeStep,numberOfRobotsOnBlackSite,numberOfRobotsOnWhiteSite
17188,21,26
timeStep,numberOfRobotsOnBlackSite,numberOfRobotsOnWhiteSite
17189,21,26
timeStep,numberOfRobotsOnBlackSite,numberOfRobotsOnWhiteSite
17190,21,26
timeStep,numberOfRobotsOnBlackSite,numberOfRobotsOnWhiteSite
17191,21,26
timeStep,numberOfRobotsOnBlackSite,numberOfRobotsOnWhiteSite
17192,21,26
timeStep,numberOfRobotsOnBlackSite,numberOfRobotsOnWhiteSite
17193,21,26
timeStep,numberOfRobotsOnBlackSite,numberOfRobotsOnWhiteSite
17194,21,26
timeStep,numberOfRobotsOnBlackSite,numberOfRobotsOnWhiteSite
17195,21,26
timeStep,numberOfRobotsOnBlackSite,numberOfRobotsOnWhiteSite
17196,21,26
timeStep,numberOfRobotsOnBlackSite,numberOfRobotsOnWhiteSite
17197,21,26
timeStep,numberOfRobotsOnBlackSite,numberOfRobotsOnWhiteSite
17198,21,26
timeStep,numberOfRobotsOnBlackSite,numberOfRobotsOnWhiteSite
17199,21,26
timeStep,numberOfRobotsOnBlackSite,numberOfRobotsOnWhiteSite
17200,21,26
timeStep,numberOfRobotsOnBlackSite,numberOfRobotsOnWhiteSite
17201,21,26
timeStep,numberOfRobotsOnBlackSite,numberOfRobotsOnWhiteSite
17202,21,26
timeStep,numberOfRobotsOnBlackSite,numberOfRobotsOnWhiteSite
17203,21,26
timeStep,numberOfRobotsOnBlackSite,numberOfRobotsOnWhiteSite
17204,21,26
timeStep,numberOfRobotsOnBlackSite,numberOfRobotsOnWhiteSite
17205,21,26
timeStep,numberOfRobotsOnBlackSite,numberOfRobotsOnWhiteSite
17206,21,26
timeStep,numberOfRobotsOnBlackSite,numberOfRobotsOnWhiteSite
17207,21,26
timeStep,numberOfRobotsOnBlackSite,numberOfRobotsOnWhiteSite
17208,21,26
timeStep,numberOfRobotsOnBlackSite,numberOfRobotsOnWhiteSite
17209,21,26
timeStep,numberOfRobotsOnBlackSite,numberOfRobotsOnWhiteSite
17210,21,26
timeStep,numberOfRobotsOnBlackSite,numberOfRobotsOnWhiteSite
17211,21,26
timeStep,numberOfRobotsOnBlackSite,numberOfRobotsOnWhiteSite
17212,21,26
timeStep,numberOfRobotsOnBlackSite,numberOfRobotsOnWhiteSite
17213,21,26
timeStep,numberOfRobotsOnBlackSite,numberOfRobotsOnWhiteSite
17214,21,26
timeStep,numberOfRobotsOnBlackSite,numberOfRobotsOnWhiteSite
17215,21,26
timeStep,numberOfRobotsOnBlackSite,numberOfRobotsOnWhiteSite
17216,21,26
timeStep,numberOfRobotsOnBlackSite,numberOfRobotsOnWhiteSite
17217,21,26
timeStep,numberOfRobotsOnBlackSite,numberOfRobotsOnWhiteSite
17218,21,26
timeStep,numberOfRobotsOnBlackSite,numberOfRobotsOnWhiteSite
17219,21,26
timeStep,numberOfRobotsOnBlackSite,numberOfRobotsOnWhiteSite
17220,21,26
timeStep,numberOfRobotsOnBlackSite,numberOfRobotsOnWhiteSite
17221,21,26
timeStep,numberOfRobotsOnBlackSite,numberOfRobotsOnWhiteSite
17222,21,26
timeStep,numberOfRobotsOnBlackSite,numberOfRobotsOnWhiteSite
17223,21,26
timeStep,numberOfRobotsOnBlackSite,numberOfRobotsOnWhiteSite
17224,21,26
timeStep,numberOfRobotsOnBlackSite,numberOfRobotsOnWhiteSite
17225,21,26
timeStep,numberOfRobotsOnBlackSite,numberOfRobotsOnWhiteSite
17226,21,26
timeStep,numberOfRobotsOnBlackSite,numberOfRobotsOnWhiteSite
17227,21,26
timeStep,numberOfRobotsOnBlackSite,numberOfRobotsOnWhiteSite
17228,21,26
timeStep,numberOfRobotsOnBlackSite,numberOfRobotsOnWhiteSite
17229,21,26
timeStep,numberOfRobotsOnBlackSite,numberOfRobotsOnWhiteSite
17230,21,26
timeStep,numberOfRobotsOnBlackSite,numberOfRobotsOnWhiteSite
17231,21,26
timeStep,numberOfRobotsOnBlackSite,numberOfRobotsOnWhiteSite
17232,21,26
timeStep,numberOfRobotsOnBlackSite,numberOfRobotsOnWhiteSite
17233,21,26
timeStep,numberOfRobotsOnBlackSite,numberOfRobotsOnWhiteSite
17234,21,26
timeStep,numberOfRobotsOnBlackSite,numberOfRobotsOnWhiteSite
17235,21,26
timeStep,numberOfRobotsOnBlackSite,numberOfRobotsOnWhiteSite
17236,21,26
timeStep,numberOfRobotsOnBlackSite,numberOfRobotsOnWhiteSite
17237,21,26
timeStep,numberOfRobotsOnBlackSite,numberOfRobotsOnWhiteSite
17238,21,26
timeStep,numberOfRobotsOnBlackSite,numberOfRobotsOnWhiteSite
17239,21,26
timeStep,numberOfRobotsOnBlackSite,numberOfRobotsOnWhiteSite
17240,21,26
timeStep,numberOfRobotsOnBlackSite,numberOfRobotsOnWhiteSite
17241,21,26
timeStep,numberOfRobotsOnBlackSite,numberOfRobotsOnWhiteSite
17242,21,26
timeStep,numberOfRobotsOnBlackSite,numberOfRobotsOnWhiteSite
17243,21,26
timeStep,numberOfRobotsOnBlackSite,numberOfRobotsOnWhiteSite
17244,21,26
timeStep,numberOfRobotsOnBlackSite,numberOfRobotsOnWhiteSite
17245,21,26
timeStep,numberOfRobotsOnBlackSite,numberOfRobotsOnWhiteSite
17246,21,26
timeStep,numberOfRobotsOnBlackSite,numberOfRobotsOnWhiteSite
17247,21,26
timeStep,numberOfRobotsOnBlackSite,numberOfRobotsOnWhiteSite
17248,21,26
timeStep,numberOfRobotsOnBlackSite,numberOfRobotsOnWhiteSite
17249,21,26
timeStep,numberOfRobotsOnBlackSite,numberOfRobotsOnWhiteSite
17250,21,26
timeStep,numberOfRobotsOnBlackSite,numberOfRobotsOnWhiteSite
17251,21,26
timeStep,numberOfRobotsOnBlackSite,numberOfRobotsOnWhiteSite
17252,21,26
timeStep,numberOfRobotsOnBlackSite,numberOfRobotsOnWhiteSite
17253,21,26
timeStep,numberOfRobotsOnBlackSite,numberOfRobotsOnWhiteSite
17254,21,26
timeStep,numberOfRobotsOnBlackSite,numberOfRobotsOnWhiteSite
17255,21,26
timeStep,numberOfRobotsOnBlackSite,numberOfRobotsOnWhiteSite
17256,21,26
timeStep,numberOfRobotsOnBlackSite,numberOfRobotsOnWhiteSite
17257,21,26
timeStep,numberOfRobotsOnBlackSite,numberOfRobotsOnWhiteSite
17258,21,26
timeStep,numberOfRobotsOnBlackSite,numberOfRobotsOnWhiteSite
17259,21,26
timeStep,numberOfRobotsOnBlackSite,numberOfRobotsOnWhiteSite
17260,21,26
timeStep,numberOfRobotsOnBlackSite,numberOfRobotsOnWhiteSite
17261,21,26
timeStep,numberOfRobotsOnBlackSite,numberOfRobotsOnWhiteSite
17262,21,26
timeStep,numberOfRobotsOnBlackSite,numberOfRobotsOnWhiteSite
17263,21,26
timeStep,numberOfRobotsOnBlackSite,numberOfRobotsOnWhiteSite
17264,21,26
timeStep,numberOfRobotsOnBlackSite,numberOfRobotsOnWhiteSite
17265,21,26
timeStep,numberOfRobotsOnBlackSite,numberOfRobotsOnWhiteSite
17266,21,26
timeStep,numberOfRobotsOnBlackSite,numberOfRobotsOnWhiteSite
17267,21,26
timeStep,numberOfRobotsOnBlackSite,numberOfRobotsOnWhiteSite
17268,21,26
timeStep,numberOfRobotsOnBlackSite,numberOfRobotsOnWhiteSite
17269,21,26
timeStep,numberOfRobotsOnBlackSite,numberOfRobotsOnWhiteSite
17270,21,26
timeStep,numberOfRobotsOnBlackSite,numberOfRobotsOnWhiteSite
17271,21,26
timeStep,numberOfRobotsOnBlackSite,numberOfRobotsOnWhiteSite
17272,21,26
timeStep,numberOfRobotsOnBlackSite,numberOfRobotsOnWhiteSite
17273,21,26
timeStep,numberOfRobotsOnBlackSite,numberOfRobotsOnWhiteSite
17274,21,26
timeStep,numberOfRobotsOnBlackSite,numberOfRobotsOnWhiteSite
17275,21,26
timeStep,numberOfRobotsOnBlackSite,numberOfRobotsOnWhiteSite
17276,21,26
timeStep,numberOfRobotsOnBlackSite,numberOfRobotsOnWhiteSite
17277,21,26
timeStep,numberOfRobotsOnBlackSite,numberOfRobotsOnWhiteSite
17278,21,26
timeStep,numberOfRobotsOnBlackSite,numberOfRobotsOnWhiteSite
17279,21,26
timeStep,numberOfRobotsOnBlackSite,numberOfRobotsOnWhiteSite
17280,21,26
timeStep,numberOfRobotsOnBlackSite,numberOfRobotsOnWhiteSite
17281,21,26
timeStep,numberOfRobotsOnBlackSite,numberOfRobotsOnWhiteSite
17282,21,26
timeStep,numberOfRobotsOnBlackSite,numberOfRobotsOnWhiteSite
17283,21,26
timeStep,numberOfRobotsOnBlackSite,numberOfRobotsOnWhiteSite
17284,21,26
timeStep,numberOfRobotsOnBlackSite,numberOfRobotsOnWhiteSite
17285,21,26
timeStep,numberOfRobotsOnBlackSite,numberOfRobotsOnWhiteSite
17286,21,26
timeStep,numberOfRobotsOnBlackSite,numberOfRobotsOnWhiteSite
17287,21,26
timeStep,numberOfRobotsOnBlackSite,numberOfRobotsOnWhiteSite
17288,21,26
timeStep,numberOfRobotsOnBlackSite,numberOfRobotsOnWhiteSite
17289,21,26
timeStep,numberOfRobotsOnBlackSite,numberOfRobotsOnWhiteSite
17290,21,26
timeStep,numberOfRobotsOnBlackSite,numberOfRobotsOnWhiteSite
17291,21,26
timeStep,numberOfRobotsOnBlackSite,numberOfRobotsOnWhiteSite
17292,21,26
timeStep,numberOfRobotsOnBlackSite,numberOfRobotsOnWhiteSite
17293,21,26
timeStep,numberOfRobotsOnBlackSite,numberOfRobotsOnWhiteSite
17294,21,26
timeStep,numberOfRobotsOnBlackSite,numberOfRobotsOnWhiteSite
17295,21,26
timeStep,numberOfRobotsOnBlackSite,numberOfRobotsOnWhiteSite
17296,21,26
timeStep,numberOfRobotsOnBlackSite,numberOfRobotsOnWhiteSite
17297,21,26
timeStep,numberOfRobotsOnBlackSite,numberOfRobotsOnWhiteSite
17298,21,26
timeStep,numberOfRobotsOnBlackSite,numberOfRobotsOnWhiteSite
17299,21,26
timeStep,numberOfRobotsOnBlackSite,numberOfRobotsOnWhiteSite
17300,21,26
timeStep,numberOfRobotsOnBlackSite,numberOfRobotsOnWhiteSite
17301,21,26
timeStep,numberOfRobotsOnBlackSite,numberOfRobotsOnWhiteSite
17302,21,26
timeStep,numberOfRobotsOnBlackSite,numberOfRobotsOnWhiteSite
17303,21,26
timeStep,numberOfRobotsOnBlackSite,numberOfRobotsOnWhiteSite
17304,21,26
timeStep,numberOfRobotsOnBlackSite,numberOfRobotsOnWhiteSite
17305,21,26
timeStep,numberOfRobotsOnBlackSite,numberOfRobotsOnWhiteSite
17306,21,26
timeStep,numberOfRobotsOnBlackSite,numberOfRobotsOnWhiteSite
17307,21,26
timeStep,numberOfRobotsOnBlackSite,numberOfRobotsOnWhiteSite
17308,21,26
timeStep,numberOfRobotsOnBlackSite,numberOfRobotsOnWhiteSite
17309,21,26
timeStep,numberOfRobotsOnBlackSite,numberOfRobotsOnWhiteSite
17310,21,26
timeStep,numberOfRobotsOnBlackSite,numberOfRobotsOnWhiteSite
17311,21,26
timeStep,numberOfRobotsOnBlackSite,numberOfRobotsOnWhiteSite
17312,21,26
timeStep,numberOfRobotsOnBlackSite,numberOfRobotsOnWhiteSite
17313,21,26
timeStep,numberOfRobotsOnBlackSite,numberOfRobotsOnWhiteSite
17314,21,26
timeStep,numberOfRobotsOnBlackSite,numberOfRobotsOnWhiteSite
17315,21,26
timeStep,numberOfRobotsOnBlackSite,numberOfRobotsOnWhiteSite
17316,21,26
timeStep,numberOfRobotsOnBlackSite,numberOfRobotsOnWhiteSite
17317,21,26
timeStep,numberOfRobotsOnBlackSite,numberOfRobotsOnWhiteSite
17318,21,26
timeStep,numberOfRobotsOnBlackSite,numberOfRobotsOnWhiteSite
17319,21,26
timeStep,numberOfRobotsOnBlackSite,numberOfRobotsOnWhiteSite
17320,21,26
timeStep,numberOfRobotsOnBlackSite,numberOfRobotsOnWhiteSite
17321,21,26
timeStep,numberOfRobotsOnBlackSite,numberOfRobotsOnWhiteSite
17322,21,26
timeStep,numberOfRobotsOnBlackSite,numberOfRobotsOnWhiteSite
17323,21,26
timeStep,numberOfRobotsOnBlackSite,numberOfRobotsOnWhiteSite
17324,21,26
timeStep,numberOfRobotsOnBlackSite,numberOfRobotsOnWhiteSite
17325,21,26
timeStep,numberOfRobotsOnBlackSite,numberOfRobotsOnWhiteSite
17326,21,26
timeStep,numberOfRobotsOnBlackSite,numberOfRobotsOnWhiteSite
17327,21,26
timeStep,numberOfRobotsOnBlackSite,numberOfRobotsOnWhiteSite
17328,21,26
timeStep,numberOfRobotsOnBlackSite,numberOfRobotsOnWhiteSite
17329,21,26
timeStep,numberOfRobotsOnBlackSite,numberOfRobotsOnWhiteSite
17330,21,26
timeStep,numberOfRobotsOnBlackSite,numberOfRobotsOnWhiteSite
17331,21,26
timeStep,numberOfRobotsOnBlackSite,numberOfRobotsOnWhiteSite
17332,21,26
timeStep,numberOfRobotsOnBlackSite,numberOfRobotsOnWhiteSite
17333,21,26
timeStep,numberOfRobotsOnBlackSite,numberOfRobotsOnWhiteSite
17334,21,26
timeStep,numberOfRobotsOnBlackSite,numberOfRobotsOnWhiteSite
17335,21,26
timeStep,numberOfRobotsOnBlackSite,numberOfRobotsOnWhiteSite
17336,21,26
timeStep,numberOfRobotsOnBlackSite,numberOfRobotsOnWhiteSite
17337,21,26
timeStep,numberOfRobotsOnBlackSite,numberOfRobotsOnWhiteSite
17338,21,26
timeStep,numberOfRobotsOnBlackSite,numberOfRobotsOnWhiteSite
17339,21,26
timeStep,numberOfRobotsOnBlackSite,numberOfRobotsOnWhiteSite
17340,21,26
timeStep,numberOfRobotsOnBlackSite,numberOfRobotsOnWhiteSite
17341,21,26
timeStep,numberOfRobotsOnBlackSite,numberOfRobotsOnWhiteSite
17342,21,26
timeStep,numberOfRobotsOnBlackSite,numberOfRobotsOnWhiteSite
17343,21,26
timeStep,numberOfRobotsOnBlackSite,numberOfRobotsOnWhiteSite
17344,21,26
timeStep,numberOfRobotsOnBlackSite,numberOfRobotsOnWhiteSite
17345,21,26
timeStep,numberOfRobotsOnBlackSite,numberOfRobotsOnWhiteSite
17346,21,26
timeStep,numberOfRobotsOnBlackSite,numberOfRobotsOnWhiteSite
17347,21,26
timeStep,numberOfRobotsOnBlackSite,numberOfRobotsOnWhiteSite
17348,21,26
timeStep,numberOfRobotsOnBlackSite,numberOfRobotsOnWhiteSite
17349,21,26
timeStep,numberOfRobotsOnBlackSite,numberOfRobotsOnWhiteSite
17350,21,26
timeStep,numberOfRobotsOnBlackSite,numberOfRobotsOnWhiteSite
17351,21,26
timeStep,numberOfRobotsOnBlackSite,numberOfRobotsOnWhiteSite
17352,21,26
timeStep,numberOfRobotsOnBlackSite,numberOfRobotsOnWhiteSite
17353,21,26
timeStep,numberOfRobotsOnBlackSite,numberOfRobotsOnWhiteSite
17354,21,26
timeStep,numberOfRobotsOnBlackSite,numberOfRobotsOnWhiteSite
17355,21,26
timeStep,numberOfRobotsOnBlackSite,numberOfRobotsOnWhiteSite
17356,21,26
timeStep,numberOfRobotsOnBlackSite,numberOfRobotsOnWhiteSite
17357,21,26
timeStep,numberOfRobotsOnBlackSite,numberOfRobotsOnWhiteSite
17358,21,26
timeStep,numberOfRobotsOnBlackSite,numberOfRobotsOnWhiteSite
17359,21,26
timeStep,numberOfRobotsOnBlackSite,numberOfRobotsOnWhiteSite
17360,21,26
timeStep,numberOfRobotsOnBlackSite,numberOfRobotsOnWhiteSite
17361,21,26
timeStep,numberOfRobotsOnBlackSite,numberOfRobotsOnWhiteSite
17362,21,26
timeStep,numberOfRobotsOnBlackSite,numberOfRobotsOnWhiteSite
17363,21,26
timeStep,numberOfRobotsOnBlackSite,numberOfRobotsOnWhiteSite
17364,21,26
timeStep,numberOfRobotsOnBlackSite,numberOfRobotsOnWhiteSite
17365,21,26
timeStep,numberOfRobotsOnBlackSite,numberOfRobotsOnWhiteSite
17366,21,26
timeStep,numberOfRobotsOnBlackSite,numberOfRobotsOnWhiteSite
17367,21,26
timeStep,numberOfRobotsOnBlackSite,numberOfRobotsOnWhiteSite
17368,21,26
timeStep,numberOfRobotsOnBlackSite,numberOfRobotsOnWhiteSite
17369,21,26
timeStep,numberOfRobotsOnBlackSite,numberOfRobotsOnWhiteSite
17370,21,26
timeStep,numberOfRobotsOnBlackSite,numberOfRobotsOnWhiteSite
17371,21,26
timeStep,numberOfRobotsOnBlackSite,numberOfRobotsOnWhiteSite
17372,21,26
timeStep,numberOfRobotsOnBlackSite,numberOfRobotsOnWhiteSite
17373,21,26
timeStep,numberOfRobotsOnBlackSite,numberOfRobotsOnWhiteSite
17374,21,26
timeStep,numberOfRobotsOnBlackSite,numberOfRobotsOnWhiteSite
17375,21,26
timeStep,numberOfRobotsOnBlackSite,numberOfRobotsOnWhiteSite
17376,21,26
timeStep,numberOfRobotsOnBlackSite,numberOfRobotsOnWhiteSite
17377,21,26
timeStep,numberOfRobotsOnBlackSite,numberOfRobotsOnWhiteSite
17378,21,26
timeStep,numberOfRobotsOnBlackSite,numberOfRobotsOnWhiteSite
17379,21,26
timeStep,numberOfRobotsOnBlackSite,numberOfRobotsOnWhiteSite
17380,21,26
timeStep,numberOfRobotsOnBlackSite,numberOfRobotsOnWhiteSite
17381,21,26
timeStep,numberOfRobotsOnBlackSite,numberOfRobotsOnWhiteSite
17382,21,26
timeStep,numberOfRobotsOnBlackSite,numberOfRobotsOnWhiteSite
17383,21,26
timeStep,numberOfRobotsOnBlackSite,numberOfRobotsOnWhiteSite
17384,21,26
timeStep,numberOfRobotsOnBlackSite,numberOfRobotsOnWhiteSite
17385,21,26
timeStep,numberOfRobotsOnBlackSite,numberOfRobotsOnWhiteSite
17386,21,26
timeStep,numberOfRobotsOnBlackSite,numberOfRobotsOnWhiteSite
17387,21,26
timeStep,numberOfRobotsOnBlackSite,numberOfRobotsOnWhiteSite
17388,21,26
timeStep,numberOfRobotsOnBlackSite,numberOfRobotsOnWhiteSite
17389,21,26
timeStep,numberOfRobotsOnBlackSite,numberOfRobotsOnWhiteSite
17390,21,26
timeStep,numberOfRobotsOnBlackSite,numberOfRobotsOnWhiteSite
17391,21,26
timeStep,numberOfRobotsOnBlackSite,numberOfRobotsOnWhiteSite
17392,21,26
timeStep,numberOfRobotsOnBlackSite,numberOfRobotsOnWhiteSite
17393,21,26
timeStep,numberOfRobotsOnBlackSite,numberOfRobotsOnWhiteSite
17394,21,26
timeStep,numberOfRobotsOnBlackSite,numberOfRobotsOnWhiteSite
17395,21,26
timeStep,numberOfRobotsOnBlackSite,numberOfRobotsOnWhiteSite
17396,21,26
timeStep,numberOfRobotsOnBlackSite,numberOfRobotsOnWhiteSite
17397,21,26
timeStep,numberOfRobotsOnBlackSite,numberOfRobotsOnWhiteSite
17398,21,26
timeStep,numberOfRobotsOnBlackSite,numberOfRobotsOnWhiteSite
17399,21,26
timeStep,numberOfRobotsOnBlackSite,numberOfRobotsOnWhiteSite
17400,21,26
timeStep,numberOfRobotsOnBlackSite,numberOfRobotsOnWhiteSite
17401,21,26
timeStep,numberOfRobotsOnBlackSite,numberOfRobotsOnWhiteSite
17402,21,26
timeStep,numberOfRobotsOnBlackSite,numberOfRobotsOnWhiteSite
17403,21,26
timeStep,numberOfRobotsOnBlackSite,numberOfRobotsOnWhiteSite
17404,21,26
timeStep,numberOfRobotsOnBlackSite,numberOfRobotsOnWhiteSite
17405,21,26
timeStep,numberOfRobotsOnBlackSite,numberOfRobotsOnWhiteSite
17406,21,26
timeStep,numberOfRobotsOnBlackSite,numberOfRobotsOnWhiteSite
17407,21,26
timeStep,numberOfRobotsOnBlackSite,numberOfRobotsOnWhiteSite
17408,21,26
timeStep,numberOfRobotsOnBlackSite,numberOfRobotsOnWhiteSite
17409,21,26
timeStep,numberOfRobotsOnBlackSite,numberOfRobotsOnWhiteSite
17410,21,26
timeStep,numberOfRobotsOnBlackSite,numberOfRobotsOnWhiteSite
17411,21,26
timeStep,numberOfRobotsOnBlackSite,numberOfRobotsOnWhiteSite
17412,21,26
timeStep,numberOfRobotsOnBlackSite,numberOfRobotsOnWhiteSite
17413,21,26
timeStep,numberOfRobotsOnBlackSite,numberOfRobotsOnWhiteSite
17414,21,26
timeStep,numberOfRobotsOnBlackSite,numberOfRobotsOnWhiteSite
17415,21,26
timeStep,numberOfRobotsOnBlackSite,numberOfRobotsOnWhiteSite
17416,21,26
timeStep,numberOfRobotsOnBlackSite,numberOfRobotsOnWhiteSite
17417,21,26
timeStep,numberOfRobotsOnBlackSite,numberOfRobotsOnWhiteSite
17418,21,26
timeStep,numberOfRobotsOnBlackSite,numberOfRobotsOnWhiteSite
17419,21,26
timeStep,numberOfRobotsOnBlackSite,numberOfRobotsOnWhiteSite
17420,21,26
timeStep,numberOfRobotsOnBlackSite,numberOfRobotsOnWhiteSite
17421,21,26
timeStep,numberOfRobotsOnBlackSite,numberOfRobotsOnWhiteSite
17422,21,26
timeStep,numberOfRobotsOnBlackSite,numberOfRobotsOnWhiteSite
17423,21,26
timeStep,numberOfRobotsOnBlackSite,numberOfRobotsOnWhiteSite
17424,21,26
timeStep,numberOfRobotsOnBlackSite,numberOfRobotsOnWhiteSite
17425,21,26
timeStep,numberOfRobotsOnBlackSite,numberOfRobotsOnWhiteSite
17426,21,26
timeStep,numberOfRobotsOnBlackSite,numberOfRobotsOnWhiteSite
17427,21,26
timeStep,numberOfRobotsOnBlackSite,numberOfRobotsOnWhiteSite
17428,21,26
timeStep,numberOfRobotsOnBlackSite,numberOfRobotsOnWhiteSite
17429,21,26
timeStep,numberOfRobotsOnBlackSite,numberOfRobotsOnWhiteSite
17430,21,26
timeStep,numberOfRobotsOnBlackSite,numberOfRobotsOnWhiteSite
17431,21,26
timeStep,numberOfRobotsOnBlackSite,numberOfRobotsOnWhiteSite
17432,21,26
timeStep,numberOfRobotsOnBlackSite,numberOfRobotsOnWhiteSite
17433,21,26
timeStep,numberOfRobotsOnBlackSite,numberOfRobotsOnWhiteSite
17434,21,26
timeStep,numberOfRobotsOnBlackSite,numberOfRobotsOnWhiteSite
17435,21,26
timeStep,numberOfRobotsOnBlackSite,numberOfRobotsOnWhiteSite
17436,21,26
timeStep,numberOfRobotsOnBlackSite,numberOfRobotsOnWhiteSite
17437,21,26
timeStep,numberOfRobotsOnBlackSite,numberOfRobotsOnWhiteSite
17438,21,26
timeStep,numberOfRobotsOnBlackSite,numberOfRobotsOnWhiteSite
17439,21,26
timeStep,numberOfRobotsOnBlackSite,numberOfRobotsOnWhiteSite
17440,21,26
timeStep,numberOfRobotsOnBlackSite,numberOfRobotsOnWhiteSite
17441,21,26
timeStep,numberOfRobotsOnBlackSite,numberOfRobotsOnWhiteSite
17442,21,26
timeStep,numberOfRobotsOnBlackSite,numberOfRobotsOnWhiteSite
17443,21,26
timeStep,numberOfRobotsOnBlackSite,numberOfRobotsOnWhiteSite
17444,21,26
timeStep,numberOfRobotsOnBlackSite,numberOfRobotsOnWhiteSite
17445,21,25
timeStep,numberOfRobotsOnBlackSite,numberOfRobotsOnWhiteSite
17446,21,25
timeStep,numberOfRobotsOnBlackSite,numberOfRobotsOnWhiteSite
17447,21,25
timeStep,numberOfRobotsOnBlackSite,numberOfRobotsOnWhiteSite
17448,21,25
timeStep,numberOfRobotsOnBlackSite,numberOfRobotsOnWhiteSite
17449,21,25
timeStep,numberOfRobotsOnBlackSite,numberOfRobotsOnWhiteSite
17450,21,25
timeStep,numberOfRobotsOnBlackSite,numberOfRobotsOnWhiteSite
17451,21,25
timeStep,numberOfRobotsOnBlackSite,numberOfRobotsOnWhiteSite
17452,21,25
timeStep,numberOfRobotsOnBlackSite,numberOfRobotsOnWhiteSite
17453,21,25
timeStep,numberOfRobotsOnBlackSite,numberOfRobotsOnWhiteSite
17454,21,25
timeStep,numberOfRobotsOnBlackSite,numberOfRobotsOnWhiteSite
17455,21,25
timeStep,numberOfRobotsOnBlackSite,numberOfRobotsOnWhiteSite
17456,21,25
timeStep,numberOfRobotsOnBlackSite,numberOfRobotsOnWhiteSite
17457,21,25
timeStep,numberOfRobotsOnBlackSite,numberOfRobotsOnWhiteSite
17458,21,25
timeStep,numberOfRobotsOnBlackSite,numberOfRobotsOnWhiteSite
17459,21,25
timeStep,numberOfRobotsOnBlackSite,numberOfRobotsOnWhiteSite
17460,21,25
timeStep,numberOfRobotsOnBlackSite,numberOfRobotsOnWhiteSite
17461,21,25
timeStep,numberOfRobotsOnBlackSite,numberOfRobotsOnWhiteSite
17462,21,25
timeStep,numberOfRobotsOnBlackSite,numberOfRobotsOnWhiteSite
17463,21,25
timeStep,numberOfRobotsOnBlackSite,numberOfRobotsOnWhiteSite
17464,21,25
timeStep,numberOfRobotsOnBlackSite,numberOfRobotsOnWhiteSite
17465,21,25
timeStep,numberOfRobotsOnBlackSite,numberOfRobotsOnWhiteSite
17466,21,25
timeStep,numberOfRobotsOnBlackSite,numberOfRobotsOnWhiteSite
17467,21,25
timeStep,numberOfRobotsOnBlackSite,numberOfRobotsOnWhiteSite
17468,21,25
timeStep,numberOfRobotsOnBlackSite,numberOfRobotsOnWhiteSite
17469,21,25
timeStep,numberOfRobotsOnBlackSite,numberOfRobotsOnWhiteSite
17470,21,25
timeStep,numberOfRobotsOnBlackSite,numberOfRobotsOnWhiteSite
17471,21,25
timeStep,numberOfRobotsOnBlackSite,numberOfRobotsOnWhiteSite
17472,21,25
timeStep,numberOfRobotsOnBlackSite,numberOfRobotsOnWhiteSite
17473,21,25
timeStep,numberOfRobotsOnBlackSite,numberOfRobotsOnWhiteSite
17474,21,25
timeStep,numberOfRobotsOnBlackSite,numberOfRobotsOnWhiteSite
17475,21,25
timeStep,numberOfRobotsOnBlackSite,numberOfRobotsOnWhiteSite
17476,21,25
timeStep,numberOfRobotsOnBlackSite,numberOfRobotsOnWhiteSite
17477,21,25
timeStep,numberOfRobotsOnBlackSite,numberOfRobotsOnWhiteSite
17478,21,25
timeStep,numberOfRobotsOnBlackSite,numberOfRobotsOnWhiteSite
17479,21,25
timeStep,numberOfRobotsOnBlackSite,numberOfRobotsOnWhiteSite
17480,21,25
timeStep,numberOfRobotsOnBlackSite,numberOfRobotsOnWhiteSite
17481,21,25
timeStep,numberOfRobotsOnBlackSite,numberOfRobotsOnWhiteSite
17482,21,25
timeStep,numberOfRobotsOnBlackSite,numberOfRobotsOnWhiteSite
17483,21,25
timeStep,numberOfRobotsOnBlackSite,numberOfRobotsOnWhiteSite
17484,21,25
timeStep,numberOfRobotsOnBlackSite,numberOfRobotsOnWhiteSite
17485,21,25
timeStep,numberOfRobotsOnBlackSite,numberOfRobotsOnWhiteSite
17486,21,25
timeStep,numberOfRobotsOnBlackSite,numberOfRobotsOnWhiteSite
17487,21,25
timeStep,numberOfRobotsOnBlackSite,numberOfRobotsOnWhiteSite
17488,21,25
timeStep,numberOfRobotsOnBlackSite,numberOfRobotsOnWhiteSite
17489,21,25
timeStep,numberOfRobotsOnBlackSite,numberOfRobotsOnWhiteSite
17490,21,25
timeStep,numberOfRobotsOnBlackSite,numberOfRobotsOnWhiteSite
17491,21,25
timeStep,numberOfRobotsOnBlackSite,numberOfRobotsOnWhiteSite
17492,21,25
timeStep,numberOfRobotsOnBlackSite,numberOfRobotsOnWhiteSite
17493,21,25
timeStep,numberOfRobotsOnBlackSite,numberOfRobotsOnWhiteSite
17494,21,25
timeStep,numberOfRobotsOnBlackSite,numberOfRobotsOnWhiteSite
17495,21,25
timeStep,numberOfRobotsOnBlackSite,numberOfRobotsOnWhiteSite
17496,21,25
timeStep,numberOfRobotsOnBlackSite,numberOfRobotsOnWhiteSite
17497,21,25
timeStep,numberOfRobotsOnBlackSite,numberOfRobotsOnWhiteSite
17498,21,25
timeStep,numberOfRobotsOnBlackSite,numberOfRobotsOnWhiteSite
17499,21,25
timeStep,numberOfRobotsOnBlackSite,numberOfRobotsOnWhiteSite
17500,21,25
timeStep,numberOfRobotsOnBlackSite,numberOfRobotsOnWhiteSite
17501,21,25
timeStep,numberOfRobotsOnBlackSite,numberOfRobotsOnWhiteSite
17502,21,25
timeStep,numberOfRobotsOnBlackSite,numberOfRobotsOnWhiteSite
17503,21,25
timeStep,numberOfRobotsOnBlackSite,numberOfRobotsOnWhiteSite
17504,21,25
timeStep,numberOfRobotsOnBlackSite,numberOfRobotsOnWhiteSite
17505,21,25
timeStep,numberOfRobotsOnBlackSite,numberOfRobotsOnWhiteSite
17506,21,25
timeStep,numberOfRobotsOnBlackSite,numberOfRobotsOnWhiteSite
17507,21,25
timeStep,numberOfRobotsOnBlackSite,numberOfRobotsOnWhiteSite
17508,21,25
timeStep,numberOfRobotsOnBlackSite,numberOfRobotsOnWhiteSite
17509,21,25
timeStep,numberOfRobotsOnBlackSite,numberOfRobotsOnWhiteSite
17510,21,25
timeStep,numberOfRobotsOnBlackSite,numberOfRobotsOnWhiteSite
17511,21,25
timeStep,numberOfRobotsOnBlackSite,numberOfRobotsOnWhiteSite
17512,21,25
timeStep,numberOfRobotsOnBlackSite,numberOfRobotsOnWhiteSite
17513,21,25
timeStep,numberOfRobotsOnBlackSite,numberOfRobotsOnWhiteSite
17514,21,25
timeStep,numberOfRobotsOnBlackSite,numberOfRobotsOnWhiteSite
17515,21,25
timeStep,numberOfRobotsOnBlackSite,numberOfRobotsOnWhiteSite
17516,21,25
timeStep,numberOfRobotsOnBlackSite,numberOfRobotsOnWhiteSite
17517,21,25
timeStep,numberOfRobotsOnBlackSite,numberOfRobotsOnWhiteSite
17518,21,25
timeStep,numberOfRobotsOnBlackSite,numberOfRobotsOnWhiteSite
17519,21,25
timeStep,numberOfRobotsOnBlackSite,numberOfRobotsOnWhiteSite
17520,21,25
timeStep,numberOfRobotsOnBlackSite,numberOfRobotsOnWhiteSite
17521,21,25
timeStep,numberOfRobotsOnBlackSite,numberOfRobotsOnWhiteSite
17522,21,25
timeStep,numberOfRobotsOnBlackSite,numberOfRobotsOnWhiteSite
17523,21,25
timeStep,numberOfRobotsOnBlackSite,numberOfRobotsOnWhiteSite
17524,21,25
timeStep,numberOfRobotsOnBlackSite,numberOfRobotsOnWhiteSite
17525,21,25
timeStep,numberOfRobotsOnBlackSite,numberOfRobotsOnWhiteSite
17526,21,25
timeStep,numberOfRobotsOnBlackSite,numberOfRobotsOnWhiteSite
17527,21,25
timeStep,numberOfRobotsOnBlackSite,numberOfRobotsOnWhiteSite
17528,21,25
timeStep,numberOfRobotsOnBlackSite,numberOfRobotsOnWhiteSite
17529,21,25
timeStep,numberOfRobotsOnBlackSite,numberOfRobotsOnWhiteSite
17530,21,25
timeStep,numberOfRobotsOnBlackSite,numberOfRobotsOnWhiteSite
17531,21,25
timeStep,numberOfRobotsOnBlackSite,numberOfRobotsOnWhiteSite
17532,21,25
timeStep,numberOfRobotsOnBlackSite,numberOfRobotsOnWhiteSite
17533,21,25
timeStep,numberOfRobotsOnBlackSite,numberOfRobotsOnWhiteSite
17534,21,25
timeStep,numberOfRobotsOnBlackSite,numberOfRobotsOnWhiteSite
17535,21,25
timeStep,numberOfRobotsOnBlackSite,numberOfRobotsOnWhiteSite
17536,21,25
timeStep,numberOfRobotsOnBlackSite,numberOfRobotsOnWhiteSite
17537,21,25
timeStep,numberOfRobotsOnBlackSite,numberOfRobotsOnWhiteSite
17538,21,25
timeStep,numberOfRobotsOnBlackSite,numberOfRobotsOnWhiteSite
17539,21,25
timeStep,numberOfRobotsOnBlackSite,numberOfRobotsOnWhiteSite
17540,21,25
timeStep,numberOfRobotsOnBlackSite,numberOfRobotsOnWhiteSite
17541,21,25
timeStep,numberOfRobotsOnBlackSite,numberOfRobotsOnWhiteSite
17542,21,25
timeStep,numberOfRobotsOnBlackSite,numberOfRobotsOnWhiteSite
17543,21,25
timeStep,numberOfRobotsOnBlackSite,numberOfRobotsOnWhiteSite
17544,21,25
timeStep,numberOfRobotsOnBlackSite,numberOfRobotsOnWhiteSite
17545,20,25
timeStep,numberOfRobotsOnBlackSite,numberOfRobotsOnWhiteSite
17546,20,25
timeStep,numberOfRobotsOnBlackSite,numberOfRobotsOnWhiteSite
17547,20,25
timeStep,numberOfRobotsOnBlackSite,numberOfRobotsOnWhiteSite
17548,20,25
timeStep,numberOfRobotsOnBlackSite,numberOfRobotsOnWhiteSite
17549,20,25
timeStep,numberOfRobotsOnBlackSite,numberOfRobotsOnWhiteSite
17550,20,25
timeStep,numberOfRobotsOnBlackSite,numberOfRobotsOnWhiteSite
17551,20,25
timeStep,numberOfRobotsOnBlackSite,numberOfRobotsOnWhiteSite
17552,20,25
timeStep,numberOfRobotsOnBlackSite,numberOfRobotsOnWhiteSite
17553,20,25
timeStep,numberOfRobotsOnBlackSite,numberOfRobotsOnWhiteSite
17554,20,25
timeStep,numberOfRobotsOnBlackSite,numberOfRobotsOnWhiteSite
17555,20,25
timeStep,numberOfRobotsOnBlackSite,numberOfRobotsOnWhiteSite
17556,20,25
timeStep,numberOfRobotsOnBlackSite,numberOfRobotsOnWhiteSite
17557,20,25
timeStep,numberOfRobotsOnBlackSite,numberOfRobotsOnWhiteSite
17558,20,25
timeStep,numberOfRobotsOnBlackSite,numberOfRobotsOnWhiteSite
17559,20,25
timeStep,numberOfRobotsOnBlackSite,numberOfRobotsOnWhiteSite
17560,20,25
timeStep,numberOfRobotsOnBlackSite,numberOfRobotsOnWhiteSite
17561,20,25
timeStep,numberOfRobotsOnBlackSite,numberOfRobotsOnWhiteSite
17562,20,25
timeStep,numberOfRobotsOnBlackSite,numberOfRobotsOnWhiteSite
17563,20,25
timeStep,numberOfRobotsOnBlackSite,numberOfRobotsOnWhiteSite
17564,20,25
timeStep,numberOfRobotsOnBlackSite,numberOfRobotsOnWhiteSite
17565,20,25
timeStep,numberOfRobotsOnBlackSite,numberOfRobotsOnWhiteSite
17566,20,25
timeStep,numberOfRobotsOnBlackSite,numberOfRobotsOnWhiteSite
17567,20,25
timeStep,numberOfRobotsOnBlackSite,numberOfRobotsOnWhiteSite
17568,20,25
timeStep,numberOfRobotsOnBlackSite,numberOfRobotsOnWhiteSite
17569,20,25
timeStep,numberOfRobotsOnBlackSite,numberOfRobotsOnWhiteSite
17570,20,25
timeStep,numberOfRobotsOnBlackSite,numberOfRobotsOnWhiteSite
17571,20,25
timeStep,numberOfRobotsOnBlackSite,numberOfRobotsOnWhiteSite
17572,20,25
timeStep,numberOfRobotsOnBlackSite,numberOfRobotsOnWhiteSite
17573,20,25
timeStep,numberOfRobotsOnBlackSite,numberOfRobotsOnWhiteSite
17574,20,25
timeStep,numberOfRobotsOnBlackSite,numberOfRobotsOnWhiteSite
17575,20,25
timeStep,numberOfRobotsOnBlackSite,numberOfRobotsOnWhiteSite
17576,20,25
timeStep,numberOfRobotsOnBlackSite,numberOfRobotsOnWhiteSite
17577,20,25
timeStep,numberOfRobotsOnBlackSite,numberOfRobotsOnWhiteSite
17578,20,25
timeStep,numberOfRobotsOnBlackSite,numberOfRobotsOnWhiteSite
17579,20,25
timeStep,numberOfRobotsOnBlackSite,numberOfRobotsOnWhiteSite
17580,20,25
timeStep,numberOfRobotsOnBlackSite,numberOfRobotsOnWhiteSite
17581,20,25
timeStep,numberOfRobotsOnBlackSite,numberOfRobotsOnWhiteSite
17582,20,25
timeStep,numberOfRobotsOnBlackSite,numberOfRobotsOnWhiteSite
17583,20,25
timeStep,numberOfRobotsOnBlackSite,numberOfRobotsOnWhiteSite
17584,20,25
timeStep,numberOfRobotsOnBlackSite,numberOfRobotsOnWhiteSite
17585,20,25
timeStep,numberOfRobotsOnBlackSite,numberOfRobotsOnWhiteSite
17586,20,25
timeStep,numberOfRobotsOnBlackSite,numberOfRobotsOnWhiteSite
17587,20,25
timeStep,numberOfRobotsOnBlackSite,numberOfRobotsOnWhiteSite
17588,20,25
timeStep,numberOfRobotsOnBlackSite,numberOfRobotsOnWhiteSite
17589,20,25
timeStep,numberOfRobotsOnBlackSite,numberOfRobotsOnWhiteSite
17590,20,25
timeStep,numberOfRobotsOnBlackSite,numberOfRobotsOnWhiteSite
17591,20,25
timeStep,numberOfRobotsOnBlackSite,numberOfRobotsOnWhiteSite
17592,20,25
timeStep,numberOfRobotsOnBlackSite,numberOfRobotsOnWhiteSite
17593,20,25
timeStep,numberOfRobotsOnBlackSite,numberOfRobotsOnWhiteSite
17594,20,25
timeStep,numberOfRobotsOnBlackSite,numberOfRobotsOnWhiteSite
17595,20,25
timeStep,numberOfRobotsOnBlackSite,numberOfRobotsOnWhiteSite
17596,20,25
timeStep,numberOfRobotsOnBlackSite,numberOfRobotsOnWhiteSite
17597,20,25
timeStep,numberOfRobotsOnBlackSite,numberOfRobotsOnWhiteSite
17598,20,25
timeStep,numberOfRobotsOnBlackSite,numberOfRobotsOnWhiteSite
17599,20,25
timeStep,numberOfRobotsOnBlackSite,numberOfRobotsOnWhiteSite
17600,20,25
timeStep,numberOfRobotsOnBlackSite,numberOfRobotsOnWhiteSite
17601,20,25
timeStep,numberOfRobotsOnBlackSite,numberOfRobotsOnWhiteSite
17602,20,25
timeStep,numberOfRobotsOnBlackSite,numberOfRobotsOnWhiteSite
17603,20,25
timeStep,numberOfRobotsOnBlackSite,numberOfRobotsOnWhiteSite
17604,20,25
timeStep,numberOfRobotsOnBlackSite,numberOfRobotsOnWhiteSite
17605,20,25
timeStep,numberOfRobotsOnBlackSite,numberOfRobotsOnWhiteSite
17606,20,25
timeStep,numberOfRobotsOnBlackSite,numberOfRobotsOnWhiteSite
17607,20,25
timeStep,numberOfRobotsOnBlackSite,numberOfRobotsOnWhiteSite
17608,20,25
timeStep,numberOfRobotsOnBlackSite,numberOfRobotsOnWhiteSite
17609,20,25
timeStep,numberOfRobotsOnBlackSite,numberOfRobotsOnWhiteSite
17610,20,25
timeStep,numberOfRobotsOnBlackSite,numberOfRobotsOnWhiteSite
17611,20,25
timeStep,numberOfRobotsOnBlackSite,numberOfRobotsOnWhiteSite
17612,20,25
timeStep,numberOfRobotsOnBlackSite,numberOfRobotsOnWhiteSite
17613,20,25
timeStep,numberOfRobotsOnBlackSite,numberOfRobotsOnWhiteSite
17614,20,25
timeStep,numberOfRobotsOnBlackSite,numberOfRobotsOnWhiteSite
17615,20,25
timeStep,numberOfRobotsOnBlackSite,numberOfRobotsOnWhiteSite
17616,20,25
timeStep,numberOfRobotsOnBlackSite,numberOfRobotsOnWhiteSite
17617,20,25
timeStep,numberOfRobotsOnBlackSite,numberOfRobotsOnWhiteSite
17618,20,25
timeStep,numberOfRobotsOnBlackSite,numberOfRobotsOnWhiteSite
17619,20,25
timeStep,numberOfRobotsOnBlackSite,numberOfRobotsOnWhiteSite
17620,20,25
timeStep,numberOfRobotsOnBlackSite,numberOfRobotsOnWhiteSite
17621,20,25
timeStep,numberOfRobotsOnBlackSite,numberOfRobotsOnWhiteSite
17622,20,25
timeStep,numberOfRobotsOnBlackSite,numberOfRobotsOnWhiteSite
17623,20,25
timeStep,numberOfRobotsOnBlackSite,numberOfRobotsOnWhiteSite
17624,20,25
timeStep,numberOfRobotsOnBlackSite,numberOfRobotsOnWhiteSite
17625,20,25
timeStep,numberOfRobotsOnBlackSite,numberOfRobotsOnWhiteSite
17626,20,25
timeStep,numberOfRobotsOnBlackSite,numberOfRobotsOnWhiteSite
17627,20,25
timeStep,numberOfRobotsOnBlackSite,numberOfRobotsOnWhiteSite
17628,20,25
timeStep,numberOfRobotsOnBlackSite,numberOfRobotsOnWhiteSite
17629,20,25
timeStep,numberOfRobotsOnBlackSite,numberOfRobotsOnWhiteSite
17630,20,25
timeStep,numberOfRobotsOnBlackSite,numberOfRobotsOnWhiteSite
17631,20,25
timeStep,numberOfRobotsOnBlackSite,numberOfRobotsOnWhiteSite
17632,20,25
timeStep,numberOfRobotsOnBlackSite,numberOfRobotsOnWhiteSite
17633,20,25
timeStep,numberOfRobotsOnBlackSite,numberOfRobotsOnWhiteSite
17634,20,25
timeStep,numberOfRobotsOnBlackSite,numberOfRobotsOnWhiteSite
17635,20,25
timeStep,numberOfRobotsOnBlackSite,numberOfRobotsOnWhiteSite
17636,20,25
timeStep,numberOfRobotsOnBlackSite,numberOfRobotsOnWhiteSite
17637,20,25
timeStep,numberOfRobotsOnBlackSite,numberOfRobotsOnWhiteSite
17638,20,25
timeStep,numberOfRobotsOnBlackSite,numberOfRobotsOnWhiteSite
17639,20,25
timeStep,numberOfRobotsOnBlackSite,numberOfRobotsOnWhiteSite
17640,20,25
timeStep,numberOfRobotsOnBlackSite,numberOfRobotsOnWhiteSite
17641,20,25
timeStep,numberOfRobotsOnBlackSite,numberOfRobotsOnWhiteSite
17642,20,25
timeStep,numberOfRobotsOnBlackSite,numberOfRobotsOnWhiteSite
17643,20,25
timeStep,numberOfRobotsOnBlackSite,numberOfRobotsOnWhiteSite
17644,20,25
timeStep,numberOfRobotsOnBlackSite,numberOfRobotsOnWhiteSite
17645,20,25
timeStep,numberOfRobotsOnBlackSite,numberOfRobotsOnWhiteSite
17646,20,25
timeStep,numberOfRobotsOnBlackSite,numberOfRobotsOnWhiteSite
17647,20,25
timeStep,numberOfRobotsOnBlackSite,numberOfRobotsOnWhiteSite
17648,20,25
timeStep,numberOfRobotsOnBlackSite,numberOfRobotsOnWhiteSite
17649,20,25
timeStep,numberOfRobotsOnBlackSite,numberOfRobotsOnWhiteSite
17650,20,25
timeStep,numberOfRobotsOnBlackSite,numberOfRobotsOnWhiteSite
17651,20,25
timeStep,numberOfRobotsOnBlackSite,numberOfRobotsOnWhiteSite
17652,20,25
timeStep,numberOfRobotsOnBlackSite,numberOfRobotsOnWhiteSite
17653,20,25
timeStep,numberOfRobotsOnBlackSite,numberOfRobotsOnWhiteSite
17654,20,25
timeStep,numberOfRobotsOnBlackSite,numberOfRobotsOnWhiteSite
17655,20,25
timeStep,numberOfRobotsOnBlackSite,numberOfRobotsOnWhiteSite
17656,20,25
timeStep,numberOfRobotsOnBlackSite,numberOfRobotsOnWhiteSite
17657,20,25
timeStep,numberOfRobotsOnBlackSite,numberOfRobotsOnWhiteSite
17658,20,25
timeStep,numberOfRobotsOnBlackSite,numberOfRobotsOnWhiteSite
17659,20,25
timeStep,numberOfRobotsOnBlackSite,numberOfRobotsOnWhiteSite
17660,20,25
timeStep,numberOfRobotsOnBlackSite,numberOfRobotsOnWhiteSite
17661,20,25
timeStep,numberOfRobotsOnBlackSite,numberOfRobotsOnWhiteSite
17662,20,25
timeStep,numberOfRobotsOnBlackSite,numberOfRobotsOnWhiteSite
17663,20,25
timeStep,numberOfRobotsOnBlackSite,numberOfRobotsOnWhiteSite
17664,20,25
timeStep,numberOfRobotsOnBlackSite,numberOfRobotsOnWhiteSite
17665,19,25
timeStep,numberOfRobotsOnBlackSite,numberOfRobotsOnWhiteSite
17666,19,25
timeStep,numberOfRobotsOnBlackSite,numberOfRobotsOnWhiteSite
17667,19,25
timeStep,numberOfRobotsOnBlackSite,numberOfRobotsOnWhiteSite
17668,19,25
timeStep,numberOfRobotsOnBlackSite,numberOfRobotsOnWhiteSite
17669,19,25
timeStep,numberOfRobotsOnBlackSite,numberOfRobotsOnWhiteSite
17670,19,25
timeStep,numberOfRobotsOnBlackSite,numberOfRobotsOnWhiteSite
17671,19,25
timeStep,numberOfRobotsOnBlackSite,numberOfRobotsOnWhiteSite
17672,19,25
timeStep,numberOfRobotsOnBlackSite,numberOfRobotsOnWhiteSite
17673,19,25
timeStep,numberOfRobotsOnBlackSite,numberOfRobotsOnWhiteSite
17674,19,25
timeStep,numberOfRobotsOnBlackSite,numberOfRobotsOnWhiteSite
17675,19,25
timeStep,numberOfRobotsOnBlackSite,numberOfRobotsOnWhiteSite
17676,19,25
timeStep,numberOfRobotsOnBlackSite,numberOfRobotsOnWhiteSite
17677,19,25
timeStep,numberOfRobotsOnBlackSite,numberOfRobotsOnWhiteSite
17678,19,25
timeStep,numberOfRobotsOnBlackSite,numberOfRobotsOnWhiteSite
17679,19,25
timeStep,numberOfRobotsOnBlackSite,numberOfRobotsOnWhiteSite
17680,19,25
timeStep,numberOfRobotsOnBlackSite,numberOfRobotsOnWhiteSite
17681,19,25
timeStep,numberOfRobotsOnBlackSite,numberOfRobotsOnWhiteSite
17682,19,25
timeStep,numberOfRobotsOnBlackSite,numberOfRobotsOnWhiteSite
17683,19,25
timeStep,numberOfRobotsOnBlackSite,numberOfRobotsOnWhiteSite
17684,19,25
timeStep,numberOfRobotsOnBlackSite,numberOfRobotsOnWhiteSite
17685,19,25
timeStep,numberOfRobotsOnBlackSite,numberOfRobotsOnWhiteSite
17686,19,25
timeStep,numberOfRobotsOnBlackSite,numberOfRobotsOnWhiteSite
17687,19,25
timeStep,numberOfRobotsOnBlackSite,numberOfRobotsOnWhiteSite
17688,19,25
timeStep,numberOfRobotsOnBlackSite,numberOfRobotsOnWhiteSite
17689,19,25
timeStep,numberOfRobotsOnBlackSite,numberOfRobotsOnWhiteSite
17690,19,25
timeStep,numberOfRobotsOnBlackSite,numberOfRobotsOnWhiteSite
17691,19,25
timeStep,numberOfRobotsOnBlackSite,numberOfRobotsOnWhiteSite
17692,19,25
timeStep,numberOfRobotsOnBlackSite,numberOfRobotsOnWhiteSite
17693,19,25
timeStep,numberOfRobotsOnBlackSite,numberOfRobotsOnWhiteSite
17694,19,25
timeStep,numberOfRobotsOnBlackSite,numberOfRobotsOnWhiteSite
17695,19,25
timeStep,numberOfRobotsOnBlackSite,numberOfRobotsOnWhiteSite
17696,19,25
timeStep,numberOfRobotsOnBlackSite,numberOfRobotsOnWhiteSite
17697,19,25
timeStep,numberOfRobotsOnBlackSite,numberOfRobotsOnWhiteSite
17698,19,25
timeStep,numberOfRobotsOnBlackSite,numberOfRobotsOnWhiteSite
17699,19,25
timeStep,numberOfRobotsOnBlackSite,numberOfRobotsOnWhiteSite
17700,19,25
timeStep,numberOfRobotsOnBlackSite,numberOfRobotsOnWhiteSite
17701,19,25
timeStep,numberOfRobotsOnBlackSite,numberOfRobotsOnWhiteSite
17702,19,25
timeStep,numberOfRobotsOnBlackSite,numberOfRobotsOnWhiteSite
17703,19,25
timeStep,numberOfRobotsOnBlackSite,numberOfRobotsOnWhiteSite
17704,19,25
timeStep,numberOfRobotsOnBlackSite,numberOfRobotsOnWhiteSite
17705,19,25
timeStep,numberOfRobotsOnBlackSite,numberOfRobotsOnWhiteSite
17706,19,25
timeStep,numberOfRobotsOnBlackSite,numberOfRobotsOnWhiteSite
17707,19,25
timeStep,numberOfRobotsOnBlackSite,numberOfRobotsOnWhiteSite
17708,19,25
timeStep,numberOfRobotsOnBlackSite,numberOfRobotsOnWhiteSite
17709,19,25
timeStep,numberOfRobotsOnBlackSite,numberOfRobotsOnWhiteSite
17710,19,25
timeStep,numberOfRobotsOnBlackSite,numberOfRobotsOnWhiteSite
17711,19,25
timeStep,numberOfRobotsOnBlackSite,numberOfRobotsOnWhiteSite
17712,19,25
timeStep,numberOfRobotsOnBlackSite,numberOfRobotsOnWhiteSite
17713,19,25
timeStep,numberOfRobotsOnBlackSite,numberOfRobotsOnWhiteSite
17714,19,25
timeStep,numberOfRobotsOnBlackSite,numberOfRobotsOnWhiteSite
17715,19,25
timeStep,numberOfRobotsOnBlackSite,numberOfRobotsOnWhiteSite
17716,19,25
timeStep,numberOfRobotsOnBlackSite,numberOfRobotsOnWhiteSite
17717,19,25
timeStep,numberOfRobotsOnBlackSite,numberOfRobotsOnWhiteSite
17718,19,25
timeStep,numberOfRobotsOnBlackSite,numberOfRobotsOnWhiteSite
17719,19,25
timeStep,numberOfRobotsOnBlackSite,numberOfRobotsOnWhiteSite
17720,19,25
timeStep,numberOfRobotsOnBlackSite,numberOfRobotsOnWhiteSite
17721,19,25
timeStep,numberOfRobotsOnBlackSite,numberOfRobotsOnWhiteSite
17722,19,25
timeStep,numberOfRobotsOnBlackSite,numberOfRobotsOnWhiteSite
17723,19,25
timeStep,numberOfRobotsOnBlackSite,numberOfRobotsOnWhiteSite
17724,19,25
timeStep,numberOfRobotsOnBlackSite,numberOfRobotsOnWhiteSite
17725,19,25
timeStep,numberOfRobotsOnBlackSite,numberOfRobotsOnWhiteSite
17726,19,25
timeStep,numberOfRobotsOnBlackSite,numberOfRobotsOnWhiteSite
17727,19,25
timeStep,numberOfRobotsOnBlackSite,numberOfRobotsOnWhiteSite
17728,19,25
timeStep,numberOfRobotsOnBlackSite,numberOfRobotsOnWhiteSite
17729,19,25
timeStep,numberOfRobotsOnBlackSite,numberOfRobotsOnWhiteSite
17730,19,25
timeStep,numberOfRobotsOnBlackSite,numberOfRobotsOnWhiteSite
17731,19,25
timeStep,numberOfRobotsOnBlackSite,numberOfRobotsOnWhiteSite
17732,19,25
timeStep,numberOfRobotsOnBlackSite,numberOfRobotsOnWhiteSite
17733,19,25
timeStep,numberOfRobotsOnBlackSite,numberOfRobotsOnWhiteSite
17734,19,25
timeStep,numberOfRobotsOnBlackSite,numberOfRobotsOnWhiteSite
17735,19,25
timeStep,numberOfRobotsOnBlackSite,numberOfRobotsOnWhiteSite
17736,19,25
timeStep,numberOfRobotsOnBlackSite,numberOfRobotsOnWhiteSite
17737,19,25
timeStep,numberOfRobotsOnBlackSite,numberOfRobotsOnWhiteSite
17738,19,25
timeStep,numberOfRobotsOnBlackSite,numberOfRobotsOnWhiteSite
17739,19,25
timeStep,numberOfRobotsOnBlackSite,numberOfRobotsOnWhiteSite
17740,19,25
timeStep,numberOfRobotsOnBlackSite,numberOfRobotsOnWhiteSite
17741,19,25
timeStep,numberOfRobotsOnBlackSite,numberOfRobotsOnWhiteSite
17742,19,25
timeStep,numberOfRobotsOnBlackSite,numberOfRobotsOnWhiteSite
17743,19,25
timeStep,numberOfRobotsOnBlackSite,numberOfRobotsOnWhiteSite
17744,19,25
timeStep,numberOfRobotsOnBlackSite,numberOfRobotsOnWhiteSite
17745,19,25
timeStep,numberOfRobotsOnBlackSite,numberOfRobotsOnWhiteSite
17746,19,25
timeStep,numberOfRobotsOnBlackSite,numberOfRobotsOnWhiteSite
17747,19,25
timeStep,numberOfRobotsOnBlackSite,numberOfRobotsOnWhiteSite
17748,19,25
timeStep,numberOfRobotsOnBlackSite,numberOfRobotsOnWhiteSite
17749,19,25
timeStep,numberOfRobotsOnBlackSite,numberOfRobotsOnWhiteSite
17750,19,25
timeStep,numberOfRobotsOnBlackSite,numberOfRobotsOnWhiteSite
17751,19,25
timeStep,numberOfRobotsOnBlackSite,numberOfRobotsOnWhiteSite
17752,19,25
timeStep,numberOfRobotsOnBlackSite,numberOfRobotsOnWhiteSite
17753,19,25
timeStep,numberOfRobotsOnBlackSite,numberOfRobotsOnWhiteSite
17754,19,25
timeStep,numberOfRobotsOnBlackSite,numberOfRobotsOnWhiteSite
17755,19,25
timeStep,numberOfRobotsOnBlackSite,numberOfRobotsOnWhiteSite
17756,19,25
timeStep,numberOfRobotsOnBlackSite,numberOfRobotsOnWhiteSite
17757,19,25
timeStep,numberOfRobotsOnBlackSite,numberOfRobotsOnWhiteSite
17758,19,25
timeStep,numberOfRobotsOnBlackSite,numberOfRobotsOnWhiteSite
17759,19,25
timeStep,numberOfRobotsOnBlackSite,numberOfRobotsOnWhiteSite
17760,19,25
timeStep,numberOfRobotsOnBlackSite,numberOfRobotsOnWhiteSite
17761,19,25
timeStep,numberOfRobotsOnBlackSite,numberOfRobotsOnWhiteSite
17762,19,25
timeStep,numberOfRobotsOnBlackSite,numberOfRobotsOnWhiteSite
17763,19,25
timeStep,numberOfRobotsOnBlackSite,numberOfRobotsOnWhiteSite
17764,19,25
timeStep,numberOfRobotsOnBlackSite,numberOfRobotsOnWhiteSite
17765,19,25
timeStep,numberOfRobotsOnBlackSite,numberOfRobotsOnWhiteSite
17766,19,25
timeStep,numberOfRobotsOnBlackSite,numberOfRobotsOnWhiteSite
17767,19,25
timeStep,numberOfRobotsOnBlackSite,numberOfRobotsOnWhiteSite
17768,19,25
timeStep,numberOfRobotsOnBlackSite,numberOfRobotsOnWhiteSite
17769,19,25
timeStep,numberOfRobotsOnBlackSite,numberOfRobotsOnWhiteSite
17770,19,25
timeStep,numberOfRobotsOnBlackSite,numberOfRobotsOnWhiteSite
17771,19,25
timeStep,numberOfRobotsOnBlackSite,numberOfRobotsOnWhiteSite
17772,19,25
timeStep,numberOfRobotsOnBlackSite,numberOfRobotsOnWhiteSite
17773,19,25
timeStep,numberOfRobotsOnBlackSite,numberOfRobotsOnWhiteSite
17774,19,25
timeStep,numberOfRobotsOnBlackSite,numberOfRobotsOnWhiteSite
17775,19,25
timeStep,numberOfRobotsOnBlackSite,numberOfRobotsOnWhiteSite
17776,19,25
timeStep,numberOfRobotsOnBlackSite,numberOfRobotsOnWhiteSite
17777,19,25
timeStep,numberOfRobotsOnBlackSite,numberOfRobotsOnWhiteSite
17778,19,25
timeStep,numberOfRobotsOnBlackSite,numberOfRobotsOnWhiteSite
17779,19,25
timeStep,numberOfRobotsOnBlackSite,numberOfRobotsOnWhiteSite
17780,19,25
timeStep,numberOfRobotsOnBlackSite,numberOfRobotsOnWhiteSite
17781,19,25
timeStep,numberOfRobotsOnBlackSite,numberOfRobotsOnWhiteSite
17782,19,25
timeStep,numberOfRobotsOnBlackSite,numberOfRobotsOnWhiteSite
17783,19,25
timeStep,numberOfRobotsOnBlackSite,numberOfRobotsOnWhiteSite
17784,19,25
timeStep,numberOfRobotsOnBlackSite,numberOfRobotsOnWhiteSite
17785,19,25
timeStep,numberOfRobotsOnBlackSite,numberOfRobotsOnWhiteSite
17786,19,25
timeStep,numberOfRobotsOnBlackSite,numberOfRobotsOnWhiteSite
17787,19,25
timeStep,numberOfRobotsOnBlackSite,numberOfRobotsOnWhiteSite
17788,19,25
timeStep,numberOfRobotsOnBlackSite,numberOfRobotsOnWhiteSite
17789,19,25
timeStep,numberOfRobotsOnBlackSite,numberOfRobotsOnWhiteSite
17790,19,25
timeStep,numberOfRobotsOnBlackSite,numberOfRobotsOnWhiteSite
17791,19,25
timeStep,numberOfRobotsOnBlackSite,numberOfRobotsOnWhiteSite
17792,19,25
timeStep,numberOfRobotsOnBlackSite,numberOfRobotsOnWhiteSite
17793,19,25
timeStep,numberOfRobotsOnBlackSite,numberOfRobotsOnWhiteSite
17794,19,25
timeStep,numberOfRobotsOnBlackSite,numberOfRobotsOnWhiteSite
17795,19,25
timeStep,numberOfRobotsOnBlackSite,numberOfRobotsOnWhiteSite
17796,19,25
timeStep,numberOfRobotsOnBlackSite,numberOfRobotsOnWhiteSite
17797,19,25
timeStep,numberOfRobotsOnBlackSite,numberOfRobotsOnWhiteSite
17798,19,25
timeStep,numberOfRobotsOnBlackSite,numberOfRobotsOnWhiteSite
17799,19,25
timeStep,numberOfRobotsOnBlackSite,numberOfRobotsOnWhiteSite
17800,19,25
timeStep,numberOfRobotsOnBlackSite,numberOfRobotsOnWhiteSite
17801,19,25
timeStep,numberOfRobotsOnBlackSite,numberOfRobotsOnWhiteSite
17802,19,25
timeStep,numberOfRobotsOnBlackSite,numberOfRobotsOnWhiteSite
17803,19,25
timeStep,numberOfRobotsOnBlackSite,numberOfRobotsOnWhiteSite
17804,19,25
timeStep,numberOfRobotsOnBlackSite,numberOfRobotsOnWhiteSite
17805,19,25
timeStep,numberOfRobotsOnBlackSite,numberOfRobotsOnWhiteSite
17806,19,25
timeStep,numberOfRobotsOnBlackSite,numberOfRobotsOnWhiteSite
17807,19,25
timeStep,numberOfRobotsOnBlackSite,numberOfRobotsOnWhiteSite
17808,19,25
timeStep,numberOfRobotsOnBlackSite,numberOfRobotsOnWhiteSite
17809,19,25
timeStep,numberOfRobotsOnBlackSite,numberOfRobotsOnWhiteSite
17810,19,25
timeStep,numberOfRobotsOnBlackSite,numberOfRobotsOnWhiteSite
17811,19,25
timeStep,numberOfRobotsOnBlackSite,numberOfRobotsOnWhiteSite
17812,19,25
timeStep,numberOfRobotsOnBlackSite,numberOfRobotsOnWhiteSite
17813,19,25
timeStep,numberOfRobotsOnBlackSite,numberOfRobotsOnWhiteSite
17814,19,25
timeStep,numberOfRobotsOnBlackSite,numberOfRobotsOnWhiteSite
17815,20,25
timeStep,numberOfRobotsOnBlackSite,numberOfRobotsOnWhiteSite
17816,20,25
timeStep,numberOfRobotsOnBlackSite,numberOfRobotsOnWhiteSite
17817,20,25
timeStep,numberOfRobotsOnBlackSite,numberOfRobotsOnWhiteSite
17818,20,25
timeStep,numberOfRobotsOnBlackSite,numberOfRobotsOnWhiteSite
17819,20,25
timeStep,numberOfRobotsOnBlackSite,numberOfRobotsOnWhiteSite
17820,20,25
timeStep,numberOfRobotsOnBlackSite,numberOfRobotsOnWhiteSite
17821,20,25
timeStep,numberOfRobotsOnBlackSite,numberOfRobotsOnWhiteSite
17822,20,25
timeStep,numberOfRobotsOnBlackSite,numberOfRobotsOnWhiteSite
17823,20,25
timeStep,numberOfRobotsOnBlackSite,numberOfRobotsOnWhiteSite
17824,20,25
timeStep,numberOfRobotsOnBlackSite,numberOfRobotsOnWhiteSite
17825,20,25
timeStep,numberOfRobotsOnBlackSite,numberOfRobotsOnWhiteSite
17826,20,25
timeStep,numberOfRobotsOnBlackSite,numberOfRobotsOnWhiteSite
17827,20,25
timeStep,numberOfRobotsOnBlackSite,numberOfRobotsOnWhiteSite
17828,20,25
timeStep,numberOfRobotsOnBlackSite,numberOfRobotsOnWhiteSite
17829,20,25
timeStep,numberOfRobotsOnBlackSite,numberOfRobotsOnWhiteSite
17830,21,25
timeStep,numberOfRobotsOnBlackSite,numberOfRobotsOnWhiteSite
17831,21,25
timeStep,numberOfRobotsOnBlackSite,numberOfRobotsOnWhiteSite
17832,21,25
timeStep,numberOfRobotsOnBlackSite,numberOfRobotsOnWhiteSite
17833,21,25
timeStep,numberOfRobotsOnBlackSite,numberOfRobotsOnWhiteSite
17834,21,25
timeStep,numberOfRobotsOnBlackSite,numberOfRobotsOnWhiteSite
17835,21,25
timeStep,numberOfRobotsOnBlackSite,numberOfRobotsOnWhiteSite
17836,21,25
timeStep,numberOfRobotsOnBlackSite,numberOfRobotsOnWhiteSite
17837,21,25
timeStep,numberOfRobotsOnBlackSite,numberOfRobotsOnWhiteSite
17838,21,25
timeStep,numberOfRobotsOnBlackSite,numberOfRobotsOnWhiteSite
17839,21,25
timeStep,numberOfRobotsOnBlackSite,numberOfRobotsOnWhiteSite
17840,21,25
timeStep,numberOfRobotsOnBlackSite,numberOfRobotsOnWhiteSite
17841,21,25
timeStep,numberOfRobotsOnBlackSite,numberOfRobotsOnWhiteSite
17842,21,25
timeStep,numberOfRobotsOnBlackSite,numberOfRobotsOnWhiteSite
17843,21,25
timeStep,numberOfRobotsOnBlackSite,numberOfRobotsOnWhiteSite
17844,21,25
timeStep,numberOfRobotsOnBlackSite,numberOfRobotsOnWhiteSite
17845,21,25
timeStep,numberOfRobotsOnBlackSite,numberOfRobotsOnWhiteSite
17846,21,25
timeStep,numberOfRobotsOnBlackSite,numberOfRobotsOnWhiteSite
17847,21,25
timeStep,numberOfRobotsOnBlackSite,numberOfRobotsOnWhiteSite
17848,21,25
timeStep,numberOfRobotsOnBlackSite,numberOfRobotsOnWhiteSite
17849,21,25
timeStep,numberOfRobotsOnBlackSite,numberOfRobotsOnWhiteSite
17850,21,25
timeStep,numberOfRobotsOnBlackSite,numberOfRobotsOnWhiteSite
17851,21,25
timeStep,numberOfRobotsOnBlackSite,numberOfRobotsOnWhiteSite
17852,21,25
timeStep,numberOfRobotsOnBlackSite,numberOfRobotsOnWhiteSite
17853,21,25
timeStep,numberOfRobotsOnBlackSite,numberOfRobotsOnWhiteSite
17854,21,25
timeStep,numberOfRobotsOnBlackSite,numberOfRobotsOnWhiteSite
17855,21,25
timeStep,numberOfRobotsOnBlackSite,numberOfRobotsOnWhiteSite
17856,21,25
timeStep,numberOfRobotsOnBlackSite,numberOfRobotsOnWhiteSite
17857,21,25
timeStep,numberOfRobotsOnBlackSite,numberOfRobotsOnWhiteSite
17858,21,25
timeStep,numberOfRobotsOnBlackSite,numberOfRobotsOnWhiteSite
17859,21,25
timeStep,numberOfRobotsOnBlackSite,numberOfRobotsOnWhiteSite
17860,21,25
timeStep,numberOfRobotsOnBlackSite,numberOfRobotsOnWhiteSite
17861,21,25
timeStep,numberOfRobotsOnBlackSite,numberOfRobotsOnWhiteSite
17862,21,25
timeStep,numberOfRobotsOnBlackSite,numberOfRobotsOnWhiteSite
17863,21,25
timeStep,numberOfRobotsOnBlackSite,numberOfRobotsOnWhiteSite
17864,21,25
timeStep,numberOfRobotsOnBlackSite,numberOfRobotsOnWhiteSite
17865,21,25
timeStep,numberOfRobotsOnBlackSite,numberOfRobotsOnWhiteSite
17866,21,25
timeStep,numberOfRobotsOnBlackSite,numberOfRobotsOnWhiteSite
17867,21,25
timeStep,numberOfRobotsOnBlackSite,numberOfRobotsOnWhiteSite
17868,21,25
timeStep,numberOfRobotsOnBlackSite,numberOfRobotsOnWhiteSite
17869,21,25
timeStep,numberOfRobotsOnBlackSite,numberOfRobotsOnWhiteSite
17870,21,26
timeStep,numberOfRobotsOnBlackSite,numberOfRobotsOnWhiteSite
17871,21,26
timeStep,numberOfRobotsOnBlackSite,numberOfRobotsOnWhiteSite
17872,21,26
timeStep,numberOfRobotsOnBlackSite,numberOfRobotsOnWhiteSite
17873,21,26
timeStep,numberOfRobotsOnBlackSite,numberOfRobotsOnWhiteSite
17874,21,26
timeStep,numberOfRobotsOnBlackSite,numberOfRobotsOnWhiteSite
17875,21,26
timeStep,numberOfRobotsOnBlackSite,numberOfRobotsOnWhiteSite
17876,21,26
timeStep,numberOfRobotsOnBlackSite,numberOfRobotsOnWhiteSite
17877,21,26
timeStep,numberOfRobotsOnBlackSite,numberOfRobotsOnWhiteSite
17878,21,26
timeStep,numberOfRobotsOnBlackSite,numberOfRobotsOnWhiteSite
17879,21,26
timeStep,numberOfRobotsOnBlackSite,numberOfRobotsOnWhiteSite
17880,21,26
timeStep,numberOfRobotsOnBlackSite,numberOfRobotsOnWhiteSite
17881,21,26
timeStep,numberOfRobotsOnBlackSite,numberOfRobotsOnWhiteSite
17882,21,26
timeStep,numberOfRobotsOnBlackSite,numberOfRobotsOnWhiteSite
17883,21,26
timeStep,numberOfRobotsOnBlackSite,numberOfRobotsOnWhiteSite
17884,21,26
timeStep,numberOfRobotsOnBlackSite,numberOfRobotsOnWhiteSite
17885,21,26
timeStep,numberOfRobotsOnBlackSite,numberOfRobotsOnWhiteSite
17886,21,26
timeStep,numberOfRobotsOnBlackSite,numberOfRobotsOnWhiteSite
17887,21,26
timeStep,numberOfRobotsOnBlackSite,numberOfRobotsOnWhiteSite
17888,21,26
timeStep,numberOfRobotsOnBlackSite,numberOfRobotsOnWhiteSite
17889,21,26
timeStep,numberOfRobotsOnBlackSite,numberOfRobotsOnWhiteSite
17890,21,26
timeStep,numberOfRobotsOnBlackSite,numberOfRobotsOnWhiteSite
17891,21,26
timeStep,numberOfRobotsOnBlackSite,numberOfRobotsOnWhiteSite
17892,21,26
timeStep,numberOfRobotsOnBlackSite,numberOfRobotsOnWhiteSite
17893,21,26
timeStep,numberOfRobotsOnBlackSite,numberOfRobotsOnWhiteSite
17894,21,26
timeStep,numberOfRobotsOnBlackSite,numberOfRobotsOnWhiteSite
17895,21,26
timeStep,numberOfRobotsOnBlackSite,numberOfRobotsOnWhiteSite
17896,21,26
timeStep,numberOfRobotsOnBlackSite,numberOfRobotsOnWhiteSite
17897,21,26
timeStep,numberOfRobotsOnBlackSite,numberOfRobotsOnWhiteSite
17898,21,26
timeStep,numberOfRobotsOnBlackSite,numberOfRobotsOnWhiteSite
17899,21,26
timeStep,numberOfRobotsOnBlackSite,numberOfRobotsOnWhiteSite
17900,21,26
timeStep,numberOfRobotsOnBlackSite,numberOfRobotsOnWhiteSite
17901,21,26
timeStep,numberOfRobotsOnBlackSite,numberOfRobotsOnWhiteSite
17902,21,26
timeStep,numberOfRobotsOnBlackSite,numberOfRobotsOnWhiteSite
17903,21,26
timeStep,numberOfRobotsOnBlackSite,numberOfRobotsOnWhiteSite
17904,21,26
timeStep,numberOfRobotsOnBlackSite,numberOfRobotsOnWhiteSite
17905,21,26
timeStep,numberOfRobotsOnBlackSite,numberOfRobotsOnWhiteSite
17906,21,26
timeStep,numberOfRobotsOnBlackSite,numberOfRobotsOnWhiteSite
17907,21,26
timeStep,numberOfRobotsOnBlackSite,numberOfRobotsOnWhiteSite
17908,21,26
timeStep,numberOfRobotsOnBlackSite,numberOfRobotsOnWhiteSite
17909,21,26
timeStep,numberOfRobotsOnBlackSite,numberOfRobotsOnWhiteSite
17910,21,26
timeStep,numberOfRobotsOnBlackSite,numberOfRobotsOnWhiteSite
17911,21,26
timeStep,numberOfRobotsOnBlackSite,numberOfRobotsOnWhiteSite
17912,21,26
timeStep,numberOfRobotsOnBlackSite,numberOfRobotsOnWhiteSite
17913,21,26
timeStep,numberOfRobotsOnBlackSite,numberOfRobotsOnWhiteSite
17914,21,26
timeStep,numberOfRobotsOnBlackSite,numberOfRobotsOnWhiteSite
17915,21,26
timeStep,numberOfRobotsOnBlackSite,numberOfRobotsOnWhiteSite
17916,21,26
timeStep,numberOfRobotsOnBlackSite,numberOfRobotsOnWhiteSite
17917,21,26
timeStep,numberOfRobotsOnBlackSite,numberOfRobotsOnWhiteSite
17918,21,26
timeStep,numberOfRobotsOnBlackSite,numberOfRobotsOnWhiteSite
17919,21,26
timeStep,numberOfRobotsOnBlackSite,numberOfRobotsOnWhiteSite
17920,21,26
timeStep,numberOfRobotsOnBlackSite,numberOfRobotsOnWhiteSite
17921,21,26
timeStep,numberOfRobotsOnBlackSite,numberOfRobotsOnWhiteSite
17922,21,26
timeStep,numberOfRobotsOnBlackSite,numberOfRobotsOnWhiteSite
17923,21,26
timeStep,numberOfRobotsOnBlackSite,numberOfRobotsOnWhiteSite
17924,21,26
timeStep,numberOfRobotsOnBlackSite,numberOfRobotsOnWhiteSite
17925,21,26
timeStep,numberOfRobotsOnBlackSite,numberOfRobotsOnWhiteSite
17926,21,26
timeStep,numberOfRobotsOnBlackSite,numberOfRobotsOnWhiteSite
17927,21,26
timeStep,numberOfRobotsOnBlackSite,numberOfRobotsOnWhiteSite
17928,21,26
timeStep,numberOfRobotsOnBlackSite,numberOfRobotsOnWhiteSite
17929,21,26
timeStep,numberOfRobotsOnBlackSite,numberOfRobotsOnWhiteSite
17930,21,26
timeStep,numberOfRobotsOnBlackSite,numberOfRobotsOnWhiteSite
17931,21,26
timeStep,numberOfRobotsOnBlackSite,numberOfRobotsOnWhiteSite
17932,21,26
timeStep,numberOfRobotsOnBlackSite,numberOfRobotsOnWhiteSite
17933,21,26
timeStep,numberOfRobotsOnBlackSite,numberOfRobotsOnWhiteSite
17934,21,26
timeStep,numberOfRobotsOnBlackSite,numberOfRobotsOnWhiteSite
17935,21,26
timeStep,numberOfRobotsOnBlackSite,numberOfRobotsOnWhiteSite
17936,21,26
timeStep,numberOfRobotsOnBlackSite,numberOfRobotsOnWhiteSite
17937,21,26
timeStep,numberOfRobotsOnBlackSite,numberOfRobotsOnWhiteSite
17938,21,26
timeStep,numberOfRobotsOnBlackSite,numberOfRobotsOnWhiteSite
17939,21,26
timeStep,numberOfRobotsOnBlackSite,numberOfRobotsOnWhiteSite
17940,21,26
timeStep,numberOfRobotsOnBlackSite,numberOfRobotsOnWhiteSite
17941,21,26
timeStep,numberOfRobotsOnBlackSite,numberOfRobotsOnWhiteSite
17942,21,26
timeStep,numberOfRobotsOnBlackSite,numberOfRobotsOnWhiteSite
17943,21,26
timeStep,numberOfRobotsOnBlackSite,numberOfRobotsOnWhiteSite
17944,21,26
timeStep,numberOfRobotsOnBlackSite,numberOfRobotsOnWhiteSite
17945,21,26
timeStep,numberOfRobotsOnBlackSite,numberOfRobotsOnWhiteSite
17946,21,26
timeStep,numberOfRobotsOnBlackSite,numberOfRobotsOnWhiteSite
17947,21,26
timeStep,numberOfRobotsOnBlackSite,numberOfRobotsOnWhiteSite
17948,21,26
timeStep,numberOfRobotsOnBlackSite,numberOfRobotsOnWhiteSite
17949,21,26
timeStep,numberOfRobotsOnBlackSite,numberOfRobotsOnWhiteSite
17950,21,26
timeStep,numberOfRobotsOnBlackSite,numberOfRobotsOnWhiteSite
17951,21,26
timeStep,numberOfRobotsOnBlackSite,numberOfRobotsOnWhiteSite
17952,21,26
timeStep,numberOfRobotsOnBlackSite,numberOfRobotsOnWhiteSite
17953,21,26
timeStep,numberOfRobotsOnBlackSite,numberOfRobotsOnWhiteSite
17954,21,26
timeStep,numberOfRobotsOnBlackSite,numberOfRobotsOnWhiteSite
17955,21,26
timeStep,numberOfRobotsOnBlackSite,numberOfRobotsOnWhiteSite
17956,21,26
timeStep,numberOfRobotsOnBlackSite,numberOfRobotsOnWhiteSite
17957,21,26
timeStep,numberOfRobotsOnBlackSite,numberOfRobotsOnWhiteSite
17958,21,26
timeStep,numberOfRobotsOnBlackSite,numberOfRobotsOnWhiteSite
17959,21,26
timeStep,numberOfRobotsOnBlackSite,numberOfRobotsOnWhiteSite
17960,21,26
timeStep,numberOfRobotsOnBlackSite,numberOfRobotsOnWhiteSite
17961,21,26
timeStep,numberOfRobotsOnBlackSite,numberOfRobotsOnWhiteSite
17962,21,26
timeStep,numberOfRobotsOnBlackSite,numberOfRobotsOnWhiteSite
17963,21,26
timeStep,numberOfRobotsOnBlackSite,numberOfRobotsOnWhiteSite
17964,21,26
timeStep,numberOfRobotsOnBlackSite,numberOfRobotsOnWhiteSite
17965,21,26
timeStep,numberOfRobotsOnBlackSite,numberOfRobotsOnWhiteSite
17966,21,26
timeStep,numberOfRobotsOnBlackSite,numberOfRobotsOnWhiteSite
17967,21,26
timeStep,numberOfRobotsOnBlackSite,numberOfRobotsOnWhiteSite
17968,21,26
timeStep,numberOfRobotsOnBlackSite,numberOfRobotsOnWhiteSite
17969,21,26
timeStep,numberOfRobotsOnBlackSite,numberOfRobotsOnWhiteSite
17970,21,26
timeStep,numberOfRobotsOnBlackSite,numberOfRobotsOnWhiteSite
17971,21,26
timeStep,numberOfRobotsOnBlackSite,numberOfRobotsOnWhiteSite
17972,21,26
timeStep,numberOfRobotsOnBlackSite,numberOfRobotsOnWhiteSite
17973,21,26
timeStep,numberOfRobotsOnBlackSite,numberOfRobotsOnWhiteSite
17974,21,26
timeStep,numberOfRobotsOnBlackSite,numberOfRobotsOnWhiteSite
17975,21,26
timeStep,numberOfRobotsOnBlackSite,numberOfRobotsOnWhiteSite
17976,21,26
timeStep,numberOfRobotsOnBlackSite,numberOfRobotsOnWhiteSite
17977,21,26
timeStep,numberOfRobotsOnBlackSite,numberOfRobotsOnWhiteSite
17978,21,26
timeStep,numberOfRobotsOnBlackSite,numberOfRobotsOnWhiteSite
17979,21,26
timeStep,numberOfRobotsOnBlackSite,numberOfRobotsOnWhiteSite
17980,21,26
timeStep,numberOfRobotsOnBlackSite,numberOfRobotsOnWhiteSite
17981,21,26
timeStep,numberOfRobotsOnBlackSite,numberOfRobotsOnWhiteSite
17982,21,26
timeStep,numberOfRobotsOnBlackSite,numberOfRobotsOnWhiteSite
17983,21,26
timeStep,numberOfRobotsOnBlackSite,numberOfRobotsOnWhiteSite
17984,21,26
timeStep,numberOfRobotsOnBlackSite,numberOfRobotsOnWhiteSite
17985,21,26
timeStep,numberOfRobotsOnBlackSite,numberOfRobotsOnWhiteSite
17986,21,26
timeStep,numberOfRobotsOnBlackSite,numberOfRobotsOnWhiteSite
17987,21,26
timeStep,numberOfRobotsOnBlackSite,numberOfRobotsOnWhiteSite
17988,21,26
timeStep,numberOfRobotsOnBlackSite,numberOfRobotsOnWhiteSite
17989,21,26
timeStep,numberOfRobotsOnBlackSite,numberOfRobotsOnWhiteSite
17990,21,26
timeStep,numberOfRobotsOnBlackSite,numberOfRobotsOnWhiteSite
17991,21,26
timeStep,numberOfRobotsOnBlackSite,numberOfRobotsOnWhiteSite
17992,21,26
timeStep,numberOfRobotsOnBlackSite,numberOfRobotsOnWhiteSite
17993,21,26
timeStep,numberOfRobotsOnBlackSite,numberOfRobotsOnWhiteSite
17994,21,26
timeStep,numberOfRobotsOnBlackSite,numberOfRobotsOnWhiteSite
17995,21,26
timeStep,numberOfRobotsOnBlackSite,numberOfRobotsOnWhiteSite
17996,21,26
timeStep,numberOfRobotsOnBlackSite,numberOfRobotsOnWhiteSite
17997,21,26
timeStep,numberOfRobotsOnBlackSite,numberOfRobotsOnWhiteSite
17998,21,26
timeStep,numberOfRobotsOnBlackSite,numberOfRobotsOnWhiteSite
17999,21,26
timeStep,numberOfRobotsOnBlackSite,numberOfRobotsOnWhiteSite
18000,21,26
timeStep,numberOfRobotsOnBlackSite,numberOfRobotsOnWhiteSite
18001,21,26
timeStep,numberOfRobotsOnBlackSite,numberOfRobotsOnWhiteSite
18002,21,26
timeStep,numberOfRobotsOnBlackSite,numberOfRobotsOnWhiteSite
18003,21,26
timeStep,numberOfRobotsOnBlackSite,numberOfRobotsOnWhiteSite
18004,21,26
timeStep,numberOfRobotsOnBlackSite,numberOfRobotsOnWhiteSite
18005,21,26
timeStep,numberOfRobotsOnBlackSite,numberOfRobotsOnWhiteSite
18006,21,26
timeStep,numberOfRobotsOnBlackSite,numberOfRobotsOnWhiteSite
18007,21,26
timeStep,numberOfRobotsOnBlackSite,numberOfRobotsOnWhiteSite
18008,21,26
timeStep,numberOfRobotsOnBlackSite,numberOfRobotsOnWhiteSite
18009,21,26
timeStep,numberOfRobotsOnBlackSite,numberOfRobotsOnWhiteSite
18010,21,26
timeStep,numberOfRobotsOnBlackSite,numberOfRobotsOnWhiteSite
18011,21,26
timeStep,numberOfRobotsOnBlackSite,numberOfRobotsOnWhiteSite
18012,21,26
timeStep,numberOfRobotsOnBlackSite,numberOfRobotsOnWhiteSite
18013,21,26
timeStep,numberOfRobotsOnBlackSite,numberOfRobotsOnWhiteSite
18014,21,26
timeStep,numberOfRobotsOnBlackSite,numberOfRobotsOnWhiteSite
18015,21,26
timeStep,numberOfRobotsOnBlackSite,numberOfRobotsOnWhiteSite
18016,21,26
timeStep,numberOfRobotsOnBlackSite,numberOfRobotsOnWhiteSite
18017,21,26
timeStep,numberOfRobotsOnBlackSite,numberOfRobotsOnWhiteSite
18018,21,26
timeStep,numberOfRobotsOnBlackSite,numberOfRobotsOnWhiteSite
18019,21,26
timeStep,numberOfRobotsOnBlackSite,numberOfRobotsOnWhiteSite
18020,21,26
timeStep,numberOfRobotsOnBlackSite,numberOfRobotsOnWhiteSite
18021,21,26
timeStep,numberOfRobotsOnBlackSite,numberOfRobotsOnWhiteSite
18022,21,26
timeStep,numberOfRobotsOnBlackSite,numberOfRobotsOnWhiteSite
18023,21,26
timeStep,numberOfRobotsOnBlackSite,numberOfRobotsOnWhiteSite
18024,21,26
timeStep,numberOfRobotsOnBlackSite,numberOfRobotsOnWhiteSite
18025,21,26
timeStep,numberOfRobotsOnBlackSite,numberOfRobotsOnWhiteSite
18026,21,26
timeStep,numberOfRobotsOnBlackSite,numberOfRobotsOnWhiteSite
18027,21,26
timeStep,numberOfRobotsOnBlackSite,numberOfRobotsOnWhiteSite
18028,21,26
timeStep,numberOfRobotsOnBlackSite,numberOfRobotsOnWhiteSite
18029,21,26
timeStep,numberOfRobotsOnBlackSite,numberOfRobotsOnWhiteSite
18030,21,26
timeStep,numberOfRobotsOnBlackSite,numberOfRobotsOnWhiteSite
18031,21,26
timeStep,numberOfRobotsOnBlackSite,numberOfRobotsOnWhiteSite
18032,21,26
timeStep,numberOfRobotsOnBlackSite,numberOfRobotsOnWhiteSite
18033,21,26
timeStep,numberOfRobotsOnBlackSite,numberOfRobotsOnWhiteSite
18034,21,26
timeStep,numberOfRobotsOnBlackSite,numberOfRobotsOnWhiteSite
18035,21,26
timeStep,numberOfRobotsOnBlackSite,numberOfRobotsOnWhiteSite
18036,21,26
timeStep,numberOfRobotsOnBlackSite,numberOfRobotsOnWhiteSite
18037,21,26
timeStep,numberOfRobotsOnBlackSite,numberOfRobotsOnWhiteSite
18038,21,26
timeStep,numberOfRobotsOnBlackSite,numberOfRobotsOnWhiteSite
18039,21,26
timeStep,numberOfRobotsOnBlackSite,numberOfRobotsOnWhiteSite
18040,21,26
timeStep,numberOfRobotsOnBlackSite,numberOfRobotsOnWhiteSite
18041,21,26
timeStep,numberOfRobotsOnBlackSite,numberOfRobotsOnWhiteSite
18042,21,26
timeStep,numberOfRobotsOnBlackSite,numberOfRobotsOnWhiteSite
18043,21,26
timeStep,numberOfRobotsOnBlackSite,numberOfRobotsOnWhiteSite
18044,21,26
timeStep,numberOfRobotsOnBlackSite,numberOfRobotsOnWhiteSite
18045,21,26
timeStep,numberOfRobotsOnBlackSite,numberOfRobotsOnWhiteSite
18046,21,26
timeStep,numberOfRobotsOnBlackSite,numberOfRobotsOnWhiteSite
18047,21,26
timeStep,numberOfRobotsOnBlackSite,numberOfRobotsOnWhiteSite
18048,21,26
timeStep,numberOfRobotsOnBlackSite,numberOfRobotsOnWhiteSite
18049,21,26
timeStep,numberOfRobotsOnBlackSite,numberOfRobotsOnWhiteSite
18050,21,26
timeStep,numberOfRobotsOnBlackSite,numberOfRobotsOnWhiteSite
18051,21,26
timeStep,numberOfRobotsOnBlackSite,numberOfRobotsOnWhiteSite
18052,21,26
timeStep,numberOfRobotsOnBlackSite,numberOfRobotsOnWhiteSite
18053,21,26
timeStep,numberOfRobotsOnBlackSite,numberOfRobotsOnWhiteSite
18054,21,26
timeStep,numberOfRobotsOnBlackSite,numberOfRobotsOnWhiteSite
18055,21,26
timeStep,numberOfRobotsOnBlackSite,numberOfRobotsOnWhiteSite
18056,21,26
timeStep,numberOfRobotsOnBlackSite,numberOfRobotsOnWhiteSite
18057,21,26
timeStep,numberOfRobotsOnBlackSite,numberOfRobotsOnWhiteSite
18058,21,26
timeStep,numberOfRobotsOnBlackSite,numberOfRobotsOnWhiteSite
18059,21,26
timeStep,numberOfRobotsOnBlackSite,numberOfRobotsOnWhiteSite
18060,21,26
timeStep,numberOfRobotsOnBlackSite,numberOfRobotsOnWhiteSite
18061,21,26
timeStep,numberOfRobotsOnBlackSite,numberOfRobotsOnWhiteSite
18062,21,26
timeStep,numberOfRobotsOnBlackSite,numberOfRobotsOnWhiteSite
18063,21,26
timeStep,numberOfRobotsOnBlackSite,numberOfRobotsOnWhiteSite
18064,21,26
timeStep,numberOfRobotsOnBlackSite,numberOfRobotsOnWhiteSite
18065,21,26
timeStep,numberOfRobotsOnBlackSite,numberOfRobotsOnWhiteSite
18066,21,26
timeStep,numberOfRobotsOnBlackSite,numberOfRobotsOnWhiteSite
18067,21,26
timeStep,numberOfRobotsOnBlackSite,numberOfRobotsOnWhiteSite
18068,21,26
timeStep,numberOfRobotsOnBlackSite,numberOfRobotsOnWhiteSite
18069,21,26
timeStep,numberOfRobotsOnBlackSite,numberOfRobotsOnWhiteSite
18070,21,26
timeStep,numberOfRobotsOnBlackSite,numberOfRobotsOnWhiteSite
18071,21,26
timeStep,numberOfRobotsOnBlackSite,numberOfRobotsOnWhiteSite
18072,21,26
timeStep,numberOfRobotsOnBlackSite,numberOfRobotsOnWhiteSite
18073,21,26
timeStep,numberOfRobotsOnBlackSite,numberOfRobotsOnWhiteSite
18074,21,26
timeStep,numberOfRobotsOnBlackSite,numberOfRobotsOnWhiteSite
18075,21,26
timeStep,numberOfRobotsOnBlackSite,numberOfRobotsOnWhiteSite
18076,21,26
timeStep,numberOfRobotsOnBlackSite,numberOfRobotsOnWhiteSite
18077,21,26
timeStep,numberOfRobotsOnBlackSite,numberOfRobotsOnWhiteSite
18078,21,26
timeStep,numberOfRobotsOnBlackSite,numberOfRobotsOnWhiteSite
18079,21,26
timeStep,numberOfRobotsOnBlackSite,numberOfRobotsOnWhiteSite
18080,21,26
timeStep,numberOfRobotsOnBlackSite,numberOfRobotsOnWhiteSite
18081,21,26
timeStep,numberOfRobotsOnBlackSite,numberOfRobotsOnWhiteSite
18082,21,26
timeStep,numberOfRobotsOnBlackSite,numberOfRobotsOnWhiteSite
18083,21,26
timeStep,numberOfRobotsOnBlackSite,numberOfRobotsOnWhiteSite
18084,21,26
timeStep,numberOfRobotsOnBlackSite,numberOfRobotsOnWhiteSite
18085,21,26
timeStep,numberOfRobotsOnBlackSite,numberOfRobotsOnWhiteSite
18086,21,26
timeStep,numberOfRobotsOnBlackSite,numberOfRobotsOnWhiteSite
18087,21,26
timeStep,numberOfRobotsOnBlackSite,numberOfRobotsOnWhiteSite
18088,21,26
timeStep,numberOfRobotsOnBlackSite,numberOfRobotsOnWhiteSite
18089,21,26
timeStep,numberOfRobotsOnBlackSite,numberOfRobotsOnWhiteSite
18090,21,26
timeStep,numberOfRobotsOnBlackSite,numberOfRobotsOnWhiteSite
18091,21,26
timeStep,numberOfRobotsOnBlackSite,numberOfRobotsOnWhiteSite
18092,21,26
timeStep,numberOfRobotsOnBlackSite,numberOfRobotsOnWhiteSite
18093,21,26
timeStep,numberOfRobotsOnBlackSite,numberOfRobotsOnWhiteSite
18094,21,26
timeStep,numberOfRobotsOnBlackSite,numberOfRobotsOnWhiteSite
18095,21,26
timeStep,numberOfRobotsOnBlackSite,numberOfRobotsOnWhiteSite
18096,21,26
timeStep,numberOfRobotsOnBlackSite,numberOfRobotsOnWhiteSite
18097,21,26
timeStep,numberOfRobotsOnBlackSite,numberOfRobotsOnWhiteSite
18098,21,26
timeStep,numberOfRobotsOnBlackSite,numberOfRobotsOnWhiteSite
18099,21,26
timeStep,numberOfRobotsOnBlackSite,numberOfRobotsOnWhiteSite
18100,21,26
timeStep,numberOfRobotsOnBlackSite,numberOfRobotsOnWhiteSite
18101,21,26
timeStep,numberOfRobotsOnBlackSite,numberOfRobotsOnWhiteSite
18102,21,26
timeStep,numberOfRobotsOnBlackSite,numberOfRobotsOnWhiteSite
18103,21,26
timeStep,numberOfRobotsOnBlackSite,numberOfRobotsOnWhiteSite
18104,21,26
timeStep,numberOfRobotsOnBlackSite,numberOfRobotsOnWhiteSite
18105,21,26
timeStep,numberOfRobotsOnBlackSite,numberOfRobotsOnWhiteSite
18106,21,26
timeStep,numberOfRobotsOnBlackSite,numberOfRobotsOnWhiteSite
18107,21,26
timeStep,numberOfRobotsOnBlackSite,numberOfRobotsOnWhiteSite
18108,21,26
timeStep,numberOfRobotsOnBlackSite,numberOfRobotsOnWhiteSite
18109,21,26
timeStep,numberOfRobotsOnBlackSite,numberOfRobotsOnWhiteSite
18110,21,26
timeStep,numberOfRobotsOnBlackSite,numberOfRobotsOnWhiteSite
18111,21,26
timeStep,numberOfRobotsOnBlackSite,numberOfRobotsOnWhiteSite
18112,21,26
timeStep,numberOfRobotsOnBlackSite,numberOfRobotsOnWhiteSite
18113,21,26
timeStep,numberOfRobotsOnBlackSite,numberOfRobotsOnWhiteSite
18114,21,26
timeStep,numberOfRobotsOnBlackSite,numberOfRobotsOnWhiteSite
18115,21,26
timeStep,numberOfRobotsOnBlackSite,numberOfRobotsOnWhiteSite
18116,21,26
timeStep,numberOfRobotsOnBlackSite,numberOfRobotsOnWhiteSite
18117,21,26
timeStep,numberOfRobotsOnBlackSite,numberOfRobotsOnWhiteSite
18118,21,26
timeStep,numberOfRobotsOnBlackSite,numberOfRobotsOnWhiteSite
18119,21,26
timeStep,numberOfRobotsOnBlackSite,numberOfRobotsOnWhiteSite
18120,21,26
timeStep,numberOfRobotsOnBlackSite,numberOfRobotsOnWhiteSite
18121,21,26
timeStep,numberOfRobotsOnBlackSite,numberOfRobotsOnWhiteSite
18122,21,26
timeStep,numberOfRobotsOnBlackSite,numberOfRobotsOnWhiteSite
18123,21,26
timeStep,numberOfRobotsOnBlackSite,numberOfRobotsOnWhiteSite
18124,21,26
timeStep,numberOfRobotsOnBlackSite,numberOfRobotsOnWhiteSite
18125,21,26
timeStep,numberOfRobotsOnBlackSite,numberOfRobotsOnWhiteSite
18126,21,26
timeStep,numberOfRobotsOnBlackSite,numberOfRobotsOnWhiteSite
18127,21,26
timeStep,numberOfRobotsOnBlackSite,numberOfRobotsOnWhiteSite
18128,21,26
timeStep,numberOfRobotsOnBlackSite,numberOfRobotsOnWhiteSite
18129,21,26
timeStep,numberOfRobotsOnBlackSite,numberOfRobotsOnWhiteSite
18130,21,25
timeStep,numberOfRobotsOnBlackSite,numberOfRobotsOnWhiteSite
18131,21,25
timeStep,numberOfRobotsOnBlackSite,numberOfRobotsOnWhiteSite
18132,21,25
timeStep,numberOfRobotsOnBlackSite,numberOfRobotsOnWhiteSite
18133,21,25
timeStep,numberOfRobotsOnBlackSite,numberOfRobotsOnWhiteSite
18134,21,25
timeStep,numberOfRobotsOnBlackSite,numberOfRobotsOnWhiteSite
18135,21,25
timeStep,numberOfRobotsOnBlackSite,numberOfRobotsOnWhiteSite
18136,21,25
timeStep,numberOfRobotsOnBlackSite,numberOfRobotsOnWhiteSite
18137,21,25
timeStep,numberOfRobotsOnBlackSite,numberOfRobotsOnWhiteSite
18138,21,25
timeStep,numberOfRobotsOnBlackSite,numberOfRobotsOnWhiteSite
18139,21,25
timeStep,numberOfRobotsOnBlackSite,numberOfRobotsOnWhiteSite
18140,21,25
timeStep,numberOfRobotsOnBlackSite,numberOfRobotsOnWhiteSite
18141,21,25
timeStep,numberOfRobotsOnBlackSite,numberOfRobotsOnWhiteSite
18142,21,25
timeStep,numberOfRobotsOnBlackSite,numberOfRobotsOnWhiteSite
18143,21,25
timeStep,numberOfRobotsOnBlackSite,numberOfRobotsOnWhiteSite
18144,21,25
timeStep,numberOfRobotsOnBlackSite,numberOfRobotsOnWhiteSite
18145,21,24
timeStep,numberOfRobotsOnBlackSite,numberOfRobotsOnWhiteSite
18146,21,24
timeStep,numberOfRobotsOnBlackSite,numberOfRobotsOnWhiteSite
18147,21,24
timeStep,numberOfRobotsOnBlackSite,numberOfRobotsOnWhiteSite
18148,21,24
timeStep,numberOfRobotsOnBlackSite,numberOfRobotsOnWhiteSite
18149,21,24
timeStep,numberOfRobotsOnBlackSite,numberOfRobotsOnWhiteSite
18150,21,24
timeStep,numberOfRobotsOnBlackSite,numberOfRobotsOnWhiteSite
18151,21,24
timeStep,numberOfRobotsOnBlackSite,numberOfRobotsOnWhiteSite
18152,21,24
timeStep,numberOfRobotsOnBlackSite,numberOfRobotsOnWhiteSite
18153,21,24
timeStep,numberOfRobotsOnBlackSite,numberOfRobotsOnWhiteSite
18154,21,24
timeStep,numberOfRobotsOnBlackSite,numberOfRobotsOnWhiteSite
18155,21,24
timeStep,numberOfRobotsOnBlackSite,numberOfRobotsOnWhiteSite
18156,21,24
timeStep,numberOfRobotsOnBlackSite,numberOfRobotsOnWhiteSite
18157,21,24
timeStep,numberOfRobotsOnBlackSite,numberOfRobotsOnWhiteSite
18158,21,24
timeStep,numberOfRobotsOnBlackSite,numberOfRobotsOnWhiteSite
18159,21,24
timeStep,numberOfRobotsOnBlackSite,numberOfRobotsOnWhiteSite
18160,21,24
timeStep,numberOfRobotsOnBlackSite,numberOfRobotsOnWhiteSite
18161,21,24
timeStep,numberOfRobotsOnBlackSite,numberOfRobotsOnWhiteSite
18162,21,24
timeStep,numberOfRobotsOnBlackSite,numberOfRobotsOnWhiteSite
18163,21,24
timeStep,numberOfRobotsOnBlackSite,numberOfRobotsOnWhiteSite
18164,21,24
timeStep,numberOfRobotsOnBlackSite,numberOfRobotsOnWhiteSite
18165,21,24
timeStep,numberOfRobotsOnBlackSite,numberOfRobotsOnWhiteSite
18166,21,24
timeStep,numberOfRobotsOnBlackSite,numberOfRobotsOnWhiteSite
18167,21,24
timeStep,numberOfRobotsOnBlackSite,numberOfRobotsOnWhiteSite
18168,21,24
timeStep,numberOfRobotsOnBlackSite,numberOfRobotsOnWhiteSite
18169,21,24
timeStep,numberOfRobotsOnBlackSite,numberOfRobotsOnWhiteSite
18170,21,24
timeStep,numberOfRobotsOnBlackSite,numberOfRobotsOnWhiteSite
18171,21,24
timeStep,numberOfRobotsOnBlackSite,numberOfRobotsOnWhiteSite
18172,21,24
timeStep,numberOfRobotsOnBlackSite,numberOfRobotsOnWhiteSite
18173,21,24
timeStep,numberOfRobotsOnBlackSite,numberOfRobotsOnWhiteSite
18174,21,24
timeStep,numberOfRobotsOnBlackSite,numberOfRobotsOnWhiteSite
18175,21,24
timeStep,numberOfRobotsOnBlackSite,numberOfRobotsOnWhiteSite
18176,21,24
timeStep,numberOfRobotsOnBlackSite,numberOfRobotsOnWhiteSite
18177,21,24
timeStep,numberOfRobotsOnBlackSite,numberOfRobotsOnWhiteSite
18178,21,24
timeStep,numberOfRobotsOnBlackSite,numberOfRobotsOnWhiteSite
18179,21,24
timeStep,numberOfRobotsOnBlackSite,numberOfRobotsOnWhiteSite
18180,21,24
timeStep,numberOfRobotsOnBlackSite,numberOfRobotsOnWhiteSite
18181,21,24
timeStep,numberOfRobotsOnBlackSite,numberOfRobotsOnWhiteSite
18182,21,24
timeStep,numberOfRobotsOnBlackSite,numberOfRobotsOnWhiteSite
18183,21,24
timeStep,numberOfRobotsOnBlackSite,numberOfRobotsOnWhiteSite
18184,21,24
timeStep,numberOfRobotsOnBlackSite,numberOfRobotsOnWhiteSite
18185,21,24
timeStep,numberOfRobotsOnBlackSite,numberOfRobotsOnWhiteSite
18186,21,24
timeStep,numberOfRobotsOnBlackSite,numberOfRobotsOnWhiteSite
18187,21,24
timeStep,numberOfRobotsOnBlackSite,numberOfRobotsOnWhiteSite
18188,21,24
timeStep,numberOfRobotsOnBlackSite,numberOfRobotsOnWhiteSite
18189,21,24
timeStep,numberOfRobotsOnBlackSite,numberOfRobotsOnWhiteSite
18190,21,24
timeStep,numberOfRobotsOnBlackSite,numberOfRobotsOnWhiteSite
18191,21,24
timeStep,numberOfRobotsOnBlackSite,numberOfRobotsOnWhiteSite
18192,21,24
timeStep,numberOfRobotsOnBlackSite,numberOfRobotsOnWhiteSite
18193,21,24
timeStep,numberOfRobotsOnBlackSite,numberOfRobotsOnWhiteSite
18194,21,24
timeStep,numberOfRobotsOnBlackSite,numberOfRobotsOnWhiteSite
18195,21,24
timeStep,numberOfRobotsOnBlackSite,numberOfRobotsOnWhiteSite
18196,21,24
timeStep,numberOfRobotsOnBlackSite,numberOfRobotsOnWhiteSite
18197,21,24
timeStep,numberOfRobotsOnBlackSite,numberOfRobotsOnWhiteSite
18198,21,24
timeStep,numberOfRobotsOnBlackSite,numberOfRobotsOnWhiteSite
18199,21,24
timeStep,numberOfRobotsOnBlackSite,numberOfRobotsOnWhiteSite
18200,21,24
timeStep,numberOfRobotsOnBlackSite,numberOfRobotsOnWhiteSite
18201,21,24
timeStep,numberOfRobotsOnBlackSite,numberOfRobotsOnWhiteSite
18202,21,24
timeStep,numberOfRobotsOnBlackSite,numberOfRobotsOnWhiteSite
18203,21,24
timeStep,numberOfRobotsOnBlackSite,numberOfRobotsOnWhiteSite
18204,21,24
timeStep,numberOfRobotsOnBlackSite,numberOfRobotsOnWhiteSite
18205,21,24
timeStep,numberOfRobotsOnBlackSite,numberOfRobotsOnWhiteSite
18206,21,24
timeStep,numberOfRobotsOnBlackSite,numberOfRobotsOnWhiteSite
18207,21,24
timeStep,numberOfRobotsOnBlackSite,numberOfRobotsOnWhiteSite
18208,21,24
timeStep,numberOfRobotsOnBlackSite,numberOfRobotsOnWhiteSite
18209,21,24
timeStep,numberOfRobotsOnBlackSite,numberOfRobotsOnWhiteSite
18210,21,24
timeStep,numberOfRobotsOnBlackSite,numberOfRobotsOnWhiteSite
18211,21,24
timeStep,numberOfRobotsOnBlackSite,numberOfRobotsOnWhiteSite
18212,21,24
timeStep,numberOfRobotsOnBlackSite,numberOfRobotsOnWhiteSite
18213,21,24
timeStep,numberOfRobotsOnBlackSite,numberOfRobotsOnWhiteSite
18214,21,24
timeStep,numberOfRobotsOnBlackSite,numberOfRobotsOnWhiteSite
18215,21,24
timeStep,numberOfRobotsOnBlackSite,numberOfRobotsOnWhiteSite
18216,21,24
timeStep,numberOfRobotsOnBlackSite,numberOfRobotsOnWhiteSite
18217,21,24
timeStep,numberOfRobotsOnBlackSite,numberOfRobotsOnWhiteSite
18218,21,24
timeStep,numberOfRobotsOnBlackSite,numberOfRobotsOnWhiteSite
18219,21,24
timeStep,numberOfRobotsOnBlackSite,numberOfRobotsOnWhiteSite
18220,21,24
timeStep,numberOfRobotsOnBlackSite,numberOfRobotsOnWhiteSite
18221,21,24
timeStep,numberOfRobotsOnBlackSite,numberOfRobotsOnWhiteSite
18222,21,24
timeStep,numberOfRobotsOnBlackSite,numberOfRobotsOnWhiteSite
18223,21,24
timeStep,numberOfRobotsOnBlackSite,numberOfRobotsOnWhiteSite
18224,21,24
timeStep,numberOfRobotsOnBlackSite,numberOfRobotsOnWhiteSite
18225,21,24
timeStep,numberOfRobotsOnBlackSite,numberOfRobotsOnWhiteSite
18226,21,24
timeStep,numberOfRobotsOnBlackSite,numberOfRobotsOnWhiteSite
18227,21,24
timeStep,numberOfRobotsOnBlackSite,numberOfRobotsOnWhiteSite
18228,21,24
timeStep,numberOfRobotsOnBlackSite,numberOfRobotsOnWhiteSite
18229,21,24
timeStep,numberOfRobotsOnBlackSite,numberOfRobotsOnWhiteSite
18230,21,24
timeStep,numberOfRobotsOnBlackSite,numberOfRobotsOnWhiteSite
18231,21,24
timeStep,numberOfRobotsOnBlackSite,numberOfRobotsOnWhiteSite
18232,21,24
timeStep,numberOfRobotsOnBlackSite,numberOfRobotsOnWhiteSite
18233,21,24
timeStep,numberOfRobotsOnBlackSite,numberOfRobotsOnWhiteSite
18234,21,24
timeStep,numberOfRobotsOnBlackSite,numberOfRobotsOnWhiteSite
18235,21,24
timeStep,numberOfRobotsOnBlackSite,numberOfRobotsOnWhiteSite
18236,21,24
timeStep,numberOfRobotsOnBlackSite,numberOfRobotsOnWhiteSite
18237,21,24
timeStep,numberOfRobotsOnBlackSite,numberOfRobotsOnWhiteSite
18238,21,24
timeStep,numberOfRobotsOnBlackSite,numberOfRobotsOnWhiteSite
18239,21,24
timeStep,numberOfRobotsOnBlackSite,numberOfRobotsOnWhiteSite
18240,21,24
timeStep,numberOfRobotsOnBlackSite,numberOfRobotsOnWhiteSite
18241,21,24
timeStep,numberOfRobotsOnBlackSite,numberOfRobotsOnWhiteSite
18242,21,24
timeStep,numberOfRobotsOnBlackSite,numberOfRobotsOnWhiteSite
18243,21,24
timeStep,numberOfRobotsOnBlackSite,numberOfRobotsOnWhiteSite
18244,21,24
timeStep,numberOfRobotsOnBlackSite,numberOfRobotsOnWhiteSite
18245,21,24
timeStep,numberOfRobotsOnBlackSite,numberOfRobotsOnWhiteSite
18246,21,24
timeStep,numberOfRobotsOnBlackSite,numberOfRobotsOnWhiteSite
18247,21,24
timeStep,numberOfRobotsOnBlackSite,numberOfRobotsOnWhiteSite
18248,21,24
timeStep,numberOfRobotsOnBlackSite,numberOfRobotsOnWhiteSite
18249,21,24
timeStep,numberOfRobotsOnBlackSite,numberOfRobotsOnWhiteSite
18250,21,24
timeStep,numberOfRobotsOnBlackSite,numberOfRobotsOnWhiteSite
18251,21,24
timeStep,numberOfRobotsOnBlackSite,numberOfRobotsOnWhiteSite
18252,21,24
timeStep,numberOfRobotsOnBlackSite,numberOfRobotsOnWhiteSite
18253,21,24
timeStep,numberOfRobotsOnBlackSite,numberOfRobotsOnWhiteSite
18254,21,24
timeStep,numberOfRobotsOnBlackSite,numberOfRobotsOnWhiteSite
18255,21,24
timeStep,numberOfRobotsOnBlackSite,numberOfRobotsOnWhiteSite
18256,21,24
timeStep,numberOfRobotsOnBlackSite,numberOfRobotsOnWhiteSite
18257,21,24
timeStep,numberOfRobotsOnBlackSite,numberOfRobotsOnWhiteSite
18258,21,24
timeStep,numberOfRobotsOnBlackSite,numberOfRobotsOnWhiteSite
18259,21,24
timeStep,numberOfRobotsOnBlackSite,numberOfRobotsOnWhiteSite
18260,21,24
timeStep,numberOfRobotsOnBlackSite,numberOfRobotsOnWhiteSite
18261,21,24
timeStep,numberOfRobotsOnBlackSite,numberOfRobotsOnWhiteSite
18262,21,24
timeStep,numberOfRobotsOnBlackSite,numberOfRobotsOnWhiteSite
18263,21,24
timeStep,numberOfRobotsOnBlackSite,numberOfRobotsOnWhiteSite
18264,21,24
timeStep,numberOfRobotsOnBlackSite,numberOfRobotsOnWhiteSite
18265,21,24
timeStep,numberOfRobotsOnBlackSite,numberOfRobotsOnWhiteSite
18266,21,24
timeStep,numberOfRobotsOnBlackSite,numberOfRobotsOnWhiteSite
18267,21,24
timeStep,numberOfRobotsOnBlackSite,numberOfRobotsOnWhiteSite
18268,21,24
timeStep,numberOfRobotsOnBlackSite,numberOfRobotsOnWhiteSite
18269,21,24
timeStep,numberOfRobotsOnBlackSite,numberOfRobotsOnWhiteSite
18270,21,24
timeStep,numberOfRobotsOnBlackSite,numberOfRobotsOnWhiteSite
18271,21,24
timeStep,numberOfRobotsOnBlackSite,numberOfRobotsOnWhiteSite
18272,21,24
timeStep,numberOfRobotsOnBlackSite,numberOfRobotsOnWhiteSite
18273,21,24
timeStep,numberOfRobotsOnBlackSite,numberOfRobotsOnWhiteSite
18274,21,24
timeStep,numberOfRobotsOnBlackSite,numberOfRobotsOnWhiteSite
18275,21,25
timeStep,numberOfRobotsOnBlackSite,numberOfRobotsOnWhiteSite
18276,21,25
timeStep,numberOfRobotsOnBlackSite,numberOfRobotsOnWhiteSite
18277,21,25
timeStep,numberOfRobotsOnBlackSite,numberOfRobotsOnWhiteSite
18278,21,25
timeStep,numberOfRobotsOnBlackSite,numberOfRobotsOnWhiteSite
18279,21,25
timeStep,numberOfRobotsOnBlackSite,numberOfRobotsOnWhiteSite
18280,21,25
timeStep,numberOfRobotsOnBlackSite,numberOfRobotsOnWhiteSite
18281,21,25
timeStep,numberOfRobotsOnBlackSite,numberOfRobotsOnWhiteSite
18282,21,25
timeStep,numberOfRobotsOnBlackSite,numberOfRobotsOnWhiteSite
18283,21,25
timeStep,numberOfRobotsOnBlackSite,numberOfRobotsOnWhiteSite
18284,21,25
timeStep,numberOfRobotsOnBlackSite,numberOfRobotsOnWhiteSite
18285,21,25
timeStep,numberOfRobotsOnBlackSite,numberOfRobotsOnWhiteSite
18286,21,25
timeStep,numberOfRobotsOnBlackSite,numberOfRobotsOnWhiteSite
18287,21,25
timeStep,numberOfRobotsOnBlackSite,numberOfRobotsOnWhiteSite
18288,21,25
timeStep,numberOfRobotsOnBlackSite,numberOfRobotsOnWhiteSite
18289,21,25
timeStep,numberOfRobotsOnBlackSite,numberOfRobotsOnWhiteSite
18290,21,25
timeStep,numberOfRobotsOnBlackSite,numberOfRobotsOnWhiteSite
18291,21,25
timeStep,numberOfRobotsOnBlackSite,numberOfRobotsOnWhiteSite
18292,21,25
timeStep,numberOfRobotsOnBlackSite,numberOfRobotsOnWhiteSite
18293,21,25
timeStep,numberOfRobotsOnBlackSite,numberOfRobotsOnWhiteSite
18294,21,25
timeStep,numberOfRobotsOnBlackSite,numberOfRobotsOnWhiteSite
18295,21,25
timeStep,numberOfRobotsOnBlackSite,numberOfRobotsOnWhiteSite
18296,21,25
timeStep,numberOfRobotsOnBlackSite,numberOfRobotsOnWhiteSite
18297,21,25
timeStep,numberOfRobotsOnBlackSite,numberOfRobotsOnWhiteSite
18298,21,25
timeStep,numberOfRobotsOnBlackSite,numberOfRobotsOnWhiteSite
18299,21,25
timeStep,numberOfRobotsOnBlackSite,numberOfRobotsOnWhiteSite
18300,21,25
timeStep,numberOfRobotsOnBlackSite,numberOfRobotsOnWhiteSite
18301,21,25
timeStep,numberOfRobotsOnBlackSite,numberOfRobotsOnWhiteSite
18302,21,25
timeStep,numberOfRobotsOnBlackSite,numberOfRobotsOnWhiteSite
18303,21,25
timeStep,numberOfRobotsOnBlackSite,numberOfRobotsOnWhiteSite
18304,21,25
timeStep,numberOfRobotsOnBlackSite,numberOfRobotsOnWhiteSite
18305,21,25
timeStep,numberOfRobotsOnBlackSite,numberOfRobotsOnWhiteSite
18306,21,25
timeStep,numberOfRobotsOnBlackSite,numberOfRobotsOnWhiteSite
18307,21,25
timeStep,numberOfRobotsOnBlackSite,numberOfRobotsOnWhiteSite
18308,21,25
timeStep,numberOfRobotsOnBlackSite,numberOfRobotsOnWhiteSite
18309,21,25
timeStep,numberOfRobotsOnBlackSite,numberOfRobotsOnWhiteSite
18310,21,25
timeStep,numberOfRobotsOnBlackSite,numberOfRobotsOnWhiteSite
18311,21,25
timeStep,numberOfRobotsOnBlackSite,numberOfRobotsOnWhiteSite
18312,21,25
timeStep,numberOfRobotsOnBlackSite,numberOfRobotsOnWhiteSite
18313,21,25
timeStep,numberOfRobotsOnBlackSite,numberOfRobotsOnWhiteSite
18314,21,25
timeStep,numberOfRobotsOnBlackSite,numberOfRobotsOnWhiteSite
18315,21,25
timeStep,numberOfRobotsOnBlackSite,numberOfRobotsOnWhiteSite
18316,21,25
timeStep,numberOfRobotsOnBlackSite,numberOfRobotsOnWhiteSite
18317,21,25
timeStep,numberOfRobotsOnBlackSite,numberOfRobotsOnWhiteSite
18318,21,25
timeStep,numberOfRobotsOnBlackSite,numberOfRobotsOnWhiteSite
18319,21,25
timeStep,numberOfRobotsOnBlackSite,numberOfRobotsOnWhiteSite
18320,21,25
timeStep,numberOfRobotsOnBlackSite,numberOfRobotsOnWhiteSite
18321,21,25
timeStep,numberOfRobotsOnBlackSite,numberOfRobotsOnWhiteSite
18322,21,25
timeStep,numberOfRobotsOnBlackSite,numberOfRobotsOnWhiteSite
18323,21,25
timeStep,numberOfRobotsOnBlackSite,numberOfRobotsOnWhiteSite
18324,21,25
timeStep,numberOfRobotsOnBlackSite,numberOfRobotsOnWhiteSite
18325,21,25
timeStep,numberOfRobotsOnBlackSite,numberOfRobotsOnWhiteSite
18326,21,25
timeStep,numberOfRobotsOnBlackSite,numberOfRobotsOnWhiteSite
18327,21,25
timeStep,numberOfRobotsOnBlackSite,numberOfRobotsOnWhiteSite
18328,21,25
timeStep,numberOfRobotsOnBlackSite,numberOfRobotsOnWhiteSite
18329,21,25
timeStep,numberOfRobotsOnBlackSite,numberOfRobotsOnWhiteSite
18330,21,25
timeStep,numberOfRobotsOnBlackSite,numberOfRobotsOnWhiteSite
18331,21,25
timeStep,numberOfRobotsOnBlackSite,numberOfRobotsOnWhiteSite
18332,21,25
timeStep,numberOfRobotsOnBlackSite,numberOfRobotsOnWhiteSite
18333,21,25
timeStep,numberOfRobotsOnBlackSite,numberOfRobotsOnWhiteSite
18334,21,25
timeStep,numberOfRobotsOnBlackSite,numberOfRobotsOnWhiteSite
18335,21,25
timeStep,numberOfRobotsOnBlackSite,numberOfRobotsOnWhiteSite
18336,21,25
timeStep,numberOfRobotsOnBlackSite,numberOfRobotsOnWhiteSite
18337,21,25
timeStep,numberOfRobotsOnBlackSite,numberOfRobotsOnWhiteSite
18338,21,25
timeStep,numberOfRobotsOnBlackSite,numberOfRobotsOnWhiteSite
18339,21,25
timeStep,numberOfRobotsOnBlackSite,numberOfRobotsOnWhiteSite
18340,21,24
timeStep,numberOfRobotsOnBlackSite,numberOfRobotsOnWhiteSite
18341,21,24
timeStep,numberOfRobotsOnBlackSite,numberOfRobotsOnWhiteSite
18342,21,24
timeStep,numberOfRobotsOnBlackSite,numberOfRobotsOnWhiteSite
18343,21,24
timeStep,numberOfRobotsOnBlackSite,numberOfRobotsOnWhiteSite
18344,21,24
timeStep,numberOfRobotsOnBlackSite,numberOfRobotsOnWhiteSite
18345,21,24
timeStep,numberOfRobotsOnBlackSite,numberOfRobotsOnWhiteSite
18346,21,24
timeStep,numberOfRobotsOnBlackSite,numberOfRobotsOnWhiteSite
18347,21,24
timeStep,numberOfRobotsOnBlackSite,numberOfRobotsOnWhiteSite
18348,21,24
timeStep,numberOfRobotsOnBlackSite,numberOfRobotsOnWhiteSite
18349,21,24
timeStep,numberOfRobotsOnBlackSite,numberOfRobotsOnWhiteSite
18350,21,24
timeStep,numberOfRobotsOnBlackSite,numberOfRobotsOnWhiteSite
18351,21,24
timeStep,numberOfRobotsOnBlackSite,numberOfRobotsOnWhiteSite
18352,21,24
timeStep,numberOfRobotsOnBlackSite,numberOfRobotsOnWhiteSite
18353,21,24
timeStep,numberOfRobotsOnBlackSite,numberOfRobotsOnWhiteSite
18354,21,24
timeStep,numberOfRobotsOnBlackSite,numberOfRobotsOnWhiteSite
18355,21,24
timeStep,numberOfRobotsOnBlackSite,numberOfRobotsOnWhiteSite
18356,21,24
timeStep,numberOfRobotsOnBlackSite,numberOfRobotsOnWhiteSite
18357,21,24
timeStep,numberOfRobotsOnBlackSite,numberOfRobotsOnWhiteSite
18358,21,24
timeStep,numberOfRobotsOnBlackSite,numberOfRobotsOnWhiteSite
18359,21,24
timeStep,numberOfRobotsOnBlackSite,numberOfRobotsOnWhiteSite
18360,21,24
timeStep,numberOfRobotsOnBlackSite,numberOfRobotsOnWhiteSite
18361,21,24
timeStep,numberOfRobotsOnBlackSite,numberOfRobotsOnWhiteSite
18362,21,24
timeStep,numberOfRobotsOnBlackSite,numberOfRobotsOnWhiteSite
18363,21,24
timeStep,numberOfRobotsOnBlackSite,numberOfRobotsOnWhiteSite
18364,21,24
timeStep,numberOfRobotsOnBlackSite,numberOfRobotsOnWhiteSite
18365,21,24
timeStep,numberOfRobotsOnBlackSite,numberOfRobotsOnWhiteSite
18366,21,24
timeStep,numberOfRobotsOnBlackSite,numberOfRobotsOnWhiteSite
18367,21,24
timeStep,numberOfRobotsOnBlackSite,numberOfRobotsOnWhiteSite
18368,21,24
timeStep,numberOfRobotsOnBlackSite,numberOfRobotsOnWhiteSite
18369,21,24
timeStep,numberOfRobotsOnBlackSite,numberOfRobotsOnWhiteSite
18370,21,24
timeStep,numberOfRobotsOnBlackSite,numberOfRobotsOnWhiteSite
18371,21,24
timeStep,numberOfRobotsOnBlackSite,numberOfRobotsOnWhiteSite
18372,21,24
timeStep,numberOfRobotsOnBlackSite,numberOfRobotsOnWhiteSite
18373,21,24
timeStep,numberOfRobotsOnBlackSite,numberOfRobotsOnWhiteSite
18374,21,24
timeStep,numberOfRobotsOnBlackSite,numberOfRobotsOnWhiteSite
18375,21,24
timeStep,numberOfRobotsOnBlackSite,numberOfRobotsOnWhiteSite
18376,21,24
timeStep,numberOfRobotsOnBlackSite,numberOfRobotsOnWhiteSite
18377,21,24
timeStep,numberOfRobotsOnBlackSite,numberOfRobotsOnWhiteSite
18378,21,24
timeStep,numberOfRobotsOnBlackSite,numberOfRobotsOnWhiteSite
18379,21,24
timeStep,numberOfRobotsOnBlackSite,numberOfRobotsOnWhiteSite
18380,21,24
timeStep,numberOfRobotsOnBlackSite,numberOfRobotsOnWhiteSite
18381,21,24
timeStep,numberOfRobotsOnBlackSite,numberOfRobotsOnWhiteSite
18382,21,24
timeStep,numberOfRobotsOnBlackSite,numberOfRobotsOnWhiteSite
18383,21,24
timeStep,numberOfRobotsOnBlackSite,numberOfRobotsOnWhiteSite
18384,21,24
timeStep,numberOfRobotsOnBlackSite,numberOfRobotsOnWhiteSite
18385,21,24
timeStep,numberOfRobotsOnBlackSite,numberOfRobotsOnWhiteSite
18386,21,24
timeStep,numberOfRobotsOnBlackSite,numberOfRobotsOnWhiteSite
18387,21,24
timeStep,numberOfRobotsOnBlackSite,numberOfRobotsOnWhiteSite
18388,21,24
timeStep,numberOfRobotsOnBlackSite,numberOfRobotsOnWhiteSite
18389,21,24
timeStep,numberOfRobotsOnBlackSite,numberOfRobotsOnWhiteSite
18390,21,24
timeStep,numberOfRobotsOnBlackSite,numberOfRobotsOnWhiteSite
18391,21,24
timeStep,numberOfRobotsOnBlackSite,numberOfRobotsOnWhiteSite
18392,21,24
timeStep,numberOfRobotsOnBlackSite,numberOfRobotsOnWhiteSite
18393,21,24
timeStep,numberOfRobotsOnBlackSite,numberOfRobotsOnWhiteSite
18394,21,24
timeStep,numberOfRobotsOnBlackSite,numberOfRobotsOnWhiteSite
18395,21,24
timeStep,numberOfRobotsOnBlackSite,numberOfRobotsOnWhiteSite
18396,21,24
timeStep,numberOfRobotsOnBlackSite,numberOfRobotsOnWhiteSite
18397,21,24
timeStep,numberOfRobotsOnBlackSite,numberOfRobotsOnWhiteSite
18398,21,24
timeStep,numberOfRobotsOnBlackSite,numberOfRobotsOnWhiteSite
18399,21,24
timeStep,numberOfRobotsOnBlackSite,numberOfRobotsOnWhiteSite
18400,21,24
timeStep,numberOfRobotsOnBlackSite,numberOfRobotsOnWhiteSite
18401,21,24
timeStep,numberOfRobotsOnBlackSite,numberOfRobotsOnWhiteSite
18402,21,24
timeStep,numberOfRobotsOnBlackSite,numberOfRobotsOnWhiteSite
18403,21,24
timeStep,numberOfRobotsOnBlackSite,numberOfRobotsOnWhiteSite
18404,21,24
timeStep,numberOfRobotsOnBlackSite,numberOfRobotsOnWhiteSite
18405,21,24
timeStep,numberOfRobotsOnBlackSite,numberOfRobotsOnWhiteSite
18406,21,24
timeStep,numberOfRobotsOnBlackSite,numberOfRobotsOnWhiteSite
18407,21,24
timeStep,numberOfRobotsOnBlackSite,numberOfRobotsOnWhiteSite
18408,21,24
timeStep,numberOfRobotsOnBlackSite,numberOfRobotsOnWhiteSite
18409,21,24
timeStep,numberOfRobotsOnBlackSite,numberOfRobotsOnWhiteSite
18410,21,24
timeStep,numberOfRobotsOnBlackSite,numberOfRobotsOnWhiteSite
18411,21,24
timeStep,numberOfRobotsOnBlackSite,numberOfRobotsOnWhiteSite
18412,21,24
timeStep,numberOfRobotsOnBlackSite,numberOfRobotsOnWhiteSite
18413,21,24
timeStep,numberOfRobotsOnBlackSite,numberOfRobotsOnWhiteSite
18414,21,24
timeStep,numberOfRobotsOnBlackSite,numberOfRobotsOnWhiteSite
18415,21,24
timeStep,numberOfRobotsOnBlackSite,numberOfRobotsOnWhiteSite
18416,21,24
timeStep,numberOfRobotsOnBlackSite,numberOfRobotsOnWhiteSite
18417,21,24
timeStep,numberOfRobotsOnBlackSite,numberOfRobotsOnWhiteSite
18418,21,24
timeStep,numberOfRobotsOnBlackSite,numberOfRobotsOnWhiteSite
18419,21,24
timeStep,numberOfRobotsOnBlackSite,numberOfRobotsOnWhiteSite
18420,21,24
timeStep,numberOfRobotsOnBlackSite,numberOfRobotsOnWhiteSite
18421,21,24
timeStep,numberOfRobotsOnBlackSite,numberOfRobotsOnWhiteSite
18422,21,24
timeStep,numberOfRobotsOnBlackSite,numberOfRobotsOnWhiteSite
18423,21,24
timeStep,numberOfRobotsOnBlackSite,numberOfRobotsOnWhiteSite
18424,21,24
timeStep,numberOfRobotsOnBlackSite,numberOfRobotsOnWhiteSite
18425,21,24
timeStep,numberOfRobotsOnBlackSite,numberOfRobotsOnWhiteSite
18426,21,24
timeStep,numberOfRobotsOnBlackSite,numberOfRobotsOnWhiteSite
18427,21,24
timeStep,numberOfRobotsOnBlackSite,numberOfRobotsOnWhiteSite
18428,21,24
timeStep,numberOfRobotsOnBlackSite,numberOfRobotsOnWhiteSite
18429,21,24
timeStep,numberOfRobotsOnBlackSite,numberOfRobotsOnWhiteSite
18430,21,24
timeStep,numberOfRobotsOnBlackSite,numberOfRobotsOnWhiteSite
18431,21,24
timeStep,numberOfRobotsOnBlackSite,numberOfRobotsOnWhiteSite
18432,21,24
timeStep,numberOfRobotsOnBlackSite,numberOfRobotsOnWhiteSite
18433,21,24
timeStep,numberOfRobotsOnBlackSite,numberOfRobotsOnWhiteSite
18434,21,24
timeStep,numberOfRobotsOnBlackSite,numberOfRobotsOnWhiteSite
18435,21,24
timeStep,numberOfRobotsOnBlackSite,numberOfRobotsOnWhiteSite
18436,21,24
timeStep,numberOfRobotsOnBlackSite,numberOfRobotsOnWhiteSite
18437,21,24
timeStep,numberOfRobotsOnBlackSite,numberOfRobotsOnWhiteSite
18438,21,24
timeStep,numberOfRobotsOnBlackSite,numberOfRobotsOnWhiteSite
18439,21,24
timeStep,numberOfRobotsOnBlackSite,numberOfRobotsOnWhiteSite
18440,21,24
timeStep,numberOfRobotsOnBlackSite,numberOfRobotsOnWhiteSite
18441,21,24
timeStep,numberOfRobotsOnBlackSite,numberOfRobotsOnWhiteSite
18442,21,24
timeStep,numberOfRobotsOnBlackSite,numberOfRobotsOnWhiteSite
18443,21,24
timeStep,numberOfRobotsOnBlackSite,numberOfRobotsOnWhiteSite
18444,21,24
timeStep,numberOfRobotsOnBlackSite,numberOfRobotsOnWhiteSite
18445,21,24
timeStep,numberOfRobotsOnBlackSite,numberOfRobotsOnWhiteSite
18446,21,24
timeStep,numberOfRobotsOnBlackSite,numberOfRobotsOnWhiteSite
18447,21,24
timeStep,numberOfRobotsOnBlackSite,numberOfRobotsOnWhiteSite
18448,21,24
timeStep,numberOfRobotsOnBlackSite,numberOfRobotsOnWhiteSite
18449,21,24
timeStep,numberOfRobotsOnBlackSite,numberOfRobotsOnWhiteSite
18450,21,24
timeStep,numberOfRobotsOnBlackSite,numberOfRobotsOnWhiteSite
18451,21,24
timeStep,numberOfRobotsOnBlackSite,numberOfRobotsOnWhiteSite
18452,21,24
timeStep,numberOfRobotsOnBlackSite,numberOfRobotsOnWhiteSite
18453,21,24
timeStep,numberOfRobotsOnBlackSite,numberOfRobotsOnWhiteSite
18454,21,24
timeStep,numberOfRobotsOnBlackSite,numberOfRobotsOnWhiteSite
18455,21,24
timeStep,numberOfRobotsOnBlackSite,numberOfRobotsOnWhiteSite
18456,21,24
timeStep,numberOfRobotsOnBlackSite,numberOfRobotsOnWhiteSite
18457,21,24
timeStep,numberOfRobotsOnBlackSite,numberOfRobotsOnWhiteSite
18458,21,24
timeStep,numberOfRobotsOnBlackSite,numberOfRobotsOnWhiteSite
18459,21,24
timeStep,numberOfRobotsOnBlackSite,numberOfRobotsOnWhiteSite
18460,21,24
timeStep,numberOfRobotsOnBlackSite,numberOfRobotsOnWhiteSite
18461,21,24
timeStep,numberOfRobotsOnBlackSite,numberOfRobotsOnWhiteSite
18462,21,24
timeStep,numberOfRobotsOnBlackSite,numberOfRobotsOnWhiteSite
18463,21,24
timeStep,numberOfRobotsOnBlackSite,numberOfRobotsOnWhiteSite
18464,21,24
timeStep,numberOfRobotsOnBlackSite,numberOfRobotsOnWhiteSite
18465,21,24
timeStep,numberOfRobotsOnBlackSite,numberOfRobotsOnWhiteSite
18466,21,24
timeStep,numberOfRobotsOnBlackSite,numberOfRobotsOnWhiteSite
18467,21,24
timeStep,numberOfRobotsOnBlackSite,numberOfRobotsOnWhiteSite
18468,21,24
timeStep,numberOfRobotsOnBlackSite,numberOfRobotsOnWhiteSite
18469,21,24
timeStep,numberOfRobotsOnBlackSite,numberOfRobotsOnWhiteSite
18470,21,24
timeStep,numberOfRobotsOnBlackSite,numberOfRobotsOnWhiteSite
18471,21,24
timeStep,numberOfRobotsOnBlackSite,numberOfRobotsOnWhiteSite
18472,21,24
timeStep,numberOfRobotsOnBlackSite,numberOfRobotsOnWhiteSite
18473,21,24
timeStep,numberOfRobotsOnBlackSite,numberOfRobotsOnWhiteSite
18474,21,24
timeStep,numberOfRobotsOnBlackSite,numberOfRobotsOnWhiteSite
18475,21,24
timeStep,numberOfRobotsOnBlackSite,numberOfRobotsOnWhiteSite
18476,21,24
timeStep,numberOfRobotsOnBlackSite,numberOfRobotsOnWhiteSite
18477,21,24
timeStep,numberOfRobotsOnBlackSite,numberOfRobotsOnWhiteSite
18478,21,24
timeStep,numberOfRobotsOnBlackSite,numberOfRobotsOnWhiteSite
18479,21,24
timeStep,numberOfRobotsOnBlackSite,numberOfRobotsOnWhiteSite
18480,21,24
timeStep,numberOfRobotsOnBlackSite,numberOfRobotsOnWhiteSite
18481,21,24
timeStep,numberOfRobotsOnBlackSite,numberOfRobotsOnWhiteSite
18482,21,24
timeStep,numberOfRobotsOnBlackSite,numberOfRobotsOnWhiteSite
18483,21,24
timeStep,numberOfRobotsOnBlackSite,numberOfRobotsOnWhiteSite
18484,21,24
timeStep,numberOfRobotsOnBlackSite,numberOfRobotsOnWhiteSite
18485,21,24
timeStep,numberOfRobotsOnBlackSite,numberOfRobotsOnWhiteSite
18486,21,24
timeStep,numberOfRobotsOnBlackSite,numberOfRobotsOnWhiteSite
18487,21,24
timeStep,numberOfRobotsOnBlackSite,numberOfRobotsOnWhiteSite
18488,21,24
timeStep,numberOfRobotsOnBlackSite,numberOfRobotsOnWhiteSite
18489,21,24
timeStep,numberOfRobotsOnBlackSite,numberOfRobotsOnWhiteSite
18490,21,24
timeStep,numberOfRobotsOnBlackSite,numberOfRobotsOnWhiteSite
18491,21,24
timeStep,numberOfRobotsOnBlackSite,numberOfRobotsOnWhiteSite
18492,21,24
timeStep,numberOfRobotsOnBlackSite,numberOfRobotsOnWhiteSite
18493,21,24
timeStep,numberOfRobotsOnBlackSite,numberOfRobotsOnWhiteSite
18494,21,24
timeStep,numberOfRobotsOnBlackSite,numberOfRobotsOnWhiteSite
18495,21,24
timeStep,numberOfRobotsOnBlackSite,numberOfRobotsOnWhiteSite
18496,21,24
timeStep,numberOfRobotsOnBlackSite,numberOfRobotsOnWhiteSite
18497,21,24
timeStep,numberOfRobotsOnBlackSite,numberOfRobotsOnWhiteSite
18498,21,24
timeStep,numberOfRobotsOnBlackSite,numberOfRobotsOnWhiteSite
18499,21,24
timeStep,numberOfRobotsOnBlackSite,numberOfRobotsOnWhiteSite
18500,21,24
timeStep,numberOfRobotsOnBlackSite,numberOfRobotsOnWhiteSite
18501,21,24
timeStep,numberOfRobotsOnBlackSite,numberOfRobotsOnWhiteSite
18502,21,24
timeStep,numberOfRobotsOnBlackSite,numberOfRobotsOnWhiteSite
18503,21,24
timeStep,numberOfRobotsOnBlackSite,numberOfRobotsOnWhiteSite
18504,21,24
timeStep,numberOfRobotsOnBlackSite,numberOfRobotsOnWhiteSite
18505,21,24
timeStep,numberOfRobotsOnBlackSite,numberOfRobotsOnWhiteSite
18506,21,24
timeStep,numberOfRobotsOnBlackSite,numberOfRobotsOnWhiteSite
18507,21,24
timeStep,numberOfRobotsOnBlackSite,numberOfRobotsOnWhiteSite
18508,21,24
timeStep,numberOfRobotsOnBlackSite,numberOfRobotsOnWhiteSite
18509,21,24
timeStep,numberOfRobotsOnBlackSite,numberOfRobotsOnWhiteSite
18510,21,24
timeStep,numberOfRobotsOnBlackSite,numberOfRobotsOnWhiteSite
18511,21,24
timeStep,numberOfRobotsOnBlackSite,numberOfRobotsOnWhiteSite
18512,21,24
timeStep,numberOfRobotsOnBlackSite,numberOfRobotsOnWhiteSite
18513,21,24
timeStep,numberOfRobotsOnBlackSite,numberOfRobotsOnWhiteSite
18514,21,24
timeStep,numberOfRobotsOnBlackSite,numberOfRobotsOnWhiteSite
18515,21,24
timeStep,numberOfRobotsOnBlackSite,numberOfRobotsOnWhiteSite
18516,21,24
timeStep,numberOfRobotsOnBlackSite,numberOfRobotsOnWhiteSite
18517,21,24
timeStep,numberOfRobotsOnBlackSite,numberOfRobotsOnWhiteSite
18518,21,24
timeStep,numberOfRobotsOnBlackSite,numberOfRobotsOnWhiteSite
18519,21,24
timeStep,numberOfRobotsOnBlackSite,numberOfRobotsOnWhiteSite
18520,21,24
timeStep,numberOfRobotsOnBlackSite,numberOfRobotsOnWhiteSite
18521,21,24
timeStep,numberOfRobotsOnBlackSite,numberOfRobotsOnWhiteSite
18522,21,24
timeStep,numberOfRobotsOnBlackSite,numberOfRobotsOnWhiteSite
18523,21,24
timeStep,numberOfRobotsOnBlackSite,numberOfRobotsOnWhiteSite
18524,21,24
timeStep,numberOfRobotsOnBlackSite,numberOfRobotsOnWhiteSite
18525,21,24
timeStep,numberOfRobotsOnBlackSite,numberOfRobotsOnWhiteSite
18526,21,24
timeStep,numberOfRobotsOnBlackSite,numberOfRobotsOnWhiteSite
18527,21,24
timeStep,numberOfRobotsOnBlackSite,numberOfRobotsOnWhiteSite
18528,21,24
timeStep,numberOfRobotsOnBlackSite,numberOfRobotsOnWhiteSite
18529,21,24
timeStep,numberOfRobotsOnBlackSite,numberOfRobotsOnWhiteSite
18530,21,24
timeStep,numberOfRobotsOnBlackSite,numberOfRobotsOnWhiteSite
18531,21,24
timeStep,numberOfRobotsOnBlackSite,numberOfRobotsOnWhiteSite
18532,21,24
timeStep,numberOfRobotsOnBlackSite,numberOfRobotsOnWhiteSite
18533,21,24
timeStep,numberOfRobotsOnBlackSite,numberOfRobotsOnWhiteSite
18534,21,24
timeStep,numberOfRobotsOnBlackSite,numberOfRobotsOnWhiteSite
18535,21,24
timeStep,numberOfRobotsOnBlackSite,numberOfRobotsOnWhiteSite
18536,21,24
timeStep,numberOfRobotsOnBlackSite,numberOfRobotsOnWhiteSite
18537,21,24
timeStep,numberOfRobotsOnBlackSite,numberOfRobotsOnWhiteSite
18538,21,24
timeStep,numberOfRobotsOnBlackSite,numberOfRobotsOnWhiteSite
18539,21,24
timeStep,numberOfRobotsOnBlackSite,numberOfRobotsOnWhiteSite
18540,21,24
timeStep,numberOfRobotsOnBlackSite,numberOfRobotsOnWhiteSite
18541,21,24
timeStep,numberOfRobotsOnBlackSite,numberOfRobotsOnWhiteSite
18542,21,24
timeStep,numberOfRobotsOnBlackSite,numberOfRobotsOnWhiteSite
18543,21,24
timeStep,numberOfRobotsOnBlackSite,numberOfRobotsOnWhiteSite
18544,21,24
timeStep,numberOfRobotsOnBlackSite,numberOfRobotsOnWhiteSite
18545,21,24
timeStep,numberOfRobotsOnBlackSite,numberOfRobotsOnWhiteSite
18546,21,24
timeStep,numberOfRobotsOnBlackSite,numberOfRobotsOnWhiteSite
18547,21,24
timeStep,numberOfRobotsOnBlackSite,numberOfRobotsOnWhiteSite
18548,21,24
timeStep,numberOfRobotsOnBlackSite,numberOfRobotsOnWhiteSite
18549,21,24
timeStep,numberOfRobotsOnBlackSite,numberOfRobotsOnWhiteSite
18550,21,24
timeStep,numberOfRobotsOnBlackSite,numberOfRobotsOnWhiteSite
18551,21,24
timeStep,numberOfRobotsOnBlackSite,numberOfRobotsOnWhiteSite
18552,21,24
timeStep,numberOfRobotsOnBlackSite,numberOfRobotsOnWhiteSite
18553,21,24
timeStep,numberOfRobotsOnBlackSite,numberOfRobotsOnWhiteSite
18554,21,24
timeStep,numberOfRobotsOnBlackSite,numberOfRobotsOnWhiteSite
18555,21,24
timeStep,numberOfRobotsOnBlackSite,numberOfRobotsOnWhiteSite
18556,21,24
timeStep,numberOfRobotsOnBlackSite,numberOfRobotsOnWhiteSite
18557,21,24
timeStep,numberOfRobotsOnBlackSite,numberOfRobotsOnWhiteSite
18558,21,24
timeStep,numberOfRobotsOnBlackSite,numberOfRobotsOnWhiteSite
18559,21,24
timeStep,numberOfRobotsOnBlackSite,numberOfRobotsOnWhiteSite
18560,21,24
timeStep,numberOfRobotsOnBlackSite,numberOfRobotsOnWhiteSite
18561,21,24
timeStep,numberOfRobotsOnBlackSite,numberOfRobotsOnWhiteSite
18562,21,24
timeStep,numberOfRobotsOnBlackSite,numberOfRobotsOnWhiteSite
18563,21,24
timeStep,numberOfRobotsOnBlackSite,numberOfRobotsOnWhiteSite
18564,21,24
timeStep,numberOfRobotsOnBlackSite,numberOfRobotsOnWhiteSite
18565,21,24
timeStep,numberOfRobotsOnBlackSite,numberOfRobotsOnWhiteSite
18566,21,24
timeStep,numberOfRobotsOnBlackSite,numberOfRobotsOnWhiteSite
18567,21,24
timeStep,numberOfRobotsOnBlackSite,numberOfRobotsOnWhiteSite
18568,21,24
timeStep,numberOfRobotsOnBlackSite,numberOfRobotsOnWhiteSite
18569,21,24
timeStep,numberOfRobotsOnBlackSite,numberOfRobotsOnWhiteSite
18570,21,24
timeStep,numberOfRobotsOnBlackSite,numberOfRobotsOnWhiteSite
18571,21,24
timeStep,numberOfRobotsOnBlackSite,numberOfRobotsOnWhiteSite
18572,21,24
timeStep,numberOfRobotsOnBlackSite,numberOfRobotsOnWhiteSite
18573,21,24
timeStep,numberOfRobotsOnBlackSite,numberOfRobotsOnWhiteSite
18574,21,24
timeStep,numberOfRobotsOnBlackSite,numberOfRobotsOnWhiteSite
18575,21,24
timeStep,numberOfRobotsOnBlackSite,numberOfRobotsOnWhiteSite
18576,21,24
timeStep,numberOfRobotsOnBlackSite,numberOfRobotsOnWhiteSite
18577,21,24
timeStep,numberOfRobotsOnBlackSite,numberOfRobotsOnWhiteSite
18578,21,24
timeStep,numberOfRobotsOnBlackSite,numberOfRobotsOnWhiteSite
18579,21,24
timeStep,numberOfRobotsOnBlackSite,numberOfRobotsOnWhiteSite
18580,21,24
timeStep,numberOfRobotsOnBlackSite,numberOfRobotsOnWhiteSite
18581,21,24
timeStep,numberOfRobotsOnBlackSite,numberOfRobotsOnWhiteSite
18582,21,24
timeStep,numberOfRobotsOnBlackSite,numberOfRobotsOnWhiteSite
18583,21,24
timeStep,numberOfRobotsOnBlackSite,numberOfRobotsOnWhiteSite
18584,21,24
timeStep,numberOfRobotsOnBlackSite,numberOfRobotsOnWhiteSite
18585,21,24
timeStep,numberOfRobotsOnBlackSite,numberOfRobotsOnWhiteSite
18586,21,24
timeStep,numberOfRobotsOnBlackSite,numberOfRobotsOnWhiteSite
18587,21,24
timeStep,numberOfRobotsOnBlackSite,numberOfRobotsOnWhiteSite
18588,21,24
timeStep,numberOfRobotsOnBlackSite,numberOfRobotsOnWhiteSite
18589,21,24
timeStep,numberOfRobotsOnBlackSite,numberOfRobotsOnWhiteSite
18590,21,24
timeStep,numberOfRobotsOnBlackSite,numberOfRobotsOnWhiteSite
18591,21,24
timeStep,numberOfRobotsOnBlackSite,numberOfRobotsOnWhiteSite
18592,21,24
timeStep,numberOfRobotsOnBlackSite,numberOfRobotsOnWhiteSite
18593,21,24
timeStep,numberOfRobotsOnBlackSite,numberOfRobotsOnWhiteSite
18594,21,24
timeStep,numberOfRobotsOnBlackSite,numberOfRobotsOnWhiteSite
18595,21,24
timeStep,numberOfRobotsOnBlackSite,numberOfRobotsOnWhiteSite
18596,21,24
timeStep,numberOfRobotsOnBlackSite,numberOfRobotsOnWhiteSite
18597,21,24
timeStep,numberOfRobotsOnBlackSite,numberOfRobotsOnWhiteSite
18598,21,24
timeStep,numberOfRobotsOnBlackSite,numberOfRobotsOnWhiteSite
18599,21,24
timeStep,numberOfRobotsOnBlackSite,numberOfRobotsOnWhiteSite
18600,21,24
timeStep,numberOfRobotsOnBlackSite,numberOfRobotsOnWhiteSite
18601,21,24
timeStep,numberOfRobotsOnBlackSite,numberOfRobotsOnWhiteSite
18602,21,24
timeStep,numberOfRobotsOnBlackSite,numberOfRobotsOnWhiteSite
18603,21,24
timeStep,numberOfRobotsOnBlackSite,numberOfRobotsOnWhiteSite
18604,21,24
timeStep,numberOfRobotsOnBlackSite,numberOfRobotsOnWhiteSite
18605,21,24
timeStep,numberOfRobotsOnBlackSite,numberOfRobotsOnWhiteSite
18606,21,24
timeStep,numberOfRobotsOnBlackSite,numberOfRobotsOnWhiteSite
18607,21,24
timeStep,numberOfRobotsOnBlackSite,numberOfRobotsOnWhiteSite
18608,21,24
timeStep,numberOfRobotsOnBlackSite,numberOfRobotsOnWhiteSite
18609,21,24
timeStep,numberOfRobotsOnBlackSite,numberOfRobotsOnWhiteSite
18610,21,24
timeStep,numberOfRobotsOnBlackSite,numberOfRobotsOnWhiteSite
18611,21,24
timeStep,numberOfRobotsOnBlackSite,numberOfRobotsOnWhiteSite
18612,21,24
timeStep,numberOfRobotsOnBlackSite,numberOfRobotsOnWhiteSite
18613,21,24
timeStep,numberOfRobotsOnBlackSite,numberOfRobotsOnWhiteSite
18614,21,24
timeStep,numberOfRobotsOnBlackSite,numberOfRobotsOnWhiteSite
18615,21,24
timeStep,numberOfRobotsOnBlackSite,numberOfRobotsOnWhiteSite
18616,21,24
timeStep,numberOfRobotsOnBlackSite,numberOfRobotsOnWhiteSite
18617,21,24
timeStep,numberOfRobotsOnBlackSite,numberOfRobotsOnWhiteSite
18618,21,24
timeStep,numberOfRobotsOnBlackSite,numberOfRobotsOnWhiteSite
18619,21,24
timeStep,numberOfRobotsOnBlackSite,numberOfRobotsOnWhiteSite
18620,21,24
timeStep,numberOfRobotsOnBlackSite,numberOfRobotsOnWhiteSite
18621,21,24
timeStep,numberOfRobotsOnBlackSite,numberOfRobotsOnWhiteSite
18622,21,24
timeStep,numberOfRobotsOnBlackSite,numberOfRobotsOnWhiteSite
18623,21,24
timeStep,numberOfRobotsOnBlackSite,numberOfRobotsOnWhiteSite
18624,21,24
timeStep,numberOfRobotsOnBlackSite,numberOfRobotsOnWhiteSite
18625,21,24
timeStep,numberOfRobotsOnBlackSite,numberOfRobotsOnWhiteSite
18626,21,24
timeStep,numberOfRobotsOnBlackSite,numberOfRobotsOnWhiteSite
18627,21,24
timeStep,numberOfRobotsOnBlackSite,numberOfRobotsOnWhiteSite
18628,21,24
timeStep,numberOfRobotsOnBlackSite,numberOfRobotsOnWhiteSite
18629,21,24
timeStep,numberOfRobotsOnBlackSite,numberOfRobotsOnWhiteSite
18630,21,24
timeStep,numberOfRobotsOnBlackSite,numberOfRobotsOnWhiteSite
18631,21,24
timeStep,numberOfRobotsOnBlackSite,numberOfRobotsOnWhiteSite
18632,21,24
timeStep,numberOfRobotsOnBlackSite,numberOfRobotsOnWhiteSite
18633,21,24
timeStep,numberOfRobotsOnBlackSite,numberOfRobotsOnWhiteSite
18634,21,24
timeStep,numberOfRobotsOnBlackSite,numberOfRobotsOnWhiteSite
18635,21,24
timeStep,numberOfRobotsOnBlackSite,numberOfRobotsOnWhiteSite
18636,21,24
timeStep,numberOfRobotsOnBlackSite,numberOfRobotsOnWhiteSite
18637,21,24
timeStep,numberOfRobotsOnBlackSite,numberOfRobotsOnWhiteSite
18638,21,24
timeStep,numberOfRobotsOnBlackSite,numberOfRobotsOnWhiteSite
18639,21,24
timeStep,numberOfRobotsOnBlackSite,numberOfRobotsOnWhiteSite
18640,21,24
timeStep,numberOfRobotsOnBlackSite,numberOfRobotsOnWhiteSite
18641,21,24
timeStep,numberOfRobotsOnBlackSite,numberOfRobotsOnWhiteSite
18642,21,24
timeStep,numberOfRobotsOnBlackSite,numberOfRobotsOnWhiteSite
18643,21,24
timeStep,numberOfRobotsOnBlackSite,numberOfRobotsOnWhiteSite
18644,21,24
timeStep,numberOfRobotsOnBlackSite,numberOfRobotsOnWhiteSite
18645,21,24
timeStep,numberOfRobotsOnBlackSite,numberOfRobotsOnWhiteSite
18646,21,24
timeStep,numberOfRobotsOnBlackSite,numberOfRobotsOnWhiteSite
18647,21,24
timeStep,numberOfRobotsOnBlackSite,numberOfRobotsOnWhiteSite
18648,21,24
timeStep,numberOfRobotsOnBlackSite,numberOfRobotsOnWhiteSite
18649,21,24
timeStep,numberOfRobotsOnBlackSite,numberOfRobotsOnWhiteSite
18650,21,24
timeStep,numberOfRobotsOnBlackSite,numberOfRobotsOnWhiteSite
18651,21,24
timeStep,numberOfRobotsOnBlackSite,numberOfRobotsOnWhiteSite
18652,21,24
timeStep,numberOfRobotsOnBlackSite,numberOfRobotsOnWhiteSite
18653,21,24
timeStep,numberOfRobotsOnBlackSite,numberOfRobotsOnWhiteSite
18654,21,24
timeStep,numberOfRobotsOnBlackSite,numberOfRobotsOnWhiteSite
18655,21,24
timeStep,numberOfRobotsOnBlackSite,numberOfRobotsOnWhiteSite
18656,21,24
timeStep,numberOfRobotsOnBlackSite,numberOfRobotsOnWhiteSite
18657,21,24
timeStep,numberOfRobotsOnBlackSite,numberOfRobotsOnWhiteSite
18658,21,24
timeStep,numberOfRobotsOnBlackSite,numberOfRobotsOnWhiteSite
18659,21,24
timeStep,numberOfRobotsOnBlackSite,numberOfRobotsOnWhiteSite
18660,21,24
timeStep,numberOfRobotsOnBlackSite,numberOfRobotsOnWhiteSite
18661,21,24
timeStep,numberOfRobotsOnBlackSite,numberOfRobotsOnWhiteSite
18662,21,24
timeStep,numberOfRobotsOnBlackSite,numberOfRobotsOnWhiteSite
18663,21,24
timeStep,numberOfRobotsOnBlackSite,numberOfRobotsOnWhiteSite
18664,21,24
timeStep,numberOfRobotsOnBlackSite,numberOfRobotsOnWhiteSite
18665,21,24
timeStep,numberOfRobotsOnBlackSite,numberOfRobotsOnWhiteSite
18666,21,24
timeStep,numberOfRobotsOnBlackSite,numberOfRobotsOnWhiteSite
18667,21,24
timeStep,numberOfRobotsOnBlackSite,numberOfRobotsOnWhiteSite
18668,21,24
timeStep,numberOfRobotsOnBlackSite,numberOfRobotsOnWhiteSite
18669,21,24
timeStep,numberOfRobotsOnBlackSite,numberOfRobotsOnWhiteSite
18670,21,24
timeStep,numberOfRobotsOnBlackSite,numberOfRobotsOnWhiteSite
18671,21,24
timeStep,numberOfRobotsOnBlackSite,numberOfRobotsOnWhiteSite
18672,21,24
timeStep,numberOfRobotsOnBlackSite,numberOfRobotsOnWhiteSite
18673,21,24
timeStep,numberOfRobotsOnBlackSite,numberOfRobotsOnWhiteSite
18674,21,24
timeStep,numberOfRobotsOnBlackSite,numberOfRobotsOnWhiteSite
18675,21,24
timeStep,numberOfRobotsOnBlackSite,numberOfRobotsOnWhiteSite
18676,21,24
timeStep,numberOfRobotsOnBlackSite,numberOfRobotsOnWhiteSite
18677,21,24
timeStep,numberOfRobotsOnBlackSite,numberOfRobotsOnWhiteSite
18678,21,24
timeStep,numberOfRobotsOnBlackSite,numberOfRobotsOnWhiteSite
18679,21,24
timeStep,numberOfRobotsOnBlackSite,numberOfRobotsOnWhiteSite
18680,21,24
timeStep,numberOfRobotsOnBlackSite,numberOfRobotsOnWhiteSite
18681,21,24
timeStep,numberOfRobotsOnBlackSite,numberOfRobotsOnWhiteSite
18682,21,24
timeStep,numberOfRobotsOnBlackSite,numberOfRobotsOnWhiteSite
18683,21,24
timeStep,numberOfRobotsOnBlackSite,numberOfRobotsOnWhiteSite
18684,21,24
timeStep,numberOfRobotsOnBlackSite,numberOfRobotsOnWhiteSite
18685,21,24
timeStep,numberOfRobotsOnBlackSite,numberOfRobotsOnWhiteSite
18686,21,24
timeStep,numberOfRobotsOnBlackSite,numberOfRobotsOnWhiteSite
18687,21,24
timeStep,numberOfRobotsOnBlackSite,numberOfRobotsOnWhiteSite
18688,21,24
timeStep,numberOfRobotsOnBlackSite,numberOfRobotsOnWhiteSite
18689,21,24
timeStep,numberOfRobotsOnBlackSite,numberOfRobotsOnWhiteSite
18690,21,25
timeStep,numberOfRobotsOnBlackSite,numberOfRobotsOnWhiteSite
18691,21,25
timeStep,numberOfRobotsOnBlackSite,numberOfRobotsOnWhiteSite
18692,21,25
timeStep,numberOfRobotsOnBlackSite,numberOfRobotsOnWhiteSite
18693,21,25
timeStep,numberOfRobotsOnBlackSite,numberOfRobotsOnWhiteSite
18694,21,25
timeStep,numberOfRobotsOnBlackSite,numberOfRobotsOnWhiteSite
18695,20,25
timeStep,numberOfRobotsOnBlackSite,numberOfRobotsOnWhiteSite
18696,20,25
timeStep,numberOfRobotsOnBlackSite,numberOfRobotsOnWhiteSite
18697,20,25
timeStep,numberOfRobotsOnBlackSite,numberOfRobotsOnWhiteSite
18698,20,25
timeStep,numberOfRobotsOnBlackSite,numberOfRobotsOnWhiteSite
18699,20,25
timeStep,numberOfRobotsOnBlackSite,numberOfRobotsOnWhiteSite
18700,20,25
timeStep,numberOfRobotsOnBlackSite,numberOfRobotsOnWhiteSite
18701,20,25
timeStep,numberOfRobotsOnBlackSite,numberOfRobotsOnWhiteSite
18702,20,25
timeStep,numberOfRobotsOnBlackSite,numberOfRobotsOnWhiteSite
18703,20,25
timeStep,numberOfRobotsOnBlackSite,numberOfRobotsOnWhiteSite
18704,20,25
timeStep,numberOfRobotsOnBlackSite,numberOfRobotsOnWhiteSite
18705,20,25
timeStep,numberOfRobotsOnBlackSite,numberOfRobotsOnWhiteSite
18706,20,25
timeStep,numberOfRobotsOnBlackSite,numberOfRobotsOnWhiteSite
18707,20,25
timeStep,numberOfRobotsOnBlackSite,numberOfRobotsOnWhiteSite
18708,20,25
timeStep,numberOfRobotsOnBlackSite,numberOfRobotsOnWhiteSite
18709,20,25
timeStep,numberOfRobotsOnBlackSite,numberOfRobotsOnWhiteSite
18710,20,25
timeStep,numberOfRobotsOnBlackSite,numberOfRobotsOnWhiteSite
18711,20,25
timeStep,numberOfRobotsOnBlackSite,numberOfRobotsOnWhiteSite
18712,20,25
timeStep,numberOfRobotsOnBlackSite,numberOfRobotsOnWhiteSite
18713,20,25
timeStep,numberOfRobotsOnBlackSite,numberOfRobotsOnWhiteSite
18714,20,25
timeStep,numberOfRobotsOnBlackSite,numberOfRobotsOnWhiteSite
18715,20,25
timeStep,numberOfRobotsOnBlackSite,numberOfRobotsOnWhiteSite
18716,20,25
timeStep,numberOfRobotsOnBlackSite,numberOfRobotsOnWhiteSite
18717,20,25
timeStep,numberOfRobotsOnBlackSite,numberOfRobotsOnWhiteSite
18718,20,25
timeStep,numberOfRobotsOnBlackSite,numberOfRobotsOnWhiteSite
18719,20,25
timeStep,numberOfRobotsOnBlackSite,numberOfRobotsOnWhiteSite
18720,20,25
timeStep,numberOfRobotsOnBlackSite,numberOfRobotsOnWhiteSite
18721,20,25
timeStep,numberOfRobotsOnBlackSite,numberOfRobotsOnWhiteSite
18722,20,25
timeStep,numberOfRobotsOnBlackSite,numberOfRobotsOnWhiteSite
18723,20,25
timeStep,numberOfRobotsOnBlackSite,numberOfRobotsOnWhiteSite
18724,20,25
timeStep,numberOfRobotsOnBlackSite,numberOfRobotsOnWhiteSite
18725,20,25
timeStep,numberOfRobotsOnBlackSite,numberOfRobotsOnWhiteSite
18726,20,25
timeStep,numberOfRobotsOnBlackSite,numberOfRobotsOnWhiteSite
18727,20,25
timeStep,numberOfRobotsOnBlackSite,numberOfRobotsOnWhiteSite
18728,20,25
timeStep,numberOfRobotsOnBlackSite,numberOfRobotsOnWhiteSite
18729,20,25
timeStep,numberOfRobotsOnBlackSite,numberOfRobotsOnWhiteSite
18730,20,24
timeStep,numberOfRobotsOnBlackSite,numberOfRobotsOnWhiteSite
18731,20,24
timeStep,numberOfRobotsOnBlackSite,numberOfRobotsOnWhiteSite
18732,20,24
timeStep,numberOfRobotsOnBlackSite,numberOfRobotsOnWhiteSite
18733,20,24
timeStep,numberOfRobotsOnBlackSite,numberOfRobotsOnWhiteSite
18734,20,24
timeStep,numberOfRobotsOnBlackSite,numberOfRobotsOnWhiteSite
18735,20,24
timeStep,numberOfRobotsOnBlackSite,numberOfRobotsOnWhiteSite
18736,20,24
timeStep,numberOfRobotsOnBlackSite,numberOfRobotsOnWhiteSite
18737,20,24
timeStep,numberOfRobotsOnBlackSite,numberOfRobotsOnWhiteSite
18738,20,24
timeStep,numberOfRobotsOnBlackSite,numberOfRobotsOnWhiteSite
18739,20,24
timeStep,numberOfRobotsOnBlackSite,numberOfRobotsOnWhiteSite
18740,20,24
timeStep,numberOfRobotsOnBlackSite,numberOfRobotsOnWhiteSite
18741,20,24
timeStep,numberOfRobotsOnBlackSite,numberOfRobotsOnWhiteSite
18742,20,24
timeStep,numberOfRobotsOnBlackSite,numberOfRobotsOnWhiteSite
18743,20,24
timeStep,numberOfRobotsOnBlackSite,numberOfRobotsOnWhiteSite
18744,20,24
timeStep,numberOfRobotsOnBlackSite,numberOfRobotsOnWhiteSite
18745,20,24
timeStep,numberOfRobotsOnBlackSite,numberOfRobotsOnWhiteSite
18746,20,24
timeStep,numberOfRobotsOnBlackSite,numberOfRobotsOnWhiteSite
18747,20,24
timeStep,numberOfRobotsOnBlackSite,numberOfRobotsOnWhiteSite
18748,20,24
timeStep,numberOfRobotsOnBlackSite,numberOfRobotsOnWhiteSite
18749,20,24
timeStep,numberOfRobotsOnBlackSite,numberOfRobotsOnWhiteSite
18750,20,24
timeStep,numberOfRobotsOnBlackSite,numberOfRobotsOnWhiteSite
18751,20,24
timeStep,numberOfRobotsOnBlackSite,numberOfRobotsOnWhiteSite
18752,20,24
timeStep,numberOfRobotsOnBlackSite,numberOfRobotsOnWhiteSite
18753,20,24
timeStep,numberOfRobotsOnBlackSite,numberOfRobotsOnWhiteSite
18754,20,24
timeStep,numberOfRobotsOnBlackSite,numberOfRobotsOnWhiteSite
18755,20,24
timeStep,numberOfRobotsOnBlackSite,numberOfRobotsOnWhiteSite
18756,20,24
timeStep,numberOfRobotsOnBlackSite,numberOfRobotsOnWhiteSite
18757,20,24
timeStep,numberOfRobotsOnBlackSite,numberOfRobotsOnWhiteSite
18758,20,24
timeStep,numberOfRobotsOnBlackSite,numberOfRobotsOnWhiteSite
18759,20,24
timeStep,numberOfRobotsOnBlackSite,numberOfRobotsOnWhiteSite
18760,20,24
timeStep,numberOfRobotsOnBlackSite,numberOfRobotsOnWhiteSite
18761,20,24
timeStep,numberOfRobotsOnBlackSite,numberOfRobotsOnWhiteSite
18762,20,24
timeStep,numberOfRobotsOnBlackSite,numberOfRobotsOnWhiteSite
18763,20,24
timeStep,numberOfRobotsOnBlackSite,numberOfRobotsOnWhiteSite
18764,20,24
timeStep,numberOfRobotsOnBlackSite,numberOfRobotsOnWhiteSite
18765,20,24
timeStep,numberOfRobotsOnBlackSite,numberOfRobotsOnWhiteSite
18766,20,24
timeStep,numberOfRobotsOnBlackSite,numberOfRobotsOnWhiteSite
18767,20,24
timeStep,numberOfRobotsOnBlackSite,numberOfRobotsOnWhiteSite
18768,20,24
timeStep,numberOfRobotsOnBlackSite,numberOfRobotsOnWhiteSite
18769,20,24
timeStep,numberOfRobotsOnBlackSite,numberOfRobotsOnWhiteSite
18770,20,24
timeStep,numberOfRobotsOnBlackSite,numberOfRobotsOnWhiteSite
18771,20,24
timeStep,numberOfRobotsOnBlackSite,numberOfRobotsOnWhiteSite
18772,20,24
timeStep,numberOfRobotsOnBlackSite,numberOfRobotsOnWhiteSite
18773,20,24
timeStep,numberOfRobotsOnBlackSite,numberOfRobotsOnWhiteSite
18774,20,24
timeStep,numberOfRobotsOnBlackSite,numberOfRobotsOnWhiteSite
18775,20,24
timeStep,numberOfRobotsOnBlackSite,numberOfRobotsOnWhiteSite
18776,20,24
timeStep,numberOfRobotsOnBlackSite,numberOfRobotsOnWhiteSite
18777,20,24
timeStep,numberOfRobotsOnBlackSite,numberOfRobotsOnWhiteSite
18778,20,24
timeStep,numberOfRobotsOnBlackSite,numberOfRobotsOnWhiteSite
18779,20,24
timeStep,numberOfRobotsOnBlackSite,numberOfRobotsOnWhiteSite
18780,20,24
timeStep,numberOfRobotsOnBlackSite,numberOfRobotsOnWhiteSite
18781,20,24
timeStep,numberOfRobotsOnBlackSite,numberOfRobotsOnWhiteSite
18782,20,24
timeStep,numberOfRobotsOnBlackSite,numberOfRobotsOnWhiteSite
18783,20,24
timeStep,numberOfRobotsOnBlackSite,numberOfRobotsOnWhiteSite
18784,20,24
timeStep,numberOfRobotsOnBlackSite,numberOfRobotsOnWhiteSite
18785,20,24
timeStep,numberOfRobotsOnBlackSite,numberOfRobotsOnWhiteSite
18786,20,24
timeStep,numberOfRobotsOnBlackSite,numberOfRobotsOnWhiteSite
18787,20,24
timeStep,numberOfRobotsOnBlackSite,numberOfRobotsOnWhiteSite
18788,20,24
timeStep,numberOfRobotsOnBlackSite,numberOfRobotsOnWhiteSite
18789,20,24
timeStep,numberOfRobotsOnBlackSite,numberOfRobotsOnWhiteSite
18790,20,24
timeStep,numberOfRobotsOnBlackSite,numberOfRobotsOnWhiteSite
18791,20,24
timeStep,numberOfRobotsOnBlackSite,numberOfRobotsOnWhiteSite
18792,20,24
timeStep,numberOfRobotsOnBlackSite,numberOfRobotsOnWhiteSite
18793,20,24
timeStep,numberOfRobotsOnBlackSite,numberOfRobotsOnWhiteSite
18794,20,24
timeStep,numberOfRobotsOnBlackSite,numberOfRobotsOnWhiteSite
18795,20,23
timeStep,numberOfRobotsOnBlackSite,numberOfRobotsOnWhiteSite
18796,20,23
timeStep,numberOfRobotsOnBlackSite,numberOfRobotsOnWhiteSite
18797,20,23
timeStep,numberOfRobotsOnBlackSite,numberOfRobotsOnWhiteSite
18798,20,23
timeStep,numberOfRobotsOnBlackSite,numberOfRobotsOnWhiteSite
18799,20,23
timeStep,numberOfRobotsOnBlackSite,numberOfRobotsOnWhiteSite
18800,20,23
timeStep,numberOfRobotsOnBlackSite,numberOfRobotsOnWhiteSite
18801,20,23
timeStep,numberOfRobotsOnBlackSite,numberOfRobotsOnWhiteSite
18802,20,23
timeStep,numberOfRobotsOnBlackSite,numberOfRobotsOnWhiteSite
18803,20,23
timeStep,numberOfRobotsOnBlackSite,numberOfRobotsOnWhiteSite
18804,20,23
timeStep,numberOfRobotsOnBlackSite,numberOfRobotsOnWhiteSite
18805,20,23
timeStep,numberOfRobotsOnBlackSite,numberOfRobotsOnWhiteSite
18806,20,23
timeStep,numberOfRobotsOnBlackSite,numberOfRobotsOnWhiteSite
18807,20,23
timeStep,numberOfRobotsOnBlackSite,numberOfRobotsOnWhiteSite
18808,20,23
timeStep,numberOfRobotsOnBlackSite,numberOfRobotsOnWhiteSite
18809,20,23
timeStep,numberOfRobotsOnBlackSite,numberOfRobotsOnWhiteSite
18810,20,24
timeStep,numberOfRobotsOnBlackSite,numberOfRobotsOnWhiteSite
18811,20,24
timeStep,numberOfRobotsOnBlackSite,numberOfRobotsOnWhiteSite
18812,20,24
timeStep,numberOfRobotsOnBlackSite,numberOfRobotsOnWhiteSite
18813,20,24
timeStep,numberOfRobotsOnBlackSite,numberOfRobotsOnWhiteSite
18814,20,24
timeStep,numberOfRobotsOnBlackSite,numberOfRobotsOnWhiteSite
18815,20,24
timeStep,numberOfRobotsOnBlackSite,numberOfRobotsOnWhiteSite
18816,20,24
timeStep,numberOfRobotsOnBlackSite,numberOfRobotsOnWhiteSite
18817,20,24
timeStep,numberOfRobotsOnBlackSite,numberOfRobotsOnWhiteSite
18818,20,24
timeStep,numberOfRobotsOnBlackSite,numberOfRobotsOnWhiteSite
18819,20,24
timeStep,numberOfRobotsOnBlackSite,numberOfRobotsOnWhiteSite
18820,20,24
timeStep,numberOfRobotsOnBlackSite,numberOfRobotsOnWhiteSite
18821,20,24
timeStep,numberOfRobotsOnBlackSite,numberOfRobotsOnWhiteSite
18822,20,24
timeStep,numberOfRobotsOnBlackSite,numberOfRobotsOnWhiteSite
18823,20,24
timeStep,numberOfRobotsOnBlackSite,numberOfRobotsOnWhiteSite
18824,20,24
timeStep,numberOfRobotsOnBlackSite,numberOfRobotsOnWhiteSite
18825,20,24
timeStep,numberOfRobotsOnBlackSite,numberOfRobotsOnWhiteSite
18826,20,24
timeStep,numberOfRobotsOnBlackSite,numberOfRobotsOnWhiteSite
18827,20,24
timeStep,numberOfRobotsOnBlackSite,numberOfRobotsOnWhiteSite
18828,20,24
timeStep,numberOfRobotsOnBlackSite,numberOfRobotsOnWhiteSite
18829,20,24
timeStep,numberOfRobotsOnBlackSite,numberOfRobotsOnWhiteSite
18830,20,23
timeStep,numberOfRobotsOnBlackSite,numberOfRobotsOnWhiteSite
18831,20,23
timeStep,numberOfRobotsOnBlackSite,numberOfRobotsOnWhiteSite
18832,20,23
timeStep,numberOfRobotsOnBlackSite,numberOfRobotsOnWhiteSite
18833,20,23
timeStep,numberOfRobotsOnBlackSite,numberOfRobotsOnWhiteSite
18834,20,23
timeStep,numberOfRobotsOnBlackSite,numberOfRobotsOnWhiteSite
18835,20,23
timeStep,numberOfRobotsOnBlackSite,numberOfRobotsOnWhiteSite
18836,20,23
timeStep,numberOfRobotsOnBlackSite,numberOfRobotsOnWhiteSite
18837,20,23
timeStep,numberOfRobotsOnBlackSite,numberOfRobotsOnWhiteSite
18838,20,23
timeStep,numberOfRobotsOnBlackSite,numberOfRobotsOnWhiteSite
18839,20,23
timeStep,numberOfRobotsOnBlackSite,numberOfRobotsOnWhiteSite
18840,20,23
timeStep,numberOfRobotsOnBlackSite,numberOfRobotsOnWhiteSite
18841,20,23
timeStep,numberOfRobotsOnBlackSite,numberOfRobotsOnWhiteSite
18842,20,23
timeStep,numberOfRobotsOnBlackSite,numberOfRobotsOnWhiteSite
18843,20,23
timeStep,numberOfRobotsOnBlackSite,numberOfRobotsOnWhiteSite
18844,20,23
timeStep,numberOfRobotsOnBlackSite,numberOfRobotsOnWhiteSite
18845,20,23
timeStep,numberOfRobotsOnBlackSite,numberOfRobotsOnWhiteSite
18846,20,23
timeStep,numberOfRobotsOnBlackSite,numberOfRobotsOnWhiteSite
18847,20,23
timeStep,numberOfRobotsOnBlackSite,numberOfRobotsOnWhiteSite
18848,20,23
timeStep,numberOfRobotsOnBlackSite,numberOfRobotsOnWhiteSite
18849,20,23
timeStep,numberOfRobotsOnBlackSite,numberOfRobotsOnWhiteSite
18850,20,23
timeStep,numberOfRobotsOnBlackSite,numberOfRobotsOnWhiteSite
18851,20,23
timeStep,numberOfRobotsOnBlackSite,numberOfRobotsOnWhiteSite
18852,20,23
timeStep,numberOfRobotsOnBlackSite,numberOfRobotsOnWhiteSite
18853,20,23
timeStep,numberOfRobotsOnBlackSite,numberOfRobotsOnWhiteSite
18854,20,23
timeStep,numberOfRobotsOnBlackSite,numberOfRobotsOnWhiteSite
18855,20,23
timeStep,numberOfRobotsOnBlackSite,numberOfRobotsOnWhiteSite
18856,20,23
timeStep,numberOfRobotsOnBlackSite,numberOfRobotsOnWhiteSite
18857,20,23
timeStep,numberOfRobotsOnBlackSite,numberOfRobotsOnWhiteSite
18858,20,23
timeStep,numberOfRobotsOnBlackSite,numberOfRobotsOnWhiteSite
18859,20,23
timeStep,numberOfRobotsOnBlackSite,numberOfRobotsOnWhiteSite
18860,20,23
timeStep,numberOfRobotsOnBlackSite,numberOfRobotsOnWhiteSite
18861,20,23
timeStep,numberOfRobotsOnBlackSite,numberOfRobotsOnWhiteSite
18862,20,23
timeStep,numberOfRobotsOnBlackSite,numberOfRobotsOnWhiteSite
18863,20,23
timeStep,numberOfRobotsOnBlackSite,numberOfRobotsOnWhiteSite
18864,20,23
timeStep,numberOfRobotsOnBlackSite,numberOfRobotsOnWhiteSite
18865,20,23
timeStep,numberOfRobotsOnBlackSite,numberOfRobotsOnWhiteSite
18866,20,23
timeStep,numberOfRobotsOnBlackSite,numberOfRobotsOnWhiteSite
18867,20,23
timeStep,numberOfRobotsOnBlackSite,numberOfRobotsOnWhiteSite
18868,20,23
timeStep,numberOfRobotsOnBlackSite,numberOfRobotsOnWhiteSite
18869,20,23
timeStep,numberOfRobotsOnBlackSite,numberOfRobotsOnWhiteSite
18870,20,23
timeStep,numberOfRobotsOnBlackSite,numberOfRobotsOnWhiteSite
18871,20,23
timeStep,numberOfRobotsOnBlackSite,numberOfRobotsOnWhiteSite
18872,20,23
timeStep,numberOfRobotsOnBlackSite,numberOfRobotsOnWhiteSite
18873,20,23
timeStep,numberOfRobotsOnBlackSite,numberOfRobotsOnWhiteSite
18874,20,23
timeStep,numberOfRobotsOnBlackSite,numberOfRobotsOnWhiteSite
18875,20,23
timeStep,numberOfRobotsOnBlackSite,numberOfRobotsOnWhiteSite
18876,20,23
timeStep,numberOfRobotsOnBlackSite,numberOfRobotsOnWhiteSite
18877,20,23
timeStep,numberOfRobotsOnBlackSite,numberOfRobotsOnWhiteSite
18878,20,23
timeStep,numberOfRobotsOnBlackSite,numberOfRobotsOnWhiteSite
18879,20,23
timeStep,numberOfRobotsOnBlackSite,numberOfRobotsOnWhiteSite
18880,20,23
timeStep,numberOfRobotsOnBlackSite,numberOfRobotsOnWhiteSite
18881,20,23
timeStep,numberOfRobotsOnBlackSite,numberOfRobotsOnWhiteSite
18882,20,23
timeStep,numberOfRobotsOnBlackSite,numberOfRobotsOnWhiteSite
18883,20,23
timeStep,numberOfRobotsOnBlackSite,numberOfRobotsOnWhiteSite
18884,20,23
timeStep,numberOfRobotsOnBlackSite,numberOfRobotsOnWhiteSite
18885,20,23
timeStep,numberOfRobotsOnBlackSite,numberOfRobotsOnWhiteSite
18886,20,23
timeStep,numberOfRobotsOnBlackSite,numberOfRobotsOnWhiteSite
18887,20,23
timeStep,numberOfRobotsOnBlackSite,numberOfRobotsOnWhiteSite
18888,20,23
timeStep,numberOfRobotsOnBlackSite,numberOfRobotsOnWhiteSite
18889,20,23
timeStep,numberOfRobotsOnBlackSite,numberOfRobotsOnWhiteSite
18890,20,24
timeStep,numberOfRobotsOnBlackSite,numberOfRobotsOnWhiteSite
18891,20,24
timeStep,numberOfRobotsOnBlackSite,numberOfRobotsOnWhiteSite
18892,20,24
timeStep,numberOfRobotsOnBlackSite,numberOfRobotsOnWhiteSite
18893,20,24
timeStep,numberOfRobotsOnBlackSite,numberOfRobotsOnWhiteSite
18894,20,24
timeStep,numberOfRobotsOnBlackSite,numberOfRobotsOnWhiteSite
18895,20,24
timeStep,numberOfRobotsOnBlackSite,numberOfRobotsOnWhiteSite
18896,20,24
timeStep,numberOfRobotsOnBlackSite,numberOfRobotsOnWhiteSite
18897,20,24
timeStep,numberOfRobotsOnBlackSite,numberOfRobotsOnWhiteSite
18898,20,24
timeStep,numberOfRobotsOnBlackSite,numberOfRobotsOnWhiteSite
18899,20,24
timeStep,numberOfRobotsOnBlackSite,numberOfRobotsOnWhiteSite
18900,20,24
timeStep,numberOfRobotsOnBlackSite,numberOfRobotsOnWhiteSite
18901,20,24
timeStep,numberOfRobotsOnBlackSite,numberOfRobotsOnWhiteSite
18902,20,24
timeStep,numberOfRobotsOnBlackSite,numberOfRobotsOnWhiteSite
18903,20,24
timeStep,numberOfRobotsOnBlackSite,numberOfRobotsOnWhiteSite
18904,20,24
timeStep,numberOfRobotsOnBlackSite,numberOfRobotsOnWhiteSite
18905,20,24
timeStep,numberOfRobotsOnBlackSite,numberOfRobotsOnWhiteSite
18906,20,24
timeStep,numberOfRobotsOnBlackSite,numberOfRobotsOnWhiteSite
18907,20,24
timeStep,numberOfRobotsOnBlackSite,numberOfRobotsOnWhiteSite
18908,20,24
timeStep,numberOfRobotsOnBlackSite,numberOfRobotsOnWhiteSite
18909,20,24
timeStep,numberOfRobotsOnBlackSite,numberOfRobotsOnWhiteSite
18910,20,24
timeStep,numberOfRobotsOnBlackSite,numberOfRobotsOnWhiteSite
18911,20,24
timeStep,numberOfRobotsOnBlackSite,numberOfRobotsOnWhiteSite
18912,20,24
timeStep,numberOfRobotsOnBlackSite,numberOfRobotsOnWhiteSite
18913,20,24
timeStep,numberOfRobotsOnBlackSite,numberOfRobotsOnWhiteSite
18914,20,24
timeStep,numberOfRobotsOnBlackSite,numberOfRobotsOnWhiteSite
18915,20,24
timeStep,numberOfRobotsOnBlackSite,numberOfRobotsOnWhiteSite
18916,20,24
timeStep,numberOfRobotsOnBlackSite,numberOfRobotsOnWhiteSite
18917,20,24
timeStep,numberOfRobotsOnBlackSite,numberOfRobotsOnWhiteSite
18918,20,24
timeStep,numberOfRobotsOnBlackSite,numberOfRobotsOnWhiteSite
18919,20,24
timeStep,numberOfRobotsOnBlackSite,numberOfRobotsOnWhiteSite
18920,20,24
timeStep,numberOfRobotsOnBlackSite,numberOfRobotsOnWhiteSite
18921,20,24
timeStep,numberOfRobotsOnBlackSite,numberOfRobotsOnWhiteSite
18922,20,24
timeStep,numberOfRobotsOnBlackSite,numberOfRobotsOnWhiteSite
18923,20,24
timeStep,numberOfRobotsOnBlackSite,numberOfRobotsOnWhiteSite
18924,20,24
timeStep,numberOfRobotsOnBlackSite,numberOfRobotsOnWhiteSite
18925,20,24
timeStep,numberOfRobotsOnBlackSite,numberOfRobotsOnWhiteSite
18926,20,24
timeStep,numberOfRobotsOnBlackSite,numberOfRobotsOnWhiteSite
18927,20,24
timeStep,numberOfRobotsOnBlackSite,numberOfRobotsOnWhiteSite
18928,20,24
timeStep,numberOfRobotsOnBlackSite,numberOfRobotsOnWhiteSite
18929,20,24
timeStep,numberOfRobotsOnBlackSite,numberOfRobotsOnWhiteSite
18930,20,24
timeStep,numberOfRobotsOnBlackSite,numberOfRobotsOnWhiteSite
18931,20,24
timeStep,numberOfRobotsOnBlackSite,numberOfRobotsOnWhiteSite
18932,20,24
timeStep,numberOfRobotsOnBlackSite,numberOfRobotsOnWhiteSite
18933,20,24
timeStep,numberOfRobotsOnBlackSite,numberOfRobotsOnWhiteSite
18934,20,24
timeStep,numberOfRobotsOnBlackSite,numberOfRobotsOnWhiteSite
18935,20,24
timeStep,numberOfRobotsOnBlackSite,numberOfRobotsOnWhiteSite
18936,20,24
timeStep,numberOfRobotsOnBlackSite,numberOfRobotsOnWhiteSite
18937,20,24
timeStep,numberOfRobotsOnBlackSite,numberOfRobotsOnWhiteSite
18938,20,24
timeStep,numberOfRobotsOnBlackSite,numberOfRobotsOnWhiteSite
18939,20,24
timeStep,numberOfRobotsOnBlackSite,numberOfRobotsOnWhiteSite
18940,20,24
timeStep,numberOfRobotsOnBlackSite,numberOfRobotsOnWhiteSite
18941,20,24
timeStep,numberOfRobotsOnBlackSite,numberOfRobotsOnWhiteSite
18942,20,24
timeStep,numberOfRobotsOnBlackSite,numberOfRobotsOnWhiteSite
18943,20,24
timeStep,numberOfRobotsOnBlackSite,numberOfRobotsOnWhiteSite
18944,20,24
timeStep,numberOfRobotsOnBlackSite,numberOfRobotsOnWhiteSite
18945,20,24
timeStep,numberOfRobotsOnBlackSite,numberOfRobotsOnWhiteSite
18946,20,24
timeStep,numberOfRobotsOnBlackSite,numberOfRobotsOnWhiteSite
18947,20,24
timeStep,numberOfRobotsOnBlackSite,numberOfRobotsOnWhiteSite
18948,20,24
timeStep,numberOfRobotsOnBlackSite,numberOfRobotsOnWhiteSite
18949,20,24
timeStep,numberOfRobotsOnBlackSite,numberOfRobotsOnWhiteSite
18950,20,24
timeStep,numberOfRobotsOnBlackSite,numberOfRobotsOnWhiteSite
18951,20,24
timeStep,numberOfRobotsOnBlackSite,numberOfRobotsOnWhiteSite
18952,20,24
timeStep,numberOfRobotsOnBlackSite,numberOfRobotsOnWhiteSite
18953,20,24
timeStep,numberOfRobotsOnBlackSite,numberOfRobotsOnWhiteSite
18954,20,24
timeStep,numberOfRobotsOnBlackSite,numberOfRobotsOnWhiteSite
18955,20,24
timeStep,numberOfRobotsOnBlackSite,numberOfRobotsOnWhiteSite
18956,20,24
timeStep,numberOfRobotsOnBlackSite,numberOfRobotsOnWhiteSite
18957,20,24
timeStep,numberOfRobotsOnBlackSite,numberOfRobotsOnWhiteSite
18958,20,24
timeStep,numberOfRobotsOnBlackSite,numberOfRobotsOnWhiteSite
18959,20,24
timeStep,numberOfRobotsOnBlackSite,numberOfRobotsOnWhiteSite
18960,20,24
timeStep,numberOfRobotsOnBlackSite,numberOfRobotsOnWhiteSite
18961,20,24
timeStep,numberOfRobotsOnBlackSite,numberOfRobotsOnWhiteSite
18962,20,24
timeStep,numberOfRobotsOnBlackSite,numberOfRobotsOnWhiteSite
18963,20,24
timeStep,numberOfRobotsOnBlackSite,numberOfRobotsOnWhiteSite
18964,20,24
timeStep,numberOfRobotsOnBlackSite,numberOfRobotsOnWhiteSite
18965,20,24
timeStep,numberOfRobotsOnBlackSite,numberOfRobotsOnWhiteSite
18966,20,24
timeStep,numberOfRobotsOnBlackSite,numberOfRobotsOnWhiteSite
18967,20,24
timeStep,numberOfRobotsOnBlackSite,numberOfRobotsOnWhiteSite
18968,20,24
timeStep,numberOfRobotsOnBlackSite,numberOfRobotsOnWhiteSite
18969,20,24
timeStep,numberOfRobotsOnBlackSite,numberOfRobotsOnWhiteSite
18970,20,24
timeStep,numberOfRobotsOnBlackSite,numberOfRobotsOnWhiteSite
18971,20,24
timeStep,numberOfRobotsOnBlackSite,numberOfRobotsOnWhiteSite
18972,20,24
timeStep,numberOfRobotsOnBlackSite,numberOfRobotsOnWhiteSite
18973,20,24
timeStep,numberOfRobotsOnBlackSite,numberOfRobotsOnWhiteSite
18974,20,24
timeStep,numberOfRobotsOnBlackSite,numberOfRobotsOnWhiteSite
18975,20,24
timeStep,numberOfRobotsOnBlackSite,numberOfRobotsOnWhiteSite
18976,20,24
timeStep,numberOfRobotsOnBlackSite,numberOfRobotsOnWhiteSite
18977,20,24
timeStep,numberOfRobotsOnBlackSite,numberOfRobotsOnWhiteSite
18978,20,24
timeStep,numberOfRobotsOnBlackSite,numberOfRobotsOnWhiteSite
18979,20,24
timeStep,numberOfRobotsOnBlackSite,numberOfRobotsOnWhiteSite
18980,20,24
timeStep,numberOfRobotsOnBlackSite,numberOfRobotsOnWhiteSite
18981,20,24
timeStep,numberOfRobotsOnBlackSite,numberOfRobotsOnWhiteSite
18982,20,24
timeStep,numberOfRobotsOnBlackSite,numberOfRobotsOnWhiteSite
18983,20,24
timeStep,numberOfRobotsOnBlackSite,numberOfRobotsOnWhiteSite
18984,20,24
timeStep,numberOfRobotsOnBlackSite,numberOfRobotsOnWhiteSite
18985,20,24
timeStep,numberOfRobotsOnBlackSite,numberOfRobotsOnWhiteSite
18986,20,24
timeStep,numberOfRobotsOnBlackSite,numberOfRobotsOnWhiteSite
18987,20,24
timeStep,numberOfRobotsOnBlackSite,numberOfRobotsOnWhiteSite
18988,20,24
timeStep,numberOfRobotsOnBlackSite,numberOfRobotsOnWhiteSite
18989,20,24
timeStep,numberOfRobotsOnBlackSite,numberOfRobotsOnWhiteSite
18990,20,24
timeStep,numberOfRobotsOnBlackSite,numberOfRobotsOnWhiteSite
18991,20,24
timeStep,numberOfRobotsOnBlackSite,numberOfRobotsOnWhiteSite
18992,20,24
timeStep,numberOfRobotsOnBlackSite,numberOfRobotsOnWhiteSite
18993,20,24
timeStep,numberOfRobotsOnBlackSite,numberOfRobotsOnWhiteSite
18994,20,24
timeStep,numberOfRobotsOnBlackSite,numberOfRobotsOnWhiteSite
18995,20,24
timeStep,numberOfRobotsOnBlackSite,numberOfRobotsOnWhiteSite
18996,20,24
timeStep,numberOfRobotsOnBlackSite,numberOfRobotsOnWhiteSite
18997,20,24
timeStep,numberOfRobotsOnBlackSite,numberOfRobotsOnWhiteSite
18998,20,24
timeStep,numberOfRobotsOnBlackSite,numberOfRobotsOnWhiteSite
18999,20,24
timeStep,numberOfRobotsOnBlackSite,numberOfRobotsOnWhiteSite
19000,20,24
timeStep,numberOfRobotsOnBlackSite,numberOfRobotsOnWhiteSite
19001,20,24
timeStep,numberOfRobotsOnBlackSite,numberOfRobotsOnWhiteSite
19002,20,24
timeStep,numberOfRobotsOnBlackSite,numberOfRobotsOnWhiteSite
19003,20,24
timeStep,numberOfRobotsOnBlackSite,numberOfRobotsOnWhiteSite
19004,20,24
timeStep,numberOfRobotsOnBlackSite,numberOfRobotsOnWhiteSite
19005,20,24
timeStep,numberOfRobotsOnBlackSite,numberOfRobotsOnWhiteSite
19006,20,24
timeStep,numberOfRobotsOnBlackSite,numberOfRobotsOnWhiteSite
19007,20,24
timeStep,numberOfRobotsOnBlackSite,numberOfRobotsOnWhiteSite
19008,20,24
timeStep,numberOfRobotsOnBlackSite,numberOfRobotsOnWhiteSite
19009,20,24
timeStep,numberOfRobotsOnBlackSite,numberOfRobotsOnWhiteSite
19010,20,24
timeStep,numberOfRobotsOnBlackSite,numberOfRobotsOnWhiteSite
19011,20,24
timeStep,numberOfRobotsOnBlackSite,numberOfRobotsOnWhiteSite
19012,20,24
timeStep,numberOfRobotsOnBlackSite,numberOfRobotsOnWhiteSite
19013,20,24
timeStep,numberOfRobotsOnBlackSite,numberOfRobotsOnWhiteSite
19014,20,24
timeStep,numberOfRobotsOnBlackSite,numberOfRobotsOnWhiteSite
19015,20,24
timeStep,numberOfRobotsOnBlackSite,numberOfRobotsOnWhiteSite
19016,20,24
timeStep,numberOfRobotsOnBlackSite,numberOfRobotsOnWhiteSite
19017,20,24
timeStep,numberOfRobotsOnBlackSite,numberOfRobotsOnWhiteSite
19018,20,24
timeStep,numberOfRobotsOnBlackSite,numberOfRobotsOnWhiteSite
19019,20,24
timeStep,numberOfRobotsOnBlackSite,numberOfRobotsOnWhiteSite
19020,20,24
timeStep,numberOfRobotsOnBlackSite,numberOfRobotsOnWhiteSite
19021,20,24
timeStep,numberOfRobotsOnBlackSite,numberOfRobotsOnWhiteSite
19022,20,24
timeStep,numberOfRobotsOnBlackSite,numberOfRobotsOnWhiteSite
19023,20,24
timeStep,numberOfRobotsOnBlackSite,numberOfRobotsOnWhiteSite
19024,20,24
timeStep,numberOfRobotsOnBlackSite,numberOfRobotsOnWhiteSite
19025,20,24
timeStep,numberOfRobotsOnBlackSite,numberOfRobotsOnWhiteSite
19026,20,24
timeStep,numberOfRobotsOnBlackSite,numberOfRobotsOnWhiteSite
19027,20,24
timeStep,numberOfRobotsOnBlackSite,numberOfRobotsOnWhiteSite
19028,20,24
timeStep,numberOfRobotsOnBlackSite,numberOfRobotsOnWhiteSite
19029,20,24
timeStep,numberOfRobotsOnBlackSite,numberOfRobotsOnWhiteSite
19030,20,24
timeStep,numberOfRobotsOnBlackSite,numberOfRobotsOnWhiteSite
19031,20,24
timeStep,numberOfRobotsOnBlackSite,numberOfRobotsOnWhiteSite
19032,20,24
timeStep,numberOfRobotsOnBlackSite,numberOfRobotsOnWhiteSite
19033,20,24
timeStep,numberOfRobotsOnBlackSite,numberOfRobotsOnWhiteSite
19034,20,24
timeStep,numberOfRobotsOnBlackSite,numberOfRobotsOnWhiteSite
19035,20,24
timeStep,numberOfRobotsOnBlackSite,numberOfRobotsOnWhiteSite
19036,20,24
timeStep,numberOfRobotsOnBlackSite,numberOfRobotsOnWhiteSite
19037,20,24
timeStep,numberOfRobotsOnBlackSite,numberOfRobotsOnWhiteSite
19038,20,24
timeStep,numberOfRobotsOnBlackSite,numberOfRobotsOnWhiteSite
19039,20,24
timeStep,numberOfRobotsOnBlackSite,numberOfRobotsOnWhiteSite
19040,20,24
timeStep,numberOfRobotsOnBlackSite,numberOfRobotsOnWhiteSite
19041,20,24
timeStep,numberOfRobotsOnBlackSite,numberOfRobotsOnWhiteSite
19042,20,24
timeStep,numberOfRobotsOnBlackSite,numberOfRobotsOnWhiteSite
19043,20,24
timeStep,numberOfRobotsOnBlackSite,numberOfRobotsOnWhiteSite
19044,20,24
timeStep,numberOfRobotsOnBlackSite,numberOfRobotsOnWhiteSite
19045,20,24
timeStep,numberOfRobotsOnBlackSite,numberOfRobotsOnWhiteSite
19046,20,24
timeStep,numberOfRobotsOnBlackSite,numberOfRobotsOnWhiteSite
19047,20,24
timeStep,numberOfRobotsOnBlackSite,numberOfRobotsOnWhiteSite
19048,20,24
timeStep,numberOfRobotsOnBlackSite,numberOfRobotsOnWhiteSite
19049,20,24
timeStep,numberOfRobotsOnBlackSite,numberOfRobotsOnWhiteSite
19050,20,24
timeStep,numberOfRobotsOnBlackSite,numberOfRobotsOnWhiteSite
19051,20,24
timeStep,numberOfRobotsOnBlackSite,numberOfRobotsOnWhiteSite
19052,20,24
timeStep,numberOfRobotsOnBlackSite,numberOfRobotsOnWhiteSite
19053,20,24
timeStep,numberOfRobotsOnBlackSite,numberOfRobotsOnWhiteSite
19054,20,24
timeStep,numberOfRobotsOnBlackSite,numberOfRobotsOnWhiteSite
19055,20,24
timeStep,numberOfRobotsOnBlackSite,numberOfRobotsOnWhiteSite
19056,20,24
timeStep,numberOfRobotsOnBlackSite,numberOfRobotsOnWhiteSite
19057,20,24
timeStep,numberOfRobotsOnBlackSite,numberOfRobotsOnWhiteSite
19058,20,24
timeStep,numberOfRobotsOnBlackSite,numberOfRobotsOnWhiteSite
19059,20,24
timeStep,numberOfRobotsOnBlackSite,numberOfRobotsOnWhiteSite
19060,20,24
timeStep,numberOfRobotsOnBlackSite,numberOfRobotsOnWhiteSite
19061,20,24
timeStep,numberOfRobotsOnBlackSite,numberOfRobotsOnWhiteSite
19062,20,24
timeStep,numberOfRobotsOnBlackSite,numberOfRobotsOnWhiteSite
19063,20,24
timeStep,numberOfRobotsOnBlackSite,numberOfRobotsOnWhiteSite
19064,20,24
timeStep,numberOfRobotsOnBlackSite,numberOfRobotsOnWhiteSite
19065,20,24
timeStep,numberOfRobotsOnBlackSite,numberOfRobotsOnWhiteSite
19066,20,24
timeStep,numberOfRobotsOnBlackSite,numberOfRobotsOnWhiteSite
19067,20,24
timeStep,numberOfRobotsOnBlackSite,numberOfRobotsOnWhiteSite
19068,20,24
timeStep,numberOfRobotsOnBlackSite,numberOfRobotsOnWhiteSite
19069,20,24
timeStep,numberOfRobotsOnBlackSite,numberOfRobotsOnWhiteSite
19070,20,24
timeStep,numberOfRobotsOnBlackSite,numberOfRobotsOnWhiteSite
19071,20,24
timeStep,numberOfRobotsOnBlackSite,numberOfRobotsOnWhiteSite
19072,20,24
timeStep,numberOfRobotsOnBlackSite,numberOfRobotsOnWhiteSite
19073,20,24
timeStep,numberOfRobotsOnBlackSite,numberOfRobotsOnWhiteSite
19074,20,24
timeStep,numberOfRobotsOnBlackSite,numberOfRobotsOnWhiteSite
19075,20,24
timeStep,numberOfRobotsOnBlackSite,numberOfRobotsOnWhiteSite
19076,20,24
timeStep,numberOfRobotsOnBlackSite,numberOfRobotsOnWhiteSite
19077,20,24
timeStep,numberOfRobotsOnBlackSite,numberOfRobotsOnWhiteSite
19078,20,24
timeStep,numberOfRobotsOnBlackSite,numberOfRobotsOnWhiteSite
19079,20,24
timeStep,numberOfRobotsOnBlackSite,numberOfRobotsOnWhiteSite
19080,20,24
timeStep,numberOfRobotsOnBlackSite,numberOfRobotsOnWhiteSite
19081,20,24
timeStep,numberOfRobotsOnBlackSite,numberOfRobotsOnWhiteSite
19082,20,24
timeStep,numberOfRobotsOnBlackSite,numberOfRobotsOnWhiteSite
19083,20,24
timeStep,numberOfRobotsOnBlackSite,numberOfRobotsOnWhiteSite
19084,20,24
timeStep,numberOfRobotsOnBlackSite,numberOfRobotsOnWhiteSite
19085,20,24
timeStep,numberOfRobotsOnBlackSite,numberOfRobotsOnWhiteSite
19086,20,24
timeStep,numberOfRobotsOnBlackSite,numberOfRobotsOnWhiteSite
19087,20,24
timeStep,numberOfRobotsOnBlackSite,numberOfRobotsOnWhiteSite
19088,20,24
timeStep,numberOfRobotsOnBlackSite,numberOfRobotsOnWhiteSite
19089,20,24
timeStep,numberOfRobotsOnBlackSite,numberOfRobotsOnWhiteSite
19090,20,24
timeStep,numberOfRobotsOnBlackSite,numberOfRobotsOnWhiteSite
19091,20,24
timeStep,numberOfRobotsOnBlackSite,numberOfRobotsOnWhiteSite
19092,20,24
timeStep,numberOfRobotsOnBlackSite,numberOfRobotsOnWhiteSite
19093,20,24
timeStep,numberOfRobotsOnBlackSite,numberOfRobotsOnWhiteSite
19094,20,24
timeStep,numberOfRobotsOnBlackSite,numberOfRobotsOnWhiteSite
19095,20,24
timeStep,numberOfRobotsOnBlackSite,numberOfRobotsOnWhiteSite
19096,20,24
timeStep,numberOfRobotsOnBlackSite,numberOfRobotsOnWhiteSite
19097,20,24
timeStep,numberOfRobotsOnBlackSite,numberOfRobotsOnWhiteSite
19098,20,24
timeStep,numberOfRobotsOnBlackSite,numberOfRobotsOnWhiteSite
19099,20,24
timeStep,numberOfRobotsOnBlackSite,numberOfRobotsOnWhiteSite
19100,20,24
timeStep,numberOfRobotsOnBlackSite,numberOfRobotsOnWhiteSite
19101,20,24
timeStep,numberOfRobotsOnBlackSite,numberOfRobotsOnWhiteSite
19102,20,24
timeStep,numberOfRobotsOnBlackSite,numberOfRobotsOnWhiteSite
19103,20,24
timeStep,numberOfRobotsOnBlackSite,numberOfRobotsOnWhiteSite
19104,20,24
timeStep,numberOfRobotsOnBlackSite,numberOfRobotsOnWhiteSite
19105,20,24
timeStep,numberOfRobotsOnBlackSite,numberOfRobotsOnWhiteSite
19106,20,24
timeStep,numberOfRobotsOnBlackSite,numberOfRobotsOnWhiteSite
19107,20,24
timeStep,numberOfRobotsOnBlackSite,numberOfRobotsOnWhiteSite
19108,20,24
timeStep,numberOfRobotsOnBlackSite,numberOfRobotsOnWhiteSite
19109,20,24
timeStep,numberOfRobotsOnBlackSite,numberOfRobotsOnWhiteSite
19110,20,24
timeStep,numberOfRobotsOnBlackSite,numberOfRobotsOnWhiteSite
19111,20,24
timeStep,numberOfRobotsOnBlackSite,numberOfRobotsOnWhiteSite
19112,20,24
timeStep,numberOfRobotsOnBlackSite,numberOfRobotsOnWhiteSite
19113,20,24
timeStep,numberOfRobotsOnBlackSite,numberOfRobotsOnWhiteSite
19114,20,24
timeStep,numberOfRobotsOnBlackSite,numberOfRobotsOnWhiteSite
19115,20,24
timeStep,numberOfRobotsOnBlackSite,numberOfRobotsOnWhiteSite
19116,20,24
timeStep,numberOfRobotsOnBlackSite,numberOfRobotsOnWhiteSite
19117,20,24
timeStep,numberOfRobotsOnBlackSite,numberOfRobotsOnWhiteSite
19118,20,24
timeStep,numberOfRobotsOnBlackSite,numberOfRobotsOnWhiteSite
19119,20,24
timeStep,numberOfRobotsOnBlackSite,numberOfRobotsOnWhiteSite
19120,20,24
timeStep,numberOfRobotsOnBlackSite,numberOfRobotsOnWhiteSite
19121,20,24
timeStep,numberOfRobotsOnBlackSite,numberOfRobotsOnWhiteSite
19122,20,24
timeStep,numberOfRobotsOnBlackSite,numberOfRobotsOnWhiteSite
19123,20,24
timeStep,numberOfRobotsOnBlackSite,numberOfRobotsOnWhiteSite
19124,20,24
timeStep,numberOfRobotsOnBlackSite,numberOfRobotsOnWhiteSite
19125,20,24
timeStep,numberOfRobotsOnBlackSite,numberOfRobotsOnWhiteSite
19126,20,24
timeStep,numberOfRobotsOnBlackSite,numberOfRobotsOnWhiteSite
19127,20,24
timeStep,numberOfRobotsOnBlackSite,numberOfRobotsOnWhiteSite
19128,20,24
timeStep,numberOfRobotsOnBlackSite,numberOfRobotsOnWhiteSite
19129,20,24
timeStep,numberOfRobotsOnBlackSite,numberOfRobotsOnWhiteSite
19130,20,24
timeStep,numberOfRobotsOnBlackSite,numberOfRobotsOnWhiteSite
19131,20,24
timeStep,numberOfRobotsOnBlackSite,numberOfRobotsOnWhiteSite
19132,20,24
timeStep,numberOfRobotsOnBlackSite,numberOfRobotsOnWhiteSite
19133,20,24
timeStep,numberOfRobotsOnBlackSite,numberOfRobotsOnWhiteSite
19134,20,24
timeStep,numberOfRobotsOnBlackSite,numberOfRobotsOnWhiteSite
19135,20,24
timeStep,numberOfRobotsOnBlackSite,numberOfRobotsOnWhiteSite
19136,20,24
timeStep,numberOfRobotsOnBlackSite,numberOfRobotsOnWhiteSite
19137,20,24
timeStep,numberOfRobotsOnBlackSite,numberOfRobotsOnWhiteSite
19138,20,24
timeStep,numberOfRobotsOnBlackSite,numberOfRobotsOnWhiteSite
19139,20,24
timeStep,numberOfRobotsOnBlackSite,numberOfRobotsOnWhiteSite
19140,20,24
timeStep,numberOfRobotsOnBlackSite,numberOfRobotsOnWhiteSite
19141,20,24
timeStep,numberOfRobotsOnBlackSite,numberOfRobotsOnWhiteSite
19142,20,24
timeStep,numberOfRobotsOnBlackSite,numberOfRobotsOnWhiteSite
19143,20,24
timeStep,numberOfRobotsOnBlackSite,numberOfRobotsOnWhiteSite
19144,20,24
timeStep,numberOfRobotsOnBlackSite,numberOfRobotsOnWhiteSite
19145,20,24
timeStep,numberOfRobotsOnBlackSite,numberOfRobotsOnWhiteSite
19146,20,24
timeStep,numberOfRobotsOnBlackSite,numberOfRobotsOnWhiteSite
19147,20,24
timeStep,numberOfRobotsOnBlackSite,numberOfRobotsOnWhiteSite
19148,20,24
timeStep,numberOfRobotsOnBlackSite,numberOfRobotsOnWhiteSite
19149,20,24
timeStep,numberOfRobotsOnBlackSite,numberOfRobotsOnWhiteSite
19150,20,24
timeStep,numberOfRobotsOnBlackSite,numberOfRobotsOnWhiteSite
19151,20,24
timeStep,numberOfRobotsOnBlackSite,numberOfRobotsOnWhiteSite
19152,20,24
timeStep,numberOfRobotsOnBlackSite,numberOfRobotsOnWhiteSite
19153,20,24
timeStep,numberOfRobotsOnBlackSite,numberOfRobotsOnWhiteSite
19154,20,24
timeStep,numberOfRobotsOnBlackSite,numberOfRobotsOnWhiteSite
19155,20,24
timeStep,numberOfRobotsOnBlackSite,numberOfRobotsOnWhiteSite
19156,20,24
timeStep,numberOfRobotsOnBlackSite,numberOfRobotsOnWhiteSite
19157,20,24
timeStep,numberOfRobotsOnBlackSite,numberOfRobotsOnWhiteSite
19158,20,24
timeStep,numberOfRobotsOnBlackSite,numberOfRobotsOnWhiteSite
19159,20,24
timeStep,numberOfRobotsOnBlackSite,numberOfRobotsOnWhiteSite
19160,20,24
timeStep,numberOfRobotsOnBlackSite,numberOfRobotsOnWhiteSite
19161,20,24
timeStep,numberOfRobotsOnBlackSite,numberOfRobotsOnWhiteSite
19162,20,24
timeStep,numberOfRobotsOnBlackSite,numberOfRobotsOnWhiteSite
19163,20,24
timeStep,numberOfRobotsOnBlackSite,numberOfRobotsOnWhiteSite
19164,20,24
timeStep,numberOfRobotsOnBlackSite,numberOfRobotsOnWhiteSite
19165,20,24
timeStep,numberOfRobotsOnBlackSite,numberOfRobotsOnWhiteSite
19166,20,24
timeStep,numberOfRobotsOnBlackSite,numberOfRobotsOnWhiteSite
19167,20,24
timeStep,numberOfRobotsOnBlackSite,numberOfRobotsOnWhiteSite
19168,20,24
timeStep,numberOfRobotsOnBlackSite,numberOfRobotsOnWhiteSite
19169,20,24
timeStep,numberOfRobotsOnBlackSite,numberOfRobotsOnWhiteSite
19170,20,24
timeStep,numberOfRobotsOnBlackSite,numberOfRobotsOnWhiteSite
19171,20,24
timeStep,numberOfRobotsOnBlackSite,numberOfRobotsOnWhiteSite
19172,20,24
timeStep,numberOfRobotsOnBlackSite,numberOfRobotsOnWhiteSite
19173,20,24
timeStep,numberOfRobotsOnBlackSite,numberOfRobotsOnWhiteSite
19174,20,24
timeStep,numberOfRobotsOnBlackSite,numberOfRobotsOnWhiteSite
19175,20,24
timeStep,numberOfRobotsOnBlackSite,numberOfRobotsOnWhiteSite
19176,20,24
timeStep,numberOfRobotsOnBlackSite,numberOfRobotsOnWhiteSite
19177,20,24
timeStep,numberOfRobotsOnBlackSite,numberOfRobotsOnWhiteSite
19178,20,24
timeStep,numberOfRobotsOnBlackSite,numberOfRobotsOnWhiteSite
19179,20,24
timeStep,numberOfRobotsOnBlackSite,numberOfRobotsOnWhiteSite
19180,20,24
timeStep,numberOfRobotsOnBlackSite,numberOfRobotsOnWhiteSite
19181,20,24
timeStep,numberOfRobotsOnBlackSite,numberOfRobotsOnWhiteSite
19182,20,24
timeStep,numberOfRobotsOnBlackSite,numberOfRobotsOnWhiteSite
19183,20,24
timeStep,numberOfRobotsOnBlackSite,numberOfRobotsOnWhiteSite
19184,20,24
timeStep,numberOfRobotsOnBlackSite,numberOfRobotsOnWhiteSite
19185,20,24
timeStep,numberOfRobotsOnBlackSite,numberOfRobotsOnWhiteSite
19186,20,24
timeStep,numberOfRobotsOnBlackSite,numberOfRobotsOnWhiteSite
19187,20,24
timeStep,numberOfRobotsOnBlackSite,numberOfRobotsOnWhiteSite
19188,20,24
timeStep,numberOfRobotsOnBlackSite,numberOfRobotsOnWhiteSite
19189,20,24
timeStep,numberOfRobotsOnBlackSite,numberOfRobotsOnWhiteSite
19190,20,24
timeStep,numberOfRobotsOnBlackSite,numberOfRobotsOnWhiteSite
19191,20,24
timeStep,numberOfRobotsOnBlackSite,numberOfRobotsOnWhiteSite
19192,20,24
timeStep,numberOfRobotsOnBlackSite,numberOfRobotsOnWhiteSite
19193,20,24
timeStep,numberOfRobotsOnBlackSite,numberOfRobotsOnWhiteSite
19194,20,24
timeStep,numberOfRobotsOnBlackSite,numberOfRobotsOnWhiteSite
19195,20,24
timeStep,numberOfRobotsOnBlackSite,numberOfRobotsOnWhiteSite
19196,20,24
timeStep,numberOfRobotsOnBlackSite,numberOfRobotsOnWhiteSite
19197,20,24
timeStep,numberOfRobotsOnBlackSite,numberOfRobotsOnWhiteSite
19198,20,24
timeStep,numberOfRobotsOnBlackSite,numberOfRobotsOnWhiteSite
19199,20,24
timeStep,numberOfRobotsOnBlackSite,numberOfRobotsOnWhiteSite
19200,20,24
timeStep,numberOfRobotsOnBlackSite,numberOfRobotsOnWhiteSite
19201,20,24
timeStep,numberOfRobotsOnBlackSite,numberOfRobotsOnWhiteSite
19202,20,24
timeStep,numberOfRobotsOnBlackSite,numberOfRobotsOnWhiteSite
19203,20,24
timeStep,numberOfRobotsOnBlackSite,numberOfRobotsOnWhiteSite
19204,20,24
timeStep,numberOfRobotsOnBlackSite,numberOfRobotsOnWhiteSite
19205,20,24
timeStep,numberOfRobotsOnBlackSite,numberOfRobotsOnWhiteSite
19206,20,24
timeStep,numberOfRobotsOnBlackSite,numberOfRobotsOnWhiteSite
19207,20,24
timeStep,numberOfRobotsOnBlackSite,numberOfRobotsOnWhiteSite
19208,20,24
timeStep,numberOfRobotsOnBlackSite,numberOfRobotsOnWhiteSite
19209,20,24
timeStep,numberOfRobotsOnBlackSite,numberOfRobotsOnWhiteSite
19210,20,24
timeStep,numberOfRobotsOnBlackSite,numberOfRobotsOnWhiteSite
19211,20,24
timeStep,numberOfRobotsOnBlackSite,numberOfRobotsOnWhiteSite
19212,20,24
timeStep,numberOfRobotsOnBlackSite,numberOfRobotsOnWhiteSite
19213,20,24
timeStep,numberOfRobotsOnBlackSite,numberOfRobotsOnWhiteSite
19214,20,24
timeStep,numberOfRobotsOnBlackSite,numberOfRobotsOnWhiteSite
19215,20,24
timeStep,numberOfRobotsOnBlackSite,numberOfRobotsOnWhiteSite
19216,20,24
timeStep,numberOfRobotsOnBlackSite,numberOfRobotsOnWhiteSite
19217,20,24
timeStep,numberOfRobotsOnBlackSite,numberOfRobotsOnWhiteSite
19218,20,24
timeStep,numberOfRobotsOnBlackSite,numberOfRobotsOnWhiteSite
19219,20,24
timeStep,numberOfRobotsOnBlackSite,numberOfRobotsOnWhiteSite
19220,20,24
timeStep,numberOfRobotsOnBlackSite,numberOfRobotsOnWhiteSite
19221,20,24
timeStep,numberOfRobotsOnBlackSite,numberOfRobotsOnWhiteSite
19222,20,24
timeStep,numberOfRobotsOnBlackSite,numberOfRobotsOnWhiteSite
19223,20,24
timeStep,numberOfRobotsOnBlackSite,numberOfRobotsOnWhiteSite
19224,20,24
timeStep,numberOfRobotsOnBlackSite,numberOfRobotsOnWhiteSite
19225,20,24
timeStep,numberOfRobotsOnBlackSite,numberOfRobotsOnWhiteSite
19226,20,24
timeStep,numberOfRobotsOnBlackSite,numberOfRobotsOnWhiteSite
19227,20,24
timeStep,numberOfRobotsOnBlackSite,numberOfRobotsOnWhiteSite
19228,20,24
timeStep,numberOfRobotsOnBlackSite,numberOfRobotsOnWhiteSite
19229,20,24
timeStep,numberOfRobotsOnBlackSite,numberOfRobotsOnWhiteSite
19230,20,24
timeStep,numberOfRobotsOnBlackSite,numberOfRobotsOnWhiteSite
19231,20,24
timeStep,numberOfRobotsOnBlackSite,numberOfRobotsOnWhiteSite
19232,20,24
timeStep,numberOfRobotsOnBlackSite,numberOfRobotsOnWhiteSite
19233,20,24
timeStep,numberOfRobotsOnBlackSite,numberOfRobotsOnWhiteSite
19234,20,24
timeStep,numberOfRobotsOnBlackSite,numberOfRobotsOnWhiteSite
19235,20,24
timeStep,numberOfRobotsOnBlackSite,numberOfRobotsOnWhiteSite
19236,20,24
timeStep,numberOfRobotsOnBlackSite,numberOfRobotsOnWhiteSite
19237,20,24
timeStep,numberOfRobotsOnBlackSite,numberOfRobotsOnWhiteSite
19238,20,24
timeStep,numberOfRobotsOnBlackSite,numberOfRobotsOnWhiteSite
19239,20,24
timeStep,numberOfRobotsOnBlackSite,numberOfRobotsOnWhiteSite
19240,20,24
timeStep,numberOfRobotsOnBlackSite,numberOfRobotsOnWhiteSite
19241,20,24
timeStep,numberOfRobotsOnBlackSite,numberOfRobotsOnWhiteSite
19242,20,24
timeStep,numberOfRobotsOnBlackSite,numberOfRobotsOnWhiteSite
19243,20,24
timeStep,numberOfRobotsOnBlackSite,numberOfRobotsOnWhiteSite
19244,20,24
timeStep,numberOfRobotsOnBlackSite,numberOfRobotsOnWhiteSite
19245,20,24
timeStep,numberOfRobotsOnBlackSite,numberOfRobotsOnWhiteSite
19246,20,24
timeStep,numberOfRobotsOnBlackSite,numberOfRobotsOnWhiteSite
19247,20,24
timeStep,numberOfRobotsOnBlackSite,numberOfRobotsOnWhiteSite
19248,20,24
timeStep,numberOfRobotsOnBlackSite,numberOfRobotsOnWhiteSite
19249,20,24
timeStep,numberOfRobotsOnBlackSite,numberOfRobotsOnWhiteSite
19250,20,24
timeStep,numberOfRobotsOnBlackSite,numberOfRobotsOnWhiteSite
19251,20,24
timeStep,numberOfRobotsOnBlackSite,numberOfRobotsOnWhiteSite
19252,20,24
timeStep,numberOfRobotsOnBlackSite,numberOfRobotsOnWhiteSite
19253,20,24
timeStep,numberOfRobotsOnBlackSite,numberOfRobotsOnWhiteSite
19254,20,24
timeStep,numberOfRobotsOnBlackSite,numberOfRobotsOnWhiteSite
19255,20,24
timeStep,numberOfRobotsOnBlackSite,numberOfRobotsOnWhiteSite
19256,20,24
timeStep,numberOfRobotsOnBlackSite,numberOfRobotsOnWhiteSite
19257,20,24
timeStep,numberOfRobotsOnBlackSite,numberOfRobotsOnWhiteSite
19258,20,24
timeStep,numberOfRobotsOnBlackSite,numberOfRobotsOnWhiteSite
19259,20,24
timeStep,numberOfRobotsOnBlackSite,numberOfRobotsOnWhiteSite
19260,20,24
timeStep,numberOfRobotsOnBlackSite,numberOfRobotsOnWhiteSite
19261,20,24
timeStep,numberOfRobotsOnBlackSite,numberOfRobotsOnWhiteSite
19262,20,24
timeStep,numberOfRobotsOnBlackSite,numberOfRobotsOnWhiteSite
19263,20,24
timeStep,numberOfRobotsOnBlackSite,numberOfRobotsOnWhiteSite
19264,20,24
timeStep,numberOfRobotsOnBlackSite,numberOfRobotsOnWhiteSite
19265,20,24
timeStep,numberOfRobotsOnBlackSite,numberOfRobotsOnWhiteSite
19266,20,24
timeStep,numberOfRobotsOnBlackSite,numberOfRobotsOnWhiteSite
19267,20,24
timeStep,numberOfRobotsOnBlackSite,numberOfRobotsOnWhiteSite
19268,20,24
timeStep,numberOfRobotsOnBlackSite,numberOfRobotsOnWhiteSite
19269,20,24
timeStep,numberOfRobotsOnBlackSite,numberOfRobotsOnWhiteSite
19270,20,24
timeStep,numberOfRobotsOnBlackSite,numberOfRobotsOnWhiteSite
19271,20,24
timeStep,numberOfRobotsOnBlackSite,numberOfRobotsOnWhiteSite
19272,20,24
timeStep,numberOfRobotsOnBlackSite,numberOfRobotsOnWhiteSite
19273,20,24
timeStep,numberOfRobotsOnBlackSite,numberOfRobotsOnWhiteSite
19274,20,24
timeStep,numberOfRobotsOnBlackSite,numberOfRobotsOnWhiteSite
19275,20,24
timeStep,numberOfRobotsOnBlackSite,numberOfRobotsOnWhiteSite
19276,20,24
timeStep,numberOfRobotsOnBlackSite,numberOfRobotsOnWhiteSite
19277,20,24
timeStep,numberOfRobotsOnBlackSite,numberOfRobotsOnWhiteSite
19278,20,24
timeStep,numberOfRobotsOnBlackSite,numberOfRobotsOnWhiteSite
19279,20,24
timeStep,numberOfRobotsOnBlackSite,numberOfRobotsOnWhiteSite
19280,20,24
timeStep,numberOfRobotsOnBlackSite,numberOfRobotsOnWhiteSite
19281,20,24
timeStep,numberOfRobotsOnBlackSite,numberOfRobotsOnWhiteSite
19282,20,24
timeStep,numberOfRobotsOnBlackSite,numberOfRobotsOnWhiteSite
19283,20,24
timeStep,numberOfRobotsOnBlackSite,numberOfRobotsOnWhiteSite
19284,20,24
timeStep,numberOfRobotsOnBlackSite,numberOfRobotsOnWhiteSite
19285,20,24
timeStep,numberOfRobotsOnBlackSite,numberOfRobotsOnWhiteSite
19286,20,24
timeStep,numberOfRobotsOnBlackSite,numberOfRobotsOnWhiteSite
19287,20,24
timeStep,numberOfRobotsOnBlackSite,numberOfRobotsOnWhiteSite
19288,20,24
timeStep,numberOfRobotsOnBlackSite,numberOfRobotsOnWhiteSite
19289,20,24
timeStep,numberOfRobotsOnBlackSite,numberOfRobotsOnWhiteSite
19290,20,24
timeStep,numberOfRobotsOnBlackSite,numberOfRobotsOnWhiteSite
19291,20,24
timeStep,numberOfRobotsOnBlackSite,numberOfRobotsOnWhiteSite
19292,20,24
timeStep,numberOfRobotsOnBlackSite,numberOfRobotsOnWhiteSite
19293,20,24
timeStep,numberOfRobotsOnBlackSite,numberOfRobotsOnWhiteSite
19294,20,24
timeStep,numberOfRobotsOnBlackSite,numberOfRobotsOnWhiteSite
19295,20,24
timeStep,numberOfRobotsOnBlackSite,numberOfRobotsOnWhiteSite
19296,20,24
timeStep,numberOfRobotsOnBlackSite,numberOfRobotsOnWhiteSite
19297,20,24
timeStep,numberOfRobotsOnBlackSite,numberOfRobotsOnWhiteSite
19298,20,24
timeStep,numberOfRobotsOnBlackSite,numberOfRobotsOnWhiteSite
19299,20,24
timeStep,numberOfRobotsOnBlackSite,numberOfRobotsOnWhiteSite
19300,20,24
timeStep,numberOfRobotsOnBlackSite,numberOfRobotsOnWhiteSite
19301,20,24
timeStep,numberOfRobotsOnBlackSite,numberOfRobotsOnWhiteSite
19302,20,24
timeStep,numberOfRobotsOnBlackSite,numberOfRobotsOnWhiteSite
19303,20,24
timeStep,numberOfRobotsOnBlackSite,numberOfRobotsOnWhiteSite
19304,20,24
timeStep,numberOfRobotsOnBlackSite,numberOfRobotsOnWhiteSite
19305,20,24
timeStep,numberOfRobotsOnBlackSite,numberOfRobotsOnWhiteSite
19306,20,24
timeStep,numberOfRobotsOnBlackSite,numberOfRobotsOnWhiteSite
19307,20,24
timeStep,numberOfRobotsOnBlackSite,numberOfRobotsOnWhiteSite
19308,20,24
timeStep,numberOfRobotsOnBlackSite,numberOfRobotsOnWhiteSite
19309,20,24
timeStep,numberOfRobotsOnBlackSite,numberOfRobotsOnWhiteSite
19310,20,24
timeStep,numberOfRobotsOnBlackSite,numberOfRobotsOnWhiteSite
19311,20,24
timeStep,numberOfRobotsOnBlackSite,numberOfRobotsOnWhiteSite
19312,20,24
timeStep,numberOfRobotsOnBlackSite,numberOfRobotsOnWhiteSite
19313,20,24
timeStep,numberOfRobotsOnBlackSite,numberOfRobotsOnWhiteSite
19314,20,24
timeStep,numberOfRobotsOnBlackSite,numberOfRobotsOnWhiteSite
19315,20,24
timeStep,numberOfRobotsOnBlackSite,numberOfRobotsOnWhiteSite
19316,20,24
timeStep,numberOfRobotsOnBlackSite,numberOfRobotsOnWhiteSite
19317,20,24
timeStep,numberOfRobotsOnBlackSite,numberOfRobotsOnWhiteSite
19318,20,24
timeStep,numberOfRobotsOnBlackSite,numberOfRobotsOnWhiteSite
19319,20,24
timeStep,numberOfRobotsOnBlackSite,numberOfRobotsOnWhiteSite
19320,20,24
timeStep,numberOfRobotsOnBlackSite,numberOfRobotsOnWhiteSite
19321,20,24
timeStep,numberOfRobotsOnBlackSite,numberOfRobotsOnWhiteSite
19322,20,24
timeStep,numberOfRobotsOnBlackSite,numberOfRobotsOnWhiteSite
19323,20,24
timeStep,numberOfRobotsOnBlackSite,numberOfRobotsOnWhiteSite
19324,20,24
timeStep,numberOfRobotsOnBlackSite,numberOfRobotsOnWhiteSite
19325,20,24
timeStep,numberOfRobotsOnBlackSite,numberOfRobotsOnWhiteSite
19326,20,24
timeStep,numberOfRobotsOnBlackSite,numberOfRobotsOnWhiteSite
19327,20,24
timeStep,numberOfRobotsOnBlackSite,numberOfRobotsOnWhiteSite
19328,20,24
timeStep,numberOfRobotsOnBlackSite,numberOfRobotsOnWhiteSite
19329,20,24
timeStep,numberOfRobotsOnBlackSite,numberOfRobotsOnWhiteSite
19330,20,24
timeStep,numberOfRobotsOnBlackSite,numberOfRobotsOnWhiteSite
19331,20,24
timeStep,numberOfRobotsOnBlackSite,numberOfRobotsOnWhiteSite
19332,20,24
timeStep,numberOfRobotsOnBlackSite,numberOfRobotsOnWhiteSite
19333,20,24
timeStep,numberOfRobotsOnBlackSite,numberOfRobotsOnWhiteSite
19334,20,24
timeStep,numberOfRobotsOnBlackSite,numberOfRobotsOnWhiteSite
19335,20,24
timeStep,numberOfRobotsOnBlackSite,numberOfRobotsOnWhiteSite
19336,20,24
timeStep,numberOfRobotsOnBlackSite,numberOfRobotsOnWhiteSite
19337,20,24
timeStep,numberOfRobotsOnBlackSite,numberOfRobotsOnWhiteSite
19338,20,24
timeStep,numberOfRobotsOnBlackSite,numberOfRobotsOnWhiteSite
19339,20,24
timeStep,numberOfRobotsOnBlackSite,numberOfRobotsOnWhiteSite
19340,20,24
timeStep,numberOfRobotsOnBlackSite,numberOfRobotsOnWhiteSite
19341,20,24
timeStep,numberOfRobotsOnBlackSite,numberOfRobotsOnWhiteSite
19342,20,24
timeStep,numberOfRobotsOnBlackSite,numberOfRobotsOnWhiteSite
19343,20,24
timeStep,numberOfRobotsOnBlackSite,numberOfRobotsOnWhiteSite
19344,20,24
timeStep,numberOfRobotsOnBlackSite,numberOfRobotsOnWhiteSite
19345,20,24
timeStep,numberOfRobotsOnBlackSite,numberOfRobotsOnWhiteSite
19346,20,24
timeStep,numberOfRobotsOnBlackSite,numberOfRobotsOnWhiteSite
19347,20,24
timeStep,numberOfRobotsOnBlackSite,numberOfRobotsOnWhiteSite
19348,20,24
timeStep,numberOfRobotsOnBlackSite,numberOfRobotsOnWhiteSite
19349,20,24
timeStep,numberOfRobotsOnBlackSite,numberOfRobotsOnWhiteSite
19350,20,24
timeStep,numberOfRobotsOnBlackSite,numberOfRobotsOnWhiteSite
19351,20,24
timeStep,numberOfRobotsOnBlackSite,numberOfRobotsOnWhiteSite
19352,20,24
timeStep,numberOfRobotsOnBlackSite,numberOfRobotsOnWhiteSite
19353,20,24
timeStep,numberOfRobotsOnBlackSite,numberOfRobotsOnWhiteSite
19354,20,24
timeStep,numberOfRobotsOnBlackSite,numberOfRobotsOnWhiteSite
19355,20,24
timeStep,numberOfRobotsOnBlackSite,numberOfRobotsOnWhiteSite
19356,20,24
timeStep,numberOfRobotsOnBlackSite,numberOfRobotsOnWhiteSite
19357,20,24
timeStep,numberOfRobotsOnBlackSite,numberOfRobotsOnWhiteSite
19358,20,24
timeStep,numberOfRobotsOnBlackSite,numberOfRobotsOnWhiteSite
19359,20,24
timeStep,numberOfRobotsOnBlackSite,numberOfRobotsOnWhiteSite
19360,20,24
timeStep,numberOfRobotsOnBlackSite,numberOfRobotsOnWhiteSite
19361,20,24
timeStep,numberOfRobotsOnBlackSite,numberOfRobotsOnWhiteSite
19362,20,24
timeStep,numberOfRobotsOnBlackSite,numberOfRobotsOnWhiteSite
19363,20,24
timeStep,numberOfRobotsOnBlackSite,numberOfRobotsOnWhiteSite
19364,20,24
timeStep,numberOfRobotsOnBlackSite,numberOfRobotsOnWhiteSite
19365,20,24
timeStep,numberOfRobotsOnBlackSite,numberOfRobotsOnWhiteSite
19366,20,24
timeStep,numberOfRobotsOnBlackSite,numberOfRobotsOnWhiteSite
19367,20,24
timeStep,numberOfRobotsOnBlackSite,numberOfRobotsOnWhiteSite
19368,20,24
timeStep,numberOfRobotsOnBlackSite,numberOfRobotsOnWhiteSite
19369,20,24
timeStep,numberOfRobotsOnBlackSite,numberOfRobotsOnWhiteSite
19370,20,24
timeStep,numberOfRobotsOnBlackSite,numberOfRobotsOnWhiteSite
19371,20,24
timeStep,numberOfRobotsOnBlackSite,numberOfRobotsOnWhiteSite
19372,20,24
timeStep,numberOfRobotsOnBlackSite,numberOfRobotsOnWhiteSite
19373,20,24
timeStep,numberOfRobotsOnBlackSite,numberOfRobotsOnWhiteSite
19374,20,24
timeStep,numberOfRobotsOnBlackSite,numberOfRobotsOnWhiteSite
19375,20,24
timeStep,numberOfRobotsOnBlackSite,numberOfRobotsOnWhiteSite
19376,20,24
timeStep,numberOfRobotsOnBlackSite,numberOfRobotsOnWhiteSite
19377,20,24
timeStep,numberOfRobotsOnBlackSite,numberOfRobotsOnWhiteSite
19378,20,24
timeStep,numberOfRobotsOnBlackSite,numberOfRobotsOnWhiteSite
19379,20,24
timeStep,numberOfRobotsOnBlackSite,numberOfRobotsOnWhiteSite
19380,20,24
timeStep,numberOfRobotsOnBlackSite,numberOfRobotsOnWhiteSite
19381,20,24
timeStep,numberOfRobotsOnBlackSite,numberOfRobotsOnWhiteSite
19382,20,24
timeStep,numberOfRobotsOnBlackSite,numberOfRobotsOnWhiteSite
19383,20,24
timeStep,numberOfRobotsOnBlackSite,numberOfRobotsOnWhiteSite
19384,20,24
timeStep,numberOfRobotsOnBlackSite,numberOfRobotsOnWhiteSite
19385,20,24
timeStep,numberOfRobotsOnBlackSite,numberOfRobotsOnWhiteSite
19386,20,24
timeStep,numberOfRobotsOnBlackSite,numberOfRobotsOnWhiteSite
19387,20,24
timeStep,numberOfRobotsOnBlackSite,numberOfRobotsOnWhiteSite
19388,20,24
timeStep,numberOfRobotsOnBlackSite,numberOfRobotsOnWhiteSite
19389,20,24
timeStep,numberOfRobotsOnBlackSite,numberOfRobotsOnWhiteSite
19390,20,24
timeStep,numberOfRobotsOnBlackSite,numberOfRobotsOnWhiteSite
19391,20,24
timeStep,numberOfRobotsOnBlackSite,numberOfRobotsOnWhiteSite
19392,20,24
timeStep,numberOfRobotsOnBlackSite,numberOfRobotsOnWhiteSite
19393,20,24
timeStep,numberOfRobotsOnBlackSite,numberOfRobotsOnWhiteSite
19394,20,24
timeStep,numberOfRobotsOnBlackSite,numberOfRobotsOnWhiteSite
19395,20,24
timeStep,numberOfRobotsOnBlackSite,numberOfRobotsOnWhiteSite
19396,20,24
timeStep,numberOfRobotsOnBlackSite,numberOfRobotsOnWhiteSite
19397,20,24
timeStep,numberOfRobotsOnBlackSite,numberOfRobotsOnWhiteSite
19398,20,24
timeStep,numberOfRobotsOnBlackSite,numberOfRobotsOnWhiteSite
19399,20,24
timeStep,numberOfRobotsOnBlackSite,numberOfRobotsOnWhiteSite
19400,20,24
timeStep,numberOfRobotsOnBlackSite,numberOfRobotsOnWhiteSite
19401,20,24
timeStep,numberOfRobotsOnBlackSite,numberOfRobotsOnWhiteSite
19402,20,24
timeStep,numberOfRobotsOnBlackSite,numberOfRobotsOnWhiteSite
19403,20,24
timeStep,numberOfRobotsOnBlackSite,numberOfRobotsOnWhiteSite
19404,20,24
timeStep,numberOfRobotsOnBlackSite,numberOfRobotsOnWhiteSite
19405,20,24
timeStep,numberOfRobotsOnBlackSite,numberOfRobotsOnWhiteSite
19406,20,24
timeStep,numberOfRobotsOnBlackSite,numberOfRobotsOnWhiteSite
19407,20,24
timeStep,numberOfRobotsOnBlackSite,numberOfRobotsOnWhiteSite
19408,20,24
timeStep,numberOfRobotsOnBlackSite,numberOfRobotsOnWhiteSite
19409,20,24
timeStep,numberOfRobotsOnBlackSite,numberOfRobotsOnWhiteSite
19410,20,24
timeStep,numberOfRobotsOnBlackSite,numberOfRobotsOnWhiteSite
19411,20,24
timeStep,numberOfRobotsOnBlackSite,numberOfRobotsOnWhiteSite
19412,20,24
timeStep,numberOfRobotsOnBlackSite,numberOfRobotsOnWhiteSite
19413,20,24
timeStep,numberOfRobotsOnBlackSite,numberOfRobotsOnWhiteSite
19414,20,24
timeStep,numberOfRobotsOnBlackSite,numberOfRobotsOnWhiteSite
19415,20,24
timeStep,numberOfRobotsOnBlackSite,numberOfRobotsOnWhiteSite
19416,20,24
timeStep,numberOfRobotsOnBlackSite,numberOfRobotsOnWhiteSite
19417,20,24
timeStep,numberOfRobotsOnBlackSite,numberOfRobotsOnWhiteSite
19418,20,24
timeStep,numberOfRobotsOnBlackSite,numberOfRobotsOnWhiteSite
19419,20,24
timeStep,numberOfRobotsOnBlackSite,numberOfRobotsOnWhiteSite
19420,20,24
timeStep,numberOfRobotsOnBlackSite,numberOfRobotsOnWhiteSite
19421,20,24
timeStep,numberOfRobotsOnBlackSite,numberOfRobotsOnWhiteSite
19422,20,24
timeStep,numberOfRobotsOnBlackSite,numberOfRobotsOnWhiteSite
19423,20,24
timeStep,numberOfRobotsOnBlackSite,numberOfRobotsOnWhiteSite
19424,20,24
timeStep,numberOfRobotsOnBlackSite,numberOfRobotsOnWhiteSite
19425,20,24
timeStep,numberOfRobotsOnBlackSite,numberOfRobotsOnWhiteSite
19426,20,24
timeStep,numberOfRobotsOnBlackSite,numberOfRobotsOnWhiteSite
19427,20,24
timeStep,numberOfRobotsOnBlackSite,numberOfRobotsOnWhiteSite
19428,20,24
timeStep,numberOfRobotsOnBlackSite,numberOfRobotsOnWhiteSite
19429,20,24
timeStep,numberOfRobotsOnBlackSite,numberOfRobotsOnWhiteSite
19430,20,24
timeStep,numberOfRobotsOnBlackSite,numberOfRobotsOnWhiteSite
19431,20,24
timeStep,numberOfRobotsOnBlackSite,numberOfRobotsOnWhiteSite
19432,20,24
timeStep,numberOfRobotsOnBlackSite,numberOfRobotsOnWhiteSite
19433,20,24
timeStep,numberOfRobotsOnBlackSite,numberOfRobotsOnWhiteSite
19434,20,24
timeStep,numberOfRobotsOnBlackSite,numberOfRobotsOnWhiteSite
19435,20,24
timeStep,numberOfRobotsOnBlackSite,numberOfRobotsOnWhiteSite
19436,20,24
timeStep,numberOfRobotsOnBlackSite,numberOfRobotsOnWhiteSite
19437,20,24
timeStep,numberOfRobotsOnBlackSite,numberOfRobotsOnWhiteSite
19438,20,24
timeStep,numberOfRobotsOnBlackSite,numberOfRobotsOnWhiteSite
19439,20,24
timeStep,numberOfRobotsOnBlackSite,numberOfRobotsOnWhiteSite
19440,20,24
timeStep,numberOfRobotsOnBlackSite,numberOfRobotsOnWhiteSite
19441,20,24
timeStep,numberOfRobotsOnBlackSite,numberOfRobotsOnWhiteSite
19442,20,24
timeStep,numberOfRobotsOnBlackSite,numberOfRobotsOnWhiteSite
19443,20,24
timeStep,numberOfRobotsOnBlackSite,numberOfRobotsOnWhiteSite
19444,20,24
timeStep,numberOfRobotsOnBlackSite,numberOfRobotsOnWhiteSite
19445,20,24
timeStep,numberOfRobotsOnBlackSite,numberOfRobotsOnWhiteSite
19446,20,24
timeStep,numberOfRobotsOnBlackSite,numberOfRobotsOnWhiteSite
19447,20,24
timeStep,numberOfRobotsOnBlackSite,numberOfRobotsOnWhiteSite
19448,20,24
timeStep,numberOfRobotsOnBlackSite,numberOfRobotsOnWhiteSite
19449,20,24
timeStep,numberOfRobotsOnBlackSite,numberOfRobotsOnWhiteSite
19450,20,24
timeStep,numberOfRobotsOnBlackSite,numberOfRobotsOnWhiteSite
19451,20,24
timeStep,numberOfRobotsOnBlackSite,numberOfRobotsOnWhiteSite
19452,20,24
timeStep,numberOfRobotsOnBlackSite,numberOfRobotsOnWhiteSite
19453,20,24
timeStep,numberOfRobotsOnBlackSite,numberOfRobotsOnWhiteSite
19454,20,24
timeStep,numberOfRobotsOnBlackSite,numberOfRobotsOnWhiteSite
19455,20,24
timeStep,numberOfRobotsOnBlackSite,numberOfRobotsOnWhiteSite
19456,20,24
timeStep,numberOfRobotsOnBlackSite,numberOfRobotsOnWhiteSite
19457,20,24
timeStep,numberOfRobotsOnBlackSite,numberOfRobotsOnWhiteSite
19458,20,24
timeStep,numberOfRobotsOnBlackSite,numberOfRobotsOnWhiteSite
19459,20,24
timeStep,numberOfRobotsOnBlackSite,numberOfRobotsOnWhiteSite
19460,20,24
timeStep,numberOfRobotsOnBlackSite,numberOfRobotsOnWhiteSite
19461,20,24
timeStep,numberOfRobotsOnBlackSite,numberOfRobotsOnWhiteSite
19462,20,24
timeStep,numberOfRobotsOnBlackSite,numberOfRobotsOnWhiteSite
19463,20,24
timeStep,numberOfRobotsOnBlackSite,numberOfRobotsOnWhiteSite
19464,20,24
timeStep,numberOfRobotsOnBlackSite,numberOfRobotsOnWhiteSite
19465,20,24
timeStep,numberOfRobotsOnBlackSite,numberOfRobotsOnWhiteSite
19466,20,24
timeStep,numberOfRobotsOnBlackSite,numberOfRobotsOnWhiteSite
19467,20,24
timeStep,numberOfRobotsOnBlackSite,numberOfRobotsOnWhiteSite
19468,20,24
timeStep,numberOfRobotsOnBlackSite,numberOfRobotsOnWhiteSite
19469,20,24
timeStep,numberOfRobotsOnBlackSite,numberOfRobotsOnWhiteSite
19470,20,24
timeStep,numberOfRobotsOnBlackSite,numberOfRobotsOnWhiteSite
19471,20,24
timeStep,numberOfRobotsOnBlackSite,numberOfRobotsOnWhiteSite
19472,20,24
timeStep,numberOfRobotsOnBlackSite,numberOfRobotsOnWhiteSite
19473,20,24
timeStep,numberOfRobotsOnBlackSite,numberOfRobotsOnWhiteSite
19474,20,24
timeStep,numberOfRobotsOnBlackSite,numberOfRobotsOnWhiteSite
19475,20,24
timeStep,numberOfRobotsOnBlackSite,numberOfRobotsOnWhiteSite
19476,20,24
timeStep,numberOfRobotsOnBlackSite,numberOfRobotsOnWhiteSite
19477,20,24
timeStep,numberOfRobotsOnBlackSite,numberOfRobotsOnWhiteSite
19478,20,24
timeStep,numberOfRobotsOnBlackSite,numberOfRobotsOnWhiteSite
19479,20,24
timeStep,numberOfRobotsOnBlackSite,numberOfRobotsOnWhiteSite
19480,20,24
timeStep,numberOfRobotsOnBlackSite,numberOfRobotsOnWhiteSite
19481,20,24
timeStep,numberOfRobotsOnBlackSite,numberOfRobotsOnWhiteSite
19482,20,24
timeStep,numberOfRobotsOnBlackSite,numberOfRobotsOnWhiteSite
19483,20,24
timeStep,numberOfRobotsOnBlackSite,numberOfRobotsOnWhiteSite
19484,20,24
timeStep,numberOfRobotsOnBlackSite,numberOfRobotsOnWhiteSite
19485,20,24
timeStep,numberOfRobotsOnBlackSite,numberOfRobotsOnWhiteSite
19486,20,24
timeStep,numberOfRobotsOnBlackSite,numberOfRobotsOnWhiteSite
19487,20,24
timeStep,numberOfRobotsOnBlackSite,numberOfRobotsOnWhiteSite
19488,20,24
timeStep,numberOfRobotsOnBlackSite,numberOfRobotsOnWhiteSite
19489,20,24
timeStep,numberOfRobotsOnBlackSite,numberOfRobotsOnWhiteSite
19490,20,24
timeStep,numberOfRobotsOnBlackSite,numberOfRobotsOnWhiteSite
19491,20,24
timeStep,numberOfRobotsOnBlackSite,numberOfRobotsOnWhiteSite
19492,20,24
timeStep,numberOfRobotsOnBlackSite,numberOfRobotsOnWhiteSite
19493,20,24
timeStep,numberOfRobotsOnBlackSite,numberOfRobotsOnWhiteSite
19494,20,24
timeStep,numberOfRobotsOnBlackSite,numberOfRobotsOnWhiteSite
19495,20,24
timeStep,numberOfRobotsOnBlackSite,numberOfRobotsOnWhiteSite
19496,20,24
timeStep,numberOfRobotsOnBlackSite,numberOfRobotsOnWhiteSite
19497,20,24
timeStep,numberOfRobotsOnBlackSite,numberOfRobotsOnWhiteSite
19498,20,24
timeStep,numberOfRobotsOnBlackSite,numberOfRobotsOnWhiteSite
19499,20,24
timeStep,numberOfRobotsOnBlackSite,numberOfRobotsOnWhiteSite
19500,20,24
timeStep,numberOfRobotsOnBlackSite,numberOfRobotsOnWhiteSite
19501,20,24
timeStep,numberOfRobotsOnBlackSite,numberOfRobotsOnWhiteSite
19502,20,24
timeStep,numberOfRobotsOnBlackSite,numberOfRobotsOnWhiteSite
19503,20,24
timeStep,numberOfRobotsOnBlackSite,numberOfRobotsOnWhiteSite
19504,20,24
timeStep,numberOfRobotsOnBlackSite,numberOfRobotsOnWhiteSite
19505,20,24
timeStep,numberOfRobotsOnBlackSite,numberOfRobotsOnWhiteSite
19506,20,24
timeStep,numberOfRobotsOnBlackSite,numberOfRobotsOnWhiteSite
19507,20,24
timeStep,numberOfRobotsOnBlackSite,numberOfRobotsOnWhiteSite
19508,20,24
timeStep,numberOfRobotsOnBlackSite,numberOfRobotsOnWhiteSite
19509,20,24
timeStep,numberOfRobotsOnBlackSite,numberOfRobotsOnWhiteSite
19510,20,24
timeStep,numberOfRobotsOnBlackSite,numberOfRobotsOnWhiteSite
19511,20,24
timeStep,numberOfRobotsOnBlackSite,numberOfRobotsOnWhiteSite
19512,20,24
timeStep,numberOfRobotsOnBlackSite,numberOfRobotsOnWhiteSite
19513,20,24
timeStep,numberOfRobotsOnBlackSite,numberOfRobotsOnWhiteSite
19514,20,24
timeStep,numberOfRobotsOnBlackSite,numberOfRobotsOnWhiteSite
19515,20,24
timeStep,numberOfRobotsOnBlackSite,numberOfRobotsOnWhiteSite
19516,20,24
timeStep,numberOfRobotsOnBlackSite,numberOfRobotsOnWhiteSite
19517,20,24
timeStep,numberOfRobotsOnBlackSite,numberOfRobotsOnWhiteSite
19518,20,24
timeStep,numberOfRobotsOnBlackSite,numberOfRobotsOnWhiteSite
19519,20,24
timeStep,numberOfRobotsOnBlackSite,numberOfRobotsOnWhiteSite
19520,20,24
timeStep,numberOfRobotsOnBlackSite,numberOfRobotsOnWhiteSite
19521,20,24
timeStep,numberOfRobotsOnBlackSite,numberOfRobotsOnWhiteSite
19522,20,24
timeStep,numberOfRobotsOnBlackSite,numberOfRobotsOnWhiteSite
19523,20,24
timeStep,numberOfRobotsOnBlackSite,numberOfRobotsOnWhiteSite
19524,20,24
timeStep,numberOfRobotsOnBlackSite,numberOfRobotsOnWhiteSite
19525,20,24
timeStep,numberOfRobotsOnBlackSite,numberOfRobotsOnWhiteSite
19526,20,24
timeStep,numberOfRobotsOnBlackSite,numberOfRobotsOnWhiteSite
19527,20,24
timeStep,numberOfRobotsOnBlackSite,numberOfRobotsOnWhiteSite
19528,20,24
timeStep,numberOfRobotsOnBlackSite,numberOfRobotsOnWhiteSite
19529,20,24
timeStep,numberOfRobotsOnBlackSite,numberOfRobotsOnWhiteSite
19530,20,24
timeStep,numberOfRobotsOnBlackSite,numberOfRobotsOnWhiteSite
19531,20,24
timeStep,numberOfRobotsOnBlackSite,numberOfRobotsOnWhiteSite
19532,20,24
timeStep,numberOfRobotsOnBlackSite,numberOfRobotsOnWhiteSite
19533,20,24
timeStep,numberOfRobotsOnBlackSite,numberOfRobotsOnWhiteSite
19534,20,24
timeStep,numberOfRobotsOnBlackSite,numberOfRobotsOnWhiteSite
19535,20,24
timeStep,numberOfRobotsOnBlackSite,numberOfRobotsOnWhiteSite
19536,20,24
timeStep,numberOfRobotsOnBlackSite,numberOfRobotsOnWhiteSite
19537,20,24
timeStep,numberOfRobotsOnBlackSite,numberOfRobotsOnWhiteSite
19538,20,24
timeStep,numberOfRobotsOnBlackSite,numberOfRobotsOnWhiteSite
19539,20,24
timeStep,numberOfRobotsOnBlackSite,numberOfRobotsOnWhiteSite
19540,20,24
timeStep,numberOfRobotsOnBlackSite,numberOfRobotsOnWhiteSite
19541,20,24
timeStep,numberOfRobotsOnBlackSite,numberOfRobotsOnWhiteSite
19542,20,24
timeStep,numberOfRobotsOnBlackSite,numberOfRobotsOnWhiteSite
19543,20,24
timeStep,numberOfRobotsOnBlackSite,numberOfRobotsOnWhiteSite
19544,20,24
timeStep,numberOfRobotsOnBlackSite,numberOfRobotsOnWhiteSite
19545,20,24
timeStep,numberOfRobotsOnBlackSite,numberOfRobotsOnWhiteSite
19546,20,24
timeStep,numberOfRobotsOnBlackSite,numberOfRobotsOnWhiteSite
19547,20,24
timeStep,numberOfRobotsOnBlackSite,numberOfRobotsOnWhiteSite
19548,20,24
timeStep,numberOfRobotsOnBlackSite,numberOfRobotsOnWhiteSite
19549,20,24
timeStep,numberOfRobotsOnBlackSite,numberOfRobotsOnWhiteSite
19550,20,24
timeStep,numberOfRobotsOnBlackSite,numberOfRobotsOnWhiteSite
19551,20,24
timeStep,numberOfRobotsOnBlackSite,numberOfRobotsOnWhiteSite
19552,20,24
timeStep,numberOfRobotsOnBlackSite,numberOfRobotsOnWhiteSite
19553,20,24
timeStep,numberOfRobotsOnBlackSite,numberOfRobotsOnWhiteSite
19554,20,24
timeStep,numberOfRobotsOnBlackSite,numberOfRobotsOnWhiteSite
19555,20,24
timeStep,numberOfRobotsOnBlackSite,numberOfRobotsOnWhiteSite
19556,20,24
timeStep,numberOfRobotsOnBlackSite,numberOfRobotsOnWhiteSite
19557,20,24
timeStep,numberOfRobotsOnBlackSite,numberOfRobotsOnWhiteSite
19558,20,24
timeStep,numberOfRobotsOnBlackSite,numberOfRobotsOnWhiteSite
19559,20,24
timeStep,numberOfRobotsOnBlackSite,numberOfRobotsOnWhiteSite
19560,20,24
timeStep,numberOfRobotsOnBlackSite,numberOfRobotsOnWhiteSite
19561,20,24
timeStep,numberOfRobotsOnBlackSite,numberOfRobotsOnWhiteSite
19562,20,24
timeStep,numberOfRobotsOnBlackSite,numberOfRobotsOnWhiteSite
19563,20,24
timeStep,numberOfRobotsOnBlackSite,numberOfRobotsOnWhiteSite
19564,20,24
timeStep,numberOfRobotsOnBlackSite,numberOfRobotsOnWhiteSite
19565,20,24
timeStep,numberOfRobotsOnBlackSite,numberOfRobotsOnWhiteSite
19566,20,24
timeStep,numberOfRobotsOnBlackSite,numberOfRobotsOnWhiteSite
19567,20,24
timeStep,numberOfRobotsOnBlackSite,numberOfRobotsOnWhiteSite
19568,20,24
timeStep,numberOfRobotsOnBlackSite,numberOfRobotsOnWhiteSite
19569,20,24
timeStep,numberOfRobotsOnBlackSite,numberOfRobotsOnWhiteSite
19570,20,24
timeStep,numberOfRobotsOnBlackSite,numberOfRobotsOnWhiteSite
19571,20,24
timeStep,numberOfRobotsOnBlackSite,numberOfRobotsOnWhiteSite
19572,20,24
timeStep,numberOfRobotsOnBlackSite,numberOfRobotsOnWhiteSite
19573,20,24
timeStep,numberOfRobotsOnBlackSite,numberOfRobotsOnWhiteSite
19574,20,24
timeStep,numberOfRobotsOnBlackSite,numberOfRobotsOnWhiteSite
19575,20,24
timeStep,numberOfRobotsOnBlackSite,numberOfRobotsOnWhiteSite
19576,20,24
timeStep,numberOfRobotsOnBlackSite,numberOfRobotsOnWhiteSite
19577,20,24
timeStep,numberOfRobotsOnBlackSite,numberOfRobotsOnWhiteSite
19578,20,24
timeStep,numberOfRobotsOnBlackSite,numberOfRobotsOnWhiteSite
19579,20,24
timeStep,numberOfRobotsOnBlackSite,numberOfRobotsOnWhiteSite
19580,20,24
timeStep,numberOfRobotsOnBlackSite,numberOfRobotsOnWhiteSite
19581,20,24
timeStep,numberOfRobotsOnBlackSite,numberOfRobotsOnWhiteSite
19582,20,24
timeStep,numberOfRobotsOnBlackSite,numberOfRobotsOnWhiteSite
19583,20,24
timeStep,numberOfRobotsOnBlackSite,numberOfRobotsOnWhiteSite
19584,20,24
timeStep,numberOfRobotsOnBlackSite,numberOfRobotsOnWhiteSite
19585,20,24
timeStep,numberOfRobotsOnBlackSite,numberOfRobotsOnWhiteSite
19586,20,24
timeStep,numberOfRobotsOnBlackSite,numberOfRobotsOnWhiteSite
19587,20,24
timeStep,numberOfRobotsOnBlackSite,numberOfRobotsOnWhiteSite
19588,20,24
timeStep,numberOfRobotsOnBlackSite,numberOfRobotsOnWhiteSite
19589,20,24
timeStep,numberOfRobotsOnBlackSite,numberOfRobotsOnWhiteSite
19590,20,24
timeStep,numberOfRobotsOnBlackSite,numberOfRobotsOnWhiteSite
19591,20,24
timeStep,numberOfRobotsOnBlackSite,numberOfRobotsOnWhiteSite
19592,20,24
timeStep,numberOfRobotsOnBlackSite,numberOfRobotsOnWhiteSite
19593,20,24
timeStep,numberOfRobotsOnBlackSite,numberOfRobotsOnWhiteSite
19594,20,24
timeStep,numberOfRobotsOnBlackSite,numberOfRobotsOnWhiteSite
19595,20,24
timeStep,numberOfRobotsOnBlackSite,numberOfRobotsOnWhiteSite
19596,20,24
timeStep,numberOfRobotsOnBlackSite,numberOfRobotsOnWhiteSite
19597,20,24
timeStep,numberOfRobotsOnBlackSite,numberOfRobotsOnWhiteSite
19598,20,24
timeStep,numberOfRobotsOnBlackSite,numberOfRobotsOnWhiteSite
19599,20,24
timeStep,numberOfRobotsOnBlackSite,numberOfRobotsOnWhiteSite
19600,20,24
timeStep,numberOfRobotsOnBlackSite,numberOfRobotsOnWhiteSite
19601,20,24
timeStep,numberOfRobotsOnBlackSite,numberOfRobotsOnWhiteSite
19602,20,24
timeStep,numberOfRobotsOnBlackSite,numberOfRobotsOnWhiteSite
19603,20,24
timeStep,numberOfRobotsOnBlackSite,numberOfRobotsOnWhiteSite
19604,20,24
timeStep,numberOfRobotsOnBlackSite,numberOfRobotsOnWhiteSite
19605,20,24
timeStep,numberOfRobotsOnBlackSite,numberOfRobotsOnWhiteSite
19606,20,24
timeStep,numberOfRobotsOnBlackSite,numberOfRobotsOnWhiteSite
19607,20,24
timeStep,numberOfRobotsOnBlackSite,numberOfRobotsOnWhiteSite
19608,20,24
timeStep,numberOfRobotsOnBlackSite,numberOfRobotsOnWhiteSite
19609,20,24
timeStep,numberOfRobotsOnBlackSite,numberOfRobotsOnWhiteSite
19610,20,24
timeStep,numberOfRobotsOnBlackSite,numberOfRobotsOnWhiteSite
19611,20,24
timeStep,numberOfRobotsOnBlackSite,numberOfRobotsOnWhiteSite
19612,20,24
timeStep,numberOfRobotsOnBlackSite,numberOfRobotsOnWhiteSite
19613,20,24
timeStep,numberOfRobotsOnBlackSite,numberOfRobotsOnWhiteSite
19614,20,24
timeStep,numberOfRobotsOnBlackSite,numberOfRobotsOnWhiteSite
19615,20,24
timeStep,numberOfRobotsOnBlackSite,numberOfRobotsOnWhiteSite
19616,20,24
timeStep,numberOfRobotsOnBlackSite,numberOfRobotsOnWhiteSite
19617,20,24
timeStep,numberOfRobotsOnBlackSite,numberOfRobotsOnWhiteSite
19618,20,24
timeStep,numberOfRobotsOnBlackSite,numberOfRobotsOnWhiteSite
19619,20,24
timeStep,numberOfRobotsOnBlackSite,numberOfRobotsOnWhiteSite
19620,20,24
timeStep,numberOfRobotsOnBlackSite,numberOfRobotsOnWhiteSite
19621,20,24
timeStep,numberOfRobotsOnBlackSite,numberOfRobotsOnWhiteSite
19622,20,24
timeStep,numberOfRobotsOnBlackSite,numberOfRobotsOnWhiteSite
19623,20,24
timeStep,numberOfRobotsOnBlackSite,numberOfRobotsOnWhiteSite
19624,20,24
timeStep,numberOfRobotsOnBlackSite,numberOfRobotsOnWhiteSite
19625,20,24
timeStep,numberOfRobotsOnBlackSite,numberOfRobotsOnWhiteSite
19626,20,24
timeStep,numberOfRobotsOnBlackSite,numberOfRobotsOnWhiteSite
19627,20,24
timeStep,numberOfRobotsOnBlackSite,numberOfRobotsOnWhiteSite
19628,20,24
timeStep,numberOfRobotsOnBlackSite,numberOfRobotsOnWhiteSite
19629,20,24
timeStep,numberOfRobotsOnBlackSite,numberOfRobotsOnWhiteSite
19630,20,24
timeStep,numberOfRobotsOnBlackSite,numberOfRobotsOnWhiteSite
19631,20,24
timeStep,numberOfRobotsOnBlackSite,numberOfRobotsOnWhiteSite
19632,20,24
timeStep,numberOfRobotsOnBlackSite,numberOfRobotsOnWhiteSite
19633,20,24
timeStep,numberOfRobotsOnBlackSite,numberOfRobotsOnWhiteSite
19634,20,24
timeStep,numberOfRobotsOnBlackSite,numberOfRobotsOnWhiteSite
19635,20,24
timeStep,numberOfRobotsOnBlackSite,numberOfRobotsOnWhiteSite
19636,20,24
timeStep,numberOfRobotsOnBlackSite,numberOfRobotsOnWhiteSite
19637,20,24
timeStep,numberOfRobotsOnBlackSite,numberOfRobotsOnWhiteSite
19638,20,24
timeStep,numberOfRobotsOnBlackSite,numberOfRobotsOnWhiteSite
19639,20,24
timeStep,numberOfRobotsOnBlackSite,numberOfRobotsOnWhiteSite
19640,20,24
timeStep,numberOfRobotsOnBlackSite,numberOfRobotsOnWhiteSite
19641,20,24
timeStep,numberOfRobotsOnBlackSite,numberOfRobotsOnWhiteSite
19642,20,24
timeStep,numberOfRobotsOnBlackSite,numberOfRobotsOnWhiteSite
19643,20,24
timeStep,numberOfRobotsOnBlackSite,numberOfRobotsOnWhiteSite
19644,20,24
timeStep,numberOfRobotsOnBlackSite,numberOfRobotsOnWhiteSite
19645,20,24
timeStep,numberOfRobotsOnBlackSite,numberOfRobotsOnWhiteSite
19646,20,24
timeStep,numberOfRobotsOnBlackSite,numberOfRobotsOnWhiteSite
19647,20,24
timeStep,numberOfRobotsOnBlackSite,numberOfRobotsOnWhiteSite
19648,20,24
timeStep,numberOfRobotsOnBlackSite,numberOfRobotsOnWhiteSite
19649,20,24
timeStep,numberOfRobotsOnBlackSite,numberOfRobotsOnWhiteSite
19650,20,24
timeStep,numberOfRobotsOnBlackSite,numberOfRobotsOnWhiteSite
19651,20,24
timeStep,numberOfRobotsOnBlackSite,numberOfRobotsOnWhiteSite
19652,20,24
timeStep,numberOfRobotsOnBlackSite,numberOfRobotsOnWhiteSite
19653,20,24
timeStep,numberOfRobotsOnBlackSite,numberOfRobotsOnWhiteSite
19654,20,24
timeStep,numberOfRobotsOnBlackSite,numberOfRobotsOnWhiteSite
19655,20,24
timeStep,numberOfRobotsOnBlackSite,numberOfRobotsOnWhiteSite
19656,20,24
timeStep,numberOfRobotsOnBlackSite,numberOfRobotsOnWhiteSite
19657,20,24
timeStep,numberOfRobotsOnBlackSite,numberOfRobotsOnWhiteSite
19658,20,24
timeStep,numberOfRobotsOnBlackSite,numberOfRobotsOnWhiteSite
19659,20,24
timeStep,numberOfRobotsOnBlackSite,numberOfRobotsOnWhiteSite
19660,20,24
timeStep,numberOfRobotsOnBlackSite,numberOfRobotsOnWhiteSite
19661,20,24
timeStep,numberOfRobotsOnBlackSite,numberOfRobotsOnWhiteSite
19662,20,24
timeStep,numberOfRobotsOnBlackSite,numberOfRobotsOnWhiteSite
19663,20,24
timeStep,numberOfRobotsOnBlackSite,numberOfRobotsOnWhiteSite
19664,20,24
timeStep,numberOfRobotsOnBlackSite,numberOfRobotsOnWhiteSite
19665,20,24
timeStep,numberOfRobotsOnBlackSite,numberOfRobotsOnWhiteSite
19666,20,24
timeStep,numberOfRobotsOnBlackSite,numberOfRobotsOnWhiteSite
19667,20,24
timeStep,numberOfRobotsOnBlackSite,numberOfRobotsOnWhiteSite
19668,20,24
timeStep,numberOfRobotsOnBlackSite,numberOfRobotsOnWhiteSite
19669,20,24
timeStep,numberOfRobotsOnBlackSite,numberOfRobotsOnWhiteSite
19670,20,24
timeStep,numberOfRobotsOnBlackSite,numberOfRobotsOnWhiteSite
19671,20,24
timeStep,numberOfRobotsOnBlackSite,numberOfRobotsOnWhiteSite
19672,20,24
timeStep,numberOfRobotsOnBlackSite,numberOfRobotsOnWhiteSite
19673,20,24
timeStep,numberOfRobotsOnBlackSite,numberOfRobotsOnWhiteSite
19674,20,24
timeStep,numberOfRobotsOnBlackSite,numberOfRobotsOnWhiteSite
19675,20,24
timeStep,numberOfRobotsOnBlackSite,numberOfRobotsOnWhiteSite
19676,20,24
timeStep,numberOfRobotsOnBlackSite,numberOfRobotsOnWhiteSite
19677,20,24
timeStep,numberOfRobotsOnBlackSite,numberOfRobotsOnWhiteSite
19678,20,24
timeStep,numberOfRobotsOnBlackSite,numberOfRobotsOnWhiteSite
19679,20,24
timeStep,numberOfRobotsOnBlackSite,numberOfRobotsOnWhiteSite
19680,20,24
timeStep,numberOfRobotsOnBlackSite,numberOfRobotsOnWhiteSite
19681,20,24
timeStep,numberOfRobotsOnBlackSite,numberOfRobotsOnWhiteSite
19682,20,24
timeStep,numberOfRobotsOnBlackSite,numberOfRobotsOnWhiteSite
19683,20,24
timeStep,numberOfRobotsOnBlackSite,numberOfRobotsOnWhiteSite
19684,20,24
timeStep,numberOfRobotsOnBlackSite,numberOfRobotsOnWhiteSite
19685,20,24
timeStep,numberOfRobotsOnBlackSite,numberOfRobotsOnWhiteSite
19686,20,24
timeStep,numberOfRobotsOnBlackSite,numberOfRobotsOnWhiteSite
19687,20,24
timeStep,numberOfRobotsOnBlackSite,numberOfRobotsOnWhiteSite
19688,20,24
timeStep,numberOfRobotsOnBlackSite,numberOfRobotsOnWhiteSite
19689,20,24
timeStep,numberOfRobotsOnBlackSite,numberOfRobotsOnWhiteSite
19690,20,24
timeStep,numberOfRobotsOnBlackSite,numberOfRobotsOnWhiteSite
19691,20,24
timeStep,numberOfRobotsOnBlackSite,numberOfRobotsOnWhiteSite
19692,20,24
timeStep,numberOfRobotsOnBlackSite,numberOfRobotsOnWhiteSite
19693,20,24
timeStep,numberOfRobotsOnBlackSite,numberOfRobotsOnWhiteSite
19694,20,24
timeStep,numberOfRobotsOnBlackSite,numberOfRobotsOnWhiteSite
19695,20,24
timeStep,numberOfRobotsOnBlackSite,numberOfRobotsOnWhiteSite
19696,20,24
timeStep,numberOfRobotsOnBlackSite,numberOfRobotsOnWhiteSite
19697,20,24
timeStep,numberOfRobotsOnBlackSite,numberOfRobotsOnWhiteSite
19698,20,24
timeStep,numberOfRobotsOnBlackSite,numberOfRobotsOnWhiteSite
19699,20,24
timeStep,numberOfRobotsOnBlackSite,numberOfRobotsOnWhiteSite
19700,20,24
timeStep,numberOfRobotsOnBlackSite,numberOfRobotsOnWhiteSite
19701,20,24
timeStep,numberOfRobotsOnBlackSite,numberOfRobotsOnWhiteSite
19702,20,24
timeStep,numberOfRobotsOnBlackSite,numberOfRobotsOnWhiteSite
19703,20,24
timeStep,numberOfRobotsOnBlackSite,numberOfRobotsOnWhiteSite
19704,20,24
timeStep,numberOfRobotsOnBlackSite,numberOfRobotsOnWhiteSite
19705,20,24
timeStep,numberOfRobotsOnBlackSite,numberOfRobotsOnWhiteSite
19706,20,24
timeStep,numberOfRobotsOnBlackSite,numberOfRobotsOnWhiteSite
19707,20,24
timeStep,numberOfRobotsOnBlackSite,numberOfRobotsOnWhiteSite
19708,20,24
timeStep,numberOfRobotsOnBlackSite,numberOfRobotsOnWhiteSite
19709,20,24
timeStep,numberOfRobotsOnBlackSite,numberOfRobotsOnWhiteSite
19710,20,24
timeStep,numberOfRobotsOnBlackSite,numberOfRobotsOnWhiteSite
19711,20,24
timeStep,numberOfRobotsOnBlackSite,numberOfRobotsOnWhiteSite
19712,20,24
timeStep,numberOfRobotsOnBlackSite,numberOfRobotsOnWhiteSite
19713,20,24
timeStep,numberOfRobotsOnBlackSite,numberOfRobotsOnWhiteSite
19714,20,24
timeStep,numberOfRobotsOnBlackSite,numberOfRobotsOnWhiteSite
19715,20,24
timeStep,numberOfRobotsOnBlackSite,numberOfRobotsOnWhiteSite
19716,20,24
timeStep,numberOfRobotsOnBlackSite,numberOfRobotsOnWhiteSite
19717,20,24
timeStep,numberOfRobotsOnBlackSite,numberOfRobotsOnWhiteSite
19718,20,24
timeStep,numberOfRobotsOnBlackSite,numberOfRobotsOnWhiteSite
19719,20,24
timeStep,numberOfRobotsOnBlackSite,numberOfRobotsOnWhiteSite
19720,20,24
timeStep,numberOfRobotsOnBlackSite,numberOfRobotsOnWhiteSite
19721,20,24
timeStep,numberOfRobotsOnBlackSite,numberOfRobotsOnWhiteSite
19722,20,24
timeStep,numberOfRobotsOnBlackSite,numberOfRobotsOnWhiteSite
19723,20,24
timeStep,numberOfRobotsOnBlackSite,numberOfRobotsOnWhiteSite
19724,20,24
timeStep,numberOfRobotsOnBlackSite,numberOfRobotsOnWhiteSite
19725,20,24
timeStep,numberOfRobotsOnBlackSite,numberOfRobotsOnWhiteSite
19726,20,24
timeStep,numberOfRobotsOnBlackSite,numberOfRobotsOnWhiteSite
19727,20,24
timeStep,numberOfRobotsOnBlackSite,numberOfRobotsOnWhiteSite
19728,20,24
timeStep,numberOfRobotsOnBlackSite,numberOfRobotsOnWhiteSite
19729,20,24
timeStep,numberOfRobotsOnBlackSite,numberOfRobotsOnWhiteSite
19730,20,24
timeStep,numberOfRobotsOnBlackSite,numberOfRobotsOnWhiteSite
19731,20,24
timeStep,numberOfRobotsOnBlackSite,numberOfRobotsOnWhiteSite
19732,20,24
timeStep,numberOfRobotsOnBlackSite,numberOfRobotsOnWhiteSite
19733,20,24
timeStep,numberOfRobotsOnBlackSite,numberOfRobotsOnWhiteSite
19734,20,24
timeStep,numberOfRobotsOnBlackSite,numberOfRobotsOnWhiteSite
19735,20,24
timeStep,numberOfRobotsOnBlackSite,numberOfRobotsOnWhiteSite
19736,20,24
timeStep,numberOfRobotsOnBlackSite,numberOfRobotsOnWhiteSite
19737,20,24
timeStep,numberOfRobotsOnBlackSite,numberOfRobotsOnWhiteSite
19738,20,24
timeStep,numberOfRobotsOnBlackSite,numberOfRobotsOnWhiteSite
19739,20,24
timeStep,numberOfRobotsOnBlackSite,numberOfRobotsOnWhiteSite
19740,20,24
timeStep,numberOfRobotsOnBlackSite,numberOfRobotsOnWhiteSite
19741,20,24
timeStep,numberOfRobotsOnBlackSite,numberOfRobotsOnWhiteSite
19742,20,24
timeStep,numberOfRobotsOnBlackSite,numberOfRobotsOnWhiteSite
19743,20,24
timeStep,numberOfRobotsOnBlackSite,numberOfRobotsOnWhiteSite
19744,20,24
timeStep,numberOfRobotsOnBlackSite,numberOfRobotsOnWhiteSite
19745,20,24
timeStep,numberOfRobotsOnBlackSite,numberOfRobotsOnWhiteSite
19746,20,24
timeStep,numberOfRobotsOnBlackSite,numberOfRobotsOnWhiteSite
19747,20,24
timeStep,numberOfRobotsOnBlackSite,numberOfRobotsOnWhiteSite
19748,20,24
timeStep,numberOfRobotsOnBlackSite,numberOfRobotsOnWhiteSite
19749,20,24
timeStep,numberOfRobotsOnBlackSite,numberOfRobotsOnWhiteSite
19750,20,24
timeStep,numberOfRobotsOnBlackSite,numberOfRobotsOnWhiteSite
19751,20,24
timeStep,numberOfRobotsOnBlackSite,numberOfRobotsOnWhiteSite
19752,20,24
timeStep,numberOfRobotsOnBlackSite,numberOfRobotsOnWhiteSite
19753,20,24
timeStep,numberOfRobotsOnBlackSite,numberOfRobotsOnWhiteSite
19754,20,24
timeStep,numberOfRobotsOnBlackSite,numberOfRobotsOnWhiteSite
19755,20,24
timeStep,numberOfRobotsOnBlackSite,numberOfRobotsOnWhiteSite
19756,20,24
timeStep,numberOfRobotsOnBlackSite,numberOfRobotsOnWhiteSite
19757,20,24
timeStep,numberOfRobotsOnBlackSite,numberOfRobotsOnWhiteSite
19758,20,24
timeStep,numberOfRobotsOnBlackSite,numberOfRobotsOnWhiteSite
19759,20,24
timeStep,numberOfRobotsOnBlackSite,numberOfRobotsOnWhiteSite
19760,20,24
timeStep,numberOfRobotsOnBlackSite,numberOfRobotsOnWhiteSite
19761,20,24
timeStep,numberOfRobotsOnBlackSite,numberOfRobotsOnWhiteSite
19762,20,24
timeStep,numberOfRobotsOnBlackSite,numberOfRobotsOnWhiteSite
19763,20,24
timeStep,numberOfRobotsOnBlackSite,numberOfRobotsOnWhiteSite
19764,20,24
timeStep,numberOfRobotsOnBlackSite,numberOfRobotsOnWhiteSite
19765,20,24
timeStep,numberOfRobotsOnBlackSite,numberOfRobotsOnWhiteSite
19766,20,24
timeStep,numberOfRobotsOnBlackSite,numberOfRobotsOnWhiteSite
19767,20,24
timeStep,numberOfRobotsOnBlackSite,numberOfRobotsOnWhiteSite
19768,20,24
timeStep,numberOfRobotsOnBlackSite,numberOfRobotsOnWhiteSite
19769,20,24
timeStep,numberOfRobotsOnBlackSite,numberOfRobotsOnWhiteSite
19770,20,24
timeStep,numberOfRobotsOnBlackSite,numberOfRobotsOnWhiteSite
19771,20,24
timeStep,numberOfRobotsOnBlackSite,numberOfRobotsOnWhiteSite
19772,20,24
timeStep,numberOfRobotsOnBlackSite,numberOfRobotsOnWhiteSite
19773,20,24
timeStep,numberOfRobotsOnBlackSite,numberOfRobotsOnWhiteSite
19774,20,24
timeStep,numberOfRobotsOnBlackSite,numberOfRobotsOnWhiteSite
19775,20,24
timeStep,numberOfRobotsOnBlackSite,numberOfRobotsOnWhiteSite
19776,20,24
timeStep,numberOfRobotsOnBlackSite,numberOfRobotsOnWhiteSite
19777,20,24
timeStep,numberOfRobotsOnBlackSite,numberOfRobotsOnWhiteSite
19778,20,24
timeStep,numberOfRobotsOnBlackSite,numberOfRobotsOnWhiteSite
19779,20,24
timeStep,numberOfRobotsOnBlackSite,numberOfRobotsOnWhiteSite
19780,20,24
timeStep,numberOfRobotsOnBlackSite,numberOfRobotsOnWhiteSite
19781,20,24
timeStep,numberOfRobotsOnBlackSite,numberOfRobotsOnWhiteSite
19782,20,24
timeStep,numberOfRobotsOnBlackSite,numberOfRobotsOnWhiteSite
19783,20,24
timeStep,numberOfRobotsOnBlackSite,numberOfRobotsOnWhiteSite
19784,20,24
timeStep,numberOfRobotsOnBlackSite,numberOfRobotsOnWhiteSite
19785,20,24
timeStep,numberOfRobotsOnBlackSite,numberOfRobotsOnWhiteSite
19786,20,24
timeStep,numberOfRobotsOnBlackSite,numberOfRobotsOnWhiteSite
19787,20,24
timeStep,numberOfRobotsOnBlackSite,numberOfRobotsOnWhiteSite
19788,20,24
timeStep,numberOfRobotsOnBlackSite,numberOfRobotsOnWhiteSite
19789,20,24
timeStep,numberOfRobotsOnBlackSite,numberOfRobotsOnWhiteSite
19790,20,24
timeStep,numberOfRobotsOnBlackSite,numberOfRobotsOnWhiteSite
19791,20,24
timeStep,numberOfRobotsOnBlackSite,numberOfRobotsOnWhiteSite
19792,20,24
timeStep,numberOfRobotsOnBlackSite,numberOfRobotsOnWhiteSite
19793,20,24
timeStep,numberOfRobotsOnBlackSite,numberOfRobotsOnWhiteSite
19794,20,24
timeStep,numberOfRobotsOnBlackSite,numberOfRobotsOnWhiteSite
19795,20,24
timeStep,numberOfRobotsOnBlackSite,numberOfRobotsOnWhiteSite
19796,20,24
timeStep,numberOfRobotsOnBlackSite,numberOfRobotsOnWhiteSite
19797,20,24
timeStep,numberOfRobotsOnBlackSite,numberOfRobotsOnWhiteSite
19798,20,24
timeStep,numberOfRobotsOnBlackSite,numberOfRobotsOnWhiteSite
19799,20,24
timeStep,numberOfRobotsOnBlackSite,numberOfRobotsOnWhiteSite
19800,20,24
timeStep,numberOfRobotsOnBlackSite,numberOfRobotsOnWhiteSite
19801,20,24
timeStep,numberOfRobotsOnBlackSite,numberOfRobotsOnWhiteSite
19802,20,24
timeStep,numberOfRobotsOnBlackSite,numberOfRobotsOnWhiteSite
19803,20,24
timeStep,numberOfRobotsOnBlackSite,numberOfRobotsOnWhiteSite
19804,20,24
timeStep,numberOfRobotsOnBlackSite,numberOfRobotsOnWhiteSite
19805,20,24
timeStep,numberOfRobotsOnBlackSite,numberOfRobotsOnWhiteSite
19806,20,24
timeStep,numberOfRobotsOnBlackSite,numberOfRobotsOnWhiteSite
19807,20,24
timeStep,numberOfRobotsOnBlackSite,numberOfRobotsOnWhiteSite
19808,20,24
timeStep,numberOfRobotsOnBlackSite,numberOfRobotsOnWhiteSite
19809,20,24
timeStep,numberOfRobotsOnBlackSite,numberOfRobotsOnWhiteSite
19810,20,24
timeStep,numberOfRobotsOnBlackSite,numberOfRobotsOnWhiteSite
19811,20,24
timeStep,numberOfRobotsOnBlackSite,numberOfRobotsOnWhiteSite
19812,20,24
timeStep,numberOfRobotsOnBlackSite,numberOfRobotsOnWhiteSite
19813,20,24
timeStep,numberOfRobotsOnBlackSite,numberOfRobotsOnWhiteSite
19814,20,24
timeStep,numberOfRobotsOnBlackSite,numberOfRobotsOnWhiteSite
19815,20,24
timeStep,numberOfRobotsOnBlackSite,numberOfRobotsOnWhiteSite
19816,20,24
timeStep,numberOfRobotsOnBlackSite,numberOfRobotsOnWhiteSite
19817,20,24
timeStep,numberOfRobotsOnBlackSite,numberOfRobotsOnWhiteSite
19818,20,24
timeStep,numberOfRobotsOnBlackSite,numberOfRobotsOnWhiteSite
19819,20,24
timeStep,numberOfRobotsOnBlackSite,numberOfRobotsOnWhiteSite
19820,20,24
timeStep,numberOfRobotsOnBlackSite,numberOfRobotsOnWhiteSite
19821,20,24
timeStep,numberOfRobotsOnBlackSite,numberOfRobotsOnWhiteSite
19822,20,24
timeStep,numberOfRobotsOnBlackSite,numberOfRobotsOnWhiteSite
19823,20,24
timeStep,numberOfRobotsOnBlackSite,numberOfRobotsOnWhiteSite
19824,20,24
timeStep,numberOfRobotsOnBlackSite,numberOfRobotsOnWhiteSite
19825,20,24
timeStep,numberOfRobotsOnBlackSite,numberOfRobotsOnWhiteSite
19826,20,24
timeStep,numberOfRobotsOnBlackSite,numberOfRobotsOnWhiteSite
19827,20,24
timeStep,numberOfRobotsOnBlackSite,numberOfRobotsOnWhiteSite
19828,20,24
timeStep,numberOfRobotsOnBlackSite,numberOfRobotsOnWhiteSite
19829,20,24
timeStep,numberOfRobotsOnBlackSite,numberOfRobotsOnWhiteSite
19830,20,24
timeStep,numberOfRobotsOnBlackSite,numberOfRobotsOnWhiteSite
19831,20,24
timeStep,numberOfRobotsOnBlackSite,numberOfRobotsOnWhiteSite
19832,20,24
timeStep,numberOfRobotsOnBlackSite,numberOfRobotsOnWhiteSite
19833,20,24
timeStep,numberOfRobotsOnBlackSite,numberOfRobotsOnWhiteSite
19834,20,24
timeStep,numberOfRobotsOnBlackSite,numberOfRobotsOnWhiteSite
19835,20,24
timeStep,numberOfRobotsOnBlackSite,numberOfRobotsOnWhiteSite
19836,20,24
timeStep,numberOfRobotsOnBlackSite,numberOfRobotsOnWhiteSite
19837,20,24
timeStep,numberOfRobotsOnBlackSite,numberOfRobotsOnWhiteSite
19838,20,24
timeStep,numberOfRobotsOnBlackSite,numberOfRobotsOnWhiteSite
19839,20,24
timeStep,numberOfRobotsOnBlackSite,numberOfRobotsOnWhiteSite
19840,20,24
timeStep,numberOfRobotsOnBlackSite,numberOfRobotsOnWhiteSite
19841,20,24
timeStep,numberOfRobotsOnBlackSite,numberOfRobotsOnWhiteSite
19842,20,24
timeStep,numberOfRobotsOnBlackSite,numberOfRobotsOnWhiteSite
19843,20,24
timeStep,numberOfRobotsOnBlackSite,numberOfRobotsOnWhiteSite
19844,20,24
timeStep,numberOfRobotsOnBlackSite,numberOfRobotsOnWhiteSite
19845,20,24
timeStep,numberOfRobotsOnBlackSite,numberOfRobotsOnWhiteSite
19846,20,24
timeStep,numberOfRobotsOnBlackSite,numberOfRobotsOnWhiteSite
19847,20,24
timeStep,numberOfRobotsOnBlackSite,numberOfRobotsOnWhiteSite
19848,20,24
timeStep,numberOfRobotsOnBlackSite,numberOfRobotsOnWhiteSite
19849,20,24
timeStep,numberOfRobotsOnBlackSite,numberOfRobotsOnWhiteSite
19850,20,24
timeStep,numberOfRobotsOnBlackSite,numberOfRobotsOnWhiteSite
19851,20,24
timeStep,numberOfRobotsOnBlackSite,numberOfRobotsOnWhiteSite
19852,20,24
timeStep,numberOfRobotsOnBlackSite,numberOfRobotsOnWhiteSite
19853,20,24
timeStep,numberOfRobotsOnBlackSite,numberOfRobotsOnWhiteSite
19854,20,24
timeStep,numberOfRobotsOnBlackSite,numberOfRobotsOnWhiteSite
19855,20,24
timeStep,numberOfRobotsOnBlackSite,numberOfRobotsOnWhiteSite
19856,20,24
timeStep,numberOfRobotsOnBlackSite,numberOfRobotsOnWhiteSite
19857,20,24
timeStep,numberOfRobotsOnBlackSite,numberOfRobotsOnWhiteSite
19858,20,24
timeStep,numberOfRobotsOnBlackSite,numberOfRobotsOnWhiteSite
19859,20,24
timeStep,numberOfRobotsOnBlackSite,numberOfRobotsOnWhiteSite
19860,20,24
timeStep,numberOfRobotsOnBlackSite,numberOfRobotsOnWhiteSite
19861,20,24
timeStep,numberOfRobotsOnBlackSite,numberOfRobotsOnWhiteSite
19862,20,24
timeStep,numberOfRobotsOnBlackSite,numberOfRobotsOnWhiteSite
19863,20,24
timeStep,numberOfRobotsOnBlackSite,numberOfRobotsOnWhiteSite
19864,20,24
timeStep,numberOfRobotsOnBlackSite,numberOfRobotsOnWhiteSite
19865,20,24
timeStep,numberOfRobotsOnBlackSite,numberOfRobotsOnWhiteSite
19866,20,24
timeStep,numberOfRobotsOnBlackSite,numberOfRobotsOnWhiteSite
19867,20,24
timeStep,numberOfRobotsOnBlackSite,numberOfRobotsOnWhiteSite
19868,20,24
timeStep,numberOfRobotsOnBlackSite,numberOfRobotsOnWhiteSite
19869,20,24
timeStep,numberOfRobotsOnBlackSite,numberOfRobotsOnWhiteSite
19870,20,24
timeStep,numberOfRobotsOnBlackSite,numberOfRobotsOnWhiteSite
19871,20,24
timeStep,numberOfRobotsOnBlackSite,numberOfRobotsOnWhiteSite
19872,20,24
timeStep,numberOfRobotsOnBlackSite,numberOfRobotsOnWhiteSite
19873,20,24
timeStep,numberOfRobotsOnBlackSite,numberOfRobotsOnWhiteSite
19874,20,24
timeStep,numberOfRobotsOnBlackSite,numberOfRobotsOnWhiteSite
19875,20,24
timeStep,numberOfRobotsOnBlackSite,numberOfRobotsOnWhiteSite
19876,20,24
timeStep,numberOfRobotsOnBlackSite,numberOfRobotsOnWhiteSite
19877,20,24
timeStep,numberOfRobotsOnBlackSite,numberOfRobotsOnWhiteSite
19878,20,24
timeStep,numberOfRobotsOnBlackSite,numberOfRobotsOnWhiteSite
19879,20,24
timeStep,numberOfRobotsOnBlackSite,numberOfRobotsOnWhiteSite
19880,20,24
timeStep,numberOfRobotsOnBlackSite,numberOfRobotsOnWhiteSite
19881,20,24
timeStep,numberOfRobotsOnBlackSite,numberOfRobotsOnWhiteSite
19882,20,24
timeStep,numberOfRobotsOnBlackSite,numberOfRobotsOnWhiteSite
19883,20,24
timeStep,numberOfRobotsOnBlackSite,numberOfRobotsOnWhiteSite
19884,20,24
timeStep,numberOfRobotsOnBlackSite,numberOfRobotsOnWhiteSite
19885,20,24
timeStep,numberOfRobotsOnBlackSite,numberOfRobotsOnWhiteSite
19886,20,24
timeStep,numberOfRobotsOnBlackSite,numberOfRobotsOnWhiteSite
19887,20,24
timeStep,numberOfRobotsOnBlackSite,numberOfRobotsOnWhiteSite
19888,20,24
timeStep,numberOfRobotsOnBlackSite,numberOfRobotsOnWhiteSite
19889,20,24
timeStep,numberOfRobotsOnBlackSite,numberOfRobotsOnWhiteSite
19890,20,24
timeStep,numberOfRobotsOnBlackSite,numberOfRobotsOnWhiteSite
19891,20,24
timeStep,numberOfRobotsOnBlackSite,numberOfRobotsOnWhiteSite
19892,20,24
timeStep,numberOfRobotsOnBlackSite,numberOfRobotsOnWhiteSite
19893,20,24
timeStep,numberOfRobotsOnBlackSite,numberOfRobotsOnWhiteSite
19894,20,24
timeStep,numberOfRobotsOnBlackSite,numberOfRobotsOnWhiteSite
19895,20,24
timeStep,numberOfRobotsOnBlackSite,numberOfRobotsOnWhiteSite
19896,20,24
timeStep,numberOfRobotsOnBlackSite,numberOfRobotsOnWhiteSite
19897,20,24
timeStep,numberOfRobotsOnBlackSite,numberOfRobotsOnWhiteSite
19898,20,24
timeStep,numberOfRobotsOnBlackSite,numberOfRobotsOnWhiteSite
19899,20,24
timeStep,numberOfRobotsOnBlackSite,numberOfRobotsOnWhiteSite
19900,20,24
timeStep,numberOfRobotsOnBlackSite,numberOfRobotsOnWhiteSite
19901,20,24
timeStep,numberOfRobotsOnBlackSite,numberOfRobotsOnWhiteSite
19902,20,24
timeStep,numberOfRobotsOnBlackSite,numberOfRobotsOnWhiteSite
19903,20,24
timeStep,numberOfRobotsOnBlackSite,numberOfRobotsOnWhiteSite
19904,20,24
timeStep,numberOfRobotsOnBlackSite,numberOfRobotsOnWhiteSite
19905,20,24
timeStep,numberOfRobotsOnBlackSite,numberOfRobotsOnWhiteSite
19906,20,24
timeStep,numberOfRobotsOnBlackSite,numberOfRobotsOnWhiteSite
19907,20,24
timeStep,numberOfRobotsOnBlackSite,numberOfRobotsOnWhiteSite
19908,20,24
timeStep,numberOfRobotsOnBlackSite,numberOfRobotsOnWhiteSite
19909,20,24
timeStep,numberOfRobotsOnBlackSite,numberOfRobotsOnWhiteSite
19910,20,24
timeStep,numberOfRobotsOnBlackSite,numberOfRobotsOnWhiteSite
19911,20,24
timeStep,numberOfRobotsOnBlackSite,numberOfRobotsOnWhiteSite
19912,20,24
timeStep,numberOfRobotsOnBlackSite,numberOfRobotsOnWhiteSite
19913,20,24
timeStep,numberOfRobotsOnBlackSite,numberOfRobotsOnWhiteSite
19914,20,24
timeStep,numberOfRobotsOnBlackSite,numberOfRobotsOnWhiteSite
19915,20,24
timeStep,numberOfRobotsOnBlackSite,numberOfRobotsOnWhiteSite
19916,20,24
timeStep,numberOfRobotsOnBlackSite,numberOfRobotsOnWhiteSite
19917,20,24
timeStep,numberOfRobotsOnBlackSite,numberOfRobotsOnWhiteSite
19918,20,24
timeStep,numberOfRobotsOnBlackSite,numberOfRobotsOnWhiteSite
19919,20,24
timeStep,numberOfRobotsOnBlackSite,numberOfRobotsOnWhiteSite
19920,20,24
timeStep,numberOfRobotsOnBlackSite,numberOfRobotsOnWhiteSite
19921,20,24
timeStep,numberOfRobotsOnBlackSite,numberOfRobotsOnWhiteSite
19922,20,24
timeStep,numberOfRobotsOnBlackSite,numberOfRobotsOnWhiteSite
19923,20,24
timeStep,numberOfRobotsOnBlackSite,numberOfRobotsOnWhiteSite
19924,20,24
timeStep,numberOfRobotsOnBlackSite,numberOfRobotsOnWhiteSite
19925,20,24
timeStep,numberOfRobotsOnBlackSite,numberOfRobotsOnWhiteSite
19926,20,24
timeStep,numberOfRobotsOnBlackSite,numberOfRobotsOnWhiteSite
19927,20,24
timeStep,numberOfRobotsOnBlackSite,numberOfRobotsOnWhiteSite
19928,20,24
timeStep,numberOfRobotsOnBlackSite,numberOfRobotsOnWhiteSite
19929,20,24
timeStep,numberOfRobotsOnBlackSite,numberOfRobotsOnWhiteSite
19930,20,24
timeStep,numberOfRobotsOnBlackSite,numberOfRobotsOnWhiteSite
19931,20,24
timeStep,numberOfRobotsOnBlackSite,numberOfRobotsOnWhiteSite
19932,20,24
timeStep,numberOfRobotsOnBlackSite,numberOfRobotsOnWhiteSite
19933,20,24
timeStep,numberOfRobotsOnBlackSite,numberOfRobotsOnWhiteSite
19934,20,24
timeStep,numberOfRobotsOnBlackSite,numberOfRobotsOnWhiteSite
19935,20,24
timeStep,numberOfRobotsOnBlackSite,numberOfRobotsOnWhiteSite
19936,20,24
timeStep,numberOfRobotsOnBlackSite,numberOfRobotsOnWhiteSite
19937,20,24
timeStep,numberOfRobotsOnBlackSite,numberOfRobotsOnWhiteSite
19938,20,24
timeStep,numberOfRobotsOnBlackSite,numberOfRobotsOnWhiteSite
19939,20,24
timeStep,numberOfRobotsOnBlackSite,numberOfRobotsOnWhiteSite
19940,20,24
timeStep,numberOfRobotsOnBlackSite,numberOfRobotsOnWhiteSite
19941,20,24
timeStep,numberOfRobotsOnBlackSite,numberOfRobotsOnWhiteSite
19942,20,24
timeStep,numberOfRobotsOnBlackSite,numberOfRobotsOnWhiteSite
19943,20,24
timeStep,numberOfRobotsOnBlackSite,numberOfRobotsOnWhiteSite
19944,20,24
timeStep,numberOfRobotsOnBlackSite,numberOfRobotsOnWhiteSite
19945,20,24
timeStep,numberOfRobotsOnBlackSite,numberOfRobotsOnWhiteSite
19946,20,24
timeStep,numberOfRobotsOnBlackSite,numberOfRobotsOnWhiteSite
19947,20,24
timeStep,numberOfRobotsOnBlackSite,numberOfRobotsOnWhiteSite
19948,20,24
timeStep,numberOfRobotsOnBlackSite,numberOfRobotsOnWhiteSite
19949,20,24
timeStep,numberOfRobotsOnBlackSite,numberOfRobotsOnWhiteSite
19950,20,24
timeStep,numberOfRobotsOnBlackSite,numberOfRobotsOnWhiteSite
19951,20,24
timeStep,numberOfRobotsOnBlackSite,numberOfRobotsOnWhiteSite
19952,20,24
timeStep,numberOfRobotsOnBlackSite,numberOfRobotsOnWhiteSite
19953,20,24
timeStep,numberOfRobotsOnBlackSite,numberOfRobotsOnWhiteSite
19954,20,24
timeStep,numberOfRobotsOnBlackSite,numberOfRobotsOnWhiteSite
19955,20,24
timeStep,numberOfRobotsOnBlackSite,numberOfRobotsOnWhiteSite
19956,20,24
timeStep,numberOfRobotsOnBlackSite,numberOfRobotsOnWhiteSite
19957,20,24
timeStep,numberOfRobotsOnBlackSite,numberOfRobotsOnWhiteSite
19958,20,24
timeStep,numberOfRobotsOnBlackSite,numberOfRobotsOnWhiteSite
19959,20,24
timeStep,numberOfRobotsOnBlackSite,numberOfRobotsOnWhiteSite
19960,20,24
timeStep,numberOfRobotsOnBlackSite,numberOfRobotsOnWhiteSite
19961,20,24
timeStep,numberOfRobotsOnBlackSite,numberOfRobotsOnWhiteSite
19962,20,24
timeStep,numberOfRobotsOnBlackSite,numberOfRobotsOnWhiteSite
19963,20,24
timeStep,numberOfRobotsOnBlackSite,numberOfRobotsOnWhiteSite
19964,20,24
timeStep,numberOfRobotsOnBlackSite,numberOfRobotsOnWhiteSite
19965,20,24
timeStep,numberOfRobotsOnBlackSite,numberOfRobotsOnWhiteSite
19966,20,24
timeStep,numberOfRobotsOnBlackSite,numberOfRobotsOnWhiteSite
19967,20,24
timeStep,numberOfRobotsOnBlackSite,numberOfRobotsOnWhiteSite
19968,20,24
timeStep,numberOfRobotsOnBlackSite,numberOfRobotsOnWhiteSite
19969,20,24
timeStep,numberOfRobotsOnBlackSite,numberOfRobotsOnWhiteSite
19970,20,24
timeStep,numberOfRobotsOnBlackSite,numberOfRobotsOnWhiteSite
19971,20,24
timeStep,numberOfRobotsOnBlackSite,numberOfRobotsOnWhiteSite
19972,20,24
timeStep,numberOfRobotsOnBlackSite,numberOfRobotsOnWhiteSite
19973,20,24
timeStep,numberOfRobotsOnBlackSite,numberOfRobotsOnWhiteSite
19974,20,24
timeStep,numberOfRobotsOnBlackSite,numberOfRobotsOnWhiteSite
19975,20,24
timeStep,numberOfRobotsOnBlackSite,numberOfRobotsOnWhiteSite
19976,20,24
timeStep,numberOfRobotsOnBlackSite,numberOfRobotsOnWhiteSite
19977,20,24
timeStep,numberOfRobotsOnBlackSite,numberOfRobotsOnWhiteSite
19978,20,24
timeStep,numberOfRobotsOnBlackSite,numberOfRobotsOnWhiteSite
19979,20,24
timeStep,numberOfRobotsOnBlackSite,numberOfRobotsOnWhiteSite
19980,20,24
timeStep,numberOfRobotsOnBlackSite,numberOfRobotsOnWhiteSite
19981,20,24
timeStep,numberOfRobotsOnBlackSite,numberOfRobotsOnWhiteSite
19982,20,24
timeStep,numberOfRobotsOnBlackSite,numberOfRobotsOnWhiteSite
19983,20,24
timeStep,numberOfRobotsOnBlackSite,numberOfRobotsOnWhiteSite
19984,20,24
timeStep,numberOfRobotsOnBlackSite,numberOfRobotsOnWhiteSite
19985,20,24
timeStep,numberOfRobotsOnBlackSite,numberOfRobotsOnWhiteSite
19986,20,24
timeStep,numberOfRobotsOnBlackSite,numberOfRobotsOnWhiteSite
19987,20,24
timeStep,numberOfRobotsOnBlackSite,numberOfRobotsOnWhiteSite
19988,20,24
timeStep,numberOfRobotsOnBlackSite,numberOfRobotsOnWhiteSite
19989,20,24
timeStep,numberOfRobotsOnBlackSite,numberOfRobotsOnWhiteSite
19990,20,24
timeStep,numberOfRobotsOnBlackSite,numberOfRobotsOnWhiteSite
19991,20,24
timeStep,numberOfRobotsOnBlackSite,numberOfRobotsOnWhiteSite
19992,20,24
timeStep,numberOfRobotsOnBlackSite,numberOfRobotsOnWhiteSite
19993,20,24
timeStep,numberOfRobotsOnBlackSite,numberOfRobotsOnWhiteSite
19994,20,24
timeStep,numberOfRobotsOnBlackSite,numberOfRobotsOnWhiteSite
19995,20,24
timeStep,numberOfRobotsOnBlackSite,numberOfRobotsOnWhiteSite
19996,20,24
timeStep,numberOfRobotsOnBlackSite,numberOfRobotsOnWhiteSite
19997,20,24
timeStep,numberOfRobotsOnBlackSite,numberOfRobotsOnWhiteSite
19998,20,24
timeStep,numberOfRobotsOnBlackSite,numberOfRobotsOnWhiteSite
19999,20,24
timeStep,numberOfRobotsOnBlackSite,numberOfRobotsOnWhiteSite
20000,20,24
timeStep,numberOfRobotsOnBlackSite,numberOfRobotsOnWhiteSite
20001,20,24
timeStep,numberOfRobotsOnBlackSite,numberOfRobotsOnWhiteSite
20002,20,24
timeStep,numberOfRobotsOnBlackSite,numberOfRobotsOnWhiteSite
20003,20,24
timeStep,numberOfRobotsOnBlackSite,numberOfRobotsOnWhiteSite
20004,20,24
timeStep,numberOfRobotsOnBlackSite,numberOfRobotsOnWhiteSite
20005,20,24
timeStep,numberOfRobotsOnBlackSite,numberOfRobotsOnWhiteSite
20006,20,24
timeStep,numberOfRobotsOnBlackSite,numberOfRobotsOnWhiteSite
20007,20,24
timeStep,numberOfRobotsOnBlackSite,numberOfRobotsOnWhiteSite
20008,20,24
timeStep,numberOfRobotsOnBlackSite,numberOfRobotsOnWhiteSite
20009,20,24
timeStep,numberOfRobotsOnBlackSite,numberOfRobotsOnWhiteSite
20010,20,24
timeStep,numberOfRobotsOnBlackSite,numberOfRobotsOnWhiteSite
20011,20,24
timeStep,numberOfRobotsOnBlackSite,numberOfRobotsOnWhiteSite
20012,20,24
timeStep,numberOfRobotsOnBlackSite,numberOfRobotsOnWhiteSite
20013,20,24
timeStep,numberOfRobotsOnBlackSite,numberOfRobotsOnWhiteSite
20014,20,24
timeStep,numberOfRobotsOnBlackSite,numberOfRobotsOnWhiteSite
20015,20,24
timeStep,numberOfRobotsOnBlackSite,numberOfRobotsOnWhiteSite
20016,20,24
timeStep,numberOfRobotsOnBlackSite,numberOfRobotsOnWhiteSite
20017,20,24
timeStep,numberOfRobotsOnBlackSite,numberOfRobotsOnWhiteSite
20018,20,24
timeStep,numberOfRobotsOnBlackSite,numberOfRobotsOnWhiteSite
20019,20,24
timeStep,numberOfRobotsOnBlackSite,numberOfRobotsOnWhiteSite
20020,20,24
timeStep,numberOfRobotsOnBlackSite,numberOfRobotsOnWhiteSite
20021,20,24
timeStep,numberOfRobotsOnBlackSite,numberOfRobotsOnWhiteSite
20022,20,24
timeStep,numberOfRobotsOnBlackSite,numberOfRobotsOnWhiteSite
20023,20,24
timeStep,numberOfRobotsOnBlackSite,numberOfRobotsOnWhiteSite
20024,20,24
timeStep,numberOfRobotsOnBlackSite,numberOfRobotsOnWhiteSite
20025,20,24
timeStep,numberOfRobotsOnBlackSite,numberOfRobotsOnWhiteSite
20026,20,24
timeStep,numberOfRobotsOnBlackSite,numberOfRobotsOnWhiteSite
20027,20,24
timeStep,numberOfRobotsOnBlackSite,numberOfRobotsOnWhiteSite
20028,20,24
timeStep,numberOfRobotsOnBlackSite,numberOfRobotsOnWhiteSite
20029,20,24
timeStep,numberOfRobotsOnBlackSite,numberOfRobotsOnWhiteSite
20030,20,24
timeStep,numberOfRobotsOnBlackSite,numberOfRobotsOnWhiteSite
20031,20,24
timeStep,numberOfRobotsOnBlackSite,numberOfRobotsOnWhiteSite
20032,20,24
timeStep,numberOfRobotsOnBlackSite,numberOfRobotsOnWhiteSite
20033,20,24
timeStep,numberOfRobotsOnBlackSite,numberOfRobotsOnWhiteSite
20034,20,24
timeStep,numberOfRobotsOnBlackSite,numberOfRobotsOnWhiteSite
20035,20,24
timeStep,numberOfRobotsOnBlackSite,numberOfRobotsOnWhiteSite
20036,20,24
timeStep,numberOfRobotsOnBlackSite,numberOfRobotsOnWhiteSite
20037,20,24
timeStep,numberOfRobotsOnBlackSite,numberOfRobotsOnWhiteSite
20038,20,24
timeStep,numberOfRobotsOnBlackSite,numberOfRobotsOnWhiteSite
20039,20,24
timeStep,numberOfRobotsOnBlackSite,numberOfRobotsOnWhiteSite
20040,20,24
timeStep,numberOfRobotsOnBlackSite,numberOfRobotsOnWhiteSite
20041,20,24
timeStep,numberOfRobotsOnBlackSite,numberOfRobotsOnWhiteSite
20042,20,24
timeStep,numberOfRobotsOnBlackSite,numberOfRobotsOnWhiteSite
20043,20,24
timeStep,numberOfRobotsOnBlackSite,numberOfRobotsOnWhiteSite
20044,20,24
timeStep,numberOfRobotsOnBlackSite,numberOfRobotsOnWhiteSite
20045,20,24
timeStep,numberOfRobotsOnBlackSite,numberOfRobotsOnWhiteSite
20046,20,24
timeStep,numberOfRobotsOnBlackSite,numberOfRobotsOnWhiteSite
20047,20,24
timeStep,numberOfRobotsOnBlackSite,numberOfRobotsOnWhiteSite
20048,20,24
timeStep,numberOfRobotsOnBlackSite,numberOfRobotsOnWhiteSite
20049,20,24
timeStep,numberOfRobotsOnBlackSite,numberOfRobotsOnWhiteSite
20050,20,24
timeStep,numberOfRobotsOnBlackSite,numberOfRobotsOnWhiteSite
20051,20,24
timeStep,numberOfRobotsOnBlackSite,numberOfRobotsOnWhiteSite
20052,20,24
timeStep,numberOfRobotsOnBlackSite,numberOfRobotsOnWhiteSite
20053,20,24
timeStep,numberOfRobotsOnBlackSite,numberOfRobotsOnWhiteSite
20054,20,24
timeStep,numberOfRobotsOnBlackSite,numberOfRobotsOnWhiteSite
20055,20,24
timeStep,numberOfRobotsOnBlackSite,numberOfRobotsOnWhiteSite
20056,20,24
timeStep,numberOfRobotsOnBlackSite,numberOfRobotsOnWhiteSite
20057,20,24
timeStep,numberOfRobotsOnBlackSite,numberOfRobotsOnWhiteSite
20058,20,24
timeStep,numberOfRobotsOnBlackSite,numberOfRobotsOnWhiteSite
20059,20,24
timeStep,numberOfRobotsOnBlackSite,numberOfRobotsOnWhiteSite
20060,20,24
timeStep,numberOfRobotsOnBlackSite,numberOfRobotsOnWhiteSite
20061,20,24
timeStep,numberOfRobotsOnBlackSite,numberOfRobotsOnWhiteSite
20062,20,24
timeStep,numberOfRobotsOnBlackSite,numberOfRobotsOnWhiteSite
20063,20,24
timeStep,numberOfRobotsOnBlackSite,numberOfRobotsOnWhiteSite
20064,20,24
timeStep,numberOfRobotsOnBlackSite,numberOfRobotsOnWhiteSite
20065,21,24
timeStep,numberOfRobotsOnBlackSite,numberOfRobotsOnWhiteSite
20066,21,24
timeStep,numberOfRobotsOnBlackSite,numberOfRobotsOnWhiteSite
20067,21,24
timeStep,numberOfRobotsOnBlackSite,numberOfRobotsOnWhiteSite
20068,21,24
timeStep,numberOfRobotsOnBlackSite,numberOfRobotsOnWhiteSite
20069,21,24
timeStep,numberOfRobotsOnBlackSite,numberOfRobotsOnWhiteSite
20070,21,24
timeStep,numberOfRobotsOnBlackSite,numberOfRobotsOnWhiteSite
20071,21,24
timeStep,numberOfRobotsOnBlackSite,numberOfRobotsOnWhiteSite
20072,21,24
timeStep,numberOfRobotsOnBlackSite,numberOfRobotsOnWhiteSite
20073,21,24
timeStep,numberOfRobotsOnBlackSite,numberOfRobotsOnWhiteSite
20074,21,24
timeStep,numberOfRobotsOnBlackSite,numberOfRobotsOnWhiteSite
20075,21,24
timeStep,numberOfRobotsOnBlackSite,numberOfRobotsOnWhiteSite
20076,21,24
timeStep,numberOfRobotsOnBlackSite,numberOfRobotsOnWhiteSite
20077,21,24
timeStep,numberOfRobotsOnBlackSite,numberOfRobotsOnWhiteSite
20078,21,24
timeStep,numberOfRobotsOnBlackSite,numberOfRobotsOnWhiteSite
20079,21,24
timeStep,numberOfRobotsOnBlackSite,numberOfRobotsOnWhiteSite
20080,21,24
timeStep,numberOfRobotsOnBlackSite,numberOfRobotsOnWhiteSite
20081,21,24
timeStep,numberOfRobotsOnBlackSite,numberOfRobotsOnWhiteSite
20082,21,24
timeStep,numberOfRobotsOnBlackSite,numberOfRobotsOnWhiteSite
20083,21,24
timeStep,numberOfRobotsOnBlackSite,numberOfRobotsOnWhiteSite
20084,21,24
timeStep,numberOfRobotsOnBlackSite,numberOfRobotsOnWhiteSite
20085,21,24
timeStep,numberOfRobotsOnBlackSite,numberOfRobotsOnWhiteSite
20086,21,24
timeStep,numberOfRobotsOnBlackSite,numberOfRobotsOnWhiteSite
20087,21,24
timeStep,numberOfRobotsOnBlackSite,numberOfRobotsOnWhiteSite
20088,21,24
timeStep,numberOfRobotsOnBlackSite,numberOfRobotsOnWhiteSite
20089,21,24
timeStep,numberOfRobotsOnBlackSite,numberOfRobotsOnWhiteSite
20090,21,24
timeStep,numberOfRobotsOnBlackSite,numberOfRobotsOnWhiteSite
20091,21,24
timeStep,numberOfRobotsOnBlackSite,numberOfRobotsOnWhiteSite
20092,21,24
timeStep,numberOfRobotsOnBlackSite,numberOfRobotsOnWhiteSite
20093,21,24
timeStep,numberOfRobotsOnBlackSite,numberOfRobotsOnWhiteSite
20094,21,24
timeStep,numberOfRobotsOnBlackSite,numberOfRobotsOnWhiteSite
20095,21,24
timeStep,numberOfRobotsOnBlackSite,numberOfRobotsOnWhiteSite
20096,21,24
timeStep,numberOfRobotsOnBlackSite,numberOfRobotsOnWhiteSite
20097,21,24
timeStep,numberOfRobotsOnBlackSite,numberOfRobotsOnWhiteSite
20098,21,24
timeStep,numberOfRobotsOnBlackSite,numberOfRobotsOnWhiteSite
20099,21,24
timeStep,numberOfRobotsOnBlackSite,numberOfRobotsOnWhiteSite
20100,21,24
timeStep,numberOfRobotsOnBlackSite,numberOfRobotsOnWhiteSite
20101,21,24
timeStep,numberOfRobotsOnBlackSite,numberOfRobotsOnWhiteSite
20102,21,24
timeStep,numberOfRobotsOnBlackSite,numberOfRobotsOnWhiteSite
20103,21,24
timeStep,numberOfRobotsOnBlackSite,numberOfRobotsOnWhiteSite
20104,21,24
timeStep,numberOfRobotsOnBlackSite,numberOfRobotsOnWhiteSite
20105,21,24
timeStep,numberOfRobotsOnBlackSite,numberOfRobotsOnWhiteSite
20106,21,24
timeStep,numberOfRobotsOnBlackSite,numberOfRobotsOnWhiteSite
20107,21,24
timeStep,numberOfRobotsOnBlackSite,numberOfRobotsOnWhiteSite
20108,21,24
timeStep,numberOfRobotsOnBlackSite,numberOfRobotsOnWhiteSite
20109,21,24
timeStep,numberOfRobotsOnBlackSite,numberOfRobotsOnWhiteSite
20110,21,24
timeStep,numberOfRobotsOnBlackSite,numberOfRobotsOnWhiteSite
20111,21,24
timeStep,numberOfRobotsOnBlackSite,numberOfRobotsOnWhiteSite
20112,21,24
timeStep,numberOfRobotsOnBlackSite,numberOfRobotsOnWhiteSite
20113,21,24
timeStep,numberOfRobotsOnBlackSite,numberOfRobotsOnWhiteSite
20114,21,24
timeStep,numberOfRobotsOnBlackSite,numberOfRobotsOnWhiteSite
20115,21,24
timeStep,numberOfRobotsOnBlackSite,numberOfRobotsOnWhiteSite
20116,21,24
timeStep,numberOfRobotsOnBlackSite,numberOfRobotsOnWhiteSite
20117,21,24
timeStep,numberOfRobotsOnBlackSite,numberOfRobotsOnWhiteSite
20118,21,24
timeStep,numberOfRobotsOnBlackSite,numberOfRobotsOnWhiteSite
20119,21,24
timeStep,numberOfRobotsOnBlackSite,numberOfRobotsOnWhiteSite
20120,21,24
timeStep,numberOfRobotsOnBlackSite,numberOfRobotsOnWhiteSite
20121,21,24
timeStep,numberOfRobotsOnBlackSite,numberOfRobotsOnWhiteSite
20122,21,24
timeStep,numberOfRobotsOnBlackSite,numberOfRobotsOnWhiteSite
20123,21,24
timeStep,numberOfRobotsOnBlackSite,numberOfRobotsOnWhiteSite
20124,21,24
timeStep,numberOfRobotsOnBlackSite,numberOfRobotsOnWhiteSite
20125,21,24
timeStep,numberOfRobotsOnBlackSite,numberOfRobotsOnWhiteSite
20126,21,24
timeStep,numberOfRobotsOnBlackSite,numberOfRobotsOnWhiteSite
20127,21,24
timeStep,numberOfRobotsOnBlackSite,numberOfRobotsOnWhiteSite
20128,21,24
timeStep,numberOfRobotsOnBlackSite,numberOfRobotsOnWhiteSite
20129,21,24
timeStep,numberOfRobotsOnBlackSite,numberOfRobotsOnWhiteSite
20130,21,24
timeStep,numberOfRobotsOnBlackSite,numberOfRobotsOnWhiteSite
20131,21,24
timeStep,numberOfRobotsOnBlackSite,numberOfRobotsOnWhiteSite
20132,21,24
timeStep,numberOfRobotsOnBlackSite,numberOfRobotsOnWhiteSite
20133,21,24
timeStep,numberOfRobotsOnBlackSite,numberOfRobotsOnWhiteSite
20134,21,24
timeStep,numberOfRobotsOnBlackSite,numberOfRobotsOnWhiteSite
20135,21,24
timeStep,numberOfRobotsOnBlackSite,numberOfRobotsOnWhiteSite
20136,21,24
timeStep,numberOfRobotsOnBlackSite,numberOfRobotsOnWhiteSite
20137,21,24
timeStep,numberOfRobotsOnBlackSite,numberOfRobotsOnWhiteSite
20138,21,24
timeStep,numberOfRobotsOnBlackSite,numberOfRobotsOnWhiteSite
20139,21,24
timeStep,numberOfRobotsOnBlackSite,numberOfRobotsOnWhiteSite
20140,21,24
timeStep,numberOfRobotsOnBlackSite,numberOfRobotsOnWhiteSite
20141,21,24
timeStep,numberOfRobotsOnBlackSite,numberOfRobotsOnWhiteSite
20142,21,24
timeStep,numberOfRobotsOnBlackSite,numberOfRobotsOnWhiteSite
20143,21,24
timeStep,numberOfRobotsOnBlackSite,numberOfRobotsOnWhiteSite
20144,21,24
timeStep,numberOfRobotsOnBlackSite,numberOfRobotsOnWhiteSite
20145,21,24
timeStep,numberOfRobotsOnBlackSite,numberOfRobotsOnWhiteSite
20146,21,24
timeStep,numberOfRobotsOnBlackSite,numberOfRobotsOnWhiteSite
20147,21,24
timeStep,numberOfRobotsOnBlackSite,numberOfRobotsOnWhiteSite
20148,21,24
timeStep,numberOfRobotsOnBlackSite,numberOfRobotsOnWhiteSite
20149,21,24
timeStep,numberOfRobotsOnBlackSite,numberOfRobotsOnWhiteSite
20150,21,24
timeStep,numberOfRobotsOnBlackSite,numberOfRobotsOnWhiteSite
20151,21,24
timeStep,numberOfRobotsOnBlackSite,numberOfRobotsOnWhiteSite
20152,21,24
timeStep,numberOfRobotsOnBlackSite,numberOfRobotsOnWhiteSite
20153,21,24
timeStep,numberOfRobotsOnBlackSite,numberOfRobotsOnWhiteSite
20154,21,24
timeStep,numberOfRobotsOnBlackSite,numberOfRobotsOnWhiteSite
20155,21,24
timeStep,numberOfRobotsOnBlackSite,numberOfRobotsOnWhiteSite
20156,21,24
timeStep,numberOfRobotsOnBlackSite,numberOfRobotsOnWhiteSite
20157,21,24
timeStep,numberOfRobotsOnBlackSite,numberOfRobotsOnWhiteSite
20158,21,24
timeStep,numberOfRobotsOnBlackSite,numberOfRobotsOnWhiteSite
20159,21,24
timeStep,numberOfRobotsOnBlackSite,numberOfRobotsOnWhiteSite
20160,21,24
timeStep,numberOfRobotsOnBlackSite,numberOfRobotsOnWhiteSite
20161,21,24
timeStep,numberOfRobotsOnBlackSite,numberOfRobotsOnWhiteSite
20162,21,24
timeStep,numberOfRobotsOnBlackSite,numberOfRobotsOnWhiteSite
20163,21,24
timeStep,numberOfRobotsOnBlackSite,numberOfRobotsOnWhiteSite
20164,21,24
timeStep,numberOfRobotsOnBlackSite,numberOfRobotsOnWhiteSite
20165,21,24
timeStep,numberOfRobotsOnBlackSite,numberOfRobotsOnWhiteSite
20166,21,24
timeStep,numberOfRobotsOnBlackSite,numberOfRobotsOnWhiteSite
20167,21,24
timeStep,numberOfRobotsOnBlackSite,numberOfRobotsOnWhiteSite
20168,21,24
timeStep,numberOfRobotsOnBlackSite,numberOfRobotsOnWhiteSite
20169,21,24
timeStep,numberOfRobotsOnBlackSite,numberOfRobotsOnWhiteSite
20170,21,24
timeStep,numberOfRobotsOnBlackSite,numberOfRobotsOnWhiteSite
20171,21,24
timeStep,numberOfRobotsOnBlackSite,numberOfRobotsOnWhiteSite
20172,21,24
timeStep,numberOfRobotsOnBlackSite,numberOfRobotsOnWhiteSite
20173,21,24
timeStep,numberOfRobotsOnBlackSite,numberOfRobotsOnWhiteSite
20174,21,24
timeStep,numberOfRobotsOnBlackSite,numberOfRobotsOnWhiteSite
20175,21,24
timeStep,numberOfRobotsOnBlackSite,numberOfRobotsOnWhiteSite
20176,21,24
timeStep,numberOfRobotsOnBlackSite,numberOfRobotsOnWhiteSite
20177,21,24
timeStep,numberOfRobotsOnBlackSite,numberOfRobotsOnWhiteSite
20178,21,24
timeStep,numberOfRobotsOnBlackSite,numberOfRobotsOnWhiteSite
20179,21,24
timeStep,numberOfRobotsOnBlackSite,numberOfRobotsOnWhiteSite
20180,21,24
timeStep,numberOfRobotsOnBlackSite,numberOfRobotsOnWhiteSite
20181,21,24
timeStep,numberOfRobotsOnBlackSite,numberOfRobotsOnWhiteSite
20182,21,24
timeStep,numberOfRobotsOnBlackSite,numberOfRobotsOnWhiteSite
20183,21,24
timeStep,numberOfRobotsOnBlackSite,numberOfRobotsOnWhiteSite
20184,21,24
timeStep,numberOfRobotsOnBlackSite,numberOfRobotsOnWhiteSite
20185,21,24
timeStep,numberOfRobotsOnBlackSite,numberOfRobotsOnWhiteSite
20186,21,24
timeStep,numberOfRobotsOnBlackSite,numberOfRobotsOnWhiteSite
20187,21,24
timeStep,numberOfRobotsOnBlackSite,numberOfRobotsOnWhiteSite
20188,21,24
timeStep,numberOfRobotsOnBlackSite,numberOfRobotsOnWhiteSite
20189,21,24
timeStep,numberOfRobotsOnBlackSite,numberOfRobotsOnWhiteSite
20190,21,24
timeStep,numberOfRobotsOnBlackSite,numberOfRobotsOnWhiteSite
20191,21,24
timeStep,numberOfRobotsOnBlackSite,numberOfRobotsOnWhiteSite
20192,21,24
timeStep,numberOfRobotsOnBlackSite,numberOfRobotsOnWhiteSite
20193,21,24
timeStep,numberOfRobotsOnBlackSite,numberOfRobotsOnWhiteSite
20194,21,24
timeStep,numberOfRobotsOnBlackSite,numberOfRobotsOnWhiteSite
20195,21,24
timeStep,numberOfRobotsOnBlackSite,numberOfRobotsOnWhiteSite
20196,21,24
timeStep,numberOfRobotsOnBlackSite,numberOfRobotsOnWhiteSite
20197,21,24
timeStep,numberOfRobotsOnBlackSite,numberOfRobotsOnWhiteSite
20198,21,24
timeStep,numberOfRobotsOnBlackSite,numberOfRobotsOnWhiteSite
20199,21,24
timeStep,numberOfRobotsOnBlackSite,numberOfRobotsOnWhiteSite
20200,21,24
timeStep,numberOfRobotsOnBlackSite,numberOfRobotsOnWhiteSite
20201,21,24
timeStep,numberOfRobotsOnBlackSite,numberOfRobotsOnWhiteSite
20202,21,24
timeStep,numberOfRobotsOnBlackSite,numberOfRobotsOnWhiteSite
20203,21,24
timeStep,numberOfRobotsOnBlackSite,numberOfRobotsOnWhiteSite
20204,21,24
timeStep,numberOfRobotsOnBlackSite,numberOfRobotsOnWhiteSite
20205,21,24
timeStep,numberOfRobotsOnBlackSite,numberOfRobotsOnWhiteSite
20206,21,24
timeStep,numberOfRobotsOnBlackSite,numberOfRobotsOnWhiteSite
20207,21,24
timeStep,numberOfRobotsOnBlackSite,numberOfRobotsOnWhiteSite
20208,21,24
timeStep,numberOfRobotsOnBlackSite,numberOfRobotsOnWhiteSite
20209,21,24
timeStep,numberOfRobotsOnBlackSite,numberOfRobotsOnWhiteSite
20210,21,24
timeStep,numberOfRobotsOnBlackSite,numberOfRobotsOnWhiteSite
20211,21,24
timeStep,numberOfRobotsOnBlackSite,numberOfRobotsOnWhiteSite
20212,21,24
timeStep,numberOfRobotsOnBlackSite,numberOfRobotsOnWhiteSite
20213,21,24
timeStep,numberOfRobotsOnBlackSite,numberOfRobotsOnWhiteSite
20214,21,24
timeStep,numberOfRobotsOnBlackSite,numberOfRobotsOnWhiteSite
20215,21,23
timeStep,numberOfRobotsOnBlackSite,numberOfRobotsOnWhiteSite
20216,21,23
timeStep,numberOfRobotsOnBlackSite,numberOfRobotsOnWhiteSite
20217,21,23
timeStep,numberOfRobotsOnBlackSite,numberOfRobotsOnWhiteSite
20218,21,23
timeStep,numberOfRobotsOnBlackSite,numberOfRobotsOnWhiteSite
20219,21,23
timeStep,numberOfRobotsOnBlackSite,numberOfRobotsOnWhiteSite
20220,21,23
timeStep,numberOfRobotsOnBlackSite,numberOfRobotsOnWhiteSite
20221,21,23
timeStep,numberOfRobotsOnBlackSite,numberOfRobotsOnWhiteSite
20222,21,23
timeStep,numberOfRobotsOnBlackSite,numberOfRobotsOnWhiteSite
20223,21,23
timeStep,numberOfRobotsOnBlackSite,numberOfRobotsOnWhiteSite
20224,21,23
timeStep,numberOfRobotsOnBlackSite,numberOfRobotsOnWhiteSite
20225,21,23
timeStep,numberOfRobotsOnBlackSite,numberOfRobotsOnWhiteSite
20226,21,23
timeStep,numberOfRobotsOnBlackSite,numberOfRobotsOnWhiteSite
20227,21,23
timeStep,numberOfRobotsOnBlackSite,numberOfRobotsOnWhiteSite
20228,21,23
timeStep,numberOfRobotsOnBlackSite,numberOfRobotsOnWhiteSite
20229,21,23
timeStep,numberOfRobotsOnBlackSite,numberOfRobotsOnWhiteSite
20230,21,23
timeStep,numberOfRobotsOnBlackSite,numberOfRobotsOnWhiteSite
20231,21,23
timeStep,numberOfRobotsOnBlackSite,numberOfRobotsOnWhiteSite
20232,21,23
timeStep,numberOfRobotsOnBlackSite,numberOfRobotsOnWhiteSite
20233,21,23
timeStep,numberOfRobotsOnBlackSite,numberOfRobotsOnWhiteSite
20234,21,23
timeStep,numberOfRobotsOnBlackSite,numberOfRobotsOnWhiteSite
20235,21,23
timeStep,numberOfRobotsOnBlackSite,numberOfRobotsOnWhiteSite
20236,21,23
timeStep,numberOfRobotsOnBlackSite,numberOfRobotsOnWhiteSite
20237,21,23
timeStep,numberOfRobotsOnBlackSite,numberOfRobotsOnWhiteSite
20238,21,23
timeStep,numberOfRobotsOnBlackSite,numberOfRobotsOnWhiteSite
20239,21,23
timeStep,numberOfRobotsOnBlackSite,numberOfRobotsOnWhiteSite
20240,21,23
timeStep,numberOfRobotsOnBlackSite,numberOfRobotsOnWhiteSite
20241,21,23
timeStep,numberOfRobotsOnBlackSite,numberOfRobotsOnWhiteSite
20242,21,23
timeStep,numberOfRobotsOnBlackSite,numberOfRobotsOnWhiteSite
20243,21,23
timeStep,numberOfRobotsOnBlackSite,numberOfRobotsOnWhiteSite
20244,21,23
timeStep,numberOfRobotsOnBlackSite,numberOfRobotsOnWhiteSite
20245,21,23
timeStep,numberOfRobotsOnBlackSite,numberOfRobotsOnWhiteSite
20246,21,23
timeStep,numberOfRobotsOnBlackSite,numberOfRobotsOnWhiteSite
20247,21,23
timeStep,numberOfRobotsOnBlackSite,numberOfRobotsOnWhiteSite
20248,21,23
timeStep,numberOfRobotsOnBlackSite,numberOfRobotsOnWhiteSite
20249,21,23
timeStep,numberOfRobotsOnBlackSite,numberOfRobotsOnWhiteSite
20250,21,23
timeStep,numberOfRobotsOnBlackSite,numberOfRobotsOnWhiteSite
20251,21,23
timeStep,numberOfRobotsOnBlackSite,numberOfRobotsOnWhiteSite
20252,21,23
timeStep,numberOfRobotsOnBlackSite,numberOfRobotsOnWhiteSite
20253,21,23
timeStep,numberOfRobotsOnBlackSite,numberOfRobotsOnWhiteSite
20254,21,23
timeStep,numberOfRobotsOnBlackSite,numberOfRobotsOnWhiteSite
20255,21,23
timeStep,numberOfRobotsOnBlackSite,numberOfRobotsOnWhiteSite
20256,21,23
timeStep,numberOfRobotsOnBlackSite,numberOfRobotsOnWhiteSite
20257,21,23
timeStep,numberOfRobotsOnBlackSite,numberOfRobotsOnWhiteSite
20258,21,23
timeStep,numberOfRobotsOnBlackSite,numberOfRobotsOnWhiteSite
20259,21,23
timeStep,numberOfRobotsOnBlackSite,numberOfRobotsOnWhiteSite
20260,21,23
timeStep,numberOfRobotsOnBlackSite,numberOfRobotsOnWhiteSite
20261,21,23
timeStep,numberOfRobotsOnBlackSite,numberOfRobotsOnWhiteSite
20262,21,23
timeStep,numberOfRobotsOnBlackSite,numberOfRobotsOnWhiteSite
20263,21,23
timeStep,numberOfRobotsOnBlackSite,numberOfRobotsOnWhiteSite
20264,21,23
timeStep,numberOfRobotsOnBlackSite,numberOfRobotsOnWhiteSite
20265,21,23
timeStep,numberOfRobotsOnBlackSite,numberOfRobotsOnWhiteSite
20266,21,23
timeStep,numberOfRobotsOnBlackSite,numberOfRobotsOnWhiteSite
20267,21,23
timeStep,numberOfRobotsOnBlackSite,numberOfRobotsOnWhiteSite
20268,21,23
timeStep,numberOfRobotsOnBlackSite,numberOfRobotsOnWhiteSite
20269,21,23
timeStep,numberOfRobotsOnBlackSite,numberOfRobotsOnWhiteSite
20270,21,23
timeStep,numberOfRobotsOnBlackSite,numberOfRobotsOnWhiteSite
20271,21,23
timeStep,numberOfRobotsOnBlackSite,numberOfRobotsOnWhiteSite
20272,21,23
timeStep,numberOfRobotsOnBlackSite,numberOfRobotsOnWhiteSite
20273,21,23
timeStep,numberOfRobotsOnBlackSite,numberOfRobotsOnWhiteSite
20274,21,23
timeStep,numberOfRobotsOnBlackSite,numberOfRobotsOnWhiteSite
20275,21,23
timeStep,numberOfRobotsOnBlackSite,numberOfRobotsOnWhiteSite
20276,21,23
timeStep,numberOfRobotsOnBlackSite,numberOfRobotsOnWhiteSite
20277,21,23
timeStep,numberOfRobotsOnBlackSite,numberOfRobotsOnWhiteSite
20278,21,23
timeStep,numberOfRobotsOnBlackSite,numberOfRobotsOnWhiteSite
20279,21,23
timeStep,numberOfRobotsOnBlackSite,numberOfRobotsOnWhiteSite
20280,21,23
timeStep,numberOfRobotsOnBlackSite,numberOfRobotsOnWhiteSite
20281,21,23
timeStep,numberOfRobotsOnBlackSite,numberOfRobotsOnWhiteSite
20282,21,23
timeStep,numberOfRobotsOnBlackSite,numberOfRobotsOnWhiteSite
20283,21,23
timeStep,numberOfRobotsOnBlackSite,numberOfRobotsOnWhiteSite
20284,21,23
timeStep,numberOfRobotsOnBlackSite,numberOfRobotsOnWhiteSite
20285,21,23
timeStep,numberOfRobotsOnBlackSite,numberOfRobotsOnWhiteSite
20286,21,23
timeStep,numberOfRobotsOnBlackSite,numberOfRobotsOnWhiteSite
20287,21,23
timeStep,numberOfRobotsOnBlackSite,numberOfRobotsOnWhiteSite
20288,21,23
timeStep,numberOfRobotsOnBlackSite,numberOfRobotsOnWhiteSite
20289,21,23
timeStep,numberOfRobotsOnBlackSite,numberOfRobotsOnWhiteSite
20290,21,23
timeStep,numberOfRobotsOnBlackSite,numberOfRobotsOnWhiteSite
20291,21,23
timeStep,numberOfRobotsOnBlackSite,numberOfRobotsOnWhiteSite
20292,21,23
timeStep,numberOfRobotsOnBlackSite,numberOfRobotsOnWhiteSite
20293,21,23
timeStep,numberOfRobotsOnBlackSite,numberOfRobotsOnWhiteSite
20294,21,23
timeStep,numberOfRobotsOnBlackSite,numberOfRobotsOnWhiteSite
20295,21,23
timeStep,numberOfRobotsOnBlackSite,numberOfRobotsOnWhiteSite
20296,21,23
timeStep,numberOfRobotsOnBlackSite,numberOfRobotsOnWhiteSite
20297,21,23
timeStep,numberOfRobotsOnBlackSite,numberOfRobotsOnWhiteSite
20298,21,23
timeStep,numberOfRobotsOnBlackSite,numberOfRobotsOnWhiteSite
20299,21,23
timeStep,numberOfRobotsOnBlackSite,numberOfRobotsOnWhiteSite
20300,21,23
timeStep,numberOfRobotsOnBlackSite,numberOfRobotsOnWhiteSite
20301,21,23
timeStep,numberOfRobotsOnBlackSite,numberOfRobotsOnWhiteSite
20302,21,23
timeStep,numberOfRobotsOnBlackSite,numberOfRobotsOnWhiteSite
20303,21,23
timeStep,numberOfRobotsOnBlackSite,numberOfRobotsOnWhiteSite
20304,21,23
timeStep,numberOfRobotsOnBlackSite,numberOfRobotsOnWhiteSite
20305,21,23
timeStep,numberOfRobotsOnBlackSite,numberOfRobotsOnWhiteSite
20306,21,23
timeStep,numberOfRobotsOnBlackSite,numberOfRobotsOnWhiteSite
20307,21,23
timeStep,numberOfRobotsOnBlackSite,numberOfRobotsOnWhiteSite
20308,21,23
timeStep,numberOfRobotsOnBlackSite,numberOfRobotsOnWhiteSite
20309,21,23
timeStep,numberOfRobotsOnBlackSite,numberOfRobotsOnWhiteSite
20310,21,23
timeStep,numberOfRobotsOnBlackSite,numberOfRobotsOnWhiteSite
20311,21,23
timeStep,numberOfRobotsOnBlackSite,numberOfRobotsOnWhiteSite
20312,21,23
timeStep,numberOfRobotsOnBlackSite,numberOfRobotsOnWhiteSite
20313,21,23
timeStep,numberOfRobotsOnBlackSite,numberOfRobotsOnWhiteSite
20314,21,23
timeStep,numberOfRobotsOnBlackSite,numberOfRobotsOnWhiteSite
20315,21,23
timeStep,numberOfRobotsOnBlackSite,numberOfRobotsOnWhiteSite
20316,21,23
timeStep,numberOfRobotsOnBlackSite,numberOfRobotsOnWhiteSite
20317,21,23
timeStep,numberOfRobotsOnBlackSite,numberOfRobotsOnWhiteSite
20318,21,23
timeStep,numberOfRobotsOnBlackSite,numberOfRobotsOnWhiteSite
20319,21,23
timeStep,numberOfRobotsOnBlackSite,numberOfRobotsOnWhiteSite
20320,21,23
timeStep,numberOfRobotsOnBlackSite,numberOfRobotsOnWhiteSite
20321,21,23
timeStep,numberOfRobotsOnBlackSite,numberOfRobotsOnWhiteSite
20322,21,23
timeStep,numberOfRobotsOnBlackSite,numberOfRobotsOnWhiteSite
20323,21,23
timeStep,numberOfRobotsOnBlackSite,numberOfRobotsOnWhiteSite
20324,21,23
timeStep,numberOfRobotsOnBlackSite,numberOfRobotsOnWhiteSite
20325,21,23
timeStep,numberOfRobotsOnBlackSite,numberOfRobotsOnWhiteSite
20326,21,23
timeStep,numberOfRobotsOnBlackSite,numberOfRobotsOnWhiteSite
20327,21,23
timeStep,numberOfRobotsOnBlackSite,numberOfRobotsOnWhiteSite
20328,21,23
timeStep,numberOfRobotsOnBlackSite,numberOfRobotsOnWhiteSite
20329,21,23
timeStep,numberOfRobotsOnBlackSite,numberOfRobotsOnWhiteSite
20330,21,23
timeStep,numberOfRobotsOnBlackSite,numberOfRobotsOnWhiteSite
20331,21,23
timeStep,numberOfRobotsOnBlackSite,numberOfRobotsOnWhiteSite
20332,21,23
timeStep,numberOfRobotsOnBlackSite,numberOfRobotsOnWhiteSite
20333,21,23
timeStep,numberOfRobotsOnBlackSite,numberOfRobotsOnWhiteSite
20334,21,23
timeStep,numberOfRobotsOnBlackSite,numberOfRobotsOnWhiteSite
20335,21,23
timeStep,numberOfRobotsOnBlackSite,numberOfRobotsOnWhiteSite
20336,21,23
timeStep,numberOfRobotsOnBlackSite,numberOfRobotsOnWhiteSite
20337,21,23
timeStep,numberOfRobotsOnBlackSite,numberOfRobotsOnWhiteSite
20338,21,23
timeStep,numberOfRobotsOnBlackSite,numberOfRobotsOnWhiteSite
20339,21,23
timeStep,numberOfRobotsOnBlackSite,numberOfRobotsOnWhiteSite
20340,21,23
timeStep,numberOfRobotsOnBlackSite,numberOfRobotsOnWhiteSite
20341,21,23
timeStep,numberOfRobotsOnBlackSite,numberOfRobotsOnWhiteSite
20342,21,23
timeStep,numberOfRobotsOnBlackSite,numberOfRobotsOnWhiteSite
20343,21,23
timeStep,numberOfRobotsOnBlackSite,numberOfRobotsOnWhiteSite
20344,21,23
timeStep,numberOfRobotsOnBlackSite,numberOfRobotsOnWhiteSite
20345,21,23
timeStep,numberOfRobotsOnBlackSite,numberOfRobotsOnWhiteSite
20346,21,23
timeStep,numberOfRobotsOnBlackSite,numberOfRobotsOnWhiteSite
20347,21,23
timeStep,numberOfRobotsOnBlackSite,numberOfRobotsOnWhiteSite
20348,21,23
timeStep,numberOfRobotsOnBlackSite,numberOfRobotsOnWhiteSite
20349,21,23
timeStep,numberOfRobotsOnBlackSite,numberOfRobotsOnWhiteSite
20350,21,23
timeStep,numberOfRobotsOnBlackSite,numberOfRobotsOnWhiteSite
20351,21,23
timeStep,numberOfRobotsOnBlackSite,numberOfRobotsOnWhiteSite
20352,21,23
timeStep,numberOfRobotsOnBlackSite,numberOfRobotsOnWhiteSite
20353,21,23
timeStep,numberOfRobotsOnBlackSite,numberOfRobotsOnWhiteSite
20354,21,23
timeStep,numberOfRobotsOnBlackSite,numberOfRobotsOnWhiteSite
20355,21,24
timeStep,numberOfRobotsOnBlackSite,numberOfRobotsOnWhiteSite
20356,21,24
timeStep,numberOfRobotsOnBlackSite,numberOfRobotsOnWhiteSite
20357,21,24
timeStep,numberOfRobotsOnBlackSite,numberOfRobotsOnWhiteSite
20358,21,24
timeStep,numberOfRobotsOnBlackSite,numberOfRobotsOnWhiteSite
20359,21,24
timeStep,numberOfRobotsOnBlackSite,numberOfRobotsOnWhiteSite
20360,21,24
timeStep,numberOfRobotsOnBlackSite,numberOfRobotsOnWhiteSite
20361,21,24
timeStep,numberOfRobotsOnBlackSite,numberOfRobotsOnWhiteSite
20362,21,24
timeStep,numberOfRobotsOnBlackSite,numberOfRobotsOnWhiteSite
20363,21,24
timeStep,numberOfRobotsOnBlackSite,numberOfRobotsOnWhiteSite
20364,21,24
timeStep,numberOfRobotsOnBlackSite,numberOfRobotsOnWhiteSite
20365,21,24
timeStep,numberOfRobotsOnBlackSite,numberOfRobotsOnWhiteSite
20366,21,24
timeStep,numberOfRobotsOnBlackSite,numberOfRobotsOnWhiteSite
20367,21,24
timeStep,numberOfRobotsOnBlackSite,numberOfRobotsOnWhiteSite
20368,21,24
timeStep,numberOfRobotsOnBlackSite,numberOfRobotsOnWhiteSite
20369,21,24
timeStep,numberOfRobotsOnBlackSite,numberOfRobotsOnWhiteSite
20370,21,24
timeStep,numberOfRobotsOnBlackSite,numberOfRobotsOnWhiteSite
20371,21,24
timeStep,numberOfRobotsOnBlackSite,numberOfRobotsOnWhiteSite
20372,21,24
timeStep,numberOfRobotsOnBlackSite,numberOfRobotsOnWhiteSite
20373,21,24
timeStep,numberOfRobotsOnBlackSite,numberOfRobotsOnWhiteSite
20374,21,24
timeStep,numberOfRobotsOnBlackSite,numberOfRobotsOnWhiteSite
20375,21,24
timeStep,numberOfRobotsOnBlackSite,numberOfRobotsOnWhiteSite
20376,21,24
timeStep,numberOfRobotsOnBlackSite,numberOfRobotsOnWhiteSite
20377,21,24
timeStep,numberOfRobotsOnBlackSite,numberOfRobotsOnWhiteSite
20378,21,24
timeStep,numberOfRobotsOnBlackSite,numberOfRobotsOnWhiteSite
20379,21,24
timeStep,numberOfRobotsOnBlackSite,numberOfRobotsOnWhiteSite
20380,21,24
timeStep,numberOfRobotsOnBlackSite,numberOfRobotsOnWhiteSite
20381,21,24
timeStep,numberOfRobotsOnBlackSite,numberOfRobotsOnWhiteSite
20382,21,24
timeStep,numberOfRobotsOnBlackSite,numberOfRobotsOnWhiteSite
20383,21,24
timeStep,numberOfRobotsOnBlackSite,numberOfRobotsOnWhiteSite
20384,21,24
timeStep,numberOfRobotsOnBlackSite,numberOfRobotsOnWhiteSite
20385,21,24
timeStep,numberOfRobotsOnBlackSite,numberOfRobotsOnWhiteSite
20386,21,24
timeStep,numberOfRobotsOnBlackSite,numberOfRobotsOnWhiteSite
20387,21,24
timeStep,numberOfRobotsOnBlackSite,numberOfRobotsOnWhiteSite
20388,21,24
timeStep,numberOfRobotsOnBlackSite,numberOfRobotsOnWhiteSite
20389,21,24
timeStep,numberOfRobotsOnBlackSite,numberOfRobotsOnWhiteSite
20390,21,24
timeStep,numberOfRobotsOnBlackSite,numberOfRobotsOnWhiteSite
20391,21,24
timeStep,numberOfRobotsOnBlackSite,numberOfRobotsOnWhiteSite
20392,21,24
timeStep,numberOfRobotsOnBlackSite,numberOfRobotsOnWhiteSite
20393,21,24
timeStep,numberOfRobotsOnBlackSite,numberOfRobotsOnWhiteSite
20394,21,24
timeStep,numberOfRobotsOnBlackSite,numberOfRobotsOnWhiteSite
20395,21,24
timeStep,numberOfRobotsOnBlackSite,numberOfRobotsOnWhiteSite
20396,21,24
timeStep,numberOfRobotsOnBlackSite,numberOfRobotsOnWhiteSite
20397,21,24
timeStep,numberOfRobotsOnBlackSite,numberOfRobotsOnWhiteSite
20398,21,24
timeStep,numberOfRobotsOnBlackSite,numberOfRobotsOnWhiteSite
20399,21,24
timeStep,numberOfRobotsOnBlackSite,numberOfRobotsOnWhiteSite
20400,21,24
timeStep,numberOfRobotsOnBlackSite,numberOfRobotsOnWhiteSite
20401,21,24
timeStep,numberOfRobotsOnBlackSite,numberOfRobotsOnWhiteSite
20402,21,24
timeStep,numberOfRobotsOnBlackSite,numberOfRobotsOnWhiteSite
20403,21,24
timeStep,numberOfRobotsOnBlackSite,numberOfRobotsOnWhiteSite
20404,21,24
timeStep,numberOfRobotsOnBlackSite,numberOfRobotsOnWhiteSite
20405,21,24
timeStep,numberOfRobotsOnBlackSite,numberOfRobotsOnWhiteSite
20406,21,24
timeStep,numberOfRobotsOnBlackSite,numberOfRobotsOnWhiteSite
20407,21,24
timeStep,numberOfRobotsOnBlackSite,numberOfRobotsOnWhiteSite
20408,21,24
timeStep,numberOfRobotsOnBlackSite,numberOfRobotsOnWhiteSite
20409,21,24
timeStep,numberOfRobotsOnBlackSite,numberOfRobotsOnWhiteSite
20410,21,24
timeStep,numberOfRobotsOnBlackSite,numberOfRobotsOnWhiteSite
20411,21,24
timeStep,numberOfRobotsOnBlackSite,numberOfRobotsOnWhiteSite
20412,21,24
timeStep,numberOfRobotsOnBlackSite,numberOfRobotsOnWhiteSite
20413,21,24
timeStep,numberOfRobotsOnBlackSite,numberOfRobotsOnWhiteSite
20414,21,24
timeStep,numberOfRobotsOnBlackSite,numberOfRobotsOnWhiteSite
20415,21,24
timeStep,numberOfRobotsOnBlackSite,numberOfRobotsOnWhiteSite
20416,21,24
timeStep,numberOfRobotsOnBlackSite,numberOfRobotsOnWhiteSite
20417,21,24
timeStep,numberOfRobotsOnBlackSite,numberOfRobotsOnWhiteSite
20418,21,24
timeStep,numberOfRobotsOnBlackSite,numberOfRobotsOnWhiteSite
20419,21,24
timeStep,numberOfRobotsOnBlackSite,numberOfRobotsOnWhiteSite
20420,21,24
timeStep,numberOfRobotsOnBlackSite,numberOfRobotsOnWhiteSite
20421,21,24
timeStep,numberOfRobotsOnBlackSite,numberOfRobotsOnWhiteSite
20422,21,24
timeStep,numberOfRobotsOnBlackSite,numberOfRobotsOnWhiteSite
20423,21,24
timeStep,numberOfRobotsOnBlackSite,numberOfRobotsOnWhiteSite
20424,21,24
timeStep,numberOfRobotsOnBlackSite,numberOfRobotsOnWhiteSite
20425,21,24
timeStep,numberOfRobotsOnBlackSite,numberOfRobotsOnWhiteSite
20426,21,24
timeStep,numberOfRobotsOnBlackSite,numberOfRobotsOnWhiteSite
20427,21,24
timeStep,numberOfRobotsOnBlackSite,numberOfRobotsOnWhiteSite
20428,21,24
timeStep,numberOfRobotsOnBlackSite,numberOfRobotsOnWhiteSite
20429,21,24
timeStep,numberOfRobotsOnBlackSite,numberOfRobotsOnWhiteSite
20430,21,24
timeStep,numberOfRobotsOnBlackSite,numberOfRobotsOnWhiteSite
20431,21,24
timeStep,numberOfRobotsOnBlackSite,numberOfRobotsOnWhiteSite
20432,21,24
timeStep,numberOfRobotsOnBlackSite,numberOfRobotsOnWhiteSite
20433,21,24
timeStep,numberOfRobotsOnBlackSite,numberOfRobotsOnWhiteSite
20434,21,24
timeStep,numberOfRobotsOnBlackSite,numberOfRobotsOnWhiteSite
20435,21,24
timeStep,numberOfRobotsOnBlackSite,numberOfRobotsOnWhiteSite
20436,21,24
timeStep,numberOfRobotsOnBlackSite,numberOfRobotsOnWhiteSite
20437,21,24
timeStep,numberOfRobotsOnBlackSite,numberOfRobotsOnWhiteSite
20438,21,24
timeStep,numberOfRobotsOnBlackSite,numberOfRobotsOnWhiteSite
20439,21,24
timeStep,numberOfRobotsOnBlackSite,numberOfRobotsOnWhiteSite
20440,21,24
timeStep,numberOfRobotsOnBlackSite,numberOfRobotsOnWhiteSite
20441,21,24
timeStep,numberOfRobotsOnBlackSite,numberOfRobotsOnWhiteSite
20442,21,24
timeStep,numberOfRobotsOnBlackSite,numberOfRobotsOnWhiteSite
20443,21,24
timeStep,numberOfRobotsOnBlackSite,numberOfRobotsOnWhiteSite
20444,21,24
timeStep,numberOfRobotsOnBlackSite,numberOfRobotsOnWhiteSite
20445,21,23
timeStep,numberOfRobotsOnBlackSite,numberOfRobotsOnWhiteSite
20446,21,23
timeStep,numberOfRobotsOnBlackSite,numberOfRobotsOnWhiteSite
20447,21,23
timeStep,numberOfRobotsOnBlackSite,numberOfRobotsOnWhiteSite
20448,21,23
timeStep,numberOfRobotsOnBlackSite,numberOfRobotsOnWhiteSite
20449,21,23
timeStep,numberOfRobotsOnBlackSite,numberOfRobotsOnWhiteSite
20450,21,23
timeStep,numberOfRobotsOnBlackSite,numberOfRobotsOnWhiteSite
20451,21,23
timeStep,numberOfRobotsOnBlackSite,numberOfRobotsOnWhiteSite
20452,21,23
timeStep,numberOfRobotsOnBlackSite,numberOfRobotsOnWhiteSite
20453,21,23
timeStep,numberOfRobotsOnBlackSite,numberOfRobotsOnWhiteSite
20454,21,23
timeStep,numberOfRobotsOnBlackSite,numberOfRobotsOnWhiteSite
20455,21,23
timeStep,numberOfRobotsOnBlackSite,numberOfRobotsOnWhiteSite
20456,21,23
timeStep,numberOfRobotsOnBlackSite,numberOfRobotsOnWhiteSite
20457,21,23
timeStep,numberOfRobotsOnBlackSite,numberOfRobotsOnWhiteSite
20458,21,23
timeStep,numberOfRobotsOnBlackSite,numberOfRobotsOnWhiteSite
20459,21,23
timeStep,numberOfRobotsOnBlackSite,numberOfRobotsOnWhiteSite
20460,21,23
timeStep,numberOfRobotsOnBlackSite,numberOfRobotsOnWhiteSite
20461,21,23
timeStep,numberOfRobotsOnBlackSite,numberOfRobotsOnWhiteSite
20462,21,23
timeStep,numberOfRobotsOnBlackSite,numberOfRobotsOnWhiteSite
20463,21,23
timeStep,numberOfRobotsOnBlackSite,numberOfRobotsOnWhiteSite
20464,21,23
timeStep,numberOfRobotsOnBlackSite,numberOfRobotsOnWhiteSite
20465,21,23
timeStep,numberOfRobotsOnBlackSite,numberOfRobotsOnWhiteSite
20466,21,23
timeStep,numberOfRobotsOnBlackSite,numberOfRobotsOnWhiteSite
20467,21,23
timeStep,numberOfRobotsOnBlackSite,numberOfRobotsOnWhiteSite
20468,21,23
timeStep,numberOfRobotsOnBlackSite,numberOfRobotsOnWhiteSite
20469,21,23
timeStep,numberOfRobotsOnBlackSite,numberOfRobotsOnWhiteSite
20470,21,23
timeStep,numberOfRobotsOnBlackSite,numberOfRobotsOnWhiteSite
20471,21,23
timeStep,numberOfRobotsOnBlackSite,numberOfRobotsOnWhiteSite
20472,21,23
timeStep,numberOfRobotsOnBlackSite,numberOfRobotsOnWhiteSite
20473,21,23
timeStep,numberOfRobotsOnBlackSite,numberOfRobotsOnWhiteSite
20474,21,23
timeStep,numberOfRobotsOnBlackSite,numberOfRobotsOnWhiteSite
20475,21,23
timeStep,numberOfRobotsOnBlackSite,numberOfRobotsOnWhiteSite
20476,21,23
timeStep,numberOfRobotsOnBlackSite,numberOfRobotsOnWhiteSite
20477,21,23
timeStep,numberOfRobotsOnBlackSite,numberOfRobotsOnWhiteSite
20478,21,23
timeStep,numberOfRobotsOnBlackSite,numberOfRobotsOnWhiteSite
20479,21,23
timeStep,numberOfRobotsOnBlackSite,numberOfRobotsOnWhiteSite
20480,22,23
timeStep,numberOfRobotsOnBlackSite,numberOfRobotsOnWhiteSite
20481,22,23
timeStep,numberOfRobotsOnBlackSite,numberOfRobotsOnWhiteSite
20482,22,23
timeStep,numberOfRobotsOnBlackSite,numberOfRobotsOnWhiteSite
20483,22,23
timeStep,numberOfRobotsOnBlackSite,numberOfRobotsOnWhiteSite
20484,22,23
timeStep,numberOfRobotsOnBlackSite,numberOfRobotsOnWhiteSite
20485,22,23
timeStep,numberOfRobotsOnBlackSite,numberOfRobotsOnWhiteSite
20486,22,23
timeStep,numberOfRobotsOnBlackSite,numberOfRobotsOnWhiteSite
20487,22,23
timeStep,numberOfRobotsOnBlackSite,numberOfRobotsOnWhiteSite
20488,22,23
timeStep,numberOfRobotsOnBlackSite,numberOfRobotsOnWhiteSite
20489,22,23
timeStep,numberOfRobotsOnBlackSite,numberOfRobotsOnWhiteSite
20490,22,23
timeStep,numberOfRobotsOnBlackSite,numberOfRobotsOnWhiteSite
20491,22,23
timeStep,numberOfRobotsOnBlackSite,numberOfRobotsOnWhiteSite
20492,22,23
timeStep,numberOfRobotsOnBlackSite,numberOfRobotsOnWhiteSite
20493,22,23
timeStep,numberOfRobotsOnBlackSite,numberOfRobotsOnWhiteSite
20494,22,23
timeStep,numberOfRobotsOnBlackSite,numberOfRobotsOnWhiteSite
20495,22,23
timeStep,numberOfRobotsOnBlackSite,numberOfRobotsOnWhiteSite
20496,22,23
timeStep,numberOfRobotsOnBlackSite,numberOfRobotsOnWhiteSite
20497,22,23
timeStep,numberOfRobotsOnBlackSite,numberOfRobotsOnWhiteSite
20498,22,23
timeStep,numberOfRobotsOnBlackSite,numberOfRobotsOnWhiteSite
20499,22,23
timeStep,numberOfRobotsOnBlackSite,numberOfRobotsOnWhiteSite
20500,22,23
timeStep,numberOfRobotsOnBlackSite,numberOfRobotsOnWhiteSite
20501,22,23
timeStep,numberOfRobotsOnBlackSite,numberOfRobotsOnWhiteSite
20502,22,23
timeStep,numberOfRobotsOnBlackSite,numberOfRobotsOnWhiteSite
20503,22,23
timeStep,numberOfRobotsOnBlackSite,numberOfRobotsOnWhiteSite
20504,22,23
timeStep,numberOfRobotsOnBlackSite,numberOfRobotsOnWhiteSite
20505,22,23
timeStep,numberOfRobotsOnBlackSite,numberOfRobotsOnWhiteSite
20506,22,23
timeStep,numberOfRobotsOnBlackSite,numberOfRobotsOnWhiteSite
20507,22,23
timeStep,numberOfRobotsOnBlackSite,numberOfRobotsOnWhiteSite
20508,22,23
timeStep,numberOfRobotsOnBlackSite,numberOfRobotsOnWhiteSite
20509,22,23
timeStep,numberOfRobotsOnBlackSite,numberOfRobotsOnWhiteSite
20510,22,23
timeStep,numberOfRobotsOnBlackSite,numberOfRobotsOnWhiteSite
20511,22,23
timeStep,numberOfRobotsOnBlackSite,numberOfRobotsOnWhiteSite
20512,22,23
timeStep,numberOfRobotsOnBlackSite,numberOfRobotsOnWhiteSite
20513,22,23
timeStep,numberOfRobotsOnBlackSite,numberOfRobotsOnWhiteSite
20514,22,23
timeStep,numberOfRobotsOnBlackSite,numberOfRobotsOnWhiteSite
20515,22,23
timeStep,numberOfRobotsOnBlackSite,numberOfRobotsOnWhiteSite
20516,22,23
timeStep,numberOfRobotsOnBlackSite,numberOfRobotsOnWhiteSite
20517,22,23
timeStep,numberOfRobotsOnBlackSite,numberOfRobotsOnWhiteSite
20518,22,23
timeStep,numberOfRobotsOnBlackSite,numberOfRobotsOnWhiteSite
20519,22,23
timeStep,numberOfRobotsOnBlackSite,numberOfRobotsOnWhiteSite
20520,22,23
timeStep,numberOfRobotsOnBlackSite,numberOfRobotsOnWhiteSite
20521,22,23
timeStep,numberOfRobotsOnBlackSite,numberOfRobotsOnWhiteSite
20522,22,23
timeStep,numberOfRobotsOnBlackSite,numberOfRobotsOnWhiteSite
20523,22,23
timeStep,numberOfRobotsOnBlackSite,numberOfRobotsOnWhiteSite
20524,22,23
timeStep,numberOfRobotsOnBlackSite,numberOfRobotsOnWhiteSite
20525,22,23
timeStep,numberOfRobotsOnBlackSite,numberOfRobotsOnWhiteSite
20526,22,23
timeStep,numberOfRobotsOnBlackSite,numberOfRobotsOnWhiteSite
20527,22,23
timeStep,numberOfRobotsOnBlackSite,numberOfRobotsOnWhiteSite
20528,22,23
timeStep,numberOfRobotsOnBlackSite,numberOfRobotsOnWhiteSite
20529,22,23
timeStep,numberOfRobotsOnBlackSite,numberOfRobotsOnWhiteSite
20530,22,23
timeStep,numberOfRobotsOnBlackSite,numberOfRobotsOnWhiteSite
20531,22,23
timeStep,numberOfRobotsOnBlackSite,numberOfRobotsOnWhiteSite
20532,22,23
timeStep,numberOfRobotsOnBlackSite,numberOfRobotsOnWhiteSite
20533,22,23
timeStep,numberOfRobotsOnBlackSite,numberOfRobotsOnWhiteSite
20534,22,23
timeStep,numberOfRobotsOnBlackSite,numberOfRobotsOnWhiteSite
20535,22,23
timeStep,numberOfRobotsOnBlackSite,numberOfRobotsOnWhiteSite
20536,22,23
timeStep,numberOfRobotsOnBlackSite,numberOfRobotsOnWhiteSite
20537,22,23
timeStep,numberOfRobotsOnBlackSite,numberOfRobotsOnWhiteSite
20538,22,23
timeStep,numberOfRobotsOnBlackSite,numberOfRobotsOnWhiteSite
20539,22,23
timeStep,numberOfRobotsOnBlackSite,numberOfRobotsOnWhiteSite
20540,22,23
timeStep,numberOfRobotsOnBlackSite,numberOfRobotsOnWhiteSite
20541,22,23
timeStep,numberOfRobotsOnBlackSite,numberOfRobotsOnWhiteSite
20542,22,23
timeStep,numberOfRobotsOnBlackSite,numberOfRobotsOnWhiteSite
20543,22,23
timeStep,numberOfRobotsOnBlackSite,numberOfRobotsOnWhiteSite
20544,22,23
timeStep,numberOfRobotsOnBlackSite,numberOfRobotsOnWhiteSite
20545,22,23
timeStep,numberOfRobotsOnBlackSite,numberOfRobotsOnWhiteSite
20546,22,23
timeStep,numberOfRobotsOnBlackSite,numberOfRobotsOnWhiteSite
20547,22,23
timeStep,numberOfRobotsOnBlackSite,numberOfRobotsOnWhiteSite
20548,22,23
timeStep,numberOfRobotsOnBlackSite,numberOfRobotsOnWhiteSite
20549,22,23
timeStep,numberOfRobotsOnBlackSite,numberOfRobotsOnWhiteSite
20550,22,23
timeStep,numberOfRobotsOnBlackSite,numberOfRobotsOnWhiteSite
20551,22,23
timeStep,numberOfRobotsOnBlackSite,numberOfRobotsOnWhiteSite
20552,22,23
timeStep,numberOfRobotsOnBlackSite,numberOfRobotsOnWhiteSite
20553,22,23
timeStep,numberOfRobotsOnBlackSite,numberOfRobotsOnWhiteSite
20554,22,23
timeStep,numberOfRobotsOnBlackSite,numberOfRobotsOnWhiteSite
20555,22,23
timeStep,numberOfRobotsOnBlackSite,numberOfRobotsOnWhiteSite
20556,22,23
timeStep,numberOfRobotsOnBlackSite,numberOfRobotsOnWhiteSite
20557,22,23
timeStep,numberOfRobotsOnBlackSite,numberOfRobotsOnWhiteSite
20558,22,23
timeStep,numberOfRobotsOnBlackSite,numberOfRobotsOnWhiteSite
20559,22,23
timeStep,numberOfRobotsOnBlackSite,numberOfRobotsOnWhiteSite
20560,22,23
timeStep,numberOfRobotsOnBlackSite,numberOfRobotsOnWhiteSite
20561,22,23
timeStep,numberOfRobotsOnBlackSite,numberOfRobotsOnWhiteSite
20562,22,23
timeStep,numberOfRobotsOnBlackSite,numberOfRobotsOnWhiteSite
20563,22,23
timeStep,numberOfRobotsOnBlackSite,numberOfRobotsOnWhiteSite
20564,22,23
timeStep,numberOfRobotsOnBlackSite,numberOfRobotsOnWhiteSite
20565,22,23
timeStep,numberOfRobotsOnBlackSite,numberOfRobotsOnWhiteSite
20566,22,23
timeStep,numberOfRobotsOnBlackSite,numberOfRobotsOnWhiteSite
20567,22,23
timeStep,numberOfRobotsOnBlackSite,numberOfRobotsOnWhiteSite
20568,22,23
timeStep,numberOfRobotsOnBlackSite,numberOfRobotsOnWhiteSite
20569,22,23
timeStep,numberOfRobotsOnBlackSite,numberOfRobotsOnWhiteSite
20570,22,23
timeStep,numberOfRobotsOnBlackSite,numberOfRobotsOnWhiteSite
20571,22,23
timeStep,numberOfRobotsOnBlackSite,numberOfRobotsOnWhiteSite
20572,22,23
timeStep,numberOfRobotsOnBlackSite,numberOfRobotsOnWhiteSite
20573,22,23
timeStep,numberOfRobotsOnBlackSite,numberOfRobotsOnWhiteSite
20574,22,23
timeStep,numberOfRobotsOnBlackSite,numberOfRobotsOnWhiteSite
20575,22,23
timeStep,numberOfRobotsOnBlackSite,numberOfRobotsOnWhiteSite
20576,22,23
timeStep,numberOfRobotsOnBlackSite,numberOfRobotsOnWhiteSite
20577,22,23
timeStep,numberOfRobotsOnBlackSite,numberOfRobotsOnWhiteSite
20578,22,23
timeStep,numberOfRobotsOnBlackSite,numberOfRobotsOnWhiteSite
20579,22,23
timeStep,numberOfRobotsOnBlackSite,numberOfRobotsOnWhiteSite
20580,22,23
timeStep,numberOfRobotsOnBlackSite,numberOfRobotsOnWhiteSite
20581,22,23
timeStep,numberOfRobotsOnBlackSite,numberOfRobotsOnWhiteSite
20582,22,23
timeStep,numberOfRobotsOnBlackSite,numberOfRobotsOnWhiteSite
20583,22,23
timeStep,numberOfRobotsOnBlackSite,numberOfRobotsOnWhiteSite
20584,22,23
timeStep,numberOfRobotsOnBlackSite,numberOfRobotsOnWhiteSite
20585,22,23
timeStep,numberOfRobotsOnBlackSite,numberOfRobotsOnWhiteSite
20586,22,23
timeStep,numberOfRobotsOnBlackSite,numberOfRobotsOnWhiteSite
20587,22,23
timeStep,numberOfRobotsOnBlackSite,numberOfRobotsOnWhiteSite
20588,22,23
timeStep,numberOfRobotsOnBlackSite,numberOfRobotsOnWhiteSite
20589,22,23
timeStep,numberOfRobotsOnBlackSite,numberOfRobotsOnWhiteSite
20590,22,23
timeStep,numberOfRobotsOnBlackSite,numberOfRobotsOnWhiteSite
20591,22,23
timeStep,numberOfRobotsOnBlackSite,numberOfRobotsOnWhiteSite
20592,22,23
timeStep,numberOfRobotsOnBlackSite,numberOfRobotsOnWhiteSite
20593,22,23
timeStep,numberOfRobotsOnBlackSite,numberOfRobotsOnWhiteSite
20594,22,23
timeStep,numberOfRobotsOnBlackSite,numberOfRobotsOnWhiteSite
20595,22,23
timeStep,numberOfRobotsOnBlackSite,numberOfRobotsOnWhiteSite
20596,22,23
timeStep,numberOfRobotsOnBlackSite,numberOfRobotsOnWhiteSite
20597,22,23
timeStep,numberOfRobotsOnBlackSite,numberOfRobotsOnWhiteSite
20598,22,23
timeStep,numberOfRobotsOnBlackSite,numberOfRobotsOnWhiteSite
20599,22,23
timeStep,numberOfRobotsOnBlackSite,numberOfRobotsOnWhiteSite
20600,22,23
timeStep,numberOfRobotsOnBlackSite,numberOfRobotsOnWhiteSite
20601,22,23
timeStep,numberOfRobotsOnBlackSite,numberOfRobotsOnWhiteSite
20602,22,23
timeStep,numberOfRobotsOnBlackSite,numberOfRobotsOnWhiteSite
20603,22,23
timeStep,numberOfRobotsOnBlackSite,numberOfRobotsOnWhiteSite
20604,22,23
timeStep,numberOfRobotsOnBlackSite,numberOfRobotsOnWhiteSite
20605,22,23
timeStep,numberOfRobotsOnBlackSite,numberOfRobotsOnWhiteSite
20606,22,23
timeStep,numberOfRobotsOnBlackSite,numberOfRobotsOnWhiteSite
20607,22,23
timeStep,numberOfRobotsOnBlackSite,numberOfRobotsOnWhiteSite
20608,22,23
timeStep,numberOfRobotsOnBlackSite,numberOfRobotsOnWhiteSite
20609,22,23
timeStep,numberOfRobotsOnBlackSite,numberOfRobotsOnWhiteSite
20610,22,23
timeStep,numberOfRobotsOnBlackSite,numberOfRobotsOnWhiteSite
20611,22,23
timeStep,numberOfRobotsOnBlackSite,numberOfRobotsOnWhiteSite
20612,22,23
timeStep,numberOfRobotsOnBlackSite,numberOfRobotsOnWhiteSite
20613,22,23
timeStep,numberOfRobotsOnBlackSite,numberOfRobotsOnWhiteSite
20614,22,23
timeStep,numberOfRobotsOnBlackSite,numberOfRobotsOnWhiteSite
20615,22,23
timeStep,numberOfRobotsOnBlackSite,numberOfRobotsOnWhiteSite
20616,22,23
timeStep,numberOfRobotsOnBlackSite,numberOfRobotsOnWhiteSite
20617,22,23
timeStep,numberOfRobotsOnBlackSite,numberOfRobotsOnWhiteSite
20618,22,23
timeStep,numberOfRobotsOnBlackSite,numberOfRobotsOnWhiteSite
20619,22,23
timeStep,numberOfRobotsOnBlackSite,numberOfRobotsOnWhiteSite
20620,22,23
timeStep,numberOfRobotsOnBlackSite,numberOfRobotsOnWhiteSite
20621,22,23
timeStep,numberOfRobotsOnBlackSite,numberOfRobotsOnWhiteSite
20622,22,23
timeStep,numberOfRobotsOnBlackSite,numberOfRobotsOnWhiteSite
20623,22,23
timeStep,numberOfRobotsOnBlackSite,numberOfRobotsOnWhiteSite
20624,22,23
timeStep,numberOfRobotsOnBlackSite,numberOfRobotsOnWhiteSite
20625,22,23
timeStep,numberOfRobotsOnBlackSite,numberOfRobotsOnWhiteSite
20626,22,23
timeStep,numberOfRobotsOnBlackSite,numberOfRobotsOnWhiteSite
20627,22,23
timeStep,numberOfRobotsOnBlackSite,numberOfRobotsOnWhiteSite
20628,22,23
timeStep,numberOfRobotsOnBlackSite,numberOfRobotsOnWhiteSite
20629,22,23
timeStep,numberOfRobotsOnBlackSite,numberOfRobotsOnWhiteSite
20630,22,23
timeStep,numberOfRobotsOnBlackSite,numberOfRobotsOnWhiteSite
20631,22,23
timeStep,numberOfRobotsOnBlackSite,numberOfRobotsOnWhiteSite
20632,22,23
timeStep,numberOfRobotsOnBlackSite,numberOfRobotsOnWhiteSite
20633,22,23
timeStep,numberOfRobotsOnBlackSite,numberOfRobotsOnWhiteSite
20634,22,23
timeStep,numberOfRobotsOnBlackSite,numberOfRobotsOnWhiteSite
20635,22,23
timeStep,numberOfRobotsOnBlackSite,numberOfRobotsOnWhiteSite
20636,22,23
timeStep,numberOfRobotsOnBlackSite,numberOfRobotsOnWhiteSite
20637,22,23
timeStep,numberOfRobotsOnBlackSite,numberOfRobotsOnWhiteSite
20638,22,23
timeStep,numberOfRobotsOnBlackSite,numberOfRobotsOnWhiteSite
20639,22,23
timeStep,numberOfRobotsOnBlackSite,numberOfRobotsOnWhiteSite
20640,22,23
timeStep,numberOfRobotsOnBlackSite,numberOfRobotsOnWhiteSite
20641,22,23
timeStep,numberOfRobotsOnBlackSite,numberOfRobotsOnWhiteSite
20642,22,23
timeStep,numberOfRobotsOnBlackSite,numberOfRobotsOnWhiteSite
20643,22,23
timeStep,numberOfRobotsOnBlackSite,numberOfRobotsOnWhiteSite
20644,22,23
timeStep,numberOfRobotsOnBlackSite,numberOfRobotsOnWhiteSite
20645,22,23
timeStep,numberOfRobotsOnBlackSite,numberOfRobotsOnWhiteSite
20646,22,23
timeStep,numberOfRobotsOnBlackSite,numberOfRobotsOnWhiteSite
20647,22,23
timeStep,numberOfRobotsOnBlackSite,numberOfRobotsOnWhiteSite
20648,22,23
timeStep,numberOfRobotsOnBlackSite,numberOfRobotsOnWhiteSite
20649,22,23
timeStep,numberOfRobotsOnBlackSite,numberOfRobotsOnWhiteSite
20650,22,23
timeStep,numberOfRobotsOnBlackSite,numberOfRobotsOnWhiteSite
20651,22,23
timeStep,numberOfRobotsOnBlackSite,numberOfRobotsOnWhiteSite
20652,22,23
timeStep,numberOfRobotsOnBlackSite,numberOfRobotsOnWhiteSite
20653,22,23
timeStep,numberOfRobotsOnBlackSite,numberOfRobotsOnWhiteSite
20654,22,23
timeStep,numberOfRobotsOnBlackSite,numberOfRobotsOnWhiteSite
20655,22,23
timeStep,numberOfRobotsOnBlackSite,numberOfRobotsOnWhiteSite
20656,22,23
timeStep,numberOfRobotsOnBlackSite,numberOfRobotsOnWhiteSite
20657,22,23
timeStep,numberOfRobotsOnBlackSite,numberOfRobotsOnWhiteSite
20658,22,23
timeStep,numberOfRobotsOnBlackSite,numberOfRobotsOnWhiteSite
20659,22,23
timeStep,numberOfRobotsOnBlackSite,numberOfRobotsOnWhiteSite
20660,22,23
timeStep,numberOfRobotsOnBlackSite,numberOfRobotsOnWhiteSite
20661,22,23
timeStep,numberOfRobotsOnBlackSite,numberOfRobotsOnWhiteSite
20662,22,23
timeStep,numberOfRobotsOnBlackSite,numberOfRobotsOnWhiteSite
20663,22,23
timeStep,numberOfRobotsOnBlackSite,numberOfRobotsOnWhiteSite
20664,22,23
timeStep,numberOfRobotsOnBlackSite,numberOfRobotsOnWhiteSite
20665,22,23
timeStep,numberOfRobotsOnBlackSite,numberOfRobotsOnWhiteSite
20666,22,23
timeStep,numberOfRobotsOnBlackSite,numberOfRobotsOnWhiteSite
20667,22,23
timeStep,numberOfRobotsOnBlackSite,numberOfRobotsOnWhiteSite
20668,22,23
timeStep,numberOfRobotsOnBlackSite,numberOfRobotsOnWhiteSite
20669,22,23
timeStep,numberOfRobotsOnBlackSite,numberOfRobotsOnWhiteSite
20670,22,23
timeStep,numberOfRobotsOnBlackSite,numberOfRobotsOnWhiteSite
20671,22,23
timeStep,numberOfRobotsOnBlackSite,numberOfRobotsOnWhiteSite
20672,22,23
timeStep,numberOfRobotsOnBlackSite,numberOfRobotsOnWhiteSite
20673,22,23
timeStep,numberOfRobotsOnBlackSite,numberOfRobotsOnWhiteSite
20674,22,23
timeStep,numberOfRobotsOnBlackSite,numberOfRobotsOnWhiteSite
20675,22,23
timeStep,numberOfRobotsOnBlackSite,numberOfRobotsOnWhiteSite
20676,22,23
timeStep,numberOfRobotsOnBlackSite,numberOfRobotsOnWhiteSite
20677,22,23
timeStep,numberOfRobotsOnBlackSite,numberOfRobotsOnWhiteSite
20678,22,23
timeStep,numberOfRobotsOnBlackSite,numberOfRobotsOnWhiteSite
20679,22,23
timeStep,numberOfRobotsOnBlackSite,numberOfRobotsOnWhiteSite
20680,22,23
timeStep,numberOfRobotsOnBlackSite,numberOfRobotsOnWhiteSite
20681,22,23
timeStep,numberOfRobotsOnBlackSite,numberOfRobotsOnWhiteSite
20682,22,23
timeStep,numberOfRobotsOnBlackSite,numberOfRobotsOnWhiteSite
20683,22,23
timeStep,numberOfRobotsOnBlackSite,numberOfRobotsOnWhiteSite
20684,22,23
timeStep,numberOfRobotsOnBlackSite,numberOfRobotsOnWhiteSite
20685,22,23
timeStep,numberOfRobotsOnBlackSite,numberOfRobotsOnWhiteSite
20686,22,23
timeStep,numberOfRobotsOnBlackSite,numberOfRobotsOnWhiteSite
20687,22,23
timeStep,numberOfRobotsOnBlackSite,numberOfRobotsOnWhiteSite
20688,22,23
timeStep,numberOfRobotsOnBlackSite,numberOfRobotsOnWhiteSite
20689,22,23
timeStep,numberOfRobotsOnBlackSite,numberOfRobotsOnWhiteSite
20690,22,23
timeStep,numberOfRobotsOnBlackSite,numberOfRobotsOnWhiteSite
20691,22,23
timeStep,numberOfRobotsOnBlackSite,numberOfRobotsOnWhiteSite
20692,22,23
timeStep,numberOfRobotsOnBlackSite,numberOfRobotsOnWhiteSite
20693,22,23
timeStep,numberOfRobotsOnBlackSite,numberOfRobotsOnWhiteSite
20694,22,23
timeStep,numberOfRobotsOnBlackSite,numberOfRobotsOnWhiteSite
20695,22,23
timeStep,numberOfRobotsOnBlackSite,numberOfRobotsOnWhiteSite
20696,22,23
timeStep,numberOfRobotsOnBlackSite,numberOfRobotsOnWhiteSite
20697,22,23
timeStep,numberOfRobotsOnBlackSite,numberOfRobotsOnWhiteSite
20698,22,23
timeStep,numberOfRobotsOnBlackSite,numberOfRobotsOnWhiteSite
20699,22,23
timeStep,numberOfRobotsOnBlackSite,numberOfRobotsOnWhiteSite
20700,22,23
timeStep,numberOfRobotsOnBlackSite,numberOfRobotsOnWhiteSite
20701,22,23
timeStep,numberOfRobotsOnBlackSite,numberOfRobotsOnWhiteSite
20702,22,23
timeStep,numberOfRobotsOnBlackSite,numberOfRobotsOnWhiteSite
20703,22,23
timeStep,numberOfRobotsOnBlackSite,numberOfRobotsOnWhiteSite
20704,22,23
timeStep,numberOfRobotsOnBlackSite,numberOfRobotsOnWhiteSite
20705,22,23
timeStep,numberOfRobotsOnBlackSite,numberOfRobotsOnWhiteSite
20706,22,23
timeStep,numberOfRobotsOnBlackSite,numberOfRobotsOnWhiteSite
20707,22,23
timeStep,numberOfRobotsOnBlackSite,numberOfRobotsOnWhiteSite
20708,22,23
timeStep,numberOfRobotsOnBlackSite,numberOfRobotsOnWhiteSite
20709,22,23
timeStep,numberOfRobotsOnBlackSite,numberOfRobotsOnWhiteSite
20710,22,23
timeStep,numberOfRobotsOnBlackSite,numberOfRobotsOnWhiteSite
20711,22,23
timeStep,numberOfRobotsOnBlackSite,numberOfRobotsOnWhiteSite
20712,22,23
timeStep,numberOfRobotsOnBlackSite,numberOfRobotsOnWhiteSite
20713,22,23
timeStep,numberOfRobotsOnBlackSite,numberOfRobotsOnWhiteSite
20714,22,23
timeStep,numberOfRobotsOnBlackSite,numberOfRobotsOnWhiteSite
20715,22,23
timeStep,numberOfRobotsOnBlackSite,numberOfRobotsOnWhiteSite
20716,22,23
timeStep,numberOfRobotsOnBlackSite,numberOfRobotsOnWhiteSite
20717,22,23
timeStep,numberOfRobotsOnBlackSite,numberOfRobotsOnWhiteSite
20718,22,23
timeStep,numberOfRobotsOnBlackSite,numberOfRobotsOnWhiteSite
20719,22,23
timeStep,numberOfRobotsOnBlackSite,numberOfRobotsOnWhiteSite
20720,22,23
timeStep,numberOfRobotsOnBlackSite,numberOfRobotsOnWhiteSite
20721,22,23
timeStep,numberOfRobotsOnBlackSite,numberOfRobotsOnWhiteSite
20722,22,23
timeStep,numberOfRobotsOnBlackSite,numberOfRobotsOnWhiteSite
20723,22,23
timeStep,numberOfRobotsOnBlackSite,numberOfRobotsOnWhiteSite
20724,22,23
timeStep,numberOfRobotsOnBlackSite,numberOfRobotsOnWhiteSite
20725,22,23
timeStep,numberOfRobotsOnBlackSite,numberOfRobotsOnWhiteSite
20726,22,23
timeStep,numberOfRobotsOnBlackSite,numberOfRobotsOnWhiteSite
20727,22,23
timeStep,numberOfRobotsOnBlackSite,numberOfRobotsOnWhiteSite
20728,22,23
timeStep,numberOfRobotsOnBlackSite,numberOfRobotsOnWhiteSite
20729,22,23
timeStep,numberOfRobotsOnBlackSite,numberOfRobotsOnWhiteSite
20730,22,23
timeStep,numberOfRobotsOnBlackSite,numberOfRobotsOnWhiteSite
20731,22,23
timeStep,numberOfRobotsOnBlackSite,numberOfRobotsOnWhiteSite
20732,22,23
timeStep,numberOfRobotsOnBlackSite,numberOfRobotsOnWhiteSite
20733,22,23
timeStep,numberOfRobotsOnBlackSite,numberOfRobotsOnWhiteSite
20734,22,23
timeStep,numberOfRobotsOnBlackSite,numberOfRobotsOnWhiteSite
20735,22,23
timeStep,numberOfRobotsOnBlackSite,numberOfRobotsOnWhiteSite
20736,22,23
timeStep,numberOfRobotsOnBlackSite,numberOfRobotsOnWhiteSite
20737,22,23
timeStep,numberOfRobotsOnBlackSite,numberOfRobotsOnWhiteSite
20738,22,23
timeStep,numberOfRobotsOnBlackSite,numberOfRobotsOnWhiteSite
20739,22,23
timeStep,numberOfRobotsOnBlackSite,numberOfRobotsOnWhiteSite
20740,22,23
timeStep,numberOfRobotsOnBlackSite,numberOfRobotsOnWhiteSite
20741,22,23
timeStep,numberOfRobotsOnBlackSite,numberOfRobotsOnWhiteSite
20742,22,23
timeStep,numberOfRobotsOnBlackSite,numberOfRobotsOnWhiteSite
20743,22,23
timeStep,numberOfRobotsOnBlackSite,numberOfRobotsOnWhiteSite
20744,22,23
timeStep,numberOfRobotsOnBlackSite,numberOfRobotsOnWhiteSite
20745,22,23
timeStep,numberOfRobotsOnBlackSite,numberOfRobotsOnWhiteSite
20746,22,23
timeStep,numberOfRobotsOnBlackSite,numberOfRobotsOnWhiteSite
20747,22,23
timeStep,numberOfRobotsOnBlackSite,numberOfRobotsOnWhiteSite
20748,22,23
timeStep,numberOfRobotsOnBlackSite,numberOfRobotsOnWhiteSite
20749,22,23
timeStep,numberOfRobotsOnBlackSite,numberOfRobotsOnWhiteSite
20750,22,23
timeStep,numberOfRobotsOnBlackSite,numberOfRobotsOnWhiteSite
20751,22,23
timeStep,numberOfRobotsOnBlackSite,numberOfRobotsOnWhiteSite
20752,22,23
timeStep,numberOfRobotsOnBlackSite,numberOfRobotsOnWhiteSite
20753,22,23
timeStep,numberOfRobotsOnBlackSite,numberOfRobotsOnWhiteSite
20754,22,23
timeStep,numberOfRobotsOnBlackSite,numberOfRobotsOnWhiteSite
20755,22,23
timeStep,numberOfRobotsOnBlackSite,numberOfRobotsOnWhiteSite
20756,22,23
timeStep,numberOfRobotsOnBlackSite,numberOfRobotsOnWhiteSite
20757,22,23
timeStep,numberOfRobotsOnBlackSite,numberOfRobotsOnWhiteSite
20758,22,23
timeStep,numberOfRobotsOnBlackSite,numberOfRobotsOnWhiteSite
20759,22,23
timeStep,numberOfRobotsOnBlackSite,numberOfRobotsOnWhiteSite
20760,22,23
timeStep,numberOfRobotsOnBlackSite,numberOfRobotsOnWhiteSite
20761,22,23
timeStep,numberOfRobotsOnBlackSite,numberOfRobotsOnWhiteSite
20762,22,23
timeStep,numberOfRobotsOnBlackSite,numberOfRobotsOnWhiteSite
20763,22,23
timeStep,numberOfRobotsOnBlackSite,numberOfRobotsOnWhiteSite
20764,22,23
timeStep,numberOfRobotsOnBlackSite,numberOfRobotsOnWhiteSite
20765,22,23
timeStep,numberOfRobotsOnBlackSite,numberOfRobotsOnWhiteSite
20766,22,23
timeStep,numberOfRobotsOnBlackSite,numberOfRobotsOnWhiteSite
20767,22,23
timeStep,numberOfRobotsOnBlackSite,numberOfRobotsOnWhiteSite
20768,22,23
timeStep,numberOfRobotsOnBlackSite,numberOfRobotsOnWhiteSite
20769,22,23
timeStep,numberOfRobotsOnBlackSite,numberOfRobotsOnWhiteSite
20770,22,23
timeStep,numberOfRobotsOnBlackSite,numberOfRobotsOnWhiteSite
20771,22,23
timeStep,numberOfRobotsOnBlackSite,numberOfRobotsOnWhiteSite
20772,22,23
timeStep,numberOfRobotsOnBlackSite,numberOfRobotsOnWhiteSite
20773,22,23
timeStep,numberOfRobotsOnBlackSite,numberOfRobotsOnWhiteSite
20774,22,23
timeStep,numberOfRobotsOnBlackSite,numberOfRobotsOnWhiteSite
20775,22,23
timeStep,numberOfRobotsOnBlackSite,numberOfRobotsOnWhiteSite
20776,22,23
timeStep,numberOfRobotsOnBlackSite,numberOfRobotsOnWhiteSite
20777,22,23
timeStep,numberOfRobotsOnBlackSite,numberOfRobotsOnWhiteSite
20778,22,23
timeStep,numberOfRobotsOnBlackSite,numberOfRobotsOnWhiteSite
20779,22,23
timeStep,numberOfRobotsOnBlackSite,numberOfRobotsOnWhiteSite
20780,23,23
timeStep,numberOfRobotsOnBlackSite,numberOfRobotsOnWhiteSite
20781,23,23
timeStep,numberOfRobotsOnBlackSite,numberOfRobotsOnWhiteSite
20782,23,23
timeStep,numberOfRobotsOnBlackSite,numberOfRobotsOnWhiteSite
20783,23,23
timeStep,numberOfRobotsOnBlackSite,numberOfRobotsOnWhiteSite
20784,23,23
timeStep,numberOfRobotsOnBlackSite,numberOfRobotsOnWhiteSite
20785,23,23
timeStep,numberOfRobotsOnBlackSite,numberOfRobotsOnWhiteSite
20786,23,23
timeStep,numberOfRobotsOnBlackSite,numberOfRobotsOnWhiteSite
20787,23,23
timeStep,numberOfRobotsOnBlackSite,numberOfRobotsOnWhiteSite
20788,23,23
timeStep,numberOfRobotsOnBlackSite,numberOfRobotsOnWhiteSite
20789,23,23
timeStep,numberOfRobotsOnBlackSite,numberOfRobotsOnWhiteSite
20790,23,23
timeStep,numberOfRobotsOnBlackSite,numberOfRobotsOnWhiteSite
20791,23,23
timeStep,numberOfRobotsOnBlackSite,numberOfRobotsOnWhiteSite
20792,23,23
timeStep,numberOfRobotsOnBlackSite,numberOfRobotsOnWhiteSite
20793,23,23
timeStep,numberOfRobotsOnBlackSite,numberOfRobotsOnWhiteSite
20794,23,23
timeStep,numberOfRobotsOnBlackSite,numberOfRobotsOnWhiteSite
20795,23,23
timeStep,numberOfRobotsOnBlackSite,numberOfRobotsOnWhiteSite
20796,23,23
timeStep,numberOfRobotsOnBlackSite,numberOfRobotsOnWhiteSite
20797,23,23
timeStep,numberOfRobotsOnBlackSite,numberOfRobotsOnWhiteSite
20798,23,23
timeStep,numberOfRobotsOnBlackSite,numberOfRobotsOnWhiteSite
20799,23,23
timeStep,numberOfRobotsOnBlackSite,numberOfRobotsOnWhiteSite
20800,23,23
timeStep,numberOfRobotsOnBlackSite,numberOfRobotsOnWhiteSite
20801,23,23
timeStep,numberOfRobotsOnBlackSite,numberOfRobotsOnWhiteSite
20802,23,23
timeStep,numberOfRobotsOnBlackSite,numberOfRobotsOnWhiteSite
20803,23,23
timeStep,numberOfRobotsOnBlackSite,numberOfRobotsOnWhiteSite
20804,23,23
timeStep,numberOfRobotsOnBlackSite,numberOfRobotsOnWhiteSite
20805,23,23
timeStep,numberOfRobotsOnBlackSite,numberOfRobotsOnWhiteSite
20806,23,23
timeStep,numberOfRobotsOnBlackSite,numberOfRobotsOnWhiteSite
20807,23,23
timeStep,numberOfRobotsOnBlackSite,numberOfRobotsOnWhiteSite
20808,23,23
timeStep,numberOfRobotsOnBlackSite,numberOfRobotsOnWhiteSite
20809,23,23
timeStep,numberOfRobotsOnBlackSite,numberOfRobotsOnWhiteSite
20810,23,23
timeStep,numberOfRobotsOnBlackSite,numberOfRobotsOnWhiteSite
20811,23,23
timeStep,numberOfRobotsOnBlackSite,numberOfRobotsOnWhiteSite
20812,23,23
timeStep,numberOfRobotsOnBlackSite,numberOfRobotsOnWhiteSite
20813,23,23
timeStep,numberOfRobotsOnBlackSite,numberOfRobotsOnWhiteSite
20814,23,23
timeStep,numberOfRobotsOnBlackSite,numberOfRobotsOnWhiteSite
20815,23,23
timeStep,numberOfRobotsOnBlackSite,numberOfRobotsOnWhiteSite
20816,23,23
timeStep,numberOfRobotsOnBlackSite,numberOfRobotsOnWhiteSite
20817,23,23
timeStep,numberOfRobotsOnBlackSite,numberOfRobotsOnWhiteSite
20818,23,23
timeStep,numberOfRobotsOnBlackSite,numberOfRobotsOnWhiteSite
20819,23,23
timeStep,numberOfRobotsOnBlackSite,numberOfRobotsOnWhiteSite
20820,23,23
timeStep,numberOfRobotsOnBlackSite,numberOfRobotsOnWhiteSite
20821,23,23
timeStep,numberOfRobotsOnBlackSite,numberOfRobotsOnWhiteSite
20822,23,23
timeStep,numberOfRobotsOnBlackSite,numberOfRobotsOnWhiteSite
20823,23,23
timeStep,numberOfRobotsOnBlackSite,numberOfRobotsOnWhiteSite
20824,23,23
timeStep,numberOfRobotsOnBlackSite,numberOfRobotsOnWhiteSite
20825,23,23
timeStep,numberOfRobotsOnBlackSite,numberOfRobotsOnWhiteSite
20826,23,23
timeStep,numberOfRobotsOnBlackSite,numberOfRobotsOnWhiteSite
20827,23,23
timeStep,numberOfRobotsOnBlackSite,numberOfRobotsOnWhiteSite
20828,23,23
timeStep,numberOfRobotsOnBlackSite,numberOfRobotsOnWhiteSite
20829,23,23
timeStep,numberOfRobotsOnBlackSite,numberOfRobotsOnWhiteSite
20830,23,23
timeStep,numberOfRobotsOnBlackSite,numberOfRobotsOnWhiteSite
20831,23,23
timeStep,numberOfRobotsOnBlackSite,numberOfRobotsOnWhiteSite
20832,23,23
timeStep,numberOfRobotsOnBlackSite,numberOfRobotsOnWhiteSite
20833,23,23
timeStep,numberOfRobotsOnBlackSite,numberOfRobotsOnWhiteSite
20834,23,23
timeStep,numberOfRobotsOnBlackSite,numberOfRobotsOnWhiteSite
20835,23,23
timeStep,numberOfRobotsOnBlackSite,numberOfRobotsOnWhiteSite
20836,23,23
timeStep,numberOfRobotsOnBlackSite,numberOfRobotsOnWhiteSite
20837,23,23
timeStep,numberOfRobotsOnBlackSite,numberOfRobotsOnWhiteSite
20838,23,23
timeStep,numberOfRobotsOnBlackSite,numberOfRobotsOnWhiteSite
20839,23,23
timeStep,numberOfRobotsOnBlackSite,numberOfRobotsOnWhiteSite
20840,23,23
timeStep,numberOfRobotsOnBlackSite,numberOfRobotsOnWhiteSite
20841,23,23
timeStep,numberOfRobotsOnBlackSite,numberOfRobotsOnWhiteSite
20842,23,23
timeStep,numberOfRobotsOnBlackSite,numberOfRobotsOnWhiteSite
20843,23,23
timeStep,numberOfRobotsOnBlackSite,numberOfRobotsOnWhiteSite
20844,23,23
timeStep,numberOfRobotsOnBlackSite,numberOfRobotsOnWhiteSite
20845,23,23
timeStep,numberOfRobotsOnBlackSite,numberOfRobotsOnWhiteSite
20846,23,23
timeStep,numberOfRobotsOnBlackSite,numberOfRobotsOnWhiteSite
20847,23,23
timeStep,numberOfRobotsOnBlackSite,numberOfRobotsOnWhiteSite
20848,23,23
timeStep,numberOfRobotsOnBlackSite,numberOfRobotsOnWhiteSite
20849,23,23
timeStep,numberOfRobotsOnBlackSite,numberOfRobotsOnWhiteSite
20850,23,23
timeStep,numberOfRobotsOnBlackSite,numberOfRobotsOnWhiteSite
20851,23,23
timeStep,numberOfRobotsOnBlackSite,numberOfRobotsOnWhiteSite
20852,23,23
timeStep,numberOfRobotsOnBlackSite,numberOfRobotsOnWhiteSite
20853,23,23
timeStep,numberOfRobotsOnBlackSite,numberOfRobotsOnWhiteSite
20854,23,23
timeStep,numberOfRobotsOnBlackSite,numberOfRobotsOnWhiteSite
20855,23,23
timeStep,numberOfRobotsOnBlackSite,numberOfRobotsOnWhiteSite
20856,23,23
timeStep,numberOfRobotsOnBlackSite,numberOfRobotsOnWhiteSite
20857,23,23
timeStep,numberOfRobotsOnBlackSite,numberOfRobotsOnWhiteSite
20858,23,23
timeStep,numberOfRobotsOnBlackSite,numberOfRobotsOnWhiteSite
20859,23,23
timeStep,numberOfRobotsOnBlackSite,numberOfRobotsOnWhiteSite
20860,23,23
timeStep,numberOfRobotsOnBlackSite,numberOfRobotsOnWhiteSite
20861,23,23
timeStep,numberOfRobotsOnBlackSite,numberOfRobotsOnWhiteSite
20862,23,23
timeStep,numberOfRobotsOnBlackSite,numberOfRobotsOnWhiteSite
20863,23,23
timeStep,numberOfRobotsOnBlackSite,numberOfRobotsOnWhiteSite
20864,23,23
timeStep,numberOfRobotsOnBlackSite,numberOfRobotsOnWhiteSite
20865,23,23
timeStep,numberOfRobotsOnBlackSite,numberOfRobotsOnWhiteSite
20866,23,23
timeStep,numberOfRobotsOnBlackSite,numberOfRobotsOnWhiteSite
20867,23,23
timeStep,numberOfRobotsOnBlackSite,numberOfRobotsOnWhiteSite
20868,23,23
timeStep,numberOfRobotsOnBlackSite,numberOfRobotsOnWhiteSite
20869,23,23
timeStep,numberOfRobotsOnBlackSite,numberOfRobotsOnWhiteSite
20870,23,23
timeStep,numberOfRobotsOnBlackSite,numberOfRobotsOnWhiteSite
20871,23,23
timeStep,numberOfRobotsOnBlackSite,numberOfRobotsOnWhiteSite
20872,23,23
timeStep,numberOfRobotsOnBlackSite,numberOfRobotsOnWhiteSite
20873,23,23
timeStep,numberOfRobotsOnBlackSite,numberOfRobotsOnWhiteSite
20874,23,23
timeStep,numberOfRobotsOnBlackSite,numberOfRobotsOnWhiteSite
20875,23,23
timeStep,numberOfRobotsOnBlackSite,numberOfRobotsOnWhiteSite
20876,23,23
timeStep,numberOfRobotsOnBlackSite,numberOfRobotsOnWhiteSite
20877,23,23
timeStep,numberOfRobotsOnBlackSite,numberOfRobotsOnWhiteSite
20878,23,23
timeStep,numberOfRobotsOnBlackSite,numberOfRobotsOnWhiteSite
20879,23,23
timeStep,numberOfRobotsOnBlackSite,numberOfRobotsOnWhiteSite
20880,23,23
timeStep,numberOfRobotsOnBlackSite,numberOfRobotsOnWhiteSite
20881,23,23
timeStep,numberOfRobotsOnBlackSite,numberOfRobotsOnWhiteSite
20882,23,23
timeStep,numberOfRobotsOnBlackSite,numberOfRobotsOnWhiteSite
20883,23,23
timeStep,numberOfRobotsOnBlackSite,numberOfRobotsOnWhiteSite
20884,23,23
timeStep,numberOfRobotsOnBlackSite,numberOfRobotsOnWhiteSite
20885,23,23
timeStep,numberOfRobotsOnBlackSite,numberOfRobotsOnWhiteSite
20886,23,23
timeStep,numberOfRobotsOnBlackSite,numberOfRobotsOnWhiteSite
20887,23,23
timeStep,numberOfRobotsOnBlackSite,numberOfRobotsOnWhiteSite
20888,23,23
timeStep,numberOfRobotsOnBlackSite,numberOfRobotsOnWhiteSite
20889,23,23
timeStep,numberOfRobotsOnBlackSite,numberOfRobotsOnWhiteSite
20890,23,23
timeStep,numberOfRobotsOnBlackSite,numberOfRobotsOnWhiteSite
20891,23,23
timeStep,numberOfRobotsOnBlackSite,numberOfRobotsOnWhiteSite
20892,23,23
timeStep,numberOfRobotsOnBlackSite,numberOfRobotsOnWhiteSite
20893,23,23
timeStep,numberOfRobotsOnBlackSite,numberOfRobotsOnWhiteSite
20894,23,23
timeStep,numberOfRobotsOnBlackSite,numberOfRobotsOnWhiteSite
20895,23,23
timeStep,numberOfRobotsOnBlackSite,numberOfRobotsOnWhiteSite
20896,23,23
timeStep,numberOfRobotsOnBlackSite,numberOfRobotsOnWhiteSite
20897,23,23
timeStep,numberOfRobotsOnBlackSite,numberOfRobotsOnWhiteSite
20898,23,23
timeStep,numberOfRobotsOnBlackSite,numberOfRobotsOnWhiteSite
20899,23,23
timeStep,numberOfRobotsOnBlackSite,numberOfRobotsOnWhiteSite
20900,23,23
timeStep,numberOfRobotsOnBlackSite,numberOfRobotsOnWhiteSite
20901,23,23
timeStep,numberOfRobotsOnBlackSite,numberOfRobotsOnWhiteSite
20902,23,23
timeStep,numberOfRobotsOnBlackSite,numberOfRobotsOnWhiteSite
20903,23,23
timeStep,numberOfRobotsOnBlackSite,numberOfRobotsOnWhiteSite
20904,23,23
timeStep,numberOfRobotsOnBlackSite,numberOfRobotsOnWhiteSite
20905,23,23
timeStep,numberOfRobotsOnBlackSite,numberOfRobotsOnWhiteSite
20906,23,23
timeStep,numberOfRobotsOnBlackSite,numberOfRobotsOnWhiteSite
20907,23,23
timeStep,numberOfRobotsOnBlackSite,numberOfRobotsOnWhiteSite
20908,23,23
timeStep,numberOfRobotsOnBlackSite,numberOfRobotsOnWhiteSite
20909,23,23
timeStep,numberOfRobotsOnBlackSite,numberOfRobotsOnWhiteSite
20910,23,23
timeStep,numberOfRobotsOnBlackSite,numberOfRobotsOnWhiteSite
20911,23,23
timeStep,numberOfRobotsOnBlackSite,numberOfRobotsOnWhiteSite
20912,23,23
timeStep,numberOfRobotsOnBlackSite,numberOfRobotsOnWhiteSite
20913,23,23
timeStep,numberOfRobotsOnBlackSite,numberOfRobotsOnWhiteSite
20914,23,23
timeStep,numberOfRobotsOnBlackSite,numberOfRobotsOnWhiteSite
20915,23,23
timeStep,numberOfRobotsOnBlackSite,numberOfRobotsOnWhiteSite
20916,23,23
timeStep,numberOfRobotsOnBlackSite,numberOfRobotsOnWhiteSite
20917,23,23
timeStep,numberOfRobotsOnBlackSite,numberOfRobotsOnWhiteSite
20918,23,23
timeStep,numberOfRobotsOnBlackSite,numberOfRobotsOnWhiteSite
20919,23,23
timeStep,numberOfRobotsOnBlackSite,numberOfRobotsOnWhiteSite
20920,23,23
timeStep,numberOfRobotsOnBlackSite,numberOfRobotsOnWhiteSite
20921,23,23
timeStep,numberOfRobotsOnBlackSite,numberOfRobotsOnWhiteSite
20922,23,23
timeStep,numberOfRobotsOnBlackSite,numberOfRobotsOnWhiteSite
20923,23,23
timeStep,numberOfRobotsOnBlackSite,numberOfRobotsOnWhiteSite
20924,23,23
timeStep,numberOfRobotsOnBlackSite,numberOfRobotsOnWhiteSite
20925,23,23
timeStep,numberOfRobotsOnBlackSite,numberOfRobotsOnWhiteSite
20926,23,23
timeStep,numberOfRobotsOnBlackSite,numberOfRobotsOnWhiteSite
20927,23,23
timeStep,numberOfRobotsOnBlackSite,numberOfRobotsOnWhiteSite
20928,23,23
timeStep,numberOfRobotsOnBlackSite,numberOfRobotsOnWhiteSite
20929,23,23
timeStep,numberOfRobotsOnBlackSite,numberOfRobotsOnWhiteSite
20930,23,23
timeStep,numberOfRobotsOnBlackSite,numberOfRobotsOnWhiteSite
20931,23,23
timeStep,numberOfRobotsOnBlackSite,numberOfRobotsOnWhiteSite
20932,23,23
timeStep,numberOfRobotsOnBlackSite,numberOfRobotsOnWhiteSite
20933,23,23
timeStep,numberOfRobotsOnBlackSite,numberOfRobotsOnWhiteSite
20934,23,23
timeStep,numberOfRobotsOnBlackSite,numberOfRobotsOnWhiteSite
20935,23,23
timeStep,numberOfRobotsOnBlackSite,numberOfRobotsOnWhiteSite
20936,23,23
timeStep,numberOfRobotsOnBlackSite,numberOfRobotsOnWhiteSite
20937,23,23
timeStep,numberOfRobotsOnBlackSite,numberOfRobotsOnWhiteSite
20938,23,23
timeStep,numberOfRobotsOnBlackSite,numberOfRobotsOnWhiteSite
20939,23,23
timeStep,numberOfRobotsOnBlackSite,numberOfRobotsOnWhiteSite
20940,23,23
timeStep,numberOfRobotsOnBlackSite,numberOfRobotsOnWhiteSite
20941,23,23
timeStep,numberOfRobotsOnBlackSite,numberOfRobotsOnWhiteSite
20942,23,23
timeStep,numberOfRobotsOnBlackSite,numberOfRobotsOnWhiteSite
20943,23,23
timeStep,numberOfRobotsOnBlackSite,numberOfRobotsOnWhiteSite
20944,23,23
timeStep,numberOfRobotsOnBlackSite,numberOfRobotsOnWhiteSite
20945,23,23
timeStep,numberOfRobotsOnBlackSite,numberOfRobotsOnWhiteSite
20946,23,23
timeStep,numberOfRobotsOnBlackSite,numberOfRobotsOnWhiteSite
20947,23,23
timeStep,numberOfRobotsOnBlackSite,numberOfRobotsOnWhiteSite
20948,23,23
timeStep,numberOfRobotsOnBlackSite,numberOfRobotsOnWhiteSite
20949,23,23
timeStep,numberOfRobotsOnBlackSite,numberOfRobotsOnWhiteSite
20950,23,23
timeStep,numberOfRobotsOnBlackSite,numberOfRobotsOnWhiteSite
20951,23,23
timeStep,numberOfRobotsOnBlackSite,numberOfRobotsOnWhiteSite
20952,23,23
timeStep,numberOfRobotsOnBlackSite,numberOfRobotsOnWhiteSite
20953,23,23
timeStep,numberOfRobotsOnBlackSite,numberOfRobotsOnWhiteSite
20954,23,23
timeStep,numberOfRobotsOnBlackSite,numberOfRobotsOnWhiteSite
20955,23,23
timeStep,numberOfRobotsOnBlackSite,numberOfRobotsOnWhiteSite
20956,23,23
timeStep,numberOfRobotsOnBlackSite,numberOfRobotsOnWhiteSite
20957,23,23
timeStep,numberOfRobotsOnBlackSite,numberOfRobotsOnWhiteSite
20958,23,23
timeStep,numberOfRobotsOnBlackSite,numberOfRobotsOnWhiteSite
20959,23,23
timeStep,numberOfRobotsOnBlackSite,numberOfRobotsOnWhiteSite
20960,23,23
timeStep,numberOfRobotsOnBlackSite,numberOfRobotsOnWhiteSite
20961,23,23
timeStep,numberOfRobotsOnBlackSite,numberOfRobotsOnWhiteSite
20962,23,23
timeStep,numberOfRobotsOnBlackSite,numberOfRobotsOnWhiteSite
20963,23,23
timeStep,numberOfRobotsOnBlackSite,numberOfRobotsOnWhiteSite
20964,23,23
timeStep,numberOfRobotsOnBlackSite,numberOfRobotsOnWhiteSite
20965,23,23
timeStep,numberOfRobotsOnBlackSite,numberOfRobotsOnWhiteSite
20966,23,23
timeStep,numberOfRobotsOnBlackSite,numberOfRobotsOnWhiteSite
20967,23,23
timeStep,numberOfRobotsOnBlackSite,numberOfRobotsOnWhiteSite
20968,23,23
timeStep,numberOfRobotsOnBlackSite,numberOfRobotsOnWhiteSite
20969,23,23
timeStep,numberOfRobotsOnBlackSite,numberOfRobotsOnWhiteSite
20970,23,23
timeStep,numberOfRobotsOnBlackSite,numberOfRobotsOnWhiteSite
20971,23,23
timeStep,numberOfRobotsOnBlackSite,numberOfRobotsOnWhiteSite
20972,23,23
timeStep,numberOfRobotsOnBlackSite,numberOfRobotsOnWhiteSite
20973,23,23
timeStep,numberOfRobotsOnBlackSite,numberOfRobotsOnWhiteSite
20974,23,23
timeStep,numberOfRobotsOnBlackSite,numberOfRobotsOnWhiteSite
20975,23,23
timeStep,numberOfRobotsOnBlackSite,numberOfRobotsOnWhiteSite
20976,23,23
timeStep,numberOfRobotsOnBlackSite,numberOfRobotsOnWhiteSite
20977,23,23
timeStep,numberOfRobotsOnBlackSite,numberOfRobotsOnWhiteSite
20978,23,23
timeStep,numberOfRobotsOnBlackSite,numberOfRobotsOnWhiteSite
20979,23,23
timeStep,numberOfRobotsOnBlackSite,numberOfRobotsOnWhiteSite
20980,23,23
timeStep,numberOfRobotsOnBlackSite,numberOfRobotsOnWhiteSite
20981,23,23
timeStep,numberOfRobotsOnBlackSite,numberOfRobotsOnWhiteSite
20982,23,23
timeStep,numberOfRobotsOnBlackSite,numberOfRobotsOnWhiteSite
20983,23,23
timeStep,numberOfRobotsOnBlackSite,numberOfRobotsOnWhiteSite
20984,23,23
timeStep,numberOfRobotsOnBlackSite,numberOfRobotsOnWhiteSite
20985,23,23
timeStep,numberOfRobotsOnBlackSite,numberOfRobotsOnWhiteSite
20986,23,23
timeStep,numberOfRobotsOnBlackSite,numberOfRobotsOnWhiteSite
20987,23,23
timeStep,numberOfRobotsOnBlackSite,numberOfRobotsOnWhiteSite
20988,23,23
timeStep,numberOfRobotsOnBlackSite,numberOfRobotsOnWhiteSite
20989,23,23
timeStep,numberOfRobotsOnBlackSite,numberOfRobotsOnWhiteSite
20990,23,23
timeStep,numberOfRobotsOnBlackSite,numberOfRobotsOnWhiteSite
20991,23,23
timeStep,numberOfRobotsOnBlackSite,numberOfRobotsOnWhiteSite
20992,23,23
timeStep,numberOfRobotsOnBlackSite,numberOfRobotsOnWhiteSite
20993,23,23
timeStep,numberOfRobotsOnBlackSite,numberOfRobotsOnWhiteSite
20994,23,23
timeStep,numberOfRobotsOnBlackSite,numberOfRobotsOnWhiteSite
20995,23,23
timeStep,numberOfRobotsOnBlackSite,numberOfRobotsOnWhiteSite
20996,23,23
timeStep,numberOfRobotsOnBlackSite,numberOfRobotsOnWhiteSite
20997,23,23
timeStep,numberOfRobotsOnBlackSite,numberOfRobotsOnWhiteSite
20998,23,23
timeStep,numberOfRobotsOnBlackSite,numberOfRobotsOnWhiteSite
20999,23,23
timeStep,numberOfRobotsOnBlackSite,numberOfRobotsOnWhiteSite
21000,23,23
timeStep,numberOfRobotsOnBlackSite,numberOfRobotsOnWhiteSite
21001,23,23
timeStep,numberOfRobotsOnBlackSite,numberOfRobotsOnWhiteSite
21002,23,23
timeStep,numberOfRobotsOnBlackSite,numberOfRobotsOnWhiteSite
21003,23,23
timeStep,numberOfRobotsOnBlackSite,numberOfRobotsOnWhiteSite
21004,23,23
timeStep,numberOfRobotsOnBlackSite,numberOfRobotsOnWhiteSite
21005,23,23
timeStep,numberOfRobotsOnBlackSite,numberOfRobotsOnWhiteSite
21006,23,23
timeStep,numberOfRobotsOnBlackSite,numberOfRobotsOnWhiteSite
21007,23,23
timeStep,numberOfRobotsOnBlackSite,numberOfRobotsOnWhiteSite
21008,23,23
timeStep,numberOfRobotsOnBlackSite,numberOfRobotsOnWhiteSite
21009,23,23
timeStep,numberOfRobotsOnBlackSite,numberOfRobotsOnWhiteSite
21010,23,23
timeStep,numberOfRobotsOnBlackSite,numberOfRobotsOnWhiteSite
21011,23,23
timeStep,numberOfRobotsOnBlackSite,numberOfRobotsOnWhiteSite
21012,23,23
timeStep,numberOfRobotsOnBlackSite,numberOfRobotsOnWhiteSite
21013,23,23
timeStep,numberOfRobotsOnBlackSite,numberOfRobotsOnWhiteSite
21014,23,23
timeStep,numberOfRobotsOnBlackSite,numberOfRobotsOnWhiteSite
21015,23,23
timeStep,numberOfRobotsOnBlackSite,numberOfRobotsOnWhiteSite
21016,23,23
timeStep,numberOfRobotsOnBlackSite,numberOfRobotsOnWhiteSite
21017,23,23
timeStep,numberOfRobotsOnBlackSite,numberOfRobotsOnWhiteSite
21018,23,23
timeStep,numberOfRobotsOnBlackSite,numberOfRobotsOnWhiteSite
21019,23,23
timeStep,numberOfRobotsOnBlackSite,numberOfRobotsOnWhiteSite
21020,23,23
timeStep,numberOfRobotsOnBlackSite,numberOfRobotsOnWhiteSite
21021,23,23
timeStep,numberOfRobotsOnBlackSite,numberOfRobotsOnWhiteSite
21022,23,23
timeStep,numberOfRobotsOnBlackSite,numberOfRobotsOnWhiteSite
21023,23,23
timeStep,numberOfRobotsOnBlackSite,numberOfRobotsOnWhiteSite
21024,23,23
timeStep,numberOfRobotsOnBlackSite,numberOfRobotsOnWhiteSite
21025,23,23
timeStep,numberOfRobotsOnBlackSite,numberOfRobotsOnWhiteSite
21026,23,23
timeStep,numberOfRobotsOnBlackSite,numberOfRobotsOnWhiteSite
21027,23,23
timeStep,numberOfRobotsOnBlackSite,numberOfRobotsOnWhiteSite
21028,23,23
timeStep,numberOfRobotsOnBlackSite,numberOfRobotsOnWhiteSite
21029,23,23
timeStep,numberOfRobotsOnBlackSite,numberOfRobotsOnWhiteSite
21030,23,23
timeStep,numberOfRobotsOnBlackSite,numberOfRobotsOnWhiteSite
21031,23,23
timeStep,numberOfRobotsOnBlackSite,numberOfRobotsOnWhiteSite
21032,23,23
timeStep,numberOfRobotsOnBlackSite,numberOfRobotsOnWhiteSite
21033,23,23
timeStep,numberOfRobotsOnBlackSite,numberOfRobotsOnWhiteSite
21034,23,23
timeStep,numberOfRobotsOnBlackSite,numberOfRobotsOnWhiteSite
21035,23,23
timeStep,numberOfRobotsOnBlackSite,numberOfRobotsOnWhiteSite
21036,23,23
timeStep,numberOfRobotsOnBlackSite,numberOfRobotsOnWhiteSite
21037,23,23
timeStep,numberOfRobotsOnBlackSite,numberOfRobotsOnWhiteSite
21038,23,23
timeStep,numberOfRobotsOnBlackSite,numberOfRobotsOnWhiteSite
21039,23,23
timeStep,numberOfRobotsOnBlackSite,numberOfRobotsOnWhiteSite
21040,23,23
timeStep,numberOfRobotsOnBlackSite,numberOfRobotsOnWhiteSite
21041,23,23
timeStep,numberOfRobotsOnBlackSite,numberOfRobotsOnWhiteSite
21042,23,23
timeStep,numberOfRobotsOnBlackSite,numberOfRobotsOnWhiteSite
21043,23,23
timeStep,numberOfRobotsOnBlackSite,numberOfRobotsOnWhiteSite
21044,23,23
timeStep,numberOfRobotsOnBlackSite,numberOfRobotsOnWhiteSite
21045,23,23
timeStep,numberOfRobotsOnBlackSite,numberOfRobotsOnWhiteSite
21046,23,23
timeStep,numberOfRobotsOnBlackSite,numberOfRobotsOnWhiteSite
21047,23,23
timeStep,numberOfRobotsOnBlackSite,numberOfRobotsOnWhiteSite
21048,23,23
timeStep,numberOfRobotsOnBlackSite,numberOfRobotsOnWhiteSite
21049,23,23
timeStep,numberOfRobotsOnBlackSite,numberOfRobotsOnWhiteSite
21050,23,23
timeStep,numberOfRobotsOnBlackSite,numberOfRobotsOnWhiteSite
21051,23,23
timeStep,numberOfRobotsOnBlackSite,numberOfRobotsOnWhiteSite
21052,23,23
timeStep,numberOfRobotsOnBlackSite,numberOfRobotsOnWhiteSite
21053,23,23
timeStep,numberOfRobotsOnBlackSite,numberOfRobotsOnWhiteSite
21054,23,23
timeStep,numberOfRobotsOnBlackSite,numberOfRobotsOnWhiteSite
21055,23,23
timeStep,numberOfRobotsOnBlackSite,numberOfRobotsOnWhiteSite
21056,23,23
timeStep,numberOfRobotsOnBlackSite,numberOfRobotsOnWhiteSite
21057,23,23
timeStep,numberOfRobotsOnBlackSite,numberOfRobotsOnWhiteSite
21058,23,23
timeStep,numberOfRobotsOnBlackSite,numberOfRobotsOnWhiteSite
21059,23,23
timeStep,numberOfRobotsOnBlackSite,numberOfRobotsOnWhiteSite
21060,23,23
timeStep,numberOfRobotsOnBlackSite,numberOfRobotsOnWhiteSite
21061,23,23
timeStep,numberOfRobotsOnBlackSite,numberOfRobotsOnWhiteSite
21062,23,23
timeStep,numberOfRobotsOnBlackSite,numberOfRobotsOnWhiteSite
21063,23,23
timeStep,numberOfRobotsOnBlackSite,numberOfRobotsOnWhiteSite
21064,23,23
timeStep,numberOfRobotsOnBlackSite,numberOfRobotsOnWhiteSite
21065,23,23
timeStep,numberOfRobotsOnBlackSite,numberOfRobotsOnWhiteSite
21066,23,23
timeStep,numberOfRobotsOnBlackSite,numberOfRobotsOnWhiteSite
21067,23,23
timeStep,numberOfRobotsOnBlackSite,numberOfRobotsOnWhiteSite
21068,23,23
timeStep,numberOfRobotsOnBlackSite,numberOfRobotsOnWhiteSite
21069,23,23
timeStep,numberOfRobotsOnBlackSite,numberOfRobotsOnWhiteSite
21070,23,23
timeStep,numberOfRobotsOnBlackSite,numberOfRobotsOnWhiteSite
21071,23,23
timeStep,numberOfRobotsOnBlackSite,numberOfRobotsOnWhiteSite
21072,23,23
timeStep,numberOfRobotsOnBlackSite,numberOfRobotsOnWhiteSite
21073,23,23
timeStep,numberOfRobotsOnBlackSite,numberOfRobotsOnWhiteSite
21074,23,23
timeStep,numberOfRobotsOnBlackSite,numberOfRobotsOnWhiteSite
21075,23,23
timeStep,numberOfRobotsOnBlackSite,numberOfRobotsOnWhiteSite
21076,23,23
timeStep,numberOfRobotsOnBlackSite,numberOfRobotsOnWhiteSite
21077,23,23
timeStep,numberOfRobotsOnBlackSite,numberOfRobotsOnWhiteSite
21078,23,23
timeStep,numberOfRobotsOnBlackSite,numberOfRobotsOnWhiteSite
21079,23,23
timeStep,numberOfRobotsOnBlackSite,numberOfRobotsOnWhiteSite
21080,23,23
timeStep,numberOfRobotsOnBlackSite,numberOfRobotsOnWhiteSite
21081,23,23
timeStep,numberOfRobotsOnBlackSite,numberOfRobotsOnWhiteSite
21082,23,23
timeStep,numberOfRobotsOnBlackSite,numberOfRobotsOnWhiteSite
21083,23,23
timeStep,numberOfRobotsOnBlackSite,numberOfRobotsOnWhiteSite
21084,23,23
timeStep,numberOfRobotsOnBlackSite,numberOfRobotsOnWhiteSite
21085,23,23
timeStep,numberOfRobotsOnBlackSite,numberOfRobotsOnWhiteSite
21086,23,23
timeStep,numberOfRobotsOnBlackSite,numberOfRobotsOnWhiteSite
21087,23,23
timeStep,numberOfRobotsOnBlackSite,numberOfRobotsOnWhiteSite
21088,23,23
timeStep,numberOfRobotsOnBlackSite,numberOfRobotsOnWhiteSite
21089,23,23
timeStep,numberOfRobotsOnBlackSite,numberOfRobotsOnWhiteSite
21090,23,23
timeStep,numberOfRobotsOnBlackSite,numberOfRobotsOnWhiteSite
21091,23,23
timeStep,numberOfRobotsOnBlackSite,numberOfRobotsOnWhiteSite
21092,23,23
timeStep,numberOfRobotsOnBlackSite,numberOfRobotsOnWhiteSite
21093,23,23
timeStep,numberOfRobotsOnBlackSite,numberOfRobotsOnWhiteSite
21094,23,23
timeStep,numberOfRobotsOnBlackSite,numberOfRobotsOnWhiteSite
21095,23,23
timeStep,numberOfRobotsOnBlackSite,numberOfRobotsOnWhiteSite
21096,23,23
timeStep,numberOfRobotsOnBlackSite,numberOfRobotsOnWhiteSite
21097,23,23
timeStep,numberOfRobotsOnBlackSite,numberOfRobotsOnWhiteSite
21098,23,23
timeStep,numberOfRobotsOnBlackSite,numberOfRobotsOnWhiteSite
21099,23,23
timeStep,numberOfRobotsOnBlackSite,numberOfRobotsOnWhiteSite
21100,23,23
timeStep,numberOfRobotsOnBlackSite,numberOfRobotsOnWhiteSite
21101,23,23
timeStep,numberOfRobotsOnBlackSite,numberOfRobotsOnWhiteSite
21102,23,23
timeStep,numberOfRobotsOnBlackSite,numberOfRobotsOnWhiteSite
21103,23,23
timeStep,numberOfRobotsOnBlackSite,numberOfRobotsOnWhiteSite
21104,23,23
timeStep,numberOfRobotsOnBlackSite,numberOfRobotsOnWhiteSite
21105,23,23
timeStep,numberOfRobotsOnBlackSite,numberOfRobotsOnWhiteSite
21106,23,23
timeStep,numberOfRobotsOnBlackSite,numberOfRobotsOnWhiteSite
21107,23,23
timeStep,numberOfRobotsOnBlackSite,numberOfRobotsOnWhiteSite
21108,23,23
timeStep,numberOfRobotsOnBlackSite,numberOfRobotsOnWhiteSite
21109,23,23
timeStep,numberOfRobotsOnBlackSite,numberOfRobotsOnWhiteSite
21110,23,23
timeStep,numberOfRobotsOnBlackSite,numberOfRobotsOnWhiteSite
21111,23,23
timeStep,numberOfRobotsOnBlackSite,numberOfRobotsOnWhiteSite
21112,23,23
timeStep,numberOfRobotsOnBlackSite,numberOfRobotsOnWhiteSite
21113,23,23
timeStep,numberOfRobotsOnBlackSite,numberOfRobotsOnWhiteSite
21114,23,23
timeStep,numberOfRobotsOnBlackSite,numberOfRobotsOnWhiteSite
21115,23,23
timeStep,numberOfRobotsOnBlackSite,numberOfRobotsOnWhiteSite
21116,23,23
timeStep,numberOfRobotsOnBlackSite,numberOfRobotsOnWhiteSite
21117,23,23
timeStep,numberOfRobotsOnBlackSite,numberOfRobotsOnWhiteSite
21118,23,23
timeStep,numberOfRobotsOnBlackSite,numberOfRobotsOnWhiteSite
21119,23,23
timeStep,numberOfRobotsOnBlackSite,numberOfRobotsOnWhiteSite
21120,23,23
timeStep,numberOfRobotsOnBlackSite,numberOfRobotsOnWhiteSite
21121,23,23
timeStep,numberOfRobotsOnBlackSite,numberOfRobotsOnWhiteSite
21122,23,23
timeStep,numberOfRobotsOnBlackSite,numberOfRobotsOnWhiteSite
21123,23,23
timeStep,numberOfRobotsOnBlackSite,numberOfRobotsOnWhiteSite
21124,23,23
timeStep,numberOfRobotsOnBlackSite,numberOfRobotsOnWhiteSite
21125,23,23
timeStep,numberOfRobotsOnBlackSite,numberOfRobotsOnWhiteSite
21126,23,23
timeStep,numberOfRobotsOnBlackSite,numberOfRobotsOnWhiteSite
21127,23,23
timeStep,numberOfRobotsOnBlackSite,numberOfRobotsOnWhiteSite
21128,23,23
timeStep,numberOfRobotsOnBlackSite,numberOfRobotsOnWhiteSite
21129,23,23
timeStep,numberOfRobotsOnBlackSite,numberOfRobotsOnWhiteSite
21130,23,23
timeStep,numberOfRobotsOnBlackSite,numberOfRobotsOnWhiteSite
21131,23,23
timeStep,numberOfRobotsOnBlackSite,numberOfRobotsOnWhiteSite
21132,23,23
timeStep,numberOfRobotsOnBlackSite,numberOfRobotsOnWhiteSite
21133,23,23
timeStep,numberOfRobotsOnBlackSite,numberOfRobotsOnWhiteSite
21134,23,23
timeStep,numberOfRobotsOnBlackSite,numberOfRobotsOnWhiteSite
21135,23,23
timeStep,numberOfRobotsOnBlackSite,numberOfRobotsOnWhiteSite
21136,23,23
timeStep,numberOfRobotsOnBlackSite,numberOfRobotsOnWhiteSite
21137,23,23
timeStep,numberOfRobotsOnBlackSite,numberOfRobotsOnWhiteSite
21138,23,23
timeStep,numberOfRobotsOnBlackSite,numberOfRobotsOnWhiteSite
21139,23,23
timeStep,numberOfRobotsOnBlackSite,numberOfRobotsOnWhiteSite
21140,23,23
timeStep,numberOfRobotsOnBlackSite,numberOfRobotsOnWhiteSite
21141,23,23
timeStep,numberOfRobotsOnBlackSite,numberOfRobotsOnWhiteSite
21142,23,23
timeStep,numberOfRobotsOnBlackSite,numberOfRobotsOnWhiteSite
21143,23,23
timeStep,numberOfRobotsOnBlackSite,numberOfRobotsOnWhiteSite
21144,23,23
timeStep,numberOfRobotsOnBlackSite,numberOfRobotsOnWhiteSite
21145,23,23
timeStep,numberOfRobotsOnBlackSite,numberOfRobotsOnWhiteSite
21146,23,23
timeStep,numberOfRobotsOnBlackSite,numberOfRobotsOnWhiteSite
21147,23,23
timeStep,numberOfRobotsOnBlackSite,numberOfRobotsOnWhiteSite
21148,23,23
timeStep,numberOfRobotsOnBlackSite,numberOfRobotsOnWhiteSite
21149,23,23
timeStep,numberOfRobotsOnBlackSite,numberOfRobotsOnWhiteSite
21150,23,23
timeStep,numberOfRobotsOnBlackSite,numberOfRobotsOnWhiteSite
21151,23,23
timeStep,numberOfRobotsOnBlackSite,numberOfRobotsOnWhiteSite
21152,23,23
timeStep,numberOfRobotsOnBlackSite,numberOfRobotsOnWhiteSite
21153,23,23
timeStep,numberOfRobotsOnBlackSite,numberOfRobotsOnWhiteSite
21154,23,23
timeStep,numberOfRobotsOnBlackSite,numberOfRobotsOnWhiteSite
21155,23,23
timeStep,numberOfRobotsOnBlackSite,numberOfRobotsOnWhiteSite
21156,23,23
timeStep,numberOfRobotsOnBlackSite,numberOfRobotsOnWhiteSite
21157,23,23
timeStep,numberOfRobotsOnBlackSite,numberOfRobotsOnWhiteSite
21158,23,23
timeStep,numberOfRobotsOnBlackSite,numberOfRobotsOnWhiteSite
21159,23,23
timeStep,numberOfRobotsOnBlackSite,numberOfRobotsOnWhiteSite
21160,23,23
timeStep,numberOfRobotsOnBlackSite,numberOfRobotsOnWhiteSite
21161,23,23
timeStep,numberOfRobotsOnBlackSite,numberOfRobotsOnWhiteSite
21162,23,23
timeStep,numberOfRobotsOnBlackSite,numberOfRobotsOnWhiteSite
21163,23,23
timeStep,numberOfRobotsOnBlackSite,numberOfRobotsOnWhiteSite
21164,23,23
timeStep,numberOfRobotsOnBlackSite,numberOfRobotsOnWhiteSite
21165,23,23
timeStep,numberOfRobotsOnBlackSite,numberOfRobotsOnWhiteSite
21166,23,23
timeStep,numberOfRobotsOnBlackSite,numberOfRobotsOnWhiteSite
21167,23,23
timeStep,numberOfRobotsOnBlackSite,numberOfRobotsOnWhiteSite
21168,23,23
timeStep,numberOfRobotsOnBlackSite,numberOfRobotsOnWhiteSite
21169,23,23
timeStep,numberOfRobotsOnBlackSite,numberOfRobotsOnWhiteSite
21170,23,23
timeStep,numberOfRobotsOnBlackSite,numberOfRobotsOnWhiteSite
21171,23,23
timeStep,numberOfRobotsOnBlackSite,numberOfRobotsOnWhiteSite
21172,23,23
timeStep,numberOfRobotsOnBlackSite,numberOfRobotsOnWhiteSite
21173,23,23
timeStep,numberOfRobotsOnBlackSite,numberOfRobotsOnWhiteSite
21174,23,23
timeStep,numberOfRobotsOnBlackSite,numberOfRobotsOnWhiteSite
21175,23,23
timeStep,numberOfRobotsOnBlackSite,numberOfRobotsOnWhiteSite
21176,23,23
timeStep,numberOfRobotsOnBlackSite,numberOfRobotsOnWhiteSite
21177,23,23
timeStep,numberOfRobotsOnBlackSite,numberOfRobotsOnWhiteSite
21178,23,23
timeStep,numberOfRobotsOnBlackSite,numberOfRobotsOnWhiteSite
21179,23,23
timeStep,numberOfRobotsOnBlackSite,numberOfRobotsOnWhiteSite
21180,23,23
timeStep,numberOfRobotsOnBlackSite,numberOfRobotsOnWhiteSite
21181,23,23
timeStep,numberOfRobotsOnBlackSite,numberOfRobotsOnWhiteSite
21182,23,23
timeStep,numberOfRobotsOnBlackSite,numberOfRobotsOnWhiteSite
21183,23,23
timeStep,numberOfRobotsOnBlackSite,numberOfRobotsOnWhiteSite
21184,23,23
timeStep,numberOfRobotsOnBlackSite,numberOfRobotsOnWhiteSite
21185,23,23
timeStep,numberOfRobotsOnBlackSite,numberOfRobotsOnWhiteSite
21186,23,23
timeStep,numberOfRobotsOnBlackSite,numberOfRobotsOnWhiteSite
21187,23,23
timeStep,numberOfRobotsOnBlackSite,numberOfRobotsOnWhiteSite
21188,23,23
timeStep,numberOfRobotsOnBlackSite,numberOfRobotsOnWhiteSite
21189,23,23
timeStep,numberOfRobotsOnBlackSite,numberOfRobotsOnWhiteSite
21190,23,23
timeStep,numberOfRobotsOnBlackSite,numberOfRobotsOnWhiteSite
21191,23,23
timeStep,numberOfRobotsOnBlackSite,numberOfRobotsOnWhiteSite
21192,23,23
timeStep,numberOfRobotsOnBlackSite,numberOfRobotsOnWhiteSite
21193,23,23
timeStep,numberOfRobotsOnBlackSite,numberOfRobotsOnWhiteSite
21194,23,23
timeStep,numberOfRobotsOnBlackSite,numberOfRobotsOnWhiteSite
21195,23,23
timeStep,numberOfRobotsOnBlackSite,numberOfRobotsOnWhiteSite
21196,23,23
timeStep,numberOfRobotsOnBlackSite,numberOfRobotsOnWhiteSite
21197,23,23
timeStep,numberOfRobotsOnBlackSite,numberOfRobotsOnWhiteSite
21198,23,23
timeStep,numberOfRobotsOnBlackSite,numberOfRobotsOnWhiteSite
21199,23,23
timeStep,numberOfRobotsOnBlackSite,numberOfRobotsOnWhiteSite
21200,23,23
timeStep,numberOfRobotsOnBlackSite,numberOfRobotsOnWhiteSite
21201,23,23
timeStep,numberOfRobotsOnBlackSite,numberOfRobotsOnWhiteSite
21202,23,23
timeStep,numberOfRobotsOnBlackSite,numberOfRobotsOnWhiteSite
21203,23,23
timeStep,numberOfRobotsOnBlackSite,numberOfRobotsOnWhiteSite
21204,23,23
timeStep,numberOfRobotsOnBlackSite,numberOfRobotsOnWhiteSite
21205,23,23
timeStep,numberOfRobotsOnBlackSite,numberOfRobotsOnWhiteSite
21206,23,23
timeStep,numberOfRobotsOnBlackSite,numberOfRobotsOnWhiteSite
21207,23,23
timeStep,numberOfRobotsOnBlackSite,numberOfRobotsOnWhiteSite
21208,23,23
timeStep,numberOfRobotsOnBlackSite,numberOfRobotsOnWhiteSite
21209,23,23
timeStep,numberOfRobotsOnBlackSite,numberOfRobotsOnWhiteSite
21210,23,23
timeStep,numberOfRobotsOnBlackSite,numberOfRobotsOnWhiteSite
21211,23,23
timeStep,numberOfRobotsOnBlackSite,numberOfRobotsOnWhiteSite
21212,23,23
timeStep,numberOfRobotsOnBlackSite,numberOfRobotsOnWhiteSite
21213,23,23
timeStep,numberOfRobotsOnBlackSite,numberOfRobotsOnWhiteSite
21214,23,23
timeStep,numberOfRobotsOnBlackSite,numberOfRobotsOnWhiteSite
21215,23,23
timeStep,numberOfRobotsOnBlackSite,numberOfRobotsOnWhiteSite
21216,23,23
timeStep,numberOfRobotsOnBlackSite,numberOfRobotsOnWhiteSite
21217,23,23
timeStep,numberOfRobotsOnBlackSite,numberOfRobotsOnWhiteSite
21218,23,23
timeStep,numberOfRobotsOnBlackSite,numberOfRobotsOnWhiteSite
21219,23,23
timeStep,numberOfRobotsOnBlackSite,numberOfRobotsOnWhiteSite
21220,23,23
timeStep,numberOfRobotsOnBlackSite,numberOfRobotsOnWhiteSite
21221,23,23
timeStep,numberOfRobotsOnBlackSite,numberOfRobotsOnWhiteSite
21222,23,23
timeStep,numberOfRobotsOnBlackSite,numberOfRobotsOnWhiteSite
21223,23,23
timeStep,numberOfRobotsOnBlackSite,numberOfRobotsOnWhiteSite
21224,23,23
timeStep,numberOfRobotsOnBlackSite,numberOfRobotsOnWhiteSite
21225,23,23
timeStep,numberOfRobotsOnBlackSite,numberOfRobotsOnWhiteSite
21226,23,23
timeStep,numberOfRobotsOnBlackSite,numberOfRobotsOnWhiteSite
21227,23,23
timeStep,numberOfRobotsOnBlackSite,numberOfRobotsOnWhiteSite
21228,23,23
timeStep,numberOfRobotsOnBlackSite,numberOfRobotsOnWhiteSite
21229,23,23
timeStep,numberOfRobotsOnBlackSite,numberOfRobotsOnWhiteSite
21230,23,23
timeStep,numberOfRobotsOnBlackSite,numberOfRobotsOnWhiteSite
21231,23,23
timeStep,numberOfRobotsOnBlackSite,numberOfRobotsOnWhiteSite
21232,23,23
timeStep,numberOfRobotsOnBlackSite,numberOfRobotsOnWhiteSite
21233,23,23
timeStep,numberOfRobotsOnBlackSite,numberOfRobotsOnWhiteSite
21234,23,23
timeStep,numberOfRobotsOnBlackSite,numberOfRobotsOnWhiteSite
21235,23,23
timeStep,numberOfRobotsOnBlackSite,numberOfRobotsOnWhiteSite
21236,23,23
timeStep,numberOfRobotsOnBlackSite,numberOfRobotsOnWhiteSite
21237,23,23
timeStep,numberOfRobotsOnBlackSite,numberOfRobotsOnWhiteSite
21238,23,23
timeStep,numberOfRobotsOnBlackSite,numberOfRobotsOnWhiteSite
21239,23,23
timeStep,numberOfRobotsOnBlackSite,numberOfRobotsOnWhiteSite
21240,23,23
timeStep,numberOfRobotsOnBlackSite,numberOfRobotsOnWhiteSite
21241,23,23
timeStep,numberOfRobotsOnBlackSite,numberOfRobotsOnWhiteSite
21242,23,23
timeStep,numberOfRobotsOnBlackSite,numberOfRobotsOnWhiteSite
21243,23,23
timeStep,numberOfRobotsOnBlackSite,numberOfRobotsOnWhiteSite
21244,23,23
timeStep,numberOfRobotsOnBlackSite,numberOfRobotsOnWhiteSite
21245,23,23
timeStep,numberOfRobotsOnBlackSite,numberOfRobotsOnWhiteSite
21246,23,23
timeStep,numberOfRobotsOnBlackSite,numberOfRobotsOnWhiteSite
21247,23,23
timeStep,numberOfRobotsOnBlackSite,numberOfRobotsOnWhiteSite
21248,23,23
timeStep,numberOfRobotsOnBlackSite,numberOfRobotsOnWhiteSite
21249,23,23
timeStep,numberOfRobotsOnBlackSite,numberOfRobotsOnWhiteSite
21250,23,23
timeStep,numberOfRobotsOnBlackSite,numberOfRobotsOnWhiteSite
21251,23,23
timeStep,numberOfRobotsOnBlackSite,numberOfRobotsOnWhiteSite
21252,23,23
timeStep,numberOfRobotsOnBlackSite,numberOfRobotsOnWhiteSite
21253,23,23
timeStep,numberOfRobotsOnBlackSite,numberOfRobotsOnWhiteSite
21254,23,23
timeStep,numberOfRobotsOnBlackSite,numberOfRobotsOnWhiteSite
21255,23,23
timeStep,numberOfRobotsOnBlackSite,numberOfRobotsOnWhiteSite
21256,23,23
timeStep,numberOfRobotsOnBlackSite,numberOfRobotsOnWhiteSite
21257,23,23
timeStep,numberOfRobotsOnBlackSite,numberOfRobotsOnWhiteSite
21258,23,23
timeStep,numberOfRobotsOnBlackSite,numberOfRobotsOnWhiteSite
21259,23,23
timeStep,numberOfRobotsOnBlackSite,numberOfRobotsOnWhiteSite
21260,23,23
timeStep,numberOfRobotsOnBlackSite,numberOfRobotsOnWhiteSite
21261,23,23
timeStep,numberOfRobotsOnBlackSite,numberOfRobotsOnWhiteSite
21262,23,23
timeStep,numberOfRobotsOnBlackSite,numberOfRobotsOnWhiteSite
21263,23,23
timeStep,numberOfRobotsOnBlackSite,numberOfRobotsOnWhiteSite
21264,23,23
timeStep,numberOfRobotsOnBlackSite,numberOfRobotsOnWhiteSite
21265,23,23
timeStep,numberOfRobotsOnBlackSite,numberOfRobotsOnWhiteSite
21266,23,23
timeStep,numberOfRobotsOnBlackSite,numberOfRobotsOnWhiteSite
21267,23,23
timeStep,numberOfRobotsOnBlackSite,numberOfRobotsOnWhiteSite
21268,23,23
timeStep,numberOfRobotsOnBlackSite,numberOfRobotsOnWhiteSite
21269,23,23
timeStep,numberOfRobotsOnBlackSite,numberOfRobotsOnWhiteSite
21270,23,23
timeStep,numberOfRobotsOnBlackSite,numberOfRobotsOnWhiteSite
21271,23,23
timeStep,numberOfRobotsOnBlackSite,numberOfRobotsOnWhiteSite
21272,23,23
timeStep,numberOfRobotsOnBlackSite,numberOfRobotsOnWhiteSite
21273,23,23
timeStep,numberOfRobotsOnBlackSite,numberOfRobotsOnWhiteSite
21274,23,23
timeStep,numberOfRobotsOnBlackSite,numberOfRobotsOnWhiteSite
21275,23,23
timeStep,numberOfRobotsOnBlackSite,numberOfRobotsOnWhiteSite
21276,23,23
timeStep,numberOfRobotsOnBlackSite,numberOfRobotsOnWhiteSite
21277,23,23
timeStep,numberOfRobotsOnBlackSite,numberOfRobotsOnWhiteSite
21278,23,23
timeStep,numberOfRobotsOnBlackSite,numberOfRobotsOnWhiteSite
21279,23,23
timeStep,numberOfRobotsOnBlackSite,numberOfRobotsOnWhiteSite
21280,23,23
timeStep,numberOfRobotsOnBlackSite,numberOfRobotsOnWhiteSite
21281,23,23
timeStep,numberOfRobotsOnBlackSite,numberOfRobotsOnWhiteSite
21282,23,23
timeStep,numberOfRobotsOnBlackSite,numberOfRobotsOnWhiteSite
21283,23,23
timeStep,numberOfRobotsOnBlackSite,numberOfRobotsOnWhiteSite
21284,23,23
timeStep,numberOfRobotsOnBlackSite,numberOfRobotsOnWhiteSite
21285,23,23
timeStep,numberOfRobotsOnBlackSite,numberOfRobotsOnWhiteSite
21286,23,23
timeStep,numberOfRobotsOnBlackSite,numberOfRobotsOnWhiteSite
21287,23,23
timeStep,numberOfRobotsOnBlackSite,numberOfRobotsOnWhiteSite
21288,23,23
timeStep,numberOfRobotsOnBlackSite,numberOfRobotsOnWhiteSite
21289,23,23
timeStep,numberOfRobotsOnBlackSite,numberOfRobotsOnWhiteSite
21290,22,23
timeStep,numberOfRobotsOnBlackSite,numberOfRobotsOnWhiteSite
21291,22,23
timeStep,numberOfRobotsOnBlackSite,numberOfRobotsOnWhiteSite
21292,22,23
timeStep,numberOfRobotsOnBlackSite,numberOfRobotsOnWhiteSite
21293,22,23
timeStep,numberOfRobotsOnBlackSite,numberOfRobotsOnWhiteSite
21294,22,23
timeStep,numberOfRobotsOnBlackSite,numberOfRobotsOnWhiteSite
21295,22,23
timeStep,numberOfRobotsOnBlackSite,numberOfRobotsOnWhiteSite
21296,22,23
timeStep,numberOfRobotsOnBlackSite,numberOfRobotsOnWhiteSite
21297,22,23
timeStep,numberOfRobotsOnBlackSite,numberOfRobotsOnWhiteSite
21298,22,23
timeStep,numberOfRobotsOnBlackSite,numberOfRobotsOnWhiteSite
21299,22,23
timeStep,numberOfRobotsOnBlackSite,numberOfRobotsOnWhiteSite
21300,22,23
timeStep,numberOfRobotsOnBlackSite,numberOfRobotsOnWhiteSite
21301,22,23
timeStep,numberOfRobotsOnBlackSite,numberOfRobotsOnWhiteSite
21302,22,23
timeStep,numberOfRobotsOnBlackSite,numberOfRobotsOnWhiteSite
21303,22,23
timeStep,numberOfRobotsOnBlackSite,numberOfRobotsOnWhiteSite
21304,22,23
timeStep,numberOfRobotsOnBlackSite,numberOfRobotsOnWhiteSite
21305,22,23
timeStep,numberOfRobotsOnBlackSite,numberOfRobotsOnWhiteSite
21306,22,23
timeStep,numberOfRobotsOnBlackSite,numberOfRobotsOnWhiteSite
21307,22,23
timeStep,numberOfRobotsOnBlackSite,numberOfRobotsOnWhiteSite
21308,22,23
timeStep,numberOfRobotsOnBlackSite,numberOfRobotsOnWhiteSite
21309,22,23
timeStep,numberOfRobotsOnBlackSite,numberOfRobotsOnWhiteSite
21310,22,23
timeStep,numberOfRobotsOnBlackSite,numberOfRobotsOnWhiteSite
21311,22,23
timeStep,numberOfRobotsOnBlackSite,numberOfRobotsOnWhiteSite
21312,22,23
timeStep,numberOfRobotsOnBlackSite,numberOfRobotsOnWhiteSite
21313,22,23
timeStep,numberOfRobotsOnBlackSite,numberOfRobotsOnWhiteSite
21314,22,23
timeStep,numberOfRobotsOnBlackSite,numberOfRobotsOnWhiteSite
21315,22,23
timeStep,numberOfRobotsOnBlackSite,numberOfRobotsOnWhiteSite
21316,22,23
timeStep,numberOfRobotsOnBlackSite,numberOfRobotsOnWhiteSite
21317,22,23
timeStep,numberOfRobotsOnBlackSite,numberOfRobotsOnWhiteSite
21318,22,23
timeStep,numberOfRobotsOnBlackSite,numberOfRobotsOnWhiteSite
21319,22,23
timeStep,numberOfRobotsOnBlackSite,numberOfRobotsOnWhiteSite
21320,22,23
timeStep,numberOfRobotsOnBlackSite,numberOfRobotsOnWhiteSite
21321,22,23
timeStep,numberOfRobotsOnBlackSite,numberOfRobotsOnWhiteSite
21322,22,23
timeStep,numberOfRobotsOnBlackSite,numberOfRobotsOnWhiteSite
21323,22,23
timeStep,numberOfRobotsOnBlackSite,numberOfRobotsOnWhiteSite
21324,22,23
timeStep,numberOfRobotsOnBlackSite,numberOfRobotsOnWhiteSite
21325,22,23
timeStep,numberOfRobotsOnBlackSite,numberOfRobotsOnWhiteSite
21326,22,23
timeStep,numberOfRobotsOnBlackSite,numberOfRobotsOnWhiteSite
21327,22,23
timeStep,numberOfRobotsOnBlackSite,numberOfRobotsOnWhiteSite
21328,22,23
timeStep,numberOfRobotsOnBlackSite,numberOfRobotsOnWhiteSite
21329,22,23
timeStep,numberOfRobotsOnBlackSite,numberOfRobotsOnWhiteSite
21330,22,23
timeStep,numberOfRobotsOnBlackSite,numberOfRobotsOnWhiteSite
21331,22,23
timeStep,numberOfRobotsOnBlackSite,numberOfRobotsOnWhiteSite
21332,22,23
timeStep,numberOfRobotsOnBlackSite,numberOfRobotsOnWhiteSite
21333,22,23
timeStep,numberOfRobotsOnBlackSite,numberOfRobotsOnWhiteSite
21334,22,23
timeStep,numberOfRobotsOnBlackSite,numberOfRobotsOnWhiteSite
21335,22,23
timeStep,numberOfRobotsOnBlackSite,numberOfRobotsOnWhiteSite
21336,22,23
timeStep,numberOfRobotsOnBlackSite,numberOfRobotsOnWhiteSite
21337,22,23
timeStep,numberOfRobotsOnBlackSite,numberOfRobotsOnWhiteSite
21338,22,23
timeStep,numberOfRobotsOnBlackSite,numberOfRobotsOnWhiteSite
21339,22,23
timeStep,numberOfRobotsOnBlackSite,numberOfRobotsOnWhiteSite
21340,22,23
timeStep,numberOfRobotsOnBlackSite,numberOfRobotsOnWhiteSite
21341,22,23
timeStep,numberOfRobotsOnBlackSite,numberOfRobotsOnWhiteSite
21342,22,23
timeStep,numberOfRobotsOnBlackSite,numberOfRobotsOnWhiteSite
21343,22,23
timeStep,numberOfRobotsOnBlackSite,numberOfRobotsOnWhiteSite
21344,22,23
timeStep,numberOfRobotsOnBlackSite,numberOfRobotsOnWhiteSite
21345,22,23
timeStep,numberOfRobotsOnBlackSite,numberOfRobotsOnWhiteSite
21346,22,23
timeStep,numberOfRobotsOnBlackSite,numberOfRobotsOnWhiteSite
21347,22,23
timeStep,numberOfRobotsOnBlackSite,numberOfRobotsOnWhiteSite
21348,22,23
timeStep,numberOfRobotsOnBlackSite,numberOfRobotsOnWhiteSite
21349,22,23
timeStep,numberOfRobotsOnBlackSite,numberOfRobotsOnWhiteSite
21350,22,23
timeStep,numberOfRobotsOnBlackSite,numberOfRobotsOnWhiteSite
21351,22,23
timeStep,numberOfRobotsOnBlackSite,numberOfRobotsOnWhiteSite
21352,22,23
timeStep,numberOfRobotsOnBlackSite,numberOfRobotsOnWhiteSite
21353,22,23
timeStep,numberOfRobotsOnBlackSite,numberOfRobotsOnWhiteSite
21354,22,23
timeStep,numberOfRobotsOnBlackSite,numberOfRobotsOnWhiteSite
21355,22,23
timeStep,numberOfRobotsOnBlackSite,numberOfRobotsOnWhiteSite
21356,22,23
timeStep,numberOfRobotsOnBlackSite,numberOfRobotsOnWhiteSite
21357,22,23
timeStep,numberOfRobotsOnBlackSite,numberOfRobotsOnWhiteSite
21358,22,23
timeStep,numberOfRobotsOnBlackSite,numberOfRobotsOnWhiteSite
21359,22,23
timeStep,numberOfRobotsOnBlackSite,numberOfRobotsOnWhiteSite
21360,22,23
timeStep,numberOfRobotsOnBlackSite,numberOfRobotsOnWhiteSite
21361,22,23
timeStep,numberOfRobotsOnBlackSite,numberOfRobotsOnWhiteSite
21362,22,23
timeStep,numberOfRobotsOnBlackSite,numberOfRobotsOnWhiteSite
21363,22,23
timeStep,numberOfRobotsOnBlackSite,numberOfRobotsOnWhiteSite
21364,22,23
timeStep,numberOfRobotsOnBlackSite,numberOfRobotsOnWhiteSite
21365,22,23
timeStep,numberOfRobotsOnBlackSite,numberOfRobotsOnWhiteSite
21366,22,23
timeStep,numberOfRobotsOnBlackSite,numberOfRobotsOnWhiteSite
21367,22,23
timeStep,numberOfRobotsOnBlackSite,numberOfRobotsOnWhiteSite
21368,22,23
timeStep,numberOfRobotsOnBlackSite,numberOfRobotsOnWhiteSite
21369,22,23
timeStep,numberOfRobotsOnBlackSite,numberOfRobotsOnWhiteSite
21370,22,23
timeStep,numberOfRobotsOnBlackSite,numberOfRobotsOnWhiteSite
21371,22,23
timeStep,numberOfRobotsOnBlackSite,numberOfRobotsOnWhiteSite
21372,22,23
timeStep,numberOfRobotsOnBlackSite,numberOfRobotsOnWhiteSite
21373,22,23
timeStep,numberOfRobotsOnBlackSite,numberOfRobotsOnWhiteSite
21374,22,23
timeStep,numberOfRobotsOnBlackSite,numberOfRobotsOnWhiteSite
21375,22,23
timeStep,numberOfRobotsOnBlackSite,numberOfRobotsOnWhiteSite
21376,22,23
timeStep,numberOfRobotsOnBlackSite,numberOfRobotsOnWhiteSite
21377,22,23
timeStep,numberOfRobotsOnBlackSite,numberOfRobotsOnWhiteSite
21378,22,23
timeStep,numberOfRobotsOnBlackSite,numberOfRobotsOnWhiteSite
21379,22,23
timeStep,numberOfRobotsOnBlackSite,numberOfRobotsOnWhiteSite
21380,22,23
timeStep,numberOfRobotsOnBlackSite,numberOfRobotsOnWhiteSite
21381,22,23
timeStep,numberOfRobotsOnBlackSite,numberOfRobotsOnWhiteSite
21382,22,23
timeStep,numberOfRobotsOnBlackSite,numberOfRobotsOnWhiteSite
21383,22,23
timeStep,numberOfRobotsOnBlackSite,numberOfRobotsOnWhiteSite
21384,22,23
timeStep,numberOfRobotsOnBlackSite,numberOfRobotsOnWhiteSite
21385,22,23
timeStep,numberOfRobotsOnBlackSite,numberOfRobotsOnWhiteSite
21386,22,23
timeStep,numberOfRobotsOnBlackSite,numberOfRobotsOnWhiteSite
21387,22,23
timeStep,numberOfRobotsOnBlackSite,numberOfRobotsOnWhiteSite
21388,22,23
timeStep,numberOfRobotsOnBlackSite,numberOfRobotsOnWhiteSite
21389,22,23
timeStep,numberOfRobotsOnBlackSite,numberOfRobotsOnWhiteSite
21390,22,23
timeStep,numberOfRobotsOnBlackSite,numberOfRobotsOnWhiteSite
21391,22,23
timeStep,numberOfRobotsOnBlackSite,numberOfRobotsOnWhiteSite
21392,22,23
timeStep,numberOfRobotsOnBlackSite,numberOfRobotsOnWhiteSite
21393,22,23
timeStep,numberOfRobotsOnBlackSite,numberOfRobotsOnWhiteSite
21394,22,23
timeStep,numberOfRobotsOnBlackSite,numberOfRobotsOnWhiteSite
21395,22,23
timeStep,numberOfRobotsOnBlackSite,numberOfRobotsOnWhiteSite
21396,22,23
timeStep,numberOfRobotsOnBlackSite,numberOfRobotsOnWhiteSite
21397,22,23
timeStep,numberOfRobotsOnBlackSite,numberOfRobotsOnWhiteSite
21398,22,23
timeStep,numberOfRobotsOnBlackSite,numberOfRobotsOnWhiteSite
21399,22,23
timeStep,numberOfRobotsOnBlackSite,numberOfRobotsOnWhiteSite
21400,22,23
timeStep,numberOfRobotsOnBlackSite,numberOfRobotsOnWhiteSite
21401,22,23
timeStep,numberOfRobotsOnBlackSite,numberOfRobotsOnWhiteSite
21402,22,23
timeStep,numberOfRobotsOnBlackSite,numberOfRobotsOnWhiteSite
21403,22,23
timeStep,numberOfRobotsOnBlackSite,numberOfRobotsOnWhiteSite
21404,22,23
timeStep,numberOfRobotsOnBlackSite,numberOfRobotsOnWhiteSite
21405,22,23
timeStep,numberOfRobotsOnBlackSite,numberOfRobotsOnWhiteSite
21406,22,23
timeStep,numberOfRobotsOnBlackSite,numberOfRobotsOnWhiteSite
21407,22,23
timeStep,numberOfRobotsOnBlackSite,numberOfRobotsOnWhiteSite
21408,22,23
timeStep,numberOfRobotsOnBlackSite,numberOfRobotsOnWhiteSite
21409,22,23
timeStep,numberOfRobotsOnBlackSite,numberOfRobotsOnWhiteSite
21410,22,23
timeStep,numberOfRobotsOnBlackSite,numberOfRobotsOnWhiteSite
21411,22,23
timeStep,numberOfRobotsOnBlackSite,numberOfRobotsOnWhiteSite
21412,22,23
timeStep,numberOfRobotsOnBlackSite,numberOfRobotsOnWhiteSite
21413,22,23
timeStep,numberOfRobotsOnBlackSite,numberOfRobotsOnWhiteSite
21414,22,23
timeStep,numberOfRobotsOnBlackSite,numberOfRobotsOnWhiteSite
21415,22,23
timeStep,numberOfRobotsOnBlackSite,numberOfRobotsOnWhiteSite
21416,22,23
timeStep,numberOfRobotsOnBlackSite,numberOfRobotsOnWhiteSite
21417,22,23
timeStep,numberOfRobotsOnBlackSite,numberOfRobotsOnWhiteSite
21418,22,23
timeStep,numberOfRobotsOnBlackSite,numberOfRobotsOnWhiteSite
21419,22,23
timeStep,numberOfRobotsOnBlackSite,numberOfRobotsOnWhiteSite
21420,22,23
timeStep,numberOfRobotsOnBlackSite,numberOfRobotsOnWhiteSite
21421,22,23
timeStep,numberOfRobotsOnBlackSite,numberOfRobotsOnWhiteSite
21422,22,23
timeStep,numberOfRobotsOnBlackSite,numberOfRobotsOnWhiteSite
21423,22,23
timeStep,numberOfRobotsOnBlackSite,numberOfRobotsOnWhiteSite
21424,22,23
timeStep,numberOfRobotsOnBlackSite,numberOfRobotsOnWhiteSite
21425,22,23
timeStep,numberOfRobotsOnBlackSite,numberOfRobotsOnWhiteSite
21426,22,23
timeStep,numberOfRobotsOnBlackSite,numberOfRobotsOnWhiteSite
21427,22,23
timeStep,numberOfRobotsOnBlackSite,numberOfRobotsOnWhiteSite
21428,22,23
timeStep,numberOfRobotsOnBlackSite,numberOfRobotsOnWhiteSite
21429,22,23
timeStep,numberOfRobotsOnBlackSite,numberOfRobotsOnWhiteSite
21430,22,23
timeStep,numberOfRobotsOnBlackSite,numberOfRobotsOnWhiteSite
21431,22,23
timeStep,numberOfRobotsOnBlackSite,numberOfRobotsOnWhiteSite
21432,22,23
timeStep,numberOfRobotsOnBlackSite,numberOfRobotsOnWhiteSite
21433,22,23
timeStep,numberOfRobotsOnBlackSite,numberOfRobotsOnWhiteSite
21434,22,23
timeStep,numberOfRobotsOnBlackSite,numberOfRobotsOnWhiteSite
21435,22,23
timeStep,numberOfRobotsOnBlackSite,numberOfRobotsOnWhiteSite
21436,22,23
timeStep,numberOfRobotsOnBlackSite,numberOfRobotsOnWhiteSite
21437,22,23
timeStep,numberOfRobotsOnBlackSite,numberOfRobotsOnWhiteSite
21438,22,23
timeStep,numberOfRobotsOnBlackSite,numberOfRobotsOnWhiteSite
21439,22,23
timeStep,numberOfRobotsOnBlackSite,numberOfRobotsOnWhiteSite
21440,22,23
timeStep,numberOfRobotsOnBlackSite,numberOfRobotsOnWhiteSite
21441,22,23
timeStep,numberOfRobotsOnBlackSite,numberOfRobotsOnWhiteSite
21442,22,23
timeStep,numberOfRobotsOnBlackSite,numberOfRobotsOnWhiteSite
21443,22,23
timeStep,numberOfRobotsOnBlackSite,numberOfRobotsOnWhiteSite
21444,22,23
timeStep,numberOfRobotsOnBlackSite,numberOfRobotsOnWhiteSite
21445,22,23
timeStep,numberOfRobotsOnBlackSite,numberOfRobotsOnWhiteSite
21446,22,23
timeStep,numberOfRobotsOnBlackSite,numberOfRobotsOnWhiteSite
21447,22,23
timeStep,numberOfRobotsOnBlackSite,numberOfRobotsOnWhiteSite
21448,22,23
timeStep,numberOfRobotsOnBlackSite,numberOfRobotsOnWhiteSite
21449,22,23
timeStep,numberOfRobotsOnBlackSite,numberOfRobotsOnWhiteSite
21450,22,23
timeStep,numberOfRobotsOnBlackSite,numberOfRobotsOnWhiteSite
21451,22,23
timeStep,numberOfRobotsOnBlackSite,numberOfRobotsOnWhiteSite
21452,22,23
timeStep,numberOfRobotsOnBlackSite,numberOfRobotsOnWhiteSite
21453,22,23
timeStep,numberOfRobotsOnBlackSite,numberOfRobotsOnWhiteSite
21454,22,23
timeStep,numberOfRobotsOnBlackSite,numberOfRobotsOnWhiteSite
21455,22,23
timeStep,numberOfRobotsOnBlackSite,numberOfRobotsOnWhiteSite
21456,22,23
timeStep,numberOfRobotsOnBlackSite,numberOfRobotsOnWhiteSite
21457,22,23
timeStep,numberOfRobotsOnBlackSite,numberOfRobotsOnWhiteSite
21458,22,23
timeStep,numberOfRobotsOnBlackSite,numberOfRobotsOnWhiteSite
21459,22,23
timeStep,numberOfRobotsOnBlackSite,numberOfRobotsOnWhiteSite
21460,22,23
timeStep,numberOfRobotsOnBlackSite,numberOfRobotsOnWhiteSite
21461,22,23
timeStep,numberOfRobotsOnBlackSite,numberOfRobotsOnWhiteSite
21462,22,23
timeStep,numberOfRobotsOnBlackSite,numberOfRobotsOnWhiteSite
21463,22,23
timeStep,numberOfRobotsOnBlackSite,numberOfRobotsOnWhiteSite
21464,22,23
timeStep,numberOfRobotsOnBlackSite,numberOfRobotsOnWhiteSite
21465,22,23
timeStep,numberOfRobotsOnBlackSite,numberOfRobotsOnWhiteSite
21466,22,23
timeStep,numberOfRobotsOnBlackSite,numberOfRobotsOnWhiteSite
21467,22,23
timeStep,numberOfRobotsOnBlackSite,numberOfRobotsOnWhiteSite
21468,22,23
timeStep,numberOfRobotsOnBlackSite,numberOfRobotsOnWhiteSite
21469,22,23
timeStep,numberOfRobotsOnBlackSite,numberOfRobotsOnWhiteSite
21470,22,23
timeStep,numberOfRobotsOnBlackSite,numberOfRobotsOnWhiteSite
21471,22,23
timeStep,numberOfRobotsOnBlackSite,numberOfRobotsOnWhiteSite
21472,22,23
timeStep,numberOfRobotsOnBlackSite,numberOfRobotsOnWhiteSite
21473,22,23
timeStep,numberOfRobotsOnBlackSite,numberOfRobotsOnWhiteSite
21474,22,23
timeStep,numberOfRobotsOnBlackSite,numberOfRobotsOnWhiteSite
21475,22,23
timeStep,numberOfRobotsOnBlackSite,numberOfRobotsOnWhiteSite
21476,22,23
timeStep,numberOfRobotsOnBlackSite,numberOfRobotsOnWhiteSite
21477,22,23
timeStep,numberOfRobotsOnBlackSite,numberOfRobotsOnWhiteSite
21478,22,23
timeStep,numberOfRobotsOnBlackSite,numberOfRobotsOnWhiteSite
21479,22,23
timeStep,numberOfRobotsOnBlackSite,numberOfRobotsOnWhiteSite
21480,22,23
timeStep,numberOfRobotsOnBlackSite,numberOfRobotsOnWhiteSite
21481,22,23
timeStep,numberOfRobotsOnBlackSite,numberOfRobotsOnWhiteSite
21482,22,23
timeStep,numberOfRobotsOnBlackSite,numberOfRobotsOnWhiteSite
21483,22,23
timeStep,numberOfRobotsOnBlackSite,numberOfRobotsOnWhiteSite
21484,22,23
timeStep,numberOfRobotsOnBlackSite,numberOfRobotsOnWhiteSite
21485,22,23
timeStep,numberOfRobotsOnBlackSite,numberOfRobotsOnWhiteSite
21486,22,23
timeStep,numberOfRobotsOnBlackSite,numberOfRobotsOnWhiteSite
21487,22,23
timeStep,numberOfRobotsOnBlackSite,numberOfRobotsOnWhiteSite
21488,22,23
timeStep,numberOfRobotsOnBlackSite,numberOfRobotsOnWhiteSite
21489,22,23
timeStep,numberOfRobotsOnBlackSite,numberOfRobotsOnWhiteSite
21490,22,23
timeStep,numberOfRobotsOnBlackSite,numberOfRobotsOnWhiteSite
21491,22,23
timeStep,numberOfRobotsOnBlackSite,numberOfRobotsOnWhiteSite
21492,22,23
timeStep,numberOfRobotsOnBlackSite,numberOfRobotsOnWhiteSite
21493,22,23
timeStep,numberOfRobotsOnBlackSite,numberOfRobotsOnWhiteSite
21494,22,23
timeStep,numberOfRobotsOnBlackSite,numberOfRobotsOnWhiteSite
21495,22,23
timeStep,numberOfRobotsOnBlackSite,numberOfRobotsOnWhiteSite
21496,22,23
timeStep,numberOfRobotsOnBlackSite,numberOfRobotsOnWhiteSite
21497,22,23
timeStep,numberOfRobotsOnBlackSite,numberOfRobotsOnWhiteSite
21498,22,23
timeStep,numberOfRobotsOnBlackSite,numberOfRobotsOnWhiteSite
21499,22,23
timeStep,numberOfRobotsOnBlackSite,numberOfRobotsOnWhiteSite
21500,22,23
timeStep,numberOfRobotsOnBlackSite,numberOfRobotsOnWhiteSite
21501,22,23
timeStep,numberOfRobotsOnBlackSite,numberOfRobotsOnWhiteSite
21502,22,23
timeStep,numberOfRobotsOnBlackSite,numberOfRobotsOnWhiteSite
21503,22,23
timeStep,numberOfRobotsOnBlackSite,numberOfRobotsOnWhiteSite
21504,22,23
timeStep,numberOfRobotsOnBlackSite,numberOfRobotsOnWhiteSite
21505,22,23
timeStep,numberOfRobotsOnBlackSite,numberOfRobotsOnWhiteSite
21506,22,23
timeStep,numberOfRobotsOnBlackSite,numberOfRobotsOnWhiteSite
21507,22,23
timeStep,numberOfRobotsOnBlackSite,numberOfRobotsOnWhiteSite
21508,22,23
timeStep,numberOfRobotsOnBlackSite,numberOfRobotsOnWhiteSite
21509,22,23
timeStep,numberOfRobotsOnBlackSite,numberOfRobotsOnWhiteSite
21510,22,23
timeStep,numberOfRobotsOnBlackSite,numberOfRobotsOnWhiteSite
21511,22,23
timeStep,numberOfRobotsOnBlackSite,numberOfRobotsOnWhiteSite
21512,22,23
timeStep,numberOfRobotsOnBlackSite,numberOfRobotsOnWhiteSite
21513,22,23
timeStep,numberOfRobotsOnBlackSite,numberOfRobotsOnWhiteSite
21514,22,23
timeStep,numberOfRobotsOnBlackSite,numberOfRobotsOnWhiteSite
21515,22,23
timeStep,numberOfRobotsOnBlackSite,numberOfRobotsOnWhiteSite
21516,22,23
timeStep,numberOfRobotsOnBlackSite,numberOfRobotsOnWhiteSite
21517,22,23
timeStep,numberOfRobotsOnBlackSite,numberOfRobotsOnWhiteSite
21518,22,23
timeStep,numberOfRobotsOnBlackSite,numberOfRobotsOnWhiteSite
21519,22,23
timeStep,numberOfRobotsOnBlackSite,numberOfRobotsOnWhiteSite
21520,22,23
timeStep,numberOfRobotsOnBlackSite,numberOfRobotsOnWhiteSite
21521,22,23
timeStep,numberOfRobotsOnBlackSite,numberOfRobotsOnWhiteSite
21522,22,23
timeStep,numberOfRobotsOnBlackSite,numberOfRobotsOnWhiteSite
21523,22,23
timeStep,numberOfRobotsOnBlackSite,numberOfRobotsOnWhiteSite
21524,22,23
timeStep,numberOfRobotsOnBlackSite,numberOfRobotsOnWhiteSite
21525,22,23
timeStep,numberOfRobotsOnBlackSite,numberOfRobotsOnWhiteSite
21526,22,23
timeStep,numberOfRobotsOnBlackSite,numberOfRobotsOnWhiteSite
21527,22,23
timeStep,numberOfRobotsOnBlackSite,numberOfRobotsOnWhiteSite
21528,22,23
timeStep,numberOfRobotsOnBlackSite,numberOfRobotsOnWhiteSite
21529,22,23
timeStep,numberOfRobotsOnBlackSite,numberOfRobotsOnWhiteSite
21530,22,23
timeStep,numberOfRobotsOnBlackSite,numberOfRobotsOnWhiteSite
21531,22,23
timeStep,numberOfRobotsOnBlackSite,numberOfRobotsOnWhiteSite
21532,22,23
timeStep,numberOfRobotsOnBlackSite,numberOfRobotsOnWhiteSite
21533,22,23
timeStep,numberOfRobotsOnBlackSite,numberOfRobotsOnWhiteSite
21534,22,23
timeStep,numberOfRobotsOnBlackSite,numberOfRobotsOnWhiteSite
21535,22,23
timeStep,numberOfRobotsOnBlackSite,numberOfRobotsOnWhiteSite
21536,22,23
timeStep,numberOfRobotsOnBlackSite,numberOfRobotsOnWhiteSite
21537,22,23
timeStep,numberOfRobotsOnBlackSite,numberOfRobotsOnWhiteSite
21538,22,23
timeStep,numberOfRobotsOnBlackSite,numberOfRobotsOnWhiteSite
21539,22,23
timeStep,numberOfRobotsOnBlackSite,numberOfRobotsOnWhiteSite
21540,22,23
timeStep,numberOfRobotsOnBlackSite,numberOfRobotsOnWhiteSite
21541,22,23
timeStep,numberOfRobotsOnBlackSite,numberOfRobotsOnWhiteSite
21542,22,23
timeStep,numberOfRobotsOnBlackSite,numberOfRobotsOnWhiteSite
21543,22,23
timeStep,numberOfRobotsOnBlackSite,numberOfRobotsOnWhiteSite
21544,22,23
timeStep,numberOfRobotsOnBlackSite,numberOfRobotsOnWhiteSite
21545,22,23
timeStep,numberOfRobotsOnBlackSite,numberOfRobotsOnWhiteSite
21546,22,23
timeStep,numberOfRobotsOnBlackSite,numberOfRobotsOnWhiteSite
21547,22,23
timeStep,numberOfRobotsOnBlackSite,numberOfRobotsOnWhiteSite
21548,22,23
timeStep,numberOfRobotsOnBlackSite,numberOfRobotsOnWhiteSite
21549,22,23
timeStep,numberOfRobotsOnBlackSite,numberOfRobotsOnWhiteSite
21550,22,23
timeStep,numberOfRobotsOnBlackSite,numberOfRobotsOnWhiteSite
21551,22,23
timeStep,numberOfRobotsOnBlackSite,numberOfRobotsOnWhiteSite
21552,22,23
timeStep,numberOfRobotsOnBlackSite,numberOfRobotsOnWhiteSite
21553,22,23
timeStep,numberOfRobotsOnBlackSite,numberOfRobotsOnWhiteSite
21554,22,23
timeStep,numberOfRobotsOnBlackSite,numberOfRobotsOnWhiteSite
21555,22,23
timeStep,numberOfRobotsOnBlackSite,numberOfRobotsOnWhiteSite
21556,22,23
timeStep,numberOfRobotsOnBlackSite,numberOfRobotsOnWhiteSite
21557,22,23
timeStep,numberOfRobotsOnBlackSite,numberOfRobotsOnWhiteSite
21558,22,23
timeStep,numberOfRobotsOnBlackSite,numberOfRobotsOnWhiteSite
21559,22,23
timeStep,numberOfRobotsOnBlackSite,numberOfRobotsOnWhiteSite
21560,22,23
timeStep,numberOfRobotsOnBlackSite,numberOfRobotsOnWhiteSite
21561,22,23
timeStep,numberOfRobotsOnBlackSite,numberOfRobotsOnWhiteSite
21562,22,23
timeStep,numberOfRobotsOnBlackSite,numberOfRobotsOnWhiteSite
21563,22,23
timeStep,numberOfRobotsOnBlackSite,numberOfRobotsOnWhiteSite
21564,22,23
timeStep,numberOfRobotsOnBlackSite,numberOfRobotsOnWhiteSite
21565,22,23
timeStep,numberOfRobotsOnBlackSite,numberOfRobotsOnWhiteSite
21566,22,23
timeStep,numberOfRobotsOnBlackSite,numberOfRobotsOnWhiteSite
21567,22,23
timeStep,numberOfRobotsOnBlackSite,numberOfRobotsOnWhiteSite
21568,22,23
timeStep,numberOfRobotsOnBlackSite,numberOfRobotsOnWhiteSite
21569,22,23
timeStep,numberOfRobotsOnBlackSite,numberOfRobotsOnWhiteSite
21570,22,23
timeStep,numberOfRobotsOnBlackSite,numberOfRobotsOnWhiteSite
21571,22,23
timeStep,numberOfRobotsOnBlackSite,numberOfRobotsOnWhiteSite
21572,22,23
timeStep,numberOfRobotsOnBlackSite,numberOfRobotsOnWhiteSite
21573,22,23
timeStep,numberOfRobotsOnBlackSite,numberOfRobotsOnWhiteSite
21574,22,23
timeStep,numberOfRobotsOnBlackSite,numberOfRobotsOnWhiteSite
21575,22,23
timeStep,numberOfRobotsOnBlackSite,numberOfRobotsOnWhiteSite
21576,22,23
timeStep,numberOfRobotsOnBlackSite,numberOfRobotsOnWhiteSite
21577,22,23
timeStep,numberOfRobotsOnBlackSite,numberOfRobotsOnWhiteSite
21578,22,23
timeStep,numberOfRobotsOnBlackSite,numberOfRobotsOnWhiteSite
21579,22,23
timeStep,numberOfRobotsOnBlackSite,numberOfRobotsOnWhiteSite
21580,22,23
timeStep,numberOfRobotsOnBlackSite,numberOfRobotsOnWhiteSite
21581,22,23
timeStep,numberOfRobotsOnBlackSite,numberOfRobotsOnWhiteSite
21582,22,23
timeStep,numberOfRobotsOnBlackSite,numberOfRobotsOnWhiteSite
21583,22,23
timeStep,numberOfRobotsOnBlackSite,numberOfRobotsOnWhiteSite
21584,22,23
timeStep,numberOfRobotsOnBlackSite,numberOfRobotsOnWhiteSite
21585,22,23
timeStep,numberOfRobotsOnBlackSite,numberOfRobotsOnWhiteSite
21586,22,23
timeStep,numberOfRobotsOnBlackSite,numberOfRobotsOnWhiteSite
21587,22,23
timeStep,numberOfRobotsOnBlackSite,numberOfRobotsOnWhiteSite
21588,22,23
timeStep,numberOfRobotsOnBlackSite,numberOfRobotsOnWhiteSite
21589,22,23
timeStep,numberOfRobotsOnBlackSite,numberOfRobotsOnWhiteSite
21590,22,23
timeStep,numberOfRobotsOnBlackSite,numberOfRobotsOnWhiteSite
21591,22,23
timeStep,numberOfRobotsOnBlackSite,numberOfRobotsOnWhiteSite
21592,22,23
timeStep,numberOfRobotsOnBlackSite,numberOfRobotsOnWhiteSite
21593,22,23
timeStep,numberOfRobotsOnBlackSite,numberOfRobotsOnWhiteSite
21594,22,23
timeStep,numberOfRobotsOnBlackSite,numberOfRobotsOnWhiteSite
21595,22,23
timeStep,numberOfRobotsOnBlackSite,numberOfRobotsOnWhiteSite
21596,22,23
timeStep,numberOfRobotsOnBlackSite,numberOfRobotsOnWhiteSite
21597,22,23
timeStep,numberOfRobotsOnBlackSite,numberOfRobotsOnWhiteSite
21598,22,23
timeStep,numberOfRobotsOnBlackSite,numberOfRobotsOnWhiteSite
21599,22,23
timeStep,numberOfRobotsOnBlackSite,numberOfRobotsOnWhiteSite
21600,22,23
timeStep,numberOfRobotsOnBlackSite,numberOfRobotsOnWhiteSite
21601,22,23
timeStep,numberOfRobotsOnBlackSite,numberOfRobotsOnWhiteSite
21602,22,23
timeStep,numberOfRobotsOnBlackSite,numberOfRobotsOnWhiteSite
21603,22,23
timeStep,numberOfRobotsOnBlackSite,numberOfRobotsOnWhiteSite
21604,22,23
timeStep,numberOfRobotsOnBlackSite,numberOfRobotsOnWhiteSite
21605,22,23
timeStep,numberOfRobotsOnBlackSite,numberOfRobotsOnWhiteSite
21606,22,23
timeStep,numberOfRobotsOnBlackSite,numberOfRobotsOnWhiteSite
21607,22,23
timeStep,numberOfRobotsOnBlackSite,numberOfRobotsOnWhiteSite
21608,22,23
timeStep,numberOfRobotsOnBlackSite,numberOfRobotsOnWhiteSite
21609,22,23
timeStep,numberOfRobotsOnBlackSite,numberOfRobotsOnWhiteSite
21610,22,23
timeStep,numberOfRobotsOnBlackSite,numberOfRobotsOnWhiteSite
21611,22,23
timeStep,numberOfRobotsOnBlackSite,numberOfRobotsOnWhiteSite
21612,22,23
timeStep,numberOfRobotsOnBlackSite,numberOfRobotsOnWhiteSite
21613,22,23
timeStep,numberOfRobotsOnBlackSite,numberOfRobotsOnWhiteSite
21614,22,23
timeStep,numberOfRobotsOnBlackSite,numberOfRobotsOnWhiteSite
21615,22,23
timeStep,numberOfRobotsOnBlackSite,numberOfRobotsOnWhiteSite
21616,22,23
timeStep,numberOfRobotsOnBlackSite,numberOfRobotsOnWhiteSite
21617,22,23
timeStep,numberOfRobotsOnBlackSite,numberOfRobotsOnWhiteSite
21618,22,23
timeStep,numberOfRobotsOnBlackSite,numberOfRobotsOnWhiteSite
21619,22,23
timeStep,numberOfRobotsOnBlackSite,numberOfRobotsOnWhiteSite
21620,22,23
timeStep,numberOfRobotsOnBlackSite,numberOfRobotsOnWhiteSite
21621,22,23
timeStep,numberOfRobotsOnBlackSite,numberOfRobotsOnWhiteSite
21622,22,23
timeStep,numberOfRobotsOnBlackSite,numberOfRobotsOnWhiteSite
21623,22,23
timeStep,numberOfRobotsOnBlackSite,numberOfRobotsOnWhiteSite
21624,22,23
timeStep,numberOfRobotsOnBlackSite,numberOfRobotsOnWhiteSite
21625,22,23
timeStep,numberOfRobotsOnBlackSite,numberOfRobotsOnWhiteSite
21626,22,23
timeStep,numberOfRobotsOnBlackSite,numberOfRobotsOnWhiteSite
21627,22,23
timeStep,numberOfRobotsOnBlackSite,numberOfRobotsOnWhiteSite
21628,22,23
timeStep,numberOfRobotsOnBlackSite,numberOfRobotsOnWhiteSite
21629,22,23
timeStep,numberOfRobotsOnBlackSite,numberOfRobotsOnWhiteSite
21630,22,23
timeStep,numberOfRobotsOnBlackSite,numberOfRobotsOnWhiteSite
21631,22,23
timeStep,numberOfRobotsOnBlackSite,numberOfRobotsOnWhiteSite
21632,22,23
timeStep,numberOfRobotsOnBlackSite,numberOfRobotsOnWhiteSite
21633,22,23
timeStep,numberOfRobotsOnBlackSite,numberOfRobotsOnWhiteSite
21634,22,23
timeStep,numberOfRobotsOnBlackSite,numberOfRobotsOnWhiteSite
21635,22,23
timeStep,numberOfRobotsOnBlackSite,numberOfRobotsOnWhiteSite
21636,22,23
timeStep,numberOfRobotsOnBlackSite,numberOfRobotsOnWhiteSite
21637,22,23
timeStep,numberOfRobotsOnBlackSite,numberOfRobotsOnWhiteSite
21638,22,23
timeStep,numberOfRobotsOnBlackSite,numberOfRobotsOnWhiteSite
21639,22,23
timeStep,numberOfRobotsOnBlackSite,numberOfRobotsOnWhiteSite
21640,22,23
timeStep,numberOfRobotsOnBlackSite,numberOfRobotsOnWhiteSite
21641,22,23
timeStep,numberOfRobotsOnBlackSite,numberOfRobotsOnWhiteSite
21642,22,23
timeStep,numberOfRobotsOnBlackSite,numberOfRobotsOnWhiteSite
21643,22,23
timeStep,numberOfRobotsOnBlackSite,numberOfRobotsOnWhiteSite
21644,22,23
timeStep,numberOfRobotsOnBlackSite,numberOfRobotsOnWhiteSite
21645,22,23
timeStep,numberOfRobotsOnBlackSite,numberOfRobotsOnWhiteSite
21646,22,23
timeStep,numberOfRobotsOnBlackSite,numberOfRobotsOnWhiteSite
21647,22,23
timeStep,numberOfRobotsOnBlackSite,numberOfRobotsOnWhiteSite
21648,22,23
timeStep,numberOfRobotsOnBlackSite,numberOfRobotsOnWhiteSite
21649,22,23
timeStep,numberOfRobotsOnBlackSite,numberOfRobotsOnWhiteSite
21650,22,23
timeStep,numberOfRobotsOnBlackSite,numberOfRobotsOnWhiteSite
21651,22,23
timeStep,numberOfRobotsOnBlackSite,numberOfRobotsOnWhiteSite
21652,22,23
timeStep,numberOfRobotsOnBlackSite,numberOfRobotsOnWhiteSite
21653,22,23
timeStep,numberOfRobotsOnBlackSite,numberOfRobotsOnWhiteSite
21654,22,23
timeStep,numberOfRobotsOnBlackSite,numberOfRobotsOnWhiteSite
21655,22,23
timeStep,numberOfRobotsOnBlackSite,numberOfRobotsOnWhiteSite
21656,22,23
timeStep,numberOfRobotsOnBlackSite,numberOfRobotsOnWhiteSite
21657,22,23
timeStep,numberOfRobotsOnBlackSite,numberOfRobotsOnWhiteSite
21658,22,23
timeStep,numberOfRobotsOnBlackSite,numberOfRobotsOnWhiteSite
21659,22,23
timeStep,numberOfRobotsOnBlackSite,numberOfRobotsOnWhiteSite
21660,22,23
timeStep,numberOfRobotsOnBlackSite,numberOfRobotsOnWhiteSite
21661,22,23
timeStep,numberOfRobotsOnBlackSite,numberOfRobotsOnWhiteSite
21662,22,23
timeStep,numberOfRobotsOnBlackSite,numberOfRobotsOnWhiteSite
21663,22,23
timeStep,numberOfRobotsOnBlackSite,numberOfRobotsOnWhiteSite
21664,22,23
timeStep,numberOfRobotsOnBlackSite,numberOfRobotsOnWhiteSite
21665,22,23
timeStep,numberOfRobotsOnBlackSite,numberOfRobotsOnWhiteSite
21666,22,23
timeStep,numberOfRobotsOnBlackSite,numberOfRobotsOnWhiteSite
21667,22,23
timeStep,numberOfRobotsOnBlackSite,numberOfRobotsOnWhiteSite
21668,22,23
timeStep,numberOfRobotsOnBlackSite,numberOfRobotsOnWhiteSite
21669,22,23
timeStep,numberOfRobotsOnBlackSite,numberOfRobotsOnWhiteSite
21670,22,23
timeStep,numberOfRobotsOnBlackSite,numberOfRobotsOnWhiteSite
21671,22,23
timeStep,numberOfRobotsOnBlackSite,numberOfRobotsOnWhiteSite
21672,22,23
timeStep,numberOfRobotsOnBlackSite,numberOfRobotsOnWhiteSite
21673,22,23
timeStep,numberOfRobotsOnBlackSite,numberOfRobotsOnWhiteSite
21674,22,23
timeStep,numberOfRobotsOnBlackSite,numberOfRobotsOnWhiteSite
21675,22,23
timeStep,numberOfRobotsOnBlackSite,numberOfRobotsOnWhiteSite
21676,22,23
timeStep,numberOfRobotsOnBlackSite,numberOfRobotsOnWhiteSite
21677,22,23
timeStep,numberOfRobotsOnBlackSite,numberOfRobotsOnWhiteSite
21678,22,23
timeStep,numberOfRobotsOnBlackSite,numberOfRobotsOnWhiteSite
21679,22,23
timeStep,numberOfRobotsOnBlackSite,numberOfRobotsOnWhiteSite
21680,22,23
timeStep,numberOfRobotsOnBlackSite,numberOfRobotsOnWhiteSite
21681,22,23
timeStep,numberOfRobotsOnBlackSite,numberOfRobotsOnWhiteSite
21682,22,23
timeStep,numberOfRobotsOnBlackSite,numberOfRobotsOnWhiteSite
21683,22,23
timeStep,numberOfRobotsOnBlackSite,numberOfRobotsOnWhiteSite
21684,22,23
timeStep,numberOfRobotsOnBlackSite,numberOfRobotsOnWhiteSite
21685,22,23
timeStep,numberOfRobotsOnBlackSite,numberOfRobotsOnWhiteSite
21686,22,23
timeStep,numberOfRobotsOnBlackSite,numberOfRobotsOnWhiteSite
21687,22,23
timeStep,numberOfRobotsOnBlackSite,numberOfRobotsOnWhiteSite
21688,22,23
timeStep,numberOfRobotsOnBlackSite,numberOfRobotsOnWhiteSite
21689,22,23
timeStep,numberOfRobotsOnBlackSite,numberOfRobotsOnWhiteSite
21690,22,23
timeStep,numberOfRobotsOnBlackSite,numberOfRobotsOnWhiteSite
21691,22,23
timeStep,numberOfRobotsOnBlackSite,numberOfRobotsOnWhiteSite
21692,22,23
timeStep,numberOfRobotsOnBlackSite,numberOfRobotsOnWhiteSite
21693,22,23
timeStep,numberOfRobotsOnBlackSite,numberOfRobotsOnWhiteSite
21694,22,23
timeStep,numberOfRobotsOnBlackSite,numberOfRobotsOnWhiteSite
21695,22,23
timeStep,numberOfRobotsOnBlackSite,numberOfRobotsOnWhiteSite
21696,22,23
timeStep,numberOfRobotsOnBlackSite,numberOfRobotsOnWhiteSite
21697,22,23
timeStep,numberOfRobotsOnBlackSite,numberOfRobotsOnWhiteSite
21698,22,23
timeStep,numberOfRobotsOnBlackSite,numberOfRobotsOnWhiteSite
21699,22,23
timeStep,numberOfRobotsOnBlackSite,numberOfRobotsOnWhiteSite
21700,22,23
timeStep,numberOfRobotsOnBlackSite,numberOfRobotsOnWhiteSite
21701,22,23
timeStep,numberOfRobotsOnBlackSite,numberOfRobotsOnWhiteSite
21702,22,23
timeStep,numberOfRobotsOnBlackSite,numberOfRobotsOnWhiteSite
21703,22,23
timeStep,numberOfRobotsOnBlackSite,numberOfRobotsOnWhiteSite
21704,22,23
timeStep,numberOfRobotsOnBlackSite,numberOfRobotsOnWhiteSite
21705,22,23
timeStep,numberOfRobotsOnBlackSite,numberOfRobotsOnWhiteSite
21706,22,23
timeStep,numberOfRobotsOnBlackSite,numberOfRobotsOnWhiteSite
21707,22,23
timeStep,numberOfRobotsOnBlackSite,numberOfRobotsOnWhiteSite
21708,22,23
timeStep,numberOfRobotsOnBlackSite,numberOfRobotsOnWhiteSite
21709,22,23
timeStep,numberOfRobotsOnBlackSite,numberOfRobotsOnWhiteSite
21710,22,23
timeStep,numberOfRobotsOnBlackSite,numberOfRobotsOnWhiteSite
21711,22,23
timeStep,numberOfRobotsOnBlackSite,numberOfRobotsOnWhiteSite
21712,22,23
timeStep,numberOfRobotsOnBlackSite,numberOfRobotsOnWhiteSite
21713,22,23
timeStep,numberOfRobotsOnBlackSite,numberOfRobotsOnWhiteSite
21714,22,23
timeStep,numberOfRobotsOnBlackSite,numberOfRobotsOnWhiteSite
21715,22,23
timeStep,numberOfRobotsOnBlackSite,numberOfRobotsOnWhiteSite
21716,22,23
timeStep,numberOfRobotsOnBlackSite,numberOfRobotsOnWhiteSite
21717,22,23
timeStep,numberOfRobotsOnBlackSite,numberOfRobotsOnWhiteSite
21718,22,23
timeStep,numberOfRobotsOnBlackSite,numberOfRobotsOnWhiteSite
21719,22,23
timeStep,numberOfRobotsOnBlackSite,numberOfRobotsOnWhiteSite
21720,22,23
timeStep,numberOfRobotsOnBlackSite,numberOfRobotsOnWhiteSite
21721,22,23
timeStep,numberOfRobotsOnBlackSite,numberOfRobotsOnWhiteSite
21722,22,23
timeStep,numberOfRobotsOnBlackSite,numberOfRobotsOnWhiteSite
21723,22,23
timeStep,numberOfRobotsOnBlackSite,numberOfRobotsOnWhiteSite
21724,22,23
timeStep,numberOfRobotsOnBlackSite,numberOfRobotsOnWhiteSite
21725,22,23
timeStep,numberOfRobotsOnBlackSite,numberOfRobotsOnWhiteSite
21726,22,23
timeStep,numberOfRobotsOnBlackSite,numberOfRobotsOnWhiteSite
21727,22,23
timeStep,numberOfRobotsOnBlackSite,numberOfRobotsOnWhiteSite
21728,22,23
timeStep,numberOfRobotsOnBlackSite,numberOfRobotsOnWhiteSite
21729,22,23
timeStep,numberOfRobotsOnBlackSite,numberOfRobotsOnWhiteSite
21730,22,23
timeStep,numberOfRobotsOnBlackSite,numberOfRobotsOnWhiteSite
21731,22,23
timeStep,numberOfRobotsOnBlackSite,numberOfRobotsOnWhiteSite
21732,22,23
timeStep,numberOfRobotsOnBlackSite,numberOfRobotsOnWhiteSite
21733,22,23
timeStep,numberOfRobotsOnBlackSite,numberOfRobotsOnWhiteSite
21734,22,23
timeStep,numberOfRobotsOnBlackSite,numberOfRobotsOnWhiteSite
21735,22,23
timeStep,numberOfRobotsOnBlackSite,numberOfRobotsOnWhiteSite
21736,22,23
timeStep,numberOfRobotsOnBlackSite,numberOfRobotsOnWhiteSite
21737,22,23
timeStep,numberOfRobotsOnBlackSite,numberOfRobotsOnWhiteSite
21738,22,23
timeStep,numberOfRobotsOnBlackSite,numberOfRobotsOnWhiteSite
21739,22,23
timeStep,numberOfRobotsOnBlackSite,numberOfRobotsOnWhiteSite
21740,22,23
timeStep,numberOfRobotsOnBlackSite,numberOfRobotsOnWhiteSite
21741,22,23
timeStep,numberOfRobotsOnBlackSite,numberOfRobotsOnWhiteSite
21742,22,23
timeStep,numberOfRobotsOnBlackSite,numberOfRobotsOnWhiteSite
21743,22,23
timeStep,numberOfRobotsOnBlackSite,numberOfRobotsOnWhiteSite
21744,22,23
timeStep,numberOfRobotsOnBlackSite,numberOfRobotsOnWhiteSite
21745,22,23
timeStep,numberOfRobotsOnBlackSite,numberOfRobotsOnWhiteSite
21746,22,23
timeStep,numberOfRobotsOnBlackSite,numberOfRobotsOnWhiteSite
21747,22,23
timeStep,numberOfRobotsOnBlackSite,numberOfRobotsOnWhiteSite
21748,22,23
timeStep,numberOfRobotsOnBlackSite,numberOfRobotsOnWhiteSite
21749,22,23
timeStep,numberOfRobotsOnBlackSite,numberOfRobotsOnWhiteSite
21750,22,23
timeStep,numberOfRobotsOnBlackSite,numberOfRobotsOnWhiteSite
21751,22,23
timeStep,numberOfRobotsOnBlackSite,numberOfRobotsOnWhiteSite
21752,22,23
timeStep,numberOfRobotsOnBlackSite,numberOfRobotsOnWhiteSite
21753,22,23
timeStep,numberOfRobotsOnBlackSite,numberOfRobotsOnWhiteSite
21754,22,23
timeStep,numberOfRobotsOnBlackSite,numberOfRobotsOnWhiteSite
21755,22,23
timeStep,numberOfRobotsOnBlackSite,numberOfRobotsOnWhiteSite
21756,22,23
timeStep,numberOfRobotsOnBlackSite,numberOfRobotsOnWhiteSite
21757,22,23
timeStep,numberOfRobotsOnBlackSite,numberOfRobotsOnWhiteSite
21758,22,23
timeStep,numberOfRobotsOnBlackSite,numberOfRobotsOnWhiteSite
21759,22,23
timeStep,numberOfRobotsOnBlackSite,numberOfRobotsOnWhiteSite
21760,22,23
timeStep,numberOfRobotsOnBlackSite,numberOfRobotsOnWhiteSite
21761,22,23
timeStep,numberOfRobotsOnBlackSite,numberOfRobotsOnWhiteSite
21762,22,23
timeStep,numberOfRobotsOnBlackSite,numberOfRobotsOnWhiteSite
21763,22,23
timeStep,numberOfRobotsOnBlackSite,numberOfRobotsOnWhiteSite
21764,22,23
timeStep,numberOfRobotsOnBlackSite,numberOfRobotsOnWhiteSite
21765,22,23
timeStep,numberOfRobotsOnBlackSite,numberOfRobotsOnWhiteSite
21766,22,23
timeStep,numberOfRobotsOnBlackSite,numberOfRobotsOnWhiteSite
21767,22,23
timeStep,numberOfRobotsOnBlackSite,numberOfRobotsOnWhiteSite
21768,22,23
timeStep,numberOfRobotsOnBlackSite,numberOfRobotsOnWhiteSite
21769,22,23
timeStep,numberOfRobotsOnBlackSite,numberOfRobotsOnWhiteSite
21770,22,23
timeStep,numberOfRobotsOnBlackSite,numberOfRobotsOnWhiteSite
21771,22,23
timeStep,numberOfRobotsOnBlackSite,numberOfRobotsOnWhiteSite
21772,22,23
timeStep,numberOfRobotsOnBlackSite,numberOfRobotsOnWhiteSite
21773,22,23
timeStep,numberOfRobotsOnBlackSite,numberOfRobotsOnWhiteSite
21774,22,23
timeStep,numberOfRobotsOnBlackSite,numberOfRobotsOnWhiteSite
21775,22,23
timeStep,numberOfRobotsOnBlackSite,numberOfRobotsOnWhiteSite
21776,22,23
timeStep,numberOfRobotsOnBlackSite,numberOfRobotsOnWhiteSite
21777,22,23
timeStep,numberOfRobotsOnBlackSite,numberOfRobotsOnWhiteSite
21778,22,23
timeStep,numberOfRobotsOnBlackSite,numberOfRobotsOnWhiteSite
21779,22,23
timeStep,numberOfRobotsOnBlackSite,numberOfRobotsOnWhiteSite
21780,22,23
timeStep,numberOfRobotsOnBlackSite,numberOfRobotsOnWhiteSite
21781,22,23
timeStep,numberOfRobotsOnBlackSite,numberOfRobotsOnWhiteSite
21782,22,23
timeStep,numberOfRobotsOnBlackSite,numberOfRobotsOnWhiteSite
21783,22,23
timeStep,numberOfRobotsOnBlackSite,numberOfRobotsOnWhiteSite
21784,22,23
timeStep,numberOfRobotsOnBlackSite,numberOfRobotsOnWhiteSite
21785,22,23
timeStep,numberOfRobotsOnBlackSite,numberOfRobotsOnWhiteSite
21786,22,23
timeStep,numberOfRobotsOnBlackSite,numberOfRobotsOnWhiteSite
21787,22,23
timeStep,numberOfRobotsOnBlackSite,numberOfRobotsOnWhiteSite
21788,22,23
timeStep,numberOfRobotsOnBlackSite,numberOfRobotsOnWhiteSite
21789,22,23
timeStep,numberOfRobotsOnBlackSite,numberOfRobotsOnWhiteSite
21790,22,23
timeStep,numberOfRobotsOnBlackSite,numberOfRobotsOnWhiteSite
21791,22,23
timeStep,numberOfRobotsOnBlackSite,numberOfRobotsOnWhiteSite
21792,22,23
timeStep,numberOfRobotsOnBlackSite,numberOfRobotsOnWhiteSite
21793,22,23
timeStep,numberOfRobotsOnBlackSite,numberOfRobotsOnWhiteSite
21794,22,23
timeStep,numberOfRobotsOnBlackSite,numberOfRobotsOnWhiteSite
21795,22,23
timeStep,numberOfRobotsOnBlackSite,numberOfRobotsOnWhiteSite
21796,22,23
timeStep,numberOfRobotsOnBlackSite,numberOfRobotsOnWhiteSite
21797,22,23
timeStep,numberOfRobotsOnBlackSite,numberOfRobotsOnWhiteSite
21798,22,23
timeStep,numberOfRobotsOnBlackSite,numberOfRobotsOnWhiteSite
21799,22,23
timeStep,numberOfRobotsOnBlackSite,numberOfRobotsOnWhiteSite
21800,22,23
timeStep,numberOfRobotsOnBlackSite,numberOfRobotsOnWhiteSite
21801,22,23
timeStep,numberOfRobotsOnBlackSite,numberOfRobotsOnWhiteSite
21802,22,23
timeStep,numberOfRobotsOnBlackSite,numberOfRobotsOnWhiteSite
21803,22,23
timeStep,numberOfRobotsOnBlackSite,numberOfRobotsOnWhiteSite
21804,22,23
timeStep,numberOfRobotsOnBlackSite,numberOfRobotsOnWhiteSite
21805,22,23
timeStep,numberOfRobotsOnBlackSite,numberOfRobotsOnWhiteSite
21806,22,23
timeStep,numberOfRobotsOnBlackSite,numberOfRobotsOnWhiteSite
21807,22,23
timeStep,numberOfRobotsOnBlackSite,numberOfRobotsOnWhiteSite
21808,22,23
timeStep,numberOfRobotsOnBlackSite,numberOfRobotsOnWhiteSite
21809,22,23
timeStep,numberOfRobotsOnBlackSite,numberOfRobotsOnWhiteSite
21810,22,23
timeStep,numberOfRobotsOnBlackSite,numberOfRobotsOnWhiteSite
21811,22,23
timeStep,numberOfRobotsOnBlackSite,numberOfRobotsOnWhiteSite
21812,22,23
timeStep,numberOfRobotsOnBlackSite,numberOfRobotsOnWhiteSite
21813,22,23
timeStep,numberOfRobotsOnBlackSite,numberOfRobotsOnWhiteSite
21814,22,23
timeStep,numberOfRobotsOnBlackSite,numberOfRobotsOnWhiteSite
21815,22,23
timeStep,numberOfRobotsOnBlackSite,numberOfRobotsOnWhiteSite
21816,22,23
timeStep,numberOfRobotsOnBlackSite,numberOfRobotsOnWhiteSite
21817,22,23
timeStep,numberOfRobotsOnBlackSite,numberOfRobotsOnWhiteSite
21818,22,23
timeStep,numberOfRobotsOnBlackSite,numberOfRobotsOnWhiteSite
21819,22,23
timeStep,numberOfRobotsOnBlackSite,numberOfRobotsOnWhiteSite
21820,22,23
timeStep,numberOfRobotsOnBlackSite,numberOfRobotsOnWhiteSite
21821,22,23
timeStep,numberOfRobotsOnBlackSite,numberOfRobotsOnWhiteSite
21822,22,23
timeStep,numberOfRobotsOnBlackSite,numberOfRobotsOnWhiteSite
21823,22,23
timeStep,numberOfRobotsOnBlackSite,numberOfRobotsOnWhiteSite
21824,22,23
timeStep,numberOfRobotsOnBlackSite,numberOfRobotsOnWhiteSite
21825,22,23
timeStep,numberOfRobotsOnBlackSite,numberOfRobotsOnWhiteSite
21826,22,23
timeStep,numberOfRobotsOnBlackSite,numberOfRobotsOnWhiteSite
21827,22,23
timeStep,numberOfRobotsOnBlackSite,numberOfRobotsOnWhiteSite
21828,22,23
timeStep,numberOfRobotsOnBlackSite,numberOfRobotsOnWhiteSite
21829,22,23
timeStep,numberOfRobotsOnBlackSite,numberOfRobotsOnWhiteSite
21830,22,23
timeStep,numberOfRobotsOnBlackSite,numberOfRobotsOnWhiteSite
21831,22,23
timeStep,numberOfRobotsOnBlackSite,numberOfRobotsOnWhiteSite
21832,22,23
timeStep,numberOfRobotsOnBlackSite,numberOfRobotsOnWhiteSite
21833,22,23
timeStep,numberOfRobotsOnBlackSite,numberOfRobotsOnWhiteSite
21834,22,23
timeStep,numberOfRobotsOnBlackSite,numberOfRobotsOnWhiteSite
21835,22,22
timeStep,numberOfRobotsOnBlackSite,numberOfRobotsOnWhiteSite
21836,22,22
timeStep,numberOfRobotsOnBlackSite,numberOfRobotsOnWhiteSite
21837,22,22
timeStep,numberOfRobotsOnBlackSite,numberOfRobotsOnWhiteSite
21838,22,22
timeStep,numberOfRobotsOnBlackSite,numberOfRobotsOnWhiteSite
21839,22,22
timeStep,numberOfRobotsOnBlackSite,numberOfRobotsOnWhiteSite
21840,22,22
timeStep,numberOfRobotsOnBlackSite,numberOfRobotsOnWhiteSite
21841,22,22
timeStep,numberOfRobotsOnBlackSite,numberOfRobotsOnWhiteSite
21842,22,22
timeStep,numberOfRobotsOnBlackSite,numberOfRobotsOnWhiteSite
21843,22,22
timeStep,numberOfRobotsOnBlackSite,numberOfRobotsOnWhiteSite
21844,22,22
timeStep,numberOfRobotsOnBlackSite,numberOfRobotsOnWhiteSite
21845,22,22
timeStep,numberOfRobotsOnBlackSite,numberOfRobotsOnWhiteSite
21846,22,22
timeStep,numberOfRobotsOnBlackSite,numberOfRobotsOnWhiteSite
21847,22,22
timeStep,numberOfRobotsOnBlackSite,numberOfRobotsOnWhiteSite
21848,22,22
timeStep,numberOfRobotsOnBlackSite,numberOfRobotsOnWhiteSite
21849,22,22
timeStep,numberOfRobotsOnBlackSite,numberOfRobotsOnWhiteSite
21850,22,22
timeStep,numberOfRobotsOnBlackSite,numberOfRobotsOnWhiteSite
21851,22,22
timeStep,numberOfRobotsOnBlackSite,numberOfRobotsOnWhiteSite
21852,22,22
timeStep,numberOfRobotsOnBlackSite,numberOfRobotsOnWhiteSite
21853,22,22
timeStep,numberOfRobotsOnBlackSite,numberOfRobotsOnWhiteSite
21854,22,22
timeStep,numberOfRobotsOnBlackSite,numberOfRobotsOnWhiteSite
21855,22,22
timeStep,numberOfRobotsOnBlackSite,numberOfRobotsOnWhiteSite
21856,22,22
timeStep,numberOfRobotsOnBlackSite,numberOfRobotsOnWhiteSite
21857,22,22
timeStep,numberOfRobotsOnBlackSite,numberOfRobotsOnWhiteSite
21858,22,22
timeStep,numberOfRobotsOnBlackSite,numberOfRobotsOnWhiteSite
21859,22,22
timeStep,numberOfRobotsOnBlackSite,numberOfRobotsOnWhiteSite
21860,22,22
timeStep,numberOfRobotsOnBlackSite,numberOfRobotsOnWhiteSite
21861,22,22
timeStep,numberOfRobotsOnBlackSite,numberOfRobotsOnWhiteSite
21862,22,22
timeStep,numberOfRobotsOnBlackSite,numberOfRobotsOnWhiteSite
21863,22,22
timeStep,numberOfRobotsOnBlackSite,numberOfRobotsOnWhiteSite
21864,22,22
timeStep,numberOfRobotsOnBlackSite,numberOfRobotsOnWhiteSite
21865,22,22
timeStep,numberOfRobotsOnBlackSite,numberOfRobotsOnWhiteSite
21866,22,22
timeStep,numberOfRobotsOnBlackSite,numberOfRobotsOnWhiteSite
21867,22,22
timeStep,numberOfRobotsOnBlackSite,numberOfRobotsOnWhiteSite
21868,22,22
timeStep,numberOfRobotsOnBlackSite,numberOfRobotsOnWhiteSite
21869,22,22
timeStep,numberOfRobotsOnBlackSite,numberOfRobotsOnWhiteSite
21870,22,22
timeStep,numberOfRobotsOnBlackSite,numberOfRobotsOnWhiteSite
21871,22,22
timeStep,numberOfRobotsOnBlackSite,numberOfRobotsOnWhiteSite
21872,22,22
timeStep,numberOfRobotsOnBlackSite,numberOfRobotsOnWhiteSite
21873,22,22
timeStep,numberOfRobotsOnBlackSite,numberOfRobotsOnWhiteSite
21874,22,22
timeStep,numberOfRobotsOnBlackSite,numberOfRobotsOnWhiteSite
21875,22,22
timeStep,numberOfRobotsOnBlackSite,numberOfRobotsOnWhiteSite
21876,22,22
timeStep,numberOfRobotsOnBlackSite,numberOfRobotsOnWhiteSite
21877,22,22
timeStep,numberOfRobotsOnBlackSite,numberOfRobotsOnWhiteSite
21878,22,22
timeStep,numberOfRobotsOnBlackSite,numberOfRobotsOnWhiteSite
21879,22,22
timeStep,numberOfRobotsOnBlackSite,numberOfRobotsOnWhiteSite
21880,22,22
timeStep,numberOfRobotsOnBlackSite,numberOfRobotsOnWhiteSite
21881,22,22
timeStep,numberOfRobotsOnBlackSite,numberOfRobotsOnWhiteSite
21882,22,22
timeStep,numberOfRobotsOnBlackSite,numberOfRobotsOnWhiteSite
21883,22,22
timeStep,numberOfRobotsOnBlackSite,numberOfRobotsOnWhiteSite
21884,22,22
timeStep,numberOfRobotsOnBlackSite,numberOfRobotsOnWhiteSite
21885,22,22
timeStep,numberOfRobotsOnBlackSite,numberOfRobotsOnWhiteSite
21886,22,22
timeStep,numberOfRobotsOnBlackSite,numberOfRobotsOnWhiteSite
21887,22,22
timeStep,numberOfRobotsOnBlackSite,numberOfRobotsOnWhiteSite
21888,22,22
timeStep,numberOfRobotsOnBlackSite,numberOfRobotsOnWhiteSite
21889,22,22
timeStep,numberOfRobotsOnBlackSite,numberOfRobotsOnWhiteSite
21890,22,22
timeStep,numberOfRobotsOnBlackSite,numberOfRobotsOnWhiteSite
21891,22,22
timeStep,numberOfRobotsOnBlackSite,numberOfRobotsOnWhiteSite
21892,22,22
timeStep,numberOfRobotsOnBlackSite,numberOfRobotsOnWhiteSite
21893,22,22
timeStep,numberOfRobotsOnBlackSite,numberOfRobotsOnWhiteSite
21894,22,22
timeStep,numberOfRobotsOnBlackSite,numberOfRobotsOnWhiteSite
21895,22,22
timeStep,numberOfRobotsOnBlackSite,numberOfRobotsOnWhiteSite
21896,22,22
timeStep,numberOfRobotsOnBlackSite,numberOfRobotsOnWhiteSite
21897,22,22
timeStep,numberOfRobotsOnBlackSite,numberOfRobotsOnWhiteSite
21898,22,22
timeStep,numberOfRobotsOnBlackSite,numberOfRobotsOnWhiteSite
21899,22,22
timeStep,numberOfRobotsOnBlackSite,numberOfRobotsOnWhiteSite
21900,22,22
timeStep,numberOfRobotsOnBlackSite,numberOfRobotsOnWhiteSite
21901,22,22
timeStep,numberOfRobotsOnBlackSite,numberOfRobotsOnWhiteSite
21902,22,22
timeStep,numberOfRobotsOnBlackSite,numberOfRobotsOnWhiteSite
21903,22,22
timeStep,numberOfRobotsOnBlackSite,numberOfRobotsOnWhiteSite
21904,22,22
timeStep,numberOfRobotsOnBlackSite,numberOfRobotsOnWhiteSite
21905,22,22
timeStep,numberOfRobotsOnBlackSite,numberOfRobotsOnWhiteSite
21906,22,22
timeStep,numberOfRobotsOnBlackSite,numberOfRobotsOnWhiteSite
21907,22,22
timeStep,numberOfRobotsOnBlackSite,numberOfRobotsOnWhiteSite
21908,22,22
timeStep,numberOfRobotsOnBlackSite,numberOfRobotsOnWhiteSite
21909,22,22
timeStep,numberOfRobotsOnBlackSite,numberOfRobotsOnWhiteSite
21910,22,22
timeStep,numberOfRobotsOnBlackSite,numberOfRobotsOnWhiteSite
21911,22,22
timeStep,numberOfRobotsOnBlackSite,numberOfRobotsOnWhiteSite
21912,22,22
timeStep,numberOfRobotsOnBlackSite,numberOfRobotsOnWhiteSite
21913,22,22
timeStep,numberOfRobotsOnBlackSite,numberOfRobotsOnWhiteSite
21914,22,22
timeStep,numberOfRobotsOnBlackSite,numberOfRobotsOnWhiteSite
21915,22,22
timeStep,numberOfRobotsOnBlackSite,numberOfRobotsOnWhiteSite
21916,22,22
timeStep,numberOfRobotsOnBlackSite,numberOfRobotsOnWhiteSite
21917,22,22
timeStep,numberOfRobotsOnBlackSite,numberOfRobotsOnWhiteSite
21918,22,22
timeStep,numberOfRobotsOnBlackSite,numberOfRobotsOnWhiteSite
21919,22,22
timeStep,numberOfRobotsOnBlackSite,numberOfRobotsOnWhiteSite
21920,22,22
timeStep,numberOfRobotsOnBlackSite,numberOfRobotsOnWhiteSite
21921,22,22
timeStep,numberOfRobotsOnBlackSite,numberOfRobotsOnWhiteSite
21922,22,22
timeStep,numberOfRobotsOnBlackSite,numberOfRobotsOnWhiteSite
21923,22,22
timeStep,numberOfRobotsOnBlackSite,numberOfRobotsOnWhiteSite
21924,22,22
timeStep,numberOfRobotsOnBlackSite,numberOfRobotsOnWhiteSite
21925,22,22
timeStep,numberOfRobotsOnBlackSite,numberOfRobotsOnWhiteSite
21926,22,22
timeStep,numberOfRobotsOnBlackSite,numberOfRobotsOnWhiteSite
21927,22,22
timeStep,numberOfRobotsOnBlackSite,numberOfRobotsOnWhiteSite
21928,22,22
timeStep,numberOfRobotsOnBlackSite,numberOfRobotsOnWhiteSite
21929,22,22
timeStep,numberOfRobotsOnBlackSite,numberOfRobotsOnWhiteSite
21930,22,22
timeStep,numberOfRobotsOnBlackSite,numberOfRobotsOnWhiteSite
21931,22,22
timeStep,numberOfRobotsOnBlackSite,numberOfRobotsOnWhiteSite
21932,22,22
timeStep,numberOfRobotsOnBlackSite,numberOfRobotsOnWhiteSite
21933,22,22
timeStep,numberOfRobotsOnBlackSite,numberOfRobotsOnWhiteSite
21934,22,22
timeStep,numberOfRobotsOnBlackSite,numberOfRobotsOnWhiteSite
21935,22,22
timeStep,numberOfRobotsOnBlackSite,numberOfRobotsOnWhiteSite
21936,22,22
timeStep,numberOfRobotsOnBlackSite,numberOfRobotsOnWhiteSite
21937,22,22
timeStep,numberOfRobotsOnBlackSite,numberOfRobotsOnWhiteSite
21938,22,22
timeStep,numberOfRobotsOnBlackSite,numberOfRobotsOnWhiteSite
21939,22,22
timeStep,numberOfRobotsOnBlackSite,numberOfRobotsOnWhiteSite
21940,22,22
timeStep,numberOfRobotsOnBlackSite,numberOfRobotsOnWhiteSite
21941,22,22
timeStep,numberOfRobotsOnBlackSite,numberOfRobotsOnWhiteSite
21942,22,22
timeStep,numberOfRobotsOnBlackSite,numberOfRobotsOnWhiteSite
21943,22,22
timeStep,numberOfRobotsOnBlackSite,numberOfRobotsOnWhiteSite
21944,22,22
timeStep,numberOfRobotsOnBlackSite,numberOfRobotsOnWhiteSite
21945,22,22
timeStep,numberOfRobotsOnBlackSite,numberOfRobotsOnWhiteSite
21946,22,22
timeStep,numberOfRobotsOnBlackSite,numberOfRobotsOnWhiteSite
21947,22,22
timeStep,numberOfRobotsOnBlackSite,numberOfRobotsOnWhiteSite
21948,22,22
timeStep,numberOfRobotsOnBlackSite,numberOfRobotsOnWhiteSite
21949,22,22
timeStep,numberOfRobotsOnBlackSite,numberOfRobotsOnWhiteSite
21950,22,22
timeStep,numberOfRobotsOnBlackSite,numberOfRobotsOnWhiteSite
21951,22,22
timeStep,numberOfRobotsOnBlackSite,numberOfRobotsOnWhiteSite
21952,22,22
timeStep,numberOfRobotsOnBlackSite,numberOfRobotsOnWhiteSite
21953,22,22
timeStep,numberOfRobotsOnBlackSite,numberOfRobotsOnWhiteSite
21954,22,22
timeStep,numberOfRobotsOnBlackSite,numberOfRobotsOnWhiteSite
21955,22,22
timeStep,numberOfRobotsOnBlackSite,numberOfRobotsOnWhiteSite
21956,22,22
timeStep,numberOfRobotsOnBlackSite,numberOfRobotsOnWhiteSite
21957,22,22
timeStep,numberOfRobotsOnBlackSite,numberOfRobotsOnWhiteSite
21958,22,22
timeStep,numberOfRobotsOnBlackSite,numberOfRobotsOnWhiteSite
21959,22,22
timeStep,numberOfRobotsOnBlackSite,numberOfRobotsOnWhiteSite
21960,22,22
timeStep,numberOfRobotsOnBlackSite,numberOfRobotsOnWhiteSite
21961,22,22
timeStep,numberOfRobotsOnBlackSite,numberOfRobotsOnWhiteSite
21962,22,22
timeStep,numberOfRobotsOnBlackSite,numberOfRobotsOnWhiteSite
21963,22,22
timeStep,numberOfRobotsOnBlackSite,numberOfRobotsOnWhiteSite
21964,22,22
timeStep,numberOfRobotsOnBlackSite,numberOfRobotsOnWhiteSite
21965,22,22
timeStep,numberOfRobotsOnBlackSite,numberOfRobotsOnWhiteSite
21966,22,22
timeStep,numberOfRobotsOnBlackSite,numberOfRobotsOnWhiteSite
21967,22,22
timeStep,numberOfRobotsOnBlackSite,numberOfRobotsOnWhiteSite
21968,22,22
timeStep,numberOfRobotsOnBlackSite,numberOfRobotsOnWhiteSite
21969,22,22
timeStep,numberOfRobotsOnBlackSite,numberOfRobotsOnWhiteSite
21970,22,22
timeStep,numberOfRobotsOnBlackSite,numberOfRobotsOnWhiteSite
21971,22,22
timeStep,numberOfRobotsOnBlackSite,numberOfRobotsOnWhiteSite
21972,22,22
timeStep,numberOfRobotsOnBlackSite,numberOfRobotsOnWhiteSite
21973,22,22
timeStep,numberOfRobotsOnBlackSite,numberOfRobotsOnWhiteSite
21974,22,22
timeStep,numberOfRobotsOnBlackSite,numberOfRobotsOnWhiteSite
21975,22,22
timeStep,numberOfRobotsOnBlackSite,numberOfRobotsOnWhiteSite
21976,22,22
timeStep,numberOfRobotsOnBlackSite,numberOfRobotsOnWhiteSite
21977,22,22
timeStep,numberOfRobotsOnBlackSite,numberOfRobotsOnWhiteSite
21978,22,22
timeStep,numberOfRobotsOnBlackSite,numberOfRobotsOnWhiteSite
21979,22,22
timeStep,numberOfRobotsOnBlackSite,numberOfRobotsOnWhiteSite
21980,22,22
timeStep,numberOfRobotsOnBlackSite,numberOfRobotsOnWhiteSite
21981,22,22
timeStep,numberOfRobotsOnBlackSite,numberOfRobotsOnWhiteSite
21982,22,22
timeStep,numberOfRobotsOnBlackSite,numberOfRobotsOnWhiteSite
21983,22,22
timeStep,numberOfRobotsOnBlackSite,numberOfRobotsOnWhiteSite
21984,22,22
timeStep,numberOfRobotsOnBlackSite,numberOfRobotsOnWhiteSite
21985,22,22
timeStep,numberOfRobotsOnBlackSite,numberOfRobotsOnWhiteSite
21986,22,22
timeStep,numberOfRobotsOnBlackSite,numberOfRobotsOnWhiteSite
21987,22,22
timeStep,numberOfRobotsOnBlackSite,numberOfRobotsOnWhiteSite
21988,22,22
timeStep,numberOfRobotsOnBlackSite,numberOfRobotsOnWhiteSite
21989,22,22
timeStep,numberOfRobotsOnBlackSite,numberOfRobotsOnWhiteSite
21990,22,22
timeStep,numberOfRobotsOnBlackSite,numberOfRobotsOnWhiteSite
21991,22,22
timeStep,numberOfRobotsOnBlackSite,numberOfRobotsOnWhiteSite
21992,22,22
timeStep,numberOfRobotsOnBlackSite,numberOfRobotsOnWhiteSite
21993,22,22
timeStep,numberOfRobotsOnBlackSite,numberOfRobotsOnWhiteSite
21994,22,22
timeStep,numberOfRobotsOnBlackSite,numberOfRobotsOnWhiteSite
21995,22,22
timeStep,numberOfRobotsOnBlackSite,numberOfRobotsOnWhiteSite
21996,22,22
timeStep,numberOfRobotsOnBlackSite,numberOfRobotsOnWhiteSite
21997,22,22
timeStep,numberOfRobotsOnBlackSite,numberOfRobotsOnWhiteSite
21998,22,22
timeStep,numberOfRobotsOnBlackSite,numberOfRobotsOnWhiteSite
21999,22,22
timeStep,numberOfRobotsOnBlackSite,numberOfRobotsOnWhiteSite
22000,22,22
timeStep,numberOfRobotsOnBlackSite,numberOfRobotsOnWhiteSite
22001,22,22
timeStep,numberOfRobotsOnBlackSite,numberOfRobotsOnWhiteSite
22002,22,22
timeStep,numberOfRobotsOnBlackSite,numberOfRobotsOnWhiteSite
22003,22,22
timeStep,numberOfRobotsOnBlackSite,numberOfRobotsOnWhiteSite
22004,22,22
timeStep,numberOfRobotsOnBlackSite,numberOfRobotsOnWhiteSite
22005,22,22
timeStep,numberOfRobotsOnBlackSite,numberOfRobotsOnWhiteSite
22006,22,22
timeStep,numberOfRobotsOnBlackSite,numberOfRobotsOnWhiteSite
22007,22,22
timeStep,numberOfRobotsOnBlackSite,numberOfRobotsOnWhiteSite
22008,22,22
timeStep,numberOfRobotsOnBlackSite,numberOfRobotsOnWhiteSite
22009,22,22
timeStep,numberOfRobotsOnBlackSite,numberOfRobotsOnWhiteSite
22010,22,22
timeStep,numberOfRobotsOnBlackSite,numberOfRobotsOnWhiteSite
22011,22,22
timeStep,numberOfRobotsOnBlackSite,numberOfRobotsOnWhiteSite
22012,22,22
timeStep,numberOfRobotsOnBlackSite,numberOfRobotsOnWhiteSite
22013,22,22
timeStep,numberOfRobotsOnBlackSite,numberOfRobotsOnWhiteSite
22014,22,22
timeStep,numberOfRobotsOnBlackSite,numberOfRobotsOnWhiteSite
22015,22,22
timeStep,numberOfRobotsOnBlackSite,numberOfRobotsOnWhiteSite
22016,22,22
timeStep,numberOfRobotsOnBlackSite,numberOfRobotsOnWhiteSite
22017,22,22
timeStep,numberOfRobotsOnBlackSite,numberOfRobotsOnWhiteSite
22018,22,22
timeStep,numberOfRobotsOnBlackSite,numberOfRobotsOnWhiteSite
22019,22,22
timeStep,numberOfRobotsOnBlackSite,numberOfRobotsOnWhiteSite
22020,22,22
timeStep,numberOfRobotsOnBlackSite,numberOfRobotsOnWhiteSite
22021,22,22
timeStep,numberOfRobotsOnBlackSite,numberOfRobotsOnWhiteSite
22022,22,22
timeStep,numberOfRobotsOnBlackSite,numberOfRobotsOnWhiteSite
22023,22,22
timeStep,numberOfRobotsOnBlackSite,numberOfRobotsOnWhiteSite
22024,22,22
timeStep,numberOfRobotsOnBlackSite,numberOfRobotsOnWhiteSite
22025,22,22
timeStep,numberOfRobotsOnBlackSite,numberOfRobotsOnWhiteSite
22026,22,22
timeStep,numberOfRobotsOnBlackSite,numberOfRobotsOnWhiteSite
22027,22,22
timeStep,numberOfRobotsOnBlackSite,numberOfRobotsOnWhiteSite
22028,22,22
timeStep,numberOfRobotsOnBlackSite,numberOfRobotsOnWhiteSite
22029,22,22
timeStep,numberOfRobotsOnBlackSite,numberOfRobotsOnWhiteSite
22030,22,22
timeStep,numberOfRobotsOnBlackSite,numberOfRobotsOnWhiteSite
22031,22,22
timeStep,numberOfRobotsOnBlackSite,numberOfRobotsOnWhiteSite
22032,22,22
timeStep,numberOfRobotsOnBlackSite,numberOfRobotsOnWhiteSite
22033,22,22
timeStep,numberOfRobotsOnBlackSite,numberOfRobotsOnWhiteSite
22034,22,22
timeStep,numberOfRobotsOnBlackSite,numberOfRobotsOnWhiteSite
22035,22,22
timeStep,numberOfRobotsOnBlackSite,numberOfRobotsOnWhiteSite
22036,22,22
timeStep,numberOfRobotsOnBlackSite,numberOfRobotsOnWhiteSite
22037,22,22
timeStep,numberOfRobotsOnBlackSite,numberOfRobotsOnWhiteSite
22038,22,22
timeStep,numberOfRobotsOnBlackSite,numberOfRobotsOnWhiteSite
22039,22,22
timeStep,numberOfRobotsOnBlackSite,numberOfRobotsOnWhiteSite
22040,22,22
timeStep,numberOfRobotsOnBlackSite,numberOfRobotsOnWhiteSite
22041,22,22
timeStep,numberOfRobotsOnBlackSite,numberOfRobotsOnWhiteSite
22042,22,22
timeStep,numberOfRobotsOnBlackSite,numberOfRobotsOnWhiteSite
22043,22,22
timeStep,numberOfRobotsOnBlackSite,numberOfRobotsOnWhiteSite
22044,22,22
timeStep,numberOfRobotsOnBlackSite,numberOfRobotsOnWhiteSite
22045,22,22
timeStep,numberOfRobotsOnBlackSite,numberOfRobotsOnWhiteSite
22046,22,22
timeStep,numberOfRobotsOnBlackSite,numberOfRobotsOnWhiteSite
22047,22,22
timeStep,numberOfRobotsOnBlackSite,numberOfRobotsOnWhiteSite
22048,22,22
timeStep,numberOfRobotsOnBlackSite,numberOfRobotsOnWhiteSite
22049,22,22
timeStep,numberOfRobotsOnBlackSite,numberOfRobotsOnWhiteSite
22050,22,22
timeStep,numberOfRobotsOnBlackSite,numberOfRobotsOnWhiteSite
22051,22,22
timeStep,numberOfRobotsOnBlackSite,numberOfRobotsOnWhiteSite
22052,22,22
timeStep,numberOfRobotsOnBlackSite,numberOfRobotsOnWhiteSite
22053,22,22
timeStep,numberOfRobotsOnBlackSite,numberOfRobotsOnWhiteSite
22054,22,22
timeStep,numberOfRobotsOnBlackSite,numberOfRobotsOnWhiteSite
22055,23,22
timeStep,numberOfRobotsOnBlackSite,numberOfRobotsOnWhiteSite
22056,23,22
timeStep,numberOfRobotsOnBlackSite,numberOfRobotsOnWhiteSite
22057,23,22
timeStep,numberOfRobotsOnBlackSite,numberOfRobotsOnWhiteSite
22058,23,22
timeStep,numberOfRobotsOnBlackSite,numberOfRobotsOnWhiteSite
22059,23,22
timeStep,numberOfRobotsOnBlackSite,numberOfRobotsOnWhiteSite
22060,23,22
timeStep,numberOfRobotsOnBlackSite,numberOfRobotsOnWhiteSite
22061,23,22
timeStep,numberOfRobotsOnBlackSite,numberOfRobotsOnWhiteSite
22062,23,22
timeStep,numberOfRobotsOnBlackSite,numberOfRobotsOnWhiteSite
22063,23,22
timeStep,numberOfRobotsOnBlackSite,numberOfRobotsOnWhiteSite
22064,23,22
timeStep,numberOfRobotsOnBlackSite,numberOfRobotsOnWhiteSite
22065,23,22
timeStep,numberOfRobotsOnBlackSite,numberOfRobotsOnWhiteSite
22066,23,22
timeStep,numberOfRobotsOnBlackSite,numberOfRobotsOnWhiteSite
22067,23,22
timeStep,numberOfRobotsOnBlackSite,numberOfRobotsOnWhiteSite
22068,23,22
timeStep,numberOfRobotsOnBlackSite,numberOfRobotsOnWhiteSite
22069,23,22
timeStep,numberOfRobotsOnBlackSite,numberOfRobotsOnWhiteSite
22070,23,22
timeStep,numberOfRobotsOnBlackSite,numberOfRobotsOnWhiteSite
22071,23,22
timeStep,numberOfRobotsOnBlackSite,numberOfRobotsOnWhiteSite
22072,23,22
timeStep,numberOfRobotsOnBlackSite,numberOfRobotsOnWhiteSite
22073,23,22
timeStep,numberOfRobotsOnBlackSite,numberOfRobotsOnWhiteSite
22074,23,22
timeStep,numberOfRobotsOnBlackSite,numberOfRobotsOnWhiteSite
22075,24,22
timeStep,numberOfRobotsOnBlackSite,numberOfRobotsOnWhiteSite
22076,24,22
timeStep,numberOfRobotsOnBlackSite,numberOfRobotsOnWhiteSite
22077,24,22
timeStep,numberOfRobotsOnBlackSite,numberOfRobotsOnWhiteSite
22078,24,22
timeStep,numberOfRobotsOnBlackSite,numberOfRobotsOnWhiteSite
22079,24,22
timeStep,numberOfRobotsOnBlackSite,numberOfRobotsOnWhiteSite
22080,24,22
timeStep,numberOfRobotsOnBlackSite,numberOfRobotsOnWhiteSite
22081,24,22
timeStep,numberOfRobotsOnBlackSite,numberOfRobotsOnWhiteSite
22082,24,22
timeStep,numberOfRobotsOnBlackSite,numberOfRobotsOnWhiteSite
22083,24,22
timeStep,numberOfRobotsOnBlackSite,numberOfRobotsOnWhiteSite
22084,24,22
timeStep,numberOfRobotsOnBlackSite,numberOfRobotsOnWhiteSite
22085,24,22
timeStep,numberOfRobotsOnBlackSite,numberOfRobotsOnWhiteSite
22086,24,22
timeStep,numberOfRobotsOnBlackSite,numberOfRobotsOnWhiteSite
22087,24,22
timeStep,numberOfRobotsOnBlackSite,numberOfRobotsOnWhiteSite
22088,24,22
timeStep,numberOfRobotsOnBlackSite,numberOfRobotsOnWhiteSite
22089,24,22
timeStep,numberOfRobotsOnBlackSite,numberOfRobotsOnWhiteSite
22090,24,22
timeStep,numberOfRobotsOnBlackSite,numberOfRobotsOnWhiteSite
22091,24,22
timeStep,numberOfRobotsOnBlackSite,numberOfRobotsOnWhiteSite
22092,24,22
timeStep,numberOfRobotsOnBlackSite,numberOfRobotsOnWhiteSite
22093,24,22
timeStep,numberOfRobotsOnBlackSite,numberOfRobotsOnWhiteSite
22094,24,22
timeStep,numberOfRobotsOnBlackSite,numberOfRobotsOnWhiteSite
22095,24,22
timeStep,numberOfRobotsOnBlackSite,numberOfRobotsOnWhiteSite
22096,24,22
timeStep,numberOfRobotsOnBlackSite,numberOfRobotsOnWhiteSite
22097,24,22
timeStep,numberOfRobotsOnBlackSite,numberOfRobotsOnWhiteSite
22098,24,22
timeStep,numberOfRobotsOnBlackSite,numberOfRobotsOnWhiteSite
22099,24,22
timeStep,numberOfRobotsOnBlackSite,numberOfRobotsOnWhiteSite
22100,24,22
timeStep,numberOfRobotsOnBlackSite,numberOfRobotsOnWhiteSite
22101,24,22
timeStep,numberOfRobotsOnBlackSite,numberOfRobotsOnWhiteSite
22102,24,22
timeStep,numberOfRobotsOnBlackSite,numberOfRobotsOnWhiteSite
22103,24,22
timeStep,numberOfRobotsOnBlackSite,numberOfRobotsOnWhiteSite
22104,24,22
timeStep,numberOfRobotsOnBlackSite,numberOfRobotsOnWhiteSite
22105,24,22
timeStep,numberOfRobotsOnBlackSite,numberOfRobotsOnWhiteSite
22106,24,22
timeStep,numberOfRobotsOnBlackSite,numberOfRobotsOnWhiteSite
22107,24,22
timeStep,numberOfRobotsOnBlackSite,numberOfRobotsOnWhiteSite
22108,24,22
timeStep,numberOfRobotsOnBlackSite,numberOfRobotsOnWhiteSite
22109,24,22
timeStep,numberOfRobotsOnBlackSite,numberOfRobotsOnWhiteSite
22110,24,22
timeStep,numberOfRobotsOnBlackSite,numberOfRobotsOnWhiteSite
22111,24,22
timeStep,numberOfRobotsOnBlackSite,numberOfRobotsOnWhiteSite
22112,24,22
timeStep,numberOfRobotsOnBlackSite,numberOfRobotsOnWhiteSite
22113,24,22
timeStep,numberOfRobotsOnBlackSite,numberOfRobotsOnWhiteSite
22114,24,22
timeStep,numberOfRobotsOnBlackSite,numberOfRobotsOnWhiteSite
22115,24,22
timeStep,numberOfRobotsOnBlackSite,numberOfRobotsOnWhiteSite
22116,24,22
timeStep,numberOfRobotsOnBlackSite,numberOfRobotsOnWhiteSite
22117,24,22
timeStep,numberOfRobotsOnBlackSite,numberOfRobotsOnWhiteSite
22118,24,22
timeStep,numberOfRobotsOnBlackSite,numberOfRobotsOnWhiteSite
22119,24,22
timeStep,numberOfRobotsOnBlackSite,numberOfRobotsOnWhiteSite
22120,24,22
timeStep,numberOfRobotsOnBlackSite,numberOfRobotsOnWhiteSite
22121,24,22
timeStep,numberOfRobotsOnBlackSite,numberOfRobotsOnWhiteSite
22122,24,22
timeStep,numberOfRobotsOnBlackSite,numberOfRobotsOnWhiteSite
22123,24,22
timeStep,numberOfRobotsOnBlackSite,numberOfRobotsOnWhiteSite
22124,24,22
timeStep,numberOfRobotsOnBlackSite,numberOfRobotsOnWhiteSite
22125,24,22
timeStep,numberOfRobotsOnBlackSite,numberOfRobotsOnWhiteSite
22126,24,22
timeStep,numberOfRobotsOnBlackSite,numberOfRobotsOnWhiteSite
22127,24,22
timeStep,numberOfRobotsOnBlackSite,numberOfRobotsOnWhiteSite
22128,24,22
timeStep,numberOfRobotsOnBlackSite,numberOfRobotsOnWhiteSite
22129,24,22
timeStep,numberOfRobotsOnBlackSite,numberOfRobotsOnWhiteSite
22130,24,22
timeStep,numberOfRobotsOnBlackSite,numberOfRobotsOnWhiteSite
22131,24,22
timeStep,numberOfRobotsOnBlackSite,numberOfRobotsOnWhiteSite
22132,24,22
timeStep,numberOfRobotsOnBlackSite,numberOfRobotsOnWhiteSite
22133,24,22
timeStep,numberOfRobotsOnBlackSite,numberOfRobotsOnWhiteSite
22134,24,22
timeStep,numberOfRobotsOnBlackSite,numberOfRobotsOnWhiteSite
22135,24,22
timeStep,numberOfRobotsOnBlackSite,numberOfRobotsOnWhiteSite
22136,24,22
timeStep,numberOfRobotsOnBlackSite,numberOfRobotsOnWhiteSite
22137,24,22
timeStep,numberOfRobotsOnBlackSite,numberOfRobotsOnWhiteSite
22138,24,22
timeStep,numberOfRobotsOnBlackSite,numberOfRobotsOnWhiteSite
22139,24,22
timeStep,numberOfRobotsOnBlackSite,numberOfRobotsOnWhiteSite
22140,24,22
timeStep,numberOfRobotsOnBlackSite,numberOfRobotsOnWhiteSite
22141,24,22
timeStep,numberOfRobotsOnBlackSite,numberOfRobotsOnWhiteSite
22142,24,22
timeStep,numberOfRobotsOnBlackSite,numberOfRobotsOnWhiteSite
22143,24,22
timeStep,numberOfRobotsOnBlackSite,numberOfRobotsOnWhiteSite
22144,24,22
timeStep,numberOfRobotsOnBlackSite,numberOfRobotsOnWhiteSite
22145,24,22
timeStep,numberOfRobotsOnBlackSite,numberOfRobotsOnWhiteSite
22146,24,22
timeStep,numberOfRobotsOnBlackSite,numberOfRobotsOnWhiteSite
22147,24,22
timeStep,numberOfRobotsOnBlackSite,numberOfRobotsOnWhiteSite
22148,24,22
timeStep,numberOfRobotsOnBlackSite,numberOfRobotsOnWhiteSite
22149,24,22
timeStep,numberOfRobotsOnBlackSite,numberOfRobotsOnWhiteSite
22150,24,22
timeStep,numberOfRobotsOnBlackSite,numberOfRobotsOnWhiteSite
22151,24,22
timeStep,numberOfRobotsOnBlackSite,numberOfRobotsOnWhiteSite
22152,24,22
timeStep,numberOfRobotsOnBlackSite,numberOfRobotsOnWhiteSite
22153,24,22
timeStep,numberOfRobotsOnBlackSite,numberOfRobotsOnWhiteSite
22154,24,22
timeStep,numberOfRobotsOnBlackSite,numberOfRobotsOnWhiteSite
22155,24,22
timeStep,numberOfRobotsOnBlackSite,numberOfRobotsOnWhiteSite
22156,24,22
timeStep,numberOfRobotsOnBlackSite,numberOfRobotsOnWhiteSite
22157,24,22
timeStep,numberOfRobotsOnBlackSite,numberOfRobotsOnWhiteSite
22158,24,22
timeStep,numberOfRobotsOnBlackSite,numberOfRobotsOnWhiteSite
22159,24,22
timeStep,numberOfRobotsOnBlackSite,numberOfRobotsOnWhiteSite
22160,24,22
timeStep,numberOfRobotsOnBlackSite,numberOfRobotsOnWhiteSite
22161,24,22
timeStep,numberOfRobotsOnBlackSite,numberOfRobotsOnWhiteSite
22162,24,22
timeStep,numberOfRobotsOnBlackSite,numberOfRobotsOnWhiteSite
22163,24,22
timeStep,numberOfRobotsOnBlackSite,numberOfRobotsOnWhiteSite
22164,24,22
timeStep,numberOfRobotsOnBlackSite,numberOfRobotsOnWhiteSite
22165,24,22
timeStep,numberOfRobotsOnBlackSite,numberOfRobotsOnWhiteSite
22166,24,22
timeStep,numberOfRobotsOnBlackSite,numberOfRobotsOnWhiteSite
22167,24,22
timeStep,numberOfRobotsOnBlackSite,numberOfRobotsOnWhiteSite
22168,24,22
timeStep,numberOfRobotsOnBlackSite,numberOfRobotsOnWhiteSite
22169,24,22
timeStep,numberOfRobotsOnBlackSite,numberOfRobotsOnWhiteSite
22170,24,22
timeStep,numberOfRobotsOnBlackSite,numberOfRobotsOnWhiteSite
22171,24,22
timeStep,numberOfRobotsOnBlackSite,numberOfRobotsOnWhiteSite
22172,24,22
timeStep,numberOfRobotsOnBlackSite,numberOfRobotsOnWhiteSite
22173,24,22
timeStep,numberOfRobotsOnBlackSite,numberOfRobotsOnWhiteSite
22174,24,22
timeStep,numberOfRobotsOnBlackSite,numberOfRobotsOnWhiteSite
22175,24,22
timeStep,numberOfRobotsOnBlackSite,numberOfRobotsOnWhiteSite
22176,24,22
timeStep,numberOfRobotsOnBlackSite,numberOfRobotsOnWhiteSite
22177,24,22
timeStep,numberOfRobotsOnBlackSite,numberOfRobotsOnWhiteSite
22178,24,22
timeStep,numberOfRobotsOnBlackSite,numberOfRobotsOnWhiteSite
22179,24,22
timeStep,numberOfRobotsOnBlackSite,numberOfRobotsOnWhiteSite
22180,24,22
timeStep,numberOfRobotsOnBlackSite,numberOfRobotsOnWhiteSite
22181,24,22
timeStep,numberOfRobotsOnBlackSite,numberOfRobotsOnWhiteSite
22182,24,22
timeStep,numberOfRobotsOnBlackSite,numberOfRobotsOnWhiteSite
22183,24,22
timeStep,numberOfRobotsOnBlackSite,numberOfRobotsOnWhiteSite
22184,24,22
timeStep,numberOfRobotsOnBlackSite,numberOfRobotsOnWhiteSite
22185,24,22
timeStep,numberOfRobotsOnBlackSite,numberOfRobotsOnWhiteSite
22186,24,22
timeStep,numberOfRobotsOnBlackSite,numberOfRobotsOnWhiteSite
22187,24,22
timeStep,numberOfRobotsOnBlackSite,numberOfRobotsOnWhiteSite
22188,24,22
timeStep,numberOfRobotsOnBlackSite,numberOfRobotsOnWhiteSite
22189,24,22
timeStep,numberOfRobotsOnBlackSite,numberOfRobotsOnWhiteSite
22190,24,22
timeStep,numberOfRobotsOnBlackSite,numberOfRobotsOnWhiteSite
22191,24,22
timeStep,numberOfRobotsOnBlackSite,numberOfRobotsOnWhiteSite
22192,24,22
timeStep,numberOfRobotsOnBlackSite,numberOfRobotsOnWhiteSite
22193,24,22
timeStep,numberOfRobotsOnBlackSite,numberOfRobotsOnWhiteSite
22194,24,22
timeStep,numberOfRobotsOnBlackSite,numberOfRobotsOnWhiteSite
22195,24,22
timeStep,numberOfRobotsOnBlackSite,numberOfRobotsOnWhiteSite
22196,24,22
timeStep,numberOfRobotsOnBlackSite,numberOfRobotsOnWhiteSite
22197,24,22
timeStep,numberOfRobotsOnBlackSite,numberOfRobotsOnWhiteSite
22198,24,22
timeStep,numberOfRobotsOnBlackSite,numberOfRobotsOnWhiteSite
22199,24,22
timeStep,numberOfRobotsOnBlackSite,numberOfRobotsOnWhiteSite
22200,24,22
timeStep,numberOfRobotsOnBlackSite,numberOfRobotsOnWhiteSite
22201,24,22
timeStep,numberOfRobotsOnBlackSite,numberOfRobotsOnWhiteSite
22202,24,22
timeStep,numberOfRobotsOnBlackSite,numberOfRobotsOnWhiteSite
22203,24,22
timeStep,numberOfRobotsOnBlackSite,numberOfRobotsOnWhiteSite
22204,24,22
timeStep,numberOfRobotsOnBlackSite,numberOfRobotsOnWhiteSite
22205,24,22
timeStep,numberOfRobotsOnBlackSite,numberOfRobotsOnWhiteSite
22206,24,22
timeStep,numberOfRobotsOnBlackSite,numberOfRobotsOnWhiteSite
22207,24,22
timeStep,numberOfRobotsOnBlackSite,numberOfRobotsOnWhiteSite
22208,24,22
timeStep,numberOfRobotsOnBlackSite,numberOfRobotsOnWhiteSite
22209,24,22
timeStep,numberOfRobotsOnBlackSite,numberOfRobotsOnWhiteSite
22210,24,22
timeStep,numberOfRobotsOnBlackSite,numberOfRobotsOnWhiteSite
22211,24,22
timeStep,numberOfRobotsOnBlackSite,numberOfRobotsOnWhiteSite
22212,24,22
timeStep,numberOfRobotsOnBlackSite,numberOfRobotsOnWhiteSite
22213,24,22
timeStep,numberOfRobotsOnBlackSite,numberOfRobotsOnWhiteSite
22214,24,22
timeStep,numberOfRobotsOnBlackSite,numberOfRobotsOnWhiteSite
22215,24,22
timeStep,numberOfRobotsOnBlackSite,numberOfRobotsOnWhiteSite
22216,24,22
timeStep,numberOfRobotsOnBlackSite,numberOfRobotsOnWhiteSite
22217,24,22
timeStep,numberOfRobotsOnBlackSite,numberOfRobotsOnWhiteSite
22218,24,22
timeStep,numberOfRobotsOnBlackSite,numberOfRobotsOnWhiteSite
22219,24,22
timeStep,numberOfRobotsOnBlackSite,numberOfRobotsOnWhiteSite
22220,24,22
timeStep,numberOfRobotsOnBlackSite,numberOfRobotsOnWhiteSite
22221,24,22
timeStep,numberOfRobotsOnBlackSite,numberOfRobotsOnWhiteSite
22222,24,22
timeStep,numberOfRobotsOnBlackSite,numberOfRobotsOnWhiteSite
22223,24,22
timeStep,numberOfRobotsOnBlackSite,numberOfRobotsOnWhiteSite
22224,24,22
timeStep,numberOfRobotsOnBlackSite,numberOfRobotsOnWhiteSite
22225,24,22
timeStep,numberOfRobotsOnBlackSite,numberOfRobotsOnWhiteSite
22226,24,22
timeStep,numberOfRobotsOnBlackSite,numberOfRobotsOnWhiteSite
22227,24,22
timeStep,numberOfRobotsOnBlackSite,numberOfRobotsOnWhiteSite
22228,24,22
timeStep,numberOfRobotsOnBlackSite,numberOfRobotsOnWhiteSite
22229,24,22
timeStep,numberOfRobotsOnBlackSite,numberOfRobotsOnWhiteSite
22230,24,22
timeStep,numberOfRobotsOnBlackSite,numberOfRobotsOnWhiteSite
22231,24,22
timeStep,numberOfRobotsOnBlackSite,numberOfRobotsOnWhiteSite
22232,24,22
timeStep,numberOfRobotsOnBlackSite,numberOfRobotsOnWhiteSite
22233,24,22
timeStep,numberOfRobotsOnBlackSite,numberOfRobotsOnWhiteSite
22234,24,22
timeStep,numberOfRobotsOnBlackSite,numberOfRobotsOnWhiteSite
22235,24,22
timeStep,numberOfRobotsOnBlackSite,numberOfRobotsOnWhiteSite
22236,24,22
timeStep,numberOfRobotsOnBlackSite,numberOfRobotsOnWhiteSite
22237,24,22
timeStep,numberOfRobotsOnBlackSite,numberOfRobotsOnWhiteSite
22238,24,22
timeStep,numberOfRobotsOnBlackSite,numberOfRobotsOnWhiteSite
22239,24,22
timeStep,numberOfRobotsOnBlackSite,numberOfRobotsOnWhiteSite
22240,24,22
timeStep,numberOfRobotsOnBlackSite,numberOfRobotsOnWhiteSite
22241,24,22
timeStep,numberOfRobotsOnBlackSite,numberOfRobotsOnWhiteSite
22242,24,22
timeStep,numberOfRobotsOnBlackSite,numberOfRobotsOnWhiteSite
22243,24,22
timeStep,numberOfRobotsOnBlackSite,numberOfRobotsOnWhiteSite
22244,24,22
timeStep,numberOfRobotsOnBlackSite,numberOfRobotsOnWhiteSite
22245,24,22
timeStep,numberOfRobotsOnBlackSite,numberOfRobotsOnWhiteSite
22246,24,22
timeStep,numberOfRobotsOnBlackSite,numberOfRobotsOnWhiteSite
22247,24,22
timeStep,numberOfRobotsOnBlackSite,numberOfRobotsOnWhiteSite
22248,24,22
timeStep,numberOfRobotsOnBlackSite,numberOfRobotsOnWhiteSite
22249,24,22
timeStep,numberOfRobotsOnBlackSite,numberOfRobotsOnWhiteSite
22250,24,22
timeStep,numberOfRobotsOnBlackSite,numberOfRobotsOnWhiteSite
22251,24,22
timeStep,numberOfRobotsOnBlackSite,numberOfRobotsOnWhiteSite
22252,24,22
timeStep,numberOfRobotsOnBlackSite,numberOfRobotsOnWhiteSite
22253,24,22
timeStep,numberOfRobotsOnBlackSite,numberOfRobotsOnWhiteSite
22254,24,22
timeStep,numberOfRobotsOnBlackSite,numberOfRobotsOnWhiteSite
22255,24,22
timeStep,numberOfRobotsOnBlackSite,numberOfRobotsOnWhiteSite
22256,24,22
timeStep,numberOfRobotsOnBlackSite,numberOfRobotsOnWhiteSite
22257,24,22
timeStep,numberOfRobotsOnBlackSite,numberOfRobotsOnWhiteSite
22258,24,22
timeStep,numberOfRobotsOnBlackSite,numberOfRobotsOnWhiteSite
22259,24,22
timeStep,numberOfRobotsOnBlackSite,numberOfRobotsOnWhiteSite
22260,24,22
timeStep,numberOfRobotsOnBlackSite,numberOfRobotsOnWhiteSite
22261,24,22
timeStep,numberOfRobotsOnBlackSite,numberOfRobotsOnWhiteSite
22262,24,22
timeStep,numberOfRobotsOnBlackSite,numberOfRobotsOnWhiteSite
22263,24,22
timeStep,numberOfRobotsOnBlackSite,numberOfRobotsOnWhiteSite
22264,24,22
timeStep,numberOfRobotsOnBlackSite,numberOfRobotsOnWhiteSite
22265,24,22
timeStep,numberOfRobotsOnBlackSite,numberOfRobotsOnWhiteSite
22266,24,22
timeStep,numberOfRobotsOnBlackSite,numberOfRobotsOnWhiteSite
22267,24,22
timeStep,numberOfRobotsOnBlackSite,numberOfRobotsOnWhiteSite
22268,24,22
timeStep,numberOfRobotsOnBlackSite,numberOfRobotsOnWhiteSite
22269,24,22
timeStep,numberOfRobotsOnBlackSite,numberOfRobotsOnWhiteSite
22270,24,22
timeStep,numberOfRobotsOnBlackSite,numberOfRobotsOnWhiteSite
22271,24,22
timeStep,numberOfRobotsOnBlackSite,numberOfRobotsOnWhiteSite
22272,24,22
timeStep,numberOfRobotsOnBlackSite,numberOfRobotsOnWhiteSite
22273,24,22
timeStep,numberOfRobotsOnBlackSite,numberOfRobotsOnWhiteSite
22274,24,22
timeStep,numberOfRobotsOnBlackSite,numberOfRobotsOnWhiteSite
22275,24,22
timeStep,numberOfRobotsOnBlackSite,numberOfRobotsOnWhiteSite
22276,24,22
timeStep,numberOfRobotsOnBlackSite,numberOfRobotsOnWhiteSite
22277,24,22
timeStep,numberOfRobotsOnBlackSite,numberOfRobotsOnWhiteSite
22278,24,22
timeStep,numberOfRobotsOnBlackSite,numberOfRobotsOnWhiteSite
22279,24,22
timeStep,numberOfRobotsOnBlackSite,numberOfRobotsOnWhiteSite
22280,24,22
timeStep,numberOfRobotsOnBlackSite,numberOfRobotsOnWhiteSite
22281,24,22
timeStep,numberOfRobotsOnBlackSite,numberOfRobotsOnWhiteSite
22282,24,22
timeStep,numberOfRobotsOnBlackSite,numberOfRobotsOnWhiteSite
22283,24,22
timeStep,numberOfRobotsOnBlackSite,numberOfRobotsOnWhiteSite
22284,24,22
timeStep,numberOfRobotsOnBlackSite,numberOfRobotsOnWhiteSite
22285,24,22
timeStep,numberOfRobotsOnBlackSite,numberOfRobotsOnWhiteSite
22286,24,22
timeStep,numberOfRobotsOnBlackSite,numberOfRobotsOnWhiteSite
22287,24,22
timeStep,numberOfRobotsOnBlackSite,numberOfRobotsOnWhiteSite
22288,24,22
timeStep,numberOfRobotsOnBlackSite,numberOfRobotsOnWhiteSite
22289,24,22
timeStep,numberOfRobotsOnBlackSite,numberOfRobotsOnWhiteSite
22290,24,22
timeStep,numberOfRobotsOnBlackSite,numberOfRobotsOnWhiteSite
22291,24,22
timeStep,numberOfRobotsOnBlackSite,numberOfRobotsOnWhiteSite
22292,24,22
timeStep,numberOfRobotsOnBlackSite,numberOfRobotsOnWhiteSite
22293,24,22
timeStep,numberOfRobotsOnBlackSite,numberOfRobotsOnWhiteSite
22294,24,22
timeStep,numberOfRobotsOnBlackSite,numberOfRobotsOnWhiteSite
22295,24,22
timeStep,numberOfRobotsOnBlackSite,numberOfRobotsOnWhiteSite
22296,24,22
timeStep,numberOfRobotsOnBlackSite,numberOfRobotsOnWhiteSite
22297,24,22
timeStep,numberOfRobotsOnBlackSite,numberOfRobotsOnWhiteSite
22298,24,22
timeStep,numberOfRobotsOnBlackSite,numberOfRobotsOnWhiteSite
22299,24,22
timeStep,numberOfRobotsOnBlackSite,numberOfRobotsOnWhiteSite
22300,24,22
timeStep,numberOfRobotsOnBlackSite,numberOfRobotsOnWhiteSite
22301,24,22
timeStep,numberOfRobotsOnBlackSite,numberOfRobotsOnWhiteSite
22302,24,22
timeStep,numberOfRobotsOnBlackSite,numberOfRobotsOnWhiteSite
22303,24,22
timeStep,numberOfRobotsOnBlackSite,numberOfRobotsOnWhiteSite
22304,24,22
timeStep,numberOfRobotsOnBlackSite,numberOfRobotsOnWhiteSite
22305,24,22
timeStep,numberOfRobotsOnBlackSite,numberOfRobotsOnWhiteSite
22306,24,22
timeStep,numberOfRobotsOnBlackSite,numberOfRobotsOnWhiteSite
22307,24,22
timeStep,numberOfRobotsOnBlackSite,numberOfRobotsOnWhiteSite
22308,24,22
timeStep,numberOfRobotsOnBlackSite,numberOfRobotsOnWhiteSite
22309,24,22
timeStep,numberOfRobotsOnBlackSite,numberOfRobotsOnWhiteSite
22310,24,22
timeStep,numberOfRobotsOnBlackSite,numberOfRobotsOnWhiteSite
22311,24,22
timeStep,numberOfRobotsOnBlackSite,numberOfRobotsOnWhiteSite
22312,24,22
timeStep,numberOfRobotsOnBlackSite,numberOfRobotsOnWhiteSite
22313,24,22
timeStep,numberOfRobotsOnBlackSite,numberOfRobotsOnWhiteSite
22314,24,22
timeStep,numberOfRobotsOnBlackSite,numberOfRobotsOnWhiteSite
22315,24,22
timeStep,numberOfRobotsOnBlackSite,numberOfRobotsOnWhiteSite
22316,24,22
timeStep,numberOfRobotsOnBlackSite,numberOfRobotsOnWhiteSite
22317,24,22
timeStep,numberOfRobotsOnBlackSite,numberOfRobotsOnWhiteSite
22318,24,22
timeStep,numberOfRobotsOnBlackSite,numberOfRobotsOnWhiteSite
22319,24,22
timeStep,numberOfRobotsOnBlackSite,numberOfRobotsOnWhiteSite
22320,24,22
timeStep,numberOfRobotsOnBlackSite,numberOfRobotsOnWhiteSite
22321,24,22
timeStep,numberOfRobotsOnBlackSite,numberOfRobotsOnWhiteSite
22322,24,22
timeStep,numberOfRobotsOnBlackSite,numberOfRobotsOnWhiteSite
22323,24,22
timeStep,numberOfRobotsOnBlackSite,numberOfRobotsOnWhiteSite
22324,24,22
timeStep,numberOfRobotsOnBlackSite,numberOfRobotsOnWhiteSite
22325,24,22
timeStep,numberOfRobotsOnBlackSite,numberOfRobotsOnWhiteSite
22326,24,22
timeStep,numberOfRobotsOnBlackSite,numberOfRobotsOnWhiteSite
22327,24,22
timeStep,numberOfRobotsOnBlackSite,numberOfRobotsOnWhiteSite
22328,24,22
timeStep,numberOfRobotsOnBlackSite,numberOfRobotsOnWhiteSite
22329,24,22
timeStep,numberOfRobotsOnBlackSite,numberOfRobotsOnWhiteSite
22330,24,22
timeStep,numberOfRobotsOnBlackSite,numberOfRobotsOnWhiteSite
22331,24,22
timeStep,numberOfRobotsOnBlackSite,numberOfRobotsOnWhiteSite
22332,24,22
timeStep,numberOfRobotsOnBlackSite,numberOfRobotsOnWhiteSite
22333,24,22
timeStep,numberOfRobotsOnBlackSite,numberOfRobotsOnWhiteSite
22334,24,22
timeStep,numberOfRobotsOnBlackSite,numberOfRobotsOnWhiteSite
22335,24,22
timeStep,numberOfRobotsOnBlackSite,numberOfRobotsOnWhiteSite
22336,24,22
timeStep,numberOfRobotsOnBlackSite,numberOfRobotsOnWhiteSite
22337,24,22
timeStep,numberOfRobotsOnBlackSite,numberOfRobotsOnWhiteSite
22338,24,22
timeStep,numberOfRobotsOnBlackSite,numberOfRobotsOnWhiteSite
22339,24,22
timeStep,numberOfRobotsOnBlackSite,numberOfRobotsOnWhiteSite
22340,24,22
timeStep,numberOfRobotsOnBlackSite,numberOfRobotsOnWhiteSite
22341,24,22
timeStep,numberOfRobotsOnBlackSite,numberOfRobotsOnWhiteSite
22342,24,22
timeStep,numberOfRobotsOnBlackSite,numberOfRobotsOnWhiteSite
22343,24,22
timeStep,numberOfRobotsOnBlackSite,numberOfRobotsOnWhiteSite
22344,24,22
timeStep,numberOfRobotsOnBlackSite,numberOfRobotsOnWhiteSite
22345,24,22
timeStep,numberOfRobotsOnBlackSite,numberOfRobotsOnWhiteSite
22346,24,22
timeStep,numberOfRobotsOnBlackSite,numberOfRobotsOnWhiteSite
22347,24,22
timeStep,numberOfRobotsOnBlackSite,numberOfRobotsOnWhiteSite
22348,24,22
timeStep,numberOfRobotsOnBlackSite,numberOfRobotsOnWhiteSite
22349,24,22
timeStep,numberOfRobotsOnBlackSite,numberOfRobotsOnWhiteSite
22350,24,22
timeStep,numberOfRobotsOnBlackSite,numberOfRobotsOnWhiteSite
22351,24,22
timeStep,numberOfRobotsOnBlackSite,numberOfRobotsOnWhiteSite
22352,24,22
timeStep,numberOfRobotsOnBlackSite,numberOfRobotsOnWhiteSite
22353,24,22
timeStep,numberOfRobotsOnBlackSite,numberOfRobotsOnWhiteSite
22354,24,22
timeStep,numberOfRobotsOnBlackSite,numberOfRobotsOnWhiteSite
22355,24,22
timeStep,numberOfRobotsOnBlackSite,numberOfRobotsOnWhiteSite
22356,24,22
timeStep,numberOfRobotsOnBlackSite,numberOfRobotsOnWhiteSite
22357,24,22
timeStep,numberOfRobotsOnBlackSite,numberOfRobotsOnWhiteSite
22358,24,22
timeStep,numberOfRobotsOnBlackSite,numberOfRobotsOnWhiteSite
22359,24,22
timeStep,numberOfRobotsOnBlackSite,numberOfRobotsOnWhiteSite
22360,24,22
timeStep,numberOfRobotsOnBlackSite,numberOfRobotsOnWhiteSite
22361,24,22
timeStep,numberOfRobotsOnBlackSite,numberOfRobotsOnWhiteSite
22362,24,22
timeStep,numberOfRobotsOnBlackSite,numberOfRobotsOnWhiteSite
22363,24,22
timeStep,numberOfRobotsOnBlackSite,numberOfRobotsOnWhiteSite
22364,24,22
timeStep,numberOfRobotsOnBlackSite,numberOfRobotsOnWhiteSite
22365,24,22
timeStep,numberOfRobotsOnBlackSite,numberOfRobotsOnWhiteSite
22366,24,22
timeStep,numberOfRobotsOnBlackSite,numberOfRobotsOnWhiteSite
22367,24,22
timeStep,numberOfRobotsOnBlackSite,numberOfRobotsOnWhiteSite
22368,24,22
timeStep,numberOfRobotsOnBlackSite,numberOfRobotsOnWhiteSite
22369,24,22
timeStep,numberOfRobotsOnBlackSite,numberOfRobotsOnWhiteSite
22370,24,22
timeStep,numberOfRobotsOnBlackSite,numberOfRobotsOnWhiteSite
22371,24,22
timeStep,numberOfRobotsOnBlackSite,numberOfRobotsOnWhiteSite
22372,24,22
timeStep,numberOfRobotsOnBlackSite,numberOfRobotsOnWhiteSite
22373,24,22
timeStep,numberOfRobotsOnBlackSite,numberOfRobotsOnWhiteSite
22374,24,22
timeStep,numberOfRobotsOnBlackSite,numberOfRobotsOnWhiteSite
22375,24,22
timeStep,numberOfRobotsOnBlackSite,numberOfRobotsOnWhiteSite
22376,24,22
timeStep,numberOfRobotsOnBlackSite,numberOfRobotsOnWhiteSite
22377,24,22
timeStep,numberOfRobotsOnBlackSite,numberOfRobotsOnWhiteSite
22378,24,22
timeStep,numberOfRobotsOnBlackSite,numberOfRobotsOnWhiteSite
22379,24,22
timeStep,numberOfRobotsOnBlackSite,numberOfRobotsOnWhiteSite
22380,24,22
timeStep,numberOfRobotsOnBlackSite,numberOfRobotsOnWhiteSite
22381,24,22
timeStep,numberOfRobotsOnBlackSite,numberOfRobotsOnWhiteSite
22382,24,22
timeStep,numberOfRobotsOnBlackSite,numberOfRobotsOnWhiteSite
22383,24,22
timeStep,numberOfRobotsOnBlackSite,numberOfRobotsOnWhiteSite
22384,24,22
timeStep,numberOfRobotsOnBlackSite,numberOfRobotsOnWhiteSite
22385,24,22
timeStep,numberOfRobotsOnBlackSite,numberOfRobotsOnWhiteSite
22386,24,22
timeStep,numberOfRobotsOnBlackSite,numberOfRobotsOnWhiteSite
22387,24,22
timeStep,numberOfRobotsOnBlackSite,numberOfRobotsOnWhiteSite
22388,24,22
timeStep,numberOfRobotsOnBlackSite,numberOfRobotsOnWhiteSite
22389,24,22
timeStep,numberOfRobotsOnBlackSite,numberOfRobotsOnWhiteSite
22390,24,22
timeStep,numberOfRobotsOnBlackSite,numberOfRobotsOnWhiteSite
22391,24,22
timeStep,numberOfRobotsOnBlackSite,numberOfRobotsOnWhiteSite
22392,24,22
timeStep,numberOfRobotsOnBlackSite,numberOfRobotsOnWhiteSite
22393,24,22
timeStep,numberOfRobotsOnBlackSite,numberOfRobotsOnWhiteSite
22394,24,22
timeStep,numberOfRobotsOnBlackSite,numberOfRobotsOnWhiteSite
22395,24,22
timeStep,numberOfRobotsOnBlackSite,numberOfRobotsOnWhiteSite
22396,24,22
timeStep,numberOfRobotsOnBlackSite,numberOfRobotsOnWhiteSite
22397,24,22
timeStep,numberOfRobotsOnBlackSite,numberOfRobotsOnWhiteSite
22398,24,22
timeStep,numberOfRobotsOnBlackSite,numberOfRobotsOnWhiteSite
22399,24,22
timeStep,numberOfRobotsOnBlackSite,numberOfRobotsOnWhiteSite
22400,24,22
timeStep,numberOfRobotsOnBlackSite,numberOfRobotsOnWhiteSite
22401,24,22
timeStep,numberOfRobotsOnBlackSite,numberOfRobotsOnWhiteSite
22402,24,22
timeStep,numberOfRobotsOnBlackSite,numberOfRobotsOnWhiteSite
22403,24,22
timeStep,numberOfRobotsOnBlackSite,numberOfRobotsOnWhiteSite
22404,24,22
timeStep,numberOfRobotsOnBlackSite,numberOfRobotsOnWhiteSite
22405,24,22
timeStep,numberOfRobotsOnBlackSite,numberOfRobotsOnWhiteSite
22406,24,22
timeStep,numberOfRobotsOnBlackSite,numberOfRobotsOnWhiteSite
22407,24,22
timeStep,numberOfRobotsOnBlackSite,numberOfRobotsOnWhiteSite
22408,24,22
timeStep,numberOfRobotsOnBlackSite,numberOfRobotsOnWhiteSite
22409,24,22
timeStep,numberOfRobotsOnBlackSite,numberOfRobotsOnWhiteSite
22410,24,22
timeStep,numberOfRobotsOnBlackSite,numberOfRobotsOnWhiteSite
22411,24,22
timeStep,numberOfRobotsOnBlackSite,numberOfRobotsOnWhiteSite
22412,24,22
timeStep,numberOfRobotsOnBlackSite,numberOfRobotsOnWhiteSite
22413,24,22
timeStep,numberOfRobotsOnBlackSite,numberOfRobotsOnWhiteSite
22414,24,22
timeStep,numberOfRobotsOnBlackSite,numberOfRobotsOnWhiteSite
22415,24,22
timeStep,numberOfRobotsOnBlackSite,numberOfRobotsOnWhiteSite
22416,24,22
timeStep,numberOfRobotsOnBlackSite,numberOfRobotsOnWhiteSite
22417,24,22
timeStep,numberOfRobotsOnBlackSite,numberOfRobotsOnWhiteSite
22418,24,22
timeStep,numberOfRobotsOnBlackSite,numberOfRobotsOnWhiteSite
22419,24,22
timeStep,numberOfRobotsOnBlackSite,numberOfRobotsOnWhiteSite
22420,24,22
timeStep,numberOfRobotsOnBlackSite,numberOfRobotsOnWhiteSite
22421,24,22
timeStep,numberOfRobotsOnBlackSite,numberOfRobotsOnWhiteSite
22422,24,22
timeStep,numberOfRobotsOnBlackSite,numberOfRobotsOnWhiteSite
22423,24,22
timeStep,numberOfRobotsOnBlackSite,numberOfRobotsOnWhiteSite
22424,24,22
timeStep,numberOfRobotsOnBlackSite,numberOfRobotsOnWhiteSite
22425,24,22
timeStep,numberOfRobotsOnBlackSite,numberOfRobotsOnWhiteSite
22426,24,22
timeStep,numberOfRobotsOnBlackSite,numberOfRobotsOnWhiteSite
22427,24,22
timeStep,numberOfRobotsOnBlackSite,numberOfRobotsOnWhiteSite
22428,24,22
timeStep,numberOfRobotsOnBlackSite,numberOfRobotsOnWhiteSite
22429,24,22
timeStep,numberOfRobotsOnBlackSite,numberOfRobotsOnWhiteSite
22430,24,22
timeStep,numberOfRobotsOnBlackSite,numberOfRobotsOnWhiteSite
22431,24,22
timeStep,numberOfRobotsOnBlackSite,numberOfRobotsOnWhiteSite
22432,24,22
timeStep,numberOfRobotsOnBlackSite,numberOfRobotsOnWhiteSite
22433,24,22
timeStep,numberOfRobotsOnBlackSite,numberOfRobotsOnWhiteSite
22434,24,22
timeStep,numberOfRobotsOnBlackSite,numberOfRobotsOnWhiteSite
22435,24,22
timeStep,numberOfRobotsOnBlackSite,numberOfRobotsOnWhiteSite
22436,24,22
timeStep,numberOfRobotsOnBlackSite,numberOfRobotsOnWhiteSite
22437,24,22
timeStep,numberOfRobotsOnBlackSite,numberOfRobotsOnWhiteSite
22438,24,22
timeStep,numberOfRobotsOnBlackSite,numberOfRobotsOnWhiteSite
22439,24,22
timeStep,numberOfRobotsOnBlackSite,numberOfRobotsOnWhiteSite
22440,24,22
timeStep,numberOfRobotsOnBlackSite,numberOfRobotsOnWhiteSite
22441,24,22
timeStep,numberOfRobotsOnBlackSite,numberOfRobotsOnWhiteSite
22442,24,22
timeStep,numberOfRobotsOnBlackSite,numberOfRobotsOnWhiteSite
22443,24,22
timeStep,numberOfRobotsOnBlackSite,numberOfRobotsOnWhiteSite
22444,24,22
timeStep,numberOfRobotsOnBlackSite,numberOfRobotsOnWhiteSite
22445,24,22
timeStep,numberOfRobotsOnBlackSite,numberOfRobotsOnWhiteSite
22446,24,22
timeStep,numberOfRobotsOnBlackSite,numberOfRobotsOnWhiteSite
22447,24,22
timeStep,numberOfRobotsOnBlackSite,numberOfRobotsOnWhiteSite
22448,24,22
timeStep,numberOfRobotsOnBlackSite,numberOfRobotsOnWhiteSite
22449,24,22
timeStep,numberOfRobotsOnBlackSite,numberOfRobotsOnWhiteSite
22450,24,22
timeStep,numberOfRobotsOnBlackSite,numberOfRobotsOnWhiteSite
22451,24,22
timeStep,numberOfRobotsOnBlackSite,numberOfRobotsOnWhiteSite
22452,24,22
timeStep,numberOfRobotsOnBlackSite,numberOfRobotsOnWhiteSite
22453,24,22
timeStep,numberOfRobotsOnBlackSite,numberOfRobotsOnWhiteSite
22454,24,22
timeStep,numberOfRobotsOnBlackSite,numberOfRobotsOnWhiteSite
22455,24,22
timeStep,numberOfRobotsOnBlackSite,numberOfRobotsOnWhiteSite
22456,24,22
timeStep,numberOfRobotsOnBlackSite,numberOfRobotsOnWhiteSite
22457,24,22
timeStep,numberOfRobotsOnBlackSite,numberOfRobotsOnWhiteSite
22458,24,22
timeStep,numberOfRobotsOnBlackSite,numberOfRobotsOnWhiteSite
22459,24,22
timeStep,numberOfRobotsOnBlackSite,numberOfRobotsOnWhiteSite
22460,24,22
timeStep,numberOfRobotsOnBlackSite,numberOfRobotsOnWhiteSite
22461,24,22
timeStep,numberOfRobotsOnBlackSite,numberOfRobotsOnWhiteSite
22462,24,22
timeStep,numberOfRobotsOnBlackSite,numberOfRobotsOnWhiteSite
22463,24,22
timeStep,numberOfRobotsOnBlackSite,numberOfRobotsOnWhiteSite
22464,24,22
timeStep,numberOfRobotsOnBlackSite,numberOfRobotsOnWhiteSite
22465,24,22
timeStep,numberOfRobotsOnBlackSite,numberOfRobotsOnWhiteSite
22466,24,22
timeStep,numberOfRobotsOnBlackSite,numberOfRobotsOnWhiteSite
22467,24,22
timeStep,numberOfRobotsOnBlackSite,numberOfRobotsOnWhiteSite
22468,24,22
timeStep,numberOfRobotsOnBlackSite,numberOfRobotsOnWhiteSite
22469,24,22
timeStep,numberOfRobotsOnBlackSite,numberOfRobotsOnWhiteSite
22470,24,22
timeStep,numberOfRobotsOnBlackSite,numberOfRobotsOnWhiteSite
22471,24,22
timeStep,numberOfRobotsOnBlackSite,numberOfRobotsOnWhiteSite
22472,24,22
timeStep,numberOfRobotsOnBlackSite,numberOfRobotsOnWhiteSite
22473,24,22
timeStep,numberOfRobotsOnBlackSite,numberOfRobotsOnWhiteSite
22474,24,22
timeStep,numberOfRobotsOnBlackSite,numberOfRobotsOnWhiteSite
22475,24,22
timeStep,numberOfRobotsOnBlackSite,numberOfRobotsOnWhiteSite
22476,24,22
timeStep,numberOfRobotsOnBlackSite,numberOfRobotsOnWhiteSite
22477,24,22
timeStep,numberOfRobotsOnBlackSite,numberOfRobotsOnWhiteSite
22478,24,22
timeStep,numberOfRobotsOnBlackSite,numberOfRobotsOnWhiteSite
22479,24,22
timeStep,numberOfRobotsOnBlackSite,numberOfRobotsOnWhiteSite
22480,24,22
timeStep,numberOfRobotsOnBlackSite,numberOfRobotsOnWhiteSite
22481,24,22
timeStep,numberOfRobotsOnBlackSite,numberOfRobotsOnWhiteSite
22482,24,22
timeStep,numberOfRobotsOnBlackSite,numberOfRobotsOnWhiteSite
22483,24,22
timeStep,numberOfRobotsOnBlackSite,numberOfRobotsOnWhiteSite
22484,24,22
timeStep,numberOfRobotsOnBlackSite,numberOfRobotsOnWhiteSite
22485,24,22
timeStep,numberOfRobotsOnBlackSite,numberOfRobotsOnWhiteSite
22486,24,22
timeStep,numberOfRobotsOnBlackSite,numberOfRobotsOnWhiteSite
22487,24,22
timeStep,numberOfRobotsOnBlackSite,numberOfRobotsOnWhiteSite
22488,24,22
timeStep,numberOfRobotsOnBlackSite,numberOfRobotsOnWhiteSite
22489,24,22
timeStep,numberOfRobotsOnBlackSite,numberOfRobotsOnWhiteSite
22490,24,22
timeStep,numberOfRobotsOnBlackSite,numberOfRobotsOnWhiteSite
22491,24,22
timeStep,numberOfRobotsOnBlackSite,numberOfRobotsOnWhiteSite
22492,24,22
timeStep,numberOfRobotsOnBlackSite,numberOfRobotsOnWhiteSite
22493,24,22
timeStep,numberOfRobotsOnBlackSite,numberOfRobotsOnWhiteSite
22494,24,22
timeStep,numberOfRobotsOnBlackSite,numberOfRobotsOnWhiteSite
22495,24,22
timeStep,numberOfRobotsOnBlackSite,numberOfRobotsOnWhiteSite
22496,24,22
timeStep,numberOfRobotsOnBlackSite,numberOfRobotsOnWhiteSite
22497,24,22
timeStep,numberOfRobotsOnBlackSite,numberOfRobotsOnWhiteSite
22498,24,22
timeStep,numberOfRobotsOnBlackSite,numberOfRobotsOnWhiteSite
22499,24,22
timeStep,numberOfRobotsOnBlackSite,numberOfRobotsOnWhiteSite
22500,24,22
timeStep,numberOfRobotsOnBlackSite,numberOfRobotsOnWhiteSite
22501,24,22
timeStep,numberOfRobotsOnBlackSite,numberOfRobotsOnWhiteSite
22502,24,22
timeStep,numberOfRobotsOnBlackSite,numberOfRobotsOnWhiteSite
22503,24,22
timeStep,numberOfRobotsOnBlackSite,numberOfRobotsOnWhiteSite
22504,24,22
timeStep,numberOfRobotsOnBlackSite,numberOfRobotsOnWhiteSite
22505,24,22
timeStep,numberOfRobotsOnBlackSite,numberOfRobotsOnWhiteSite
22506,24,22
timeStep,numberOfRobotsOnBlackSite,numberOfRobotsOnWhiteSite
22507,24,22
timeStep,numberOfRobotsOnBlackSite,numberOfRobotsOnWhiteSite
22508,24,22
timeStep,numberOfRobotsOnBlackSite,numberOfRobotsOnWhiteSite
22509,24,22
timeStep,numberOfRobotsOnBlackSite,numberOfRobotsOnWhiteSite
22510,24,22
timeStep,numberOfRobotsOnBlackSite,numberOfRobotsOnWhiteSite
22511,24,22
timeStep,numberOfRobotsOnBlackSite,numberOfRobotsOnWhiteSite
22512,24,22
timeStep,numberOfRobotsOnBlackSite,numberOfRobotsOnWhiteSite
22513,24,22
timeStep,numberOfRobotsOnBlackSite,numberOfRobotsOnWhiteSite
22514,24,22
timeStep,numberOfRobotsOnBlackSite,numberOfRobotsOnWhiteSite
22515,24,22
timeStep,numberOfRobotsOnBlackSite,numberOfRobotsOnWhiteSite
22516,24,22
timeStep,numberOfRobotsOnBlackSite,numberOfRobotsOnWhiteSite
22517,24,22
timeStep,numberOfRobotsOnBlackSite,numberOfRobotsOnWhiteSite
22518,24,22
timeStep,numberOfRobotsOnBlackSite,numberOfRobotsOnWhiteSite
22519,24,22
timeStep,numberOfRobotsOnBlackSite,numberOfRobotsOnWhiteSite
22520,24,22
timeStep,numberOfRobotsOnBlackSite,numberOfRobotsOnWhiteSite
22521,24,22
timeStep,numberOfRobotsOnBlackSite,numberOfRobotsOnWhiteSite
22522,24,22
timeStep,numberOfRobotsOnBlackSite,numberOfRobotsOnWhiteSite
22523,24,22
timeStep,numberOfRobotsOnBlackSite,numberOfRobotsOnWhiteSite
22524,24,22
timeStep,numberOfRobotsOnBlackSite,numberOfRobotsOnWhiteSite
22525,24,22
timeStep,numberOfRobotsOnBlackSite,numberOfRobotsOnWhiteSite
22526,24,22
timeStep,numberOfRobotsOnBlackSite,numberOfRobotsOnWhiteSite
22527,24,22
timeStep,numberOfRobotsOnBlackSite,numberOfRobotsOnWhiteSite
22528,24,22
timeStep,numberOfRobotsOnBlackSite,numberOfRobotsOnWhiteSite
22529,24,22
timeStep,numberOfRobotsOnBlackSite,numberOfRobotsOnWhiteSite
22530,24,22
timeStep,numberOfRobotsOnBlackSite,numberOfRobotsOnWhiteSite
22531,24,22
timeStep,numberOfRobotsOnBlackSite,numberOfRobotsOnWhiteSite
22532,24,22
timeStep,numberOfRobotsOnBlackSite,numberOfRobotsOnWhiteSite
22533,24,22
timeStep,numberOfRobotsOnBlackSite,numberOfRobotsOnWhiteSite
22534,24,22
timeStep,numberOfRobotsOnBlackSite,numberOfRobotsOnWhiteSite
22535,24,22
timeStep,numberOfRobotsOnBlackSite,numberOfRobotsOnWhiteSite
22536,24,22
timeStep,numberOfRobotsOnBlackSite,numberOfRobotsOnWhiteSite
22537,24,22
timeStep,numberOfRobotsOnBlackSite,numberOfRobotsOnWhiteSite
22538,24,22
timeStep,numberOfRobotsOnBlackSite,numberOfRobotsOnWhiteSite
22539,24,22
timeStep,numberOfRobotsOnBlackSite,numberOfRobotsOnWhiteSite
22540,24,22
timeStep,numberOfRobotsOnBlackSite,numberOfRobotsOnWhiteSite
22541,24,22
timeStep,numberOfRobotsOnBlackSite,numberOfRobotsOnWhiteSite
22542,24,22
timeStep,numberOfRobotsOnBlackSite,numberOfRobotsOnWhiteSite
22543,24,22
timeStep,numberOfRobotsOnBlackSite,numberOfRobotsOnWhiteSite
22544,24,22
timeStep,numberOfRobotsOnBlackSite,numberOfRobotsOnWhiteSite
22545,24,22
timeStep,numberOfRobotsOnBlackSite,numberOfRobotsOnWhiteSite
22546,24,22
timeStep,numberOfRobotsOnBlackSite,numberOfRobotsOnWhiteSite
22547,24,22
timeStep,numberOfRobotsOnBlackSite,numberOfRobotsOnWhiteSite
22548,24,22
timeStep,numberOfRobotsOnBlackSite,numberOfRobotsOnWhiteSite
22549,24,22
timeStep,numberOfRobotsOnBlackSite,numberOfRobotsOnWhiteSite
22550,24,22
timeStep,numberOfRobotsOnBlackSite,numberOfRobotsOnWhiteSite
22551,24,22
timeStep,numberOfRobotsOnBlackSite,numberOfRobotsOnWhiteSite
22552,24,22
timeStep,numberOfRobotsOnBlackSite,numberOfRobotsOnWhiteSite
22553,24,22
timeStep,numberOfRobotsOnBlackSite,numberOfRobotsOnWhiteSite
22554,24,22
timeStep,numberOfRobotsOnBlackSite,numberOfRobotsOnWhiteSite
22555,24,22
timeStep,numberOfRobotsOnBlackSite,numberOfRobotsOnWhiteSite
22556,24,22
timeStep,numberOfRobotsOnBlackSite,numberOfRobotsOnWhiteSite
22557,24,22
timeStep,numberOfRobotsOnBlackSite,numberOfRobotsOnWhiteSite
22558,24,22
timeStep,numberOfRobotsOnBlackSite,numberOfRobotsOnWhiteSite
22559,24,22
timeStep,numberOfRobotsOnBlackSite,numberOfRobotsOnWhiteSite
22560,24,22
timeStep,numberOfRobotsOnBlackSite,numberOfRobotsOnWhiteSite
22561,24,22
timeStep,numberOfRobotsOnBlackSite,numberOfRobotsOnWhiteSite
22562,24,22
timeStep,numberOfRobotsOnBlackSite,numberOfRobotsOnWhiteSite
22563,24,22
timeStep,numberOfRobotsOnBlackSite,numberOfRobotsOnWhiteSite
22564,24,22
timeStep,numberOfRobotsOnBlackSite,numberOfRobotsOnWhiteSite
22565,24,22
timeStep,numberOfRobotsOnBlackSite,numberOfRobotsOnWhiteSite
22566,24,22
timeStep,numberOfRobotsOnBlackSite,numberOfRobotsOnWhiteSite
22567,24,22
timeStep,numberOfRobotsOnBlackSite,numberOfRobotsOnWhiteSite
22568,24,22
timeStep,numberOfRobotsOnBlackSite,numberOfRobotsOnWhiteSite
22569,24,22
timeStep,numberOfRobotsOnBlackSite,numberOfRobotsOnWhiteSite
22570,24,22
timeStep,numberOfRobotsOnBlackSite,numberOfRobotsOnWhiteSite
22571,24,22
timeStep,numberOfRobotsOnBlackSite,numberOfRobotsOnWhiteSite
22572,24,22
timeStep,numberOfRobotsOnBlackSite,numberOfRobotsOnWhiteSite
22573,24,22
timeStep,numberOfRobotsOnBlackSite,numberOfRobotsOnWhiteSite
22574,24,22
timeStep,numberOfRobotsOnBlackSite,numberOfRobotsOnWhiteSite
22575,24,22
timeStep,numberOfRobotsOnBlackSite,numberOfRobotsOnWhiteSite
22576,24,22
timeStep,numberOfRobotsOnBlackSite,numberOfRobotsOnWhiteSite
22577,24,22
timeStep,numberOfRobotsOnBlackSite,numberOfRobotsOnWhiteSite
22578,24,22
timeStep,numberOfRobotsOnBlackSite,numberOfRobotsOnWhiteSite
22579,24,22
timeStep,numberOfRobotsOnBlackSite,numberOfRobotsOnWhiteSite
22580,24,22
timeStep,numberOfRobotsOnBlackSite,numberOfRobotsOnWhiteSite
22581,24,22
timeStep,numberOfRobotsOnBlackSite,numberOfRobotsOnWhiteSite
22582,24,22
timeStep,numberOfRobotsOnBlackSite,numberOfRobotsOnWhiteSite
22583,24,22
timeStep,numberOfRobotsOnBlackSite,numberOfRobotsOnWhiteSite
22584,24,22
timeStep,numberOfRobotsOnBlackSite,numberOfRobotsOnWhiteSite
22585,24,22
timeStep,numberOfRobotsOnBlackSite,numberOfRobotsOnWhiteSite
22586,24,22
timeStep,numberOfRobotsOnBlackSite,numberOfRobotsOnWhiteSite
22587,24,22
timeStep,numberOfRobotsOnBlackSite,numberOfRobotsOnWhiteSite
22588,24,22
timeStep,numberOfRobotsOnBlackSite,numberOfRobotsOnWhiteSite
22589,24,22
timeStep,numberOfRobotsOnBlackSite,numberOfRobotsOnWhiteSite
22590,24,22
timeStep,numberOfRobotsOnBlackSite,numberOfRobotsOnWhiteSite
22591,24,22
timeStep,numberOfRobotsOnBlackSite,numberOfRobotsOnWhiteSite
22592,24,22
timeStep,numberOfRobotsOnBlackSite,numberOfRobotsOnWhiteSite
22593,24,22
timeStep,numberOfRobotsOnBlackSite,numberOfRobotsOnWhiteSite
22594,24,22
timeStep,numberOfRobotsOnBlackSite,numberOfRobotsOnWhiteSite
22595,24,22
timeStep,numberOfRobotsOnBlackSite,numberOfRobotsOnWhiteSite
22596,24,22
timeStep,numberOfRobotsOnBlackSite,numberOfRobotsOnWhiteSite
22597,24,22
timeStep,numberOfRobotsOnBlackSite,numberOfRobotsOnWhiteSite
22598,24,22
timeStep,numberOfRobotsOnBlackSite,numberOfRobotsOnWhiteSite
22599,24,22
timeStep,numberOfRobotsOnBlackSite,numberOfRobotsOnWhiteSite
22600,24,22
timeStep,numberOfRobotsOnBlackSite,numberOfRobotsOnWhiteSite
22601,24,22
timeStep,numberOfRobotsOnBlackSite,numberOfRobotsOnWhiteSite
22602,24,22
timeStep,numberOfRobotsOnBlackSite,numberOfRobotsOnWhiteSite
22603,24,22
timeStep,numberOfRobotsOnBlackSite,numberOfRobotsOnWhiteSite
22604,24,22
timeStep,numberOfRobotsOnBlackSite,numberOfRobotsOnWhiteSite
22605,24,22
timeStep,numberOfRobotsOnBlackSite,numberOfRobotsOnWhiteSite
22606,24,22
timeStep,numberOfRobotsOnBlackSite,numberOfRobotsOnWhiteSite
22607,24,22
timeStep,numberOfRobotsOnBlackSite,numberOfRobotsOnWhiteSite
22608,24,22
timeStep,numberOfRobotsOnBlackSite,numberOfRobotsOnWhiteSite
22609,24,22
timeStep,numberOfRobotsOnBlackSite,numberOfRobotsOnWhiteSite
22610,24,22
timeStep,numberOfRobotsOnBlackSite,numberOfRobotsOnWhiteSite
22611,24,22
timeStep,numberOfRobotsOnBlackSite,numberOfRobotsOnWhiteSite
22612,24,22
timeStep,numberOfRobotsOnBlackSite,numberOfRobotsOnWhiteSite
22613,24,22
timeStep,numberOfRobotsOnBlackSite,numberOfRobotsOnWhiteSite
22614,24,22
timeStep,numberOfRobotsOnBlackSite,numberOfRobotsOnWhiteSite
22615,24,22
timeStep,numberOfRobotsOnBlackSite,numberOfRobotsOnWhiteSite
22616,24,22
timeStep,numberOfRobotsOnBlackSite,numberOfRobotsOnWhiteSite
22617,24,22
timeStep,numberOfRobotsOnBlackSite,numberOfRobotsOnWhiteSite
22618,24,22
timeStep,numberOfRobotsOnBlackSite,numberOfRobotsOnWhiteSite
22619,24,22
timeStep,numberOfRobotsOnBlackSite,numberOfRobotsOnWhiteSite
22620,24,22
timeStep,numberOfRobotsOnBlackSite,numberOfRobotsOnWhiteSite
22621,24,22
timeStep,numberOfRobotsOnBlackSite,numberOfRobotsOnWhiteSite
22622,24,22
timeStep,numberOfRobotsOnBlackSite,numberOfRobotsOnWhiteSite
22623,24,22
timeStep,numberOfRobotsOnBlackSite,numberOfRobotsOnWhiteSite
22624,24,22
timeStep,numberOfRobotsOnBlackSite,numberOfRobotsOnWhiteSite
22625,24,22
timeStep,numberOfRobotsOnBlackSite,numberOfRobotsOnWhiteSite
22626,24,22
timeStep,numberOfRobotsOnBlackSite,numberOfRobotsOnWhiteSite
22627,24,22
timeStep,numberOfRobotsOnBlackSite,numberOfRobotsOnWhiteSite
22628,24,22
timeStep,numberOfRobotsOnBlackSite,numberOfRobotsOnWhiteSite
22629,24,22
timeStep,numberOfRobotsOnBlackSite,numberOfRobotsOnWhiteSite
22630,24,22
timeStep,numberOfRobotsOnBlackSite,numberOfRobotsOnWhiteSite
22631,24,22
timeStep,numberOfRobotsOnBlackSite,numberOfRobotsOnWhiteSite
22632,24,22
timeStep,numberOfRobotsOnBlackSite,numberOfRobotsOnWhiteSite
22633,24,22
timeStep,numberOfRobotsOnBlackSite,numberOfRobotsOnWhiteSite
22634,24,22
timeStep,numberOfRobotsOnBlackSite,numberOfRobotsOnWhiteSite
22635,24,22
timeStep,numberOfRobotsOnBlackSite,numberOfRobotsOnWhiteSite
22636,24,22
timeStep,numberOfRobotsOnBlackSite,numberOfRobotsOnWhiteSite
22637,24,22
timeStep,numberOfRobotsOnBlackSite,numberOfRobotsOnWhiteSite
22638,24,22
timeStep,numberOfRobotsOnBlackSite,numberOfRobotsOnWhiteSite
22639,24,22
timeStep,numberOfRobotsOnBlackSite,numberOfRobotsOnWhiteSite
22640,24,22
timeStep,numberOfRobotsOnBlackSite,numberOfRobotsOnWhiteSite
22641,24,22
timeStep,numberOfRobotsOnBlackSite,numberOfRobotsOnWhiteSite
22642,24,22
timeStep,numberOfRobotsOnBlackSite,numberOfRobotsOnWhiteSite
22643,24,22
timeStep,numberOfRobotsOnBlackSite,numberOfRobotsOnWhiteSite
22644,24,22
timeStep,numberOfRobotsOnBlackSite,numberOfRobotsOnWhiteSite
22645,24,22
timeStep,numberOfRobotsOnBlackSite,numberOfRobotsOnWhiteSite
22646,24,22
timeStep,numberOfRobotsOnBlackSite,numberOfRobotsOnWhiteSite
22647,24,22
timeStep,numberOfRobotsOnBlackSite,numberOfRobotsOnWhiteSite
22648,24,22
timeStep,numberOfRobotsOnBlackSite,numberOfRobotsOnWhiteSite
22649,24,22
timeStep,numberOfRobotsOnBlackSite,numberOfRobotsOnWhiteSite
22650,24,22
timeStep,numberOfRobotsOnBlackSite,numberOfRobotsOnWhiteSite
22651,24,22
timeStep,numberOfRobotsOnBlackSite,numberOfRobotsOnWhiteSite
22652,24,22
timeStep,numberOfRobotsOnBlackSite,numberOfRobotsOnWhiteSite
22653,24,22
timeStep,numberOfRobotsOnBlackSite,numberOfRobotsOnWhiteSite
22654,24,22
timeStep,numberOfRobotsOnBlackSite,numberOfRobotsOnWhiteSite
22655,24,22
timeStep,numberOfRobotsOnBlackSite,numberOfRobotsOnWhiteSite
22656,24,22
timeStep,numberOfRobotsOnBlackSite,numberOfRobotsOnWhiteSite
22657,24,22
timeStep,numberOfRobotsOnBlackSite,numberOfRobotsOnWhiteSite
22658,24,22
timeStep,numberOfRobotsOnBlackSite,numberOfRobotsOnWhiteSite
22659,24,22
timeStep,numberOfRobotsOnBlackSite,numberOfRobotsOnWhiteSite
22660,24,22
timeStep,numberOfRobotsOnBlackSite,numberOfRobotsOnWhiteSite
22661,24,22
timeStep,numberOfRobotsOnBlackSite,numberOfRobotsOnWhiteSite
22662,24,22
timeStep,numberOfRobotsOnBlackSite,numberOfRobotsOnWhiteSite
22663,24,22
timeStep,numberOfRobotsOnBlackSite,numberOfRobotsOnWhiteSite
22664,24,22
timeStep,numberOfRobotsOnBlackSite,numberOfRobotsOnWhiteSite
22665,24,22
timeStep,numberOfRobotsOnBlackSite,numberOfRobotsOnWhiteSite
22666,24,22
timeStep,numberOfRobotsOnBlackSite,numberOfRobotsOnWhiteSite
22667,24,22
timeStep,numberOfRobotsOnBlackSite,numberOfRobotsOnWhiteSite
22668,24,22
timeStep,numberOfRobotsOnBlackSite,numberOfRobotsOnWhiteSite
22669,24,22
timeStep,numberOfRobotsOnBlackSite,numberOfRobotsOnWhiteSite
22670,24,22
timeStep,numberOfRobotsOnBlackSite,numberOfRobotsOnWhiteSite
22671,24,22
timeStep,numberOfRobotsOnBlackSite,numberOfRobotsOnWhiteSite
22672,24,22
timeStep,numberOfRobotsOnBlackSite,numberOfRobotsOnWhiteSite
22673,24,22
timeStep,numberOfRobotsOnBlackSite,numberOfRobotsOnWhiteSite
22674,24,22
timeStep,numberOfRobotsOnBlackSite,numberOfRobotsOnWhiteSite
22675,24,22
timeStep,numberOfRobotsOnBlackSite,numberOfRobotsOnWhiteSite
22676,24,22
timeStep,numberOfRobotsOnBlackSite,numberOfRobotsOnWhiteSite
22677,24,22
timeStep,numberOfRobotsOnBlackSite,numberOfRobotsOnWhiteSite
22678,24,22
timeStep,numberOfRobotsOnBlackSite,numberOfRobotsOnWhiteSite
22679,24,22
timeStep,numberOfRobotsOnBlackSite,numberOfRobotsOnWhiteSite
22680,24,22
timeStep,numberOfRobotsOnBlackSite,numberOfRobotsOnWhiteSite
22681,24,22
timeStep,numberOfRobotsOnBlackSite,numberOfRobotsOnWhiteSite
22682,24,22
timeStep,numberOfRobotsOnBlackSite,numberOfRobotsOnWhiteSite
22683,24,22
timeStep,numberOfRobotsOnBlackSite,numberOfRobotsOnWhiteSite
22684,24,22
timeStep,numberOfRobotsOnBlackSite,numberOfRobotsOnWhiteSite
22685,24,22
timeStep,numberOfRobotsOnBlackSite,numberOfRobotsOnWhiteSite
22686,24,22
timeStep,numberOfRobotsOnBlackSite,numberOfRobotsOnWhiteSite
22687,24,22
timeStep,numberOfRobotsOnBlackSite,numberOfRobotsOnWhiteSite
22688,24,22
timeStep,numberOfRobotsOnBlackSite,numberOfRobotsOnWhiteSite
22689,24,22
timeStep,numberOfRobotsOnBlackSite,numberOfRobotsOnWhiteSite
22690,24,22
timeStep,numberOfRobotsOnBlackSite,numberOfRobotsOnWhiteSite
22691,24,22
timeStep,numberOfRobotsOnBlackSite,numberOfRobotsOnWhiteSite
22692,24,22
timeStep,numberOfRobotsOnBlackSite,numberOfRobotsOnWhiteSite
22693,24,22
timeStep,numberOfRobotsOnBlackSite,numberOfRobotsOnWhiteSite
22694,24,22
timeStep,numberOfRobotsOnBlackSite,numberOfRobotsOnWhiteSite
22695,24,22
timeStep,numberOfRobotsOnBlackSite,numberOfRobotsOnWhiteSite
22696,24,22
timeStep,numberOfRobotsOnBlackSite,numberOfRobotsOnWhiteSite
22697,24,22
timeStep,numberOfRobotsOnBlackSite,numberOfRobotsOnWhiteSite
22698,24,22
timeStep,numberOfRobotsOnBlackSite,numberOfRobotsOnWhiteSite
22699,24,22
timeStep,numberOfRobotsOnBlackSite,numberOfRobotsOnWhiteSite
22700,24,22
timeStep,numberOfRobotsOnBlackSite,numberOfRobotsOnWhiteSite
22701,24,22
timeStep,numberOfRobotsOnBlackSite,numberOfRobotsOnWhiteSite
22702,24,22
timeStep,numberOfRobotsOnBlackSite,numberOfRobotsOnWhiteSite
22703,24,22
timeStep,numberOfRobotsOnBlackSite,numberOfRobotsOnWhiteSite
22704,24,22
timeStep,numberOfRobotsOnBlackSite,numberOfRobotsOnWhiteSite
22705,24,22
timeStep,numberOfRobotsOnBlackSite,numberOfRobotsOnWhiteSite
22706,24,22
timeStep,numberOfRobotsOnBlackSite,numberOfRobotsOnWhiteSite
22707,24,22
timeStep,numberOfRobotsOnBlackSite,numberOfRobotsOnWhiteSite
22708,24,22
timeStep,numberOfRobotsOnBlackSite,numberOfRobotsOnWhiteSite
22709,24,22
timeStep,numberOfRobotsOnBlackSite,numberOfRobotsOnWhiteSite
22710,24,22
timeStep,numberOfRobotsOnBlackSite,numberOfRobotsOnWhiteSite
22711,24,22
timeStep,numberOfRobotsOnBlackSite,numberOfRobotsOnWhiteSite
22712,24,22
timeStep,numberOfRobotsOnBlackSite,numberOfRobotsOnWhiteSite
22713,24,22
timeStep,numberOfRobotsOnBlackSite,numberOfRobotsOnWhiteSite
22714,24,22
timeStep,numberOfRobotsOnBlackSite,numberOfRobotsOnWhiteSite
22715,24,22
timeStep,numberOfRobotsOnBlackSite,numberOfRobotsOnWhiteSite
22716,24,22
timeStep,numberOfRobotsOnBlackSite,numberOfRobotsOnWhiteSite
22717,24,22
timeStep,numberOfRobotsOnBlackSite,numberOfRobotsOnWhiteSite
22718,24,22
timeStep,numberOfRobotsOnBlackSite,numberOfRobotsOnWhiteSite
22719,24,22
timeStep,numberOfRobotsOnBlackSite,numberOfRobotsOnWhiteSite
22720,24,22
timeStep,numberOfRobotsOnBlackSite,numberOfRobotsOnWhiteSite
22721,24,22
timeStep,numberOfRobotsOnBlackSite,numberOfRobotsOnWhiteSite
22722,24,22
timeStep,numberOfRobotsOnBlackSite,numberOfRobotsOnWhiteSite
22723,24,22
timeStep,numberOfRobotsOnBlackSite,numberOfRobotsOnWhiteSite
22724,24,22
timeStep,numberOfRobotsOnBlackSite,numberOfRobotsOnWhiteSite
22725,24,22
timeStep,numberOfRobotsOnBlackSite,numberOfRobotsOnWhiteSite
22726,24,22
timeStep,numberOfRobotsOnBlackSite,numberOfRobotsOnWhiteSite
22727,24,22
timeStep,numberOfRobotsOnBlackSite,numberOfRobotsOnWhiteSite
22728,24,22
timeStep,numberOfRobotsOnBlackSite,numberOfRobotsOnWhiteSite
22729,24,22
timeStep,numberOfRobotsOnBlackSite,numberOfRobotsOnWhiteSite
22730,24,22
timeStep,numberOfRobotsOnBlackSite,numberOfRobotsOnWhiteSite
22731,24,22
timeStep,numberOfRobotsOnBlackSite,numberOfRobotsOnWhiteSite
22732,24,22
timeStep,numberOfRobotsOnBlackSite,numberOfRobotsOnWhiteSite
22733,24,22
timeStep,numberOfRobotsOnBlackSite,numberOfRobotsOnWhiteSite
22734,24,22
timeStep,numberOfRobotsOnBlackSite,numberOfRobotsOnWhiteSite
22735,24,22
timeStep,numberOfRobotsOnBlackSite,numberOfRobotsOnWhiteSite
22736,24,22
timeStep,numberOfRobotsOnBlackSite,numberOfRobotsOnWhiteSite
22737,24,22
timeStep,numberOfRobotsOnBlackSite,numberOfRobotsOnWhiteSite
22738,24,22
timeStep,numberOfRobotsOnBlackSite,numberOfRobotsOnWhiteSite
22739,24,22
timeStep,numberOfRobotsOnBlackSite,numberOfRobotsOnWhiteSite
22740,24,22
timeStep,numberOfRobotsOnBlackSite,numberOfRobotsOnWhiteSite
22741,24,22
timeStep,numberOfRobotsOnBlackSite,numberOfRobotsOnWhiteSite
22742,24,22
timeStep,numberOfRobotsOnBlackSite,numberOfRobotsOnWhiteSite
22743,24,22
timeStep,numberOfRobotsOnBlackSite,numberOfRobotsOnWhiteSite
22744,24,22
timeStep,numberOfRobotsOnBlackSite,numberOfRobotsOnWhiteSite
22745,24,22
timeStep,numberOfRobotsOnBlackSite,numberOfRobotsOnWhiteSite
22746,24,22
timeStep,numberOfRobotsOnBlackSite,numberOfRobotsOnWhiteSite
22747,24,22
timeStep,numberOfRobotsOnBlackSite,numberOfRobotsOnWhiteSite
22748,24,22
timeStep,numberOfRobotsOnBlackSite,numberOfRobotsOnWhiteSite
22749,24,22
timeStep,numberOfRobotsOnBlackSite,numberOfRobotsOnWhiteSite
22750,24,22
timeStep,numberOfRobotsOnBlackSite,numberOfRobotsOnWhiteSite
22751,24,22
timeStep,numberOfRobotsOnBlackSite,numberOfRobotsOnWhiteSite
22752,24,22
timeStep,numberOfRobotsOnBlackSite,numberOfRobotsOnWhiteSite
22753,24,22
timeStep,numberOfRobotsOnBlackSite,numberOfRobotsOnWhiteSite
22754,24,22
timeStep,numberOfRobotsOnBlackSite,numberOfRobotsOnWhiteSite
22755,24,22
timeStep,numberOfRobotsOnBlackSite,numberOfRobotsOnWhiteSite
22756,24,22
timeStep,numberOfRobotsOnBlackSite,numberOfRobotsOnWhiteSite
22757,24,22
timeStep,numberOfRobotsOnBlackSite,numberOfRobotsOnWhiteSite
22758,24,22
timeStep,numberOfRobotsOnBlackSite,numberOfRobotsOnWhiteSite
22759,24,22
timeStep,numberOfRobotsOnBlackSite,numberOfRobotsOnWhiteSite
22760,24,22
timeStep,numberOfRobotsOnBlackSite,numberOfRobotsOnWhiteSite
22761,24,22
timeStep,numberOfRobotsOnBlackSite,numberOfRobotsOnWhiteSite
22762,24,22
timeStep,numberOfRobotsOnBlackSite,numberOfRobotsOnWhiteSite
22763,24,22
timeStep,numberOfRobotsOnBlackSite,numberOfRobotsOnWhiteSite
22764,24,22
timeStep,numberOfRobotsOnBlackSite,numberOfRobotsOnWhiteSite
22765,24,22
timeStep,numberOfRobotsOnBlackSite,numberOfRobotsOnWhiteSite
22766,24,22
timeStep,numberOfRobotsOnBlackSite,numberOfRobotsOnWhiteSite
22767,24,22
timeStep,numberOfRobotsOnBlackSite,numberOfRobotsOnWhiteSite
22768,24,22
timeStep,numberOfRobotsOnBlackSite,numberOfRobotsOnWhiteSite
22769,24,22
timeStep,numberOfRobotsOnBlackSite,numberOfRobotsOnWhiteSite
22770,24,22
timeStep,numberOfRobotsOnBlackSite,numberOfRobotsOnWhiteSite
22771,24,22
timeStep,numberOfRobotsOnBlackSite,numberOfRobotsOnWhiteSite
22772,24,22
timeStep,numberOfRobotsOnBlackSite,numberOfRobotsOnWhiteSite
22773,24,22
timeStep,numberOfRobotsOnBlackSite,numberOfRobotsOnWhiteSite
22774,24,22
timeStep,numberOfRobotsOnBlackSite,numberOfRobotsOnWhiteSite
22775,24,22
timeStep,numberOfRobotsOnBlackSite,numberOfRobotsOnWhiteSite
22776,24,22
timeStep,numberOfRobotsOnBlackSite,numberOfRobotsOnWhiteSite
22777,24,22
timeStep,numberOfRobotsOnBlackSite,numberOfRobotsOnWhiteSite
22778,24,22
timeStep,numberOfRobotsOnBlackSite,numberOfRobotsOnWhiteSite
22779,24,22
timeStep,numberOfRobotsOnBlackSite,numberOfRobotsOnWhiteSite
22780,24,22
timeStep,numberOfRobotsOnBlackSite,numberOfRobotsOnWhiteSite
22781,24,22
timeStep,numberOfRobotsOnBlackSite,numberOfRobotsOnWhiteSite
22782,24,22
timeStep,numberOfRobotsOnBlackSite,numberOfRobotsOnWhiteSite
22783,24,22
timeStep,numberOfRobotsOnBlackSite,numberOfRobotsOnWhiteSite
22784,24,22
timeStep,numberOfRobotsOnBlackSite,numberOfRobotsOnWhiteSite
22785,24,22
timeStep,numberOfRobotsOnBlackSite,numberOfRobotsOnWhiteSite
22786,24,22
timeStep,numberOfRobotsOnBlackSite,numberOfRobotsOnWhiteSite
22787,24,22
timeStep,numberOfRobotsOnBlackSite,numberOfRobotsOnWhiteSite
22788,24,22
timeStep,numberOfRobotsOnBlackSite,numberOfRobotsOnWhiteSite
22789,24,22
timeStep,numberOfRobotsOnBlackSite,numberOfRobotsOnWhiteSite
22790,24,22
timeStep,numberOfRobotsOnBlackSite,numberOfRobotsOnWhiteSite
22791,24,22
timeStep,numberOfRobotsOnBlackSite,numberOfRobotsOnWhiteSite
22792,24,22
timeStep,numberOfRobotsOnBlackSite,numberOfRobotsOnWhiteSite
22793,24,22
timeStep,numberOfRobotsOnBlackSite,numberOfRobotsOnWhiteSite
22794,24,22
timeStep,numberOfRobotsOnBlackSite,numberOfRobotsOnWhiteSite
22795,24,22
timeStep,numberOfRobotsOnBlackSite,numberOfRobotsOnWhiteSite
22796,24,22
timeStep,numberOfRobotsOnBlackSite,numberOfRobotsOnWhiteSite
22797,24,22
timeStep,numberOfRobotsOnBlackSite,numberOfRobotsOnWhiteSite
22798,24,22
timeStep,numberOfRobotsOnBlackSite,numberOfRobotsOnWhiteSite
22799,24,22
timeStep,numberOfRobotsOnBlackSite,numberOfRobotsOnWhiteSite
22800,24,22
timeStep,numberOfRobotsOnBlackSite,numberOfRobotsOnWhiteSite
22801,24,22
timeStep,numberOfRobotsOnBlackSite,numberOfRobotsOnWhiteSite
22802,24,22
timeStep,numberOfRobotsOnBlackSite,numberOfRobotsOnWhiteSite
22803,24,22
timeStep,numberOfRobotsOnBlackSite,numberOfRobotsOnWhiteSite
22804,24,22
timeStep,numberOfRobotsOnBlackSite,numberOfRobotsOnWhiteSite
22805,24,22
timeStep,numberOfRobotsOnBlackSite,numberOfRobotsOnWhiteSite
22806,24,22
timeStep,numberOfRobotsOnBlackSite,numberOfRobotsOnWhiteSite
22807,24,22
timeStep,numberOfRobotsOnBlackSite,numberOfRobotsOnWhiteSite
22808,24,22
timeStep,numberOfRobotsOnBlackSite,numberOfRobotsOnWhiteSite
22809,24,22
timeStep,numberOfRobotsOnBlackSite,numberOfRobotsOnWhiteSite
22810,24,22
timeStep,numberOfRobotsOnBlackSite,numberOfRobotsOnWhiteSite
22811,24,22
timeStep,numberOfRobotsOnBlackSite,numberOfRobotsOnWhiteSite
22812,24,22
timeStep,numberOfRobotsOnBlackSite,numberOfRobotsOnWhiteSite
22813,24,22
timeStep,numberOfRobotsOnBlackSite,numberOfRobotsOnWhiteSite
22814,24,22
timeStep,numberOfRobotsOnBlackSite,numberOfRobotsOnWhiteSite
22815,24,22
timeStep,numberOfRobotsOnBlackSite,numberOfRobotsOnWhiteSite
22816,24,22
timeStep,numberOfRobotsOnBlackSite,numberOfRobotsOnWhiteSite
22817,24,22
timeStep,numberOfRobotsOnBlackSite,numberOfRobotsOnWhiteSite
22818,24,22
timeStep,numberOfRobotsOnBlackSite,numberOfRobotsOnWhiteSite
22819,24,22
timeStep,numberOfRobotsOnBlackSite,numberOfRobotsOnWhiteSite
22820,24,22
timeStep,numberOfRobotsOnBlackSite,numberOfRobotsOnWhiteSite
22821,24,22
timeStep,numberOfRobotsOnBlackSite,numberOfRobotsOnWhiteSite
22822,24,22
timeStep,numberOfRobotsOnBlackSite,numberOfRobotsOnWhiteSite
22823,24,22
timeStep,numberOfRobotsOnBlackSite,numberOfRobotsOnWhiteSite
22824,24,22
timeStep,numberOfRobotsOnBlackSite,numberOfRobotsOnWhiteSite
22825,24,22
timeStep,numberOfRobotsOnBlackSite,numberOfRobotsOnWhiteSite
22826,24,22
timeStep,numberOfRobotsOnBlackSite,numberOfRobotsOnWhiteSite
22827,24,22
timeStep,numberOfRobotsOnBlackSite,numberOfRobotsOnWhiteSite
22828,24,22
timeStep,numberOfRobotsOnBlackSite,numberOfRobotsOnWhiteSite
22829,24,22
timeStep,numberOfRobotsOnBlackSite,numberOfRobotsOnWhiteSite
22830,24,22
timeStep,numberOfRobotsOnBlackSite,numberOfRobotsOnWhiteSite
22831,24,22
timeStep,numberOfRobotsOnBlackSite,numberOfRobotsOnWhiteSite
22832,24,22
timeStep,numberOfRobotsOnBlackSite,numberOfRobotsOnWhiteSite
22833,24,22
timeStep,numberOfRobotsOnBlackSite,numberOfRobotsOnWhiteSite
22834,24,22
timeStep,numberOfRobotsOnBlackSite,numberOfRobotsOnWhiteSite
22835,24,22
timeStep,numberOfRobotsOnBlackSite,numberOfRobotsOnWhiteSite
22836,24,22
timeStep,numberOfRobotsOnBlackSite,numberOfRobotsOnWhiteSite
22837,24,22
timeStep,numberOfRobotsOnBlackSite,numberOfRobotsOnWhiteSite
22838,24,22
timeStep,numberOfRobotsOnBlackSite,numberOfRobotsOnWhiteSite
22839,24,22
timeStep,numberOfRobotsOnBlackSite,numberOfRobotsOnWhiteSite
22840,24,22
timeStep,numberOfRobotsOnBlackSite,numberOfRobotsOnWhiteSite
22841,24,22
timeStep,numberOfRobotsOnBlackSite,numberOfRobotsOnWhiteSite
22842,24,22
timeStep,numberOfRobotsOnBlackSite,numberOfRobotsOnWhiteSite
22843,24,22
timeStep,numberOfRobotsOnBlackSite,numberOfRobotsOnWhiteSite
22844,24,22
timeStep,numberOfRobotsOnBlackSite,numberOfRobotsOnWhiteSite
22845,24,22
timeStep,numberOfRobotsOnBlackSite,numberOfRobotsOnWhiteSite
22846,24,22
timeStep,numberOfRobotsOnBlackSite,numberOfRobotsOnWhiteSite
22847,24,22
timeStep,numberOfRobotsOnBlackSite,numberOfRobotsOnWhiteSite
22848,24,22
timeStep,numberOfRobotsOnBlackSite,numberOfRobotsOnWhiteSite
22849,24,22
timeStep,numberOfRobotsOnBlackSite,numberOfRobotsOnWhiteSite
22850,24,22
timeStep,numberOfRobotsOnBlackSite,numberOfRobotsOnWhiteSite
22851,24,22
timeStep,numberOfRobotsOnBlackSite,numberOfRobotsOnWhiteSite
22852,24,22
timeStep,numberOfRobotsOnBlackSite,numberOfRobotsOnWhiteSite
22853,24,22
timeStep,numberOfRobotsOnBlackSite,numberOfRobotsOnWhiteSite
22854,24,22
timeStep,numberOfRobotsOnBlackSite,numberOfRobotsOnWhiteSite
22855,24,22
timeStep,numberOfRobotsOnBlackSite,numberOfRobotsOnWhiteSite
22856,24,22
timeStep,numberOfRobotsOnBlackSite,numberOfRobotsOnWhiteSite
22857,24,22
timeStep,numberOfRobotsOnBlackSite,numberOfRobotsOnWhiteSite
22858,24,22
timeStep,numberOfRobotsOnBlackSite,numberOfRobotsOnWhiteSite
22859,24,22
timeStep,numberOfRobotsOnBlackSite,numberOfRobotsOnWhiteSite
22860,24,22
timeStep,numberOfRobotsOnBlackSite,numberOfRobotsOnWhiteSite
22861,24,22
timeStep,numberOfRobotsOnBlackSite,numberOfRobotsOnWhiteSite
22862,24,22
timeStep,numberOfRobotsOnBlackSite,numberOfRobotsOnWhiteSite
22863,24,22
timeStep,numberOfRobotsOnBlackSite,numberOfRobotsOnWhiteSite
22864,24,22
timeStep,numberOfRobotsOnBlackSite,numberOfRobotsOnWhiteSite
22865,24,22
timeStep,numberOfRobotsOnBlackSite,numberOfRobotsOnWhiteSite
22866,24,22
timeStep,numberOfRobotsOnBlackSite,numberOfRobotsOnWhiteSite
22867,24,22
timeStep,numberOfRobotsOnBlackSite,numberOfRobotsOnWhiteSite
22868,24,22
timeStep,numberOfRobotsOnBlackSite,numberOfRobotsOnWhiteSite
22869,24,22
timeStep,numberOfRobotsOnBlackSite,numberOfRobotsOnWhiteSite
22870,24,22
timeStep,numberOfRobotsOnBlackSite,numberOfRobotsOnWhiteSite
22871,24,22
timeStep,numberOfRobotsOnBlackSite,numberOfRobotsOnWhiteSite
22872,24,22
timeStep,numberOfRobotsOnBlackSite,numberOfRobotsOnWhiteSite
22873,24,22
timeStep,numberOfRobotsOnBlackSite,numberOfRobotsOnWhiteSite
22874,24,22
timeStep,numberOfRobotsOnBlackSite,numberOfRobotsOnWhiteSite
22875,24,22
timeStep,numberOfRobotsOnBlackSite,numberOfRobotsOnWhiteSite
22876,24,22
timeStep,numberOfRobotsOnBlackSite,numberOfRobotsOnWhiteSite
22877,24,22
timeStep,numberOfRobotsOnBlackSite,numberOfRobotsOnWhiteSite
22878,24,22
timeStep,numberOfRobotsOnBlackSite,numberOfRobotsOnWhiteSite
22879,24,22
timeStep,numberOfRobotsOnBlackSite,numberOfRobotsOnWhiteSite
22880,24,22
timeStep,numberOfRobotsOnBlackSite,numberOfRobotsOnWhiteSite
22881,24,22
timeStep,numberOfRobotsOnBlackSite,numberOfRobotsOnWhiteSite
22882,24,22
timeStep,numberOfRobotsOnBlackSite,numberOfRobotsOnWhiteSite
22883,24,22
timeStep,numberOfRobotsOnBlackSite,numberOfRobotsOnWhiteSite
22884,24,22
timeStep,numberOfRobotsOnBlackSite,numberOfRobotsOnWhiteSite
22885,24,22
timeStep,numberOfRobotsOnBlackSite,numberOfRobotsOnWhiteSite
22886,24,22
timeStep,numberOfRobotsOnBlackSite,numberOfRobotsOnWhiteSite
22887,24,22
timeStep,numberOfRobotsOnBlackSite,numberOfRobotsOnWhiteSite
22888,24,22
timeStep,numberOfRobotsOnBlackSite,numberOfRobotsOnWhiteSite
22889,24,22
timeStep,numberOfRobotsOnBlackSite,numberOfRobotsOnWhiteSite
22890,24,22
timeStep,numberOfRobotsOnBlackSite,numberOfRobotsOnWhiteSite
22891,24,22
timeStep,numberOfRobotsOnBlackSite,numberOfRobotsOnWhiteSite
22892,24,22
timeStep,numberOfRobotsOnBlackSite,numberOfRobotsOnWhiteSite
22893,24,22
timeStep,numberOfRobotsOnBlackSite,numberOfRobotsOnWhiteSite
22894,24,22
timeStep,numberOfRobotsOnBlackSite,numberOfRobotsOnWhiteSite
22895,24,22
timeStep,numberOfRobotsOnBlackSite,numberOfRobotsOnWhiteSite
22896,24,22
timeStep,numberOfRobotsOnBlackSite,numberOfRobotsOnWhiteSite
22897,24,22
timeStep,numberOfRobotsOnBlackSite,numberOfRobotsOnWhiteSite
22898,24,22
timeStep,numberOfRobotsOnBlackSite,numberOfRobotsOnWhiteSite
22899,24,22
timeStep,numberOfRobotsOnBlackSite,numberOfRobotsOnWhiteSite
22900,24,22
timeStep,numberOfRobotsOnBlackSite,numberOfRobotsOnWhiteSite
22901,24,22
timeStep,numberOfRobotsOnBlackSite,numberOfRobotsOnWhiteSite
22902,24,22
timeStep,numberOfRobotsOnBlackSite,numberOfRobotsOnWhiteSite
22903,24,22
timeStep,numberOfRobotsOnBlackSite,numberOfRobotsOnWhiteSite
22904,24,22
timeStep,numberOfRobotsOnBlackSite,numberOfRobotsOnWhiteSite
22905,24,22
timeStep,numberOfRobotsOnBlackSite,numberOfRobotsOnWhiteSite
22906,24,22
timeStep,numberOfRobotsOnBlackSite,numberOfRobotsOnWhiteSite
22907,24,22
timeStep,numberOfRobotsOnBlackSite,numberOfRobotsOnWhiteSite
22908,24,22
timeStep,numberOfRobotsOnBlackSite,numberOfRobotsOnWhiteSite
22909,24,22
timeStep,numberOfRobotsOnBlackSite,numberOfRobotsOnWhiteSite
22910,24,22
timeStep,numberOfRobotsOnBlackSite,numberOfRobotsOnWhiteSite
22911,24,22
timeStep,numberOfRobotsOnBlackSite,numberOfRobotsOnWhiteSite
22912,24,22
timeStep,numberOfRobotsOnBlackSite,numberOfRobotsOnWhiteSite
22913,24,22
timeStep,numberOfRobotsOnBlackSite,numberOfRobotsOnWhiteSite
22914,24,22
timeStep,numberOfRobotsOnBlackSite,numberOfRobotsOnWhiteSite
22915,24,22
timeStep,numberOfRobotsOnBlackSite,numberOfRobotsOnWhiteSite
22916,24,22
timeStep,numberOfRobotsOnBlackSite,numberOfRobotsOnWhiteSite
22917,24,22
timeStep,numberOfRobotsOnBlackSite,numberOfRobotsOnWhiteSite
22918,24,22
timeStep,numberOfRobotsOnBlackSite,numberOfRobotsOnWhiteSite
22919,24,22
timeStep,numberOfRobotsOnBlackSite,numberOfRobotsOnWhiteSite
22920,24,22
timeStep,numberOfRobotsOnBlackSite,numberOfRobotsOnWhiteSite
22921,24,22
timeStep,numberOfRobotsOnBlackSite,numberOfRobotsOnWhiteSite
22922,24,22
timeStep,numberOfRobotsOnBlackSite,numberOfRobotsOnWhiteSite
22923,24,22
timeStep,numberOfRobotsOnBlackSite,numberOfRobotsOnWhiteSite
22924,24,22
timeStep,numberOfRobotsOnBlackSite,numberOfRobotsOnWhiteSite
22925,24,22
timeStep,numberOfRobotsOnBlackSite,numberOfRobotsOnWhiteSite
22926,24,22
timeStep,numberOfRobotsOnBlackSite,numberOfRobotsOnWhiteSite
22927,24,22
timeStep,numberOfRobotsOnBlackSite,numberOfRobotsOnWhiteSite
22928,24,22
timeStep,numberOfRobotsOnBlackSite,numberOfRobotsOnWhiteSite
22929,24,22
timeStep,numberOfRobotsOnBlackSite,numberOfRobotsOnWhiteSite
22930,24,22
timeStep,numberOfRobotsOnBlackSite,numberOfRobotsOnWhiteSite
22931,24,22
timeStep,numberOfRobotsOnBlackSite,numberOfRobotsOnWhiteSite
22932,24,22
timeStep,numberOfRobotsOnBlackSite,numberOfRobotsOnWhiteSite
22933,24,22
timeStep,numberOfRobotsOnBlackSite,numberOfRobotsOnWhiteSite
22934,24,22
timeStep,numberOfRobotsOnBlackSite,numberOfRobotsOnWhiteSite
22935,24,22
timeStep,numberOfRobotsOnBlackSite,numberOfRobotsOnWhiteSite
22936,24,22
timeStep,numberOfRobotsOnBlackSite,numberOfRobotsOnWhiteSite
22937,24,22
timeStep,numberOfRobotsOnBlackSite,numberOfRobotsOnWhiteSite
22938,24,22
timeStep,numberOfRobotsOnBlackSite,numberOfRobotsOnWhiteSite
22939,24,22
timeStep,numberOfRobotsOnBlackSite,numberOfRobotsOnWhiteSite
22940,24,22
timeStep,numberOfRobotsOnBlackSite,numberOfRobotsOnWhiteSite
22941,24,22
timeStep,numberOfRobotsOnBlackSite,numberOfRobotsOnWhiteSite
22942,24,22
timeStep,numberOfRobotsOnBlackSite,numberOfRobotsOnWhiteSite
22943,24,22
timeStep,numberOfRobotsOnBlackSite,numberOfRobotsOnWhiteSite
22944,24,22
timeStep,numberOfRobotsOnBlackSite,numberOfRobotsOnWhiteSite
22945,24,22
timeStep,numberOfRobotsOnBlackSite,numberOfRobotsOnWhiteSite
22946,24,22
timeStep,numberOfRobotsOnBlackSite,numberOfRobotsOnWhiteSite
22947,24,22
timeStep,numberOfRobotsOnBlackSite,numberOfRobotsOnWhiteSite
22948,24,22
timeStep,numberOfRobotsOnBlackSite,numberOfRobotsOnWhiteSite
22949,24,22
timeStep,numberOfRobotsOnBlackSite,numberOfRobotsOnWhiteSite
22950,24,22
timeStep,numberOfRobotsOnBlackSite,numberOfRobotsOnWhiteSite
22951,24,22
timeStep,numberOfRobotsOnBlackSite,numberOfRobotsOnWhiteSite
22952,24,22
timeStep,numberOfRobotsOnBlackSite,numberOfRobotsOnWhiteSite
22953,24,22
timeStep,numberOfRobotsOnBlackSite,numberOfRobotsOnWhiteSite
22954,24,22
timeStep,numberOfRobotsOnBlackSite,numberOfRobotsOnWhiteSite
22955,24,22
timeStep,numberOfRobotsOnBlackSite,numberOfRobotsOnWhiteSite
22956,24,22
timeStep,numberOfRobotsOnBlackSite,numberOfRobotsOnWhiteSite
22957,24,22
timeStep,numberOfRobotsOnBlackSite,numberOfRobotsOnWhiteSite
22958,24,22
timeStep,numberOfRobotsOnBlackSite,numberOfRobotsOnWhiteSite
22959,24,22
timeStep,numberOfRobotsOnBlackSite,numberOfRobotsOnWhiteSite
22960,24,22
timeStep,numberOfRobotsOnBlackSite,numberOfRobotsOnWhiteSite
22961,24,22
timeStep,numberOfRobotsOnBlackSite,numberOfRobotsOnWhiteSite
22962,24,22
timeStep,numberOfRobotsOnBlackSite,numberOfRobotsOnWhiteSite
22963,24,22
timeStep,numberOfRobotsOnBlackSite,numberOfRobotsOnWhiteSite
22964,24,22
timeStep,numberOfRobotsOnBlackSite,numberOfRobotsOnWhiteSite
22965,24,22
timeStep,numberOfRobotsOnBlackSite,numberOfRobotsOnWhiteSite
22966,24,22
timeStep,numberOfRobotsOnBlackSite,numberOfRobotsOnWhiteSite
22967,24,22
timeStep,numberOfRobotsOnBlackSite,numberOfRobotsOnWhiteSite
22968,24,22
timeStep,numberOfRobotsOnBlackSite,numberOfRobotsOnWhiteSite
22969,24,22
timeStep,numberOfRobotsOnBlackSite,numberOfRobotsOnWhiteSite
22970,24,22
timeStep,numberOfRobotsOnBlackSite,numberOfRobotsOnWhiteSite
22971,24,22
timeStep,numberOfRobotsOnBlackSite,numberOfRobotsOnWhiteSite
22972,24,22
timeStep,numberOfRobotsOnBlackSite,numberOfRobotsOnWhiteSite
22973,24,22
timeStep,numberOfRobotsOnBlackSite,numberOfRobotsOnWhiteSite
22974,24,22
timeStep,numberOfRobotsOnBlackSite,numberOfRobotsOnWhiteSite
22975,24,22
timeStep,numberOfRobotsOnBlackSite,numberOfRobotsOnWhiteSite
22976,24,22
timeStep,numberOfRobotsOnBlackSite,numberOfRobotsOnWhiteSite
22977,24,22
timeStep,numberOfRobotsOnBlackSite,numberOfRobotsOnWhiteSite
22978,24,22
timeStep,numberOfRobotsOnBlackSite,numberOfRobotsOnWhiteSite
22979,24,22
timeStep,numberOfRobotsOnBlackSite,numberOfRobotsOnWhiteSite
22980,24,22
timeStep,numberOfRobotsOnBlackSite,numberOfRobotsOnWhiteSite
22981,24,22
timeStep,numberOfRobotsOnBlackSite,numberOfRobotsOnWhiteSite
22982,24,22
timeStep,numberOfRobotsOnBlackSite,numberOfRobotsOnWhiteSite
22983,24,22
timeStep,numberOfRobotsOnBlackSite,numberOfRobotsOnWhiteSite
22984,24,22
timeStep,numberOfRobotsOnBlackSite,numberOfRobotsOnWhiteSite
22985,24,22
timeStep,numberOfRobotsOnBlackSite,numberOfRobotsOnWhiteSite
22986,24,22
timeStep,numberOfRobotsOnBlackSite,numberOfRobotsOnWhiteSite
22987,24,22
timeStep,numberOfRobotsOnBlackSite,numberOfRobotsOnWhiteSite
22988,24,22
timeStep,numberOfRobotsOnBlackSite,numberOfRobotsOnWhiteSite
22989,24,22
timeStep,numberOfRobotsOnBlackSite,numberOfRobotsOnWhiteSite
22990,24,22
timeStep,numberOfRobotsOnBlackSite,numberOfRobotsOnWhiteSite
22991,24,22
timeStep,numberOfRobotsOnBlackSite,numberOfRobotsOnWhiteSite
22992,24,22
timeStep,numberOfRobotsOnBlackSite,numberOfRobotsOnWhiteSite
22993,24,22
timeStep,numberOfRobotsOnBlackSite,numberOfRobotsOnWhiteSite
22994,24,22
timeStep,numberOfRobotsOnBlackSite,numberOfRobotsOnWhiteSite
22995,24,22
timeStep,numberOfRobotsOnBlackSite,numberOfRobotsOnWhiteSite
22996,24,22
timeStep,numberOfRobotsOnBlackSite,numberOfRobotsOnWhiteSite
22997,24,22
timeStep,numberOfRobotsOnBlackSite,numberOfRobotsOnWhiteSite
22998,24,22
timeStep,numberOfRobotsOnBlackSite,numberOfRobotsOnWhiteSite
22999,24,22
timeStep,numberOfRobotsOnBlackSite,numberOfRobotsOnWhiteSite
23000,24,22
timeStep,numberOfRobotsOnBlackSite,numberOfRobotsOnWhiteSite
23001,24,22
timeStep,numberOfRobotsOnBlackSite,numberOfRobotsOnWhiteSite
23002,24,22
timeStep,numberOfRobotsOnBlackSite,numberOfRobotsOnWhiteSite
23003,24,22
timeStep,numberOfRobotsOnBlackSite,numberOfRobotsOnWhiteSite
23004,24,22
timeStep,numberOfRobotsOnBlackSite,numberOfRobotsOnWhiteSite
23005,24,22
timeStep,numberOfRobotsOnBlackSite,numberOfRobotsOnWhiteSite
23006,24,22
timeStep,numberOfRobotsOnBlackSite,numberOfRobotsOnWhiteSite
23007,24,22
timeStep,numberOfRobotsOnBlackSite,numberOfRobotsOnWhiteSite
23008,24,22
timeStep,numberOfRobotsOnBlackSite,numberOfRobotsOnWhiteSite
23009,24,22
timeStep,numberOfRobotsOnBlackSite,numberOfRobotsOnWhiteSite
23010,24,22
timeStep,numberOfRobotsOnBlackSite,numberOfRobotsOnWhiteSite
23011,24,22
timeStep,numberOfRobotsOnBlackSite,numberOfRobotsOnWhiteSite
23012,24,22
timeStep,numberOfRobotsOnBlackSite,numberOfRobotsOnWhiteSite
23013,24,22
timeStep,numberOfRobotsOnBlackSite,numberOfRobotsOnWhiteSite
23014,24,22
timeStep,numberOfRobotsOnBlackSite,numberOfRobotsOnWhiteSite
23015,24,22
timeStep,numberOfRobotsOnBlackSite,numberOfRobotsOnWhiteSite
23016,24,22
timeStep,numberOfRobotsOnBlackSite,numberOfRobotsOnWhiteSite
23017,24,22
timeStep,numberOfRobotsOnBlackSite,numberOfRobotsOnWhiteSite
23018,24,22
timeStep,numberOfRobotsOnBlackSite,numberOfRobotsOnWhiteSite
23019,24,22
timeStep,numberOfRobotsOnBlackSite,numberOfRobotsOnWhiteSite
23020,24,22
timeStep,numberOfRobotsOnBlackSite,numberOfRobotsOnWhiteSite
23021,24,22
timeStep,numberOfRobotsOnBlackSite,numberOfRobotsOnWhiteSite
23022,24,22
timeStep,numberOfRobotsOnBlackSite,numberOfRobotsOnWhiteSite
23023,24,22
timeStep,numberOfRobotsOnBlackSite,numberOfRobotsOnWhiteSite
23024,24,22
timeStep,numberOfRobotsOnBlackSite,numberOfRobotsOnWhiteSite
23025,24,22
timeStep,numberOfRobotsOnBlackSite,numberOfRobotsOnWhiteSite
23026,24,22
timeStep,numberOfRobotsOnBlackSite,numberOfRobotsOnWhiteSite
23027,24,22
timeStep,numberOfRobotsOnBlackSite,numberOfRobotsOnWhiteSite
23028,24,22
timeStep,numberOfRobotsOnBlackSite,numberOfRobotsOnWhiteSite
23029,24,22
timeStep,numberOfRobotsOnBlackSite,numberOfRobotsOnWhiteSite
23030,24,22
timeStep,numberOfRobotsOnBlackSite,numberOfRobotsOnWhiteSite
23031,24,22
timeStep,numberOfRobotsOnBlackSite,numberOfRobotsOnWhiteSite
23032,24,22
timeStep,numberOfRobotsOnBlackSite,numberOfRobotsOnWhiteSite
23033,24,22
timeStep,numberOfRobotsOnBlackSite,numberOfRobotsOnWhiteSite
23034,24,22
timeStep,numberOfRobotsOnBlackSite,numberOfRobotsOnWhiteSite
23035,24,22
timeStep,numberOfRobotsOnBlackSite,numberOfRobotsOnWhiteSite
23036,24,22
timeStep,numberOfRobotsOnBlackSite,numberOfRobotsOnWhiteSite
23037,24,22
timeStep,numberOfRobotsOnBlackSite,numberOfRobotsOnWhiteSite
23038,24,22
timeStep,numberOfRobotsOnBlackSite,numberOfRobotsOnWhiteSite
23039,24,22
timeStep,numberOfRobotsOnBlackSite,numberOfRobotsOnWhiteSite
23040,24,22
timeStep,numberOfRobotsOnBlackSite,numberOfRobotsOnWhiteSite
23041,24,22
timeStep,numberOfRobotsOnBlackSite,numberOfRobotsOnWhiteSite
23042,24,22
timeStep,numberOfRobotsOnBlackSite,numberOfRobotsOnWhiteSite
23043,24,22
timeStep,numberOfRobotsOnBlackSite,numberOfRobotsOnWhiteSite
23044,24,22
timeStep,numberOfRobotsOnBlackSite,numberOfRobotsOnWhiteSite
23045,24,22
timeStep,numberOfRobotsOnBlackSite,numberOfRobotsOnWhiteSite
23046,24,22
timeStep,numberOfRobotsOnBlackSite,numberOfRobotsOnWhiteSite
23047,24,22
timeStep,numberOfRobotsOnBlackSite,numberOfRobotsOnWhiteSite
23048,24,22
timeStep,numberOfRobotsOnBlackSite,numberOfRobotsOnWhiteSite
23049,24,22
timeStep,numberOfRobotsOnBlackSite,numberOfRobotsOnWhiteSite
23050,24,22
timeStep,numberOfRobotsOnBlackSite,numberOfRobotsOnWhiteSite
23051,24,22
timeStep,numberOfRobotsOnBlackSite,numberOfRobotsOnWhiteSite
23052,24,22
timeStep,numberOfRobotsOnBlackSite,numberOfRobotsOnWhiteSite
23053,24,22
timeStep,numberOfRobotsOnBlackSite,numberOfRobotsOnWhiteSite
23054,24,22
timeStep,numberOfRobotsOnBlackSite,numberOfRobotsOnWhiteSite
23055,24,22
timeStep,numberOfRobotsOnBlackSite,numberOfRobotsOnWhiteSite
23056,24,22
timeStep,numberOfRobotsOnBlackSite,numberOfRobotsOnWhiteSite
23057,24,22
timeStep,numberOfRobotsOnBlackSite,numberOfRobotsOnWhiteSite
23058,24,22
timeStep,numberOfRobotsOnBlackSite,numberOfRobotsOnWhiteSite
23059,24,22
timeStep,numberOfRobotsOnBlackSite,numberOfRobotsOnWhiteSite
23060,24,22
timeStep,numberOfRobotsOnBlackSite,numberOfRobotsOnWhiteSite
23061,24,22
timeStep,numberOfRobotsOnBlackSite,numberOfRobotsOnWhiteSite
23062,24,22
timeStep,numberOfRobotsOnBlackSite,numberOfRobotsOnWhiteSite
23063,24,22
timeStep,numberOfRobotsOnBlackSite,numberOfRobotsOnWhiteSite
23064,24,22
timeStep,numberOfRobotsOnBlackSite,numberOfRobotsOnWhiteSite
23065,24,22
timeStep,numberOfRobotsOnBlackSite,numberOfRobotsOnWhiteSite
23066,24,22
timeStep,numberOfRobotsOnBlackSite,numberOfRobotsOnWhiteSite
23067,24,22
timeStep,numberOfRobotsOnBlackSite,numberOfRobotsOnWhiteSite
23068,24,22
timeStep,numberOfRobotsOnBlackSite,numberOfRobotsOnWhiteSite
23069,24,22
timeStep,numberOfRobotsOnBlackSite,numberOfRobotsOnWhiteSite
23070,24,22
timeStep,numberOfRobotsOnBlackSite,numberOfRobotsOnWhiteSite
23071,24,22
timeStep,numberOfRobotsOnBlackSite,numberOfRobotsOnWhiteSite
23072,24,22
timeStep,numberOfRobotsOnBlackSite,numberOfRobotsOnWhiteSite
23073,24,22
timeStep,numberOfRobotsOnBlackSite,numberOfRobotsOnWhiteSite
23074,24,22
timeStep,numberOfRobotsOnBlackSite,numberOfRobotsOnWhiteSite
23075,24,22
timeStep,numberOfRobotsOnBlackSite,numberOfRobotsOnWhiteSite
23076,24,22
timeStep,numberOfRobotsOnBlackSite,numberOfRobotsOnWhiteSite
23077,24,22
timeStep,numberOfRobotsOnBlackSite,numberOfRobotsOnWhiteSite
23078,24,22
timeStep,numberOfRobotsOnBlackSite,numberOfRobotsOnWhiteSite
23079,24,22
timeStep,numberOfRobotsOnBlackSite,numberOfRobotsOnWhiteSite
23080,24,22
timeStep,numberOfRobotsOnBlackSite,numberOfRobotsOnWhiteSite
23081,24,22
timeStep,numberOfRobotsOnBlackSite,numberOfRobotsOnWhiteSite
23082,24,22
timeStep,numberOfRobotsOnBlackSite,numberOfRobotsOnWhiteSite
23083,24,22
timeStep,numberOfRobotsOnBlackSite,numberOfRobotsOnWhiteSite
23084,24,22
timeStep,numberOfRobotsOnBlackSite,numberOfRobotsOnWhiteSite
23085,24,22
timeStep,numberOfRobotsOnBlackSite,numberOfRobotsOnWhiteSite
23086,24,22
timeStep,numberOfRobotsOnBlackSite,numberOfRobotsOnWhiteSite
23087,24,22
timeStep,numberOfRobotsOnBlackSite,numberOfRobotsOnWhiteSite
23088,24,22
timeStep,numberOfRobotsOnBlackSite,numberOfRobotsOnWhiteSite
23089,24,22
timeStep,numberOfRobotsOnBlackSite,numberOfRobotsOnWhiteSite
23090,24,22
timeStep,numberOfRobotsOnBlackSite,numberOfRobotsOnWhiteSite
23091,24,22
timeStep,numberOfRobotsOnBlackSite,numberOfRobotsOnWhiteSite
23092,24,22
timeStep,numberOfRobotsOnBlackSite,numberOfRobotsOnWhiteSite
23093,24,22
timeStep,numberOfRobotsOnBlackSite,numberOfRobotsOnWhiteSite
23094,24,22
timeStep,numberOfRobotsOnBlackSite,numberOfRobotsOnWhiteSite
23095,24,22
timeStep,numberOfRobotsOnBlackSite,numberOfRobotsOnWhiteSite
23096,24,22
timeStep,numberOfRobotsOnBlackSite,numberOfRobotsOnWhiteSite
23097,24,22
timeStep,numberOfRobotsOnBlackSite,numberOfRobotsOnWhiteSite
23098,24,22
timeStep,numberOfRobotsOnBlackSite,numberOfRobotsOnWhiteSite
23099,24,22
timeStep,numberOfRobotsOnBlackSite,numberOfRobotsOnWhiteSite
23100,24,22
timeStep,numberOfRobotsOnBlackSite,numberOfRobotsOnWhiteSite
23101,24,22
timeStep,numberOfRobotsOnBlackSite,numberOfRobotsOnWhiteSite
23102,24,22
timeStep,numberOfRobotsOnBlackSite,numberOfRobotsOnWhiteSite
23103,24,22
timeStep,numberOfRobotsOnBlackSite,numberOfRobotsOnWhiteSite
23104,24,22
timeStep,numberOfRobotsOnBlackSite,numberOfRobotsOnWhiteSite
23105,24,22
timeStep,numberOfRobotsOnBlackSite,numberOfRobotsOnWhiteSite
23106,24,22
timeStep,numberOfRobotsOnBlackSite,numberOfRobotsOnWhiteSite
23107,24,22
timeStep,numberOfRobotsOnBlackSite,numberOfRobotsOnWhiteSite
23108,24,22
timeStep,numberOfRobotsOnBlackSite,numberOfRobotsOnWhiteSite
23109,24,22
timeStep,numberOfRobotsOnBlackSite,numberOfRobotsOnWhiteSite
23110,24,22
timeStep,numberOfRobotsOnBlackSite,numberOfRobotsOnWhiteSite
23111,24,22
timeStep,numberOfRobotsOnBlackSite,numberOfRobotsOnWhiteSite
23112,24,22
timeStep,numberOfRobotsOnBlackSite,numberOfRobotsOnWhiteSite
23113,24,22
timeStep,numberOfRobotsOnBlackSite,numberOfRobotsOnWhiteSite
23114,24,22
timeStep,numberOfRobotsOnBlackSite,numberOfRobotsOnWhiteSite
23115,24,22
timeStep,numberOfRobotsOnBlackSite,numberOfRobotsOnWhiteSite
23116,24,22
timeStep,numberOfRobotsOnBlackSite,numberOfRobotsOnWhiteSite
23117,24,22
timeStep,numberOfRobotsOnBlackSite,numberOfRobotsOnWhiteSite
23118,24,22
timeStep,numberOfRobotsOnBlackSite,numberOfRobotsOnWhiteSite
23119,24,22
timeStep,numberOfRobotsOnBlackSite,numberOfRobotsOnWhiteSite
23120,24,22
timeStep,numberOfRobotsOnBlackSite,numberOfRobotsOnWhiteSite
23121,24,22
timeStep,numberOfRobotsOnBlackSite,numberOfRobotsOnWhiteSite
23122,24,22
timeStep,numberOfRobotsOnBlackSite,numberOfRobotsOnWhiteSite
23123,24,22
timeStep,numberOfRobotsOnBlackSite,numberOfRobotsOnWhiteSite
23124,24,22
timeStep,numberOfRobotsOnBlackSite,numberOfRobotsOnWhiteSite
23125,24,22
timeStep,numberOfRobotsOnBlackSite,numberOfRobotsOnWhiteSite
23126,24,22
timeStep,numberOfRobotsOnBlackSite,numberOfRobotsOnWhiteSite
23127,24,22
timeStep,numberOfRobotsOnBlackSite,numberOfRobotsOnWhiteSite
23128,24,22
timeStep,numberOfRobotsOnBlackSite,numberOfRobotsOnWhiteSite
23129,24,22
timeStep,numberOfRobotsOnBlackSite,numberOfRobotsOnWhiteSite
23130,24,22
timeStep,numberOfRobotsOnBlackSite,numberOfRobotsOnWhiteSite
23131,24,22
timeStep,numberOfRobotsOnBlackSite,numberOfRobotsOnWhiteSite
23132,24,22
timeStep,numberOfRobotsOnBlackSite,numberOfRobotsOnWhiteSite
23133,24,22
timeStep,numberOfRobotsOnBlackSite,numberOfRobotsOnWhiteSite
23134,24,22
timeStep,numberOfRobotsOnBlackSite,numberOfRobotsOnWhiteSite
23135,24,22
timeStep,numberOfRobotsOnBlackSite,numberOfRobotsOnWhiteSite
23136,24,22
timeStep,numberOfRobotsOnBlackSite,numberOfRobotsOnWhiteSite
23137,24,22
timeStep,numberOfRobotsOnBlackSite,numberOfRobotsOnWhiteSite
23138,24,22
timeStep,numberOfRobotsOnBlackSite,numberOfRobotsOnWhiteSite
23139,24,22
timeStep,numberOfRobotsOnBlackSite,numberOfRobotsOnWhiteSite
23140,24,22
timeStep,numberOfRobotsOnBlackSite,numberOfRobotsOnWhiteSite
23141,24,22
timeStep,numberOfRobotsOnBlackSite,numberOfRobotsOnWhiteSite
23142,24,22
timeStep,numberOfRobotsOnBlackSite,numberOfRobotsOnWhiteSite
23143,24,22
timeStep,numberOfRobotsOnBlackSite,numberOfRobotsOnWhiteSite
23144,24,22
timeStep,numberOfRobotsOnBlackSite,numberOfRobotsOnWhiteSite
23145,24,22
timeStep,numberOfRobotsOnBlackSite,numberOfRobotsOnWhiteSite
23146,24,22
timeStep,numberOfRobotsOnBlackSite,numberOfRobotsOnWhiteSite
23147,24,22
timeStep,numberOfRobotsOnBlackSite,numberOfRobotsOnWhiteSite
23148,24,22
timeStep,numberOfRobotsOnBlackSite,numberOfRobotsOnWhiteSite
23149,24,22
timeStep,numberOfRobotsOnBlackSite,numberOfRobotsOnWhiteSite
23150,24,22
timeStep,numberOfRobotsOnBlackSite,numberOfRobotsOnWhiteSite
23151,24,22
timeStep,numberOfRobotsOnBlackSite,numberOfRobotsOnWhiteSite
23152,24,22
timeStep,numberOfRobotsOnBlackSite,numberOfRobotsOnWhiteSite
23153,24,22
timeStep,numberOfRobotsOnBlackSite,numberOfRobotsOnWhiteSite
23154,24,22
timeStep,numberOfRobotsOnBlackSite,numberOfRobotsOnWhiteSite
23155,24,22
timeStep,numberOfRobotsOnBlackSite,numberOfRobotsOnWhiteSite
23156,24,22
timeStep,numberOfRobotsOnBlackSite,numberOfRobotsOnWhiteSite
23157,24,22
timeStep,numberOfRobotsOnBlackSite,numberOfRobotsOnWhiteSite
23158,24,22
timeStep,numberOfRobotsOnBlackSite,numberOfRobotsOnWhiteSite
23159,24,22
timeStep,numberOfRobotsOnBlackSite,numberOfRobotsOnWhiteSite
23160,24,22
timeStep,numberOfRobotsOnBlackSite,numberOfRobotsOnWhiteSite
23161,24,22
timeStep,numberOfRobotsOnBlackSite,numberOfRobotsOnWhiteSite
23162,24,22
timeStep,numberOfRobotsOnBlackSite,numberOfRobotsOnWhiteSite
23163,24,22
timeStep,numberOfRobotsOnBlackSite,numberOfRobotsOnWhiteSite
23164,24,22
timeStep,numberOfRobotsOnBlackSite,numberOfRobotsOnWhiteSite
23165,24,22
timeStep,numberOfRobotsOnBlackSite,numberOfRobotsOnWhiteSite
23166,24,22
timeStep,numberOfRobotsOnBlackSite,numberOfRobotsOnWhiteSite
23167,24,22
timeStep,numberOfRobotsOnBlackSite,numberOfRobotsOnWhiteSite
23168,24,22
timeStep,numberOfRobotsOnBlackSite,numberOfRobotsOnWhiteSite
23169,24,22
timeStep,numberOfRobotsOnBlackSite,numberOfRobotsOnWhiteSite
23170,24,22
timeStep,numberOfRobotsOnBlackSite,numberOfRobotsOnWhiteSite
23171,24,22
timeStep,numberOfRobotsOnBlackSite,numberOfRobotsOnWhiteSite
23172,24,22
timeStep,numberOfRobotsOnBlackSite,numberOfRobotsOnWhiteSite
23173,24,22
timeStep,numberOfRobotsOnBlackSite,numberOfRobotsOnWhiteSite
23174,24,22
timeStep,numberOfRobotsOnBlackSite,numberOfRobotsOnWhiteSite
23175,24,22
timeStep,numberOfRobotsOnBlackSite,numberOfRobotsOnWhiteSite
23176,24,22
timeStep,numberOfRobotsOnBlackSite,numberOfRobotsOnWhiteSite
23177,24,22
timeStep,numberOfRobotsOnBlackSite,numberOfRobotsOnWhiteSite
23178,24,22
timeStep,numberOfRobotsOnBlackSite,numberOfRobotsOnWhiteSite
23179,24,22
timeStep,numberOfRobotsOnBlackSite,numberOfRobotsOnWhiteSite
23180,24,22
timeStep,numberOfRobotsOnBlackSite,numberOfRobotsOnWhiteSite
23181,24,22
timeStep,numberOfRobotsOnBlackSite,numberOfRobotsOnWhiteSite
23182,24,22
timeStep,numberOfRobotsOnBlackSite,numberOfRobotsOnWhiteSite
23183,24,22
timeStep,numberOfRobotsOnBlackSite,numberOfRobotsOnWhiteSite
23184,24,22
timeStep,numberOfRobotsOnBlackSite,numberOfRobotsOnWhiteSite
23185,24,22
timeStep,numberOfRobotsOnBlackSite,numberOfRobotsOnWhiteSite
23186,24,22
timeStep,numberOfRobotsOnBlackSite,numberOfRobotsOnWhiteSite
23187,24,22
timeStep,numberOfRobotsOnBlackSite,numberOfRobotsOnWhiteSite
23188,24,22
timeStep,numberOfRobotsOnBlackSite,numberOfRobotsOnWhiteSite
23189,24,22
timeStep,numberOfRobotsOnBlackSite,numberOfRobotsOnWhiteSite
23190,24,22
timeStep,numberOfRobotsOnBlackSite,numberOfRobotsOnWhiteSite
23191,24,22
timeStep,numberOfRobotsOnBlackSite,numberOfRobotsOnWhiteSite
23192,24,22
timeStep,numberOfRobotsOnBlackSite,numberOfRobotsOnWhiteSite
23193,24,22
timeStep,numberOfRobotsOnBlackSite,numberOfRobotsOnWhiteSite
23194,24,22
timeStep,numberOfRobotsOnBlackSite,numberOfRobotsOnWhiteSite
23195,24,22
timeStep,numberOfRobotsOnBlackSite,numberOfRobotsOnWhiteSite
23196,24,22
timeStep,numberOfRobotsOnBlackSite,numberOfRobotsOnWhiteSite
23197,24,22
timeStep,numberOfRobotsOnBlackSite,numberOfRobotsOnWhiteSite
23198,24,22
timeStep,numberOfRobotsOnBlackSite,numberOfRobotsOnWhiteSite
23199,24,22
timeStep,numberOfRobotsOnBlackSite,numberOfRobotsOnWhiteSite
23200,24,22
timeStep,numberOfRobotsOnBlackSite,numberOfRobotsOnWhiteSite
23201,24,22
timeStep,numberOfRobotsOnBlackSite,numberOfRobotsOnWhiteSite
23202,24,22
timeStep,numberOfRobotsOnBlackSite,numberOfRobotsOnWhiteSite
23203,24,22
timeStep,numberOfRobotsOnBlackSite,numberOfRobotsOnWhiteSite
23204,24,22
timeStep,numberOfRobotsOnBlackSite,numberOfRobotsOnWhiteSite
23205,24,21
timeStep,numberOfRobotsOnBlackSite,numberOfRobotsOnWhiteSite
23206,24,21
timeStep,numberOfRobotsOnBlackSite,numberOfRobotsOnWhiteSite
23207,24,21
timeStep,numberOfRobotsOnBlackSite,numberOfRobotsOnWhiteSite
23208,24,21
timeStep,numberOfRobotsOnBlackSite,numberOfRobotsOnWhiteSite
23209,24,21
timeStep,numberOfRobotsOnBlackSite,numberOfRobotsOnWhiteSite
23210,24,21
timeStep,numberOfRobotsOnBlackSite,numberOfRobotsOnWhiteSite
23211,24,21
timeStep,numberOfRobotsOnBlackSite,numberOfRobotsOnWhiteSite
23212,24,21
timeStep,numberOfRobotsOnBlackSite,numberOfRobotsOnWhiteSite
23213,24,21
timeStep,numberOfRobotsOnBlackSite,numberOfRobotsOnWhiteSite
23214,24,21
timeStep,numberOfRobotsOnBlackSite,numberOfRobotsOnWhiteSite
23215,24,21
timeStep,numberOfRobotsOnBlackSite,numberOfRobotsOnWhiteSite
23216,24,21
timeStep,numberOfRobotsOnBlackSite,numberOfRobotsOnWhiteSite
23217,24,21
timeStep,numberOfRobotsOnBlackSite,numberOfRobotsOnWhiteSite
23218,24,21
timeStep,numberOfRobotsOnBlackSite,numberOfRobotsOnWhiteSite
23219,24,21
timeStep,numberOfRobotsOnBlackSite,numberOfRobotsOnWhiteSite
23220,24,21
timeStep,numberOfRobotsOnBlackSite,numberOfRobotsOnWhiteSite
23221,24,21
timeStep,numberOfRobotsOnBlackSite,numberOfRobotsOnWhiteSite
23222,24,21
timeStep,numberOfRobotsOnBlackSite,numberOfRobotsOnWhiteSite
23223,24,21
timeStep,numberOfRobotsOnBlackSite,numberOfRobotsOnWhiteSite
23224,24,21
timeStep,numberOfRobotsOnBlackSite,numberOfRobotsOnWhiteSite
23225,24,21
timeStep,numberOfRobotsOnBlackSite,numberOfRobotsOnWhiteSite
23226,24,21
timeStep,numberOfRobotsOnBlackSite,numberOfRobotsOnWhiteSite
23227,24,21
timeStep,numberOfRobotsOnBlackSite,numberOfRobotsOnWhiteSite
23228,24,21
timeStep,numberOfRobotsOnBlackSite,numberOfRobotsOnWhiteSite
23229,24,21
timeStep,numberOfRobotsOnBlackSite,numberOfRobotsOnWhiteSite
23230,24,21
timeStep,numberOfRobotsOnBlackSite,numberOfRobotsOnWhiteSite
23231,24,21
timeStep,numberOfRobotsOnBlackSite,numberOfRobotsOnWhiteSite
23232,24,21
timeStep,numberOfRobotsOnBlackSite,numberOfRobotsOnWhiteSite
23233,24,21
timeStep,numberOfRobotsOnBlackSite,numberOfRobotsOnWhiteSite
23234,24,21
timeStep,numberOfRobotsOnBlackSite,numberOfRobotsOnWhiteSite
23235,24,21
timeStep,numberOfRobotsOnBlackSite,numberOfRobotsOnWhiteSite
23236,24,21
timeStep,numberOfRobotsOnBlackSite,numberOfRobotsOnWhiteSite
23237,24,21
timeStep,numberOfRobotsOnBlackSite,numberOfRobotsOnWhiteSite
23238,24,21
timeStep,numberOfRobotsOnBlackSite,numberOfRobotsOnWhiteSite
23239,24,21
timeStep,numberOfRobotsOnBlackSite,numberOfRobotsOnWhiteSite
23240,24,21
timeStep,numberOfRobotsOnBlackSite,numberOfRobotsOnWhiteSite
23241,24,21
timeStep,numberOfRobotsOnBlackSite,numberOfRobotsOnWhiteSite
23242,24,21
timeStep,numberOfRobotsOnBlackSite,numberOfRobotsOnWhiteSite
23243,24,21
timeStep,numberOfRobotsOnBlackSite,numberOfRobotsOnWhiteSite
23244,24,21
timeStep,numberOfRobotsOnBlackSite,numberOfRobotsOnWhiteSite
23245,24,21
timeStep,numberOfRobotsOnBlackSite,numberOfRobotsOnWhiteSite
23246,24,21
timeStep,numberOfRobotsOnBlackSite,numberOfRobotsOnWhiteSite
23247,24,21
timeStep,numberOfRobotsOnBlackSite,numberOfRobotsOnWhiteSite
23248,24,21
timeStep,numberOfRobotsOnBlackSite,numberOfRobotsOnWhiteSite
23249,24,21
timeStep,numberOfRobotsOnBlackSite,numberOfRobotsOnWhiteSite
23250,24,21
timeStep,numberOfRobotsOnBlackSite,numberOfRobotsOnWhiteSite
23251,24,21
timeStep,numberOfRobotsOnBlackSite,numberOfRobotsOnWhiteSite
23252,24,21
timeStep,numberOfRobotsOnBlackSite,numberOfRobotsOnWhiteSite
23253,24,21
timeStep,numberOfRobotsOnBlackSite,numberOfRobotsOnWhiteSite
23254,24,21
timeStep,numberOfRobotsOnBlackSite,numberOfRobotsOnWhiteSite
23255,24,21
timeStep,numberOfRobotsOnBlackSite,numberOfRobotsOnWhiteSite
23256,24,21
timeStep,numberOfRobotsOnBlackSite,numberOfRobotsOnWhiteSite
23257,24,21
timeStep,numberOfRobotsOnBlackSite,numberOfRobotsOnWhiteSite
23258,24,21
timeStep,numberOfRobotsOnBlackSite,numberOfRobotsOnWhiteSite
23259,24,21
timeStep,numberOfRobotsOnBlackSite,numberOfRobotsOnWhiteSite
23260,24,21
timeStep,numberOfRobotsOnBlackSite,numberOfRobotsOnWhiteSite
23261,24,21
timeStep,numberOfRobotsOnBlackSite,numberOfRobotsOnWhiteSite
23262,24,21
timeStep,numberOfRobotsOnBlackSite,numberOfRobotsOnWhiteSite
23263,24,21
timeStep,numberOfRobotsOnBlackSite,numberOfRobotsOnWhiteSite
23264,24,21
timeStep,numberOfRobotsOnBlackSite,numberOfRobotsOnWhiteSite
23265,24,21
timeStep,numberOfRobotsOnBlackSite,numberOfRobotsOnWhiteSite
23266,24,21
timeStep,numberOfRobotsOnBlackSite,numberOfRobotsOnWhiteSite
23267,24,21
timeStep,numberOfRobotsOnBlackSite,numberOfRobotsOnWhiteSite
23268,24,21
timeStep,numberOfRobotsOnBlackSite,numberOfRobotsOnWhiteSite
23269,24,21
timeStep,numberOfRobotsOnBlackSite,numberOfRobotsOnWhiteSite
23270,24,20
timeStep,numberOfRobotsOnBlackSite,numberOfRobotsOnWhiteSite
23271,24,20
timeStep,numberOfRobotsOnBlackSite,numberOfRobotsOnWhiteSite
23272,24,20
timeStep,numberOfRobotsOnBlackSite,numberOfRobotsOnWhiteSite
23273,24,20
timeStep,numberOfRobotsOnBlackSite,numberOfRobotsOnWhiteSite
23274,24,20
timeStep,numberOfRobotsOnBlackSite,numberOfRobotsOnWhiteSite
23275,24,20
timeStep,numberOfRobotsOnBlackSite,numberOfRobotsOnWhiteSite
23276,24,20
timeStep,numberOfRobotsOnBlackSite,numberOfRobotsOnWhiteSite
23277,24,20
timeStep,numberOfRobotsOnBlackSite,numberOfRobotsOnWhiteSite
23278,24,20
timeStep,numberOfRobotsOnBlackSite,numberOfRobotsOnWhiteSite
23279,24,20
timeStep,numberOfRobotsOnBlackSite,numberOfRobotsOnWhiteSite
23280,24,20
timeStep,numberOfRobotsOnBlackSite,numberOfRobotsOnWhiteSite
23281,24,20
timeStep,numberOfRobotsOnBlackSite,numberOfRobotsOnWhiteSite
23282,24,20
timeStep,numberOfRobotsOnBlackSite,numberOfRobotsOnWhiteSite
23283,24,20
timeStep,numberOfRobotsOnBlackSite,numberOfRobotsOnWhiteSite
23284,24,20
timeStep,numberOfRobotsOnBlackSite,numberOfRobotsOnWhiteSite
23285,24,20
timeStep,numberOfRobotsOnBlackSite,numberOfRobotsOnWhiteSite
23286,24,20
timeStep,numberOfRobotsOnBlackSite,numberOfRobotsOnWhiteSite
23287,24,20
timeStep,numberOfRobotsOnBlackSite,numberOfRobotsOnWhiteSite
23288,24,20
timeStep,numberOfRobotsOnBlackSite,numberOfRobotsOnWhiteSite
23289,24,20
timeStep,numberOfRobotsOnBlackSite,numberOfRobotsOnWhiteSite
23290,24,20
timeStep,numberOfRobotsOnBlackSite,numberOfRobotsOnWhiteSite
23291,24,20
timeStep,numberOfRobotsOnBlackSite,numberOfRobotsOnWhiteSite
23292,24,20
timeStep,numberOfRobotsOnBlackSite,numberOfRobotsOnWhiteSite
23293,24,20
timeStep,numberOfRobotsOnBlackSite,numberOfRobotsOnWhiteSite
23294,24,20
timeStep,numberOfRobotsOnBlackSite,numberOfRobotsOnWhiteSite
23295,24,20
timeStep,numberOfRobotsOnBlackSite,numberOfRobotsOnWhiteSite
23296,24,20
timeStep,numberOfRobotsOnBlackSite,numberOfRobotsOnWhiteSite
23297,24,20
timeStep,numberOfRobotsOnBlackSite,numberOfRobotsOnWhiteSite
23298,24,20
timeStep,numberOfRobotsOnBlackSite,numberOfRobotsOnWhiteSite
23299,24,20
timeStep,numberOfRobotsOnBlackSite,numberOfRobotsOnWhiteSite
23300,24,20
timeStep,numberOfRobotsOnBlackSite,numberOfRobotsOnWhiteSite
23301,24,20
timeStep,numberOfRobotsOnBlackSite,numberOfRobotsOnWhiteSite
23302,24,20
timeStep,numberOfRobotsOnBlackSite,numberOfRobotsOnWhiteSite
23303,24,20
timeStep,numberOfRobotsOnBlackSite,numberOfRobotsOnWhiteSite
23304,24,20
timeStep,numberOfRobotsOnBlackSite,numberOfRobotsOnWhiteSite
23305,24,20
timeStep,numberOfRobotsOnBlackSite,numberOfRobotsOnWhiteSite
23306,24,20
timeStep,numberOfRobotsOnBlackSite,numberOfRobotsOnWhiteSite
23307,24,20
timeStep,numberOfRobotsOnBlackSite,numberOfRobotsOnWhiteSite
23308,24,20
timeStep,numberOfRobotsOnBlackSite,numberOfRobotsOnWhiteSite
23309,24,20
timeStep,numberOfRobotsOnBlackSite,numberOfRobotsOnWhiteSite
23310,24,20
timeStep,numberOfRobotsOnBlackSite,numberOfRobotsOnWhiteSite
23311,24,20
timeStep,numberOfRobotsOnBlackSite,numberOfRobotsOnWhiteSite
23312,24,20
timeStep,numberOfRobotsOnBlackSite,numberOfRobotsOnWhiteSite
23313,24,20
timeStep,numberOfRobotsOnBlackSite,numberOfRobotsOnWhiteSite
23314,24,20
timeStep,numberOfRobotsOnBlackSite,numberOfRobotsOnWhiteSite
23315,24,20
timeStep,numberOfRobotsOnBlackSite,numberOfRobotsOnWhiteSite
23316,24,20
timeStep,numberOfRobotsOnBlackSite,numberOfRobotsOnWhiteSite
23317,24,20
timeStep,numberOfRobotsOnBlackSite,numberOfRobotsOnWhiteSite
23318,24,20
timeStep,numberOfRobotsOnBlackSite,numberOfRobotsOnWhiteSite
23319,24,20
timeStep,numberOfRobotsOnBlackSite,numberOfRobotsOnWhiteSite
23320,24,20
timeStep,numberOfRobotsOnBlackSite,numberOfRobotsOnWhiteSite
23321,24,20
timeStep,numberOfRobotsOnBlackSite,numberOfRobotsOnWhiteSite
23322,24,20
timeStep,numberOfRobotsOnBlackSite,numberOfRobotsOnWhiteSite
23323,24,20
timeStep,numberOfRobotsOnBlackSite,numberOfRobotsOnWhiteSite
23324,24,20
timeStep,numberOfRobotsOnBlackSite,numberOfRobotsOnWhiteSite
23325,24,20
timeStep,numberOfRobotsOnBlackSite,numberOfRobotsOnWhiteSite
23326,24,20
timeStep,numberOfRobotsOnBlackSite,numberOfRobotsOnWhiteSite
23327,24,20
timeStep,numberOfRobotsOnBlackSite,numberOfRobotsOnWhiteSite
23328,24,20
timeStep,numberOfRobotsOnBlackSite,numberOfRobotsOnWhiteSite
23329,24,20
timeStep,numberOfRobotsOnBlackSite,numberOfRobotsOnWhiteSite
23330,24,20
timeStep,numberOfRobotsOnBlackSite,numberOfRobotsOnWhiteSite
23331,24,20
timeStep,numberOfRobotsOnBlackSite,numberOfRobotsOnWhiteSite
23332,24,20
timeStep,numberOfRobotsOnBlackSite,numberOfRobotsOnWhiteSite
23333,24,20
timeStep,numberOfRobotsOnBlackSite,numberOfRobotsOnWhiteSite
23334,24,20
timeStep,numberOfRobotsOnBlackSite,numberOfRobotsOnWhiteSite
23335,24,20
timeStep,numberOfRobotsOnBlackSite,numberOfRobotsOnWhiteSite
23336,24,20
timeStep,numberOfRobotsOnBlackSite,numberOfRobotsOnWhiteSite
23337,24,20
timeStep,numberOfRobotsOnBlackSite,numberOfRobotsOnWhiteSite
23338,24,20
timeStep,numberOfRobotsOnBlackSite,numberOfRobotsOnWhiteSite
23339,24,20
timeStep,numberOfRobotsOnBlackSite,numberOfRobotsOnWhiteSite
23340,24,20
timeStep,numberOfRobotsOnBlackSite,numberOfRobotsOnWhiteSite
23341,24,20
timeStep,numberOfRobotsOnBlackSite,numberOfRobotsOnWhiteSite
23342,24,20
timeStep,numberOfRobotsOnBlackSite,numberOfRobotsOnWhiteSite
23343,24,20
timeStep,numberOfRobotsOnBlackSite,numberOfRobotsOnWhiteSite
23344,24,20
timeStep,numberOfRobotsOnBlackSite,numberOfRobotsOnWhiteSite
23345,24,20
timeStep,numberOfRobotsOnBlackSite,numberOfRobotsOnWhiteSite
23346,24,20
timeStep,numberOfRobotsOnBlackSite,numberOfRobotsOnWhiteSite
23347,24,20
timeStep,numberOfRobotsOnBlackSite,numberOfRobotsOnWhiteSite
23348,24,20
timeStep,numberOfRobotsOnBlackSite,numberOfRobotsOnWhiteSite
23349,24,20
timeStep,numberOfRobotsOnBlackSite,numberOfRobotsOnWhiteSite
23350,24,20
timeStep,numberOfRobotsOnBlackSite,numberOfRobotsOnWhiteSite
23351,24,20
timeStep,numberOfRobotsOnBlackSite,numberOfRobotsOnWhiteSite
23352,24,20
timeStep,numberOfRobotsOnBlackSite,numberOfRobotsOnWhiteSite
23353,24,20
timeStep,numberOfRobotsOnBlackSite,numberOfRobotsOnWhiteSite
23354,24,20
timeStep,numberOfRobotsOnBlackSite,numberOfRobotsOnWhiteSite
23355,24,20
timeStep,numberOfRobotsOnBlackSite,numberOfRobotsOnWhiteSite
23356,24,20
timeStep,numberOfRobotsOnBlackSite,numberOfRobotsOnWhiteSite
23357,24,20
timeStep,numberOfRobotsOnBlackSite,numberOfRobotsOnWhiteSite
23358,24,20
timeStep,numberOfRobotsOnBlackSite,numberOfRobotsOnWhiteSite
23359,24,20
timeStep,numberOfRobotsOnBlackSite,numberOfRobotsOnWhiteSite
23360,24,20
timeStep,numberOfRobotsOnBlackSite,numberOfRobotsOnWhiteSite
23361,24,20
timeStep,numberOfRobotsOnBlackSite,numberOfRobotsOnWhiteSite
23362,24,20
timeStep,numberOfRobotsOnBlackSite,numberOfRobotsOnWhiteSite
23363,24,20
timeStep,numberOfRobotsOnBlackSite,numberOfRobotsOnWhiteSite
23364,24,20
timeStep,numberOfRobotsOnBlackSite,numberOfRobotsOnWhiteSite
23365,24,20
timeStep,numberOfRobotsOnBlackSite,numberOfRobotsOnWhiteSite
23366,24,20
timeStep,numberOfRobotsOnBlackSite,numberOfRobotsOnWhiteSite
23367,24,20
timeStep,numberOfRobotsOnBlackSite,numberOfRobotsOnWhiteSite
23368,24,20
timeStep,numberOfRobotsOnBlackSite,numberOfRobotsOnWhiteSite
23369,24,20
timeStep,numberOfRobotsOnBlackSite,numberOfRobotsOnWhiteSite
23370,24,20
timeStep,numberOfRobotsOnBlackSite,numberOfRobotsOnWhiteSite
23371,24,20
timeStep,numberOfRobotsOnBlackSite,numberOfRobotsOnWhiteSite
23372,24,20
timeStep,numberOfRobotsOnBlackSite,numberOfRobotsOnWhiteSite
23373,24,20
timeStep,numberOfRobotsOnBlackSite,numberOfRobotsOnWhiteSite
23374,24,20
timeStep,numberOfRobotsOnBlackSite,numberOfRobotsOnWhiteSite
23375,24,20
timeStep,numberOfRobotsOnBlackSite,numberOfRobotsOnWhiteSite
23376,24,20
timeStep,numberOfRobotsOnBlackSite,numberOfRobotsOnWhiteSite
23377,24,20
timeStep,numberOfRobotsOnBlackSite,numberOfRobotsOnWhiteSite
23378,24,20
timeStep,numberOfRobotsOnBlackSite,numberOfRobotsOnWhiteSite
23379,24,20
timeStep,numberOfRobotsOnBlackSite,numberOfRobotsOnWhiteSite
23380,24,20
timeStep,numberOfRobotsOnBlackSite,numberOfRobotsOnWhiteSite
23381,24,20
timeStep,numberOfRobotsOnBlackSite,numberOfRobotsOnWhiteSite
23382,24,20
timeStep,numberOfRobotsOnBlackSite,numberOfRobotsOnWhiteSite
23383,24,20
timeStep,numberOfRobotsOnBlackSite,numberOfRobotsOnWhiteSite
23384,24,20
timeStep,numberOfRobotsOnBlackSite,numberOfRobotsOnWhiteSite
23385,24,20
timeStep,numberOfRobotsOnBlackSite,numberOfRobotsOnWhiteSite
23386,24,20
timeStep,numberOfRobotsOnBlackSite,numberOfRobotsOnWhiteSite
23387,24,20
timeStep,numberOfRobotsOnBlackSite,numberOfRobotsOnWhiteSite
23388,24,20
timeStep,numberOfRobotsOnBlackSite,numberOfRobotsOnWhiteSite
23389,24,20
timeStep,numberOfRobotsOnBlackSite,numberOfRobotsOnWhiteSite
23390,24,20
timeStep,numberOfRobotsOnBlackSite,numberOfRobotsOnWhiteSite
23391,24,20
timeStep,numberOfRobotsOnBlackSite,numberOfRobotsOnWhiteSite
23392,24,20
timeStep,numberOfRobotsOnBlackSite,numberOfRobotsOnWhiteSite
23393,24,20
timeStep,numberOfRobotsOnBlackSite,numberOfRobotsOnWhiteSite
23394,24,20
timeStep,numberOfRobotsOnBlackSite,numberOfRobotsOnWhiteSite
23395,24,20
timeStep,numberOfRobotsOnBlackSite,numberOfRobotsOnWhiteSite
23396,24,20
timeStep,numberOfRobotsOnBlackSite,numberOfRobotsOnWhiteSite
23397,24,20
timeStep,numberOfRobotsOnBlackSite,numberOfRobotsOnWhiteSite
23398,24,20
timeStep,numberOfRobotsOnBlackSite,numberOfRobotsOnWhiteSite
23399,24,20
timeStep,numberOfRobotsOnBlackSite,numberOfRobotsOnWhiteSite
23400,24,20
timeStep,numberOfRobotsOnBlackSite,numberOfRobotsOnWhiteSite
23401,24,20
timeStep,numberOfRobotsOnBlackSite,numberOfRobotsOnWhiteSite
23402,24,20
timeStep,numberOfRobotsOnBlackSite,numberOfRobotsOnWhiteSite
23403,24,20
timeStep,numberOfRobotsOnBlackSite,numberOfRobotsOnWhiteSite
23404,24,20
timeStep,numberOfRobotsOnBlackSite,numberOfRobotsOnWhiteSite
23405,24,20
timeStep,numberOfRobotsOnBlackSite,numberOfRobotsOnWhiteSite
23406,24,20
timeStep,numberOfRobotsOnBlackSite,numberOfRobotsOnWhiteSite
23407,24,20
timeStep,numberOfRobotsOnBlackSite,numberOfRobotsOnWhiteSite
23408,24,20
timeStep,numberOfRobotsOnBlackSite,numberOfRobotsOnWhiteSite
23409,24,20
timeStep,numberOfRobotsOnBlackSite,numberOfRobotsOnWhiteSite
23410,24,20
timeStep,numberOfRobotsOnBlackSite,numberOfRobotsOnWhiteSite
23411,24,20
timeStep,numberOfRobotsOnBlackSite,numberOfRobotsOnWhiteSite
23412,24,20
timeStep,numberOfRobotsOnBlackSite,numberOfRobotsOnWhiteSite
23413,24,20
timeStep,numberOfRobotsOnBlackSite,numberOfRobotsOnWhiteSite
23414,24,20
timeStep,numberOfRobotsOnBlackSite,numberOfRobotsOnWhiteSite
23415,24,20
timeStep,numberOfRobotsOnBlackSite,numberOfRobotsOnWhiteSite
23416,24,20
timeStep,numberOfRobotsOnBlackSite,numberOfRobotsOnWhiteSite
23417,24,20
timeStep,numberOfRobotsOnBlackSite,numberOfRobotsOnWhiteSite
23418,24,20
timeStep,numberOfRobotsOnBlackSite,numberOfRobotsOnWhiteSite
23419,24,20
timeStep,numberOfRobotsOnBlackSite,numberOfRobotsOnWhiteSite
23420,24,20
timeStep,numberOfRobotsOnBlackSite,numberOfRobotsOnWhiteSite
23421,24,20
timeStep,numberOfRobotsOnBlackSite,numberOfRobotsOnWhiteSite
23422,24,20
timeStep,numberOfRobotsOnBlackSite,numberOfRobotsOnWhiteSite
23423,24,20
timeStep,numberOfRobotsOnBlackSite,numberOfRobotsOnWhiteSite
23424,24,20
timeStep,numberOfRobotsOnBlackSite,numberOfRobotsOnWhiteSite
23425,24,20
timeStep,numberOfRobotsOnBlackSite,numberOfRobotsOnWhiteSite
23426,24,20
timeStep,numberOfRobotsOnBlackSite,numberOfRobotsOnWhiteSite
23427,24,20
timeStep,numberOfRobotsOnBlackSite,numberOfRobotsOnWhiteSite
23428,24,20
timeStep,numberOfRobotsOnBlackSite,numberOfRobotsOnWhiteSite
23429,24,20
timeStep,numberOfRobotsOnBlackSite,numberOfRobotsOnWhiteSite
23430,24,20
timeStep,numberOfRobotsOnBlackSite,numberOfRobotsOnWhiteSite
23431,24,20
timeStep,numberOfRobotsOnBlackSite,numberOfRobotsOnWhiteSite
23432,24,20
timeStep,numberOfRobotsOnBlackSite,numberOfRobotsOnWhiteSite
23433,24,20
timeStep,numberOfRobotsOnBlackSite,numberOfRobotsOnWhiteSite
23434,24,20
timeStep,numberOfRobotsOnBlackSite,numberOfRobotsOnWhiteSite
23435,24,20
timeStep,numberOfRobotsOnBlackSite,numberOfRobotsOnWhiteSite
23436,24,20
timeStep,numberOfRobotsOnBlackSite,numberOfRobotsOnWhiteSite
23437,24,20
timeStep,numberOfRobotsOnBlackSite,numberOfRobotsOnWhiteSite
23438,24,20
timeStep,numberOfRobotsOnBlackSite,numberOfRobotsOnWhiteSite
23439,24,20
timeStep,numberOfRobotsOnBlackSite,numberOfRobotsOnWhiteSite
23440,24,20
timeStep,numberOfRobotsOnBlackSite,numberOfRobotsOnWhiteSite
23441,24,20
timeStep,numberOfRobotsOnBlackSite,numberOfRobotsOnWhiteSite
23442,24,20
timeStep,numberOfRobotsOnBlackSite,numberOfRobotsOnWhiteSite
23443,24,20
timeStep,numberOfRobotsOnBlackSite,numberOfRobotsOnWhiteSite
23444,24,20
timeStep,numberOfRobotsOnBlackSite,numberOfRobotsOnWhiteSite
23445,24,20
timeStep,numberOfRobotsOnBlackSite,numberOfRobotsOnWhiteSite
23446,24,20
timeStep,numberOfRobotsOnBlackSite,numberOfRobotsOnWhiteSite
23447,24,20
timeStep,numberOfRobotsOnBlackSite,numberOfRobotsOnWhiteSite
23448,24,20
timeStep,numberOfRobotsOnBlackSite,numberOfRobotsOnWhiteSite
23449,24,20
timeStep,numberOfRobotsOnBlackSite,numberOfRobotsOnWhiteSite
23450,24,21
timeStep,numberOfRobotsOnBlackSite,numberOfRobotsOnWhiteSite
23451,24,21
timeStep,numberOfRobotsOnBlackSite,numberOfRobotsOnWhiteSite
23452,24,21
timeStep,numberOfRobotsOnBlackSite,numberOfRobotsOnWhiteSite
23453,24,21
timeStep,numberOfRobotsOnBlackSite,numberOfRobotsOnWhiteSite
23454,24,21
timeStep,numberOfRobotsOnBlackSite,numberOfRobotsOnWhiteSite
23455,24,21
timeStep,numberOfRobotsOnBlackSite,numberOfRobotsOnWhiteSite
23456,24,21
timeStep,numberOfRobotsOnBlackSite,numberOfRobotsOnWhiteSite
23457,24,21
timeStep,numberOfRobotsOnBlackSite,numberOfRobotsOnWhiteSite
23458,24,21
timeStep,numberOfRobotsOnBlackSite,numberOfRobotsOnWhiteSite
23459,24,21
timeStep,numberOfRobotsOnBlackSite,numberOfRobotsOnWhiteSite
23460,24,21
timeStep,numberOfRobotsOnBlackSite,numberOfRobotsOnWhiteSite
23461,24,21
timeStep,numberOfRobotsOnBlackSite,numberOfRobotsOnWhiteSite
23462,24,21
timeStep,numberOfRobotsOnBlackSite,numberOfRobotsOnWhiteSite
23463,24,21
timeStep,numberOfRobotsOnBlackSite,numberOfRobotsOnWhiteSite
23464,24,21
timeStep,numberOfRobotsOnBlackSite,numberOfRobotsOnWhiteSite
23465,24,21
timeStep,numberOfRobotsOnBlackSite,numberOfRobotsOnWhiteSite
23466,24,21
timeStep,numberOfRobotsOnBlackSite,numberOfRobotsOnWhiteSite
23467,24,21
timeStep,numberOfRobotsOnBlackSite,numberOfRobotsOnWhiteSite
23468,24,21
timeStep,numberOfRobotsOnBlackSite,numberOfRobotsOnWhiteSite
23469,24,21
timeStep,numberOfRobotsOnBlackSite,numberOfRobotsOnWhiteSite
23470,24,21
timeStep,numberOfRobotsOnBlackSite,numberOfRobotsOnWhiteSite
23471,24,21
timeStep,numberOfRobotsOnBlackSite,numberOfRobotsOnWhiteSite
23472,24,21
timeStep,numberOfRobotsOnBlackSite,numberOfRobotsOnWhiteSite
23473,24,21
timeStep,numberOfRobotsOnBlackSite,numberOfRobotsOnWhiteSite
23474,24,21
timeStep,numberOfRobotsOnBlackSite,numberOfRobotsOnWhiteSite
23475,24,21
timeStep,numberOfRobotsOnBlackSite,numberOfRobotsOnWhiteSite
23476,24,21
timeStep,numberOfRobotsOnBlackSite,numberOfRobotsOnWhiteSite
23477,24,21
timeStep,numberOfRobotsOnBlackSite,numberOfRobotsOnWhiteSite
23478,24,21
timeStep,numberOfRobotsOnBlackSite,numberOfRobotsOnWhiteSite
23479,24,21
timeStep,numberOfRobotsOnBlackSite,numberOfRobotsOnWhiteSite
23480,24,21
timeStep,numberOfRobotsOnBlackSite,numberOfRobotsOnWhiteSite
23481,24,21
timeStep,numberOfRobotsOnBlackSite,numberOfRobotsOnWhiteSite
23482,24,21
timeStep,numberOfRobotsOnBlackSite,numberOfRobotsOnWhiteSite
23483,24,21
timeStep,numberOfRobotsOnBlackSite,numberOfRobotsOnWhiteSite
23484,24,21
timeStep,numberOfRobotsOnBlackSite,numberOfRobotsOnWhiteSite
23485,24,21
timeStep,numberOfRobotsOnBlackSite,numberOfRobotsOnWhiteSite
23486,24,21
timeStep,numberOfRobotsOnBlackSite,numberOfRobotsOnWhiteSite
23487,24,21
timeStep,numberOfRobotsOnBlackSite,numberOfRobotsOnWhiteSite
23488,24,21
timeStep,numberOfRobotsOnBlackSite,numberOfRobotsOnWhiteSite
23489,24,21
timeStep,numberOfRobotsOnBlackSite,numberOfRobotsOnWhiteSite
23490,24,21
timeStep,numberOfRobotsOnBlackSite,numberOfRobotsOnWhiteSite
23491,24,21
timeStep,numberOfRobotsOnBlackSite,numberOfRobotsOnWhiteSite
23492,24,21
timeStep,numberOfRobotsOnBlackSite,numberOfRobotsOnWhiteSite
23493,24,21
timeStep,numberOfRobotsOnBlackSite,numberOfRobotsOnWhiteSite
23494,24,21
timeStep,numberOfRobotsOnBlackSite,numberOfRobotsOnWhiteSite
23495,24,21
timeStep,numberOfRobotsOnBlackSite,numberOfRobotsOnWhiteSite
23496,24,21
timeStep,numberOfRobotsOnBlackSite,numberOfRobotsOnWhiteSite
23497,24,21
timeStep,numberOfRobotsOnBlackSite,numberOfRobotsOnWhiteSite
23498,24,21
timeStep,numberOfRobotsOnBlackSite,numberOfRobotsOnWhiteSite
23499,24,21
timeStep,numberOfRobotsOnBlackSite,numberOfRobotsOnWhiteSite
23500,24,21
timeStep,numberOfRobotsOnBlackSite,numberOfRobotsOnWhiteSite
23501,24,21
timeStep,numberOfRobotsOnBlackSite,numberOfRobotsOnWhiteSite
23502,24,21
timeStep,numberOfRobotsOnBlackSite,numberOfRobotsOnWhiteSite
23503,24,21
timeStep,numberOfRobotsOnBlackSite,numberOfRobotsOnWhiteSite
23504,24,21
timeStep,numberOfRobotsOnBlackSite,numberOfRobotsOnWhiteSite
23505,24,21
timeStep,numberOfRobotsOnBlackSite,numberOfRobotsOnWhiteSite
23506,24,21
timeStep,numberOfRobotsOnBlackSite,numberOfRobotsOnWhiteSite
23507,24,21
timeStep,numberOfRobotsOnBlackSite,numberOfRobotsOnWhiteSite
23508,24,21
timeStep,numberOfRobotsOnBlackSite,numberOfRobotsOnWhiteSite
23509,24,21
timeStep,numberOfRobotsOnBlackSite,numberOfRobotsOnWhiteSite
23510,24,21
timeStep,numberOfRobotsOnBlackSite,numberOfRobotsOnWhiteSite
23511,24,21
timeStep,numberOfRobotsOnBlackSite,numberOfRobotsOnWhiteSite
23512,24,21
timeStep,numberOfRobotsOnBlackSite,numberOfRobotsOnWhiteSite
23513,24,21
timeStep,numberOfRobotsOnBlackSite,numberOfRobotsOnWhiteSite
23514,24,21
timeStep,numberOfRobotsOnBlackSite,numberOfRobotsOnWhiteSite
23515,24,21
timeStep,numberOfRobotsOnBlackSite,numberOfRobotsOnWhiteSite
23516,24,21
timeStep,numberOfRobotsOnBlackSite,numberOfRobotsOnWhiteSite
23517,24,21
timeStep,numberOfRobotsOnBlackSite,numberOfRobotsOnWhiteSite
23518,24,21
timeStep,numberOfRobotsOnBlackSite,numberOfRobotsOnWhiteSite
23519,24,21
timeStep,numberOfRobotsOnBlackSite,numberOfRobotsOnWhiteSite
23520,24,21
timeStep,numberOfRobotsOnBlackSite,numberOfRobotsOnWhiteSite
23521,24,21
timeStep,numberOfRobotsOnBlackSite,numberOfRobotsOnWhiteSite
23522,24,21
timeStep,numberOfRobotsOnBlackSite,numberOfRobotsOnWhiteSite
23523,24,21
timeStep,numberOfRobotsOnBlackSite,numberOfRobotsOnWhiteSite
23524,24,21
timeStep,numberOfRobotsOnBlackSite,numberOfRobotsOnWhiteSite
23525,24,21
timeStep,numberOfRobotsOnBlackSite,numberOfRobotsOnWhiteSite
23526,24,21
timeStep,numberOfRobotsOnBlackSite,numberOfRobotsOnWhiteSite
23527,24,21
timeStep,numberOfRobotsOnBlackSite,numberOfRobotsOnWhiteSite
23528,24,21
timeStep,numberOfRobotsOnBlackSite,numberOfRobotsOnWhiteSite
23529,24,21
timeStep,numberOfRobotsOnBlackSite,numberOfRobotsOnWhiteSite
23530,24,21
timeStep,numberOfRobotsOnBlackSite,numberOfRobotsOnWhiteSite
23531,24,21
timeStep,numberOfRobotsOnBlackSite,numberOfRobotsOnWhiteSite
23532,24,21
timeStep,numberOfRobotsOnBlackSite,numberOfRobotsOnWhiteSite
23533,24,21
timeStep,numberOfRobotsOnBlackSite,numberOfRobotsOnWhiteSite
23534,24,21
timeStep,numberOfRobotsOnBlackSite,numberOfRobotsOnWhiteSite
23535,24,21
timeStep,numberOfRobotsOnBlackSite,numberOfRobotsOnWhiteSite
23536,24,21
timeStep,numberOfRobotsOnBlackSite,numberOfRobotsOnWhiteSite
23537,24,21
timeStep,numberOfRobotsOnBlackSite,numberOfRobotsOnWhiteSite
23538,24,21
timeStep,numberOfRobotsOnBlackSite,numberOfRobotsOnWhiteSite
23539,24,21
timeStep,numberOfRobotsOnBlackSite,numberOfRobotsOnWhiteSite
23540,24,21
timeStep,numberOfRobotsOnBlackSite,numberOfRobotsOnWhiteSite
23541,24,21
timeStep,numberOfRobotsOnBlackSite,numberOfRobotsOnWhiteSite
23542,24,21
timeStep,numberOfRobotsOnBlackSite,numberOfRobotsOnWhiteSite
23543,24,21
timeStep,numberOfRobotsOnBlackSite,numberOfRobotsOnWhiteSite
23544,24,21
timeStep,numberOfRobotsOnBlackSite,numberOfRobotsOnWhiteSite
23545,24,21
timeStep,numberOfRobotsOnBlackSite,numberOfRobotsOnWhiteSite
23546,24,21
timeStep,numberOfRobotsOnBlackSite,numberOfRobotsOnWhiteSite
23547,24,21
timeStep,numberOfRobotsOnBlackSite,numberOfRobotsOnWhiteSite
23548,24,21
timeStep,numberOfRobotsOnBlackSite,numberOfRobotsOnWhiteSite
23549,24,21
timeStep,numberOfRobotsOnBlackSite,numberOfRobotsOnWhiteSite
23550,24,21
timeStep,numberOfRobotsOnBlackSite,numberOfRobotsOnWhiteSite
23551,24,21
timeStep,numberOfRobotsOnBlackSite,numberOfRobotsOnWhiteSite
23552,24,21
timeStep,numberOfRobotsOnBlackSite,numberOfRobotsOnWhiteSite
23553,24,21
timeStep,numberOfRobotsOnBlackSite,numberOfRobotsOnWhiteSite
23554,24,21
timeStep,numberOfRobotsOnBlackSite,numberOfRobotsOnWhiteSite
23555,24,21
timeStep,numberOfRobotsOnBlackSite,numberOfRobotsOnWhiteSite
23556,24,21
timeStep,numberOfRobotsOnBlackSite,numberOfRobotsOnWhiteSite
23557,24,21
timeStep,numberOfRobotsOnBlackSite,numberOfRobotsOnWhiteSite
23558,24,21
timeStep,numberOfRobotsOnBlackSite,numberOfRobotsOnWhiteSite
23559,24,21
timeStep,numberOfRobotsOnBlackSite,numberOfRobotsOnWhiteSite
23560,24,21
timeStep,numberOfRobotsOnBlackSite,numberOfRobotsOnWhiteSite
23561,24,21
timeStep,numberOfRobotsOnBlackSite,numberOfRobotsOnWhiteSite
23562,24,21
timeStep,numberOfRobotsOnBlackSite,numberOfRobotsOnWhiteSite
23563,24,21
timeStep,numberOfRobotsOnBlackSite,numberOfRobotsOnWhiteSite
23564,24,21
timeStep,numberOfRobotsOnBlackSite,numberOfRobotsOnWhiteSite
23565,24,21
timeStep,numberOfRobotsOnBlackSite,numberOfRobotsOnWhiteSite
23566,24,21
timeStep,numberOfRobotsOnBlackSite,numberOfRobotsOnWhiteSite
23567,24,21
timeStep,numberOfRobotsOnBlackSite,numberOfRobotsOnWhiteSite
23568,24,21
timeStep,numberOfRobotsOnBlackSite,numberOfRobotsOnWhiteSite
23569,24,21
timeStep,numberOfRobotsOnBlackSite,numberOfRobotsOnWhiteSite
23570,24,21
timeStep,numberOfRobotsOnBlackSite,numberOfRobotsOnWhiteSite
23571,24,21
timeStep,numberOfRobotsOnBlackSite,numberOfRobotsOnWhiteSite
23572,24,21
timeStep,numberOfRobotsOnBlackSite,numberOfRobotsOnWhiteSite
23573,24,21
timeStep,numberOfRobotsOnBlackSite,numberOfRobotsOnWhiteSite
23574,24,21
timeStep,numberOfRobotsOnBlackSite,numberOfRobotsOnWhiteSite
23575,24,21
timeStep,numberOfRobotsOnBlackSite,numberOfRobotsOnWhiteSite
23576,24,21
timeStep,numberOfRobotsOnBlackSite,numberOfRobotsOnWhiteSite
23577,24,21
timeStep,numberOfRobotsOnBlackSite,numberOfRobotsOnWhiteSite
23578,24,21
timeStep,numberOfRobotsOnBlackSite,numberOfRobotsOnWhiteSite
23579,24,21
timeStep,numberOfRobotsOnBlackSite,numberOfRobotsOnWhiteSite
23580,24,21
timeStep,numberOfRobotsOnBlackSite,numberOfRobotsOnWhiteSite
23581,24,21
timeStep,numberOfRobotsOnBlackSite,numberOfRobotsOnWhiteSite
23582,24,21
timeStep,numberOfRobotsOnBlackSite,numberOfRobotsOnWhiteSite
23583,24,21
timeStep,numberOfRobotsOnBlackSite,numberOfRobotsOnWhiteSite
23584,24,21
timeStep,numberOfRobotsOnBlackSite,numberOfRobotsOnWhiteSite
23585,24,21
timeStep,numberOfRobotsOnBlackSite,numberOfRobotsOnWhiteSite
23586,24,21
timeStep,numberOfRobotsOnBlackSite,numberOfRobotsOnWhiteSite
23587,24,21
timeStep,numberOfRobotsOnBlackSite,numberOfRobotsOnWhiteSite
23588,24,21
timeStep,numberOfRobotsOnBlackSite,numberOfRobotsOnWhiteSite
23589,24,21
timeStep,numberOfRobotsOnBlackSite,numberOfRobotsOnWhiteSite
23590,24,21
timeStep,numberOfRobotsOnBlackSite,numberOfRobotsOnWhiteSite
23591,24,21
timeStep,numberOfRobotsOnBlackSite,numberOfRobotsOnWhiteSite
23592,24,21
timeStep,numberOfRobotsOnBlackSite,numberOfRobotsOnWhiteSite
23593,24,21
timeStep,numberOfRobotsOnBlackSite,numberOfRobotsOnWhiteSite
23594,24,21
timeStep,numberOfRobotsOnBlackSite,numberOfRobotsOnWhiteSite
23595,24,21
timeStep,numberOfRobotsOnBlackSite,numberOfRobotsOnWhiteSite
23596,24,21
timeStep,numberOfRobotsOnBlackSite,numberOfRobotsOnWhiteSite
23597,24,21
timeStep,numberOfRobotsOnBlackSite,numberOfRobotsOnWhiteSite
23598,24,21
timeStep,numberOfRobotsOnBlackSite,numberOfRobotsOnWhiteSite
23599,24,21
timeStep,numberOfRobotsOnBlackSite,numberOfRobotsOnWhiteSite
23600,24,21
timeStep,numberOfRobotsOnBlackSite,numberOfRobotsOnWhiteSite
23601,24,21
timeStep,numberOfRobotsOnBlackSite,numberOfRobotsOnWhiteSite
23602,24,21
timeStep,numberOfRobotsOnBlackSite,numberOfRobotsOnWhiteSite
23603,24,21
timeStep,numberOfRobotsOnBlackSite,numberOfRobotsOnWhiteSite
23604,24,21
timeStep,numberOfRobotsOnBlackSite,numberOfRobotsOnWhiteSite
23605,24,21
timeStep,numberOfRobotsOnBlackSite,numberOfRobotsOnWhiteSite
23606,24,21
timeStep,numberOfRobotsOnBlackSite,numberOfRobotsOnWhiteSite
23607,24,21
timeStep,numberOfRobotsOnBlackSite,numberOfRobotsOnWhiteSite
23608,24,21
timeStep,numberOfRobotsOnBlackSite,numberOfRobotsOnWhiteSite
23609,24,21
timeStep,numberOfRobotsOnBlackSite,numberOfRobotsOnWhiteSite
23610,24,21
timeStep,numberOfRobotsOnBlackSite,numberOfRobotsOnWhiteSite
23611,24,21
timeStep,numberOfRobotsOnBlackSite,numberOfRobotsOnWhiteSite
23612,24,21
timeStep,numberOfRobotsOnBlackSite,numberOfRobotsOnWhiteSite
23613,24,21
timeStep,numberOfRobotsOnBlackSite,numberOfRobotsOnWhiteSite
23614,24,21
timeStep,numberOfRobotsOnBlackSite,numberOfRobotsOnWhiteSite
23615,24,21
timeStep,numberOfRobotsOnBlackSite,numberOfRobotsOnWhiteSite
23616,24,21
timeStep,numberOfRobotsOnBlackSite,numberOfRobotsOnWhiteSite
23617,24,21
timeStep,numberOfRobotsOnBlackSite,numberOfRobotsOnWhiteSite
23618,24,21
timeStep,numberOfRobotsOnBlackSite,numberOfRobotsOnWhiteSite
23619,24,21
timeStep,numberOfRobotsOnBlackSite,numberOfRobotsOnWhiteSite
23620,24,21
timeStep,numberOfRobotsOnBlackSite,numberOfRobotsOnWhiteSite
23621,24,21
timeStep,numberOfRobotsOnBlackSite,numberOfRobotsOnWhiteSite
23622,24,21
timeStep,numberOfRobotsOnBlackSite,numberOfRobotsOnWhiteSite
23623,24,21
timeStep,numberOfRobotsOnBlackSite,numberOfRobotsOnWhiteSite
23624,24,21
timeStep,numberOfRobotsOnBlackSite,numberOfRobotsOnWhiteSite
23625,24,21
timeStep,numberOfRobotsOnBlackSite,numberOfRobotsOnWhiteSite
23626,24,21
timeStep,numberOfRobotsOnBlackSite,numberOfRobotsOnWhiteSite
23627,24,21
timeStep,numberOfRobotsOnBlackSite,numberOfRobotsOnWhiteSite
23628,24,21
timeStep,numberOfRobotsOnBlackSite,numberOfRobotsOnWhiteSite
23629,24,21
timeStep,numberOfRobotsOnBlackSite,numberOfRobotsOnWhiteSite
23630,24,21
timeStep,numberOfRobotsOnBlackSite,numberOfRobotsOnWhiteSite
23631,24,21
timeStep,numberOfRobotsOnBlackSite,numberOfRobotsOnWhiteSite
23632,24,21
timeStep,numberOfRobotsOnBlackSite,numberOfRobotsOnWhiteSite
23633,24,21
timeStep,numberOfRobotsOnBlackSite,numberOfRobotsOnWhiteSite
23634,24,21
timeStep,numberOfRobotsOnBlackSite,numberOfRobotsOnWhiteSite
23635,24,21
timeStep,numberOfRobotsOnBlackSite,numberOfRobotsOnWhiteSite
23636,24,21
timeStep,numberOfRobotsOnBlackSite,numberOfRobotsOnWhiteSite
23637,24,21
timeStep,numberOfRobotsOnBlackSite,numberOfRobotsOnWhiteSite
23638,24,21
timeStep,numberOfRobotsOnBlackSite,numberOfRobotsOnWhiteSite
23639,24,21
timeStep,numberOfRobotsOnBlackSite,numberOfRobotsOnWhiteSite
23640,24,21
timeStep,numberOfRobotsOnBlackSite,numberOfRobotsOnWhiteSite
23641,24,21
timeStep,numberOfRobotsOnBlackSite,numberOfRobotsOnWhiteSite
23642,24,21
timeStep,numberOfRobotsOnBlackSite,numberOfRobotsOnWhiteSite
23643,24,21
timeStep,numberOfRobotsOnBlackSite,numberOfRobotsOnWhiteSite
23644,24,21
timeStep,numberOfRobotsOnBlackSite,numberOfRobotsOnWhiteSite
23645,24,21
timeStep,numberOfRobotsOnBlackSite,numberOfRobotsOnWhiteSite
23646,24,21
timeStep,numberOfRobotsOnBlackSite,numberOfRobotsOnWhiteSite
23647,24,21
timeStep,numberOfRobotsOnBlackSite,numberOfRobotsOnWhiteSite
23648,24,21
timeStep,numberOfRobotsOnBlackSite,numberOfRobotsOnWhiteSite
23649,24,21
timeStep,numberOfRobotsOnBlackSite,numberOfRobotsOnWhiteSite
23650,24,21
timeStep,numberOfRobotsOnBlackSite,numberOfRobotsOnWhiteSite
23651,24,21
timeStep,numberOfRobotsOnBlackSite,numberOfRobotsOnWhiteSite
23652,24,21
timeStep,numberOfRobotsOnBlackSite,numberOfRobotsOnWhiteSite
23653,24,21
timeStep,numberOfRobotsOnBlackSite,numberOfRobotsOnWhiteSite
23654,24,21
timeStep,numberOfRobotsOnBlackSite,numberOfRobotsOnWhiteSite
23655,24,21
timeStep,numberOfRobotsOnBlackSite,numberOfRobotsOnWhiteSite
23656,24,21
timeStep,numberOfRobotsOnBlackSite,numberOfRobotsOnWhiteSite
23657,24,21
timeStep,numberOfRobotsOnBlackSite,numberOfRobotsOnWhiteSite
23658,24,21
timeStep,numberOfRobotsOnBlackSite,numberOfRobotsOnWhiteSite
23659,24,21
timeStep,numberOfRobotsOnBlackSite,numberOfRobotsOnWhiteSite
23660,24,21
timeStep,numberOfRobotsOnBlackSite,numberOfRobotsOnWhiteSite
23661,24,21
timeStep,numberOfRobotsOnBlackSite,numberOfRobotsOnWhiteSite
23662,24,21
timeStep,numberOfRobotsOnBlackSite,numberOfRobotsOnWhiteSite
23663,24,21
timeStep,numberOfRobotsOnBlackSite,numberOfRobotsOnWhiteSite
23664,24,21
timeStep,numberOfRobotsOnBlackSite,numberOfRobotsOnWhiteSite
23665,24,21
timeStep,numberOfRobotsOnBlackSite,numberOfRobotsOnWhiteSite
23666,24,21
timeStep,numberOfRobotsOnBlackSite,numberOfRobotsOnWhiteSite
23667,24,21
timeStep,numberOfRobotsOnBlackSite,numberOfRobotsOnWhiteSite
23668,24,21
timeStep,numberOfRobotsOnBlackSite,numberOfRobotsOnWhiteSite
23669,24,21
timeStep,numberOfRobotsOnBlackSite,numberOfRobotsOnWhiteSite
23670,24,21
timeStep,numberOfRobotsOnBlackSite,numberOfRobotsOnWhiteSite
23671,24,21
timeStep,numberOfRobotsOnBlackSite,numberOfRobotsOnWhiteSite
23672,24,21
timeStep,numberOfRobotsOnBlackSite,numberOfRobotsOnWhiteSite
23673,24,21
timeStep,numberOfRobotsOnBlackSite,numberOfRobotsOnWhiteSite
23674,24,21
timeStep,numberOfRobotsOnBlackSite,numberOfRobotsOnWhiteSite
23675,24,21
timeStep,numberOfRobotsOnBlackSite,numberOfRobotsOnWhiteSite
23676,24,21
timeStep,numberOfRobotsOnBlackSite,numberOfRobotsOnWhiteSite
23677,24,21
timeStep,numberOfRobotsOnBlackSite,numberOfRobotsOnWhiteSite
23678,24,21
timeStep,numberOfRobotsOnBlackSite,numberOfRobotsOnWhiteSite
23679,24,21
timeStep,numberOfRobotsOnBlackSite,numberOfRobotsOnWhiteSite
23680,24,21
timeStep,numberOfRobotsOnBlackSite,numberOfRobotsOnWhiteSite
23681,24,21
timeStep,numberOfRobotsOnBlackSite,numberOfRobotsOnWhiteSite
23682,24,21
timeStep,numberOfRobotsOnBlackSite,numberOfRobotsOnWhiteSite
23683,24,21
timeStep,numberOfRobotsOnBlackSite,numberOfRobotsOnWhiteSite
23684,24,21
timeStep,numberOfRobotsOnBlackSite,numberOfRobotsOnWhiteSite
23685,24,21
timeStep,numberOfRobotsOnBlackSite,numberOfRobotsOnWhiteSite
23686,24,21
timeStep,numberOfRobotsOnBlackSite,numberOfRobotsOnWhiteSite
23687,24,21
timeStep,numberOfRobotsOnBlackSite,numberOfRobotsOnWhiteSite
23688,24,21
timeStep,numberOfRobotsOnBlackSite,numberOfRobotsOnWhiteSite
23689,24,21
timeStep,numberOfRobotsOnBlackSite,numberOfRobotsOnWhiteSite
23690,24,21
timeStep,numberOfRobotsOnBlackSite,numberOfRobotsOnWhiteSite
23691,24,21
timeStep,numberOfRobotsOnBlackSite,numberOfRobotsOnWhiteSite
23692,24,21
timeStep,numberOfRobotsOnBlackSite,numberOfRobotsOnWhiteSite
23693,24,21
timeStep,numberOfRobotsOnBlackSite,numberOfRobotsOnWhiteSite
23694,24,21
timeStep,numberOfRobotsOnBlackSite,numberOfRobotsOnWhiteSite
23695,24,21
timeStep,numberOfRobotsOnBlackSite,numberOfRobotsOnWhiteSite
23696,24,21
timeStep,numberOfRobotsOnBlackSite,numberOfRobotsOnWhiteSite
23697,24,21
timeStep,numberOfRobotsOnBlackSite,numberOfRobotsOnWhiteSite
23698,24,21
timeStep,numberOfRobotsOnBlackSite,numberOfRobotsOnWhiteSite
23699,24,21
timeStep,numberOfRobotsOnBlackSite,numberOfRobotsOnWhiteSite
23700,24,21
timeStep,numberOfRobotsOnBlackSite,numberOfRobotsOnWhiteSite
23701,24,21
timeStep,numberOfRobotsOnBlackSite,numberOfRobotsOnWhiteSite
23702,24,21
timeStep,numberOfRobotsOnBlackSite,numberOfRobotsOnWhiteSite
23703,24,21
timeStep,numberOfRobotsOnBlackSite,numberOfRobotsOnWhiteSite
23704,24,21
timeStep,numberOfRobotsOnBlackSite,numberOfRobotsOnWhiteSite
23705,24,21
timeStep,numberOfRobotsOnBlackSite,numberOfRobotsOnWhiteSite
23706,24,21
timeStep,numberOfRobotsOnBlackSite,numberOfRobotsOnWhiteSite
23707,24,21
timeStep,numberOfRobotsOnBlackSite,numberOfRobotsOnWhiteSite
23708,24,21
timeStep,numberOfRobotsOnBlackSite,numberOfRobotsOnWhiteSite
23709,24,21
timeStep,numberOfRobotsOnBlackSite,numberOfRobotsOnWhiteSite
23710,24,21
timeStep,numberOfRobotsOnBlackSite,numberOfRobotsOnWhiteSite
23711,24,21
timeStep,numberOfRobotsOnBlackSite,numberOfRobotsOnWhiteSite
23712,24,21
timeStep,numberOfRobotsOnBlackSite,numberOfRobotsOnWhiteSite
23713,24,21
timeStep,numberOfRobotsOnBlackSite,numberOfRobotsOnWhiteSite
23714,24,21
timeStep,numberOfRobotsOnBlackSite,numberOfRobotsOnWhiteSite
23715,24,21
timeStep,numberOfRobotsOnBlackSite,numberOfRobotsOnWhiteSite
23716,24,21
timeStep,numberOfRobotsOnBlackSite,numberOfRobotsOnWhiteSite
23717,24,21
timeStep,numberOfRobotsOnBlackSite,numberOfRobotsOnWhiteSite
23718,24,21
timeStep,numberOfRobotsOnBlackSite,numberOfRobotsOnWhiteSite
23719,24,21
timeStep,numberOfRobotsOnBlackSite,numberOfRobotsOnWhiteSite
23720,24,21
timeStep,numberOfRobotsOnBlackSite,numberOfRobotsOnWhiteSite
23721,24,21
timeStep,numberOfRobotsOnBlackSite,numberOfRobotsOnWhiteSite
23722,24,21
timeStep,numberOfRobotsOnBlackSite,numberOfRobotsOnWhiteSite
23723,24,21
timeStep,numberOfRobotsOnBlackSite,numberOfRobotsOnWhiteSite
23724,24,21
timeStep,numberOfRobotsOnBlackSite,numberOfRobotsOnWhiteSite
23725,24,21
timeStep,numberOfRobotsOnBlackSite,numberOfRobotsOnWhiteSite
23726,24,21
timeStep,numberOfRobotsOnBlackSite,numberOfRobotsOnWhiteSite
23727,24,21
timeStep,numberOfRobotsOnBlackSite,numberOfRobotsOnWhiteSite
23728,24,21
timeStep,numberOfRobotsOnBlackSite,numberOfRobotsOnWhiteSite
23729,24,21
timeStep,numberOfRobotsOnBlackSite,numberOfRobotsOnWhiteSite
23730,24,21
timeStep,numberOfRobotsOnBlackSite,numberOfRobotsOnWhiteSite
23731,24,21
timeStep,numberOfRobotsOnBlackSite,numberOfRobotsOnWhiteSite
23732,24,21
timeStep,numberOfRobotsOnBlackSite,numberOfRobotsOnWhiteSite
23733,24,21
timeStep,numberOfRobotsOnBlackSite,numberOfRobotsOnWhiteSite
23734,24,21
timeStep,numberOfRobotsOnBlackSite,numberOfRobotsOnWhiteSite
23735,24,21
timeStep,numberOfRobotsOnBlackSite,numberOfRobotsOnWhiteSite
23736,24,21
timeStep,numberOfRobotsOnBlackSite,numberOfRobotsOnWhiteSite
23737,24,21
timeStep,numberOfRobotsOnBlackSite,numberOfRobotsOnWhiteSite
23738,24,21
timeStep,numberOfRobotsOnBlackSite,numberOfRobotsOnWhiteSite
23739,24,21
timeStep,numberOfRobotsOnBlackSite,numberOfRobotsOnWhiteSite
23740,24,21
timeStep,numberOfRobotsOnBlackSite,numberOfRobotsOnWhiteSite
23741,24,21
timeStep,numberOfRobotsOnBlackSite,numberOfRobotsOnWhiteSite
23742,24,21
timeStep,numberOfRobotsOnBlackSite,numberOfRobotsOnWhiteSite
23743,24,21
timeStep,numberOfRobotsOnBlackSite,numberOfRobotsOnWhiteSite
23744,24,21
timeStep,numberOfRobotsOnBlackSite,numberOfRobotsOnWhiteSite
23745,24,21
timeStep,numberOfRobotsOnBlackSite,numberOfRobotsOnWhiteSite
23746,24,21
timeStep,numberOfRobotsOnBlackSite,numberOfRobotsOnWhiteSite
23747,24,21
timeStep,numberOfRobotsOnBlackSite,numberOfRobotsOnWhiteSite
23748,24,21
timeStep,numberOfRobotsOnBlackSite,numberOfRobotsOnWhiteSite
23749,24,21
timeStep,numberOfRobotsOnBlackSite,numberOfRobotsOnWhiteSite
23750,24,21
timeStep,numberOfRobotsOnBlackSite,numberOfRobotsOnWhiteSite
23751,24,21
timeStep,numberOfRobotsOnBlackSite,numberOfRobotsOnWhiteSite
23752,24,21
timeStep,numberOfRobotsOnBlackSite,numberOfRobotsOnWhiteSite
23753,24,21
timeStep,numberOfRobotsOnBlackSite,numberOfRobotsOnWhiteSite
23754,24,21
timeStep,numberOfRobotsOnBlackSite,numberOfRobotsOnWhiteSite
23755,24,21
timeStep,numberOfRobotsOnBlackSite,numberOfRobotsOnWhiteSite
23756,24,21
timeStep,numberOfRobotsOnBlackSite,numberOfRobotsOnWhiteSite
23757,24,21
timeStep,numberOfRobotsOnBlackSite,numberOfRobotsOnWhiteSite
23758,24,21
timeStep,numberOfRobotsOnBlackSite,numberOfRobotsOnWhiteSite
23759,24,21
timeStep,numberOfRobotsOnBlackSite,numberOfRobotsOnWhiteSite
23760,24,21
timeStep,numberOfRobotsOnBlackSite,numberOfRobotsOnWhiteSite
23761,24,21
timeStep,numberOfRobotsOnBlackSite,numberOfRobotsOnWhiteSite
23762,24,21
timeStep,numberOfRobotsOnBlackSite,numberOfRobotsOnWhiteSite
23763,24,21
timeStep,numberOfRobotsOnBlackSite,numberOfRobotsOnWhiteSite
23764,24,21
timeStep,numberOfRobotsOnBlackSite,numberOfRobotsOnWhiteSite
23765,24,21
timeStep,numberOfRobotsOnBlackSite,numberOfRobotsOnWhiteSite
23766,24,21
timeStep,numberOfRobotsOnBlackSite,numberOfRobotsOnWhiteSite
23767,24,21
timeStep,numberOfRobotsOnBlackSite,numberOfRobotsOnWhiteSite
23768,24,21
timeStep,numberOfRobotsOnBlackSite,numberOfRobotsOnWhiteSite
23769,24,21
timeStep,numberOfRobotsOnBlackSite,numberOfRobotsOnWhiteSite
23770,24,21
timeStep,numberOfRobotsOnBlackSite,numberOfRobotsOnWhiteSite
23771,24,21
timeStep,numberOfRobotsOnBlackSite,numberOfRobotsOnWhiteSite
23772,24,21
timeStep,numberOfRobotsOnBlackSite,numberOfRobotsOnWhiteSite
23773,24,21
timeStep,numberOfRobotsOnBlackSite,numberOfRobotsOnWhiteSite
23774,24,21
timeStep,numberOfRobotsOnBlackSite,numberOfRobotsOnWhiteSite
23775,24,21
timeStep,numberOfRobotsOnBlackSite,numberOfRobotsOnWhiteSite
23776,24,21
timeStep,numberOfRobotsOnBlackSite,numberOfRobotsOnWhiteSite
23777,24,21
timeStep,numberOfRobotsOnBlackSite,numberOfRobotsOnWhiteSite
23778,24,21
timeStep,numberOfRobotsOnBlackSite,numberOfRobotsOnWhiteSite
23779,24,21
timeStep,numberOfRobotsOnBlackSite,numberOfRobotsOnWhiteSite
23780,24,21
timeStep,numberOfRobotsOnBlackSite,numberOfRobotsOnWhiteSite
23781,24,21
timeStep,numberOfRobotsOnBlackSite,numberOfRobotsOnWhiteSite
23782,24,21
timeStep,numberOfRobotsOnBlackSite,numberOfRobotsOnWhiteSite
23783,24,21
timeStep,numberOfRobotsOnBlackSite,numberOfRobotsOnWhiteSite
23784,24,21
timeStep,numberOfRobotsOnBlackSite,numberOfRobotsOnWhiteSite
23785,24,21
timeStep,numberOfRobotsOnBlackSite,numberOfRobotsOnWhiteSite
23786,24,21
timeStep,numberOfRobotsOnBlackSite,numberOfRobotsOnWhiteSite
23787,24,21
timeStep,numberOfRobotsOnBlackSite,numberOfRobotsOnWhiteSite
23788,24,21
timeStep,numberOfRobotsOnBlackSite,numberOfRobotsOnWhiteSite
23789,24,21
timeStep,numberOfRobotsOnBlackSite,numberOfRobotsOnWhiteSite
23790,24,21
timeStep,numberOfRobotsOnBlackSite,numberOfRobotsOnWhiteSite
23791,24,21
timeStep,numberOfRobotsOnBlackSite,numberOfRobotsOnWhiteSite
23792,24,21
timeStep,numberOfRobotsOnBlackSite,numberOfRobotsOnWhiteSite
23793,24,21
timeStep,numberOfRobotsOnBlackSite,numberOfRobotsOnWhiteSite
23794,24,21
timeStep,numberOfRobotsOnBlackSite,numberOfRobotsOnWhiteSite
23795,24,21
timeStep,numberOfRobotsOnBlackSite,numberOfRobotsOnWhiteSite
23796,24,21
timeStep,numberOfRobotsOnBlackSite,numberOfRobotsOnWhiteSite
23797,24,21
timeStep,numberOfRobotsOnBlackSite,numberOfRobotsOnWhiteSite
23798,24,21
timeStep,numberOfRobotsOnBlackSite,numberOfRobotsOnWhiteSite
23799,24,21
timeStep,numberOfRobotsOnBlackSite,numberOfRobotsOnWhiteSite
23800,24,21
timeStep,numberOfRobotsOnBlackSite,numberOfRobotsOnWhiteSite
23801,24,21
timeStep,numberOfRobotsOnBlackSite,numberOfRobotsOnWhiteSite
23802,24,21
timeStep,numberOfRobotsOnBlackSite,numberOfRobotsOnWhiteSite
23803,24,21
timeStep,numberOfRobotsOnBlackSite,numberOfRobotsOnWhiteSite
23804,24,21
timeStep,numberOfRobotsOnBlackSite,numberOfRobotsOnWhiteSite
23805,24,21
timeStep,numberOfRobotsOnBlackSite,numberOfRobotsOnWhiteSite
23806,24,21
timeStep,numberOfRobotsOnBlackSite,numberOfRobotsOnWhiteSite
23807,24,21
timeStep,numberOfRobotsOnBlackSite,numberOfRobotsOnWhiteSite
23808,24,21
timeStep,numberOfRobotsOnBlackSite,numberOfRobotsOnWhiteSite
23809,24,21
timeStep,numberOfRobotsOnBlackSite,numberOfRobotsOnWhiteSite
23810,24,21
timeStep,numberOfRobotsOnBlackSite,numberOfRobotsOnWhiteSite
23811,24,21
timeStep,numberOfRobotsOnBlackSite,numberOfRobotsOnWhiteSite
23812,24,21
timeStep,numberOfRobotsOnBlackSite,numberOfRobotsOnWhiteSite
23813,24,21
timeStep,numberOfRobotsOnBlackSite,numberOfRobotsOnWhiteSite
23814,24,21
timeStep,numberOfRobotsOnBlackSite,numberOfRobotsOnWhiteSite
23815,24,21
timeStep,numberOfRobotsOnBlackSite,numberOfRobotsOnWhiteSite
23816,24,21
timeStep,numberOfRobotsOnBlackSite,numberOfRobotsOnWhiteSite
23817,24,21
timeStep,numberOfRobotsOnBlackSite,numberOfRobotsOnWhiteSite
23818,24,21
timeStep,numberOfRobotsOnBlackSite,numberOfRobotsOnWhiteSite
23819,24,21
timeStep,numberOfRobotsOnBlackSite,numberOfRobotsOnWhiteSite
23820,24,21
timeStep,numberOfRobotsOnBlackSite,numberOfRobotsOnWhiteSite
23821,24,21
timeStep,numberOfRobotsOnBlackSite,numberOfRobotsOnWhiteSite
23822,24,21
timeStep,numberOfRobotsOnBlackSite,numberOfRobotsOnWhiteSite
23823,24,21
timeStep,numberOfRobotsOnBlackSite,numberOfRobotsOnWhiteSite
23824,24,21
timeStep,numberOfRobotsOnBlackSite,numberOfRobotsOnWhiteSite
23825,24,21
timeStep,numberOfRobotsOnBlackSite,numberOfRobotsOnWhiteSite
23826,24,21
timeStep,numberOfRobotsOnBlackSite,numberOfRobotsOnWhiteSite
23827,24,21
timeStep,numberOfRobotsOnBlackSite,numberOfRobotsOnWhiteSite
23828,24,21
timeStep,numberOfRobotsOnBlackSite,numberOfRobotsOnWhiteSite
23829,24,21
timeStep,numberOfRobotsOnBlackSite,numberOfRobotsOnWhiteSite
23830,24,21
timeStep,numberOfRobotsOnBlackSite,numberOfRobotsOnWhiteSite
23831,24,21
timeStep,numberOfRobotsOnBlackSite,numberOfRobotsOnWhiteSite
23832,24,21
timeStep,numberOfRobotsOnBlackSite,numberOfRobotsOnWhiteSite
23833,24,21
timeStep,numberOfRobotsOnBlackSite,numberOfRobotsOnWhiteSite
23834,24,21
timeStep,numberOfRobotsOnBlackSite,numberOfRobotsOnWhiteSite
23835,24,21
timeStep,numberOfRobotsOnBlackSite,numberOfRobotsOnWhiteSite
23836,24,21
timeStep,numberOfRobotsOnBlackSite,numberOfRobotsOnWhiteSite
23837,24,21
timeStep,numberOfRobotsOnBlackSite,numberOfRobotsOnWhiteSite
23838,24,21
timeStep,numberOfRobotsOnBlackSite,numberOfRobotsOnWhiteSite
23839,24,21
timeStep,numberOfRobotsOnBlackSite,numberOfRobotsOnWhiteSite
23840,24,21
timeStep,numberOfRobotsOnBlackSite,numberOfRobotsOnWhiteSite
23841,24,21
timeStep,numberOfRobotsOnBlackSite,numberOfRobotsOnWhiteSite
23842,24,21
timeStep,numberOfRobotsOnBlackSite,numberOfRobotsOnWhiteSite
23843,24,21
timeStep,numberOfRobotsOnBlackSite,numberOfRobotsOnWhiteSite
23844,24,21
timeStep,numberOfRobotsOnBlackSite,numberOfRobotsOnWhiteSite
23845,24,21
timeStep,numberOfRobotsOnBlackSite,numberOfRobotsOnWhiteSite
23846,24,21
timeStep,numberOfRobotsOnBlackSite,numberOfRobotsOnWhiteSite
23847,24,21
timeStep,numberOfRobotsOnBlackSite,numberOfRobotsOnWhiteSite
23848,24,21
timeStep,numberOfRobotsOnBlackSite,numberOfRobotsOnWhiteSite
23849,24,21
timeStep,numberOfRobotsOnBlackSite,numberOfRobotsOnWhiteSite
23850,24,21
timeStep,numberOfRobotsOnBlackSite,numberOfRobotsOnWhiteSite
23851,24,21
timeStep,numberOfRobotsOnBlackSite,numberOfRobotsOnWhiteSite
23852,24,21
timeStep,numberOfRobotsOnBlackSite,numberOfRobotsOnWhiteSite
23853,24,21
timeStep,numberOfRobotsOnBlackSite,numberOfRobotsOnWhiteSite
23854,24,21
timeStep,numberOfRobotsOnBlackSite,numberOfRobotsOnWhiteSite
23855,24,21
timeStep,numberOfRobotsOnBlackSite,numberOfRobotsOnWhiteSite
23856,24,21
timeStep,numberOfRobotsOnBlackSite,numberOfRobotsOnWhiteSite
23857,24,21
timeStep,numberOfRobotsOnBlackSite,numberOfRobotsOnWhiteSite
23858,24,21
timeStep,numberOfRobotsOnBlackSite,numberOfRobotsOnWhiteSite
23859,24,21
timeStep,numberOfRobotsOnBlackSite,numberOfRobotsOnWhiteSite
23860,24,21
timeStep,numberOfRobotsOnBlackSite,numberOfRobotsOnWhiteSite
23861,24,21
timeStep,numberOfRobotsOnBlackSite,numberOfRobotsOnWhiteSite
23862,24,21
timeStep,numberOfRobotsOnBlackSite,numberOfRobotsOnWhiteSite
23863,24,21
timeStep,numberOfRobotsOnBlackSite,numberOfRobotsOnWhiteSite
23864,24,21
timeStep,numberOfRobotsOnBlackSite,numberOfRobotsOnWhiteSite
23865,24,21
timeStep,numberOfRobotsOnBlackSite,numberOfRobotsOnWhiteSite
23866,24,21
timeStep,numberOfRobotsOnBlackSite,numberOfRobotsOnWhiteSite
23867,24,21
timeStep,numberOfRobotsOnBlackSite,numberOfRobotsOnWhiteSite
23868,24,21
timeStep,numberOfRobotsOnBlackSite,numberOfRobotsOnWhiteSite
23869,24,21
timeStep,numberOfRobotsOnBlackSite,numberOfRobotsOnWhiteSite
23870,24,21
timeStep,numberOfRobotsOnBlackSite,numberOfRobotsOnWhiteSite
23871,24,21
timeStep,numberOfRobotsOnBlackSite,numberOfRobotsOnWhiteSite
23872,24,21
timeStep,numberOfRobotsOnBlackSite,numberOfRobotsOnWhiteSite
23873,24,21
timeStep,numberOfRobotsOnBlackSite,numberOfRobotsOnWhiteSite
23874,24,21
timeStep,numberOfRobotsOnBlackSite,numberOfRobotsOnWhiteSite
23875,24,21
timeStep,numberOfRobotsOnBlackSite,numberOfRobotsOnWhiteSite
23876,24,21
timeStep,numberOfRobotsOnBlackSite,numberOfRobotsOnWhiteSite
23877,24,21
timeStep,numberOfRobotsOnBlackSite,numberOfRobotsOnWhiteSite
23878,24,21
timeStep,numberOfRobotsOnBlackSite,numberOfRobotsOnWhiteSite
23879,24,21
timeStep,numberOfRobotsOnBlackSite,numberOfRobotsOnWhiteSite
23880,24,21
timeStep,numberOfRobotsOnBlackSite,numberOfRobotsOnWhiteSite
23881,24,21
timeStep,numberOfRobotsOnBlackSite,numberOfRobotsOnWhiteSite
23882,24,21
timeStep,numberOfRobotsOnBlackSite,numberOfRobotsOnWhiteSite
23883,24,21
timeStep,numberOfRobotsOnBlackSite,numberOfRobotsOnWhiteSite
23884,24,21
timeStep,numberOfRobotsOnBlackSite,numberOfRobotsOnWhiteSite
23885,24,21
timeStep,numberOfRobotsOnBlackSite,numberOfRobotsOnWhiteSite
23886,24,21
timeStep,numberOfRobotsOnBlackSite,numberOfRobotsOnWhiteSite
23887,24,21
timeStep,numberOfRobotsOnBlackSite,numberOfRobotsOnWhiteSite
23888,24,21
timeStep,numberOfRobotsOnBlackSite,numberOfRobotsOnWhiteSite
23889,24,21
timeStep,numberOfRobotsOnBlackSite,numberOfRobotsOnWhiteSite
23890,24,21
timeStep,numberOfRobotsOnBlackSite,numberOfRobotsOnWhiteSite
23891,24,21
timeStep,numberOfRobotsOnBlackSite,numberOfRobotsOnWhiteSite
23892,24,21
timeStep,numberOfRobotsOnBlackSite,numberOfRobotsOnWhiteSite
23893,24,21
timeStep,numberOfRobotsOnBlackSite,numberOfRobotsOnWhiteSite
23894,24,21
timeStep,numberOfRobotsOnBlackSite,numberOfRobotsOnWhiteSite
23895,24,21
timeStep,numberOfRobotsOnBlackSite,numberOfRobotsOnWhiteSite
23896,24,21
timeStep,numberOfRobotsOnBlackSite,numberOfRobotsOnWhiteSite
23897,24,21
timeStep,numberOfRobotsOnBlackSite,numberOfRobotsOnWhiteSite
23898,24,21
timeStep,numberOfRobotsOnBlackSite,numberOfRobotsOnWhiteSite
23899,24,21
timeStep,numberOfRobotsOnBlackSite,numberOfRobotsOnWhiteSite
23900,24,21
timeStep,numberOfRobotsOnBlackSite,numberOfRobotsOnWhiteSite
23901,24,21
timeStep,numberOfRobotsOnBlackSite,numberOfRobotsOnWhiteSite
23902,24,21
timeStep,numberOfRobotsOnBlackSite,numberOfRobotsOnWhiteSite
23903,24,21
timeStep,numberOfRobotsOnBlackSite,numberOfRobotsOnWhiteSite
23904,24,21
timeStep,numberOfRobotsOnBlackSite,numberOfRobotsOnWhiteSite
23905,24,21
timeStep,numberOfRobotsOnBlackSite,numberOfRobotsOnWhiteSite
23906,24,21
timeStep,numberOfRobotsOnBlackSite,numberOfRobotsOnWhiteSite
23907,24,21
timeStep,numberOfRobotsOnBlackSite,numberOfRobotsOnWhiteSite
23908,24,21
timeStep,numberOfRobotsOnBlackSite,numberOfRobotsOnWhiteSite
23909,24,21
timeStep,numberOfRobotsOnBlackSite,numberOfRobotsOnWhiteSite
23910,24,21
timeStep,numberOfRobotsOnBlackSite,numberOfRobotsOnWhiteSite
23911,24,21
timeStep,numberOfRobotsOnBlackSite,numberOfRobotsOnWhiteSite
23912,24,21
timeStep,numberOfRobotsOnBlackSite,numberOfRobotsOnWhiteSite
23913,24,21
timeStep,numberOfRobotsOnBlackSite,numberOfRobotsOnWhiteSite
23914,24,21
timeStep,numberOfRobotsOnBlackSite,numberOfRobotsOnWhiteSite
23915,24,21
timeStep,numberOfRobotsOnBlackSite,numberOfRobotsOnWhiteSite
23916,24,21
timeStep,numberOfRobotsOnBlackSite,numberOfRobotsOnWhiteSite
23917,24,21
timeStep,numberOfRobotsOnBlackSite,numberOfRobotsOnWhiteSite
23918,24,21
timeStep,numberOfRobotsOnBlackSite,numberOfRobotsOnWhiteSite
23919,24,21
timeStep,numberOfRobotsOnBlackSite,numberOfRobotsOnWhiteSite
23920,24,21
timeStep,numberOfRobotsOnBlackSite,numberOfRobotsOnWhiteSite
23921,24,21
timeStep,numberOfRobotsOnBlackSite,numberOfRobotsOnWhiteSite
23922,24,21
timeStep,numberOfRobotsOnBlackSite,numberOfRobotsOnWhiteSite
23923,24,21
timeStep,numberOfRobotsOnBlackSite,numberOfRobotsOnWhiteSite
23924,24,21
timeStep,numberOfRobotsOnBlackSite,numberOfRobotsOnWhiteSite
23925,24,21
timeStep,numberOfRobotsOnBlackSite,numberOfRobotsOnWhiteSite
23926,24,21
timeStep,numberOfRobotsOnBlackSite,numberOfRobotsOnWhiteSite
23927,24,21
timeStep,numberOfRobotsOnBlackSite,numberOfRobotsOnWhiteSite
23928,24,21
timeStep,numberOfRobotsOnBlackSite,numberOfRobotsOnWhiteSite
23929,24,21
timeStep,numberOfRobotsOnBlackSite,numberOfRobotsOnWhiteSite
23930,24,21
timeStep,numberOfRobotsOnBlackSite,numberOfRobotsOnWhiteSite
23931,24,21
timeStep,numberOfRobotsOnBlackSite,numberOfRobotsOnWhiteSite
23932,24,21
timeStep,numberOfRobotsOnBlackSite,numberOfRobotsOnWhiteSite
23933,24,21
timeStep,numberOfRobotsOnBlackSite,numberOfRobotsOnWhiteSite
23934,24,21
timeStep,numberOfRobotsOnBlackSite,numberOfRobotsOnWhiteSite
23935,24,21
timeStep,numberOfRobotsOnBlackSite,numberOfRobotsOnWhiteSite
23936,24,21
timeStep,numberOfRobotsOnBlackSite,numberOfRobotsOnWhiteSite
23937,24,21
timeStep,numberOfRobotsOnBlackSite,numberOfRobotsOnWhiteSite
23938,24,21
timeStep,numberOfRobotsOnBlackSite,numberOfRobotsOnWhiteSite
23939,24,21
timeStep,numberOfRobotsOnBlackSite,numberOfRobotsOnWhiteSite
23940,24,21
timeStep,numberOfRobotsOnBlackSite,numberOfRobotsOnWhiteSite
23941,24,21
timeStep,numberOfRobotsOnBlackSite,numberOfRobotsOnWhiteSite
23942,24,21
timeStep,numberOfRobotsOnBlackSite,numberOfRobotsOnWhiteSite
23943,24,21
timeStep,numberOfRobotsOnBlackSite,numberOfRobotsOnWhiteSite
23944,24,21
timeStep,numberOfRobotsOnBlackSite,numberOfRobotsOnWhiteSite
23945,24,21
timeStep,numberOfRobotsOnBlackSite,numberOfRobotsOnWhiteSite
23946,24,21
timeStep,numberOfRobotsOnBlackSite,numberOfRobotsOnWhiteSite
23947,24,21
timeStep,numberOfRobotsOnBlackSite,numberOfRobotsOnWhiteSite
23948,24,21
timeStep,numberOfRobotsOnBlackSite,numberOfRobotsOnWhiteSite
23949,24,21
timeStep,numberOfRobotsOnBlackSite,numberOfRobotsOnWhiteSite
23950,24,21
timeStep,numberOfRobotsOnBlackSite,numberOfRobotsOnWhiteSite
23951,24,21
timeStep,numberOfRobotsOnBlackSite,numberOfRobotsOnWhiteSite
23952,24,21
timeStep,numberOfRobotsOnBlackSite,numberOfRobotsOnWhiteSite
23953,24,21
timeStep,numberOfRobotsOnBlackSite,numberOfRobotsOnWhiteSite
23954,24,21
timeStep,numberOfRobotsOnBlackSite,numberOfRobotsOnWhiteSite
23955,24,21
timeStep,numberOfRobotsOnBlackSite,numberOfRobotsOnWhiteSite
23956,24,21
timeStep,numberOfRobotsOnBlackSite,numberOfRobotsOnWhiteSite
23957,24,21
timeStep,numberOfRobotsOnBlackSite,numberOfRobotsOnWhiteSite
23958,24,21
timeStep,numberOfRobotsOnBlackSite,numberOfRobotsOnWhiteSite
23959,24,21
timeStep,numberOfRobotsOnBlackSite,numberOfRobotsOnWhiteSite
23960,24,21
timeStep,numberOfRobotsOnBlackSite,numberOfRobotsOnWhiteSite
23961,24,21
timeStep,numberOfRobotsOnBlackSite,numberOfRobotsOnWhiteSite
23962,24,21
timeStep,numberOfRobotsOnBlackSite,numberOfRobotsOnWhiteSite
23963,24,21
timeStep,numberOfRobotsOnBlackSite,numberOfRobotsOnWhiteSite
23964,24,21
timeStep,numberOfRobotsOnBlackSite,numberOfRobotsOnWhiteSite
23965,24,21
timeStep,numberOfRobotsOnBlackSite,numberOfRobotsOnWhiteSite
23966,24,21
timeStep,numberOfRobotsOnBlackSite,numberOfRobotsOnWhiteSite
23967,24,21
timeStep,numberOfRobotsOnBlackSite,numberOfRobotsOnWhiteSite
23968,24,21
timeStep,numberOfRobotsOnBlackSite,numberOfRobotsOnWhiteSite
23969,24,21
timeStep,numberOfRobotsOnBlackSite,numberOfRobotsOnWhiteSite
23970,24,21
timeStep,numberOfRobotsOnBlackSite,numberOfRobotsOnWhiteSite
23971,24,21
timeStep,numberOfRobotsOnBlackSite,numberOfRobotsOnWhiteSite
23972,24,21
timeStep,numberOfRobotsOnBlackSite,numberOfRobotsOnWhiteSite
23973,24,21
timeStep,numberOfRobotsOnBlackSite,numberOfRobotsOnWhiteSite
23974,24,21
timeStep,numberOfRobotsOnBlackSite,numberOfRobotsOnWhiteSite
23975,24,21
timeStep,numberOfRobotsOnBlackSite,numberOfRobotsOnWhiteSite
23976,24,21
timeStep,numberOfRobotsOnBlackSite,numberOfRobotsOnWhiteSite
23977,24,21
timeStep,numberOfRobotsOnBlackSite,numberOfRobotsOnWhiteSite
23978,24,21
timeStep,numberOfRobotsOnBlackSite,numberOfRobotsOnWhiteSite
23979,24,21
timeStep,numberOfRobotsOnBlackSite,numberOfRobotsOnWhiteSite
23980,24,21
timeStep,numberOfRobotsOnBlackSite,numberOfRobotsOnWhiteSite
23981,24,21
timeStep,numberOfRobotsOnBlackSite,numberOfRobotsOnWhiteSite
23982,24,21
timeStep,numberOfRobotsOnBlackSite,numberOfRobotsOnWhiteSite
23983,24,21
timeStep,numberOfRobotsOnBlackSite,numberOfRobotsOnWhiteSite
23984,24,21
timeStep,numberOfRobotsOnBlackSite,numberOfRobotsOnWhiteSite
23985,24,21
timeStep,numberOfRobotsOnBlackSite,numberOfRobotsOnWhiteSite
23986,24,21
timeStep,numberOfRobotsOnBlackSite,numberOfRobotsOnWhiteSite
23987,24,21
timeStep,numberOfRobotsOnBlackSite,numberOfRobotsOnWhiteSite
23988,24,21
timeStep,numberOfRobotsOnBlackSite,numberOfRobotsOnWhiteSite
23989,24,21
timeStep,numberOfRobotsOnBlackSite,numberOfRobotsOnWhiteSite
23990,24,21
timeStep,numberOfRobotsOnBlackSite,numberOfRobotsOnWhiteSite
23991,24,21
timeStep,numberOfRobotsOnBlackSite,numberOfRobotsOnWhiteSite
23992,24,21
timeStep,numberOfRobotsOnBlackSite,numberOfRobotsOnWhiteSite
23993,24,21
timeStep,numberOfRobotsOnBlackSite,numberOfRobotsOnWhiteSite
23994,24,21
timeStep,numberOfRobotsOnBlackSite,numberOfRobotsOnWhiteSite
23995,24,21
timeStep,numberOfRobotsOnBlackSite,numberOfRobotsOnWhiteSite
23996,24,21
timeStep,numberOfRobotsOnBlackSite,numberOfRobotsOnWhiteSite
23997,24,21
timeStep,numberOfRobotsOnBlackSite,numberOfRobotsOnWhiteSite
23998,24,21
timeStep,numberOfRobotsOnBlackSite,numberOfRobotsOnWhiteSite
23999,24,21
timeStep,numberOfRobotsOnBlackSite,numberOfRobotsOnWhiteSite
24000,24,21
timeStep,numberOfRobotsOnBlackSite,numberOfRobotsOnWhiteSite
24001,24,21
timeStep,numberOfRobotsOnBlackSite,numberOfRobotsOnWhiteSite
24002,24,21
timeStep,numberOfRobotsOnBlackSite,numberOfRobotsOnWhiteSite
24003,24,21
timeStep,numberOfRobotsOnBlackSite,numberOfRobotsOnWhiteSite
24004,24,21
timeStep,numberOfRobotsOnBlackSite,numberOfRobotsOnWhiteSite
24005,24,21
timeStep,numberOfRobotsOnBlackSite,numberOfRobotsOnWhiteSite
24006,24,21
timeStep,numberOfRobotsOnBlackSite,numberOfRobotsOnWhiteSite
24007,24,21
timeStep,numberOfRobotsOnBlackSite,numberOfRobotsOnWhiteSite
24008,24,21
timeStep,numberOfRobotsOnBlackSite,numberOfRobotsOnWhiteSite
24009,24,21
timeStep,numberOfRobotsOnBlackSite,numberOfRobotsOnWhiteSite
24010,24,21
timeStep,numberOfRobotsOnBlackSite,numberOfRobotsOnWhiteSite
24011,24,21
timeStep,numberOfRobotsOnBlackSite,numberOfRobotsOnWhiteSite
24012,24,21
timeStep,numberOfRobotsOnBlackSite,numberOfRobotsOnWhiteSite
24013,24,21
timeStep,numberOfRobotsOnBlackSite,numberOfRobotsOnWhiteSite
24014,24,21
timeStep,numberOfRobotsOnBlackSite,numberOfRobotsOnWhiteSite
24015,24,21
timeStep,numberOfRobotsOnBlackSite,numberOfRobotsOnWhiteSite
24016,24,21
timeStep,numberOfRobotsOnBlackSite,numberOfRobotsOnWhiteSite
24017,24,21
timeStep,numberOfRobotsOnBlackSite,numberOfRobotsOnWhiteSite
24018,24,21
timeStep,numberOfRobotsOnBlackSite,numberOfRobotsOnWhiteSite
24019,24,21
timeStep,numberOfRobotsOnBlackSite,numberOfRobotsOnWhiteSite
24020,24,21
timeStep,numberOfRobotsOnBlackSite,numberOfRobotsOnWhiteSite
24021,24,21
timeStep,numberOfRobotsOnBlackSite,numberOfRobotsOnWhiteSite
24022,24,21
timeStep,numberOfRobotsOnBlackSite,numberOfRobotsOnWhiteSite
24023,24,21
timeStep,numberOfRobotsOnBlackSite,numberOfRobotsOnWhiteSite
24024,24,21
timeStep,numberOfRobotsOnBlackSite,numberOfRobotsOnWhiteSite
24025,24,21
timeStep,numberOfRobotsOnBlackSite,numberOfRobotsOnWhiteSite
24026,24,21
timeStep,numberOfRobotsOnBlackSite,numberOfRobotsOnWhiteSite
24027,24,21
timeStep,numberOfRobotsOnBlackSite,numberOfRobotsOnWhiteSite
24028,24,21
timeStep,numberOfRobotsOnBlackSite,numberOfRobotsOnWhiteSite
24029,24,21
timeStep,numberOfRobotsOnBlackSite,numberOfRobotsOnWhiteSite
24030,24,21
timeStep,numberOfRobotsOnBlackSite,numberOfRobotsOnWhiteSite
24031,24,21
timeStep,numberOfRobotsOnBlackSite,numberOfRobotsOnWhiteSite
24032,24,21
timeStep,numberOfRobotsOnBlackSite,numberOfRobotsOnWhiteSite
24033,24,21
timeStep,numberOfRobotsOnBlackSite,numberOfRobotsOnWhiteSite
24034,24,21
timeStep,numberOfRobotsOnBlackSite,numberOfRobotsOnWhiteSite
24035,24,21
timeStep,numberOfRobotsOnBlackSite,numberOfRobotsOnWhiteSite
24036,24,21
timeStep,numberOfRobotsOnBlackSite,numberOfRobotsOnWhiteSite
24037,24,21
timeStep,numberOfRobotsOnBlackSite,numberOfRobotsOnWhiteSite
24038,24,21
timeStep,numberOfRobotsOnBlackSite,numberOfRobotsOnWhiteSite
24039,24,21
timeStep,numberOfRobotsOnBlackSite,numberOfRobotsOnWhiteSite
24040,24,21
timeStep,numberOfRobotsOnBlackSite,numberOfRobotsOnWhiteSite
24041,24,21
timeStep,numberOfRobotsOnBlackSite,numberOfRobotsOnWhiteSite
24042,24,21
timeStep,numberOfRobotsOnBlackSite,numberOfRobotsOnWhiteSite
24043,24,21
timeStep,numberOfRobotsOnBlackSite,numberOfRobotsOnWhiteSite
24044,24,21
timeStep,numberOfRobotsOnBlackSite,numberOfRobotsOnWhiteSite
24045,24,21
timeStep,numberOfRobotsOnBlackSite,numberOfRobotsOnWhiteSite
24046,24,21
timeStep,numberOfRobotsOnBlackSite,numberOfRobotsOnWhiteSite
24047,24,21
timeStep,numberOfRobotsOnBlackSite,numberOfRobotsOnWhiteSite
24048,24,21
timeStep,numberOfRobotsOnBlackSite,numberOfRobotsOnWhiteSite
24049,24,21
timeStep,numberOfRobotsOnBlackSite,numberOfRobotsOnWhiteSite
24050,24,21
timeStep,numberOfRobotsOnBlackSite,numberOfRobotsOnWhiteSite
24051,24,21
timeStep,numberOfRobotsOnBlackSite,numberOfRobotsOnWhiteSite
24052,24,21
timeStep,numberOfRobotsOnBlackSite,numberOfRobotsOnWhiteSite
24053,24,21
timeStep,numberOfRobotsOnBlackSite,numberOfRobotsOnWhiteSite
24054,24,21
timeStep,numberOfRobotsOnBlackSite,numberOfRobotsOnWhiteSite
24055,24,21
timeStep,numberOfRobotsOnBlackSite,numberOfRobotsOnWhiteSite
24056,24,21
timeStep,numberOfRobotsOnBlackSite,numberOfRobotsOnWhiteSite
24057,24,21
timeStep,numberOfRobotsOnBlackSite,numberOfRobotsOnWhiteSite
24058,24,21
timeStep,numberOfRobotsOnBlackSite,numberOfRobotsOnWhiteSite
24059,24,21
timeStep,numberOfRobotsOnBlackSite,numberOfRobotsOnWhiteSite
24060,24,21
timeStep,numberOfRobotsOnBlackSite,numberOfRobotsOnWhiteSite
24061,24,21
timeStep,numberOfRobotsOnBlackSite,numberOfRobotsOnWhiteSite
24062,24,21
timeStep,numberOfRobotsOnBlackSite,numberOfRobotsOnWhiteSite
24063,24,21
timeStep,numberOfRobotsOnBlackSite,numberOfRobotsOnWhiteSite
24064,24,21
timeStep,numberOfRobotsOnBlackSite,numberOfRobotsOnWhiteSite
24065,24,21
timeStep,numberOfRobotsOnBlackSite,numberOfRobotsOnWhiteSite
24066,24,21
timeStep,numberOfRobotsOnBlackSite,numberOfRobotsOnWhiteSite
24067,24,21
timeStep,numberOfRobotsOnBlackSite,numberOfRobotsOnWhiteSite
24068,24,21
timeStep,numberOfRobotsOnBlackSite,numberOfRobotsOnWhiteSite
24069,24,21
timeStep,numberOfRobotsOnBlackSite,numberOfRobotsOnWhiteSite
24070,24,21
timeStep,numberOfRobotsOnBlackSite,numberOfRobotsOnWhiteSite
24071,24,21
timeStep,numberOfRobotsOnBlackSite,numberOfRobotsOnWhiteSite
24072,24,21
timeStep,numberOfRobotsOnBlackSite,numberOfRobotsOnWhiteSite
24073,24,21
timeStep,numberOfRobotsOnBlackSite,numberOfRobotsOnWhiteSite
24074,24,21
timeStep,numberOfRobotsOnBlackSite,numberOfRobotsOnWhiteSite
24075,24,21
timeStep,numberOfRobotsOnBlackSite,numberOfRobotsOnWhiteSite
24076,24,21
timeStep,numberOfRobotsOnBlackSite,numberOfRobotsOnWhiteSite
24077,24,21
timeStep,numberOfRobotsOnBlackSite,numberOfRobotsOnWhiteSite
24078,24,21
timeStep,numberOfRobotsOnBlackSite,numberOfRobotsOnWhiteSite
24079,24,21
timeStep,numberOfRobotsOnBlackSite,numberOfRobotsOnWhiteSite
24080,24,21
timeStep,numberOfRobotsOnBlackSite,numberOfRobotsOnWhiteSite
24081,24,21
timeStep,numberOfRobotsOnBlackSite,numberOfRobotsOnWhiteSite
24082,24,21
timeStep,numberOfRobotsOnBlackSite,numberOfRobotsOnWhiteSite
24083,24,21
timeStep,numberOfRobotsOnBlackSite,numberOfRobotsOnWhiteSite
24084,24,21
timeStep,numberOfRobotsOnBlackSite,numberOfRobotsOnWhiteSite
24085,24,21
timeStep,numberOfRobotsOnBlackSite,numberOfRobotsOnWhiteSite
24086,24,21
timeStep,numberOfRobotsOnBlackSite,numberOfRobotsOnWhiteSite
24087,24,21
timeStep,numberOfRobotsOnBlackSite,numberOfRobotsOnWhiteSite
24088,24,21
timeStep,numberOfRobotsOnBlackSite,numberOfRobotsOnWhiteSite
24089,24,21
timeStep,numberOfRobotsOnBlackSite,numberOfRobotsOnWhiteSite
24090,24,21
timeStep,numberOfRobotsOnBlackSite,numberOfRobotsOnWhiteSite
24091,24,21
timeStep,numberOfRobotsOnBlackSite,numberOfRobotsOnWhiteSite
24092,24,21
timeStep,numberOfRobotsOnBlackSite,numberOfRobotsOnWhiteSite
24093,24,21
timeStep,numberOfRobotsOnBlackSite,numberOfRobotsOnWhiteSite
24094,24,21
timeStep,numberOfRobotsOnBlackSite,numberOfRobotsOnWhiteSite
24095,24,22
timeStep,numberOfRobotsOnBlackSite,numberOfRobotsOnWhiteSite
24096,24,22
timeStep,numberOfRobotsOnBlackSite,numberOfRobotsOnWhiteSite
24097,24,22
timeStep,numberOfRobotsOnBlackSite,numberOfRobotsOnWhiteSite
24098,24,22
timeStep,numberOfRobotsOnBlackSite,numberOfRobotsOnWhiteSite
24099,24,22
timeStep,numberOfRobotsOnBlackSite,numberOfRobotsOnWhiteSite
24100,24,22
timeStep,numberOfRobotsOnBlackSite,numberOfRobotsOnWhiteSite
24101,24,22
timeStep,numberOfRobotsOnBlackSite,numberOfRobotsOnWhiteSite
24102,24,22
timeStep,numberOfRobotsOnBlackSite,numberOfRobotsOnWhiteSite
24103,24,22
timeStep,numberOfRobotsOnBlackSite,numberOfRobotsOnWhiteSite
24104,24,22
timeStep,numberOfRobotsOnBlackSite,numberOfRobotsOnWhiteSite
24105,24,22
timeStep,numberOfRobotsOnBlackSite,numberOfRobotsOnWhiteSite
24106,24,22
timeStep,numberOfRobotsOnBlackSite,numberOfRobotsOnWhiteSite
24107,24,22
timeStep,numberOfRobotsOnBlackSite,numberOfRobotsOnWhiteSite
24108,24,22
timeStep,numberOfRobotsOnBlackSite,numberOfRobotsOnWhiteSite
24109,24,22
timeStep,numberOfRobotsOnBlackSite,numberOfRobotsOnWhiteSite
24110,24,22
timeStep,numberOfRobotsOnBlackSite,numberOfRobotsOnWhiteSite
24111,24,22
timeStep,numberOfRobotsOnBlackSite,numberOfRobotsOnWhiteSite
24112,24,22
timeStep,numberOfRobotsOnBlackSite,numberOfRobotsOnWhiteSite
24113,24,22
timeStep,numberOfRobotsOnBlackSite,numberOfRobotsOnWhiteSite
24114,24,22
timeStep,numberOfRobotsOnBlackSite,numberOfRobotsOnWhiteSite
24115,24,22
timeStep,numberOfRobotsOnBlackSite,numberOfRobotsOnWhiteSite
24116,24,22
timeStep,numberOfRobotsOnBlackSite,numberOfRobotsOnWhiteSite
24117,24,22
timeStep,numberOfRobotsOnBlackSite,numberOfRobotsOnWhiteSite
24118,24,22
timeStep,numberOfRobotsOnBlackSite,numberOfRobotsOnWhiteSite
24119,24,22
timeStep,numberOfRobotsOnBlackSite,numberOfRobotsOnWhiteSite
24120,24,22
timeStep,numberOfRobotsOnBlackSite,numberOfRobotsOnWhiteSite
24121,24,22
timeStep,numberOfRobotsOnBlackSite,numberOfRobotsOnWhiteSite
24122,24,22
timeStep,numberOfRobotsOnBlackSite,numberOfRobotsOnWhiteSite
24123,24,22
timeStep,numberOfRobotsOnBlackSite,numberOfRobotsOnWhiteSite
24124,24,22
timeStep,numberOfRobotsOnBlackSite,numberOfRobotsOnWhiteSite
24125,24,22
timeStep,numberOfRobotsOnBlackSite,numberOfRobotsOnWhiteSite
24126,24,22
timeStep,numberOfRobotsOnBlackSite,numberOfRobotsOnWhiteSite
24127,24,22
timeStep,numberOfRobotsOnBlackSite,numberOfRobotsOnWhiteSite
24128,24,22
timeStep,numberOfRobotsOnBlackSite,numberOfRobotsOnWhiteSite
24129,24,22
timeStep,numberOfRobotsOnBlackSite,numberOfRobotsOnWhiteSite
24130,24,22
timeStep,numberOfRobotsOnBlackSite,numberOfRobotsOnWhiteSite
24131,24,22
timeStep,numberOfRobotsOnBlackSite,numberOfRobotsOnWhiteSite
24132,24,22
timeStep,numberOfRobotsOnBlackSite,numberOfRobotsOnWhiteSite
24133,24,22
timeStep,numberOfRobotsOnBlackSite,numberOfRobotsOnWhiteSite
24134,24,22
timeStep,numberOfRobotsOnBlackSite,numberOfRobotsOnWhiteSite
24135,24,22
timeStep,numberOfRobotsOnBlackSite,numberOfRobotsOnWhiteSite
24136,24,22
timeStep,numberOfRobotsOnBlackSite,numberOfRobotsOnWhiteSite
24137,24,22
timeStep,numberOfRobotsOnBlackSite,numberOfRobotsOnWhiteSite
24138,24,22
timeStep,numberOfRobotsOnBlackSite,numberOfRobotsOnWhiteSite
24139,24,22
timeStep,numberOfRobotsOnBlackSite,numberOfRobotsOnWhiteSite
24140,24,22
timeStep,numberOfRobotsOnBlackSite,numberOfRobotsOnWhiteSite
24141,24,22
timeStep,numberOfRobotsOnBlackSite,numberOfRobotsOnWhiteSite
24142,24,22
timeStep,numberOfRobotsOnBlackSite,numberOfRobotsOnWhiteSite
24143,24,22
timeStep,numberOfRobotsOnBlackSite,numberOfRobotsOnWhiteSite
24144,24,22
timeStep,numberOfRobotsOnBlackSite,numberOfRobotsOnWhiteSite
24145,24,22
timeStep,numberOfRobotsOnBlackSite,numberOfRobotsOnWhiteSite
24146,24,22
timeStep,numberOfRobotsOnBlackSite,numberOfRobotsOnWhiteSite
24147,24,22
timeStep,numberOfRobotsOnBlackSite,numberOfRobotsOnWhiteSite
24148,24,22
timeStep,numberOfRobotsOnBlackSite,numberOfRobotsOnWhiteSite
24149,24,22
timeStep,numberOfRobotsOnBlackSite,numberOfRobotsOnWhiteSite
24150,24,22
timeStep,numberOfRobotsOnBlackSite,numberOfRobotsOnWhiteSite
24151,24,22
timeStep,numberOfRobotsOnBlackSite,numberOfRobotsOnWhiteSite
24152,24,22
timeStep,numberOfRobotsOnBlackSite,numberOfRobotsOnWhiteSite
24153,24,22
timeStep,numberOfRobotsOnBlackSite,numberOfRobotsOnWhiteSite
24154,24,22
timeStep,numberOfRobotsOnBlackSite,numberOfRobotsOnWhiteSite
24155,24,22
timeStep,numberOfRobotsOnBlackSite,numberOfRobotsOnWhiteSite
24156,24,22
timeStep,numberOfRobotsOnBlackSite,numberOfRobotsOnWhiteSite
24157,24,22
timeStep,numberOfRobotsOnBlackSite,numberOfRobotsOnWhiteSite
24158,24,22
timeStep,numberOfRobotsOnBlackSite,numberOfRobotsOnWhiteSite
24159,24,22
timeStep,numberOfRobotsOnBlackSite,numberOfRobotsOnWhiteSite
24160,24,22
timeStep,numberOfRobotsOnBlackSite,numberOfRobotsOnWhiteSite
24161,24,22
timeStep,numberOfRobotsOnBlackSite,numberOfRobotsOnWhiteSite
24162,24,22
timeStep,numberOfRobotsOnBlackSite,numberOfRobotsOnWhiteSite
24163,24,22
timeStep,numberOfRobotsOnBlackSite,numberOfRobotsOnWhiteSite
24164,24,22
timeStep,numberOfRobotsOnBlackSite,numberOfRobotsOnWhiteSite
24165,24,22
timeStep,numberOfRobotsOnBlackSite,numberOfRobotsOnWhiteSite
24166,24,22
timeStep,numberOfRobotsOnBlackSite,numberOfRobotsOnWhiteSite
24167,24,22
timeStep,numberOfRobotsOnBlackSite,numberOfRobotsOnWhiteSite
24168,24,22
timeStep,numberOfRobotsOnBlackSite,numberOfRobotsOnWhiteSite
24169,24,22
timeStep,numberOfRobotsOnBlackSite,numberOfRobotsOnWhiteSite
24170,24,22
timeStep,numberOfRobotsOnBlackSite,numberOfRobotsOnWhiteSite
24171,24,22
timeStep,numberOfRobotsOnBlackSite,numberOfRobotsOnWhiteSite
24172,24,22
timeStep,numberOfRobotsOnBlackSite,numberOfRobotsOnWhiteSite
24173,24,22
timeStep,numberOfRobotsOnBlackSite,numberOfRobotsOnWhiteSite
24174,24,22
timeStep,numberOfRobotsOnBlackSite,numberOfRobotsOnWhiteSite
24175,24,22
timeStep,numberOfRobotsOnBlackSite,numberOfRobotsOnWhiteSite
24176,24,22
timeStep,numberOfRobotsOnBlackSite,numberOfRobotsOnWhiteSite
24177,24,22
timeStep,numberOfRobotsOnBlackSite,numberOfRobotsOnWhiteSite
24178,24,22
timeStep,numberOfRobotsOnBlackSite,numberOfRobotsOnWhiteSite
24179,24,22
timeStep,numberOfRobotsOnBlackSite,numberOfRobotsOnWhiteSite
24180,24,22
timeStep,numberOfRobotsOnBlackSite,numberOfRobotsOnWhiteSite
24181,24,22
timeStep,numberOfRobotsOnBlackSite,numberOfRobotsOnWhiteSite
24182,24,22
timeStep,numberOfRobotsOnBlackSite,numberOfRobotsOnWhiteSite
24183,24,22
timeStep,numberOfRobotsOnBlackSite,numberOfRobotsOnWhiteSite
24184,24,22
timeStep,numberOfRobotsOnBlackSite,numberOfRobotsOnWhiteSite
24185,24,22
timeStep,numberOfRobotsOnBlackSite,numberOfRobotsOnWhiteSite
24186,24,22
timeStep,numberOfRobotsOnBlackSite,numberOfRobotsOnWhiteSite
24187,24,22
timeStep,numberOfRobotsOnBlackSite,numberOfRobotsOnWhiteSite
24188,24,22
timeStep,numberOfRobotsOnBlackSite,numberOfRobotsOnWhiteSite
24189,24,22
timeStep,numberOfRobotsOnBlackSite,numberOfRobotsOnWhiteSite
24190,24,22
timeStep,numberOfRobotsOnBlackSite,numberOfRobotsOnWhiteSite
24191,24,22
timeStep,numberOfRobotsOnBlackSite,numberOfRobotsOnWhiteSite
24192,24,22
timeStep,numberOfRobotsOnBlackSite,numberOfRobotsOnWhiteSite
24193,24,22
timeStep,numberOfRobotsOnBlackSite,numberOfRobotsOnWhiteSite
24194,24,22
timeStep,numberOfRobotsOnBlackSite,numberOfRobotsOnWhiteSite
24195,24,22
timeStep,numberOfRobotsOnBlackSite,numberOfRobotsOnWhiteSite
24196,24,22
timeStep,numberOfRobotsOnBlackSite,numberOfRobotsOnWhiteSite
24197,24,22
timeStep,numberOfRobotsOnBlackSite,numberOfRobotsOnWhiteSite
24198,24,22
timeStep,numberOfRobotsOnBlackSite,numberOfRobotsOnWhiteSite
24199,24,22
timeStep,numberOfRobotsOnBlackSite,numberOfRobotsOnWhiteSite
24200,24,22
timeStep,numberOfRobotsOnBlackSite,numberOfRobotsOnWhiteSite
24201,24,22
timeStep,numberOfRobotsOnBlackSite,numberOfRobotsOnWhiteSite
24202,24,22
timeStep,numberOfRobotsOnBlackSite,numberOfRobotsOnWhiteSite
24203,24,22
timeStep,numberOfRobotsOnBlackSite,numberOfRobotsOnWhiteSite
24204,24,22
timeStep,numberOfRobotsOnBlackSite,numberOfRobotsOnWhiteSite
24205,24,22
timeStep,numberOfRobotsOnBlackSite,numberOfRobotsOnWhiteSite
24206,24,22
timeStep,numberOfRobotsOnBlackSite,numberOfRobotsOnWhiteSite
24207,24,22
timeStep,numberOfRobotsOnBlackSite,numberOfRobotsOnWhiteSite
24208,24,22
timeStep,numberOfRobotsOnBlackSite,numberOfRobotsOnWhiteSite
24209,24,22
timeStep,numberOfRobotsOnBlackSite,numberOfRobotsOnWhiteSite
24210,24,22
timeStep,numberOfRobotsOnBlackSite,numberOfRobotsOnWhiteSite
24211,24,22
timeStep,numberOfRobotsOnBlackSite,numberOfRobotsOnWhiteSite
24212,24,22
timeStep,numberOfRobotsOnBlackSite,numberOfRobotsOnWhiteSite
24213,24,22
timeStep,numberOfRobotsOnBlackSite,numberOfRobotsOnWhiteSite
24214,24,22
timeStep,numberOfRobotsOnBlackSite,numberOfRobotsOnWhiteSite
24215,24,22
timeStep,numberOfRobotsOnBlackSite,numberOfRobotsOnWhiteSite
24216,24,22
timeStep,numberOfRobotsOnBlackSite,numberOfRobotsOnWhiteSite
24217,24,22
timeStep,numberOfRobotsOnBlackSite,numberOfRobotsOnWhiteSite
24218,24,22
timeStep,numberOfRobotsOnBlackSite,numberOfRobotsOnWhiteSite
24219,24,22
timeStep,numberOfRobotsOnBlackSite,numberOfRobotsOnWhiteSite
24220,24,22
timeStep,numberOfRobotsOnBlackSite,numberOfRobotsOnWhiteSite
24221,24,22
timeStep,numberOfRobotsOnBlackSite,numberOfRobotsOnWhiteSite
24222,24,22
timeStep,numberOfRobotsOnBlackSite,numberOfRobotsOnWhiteSite
24223,24,22
timeStep,numberOfRobotsOnBlackSite,numberOfRobotsOnWhiteSite
24224,24,22
timeStep,numberOfRobotsOnBlackSite,numberOfRobotsOnWhiteSite
24225,24,22
timeStep,numberOfRobotsOnBlackSite,numberOfRobotsOnWhiteSite
24226,24,22
timeStep,numberOfRobotsOnBlackSite,numberOfRobotsOnWhiteSite
24227,24,22
timeStep,numberOfRobotsOnBlackSite,numberOfRobotsOnWhiteSite
24228,24,22
timeStep,numberOfRobotsOnBlackSite,numberOfRobotsOnWhiteSite
24229,24,22
timeStep,numberOfRobotsOnBlackSite,numberOfRobotsOnWhiteSite
24230,24,22
timeStep,numberOfRobotsOnBlackSite,numberOfRobotsOnWhiteSite
24231,24,22
timeStep,numberOfRobotsOnBlackSite,numberOfRobotsOnWhiteSite
24232,24,22
timeStep,numberOfRobotsOnBlackSite,numberOfRobotsOnWhiteSite
24233,24,22
timeStep,numberOfRobotsOnBlackSite,numberOfRobotsOnWhiteSite
24234,24,22
timeStep,numberOfRobotsOnBlackSite,numberOfRobotsOnWhiteSite
24235,24,22
timeStep,numberOfRobotsOnBlackSite,numberOfRobotsOnWhiteSite
24236,24,22
timeStep,numberOfRobotsOnBlackSite,numberOfRobotsOnWhiteSite
24237,24,22
timeStep,numberOfRobotsOnBlackSite,numberOfRobotsOnWhiteSite
24238,24,22
timeStep,numberOfRobotsOnBlackSite,numberOfRobotsOnWhiteSite
24239,24,22
timeStep,numberOfRobotsOnBlackSite,numberOfRobotsOnWhiteSite
24240,24,22
timeStep,numberOfRobotsOnBlackSite,numberOfRobotsOnWhiteSite
24241,24,22
timeStep,numberOfRobotsOnBlackSite,numberOfRobotsOnWhiteSite
24242,24,22
timeStep,numberOfRobotsOnBlackSite,numberOfRobotsOnWhiteSite
24243,24,22
timeStep,numberOfRobotsOnBlackSite,numberOfRobotsOnWhiteSite
24244,24,22
timeStep,numberOfRobotsOnBlackSite,numberOfRobotsOnWhiteSite
24245,24,22
timeStep,numberOfRobotsOnBlackSite,numberOfRobotsOnWhiteSite
24246,24,22
timeStep,numberOfRobotsOnBlackSite,numberOfRobotsOnWhiteSite
24247,24,22
timeStep,numberOfRobotsOnBlackSite,numberOfRobotsOnWhiteSite
24248,24,22
timeStep,numberOfRobotsOnBlackSite,numberOfRobotsOnWhiteSite
24249,24,22
timeStep,numberOfRobotsOnBlackSite,numberOfRobotsOnWhiteSite
24250,24,22
timeStep,numberOfRobotsOnBlackSite,numberOfRobotsOnWhiteSite
24251,24,22
timeStep,numberOfRobotsOnBlackSite,numberOfRobotsOnWhiteSite
24252,24,22
timeStep,numberOfRobotsOnBlackSite,numberOfRobotsOnWhiteSite
24253,24,22
timeStep,numberOfRobotsOnBlackSite,numberOfRobotsOnWhiteSite
24254,24,22
timeStep,numberOfRobotsOnBlackSite,numberOfRobotsOnWhiteSite
24255,24,22
timeStep,numberOfRobotsOnBlackSite,numberOfRobotsOnWhiteSite
24256,24,22
timeStep,numberOfRobotsOnBlackSite,numberOfRobotsOnWhiteSite
24257,24,22
timeStep,numberOfRobotsOnBlackSite,numberOfRobotsOnWhiteSite
24258,24,22
timeStep,numberOfRobotsOnBlackSite,numberOfRobotsOnWhiteSite
24259,24,22
timeStep,numberOfRobotsOnBlackSite,numberOfRobotsOnWhiteSite
24260,24,22
timeStep,numberOfRobotsOnBlackSite,numberOfRobotsOnWhiteSite
24261,24,22
timeStep,numberOfRobotsOnBlackSite,numberOfRobotsOnWhiteSite
24262,24,22
timeStep,numberOfRobotsOnBlackSite,numberOfRobotsOnWhiteSite
24263,24,22
timeStep,numberOfRobotsOnBlackSite,numberOfRobotsOnWhiteSite
24264,24,22
timeStep,numberOfRobotsOnBlackSite,numberOfRobotsOnWhiteSite
24265,24,22
timeStep,numberOfRobotsOnBlackSite,numberOfRobotsOnWhiteSite
24266,24,22
timeStep,numberOfRobotsOnBlackSite,numberOfRobotsOnWhiteSite
24267,24,22
timeStep,numberOfRobotsOnBlackSite,numberOfRobotsOnWhiteSite
24268,24,22
timeStep,numberOfRobotsOnBlackSite,numberOfRobotsOnWhiteSite
24269,24,22
timeStep,numberOfRobotsOnBlackSite,numberOfRobotsOnWhiteSite
24270,24,22
timeStep,numberOfRobotsOnBlackSite,numberOfRobotsOnWhiteSite
24271,24,22
timeStep,numberOfRobotsOnBlackSite,numberOfRobotsOnWhiteSite
24272,24,22
timeStep,numberOfRobotsOnBlackSite,numberOfRobotsOnWhiteSite
24273,24,22
timeStep,numberOfRobotsOnBlackSite,numberOfRobotsOnWhiteSite
24274,24,22
timeStep,numberOfRobotsOnBlackSite,numberOfRobotsOnWhiteSite
24275,24,22
timeStep,numberOfRobotsOnBlackSite,numberOfRobotsOnWhiteSite
24276,24,22
timeStep,numberOfRobotsOnBlackSite,numberOfRobotsOnWhiteSite
24277,24,22
timeStep,numberOfRobotsOnBlackSite,numberOfRobotsOnWhiteSite
24278,24,22
timeStep,numberOfRobotsOnBlackSite,numberOfRobotsOnWhiteSite
24279,24,22
timeStep,numberOfRobotsOnBlackSite,numberOfRobotsOnWhiteSite
24280,24,22
timeStep,numberOfRobotsOnBlackSite,numberOfRobotsOnWhiteSite
24281,24,22
timeStep,numberOfRobotsOnBlackSite,numberOfRobotsOnWhiteSite
24282,24,22
timeStep,numberOfRobotsOnBlackSite,numberOfRobotsOnWhiteSite
24283,24,22
timeStep,numberOfRobotsOnBlackSite,numberOfRobotsOnWhiteSite
24284,24,22
timeStep,numberOfRobotsOnBlackSite,numberOfRobotsOnWhiteSite
24285,25,22
timeStep,numberOfRobotsOnBlackSite,numberOfRobotsOnWhiteSite
24286,25,22
timeStep,numberOfRobotsOnBlackSite,numberOfRobotsOnWhiteSite
24287,25,22
timeStep,numberOfRobotsOnBlackSite,numberOfRobotsOnWhiteSite
24288,25,22
timeStep,numberOfRobotsOnBlackSite,numberOfRobotsOnWhiteSite
24289,25,22
timeStep,numberOfRobotsOnBlackSite,numberOfRobotsOnWhiteSite
24290,24,22
timeStep,numberOfRobotsOnBlackSite,numberOfRobotsOnWhiteSite
24291,24,22
timeStep,numberOfRobotsOnBlackSite,numberOfRobotsOnWhiteSite
24292,24,22
timeStep,numberOfRobotsOnBlackSite,numberOfRobotsOnWhiteSite
24293,24,22
timeStep,numberOfRobotsOnBlackSite,numberOfRobotsOnWhiteSite
24294,24,22
timeStep,numberOfRobotsOnBlackSite,numberOfRobotsOnWhiteSite
24295,24,22
timeStep,numberOfRobotsOnBlackSite,numberOfRobotsOnWhiteSite
24296,24,22
timeStep,numberOfRobotsOnBlackSite,numberOfRobotsOnWhiteSite
24297,24,22
timeStep,numberOfRobotsOnBlackSite,numberOfRobotsOnWhiteSite
24298,24,22
timeStep,numberOfRobotsOnBlackSite,numberOfRobotsOnWhiteSite
24299,24,22
timeStep,numberOfRobotsOnBlackSite,numberOfRobotsOnWhiteSite
24300,24,22
timeStep,numberOfRobotsOnBlackSite,numberOfRobotsOnWhiteSite
24301,24,22
timeStep,numberOfRobotsOnBlackSite,numberOfRobotsOnWhiteSite
24302,24,22
timeStep,numberOfRobotsOnBlackSite,numberOfRobotsOnWhiteSite
24303,24,22
timeStep,numberOfRobotsOnBlackSite,numberOfRobotsOnWhiteSite
24304,24,22
timeStep,numberOfRobotsOnBlackSite,numberOfRobotsOnWhiteSite
24305,24,22
timeStep,numberOfRobotsOnBlackSite,numberOfRobotsOnWhiteSite
24306,24,22
timeStep,numberOfRobotsOnBlackSite,numberOfRobotsOnWhiteSite
24307,24,22
timeStep,numberOfRobotsOnBlackSite,numberOfRobotsOnWhiteSite
24308,24,22
timeStep,numberOfRobotsOnBlackSite,numberOfRobotsOnWhiteSite
24309,24,22
timeStep,numberOfRobotsOnBlackSite,numberOfRobotsOnWhiteSite
24310,24,22
timeStep,numberOfRobotsOnBlackSite,numberOfRobotsOnWhiteSite
24311,24,22
timeStep,numberOfRobotsOnBlackSite,numberOfRobotsOnWhiteSite
24312,24,22
timeStep,numberOfRobotsOnBlackSite,numberOfRobotsOnWhiteSite
24313,24,22
timeStep,numberOfRobotsOnBlackSite,numberOfRobotsOnWhiteSite
24314,24,22
timeStep,numberOfRobotsOnBlackSite,numberOfRobotsOnWhiteSite
24315,24,22
timeStep,numberOfRobotsOnBlackSite,numberOfRobotsOnWhiteSite
24316,24,22
timeStep,numberOfRobotsOnBlackSite,numberOfRobotsOnWhiteSite
24317,24,22
timeStep,numberOfRobotsOnBlackSite,numberOfRobotsOnWhiteSite
24318,24,22
timeStep,numberOfRobotsOnBlackSite,numberOfRobotsOnWhiteSite
24319,24,22
timeStep,numberOfRobotsOnBlackSite,numberOfRobotsOnWhiteSite
24320,24,22
timeStep,numberOfRobotsOnBlackSite,numberOfRobotsOnWhiteSite
24321,24,22
timeStep,numberOfRobotsOnBlackSite,numberOfRobotsOnWhiteSite
24322,24,22
timeStep,numberOfRobotsOnBlackSite,numberOfRobotsOnWhiteSite
24323,24,22
timeStep,numberOfRobotsOnBlackSite,numberOfRobotsOnWhiteSite
24324,24,22
timeStep,numberOfRobotsOnBlackSite,numberOfRobotsOnWhiteSite
24325,24,22
timeStep,numberOfRobotsOnBlackSite,numberOfRobotsOnWhiteSite
24326,24,22
timeStep,numberOfRobotsOnBlackSite,numberOfRobotsOnWhiteSite
24327,24,22
timeStep,numberOfRobotsOnBlackSite,numberOfRobotsOnWhiteSite
24328,24,22
timeStep,numberOfRobotsOnBlackSite,numberOfRobotsOnWhiteSite
24329,24,22
timeStep,numberOfRobotsOnBlackSite,numberOfRobotsOnWhiteSite
24330,24,22
timeStep,numberOfRobotsOnBlackSite,numberOfRobotsOnWhiteSite
24331,24,22
timeStep,numberOfRobotsOnBlackSite,numberOfRobotsOnWhiteSite
24332,24,22
timeStep,numberOfRobotsOnBlackSite,numberOfRobotsOnWhiteSite
24333,24,22
timeStep,numberOfRobotsOnBlackSite,numberOfRobotsOnWhiteSite
24334,24,22
timeStep,numberOfRobotsOnBlackSite,numberOfRobotsOnWhiteSite
24335,24,22
timeStep,numberOfRobotsOnBlackSite,numberOfRobotsOnWhiteSite
24336,24,22
timeStep,numberOfRobotsOnBlackSite,numberOfRobotsOnWhiteSite
24337,24,22
timeStep,numberOfRobotsOnBlackSite,numberOfRobotsOnWhiteSite
24338,24,22
timeStep,numberOfRobotsOnBlackSite,numberOfRobotsOnWhiteSite
24339,24,22
timeStep,numberOfRobotsOnBlackSite,numberOfRobotsOnWhiteSite
24340,24,22
timeStep,numberOfRobotsOnBlackSite,numberOfRobotsOnWhiteSite
24341,24,22
timeStep,numberOfRobotsOnBlackSite,numberOfRobotsOnWhiteSite
24342,24,22
timeStep,numberOfRobotsOnBlackSite,numberOfRobotsOnWhiteSite
24343,24,22
timeStep,numberOfRobotsOnBlackSite,numberOfRobotsOnWhiteSite
24344,24,22
timeStep,numberOfRobotsOnBlackSite,numberOfRobotsOnWhiteSite
24345,24,22
timeStep,numberOfRobotsOnBlackSite,numberOfRobotsOnWhiteSite
24346,24,22
timeStep,numberOfRobotsOnBlackSite,numberOfRobotsOnWhiteSite
24347,24,22
timeStep,numberOfRobotsOnBlackSite,numberOfRobotsOnWhiteSite
24348,24,22
timeStep,numberOfRobotsOnBlackSite,numberOfRobotsOnWhiteSite
24349,24,22
timeStep,numberOfRobotsOnBlackSite,numberOfRobotsOnWhiteSite
24350,24,22
timeStep,numberOfRobotsOnBlackSite,numberOfRobotsOnWhiteSite
24351,24,22
timeStep,numberOfRobotsOnBlackSite,numberOfRobotsOnWhiteSite
24352,24,22
timeStep,numberOfRobotsOnBlackSite,numberOfRobotsOnWhiteSite
24353,24,22
timeStep,numberOfRobotsOnBlackSite,numberOfRobotsOnWhiteSite
24354,24,22
timeStep,numberOfRobotsOnBlackSite,numberOfRobotsOnWhiteSite
24355,24,22
timeStep,numberOfRobotsOnBlackSite,numberOfRobotsOnWhiteSite
24356,24,22
timeStep,numberOfRobotsOnBlackSite,numberOfRobotsOnWhiteSite
24357,24,22
timeStep,numberOfRobotsOnBlackSite,numberOfRobotsOnWhiteSite
24358,24,22
timeStep,numberOfRobotsOnBlackSite,numberOfRobotsOnWhiteSite
24359,24,22
timeStep,numberOfRobotsOnBlackSite,numberOfRobotsOnWhiteSite
24360,24,22
timeStep,numberOfRobotsOnBlackSite,numberOfRobotsOnWhiteSite
24361,24,22
timeStep,numberOfRobotsOnBlackSite,numberOfRobotsOnWhiteSite
24362,24,22
timeStep,numberOfRobotsOnBlackSite,numberOfRobotsOnWhiteSite
24363,24,22
timeStep,numberOfRobotsOnBlackSite,numberOfRobotsOnWhiteSite
24364,24,22
timeStep,numberOfRobotsOnBlackSite,numberOfRobotsOnWhiteSite
24365,24,22
timeStep,numberOfRobotsOnBlackSite,numberOfRobotsOnWhiteSite
24366,24,22
timeStep,numberOfRobotsOnBlackSite,numberOfRobotsOnWhiteSite
24367,24,22
timeStep,numberOfRobotsOnBlackSite,numberOfRobotsOnWhiteSite
24368,24,22
timeStep,numberOfRobotsOnBlackSite,numberOfRobotsOnWhiteSite
24369,24,22
timeStep,numberOfRobotsOnBlackSite,numberOfRobotsOnWhiteSite
24370,24,22
timeStep,numberOfRobotsOnBlackSite,numberOfRobotsOnWhiteSite
24371,24,22
timeStep,numberOfRobotsOnBlackSite,numberOfRobotsOnWhiteSite
24372,24,22
timeStep,numberOfRobotsOnBlackSite,numberOfRobotsOnWhiteSite
24373,24,22
timeStep,numberOfRobotsOnBlackSite,numberOfRobotsOnWhiteSite
24374,24,22
timeStep,numberOfRobotsOnBlackSite,numberOfRobotsOnWhiteSite
24375,24,22
timeStep,numberOfRobotsOnBlackSite,numberOfRobotsOnWhiteSite
24376,24,22
timeStep,numberOfRobotsOnBlackSite,numberOfRobotsOnWhiteSite
24377,24,22
timeStep,numberOfRobotsOnBlackSite,numberOfRobotsOnWhiteSite
24378,24,22
timeStep,numberOfRobotsOnBlackSite,numberOfRobotsOnWhiteSite
24379,24,22
timeStep,numberOfRobotsOnBlackSite,numberOfRobotsOnWhiteSite
24380,24,22
timeStep,numberOfRobotsOnBlackSite,numberOfRobotsOnWhiteSite
24381,24,22
timeStep,numberOfRobotsOnBlackSite,numberOfRobotsOnWhiteSite
24382,24,22
timeStep,numberOfRobotsOnBlackSite,numberOfRobotsOnWhiteSite
24383,24,22
timeStep,numberOfRobotsOnBlackSite,numberOfRobotsOnWhiteSite
24384,24,22
timeStep,numberOfRobotsOnBlackSite,numberOfRobotsOnWhiteSite
24385,24,22
timeStep,numberOfRobotsOnBlackSite,numberOfRobotsOnWhiteSite
24386,24,22
timeStep,numberOfRobotsOnBlackSite,numberOfRobotsOnWhiteSite
24387,24,22
timeStep,numberOfRobotsOnBlackSite,numberOfRobotsOnWhiteSite
24388,24,22
timeStep,numberOfRobotsOnBlackSite,numberOfRobotsOnWhiteSite
24389,24,22
timeStep,numberOfRobotsOnBlackSite,numberOfRobotsOnWhiteSite
24390,24,22
timeStep,numberOfRobotsOnBlackSite,numberOfRobotsOnWhiteSite
24391,24,22
timeStep,numberOfRobotsOnBlackSite,numberOfRobotsOnWhiteSite
24392,24,22
timeStep,numberOfRobotsOnBlackSite,numberOfRobotsOnWhiteSite
24393,24,22
timeStep,numberOfRobotsOnBlackSite,numberOfRobotsOnWhiteSite
24394,24,22
timeStep,numberOfRobotsOnBlackSite,numberOfRobotsOnWhiteSite
24395,24,22
timeStep,numberOfRobotsOnBlackSite,numberOfRobotsOnWhiteSite
24396,24,22
timeStep,numberOfRobotsOnBlackSite,numberOfRobotsOnWhiteSite
24397,24,22
timeStep,numberOfRobotsOnBlackSite,numberOfRobotsOnWhiteSite
24398,24,22
timeStep,numberOfRobotsOnBlackSite,numberOfRobotsOnWhiteSite
24399,24,22
timeStep,numberOfRobotsOnBlackSite,numberOfRobotsOnWhiteSite
24400,24,22
timeStep,numberOfRobotsOnBlackSite,numberOfRobotsOnWhiteSite
24401,24,22
timeStep,numberOfRobotsOnBlackSite,numberOfRobotsOnWhiteSite
24402,24,22
timeStep,numberOfRobotsOnBlackSite,numberOfRobotsOnWhiteSite
24403,24,22
timeStep,numberOfRobotsOnBlackSite,numberOfRobotsOnWhiteSite
24404,24,22
timeStep,numberOfRobotsOnBlackSite,numberOfRobotsOnWhiteSite
24405,24,22
timeStep,numberOfRobotsOnBlackSite,numberOfRobotsOnWhiteSite
24406,24,22
timeStep,numberOfRobotsOnBlackSite,numberOfRobotsOnWhiteSite
24407,24,22
timeStep,numberOfRobotsOnBlackSite,numberOfRobotsOnWhiteSite
24408,24,22
timeStep,numberOfRobotsOnBlackSite,numberOfRobotsOnWhiteSite
24409,24,22
timeStep,numberOfRobotsOnBlackSite,numberOfRobotsOnWhiteSite
24410,24,22
timeStep,numberOfRobotsOnBlackSite,numberOfRobotsOnWhiteSite
24411,24,22
timeStep,numberOfRobotsOnBlackSite,numberOfRobotsOnWhiteSite
24412,24,22
timeStep,numberOfRobotsOnBlackSite,numberOfRobotsOnWhiteSite
24413,24,22
timeStep,numberOfRobotsOnBlackSite,numberOfRobotsOnWhiteSite
24414,24,22
timeStep,numberOfRobotsOnBlackSite,numberOfRobotsOnWhiteSite
24415,24,22
timeStep,numberOfRobotsOnBlackSite,numberOfRobotsOnWhiteSite
24416,24,22
timeStep,numberOfRobotsOnBlackSite,numberOfRobotsOnWhiteSite
24417,24,22
timeStep,numberOfRobotsOnBlackSite,numberOfRobotsOnWhiteSite
24418,24,22
timeStep,numberOfRobotsOnBlackSite,numberOfRobotsOnWhiteSite
24419,24,22
timeStep,numberOfRobotsOnBlackSite,numberOfRobotsOnWhiteSite
24420,24,22
timeStep,numberOfRobotsOnBlackSite,numberOfRobotsOnWhiteSite
24421,24,22
timeStep,numberOfRobotsOnBlackSite,numberOfRobotsOnWhiteSite
24422,24,22
timeStep,numberOfRobotsOnBlackSite,numberOfRobotsOnWhiteSite
24423,24,22
timeStep,numberOfRobotsOnBlackSite,numberOfRobotsOnWhiteSite
24424,24,22
timeStep,numberOfRobotsOnBlackSite,numberOfRobotsOnWhiteSite
24425,24,22
timeStep,numberOfRobotsOnBlackSite,numberOfRobotsOnWhiteSite
24426,24,22
timeStep,numberOfRobotsOnBlackSite,numberOfRobotsOnWhiteSite
24427,24,22
timeStep,numberOfRobotsOnBlackSite,numberOfRobotsOnWhiteSite
24428,24,22
timeStep,numberOfRobotsOnBlackSite,numberOfRobotsOnWhiteSite
24429,24,22
timeStep,numberOfRobotsOnBlackSite,numberOfRobotsOnWhiteSite
24430,24,22
timeStep,numberOfRobotsOnBlackSite,numberOfRobotsOnWhiteSite
24431,24,22
timeStep,numberOfRobotsOnBlackSite,numberOfRobotsOnWhiteSite
24432,24,22
timeStep,numberOfRobotsOnBlackSite,numberOfRobotsOnWhiteSite
24433,24,22
timeStep,numberOfRobotsOnBlackSite,numberOfRobotsOnWhiteSite
24434,24,22
timeStep,numberOfRobotsOnBlackSite,numberOfRobotsOnWhiteSite
24435,24,22
timeStep,numberOfRobotsOnBlackSite,numberOfRobotsOnWhiteSite
24436,24,22
timeStep,numberOfRobotsOnBlackSite,numberOfRobotsOnWhiteSite
24437,24,22
timeStep,numberOfRobotsOnBlackSite,numberOfRobotsOnWhiteSite
24438,24,22
timeStep,numberOfRobotsOnBlackSite,numberOfRobotsOnWhiteSite
24439,24,22
timeStep,numberOfRobotsOnBlackSite,numberOfRobotsOnWhiteSite
24440,24,22
timeStep,numberOfRobotsOnBlackSite,numberOfRobotsOnWhiteSite
24441,24,22
timeStep,numberOfRobotsOnBlackSite,numberOfRobotsOnWhiteSite
24442,24,22
timeStep,numberOfRobotsOnBlackSite,numberOfRobotsOnWhiteSite
24443,24,22
timeStep,numberOfRobotsOnBlackSite,numberOfRobotsOnWhiteSite
24444,24,22
timeStep,numberOfRobotsOnBlackSite,numberOfRobotsOnWhiteSite
24445,24,22
timeStep,numberOfRobotsOnBlackSite,numberOfRobotsOnWhiteSite
24446,24,22
timeStep,numberOfRobotsOnBlackSite,numberOfRobotsOnWhiteSite
24447,24,22
timeStep,numberOfRobotsOnBlackSite,numberOfRobotsOnWhiteSite
24448,24,22
timeStep,numberOfRobotsOnBlackSite,numberOfRobotsOnWhiteSite
24449,24,22
timeStep,numberOfRobotsOnBlackSite,numberOfRobotsOnWhiteSite
24450,24,22
timeStep,numberOfRobotsOnBlackSite,numberOfRobotsOnWhiteSite
24451,24,22
timeStep,numberOfRobotsOnBlackSite,numberOfRobotsOnWhiteSite
24452,24,22
timeStep,numberOfRobotsOnBlackSite,numberOfRobotsOnWhiteSite
24453,24,22
timeStep,numberOfRobotsOnBlackSite,numberOfRobotsOnWhiteSite
24454,24,22
timeStep,numberOfRobotsOnBlackSite,numberOfRobotsOnWhiteSite
24455,24,22
timeStep,numberOfRobotsOnBlackSite,numberOfRobotsOnWhiteSite
24456,24,22
timeStep,numberOfRobotsOnBlackSite,numberOfRobotsOnWhiteSite
24457,24,22
timeStep,numberOfRobotsOnBlackSite,numberOfRobotsOnWhiteSite
24458,24,22
timeStep,numberOfRobotsOnBlackSite,numberOfRobotsOnWhiteSite
24459,24,22
timeStep,numberOfRobotsOnBlackSite,numberOfRobotsOnWhiteSite
24460,24,22
timeStep,numberOfRobotsOnBlackSite,numberOfRobotsOnWhiteSite
24461,24,22
timeStep,numberOfRobotsOnBlackSite,numberOfRobotsOnWhiteSite
24462,24,22
timeStep,numberOfRobotsOnBlackSite,numberOfRobotsOnWhiteSite
24463,24,22
timeStep,numberOfRobotsOnBlackSite,numberOfRobotsOnWhiteSite
24464,24,22
timeStep,numberOfRobotsOnBlackSite,numberOfRobotsOnWhiteSite
24465,24,22
timeStep,numberOfRobotsOnBlackSite,numberOfRobotsOnWhiteSite
24466,24,22
timeStep,numberOfRobotsOnBlackSite,numberOfRobotsOnWhiteSite
24467,24,22
timeStep,numberOfRobotsOnBlackSite,numberOfRobotsOnWhiteSite
24468,24,22
timeStep,numberOfRobotsOnBlackSite,numberOfRobotsOnWhiteSite
24469,24,22
timeStep,numberOfRobotsOnBlackSite,numberOfRobotsOnWhiteSite
24470,24,22
timeStep,numberOfRobotsOnBlackSite,numberOfRobotsOnWhiteSite
24471,24,22
timeStep,numberOfRobotsOnBlackSite,numberOfRobotsOnWhiteSite
24472,24,22
timeStep,numberOfRobotsOnBlackSite,numberOfRobotsOnWhiteSite
24473,24,22
timeStep,numberOfRobotsOnBlackSite,numberOfRobotsOnWhiteSite
24474,24,22
timeStep,numberOfRobotsOnBlackSite,numberOfRobotsOnWhiteSite
24475,24,22
timeStep,numberOfRobotsOnBlackSite,numberOfRobotsOnWhiteSite
24476,24,22
timeStep,numberOfRobotsOnBlackSite,numberOfRobotsOnWhiteSite
24477,24,22
timeStep,numberOfRobotsOnBlackSite,numberOfRobotsOnWhiteSite
24478,24,22
timeStep,numberOfRobotsOnBlackSite,numberOfRobotsOnWhiteSite
24479,24,22
timeStep,numberOfRobotsOnBlackSite,numberOfRobotsOnWhiteSite
24480,24,22
timeStep,numberOfRobotsOnBlackSite,numberOfRobotsOnWhiteSite
24481,24,22
timeStep,numberOfRobotsOnBlackSite,numberOfRobotsOnWhiteSite
24482,24,22
timeStep,numberOfRobotsOnBlackSite,numberOfRobotsOnWhiteSite
24483,24,22
timeStep,numberOfRobotsOnBlackSite,numberOfRobotsOnWhiteSite
24484,24,22
timeStep,numberOfRobotsOnBlackSite,numberOfRobotsOnWhiteSite
24485,24,22
timeStep,numberOfRobotsOnBlackSite,numberOfRobotsOnWhiteSite
24486,24,22
timeStep,numberOfRobotsOnBlackSite,numberOfRobotsOnWhiteSite
24487,24,22
timeStep,numberOfRobotsOnBlackSite,numberOfRobotsOnWhiteSite
24488,24,22
timeStep,numberOfRobotsOnBlackSite,numberOfRobotsOnWhiteSite
24489,24,22
timeStep,numberOfRobotsOnBlackSite,numberOfRobotsOnWhiteSite
24490,24,22
timeStep,numberOfRobotsOnBlackSite,numberOfRobotsOnWhiteSite
24491,24,22
timeStep,numberOfRobotsOnBlackSite,numberOfRobotsOnWhiteSite
24492,24,22
timeStep,numberOfRobotsOnBlackSite,numberOfRobotsOnWhiteSite
24493,24,22
timeStep,numberOfRobotsOnBlackSite,numberOfRobotsOnWhiteSite
24494,24,22
timeStep,numberOfRobotsOnBlackSite,numberOfRobotsOnWhiteSite
24495,24,22
timeStep,numberOfRobotsOnBlackSite,numberOfRobotsOnWhiteSite
24496,24,22
timeStep,numberOfRobotsOnBlackSite,numberOfRobotsOnWhiteSite
24497,24,22
timeStep,numberOfRobotsOnBlackSite,numberOfRobotsOnWhiteSite
24498,24,22
timeStep,numberOfRobotsOnBlackSite,numberOfRobotsOnWhiteSite
24499,24,22
timeStep,numberOfRobotsOnBlackSite,numberOfRobotsOnWhiteSite
24500,24,22
timeStep,numberOfRobotsOnBlackSite,numberOfRobotsOnWhiteSite
24501,24,22
timeStep,numberOfRobotsOnBlackSite,numberOfRobotsOnWhiteSite
24502,24,22
timeStep,numberOfRobotsOnBlackSite,numberOfRobotsOnWhiteSite
24503,24,22
timeStep,numberOfRobotsOnBlackSite,numberOfRobotsOnWhiteSite
24504,24,22
timeStep,numberOfRobotsOnBlackSite,numberOfRobotsOnWhiteSite
24505,24,22
timeStep,numberOfRobotsOnBlackSite,numberOfRobotsOnWhiteSite
24506,24,22
timeStep,numberOfRobotsOnBlackSite,numberOfRobotsOnWhiteSite
24507,24,22
timeStep,numberOfRobotsOnBlackSite,numberOfRobotsOnWhiteSite
24508,24,22
timeStep,numberOfRobotsOnBlackSite,numberOfRobotsOnWhiteSite
24509,24,22
timeStep,numberOfRobotsOnBlackSite,numberOfRobotsOnWhiteSite
24510,23,22
timeStep,numberOfRobotsOnBlackSite,numberOfRobotsOnWhiteSite
24511,23,22
timeStep,numberOfRobotsOnBlackSite,numberOfRobotsOnWhiteSite
24512,23,22
timeStep,numberOfRobotsOnBlackSite,numberOfRobotsOnWhiteSite
24513,23,22
timeStep,numberOfRobotsOnBlackSite,numberOfRobotsOnWhiteSite
24514,23,22
timeStep,numberOfRobotsOnBlackSite,numberOfRobotsOnWhiteSite
24515,23,22
timeStep,numberOfRobotsOnBlackSite,numberOfRobotsOnWhiteSite
24516,23,22
timeStep,numberOfRobotsOnBlackSite,numberOfRobotsOnWhiteSite
24517,23,22
timeStep,numberOfRobotsOnBlackSite,numberOfRobotsOnWhiteSite
24518,23,22
timeStep,numberOfRobotsOnBlackSite,numberOfRobotsOnWhiteSite
24519,23,22
timeStep,numberOfRobotsOnBlackSite,numberOfRobotsOnWhiteSite
24520,23,22
timeStep,numberOfRobotsOnBlackSite,numberOfRobotsOnWhiteSite
24521,23,22
timeStep,numberOfRobotsOnBlackSite,numberOfRobotsOnWhiteSite
24522,23,22
timeStep,numberOfRobotsOnBlackSite,numberOfRobotsOnWhiteSite
24523,23,22
timeStep,numberOfRobotsOnBlackSite,numberOfRobotsOnWhiteSite
24524,23,22
timeStep,numberOfRobotsOnBlackSite,numberOfRobotsOnWhiteSite
24525,24,22
timeStep,numberOfRobotsOnBlackSite,numberOfRobotsOnWhiteSite
24526,24,22
timeStep,numberOfRobotsOnBlackSite,numberOfRobotsOnWhiteSite
24527,24,22
timeStep,numberOfRobotsOnBlackSite,numberOfRobotsOnWhiteSite
24528,24,22
timeStep,numberOfRobotsOnBlackSite,numberOfRobotsOnWhiteSite
24529,24,22
timeStep,numberOfRobotsOnBlackSite,numberOfRobotsOnWhiteSite
24530,24,22
timeStep,numberOfRobotsOnBlackSite,numberOfRobotsOnWhiteSite
24531,24,22
timeStep,numberOfRobotsOnBlackSite,numberOfRobotsOnWhiteSite
24532,24,22
timeStep,numberOfRobotsOnBlackSite,numberOfRobotsOnWhiteSite
24533,24,22
timeStep,numberOfRobotsOnBlackSite,numberOfRobotsOnWhiteSite
24534,24,22
timeStep,numberOfRobotsOnBlackSite,numberOfRobotsOnWhiteSite
24535,24,22
timeStep,numberOfRobotsOnBlackSite,numberOfRobotsOnWhiteSite
24536,24,22
timeStep,numberOfRobotsOnBlackSite,numberOfRobotsOnWhiteSite
24537,24,22
timeStep,numberOfRobotsOnBlackSite,numberOfRobotsOnWhiteSite
24538,24,22
timeStep,numberOfRobotsOnBlackSite,numberOfRobotsOnWhiteSite
24539,24,22
timeStep,numberOfRobotsOnBlackSite,numberOfRobotsOnWhiteSite
24540,24,22
timeStep,numberOfRobotsOnBlackSite,numberOfRobotsOnWhiteSite
24541,24,22
timeStep,numberOfRobotsOnBlackSite,numberOfRobotsOnWhiteSite
24542,24,22
timeStep,numberOfRobotsOnBlackSite,numberOfRobotsOnWhiteSite
24543,24,22
timeStep,numberOfRobotsOnBlackSite,numberOfRobotsOnWhiteSite
24544,24,22
timeStep,numberOfRobotsOnBlackSite,numberOfRobotsOnWhiteSite
24545,24,22
timeStep,numberOfRobotsOnBlackSite,numberOfRobotsOnWhiteSite
24546,24,22
timeStep,numberOfRobotsOnBlackSite,numberOfRobotsOnWhiteSite
24547,24,22
timeStep,numberOfRobotsOnBlackSite,numberOfRobotsOnWhiteSite
24548,24,22
timeStep,numberOfRobotsOnBlackSite,numberOfRobotsOnWhiteSite
24549,24,22
timeStep,numberOfRobotsOnBlackSite,numberOfRobotsOnWhiteSite
24550,24,22
timeStep,numberOfRobotsOnBlackSite,numberOfRobotsOnWhiteSite
24551,24,22
timeStep,numberOfRobotsOnBlackSite,numberOfRobotsOnWhiteSite
24552,24,22
timeStep,numberOfRobotsOnBlackSite,numberOfRobotsOnWhiteSite
24553,24,22
timeStep,numberOfRobotsOnBlackSite,numberOfRobotsOnWhiteSite
24554,24,22
timeStep,numberOfRobotsOnBlackSite,numberOfRobotsOnWhiteSite
24555,24,22
timeStep,numberOfRobotsOnBlackSite,numberOfRobotsOnWhiteSite
24556,24,22
timeStep,numberOfRobotsOnBlackSite,numberOfRobotsOnWhiteSite
24557,24,22
timeStep,numberOfRobotsOnBlackSite,numberOfRobotsOnWhiteSite
24558,24,22
timeStep,numberOfRobotsOnBlackSite,numberOfRobotsOnWhiteSite
24559,24,22
timeStep,numberOfRobotsOnBlackSite,numberOfRobotsOnWhiteSite
24560,24,22
timeStep,numberOfRobotsOnBlackSite,numberOfRobotsOnWhiteSite
24561,24,22
timeStep,numberOfRobotsOnBlackSite,numberOfRobotsOnWhiteSite
24562,24,22
timeStep,numberOfRobotsOnBlackSite,numberOfRobotsOnWhiteSite
24563,24,22
timeStep,numberOfRobotsOnBlackSite,numberOfRobotsOnWhiteSite
24564,24,22
timeStep,numberOfRobotsOnBlackSite,numberOfRobotsOnWhiteSite
24565,24,22
timeStep,numberOfRobotsOnBlackSite,numberOfRobotsOnWhiteSite
24566,24,22
timeStep,numberOfRobotsOnBlackSite,numberOfRobotsOnWhiteSite
24567,24,22
timeStep,numberOfRobotsOnBlackSite,numberOfRobotsOnWhiteSite
24568,24,22
timeStep,numberOfRobotsOnBlackSite,numberOfRobotsOnWhiteSite
24569,24,22
timeStep,numberOfRobotsOnBlackSite,numberOfRobotsOnWhiteSite
24570,24,22
timeStep,numberOfRobotsOnBlackSite,numberOfRobotsOnWhiteSite
24571,24,22
timeStep,numberOfRobotsOnBlackSite,numberOfRobotsOnWhiteSite
24572,24,22
timeStep,numberOfRobotsOnBlackSite,numberOfRobotsOnWhiteSite
24573,24,22
timeStep,numberOfRobotsOnBlackSite,numberOfRobotsOnWhiteSite
24574,24,22
timeStep,numberOfRobotsOnBlackSite,numberOfRobotsOnWhiteSite
24575,24,22
timeStep,numberOfRobotsOnBlackSite,numberOfRobotsOnWhiteSite
24576,24,22
timeStep,numberOfRobotsOnBlackSite,numberOfRobotsOnWhiteSite
24577,24,22
timeStep,numberOfRobotsOnBlackSite,numberOfRobotsOnWhiteSite
24578,24,22
timeStep,numberOfRobotsOnBlackSite,numberOfRobotsOnWhiteSite
24579,24,22
timeStep,numberOfRobotsOnBlackSite,numberOfRobotsOnWhiteSite
24580,24,22
timeStep,numberOfRobotsOnBlackSite,numberOfRobotsOnWhiteSite
24581,24,22
timeStep,numberOfRobotsOnBlackSite,numberOfRobotsOnWhiteSite
24582,24,22
timeStep,numberOfRobotsOnBlackSite,numberOfRobotsOnWhiteSite
24583,24,22
timeStep,numberOfRobotsOnBlackSite,numberOfRobotsOnWhiteSite
24584,24,22
timeStep,numberOfRobotsOnBlackSite,numberOfRobotsOnWhiteSite
24585,24,22
timeStep,numberOfRobotsOnBlackSite,numberOfRobotsOnWhiteSite
24586,24,22
timeStep,numberOfRobotsOnBlackSite,numberOfRobotsOnWhiteSite
24587,24,22
timeStep,numberOfRobotsOnBlackSite,numberOfRobotsOnWhiteSite
24588,24,22
timeStep,numberOfRobotsOnBlackSite,numberOfRobotsOnWhiteSite
24589,24,22
timeStep,numberOfRobotsOnBlackSite,numberOfRobotsOnWhiteSite
24590,24,22
timeStep,numberOfRobotsOnBlackSite,numberOfRobotsOnWhiteSite
24591,24,22
timeStep,numberOfRobotsOnBlackSite,numberOfRobotsOnWhiteSite
24592,24,22
timeStep,numberOfRobotsOnBlackSite,numberOfRobotsOnWhiteSite
24593,24,22
timeStep,numberOfRobotsOnBlackSite,numberOfRobotsOnWhiteSite
24594,24,22
timeStep,numberOfRobotsOnBlackSite,numberOfRobotsOnWhiteSite
24595,24,22
timeStep,numberOfRobotsOnBlackSite,numberOfRobotsOnWhiteSite
24596,24,22
timeStep,numberOfRobotsOnBlackSite,numberOfRobotsOnWhiteSite
24597,24,22
timeStep,numberOfRobotsOnBlackSite,numberOfRobotsOnWhiteSite
24598,24,22
timeStep,numberOfRobotsOnBlackSite,numberOfRobotsOnWhiteSite
24599,24,22
timeStep,numberOfRobotsOnBlackSite,numberOfRobotsOnWhiteSite
24600,24,22
timeStep,numberOfRobotsOnBlackSite,numberOfRobotsOnWhiteSite
24601,24,22
timeStep,numberOfRobotsOnBlackSite,numberOfRobotsOnWhiteSite
24602,24,22
timeStep,numberOfRobotsOnBlackSite,numberOfRobotsOnWhiteSite
24603,24,22
timeStep,numberOfRobotsOnBlackSite,numberOfRobotsOnWhiteSite
24604,24,22
timeStep,numberOfRobotsOnBlackSite,numberOfRobotsOnWhiteSite
24605,24,22
timeStep,numberOfRobotsOnBlackSite,numberOfRobotsOnWhiteSite
24606,24,22
timeStep,numberOfRobotsOnBlackSite,numberOfRobotsOnWhiteSite
24607,24,22
timeStep,numberOfRobotsOnBlackSite,numberOfRobotsOnWhiteSite
24608,24,22
timeStep,numberOfRobotsOnBlackSite,numberOfRobotsOnWhiteSite
24609,24,22
timeStep,numberOfRobotsOnBlackSite,numberOfRobotsOnWhiteSite
24610,24,22
timeStep,numberOfRobotsOnBlackSite,numberOfRobotsOnWhiteSite
24611,24,22
timeStep,numberOfRobotsOnBlackSite,numberOfRobotsOnWhiteSite
24612,24,22
timeStep,numberOfRobotsOnBlackSite,numberOfRobotsOnWhiteSite
24613,24,22
timeStep,numberOfRobotsOnBlackSite,numberOfRobotsOnWhiteSite
24614,24,22
timeStep,numberOfRobotsOnBlackSite,numberOfRobotsOnWhiteSite
24615,24,22
timeStep,numberOfRobotsOnBlackSite,numberOfRobotsOnWhiteSite
24616,24,22
timeStep,numberOfRobotsOnBlackSite,numberOfRobotsOnWhiteSite
24617,24,22
timeStep,numberOfRobotsOnBlackSite,numberOfRobotsOnWhiteSite
24618,24,22
timeStep,numberOfRobotsOnBlackSite,numberOfRobotsOnWhiteSite
24619,24,22
timeStep,numberOfRobotsOnBlackSite,numberOfRobotsOnWhiteSite
24620,24,22
timeStep,numberOfRobotsOnBlackSite,numberOfRobotsOnWhiteSite
24621,24,22
timeStep,numberOfRobotsOnBlackSite,numberOfRobotsOnWhiteSite
24622,24,22
timeStep,numberOfRobotsOnBlackSite,numberOfRobotsOnWhiteSite
24623,24,22
timeStep,numberOfRobotsOnBlackSite,numberOfRobotsOnWhiteSite
24624,24,22
timeStep,numberOfRobotsOnBlackSite,numberOfRobotsOnWhiteSite
24625,24,22
timeStep,numberOfRobotsOnBlackSite,numberOfRobotsOnWhiteSite
24626,24,22
timeStep,numberOfRobotsOnBlackSite,numberOfRobotsOnWhiteSite
24627,24,22
timeStep,numberOfRobotsOnBlackSite,numberOfRobotsOnWhiteSite
24628,24,22
timeStep,numberOfRobotsOnBlackSite,numberOfRobotsOnWhiteSite
24629,24,22
timeStep,numberOfRobotsOnBlackSite,numberOfRobotsOnWhiteSite
24630,24,22
timeStep,numberOfRobotsOnBlackSite,numberOfRobotsOnWhiteSite
24631,24,22
timeStep,numberOfRobotsOnBlackSite,numberOfRobotsOnWhiteSite
24632,24,22
timeStep,numberOfRobotsOnBlackSite,numberOfRobotsOnWhiteSite
24633,24,22
timeStep,numberOfRobotsOnBlackSite,numberOfRobotsOnWhiteSite
24634,24,22
timeStep,numberOfRobotsOnBlackSite,numberOfRobotsOnWhiteSite
24635,24,22
timeStep,numberOfRobotsOnBlackSite,numberOfRobotsOnWhiteSite
24636,24,22
timeStep,numberOfRobotsOnBlackSite,numberOfRobotsOnWhiteSite
24637,24,22
timeStep,numberOfRobotsOnBlackSite,numberOfRobotsOnWhiteSite
24638,24,22
timeStep,numberOfRobotsOnBlackSite,numberOfRobotsOnWhiteSite
24639,24,22
timeStep,numberOfRobotsOnBlackSite,numberOfRobotsOnWhiteSite
24640,24,22
timeStep,numberOfRobotsOnBlackSite,numberOfRobotsOnWhiteSite
24641,24,22
timeStep,numberOfRobotsOnBlackSite,numberOfRobotsOnWhiteSite
24642,24,22
timeStep,numberOfRobotsOnBlackSite,numberOfRobotsOnWhiteSite
24643,24,22
timeStep,numberOfRobotsOnBlackSite,numberOfRobotsOnWhiteSite
24644,24,22
timeStep,numberOfRobotsOnBlackSite,numberOfRobotsOnWhiteSite
24645,24,22
timeStep,numberOfRobotsOnBlackSite,numberOfRobotsOnWhiteSite
24646,24,22
timeStep,numberOfRobotsOnBlackSite,numberOfRobotsOnWhiteSite
24647,24,22
timeStep,numberOfRobotsOnBlackSite,numberOfRobotsOnWhiteSite
24648,24,22
timeStep,numberOfRobotsOnBlackSite,numberOfRobotsOnWhiteSite
24649,24,22
timeStep,numberOfRobotsOnBlackSite,numberOfRobotsOnWhiteSite
24650,24,22
timeStep,numberOfRobotsOnBlackSite,numberOfRobotsOnWhiteSite
24651,24,22
timeStep,numberOfRobotsOnBlackSite,numberOfRobotsOnWhiteSite
24652,24,22
timeStep,numberOfRobotsOnBlackSite,numberOfRobotsOnWhiteSite
24653,24,22
timeStep,numberOfRobotsOnBlackSite,numberOfRobotsOnWhiteSite
24654,24,22
timeStep,numberOfRobotsOnBlackSite,numberOfRobotsOnWhiteSite
24655,24,22
timeStep,numberOfRobotsOnBlackSite,numberOfRobotsOnWhiteSite
24656,24,22
timeStep,numberOfRobotsOnBlackSite,numberOfRobotsOnWhiteSite
24657,24,22
timeStep,numberOfRobotsOnBlackSite,numberOfRobotsOnWhiteSite
24658,24,22
timeStep,numberOfRobotsOnBlackSite,numberOfRobotsOnWhiteSite
24659,24,22
timeStep,numberOfRobotsOnBlackSite,numberOfRobotsOnWhiteSite
24660,24,22
timeStep,numberOfRobotsOnBlackSite,numberOfRobotsOnWhiteSite
24661,24,22
timeStep,numberOfRobotsOnBlackSite,numberOfRobotsOnWhiteSite
24662,24,22
timeStep,numberOfRobotsOnBlackSite,numberOfRobotsOnWhiteSite
24663,24,22
timeStep,numberOfRobotsOnBlackSite,numberOfRobotsOnWhiteSite
24664,24,22
timeStep,numberOfRobotsOnBlackSite,numberOfRobotsOnWhiteSite
24665,24,22
timeStep,numberOfRobotsOnBlackSite,numberOfRobotsOnWhiteSite
24666,24,22
timeStep,numberOfRobotsOnBlackSite,numberOfRobotsOnWhiteSite
24667,24,22
timeStep,numberOfRobotsOnBlackSite,numberOfRobotsOnWhiteSite
24668,24,22
timeStep,numberOfRobotsOnBlackSite,numberOfRobotsOnWhiteSite
24669,24,22
timeStep,numberOfRobotsOnBlackSite,numberOfRobotsOnWhiteSite
24670,24,22
timeStep,numberOfRobotsOnBlackSite,numberOfRobotsOnWhiteSite
24671,24,22
timeStep,numberOfRobotsOnBlackSite,numberOfRobotsOnWhiteSite
24672,24,22
timeStep,numberOfRobotsOnBlackSite,numberOfRobotsOnWhiteSite
24673,24,22
timeStep,numberOfRobotsOnBlackSite,numberOfRobotsOnWhiteSite
24674,24,22
timeStep,numberOfRobotsOnBlackSite,numberOfRobotsOnWhiteSite
24675,24,22
timeStep,numberOfRobotsOnBlackSite,numberOfRobotsOnWhiteSite
24676,24,22
timeStep,numberOfRobotsOnBlackSite,numberOfRobotsOnWhiteSite
24677,24,22
timeStep,numberOfRobotsOnBlackSite,numberOfRobotsOnWhiteSite
24678,24,22
timeStep,numberOfRobotsOnBlackSite,numberOfRobotsOnWhiteSite
24679,24,22
timeStep,numberOfRobotsOnBlackSite,numberOfRobotsOnWhiteSite
24680,24,22
timeStep,numberOfRobotsOnBlackSite,numberOfRobotsOnWhiteSite
24681,24,22
timeStep,numberOfRobotsOnBlackSite,numberOfRobotsOnWhiteSite
24682,24,22
timeStep,numberOfRobotsOnBlackSite,numberOfRobotsOnWhiteSite
24683,24,22
timeStep,numberOfRobotsOnBlackSite,numberOfRobotsOnWhiteSite
24684,24,22
timeStep,numberOfRobotsOnBlackSite,numberOfRobotsOnWhiteSite
24685,24,22
timeStep,numberOfRobotsOnBlackSite,numberOfRobotsOnWhiteSite
24686,24,22
timeStep,numberOfRobotsOnBlackSite,numberOfRobotsOnWhiteSite
24687,24,22
timeStep,numberOfRobotsOnBlackSite,numberOfRobotsOnWhiteSite
24688,24,22
timeStep,numberOfRobotsOnBlackSite,numberOfRobotsOnWhiteSite
24689,24,22
timeStep,numberOfRobotsOnBlackSite,numberOfRobotsOnWhiteSite
24690,24,22
timeStep,numberOfRobotsOnBlackSite,numberOfRobotsOnWhiteSite
24691,24,22
timeStep,numberOfRobotsOnBlackSite,numberOfRobotsOnWhiteSite
24692,24,22
timeStep,numberOfRobotsOnBlackSite,numberOfRobotsOnWhiteSite
24693,24,22
timeStep,numberOfRobotsOnBlackSite,numberOfRobotsOnWhiteSite
24694,24,22
timeStep,numberOfRobotsOnBlackSite,numberOfRobotsOnWhiteSite
24695,24,22
timeStep,numberOfRobotsOnBlackSite,numberOfRobotsOnWhiteSite
24696,24,22
timeStep,numberOfRobotsOnBlackSite,numberOfRobotsOnWhiteSite
24697,24,22
timeStep,numberOfRobotsOnBlackSite,numberOfRobotsOnWhiteSite
24698,24,22
timeStep,numberOfRobotsOnBlackSite,numberOfRobotsOnWhiteSite
24699,24,22
timeStep,numberOfRobotsOnBlackSite,numberOfRobotsOnWhiteSite
24700,24,22
timeStep,numberOfRobotsOnBlackSite,numberOfRobotsOnWhiteSite
24701,24,22
timeStep,numberOfRobotsOnBlackSite,numberOfRobotsOnWhiteSite
24702,24,22
timeStep,numberOfRobotsOnBlackSite,numberOfRobotsOnWhiteSite
24703,24,22
timeStep,numberOfRobotsOnBlackSite,numberOfRobotsOnWhiteSite
24704,24,22
timeStep,numberOfRobotsOnBlackSite,numberOfRobotsOnWhiteSite
24705,24,22
timeStep,numberOfRobotsOnBlackSite,numberOfRobotsOnWhiteSite
24706,24,22
timeStep,numberOfRobotsOnBlackSite,numberOfRobotsOnWhiteSite
24707,24,22
timeStep,numberOfRobotsOnBlackSite,numberOfRobotsOnWhiteSite
24708,24,22
timeStep,numberOfRobotsOnBlackSite,numberOfRobotsOnWhiteSite
24709,24,22
timeStep,numberOfRobotsOnBlackSite,numberOfRobotsOnWhiteSite
24710,24,22
timeStep,numberOfRobotsOnBlackSite,numberOfRobotsOnWhiteSite
24711,24,22
timeStep,numberOfRobotsOnBlackSite,numberOfRobotsOnWhiteSite
24712,24,22
timeStep,numberOfRobotsOnBlackSite,numberOfRobotsOnWhiteSite
24713,24,22
timeStep,numberOfRobotsOnBlackSite,numberOfRobotsOnWhiteSite
24714,24,22
timeStep,numberOfRobotsOnBlackSite,numberOfRobotsOnWhiteSite
24715,24,22
timeStep,numberOfRobotsOnBlackSite,numberOfRobotsOnWhiteSite
24716,24,22
timeStep,numberOfRobotsOnBlackSite,numberOfRobotsOnWhiteSite
24717,24,22
timeStep,numberOfRobotsOnBlackSite,numberOfRobotsOnWhiteSite
24718,24,22
timeStep,numberOfRobotsOnBlackSite,numberOfRobotsOnWhiteSite
24719,24,22
timeStep,numberOfRobotsOnBlackSite,numberOfRobotsOnWhiteSite
24720,24,22
timeStep,numberOfRobotsOnBlackSite,numberOfRobotsOnWhiteSite
24721,24,22
timeStep,numberOfRobotsOnBlackSite,numberOfRobotsOnWhiteSite
24722,24,22
timeStep,numberOfRobotsOnBlackSite,numberOfRobotsOnWhiteSite
24723,24,22
timeStep,numberOfRobotsOnBlackSite,numberOfRobotsOnWhiteSite
24724,24,22
timeStep,numberOfRobotsOnBlackSite,numberOfRobotsOnWhiteSite
24725,24,22
timeStep,numberOfRobotsOnBlackSite,numberOfRobotsOnWhiteSite
24726,24,22
timeStep,numberOfRobotsOnBlackSite,numberOfRobotsOnWhiteSite
24727,24,22
timeStep,numberOfRobotsOnBlackSite,numberOfRobotsOnWhiteSite
24728,24,22
timeStep,numberOfRobotsOnBlackSite,numberOfRobotsOnWhiteSite
24729,24,22
timeStep,numberOfRobotsOnBlackSite,numberOfRobotsOnWhiteSite
24730,24,22
timeStep,numberOfRobotsOnBlackSite,numberOfRobotsOnWhiteSite
24731,24,22
timeStep,numberOfRobotsOnBlackSite,numberOfRobotsOnWhiteSite
24732,24,22
timeStep,numberOfRobotsOnBlackSite,numberOfRobotsOnWhiteSite
24733,24,22
timeStep,numberOfRobotsOnBlackSite,numberOfRobotsOnWhiteSite
24734,24,22
timeStep,numberOfRobotsOnBlackSite,numberOfRobotsOnWhiteSite
24735,24,22
timeStep,numberOfRobotsOnBlackSite,numberOfRobotsOnWhiteSite
24736,24,22
timeStep,numberOfRobotsOnBlackSite,numberOfRobotsOnWhiteSite
24737,24,22
timeStep,numberOfRobotsOnBlackSite,numberOfRobotsOnWhiteSite
24738,24,22
timeStep,numberOfRobotsOnBlackSite,numberOfRobotsOnWhiteSite
24739,24,22
timeStep,numberOfRobotsOnBlackSite,numberOfRobotsOnWhiteSite
24740,24,22
timeStep,numberOfRobotsOnBlackSite,numberOfRobotsOnWhiteSite
24741,24,22
timeStep,numberOfRobotsOnBlackSite,numberOfRobotsOnWhiteSite
24742,24,22
timeStep,numberOfRobotsOnBlackSite,numberOfRobotsOnWhiteSite
24743,24,22
timeStep,numberOfRobotsOnBlackSite,numberOfRobotsOnWhiteSite
24744,24,22
timeStep,numberOfRobotsOnBlackSite,numberOfRobotsOnWhiteSite
24745,24,22
timeStep,numberOfRobotsOnBlackSite,numberOfRobotsOnWhiteSite
24746,24,22
timeStep,numberOfRobotsOnBlackSite,numberOfRobotsOnWhiteSite
24747,24,22
timeStep,numberOfRobotsOnBlackSite,numberOfRobotsOnWhiteSite
24748,24,22
timeStep,numberOfRobotsOnBlackSite,numberOfRobotsOnWhiteSite
24749,24,22
timeStep,numberOfRobotsOnBlackSite,numberOfRobotsOnWhiteSite
24750,24,22
timeStep,numberOfRobotsOnBlackSite,numberOfRobotsOnWhiteSite
24751,24,22
timeStep,numberOfRobotsOnBlackSite,numberOfRobotsOnWhiteSite
24752,24,22
timeStep,numberOfRobotsOnBlackSite,numberOfRobotsOnWhiteSite
24753,24,22
timeStep,numberOfRobotsOnBlackSite,numberOfRobotsOnWhiteSite
24754,24,22
timeStep,numberOfRobotsOnBlackSite,numberOfRobotsOnWhiteSite
24755,24,22
timeStep,numberOfRobotsOnBlackSite,numberOfRobotsOnWhiteSite
24756,24,22
timeStep,numberOfRobotsOnBlackSite,numberOfRobotsOnWhiteSite
24757,24,22
timeStep,numberOfRobotsOnBlackSite,numberOfRobotsOnWhiteSite
24758,24,22
timeStep,numberOfRobotsOnBlackSite,numberOfRobotsOnWhiteSite
24759,24,22
timeStep,numberOfRobotsOnBlackSite,numberOfRobotsOnWhiteSite
24760,24,22
timeStep,numberOfRobotsOnBlackSite,numberOfRobotsOnWhiteSite
24761,24,22
timeStep,numberOfRobotsOnBlackSite,numberOfRobotsOnWhiteSite
24762,24,22
timeStep,numberOfRobotsOnBlackSite,numberOfRobotsOnWhiteSite
24763,24,22
timeStep,numberOfRobotsOnBlackSite,numberOfRobotsOnWhiteSite
24764,24,22
timeStep,numberOfRobotsOnBlackSite,numberOfRobotsOnWhiteSite
24765,24,22
timeStep,numberOfRobotsOnBlackSite,numberOfRobotsOnWhiteSite
24766,24,22
timeStep,numberOfRobotsOnBlackSite,numberOfRobotsOnWhiteSite
24767,24,22
timeStep,numberOfRobotsOnBlackSite,numberOfRobotsOnWhiteSite
24768,24,22
timeStep,numberOfRobotsOnBlackSite,numberOfRobotsOnWhiteSite
24769,24,22
timeStep,numberOfRobotsOnBlackSite,numberOfRobotsOnWhiteSite
24770,24,22
timeStep,numberOfRobotsOnBlackSite,numberOfRobotsOnWhiteSite
24771,24,22
timeStep,numberOfRobotsOnBlackSite,numberOfRobotsOnWhiteSite
24772,24,22
timeStep,numberOfRobotsOnBlackSite,numberOfRobotsOnWhiteSite
24773,24,22
timeStep,numberOfRobotsOnBlackSite,numberOfRobotsOnWhiteSite
24774,24,22
timeStep,numberOfRobotsOnBlackSite,numberOfRobotsOnWhiteSite
24775,24,22
timeStep,numberOfRobotsOnBlackSite,numberOfRobotsOnWhiteSite
24776,24,22
timeStep,numberOfRobotsOnBlackSite,numberOfRobotsOnWhiteSite
24777,24,22
timeStep,numberOfRobotsOnBlackSite,numberOfRobotsOnWhiteSite
24778,24,22
timeStep,numberOfRobotsOnBlackSite,numberOfRobotsOnWhiteSite
24779,24,22
timeStep,numberOfRobotsOnBlackSite,numberOfRobotsOnWhiteSite
24780,24,22
timeStep,numberOfRobotsOnBlackSite,numberOfRobotsOnWhiteSite
24781,24,22
timeStep,numberOfRobotsOnBlackSite,numberOfRobotsOnWhiteSite
24782,24,22
timeStep,numberOfRobotsOnBlackSite,numberOfRobotsOnWhiteSite
24783,24,22
timeStep,numberOfRobotsOnBlackSite,numberOfRobotsOnWhiteSite
24784,24,22
timeStep,numberOfRobotsOnBlackSite,numberOfRobotsOnWhiteSite
24785,24,22
timeStep,numberOfRobotsOnBlackSite,numberOfRobotsOnWhiteSite
24786,24,22
timeStep,numberOfRobotsOnBlackSite,numberOfRobotsOnWhiteSite
24787,24,22
timeStep,numberOfRobotsOnBlackSite,numberOfRobotsOnWhiteSite
24788,24,22
timeStep,numberOfRobotsOnBlackSite,numberOfRobotsOnWhiteSite
24789,24,22
timeStep,numberOfRobotsOnBlackSite,numberOfRobotsOnWhiteSite
24790,24,22
timeStep,numberOfRobotsOnBlackSite,numberOfRobotsOnWhiteSite
24791,24,22
timeStep,numberOfRobotsOnBlackSite,numberOfRobotsOnWhiteSite
24792,24,22
timeStep,numberOfRobotsOnBlackSite,numberOfRobotsOnWhiteSite
24793,24,22
timeStep,numberOfRobotsOnBlackSite,numberOfRobotsOnWhiteSite
24794,24,22
timeStep,numberOfRobotsOnBlackSite,numberOfRobotsOnWhiteSite
24795,24,22
timeStep,numberOfRobotsOnBlackSite,numberOfRobotsOnWhiteSite
24796,24,22
timeStep,numberOfRobotsOnBlackSite,numberOfRobotsOnWhiteSite
24797,24,22
timeStep,numberOfRobotsOnBlackSite,numberOfRobotsOnWhiteSite
24798,24,22
timeStep,numberOfRobotsOnBlackSite,numberOfRobotsOnWhiteSite
24799,24,22
timeStep,numberOfRobotsOnBlackSite,numberOfRobotsOnWhiteSite
24800,24,22
timeStep,numberOfRobotsOnBlackSite,numberOfRobotsOnWhiteSite
24801,24,22
timeStep,numberOfRobotsOnBlackSite,numberOfRobotsOnWhiteSite
24802,24,22
timeStep,numberOfRobotsOnBlackSite,numberOfRobotsOnWhiteSite
24803,24,22
timeStep,numberOfRobotsOnBlackSite,numberOfRobotsOnWhiteSite
24804,24,22
timeStep,numberOfRobotsOnBlackSite,numberOfRobotsOnWhiteSite
24805,24,22
timeStep,numberOfRobotsOnBlackSite,numberOfRobotsOnWhiteSite
24806,24,22
timeStep,numberOfRobotsOnBlackSite,numberOfRobotsOnWhiteSite
24807,24,22
timeStep,numberOfRobotsOnBlackSite,numberOfRobotsOnWhiteSite
24808,24,22
timeStep,numberOfRobotsOnBlackSite,numberOfRobotsOnWhiteSite
24809,24,22
timeStep,numberOfRobotsOnBlackSite,numberOfRobotsOnWhiteSite
24810,24,22
timeStep,numberOfRobotsOnBlackSite,numberOfRobotsOnWhiteSite
24811,24,22
timeStep,numberOfRobotsOnBlackSite,numberOfRobotsOnWhiteSite
24812,24,22
timeStep,numberOfRobotsOnBlackSite,numberOfRobotsOnWhiteSite
24813,24,22
timeStep,numberOfRobotsOnBlackSite,numberOfRobotsOnWhiteSite
24814,24,22
timeStep,numberOfRobotsOnBlackSite,numberOfRobotsOnWhiteSite
24815,24,22
timeStep,numberOfRobotsOnBlackSite,numberOfRobotsOnWhiteSite
24816,24,22
timeStep,numberOfRobotsOnBlackSite,numberOfRobotsOnWhiteSite
24817,24,22
timeStep,numberOfRobotsOnBlackSite,numberOfRobotsOnWhiteSite
24818,24,22
timeStep,numberOfRobotsOnBlackSite,numberOfRobotsOnWhiteSite
24819,24,22
timeStep,numberOfRobotsOnBlackSite,numberOfRobotsOnWhiteSite
24820,24,22
timeStep,numberOfRobotsOnBlackSite,numberOfRobotsOnWhiteSite
24821,24,22
timeStep,numberOfRobotsOnBlackSite,numberOfRobotsOnWhiteSite
24822,24,22
timeStep,numberOfRobotsOnBlackSite,numberOfRobotsOnWhiteSite
24823,24,22
timeStep,numberOfRobotsOnBlackSite,numberOfRobotsOnWhiteSite
24824,24,22
timeStep,numberOfRobotsOnBlackSite,numberOfRobotsOnWhiteSite
24825,24,22
timeStep,numberOfRobotsOnBlackSite,numberOfRobotsOnWhiteSite
24826,24,22
timeStep,numberOfRobotsOnBlackSite,numberOfRobotsOnWhiteSite
24827,24,22
timeStep,numberOfRobotsOnBlackSite,numberOfRobotsOnWhiteSite
24828,24,22
timeStep,numberOfRobotsOnBlackSite,numberOfRobotsOnWhiteSite
24829,24,22
timeStep,numberOfRobotsOnBlackSite,numberOfRobotsOnWhiteSite
24830,24,22
timeStep,numberOfRobotsOnBlackSite,numberOfRobotsOnWhiteSite
24831,24,22
timeStep,numberOfRobotsOnBlackSite,numberOfRobotsOnWhiteSite
24832,24,22
timeStep,numberOfRobotsOnBlackSite,numberOfRobotsOnWhiteSite
24833,24,22
timeStep,numberOfRobotsOnBlackSite,numberOfRobotsOnWhiteSite
24834,24,22
timeStep,numberOfRobotsOnBlackSite,numberOfRobotsOnWhiteSite
24835,24,22
timeStep,numberOfRobotsOnBlackSite,numberOfRobotsOnWhiteSite
24836,24,22
timeStep,numberOfRobotsOnBlackSite,numberOfRobotsOnWhiteSite
24837,24,22
timeStep,numberOfRobotsOnBlackSite,numberOfRobotsOnWhiteSite
24838,24,22
timeStep,numberOfRobotsOnBlackSite,numberOfRobotsOnWhiteSite
24839,24,22
timeStep,numberOfRobotsOnBlackSite,numberOfRobotsOnWhiteSite
24840,24,22
timeStep,numberOfRobotsOnBlackSite,numberOfRobotsOnWhiteSite
24841,24,22
timeStep,numberOfRobotsOnBlackSite,numberOfRobotsOnWhiteSite
24842,24,22
timeStep,numberOfRobotsOnBlackSite,numberOfRobotsOnWhiteSite
24843,24,22
timeStep,numberOfRobotsOnBlackSite,numberOfRobotsOnWhiteSite
24844,24,22
timeStep,numberOfRobotsOnBlackSite,numberOfRobotsOnWhiteSite
24845,24,22
timeStep,numberOfRobotsOnBlackSite,numberOfRobotsOnWhiteSite
24846,24,22
timeStep,numberOfRobotsOnBlackSite,numberOfRobotsOnWhiteSite
24847,24,22
timeStep,numberOfRobotsOnBlackSite,numberOfRobotsOnWhiteSite
24848,24,22
timeStep,numberOfRobotsOnBlackSite,numberOfRobotsOnWhiteSite
24849,24,22
timeStep,numberOfRobotsOnBlackSite,numberOfRobotsOnWhiteSite
24850,24,22
timeStep,numberOfRobotsOnBlackSite,numberOfRobotsOnWhiteSite
24851,24,22
timeStep,numberOfRobotsOnBlackSite,numberOfRobotsOnWhiteSite
24852,24,22
timeStep,numberOfRobotsOnBlackSite,numberOfRobotsOnWhiteSite
24853,24,22
timeStep,numberOfRobotsOnBlackSite,numberOfRobotsOnWhiteSite
24854,24,22
timeStep,numberOfRobotsOnBlackSite,numberOfRobotsOnWhiteSite
24855,24,22
timeStep,numberOfRobotsOnBlackSite,numberOfRobotsOnWhiteSite
24856,24,22
timeStep,numberOfRobotsOnBlackSite,numberOfRobotsOnWhiteSite
24857,24,22
timeStep,numberOfRobotsOnBlackSite,numberOfRobotsOnWhiteSite
24858,24,22
timeStep,numberOfRobotsOnBlackSite,numberOfRobotsOnWhiteSite
24859,24,22
timeStep,numberOfRobotsOnBlackSite,numberOfRobotsOnWhiteSite
24860,24,22
timeStep,numberOfRobotsOnBlackSite,numberOfRobotsOnWhiteSite
24861,24,22
timeStep,numberOfRobotsOnBlackSite,numberOfRobotsOnWhiteSite
24862,24,22
timeStep,numberOfRobotsOnBlackSite,numberOfRobotsOnWhiteSite
24863,24,22
timeStep,numberOfRobotsOnBlackSite,numberOfRobotsOnWhiteSite
24864,24,22
timeStep,numberOfRobotsOnBlackSite,numberOfRobotsOnWhiteSite
24865,24,22
timeStep,numberOfRobotsOnBlackSite,numberOfRobotsOnWhiteSite
24866,24,22
timeStep,numberOfRobotsOnBlackSite,numberOfRobotsOnWhiteSite
24867,24,22
timeStep,numberOfRobotsOnBlackSite,numberOfRobotsOnWhiteSite
24868,24,22
timeStep,numberOfRobotsOnBlackSite,numberOfRobotsOnWhiteSite
24869,24,22
timeStep,numberOfRobotsOnBlackSite,numberOfRobotsOnWhiteSite
24870,24,22
timeStep,numberOfRobotsOnBlackSite,numberOfRobotsOnWhiteSite
24871,24,22
timeStep,numberOfRobotsOnBlackSite,numberOfRobotsOnWhiteSite
24872,24,22
timeStep,numberOfRobotsOnBlackSite,numberOfRobotsOnWhiteSite
24873,24,22
timeStep,numberOfRobotsOnBlackSite,numberOfRobotsOnWhiteSite
24874,24,22
timeStep,numberOfRobotsOnBlackSite,numberOfRobotsOnWhiteSite
24875,24,22
timeStep,numberOfRobotsOnBlackSite,numberOfRobotsOnWhiteSite
24876,24,22
timeStep,numberOfRobotsOnBlackSite,numberOfRobotsOnWhiteSite
24877,24,22
timeStep,numberOfRobotsOnBlackSite,numberOfRobotsOnWhiteSite
24878,24,22
timeStep,numberOfRobotsOnBlackSite,numberOfRobotsOnWhiteSite
24879,24,22
timeStep,numberOfRobotsOnBlackSite,numberOfRobotsOnWhiteSite
24880,24,22
timeStep,numberOfRobotsOnBlackSite,numberOfRobotsOnWhiteSite
24881,24,22
timeStep,numberOfRobotsOnBlackSite,numberOfRobotsOnWhiteSite
24882,24,22
timeStep,numberOfRobotsOnBlackSite,numberOfRobotsOnWhiteSite
24883,24,22
timeStep,numberOfRobotsOnBlackSite,numberOfRobotsOnWhiteSite
24884,24,22
timeStep,numberOfRobotsOnBlackSite,numberOfRobotsOnWhiteSite
24885,24,22
timeStep,numberOfRobotsOnBlackSite,numberOfRobotsOnWhiteSite
24886,24,22
timeStep,numberOfRobotsOnBlackSite,numberOfRobotsOnWhiteSite
24887,24,22
timeStep,numberOfRobotsOnBlackSite,numberOfRobotsOnWhiteSite
24888,24,22
timeStep,numberOfRobotsOnBlackSite,numberOfRobotsOnWhiteSite
24889,24,22
timeStep,numberOfRobotsOnBlackSite,numberOfRobotsOnWhiteSite
24890,24,22
timeStep,numberOfRobotsOnBlackSite,numberOfRobotsOnWhiteSite
24891,24,22
timeStep,numberOfRobotsOnBlackSite,numberOfRobotsOnWhiteSite
24892,24,22
timeStep,numberOfRobotsOnBlackSite,numberOfRobotsOnWhiteSite
24893,24,22
timeStep,numberOfRobotsOnBlackSite,numberOfRobotsOnWhiteSite
24894,24,22
timeStep,numberOfRobotsOnBlackSite,numberOfRobotsOnWhiteSite
24895,24,22
timeStep,numberOfRobotsOnBlackSite,numberOfRobotsOnWhiteSite
24896,24,22
timeStep,numberOfRobotsOnBlackSite,numberOfRobotsOnWhiteSite
24897,24,22
timeStep,numberOfRobotsOnBlackSite,numberOfRobotsOnWhiteSite
24898,24,22
timeStep,numberOfRobotsOnBlackSite,numberOfRobotsOnWhiteSite
24899,24,22
timeStep,numberOfRobotsOnBlackSite,numberOfRobotsOnWhiteSite
24900,24,22
timeStep,numberOfRobotsOnBlackSite,numberOfRobotsOnWhiteSite
24901,24,22
timeStep,numberOfRobotsOnBlackSite,numberOfRobotsOnWhiteSite
24902,24,22
timeStep,numberOfRobotsOnBlackSite,numberOfRobotsOnWhiteSite
24903,24,22
timeStep,numberOfRobotsOnBlackSite,numberOfRobotsOnWhiteSite
24904,24,22
timeStep,numberOfRobotsOnBlackSite,numberOfRobotsOnWhiteSite
24905,24,22
timeStep,numberOfRobotsOnBlackSite,numberOfRobotsOnWhiteSite
24906,24,22
timeStep,numberOfRobotsOnBlackSite,numberOfRobotsOnWhiteSite
24907,24,22
timeStep,numberOfRobotsOnBlackSite,numberOfRobotsOnWhiteSite
24908,24,22
timeStep,numberOfRobotsOnBlackSite,numberOfRobotsOnWhiteSite
24909,24,22
timeStep,numberOfRobotsOnBlackSite,numberOfRobotsOnWhiteSite
24910,24,22
timeStep,numberOfRobotsOnBlackSite,numberOfRobotsOnWhiteSite
24911,24,22
timeStep,numberOfRobotsOnBlackSite,numberOfRobotsOnWhiteSite
24912,24,22
timeStep,numberOfRobotsOnBlackSite,numberOfRobotsOnWhiteSite
24913,24,22
timeStep,numberOfRobotsOnBlackSite,numberOfRobotsOnWhiteSite
24914,24,22
timeStep,numberOfRobotsOnBlackSite,numberOfRobotsOnWhiteSite
24915,24,22
timeStep,numberOfRobotsOnBlackSite,numberOfRobotsOnWhiteSite
24916,24,22
timeStep,numberOfRobotsOnBlackSite,numberOfRobotsOnWhiteSite
24917,24,22
timeStep,numberOfRobotsOnBlackSite,numberOfRobotsOnWhiteSite
24918,24,22
timeStep,numberOfRobotsOnBlackSite,numberOfRobotsOnWhiteSite
24919,24,22
timeStep,numberOfRobotsOnBlackSite,numberOfRobotsOnWhiteSite
24920,24,22
timeStep,numberOfRobotsOnBlackSite,numberOfRobotsOnWhiteSite
24921,24,22
timeStep,numberOfRobotsOnBlackSite,numberOfRobotsOnWhiteSite
24922,24,22
timeStep,numberOfRobotsOnBlackSite,numberOfRobotsOnWhiteSite
24923,24,22
timeStep,numberOfRobotsOnBlackSite,numberOfRobotsOnWhiteSite
24924,24,22
timeStep,numberOfRobotsOnBlackSite,numberOfRobotsOnWhiteSite
24925,24,22
timeStep,numberOfRobotsOnBlackSite,numberOfRobotsOnWhiteSite
24926,24,22
timeStep,numberOfRobotsOnBlackSite,numberOfRobotsOnWhiteSite
24927,24,22
timeStep,numberOfRobotsOnBlackSite,numberOfRobotsOnWhiteSite
24928,24,22
timeStep,numberOfRobotsOnBlackSite,numberOfRobotsOnWhiteSite
24929,24,22
timeStep,numberOfRobotsOnBlackSite,numberOfRobotsOnWhiteSite
24930,24,22
timeStep,numberOfRobotsOnBlackSite,numberOfRobotsOnWhiteSite
24931,24,22
timeStep,numberOfRobotsOnBlackSite,numberOfRobotsOnWhiteSite
24932,24,22
timeStep,numberOfRobotsOnBlackSite,numberOfRobotsOnWhiteSite
24933,24,22
timeStep,numberOfRobotsOnBlackSite,numberOfRobotsOnWhiteSite
24934,24,22
timeStep,numberOfRobotsOnBlackSite,numberOfRobotsOnWhiteSite
24935,24,22
timeStep,numberOfRobotsOnBlackSite,numberOfRobotsOnWhiteSite
24936,24,22
timeStep,numberOfRobotsOnBlackSite,numberOfRobotsOnWhiteSite
24937,24,22
timeStep,numberOfRobotsOnBlackSite,numberOfRobotsOnWhiteSite
24938,24,22
timeStep,numberOfRobotsOnBlackSite,numberOfRobotsOnWhiteSite
24939,24,22
timeStep,numberOfRobotsOnBlackSite,numberOfRobotsOnWhiteSite
24940,24,22
timeStep,numberOfRobotsOnBlackSite,numberOfRobotsOnWhiteSite
24941,24,22
timeStep,numberOfRobotsOnBlackSite,numberOfRobotsOnWhiteSite
24942,24,22
timeStep,numberOfRobotsOnBlackSite,numberOfRobotsOnWhiteSite
24943,24,22
timeStep,numberOfRobotsOnBlackSite,numberOfRobotsOnWhiteSite
24944,24,22
timeStep,numberOfRobotsOnBlackSite,numberOfRobotsOnWhiteSite
24945,24,22
timeStep,numberOfRobotsOnBlackSite,numberOfRobotsOnWhiteSite
24946,24,22
timeStep,numberOfRobotsOnBlackSite,numberOfRobotsOnWhiteSite
24947,24,22
timeStep,numberOfRobotsOnBlackSite,numberOfRobotsOnWhiteSite
24948,24,22
timeStep,numberOfRobotsOnBlackSite,numberOfRobotsOnWhiteSite
24949,24,22
timeStep,numberOfRobotsOnBlackSite,numberOfRobotsOnWhiteSite
24950,24,22
timeStep,numberOfRobotsOnBlackSite,numberOfRobotsOnWhiteSite
24951,24,22
timeStep,numberOfRobotsOnBlackSite,numberOfRobotsOnWhiteSite
24952,24,22
timeStep,numberOfRobotsOnBlackSite,numberOfRobotsOnWhiteSite
24953,24,22
timeStep,numberOfRobotsOnBlackSite,numberOfRobotsOnWhiteSite
24954,24,22
timeStep,numberOfRobotsOnBlackSite,numberOfRobotsOnWhiteSite
24955,24,22
timeStep,numberOfRobotsOnBlackSite,numberOfRobotsOnWhiteSite
24956,24,22
timeStep,numberOfRobotsOnBlackSite,numberOfRobotsOnWhiteSite
24957,24,22
timeStep,numberOfRobotsOnBlackSite,numberOfRobotsOnWhiteSite
24958,24,22
timeStep,numberOfRobotsOnBlackSite,numberOfRobotsOnWhiteSite
24959,24,22
timeStep,numberOfRobotsOnBlackSite,numberOfRobotsOnWhiteSite
24960,24,22
timeStep,numberOfRobotsOnBlackSite,numberOfRobotsOnWhiteSite
24961,24,22
timeStep,numberOfRobotsOnBlackSite,numberOfRobotsOnWhiteSite
24962,24,22
timeStep,numberOfRobotsOnBlackSite,numberOfRobotsOnWhiteSite
24963,24,22
timeStep,numberOfRobotsOnBlackSite,numberOfRobotsOnWhiteSite
24964,24,22
timeStep,numberOfRobotsOnBlackSite,numberOfRobotsOnWhiteSite
24965,24,22
timeStep,numberOfRobotsOnBlackSite,numberOfRobotsOnWhiteSite
24966,24,22
timeStep,numberOfRobotsOnBlackSite,numberOfRobotsOnWhiteSite
24967,24,22
timeStep,numberOfRobotsOnBlackSite,numberOfRobotsOnWhiteSite
24968,24,22
timeStep,numberOfRobotsOnBlackSite,numberOfRobotsOnWhiteSite
24969,24,22
timeStep,numberOfRobotsOnBlackSite,numberOfRobotsOnWhiteSite
24970,24,22
timeStep,numberOfRobotsOnBlackSite,numberOfRobotsOnWhiteSite
24971,24,22
timeStep,numberOfRobotsOnBlackSite,numberOfRobotsOnWhiteSite
24972,24,22
timeStep,numberOfRobotsOnBlackSite,numberOfRobotsOnWhiteSite
24973,24,22
timeStep,numberOfRobotsOnBlackSite,numberOfRobotsOnWhiteSite
24974,24,22
timeStep,numberOfRobotsOnBlackSite,numberOfRobotsOnWhiteSite
24975,24,22
timeStep,numberOfRobotsOnBlackSite,numberOfRobotsOnWhiteSite
24976,24,22
timeStep,numberOfRobotsOnBlackSite,numberOfRobotsOnWhiteSite
24977,24,22
timeStep,numberOfRobotsOnBlackSite,numberOfRobotsOnWhiteSite
24978,24,22
timeStep,numberOfRobotsOnBlackSite,numberOfRobotsOnWhiteSite
24979,24,22
timeStep,numberOfRobotsOnBlackSite,numberOfRobotsOnWhiteSite
24980,24,22
timeStep,numberOfRobotsOnBlackSite,numberOfRobotsOnWhiteSite
24981,24,22
timeStep,numberOfRobotsOnBlackSite,numberOfRobotsOnWhiteSite
24982,24,22
timeStep,numberOfRobotsOnBlackSite,numberOfRobotsOnWhiteSite
24983,24,22
timeStep,numberOfRobotsOnBlackSite,numberOfRobotsOnWhiteSite
24984,24,22
timeStep,numberOfRobotsOnBlackSite,numberOfRobotsOnWhiteSite
24985,24,22
timeStep,numberOfRobotsOnBlackSite,numberOfRobotsOnWhiteSite
24986,24,22
timeStep,numberOfRobotsOnBlackSite,numberOfRobotsOnWhiteSite
24987,24,22
timeStep,numberOfRobotsOnBlackSite,numberOfRobotsOnWhiteSite
24988,24,22
timeStep,numberOfRobotsOnBlackSite,numberOfRobotsOnWhiteSite
24989,24,22
timeStep,numberOfRobotsOnBlackSite,numberOfRobotsOnWhiteSite
24990,24,22
timeStep,numberOfRobotsOnBlackSite,numberOfRobotsOnWhiteSite
24991,24,22
timeStep,numberOfRobotsOnBlackSite,numberOfRobotsOnWhiteSite
24992,24,22
timeStep,numberOfRobotsOnBlackSite,numberOfRobotsOnWhiteSite
24993,24,22
timeStep,numberOfRobotsOnBlackSite,numberOfRobotsOnWhiteSite
24994,24,22
timeStep,numberOfRobotsOnBlackSite,numberOfRobotsOnWhiteSite
24995,24,22
timeStep,numberOfRobotsOnBlackSite,numberOfRobotsOnWhiteSite
24996,24,22
timeStep,numberOfRobotsOnBlackSite,numberOfRobotsOnWhiteSite
24997,24,22
timeStep,numberOfRobotsOnBlackSite,numberOfRobotsOnWhiteSite
24998,24,22
timeStep,numberOfRobotsOnBlackSite,numberOfRobotsOnWhiteSite
24999,24,22
timeStep,numberOfRobotsOnBlackSite,numberOfRobotsOnWhiteSite
25000,24,22
timeStep,numberOfRobotsOnBlackSite,numberOfRobotsOnWhiteSite
25001,24,22
timeStep,numberOfRobotsOnBlackSite,numberOfRobotsOnWhiteSite
25002,24,22
timeStep,numberOfRobotsOnBlackSite,numberOfRobotsOnWhiteSite
25003,24,22
timeStep,numberOfRobotsOnBlackSite,numberOfRobotsOnWhiteSite
25004,24,22
timeStep,numberOfRobotsOnBlackSite,numberOfRobotsOnWhiteSite
25005,24,22
timeStep,numberOfRobotsOnBlackSite,numberOfRobotsOnWhiteSite
25006,24,22
timeStep,numberOfRobotsOnBlackSite,numberOfRobotsOnWhiteSite
25007,24,22
timeStep,numberOfRobotsOnBlackSite,numberOfRobotsOnWhiteSite
25008,24,22
timeStep,numberOfRobotsOnBlackSite,numberOfRobotsOnWhiteSite
25009,24,22
timeStep,numberOfRobotsOnBlackSite,numberOfRobotsOnWhiteSite
25010,24,22
timeStep,numberOfRobotsOnBlackSite,numberOfRobotsOnWhiteSite
25011,24,22
timeStep,numberOfRobotsOnBlackSite,numberOfRobotsOnWhiteSite
25012,24,22
timeStep,numberOfRobotsOnBlackSite,numberOfRobotsOnWhiteSite
25013,24,22
timeStep,numberOfRobotsOnBlackSite,numberOfRobotsOnWhiteSite
25014,24,22
timeStep,numberOfRobotsOnBlackSite,numberOfRobotsOnWhiteSite
25015,24,22
timeStep,numberOfRobotsOnBlackSite,numberOfRobotsOnWhiteSite
25016,24,22
timeStep,numberOfRobotsOnBlackSite,numberOfRobotsOnWhiteSite
25017,24,22
timeStep,numberOfRobotsOnBlackSite,numberOfRobotsOnWhiteSite
25018,24,22
timeStep,numberOfRobotsOnBlackSite,numberOfRobotsOnWhiteSite
25019,24,22
timeStep,numberOfRobotsOnBlackSite,numberOfRobotsOnWhiteSite
25020,24,22
timeStep,numberOfRobotsOnBlackSite,numberOfRobotsOnWhiteSite
25021,24,22
timeStep,numberOfRobotsOnBlackSite,numberOfRobotsOnWhiteSite
25022,24,22
timeStep,numberOfRobotsOnBlackSite,numberOfRobotsOnWhiteSite
25023,24,22
timeStep,numberOfRobotsOnBlackSite,numberOfRobotsOnWhiteSite
25024,24,22
timeStep,numberOfRobotsOnBlackSite,numberOfRobotsOnWhiteSite
25025,24,22
timeStep,numberOfRobotsOnBlackSite,numberOfRobotsOnWhiteSite
25026,24,22
timeStep,numberOfRobotsOnBlackSite,numberOfRobotsOnWhiteSite
25027,24,22
timeStep,numberOfRobotsOnBlackSite,numberOfRobotsOnWhiteSite
25028,24,22
timeStep,numberOfRobotsOnBlackSite,numberOfRobotsOnWhiteSite
25029,24,22
timeStep,numberOfRobotsOnBlackSite,numberOfRobotsOnWhiteSite
25030,24,22
timeStep,numberOfRobotsOnBlackSite,numberOfRobotsOnWhiteSite
25031,24,22
timeStep,numberOfRobotsOnBlackSite,numberOfRobotsOnWhiteSite
25032,24,22
timeStep,numberOfRobotsOnBlackSite,numberOfRobotsOnWhiteSite
25033,24,22
timeStep,numberOfRobotsOnBlackSite,numberOfRobotsOnWhiteSite
25034,24,22
timeStep,numberOfRobotsOnBlackSite,numberOfRobotsOnWhiteSite
25035,24,22
timeStep,numberOfRobotsOnBlackSite,numberOfRobotsOnWhiteSite
25036,24,22
timeStep,numberOfRobotsOnBlackSite,numberOfRobotsOnWhiteSite
25037,24,22
timeStep,numberOfRobotsOnBlackSite,numberOfRobotsOnWhiteSite
25038,24,22
timeStep,numberOfRobotsOnBlackSite,numberOfRobotsOnWhiteSite
25039,24,22
timeStep,numberOfRobotsOnBlackSite,numberOfRobotsOnWhiteSite
25040,24,22
timeStep,numberOfRobotsOnBlackSite,numberOfRobotsOnWhiteSite
25041,24,22
timeStep,numberOfRobotsOnBlackSite,numberOfRobotsOnWhiteSite
25042,24,22
timeStep,numberOfRobotsOnBlackSite,numberOfRobotsOnWhiteSite
25043,24,22
timeStep,numberOfRobotsOnBlackSite,numberOfRobotsOnWhiteSite
25044,24,22
timeStep,numberOfRobotsOnBlackSite,numberOfRobotsOnWhiteSite
25045,24,22
timeStep,numberOfRobotsOnBlackSite,numberOfRobotsOnWhiteSite
25046,24,22
timeStep,numberOfRobotsOnBlackSite,numberOfRobotsOnWhiteSite
25047,24,22
timeStep,numberOfRobotsOnBlackSite,numberOfRobotsOnWhiteSite
25048,24,22
timeStep,numberOfRobotsOnBlackSite,numberOfRobotsOnWhiteSite
25049,24,22
timeStep,numberOfRobotsOnBlackSite,numberOfRobotsOnWhiteSite
25050,24,22
timeStep,numberOfRobotsOnBlackSite,numberOfRobotsOnWhiteSite
25051,24,22
timeStep,numberOfRobotsOnBlackSite,numberOfRobotsOnWhiteSite
25052,24,22
timeStep,numberOfRobotsOnBlackSite,numberOfRobotsOnWhiteSite
25053,24,22
timeStep,numberOfRobotsOnBlackSite,numberOfRobotsOnWhiteSite
25054,24,22
timeStep,numberOfRobotsOnBlackSite,numberOfRobotsOnWhiteSite
25055,24,22
timeStep,numberOfRobotsOnBlackSite,numberOfRobotsOnWhiteSite
25056,24,22
timeStep,numberOfRobotsOnBlackSite,numberOfRobotsOnWhiteSite
25057,24,22
timeStep,numberOfRobotsOnBlackSite,numberOfRobotsOnWhiteSite
25058,24,22
timeStep,numberOfRobotsOnBlackSite,numberOfRobotsOnWhiteSite
25059,24,22
timeStep,numberOfRobotsOnBlackSite,numberOfRobotsOnWhiteSite
25060,24,22
timeStep,numberOfRobotsOnBlackSite,numberOfRobotsOnWhiteSite
25061,24,22
timeStep,numberOfRobotsOnBlackSite,numberOfRobotsOnWhiteSite
25062,24,22
timeStep,numberOfRobotsOnBlackSite,numberOfRobotsOnWhiteSite
25063,24,22
timeStep,numberOfRobotsOnBlackSite,numberOfRobotsOnWhiteSite
25064,24,22
timeStep,numberOfRobotsOnBlackSite,numberOfRobotsOnWhiteSite
25065,24,22
timeStep,numberOfRobotsOnBlackSite,numberOfRobotsOnWhiteSite
25066,24,22
timeStep,numberOfRobotsOnBlackSite,numberOfRobotsOnWhiteSite
25067,24,22
timeStep,numberOfRobotsOnBlackSite,numberOfRobotsOnWhiteSite
25068,24,22
timeStep,numberOfRobotsOnBlackSite,numberOfRobotsOnWhiteSite
25069,24,22
timeStep,numberOfRobotsOnBlackSite,numberOfRobotsOnWhiteSite
25070,24,22
timeStep,numberOfRobotsOnBlackSite,numberOfRobotsOnWhiteSite
25071,24,22
timeStep,numberOfRobotsOnBlackSite,numberOfRobotsOnWhiteSite
25072,24,22
timeStep,numberOfRobotsOnBlackSite,numberOfRobotsOnWhiteSite
25073,24,22
timeStep,numberOfRobotsOnBlackSite,numberOfRobotsOnWhiteSite
25074,24,22
timeStep,numberOfRobotsOnBlackSite,numberOfRobotsOnWhiteSite
25075,24,22
timeStep,numberOfRobotsOnBlackSite,numberOfRobotsOnWhiteSite
25076,24,22
timeStep,numberOfRobotsOnBlackSite,numberOfRobotsOnWhiteSite
25077,24,22
timeStep,numberOfRobotsOnBlackSite,numberOfRobotsOnWhiteSite
25078,24,22
timeStep,numberOfRobotsOnBlackSite,numberOfRobotsOnWhiteSite
25079,24,22
timeStep,numberOfRobotsOnBlackSite,numberOfRobotsOnWhiteSite
25080,24,22
timeStep,numberOfRobotsOnBlackSite,numberOfRobotsOnWhiteSite
25081,24,22
timeStep,numberOfRobotsOnBlackSite,numberOfRobotsOnWhiteSite
25082,24,22
timeStep,numberOfRobotsOnBlackSite,numberOfRobotsOnWhiteSite
25083,24,22
timeStep,numberOfRobotsOnBlackSite,numberOfRobotsOnWhiteSite
25084,24,22
timeStep,numberOfRobotsOnBlackSite,numberOfRobotsOnWhiteSite
25085,24,22
timeStep,numberOfRobotsOnBlackSite,numberOfRobotsOnWhiteSite
25086,24,22
timeStep,numberOfRobotsOnBlackSite,numberOfRobotsOnWhiteSite
25087,24,22
timeStep,numberOfRobotsOnBlackSite,numberOfRobotsOnWhiteSite
25088,24,22
timeStep,numberOfRobotsOnBlackSite,numberOfRobotsOnWhiteSite
25089,24,22
timeStep,numberOfRobotsOnBlackSite,numberOfRobotsOnWhiteSite
25090,24,22
timeStep,numberOfRobotsOnBlackSite,numberOfRobotsOnWhiteSite
25091,24,22
timeStep,numberOfRobotsOnBlackSite,numberOfRobotsOnWhiteSite
25092,24,22
timeStep,numberOfRobotsOnBlackSite,numberOfRobotsOnWhiteSite
25093,24,22
timeStep,numberOfRobotsOnBlackSite,numberOfRobotsOnWhiteSite
25094,24,22
timeStep,numberOfRobotsOnBlackSite,numberOfRobotsOnWhiteSite
25095,24,22
timeStep,numberOfRobotsOnBlackSite,numberOfRobotsOnWhiteSite
25096,24,22
timeStep,numberOfRobotsOnBlackSite,numberOfRobotsOnWhiteSite
25097,24,22
timeStep,numberOfRobotsOnBlackSite,numberOfRobotsOnWhiteSite
25098,24,22
timeStep,numberOfRobotsOnBlackSite,numberOfRobotsOnWhiteSite
25099,24,22
timeStep,numberOfRobotsOnBlackSite,numberOfRobotsOnWhiteSite
25100,24,22
timeStep,numberOfRobotsOnBlackSite,numberOfRobotsOnWhiteSite
25101,24,22
timeStep,numberOfRobotsOnBlackSite,numberOfRobotsOnWhiteSite
25102,24,22
timeStep,numberOfRobotsOnBlackSite,numberOfRobotsOnWhiteSite
25103,24,22
timeStep,numberOfRobotsOnBlackSite,numberOfRobotsOnWhiteSite
25104,24,22
timeStep,numberOfRobotsOnBlackSite,numberOfRobotsOnWhiteSite
25105,24,22
timeStep,numberOfRobotsOnBlackSite,numberOfRobotsOnWhiteSite
25106,24,22
timeStep,numberOfRobotsOnBlackSite,numberOfRobotsOnWhiteSite
25107,24,22
timeStep,numberOfRobotsOnBlackSite,numberOfRobotsOnWhiteSite
25108,24,22
timeStep,numberOfRobotsOnBlackSite,numberOfRobotsOnWhiteSite
25109,24,22
timeStep,numberOfRobotsOnBlackSite,numberOfRobotsOnWhiteSite
25110,24,22
timeStep,numberOfRobotsOnBlackSite,numberOfRobotsOnWhiteSite
25111,24,22
timeStep,numberOfRobotsOnBlackSite,numberOfRobotsOnWhiteSite
25112,24,22
timeStep,numberOfRobotsOnBlackSite,numberOfRobotsOnWhiteSite
25113,24,22
timeStep,numberOfRobotsOnBlackSite,numberOfRobotsOnWhiteSite
25114,24,22
timeStep,numberOfRobotsOnBlackSite,numberOfRobotsOnWhiteSite
25115,24,22
timeStep,numberOfRobotsOnBlackSite,numberOfRobotsOnWhiteSite
25116,24,22
timeStep,numberOfRobotsOnBlackSite,numberOfRobotsOnWhiteSite
25117,24,22
timeStep,numberOfRobotsOnBlackSite,numberOfRobotsOnWhiteSite
25118,24,22
timeStep,numberOfRobotsOnBlackSite,numberOfRobotsOnWhiteSite
25119,24,22
timeStep,numberOfRobotsOnBlackSite,numberOfRobotsOnWhiteSite
25120,24,22
timeStep,numberOfRobotsOnBlackSite,numberOfRobotsOnWhiteSite
25121,24,22
timeStep,numberOfRobotsOnBlackSite,numberOfRobotsOnWhiteSite
25122,24,22
timeStep,numberOfRobotsOnBlackSite,numberOfRobotsOnWhiteSite
25123,24,22
timeStep,numberOfRobotsOnBlackSite,numberOfRobotsOnWhiteSite
25124,24,22
timeStep,numberOfRobotsOnBlackSite,numberOfRobotsOnWhiteSite
25125,24,22
timeStep,numberOfRobotsOnBlackSite,numberOfRobotsOnWhiteSite
25126,24,22
timeStep,numberOfRobotsOnBlackSite,numberOfRobotsOnWhiteSite
25127,24,22
timeStep,numberOfRobotsOnBlackSite,numberOfRobotsOnWhiteSite
25128,24,22
timeStep,numberOfRobotsOnBlackSite,numberOfRobotsOnWhiteSite
25129,24,22
timeStep,numberOfRobotsOnBlackSite,numberOfRobotsOnWhiteSite
25130,24,22
timeStep,numberOfRobotsOnBlackSite,numberOfRobotsOnWhiteSite
25131,24,22
timeStep,numberOfRobotsOnBlackSite,numberOfRobotsOnWhiteSite
25132,24,22
timeStep,numberOfRobotsOnBlackSite,numberOfRobotsOnWhiteSite
25133,24,22
timeStep,numberOfRobotsOnBlackSite,numberOfRobotsOnWhiteSite
25134,24,22
timeStep,numberOfRobotsOnBlackSite,numberOfRobotsOnWhiteSite
25135,24,22
timeStep,numberOfRobotsOnBlackSite,numberOfRobotsOnWhiteSite
25136,24,22
timeStep,numberOfRobotsOnBlackSite,numberOfRobotsOnWhiteSite
25137,24,22
timeStep,numberOfRobotsOnBlackSite,numberOfRobotsOnWhiteSite
25138,24,22
timeStep,numberOfRobotsOnBlackSite,numberOfRobotsOnWhiteSite
25139,24,22
timeStep,numberOfRobotsOnBlackSite,numberOfRobotsOnWhiteSite
25140,24,22
timeStep,numberOfRobotsOnBlackSite,numberOfRobotsOnWhiteSite
25141,24,22
timeStep,numberOfRobotsOnBlackSite,numberOfRobotsOnWhiteSite
25142,24,22
timeStep,numberOfRobotsOnBlackSite,numberOfRobotsOnWhiteSite
25143,24,22
timeStep,numberOfRobotsOnBlackSite,numberOfRobotsOnWhiteSite
25144,24,22
timeStep,numberOfRobotsOnBlackSite,numberOfRobotsOnWhiteSite
25145,24,22
timeStep,numberOfRobotsOnBlackSite,numberOfRobotsOnWhiteSite
25146,24,22
timeStep,numberOfRobotsOnBlackSite,numberOfRobotsOnWhiteSite
25147,24,22
timeStep,numberOfRobotsOnBlackSite,numberOfRobotsOnWhiteSite
25148,24,22
timeStep,numberOfRobotsOnBlackSite,numberOfRobotsOnWhiteSite
25149,24,22
timeStep,numberOfRobotsOnBlackSite,numberOfRobotsOnWhiteSite
25150,24,22
timeStep,numberOfRobotsOnBlackSite,numberOfRobotsOnWhiteSite
25151,24,22
timeStep,numberOfRobotsOnBlackSite,numberOfRobotsOnWhiteSite
25152,24,22
timeStep,numberOfRobotsOnBlackSite,numberOfRobotsOnWhiteSite
25153,24,22
timeStep,numberOfRobotsOnBlackSite,numberOfRobotsOnWhiteSite
25154,24,22
timeStep,numberOfRobotsOnBlackSite,numberOfRobotsOnWhiteSite
25155,24,22
timeStep,numberOfRobotsOnBlackSite,numberOfRobotsOnWhiteSite
25156,24,22
timeStep,numberOfRobotsOnBlackSite,numberOfRobotsOnWhiteSite
25157,24,22
timeStep,numberOfRobotsOnBlackSite,numberOfRobotsOnWhiteSite
25158,24,22
timeStep,numberOfRobotsOnBlackSite,numberOfRobotsOnWhiteSite
25159,24,22
timeStep,numberOfRobotsOnBlackSite,numberOfRobotsOnWhiteSite
25160,24,22
timeStep,numberOfRobotsOnBlackSite,numberOfRobotsOnWhiteSite
25161,24,22
timeStep,numberOfRobotsOnBlackSite,numberOfRobotsOnWhiteSite
25162,24,22
timeStep,numberOfRobotsOnBlackSite,numberOfRobotsOnWhiteSite
25163,24,22
timeStep,numberOfRobotsOnBlackSite,numberOfRobotsOnWhiteSite
25164,24,22
timeStep,numberOfRobotsOnBlackSite,numberOfRobotsOnWhiteSite
25165,24,22
timeStep,numberOfRobotsOnBlackSite,numberOfRobotsOnWhiteSite
25166,24,22
timeStep,numberOfRobotsOnBlackSite,numberOfRobotsOnWhiteSite
25167,24,22
timeStep,numberOfRobotsOnBlackSite,numberOfRobotsOnWhiteSite
25168,24,22
timeStep,numberOfRobotsOnBlackSite,numberOfRobotsOnWhiteSite
25169,24,22
timeStep,numberOfRobotsOnBlackSite,numberOfRobotsOnWhiteSite
25170,24,22
timeStep,numberOfRobotsOnBlackSite,numberOfRobotsOnWhiteSite
25171,24,22
timeStep,numberOfRobotsOnBlackSite,numberOfRobotsOnWhiteSite
25172,24,22
timeStep,numberOfRobotsOnBlackSite,numberOfRobotsOnWhiteSite
25173,24,22
timeStep,numberOfRobotsOnBlackSite,numberOfRobotsOnWhiteSite
25174,24,22
timeStep,numberOfRobotsOnBlackSite,numberOfRobotsOnWhiteSite
25175,24,22
timeStep,numberOfRobotsOnBlackSite,numberOfRobotsOnWhiteSite
25176,24,22
timeStep,numberOfRobotsOnBlackSite,numberOfRobotsOnWhiteSite
25177,24,22
timeStep,numberOfRobotsOnBlackSite,numberOfRobotsOnWhiteSite
25178,24,22
timeStep,numberOfRobotsOnBlackSite,numberOfRobotsOnWhiteSite
25179,24,22
timeStep,numberOfRobotsOnBlackSite,numberOfRobotsOnWhiteSite
25180,24,22
timeStep,numberOfRobotsOnBlackSite,numberOfRobotsOnWhiteSite
25181,24,22
timeStep,numberOfRobotsOnBlackSite,numberOfRobotsOnWhiteSite
25182,24,22
timeStep,numberOfRobotsOnBlackSite,numberOfRobotsOnWhiteSite
25183,24,22
timeStep,numberOfRobotsOnBlackSite,numberOfRobotsOnWhiteSite
25184,24,22
timeStep,numberOfRobotsOnBlackSite,numberOfRobotsOnWhiteSite
25185,24,22
timeStep,numberOfRobotsOnBlackSite,numberOfRobotsOnWhiteSite
25186,24,22
timeStep,numberOfRobotsOnBlackSite,numberOfRobotsOnWhiteSite
25187,24,22
timeStep,numberOfRobotsOnBlackSite,numberOfRobotsOnWhiteSite
25188,24,22
timeStep,numberOfRobotsOnBlackSite,numberOfRobotsOnWhiteSite
25189,24,22
timeStep,numberOfRobotsOnBlackSite,numberOfRobotsOnWhiteSite
25190,24,22
timeStep,numberOfRobotsOnBlackSite,numberOfRobotsOnWhiteSite
25191,24,22
timeStep,numberOfRobotsOnBlackSite,numberOfRobotsOnWhiteSite
25192,24,22
timeStep,numberOfRobotsOnBlackSite,numberOfRobotsOnWhiteSite
25193,24,22
timeStep,numberOfRobotsOnBlackSite,numberOfRobotsOnWhiteSite
25194,24,22
timeStep,numberOfRobotsOnBlackSite,numberOfRobotsOnWhiteSite
25195,24,22
timeStep,numberOfRobotsOnBlackSite,numberOfRobotsOnWhiteSite
25196,24,22
timeStep,numberOfRobotsOnBlackSite,numberOfRobotsOnWhiteSite
25197,24,22
timeStep,numberOfRobotsOnBlackSite,numberOfRobotsOnWhiteSite
25198,24,22
timeStep,numberOfRobotsOnBlackSite,numberOfRobotsOnWhiteSite
25199,24,22
timeStep,numberOfRobotsOnBlackSite,numberOfRobotsOnWhiteSite
25200,24,22
timeStep,numberOfRobotsOnBlackSite,numberOfRobotsOnWhiteSite
25201,24,22
timeStep,numberOfRobotsOnBlackSite,numberOfRobotsOnWhiteSite
25202,24,22
timeStep,numberOfRobotsOnBlackSite,numberOfRobotsOnWhiteSite
25203,24,22
timeStep,numberOfRobotsOnBlackSite,numberOfRobotsOnWhiteSite
25204,24,22
timeStep,numberOfRobotsOnBlackSite,numberOfRobotsOnWhiteSite
25205,24,22
timeStep,numberOfRobotsOnBlackSite,numberOfRobotsOnWhiteSite
25206,24,22
timeStep,numberOfRobotsOnBlackSite,numberOfRobotsOnWhiteSite
25207,24,22
timeStep,numberOfRobotsOnBlackSite,numberOfRobotsOnWhiteSite
25208,24,22
timeStep,numberOfRobotsOnBlackSite,numberOfRobotsOnWhiteSite
25209,24,22
timeStep,numberOfRobotsOnBlackSite,numberOfRobotsOnWhiteSite
25210,24,22
timeStep,numberOfRobotsOnBlackSite,numberOfRobotsOnWhiteSite
25211,24,22
timeStep,numberOfRobotsOnBlackSite,numberOfRobotsOnWhiteSite
25212,24,22
timeStep,numberOfRobotsOnBlackSite,numberOfRobotsOnWhiteSite
25213,24,22
timeStep,numberOfRobotsOnBlackSite,numberOfRobotsOnWhiteSite
25214,24,22
timeStep,numberOfRobotsOnBlackSite,numberOfRobotsOnWhiteSite
25215,24,22
timeStep,numberOfRobotsOnBlackSite,numberOfRobotsOnWhiteSite
25216,24,22
timeStep,numberOfRobotsOnBlackSite,numberOfRobotsOnWhiteSite
25217,24,22
timeStep,numberOfRobotsOnBlackSite,numberOfRobotsOnWhiteSite
25218,24,22
timeStep,numberOfRobotsOnBlackSite,numberOfRobotsOnWhiteSite
25219,24,22
timeStep,numberOfRobotsOnBlackSite,numberOfRobotsOnWhiteSite
25220,24,22
timeStep,numberOfRobotsOnBlackSite,numberOfRobotsOnWhiteSite
25221,24,22
timeStep,numberOfRobotsOnBlackSite,numberOfRobotsOnWhiteSite
25222,24,22
timeStep,numberOfRobotsOnBlackSite,numberOfRobotsOnWhiteSite
25223,24,22
timeStep,numberOfRobotsOnBlackSite,numberOfRobotsOnWhiteSite
25224,24,22
timeStep,numberOfRobotsOnBlackSite,numberOfRobotsOnWhiteSite
25225,24,22
timeStep,numberOfRobotsOnBlackSite,numberOfRobotsOnWhiteSite
25226,24,22
timeStep,numberOfRobotsOnBlackSite,numberOfRobotsOnWhiteSite
25227,24,22
timeStep,numberOfRobotsOnBlackSite,numberOfRobotsOnWhiteSite
25228,24,22
timeStep,numberOfRobotsOnBlackSite,numberOfRobotsOnWhiteSite
25229,24,22
timeStep,numberOfRobotsOnBlackSite,numberOfRobotsOnWhiteSite
25230,24,22
timeStep,numberOfRobotsOnBlackSite,numberOfRobotsOnWhiteSite
25231,24,22
timeStep,numberOfRobotsOnBlackSite,numberOfRobotsOnWhiteSite
25232,24,22
timeStep,numberOfRobotsOnBlackSite,numberOfRobotsOnWhiteSite
25233,24,22
timeStep,numberOfRobotsOnBlackSite,numberOfRobotsOnWhiteSite
25234,24,22
timeStep,numberOfRobotsOnBlackSite,numberOfRobotsOnWhiteSite
25235,24,22
timeStep,numberOfRobotsOnBlackSite,numberOfRobotsOnWhiteSite
25236,24,22
timeStep,numberOfRobotsOnBlackSite,numberOfRobotsOnWhiteSite
25237,24,22
timeStep,numberOfRobotsOnBlackSite,numberOfRobotsOnWhiteSite
25238,24,22
timeStep,numberOfRobotsOnBlackSite,numberOfRobotsOnWhiteSite
25239,24,22
timeStep,numberOfRobotsOnBlackSite,numberOfRobotsOnWhiteSite
25240,24,22
timeStep,numberOfRobotsOnBlackSite,numberOfRobotsOnWhiteSite
25241,24,22
timeStep,numberOfRobotsOnBlackSite,numberOfRobotsOnWhiteSite
25242,24,22
timeStep,numberOfRobotsOnBlackSite,numberOfRobotsOnWhiteSite
25243,24,22
timeStep,numberOfRobotsOnBlackSite,numberOfRobotsOnWhiteSite
25244,24,22
timeStep,numberOfRobotsOnBlackSite,numberOfRobotsOnWhiteSite
25245,24,22
timeStep,numberOfRobotsOnBlackSite,numberOfRobotsOnWhiteSite
25246,24,22
timeStep,numberOfRobotsOnBlackSite,numberOfRobotsOnWhiteSite
25247,24,22
timeStep,numberOfRobotsOnBlackSite,numberOfRobotsOnWhiteSite
25248,24,22
timeStep,numberOfRobotsOnBlackSite,numberOfRobotsOnWhiteSite
25249,24,22
timeStep,numberOfRobotsOnBlackSite,numberOfRobotsOnWhiteSite
25250,24,22
timeStep,numberOfRobotsOnBlackSite,numberOfRobotsOnWhiteSite
25251,24,22
timeStep,numberOfRobotsOnBlackSite,numberOfRobotsOnWhiteSite
25252,24,22
timeStep,numberOfRobotsOnBlackSite,numberOfRobotsOnWhiteSite
25253,24,22
timeStep,numberOfRobotsOnBlackSite,numberOfRobotsOnWhiteSite
25254,24,22
timeStep,numberOfRobotsOnBlackSite,numberOfRobotsOnWhiteSite
25255,24,22
timeStep,numberOfRobotsOnBlackSite,numberOfRobotsOnWhiteSite
25256,24,22
timeStep,numberOfRobotsOnBlackSite,numberOfRobotsOnWhiteSite
25257,24,22
timeStep,numberOfRobotsOnBlackSite,numberOfRobotsOnWhiteSite
25258,24,22
timeStep,numberOfRobotsOnBlackSite,numberOfRobotsOnWhiteSite
25259,24,22
timeStep,numberOfRobotsOnBlackSite,numberOfRobotsOnWhiteSite
25260,24,22
timeStep,numberOfRobotsOnBlackSite,numberOfRobotsOnWhiteSite
25261,24,22
timeStep,numberOfRobotsOnBlackSite,numberOfRobotsOnWhiteSite
25262,24,22
timeStep,numberOfRobotsOnBlackSite,numberOfRobotsOnWhiteSite
25263,24,22
timeStep,numberOfRobotsOnBlackSite,numberOfRobotsOnWhiteSite
25264,24,22
timeStep,numberOfRobotsOnBlackSite,numberOfRobotsOnWhiteSite
25265,24,22
timeStep,numberOfRobotsOnBlackSite,numberOfRobotsOnWhiteSite
25266,24,22
timeStep,numberOfRobotsOnBlackSite,numberOfRobotsOnWhiteSite
25267,24,22
timeStep,numberOfRobotsOnBlackSite,numberOfRobotsOnWhiteSite
25268,24,22
timeStep,numberOfRobotsOnBlackSite,numberOfRobotsOnWhiteSite
25269,24,22
timeStep,numberOfRobotsOnBlackSite,numberOfRobotsOnWhiteSite
25270,24,22
timeStep,numberOfRobotsOnBlackSite,numberOfRobotsOnWhiteSite
25271,24,22
timeStep,numberOfRobotsOnBlackSite,numberOfRobotsOnWhiteSite
25272,24,22
timeStep,numberOfRobotsOnBlackSite,numberOfRobotsOnWhiteSite
25273,24,22
timeStep,numberOfRobotsOnBlackSite,numberOfRobotsOnWhiteSite
25274,24,22
timeStep,numberOfRobotsOnBlackSite,numberOfRobotsOnWhiteSite
25275,24,22
timeStep,numberOfRobotsOnBlackSite,numberOfRobotsOnWhiteSite
25276,24,22
timeStep,numberOfRobotsOnBlackSite,numberOfRobotsOnWhiteSite
25277,24,22
timeStep,numberOfRobotsOnBlackSite,numberOfRobotsOnWhiteSite
25278,24,22
timeStep,numberOfRobotsOnBlackSite,numberOfRobotsOnWhiteSite
25279,24,22
timeStep,numberOfRobotsOnBlackSite,numberOfRobotsOnWhiteSite
25280,24,22
timeStep,numberOfRobotsOnBlackSite,numberOfRobotsOnWhiteSite
25281,24,22
timeStep,numberOfRobotsOnBlackSite,numberOfRobotsOnWhiteSite
25282,24,22
timeStep,numberOfRobotsOnBlackSite,numberOfRobotsOnWhiteSite
25283,24,22
timeStep,numberOfRobotsOnBlackSite,numberOfRobotsOnWhiteSite
25284,24,22
timeStep,numberOfRobotsOnBlackSite,numberOfRobotsOnWhiteSite
25285,24,22
timeStep,numberOfRobotsOnBlackSite,numberOfRobotsOnWhiteSite
25286,24,22
timeStep,numberOfRobotsOnBlackSite,numberOfRobotsOnWhiteSite
25287,24,22
timeStep,numberOfRobotsOnBlackSite,numberOfRobotsOnWhiteSite
25288,24,22
timeStep,numberOfRobotsOnBlackSite,numberOfRobotsOnWhiteSite
25289,24,22
timeStep,numberOfRobotsOnBlackSite,numberOfRobotsOnWhiteSite
25290,24,22
timeStep,numberOfRobotsOnBlackSite,numberOfRobotsOnWhiteSite
25291,24,22
timeStep,numberOfRobotsOnBlackSite,numberOfRobotsOnWhiteSite
25292,24,22
timeStep,numberOfRobotsOnBlackSite,numberOfRobotsOnWhiteSite
25293,24,22
timeStep,numberOfRobotsOnBlackSite,numberOfRobotsOnWhiteSite
25294,24,22
timeStep,numberOfRobotsOnBlackSite,numberOfRobotsOnWhiteSite
25295,24,22
timeStep,numberOfRobotsOnBlackSite,numberOfRobotsOnWhiteSite
25296,24,22
timeStep,numberOfRobotsOnBlackSite,numberOfRobotsOnWhiteSite
25297,24,22
timeStep,numberOfRobotsOnBlackSite,numberOfRobotsOnWhiteSite
25298,24,22
timeStep,numberOfRobotsOnBlackSite,numberOfRobotsOnWhiteSite
25299,24,22
timeStep,numberOfRobotsOnBlackSite,numberOfRobotsOnWhiteSite
25300,24,22
timeStep,numberOfRobotsOnBlackSite,numberOfRobotsOnWhiteSite
25301,24,22
timeStep,numberOfRobotsOnBlackSite,numberOfRobotsOnWhiteSite
25302,24,22
timeStep,numberOfRobotsOnBlackSite,numberOfRobotsOnWhiteSite
25303,24,22
timeStep,numberOfRobotsOnBlackSite,numberOfRobotsOnWhiteSite
25304,24,22
timeStep,numberOfRobotsOnBlackSite,numberOfRobotsOnWhiteSite
25305,24,22
timeStep,numberOfRobotsOnBlackSite,numberOfRobotsOnWhiteSite
25306,24,22
timeStep,numberOfRobotsOnBlackSite,numberOfRobotsOnWhiteSite
25307,24,22
timeStep,numberOfRobotsOnBlackSite,numberOfRobotsOnWhiteSite
25308,24,22
timeStep,numberOfRobotsOnBlackSite,numberOfRobotsOnWhiteSite
25309,24,22
timeStep,numberOfRobotsOnBlackSite,numberOfRobotsOnWhiteSite
25310,24,22
timeStep,numberOfRobotsOnBlackSite,numberOfRobotsOnWhiteSite
25311,24,22
timeStep,numberOfRobotsOnBlackSite,numberOfRobotsOnWhiteSite
25312,24,22
timeStep,numberOfRobotsOnBlackSite,numberOfRobotsOnWhiteSite
25313,24,22
timeStep,numberOfRobotsOnBlackSite,numberOfRobotsOnWhiteSite
25314,24,22
timeStep,numberOfRobotsOnBlackSite,numberOfRobotsOnWhiteSite
25315,24,22
timeStep,numberOfRobotsOnBlackSite,numberOfRobotsOnWhiteSite
25316,24,22
timeStep,numberOfRobotsOnBlackSite,numberOfRobotsOnWhiteSite
25317,24,22
timeStep,numberOfRobotsOnBlackSite,numberOfRobotsOnWhiteSite
25318,24,22
timeStep,numberOfRobotsOnBlackSite,numberOfRobotsOnWhiteSite
25319,24,22
timeStep,numberOfRobotsOnBlackSite,numberOfRobotsOnWhiteSite
25320,24,22
timeStep,numberOfRobotsOnBlackSite,numberOfRobotsOnWhiteSite
25321,24,22
timeStep,numberOfRobotsOnBlackSite,numberOfRobotsOnWhiteSite
25322,24,22
timeStep,numberOfRobotsOnBlackSite,numberOfRobotsOnWhiteSite
25323,24,22
timeStep,numberOfRobotsOnBlackSite,numberOfRobotsOnWhiteSite
25324,24,22
timeStep,numberOfRobotsOnBlackSite,numberOfRobotsOnWhiteSite
25325,24,22
timeStep,numberOfRobotsOnBlackSite,numberOfRobotsOnWhiteSite
25326,24,22
timeStep,numberOfRobotsOnBlackSite,numberOfRobotsOnWhiteSite
25327,24,22
timeStep,numberOfRobotsOnBlackSite,numberOfRobotsOnWhiteSite
25328,24,22
timeStep,numberOfRobotsOnBlackSite,numberOfRobotsOnWhiteSite
25329,24,22
timeStep,numberOfRobotsOnBlackSite,numberOfRobotsOnWhiteSite
25330,24,22
timeStep,numberOfRobotsOnBlackSite,numberOfRobotsOnWhiteSite
25331,24,22
timeStep,numberOfRobotsOnBlackSite,numberOfRobotsOnWhiteSite
25332,24,22
timeStep,numberOfRobotsOnBlackSite,numberOfRobotsOnWhiteSite
25333,24,22
timeStep,numberOfRobotsOnBlackSite,numberOfRobotsOnWhiteSite
25334,24,22
timeStep,numberOfRobotsOnBlackSite,numberOfRobotsOnWhiteSite
25335,24,22
timeStep,numberOfRobotsOnBlackSite,numberOfRobotsOnWhiteSite
25336,24,22
timeStep,numberOfRobotsOnBlackSite,numberOfRobotsOnWhiteSite
25337,24,22
timeStep,numberOfRobotsOnBlackSite,numberOfRobotsOnWhiteSite
25338,24,22
timeStep,numberOfRobotsOnBlackSite,numberOfRobotsOnWhiteSite
25339,24,22
timeStep,numberOfRobotsOnBlackSite,numberOfRobotsOnWhiteSite
25340,24,22
timeStep,numberOfRobotsOnBlackSite,numberOfRobotsOnWhiteSite
25341,24,22
timeStep,numberOfRobotsOnBlackSite,numberOfRobotsOnWhiteSite
25342,24,22
timeStep,numberOfRobotsOnBlackSite,numberOfRobotsOnWhiteSite
25343,24,22
timeStep,numberOfRobotsOnBlackSite,numberOfRobotsOnWhiteSite
25344,24,22
timeStep,numberOfRobotsOnBlackSite,numberOfRobotsOnWhiteSite
25345,24,22
timeStep,numberOfRobotsOnBlackSite,numberOfRobotsOnWhiteSite
25346,24,22
timeStep,numberOfRobotsOnBlackSite,numberOfRobotsOnWhiteSite
25347,24,22
timeStep,numberOfRobotsOnBlackSite,numberOfRobotsOnWhiteSite
25348,24,22
timeStep,numberOfRobotsOnBlackSite,numberOfRobotsOnWhiteSite
25349,24,22
timeStep,numberOfRobotsOnBlackSite,numberOfRobotsOnWhiteSite
25350,24,22
timeStep,numberOfRobotsOnBlackSite,numberOfRobotsOnWhiteSite
25351,24,22
timeStep,numberOfRobotsOnBlackSite,numberOfRobotsOnWhiteSite
25352,24,22
timeStep,numberOfRobotsOnBlackSite,numberOfRobotsOnWhiteSite
25353,24,22
timeStep,numberOfRobotsOnBlackSite,numberOfRobotsOnWhiteSite
25354,24,22
timeStep,numberOfRobotsOnBlackSite,numberOfRobotsOnWhiteSite
25355,24,22
timeStep,numberOfRobotsOnBlackSite,numberOfRobotsOnWhiteSite
25356,24,22
timeStep,numberOfRobotsOnBlackSite,numberOfRobotsOnWhiteSite
25357,24,22
timeStep,numberOfRobotsOnBlackSite,numberOfRobotsOnWhiteSite
25358,24,22
timeStep,numberOfRobotsOnBlackSite,numberOfRobotsOnWhiteSite
25359,24,22
timeStep,numberOfRobotsOnBlackSite,numberOfRobotsOnWhiteSite
25360,24,22
timeStep,numberOfRobotsOnBlackSite,numberOfRobotsOnWhiteSite
25361,24,22
timeStep,numberOfRobotsOnBlackSite,numberOfRobotsOnWhiteSite
25362,24,22
timeStep,numberOfRobotsOnBlackSite,numberOfRobotsOnWhiteSite
25363,24,22
timeStep,numberOfRobotsOnBlackSite,numberOfRobotsOnWhiteSite
25364,24,22
timeStep,numberOfRobotsOnBlackSite,numberOfRobotsOnWhiteSite
25365,24,22
timeStep,numberOfRobotsOnBlackSite,numberOfRobotsOnWhiteSite
25366,24,22
timeStep,numberOfRobotsOnBlackSite,numberOfRobotsOnWhiteSite
25367,24,22
timeStep,numberOfRobotsOnBlackSite,numberOfRobotsOnWhiteSite
25368,24,22
timeStep,numberOfRobotsOnBlackSite,numberOfRobotsOnWhiteSite
25369,24,22
timeStep,numberOfRobotsOnBlackSite,numberOfRobotsOnWhiteSite
25370,24,22
timeStep,numberOfRobotsOnBlackSite,numberOfRobotsOnWhiteSite
25371,24,22
timeStep,numberOfRobotsOnBlackSite,numberOfRobotsOnWhiteSite
25372,24,22
timeStep,numberOfRobotsOnBlackSite,numberOfRobotsOnWhiteSite
25373,24,22
timeStep,numberOfRobotsOnBlackSite,numberOfRobotsOnWhiteSite
25374,24,22
timeStep,numberOfRobotsOnBlackSite,numberOfRobotsOnWhiteSite
25375,24,22
timeStep,numberOfRobotsOnBlackSite,numberOfRobotsOnWhiteSite
25376,24,22
timeStep,numberOfRobotsOnBlackSite,numberOfRobotsOnWhiteSite
25377,24,22
timeStep,numberOfRobotsOnBlackSite,numberOfRobotsOnWhiteSite
25378,24,22
timeStep,numberOfRobotsOnBlackSite,numberOfRobotsOnWhiteSite
25379,24,22
timeStep,numberOfRobotsOnBlackSite,numberOfRobotsOnWhiteSite
25380,24,22
timeStep,numberOfRobotsOnBlackSite,numberOfRobotsOnWhiteSite
25381,24,22
timeStep,numberOfRobotsOnBlackSite,numberOfRobotsOnWhiteSite
25382,24,22
timeStep,numberOfRobotsOnBlackSite,numberOfRobotsOnWhiteSite
25383,24,22
timeStep,numberOfRobotsOnBlackSite,numberOfRobotsOnWhiteSite
25384,24,22
timeStep,numberOfRobotsOnBlackSite,numberOfRobotsOnWhiteSite
25385,23,22
timeStep,numberOfRobotsOnBlackSite,numberOfRobotsOnWhiteSite
25386,23,22
timeStep,numberOfRobotsOnBlackSite,numberOfRobotsOnWhiteSite
25387,23,22
timeStep,numberOfRobotsOnBlackSite,numberOfRobotsOnWhiteSite
25388,23,22
timeStep,numberOfRobotsOnBlackSite,numberOfRobotsOnWhiteSite
25389,23,22
timeStep,numberOfRobotsOnBlackSite,numberOfRobotsOnWhiteSite
25390,23,22
timeStep,numberOfRobotsOnBlackSite,numberOfRobotsOnWhiteSite
25391,23,22
timeStep,numberOfRobotsOnBlackSite,numberOfRobotsOnWhiteSite
25392,23,22
timeStep,numberOfRobotsOnBlackSite,numberOfRobotsOnWhiteSite
25393,23,22
timeStep,numberOfRobotsOnBlackSite,numberOfRobotsOnWhiteSite
25394,23,22
timeStep,numberOfRobotsOnBlackSite,numberOfRobotsOnWhiteSite
25395,23,22
timeStep,numberOfRobotsOnBlackSite,numberOfRobotsOnWhiteSite
25396,23,22
timeStep,numberOfRobotsOnBlackSite,numberOfRobotsOnWhiteSite
25397,23,22
timeStep,numberOfRobotsOnBlackSite,numberOfRobotsOnWhiteSite
25398,23,22
timeStep,numberOfRobotsOnBlackSite,numberOfRobotsOnWhiteSite
25399,23,22
timeStep,numberOfRobotsOnBlackSite,numberOfRobotsOnWhiteSite
25400,24,22
timeStep,numberOfRobotsOnBlackSite,numberOfRobotsOnWhiteSite
25401,24,22
timeStep,numberOfRobotsOnBlackSite,numberOfRobotsOnWhiteSite
25402,24,22
timeStep,numberOfRobotsOnBlackSite,numberOfRobotsOnWhiteSite
25403,24,22
timeStep,numberOfRobotsOnBlackSite,numberOfRobotsOnWhiteSite
25404,24,22
timeStep,numberOfRobotsOnBlackSite,numberOfRobotsOnWhiteSite
25405,24,22
timeStep,numberOfRobotsOnBlackSite,numberOfRobotsOnWhiteSite
25406,24,22
timeStep,numberOfRobotsOnBlackSite,numberOfRobotsOnWhiteSite
25407,24,22
timeStep,numberOfRobotsOnBlackSite,numberOfRobotsOnWhiteSite
25408,24,22
timeStep,numberOfRobotsOnBlackSite,numberOfRobotsOnWhiteSite
25409,24,22
timeStep,numberOfRobotsOnBlackSite,numberOfRobotsOnWhiteSite
25410,24,22
timeStep,numberOfRobotsOnBlackSite,numberOfRobotsOnWhiteSite
25411,24,22
timeStep,numberOfRobotsOnBlackSite,numberOfRobotsOnWhiteSite
25412,24,22
timeStep,numberOfRobotsOnBlackSite,numberOfRobotsOnWhiteSite
25413,24,22
timeStep,numberOfRobotsOnBlackSite,numberOfRobotsOnWhiteSite
25414,24,22
timeStep,numberOfRobotsOnBlackSite,numberOfRobotsOnWhiteSite
25415,24,22
timeStep,numberOfRobotsOnBlackSite,numberOfRobotsOnWhiteSite
25416,24,22
timeStep,numberOfRobotsOnBlackSite,numberOfRobotsOnWhiteSite
25417,24,22
timeStep,numberOfRobotsOnBlackSite,numberOfRobotsOnWhiteSite
25418,24,22
timeStep,numberOfRobotsOnBlackSite,numberOfRobotsOnWhiteSite
25419,24,22
timeStep,numberOfRobotsOnBlackSite,numberOfRobotsOnWhiteSite
25420,24,22
timeStep,numberOfRobotsOnBlackSite,numberOfRobotsOnWhiteSite
25421,24,22
timeStep,numberOfRobotsOnBlackSite,numberOfRobotsOnWhiteSite
25422,24,22
timeStep,numberOfRobotsOnBlackSite,numberOfRobotsOnWhiteSite
25423,24,22
timeStep,numberOfRobotsOnBlackSite,numberOfRobotsOnWhiteSite
25424,24,22
timeStep,numberOfRobotsOnBlackSite,numberOfRobotsOnWhiteSite
25425,24,22
timeStep,numberOfRobotsOnBlackSite,numberOfRobotsOnWhiteSite
25426,24,22
timeStep,numberOfRobotsOnBlackSite,numberOfRobotsOnWhiteSite
25427,24,22
timeStep,numberOfRobotsOnBlackSite,numberOfRobotsOnWhiteSite
25428,24,22
timeStep,numberOfRobotsOnBlackSite,numberOfRobotsOnWhiteSite
25429,24,22
timeStep,numberOfRobotsOnBlackSite,numberOfRobotsOnWhiteSite
25430,24,22
timeStep,numberOfRobotsOnBlackSite,numberOfRobotsOnWhiteSite
25431,24,22
timeStep,numberOfRobotsOnBlackSite,numberOfRobotsOnWhiteSite
25432,24,22
timeStep,numberOfRobotsOnBlackSite,numberOfRobotsOnWhiteSite
25433,24,22
timeStep,numberOfRobotsOnBlackSite,numberOfRobotsOnWhiteSite
25434,24,22
timeStep,numberOfRobotsOnBlackSite,numberOfRobotsOnWhiteSite
25435,24,22
timeStep,numberOfRobotsOnBlackSite,numberOfRobotsOnWhiteSite
25436,24,22
timeStep,numberOfRobotsOnBlackSite,numberOfRobotsOnWhiteSite
25437,24,22
timeStep,numberOfRobotsOnBlackSite,numberOfRobotsOnWhiteSite
25438,24,22
timeStep,numberOfRobotsOnBlackSite,numberOfRobotsOnWhiteSite
25439,24,22
timeStep,numberOfRobotsOnBlackSite,numberOfRobotsOnWhiteSite
25440,24,22
timeStep,numberOfRobotsOnBlackSite,numberOfRobotsOnWhiteSite
25441,24,22
timeStep,numberOfRobotsOnBlackSite,numberOfRobotsOnWhiteSite
25442,24,22
timeStep,numberOfRobotsOnBlackSite,numberOfRobotsOnWhiteSite
25443,24,22
timeStep,numberOfRobotsOnBlackSite,numberOfRobotsOnWhiteSite
25444,24,22
timeStep,numberOfRobotsOnBlackSite,numberOfRobotsOnWhiteSite
25445,24,22
timeStep,numberOfRobotsOnBlackSite,numberOfRobotsOnWhiteSite
25446,24,22
timeStep,numberOfRobotsOnBlackSite,numberOfRobotsOnWhiteSite
25447,24,22
timeStep,numberOfRobotsOnBlackSite,numberOfRobotsOnWhiteSite
25448,24,22
timeStep,numberOfRobotsOnBlackSite,numberOfRobotsOnWhiteSite
25449,24,22
timeStep,numberOfRobotsOnBlackSite,numberOfRobotsOnWhiteSite
25450,24,22
timeStep,numberOfRobotsOnBlackSite,numberOfRobotsOnWhiteSite
25451,24,22
timeStep,numberOfRobotsOnBlackSite,numberOfRobotsOnWhiteSite
25452,24,22
timeStep,numberOfRobotsOnBlackSite,numberOfRobotsOnWhiteSite
25453,24,22
timeStep,numberOfRobotsOnBlackSite,numberOfRobotsOnWhiteSite
25454,24,22
timeStep,numberOfRobotsOnBlackSite,numberOfRobotsOnWhiteSite
25455,24,22
timeStep,numberOfRobotsOnBlackSite,numberOfRobotsOnWhiteSite
25456,24,22
timeStep,numberOfRobotsOnBlackSite,numberOfRobotsOnWhiteSite
25457,24,22
timeStep,numberOfRobotsOnBlackSite,numberOfRobotsOnWhiteSite
25458,24,22
timeStep,numberOfRobotsOnBlackSite,numberOfRobotsOnWhiteSite
25459,24,22
timeStep,numberOfRobotsOnBlackSite,numberOfRobotsOnWhiteSite
25460,24,22
timeStep,numberOfRobotsOnBlackSite,numberOfRobotsOnWhiteSite
25461,24,22
timeStep,numberOfRobotsOnBlackSite,numberOfRobotsOnWhiteSite
25462,24,22
timeStep,numberOfRobotsOnBlackSite,numberOfRobotsOnWhiteSite
25463,24,22
timeStep,numberOfRobotsOnBlackSite,numberOfRobotsOnWhiteSite
25464,24,22
timeStep,numberOfRobotsOnBlackSite,numberOfRobotsOnWhiteSite
25465,24,22
timeStep,numberOfRobotsOnBlackSite,numberOfRobotsOnWhiteSite
25466,24,22
timeStep,numberOfRobotsOnBlackSite,numberOfRobotsOnWhiteSite
25467,24,22
timeStep,numberOfRobotsOnBlackSite,numberOfRobotsOnWhiteSite
25468,24,22
timeStep,numberOfRobotsOnBlackSite,numberOfRobotsOnWhiteSite
25469,24,22
timeStep,numberOfRobotsOnBlackSite,numberOfRobotsOnWhiteSite
25470,24,22
timeStep,numberOfRobotsOnBlackSite,numberOfRobotsOnWhiteSite
25471,24,22
timeStep,numberOfRobotsOnBlackSite,numberOfRobotsOnWhiteSite
25472,24,22
timeStep,numberOfRobotsOnBlackSite,numberOfRobotsOnWhiteSite
25473,24,22
timeStep,numberOfRobotsOnBlackSite,numberOfRobotsOnWhiteSite
25474,24,22
timeStep,numberOfRobotsOnBlackSite,numberOfRobotsOnWhiteSite
25475,24,22
timeStep,numberOfRobotsOnBlackSite,numberOfRobotsOnWhiteSite
25476,24,22
timeStep,numberOfRobotsOnBlackSite,numberOfRobotsOnWhiteSite
25477,24,22
timeStep,numberOfRobotsOnBlackSite,numberOfRobotsOnWhiteSite
25478,24,22
timeStep,numberOfRobotsOnBlackSite,numberOfRobotsOnWhiteSite
25479,24,22
timeStep,numberOfRobotsOnBlackSite,numberOfRobotsOnWhiteSite
25480,24,22
timeStep,numberOfRobotsOnBlackSite,numberOfRobotsOnWhiteSite
25481,24,22
timeStep,numberOfRobotsOnBlackSite,numberOfRobotsOnWhiteSite
25482,24,22
timeStep,numberOfRobotsOnBlackSite,numberOfRobotsOnWhiteSite
25483,24,22
timeStep,numberOfRobotsOnBlackSite,numberOfRobotsOnWhiteSite
25484,24,22
timeStep,numberOfRobotsOnBlackSite,numberOfRobotsOnWhiteSite
25485,24,22
timeStep,numberOfRobotsOnBlackSite,numberOfRobotsOnWhiteSite
25486,24,22
timeStep,numberOfRobotsOnBlackSite,numberOfRobotsOnWhiteSite
25487,24,22
timeStep,numberOfRobotsOnBlackSite,numberOfRobotsOnWhiteSite
25488,24,22
timeStep,numberOfRobotsOnBlackSite,numberOfRobotsOnWhiteSite
25489,24,22
timeStep,numberOfRobotsOnBlackSite,numberOfRobotsOnWhiteSite
25490,24,22
timeStep,numberOfRobotsOnBlackSite,numberOfRobotsOnWhiteSite
25491,24,22
timeStep,numberOfRobotsOnBlackSite,numberOfRobotsOnWhiteSite
25492,24,22
timeStep,numberOfRobotsOnBlackSite,numberOfRobotsOnWhiteSite
25493,24,22
timeStep,numberOfRobotsOnBlackSite,numberOfRobotsOnWhiteSite
25494,24,22
timeStep,numberOfRobotsOnBlackSite,numberOfRobotsOnWhiteSite
25495,24,22
timeStep,numberOfRobotsOnBlackSite,numberOfRobotsOnWhiteSite
25496,24,22
timeStep,numberOfRobotsOnBlackSite,numberOfRobotsOnWhiteSite
25497,24,22
timeStep,numberOfRobotsOnBlackSite,numberOfRobotsOnWhiteSite
25498,24,22
timeStep,numberOfRobotsOnBlackSite,numberOfRobotsOnWhiteSite
25499,24,22
timeStep,numberOfRobotsOnBlackSite,numberOfRobotsOnWhiteSite
25500,24,22
timeStep,numberOfRobotsOnBlackSite,numberOfRobotsOnWhiteSite
25501,24,22
timeStep,numberOfRobotsOnBlackSite,numberOfRobotsOnWhiteSite
25502,24,22
timeStep,numberOfRobotsOnBlackSite,numberOfRobotsOnWhiteSite
25503,24,22
timeStep,numberOfRobotsOnBlackSite,numberOfRobotsOnWhiteSite
25504,24,22
timeStep,numberOfRobotsOnBlackSite,numberOfRobotsOnWhiteSite
25505,24,22
timeStep,numberOfRobotsOnBlackSite,numberOfRobotsOnWhiteSite
25506,24,22
timeStep,numberOfRobotsOnBlackSite,numberOfRobotsOnWhiteSite
25507,24,22
timeStep,numberOfRobotsOnBlackSite,numberOfRobotsOnWhiteSite
25508,24,22
timeStep,numberOfRobotsOnBlackSite,numberOfRobotsOnWhiteSite
25509,24,22
timeStep,numberOfRobotsOnBlackSite,numberOfRobotsOnWhiteSite
25510,24,22
timeStep,numberOfRobotsOnBlackSite,numberOfRobotsOnWhiteSite
25511,24,22
timeStep,numberOfRobotsOnBlackSite,numberOfRobotsOnWhiteSite
25512,24,22
timeStep,numberOfRobotsOnBlackSite,numberOfRobotsOnWhiteSite
25513,24,22
timeStep,numberOfRobotsOnBlackSite,numberOfRobotsOnWhiteSite
25514,24,22
timeStep,numberOfRobotsOnBlackSite,numberOfRobotsOnWhiteSite
25515,24,22
timeStep,numberOfRobotsOnBlackSite,numberOfRobotsOnWhiteSite
25516,24,22
timeStep,numberOfRobotsOnBlackSite,numberOfRobotsOnWhiteSite
25517,24,22
timeStep,numberOfRobotsOnBlackSite,numberOfRobotsOnWhiteSite
25518,24,22
timeStep,numberOfRobotsOnBlackSite,numberOfRobotsOnWhiteSite
25519,24,22
timeStep,numberOfRobotsOnBlackSite,numberOfRobotsOnWhiteSite
25520,24,22
timeStep,numberOfRobotsOnBlackSite,numberOfRobotsOnWhiteSite
25521,24,22
timeStep,numberOfRobotsOnBlackSite,numberOfRobotsOnWhiteSite
25522,24,22
timeStep,numberOfRobotsOnBlackSite,numberOfRobotsOnWhiteSite
25523,24,22
timeStep,numberOfRobotsOnBlackSite,numberOfRobotsOnWhiteSite
25524,24,22
timeStep,numberOfRobotsOnBlackSite,numberOfRobotsOnWhiteSite
25525,24,22
timeStep,numberOfRobotsOnBlackSite,numberOfRobotsOnWhiteSite
25526,24,22
timeStep,numberOfRobotsOnBlackSite,numberOfRobotsOnWhiteSite
25527,24,22
timeStep,numberOfRobotsOnBlackSite,numberOfRobotsOnWhiteSite
25528,24,22
timeStep,numberOfRobotsOnBlackSite,numberOfRobotsOnWhiteSite
25529,24,22
timeStep,numberOfRobotsOnBlackSite,numberOfRobotsOnWhiteSite
25530,24,22
timeStep,numberOfRobotsOnBlackSite,numberOfRobotsOnWhiteSite
25531,24,22
timeStep,numberOfRobotsOnBlackSite,numberOfRobotsOnWhiteSite
25532,24,22
timeStep,numberOfRobotsOnBlackSite,numberOfRobotsOnWhiteSite
25533,24,22
timeStep,numberOfRobotsOnBlackSite,numberOfRobotsOnWhiteSite
25534,24,22
timeStep,numberOfRobotsOnBlackSite,numberOfRobotsOnWhiteSite
25535,24,22
timeStep,numberOfRobotsOnBlackSite,numberOfRobotsOnWhiteSite
25536,24,22
timeStep,numberOfRobotsOnBlackSite,numberOfRobotsOnWhiteSite
25537,24,22
timeStep,numberOfRobotsOnBlackSite,numberOfRobotsOnWhiteSite
25538,24,22
timeStep,numberOfRobotsOnBlackSite,numberOfRobotsOnWhiteSite
25539,24,22
timeStep,numberOfRobotsOnBlackSite,numberOfRobotsOnWhiteSite
25540,24,22
timeStep,numberOfRobotsOnBlackSite,numberOfRobotsOnWhiteSite
25541,24,22
timeStep,numberOfRobotsOnBlackSite,numberOfRobotsOnWhiteSite
25542,24,22
timeStep,numberOfRobotsOnBlackSite,numberOfRobotsOnWhiteSite
25543,24,22
timeStep,numberOfRobotsOnBlackSite,numberOfRobotsOnWhiteSite
25544,24,22
timeStep,numberOfRobotsOnBlackSite,numberOfRobotsOnWhiteSite
25545,24,22
timeStep,numberOfRobotsOnBlackSite,numberOfRobotsOnWhiteSite
25546,24,22
timeStep,numberOfRobotsOnBlackSite,numberOfRobotsOnWhiteSite
25547,24,22
timeStep,numberOfRobotsOnBlackSite,numberOfRobotsOnWhiteSite
25548,24,22
timeStep,numberOfRobotsOnBlackSite,numberOfRobotsOnWhiteSite
25549,24,22
timeStep,numberOfRobotsOnBlackSite,numberOfRobotsOnWhiteSite
25550,24,22
timeStep,numberOfRobotsOnBlackSite,numberOfRobotsOnWhiteSite
25551,24,22
timeStep,numberOfRobotsOnBlackSite,numberOfRobotsOnWhiteSite
25552,24,22
timeStep,numberOfRobotsOnBlackSite,numberOfRobotsOnWhiteSite
25553,24,22
timeStep,numberOfRobotsOnBlackSite,numberOfRobotsOnWhiteSite
25554,24,22
timeStep,numberOfRobotsOnBlackSite,numberOfRobotsOnWhiteSite
25555,24,22
timeStep,numberOfRobotsOnBlackSite,numberOfRobotsOnWhiteSite
25556,24,22
timeStep,numberOfRobotsOnBlackSite,numberOfRobotsOnWhiteSite
25557,24,22
timeStep,numberOfRobotsOnBlackSite,numberOfRobotsOnWhiteSite
25558,24,22
timeStep,numberOfRobotsOnBlackSite,numberOfRobotsOnWhiteSite
25559,24,22
timeStep,numberOfRobotsOnBlackSite,numberOfRobotsOnWhiteSite
25560,25,22
timeStep,numberOfRobotsOnBlackSite,numberOfRobotsOnWhiteSite
25561,25,22
timeStep,numberOfRobotsOnBlackSite,numberOfRobotsOnWhiteSite
25562,25,22
timeStep,numberOfRobotsOnBlackSite,numberOfRobotsOnWhiteSite
25563,25,22
timeStep,numberOfRobotsOnBlackSite,numberOfRobotsOnWhiteSite
25564,25,22
timeStep,numberOfRobotsOnBlackSite,numberOfRobotsOnWhiteSite
25565,25,22
timeStep,numberOfRobotsOnBlackSite,numberOfRobotsOnWhiteSite
25566,25,22
timeStep,numberOfRobotsOnBlackSite,numberOfRobotsOnWhiteSite
25567,25,22
timeStep,numberOfRobotsOnBlackSite,numberOfRobotsOnWhiteSite
25568,25,22
timeStep,numberOfRobotsOnBlackSite,numberOfRobotsOnWhiteSite
25569,25,22
timeStep,numberOfRobotsOnBlackSite,numberOfRobotsOnWhiteSite
25570,25,22
timeStep,numberOfRobotsOnBlackSite,numberOfRobotsOnWhiteSite
25571,25,22
timeStep,numberOfRobotsOnBlackSite,numberOfRobotsOnWhiteSite
25572,25,22
timeStep,numberOfRobotsOnBlackSite,numberOfRobotsOnWhiteSite
25573,25,22
timeStep,numberOfRobotsOnBlackSite,numberOfRobotsOnWhiteSite
25574,25,22
timeStep,numberOfRobotsOnBlackSite,numberOfRobotsOnWhiteSite
25575,25,22
timeStep,numberOfRobotsOnBlackSite,numberOfRobotsOnWhiteSite
25576,25,22
timeStep,numberOfRobotsOnBlackSite,numberOfRobotsOnWhiteSite
25577,25,22
timeStep,numberOfRobotsOnBlackSite,numberOfRobotsOnWhiteSite
25578,25,22
timeStep,numberOfRobotsOnBlackSite,numberOfRobotsOnWhiteSite
25579,25,22
timeStep,numberOfRobotsOnBlackSite,numberOfRobotsOnWhiteSite
25580,25,22
timeStep,numberOfRobotsOnBlackSite,numberOfRobotsOnWhiteSite
25581,25,22
timeStep,numberOfRobotsOnBlackSite,numberOfRobotsOnWhiteSite
25582,25,22
timeStep,numberOfRobotsOnBlackSite,numberOfRobotsOnWhiteSite
25583,25,22
timeStep,numberOfRobotsOnBlackSite,numberOfRobotsOnWhiteSite
25584,25,22
timeStep,numberOfRobotsOnBlackSite,numberOfRobotsOnWhiteSite
25585,25,22
timeStep,numberOfRobotsOnBlackSite,numberOfRobotsOnWhiteSite
25586,25,22
timeStep,numberOfRobotsOnBlackSite,numberOfRobotsOnWhiteSite
25587,25,22
timeStep,numberOfRobotsOnBlackSite,numberOfRobotsOnWhiteSite
25588,25,22
timeStep,numberOfRobotsOnBlackSite,numberOfRobotsOnWhiteSite
25589,25,22
timeStep,numberOfRobotsOnBlackSite,numberOfRobotsOnWhiteSite
25590,25,22
timeStep,numberOfRobotsOnBlackSite,numberOfRobotsOnWhiteSite
25591,25,22
timeStep,numberOfRobotsOnBlackSite,numberOfRobotsOnWhiteSite
25592,25,22
timeStep,numberOfRobotsOnBlackSite,numberOfRobotsOnWhiteSite
25593,25,22
timeStep,numberOfRobotsOnBlackSite,numberOfRobotsOnWhiteSite
25594,25,22
timeStep,numberOfRobotsOnBlackSite,numberOfRobotsOnWhiteSite
25595,25,22
timeStep,numberOfRobotsOnBlackSite,numberOfRobotsOnWhiteSite
25596,25,22
timeStep,numberOfRobotsOnBlackSite,numberOfRobotsOnWhiteSite
25597,25,22
timeStep,numberOfRobotsOnBlackSite,numberOfRobotsOnWhiteSite
25598,25,22
timeStep,numberOfRobotsOnBlackSite,numberOfRobotsOnWhiteSite
25599,25,22
timeStep,numberOfRobotsOnBlackSite,numberOfRobotsOnWhiteSite
25600,25,22
timeStep,numberOfRobotsOnBlackSite,numberOfRobotsOnWhiteSite
25601,25,22
timeStep,numberOfRobotsOnBlackSite,numberOfRobotsOnWhiteSite
25602,25,22
timeStep,numberOfRobotsOnBlackSite,numberOfRobotsOnWhiteSite
25603,25,22
timeStep,numberOfRobotsOnBlackSite,numberOfRobotsOnWhiteSite
25604,25,22
timeStep,numberOfRobotsOnBlackSite,numberOfRobotsOnWhiteSite
25605,25,22
timeStep,numberOfRobotsOnBlackSite,numberOfRobotsOnWhiteSite
25606,25,22
timeStep,numberOfRobotsOnBlackSite,numberOfRobotsOnWhiteSite
25607,25,22
timeStep,numberOfRobotsOnBlackSite,numberOfRobotsOnWhiteSite
25608,25,22
timeStep,numberOfRobotsOnBlackSite,numberOfRobotsOnWhiteSite
25609,25,22
timeStep,numberOfRobotsOnBlackSite,numberOfRobotsOnWhiteSite
25610,25,22
timeStep,numberOfRobotsOnBlackSite,numberOfRobotsOnWhiteSite
25611,25,22
timeStep,numberOfRobotsOnBlackSite,numberOfRobotsOnWhiteSite
25612,25,22
timeStep,numberOfRobotsOnBlackSite,numberOfRobotsOnWhiteSite
25613,25,22
timeStep,numberOfRobotsOnBlackSite,numberOfRobotsOnWhiteSite
25614,25,22
timeStep,numberOfRobotsOnBlackSite,numberOfRobotsOnWhiteSite
25615,25,22
timeStep,numberOfRobotsOnBlackSite,numberOfRobotsOnWhiteSite
25616,25,22
timeStep,numberOfRobotsOnBlackSite,numberOfRobotsOnWhiteSite
25617,25,22
timeStep,numberOfRobotsOnBlackSite,numberOfRobotsOnWhiteSite
25618,25,22
timeStep,numberOfRobotsOnBlackSite,numberOfRobotsOnWhiteSite
25619,25,22
timeStep,numberOfRobotsOnBlackSite,numberOfRobotsOnWhiteSite
25620,25,22
timeStep,numberOfRobotsOnBlackSite,numberOfRobotsOnWhiteSite
25621,25,22
timeStep,numberOfRobotsOnBlackSite,numberOfRobotsOnWhiteSite
25622,25,22
timeStep,numberOfRobotsOnBlackSite,numberOfRobotsOnWhiteSite
25623,25,22
timeStep,numberOfRobotsOnBlackSite,numberOfRobotsOnWhiteSite
25624,25,22
timeStep,numberOfRobotsOnBlackSite,numberOfRobotsOnWhiteSite
25625,25,22
timeStep,numberOfRobotsOnBlackSite,numberOfRobotsOnWhiteSite
25626,25,22
timeStep,numberOfRobotsOnBlackSite,numberOfRobotsOnWhiteSite
25627,25,22
timeStep,numberOfRobotsOnBlackSite,numberOfRobotsOnWhiteSite
25628,25,22
timeStep,numberOfRobotsOnBlackSite,numberOfRobotsOnWhiteSite
25629,25,22
timeStep,numberOfRobotsOnBlackSite,numberOfRobotsOnWhiteSite
25630,25,22
timeStep,numberOfRobotsOnBlackSite,numberOfRobotsOnWhiteSite
25631,25,22
timeStep,numberOfRobotsOnBlackSite,numberOfRobotsOnWhiteSite
25632,25,22
timeStep,numberOfRobotsOnBlackSite,numberOfRobotsOnWhiteSite
25633,25,22
timeStep,numberOfRobotsOnBlackSite,numberOfRobotsOnWhiteSite
25634,25,22
timeStep,numberOfRobotsOnBlackSite,numberOfRobotsOnWhiteSite
25635,25,22
timeStep,numberOfRobotsOnBlackSite,numberOfRobotsOnWhiteSite
25636,25,22
timeStep,numberOfRobotsOnBlackSite,numberOfRobotsOnWhiteSite
25637,25,22
timeStep,numberOfRobotsOnBlackSite,numberOfRobotsOnWhiteSite
25638,25,22
timeStep,numberOfRobotsOnBlackSite,numberOfRobotsOnWhiteSite
25639,25,22
timeStep,numberOfRobotsOnBlackSite,numberOfRobotsOnWhiteSite
25640,25,22
timeStep,numberOfRobotsOnBlackSite,numberOfRobotsOnWhiteSite
25641,25,22
timeStep,numberOfRobotsOnBlackSite,numberOfRobotsOnWhiteSite
25642,25,22
timeStep,numberOfRobotsOnBlackSite,numberOfRobotsOnWhiteSite
25643,25,22
timeStep,numberOfRobotsOnBlackSite,numberOfRobotsOnWhiteSite
25644,25,22
timeStep,numberOfRobotsOnBlackSite,numberOfRobotsOnWhiteSite
25645,25,22
timeStep,numberOfRobotsOnBlackSite,numberOfRobotsOnWhiteSite
25646,25,22
timeStep,numberOfRobotsOnBlackSite,numberOfRobotsOnWhiteSite
25647,25,22
timeStep,numberOfRobotsOnBlackSite,numberOfRobotsOnWhiteSite
25648,25,22
timeStep,numberOfRobotsOnBlackSite,numberOfRobotsOnWhiteSite
25649,25,22
timeStep,numberOfRobotsOnBlackSite,numberOfRobotsOnWhiteSite
25650,25,22
timeStep,numberOfRobotsOnBlackSite,numberOfRobotsOnWhiteSite
25651,25,22
timeStep,numberOfRobotsOnBlackSite,numberOfRobotsOnWhiteSite
25652,25,22
timeStep,numberOfRobotsOnBlackSite,numberOfRobotsOnWhiteSite
25653,25,22
timeStep,numberOfRobotsOnBlackSite,numberOfRobotsOnWhiteSite
25654,25,22
timeStep,numberOfRobotsOnBlackSite,numberOfRobotsOnWhiteSite
25655,25,22
timeStep,numberOfRobotsOnBlackSite,numberOfRobotsOnWhiteSite
25656,25,22
timeStep,numberOfRobotsOnBlackSite,numberOfRobotsOnWhiteSite
25657,25,22
timeStep,numberOfRobotsOnBlackSite,numberOfRobotsOnWhiteSite
25658,25,22
timeStep,numberOfRobotsOnBlackSite,numberOfRobotsOnWhiteSite
25659,25,22
timeStep,numberOfRobotsOnBlackSite,numberOfRobotsOnWhiteSite
25660,25,22
timeStep,numberOfRobotsOnBlackSite,numberOfRobotsOnWhiteSite
25661,25,22
timeStep,numberOfRobotsOnBlackSite,numberOfRobotsOnWhiteSite
25662,25,22
timeStep,numberOfRobotsOnBlackSite,numberOfRobotsOnWhiteSite
25663,25,22
timeStep,numberOfRobotsOnBlackSite,numberOfRobotsOnWhiteSite
25664,25,22
timeStep,numberOfRobotsOnBlackSite,numberOfRobotsOnWhiteSite
25665,25,22
timeStep,numberOfRobotsOnBlackSite,numberOfRobotsOnWhiteSite
25666,25,22
timeStep,numberOfRobotsOnBlackSite,numberOfRobotsOnWhiteSite
25667,25,22
timeStep,numberOfRobotsOnBlackSite,numberOfRobotsOnWhiteSite
25668,25,22
timeStep,numberOfRobotsOnBlackSite,numberOfRobotsOnWhiteSite
25669,25,22
timeStep,numberOfRobotsOnBlackSite,numberOfRobotsOnWhiteSite
25670,25,22
timeStep,numberOfRobotsOnBlackSite,numberOfRobotsOnWhiteSite
25671,25,22
timeStep,numberOfRobotsOnBlackSite,numberOfRobotsOnWhiteSite
25672,25,22
timeStep,numberOfRobotsOnBlackSite,numberOfRobotsOnWhiteSite
25673,25,22
timeStep,numberOfRobotsOnBlackSite,numberOfRobotsOnWhiteSite
25674,25,22
timeStep,numberOfRobotsOnBlackSite,numberOfRobotsOnWhiteSite
25675,25,22
timeStep,numberOfRobotsOnBlackSite,numberOfRobotsOnWhiteSite
25676,25,22
timeStep,numberOfRobotsOnBlackSite,numberOfRobotsOnWhiteSite
25677,25,22
timeStep,numberOfRobotsOnBlackSite,numberOfRobotsOnWhiteSite
25678,25,22
timeStep,numberOfRobotsOnBlackSite,numberOfRobotsOnWhiteSite
25679,25,22
timeStep,numberOfRobotsOnBlackSite,numberOfRobotsOnWhiteSite
25680,25,22
timeStep,numberOfRobotsOnBlackSite,numberOfRobotsOnWhiteSite
25681,25,22
timeStep,numberOfRobotsOnBlackSite,numberOfRobotsOnWhiteSite
25682,25,22
timeStep,numberOfRobotsOnBlackSite,numberOfRobotsOnWhiteSite
25683,25,22
timeStep,numberOfRobotsOnBlackSite,numberOfRobotsOnWhiteSite
25684,25,22
timeStep,numberOfRobotsOnBlackSite,numberOfRobotsOnWhiteSite
25685,25,22
timeStep,numberOfRobotsOnBlackSite,numberOfRobotsOnWhiteSite
25686,25,22
timeStep,numberOfRobotsOnBlackSite,numberOfRobotsOnWhiteSite
25687,25,22
timeStep,numberOfRobotsOnBlackSite,numberOfRobotsOnWhiteSite
25688,25,22
timeStep,numberOfRobotsOnBlackSite,numberOfRobotsOnWhiteSite
25689,25,22
timeStep,numberOfRobotsOnBlackSite,numberOfRobotsOnWhiteSite
25690,25,22
timeStep,numberOfRobotsOnBlackSite,numberOfRobotsOnWhiteSite
25691,25,22
timeStep,numberOfRobotsOnBlackSite,numberOfRobotsOnWhiteSite
25692,25,22
timeStep,numberOfRobotsOnBlackSite,numberOfRobotsOnWhiteSite
25693,25,22
timeStep,numberOfRobotsOnBlackSite,numberOfRobotsOnWhiteSite
25694,25,22
timeStep,numberOfRobotsOnBlackSite,numberOfRobotsOnWhiteSite
25695,25,22
timeStep,numberOfRobotsOnBlackSite,numberOfRobotsOnWhiteSite
25696,25,22
timeStep,numberOfRobotsOnBlackSite,numberOfRobotsOnWhiteSite
25697,25,22
timeStep,numberOfRobotsOnBlackSite,numberOfRobotsOnWhiteSite
25698,25,22
timeStep,numberOfRobotsOnBlackSite,numberOfRobotsOnWhiteSite
25699,25,22
timeStep,numberOfRobotsOnBlackSite,numberOfRobotsOnWhiteSite
25700,25,22
timeStep,numberOfRobotsOnBlackSite,numberOfRobotsOnWhiteSite
25701,25,22
timeStep,numberOfRobotsOnBlackSite,numberOfRobotsOnWhiteSite
25702,25,22
timeStep,numberOfRobotsOnBlackSite,numberOfRobotsOnWhiteSite
25703,25,22
timeStep,numberOfRobotsOnBlackSite,numberOfRobotsOnWhiteSite
25704,25,22
timeStep,numberOfRobotsOnBlackSite,numberOfRobotsOnWhiteSite
25705,25,22
timeStep,numberOfRobotsOnBlackSite,numberOfRobotsOnWhiteSite
25706,25,22
timeStep,numberOfRobotsOnBlackSite,numberOfRobotsOnWhiteSite
25707,25,22
timeStep,numberOfRobotsOnBlackSite,numberOfRobotsOnWhiteSite
25708,25,22
timeStep,numberOfRobotsOnBlackSite,numberOfRobotsOnWhiteSite
25709,25,22
timeStep,numberOfRobotsOnBlackSite,numberOfRobotsOnWhiteSite
25710,25,22
timeStep,numberOfRobotsOnBlackSite,numberOfRobotsOnWhiteSite
25711,25,22
timeStep,numberOfRobotsOnBlackSite,numberOfRobotsOnWhiteSite
25712,25,22
timeStep,numberOfRobotsOnBlackSite,numberOfRobotsOnWhiteSite
25713,25,22
timeStep,numberOfRobotsOnBlackSite,numberOfRobotsOnWhiteSite
25714,25,22
timeStep,numberOfRobotsOnBlackSite,numberOfRobotsOnWhiteSite
25715,25,22
timeStep,numberOfRobotsOnBlackSite,numberOfRobotsOnWhiteSite
25716,25,22
timeStep,numberOfRobotsOnBlackSite,numberOfRobotsOnWhiteSite
25717,25,22
timeStep,numberOfRobotsOnBlackSite,numberOfRobotsOnWhiteSite
25718,25,22
timeStep,numberOfRobotsOnBlackSite,numberOfRobotsOnWhiteSite
25719,25,22
timeStep,numberOfRobotsOnBlackSite,numberOfRobotsOnWhiteSite
25720,25,22
timeStep,numberOfRobotsOnBlackSite,numberOfRobotsOnWhiteSite
25721,25,22
timeStep,numberOfRobotsOnBlackSite,numberOfRobotsOnWhiteSite
25722,25,22
timeStep,numberOfRobotsOnBlackSite,numberOfRobotsOnWhiteSite
25723,25,22
timeStep,numberOfRobotsOnBlackSite,numberOfRobotsOnWhiteSite
25724,25,22
timeStep,numberOfRobotsOnBlackSite,numberOfRobotsOnWhiteSite
25725,25,22
timeStep,numberOfRobotsOnBlackSite,numberOfRobotsOnWhiteSite
25726,25,22
timeStep,numberOfRobotsOnBlackSite,numberOfRobotsOnWhiteSite
25727,25,22
timeStep,numberOfRobotsOnBlackSite,numberOfRobotsOnWhiteSite
25728,25,22
timeStep,numberOfRobotsOnBlackSite,numberOfRobotsOnWhiteSite
25729,25,22
timeStep,numberOfRobotsOnBlackSite,numberOfRobotsOnWhiteSite
25730,25,22
timeStep,numberOfRobotsOnBlackSite,numberOfRobotsOnWhiteSite
25731,25,22
timeStep,numberOfRobotsOnBlackSite,numberOfRobotsOnWhiteSite
25732,25,22
timeStep,numberOfRobotsOnBlackSite,numberOfRobotsOnWhiteSite
25733,25,22
timeStep,numberOfRobotsOnBlackSite,numberOfRobotsOnWhiteSite
25734,25,22
timeStep,numberOfRobotsOnBlackSite,numberOfRobotsOnWhiteSite
25735,25,22
timeStep,numberOfRobotsOnBlackSite,numberOfRobotsOnWhiteSite
25736,25,22
timeStep,numberOfRobotsOnBlackSite,numberOfRobotsOnWhiteSite
25737,25,22
timeStep,numberOfRobotsOnBlackSite,numberOfRobotsOnWhiteSite
25738,25,22
timeStep,numberOfRobotsOnBlackSite,numberOfRobotsOnWhiteSite
25739,25,22
timeStep,numberOfRobotsOnBlackSite,numberOfRobotsOnWhiteSite
25740,25,22
timeStep,numberOfRobotsOnBlackSite,numberOfRobotsOnWhiteSite
25741,25,22
timeStep,numberOfRobotsOnBlackSite,numberOfRobotsOnWhiteSite
25742,25,22
timeStep,numberOfRobotsOnBlackSite,numberOfRobotsOnWhiteSite
25743,25,22
timeStep,numberOfRobotsOnBlackSite,numberOfRobotsOnWhiteSite
25744,25,22
timeStep,numberOfRobotsOnBlackSite,numberOfRobotsOnWhiteSite
25745,25,22
timeStep,numberOfRobotsOnBlackSite,numberOfRobotsOnWhiteSite
25746,25,22
timeStep,numberOfRobotsOnBlackSite,numberOfRobotsOnWhiteSite
25747,25,22
timeStep,numberOfRobotsOnBlackSite,numberOfRobotsOnWhiteSite
25748,25,22
timeStep,numberOfRobotsOnBlackSite,numberOfRobotsOnWhiteSite
25749,25,22
timeStep,numberOfRobotsOnBlackSite,numberOfRobotsOnWhiteSite
25750,25,22
timeStep,numberOfRobotsOnBlackSite,numberOfRobotsOnWhiteSite
25751,25,22
timeStep,numberOfRobotsOnBlackSite,numberOfRobotsOnWhiteSite
25752,25,22
timeStep,numberOfRobotsOnBlackSite,numberOfRobotsOnWhiteSite
25753,25,22
timeStep,numberOfRobotsOnBlackSite,numberOfRobotsOnWhiteSite
25754,25,22
timeStep,numberOfRobotsOnBlackSite,numberOfRobotsOnWhiteSite
25755,25,22
timeStep,numberOfRobotsOnBlackSite,numberOfRobotsOnWhiteSite
25756,25,22
timeStep,numberOfRobotsOnBlackSite,numberOfRobotsOnWhiteSite
25757,25,22
timeStep,numberOfRobotsOnBlackSite,numberOfRobotsOnWhiteSite
25758,25,22
timeStep,numberOfRobotsOnBlackSite,numberOfRobotsOnWhiteSite
25759,25,22
timeStep,numberOfRobotsOnBlackSite,numberOfRobotsOnWhiteSite
25760,25,22
timeStep,numberOfRobotsOnBlackSite,numberOfRobotsOnWhiteSite
25761,25,22
timeStep,numberOfRobotsOnBlackSite,numberOfRobotsOnWhiteSite
25762,25,22
timeStep,numberOfRobotsOnBlackSite,numberOfRobotsOnWhiteSite
25763,25,22
timeStep,numberOfRobotsOnBlackSite,numberOfRobotsOnWhiteSite
25764,25,22
timeStep,numberOfRobotsOnBlackSite,numberOfRobotsOnWhiteSite
25765,25,22
timeStep,numberOfRobotsOnBlackSite,numberOfRobotsOnWhiteSite
25766,25,22
timeStep,numberOfRobotsOnBlackSite,numberOfRobotsOnWhiteSite
25767,25,22
timeStep,numberOfRobotsOnBlackSite,numberOfRobotsOnWhiteSite
25768,25,22
timeStep,numberOfRobotsOnBlackSite,numberOfRobotsOnWhiteSite
25769,25,22
timeStep,numberOfRobotsOnBlackSite,numberOfRobotsOnWhiteSite
25770,25,22
timeStep,numberOfRobotsOnBlackSite,numberOfRobotsOnWhiteSite
25771,25,22
timeStep,numberOfRobotsOnBlackSite,numberOfRobotsOnWhiteSite
25772,25,22
timeStep,numberOfRobotsOnBlackSite,numberOfRobotsOnWhiteSite
25773,25,22
timeStep,numberOfRobotsOnBlackSite,numberOfRobotsOnWhiteSite
25774,25,22
timeStep,numberOfRobotsOnBlackSite,numberOfRobotsOnWhiteSite
25775,25,22
timeStep,numberOfRobotsOnBlackSite,numberOfRobotsOnWhiteSite
25776,25,22
timeStep,numberOfRobotsOnBlackSite,numberOfRobotsOnWhiteSite
25777,25,22
timeStep,numberOfRobotsOnBlackSite,numberOfRobotsOnWhiteSite
25778,25,22
timeStep,numberOfRobotsOnBlackSite,numberOfRobotsOnWhiteSite
25779,25,22
timeStep,numberOfRobotsOnBlackSite,numberOfRobotsOnWhiteSite
25780,25,22
timeStep,numberOfRobotsOnBlackSite,numberOfRobotsOnWhiteSite
25781,25,22
timeStep,numberOfRobotsOnBlackSite,numberOfRobotsOnWhiteSite
25782,25,22
timeStep,numberOfRobotsOnBlackSite,numberOfRobotsOnWhiteSite
25783,25,22
timeStep,numberOfRobotsOnBlackSite,numberOfRobotsOnWhiteSite
25784,25,22
timeStep,numberOfRobotsOnBlackSite,numberOfRobotsOnWhiteSite
25785,25,22
timeStep,numberOfRobotsOnBlackSite,numberOfRobotsOnWhiteSite
25786,25,22
timeStep,numberOfRobotsOnBlackSite,numberOfRobotsOnWhiteSite
25787,25,22
timeStep,numberOfRobotsOnBlackSite,numberOfRobotsOnWhiteSite
25788,25,22
timeStep,numberOfRobotsOnBlackSite,numberOfRobotsOnWhiteSite
25789,25,22
timeStep,numberOfRobotsOnBlackSite,numberOfRobotsOnWhiteSite
25790,25,22
timeStep,numberOfRobotsOnBlackSite,numberOfRobotsOnWhiteSite
25791,25,22
timeStep,numberOfRobotsOnBlackSite,numberOfRobotsOnWhiteSite
25792,25,22
timeStep,numberOfRobotsOnBlackSite,numberOfRobotsOnWhiteSite
25793,25,22
timeStep,numberOfRobotsOnBlackSite,numberOfRobotsOnWhiteSite
25794,25,22
timeStep,numberOfRobotsOnBlackSite,numberOfRobotsOnWhiteSite
25795,25,22
timeStep,numberOfRobotsOnBlackSite,numberOfRobotsOnWhiteSite
25796,25,22
timeStep,numberOfRobotsOnBlackSite,numberOfRobotsOnWhiteSite
25797,25,22
timeStep,numberOfRobotsOnBlackSite,numberOfRobotsOnWhiteSite
25798,25,22
timeStep,numberOfRobotsOnBlackSite,numberOfRobotsOnWhiteSite
25799,25,22
timeStep,numberOfRobotsOnBlackSite,numberOfRobotsOnWhiteSite
25800,25,22
timeStep,numberOfRobotsOnBlackSite,numberOfRobotsOnWhiteSite
25801,25,22
timeStep,numberOfRobotsOnBlackSite,numberOfRobotsOnWhiteSite
25802,25,22
timeStep,numberOfRobotsOnBlackSite,numberOfRobotsOnWhiteSite
25803,25,22
timeStep,numberOfRobotsOnBlackSite,numberOfRobotsOnWhiteSite
25804,25,22
timeStep,numberOfRobotsOnBlackSite,numberOfRobotsOnWhiteSite
25805,25,22
timeStep,numberOfRobotsOnBlackSite,numberOfRobotsOnWhiteSite
25806,25,22
timeStep,numberOfRobotsOnBlackSite,numberOfRobotsOnWhiteSite
25807,25,22
timeStep,numberOfRobotsOnBlackSite,numberOfRobotsOnWhiteSite
25808,25,22
timeStep,numberOfRobotsOnBlackSite,numberOfRobotsOnWhiteSite
25809,25,22
timeStep,numberOfRobotsOnBlackSite,numberOfRobotsOnWhiteSite
25810,25,22
timeStep,numberOfRobotsOnBlackSite,numberOfRobotsOnWhiteSite
25811,25,22
timeStep,numberOfRobotsOnBlackSite,numberOfRobotsOnWhiteSite
25812,25,22
timeStep,numberOfRobotsOnBlackSite,numberOfRobotsOnWhiteSite
25813,25,22
timeStep,numberOfRobotsOnBlackSite,numberOfRobotsOnWhiteSite
25814,25,22
timeStep,numberOfRobotsOnBlackSite,numberOfRobotsOnWhiteSite
25815,25,22
timeStep,numberOfRobotsOnBlackSite,numberOfRobotsOnWhiteSite
25816,25,22
timeStep,numberOfRobotsOnBlackSite,numberOfRobotsOnWhiteSite
25817,25,22
timeStep,numberOfRobotsOnBlackSite,numberOfRobotsOnWhiteSite
25818,25,22
timeStep,numberOfRobotsOnBlackSite,numberOfRobotsOnWhiteSite
25819,25,22
timeStep,numberOfRobotsOnBlackSite,numberOfRobotsOnWhiteSite
25820,25,22
timeStep,numberOfRobotsOnBlackSite,numberOfRobotsOnWhiteSite
25821,25,22
timeStep,numberOfRobotsOnBlackSite,numberOfRobotsOnWhiteSite
25822,25,22
timeStep,numberOfRobotsOnBlackSite,numberOfRobotsOnWhiteSite
25823,25,22
timeStep,numberOfRobotsOnBlackSite,numberOfRobotsOnWhiteSite
25824,25,22
timeStep,numberOfRobotsOnBlackSite,numberOfRobotsOnWhiteSite
25825,25,22
timeStep,numberOfRobotsOnBlackSite,numberOfRobotsOnWhiteSite
25826,25,22
timeStep,numberOfRobotsOnBlackSite,numberOfRobotsOnWhiteSite
25827,25,22
timeStep,numberOfRobotsOnBlackSite,numberOfRobotsOnWhiteSite
25828,25,22
timeStep,numberOfRobotsOnBlackSite,numberOfRobotsOnWhiteSite
25829,25,22
timeStep,numberOfRobotsOnBlackSite,numberOfRobotsOnWhiteSite
25830,25,22
timeStep,numberOfRobotsOnBlackSite,numberOfRobotsOnWhiteSite
25831,25,22
timeStep,numberOfRobotsOnBlackSite,numberOfRobotsOnWhiteSite
25832,25,22
timeStep,numberOfRobotsOnBlackSite,numberOfRobotsOnWhiteSite
25833,25,22
timeStep,numberOfRobotsOnBlackSite,numberOfRobotsOnWhiteSite
25834,25,22
timeStep,numberOfRobotsOnBlackSite,numberOfRobotsOnWhiteSite
25835,25,22
timeStep,numberOfRobotsOnBlackSite,numberOfRobotsOnWhiteSite
25836,25,22
timeStep,numberOfRobotsOnBlackSite,numberOfRobotsOnWhiteSite
25837,25,22
timeStep,numberOfRobotsOnBlackSite,numberOfRobotsOnWhiteSite
25838,25,22
timeStep,numberOfRobotsOnBlackSite,numberOfRobotsOnWhiteSite
25839,25,22
timeStep,numberOfRobotsOnBlackSite,numberOfRobotsOnWhiteSite
25840,25,22
timeStep,numberOfRobotsOnBlackSite,numberOfRobotsOnWhiteSite
25841,25,22
timeStep,numberOfRobotsOnBlackSite,numberOfRobotsOnWhiteSite
25842,25,22
timeStep,numberOfRobotsOnBlackSite,numberOfRobotsOnWhiteSite
25843,25,22
timeStep,numberOfRobotsOnBlackSite,numberOfRobotsOnWhiteSite
25844,25,22
timeStep,numberOfRobotsOnBlackSite,numberOfRobotsOnWhiteSite
25845,25,22
timeStep,numberOfRobotsOnBlackSite,numberOfRobotsOnWhiteSite
25846,25,22
timeStep,numberOfRobotsOnBlackSite,numberOfRobotsOnWhiteSite
25847,25,22
timeStep,numberOfRobotsOnBlackSite,numberOfRobotsOnWhiteSite
25848,25,22
timeStep,numberOfRobotsOnBlackSite,numberOfRobotsOnWhiteSite
25849,25,22
timeStep,numberOfRobotsOnBlackSite,numberOfRobotsOnWhiteSite
25850,25,22
timeStep,numberOfRobotsOnBlackSite,numberOfRobotsOnWhiteSite
25851,25,22
timeStep,numberOfRobotsOnBlackSite,numberOfRobotsOnWhiteSite
25852,25,22
timeStep,numberOfRobotsOnBlackSite,numberOfRobotsOnWhiteSite
25853,25,22
timeStep,numberOfRobotsOnBlackSite,numberOfRobotsOnWhiteSite
25854,25,22
timeStep,numberOfRobotsOnBlackSite,numberOfRobotsOnWhiteSite
25855,25,22
timeStep,numberOfRobotsOnBlackSite,numberOfRobotsOnWhiteSite
25856,25,22
timeStep,numberOfRobotsOnBlackSite,numberOfRobotsOnWhiteSite
25857,25,22
timeStep,numberOfRobotsOnBlackSite,numberOfRobotsOnWhiteSite
25858,25,22
timeStep,numberOfRobotsOnBlackSite,numberOfRobotsOnWhiteSite
25859,25,22
timeStep,numberOfRobotsOnBlackSite,numberOfRobotsOnWhiteSite
25860,25,22
timeStep,numberOfRobotsOnBlackSite,numberOfRobotsOnWhiteSite
25861,25,22
timeStep,numberOfRobotsOnBlackSite,numberOfRobotsOnWhiteSite
25862,25,22
timeStep,numberOfRobotsOnBlackSite,numberOfRobotsOnWhiteSite
25863,25,22
timeStep,numberOfRobotsOnBlackSite,numberOfRobotsOnWhiteSite
25864,25,22
timeStep,numberOfRobotsOnBlackSite,numberOfRobotsOnWhiteSite
25865,25,22
timeStep,numberOfRobotsOnBlackSite,numberOfRobotsOnWhiteSite
25866,25,22
timeStep,numberOfRobotsOnBlackSite,numberOfRobotsOnWhiteSite
25867,25,22
timeStep,numberOfRobotsOnBlackSite,numberOfRobotsOnWhiteSite
25868,25,22
timeStep,numberOfRobotsOnBlackSite,numberOfRobotsOnWhiteSite
25869,25,22
timeStep,numberOfRobotsOnBlackSite,numberOfRobotsOnWhiteSite
25870,25,22
timeStep,numberOfRobotsOnBlackSite,numberOfRobotsOnWhiteSite
25871,25,22
timeStep,numberOfRobotsOnBlackSite,numberOfRobotsOnWhiteSite
25872,25,22
timeStep,numberOfRobotsOnBlackSite,numberOfRobotsOnWhiteSite
25873,25,22
timeStep,numberOfRobotsOnBlackSite,numberOfRobotsOnWhiteSite
25874,25,22
timeStep,numberOfRobotsOnBlackSite,numberOfRobotsOnWhiteSite
25875,25,22
timeStep,numberOfRobotsOnBlackSite,numberOfRobotsOnWhiteSite
25876,25,22
timeStep,numberOfRobotsOnBlackSite,numberOfRobotsOnWhiteSite
25877,25,22
timeStep,numberOfRobotsOnBlackSite,numberOfRobotsOnWhiteSite
25878,25,22
timeStep,numberOfRobotsOnBlackSite,numberOfRobotsOnWhiteSite
25879,25,22
timeStep,numberOfRobotsOnBlackSite,numberOfRobotsOnWhiteSite
25880,25,22
timeStep,numberOfRobotsOnBlackSite,numberOfRobotsOnWhiteSite
25881,25,22
timeStep,numberOfRobotsOnBlackSite,numberOfRobotsOnWhiteSite
25882,25,22
timeStep,numberOfRobotsOnBlackSite,numberOfRobotsOnWhiteSite
25883,25,22
timeStep,numberOfRobotsOnBlackSite,numberOfRobotsOnWhiteSite
25884,25,22
timeStep,numberOfRobotsOnBlackSite,numberOfRobotsOnWhiteSite
25885,25,22
timeStep,numberOfRobotsOnBlackSite,numberOfRobotsOnWhiteSite
25886,25,22
timeStep,numberOfRobotsOnBlackSite,numberOfRobotsOnWhiteSite
25887,25,22
timeStep,numberOfRobotsOnBlackSite,numberOfRobotsOnWhiteSite
25888,25,22
timeStep,numberOfRobotsOnBlackSite,numberOfRobotsOnWhiteSite
25889,25,22
timeStep,numberOfRobotsOnBlackSite,numberOfRobotsOnWhiteSite
25890,25,22
timeStep,numberOfRobotsOnBlackSite,numberOfRobotsOnWhiteSite
25891,25,22
timeStep,numberOfRobotsOnBlackSite,numberOfRobotsOnWhiteSite
25892,25,22
timeStep,numberOfRobotsOnBlackSite,numberOfRobotsOnWhiteSite
25893,25,22
timeStep,numberOfRobotsOnBlackSite,numberOfRobotsOnWhiteSite
25894,25,22
timeStep,numberOfRobotsOnBlackSite,numberOfRobotsOnWhiteSite
25895,25,22
timeStep,numberOfRobotsOnBlackSite,numberOfRobotsOnWhiteSite
25896,25,22
timeStep,numberOfRobotsOnBlackSite,numberOfRobotsOnWhiteSite
25897,25,22
timeStep,numberOfRobotsOnBlackSite,numberOfRobotsOnWhiteSite
25898,25,22
timeStep,numberOfRobotsOnBlackSite,numberOfRobotsOnWhiteSite
25899,25,22
timeStep,numberOfRobotsOnBlackSite,numberOfRobotsOnWhiteSite
25900,25,22
timeStep,numberOfRobotsOnBlackSite,numberOfRobotsOnWhiteSite
25901,25,22
timeStep,numberOfRobotsOnBlackSite,numberOfRobotsOnWhiteSite
25902,25,22
timeStep,numberOfRobotsOnBlackSite,numberOfRobotsOnWhiteSite
25903,25,22
timeStep,numberOfRobotsOnBlackSite,numberOfRobotsOnWhiteSite
25904,25,22
timeStep,numberOfRobotsOnBlackSite,numberOfRobotsOnWhiteSite
25905,25,22
timeStep,numberOfRobotsOnBlackSite,numberOfRobotsOnWhiteSite
25906,25,22
timeStep,numberOfRobotsOnBlackSite,numberOfRobotsOnWhiteSite
25907,25,22
timeStep,numberOfRobotsOnBlackSite,numberOfRobotsOnWhiteSite
25908,25,22
timeStep,numberOfRobotsOnBlackSite,numberOfRobotsOnWhiteSite
25909,25,22
timeStep,numberOfRobotsOnBlackSite,numberOfRobotsOnWhiteSite
25910,25,22
timeStep,numberOfRobotsOnBlackSite,numberOfRobotsOnWhiteSite
25911,25,22
timeStep,numberOfRobotsOnBlackSite,numberOfRobotsOnWhiteSite
25912,25,22
timeStep,numberOfRobotsOnBlackSite,numberOfRobotsOnWhiteSite
25913,25,22
timeStep,numberOfRobotsOnBlackSite,numberOfRobotsOnWhiteSite
25914,25,22
timeStep,numberOfRobotsOnBlackSite,numberOfRobotsOnWhiteSite
25915,25,22
timeStep,numberOfRobotsOnBlackSite,numberOfRobotsOnWhiteSite
25916,25,22
timeStep,numberOfRobotsOnBlackSite,numberOfRobotsOnWhiteSite
25917,25,22
timeStep,numberOfRobotsOnBlackSite,numberOfRobotsOnWhiteSite
25918,25,22
timeStep,numberOfRobotsOnBlackSite,numberOfRobotsOnWhiteSite
25919,25,22
timeStep,numberOfRobotsOnBlackSite,numberOfRobotsOnWhiteSite
25920,25,22
timeStep,numberOfRobotsOnBlackSite,numberOfRobotsOnWhiteSite
25921,25,22
timeStep,numberOfRobotsOnBlackSite,numberOfRobotsOnWhiteSite
25922,25,22
timeStep,numberOfRobotsOnBlackSite,numberOfRobotsOnWhiteSite
25923,25,22
timeStep,numberOfRobotsOnBlackSite,numberOfRobotsOnWhiteSite
25924,25,22
timeStep,numberOfRobotsOnBlackSite,numberOfRobotsOnWhiteSite
25925,25,22
timeStep,numberOfRobotsOnBlackSite,numberOfRobotsOnWhiteSite
25926,25,22
timeStep,numberOfRobotsOnBlackSite,numberOfRobotsOnWhiteSite
25927,25,22
timeStep,numberOfRobotsOnBlackSite,numberOfRobotsOnWhiteSite
25928,25,22
timeStep,numberOfRobotsOnBlackSite,numberOfRobotsOnWhiteSite
25929,25,22
timeStep,numberOfRobotsOnBlackSite,numberOfRobotsOnWhiteSite
25930,25,22
timeStep,numberOfRobotsOnBlackSite,numberOfRobotsOnWhiteSite
25931,25,22
timeStep,numberOfRobotsOnBlackSite,numberOfRobotsOnWhiteSite
25932,25,22
timeStep,numberOfRobotsOnBlackSite,numberOfRobotsOnWhiteSite
25933,25,22
timeStep,numberOfRobotsOnBlackSite,numberOfRobotsOnWhiteSite
25934,25,22
timeStep,numberOfRobotsOnBlackSite,numberOfRobotsOnWhiteSite
25935,25,22
timeStep,numberOfRobotsOnBlackSite,numberOfRobotsOnWhiteSite
25936,25,22
timeStep,numberOfRobotsOnBlackSite,numberOfRobotsOnWhiteSite
25937,25,22
timeStep,numberOfRobotsOnBlackSite,numberOfRobotsOnWhiteSite
25938,25,22
timeStep,numberOfRobotsOnBlackSite,numberOfRobotsOnWhiteSite
25939,25,22
timeStep,numberOfRobotsOnBlackSite,numberOfRobotsOnWhiteSite
25940,25,22
timeStep,numberOfRobotsOnBlackSite,numberOfRobotsOnWhiteSite
25941,25,22
timeStep,numberOfRobotsOnBlackSite,numberOfRobotsOnWhiteSite
25942,25,22
timeStep,numberOfRobotsOnBlackSite,numberOfRobotsOnWhiteSite
25943,25,22
timeStep,numberOfRobotsOnBlackSite,numberOfRobotsOnWhiteSite
25944,25,22
timeStep,numberOfRobotsOnBlackSite,numberOfRobotsOnWhiteSite
25945,25,22
timeStep,numberOfRobotsOnBlackSite,numberOfRobotsOnWhiteSite
25946,25,22
timeStep,numberOfRobotsOnBlackSite,numberOfRobotsOnWhiteSite
25947,25,22
timeStep,numberOfRobotsOnBlackSite,numberOfRobotsOnWhiteSite
25948,25,22
timeStep,numberOfRobotsOnBlackSite,numberOfRobotsOnWhiteSite
25949,25,22
timeStep,numberOfRobotsOnBlackSite,numberOfRobotsOnWhiteSite
25950,25,22
timeStep,numberOfRobotsOnBlackSite,numberOfRobotsOnWhiteSite
25951,25,22
timeStep,numberOfRobotsOnBlackSite,numberOfRobotsOnWhiteSite
25952,25,22
timeStep,numberOfRobotsOnBlackSite,numberOfRobotsOnWhiteSite
25953,25,22
timeStep,numberOfRobotsOnBlackSite,numberOfRobotsOnWhiteSite
25954,25,22
timeStep,numberOfRobotsOnBlackSite,numberOfRobotsOnWhiteSite
25955,25,22
timeStep,numberOfRobotsOnBlackSite,numberOfRobotsOnWhiteSite
25956,25,22
timeStep,numberOfRobotsOnBlackSite,numberOfRobotsOnWhiteSite
25957,25,22
timeStep,numberOfRobotsOnBlackSite,numberOfRobotsOnWhiteSite
25958,25,22
timeStep,numberOfRobotsOnBlackSite,numberOfRobotsOnWhiteSite
25959,25,22
timeStep,numberOfRobotsOnBlackSite,numberOfRobotsOnWhiteSite
25960,25,22
timeStep,numberOfRobotsOnBlackSite,numberOfRobotsOnWhiteSite
25961,25,22
timeStep,numberOfRobotsOnBlackSite,numberOfRobotsOnWhiteSite
25962,25,22
timeStep,numberOfRobotsOnBlackSite,numberOfRobotsOnWhiteSite
25963,25,22
timeStep,numberOfRobotsOnBlackSite,numberOfRobotsOnWhiteSite
25964,25,22
timeStep,numberOfRobotsOnBlackSite,numberOfRobotsOnWhiteSite
25965,25,22
timeStep,numberOfRobotsOnBlackSite,numberOfRobotsOnWhiteSite
25966,25,22
timeStep,numberOfRobotsOnBlackSite,numberOfRobotsOnWhiteSite
25967,25,22
timeStep,numberOfRobotsOnBlackSite,numberOfRobotsOnWhiteSite
25968,25,22
timeStep,numberOfRobotsOnBlackSite,numberOfRobotsOnWhiteSite
25969,25,22
timeStep,numberOfRobotsOnBlackSite,numberOfRobotsOnWhiteSite
25970,25,22
timeStep,numberOfRobotsOnBlackSite,numberOfRobotsOnWhiteSite
25971,25,22
timeStep,numberOfRobotsOnBlackSite,numberOfRobotsOnWhiteSite
25972,25,22
timeStep,numberOfRobotsOnBlackSite,numberOfRobotsOnWhiteSite
25973,25,22
timeStep,numberOfRobotsOnBlackSite,numberOfRobotsOnWhiteSite
25974,25,22
timeStep,numberOfRobotsOnBlackSite,numberOfRobotsOnWhiteSite
25975,25,22
timeStep,numberOfRobotsOnBlackSite,numberOfRobotsOnWhiteSite
25976,25,22
timeStep,numberOfRobotsOnBlackSite,numberOfRobotsOnWhiteSite
25977,25,22
timeStep,numberOfRobotsOnBlackSite,numberOfRobotsOnWhiteSite
25978,25,22
timeStep,numberOfRobotsOnBlackSite,numberOfRobotsOnWhiteSite
25979,25,22
timeStep,numberOfRobotsOnBlackSite,numberOfRobotsOnWhiteSite
25980,25,22
timeStep,numberOfRobotsOnBlackSite,numberOfRobotsOnWhiteSite
25981,25,22
timeStep,numberOfRobotsOnBlackSite,numberOfRobotsOnWhiteSite
25982,25,22
timeStep,numberOfRobotsOnBlackSite,numberOfRobotsOnWhiteSite
25983,25,22
timeStep,numberOfRobotsOnBlackSite,numberOfRobotsOnWhiteSite
25984,25,22
timeStep,numberOfRobotsOnBlackSite,numberOfRobotsOnWhiteSite
25985,25,22
timeStep,numberOfRobotsOnBlackSite,numberOfRobotsOnWhiteSite
25986,25,22
timeStep,numberOfRobotsOnBlackSite,numberOfRobotsOnWhiteSite
25987,25,22
timeStep,numberOfRobotsOnBlackSite,numberOfRobotsOnWhiteSite
25988,25,22
timeStep,numberOfRobotsOnBlackSite,numberOfRobotsOnWhiteSite
25989,25,22
timeStep,numberOfRobotsOnBlackSite,numberOfRobotsOnWhiteSite
25990,25,22
timeStep,numberOfRobotsOnBlackSite,numberOfRobotsOnWhiteSite
25991,25,22
timeStep,numberOfRobotsOnBlackSite,numberOfRobotsOnWhiteSite
25992,25,22
timeStep,numberOfRobotsOnBlackSite,numberOfRobotsOnWhiteSite
25993,25,22
timeStep,numberOfRobotsOnBlackSite,numberOfRobotsOnWhiteSite
25994,25,22
timeStep,numberOfRobotsOnBlackSite,numberOfRobotsOnWhiteSite
25995,25,22
timeStep,numberOfRobotsOnBlackSite,numberOfRobotsOnWhiteSite
25996,25,22
timeStep,numberOfRobotsOnBlackSite,numberOfRobotsOnWhiteSite
25997,25,22
timeStep,numberOfRobotsOnBlackSite,numberOfRobotsOnWhiteSite
25998,25,22
timeStep,numberOfRobotsOnBlackSite,numberOfRobotsOnWhiteSite
25999,25,22
timeStep,numberOfRobotsOnBlackSite,numberOfRobotsOnWhiteSite
26000,25,22
timeStep,numberOfRobotsOnBlackSite,numberOfRobotsOnWhiteSite
26001,25,22
timeStep,numberOfRobotsOnBlackSite,numberOfRobotsOnWhiteSite
26002,25,22
timeStep,numberOfRobotsOnBlackSite,numberOfRobotsOnWhiteSite
26003,25,22
timeStep,numberOfRobotsOnBlackSite,numberOfRobotsOnWhiteSite
26004,25,22
timeStep,numberOfRobotsOnBlackSite,numberOfRobotsOnWhiteSite
26005,25,22
timeStep,numberOfRobotsOnBlackSite,numberOfRobotsOnWhiteSite
26006,25,22
timeStep,numberOfRobotsOnBlackSite,numberOfRobotsOnWhiteSite
26007,25,22
timeStep,numberOfRobotsOnBlackSite,numberOfRobotsOnWhiteSite
26008,25,22
timeStep,numberOfRobotsOnBlackSite,numberOfRobotsOnWhiteSite
26009,25,22
timeStep,numberOfRobotsOnBlackSite,numberOfRobotsOnWhiteSite
26010,25,22
timeStep,numberOfRobotsOnBlackSite,numberOfRobotsOnWhiteSite
26011,25,22
timeStep,numberOfRobotsOnBlackSite,numberOfRobotsOnWhiteSite
26012,25,22
timeStep,numberOfRobotsOnBlackSite,numberOfRobotsOnWhiteSite
26013,25,22
timeStep,numberOfRobotsOnBlackSite,numberOfRobotsOnWhiteSite
26014,25,22
timeStep,numberOfRobotsOnBlackSite,numberOfRobotsOnWhiteSite
26015,24,22
timeStep,numberOfRobotsOnBlackSite,numberOfRobotsOnWhiteSite
26016,24,22
timeStep,numberOfRobotsOnBlackSite,numberOfRobotsOnWhiteSite
26017,24,22
timeStep,numberOfRobotsOnBlackSite,numberOfRobotsOnWhiteSite
26018,24,22
timeStep,numberOfRobotsOnBlackSite,numberOfRobotsOnWhiteSite
26019,24,22
timeStep,numberOfRobotsOnBlackSite,numberOfRobotsOnWhiteSite
26020,24,22
timeStep,numberOfRobotsOnBlackSite,numberOfRobotsOnWhiteSite
26021,24,22
timeStep,numberOfRobotsOnBlackSite,numberOfRobotsOnWhiteSite
26022,24,22
timeStep,numberOfRobotsOnBlackSite,numberOfRobotsOnWhiteSite
26023,24,22
timeStep,numberOfRobotsOnBlackSite,numberOfRobotsOnWhiteSite
26024,24,22
timeStep,numberOfRobotsOnBlackSite,numberOfRobotsOnWhiteSite
26025,24,22
timeStep,numberOfRobotsOnBlackSite,numberOfRobotsOnWhiteSite
26026,24,22
timeStep,numberOfRobotsOnBlackSite,numberOfRobotsOnWhiteSite
26027,24,22
timeStep,numberOfRobotsOnBlackSite,numberOfRobotsOnWhiteSite
26028,24,22
timeStep,numberOfRobotsOnBlackSite,numberOfRobotsOnWhiteSite
26029,24,22
timeStep,numberOfRobotsOnBlackSite,numberOfRobotsOnWhiteSite
26030,24,22
timeStep,numberOfRobotsOnBlackSite,numberOfRobotsOnWhiteSite
26031,24,22
timeStep,numberOfRobotsOnBlackSite,numberOfRobotsOnWhiteSite
26032,24,22
timeStep,numberOfRobotsOnBlackSite,numberOfRobotsOnWhiteSite
26033,24,22
timeStep,numberOfRobotsOnBlackSite,numberOfRobotsOnWhiteSite
26034,24,22
timeStep,numberOfRobotsOnBlackSite,numberOfRobotsOnWhiteSite
26035,24,22
timeStep,numberOfRobotsOnBlackSite,numberOfRobotsOnWhiteSite
26036,24,22
timeStep,numberOfRobotsOnBlackSite,numberOfRobotsOnWhiteSite
26037,24,22
timeStep,numberOfRobotsOnBlackSite,numberOfRobotsOnWhiteSite
26038,24,22
timeStep,numberOfRobotsOnBlackSite,numberOfRobotsOnWhiteSite
26039,24,22
timeStep,numberOfRobotsOnBlackSite,numberOfRobotsOnWhiteSite
26040,24,22
timeStep,numberOfRobotsOnBlackSite,numberOfRobotsOnWhiteSite
26041,24,22
timeStep,numberOfRobotsOnBlackSite,numberOfRobotsOnWhiteSite
26042,24,22
timeStep,numberOfRobotsOnBlackSite,numberOfRobotsOnWhiteSite
26043,24,22
timeStep,numberOfRobotsOnBlackSite,numberOfRobotsOnWhiteSite
26044,24,22
timeStep,numberOfRobotsOnBlackSite,numberOfRobotsOnWhiteSite
26045,24,22
timeStep,numberOfRobotsOnBlackSite,numberOfRobotsOnWhiteSite
26046,24,22
timeStep,numberOfRobotsOnBlackSite,numberOfRobotsOnWhiteSite
26047,24,22
timeStep,numberOfRobotsOnBlackSite,numberOfRobotsOnWhiteSite
26048,24,22
timeStep,numberOfRobotsOnBlackSite,numberOfRobotsOnWhiteSite
26049,24,22
timeStep,numberOfRobotsOnBlackSite,numberOfRobotsOnWhiteSite
26050,24,22
timeStep,numberOfRobotsOnBlackSite,numberOfRobotsOnWhiteSite
26051,24,22
timeStep,numberOfRobotsOnBlackSite,numberOfRobotsOnWhiteSite
26052,24,22
timeStep,numberOfRobotsOnBlackSite,numberOfRobotsOnWhiteSite
26053,24,22
timeStep,numberOfRobotsOnBlackSite,numberOfRobotsOnWhiteSite
26054,24,22
timeStep,numberOfRobotsOnBlackSite,numberOfRobotsOnWhiteSite
26055,24,22
timeStep,numberOfRobotsOnBlackSite,numberOfRobotsOnWhiteSite
26056,24,22
timeStep,numberOfRobotsOnBlackSite,numberOfRobotsOnWhiteSite
26057,24,22
timeStep,numberOfRobotsOnBlackSite,numberOfRobotsOnWhiteSite
26058,24,22
timeStep,numberOfRobotsOnBlackSite,numberOfRobotsOnWhiteSite
26059,24,22
timeStep,numberOfRobotsOnBlackSite,numberOfRobotsOnWhiteSite
26060,24,22
timeStep,numberOfRobotsOnBlackSite,numberOfRobotsOnWhiteSite
26061,24,22
timeStep,numberOfRobotsOnBlackSite,numberOfRobotsOnWhiteSite
26062,24,22
timeStep,numberOfRobotsOnBlackSite,numberOfRobotsOnWhiteSite
26063,24,22
timeStep,numberOfRobotsOnBlackSite,numberOfRobotsOnWhiteSite
26064,24,22
timeStep,numberOfRobotsOnBlackSite,numberOfRobotsOnWhiteSite
26065,24,22
timeStep,numberOfRobotsOnBlackSite,numberOfRobotsOnWhiteSite
26066,24,22
timeStep,numberOfRobotsOnBlackSite,numberOfRobotsOnWhiteSite
26067,24,22
timeStep,numberOfRobotsOnBlackSite,numberOfRobotsOnWhiteSite
26068,24,22
timeStep,numberOfRobotsOnBlackSite,numberOfRobotsOnWhiteSite
26069,24,22
timeStep,numberOfRobotsOnBlackSite,numberOfRobotsOnWhiteSite
26070,24,22
timeStep,numberOfRobotsOnBlackSite,numberOfRobotsOnWhiteSite
26071,24,22
timeStep,numberOfRobotsOnBlackSite,numberOfRobotsOnWhiteSite
26072,24,22
timeStep,numberOfRobotsOnBlackSite,numberOfRobotsOnWhiteSite
26073,24,22
timeStep,numberOfRobotsOnBlackSite,numberOfRobotsOnWhiteSite
26074,24,22
timeStep,numberOfRobotsOnBlackSite,numberOfRobotsOnWhiteSite
26075,24,22
timeStep,numberOfRobotsOnBlackSite,numberOfRobotsOnWhiteSite
26076,24,22
timeStep,numberOfRobotsOnBlackSite,numberOfRobotsOnWhiteSite
26077,24,22
timeStep,numberOfRobotsOnBlackSite,numberOfRobotsOnWhiteSite
26078,24,22
timeStep,numberOfRobotsOnBlackSite,numberOfRobotsOnWhiteSite
26079,24,22
timeStep,numberOfRobotsOnBlackSite,numberOfRobotsOnWhiteSite
26080,24,22
timeStep,numberOfRobotsOnBlackSite,numberOfRobotsOnWhiteSite
26081,24,22
timeStep,numberOfRobotsOnBlackSite,numberOfRobotsOnWhiteSite
26082,24,22
timeStep,numberOfRobotsOnBlackSite,numberOfRobotsOnWhiteSite
26083,24,22
timeStep,numberOfRobotsOnBlackSite,numberOfRobotsOnWhiteSite
26084,24,22
timeStep,numberOfRobotsOnBlackSite,numberOfRobotsOnWhiteSite
26085,24,22
timeStep,numberOfRobotsOnBlackSite,numberOfRobotsOnWhiteSite
26086,24,22
timeStep,numberOfRobotsOnBlackSite,numberOfRobotsOnWhiteSite
26087,24,22
timeStep,numberOfRobotsOnBlackSite,numberOfRobotsOnWhiteSite
26088,24,22
timeStep,numberOfRobotsOnBlackSite,numberOfRobotsOnWhiteSite
26089,24,22
timeStep,numberOfRobotsOnBlackSite,numberOfRobotsOnWhiteSite
26090,24,22
timeStep,numberOfRobotsOnBlackSite,numberOfRobotsOnWhiteSite
26091,24,22
timeStep,numberOfRobotsOnBlackSite,numberOfRobotsOnWhiteSite
26092,24,22
timeStep,numberOfRobotsOnBlackSite,numberOfRobotsOnWhiteSite
26093,24,22
timeStep,numberOfRobotsOnBlackSite,numberOfRobotsOnWhiteSite
26094,24,22
timeStep,numberOfRobotsOnBlackSite,numberOfRobotsOnWhiteSite
26095,24,22
timeStep,numberOfRobotsOnBlackSite,numberOfRobotsOnWhiteSite
26096,24,22
timeStep,numberOfRobotsOnBlackSite,numberOfRobotsOnWhiteSite
26097,24,22
timeStep,numberOfRobotsOnBlackSite,numberOfRobotsOnWhiteSite
26098,24,22
timeStep,numberOfRobotsOnBlackSite,numberOfRobotsOnWhiteSite
26099,24,22
timeStep,numberOfRobotsOnBlackSite,numberOfRobotsOnWhiteSite
26100,24,22
timeStep,numberOfRobotsOnBlackSite,numberOfRobotsOnWhiteSite
26101,24,22
timeStep,numberOfRobotsOnBlackSite,numberOfRobotsOnWhiteSite
26102,24,22
timeStep,numberOfRobotsOnBlackSite,numberOfRobotsOnWhiteSite
26103,24,22
timeStep,numberOfRobotsOnBlackSite,numberOfRobotsOnWhiteSite
26104,24,22
timeStep,numberOfRobotsOnBlackSite,numberOfRobotsOnWhiteSite
26105,24,22
timeStep,numberOfRobotsOnBlackSite,numberOfRobotsOnWhiteSite
26106,24,22
timeStep,numberOfRobotsOnBlackSite,numberOfRobotsOnWhiteSite
26107,24,22
timeStep,numberOfRobotsOnBlackSite,numberOfRobotsOnWhiteSite
26108,24,22
timeStep,numberOfRobotsOnBlackSite,numberOfRobotsOnWhiteSite
26109,24,22
timeStep,numberOfRobotsOnBlackSite,numberOfRobotsOnWhiteSite
26110,24,22
timeStep,numberOfRobotsOnBlackSite,numberOfRobotsOnWhiteSite
26111,24,22
timeStep,numberOfRobotsOnBlackSite,numberOfRobotsOnWhiteSite
26112,24,22
timeStep,numberOfRobotsOnBlackSite,numberOfRobotsOnWhiteSite
26113,24,22
timeStep,numberOfRobotsOnBlackSite,numberOfRobotsOnWhiteSite
26114,24,22
timeStep,numberOfRobotsOnBlackSite,numberOfRobotsOnWhiteSite
26115,24,22
timeStep,numberOfRobotsOnBlackSite,numberOfRobotsOnWhiteSite
26116,24,22
timeStep,numberOfRobotsOnBlackSite,numberOfRobotsOnWhiteSite
26117,24,22
timeStep,numberOfRobotsOnBlackSite,numberOfRobotsOnWhiteSite
26118,24,22
timeStep,numberOfRobotsOnBlackSite,numberOfRobotsOnWhiteSite
26119,24,22
timeStep,numberOfRobotsOnBlackSite,numberOfRobotsOnWhiteSite
26120,24,22
timeStep,numberOfRobotsOnBlackSite,numberOfRobotsOnWhiteSite
26121,24,22
timeStep,numberOfRobotsOnBlackSite,numberOfRobotsOnWhiteSite
26122,24,22
timeStep,numberOfRobotsOnBlackSite,numberOfRobotsOnWhiteSite
26123,24,22
timeStep,numberOfRobotsOnBlackSite,numberOfRobotsOnWhiteSite
26124,24,22
timeStep,numberOfRobotsOnBlackSite,numberOfRobotsOnWhiteSite
26125,24,22
timeStep,numberOfRobotsOnBlackSite,numberOfRobotsOnWhiteSite
26126,24,22
timeStep,numberOfRobotsOnBlackSite,numberOfRobotsOnWhiteSite
26127,24,22
timeStep,numberOfRobotsOnBlackSite,numberOfRobotsOnWhiteSite
26128,24,22
timeStep,numberOfRobotsOnBlackSite,numberOfRobotsOnWhiteSite
26129,24,22
timeStep,numberOfRobotsOnBlackSite,numberOfRobotsOnWhiteSite
26130,24,22
timeStep,numberOfRobotsOnBlackSite,numberOfRobotsOnWhiteSite
26131,24,22
timeStep,numberOfRobotsOnBlackSite,numberOfRobotsOnWhiteSite
26132,24,22
timeStep,numberOfRobotsOnBlackSite,numberOfRobotsOnWhiteSite
26133,24,22
timeStep,numberOfRobotsOnBlackSite,numberOfRobotsOnWhiteSite
26134,24,22
timeStep,numberOfRobotsOnBlackSite,numberOfRobotsOnWhiteSite
26135,24,22
timeStep,numberOfRobotsOnBlackSite,numberOfRobotsOnWhiteSite
26136,24,22
timeStep,numberOfRobotsOnBlackSite,numberOfRobotsOnWhiteSite
26137,24,22
timeStep,numberOfRobotsOnBlackSite,numberOfRobotsOnWhiteSite
26138,24,22
timeStep,numberOfRobotsOnBlackSite,numberOfRobotsOnWhiteSite
26139,24,22
timeStep,numberOfRobotsOnBlackSite,numberOfRobotsOnWhiteSite
26140,24,22
timeStep,numberOfRobotsOnBlackSite,numberOfRobotsOnWhiteSite
26141,24,22
timeStep,numberOfRobotsOnBlackSite,numberOfRobotsOnWhiteSite
26142,24,22
timeStep,numberOfRobotsOnBlackSite,numberOfRobotsOnWhiteSite
26143,24,22
timeStep,numberOfRobotsOnBlackSite,numberOfRobotsOnWhiteSite
26144,24,22
timeStep,numberOfRobotsOnBlackSite,numberOfRobotsOnWhiteSite
26145,24,22
timeStep,numberOfRobotsOnBlackSite,numberOfRobotsOnWhiteSite
26146,24,22
timeStep,numberOfRobotsOnBlackSite,numberOfRobotsOnWhiteSite
26147,24,22
timeStep,numberOfRobotsOnBlackSite,numberOfRobotsOnWhiteSite
26148,24,22
timeStep,numberOfRobotsOnBlackSite,numberOfRobotsOnWhiteSite
26149,24,22
timeStep,numberOfRobotsOnBlackSite,numberOfRobotsOnWhiteSite
26150,24,22
timeStep,numberOfRobotsOnBlackSite,numberOfRobotsOnWhiteSite
26151,24,22
timeStep,numberOfRobotsOnBlackSite,numberOfRobotsOnWhiteSite
26152,24,22
timeStep,numberOfRobotsOnBlackSite,numberOfRobotsOnWhiteSite
26153,24,22
timeStep,numberOfRobotsOnBlackSite,numberOfRobotsOnWhiteSite
26154,24,22
timeStep,numberOfRobotsOnBlackSite,numberOfRobotsOnWhiteSite
26155,24,22
timeStep,numberOfRobotsOnBlackSite,numberOfRobotsOnWhiteSite
26156,24,22
timeStep,numberOfRobotsOnBlackSite,numberOfRobotsOnWhiteSite
26157,24,22
timeStep,numberOfRobotsOnBlackSite,numberOfRobotsOnWhiteSite
26158,24,22
timeStep,numberOfRobotsOnBlackSite,numberOfRobotsOnWhiteSite
26159,24,22
timeStep,numberOfRobotsOnBlackSite,numberOfRobotsOnWhiteSite
26160,24,22
timeStep,numberOfRobotsOnBlackSite,numberOfRobotsOnWhiteSite
26161,24,22
timeStep,numberOfRobotsOnBlackSite,numberOfRobotsOnWhiteSite
26162,24,22
timeStep,numberOfRobotsOnBlackSite,numberOfRobotsOnWhiteSite
26163,24,22
timeStep,numberOfRobotsOnBlackSite,numberOfRobotsOnWhiteSite
26164,24,22
timeStep,numberOfRobotsOnBlackSite,numberOfRobotsOnWhiteSite
26165,24,22
timeStep,numberOfRobotsOnBlackSite,numberOfRobotsOnWhiteSite
26166,24,22
timeStep,numberOfRobotsOnBlackSite,numberOfRobotsOnWhiteSite
26167,24,22
timeStep,numberOfRobotsOnBlackSite,numberOfRobotsOnWhiteSite
26168,24,22
timeStep,numberOfRobotsOnBlackSite,numberOfRobotsOnWhiteSite
26169,24,22
timeStep,numberOfRobotsOnBlackSite,numberOfRobotsOnWhiteSite
26170,24,22
timeStep,numberOfRobotsOnBlackSite,numberOfRobotsOnWhiteSite
26171,24,22
timeStep,numberOfRobotsOnBlackSite,numberOfRobotsOnWhiteSite
26172,24,22
timeStep,numberOfRobotsOnBlackSite,numberOfRobotsOnWhiteSite
26173,24,22
timeStep,numberOfRobotsOnBlackSite,numberOfRobotsOnWhiteSite
26174,24,22
timeStep,numberOfRobotsOnBlackSite,numberOfRobotsOnWhiteSite
26175,24,22
timeStep,numberOfRobotsOnBlackSite,numberOfRobotsOnWhiteSite
26176,24,22
timeStep,numberOfRobotsOnBlackSite,numberOfRobotsOnWhiteSite
26177,24,22
timeStep,numberOfRobotsOnBlackSite,numberOfRobotsOnWhiteSite
26178,24,22
timeStep,numberOfRobotsOnBlackSite,numberOfRobotsOnWhiteSite
26179,24,22
timeStep,numberOfRobotsOnBlackSite,numberOfRobotsOnWhiteSite
26180,24,22
timeStep,numberOfRobotsOnBlackSite,numberOfRobotsOnWhiteSite
26181,24,22
timeStep,numberOfRobotsOnBlackSite,numberOfRobotsOnWhiteSite
26182,24,22
timeStep,numberOfRobotsOnBlackSite,numberOfRobotsOnWhiteSite
26183,24,22
timeStep,numberOfRobotsOnBlackSite,numberOfRobotsOnWhiteSite
26184,24,22
timeStep,numberOfRobotsOnBlackSite,numberOfRobotsOnWhiteSite
26185,24,22
timeStep,numberOfRobotsOnBlackSite,numberOfRobotsOnWhiteSite
26186,24,22
timeStep,numberOfRobotsOnBlackSite,numberOfRobotsOnWhiteSite
26187,24,22
timeStep,numberOfRobotsOnBlackSite,numberOfRobotsOnWhiteSite
26188,24,22
timeStep,numberOfRobotsOnBlackSite,numberOfRobotsOnWhiteSite
26189,24,22
timeStep,numberOfRobotsOnBlackSite,numberOfRobotsOnWhiteSite
26190,24,22
timeStep,numberOfRobotsOnBlackSite,numberOfRobotsOnWhiteSite
26191,24,22
timeStep,numberOfRobotsOnBlackSite,numberOfRobotsOnWhiteSite
26192,24,22
timeStep,numberOfRobotsOnBlackSite,numberOfRobotsOnWhiteSite
26193,24,22
timeStep,numberOfRobotsOnBlackSite,numberOfRobotsOnWhiteSite
26194,24,22
timeStep,numberOfRobotsOnBlackSite,numberOfRobotsOnWhiteSite
26195,24,22
timeStep,numberOfRobotsOnBlackSite,numberOfRobotsOnWhiteSite
26196,24,22
timeStep,numberOfRobotsOnBlackSite,numberOfRobotsOnWhiteSite
26197,24,22
timeStep,numberOfRobotsOnBlackSite,numberOfRobotsOnWhiteSite
26198,24,22
timeStep,numberOfRobotsOnBlackSite,numberOfRobotsOnWhiteSite
26199,24,22
timeStep,numberOfRobotsOnBlackSite,numberOfRobotsOnWhiteSite
26200,24,22
timeStep,numberOfRobotsOnBlackSite,numberOfRobotsOnWhiteSite
26201,24,22
timeStep,numberOfRobotsOnBlackSite,numberOfRobotsOnWhiteSite
26202,24,22
timeStep,numberOfRobotsOnBlackSite,numberOfRobotsOnWhiteSite
26203,24,22
timeStep,numberOfRobotsOnBlackSite,numberOfRobotsOnWhiteSite
26204,24,22
timeStep,numberOfRobotsOnBlackSite,numberOfRobotsOnWhiteSite
26205,24,22
timeStep,numberOfRobotsOnBlackSite,numberOfRobotsOnWhiteSite
26206,24,22
timeStep,numberOfRobotsOnBlackSite,numberOfRobotsOnWhiteSite
26207,24,22
timeStep,numberOfRobotsOnBlackSite,numberOfRobotsOnWhiteSite
26208,24,22
timeStep,numberOfRobotsOnBlackSite,numberOfRobotsOnWhiteSite
26209,24,22
timeStep,numberOfRobotsOnBlackSite,numberOfRobotsOnWhiteSite
26210,24,22
timeStep,numberOfRobotsOnBlackSite,numberOfRobotsOnWhiteSite
26211,24,22
timeStep,numberOfRobotsOnBlackSite,numberOfRobotsOnWhiteSite
26212,24,22
timeStep,numberOfRobotsOnBlackSite,numberOfRobotsOnWhiteSite
26213,24,22
timeStep,numberOfRobotsOnBlackSite,numberOfRobotsOnWhiteSite
26214,24,22
timeStep,numberOfRobotsOnBlackSite,numberOfRobotsOnWhiteSite
26215,24,22
timeStep,numberOfRobotsOnBlackSite,numberOfRobotsOnWhiteSite
26216,24,22
timeStep,numberOfRobotsOnBlackSite,numberOfRobotsOnWhiteSite
26217,24,22
timeStep,numberOfRobotsOnBlackSite,numberOfRobotsOnWhiteSite
26218,24,22
timeStep,numberOfRobotsOnBlackSite,numberOfRobotsOnWhiteSite
26219,24,22
timeStep,numberOfRobotsOnBlackSite,numberOfRobotsOnWhiteSite
26220,24,22
timeStep,numberOfRobotsOnBlackSite,numberOfRobotsOnWhiteSite
26221,24,22
timeStep,numberOfRobotsOnBlackSite,numberOfRobotsOnWhiteSite
26222,24,22
timeStep,numberOfRobotsOnBlackSite,numberOfRobotsOnWhiteSite
26223,24,22
timeStep,numberOfRobotsOnBlackSite,numberOfRobotsOnWhiteSite
26224,24,22
timeStep,numberOfRobotsOnBlackSite,numberOfRobotsOnWhiteSite
26225,24,22
timeStep,numberOfRobotsOnBlackSite,numberOfRobotsOnWhiteSite
26226,24,22
timeStep,numberOfRobotsOnBlackSite,numberOfRobotsOnWhiteSite
26227,24,22
timeStep,numberOfRobotsOnBlackSite,numberOfRobotsOnWhiteSite
26228,24,22
timeStep,numberOfRobotsOnBlackSite,numberOfRobotsOnWhiteSite
26229,24,22
timeStep,numberOfRobotsOnBlackSite,numberOfRobotsOnWhiteSite
26230,24,22
timeStep,numberOfRobotsOnBlackSite,numberOfRobotsOnWhiteSite
26231,24,22
timeStep,numberOfRobotsOnBlackSite,numberOfRobotsOnWhiteSite
26232,24,22
timeStep,numberOfRobotsOnBlackSite,numberOfRobotsOnWhiteSite
26233,24,22
timeStep,numberOfRobotsOnBlackSite,numberOfRobotsOnWhiteSite
26234,24,22
timeStep,numberOfRobotsOnBlackSite,numberOfRobotsOnWhiteSite
26235,24,22
timeStep,numberOfRobotsOnBlackSite,numberOfRobotsOnWhiteSite
26236,24,22
timeStep,numberOfRobotsOnBlackSite,numberOfRobotsOnWhiteSite
26237,24,22
timeStep,numberOfRobotsOnBlackSite,numberOfRobotsOnWhiteSite
26238,24,22
timeStep,numberOfRobotsOnBlackSite,numberOfRobotsOnWhiteSite
26239,24,22
timeStep,numberOfRobotsOnBlackSite,numberOfRobotsOnWhiteSite
26240,24,22
timeStep,numberOfRobotsOnBlackSite,numberOfRobotsOnWhiteSite
26241,24,22
timeStep,numberOfRobotsOnBlackSite,numberOfRobotsOnWhiteSite
26242,24,22
timeStep,numberOfRobotsOnBlackSite,numberOfRobotsOnWhiteSite
26243,24,22
timeStep,numberOfRobotsOnBlackSite,numberOfRobotsOnWhiteSite
26244,24,22
timeStep,numberOfRobotsOnBlackSite,numberOfRobotsOnWhiteSite
26245,24,22
timeStep,numberOfRobotsOnBlackSite,numberOfRobotsOnWhiteSite
26246,24,22
timeStep,numberOfRobotsOnBlackSite,numberOfRobotsOnWhiteSite
26247,24,22
timeStep,numberOfRobotsOnBlackSite,numberOfRobotsOnWhiteSite
26248,24,22
timeStep,numberOfRobotsOnBlackSite,numberOfRobotsOnWhiteSite
26249,24,22
timeStep,numberOfRobotsOnBlackSite,numberOfRobotsOnWhiteSite
26250,24,22
timeStep,numberOfRobotsOnBlackSite,numberOfRobotsOnWhiteSite
26251,24,22
timeStep,numberOfRobotsOnBlackSite,numberOfRobotsOnWhiteSite
26252,24,22
timeStep,numberOfRobotsOnBlackSite,numberOfRobotsOnWhiteSite
26253,24,22
timeStep,numberOfRobotsOnBlackSite,numberOfRobotsOnWhiteSite
26254,24,22
timeStep,numberOfRobotsOnBlackSite,numberOfRobotsOnWhiteSite
26255,24,22
timeStep,numberOfRobotsOnBlackSite,numberOfRobotsOnWhiteSite
26256,24,22
timeStep,numberOfRobotsOnBlackSite,numberOfRobotsOnWhiteSite
26257,24,22
timeStep,numberOfRobotsOnBlackSite,numberOfRobotsOnWhiteSite
26258,24,22
timeStep,numberOfRobotsOnBlackSite,numberOfRobotsOnWhiteSite
26259,24,22
timeStep,numberOfRobotsOnBlackSite,numberOfRobotsOnWhiteSite
26260,24,22
timeStep,numberOfRobotsOnBlackSite,numberOfRobotsOnWhiteSite
26261,24,22
timeStep,numberOfRobotsOnBlackSite,numberOfRobotsOnWhiteSite
26262,24,22
timeStep,numberOfRobotsOnBlackSite,numberOfRobotsOnWhiteSite
26263,24,22
timeStep,numberOfRobotsOnBlackSite,numberOfRobotsOnWhiteSite
26264,24,22
timeStep,numberOfRobotsOnBlackSite,numberOfRobotsOnWhiteSite
26265,24,22
timeStep,numberOfRobotsOnBlackSite,numberOfRobotsOnWhiteSite
26266,24,22
timeStep,numberOfRobotsOnBlackSite,numberOfRobotsOnWhiteSite
26267,24,22
timeStep,numberOfRobotsOnBlackSite,numberOfRobotsOnWhiteSite
26268,24,22
timeStep,numberOfRobotsOnBlackSite,numberOfRobotsOnWhiteSite
26269,24,22
timeStep,numberOfRobotsOnBlackSite,numberOfRobotsOnWhiteSite
26270,24,22
timeStep,numberOfRobotsOnBlackSite,numberOfRobotsOnWhiteSite
26271,24,22
timeStep,numberOfRobotsOnBlackSite,numberOfRobotsOnWhiteSite
26272,24,22
timeStep,numberOfRobotsOnBlackSite,numberOfRobotsOnWhiteSite
26273,24,22
timeStep,numberOfRobotsOnBlackSite,numberOfRobotsOnWhiteSite
26274,24,22
timeStep,numberOfRobotsOnBlackSite,numberOfRobotsOnWhiteSite
26275,24,22
timeStep,numberOfRobotsOnBlackSite,numberOfRobotsOnWhiteSite
26276,24,22
timeStep,numberOfRobotsOnBlackSite,numberOfRobotsOnWhiteSite
26277,24,22
timeStep,numberOfRobotsOnBlackSite,numberOfRobotsOnWhiteSite
26278,24,22
timeStep,numberOfRobotsOnBlackSite,numberOfRobotsOnWhiteSite
26279,24,22
timeStep,numberOfRobotsOnBlackSite,numberOfRobotsOnWhiteSite
26280,24,22
timeStep,numberOfRobotsOnBlackSite,numberOfRobotsOnWhiteSite
26281,24,22
timeStep,numberOfRobotsOnBlackSite,numberOfRobotsOnWhiteSite
26282,24,22
timeStep,numberOfRobotsOnBlackSite,numberOfRobotsOnWhiteSite
26283,24,22
timeStep,numberOfRobotsOnBlackSite,numberOfRobotsOnWhiteSite
26284,24,22
timeStep,numberOfRobotsOnBlackSite,numberOfRobotsOnWhiteSite
26285,24,22
timeStep,numberOfRobotsOnBlackSite,numberOfRobotsOnWhiteSite
26286,24,22
timeStep,numberOfRobotsOnBlackSite,numberOfRobotsOnWhiteSite
26287,24,22
timeStep,numberOfRobotsOnBlackSite,numberOfRobotsOnWhiteSite
26288,24,22
timeStep,numberOfRobotsOnBlackSite,numberOfRobotsOnWhiteSite
26289,24,22
timeStep,numberOfRobotsOnBlackSite,numberOfRobotsOnWhiteSite
26290,24,22
timeStep,numberOfRobotsOnBlackSite,numberOfRobotsOnWhiteSite
26291,24,22
timeStep,numberOfRobotsOnBlackSite,numberOfRobotsOnWhiteSite
26292,24,22
timeStep,numberOfRobotsOnBlackSite,numberOfRobotsOnWhiteSite
26293,24,22
timeStep,numberOfRobotsOnBlackSite,numberOfRobotsOnWhiteSite
26294,24,22
timeStep,numberOfRobotsOnBlackSite,numberOfRobotsOnWhiteSite
26295,24,22
timeStep,numberOfRobotsOnBlackSite,numberOfRobotsOnWhiteSite
26296,24,22
timeStep,numberOfRobotsOnBlackSite,numberOfRobotsOnWhiteSite
26297,24,22
timeStep,numberOfRobotsOnBlackSite,numberOfRobotsOnWhiteSite
26298,24,22
timeStep,numberOfRobotsOnBlackSite,numberOfRobotsOnWhiteSite
26299,24,22
timeStep,numberOfRobotsOnBlackSite,numberOfRobotsOnWhiteSite
26300,24,22
timeStep,numberOfRobotsOnBlackSite,numberOfRobotsOnWhiteSite
26301,24,22
timeStep,numberOfRobotsOnBlackSite,numberOfRobotsOnWhiteSite
26302,24,22
timeStep,numberOfRobotsOnBlackSite,numberOfRobotsOnWhiteSite
26303,24,22
timeStep,numberOfRobotsOnBlackSite,numberOfRobotsOnWhiteSite
26304,24,22
timeStep,numberOfRobotsOnBlackSite,numberOfRobotsOnWhiteSite
26305,24,22
timeStep,numberOfRobotsOnBlackSite,numberOfRobotsOnWhiteSite
26306,24,22
timeStep,numberOfRobotsOnBlackSite,numberOfRobotsOnWhiteSite
26307,24,22
timeStep,numberOfRobotsOnBlackSite,numberOfRobotsOnWhiteSite
26308,24,22
timeStep,numberOfRobotsOnBlackSite,numberOfRobotsOnWhiteSite
26309,24,22
timeStep,numberOfRobotsOnBlackSite,numberOfRobotsOnWhiteSite
26310,24,22
timeStep,numberOfRobotsOnBlackSite,numberOfRobotsOnWhiteSite
26311,24,22
timeStep,numberOfRobotsOnBlackSite,numberOfRobotsOnWhiteSite
26312,24,22
timeStep,numberOfRobotsOnBlackSite,numberOfRobotsOnWhiteSite
26313,24,22
timeStep,numberOfRobotsOnBlackSite,numberOfRobotsOnWhiteSite
26314,24,22
timeStep,numberOfRobotsOnBlackSite,numberOfRobotsOnWhiteSite
26315,24,22
timeStep,numberOfRobotsOnBlackSite,numberOfRobotsOnWhiteSite
26316,24,22
timeStep,numberOfRobotsOnBlackSite,numberOfRobotsOnWhiteSite
26317,24,22
timeStep,numberOfRobotsOnBlackSite,numberOfRobotsOnWhiteSite
26318,24,22
timeStep,numberOfRobotsOnBlackSite,numberOfRobotsOnWhiteSite
26319,24,22
timeStep,numberOfRobotsOnBlackSite,numberOfRobotsOnWhiteSite
26320,24,22
timeStep,numberOfRobotsOnBlackSite,numberOfRobotsOnWhiteSite
26321,24,22
timeStep,numberOfRobotsOnBlackSite,numberOfRobotsOnWhiteSite
26322,24,22
timeStep,numberOfRobotsOnBlackSite,numberOfRobotsOnWhiteSite
26323,24,22
timeStep,numberOfRobotsOnBlackSite,numberOfRobotsOnWhiteSite
26324,24,22
timeStep,numberOfRobotsOnBlackSite,numberOfRobotsOnWhiteSite
26325,24,22
timeStep,numberOfRobotsOnBlackSite,numberOfRobotsOnWhiteSite
26326,24,22
timeStep,numberOfRobotsOnBlackSite,numberOfRobotsOnWhiteSite
26327,24,22
timeStep,numberOfRobotsOnBlackSite,numberOfRobotsOnWhiteSite
26328,24,22
timeStep,numberOfRobotsOnBlackSite,numberOfRobotsOnWhiteSite
26329,24,22
timeStep,numberOfRobotsOnBlackSite,numberOfRobotsOnWhiteSite
26330,24,22
timeStep,numberOfRobotsOnBlackSite,numberOfRobotsOnWhiteSite
26331,24,22
timeStep,numberOfRobotsOnBlackSite,numberOfRobotsOnWhiteSite
26332,24,22
timeStep,numberOfRobotsOnBlackSite,numberOfRobotsOnWhiteSite
26333,24,22
timeStep,numberOfRobotsOnBlackSite,numberOfRobotsOnWhiteSite
26334,24,22
timeStep,numberOfRobotsOnBlackSite,numberOfRobotsOnWhiteSite
26335,24,22
timeStep,numberOfRobotsOnBlackSite,numberOfRobotsOnWhiteSite
26336,24,22
timeStep,numberOfRobotsOnBlackSite,numberOfRobotsOnWhiteSite
26337,24,22
timeStep,numberOfRobotsOnBlackSite,numberOfRobotsOnWhiteSite
26338,24,22
timeStep,numberOfRobotsOnBlackSite,numberOfRobotsOnWhiteSite
26339,24,22
timeStep,numberOfRobotsOnBlackSite,numberOfRobotsOnWhiteSite
26340,24,22
timeStep,numberOfRobotsOnBlackSite,numberOfRobotsOnWhiteSite
26341,24,22
timeStep,numberOfRobotsOnBlackSite,numberOfRobotsOnWhiteSite
26342,24,22
timeStep,numberOfRobotsOnBlackSite,numberOfRobotsOnWhiteSite
26343,24,22
timeStep,numberOfRobotsOnBlackSite,numberOfRobotsOnWhiteSite
26344,24,22
timeStep,numberOfRobotsOnBlackSite,numberOfRobotsOnWhiteSite
26345,24,22
timeStep,numberOfRobotsOnBlackSite,numberOfRobotsOnWhiteSite
26346,24,22
timeStep,numberOfRobotsOnBlackSite,numberOfRobotsOnWhiteSite
26347,24,22
timeStep,numberOfRobotsOnBlackSite,numberOfRobotsOnWhiteSite
26348,24,22
timeStep,numberOfRobotsOnBlackSite,numberOfRobotsOnWhiteSite
26349,24,22
timeStep,numberOfRobotsOnBlackSite,numberOfRobotsOnWhiteSite
26350,24,22
timeStep,numberOfRobotsOnBlackSite,numberOfRobotsOnWhiteSite
26351,24,22
timeStep,numberOfRobotsOnBlackSite,numberOfRobotsOnWhiteSite
26352,24,22
timeStep,numberOfRobotsOnBlackSite,numberOfRobotsOnWhiteSite
26353,24,22
timeStep,numberOfRobotsOnBlackSite,numberOfRobotsOnWhiteSite
26354,24,22
timeStep,numberOfRobotsOnBlackSite,numberOfRobotsOnWhiteSite
26355,24,22
timeStep,numberOfRobotsOnBlackSite,numberOfRobotsOnWhiteSite
26356,24,22
timeStep,numberOfRobotsOnBlackSite,numberOfRobotsOnWhiteSite
26357,24,22
timeStep,numberOfRobotsOnBlackSite,numberOfRobotsOnWhiteSite
26358,24,22
timeStep,numberOfRobotsOnBlackSite,numberOfRobotsOnWhiteSite
26359,24,22
timeStep,numberOfRobotsOnBlackSite,numberOfRobotsOnWhiteSite
26360,24,22
timeStep,numberOfRobotsOnBlackSite,numberOfRobotsOnWhiteSite
26361,24,22
timeStep,numberOfRobotsOnBlackSite,numberOfRobotsOnWhiteSite
26362,24,22
timeStep,numberOfRobotsOnBlackSite,numberOfRobotsOnWhiteSite
26363,24,22
timeStep,numberOfRobotsOnBlackSite,numberOfRobotsOnWhiteSite
26364,24,22
timeStep,numberOfRobotsOnBlackSite,numberOfRobotsOnWhiteSite
26365,24,22
timeStep,numberOfRobotsOnBlackSite,numberOfRobotsOnWhiteSite
26366,24,22
timeStep,numberOfRobotsOnBlackSite,numberOfRobotsOnWhiteSite
26367,24,22
timeStep,numberOfRobotsOnBlackSite,numberOfRobotsOnWhiteSite
26368,24,22
timeStep,numberOfRobotsOnBlackSite,numberOfRobotsOnWhiteSite
26369,24,22
timeStep,numberOfRobotsOnBlackSite,numberOfRobotsOnWhiteSite
26370,24,22
timeStep,numberOfRobotsOnBlackSite,numberOfRobotsOnWhiteSite
26371,24,22
timeStep,numberOfRobotsOnBlackSite,numberOfRobotsOnWhiteSite
26372,24,22
timeStep,numberOfRobotsOnBlackSite,numberOfRobotsOnWhiteSite
26373,24,22
timeStep,numberOfRobotsOnBlackSite,numberOfRobotsOnWhiteSite
26374,24,22
timeStep,numberOfRobotsOnBlackSite,numberOfRobotsOnWhiteSite
26375,24,22
timeStep,numberOfRobotsOnBlackSite,numberOfRobotsOnWhiteSite
26376,24,22
timeStep,numberOfRobotsOnBlackSite,numberOfRobotsOnWhiteSite
26377,24,22
timeStep,numberOfRobotsOnBlackSite,numberOfRobotsOnWhiteSite
26378,24,22
timeStep,numberOfRobotsOnBlackSite,numberOfRobotsOnWhiteSite
26379,24,22
timeStep,numberOfRobotsOnBlackSite,numberOfRobotsOnWhiteSite
26380,24,22
timeStep,numberOfRobotsOnBlackSite,numberOfRobotsOnWhiteSite
26381,24,22
timeStep,numberOfRobotsOnBlackSite,numberOfRobotsOnWhiteSite
26382,24,22
timeStep,numberOfRobotsOnBlackSite,numberOfRobotsOnWhiteSite
26383,24,22
timeStep,numberOfRobotsOnBlackSite,numberOfRobotsOnWhiteSite
26384,24,22
timeStep,numberOfRobotsOnBlackSite,numberOfRobotsOnWhiteSite
26385,24,22
timeStep,numberOfRobotsOnBlackSite,numberOfRobotsOnWhiteSite
26386,24,22
timeStep,numberOfRobotsOnBlackSite,numberOfRobotsOnWhiteSite
26387,24,22
timeStep,numberOfRobotsOnBlackSite,numberOfRobotsOnWhiteSite
26388,24,22
timeStep,numberOfRobotsOnBlackSite,numberOfRobotsOnWhiteSite
26389,24,22
timeStep,numberOfRobotsOnBlackSite,numberOfRobotsOnWhiteSite
26390,24,22
timeStep,numberOfRobotsOnBlackSite,numberOfRobotsOnWhiteSite
26391,24,22
timeStep,numberOfRobotsOnBlackSite,numberOfRobotsOnWhiteSite
26392,24,22
timeStep,numberOfRobotsOnBlackSite,numberOfRobotsOnWhiteSite
26393,24,22
timeStep,numberOfRobotsOnBlackSite,numberOfRobotsOnWhiteSite
26394,24,22
timeStep,numberOfRobotsOnBlackSite,numberOfRobotsOnWhiteSite
26395,24,22
timeStep,numberOfRobotsOnBlackSite,numberOfRobotsOnWhiteSite
26396,24,22
timeStep,numberOfRobotsOnBlackSite,numberOfRobotsOnWhiteSite
26397,24,22
timeStep,numberOfRobotsOnBlackSite,numberOfRobotsOnWhiteSite
26398,24,22
timeStep,numberOfRobotsOnBlackSite,numberOfRobotsOnWhiteSite
26399,24,22
timeStep,numberOfRobotsOnBlackSite,numberOfRobotsOnWhiteSite
26400,24,22
timeStep,numberOfRobotsOnBlackSite,numberOfRobotsOnWhiteSite
26401,24,22
timeStep,numberOfRobotsOnBlackSite,numberOfRobotsOnWhiteSite
26402,24,22
timeStep,numberOfRobotsOnBlackSite,numberOfRobotsOnWhiteSite
26403,24,22
timeStep,numberOfRobotsOnBlackSite,numberOfRobotsOnWhiteSite
26404,24,22
timeStep,numberOfRobotsOnBlackSite,numberOfRobotsOnWhiteSite
26405,24,22
timeStep,numberOfRobotsOnBlackSite,numberOfRobotsOnWhiteSite
26406,24,22
timeStep,numberOfRobotsOnBlackSite,numberOfRobotsOnWhiteSite
26407,24,22
timeStep,numberOfRobotsOnBlackSite,numberOfRobotsOnWhiteSite
26408,24,22
timeStep,numberOfRobotsOnBlackSite,numberOfRobotsOnWhiteSite
26409,24,22
timeStep,numberOfRobotsOnBlackSite,numberOfRobotsOnWhiteSite
26410,24,22
timeStep,numberOfRobotsOnBlackSite,numberOfRobotsOnWhiteSite
26411,24,22
timeStep,numberOfRobotsOnBlackSite,numberOfRobotsOnWhiteSite
26412,24,22
timeStep,numberOfRobotsOnBlackSite,numberOfRobotsOnWhiteSite
26413,24,22
timeStep,numberOfRobotsOnBlackSite,numberOfRobotsOnWhiteSite
26414,24,22
timeStep,numberOfRobotsOnBlackSite,numberOfRobotsOnWhiteSite
26415,24,22
timeStep,numberOfRobotsOnBlackSite,numberOfRobotsOnWhiteSite
26416,24,22
timeStep,numberOfRobotsOnBlackSite,numberOfRobotsOnWhiteSite
26417,24,22
timeStep,numberOfRobotsOnBlackSite,numberOfRobotsOnWhiteSite
26418,24,22
timeStep,numberOfRobotsOnBlackSite,numberOfRobotsOnWhiteSite
26419,24,22
timeStep,numberOfRobotsOnBlackSite,numberOfRobotsOnWhiteSite
26420,24,22
timeStep,numberOfRobotsOnBlackSite,numberOfRobotsOnWhiteSite
26421,24,22
timeStep,numberOfRobotsOnBlackSite,numberOfRobotsOnWhiteSite
26422,24,22
timeStep,numberOfRobotsOnBlackSite,numberOfRobotsOnWhiteSite
26423,24,22
timeStep,numberOfRobotsOnBlackSite,numberOfRobotsOnWhiteSite
26424,24,22
timeStep,numberOfRobotsOnBlackSite,numberOfRobotsOnWhiteSite
26425,24,22
timeStep,numberOfRobotsOnBlackSite,numberOfRobotsOnWhiteSite
26426,24,22
timeStep,numberOfRobotsOnBlackSite,numberOfRobotsOnWhiteSite
26427,24,22
timeStep,numberOfRobotsOnBlackSite,numberOfRobotsOnWhiteSite
26428,24,22
timeStep,numberOfRobotsOnBlackSite,numberOfRobotsOnWhiteSite
26429,24,22
timeStep,numberOfRobotsOnBlackSite,numberOfRobotsOnWhiteSite
26430,24,22
timeStep,numberOfRobotsOnBlackSite,numberOfRobotsOnWhiteSite
26431,24,22
timeStep,numberOfRobotsOnBlackSite,numberOfRobotsOnWhiteSite
26432,24,22
timeStep,numberOfRobotsOnBlackSite,numberOfRobotsOnWhiteSite
26433,24,22
timeStep,numberOfRobotsOnBlackSite,numberOfRobotsOnWhiteSite
26434,24,22
timeStep,numberOfRobotsOnBlackSite,numberOfRobotsOnWhiteSite
26435,24,22
timeStep,numberOfRobotsOnBlackSite,numberOfRobotsOnWhiteSite
26436,24,22
timeStep,numberOfRobotsOnBlackSite,numberOfRobotsOnWhiteSite
26437,24,22
timeStep,numberOfRobotsOnBlackSite,numberOfRobotsOnWhiteSite
26438,24,22
timeStep,numberOfRobotsOnBlackSite,numberOfRobotsOnWhiteSite
26439,24,22
timeStep,numberOfRobotsOnBlackSite,numberOfRobotsOnWhiteSite
26440,24,22
timeStep,numberOfRobotsOnBlackSite,numberOfRobotsOnWhiteSite
26441,24,22
timeStep,numberOfRobotsOnBlackSite,numberOfRobotsOnWhiteSite
26442,24,22
timeStep,numberOfRobotsOnBlackSite,numberOfRobotsOnWhiteSite
26443,24,22
timeStep,numberOfRobotsOnBlackSite,numberOfRobotsOnWhiteSite
26444,24,22
timeStep,numberOfRobotsOnBlackSite,numberOfRobotsOnWhiteSite
26445,24,22
timeStep,numberOfRobotsOnBlackSite,numberOfRobotsOnWhiteSite
26446,24,22
timeStep,numberOfRobotsOnBlackSite,numberOfRobotsOnWhiteSite
26447,24,22
timeStep,numberOfRobotsOnBlackSite,numberOfRobotsOnWhiteSite
26448,24,22
timeStep,numberOfRobotsOnBlackSite,numberOfRobotsOnWhiteSite
26449,24,22
timeStep,numberOfRobotsOnBlackSite,numberOfRobotsOnWhiteSite
26450,24,22
timeStep,numberOfRobotsOnBlackSite,numberOfRobotsOnWhiteSite
26451,24,22
timeStep,numberOfRobotsOnBlackSite,numberOfRobotsOnWhiteSite
26452,24,22
timeStep,numberOfRobotsOnBlackSite,numberOfRobotsOnWhiteSite
26453,24,22
timeStep,numberOfRobotsOnBlackSite,numberOfRobotsOnWhiteSite
26454,24,22
timeStep,numberOfRobotsOnBlackSite,numberOfRobotsOnWhiteSite
26455,24,22
timeStep,numberOfRobotsOnBlackSite,numberOfRobotsOnWhiteSite
26456,24,22
timeStep,numberOfRobotsOnBlackSite,numberOfRobotsOnWhiteSite
26457,24,22
timeStep,numberOfRobotsOnBlackSite,numberOfRobotsOnWhiteSite
26458,24,22
timeStep,numberOfRobotsOnBlackSite,numberOfRobotsOnWhiteSite
26459,24,22
timeStep,numberOfRobotsOnBlackSite,numberOfRobotsOnWhiteSite
26460,24,22
timeStep,numberOfRobotsOnBlackSite,numberOfRobotsOnWhiteSite
26461,24,22
timeStep,numberOfRobotsOnBlackSite,numberOfRobotsOnWhiteSite
26462,24,22
timeStep,numberOfRobotsOnBlackSite,numberOfRobotsOnWhiteSite
26463,24,22
timeStep,numberOfRobotsOnBlackSite,numberOfRobotsOnWhiteSite
26464,24,22
timeStep,numberOfRobotsOnBlackSite,numberOfRobotsOnWhiteSite
26465,24,22
timeStep,numberOfRobotsOnBlackSite,numberOfRobotsOnWhiteSite
26466,24,22
timeStep,numberOfRobotsOnBlackSite,numberOfRobotsOnWhiteSite
26467,24,22
timeStep,numberOfRobotsOnBlackSite,numberOfRobotsOnWhiteSite
26468,24,22
timeStep,numberOfRobotsOnBlackSite,numberOfRobotsOnWhiteSite
26469,24,22
timeStep,numberOfRobotsOnBlackSite,numberOfRobotsOnWhiteSite
26470,24,22
timeStep,numberOfRobotsOnBlackSite,numberOfRobotsOnWhiteSite
26471,24,22
timeStep,numberOfRobotsOnBlackSite,numberOfRobotsOnWhiteSite
26472,24,22
timeStep,numberOfRobotsOnBlackSite,numberOfRobotsOnWhiteSite
26473,24,22
timeStep,numberOfRobotsOnBlackSite,numberOfRobotsOnWhiteSite
26474,24,22
timeStep,numberOfRobotsOnBlackSite,numberOfRobotsOnWhiteSite
26475,24,22
timeStep,numberOfRobotsOnBlackSite,numberOfRobotsOnWhiteSite
26476,24,22
timeStep,numberOfRobotsOnBlackSite,numberOfRobotsOnWhiteSite
26477,24,22
timeStep,numberOfRobotsOnBlackSite,numberOfRobotsOnWhiteSite
26478,24,22
timeStep,numberOfRobotsOnBlackSite,numberOfRobotsOnWhiteSite
26479,24,22
timeStep,numberOfRobotsOnBlackSite,numberOfRobotsOnWhiteSite
26480,24,22
timeStep,numberOfRobotsOnBlackSite,numberOfRobotsOnWhiteSite
26481,24,22
timeStep,numberOfRobotsOnBlackSite,numberOfRobotsOnWhiteSite
26482,24,22
timeStep,numberOfRobotsOnBlackSite,numberOfRobotsOnWhiteSite
26483,24,22
timeStep,numberOfRobotsOnBlackSite,numberOfRobotsOnWhiteSite
26484,24,22
timeStep,numberOfRobotsOnBlackSite,numberOfRobotsOnWhiteSite
26485,24,22
timeStep,numberOfRobotsOnBlackSite,numberOfRobotsOnWhiteSite
26486,24,22
timeStep,numberOfRobotsOnBlackSite,numberOfRobotsOnWhiteSite
26487,24,22
timeStep,numberOfRobotsOnBlackSite,numberOfRobotsOnWhiteSite
26488,24,22
timeStep,numberOfRobotsOnBlackSite,numberOfRobotsOnWhiteSite
26489,24,22
timeStep,numberOfRobotsOnBlackSite,numberOfRobotsOnWhiteSite
26490,24,22
timeStep,numberOfRobotsOnBlackSite,numberOfRobotsOnWhiteSite
26491,24,22
timeStep,numberOfRobotsOnBlackSite,numberOfRobotsOnWhiteSite
26492,24,22
timeStep,numberOfRobotsOnBlackSite,numberOfRobotsOnWhiteSite
26493,24,22
timeStep,numberOfRobotsOnBlackSite,numberOfRobotsOnWhiteSite
26494,24,22
timeStep,numberOfRobotsOnBlackSite,numberOfRobotsOnWhiteSite
26495,24,22
timeStep,numberOfRobotsOnBlackSite,numberOfRobotsOnWhiteSite
26496,24,22
timeStep,numberOfRobotsOnBlackSite,numberOfRobotsOnWhiteSite
26497,24,22
timeStep,numberOfRobotsOnBlackSite,numberOfRobotsOnWhiteSite
26498,24,22
timeStep,numberOfRobotsOnBlackSite,numberOfRobotsOnWhiteSite
26499,24,22
timeStep,numberOfRobotsOnBlackSite,numberOfRobotsOnWhiteSite
26500,24,22
timeStep,numberOfRobotsOnBlackSite,numberOfRobotsOnWhiteSite
26501,24,22
timeStep,numberOfRobotsOnBlackSite,numberOfRobotsOnWhiteSite
26502,24,22
timeStep,numberOfRobotsOnBlackSite,numberOfRobotsOnWhiteSite
26503,24,22
timeStep,numberOfRobotsOnBlackSite,numberOfRobotsOnWhiteSite
26504,24,22
timeStep,numberOfRobotsOnBlackSite,numberOfRobotsOnWhiteSite
26505,24,22
timeStep,numberOfRobotsOnBlackSite,numberOfRobotsOnWhiteSite
26506,24,22
timeStep,numberOfRobotsOnBlackSite,numberOfRobotsOnWhiteSite
26507,24,22
timeStep,numberOfRobotsOnBlackSite,numberOfRobotsOnWhiteSite
26508,24,22
timeStep,numberOfRobotsOnBlackSite,numberOfRobotsOnWhiteSite
26509,24,22
timeStep,numberOfRobotsOnBlackSite,numberOfRobotsOnWhiteSite
26510,24,22
timeStep,numberOfRobotsOnBlackSite,numberOfRobotsOnWhiteSite
26511,24,22
timeStep,numberOfRobotsOnBlackSite,numberOfRobotsOnWhiteSite
26512,24,22
timeStep,numberOfRobotsOnBlackSite,numberOfRobotsOnWhiteSite
26513,24,22
timeStep,numberOfRobotsOnBlackSite,numberOfRobotsOnWhiteSite
26514,24,22
timeStep,numberOfRobotsOnBlackSite,numberOfRobotsOnWhiteSite
26515,24,22
timeStep,numberOfRobotsOnBlackSite,numberOfRobotsOnWhiteSite
26516,24,22
timeStep,numberOfRobotsOnBlackSite,numberOfRobotsOnWhiteSite
26517,24,22
timeStep,numberOfRobotsOnBlackSite,numberOfRobotsOnWhiteSite
26518,24,22
timeStep,numberOfRobotsOnBlackSite,numberOfRobotsOnWhiteSite
26519,24,22
timeStep,numberOfRobotsOnBlackSite,numberOfRobotsOnWhiteSite
26520,24,22
timeStep,numberOfRobotsOnBlackSite,numberOfRobotsOnWhiteSite
26521,24,22
timeStep,numberOfRobotsOnBlackSite,numberOfRobotsOnWhiteSite
26522,24,22
timeStep,numberOfRobotsOnBlackSite,numberOfRobotsOnWhiteSite
26523,24,22
timeStep,numberOfRobotsOnBlackSite,numberOfRobotsOnWhiteSite
26524,24,22
timeStep,numberOfRobotsOnBlackSite,numberOfRobotsOnWhiteSite
26525,24,22
timeStep,numberOfRobotsOnBlackSite,numberOfRobotsOnWhiteSite
26526,24,22
timeStep,numberOfRobotsOnBlackSite,numberOfRobotsOnWhiteSite
26527,24,22
timeStep,numberOfRobotsOnBlackSite,numberOfRobotsOnWhiteSite
26528,24,22
timeStep,numberOfRobotsOnBlackSite,numberOfRobotsOnWhiteSite
26529,24,22
timeStep,numberOfRobotsOnBlackSite,numberOfRobotsOnWhiteSite
26530,24,22
timeStep,numberOfRobotsOnBlackSite,numberOfRobotsOnWhiteSite
26531,24,22
timeStep,numberOfRobotsOnBlackSite,numberOfRobotsOnWhiteSite
26532,24,22
timeStep,numberOfRobotsOnBlackSite,numberOfRobotsOnWhiteSite
26533,24,22
timeStep,numberOfRobotsOnBlackSite,numberOfRobotsOnWhiteSite
26534,24,22
timeStep,numberOfRobotsOnBlackSite,numberOfRobotsOnWhiteSite
26535,24,22
timeStep,numberOfRobotsOnBlackSite,numberOfRobotsOnWhiteSite
26536,24,22
timeStep,numberOfRobotsOnBlackSite,numberOfRobotsOnWhiteSite
26537,24,22
timeStep,numberOfRobotsOnBlackSite,numberOfRobotsOnWhiteSite
26538,24,22
timeStep,numberOfRobotsOnBlackSite,numberOfRobotsOnWhiteSite
26539,24,22
timeStep,numberOfRobotsOnBlackSite,numberOfRobotsOnWhiteSite
26540,24,22
timeStep,numberOfRobotsOnBlackSite,numberOfRobotsOnWhiteSite
26541,24,22
timeStep,numberOfRobotsOnBlackSite,numberOfRobotsOnWhiteSite
26542,24,22
timeStep,numberOfRobotsOnBlackSite,numberOfRobotsOnWhiteSite
26543,24,22
timeStep,numberOfRobotsOnBlackSite,numberOfRobotsOnWhiteSite
26544,24,22
timeStep,numberOfRobotsOnBlackSite,numberOfRobotsOnWhiteSite
26545,24,22
timeStep,numberOfRobotsOnBlackSite,numberOfRobotsOnWhiteSite
26546,24,22
timeStep,numberOfRobotsOnBlackSite,numberOfRobotsOnWhiteSite
26547,24,22
timeStep,numberOfRobotsOnBlackSite,numberOfRobotsOnWhiteSite
26548,24,22
timeStep,numberOfRobotsOnBlackSite,numberOfRobotsOnWhiteSite
26549,24,22
timeStep,numberOfRobotsOnBlackSite,numberOfRobotsOnWhiteSite
26550,24,22
timeStep,numberOfRobotsOnBlackSite,numberOfRobotsOnWhiteSite
26551,24,22
timeStep,numberOfRobotsOnBlackSite,numberOfRobotsOnWhiteSite
26552,24,22
timeStep,numberOfRobotsOnBlackSite,numberOfRobotsOnWhiteSite
26553,24,22
timeStep,numberOfRobotsOnBlackSite,numberOfRobotsOnWhiteSite
26554,24,22
timeStep,numberOfRobotsOnBlackSite,numberOfRobotsOnWhiteSite
26555,24,22
timeStep,numberOfRobotsOnBlackSite,numberOfRobotsOnWhiteSite
26556,24,22
timeStep,numberOfRobotsOnBlackSite,numberOfRobotsOnWhiteSite
26557,24,22
timeStep,numberOfRobotsOnBlackSite,numberOfRobotsOnWhiteSite
26558,24,22
timeStep,numberOfRobotsOnBlackSite,numberOfRobotsOnWhiteSite
26559,24,22
timeStep,numberOfRobotsOnBlackSite,numberOfRobotsOnWhiteSite
26560,24,22
timeStep,numberOfRobotsOnBlackSite,numberOfRobotsOnWhiteSite
26561,24,22
timeStep,numberOfRobotsOnBlackSite,numberOfRobotsOnWhiteSite
26562,24,22
timeStep,numberOfRobotsOnBlackSite,numberOfRobotsOnWhiteSite
26563,24,22
timeStep,numberOfRobotsOnBlackSite,numberOfRobotsOnWhiteSite
26564,24,22
timeStep,numberOfRobotsOnBlackSite,numberOfRobotsOnWhiteSite
26565,24,22
timeStep,numberOfRobotsOnBlackSite,numberOfRobotsOnWhiteSite
26566,24,22
timeStep,numberOfRobotsOnBlackSite,numberOfRobotsOnWhiteSite
26567,24,22
timeStep,numberOfRobotsOnBlackSite,numberOfRobotsOnWhiteSite
26568,24,22
timeStep,numberOfRobotsOnBlackSite,numberOfRobotsOnWhiteSite
26569,24,22
timeStep,numberOfRobotsOnBlackSite,numberOfRobotsOnWhiteSite
26570,24,22
timeStep,numberOfRobotsOnBlackSite,numberOfRobotsOnWhiteSite
26571,24,22
timeStep,numberOfRobotsOnBlackSite,numberOfRobotsOnWhiteSite
26572,24,22
timeStep,numberOfRobotsOnBlackSite,numberOfRobotsOnWhiteSite
26573,24,22
timeStep,numberOfRobotsOnBlackSite,numberOfRobotsOnWhiteSite
26574,24,22
timeStep,numberOfRobotsOnBlackSite,numberOfRobotsOnWhiteSite
26575,24,22
timeStep,numberOfRobotsOnBlackSite,numberOfRobotsOnWhiteSite
26576,24,22
timeStep,numberOfRobotsOnBlackSite,numberOfRobotsOnWhiteSite
26577,24,22
timeStep,numberOfRobotsOnBlackSite,numberOfRobotsOnWhiteSite
26578,24,22
timeStep,numberOfRobotsOnBlackSite,numberOfRobotsOnWhiteSite
26579,24,22
timeStep,numberOfRobotsOnBlackSite,numberOfRobotsOnWhiteSite
26580,24,22
timeStep,numberOfRobotsOnBlackSite,numberOfRobotsOnWhiteSite
26581,24,22
timeStep,numberOfRobotsOnBlackSite,numberOfRobotsOnWhiteSite
26582,24,22
timeStep,numberOfRobotsOnBlackSite,numberOfRobotsOnWhiteSite
26583,24,22
timeStep,numberOfRobotsOnBlackSite,numberOfRobotsOnWhiteSite
26584,24,22
timeStep,numberOfRobotsOnBlackSite,numberOfRobotsOnWhiteSite
26585,24,22
timeStep,numberOfRobotsOnBlackSite,numberOfRobotsOnWhiteSite
26586,24,22
timeStep,numberOfRobotsOnBlackSite,numberOfRobotsOnWhiteSite
26587,24,22
timeStep,numberOfRobotsOnBlackSite,numberOfRobotsOnWhiteSite
26588,24,22
timeStep,numberOfRobotsOnBlackSite,numberOfRobotsOnWhiteSite
26589,24,22
timeStep,numberOfRobotsOnBlackSite,numberOfRobotsOnWhiteSite
26590,24,22
timeStep,numberOfRobotsOnBlackSite,numberOfRobotsOnWhiteSite
26591,24,22
timeStep,numberOfRobotsOnBlackSite,numberOfRobotsOnWhiteSite
26592,24,22
timeStep,numberOfRobotsOnBlackSite,numberOfRobotsOnWhiteSite
26593,24,22
timeStep,numberOfRobotsOnBlackSite,numberOfRobotsOnWhiteSite
26594,24,22
timeStep,numberOfRobotsOnBlackSite,numberOfRobotsOnWhiteSite
26595,24,22
timeStep,numberOfRobotsOnBlackSite,numberOfRobotsOnWhiteSite
26596,24,22
timeStep,numberOfRobotsOnBlackSite,numberOfRobotsOnWhiteSite
26597,24,22
timeStep,numberOfRobotsOnBlackSite,numberOfRobotsOnWhiteSite
26598,24,22
timeStep,numberOfRobotsOnBlackSite,numberOfRobotsOnWhiteSite
26599,24,22
timeStep,numberOfRobotsOnBlackSite,numberOfRobotsOnWhiteSite
26600,24,22
timeStep,numberOfRobotsOnBlackSite,numberOfRobotsOnWhiteSite
26601,24,22
timeStep,numberOfRobotsOnBlackSite,numberOfRobotsOnWhiteSite
26602,24,22
timeStep,numberOfRobotsOnBlackSite,numberOfRobotsOnWhiteSite
26603,24,22
timeStep,numberOfRobotsOnBlackSite,numberOfRobotsOnWhiteSite
26604,24,22
timeStep,numberOfRobotsOnBlackSite,numberOfRobotsOnWhiteSite
26605,24,22
timeStep,numberOfRobotsOnBlackSite,numberOfRobotsOnWhiteSite
26606,24,22
timeStep,numberOfRobotsOnBlackSite,numberOfRobotsOnWhiteSite
26607,24,22
timeStep,numberOfRobotsOnBlackSite,numberOfRobotsOnWhiteSite
26608,24,22
timeStep,numberOfRobotsOnBlackSite,numberOfRobotsOnWhiteSite
26609,24,22
timeStep,numberOfRobotsOnBlackSite,numberOfRobotsOnWhiteSite
26610,24,22
timeStep,numberOfRobotsOnBlackSite,numberOfRobotsOnWhiteSite
26611,24,22
timeStep,numberOfRobotsOnBlackSite,numberOfRobotsOnWhiteSite
26612,24,22
timeStep,numberOfRobotsOnBlackSite,numberOfRobotsOnWhiteSite
26613,24,22
timeStep,numberOfRobotsOnBlackSite,numberOfRobotsOnWhiteSite
26614,24,22
timeStep,numberOfRobotsOnBlackSite,numberOfRobotsOnWhiteSite
26615,24,22
timeStep,numberOfRobotsOnBlackSite,numberOfRobotsOnWhiteSite
26616,24,22
timeStep,numberOfRobotsOnBlackSite,numberOfRobotsOnWhiteSite
26617,24,22
timeStep,numberOfRobotsOnBlackSite,numberOfRobotsOnWhiteSite
26618,24,22
timeStep,numberOfRobotsOnBlackSite,numberOfRobotsOnWhiteSite
26619,24,22
timeStep,numberOfRobotsOnBlackSite,numberOfRobotsOnWhiteSite
26620,24,22
timeStep,numberOfRobotsOnBlackSite,numberOfRobotsOnWhiteSite
26621,24,22
timeStep,numberOfRobotsOnBlackSite,numberOfRobotsOnWhiteSite
26622,24,22
timeStep,numberOfRobotsOnBlackSite,numberOfRobotsOnWhiteSite
26623,24,22
timeStep,numberOfRobotsOnBlackSite,numberOfRobotsOnWhiteSite
26624,24,22
timeStep,numberOfRobotsOnBlackSite,numberOfRobotsOnWhiteSite
26625,24,22
timeStep,numberOfRobotsOnBlackSite,numberOfRobotsOnWhiteSite
26626,24,22
timeStep,numberOfRobotsOnBlackSite,numberOfRobotsOnWhiteSite
26627,24,22
timeStep,numberOfRobotsOnBlackSite,numberOfRobotsOnWhiteSite
26628,24,22
timeStep,numberOfRobotsOnBlackSite,numberOfRobotsOnWhiteSite
26629,24,22
timeStep,numberOfRobotsOnBlackSite,numberOfRobotsOnWhiteSite
26630,25,22
timeStep,numberOfRobotsOnBlackSite,numberOfRobotsOnWhiteSite
26631,25,22
timeStep,numberOfRobotsOnBlackSite,numberOfRobotsOnWhiteSite
26632,25,22
timeStep,numberOfRobotsOnBlackSite,numberOfRobotsOnWhiteSite
26633,25,22
timeStep,numberOfRobotsOnBlackSite,numberOfRobotsOnWhiteSite
26634,25,22
timeStep,numberOfRobotsOnBlackSite,numberOfRobotsOnWhiteSite
26635,25,22
timeStep,numberOfRobotsOnBlackSite,numberOfRobotsOnWhiteSite
26636,25,22
timeStep,numberOfRobotsOnBlackSite,numberOfRobotsOnWhiteSite
26637,25,22
timeStep,numberOfRobotsOnBlackSite,numberOfRobotsOnWhiteSite
26638,25,22
timeStep,numberOfRobotsOnBlackSite,numberOfRobotsOnWhiteSite
26639,25,22
timeStep,numberOfRobotsOnBlackSite,numberOfRobotsOnWhiteSite
26640,25,22
timeStep,numberOfRobotsOnBlackSite,numberOfRobotsOnWhiteSite
26641,25,22
timeStep,numberOfRobotsOnBlackSite,numberOfRobotsOnWhiteSite
26642,25,22
timeStep,numberOfRobotsOnBlackSite,numberOfRobotsOnWhiteSite
26643,25,22
timeStep,numberOfRobotsOnBlackSite,numberOfRobotsOnWhiteSite
26644,25,22
timeStep,numberOfRobotsOnBlackSite,numberOfRobotsOnWhiteSite
26645,25,22
timeStep,numberOfRobotsOnBlackSite,numberOfRobotsOnWhiteSite
26646,25,22
timeStep,numberOfRobotsOnBlackSite,numberOfRobotsOnWhiteSite
26647,25,22
timeStep,numberOfRobotsOnBlackSite,numberOfRobotsOnWhiteSite
26648,25,22
timeStep,numberOfRobotsOnBlackSite,numberOfRobotsOnWhiteSite
26649,25,22
timeStep,numberOfRobotsOnBlackSite,numberOfRobotsOnWhiteSite
26650,25,22
timeStep,numberOfRobotsOnBlackSite,numberOfRobotsOnWhiteSite
26651,25,22
timeStep,numberOfRobotsOnBlackSite,numberOfRobotsOnWhiteSite
26652,25,22
timeStep,numberOfRobotsOnBlackSite,numberOfRobotsOnWhiteSite
26653,25,22
timeStep,numberOfRobotsOnBlackSite,numberOfRobotsOnWhiteSite
26654,25,22
timeStep,numberOfRobotsOnBlackSite,numberOfRobotsOnWhiteSite
26655,25,22
timeStep,numberOfRobotsOnBlackSite,numberOfRobotsOnWhiteSite
26656,25,22
timeStep,numberOfRobotsOnBlackSite,numberOfRobotsOnWhiteSite
26657,25,22
timeStep,numberOfRobotsOnBlackSite,numberOfRobotsOnWhiteSite
26658,25,22
timeStep,numberOfRobotsOnBlackSite,numberOfRobotsOnWhiteSite
26659,25,22
timeStep,numberOfRobotsOnBlackSite,numberOfRobotsOnWhiteSite
26660,25,22
timeStep,numberOfRobotsOnBlackSite,numberOfRobotsOnWhiteSite
26661,25,22
timeStep,numberOfRobotsOnBlackSite,numberOfRobotsOnWhiteSite
26662,25,22
timeStep,numberOfRobotsOnBlackSite,numberOfRobotsOnWhiteSite
26663,25,22
timeStep,numberOfRobotsOnBlackSite,numberOfRobotsOnWhiteSite
26664,25,22
timeStep,numberOfRobotsOnBlackSite,numberOfRobotsOnWhiteSite
26665,25,22
timeStep,numberOfRobotsOnBlackSite,numberOfRobotsOnWhiteSite
26666,25,22
timeStep,numberOfRobotsOnBlackSite,numberOfRobotsOnWhiteSite
26667,25,22
timeStep,numberOfRobotsOnBlackSite,numberOfRobotsOnWhiteSite
26668,25,22
timeStep,numberOfRobotsOnBlackSite,numberOfRobotsOnWhiteSite
26669,25,22
timeStep,numberOfRobotsOnBlackSite,numberOfRobotsOnWhiteSite
26670,25,22
timeStep,numberOfRobotsOnBlackSite,numberOfRobotsOnWhiteSite
26671,25,22
timeStep,numberOfRobotsOnBlackSite,numberOfRobotsOnWhiteSite
26672,25,22
timeStep,numberOfRobotsOnBlackSite,numberOfRobotsOnWhiteSite
26673,25,22
timeStep,numberOfRobotsOnBlackSite,numberOfRobotsOnWhiteSite
26674,25,22
timeStep,numberOfRobotsOnBlackSite,numberOfRobotsOnWhiteSite
26675,25,22
timeStep,numberOfRobotsOnBlackSite,numberOfRobotsOnWhiteSite
26676,25,22
timeStep,numberOfRobotsOnBlackSite,numberOfRobotsOnWhiteSite
26677,25,22
timeStep,numberOfRobotsOnBlackSite,numberOfRobotsOnWhiteSite
26678,25,22
timeStep,numberOfRobotsOnBlackSite,numberOfRobotsOnWhiteSite
26679,25,22
timeStep,numberOfRobotsOnBlackSite,numberOfRobotsOnWhiteSite
26680,25,22
timeStep,numberOfRobotsOnBlackSite,numberOfRobotsOnWhiteSite
26681,25,22
timeStep,numberOfRobotsOnBlackSite,numberOfRobotsOnWhiteSite
26682,25,22
timeStep,numberOfRobotsOnBlackSite,numberOfRobotsOnWhiteSite
26683,25,22
timeStep,numberOfRobotsOnBlackSite,numberOfRobotsOnWhiteSite
26684,25,22
timeStep,numberOfRobotsOnBlackSite,numberOfRobotsOnWhiteSite
26685,25,22
timeStep,numberOfRobotsOnBlackSite,numberOfRobotsOnWhiteSite
26686,25,22
timeStep,numberOfRobotsOnBlackSite,numberOfRobotsOnWhiteSite
26687,25,22
timeStep,numberOfRobotsOnBlackSite,numberOfRobotsOnWhiteSite
26688,25,22
timeStep,numberOfRobotsOnBlackSite,numberOfRobotsOnWhiteSite
26689,25,22
timeStep,numberOfRobotsOnBlackSite,numberOfRobotsOnWhiteSite
26690,25,22
timeStep,numberOfRobotsOnBlackSite,numberOfRobotsOnWhiteSite
26691,25,22
timeStep,numberOfRobotsOnBlackSite,numberOfRobotsOnWhiteSite
26692,25,22
timeStep,numberOfRobotsOnBlackSite,numberOfRobotsOnWhiteSite
26693,25,22
timeStep,numberOfRobotsOnBlackSite,numberOfRobotsOnWhiteSite
26694,25,22
timeStep,numberOfRobotsOnBlackSite,numberOfRobotsOnWhiteSite
26695,25,22
timeStep,numberOfRobotsOnBlackSite,numberOfRobotsOnWhiteSite
26696,25,22
timeStep,numberOfRobotsOnBlackSite,numberOfRobotsOnWhiteSite
26697,25,22
timeStep,numberOfRobotsOnBlackSite,numberOfRobotsOnWhiteSite
26698,25,22
timeStep,numberOfRobotsOnBlackSite,numberOfRobotsOnWhiteSite
26699,25,22
timeStep,numberOfRobotsOnBlackSite,numberOfRobotsOnWhiteSite
26700,25,22
timeStep,numberOfRobotsOnBlackSite,numberOfRobotsOnWhiteSite
26701,25,22
timeStep,numberOfRobotsOnBlackSite,numberOfRobotsOnWhiteSite
26702,25,22
timeStep,numberOfRobotsOnBlackSite,numberOfRobotsOnWhiteSite
26703,25,22
timeStep,numberOfRobotsOnBlackSite,numberOfRobotsOnWhiteSite
26704,25,22
timeStep,numberOfRobotsOnBlackSite,numberOfRobotsOnWhiteSite
26705,25,22
timeStep,numberOfRobotsOnBlackSite,numberOfRobotsOnWhiteSite
26706,25,22
timeStep,numberOfRobotsOnBlackSite,numberOfRobotsOnWhiteSite
26707,25,22
timeStep,numberOfRobotsOnBlackSite,numberOfRobotsOnWhiteSite
26708,25,22
timeStep,numberOfRobotsOnBlackSite,numberOfRobotsOnWhiteSite
26709,25,22
timeStep,numberOfRobotsOnBlackSite,numberOfRobotsOnWhiteSite
26710,25,22
timeStep,numberOfRobotsOnBlackSite,numberOfRobotsOnWhiteSite
26711,25,22
timeStep,numberOfRobotsOnBlackSite,numberOfRobotsOnWhiteSite
26712,25,22
timeStep,numberOfRobotsOnBlackSite,numberOfRobotsOnWhiteSite
26713,25,22
timeStep,numberOfRobotsOnBlackSite,numberOfRobotsOnWhiteSite
26714,25,22
timeStep,numberOfRobotsOnBlackSite,numberOfRobotsOnWhiteSite
26715,25,22
timeStep,numberOfRobotsOnBlackSite,numberOfRobotsOnWhiteSite
26716,25,22
timeStep,numberOfRobotsOnBlackSite,numberOfRobotsOnWhiteSite
26717,25,22
timeStep,numberOfRobotsOnBlackSite,numberOfRobotsOnWhiteSite
26718,25,22
timeStep,numberOfRobotsOnBlackSite,numberOfRobotsOnWhiteSite
26719,25,22
timeStep,numberOfRobotsOnBlackSite,numberOfRobotsOnWhiteSite
26720,25,22
timeStep,numberOfRobotsOnBlackSite,numberOfRobotsOnWhiteSite
26721,25,22
timeStep,numberOfRobotsOnBlackSite,numberOfRobotsOnWhiteSite
26722,25,22
timeStep,numberOfRobotsOnBlackSite,numberOfRobotsOnWhiteSite
26723,25,22
timeStep,numberOfRobotsOnBlackSite,numberOfRobotsOnWhiteSite
26724,25,22
timeStep,numberOfRobotsOnBlackSite,numberOfRobotsOnWhiteSite
26725,25,22
timeStep,numberOfRobotsOnBlackSite,numberOfRobotsOnWhiteSite
26726,25,22
timeStep,numberOfRobotsOnBlackSite,numberOfRobotsOnWhiteSite
26727,25,22
timeStep,numberOfRobotsOnBlackSite,numberOfRobotsOnWhiteSite
26728,25,22
timeStep,numberOfRobotsOnBlackSite,numberOfRobotsOnWhiteSite
26729,25,22
timeStep,numberOfRobotsOnBlackSite,numberOfRobotsOnWhiteSite
26730,25,22
timeStep,numberOfRobotsOnBlackSite,numberOfRobotsOnWhiteSite
26731,25,22
timeStep,numberOfRobotsOnBlackSite,numberOfRobotsOnWhiteSite
26732,25,22
timeStep,numberOfRobotsOnBlackSite,numberOfRobotsOnWhiteSite
26733,25,22
timeStep,numberOfRobotsOnBlackSite,numberOfRobotsOnWhiteSite
26734,25,22
timeStep,numberOfRobotsOnBlackSite,numberOfRobotsOnWhiteSite
26735,25,22
timeStep,numberOfRobotsOnBlackSite,numberOfRobotsOnWhiteSite
26736,25,22
timeStep,numberOfRobotsOnBlackSite,numberOfRobotsOnWhiteSite
26737,25,22
timeStep,numberOfRobotsOnBlackSite,numberOfRobotsOnWhiteSite
26738,25,22
timeStep,numberOfRobotsOnBlackSite,numberOfRobotsOnWhiteSite
26739,25,22
timeStep,numberOfRobotsOnBlackSite,numberOfRobotsOnWhiteSite
26740,25,22
timeStep,numberOfRobotsOnBlackSite,numberOfRobotsOnWhiteSite
26741,25,22
timeStep,numberOfRobotsOnBlackSite,numberOfRobotsOnWhiteSite
26742,25,22
timeStep,numberOfRobotsOnBlackSite,numberOfRobotsOnWhiteSite
26743,25,22
timeStep,numberOfRobotsOnBlackSite,numberOfRobotsOnWhiteSite
26744,25,22
timeStep,numberOfRobotsOnBlackSite,numberOfRobotsOnWhiteSite
26745,25,22
timeStep,numberOfRobotsOnBlackSite,numberOfRobotsOnWhiteSite
26746,25,22
timeStep,numberOfRobotsOnBlackSite,numberOfRobotsOnWhiteSite
26747,25,22
timeStep,numberOfRobotsOnBlackSite,numberOfRobotsOnWhiteSite
26748,25,22
timeStep,numberOfRobotsOnBlackSite,numberOfRobotsOnWhiteSite
26749,25,22
timeStep,numberOfRobotsOnBlackSite,numberOfRobotsOnWhiteSite
26750,25,22
timeStep,numberOfRobotsOnBlackSite,numberOfRobotsOnWhiteSite
26751,25,22
timeStep,numberOfRobotsOnBlackSite,numberOfRobotsOnWhiteSite
26752,25,22
timeStep,numberOfRobotsOnBlackSite,numberOfRobotsOnWhiteSite
26753,25,22
timeStep,numberOfRobotsOnBlackSite,numberOfRobotsOnWhiteSite
26754,25,22
timeStep,numberOfRobotsOnBlackSite,numberOfRobotsOnWhiteSite
26755,25,22
timeStep,numberOfRobotsOnBlackSite,numberOfRobotsOnWhiteSite
26756,25,22
timeStep,numberOfRobotsOnBlackSite,numberOfRobotsOnWhiteSite
26757,25,22
timeStep,numberOfRobotsOnBlackSite,numberOfRobotsOnWhiteSite
26758,25,22
timeStep,numberOfRobotsOnBlackSite,numberOfRobotsOnWhiteSite
26759,25,22
timeStep,numberOfRobotsOnBlackSite,numberOfRobotsOnWhiteSite
26760,25,22
timeStep,numberOfRobotsOnBlackSite,numberOfRobotsOnWhiteSite
26761,25,22
timeStep,numberOfRobotsOnBlackSite,numberOfRobotsOnWhiteSite
26762,25,22
timeStep,numberOfRobotsOnBlackSite,numberOfRobotsOnWhiteSite
26763,25,22
timeStep,numberOfRobotsOnBlackSite,numberOfRobotsOnWhiteSite
26764,25,22
timeStep,numberOfRobotsOnBlackSite,numberOfRobotsOnWhiteSite
26765,25,22
timeStep,numberOfRobotsOnBlackSite,numberOfRobotsOnWhiteSite
26766,25,22
timeStep,numberOfRobotsOnBlackSite,numberOfRobotsOnWhiteSite
26767,25,22
timeStep,numberOfRobotsOnBlackSite,numberOfRobotsOnWhiteSite
26768,25,22
timeStep,numberOfRobotsOnBlackSite,numberOfRobotsOnWhiteSite
26769,25,22
timeStep,numberOfRobotsOnBlackSite,numberOfRobotsOnWhiteSite
26770,25,22
timeStep,numberOfRobotsOnBlackSite,numberOfRobotsOnWhiteSite
26771,25,22
timeStep,numberOfRobotsOnBlackSite,numberOfRobotsOnWhiteSite
26772,25,22
timeStep,numberOfRobotsOnBlackSite,numberOfRobotsOnWhiteSite
26773,25,22
timeStep,numberOfRobotsOnBlackSite,numberOfRobotsOnWhiteSite
26774,25,22
timeStep,numberOfRobotsOnBlackSite,numberOfRobotsOnWhiteSite
26775,25,22
timeStep,numberOfRobotsOnBlackSite,numberOfRobotsOnWhiteSite
26776,25,22
timeStep,numberOfRobotsOnBlackSite,numberOfRobotsOnWhiteSite
26777,25,22
timeStep,numberOfRobotsOnBlackSite,numberOfRobotsOnWhiteSite
26778,25,22
timeStep,numberOfRobotsOnBlackSite,numberOfRobotsOnWhiteSite
26779,25,22
timeStep,numberOfRobotsOnBlackSite,numberOfRobotsOnWhiteSite
26780,25,22
timeStep,numberOfRobotsOnBlackSite,numberOfRobotsOnWhiteSite
26781,25,22
timeStep,numberOfRobotsOnBlackSite,numberOfRobotsOnWhiteSite
26782,25,22
timeStep,numberOfRobotsOnBlackSite,numberOfRobotsOnWhiteSite
26783,25,22
timeStep,numberOfRobotsOnBlackSite,numberOfRobotsOnWhiteSite
26784,25,22
timeStep,numberOfRobotsOnBlackSite,numberOfRobotsOnWhiteSite
26785,25,22
timeStep,numberOfRobotsOnBlackSite,numberOfRobotsOnWhiteSite
26786,25,22
timeStep,numberOfRobotsOnBlackSite,numberOfRobotsOnWhiteSite
26787,25,22
timeStep,numberOfRobotsOnBlackSite,numberOfRobotsOnWhiteSite
26788,25,22
timeStep,numberOfRobotsOnBlackSite,numberOfRobotsOnWhiteSite
26789,25,22
timeStep,numberOfRobotsOnBlackSite,numberOfRobotsOnWhiteSite
26790,25,22
timeStep,numberOfRobotsOnBlackSite,numberOfRobotsOnWhiteSite
26791,25,22
timeStep,numberOfRobotsOnBlackSite,numberOfRobotsOnWhiteSite
26792,25,22
timeStep,numberOfRobotsOnBlackSite,numberOfRobotsOnWhiteSite
26793,25,22
timeStep,numberOfRobotsOnBlackSite,numberOfRobotsOnWhiteSite
26794,25,22
timeStep,numberOfRobotsOnBlackSite,numberOfRobotsOnWhiteSite
26795,25,22
timeStep,numberOfRobotsOnBlackSite,numberOfRobotsOnWhiteSite
26796,25,22
timeStep,numberOfRobotsOnBlackSite,numberOfRobotsOnWhiteSite
26797,25,22
timeStep,numberOfRobotsOnBlackSite,numberOfRobotsOnWhiteSite
26798,25,22
timeStep,numberOfRobotsOnBlackSite,numberOfRobotsOnWhiteSite
26799,25,22
timeStep,numberOfRobotsOnBlackSite,numberOfRobotsOnWhiteSite
26800,25,22
timeStep,numberOfRobotsOnBlackSite,numberOfRobotsOnWhiteSite
26801,25,22
timeStep,numberOfRobotsOnBlackSite,numberOfRobotsOnWhiteSite
26802,25,22
timeStep,numberOfRobotsOnBlackSite,numberOfRobotsOnWhiteSite
26803,25,22
timeStep,numberOfRobotsOnBlackSite,numberOfRobotsOnWhiteSite
26804,25,22
timeStep,numberOfRobotsOnBlackSite,numberOfRobotsOnWhiteSite
26805,25,22
timeStep,numberOfRobotsOnBlackSite,numberOfRobotsOnWhiteSite
26806,25,22
timeStep,numberOfRobotsOnBlackSite,numberOfRobotsOnWhiteSite
26807,25,22
timeStep,numberOfRobotsOnBlackSite,numberOfRobotsOnWhiteSite
26808,25,22
timeStep,numberOfRobotsOnBlackSite,numberOfRobotsOnWhiteSite
26809,25,22
timeStep,numberOfRobotsOnBlackSite,numberOfRobotsOnWhiteSite
26810,25,22
timeStep,numberOfRobotsOnBlackSite,numberOfRobotsOnWhiteSite
26811,25,22
timeStep,numberOfRobotsOnBlackSite,numberOfRobotsOnWhiteSite
26812,25,22
timeStep,numberOfRobotsOnBlackSite,numberOfRobotsOnWhiteSite
26813,25,22
timeStep,numberOfRobotsOnBlackSite,numberOfRobotsOnWhiteSite
26814,25,22
timeStep,numberOfRobotsOnBlackSite,numberOfRobotsOnWhiteSite
26815,25,22
timeStep,numberOfRobotsOnBlackSite,numberOfRobotsOnWhiteSite
26816,25,22
timeStep,numberOfRobotsOnBlackSite,numberOfRobotsOnWhiteSite
26817,25,22
timeStep,numberOfRobotsOnBlackSite,numberOfRobotsOnWhiteSite
26818,25,22
timeStep,numberOfRobotsOnBlackSite,numberOfRobotsOnWhiteSite
26819,25,22
timeStep,numberOfRobotsOnBlackSite,numberOfRobotsOnWhiteSite
26820,25,22
timeStep,numberOfRobotsOnBlackSite,numberOfRobotsOnWhiteSite
26821,25,22
timeStep,numberOfRobotsOnBlackSite,numberOfRobotsOnWhiteSite
26822,25,22
timeStep,numberOfRobotsOnBlackSite,numberOfRobotsOnWhiteSite
26823,25,22
timeStep,numberOfRobotsOnBlackSite,numberOfRobotsOnWhiteSite
26824,25,22
timeStep,numberOfRobotsOnBlackSite,numberOfRobotsOnWhiteSite
26825,25,22
timeStep,numberOfRobotsOnBlackSite,numberOfRobotsOnWhiteSite
26826,25,22
timeStep,numberOfRobotsOnBlackSite,numberOfRobotsOnWhiteSite
26827,25,22
timeStep,numberOfRobotsOnBlackSite,numberOfRobotsOnWhiteSite
26828,25,22
timeStep,numberOfRobotsOnBlackSite,numberOfRobotsOnWhiteSite
26829,25,22
timeStep,numberOfRobotsOnBlackSite,numberOfRobotsOnWhiteSite
26830,25,22
timeStep,numberOfRobotsOnBlackSite,numberOfRobotsOnWhiteSite
26831,25,22
timeStep,numberOfRobotsOnBlackSite,numberOfRobotsOnWhiteSite
26832,25,22
timeStep,numberOfRobotsOnBlackSite,numberOfRobotsOnWhiteSite
26833,25,22
timeStep,numberOfRobotsOnBlackSite,numberOfRobotsOnWhiteSite
26834,25,22
timeStep,numberOfRobotsOnBlackSite,numberOfRobotsOnWhiteSite
26835,25,22
timeStep,numberOfRobotsOnBlackSite,numberOfRobotsOnWhiteSite
26836,25,22
timeStep,numberOfRobotsOnBlackSite,numberOfRobotsOnWhiteSite
26837,25,22
timeStep,numberOfRobotsOnBlackSite,numberOfRobotsOnWhiteSite
26838,25,22
timeStep,numberOfRobotsOnBlackSite,numberOfRobotsOnWhiteSite
26839,25,22
timeStep,numberOfRobotsOnBlackSite,numberOfRobotsOnWhiteSite
26840,25,22
timeStep,numberOfRobotsOnBlackSite,numberOfRobotsOnWhiteSite
26841,25,22
timeStep,numberOfRobotsOnBlackSite,numberOfRobotsOnWhiteSite
26842,25,22
timeStep,numberOfRobotsOnBlackSite,numberOfRobotsOnWhiteSite
26843,25,22
timeStep,numberOfRobotsOnBlackSite,numberOfRobotsOnWhiteSite
26844,25,22
timeStep,numberOfRobotsOnBlackSite,numberOfRobotsOnWhiteSite
26845,25,22
timeStep,numberOfRobotsOnBlackSite,numberOfRobotsOnWhiteSite
26846,25,22
timeStep,numberOfRobotsOnBlackSite,numberOfRobotsOnWhiteSite
26847,25,22
timeStep,numberOfRobotsOnBlackSite,numberOfRobotsOnWhiteSite
26848,25,22
timeStep,numberOfRobotsOnBlackSite,numberOfRobotsOnWhiteSite
26849,25,22
timeStep,numberOfRobotsOnBlackSite,numberOfRobotsOnWhiteSite
26850,25,22
timeStep,numberOfRobotsOnBlackSite,numberOfRobotsOnWhiteSite
26851,25,22
timeStep,numberOfRobotsOnBlackSite,numberOfRobotsOnWhiteSite
26852,25,22
timeStep,numberOfRobotsOnBlackSite,numberOfRobotsOnWhiteSite
26853,25,22
timeStep,numberOfRobotsOnBlackSite,numberOfRobotsOnWhiteSite
26854,25,22
timeStep,numberOfRobotsOnBlackSite,numberOfRobotsOnWhiteSite
26855,25,22
timeStep,numberOfRobotsOnBlackSite,numberOfRobotsOnWhiteSite
26856,25,22
timeStep,numberOfRobotsOnBlackSite,numberOfRobotsOnWhiteSite
26857,25,22
timeStep,numberOfRobotsOnBlackSite,numberOfRobotsOnWhiteSite
26858,25,22
timeStep,numberOfRobotsOnBlackSite,numberOfRobotsOnWhiteSite
26859,25,22
timeStep,numberOfRobotsOnBlackSite,numberOfRobotsOnWhiteSite
26860,25,22
timeStep,numberOfRobotsOnBlackSite,numberOfRobotsOnWhiteSite
26861,25,22
timeStep,numberOfRobotsOnBlackSite,numberOfRobotsOnWhiteSite
26862,25,22
timeStep,numberOfRobotsOnBlackSite,numberOfRobotsOnWhiteSite
26863,25,22
timeStep,numberOfRobotsOnBlackSite,numberOfRobotsOnWhiteSite
26864,25,22
timeStep,numberOfRobotsOnBlackSite,numberOfRobotsOnWhiteSite
26865,25,22
timeStep,numberOfRobotsOnBlackSite,numberOfRobotsOnWhiteSite
26866,25,22
timeStep,numberOfRobotsOnBlackSite,numberOfRobotsOnWhiteSite
26867,25,22
timeStep,numberOfRobotsOnBlackSite,numberOfRobotsOnWhiteSite
26868,25,22
timeStep,numberOfRobotsOnBlackSite,numberOfRobotsOnWhiteSite
26869,25,22
timeStep,numberOfRobotsOnBlackSite,numberOfRobotsOnWhiteSite
26870,25,22
timeStep,numberOfRobotsOnBlackSite,numberOfRobotsOnWhiteSite
26871,25,22
timeStep,numberOfRobotsOnBlackSite,numberOfRobotsOnWhiteSite
26872,25,22
timeStep,numberOfRobotsOnBlackSite,numberOfRobotsOnWhiteSite
26873,25,22
timeStep,numberOfRobotsOnBlackSite,numberOfRobotsOnWhiteSite
26874,25,22
timeStep,numberOfRobotsOnBlackSite,numberOfRobotsOnWhiteSite
26875,25,22
timeStep,numberOfRobotsOnBlackSite,numberOfRobotsOnWhiteSite
26876,25,22
timeStep,numberOfRobotsOnBlackSite,numberOfRobotsOnWhiteSite
26877,25,22
timeStep,numberOfRobotsOnBlackSite,numberOfRobotsOnWhiteSite
26878,25,22
timeStep,numberOfRobotsOnBlackSite,numberOfRobotsOnWhiteSite
26879,25,22
timeStep,numberOfRobotsOnBlackSite,numberOfRobotsOnWhiteSite
26880,25,22
timeStep,numberOfRobotsOnBlackSite,numberOfRobotsOnWhiteSite
26881,25,22
timeStep,numberOfRobotsOnBlackSite,numberOfRobotsOnWhiteSite
26882,25,22
timeStep,numberOfRobotsOnBlackSite,numberOfRobotsOnWhiteSite
26883,25,22
timeStep,numberOfRobotsOnBlackSite,numberOfRobotsOnWhiteSite
26884,25,22
timeStep,numberOfRobotsOnBlackSite,numberOfRobotsOnWhiteSite
26885,25,22
timeStep,numberOfRobotsOnBlackSite,numberOfRobotsOnWhiteSite
26886,25,22
timeStep,numberOfRobotsOnBlackSite,numberOfRobotsOnWhiteSite
26887,25,22
timeStep,numberOfRobotsOnBlackSite,numberOfRobotsOnWhiteSite
26888,25,22
timeStep,numberOfRobotsOnBlackSite,numberOfRobotsOnWhiteSite
26889,25,22
timeStep,numberOfRobotsOnBlackSite,numberOfRobotsOnWhiteSite
26890,25,22
timeStep,numberOfRobotsOnBlackSite,numberOfRobotsOnWhiteSite
26891,25,22
timeStep,numberOfRobotsOnBlackSite,numberOfRobotsOnWhiteSite
26892,25,22
timeStep,numberOfRobotsOnBlackSite,numberOfRobotsOnWhiteSite
26893,25,22
timeStep,numberOfRobotsOnBlackSite,numberOfRobotsOnWhiteSite
26894,25,22
timeStep,numberOfRobotsOnBlackSite,numberOfRobotsOnWhiteSite
26895,25,22
timeStep,numberOfRobotsOnBlackSite,numberOfRobotsOnWhiteSite
26896,25,22
timeStep,numberOfRobotsOnBlackSite,numberOfRobotsOnWhiteSite
26897,25,22
timeStep,numberOfRobotsOnBlackSite,numberOfRobotsOnWhiteSite
26898,25,22
timeStep,numberOfRobotsOnBlackSite,numberOfRobotsOnWhiteSite
26899,25,22
timeStep,numberOfRobotsOnBlackSite,numberOfRobotsOnWhiteSite
26900,25,22
timeStep,numberOfRobotsOnBlackSite,numberOfRobotsOnWhiteSite
26901,25,22
timeStep,numberOfRobotsOnBlackSite,numberOfRobotsOnWhiteSite
26902,25,22
timeStep,numberOfRobotsOnBlackSite,numberOfRobotsOnWhiteSite
26903,25,22
timeStep,numberOfRobotsOnBlackSite,numberOfRobotsOnWhiteSite
26904,25,22
timeStep,numberOfRobotsOnBlackSite,numberOfRobotsOnWhiteSite
26905,25,22
timeStep,numberOfRobotsOnBlackSite,numberOfRobotsOnWhiteSite
26906,25,22
timeStep,numberOfRobotsOnBlackSite,numberOfRobotsOnWhiteSite
26907,25,22
timeStep,numberOfRobotsOnBlackSite,numberOfRobotsOnWhiteSite
26908,25,22
timeStep,numberOfRobotsOnBlackSite,numberOfRobotsOnWhiteSite
26909,25,22
timeStep,numberOfRobotsOnBlackSite,numberOfRobotsOnWhiteSite
26910,25,22
timeStep,numberOfRobotsOnBlackSite,numberOfRobotsOnWhiteSite
26911,25,22
timeStep,numberOfRobotsOnBlackSite,numberOfRobotsOnWhiteSite
26912,25,22
timeStep,numberOfRobotsOnBlackSite,numberOfRobotsOnWhiteSite
26913,25,22
timeStep,numberOfRobotsOnBlackSite,numberOfRobotsOnWhiteSite
26914,25,22
timeStep,numberOfRobotsOnBlackSite,numberOfRobotsOnWhiteSite
26915,25,22
timeStep,numberOfRobotsOnBlackSite,numberOfRobotsOnWhiteSite
26916,25,22
timeStep,numberOfRobotsOnBlackSite,numberOfRobotsOnWhiteSite
26917,25,22
timeStep,numberOfRobotsOnBlackSite,numberOfRobotsOnWhiteSite
26918,25,22
timeStep,numberOfRobotsOnBlackSite,numberOfRobotsOnWhiteSite
26919,25,22
timeStep,numberOfRobotsOnBlackSite,numberOfRobotsOnWhiteSite
26920,25,22
timeStep,numberOfRobotsOnBlackSite,numberOfRobotsOnWhiteSite
26921,25,22
timeStep,numberOfRobotsOnBlackSite,numberOfRobotsOnWhiteSite
26922,25,22
timeStep,numberOfRobotsOnBlackSite,numberOfRobotsOnWhiteSite
26923,25,22
timeStep,numberOfRobotsOnBlackSite,numberOfRobotsOnWhiteSite
26924,25,22
timeStep,numberOfRobotsOnBlackSite,numberOfRobotsOnWhiteSite
26925,25,22
timeStep,numberOfRobotsOnBlackSite,numberOfRobotsOnWhiteSite
26926,25,22
timeStep,numberOfRobotsOnBlackSite,numberOfRobotsOnWhiteSite
26927,25,22
timeStep,numberOfRobotsOnBlackSite,numberOfRobotsOnWhiteSite
26928,25,22
timeStep,numberOfRobotsOnBlackSite,numberOfRobotsOnWhiteSite
26929,25,22
timeStep,numberOfRobotsOnBlackSite,numberOfRobotsOnWhiteSite
26930,25,22
timeStep,numberOfRobotsOnBlackSite,numberOfRobotsOnWhiteSite
26931,25,22
timeStep,numberOfRobotsOnBlackSite,numberOfRobotsOnWhiteSite
26932,25,22
timeStep,numberOfRobotsOnBlackSite,numberOfRobotsOnWhiteSite
26933,25,22
timeStep,numberOfRobotsOnBlackSite,numberOfRobotsOnWhiteSite
26934,25,22
timeStep,numberOfRobotsOnBlackSite,numberOfRobotsOnWhiteSite
26935,25,22
timeStep,numberOfRobotsOnBlackSite,numberOfRobotsOnWhiteSite
26936,25,22
timeStep,numberOfRobotsOnBlackSite,numberOfRobotsOnWhiteSite
26937,25,22
timeStep,numberOfRobotsOnBlackSite,numberOfRobotsOnWhiteSite
26938,25,22
timeStep,numberOfRobotsOnBlackSite,numberOfRobotsOnWhiteSite
26939,25,22
timeStep,numberOfRobotsOnBlackSite,numberOfRobotsOnWhiteSite
26940,25,22
timeStep,numberOfRobotsOnBlackSite,numberOfRobotsOnWhiteSite
26941,25,22
timeStep,numberOfRobotsOnBlackSite,numberOfRobotsOnWhiteSite
26942,25,22
timeStep,numberOfRobotsOnBlackSite,numberOfRobotsOnWhiteSite
26943,25,22
timeStep,numberOfRobotsOnBlackSite,numberOfRobotsOnWhiteSite
26944,25,22
timeStep,numberOfRobotsOnBlackSite,numberOfRobotsOnWhiteSite
26945,25,22
timeStep,numberOfRobotsOnBlackSite,numberOfRobotsOnWhiteSite
26946,25,22
timeStep,numberOfRobotsOnBlackSite,numberOfRobotsOnWhiteSite
26947,25,22
timeStep,numberOfRobotsOnBlackSite,numberOfRobotsOnWhiteSite
26948,25,22
timeStep,numberOfRobotsOnBlackSite,numberOfRobotsOnWhiteSite
26949,25,22
timeStep,numberOfRobotsOnBlackSite,numberOfRobotsOnWhiteSite
26950,25,22
timeStep,numberOfRobotsOnBlackSite,numberOfRobotsOnWhiteSite
26951,25,22
timeStep,numberOfRobotsOnBlackSite,numberOfRobotsOnWhiteSite
26952,25,22
timeStep,numberOfRobotsOnBlackSite,numberOfRobotsOnWhiteSite
26953,25,22
timeStep,numberOfRobotsOnBlackSite,numberOfRobotsOnWhiteSite
26954,25,22
timeStep,numberOfRobotsOnBlackSite,numberOfRobotsOnWhiteSite
26955,25,22
timeStep,numberOfRobotsOnBlackSite,numberOfRobotsOnWhiteSite
26956,25,22
timeStep,numberOfRobotsOnBlackSite,numberOfRobotsOnWhiteSite
26957,25,22
timeStep,numberOfRobotsOnBlackSite,numberOfRobotsOnWhiteSite
26958,25,22
timeStep,numberOfRobotsOnBlackSite,numberOfRobotsOnWhiteSite
26959,25,22
timeStep,numberOfRobotsOnBlackSite,numberOfRobotsOnWhiteSite
26960,25,22
timeStep,numberOfRobotsOnBlackSite,numberOfRobotsOnWhiteSite
26961,25,22
timeStep,numberOfRobotsOnBlackSite,numberOfRobotsOnWhiteSite
26962,25,22
timeStep,numberOfRobotsOnBlackSite,numberOfRobotsOnWhiteSite
26963,25,22
timeStep,numberOfRobotsOnBlackSite,numberOfRobotsOnWhiteSite
26964,25,22
timeStep,numberOfRobotsOnBlackSite,numberOfRobotsOnWhiteSite
26965,25,22
timeStep,numberOfRobotsOnBlackSite,numberOfRobotsOnWhiteSite
26966,25,22
timeStep,numberOfRobotsOnBlackSite,numberOfRobotsOnWhiteSite
26967,25,22
timeStep,numberOfRobotsOnBlackSite,numberOfRobotsOnWhiteSite
26968,25,22
timeStep,numberOfRobotsOnBlackSite,numberOfRobotsOnWhiteSite
26969,25,22
timeStep,numberOfRobotsOnBlackSite,numberOfRobotsOnWhiteSite
26970,25,22
timeStep,numberOfRobotsOnBlackSite,numberOfRobotsOnWhiteSite
26971,25,22
timeStep,numberOfRobotsOnBlackSite,numberOfRobotsOnWhiteSite
26972,25,22
timeStep,numberOfRobotsOnBlackSite,numberOfRobotsOnWhiteSite
26973,25,22
timeStep,numberOfRobotsOnBlackSite,numberOfRobotsOnWhiteSite
26974,25,22
timeStep,numberOfRobotsOnBlackSite,numberOfRobotsOnWhiteSite
26975,25,22
timeStep,numberOfRobotsOnBlackSite,numberOfRobotsOnWhiteSite
26976,25,22
timeStep,numberOfRobotsOnBlackSite,numberOfRobotsOnWhiteSite
26977,25,22
timeStep,numberOfRobotsOnBlackSite,numberOfRobotsOnWhiteSite
26978,25,22
timeStep,numberOfRobotsOnBlackSite,numberOfRobotsOnWhiteSite
26979,25,22
timeStep,numberOfRobotsOnBlackSite,numberOfRobotsOnWhiteSite
26980,25,22
timeStep,numberOfRobotsOnBlackSite,numberOfRobotsOnWhiteSite
26981,25,22
timeStep,numberOfRobotsOnBlackSite,numberOfRobotsOnWhiteSite
26982,25,22
timeStep,numberOfRobotsOnBlackSite,numberOfRobotsOnWhiteSite
26983,25,22
timeStep,numberOfRobotsOnBlackSite,numberOfRobotsOnWhiteSite
26984,25,22
timeStep,numberOfRobotsOnBlackSite,numberOfRobotsOnWhiteSite
26985,25,22
timeStep,numberOfRobotsOnBlackSite,numberOfRobotsOnWhiteSite
26986,25,22
timeStep,numberOfRobotsOnBlackSite,numberOfRobotsOnWhiteSite
26987,25,22
timeStep,numberOfRobotsOnBlackSite,numberOfRobotsOnWhiteSite
26988,25,22
timeStep,numberOfRobotsOnBlackSite,numberOfRobotsOnWhiteSite
26989,25,22
timeStep,numberOfRobotsOnBlackSite,numberOfRobotsOnWhiteSite
26990,25,22
timeStep,numberOfRobotsOnBlackSite,numberOfRobotsOnWhiteSite
26991,25,22
timeStep,numberOfRobotsOnBlackSite,numberOfRobotsOnWhiteSite
26992,25,22
timeStep,numberOfRobotsOnBlackSite,numberOfRobotsOnWhiteSite
26993,25,22
timeStep,numberOfRobotsOnBlackSite,numberOfRobotsOnWhiteSite
26994,25,22
timeStep,numberOfRobotsOnBlackSite,numberOfRobotsOnWhiteSite
26995,25,22
timeStep,numberOfRobotsOnBlackSite,numberOfRobotsOnWhiteSite
26996,25,22
timeStep,numberOfRobotsOnBlackSite,numberOfRobotsOnWhiteSite
26997,25,22
timeStep,numberOfRobotsOnBlackSite,numberOfRobotsOnWhiteSite
26998,25,22
timeStep,numberOfRobotsOnBlackSite,numberOfRobotsOnWhiteSite
26999,25,22
timeStep,numberOfRobotsOnBlackSite,numberOfRobotsOnWhiteSite
27000,25,22
timeStep,numberOfRobotsOnBlackSite,numberOfRobotsOnWhiteSite
27001,25,22
timeStep,numberOfRobotsOnBlackSite,numberOfRobotsOnWhiteSite
27002,25,22
timeStep,numberOfRobotsOnBlackSite,numberOfRobotsOnWhiteSite
27003,25,22
timeStep,numberOfRobotsOnBlackSite,numberOfRobotsOnWhiteSite
27004,25,22
timeStep,numberOfRobotsOnBlackSite,numberOfRobotsOnWhiteSite
27005,25,22
timeStep,numberOfRobotsOnBlackSite,numberOfRobotsOnWhiteSite
27006,25,22
timeStep,numberOfRobotsOnBlackSite,numberOfRobotsOnWhiteSite
27007,25,22
timeStep,numberOfRobotsOnBlackSite,numberOfRobotsOnWhiteSite
27008,25,22
timeStep,numberOfRobotsOnBlackSite,numberOfRobotsOnWhiteSite
27009,25,22
timeStep,numberOfRobotsOnBlackSite,numberOfRobotsOnWhiteSite
27010,25,22
timeStep,numberOfRobotsOnBlackSite,numberOfRobotsOnWhiteSite
27011,25,22
timeStep,numberOfRobotsOnBlackSite,numberOfRobotsOnWhiteSite
27012,25,22
timeStep,numberOfRobotsOnBlackSite,numberOfRobotsOnWhiteSite
27013,25,22
timeStep,numberOfRobotsOnBlackSite,numberOfRobotsOnWhiteSite
27014,25,22
timeStep,numberOfRobotsOnBlackSite,numberOfRobotsOnWhiteSite
27015,25,22
timeStep,numberOfRobotsOnBlackSite,numberOfRobotsOnWhiteSite
27016,25,22
timeStep,numberOfRobotsOnBlackSite,numberOfRobotsOnWhiteSite
27017,25,22
timeStep,numberOfRobotsOnBlackSite,numberOfRobotsOnWhiteSite
27018,25,22
timeStep,numberOfRobotsOnBlackSite,numberOfRobotsOnWhiteSite
27019,25,22
timeStep,numberOfRobotsOnBlackSite,numberOfRobotsOnWhiteSite
27020,25,22
timeStep,numberOfRobotsOnBlackSite,numberOfRobotsOnWhiteSite
27021,25,22
timeStep,numberOfRobotsOnBlackSite,numberOfRobotsOnWhiteSite
27022,25,22
timeStep,numberOfRobotsOnBlackSite,numberOfRobotsOnWhiteSite
27023,25,22
timeStep,numberOfRobotsOnBlackSite,numberOfRobotsOnWhiteSite
27024,25,22
timeStep,numberOfRobotsOnBlackSite,numberOfRobotsOnWhiteSite
27025,25,22
timeStep,numberOfRobotsOnBlackSite,numberOfRobotsOnWhiteSite
27026,25,22
timeStep,numberOfRobotsOnBlackSite,numberOfRobotsOnWhiteSite
27027,25,22
timeStep,numberOfRobotsOnBlackSite,numberOfRobotsOnWhiteSite
27028,25,22
timeStep,numberOfRobotsOnBlackSite,numberOfRobotsOnWhiteSite
27029,25,22
timeStep,numberOfRobotsOnBlackSite,numberOfRobotsOnWhiteSite
27030,25,22
timeStep,numberOfRobotsOnBlackSite,numberOfRobotsOnWhiteSite
27031,25,22
timeStep,numberOfRobotsOnBlackSite,numberOfRobotsOnWhiteSite
27032,25,22
timeStep,numberOfRobotsOnBlackSite,numberOfRobotsOnWhiteSite
27033,25,22
timeStep,numberOfRobotsOnBlackSite,numberOfRobotsOnWhiteSite
27034,25,22
timeStep,numberOfRobotsOnBlackSite,numberOfRobotsOnWhiteSite
27035,25,22
timeStep,numberOfRobotsOnBlackSite,numberOfRobotsOnWhiteSite
27036,25,22
timeStep,numberOfRobotsOnBlackSite,numberOfRobotsOnWhiteSite
27037,25,22
timeStep,numberOfRobotsOnBlackSite,numberOfRobotsOnWhiteSite
27038,25,22
timeStep,numberOfRobotsOnBlackSite,numberOfRobotsOnWhiteSite
27039,25,22
timeStep,numberOfRobotsOnBlackSite,numberOfRobotsOnWhiteSite
27040,25,22
timeStep,numberOfRobotsOnBlackSite,numberOfRobotsOnWhiteSite
27041,25,22
timeStep,numberOfRobotsOnBlackSite,numberOfRobotsOnWhiteSite
27042,25,22
timeStep,numberOfRobotsOnBlackSite,numberOfRobotsOnWhiteSite
27043,25,22
timeStep,numberOfRobotsOnBlackSite,numberOfRobotsOnWhiteSite
27044,25,22
timeStep,numberOfRobotsOnBlackSite,numberOfRobotsOnWhiteSite
27045,25,22
timeStep,numberOfRobotsOnBlackSite,numberOfRobotsOnWhiteSite
27046,25,22
timeStep,numberOfRobotsOnBlackSite,numberOfRobotsOnWhiteSite
27047,25,22
timeStep,numberOfRobotsOnBlackSite,numberOfRobotsOnWhiteSite
27048,25,22
timeStep,numberOfRobotsOnBlackSite,numberOfRobotsOnWhiteSite
27049,25,22
timeStep,numberOfRobotsOnBlackSite,numberOfRobotsOnWhiteSite
27050,25,22
timeStep,numberOfRobotsOnBlackSite,numberOfRobotsOnWhiteSite
27051,25,22
timeStep,numberOfRobotsOnBlackSite,numberOfRobotsOnWhiteSite
27052,25,22
timeStep,numberOfRobotsOnBlackSite,numberOfRobotsOnWhiteSite
27053,25,22
timeStep,numberOfRobotsOnBlackSite,numberOfRobotsOnWhiteSite
27054,25,22
timeStep,numberOfRobotsOnBlackSite,numberOfRobotsOnWhiteSite
27055,25,22
timeStep,numberOfRobotsOnBlackSite,numberOfRobotsOnWhiteSite
27056,25,22
timeStep,numberOfRobotsOnBlackSite,numberOfRobotsOnWhiteSite
27057,25,22
timeStep,numberOfRobotsOnBlackSite,numberOfRobotsOnWhiteSite
27058,25,22
timeStep,numberOfRobotsOnBlackSite,numberOfRobotsOnWhiteSite
27059,25,22
timeStep,numberOfRobotsOnBlackSite,numberOfRobotsOnWhiteSite
27060,25,22
timeStep,numberOfRobotsOnBlackSite,numberOfRobotsOnWhiteSite
27061,25,22
timeStep,numberOfRobotsOnBlackSite,numberOfRobotsOnWhiteSite
27062,25,22
timeStep,numberOfRobotsOnBlackSite,numberOfRobotsOnWhiteSite
27063,25,22
timeStep,numberOfRobotsOnBlackSite,numberOfRobotsOnWhiteSite
27064,25,22
timeStep,numberOfRobotsOnBlackSite,numberOfRobotsOnWhiteSite
27065,25,22
timeStep,numberOfRobotsOnBlackSite,numberOfRobotsOnWhiteSite
27066,25,22
timeStep,numberOfRobotsOnBlackSite,numberOfRobotsOnWhiteSite
27067,25,22
timeStep,numberOfRobotsOnBlackSite,numberOfRobotsOnWhiteSite
27068,25,22
timeStep,numberOfRobotsOnBlackSite,numberOfRobotsOnWhiteSite
27069,25,22
timeStep,numberOfRobotsOnBlackSite,numberOfRobotsOnWhiteSite
27070,25,22
timeStep,numberOfRobotsOnBlackSite,numberOfRobotsOnWhiteSite
27071,25,22
timeStep,numberOfRobotsOnBlackSite,numberOfRobotsOnWhiteSite
27072,25,22
timeStep,numberOfRobotsOnBlackSite,numberOfRobotsOnWhiteSite
27073,25,22
timeStep,numberOfRobotsOnBlackSite,numberOfRobotsOnWhiteSite
27074,25,22
timeStep,numberOfRobotsOnBlackSite,numberOfRobotsOnWhiteSite
27075,25,22
timeStep,numberOfRobotsOnBlackSite,numberOfRobotsOnWhiteSite
27076,25,22
timeStep,numberOfRobotsOnBlackSite,numberOfRobotsOnWhiteSite
27077,25,22
timeStep,numberOfRobotsOnBlackSite,numberOfRobotsOnWhiteSite
27078,25,22
timeStep,numberOfRobotsOnBlackSite,numberOfRobotsOnWhiteSite
27079,25,22
timeStep,numberOfRobotsOnBlackSite,numberOfRobotsOnWhiteSite
27080,25,22
timeStep,numberOfRobotsOnBlackSite,numberOfRobotsOnWhiteSite
27081,25,22
timeStep,numberOfRobotsOnBlackSite,numberOfRobotsOnWhiteSite
27082,25,22
timeStep,numberOfRobotsOnBlackSite,numberOfRobotsOnWhiteSite
27083,25,22
timeStep,numberOfRobotsOnBlackSite,numberOfRobotsOnWhiteSite
27084,25,22
timeStep,numberOfRobotsOnBlackSite,numberOfRobotsOnWhiteSite
27085,25,22
timeStep,numberOfRobotsOnBlackSite,numberOfRobotsOnWhiteSite
27086,25,22
timeStep,numberOfRobotsOnBlackSite,numberOfRobotsOnWhiteSite
27087,25,22
timeStep,numberOfRobotsOnBlackSite,numberOfRobotsOnWhiteSite
27088,25,22
timeStep,numberOfRobotsOnBlackSite,numberOfRobotsOnWhiteSite
27089,25,22
timeStep,numberOfRobotsOnBlackSite,numberOfRobotsOnWhiteSite
27090,25,22
timeStep,numberOfRobotsOnBlackSite,numberOfRobotsOnWhiteSite
27091,25,22
timeStep,numberOfRobotsOnBlackSite,numberOfRobotsOnWhiteSite
27092,25,22
timeStep,numberOfRobotsOnBlackSite,numberOfRobotsOnWhiteSite
27093,25,22
timeStep,numberOfRobotsOnBlackSite,numberOfRobotsOnWhiteSite
27094,25,22
timeStep,numberOfRobotsOnBlackSite,numberOfRobotsOnWhiteSite
27095,25,22
timeStep,numberOfRobotsOnBlackSite,numberOfRobotsOnWhiteSite
27096,25,22
timeStep,numberOfRobotsOnBlackSite,numberOfRobotsOnWhiteSite
27097,25,22
timeStep,numberOfRobotsOnBlackSite,numberOfRobotsOnWhiteSite
27098,25,22
timeStep,numberOfRobotsOnBlackSite,numberOfRobotsOnWhiteSite
27099,25,22
timeStep,numberOfRobotsOnBlackSite,numberOfRobotsOnWhiteSite
27100,25,22
timeStep,numberOfRobotsOnBlackSite,numberOfRobotsOnWhiteSite
27101,25,22
timeStep,numberOfRobotsOnBlackSite,numberOfRobotsOnWhiteSite
27102,25,22
timeStep,numberOfRobotsOnBlackSite,numberOfRobotsOnWhiteSite
27103,25,22
timeStep,numberOfRobotsOnBlackSite,numberOfRobotsOnWhiteSite
27104,25,22
timeStep,numberOfRobotsOnBlackSite,numberOfRobotsOnWhiteSite
27105,25,22
timeStep,numberOfRobotsOnBlackSite,numberOfRobotsOnWhiteSite
27106,25,22
timeStep,numberOfRobotsOnBlackSite,numberOfRobotsOnWhiteSite
27107,25,22
timeStep,numberOfRobotsOnBlackSite,numberOfRobotsOnWhiteSite
27108,25,22
timeStep,numberOfRobotsOnBlackSite,numberOfRobotsOnWhiteSite
27109,25,22
timeStep,numberOfRobotsOnBlackSite,numberOfRobotsOnWhiteSite
27110,25,22
timeStep,numberOfRobotsOnBlackSite,numberOfRobotsOnWhiteSite
27111,25,22
timeStep,numberOfRobotsOnBlackSite,numberOfRobotsOnWhiteSite
27112,25,22
timeStep,numberOfRobotsOnBlackSite,numberOfRobotsOnWhiteSite
27113,25,22
timeStep,numberOfRobotsOnBlackSite,numberOfRobotsOnWhiteSite
27114,25,22
timeStep,numberOfRobotsOnBlackSite,numberOfRobotsOnWhiteSite
27115,25,22
timeStep,numberOfRobotsOnBlackSite,numberOfRobotsOnWhiteSite
27116,25,22
timeStep,numberOfRobotsOnBlackSite,numberOfRobotsOnWhiteSite
27117,25,22
timeStep,numberOfRobotsOnBlackSite,numberOfRobotsOnWhiteSite
27118,25,22
timeStep,numberOfRobotsOnBlackSite,numberOfRobotsOnWhiteSite
27119,25,22
timeStep,numberOfRobotsOnBlackSite,numberOfRobotsOnWhiteSite
27120,25,22
timeStep,numberOfRobotsOnBlackSite,numberOfRobotsOnWhiteSite
27121,25,22
timeStep,numberOfRobotsOnBlackSite,numberOfRobotsOnWhiteSite
27122,25,22
timeStep,numberOfRobotsOnBlackSite,numberOfRobotsOnWhiteSite
27123,25,22
timeStep,numberOfRobotsOnBlackSite,numberOfRobotsOnWhiteSite
27124,25,22
timeStep,numberOfRobotsOnBlackSite,numberOfRobotsOnWhiteSite
27125,25,22
timeStep,numberOfRobotsOnBlackSite,numberOfRobotsOnWhiteSite
27126,25,22
timeStep,numberOfRobotsOnBlackSite,numberOfRobotsOnWhiteSite
27127,25,22
timeStep,numberOfRobotsOnBlackSite,numberOfRobotsOnWhiteSite
27128,25,22
timeStep,numberOfRobotsOnBlackSite,numberOfRobotsOnWhiteSite
27129,25,22
timeStep,numberOfRobotsOnBlackSite,numberOfRobotsOnWhiteSite
27130,25,22
timeStep,numberOfRobotsOnBlackSite,numberOfRobotsOnWhiteSite
27131,25,22
timeStep,numberOfRobotsOnBlackSite,numberOfRobotsOnWhiteSite
27132,25,22
timeStep,numberOfRobotsOnBlackSite,numberOfRobotsOnWhiteSite
27133,25,22
timeStep,numberOfRobotsOnBlackSite,numberOfRobotsOnWhiteSite
27134,25,22
timeStep,numberOfRobotsOnBlackSite,numberOfRobotsOnWhiteSite
27135,25,22
timeStep,numberOfRobotsOnBlackSite,numberOfRobotsOnWhiteSite
27136,25,22
timeStep,numberOfRobotsOnBlackSite,numberOfRobotsOnWhiteSite
27137,25,22
timeStep,numberOfRobotsOnBlackSite,numberOfRobotsOnWhiteSite
27138,25,22
timeStep,numberOfRobotsOnBlackSite,numberOfRobotsOnWhiteSite
27139,25,22
timeStep,numberOfRobotsOnBlackSite,numberOfRobotsOnWhiteSite
27140,25,22
timeStep,numberOfRobotsOnBlackSite,numberOfRobotsOnWhiteSite
27141,25,22
timeStep,numberOfRobotsOnBlackSite,numberOfRobotsOnWhiteSite
27142,25,22
timeStep,numberOfRobotsOnBlackSite,numberOfRobotsOnWhiteSite
27143,25,22
timeStep,numberOfRobotsOnBlackSite,numberOfRobotsOnWhiteSite
27144,25,22
timeStep,numberOfRobotsOnBlackSite,numberOfRobotsOnWhiteSite
27145,25,22
timeStep,numberOfRobotsOnBlackSite,numberOfRobotsOnWhiteSite
27146,25,22
timeStep,numberOfRobotsOnBlackSite,numberOfRobotsOnWhiteSite
27147,25,22
timeStep,numberOfRobotsOnBlackSite,numberOfRobotsOnWhiteSite
27148,25,22
timeStep,numberOfRobotsOnBlackSite,numberOfRobotsOnWhiteSite
27149,25,22
timeStep,numberOfRobotsOnBlackSite,numberOfRobotsOnWhiteSite
27150,25,22
timeStep,numberOfRobotsOnBlackSite,numberOfRobotsOnWhiteSite
27151,25,22
timeStep,numberOfRobotsOnBlackSite,numberOfRobotsOnWhiteSite
27152,25,22
timeStep,numberOfRobotsOnBlackSite,numberOfRobotsOnWhiteSite
27153,25,22
timeStep,numberOfRobotsOnBlackSite,numberOfRobotsOnWhiteSite
27154,25,22
timeStep,numberOfRobotsOnBlackSite,numberOfRobotsOnWhiteSite
27155,24,22
timeStep,numberOfRobotsOnBlackSite,numberOfRobotsOnWhiteSite
27156,24,22
timeStep,numberOfRobotsOnBlackSite,numberOfRobotsOnWhiteSite
27157,24,22
timeStep,numberOfRobotsOnBlackSite,numberOfRobotsOnWhiteSite
27158,24,22
timeStep,numberOfRobotsOnBlackSite,numberOfRobotsOnWhiteSite
27159,24,22
timeStep,numberOfRobotsOnBlackSite,numberOfRobotsOnWhiteSite
27160,24,22
timeStep,numberOfRobotsOnBlackSite,numberOfRobotsOnWhiteSite
27161,24,22
timeStep,numberOfRobotsOnBlackSite,numberOfRobotsOnWhiteSite
27162,24,22
timeStep,numberOfRobotsOnBlackSite,numberOfRobotsOnWhiteSite
27163,24,22
timeStep,numberOfRobotsOnBlackSite,numberOfRobotsOnWhiteSite
27164,24,22
timeStep,numberOfRobotsOnBlackSite,numberOfRobotsOnWhiteSite
27165,24,22
timeStep,numberOfRobotsOnBlackSite,numberOfRobotsOnWhiteSite
27166,24,22
timeStep,numberOfRobotsOnBlackSite,numberOfRobotsOnWhiteSite
27167,24,22
timeStep,numberOfRobotsOnBlackSite,numberOfRobotsOnWhiteSite
27168,24,22
timeStep,numberOfRobotsOnBlackSite,numberOfRobotsOnWhiteSite
27169,24,22
timeStep,numberOfRobotsOnBlackSite,numberOfRobotsOnWhiteSite
27170,24,22
timeStep,numberOfRobotsOnBlackSite,numberOfRobotsOnWhiteSite
27171,24,22
timeStep,numberOfRobotsOnBlackSite,numberOfRobotsOnWhiteSite
27172,24,22
timeStep,numberOfRobotsOnBlackSite,numberOfRobotsOnWhiteSite
27173,24,22
timeStep,numberOfRobotsOnBlackSite,numberOfRobotsOnWhiteSite
27174,24,22
timeStep,numberOfRobotsOnBlackSite,numberOfRobotsOnWhiteSite
27175,24,22
timeStep,numberOfRobotsOnBlackSite,numberOfRobotsOnWhiteSite
27176,24,22
timeStep,numberOfRobotsOnBlackSite,numberOfRobotsOnWhiteSite
27177,24,22
timeStep,numberOfRobotsOnBlackSite,numberOfRobotsOnWhiteSite
27178,24,22
timeStep,numberOfRobotsOnBlackSite,numberOfRobotsOnWhiteSite
27179,24,22
timeStep,numberOfRobotsOnBlackSite,numberOfRobotsOnWhiteSite
27180,24,22
timeStep,numberOfRobotsOnBlackSite,numberOfRobotsOnWhiteSite
27181,24,22
timeStep,numberOfRobotsOnBlackSite,numberOfRobotsOnWhiteSite
27182,24,22
timeStep,numberOfRobotsOnBlackSite,numberOfRobotsOnWhiteSite
27183,24,22
timeStep,numberOfRobotsOnBlackSite,numberOfRobotsOnWhiteSite
27184,24,22
timeStep,numberOfRobotsOnBlackSite,numberOfRobotsOnWhiteSite
27185,24,22
timeStep,numberOfRobotsOnBlackSite,numberOfRobotsOnWhiteSite
27186,24,22
timeStep,numberOfRobotsOnBlackSite,numberOfRobotsOnWhiteSite
27187,24,22
timeStep,numberOfRobotsOnBlackSite,numberOfRobotsOnWhiteSite
27188,24,22
timeStep,numberOfRobotsOnBlackSite,numberOfRobotsOnWhiteSite
27189,24,22
timeStep,numberOfRobotsOnBlackSite,numberOfRobotsOnWhiteSite
27190,24,22
timeStep,numberOfRobotsOnBlackSite,numberOfRobotsOnWhiteSite
27191,24,22
timeStep,numberOfRobotsOnBlackSite,numberOfRobotsOnWhiteSite
27192,24,22
timeStep,numberOfRobotsOnBlackSite,numberOfRobotsOnWhiteSite
27193,24,22
timeStep,numberOfRobotsOnBlackSite,numberOfRobotsOnWhiteSite
27194,24,22
timeStep,numberOfRobotsOnBlackSite,numberOfRobotsOnWhiteSite
27195,24,22
timeStep,numberOfRobotsOnBlackSite,numberOfRobotsOnWhiteSite
27196,24,22
timeStep,numberOfRobotsOnBlackSite,numberOfRobotsOnWhiteSite
27197,24,22
timeStep,numberOfRobotsOnBlackSite,numberOfRobotsOnWhiteSite
27198,24,22
timeStep,numberOfRobotsOnBlackSite,numberOfRobotsOnWhiteSite
27199,24,22
timeStep,numberOfRobotsOnBlackSite,numberOfRobotsOnWhiteSite
27200,24,22
timeStep,numberOfRobotsOnBlackSite,numberOfRobotsOnWhiteSite
27201,24,22
timeStep,numberOfRobotsOnBlackSite,numberOfRobotsOnWhiteSite
27202,24,22
timeStep,numberOfRobotsOnBlackSite,numberOfRobotsOnWhiteSite
27203,24,22
timeStep,numberOfRobotsOnBlackSite,numberOfRobotsOnWhiteSite
27204,24,22
timeStep,numberOfRobotsOnBlackSite,numberOfRobotsOnWhiteSite
27205,24,22
timeStep,numberOfRobotsOnBlackSite,numberOfRobotsOnWhiteSite
27206,24,22
timeStep,numberOfRobotsOnBlackSite,numberOfRobotsOnWhiteSite
27207,24,22
timeStep,numberOfRobotsOnBlackSite,numberOfRobotsOnWhiteSite
27208,24,22
timeStep,numberOfRobotsOnBlackSite,numberOfRobotsOnWhiteSite
27209,24,22
timeStep,numberOfRobotsOnBlackSite,numberOfRobotsOnWhiteSite
27210,24,22
timeStep,numberOfRobotsOnBlackSite,numberOfRobotsOnWhiteSite
27211,24,22
timeStep,numberOfRobotsOnBlackSite,numberOfRobotsOnWhiteSite
27212,24,22
timeStep,numberOfRobotsOnBlackSite,numberOfRobotsOnWhiteSite
27213,24,22
timeStep,numberOfRobotsOnBlackSite,numberOfRobotsOnWhiteSite
27214,24,22
timeStep,numberOfRobotsOnBlackSite,numberOfRobotsOnWhiteSite
27215,24,22
timeStep,numberOfRobotsOnBlackSite,numberOfRobotsOnWhiteSite
27216,24,22
timeStep,numberOfRobotsOnBlackSite,numberOfRobotsOnWhiteSite
27217,24,22
timeStep,numberOfRobotsOnBlackSite,numberOfRobotsOnWhiteSite
27218,24,22
timeStep,numberOfRobotsOnBlackSite,numberOfRobotsOnWhiteSite
27219,24,22
timeStep,numberOfRobotsOnBlackSite,numberOfRobotsOnWhiteSite
27220,24,22
timeStep,numberOfRobotsOnBlackSite,numberOfRobotsOnWhiteSite
27221,24,22
timeStep,numberOfRobotsOnBlackSite,numberOfRobotsOnWhiteSite
27222,24,22
timeStep,numberOfRobotsOnBlackSite,numberOfRobotsOnWhiteSite
27223,24,22
timeStep,numberOfRobotsOnBlackSite,numberOfRobotsOnWhiteSite
27224,24,22
timeStep,numberOfRobotsOnBlackSite,numberOfRobotsOnWhiteSite
27225,24,22
timeStep,numberOfRobotsOnBlackSite,numberOfRobotsOnWhiteSite
27226,24,22
timeStep,numberOfRobotsOnBlackSite,numberOfRobotsOnWhiteSite
27227,24,22
timeStep,numberOfRobotsOnBlackSite,numberOfRobotsOnWhiteSite
27228,24,22
timeStep,numberOfRobotsOnBlackSite,numberOfRobotsOnWhiteSite
27229,24,22
timeStep,numberOfRobotsOnBlackSite,numberOfRobotsOnWhiteSite
27230,24,22
timeStep,numberOfRobotsOnBlackSite,numberOfRobotsOnWhiteSite
27231,24,22
timeStep,numberOfRobotsOnBlackSite,numberOfRobotsOnWhiteSite
27232,24,22
timeStep,numberOfRobotsOnBlackSite,numberOfRobotsOnWhiteSite
27233,24,22
timeStep,numberOfRobotsOnBlackSite,numberOfRobotsOnWhiteSite
27234,24,22
timeStep,numberOfRobotsOnBlackSite,numberOfRobotsOnWhiteSite
27235,24,22
timeStep,numberOfRobotsOnBlackSite,numberOfRobotsOnWhiteSite
27236,24,22
timeStep,numberOfRobotsOnBlackSite,numberOfRobotsOnWhiteSite
27237,24,22
timeStep,numberOfRobotsOnBlackSite,numberOfRobotsOnWhiteSite
27238,24,22
timeStep,numberOfRobotsOnBlackSite,numberOfRobotsOnWhiteSite
27239,24,22
timeStep,numberOfRobotsOnBlackSite,numberOfRobotsOnWhiteSite
27240,24,22
timeStep,numberOfRobotsOnBlackSite,numberOfRobotsOnWhiteSite
27241,24,22
timeStep,numberOfRobotsOnBlackSite,numberOfRobotsOnWhiteSite
27242,24,22
timeStep,numberOfRobotsOnBlackSite,numberOfRobotsOnWhiteSite
27243,24,22
timeStep,numberOfRobotsOnBlackSite,numberOfRobotsOnWhiteSite
27244,24,22
timeStep,numberOfRobotsOnBlackSite,numberOfRobotsOnWhiteSite
27245,24,22
timeStep,numberOfRobotsOnBlackSite,numberOfRobotsOnWhiteSite
27246,24,22
timeStep,numberOfRobotsOnBlackSite,numberOfRobotsOnWhiteSite
27247,24,22
timeStep,numberOfRobotsOnBlackSite,numberOfRobotsOnWhiteSite
27248,24,22
timeStep,numberOfRobotsOnBlackSite,numberOfRobotsOnWhiteSite
27249,24,22
timeStep,numberOfRobotsOnBlackSite,numberOfRobotsOnWhiteSite
27250,24,22
timeStep,numberOfRobotsOnBlackSite,numberOfRobotsOnWhiteSite
27251,24,22
timeStep,numberOfRobotsOnBlackSite,numberOfRobotsOnWhiteSite
27252,24,22
timeStep,numberOfRobotsOnBlackSite,numberOfRobotsOnWhiteSite
27253,24,22
timeStep,numberOfRobotsOnBlackSite,numberOfRobotsOnWhiteSite
27254,24,22
timeStep,numberOfRobotsOnBlackSite,numberOfRobotsOnWhiteSite
27255,24,22
timeStep,numberOfRobotsOnBlackSite,numberOfRobotsOnWhiteSite
27256,24,22
timeStep,numberOfRobotsOnBlackSite,numberOfRobotsOnWhiteSite
27257,24,22
timeStep,numberOfRobotsOnBlackSite,numberOfRobotsOnWhiteSite
27258,24,22
timeStep,numberOfRobotsOnBlackSite,numberOfRobotsOnWhiteSite
27259,24,22
timeStep,numberOfRobotsOnBlackSite,numberOfRobotsOnWhiteSite
27260,24,22
timeStep,numberOfRobotsOnBlackSite,numberOfRobotsOnWhiteSite
27261,24,22
timeStep,numberOfRobotsOnBlackSite,numberOfRobotsOnWhiteSite
27262,24,22
timeStep,numberOfRobotsOnBlackSite,numberOfRobotsOnWhiteSite
27263,24,22
timeStep,numberOfRobotsOnBlackSite,numberOfRobotsOnWhiteSite
27264,24,22
timeStep,numberOfRobotsOnBlackSite,numberOfRobotsOnWhiteSite
27265,24,22
timeStep,numberOfRobotsOnBlackSite,numberOfRobotsOnWhiteSite
27266,24,22
timeStep,numberOfRobotsOnBlackSite,numberOfRobotsOnWhiteSite
27267,24,22
timeStep,numberOfRobotsOnBlackSite,numberOfRobotsOnWhiteSite
27268,24,22
timeStep,numberOfRobotsOnBlackSite,numberOfRobotsOnWhiteSite
27269,24,22
timeStep,numberOfRobotsOnBlackSite,numberOfRobotsOnWhiteSite
27270,24,22
timeStep,numberOfRobotsOnBlackSite,numberOfRobotsOnWhiteSite
27271,24,22
timeStep,numberOfRobotsOnBlackSite,numberOfRobotsOnWhiteSite
27272,24,22
timeStep,numberOfRobotsOnBlackSite,numberOfRobotsOnWhiteSite
27273,24,22
timeStep,numberOfRobotsOnBlackSite,numberOfRobotsOnWhiteSite
27274,24,22
timeStep,numberOfRobotsOnBlackSite,numberOfRobotsOnWhiteSite
27275,24,22
timeStep,numberOfRobotsOnBlackSite,numberOfRobotsOnWhiteSite
27276,24,22
timeStep,numberOfRobotsOnBlackSite,numberOfRobotsOnWhiteSite
27277,24,22
timeStep,numberOfRobotsOnBlackSite,numberOfRobotsOnWhiteSite
27278,24,22
timeStep,numberOfRobotsOnBlackSite,numberOfRobotsOnWhiteSite
27279,24,22
timeStep,numberOfRobotsOnBlackSite,numberOfRobotsOnWhiteSite
27280,24,22
timeStep,numberOfRobotsOnBlackSite,numberOfRobotsOnWhiteSite
27281,24,22
timeStep,numberOfRobotsOnBlackSite,numberOfRobotsOnWhiteSite
27282,24,22
timeStep,numberOfRobotsOnBlackSite,numberOfRobotsOnWhiteSite
27283,24,22
timeStep,numberOfRobotsOnBlackSite,numberOfRobotsOnWhiteSite
27284,24,22
timeStep,numberOfRobotsOnBlackSite,numberOfRobotsOnWhiteSite
27285,24,22
timeStep,numberOfRobotsOnBlackSite,numberOfRobotsOnWhiteSite
27286,24,22
timeStep,numberOfRobotsOnBlackSite,numberOfRobotsOnWhiteSite
27287,24,22
timeStep,numberOfRobotsOnBlackSite,numberOfRobotsOnWhiteSite
27288,24,22
timeStep,numberOfRobotsOnBlackSite,numberOfRobotsOnWhiteSite
27289,24,22
timeStep,numberOfRobotsOnBlackSite,numberOfRobotsOnWhiteSite
27290,24,22
timeStep,numberOfRobotsOnBlackSite,numberOfRobotsOnWhiteSite
27291,24,22
timeStep,numberOfRobotsOnBlackSite,numberOfRobotsOnWhiteSite
27292,24,22
timeStep,numberOfRobotsOnBlackSite,numberOfRobotsOnWhiteSite
27293,24,22
timeStep,numberOfRobotsOnBlackSite,numberOfRobotsOnWhiteSite
27294,24,22
timeStep,numberOfRobotsOnBlackSite,numberOfRobotsOnWhiteSite
27295,24,22
timeStep,numberOfRobotsOnBlackSite,numberOfRobotsOnWhiteSite
27296,24,22
timeStep,numberOfRobotsOnBlackSite,numberOfRobotsOnWhiteSite
27297,24,22
timeStep,numberOfRobotsOnBlackSite,numberOfRobotsOnWhiteSite
27298,24,22
timeStep,numberOfRobotsOnBlackSite,numberOfRobotsOnWhiteSite
27299,24,22
timeStep,numberOfRobotsOnBlackSite,numberOfRobotsOnWhiteSite
27300,24,22
timeStep,numberOfRobotsOnBlackSite,numberOfRobotsOnWhiteSite
27301,24,22
timeStep,numberOfRobotsOnBlackSite,numberOfRobotsOnWhiteSite
27302,24,22
timeStep,numberOfRobotsOnBlackSite,numberOfRobotsOnWhiteSite
27303,24,22
timeStep,numberOfRobotsOnBlackSite,numberOfRobotsOnWhiteSite
27304,24,22
timeStep,numberOfRobotsOnBlackSite,numberOfRobotsOnWhiteSite
27305,24,22
timeStep,numberOfRobotsOnBlackSite,numberOfRobotsOnWhiteSite
27306,24,22
timeStep,numberOfRobotsOnBlackSite,numberOfRobotsOnWhiteSite
27307,24,22
timeStep,numberOfRobotsOnBlackSite,numberOfRobotsOnWhiteSite
27308,24,22
timeStep,numberOfRobotsOnBlackSite,numberOfRobotsOnWhiteSite
27309,24,22
timeStep,numberOfRobotsOnBlackSite,numberOfRobotsOnWhiteSite
27310,24,22
timeStep,numberOfRobotsOnBlackSite,numberOfRobotsOnWhiteSite
27311,24,22
timeStep,numberOfRobotsOnBlackSite,numberOfRobotsOnWhiteSite
27312,24,22
timeStep,numberOfRobotsOnBlackSite,numberOfRobotsOnWhiteSite
27313,24,22
timeStep,numberOfRobotsOnBlackSite,numberOfRobotsOnWhiteSite
27314,24,22
timeStep,numberOfRobotsOnBlackSite,numberOfRobotsOnWhiteSite
27315,24,22
timeStep,numberOfRobotsOnBlackSite,numberOfRobotsOnWhiteSite
27316,24,22
timeStep,numberOfRobotsOnBlackSite,numberOfRobotsOnWhiteSite
27317,24,22
timeStep,numberOfRobotsOnBlackSite,numberOfRobotsOnWhiteSite
27318,24,22
timeStep,numberOfRobotsOnBlackSite,numberOfRobotsOnWhiteSite
27319,24,22
timeStep,numberOfRobotsOnBlackSite,numberOfRobotsOnWhiteSite
27320,24,22
timeStep,numberOfRobotsOnBlackSite,numberOfRobotsOnWhiteSite
27321,24,22
timeStep,numberOfRobotsOnBlackSite,numberOfRobotsOnWhiteSite
27322,24,22
timeStep,numberOfRobotsOnBlackSite,numberOfRobotsOnWhiteSite
27323,24,22
timeStep,numberOfRobotsOnBlackSite,numberOfRobotsOnWhiteSite
27324,24,22
timeStep,numberOfRobotsOnBlackSite,numberOfRobotsOnWhiteSite
27325,24,22
timeStep,numberOfRobotsOnBlackSite,numberOfRobotsOnWhiteSite
27326,24,22
timeStep,numberOfRobotsOnBlackSite,numberOfRobotsOnWhiteSite
27327,24,22
timeStep,numberOfRobotsOnBlackSite,numberOfRobotsOnWhiteSite
27328,24,22
timeStep,numberOfRobotsOnBlackSite,numberOfRobotsOnWhiteSite
27329,24,22
timeStep,numberOfRobotsOnBlackSite,numberOfRobotsOnWhiteSite
27330,24,22
timeStep,numberOfRobotsOnBlackSite,numberOfRobotsOnWhiteSite
27331,24,22
timeStep,numberOfRobotsOnBlackSite,numberOfRobotsOnWhiteSite
27332,24,22
timeStep,numberOfRobotsOnBlackSite,numberOfRobotsOnWhiteSite
27333,24,22
timeStep,numberOfRobotsOnBlackSite,numberOfRobotsOnWhiteSite
27334,24,22
timeStep,numberOfRobotsOnBlackSite,numberOfRobotsOnWhiteSite
27335,24,22
timeStep,numberOfRobotsOnBlackSite,numberOfRobotsOnWhiteSite
27336,24,22
timeStep,numberOfRobotsOnBlackSite,numberOfRobotsOnWhiteSite
27337,24,22
timeStep,numberOfRobotsOnBlackSite,numberOfRobotsOnWhiteSite
27338,24,22
timeStep,numberOfRobotsOnBlackSite,numberOfRobotsOnWhiteSite
27339,24,22
timeStep,numberOfRobotsOnBlackSite,numberOfRobotsOnWhiteSite
27340,24,22
timeStep,numberOfRobotsOnBlackSite,numberOfRobotsOnWhiteSite
27341,24,22
timeStep,numberOfRobotsOnBlackSite,numberOfRobotsOnWhiteSite
27342,24,22
timeStep,numberOfRobotsOnBlackSite,numberOfRobotsOnWhiteSite
27343,24,22
timeStep,numberOfRobotsOnBlackSite,numberOfRobotsOnWhiteSite
27344,24,22
timeStep,numberOfRobotsOnBlackSite,numberOfRobotsOnWhiteSite
27345,24,22
timeStep,numberOfRobotsOnBlackSite,numberOfRobotsOnWhiteSite
27346,24,22
timeStep,numberOfRobotsOnBlackSite,numberOfRobotsOnWhiteSite
27347,24,22
timeStep,numberOfRobotsOnBlackSite,numberOfRobotsOnWhiteSite
27348,24,22
timeStep,numberOfRobotsOnBlackSite,numberOfRobotsOnWhiteSite
27349,24,22
timeStep,numberOfRobotsOnBlackSite,numberOfRobotsOnWhiteSite
27350,24,22
timeStep,numberOfRobotsOnBlackSite,numberOfRobotsOnWhiteSite
27351,24,22
timeStep,numberOfRobotsOnBlackSite,numberOfRobotsOnWhiteSite
27352,24,22
timeStep,numberOfRobotsOnBlackSite,numberOfRobotsOnWhiteSite
27353,24,22
timeStep,numberOfRobotsOnBlackSite,numberOfRobotsOnWhiteSite
27354,24,22
timeStep,numberOfRobotsOnBlackSite,numberOfRobotsOnWhiteSite
27355,24,22
timeStep,numberOfRobotsOnBlackSite,numberOfRobotsOnWhiteSite
27356,24,22
timeStep,numberOfRobotsOnBlackSite,numberOfRobotsOnWhiteSite
27357,24,22
timeStep,numberOfRobotsOnBlackSite,numberOfRobotsOnWhiteSite
27358,24,22
timeStep,numberOfRobotsOnBlackSite,numberOfRobotsOnWhiteSite
27359,24,22
timeStep,numberOfRobotsOnBlackSite,numberOfRobotsOnWhiteSite
27360,24,22
timeStep,numberOfRobotsOnBlackSite,numberOfRobotsOnWhiteSite
27361,24,22
timeStep,numberOfRobotsOnBlackSite,numberOfRobotsOnWhiteSite
27362,24,22
timeStep,numberOfRobotsOnBlackSite,numberOfRobotsOnWhiteSite
27363,24,22
timeStep,numberOfRobotsOnBlackSite,numberOfRobotsOnWhiteSite
27364,24,22
timeStep,numberOfRobotsOnBlackSite,numberOfRobotsOnWhiteSite
27365,24,22
timeStep,numberOfRobotsOnBlackSite,numberOfRobotsOnWhiteSite
27366,24,22
timeStep,numberOfRobotsOnBlackSite,numberOfRobotsOnWhiteSite
27367,24,22
timeStep,numberOfRobotsOnBlackSite,numberOfRobotsOnWhiteSite
27368,24,22
timeStep,numberOfRobotsOnBlackSite,numberOfRobotsOnWhiteSite
27369,24,22
timeStep,numberOfRobotsOnBlackSite,numberOfRobotsOnWhiteSite
27370,24,22
timeStep,numberOfRobotsOnBlackSite,numberOfRobotsOnWhiteSite
27371,24,22
timeStep,numberOfRobotsOnBlackSite,numberOfRobotsOnWhiteSite
27372,24,22
timeStep,numberOfRobotsOnBlackSite,numberOfRobotsOnWhiteSite
27373,24,22
timeStep,numberOfRobotsOnBlackSite,numberOfRobotsOnWhiteSite
27374,24,22
timeStep,numberOfRobotsOnBlackSite,numberOfRobotsOnWhiteSite
27375,24,22
timeStep,numberOfRobotsOnBlackSite,numberOfRobotsOnWhiteSite
27376,24,22
timeStep,numberOfRobotsOnBlackSite,numberOfRobotsOnWhiteSite
27377,24,22
timeStep,numberOfRobotsOnBlackSite,numberOfRobotsOnWhiteSite
27378,24,22
timeStep,numberOfRobotsOnBlackSite,numberOfRobotsOnWhiteSite
27379,24,22
timeStep,numberOfRobotsOnBlackSite,numberOfRobotsOnWhiteSite
27380,24,22
timeStep,numberOfRobotsOnBlackSite,numberOfRobotsOnWhiteSite
27381,24,22
timeStep,numberOfRobotsOnBlackSite,numberOfRobotsOnWhiteSite
27382,24,22
timeStep,numberOfRobotsOnBlackSite,numberOfRobotsOnWhiteSite
27383,24,22
timeStep,numberOfRobotsOnBlackSite,numberOfRobotsOnWhiteSite
27384,24,22
timeStep,numberOfRobotsOnBlackSite,numberOfRobotsOnWhiteSite
27385,24,22
timeStep,numberOfRobotsOnBlackSite,numberOfRobotsOnWhiteSite
27386,24,22
timeStep,numberOfRobotsOnBlackSite,numberOfRobotsOnWhiteSite
27387,24,22
timeStep,numberOfRobotsOnBlackSite,numberOfRobotsOnWhiteSite
27388,24,22
timeStep,numberOfRobotsOnBlackSite,numberOfRobotsOnWhiteSite
27389,24,22
timeStep,numberOfRobotsOnBlackSite,numberOfRobotsOnWhiteSite
27390,24,22
timeStep,numberOfRobotsOnBlackSite,numberOfRobotsOnWhiteSite
27391,24,22
timeStep,numberOfRobotsOnBlackSite,numberOfRobotsOnWhiteSite
27392,24,22
timeStep,numberOfRobotsOnBlackSite,numberOfRobotsOnWhiteSite
27393,24,22
timeStep,numberOfRobotsOnBlackSite,numberOfRobotsOnWhiteSite
27394,24,22
timeStep,numberOfRobotsOnBlackSite,numberOfRobotsOnWhiteSite
27395,24,22
timeStep,numberOfRobotsOnBlackSite,numberOfRobotsOnWhiteSite
27396,24,22
timeStep,numberOfRobotsOnBlackSite,numberOfRobotsOnWhiteSite
27397,24,22
timeStep,numberOfRobotsOnBlackSite,numberOfRobotsOnWhiteSite
27398,24,22
timeStep,numberOfRobotsOnBlackSite,numberOfRobotsOnWhiteSite
27399,24,22
timeStep,numberOfRobotsOnBlackSite,numberOfRobotsOnWhiteSite
27400,24,22
timeStep,numberOfRobotsOnBlackSite,numberOfRobotsOnWhiteSite
27401,24,22
timeStep,numberOfRobotsOnBlackSite,numberOfRobotsOnWhiteSite
27402,24,22
timeStep,numberOfRobotsOnBlackSite,numberOfRobotsOnWhiteSite
27403,24,22
timeStep,numberOfRobotsOnBlackSite,numberOfRobotsOnWhiteSite
27404,24,22
timeStep,numberOfRobotsOnBlackSite,numberOfRobotsOnWhiteSite
27405,24,22
timeStep,numberOfRobotsOnBlackSite,numberOfRobotsOnWhiteSite
27406,24,22
timeStep,numberOfRobotsOnBlackSite,numberOfRobotsOnWhiteSite
27407,24,22
timeStep,numberOfRobotsOnBlackSite,numberOfRobotsOnWhiteSite
27408,24,22
timeStep,numberOfRobotsOnBlackSite,numberOfRobotsOnWhiteSite
27409,24,22
timeStep,numberOfRobotsOnBlackSite,numberOfRobotsOnWhiteSite
27410,24,22
timeStep,numberOfRobotsOnBlackSite,numberOfRobotsOnWhiteSite
27411,24,22
timeStep,numberOfRobotsOnBlackSite,numberOfRobotsOnWhiteSite
27412,24,22
timeStep,numberOfRobotsOnBlackSite,numberOfRobotsOnWhiteSite
27413,24,22
timeStep,numberOfRobotsOnBlackSite,numberOfRobotsOnWhiteSite
27414,24,22
timeStep,numberOfRobotsOnBlackSite,numberOfRobotsOnWhiteSite
27415,24,22
timeStep,numberOfRobotsOnBlackSite,numberOfRobotsOnWhiteSite
27416,24,22
timeStep,numberOfRobotsOnBlackSite,numberOfRobotsOnWhiteSite
27417,24,22
timeStep,numberOfRobotsOnBlackSite,numberOfRobotsOnWhiteSite
27418,24,22
timeStep,numberOfRobotsOnBlackSite,numberOfRobotsOnWhiteSite
27419,24,22
timeStep,numberOfRobotsOnBlackSite,numberOfRobotsOnWhiteSite
27420,24,22
timeStep,numberOfRobotsOnBlackSite,numberOfRobotsOnWhiteSite
27421,24,22
timeStep,numberOfRobotsOnBlackSite,numberOfRobotsOnWhiteSite
27422,24,22
timeStep,numberOfRobotsOnBlackSite,numberOfRobotsOnWhiteSite
27423,24,22
timeStep,numberOfRobotsOnBlackSite,numberOfRobotsOnWhiteSite
27424,24,22
timeStep,numberOfRobotsOnBlackSite,numberOfRobotsOnWhiteSite
27425,24,22
timeStep,numberOfRobotsOnBlackSite,numberOfRobotsOnWhiteSite
27426,24,22
timeStep,numberOfRobotsOnBlackSite,numberOfRobotsOnWhiteSite
27427,24,22
timeStep,numberOfRobotsOnBlackSite,numberOfRobotsOnWhiteSite
27428,24,22
timeStep,numberOfRobotsOnBlackSite,numberOfRobotsOnWhiteSite
27429,24,22
timeStep,numberOfRobotsOnBlackSite,numberOfRobotsOnWhiteSite
27430,24,22
timeStep,numberOfRobotsOnBlackSite,numberOfRobotsOnWhiteSite
27431,24,22
timeStep,numberOfRobotsOnBlackSite,numberOfRobotsOnWhiteSite
27432,24,22
timeStep,numberOfRobotsOnBlackSite,numberOfRobotsOnWhiteSite
27433,24,22
timeStep,numberOfRobotsOnBlackSite,numberOfRobotsOnWhiteSite
27434,24,22
timeStep,numberOfRobotsOnBlackSite,numberOfRobotsOnWhiteSite
27435,24,22
timeStep,numberOfRobotsOnBlackSite,numberOfRobotsOnWhiteSite
27436,24,22
timeStep,numberOfRobotsOnBlackSite,numberOfRobotsOnWhiteSite
27437,24,22
timeStep,numberOfRobotsOnBlackSite,numberOfRobotsOnWhiteSite
27438,24,22
timeStep,numberOfRobotsOnBlackSite,numberOfRobotsOnWhiteSite
27439,24,22
timeStep,numberOfRobotsOnBlackSite,numberOfRobotsOnWhiteSite
27440,24,22
timeStep,numberOfRobotsOnBlackSite,numberOfRobotsOnWhiteSite
27441,24,22
timeStep,numberOfRobotsOnBlackSite,numberOfRobotsOnWhiteSite
27442,24,22
timeStep,numberOfRobotsOnBlackSite,numberOfRobotsOnWhiteSite
27443,24,22
timeStep,numberOfRobotsOnBlackSite,numberOfRobotsOnWhiteSite
27444,24,22
timeStep,numberOfRobotsOnBlackSite,numberOfRobotsOnWhiteSite
27445,24,22
timeStep,numberOfRobotsOnBlackSite,numberOfRobotsOnWhiteSite
27446,24,22
timeStep,numberOfRobotsOnBlackSite,numberOfRobotsOnWhiteSite
27447,24,22
timeStep,numberOfRobotsOnBlackSite,numberOfRobotsOnWhiteSite
27448,24,22
timeStep,numberOfRobotsOnBlackSite,numberOfRobotsOnWhiteSite
27449,24,22
timeStep,numberOfRobotsOnBlackSite,numberOfRobotsOnWhiteSite
27450,24,22
timeStep,numberOfRobotsOnBlackSite,numberOfRobotsOnWhiteSite
27451,24,22
timeStep,numberOfRobotsOnBlackSite,numberOfRobotsOnWhiteSite
27452,24,22
timeStep,numberOfRobotsOnBlackSite,numberOfRobotsOnWhiteSite
27453,24,22
timeStep,numberOfRobotsOnBlackSite,numberOfRobotsOnWhiteSite
27454,24,22
timeStep,numberOfRobotsOnBlackSite,numberOfRobotsOnWhiteSite
27455,24,22
timeStep,numberOfRobotsOnBlackSite,numberOfRobotsOnWhiteSite
27456,24,22
timeStep,numberOfRobotsOnBlackSite,numberOfRobotsOnWhiteSite
27457,24,22
timeStep,numberOfRobotsOnBlackSite,numberOfRobotsOnWhiteSite
27458,24,22
timeStep,numberOfRobotsOnBlackSite,numberOfRobotsOnWhiteSite
27459,24,22
timeStep,numberOfRobotsOnBlackSite,numberOfRobotsOnWhiteSite
27460,24,22
timeStep,numberOfRobotsOnBlackSite,numberOfRobotsOnWhiteSite
27461,24,22
timeStep,numberOfRobotsOnBlackSite,numberOfRobotsOnWhiteSite
27462,24,22
timeStep,numberOfRobotsOnBlackSite,numberOfRobotsOnWhiteSite
27463,24,22
timeStep,numberOfRobotsOnBlackSite,numberOfRobotsOnWhiteSite
27464,24,22
timeStep,numberOfRobotsOnBlackSite,numberOfRobotsOnWhiteSite
27465,24,22
timeStep,numberOfRobotsOnBlackSite,numberOfRobotsOnWhiteSite
27466,24,22
timeStep,numberOfRobotsOnBlackSite,numberOfRobotsOnWhiteSite
27467,24,22
timeStep,numberOfRobotsOnBlackSite,numberOfRobotsOnWhiteSite
27468,24,22
timeStep,numberOfRobotsOnBlackSite,numberOfRobotsOnWhiteSite
27469,24,22
timeStep,numberOfRobotsOnBlackSite,numberOfRobotsOnWhiteSite
27470,24,22
timeStep,numberOfRobotsOnBlackSite,numberOfRobotsOnWhiteSite
27471,24,22
timeStep,numberOfRobotsOnBlackSite,numberOfRobotsOnWhiteSite
27472,24,22
timeStep,numberOfRobotsOnBlackSite,numberOfRobotsOnWhiteSite
27473,24,22
timeStep,numberOfRobotsOnBlackSite,numberOfRobotsOnWhiteSite
27474,24,22
timeStep,numberOfRobotsOnBlackSite,numberOfRobotsOnWhiteSite
27475,24,22
timeStep,numberOfRobotsOnBlackSite,numberOfRobotsOnWhiteSite
27476,24,22
timeStep,numberOfRobotsOnBlackSite,numberOfRobotsOnWhiteSite
27477,24,22
timeStep,numberOfRobotsOnBlackSite,numberOfRobotsOnWhiteSite
27478,24,22
timeStep,numberOfRobotsOnBlackSite,numberOfRobotsOnWhiteSite
27479,24,22
timeStep,numberOfRobotsOnBlackSite,numberOfRobotsOnWhiteSite
27480,24,22
timeStep,numberOfRobotsOnBlackSite,numberOfRobotsOnWhiteSite
27481,24,22
timeStep,numberOfRobotsOnBlackSite,numberOfRobotsOnWhiteSite
27482,24,22
timeStep,numberOfRobotsOnBlackSite,numberOfRobotsOnWhiteSite
27483,24,22
timeStep,numberOfRobotsOnBlackSite,numberOfRobotsOnWhiteSite
27484,24,22
timeStep,numberOfRobotsOnBlackSite,numberOfRobotsOnWhiteSite
27485,24,22
timeStep,numberOfRobotsOnBlackSite,numberOfRobotsOnWhiteSite
27486,24,22
timeStep,numberOfRobotsOnBlackSite,numberOfRobotsOnWhiteSite
27487,24,22
timeStep,numberOfRobotsOnBlackSite,numberOfRobotsOnWhiteSite
27488,24,22
timeStep,numberOfRobotsOnBlackSite,numberOfRobotsOnWhiteSite
27489,24,22
timeStep,numberOfRobotsOnBlackSite,numberOfRobotsOnWhiteSite
27490,24,22
timeStep,numberOfRobotsOnBlackSite,numberOfRobotsOnWhiteSite
27491,24,22
timeStep,numberOfRobotsOnBlackSite,numberOfRobotsOnWhiteSite
27492,24,22
timeStep,numberOfRobotsOnBlackSite,numberOfRobotsOnWhiteSite
27493,24,22
timeStep,numberOfRobotsOnBlackSite,numberOfRobotsOnWhiteSite
27494,24,22
timeStep,numberOfRobotsOnBlackSite,numberOfRobotsOnWhiteSite
27495,24,22
timeStep,numberOfRobotsOnBlackSite,numberOfRobotsOnWhiteSite
27496,24,22
timeStep,numberOfRobotsOnBlackSite,numberOfRobotsOnWhiteSite
27497,24,22
timeStep,numberOfRobotsOnBlackSite,numberOfRobotsOnWhiteSite
27498,24,22
timeStep,numberOfRobotsOnBlackSite,numberOfRobotsOnWhiteSite
27499,24,22
timeStep,numberOfRobotsOnBlackSite,numberOfRobotsOnWhiteSite
27500,24,22
timeStep,numberOfRobotsOnBlackSite,numberOfRobotsOnWhiteSite
27501,24,22
timeStep,numberOfRobotsOnBlackSite,numberOfRobotsOnWhiteSite
27502,24,22
timeStep,numberOfRobotsOnBlackSite,numberOfRobotsOnWhiteSite
27503,24,22
timeStep,numberOfRobotsOnBlackSite,numberOfRobotsOnWhiteSite
27504,24,22
timeStep,numberOfRobotsOnBlackSite,numberOfRobotsOnWhiteSite
27505,24,22
timeStep,numberOfRobotsOnBlackSite,numberOfRobotsOnWhiteSite
27506,24,22
timeStep,numberOfRobotsOnBlackSite,numberOfRobotsOnWhiteSite
27507,24,22
timeStep,numberOfRobotsOnBlackSite,numberOfRobotsOnWhiteSite
27508,24,22
timeStep,numberOfRobotsOnBlackSite,numberOfRobotsOnWhiteSite
27509,24,22
timeStep,numberOfRobotsOnBlackSite,numberOfRobotsOnWhiteSite
27510,24,22
timeStep,numberOfRobotsOnBlackSite,numberOfRobotsOnWhiteSite
27511,24,22
timeStep,numberOfRobotsOnBlackSite,numberOfRobotsOnWhiteSite
27512,24,22
timeStep,numberOfRobotsOnBlackSite,numberOfRobotsOnWhiteSite
27513,24,22
timeStep,numberOfRobotsOnBlackSite,numberOfRobotsOnWhiteSite
27514,24,22
timeStep,numberOfRobotsOnBlackSite,numberOfRobotsOnWhiteSite
27515,24,22
timeStep,numberOfRobotsOnBlackSite,numberOfRobotsOnWhiteSite
27516,24,22
timeStep,numberOfRobotsOnBlackSite,numberOfRobotsOnWhiteSite
27517,24,22
timeStep,numberOfRobotsOnBlackSite,numberOfRobotsOnWhiteSite
27518,24,22
timeStep,numberOfRobotsOnBlackSite,numberOfRobotsOnWhiteSite
27519,24,22
timeStep,numberOfRobotsOnBlackSite,numberOfRobotsOnWhiteSite
27520,24,22
timeStep,numberOfRobotsOnBlackSite,numberOfRobotsOnWhiteSite
27521,24,22
timeStep,numberOfRobotsOnBlackSite,numberOfRobotsOnWhiteSite
27522,24,22
timeStep,numberOfRobotsOnBlackSite,numberOfRobotsOnWhiteSite
27523,24,22
timeStep,numberOfRobotsOnBlackSite,numberOfRobotsOnWhiteSite
27524,24,22
timeStep,numberOfRobotsOnBlackSite,numberOfRobotsOnWhiteSite
27525,24,22
timeStep,numberOfRobotsOnBlackSite,numberOfRobotsOnWhiteSite
27526,24,22
timeStep,numberOfRobotsOnBlackSite,numberOfRobotsOnWhiteSite
27527,24,22
timeStep,numberOfRobotsOnBlackSite,numberOfRobotsOnWhiteSite
27528,24,22
timeStep,numberOfRobotsOnBlackSite,numberOfRobotsOnWhiteSite
27529,24,22
timeStep,numberOfRobotsOnBlackSite,numberOfRobotsOnWhiteSite
27530,24,22
timeStep,numberOfRobotsOnBlackSite,numberOfRobotsOnWhiteSite
27531,24,22
timeStep,numberOfRobotsOnBlackSite,numberOfRobotsOnWhiteSite
27532,24,22
timeStep,numberOfRobotsOnBlackSite,numberOfRobotsOnWhiteSite
27533,24,22
timeStep,numberOfRobotsOnBlackSite,numberOfRobotsOnWhiteSite
27534,24,22
timeStep,numberOfRobotsOnBlackSite,numberOfRobotsOnWhiteSite
27535,24,22
timeStep,numberOfRobotsOnBlackSite,numberOfRobotsOnWhiteSite
27536,24,22
timeStep,numberOfRobotsOnBlackSite,numberOfRobotsOnWhiteSite
27537,24,22
timeStep,numberOfRobotsOnBlackSite,numberOfRobotsOnWhiteSite
27538,24,22
timeStep,numberOfRobotsOnBlackSite,numberOfRobotsOnWhiteSite
27539,24,22
timeStep,numberOfRobotsOnBlackSite,numberOfRobotsOnWhiteSite
27540,24,22
timeStep,numberOfRobotsOnBlackSite,numberOfRobotsOnWhiteSite
27541,24,22
timeStep,numberOfRobotsOnBlackSite,numberOfRobotsOnWhiteSite
27542,24,22
timeStep,numberOfRobotsOnBlackSite,numberOfRobotsOnWhiteSite
27543,24,22
timeStep,numberOfRobotsOnBlackSite,numberOfRobotsOnWhiteSite
27544,24,22
timeStep,numberOfRobotsOnBlackSite,numberOfRobotsOnWhiteSite
27545,24,22
timeStep,numberOfRobotsOnBlackSite,numberOfRobotsOnWhiteSite
27546,24,22
timeStep,numberOfRobotsOnBlackSite,numberOfRobotsOnWhiteSite
27547,24,22
timeStep,numberOfRobotsOnBlackSite,numberOfRobotsOnWhiteSite
27548,24,22
timeStep,numberOfRobotsOnBlackSite,numberOfRobotsOnWhiteSite
27549,24,22
timeStep,numberOfRobotsOnBlackSite,numberOfRobotsOnWhiteSite
27550,24,22
timeStep,numberOfRobotsOnBlackSite,numberOfRobotsOnWhiteSite
27551,24,22
timeStep,numberOfRobotsOnBlackSite,numberOfRobotsOnWhiteSite
27552,24,22
timeStep,numberOfRobotsOnBlackSite,numberOfRobotsOnWhiteSite
27553,24,22
timeStep,numberOfRobotsOnBlackSite,numberOfRobotsOnWhiteSite
27554,24,22
timeStep,numberOfRobotsOnBlackSite,numberOfRobotsOnWhiteSite
27555,24,22
timeStep,numberOfRobotsOnBlackSite,numberOfRobotsOnWhiteSite
27556,24,22
timeStep,numberOfRobotsOnBlackSite,numberOfRobotsOnWhiteSite
27557,24,22
timeStep,numberOfRobotsOnBlackSite,numberOfRobotsOnWhiteSite
27558,24,22
timeStep,numberOfRobotsOnBlackSite,numberOfRobotsOnWhiteSite
27559,24,22
timeStep,numberOfRobotsOnBlackSite,numberOfRobotsOnWhiteSite
27560,24,22
timeStep,numberOfRobotsOnBlackSite,numberOfRobotsOnWhiteSite
27561,24,22
timeStep,numberOfRobotsOnBlackSite,numberOfRobotsOnWhiteSite
27562,24,22
timeStep,numberOfRobotsOnBlackSite,numberOfRobotsOnWhiteSite
27563,24,22
timeStep,numberOfRobotsOnBlackSite,numberOfRobotsOnWhiteSite
27564,24,22
timeStep,numberOfRobotsOnBlackSite,numberOfRobotsOnWhiteSite
27565,24,22
timeStep,numberOfRobotsOnBlackSite,numberOfRobotsOnWhiteSite
27566,24,22
timeStep,numberOfRobotsOnBlackSite,numberOfRobotsOnWhiteSite
27567,24,22
timeStep,numberOfRobotsOnBlackSite,numberOfRobotsOnWhiteSite
27568,24,22
timeStep,numberOfRobotsOnBlackSite,numberOfRobotsOnWhiteSite
27569,24,22
timeStep,numberOfRobotsOnBlackSite,numberOfRobotsOnWhiteSite
27570,24,22
timeStep,numberOfRobotsOnBlackSite,numberOfRobotsOnWhiteSite
27571,24,22
timeStep,numberOfRobotsOnBlackSite,numberOfRobotsOnWhiteSite
27572,24,22
timeStep,numberOfRobotsOnBlackSite,numberOfRobotsOnWhiteSite
27573,24,22
timeStep,numberOfRobotsOnBlackSite,numberOfRobotsOnWhiteSite
27574,24,22
timeStep,numberOfRobotsOnBlackSite,numberOfRobotsOnWhiteSite
27575,24,22
timeStep,numberOfRobotsOnBlackSite,numberOfRobotsOnWhiteSite
27576,24,22
timeStep,numberOfRobotsOnBlackSite,numberOfRobotsOnWhiteSite
27577,24,22
timeStep,numberOfRobotsOnBlackSite,numberOfRobotsOnWhiteSite
27578,24,22
timeStep,numberOfRobotsOnBlackSite,numberOfRobotsOnWhiteSite
27579,24,22
timeStep,numberOfRobotsOnBlackSite,numberOfRobotsOnWhiteSite
27580,24,22
timeStep,numberOfRobotsOnBlackSite,numberOfRobotsOnWhiteSite
27581,24,22
timeStep,numberOfRobotsOnBlackSite,numberOfRobotsOnWhiteSite
27582,24,22
timeStep,numberOfRobotsOnBlackSite,numberOfRobotsOnWhiteSite
27583,24,22
timeStep,numberOfRobotsOnBlackSite,numberOfRobotsOnWhiteSite
27584,24,22
timeStep,numberOfRobotsOnBlackSite,numberOfRobotsOnWhiteSite
27585,24,22
timeStep,numberOfRobotsOnBlackSite,numberOfRobotsOnWhiteSite
27586,24,22
timeStep,numberOfRobotsOnBlackSite,numberOfRobotsOnWhiteSite
27587,24,22
timeStep,numberOfRobotsOnBlackSite,numberOfRobotsOnWhiteSite
27588,24,22
timeStep,numberOfRobotsOnBlackSite,numberOfRobotsOnWhiteSite
27589,24,22
timeStep,numberOfRobotsOnBlackSite,numberOfRobotsOnWhiteSite
27590,24,22
timeStep,numberOfRobotsOnBlackSite,numberOfRobotsOnWhiteSite
27591,24,22
timeStep,numberOfRobotsOnBlackSite,numberOfRobotsOnWhiteSite
27592,24,22
timeStep,numberOfRobotsOnBlackSite,numberOfRobotsOnWhiteSite
27593,24,22
timeStep,numberOfRobotsOnBlackSite,numberOfRobotsOnWhiteSite
27594,24,22
timeStep,numberOfRobotsOnBlackSite,numberOfRobotsOnWhiteSite
27595,24,22
timeStep,numberOfRobotsOnBlackSite,numberOfRobotsOnWhiteSite
27596,24,22
timeStep,numberOfRobotsOnBlackSite,numberOfRobotsOnWhiteSite
27597,24,22
timeStep,numberOfRobotsOnBlackSite,numberOfRobotsOnWhiteSite
27598,24,22
timeStep,numberOfRobotsOnBlackSite,numberOfRobotsOnWhiteSite
27599,24,22
timeStep,numberOfRobotsOnBlackSite,numberOfRobotsOnWhiteSite
27600,24,22
timeStep,numberOfRobotsOnBlackSite,numberOfRobotsOnWhiteSite
27601,24,22
timeStep,numberOfRobotsOnBlackSite,numberOfRobotsOnWhiteSite
27602,24,22
timeStep,numberOfRobotsOnBlackSite,numberOfRobotsOnWhiteSite
27603,24,22
timeStep,numberOfRobotsOnBlackSite,numberOfRobotsOnWhiteSite
27604,24,22
timeStep,numberOfRobotsOnBlackSite,numberOfRobotsOnWhiteSite
27605,24,22
timeStep,numberOfRobotsOnBlackSite,numberOfRobotsOnWhiteSite
27606,24,22
timeStep,numberOfRobotsOnBlackSite,numberOfRobotsOnWhiteSite
27607,24,22
timeStep,numberOfRobotsOnBlackSite,numberOfRobotsOnWhiteSite
27608,24,22
timeStep,numberOfRobotsOnBlackSite,numberOfRobotsOnWhiteSite
27609,24,22
timeStep,numberOfRobotsOnBlackSite,numberOfRobotsOnWhiteSite
27610,24,22
timeStep,numberOfRobotsOnBlackSite,numberOfRobotsOnWhiteSite
27611,24,22
timeStep,numberOfRobotsOnBlackSite,numberOfRobotsOnWhiteSite
27612,24,22
timeStep,numberOfRobotsOnBlackSite,numberOfRobotsOnWhiteSite
27613,24,22
timeStep,numberOfRobotsOnBlackSite,numberOfRobotsOnWhiteSite
27614,24,22
timeStep,numberOfRobotsOnBlackSite,numberOfRobotsOnWhiteSite
27615,24,22
timeStep,numberOfRobotsOnBlackSite,numberOfRobotsOnWhiteSite
27616,24,22
timeStep,numberOfRobotsOnBlackSite,numberOfRobotsOnWhiteSite
27617,24,22
timeStep,numberOfRobotsOnBlackSite,numberOfRobotsOnWhiteSite
27618,24,22
timeStep,numberOfRobotsOnBlackSite,numberOfRobotsOnWhiteSite
27619,24,22
timeStep,numberOfRobotsOnBlackSite,numberOfRobotsOnWhiteSite
27620,24,22
timeStep,numberOfRobotsOnBlackSite,numberOfRobotsOnWhiteSite
27621,24,22
timeStep,numberOfRobotsOnBlackSite,numberOfRobotsOnWhiteSite
27622,24,22
timeStep,numberOfRobotsOnBlackSite,numberOfRobotsOnWhiteSite
27623,24,22
timeStep,numberOfRobotsOnBlackSite,numberOfRobotsOnWhiteSite
27624,24,22
timeStep,numberOfRobotsOnBlackSite,numberOfRobotsOnWhiteSite
27625,24,22
timeStep,numberOfRobotsOnBlackSite,numberOfRobotsOnWhiteSite
27626,24,22
timeStep,numberOfRobotsOnBlackSite,numberOfRobotsOnWhiteSite
27627,24,22
timeStep,numberOfRobotsOnBlackSite,numberOfRobotsOnWhiteSite
27628,24,22
timeStep,numberOfRobotsOnBlackSite,numberOfRobotsOnWhiteSite
27629,24,22
timeStep,numberOfRobotsOnBlackSite,numberOfRobotsOnWhiteSite
27630,24,22
timeStep,numberOfRobotsOnBlackSite,numberOfRobotsOnWhiteSite
27631,24,22
timeStep,numberOfRobotsOnBlackSite,numberOfRobotsOnWhiteSite
27632,24,22
timeStep,numberOfRobotsOnBlackSite,numberOfRobotsOnWhiteSite
27633,24,22
timeStep,numberOfRobotsOnBlackSite,numberOfRobotsOnWhiteSite
27634,24,22
timeStep,numberOfRobotsOnBlackSite,numberOfRobotsOnWhiteSite
27635,24,22
timeStep,numberOfRobotsOnBlackSite,numberOfRobotsOnWhiteSite
27636,24,22
timeStep,numberOfRobotsOnBlackSite,numberOfRobotsOnWhiteSite
27637,24,22
timeStep,numberOfRobotsOnBlackSite,numberOfRobotsOnWhiteSite
27638,24,22
timeStep,numberOfRobotsOnBlackSite,numberOfRobotsOnWhiteSite
27639,24,22
timeStep,numberOfRobotsOnBlackSite,numberOfRobotsOnWhiteSite
27640,24,22
timeStep,numberOfRobotsOnBlackSite,numberOfRobotsOnWhiteSite
27641,24,22
timeStep,numberOfRobotsOnBlackSite,numberOfRobotsOnWhiteSite
27642,24,22
timeStep,numberOfRobotsOnBlackSite,numberOfRobotsOnWhiteSite
27643,24,22
timeStep,numberOfRobotsOnBlackSite,numberOfRobotsOnWhiteSite
27644,24,22
timeStep,numberOfRobotsOnBlackSite,numberOfRobotsOnWhiteSite
27645,24,22
timeStep,numberOfRobotsOnBlackSite,numberOfRobotsOnWhiteSite
27646,24,22
timeStep,numberOfRobotsOnBlackSite,numberOfRobotsOnWhiteSite
27647,24,22
timeStep,numberOfRobotsOnBlackSite,numberOfRobotsOnWhiteSite
27648,24,22
timeStep,numberOfRobotsOnBlackSite,numberOfRobotsOnWhiteSite
27649,24,22
timeStep,numberOfRobotsOnBlackSite,numberOfRobotsOnWhiteSite
27650,24,22
timeStep,numberOfRobotsOnBlackSite,numberOfRobotsOnWhiteSite
27651,24,22
timeStep,numberOfRobotsOnBlackSite,numberOfRobotsOnWhiteSite
27652,24,22
timeStep,numberOfRobotsOnBlackSite,numberOfRobotsOnWhiteSite
27653,24,22
timeStep,numberOfRobotsOnBlackSite,numberOfRobotsOnWhiteSite
27654,24,22
timeStep,numberOfRobotsOnBlackSite,numberOfRobotsOnWhiteSite
27655,24,22
timeStep,numberOfRobotsOnBlackSite,numberOfRobotsOnWhiteSite
27656,24,22
timeStep,numberOfRobotsOnBlackSite,numberOfRobotsOnWhiteSite
27657,24,22
timeStep,numberOfRobotsOnBlackSite,numberOfRobotsOnWhiteSite
27658,24,22
timeStep,numberOfRobotsOnBlackSite,numberOfRobotsOnWhiteSite
27659,24,22
timeStep,numberOfRobotsOnBlackSite,numberOfRobotsOnWhiteSite
27660,24,22
timeStep,numberOfRobotsOnBlackSite,numberOfRobotsOnWhiteSite
27661,24,22
timeStep,numberOfRobotsOnBlackSite,numberOfRobotsOnWhiteSite
27662,24,22
timeStep,numberOfRobotsOnBlackSite,numberOfRobotsOnWhiteSite
27663,24,22
timeStep,numberOfRobotsOnBlackSite,numberOfRobotsOnWhiteSite
27664,24,22
timeStep,numberOfRobotsOnBlackSite,numberOfRobotsOnWhiteSite
27665,24,22
timeStep,numberOfRobotsOnBlackSite,numberOfRobotsOnWhiteSite
27666,24,22
timeStep,numberOfRobotsOnBlackSite,numberOfRobotsOnWhiteSite
27667,24,22
timeStep,numberOfRobotsOnBlackSite,numberOfRobotsOnWhiteSite
27668,24,22
timeStep,numberOfRobotsOnBlackSite,numberOfRobotsOnWhiteSite
27669,24,22
timeStep,numberOfRobotsOnBlackSite,numberOfRobotsOnWhiteSite
27670,24,22
timeStep,numberOfRobotsOnBlackSite,numberOfRobotsOnWhiteSite
27671,24,22
timeStep,numberOfRobotsOnBlackSite,numberOfRobotsOnWhiteSite
27672,24,22
timeStep,numberOfRobotsOnBlackSite,numberOfRobotsOnWhiteSite
27673,24,22
timeStep,numberOfRobotsOnBlackSite,numberOfRobotsOnWhiteSite
27674,24,22
timeStep,numberOfRobotsOnBlackSite,numberOfRobotsOnWhiteSite
27675,24,22
timeStep,numberOfRobotsOnBlackSite,numberOfRobotsOnWhiteSite
27676,24,22
timeStep,numberOfRobotsOnBlackSite,numberOfRobotsOnWhiteSite
27677,24,22
timeStep,numberOfRobotsOnBlackSite,numberOfRobotsOnWhiteSite
27678,24,22
timeStep,numberOfRobotsOnBlackSite,numberOfRobotsOnWhiteSite
27679,24,22
timeStep,numberOfRobotsOnBlackSite,numberOfRobotsOnWhiteSite
27680,24,22
timeStep,numberOfRobotsOnBlackSite,numberOfRobotsOnWhiteSite
27681,24,22
timeStep,numberOfRobotsOnBlackSite,numberOfRobotsOnWhiteSite
27682,24,22
timeStep,numberOfRobotsOnBlackSite,numberOfRobotsOnWhiteSite
27683,24,22
timeStep,numberOfRobotsOnBlackSite,numberOfRobotsOnWhiteSite
27684,24,22
timeStep,numberOfRobotsOnBlackSite,numberOfRobotsOnWhiteSite
27685,24,22
timeStep,numberOfRobotsOnBlackSite,numberOfRobotsOnWhiteSite
27686,24,22
timeStep,numberOfRobotsOnBlackSite,numberOfRobotsOnWhiteSite
27687,24,22
timeStep,numberOfRobotsOnBlackSite,numberOfRobotsOnWhiteSite
27688,24,22
timeStep,numberOfRobotsOnBlackSite,numberOfRobotsOnWhiteSite
27689,24,22
timeStep,numberOfRobotsOnBlackSite,numberOfRobotsOnWhiteSite
27690,24,22
timeStep,numberOfRobotsOnBlackSite,numberOfRobotsOnWhiteSite
27691,24,22
timeStep,numberOfRobotsOnBlackSite,numberOfRobotsOnWhiteSite
27692,24,22
timeStep,numberOfRobotsOnBlackSite,numberOfRobotsOnWhiteSite
27693,24,22
timeStep,numberOfRobotsOnBlackSite,numberOfRobotsOnWhiteSite
27694,24,22
timeStep,numberOfRobotsOnBlackSite,numberOfRobotsOnWhiteSite
27695,24,22
timeStep,numberOfRobotsOnBlackSite,numberOfRobotsOnWhiteSite
27696,24,22
timeStep,numberOfRobotsOnBlackSite,numberOfRobotsOnWhiteSite
27697,24,22
timeStep,numberOfRobotsOnBlackSite,numberOfRobotsOnWhiteSite
27698,24,22
timeStep,numberOfRobotsOnBlackSite,numberOfRobotsOnWhiteSite
27699,24,22
timeStep,numberOfRobotsOnBlackSite,numberOfRobotsOnWhiteSite
27700,24,22
timeStep,numberOfRobotsOnBlackSite,numberOfRobotsOnWhiteSite
27701,24,22
timeStep,numberOfRobotsOnBlackSite,numberOfRobotsOnWhiteSite
27702,24,22
timeStep,numberOfRobotsOnBlackSite,numberOfRobotsOnWhiteSite
27703,24,22
timeStep,numberOfRobotsOnBlackSite,numberOfRobotsOnWhiteSite
27704,24,22
timeStep,numberOfRobotsOnBlackSite,numberOfRobotsOnWhiteSite
27705,23,22
timeStep,numberOfRobotsOnBlackSite,numberOfRobotsOnWhiteSite
27706,23,22
timeStep,numberOfRobotsOnBlackSite,numberOfRobotsOnWhiteSite
27707,23,22
timeStep,numberOfRobotsOnBlackSite,numberOfRobotsOnWhiteSite
27708,23,22
timeStep,numberOfRobotsOnBlackSite,numberOfRobotsOnWhiteSite
27709,23,22
timeStep,numberOfRobotsOnBlackSite,numberOfRobotsOnWhiteSite
27710,23,22
timeStep,numberOfRobotsOnBlackSite,numberOfRobotsOnWhiteSite
27711,23,22
timeStep,numberOfRobotsOnBlackSite,numberOfRobotsOnWhiteSite
27712,23,22
timeStep,numberOfRobotsOnBlackSite,numberOfRobotsOnWhiteSite
27713,23,22
timeStep,numberOfRobotsOnBlackSite,numberOfRobotsOnWhiteSite
27714,23,22
timeStep,numberOfRobotsOnBlackSite,numberOfRobotsOnWhiteSite
27715,23,22
timeStep,numberOfRobotsOnBlackSite,numberOfRobotsOnWhiteSite
27716,23,22
timeStep,numberOfRobotsOnBlackSite,numberOfRobotsOnWhiteSite
27717,23,22
timeStep,numberOfRobotsOnBlackSite,numberOfRobotsOnWhiteSite
27718,23,22
timeStep,numberOfRobotsOnBlackSite,numberOfRobotsOnWhiteSite
27719,23,22
timeStep,numberOfRobotsOnBlackSite,numberOfRobotsOnWhiteSite
27720,23,22
timeStep,numberOfRobotsOnBlackSite,numberOfRobotsOnWhiteSite
27721,23,22
timeStep,numberOfRobotsOnBlackSite,numberOfRobotsOnWhiteSite
27722,23,22
timeStep,numberOfRobotsOnBlackSite,numberOfRobotsOnWhiteSite
27723,23,22
timeStep,numberOfRobotsOnBlackSite,numberOfRobotsOnWhiteSite
27724,23,22
timeStep,numberOfRobotsOnBlackSite,numberOfRobotsOnWhiteSite
27725,23,22
timeStep,numberOfRobotsOnBlackSite,numberOfRobotsOnWhiteSite
27726,23,22
timeStep,numberOfRobotsOnBlackSite,numberOfRobotsOnWhiteSite
27727,23,22
timeStep,numberOfRobotsOnBlackSite,numberOfRobotsOnWhiteSite
27728,23,22
timeStep,numberOfRobotsOnBlackSite,numberOfRobotsOnWhiteSite
27729,23,22
timeStep,numberOfRobotsOnBlackSite,numberOfRobotsOnWhiteSite
27730,23,22
timeStep,numberOfRobotsOnBlackSite,numberOfRobotsOnWhiteSite
27731,23,22
timeStep,numberOfRobotsOnBlackSite,numberOfRobotsOnWhiteSite
27732,23,22
timeStep,numberOfRobotsOnBlackSite,numberOfRobotsOnWhiteSite
27733,23,22
timeStep,numberOfRobotsOnBlackSite,numberOfRobotsOnWhiteSite
27734,23,22
timeStep,numberOfRobotsOnBlackSite,numberOfRobotsOnWhiteSite
27735,22,22
timeStep,numberOfRobotsOnBlackSite,numberOfRobotsOnWhiteSite
27736,22,22
timeStep,numberOfRobotsOnBlackSite,numberOfRobotsOnWhiteSite
27737,22,22
timeStep,numberOfRobotsOnBlackSite,numberOfRobotsOnWhiteSite
27738,22,22
timeStep,numberOfRobotsOnBlackSite,numberOfRobotsOnWhiteSite
27739,22,22
timeStep,numberOfRobotsOnBlackSite,numberOfRobotsOnWhiteSite
27740,22,22
timeStep,numberOfRobotsOnBlackSite,numberOfRobotsOnWhiteSite
27741,22,22
timeStep,numberOfRobotsOnBlackSite,numberOfRobotsOnWhiteSite
27742,22,22
timeStep,numberOfRobotsOnBlackSite,numberOfRobotsOnWhiteSite
27743,22,22
timeStep,numberOfRobotsOnBlackSite,numberOfRobotsOnWhiteSite
27744,22,22
timeStep,numberOfRobotsOnBlackSite,numberOfRobotsOnWhiteSite
27745,22,22
timeStep,numberOfRobotsOnBlackSite,numberOfRobotsOnWhiteSite
27746,22,22
timeStep,numberOfRobotsOnBlackSite,numberOfRobotsOnWhiteSite
27747,22,22
timeStep,numberOfRobotsOnBlackSite,numberOfRobotsOnWhiteSite
27748,22,22
timeStep,numberOfRobotsOnBlackSite,numberOfRobotsOnWhiteSite
27749,22,22
timeStep,numberOfRobotsOnBlackSite,numberOfRobotsOnWhiteSite
27750,22,22
timeStep,numberOfRobotsOnBlackSite,numberOfRobotsOnWhiteSite
27751,22,22
timeStep,numberOfRobotsOnBlackSite,numberOfRobotsOnWhiteSite
27752,22,22
timeStep,numberOfRobotsOnBlackSite,numberOfRobotsOnWhiteSite
27753,22,22
timeStep,numberOfRobotsOnBlackSite,numberOfRobotsOnWhiteSite
27754,22,22
timeStep,numberOfRobotsOnBlackSite,numberOfRobotsOnWhiteSite
27755,22,22
timeStep,numberOfRobotsOnBlackSite,numberOfRobotsOnWhiteSite
27756,22,22
timeStep,numberOfRobotsOnBlackSite,numberOfRobotsOnWhiteSite
27757,22,22
timeStep,numberOfRobotsOnBlackSite,numberOfRobotsOnWhiteSite
27758,22,22
timeStep,numberOfRobotsOnBlackSite,numberOfRobotsOnWhiteSite
27759,22,22
timeStep,numberOfRobotsOnBlackSite,numberOfRobotsOnWhiteSite
27760,23,22
timeStep,numberOfRobotsOnBlackSite,numberOfRobotsOnWhiteSite
27761,23,22
timeStep,numberOfRobotsOnBlackSite,numberOfRobotsOnWhiteSite
27762,23,22
timeStep,numberOfRobotsOnBlackSite,numberOfRobotsOnWhiteSite
27763,23,22
timeStep,numberOfRobotsOnBlackSite,numberOfRobotsOnWhiteSite
27764,23,22
timeStep,numberOfRobotsOnBlackSite,numberOfRobotsOnWhiteSite
27765,23,22
timeStep,numberOfRobotsOnBlackSite,numberOfRobotsOnWhiteSite
27766,23,22
timeStep,numberOfRobotsOnBlackSite,numberOfRobotsOnWhiteSite
27767,23,22
timeStep,numberOfRobotsOnBlackSite,numberOfRobotsOnWhiteSite
27768,23,22
timeStep,numberOfRobotsOnBlackSite,numberOfRobotsOnWhiteSite
27769,23,22
timeStep,numberOfRobotsOnBlackSite,numberOfRobotsOnWhiteSite
27770,23,22
timeStep,numberOfRobotsOnBlackSite,numberOfRobotsOnWhiteSite
27771,23,22
timeStep,numberOfRobotsOnBlackSite,numberOfRobotsOnWhiteSite
27772,23,22
timeStep,numberOfRobotsOnBlackSite,numberOfRobotsOnWhiteSite
27773,23,22
timeStep,numberOfRobotsOnBlackSite,numberOfRobotsOnWhiteSite
27774,23,22
timeStep,numberOfRobotsOnBlackSite,numberOfRobotsOnWhiteSite
27775,23,22
timeStep,numberOfRobotsOnBlackSite,numberOfRobotsOnWhiteSite
27776,23,22
timeStep,numberOfRobotsOnBlackSite,numberOfRobotsOnWhiteSite
27777,23,22
timeStep,numberOfRobotsOnBlackSite,numberOfRobotsOnWhiteSite
27778,23,22
timeStep,numberOfRobotsOnBlackSite,numberOfRobotsOnWhiteSite
27779,23,22
timeStep,numberOfRobotsOnBlackSite,numberOfRobotsOnWhiteSite
27780,23,22
timeStep,numberOfRobotsOnBlackSite,numberOfRobotsOnWhiteSite
27781,23,22
timeStep,numberOfRobotsOnBlackSite,numberOfRobotsOnWhiteSite
27782,23,22
timeStep,numberOfRobotsOnBlackSite,numberOfRobotsOnWhiteSite
27783,23,22
timeStep,numberOfRobotsOnBlackSite,numberOfRobotsOnWhiteSite
27784,23,22
timeStep,numberOfRobotsOnBlackSite,numberOfRobotsOnWhiteSite
27785,23,22
timeStep,numberOfRobotsOnBlackSite,numberOfRobotsOnWhiteSite
27786,23,22
timeStep,numberOfRobotsOnBlackSite,numberOfRobotsOnWhiteSite
27787,23,22
timeStep,numberOfRobotsOnBlackSite,numberOfRobotsOnWhiteSite
27788,23,22
timeStep,numberOfRobotsOnBlackSite,numberOfRobotsOnWhiteSite
27789,23,22
timeStep,numberOfRobotsOnBlackSite,numberOfRobotsOnWhiteSite
27790,23,22
timeStep,numberOfRobotsOnBlackSite,numberOfRobotsOnWhiteSite
27791,23,22
timeStep,numberOfRobotsOnBlackSite,numberOfRobotsOnWhiteSite
27792,23,22
timeStep,numberOfRobotsOnBlackSite,numberOfRobotsOnWhiteSite
27793,23,22
timeStep,numberOfRobotsOnBlackSite,numberOfRobotsOnWhiteSite
27794,23,22
timeStep,numberOfRobotsOnBlackSite,numberOfRobotsOnWhiteSite
27795,22,22
timeStep,numberOfRobotsOnBlackSite,numberOfRobotsOnWhiteSite
27796,22,22
timeStep,numberOfRobotsOnBlackSite,numberOfRobotsOnWhiteSite
27797,22,22
timeStep,numberOfRobotsOnBlackSite,numberOfRobotsOnWhiteSite
27798,22,22
timeStep,numberOfRobotsOnBlackSite,numberOfRobotsOnWhiteSite
27799,22,22
timeStep,numberOfRobotsOnBlackSite,numberOfRobotsOnWhiteSite
27800,22,22
timeStep,numberOfRobotsOnBlackSite,numberOfRobotsOnWhiteSite
27801,22,22
timeStep,numberOfRobotsOnBlackSite,numberOfRobotsOnWhiteSite
27802,22,22
timeStep,numberOfRobotsOnBlackSite,numberOfRobotsOnWhiteSite
27803,22,22
timeStep,numberOfRobotsOnBlackSite,numberOfRobotsOnWhiteSite
27804,22,22
timeStep,numberOfRobotsOnBlackSite,numberOfRobotsOnWhiteSite
27805,22,22
timeStep,numberOfRobotsOnBlackSite,numberOfRobotsOnWhiteSite
27806,22,22
timeStep,numberOfRobotsOnBlackSite,numberOfRobotsOnWhiteSite
27807,22,22
timeStep,numberOfRobotsOnBlackSite,numberOfRobotsOnWhiteSite
27808,22,22
timeStep,numberOfRobotsOnBlackSite,numberOfRobotsOnWhiteSite
27809,22,22
timeStep,numberOfRobotsOnBlackSite,numberOfRobotsOnWhiteSite
27810,22,22
timeStep,numberOfRobotsOnBlackSite,numberOfRobotsOnWhiteSite
27811,22,22
timeStep,numberOfRobotsOnBlackSite,numberOfRobotsOnWhiteSite
27812,22,22
timeStep,numberOfRobotsOnBlackSite,numberOfRobotsOnWhiteSite
27813,22,22
timeStep,numberOfRobotsOnBlackSite,numberOfRobotsOnWhiteSite
27814,22,22
timeStep,numberOfRobotsOnBlackSite,numberOfRobotsOnWhiteSite
27815,22,22
timeStep,numberOfRobotsOnBlackSite,numberOfRobotsOnWhiteSite
27816,22,22
timeStep,numberOfRobotsOnBlackSite,numberOfRobotsOnWhiteSite
27817,22,22
timeStep,numberOfRobotsOnBlackSite,numberOfRobotsOnWhiteSite
27818,22,22
timeStep,numberOfRobotsOnBlackSite,numberOfRobotsOnWhiteSite
27819,22,22
timeStep,numberOfRobotsOnBlackSite,numberOfRobotsOnWhiteSite
27820,22,22
timeStep,numberOfRobotsOnBlackSite,numberOfRobotsOnWhiteSite
27821,22,22
timeStep,numberOfRobotsOnBlackSite,numberOfRobotsOnWhiteSite
27822,22,22
timeStep,numberOfRobotsOnBlackSite,numberOfRobotsOnWhiteSite
27823,22,22
timeStep,numberOfRobotsOnBlackSite,numberOfRobotsOnWhiteSite
27824,22,22
timeStep,numberOfRobotsOnBlackSite,numberOfRobotsOnWhiteSite
27825,22,22
timeStep,numberOfRobotsOnBlackSite,numberOfRobotsOnWhiteSite
27826,22,22
timeStep,numberOfRobotsOnBlackSite,numberOfRobotsOnWhiteSite
27827,22,22
timeStep,numberOfRobotsOnBlackSite,numberOfRobotsOnWhiteSite
27828,22,22
timeStep,numberOfRobotsOnBlackSite,numberOfRobotsOnWhiteSite
27829,22,22
timeStep,numberOfRobotsOnBlackSite,numberOfRobotsOnWhiteSite
27830,22,22
timeStep,numberOfRobotsOnBlackSite,numberOfRobotsOnWhiteSite
27831,22,22
timeStep,numberOfRobotsOnBlackSite,numberOfRobotsOnWhiteSite
27832,22,22
timeStep,numberOfRobotsOnBlackSite,numberOfRobotsOnWhiteSite
27833,22,22
timeStep,numberOfRobotsOnBlackSite,numberOfRobotsOnWhiteSite
27834,22,22
timeStep,numberOfRobotsOnBlackSite,numberOfRobotsOnWhiteSite
27835,22,22
timeStep,numberOfRobotsOnBlackSite,numberOfRobotsOnWhiteSite
27836,22,22
timeStep,numberOfRobotsOnBlackSite,numberOfRobotsOnWhiteSite
27837,22,22
timeStep,numberOfRobotsOnBlackSite,numberOfRobotsOnWhiteSite
27838,22,22
timeStep,numberOfRobotsOnBlackSite,numberOfRobotsOnWhiteSite
27839,22,22
timeStep,numberOfRobotsOnBlackSite,numberOfRobotsOnWhiteSite
27840,22,22
timeStep,numberOfRobotsOnBlackSite,numberOfRobotsOnWhiteSite
27841,22,22
timeStep,numberOfRobotsOnBlackSite,numberOfRobotsOnWhiteSite
27842,22,22
timeStep,numberOfRobotsOnBlackSite,numberOfRobotsOnWhiteSite
27843,22,22
timeStep,numberOfRobotsOnBlackSite,numberOfRobotsOnWhiteSite
27844,22,22
timeStep,numberOfRobotsOnBlackSite,numberOfRobotsOnWhiteSite
27845,22,22
timeStep,numberOfRobotsOnBlackSite,numberOfRobotsOnWhiteSite
27846,22,22
timeStep,numberOfRobotsOnBlackSite,numberOfRobotsOnWhiteSite
27847,22,22
timeStep,numberOfRobotsOnBlackSite,numberOfRobotsOnWhiteSite
27848,22,22
timeStep,numberOfRobotsOnBlackSite,numberOfRobotsOnWhiteSite
27849,22,22
timeStep,numberOfRobotsOnBlackSite,numberOfRobotsOnWhiteSite
27850,22,22
timeStep,numberOfRobotsOnBlackSite,numberOfRobotsOnWhiteSite
27851,22,22
timeStep,numberOfRobotsOnBlackSite,numberOfRobotsOnWhiteSite
27852,22,22
timeStep,numberOfRobotsOnBlackSite,numberOfRobotsOnWhiteSite
27853,22,22
timeStep,numberOfRobotsOnBlackSite,numberOfRobotsOnWhiteSite
27854,22,22
timeStep,numberOfRobotsOnBlackSite,numberOfRobotsOnWhiteSite
27855,22,22
timeStep,numberOfRobotsOnBlackSite,numberOfRobotsOnWhiteSite
27856,22,22
timeStep,numberOfRobotsOnBlackSite,numberOfRobotsOnWhiteSite
27857,22,22
timeStep,numberOfRobotsOnBlackSite,numberOfRobotsOnWhiteSite
27858,22,22
timeStep,numberOfRobotsOnBlackSite,numberOfRobotsOnWhiteSite
27859,22,22
timeStep,numberOfRobotsOnBlackSite,numberOfRobotsOnWhiteSite
27860,22,22
timeStep,numberOfRobotsOnBlackSite,numberOfRobotsOnWhiteSite
27861,22,22
timeStep,numberOfRobotsOnBlackSite,numberOfRobotsOnWhiteSite
27862,22,22
timeStep,numberOfRobotsOnBlackSite,numberOfRobotsOnWhiteSite
27863,22,22
timeStep,numberOfRobotsOnBlackSite,numberOfRobotsOnWhiteSite
27864,22,22
timeStep,numberOfRobotsOnBlackSite,numberOfRobotsOnWhiteSite
27865,22,22
timeStep,numberOfRobotsOnBlackSite,numberOfRobotsOnWhiteSite
27866,22,22
timeStep,numberOfRobotsOnBlackSite,numberOfRobotsOnWhiteSite
27867,22,22
timeStep,numberOfRobotsOnBlackSite,numberOfRobotsOnWhiteSite
27868,22,22
timeStep,numberOfRobotsOnBlackSite,numberOfRobotsOnWhiteSite
27869,22,22
timeStep,numberOfRobotsOnBlackSite,numberOfRobotsOnWhiteSite
27870,22,22
timeStep,numberOfRobotsOnBlackSite,numberOfRobotsOnWhiteSite
27871,22,22
timeStep,numberOfRobotsOnBlackSite,numberOfRobotsOnWhiteSite
27872,22,22
timeStep,numberOfRobotsOnBlackSite,numberOfRobotsOnWhiteSite
27873,22,22
timeStep,numberOfRobotsOnBlackSite,numberOfRobotsOnWhiteSite
27874,22,22
timeStep,numberOfRobotsOnBlackSite,numberOfRobotsOnWhiteSite
27875,22,22
timeStep,numberOfRobotsOnBlackSite,numberOfRobotsOnWhiteSite
27876,22,22
timeStep,numberOfRobotsOnBlackSite,numberOfRobotsOnWhiteSite
27877,22,22
timeStep,numberOfRobotsOnBlackSite,numberOfRobotsOnWhiteSite
27878,22,22
timeStep,numberOfRobotsOnBlackSite,numberOfRobotsOnWhiteSite
27879,22,22
timeStep,numberOfRobotsOnBlackSite,numberOfRobotsOnWhiteSite
27880,22,22
timeStep,numberOfRobotsOnBlackSite,numberOfRobotsOnWhiteSite
27881,22,22
timeStep,numberOfRobotsOnBlackSite,numberOfRobotsOnWhiteSite
27882,22,22
timeStep,numberOfRobotsOnBlackSite,numberOfRobotsOnWhiteSite
27883,22,22
timeStep,numberOfRobotsOnBlackSite,numberOfRobotsOnWhiteSite
27884,22,22
timeStep,numberOfRobotsOnBlackSite,numberOfRobotsOnWhiteSite
27885,22,22
timeStep,numberOfRobotsOnBlackSite,numberOfRobotsOnWhiteSite
27886,22,22
timeStep,numberOfRobotsOnBlackSite,numberOfRobotsOnWhiteSite
27887,22,22
timeStep,numberOfRobotsOnBlackSite,numberOfRobotsOnWhiteSite
27888,22,22
timeStep,numberOfRobotsOnBlackSite,numberOfRobotsOnWhiteSite
27889,22,22
timeStep,numberOfRobotsOnBlackSite,numberOfRobotsOnWhiteSite
27890,22,22
timeStep,numberOfRobotsOnBlackSite,numberOfRobotsOnWhiteSite
27891,22,22
timeStep,numberOfRobotsOnBlackSite,numberOfRobotsOnWhiteSite
27892,22,22
timeStep,numberOfRobotsOnBlackSite,numberOfRobotsOnWhiteSite
27893,22,22
timeStep,numberOfRobotsOnBlackSite,numberOfRobotsOnWhiteSite
27894,22,22
timeStep,numberOfRobotsOnBlackSite,numberOfRobotsOnWhiteSite
27895,22,22
timeStep,numberOfRobotsOnBlackSite,numberOfRobotsOnWhiteSite
27896,22,22
timeStep,numberOfRobotsOnBlackSite,numberOfRobotsOnWhiteSite
27897,22,22
timeStep,numberOfRobotsOnBlackSite,numberOfRobotsOnWhiteSite
27898,22,22
timeStep,numberOfRobotsOnBlackSite,numberOfRobotsOnWhiteSite
27899,22,22
timeStep,numberOfRobotsOnBlackSite,numberOfRobotsOnWhiteSite
27900,22,22
timeStep,numberOfRobotsOnBlackSite,numberOfRobotsOnWhiteSite
27901,22,22
timeStep,numberOfRobotsOnBlackSite,numberOfRobotsOnWhiteSite
27902,22,22
timeStep,numberOfRobotsOnBlackSite,numberOfRobotsOnWhiteSite
27903,22,22
timeStep,numberOfRobotsOnBlackSite,numberOfRobotsOnWhiteSite
27904,22,22
timeStep,numberOfRobotsOnBlackSite,numberOfRobotsOnWhiteSite
27905,22,22
timeStep,numberOfRobotsOnBlackSite,numberOfRobotsOnWhiteSite
27906,22,22
timeStep,numberOfRobotsOnBlackSite,numberOfRobotsOnWhiteSite
27907,22,22
timeStep,numberOfRobotsOnBlackSite,numberOfRobotsOnWhiteSite
27908,22,22
timeStep,numberOfRobotsOnBlackSite,numberOfRobotsOnWhiteSite
27909,22,22
timeStep,numberOfRobotsOnBlackSite,numberOfRobotsOnWhiteSite
27910,22,22
timeStep,numberOfRobotsOnBlackSite,numberOfRobotsOnWhiteSite
27911,22,22
timeStep,numberOfRobotsOnBlackSite,numberOfRobotsOnWhiteSite
27912,22,22
timeStep,numberOfRobotsOnBlackSite,numberOfRobotsOnWhiteSite
27913,22,22
timeStep,numberOfRobotsOnBlackSite,numberOfRobotsOnWhiteSite
27914,22,22
timeStep,numberOfRobotsOnBlackSite,numberOfRobotsOnWhiteSite
27915,22,22
timeStep,numberOfRobotsOnBlackSite,numberOfRobotsOnWhiteSite
27916,22,22
timeStep,numberOfRobotsOnBlackSite,numberOfRobotsOnWhiteSite
27917,22,22
timeStep,numberOfRobotsOnBlackSite,numberOfRobotsOnWhiteSite
27918,22,22
timeStep,numberOfRobotsOnBlackSite,numberOfRobotsOnWhiteSite
27919,22,22
timeStep,numberOfRobotsOnBlackSite,numberOfRobotsOnWhiteSite
27920,22,22
timeStep,numberOfRobotsOnBlackSite,numberOfRobotsOnWhiteSite
27921,22,22
timeStep,numberOfRobotsOnBlackSite,numberOfRobotsOnWhiteSite
27922,22,22
timeStep,numberOfRobotsOnBlackSite,numberOfRobotsOnWhiteSite
27923,22,22
timeStep,numberOfRobotsOnBlackSite,numberOfRobotsOnWhiteSite
27924,22,22
timeStep,numberOfRobotsOnBlackSite,numberOfRobotsOnWhiteSite
27925,22,22
timeStep,numberOfRobotsOnBlackSite,numberOfRobotsOnWhiteSite
27926,22,22
timeStep,numberOfRobotsOnBlackSite,numberOfRobotsOnWhiteSite
27927,22,22
timeStep,numberOfRobotsOnBlackSite,numberOfRobotsOnWhiteSite
27928,22,22
timeStep,numberOfRobotsOnBlackSite,numberOfRobotsOnWhiteSite
27929,22,22
timeStep,numberOfRobotsOnBlackSite,numberOfRobotsOnWhiteSite
27930,22,22
timeStep,numberOfRobotsOnBlackSite,numberOfRobotsOnWhiteSite
27931,22,22
timeStep,numberOfRobotsOnBlackSite,numberOfRobotsOnWhiteSite
27932,22,22
timeStep,numberOfRobotsOnBlackSite,numberOfRobotsOnWhiteSite
27933,22,22
timeStep,numberOfRobotsOnBlackSite,numberOfRobotsOnWhiteSite
27934,22,22
timeStep,numberOfRobotsOnBlackSite,numberOfRobotsOnWhiteSite
27935,21,22
timeStep,numberOfRobotsOnBlackSite,numberOfRobotsOnWhiteSite
27936,21,22
timeStep,numberOfRobotsOnBlackSite,numberOfRobotsOnWhiteSite
27937,21,22
timeStep,numberOfRobotsOnBlackSite,numberOfRobotsOnWhiteSite
27938,21,22
timeStep,numberOfRobotsOnBlackSite,numberOfRobotsOnWhiteSite
27939,21,22
timeStep,numberOfRobotsOnBlackSite,numberOfRobotsOnWhiteSite
27940,21,22
timeStep,numberOfRobotsOnBlackSite,numberOfRobotsOnWhiteSite
27941,21,22
timeStep,numberOfRobotsOnBlackSite,numberOfRobotsOnWhiteSite
27942,21,22
timeStep,numberOfRobotsOnBlackSite,numberOfRobotsOnWhiteSite
27943,21,22
timeStep,numberOfRobotsOnBlackSite,numberOfRobotsOnWhiteSite
27944,21,22
timeStep,numberOfRobotsOnBlackSite,numberOfRobotsOnWhiteSite
27945,21,22
timeStep,numberOfRobotsOnBlackSite,numberOfRobotsOnWhiteSite
27946,21,22
timeStep,numberOfRobotsOnBlackSite,numberOfRobotsOnWhiteSite
27947,21,22
timeStep,numberOfRobotsOnBlackSite,numberOfRobotsOnWhiteSite
27948,21,22
timeStep,numberOfRobotsOnBlackSite,numberOfRobotsOnWhiteSite
27949,21,22
timeStep,numberOfRobotsOnBlackSite,numberOfRobotsOnWhiteSite
27950,23,22
timeStep,numberOfRobotsOnBlackSite,numberOfRobotsOnWhiteSite
27951,23,22
timeStep,numberOfRobotsOnBlackSite,numberOfRobotsOnWhiteSite
27952,23,22
timeStep,numberOfRobotsOnBlackSite,numberOfRobotsOnWhiteSite
27953,23,22
timeStep,numberOfRobotsOnBlackSite,numberOfRobotsOnWhiteSite
27954,23,22
timeStep,numberOfRobotsOnBlackSite,numberOfRobotsOnWhiteSite
27955,23,22
timeStep,numberOfRobotsOnBlackSite,numberOfRobotsOnWhiteSite
27956,23,22
timeStep,numberOfRobotsOnBlackSite,numberOfRobotsOnWhiteSite
27957,23,22
timeStep,numberOfRobotsOnBlackSite,numberOfRobotsOnWhiteSite
27958,23,22
timeStep,numberOfRobotsOnBlackSite,numberOfRobotsOnWhiteSite
27959,23,22
timeStep,numberOfRobotsOnBlackSite,numberOfRobotsOnWhiteSite
27960,23,22
timeStep,numberOfRobotsOnBlackSite,numberOfRobotsOnWhiteSite
27961,23,22
timeStep,numberOfRobotsOnBlackSite,numberOfRobotsOnWhiteSite
27962,23,22
timeStep,numberOfRobotsOnBlackSite,numberOfRobotsOnWhiteSite
27963,23,22
timeStep,numberOfRobotsOnBlackSite,numberOfRobotsOnWhiteSite
27964,23,22
timeStep,numberOfRobotsOnBlackSite,numberOfRobotsOnWhiteSite
27965,22,22
timeStep,numberOfRobotsOnBlackSite,numberOfRobotsOnWhiteSite
27966,22,22
timeStep,numberOfRobotsOnBlackSite,numberOfRobotsOnWhiteSite
27967,22,22
timeStep,numberOfRobotsOnBlackSite,numberOfRobotsOnWhiteSite
27968,22,22
timeStep,numberOfRobotsOnBlackSite,numberOfRobotsOnWhiteSite
27969,22,22
timeStep,numberOfRobotsOnBlackSite,numberOfRobotsOnWhiteSite
27970,22,22
timeStep,numberOfRobotsOnBlackSite,numberOfRobotsOnWhiteSite
27971,22,22
timeStep,numberOfRobotsOnBlackSite,numberOfRobotsOnWhiteSite
27972,22,22
timeStep,numberOfRobotsOnBlackSite,numberOfRobotsOnWhiteSite
27973,22,22
timeStep,numberOfRobotsOnBlackSite,numberOfRobotsOnWhiteSite
27974,22,22
timeStep,numberOfRobotsOnBlackSite,numberOfRobotsOnWhiteSite
27975,22,22
timeStep,numberOfRobotsOnBlackSite,numberOfRobotsOnWhiteSite
27976,22,22
timeStep,numberOfRobotsOnBlackSite,numberOfRobotsOnWhiteSite
27977,22,22
timeStep,numberOfRobotsOnBlackSite,numberOfRobotsOnWhiteSite
27978,22,22
timeStep,numberOfRobotsOnBlackSite,numberOfRobotsOnWhiteSite
27979,22,22
timeStep,numberOfRobotsOnBlackSite,numberOfRobotsOnWhiteSite
27980,23,22
timeStep,numberOfRobotsOnBlackSite,numberOfRobotsOnWhiteSite
27981,23,22
timeStep,numberOfRobotsOnBlackSite,numberOfRobotsOnWhiteSite
27982,23,22
timeStep,numberOfRobotsOnBlackSite,numberOfRobotsOnWhiteSite
27983,23,22
timeStep,numberOfRobotsOnBlackSite,numberOfRobotsOnWhiteSite
27984,23,22
timeStep,numberOfRobotsOnBlackSite,numberOfRobotsOnWhiteSite
27985,23,22
timeStep,numberOfRobotsOnBlackSite,numberOfRobotsOnWhiteSite
27986,23,22
timeStep,numberOfRobotsOnBlackSite,numberOfRobotsOnWhiteSite
27987,23,22
timeStep,numberOfRobotsOnBlackSite,numberOfRobotsOnWhiteSite
27988,23,22
timeStep,numberOfRobotsOnBlackSite,numberOfRobotsOnWhiteSite
27989,23,22
timeStep,numberOfRobotsOnBlackSite,numberOfRobotsOnWhiteSite
27990,23,22
timeStep,numberOfRobotsOnBlackSite,numberOfRobotsOnWhiteSite
27991,23,22
timeStep,numberOfRobotsOnBlackSite,numberOfRobotsOnWhiteSite
27992,23,22
timeStep,numberOfRobotsOnBlackSite,numberOfRobotsOnWhiteSite
27993,23,22
timeStep,numberOfRobotsOnBlackSite,numberOfRobotsOnWhiteSite
27994,23,22
timeStep,numberOfRobotsOnBlackSite,numberOfRobotsOnWhiteSite
27995,23,22
timeStep,numberOfRobotsOnBlackSite,numberOfRobotsOnWhiteSite
27996,23,22
timeStep,numberOfRobotsOnBlackSite,numberOfRobotsOnWhiteSite
27997,23,22
timeStep,numberOfRobotsOnBlackSite,numberOfRobotsOnWhiteSite
27998,23,22
timeStep,numberOfRobotsOnBlackSite,numberOfRobotsOnWhiteSite
27999,23,22
timeStep,numberOfRobotsOnBlackSite,numberOfRobotsOnWhiteSite
28000,23,22
timeStep,numberOfRobotsOnBlackSite,numberOfRobotsOnWhiteSite
28001,23,22
timeStep,numberOfRobotsOnBlackSite,numberOfRobotsOnWhiteSite
28002,23,22
timeStep,numberOfRobotsOnBlackSite,numberOfRobotsOnWhiteSite
28003,23,22
timeStep,numberOfRobotsOnBlackSite,numberOfRobotsOnWhiteSite
28004,23,22
timeStep,numberOfRobotsOnBlackSite,numberOfRobotsOnWhiteSite
28005,23,22
timeStep,numberOfRobotsOnBlackSite,numberOfRobotsOnWhiteSite
28006,23,22
timeStep,numberOfRobotsOnBlackSite,numberOfRobotsOnWhiteSite
28007,23,22
timeStep,numberOfRobotsOnBlackSite,numberOfRobotsOnWhiteSite
28008,23,22
timeStep,numberOfRobotsOnBlackSite,numberOfRobotsOnWhiteSite
28009,23,22
timeStep,numberOfRobotsOnBlackSite,numberOfRobotsOnWhiteSite
28010,23,22
timeStep,numberOfRobotsOnBlackSite,numberOfRobotsOnWhiteSite
28011,23,22
timeStep,numberOfRobotsOnBlackSite,numberOfRobotsOnWhiteSite
28012,23,22
timeStep,numberOfRobotsOnBlackSite,numberOfRobotsOnWhiteSite
28013,23,22
timeStep,numberOfRobotsOnBlackSite,numberOfRobotsOnWhiteSite
28014,23,22
timeStep,numberOfRobotsOnBlackSite,numberOfRobotsOnWhiteSite
28015,23,22
timeStep,numberOfRobotsOnBlackSite,numberOfRobotsOnWhiteSite
28016,23,22
timeStep,numberOfRobotsOnBlackSite,numberOfRobotsOnWhiteSite
28017,23,22
timeStep,numberOfRobotsOnBlackSite,numberOfRobotsOnWhiteSite
28018,23,22
timeStep,numberOfRobotsOnBlackSite,numberOfRobotsOnWhiteSite
28019,23,22
timeStep,numberOfRobotsOnBlackSite,numberOfRobotsOnWhiteSite
28020,23,22
timeStep,numberOfRobotsOnBlackSite,numberOfRobotsOnWhiteSite
28021,23,22
timeStep,numberOfRobotsOnBlackSite,numberOfRobotsOnWhiteSite
28022,23,22
timeStep,numberOfRobotsOnBlackSite,numberOfRobotsOnWhiteSite
28023,23,22
timeStep,numberOfRobotsOnBlackSite,numberOfRobotsOnWhiteSite
28024,23,22
timeStep,numberOfRobotsOnBlackSite,numberOfRobotsOnWhiteSite
28025,23,22
timeStep,numberOfRobotsOnBlackSite,numberOfRobotsOnWhiteSite
28026,23,22
timeStep,numberOfRobotsOnBlackSite,numberOfRobotsOnWhiteSite
28027,23,22
timeStep,numberOfRobotsOnBlackSite,numberOfRobotsOnWhiteSite
28028,23,22
timeStep,numberOfRobotsOnBlackSite,numberOfRobotsOnWhiteSite
28029,23,22
timeStep,numberOfRobotsOnBlackSite,numberOfRobotsOnWhiteSite
28030,23,22
timeStep,numberOfRobotsOnBlackSite,numberOfRobotsOnWhiteSite
28031,23,22
timeStep,numberOfRobotsOnBlackSite,numberOfRobotsOnWhiteSite
28032,23,22
timeStep,numberOfRobotsOnBlackSite,numberOfRobotsOnWhiteSite
28033,23,22
timeStep,numberOfRobotsOnBlackSite,numberOfRobotsOnWhiteSite
28034,23,22
timeStep,numberOfRobotsOnBlackSite,numberOfRobotsOnWhiteSite
28035,23,22
timeStep,numberOfRobotsOnBlackSite,numberOfRobotsOnWhiteSite
28036,23,22
timeStep,numberOfRobotsOnBlackSite,numberOfRobotsOnWhiteSite
28037,23,22
timeStep,numberOfRobotsOnBlackSite,numberOfRobotsOnWhiteSite
28038,23,22
timeStep,numberOfRobotsOnBlackSite,numberOfRobotsOnWhiteSite
28039,23,22
timeStep,numberOfRobotsOnBlackSite,numberOfRobotsOnWhiteSite
28040,23,22
timeStep,numberOfRobotsOnBlackSite,numberOfRobotsOnWhiteSite
28041,23,22
timeStep,numberOfRobotsOnBlackSite,numberOfRobotsOnWhiteSite
28042,23,22
timeStep,numberOfRobotsOnBlackSite,numberOfRobotsOnWhiteSite
28043,23,22
timeStep,numberOfRobotsOnBlackSite,numberOfRobotsOnWhiteSite
28044,23,22
timeStep,numberOfRobotsOnBlackSite,numberOfRobotsOnWhiteSite
28045,23,22
timeStep,numberOfRobotsOnBlackSite,numberOfRobotsOnWhiteSite
28046,23,22
timeStep,numberOfRobotsOnBlackSite,numberOfRobotsOnWhiteSite
28047,23,22
timeStep,numberOfRobotsOnBlackSite,numberOfRobotsOnWhiteSite
28048,23,22
timeStep,numberOfRobotsOnBlackSite,numberOfRobotsOnWhiteSite
28049,23,22
timeStep,numberOfRobotsOnBlackSite,numberOfRobotsOnWhiteSite
28050,23,22
timeStep,numberOfRobotsOnBlackSite,numberOfRobotsOnWhiteSite
28051,23,22
timeStep,numberOfRobotsOnBlackSite,numberOfRobotsOnWhiteSite
28052,23,22
timeStep,numberOfRobotsOnBlackSite,numberOfRobotsOnWhiteSite
28053,23,22
timeStep,numberOfRobotsOnBlackSite,numberOfRobotsOnWhiteSite
28054,23,22
timeStep,numberOfRobotsOnBlackSite,numberOfRobotsOnWhiteSite
28055,23,22
timeStep,numberOfRobotsOnBlackSite,numberOfRobotsOnWhiteSite
28056,23,22
timeStep,numberOfRobotsOnBlackSite,numberOfRobotsOnWhiteSite
28057,23,22
timeStep,numberOfRobotsOnBlackSite,numberOfRobotsOnWhiteSite
28058,23,22
timeStep,numberOfRobotsOnBlackSite,numberOfRobotsOnWhiteSite
28059,23,22
timeStep,numberOfRobotsOnBlackSite,numberOfRobotsOnWhiteSite
28060,23,22
timeStep,numberOfRobotsOnBlackSite,numberOfRobotsOnWhiteSite
28061,23,22
timeStep,numberOfRobotsOnBlackSite,numberOfRobotsOnWhiteSite
28062,23,22
timeStep,numberOfRobotsOnBlackSite,numberOfRobotsOnWhiteSite
28063,23,22
timeStep,numberOfRobotsOnBlackSite,numberOfRobotsOnWhiteSite
28064,23,22
timeStep,numberOfRobotsOnBlackSite,numberOfRobotsOnWhiteSite
28065,23,22
timeStep,numberOfRobotsOnBlackSite,numberOfRobotsOnWhiteSite
28066,23,22
timeStep,numberOfRobotsOnBlackSite,numberOfRobotsOnWhiteSite
28067,23,22
timeStep,numberOfRobotsOnBlackSite,numberOfRobotsOnWhiteSite
28068,23,22
timeStep,numberOfRobotsOnBlackSite,numberOfRobotsOnWhiteSite
28069,23,22
timeStep,numberOfRobotsOnBlackSite,numberOfRobotsOnWhiteSite
28070,23,22
timeStep,numberOfRobotsOnBlackSite,numberOfRobotsOnWhiteSite
28071,23,22
timeStep,numberOfRobotsOnBlackSite,numberOfRobotsOnWhiteSite
28072,23,22
timeStep,numberOfRobotsOnBlackSite,numberOfRobotsOnWhiteSite
28073,23,22
timeStep,numberOfRobotsOnBlackSite,numberOfRobotsOnWhiteSite
28074,23,22
timeStep,numberOfRobotsOnBlackSite,numberOfRobotsOnWhiteSite
28075,23,22
timeStep,numberOfRobotsOnBlackSite,numberOfRobotsOnWhiteSite
28076,23,22
timeStep,numberOfRobotsOnBlackSite,numberOfRobotsOnWhiteSite
28077,23,22
timeStep,numberOfRobotsOnBlackSite,numberOfRobotsOnWhiteSite
28078,23,22
timeStep,numberOfRobotsOnBlackSite,numberOfRobotsOnWhiteSite
28079,23,22
timeStep,numberOfRobotsOnBlackSite,numberOfRobotsOnWhiteSite
28080,23,22
timeStep,numberOfRobotsOnBlackSite,numberOfRobotsOnWhiteSite
28081,23,22
timeStep,numberOfRobotsOnBlackSite,numberOfRobotsOnWhiteSite
28082,23,22
timeStep,numberOfRobotsOnBlackSite,numberOfRobotsOnWhiteSite
28083,23,22
timeStep,numberOfRobotsOnBlackSite,numberOfRobotsOnWhiteSite
28084,23,22
timeStep,numberOfRobotsOnBlackSite,numberOfRobotsOnWhiteSite
28085,23,22
timeStep,numberOfRobotsOnBlackSite,numberOfRobotsOnWhiteSite
28086,23,22
timeStep,numberOfRobotsOnBlackSite,numberOfRobotsOnWhiteSite
28087,23,22
timeStep,numberOfRobotsOnBlackSite,numberOfRobotsOnWhiteSite
28088,23,22
timeStep,numberOfRobotsOnBlackSite,numberOfRobotsOnWhiteSite
28089,23,22
timeStep,numberOfRobotsOnBlackSite,numberOfRobotsOnWhiteSite
28090,23,22
timeStep,numberOfRobotsOnBlackSite,numberOfRobotsOnWhiteSite
28091,23,22
timeStep,numberOfRobotsOnBlackSite,numberOfRobotsOnWhiteSite
28092,23,22
timeStep,numberOfRobotsOnBlackSite,numberOfRobotsOnWhiteSite
28093,23,22
timeStep,numberOfRobotsOnBlackSite,numberOfRobotsOnWhiteSite
28094,23,22
timeStep,numberOfRobotsOnBlackSite,numberOfRobotsOnWhiteSite
28095,23,22
timeStep,numberOfRobotsOnBlackSite,numberOfRobotsOnWhiteSite
28096,23,22
timeStep,numberOfRobotsOnBlackSite,numberOfRobotsOnWhiteSite
28097,23,22
timeStep,numberOfRobotsOnBlackSite,numberOfRobotsOnWhiteSite
28098,23,22
timeStep,numberOfRobotsOnBlackSite,numberOfRobotsOnWhiteSite
28099,23,22
timeStep,numberOfRobotsOnBlackSite,numberOfRobotsOnWhiteSite
28100,23,22
timeStep,numberOfRobotsOnBlackSite,numberOfRobotsOnWhiteSite
28101,23,22
timeStep,numberOfRobotsOnBlackSite,numberOfRobotsOnWhiteSite
28102,23,22
timeStep,numberOfRobotsOnBlackSite,numberOfRobotsOnWhiteSite
28103,23,22
timeStep,numberOfRobotsOnBlackSite,numberOfRobotsOnWhiteSite
28104,23,22
timeStep,numberOfRobotsOnBlackSite,numberOfRobotsOnWhiteSite
28105,23,22
timeStep,numberOfRobotsOnBlackSite,numberOfRobotsOnWhiteSite
28106,23,22
timeStep,numberOfRobotsOnBlackSite,numberOfRobotsOnWhiteSite
28107,23,22
timeStep,numberOfRobotsOnBlackSite,numberOfRobotsOnWhiteSite
28108,23,22
timeStep,numberOfRobotsOnBlackSite,numberOfRobotsOnWhiteSite
28109,23,22
timeStep,numberOfRobotsOnBlackSite,numberOfRobotsOnWhiteSite
28110,23,22
timeStep,numberOfRobotsOnBlackSite,numberOfRobotsOnWhiteSite
28111,23,22
timeStep,numberOfRobotsOnBlackSite,numberOfRobotsOnWhiteSite
28112,23,22
timeStep,numberOfRobotsOnBlackSite,numberOfRobotsOnWhiteSite
28113,23,22
timeStep,numberOfRobotsOnBlackSite,numberOfRobotsOnWhiteSite
28114,23,22
timeStep,numberOfRobotsOnBlackSite,numberOfRobotsOnWhiteSite
28115,23,22
timeStep,numberOfRobotsOnBlackSite,numberOfRobotsOnWhiteSite
28116,23,22
timeStep,numberOfRobotsOnBlackSite,numberOfRobotsOnWhiteSite
28117,23,22
timeStep,numberOfRobotsOnBlackSite,numberOfRobotsOnWhiteSite
28118,23,22
timeStep,numberOfRobotsOnBlackSite,numberOfRobotsOnWhiteSite
28119,23,22
timeStep,numberOfRobotsOnBlackSite,numberOfRobotsOnWhiteSite
28120,23,22
timeStep,numberOfRobotsOnBlackSite,numberOfRobotsOnWhiteSite
28121,23,22
timeStep,numberOfRobotsOnBlackSite,numberOfRobotsOnWhiteSite
28122,23,22
timeStep,numberOfRobotsOnBlackSite,numberOfRobotsOnWhiteSite
28123,23,22
timeStep,numberOfRobotsOnBlackSite,numberOfRobotsOnWhiteSite
28124,23,22
timeStep,numberOfRobotsOnBlackSite,numberOfRobotsOnWhiteSite
28125,23,22
timeStep,numberOfRobotsOnBlackSite,numberOfRobotsOnWhiteSite
28126,23,22
timeStep,numberOfRobotsOnBlackSite,numberOfRobotsOnWhiteSite
28127,23,22
timeStep,numberOfRobotsOnBlackSite,numberOfRobotsOnWhiteSite
28128,23,22
timeStep,numberOfRobotsOnBlackSite,numberOfRobotsOnWhiteSite
28129,23,22
timeStep,numberOfRobotsOnBlackSite,numberOfRobotsOnWhiteSite
28130,23,22
timeStep,numberOfRobotsOnBlackSite,numberOfRobotsOnWhiteSite
28131,23,22
timeStep,numberOfRobotsOnBlackSite,numberOfRobotsOnWhiteSite
28132,23,22
timeStep,numberOfRobotsOnBlackSite,numberOfRobotsOnWhiteSite
28133,23,22
timeStep,numberOfRobotsOnBlackSite,numberOfRobotsOnWhiteSite
28134,23,22
timeStep,numberOfRobotsOnBlackSite,numberOfRobotsOnWhiteSite
28135,23,22
timeStep,numberOfRobotsOnBlackSite,numberOfRobotsOnWhiteSite
28136,23,22
timeStep,numberOfRobotsOnBlackSite,numberOfRobotsOnWhiteSite
28137,23,22
timeStep,numberOfRobotsOnBlackSite,numberOfRobotsOnWhiteSite
28138,23,22
timeStep,numberOfRobotsOnBlackSite,numberOfRobotsOnWhiteSite
28139,23,22
timeStep,numberOfRobotsOnBlackSite,numberOfRobotsOnWhiteSite
28140,23,22
timeStep,numberOfRobotsOnBlackSite,numberOfRobotsOnWhiteSite
28141,23,22
timeStep,numberOfRobotsOnBlackSite,numberOfRobotsOnWhiteSite
28142,23,22
timeStep,numberOfRobotsOnBlackSite,numberOfRobotsOnWhiteSite
28143,23,22
timeStep,numberOfRobotsOnBlackSite,numberOfRobotsOnWhiteSite
28144,23,22
timeStep,numberOfRobotsOnBlackSite,numberOfRobotsOnWhiteSite
28145,23,22
timeStep,numberOfRobotsOnBlackSite,numberOfRobotsOnWhiteSite
28146,23,22
timeStep,numberOfRobotsOnBlackSite,numberOfRobotsOnWhiteSite
28147,23,22
timeStep,numberOfRobotsOnBlackSite,numberOfRobotsOnWhiteSite
28148,23,22
timeStep,numberOfRobotsOnBlackSite,numberOfRobotsOnWhiteSite
28149,23,22
timeStep,numberOfRobotsOnBlackSite,numberOfRobotsOnWhiteSite
28150,23,22
timeStep,numberOfRobotsOnBlackSite,numberOfRobotsOnWhiteSite
28151,23,22
timeStep,numberOfRobotsOnBlackSite,numberOfRobotsOnWhiteSite
28152,23,22
timeStep,numberOfRobotsOnBlackSite,numberOfRobotsOnWhiteSite
28153,23,22
timeStep,numberOfRobotsOnBlackSite,numberOfRobotsOnWhiteSite
28154,23,22
timeStep,numberOfRobotsOnBlackSite,numberOfRobotsOnWhiteSite
28155,23,22
timeStep,numberOfRobotsOnBlackSite,numberOfRobotsOnWhiteSite
28156,23,22
timeStep,numberOfRobotsOnBlackSite,numberOfRobotsOnWhiteSite
28157,23,22
timeStep,numberOfRobotsOnBlackSite,numberOfRobotsOnWhiteSite
28158,23,22
timeStep,numberOfRobotsOnBlackSite,numberOfRobotsOnWhiteSite
28159,23,22
timeStep,numberOfRobotsOnBlackSite,numberOfRobotsOnWhiteSite
28160,23,22
timeStep,numberOfRobotsOnBlackSite,numberOfRobotsOnWhiteSite
28161,23,22
timeStep,numberOfRobotsOnBlackSite,numberOfRobotsOnWhiteSite
28162,23,22
timeStep,numberOfRobotsOnBlackSite,numberOfRobotsOnWhiteSite
28163,23,22
timeStep,numberOfRobotsOnBlackSite,numberOfRobotsOnWhiteSite
28164,23,22
timeStep,numberOfRobotsOnBlackSite,numberOfRobotsOnWhiteSite
28165,23,22
timeStep,numberOfRobotsOnBlackSite,numberOfRobotsOnWhiteSite
28166,23,22
timeStep,numberOfRobotsOnBlackSite,numberOfRobotsOnWhiteSite
28167,23,22
timeStep,numberOfRobotsOnBlackSite,numberOfRobotsOnWhiteSite
28168,23,22
timeStep,numberOfRobotsOnBlackSite,numberOfRobotsOnWhiteSite
28169,23,22
timeStep,numberOfRobotsOnBlackSite,numberOfRobotsOnWhiteSite
28170,23,22
timeStep,numberOfRobotsOnBlackSite,numberOfRobotsOnWhiteSite
28171,23,22
timeStep,numberOfRobotsOnBlackSite,numberOfRobotsOnWhiteSite
28172,23,22
timeStep,numberOfRobotsOnBlackSite,numberOfRobotsOnWhiteSite
28173,23,22
timeStep,numberOfRobotsOnBlackSite,numberOfRobotsOnWhiteSite
28174,23,22
timeStep,numberOfRobotsOnBlackSite,numberOfRobotsOnWhiteSite
28175,23,22
timeStep,numberOfRobotsOnBlackSite,numberOfRobotsOnWhiteSite
28176,23,22
timeStep,numberOfRobotsOnBlackSite,numberOfRobotsOnWhiteSite
28177,23,22
timeStep,numberOfRobotsOnBlackSite,numberOfRobotsOnWhiteSite
28178,23,22
timeStep,numberOfRobotsOnBlackSite,numberOfRobotsOnWhiteSite
28179,23,22
timeStep,numberOfRobotsOnBlackSite,numberOfRobotsOnWhiteSite
28180,23,22
timeStep,numberOfRobotsOnBlackSite,numberOfRobotsOnWhiteSite
28181,23,22
timeStep,numberOfRobotsOnBlackSite,numberOfRobotsOnWhiteSite
28182,23,22
timeStep,numberOfRobotsOnBlackSite,numberOfRobotsOnWhiteSite
28183,23,22
timeStep,numberOfRobotsOnBlackSite,numberOfRobotsOnWhiteSite
28184,23,22
timeStep,numberOfRobotsOnBlackSite,numberOfRobotsOnWhiteSite
28185,23,22
timeStep,numberOfRobotsOnBlackSite,numberOfRobotsOnWhiteSite
28186,23,22
timeStep,numberOfRobotsOnBlackSite,numberOfRobotsOnWhiteSite
28187,23,22
timeStep,numberOfRobotsOnBlackSite,numberOfRobotsOnWhiteSite
28188,23,22
timeStep,numberOfRobotsOnBlackSite,numberOfRobotsOnWhiteSite
28189,23,22
timeStep,numberOfRobotsOnBlackSite,numberOfRobotsOnWhiteSite
28190,23,22
timeStep,numberOfRobotsOnBlackSite,numberOfRobotsOnWhiteSite
28191,23,22
timeStep,numberOfRobotsOnBlackSite,numberOfRobotsOnWhiteSite
28192,23,22
timeStep,numberOfRobotsOnBlackSite,numberOfRobotsOnWhiteSite
28193,23,22
timeStep,numberOfRobotsOnBlackSite,numberOfRobotsOnWhiteSite
28194,23,22
timeStep,numberOfRobotsOnBlackSite,numberOfRobotsOnWhiteSite
28195,23,22
timeStep,numberOfRobotsOnBlackSite,numberOfRobotsOnWhiteSite
28196,23,22
timeStep,numberOfRobotsOnBlackSite,numberOfRobotsOnWhiteSite
28197,23,22
timeStep,numberOfRobotsOnBlackSite,numberOfRobotsOnWhiteSite
28198,23,22
timeStep,numberOfRobotsOnBlackSite,numberOfRobotsOnWhiteSite
28199,23,22
timeStep,numberOfRobotsOnBlackSite,numberOfRobotsOnWhiteSite
28200,23,22
timeStep,numberOfRobotsOnBlackSite,numberOfRobotsOnWhiteSite
28201,23,22
timeStep,numberOfRobotsOnBlackSite,numberOfRobotsOnWhiteSite
28202,23,22
timeStep,numberOfRobotsOnBlackSite,numberOfRobotsOnWhiteSite
28203,23,22
timeStep,numberOfRobotsOnBlackSite,numberOfRobotsOnWhiteSite
28204,23,22
timeStep,numberOfRobotsOnBlackSite,numberOfRobotsOnWhiteSite
28205,23,22
timeStep,numberOfRobotsOnBlackSite,numberOfRobotsOnWhiteSite
28206,23,22
timeStep,numberOfRobotsOnBlackSite,numberOfRobotsOnWhiteSite
28207,23,22
timeStep,numberOfRobotsOnBlackSite,numberOfRobotsOnWhiteSite
28208,23,22
timeStep,numberOfRobotsOnBlackSite,numberOfRobotsOnWhiteSite
28209,23,22
timeStep,numberOfRobotsOnBlackSite,numberOfRobotsOnWhiteSite
28210,23,22
timeStep,numberOfRobotsOnBlackSite,numberOfRobotsOnWhiteSite
28211,23,22
timeStep,numberOfRobotsOnBlackSite,numberOfRobotsOnWhiteSite
28212,23,22
timeStep,numberOfRobotsOnBlackSite,numberOfRobotsOnWhiteSite
28213,23,22
timeStep,numberOfRobotsOnBlackSite,numberOfRobotsOnWhiteSite
28214,23,22
timeStep,numberOfRobotsOnBlackSite,numberOfRobotsOnWhiteSite
28215,23,22
timeStep,numberOfRobotsOnBlackSite,numberOfRobotsOnWhiteSite
28216,23,22
timeStep,numberOfRobotsOnBlackSite,numberOfRobotsOnWhiteSite
28217,23,22
timeStep,numberOfRobotsOnBlackSite,numberOfRobotsOnWhiteSite
28218,23,22
timeStep,numberOfRobotsOnBlackSite,numberOfRobotsOnWhiteSite
28219,23,22
timeStep,numberOfRobotsOnBlackSite,numberOfRobotsOnWhiteSite
28220,23,22
timeStep,numberOfRobotsOnBlackSite,numberOfRobotsOnWhiteSite
28221,23,22
timeStep,numberOfRobotsOnBlackSite,numberOfRobotsOnWhiteSite
28222,23,22
timeStep,numberOfRobotsOnBlackSite,numberOfRobotsOnWhiteSite
28223,23,22
timeStep,numberOfRobotsOnBlackSite,numberOfRobotsOnWhiteSite
28224,23,22
timeStep,numberOfRobotsOnBlackSite,numberOfRobotsOnWhiteSite
28225,23,22
timeStep,numberOfRobotsOnBlackSite,numberOfRobotsOnWhiteSite
28226,23,22
timeStep,numberOfRobotsOnBlackSite,numberOfRobotsOnWhiteSite
28227,23,22
timeStep,numberOfRobotsOnBlackSite,numberOfRobotsOnWhiteSite
28228,23,22
timeStep,numberOfRobotsOnBlackSite,numberOfRobotsOnWhiteSite
28229,23,22
timeStep,numberOfRobotsOnBlackSite,numberOfRobotsOnWhiteSite
28230,23,22
timeStep,numberOfRobotsOnBlackSite,numberOfRobotsOnWhiteSite
28231,23,22
timeStep,numberOfRobotsOnBlackSite,numberOfRobotsOnWhiteSite
28232,23,22
timeStep,numberOfRobotsOnBlackSite,numberOfRobotsOnWhiteSite
28233,23,22
timeStep,numberOfRobotsOnBlackSite,numberOfRobotsOnWhiteSite
28234,23,22
timeStep,numberOfRobotsOnBlackSite,numberOfRobotsOnWhiteSite
28235,23,22
timeStep,numberOfRobotsOnBlackSite,numberOfRobotsOnWhiteSite
28236,23,22
timeStep,numberOfRobotsOnBlackSite,numberOfRobotsOnWhiteSite
28237,23,22
timeStep,numberOfRobotsOnBlackSite,numberOfRobotsOnWhiteSite
28238,23,22
timeStep,numberOfRobotsOnBlackSite,numberOfRobotsOnWhiteSite
28239,23,22
timeStep,numberOfRobotsOnBlackSite,numberOfRobotsOnWhiteSite
28240,23,22
timeStep,numberOfRobotsOnBlackSite,numberOfRobotsOnWhiteSite
28241,23,22
timeStep,numberOfRobotsOnBlackSite,numberOfRobotsOnWhiteSite
28242,23,22
timeStep,numberOfRobotsOnBlackSite,numberOfRobotsOnWhiteSite
28243,23,22
timeStep,numberOfRobotsOnBlackSite,numberOfRobotsOnWhiteSite
28244,23,22
timeStep,numberOfRobotsOnBlackSite,numberOfRobotsOnWhiteSite
28245,23,22
timeStep,numberOfRobotsOnBlackSite,numberOfRobotsOnWhiteSite
28246,23,22
timeStep,numberOfRobotsOnBlackSite,numberOfRobotsOnWhiteSite
28247,23,22
timeStep,numberOfRobotsOnBlackSite,numberOfRobotsOnWhiteSite
28248,23,22
timeStep,numberOfRobotsOnBlackSite,numberOfRobotsOnWhiteSite
28249,23,22
timeStep,numberOfRobotsOnBlackSite,numberOfRobotsOnWhiteSite
28250,23,22
timeStep,numberOfRobotsOnBlackSite,numberOfRobotsOnWhiteSite
28251,23,22
timeStep,numberOfRobotsOnBlackSite,numberOfRobotsOnWhiteSite
28252,23,22
timeStep,numberOfRobotsOnBlackSite,numberOfRobotsOnWhiteSite
28253,23,22
timeStep,numberOfRobotsOnBlackSite,numberOfRobotsOnWhiteSite
28254,23,22
timeStep,numberOfRobotsOnBlackSite,numberOfRobotsOnWhiteSite
28255,23,22
timeStep,numberOfRobotsOnBlackSite,numberOfRobotsOnWhiteSite
28256,23,22
timeStep,numberOfRobotsOnBlackSite,numberOfRobotsOnWhiteSite
28257,23,22
timeStep,numberOfRobotsOnBlackSite,numberOfRobotsOnWhiteSite
28258,23,22
timeStep,numberOfRobotsOnBlackSite,numberOfRobotsOnWhiteSite
28259,23,22
timeStep,numberOfRobotsOnBlackSite,numberOfRobotsOnWhiteSite
28260,23,22
timeStep,numberOfRobotsOnBlackSite,numberOfRobotsOnWhiteSite
28261,23,22
timeStep,numberOfRobotsOnBlackSite,numberOfRobotsOnWhiteSite
28262,23,22
timeStep,numberOfRobotsOnBlackSite,numberOfRobotsOnWhiteSite
28263,23,22
timeStep,numberOfRobotsOnBlackSite,numberOfRobotsOnWhiteSite
28264,23,22
timeStep,numberOfRobotsOnBlackSite,numberOfRobotsOnWhiteSite
28265,23,22
timeStep,numberOfRobotsOnBlackSite,numberOfRobotsOnWhiteSite
28266,23,22
timeStep,numberOfRobotsOnBlackSite,numberOfRobotsOnWhiteSite
28267,23,22
timeStep,numberOfRobotsOnBlackSite,numberOfRobotsOnWhiteSite
28268,23,22
timeStep,numberOfRobotsOnBlackSite,numberOfRobotsOnWhiteSite
28269,23,22
timeStep,numberOfRobotsOnBlackSite,numberOfRobotsOnWhiteSite
28270,23,22
timeStep,numberOfRobotsOnBlackSite,numberOfRobotsOnWhiteSite
28271,23,22
timeStep,numberOfRobotsOnBlackSite,numberOfRobotsOnWhiteSite
28272,23,22
timeStep,numberOfRobotsOnBlackSite,numberOfRobotsOnWhiteSite
28273,23,22
timeStep,numberOfRobotsOnBlackSite,numberOfRobotsOnWhiteSite
28274,23,22
timeStep,numberOfRobotsOnBlackSite,numberOfRobotsOnWhiteSite
28275,23,22
timeStep,numberOfRobotsOnBlackSite,numberOfRobotsOnWhiteSite
28276,23,22
timeStep,numberOfRobotsOnBlackSite,numberOfRobotsOnWhiteSite
28277,23,22
timeStep,numberOfRobotsOnBlackSite,numberOfRobotsOnWhiteSite
28278,23,22
timeStep,numberOfRobotsOnBlackSite,numberOfRobotsOnWhiteSite
28279,23,22
timeStep,numberOfRobotsOnBlackSite,numberOfRobotsOnWhiteSite
28280,23,22
timeStep,numberOfRobotsOnBlackSite,numberOfRobotsOnWhiteSite
28281,23,22
timeStep,numberOfRobotsOnBlackSite,numberOfRobotsOnWhiteSite
28282,23,22
timeStep,numberOfRobotsOnBlackSite,numberOfRobotsOnWhiteSite
28283,23,22
timeStep,numberOfRobotsOnBlackSite,numberOfRobotsOnWhiteSite
28284,23,22
timeStep,numberOfRobotsOnBlackSite,numberOfRobotsOnWhiteSite
28285,23,22
timeStep,numberOfRobotsOnBlackSite,numberOfRobotsOnWhiteSite
28286,23,22
timeStep,numberOfRobotsOnBlackSite,numberOfRobotsOnWhiteSite
28287,23,22
timeStep,numberOfRobotsOnBlackSite,numberOfRobotsOnWhiteSite
28288,23,22
timeStep,numberOfRobotsOnBlackSite,numberOfRobotsOnWhiteSite
28289,23,22
timeStep,numberOfRobotsOnBlackSite,numberOfRobotsOnWhiteSite
28290,23,22
timeStep,numberOfRobotsOnBlackSite,numberOfRobotsOnWhiteSite
28291,23,22
timeStep,numberOfRobotsOnBlackSite,numberOfRobotsOnWhiteSite
28292,23,22
timeStep,numberOfRobotsOnBlackSite,numberOfRobotsOnWhiteSite
28293,23,22
timeStep,numberOfRobotsOnBlackSite,numberOfRobotsOnWhiteSite
28294,23,22
timeStep,numberOfRobotsOnBlackSite,numberOfRobotsOnWhiteSite
28295,23,22
timeStep,numberOfRobotsOnBlackSite,numberOfRobotsOnWhiteSite
28296,23,22
timeStep,numberOfRobotsOnBlackSite,numberOfRobotsOnWhiteSite
28297,23,22
timeStep,numberOfRobotsOnBlackSite,numberOfRobotsOnWhiteSite
28298,23,22
timeStep,numberOfRobotsOnBlackSite,numberOfRobotsOnWhiteSite
28299,23,22
timeStep,numberOfRobotsOnBlackSite,numberOfRobotsOnWhiteSite
28300,23,22
timeStep,numberOfRobotsOnBlackSite,numberOfRobotsOnWhiteSite
28301,23,22
timeStep,numberOfRobotsOnBlackSite,numberOfRobotsOnWhiteSite
28302,23,22
timeStep,numberOfRobotsOnBlackSite,numberOfRobotsOnWhiteSite
28303,23,22
timeStep,numberOfRobotsOnBlackSite,numberOfRobotsOnWhiteSite
28304,23,22
timeStep,numberOfRobotsOnBlackSite,numberOfRobotsOnWhiteSite
28305,23,22
timeStep,numberOfRobotsOnBlackSite,numberOfRobotsOnWhiteSite
28306,23,22
timeStep,numberOfRobotsOnBlackSite,numberOfRobotsOnWhiteSite
28307,23,22
timeStep,numberOfRobotsOnBlackSite,numberOfRobotsOnWhiteSite
28308,23,22
timeStep,numberOfRobotsOnBlackSite,numberOfRobotsOnWhiteSite
28309,23,22
timeStep,numberOfRobotsOnBlackSite,numberOfRobotsOnWhiteSite
28310,23,22
timeStep,numberOfRobotsOnBlackSite,numberOfRobotsOnWhiteSite
28311,23,22
timeStep,numberOfRobotsOnBlackSite,numberOfRobotsOnWhiteSite
28312,23,22
timeStep,numberOfRobotsOnBlackSite,numberOfRobotsOnWhiteSite
28313,23,22
timeStep,numberOfRobotsOnBlackSite,numberOfRobotsOnWhiteSite
28314,23,22
timeStep,numberOfRobotsOnBlackSite,numberOfRobotsOnWhiteSite
28315,23,22
timeStep,numberOfRobotsOnBlackSite,numberOfRobotsOnWhiteSite
28316,23,22
timeStep,numberOfRobotsOnBlackSite,numberOfRobotsOnWhiteSite
28317,23,22
timeStep,numberOfRobotsOnBlackSite,numberOfRobotsOnWhiteSite
28318,23,22
timeStep,numberOfRobotsOnBlackSite,numberOfRobotsOnWhiteSite
28319,23,22
timeStep,numberOfRobotsOnBlackSite,numberOfRobotsOnWhiteSite
28320,23,22
timeStep,numberOfRobotsOnBlackSite,numberOfRobotsOnWhiteSite
28321,23,22
timeStep,numberOfRobotsOnBlackSite,numberOfRobotsOnWhiteSite
28322,23,22
timeStep,numberOfRobotsOnBlackSite,numberOfRobotsOnWhiteSite
28323,23,22
timeStep,numberOfRobotsOnBlackSite,numberOfRobotsOnWhiteSite
28324,23,22
timeStep,numberOfRobotsOnBlackSite,numberOfRobotsOnWhiteSite
28325,23,22
timeStep,numberOfRobotsOnBlackSite,numberOfRobotsOnWhiteSite
28326,23,22
timeStep,numberOfRobotsOnBlackSite,numberOfRobotsOnWhiteSite
28327,23,22
timeStep,numberOfRobotsOnBlackSite,numberOfRobotsOnWhiteSite
28328,23,22
timeStep,numberOfRobotsOnBlackSite,numberOfRobotsOnWhiteSite
28329,23,22
timeStep,numberOfRobotsOnBlackSite,numberOfRobotsOnWhiteSite
28330,23,22
timeStep,numberOfRobotsOnBlackSite,numberOfRobotsOnWhiteSite
28331,23,22
timeStep,numberOfRobotsOnBlackSite,numberOfRobotsOnWhiteSite
28332,23,22
timeStep,numberOfRobotsOnBlackSite,numberOfRobotsOnWhiteSite
28333,23,22
timeStep,numberOfRobotsOnBlackSite,numberOfRobotsOnWhiteSite
28334,23,22
timeStep,numberOfRobotsOnBlackSite,numberOfRobotsOnWhiteSite
28335,23,22
timeStep,numberOfRobotsOnBlackSite,numberOfRobotsOnWhiteSite
28336,23,22
timeStep,numberOfRobotsOnBlackSite,numberOfRobotsOnWhiteSite
28337,23,22
timeStep,numberOfRobotsOnBlackSite,numberOfRobotsOnWhiteSite
28338,23,22
timeStep,numberOfRobotsOnBlackSite,numberOfRobotsOnWhiteSite
28339,23,22
timeStep,numberOfRobotsOnBlackSite,numberOfRobotsOnWhiteSite
28340,23,22
timeStep,numberOfRobotsOnBlackSite,numberOfRobotsOnWhiteSite
28341,23,22
timeStep,numberOfRobotsOnBlackSite,numberOfRobotsOnWhiteSite
28342,23,22
timeStep,numberOfRobotsOnBlackSite,numberOfRobotsOnWhiteSite
28343,23,22
timeStep,numberOfRobotsOnBlackSite,numberOfRobotsOnWhiteSite
28344,23,22
timeStep,numberOfRobotsOnBlackSite,numberOfRobotsOnWhiteSite
28345,23,22
timeStep,numberOfRobotsOnBlackSite,numberOfRobotsOnWhiteSite
28346,23,22
timeStep,numberOfRobotsOnBlackSite,numberOfRobotsOnWhiteSite
28347,23,22
timeStep,numberOfRobotsOnBlackSite,numberOfRobotsOnWhiteSite
28348,23,22
timeStep,numberOfRobotsOnBlackSite,numberOfRobotsOnWhiteSite
28349,23,22
timeStep,numberOfRobotsOnBlackSite,numberOfRobotsOnWhiteSite
28350,23,22
timeStep,numberOfRobotsOnBlackSite,numberOfRobotsOnWhiteSite
28351,23,22
timeStep,numberOfRobotsOnBlackSite,numberOfRobotsOnWhiteSite
28352,23,22
timeStep,numberOfRobotsOnBlackSite,numberOfRobotsOnWhiteSite
28353,23,22
timeStep,numberOfRobotsOnBlackSite,numberOfRobotsOnWhiteSite
28354,23,22
timeStep,numberOfRobotsOnBlackSite,numberOfRobotsOnWhiteSite
28355,23,22
timeStep,numberOfRobotsOnBlackSite,numberOfRobotsOnWhiteSite
28356,23,22
timeStep,numberOfRobotsOnBlackSite,numberOfRobotsOnWhiteSite
28357,23,22
timeStep,numberOfRobotsOnBlackSite,numberOfRobotsOnWhiteSite
28358,23,22
timeStep,numberOfRobotsOnBlackSite,numberOfRobotsOnWhiteSite
28359,23,22
timeStep,numberOfRobotsOnBlackSite,numberOfRobotsOnWhiteSite
28360,23,22
timeStep,numberOfRobotsOnBlackSite,numberOfRobotsOnWhiteSite
28361,23,22
timeStep,numberOfRobotsOnBlackSite,numberOfRobotsOnWhiteSite
28362,23,22
timeStep,numberOfRobotsOnBlackSite,numberOfRobotsOnWhiteSite
28363,23,22
timeStep,numberOfRobotsOnBlackSite,numberOfRobotsOnWhiteSite
28364,23,22
timeStep,numberOfRobotsOnBlackSite,numberOfRobotsOnWhiteSite
28365,23,22
timeStep,numberOfRobotsOnBlackSite,numberOfRobotsOnWhiteSite
28366,23,22
timeStep,numberOfRobotsOnBlackSite,numberOfRobotsOnWhiteSite
28367,23,22
timeStep,numberOfRobotsOnBlackSite,numberOfRobotsOnWhiteSite
28368,23,22
timeStep,numberOfRobotsOnBlackSite,numberOfRobotsOnWhiteSite
28369,23,22
timeStep,numberOfRobotsOnBlackSite,numberOfRobotsOnWhiteSite
28370,23,22
timeStep,numberOfRobotsOnBlackSite,numberOfRobotsOnWhiteSite
28371,23,22
timeStep,numberOfRobotsOnBlackSite,numberOfRobotsOnWhiteSite
28372,23,22
timeStep,numberOfRobotsOnBlackSite,numberOfRobotsOnWhiteSite
28373,23,22
timeStep,numberOfRobotsOnBlackSite,numberOfRobotsOnWhiteSite
28374,23,22
timeStep,numberOfRobotsOnBlackSite,numberOfRobotsOnWhiteSite
28375,23,22
timeStep,numberOfRobotsOnBlackSite,numberOfRobotsOnWhiteSite
28376,23,22
timeStep,numberOfRobotsOnBlackSite,numberOfRobotsOnWhiteSite
28377,23,22
timeStep,numberOfRobotsOnBlackSite,numberOfRobotsOnWhiteSite
28378,23,22
timeStep,numberOfRobotsOnBlackSite,numberOfRobotsOnWhiteSite
28379,23,22
timeStep,numberOfRobotsOnBlackSite,numberOfRobotsOnWhiteSite
28380,23,22
timeStep,numberOfRobotsOnBlackSite,numberOfRobotsOnWhiteSite
28381,23,22
timeStep,numberOfRobotsOnBlackSite,numberOfRobotsOnWhiteSite
28382,23,22
timeStep,numberOfRobotsOnBlackSite,numberOfRobotsOnWhiteSite
28383,23,22
timeStep,numberOfRobotsOnBlackSite,numberOfRobotsOnWhiteSite
28384,23,22
timeStep,numberOfRobotsOnBlackSite,numberOfRobotsOnWhiteSite
28385,23,22
timeStep,numberOfRobotsOnBlackSite,numberOfRobotsOnWhiteSite
28386,23,22
timeStep,numberOfRobotsOnBlackSite,numberOfRobotsOnWhiteSite
28387,23,22
timeStep,numberOfRobotsOnBlackSite,numberOfRobotsOnWhiteSite
28388,23,22
timeStep,numberOfRobotsOnBlackSite,numberOfRobotsOnWhiteSite
28389,23,22
timeStep,numberOfRobotsOnBlackSite,numberOfRobotsOnWhiteSite
28390,23,22
timeStep,numberOfRobotsOnBlackSite,numberOfRobotsOnWhiteSite
28391,23,22
timeStep,numberOfRobotsOnBlackSite,numberOfRobotsOnWhiteSite
28392,23,22
timeStep,numberOfRobotsOnBlackSite,numberOfRobotsOnWhiteSite
28393,23,22
timeStep,numberOfRobotsOnBlackSite,numberOfRobotsOnWhiteSite
28394,23,22
timeStep,numberOfRobotsOnBlackSite,numberOfRobotsOnWhiteSite
28395,23,22
timeStep,numberOfRobotsOnBlackSite,numberOfRobotsOnWhiteSite
28396,23,22
timeStep,numberOfRobotsOnBlackSite,numberOfRobotsOnWhiteSite
28397,23,22
timeStep,numberOfRobotsOnBlackSite,numberOfRobotsOnWhiteSite
28398,23,22
timeStep,numberOfRobotsOnBlackSite,numberOfRobotsOnWhiteSite
28399,23,22
timeStep,numberOfRobotsOnBlackSite,numberOfRobotsOnWhiteSite
28400,23,22
timeStep,numberOfRobotsOnBlackSite,numberOfRobotsOnWhiteSite
28401,23,22
timeStep,numberOfRobotsOnBlackSite,numberOfRobotsOnWhiteSite
28402,23,22
timeStep,numberOfRobotsOnBlackSite,numberOfRobotsOnWhiteSite
28403,23,22
timeStep,numberOfRobotsOnBlackSite,numberOfRobotsOnWhiteSite
28404,23,22
timeStep,numberOfRobotsOnBlackSite,numberOfRobotsOnWhiteSite
28405,23,22
timeStep,numberOfRobotsOnBlackSite,numberOfRobotsOnWhiteSite
28406,23,22
timeStep,numberOfRobotsOnBlackSite,numberOfRobotsOnWhiteSite
28407,23,22
timeStep,numberOfRobotsOnBlackSite,numberOfRobotsOnWhiteSite
28408,23,22
timeStep,numberOfRobotsOnBlackSite,numberOfRobotsOnWhiteSite
28409,23,22
timeStep,numberOfRobotsOnBlackSite,numberOfRobotsOnWhiteSite
28410,23,22
timeStep,numberOfRobotsOnBlackSite,numberOfRobotsOnWhiteSite
28411,23,22
timeStep,numberOfRobotsOnBlackSite,numberOfRobotsOnWhiteSite
28412,23,22
timeStep,numberOfRobotsOnBlackSite,numberOfRobotsOnWhiteSite
28413,23,22
timeStep,numberOfRobotsOnBlackSite,numberOfRobotsOnWhiteSite
28414,23,22
timeStep,numberOfRobotsOnBlackSite,numberOfRobotsOnWhiteSite
28415,23,22
timeStep,numberOfRobotsOnBlackSite,numberOfRobotsOnWhiteSite
28416,23,22
timeStep,numberOfRobotsOnBlackSite,numberOfRobotsOnWhiteSite
28417,23,22
timeStep,numberOfRobotsOnBlackSite,numberOfRobotsOnWhiteSite
28418,23,22
timeStep,numberOfRobotsOnBlackSite,numberOfRobotsOnWhiteSite
28419,23,22
timeStep,numberOfRobotsOnBlackSite,numberOfRobotsOnWhiteSite
28420,23,22
timeStep,numberOfRobotsOnBlackSite,numberOfRobotsOnWhiteSite
28421,23,22
timeStep,numberOfRobotsOnBlackSite,numberOfRobotsOnWhiteSite
28422,23,22
timeStep,numberOfRobotsOnBlackSite,numberOfRobotsOnWhiteSite
28423,23,22
timeStep,numberOfRobotsOnBlackSite,numberOfRobotsOnWhiteSite
28424,23,22
timeStep,numberOfRobotsOnBlackSite,numberOfRobotsOnWhiteSite
28425,23,22
timeStep,numberOfRobotsOnBlackSite,numberOfRobotsOnWhiteSite
28426,23,22
timeStep,numberOfRobotsOnBlackSite,numberOfRobotsOnWhiteSite
28427,23,22
timeStep,numberOfRobotsOnBlackSite,numberOfRobotsOnWhiteSite
28428,23,22
timeStep,numberOfRobotsOnBlackSite,numberOfRobotsOnWhiteSite
28429,23,22
timeStep,numberOfRobotsOnBlackSite,numberOfRobotsOnWhiteSite
28430,23,22
timeStep,numberOfRobotsOnBlackSite,numberOfRobotsOnWhiteSite
28431,23,22
timeStep,numberOfRobotsOnBlackSite,numberOfRobotsOnWhiteSite
28432,23,22
timeStep,numberOfRobotsOnBlackSite,numberOfRobotsOnWhiteSite
28433,23,22
timeStep,numberOfRobotsOnBlackSite,numberOfRobotsOnWhiteSite
28434,23,22
timeStep,numberOfRobotsOnBlackSite,numberOfRobotsOnWhiteSite
28435,23,22
timeStep,numberOfRobotsOnBlackSite,numberOfRobotsOnWhiteSite
28436,23,22
timeStep,numberOfRobotsOnBlackSite,numberOfRobotsOnWhiteSite
28437,23,22
timeStep,numberOfRobotsOnBlackSite,numberOfRobotsOnWhiteSite
28438,23,22
timeStep,numberOfRobotsOnBlackSite,numberOfRobotsOnWhiteSite
28439,23,22
timeStep,numberOfRobotsOnBlackSite,numberOfRobotsOnWhiteSite
28440,23,22
timeStep,numberOfRobotsOnBlackSite,numberOfRobotsOnWhiteSite
28441,23,22
timeStep,numberOfRobotsOnBlackSite,numberOfRobotsOnWhiteSite
28442,23,22
timeStep,numberOfRobotsOnBlackSite,numberOfRobotsOnWhiteSite
28443,23,22
timeStep,numberOfRobotsOnBlackSite,numberOfRobotsOnWhiteSite
28444,23,22
timeStep,numberOfRobotsOnBlackSite,numberOfRobotsOnWhiteSite
28445,23,22
timeStep,numberOfRobotsOnBlackSite,numberOfRobotsOnWhiteSite
28446,23,22
timeStep,numberOfRobotsOnBlackSite,numberOfRobotsOnWhiteSite
28447,23,22
timeStep,numberOfRobotsOnBlackSite,numberOfRobotsOnWhiteSite
28448,23,22
timeStep,numberOfRobotsOnBlackSite,numberOfRobotsOnWhiteSite
28449,23,22
timeStep,numberOfRobotsOnBlackSite,numberOfRobotsOnWhiteSite
28450,23,22
timeStep,numberOfRobotsOnBlackSite,numberOfRobotsOnWhiteSite
28451,23,22
timeStep,numberOfRobotsOnBlackSite,numberOfRobotsOnWhiteSite
28452,23,22
timeStep,numberOfRobotsOnBlackSite,numberOfRobotsOnWhiteSite
28453,23,22
timeStep,numberOfRobotsOnBlackSite,numberOfRobotsOnWhiteSite
28454,23,22
timeStep,numberOfRobotsOnBlackSite,numberOfRobotsOnWhiteSite
28455,23,22
timeStep,numberOfRobotsOnBlackSite,numberOfRobotsOnWhiteSite
28456,23,22
timeStep,numberOfRobotsOnBlackSite,numberOfRobotsOnWhiteSite
28457,23,22
timeStep,numberOfRobotsOnBlackSite,numberOfRobotsOnWhiteSite
28458,23,22
timeStep,numberOfRobotsOnBlackSite,numberOfRobotsOnWhiteSite
28459,23,22
timeStep,numberOfRobotsOnBlackSite,numberOfRobotsOnWhiteSite
28460,23,22
timeStep,numberOfRobotsOnBlackSite,numberOfRobotsOnWhiteSite
28461,23,22
timeStep,numberOfRobotsOnBlackSite,numberOfRobotsOnWhiteSite
28462,23,22
timeStep,numberOfRobotsOnBlackSite,numberOfRobotsOnWhiteSite
28463,23,22
timeStep,numberOfRobotsOnBlackSite,numberOfRobotsOnWhiteSite
28464,23,22
timeStep,numberOfRobotsOnBlackSite,numberOfRobotsOnWhiteSite
28465,23,22
timeStep,numberOfRobotsOnBlackSite,numberOfRobotsOnWhiteSite
28466,23,22
timeStep,numberOfRobotsOnBlackSite,numberOfRobotsOnWhiteSite
28467,23,22
timeStep,numberOfRobotsOnBlackSite,numberOfRobotsOnWhiteSite
28468,23,22
timeStep,numberOfRobotsOnBlackSite,numberOfRobotsOnWhiteSite
28469,23,22
timeStep,numberOfRobotsOnBlackSite,numberOfRobotsOnWhiteSite
28470,23,22
timeStep,numberOfRobotsOnBlackSite,numberOfRobotsOnWhiteSite
28471,23,22
timeStep,numberOfRobotsOnBlackSite,numberOfRobotsOnWhiteSite
28472,23,22
timeStep,numberOfRobotsOnBlackSite,numberOfRobotsOnWhiteSite
28473,23,22
timeStep,numberOfRobotsOnBlackSite,numberOfRobotsOnWhiteSite
28474,23,22
timeStep,numberOfRobotsOnBlackSite,numberOfRobotsOnWhiteSite
28475,23,22
timeStep,numberOfRobotsOnBlackSite,numberOfRobotsOnWhiteSite
28476,23,22
timeStep,numberOfRobotsOnBlackSite,numberOfRobotsOnWhiteSite
28477,23,22
timeStep,numberOfRobotsOnBlackSite,numberOfRobotsOnWhiteSite
28478,23,22
timeStep,numberOfRobotsOnBlackSite,numberOfRobotsOnWhiteSite
28479,23,22
timeStep,numberOfRobotsOnBlackSite,numberOfRobotsOnWhiteSite
28480,23,22
timeStep,numberOfRobotsOnBlackSite,numberOfRobotsOnWhiteSite
28481,23,22
timeStep,numberOfRobotsOnBlackSite,numberOfRobotsOnWhiteSite
28482,23,22
timeStep,numberOfRobotsOnBlackSite,numberOfRobotsOnWhiteSite
28483,23,22
timeStep,numberOfRobotsOnBlackSite,numberOfRobotsOnWhiteSite
28484,23,22
timeStep,numberOfRobotsOnBlackSite,numberOfRobotsOnWhiteSite
28485,23,22
timeStep,numberOfRobotsOnBlackSite,numberOfRobotsOnWhiteSite
28486,23,22
timeStep,numberOfRobotsOnBlackSite,numberOfRobotsOnWhiteSite
28487,23,22
timeStep,numberOfRobotsOnBlackSite,numberOfRobotsOnWhiteSite
28488,23,22
timeStep,numberOfRobotsOnBlackSite,numberOfRobotsOnWhiteSite
28489,23,22
timeStep,numberOfRobotsOnBlackSite,numberOfRobotsOnWhiteSite
28490,23,22
timeStep,numberOfRobotsOnBlackSite,numberOfRobotsOnWhiteSite
28491,23,22
timeStep,numberOfRobotsOnBlackSite,numberOfRobotsOnWhiteSite
28492,23,22
timeStep,numberOfRobotsOnBlackSite,numberOfRobotsOnWhiteSite
28493,23,22
timeStep,numberOfRobotsOnBlackSite,numberOfRobotsOnWhiteSite
28494,23,22
timeStep,numberOfRobotsOnBlackSite,numberOfRobotsOnWhiteSite
28495,23,22
timeStep,numberOfRobotsOnBlackSite,numberOfRobotsOnWhiteSite
28496,23,22
timeStep,numberOfRobotsOnBlackSite,numberOfRobotsOnWhiteSite
28497,23,22
timeStep,numberOfRobotsOnBlackSite,numberOfRobotsOnWhiteSite
28498,23,22
timeStep,numberOfRobotsOnBlackSite,numberOfRobotsOnWhiteSite
28499,23,22
timeStep,numberOfRobotsOnBlackSite,numberOfRobotsOnWhiteSite
28500,23,22
timeStep,numberOfRobotsOnBlackSite,numberOfRobotsOnWhiteSite
28501,23,22
timeStep,numberOfRobotsOnBlackSite,numberOfRobotsOnWhiteSite
28502,23,22
timeStep,numberOfRobotsOnBlackSite,numberOfRobotsOnWhiteSite
28503,23,22
timeStep,numberOfRobotsOnBlackSite,numberOfRobotsOnWhiteSite
28504,23,22
timeStep,numberOfRobotsOnBlackSite,numberOfRobotsOnWhiteSite
28505,23,22
timeStep,numberOfRobotsOnBlackSite,numberOfRobotsOnWhiteSite
28506,23,22
timeStep,numberOfRobotsOnBlackSite,numberOfRobotsOnWhiteSite
28507,23,22
timeStep,numberOfRobotsOnBlackSite,numberOfRobotsOnWhiteSite
28508,23,22
timeStep,numberOfRobotsOnBlackSite,numberOfRobotsOnWhiteSite
28509,23,22
timeStep,numberOfRobotsOnBlackSite,numberOfRobotsOnWhiteSite
28510,23,22
timeStep,numberOfRobotsOnBlackSite,numberOfRobotsOnWhiteSite
28511,23,22
timeStep,numberOfRobotsOnBlackSite,numberOfRobotsOnWhiteSite
28512,23,22
timeStep,numberOfRobotsOnBlackSite,numberOfRobotsOnWhiteSite
28513,23,22
timeStep,numberOfRobotsOnBlackSite,numberOfRobotsOnWhiteSite
28514,23,22
timeStep,numberOfRobotsOnBlackSite,numberOfRobotsOnWhiteSite
28515,23,22
timeStep,numberOfRobotsOnBlackSite,numberOfRobotsOnWhiteSite
28516,23,22
timeStep,numberOfRobotsOnBlackSite,numberOfRobotsOnWhiteSite
28517,23,22
timeStep,numberOfRobotsOnBlackSite,numberOfRobotsOnWhiteSite
28518,23,22
timeStep,numberOfRobotsOnBlackSite,numberOfRobotsOnWhiteSite
28519,23,22
timeStep,numberOfRobotsOnBlackSite,numberOfRobotsOnWhiteSite
28520,23,22
timeStep,numberOfRobotsOnBlackSite,numberOfRobotsOnWhiteSite
28521,23,22
timeStep,numberOfRobotsOnBlackSite,numberOfRobotsOnWhiteSite
28522,23,22
timeStep,numberOfRobotsOnBlackSite,numberOfRobotsOnWhiteSite
28523,23,22
timeStep,numberOfRobotsOnBlackSite,numberOfRobotsOnWhiteSite
28524,23,22
timeStep,numberOfRobotsOnBlackSite,numberOfRobotsOnWhiteSite
28525,23,22
timeStep,numberOfRobotsOnBlackSite,numberOfRobotsOnWhiteSite
28526,23,22
timeStep,numberOfRobotsOnBlackSite,numberOfRobotsOnWhiteSite
28527,23,22
timeStep,numberOfRobotsOnBlackSite,numberOfRobotsOnWhiteSite
28528,23,22
timeStep,numberOfRobotsOnBlackSite,numberOfRobotsOnWhiteSite
28529,23,22
timeStep,numberOfRobotsOnBlackSite,numberOfRobotsOnWhiteSite
28530,23,22
timeStep,numberOfRobotsOnBlackSite,numberOfRobotsOnWhiteSite
28531,23,22
timeStep,numberOfRobotsOnBlackSite,numberOfRobotsOnWhiteSite
28532,23,22
timeStep,numberOfRobotsOnBlackSite,numberOfRobotsOnWhiteSite
28533,23,22
timeStep,numberOfRobotsOnBlackSite,numberOfRobotsOnWhiteSite
28534,23,22
timeStep,numberOfRobotsOnBlackSite,numberOfRobotsOnWhiteSite
28535,23,22
timeStep,numberOfRobotsOnBlackSite,numberOfRobotsOnWhiteSite
28536,23,22
timeStep,numberOfRobotsOnBlackSite,numberOfRobotsOnWhiteSite
28537,23,22
timeStep,numberOfRobotsOnBlackSite,numberOfRobotsOnWhiteSite
28538,23,22
timeStep,numberOfRobotsOnBlackSite,numberOfRobotsOnWhiteSite
28539,23,22
timeStep,numberOfRobotsOnBlackSite,numberOfRobotsOnWhiteSite
28540,23,22
timeStep,numberOfRobotsOnBlackSite,numberOfRobotsOnWhiteSite
28541,23,22
timeStep,numberOfRobotsOnBlackSite,numberOfRobotsOnWhiteSite
28542,23,22
timeStep,numberOfRobotsOnBlackSite,numberOfRobotsOnWhiteSite
28543,23,22
timeStep,numberOfRobotsOnBlackSite,numberOfRobotsOnWhiteSite
28544,23,22
timeStep,numberOfRobotsOnBlackSite,numberOfRobotsOnWhiteSite
28545,23,22
timeStep,numberOfRobotsOnBlackSite,numberOfRobotsOnWhiteSite
28546,23,22
timeStep,numberOfRobotsOnBlackSite,numberOfRobotsOnWhiteSite
28547,23,22
timeStep,numberOfRobotsOnBlackSite,numberOfRobotsOnWhiteSite
28548,23,22
timeStep,numberOfRobotsOnBlackSite,numberOfRobotsOnWhiteSite
28549,23,22
timeStep,numberOfRobotsOnBlackSite,numberOfRobotsOnWhiteSite
28550,23,22
timeStep,numberOfRobotsOnBlackSite,numberOfRobotsOnWhiteSite
28551,23,22
timeStep,numberOfRobotsOnBlackSite,numberOfRobotsOnWhiteSite
28552,23,22
timeStep,numberOfRobotsOnBlackSite,numberOfRobotsOnWhiteSite
28553,23,22
timeStep,numberOfRobotsOnBlackSite,numberOfRobotsOnWhiteSite
28554,23,22
timeStep,numberOfRobotsOnBlackSite,numberOfRobotsOnWhiteSite
28555,23,22
timeStep,numberOfRobotsOnBlackSite,numberOfRobotsOnWhiteSite
28556,23,22
timeStep,numberOfRobotsOnBlackSite,numberOfRobotsOnWhiteSite
28557,23,22
timeStep,numberOfRobotsOnBlackSite,numberOfRobotsOnWhiteSite
28558,23,22
timeStep,numberOfRobotsOnBlackSite,numberOfRobotsOnWhiteSite
28559,23,22
timeStep,numberOfRobotsOnBlackSite,numberOfRobotsOnWhiteSite
28560,23,22
timeStep,numberOfRobotsOnBlackSite,numberOfRobotsOnWhiteSite
28561,23,22
timeStep,numberOfRobotsOnBlackSite,numberOfRobotsOnWhiteSite
28562,23,22
timeStep,numberOfRobotsOnBlackSite,numberOfRobotsOnWhiteSite
28563,23,22
timeStep,numberOfRobotsOnBlackSite,numberOfRobotsOnWhiteSite
28564,23,22
timeStep,numberOfRobotsOnBlackSite,numberOfRobotsOnWhiteSite
28565,23,22
timeStep,numberOfRobotsOnBlackSite,numberOfRobotsOnWhiteSite
28566,23,22
timeStep,numberOfRobotsOnBlackSite,numberOfRobotsOnWhiteSite
28567,23,22
timeStep,numberOfRobotsOnBlackSite,numberOfRobotsOnWhiteSite
28568,23,22
timeStep,numberOfRobotsOnBlackSite,numberOfRobotsOnWhiteSite
28569,23,22
timeStep,numberOfRobotsOnBlackSite,numberOfRobotsOnWhiteSite
28570,23,22
timeStep,numberOfRobotsOnBlackSite,numberOfRobotsOnWhiteSite
28571,23,22
timeStep,numberOfRobotsOnBlackSite,numberOfRobotsOnWhiteSite
28572,23,22
timeStep,numberOfRobotsOnBlackSite,numberOfRobotsOnWhiteSite
28573,23,22
timeStep,numberOfRobotsOnBlackSite,numberOfRobotsOnWhiteSite
28574,23,22
timeStep,numberOfRobotsOnBlackSite,numberOfRobotsOnWhiteSite
28575,23,22
timeStep,numberOfRobotsOnBlackSite,numberOfRobotsOnWhiteSite
28576,23,22
timeStep,numberOfRobotsOnBlackSite,numberOfRobotsOnWhiteSite
28577,23,22
timeStep,numberOfRobotsOnBlackSite,numberOfRobotsOnWhiteSite
28578,23,22
timeStep,numberOfRobotsOnBlackSite,numberOfRobotsOnWhiteSite
28579,23,22
timeStep,numberOfRobotsOnBlackSite,numberOfRobotsOnWhiteSite
28580,23,22
timeStep,numberOfRobotsOnBlackSite,numberOfRobotsOnWhiteSite
28581,23,22
timeStep,numberOfRobotsOnBlackSite,numberOfRobotsOnWhiteSite
28582,23,22
timeStep,numberOfRobotsOnBlackSite,numberOfRobotsOnWhiteSite
28583,23,22
timeStep,numberOfRobotsOnBlackSite,numberOfRobotsOnWhiteSite
28584,23,22
timeStep,numberOfRobotsOnBlackSite,numberOfRobotsOnWhiteSite
28585,23,22
timeStep,numberOfRobotsOnBlackSite,numberOfRobotsOnWhiteSite
28586,23,22
timeStep,numberOfRobotsOnBlackSite,numberOfRobotsOnWhiteSite
28587,23,22
timeStep,numberOfRobotsOnBlackSite,numberOfRobotsOnWhiteSite
28588,23,22
timeStep,numberOfRobotsOnBlackSite,numberOfRobotsOnWhiteSite
28589,23,22
timeStep,numberOfRobotsOnBlackSite,numberOfRobotsOnWhiteSite
28590,23,22
timeStep,numberOfRobotsOnBlackSite,numberOfRobotsOnWhiteSite
28591,23,22
timeStep,numberOfRobotsOnBlackSite,numberOfRobotsOnWhiteSite
28592,23,22
timeStep,numberOfRobotsOnBlackSite,numberOfRobotsOnWhiteSite
28593,23,22
timeStep,numberOfRobotsOnBlackSite,numberOfRobotsOnWhiteSite
28594,23,22
timeStep,numberOfRobotsOnBlackSite,numberOfRobotsOnWhiteSite
28595,23,22
timeStep,numberOfRobotsOnBlackSite,numberOfRobotsOnWhiteSite
28596,23,22
timeStep,numberOfRobotsOnBlackSite,numberOfRobotsOnWhiteSite
28597,23,22
timeStep,numberOfRobotsOnBlackSite,numberOfRobotsOnWhiteSite
28598,23,22
timeStep,numberOfRobotsOnBlackSite,numberOfRobotsOnWhiteSite
28599,23,22
timeStep,numberOfRobotsOnBlackSite,numberOfRobotsOnWhiteSite
28600,23,22
timeStep,numberOfRobotsOnBlackSite,numberOfRobotsOnWhiteSite
28601,23,22
timeStep,numberOfRobotsOnBlackSite,numberOfRobotsOnWhiteSite
28602,23,22
timeStep,numberOfRobotsOnBlackSite,numberOfRobotsOnWhiteSite
28603,23,22
timeStep,numberOfRobotsOnBlackSite,numberOfRobotsOnWhiteSite
28604,23,22
timeStep,numberOfRobotsOnBlackSite,numberOfRobotsOnWhiteSite
28605,23,22
timeStep,numberOfRobotsOnBlackSite,numberOfRobotsOnWhiteSite
28606,23,22
timeStep,numberOfRobotsOnBlackSite,numberOfRobotsOnWhiteSite
28607,23,22
timeStep,numberOfRobotsOnBlackSite,numberOfRobotsOnWhiteSite
28608,23,22
timeStep,numberOfRobotsOnBlackSite,numberOfRobotsOnWhiteSite
28609,23,22
timeStep,numberOfRobotsOnBlackSite,numberOfRobotsOnWhiteSite
28610,23,22
timeStep,numberOfRobotsOnBlackSite,numberOfRobotsOnWhiteSite
28611,23,22
timeStep,numberOfRobotsOnBlackSite,numberOfRobotsOnWhiteSite
28612,23,22
timeStep,numberOfRobotsOnBlackSite,numberOfRobotsOnWhiteSite
28613,23,22
timeStep,numberOfRobotsOnBlackSite,numberOfRobotsOnWhiteSite
28614,23,22
timeStep,numberOfRobotsOnBlackSite,numberOfRobotsOnWhiteSite
28615,23,22
timeStep,numberOfRobotsOnBlackSite,numberOfRobotsOnWhiteSite
28616,23,22
timeStep,numberOfRobotsOnBlackSite,numberOfRobotsOnWhiteSite
28617,23,22
timeStep,numberOfRobotsOnBlackSite,numberOfRobotsOnWhiteSite
28618,23,22
timeStep,numberOfRobotsOnBlackSite,numberOfRobotsOnWhiteSite
28619,23,22
timeStep,numberOfRobotsOnBlackSite,numberOfRobotsOnWhiteSite
28620,23,22
timeStep,numberOfRobotsOnBlackSite,numberOfRobotsOnWhiteSite
28621,23,22
timeStep,numberOfRobotsOnBlackSite,numberOfRobotsOnWhiteSite
28622,23,22
timeStep,numberOfRobotsOnBlackSite,numberOfRobotsOnWhiteSite
28623,23,22
timeStep,numberOfRobotsOnBlackSite,numberOfRobotsOnWhiteSite
28624,23,22
timeStep,numberOfRobotsOnBlackSite,numberOfRobotsOnWhiteSite
28625,23,22
timeStep,numberOfRobotsOnBlackSite,numberOfRobotsOnWhiteSite
28626,23,22
timeStep,numberOfRobotsOnBlackSite,numberOfRobotsOnWhiteSite
28627,23,22
timeStep,numberOfRobotsOnBlackSite,numberOfRobotsOnWhiteSite
28628,23,22
timeStep,numberOfRobotsOnBlackSite,numberOfRobotsOnWhiteSite
28629,23,22
timeStep,numberOfRobotsOnBlackSite,numberOfRobotsOnWhiteSite
28630,23,22
timeStep,numberOfRobotsOnBlackSite,numberOfRobotsOnWhiteSite
28631,23,22
timeStep,numberOfRobotsOnBlackSite,numberOfRobotsOnWhiteSite
28632,23,22
timeStep,numberOfRobotsOnBlackSite,numberOfRobotsOnWhiteSite
28633,23,22
timeStep,numberOfRobotsOnBlackSite,numberOfRobotsOnWhiteSite
28634,23,22
timeStep,numberOfRobotsOnBlackSite,numberOfRobotsOnWhiteSite
28635,23,22
timeStep,numberOfRobotsOnBlackSite,numberOfRobotsOnWhiteSite
28636,23,22
timeStep,numberOfRobotsOnBlackSite,numberOfRobotsOnWhiteSite
28637,23,22
timeStep,numberOfRobotsOnBlackSite,numberOfRobotsOnWhiteSite
28638,23,22
timeStep,numberOfRobotsOnBlackSite,numberOfRobotsOnWhiteSite
28639,23,22
timeStep,numberOfRobotsOnBlackSite,numberOfRobotsOnWhiteSite
28640,23,22
timeStep,numberOfRobotsOnBlackSite,numberOfRobotsOnWhiteSite
28641,23,22
timeStep,numberOfRobotsOnBlackSite,numberOfRobotsOnWhiteSite
28642,23,22
timeStep,numberOfRobotsOnBlackSite,numberOfRobotsOnWhiteSite
28643,23,22
timeStep,numberOfRobotsOnBlackSite,numberOfRobotsOnWhiteSite
28644,23,22
timeStep,numberOfRobotsOnBlackSite,numberOfRobotsOnWhiteSite
28645,23,22
timeStep,numberOfRobotsOnBlackSite,numberOfRobotsOnWhiteSite
28646,23,22
timeStep,numberOfRobotsOnBlackSite,numberOfRobotsOnWhiteSite
28647,23,22
timeStep,numberOfRobotsOnBlackSite,numberOfRobotsOnWhiteSite
28648,23,22
timeStep,numberOfRobotsOnBlackSite,numberOfRobotsOnWhiteSite
28649,23,22
timeStep,numberOfRobotsOnBlackSite,numberOfRobotsOnWhiteSite
28650,23,22
timeStep,numberOfRobotsOnBlackSite,numberOfRobotsOnWhiteSite
28651,23,22
timeStep,numberOfRobotsOnBlackSite,numberOfRobotsOnWhiteSite
28652,23,22
timeStep,numberOfRobotsOnBlackSite,numberOfRobotsOnWhiteSite
28653,23,22
timeStep,numberOfRobotsOnBlackSite,numberOfRobotsOnWhiteSite
28654,23,22
timeStep,numberOfRobotsOnBlackSite,numberOfRobotsOnWhiteSite
28655,23,22
timeStep,numberOfRobotsOnBlackSite,numberOfRobotsOnWhiteSite
28656,23,22
timeStep,numberOfRobotsOnBlackSite,numberOfRobotsOnWhiteSite
28657,23,22
timeStep,numberOfRobotsOnBlackSite,numberOfRobotsOnWhiteSite
28658,23,22
timeStep,numberOfRobotsOnBlackSite,numberOfRobotsOnWhiteSite
28659,23,22
timeStep,numberOfRobotsOnBlackSite,numberOfRobotsOnWhiteSite
28660,23,22
timeStep,numberOfRobotsOnBlackSite,numberOfRobotsOnWhiteSite
28661,23,22
timeStep,numberOfRobotsOnBlackSite,numberOfRobotsOnWhiteSite
28662,23,22
timeStep,numberOfRobotsOnBlackSite,numberOfRobotsOnWhiteSite
28663,23,22
timeStep,numberOfRobotsOnBlackSite,numberOfRobotsOnWhiteSite
28664,23,22
timeStep,numberOfRobotsOnBlackSite,numberOfRobotsOnWhiteSite
28665,23,22
timeStep,numberOfRobotsOnBlackSite,numberOfRobotsOnWhiteSite
28666,23,22
timeStep,numberOfRobotsOnBlackSite,numberOfRobotsOnWhiteSite
28667,23,22
timeStep,numberOfRobotsOnBlackSite,numberOfRobotsOnWhiteSite
28668,23,22
timeStep,numberOfRobotsOnBlackSite,numberOfRobotsOnWhiteSite
28669,23,22
timeStep,numberOfRobotsOnBlackSite,numberOfRobotsOnWhiteSite
28670,23,22
timeStep,numberOfRobotsOnBlackSite,numberOfRobotsOnWhiteSite
28671,23,22
timeStep,numberOfRobotsOnBlackSite,numberOfRobotsOnWhiteSite
28672,23,22
timeStep,numberOfRobotsOnBlackSite,numberOfRobotsOnWhiteSite
28673,23,22
timeStep,numberOfRobotsOnBlackSite,numberOfRobotsOnWhiteSite
28674,23,22
timeStep,numberOfRobotsOnBlackSite,numberOfRobotsOnWhiteSite
28675,23,22
timeStep,numberOfRobotsOnBlackSite,numberOfRobotsOnWhiteSite
28676,23,22
timeStep,numberOfRobotsOnBlackSite,numberOfRobotsOnWhiteSite
28677,23,22
timeStep,numberOfRobotsOnBlackSite,numberOfRobotsOnWhiteSite
28678,23,22
timeStep,numberOfRobotsOnBlackSite,numberOfRobotsOnWhiteSite
28679,23,22
timeStep,numberOfRobotsOnBlackSite,numberOfRobotsOnWhiteSite
28680,23,22
timeStep,numberOfRobotsOnBlackSite,numberOfRobotsOnWhiteSite
28681,23,22
timeStep,numberOfRobotsOnBlackSite,numberOfRobotsOnWhiteSite
28682,23,22
timeStep,numberOfRobotsOnBlackSite,numberOfRobotsOnWhiteSite
28683,23,22
timeStep,numberOfRobotsOnBlackSite,numberOfRobotsOnWhiteSite
28684,23,22
timeStep,numberOfRobotsOnBlackSite,numberOfRobotsOnWhiteSite
28685,23,22
timeStep,numberOfRobotsOnBlackSite,numberOfRobotsOnWhiteSite
28686,23,22
timeStep,numberOfRobotsOnBlackSite,numberOfRobotsOnWhiteSite
28687,23,22
timeStep,numberOfRobotsOnBlackSite,numberOfRobotsOnWhiteSite
28688,23,22
timeStep,numberOfRobotsOnBlackSite,numberOfRobotsOnWhiteSite
28689,23,22
timeStep,numberOfRobotsOnBlackSite,numberOfRobotsOnWhiteSite
28690,23,22
timeStep,numberOfRobotsOnBlackSite,numberOfRobotsOnWhiteSite
28691,23,22
timeStep,numberOfRobotsOnBlackSite,numberOfRobotsOnWhiteSite
28692,23,22
timeStep,numberOfRobotsOnBlackSite,numberOfRobotsOnWhiteSite
28693,23,22
timeStep,numberOfRobotsOnBlackSite,numberOfRobotsOnWhiteSite
28694,23,22
timeStep,numberOfRobotsOnBlackSite,numberOfRobotsOnWhiteSite
28695,23,22
timeStep,numberOfRobotsOnBlackSite,numberOfRobotsOnWhiteSite
28696,23,22
timeStep,numberOfRobotsOnBlackSite,numberOfRobotsOnWhiteSite
28697,23,22
timeStep,numberOfRobotsOnBlackSite,numberOfRobotsOnWhiteSite
28698,23,22
timeStep,numberOfRobotsOnBlackSite,numberOfRobotsOnWhiteSite
28699,23,22
timeStep,numberOfRobotsOnBlackSite,numberOfRobotsOnWhiteSite
28700,23,22
timeStep,numberOfRobotsOnBlackSite,numberOfRobotsOnWhiteSite
28701,23,22
timeStep,numberOfRobotsOnBlackSite,numberOfRobotsOnWhiteSite
28702,23,22
timeStep,numberOfRobotsOnBlackSite,numberOfRobotsOnWhiteSite
28703,23,22
timeStep,numberOfRobotsOnBlackSite,numberOfRobotsOnWhiteSite
28704,23,22
timeStep,numberOfRobotsOnBlackSite,numberOfRobotsOnWhiteSite
28705,23,22
timeStep,numberOfRobotsOnBlackSite,numberOfRobotsOnWhiteSite
28706,23,22
timeStep,numberOfRobotsOnBlackSite,numberOfRobotsOnWhiteSite
28707,23,22
timeStep,numberOfRobotsOnBlackSite,numberOfRobotsOnWhiteSite
28708,23,22
timeStep,numberOfRobotsOnBlackSite,numberOfRobotsOnWhiteSite
28709,23,22
timeStep,numberOfRobotsOnBlackSite,numberOfRobotsOnWhiteSite
28710,23,22
timeStep,numberOfRobotsOnBlackSite,numberOfRobotsOnWhiteSite
28711,23,22
timeStep,numberOfRobotsOnBlackSite,numberOfRobotsOnWhiteSite
28712,23,22
timeStep,numberOfRobotsOnBlackSite,numberOfRobotsOnWhiteSite
28713,23,22
timeStep,numberOfRobotsOnBlackSite,numberOfRobotsOnWhiteSite
28714,23,22
timeStep,numberOfRobotsOnBlackSite,numberOfRobotsOnWhiteSite
28715,23,22
timeStep,numberOfRobotsOnBlackSite,numberOfRobotsOnWhiteSite
28716,23,22
timeStep,numberOfRobotsOnBlackSite,numberOfRobotsOnWhiteSite
28717,23,22
timeStep,numberOfRobotsOnBlackSite,numberOfRobotsOnWhiteSite
28718,23,22
timeStep,numberOfRobotsOnBlackSite,numberOfRobotsOnWhiteSite
28719,23,22
timeStep,numberOfRobotsOnBlackSite,numberOfRobotsOnWhiteSite
28720,23,22
timeStep,numberOfRobotsOnBlackSite,numberOfRobotsOnWhiteSite
28721,23,22
timeStep,numberOfRobotsOnBlackSite,numberOfRobotsOnWhiteSite
28722,23,22
timeStep,numberOfRobotsOnBlackSite,numberOfRobotsOnWhiteSite
28723,23,22
timeStep,numberOfRobotsOnBlackSite,numberOfRobotsOnWhiteSite
28724,23,22
timeStep,numberOfRobotsOnBlackSite,numberOfRobotsOnWhiteSite
28725,23,22
timeStep,numberOfRobotsOnBlackSite,numberOfRobotsOnWhiteSite
28726,23,22
timeStep,numberOfRobotsOnBlackSite,numberOfRobotsOnWhiteSite
28727,23,22
timeStep,numberOfRobotsOnBlackSite,numberOfRobotsOnWhiteSite
28728,23,22
timeStep,numberOfRobotsOnBlackSite,numberOfRobotsOnWhiteSite
28729,23,22
timeStep,numberOfRobotsOnBlackSite,numberOfRobotsOnWhiteSite
28730,23,22
timeStep,numberOfRobotsOnBlackSite,numberOfRobotsOnWhiteSite
28731,23,22
timeStep,numberOfRobotsOnBlackSite,numberOfRobotsOnWhiteSite
28732,23,22
timeStep,numberOfRobotsOnBlackSite,numberOfRobotsOnWhiteSite
28733,23,22
timeStep,numberOfRobotsOnBlackSite,numberOfRobotsOnWhiteSite
28734,23,22
timeStep,numberOfRobotsOnBlackSite,numberOfRobotsOnWhiteSite
28735,23,22
timeStep,numberOfRobotsOnBlackSite,numberOfRobotsOnWhiteSite
28736,23,22
timeStep,numberOfRobotsOnBlackSite,numberOfRobotsOnWhiteSite
28737,23,22
timeStep,numberOfRobotsOnBlackSite,numberOfRobotsOnWhiteSite
28738,23,22
timeStep,numberOfRobotsOnBlackSite,numberOfRobotsOnWhiteSite
28739,23,22
timeStep,numberOfRobotsOnBlackSite,numberOfRobotsOnWhiteSite
28740,23,22
timeStep,numberOfRobotsOnBlackSite,numberOfRobotsOnWhiteSite
28741,23,22
timeStep,numberOfRobotsOnBlackSite,numberOfRobotsOnWhiteSite
28742,23,22
timeStep,numberOfRobotsOnBlackSite,numberOfRobotsOnWhiteSite
28743,23,22
timeStep,numberOfRobotsOnBlackSite,numberOfRobotsOnWhiteSite
28744,23,22
timeStep,numberOfRobotsOnBlackSite,numberOfRobotsOnWhiteSite
28745,23,22
timeStep,numberOfRobotsOnBlackSite,numberOfRobotsOnWhiteSite
28746,23,22
timeStep,numberOfRobotsOnBlackSite,numberOfRobotsOnWhiteSite
28747,23,22
timeStep,numberOfRobotsOnBlackSite,numberOfRobotsOnWhiteSite
28748,23,22
timeStep,numberOfRobotsOnBlackSite,numberOfRobotsOnWhiteSite
28749,23,22
timeStep,numberOfRobotsOnBlackSite,numberOfRobotsOnWhiteSite
28750,23,22
timeStep,numberOfRobotsOnBlackSite,numberOfRobotsOnWhiteSite
28751,23,22
timeStep,numberOfRobotsOnBlackSite,numberOfRobotsOnWhiteSite
28752,23,22
timeStep,numberOfRobotsOnBlackSite,numberOfRobotsOnWhiteSite
28753,23,22
timeStep,numberOfRobotsOnBlackSite,numberOfRobotsOnWhiteSite
28754,23,22
timeStep,numberOfRobotsOnBlackSite,numberOfRobotsOnWhiteSite
28755,23,22
timeStep,numberOfRobotsOnBlackSite,numberOfRobotsOnWhiteSite
28756,23,22
timeStep,numberOfRobotsOnBlackSite,numberOfRobotsOnWhiteSite
28757,23,22
timeStep,numberOfRobotsOnBlackSite,numberOfRobotsOnWhiteSite
28758,23,22
timeStep,numberOfRobotsOnBlackSite,numberOfRobotsOnWhiteSite
28759,23,22
timeStep,numberOfRobotsOnBlackSite,numberOfRobotsOnWhiteSite
28760,23,22
timeStep,numberOfRobotsOnBlackSite,numberOfRobotsOnWhiteSite
28761,23,22
timeStep,numberOfRobotsOnBlackSite,numberOfRobotsOnWhiteSite
28762,23,22
timeStep,numberOfRobotsOnBlackSite,numberOfRobotsOnWhiteSite
28763,23,22
timeStep,numberOfRobotsOnBlackSite,numberOfRobotsOnWhiteSite
28764,23,22
timeStep,numberOfRobotsOnBlackSite,numberOfRobotsOnWhiteSite
28765,23,22
timeStep,numberOfRobotsOnBlackSite,numberOfRobotsOnWhiteSite
28766,23,22
timeStep,numberOfRobotsOnBlackSite,numberOfRobotsOnWhiteSite
28767,23,22
timeStep,numberOfRobotsOnBlackSite,numberOfRobotsOnWhiteSite
28768,23,22
timeStep,numberOfRobotsOnBlackSite,numberOfRobotsOnWhiteSite
28769,23,22
timeStep,numberOfRobotsOnBlackSite,numberOfRobotsOnWhiteSite
28770,23,22
timeStep,numberOfRobotsOnBlackSite,numberOfRobotsOnWhiteSite
28771,23,22
timeStep,numberOfRobotsOnBlackSite,numberOfRobotsOnWhiteSite
28772,23,22
timeStep,numberOfRobotsOnBlackSite,numberOfRobotsOnWhiteSite
28773,23,22
timeStep,numberOfRobotsOnBlackSite,numberOfRobotsOnWhiteSite
28774,23,22
timeStep,numberOfRobotsOnBlackSite,numberOfRobotsOnWhiteSite
28775,23,22
timeStep,numberOfRobotsOnBlackSite,numberOfRobotsOnWhiteSite
28776,23,22
timeStep,numberOfRobotsOnBlackSite,numberOfRobotsOnWhiteSite
28777,23,22
timeStep,numberOfRobotsOnBlackSite,numberOfRobotsOnWhiteSite
28778,23,22
timeStep,numberOfRobotsOnBlackSite,numberOfRobotsOnWhiteSite
28779,23,22
timeStep,numberOfRobotsOnBlackSite,numberOfRobotsOnWhiteSite
28780,23,22
timeStep,numberOfRobotsOnBlackSite,numberOfRobotsOnWhiteSite
28781,23,22
timeStep,numberOfRobotsOnBlackSite,numberOfRobotsOnWhiteSite
28782,23,22
timeStep,numberOfRobotsOnBlackSite,numberOfRobotsOnWhiteSite
28783,23,22
timeStep,numberOfRobotsOnBlackSite,numberOfRobotsOnWhiteSite
28784,23,22
timeStep,numberOfRobotsOnBlackSite,numberOfRobotsOnWhiteSite
28785,23,22
timeStep,numberOfRobotsOnBlackSite,numberOfRobotsOnWhiteSite
28786,23,22
timeStep,numberOfRobotsOnBlackSite,numberOfRobotsOnWhiteSite
28787,23,22
timeStep,numberOfRobotsOnBlackSite,numberOfRobotsOnWhiteSite
28788,23,22
timeStep,numberOfRobotsOnBlackSite,numberOfRobotsOnWhiteSite
28789,23,22
timeStep,numberOfRobotsOnBlackSite,numberOfRobotsOnWhiteSite
28790,23,22
timeStep,numberOfRobotsOnBlackSite,numberOfRobotsOnWhiteSite
28791,23,22
timeStep,numberOfRobotsOnBlackSite,numberOfRobotsOnWhiteSite
28792,23,22
timeStep,numberOfRobotsOnBlackSite,numberOfRobotsOnWhiteSite
28793,23,22
timeStep,numberOfRobotsOnBlackSite,numberOfRobotsOnWhiteSite
28794,23,22
timeStep,numberOfRobotsOnBlackSite,numberOfRobotsOnWhiteSite
28795,23,22
timeStep,numberOfRobotsOnBlackSite,numberOfRobotsOnWhiteSite
28796,23,22
timeStep,numberOfRobotsOnBlackSite,numberOfRobotsOnWhiteSite
28797,23,22
timeStep,numberOfRobotsOnBlackSite,numberOfRobotsOnWhiteSite
28798,23,22
timeStep,numberOfRobotsOnBlackSite,numberOfRobotsOnWhiteSite
28799,23,22
timeStep,numberOfRobotsOnBlackSite,numberOfRobotsOnWhiteSite
28800,23,22
timeStep,numberOfRobotsOnBlackSite,numberOfRobotsOnWhiteSite
28801,23,22
timeStep,numberOfRobotsOnBlackSite,numberOfRobotsOnWhiteSite
28802,23,22
timeStep,numberOfRobotsOnBlackSite,numberOfRobotsOnWhiteSite
28803,23,22
timeStep,numberOfRobotsOnBlackSite,numberOfRobotsOnWhiteSite
28804,23,22
timeStep,numberOfRobotsOnBlackSite,numberOfRobotsOnWhiteSite
28805,23,22
timeStep,numberOfRobotsOnBlackSite,numberOfRobotsOnWhiteSite
28806,23,22
timeStep,numberOfRobotsOnBlackSite,numberOfRobotsOnWhiteSite
28807,23,22
timeStep,numberOfRobotsOnBlackSite,numberOfRobotsOnWhiteSite
28808,23,22
timeStep,numberOfRobotsOnBlackSite,numberOfRobotsOnWhiteSite
28809,23,22
timeStep,numberOfRobotsOnBlackSite,numberOfRobotsOnWhiteSite
28810,23,22
timeStep,numberOfRobotsOnBlackSite,numberOfRobotsOnWhiteSite
28811,23,22
timeStep,numberOfRobotsOnBlackSite,numberOfRobotsOnWhiteSite
28812,23,22
timeStep,numberOfRobotsOnBlackSite,numberOfRobotsOnWhiteSite
28813,23,22
timeStep,numberOfRobotsOnBlackSite,numberOfRobotsOnWhiteSite
28814,23,22
timeStep,numberOfRobotsOnBlackSite,numberOfRobotsOnWhiteSite
28815,23,22
timeStep,numberOfRobotsOnBlackSite,numberOfRobotsOnWhiteSite
28816,23,22
timeStep,numberOfRobotsOnBlackSite,numberOfRobotsOnWhiteSite
28817,23,22
timeStep,numberOfRobotsOnBlackSite,numberOfRobotsOnWhiteSite
28818,23,22
timeStep,numberOfRobotsOnBlackSite,numberOfRobotsOnWhiteSite
28819,23,22
timeStep,numberOfRobotsOnBlackSite,numberOfRobotsOnWhiteSite
28820,23,22
timeStep,numberOfRobotsOnBlackSite,numberOfRobotsOnWhiteSite
28821,23,22
timeStep,numberOfRobotsOnBlackSite,numberOfRobotsOnWhiteSite
28822,23,22
timeStep,numberOfRobotsOnBlackSite,numberOfRobotsOnWhiteSite
28823,23,22
timeStep,numberOfRobotsOnBlackSite,numberOfRobotsOnWhiteSite
28824,23,22
timeStep,numberOfRobotsOnBlackSite,numberOfRobotsOnWhiteSite
28825,23,22
timeStep,numberOfRobotsOnBlackSite,numberOfRobotsOnWhiteSite
28826,23,22
timeStep,numberOfRobotsOnBlackSite,numberOfRobotsOnWhiteSite
28827,23,22
timeStep,numberOfRobotsOnBlackSite,numberOfRobotsOnWhiteSite
28828,23,22
timeStep,numberOfRobotsOnBlackSite,numberOfRobotsOnWhiteSite
28829,23,22
timeStep,numberOfRobotsOnBlackSite,numberOfRobotsOnWhiteSite
28830,23,22
timeStep,numberOfRobotsOnBlackSite,numberOfRobotsOnWhiteSite
28831,23,22
timeStep,numberOfRobotsOnBlackSite,numberOfRobotsOnWhiteSite
28832,23,22
timeStep,numberOfRobotsOnBlackSite,numberOfRobotsOnWhiteSite
28833,23,22
timeStep,numberOfRobotsOnBlackSite,numberOfRobotsOnWhiteSite
28834,23,22
timeStep,numberOfRobotsOnBlackSite,numberOfRobotsOnWhiteSite
28835,23,22
timeStep,numberOfRobotsOnBlackSite,numberOfRobotsOnWhiteSite
28836,23,22
timeStep,numberOfRobotsOnBlackSite,numberOfRobotsOnWhiteSite
28837,23,22
timeStep,numberOfRobotsOnBlackSite,numberOfRobotsOnWhiteSite
28838,23,22
timeStep,numberOfRobotsOnBlackSite,numberOfRobotsOnWhiteSite
28839,23,22
timeStep,numberOfRobotsOnBlackSite,numberOfRobotsOnWhiteSite
28840,23,22
timeStep,numberOfRobotsOnBlackSite,numberOfRobotsOnWhiteSite
28841,23,22
timeStep,numberOfRobotsOnBlackSite,numberOfRobotsOnWhiteSite
28842,23,22
timeStep,numberOfRobotsOnBlackSite,numberOfRobotsOnWhiteSite
28843,23,22
timeStep,numberOfRobotsOnBlackSite,numberOfRobotsOnWhiteSite
28844,23,22
timeStep,numberOfRobotsOnBlackSite,numberOfRobotsOnWhiteSite
28845,23,22
timeStep,numberOfRobotsOnBlackSite,numberOfRobotsOnWhiteSite
28846,23,22
timeStep,numberOfRobotsOnBlackSite,numberOfRobotsOnWhiteSite
28847,23,22
timeStep,numberOfRobotsOnBlackSite,numberOfRobotsOnWhiteSite
28848,23,22
timeStep,numberOfRobotsOnBlackSite,numberOfRobotsOnWhiteSite
28849,23,22
timeStep,numberOfRobotsOnBlackSite,numberOfRobotsOnWhiteSite
28850,23,22
timeStep,numberOfRobotsOnBlackSite,numberOfRobotsOnWhiteSite
28851,23,22
timeStep,numberOfRobotsOnBlackSite,numberOfRobotsOnWhiteSite
28852,23,22
timeStep,numberOfRobotsOnBlackSite,numberOfRobotsOnWhiteSite
28853,23,22
timeStep,numberOfRobotsOnBlackSite,numberOfRobotsOnWhiteSite
28854,23,22
timeStep,numberOfRobotsOnBlackSite,numberOfRobotsOnWhiteSite
28855,23,22
timeStep,numberOfRobotsOnBlackSite,numberOfRobotsOnWhiteSite
28856,23,22
timeStep,numberOfRobotsOnBlackSite,numberOfRobotsOnWhiteSite
28857,23,22
timeStep,numberOfRobotsOnBlackSite,numberOfRobotsOnWhiteSite
28858,23,22
timeStep,numberOfRobotsOnBlackSite,numberOfRobotsOnWhiteSite
28859,23,22
timeStep,numberOfRobotsOnBlackSite,numberOfRobotsOnWhiteSite
28860,23,22
timeStep,numberOfRobotsOnBlackSite,numberOfRobotsOnWhiteSite
28861,23,22
timeStep,numberOfRobotsOnBlackSite,numberOfRobotsOnWhiteSite
28862,23,22
timeStep,numberOfRobotsOnBlackSite,numberOfRobotsOnWhiteSite
28863,23,22
timeStep,numberOfRobotsOnBlackSite,numberOfRobotsOnWhiteSite
28864,23,22
timeStep,numberOfRobotsOnBlackSite,numberOfRobotsOnWhiteSite
28865,23,22
timeStep,numberOfRobotsOnBlackSite,numberOfRobotsOnWhiteSite
28866,23,22
timeStep,numberOfRobotsOnBlackSite,numberOfRobotsOnWhiteSite
28867,23,22
timeStep,numberOfRobotsOnBlackSite,numberOfRobotsOnWhiteSite
28868,23,22
timeStep,numberOfRobotsOnBlackSite,numberOfRobotsOnWhiteSite
28869,23,22
timeStep,numberOfRobotsOnBlackSite,numberOfRobotsOnWhiteSite
28870,23,22
timeStep,numberOfRobotsOnBlackSite,numberOfRobotsOnWhiteSite
28871,23,22
timeStep,numberOfRobotsOnBlackSite,numberOfRobotsOnWhiteSite
28872,23,22
timeStep,numberOfRobotsOnBlackSite,numberOfRobotsOnWhiteSite
28873,23,22
timeStep,numberOfRobotsOnBlackSite,numberOfRobotsOnWhiteSite
28874,23,22
timeStep,numberOfRobotsOnBlackSite,numberOfRobotsOnWhiteSite
28875,23,22
timeStep,numberOfRobotsOnBlackSite,numberOfRobotsOnWhiteSite
28876,23,22
timeStep,numberOfRobotsOnBlackSite,numberOfRobotsOnWhiteSite
28877,23,22
timeStep,numberOfRobotsOnBlackSite,numberOfRobotsOnWhiteSite
28878,23,22
timeStep,numberOfRobotsOnBlackSite,numberOfRobotsOnWhiteSite
28879,23,22
timeStep,numberOfRobotsOnBlackSite,numberOfRobotsOnWhiteSite
28880,23,22
timeStep,numberOfRobotsOnBlackSite,numberOfRobotsOnWhiteSite
28881,23,22
timeStep,numberOfRobotsOnBlackSite,numberOfRobotsOnWhiteSite
28882,23,22
timeStep,numberOfRobotsOnBlackSite,numberOfRobotsOnWhiteSite
28883,23,22
timeStep,numberOfRobotsOnBlackSite,numberOfRobotsOnWhiteSite
28884,23,22
timeStep,numberOfRobotsOnBlackSite,numberOfRobotsOnWhiteSite
28885,23,22
timeStep,numberOfRobotsOnBlackSite,numberOfRobotsOnWhiteSite
28886,23,22
timeStep,numberOfRobotsOnBlackSite,numberOfRobotsOnWhiteSite
28887,23,22
timeStep,numberOfRobotsOnBlackSite,numberOfRobotsOnWhiteSite
28888,23,22
timeStep,numberOfRobotsOnBlackSite,numberOfRobotsOnWhiteSite
28889,23,22
timeStep,numberOfRobotsOnBlackSite,numberOfRobotsOnWhiteSite
28890,23,22
timeStep,numberOfRobotsOnBlackSite,numberOfRobotsOnWhiteSite
28891,23,22
timeStep,numberOfRobotsOnBlackSite,numberOfRobotsOnWhiteSite
28892,23,22
timeStep,numberOfRobotsOnBlackSite,numberOfRobotsOnWhiteSite
28893,23,22
timeStep,numberOfRobotsOnBlackSite,numberOfRobotsOnWhiteSite
28894,23,22
timeStep,numberOfRobotsOnBlackSite,numberOfRobotsOnWhiteSite
28895,23,22
timeStep,numberOfRobotsOnBlackSite,numberOfRobotsOnWhiteSite
28896,23,22
timeStep,numberOfRobotsOnBlackSite,numberOfRobotsOnWhiteSite
28897,23,22
timeStep,numberOfRobotsOnBlackSite,numberOfRobotsOnWhiteSite
28898,23,22
timeStep,numberOfRobotsOnBlackSite,numberOfRobotsOnWhiteSite
28899,23,22
timeStep,numberOfRobotsOnBlackSite,numberOfRobotsOnWhiteSite
28900,23,22
timeStep,numberOfRobotsOnBlackSite,numberOfRobotsOnWhiteSite
28901,23,22
timeStep,numberOfRobotsOnBlackSite,numberOfRobotsOnWhiteSite
28902,23,22
timeStep,numberOfRobotsOnBlackSite,numberOfRobotsOnWhiteSite
28903,23,22
timeStep,numberOfRobotsOnBlackSite,numberOfRobotsOnWhiteSite
28904,23,22
timeStep,numberOfRobotsOnBlackSite,numberOfRobotsOnWhiteSite
28905,23,22
timeStep,numberOfRobotsOnBlackSite,numberOfRobotsOnWhiteSite
28906,23,22
timeStep,numberOfRobotsOnBlackSite,numberOfRobotsOnWhiteSite
28907,23,22
timeStep,numberOfRobotsOnBlackSite,numberOfRobotsOnWhiteSite
28908,23,22
timeStep,numberOfRobotsOnBlackSite,numberOfRobotsOnWhiteSite
28909,23,22
timeStep,numberOfRobotsOnBlackSite,numberOfRobotsOnWhiteSite
28910,23,22
timeStep,numberOfRobotsOnBlackSite,numberOfRobotsOnWhiteSite
28911,23,22
timeStep,numberOfRobotsOnBlackSite,numberOfRobotsOnWhiteSite
28912,23,22
timeStep,numberOfRobotsOnBlackSite,numberOfRobotsOnWhiteSite
28913,23,22
timeStep,numberOfRobotsOnBlackSite,numberOfRobotsOnWhiteSite
28914,23,22
timeStep,numberOfRobotsOnBlackSite,numberOfRobotsOnWhiteSite
28915,23,22
timeStep,numberOfRobotsOnBlackSite,numberOfRobotsOnWhiteSite
28916,23,22
timeStep,numberOfRobotsOnBlackSite,numberOfRobotsOnWhiteSite
28917,23,22
timeStep,numberOfRobotsOnBlackSite,numberOfRobotsOnWhiteSite
28918,23,22
timeStep,numberOfRobotsOnBlackSite,numberOfRobotsOnWhiteSite
28919,23,22
timeStep,numberOfRobotsOnBlackSite,numberOfRobotsOnWhiteSite
28920,23,22
timeStep,numberOfRobotsOnBlackSite,numberOfRobotsOnWhiteSite
28921,23,22
timeStep,numberOfRobotsOnBlackSite,numberOfRobotsOnWhiteSite
28922,23,22
timeStep,numberOfRobotsOnBlackSite,numberOfRobotsOnWhiteSite
28923,23,22
timeStep,numberOfRobotsOnBlackSite,numberOfRobotsOnWhiteSite
28924,23,22
timeStep,numberOfRobotsOnBlackSite,numberOfRobotsOnWhiteSite
28925,23,22
timeStep,numberOfRobotsOnBlackSite,numberOfRobotsOnWhiteSite
28926,23,22
timeStep,numberOfRobotsOnBlackSite,numberOfRobotsOnWhiteSite
28927,23,22
timeStep,numberOfRobotsOnBlackSite,numberOfRobotsOnWhiteSite
28928,23,22
timeStep,numberOfRobotsOnBlackSite,numberOfRobotsOnWhiteSite
28929,23,22
timeStep,numberOfRobotsOnBlackSite,numberOfRobotsOnWhiteSite
28930,23,22
timeStep,numberOfRobotsOnBlackSite,numberOfRobotsOnWhiteSite
28931,23,22
timeStep,numberOfRobotsOnBlackSite,numberOfRobotsOnWhiteSite
28932,23,22
timeStep,numberOfRobotsOnBlackSite,numberOfRobotsOnWhiteSite
28933,23,22
timeStep,numberOfRobotsOnBlackSite,numberOfRobotsOnWhiteSite
28934,23,22
timeStep,numberOfRobotsOnBlackSite,numberOfRobotsOnWhiteSite
28935,23,22
timeStep,numberOfRobotsOnBlackSite,numberOfRobotsOnWhiteSite
28936,23,22
timeStep,numberOfRobotsOnBlackSite,numberOfRobotsOnWhiteSite
28937,23,22
timeStep,numberOfRobotsOnBlackSite,numberOfRobotsOnWhiteSite
28938,23,22
timeStep,numberOfRobotsOnBlackSite,numberOfRobotsOnWhiteSite
28939,23,22
timeStep,numberOfRobotsOnBlackSite,numberOfRobotsOnWhiteSite
28940,23,22
timeStep,numberOfRobotsOnBlackSite,numberOfRobotsOnWhiteSite
28941,23,22
timeStep,numberOfRobotsOnBlackSite,numberOfRobotsOnWhiteSite
28942,23,22
timeStep,numberOfRobotsOnBlackSite,numberOfRobotsOnWhiteSite
28943,23,22
timeStep,numberOfRobotsOnBlackSite,numberOfRobotsOnWhiteSite
28944,23,22
timeStep,numberOfRobotsOnBlackSite,numberOfRobotsOnWhiteSite
28945,23,22
timeStep,numberOfRobotsOnBlackSite,numberOfRobotsOnWhiteSite
28946,23,22
timeStep,numberOfRobotsOnBlackSite,numberOfRobotsOnWhiteSite
28947,23,22
timeStep,numberOfRobotsOnBlackSite,numberOfRobotsOnWhiteSite
28948,23,22
timeStep,numberOfRobotsOnBlackSite,numberOfRobotsOnWhiteSite
28949,23,22
timeStep,numberOfRobotsOnBlackSite,numberOfRobotsOnWhiteSite
28950,23,22
timeStep,numberOfRobotsOnBlackSite,numberOfRobotsOnWhiteSite
28951,23,22
timeStep,numberOfRobotsOnBlackSite,numberOfRobotsOnWhiteSite
28952,23,22
timeStep,numberOfRobotsOnBlackSite,numberOfRobotsOnWhiteSite
28953,23,22
timeStep,numberOfRobotsOnBlackSite,numberOfRobotsOnWhiteSite
28954,23,22
timeStep,numberOfRobotsOnBlackSite,numberOfRobotsOnWhiteSite
28955,23,22
timeStep,numberOfRobotsOnBlackSite,numberOfRobotsOnWhiteSite
28956,23,22
timeStep,numberOfRobotsOnBlackSite,numberOfRobotsOnWhiteSite
28957,23,22
timeStep,numberOfRobotsOnBlackSite,numberOfRobotsOnWhiteSite
28958,23,22
timeStep,numberOfRobotsOnBlackSite,numberOfRobotsOnWhiteSite
28959,23,22
timeStep,numberOfRobotsOnBlackSite,numberOfRobotsOnWhiteSite
28960,23,22
timeStep,numberOfRobotsOnBlackSite,numberOfRobotsOnWhiteSite
28961,23,22
timeStep,numberOfRobotsOnBlackSite,numberOfRobotsOnWhiteSite
28962,23,22
timeStep,numberOfRobotsOnBlackSite,numberOfRobotsOnWhiteSite
28963,23,22
timeStep,numberOfRobotsOnBlackSite,numberOfRobotsOnWhiteSite
28964,23,22
timeStep,numberOfRobotsOnBlackSite,numberOfRobotsOnWhiteSite
28965,23,22
timeStep,numberOfRobotsOnBlackSite,numberOfRobotsOnWhiteSite
28966,23,22
timeStep,numberOfRobotsOnBlackSite,numberOfRobotsOnWhiteSite
28967,23,22
timeStep,numberOfRobotsOnBlackSite,numberOfRobotsOnWhiteSite
28968,23,22
timeStep,numberOfRobotsOnBlackSite,numberOfRobotsOnWhiteSite
28969,23,22
timeStep,numberOfRobotsOnBlackSite,numberOfRobotsOnWhiteSite
28970,23,22
timeStep,numberOfRobotsOnBlackSite,numberOfRobotsOnWhiteSite
28971,23,22
timeStep,numberOfRobotsOnBlackSite,numberOfRobotsOnWhiteSite
28972,23,22
timeStep,numberOfRobotsOnBlackSite,numberOfRobotsOnWhiteSite
28973,23,22
timeStep,numberOfRobotsOnBlackSite,numberOfRobotsOnWhiteSite
28974,23,22
timeStep,numberOfRobotsOnBlackSite,numberOfRobotsOnWhiteSite
28975,23,22
timeStep,numberOfRobotsOnBlackSite,numberOfRobotsOnWhiteSite
28976,23,22
timeStep,numberOfRobotsOnBlackSite,numberOfRobotsOnWhiteSite
28977,23,22
timeStep,numberOfRobotsOnBlackSite,numberOfRobotsOnWhiteSite
28978,23,22
timeStep,numberOfRobotsOnBlackSite,numberOfRobotsOnWhiteSite
28979,23,22
timeStep,numberOfRobotsOnBlackSite,numberOfRobotsOnWhiteSite
28980,23,22
timeStep,numberOfRobotsOnBlackSite,numberOfRobotsOnWhiteSite
28981,23,22
timeStep,numberOfRobotsOnBlackSite,numberOfRobotsOnWhiteSite
28982,23,22
timeStep,numberOfRobotsOnBlackSite,numberOfRobotsOnWhiteSite
28983,23,22
timeStep,numberOfRobotsOnBlackSite,numberOfRobotsOnWhiteSite
28984,23,22
timeStep,numberOfRobotsOnBlackSite,numberOfRobotsOnWhiteSite
28985,23,22
timeStep,numberOfRobotsOnBlackSite,numberOfRobotsOnWhiteSite
28986,23,22
timeStep,numberOfRobotsOnBlackSite,numberOfRobotsOnWhiteSite
28987,23,22
timeStep,numberOfRobotsOnBlackSite,numberOfRobotsOnWhiteSite
28988,23,22
timeStep,numberOfRobotsOnBlackSite,numberOfRobotsOnWhiteSite
28989,23,22
timeStep,numberOfRobotsOnBlackSite,numberOfRobotsOnWhiteSite
28990,23,22
timeStep,numberOfRobotsOnBlackSite,numberOfRobotsOnWhiteSite
28991,23,22
timeStep,numberOfRobotsOnBlackSite,numberOfRobotsOnWhiteSite
28992,23,22
timeStep,numberOfRobotsOnBlackSite,numberOfRobotsOnWhiteSite
28993,23,22
timeStep,numberOfRobotsOnBlackSite,numberOfRobotsOnWhiteSite
28994,23,22
timeStep,numberOfRobotsOnBlackSite,numberOfRobotsOnWhiteSite
28995,23,22
timeStep,numberOfRobotsOnBlackSite,numberOfRobotsOnWhiteSite
28996,23,22
timeStep,numberOfRobotsOnBlackSite,numberOfRobotsOnWhiteSite
28997,23,22
timeStep,numberOfRobotsOnBlackSite,numberOfRobotsOnWhiteSite
28998,23,22
timeStep,numberOfRobotsOnBlackSite,numberOfRobotsOnWhiteSite
28999,23,22
timeStep,numberOfRobotsOnBlackSite,numberOfRobotsOnWhiteSite
29000,23,22
timeStep,numberOfRobotsOnBlackSite,numberOfRobotsOnWhiteSite
29001,23,22
timeStep,numberOfRobotsOnBlackSite,numberOfRobotsOnWhiteSite
29002,23,22
timeStep,numberOfRobotsOnBlackSite,numberOfRobotsOnWhiteSite
29003,23,22
timeStep,numberOfRobotsOnBlackSite,numberOfRobotsOnWhiteSite
29004,23,22
timeStep,numberOfRobotsOnBlackSite,numberOfRobotsOnWhiteSite
29005,23,22
timeStep,numberOfRobotsOnBlackSite,numberOfRobotsOnWhiteSite
29006,23,22
timeStep,numberOfRobotsOnBlackSite,numberOfRobotsOnWhiteSite
29007,23,22
timeStep,numberOfRobotsOnBlackSite,numberOfRobotsOnWhiteSite
29008,23,22
timeStep,numberOfRobotsOnBlackSite,numberOfRobotsOnWhiteSite
29009,23,22
timeStep,numberOfRobotsOnBlackSite,numberOfRobotsOnWhiteSite
29010,23,22
timeStep,numberOfRobotsOnBlackSite,numberOfRobotsOnWhiteSite
29011,23,22
timeStep,numberOfRobotsOnBlackSite,numberOfRobotsOnWhiteSite
29012,23,22
timeStep,numberOfRobotsOnBlackSite,numberOfRobotsOnWhiteSite
29013,23,22
timeStep,numberOfRobotsOnBlackSite,numberOfRobotsOnWhiteSite
29014,23,22
timeStep,numberOfRobotsOnBlackSite,numberOfRobotsOnWhiteSite
29015,23,22
timeStep,numberOfRobotsOnBlackSite,numberOfRobotsOnWhiteSite
29016,23,22
timeStep,numberOfRobotsOnBlackSite,numberOfRobotsOnWhiteSite
29017,23,22
timeStep,numberOfRobotsOnBlackSite,numberOfRobotsOnWhiteSite
29018,23,22
timeStep,numberOfRobotsOnBlackSite,numberOfRobotsOnWhiteSite
29019,23,22
timeStep,numberOfRobotsOnBlackSite,numberOfRobotsOnWhiteSite
29020,23,22
timeStep,numberOfRobotsOnBlackSite,numberOfRobotsOnWhiteSite
29021,23,22
timeStep,numberOfRobotsOnBlackSite,numberOfRobotsOnWhiteSite
29022,23,22
timeStep,numberOfRobotsOnBlackSite,numberOfRobotsOnWhiteSite
29023,23,22
timeStep,numberOfRobotsOnBlackSite,numberOfRobotsOnWhiteSite
29024,23,22
timeStep,numberOfRobotsOnBlackSite,numberOfRobotsOnWhiteSite
29025,23,22
timeStep,numberOfRobotsOnBlackSite,numberOfRobotsOnWhiteSite
29026,23,22
timeStep,numberOfRobotsOnBlackSite,numberOfRobotsOnWhiteSite
29027,23,22
timeStep,numberOfRobotsOnBlackSite,numberOfRobotsOnWhiteSite
29028,23,22
timeStep,numberOfRobotsOnBlackSite,numberOfRobotsOnWhiteSite
29029,23,22
timeStep,numberOfRobotsOnBlackSite,numberOfRobotsOnWhiteSite
29030,23,22
timeStep,numberOfRobotsOnBlackSite,numberOfRobotsOnWhiteSite
29031,23,22
timeStep,numberOfRobotsOnBlackSite,numberOfRobotsOnWhiteSite
29032,23,22
timeStep,numberOfRobotsOnBlackSite,numberOfRobotsOnWhiteSite
29033,23,22
timeStep,numberOfRobotsOnBlackSite,numberOfRobotsOnWhiteSite
29034,23,22
timeStep,numberOfRobotsOnBlackSite,numberOfRobotsOnWhiteSite
29035,23,22
timeStep,numberOfRobotsOnBlackSite,numberOfRobotsOnWhiteSite
29036,23,22
timeStep,numberOfRobotsOnBlackSite,numberOfRobotsOnWhiteSite
29037,23,22
timeStep,numberOfRobotsOnBlackSite,numberOfRobotsOnWhiteSite
29038,23,22
timeStep,numberOfRobotsOnBlackSite,numberOfRobotsOnWhiteSite
29039,23,22
timeStep,numberOfRobotsOnBlackSite,numberOfRobotsOnWhiteSite
29040,23,22
timeStep,numberOfRobotsOnBlackSite,numberOfRobotsOnWhiteSite
29041,23,22
timeStep,numberOfRobotsOnBlackSite,numberOfRobotsOnWhiteSite
29042,23,22
timeStep,numberOfRobotsOnBlackSite,numberOfRobotsOnWhiteSite
29043,23,22
timeStep,numberOfRobotsOnBlackSite,numberOfRobotsOnWhiteSite
29044,23,22
timeStep,numberOfRobotsOnBlackSite,numberOfRobotsOnWhiteSite
29045,23,22
timeStep,numberOfRobotsOnBlackSite,numberOfRobotsOnWhiteSite
29046,23,22
timeStep,numberOfRobotsOnBlackSite,numberOfRobotsOnWhiteSite
29047,23,22
timeStep,numberOfRobotsOnBlackSite,numberOfRobotsOnWhiteSite
29048,23,22
timeStep,numberOfRobotsOnBlackSite,numberOfRobotsOnWhiteSite
29049,23,22
timeStep,numberOfRobotsOnBlackSite,numberOfRobotsOnWhiteSite
29050,23,22
timeStep,numberOfRobotsOnBlackSite,numberOfRobotsOnWhiteSite
29051,23,22
timeStep,numberOfRobotsOnBlackSite,numberOfRobotsOnWhiteSite
29052,23,22
timeStep,numberOfRobotsOnBlackSite,numberOfRobotsOnWhiteSite
29053,23,22
timeStep,numberOfRobotsOnBlackSite,numberOfRobotsOnWhiteSite
29054,23,22
timeStep,numberOfRobotsOnBlackSite,numberOfRobotsOnWhiteSite
29055,23,22
timeStep,numberOfRobotsOnBlackSite,numberOfRobotsOnWhiteSite
29056,23,22
timeStep,numberOfRobotsOnBlackSite,numberOfRobotsOnWhiteSite
29057,23,22
timeStep,numberOfRobotsOnBlackSite,numberOfRobotsOnWhiteSite
29058,23,22
timeStep,numberOfRobotsOnBlackSite,numberOfRobotsOnWhiteSite
29059,23,22
timeStep,numberOfRobotsOnBlackSite,numberOfRobotsOnWhiteSite
29060,23,22
timeStep,numberOfRobotsOnBlackSite,numberOfRobotsOnWhiteSite
29061,23,22
timeStep,numberOfRobotsOnBlackSite,numberOfRobotsOnWhiteSite
29062,23,22
timeStep,numberOfRobotsOnBlackSite,numberOfRobotsOnWhiteSite
29063,23,22
timeStep,numberOfRobotsOnBlackSite,numberOfRobotsOnWhiteSite
29064,23,22
timeStep,numberOfRobotsOnBlackSite,numberOfRobotsOnWhiteSite
29065,23,22
timeStep,numberOfRobotsOnBlackSite,numberOfRobotsOnWhiteSite
29066,23,22
timeStep,numberOfRobotsOnBlackSite,numberOfRobotsOnWhiteSite
29067,23,22
timeStep,numberOfRobotsOnBlackSite,numberOfRobotsOnWhiteSite
29068,23,22
timeStep,numberOfRobotsOnBlackSite,numberOfRobotsOnWhiteSite
29069,23,22
timeStep,numberOfRobotsOnBlackSite,numberOfRobotsOnWhiteSite
29070,23,22
timeStep,numberOfRobotsOnBlackSite,numberOfRobotsOnWhiteSite
29071,23,22
timeStep,numberOfRobotsOnBlackSite,numberOfRobotsOnWhiteSite
29072,23,22
timeStep,numberOfRobotsOnBlackSite,numberOfRobotsOnWhiteSite
29073,23,22
timeStep,numberOfRobotsOnBlackSite,numberOfRobotsOnWhiteSite
29074,23,22
timeStep,numberOfRobotsOnBlackSite,numberOfRobotsOnWhiteSite
29075,23,22
timeStep,numberOfRobotsOnBlackSite,numberOfRobotsOnWhiteSite
29076,23,22
timeStep,numberOfRobotsOnBlackSite,numberOfRobotsOnWhiteSite
29077,23,22
timeStep,numberOfRobotsOnBlackSite,numberOfRobotsOnWhiteSite
29078,23,22
timeStep,numberOfRobotsOnBlackSite,numberOfRobotsOnWhiteSite
29079,23,22
timeStep,numberOfRobotsOnBlackSite,numberOfRobotsOnWhiteSite
29080,23,22
timeStep,numberOfRobotsOnBlackSite,numberOfRobotsOnWhiteSite
29081,23,22
timeStep,numberOfRobotsOnBlackSite,numberOfRobotsOnWhiteSite
29082,23,22
timeStep,numberOfRobotsOnBlackSite,numberOfRobotsOnWhiteSite
29083,23,22
timeStep,numberOfRobotsOnBlackSite,numberOfRobotsOnWhiteSite
29084,23,22
timeStep,numberOfRobotsOnBlackSite,numberOfRobotsOnWhiteSite
29085,23,22
timeStep,numberOfRobotsOnBlackSite,numberOfRobotsOnWhiteSite
29086,23,22
timeStep,numberOfRobotsOnBlackSite,numberOfRobotsOnWhiteSite
29087,23,22
timeStep,numberOfRobotsOnBlackSite,numberOfRobotsOnWhiteSite
29088,23,22
timeStep,numberOfRobotsOnBlackSite,numberOfRobotsOnWhiteSite
29089,23,22
timeStep,numberOfRobotsOnBlackSite,numberOfRobotsOnWhiteSite
29090,23,22
timeStep,numberOfRobotsOnBlackSite,numberOfRobotsOnWhiteSite
29091,23,22
timeStep,numberOfRobotsOnBlackSite,numberOfRobotsOnWhiteSite
29092,23,22
timeStep,numberOfRobotsOnBlackSite,numberOfRobotsOnWhiteSite
29093,23,22
timeStep,numberOfRobotsOnBlackSite,numberOfRobotsOnWhiteSite
29094,23,22
timeStep,numberOfRobotsOnBlackSite,numberOfRobotsOnWhiteSite
29095,24,22
timeStep,numberOfRobotsOnBlackSite,numberOfRobotsOnWhiteSite
29096,24,22
timeStep,numberOfRobotsOnBlackSite,numberOfRobotsOnWhiteSite
29097,24,22
timeStep,numberOfRobotsOnBlackSite,numberOfRobotsOnWhiteSite
29098,24,22
timeStep,numberOfRobotsOnBlackSite,numberOfRobotsOnWhiteSite
29099,24,22
timeStep,numberOfRobotsOnBlackSite,numberOfRobotsOnWhiteSite
29100,24,22
timeStep,numberOfRobotsOnBlackSite,numberOfRobotsOnWhiteSite
29101,24,22
timeStep,numberOfRobotsOnBlackSite,numberOfRobotsOnWhiteSite
29102,24,22
timeStep,numberOfRobotsOnBlackSite,numberOfRobotsOnWhiteSite
29103,24,22
timeStep,numberOfRobotsOnBlackSite,numberOfRobotsOnWhiteSite
29104,24,22
timeStep,numberOfRobotsOnBlackSite,numberOfRobotsOnWhiteSite
29105,24,22
timeStep,numberOfRobotsOnBlackSite,numberOfRobotsOnWhiteSite
29106,24,22
timeStep,numberOfRobotsOnBlackSite,numberOfRobotsOnWhiteSite
29107,24,22
timeStep,numberOfRobotsOnBlackSite,numberOfRobotsOnWhiteSite
29108,24,22
timeStep,numberOfRobotsOnBlackSite,numberOfRobotsOnWhiteSite
29109,24,22
timeStep,numberOfRobotsOnBlackSite,numberOfRobotsOnWhiteSite
29110,24,22
timeStep,numberOfRobotsOnBlackSite,numberOfRobotsOnWhiteSite
29111,24,22
timeStep,numberOfRobotsOnBlackSite,numberOfRobotsOnWhiteSite
29112,24,22
timeStep,numberOfRobotsOnBlackSite,numberOfRobotsOnWhiteSite
29113,24,22
timeStep,numberOfRobotsOnBlackSite,numberOfRobotsOnWhiteSite
29114,24,22
timeStep,numberOfRobotsOnBlackSite,numberOfRobotsOnWhiteSite
29115,24,22
timeStep,numberOfRobotsOnBlackSite,numberOfRobotsOnWhiteSite
29116,24,22
timeStep,numberOfRobotsOnBlackSite,numberOfRobotsOnWhiteSite
29117,24,22
timeStep,numberOfRobotsOnBlackSite,numberOfRobotsOnWhiteSite
29118,24,22
timeStep,numberOfRobotsOnBlackSite,numberOfRobotsOnWhiteSite
29119,24,22
timeStep,numberOfRobotsOnBlackSite,numberOfRobotsOnWhiteSite
29120,24,22
timeStep,numberOfRobotsOnBlackSite,numberOfRobotsOnWhiteSite
29121,24,22
timeStep,numberOfRobotsOnBlackSite,numberOfRobotsOnWhiteSite
29122,24,22
timeStep,numberOfRobotsOnBlackSite,numberOfRobotsOnWhiteSite
29123,24,22
timeStep,numberOfRobotsOnBlackSite,numberOfRobotsOnWhiteSite
29124,24,22
timeStep,numberOfRobotsOnBlackSite,numberOfRobotsOnWhiteSite
29125,24,22
timeStep,numberOfRobotsOnBlackSite,numberOfRobotsOnWhiteSite
29126,24,22
timeStep,numberOfRobotsOnBlackSite,numberOfRobotsOnWhiteSite
29127,24,22
timeStep,numberOfRobotsOnBlackSite,numberOfRobotsOnWhiteSite
29128,24,22
timeStep,numberOfRobotsOnBlackSite,numberOfRobotsOnWhiteSite
29129,24,22
timeStep,numberOfRobotsOnBlackSite,numberOfRobotsOnWhiteSite
29130,24,22
timeStep,numberOfRobotsOnBlackSite,numberOfRobotsOnWhiteSite
29131,24,22
timeStep,numberOfRobotsOnBlackSite,numberOfRobotsOnWhiteSite
29132,24,22
timeStep,numberOfRobotsOnBlackSite,numberOfRobotsOnWhiteSite
29133,24,22
timeStep,numberOfRobotsOnBlackSite,numberOfRobotsOnWhiteSite
29134,24,22
timeStep,numberOfRobotsOnBlackSite,numberOfRobotsOnWhiteSite
29135,24,22
timeStep,numberOfRobotsOnBlackSite,numberOfRobotsOnWhiteSite
29136,24,22
timeStep,numberOfRobotsOnBlackSite,numberOfRobotsOnWhiteSite
29137,24,22
timeStep,numberOfRobotsOnBlackSite,numberOfRobotsOnWhiteSite
29138,24,22
timeStep,numberOfRobotsOnBlackSite,numberOfRobotsOnWhiteSite
29139,24,22
timeStep,numberOfRobotsOnBlackSite,numberOfRobotsOnWhiteSite
29140,24,21
timeStep,numberOfRobotsOnBlackSite,numberOfRobotsOnWhiteSite
29141,24,21
timeStep,numberOfRobotsOnBlackSite,numberOfRobotsOnWhiteSite
29142,24,21
timeStep,numberOfRobotsOnBlackSite,numberOfRobotsOnWhiteSite
29143,24,21
timeStep,numberOfRobotsOnBlackSite,numberOfRobotsOnWhiteSite
29144,24,21
timeStep,numberOfRobotsOnBlackSite,numberOfRobotsOnWhiteSite
29145,24,21
timeStep,numberOfRobotsOnBlackSite,numberOfRobotsOnWhiteSite
29146,24,21
timeStep,numberOfRobotsOnBlackSite,numberOfRobotsOnWhiteSite
29147,24,21
timeStep,numberOfRobotsOnBlackSite,numberOfRobotsOnWhiteSite
29148,24,21
timeStep,numberOfRobotsOnBlackSite,numberOfRobotsOnWhiteSite
29149,24,21
timeStep,numberOfRobotsOnBlackSite,numberOfRobotsOnWhiteSite
29150,24,21
timeStep,numberOfRobotsOnBlackSite,numberOfRobotsOnWhiteSite
29151,24,21
timeStep,numberOfRobotsOnBlackSite,numberOfRobotsOnWhiteSite
29152,24,21
timeStep,numberOfRobotsOnBlackSite,numberOfRobotsOnWhiteSite
29153,24,21
timeStep,numberOfRobotsOnBlackSite,numberOfRobotsOnWhiteSite
29154,24,21
timeStep,numberOfRobotsOnBlackSite,numberOfRobotsOnWhiteSite
29155,24,21
timeStep,numberOfRobotsOnBlackSite,numberOfRobotsOnWhiteSite
29156,24,21
timeStep,numberOfRobotsOnBlackSite,numberOfRobotsOnWhiteSite
29157,24,21
timeStep,numberOfRobotsOnBlackSite,numberOfRobotsOnWhiteSite
29158,24,21
timeStep,numberOfRobotsOnBlackSite,numberOfRobotsOnWhiteSite
29159,24,21
timeStep,numberOfRobotsOnBlackSite,numberOfRobotsOnWhiteSite
29160,24,21
timeStep,numberOfRobotsOnBlackSite,numberOfRobotsOnWhiteSite
29161,24,21
timeStep,numberOfRobotsOnBlackSite,numberOfRobotsOnWhiteSite
29162,24,21
timeStep,numberOfRobotsOnBlackSite,numberOfRobotsOnWhiteSite
29163,24,21
timeStep,numberOfRobotsOnBlackSite,numberOfRobotsOnWhiteSite
29164,24,21
timeStep,numberOfRobotsOnBlackSite,numberOfRobotsOnWhiteSite
29165,24,21
timeStep,numberOfRobotsOnBlackSite,numberOfRobotsOnWhiteSite
29166,24,21
timeStep,numberOfRobotsOnBlackSite,numberOfRobotsOnWhiteSite
29167,24,21
timeStep,numberOfRobotsOnBlackSite,numberOfRobotsOnWhiteSite
29168,24,21
timeStep,numberOfRobotsOnBlackSite,numberOfRobotsOnWhiteSite
29169,24,21
timeStep,numberOfRobotsOnBlackSite,numberOfRobotsOnWhiteSite
29170,24,21
timeStep,numberOfRobotsOnBlackSite,numberOfRobotsOnWhiteSite
29171,24,21
timeStep,numberOfRobotsOnBlackSite,numberOfRobotsOnWhiteSite
29172,24,21
timeStep,numberOfRobotsOnBlackSite,numberOfRobotsOnWhiteSite
29173,24,21
timeStep,numberOfRobotsOnBlackSite,numberOfRobotsOnWhiteSite
29174,24,21
timeStep,numberOfRobotsOnBlackSite,numberOfRobotsOnWhiteSite
29175,24,21
timeStep,numberOfRobotsOnBlackSite,numberOfRobotsOnWhiteSite
29176,24,21
timeStep,numberOfRobotsOnBlackSite,numberOfRobotsOnWhiteSite
29177,24,21
timeStep,numberOfRobotsOnBlackSite,numberOfRobotsOnWhiteSite
29178,24,21
timeStep,numberOfRobotsOnBlackSite,numberOfRobotsOnWhiteSite
29179,24,21
timeStep,numberOfRobotsOnBlackSite,numberOfRobotsOnWhiteSite
29180,24,21
timeStep,numberOfRobotsOnBlackSite,numberOfRobotsOnWhiteSite
29181,24,21
timeStep,numberOfRobotsOnBlackSite,numberOfRobotsOnWhiteSite
29182,24,21
timeStep,numberOfRobotsOnBlackSite,numberOfRobotsOnWhiteSite
29183,24,21
timeStep,numberOfRobotsOnBlackSite,numberOfRobotsOnWhiteSite
29184,24,21
timeStep,numberOfRobotsOnBlackSite,numberOfRobotsOnWhiteSite
29185,24,21
timeStep,numberOfRobotsOnBlackSite,numberOfRobotsOnWhiteSite
29186,24,21
timeStep,numberOfRobotsOnBlackSite,numberOfRobotsOnWhiteSite
29187,24,21
timeStep,numberOfRobotsOnBlackSite,numberOfRobotsOnWhiteSite
29188,24,21
timeStep,numberOfRobotsOnBlackSite,numberOfRobotsOnWhiteSite
29189,24,21
timeStep,numberOfRobotsOnBlackSite,numberOfRobotsOnWhiteSite
29190,24,21
timeStep,numberOfRobotsOnBlackSite,numberOfRobotsOnWhiteSite
29191,24,21
timeStep,numberOfRobotsOnBlackSite,numberOfRobotsOnWhiteSite
29192,24,21
timeStep,numberOfRobotsOnBlackSite,numberOfRobotsOnWhiteSite
29193,24,21
timeStep,numberOfRobotsOnBlackSite,numberOfRobotsOnWhiteSite
29194,24,21
timeStep,numberOfRobotsOnBlackSite,numberOfRobotsOnWhiteSite
29195,24,21
timeStep,numberOfRobotsOnBlackSite,numberOfRobotsOnWhiteSite
29196,24,21
timeStep,numberOfRobotsOnBlackSite,numberOfRobotsOnWhiteSite
29197,24,21
timeStep,numberOfRobotsOnBlackSite,numberOfRobotsOnWhiteSite
29198,24,21
timeStep,numberOfRobotsOnBlackSite,numberOfRobotsOnWhiteSite
29199,24,21
timeStep,numberOfRobotsOnBlackSite,numberOfRobotsOnWhiteSite
29200,24,21
timeStep,numberOfRobotsOnBlackSite,numberOfRobotsOnWhiteSite
29201,24,21
timeStep,numberOfRobotsOnBlackSite,numberOfRobotsOnWhiteSite
29202,24,21
timeStep,numberOfRobotsOnBlackSite,numberOfRobotsOnWhiteSite
29203,24,21
timeStep,numberOfRobotsOnBlackSite,numberOfRobotsOnWhiteSite
29204,24,21
timeStep,numberOfRobotsOnBlackSite,numberOfRobotsOnWhiteSite
29205,24,21
timeStep,numberOfRobotsOnBlackSite,numberOfRobotsOnWhiteSite
29206,24,21
timeStep,numberOfRobotsOnBlackSite,numberOfRobotsOnWhiteSite
29207,24,21
timeStep,numberOfRobotsOnBlackSite,numberOfRobotsOnWhiteSite
29208,24,21
timeStep,numberOfRobotsOnBlackSite,numberOfRobotsOnWhiteSite
29209,24,21
timeStep,numberOfRobotsOnBlackSite,numberOfRobotsOnWhiteSite
29210,24,21
timeStep,numberOfRobotsOnBlackSite,numberOfRobotsOnWhiteSite
29211,24,21
timeStep,numberOfRobotsOnBlackSite,numberOfRobotsOnWhiteSite
29212,24,21
timeStep,numberOfRobotsOnBlackSite,numberOfRobotsOnWhiteSite
29213,24,21
timeStep,numberOfRobotsOnBlackSite,numberOfRobotsOnWhiteSite
29214,24,21
timeStep,numberOfRobotsOnBlackSite,numberOfRobotsOnWhiteSite
29215,24,21
timeStep,numberOfRobotsOnBlackSite,numberOfRobotsOnWhiteSite
29216,24,21
timeStep,numberOfRobotsOnBlackSite,numberOfRobotsOnWhiteSite
29217,24,21
timeStep,numberOfRobotsOnBlackSite,numberOfRobotsOnWhiteSite
29218,24,21
timeStep,numberOfRobotsOnBlackSite,numberOfRobotsOnWhiteSite
29219,24,21
timeStep,numberOfRobotsOnBlackSite,numberOfRobotsOnWhiteSite
29220,24,21
timeStep,numberOfRobotsOnBlackSite,numberOfRobotsOnWhiteSite
29221,24,21
timeStep,numberOfRobotsOnBlackSite,numberOfRobotsOnWhiteSite
29222,24,21
timeStep,numberOfRobotsOnBlackSite,numberOfRobotsOnWhiteSite
29223,24,21
timeStep,numberOfRobotsOnBlackSite,numberOfRobotsOnWhiteSite
29224,24,21
timeStep,numberOfRobotsOnBlackSite,numberOfRobotsOnWhiteSite
29225,24,21
timeStep,numberOfRobotsOnBlackSite,numberOfRobotsOnWhiteSite
29226,24,21
timeStep,numberOfRobotsOnBlackSite,numberOfRobotsOnWhiteSite
29227,24,21
timeStep,numberOfRobotsOnBlackSite,numberOfRobotsOnWhiteSite
29228,24,21
timeStep,numberOfRobotsOnBlackSite,numberOfRobotsOnWhiteSite
29229,24,21
timeStep,numberOfRobotsOnBlackSite,numberOfRobotsOnWhiteSite
29230,24,21
timeStep,numberOfRobotsOnBlackSite,numberOfRobotsOnWhiteSite
29231,24,21
timeStep,numberOfRobotsOnBlackSite,numberOfRobotsOnWhiteSite
29232,24,21
timeStep,numberOfRobotsOnBlackSite,numberOfRobotsOnWhiteSite
29233,24,21
timeStep,numberOfRobotsOnBlackSite,numberOfRobotsOnWhiteSite
29234,24,21
timeStep,numberOfRobotsOnBlackSite,numberOfRobotsOnWhiteSite
29235,24,21
timeStep,numberOfRobotsOnBlackSite,numberOfRobotsOnWhiteSite
29236,24,21
timeStep,numberOfRobotsOnBlackSite,numberOfRobotsOnWhiteSite
29237,24,21
timeStep,numberOfRobotsOnBlackSite,numberOfRobotsOnWhiteSite
29238,24,21
timeStep,numberOfRobotsOnBlackSite,numberOfRobotsOnWhiteSite
29239,24,21
timeStep,numberOfRobotsOnBlackSite,numberOfRobotsOnWhiteSite
29240,24,21
timeStep,numberOfRobotsOnBlackSite,numberOfRobotsOnWhiteSite
29241,24,21
timeStep,numberOfRobotsOnBlackSite,numberOfRobotsOnWhiteSite
29242,24,21
timeStep,numberOfRobotsOnBlackSite,numberOfRobotsOnWhiteSite
29243,24,21
timeStep,numberOfRobotsOnBlackSite,numberOfRobotsOnWhiteSite
29244,24,21
timeStep,numberOfRobotsOnBlackSite,numberOfRobotsOnWhiteSite
29245,24,21
timeStep,numberOfRobotsOnBlackSite,numberOfRobotsOnWhiteSite
29246,24,21
timeStep,numberOfRobotsOnBlackSite,numberOfRobotsOnWhiteSite
29247,24,21
timeStep,numberOfRobotsOnBlackSite,numberOfRobotsOnWhiteSite
29248,24,21
timeStep,numberOfRobotsOnBlackSite,numberOfRobotsOnWhiteSite
29249,24,21
timeStep,numberOfRobotsOnBlackSite,numberOfRobotsOnWhiteSite
29250,24,21
timeStep,numberOfRobotsOnBlackSite,numberOfRobotsOnWhiteSite
29251,24,21
timeStep,numberOfRobotsOnBlackSite,numberOfRobotsOnWhiteSite
29252,24,21
timeStep,numberOfRobotsOnBlackSite,numberOfRobotsOnWhiteSite
29253,24,21
timeStep,numberOfRobotsOnBlackSite,numberOfRobotsOnWhiteSite
29254,24,21
timeStep,numberOfRobotsOnBlackSite,numberOfRobotsOnWhiteSite
29255,24,21
timeStep,numberOfRobotsOnBlackSite,numberOfRobotsOnWhiteSite
29256,24,21
timeStep,numberOfRobotsOnBlackSite,numberOfRobotsOnWhiteSite
29257,24,21
timeStep,numberOfRobotsOnBlackSite,numberOfRobotsOnWhiteSite
29258,24,21
timeStep,numberOfRobotsOnBlackSite,numberOfRobotsOnWhiteSite
29259,24,21
timeStep,numberOfRobotsOnBlackSite,numberOfRobotsOnWhiteSite
29260,24,21
timeStep,numberOfRobotsOnBlackSite,numberOfRobotsOnWhiteSite
29261,24,21
timeStep,numberOfRobotsOnBlackSite,numberOfRobotsOnWhiteSite
29262,24,21
timeStep,numberOfRobotsOnBlackSite,numberOfRobotsOnWhiteSite
29263,24,21
timeStep,numberOfRobotsOnBlackSite,numberOfRobotsOnWhiteSite
29264,24,21
timeStep,numberOfRobotsOnBlackSite,numberOfRobotsOnWhiteSite
29265,24,21
timeStep,numberOfRobotsOnBlackSite,numberOfRobotsOnWhiteSite
29266,24,21
timeStep,numberOfRobotsOnBlackSite,numberOfRobotsOnWhiteSite
29267,24,21
timeStep,numberOfRobotsOnBlackSite,numberOfRobotsOnWhiteSite
29268,24,21
timeStep,numberOfRobotsOnBlackSite,numberOfRobotsOnWhiteSite
29269,24,21
timeStep,numberOfRobotsOnBlackSite,numberOfRobotsOnWhiteSite
29270,24,21
timeStep,numberOfRobotsOnBlackSite,numberOfRobotsOnWhiteSite
29271,24,21
timeStep,numberOfRobotsOnBlackSite,numberOfRobotsOnWhiteSite
29272,24,21
timeStep,numberOfRobotsOnBlackSite,numberOfRobotsOnWhiteSite
29273,24,21
timeStep,numberOfRobotsOnBlackSite,numberOfRobotsOnWhiteSite
29274,24,21
timeStep,numberOfRobotsOnBlackSite,numberOfRobotsOnWhiteSite
29275,24,20
timeStep,numberOfRobotsOnBlackSite,numberOfRobotsOnWhiteSite
29276,24,20
timeStep,numberOfRobotsOnBlackSite,numberOfRobotsOnWhiteSite
29277,24,20
timeStep,numberOfRobotsOnBlackSite,numberOfRobotsOnWhiteSite
29278,24,20
timeStep,numberOfRobotsOnBlackSite,numberOfRobotsOnWhiteSite
29279,24,20
timeStep,numberOfRobotsOnBlackSite,numberOfRobotsOnWhiteSite
29280,24,20
timeStep,numberOfRobotsOnBlackSite,numberOfRobotsOnWhiteSite
29281,24,20
timeStep,numberOfRobotsOnBlackSite,numberOfRobotsOnWhiteSite
29282,24,20
timeStep,numberOfRobotsOnBlackSite,numberOfRobotsOnWhiteSite
29283,24,20
timeStep,numberOfRobotsOnBlackSite,numberOfRobotsOnWhiteSite
29284,24,20
timeStep,numberOfRobotsOnBlackSite,numberOfRobotsOnWhiteSite
29285,24,20
timeStep,numberOfRobotsOnBlackSite,numberOfRobotsOnWhiteSite
29286,24,20
timeStep,numberOfRobotsOnBlackSite,numberOfRobotsOnWhiteSite
29287,24,20
timeStep,numberOfRobotsOnBlackSite,numberOfRobotsOnWhiteSite
29288,24,20
timeStep,numberOfRobotsOnBlackSite,numberOfRobotsOnWhiteSite
29289,24,20
timeStep,numberOfRobotsOnBlackSite,numberOfRobotsOnWhiteSite
29290,24,20
timeStep,numberOfRobotsOnBlackSite,numberOfRobotsOnWhiteSite
29291,24,20
timeStep,numberOfRobotsOnBlackSite,numberOfRobotsOnWhiteSite
29292,24,20
timeStep,numberOfRobotsOnBlackSite,numberOfRobotsOnWhiteSite
29293,24,20
timeStep,numberOfRobotsOnBlackSite,numberOfRobotsOnWhiteSite
29294,24,20
timeStep,numberOfRobotsOnBlackSite,numberOfRobotsOnWhiteSite
29295,24,20
timeStep,numberOfRobotsOnBlackSite,numberOfRobotsOnWhiteSite
29296,24,20
timeStep,numberOfRobotsOnBlackSite,numberOfRobotsOnWhiteSite
29297,24,20
timeStep,numberOfRobotsOnBlackSite,numberOfRobotsOnWhiteSite
29298,24,20
timeStep,numberOfRobotsOnBlackSite,numberOfRobotsOnWhiteSite
29299,24,20
timeStep,numberOfRobotsOnBlackSite,numberOfRobotsOnWhiteSite
29300,24,20
timeStep,numberOfRobotsOnBlackSite,numberOfRobotsOnWhiteSite
29301,24,20
timeStep,numberOfRobotsOnBlackSite,numberOfRobotsOnWhiteSite
29302,24,20
timeStep,numberOfRobotsOnBlackSite,numberOfRobotsOnWhiteSite
29303,24,20
timeStep,numberOfRobotsOnBlackSite,numberOfRobotsOnWhiteSite
29304,24,20
timeStep,numberOfRobotsOnBlackSite,numberOfRobotsOnWhiteSite
29305,24,20
timeStep,numberOfRobotsOnBlackSite,numberOfRobotsOnWhiteSite
29306,24,20
timeStep,numberOfRobotsOnBlackSite,numberOfRobotsOnWhiteSite
29307,24,20
timeStep,numberOfRobotsOnBlackSite,numberOfRobotsOnWhiteSite
29308,24,20
timeStep,numberOfRobotsOnBlackSite,numberOfRobotsOnWhiteSite
29309,24,20
timeStep,numberOfRobotsOnBlackSite,numberOfRobotsOnWhiteSite
29310,24,20
timeStep,numberOfRobotsOnBlackSite,numberOfRobotsOnWhiteSite
29311,24,20
timeStep,numberOfRobotsOnBlackSite,numberOfRobotsOnWhiteSite
29312,24,20
timeStep,numberOfRobotsOnBlackSite,numberOfRobotsOnWhiteSite
29313,24,20
timeStep,numberOfRobotsOnBlackSite,numberOfRobotsOnWhiteSite
29314,24,20
timeStep,numberOfRobotsOnBlackSite,numberOfRobotsOnWhiteSite
29315,24,20
timeStep,numberOfRobotsOnBlackSite,numberOfRobotsOnWhiteSite
29316,24,20
timeStep,numberOfRobotsOnBlackSite,numberOfRobotsOnWhiteSite
29317,24,20
timeStep,numberOfRobotsOnBlackSite,numberOfRobotsOnWhiteSite
29318,24,20
timeStep,numberOfRobotsOnBlackSite,numberOfRobotsOnWhiteSite
29319,24,20
timeStep,numberOfRobotsOnBlackSite,numberOfRobotsOnWhiteSite
29320,24,20
timeStep,numberOfRobotsOnBlackSite,numberOfRobotsOnWhiteSite
29321,24,20
timeStep,numberOfRobotsOnBlackSite,numberOfRobotsOnWhiteSite
29322,24,20
timeStep,numberOfRobotsOnBlackSite,numberOfRobotsOnWhiteSite
29323,24,20
timeStep,numberOfRobotsOnBlackSite,numberOfRobotsOnWhiteSite
29324,24,20
timeStep,numberOfRobotsOnBlackSite,numberOfRobotsOnWhiteSite
29325,24,20
timeStep,numberOfRobotsOnBlackSite,numberOfRobotsOnWhiteSite
29326,24,20
timeStep,numberOfRobotsOnBlackSite,numberOfRobotsOnWhiteSite
29327,24,20
timeStep,numberOfRobotsOnBlackSite,numberOfRobotsOnWhiteSite
29328,24,20
timeStep,numberOfRobotsOnBlackSite,numberOfRobotsOnWhiteSite
29329,24,20
timeStep,numberOfRobotsOnBlackSite,numberOfRobotsOnWhiteSite
29330,24,20
timeStep,numberOfRobotsOnBlackSite,numberOfRobotsOnWhiteSite
29331,24,20
timeStep,numberOfRobotsOnBlackSite,numberOfRobotsOnWhiteSite
29332,24,20
timeStep,numberOfRobotsOnBlackSite,numberOfRobotsOnWhiteSite
29333,24,20
timeStep,numberOfRobotsOnBlackSite,numberOfRobotsOnWhiteSite
29334,24,20
timeStep,numberOfRobotsOnBlackSite,numberOfRobotsOnWhiteSite
29335,24,20
timeStep,numberOfRobotsOnBlackSite,numberOfRobotsOnWhiteSite
29336,24,20
timeStep,numberOfRobotsOnBlackSite,numberOfRobotsOnWhiteSite
29337,24,20
timeStep,numberOfRobotsOnBlackSite,numberOfRobotsOnWhiteSite
29338,24,20
timeStep,numberOfRobotsOnBlackSite,numberOfRobotsOnWhiteSite
29339,24,20
timeStep,numberOfRobotsOnBlackSite,numberOfRobotsOnWhiteSite
29340,24,20
timeStep,numberOfRobotsOnBlackSite,numberOfRobotsOnWhiteSite
29341,24,20
timeStep,numberOfRobotsOnBlackSite,numberOfRobotsOnWhiteSite
29342,24,20
timeStep,numberOfRobotsOnBlackSite,numberOfRobotsOnWhiteSite
29343,24,20
timeStep,numberOfRobotsOnBlackSite,numberOfRobotsOnWhiteSite
29344,24,20
timeStep,numberOfRobotsOnBlackSite,numberOfRobotsOnWhiteSite
29345,24,20
timeStep,numberOfRobotsOnBlackSite,numberOfRobotsOnWhiteSite
29346,24,20
timeStep,numberOfRobotsOnBlackSite,numberOfRobotsOnWhiteSite
29347,24,20
timeStep,numberOfRobotsOnBlackSite,numberOfRobotsOnWhiteSite
29348,24,20
timeStep,numberOfRobotsOnBlackSite,numberOfRobotsOnWhiteSite
29349,24,20
timeStep,numberOfRobotsOnBlackSite,numberOfRobotsOnWhiteSite
29350,24,20
timeStep,numberOfRobotsOnBlackSite,numberOfRobotsOnWhiteSite
29351,24,20
timeStep,numberOfRobotsOnBlackSite,numberOfRobotsOnWhiteSite
29352,24,20
timeStep,numberOfRobotsOnBlackSite,numberOfRobotsOnWhiteSite
29353,24,20
timeStep,numberOfRobotsOnBlackSite,numberOfRobotsOnWhiteSite
29354,24,20
timeStep,numberOfRobotsOnBlackSite,numberOfRobotsOnWhiteSite
29355,24,20
timeStep,numberOfRobotsOnBlackSite,numberOfRobotsOnWhiteSite
29356,24,20
timeStep,numberOfRobotsOnBlackSite,numberOfRobotsOnWhiteSite
29357,24,20
timeStep,numberOfRobotsOnBlackSite,numberOfRobotsOnWhiteSite
29358,24,20
timeStep,numberOfRobotsOnBlackSite,numberOfRobotsOnWhiteSite
29359,24,20
timeStep,numberOfRobotsOnBlackSite,numberOfRobotsOnWhiteSite
29360,24,20
timeStep,numberOfRobotsOnBlackSite,numberOfRobotsOnWhiteSite
29361,24,20
timeStep,numberOfRobotsOnBlackSite,numberOfRobotsOnWhiteSite
29362,24,20
timeStep,numberOfRobotsOnBlackSite,numberOfRobotsOnWhiteSite
29363,24,20
timeStep,numberOfRobotsOnBlackSite,numberOfRobotsOnWhiteSite
29364,24,20
timeStep,numberOfRobotsOnBlackSite,numberOfRobotsOnWhiteSite
29365,24,20
timeStep,numberOfRobotsOnBlackSite,numberOfRobotsOnWhiteSite
29366,24,20
timeStep,numberOfRobotsOnBlackSite,numberOfRobotsOnWhiteSite
29367,24,20
timeStep,numberOfRobotsOnBlackSite,numberOfRobotsOnWhiteSite
29368,24,20
timeStep,numberOfRobotsOnBlackSite,numberOfRobotsOnWhiteSite
29369,24,20
timeStep,numberOfRobotsOnBlackSite,numberOfRobotsOnWhiteSite
29370,24,20
timeStep,numberOfRobotsOnBlackSite,numberOfRobotsOnWhiteSite
29371,24,20
timeStep,numberOfRobotsOnBlackSite,numberOfRobotsOnWhiteSite
29372,24,20
timeStep,numberOfRobotsOnBlackSite,numberOfRobotsOnWhiteSite
29373,24,20
timeStep,numberOfRobotsOnBlackSite,numberOfRobotsOnWhiteSite
29374,24,20
timeStep,numberOfRobotsOnBlackSite,numberOfRobotsOnWhiteSite
29375,24,20
timeStep,numberOfRobotsOnBlackSite,numberOfRobotsOnWhiteSite
29376,24,20
timeStep,numberOfRobotsOnBlackSite,numberOfRobotsOnWhiteSite
29377,24,20
timeStep,numberOfRobotsOnBlackSite,numberOfRobotsOnWhiteSite
29378,24,20
timeStep,numberOfRobotsOnBlackSite,numberOfRobotsOnWhiteSite
29379,24,20
timeStep,numberOfRobotsOnBlackSite,numberOfRobotsOnWhiteSite
29380,24,20
timeStep,numberOfRobotsOnBlackSite,numberOfRobotsOnWhiteSite
29381,24,20
timeStep,numberOfRobotsOnBlackSite,numberOfRobotsOnWhiteSite
29382,24,20
timeStep,numberOfRobotsOnBlackSite,numberOfRobotsOnWhiteSite
29383,24,20
timeStep,numberOfRobotsOnBlackSite,numberOfRobotsOnWhiteSite
29384,24,20
timeStep,numberOfRobotsOnBlackSite,numberOfRobotsOnWhiteSite
29385,24,20
timeStep,numberOfRobotsOnBlackSite,numberOfRobotsOnWhiteSite
29386,24,20
timeStep,numberOfRobotsOnBlackSite,numberOfRobotsOnWhiteSite
29387,24,20
timeStep,numberOfRobotsOnBlackSite,numberOfRobotsOnWhiteSite
29388,24,20
timeStep,numberOfRobotsOnBlackSite,numberOfRobotsOnWhiteSite
29389,24,20
timeStep,numberOfRobotsOnBlackSite,numberOfRobotsOnWhiteSite
29390,24,20
timeStep,numberOfRobotsOnBlackSite,numberOfRobotsOnWhiteSite
29391,24,20
timeStep,numberOfRobotsOnBlackSite,numberOfRobotsOnWhiteSite
29392,24,20
timeStep,numberOfRobotsOnBlackSite,numberOfRobotsOnWhiteSite
29393,24,20
timeStep,numberOfRobotsOnBlackSite,numberOfRobotsOnWhiteSite
29394,24,20
timeStep,numberOfRobotsOnBlackSite,numberOfRobotsOnWhiteSite
29395,24,20
timeStep,numberOfRobotsOnBlackSite,numberOfRobotsOnWhiteSite
29396,24,20
timeStep,numberOfRobotsOnBlackSite,numberOfRobotsOnWhiteSite
29397,24,20
timeStep,numberOfRobotsOnBlackSite,numberOfRobotsOnWhiteSite
29398,24,20
timeStep,numberOfRobotsOnBlackSite,numberOfRobotsOnWhiteSite
29399,24,20
timeStep,numberOfRobotsOnBlackSite,numberOfRobotsOnWhiteSite
29400,24,20
timeStep,numberOfRobotsOnBlackSite,numberOfRobotsOnWhiteSite
29401,24,20
timeStep,numberOfRobotsOnBlackSite,numberOfRobotsOnWhiteSite
29402,24,20
timeStep,numberOfRobotsOnBlackSite,numberOfRobotsOnWhiteSite
29403,24,20
timeStep,numberOfRobotsOnBlackSite,numberOfRobotsOnWhiteSite
29404,24,20
timeStep,numberOfRobotsOnBlackSite,numberOfRobotsOnWhiteSite
29405,24,20
timeStep,numberOfRobotsOnBlackSite,numberOfRobotsOnWhiteSite
29406,24,20
timeStep,numberOfRobotsOnBlackSite,numberOfRobotsOnWhiteSite
29407,24,20
timeStep,numberOfRobotsOnBlackSite,numberOfRobotsOnWhiteSite
29408,24,20
timeStep,numberOfRobotsOnBlackSite,numberOfRobotsOnWhiteSite
29409,24,20
timeStep,numberOfRobotsOnBlackSite,numberOfRobotsOnWhiteSite
29410,24,20
timeStep,numberOfRobotsOnBlackSite,numberOfRobotsOnWhiteSite
29411,24,20
timeStep,numberOfRobotsOnBlackSite,numberOfRobotsOnWhiteSite
29412,24,20
timeStep,numberOfRobotsOnBlackSite,numberOfRobotsOnWhiteSite
29413,24,20
timeStep,numberOfRobotsOnBlackSite,numberOfRobotsOnWhiteSite
29414,24,20
timeStep,numberOfRobotsOnBlackSite,numberOfRobotsOnWhiteSite
29415,24,20
timeStep,numberOfRobotsOnBlackSite,numberOfRobotsOnWhiteSite
29416,24,20
timeStep,numberOfRobotsOnBlackSite,numberOfRobotsOnWhiteSite
29417,24,20
timeStep,numberOfRobotsOnBlackSite,numberOfRobotsOnWhiteSite
29418,24,20
timeStep,numberOfRobotsOnBlackSite,numberOfRobotsOnWhiteSite
29419,24,20
timeStep,numberOfRobotsOnBlackSite,numberOfRobotsOnWhiteSite
29420,24,20
timeStep,numberOfRobotsOnBlackSite,numberOfRobotsOnWhiteSite
29421,24,20
timeStep,numberOfRobotsOnBlackSite,numberOfRobotsOnWhiteSite
29422,24,20
timeStep,numberOfRobotsOnBlackSite,numberOfRobotsOnWhiteSite
29423,24,20
timeStep,numberOfRobotsOnBlackSite,numberOfRobotsOnWhiteSite
29424,24,20
timeStep,numberOfRobotsOnBlackSite,numberOfRobotsOnWhiteSite
29425,24,20
timeStep,numberOfRobotsOnBlackSite,numberOfRobotsOnWhiteSite
29426,24,20
timeStep,numberOfRobotsOnBlackSite,numberOfRobotsOnWhiteSite
29427,24,20
timeStep,numberOfRobotsOnBlackSite,numberOfRobotsOnWhiteSite
29428,24,20
timeStep,numberOfRobotsOnBlackSite,numberOfRobotsOnWhiteSite
29429,24,20
timeStep,numberOfRobotsOnBlackSite,numberOfRobotsOnWhiteSite
29430,24,20
timeStep,numberOfRobotsOnBlackSite,numberOfRobotsOnWhiteSite
29431,24,20
timeStep,numberOfRobotsOnBlackSite,numberOfRobotsOnWhiteSite
29432,24,20
timeStep,numberOfRobotsOnBlackSite,numberOfRobotsOnWhiteSite
29433,24,20
timeStep,numberOfRobotsOnBlackSite,numberOfRobotsOnWhiteSite
29434,24,20
timeStep,numberOfRobotsOnBlackSite,numberOfRobotsOnWhiteSite
29435,24,20
timeStep,numberOfRobotsOnBlackSite,numberOfRobotsOnWhiteSite
29436,24,20
timeStep,numberOfRobotsOnBlackSite,numberOfRobotsOnWhiteSite
29437,24,20
timeStep,numberOfRobotsOnBlackSite,numberOfRobotsOnWhiteSite
29438,24,20
timeStep,numberOfRobotsOnBlackSite,numberOfRobotsOnWhiteSite
29439,24,20
timeStep,numberOfRobotsOnBlackSite,numberOfRobotsOnWhiteSite
29440,24,20
timeStep,numberOfRobotsOnBlackSite,numberOfRobotsOnWhiteSite
29441,24,20
timeStep,numberOfRobotsOnBlackSite,numberOfRobotsOnWhiteSite
29442,24,20
timeStep,numberOfRobotsOnBlackSite,numberOfRobotsOnWhiteSite
29443,24,20
timeStep,numberOfRobotsOnBlackSite,numberOfRobotsOnWhiteSite
29444,24,20
timeStep,numberOfRobotsOnBlackSite,numberOfRobotsOnWhiteSite
29445,24,20
timeStep,numberOfRobotsOnBlackSite,numberOfRobotsOnWhiteSite
29446,24,20
timeStep,numberOfRobotsOnBlackSite,numberOfRobotsOnWhiteSite
29447,24,20
timeStep,numberOfRobotsOnBlackSite,numberOfRobotsOnWhiteSite
29448,24,20
timeStep,numberOfRobotsOnBlackSite,numberOfRobotsOnWhiteSite
29449,24,20
timeStep,numberOfRobotsOnBlackSite,numberOfRobotsOnWhiteSite
29450,24,20
timeStep,numberOfRobotsOnBlackSite,numberOfRobotsOnWhiteSite
29451,24,20
timeStep,numberOfRobotsOnBlackSite,numberOfRobotsOnWhiteSite
29452,24,20
timeStep,numberOfRobotsOnBlackSite,numberOfRobotsOnWhiteSite
29453,24,20
timeStep,numberOfRobotsOnBlackSite,numberOfRobotsOnWhiteSite
29454,24,20
timeStep,numberOfRobotsOnBlackSite,numberOfRobotsOnWhiteSite
29455,24,20
timeStep,numberOfRobotsOnBlackSite,numberOfRobotsOnWhiteSite
29456,24,20
timeStep,numberOfRobotsOnBlackSite,numberOfRobotsOnWhiteSite
29457,24,20
timeStep,numberOfRobotsOnBlackSite,numberOfRobotsOnWhiteSite
29458,24,20
timeStep,numberOfRobotsOnBlackSite,numberOfRobotsOnWhiteSite
29459,24,20
timeStep,numberOfRobotsOnBlackSite,numberOfRobotsOnWhiteSite
29460,24,20
timeStep,numberOfRobotsOnBlackSite,numberOfRobotsOnWhiteSite
29461,24,20
timeStep,numberOfRobotsOnBlackSite,numberOfRobotsOnWhiteSite
29462,24,20
timeStep,numberOfRobotsOnBlackSite,numberOfRobotsOnWhiteSite
29463,24,20
timeStep,numberOfRobotsOnBlackSite,numberOfRobotsOnWhiteSite
29464,24,20
timeStep,numberOfRobotsOnBlackSite,numberOfRobotsOnWhiteSite
29465,24,20
timeStep,numberOfRobotsOnBlackSite,numberOfRobotsOnWhiteSite
29466,24,20
timeStep,numberOfRobotsOnBlackSite,numberOfRobotsOnWhiteSite
29467,24,20
timeStep,numberOfRobotsOnBlackSite,numberOfRobotsOnWhiteSite
29468,24,20
timeStep,numberOfRobotsOnBlackSite,numberOfRobotsOnWhiteSite
29469,24,20
timeStep,numberOfRobotsOnBlackSite,numberOfRobotsOnWhiteSite
29470,24,20
timeStep,numberOfRobotsOnBlackSite,numberOfRobotsOnWhiteSite
29471,24,20
timeStep,numberOfRobotsOnBlackSite,numberOfRobotsOnWhiteSite
29472,24,20
timeStep,numberOfRobotsOnBlackSite,numberOfRobotsOnWhiteSite
29473,24,20
timeStep,numberOfRobotsOnBlackSite,numberOfRobotsOnWhiteSite
29474,24,20
timeStep,numberOfRobotsOnBlackSite,numberOfRobotsOnWhiteSite
29475,24,20
timeStep,numberOfRobotsOnBlackSite,numberOfRobotsOnWhiteSite
29476,24,20
timeStep,numberOfRobotsOnBlackSite,numberOfRobotsOnWhiteSite
29477,24,20
timeStep,numberOfRobotsOnBlackSite,numberOfRobotsOnWhiteSite
29478,24,20
timeStep,numberOfRobotsOnBlackSite,numberOfRobotsOnWhiteSite
29479,24,20
timeStep,numberOfRobotsOnBlackSite,numberOfRobotsOnWhiteSite
29480,25,20
timeStep,numberOfRobotsOnBlackSite,numberOfRobotsOnWhiteSite
29481,25,20
timeStep,numberOfRobotsOnBlackSite,numberOfRobotsOnWhiteSite
29482,25,20
timeStep,numberOfRobotsOnBlackSite,numberOfRobotsOnWhiteSite
29483,25,20
timeStep,numberOfRobotsOnBlackSite,numberOfRobotsOnWhiteSite
29484,25,20
timeStep,numberOfRobotsOnBlackSite,numberOfRobotsOnWhiteSite
29485,25,20
timeStep,numberOfRobotsOnBlackSite,numberOfRobotsOnWhiteSite
29486,25,20
timeStep,numberOfRobotsOnBlackSite,numberOfRobotsOnWhiteSite
29487,25,20
timeStep,numberOfRobotsOnBlackSite,numberOfRobotsOnWhiteSite
29488,25,20
timeStep,numberOfRobotsOnBlackSite,numberOfRobotsOnWhiteSite
29489,25,20
timeStep,numberOfRobotsOnBlackSite,numberOfRobotsOnWhiteSite
29490,24,20
timeStep,numberOfRobotsOnBlackSite,numberOfRobotsOnWhiteSite
29491,24,20
timeStep,numberOfRobotsOnBlackSite,numberOfRobotsOnWhiteSite
29492,24,20
timeStep,numberOfRobotsOnBlackSite,numberOfRobotsOnWhiteSite
29493,24,20
timeStep,numberOfRobotsOnBlackSite,numberOfRobotsOnWhiteSite
29494,24,20
timeStep,numberOfRobotsOnBlackSite,numberOfRobotsOnWhiteSite
29495,24,20
timeStep,numberOfRobotsOnBlackSite,numberOfRobotsOnWhiteSite
29496,24,20
timeStep,numberOfRobotsOnBlackSite,numberOfRobotsOnWhiteSite
29497,24,20
timeStep,numberOfRobotsOnBlackSite,numberOfRobotsOnWhiteSite
29498,24,20
timeStep,numberOfRobotsOnBlackSite,numberOfRobotsOnWhiteSite
29499,24,20
timeStep,numberOfRobotsOnBlackSite,numberOfRobotsOnWhiteSite
29500,24,20
timeStep,numberOfRobotsOnBlackSite,numberOfRobotsOnWhiteSite
29501,24,20
timeStep,numberOfRobotsOnBlackSite,numberOfRobotsOnWhiteSite
29502,24,20
timeStep,numberOfRobotsOnBlackSite,numberOfRobotsOnWhiteSite
29503,24,20
timeStep,numberOfRobotsOnBlackSite,numberOfRobotsOnWhiteSite
29504,24,20
timeStep,numberOfRobotsOnBlackSite,numberOfRobotsOnWhiteSite
29505,24,20
timeStep,numberOfRobotsOnBlackSite,numberOfRobotsOnWhiteSite
29506,24,20
timeStep,numberOfRobotsOnBlackSite,numberOfRobotsOnWhiteSite
29507,24,20
timeStep,numberOfRobotsOnBlackSite,numberOfRobotsOnWhiteSite
29508,24,20
timeStep,numberOfRobotsOnBlackSite,numberOfRobotsOnWhiteSite
29509,24,20
timeStep,numberOfRobotsOnBlackSite,numberOfRobotsOnWhiteSite
29510,25,20
timeStep,numberOfRobotsOnBlackSite,numberOfRobotsOnWhiteSite
29511,25,20
timeStep,numberOfRobotsOnBlackSite,numberOfRobotsOnWhiteSite
29512,25,20
timeStep,numberOfRobotsOnBlackSite,numberOfRobotsOnWhiteSite
29513,25,20
timeStep,numberOfRobotsOnBlackSite,numberOfRobotsOnWhiteSite
29514,25,20
timeStep,numberOfRobotsOnBlackSite,numberOfRobotsOnWhiteSite
29515,25,20
timeStep,numberOfRobotsOnBlackSite,numberOfRobotsOnWhiteSite
29516,25,20
timeStep,numberOfRobotsOnBlackSite,numberOfRobotsOnWhiteSite
29517,25,20
timeStep,numberOfRobotsOnBlackSite,numberOfRobotsOnWhiteSite
29518,25,20
timeStep,numberOfRobotsOnBlackSite,numberOfRobotsOnWhiteSite
29519,25,20
timeStep,numberOfRobotsOnBlackSite,numberOfRobotsOnWhiteSite
29520,25,20
timeStep,numberOfRobotsOnBlackSite,numberOfRobotsOnWhiteSite
29521,25,20
timeStep,numberOfRobotsOnBlackSite,numberOfRobotsOnWhiteSite
29522,25,20
timeStep,numberOfRobotsOnBlackSite,numberOfRobotsOnWhiteSite
29523,25,20
timeStep,numberOfRobotsOnBlackSite,numberOfRobotsOnWhiteSite
29524,25,20
timeStep,numberOfRobotsOnBlackSite,numberOfRobotsOnWhiteSite
29525,25,20
timeStep,numberOfRobotsOnBlackSite,numberOfRobotsOnWhiteSite
29526,25,20
timeStep,numberOfRobotsOnBlackSite,numberOfRobotsOnWhiteSite
29527,25,20
timeStep,numberOfRobotsOnBlackSite,numberOfRobotsOnWhiteSite
29528,25,20
timeStep,numberOfRobotsOnBlackSite,numberOfRobotsOnWhiteSite
29529,25,20
timeStep,numberOfRobotsOnBlackSite,numberOfRobotsOnWhiteSite
29530,25,20
timeStep,numberOfRobotsOnBlackSite,numberOfRobotsOnWhiteSite
29531,25,20
timeStep,numberOfRobotsOnBlackSite,numberOfRobotsOnWhiteSite
29532,25,20
timeStep,numberOfRobotsOnBlackSite,numberOfRobotsOnWhiteSite
29533,25,20
timeStep,numberOfRobotsOnBlackSite,numberOfRobotsOnWhiteSite
29534,25,20
timeStep,numberOfRobotsOnBlackSite,numberOfRobotsOnWhiteSite
29535,25,20
timeStep,numberOfRobotsOnBlackSite,numberOfRobotsOnWhiteSite
29536,25,20
timeStep,numberOfRobotsOnBlackSite,numberOfRobotsOnWhiteSite
29537,25,20
timeStep,numberOfRobotsOnBlackSite,numberOfRobotsOnWhiteSite
29538,25,20
timeStep,numberOfRobotsOnBlackSite,numberOfRobotsOnWhiteSite
29539,25,20
timeStep,numberOfRobotsOnBlackSite,numberOfRobotsOnWhiteSite
29540,25,20
timeStep,numberOfRobotsOnBlackSite,numberOfRobotsOnWhiteSite
29541,25,20
timeStep,numberOfRobotsOnBlackSite,numberOfRobotsOnWhiteSite
29542,25,20
timeStep,numberOfRobotsOnBlackSite,numberOfRobotsOnWhiteSite
29543,25,20
timeStep,numberOfRobotsOnBlackSite,numberOfRobotsOnWhiteSite
29544,25,20
timeStep,numberOfRobotsOnBlackSite,numberOfRobotsOnWhiteSite
29545,25,20
timeStep,numberOfRobotsOnBlackSite,numberOfRobotsOnWhiteSite
29546,25,20
timeStep,numberOfRobotsOnBlackSite,numberOfRobotsOnWhiteSite
29547,25,20
timeStep,numberOfRobotsOnBlackSite,numberOfRobotsOnWhiteSite
29548,25,20
timeStep,numberOfRobotsOnBlackSite,numberOfRobotsOnWhiteSite
29549,25,20
timeStep,numberOfRobotsOnBlackSite,numberOfRobotsOnWhiteSite
29550,25,20
timeStep,numberOfRobotsOnBlackSite,numberOfRobotsOnWhiteSite
29551,25,20
timeStep,numberOfRobotsOnBlackSite,numberOfRobotsOnWhiteSite
29552,25,20
timeStep,numberOfRobotsOnBlackSite,numberOfRobotsOnWhiteSite
29553,25,20
timeStep,numberOfRobotsOnBlackSite,numberOfRobotsOnWhiteSite
29554,25,20
timeStep,numberOfRobotsOnBlackSite,numberOfRobotsOnWhiteSite
29555,25,20
timeStep,numberOfRobotsOnBlackSite,numberOfRobotsOnWhiteSite
29556,25,20
timeStep,numberOfRobotsOnBlackSite,numberOfRobotsOnWhiteSite
29557,25,20
timeStep,numberOfRobotsOnBlackSite,numberOfRobotsOnWhiteSite
29558,25,20
timeStep,numberOfRobotsOnBlackSite,numberOfRobotsOnWhiteSite
29559,25,20
timeStep,numberOfRobotsOnBlackSite,numberOfRobotsOnWhiteSite
29560,25,20
timeStep,numberOfRobotsOnBlackSite,numberOfRobotsOnWhiteSite
29561,25,20
timeStep,numberOfRobotsOnBlackSite,numberOfRobotsOnWhiteSite
29562,25,20
timeStep,numberOfRobotsOnBlackSite,numberOfRobotsOnWhiteSite
29563,25,20
timeStep,numberOfRobotsOnBlackSite,numberOfRobotsOnWhiteSite
29564,25,20
timeStep,numberOfRobotsOnBlackSite,numberOfRobotsOnWhiteSite
29565,25,20
timeStep,numberOfRobotsOnBlackSite,numberOfRobotsOnWhiteSite
29566,25,20
timeStep,numberOfRobotsOnBlackSite,numberOfRobotsOnWhiteSite
29567,25,20
timeStep,numberOfRobotsOnBlackSite,numberOfRobotsOnWhiteSite
29568,25,20
timeStep,numberOfRobotsOnBlackSite,numberOfRobotsOnWhiteSite
29569,25,20
timeStep,numberOfRobotsOnBlackSite,numberOfRobotsOnWhiteSite
29570,25,20
timeStep,numberOfRobotsOnBlackSite,numberOfRobotsOnWhiteSite
29571,25,20
timeStep,numberOfRobotsOnBlackSite,numberOfRobotsOnWhiteSite
29572,25,20
timeStep,numberOfRobotsOnBlackSite,numberOfRobotsOnWhiteSite
29573,25,20
timeStep,numberOfRobotsOnBlackSite,numberOfRobotsOnWhiteSite
29574,25,20
timeStep,numberOfRobotsOnBlackSite,numberOfRobotsOnWhiteSite
29575,25,20
timeStep,numberOfRobotsOnBlackSite,numberOfRobotsOnWhiteSite
29576,25,20
timeStep,numberOfRobotsOnBlackSite,numberOfRobotsOnWhiteSite
29577,25,20
timeStep,numberOfRobotsOnBlackSite,numberOfRobotsOnWhiteSite
29578,25,20
timeStep,numberOfRobotsOnBlackSite,numberOfRobotsOnWhiteSite
29579,25,20
timeStep,numberOfRobotsOnBlackSite,numberOfRobotsOnWhiteSite
29580,25,20
timeStep,numberOfRobotsOnBlackSite,numberOfRobotsOnWhiteSite
29581,25,20
timeStep,numberOfRobotsOnBlackSite,numberOfRobotsOnWhiteSite
29582,25,20
timeStep,numberOfRobotsOnBlackSite,numberOfRobotsOnWhiteSite
29583,25,20
timeStep,numberOfRobotsOnBlackSite,numberOfRobotsOnWhiteSite
29584,25,20
timeStep,numberOfRobotsOnBlackSite,numberOfRobotsOnWhiteSite
29585,25,20
timeStep,numberOfRobotsOnBlackSite,numberOfRobotsOnWhiteSite
29586,25,20
timeStep,numberOfRobotsOnBlackSite,numberOfRobotsOnWhiteSite
29587,25,20
timeStep,numberOfRobotsOnBlackSite,numberOfRobotsOnWhiteSite
29588,25,20
timeStep,numberOfRobotsOnBlackSite,numberOfRobotsOnWhiteSite
29589,25,20
timeStep,numberOfRobotsOnBlackSite,numberOfRobotsOnWhiteSite
29590,25,20
timeStep,numberOfRobotsOnBlackSite,numberOfRobotsOnWhiteSite
29591,25,20
timeStep,numberOfRobotsOnBlackSite,numberOfRobotsOnWhiteSite
29592,25,20
timeStep,numberOfRobotsOnBlackSite,numberOfRobotsOnWhiteSite
29593,25,20
timeStep,numberOfRobotsOnBlackSite,numberOfRobotsOnWhiteSite
29594,25,20
timeStep,numberOfRobotsOnBlackSite,numberOfRobotsOnWhiteSite
29595,25,20
timeStep,numberOfRobotsOnBlackSite,numberOfRobotsOnWhiteSite
29596,25,20
timeStep,numberOfRobotsOnBlackSite,numberOfRobotsOnWhiteSite
29597,25,20
timeStep,numberOfRobotsOnBlackSite,numberOfRobotsOnWhiteSite
29598,25,20
timeStep,numberOfRobotsOnBlackSite,numberOfRobotsOnWhiteSite
29599,25,20
timeStep,numberOfRobotsOnBlackSite,numberOfRobotsOnWhiteSite
29600,25,20
timeStep,numberOfRobotsOnBlackSite,numberOfRobotsOnWhiteSite
29601,25,20
timeStep,numberOfRobotsOnBlackSite,numberOfRobotsOnWhiteSite
29602,25,20
timeStep,numberOfRobotsOnBlackSite,numberOfRobotsOnWhiteSite
29603,25,20
timeStep,numberOfRobotsOnBlackSite,numberOfRobotsOnWhiteSite
29604,25,20
timeStep,numberOfRobotsOnBlackSite,numberOfRobotsOnWhiteSite
29605,25,20
timeStep,numberOfRobotsOnBlackSite,numberOfRobotsOnWhiteSite
29606,25,20
timeStep,numberOfRobotsOnBlackSite,numberOfRobotsOnWhiteSite
29607,25,20
timeStep,numberOfRobotsOnBlackSite,numberOfRobotsOnWhiteSite
29608,25,20
timeStep,numberOfRobotsOnBlackSite,numberOfRobotsOnWhiteSite
29609,25,20
timeStep,numberOfRobotsOnBlackSite,numberOfRobotsOnWhiteSite
29610,25,20
timeStep,numberOfRobotsOnBlackSite,numberOfRobotsOnWhiteSite
29611,25,20
timeStep,numberOfRobotsOnBlackSite,numberOfRobotsOnWhiteSite
29612,25,20
timeStep,numberOfRobotsOnBlackSite,numberOfRobotsOnWhiteSite
29613,25,20
timeStep,numberOfRobotsOnBlackSite,numberOfRobotsOnWhiteSite
29614,25,20
timeStep,numberOfRobotsOnBlackSite,numberOfRobotsOnWhiteSite
29615,25,20
timeStep,numberOfRobotsOnBlackSite,numberOfRobotsOnWhiteSite
29616,25,20
timeStep,numberOfRobotsOnBlackSite,numberOfRobotsOnWhiteSite
29617,25,20
timeStep,numberOfRobotsOnBlackSite,numberOfRobotsOnWhiteSite
29618,25,20
timeStep,numberOfRobotsOnBlackSite,numberOfRobotsOnWhiteSite
29619,25,20
timeStep,numberOfRobotsOnBlackSite,numberOfRobotsOnWhiteSite
29620,25,20
timeStep,numberOfRobotsOnBlackSite,numberOfRobotsOnWhiteSite
29621,25,20
timeStep,numberOfRobotsOnBlackSite,numberOfRobotsOnWhiteSite
29622,25,20
timeStep,numberOfRobotsOnBlackSite,numberOfRobotsOnWhiteSite
29623,25,20
timeStep,numberOfRobotsOnBlackSite,numberOfRobotsOnWhiteSite
29624,25,20
timeStep,numberOfRobotsOnBlackSite,numberOfRobotsOnWhiteSite
29625,25,20
timeStep,numberOfRobotsOnBlackSite,numberOfRobotsOnWhiteSite
29626,25,20
timeStep,numberOfRobotsOnBlackSite,numberOfRobotsOnWhiteSite
29627,25,20
timeStep,numberOfRobotsOnBlackSite,numberOfRobotsOnWhiteSite
29628,25,20
timeStep,numberOfRobotsOnBlackSite,numberOfRobotsOnWhiteSite
29629,25,20
timeStep,numberOfRobotsOnBlackSite,numberOfRobotsOnWhiteSite
29630,25,20
timeStep,numberOfRobotsOnBlackSite,numberOfRobotsOnWhiteSite
29631,25,20
timeStep,numberOfRobotsOnBlackSite,numberOfRobotsOnWhiteSite
29632,25,20
timeStep,numberOfRobotsOnBlackSite,numberOfRobotsOnWhiteSite
29633,25,20
timeStep,numberOfRobotsOnBlackSite,numberOfRobotsOnWhiteSite
29634,25,20
timeStep,numberOfRobotsOnBlackSite,numberOfRobotsOnWhiteSite
29635,25,20
timeStep,numberOfRobotsOnBlackSite,numberOfRobotsOnWhiteSite
29636,25,20
timeStep,numberOfRobotsOnBlackSite,numberOfRobotsOnWhiteSite
29637,25,20
timeStep,numberOfRobotsOnBlackSite,numberOfRobotsOnWhiteSite
29638,25,20
timeStep,numberOfRobotsOnBlackSite,numberOfRobotsOnWhiteSite
29639,25,20
timeStep,numberOfRobotsOnBlackSite,numberOfRobotsOnWhiteSite
29640,25,20
timeStep,numberOfRobotsOnBlackSite,numberOfRobotsOnWhiteSite
29641,25,20
timeStep,numberOfRobotsOnBlackSite,numberOfRobotsOnWhiteSite
29642,25,20
timeStep,numberOfRobotsOnBlackSite,numberOfRobotsOnWhiteSite
29643,25,20
timeStep,numberOfRobotsOnBlackSite,numberOfRobotsOnWhiteSite
29644,25,20
timeStep,numberOfRobotsOnBlackSite,numberOfRobotsOnWhiteSite
29645,25,20
timeStep,numberOfRobotsOnBlackSite,numberOfRobotsOnWhiteSite
29646,25,20
timeStep,numberOfRobotsOnBlackSite,numberOfRobotsOnWhiteSite
29647,25,20
timeStep,numberOfRobotsOnBlackSite,numberOfRobotsOnWhiteSite
29648,25,20
timeStep,numberOfRobotsOnBlackSite,numberOfRobotsOnWhiteSite
29649,25,20
timeStep,numberOfRobotsOnBlackSite,numberOfRobotsOnWhiteSite
29650,25,20
timeStep,numberOfRobotsOnBlackSite,numberOfRobotsOnWhiteSite
29651,25,20
timeStep,numberOfRobotsOnBlackSite,numberOfRobotsOnWhiteSite
29652,25,20
timeStep,numberOfRobotsOnBlackSite,numberOfRobotsOnWhiteSite
29653,25,20
timeStep,numberOfRobotsOnBlackSite,numberOfRobotsOnWhiteSite
29654,25,20
timeStep,numberOfRobotsOnBlackSite,numberOfRobotsOnWhiteSite
29655,25,20
timeStep,numberOfRobotsOnBlackSite,numberOfRobotsOnWhiteSite
29656,25,20
timeStep,numberOfRobotsOnBlackSite,numberOfRobotsOnWhiteSite
29657,25,20
timeStep,numberOfRobotsOnBlackSite,numberOfRobotsOnWhiteSite
29658,25,20
timeStep,numberOfRobotsOnBlackSite,numberOfRobotsOnWhiteSite
29659,25,20
timeStep,numberOfRobotsOnBlackSite,numberOfRobotsOnWhiteSite
29660,25,20
timeStep,numberOfRobotsOnBlackSite,numberOfRobotsOnWhiteSite
29661,25,20
timeStep,numberOfRobotsOnBlackSite,numberOfRobotsOnWhiteSite
29662,25,20
timeStep,numberOfRobotsOnBlackSite,numberOfRobotsOnWhiteSite
29663,25,20
timeStep,numberOfRobotsOnBlackSite,numberOfRobotsOnWhiteSite
29664,25,20
timeStep,numberOfRobotsOnBlackSite,numberOfRobotsOnWhiteSite
29665,25,20
timeStep,numberOfRobotsOnBlackSite,numberOfRobotsOnWhiteSite
29666,25,20
timeStep,numberOfRobotsOnBlackSite,numberOfRobotsOnWhiteSite
29667,25,20
timeStep,numberOfRobotsOnBlackSite,numberOfRobotsOnWhiteSite
29668,25,20
timeStep,numberOfRobotsOnBlackSite,numberOfRobotsOnWhiteSite
29669,25,20
timeStep,numberOfRobotsOnBlackSite,numberOfRobotsOnWhiteSite
29670,25,20
timeStep,numberOfRobotsOnBlackSite,numberOfRobotsOnWhiteSite
29671,25,20
timeStep,numberOfRobotsOnBlackSite,numberOfRobotsOnWhiteSite
29672,25,20
timeStep,numberOfRobotsOnBlackSite,numberOfRobotsOnWhiteSite
29673,25,20
timeStep,numberOfRobotsOnBlackSite,numberOfRobotsOnWhiteSite
29674,25,20
timeStep,numberOfRobotsOnBlackSite,numberOfRobotsOnWhiteSite
29675,25,20
timeStep,numberOfRobotsOnBlackSite,numberOfRobotsOnWhiteSite
29676,25,20
timeStep,numberOfRobotsOnBlackSite,numberOfRobotsOnWhiteSite
29677,25,20
timeStep,numberOfRobotsOnBlackSite,numberOfRobotsOnWhiteSite
29678,25,20
timeStep,numberOfRobotsOnBlackSite,numberOfRobotsOnWhiteSite
29679,25,20
timeStep,numberOfRobotsOnBlackSite,numberOfRobotsOnWhiteSite
29680,25,20
timeStep,numberOfRobotsOnBlackSite,numberOfRobotsOnWhiteSite
29681,25,20
timeStep,numberOfRobotsOnBlackSite,numberOfRobotsOnWhiteSite
29682,25,20
timeStep,numberOfRobotsOnBlackSite,numberOfRobotsOnWhiteSite
29683,25,20
timeStep,numberOfRobotsOnBlackSite,numberOfRobotsOnWhiteSite
29684,25,20
timeStep,numberOfRobotsOnBlackSite,numberOfRobotsOnWhiteSite
29685,25,20
timeStep,numberOfRobotsOnBlackSite,numberOfRobotsOnWhiteSite
29686,25,20
timeStep,numberOfRobotsOnBlackSite,numberOfRobotsOnWhiteSite
29687,25,20
timeStep,numberOfRobotsOnBlackSite,numberOfRobotsOnWhiteSite
29688,25,20
timeStep,numberOfRobotsOnBlackSite,numberOfRobotsOnWhiteSite
29689,25,20
timeStep,numberOfRobotsOnBlackSite,numberOfRobotsOnWhiteSite
29690,25,20
timeStep,numberOfRobotsOnBlackSite,numberOfRobotsOnWhiteSite
29691,25,20
timeStep,numberOfRobotsOnBlackSite,numberOfRobotsOnWhiteSite
29692,25,20
timeStep,numberOfRobotsOnBlackSite,numberOfRobotsOnWhiteSite
29693,25,20
timeStep,numberOfRobotsOnBlackSite,numberOfRobotsOnWhiteSite
29694,25,20
timeStep,numberOfRobotsOnBlackSite,numberOfRobotsOnWhiteSite
29695,25,20
timeStep,numberOfRobotsOnBlackSite,numberOfRobotsOnWhiteSite
29696,25,20
timeStep,numberOfRobotsOnBlackSite,numberOfRobotsOnWhiteSite
29697,25,20
timeStep,numberOfRobotsOnBlackSite,numberOfRobotsOnWhiteSite
29698,25,20
timeStep,numberOfRobotsOnBlackSite,numberOfRobotsOnWhiteSite
29699,25,20
timeStep,numberOfRobotsOnBlackSite,numberOfRobotsOnWhiteSite
29700,25,20
timeStep,numberOfRobotsOnBlackSite,numberOfRobotsOnWhiteSite
29701,25,20
timeStep,numberOfRobotsOnBlackSite,numberOfRobotsOnWhiteSite
29702,25,20
timeStep,numberOfRobotsOnBlackSite,numberOfRobotsOnWhiteSite
29703,25,20
timeStep,numberOfRobotsOnBlackSite,numberOfRobotsOnWhiteSite
29704,25,20
timeStep,numberOfRobotsOnBlackSite,numberOfRobotsOnWhiteSite
29705,25,20
timeStep,numberOfRobotsOnBlackSite,numberOfRobotsOnWhiteSite
29706,25,20
timeStep,numberOfRobotsOnBlackSite,numberOfRobotsOnWhiteSite
29707,25,20
timeStep,numberOfRobotsOnBlackSite,numberOfRobotsOnWhiteSite
29708,25,20
timeStep,numberOfRobotsOnBlackSite,numberOfRobotsOnWhiteSite
29709,25,20
timeStep,numberOfRobotsOnBlackSite,numberOfRobotsOnWhiteSite
29710,25,20
timeStep,numberOfRobotsOnBlackSite,numberOfRobotsOnWhiteSite
29711,25,20
timeStep,numberOfRobotsOnBlackSite,numberOfRobotsOnWhiteSite
29712,25,20
timeStep,numberOfRobotsOnBlackSite,numberOfRobotsOnWhiteSite
29713,25,20
timeStep,numberOfRobotsOnBlackSite,numberOfRobotsOnWhiteSite
29714,25,20
timeStep,numberOfRobotsOnBlackSite,numberOfRobotsOnWhiteSite
29715,25,20
timeStep,numberOfRobotsOnBlackSite,numberOfRobotsOnWhiteSite
29716,25,20
timeStep,numberOfRobotsOnBlackSite,numberOfRobotsOnWhiteSite
29717,25,20
timeStep,numberOfRobotsOnBlackSite,numberOfRobotsOnWhiteSite
29718,25,20
timeStep,numberOfRobotsOnBlackSite,numberOfRobotsOnWhiteSite
29719,25,20
timeStep,numberOfRobotsOnBlackSite,numberOfRobotsOnWhiteSite
29720,25,21
timeStep,numberOfRobotsOnBlackSite,numberOfRobotsOnWhiteSite
29721,25,21
timeStep,numberOfRobotsOnBlackSite,numberOfRobotsOnWhiteSite
29722,25,21
timeStep,numberOfRobotsOnBlackSite,numberOfRobotsOnWhiteSite
29723,25,21
timeStep,numberOfRobotsOnBlackSite,numberOfRobotsOnWhiteSite
29724,25,21
timeStep,numberOfRobotsOnBlackSite,numberOfRobotsOnWhiteSite
29725,25,21
timeStep,numberOfRobotsOnBlackSite,numberOfRobotsOnWhiteSite
29726,25,21
timeStep,numberOfRobotsOnBlackSite,numberOfRobotsOnWhiteSite
29727,25,21
timeStep,numberOfRobotsOnBlackSite,numberOfRobotsOnWhiteSite
29728,25,21
timeStep,numberOfRobotsOnBlackSite,numberOfRobotsOnWhiteSite
29729,25,21
timeStep,numberOfRobotsOnBlackSite,numberOfRobotsOnWhiteSite
29730,25,21
timeStep,numberOfRobotsOnBlackSite,numberOfRobotsOnWhiteSite
29731,25,21
timeStep,numberOfRobotsOnBlackSite,numberOfRobotsOnWhiteSite
29732,25,21
timeStep,numberOfRobotsOnBlackSite,numberOfRobotsOnWhiteSite
29733,25,21
timeStep,numberOfRobotsOnBlackSite,numberOfRobotsOnWhiteSite
29734,25,21
timeStep,numberOfRobotsOnBlackSite,numberOfRobotsOnWhiteSite
29735,25,21
timeStep,numberOfRobotsOnBlackSite,numberOfRobotsOnWhiteSite
29736,25,21
timeStep,numberOfRobotsOnBlackSite,numberOfRobotsOnWhiteSite
29737,25,21
timeStep,numberOfRobotsOnBlackSite,numberOfRobotsOnWhiteSite
29738,25,21
timeStep,numberOfRobotsOnBlackSite,numberOfRobotsOnWhiteSite
29739,25,21
timeStep,numberOfRobotsOnBlackSite,numberOfRobotsOnWhiteSite
29740,25,21
timeStep,numberOfRobotsOnBlackSite,numberOfRobotsOnWhiteSite
29741,25,21
timeStep,numberOfRobotsOnBlackSite,numberOfRobotsOnWhiteSite
29742,25,21
timeStep,numberOfRobotsOnBlackSite,numberOfRobotsOnWhiteSite
29743,25,21
timeStep,numberOfRobotsOnBlackSite,numberOfRobotsOnWhiteSite
29744,25,21
timeStep,numberOfRobotsOnBlackSite,numberOfRobotsOnWhiteSite
29745,25,21
timeStep,numberOfRobotsOnBlackSite,numberOfRobotsOnWhiteSite
29746,25,21
timeStep,numberOfRobotsOnBlackSite,numberOfRobotsOnWhiteSite
29747,25,21
timeStep,numberOfRobotsOnBlackSite,numberOfRobotsOnWhiteSite
29748,25,21
timeStep,numberOfRobotsOnBlackSite,numberOfRobotsOnWhiteSite
29749,25,21
timeStep,numberOfRobotsOnBlackSite,numberOfRobotsOnWhiteSite
29750,25,21
timeStep,numberOfRobotsOnBlackSite,numberOfRobotsOnWhiteSite
29751,25,21
timeStep,numberOfRobotsOnBlackSite,numberOfRobotsOnWhiteSite
29752,25,21
timeStep,numberOfRobotsOnBlackSite,numberOfRobotsOnWhiteSite
29753,25,21
timeStep,numberOfRobotsOnBlackSite,numberOfRobotsOnWhiteSite
29754,25,21
timeStep,numberOfRobotsOnBlackSite,numberOfRobotsOnWhiteSite
29755,25,21
timeStep,numberOfRobotsOnBlackSite,numberOfRobotsOnWhiteSite
29756,25,21
timeStep,numberOfRobotsOnBlackSite,numberOfRobotsOnWhiteSite
29757,25,21
timeStep,numberOfRobotsOnBlackSite,numberOfRobotsOnWhiteSite
29758,25,21
timeStep,numberOfRobotsOnBlackSite,numberOfRobotsOnWhiteSite
29759,25,21
timeStep,numberOfRobotsOnBlackSite,numberOfRobotsOnWhiteSite
29760,25,21
timeStep,numberOfRobotsOnBlackSite,numberOfRobotsOnWhiteSite
29761,25,21
timeStep,numberOfRobotsOnBlackSite,numberOfRobotsOnWhiteSite
29762,25,21
timeStep,numberOfRobotsOnBlackSite,numberOfRobotsOnWhiteSite
29763,25,21
timeStep,numberOfRobotsOnBlackSite,numberOfRobotsOnWhiteSite
29764,25,21
timeStep,numberOfRobotsOnBlackSite,numberOfRobotsOnWhiteSite
29765,25,21
timeStep,numberOfRobotsOnBlackSite,numberOfRobotsOnWhiteSite
29766,25,21
timeStep,numberOfRobotsOnBlackSite,numberOfRobotsOnWhiteSite
29767,25,21
timeStep,numberOfRobotsOnBlackSite,numberOfRobotsOnWhiteSite
29768,25,21
timeStep,numberOfRobotsOnBlackSite,numberOfRobotsOnWhiteSite
29769,25,21
timeStep,numberOfRobotsOnBlackSite,numberOfRobotsOnWhiteSite
29770,25,21
timeStep,numberOfRobotsOnBlackSite,numberOfRobotsOnWhiteSite
29771,25,21
timeStep,numberOfRobotsOnBlackSite,numberOfRobotsOnWhiteSite
29772,25,21
timeStep,numberOfRobotsOnBlackSite,numberOfRobotsOnWhiteSite
29773,25,21
timeStep,numberOfRobotsOnBlackSite,numberOfRobotsOnWhiteSite
29774,25,21
timeStep,numberOfRobotsOnBlackSite,numberOfRobotsOnWhiteSite
29775,25,21
timeStep,numberOfRobotsOnBlackSite,numberOfRobotsOnWhiteSite
29776,25,21
timeStep,numberOfRobotsOnBlackSite,numberOfRobotsOnWhiteSite
29777,25,21
timeStep,numberOfRobotsOnBlackSite,numberOfRobotsOnWhiteSite
29778,25,21
timeStep,numberOfRobotsOnBlackSite,numberOfRobotsOnWhiteSite
29779,25,21
timeStep,numberOfRobotsOnBlackSite,numberOfRobotsOnWhiteSite
29780,25,21
timeStep,numberOfRobotsOnBlackSite,numberOfRobotsOnWhiteSite
29781,25,21
timeStep,numberOfRobotsOnBlackSite,numberOfRobotsOnWhiteSite
29782,25,21
timeStep,numberOfRobotsOnBlackSite,numberOfRobotsOnWhiteSite
29783,25,21
timeStep,numberOfRobotsOnBlackSite,numberOfRobotsOnWhiteSite
29784,25,21
timeStep,numberOfRobotsOnBlackSite,numberOfRobotsOnWhiteSite
29785,25,21
timeStep,numberOfRobotsOnBlackSite,numberOfRobotsOnWhiteSite
29786,25,21
timeStep,numberOfRobotsOnBlackSite,numberOfRobotsOnWhiteSite
29787,25,21
timeStep,numberOfRobotsOnBlackSite,numberOfRobotsOnWhiteSite
29788,25,21
timeStep,numberOfRobotsOnBlackSite,numberOfRobotsOnWhiteSite
29789,25,21
timeStep,numberOfRobotsOnBlackSite,numberOfRobotsOnWhiteSite
29790,25,21
timeStep,numberOfRobotsOnBlackSite,numberOfRobotsOnWhiteSite
29791,25,21
timeStep,numberOfRobotsOnBlackSite,numberOfRobotsOnWhiteSite
29792,25,21
timeStep,numberOfRobotsOnBlackSite,numberOfRobotsOnWhiteSite
29793,25,21
timeStep,numberOfRobotsOnBlackSite,numberOfRobotsOnWhiteSite
29794,25,21
timeStep,numberOfRobotsOnBlackSite,numberOfRobotsOnWhiteSite
29795,25,21
timeStep,numberOfRobotsOnBlackSite,numberOfRobotsOnWhiteSite
29796,25,21
timeStep,numberOfRobotsOnBlackSite,numberOfRobotsOnWhiteSite
29797,25,21
timeStep,numberOfRobotsOnBlackSite,numberOfRobotsOnWhiteSite
29798,25,21
timeStep,numberOfRobotsOnBlackSite,numberOfRobotsOnWhiteSite
29799,25,21
timeStep,numberOfRobotsOnBlackSite,numberOfRobotsOnWhiteSite
29800,25,21
timeStep,numberOfRobotsOnBlackSite,numberOfRobotsOnWhiteSite
29801,25,21
timeStep,numberOfRobotsOnBlackSite,numberOfRobotsOnWhiteSite
29802,25,21
timeStep,numberOfRobotsOnBlackSite,numberOfRobotsOnWhiteSite
29803,25,21
timeStep,numberOfRobotsOnBlackSite,numberOfRobotsOnWhiteSite
29804,25,21
timeStep,numberOfRobotsOnBlackSite,numberOfRobotsOnWhiteSite
29805,25,21
timeStep,numberOfRobotsOnBlackSite,numberOfRobotsOnWhiteSite
29806,25,21
timeStep,numberOfRobotsOnBlackSite,numberOfRobotsOnWhiteSite
29807,25,21
timeStep,numberOfRobotsOnBlackSite,numberOfRobotsOnWhiteSite
29808,25,21
timeStep,numberOfRobotsOnBlackSite,numberOfRobotsOnWhiteSite
29809,25,21
timeStep,numberOfRobotsOnBlackSite,numberOfRobotsOnWhiteSite
29810,25,21
timeStep,numberOfRobotsOnBlackSite,numberOfRobotsOnWhiteSite
29811,25,21
timeStep,numberOfRobotsOnBlackSite,numberOfRobotsOnWhiteSite
29812,25,21
timeStep,numberOfRobotsOnBlackSite,numberOfRobotsOnWhiteSite
29813,25,21
timeStep,numberOfRobotsOnBlackSite,numberOfRobotsOnWhiteSite
29814,25,21
timeStep,numberOfRobotsOnBlackSite,numberOfRobotsOnWhiteSite
29815,25,21
timeStep,numberOfRobotsOnBlackSite,numberOfRobotsOnWhiteSite
29816,25,21
timeStep,numberOfRobotsOnBlackSite,numberOfRobotsOnWhiteSite
29817,25,21
timeStep,numberOfRobotsOnBlackSite,numberOfRobotsOnWhiteSite
29818,25,21
timeStep,numberOfRobotsOnBlackSite,numberOfRobotsOnWhiteSite
29819,25,21
timeStep,numberOfRobotsOnBlackSite,numberOfRobotsOnWhiteSite
29820,25,21
timeStep,numberOfRobotsOnBlackSite,numberOfRobotsOnWhiteSite
29821,25,21
timeStep,numberOfRobotsOnBlackSite,numberOfRobotsOnWhiteSite
29822,25,21
timeStep,numberOfRobotsOnBlackSite,numberOfRobotsOnWhiteSite
29823,25,21
timeStep,numberOfRobotsOnBlackSite,numberOfRobotsOnWhiteSite
29824,25,21
timeStep,numberOfRobotsOnBlackSite,numberOfRobotsOnWhiteSite
29825,25,21
timeStep,numberOfRobotsOnBlackSite,numberOfRobotsOnWhiteSite
29826,25,21
timeStep,numberOfRobotsOnBlackSite,numberOfRobotsOnWhiteSite
29827,25,21
timeStep,numberOfRobotsOnBlackSite,numberOfRobotsOnWhiteSite
29828,25,21
timeStep,numberOfRobotsOnBlackSite,numberOfRobotsOnWhiteSite
29829,25,21
timeStep,numberOfRobotsOnBlackSite,numberOfRobotsOnWhiteSite
29830,25,21
timeStep,numberOfRobotsOnBlackSite,numberOfRobotsOnWhiteSite
29831,25,21
timeStep,numberOfRobotsOnBlackSite,numberOfRobotsOnWhiteSite
29832,25,21
timeStep,numberOfRobotsOnBlackSite,numberOfRobotsOnWhiteSite
29833,25,21
timeStep,numberOfRobotsOnBlackSite,numberOfRobotsOnWhiteSite
29834,25,21
timeStep,numberOfRobotsOnBlackSite,numberOfRobotsOnWhiteSite
29835,25,21
timeStep,numberOfRobotsOnBlackSite,numberOfRobotsOnWhiteSite
29836,25,21
timeStep,numberOfRobotsOnBlackSite,numberOfRobotsOnWhiteSite
29837,25,21
timeStep,numberOfRobotsOnBlackSite,numberOfRobotsOnWhiteSite
29838,25,21
timeStep,numberOfRobotsOnBlackSite,numberOfRobotsOnWhiteSite
29839,25,21
timeStep,numberOfRobotsOnBlackSite,numberOfRobotsOnWhiteSite
29840,25,21
timeStep,numberOfRobotsOnBlackSite,numberOfRobotsOnWhiteSite
29841,25,21
timeStep,numberOfRobotsOnBlackSite,numberOfRobotsOnWhiteSite
29842,25,21
timeStep,numberOfRobotsOnBlackSite,numberOfRobotsOnWhiteSite
29843,25,21
timeStep,numberOfRobotsOnBlackSite,numberOfRobotsOnWhiteSite
29844,25,21
timeStep,numberOfRobotsOnBlackSite,numberOfRobotsOnWhiteSite
29845,25,21
timeStep,numberOfRobotsOnBlackSite,numberOfRobotsOnWhiteSite
29846,25,21
timeStep,numberOfRobotsOnBlackSite,numberOfRobotsOnWhiteSite
29847,25,21
timeStep,numberOfRobotsOnBlackSite,numberOfRobotsOnWhiteSite
29848,25,21
timeStep,numberOfRobotsOnBlackSite,numberOfRobotsOnWhiteSite
29849,25,21
timeStep,numberOfRobotsOnBlackSite,numberOfRobotsOnWhiteSite
29850,25,21
timeStep,numberOfRobotsOnBlackSite,numberOfRobotsOnWhiteSite
29851,25,21
timeStep,numberOfRobotsOnBlackSite,numberOfRobotsOnWhiteSite
29852,25,21
timeStep,numberOfRobotsOnBlackSite,numberOfRobotsOnWhiteSite
29853,25,21
timeStep,numberOfRobotsOnBlackSite,numberOfRobotsOnWhiteSite
29854,25,21
timeStep,numberOfRobotsOnBlackSite,numberOfRobotsOnWhiteSite
29855,25,21
timeStep,numberOfRobotsOnBlackSite,numberOfRobotsOnWhiteSite
29856,25,21
timeStep,numberOfRobotsOnBlackSite,numberOfRobotsOnWhiteSite
29857,25,21
timeStep,numberOfRobotsOnBlackSite,numberOfRobotsOnWhiteSite
29858,25,21
timeStep,numberOfRobotsOnBlackSite,numberOfRobotsOnWhiteSite
29859,25,21
timeStep,numberOfRobotsOnBlackSite,numberOfRobotsOnWhiteSite
29860,25,21
timeStep,numberOfRobotsOnBlackSite,numberOfRobotsOnWhiteSite
29861,25,21
timeStep,numberOfRobotsOnBlackSite,numberOfRobotsOnWhiteSite
29862,25,21
timeStep,numberOfRobotsOnBlackSite,numberOfRobotsOnWhiteSite
29863,25,21
timeStep,numberOfRobotsOnBlackSite,numberOfRobotsOnWhiteSite
29864,25,21
timeStep,numberOfRobotsOnBlackSite,numberOfRobotsOnWhiteSite
29865,25,21
timeStep,numberOfRobotsOnBlackSite,numberOfRobotsOnWhiteSite
29866,25,21
timeStep,numberOfRobotsOnBlackSite,numberOfRobotsOnWhiteSite
29867,25,21
timeStep,numberOfRobotsOnBlackSite,numberOfRobotsOnWhiteSite
29868,25,21
timeStep,numberOfRobotsOnBlackSite,numberOfRobotsOnWhiteSite
29869,25,21
timeStep,numberOfRobotsOnBlackSite,numberOfRobotsOnWhiteSite
29870,25,21
timeStep,numberOfRobotsOnBlackSite,numberOfRobotsOnWhiteSite
29871,25,21
timeStep,numberOfRobotsOnBlackSite,numberOfRobotsOnWhiteSite
29872,25,21
timeStep,numberOfRobotsOnBlackSite,numberOfRobotsOnWhiteSite
29873,25,21
timeStep,numberOfRobotsOnBlackSite,numberOfRobotsOnWhiteSite
29874,25,21
timeStep,numberOfRobotsOnBlackSite,numberOfRobotsOnWhiteSite
29875,25,21
timeStep,numberOfRobotsOnBlackSite,numberOfRobotsOnWhiteSite
29876,25,21
timeStep,numberOfRobotsOnBlackSite,numberOfRobotsOnWhiteSite
29877,25,21
timeStep,numberOfRobotsOnBlackSite,numberOfRobotsOnWhiteSite
29878,25,21
timeStep,numberOfRobotsOnBlackSite,numberOfRobotsOnWhiteSite
29879,25,21
timeStep,numberOfRobotsOnBlackSite,numberOfRobotsOnWhiteSite
29880,25,21
timeStep,numberOfRobotsOnBlackSite,numberOfRobotsOnWhiteSite
29881,25,21
timeStep,numberOfRobotsOnBlackSite,numberOfRobotsOnWhiteSite
29882,25,21
timeStep,numberOfRobotsOnBlackSite,numberOfRobotsOnWhiteSite
29883,25,21
timeStep,numberOfRobotsOnBlackSite,numberOfRobotsOnWhiteSite
29884,25,21
timeStep,numberOfRobotsOnBlackSite,numberOfRobotsOnWhiteSite
29885,25,21
timeStep,numberOfRobotsOnBlackSite,numberOfRobotsOnWhiteSite
29886,25,21
timeStep,numberOfRobotsOnBlackSite,numberOfRobotsOnWhiteSite
29887,25,21
timeStep,numberOfRobotsOnBlackSite,numberOfRobotsOnWhiteSite
29888,25,21
timeStep,numberOfRobotsOnBlackSite,numberOfRobotsOnWhiteSite
29889,25,21
timeStep,numberOfRobotsOnBlackSite,numberOfRobotsOnWhiteSite
29890,25,21
timeStep,numberOfRobotsOnBlackSite,numberOfRobotsOnWhiteSite
29891,25,21
timeStep,numberOfRobotsOnBlackSite,numberOfRobotsOnWhiteSite
29892,25,21
timeStep,numberOfRobotsOnBlackSite,numberOfRobotsOnWhiteSite
29893,25,21
timeStep,numberOfRobotsOnBlackSite,numberOfRobotsOnWhiteSite
29894,25,21
timeStep,numberOfRobotsOnBlackSite,numberOfRobotsOnWhiteSite
29895,25,21
timeStep,numberOfRobotsOnBlackSite,numberOfRobotsOnWhiteSite
29896,25,21
timeStep,numberOfRobotsOnBlackSite,numberOfRobotsOnWhiteSite
29897,25,21
timeStep,numberOfRobotsOnBlackSite,numberOfRobotsOnWhiteSite
29898,25,21
timeStep,numberOfRobotsOnBlackSite,numberOfRobotsOnWhiteSite
29899,25,21
timeStep,numberOfRobotsOnBlackSite,numberOfRobotsOnWhiteSite
29900,25,21
timeStep,numberOfRobotsOnBlackSite,numberOfRobotsOnWhiteSite
29901,25,21
timeStep,numberOfRobotsOnBlackSite,numberOfRobotsOnWhiteSite
29902,25,21
timeStep,numberOfRobotsOnBlackSite,numberOfRobotsOnWhiteSite
29903,25,21
timeStep,numberOfRobotsOnBlackSite,numberOfRobotsOnWhiteSite
29904,25,21
timeStep,numberOfRobotsOnBlackSite,numberOfRobotsOnWhiteSite
29905,26,21
timeStep,numberOfRobotsOnBlackSite,numberOfRobotsOnWhiteSite
29906,26,21
timeStep,numberOfRobotsOnBlackSite,numberOfRobotsOnWhiteSite
29907,26,21
timeStep,numberOfRobotsOnBlackSite,numberOfRobotsOnWhiteSite
29908,26,21
timeStep,numberOfRobotsOnBlackSite,numberOfRobotsOnWhiteSite
29909,26,21
timeStep,numberOfRobotsOnBlackSite,numberOfRobotsOnWhiteSite
29910,26,21
timeStep,numberOfRobotsOnBlackSite,numberOfRobotsOnWhiteSite
29911,26,21
timeStep,numberOfRobotsOnBlackSite,numberOfRobotsOnWhiteSite
29912,26,21
timeStep,numberOfRobotsOnBlackSite,numberOfRobotsOnWhiteSite
29913,26,21
timeStep,numberOfRobotsOnBlackSite,numberOfRobotsOnWhiteSite
29914,26,21
timeStep,numberOfRobotsOnBlackSite,numberOfRobotsOnWhiteSite
29915,26,21
timeStep,numberOfRobotsOnBlackSite,numberOfRobotsOnWhiteSite
29916,26,21
timeStep,numberOfRobotsOnBlackSite,numberOfRobotsOnWhiteSite
29917,26,21
timeStep,numberOfRobotsOnBlackSite,numberOfRobotsOnWhiteSite
29918,26,21
timeStep,numberOfRobotsOnBlackSite,numberOfRobotsOnWhiteSite
29919,26,21
timeStep,numberOfRobotsOnBlackSite,numberOfRobotsOnWhiteSite
29920,26,21
timeStep,numberOfRobotsOnBlackSite,numberOfRobotsOnWhiteSite
29921,26,21
timeStep,numberOfRobotsOnBlackSite,numberOfRobotsOnWhiteSite
29922,26,21
timeStep,numberOfRobotsOnBlackSite,numberOfRobotsOnWhiteSite
29923,26,21
timeStep,numberOfRobotsOnBlackSite,numberOfRobotsOnWhiteSite
29924,26,21
timeStep,numberOfRobotsOnBlackSite,numberOfRobotsOnWhiteSite
29925,26,21
timeStep,numberOfRobotsOnBlackSite,numberOfRobotsOnWhiteSite
29926,26,21
timeStep,numberOfRobotsOnBlackSite,numberOfRobotsOnWhiteSite
29927,26,21
timeStep,numberOfRobotsOnBlackSite,numberOfRobotsOnWhiteSite
29928,26,21
timeStep,numberOfRobotsOnBlackSite,numberOfRobotsOnWhiteSite
29929,26,21
timeStep,numberOfRobotsOnBlackSite,numberOfRobotsOnWhiteSite
29930,26,21
timeStep,numberOfRobotsOnBlackSite,numberOfRobotsOnWhiteSite
29931,26,21
timeStep,numberOfRobotsOnBlackSite,numberOfRobotsOnWhiteSite
29932,26,21
timeStep,numberOfRobotsOnBlackSite,numberOfRobotsOnWhiteSite
29933,26,21
timeStep,numberOfRobotsOnBlackSite,numberOfRobotsOnWhiteSite
29934,26,21
timeStep,numberOfRobotsOnBlackSite,numberOfRobotsOnWhiteSite
29935,26,21
timeStep,numberOfRobotsOnBlackSite,numberOfRobotsOnWhiteSite
29936,26,21
timeStep,numberOfRobotsOnBlackSite,numberOfRobotsOnWhiteSite
29937,26,21
timeStep,numberOfRobotsOnBlackSite,numberOfRobotsOnWhiteSite
29938,26,21
timeStep,numberOfRobotsOnBlackSite,numberOfRobotsOnWhiteSite
29939,26,21
timeStep,numberOfRobotsOnBlackSite,numberOfRobotsOnWhiteSite
29940,26,21
timeStep,numberOfRobotsOnBlackSite,numberOfRobotsOnWhiteSite
29941,26,21
timeStep,numberOfRobotsOnBlackSite,numberOfRobotsOnWhiteSite
29942,26,21
timeStep,numberOfRobotsOnBlackSite,numberOfRobotsOnWhiteSite
29943,26,21
timeStep,numberOfRobotsOnBlackSite,numberOfRobotsOnWhiteSite
29944,26,21
timeStep,numberOfRobotsOnBlackSite,numberOfRobotsOnWhiteSite
29945,26,21
timeStep,numberOfRobotsOnBlackSite,numberOfRobotsOnWhiteSite
29946,26,21
timeStep,numberOfRobotsOnBlackSite,numberOfRobotsOnWhiteSite
29947,26,21
timeStep,numberOfRobotsOnBlackSite,numberOfRobotsOnWhiteSite
29948,26,21
timeStep,numberOfRobotsOnBlackSite,numberOfRobotsOnWhiteSite
29949,26,21
timeStep,numberOfRobotsOnBlackSite,numberOfRobotsOnWhiteSite
29950,26,21
timeStep,numberOfRobotsOnBlackSite,numberOfRobotsOnWhiteSite
29951,26,21
timeStep,numberOfRobotsOnBlackSite,numberOfRobotsOnWhiteSite
29952,26,21
timeStep,numberOfRobotsOnBlackSite,numberOfRobotsOnWhiteSite
29953,26,21
timeStep,numberOfRobotsOnBlackSite,numberOfRobotsOnWhiteSite
29954,26,21
timeStep,numberOfRobotsOnBlackSite,numberOfRobotsOnWhiteSite
29955,26,21
timeStep,numberOfRobotsOnBlackSite,numberOfRobotsOnWhiteSite
29956,26,21
timeStep,numberOfRobotsOnBlackSite,numberOfRobotsOnWhiteSite
29957,26,21
timeStep,numberOfRobotsOnBlackSite,numberOfRobotsOnWhiteSite
29958,26,21
timeStep,numberOfRobotsOnBlackSite,numberOfRobotsOnWhiteSite
29959,26,21
timeStep,numberOfRobotsOnBlackSite,numberOfRobotsOnWhiteSite
29960,26,21
timeStep,numberOfRobotsOnBlackSite,numberOfRobotsOnWhiteSite
29961,26,21
timeStep,numberOfRobotsOnBlackSite,numberOfRobotsOnWhiteSite
29962,26,21
timeStep,numberOfRobotsOnBlackSite,numberOfRobotsOnWhiteSite
29963,26,21
timeStep,numberOfRobotsOnBlackSite,numberOfRobotsOnWhiteSite
29964,26,21
timeStep,numberOfRobotsOnBlackSite,numberOfRobotsOnWhiteSite
29965,26,21
timeStep,numberOfRobotsOnBlackSite,numberOfRobotsOnWhiteSite
29966,26,21
timeStep,numberOfRobotsOnBlackSite,numberOfRobotsOnWhiteSite
29967,26,21
timeStep,numberOfRobotsOnBlackSite,numberOfRobotsOnWhiteSite
29968,26,21
timeStep,numberOfRobotsOnBlackSite,numberOfRobotsOnWhiteSite
29969,26,21
timeStep,numberOfRobotsOnBlackSite,numberOfRobotsOnWhiteSite
29970,26,21
timeStep,numberOfRobotsOnBlackSite,numberOfRobotsOnWhiteSite
29971,26,21
timeStep,numberOfRobotsOnBlackSite,numberOfRobotsOnWhiteSite
29972,26,21
timeStep,numberOfRobotsOnBlackSite,numberOfRobotsOnWhiteSite
29973,26,21
timeStep,numberOfRobotsOnBlackSite,numberOfRobotsOnWhiteSite
29974,26,21
timeStep,numberOfRobotsOnBlackSite,numberOfRobotsOnWhiteSite
29975,26,22
timeStep,numberOfRobotsOnBlackSite,numberOfRobotsOnWhiteSite
29976,26,22
timeStep,numberOfRobotsOnBlackSite,numberOfRobotsOnWhiteSite
29977,26,22
timeStep,numberOfRobotsOnBlackSite,numberOfRobotsOnWhiteSite
29978,26,22
timeStep,numberOfRobotsOnBlackSite,numberOfRobotsOnWhiteSite
29979,26,22
timeStep,numberOfRobotsOnBlackSite,numberOfRobotsOnWhiteSite
29980,26,21
timeStep,numberOfRobotsOnBlackSite,numberOfRobotsOnWhiteSite
29981,26,21
timeStep,numberOfRobotsOnBlackSite,numberOfRobotsOnWhiteSite
29982,26,21
timeStep,numberOfRobotsOnBlackSite,numberOfRobotsOnWhiteSite
29983,26,21
timeStep,numberOfRobotsOnBlackSite,numberOfRobotsOnWhiteSite
29984,26,21
timeStep,numberOfRobotsOnBlackSite,numberOfRobotsOnWhiteSite
29985,26,21
timeStep,numberOfRobotsOnBlackSite,numberOfRobotsOnWhiteSite
29986,26,21
timeStep,numberOfRobotsOnBlackSite,numberOfRobotsOnWhiteSite
29987,26,21
timeStep,numberOfRobotsOnBlackSite,numberOfRobotsOnWhiteSite
29988,26,21
timeStep,numberOfRobotsOnBlackSite,numberOfRobotsOnWhiteSite
29989,26,21
timeStep,numberOfRobotsOnBlackSite,numberOfRobotsOnWhiteSite
29990,26,21
timeStep,numberOfRobotsOnBlackSite,numberOfRobotsOnWhiteSite
29991,26,21
timeStep,numberOfRobotsOnBlackSite,numberOfRobotsOnWhiteSite
29992,26,21
timeStep,numberOfRobotsOnBlackSite,numberOfRobotsOnWhiteSite
29993,26,21
timeStep,numberOfRobotsOnBlackSite,numberOfRobotsOnWhiteSite
29994,26,21
timeStep,numberOfRobotsOnBlackSite,numberOfRobotsOnWhiteSite
29995,26,21
timeStep,numberOfRobotsOnBlackSite,numberOfRobotsOnWhiteSite
29996,26,21
timeStep,numberOfRobotsOnBlackSite,numberOfRobotsOnWhiteSite
29997,26,21
timeStep,numberOfRobotsOnBlackSite,numberOfRobotsOnWhiteSite
29998,26,21
timeStep,numberOfRobotsOnBlackSite,numberOfRobotsOnWhiteSite
29999,26,21
timeStep,numberOfRobotsOnBlackSite,numberOfRobotsOnWhiteSite
30000,26,21
timeStep,numberOfRobotsOnBlackSite,numberOfRobotsOnWhiteSite
30001,26,21
timeStep,numberOfRobotsOnBlackSite,numberOfRobotsOnWhiteSite
30002,26,21
timeStep,numberOfRobotsOnBlackSite,numberOfRobotsOnWhiteSite
30003,26,21
timeStep,numberOfRobotsOnBlackSite,numberOfRobotsOnWhiteSite
30004,26,21
timeStep,numberOfRobotsOnBlackSite,numberOfRobotsOnWhiteSite
30005,26,21
timeStep,numberOfRobotsOnBlackSite,numberOfRobotsOnWhiteSite
30006,26,21
timeStep,numberOfRobotsOnBlackSite,numberOfRobotsOnWhiteSite
30007,26,21
timeStep,numberOfRobotsOnBlackSite,numberOfRobotsOnWhiteSite
30008,26,21
timeStep,numberOfRobotsOnBlackSite,numberOfRobotsOnWhiteSite
30009,26,21
timeStep,numberOfRobotsOnBlackSite,numberOfRobotsOnWhiteSite
30010,26,21
timeStep,numberOfRobotsOnBlackSite,numberOfRobotsOnWhiteSite
30011,26,21
timeStep,numberOfRobotsOnBlackSite,numberOfRobotsOnWhiteSite
30012,26,21
timeStep,numberOfRobotsOnBlackSite,numberOfRobotsOnWhiteSite
30013,26,21
timeStep,numberOfRobotsOnBlackSite,numberOfRobotsOnWhiteSite
30014,26,21
timeStep,numberOfRobotsOnBlackSite,numberOfRobotsOnWhiteSite
30015,26,22
timeStep,numberOfRobotsOnBlackSite,numberOfRobotsOnWhiteSite
30016,26,22
timeStep,numberOfRobotsOnBlackSite,numberOfRobotsOnWhiteSite
30017,26,22
timeStep,numberOfRobotsOnBlackSite,numberOfRobotsOnWhiteSite
30018,26,22
timeStep,numberOfRobotsOnBlackSite,numberOfRobotsOnWhiteSite
30019,26,22
timeStep,numberOfRobotsOnBlackSite,numberOfRobotsOnWhiteSite
30020,26,22
timeStep,numberOfRobotsOnBlackSite,numberOfRobotsOnWhiteSite
30021,26,22
timeStep,numberOfRobotsOnBlackSite,numberOfRobotsOnWhiteSite
30022,26,22
timeStep,numberOfRobotsOnBlackSite,numberOfRobotsOnWhiteSite
30023,26,22
timeStep,numberOfRobotsOnBlackSite,numberOfRobotsOnWhiteSite
30024,26,22
timeStep,numberOfRobotsOnBlackSite,numberOfRobotsOnWhiteSite
30025,26,22
timeStep,numberOfRobotsOnBlackSite,numberOfRobotsOnWhiteSite
30026,26,22
timeStep,numberOfRobotsOnBlackSite,numberOfRobotsOnWhiteSite
30027,26,22
timeStep,numberOfRobotsOnBlackSite,numberOfRobotsOnWhiteSite
30028,26,22
timeStep,numberOfRobotsOnBlackSite,numberOfRobotsOnWhiteSite
30029,26,22
timeStep,numberOfRobotsOnBlackSite,numberOfRobotsOnWhiteSite
30030,26,22
timeStep,numberOfRobotsOnBlackSite,numberOfRobotsOnWhiteSite
30031,26,22
timeStep,numberOfRobotsOnBlackSite,numberOfRobotsOnWhiteSite
30032,26,22
timeStep,numberOfRobotsOnBlackSite,numberOfRobotsOnWhiteSite
30033,26,22
timeStep,numberOfRobotsOnBlackSite,numberOfRobotsOnWhiteSite
30034,26,22
timeStep,numberOfRobotsOnBlackSite,numberOfRobotsOnWhiteSite
30035,26,22
timeStep,numberOfRobotsOnBlackSite,numberOfRobotsOnWhiteSite
30036,26,22
timeStep,numberOfRobotsOnBlackSite,numberOfRobotsOnWhiteSite
30037,26,22
timeStep,numberOfRobotsOnBlackSite,numberOfRobotsOnWhiteSite
30038,26,22
timeStep,numberOfRobotsOnBlackSite,numberOfRobotsOnWhiteSite
30039,26,22
timeStep,numberOfRobotsOnBlackSite,numberOfRobotsOnWhiteSite
30040,26,22
timeStep,numberOfRobotsOnBlackSite,numberOfRobotsOnWhiteSite
30041,26,22
timeStep,numberOfRobotsOnBlackSite,numberOfRobotsOnWhiteSite
30042,26,22
timeStep,numberOfRobotsOnBlackSite,numberOfRobotsOnWhiteSite
30043,26,22
timeStep,numberOfRobotsOnBlackSite,numberOfRobotsOnWhiteSite
30044,26,22
timeStep,numberOfRobotsOnBlackSite,numberOfRobotsOnWhiteSite
30045,26,22
timeStep,numberOfRobotsOnBlackSite,numberOfRobotsOnWhiteSite
30046,26,22
timeStep,numberOfRobotsOnBlackSite,numberOfRobotsOnWhiteSite
30047,26,22
timeStep,numberOfRobotsOnBlackSite,numberOfRobotsOnWhiteSite
30048,26,22
timeStep,numberOfRobotsOnBlackSite,numberOfRobotsOnWhiteSite
30049,26,22
timeStep,numberOfRobotsOnBlackSite,numberOfRobotsOnWhiteSite
30050,26,22
timeStep,numberOfRobotsOnBlackSite,numberOfRobotsOnWhiteSite
30051,26,22
timeStep,numberOfRobotsOnBlackSite,numberOfRobotsOnWhiteSite
30052,26,22
timeStep,numberOfRobotsOnBlackSite,numberOfRobotsOnWhiteSite
30053,26,22
timeStep,numberOfRobotsOnBlackSite,numberOfRobotsOnWhiteSite
30054,26,22
timeStep,numberOfRobotsOnBlackSite,numberOfRobotsOnWhiteSite
30055,26,22
timeStep,numberOfRobotsOnBlackSite,numberOfRobotsOnWhiteSite
30056,26,22
timeStep,numberOfRobotsOnBlackSite,numberOfRobotsOnWhiteSite
30057,26,22
timeStep,numberOfRobotsOnBlackSite,numberOfRobotsOnWhiteSite
30058,26,22
timeStep,numberOfRobotsOnBlackSite,numberOfRobotsOnWhiteSite
30059,26,22
timeStep,numberOfRobotsOnBlackSite,numberOfRobotsOnWhiteSite
30060,26,22
timeStep,numberOfRobotsOnBlackSite,numberOfRobotsOnWhiteSite
30061,26,22
timeStep,numberOfRobotsOnBlackSite,numberOfRobotsOnWhiteSite
30062,26,22
timeStep,numberOfRobotsOnBlackSite,numberOfRobotsOnWhiteSite
30063,26,22
timeStep,numberOfRobotsOnBlackSite,numberOfRobotsOnWhiteSite
30064,26,22
timeStep,numberOfRobotsOnBlackSite,numberOfRobotsOnWhiteSite
30065,26,22
timeStep,numberOfRobotsOnBlackSite,numberOfRobotsOnWhiteSite
30066,26,22
timeStep,numberOfRobotsOnBlackSite,numberOfRobotsOnWhiteSite
30067,26,22
timeStep,numberOfRobotsOnBlackSite,numberOfRobotsOnWhiteSite
30068,26,22
timeStep,numberOfRobotsOnBlackSite,numberOfRobotsOnWhiteSite
30069,26,22
timeStep,numberOfRobotsOnBlackSite,numberOfRobotsOnWhiteSite
30070,26,22
timeStep,numberOfRobotsOnBlackSite,numberOfRobotsOnWhiteSite
30071,26,22
timeStep,numberOfRobotsOnBlackSite,numberOfRobotsOnWhiteSite
30072,26,22
timeStep,numberOfRobotsOnBlackSite,numberOfRobotsOnWhiteSite
30073,26,22
timeStep,numberOfRobotsOnBlackSite,numberOfRobotsOnWhiteSite
30074,26,22
timeStep,numberOfRobotsOnBlackSite,numberOfRobotsOnWhiteSite
30075,26,22
timeStep,numberOfRobotsOnBlackSite,numberOfRobotsOnWhiteSite
30076,26,22
timeStep,numberOfRobotsOnBlackSite,numberOfRobotsOnWhiteSite
30077,26,22
timeStep,numberOfRobotsOnBlackSite,numberOfRobotsOnWhiteSite
30078,26,22
timeStep,numberOfRobotsOnBlackSite,numberOfRobotsOnWhiteSite
30079,26,22
timeStep,numberOfRobotsOnBlackSite,numberOfRobotsOnWhiteSite
30080,26,22
timeStep,numberOfRobotsOnBlackSite,numberOfRobotsOnWhiteSite
30081,26,22
timeStep,numberOfRobotsOnBlackSite,numberOfRobotsOnWhiteSite
30082,26,22
timeStep,numberOfRobotsOnBlackSite,numberOfRobotsOnWhiteSite
30083,26,22
timeStep,numberOfRobotsOnBlackSite,numberOfRobotsOnWhiteSite
30084,26,22
timeStep,numberOfRobotsOnBlackSite,numberOfRobotsOnWhiteSite
30085,26,22
timeStep,numberOfRobotsOnBlackSite,numberOfRobotsOnWhiteSite
30086,26,22
timeStep,numberOfRobotsOnBlackSite,numberOfRobotsOnWhiteSite
30087,26,22
timeStep,numberOfRobotsOnBlackSite,numberOfRobotsOnWhiteSite
30088,26,22
timeStep,numberOfRobotsOnBlackSite,numberOfRobotsOnWhiteSite
30089,26,22
timeStep,numberOfRobotsOnBlackSite,numberOfRobotsOnWhiteSite
30090,26,22
timeStep,numberOfRobotsOnBlackSite,numberOfRobotsOnWhiteSite
30091,26,22
timeStep,numberOfRobotsOnBlackSite,numberOfRobotsOnWhiteSite
30092,26,22
timeStep,numberOfRobotsOnBlackSite,numberOfRobotsOnWhiteSite
30093,26,22
timeStep,numberOfRobotsOnBlackSite,numberOfRobotsOnWhiteSite
30094,26,22
timeStep,numberOfRobotsOnBlackSite,numberOfRobotsOnWhiteSite
30095,26,22
timeStep,numberOfRobotsOnBlackSite,numberOfRobotsOnWhiteSite
30096,26,22
timeStep,numberOfRobotsOnBlackSite,numberOfRobotsOnWhiteSite
30097,26,22
timeStep,numberOfRobotsOnBlackSite,numberOfRobotsOnWhiteSite
30098,26,22
timeStep,numberOfRobotsOnBlackSite,numberOfRobotsOnWhiteSite
30099,26,22
timeStep,numberOfRobotsOnBlackSite,numberOfRobotsOnWhiteSite
30100,26,22
timeStep,numberOfRobotsOnBlackSite,numberOfRobotsOnWhiteSite
30101,26,22
timeStep,numberOfRobotsOnBlackSite,numberOfRobotsOnWhiteSite
30102,26,22
timeStep,numberOfRobotsOnBlackSite,numberOfRobotsOnWhiteSite
30103,26,22
timeStep,numberOfRobotsOnBlackSite,numberOfRobotsOnWhiteSite
30104,26,22
timeStep,numberOfRobotsOnBlackSite,numberOfRobotsOnWhiteSite
30105,26,22
timeStep,numberOfRobotsOnBlackSite,numberOfRobotsOnWhiteSite
30106,26,22
timeStep,numberOfRobotsOnBlackSite,numberOfRobotsOnWhiteSite
30107,26,22
timeStep,numberOfRobotsOnBlackSite,numberOfRobotsOnWhiteSite
30108,26,22
timeStep,numberOfRobotsOnBlackSite,numberOfRobotsOnWhiteSite
30109,26,22
timeStep,numberOfRobotsOnBlackSite,numberOfRobotsOnWhiteSite
30110,26,22
timeStep,numberOfRobotsOnBlackSite,numberOfRobotsOnWhiteSite
30111,26,22
timeStep,numberOfRobotsOnBlackSite,numberOfRobotsOnWhiteSite
30112,26,22
timeStep,numberOfRobotsOnBlackSite,numberOfRobotsOnWhiteSite
30113,26,22
timeStep,numberOfRobotsOnBlackSite,numberOfRobotsOnWhiteSite
30114,26,22
timeStep,numberOfRobotsOnBlackSite,numberOfRobotsOnWhiteSite
30115,26,22
timeStep,numberOfRobotsOnBlackSite,numberOfRobotsOnWhiteSite
30116,26,22
timeStep,numberOfRobotsOnBlackSite,numberOfRobotsOnWhiteSite
30117,26,22
timeStep,numberOfRobotsOnBlackSite,numberOfRobotsOnWhiteSite
30118,26,22
timeStep,numberOfRobotsOnBlackSite,numberOfRobotsOnWhiteSite
30119,26,22
timeStep,numberOfRobotsOnBlackSite,numberOfRobotsOnWhiteSite
30120,26,22
timeStep,numberOfRobotsOnBlackSite,numberOfRobotsOnWhiteSite
30121,26,22
timeStep,numberOfRobotsOnBlackSite,numberOfRobotsOnWhiteSite
30122,26,22
timeStep,numberOfRobotsOnBlackSite,numberOfRobotsOnWhiteSite
30123,26,22
timeStep,numberOfRobotsOnBlackSite,numberOfRobotsOnWhiteSite
30124,26,22
timeStep,numberOfRobotsOnBlackSite,numberOfRobotsOnWhiteSite
30125,26,22
timeStep,numberOfRobotsOnBlackSite,numberOfRobotsOnWhiteSite
30126,26,22
timeStep,numberOfRobotsOnBlackSite,numberOfRobotsOnWhiteSite
30127,26,22
timeStep,numberOfRobotsOnBlackSite,numberOfRobotsOnWhiteSite
30128,26,22
timeStep,numberOfRobotsOnBlackSite,numberOfRobotsOnWhiteSite
30129,26,22
timeStep,numberOfRobotsOnBlackSite,numberOfRobotsOnWhiteSite
30130,26,22
timeStep,numberOfRobotsOnBlackSite,numberOfRobotsOnWhiteSite
30131,26,22
timeStep,numberOfRobotsOnBlackSite,numberOfRobotsOnWhiteSite
30132,26,22
timeStep,numberOfRobotsOnBlackSite,numberOfRobotsOnWhiteSite
30133,26,22
timeStep,numberOfRobotsOnBlackSite,numberOfRobotsOnWhiteSite
30134,26,22
timeStep,numberOfRobotsOnBlackSite,numberOfRobotsOnWhiteSite
30135,26,22
timeStep,numberOfRobotsOnBlackSite,numberOfRobotsOnWhiteSite
30136,26,22
timeStep,numberOfRobotsOnBlackSite,numberOfRobotsOnWhiteSite
30137,26,22
timeStep,numberOfRobotsOnBlackSite,numberOfRobotsOnWhiteSite
30138,26,22
timeStep,numberOfRobotsOnBlackSite,numberOfRobotsOnWhiteSite
30139,26,22
timeStep,numberOfRobotsOnBlackSite,numberOfRobotsOnWhiteSite
30140,26,22
timeStep,numberOfRobotsOnBlackSite,numberOfRobotsOnWhiteSite
30141,26,22
timeStep,numberOfRobotsOnBlackSite,numberOfRobotsOnWhiteSite
30142,26,22
timeStep,numberOfRobotsOnBlackSite,numberOfRobotsOnWhiteSite
30143,26,22
timeStep,numberOfRobotsOnBlackSite,numberOfRobotsOnWhiteSite
30144,26,22
timeStep,numberOfRobotsOnBlackSite,numberOfRobotsOnWhiteSite
30145,26,22
timeStep,numberOfRobotsOnBlackSite,numberOfRobotsOnWhiteSite
30146,26,22
timeStep,numberOfRobotsOnBlackSite,numberOfRobotsOnWhiteSite
30147,26,22
timeStep,numberOfRobotsOnBlackSite,numberOfRobotsOnWhiteSite
30148,26,22
timeStep,numberOfRobotsOnBlackSite,numberOfRobotsOnWhiteSite
30149,26,22
timeStep,numberOfRobotsOnBlackSite,numberOfRobotsOnWhiteSite
30150,26,21
timeStep,numberOfRobotsOnBlackSite,numberOfRobotsOnWhiteSite
30151,26,21
timeStep,numberOfRobotsOnBlackSite,numberOfRobotsOnWhiteSite
30152,26,21
timeStep,numberOfRobotsOnBlackSite,numberOfRobotsOnWhiteSite
30153,26,21
timeStep,numberOfRobotsOnBlackSite,numberOfRobotsOnWhiteSite
30154,26,21
timeStep,numberOfRobotsOnBlackSite,numberOfRobotsOnWhiteSite
30155,26,21
timeStep,numberOfRobotsOnBlackSite,numberOfRobotsOnWhiteSite
30156,26,21
timeStep,numberOfRobotsOnBlackSite,numberOfRobotsOnWhiteSite
30157,26,21
timeStep,numberOfRobotsOnBlackSite,numberOfRobotsOnWhiteSite
30158,26,21
timeStep,numberOfRobotsOnBlackSite,numberOfRobotsOnWhiteSite
30159,26,21
timeStep,numberOfRobotsOnBlackSite,numberOfRobotsOnWhiteSite
30160,26,21
timeStep,numberOfRobotsOnBlackSite,numberOfRobotsOnWhiteSite
30161,26,21
timeStep,numberOfRobotsOnBlackSite,numberOfRobotsOnWhiteSite
30162,26,21
timeStep,numberOfRobotsOnBlackSite,numberOfRobotsOnWhiteSite
30163,26,21
timeStep,numberOfRobotsOnBlackSite,numberOfRobotsOnWhiteSite
30164,26,21
timeStep,numberOfRobotsOnBlackSite,numberOfRobotsOnWhiteSite
30165,26,21
timeStep,numberOfRobotsOnBlackSite,numberOfRobotsOnWhiteSite
30166,26,21
timeStep,numberOfRobotsOnBlackSite,numberOfRobotsOnWhiteSite
30167,26,21
timeStep,numberOfRobotsOnBlackSite,numberOfRobotsOnWhiteSite
30168,26,21
timeStep,numberOfRobotsOnBlackSite,numberOfRobotsOnWhiteSite
30169,26,21
timeStep,numberOfRobotsOnBlackSite,numberOfRobotsOnWhiteSite
30170,26,21
timeStep,numberOfRobotsOnBlackSite,numberOfRobotsOnWhiteSite
30171,26,21
timeStep,numberOfRobotsOnBlackSite,numberOfRobotsOnWhiteSite
30172,26,21
timeStep,numberOfRobotsOnBlackSite,numberOfRobotsOnWhiteSite
30173,26,21
timeStep,numberOfRobotsOnBlackSite,numberOfRobotsOnWhiteSite
30174,26,21
timeStep,numberOfRobotsOnBlackSite,numberOfRobotsOnWhiteSite
30175,26,21
timeStep,numberOfRobotsOnBlackSite,numberOfRobotsOnWhiteSite
30176,26,21
timeStep,numberOfRobotsOnBlackSite,numberOfRobotsOnWhiteSite
30177,26,21
timeStep,numberOfRobotsOnBlackSite,numberOfRobotsOnWhiteSite
30178,26,21
timeStep,numberOfRobotsOnBlackSite,numberOfRobotsOnWhiteSite
30179,26,21
timeStep,numberOfRobotsOnBlackSite,numberOfRobotsOnWhiteSite
30180,26,21
timeStep,numberOfRobotsOnBlackSite,numberOfRobotsOnWhiteSite
30181,26,21
timeStep,numberOfRobotsOnBlackSite,numberOfRobotsOnWhiteSite
30182,26,21
timeStep,numberOfRobotsOnBlackSite,numberOfRobotsOnWhiteSite
30183,26,21
timeStep,numberOfRobotsOnBlackSite,numberOfRobotsOnWhiteSite
30184,26,21
timeStep,numberOfRobotsOnBlackSite,numberOfRobotsOnWhiteSite
30185,26,21
timeStep,numberOfRobotsOnBlackSite,numberOfRobotsOnWhiteSite
30186,26,21
timeStep,numberOfRobotsOnBlackSite,numberOfRobotsOnWhiteSite
30187,26,21
timeStep,numberOfRobotsOnBlackSite,numberOfRobotsOnWhiteSite
30188,26,21
timeStep,numberOfRobotsOnBlackSite,numberOfRobotsOnWhiteSite
30189,26,21
timeStep,numberOfRobotsOnBlackSite,numberOfRobotsOnWhiteSite
30190,26,21
timeStep,numberOfRobotsOnBlackSite,numberOfRobotsOnWhiteSite
30191,26,21
timeStep,numberOfRobotsOnBlackSite,numberOfRobotsOnWhiteSite
30192,26,21
timeStep,numberOfRobotsOnBlackSite,numberOfRobotsOnWhiteSite
30193,26,21
timeStep,numberOfRobotsOnBlackSite,numberOfRobotsOnWhiteSite
30194,26,21
timeStep,numberOfRobotsOnBlackSite,numberOfRobotsOnWhiteSite
30195,26,21
timeStep,numberOfRobotsOnBlackSite,numberOfRobotsOnWhiteSite
30196,26,21
timeStep,numberOfRobotsOnBlackSite,numberOfRobotsOnWhiteSite
30197,26,21
timeStep,numberOfRobotsOnBlackSite,numberOfRobotsOnWhiteSite
30198,26,21
timeStep,numberOfRobotsOnBlackSite,numberOfRobotsOnWhiteSite
30199,26,21
timeStep,numberOfRobotsOnBlackSite,numberOfRobotsOnWhiteSite
30200,26,21
timeStep,numberOfRobotsOnBlackSite,numberOfRobotsOnWhiteSite
30201,26,21
timeStep,numberOfRobotsOnBlackSite,numberOfRobotsOnWhiteSite
30202,26,21
timeStep,numberOfRobotsOnBlackSite,numberOfRobotsOnWhiteSite
30203,26,21
timeStep,numberOfRobotsOnBlackSite,numberOfRobotsOnWhiteSite
30204,26,21
timeStep,numberOfRobotsOnBlackSite,numberOfRobotsOnWhiteSite
30205,26,21
timeStep,numberOfRobotsOnBlackSite,numberOfRobotsOnWhiteSite
30206,26,21
timeStep,numberOfRobotsOnBlackSite,numberOfRobotsOnWhiteSite
30207,26,21
timeStep,numberOfRobotsOnBlackSite,numberOfRobotsOnWhiteSite
30208,26,21
timeStep,numberOfRobotsOnBlackSite,numberOfRobotsOnWhiteSite
30209,26,21
timeStep,numberOfRobotsOnBlackSite,numberOfRobotsOnWhiteSite
30210,26,21
timeStep,numberOfRobotsOnBlackSite,numberOfRobotsOnWhiteSite
30211,26,21
timeStep,numberOfRobotsOnBlackSite,numberOfRobotsOnWhiteSite
30212,26,21
timeStep,numberOfRobotsOnBlackSite,numberOfRobotsOnWhiteSite
30213,26,21
timeStep,numberOfRobotsOnBlackSite,numberOfRobotsOnWhiteSite
30214,26,21
timeStep,numberOfRobotsOnBlackSite,numberOfRobotsOnWhiteSite
30215,26,21
timeStep,numberOfRobotsOnBlackSite,numberOfRobotsOnWhiteSite
30216,26,21
timeStep,numberOfRobotsOnBlackSite,numberOfRobotsOnWhiteSite
30217,26,21
timeStep,numberOfRobotsOnBlackSite,numberOfRobotsOnWhiteSite
30218,26,21
timeStep,numberOfRobotsOnBlackSite,numberOfRobotsOnWhiteSite
30219,26,21
timeStep,numberOfRobotsOnBlackSite,numberOfRobotsOnWhiteSite
30220,26,21
timeStep,numberOfRobotsOnBlackSite,numberOfRobotsOnWhiteSite
30221,26,21
timeStep,numberOfRobotsOnBlackSite,numberOfRobotsOnWhiteSite
30222,26,21
timeStep,numberOfRobotsOnBlackSite,numberOfRobotsOnWhiteSite
30223,26,21
timeStep,numberOfRobotsOnBlackSite,numberOfRobotsOnWhiteSite
30224,26,21
timeStep,numberOfRobotsOnBlackSite,numberOfRobotsOnWhiteSite
30225,26,21
timeStep,numberOfRobotsOnBlackSite,numberOfRobotsOnWhiteSite
30226,26,21
timeStep,numberOfRobotsOnBlackSite,numberOfRobotsOnWhiteSite
30227,26,21
timeStep,numberOfRobotsOnBlackSite,numberOfRobotsOnWhiteSite
30228,26,21
timeStep,numberOfRobotsOnBlackSite,numberOfRobotsOnWhiteSite
30229,26,21
timeStep,numberOfRobotsOnBlackSite,numberOfRobotsOnWhiteSite
30230,26,21
timeStep,numberOfRobotsOnBlackSite,numberOfRobotsOnWhiteSite
30231,26,21
timeStep,numberOfRobotsOnBlackSite,numberOfRobotsOnWhiteSite
30232,26,21
timeStep,numberOfRobotsOnBlackSite,numberOfRobotsOnWhiteSite
30233,26,21
timeStep,numberOfRobotsOnBlackSite,numberOfRobotsOnWhiteSite
30234,26,21
timeStep,numberOfRobotsOnBlackSite,numberOfRobotsOnWhiteSite
30235,26,21
timeStep,numberOfRobotsOnBlackSite,numberOfRobotsOnWhiteSite
30236,26,21
timeStep,numberOfRobotsOnBlackSite,numberOfRobotsOnWhiteSite
30237,26,21
timeStep,numberOfRobotsOnBlackSite,numberOfRobotsOnWhiteSite
30238,26,21
timeStep,numberOfRobotsOnBlackSite,numberOfRobotsOnWhiteSite
30239,26,21
timeStep,numberOfRobotsOnBlackSite,numberOfRobotsOnWhiteSite
30240,26,21
timeStep,numberOfRobotsOnBlackSite,numberOfRobotsOnWhiteSite
30241,26,21
timeStep,numberOfRobotsOnBlackSite,numberOfRobotsOnWhiteSite
30242,26,21
timeStep,numberOfRobotsOnBlackSite,numberOfRobotsOnWhiteSite
30243,26,21
timeStep,numberOfRobotsOnBlackSite,numberOfRobotsOnWhiteSite
30244,26,21
timeStep,numberOfRobotsOnBlackSite,numberOfRobotsOnWhiteSite
30245,26,21
timeStep,numberOfRobotsOnBlackSite,numberOfRobotsOnWhiteSite
30246,26,21
timeStep,numberOfRobotsOnBlackSite,numberOfRobotsOnWhiteSite
30247,26,21
timeStep,numberOfRobotsOnBlackSite,numberOfRobotsOnWhiteSite
30248,26,21
timeStep,numberOfRobotsOnBlackSite,numberOfRobotsOnWhiteSite
30249,26,21
timeStep,numberOfRobotsOnBlackSite,numberOfRobotsOnWhiteSite
30250,26,21
timeStep,numberOfRobotsOnBlackSite,numberOfRobotsOnWhiteSite
30251,26,21
timeStep,numberOfRobotsOnBlackSite,numberOfRobotsOnWhiteSite
30252,26,21
timeStep,numberOfRobotsOnBlackSite,numberOfRobotsOnWhiteSite
30253,26,21
timeStep,numberOfRobotsOnBlackSite,numberOfRobotsOnWhiteSite
30254,26,21
timeStep,numberOfRobotsOnBlackSite,numberOfRobotsOnWhiteSite
30255,26,21
timeStep,numberOfRobotsOnBlackSite,numberOfRobotsOnWhiteSite
30256,26,21
timeStep,numberOfRobotsOnBlackSite,numberOfRobotsOnWhiteSite
30257,26,21
timeStep,numberOfRobotsOnBlackSite,numberOfRobotsOnWhiteSite
30258,26,21
timeStep,numberOfRobotsOnBlackSite,numberOfRobotsOnWhiteSite
30259,26,21
timeStep,numberOfRobotsOnBlackSite,numberOfRobotsOnWhiteSite
30260,26,21
timeStep,numberOfRobotsOnBlackSite,numberOfRobotsOnWhiteSite
30261,26,21
timeStep,numberOfRobotsOnBlackSite,numberOfRobotsOnWhiteSite
30262,26,21
timeStep,numberOfRobotsOnBlackSite,numberOfRobotsOnWhiteSite
30263,26,21
timeStep,numberOfRobotsOnBlackSite,numberOfRobotsOnWhiteSite
30264,26,21
timeStep,numberOfRobotsOnBlackSite,numberOfRobotsOnWhiteSite
30265,26,21
timeStep,numberOfRobotsOnBlackSite,numberOfRobotsOnWhiteSite
30266,26,21
timeStep,numberOfRobotsOnBlackSite,numberOfRobotsOnWhiteSite
30267,26,21
timeStep,numberOfRobotsOnBlackSite,numberOfRobotsOnWhiteSite
30268,26,21
timeStep,numberOfRobotsOnBlackSite,numberOfRobotsOnWhiteSite
30269,26,21
timeStep,numberOfRobotsOnBlackSite,numberOfRobotsOnWhiteSite
30270,26,21
timeStep,numberOfRobotsOnBlackSite,numberOfRobotsOnWhiteSite
30271,26,21
timeStep,numberOfRobotsOnBlackSite,numberOfRobotsOnWhiteSite
30272,26,21
timeStep,numberOfRobotsOnBlackSite,numberOfRobotsOnWhiteSite
30273,26,21
timeStep,numberOfRobotsOnBlackSite,numberOfRobotsOnWhiteSite
30274,26,21
timeStep,numberOfRobotsOnBlackSite,numberOfRobotsOnWhiteSite
30275,26,21
timeStep,numberOfRobotsOnBlackSite,numberOfRobotsOnWhiteSite
30276,26,21
timeStep,numberOfRobotsOnBlackSite,numberOfRobotsOnWhiteSite
30277,26,21
timeStep,numberOfRobotsOnBlackSite,numberOfRobotsOnWhiteSite
30278,26,21
timeStep,numberOfRobotsOnBlackSite,numberOfRobotsOnWhiteSite
30279,26,21
timeStep,numberOfRobotsOnBlackSite,numberOfRobotsOnWhiteSite
30280,26,21
timeStep,numberOfRobotsOnBlackSite,numberOfRobotsOnWhiteSite
30281,26,21
timeStep,numberOfRobotsOnBlackSite,numberOfRobotsOnWhiteSite
30282,26,21
timeStep,numberOfRobotsOnBlackSite,numberOfRobotsOnWhiteSite
30283,26,21
timeStep,numberOfRobotsOnBlackSite,numberOfRobotsOnWhiteSite
30284,26,21
timeStep,numberOfRobotsOnBlackSite,numberOfRobotsOnWhiteSite
30285,26,21
timeStep,numberOfRobotsOnBlackSite,numberOfRobotsOnWhiteSite
30286,26,21
timeStep,numberOfRobotsOnBlackSite,numberOfRobotsOnWhiteSite
30287,26,21
timeStep,numberOfRobotsOnBlackSite,numberOfRobotsOnWhiteSite
30288,26,21
timeStep,numberOfRobotsOnBlackSite,numberOfRobotsOnWhiteSite
30289,26,21
timeStep,numberOfRobotsOnBlackSite,numberOfRobotsOnWhiteSite
30290,26,21
timeStep,numberOfRobotsOnBlackSite,numberOfRobotsOnWhiteSite
30291,26,21
timeStep,numberOfRobotsOnBlackSite,numberOfRobotsOnWhiteSite
30292,26,21
timeStep,numberOfRobotsOnBlackSite,numberOfRobotsOnWhiteSite
30293,26,21
timeStep,numberOfRobotsOnBlackSite,numberOfRobotsOnWhiteSite
30294,26,21
timeStep,numberOfRobotsOnBlackSite,numberOfRobotsOnWhiteSite
30295,26,21
timeStep,numberOfRobotsOnBlackSite,numberOfRobotsOnWhiteSite
30296,26,21
timeStep,numberOfRobotsOnBlackSite,numberOfRobotsOnWhiteSite
30297,26,21
timeStep,numberOfRobotsOnBlackSite,numberOfRobotsOnWhiteSite
30298,26,21
timeStep,numberOfRobotsOnBlackSite,numberOfRobotsOnWhiteSite
30299,26,21
timeStep,numberOfRobotsOnBlackSite,numberOfRobotsOnWhiteSite
30300,26,21
timeStep,numberOfRobotsOnBlackSite,numberOfRobotsOnWhiteSite
30301,26,21
timeStep,numberOfRobotsOnBlackSite,numberOfRobotsOnWhiteSite
30302,26,21
timeStep,numberOfRobotsOnBlackSite,numberOfRobotsOnWhiteSite
30303,26,21
timeStep,numberOfRobotsOnBlackSite,numberOfRobotsOnWhiteSite
30304,26,21
timeStep,numberOfRobotsOnBlackSite,numberOfRobotsOnWhiteSite
30305,26,21
timeStep,numberOfRobotsOnBlackSite,numberOfRobotsOnWhiteSite
30306,26,21
timeStep,numberOfRobotsOnBlackSite,numberOfRobotsOnWhiteSite
30307,26,21
timeStep,numberOfRobotsOnBlackSite,numberOfRobotsOnWhiteSite
30308,26,21
timeStep,numberOfRobotsOnBlackSite,numberOfRobotsOnWhiteSite
30309,26,21
timeStep,numberOfRobotsOnBlackSite,numberOfRobotsOnWhiteSite
30310,26,21
timeStep,numberOfRobotsOnBlackSite,numberOfRobotsOnWhiteSite
30311,26,21
timeStep,numberOfRobotsOnBlackSite,numberOfRobotsOnWhiteSite
30312,26,21
timeStep,numberOfRobotsOnBlackSite,numberOfRobotsOnWhiteSite
30313,26,21
timeStep,numberOfRobotsOnBlackSite,numberOfRobotsOnWhiteSite
30314,26,21
timeStep,numberOfRobotsOnBlackSite,numberOfRobotsOnWhiteSite
30315,26,21
timeStep,numberOfRobotsOnBlackSite,numberOfRobotsOnWhiteSite
30316,26,21
timeStep,numberOfRobotsOnBlackSite,numberOfRobotsOnWhiteSite
30317,26,21
timeStep,numberOfRobotsOnBlackSite,numberOfRobotsOnWhiteSite
30318,26,21
timeStep,numberOfRobotsOnBlackSite,numberOfRobotsOnWhiteSite
30319,26,21
timeStep,numberOfRobotsOnBlackSite,numberOfRobotsOnWhiteSite
30320,26,21
timeStep,numberOfRobotsOnBlackSite,numberOfRobotsOnWhiteSite
30321,26,21
timeStep,numberOfRobotsOnBlackSite,numberOfRobotsOnWhiteSite
30322,26,21
timeStep,numberOfRobotsOnBlackSite,numberOfRobotsOnWhiteSite
30323,26,21
timeStep,numberOfRobotsOnBlackSite,numberOfRobotsOnWhiteSite
30324,26,21
timeStep,numberOfRobotsOnBlackSite,numberOfRobotsOnWhiteSite
30325,26,21
timeStep,numberOfRobotsOnBlackSite,numberOfRobotsOnWhiteSite
30326,26,21
timeStep,numberOfRobotsOnBlackSite,numberOfRobotsOnWhiteSite
30327,26,21
timeStep,numberOfRobotsOnBlackSite,numberOfRobotsOnWhiteSite
30328,26,21
timeStep,numberOfRobotsOnBlackSite,numberOfRobotsOnWhiteSite
30329,26,21
timeStep,numberOfRobotsOnBlackSite,numberOfRobotsOnWhiteSite
30330,26,21
timeStep,numberOfRobotsOnBlackSite,numberOfRobotsOnWhiteSite
30331,26,21
timeStep,numberOfRobotsOnBlackSite,numberOfRobotsOnWhiteSite
30332,26,21
timeStep,numberOfRobotsOnBlackSite,numberOfRobotsOnWhiteSite
30333,26,21
timeStep,numberOfRobotsOnBlackSite,numberOfRobotsOnWhiteSite
30334,26,21
timeStep,numberOfRobotsOnBlackSite,numberOfRobotsOnWhiteSite
30335,26,21
timeStep,numberOfRobotsOnBlackSite,numberOfRobotsOnWhiteSite
30336,26,21
timeStep,numberOfRobotsOnBlackSite,numberOfRobotsOnWhiteSite
30337,26,21
timeStep,numberOfRobotsOnBlackSite,numberOfRobotsOnWhiteSite
30338,26,21
timeStep,numberOfRobotsOnBlackSite,numberOfRobotsOnWhiteSite
30339,26,21
timeStep,numberOfRobotsOnBlackSite,numberOfRobotsOnWhiteSite
30340,26,21
timeStep,numberOfRobotsOnBlackSite,numberOfRobotsOnWhiteSite
30341,26,21
timeStep,numberOfRobotsOnBlackSite,numberOfRobotsOnWhiteSite
30342,26,21
timeStep,numberOfRobotsOnBlackSite,numberOfRobotsOnWhiteSite
30343,26,21
timeStep,numberOfRobotsOnBlackSite,numberOfRobotsOnWhiteSite
30344,26,21
timeStep,numberOfRobotsOnBlackSite,numberOfRobotsOnWhiteSite
30345,26,21
timeStep,numberOfRobotsOnBlackSite,numberOfRobotsOnWhiteSite
30346,26,21
timeStep,numberOfRobotsOnBlackSite,numberOfRobotsOnWhiteSite
30347,26,21
timeStep,numberOfRobotsOnBlackSite,numberOfRobotsOnWhiteSite
30348,26,21
timeStep,numberOfRobotsOnBlackSite,numberOfRobotsOnWhiteSite
30349,26,21
timeStep,numberOfRobotsOnBlackSite,numberOfRobotsOnWhiteSite
30350,26,21
timeStep,numberOfRobotsOnBlackSite,numberOfRobotsOnWhiteSite
30351,26,21
timeStep,numberOfRobotsOnBlackSite,numberOfRobotsOnWhiteSite
30352,26,21
timeStep,numberOfRobotsOnBlackSite,numberOfRobotsOnWhiteSite
30353,26,21
timeStep,numberOfRobotsOnBlackSite,numberOfRobotsOnWhiteSite
30354,26,21
timeStep,numberOfRobotsOnBlackSite,numberOfRobotsOnWhiteSite
30355,26,21
timeStep,numberOfRobotsOnBlackSite,numberOfRobotsOnWhiteSite
30356,26,21
timeStep,numberOfRobotsOnBlackSite,numberOfRobotsOnWhiteSite
30357,26,21
timeStep,numberOfRobotsOnBlackSite,numberOfRobotsOnWhiteSite
30358,26,21
timeStep,numberOfRobotsOnBlackSite,numberOfRobotsOnWhiteSite
30359,26,21
timeStep,numberOfRobotsOnBlackSite,numberOfRobotsOnWhiteSite
30360,26,21
timeStep,numberOfRobotsOnBlackSite,numberOfRobotsOnWhiteSite
30361,26,21
timeStep,numberOfRobotsOnBlackSite,numberOfRobotsOnWhiteSite
30362,26,21
timeStep,numberOfRobotsOnBlackSite,numberOfRobotsOnWhiteSite
30363,26,21
timeStep,numberOfRobotsOnBlackSite,numberOfRobotsOnWhiteSite
30364,26,21
timeStep,numberOfRobotsOnBlackSite,numberOfRobotsOnWhiteSite
30365,26,21
timeStep,numberOfRobotsOnBlackSite,numberOfRobotsOnWhiteSite
30366,26,21
timeStep,numberOfRobotsOnBlackSite,numberOfRobotsOnWhiteSite
30367,26,21
timeStep,numberOfRobotsOnBlackSite,numberOfRobotsOnWhiteSite
30368,26,21
timeStep,numberOfRobotsOnBlackSite,numberOfRobotsOnWhiteSite
30369,26,21
timeStep,numberOfRobotsOnBlackSite,numberOfRobotsOnWhiteSite
30370,26,21
timeStep,numberOfRobotsOnBlackSite,numberOfRobotsOnWhiteSite
30371,26,21
timeStep,numberOfRobotsOnBlackSite,numberOfRobotsOnWhiteSite
30372,26,21
timeStep,numberOfRobotsOnBlackSite,numberOfRobotsOnWhiteSite
30373,26,21
timeStep,numberOfRobotsOnBlackSite,numberOfRobotsOnWhiteSite
30374,26,21
timeStep,numberOfRobotsOnBlackSite,numberOfRobotsOnWhiteSite
30375,26,21
timeStep,numberOfRobotsOnBlackSite,numberOfRobotsOnWhiteSite
30376,26,21
timeStep,numberOfRobotsOnBlackSite,numberOfRobotsOnWhiteSite
30377,26,21
timeStep,numberOfRobotsOnBlackSite,numberOfRobotsOnWhiteSite
30378,26,21
timeStep,numberOfRobotsOnBlackSite,numberOfRobotsOnWhiteSite
30379,26,21
timeStep,numberOfRobotsOnBlackSite,numberOfRobotsOnWhiteSite
30380,26,21
timeStep,numberOfRobotsOnBlackSite,numberOfRobotsOnWhiteSite
30381,26,21
timeStep,numberOfRobotsOnBlackSite,numberOfRobotsOnWhiteSite
30382,26,21
timeStep,numberOfRobotsOnBlackSite,numberOfRobotsOnWhiteSite
30383,26,21
timeStep,numberOfRobotsOnBlackSite,numberOfRobotsOnWhiteSite
30384,26,21
timeStep,numberOfRobotsOnBlackSite,numberOfRobotsOnWhiteSite
30385,26,21
timeStep,numberOfRobotsOnBlackSite,numberOfRobotsOnWhiteSite
30386,26,21
timeStep,numberOfRobotsOnBlackSite,numberOfRobotsOnWhiteSite
30387,26,21
timeStep,numberOfRobotsOnBlackSite,numberOfRobotsOnWhiteSite
30388,26,21
timeStep,numberOfRobotsOnBlackSite,numberOfRobotsOnWhiteSite
30389,26,21
timeStep,numberOfRobotsOnBlackSite,numberOfRobotsOnWhiteSite
30390,26,21
timeStep,numberOfRobotsOnBlackSite,numberOfRobotsOnWhiteSite
30391,26,21
timeStep,numberOfRobotsOnBlackSite,numberOfRobotsOnWhiteSite
30392,26,21
timeStep,numberOfRobotsOnBlackSite,numberOfRobotsOnWhiteSite
30393,26,21
timeStep,numberOfRobotsOnBlackSite,numberOfRobotsOnWhiteSite
30394,26,21
timeStep,numberOfRobotsOnBlackSite,numberOfRobotsOnWhiteSite
30395,26,21
timeStep,numberOfRobotsOnBlackSite,numberOfRobotsOnWhiteSite
30396,26,21
timeStep,numberOfRobotsOnBlackSite,numberOfRobotsOnWhiteSite
30397,26,21
timeStep,numberOfRobotsOnBlackSite,numberOfRobotsOnWhiteSite
30398,26,21
timeStep,numberOfRobotsOnBlackSite,numberOfRobotsOnWhiteSite
30399,26,21
timeStep,numberOfRobotsOnBlackSite,numberOfRobotsOnWhiteSite
30400,26,21
timeStep,numberOfRobotsOnBlackSite,numberOfRobotsOnWhiteSite
30401,26,21
timeStep,numberOfRobotsOnBlackSite,numberOfRobotsOnWhiteSite
30402,26,21
timeStep,numberOfRobotsOnBlackSite,numberOfRobotsOnWhiteSite
30403,26,21
timeStep,numberOfRobotsOnBlackSite,numberOfRobotsOnWhiteSite
30404,26,21
timeStep,numberOfRobotsOnBlackSite,numberOfRobotsOnWhiteSite
30405,26,21
timeStep,numberOfRobotsOnBlackSite,numberOfRobotsOnWhiteSite
30406,26,21
timeStep,numberOfRobotsOnBlackSite,numberOfRobotsOnWhiteSite
30407,26,21
timeStep,numberOfRobotsOnBlackSite,numberOfRobotsOnWhiteSite
30408,26,21
timeStep,numberOfRobotsOnBlackSite,numberOfRobotsOnWhiteSite
30409,26,21
timeStep,numberOfRobotsOnBlackSite,numberOfRobotsOnWhiteSite
30410,26,21
timeStep,numberOfRobotsOnBlackSite,numberOfRobotsOnWhiteSite
30411,26,21
timeStep,numberOfRobotsOnBlackSite,numberOfRobotsOnWhiteSite
30412,26,21
timeStep,numberOfRobotsOnBlackSite,numberOfRobotsOnWhiteSite
30413,26,21
timeStep,numberOfRobotsOnBlackSite,numberOfRobotsOnWhiteSite
30414,26,21
timeStep,numberOfRobotsOnBlackSite,numberOfRobotsOnWhiteSite
30415,26,21
timeStep,numberOfRobotsOnBlackSite,numberOfRobotsOnWhiteSite
30416,26,21
timeStep,numberOfRobotsOnBlackSite,numberOfRobotsOnWhiteSite
30417,26,21
timeStep,numberOfRobotsOnBlackSite,numberOfRobotsOnWhiteSite
30418,26,21
timeStep,numberOfRobotsOnBlackSite,numberOfRobotsOnWhiteSite
30419,26,21
timeStep,numberOfRobotsOnBlackSite,numberOfRobotsOnWhiteSite
30420,26,21
timeStep,numberOfRobotsOnBlackSite,numberOfRobotsOnWhiteSite
30421,26,21
timeStep,numberOfRobotsOnBlackSite,numberOfRobotsOnWhiteSite
30422,26,21
timeStep,numberOfRobotsOnBlackSite,numberOfRobotsOnWhiteSite
30423,26,21
timeStep,numberOfRobotsOnBlackSite,numberOfRobotsOnWhiteSite
30424,26,21
timeStep,numberOfRobotsOnBlackSite,numberOfRobotsOnWhiteSite
30425,26,21
timeStep,numberOfRobotsOnBlackSite,numberOfRobotsOnWhiteSite
30426,26,21
timeStep,numberOfRobotsOnBlackSite,numberOfRobotsOnWhiteSite
30427,26,21
timeStep,numberOfRobotsOnBlackSite,numberOfRobotsOnWhiteSite
30428,26,21
timeStep,numberOfRobotsOnBlackSite,numberOfRobotsOnWhiteSite
30429,26,21
timeStep,numberOfRobotsOnBlackSite,numberOfRobotsOnWhiteSite
30430,26,21
timeStep,numberOfRobotsOnBlackSite,numberOfRobotsOnWhiteSite
30431,26,21
timeStep,numberOfRobotsOnBlackSite,numberOfRobotsOnWhiteSite
30432,26,21
timeStep,numberOfRobotsOnBlackSite,numberOfRobotsOnWhiteSite
30433,26,21
timeStep,numberOfRobotsOnBlackSite,numberOfRobotsOnWhiteSite
30434,26,21
timeStep,numberOfRobotsOnBlackSite,numberOfRobotsOnWhiteSite
30435,26,21
timeStep,numberOfRobotsOnBlackSite,numberOfRobotsOnWhiteSite
30436,26,21
timeStep,numberOfRobotsOnBlackSite,numberOfRobotsOnWhiteSite
30437,26,21
timeStep,numberOfRobotsOnBlackSite,numberOfRobotsOnWhiteSite
30438,26,21
timeStep,numberOfRobotsOnBlackSite,numberOfRobotsOnWhiteSite
30439,26,21
timeStep,numberOfRobotsOnBlackSite,numberOfRobotsOnWhiteSite
30440,26,21
timeStep,numberOfRobotsOnBlackSite,numberOfRobotsOnWhiteSite
30441,26,21
timeStep,numberOfRobotsOnBlackSite,numberOfRobotsOnWhiteSite
30442,26,21
timeStep,numberOfRobotsOnBlackSite,numberOfRobotsOnWhiteSite
30443,26,21
timeStep,numberOfRobotsOnBlackSite,numberOfRobotsOnWhiteSite
30444,26,21
timeStep,numberOfRobotsOnBlackSite,numberOfRobotsOnWhiteSite
30445,26,21
timeStep,numberOfRobotsOnBlackSite,numberOfRobotsOnWhiteSite
30446,26,21
timeStep,numberOfRobotsOnBlackSite,numberOfRobotsOnWhiteSite
30447,26,21
timeStep,numberOfRobotsOnBlackSite,numberOfRobotsOnWhiteSite
30448,26,21
timeStep,numberOfRobotsOnBlackSite,numberOfRobotsOnWhiteSite
30449,26,21
timeStep,numberOfRobotsOnBlackSite,numberOfRobotsOnWhiteSite
30450,26,21
timeStep,numberOfRobotsOnBlackSite,numberOfRobotsOnWhiteSite
30451,26,21
timeStep,numberOfRobotsOnBlackSite,numberOfRobotsOnWhiteSite
30452,26,21
timeStep,numberOfRobotsOnBlackSite,numberOfRobotsOnWhiteSite
30453,26,21
timeStep,numberOfRobotsOnBlackSite,numberOfRobotsOnWhiteSite
30454,26,21
timeStep,numberOfRobotsOnBlackSite,numberOfRobotsOnWhiteSite
30455,26,21
timeStep,numberOfRobotsOnBlackSite,numberOfRobotsOnWhiteSite
30456,26,21
timeStep,numberOfRobotsOnBlackSite,numberOfRobotsOnWhiteSite
30457,26,21
timeStep,numberOfRobotsOnBlackSite,numberOfRobotsOnWhiteSite
30458,26,21
timeStep,numberOfRobotsOnBlackSite,numberOfRobotsOnWhiteSite
30459,26,21
timeStep,numberOfRobotsOnBlackSite,numberOfRobotsOnWhiteSite
30460,26,21
timeStep,numberOfRobotsOnBlackSite,numberOfRobotsOnWhiteSite
30461,26,21
timeStep,numberOfRobotsOnBlackSite,numberOfRobotsOnWhiteSite
30462,26,21
timeStep,numberOfRobotsOnBlackSite,numberOfRobotsOnWhiteSite
30463,26,21
timeStep,numberOfRobotsOnBlackSite,numberOfRobotsOnWhiteSite
30464,26,21
timeStep,numberOfRobotsOnBlackSite,numberOfRobotsOnWhiteSite
30465,26,21
timeStep,numberOfRobotsOnBlackSite,numberOfRobotsOnWhiteSite
30466,26,21
timeStep,numberOfRobotsOnBlackSite,numberOfRobotsOnWhiteSite
30467,26,21
timeStep,numberOfRobotsOnBlackSite,numberOfRobotsOnWhiteSite
30468,26,21
timeStep,numberOfRobotsOnBlackSite,numberOfRobotsOnWhiteSite
30469,26,21
timeStep,numberOfRobotsOnBlackSite,numberOfRobotsOnWhiteSite
30470,26,21
timeStep,numberOfRobotsOnBlackSite,numberOfRobotsOnWhiteSite
30471,26,21
timeStep,numberOfRobotsOnBlackSite,numberOfRobotsOnWhiteSite
30472,26,21
timeStep,numberOfRobotsOnBlackSite,numberOfRobotsOnWhiteSite
30473,26,21
timeStep,numberOfRobotsOnBlackSite,numberOfRobotsOnWhiteSite
30474,26,21
timeStep,numberOfRobotsOnBlackSite,numberOfRobotsOnWhiteSite
30475,26,21
timeStep,numberOfRobotsOnBlackSite,numberOfRobotsOnWhiteSite
30476,26,21
timeStep,numberOfRobotsOnBlackSite,numberOfRobotsOnWhiteSite
30477,26,21
timeStep,numberOfRobotsOnBlackSite,numberOfRobotsOnWhiteSite
30478,26,21
timeStep,numberOfRobotsOnBlackSite,numberOfRobotsOnWhiteSite
30479,26,21
timeStep,numberOfRobotsOnBlackSite,numberOfRobotsOnWhiteSite
30480,26,21
timeStep,numberOfRobotsOnBlackSite,numberOfRobotsOnWhiteSite
30481,26,21
timeStep,numberOfRobotsOnBlackSite,numberOfRobotsOnWhiteSite
30482,26,21
timeStep,numberOfRobotsOnBlackSite,numberOfRobotsOnWhiteSite
30483,26,21
timeStep,numberOfRobotsOnBlackSite,numberOfRobotsOnWhiteSite
30484,26,21
timeStep,numberOfRobotsOnBlackSite,numberOfRobotsOnWhiteSite
30485,26,21
timeStep,numberOfRobotsOnBlackSite,numberOfRobotsOnWhiteSite
30486,26,21
timeStep,numberOfRobotsOnBlackSite,numberOfRobotsOnWhiteSite
30487,26,21
timeStep,numberOfRobotsOnBlackSite,numberOfRobotsOnWhiteSite
30488,26,21
timeStep,numberOfRobotsOnBlackSite,numberOfRobotsOnWhiteSite
30489,26,21
timeStep,numberOfRobotsOnBlackSite,numberOfRobotsOnWhiteSite
30490,26,21
timeStep,numberOfRobotsOnBlackSite,numberOfRobotsOnWhiteSite
30491,26,21
timeStep,numberOfRobotsOnBlackSite,numberOfRobotsOnWhiteSite
30492,26,21
timeStep,numberOfRobotsOnBlackSite,numberOfRobotsOnWhiteSite
30493,26,21
timeStep,numberOfRobotsOnBlackSite,numberOfRobotsOnWhiteSite
30494,26,21
timeStep,numberOfRobotsOnBlackSite,numberOfRobotsOnWhiteSite
30495,26,21
timeStep,numberOfRobotsOnBlackSite,numberOfRobotsOnWhiteSite
30496,26,21
timeStep,numberOfRobotsOnBlackSite,numberOfRobotsOnWhiteSite
30497,26,21
timeStep,numberOfRobotsOnBlackSite,numberOfRobotsOnWhiteSite
30498,26,21
timeStep,numberOfRobotsOnBlackSite,numberOfRobotsOnWhiteSite
30499,26,21
timeStep,numberOfRobotsOnBlackSite,numberOfRobotsOnWhiteSite
30500,26,21
timeStep,numberOfRobotsOnBlackSite,numberOfRobotsOnWhiteSite
30501,26,21
timeStep,numberOfRobotsOnBlackSite,numberOfRobotsOnWhiteSite
30502,26,21
timeStep,numberOfRobotsOnBlackSite,numberOfRobotsOnWhiteSite
30503,26,21
timeStep,numberOfRobotsOnBlackSite,numberOfRobotsOnWhiteSite
30504,26,21
timeStep,numberOfRobotsOnBlackSite,numberOfRobotsOnWhiteSite
30505,26,21
timeStep,numberOfRobotsOnBlackSite,numberOfRobotsOnWhiteSite
30506,26,21
timeStep,numberOfRobotsOnBlackSite,numberOfRobotsOnWhiteSite
30507,26,21
timeStep,numberOfRobotsOnBlackSite,numberOfRobotsOnWhiteSite
30508,26,21
timeStep,numberOfRobotsOnBlackSite,numberOfRobotsOnWhiteSite
30509,26,21
timeStep,numberOfRobotsOnBlackSite,numberOfRobotsOnWhiteSite
30510,26,21
timeStep,numberOfRobotsOnBlackSite,numberOfRobotsOnWhiteSite
30511,26,21
timeStep,numberOfRobotsOnBlackSite,numberOfRobotsOnWhiteSite
30512,26,21
timeStep,numberOfRobotsOnBlackSite,numberOfRobotsOnWhiteSite
30513,26,21
timeStep,numberOfRobotsOnBlackSite,numberOfRobotsOnWhiteSite
30514,26,21
timeStep,numberOfRobotsOnBlackSite,numberOfRobotsOnWhiteSite
30515,26,21
timeStep,numberOfRobotsOnBlackSite,numberOfRobotsOnWhiteSite
30516,26,21
timeStep,numberOfRobotsOnBlackSite,numberOfRobotsOnWhiteSite
30517,26,21
timeStep,numberOfRobotsOnBlackSite,numberOfRobotsOnWhiteSite
30518,26,21
timeStep,numberOfRobotsOnBlackSite,numberOfRobotsOnWhiteSite
30519,26,21
timeStep,numberOfRobotsOnBlackSite,numberOfRobotsOnWhiteSite
30520,26,21
timeStep,numberOfRobotsOnBlackSite,numberOfRobotsOnWhiteSite
30521,26,21
timeStep,numberOfRobotsOnBlackSite,numberOfRobotsOnWhiteSite
30522,26,21
timeStep,numberOfRobotsOnBlackSite,numberOfRobotsOnWhiteSite
30523,26,21
timeStep,numberOfRobotsOnBlackSite,numberOfRobotsOnWhiteSite
30524,26,21
timeStep,numberOfRobotsOnBlackSite,numberOfRobotsOnWhiteSite
30525,26,21
timeStep,numberOfRobotsOnBlackSite,numberOfRobotsOnWhiteSite
30526,26,21
timeStep,numberOfRobotsOnBlackSite,numberOfRobotsOnWhiteSite
30527,26,21
timeStep,numberOfRobotsOnBlackSite,numberOfRobotsOnWhiteSite
30528,26,21
timeStep,numberOfRobotsOnBlackSite,numberOfRobotsOnWhiteSite
30529,26,21
timeStep,numberOfRobotsOnBlackSite,numberOfRobotsOnWhiteSite
30530,26,21
timeStep,numberOfRobotsOnBlackSite,numberOfRobotsOnWhiteSite
30531,26,21
timeStep,numberOfRobotsOnBlackSite,numberOfRobotsOnWhiteSite
30532,26,21
timeStep,numberOfRobotsOnBlackSite,numberOfRobotsOnWhiteSite
30533,26,21
timeStep,numberOfRobotsOnBlackSite,numberOfRobotsOnWhiteSite
30534,26,21
timeStep,numberOfRobotsOnBlackSite,numberOfRobotsOnWhiteSite
30535,26,21
timeStep,numberOfRobotsOnBlackSite,numberOfRobotsOnWhiteSite
30536,26,21
timeStep,numberOfRobotsOnBlackSite,numberOfRobotsOnWhiteSite
30537,26,21
timeStep,numberOfRobotsOnBlackSite,numberOfRobotsOnWhiteSite
30538,26,21
timeStep,numberOfRobotsOnBlackSite,numberOfRobotsOnWhiteSite
30539,26,21
timeStep,numberOfRobotsOnBlackSite,numberOfRobotsOnWhiteSite
30540,26,21
timeStep,numberOfRobotsOnBlackSite,numberOfRobotsOnWhiteSite
30541,26,21
timeStep,numberOfRobotsOnBlackSite,numberOfRobotsOnWhiteSite
30542,26,21
timeStep,numberOfRobotsOnBlackSite,numberOfRobotsOnWhiteSite
30543,26,21
timeStep,numberOfRobotsOnBlackSite,numberOfRobotsOnWhiteSite
30544,26,21
timeStep,numberOfRobotsOnBlackSite,numberOfRobotsOnWhiteSite
30545,26,21
timeStep,numberOfRobotsOnBlackSite,numberOfRobotsOnWhiteSite
30546,26,21
timeStep,numberOfRobotsOnBlackSite,numberOfRobotsOnWhiteSite
30547,26,21
timeStep,numberOfRobotsOnBlackSite,numberOfRobotsOnWhiteSite
30548,26,21
timeStep,numberOfRobotsOnBlackSite,numberOfRobotsOnWhiteSite
30549,26,21
timeStep,numberOfRobotsOnBlackSite,numberOfRobotsOnWhiteSite
30550,26,21
timeStep,numberOfRobotsOnBlackSite,numberOfRobotsOnWhiteSite
30551,26,21
timeStep,numberOfRobotsOnBlackSite,numberOfRobotsOnWhiteSite
30552,26,21
timeStep,numberOfRobotsOnBlackSite,numberOfRobotsOnWhiteSite
30553,26,21
timeStep,numberOfRobotsOnBlackSite,numberOfRobotsOnWhiteSite
30554,26,21
timeStep,numberOfRobotsOnBlackSite,numberOfRobotsOnWhiteSite
30555,26,21
timeStep,numberOfRobotsOnBlackSite,numberOfRobotsOnWhiteSite
30556,26,21
timeStep,numberOfRobotsOnBlackSite,numberOfRobotsOnWhiteSite
30557,26,21
timeStep,numberOfRobotsOnBlackSite,numberOfRobotsOnWhiteSite
30558,26,21
timeStep,numberOfRobotsOnBlackSite,numberOfRobotsOnWhiteSite
30559,26,21
timeStep,numberOfRobotsOnBlackSite,numberOfRobotsOnWhiteSite
30560,26,21
timeStep,numberOfRobotsOnBlackSite,numberOfRobotsOnWhiteSite
30561,26,21
timeStep,numberOfRobotsOnBlackSite,numberOfRobotsOnWhiteSite
30562,26,21
timeStep,numberOfRobotsOnBlackSite,numberOfRobotsOnWhiteSite
30563,26,21
timeStep,numberOfRobotsOnBlackSite,numberOfRobotsOnWhiteSite
30564,26,21
timeStep,numberOfRobotsOnBlackSite,numberOfRobotsOnWhiteSite
30565,26,21
timeStep,numberOfRobotsOnBlackSite,numberOfRobotsOnWhiteSite
30566,26,21
timeStep,numberOfRobotsOnBlackSite,numberOfRobotsOnWhiteSite
30567,26,21
timeStep,numberOfRobotsOnBlackSite,numberOfRobotsOnWhiteSite
30568,26,21
timeStep,numberOfRobotsOnBlackSite,numberOfRobotsOnWhiteSite
30569,26,21
timeStep,numberOfRobotsOnBlackSite,numberOfRobotsOnWhiteSite
30570,26,21
timeStep,numberOfRobotsOnBlackSite,numberOfRobotsOnWhiteSite
30571,26,21
timeStep,numberOfRobotsOnBlackSite,numberOfRobotsOnWhiteSite
30572,26,21
timeStep,numberOfRobotsOnBlackSite,numberOfRobotsOnWhiteSite
30573,26,21
timeStep,numberOfRobotsOnBlackSite,numberOfRobotsOnWhiteSite
30574,26,21
timeStep,numberOfRobotsOnBlackSite,numberOfRobotsOnWhiteSite
30575,26,21
timeStep,numberOfRobotsOnBlackSite,numberOfRobotsOnWhiteSite
30576,26,21
timeStep,numberOfRobotsOnBlackSite,numberOfRobotsOnWhiteSite
30577,26,21
timeStep,numberOfRobotsOnBlackSite,numberOfRobotsOnWhiteSite
30578,26,21
timeStep,numberOfRobotsOnBlackSite,numberOfRobotsOnWhiteSite
30579,26,21
timeStep,numberOfRobotsOnBlackSite,numberOfRobotsOnWhiteSite
30580,26,21
timeStep,numberOfRobotsOnBlackSite,numberOfRobotsOnWhiteSite
30581,26,21
timeStep,numberOfRobotsOnBlackSite,numberOfRobotsOnWhiteSite
30582,26,21
timeStep,numberOfRobotsOnBlackSite,numberOfRobotsOnWhiteSite
30583,26,21
timeStep,numberOfRobotsOnBlackSite,numberOfRobotsOnWhiteSite
30584,26,21
timeStep,numberOfRobotsOnBlackSite,numberOfRobotsOnWhiteSite
30585,26,21
timeStep,numberOfRobotsOnBlackSite,numberOfRobotsOnWhiteSite
30586,26,21
timeStep,numberOfRobotsOnBlackSite,numberOfRobotsOnWhiteSite
30587,26,21
timeStep,numberOfRobotsOnBlackSite,numberOfRobotsOnWhiteSite
30588,26,21
timeStep,numberOfRobotsOnBlackSite,numberOfRobotsOnWhiteSite
30589,26,21
timeStep,numberOfRobotsOnBlackSite,numberOfRobotsOnWhiteSite
30590,25,21
timeStep,numberOfRobotsOnBlackSite,numberOfRobotsOnWhiteSite
30591,25,21
timeStep,numberOfRobotsOnBlackSite,numberOfRobotsOnWhiteSite
30592,25,21
timeStep,numberOfRobotsOnBlackSite,numberOfRobotsOnWhiteSite
30593,25,21
timeStep,numberOfRobotsOnBlackSite,numberOfRobotsOnWhiteSite
30594,25,21
timeStep,numberOfRobotsOnBlackSite,numberOfRobotsOnWhiteSite
30595,25,21
timeStep,numberOfRobotsOnBlackSite,numberOfRobotsOnWhiteSite
30596,25,21
timeStep,numberOfRobotsOnBlackSite,numberOfRobotsOnWhiteSite
30597,25,21
timeStep,numberOfRobotsOnBlackSite,numberOfRobotsOnWhiteSite
30598,25,21
timeStep,numberOfRobotsOnBlackSite,numberOfRobotsOnWhiteSite
30599,25,21
timeStep,numberOfRobotsOnBlackSite,numberOfRobotsOnWhiteSite
30600,25,21
timeStep,numberOfRobotsOnBlackSite,numberOfRobotsOnWhiteSite
30601,25,21
timeStep,numberOfRobotsOnBlackSite,numberOfRobotsOnWhiteSite
30602,25,21
timeStep,numberOfRobotsOnBlackSite,numberOfRobotsOnWhiteSite
30603,25,21
timeStep,numberOfRobotsOnBlackSite,numberOfRobotsOnWhiteSite
30604,25,21
timeStep,numberOfRobotsOnBlackSite,numberOfRobotsOnWhiteSite
30605,25,21
timeStep,numberOfRobotsOnBlackSite,numberOfRobotsOnWhiteSite
30606,25,21
timeStep,numberOfRobotsOnBlackSite,numberOfRobotsOnWhiteSite
30607,25,21
timeStep,numberOfRobotsOnBlackSite,numberOfRobotsOnWhiteSite
30608,25,21
timeStep,numberOfRobotsOnBlackSite,numberOfRobotsOnWhiteSite
30609,25,21
timeStep,numberOfRobotsOnBlackSite,numberOfRobotsOnWhiteSite
30610,25,21
timeStep,numberOfRobotsOnBlackSite,numberOfRobotsOnWhiteSite
30611,25,21
timeStep,numberOfRobotsOnBlackSite,numberOfRobotsOnWhiteSite
30612,25,21
timeStep,numberOfRobotsOnBlackSite,numberOfRobotsOnWhiteSite
30613,25,21
timeStep,numberOfRobotsOnBlackSite,numberOfRobotsOnWhiteSite
30614,25,21
timeStep,numberOfRobotsOnBlackSite,numberOfRobotsOnWhiteSite
30615,25,21
timeStep,numberOfRobotsOnBlackSite,numberOfRobotsOnWhiteSite
30616,25,21
timeStep,numberOfRobotsOnBlackSite,numberOfRobotsOnWhiteSite
30617,25,21
timeStep,numberOfRobotsOnBlackSite,numberOfRobotsOnWhiteSite
30618,25,21
timeStep,numberOfRobotsOnBlackSite,numberOfRobotsOnWhiteSite
30619,25,21
timeStep,numberOfRobotsOnBlackSite,numberOfRobotsOnWhiteSite
30620,25,21
timeStep,numberOfRobotsOnBlackSite,numberOfRobotsOnWhiteSite
30621,25,21
timeStep,numberOfRobotsOnBlackSite,numberOfRobotsOnWhiteSite
30622,25,21
timeStep,numberOfRobotsOnBlackSite,numberOfRobotsOnWhiteSite
30623,25,21
timeStep,numberOfRobotsOnBlackSite,numberOfRobotsOnWhiteSite
30624,25,21
timeStep,numberOfRobotsOnBlackSite,numberOfRobotsOnWhiteSite
30625,25,21
timeStep,numberOfRobotsOnBlackSite,numberOfRobotsOnWhiteSite
30626,25,21
timeStep,numberOfRobotsOnBlackSite,numberOfRobotsOnWhiteSite
30627,25,21
timeStep,numberOfRobotsOnBlackSite,numberOfRobotsOnWhiteSite
30628,25,21
timeStep,numberOfRobotsOnBlackSite,numberOfRobotsOnWhiteSite
30629,25,21
timeStep,numberOfRobotsOnBlackSite,numberOfRobotsOnWhiteSite
30630,25,21
timeStep,numberOfRobotsOnBlackSite,numberOfRobotsOnWhiteSite
30631,25,21
timeStep,numberOfRobotsOnBlackSite,numberOfRobotsOnWhiteSite
30632,25,21
timeStep,numberOfRobotsOnBlackSite,numberOfRobotsOnWhiteSite
30633,25,21
timeStep,numberOfRobotsOnBlackSite,numberOfRobotsOnWhiteSite
30634,25,21
timeStep,numberOfRobotsOnBlackSite,numberOfRobotsOnWhiteSite
30635,25,21
timeStep,numberOfRobotsOnBlackSite,numberOfRobotsOnWhiteSite
30636,25,21
timeStep,numberOfRobotsOnBlackSite,numberOfRobotsOnWhiteSite
30637,25,21
timeStep,numberOfRobotsOnBlackSite,numberOfRobotsOnWhiteSite
30638,25,21
timeStep,numberOfRobotsOnBlackSite,numberOfRobotsOnWhiteSite
30639,25,21
timeStep,numberOfRobotsOnBlackSite,numberOfRobotsOnWhiteSite
30640,25,21
timeStep,numberOfRobotsOnBlackSite,numberOfRobotsOnWhiteSite
30641,25,21
timeStep,numberOfRobotsOnBlackSite,numberOfRobotsOnWhiteSite
30642,25,21
timeStep,numberOfRobotsOnBlackSite,numberOfRobotsOnWhiteSite
30643,25,21
timeStep,numberOfRobotsOnBlackSite,numberOfRobotsOnWhiteSite
30644,25,21
timeStep,numberOfRobotsOnBlackSite,numberOfRobotsOnWhiteSite
30645,25,21
timeStep,numberOfRobotsOnBlackSite,numberOfRobotsOnWhiteSite
30646,25,21
timeStep,numberOfRobotsOnBlackSite,numberOfRobotsOnWhiteSite
30647,25,21
timeStep,numberOfRobotsOnBlackSite,numberOfRobotsOnWhiteSite
30648,25,21
timeStep,numberOfRobotsOnBlackSite,numberOfRobotsOnWhiteSite
30649,25,21
timeStep,numberOfRobotsOnBlackSite,numberOfRobotsOnWhiteSite
30650,25,21
timeStep,numberOfRobotsOnBlackSite,numberOfRobotsOnWhiteSite
30651,25,21
timeStep,numberOfRobotsOnBlackSite,numberOfRobotsOnWhiteSite
30652,25,21
timeStep,numberOfRobotsOnBlackSite,numberOfRobotsOnWhiteSite
30653,25,21
timeStep,numberOfRobotsOnBlackSite,numberOfRobotsOnWhiteSite
30654,25,21
timeStep,numberOfRobotsOnBlackSite,numberOfRobotsOnWhiteSite
30655,25,21
timeStep,numberOfRobotsOnBlackSite,numberOfRobotsOnWhiteSite
30656,25,21
timeStep,numberOfRobotsOnBlackSite,numberOfRobotsOnWhiteSite
30657,25,21
timeStep,numberOfRobotsOnBlackSite,numberOfRobotsOnWhiteSite
30658,25,21
timeStep,numberOfRobotsOnBlackSite,numberOfRobotsOnWhiteSite
30659,25,21
timeStep,numberOfRobotsOnBlackSite,numberOfRobotsOnWhiteSite
30660,25,21
timeStep,numberOfRobotsOnBlackSite,numberOfRobotsOnWhiteSite
30661,25,21
timeStep,numberOfRobotsOnBlackSite,numberOfRobotsOnWhiteSite
30662,25,21
timeStep,numberOfRobotsOnBlackSite,numberOfRobotsOnWhiteSite
30663,25,21
timeStep,numberOfRobotsOnBlackSite,numberOfRobotsOnWhiteSite
30664,25,21
timeStep,numberOfRobotsOnBlackSite,numberOfRobotsOnWhiteSite
30665,25,21
timeStep,numberOfRobotsOnBlackSite,numberOfRobotsOnWhiteSite
30666,25,21
timeStep,numberOfRobotsOnBlackSite,numberOfRobotsOnWhiteSite
30667,25,21
timeStep,numberOfRobotsOnBlackSite,numberOfRobotsOnWhiteSite
30668,25,21
timeStep,numberOfRobotsOnBlackSite,numberOfRobotsOnWhiteSite
30669,25,21
timeStep,numberOfRobotsOnBlackSite,numberOfRobotsOnWhiteSite
30670,25,21
timeStep,numberOfRobotsOnBlackSite,numberOfRobotsOnWhiteSite
30671,25,21
timeStep,numberOfRobotsOnBlackSite,numberOfRobotsOnWhiteSite
30672,25,21
timeStep,numberOfRobotsOnBlackSite,numberOfRobotsOnWhiteSite
30673,25,21
timeStep,numberOfRobotsOnBlackSite,numberOfRobotsOnWhiteSite
30674,25,21
timeStep,numberOfRobotsOnBlackSite,numberOfRobotsOnWhiteSite
30675,25,21
timeStep,numberOfRobotsOnBlackSite,numberOfRobotsOnWhiteSite
30676,25,21
timeStep,numberOfRobotsOnBlackSite,numberOfRobotsOnWhiteSite
30677,25,21
timeStep,numberOfRobotsOnBlackSite,numberOfRobotsOnWhiteSite
30678,25,21
timeStep,numberOfRobotsOnBlackSite,numberOfRobotsOnWhiteSite
30679,25,21
timeStep,numberOfRobotsOnBlackSite,numberOfRobotsOnWhiteSite
30680,25,21
timeStep,numberOfRobotsOnBlackSite,numberOfRobotsOnWhiteSite
30681,25,21
timeStep,numberOfRobotsOnBlackSite,numberOfRobotsOnWhiteSite
30682,25,21
timeStep,numberOfRobotsOnBlackSite,numberOfRobotsOnWhiteSite
30683,25,21
timeStep,numberOfRobotsOnBlackSite,numberOfRobotsOnWhiteSite
30684,25,21
timeStep,numberOfRobotsOnBlackSite,numberOfRobotsOnWhiteSite
30685,25,21
timeStep,numberOfRobotsOnBlackSite,numberOfRobotsOnWhiteSite
30686,25,21
timeStep,numberOfRobotsOnBlackSite,numberOfRobotsOnWhiteSite
30687,25,21
timeStep,numberOfRobotsOnBlackSite,numberOfRobotsOnWhiteSite
30688,25,21
timeStep,numberOfRobotsOnBlackSite,numberOfRobotsOnWhiteSite
30689,25,21
timeStep,numberOfRobotsOnBlackSite,numberOfRobotsOnWhiteSite
30690,25,21
timeStep,numberOfRobotsOnBlackSite,numberOfRobotsOnWhiteSite
30691,25,21
timeStep,numberOfRobotsOnBlackSite,numberOfRobotsOnWhiteSite
30692,25,21
timeStep,numberOfRobotsOnBlackSite,numberOfRobotsOnWhiteSite
30693,25,21
timeStep,numberOfRobotsOnBlackSite,numberOfRobotsOnWhiteSite
30694,25,21
timeStep,numberOfRobotsOnBlackSite,numberOfRobotsOnWhiteSite
30695,25,21
timeStep,numberOfRobotsOnBlackSite,numberOfRobotsOnWhiteSite
30696,25,21
timeStep,numberOfRobotsOnBlackSite,numberOfRobotsOnWhiteSite
30697,25,21
timeStep,numberOfRobotsOnBlackSite,numberOfRobotsOnWhiteSite
30698,25,21
timeStep,numberOfRobotsOnBlackSite,numberOfRobotsOnWhiteSite
30699,25,21
timeStep,numberOfRobotsOnBlackSite,numberOfRobotsOnWhiteSite
30700,25,21
timeStep,numberOfRobotsOnBlackSite,numberOfRobotsOnWhiteSite
30701,25,21
timeStep,numberOfRobotsOnBlackSite,numberOfRobotsOnWhiteSite
30702,25,21
timeStep,numberOfRobotsOnBlackSite,numberOfRobotsOnWhiteSite
30703,25,21
timeStep,numberOfRobotsOnBlackSite,numberOfRobotsOnWhiteSite
30704,25,21
timeStep,numberOfRobotsOnBlackSite,numberOfRobotsOnWhiteSite
30705,25,21
timeStep,numberOfRobotsOnBlackSite,numberOfRobotsOnWhiteSite
30706,25,21
timeStep,numberOfRobotsOnBlackSite,numberOfRobotsOnWhiteSite
30707,25,21
timeStep,numberOfRobotsOnBlackSite,numberOfRobotsOnWhiteSite
30708,25,21
timeStep,numberOfRobotsOnBlackSite,numberOfRobotsOnWhiteSite
30709,25,21
timeStep,numberOfRobotsOnBlackSite,numberOfRobotsOnWhiteSite
30710,25,21
timeStep,numberOfRobotsOnBlackSite,numberOfRobotsOnWhiteSite
30711,25,21
timeStep,numberOfRobotsOnBlackSite,numberOfRobotsOnWhiteSite
30712,25,21
timeStep,numberOfRobotsOnBlackSite,numberOfRobotsOnWhiteSite
30713,25,21
timeStep,numberOfRobotsOnBlackSite,numberOfRobotsOnWhiteSite
30714,25,21
timeStep,numberOfRobotsOnBlackSite,numberOfRobotsOnWhiteSite
30715,25,21
timeStep,numberOfRobotsOnBlackSite,numberOfRobotsOnWhiteSite
30716,25,21
timeStep,numberOfRobotsOnBlackSite,numberOfRobotsOnWhiteSite
30717,25,21
timeStep,numberOfRobotsOnBlackSite,numberOfRobotsOnWhiteSite
30718,25,21
timeStep,numberOfRobotsOnBlackSite,numberOfRobotsOnWhiteSite
30719,25,21
timeStep,numberOfRobotsOnBlackSite,numberOfRobotsOnWhiteSite
30720,25,21
timeStep,numberOfRobotsOnBlackSite,numberOfRobotsOnWhiteSite
30721,25,21
timeStep,numberOfRobotsOnBlackSite,numberOfRobotsOnWhiteSite
30722,25,21
timeStep,numberOfRobotsOnBlackSite,numberOfRobotsOnWhiteSite
30723,25,21
timeStep,numberOfRobotsOnBlackSite,numberOfRobotsOnWhiteSite
30724,25,21
timeStep,numberOfRobotsOnBlackSite,numberOfRobotsOnWhiteSite
30725,25,21
timeStep,numberOfRobotsOnBlackSite,numberOfRobotsOnWhiteSite
30726,25,21
timeStep,numberOfRobotsOnBlackSite,numberOfRobotsOnWhiteSite
30727,25,21
timeStep,numberOfRobotsOnBlackSite,numberOfRobotsOnWhiteSite
30728,25,21
timeStep,numberOfRobotsOnBlackSite,numberOfRobotsOnWhiteSite
30729,25,21
timeStep,numberOfRobotsOnBlackSite,numberOfRobotsOnWhiteSite
30730,25,21
timeStep,numberOfRobotsOnBlackSite,numberOfRobotsOnWhiteSite
30731,25,21
timeStep,numberOfRobotsOnBlackSite,numberOfRobotsOnWhiteSite
30732,25,21
timeStep,numberOfRobotsOnBlackSite,numberOfRobotsOnWhiteSite
30733,25,21
timeStep,numberOfRobotsOnBlackSite,numberOfRobotsOnWhiteSite
30734,25,21
timeStep,numberOfRobotsOnBlackSite,numberOfRobotsOnWhiteSite
30735,25,21
timeStep,numberOfRobotsOnBlackSite,numberOfRobotsOnWhiteSite
30736,25,21
timeStep,numberOfRobotsOnBlackSite,numberOfRobotsOnWhiteSite
30737,25,21
timeStep,numberOfRobotsOnBlackSite,numberOfRobotsOnWhiteSite
30738,25,21
timeStep,numberOfRobotsOnBlackSite,numberOfRobotsOnWhiteSite
30739,25,21
timeStep,numberOfRobotsOnBlackSite,numberOfRobotsOnWhiteSite
30740,25,21
timeStep,numberOfRobotsOnBlackSite,numberOfRobotsOnWhiteSite
30741,25,21
timeStep,numberOfRobotsOnBlackSite,numberOfRobotsOnWhiteSite
30742,25,21
timeStep,numberOfRobotsOnBlackSite,numberOfRobotsOnWhiteSite
30743,25,21
timeStep,numberOfRobotsOnBlackSite,numberOfRobotsOnWhiteSite
30744,25,21
timeStep,numberOfRobotsOnBlackSite,numberOfRobotsOnWhiteSite
30745,25,21
timeStep,numberOfRobotsOnBlackSite,numberOfRobotsOnWhiteSite
30746,25,21
timeStep,numberOfRobotsOnBlackSite,numberOfRobotsOnWhiteSite
30747,25,21
timeStep,numberOfRobotsOnBlackSite,numberOfRobotsOnWhiteSite
30748,25,21
timeStep,numberOfRobotsOnBlackSite,numberOfRobotsOnWhiteSite
30749,25,21
timeStep,numberOfRobotsOnBlackSite,numberOfRobotsOnWhiteSite
30750,25,21
timeStep,numberOfRobotsOnBlackSite,numberOfRobotsOnWhiteSite
30751,25,21
timeStep,numberOfRobotsOnBlackSite,numberOfRobotsOnWhiteSite
30752,25,21
timeStep,numberOfRobotsOnBlackSite,numberOfRobotsOnWhiteSite
30753,25,21
timeStep,numberOfRobotsOnBlackSite,numberOfRobotsOnWhiteSite
30754,25,21
timeStep,numberOfRobotsOnBlackSite,numberOfRobotsOnWhiteSite
30755,25,21
timeStep,numberOfRobotsOnBlackSite,numberOfRobotsOnWhiteSite
30756,25,21
timeStep,numberOfRobotsOnBlackSite,numberOfRobotsOnWhiteSite
30757,25,21
timeStep,numberOfRobotsOnBlackSite,numberOfRobotsOnWhiteSite
30758,25,21
timeStep,numberOfRobotsOnBlackSite,numberOfRobotsOnWhiteSite
30759,25,21
timeStep,numberOfRobotsOnBlackSite,numberOfRobotsOnWhiteSite
30760,25,21
timeStep,numberOfRobotsOnBlackSite,numberOfRobotsOnWhiteSite
30761,25,21
timeStep,numberOfRobotsOnBlackSite,numberOfRobotsOnWhiteSite
30762,25,21
timeStep,numberOfRobotsOnBlackSite,numberOfRobotsOnWhiteSite
30763,25,21
timeStep,numberOfRobotsOnBlackSite,numberOfRobotsOnWhiteSite
30764,25,21
timeStep,numberOfRobotsOnBlackSite,numberOfRobotsOnWhiteSite
30765,25,21
timeStep,numberOfRobotsOnBlackSite,numberOfRobotsOnWhiteSite
30766,25,21
timeStep,numberOfRobotsOnBlackSite,numberOfRobotsOnWhiteSite
30767,25,21
timeStep,numberOfRobotsOnBlackSite,numberOfRobotsOnWhiteSite
30768,25,21
timeStep,numberOfRobotsOnBlackSite,numberOfRobotsOnWhiteSite
30769,25,21
timeStep,numberOfRobotsOnBlackSite,numberOfRobotsOnWhiteSite
30770,25,21
timeStep,numberOfRobotsOnBlackSite,numberOfRobotsOnWhiteSite
30771,25,21
timeStep,numberOfRobotsOnBlackSite,numberOfRobotsOnWhiteSite
30772,25,21
timeStep,numberOfRobotsOnBlackSite,numberOfRobotsOnWhiteSite
30773,25,21
timeStep,numberOfRobotsOnBlackSite,numberOfRobotsOnWhiteSite
30774,25,21
timeStep,numberOfRobotsOnBlackSite,numberOfRobotsOnWhiteSite
30775,25,21
timeStep,numberOfRobotsOnBlackSite,numberOfRobotsOnWhiteSite
30776,25,21
timeStep,numberOfRobotsOnBlackSite,numberOfRobotsOnWhiteSite
30777,25,21
timeStep,numberOfRobotsOnBlackSite,numberOfRobotsOnWhiteSite
30778,25,21
timeStep,numberOfRobotsOnBlackSite,numberOfRobotsOnWhiteSite
30779,25,21
timeStep,numberOfRobotsOnBlackSite,numberOfRobotsOnWhiteSite
30780,25,21
timeStep,numberOfRobotsOnBlackSite,numberOfRobotsOnWhiteSite
30781,25,21
timeStep,numberOfRobotsOnBlackSite,numberOfRobotsOnWhiteSite
30782,25,21
timeStep,numberOfRobotsOnBlackSite,numberOfRobotsOnWhiteSite
30783,25,21
timeStep,numberOfRobotsOnBlackSite,numberOfRobotsOnWhiteSite
30784,25,21
timeStep,numberOfRobotsOnBlackSite,numberOfRobotsOnWhiteSite
30785,25,21
timeStep,numberOfRobotsOnBlackSite,numberOfRobotsOnWhiteSite
30786,25,21
timeStep,numberOfRobotsOnBlackSite,numberOfRobotsOnWhiteSite
30787,25,21
timeStep,numberOfRobotsOnBlackSite,numberOfRobotsOnWhiteSite
30788,25,21
timeStep,numberOfRobotsOnBlackSite,numberOfRobotsOnWhiteSite
30789,25,21
timeStep,numberOfRobotsOnBlackSite,numberOfRobotsOnWhiteSite
30790,25,21
timeStep,numberOfRobotsOnBlackSite,numberOfRobotsOnWhiteSite
30791,25,21
timeStep,numberOfRobotsOnBlackSite,numberOfRobotsOnWhiteSite
30792,25,21
timeStep,numberOfRobotsOnBlackSite,numberOfRobotsOnWhiteSite
30793,25,21
timeStep,numberOfRobotsOnBlackSite,numberOfRobotsOnWhiteSite
30794,25,21
timeStep,numberOfRobotsOnBlackSite,numberOfRobotsOnWhiteSite
30795,25,21
timeStep,numberOfRobotsOnBlackSite,numberOfRobotsOnWhiteSite
30796,25,21
timeStep,numberOfRobotsOnBlackSite,numberOfRobotsOnWhiteSite
30797,25,21
timeStep,numberOfRobotsOnBlackSite,numberOfRobotsOnWhiteSite
30798,25,21
timeStep,numberOfRobotsOnBlackSite,numberOfRobotsOnWhiteSite
30799,25,21
timeStep,numberOfRobotsOnBlackSite,numberOfRobotsOnWhiteSite
30800,25,21
timeStep,numberOfRobotsOnBlackSite,numberOfRobotsOnWhiteSite
30801,25,21
timeStep,numberOfRobotsOnBlackSite,numberOfRobotsOnWhiteSite
30802,25,21
timeStep,numberOfRobotsOnBlackSite,numberOfRobotsOnWhiteSite
30803,25,21
timeStep,numberOfRobotsOnBlackSite,numberOfRobotsOnWhiteSite
30804,25,21
timeStep,numberOfRobotsOnBlackSite,numberOfRobotsOnWhiteSite
30805,25,21
timeStep,numberOfRobotsOnBlackSite,numberOfRobotsOnWhiteSite
30806,25,21
timeStep,numberOfRobotsOnBlackSite,numberOfRobotsOnWhiteSite
30807,25,21
timeStep,numberOfRobotsOnBlackSite,numberOfRobotsOnWhiteSite
30808,25,21
timeStep,numberOfRobotsOnBlackSite,numberOfRobotsOnWhiteSite
30809,25,21
timeStep,numberOfRobotsOnBlackSite,numberOfRobotsOnWhiteSite
30810,25,21
timeStep,numberOfRobotsOnBlackSite,numberOfRobotsOnWhiteSite
30811,25,21
timeStep,numberOfRobotsOnBlackSite,numberOfRobotsOnWhiteSite
30812,25,21
timeStep,numberOfRobotsOnBlackSite,numberOfRobotsOnWhiteSite
30813,25,21
timeStep,numberOfRobotsOnBlackSite,numberOfRobotsOnWhiteSite
30814,25,21
timeStep,numberOfRobotsOnBlackSite,numberOfRobotsOnWhiteSite
30815,25,21
timeStep,numberOfRobotsOnBlackSite,numberOfRobotsOnWhiteSite
30816,25,21
timeStep,numberOfRobotsOnBlackSite,numberOfRobotsOnWhiteSite
30817,25,21
timeStep,numberOfRobotsOnBlackSite,numberOfRobotsOnWhiteSite
30818,25,21
timeStep,numberOfRobotsOnBlackSite,numberOfRobotsOnWhiteSite
30819,25,21
timeStep,numberOfRobotsOnBlackSite,numberOfRobotsOnWhiteSite
30820,25,21
timeStep,numberOfRobotsOnBlackSite,numberOfRobotsOnWhiteSite
30821,25,21
timeStep,numberOfRobotsOnBlackSite,numberOfRobotsOnWhiteSite
30822,25,21
timeStep,numberOfRobotsOnBlackSite,numberOfRobotsOnWhiteSite
30823,25,21
timeStep,numberOfRobotsOnBlackSite,numberOfRobotsOnWhiteSite
30824,25,21
timeStep,numberOfRobotsOnBlackSite,numberOfRobotsOnWhiteSite
30825,25,21
timeStep,numberOfRobotsOnBlackSite,numberOfRobotsOnWhiteSite
30826,25,21
timeStep,numberOfRobotsOnBlackSite,numberOfRobotsOnWhiteSite
30827,25,21
timeStep,numberOfRobotsOnBlackSite,numberOfRobotsOnWhiteSite
30828,25,21
timeStep,numberOfRobotsOnBlackSite,numberOfRobotsOnWhiteSite
30829,25,21
timeStep,numberOfRobotsOnBlackSite,numberOfRobotsOnWhiteSite
30830,25,21
timeStep,numberOfRobotsOnBlackSite,numberOfRobotsOnWhiteSite
30831,25,21
timeStep,numberOfRobotsOnBlackSite,numberOfRobotsOnWhiteSite
30832,25,21
timeStep,numberOfRobotsOnBlackSite,numberOfRobotsOnWhiteSite
30833,25,21
timeStep,numberOfRobotsOnBlackSite,numberOfRobotsOnWhiteSite
30834,25,21
timeStep,numberOfRobotsOnBlackSite,numberOfRobotsOnWhiteSite
30835,25,21
timeStep,numberOfRobotsOnBlackSite,numberOfRobotsOnWhiteSite
30836,25,21
timeStep,numberOfRobotsOnBlackSite,numberOfRobotsOnWhiteSite
30837,25,21
timeStep,numberOfRobotsOnBlackSite,numberOfRobotsOnWhiteSite
30838,25,21
timeStep,numberOfRobotsOnBlackSite,numberOfRobotsOnWhiteSite
30839,25,21
timeStep,numberOfRobotsOnBlackSite,numberOfRobotsOnWhiteSite
30840,25,21
timeStep,numberOfRobotsOnBlackSite,numberOfRobotsOnWhiteSite
30841,25,21
timeStep,numberOfRobotsOnBlackSite,numberOfRobotsOnWhiteSite
30842,25,21
timeStep,numberOfRobotsOnBlackSite,numberOfRobotsOnWhiteSite
30843,25,21
timeStep,numberOfRobotsOnBlackSite,numberOfRobotsOnWhiteSite
30844,25,21
timeStep,numberOfRobotsOnBlackSite,numberOfRobotsOnWhiteSite
30845,25,21
timeStep,numberOfRobotsOnBlackSite,numberOfRobotsOnWhiteSite
30846,25,21
timeStep,numberOfRobotsOnBlackSite,numberOfRobotsOnWhiteSite
30847,25,21
timeStep,numberOfRobotsOnBlackSite,numberOfRobotsOnWhiteSite
30848,25,21
timeStep,numberOfRobotsOnBlackSite,numberOfRobotsOnWhiteSite
30849,25,21
timeStep,numberOfRobotsOnBlackSite,numberOfRobotsOnWhiteSite
30850,25,21
timeStep,numberOfRobotsOnBlackSite,numberOfRobotsOnWhiteSite
30851,25,21
timeStep,numberOfRobotsOnBlackSite,numberOfRobotsOnWhiteSite
30852,25,21
timeStep,numberOfRobotsOnBlackSite,numberOfRobotsOnWhiteSite
30853,25,21
timeStep,numberOfRobotsOnBlackSite,numberOfRobotsOnWhiteSite
30854,25,21
timeStep,numberOfRobotsOnBlackSite,numberOfRobotsOnWhiteSite
30855,25,21
timeStep,numberOfRobotsOnBlackSite,numberOfRobotsOnWhiteSite
30856,25,21
timeStep,numberOfRobotsOnBlackSite,numberOfRobotsOnWhiteSite
30857,25,21
timeStep,numberOfRobotsOnBlackSite,numberOfRobotsOnWhiteSite
30858,25,21
timeStep,numberOfRobotsOnBlackSite,numberOfRobotsOnWhiteSite
30859,25,21
timeStep,numberOfRobotsOnBlackSite,numberOfRobotsOnWhiteSite
30860,25,21
timeStep,numberOfRobotsOnBlackSite,numberOfRobotsOnWhiteSite
30861,25,21
timeStep,numberOfRobotsOnBlackSite,numberOfRobotsOnWhiteSite
30862,25,21
timeStep,numberOfRobotsOnBlackSite,numberOfRobotsOnWhiteSite
30863,25,21
timeStep,numberOfRobotsOnBlackSite,numberOfRobotsOnWhiteSite
30864,25,21
timeStep,numberOfRobotsOnBlackSite,numberOfRobotsOnWhiteSite
30865,25,21
timeStep,numberOfRobotsOnBlackSite,numberOfRobotsOnWhiteSite
30866,25,21
timeStep,numberOfRobotsOnBlackSite,numberOfRobotsOnWhiteSite
30867,25,21
timeStep,numberOfRobotsOnBlackSite,numberOfRobotsOnWhiteSite
30868,25,21
timeStep,numberOfRobotsOnBlackSite,numberOfRobotsOnWhiteSite
30869,25,21
timeStep,numberOfRobotsOnBlackSite,numberOfRobotsOnWhiteSite
30870,25,21
timeStep,numberOfRobotsOnBlackSite,numberOfRobotsOnWhiteSite
30871,25,21
timeStep,numberOfRobotsOnBlackSite,numberOfRobotsOnWhiteSite
30872,25,21
timeStep,numberOfRobotsOnBlackSite,numberOfRobotsOnWhiteSite
30873,25,21
timeStep,numberOfRobotsOnBlackSite,numberOfRobotsOnWhiteSite
30874,25,21
timeStep,numberOfRobotsOnBlackSite,numberOfRobotsOnWhiteSite
30875,25,21
timeStep,numberOfRobotsOnBlackSite,numberOfRobotsOnWhiteSite
30876,25,21
timeStep,numberOfRobotsOnBlackSite,numberOfRobotsOnWhiteSite
30877,25,21
timeStep,numberOfRobotsOnBlackSite,numberOfRobotsOnWhiteSite
30878,25,21
timeStep,numberOfRobotsOnBlackSite,numberOfRobotsOnWhiteSite
30879,25,21
timeStep,numberOfRobotsOnBlackSite,numberOfRobotsOnWhiteSite
30880,25,21
timeStep,numberOfRobotsOnBlackSite,numberOfRobotsOnWhiteSite
30881,25,21
timeStep,numberOfRobotsOnBlackSite,numberOfRobotsOnWhiteSite
30882,25,21
timeStep,numberOfRobotsOnBlackSite,numberOfRobotsOnWhiteSite
30883,25,21
timeStep,numberOfRobotsOnBlackSite,numberOfRobotsOnWhiteSite
30884,25,21
timeStep,numberOfRobotsOnBlackSite,numberOfRobotsOnWhiteSite
30885,25,21
timeStep,numberOfRobotsOnBlackSite,numberOfRobotsOnWhiteSite
30886,25,21
timeStep,numberOfRobotsOnBlackSite,numberOfRobotsOnWhiteSite
30887,25,21
timeStep,numberOfRobotsOnBlackSite,numberOfRobotsOnWhiteSite
30888,25,21
timeStep,numberOfRobotsOnBlackSite,numberOfRobotsOnWhiteSite
30889,25,21
timeStep,numberOfRobotsOnBlackSite,numberOfRobotsOnWhiteSite
30890,25,21
timeStep,numberOfRobotsOnBlackSite,numberOfRobotsOnWhiteSite
30891,25,21
timeStep,numberOfRobotsOnBlackSite,numberOfRobotsOnWhiteSite
30892,25,21
timeStep,numberOfRobotsOnBlackSite,numberOfRobotsOnWhiteSite
30893,25,21
timeStep,numberOfRobotsOnBlackSite,numberOfRobotsOnWhiteSite
30894,25,21
timeStep,numberOfRobotsOnBlackSite,numberOfRobotsOnWhiteSite
30895,25,21
timeStep,numberOfRobotsOnBlackSite,numberOfRobotsOnWhiteSite
30896,25,21
timeStep,numberOfRobotsOnBlackSite,numberOfRobotsOnWhiteSite
30897,25,21
timeStep,numberOfRobotsOnBlackSite,numberOfRobotsOnWhiteSite
30898,25,21
timeStep,numberOfRobotsOnBlackSite,numberOfRobotsOnWhiteSite
30899,25,21
timeStep,numberOfRobotsOnBlackSite,numberOfRobotsOnWhiteSite
30900,25,21
timeStep,numberOfRobotsOnBlackSite,numberOfRobotsOnWhiteSite
30901,25,21
timeStep,numberOfRobotsOnBlackSite,numberOfRobotsOnWhiteSite
30902,25,21
timeStep,numberOfRobotsOnBlackSite,numberOfRobotsOnWhiteSite
30903,25,21
timeStep,numberOfRobotsOnBlackSite,numberOfRobotsOnWhiteSite
30904,25,21
timeStep,numberOfRobotsOnBlackSite,numberOfRobotsOnWhiteSite
30905,25,21
timeStep,numberOfRobotsOnBlackSite,numberOfRobotsOnWhiteSite
30906,25,21
timeStep,numberOfRobotsOnBlackSite,numberOfRobotsOnWhiteSite
30907,25,21
timeStep,numberOfRobotsOnBlackSite,numberOfRobotsOnWhiteSite
30908,25,21
timeStep,numberOfRobotsOnBlackSite,numberOfRobotsOnWhiteSite
30909,25,21
timeStep,numberOfRobotsOnBlackSite,numberOfRobotsOnWhiteSite
30910,25,21
timeStep,numberOfRobotsOnBlackSite,numberOfRobotsOnWhiteSite
30911,25,21
timeStep,numberOfRobotsOnBlackSite,numberOfRobotsOnWhiteSite
30912,25,21
timeStep,numberOfRobotsOnBlackSite,numberOfRobotsOnWhiteSite
30913,25,21
timeStep,numberOfRobotsOnBlackSite,numberOfRobotsOnWhiteSite
30914,25,21
timeStep,numberOfRobotsOnBlackSite,numberOfRobotsOnWhiteSite
30915,25,21
timeStep,numberOfRobotsOnBlackSite,numberOfRobotsOnWhiteSite
30916,25,21
timeStep,numberOfRobotsOnBlackSite,numberOfRobotsOnWhiteSite
30917,25,21
timeStep,numberOfRobotsOnBlackSite,numberOfRobotsOnWhiteSite
30918,25,21
timeStep,numberOfRobotsOnBlackSite,numberOfRobotsOnWhiteSite
30919,25,21
timeStep,numberOfRobotsOnBlackSite,numberOfRobotsOnWhiteSite
30920,25,21
timeStep,numberOfRobotsOnBlackSite,numberOfRobotsOnWhiteSite
30921,25,21
timeStep,numberOfRobotsOnBlackSite,numberOfRobotsOnWhiteSite
30922,25,21
timeStep,numberOfRobotsOnBlackSite,numberOfRobotsOnWhiteSite
30923,25,21
timeStep,numberOfRobotsOnBlackSite,numberOfRobotsOnWhiteSite
30924,25,21
timeStep,numberOfRobotsOnBlackSite,numberOfRobotsOnWhiteSite
30925,25,21
timeStep,numberOfRobotsOnBlackSite,numberOfRobotsOnWhiteSite
30926,25,21
timeStep,numberOfRobotsOnBlackSite,numberOfRobotsOnWhiteSite
30927,25,21
timeStep,numberOfRobotsOnBlackSite,numberOfRobotsOnWhiteSite
30928,25,21
timeStep,numberOfRobotsOnBlackSite,numberOfRobotsOnWhiteSite
30929,25,21
timeStep,numberOfRobotsOnBlackSite,numberOfRobotsOnWhiteSite
30930,25,21
timeStep,numberOfRobotsOnBlackSite,numberOfRobotsOnWhiteSite
30931,25,21
timeStep,numberOfRobotsOnBlackSite,numberOfRobotsOnWhiteSite
30932,25,21
timeStep,numberOfRobotsOnBlackSite,numberOfRobotsOnWhiteSite
30933,25,21
timeStep,numberOfRobotsOnBlackSite,numberOfRobotsOnWhiteSite
30934,25,21
timeStep,numberOfRobotsOnBlackSite,numberOfRobotsOnWhiteSite
30935,25,21
timeStep,numberOfRobotsOnBlackSite,numberOfRobotsOnWhiteSite
30936,25,21
timeStep,numberOfRobotsOnBlackSite,numberOfRobotsOnWhiteSite
30937,25,21
timeStep,numberOfRobotsOnBlackSite,numberOfRobotsOnWhiteSite
30938,25,21
timeStep,numberOfRobotsOnBlackSite,numberOfRobotsOnWhiteSite
30939,25,21
timeStep,numberOfRobotsOnBlackSite,numberOfRobotsOnWhiteSite
30940,25,21
timeStep,numberOfRobotsOnBlackSite,numberOfRobotsOnWhiteSite
30941,25,21
timeStep,numberOfRobotsOnBlackSite,numberOfRobotsOnWhiteSite
30942,25,21
timeStep,numberOfRobotsOnBlackSite,numberOfRobotsOnWhiteSite
30943,25,21
timeStep,numberOfRobotsOnBlackSite,numberOfRobotsOnWhiteSite
30944,25,21
timeStep,numberOfRobotsOnBlackSite,numberOfRobotsOnWhiteSite
30945,25,21
timeStep,numberOfRobotsOnBlackSite,numberOfRobotsOnWhiteSite
30946,25,21
timeStep,numberOfRobotsOnBlackSite,numberOfRobotsOnWhiteSite
30947,25,21
timeStep,numberOfRobotsOnBlackSite,numberOfRobotsOnWhiteSite
30948,25,21
timeStep,numberOfRobotsOnBlackSite,numberOfRobotsOnWhiteSite
30949,25,21
timeStep,numberOfRobotsOnBlackSite,numberOfRobotsOnWhiteSite
30950,25,21
timeStep,numberOfRobotsOnBlackSite,numberOfRobotsOnWhiteSite
30951,25,21
timeStep,numberOfRobotsOnBlackSite,numberOfRobotsOnWhiteSite
30952,25,21
timeStep,numberOfRobotsOnBlackSite,numberOfRobotsOnWhiteSite
30953,25,21
timeStep,numberOfRobotsOnBlackSite,numberOfRobotsOnWhiteSite
30954,25,21
timeStep,numberOfRobotsOnBlackSite,numberOfRobotsOnWhiteSite
30955,25,21
timeStep,numberOfRobotsOnBlackSite,numberOfRobotsOnWhiteSite
30956,25,21
timeStep,numberOfRobotsOnBlackSite,numberOfRobotsOnWhiteSite
30957,25,21
timeStep,numberOfRobotsOnBlackSite,numberOfRobotsOnWhiteSite
30958,25,21
timeStep,numberOfRobotsOnBlackSite,numberOfRobotsOnWhiteSite
30959,25,21
timeStep,numberOfRobotsOnBlackSite,numberOfRobotsOnWhiteSite
30960,25,21
timeStep,numberOfRobotsOnBlackSite,numberOfRobotsOnWhiteSite
30961,25,21
timeStep,numberOfRobotsOnBlackSite,numberOfRobotsOnWhiteSite
30962,25,21
timeStep,numberOfRobotsOnBlackSite,numberOfRobotsOnWhiteSite
30963,25,21
timeStep,numberOfRobotsOnBlackSite,numberOfRobotsOnWhiteSite
30964,25,21
timeStep,numberOfRobotsOnBlackSite,numberOfRobotsOnWhiteSite
30965,25,21
timeStep,numberOfRobotsOnBlackSite,numberOfRobotsOnWhiteSite
30966,25,21
timeStep,numberOfRobotsOnBlackSite,numberOfRobotsOnWhiteSite
30967,25,21
timeStep,numberOfRobotsOnBlackSite,numberOfRobotsOnWhiteSite
30968,25,21
timeStep,numberOfRobotsOnBlackSite,numberOfRobotsOnWhiteSite
30969,25,21
timeStep,numberOfRobotsOnBlackSite,numberOfRobotsOnWhiteSite
30970,25,21
timeStep,numberOfRobotsOnBlackSite,numberOfRobotsOnWhiteSite
30971,25,21
timeStep,numberOfRobotsOnBlackSite,numberOfRobotsOnWhiteSite
30972,25,21
timeStep,numberOfRobotsOnBlackSite,numberOfRobotsOnWhiteSite
30973,25,21
timeStep,numberOfRobotsOnBlackSite,numberOfRobotsOnWhiteSite
30974,25,21
timeStep,numberOfRobotsOnBlackSite,numberOfRobotsOnWhiteSite
30975,25,21
timeStep,numberOfRobotsOnBlackSite,numberOfRobotsOnWhiteSite
30976,25,21
timeStep,numberOfRobotsOnBlackSite,numberOfRobotsOnWhiteSite
30977,25,21
timeStep,numberOfRobotsOnBlackSite,numberOfRobotsOnWhiteSite
30978,25,21
timeStep,numberOfRobotsOnBlackSite,numberOfRobotsOnWhiteSite
30979,25,21
timeStep,numberOfRobotsOnBlackSite,numberOfRobotsOnWhiteSite
30980,25,21
timeStep,numberOfRobotsOnBlackSite,numberOfRobotsOnWhiteSite
30981,25,21
timeStep,numberOfRobotsOnBlackSite,numberOfRobotsOnWhiteSite
30982,25,21
timeStep,numberOfRobotsOnBlackSite,numberOfRobotsOnWhiteSite
30983,25,21
timeStep,numberOfRobotsOnBlackSite,numberOfRobotsOnWhiteSite
30984,25,21
timeStep,numberOfRobotsOnBlackSite,numberOfRobotsOnWhiteSite
30985,25,21
timeStep,numberOfRobotsOnBlackSite,numberOfRobotsOnWhiteSite
30986,25,21
timeStep,numberOfRobotsOnBlackSite,numberOfRobotsOnWhiteSite
30987,25,21
timeStep,numberOfRobotsOnBlackSite,numberOfRobotsOnWhiteSite
30988,25,21
timeStep,numberOfRobotsOnBlackSite,numberOfRobotsOnWhiteSite
30989,25,21
timeStep,numberOfRobotsOnBlackSite,numberOfRobotsOnWhiteSite
30990,25,21
timeStep,numberOfRobotsOnBlackSite,numberOfRobotsOnWhiteSite
30991,25,21
timeStep,numberOfRobotsOnBlackSite,numberOfRobotsOnWhiteSite
30992,25,21
timeStep,numberOfRobotsOnBlackSite,numberOfRobotsOnWhiteSite
30993,25,21
timeStep,numberOfRobotsOnBlackSite,numberOfRobotsOnWhiteSite
30994,25,21
timeStep,numberOfRobotsOnBlackSite,numberOfRobotsOnWhiteSite
30995,25,21
timeStep,numberOfRobotsOnBlackSite,numberOfRobotsOnWhiteSite
30996,25,21
timeStep,numberOfRobotsOnBlackSite,numberOfRobotsOnWhiteSite
30997,25,21
timeStep,numberOfRobotsOnBlackSite,numberOfRobotsOnWhiteSite
30998,25,21
timeStep,numberOfRobotsOnBlackSite,numberOfRobotsOnWhiteSite
30999,25,21
timeStep,numberOfRobotsOnBlackSite,numberOfRobotsOnWhiteSite
31000,25,21
timeStep,numberOfRobotsOnBlackSite,numberOfRobotsOnWhiteSite
31001,25,21
timeStep,numberOfRobotsOnBlackSite,numberOfRobotsOnWhiteSite
31002,25,21
timeStep,numberOfRobotsOnBlackSite,numberOfRobotsOnWhiteSite
31003,25,21
timeStep,numberOfRobotsOnBlackSite,numberOfRobotsOnWhiteSite
31004,25,21
timeStep,numberOfRobotsOnBlackSite,numberOfRobotsOnWhiteSite
31005,25,21
timeStep,numberOfRobotsOnBlackSite,numberOfRobotsOnWhiteSite
31006,25,21
timeStep,numberOfRobotsOnBlackSite,numberOfRobotsOnWhiteSite
31007,25,21
timeStep,numberOfRobotsOnBlackSite,numberOfRobotsOnWhiteSite
31008,25,21
timeStep,numberOfRobotsOnBlackSite,numberOfRobotsOnWhiteSite
31009,25,21
timeStep,numberOfRobotsOnBlackSite,numberOfRobotsOnWhiteSite
31010,25,21
timeStep,numberOfRobotsOnBlackSite,numberOfRobotsOnWhiteSite
31011,25,21
timeStep,numberOfRobotsOnBlackSite,numberOfRobotsOnWhiteSite
31012,25,21
timeStep,numberOfRobotsOnBlackSite,numberOfRobotsOnWhiteSite
31013,25,21
timeStep,numberOfRobotsOnBlackSite,numberOfRobotsOnWhiteSite
31014,25,21
timeStep,numberOfRobotsOnBlackSite,numberOfRobotsOnWhiteSite
31015,25,21
timeStep,numberOfRobotsOnBlackSite,numberOfRobotsOnWhiteSite
31016,25,21
timeStep,numberOfRobotsOnBlackSite,numberOfRobotsOnWhiteSite
31017,25,21
timeStep,numberOfRobotsOnBlackSite,numberOfRobotsOnWhiteSite
31018,25,21
timeStep,numberOfRobotsOnBlackSite,numberOfRobotsOnWhiteSite
31019,25,21
timeStep,numberOfRobotsOnBlackSite,numberOfRobotsOnWhiteSite
31020,25,21
timeStep,numberOfRobotsOnBlackSite,numberOfRobotsOnWhiteSite
31021,25,21
timeStep,numberOfRobotsOnBlackSite,numberOfRobotsOnWhiteSite
31022,25,21
timeStep,numberOfRobotsOnBlackSite,numberOfRobotsOnWhiteSite
31023,25,21
timeStep,numberOfRobotsOnBlackSite,numberOfRobotsOnWhiteSite
31024,25,21
timeStep,numberOfRobotsOnBlackSite,numberOfRobotsOnWhiteSite
31025,25,21
timeStep,numberOfRobotsOnBlackSite,numberOfRobotsOnWhiteSite
31026,25,21
timeStep,numberOfRobotsOnBlackSite,numberOfRobotsOnWhiteSite
31027,25,21
timeStep,numberOfRobotsOnBlackSite,numberOfRobotsOnWhiteSite
31028,25,21
timeStep,numberOfRobotsOnBlackSite,numberOfRobotsOnWhiteSite
31029,25,21
timeStep,numberOfRobotsOnBlackSite,numberOfRobotsOnWhiteSite
31030,25,21
timeStep,numberOfRobotsOnBlackSite,numberOfRobotsOnWhiteSite
31031,25,21
timeStep,numberOfRobotsOnBlackSite,numberOfRobotsOnWhiteSite
31032,25,21
timeStep,numberOfRobotsOnBlackSite,numberOfRobotsOnWhiteSite
31033,25,21
timeStep,numberOfRobotsOnBlackSite,numberOfRobotsOnWhiteSite
31034,25,21
timeStep,numberOfRobotsOnBlackSite,numberOfRobotsOnWhiteSite
31035,25,21
timeStep,numberOfRobotsOnBlackSite,numberOfRobotsOnWhiteSite
31036,25,21
timeStep,numberOfRobotsOnBlackSite,numberOfRobotsOnWhiteSite
31037,25,21
timeStep,numberOfRobotsOnBlackSite,numberOfRobotsOnWhiteSite
31038,25,21
timeStep,numberOfRobotsOnBlackSite,numberOfRobotsOnWhiteSite
31039,25,21
timeStep,numberOfRobotsOnBlackSite,numberOfRobotsOnWhiteSite
31040,25,21
timeStep,numberOfRobotsOnBlackSite,numberOfRobotsOnWhiteSite
31041,25,21
timeStep,numberOfRobotsOnBlackSite,numberOfRobotsOnWhiteSite
31042,25,21
timeStep,numberOfRobotsOnBlackSite,numberOfRobotsOnWhiteSite
31043,25,21
timeStep,numberOfRobotsOnBlackSite,numberOfRobotsOnWhiteSite
31044,25,21
timeStep,numberOfRobotsOnBlackSite,numberOfRobotsOnWhiteSite
31045,25,21
timeStep,numberOfRobotsOnBlackSite,numberOfRobotsOnWhiteSite
31046,25,21
timeStep,numberOfRobotsOnBlackSite,numberOfRobotsOnWhiteSite
31047,25,21
timeStep,numberOfRobotsOnBlackSite,numberOfRobotsOnWhiteSite
31048,25,21
timeStep,numberOfRobotsOnBlackSite,numberOfRobotsOnWhiteSite
31049,25,21
timeStep,numberOfRobotsOnBlackSite,numberOfRobotsOnWhiteSite
31050,25,21
timeStep,numberOfRobotsOnBlackSite,numberOfRobotsOnWhiteSite
31051,25,21
timeStep,numberOfRobotsOnBlackSite,numberOfRobotsOnWhiteSite
31052,25,21
timeStep,numberOfRobotsOnBlackSite,numberOfRobotsOnWhiteSite
31053,25,21
timeStep,numberOfRobotsOnBlackSite,numberOfRobotsOnWhiteSite
31054,25,21
timeStep,numberOfRobotsOnBlackSite,numberOfRobotsOnWhiteSite
31055,25,21
timeStep,numberOfRobotsOnBlackSite,numberOfRobotsOnWhiteSite
31056,25,21
timeStep,numberOfRobotsOnBlackSite,numberOfRobotsOnWhiteSite
31057,25,21
timeStep,numberOfRobotsOnBlackSite,numberOfRobotsOnWhiteSite
31058,25,21
timeStep,numberOfRobotsOnBlackSite,numberOfRobotsOnWhiteSite
31059,25,21
timeStep,numberOfRobotsOnBlackSite,numberOfRobotsOnWhiteSite
31060,25,21
timeStep,numberOfRobotsOnBlackSite,numberOfRobotsOnWhiteSite
31061,25,21
timeStep,numberOfRobotsOnBlackSite,numberOfRobotsOnWhiteSite
31062,25,21
timeStep,numberOfRobotsOnBlackSite,numberOfRobotsOnWhiteSite
31063,25,21
timeStep,numberOfRobotsOnBlackSite,numberOfRobotsOnWhiteSite
31064,25,21
timeStep,numberOfRobotsOnBlackSite,numberOfRobotsOnWhiteSite
31065,25,20
timeStep,numberOfRobotsOnBlackSite,numberOfRobotsOnWhiteSite
31066,25,20
timeStep,numberOfRobotsOnBlackSite,numberOfRobotsOnWhiteSite
31067,25,20
timeStep,numberOfRobotsOnBlackSite,numberOfRobotsOnWhiteSite
31068,25,20
timeStep,numberOfRobotsOnBlackSite,numberOfRobotsOnWhiteSite
31069,25,20
timeStep,numberOfRobotsOnBlackSite,numberOfRobotsOnWhiteSite
31070,25,20
timeStep,numberOfRobotsOnBlackSite,numberOfRobotsOnWhiteSite
31071,25,20
timeStep,numberOfRobotsOnBlackSite,numberOfRobotsOnWhiteSite
31072,25,20
timeStep,numberOfRobotsOnBlackSite,numberOfRobotsOnWhiteSite
31073,25,20
timeStep,numberOfRobotsOnBlackSite,numberOfRobotsOnWhiteSite
31074,25,20
timeStep,numberOfRobotsOnBlackSite,numberOfRobotsOnWhiteSite
31075,25,20
timeStep,numberOfRobotsOnBlackSite,numberOfRobotsOnWhiteSite
31076,25,20
timeStep,numberOfRobotsOnBlackSite,numberOfRobotsOnWhiteSite
31077,25,20
timeStep,numberOfRobotsOnBlackSite,numberOfRobotsOnWhiteSite
31078,25,20
timeStep,numberOfRobotsOnBlackSite,numberOfRobotsOnWhiteSite
31079,25,20
timeStep,numberOfRobotsOnBlackSite,numberOfRobotsOnWhiteSite
31080,25,20
timeStep,numberOfRobotsOnBlackSite,numberOfRobotsOnWhiteSite
31081,25,20
timeStep,numberOfRobotsOnBlackSite,numberOfRobotsOnWhiteSite
31082,25,20
timeStep,numberOfRobotsOnBlackSite,numberOfRobotsOnWhiteSite
31083,25,20
timeStep,numberOfRobotsOnBlackSite,numberOfRobotsOnWhiteSite
31084,25,20
timeStep,numberOfRobotsOnBlackSite,numberOfRobotsOnWhiteSite
31085,25,20
timeStep,numberOfRobotsOnBlackSite,numberOfRobotsOnWhiteSite
31086,25,20
timeStep,numberOfRobotsOnBlackSite,numberOfRobotsOnWhiteSite
31087,25,20
timeStep,numberOfRobotsOnBlackSite,numberOfRobotsOnWhiteSite
31088,25,20
timeStep,numberOfRobotsOnBlackSite,numberOfRobotsOnWhiteSite
31089,25,20
timeStep,numberOfRobotsOnBlackSite,numberOfRobotsOnWhiteSite
31090,25,20
timeStep,numberOfRobotsOnBlackSite,numberOfRobotsOnWhiteSite
31091,25,20
timeStep,numberOfRobotsOnBlackSite,numberOfRobotsOnWhiteSite
31092,25,20
timeStep,numberOfRobotsOnBlackSite,numberOfRobotsOnWhiteSite
31093,25,20
timeStep,numberOfRobotsOnBlackSite,numberOfRobotsOnWhiteSite
31094,25,20
timeStep,numberOfRobotsOnBlackSite,numberOfRobotsOnWhiteSite
31095,25,21
timeStep,numberOfRobotsOnBlackSite,numberOfRobotsOnWhiteSite
31096,25,21
timeStep,numberOfRobotsOnBlackSite,numberOfRobotsOnWhiteSite
31097,25,21
timeStep,numberOfRobotsOnBlackSite,numberOfRobotsOnWhiteSite
31098,25,21
timeStep,numberOfRobotsOnBlackSite,numberOfRobotsOnWhiteSite
31099,25,21
timeStep,numberOfRobotsOnBlackSite,numberOfRobotsOnWhiteSite
31100,25,21
timeStep,numberOfRobotsOnBlackSite,numberOfRobotsOnWhiteSite
31101,25,21
timeStep,numberOfRobotsOnBlackSite,numberOfRobotsOnWhiteSite
31102,25,21
timeStep,numberOfRobotsOnBlackSite,numberOfRobotsOnWhiteSite
31103,25,21
timeStep,numberOfRobotsOnBlackSite,numberOfRobotsOnWhiteSite
31104,25,21
timeStep,numberOfRobotsOnBlackSite,numberOfRobotsOnWhiteSite
31105,25,21
timeStep,numberOfRobotsOnBlackSite,numberOfRobotsOnWhiteSite
31106,25,21
timeStep,numberOfRobotsOnBlackSite,numberOfRobotsOnWhiteSite
31107,25,21
timeStep,numberOfRobotsOnBlackSite,numberOfRobotsOnWhiteSite
31108,25,21
timeStep,numberOfRobotsOnBlackSite,numberOfRobotsOnWhiteSite
31109,25,21
timeStep,numberOfRobotsOnBlackSite,numberOfRobotsOnWhiteSite
31110,25,20
timeStep,numberOfRobotsOnBlackSite,numberOfRobotsOnWhiteSite
31111,25,20
timeStep,numberOfRobotsOnBlackSite,numberOfRobotsOnWhiteSite
31112,25,20
timeStep,numberOfRobotsOnBlackSite,numberOfRobotsOnWhiteSite
31113,25,20
timeStep,numberOfRobotsOnBlackSite,numberOfRobotsOnWhiteSite
31114,25,20
timeStep,numberOfRobotsOnBlackSite,numberOfRobotsOnWhiteSite
31115,25,20
timeStep,numberOfRobotsOnBlackSite,numberOfRobotsOnWhiteSite
31116,25,20
timeStep,numberOfRobotsOnBlackSite,numberOfRobotsOnWhiteSite
31117,25,20
timeStep,numberOfRobotsOnBlackSite,numberOfRobotsOnWhiteSite
31118,25,20
timeStep,numberOfRobotsOnBlackSite,numberOfRobotsOnWhiteSite
31119,25,20
timeStep,numberOfRobotsOnBlackSite,numberOfRobotsOnWhiteSite
31120,25,20
timeStep,numberOfRobotsOnBlackSite,numberOfRobotsOnWhiteSite
31121,25,20
timeStep,numberOfRobotsOnBlackSite,numberOfRobotsOnWhiteSite
31122,25,20
timeStep,numberOfRobotsOnBlackSite,numberOfRobotsOnWhiteSite
31123,25,20
timeStep,numberOfRobotsOnBlackSite,numberOfRobotsOnWhiteSite
31124,25,20
timeStep,numberOfRobotsOnBlackSite,numberOfRobotsOnWhiteSite
31125,25,20
timeStep,numberOfRobotsOnBlackSite,numberOfRobotsOnWhiteSite
31126,25,20
timeStep,numberOfRobotsOnBlackSite,numberOfRobotsOnWhiteSite
31127,25,20
timeStep,numberOfRobotsOnBlackSite,numberOfRobotsOnWhiteSite
31128,25,20
timeStep,numberOfRobotsOnBlackSite,numberOfRobotsOnWhiteSite
31129,25,20
timeStep,numberOfRobotsOnBlackSite,numberOfRobotsOnWhiteSite
31130,25,20
timeStep,numberOfRobotsOnBlackSite,numberOfRobotsOnWhiteSite
31131,25,20
timeStep,numberOfRobotsOnBlackSite,numberOfRobotsOnWhiteSite
31132,25,20
timeStep,numberOfRobotsOnBlackSite,numberOfRobotsOnWhiteSite
31133,25,20
timeStep,numberOfRobotsOnBlackSite,numberOfRobotsOnWhiteSite
31134,25,20
timeStep,numberOfRobotsOnBlackSite,numberOfRobotsOnWhiteSite
31135,25,20
timeStep,numberOfRobotsOnBlackSite,numberOfRobotsOnWhiteSite
31136,25,20
timeStep,numberOfRobotsOnBlackSite,numberOfRobotsOnWhiteSite
31137,25,20
timeStep,numberOfRobotsOnBlackSite,numberOfRobotsOnWhiteSite
31138,25,20
timeStep,numberOfRobotsOnBlackSite,numberOfRobotsOnWhiteSite
31139,25,20
timeStep,numberOfRobotsOnBlackSite,numberOfRobotsOnWhiteSite
31140,25,21
timeStep,numberOfRobotsOnBlackSite,numberOfRobotsOnWhiteSite
31141,25,21
timeStep,numberOfRobotsOnBlackSite,numberOfRobotsOnWhiteSite
31142,25,21
timeStep,numberOfRobotsOnBlackSite,numberOfRobotsOnWhiteSite
31143,25,21
timeStep,numberOfRobotsOnBlackSite,numberOfRobotsOnWhiteSite
31144,25,21
timeStep,numberOfRobotsOnBlackSite,numberOfRobotsOnWhiteSite
31145,25,21
timeStep,numberOfRobotsOnBlackSite,numberOfRobotsOnWhiteSite
31146,25,21
timeStep,numberOfRobotsOnBlackSite,numberOfRobotsOnWhiteSite
31147,25,21
timeStep,numberOfRobotsOnBlackSite,numberOfRobotsOnWhiteSite
31148,25,21
timeStep,numberOfRobotsOnBlackSite,numberOfRobotsOnWhiteSite
31149,25,21
timeStep,numberOfRobotsOnBlackSite,numberOfRobotsOnWhiteSite
31150,25,21
timeStep,numberOfRobotsOnBlackSite,numberOfRobotsOnWhiteSite
31151,25,21
timeStep,numberOfRobotsOnBlackSite,numberOfRobotsOnWhiteSite
31152,25,21
timeStep,numberOfRobotsOnBlackSite,numberOfRobotsOnWhiteSite
31153,25,21
timeStep,numberOfRobotsOnBlackSite,numberOfRobotsOnWhiteSite
31154,25,21
timeStep,numberOfRobotsOnBlackSite,numberOfRobotsOnWhiteSite
31155,25,21
timeStep,numberOfRobotsOnBlackSite,numberOfRobotsOnWhiteSite
31156,25,21
timeStep,numberOfRobotsOnBlackSite,numberOfRobotsOnWhiteSite
31157,25,21
timeStep,numberOfRobotsOnBlackSite,numberOfRobotsOnWhiteSite
31158,25,21
timeStep,numberOfRobotsOnBlackSite,numberOfRobotsOnWhiteSite
31159,25,21
timeStep,numberOfRobotsOnBlackSite,numberOfRobotsOnWhiteSite
31160,25,21
timeStep,numberOfRobotsOnBlackSite,numberOfRobotsOnWhiteSite
31161,25,21
timeStep,numberOfRobotsOnBlackSite,numberOfRobotsOnWhiteSite
31162,25,21
timeStep,numberOfRobotsOnBlackSite,numberOfRobotsOnWhiteSite
31163,25,21
timeStep,numberOfRobotsOnBlackSite,numberOfRobotsOnWhiteSite
31164,25,21
timeStep,numberOfRobotsOnBlackSite,numberOfRobotsOnWhiteSite
31165,25,21
timeStep,numberOfRobotsOnBlackSite,numberOfRobotsOnWhiteSite
31166,25,21
timeStep,numberOfRobotsOnBlackSite,numberOfRobotsOnWhiteSite
31167,25,21
timeStep,numberOfRobotsOnBlackSite,numberOfRobotsOnWhiteSite
31168,25,21
timeStep,numberOfRobotsOnBlackSite,numberOfRobotsOnWhiteSite
31169,25,21
timeStep,numberOfRobotsOnBlackSite,numberOfRobotsOnWhiteSite
31170,25,21
timeStep,numberOfRobotsOnBlackSite,numberOfRobotsOnWhiteSite
31171,25,21
timeStep,numberOfRobotsOnBlackSite,numberOfRobotsOnWhiteSite
31172,25,21
timeStep,numberOfRobotsOnBlackSite,numberOfRobotsOnWhiteSite
31173,25,21
timeStep,numberOfRobotsOnBlackSite,numberOfRobotsOnWhiteSite
31174,25,21
timeStep,numberOfRobotsOnBlackSite,numberOfRobotsOnWhiteSite
31175,25,21
timeStep,numberOfRobotsOnBlackSite,numberOfRobotsOnWhiteSite
31176,25,21
timeStep,numberOfRobotsOnBlackSite,numberOfRobotsOnWhiteSite
31177,25,21
timeStep,numberOfRobotsOnBlackSite,numberOfRobotsOnWhiteSite
31178,25,21
timeStep,numberOfRobotsOnBlackSite,numberOfRobotsOnWhiteSite
31179,25,21
timeStep,numberOfRobotsOnBlackSite,numberOfRobotsOnWhiteSite
31180,25,21
timeStep,numberOfRobotsOnBlackSite,numberOfRobotsOnWhiteSite
31181,25,21
timeStep,numberOfRobotsOnBlackSite,numberOfRobotsOnWhiteSite
31182,25,21
timeStep,numberOfRobotsOnBlackSite,numberOfRobotsOnWhiteSite
31183,25,21
timeStep,numberOfRobotsOnBlackSite,numberOfRobotsOnWhiteSite
31184,25,21
timeStep,numberOfRobotsOnBlackSite,numberOfRobotsOnWhiteSite
31185,25,21
timeStep,numberOfRobotsOnBlackSite,numberOfRobotsOnWhiteSite
31186,25,21
timeStep,numberOfRobotsOnBlackSite,numberOfRobotsOnWhiteSite
31187,25,21
timeStep,numberOfRobotsOnBlackSite,numberOfRobotsOnWhiteSite
31188,25,21
timeStep,numberOfRobotsOnBlackSite,numberOfRobotsOnWhiteSite
31189,25,21
timeStep,numberOfRobotsOnBlackSite,numberOfRobotsOnWhiteSite
31190,25,21
timeStep,numberOfRobotsOnBlackSite,numberOfRobotsOnWhiteSite
31191,25,21
timeStep,numberOfRobotsOnBlackSite,numberOfRobotsOnWhiteSite
31192,25,21
timeStep,numberOfRobotsOnBlackSite,numberOfRobotsOnWhiteSite
31193,25,21
timeStep,numberOfRobotsOnBlackSite,numberOfRobotsOnWhiteSite
31194,25,21
timeStep,numberOfRobotsOnBlackSite,numberOfRobotsOnWhiteSite
31195,25,21
timeStep,numberOfRobotsOnBlackSite,numberOfRobotsOnWhiteSite
31196,25,21
timeStep,numberOfRobotsOnBlackSite,numberOfRobotsOnWhiteSite
31197,25,21
timeStep,numberOfRobotsOnBlackSite,numberOfRobotsOnWhiteSite
31198,25,21
timeStep,numberOfRobotsOnBlackSite,numberOfRobotsOnWhiteSite
31199,25,21
timeStep,numberOfRobotsOnBlackSite,numberOfRobotsOnWhiteSite
31200,25,21
timeStep,numberOfRobotsOnBlackSite,numberOfRobotsOnWhiteSite
31201,25,21
timeStep,numberOfRobotsOnBlackSite,numberOfRobotsOnWhiteSite
31202,25,21
timeStep,numberOfRobotsOnBlackSite,numberOfRobotsOnWhiteSite
31203,25,21
timeStep,numberOfRobotsOnBlackSite,numberOfRobotsOnWhiteSite
31204,25,21
timeStep,numberOfRobotsOnBlackSite,numberOfRobotsOnWhiteSite
31205,25,21
timeStep,numberOfRobotsOnBlackSite,numberOfRobotsOnWhiteSite
31206,25,21
timeStep,numberOfRobotsOnBlackSite,numberOfRobotsOnWhiteSite
31207,25,21
timeStep,numberOfRobotsOnBlackSite,numberOfRobotsOnWhiteSite
31208,25,21
timeStep,numberOfRobotsOnBlackSite,numberOfRobotsOnWhiteSite
31209,25,21
timeStep,numberOfRobotsOnBlackSite,numberOfRobotsOnWhiteSite
31210,25,21
timeStep,numberOfRobotsOnBlackSite,numberOfRobotsOnWhiteSite
31211,25,21
timeStep,numberOfRobotsOnBlackSite,numberOfRobotsOnWhiteSite
31212,25,21
timeStep,numberOfRobotsOnBlackSite,numberOfRobotsOnWhiteSite
31213,25,21
timeStep,numberOfRobotsOnBlackSite,numberOfRobotsOnWhiteSite
31214,25,21
timeStep,numberOfRobotsOnBlackSite,numberOfRobotsOnWhiteSite
31215,25,21
timeStep,numberOfRobotsOnBlackSite,numberOfRobotsOnWhiteSite
31216,25,21
timeStep,numberOfRobotsOnBlackSite,numberOfRobotsOnWhiteSite
31217,25,21
timeStep,numberOfRobotsOnBlackSite,numberOfRobotsOnWhiteSite
31218,25,21
timeStep,numberOfRobotsOnBlackSite,numberOfRobotsOnWhiteSite
31219,25,21
timeStep,numberOfRobotsOnBlackSite,numberOfRobotsOnWhiteSite
31220,25,21
timeStep,numberOfRobotsOnBlackSite,numberOfRobotsOnWhiteSite
31221,25,21
timeStep,numberOfRobotsOnBlackSite,numberOfRobotsOnWhiteSite
31222,25,21
timeStep,numberOfRobotsOnBlackSite,numberOfRobotsOnWhiteSite
31223,25,21
timeStep,numberOfRobotsOnBlackSite,numberOfRobotsOnWhiteSite
31224,25,21
timeStep,numberOfRobotsOnBlackSite,numberOfRobotsOnWhiteSite
31225,25,21
timeStep,numberOfRobotsOnBlackSite,numberOfRobotsOnWhiteSite
31226,25,21
timeStep,numberOfRobotsOnBlackSite,numberOfRobotsOnWhiteSite
31227,25,21
timeStep,numberOfRobotsOnBlackSite,numberOfRobotsOnWhiteSite
31228,25,21
timeStep,numberOfRobotsOnBlackSite,numberOfRobotsOnWhiteSite
31229,25,21
timeStep,numberOfRobotsOnBlackSite,numberOfRobotsOnWhiteSite
31230,25,21
timeStep,numberOfRobotsOnBlackSite,numberOfRobotsOnWhiteSite
31231,25,21
timeStep,numberOfRobotsOnBlackSite,numberOfRobotsOnWhiteSite
31232,25,21
timeStep,numberOfRobotsOnBlackSite,numberOfRobotsOnWhiteSite
31233,25,21
timeStep,numberOfRobotsOnBlackSite,numberOfRobotsOnWhiteSite
31234,25,21
timeStep,numberOfRobotsOnBlackSite,numberOfRobotsOnWhiteSite
31235,25,21
timeStep,numberOfRobotsOnBlackSite,numberOfRobotsOnWhiteSite
31236,25,21
timeStep,numberOfRobotsOnBlackSite,numberOfRobotsOnWhiteSite
31237,25,21
timeStep,numberOfRobotsOnBlackSite,numberOfRobotsOnWhiteSite
31238,25,21
timeStep,numberOfRobotsOnBlackSite,numberOfRobotsOnWhiteSite
31239,25,21
timeStep,numberOfRobotsOnBlackSite,numberOfRobotsOnWhiteSite
31240,25,21
timeStep,numberOfRobotsOnBlackSite,numberOfRobotsOnWhiteSite
31241,25,21
timeStep,numberOfRobotsOnBlackSite,numberOfRobotsOnWhiteSite
31242,25,21
timeStep,numberOfRobotsOnBlackSite,numberOfRobotsOnWhiteSite
31243,25,21
timeStep,numberOfRobotsOnBlackSite,numberOfRobotsOnWhiteSite
31244,25,21
timeStep,numberOfRobotsOnBlackSite,numberOfRobotsOnWhiteSite
31245,25,21
timeStep,numberOfRobotsOnBlackSite,numberOfRobotsOnWhiteSite
31246,25,21
timeStep,numberOfRobotsOnBlackSite,numberOfRobotsOnWhiteSite
31247,25,21
timeStep,numberOfRobotsOnBlackSite,numberOfRobotsOnWhiteSite
31248,25,21
timeStep,numberOfRobotsOnBlackSite,numberOfRobotsOnWhiteSite
31249,25,21
timeStep,numberOfRobotsOnBlackSite,numberOfRobotsOnWhiteSite
31250,25,21
timeStep,numberOfRobotsOnBlackSite,numberOfRobotsOnWhiteSite
31251,25,21
timeStep,numberOfRobotsOnBlackSite,numberOfRobotsOnWhiteSite
31252,25,21
timeStep,numberOfRobotsOnBlackSite,numberOfRobotsOnWhiteSite
31253,25,21
timeStep,numberOfRobotsOnBlackSite,numberOfRobotsOnWhiteSite
31254,25,21
timeStep,numberOfRobotsOnBlackSite,numberOfRobotsOnWhiteSite
31255,25,21
timeStep,numberOfRobotsOnBlackSite,numberOfRobotsOnWhiteSite
31256,25,21
timeStep,numberOfRobotsOnBlackSite,numberOfRobotsOnWhiteSite
31257,25,21
timeStep,numberOfRobotsOnBlackSite,numberOfRobotsOnWhiteSite
31258,25,21
timeStep,numberOfRobotsOnBlackSite,numberOfRobotsOnWhiteSite
31259,25,21
timeStep,numberOfRobotsOnBlackSite,numberOfRobotsOnWhiteSite
31260,25,21
timeStep,numberOfRobotsOnBlackSite,numberOfRobotsOnWhiteSite
31261,25,21
timeStep,numberOfRobotsOnBlackSite,numberOfRobotsOnWhiteSite
31262,25,21
timeStep,numberOfRobotsOnBlackSite,numberOfRobotsOnWhiteSite
31263,25,21
timeStep,numberOfRobotsOnBlackSite,numberOfRobotsOnWhiteSite
31264,25,21
timeStep,numberOfRobotsOnBlackSite,numberOfRobotsOnWhiteSite
31265,25,21
timeStep,numberOfRobotsOnBlackSite,numberOfRobotsOnWhiteSite
31266,25,21
timeStep,numberOfRobotsOnBlackSite,numberOfRobotsOnWhiteSite
31267,25,21
timeStep,numberOfRobotsOnBlackSite,numberOfRobotsOnWhiteSite
31268,25,21
timeStep,numberOfRobotsOnBlackSite,numberOfRobotsOnWhiteSite
31269,25,21
timeStep,numberOfRobotsOnBlackSite,numberOfRobotsOnWhiteSite
31270,25,21
timeStep,numberOfRobotsOnBlackSite,numberOfRobotsOnWhiteSite
31271,25,21
timeStep,numberOfRobotsOnBlackSite,numberOfRobotsOnWhiteSite
31272,25,21
timeStep,numberOfRobotsOnBlackSite,numberOfRobotsOnWhiteSite
31273,25,21
timeStep,numberOfRobotsOnBlackSite,numberOfRobotsOnWhiteSite
31274,25,21
timeStep,numberOfRobotsOnBlackSite,numberOfRobotsOnWhiteSite
31275,25,21
timeStep,numberOfRobotsOnBlackSite,numberOfRobotsOnWhiteSite
31276,25,21
timeStep,numberOfRobotsOnBlackSite,numberOfRobotsOnWhiteSite
31277,25,21
timeStep,numberOfRobotsOnBlackSite,numberOfRobotsOnWhiteSite
31278,25,21
timeStep,numberOfRobotsOnBlackSite,numberOfRobotsOnWhiteSite
31279,25,21
timeStep,numberOfRobotsOnBlackSite,numberOfRobotsOnWhiteSite
31280,25,21
timeStep,numberOfRobotsOnBlackSite,numberOfRobotsOnWhiteSite
31281,25,21
timeStep,numberOfRobotsOnBlackSite,numberOfRobotsOnWhiteSite
31282,25,21
timeStep,numberOfRobotsOnBlackSite,numberOfRobotsOnWhiteSite
31283,25,21
timeStep,numberOfRobotsOnBlackSite,numberOfRobotsOnWhiteSite
31284,25,21
timeStep,numberOfRobotsOnBlackSite,numberOfRobotsOnWhiteSite
31285,25,21
timeStep,numberOfRobotsOnBlackSite,numberOfRobotsOnWhiteSite
31286,25,21
timeStep,numberOfRobotsOnBlackSite,numberOfRobotsOnWhiteSite
31287,25,21
timeStep,numberOfRobotsOnBlackSite,numberOfRobotsOnWhiteSite
31288,25,21
timeStep,numberOfRobotsOnBlackSite,numberOfRobotsOnWhiteSite
31289,25,21
timeStep,numberOfRobotsOnBlackSite,numberOfRobotsOnWhiteSite
31290,25,21
timeStep,numberOfRobotsOnBlackSite,numberOfRobotsOnWhiteSite
31291,25,21
timeStep,numberOfRobotsOnBlackSite,numberOfRobotsOnWhiteSite
31292,25,21
timeStep,numberOfRobotsOnBlackSite,numberOfRobotsOnWhiteSite
31293,25,21
timeStep,numberOfRobotsOnBlackSite,numberOfRobotsOnWhiteSite
31294,25,21
timeStep,numberOfRobotsOnBlackSite,numberOfRobotsOnWhiteSite
31295,25,21
timeStep,numberOfRobotsOnBlackSite,numberOfRobotsOnWhiteSite
31296,25,21
timeStep,numberOfRobotsOnBlackSite,numberOfRobotsOnWhiteSite
31297,25,21
timeStep,numberOfRobotsOnBlackSite,numberOfRobotsOnWhiteSite
31298,25,21
timeStep,numberOfRobotsOnBlackSite,numberOfRobotsOnWhiteSite
31299,25,21
timeStep,numberOfRobotsOnBlackSite,numberOfRobotsOnWhiteSite
31300,25,21
timeStep,numberOfRobotsOnBlackSite,numberOfRobotsOnWhiteSite
31301,25,21
timeStep,numberOfRobotsOnBlackSite,numberOfRobotsOnWhiteSite
31302,25,21
timeStep,numberOfRobotsOnBlackSite,numberOfRobotsOnWhiteSite
31303,25,21
timeStep,numberOfRobotsOnBlackSite,numberOfRobotsOnWhiteSite
31304,25,21
timeStep,numberOfRobotsOnBlackSite,numberOfRobotsOnWhiteSite
31305,25,21
timeStep,numberOfRobotsOnBlackSite,numberOfRobotsOnWhiteSite
31306,25,21
timeStep,numberOfRobotsOnBlackSite,numberOfRobotsOnWhiteSite
31307,25,21
timeStep,numberOfRobotsOnBlackSite,numberOfRobotsOnWhiteSite
31308,25,21
timeStep,numberOfRobotsOnBlackSite,numberOfRobotsOnWhiteSite
31309,25,21
timeStep,numberOfRobotsOnBlackSite,numberOfRobotsOnWhiteSite
31310,25,21
timeStep,numberOfRobotsOnBlackSite,numberOfRobotsOnWhiteSite
31311,25,21
timeStep,numberOfRobotsOnBlackSite,numberOfRobotsOnWhiteSite
31312,25,21
timeStep,numberOfRobotsOnBlackSite,numberOfRobotsOnWhiteSite
31313,25,21
timeStep,numberOfRobotsOnBlackSite,numberOfRobotsOnWhiteSite
31314,25,21
timeStep,numberOfRobotsOnBlackSite,numberOfRobotsOnWhiteSite
31315,25,21
timeStep,numberOfRobotsOnBlackSite,numberOfRobotsOnWhiteSite
31316,25,21
timeStep,numberOfRobotsOnBlackSite,numberOfRobotsOnWhiteSite
31317,25,21
timeStep,numberOfRobotsOnBlackSite,numberOfRobotsOnWhiteSite
31318,25,21
timeStep,numberOfRobotsOnBlackSite,numberOfRobotsOnWhiteSite
31319,25,21
timeStep,numberOfRobotsOnBlackSite,numberOfRobotsOnWhiteSite
31320,24,21
timeStep,numberOfRobotsOnBlackSite,numberOfRobotsOnWhiteSite
31321,24,21
timeStep,numberOfRobotsOnBlackSite,numberOfRobotsOnWhiteSite
31322,24,21
timeStep,numberOfRobotsOnBlackSite,numberOfRobotsOnWhiteSite
31323,24,21
timeStep,numberOfRobotsOnBlackSite,numberOfRobotsOnWhiteSite
31324,24,21
timeStep,numberOfRobotsOnBlackSite,numberOfRobotsOnWhiteSite
31325,24,21
timeStep,numberOfRobotsOnBlackSite,numberOfRobotsOnWhiteSite
31326,24,21
timeStep,numberOfRobotsOnBlackSite,numberOfRobotsOnWhiteSite
31327,24,21
timeStep,numberOfRobotsOnBlackSite,numberOfRobotsOnWhiteSite
31328,24,21
timeStep,numberOfRobotsOnBlackSite,numberOfRobotsOnWhiteSite
31329,24,21
timeStep,numberOfRobotsOnBlackSite,numberOfRobotsOnWhiteSite
31330,23,21
timeStep,numberOfRobotsOnBlackSite,numberOfRobotsOnWhiteSite
31331,23,21
timeStep,numberOfRobotsOnBlackSite,numberOfRobotsOnWhiteSite
31332,23,21
timeStep,numberOfRobotsOnBlackSite,numberOfRobotsOnWhiteSite
31333,23,21
timeStep,numberOfRobotsOnBlackSite,numberOfRobotsOnWhiteSite
31334,23,21
timeStep,numberOfRobotsOnBlackSite,numberOfRobotsOnWhiteSite
31335,23,21
timeStep,numberOfRobotsOnBlackSite,numberOfRobotsOnWhiteSite
31336,23,21
timeStep,numberOfRobotsOnBlackSite,numberOfRobotsOnWhiteSite
31337,23,21
timeStep,numberOfRobotsOnBlackSite,numberOfRobotsOnWhiteSite
31338,23,21
timeStep,numberOfRobotsOnBlackSite,numberOfRobotsOnWhiteSite
31339,23,21
timeStep,numberOfRobotsOnBlackSite,numberOfRobotsOnWhiteSite
31340,23,21
timeStep,numberOfRobotsOnBlackSite,numberOfRobotsOnWhiteSite
31341,23,21
timeStep,numberOfRobotsOnBlackSite,numberOfRobotsOnWhiteSite
31342,23,21
timeStep,numberOfRobotsOnBlackSite,numberOfRobotsOnWhiteSite
31343,23,21
timeStep,numberOfRobotsOnBlackSite,numberOfRobotsOnWhiteSite
31344,23,21
timeStep,numberOfRobotsOnBlackSite,numberOfRobotsOnWhiteSite
31345,23,21
timeStep,numberOfRobotsOnBlackSite,numberOfRobotsOnWhiteSite
31346,23,21
timeStep,numberOfRobotsOnBlackSite,numberOfRobotsOnWhiteSite
31347,23,21
timeStep,numberOfRobotsOnBlackSite,numberOfRobotsOnWhiteSite
31348,23,21
timeStep,numberOfRobotsOnBlackSite,numberOfRobotsOnWhiteSite
31349,23,21
timeStep,numberOfRobotsOnBlackSite,numberOfRobotsOnWhiteSite
31350,23,21
timeStep,numberOfRobotsOnBlackSite,numberOfRobotsOnWhiteSite
31351,23,21
timeStep,numberOfRobotsOnBlackSite,numberOfRobotsOnWhiteSite
31352,23,21
timeStep,numberOfRobotsOnBlackSite,numberOfRobotsOnWhiteSite
31353,23,21
timeStep,numberOfRobotsOnBlackSite,numberOfRobotsOnWhiteSite
31354,23,21
timeStep,numberOfRobotsOnBlackSite,numberOfRobotsOnWhiteSite
31355,23,21
timeStep,numberOfRobotsOnBlackSite,numberOfRobotsOnWhiteSite
31356,23,21
timeStep,numberOfRobotsOnBlackSite,numberOfRobotsOnWhiteSite
31357,23,21
timeStep,numberOfRobotsOnBlackSite,numberOfRobotsOnWhiteSite
31358,23,21
timeStep,numberOfRobotsOnBlackSite,numberOfRobotsOnWhiteSite
31359,23,21
timeStep,numberOfRobotsOnBlackSite,numberOfRobotsOnWhiteSite
31360,23,20
timeStep,numberOfRobotsOnBlackSite,numberOfRobotsOnWhiteSite
31361,23,20
timeStep,numberOfRobotsOnBlackSite,numberOfRobotsOnWhiteSite
31362,23,20
timeStep,numberOfRobotsOnBlackSite,numberOfRobotsOnWhiteSite
31363,23,20
timeStep,numberOfRobotsOnBlackSite,numberOfRobotsOnWhiteSite
31364,23,20
timeStep,numberOfRobotsOnBlackSite,numberOfRobotsOnWhiteSite
31365,23,20
timeStep,numberOfRobotsOnBlackSite,numberOfRobotsOnWhiteSite
31366,23,20
timeStep,numberOfRobotsOnBlackSite,numberOfRobotsOnWhiteSite
31367,23,20
timeStep,numberOfRobotsOnBlackSite,numberOfRobotsOnWhiteSite
31368,23,20
timeStep,numberOfRobotsOnBlackSite,numberOfRobotsOnWhiteSite
31369,23,20
timeStep,numberOfRobotsOnBlackSite,numberOfRobotsOnWhiteSite
31370,23,20
timeStep,numberOfRobotsOnBlackSite,numberOfRobotsOnWhiteSite
31371,23,20
timeStep,numberOfRobotsOnBlackSite,numberOfRobotsOnWhiteSite
31372,23,20
timeStep,numberOfRobotsOnBlackSite,numberOfRobotsOnWhiteSite
31373,23,20
timeStep,numberOfRobotsOnBlackSite,numberOfRobotsOnWhiteSite
31374,23,20
timeStep,numberOfRobotsOnBlackSite,numberOfRobotsOnWhiteSite
31375,23,20
timeStep,numberOfRobotsOnBlackSite,numberOfRobotsOnWhiteSite
31376,23,20
timeStep,numberOfRobotsOnBlackSite,numberOfRobotsOnWhiteSite
31377,23,20
timeStep,numberOfRobotsOnBlackSite,numberOfRobotsOnWhiteSite
31378,23,20
timeStep,numberOfRobotsOnBlackSite,numberOfRobotsOnWhiteSite
31379,23,20
timeStep,numberOfRobotsOnBlackSite,numberOfRobotsOnWhiteSite
31380,23,20
timeStep,numberOfRobotsOnBlackSite,numberOfRobotsOnWhiteSite
31381,23,20
timeStep,numberOfRobotsOnBlackSite,numberOfRobotsOnWhiteSite
31382,23,20
timeStep,numberOfRobotsOnBlackSite,numberOfRobotsOnWhiteSite
31383,23,20
timeStep,numberOfRobotsOnBlackSite,numberOfRobotsOnWhiteSite
31384,23,20
timeStep,numberOfRobotsOnBlackSite,numberOfRobotsOnWhiteSite
31385,23,20
timeStep,numberOfRobotsOnBlackSite,numberOfRobotsOnWhiteSite
31386,23,20
timeStep,numberOfRobotsOnBlackSite,numberOfRobotsOnWhiteSite
31387,23,20
timeStep,numberOfRobotsOnBlackSite,numberOfRobotsOnWhiteSite
31388,23,20
timeStep,numberOfRobotsOnBlackSite,numberOfRobotsOnWhiteSite
31389,23,20
timeStep,numberOfRobotsOnBlackSite,numberOfRobotsOnWhiteSite
31390,23,20
timeStep,numberOfRobotsOnBlackSite,numberOfRobotsOnWhiteSite
31391,23,20
timeStep,numberOfRobotsOnBlackSite,numberOfRobotsOnWhiteSite
31392,23,20
timeStep,numberOfRobotsOnBlackSite,numberOfRobotsOnWhiteSite
31393,23,20
timeStep,numberOfRobotsOnBlackSite,numberOfRobotsOnWhiteSite
31394,23,20
timeStep,numberOfRobotsOnBlackSite,numberOfRobotsOnWhiteSite
31395,23,20
timeStep,numberOfRobotsOnBlackSite,numberOfRobotsOnWhiteSite
31396,23,20
timeStep,numberOfRobotsOnBlackSite,numberOfRobotsOnWhiteSite
31397,23,20
timeStep,numberOfRobotsOnBlackSite,numberOfRobotsOnWhiteSite
31398,23,20
timeStep,numberOfRobotsOnBlackSite,numberOfRobotsOnWhiteSite
31399,23,20
timeStep,numberOfRobotsOnBlackSite,numberOfRobotsOnWhiteSite
31400,23,20
timeStep,numberOfRobotsOnBlackSite,numberOfRobotsOnWhiteSite
31401,23,20
timeStep,numberOfRobotsOnBlackSite,numberOfRobotsOnWhiteSite
31402,23,20
timeStep,numberOfRobotsOnBlackSite,numberOfRobotsOnWhiteSite
31403,23,20
timeStep,numberOfRobotsOnBlackSite,numberOfRobotsOnWhiteSite
31404,23,20
timeStep,numberOfRobotsOnBlackSite,numberOfRobotsOnWhiteSite
31405,23,20
timeStep,numberOfRobotsOnBlackSite,numberOfRobotsOnWhiteSite
31406,23,20
timeStep,numberOfRobotsOnBlackSite,numberOfRobotsOnWhiteSite
31407,23,20
timeStep,numberOfRobotsOnBlackSite,numberOfRobotsOnWhiteSite
31408,23,20
timeStep,numberOfRobotsOnBlackSite,numberOfRobotsOnWhiteSite
31409,23,20
timeStep,numberOfRobotsOnBlackSite,numberOfRobotsOnWhiteSite
31410,23,20
timeStep,numberOfRobotsOnBlackSite,numberOfRobotsOnWhiteSite
31411,23,20
timeStep,numberOfRobotsOnBlackSite,numberOfRobotsOnWhiteSite
31412,23,20
timeStep,numberOfRobotsOnBlackSite,numberOfRobotsOnWhiteSite
31413,23,20
timeStep,numberOfRobotsOnBlackSite,numberOfRobotsOnWhiteSite
31414,23,20
timeStep,numberOfRobotsOnBlackSite,numberOfRobotsOnWhiteSite
31415,23,20
timeStep,numberOfRobotsOnBlackSite,numberOfRobotsOnWhiteSite
31416,23,20
timeStep,numberOfRobotsOnBlackSite,numberOfRobotsOnWhiteSite
31417,23,20
timeStep,numberOfRobotsOnBlackSite,numberOfRobotsOnWhiteSite
31418,23,20
timeStep,numberOfRobotsOnBlackSite,numberOfRobotsOnWhiteSite
31419,23,20
timeStep,numberOfRobotsOnBlackSite,numberOfRobotsOnWhiteSite
31420,23,20
timeStep,numberOfRobotsOnBlackSite,numberOfRobotsOnWhiteSite
31421,23,20
timeStep,numberOfRobotsOnBlackSite,numberOfRobotsOnWhiteSite
31422,23,20
timeStep,numberOfRobotsOnBlackSite,numberOfRobotsOnWhiteSite
31423,23,20
timeStep,numberOfRobotsOnBlackSite,numberOfRobotsOnWhiteSite
31424,23,20
timeStep,numberOfRobotsOnBlackSite,numberOfRobotsOnWhiteSite
31425,23,20
timeStep,numberOfRobotsOnBlackSite,numberOfRobotsOnWhiteSite
31426,23,20
timeStep,numberOfRobotsOnBlackSite,numberOfRobotsOnWhiteSite
31427,23,20
timeStep,numberOfRobotsOnBlackSite,numberOfRobotsOnWhiteSite
31428,23,20
timeStep,numberOfRobotsOnBlackSite,numberOfRobotsOnWhiteSite
31429,23,20
timeStep,numberOfRobotsOnBlackSite,numberOfRobotsOnWhiteSite
31430,23,20
timeStep,numberOfRobotsOnBlackSite,numberOfRobotsOnWhiteSite
31431,23,20
timeStep,numberOfRobotsOnBlackSite,numberOfRobotsOnWhiteSite
31432,23,20
timeStep,numberOfRobotsOnBlackSite,numberOfRobotsOnWhiteSite
31433,23,20
timeStep,numberOfRobotsOnBlackSite,numberOfRobotsOnWhiteSite
31434,23,20
timeStep,numberOfRobotsOnBlackSite,numberOfRobotsOnWhiteSite
31435,23,20
timeStep,numberOfRobotsOnBlackSite,numberOfRobotsOnWhiteSite
31436,23,20
timeStep,numberOfRobotsOnBlackSite,numberOfRobotsOnWhiteSite
31437,23,20
timeStep,numberOfRobotsOnBlackSite,numberOfRobotsOnWhiteSite
31438,23,20
timeStep,numberOfRobotsOnBlackSite,numberOfRobotsOnWhiteSite
31439,23,20
timeStep,numberOfRobotsOnBlackSite,numberOfRobotsOnWhiteSite
31440,23,20
timeStep,numberOfRobotsOnBlackSite,numberOfRobotsOnWhiteSite
31441,23,20
timeStep,numberOfRobotsOnBlackSite,numberOfRobotsOnWhiteSite
31442,23,20
timeStep,numberOfRobotsOnBlackSite,numberOfRobotsOnWhiteSite
31443,23,20
timeStep,numberOfRobotsOnBlackSite,numberOfRobotsOnWhiteSite
31444,23,20
timeStep,numberOfRobotsOnBlackSite,numberOfRobotsOnWhiteSite
31445,23,20
timeStep,numberOfRobotsOnBlackSite,numberOfRobotsOnWhiteSite
31446,23,20
timeStep,numberOfRobotsOnBlackSite,numberOfRobotsOnWhiteSite
31447,23,20
timeStep,numberOfRobotsOnBlackSite,numberOfRobotsOnWhiteSite
31448,23,20
timeStep,numberOfRobotsOnBlackSite,numberOfRobotsOnWhiteSite
31449,23,20
timeStep,numberOfRobotsOnBlackSite,numberOfRobotsOnWhiteSite
31450,24,20
timeStep,numberOfRobotsOnBlackSite,numberOfRobotsOnWhiteSite
31451,24,20
timeStep,numberOfRobotsOnBlackSite,numberOfRobotsOnWhiteSite
31452,24,20
timeStep,numberOfRobotsOnBlackSite,numberOfRobotsOnWhiteSite
31453,24,20
timeStep,numberOfRobotsOnBlackSite,numberOfRobotsOnWhiteSite
31454,24,20
timeStep,numberOfRobotsOnBlackSite,numberOfRobotsOnWhiteSite
31455,24,20
timeStep,numberOfRobotsOnBlackSite,numberOfRobotsOnWhiteSite
31456,24,20
timeStep,numberOfRobotsOnBlackSite,numberOfRobotsOnWhiteSite
31457,24,20
timeStep,numberOfRobotsOnBlackSite,numberOfRobotsOnWhiteSite
31458,24,20
timeStep,numberOfRobotsOnBlackSite,numberOfRobotsOnWhiteSite
31459,24,20
timeStep,numberOfRobotsOnBlackSite,numberOfRobotsOnWhiteSite
31460,24,20
timeStep,numberOfRobotsOnBlackSite,numberOfRobotsOnWhiteSite
31461,24,20
timeStep,numberOfRobotsOnBlackSite,numberOfRobotsOnWhiteSite
31462,24,20
timeStep,numberOfRobotsOnBlackSite,numberOfRobotsOnWhiteSite
31463,24,20
timeStep,numberOfRobotsOnBlackSite,numberOfRobotsOnWhiteSite
31464,24,20
timeStep,numberOfRobotsOnBlackSite,numberOfRobotsOnWhiteSite
31465,24,20
timeStep,numberOfRobotsOnBlackSite,numberOfRobotsOnWhiteSite
31466,24,20
timeStep,numberOfRobotsOnBlackSite,numberOfRobotsOnWhiteSite
31467,24,20
timeStep,numberOfRobotsOnBlackSite,numberOfRobotsOnWhiteSite
31468,24,20
timeStep,numberOfRobotsOnBlackSite,numberOfRobotsOnWhiteSite
31469,24,20
timeStep,numberOfRobotsOnBlackSite,numberOfRobotsOnWhiteSite
31470,24,20
timeStep,numberOfRobotsOnBlackSite,numberOfRobotsOnWhiteSite
31471,24,20
timeStep,numberOfRobotsOnBlackSite,numberOfRobotsOnWhiteSite
31472,24,20
timeStep,numberOfRobotsOnBlackSite,numberOfRobotsOnWhiteSite
31473,24,20
timeStep,numberOfRobotsOnBlackSite,numberOfRobotsOnWhiteSite
31474,24,20
timeStep,numberOfRobotsOnBlackSite,numberOfRobotsOnWhiteSite
31475,24,20
timeStep,numberOfRobotsOnBlackSite,numberOfRobotsOnWhiteSite
31476,24,20
timeStep,numberOfRobotsOnBlackSite,numberOfRobotsOnWhiteSite
31477,24,20
timeStep,numberOfRobotsOnBlackSite,numberOfRobotsOnWhiteSite
31478,24,20
timeStep,numberOfRobotsOnBlackSite,numberOfRobotsOnWhiteSite
31479,24,20
timeStep,numberOfRobotsOnBlackSite,numberOfRobotsOnWhiteSite
31480,24,20
timeStep,numberOfRobotsOnBlackSite,numberOfRobotsOnWhiteSite
31481,24,20
timeStep,numberOfRobotsOnBlackSite,numberOfRobotsOnWhiteSite
31482,24,20
timeStep,numberOfRobotsOnBlackSite,numberOfRobotsOnWhiteSite
31483,24,20
timeStep,numberOfRobotsOnBlackSite,numberOfRobotsOnWhiteSite
31484,24,20
timeStep,numberOfRobotsOnBlackSite,numberOfRobotsOnWhiteSite
31485,24,20
timeStep,numberOfRobotsOnBlackSite,numberOfRobotsOnWhiteSite
31486,24,20
timeStep,numberOfRobotsOnBlackSite,numberOfRobotsOnWhiteSite
31487,24,20
timeStep,numberOfRobotsOnBlackSite,numberOfRobotsOnWhiteSite
31488,24,20
timeStep,numberOfRobotsOnBlackSite,numberOfRobotsOnWhiteSite
31489,24,20
timeStep,numberOfRobotsOnBlackSite,numberOfRobotsOnWhiteSite
31490,24,20
timeStep,numberOfRobotsOnBlackSite,numberOfRobotsOnWhiteSite
31491,24,20
timeStep,numberOfRobotsOnBlackSite,numberOfRobotsOnWhiteSite
31492,24,20
timeStep,numberOfRobotsOnBlackSite,numberOfRobotsOnWhiteSite
31493,24,20
timeStep,numberOfRobotsOnBlackSite,numberOfRobotsOnWhiteSite
31494,24,20
timeStep,numberOfRobotsOnBlackSite,numberOfRobotsOnWhiteSite
31495,24,20
timeStep,numberOfRobotsOnBlackSite,numberOfRobotsOnWhiteSite
31496,24,20
timeStep,numberOfRobotsOnBlackSite,numberOfRobotsOnWhiteSite
31497,24,20
timeStep,numberOfRobotsOnBlackSite,numberOfRobotsOnWhiteSite
31498,24,20
timeStep,numberOfRobotsOnBlackSite,numberOfRobotsOnWhiteSite
31499,24,20
timeStep,numberOfRobotsOnBlackSite,numberOfRobotsOnWhiteSite
31500,24,20
timeStep,numberOfRobotsOnBlackSite,numberOfRobotsOnWhiteSite
31501,24,20
timeStep,numberOfRobotsOnBlackSite,numberOfRobotsOnWhiteSite
31502,24,20
timeStep,numberOfRobotsOnBlackSite,numberOfRobotsOnWhiteSite
31503,24,20
timeStep,numberOfRobotsOnBlackSite,numberOfRobotsOnWhiteSite
31504,24,20
timeStep,numberOfRobotsOnBlackSite,numberOfRobotsOnWhiteSite
31505,24,20
timeStep,numberOfRobotsOnBlackSite,numberOfRobotsOnWhiteSite
31506,24,20
timeStep,numberOfRobotsOnBlackSite,numberOfRobotsOnWhiteSite
31507,24,20
timeStep,numberOfRobotsOnBlackSite,numberOfRobotsOnWhiteSite
31508,24,20
timeStep,numberOfRobotsOnBlackSite,numberOfRobotsOnWhiteSite
31509,24,20
timeStep,numberOfRobotsOnBlackSite,numberOfRobotsOnWhiteSite
31510,24,20
timeStep,numberOfRobotsOnBlackSite,numberOfRobotsOnWhiteSite
31511,24,20
timeStep,numberOfRobotsOnBlackSite,numberOfRobotsOnWhiteSite
31512,24,20
timeStep,numberOfRobotsOnBlackSite,numberOfRobotsOnWhiteSite
31513,24,20
timeStep,numberOfRobotsOnBlackSite,numberOfRobotsOnWhiteSite
31514,24,20
timeStep,numberOfRobotsOnBlackSite,numberOfRobotsOnWhiteSite
31515,24,20
timeStep,numberOfRobotsOnBlackSite,numberOfRobotsOnWhiteSite
31516,24,20
timeStep,numberOfRobotsOnBlackSite,numberOfRobotsOnWhiteSite
31517,24,20
timeStep,numberOfRobotsOnBlackSite,numberOfRobotsOnWhiteSite
31518,24,20
timeStep,numberOfRobotsOnBlackSite,numberOfRobotsOnWhiteSite
31519,24,20
timeStep,numberOfRobotsOnBlackSite,numberOfRobotsOnWhiteSite
31520,24,20
timeStep,numberOfRobotsOnBlackSite,numberOfRobotsOnWhiteSite
31521,24,20
timeStep,numberOfRobotsOnBlackSite,numberOfRobotsOnWhiteSite
31522,24,20
timeStep,numberOfRobotsOnBlackSite,numberOfRobotsOnWhiteSite
31523,24,20
timeStep,numberOfRobotsOnBlackSite,numberOfRobotsOnWhiteSite
31524,24,20
timeStep,numberOfRobotsOnBlackSite,numberOfRobotsOnWhiteSite
31525,24,20
timeStep,numberOfRobotsOnBlackSite,numberOfRobotsOnWhiteSite
31526,24,20
timeStep,numberOfRobotsOnBlackSite,numberOfRobotsOnWhiteSite
31527,24,20
timeStep,numberOfRobotsOnBlackSite,numberOfRobotsOnWhiteSite
31528,24,20
timeStep,numberOfRobotsOnBlackSite,numberOfRobotsOnWhiteSite
31529,24,20
timeStep,numberOfRobotsOnBlackSite,numberOfRobotsOnWhiteSite
31530,24,20
timeStep,numberOfRobotsOnBlackSite,numberOfRobotsOnWhiteSite
31531,24,20
timeStep,numberOfRobotsOnBlackSite,numberOfRobotsOnWhiteSite
31532,24,20
timeStep,numberOfRobotsOnBlackSite,numberOfRobotsOnWhiteSite
31533,24,20
timeStep,numberOfRobotsOnBlackSite,numberOfRobotsOnWhiteSite
31534,24,20
timeStep,numberOfRobotsOnBlackSite,numberOfRobotsOnWhiteSite
31535,24,20
timeStep,numberOfRobotsOnBlackSite,numberOfRobotsOnWhiteSite
31536,24,20
timeStep,numberOfRobotsOnBlackSite,numberOfRobotsOnWhiteSite
31537,24,20
timeStep,numberOfRobotsOnBlackSite,numberOfRobotsOnWhiteSite
31538,24,20
timeStep,numberOfRobotsOnBlackSite,numberOfRobotsOnWhiteSite
31539,24,20
timeStep,numberOfRobotsOnBlackSite,numberOfRobotsOnWhiteSite
31540,24,20
timeStep,numberOfRobotsOnBlackSite,numberOfRobotsOnWhiteSite
31541,24,20
timeStep,numberOfRobotsOnBlackSite,numberOfRobotsOnWhiteSite
31542,24,20
timeStep,numberOfRobotsOnBlackSite,numberOfRobotsOnWhiteSite
31543,24,20
timeStep,numberOfRobotsOnBlackSite,numberOfRobotsOnWhiteSite
31544,24,20
timeStep,numberOfRobotsOnBlackSite,numberOfRobotsOnWhiteSite
31545,24,20
timeStep,numberOfRobotsOnBlackSite,numberOfRobotsOnWhiteSite
31546,24,20
timeStep,numberOfRobotsOnBlackSite,numberOfRobotsOnWhiteSite
31547,24,20
timeStep,numberOfRobotsOnBlackSite,numberOfRobotsOnWhiteSite
31548,24,20
timeStep,numberOfRobotsOnBlackSite,numberOfRobotsOnWhiteSite
31549,24,20
timeStep,numberOfRobotsOnBlackSite,numberOfRobotsOnWhiteSite
31550,23,20
timeStep,numberOfRobotsOnBlackSite,numberOfRobotsOnWhiteSite
31551,23,20
timeStep,numberOfRobotsOnBlackSite,numberOfRobotsOnWhiteSite
31552,23,20
timeStep,numberOfRobotsOnBlackSite,numberOfRobotsOnWhiteSite
31553,23,20
timeStep,numberOfRobotsOnBlackSite,numberOfRobotsOnWhiteSite
31554,23,20
timeStep,numberOfRobotsOnBlackSite,numberOfRobotsOnWhiteSite
31555,23,20
timeStep,numberOfRobotsOnBlackSite,numberOfRobotsOnWhiteSite
31556,23,20
timeStep,numberOfRobotsOnBlackSite,numberOfRobotsOnWhiteSite
31557,23,20
timeStep,numberOfRobotsOnBlackSite,numberOfRobotsOnWhiteSite
31558,23,20
timeStep,numberOfRobotsOnBlackSite,numberOfRobotsOnWhiteSite
31559,23,20
timeStep,numberOfRobotsOnBlackSite,numberOfRobotsOnWhiteSite
31560,23,20
timeStep,numberOfRobotsOnBlackSite,numberOfRobotsOnWhiteSite
31561,23,20
timeStep,numberOfRobotsOnBlackSite,numberOfRobotsOnWhiteSite
31562,23,20
timeStep,numberOfRobotsOnBlackSite,numberOfRobotsOnWhiteSite
31563,23,20
timeStep,numberOfRobotsOnBlackSite,numberOfRobotsOnWhiteSite
31564,23,20
timeStep,numberOfRobotsOnBlackSite,numberOfRobotsOnWhiteSite
31565,23,20
timeStep,numberOfRobotsOnBlackSite,numberOfRobotsOnWhiteSite
31566,23,20
timeStep,numberOfRobotsOnBlackSite,numberOfRobotsOnWhiteSite
31567,23,20
timeStep,numberOfRobotsOnBlackSite,numberOfRobotsOnWhiteSite
31568,23,20
timeStep,numberOfRobotsOnBlackSite,numberOfRobotsOnWhiteSite
31569,23,20
timeStep,numberOfRobotsOnBlackSite,numberOfRobotsOnWhiteSite
31570,23,20
timeStep,numberOfRobotsOnBlackSite,numberOfRobotsOnWhiteSite
31571,23,20
timeStep,numberOfRobotsOnBlackSite,numberOfRobotsOnWhiteSite
31572,23,20
timeStep,numberOfRobotsOnBlackSite,numberOfRobotsOnWhiteSite
31573,23,20
timeStep,numberOfRobotsOnBlackSite,numberOfRobotsOnWhiteSite
31574,23,20
timeStep,numberOfRobotsOnBlackSite,numberOfRobotsOnWhiteSite
31575,23,20
timeStep,numberOfRobotsOnBlackSite,numberOfRobotsOnWhiteSite
31576,23,20
timeStep,numberOfRobotsOnBlackSite,numberOfRobotsOnWhiteSite
31577,23,20
timeStep,numberOfRobotsOnBlackSite,numberOfRobotsOnWhiteSite
31578,23,20
timeStep,numberOfRobotsOnBlackSite,numberOfRobotsOnWhiteSite
31579,23,20
timeStep,numberOfRobotsOnBlackSite,numberOfRobotsOnWhiteSite
31580,23,20
timeStep,numberOfRobotsOnBlackSite,numberOfRobotsOnWhiteSite
31581,23,20
timeStep,numberOfRobotsOnBlackSite,numberOfRobotsOnWhiteSite
31582,23,20
timeStep,numberOfRobotsOnBlackSite,numberOfRobotsOnWhiteSite
31583,23,20
timeStep,numberOfRobotsOnBlackSite,numberOfRobotsOnWhiteSite
31584,23,20
timeStep,numberOfRobotsOnBlackSite,numberOfRobotsOnWhiteSite
31585,23,20
timeStep,numberOfRobotsOnBlackSite,numberOfRobotsOnWhiteSite
31586,23,20
timeStep,numberOfRobotsOnBlackSite,numberOfRobotsOnWhiteSite
31587,23,20
timeStep,numberOfRobotsOnBlackSite,numberOfRobotsOnWhiteSite
31588,23,20
timeStep,numberOfRobotsOnBlackSite,numberOfRobotsOnWhiteSite
31589,23,20
timeStep,numberOfRobotsOnBlackSite,numberOfRobotsOnWhiteSite
31590,23,20
timeStep,numberOfRobotsOnBlackSite,numberOfRobotsOnWhiteSite
31591,23,20
timeStep,numberOfRobotsOnBlackSite,numberOfRobotsOnWhiteSite
31592,23,20
timeStep,numberOfRobotsOnBlackSite,numberOfRobotsOnWhiteSite
31593,23,20
timeStep,numberOfRobotsOnBlackSite,numberOfRobotsOnWhiteSite
31594,23,20
timeStep,numberOfRobotsOnBlackSite,numberOfRobotsOnWhiteSite
31595,23,20
timeStep,numberOfRobotsOnBlackSite,numberOfRobotsOnWhiteSite
31596,23,20
timeStep,numberOfRobotsOnBlackSite,numberOfRobotsOnWhiteSite
31597,23,20
timeStep,numberOfRobotsOnBlackSite,numberOfRobotsOnWhiteSite
31598,23,20
timeStep,numberOfRobotsOnBlackSite,numberOfRobotsOnWhiteSite
31599,23,20
timeStep,numberOfRobotsOnBlackSite,numberOfRobotsOnWhiteSite
31600,23,20
timeStep,numberOfRobotsOnBlackSite,numberOfRobotsOnWhiteSite
31601,23,20
timeStep,numberOfRobotsOnBlackSite,numberOfRobotsOnWhiteSite
31602,23,20
timeStep,numberOfRobotsOnBlackSite,numberOfRobotsOnWhiteSite
31603,23,20
timeStep,numberOfRobotsOnBlackSite,numberOfRobotsOnWhiteSite
31604,23,20
timeStep,numberOfRobotsOnBlackSite,numberOfRobotsOnWhiteSite
31605,23,20
timeStep,numberOfRobotsOnBlackSite,numberOfRobotsOnWhiteSite
31606,23,20
timeStep,numberOfRobotsOnBlackSite,numberOfRobotsOnWhiteSite
31607,23,20
timeStep,numberOfRobotsOnBlackSite,numberOfRobotsOnWhiteSite
31608,23,20
timeStep,numberOfRobotsOnBlackSite,numberOfRobotsOnWhiteSite
31609,23,20
timeStep,numberOfRobotsOnBlackSite,numberOfRobotsOnWhiteSite
31610,23,20
timeStep,numberOfRobotsOnBlackSite,numberOfRobotsOnWhiteSite
31611,23,20
timeStep,numberOfRobotsOnBlackSite,numberOfRobotsOnWhiteSite
31612,23,20
timeStep,numberOfRobotsOnBlackSite,numberOfRobotsOnWhiteSite
31613,23,20
timeStep,numberOfRobotsOnBlackSite,numberOfRobotsOnWhiteSite
31614,23,20
timeStep,numberOfRobotsOnBlackSite,numberOfRobotsOnWhiteSite
31615,23,20
timeStep,numberOfRobotsOnBlackSite,numberOfRobotsOnWhiteSite
31616,23,20
timeStep,numberOfRobotsOnBlackSite,numberOfRobotsOnWhiteSite
31617,23,20
timeStep,numberOfRobotsOnBlackSite,numberOfRobotsOnWhiteSite
31618,23,20
timeStep,numberOfRobotsOnBlackSite,numberOfRobotsOnWhiteSite
31619,23,20
timeStep,numberOfRobotsOnBlackSite,numberOfRobotsOnWhiteSite
31620,23,20
timeStep,numberOfRobotsOnBlackSite,numberOfRobotsOnWhiteSite
31621,23,20
timeStep,numberOfRobotsOnBlackSite,numberOfRobotsOnWhiteSite
31622,23,20
timeStep,numberOfRobotsOnBlackSite,numberOfRobotsOnWhiteSite
31623,23,20
timeStep,numberOfRobotsOnBlackSite,numberOfRobotsOnWhiteSite
31624,23,20
timeStep,numberOfRobotsOnBlackSite,numberOfRobotsOnWhiteSite
31625,23,20
timeStep,numberOfRobotsOnBlackSite,numberOfRobotsOnWhiteSite
31626,23,20
timeStep,numberOfRobotsOnBlackSite,numberOfRobotsOnWhiteSite
31627,23,20
timeStep,numberOfRobotsOnBlackSite,numberOfRobotsOnWhiteSite
31628,23,20
timeStep,numberOfRobotsOnBlackSite,numberOfRobotsOnWhiteSite
31629,23,20
timeStep,numberOfRobotsOnBlackSite,numberOfRobotsOnWhiteSite
31630,23,20
timeStep,numberOfRobotsOnBlackSite,numberOfRobotsOnWhiteSite
31631,23,20
timeStep,numberOfRobotsOnBlackSite,numberOfRobotsOnWhiteSite
31632,23,20
timeStep,numberOfRobotsOnBlackSite,numberOfRobotsOnWhiteSite
31633,23,20
timeStep,numberOfRobotsOnBlackSite,numberOfRobotsOnWhiteSite
31634,23,20
timeStep,numberOfRobotsOnBlackSite,numberOfRobotsOnWhiteSite
31635,23,20
timeStep,numberOfRobotsOnBlackSite,numberOfRobotsOnWhiteSite
31636,23,20
timeStep,numberOfRobotsOnBlackSite,numberOfRobotsOnWhiteSite
31637,23,20
timeStep,numberOfRobotsOnBlackSite,numberOfRobotsOnWhiteSite
31638,23,20
timeStep,numberOfRobotsOnBlackSite,numberOfRobotsOnWhiteSite
31639,23,20
timeStep,numberOfRobotsOnBlackSite,numberOfRobotsOnWhiteSite
31640,23,20
timeStep,numberOfRobotsOnBlackSite,numberOfRobotsOnWhiteSite
31641,23,20
timeStep,numberOfRobotsOnBlackSite,numberOfRobotsOnWhiteSite
31642,23,20
timeStep,numberOfRobotsOnBlackSite,numberOfRobotsOnWhiteSite
31643,23,20
timeStep,numberOfRobotsOnBlackSite,numberOfRobotsOnWhiteSite
31644,23,20
timeStep,numberOfRobotsOnBlackSite,numberOfRobotsOnWhiteSite
31645,23,20
timeStep,numberOfRobotsOnBlackSite,numberOfRobotsOnWhiteSite
31646,23,20
timeStep,numberOfRobotsOnBlackSite,numberOfRobotsOnWhiteSite
31647,23,20
timeStep,numberOfRobotsOnBlackSite,numberOfRobotsOnWhiteSite
31648,23,20
timeStep,numberOfRobotsOnBlackSite,numberOfRobotsOnWhiteSite
31649,23,20
timeStep,numberOfRobotsOnBlackSite,numberOfRobotsOnWhiteSite
31650,24,20
timeStep,numberOfRobotsOnBlackSite,numberOfRobotsOnWhiteSite
31651,24,20
timeStep,numberOfRobotsOnBlackSite,numberOfRobotsOnWhiteSite
31652,24,20
timeStep,numberOfRobotsOnBlackSite,numberOfRobotsOnWhiteSite
31653,24,20
timeStep,numberOfRobotsOnBlackSite,numberOfRobotsOnWhiteSite
31654,24,20
timeStep,numberOfRobotsOnBlackSite,numberOfRobotsOnWhiteSite
31655,24,20
timeStep,numberOfRobotsOnBlackSite,numberOfRobotsOnWhiteSite
31656,24,20
timeStep,numberOfRobotsOnBlackSite,numberOfRobotsOnWhiteSite
31657,24,20
timeStep,numberOfRobotsOnBlackSite,numberOfRobotsOnWhiteSite
31658,24,20
timeStep,numberOfRobotsOnBlackSite,numberOfRobotsOnWhiteSite
31659,24,20
timeStep,numberOfRobotsOnBlackSite,numberOfRobotsOnWhiteSite
31660,24,20
timeStep,numberOfRobotsOnBlackSite,numberOfRobotsOnWhiteSite
31661,24,20
timeStep,numberOfRobotsOnBlackSite,numberOfRobotsOnWhiteSite
31662,24,20
timeStep,numberOfRobotsOnBlackSite,numberOfRobotsOnWhiteSite
31663,24,20
timeStep,numberOfRobotsOnBlackSite,numberOfRobotsOnWhiteSite
31664,24,20
timeStep,numberOfRobotsOnBlackSite,numberOfRobotsOnWhiteSite
31665,24,20
timeStep,numberOfRobotsOnBlackSite,numberOfRobotsOnWhiteSite
31666,24,20
timeStep,numberOfRobotsOnBlackSite,numberOfRobotsOnWhiteSite
31667,24,20
timeStep,numberOfRobotsOnBlackSite,numberOfRobotsOnWhiteSite
31668,24,20
timeStep,numberOfRobotsOnBlackSite,numberOfRobotsOnWhiteSite
31669,24,20
timeStep,numberOfRobotsOnBlackSite,numberOfRobotsOnWhiteSite
31670,24,20
timeStep,numberOfRobotsOnBlackSite,numberOfRobotsOnWhiteSite
31671,24,20
timeStep,numberOfRobotsOnBlackSite,numberOfRobotsOnWhiteSite
31672,24,20
timeStep,numberOfRobotsOnBlackSite,numberOfRobotsOnWhiteSite
31673,24,20
timeStep,numberOfRobotsOnBlackSite,numberOfRobotsOnWhiteSite
31674,24,20
timeStep,numberOfRobotsOnBlackSite,numberOfRobotsOnWhiteSite
31675,24,20
timeStep,numberOfRobotsOnBlackSite,numberOfRobotsOnWhiteSite
31676,24,20
timeStep,numberOfRobotsOnBlackSite,numberOfRobotsOnWhiteSite
31677,24,20
timeStep,numberOfRobotsOnBlackSite,numberOfRobotsOnWhiteSite
31678,24,20
timeStep,numberOfRobotsOnBlackSite,numberOfRobotsOnWhiteSite
31679,24,20
timeStep,numberOfRobotsOnBlackSite,numberOfRobotsOnWhiteSite
31680,24,20
timeStep,numberOfRobotsOnBlackSite,numberOfRobotsOnWhiteSite
31681,24,20
timeStep,numberOfRobotsOnBlackSite,numberOfRobotsOnWhiteSite
31682,24,20
timeStep,numberOfRobotsOnBlackSite,numberOfRobotsOnWhiteSite
31683,24,20
timeStep,numberOfRobotsOnBlackSite,numberOfRobotsOnWhiteSite
31684,24,20
timeStep,numberOfRobotsOnBlackSite,numberOfRobotsOnWhiteSite
31685,24,20
timeStep,numberOfRobotsOnBlackSite,numberOfRobotsOnWhiteSite
31686,24,20
timeStep,numberOfRobotsOnBlackSite,numberOfRobotsOnWhiteSite
31687,24,20
timeStep,numberOfRobotsOnBlackSite,numberOfRobotsOnWhiteSite
31688,24,20
timeStep,numberOfRobotsOnBlackSite,numberOfRobotsOnWhiteSite
31689,24,20
timeStep,numberOfRobotsOnBlackSite,numberOfRobotsOnWhiteSite
31690,24,20
timeStep,numberOfRobotsOnBlackSite,numberOfRobotsOnWhiteSite
31691,24,20
timeStep,numberOfRobotsOnBlackSite,numberOfRobotsOnWhiteSite
31692,24,20
timeStep,numberOfRobotsOnBlackSite,numberOfRobotsOnWhiteSite
31693,24,20
timeStep,numberOfRobotsOnBlackSite,numberOfRobotsOnWhiteSite
31694,24,20
timeStep,numberOfRobotsOnBlackSite,numberOfRobotsOnWhiteSite
31695,24,20
timeStep,numberOfRobotsOnBlackSite,numberOfRobotsOnWhiteSite
31696,24,20
timeStep,numberOfRobotsOnBlackSite,numberOfRobotsOnWhiteSite
31697,24,20
timeStep,numberOfRobotsOnBlackSite,numberOfRobotsOnWhiteSite
31698,24,20
timeStep,numberOfRobotsOnBlackSite,numberOfRobotsOnWhiteSite
31699,24,20
timeStep,numberOfRobotsOnBlackSite,numberOfRobotsOnWhiteSite
31700,24,20
timeStep,numberOfRobotsOnBlackSite,numberOfRobotsOnWhiteSite
31701,24,20
timeStep,numberOfRobotsOnBlackSite,numberOfRobotsOnWhiteSite
31702,24,20
timeStep,numberOfRobotsOnBlackSite,numberOfRobotsOnWhiteSite
31703,24,20
timeStep,numberOfRobotsOnBlackSite,numberOfRobotsOnWhiteSite
31704,24,20
timeStep,numberOfRobotsOnBlackSite,numberOfRobotsOnWhiteSite
31705,24,20
timeStep,numberOfRobotsOnBlackSite,numberOfRobotsOnWhiteSite
31706,24,20
timeStep,numberOfRobotsOnBlackSite,numberOfRobotsOnWhiteSite
31707,24,20
timeStep,numberOfRobotsOnBlackSite,numberOfRobotsOnWhiteSite
31708,24,20
timeStep,numberOfRobotsOnBlackSite,numberOfRobotsOnWhiteSite
31709,24,20
timeStep,numberOfRobotsOnBlackSite,numberOfRobotsOnWhiteSite
31710,24,20
timeStep,numberOfRobotsOnBlackSite,numberOfRobotsOnWhiteSite
31711,24,20
timeStep,numberOfRobotsOnBlackSite,numberOfRobotsOnWhiteSite
31712,24,20
timeStep,numberOfRobotsOnBlackSite,numberOfRobotsOnWhiteSite
31713,24,20
timeStep,numberOfRobotsOnBlackSite,numberOfRobotsOnWhiteSite
31714,24,20
timeStep,numberOfRobotsOnBlackSite,numberOfRobotsOnWhiteSite
31715,24,20
timeStep,numberOfRobotsOnBlackSite,numberOfRobotsOnWhiteSite
31716,24,20
timeStep,numberOfRobotsOnBlackSite,numberOfRobotsOnWhiteSite
31717,24,20
timeStep,numberOfRobotsOnBlackSite,numberOfRobotsOnWhiteSite
31718,24,20
timeStep,numberOfRobotsOnBlackSite,numberOfRobotsOnWhiteSite
31719,24,20
timeStep,numberOfRobotsOnBlackSite,numberOfRobotsOnWhiteSite
31720,24,20
timeStep,numberOfRobotsOnBlackSite,numberOfRobotsOnWhiteSite
31721,24,20
timeStep,numberOfRobotsOnBlackSite,numberOfRobotsOnWhiteSite
31722,24,20
timeStep,numberOfRobotsOnBlackSite,numberOfRobotsOnWhiteSite
31723,24,20
timeStep,numberOfRobotsOnBlackSite,numberOfRobotsOnWhiteSite
31724,24,20
timeStep,numberOfRobotsOnBlackSite,numberOfRobotsOnWhiteSite
31725,24,20
timeStep,numberOfRobotsOnBlackSite,numberOfRobotsOnWhiteSite
31726,24,20
timeStep,numberOfRobotsOnBlackSite,numberOfRobotsOnWhiteSite
31727,24,20
timeStep,numberOfRobotsOnBlackSite,numberOfRobotsOnWhiteSite
31728,24,20
timeStep,numberOfRobotsOnBlackSite,numberOfRobotsOnWhiteSite
31729,24,20
timeStep,numberOfRobotsOnBlackSite,numberOfRobotsOnWhiteSite
31730,24,20
timeStep,numberOfRobotsOnBlackSite,numberOfRobotsOnWhiteSite
31731,24,20
timeStep,numberOfRobotsOnBlackSite,numberOfRobotsOnWhiteSite
31732,24,20
timeStep,numberOfRobotsOnBlackSite,numberOfRobotsOnWhiteSite
31733,24,20
timeStep,numberOfRobotsOnBlackSite,numberOfRobotsOnWhiteSite
31734,24,20
timeStep,numberOfRobotsOnBlackSite,numberOfRobotsOnWhiteSite
31735,24,20
timeStep,numberOfRobotsOnBlackSite,numberOfRobotsOnWhiteSite
31736,24,20
timeStep,numberOfRobotsOnBlackSite,numberOfRobotsOnWhiteSite
31737,24,20
timeStep,numberOfRobotsOnBlackSite,numberOfRobotsOnWhiteSite
31738,24,20
timeStep,numberOfRobotsOnBlackSite,numberOfRobotsOnWhiteSite
31739,24,20
timeStep,numberOfRobotsOnBlackSite,numberOfRobotsOnWhiteSite
31740,24,20
timeStep,numberOfRobotsOnBlackSite,numberOfRobotsOnWhiteSite
31741,24,20
timeStep,numberOfRobotsOnBlackSite,numberOfRobotsOnWhiteSite
31742,24,20
timeStep,numberOfRobotsOnBlackSite,numberOfRobotsOnWhiteSite
31743,24,20
timeStep,numberOfRobotsOnBlackSite,numberOfRobotsOnWhiteSite
31744,24,20
timeStep,numberOfRobotsOnBlackSite,numberOfRobotsOnWhiteSite
31745,24,20
timeStep,numberOfRobotsOnBlackSite,numberOfRobotsOnWhiteSite
31746,24,20
timeStep,numberOfRobotsOnBlackSite,numberOfRobotsOnWhiteSite
31747,24,20
timeStep,numberOfRobotsOnBlackSite,numberOfRobotsOnWhiteSite
31748,24,20
timeStep,numberOfRobotsOnBlackSite,numberOfRobotsOnWhiteSite
31749,24,20
timeStep,numberOfRobotsOnBlackSite,numberOfRobotsOnWhiteSite
31750,24,20
timeStep,numberOfRobotsOnBlackSite,numberOfRobotsOnWhiteSite
31751,24,20
timeStep,numberOfRobotsOnBlackSite,numberOfRobotsOnWhiteSite
31752,24,20
timeStep,numberOfRobotsOnBlackSite,numberOfRobotsOnWhiteSite
31753,24,20
timeStep,numberOfRobotsOnBlackSite,numberOfRobotsOnWhiteSite
31754,24,20
timeStep,numberOfRobotsOnBlackSite,numberOfRobotsOnWhiteSite
31755,24,20
timeStep,numberOfRobotsOnBlackSite,numberOfRobotsOnWhiteSite
31756,24,20
timeStep,numberOfRobotsOnBlackSite,numberOfRobotsOnWhiteSite
31757,24,20
timeStep,numberOfRobotsOnBlackSite,numberOfRobotsOnWhiteSite
31758,24,20
timeStep,numberOfRobotsOnBlackSite,numberOfRobotsOnWhiteSite
31759,24,20
timeStep,numberOfRobotsOnBlackSite,numberOfRobotsOnWhiteSite
31760,24,20
timeStep,numberOfRobotsOnBlackSite,numberOfRobotsOnWhiteSite
31761,24,20
timeStep,numberOfRobotsOnBlackSite,numberOfRobotsOnWhiteSite
31762,24,20
timeStep,numberOfRobotsOnBlackSite,numberOfRobotsOnWhiteSite
31763,24,20
timeStep,numberOfRobotsOnBlackSite,numberOfRobotsOnWhiteSite
31764,24,20
timeStep,numberOfRobotsOnBlackSite,numberOfRobotsOnWhiteSite
31765,24,20
timeStep,numberOfRobotsOnBlackSite,numberOfRobotsOnWhiteSite
31766,24,20
timeStep,numberOfRobotsOnBlackSite,numberOfRobotsOnWhiteSite
31767,24,20
timeStep,numberOfRobotsOnBlackSite,numberOfRobotsOnWhiteSite
31768,24,20
timeStep,numberOfRobotsOnBlackSite,numberOfRobotsOnWhiteSite
31769,24,20
timeStep,numberOfRobotsOnBlackSite,numberOfRobotsOnWhiteSite
31770,24,20
timeStep,numberOfRobotsOnBlackSite,numberOfRobotsOnWhiteSite
31771,24,20
timeStep,numberOfRobotsOnBlackSite,numberOfRobotsOnWhiteSite
31772,24,20
timeStep,numberOfRobotsOnBlackSite,numberOfRobotsOnWhiteSite
31773,24,20
timeStep,numberOfRobotsOnBlackSite,numberOfRobotsOnWhiteSite
31774,24,20
timeStep,numberOfRobotsOnBlackSite,numberOfRobotsOnWhiteSite
31775,24,20
timeStep,numberOfRobotsOnBlackSite,numberOfRobotsOnWhiteSite
31776,24,20
timeStep,numberOfRobotsOnBlackSite,numberOfRobotsOnWhiteSite
31777,24,20
timeStep,numberOfRobotsOnBlackSite,numberOfRobotsOnWhiteSite
31778,24,20
timeStep,numberOfRobotsOnBlackSite,numberOfRobotsOnWhiteSite
31779,24,20
timeStep,numberOfRobotsOnBlackSite,numberOfRobotsOnWhiteSite
31780,24,20
timeStep,numberOfRobotsOnBlackSite,numberOfRobotsOnWhiteSite
31781,24,20
timeStep,numberOfRobotsOnBlackSite,numberOfRobotsOnWhiteSite
31782,24,20
timeStep,numberOfRobotsOnBlackSite,numberOfRobotsOnWhiteSite
31783,24,20
timeStep,numberOfRobotsOnBlackSite,numberOfRobotsOnWhiteSite
31784,24,20
timeStep,numberOfRobotsOnBlackSite,numberOfRobotsOnWhiteSite
31785,24,20
timeStep,numberOfRobotsOnBlackSite,numberOfRobotsOnWhiteSite
31786,24,20
timeStep,numberOfRobotsOnBlackSite,numberOfRobotsOnWhiteSite
31787,24,20
timeStep,numberOfRobotsOnBlackSite,numberOfRobotsOnWhiteSite
31788,24,20
timeStep,numberOfRobotsOnBlackSite,numberOfRobotsOnWhiteSite
31789,24,20
timeStep,numberOfRobotsOnBlackSite,numberOfRobotsOnWhiteSite
31790,24,20
timeStep,numberOfRobotsOnBlackSite,numberOfRobotsOnWhiteSite
31791,24,20
timeStep,numberOfRobotsOnBlackSite,numberOfRobotsOnWhiteSite
31792,24,20
timeStep,numberOfRobotsOnBlackSite,numberOfRobotsOnWhiteSite
31793,24,20
timeStep,numberOfRobotsOnBlackSite,numberOfRobotsOnWhiteSite
31794,24,20
timeStep,numberOfRobotsOnBlackSite,numberOfRobotsOnWhiteSite
31795,24,20
timeStep,numberOfRobotsOnBlackSite,numberOfRobotsOnWhiteSite
31796,24,20
timeStep,numberOfRobotsOnBlackSite,numberOfRobotsOnWhiteSite
31797,24,20
timeStep,numberOfRobotsOnBlackSite,numberOfRobotsOnWhiteSite
31798,24,20
timeStep,numberOfRobotsOnBlackSite,numberOfRobotsOnWhiteSite
31799,24,20
timeStep,numberOfRobotsOnBlackSite,numberOfRobotsOnWhiteSite
31800,24,20
timeStep,numberOfRobotsOnBlackSite,numberOfRobotsOnWhiteSite
31801,24,20
timeStep,numberOfRobotsOnBlackSite,numberOfRobotsOnWhiteSite
31802,24,20
timeStep,numberOfRobotsOnBlackSite,numberOfRobotsOnWhiteSite
31803,24,20
timeStep,numberOfRobotsOnBlackSite,numberOfRobotsOnWhiteSite
31804,24,20
timeStep,numberOfRobotsOnBlackSite,numberOfRobotsOnWhiteSite
31805,24,20
timeStep,numberOfRobotsOnBlackSite,numberOfRobotsOnWhiteSite
31806,24,20
timeStep,numberOfRobotsOnBlackSite,numberOfRobotsOnWhiteSite
31807,24,20
timeStep,numberOfRobotsOnBlackSite,numberOfRobotsOnWhiteSite
31808,24,20
timeStep,numberOfRobotsOnBlackSite,numberOfRobotsOnWhiteSite
31809,24,20
timeStep,numberOfRobotsOnBlackSite,numberOfRobotsOnWhiteSite
31810,24,20
timeStep,numberOfRobotsOnBlackSite,numberOfRobotsOnWhiteSite
31811,24,20
timeStep,numberOfRobotsOnBlackSite,numberOfRobotsOnWhiteSite
31812,24,20
timeStep,numberOfRobotsOnBlackSite,numberOfRobotsOnWhiteSite
31813,24,20
timeStep,numberOfRobotsOnBlackSite,numberOfRobotsOnWhiteSite
31814,24,20
timeStep,numberOfRobotsOnBlackSite,numberOfRobotsOnWhiteSite
31815,24,20
timeStep,numberOfRobotsOnBlackSite,numberOfRobotsOnWhiteSite
31816,24,20
timeStep,numberOfRobotsOnBlackSite,numberOfRobotsOnWhiteSite
31817,24,20
timeStep,numberOfRobotsOnBlackSite,numberOfRobotsOnWhiteSite
31818,24,20
timeStep,numberOfRobotsOnBlackSite,numberOfRobotsOnWhiteSite
31819,24,20
timeStep,numberOfRobotsOnBlackSite,numberOfRobotsOnWhiteSite
31820,24,20
timeStep,numberOfRobotsOnBlackSite,numberOfRobotsOnWhiteSite
31821,24,20
timeStep,numberOfRobotsOnBlackSite,numberOfRobotsOnWhiteSite
31822,24,20
timeStep,numberOfRobotsOnBlackSite,numberOfRobotsOnWhiteSite
31823,24,20
timeStep,numberOfRobotsOnBlackSite,numberOfRobotsOnWhiteSite
31824,24,20
timeStep,numberOfRobotsOnBlackSite,numberOfRobotsOnWhiteSite
31825,24,20
timeStep,numberOfRobotsOnBlackSite,numberOfRobotsOnWhiteSite
31826,24,20
timeStep,numberOfRobotsOnBlackSite,numberOfRobotsOnWhiteSite
31827,24,20
timeStep,numberOfRobotsOnBlackSite,numberOfRobotsOnWhiteSite
31828,24,20
timeStep,numberOfRobotsOnBlackSite,numberOfRobotsOnWhiteSite
31829,24,20
timeStep,numberOfRobotsOnBlackSite,numberOfRobotsOnWhiteSite
31830,24,20
timeStep,numberOfRobotsOnBlackSite,numberOfRobotsOnWhiteSite
31831,24,20
timeStep,numberOfRobotsOnBlackSite,numberOfRobotsOnWhiteSite
31832,24,20
timeStep,numberOfRobotsOnBlackSite,numberOfRobotsOnWhiteSite
31833,24,20
timeStep,numberOfRobotsOnBlackSite,numberOfRobotsOnWhiteSite
31834,24,20
timeStep,numberOfRobotsOnBlackSite,numberOfRobotsOnWhiteSite
31835,24,20
timeStep,numberOfRobotsOnBlackSite,numberOfRobotsOnWhiteSite
31836,24,20
timeStep,numberOfRobotsOnBlackSite,numberOfRobotsOnWhiteSite
31837,24,20
timeStep,numberOfRobotsOnBlackSite,numberOfRobotsOnWhiteSite
31838,24,20
timeStep,numberOfRobotsOnBlackSite,numberOfRobotsOnWhiteSite
31839,24,20
timeStep,numberOfRobotsOnBlackSite,numberOfRobotsOnWhiteSite
31840,24,20
timeStep,numberOfRobotsOnBlackSite,numberOfRobotsOnWhiteSite
31841,24,20
timeStep,numberOfRobotsOnBlackSite,numberOfRobotsOnWhiteSite
31842,24,20
timeStep,numberOfRobotsOnBlackSite,numberOfRobotsOnWhiteSite
31843,24,20
timeStep,numberOfRobotsOnBlackSite,numberOfRobotsOnWhiteSite
31844,24,20
timeStep,numberOfRobotsOnBlackSite,numberOfRobotsOnWhiteSite
31845,24,20
timeStep,numberOfRobotsOnBlackSite,numberOfRobotsOnWhiteSite
31846,24,20
timeStep,numberOfRobotsOnBlackSite,numberOfRobotsOnWhiteSite
31847,24,20
timeStep,numberOfRobotsOnBlackSite,numberOfRobotsOnWhiteSite
31848,24,20
timeStep,numberOfRobotsOnBlackSite,numberOfRobotsOnWhiteSite
31849,24,20
timeStep,numberOfRobotsOnBlackSite,numberOfRobotsOnWhiteSite
31850,24,20
timeStep,numberOfRobotsOnBlackSite,numberOfRobotsOnWhiteSite
31851,24,20
timeStep,numberOfRobotsOnBlackSite,numberOfRobotsOnWhiteSite
31852,24,20
timeStep,numberOfRobotsOnBlackSite,numberOfRobotsOnWhiteSite
31853,24,20
timeStep,numberOfRobotsOnBlackSite,numberOfRobotsOnWhiteSite
31854,24,20
timeStep,numberOfRobotsOnBlackSite,numberOfRobotsOnWhiteSite
31855,23,20
timeStep,numberOfRobotsOnBlackSite,numberOfRobotsOnWhiteSite
31856,23,20
timeStep,numberOfRobotsOnBlackSite,numberOfRobotsOnWhiteSite
31857,23,20
timeStep,numberOfRobotsOnBlackSite,numberOfRobotsOnWhiteSite
31858,23,20
timeStep,numberOfRobotsOnBlackSite,numberOfRobotsOnWhiteSite
31859,23,20
timeStep,numberOfRobotsOnBlackSite,numberOfRobotsOnWhiteSite
31860,24,20
timeStep,numberOfRobotsOnBlackSite,numberOfRobotsOnWhiteSite
31861,24,20
timeStep,numberOfRobotsOnBlackSite,numberOfRobotsOnWhiteSite
31862,24,20
timeStep,numberOfRobotsOnBlackSite,numberOfRobotsOnWhiteSite
31863,24,20
timeStep,numberOfRobotsOnBlackSite,numberOfRobotsOnWhiteSite
31864,24,20
timeStep,numberOfRobotsOnBlackSite,numberOfRobotsOnWhiteSite
31865,24,20
timeStep,numberOfRobotsOnBlackSite,numberOfRobotsOnWhiteSite
31866,24,20
timeStep,numberOfRobotsOnBlackSite,numberOfRobotsOnWhiteSite
31867,24,20
timeStep,numberOfRobotsOnBlackSite,numberOfRobotsOnWhiteSite
31868,24,20
timeStep,numberOfRobotsOnBlackSite,numberOfRobotsOnWhiteSite
31869,24,20
timeStep,numberOfRobotsOnBlackSite,numberOfRobotsOnWhiteSite
31870,24,20
timeStep,numberOfRobotsOnBlackSite,numberOfRobotsOnWhiteSite
31871,24,20
timeStep,numberOfRobotsOnBlackSite,numberOfRobotsOnWhiteSite
31872,24,20
timeStep,numberOfRobotsOnBlackSite,numberOfRobotsOnWhiteSite
31873,24,20
timeStep,numberOfRobotsOnBlackSite,numberOfRobotsOnWhiteSite
31874,24,20
timeStep,numberOfRobotsOnBlackSite,numberOfRobotsOnWhiteSite
31875,24,20
timeStep,numberOfRobotsOnBlackSite,numberOfRobotsOnWhiteSite
31876,24,20
timeStep,numberOfRobotsOnBlackSite,numberOfRobotsOnWhiteSite
31877,24,20
timeStep,numberOfRobotsOnBlackSite,numberOfRobotsOnWhiteSite
31878,24,20
timeStep,numberOfRobotsOnBlackSite,numberOfRobotsOnWhiteSite
31879,24,20
timeStep,numberOfRobotsOnBlackSite,numberOfRobotsOnWhiteSite
31880,24,20
timeStep,numberOfRobotsOnBlackSite,numberOfRobotsOnWhiteSite
31881,24,20
timeStep,numberOfRobotsOnBlackSite,numberOfRobotsOnWhiteSite
31882,24,20
timeStep,numberOfRobotsOnBlackSite,numberOfRobotsOnWhiteSite
31883,24,20
timeStep,numberOfRobotsOnBlackSite,numberOfRobotsOnWhiteSite
31884,24,20
timeStep,numberOfRobotsOnBlackSite,numberOfRobotsOnWhiteSite
31885,24,20
timeStep,numberOfRobotsOnBlackSite,numberOfRobotsOnWhiteSite
31886,24,20
timeStep,numberOfRobotsOnBlackSite,numberOfRobotsOnWhiteSite
31887,24,20
timeStep,numberOfRobotsOnBlackSite,numberOfRobotsOnWhiteSite
31888,24,20
timeStep,numberOfRobotsOnBlackSite,numberOfRobotsOnWhiteSite
31889,24,20
timeStep,numberOfRobotsOnBlackSite,numberOfRobotsOnWhiteSite
31890,24,20
timeStep,numberOfRobotsOnBlackSite,numberOfRobotsOnWhiteSite
31891,24,20
timeStep,numberOfRobotsOnBlackSite,numberOfRobotsOnWhiteSite
31892,24,20
timeStep,numberOfRobotsOnBlackSite,numberOfRobotsOnWhiteSite
31893,24,20
timeStep,numberOfRobotsOnBlackSite,numberOfRobotsOnWhiteSite
31894,24,20
timeStep,numberOfRobotsOnBlackSite,numberOfRobotsOnWhiteSite
31895,24,20
timeStep,numberOfRobotsOnBlackSite,numberOfRobotsOnWhiteSite
31896,24,20
timeStep,numberOfRobotsOnBlackSite,numberOfRobotsOnWhiteSite
31897,24,20
timeStep,numberOfRobotsOnBlackSite,numberOfRobotsOnWhiteSite
31898,24,20
timeStep,numberOfRobotsOnBlackSite,numberOfRobotsOnWhiteSite
31899,24,20
timeStep,numberOfRobotsOnBlackSite,numberOfRobotsOnWhiteSite
31900,23,20
timeStep,numberOfRobotsOnBlackSite,numberOfRobotsOnWhiteSite
31901,23,20
timeStep,numberOfRobotsOnBlackSite,numberOfRobotsOnWhiteSite
31902,23,20
timeStep,numberOfRobotsOnBlackSite,numberOfRobotsOnWhiteSite
31903,23,20
timeStep,numberOfRobotsOnBlackSite,numberOfRobotsOnWhiteSite
31904,23,20
timeStep,numberOfRobotsOnBlackSite,numberOfRobotsOnWhiteSite
31905,23,20
timeStep,numberOfRobotsOnBlackSite,numberOfRobotsOnWhiteSite
31906,23,20
timeStep,numberOfRobotsOnBlackSite,numberOfRobotsOnWhiteSite
31907,23,20
timeStep,numberOfRobotsOnBlackSite,numberOfRobotsOnWhiteSite
31908,23,20
timeStep,numberOfRobotsOnBlackSite,numberOfRobotsOnWhiteSite
31909,23,20
timeStep,numberOfRobotsOnBlackSite,numberOfRobotsOnWhiteSite
31910,23,20
timeStep,numberOfRobotsOnBlackSite,numberOfRobotsOnWhiteSite
31911,23,20
timeStep,numberOfRobotsOnBlackSite,numberOfRobotsOnWhiteSite
31912,23,20
timeStep,numberOfRobotsOnBlackSite,numberOfRobotsOnWhiteSite
31913,23,20
timeStep,numberOfRobotsOnBlackSite,numberOfRobotsOnWhiteSite
31914,23,20
timeStep,numberOfRobotsOnBlackSite,numberOfRobotsOnWhiteSite
31915,23,20
timeStep,numberOfRobotsOnBlackSite,numberOfRobotsOnWhiteSite
31916,23,20
timeStep,numberOfRobotsOnBlackSite,numberOfRobotsOnWhiteSite
31917,23,20
timeStep,numberOfRobotsOnBlackSite,numberOfRobotsOnWhiteSite
31918,23,20
timeStep,numberOfRobotsOnBlackSite,numberOfRobotsOnWhiteSite
31919,23,20
timeStep,numberOfRobotsOnBlackSite,numberOfRobotsOnWhiteSite
31920,23,20
timeStep,numberOfRobotsOnBlackSite,numberOfRobotsOnWhiteSite
31921,23,20
timeStep,numberOfRobotsOnBlackSite,numberOfRobotsOnWhiteSite
31922,23,20
timeStep,numberOfRobotsOnBlackSite,numberOfRobotsOnWhiteSite
31923,23,20
timeStep,numberOfRobotsOnBlackSite,numberOfRobotsOnWhiteSite
31924,23,20
timeStep,numberOfRobotsOnBlackSite,numberOfRobotsOnWhiteSite
31925,23,20
timeStep,numberOfRobotsOnBlackSite,numberOfRobotsOnWhiteSite
31926,23,20
timeStep,numberOfRobotsOnBlackSite,numberOfRobotsOnWhiteSite
31927,23,20
timeStep,numberOfRobotsOnBlackSite,numberOfRobotsOnWhiteSite
31928,23,20
timeStep,numberOfRobotsOnBlackSite,numberOfRobotsOnWhiteSite
31929,23,20
timeStep,numberOfRobotsOnBlackSite,numberOfRobotsOnWhiteSite
31930,23,20
timeStep,numberOfRobotsOnBlackSite,numberOfRobotsOnWhiteSite
31931,23,20
timeStep,numberOfRobotsOnBlackSite,numberOfRobotsOnWhiteSite
31932,23,20
timeStep,numberOfRobotsOnBlackSite,numberOfRobotsOnWhiteSite
31933,23,20
timeStep,numberOfRobotsOnBlackSite,numberOfRobotsOnWhiteSite
31934,23,20
timeStep,numberOfRobotsOnBlackSite,numberOfRobotsOnWhiteSite
31935,23,20
timeStep,numberOfRobotsOnBlackSite,numberOfRobotsOnWhiteSite
31936,23,20
timeStep,numberOfRobotsOnBlackSite,numberOfRobotsOnWhiteSite
31937,23,20
timeStep,numberOfRobotsOnBlackSite,numberOfRobotsOnWhiteSite
31938,23,20
timeStep,numberOfRobotsOnBlackSite,numberOfRobotsOnWhiteSite
31939,23,20
timeStep,numberOfRobotsOnBlackSite,numberOfRobotsOnWhiteSite
31940,23,20
timeStep,numberOfRobotsOnBlackSite,numberOfRobotsOnWhiteSite
31941,23,20
timeStep,numberOfRobotsOnBlackSite,numberOfRobotsOnWhiteSite
31942,23,20
timeStep,numberOfRobotsOnBlackSite,numberOfRobotsOnWhiteSite
31943,23,20
timeStep,numberOfRobotsOnBlackSite,numberOfRobotsOnWhiteSite
31944,23,20
timeStep,numberOfRobotsOnBlackSite,numberOfRobotsOnWhiteSite
31945,23,20
timeStep,numberOfRobotsOnBlackSite,numberOfRobotsOnWhiteSite
31946,23,20
timeStep,numberOfRobotsOnBlackSite,numberOfRobotsOnWhiteSite
31947,23,20
timeStep,numberOfRobotsOnBlackSite,numberOfRobotsOnWhiteSite
31948,23,20
timeStep,numberOfRobotsOnBlackSite,numberOfRobotsOnWhiteSite
31949,23,20
timeStep,numberOfRobotsOnBlackSite,numberOfRobotsOnWhiteSite
31950,23,20
timeStep,numberOfRobotsOnBlackSite,numberOfRobotsOnWhiteSite
31951,23,20
timeStep,numberOfRobotsOnBlackSite,numberOfRobotsOnWhiteSite
31952,23,20
timeStep,numberOfRobotsOnBlackSite,numberOfRobotsOnWhiteSite
31953,23,20
timeStep,numberOfRobotsOnBlackSite,numberOfRobotsOnWhiteSite
31954,23,20
timeStep,numberOfRobotsOnBlackSite,numberOfRobotsOnWhiteSite
31955,23,20
timeStep,numberOfRobotsOnBlackSite,numberOfRobotsOnWhiteSite
31956,23,20
timeStep,numberOfRobotsOnBlackSite,numberOfRobotsOnWhiteSite
31957,23,20
timeStep,numberOfRobotsOnBlackSite,numberOfRobotsOnWhiteSite
31958,23,20
timeStep,numberOfRobotsOnBlackSite,numberOfRobotsOnWhiteSite
31959,23,20
timeStep,numberOfRobotsOnBlackSite,numberOfRobotsOnWhiteSite
31960,23,20
timeStep,numberOfRobotsOnBlackSite,numberOfRobotsOnWhiteSite
31961,23,20
timeStep,numberOfRobotsOnBlackSite,numberOfRobotsOnWhiteSite
31962,23,20
timeStep,numberOfRobotsOnBlackSite,numberOfRobotsOnWhiteSite
31963,23,20
timeStep,numberOfRobotsOnBlackSite,numberOfRobotsOnWhiteSite
31964,23,20
timeStep,numberOfRobotsOnBlackSite,numberOfRobotsOnWhiteSite
31965,23,20
timeStep,numberOfRobotsOnBlackSite,numberOfRobotsOnWhiteSite
31966,23,20
timeStep,numberOfRobotsOnBlackSite,numberOfRobotsOnWhiteSite
31967,23,20
timeStep,numberOfRobotsOnBlackSite,numberOfRobotsOnWhiteSite
31968,23,20
timeStep,numberOfRobotsOnBlackSite,numberOfRobotsOnWhiteSite
31969,23,20
timeStep,numberOfRobotsOnBlackSite,numberOfRobotsOnWhiteSite
31970,23,20
timeStep,numberOfRobotsOnBlackSite,numberOfRobotsOnWhiteSite
31971,23,20
timeStep,numberOfRobotsOnBlackSite,numberOfRobotsOnWhiteSite
31972,23,20
timeStep,numberOfRobotsOnBlackSite,numberOfRobotsOnWhiteSite
31973,23,20
timeStep,numberOfRobotsOnBlackSite,numberOfRobotsOnWhiteSite
31974,23,20
timeStep,numberOfRobotsOnBlackSite,numberOfRobotsOnWhiteSite
31975,23,20
timeStep,numberOfRobotsOnBlackSite,numberOfRobotsOnWhiteSite
31976,23,20
timeStep,numberOfRobotsOnBlackSite,numberOfRobotsOnWhiteSite
31977,23,20
timeStep,numberOfRobotsOnBlackSite,numberOfRobotsOnWhiteSite
31978,23,20
timeStep,numberOfRobotsOnBlackSite,numberOfRobotsOnWhiteSite
31979,23,20
timeStep,numberOfRobotsOnBlackSite,numberOfRobotsOnWhiteSite
31980,23,20
timeStep,numberOfRobotsOnBlackSite,numberOfRobotsOnWhiteSite
31981,23,20
timeStep,numberOfRobotsOnBlackSite,numberOfRobotsOnWhiteSite
31982,23,20
timeStep,numberOfRobotsOnBlackSite,numberOfRobotsOnWhiteSite
31983,23,20
timeStep,numberOfRobotsOnBlackSite,numberOfRobotsOnWhiteSite
31984,23,20
timeStep,numberOfRobotsOnBlackSite,numberOfRobotsOnWhiteSite
31985,23,20
timeStep,numberOfRobotsOnBlackSite,numberOfRobotsOnWhiteSite
31986,23,20
timeStep,numberOfRobotsOnBlackSite,numberOfRobotsOnWhiteSite
31987,23,20
timeStep,numberOfRobotsOnBlackSite,numberOfRobotsOnWhiteSite
31988,23,20
timeStep,numberOfRobotsOnBlackSite,numberOfRobotsOnWhiteSite
31989,23,20
timeStep,numberOfRobotsOnBlackSite,numberOfRobotsOnWhiteSite
31990,23,20
timeStep,numberOfRobotsOnBlackSite,numberOfRobotsOnWhiteSite
31991,23,20
timeStep,numberOfRobotsOnBlackSite,numberOfRobotsOnWhiteSite
31992,23,20
timeStep,numberOfRobotsOnBlackSite,numberOfRobotsOnWhiteSite
31993,23,20
timeStep,numberOfRobotsOnBlackSite,numberOfRobotsOnWhiteSite
31994,23,20
timeStep,numberOfRobotsOnBlackSite,numberOfRobotsOnWhiteSite
31995,23,20
timeStep,numberOfRobotsOnBlackSite,numberOfRobotsOnWhiteSite
31996,23,20
timeStep,numberOfRobotsOnBlackSite,numberOfRobotsOnWhiteSite
31997,23,20
timeStep,numberOfRobotsOnBlackSite,numberOfRobotsOnWhiteSite
31998,23,20
timeStep,numberOfRobotsOnBlackSite,numberOfRobotsOnWhiteSite
31999,23,20
timeStep,numberOfRobotsOnBlackSite,numberOfRobotsOnWhiteSite
32000,23,20
timeStep,numberOfRobotsOnBlackSite,numberOfRobotsOnWhiteSite
32001,23,20
timeStep,numberOfRobotsOnBlackSite,numberOfRobotsOnWhiteSite
32002,23,20
timeStep,numberOfRobotsOnBlackSite,numberOfRobotsOnWhiteSite
32003,23,20
timeStep,numberOfRobotsOnBlackSite,numberOfRobotsOnWhiteSite
32004,23,20
timeStep,numberOfRobotsOnBlackSite,numberOfRobotsOnWhiteSite
32005,23,20
timeStep,numberOfRobotsOnBlackSite,numberOfRobotsOnWhiteSite
32006,23,20
timeStep,numberOfRobotsOnBlackSite,numberOfRobotsOnWhiteSite
32007,23,20
timeStep,numberOfRobotsOnBlackSite,numberOfRobotsOnWhiteSite
32008,23,20
timeStep,numberOfRobotsOnBlackSite,numberOfRobotsOnWhiteSite
32009,23,20
timeStep,numberOfRobotsOnBlackSite,numberOfRobotsOnWhiteSite
32010,23,20
timeStep,numberOfRobotsOnBlackSite,numberOfRobotsOnWhiteSite
32011,23,20
timeStep,numberOfRobotsOnBlackSite,numberOfRobotsOnWhiteSite
32012,23,20
timeStep,numberOfRobotsOnBlackSite,numberOfRobotsOnWhiteSite
32013,23,20
timeStep,numberOfRobotsOnBlackSite,numberOfRobotsOnWhiteSite
32014,23,20
timeStep,numberOfRobotsOnBlackSite,numberOfRobotsOnWhiteSite
32015,23,20
timeStep,numberOfRobotsOnBlackSite,numberOfRobotsOnWhiteSite
32016,23,20
timeStep,numberOfRobotsOnBlackSite,numberOfRobotsOnWhiteSite
32017,23,20
timeStep,numberOfRobotsOnBlackSite,numberOfRobotsOnWhiteSite
32018,23,20
timeStep,numberOfRobotsOnBlackSite,numberOfRobotsOnWhiteSite
32019,23,20
timeStep,numberOfRobotsOnBlackSite,numberOfRobotsOnWhiteSite
32020,23,20
timeStep,numberOfRobotsOnBlackSite,numberOfRobotsOnWhiteSite
32021,23,20
timeStep,numberOfRobotsOnBlackSite,numberOfRobotsOnWhiteSite
32022,23,20
timeStep,numberOfRobotsOnBlackSite,numberOfRobotsOnWhiteSite
32023,23,20
timeStep,numberOfRobotsOnBlackSite,numberOfRobotsOnWhiteSite
32024,23,20
timeStep,numberOfRobotsOnBlackSite,numberOfRobotsOnWhiteSite
32025,23,20
timeStep,numberOfRobotsOnBlackSite,numberOfRobotsOnWhiteSite
32026,23,20
timeStep,numberOfRobotsOnBlackSite,numberOfRobotsOnWhiteSite
32027,23,20
timeStep,numberOfRobotsOnBlackSite,numberOfRobotsOnWhiteSite
32028,23,20
timeStep,numberOfRobotsOnBlackSite,numberOfRobotsOnWhiteSite
32029,23,20
timeStep,numberOfRobotsOnBlackSite,numberOfRobotsOnWhiteSite
32030,23,20
timeStep,numberOfRobotsOnBlackSite,numberOfRobotsOnWhiteSite
32031,23,20
timeStep,numberOfRobotsOnBlackSite,numberOfRobotsOnWhiteSite
32032,23,20
timeStep,numberOfRobotsOnBlackSite,numberOfRobotsOnWhiteSite
32033,23,20
timeStep,numberOfRobotsOnBlackSite,numberOfRobotsOnWhiteSite
32034,23,20
timeStep,numberOfRobotsOnBlackSite,numberOfRobotsOnWhiteSite
32035,23,20
timeStep,numberOfRobotsOnBlackSite,numberOfRobotsOnWhiteSite
32036,23,20
timeStep,numberOfRobotsOnBlackSite,numberOfRobotsOnWhiteSite
32037,23,20
timeStep,numberOfRobotsOnBlackSite,numberOfRobotsOnWhiteSite
32038,23,20
timeStep,numberOfRobotsOnBlackSite,numberOfRobotsOnWhiteSite
32039,23,20
timeStep,numberOfRobotsOnBlackSite,numberOfRobotsOnWhiteSite
32040,23,20
timeStep,numberOfRobotsOnBlackSite,numberOfRobotsOnWhiteSite
32041,23,20
timeStep,numberOfRobotsOnBlackSite,numberOfRobotsOnWhiteSite
32042,23,20
timeStep,numberOfRobotsOnBlackSite,numberOfRobotsOnWhiteSite
32043,23,20
timeStep,numberOfRobotsOnBlackSite,numberOfRobotsOnWhiteSite
32044,23,20
timeStep,numberOfRobotsOnBlackSite,numberOfRobotsOnWhiteSite
32045,23,20
timeStep,numberOfRobotsOnBlackSite,numberOfRobotsOnWhiteSite
32046,23,20
timeStep,numberOfRobotsOnBlackSite,numberOfRobotsOnWhiteSite
32047,23,20
timeStep,numberOfRobotsOnBlackSite,numberOfRobotsOnWhiteSite
32048,23,20
timeStep,numberOfRobotsOnBlackSite,numberOfRobotsOnWhiteSite
32049,23,20
timeStep,numberOfRobotsOnBlackSite,numberOfRobotsOnWhiteSite
32050,23,20
timeStep,numberOfRobotsOnBlackSite,numberOfRobotsOnWhiteSite
32051,23,20
timeStep,numberOfRobotsOnBlackSite,numberOfRobotsOnWhiteSite
32052,23,20
timeStep,numberOfRobotsOnBlackSite,numberOfRobotsOnWhiteSite
32053,23,20
timeStep,numberOfRobotsOnBlackSite,numberOfRobotsOnWhiteSite
32054,23,20
timeStep,numberOfRobotsOnBlackSite,numberOfRobotsOnWhiteSite
32055,23,20
timeStep,numberOfRobotsOnBlackSite,numberOfRobotsOnWhiteSite
32056,23,20
timeStep,numberOfRobotsOnBlackSite,numberOfRobotsOnWhiteSite
32057,23,20
timeStep,numberOfRobotsOnBlackSite,numberOfRobotsOnWhiteSite
32058,23,20
timeStep,numberOfRobotsOnBlackSite,numberOfRobotsOnWhiteSite
32059,23,20
timeStep,numberOfRobotsOnBlackSite,numberOfRobotsOnWhiteSite
32060,23,20
timeStep,numberOfRobotsOnBlackSite,numberOfRobotsOnWhiteSite
32061,23,20
timeStep,numberOfRobotsOnBlackSite,numberOfRobotsOnWhiteSite
32062,23,20
timeStep,numberOfRobotsOnBlackSite,numberOfRobotsOnWhiteSite
32063,23,20
timeStep,numberOfRobotsOnBlackSite,numberOfRobotsOnWhiteSite
32064,23,20
timeStep,numberOfRobotsOnBlackSite,numberOfRobotsOnWhiteSite
32065,23,20
timeStep,numberOfRobotsOnBlackSite,numberOfRobotsOnWhiteSite
32066,23,20
timeStep,numberOfRobotsOnBlackSite,numberOfRobotsOnWhiteSite
32067,23,20
timeStep,numberOfRobotsOnBlackSite,numberOfRobotsOnWhiteSite
32068,23,20
timeStep,numberOfRobotsOnBlackSite,numberOfRobotsOnWhiteSite
32069,23,20
timeStep,numberOfRobotsOnBlackSite,numberOfRobotsOnWhiteSite
32070,23,20
timeStep,numberOfRobotsOnBlackSite,numberOfRobotsOnWhiteSite
32071,23,20
timeStep,numberOfRobotsOnBlackSite,numberOfRobotsOnWhiteSite
32072,23,20
timeStep,numberOfRobotsOnBlackSite,numberOfRobotsOnWhiteSite
32073,23,20
timeStep,numberOfRobotsOnBlackSite,numberOfRobotsOnWhiteSite
32074,23,20
timeStep,numberOfRobotsOnBlackSite,numberOfRobotsOnWhiteSite
32075,23,20
timeStep,numberOfRobotsOnBlackSite,numberOfRobotsOnWhiteSite
32076,23,20
timeStep,numberOfRobotsOnBlackSite,numberOfRobotsOnWhiteSite
32077,23,20
timeStep,numberOfRobotsOnBlackSite,numberOfRobotsOnWhiteSite
32078,23,20
timeStep,numberOfRobotsOnBlackSite,numberOfRobotsOnWhiteSite
32079,23,20
timeStep,numberOfRobotsOnBlackSite,numberOfRobotsOnWhiteSite
32080,23,20
timeStep,numberOfRobotsOnBlackSite,numberOfRobotsOnWhiteSite
32081,23,20
timeStep,numberOfRobotsOnBlackSite,numberOfRobotsOnWhiteSite
32082,23,20
timeStep,numberOfRobotsOnBlackSite,numberOfRobotsOnWhiteSite
32083,23,20
timeStep,numberOfRobotsOnBlackSite,numberOfRobotsOnWhiteSite
32084,23,20
timeStep,numberOfRobotsOnBlackSite,numberOfRobotsOnWhiteSite
32085,23,20
timeStep,numberOfRobotsOnBlackSite,numberOfRobotsOnWhiteSite
32086,23,20
timeStep,numberOfRobotsOnBlackSite,numberOfRobotsOnWhiteSite
32087,23,20
timeStep,numberOfRobotsOnBlackSite,numberOfRobotsOnWhiteSite
32088,23,20
timeStep,numberOfRobotsOnBlackSite,numberOfRobotsOnWhiteSite
32089,23,20
timeStep,numberOfRobotsOnBlackSite,numberOfRobotsOnWhiteSite
32090,23,20
timeStep,numberOfRobotsOnBlackSite,numberOfRobotsOnWhiteSite
32091,23,20
timeStep,numberOfRobotsOnBlackSite,numberOfRobotsOnWhiteSite
32092,23,20
timeStep,numberOfRobotsOnBlackSite,numberOfRobotsOnWhiteSite
32093,23,20
timeStep,numberOfRobotsOnBlackSite,numberOfRobotsOnWhiteSite
32094,23,20
timeStep,numberOfRobotsOnBlackSite,numberOfRobotsOnWhiteSite
32095,23,20
timeStep,numberOfRobotsOnBlackSite,numberOfRobotsOnWhiteSite
32096,23,20
timeStep,numberOfRobotsOnBlackSite,numberOfRobotsOnWhiteSite
32097,23,20
timeStep,numberOfRobotsOnBlackSite,numberOfRobotsOnWhiteSite
32098,23,20
timeStep,numberOfRobotsOnBlackSite,numberOfRobotsOnWhiteSite
32099,23,20
timeStep,numberOfRobotsOnBlackSite,numberOfRobotsOnWhiteSite
32100,23,20
timeStep,numberOfRobotsOnBlackSite,numberOfRobotsOnWhiteSite
32101,23,20
timeStep,numberOfRobotsOnBlackSite,numberOfRobotsOnWhiteSite
32102,23,20
timeStep,numberOfRobotsOnBlackSite,numberOfRobotsOnWhiteSite
32103,23,20
timeStep,numberOfRobotsOnBlackSite,numberOfRobotsOnWhiteSite
32104,23,20
timeStep,numberOfRobotsOnBlackSite,numberOfRobotsOnWhiteSite
32105,23,20
timeStep,numberOfRobotsOnBlackSite,numberOfRobotsOnWhiteSite
32106,23,20
timeStep,numberOfRobotsOnBlackSite,numberOfRobotsOnWhiteSite
32107,23,20
timeStep,numberOfRobotsOnBlackSite,numberOfRobotsOnWhiteSite
32108,23,20
timeStep,numberOfRobotsOnBlackSite,numberOfRobotsOnWhiteSite
32109,23,20
timeStep,numberOfRobotsOnBlackSite,numberOfRobotsOnWhiteSite
32110,23,20
timeStep,numberOfRobotsOnBlackSite,numberOfRobotsOnWhiteSite
32111,23,20
timeStep,numberOfRobotsOnBlackSite,numberOfRobotsOnWhiteSite
32112,23,20
timeStep,numberOfRobotsOnBlackSite,numberOfRobotsOnWhiteSite
32113,23,20
timeStep,numberOfRobotsOnBlackSite,numberOfRobotsOnWhiteSite
32114,23,20
timeStep,numberOfRobotsOnBlackSite,numberOfRobotsOnWhiteSite
32115,23,20
timeStep,numberOfRobotsOnBlackSite,numberOfRobotsOnWhiteSite
32116,23,20
timeStep,numberOfRobotsOnBlackSite,numberOfRobotsOnWhiteSite
32117,23,20
timeStep,numberOfRobotsOnBlackSite,numberOfRobotsOnWhiteSite
32118,23,20
timeStep,numberOfRobotsOnBlackSite,numberOfRobotsOnWhiteSite
32119,23,20
timeStep,numberOfRobotsOnBlackSite,numberOfRobotsOnWhiteSite
32120,23,20
timeStep,numberOfRobotsOnBlackSite,numberOfRobotsOnWhiteSite
32121,23,20
timeStep,numberOfRobotsOnBlackSite,numberOfRobotsOnWhiteSite
32122,23,20
timeStep,numberOfRobotsOnBlackSite,numberOfRobotsOnWhiteSite
32123,23,20
timeStep,numberOfRobotsOnBlackSite,numberOfRobotsOnWhiteSite
32124,23,20
timeStep,numberOfRobotsOnBlackSite,numberOfRobotsOnWhiteSite
32125,23,20
timeStep,numberOfRobotsOnBlackSite,numberOfRobotsOnWhiteSite
32126,23,20
timeStep,numberOfRobotsOnBlackSite,numberOfRobotsOnWhiteSite
32127,23,20
timeStep,numberOfRobotsOnBlackSite,numberOfRobotsOnWhiteSite
32128,23,20
timeStep,numberOfRobotsOnBlackSite,numberOfRobotsOnWhiteSite
32129,23,20
timeStep,numberOfRobotsOnBlackSite,numberOfRobotsOnWhiteSite
32130,23,20
timeStep,numberOfRobotsOnBlackSite,numberOfRobotsOnWhiteSite
32131,23,20
timeStep,numberOfRobotsOnBlackSite,numberOfRobotsOnWhiteSite
32132,23,20
timeStep,numberOfRobotsOnBlackSite,numberOfRobotsOnWhiteSite
32133,23,20
timeStep,numberOfRobotsOnBlackSite,numberOfRobotsOnWhiteSite
32134,23,20
timeStep,numberOfRobotsOnBlackSite,numberOfRobotsOnWhiteSite
32135,23,20
timeStep,numberOfRobotsOnBlackSite,numberOfRobotsOnWhiteSite
32136,23,20
timeStep,numberOfRobotsOnBlackSite,numberOfRobotsOnWhiteSite
32137,23,20
timeStep,numberOfRobotsOnBlackSite,numberOfRobotsOnWhiteSite
32138,23,20
timeStep,numberOfRobotsOnBlackSite,numberOfRobotsOnWhiteSite
32139,23,20
timeStep,numberOfRobotsOnBlackSite,numberOfRobotsOnWhiteSite
32140,23,20
timeStep,numberOfRobotsOnBlackSite,numberOfRobotsOnWhiteSite
32141,23,20
timeStep,numberOfRobotsOnBlackSite,numberOfRobotsOnWhiteSite
32142,23,20
timeStep,numberOfRobotsOnBlackSite,numberOfRobotsOnWhiteSite
32143,23,20
timeStep,numberOfRobotsOnBlackSite,numberOfRobotsOnWhiteSite
32144,23,20
timeStep,numberOfRobotsOnBlackSite,numberOfRobotsOnWhiteSite
32145,23,20
timeStep,numberOfRobotsOnBlackSite,numberOfRobotsOnWhiteSite
32146,23,20
timeStep,numberOfRobotsOnBlackSite,numberOfRobotsOnWhiteSite
32147,23,20
timeStep,numberOfRobotsOnBlackSite,numberOfRobotsOnWhiteSite
32148,23,20
timeStep,numberOfRobotsOnBlackSite,numberOfRobotsOnWhiteSite
32149,23,20
timeStep,numberOfRobotsOnBlackSite,numberOfRobotsOnWhiteSite
32150,23,20
timeStep,numberOfRobotsOnBlackSite,numberOfRobotsOnWhiteSite
32151,23,20
timeStep,numberOfRobotsOnBlackSite,numberOfRobotsOnWhiteSite
32152,23,20
timeStep,numberOfRobotsOnBlackSite,numberOfRobotsOnWhiteSite
32153,23,20
timeStep,numberOfRobotsOnBlackSite,numberOfRobotsOnWhiteSite
32154,23,20
timeStep,numberOfRobotsOnBlackSite,numberOfRobotsOnWhiteSite
32155,23,20
timeStep,numberOfRobotsOnBlackSite,numberOfRobotsOnWhiteSite
32156,23,20
timeStep,numberOfRobotsOnBlackSite,numberOfRobotsOnWhiteSite
32157,23,20
timeStep,numberOfRobotsOnBlackSite,numberOfRobotsOnWhiteSite
32158,23,20
timeStep,numberOfRobotsOnBlackSite,numberOfRobotsOnWhiteSite
32159,23,20
timeStep,numberOfRobotsOnBlackSite,numberOfRobotsOnWhiteSite
32160,23,20
timeStep,numberOfRobotsOnBlackSite,numberOfRobotsOnWhiteSite
32161,23,20
timeStep,numberOfRobotsOnBlackSite,numberOfRobotsOnWhiteSite
32162,23,20
timeStep,numberOfRobotsOnBlackSite,numberOfRobotsOnWhiteSite
32163,23,20
timeStep,numberOfRobotsOnBlackSite,numberOfRobotsOnWhiteSite
32164,23,20
timeStep,numberOfRobotsOnBlackSite,numberOfRobotsOnWhiteSite
32165,23,20
timeStep,numberOfRobotsOnBlackSite,numberOfRobotsOnWhiteSite
32166,23,20
timeStep,numberOfRobotsOnBlackSite,numberOfRobotsOnWhiteSite
32167,23,20
timeStep,numberOfRobotsOnBlackSite,numberOfRobotsOnWhiteSite
32168,23,20
timeStep,numberOfRobotsOnBlackSite,numberOfRobotsOnWhiteSite
32169,23,20
timeStep,numberOfRobotsOnBlackSite,numberOfRobotsOnWhiteSite
32170,23,20
timeStep,numberOfRobotsOnBlackSite,numberOfRobotsOnWhiteSite
32171,23,20
timeStep,numberOfRobotsOnBlackSite,numberOfRobotsOnWhiteSite
32172,23,20
timeStep,numberOfRobotsOnBlackSite,numberOfRobotsOnWhiteSite
32173,23,20
timeStep,numberOfRobotsOnBlackSite,numberOfRobotsOnWhiteSite
32174,23,20
timeStep,numberOfRobotsOnBlackSite,numberOfRobotsOnWhiteSite
32175,23,20
timeStep,numberOfRobotsOnBlackSite,numberOfRobotsOnWhiteSite
32176,23,20
timeStep,numberOfRobotsOnBlackSite,numberOfRobotsOnWhiteSite
32177,23,20
timeStep,numberOfRobotsOnBlackSite,numberOfRobotsOnWhiteSite
32178,23,20
timeStep,numberOfRobotsOnBlackSite,numberOfRobotsOnWhiteSite
32179,23,20
timeStep,numberOfRobotsOnBlackSite,numberOfRobotsOnWhiteSite
32180,23,20
timeStep,numberOfRobotsOnBlackSite,numberOfRobotsOnWhiteSite
32181,23,20
timeStep,numberOfRobotsOnBlackSite,numberOfRobotsOnWhiteSite
32182,23,20
timeStep,numberOfRobotsOnBlackSite,numberOfRobotsOnWhiteSite
32183,23,20
timeStep,numberOfRobotsOnBlackSite,numberOfRobotsOnWhiteSite
32184,23,20
timeStep,numberOfRobotsOnBlackSite,numberOfRobotsOnWhiteSite
32185,23,20
timeStep,numberOfRobotsOnBlackSite,numberOfRobotsOnWhiteSite
32186,23,20
timeStep,numberOfRobotsOnBlackSite,numberOfRobotsOnWhiteSite
32187,23,20
timeStep,numberOfRobotsOnBlackSite,numberOfRobotsOnWhiteSite
32188,23,20
timeStep,numberOfRobotsOnBlackSite,numberOfRobotsOnWhiteSite
32189,23,20
timeStep,numberOfRobotsOnBlackSite,numberOfRobotsOnWhiteSite
32190,23,20
timeStep,numberOfRobotsOnBlackSite,numberOfRobotsOnWhiteSite
32191,23,20
timeStep,numberOfRobotsOnBlackSite,numberOfRobotsOnWhiteSite
32192,23,20
timeStep,numberOfRobotsOnBlackSite,numberOfRobotsOnWhiteSite
32193,23,20
timeStep,numberOfRobotsOnBlackSite,numberOfRobotsOnWhiteSite
32194,23,20
timeStep,numberOfRobotsOnBlackSite,numberOfRobotsOnWhiteSite
32195,23,20
timeStep,numberOfRobotsOnBlackSite,numberOfRobotsOnWhiteSite
32196,23,20
timeStep,numberOfRobotsOnBlackSite,numberOfRobotsOnWhiteSite
32197,23,20
timeStep,numberOfRobotsOnBlackSite,numberOfRobotsOnWhiteSite
32198,23,20
timeStep,numberOfRobotsOnBlackSite,numberOfRobotsOnWhiteSite
32199,23,20
timeStep,numberOfRobotsOnBlackSite,numberOfRobotsOnWhiteSite
32200,23,20
timeStep,numberOfRobotsOnBlackSite,numberOfRobotsOnWhiteSite
32201,23,20
timeStep,numberOfRobotsOnBlackSite,numberOfRobotsOnWhiteSite
32202,23,20
timeStep,numberOfRobotsOnBlackSite,numberOfRobotsOnWhiteSite
32203,23,20
timeStep,numberOfRobotsOnBlackSite,numberOfRobotsOnWhiteSite
32204,23,20
timeStep,numberOfRobotsOnBlackSite,numberOfRobotsOnWhiteSite
32205,23,20
timeStep,numberOfRobotsOnBlackSite,numberOfRobotsOnWhiteSite
32206,23,20
timeStep,numberOfRobotsOnBlackSite,numberOfRobotsOnWhiteSite
32207,23,20
timeStep,numberOfRobotsOnBlackSite,numberOfRobotsOnWhiteSite
32208,23,20
timeStep,numberOfRobotsOnBlackSite,numberOfRobotsOnWhiteSite
32209,23,20
timeStep,numberOfRobotsOnBlackSite,numberOfRobotsOnWhiteSite
32210,23,20
timeStep,numberOfRobotsOnBlackSite,numberOfRobotsOnWhiteSite
32211,23,20
timeStep,numberOfRobotsOnBlackSite,numberOfRobotsOnWhiteSite
32212,23,20
timeStep,numberOfRobotsOnBlackSite,numberOfRobotsOnWhiteSite
32213,23,20
timeStep,numberOfRobotsOnBlackSite,numberOfRobotsOnWhiteSite
32214,23,20
timeStep,numberOfRobotsOnBlackSite,numberOfRobotsOnWhiteSite
32215,23,20
timeStep,numberOfRobotsOnBlackSite,numberOfRobotsOnWhiteSite
32216,23,20
timeStep,numberOfRobotsOnBlackSite,numberOfRobotsOnWhiteSite
32217,23,20
timeStep,numberOfRobotsOnBlackSite,numberOfRobotsOnWhiteSite
32218,23,20
timeStep,numberOfRobotsOnBlackSite,numberOfRobotsOnWhiteSite
32219,23,20
timeStep,numberOfRobotsOnBlackSite,numberOfRobotsOnWhiteSite
32220,23,20
timeStep,numberOfRobotsOnBlackSite,numberOfRobotsOnWhiteSite
32221,23,20
timeStep,numberOfRobotsOnBlackSite,numberOfRobotsOnWhiteSite
32222,23,20
timeStep,numberOfRobotsOnBlackSite,numberOfRobotsOnWhiteSite
32223,23,20
timeStep,numberOfRobotsOnBlackSite,numberOfRobotsOnWhiteSite
32224,23,20
timeStep,numberOfRobotsOnBlackSite,numberOfRobotsOnWhiteSite
32225,23,20
timeStep,numberOfRobotsOnBlackSite,numberOfRobotsOnWhiteSite
32226,23,20
timeStep,numberOfRobotsOnBlackSite,numberOfRobotsOnWhiteSite
32227,23,20
timeStep,numberOfRobotsOnBlackSite,numberOfRobotsOnWhiteSite
32228,23,20
timeStep,numberOfRobotsOnBlackSite,numberOfRobotsOnWhiteSite
32229,23,20
timeStep,numberOfRobotsOnBlackSite,numberOfRobotsOnWhiteSite
32230,23,20
timeStep,numberOfRobotsOnBlackSite,numberOfRobotsOnWhiteSite
32231,23,20
timeStep,numberOfRobotsOnBlackSite,numberOfRobotsOnWhiteSite
32232,23,20
timeStep,numberOfRobotsOnBlackSite,numberOfRobotsOnWhiteSite
32233,23,20
timeStep,numberOfRobotsOnBlackSite,numberOfRobotsOnWhiteSite
32234,23,20
timeStep,numberOfRobotsOnBlackSite,numberOfRobotsOnWhiteSite
32235,23,20
timeStep,numberOfRobotsOnBlackSite,numberOfRobotsOnWhiteSite
32236,23,20
timeStep,numberOfRobotsOnBlackSite,numberOfRobotsOnWhiteSite
32237,23,20
timeStep,numberOfRobotsOnBlackSite,numberOfRobotsOnWhiteSite
32238,23,20
timeStep,numberOfRobotsOnBlackSite,numberOfRobotsOnWhiteSite
32239,23,20
timeStep,numberOfRobotsOnBlackSite,numberOfRobotsOnWhiteSite
32240,23,20
timeStep,numberOfRobotsOnBlackSite,numberOfRobotsOnWhiteSite
32241,23,20
timeStep,numberOfRobotsOnBlackSite,numberOfRobotsOnWhiteSite
32242,23,20
timeStep,numberOfRobotsOnBlackSite,numberOfRobotsOnWhiteSite
32243,23,20
timeStep,numberOfRobotsOnBlackSite,numberOfRobotsOnWhiteSite
32244,23,20
timeStep,numberOfRobotsOnBlackSite,numberOfRobotsOnWhiteSite
32245,23,20
timeStep,numberOfRobotsOnBlackSite,numberOfRobotsOnWhiteSite
32246,23,20
timeStep,numberOfRobotsOnBlackSite,numberOfRobotsOnWhiteSite
32247,23,20
timeStep,numberOfRobotsOnBlackSite,numberOfRobotsOnWhiteSite
32248,23,20
timeStep,numberOfRobotsOnBlackSite,numberOfRobotsOnWhiteSite
32249,23,20
timeStep,numberOfRobotsOnBlackSite,numberOfRobotsOnWhiteSite
32250,23,20
timeStep,numberOfRobotsOnBlackSite,numberOfRobotsOnWhiteSite
32251,23,20
timeStep,numberOfRobotsOnBlackSite,numberOfRobotsOnWhiteSite
32252,23,20
timeStep,numberOfRobotsOnBlackSite,numberOfRobotsOnWhiteSite
32253,23,20
timeStep,numberOfRobotsOnBlackSite,numberOfRobotsOnWhiteSite
32254,23,20
timeStep,numberOfRobotsOnBlackSite,numberOfRobotsOnWhiteSite
32255,23,20
timeStep,numberOfRobotsOnBlackSite,numberOfRobotsOnWhiteSite
32256,23,20
timeStep,numberOfRobotsOnBlackSite,numberOfRobotsOnWhiteSite
32257,23,20
timeStep,numberOfRobotsOnBlackSite,numberOfRobotsOnWhiteSite
32258,23,20
timeStep,numberOfRobotsOnBlackSite,numberOfRobotsOnWhiteSite
32259,23,20
timeStep,numberOfRobotsOnBlackSite,numberOfRobotsOnWhiteSite
32260,23,20
timeStep,numberOfRobotsOnBlackSite,numberOfRobotsOnWhiteSite
32261,23,20
timeStep,numberOfRobotsOnBlackSite,numberOfRobotsOnWhiteSite
32262,23,20
timeStep,numberOfRobotsOnBlackSite,numberOfRobotsOnWhiteSite
32263,23,20
timeStep,numberOfRobotsOnBlackSite,numberOfRobotsOnWhiteSite
32264,23,20
timeStep,numberOfRobotsOnBlackSite,numberOfRobotsOnWhiteSite
32265,23,20
timeStep,numberOfRobotsOnBlackSite,numberOfRobotsOnWhiteSite
32266,23,20
timeStep,numberOfRobotsOnBlackSite,numberOfRobotsOnWhiteSite
32267,23,20
timeStep,numberOfRobotsOnBlackSite,numberOfRobotsOnWhiteSite
32268,23,20
timeStep,numberOfRobotsOnBlackSite,numberOfRobotsOnWhiteSite
32269,23,20
timeStep,numberOfRobotsOnBlackSite,numberOfRobotsOnWhiteSite
32270,23,20
timeStep,numberOfRobotsOnBlackSite,numberOfRobotsOnWhiteSite
32271,23,20
timeStep,numberOfRobotsOnBlackSite,numberOfRobotsOnWhiteSite
32272,23,20
timeStep,numberOfRobotsOnBlackSite,numberOfRobotsOnWhiteSite
32273,23,20
timeStep,numberOfRobotsOnBlackSite,numberOfRobotsOnWhiteSite
32274,23,20
timeStep,numberOfRobotsOnBlackSite,numberOfRobotsOnWhiteSite
32275,23,20
timeStep,numberOfRobotsOnBlackSite,numberOfRobotsOnWhiteSite
32276,23,20
timeStep,numberOfRobotsOnBlackSite,numberOfRobotsOnWhiteSite
32277,23,20
timeStep,numberOfRobotsOnBlackSite,numberOfRobotsOnWhiteSite
32278,23,20
timeStep,numberOfRobotsOnBlackSite,numberOfRobotsOnWhiteSite
32279,23,20
timeStep,numberOfRobotsOnBlackSite,numberOfRobotsOnWhiteSite
32280,23,20
timeStep,numberOfRobotsOnBlackSite,numberOfRobotsOnWhiteSite
32281,23,20
timeStep,numberOfRobotsOnBlackSite,numberOfRobotsOnWhiteSite
32282,23,20
timeStep,numberOfRobotsOnBlackSite,numberOfRobotsOnWhiteSite
32283,23,20
timeStep,numberOfRobotsOnBlackSite,numberOfRobotsOnWhiteSite
32284,23,20
timeStep,numberOfRobotsOnBlackSite,numberOfRobotsOnWhiteSite
32285,23,20
timeStep,numberOfRobotsOnBlackSite,numberOfRobotsOnWhiteSite
32286,23,20
timeStep,numberOfRobotsOnBlackSite,numberOfRobotsOnWhiteSite
32287,23,20
timeStep,numberOfRobotsOnBlackSite,numberOfRobotsOnWhiteSite
32288,23,20
timeStep,numberOfRobotsOnBlackSite,numberOfRobotsOnWhiteSite
32289,23,20
timeStep,numberOfRobotsOnBlackSite,numberOfRobotsOnWhiteSite
32290,23,20
timeStep,numberOfRobotsOnBlackSite,numberOfRobotsOnWhiteSite
32291,23,20
timeStep,numberOfRobotsOnBlackSite,numberOfRobotsOnWhiteSite
32292,23,20
timeStep,numberOfRobotsOnBlackSite,numberOfRobotsOnWhiteSite
32293,23,20
timeStep,numberOfRobotsOnBlackSite,numberOfRobotsOnWhiteSite
32294,23,20
timeStep,numberOfRobotsOnBlackSite,numberOfRobotsOnWhiteSite
32295,23,20
timeStep,numberOfRobotsOnBlackSite,numberOfRobotsOnWhiteSite
32296,23,20
timeStep,numberOfRobotsOnBlackSite,numberOfRobotsOnWhiteSite
32297,23,20
timeStep,numberOfRobotsOnBlackSite,numberOfRobotsOnWhiteSite
32298,23,20
timeStep,numberOfRobotsOnBlackSite,numberOfRobotsOnWhiteSite
32299,23,20
timeStep,numberOfRobotsOnBlackSite,numberOfRobotsOnWhiteSite
32300,23,20
timeStep,numberOfRobotsOnBlackSite,numberOfRobotsOnWhiteSite
32301,23,20
timeStep,numberOfRobotsOnBlackSite,numberOfRobotsOnWhiteSite
32302,23,20
timeStep,numberOfRobotsOnBlackSite,numberOfRobotsOnWhiteSite
32303,23,20
timeStep,numberOfRobotsOnBlackSite,numberOfRobotsOnWhiteSite
32304,23,20
timeStep,numberOfRobotsOnBlackSite,numberOfRobotsOnWhiteSite
32305,23,20
timeStep,numberOfRobotsOnBlackSite,numberOfRobotsOnWhiteSite
32306,23,20
timeStep,numberOfRobotsOnBlackSite,numberOfRobotsOnWhiteSite
32307,23,20
timeStep,numberOfRobotsOnBlackSite,numberOfRobotsOnWhiteSite
32308,23,20
timeStep,numberOfRobotsOnBlackSite,numberOfRobotsOnWhiteSite
32309,23,20
timeStep,numberOfRobotsOnBlackSite,numberOfRobotsOnWhiteSite
32310,23,20
timeStep,numberOfRobotsOnBlackSite,numberOfRobotsOnWhiteSite
32311,23,20
timeStep,numberOfRobotsOnBlackSite,numberOfRobotsOnWhiteSite
32312,23,20
timeStep,numberOfRobotsOnBlackSite,numberOfRobotsOnWhiteSite
32313,23,20
timeStep,numberOfRobotsOnBlackSite,numberOfRobotsOnWhiteSite
32314,23,20
timeStep,numberOfRobotsOnBlackSite,numberOfRobotsOnWhiteSite
32315,23,20
timeStep,numberOfRobotsOnBlackSite,numberOfRobotsOnWhiteSite
32316,23,20
timeStep,numberOfRobotsOnBlackSite,numberOfRobotsOnWhiteSite
32317,23,20
timeStep,numberOfRobotsOnBlackSite,numberOfRobotsOnWhiteSite
32318,23,20
timeStep,numberOfRobotsOnBlackSite,numberOfRobotsOnWhiteSite
32319,23,20
timeStep,numberOfRobotsOnBlackSite,numberOfRobotsOnWhiteSite
32320,23,20
timeStep,numberOfRobotsOnBlackSite,numberOfRobotsOnWhiteSite
32321,23,20
timeStep,numberOfRobotsOnBlackSite,numberOfRobotsOnWhiteSite
32322,23,20
timeStep,numberOfRobotsOnBlackSite,numberOfRobotsOnWhiteSite
32323,23,20
timeStep,numberOfRobotsOnBlackSite,numberOfRobotsOnWhiteSite
32324,23,20
timeStep,numberOfRobotsOnBlackSite,numberOfRobotsOnWhiteSite
32325,23,20
timeStep,numberOfRobotsOnBlackSite,numberOfRobotsOnWhiteSite
32326,23,20
timeStep,numberOfRobotsOnBlackSite,numberOfRobotsOnWhiteSite
32327,23,20
timeStep,numberOfRobotsOnBlackSite,numberOfRobotsOnWhiteSite
32328,23,20
timeStep,numberOfRobotsOnBlackSite,numberOfRobotsOnWhiteSite
32329,23,20
timeStep,numberOfRobotsOnBlackSite,numberOfRobotsOnWhiteSite
32330,23,20
timeStep,numberOfRobotsOnBlackSite,numberOfRobotsOnWhiteSite
32331,23,20
timeStep,numberOfRobotsOnBlackSite,numberOfRobotsOnWhiteSite
32332,23,20
timeStep,numberOfRobotsOnBlackSite,numberOfRobotsOnWhiteSite
32333,23,20
timeStep,numberOfRobotsOnBlackSite,numberOfRobotsOnWhiteSite
32334,23,20
timeStep,numberOfRobotsOnBlackSite,numberOfRobotsOnWhiteSite
32335,23,20
timeStep,numberOfRobotsOnBlackSite,numberOfRobotsOnWhiteSite
32336,23,20
timeStep,numberOfRobotsOnBlackSite,numberOfRobotsOnWhiteSite
32337,23,20
timeStep,numberOfRobotsOnBlackSite,numberOfRobotsOnWhiteSite
32338,23,20
timeStep,numberOfRobotsOnBlackSite,numberOfRobotsOnWhiteSite
32339,23,20
timeStep,numberOfRobotsOnBlackSite,numberOfRobotsOnWhiteSite
32340,23,20
timeStep,numberOfRobotsOnBlackSite,numberOfRobotsOnWhiteSite
32341,23,20
timeStep,numberOfRobotsOnBlackSite,numberOfRobotsOnWhiteSite
32342,23,20
timeStep,numberOfRobotsOnBlackSite,numberOfRobotsOnWhiteSite
32343,23,20
timeStep,numberOfRobotsOnBlackSite,numberOfRobotsOnWhiteSite
32344,23,20
timeStep,numberOfRobotsOnBlackSite,numberOfRobotsOnWhiteSite
32345,23,20
timeStep,numberOfRobotsOnBlackSite,numberOfRobotsOnWhiteSite
32346,23,20
timeStep,numberOfRobotsOnBlackSite,numberOfRobotsOnWhiteSite
32347,23,20
timeStep,numberOfRobotsOnBlackSite,numberOfRobotsOnWhiteSite
32348,23,20
timeStep,numberOfRobotsOnBlackSite,numberOfRobotsOnWhiteSite
32349,23,20
timeStep,numberOfRobotsOnBlackSite,numberOfRobotsOnWhiteSite
32350,23,20
timeStep,numberOfRobotsOnBlackSite,numberOfRobotsOnWhiteSite
32351,23,20
timeStep,numberOfRobotsOnBlackSite,numberOfRobotsOnWhiteSite
32352,23,20
timeStep,numberOfRobotsOnBlackSite,numberOfRobotsOnWhiteSite
32353,23,20
timeStep,numberOfRobotsOnBlackSite,numberOfRobotsOnWhiteSite
32354,23,20
timeStep,numberOfRobotsOnBlackSite,numberOfRobotsOnWhiteSite
32355,23,20
timeStep,numberOfRobotsOnBlackSite,numberOfRobotsOnWhiteSite
32356,23,20
timeStep,numberOfRobotsOnBlackSite,numberOfRobotsOnWhiteSite
32357,23,20
timeStep,numberOfRobotsOnBlackSite,numberOfRobotsOnWhiteSite
32358,23,20
timeStep,numberOfRobotsOnBlackSite,numberOfRobotsOnWhiteSite
32359,23,20
timeStep,numberOfRobotsOnBlackSite,numberOfRobotsOnWhiteSite
32360,23,20
timeStep,numberOfRobotsOnBlackSite,numberOfRobotsOnWhiteSite
32361,23,20
timeStep,numberOfRobotsOnBlackSite,numberOfRobotsOnWhiteSite
32362,23,20
timeStep,numberOfRobotsOnBlackSite,numberOfRobotsOnWhiteSite
32363,23,20
timeStep,numberOfRobotsOnBlackSite,numberOfRobotsOnWhiteSite
32364,23,20
timeStep,numberOfRobotsOnBlackSite,numberOfRobotsOnWhiteSite
32365,23,20
timeStep,numberOfRobotsOnBlackSite,numberOfRobotsOnWhiteSite
32366,23,20
timeStep,numberOfRobotsOnBlackSite,numberOfRobotsOnWhiteSite
32367,23,20
timeStep,numberOfRobotsOnBlackSite,numberOfRobotsOnWhiteSite
32368,23,20
timeStep,numberOfRobotsOnBlackSite,numberOfRobotsOnWhiteSite
32369,23,20
timeStep,numberOfRobotsOnBlackSite,numberOfRobotsOnWhiteSite
32370,23,20
timeStep,numberOfRobotsOnBlackSite,numberOfRobotsOnWhiteSite
32371,23,20
timeStep,numberOfRobotsOnBlackSite,numberOfRobotsOnWhiteSite
32372,23,20
timeStep,numberOfRobotsOnBlackSite,numberOfRobotsOnWhiteSite
32373,23,20
timeStep,numberOfRobotsOnBlackSite,numberOfRobotsOnWhiteSite
32374,23,20
timeStep,numberOfRobotsOnBlackSite,numberOfRobotsOnWhiteSite
32375,23,20
timeStep,numberOfRobotsOnBlackSite,numberOfRobotsOnWhiteSite
32376,23,20
timeStep,numberOfRobotsOnBlackSite,numberOfRobotsOnWhiteSite
32377,23,20
timeStep,numberOfRobotsOnBlackSite,numberOfRobotsOnWhiteSite
32378,23,20
timeStep,numberOfRobotsOnBlackSite,numberOfRobotsOnWhiteSite
32379,23,20
timeStep,numberOfRobotsOnBlackSite,numberOfRobotsOnWhiteSite
32380,23,20
timeStep,numberOfRobotsOnBlackSite,numberOfRobotsOnWhiteSite
32381,23,20
timeStep,numberOfRobotsOnBlackSite,numberOfRobotsOnWhiteSite
32382,23,20
timeStep,numberOfRobotsOnBlackSite,numberOfRobotsOnWhiteSite
32383,23,20
timeStep,numberOfRobotsOnBlackSite,numberOfRobotsOnWhiteSite
32384,23,20
timeStep,numberOfRobotsOnBlackSite,numberOfRobotsOnWhiteSite
32385,23,20
timeStep,numberOfRobotsOnBlackSite,numberOfRobotsOnWhiteSite
32386,23,20
timeStep,numberOfRobotsOnBlackSite,numberOfRobotsOnWhiteSite
32387,23,20
timeStep,numberOfRobotsOnBlackSite,numberOfRobotsOnWhiteSite
32388,23,20
timeStep,numberOfRobotsOnBlackSite,numberOfRobotsOnWhiteSite
32389,23,20
timeStep,numberOfRobotsOnBlackSite,numberOfRobotsOnWhiteSite
32390,23,20
timeStep,numberOfRobotsOnBlackSite,numberOfRobotsOnWhiteSite
32391,23,20
timeStep,numberOfRobotsOnBlackSite,numberOfRobotsOnWhiteSite
32392,23,20
timeStep,numberOfRobotsOnBlackSite,numberOfRobotsOnWhiteSite
32393,23,20
timeStep,numberOfRobotsOnBlackSite,numberOfRobotsOnWhiteSite
32394,23,20
timeStep,numberOfRobotsOnBlackSite,numberOfRobotsOnWhiteSite
32395,23,20
timeStep,numberOfRobotsOnBlackSite,numberOfRobotsOnWhiteSite
32396,23,20
timeStep,numberOfRobotsOnBlackSite,numberOfRobotsOnWhiteSite
32397,23,20
timeStep,numberOfRobotsOnBlackSite,numberOfRobotsOnWhiteSite
32398,23,20
timeStep,numberOfRobotsOnBlackSite,numberOfRobotsOnWhiteSite
32399,23,20
timeStep,numberOfRobotsOnBlackSite,numberOfRobotsOnWhiteSite
32400,23,20
timeStep,numberOfRobotsOnBlackSite,numberOfRobotsOnWhiteSite
32401,23,20
timeStep,numberOfRobotsOnBlackSite,numberOfRobotsOnWhiteSite
32402,23,20
timeStep,numberOfRobotsOnBlackSite,numberOfRobotsOnWhiteSite
32403,23,20
timeStep,numberOfRobotsOnBlackSite,numberOfRobotsOnWhiteSite
32404,23,20
timeStep,numberOfRobotsOnBlackSite,numberOfRobotsOnWhiteSite
32405,23,20
timeStep,numberOfRobotsOnBlackSite,numberOfRobotsOnWhiteSite
32406,23,20
timeStep,numberOfRobotsOnBlackSite,numberOfRobotsOnWhiteSite
32407,23,20
timeStep,numberOfRobotsOnBlackSite,numberOfRobotsOnWhiteSite
32408,23,20
timeStep,numberOfRobotsOnBlackSite,numberOfRobotsOnWhiteSite
32409,23,20
timeStep,numberOfRobotsOnBlackSite,numberOfRobotsOnWhiteSite
32410,23,20
timeStep,numberOfRobotsOnBlackSite,numberOfRobotsOnWhiteSite
32411,23,20
timeStep,numberOfRobotsOnBlackSite,numberOfRobotsOnWhiteSite
32412,23,20
timeStep,numberOfRobotsOnBlackSite,numberOfRobotsOnWhiteSite
32413,23,20
timeStep,numberOfRobotsOnBlackSite,numberOfRobotsOnWhiteSite
32414,23,20
timeStep,numberOfRobotsOnBlackSite,numberOfRobotsOnWhiteSite
32415,23,20
timeStep,numberOfRobotsOnBlackSite,numberOfRobotsOnWhiteSite
32416,23,20
timeStep,numberOfRobotsOnBlackSite,numberOfRobotsOnWhiteSite
32417,23,20
timeStep,numberOfRobotsOnBlackSite,numberOfRobotsOnWhiteSite
32418,23,20
timeStep,numberOfRobotsOnBlackSite,numberOfRobotsOnWhiteSite
32419,23,20
timeStep,numberOfRobotsOnBlackSite,numberOfRobotsOnWhiteSite
32420,23,20
timeStep,numberOfRobotsOnBlackSite,numberOfRobotsOnWhiteSite
32421,23,20
timeStep,numberOfRobotsOnBlackSite,numberOfRobotsOnWhiteSite
32422,23,20
timeStep,numberOfRobotsOnBlackSite,numberOfRobotsOnWhiteSite
32423,23,20
timeStep,numberOfRobotsOnBlackSite,numberOfRobotsOnWhiteSite
32424,23,20
timeStep,numberOfRobotsOnBlackSite,numberOfRobotsOnWhiteSite
32425,23,20
timeStep,numberOfRobotsOnBlackSite,numberOfRobotsOnWhiteSite
32426,23,20
timeStep,numberOfRobotsOnBlackSite,numberOfRobotsOnWhiteSite
32427,23,20
timeStep,numberOfRobotsOnBlackSite,numberOfRobotsOnWhiteSite
32428,23,20
timeStep,numberOfRobotsOnBlackSite,numberOfRobotsOnWhiteSite
32429,23,20
timeStep,numberOfRobotsOnBlackSite,numberOfRobotsOnWhiteSite
32430,23,20
timeStep,numberOfRobotsOnBlackSite,numberOfRobotsOnWhiteSite
32431,23,20
timeStep,numberOfRobotsOnBlackSite,numberOfRobotsOnWhiteSite
32432,23,20
timeStep,numberOfRobotsOnBlackSite,numberOfRobotsOnWhiteSite
32433,23,20
timeStep,numberOfRobotsOnBlackSite,numberOfRobotsOnWhiteSite
32434,23,20
timeStep,numberOfRobotsOnBlackSite,numberOfRobotsOnWhiteSite
32435,23,20
timeStep,numberOfRobotsOnBlackSite,numberOfRobotsOnWhiteSite
32436,23,20
timeStep,numberOfRobotsOnBlackSite,numberOfRobotsOnWhiteSite
32437,23,20
timeStep,numberOfRobotsOnBlackSite,numberOfRobotsOnWhiteSite
32438,23,20
timeStep,numberOfRobotsOnBlackSite,numberOfRobotsOnWhiteSite
32439,23,20
timeStep,numberOfRobotsOnBlackSite,numberOfRobotsOnWhiteSite
32440,23,20
timeStep,numberOfRobotsOnBlackSite,numberOfRobotsOnWhiteSite
32441,23,20
timeStep,numberOfRobotsOnBlackSite,numberOfRobotsOnWhiteSite
32442,23,20
timeStep,numberOfRobotsOnBlackSite,numberOfRobotsOnWhiteSite
32443,23,20
timeStep,numberOfRobotsOnBlackSite,numberOfRobotsOnWhiteSite
32444,23,20
timeStep,numberOfRobotsOnBlackSite,numberOfRobotsOnWhiteSite
32445,23,20
timeStep,numberOfRobotsOnBlackSite,numberOfRobotsOnWhiteSite
32446,23,20
timeStep,numberOfRobotsOnBlackSite,numberOfRobotsOnWhiteSite
32447,23,20
timeStep,numberOfRobotsOnBlackSite,numberOfRobotsOnWhiteSite
32448,23,20
timeStep,numberOfRobotsOnBlackSite,numberOfRobotsOnWhiteSite
32449,23,20
timeStep,numberOfRobotsOnBlackSite,numberOfRobotsOnWhiteSite
32450,23,20
timeStep,numberOfRobotsOnBlackSite,numberOfRobotsOnWhiteSite
32451,23,20
timeStep,numberOfRobotsOnBlackSite,numberOfRobotsOnWhiteSite
32452,23,20
timeStep,numberOfRobotsOnBlackSite,numberOfRobotsOnWhiteSite
32453,23,20
timeStep,numberOfRobotsOnBlackSite,numberOfRobotsOnWhiteSite
32454,23,20
timeStep,numberOfRobotsOnBlackSite,numberOfRobotsOnWhiteSite
32455,23,20
timeStep,numberOfRobotsOnBlackSite,numberOfRobotsOnWhiteSite
32456,23,20
timeStep,numberOfRobotsOnBlackSite,numberOfRobotsOnWhiteSite
32457,23,20
timeStep,numberOfRobotsOnBlackSite,numberOfRobotsOnWhiteSite
32458,23,20
timeStep,numberOfRobotsOnBlackSite,numberOfRobotsOnWhiteSite
32459,23,20
timeStep,numberOfRobotsOnBlackSite,numberOfRobotsOnWhiteSite
32460,23,20
timeStep,numberOfRobotsOnBlackSite,numberOfRobotsOnWhiteSite
32461,23,20
timeStep,numberOfRobotsOnBlackSite,numberOfRobotsOnWhiteSite
32462,23,20
timeStep,numberOfRobotsOnBlackSite,numberOfRobotsOnWhiteSite
32463,23,20
timeStep,numberOfRobotsOnBlackSite,numberOfRobotsOnWhiteSite
32464,23,20
timeStep,numberOfRobotsOnBlackSite,numberOfRobotsOnWhiteSite
32465,23,20
timeStep,numberOfRobotsOnBlackSite,numberOfRobotsOnWhiteSite
32466,23,20
timeStep,numberOfRobotsOnBlackSite,numberOfRobotsOnWhiteSite
32467,23,20
timeStep,numberOfRobotsOnBlackSite,numberOfRobotsOnWhiteSite
32468,23,20
timeStep,numberOfRobotsOnBlackSite,numberOfRobotsOnWhiteSite
32469,23,20
timeStep,numberOfRobotsOnBlackSite,numberOfRobotsOnWhiteSite
32470,23,20
timeStep,numberOfRobotsOnBlackSite,numberOfRobotsOnWhiteSite
32471,23,20
timeStep,numberOfRobotsOnBlackSite,numberOfRobotsOnWhiteSite
32472,23,20
timeStep,numberOfRobotsOnBlackSite,numberOfRobotsOnWhiteSite
32473,23,20
timeStep,numberOfRobotsOnBlackSite,numberOfRobotsOnWhiteSite
32474,23,20
timeStep,numberOfRobotsOnBlackSite,numberOfRobotsOnWhiteSite
32475,23,20
timeStep,numberOfRobotsOnBlackSite,numberOfRobotsOnWhiteSite
32476,23,20
timeStep,numberOfRobotsOnBlackSite,numberOfRobotsOnWhiteSite
32477,23,20
timeStep,numberOfRobotsOnBlackSite,numberOfRobotsOnWhiteSite
32478,23,20
timeStep,numberOfRobotsOnBlackSite,numberOfRobotsOnWhiteSite
32479,23,20
timeStep,numberOfRobotsOnBlackSite,numberOfRobotsOnWhiteSite
32480,23,20
timeStep,numberOfRobotsOnBlackSite,numberOfRobotsOnWhiteSite
32481,23,20
timeStep,numberOfRobotsOnBlackSite,numberOfRobotsOnWhiteSite
32482,23,20
timeStep,numberOfRobotsOnBlackSite,numberOfRobotsOnWhiteSite
32483,23,20
timeStep,numberOfRobotsOnBlackSite,numberOfRobotsOnWhiteSite
32484,23,20
timeStep,numberOfRobotsOnBlackSite,numberOfRobotsOnWhiteSite
32485,23,20
timeStep,numberOfRobotsOnBlackSite,numberOfRobotsOnWhiteSite
32486,23,20
timeStep,numberOfRobotsOnBlackSite,numberOfRobotsOnWhiteSite
32487,23,20
timeStep,numberOfRobotsOnBlackSite,numberOfRobotsOnWhiteSite
32488,23,20
timeStep,numberOfRobotsOnBlackSite,numberOfRobotsOnWhiteSite
32489,23,20
timeStep,numberOfRobotsOnBlackSite,numberOfRobotsOnWhiteSite
32490,23,20
timeStep,numberOfRobotsOnBlackSite,numberOfRobotsOnWhiteSite
32491,23,20
timeStep,numberOfRobotsOnBlackSite,numberOfRobotsOnWhiteSite
32492,23,20
timeStep,numberOfRobotsOnBlackSite,numberOfRobotsOnWhiteSite
32493,23,20
timeStep,numberOfRobotsOnBlackSite,numberOfRobotsOnWhiteSite
32494,23,20
timeStep,numberOfRobotsOnBlackSite,numberOfRobotsOnWhiteSite
32495,23,20
timeStep,numberOfRobotsOnBlackSite,numberOfRobotsOnWhiteSite
32496,23,20
timeStep,numberOfRobotsOnBlackSite,numberOfRobotsOnWhiteSite
32497,23,20
timeStep,numberOfRobotsOnBlackSite,numberOfRobotsOnWhiteSite
32498,23,20
timeStep,numberOfRobotsOnBlackSite,numberOfRobotsOnWhiteSite
32499,23,20
timeStep,numberOfRobotsOnBlackSite,numberOfRobotsOnWhiteSite
32500,23,20
timeStep,numberOfRobotsOnBlackSite,numberOfRobotsOnWhiteSite
32501,23,20
timeStep,numberOfRobotsOnBlackSite,numberOfRobotsOnWhiteSite
32502,23,20
timeStep,numberOfRobotsOnBlackSite,numberOfRobotsOnWhiteSite
32503,23,20
timeStep,numberOfRobotsOnBlackSite,numberOfRobotsOnWhiteSite
32504,23,20
timeStep,numberOfRobotsOnBlackSite,numberOfRobotsOnWhiteSite
32505,23,20
timeStep,numberOfRobotsOnBlackSite,numberOfRobotsOnWhiteSite
32506,23,20
timeStep,numberOfRobotsOnBlackSite,numberOfRobotsOnWhiteSite
32507,23,20
timeStep,numberOfRobotsOnBlackSite,numberOfRobotsOnWhiteSite
32508,23,20
timeStep,numberOfRobotsOnBlackSite,numberOfRobotsOnWhiteSite
32509,23,20
timeStep,numberOfRobotsOnBlackSite,numberOfRobotsOnWhiteSite
32510,23,20
timeStep,numberOfRobotsOnBlackSite,numberOfRobotsOnWhiteSite
32511,23,20
timeStep,numberOfRobotsOnBlackSite,numberOfRobotsOnWhiteSite
32512,23,20
timeStep,numberOfRobotsOnBlackSite,numberOfRobotsOnWhiteSite
32513,23,20
timeStep,numberOfRobotsOnBlackSite,numberOfRobotsOnWhiteSite
32514,23,20
timeStep,numberOfRobotsOnBlackSite,numberOfRobotsOnWhiteSite
32515,24,20
timeStep,numberOfRobotsOnBlackSite,numberOfRobotsOnWhiteSite
32516,24,20
timeStep,numberOfRobotsOnBlackSite,numberOfRobotsOnWhiteSite
32517,24,20
timeStep,numberOfRobotsOnBlackSite,numberOfRobotsOnWhiteSite
32518,24,20
timeStep,numberOfRobotsOnBlackSite,numberOfRobotsOnWhiteSite
32519,24,20
timeStep,numberOfRobotsOnBlackSite,numberOfRobotsOnWhiteSite
32520,24,20
timeStep,numberOfRobotsOnBlackSite,numberOfRobotsOnWhiteSite
32521,24,20
timeStep,numberOfRobotsOnBlackSite,numberOfRobotsOnWhiteSite
32522,24,20
timeStep,numberOfRobotsOnBlackSite,numberOfRobotsOnWhiteSite
32523,24,20
timeStep,numberOfRobotsOnBlackSite,numberOfRobotsOnWhiteSite
32524,24,20
timeStep,numberOfRobotsOnBlackSite,numberOfRobotsOnWhiteSite
32525,24,20
timeStep,numberOfRobotsOnBlackSite,numberOfRobotsOnWhiteSite
32526,24,20
timeStep,numberOfRobotsOnBlackSite,numberOfRobotsOnWhiteSite
32527,24,20
timeStep,numberOfRobotsOnBlackSite,numberOfRobotsOnWhiteSite
32528,24,20
timeStep,numberOfRobotsOnBlackSite,numberOfRobotsOnWhiteSite
32529,24,20
timeStep,numberOfRobotsOnBlackSite,numberOfRobotsOnWhiteSite
32530,24,20
timeStep,numberOfRobotsOnBlackSite,numberOfRobotsOnWhiteSite
32531,24,20
timeStep,numberOfRobotsOnBlackSite,numberOfRobotsOnWhiteSite
32532,24,20
timeStep,numberOfRobotsOnBlackSite,numberOfRobotsOnWhiteSite
32533,24,20
timeStep,numberOfRobotsOnBlackSite,numberOfRobotsOnWhiteSite
32534,24,20
timeStep,numberOfRobotsOnBlackSite,numberOfRobotsOnWhiteSite
32535,24,20
timeStep,numberOfRobotsOnBlackSite,numberOfRobotsOnWhiteSite
32536,24,20
timeStep,numberOfRobotsOnBlackSite,numberOfRobotsOnWhiteSite
32537,24,20
timeStep,numberOfRobotsOnBlackSite,numberOfRobotsOnWhiteSite
32538,24,20
timeStep,numberOfRobotsOnBlackSite,numberOfRobotsOnWhiteSite
32539,24,20
timeStep,numberOfRobotsOnBlackSite,numberOfRobotsOnWhiteSite
32540,24,20
timeStep,numberOfRobotsOnBlackSite,numberOfRobotsOnWhiteSite
32541,24,20
timeStep,numberOfRobotsOnBlackSite,numberOfRobotsOnWhiteSite
32542,24,20
timeStep,numberOfRobotsOnBlackSite,numberOfRobotsOnWhiteSite
32543,24,20
timeStep,numberOfRobotsOnBlackSite,numberOfRobotsOnWhiteSite
32544,24,20
timeStep,numberOfRobotsOnBlackSite,numberOfRobotsOnWhiteSite
32545,24,20
timeStep,numberOfRobotsOnBlackSite,numberOfRobotsOnWhiteSite
32546,24,20
timeStep,numberOfRobotsOnBlackSite,numberOfRobotsOnWhiteSite
32547,24,20
timeStep,numberOfRobotsOnBlackSite,numberOfRobotsOnWhiteSite
32548,24,20
timeStep,numberOfRobotsOnBlackSite,numberOfRobotsOnWhiteSite
32549,24,20
timeStep,numberOfRobotsOnBlackSite,numberOfRobotsOnWhiteSite
32550,24,20
timeStep,numberOfRobotsOnBlackSite,numberOfRobotsOnWhiteSite
32551,24,20
timeStep,numberOfRobotsOnBlackSite,numberOfRobotsOnWhiteSite
32552,24,20
timeStep,numberOfRobotsOnBlackSite,numberOfRobotsOnWhiteSite
32553,24,20
timeStep,numberOfRobotsOnBlackSite,numberOfRobotsOnWhiteSite
32554,24,20
timeStep,numberOfRobotsOnBlackSite,numberOfRobotsOnWhiteSite
32555,24,20
timeStep,numberOfRobotsOnBlackSite,numberOfRobotsOnWhiteSite
32556,24,20
timeStep,numberOfRobotsOnBlackSite,numberOfRobotsOnWhiteSite
32557,24,20
timeStep,numberOfRobotsOnBlackSite,numberOfRobotsOnWhiteSite
32558,24,20
timeStep,numberOfRobotsOnBlackSite,numberOfRobotsOnWhiteSite
32559,24,20
timeStep,numberOfRobotsOnBlackSite,numberOfRobotsOnWhiteSite
32560,24,20
timeStep,numberOfRobotsOnBlackSite,numberOfRobotsOnWhiteSite
32561,24,20
timeStep,numberOfRobotsOnBlackSite,numberOfRobotsOnWhiteSite
32562,24,20
timeStep,numberOfRobotsOnBlackSite,numberOfRobotsOnWhiteSite
32563,24,20
timeStep,numberOfRobotsOnBlackSite,numberOfRobotsOnWhiteSite
32564,24,20
timeStep,numberOfRobotsOnBlackSite,numberOfRobotsOnWhiteSite
32565,24,20
timeStep,numberOfRobotsOnBlackSite,numberOfRobotsOnWhiteSite
32566,24,20
timeStep,numberOfRobotsOnBlackSite,numberOfRobotsOnWhiteSite
32567,24,20
timeStep,numberOfRobotsOnBlackSite,numberOfRobotsOnWhiteSite
32568,24,20
timeStep,numberOfRobotsOnBlackSite,numberOfRobotsOnWhiteSite
32569,24,20
timeStep,numberOfRobotsOnBlackSite,numberOfRobotsOnWhiteSite
32570,24,20
timeStep,numberOfRobotsOnBlackSite,numberOfRobotsOnWhiteSite
32571,24,20
timeStep,numberOfRobotsOnBlackSite,numberOfRobotsOnWhiteSite
32572,24,20
timeStep,numberOfRobotsOnBlackSite,numberOfRobotsOnWhiteSite
32573,24,20
timeStep,numberOfRobotsOnBlackSite,numberOfRobotsOnWhiteSite
32574,24,20
timeStep,numberOfRobotsOnBlackSite,numberOfRobotsOnWhiteSite
32575,24,20
timeStep,numberOfRobotsOnBlackSite,numberOfRobotsOnWhiteSite
32576,24,20
timeStep,numberOfRobotsOnBlackSite,numberOfRobotsOnWhiteSite
32577,24,20
timeStep,numberOfRobotsOnBlackSite,numberOfRobotsOnWhiteSite
32578,24,20
timeStep,numberOfRobotsOnBlackSite,numberOfRobotsOnWhiteSite
32579,24,20
timeStep,numberOfRobotsOnBlackSite,numberOfRobotsOnWhiteSite
32580,24,20
timeStep,numberOfRobotsOnBlackSite,numberOfRobotsOnWhiteSite
32581,24,20
timeStep,numberOfRobotsOnBlackSite,numberOfRobotsOnWhiteSite
32582,24,20
timeStep,numberOfRobotsOnBlackSite,numberOfRobotsOnWhiteSite
32583,24,20
timeStep,numberOfRobotsOnBlackSite,numberOfRobotsOnWhiteSite
32584,24,20
timeStep,numberOfRobotsOnBlackSite,numberOfRobotsOnWhiteSite
32585,24,20
timeStep,numberOfRobotsOnBlackSite,numberOfRobotsOnWhiteSite
32586,24,20
timeStep,numberOfRobotsOnBlackSite,numberOfRobotsOnWhiteSite
32587,24,20
timeStep,numberOfRobotsOnBlackSite,numberOfRobotsOnWhiteSite
32588,24,20
timeStep,numberOfRobotsOnBlackSite,numberOfRobotsOnWhiteSite
32589,24,20
timeStep,numberOfRobotsOnBlackSite,numberOfRobotsOnWhiteSite
32590,24,20
timeStep,numberOfRobotsOnBlackSite,numberOfRobotsOnWhiteSite
32591,24,20
timeStep,numberOfRobotsOnBlackSite,numberOfRobotsOnWhiteSite
32592,24,20
timeStep,numberOfRobotsOnBlackSite,numberOfRobotsOnWhiteSite
32593,24,20
timeStep,numberOfRobotsOnBlackSite,numberOfRobotsOnWhiteSite
32594,24,20
timeStep,numberOfRobotsOnBlackSite,numberOfRobotsOnWhiteSite
32595,24,20
timeStep,numberOfRobotsOnBlackSite,numberOfRobotsOnWhiteSite
32596,24,20
timeStep,numberOfRobotsOnBlackSite,numberOfRobotsOnWhiteSite
32597,24,20
timeStep,numberOfRobotsOnBlackSite,numberOfRobotsOnWhiteSite
32598,24,20
timeStep,numberOfRobotsOnBlackSite,numberOfRobotsOnWhiteSite
32599,24,20
timeStep,numberOfRobotsOnBlackSite,numberOfRobotsOnWhiteSite
32600,24,20
timeStep,numberOfRobotsOnBlackSite,numberOfRobotsOnWhiteSite
32601,24,20
timeStep,numberOfRobotsOnBlackSite,numberOfRobotsOnWhiteSite
32602,24,20
timeStep,numberOfRobotsOnBlackSite,numberOfRobotsOnWhiteSite
32603,24,20
timeStep,numberOfRobotsOnBlackSite,numberOfRobotsOnWhiteSite
32604,24,20
timeStep,numberOfRobotsOnBlackSite,numberOfRobotsOnWhiteSite
32605,24,20
timeStep,numberOfRobotsOnBlackSite,numberOfRobotsOnWhiteSite
32606,24,20
timeStep,numberOfRobotsOnBlackSite,numberOfRobotsOnWhiteSite
32607,24,20
timeStep,numberOfRobotsOnBlackSite,numberOfRobotsOnWhiteSite
32608,24,20
timeStep,numberOfRobotsOnBlackSite,numberOfRobotsOnWhiteSite
32609,24,20
timeStep,numberOfRobotsOnBlackSite,numberOfRobotsOnWhiteSite
32610,25,20
timeStep,numberOfRobotsOnBlackSite,numberOfRobotsOnWhiteSite
32611,25,20
timeStep,numberOfRobotsOnBlackSite,numberOfRobotsOnWhiteSite
32612,25,20
timeStep,numberOfRobotsOnBlackSite,numberOfRobotsOnWhiteSite
32613,25,20
timeStep,numberOfRobotsOnBlackSite,numberOfRobotsOnWhiteSite
32614,25,20
timeStep,numberOfRobotsOnBlackSite,numberOfRobotsOnWhiteSite
32615,25,20
timeStep,numberOfRobotsOnBlackSite,numberOfRobotsOnWhiteSite
32616,25,20
timeStep,numberOfRobotsOnBlackSite,numberOfRobotsOnWhiteSite
32617,25,20
timeStep,numberOfRobotsOnBlackSite,numberOfRobotsOnWhiteSite
32618,25,20
timeStep,numberOfRobotsOnBlackSite,numberOfRobotsOnWhiteSite
32619,25,20
timeStep,numberOfRobotsOnBlackSite,numberOfRobotsOnWhiteSite
32620,25,20
timeStep,numberOfRobotsOnBlackSite,numberOfRobotsOnWhiteSite
32621,25,20
timeStep,numberOfRobotsOnBlackSite,numberOfRobotsOnWhiteSite
32622,25,20
timeStep,numberOfRobotsOnBlackSite,numberOfRobotsOnWhiteSite
32623,25,20
timeStep,numberOfRobotsOnBlackSite,numberOfRobotsOnWhiteSite
32624,25,20
timeStep,numberOfRobotsOnBlackSite,numberOfRobotsOnWhiteSite
32625,25,20
timeStep,numberOfRobotsOnBlackSite,numberOfRobotsOnWhiteSite
32626,25,20
timeStep,numberOfRobotsOnBlackSite,numberOfRobotsOnWhiteSite
32627,25,20
timeStep,numberOfRobotsOnBlackSite,numberOfRobotsOnWhiteSite
32628,25,20
timeStep,numberOfRobotsOnBlackSite,numberOfRobotsOnWhiteSite
32629,25,20
timeStep,numberOfRobotsOnBlackSite,numberOfRobotsOnWhiteSite
32630,25,20
timeStep,numberOfRobotsOnBlackSite,numberOfRobotsOnWhiteSite
32631,25,20
timeStep,numberOfRobotsOnBlackSite,numberOfRobotsOnWhiteSite
32632,25,20
timeStep,numberOfRobotsOnBlackSite,numberOfRobotsOnWhiteSite
32633,25,20
timeStep,numberOfRobotsOnBlackSite,numberOfRobotsOnWhiteSite
32634,25,20
timeStep,numberOfRobotsOnBlackSite,numberOfRobotsOnWhiteSite
32635,25,20
timeStep,numberOfRobotsOnBlackSite,numberOfRobotsOnWhiteSite
32636,25,20
timeStep,numberOfRobotsOnBlackSite,numberOfRobotsOnWhiteSite
32637,25,20
timeStep,numberOfRobotsOnBlackSite,numberOfRobotsOnWhiteSite
32638,25,20
timeStep,numberOfRobotsOnBlackSite,numberOfRobotsOnWhiteSite
32639,25,20
timeStep,numberOfRobotsOnBlackSite,numberOfRobotsOnWhiteSite
32640,25,20
timeStep,numberOfRobotsOnBlackSite,numberOfRobotsOnWhiteSite
32641,25,20
timeStep,numberOfRobotsOnBlackSite,numberOfRobotsOnWhiteSite
32642,25,20
timeStep,numberOfRobotsOnBlackSite,numberOfRobotsOnWhiteSite
32643,25,20
timeStep,numberOfRobotsOnBlackSite,numberOfRobotsOnWhiteSite
32644,25,20
timeStep,numberOfRobotsOnBlackSite,numberOfRobotsOnWhiteSite
32645,25,20
timeStep,numberOfRobotsOnBlackSite,numberOfRobotsOnWhiteSite
32646,25,20
timeStep,numberOfRobotsOnBlackSite,numberOfRobotsOnWhiteSite
32647,25,20
timeStep,numberOfRobotsOnBlackSite,numberOfRobotsOnWhiteSite
32648,25,20
timeStep,numberOfRobotsOnBlackSite,numberOfRobotsOnWhiteSite
32649,25,20
timeStep,numberOfRobotsOnBlackSite,numberOfRobotsOnWhiteSite
32650,25,20
timeStep,numberOfRobotsOnBlackSite,numberOfRobotsOnWhiteSite
32651,25,20
timeStep,numberOfRobotsOnBlackSite,numberOfRobotsOnWhiteSite
32652,25,20
timeStep,numberOfRobotsOnBlackSite,numberOfRobotsOnWhiteSite
32653,25,20
timeStep,numberOfRobotsOnBlackSite,numberOfRobotsOnWhiteSite
32654,25,20
timeStep,numberOfRobotsOnBlackSite,numberOfRobotsOnWhiteSite
32655,25,20
timeStep,numberOfRobotsOnBlackSite,numberOfRobotsOnWhiteSite
32656,25,20
timeStep,numberOfRobotsOnBlackSite,numberOfRobotsOnWhiteSite
32657,25,20
timeStep,numberOfRobotsOnBlackSite,numberOfRobotsOnWhiteSite
32658,25,20
timeStep,numberOfRobotsOnBlackSite,numberOfRobotsOnWhiteSite
32659,25,20
timeStep,numberOfRobotsOnBlackSite,numberOfRobotsOnWhiteSite
32660,25,20
timeStep,numberOfRobotsOnBlackSite,numberOfRobotsOnWhiteSite
32661,25,20
timeStep,numberOfRobotsOnBlackSite,numberOfRobotsOnWhiteSite
32662,25,20
timeStep,numberOfRobotsOnBlackSite,numberOfRobotsOnWhiteSite
32663,25,20
timeStep,numberOfRobotsOnBlackSite,numberOfRobotsOnWhiteSite
32664,25,20
timeStep,numberOfRobotsOnBlackSite,numberOfRobotsOnWhiteSite
32665,25,20
timeStep,numberOfRobotsOnBlackSite,numberOfRobotsOnWhiteSite
32666,25,20
timeStep,numberOfRobotsOnBlackSite,numberOfRobotsOnWhiteSite
32667,25,20
timeStep,numberOfRobotsOnBlackSite,numberOfRobotsOnWhiteSite
32668,25,20
timeStep,numberOfRobotsOnBlackSite,numberOfRobotsOnWhiteSite
32669,25,20
timeStep,numberOfRobotsOnBlackSite,numberOfRobotsOnWhiteSite
32670,25,20
timeStep,numberOfRobotsOnBlackSite,numberOfRobotsOnWhiteSite
32671,25,20
timeStep,numberOfRobotsOnBlackSite,numberOfRobotsOnWhiteSite
32672,25,20
timeStep,numberOfRobotsOnBlackSite,numberOfRobotsOnWhiteSite
32673,25,20
timeStep,numberOfRobotsOnBlackSite,numberOfRobotsOnWhiteSite
32674,25,20
timeStep,numberOfRobotsOnBlackSite,numberOfRobotsOnWhiteSite
32675,25,20
timeStep,numberOfRobotsOnBlackSite,numberOfRobotsOnWhiteSite
32676,25,20
timeStep,numberOfRobotsOnBlackSite,numberOfRobotsOnWhiteSite
32677,25,20
timeStep,numberOfRobotsOnBlackSite,numberOfRobotsOnWhiteSite
32678,25,20
timeStep,numberOfRobotsOnBlackSite,numberOfRobotsOnWhiteSite
32679,25,20
timeStep,numberOfRobotsOnBlackSite,numberOfRobotsOnWhiteSite
32680,25,20
timeStep,numberOfRobotsOnBlackSite,numberOfRobotsOnWhiteSite
32681,25,20
timeStep,numberOfRobotsOnBlackSite,numberOfRobotsOnWhiteSite
32682,25,20
timeStep,numberOfRobotsOnBlackSite,numberOfRobotsOnWhiteSite
32683,25,20
timeStep,numberOfRobotsOnBlackSite,numberOfRobotsOnWhiteSite
32684,25,20
timeStep,numberOfRobotsOnBlackSite,numberOfRobotsOnWhiteSite
32685,25,20
timeStep,numberOfRobotsOnBlackSite,numberOfRobotsOnWhiteSite
32686,25,20
timeStep,numberOfRobotsOnBlackSite,numberOfRobotsOnWhiteSite
32687,25,20
timeStep,numberOfRobotsOnBlackSite,numberOfRobotsOnWhiteSite
32688,25,20
timeStep,numberOfRobotsOnBlackSite,numberOfRobotsOnWhiteSite
32689,25,20
timeStep,numberOfRobotsOnBlackSite,numberOfRobotsOnWhiteSite
32690,25,20
timeStep,numberOfRobotsOnBlackSite,numberOfRobotsOnWhiteSite
32691,25,20
timeStep,numberOfRobotsOnBlackSite,numberOfRobotsOnWhiteSite
32692,25,20
timeStep,numberOfRobotsOnBlackSite,numberOfRobotsOnWhiteSite
32693,25,20
timeStep,numberOfRobotsOnBlackSite,numberOfRobotsOnWhiteSite
32694,25,20
timeStep,numberOfRobotsOnBlackSite,numberOfRobotsOnWhiteSite
32695,25,20
timeStep,numberOfRobotsOnBlackSite,numberOfRobotsOnWhiteSite
32696,25,20
timeStep,numberOfRobotsOnBlackSite,numberOfRobotsOnWhiteSite
32697,25,20
timeStep,numberOfRobotsOnBlackSite,numberOfRobotsOnWhiteSite
32698,25,20
timeStep,numberOfRobotsOnBlackSite,numberOfRobotsOnWhiteSite
32699,25,20
timeStep,numberOfRobotsOnBlackSite,numberOfRobotsOnWhiteSite
32700,25,20
timeStep,numberOfRobotsOnBlackSite,numberOfRobotsOnWhiteSite
32701,25,20
timeStep,numberOfRobotsOnBlackSite,numberOfRobotsOnWhiteSite
32702,25,20
timeStep,numberOfRobotsOnBlackSite,numberOfRobotsOnWhiteSite
32703,25,20
timeStep,numberOfRobotsOnBlackSite,numberOfRobotsOnWhiteSite
32704,25,20
timeStep,numberOfRobotsOnBlackSite,numberOfRobotsOnWhiteSite
32705,25,20
timeStep,numberOfRobotsOnBlackSite,numberOfRobotsOnWhiteSite
32706,25,20
timeStep,numberOfRobotsOnBlackSite,numberOfRobotsOnWhiteSite
32707,25,20
timeStep,numberOfRobotsOnBlackSite,numberOfRobotsOnWhiteSite
32708,25,20
timeStep,numberOfRobotsOnBlackSite,numberOfRobotsOnWhiteSite
32709,25,20
timeStep,numberOfRobotsOnBlackSite,numberOfRobotsOnWhiteSite
32710,25,20
timeStep,numberOfRobotsOnBlackSite,numberOfRobotsOnWhiteSite
32711,25,20
timeStep,numberOfRobotsOnBlackSite,numberOfRobotsOnWhiteSite
32712,25,20
timeStep,numberOfRobotsOnBlackSite,numberOfRobotsOnWhiteSite
32713,25,20
timeStep,numberOfRobotsOnBlackSite,numberOfRobotsOnWhiteSite
32714,25,20
timeStep,numberOfRobotsOnBlackSite,numberOfRobotsOnWhiteSite
32715,25,20
timeStep,numberOfRobotsOnBlackSite,numberOfRobotsOnWhiteSite
32716,25,20
timeStep,numberOfRobotsOnBlackSite,numberOfRobotsOnWhiteSite
32717,25,20
timeStep,numberOfRobotsOnBlackSite,numberOfRobotsOnWhiteSite
32718,25,20
timeStep,numberOfRobotsOnBlackSite,numberOfRobotsOnWhiteSite
32719,25,20
timeStep,numberOfRobotsOnBlackSite,numberOfRobotsOnWhiteSite
32720,25,20
timeStep,numberOfRobotsOnBlackSite,numberOfRobotsOnWhiteSite
32721,25,20
timeStep,numberOfRobotsOnBlackSite,numberOfRobotsOnWhiteSite
32722,25,20
timeStep,numberOfRobotsOnBlackSite,numberOfRobotsOnWhiteSite
32723,25,20
timeStep,numberOfRobotsOnBlackSite,numberOfRobotsOnWhiteSite
32724,25,20
timeStep,numberOfRobotsOnBlackSite,numberOfRobotsOnWhiteSite
32725,25,20
timeStep,numberOfRobotsOnBlackSite,numberOfRobotsOnWhiteSite
32726,25,20
timeStep,numberOfRobotsOnBlackSite,numberOfRobotsOnWhiteSite
32727,25,20
timeStep,numberOfRobotsOnBlackSite,numberOfRobotsOnWhiteSite
32728,25,20
timeStep,numberOfRobotsOnBlackSite,numberOfRobotsOnWhiteSite
32729,25,20
timeStep,numberOfRobotsOnBlackSite,numberOfRobotsOnWhiteSite
32730,25,20
timeStep,numberOfRobotsOnBlackSite,numberOfRobotsOnWhiteSite
32731,25,20
timeStep,numberOfRobotsOnBlackSite,numberOfRobotsOnWhiteSite
32732,25,20
timeStep,numberOfRobotsOnBlackSite,numberOfRobotsOnWhiteSite
32733,25,20
timeStep,numberOfRobotsOnBlackSite,numberOfRobotsOnWhiteSite
32734,25,20
timeStep,numberOfRobotsOnBlackSite,numberOfRobotsOnWhiteSite
32735,25,20
timeStep,numberOfRobotsOnBlackSite,numberOfRobotsOnWhiteSite
32736,25,20
timeStep,numberOfRobotsOnBlackSite,numberOfRobotsOnWhiteSite
32737,25,20
timeStep,numberOfRobotsOnBlackSite,numberOfRobotsOnWhiteSite
32738,25,20
timeStep,numberOfRobotsOnBlackSite,numberOfRobotsOnWhiteSite
32739,25,20
timeStep,numberOfRobotsOnBlackSite,numberOfRobotsOnWhiteSite
32740,25,20
timeStep,numberOfRobotsOnBlackSite,numberOfRobotsOnWhiteSite
32741,25,20
timeStep,numberOfRobotsOnBlackSite,numberOfRobotsOnWhiteSite
32742,25,20
timeStep,numberOfRobotsOnBlackSite,numberOfRobotsOnWhiteSite
32743,25,20
timeStep,numberOfRobotsOnBlackSite,numberOfRobotsOnWhiteSite
32744,25,20
timeStep,numberOfRobotsOnBlackSite,numberOfRobotsOnWhiteSite
32745,25,20
timeStep,numberOfRobotsOnBlackSite,numberOfRobotsOnWhiteSite
32746,25,20
timeStep,numberOfRobotsOnBlackSite,numberOfRobotsOnWhiteSite
32747,25,20
timeStep,numberOfRobotsOnBlackSite,numberOfRobotsOnWhiteSite
32748,25,20
timeStep,numberOfRobotsOnBlackSite,numberOfRobotsOnWhiteSite
32749,25,20
timeStep,numberOfRobotsOnBlackSite,numberOfRobotsOnWhiteSite
32750,25,20
timeStep,numberOfRobotsOnBlackSite,numberOfRobotsOnWhiteSite
32751,25,20
timeStep,numberOfRobotsOnBlackSite,numberOfRobotsOnWhiteSite
32752,25,20
timeStep,numberOfRobotsOnBlackSite,numberOfRobotsOnWhiteSite
32753,25,20
timeStep,numberOfRobotsOnBlackSite,numberOfRobotsOnWhiteSite
32754,25,20
timeStep,numberOfRobotsOnBlackSite,numberOfRobotsOnWhiteSite
32755,25,20
timeStep,numberOfRobotsOnBlackSite,numberOfRobotsOnWhiteSite
32756,25,20
timeStep,numberOfRobotsOnBlackSite,numberOfRobotsOnWhiteSite
32757,25,20
timeStep,numberOfRobotsOnBlackSite,numberOfRobotsOnWhiteSite
32758,25,20
timeStep,numberOfRobotsOnBlackSite,numberOfRobotsOnWhiteSite
32759,25,20
timeStep,numberOfRobotsOnBlackSite,numberOfRobotsOnWhiteSite
32760,25,20
timeStep,numberOfRobotsOnBlackSite,numberOfRobotsOnWhiteSite
32761,25,20
timeStep,numberOfRobotsOnBlackSite,numberOfRobotsOnWhiteSite
32762,25,20
timeStep,numberOfRobotsOnBlackSite,numberOfRobotsOnWhiteSite
32763,25,20
timeStep,numberOfRobotsOnBlackSite,numberOfRobotsOnWhiteSite
32764,25,20
timeStep,numberOfRobotsOnBlackSite,numberOfRobotsOnWhiteSite
32765,25,20
timeStep,numberOfRobotsOnBlackSite,numberOfRobotsOnWhiteSite
32766,25,20
timeStep,numberOfRobotsOnBlackSite,numberOfRobotsOnWhiteSite
32767,25,20
timeStep,numberOfRobotsOnBlackSite,numberOfRobotsOnWhiteSite
32768,25,20
timeStep,numberOfRobotsOnBlackSite,numberOfRobotsOnWhiteSite
32769,25,20
timeStep,numberOfRobotsOnBlackSite,numberOfRobotsOnWhiteSite
32770,25,20
timeStep,numberOfRobotsOnBlackSite,numberOfRobotsOnWhiteSite
32771,25,20
timeStep,numberOfRobotsOnBlackSite,numberOfRobotsOnWhiteSite
32772,25,20
timeStep,numberOfRobotsOnBlackSite,numberOfRobotsOnWhiteSite
32773,25,20
timeStep,numberOfRobotsOnBlackSite,numberOfRobotsOnWhiteSite
32774,25,20
timeStep,numberOfRobotsOnBlackSite,numberOfRobotsOnWhiteSite
32775,25,20
timeStep,numberOfRobotsOnBlackSite,numberOfRobotsOnWhiteSite
32776,25,20
timeStep,numberOfRobotsOnBlackSite,numberOfRobotsOnWhiteSite
32777,25,20
timeStep,numberOfRobotsOnBlackSite,numberOfRobotsOnWhiteSite
32778,25,20
timeStep,numberOfRobotsOnBlackSite,numberOfRobotsOnWhiteSite
32779,25,20
timeStep,numberOfRobotsOnBlackSite,numberOfRobotsOnWhiteSite
32780,25,20
timeStep,numberOfRobotsOnBlackSite,numberOfRobotsOnWhiteSite
32781,25,20
timeStep,numberOfRobotsOnBlackSite,numberOfRobotsOnWhiteSite
32782,25,20
timeStep,numberOfRobotsOnBlackSite,numberOfRobotsOnWhiteSite
32783,25,20
timeStep,numberOfRobotsOnBlackSite,numberOfRobotsOnWhiteSite
32784,25,20
timeStep,numberOfRobotsOnBlackSite,numberOfRobotsOnWhiteSite
32785,25,20
timeStep,numberOfRobotsOnBlackSite,numberOfRobotsOnWhiteSite
32786,25,20
timeStep,numberOfRobotsOnBlackSite,numberOfRobotsOnWhiteSite
32787,25,20
timeStep,numberOfRobotsOnBlackSite,numberOfRobotsOnWhiteSite
32788,25,20
timeStep,numberOfRobotsOnBlackSite,numberOfRobotsOnWhiteSite
32789,25,20
timeStep,numberOfRobotsOnBlackSite,numberOfRobotsOnWhiteSite
32790,25,20
timeStep,numberOfRobotsOnBlackSite,numberOfRobotsOnWhiteSite
32791,25,20
timeStep,numberOfRobotsOnBlackSite,numberOfRobotsOnWhiteSite
32792,25,20
timeStep,numberOfRobotsOnBlackSite,numberOfRobotsOnWhiteSite
32793,25,20
timeStep,numberOfRobotsOnBlackSite,numberOfRobotsOnWhiteSite
32794,25,20
timeStep,numberOfRobotsOnBlackSite,numberOfRobotsOnWhiteSite
32795,25,20
timeStep,numberOfRobotsOnBlackSite,numberOfRobotsOnWhiteSite
32796,25,20
timeStep,numberOfRobotsOnBlackSite,numberOfRobotsOnWhiteSite
32797,25,20
timeStep,numberOfRobotsOnBlackSite,numberOfRobotsOnWhiteSite
32798,25,20
timeStep,numberOfRobotsOnBlackSite,numberOfRobotsOnWhiteSite
32799,25,20
timeStep,numberOfRobotsOnBlackSite,numberOfRobotsOnWhiteSite
32800,25,20
timeStep,numberOfRobotsOnBlackSite,numberOfRobotsOnWhiteSite
32801,25,20
timeStep,numberOfRobotsOnBlackSite,numberOfRobotsOnWhiteSite
32802,25,20
timeStep,numberOfRobotsOnBlackSite,numberOfRobotsOnWhiteSite
32803,25,20
timeStep,numberOfRobotsOnBlackSite,numberOfRobotsOnWhiteSite
32804,25,20
timeStep,numberOfRobotsOnBlackSite,numberOfRobotsOnWhiteSite
32805,25,20
timeStep,numberOfRobotsOnBlackSite,numberOfRobotsOnWhiteSite
32806,25,20
timeStep,numberOfRobotsOnBlackSite,numberOfRobotsOnWhiteSite
32807,25,20
timeStep,numberOfRobotsOnBlackSite,numberOfRobotsOnWhiteSite
32808,25,20
timeStep,numberOfRobotsOnBlackSite,numberOfRobotsOnWhiteSite
32809,25,20
timeStep,numberOfRobotsOnBlackSite,numberOfRobotsOnWhiteSite
32810,25,20
timeStep,numberOfRobotsOnBlackSite,numberOfRobotsOnWhiteSite
32811,25,20
timeStep,numberOfRobotsOnBlackSite,numberOfRobotsOnWhiteSite
32812,25,20
timeStep,numberOfRobotsOnBlackSite,numberOfRobotsOnWhiteSite
32813,25,20
timeStep,numberOfRobotsOnBlackSite,numberOfRobotsOnWhiteSite
32814,25,20
timeStep,numberOfRobotsOnBlackSite,numberOfRobotsOnWhiteSite
32815,25,20
timeStep,numberOfRobotsOnBlackSite,numberOfRobotsOnWhiteSite
32816,25,20
timeStep,numberOfRobotsOnBlackSite,numberOfRobotsOnWhiteSite
32817,25,20
timeStep,numberOfRobotsOnBlackSite,numberOfRobotsOnWhiteSite
32818,25,20
timeStep,numberOfRobotsOnBlackSite,numberOfRobotsOnWhiteSite
32819,25,20
timeStep,numberOfRobotsOnBlackSite,numberOfRobotsOnWhiteSite
32820,25,20
timeStep,numberOfRobotsOnBlackSite,numberOfRobotsOnWhiteSite
32821,25,20
timeStep,numberOfRobotsOnBlackSite,numberOfRobotsOnWhiteSite
32822,25,20
timeStep,numberOfRobotsOnBlackSite,numberOfRobotsOnWhiteSite
32823,25,20
timeStep,numberOfRobotsOnBlackSite,numberOfRobotsOnWhiteSite
32824,25,20
timeStep,numberOfRobotsOnBlackSite,numberOfRobotsOnWhiteSite
32825,25,20
timeStep,numberOfRobotsOnBlackSite,numberOfRobotsOnWhiteSite
32826,25,20
timeStep,numberOfRobotsOnBlackSite,numberOfRobotsOnWhiteSite
32827,25,20
timeStep,numberOfRobotsOnBlackSite,numberOfRobotsOnWhiteSite
32828,25,20
timeStep,numberOfRobotsOnBlackSite,numberOfRobotsOnWhiteSite
32829,25,20
timeStep,numberOfRobotsOnBlackSite,numberOfRobotsOnWhiteSite
32830,25,20
timeStep,numberOfRobotsOnBlackSite,numberOfRobotsOnWhiteSite
32831,25,20
timeStep,numberOfRobotsOnBlackSite,numberOfRobotsOnWhiteSite
32832,25,20
timeStep,numberOfRobotsOnBlackSite,numberOfRobotsOnWhiteSite
32833,25,20
timeStep,numberOfRobotsOnBlackSite,numberOfRobotsOnWhiteSite
32834,25,20
timeStep,numberOfRobotsOnBlackSite,numberOfRobotsOnWhiteSite
32835,26,20
timeStep,numberOfRobotsOnBlackSite,numberOfRobotsOnWhiteSite
32836,26,20
timeStep,numberOfRobotsOnBlackSite,numberOfRobotsOnWhiteSite
32837,26,20
timeStep,numberOfRobotsOnBlackSite,numberOfRobotsOnWhiteSite
32838,26,20
timeStep,numberOfRobotsOnBlackSite,numberOfRobotsOnWhiteSite
32839,26,20
timeStep,numberOfRobotsOnBlackSite,numberOfRobotsOnWhiteSite
32840,26,20
timeStep,numberOfRobotsOnBlackSite,numberOfRobotsOnWhiteSite
32841,26,20
timeStep,numberOfRobotsOnBlackSite,numberOfRobotsOnWhiteSite
32842,26,20
timeStep,numberOfRobotsOnBlackSite,numberOfRobotsOnWhiteSite
32843,26,20
timeStep,numberOfRobotsOnBlackSite,numberOfRobotsOnWhiteSite
32844,26,20
timeStep,numberOfRobotsOnBlackSite,numberOfRobotsOnWhiteSite
32845,26,20
timeStep,numberOfRobotsOnBlackSite,numberOfRobotsOnWhiteSite
32846,26,20
timeStep,numberOfRobotsOnBlackSite,numberOfRobotsOnWhiteSite
32847,26,20
timeStep,numberOfRobotsOnBlackSite,numberOfRobotsOnWhiteSite
32848,26,20
timeStep,numberOfRobotsOnBlackSite,numberOfRobotsOnWhiteSite
32849,26,20
timeStep,numberOfRobotsOnBlackSite,numberOfRobotsOnWhiteSite
32850,26,20
timeStep,numberOfRobotsOnBlackSite,numberOfRobotsOnWhiteSite
32851,26,20
timeStep,numberOfRobotsOnBlackSite,numberOfRobotsOnWhiteSite
32852,26,20
timeStep,numberOfRobotsOnBlackSite,numberOfRobotsOnWhiteSite
32853,26,20
timeStep,numberOfRobotsOnBlackSite,numberOfRobotsOnWhiteSite
32854,26,20
timeStep,numberOfRobotsOnBlackSite,numberOfRobotsOnWhiteSite
32855,26,20
timeStep,numberOfRobotsOnBlackSite,numberOfRobotsOnWhiteSite
32856,26,20
timeStep,numberOfRobotsOnBlackSite,numberOfRobotsOnWhiteSite
32857,26,20
timeStep,numberOfRobotsOnBlackSite,numberOfRobotsOnWhiteSite
32858,26,20
timeStep,numberOfRobotsOnBlackSite,numberOfRobotsOnWhiteSite
32859,26,20
timeStep,numberOfRobotsOnBlackSite,numberOfRobotsOnWhiteSite
32860,26,20
timeStep,numberOfRobotsOnBlackSite,numberOfRobotsOnWhiteSite
32861,26,20
timeStep,numberOfRobotsOnBlackSite,numberOfRobotsOnWhiteSite
32862,26,20
timeStep,numberOfRobotsOnBlackSite,numberOfRobotsOnWhiteSite
32863,26,20
timeStep,numberOfRobotsOnBlackSite,numberOfRobotsOnWhiteSite
32864,26,20
timeStep,numberOfRobotsOnBlackSite,numberOfRobotsOnWhiteSite
32865,26,20
timeStep,numberOfRobotsOnBlackSite,numberOfRobotsOnWhiteSite
32866,26,20
timeStep,numberOfRobotsOnBlackSite,numberOfRobotsOnWhiteSite
32867,26,20
timeStep,numberOfRobotsOnBlackSite,numberOfRobotsOnWhiteSite
32868,26,20
timeStep,numberOfRobotsOnBlackSite,numberOfRobotsOnWhiteSite
32869,26,20
timeStep,numberOfRobotsOnBlackSite,numberOfRobotsOnWhiteSite
32870,26,20
timeStep,numberOfRobotsOnBlackSite,numberOfRobotsOnWhiteSite
32871,26,20
timeStep,numberOfRobotsOnBlackSite,numberOfRobotsOnWhiteSite
32872,26,20
timeStep,numberOfRobotsOnBlackSite,numberOfRobotsOnWhiteSite
32873,26,20
timeStep,numberOfRobotsOnBlackSite,numberOfRobotsOnWhiteSite
32874,26,20
timeStep,numberOfRobotsOnBlackSite,numberOfRobotsOnWhiteSite
32875,25,20
timeStep,numberOfRobotsOnBlackSite,numberOfRobotsOnWhiteSite
32876,25,20
timeStep,numberOfRobotsOnBlackSite,numberOfRobotsOnWhiteSite
32877,25,20
timeStep,numberOfRobotsOnBlackSite,numberOfRobotsOnWhiteSite
32878,25,20
timeStep,numberOfRobotsOnBlackSite,numberOfRobotsOnWhiteSite
32879,25,20
timeStep,numberOfRobotsOnBlackSite,numberOfRobotsOnWhiteSite
32880,25,20
timeStep,numberOfRobotsOnBlackSite,numberOfRobotsOnWhiteSite
32881,25,20
timeStep,numberOfRobotsOnBlackSite,numberOfRobotsOnWhiteSite
32882,25,20
timeStep,numberOfRobotsOnBlackSite,numberOfRobotsOnWhiteSite
32883,25,20
timeStep,numberOfRobotsOnBlackSite,numberOfRobotsOnWhiteSite
32884,25,20
timeStep,numberOfRobotsOnBlackSite,numberOfRobotsOnWhiteSite
32885,25,20
timeStep,numberOfRobotsOnBlackSite,numberOfRobotsOnWhiteSite
32886,25,20
timeStep,numberOfRobotsOnBlackSite,numberOfRobotsOnWhiteSite
32887,25,20
timeStep,numberOfRobotsOnBlackSite,numberOfRobotsOnWhiteSite
32888,25,20
timeStep,numberOfRobotsOnBlackSite,numberOfRobotsOnWhiteSite
32889,25,20
timeStep,numberOfRobotsOnBlackSite,numberOfRobotsOnWhiteSite
32890,25,20
timeStep,numberOfRobotsOnBlackSite,numberOfRobotsOnWhiteSite
32891,25,20
timeStep,numberOfRobotsOnBlackSite,numberOfRobotsOnWhiteSite
32892,25,20
timeStep,numberOfRobotsOnBlackSite,numberOfRobotsOnWhiteSite
32893,25,20
timeStep,numberOfRobotsOnBlackSite,numberOfRobotsOnWhiteSite
32894,25,20
timeStep,numberOfRobotsOnBlackSite,numberOfRobotsOnWhiteSite
32895,25,20
timeStep,numberOfRobotsOnBlackSite,numberOfRobotsOnWhiteSite
32896,25,20
timeStep,numberOfRobotsOnBlackSite,numberOfRobotsOnWhiteSite
32897,25,20
timeStep,numberOfRobotsOnBlackSite,numberOfRobotsOnWhiteSite
32898,25,20
timeStep,numberOfRobotsOnBlackSite,numberOfRobotsOnWhiteSite
32899,25,20
timeStep,numberOfRobotsOnBlackSite,numberOfRobotsOnWhiteSite
32900,25,20
timeStep,numberOfRobotsOnBlackSite,numberOfRobotsOnWhiteSite
32901,25,20
timeStep,numberOfRobotsOnBlackSite,numberOfRobotsOnWhiteSite
32902,25,20
timeStep,numberOfRobotsOnBlackSite,numberOfRobotsOnWhiteSite
32903,25,20
timeStep,numberOfRobotsOnBlackSite,numberOfRobotsOnWhiteSite
32904,25,20
timeStep,numberOfRobotsOnBlackSite,numberOfRobotsOnWhiteSite
32905,25,20
timeStep,numberOfRobotsOnBlackSite,numberOfRobotsOnWhiteSite
32906,25,20
timeStep,numberOfRobotsOnBlackSite,numberOfRobotsOnWhiteSite
32907,25,20
timeStep,numberOfRobotsOnBlackSite,numberOfRobotsOnWhiteSite
32908,25,20
timeStep,numberOfRobotsOnBlackSite,numberOfRobotsOnWhiteSite
32909,25,20
timeStep,numberOfRobotsOnBlackSite,numberOfRobotsOnWhiteSite
32910,25,20
timeStep,numberOfRobotsOnBlackSite,numberOfRobotsOnWhiteSite
32911,25,20
timeStep,numberOfRobotsOnBlackSite,numberOfRobotsOnWhiteSite
32912,25,20
timeStep,numberOfRobotsOnBlackSite,numberOfRobotsOnWhiteSite
32913,25,20
timeStep,numberOfRobotsOnBlackSite,numberOfRobotsOnWhiteSite
32914,25,20
timeStep,numberOfRobotsOnBlackSite,numberOfRobotsOnWhiteSite
32915,26,20
timeStep,numberOfRobotsOnBlackSite,numberOfRobotsOnWhiteSite
32916,26,20
timeStep,numberOfRobotsOnBlackSite,numberOfRobotsOnWhiteSite
32917,26,20
timeStep,numberOfRobotsOnBlackSite,numberOfRobotsOnWhiteSite
32918,26,20
timeStep,numberOfRobotsOnBlackSite,numberOfRobotsOnWhiteSite
32919,26,20
timeStep,numberOfRobotsOnBlackSite,numberOfRobotsOnWhiteSite
32920,26,20
timeStep,numberOfRobotsOnBlackSite,numberOfRobotsOnWhiteSite
32921,26,20
timeStep,numberOfRobotsOnBlackSite,numberOfRobotsOnWhiteSite
32922,26,20
timeStep,numberOfRobotsOnBlackSite,numberOfRobotsOnWhiteSite
32923,26,20
timeStep,numberOfRobotsOnBlackSite,numberOfRobotsOnWhiteSite
32924,26,20
timeStep,numberOfRobotsOnBlackSite,numberOfRobotsOnWhiteSite
32925,26,20
timeStep,numberOfRobotsOnBlackSite,numberOfRobotsOnWhiteSite
32926,26,20
timeStep,numberOfRobotsOnBlackSite,numberOfRobotsOnWhiteSite
32927,26,20
timeStep,numberOfRobotsOnBlackSite,numberOfRobotsOnWhiteSite
32928,26,20
timeStep,numberOfRobotsOnBlackSite,numberOfRobotsOnWhiteSite
32929,26,20
timeStep,numberOfRobotsOnBlackSite,numberOfRobotsOnWhiteSite
32930,26,20
timeStep,numberOfRobotsOnBlackSite,numberOfRobotsOnWhiteSite
32931,26,20
timeStep,numberOfRobotsOnBlackSite,numberOfRobotsOnWhiteSite
32932,26,20
timeStep,numberOfRobotsOnBlackSite,numberOfRobotsOnWhiteSite
32933,26,20
timeStep,numberOfRobotsOnBlackSite,numberOfRobotsOnWhiteSite
32934,26,20
timeStep,numberOfRobotsOnBlackSite,numberOfRobotsOnWhiteSite
32935,26,20
timeStep,numberOfRobotsOnBlackSite,numberOfRobotsOnWhiteSite
32936,26,20
timeStep,numberOfRobotsOnBlackSite,numberOfRobotsOnWhiteSite
32937,26,20
timeStep,numberOfRobotsOnBlackSite,numberOfRobotsOnWhiteSite
32938,26,20
timeStep,numberOfRobotsOnBlackSite,numberOfRobotsOnWhiteSite
32939,26,20
timeStep,numberOfRobotsOnBlackSite,numberOfRobotsOnWhiteSite
32940,26,20
timeStep,numberOfRobotsOnBlackSite,numberOfRobotsOnWhiteSite
32941,26,20
timeStep,numberOfRobotsOnBlackSite,numberOfRobotsOnWhiteSite
32942,26,20
timeStep,numberOfRobotsOnBlackSite,numberOfRobotsOnWhiteSite
32943,26,20
timeStep,numberOfRobotsOnBlackSite,numberOfRobotsOnWhiteSite
32944,26,20
timeStep,numberOfRobotsOnBlackSite,numberOfRobotsOnWhiteSite
32945,26,20
timeStep,numberOfRobotsOnBlackSite,numberOfRobotsOnWhiteSite
32946,26,20
timeStep,numberOfRobotsOnBlackSite,numberOfRobotsOnWhiteSite
32947,26,20
timeStep,numberOfRobotsOnBlackSite,numberOfRobotsOnWhiteSite
32948,26,20
timeStep,numberOfRobotsOnBlackSite,numberOfRobotsOnWhiteSite
32949,26,20
timeStep,numberOfRobotsOnBlackSite,numberOfRobotsOnWhiteSite
32950,26,20
timeStep,numberOfRobotsOnBlackSite,numberOfRobotsOnWhiteSite
32951,26,20
timeStep,numberOfRobotsOnBlackSite,numberOfRobotsOnWhiteSite
32952,26,20
timeStep,numberOfRobotsOnBlackSite,numberOfRobotsOnWhiteSite
32953,26,20
timeStep,numberOfRobotsOnBlackSite,numberOfRobotsOnWhiteSite
32954,26,20
timeStep,numberOfRobotsOnBlackSite,numberOfRobotsOnWhiteSite
32955,26,20
timeStep,numberOfRobotsOnBlackSite,numberOfRobotsOnWhiteSite
32956,26,20
timeStep,numberOfRobotsOnBlackSite,numberOfRobotsOnWhiteSite
32957,26,20
timeStep,numberOfRobotsOnBlackSite,numberOfRobotsOnWhiteSite
32958,26,20
timeStep,numberOfRobotsOnBlackSite,numberOfRobotsOnWhiteSite
32959,26,20
timeStep,numberOfRobotsOnBlackSite,numberOfRobotsOnWhiteSite
32960,26,20
timeStep,numberOfRobotsOnBlackSite,numberOfRobotsOnWhiteSite
32961,26,20
timeStep,numberOfRobotsOnBlackSite,numberOfRobotsOnWhiteSite
32962,26,20
timeStep,numberOfRobotsOnBlackSite,numberOfRobotsOnWhiteSite
32963,26,20
timeStep,numberOfRobotsOnBlackSite,numberOfRobotsOnWhiteSite
32964,26,20
timeStep,numberOfRobotsOnBlackSite,numberOfRobotsOnWhiteSite
32965,26,20
timeStep,numberOfRobotsOnBlackSite,numberOfRobotsOnWhiteSite
32966,26,20
timeStep,numberOfRobotsOnBlackSite,numberOfRobotsOnWhiteSite
32967,26,20
timeStep,numberOfRobotsOnBlackSite,numberOfRobotsOnWhiteSite
32968,26,20
timeStep,numberOfRobotsOnBlackSite,numberOfRobotsOnWhiteSite
32969,26,20
timeStep,numberOfRobotsOnBlackSite,numberOfRobotsOnWhiteSite
32970,26,20
timeStep,numberOfRobotsOnBlackSite,numberOfRobotsOnWhiteSite
32971,26,20
timeStep,numberOfRobotsOnBlackSite,numberOfRobotsOnWhiteSite
32972,26,20
timeStep,numberOfRobotsOnBlackSite,numberOfRobotsOnWhiteSite
32973,26,20
timeStep,numberOfRobotsOnBlackSite,numberOfRobotsOnWhiteSite
32974,26,20
timeStep,numberOfRobotsOnBlackSite,numberOfRobotsOnWhiteSite
32975,26,20
timeStep,numberOfRobotsOnBlackSite,numberOfRobotsOnWhiteSite
32976,26,20
timeStep,numberOfRobotsOnBlackSite,numberOfRobotsOnWhiteSite
32977,26,20
timeStep,numberOfRobotsOnBlackSite,numberOfRobotsOnWhiteSite
32978,26,20
timeStep,numberOfRobotsOnBlackSite,numberOfRobotsOnWhiteSite
32979,26,20
timeStep,numberOfRobotsOnBlackSite,numberOfRobotsOnWhiteSite
32980,26,20
timeStep,numberOfRobotsOnBlackSite,numberOfRobotsOnWhiteSite
32981,26,20
timeStep,numberOfRobotsOnBlackSite,numberOfRobotsOnWhiteSite
32982,26,20
timeStep,numberOfRobotsOnBlackSite,numberOfRobotsOnWhiteSite
32983,26,20
timeStep,numberOfRobotsOnBlackSite,numberOfRobotsOnWhiteSite
32984,26,20
timeStep,numberOfRobotsOnBlackSite,numberOfRobotsOnWhiteSite
32985,26,20
timeStep,numberOfRobotsOnBlackSite,numberOfRobotsOnWhiteSite
32986,26,20
timeStep,numberOfRobotsOnBlackSite,numberOfRobotsOnWhiteSite
32987,26,20
timeStep,numberOfRobotsOnBlackSite,numberOfRobotsOnWhiteSite
32988,26,20
timeStep,numberOfRobotsOnBlackSite,numberOfRobotsOnWhiteSite
32989,26,20
timeStep,numberOfRobotsOnBlackSite,numberOfRobotsOnWhiteSite
32990,26,20
timeStep,numberOfRobotsOnBlackSite,numberOfRobotsOnWhiteSite
32991,26,20
timeStep,numberOfRobotsOnBlackSite,numberOfRobotsOnWhiteSite
32992,26,20
timeStep,numberOfRobotsOnBlackSite,numberOfRobotsOnWhiteSite
32993,26,20
timeStep,numberOfRobotsOnBlackSite,numberOfRobotsOnWhiteSite
32994,26,20
timeStep,numberOfRobotsOnBlackSite,numberOfRobotsOnWhiteSite
32995,26,20
timeStep,numberOfRobotsOnBlackSite,numberOfRobotsOnWhiteSite
32996,26,20
timeStep,numberOfRobotsOnBlackSite,numberOfRobotsOnWhiteSite
32997,26,20
timeStep,numberOfRobotsOnBlackSite,numberOfRobotsOnWhiteSite
32998,26,20
timeStep,numberOfRobotsOnBlackSite,numberOfRobotsOnWhiteSite
32999,26,20
timeStep,numberOfRobotsOnBlackSite,numberOfRobotsOnWhiteSite
33000,26,20
timeStep,numberOfRobotsOnBlackSite,numberOfRobotsOnWhiteSite
33001,26,20
timeStep,numberOfRobotsOnBlackSite,numberOfRobotsOnWhiteSite
33002,26,20
timeStep,numberOfRobotsOnBlackSite,numberOfRobotsOnWhiteSite
33003,26,20
timeStep,numberOfRobotsOnBlackSite,numberOfRobotsOnWhiteSite
33004,26,20
timeStep,numberOfRobotsOnBlackSite,numberOfRobotsOnWhiteSite
33005,26,20
timeStep,numberOfRobotsOnBlackSite,numberOfRobotsOnWhiteSite
33006,26,20
timeStep,numberOfRobotsOnBlackSite,numberOfRobotsOnWhiteSite
33007,26,20
timeStep,numberOfRobotsOnBlackSite,numberOfRobotsOnWhiteSite
33008,26,20
timeStep,numberOfRobotsOnBlackSite,numberOfRobotsOnWhiteSite
33009,26,20
timeStep,numberOfRobotsOnBlackSite,numberOfRobotsOnWhiteSite
33010,26,20
timeStep,numberOfRobotsOnBlackSite,numberOfRobotsOnWhiteSite
33011,26,20
timeStep,numberOfRobotsOnBlackSite,numberOfRobotsOnWhiteSite
33012,26,20
timeStep,numberOfRobotsOnBlackSite,numberOfRobotsOnWhiteSite
33013,26,20
timeStep,numberOfRobotsOnBlackSite,numberOfRobotsOnWhiteSite
33014,26,20
timeStep,numberOfRobotsOnBlackSite,numberOfRobotsOnWhiteSite
33015,26,20
timeStep,numberOfRobotsOnBlackSite,numberOfRobotsOnWhiteSite
33016,26,20
timeStep,numberOfRobotsOnBlackSite,numberOfRobotsOnWhiteSite
33017,26,20
timeStep,numberOfRobotsOnBlackSite,numberOfRobotsOnWhiteSite
33018,26,20
timeStep,numberOfRobotsOnBlackSite,numberOfRobotsOnWhiteSite
33019,26,20
timeStep,numberOfRobotsOnBlackSite,numberOfRobotsOnWhiteSite
33020,26,20
timeStep,numberOfRobotsOnBlackSite,numberOfRobotsOnWhiteSite
33021,26,20
timeStep,numberOfRobotsOnBlackSite,numberOfRobotsOnWhiteSite
33022,26,20
timeStep,numberOfRobotsOnBlackSite,numberOfRobotsOnWhiteSite
33023,26,20
timeStep,numberOfRobotsOnBlackSite,numberOfRobotsOnWhiteSite
33024,26,20
timeStep,numberOfRobotsOnBlackSite,numberOfRobotsOnWhiteSite
33025,26,19
timeStep,numberOfRobotsOnBlackSite,numberOfRobotsOnWhiteSite
33026,26,19
timeStep,numberOfRobotsOnBlackSite,numberOfRobotsOnWhiteSite
33027,26,19
timeStep,numberOfRobotsOnBlackSite,numberOfRobotsOnWhiteSite
33028,26,19
timeStep,numberOfRobotsOnBlackSite,numberOfRobotsOnWhiteSite
33029,26,19
timeStep,numberOfRobotsOnBlackSite,numberOfRobotsOnWhiteSite
33030,26,19
timeStep,numberOfRobotsOnBlackSite,numberOfRobotsOnWhiteSite
33031,26,19
timeStep,numberOfRobotsOnBlackSite,numberOfRobotsOnWhiteSite
33032,26,19
timeStep,numberOfRobotsOnBlackSite,numberOfRobotsOnWhiteSite
33033,26,19
timeStep,numberOfRobotsOnBlackSite,numberOfRobotsOnWhiteSite
33034,26,19
timeStep,numberOfRobotsOnBlackSite,numberOfRobotsOnWhiteSite
33035,26,19
timeStep,numberOfRobotsOnBlackSite,numberOfRobotsOnWhiteSite
33036,26,19
timeStep,numberOfRobotsOnBlackSite,numberOfRobotsOnWhiteSite
33037,26,19
timeStep,numberOfRobotsOnBlackSite,numberOfRobotsOnWhiteSite
33038,26,19
timeStep,numberOfRobotsOnBlackSite,numberOfRobotsOnWhiteSite
33039,26,19
timeStep,numberOfRobotsOnBlackSite,numberOfRobotsOnWhiteSite
33040,26,19
timeStep,numberOfRobotsOnBlackSite,numberOfRobotsOnWhiteSite
33041,26,19
timeStep,numberOfRobotsOnBlackSite,numberOfRobotsOnWhiteSite
33042,26,19
timeStep,numberOfRobotsOnBlackSite,numberOfRobotsOnWhiteSite
33043,26,19
timeStep,numberOfRobotsOnBlackSite,numberOfRobotsOnWhiteSite
33044,26,19
timeStep,numberOfRobotsOnBlackSite,numberOfRobotsOnWhiteSite
33045,26,19
timeStep,numberOfRobotsOnBlackSite,numberOfRobotsOnWhiteSite
33046,26,19
timeStep,numberOfRobotsOnBlackSite,numberOfRobotsOnWhiteSite
33047,26,19
timeStep,numberOfRobotsOnBlackSite,numberOfRobotsOnWhiteSite
33048,26,19
timeStep,numberOfRobotsOnBlackSite,numberOfRobotsOnWhiteSite
33049,26,19
timeStep,numberOfRobotsOnBlackSite,numberOfRobotsOnWhiteSite
33050,26,19
timeStep,numberOfRobotsOnBlackSite,numberOfRobotsOnWhiteSite
33051,26,19
timeStep,numberOfRobotsOnBlackSite,numberOfRobotsOnWhiteSite
33052,26,19
timeStep,numberOfRobotsOnBlackSite,numberOfRobotsOnWhiteSite
33053,26,19
timeStep,numberOfRobotsOnBlackSite,numberOfRobotsOnWhiteSite
33054,26,19
timeStep,numberOfRobotsOnBlackSite,numberOfRobotsOnWhiteSite
33055,26,19
timeStep,numberOfRobotsOnBlackSite,numberOfRobotsOnWhiteSite
33056,26,19
timeStep,numberOfRobotsOnBlackSite,numberOfRobotsOnWhiteSite
33057,26,19
timeStep,numberOfRobotsOnBlackSite,numberOfRobotsOnWhiteSite
33058,26,19
timeStep,numberOfRobotsOnBlackSite,numberOfRobotsOnWhiteSite
33059,26,19
timeStep,numberOfRobotsOnBlackSite,numberOfRobotsOnWhiteSite
33060,26,19
timeStep,numberOfRobotsOnBlackSite,numberOfRobotsOnWhiteSite
33061,26,19
timeStep,numberOfRobotsOnBlackSite,numberOfRobotsOnWhiteSite
33062,26,19
timeStep,numberOfRobotsOnBlackSite,numberOfRobotsOnWhiteSite
33063,26,19
timeStep,numberOfRobotsOnBlackSite,numberOfRobotsOnWhiteSite
33064,26,19
timeStep,numberOfRobotsOnBlackSite,numberOfRobotsOnWhiteSite
33065,26,19
timeStep,numberOfRobotsOnBlackSite,numberOfRobotsOnWhiteSite
33066,26,19
timeStep,numberOfRobotsOnBlackSite,numberOfRobotsOnWhiteSite
33067,26,19
timeStep,numberOfRobotsOnBlackSite,numberOfRobotsOnWhiteSite
33068,26,19
timeStep,numberOfRobotsOnBlackSite,numberOfRobotsOnWhiteSite
33069,26,19
timeStep,numberOfRobotsOnBlackSite,numberOfRobotsOnWhiteSite
33070,26,19
timeStep,numberOfRobotsOnBlackSite,numberOfRobotsOnWhiteSite
33071,26,19
timeStep,numberOfRobotsOnBlackSite,numberOfRobotsOnWhiteSite
33072,26,19
timeStep,numberOfRobotsOnBlackSite,numberOfRobotsOnWhiteSite
33073,26,19
timeStep,numberOfRobotsOnBlackSite,numberOfRobotsOnWhiteSite
33074,26,19
timeStep,numberOfRobotsOnBlackSite,numberOfRobotsOnWhiteSite
33075,26,19
timeStep,numberOfRobotsOnBlackSite,numberOfRobotsOnWhiteSite
33076,26,19
timeStep,numberOfRobotsOnBlackSite,numberOfRobotsOnWhiteSite
33077,26,19
timeStep,numberOfRobotsOnBlackSite,numberOfRobotsOnWhiteSite
33078,26,19
timeStep,numberOfRobotsOnBlackSite,numberOfRobotsOnWhiteSite
33079,26,19
timeStep,numberOfRobotsOnBlackSite,numberOfRobotsOnWhiteSite
33080,26,19
timeStep,numberOfRobotsOnBlackSite,numberOfRobotsOnWhiteSite
33081,26,19
timeStep,numberOfRobotsOnBlackSite,numberOfRobotsOnWhiteSite
33082,26,19
timeStep,numberOfRobotsOnBlackSite,numberOfRobotsOnWhiteSite
33083,26,19
timeStep,numberOfRobotsOnBlackSite,numberOfRobotsOnWhiteSite
33084,26,19
timeStep,numberOfRobotsOnBlackSite,numberOfRobotsOnWhiteSite
33085,26,19
timeStep,numberOfRobotsOnBlackSite,numberOfRobotsOnWhiteSite
33086,26,19
timeStep,numberOfRobotsOnBlackSite,numberOfRobotsOnWhiteSite
33087,26,19
timeStep,numberOfRobotsOnBlackSite,numberOfRobotsOnWhiteSite
33088,26,19
timeStep,numberOfRobotsOnBlackSite,numberOfRobotsOnWhiteSite
33089,26,19
timeStep,numberOfRobotsOnBlackSite,numberOfRobotsOnWhiteSite
33090,26,19
timeStep,numberOfRobotsOnBlackSite,numberOfRobotsOnWhiteSite
33091,26,19
timeStep,numberOfRobotsOnBlackSite,numberOfRobotsOnWhiteSite
33092,26,19
timeStep,numberOfRobotsOnBlackSite,numberOfRobotsOnWhiteSite
33093,26,19
timeStep,numberOfRobotsOnBlackSite,numberOfRobotsOnWhiteSite
33094,26,19
timeStep,numberOfRobotsOnBlackSite,numberOfRobotsOnWhiteSite
33095,26,19
timeStep,numberOfRobotsOnBlackSite,numberOfRobotsOnWhiteSite
33096,26,19
timeStep,numberOfRobotsOnBlackSite,numberOfRobotsOnWhiteSite
33097,26,19
timeStep,numberOfRobotsOnBlackSite,numberOfRobotsOnWhiteSite
33098,26,19
timeStep,numberOfRobotsOnBlackSite,numberOfRobotsOnWhiteSite
33099,26,19
timeStep,numberOfRobotsOnBlackSite,numberOfRobotsOnWhiteSite
33100,26,19
timeStep,numberOfRobotsOnBlackSite,numberOfRobotsOnWhiteSite
33101,26,19
timeStep,numberOfRobotsOnBlackSite,numberOfRobotsOnWhiteSite
33102,26,19
timeStep,numberOfRobotsOnBlackSite,numberOfRobotsOnWhiteSite
33103,26,19
timeStep,numberOfRobotsOnBlackSite,numberOfRobotsOnWhiteSite
33104,26,19
timeStep,numberOfRobotsOnBlackSite,numberOfRobotsOnWhiteSite
33105,26,19
timeStep,numberOfRobotsOnBlackSite,numberOfRobotsOnWhiteSite
33106,26,19
timeStep,numberOfRobotsOnBlackSite,numberOfRobotsOnWhiteSite
33107,26,19
timeStep,numberOfRobotsOnBlackSite,numberOfRobotsOnWhiteSite
33108,26,19
timeStep,numberOfRobotsOnBlackSite,numberOfRobotsOnWhiteSite
33109,26,19
timeStep,numberOfRobotsOnBlackSite,numberOfRobotsOnWhiteSite
33110,26,19
timeStep,numberOfRobotsOnBlackSite,numberOfRobotsOnWhiteSite
33111,26,19
timeStep,numberOfRobotsOnBlackSite,numberOfRobotsOnWhiteSite
33112,26,19
timeStep,numberOfRobotsOnBlackSite,numberOfRobotsOnWhiteSite
33113,26,19
timeStep,numberOfRobotsOnBlackSite,numberOfRobotsOnWhiteSite
33114,26,19
timeStep,numberOfRobotsOnBlackSite,numberOfRobotsOnWhiteSite
33115,26,19
timeStep,numberOfRobotsOnBlackSite,numberOfRobotsOnWhiteSite
33116,26,19
timeStep,numberOfRobotsOnBlackSite,numberOfRobotsOnWhiteSite
33117,26,19
timeStep,numberOfRobotsOnBlackSite,numberOfRobotsOnWhiteSite
33118,26,19
timeStep,numberOfRobotsOnBlackSite,numberOfRobotsOnWhiteSite
33119,26,19
timeStep,numberOfRobotsOnBlackSite,numberOfRobotsOnWhiteSite
33120,26,19
timeStep,numberOfRobotsOnBlackSite,numberOfRobotsOnWhiteSite
33121,26,19
timeStep,numberOfRobotsOnBlackSite,numberOfRobotsOnWhiteSite
33122,26,19
timeStep,numberOfRobotsOnBlackSite,numberOfRobotsOnWhiteSite
33123,26,19
timeStep,numberOfRobotsOnBlackSite,numberOfRobotsOnWhiteSite
33124,26,19
timeStep,numberOfRobotsOnBlackSite,numberOfRobotsOnWhiteSite
33125,26,19
timeStep,numberOfRobotsOnBlackSite,numberOfRobotsOnWhiteSite
33126,26,19
timeStep,numberOfRobotsOnBlackSite,numberOfRobotsOnWhiteSite
33127,26,19
timeStep,numberOfRobotsOnBlackSite,numberOfRobotsOnWhiteSite
33128,26,19
timeStep,numberOfRobotsOnBlackSite,numberOfRobotsOnWhiteSite
33129,26,19
timeStep,numberOfRobotsOnBlackSite,numberOfRobotsOnWhiteSite
33130,25,19
timeStep,numberOfRobotsOnBlackSite,numberOfRobotsOnWhiteSite
33131,25,19
timeStep,numberOfRobotsOnBlackSite,numberOfRobotsOnWhiteSite
33132,25,19
timeStep,numberOfRobotsOnBlackSite,numberOfRobotsOnWhiteSite
33133,25,19
timeStep,numberOfRobotsOnBlackSite,numberOfRobotsOnWhiteSite
33134,25,19
timeStep,numberOfRobotsOnBlackSite,numberOfRobotsOnWhiteSite
33135,25,19
timeStep,numberOfRobotsOnBlackSite,numberOfRobotsOnWhiteSite
33136,25,19
timeStep,numberOfRobotsOnBlackSite,numberOfRobotsOnWhiteSite
33137,25,19
timeStep,numberOfRobotsOnBlackSite,numberOfRobotsOnWhiteSite
33138,25,19
timeStep,numberOfRobotsOnBlackSite,numberOfRobotsOnWhiteSite
33139,25,19
timeStep,numberOfRobotsOnBlackSite,numberOfRobotsOnWhiteSite
33140,25,19
timeStep,numberOfRobotsOnBlackSite,numberOfRobotsOnWhiteSite
33141,25,19
timeStep,numberOfRobotsOnBlackSite,numberOfRobotsOnWhiteSite
33142,25,19
timeStep,numberOfRobotsOnBlackSite,numberOfRobotsOnWhiteSite
33143,25,19
timeStep,numberOfRobotsOnBlackSite,numberOfRobotsOnWhiteSite
33144,25,19
timeStep,numberOfRobotsOnBlackSite,numberOfRobotsOnWhiteSite
33145,25,19
timeStep,numberOfRobotsOnBlackSite,numberOfRobotsOnWhiteSite
33146,25,19
timeStep,numberOfRobotsOnBlackSite,numberOfRobotsOnWhiteSite
33147,25,19
timeStep,numberOfRobotsOnBlackSite,numberOfRobotsOnWhiteSite
33148,25,19
timeStep,numberOfRobotsOnBlackSite,numberOfRobotsOnWhiteSite
33149,25,19
timeStep,numberOfRobotsOnBlackSite,numberOfRobotsOnWhiteSite
33150,25,19
timeStep,numberOfRobotsOnBlackSite,numberOfRobotsOnWhiteSite
33151,25,19
timeStep,numberOfRobotsOnBlackSite,numberOfRobotsOnWhiteSite
33152,25,19
timeStep,numberOfRobotsOnBlackSite,numberOfRobotsOnWhiteSite
33153,25,19
timeStep,numberOfRobotsOnBlackSite,numberOfRobotsOnWhiteSite
33154,25,19
timeStep,numberOfRobotsOnBlackSite,numberOfRobotsOnWhiteSite
33155,25,19
timeStep,numberOfRobotsOnBlackSite,numberOfRobotsOnWhiteSite
33156,25,19
timeStep,numberOfRobotsOnBlackSite,numberOfRobotsOnWhiteSite
33157,25,19
timeStep,numberOfRobotsOnBlackSite,numberOfRobotsOnWhiteSite
33158,25,19
timeStep,numberOfRobotsOnBlackSite,numberOfRobotsOnWhiteSite
33159,25,19
timeStep,numberOfRobotsOnBlackSite,numberOfRobotsOnWhiteSite
33160,25,19
timeStep,numberOfRobotsOnBlackSite,numberOfRobotsOnWhiteSite
33161,25,19
timeStep,numberOfRobotsOnBlackSite,numberOfRobotsOnWhiteSite
33162,25,19
timeStep,numberOfRobotsOnBlackSite,numberOfRobotsOnWhiteSite
33163,25,19
timeStep,numberOfRobotsOnBlackSite,numberOfRobotsOnWhiteSite
33164,25,19
timeStep,numberOfRobotsOnBlackSite,numberOfRobotsOnWhiteSite
33165,25,19
timeStep,numberOfRobotsOnBlackSite,numberOfRobotsOnWhiteSite
33166,25,19
timeStep,numberOfRobotsOnBlackSite,numberOfRobotsOnWhiteSite
33167,25,19
timeStep,numberOfRobotsOnBlackSite,numberOfRobotsOnWhiteSite
33168,25,19
timeStep,numberOfRobotsOnBlackSite,numberOfRobotsOnWhiteSite
33169,25,19
timeStep,numberOfRobotsOnBlackSite,numberOfRobotsOnWhiteSite
33170,25,19
timeStep,numberOfRobotsOnBlackSite,numberOfRobotsOnWhiteSite
33171,25,19
timeStep,numberOfRobotsOnBlackSite,numberOfRobotsOnWhiteSite
33172,25,19
timeStep,numberOfRobotsOnBlackSite,numberOfRobotsOnWhiteSite
33173,25,19
timeStep,numberOfRobotsOnBlackSite,numberOfRobotsOnWhiteSite
33174,25,19
timeStep,numberOfRobotsOnBlackSite,numberOfRobotsOnWhiteSite
33175,25,19
timeStep,numberOfRobotsOnBlackSite,numberOfRobotsOnWhiteSite
33176,25,19
timeStep,numberOfRobotsOnBlackSite,numberOfRobotsOnWhiteSite
33177,25,19
timeStep,numberOfRobotsOnBlackSite,numberOfRobotsOnWhiteSite
33178,25,19
timeStep,numberOfRobotsOnBlackSite,numberOfRobotsOnWhiteSite
33179,25,19
timeStep,numberOfRobotsOnBlackSite,numberOfRobotsOnWhiteSite
33180,25,19
timeStep,numberOfRobotsOnBlackSite,numberOfRobotsOnWhiteSite
33181,25,19
timeStep,numberOfRobotsOnBlackSite,numberOfRobotsOnWhiteSite
33182,25,19
timeStep,numberOfRobotsOnBlackSite,numberOfRobotsOnWhiteSite
33183,25,19
timeStep,numberOfRobotsOnBlackSite,numberOfRobotsOnWhiteSite
33184,25,19
timeStep,numberOfRobotsOnBlackSite,numberOfRobotsOnWhiteSite
33185,25,19
timeStep,numberOfRobotsOnBlackSite,numberOfRobotsOnWhiteSite
33186,25,19
timeStep,numberOfRobotsOnBlackSite,numberOfRobotsOnWhiteSite
33187,25,19
timeStep,numberOfRobotsOnBlackSite,numberOfRobotsOnWhiteSite
33188,25,19
timeStep,numberOfRobotsOnBlackSite,numberOfRobotsOnWhiteSite
33189,25,19
timeStep,numberOfRobotsOnBlackSite,numberOfRobotsOnWhiteSite
33190,25,19
timeStep,numberOfRobotsOnBlackSite,numberOfRobotsOnWhiteSite
33191,25,19
timeStep,numberOfRobotsOnBlackSite,numberOfRobotsOnWhiteSite
33192,25,19
timeStep,numberOfRobotsOnBlackSite,numberOfRobotsOnWhiteSite
33193,25,19
timeStep,numberOfRobotsOnBlackSite,numberOfRobotsOnWhiteSite
33194,25,19
timeStep,numberOfRobotsOnBlackSite,numberOfRobotsOnWhiteSite
33195,25,19
timeStep,numberOfRobotsOnBlackSite,numberOfRobotsOnWhiteSite
33196,25,19
timeStep,numberOfRobotsOnBlackSite,numberOfRobotsOnWhiteSite
33197,25,19
timeStep,numberOfRobotsOnBlackSite,numberOfRobotsOnWhiteSite
33198,25,19
timeStep,numberOfRobotsOnBlackSite,numberOfRobotsOnWhiteSite
33199,25,19
timeStep,numberOfRobotsOnBlackSite,numberOfRobotsOnWhiteSite
33200,25,19
timeStep,numberOfRobotsOnBlackSite,numberOfRobotsOnWhiteSite
33201,25,19
timeStep,numberOfRobotsOnBlackSite,numberOfRobotsOnWhiteSite
33202,25,19
timeStep,numberOfRobotsOnBlackSite,numberOfRobotsOnWhiteSite
33203,25,19
timeStep,numberOfRobotsOnBlackSite,numberOfRobotsOnWhiteSite
33204,25,19
timeStep,numberOfRobotsOnBlackSite,numberOfRobotsOnWhiteSite
33205,25,19
timeStep,numberOfRobotsOnBlackSite,numberOfRobotsOnWhiteSite
33206,25,19
timeStep,numberOfRobotsOnBlackSite,numberOfRobotsOnWhiteSite
33207,25,19
timeStep,numberOfRobotsOnBlackSite,numberOfRobotsOnWhiteSite
33208,25,19
timeStep,numberOfRobotsOnBlackSite,numberOfRobotsOnWhiteSite
33209,25,19
timeStep,numberOfRobotsOnBlackSite,numberOfRobotsOnWhiteSite
33210,25,19
timeStep,numberOfRobotsOnBlackSite,numberOfRobotsOnWhiteSite
33211,25,19
timeStep,numberOfRobotsOnBlackSite,numberOfRobotsOnWhiteSite
33212,25,19
timeStep,numberOfRobotsOnBlackSite,numberOfRobotsOnWhiteSite
33213,25,19
timeStep,numberOfRobotsOnBlackSite,numberOfRobotsOnWhiteSite
33214,25,19
timeStep,numberOfRobotsOnBlackSite,numberOfRobotsOnWhiteSite
33215,25,19
timeStep,numberOfRobotsOnBlackSite,numberOfRobotsOnWhiteSite
33216,25,19
timeStep,numberOfRobotsOnBlackSite,numberOfRobotsOnWhiteSite
33217,25,19
timeStep,numberOfRobotsOnBlackSite,numberOfRobotsOnWhiteSite
33218,25,19
timeStep,numberOfRobotsOnBlackSite,numberOfRobotsOnWhiteSite
33219,25,19
timeStep,numberOfRobotsOnBlackSite,numberOfRobotsOnWhiteSite
33220,25,19
timeStep,numberOfRobotsOnBlackSite,numberOfRobotsOnWhiteSite
33221,25,19
timeStep,numberOfRobotsOnBlackSite,numberOfRobotsOnWhiteSite
33222,25,19
timeStep,numberOfRobotsOnBlackSite,numberOfRobotsOnWhiteSite
33223,25,19
timeStep,numberOfRobotsOnBlackSite,numberOfRobotsOnWhiteSite
33224,25,19
timeStep,numberOfRobotsOnBlackSite,numberOfRobotsOnWhiteSite
33225,25,19
timeStep,numberOfRobotsOnBlackSite,numberOfRobotsOnWhiteSite
33226,25,19
timeStep,numberOfRobotsOnBlackSite,numberOfRobotsOnWhiteSite
33227,25,19
timeStep,numberOfRobotsOnBlackSite,numberOfRobotsOnWhiteSite
33228,25,19
timeStep,numberOfRobotsOnBlackSite,numberOfRobotsOnWhiteSite
33229,25,19
timeStep,numberOfRobotsOnBlackSite,numberOfRobotsOnWhiteSite
33230,25,19
timeStep,numberOfRobotsOnBlackSite,numberOfRobotsOnWhiteSite
33231,25,19
timeStep,numberOfRobotsOnBlackSite,numberOfRobotsOnWhiteSite
33232,25,19
timeStep,numberOfRobotsOnBlackSite,numberOfRobotsOnWhiteSite
33233,25,19
timeStep,numberOfRobotsOnBlackSite,numberOfRobotsOnWhiteSite
33234,25,19
timeStep,numberOfRobotsOnBlackSite,numberOfRobotsOnWhiteSite
33235,25,19
timeStep,numberOfRobotsOnBlackSite,numberOfRobotsOnWhiteSite
33236,25,19
timeStep,numberOfRobotsOnBlackSite,numberOfRobotsOnWhiteSite
33237,25,19
timeStep,numberOfRobotsOnBlackSite,numberOfRobotsOnWhiteSite
33238,25,19
timeStep,numberOfRobotsOnBlackSite,numberOfRobotsOnWhiteSite
33239,25,19
timeStep,numberOfRobotsOnBlackSite,numberOfRobotsOnWhiteSite
33240,25,19
timeStep,numberOfRobotsOnBlackSite,numberOfRobotsOnWhiteSite
33241,25,19
timeStep,numberOfRobotsOnBlackSite,numberOfRobotsOnWhiteSite
33242,25,19
timeStep,numberOfRobotsOnBlackSite,numberOfRobotsOnWhiteSite
33243,25,19
timeStep,numberOfRobotsOnBlackSite,numberOfRobotsOnWhiteSite
33244,25,19
timeStep,numberOfRobotsOnBlackSite,numberOfRobotsOnWhiteSite
33245,25,19
timeStep,numberOfRobotsOnBlackSite,numberOfRobotsOnWhiteSite
33246,25,19
timeStep,numberOfRobotsOnBlackSite,numberOfRobotsOnWhiteSite
33247,25,19
timeStep,numberOfRobotsOnBlackSite,numberOfRobotsOnWhiteSite
33248,25,19
timeStep,numberOfRobotsOnBlackSite,numberOfRobotsOnWhiteSite
33249,25,19
timeStep,numberOfRobotsOnBlackSite,numberOfRobotsOnWhiteSite
33250,25,19
timeStep,numberOfRobotsOnBlackSite,numberOfRobotsOnWhiteSite
33251,25,19
timeStep,numberOfRobotsOnBlackSite,numberOfRobotsOnWhiteSite
33252,25,19
timeStep,numberOfRobotsOnBlackSite,numberOfRobotsOnWhiteSite
33253,25,19
timeStep,numberOfRobotsOnBlackSite,numberOfRobotsOnWhiteSite
33254,25,19
timeStep,numberOfRobotsOnBlackSite,numberOfRobotsOnWhiteSite
33255,25,19
timeStep,numberOfRobotsOnBlackSite,numberOfRobotsOnWhiteSite
33256,25,19
timeStep,numberOfRobotsOnBlackSite,numberOfRobotsOnWhiteSite
33257,25,19
timeStep,numberOfRobotsOnBlackSite,numberOfRobotsOnWhiteSite
33258,25,19
timeStep,numberOfRobotsOnBlackSite,numberOfRobotsOnWhiteSite
33259,25,19
timeStep,numberOfRobotsOnBlackSite,numberOfRobotsOnWhiteSite
33260,25,19
timeStep,numberOfRobotsOnBlackSite,numberOfRobotsOnWhiteSite
33261,25,19
timeStep,numberOfRobotsOnBlackSite,numberOfRobotsOnWhiteSite
33262,25,19
timeStep,numberOfRobotsOnBlackSite,numberOfRobotsOnWhiteSite
33263,25,19
timeStep,numberOfRobotsOnBlackSite,numberOfRobotsOnWhiteSite
33264,25,19
timeStep,numberOfRobotsOnBlackSite,numberOfRobotsOnWhiteSite
33265,25,19
timeStep,numberOfRobotsOnBlackSite,numberOfRobotsOnWhiteSite
33266,25,19
timeStep,numberOfRobotsOnBlackSite,numberOfRobotsOnWhiteSite
33267,25,19
timeStep,numberOfRobotsOnBlackSite,numberOfRobotsOnWhiteSite
33268,25,19
timeStep,numberOfRobotsOnBlackSite,numberOfRobotsOnWhiteSite
33269,25,19
timeStep,numberOfRobotsOnBlackSite,numberOfRobotsOnWhiteSite
33270,25,18
timeStep,numberOfRobotsOnBlackSite,numberOfRobotsOnWhiteSite
33271,25,18
timeStep,numberOfRobotsOnBlackSite,numberOfRobotsOnWhiteSite
33272,25,18
timeStep,numberOfRobotsOnBlackSite,numberOfRobotsOnWhiteSite
33273,25,18
timeStep,numberOfRobotsOnBlackSite,numberOfRobotsOnWhiteSite
33274,25,18
timeStep,numberOfRobotsOnBlackSite,numberOfRobotsOnWhiteSite
33275,25,18
timeStep,numberOfRobotsOnBlackSite,numberOfRobotsOnWhiteSite
33276,25,18
timeStep,numberOfRobotsOnBlackSite,numberOfRobotsOnWhiteSite
33277,25,18
timeStep,numberOfRobotsOnBlackSite,numberOfRobotsOnWhiteSite
33278,25,18
timeStep,numberOfRobotsOnBlackSite,numberOfRobotsOnWhiteSite
33279,25,18
timeStep,numberOfRobotsOnBlackSite,numberOfRobotsOnWhiteSite
33280,25,18
timeStep,numberOfRobotsOnBlackSite,numberOfRobotsOnWhiteSite
33281,25,18
timeStep,numberOfRobotsOnBlackSite,numberOfRobotsOnWhiteSite
33282,25,18
timeStep,numberOfRobotsOnBlackSite,numberOfRobotsOnWhiteSite
33283,25,18
timeStep,numberOfRobotsOnBlackSite,numberOfRobotsOnWhiteSite
33284,25,18
timeStep,numberOfRobotsOnBlackSite,numberOfRobotsOnWhiteSite
33285,25,18
timeStep,numberOfRobotsOnBlackSite,numberOfRobotsOnWhiteSite
33286,25,18
timeStep,numberOfRobotsOnBlackSite,numberOfRobotsOnWhiteSite
33287,25,18
timeStep,numberOfRobotsOnBlackSite,numberOfRobotsOnWhiteSite
33288,25,18
timeStep,numberOfRobotsOnBlackSite,numberOfRobotsOnWhiteSite
33289,25,18
timeStep,numberOfRobotsOnBlackSite,numberOfRobotsOnWhiteSite
33290,25,18
timeStep,numberOfRobotsOnBlackSite,numberOfRobotsOnWhiteSite
33291,25,18
timeStep,numberOfRobotsOnBlackSite,numberOfRobotsOnWhiteSite
33292,25,18
timeStep,numberOfRobotsOnBlackSite,numberOfRobotsOnWhiteSite
33293,25,18
timeStep,numberOfRobotsOnBlackSite,numberOfRobotsOnWhiteSite
33294,25,18
timeStep,numberOfRobotsOnBlackSite,numberOfRobotsOnWhiteSite
33295,25,18
timeStep,numberOfRobotsOnBlackSite,numberOfRobotsOnWhiteSite
33296,25,18
timeStep,numberOfRobotsOnBlackSite,numberOfRobotsOnWhiteSite
33297,25,18
timeStep,numberOfRobotsOnBlackSite,numberOfRobotsOnWhiteSite
33298,25,18
timeStep,numberOfRobotsOnBlackSite,numberOfRobotsOnWhiteSite
33299,25,18
timeStep,numberOfRobotsOnBlackSite,numberOfRobotsOnWhiteSite
33300,25,18
timeStep,numberOfRobotsOnBlackSite,numberOfRobotsOnWhiteSite
33301,25,18
timeStep,numberOfRobotsOnBlackSite,numberOfRobotsOnWhiteSite
33302,25,18
timeStep,numberOfRobotsOnBlackSite,numberOfRobotsOnWhiteSite
33303,25,18
timeStep,numberOfRobotsOnBlackSite,numberOfRobotsOnWhiteSite
33304,25,18
timeStep,numberOfRobotsOnBlackSite,numberOfRobotsOnWhiteSite
33305,25,18
timeStep,numberOfRobotsOnBlackSite,numberOfRobotsOnWhiteSite
33306,25,18
timeStep,numberOfRobotsOnBlackSite,numberOfRobotsOnWhiteSite
33307,25,18
timeStep,numberOfRobotsOnBlackSite,numberOfRobotsOnWhiteSite
33308,25,18
timeStep,numberOfRobotsOnBlackSite,numberOfRobotsOnWhiteSite
33309,25,18
timeStep,numberOfRobotsOnBlackSite,numberOfRobotsOnWhiteSite
33310,25,18
timeStep,numberOfRobotsOnBlackSite,numberOfRobotsOnWhiteSite
33311,25,18
timeStep,numberOfRobotsOnBlackSite,numberOfRobotsOnWhiteSite
33312,25,18
timeStep,numberOfRobotsOnBlackSite,numberOfRobotsOnWhiteSite
33313,25,18
timeStep,numberOfRobotsOnBlackSite,numberOfRobotsOnWhiteSite
33314,25,18
timeStep,numberOfRobotsOnBlackSite,numberOfRobotsOnWhiteSite
33315,25,18
timeStep,numberOfRobotsOnBlackSite,numberOfRobotsOnWhiteSite
33316,25,18
timeStep,numberOfRobotsOnBlackSite,numberOfRobotsOnWhiteSite
33317,25,18
timeStep,numberOfRobotsOnBlackSite,numberOfRobotsOnWhiteSite
33318,25,18
timeStep,numberOfRobotsOnBlackSite,numberOfRobotsOnWhiteSite
33319,25,18
timeStep,numberOfRobotsOnBlackSite,numberOfRobotsOnWhiteSite
33320,25,18
timeStep,numberOfRobotsOnBlackSite,numberOfRobotsOnWhiteSite
33321,25,18
timeStep,numberOfRobotsOnBlackSite,numberOfRobotsOnWhiteSite
33322,25,18
timeStep,numberOfRobotsOnBlackSite,numberOfRobotsOnWhiteSite
33323,25,18
timeStep,numberOfRobotsOnBlackSite,numberOfRobotsOnWhiteSite
33324,25,18
timeStep,numberOfRobotsOnBlackSite,numberOfRobotsOnWhiteSite
33325,25,18
timeStep,numberOfRobotsOnBlackSite,numberOfRobotsOnWhiteSite
33326,25,18
timeStep,numberOfRobotsOnBlackSite,numberOfRobotsOnWhiteSite
33327,25,18
timeStep,numberOfRobotsOnBlackSite,numberOfRobotsOnWhiteSite
33328,25,18
timeStep,numberOfRobotsOnBlackSite,numberOfRobotsOnWhiteSite
33329,25,18
timeStep,numberOfRobotsOnBlackSite,numberOfRobotsOnWhiteSite
33330,25,18
timeStep,numberOfRobotsOnBlackSite,numberOfRobotsOnWhiteSite
33331,25,18
timeStep,numberOfRobotsOnBlackSite,numberOfRobotsOnWhiteSite
33332,25,18
timeStep,numberOfRobotsOnBlackSite,numberOfRobotsOnWhiteSite
33333,25,18
timeStep,numberOfRobotsOnBlackSite,numberOfRobotsOnWhiteSite
33334,25,18
timeStep,numberOfRobotsOnBlackSite,numberOfRobotsOnWhiteSite
33335,25,18
timeStep,numberOfRobotsOnBlackSite,numberOfRobotsOnWhiteSite
33336,25,18
timeStep,numberOfRobotsOnBlackSite,numberOfRobotsOnWhiteSite
33337,25,18
timeStep,numberOfRobotsOnBlackSite,numberOfRobotsOnWhiteSite
33338,25,18
timeStep,numberOfRobotsOnBlackSite,numberOfRobotsOnWhiteSite
33339,25,18
timeStep,numberOfRobotsOnBlackSite,numberOfRobotsOnWhiteSite
33340,25,18
timeStep,numberOfRobotsOnBlackSite,numberOfRobotsOnWhiteSite
33341,25,18
timeStep,numberOfRobotsOnBlackSite,numberOfRobotsOnWhiteSite
33342,25,18
timeStep,numberOfRobotsOnBlackSite,numberOfRobotsOnWhiteSite
33343,25,18
timeStep,numberOfRobotsOnBlackSite,numberOfRobotsOnWhiteSite
33344,25,18
timeStep,numberOfRobotsOnBlackSite,numberOfRobotsOnWhiteSite
33345,25,18
timeStep,numberOfRobotsOnBlackSite,numberOfRobotsOnWhiteSite
33346,25,18
timeStep,numberOfRobotsOnBlackSite,numberOfRobotsOnWhiteSite
33347,25,18
timeStep,numberOfRobotsOnBlackSite,numberOfRobotsOnWhiteSite
33348,25,18
timeStep,numberOfRobotsOnBlackSite,numberOfRobotsOnWhiteSite
33349,25,18
timeStep,numberOfRobotsOnBlackSite,numberOfRobotsOnWhiteSite
33350,25,18
timeStep,numberOfRobotsOnBlackSite,numberOfRobotsOnWhiteSite
33351,25,18
timeStep,numberOfRobotsOnBlackSite,numberOfRobotsOnWhiteSite
33352,25,18
timeStep,numberOfRobotsOnBlackSite,numberOfRobotsOnWhiteSite
33353,25,18
timeStep,numberOfRobotsOnBlackSite,numberOfRobotsOnWhiteSite
33354,25,18
timeStep,numberOfRobotsOnBlackSite,numberOfRobotsOnWhiteSite
33355,25,18
timeStep,numberOfRobotsOnBlackSite,numberOfRobotsOnWhiteSite
33356,25,18
timeStep,numberOfRobotsOnBlackSite,numberOfRobotsOnWhiteSite
33357,25,18
timeStep,numberOfRobotsOnBlackSite,numberOfRobotsOnWhiteSite
33358,25,18
timeStep,numberOfRobotsOnBlackSite,numberOfRobotsOnWhiteSite
33359,25,18
timeStep,numberOfRobotsOnBlackSite,numberOfRobotsOnWhiteSite
33360,25,18
timeStep,numberOfRobotsOnBlackSite,numberOfRobotsOnWhiteSite
33361,25,18
timeStep,numberOfRobotsOnBlackSite,numberOfRobotsOnWhiteSite
33362,25,18
timeStep,numberOfRobotsOnBlackSite,numberOfRobotsOnWhiteSite
33363,25,18
timeStep,numberOfRobotsOnBlackSite,numberOfRobotsOnWhiteSite
33364,25,18
timeStep,numberOfRobotsOnBlackSite,numberOfRobotsOnWhiteSite
33365,25,18
timeStep,numberOfRobotsOnBlackSite,numberOfRobotsOnWhiteSite
33366,25,18
timeStep,numberOfRobotsOnBlackSite,numberOfRobotsOnWhiteSite
33367,25,18
timeStep,numberOfRobotsOnBlackSite,numberOfRobotsOnWhiteSite
33368,25,18
timeStep,numberOfRobotsOnBlackSite,numberOfRobotsOnWhiteSite
33369,25,18
timeStep,numberOfRobotsOnBlackSite,numberOfRobotsOnWhiteSite
33370,25,18
timeStep,numberOfRobotsOnBlackSite,numberOfRobotsOnWhiteSite
33371,25,18
timeStep,numberOfRobotsOnBlackSite,numberOfRobotsOnWhiteSite
33372,25,18
timeStep,numberOfRobotsOnBlackSite,numberOfRobotsOnWhiteSite
33373,25,18
timeStep,numberOfRobotsOnBlackSite,numberOfRobotsOnWhiteSite
33374,25,18
timeStep,numberOfRobotsOnBlackSite,numberOfRobotsOnWhiteSite
33375,25,18
timeStep,numberOfRobotsOnBlackSite,numberOfRobotsOnWhiteSite
33376,25,18
timeStep,numberOfRobotsOnBlackSite,numberOfRobotsOnWhiteSite
33377,25,18
timeStep,numberOfRobotsOnBlackSite,numberOfRobotsOnWhiteSite
33378,25,18
timeStep,numberOfRobotsOnBlackSite,numberOfRobotsOnWhiteSite
33379,25,18
timeStep,numberOfRobotsOnBlackSite,numberOfRobotsOnWhiteSite
33380,25,18
timeStep,numberOfRobotsOnBlackSite,numberOfRobotsOnWhiteSite
33381,25,18
timeStep,numberOfRobotsOnBlackSite,numberOfRobotsOnWhiteSite
33382,25,18
timeStep,numberOfRobotsOnBlackSite,numberOfRobotsOnWhiteSite
33383,25,18
timeStep,numberOfRobotsOnBlackSite,numberOfRobotsOnWhiteSite
33384,25,18
timeStep,numberOfRobotsOnBlackSite,numberOfRobotsOnWhiteSite
33385,25,18
timeStep,numberOfRobotsOnBlackSite,numberOfRobotsOnWhiteSite
33386,25,18
timeStep,numberOfRobotsOnBlackSite,numberOfRobotsOnWhiteSite
33387,25,18
timeStep,numberOfRobotsOnBlackSite,numberOfRobotsOnWhiteSite
33388,25,18
timeStep,numberOfRobotsOnBlackSite,numberOfRobotsOnWhiteSite
33389,25,18
timeStep,numberOfRobotsOnBlackSite,numberOfRobotsOnWhiteSite
33390,25,18
timeStep,numberOfRobotsOnBlackSite,numberOfRobotsOnWhiteSite
33391,25,18
timeStep,numberOfRobotsOnBlackSite,numberOfRobotsOnWhiteSite
33392,25,18
timeStep,numberOfRobotsOnBlackSite,numberOfRobotsOnWhiteSite
33393,25,18
timeStep,numberOfRobotsOnBlackSite,numberOfRobotsOnWhiteSite
33394,25,18
timeStep,numberOfRobotsOnBlackSite,numberOfRobotsOnWhiteSite
33395,25,18
timeStep,numberOfRobotsOnBlackSite,numberOfRobotsOnWhiteSite
33396,25,18
timeStep,numberOfRobotsOnBlackSite,numberOfRobotsOnWhiteSite
33397,25,18
timeStep,numberOfRobotsOnBlackSite,numberOfRobotsOnWhiteSite
33398,25,18
timeStep,numberOfRobotsOnBlackSite,numberOfRobotsOnWhiteSite
33399,25,18
timeStep,numberOfRobotsOnBlackSite,numberOfRobotsOnWhiteSite
33400,25,18
timeStep,numberOfRobotsOnBlackSite,numberOfRobotsOnWhiteSite
33401,25,18
timeStep,numberOfRobotsOnBlackSite,numberOfRobotsOnWhiteSite
33402,25,18
timeStep,numberOfRobotsOnBlackSite,numberOfRobotsOnWhiteSite
33403,25,18
timeStep,numberOfRobotsOnBlackSite,numberOfRobotsOnWhiteSite
33404,25,18
timeStep,numberOfRobotsOnBlackSite,numberOfRobotsOnWhiteSite
33405,25,18
timeStep,numberOfRobotsOnBlackSite,numberOfRobotsOnWhiteSite
33406,25,18
timeStep,numberOfRobotsOnBlackSite,numberOfRobotsOnWhiteSite
33407,25,18
timeStep,numberOfRobotsOnBlackSite,numberOfRobotsOnWhiteSite
33408,25,18
timeStep,numberOfRobotsOnBlackSite,numberOfRobotsOnWhiteSite
33409,25,18
timeStep,numberOfRobotsOnBlackSite,numberOfRobotsOnWhiteSite
33410,25,18
timeStep,numberOfRobotsOnBlackSite,numberOfRobotsOnWhiteSite
33411,25,18
timeStep,numberOfRobotsOnBlackSite,numberOfRobotsOnWhiteSite
33412,25,18
timeStep,numberOfRobotsOnBlackSite,numberOfRobotsOnWhiteSite
33413,25,18
timeStep,numberOfRobotsOnBlackSite,numberOfRobotsOnWhiteSite
33414,25,18
timeStep,numberOfRobotsOnBlackSite,numberOfRobotsOnWhiteSite
33415,26,18
timeStep,numberOfRobotsOnBlackSite,numberOfRobotsOnWhiteSite
33416,26,18
timeStep,numberOfRobotsOnBlackSite,numberOfRobotsOnWhiteSite
33417,26,18
timeStep,numberOfRobotsOnBlackSite,numberOfRobotsOnWhiteSite
33418,26,18
timeStep,numberOfRobotsOnBlackSite,numberOfRobotsOnWhiteSite
33419,26,18
timeStep,numberOfRobotsOnBlackSite,numberOfRobotsOnWhiteSite
33420,26,18
timeStep,numberOfRobotsOnBlackSite,numberOfRobotsOnWhiteSite
33421,26,18
timeStep,numberOfRobotsOnBlackSite,numberOfRobotsOnWhiteSite
33422,26,18
timeStep,numberOfRobotsOnBlackSite,numberOfRobotsOnWhiteSite
33423,26,18
timeStep,numberOfRobotsOnBlackSite,numberOfRobotsOnWhiteSite
33424,26,18
timeStep,numberOfRobotsOnBlackSite,numberOfRobotsOnWhiteSite
33425,26,18
timeStep,numberOfRobotsOnBlackSite,numberOfRobotsOnWhiteSite
33426,26,18
timeStep,numberOfRobotsOnBlackSite,numberOfRobotsOnWhiteSite
33427,26,18
timeStep,numberOfRobotsOnBlackSite,numberOfRobotsOnWhiteSite
33428,26,18
timeStep,numberOfRobotsOnBlackSite,numberOfRobotsOnWhiteSite
33429,26,18
timeStep,numberOfRobotsOnBlackSite,numberOfRobotsOnWhiteSite
33430,26,18
timeStep,numberOfRobotsOnBlackSite,numberOfRobotsOnWhiteSite
33431,26,18
timeStep,numberOfRobotsOnBlackSite,numberOfRobotsOnWhiteSite
33432,26,18
timeStep,numberOfRobotsOnBlackSite,numberOfRobotsOnWhiteSite
33433,26,18
timeStep,numberOfRobotsOnBlackSite,numberOfRobotsOnWhiteSite
33434,26,18
timeStep,numberOfRobotsOnBlackSite,numberOfRobotsOnWhiteSite
33435,26,18
timeStep,numberOfRobotsOnBlackSite,numberOfRobotsOnWhiteSite
33436,26,18
timeStep,numberOfRobotsOnBlackSite,numberOfRobotsOnWhiteSite
33437,26,18
timeStep,numberOfRobotsOnBlackSite,numberOfRobotsOnWhiteSite
33438,26,18
timeStep,numberOfRobotsOnBlackSite,numberOfRobotsOnWhiteSite
33439,26,18
timeStep,numberOfRobotsOnBlackSite,numberOfRobotsOnWhiteSite
33440,26,18
timeStep,numberOfRobotsOnBlackSite,numberOfRobotsOnWhiteSite
33441,26,18
timeStep,numberOfRobotsOnBlackSite,numberOfRobotsOnWhiteSite
33442,26,18
timeStep,numberOfRobotsOnBlackSite,numberOfRobotsOnWhiteSite
33443,26,18
timeStep,numberOfRobotsOnBlackSite,numberOfRobotsOnWhiteSite
33444,26,18
timeStep,numberOfRobotsOnBlackSite,numberOfRobotsOnWhiteSite
33445,26,18
timeStep,numberOfRobotsOnBlackSite,numberOfRobotsOnWhiteSite
33446,26,18
timeStep,numberOfRobotsOnBlackSite,numberOfRobotsOnWhiteSite
33447,26,18
timeStep,numberOfRobotsOnBlackSite,numberOfRobotsOnWhiteSite
33448,26,18
timeStep,numberOfRobotsOnBlackSite,numberOfRobotsOnWhiteSite
33449,26,18
timeStep,numberOfRobotsOnBlackSite,numberOfRobotsOnWhiteSite
33450,25,18
timeStep,numberOfRobotsOnBlackSite,numberOfRobotsOnWhiteSite
33451,25,18
timeStep,numberOfRobotsOnBlackSite,numberOfRobotsOnWhiteSite
33452,25,18
timeStep,numberOfRobotsOnBlackSite,numberOfRobotsOnWhiteSite
33453,25,18
timeStep,numberOfRobotsOnBlackSite,numberOfRobotsOnWhiteSite
33454,25,18
timeStep,numberOfRobotsOnBlackSite,numberOfRobotsOnWhiteSite
33455,25,18
timeStep,numberOfRobotsOnBlackSite,numberOfRobotsOnWhiteSite
33456,25,18
timeStep,numberOfRobotsOnBlackSite,numberOfRobotsOnWhiteSite
33457,25,18
timeStep,numberOfRobotsOnBlackSite,numberOfRobotsOnWhiteSite
33458,25,18
timeStep,numberOfRobotsOnBlackSite,numberOfRobotsOnWhiteSite
33459,25,18
timeStep,numberOfRobotsOnBlackSite,numberOfRobotsOnWhiteSite
33460,25,18
timeStep,numberOfRobotsOnBlackSite,numberOfRobotsOnWhiteSite
33461,25,18
timeStep,numberOfRobotsOnBlackSite,numberOfRobotsOnWhiteSite
33462,25,18
timeStep,numberOfRobotsOnBlackSite,numberOfRobotsOnWhiteSite
33463,25,18
timeStep,numberOfRobotsOnBlackSite,numberOfRobotsOnWhiteSite
33464,25,18
timeStep,numberOfRobotsOnBlackSite,numberOfRobotsOnWhiteSite
33465,25,18
timeStep,numberOfRobotsOnBlackSite,numberOfRobotsOnWhiteSite
33466,25,18
timeStep,numberOfRobotsOnBlackSite,numberOfRobotsOnWhiteSite
33467,25,18
timeStep,numberOfRobotsOnBlackSite,numberOfRobotsOnWhiteSite
33468,25,18
timeStep,numberOfRobotsOnBlackSite,numberOfRobotsOnWhiteSite
33469,25,18
timeStep,numberOfRobotsOnBlackSite,numberOfRobotsOnWhiteSite
33470,25,18
timeStep,numberOfRobotsOnBlackSite,numberOfRobotsOnWhiteSite
33471,25,18
timeStep,numberOfRobotsOnBlackSite,numberOfRobotsOnWhiteSite
33472,25,18
timeStep,numberOfRobotsOnBlackSite,numberOfRobotsOnWhiteSite
33473,25,18
timeStep,numberOfRobotsOnBlackSite,numberOfRobotsOnWhiteSite
33474,25,18
timeStep,numberOfRobotsOnBlackSite,numberOfRobotsOnWhiteSite
33475,25,18
timeStep,numberOfRobotsOnBlackSite,numberOfRobotsOnWhiteSite
33476,25,18
timeStep,numberOfRobotsOnBlackSite,numberOfRobotsOnWhiteSite
33477,25,18
timeStep,numberOfRobotsOnBlackSite,numberOfRobotsOnWhiteSite
33478,25,18
timeStep,numberOfRobotsOnBlackSite,numberOfRobotsOnWhiteSite
33479,25,18
timeStep,numberOfRobotsOnBlackSite,numberOfRobotsOnWhiteSite
33480,25,18
timeStep,numberOfRobotsOnBlackSite,numberOfRobotsOnWhiteSite
33481,25,18
timeStep,numberOfRobotsOnBlackSite,numberOfRobotsOnWhiteSite
33482,25,18
timeStep,numberOfRobotsOnBlackSite,numberOfRobotsOnWhiteSite
33483,25,18
timeStep,numberOfRobotsOnBlackSite,numberOfRobotsOnWhiteSite
33484,25,18
timeStep,numberOfRobotsOnBlackSite,numberOfRobotsOnWhiteSite
33485,25,18
timeStep,numberOfRobotsOnBlackSite,numberOfRobotsOnWhiteSite
33486,25,18
timeStep,numberOfRobotsOnBlackSite,numberOfRobotsOnWhiteSite
33487,25,18
timeStep,numberOfRobotsOnBlackSite,numberOfRobotsOnWhiteSite
33488,25,18
timeStep,numberOfRobotsOnBlackSite,numberOfRobotsOnWhiteSite
33489,25,18
timeStep,numberOfRobotsOnBlackSite,numberOfRobotsOnWhiteSite
33490,25,18
timeStep,numberOfRobotsOnBlackSite,numberOfRobotsOnWhiteSite
33491,25,18
timeStep,numberOfRobotsOnBlackSite,numberOfRobotsOnWhiteSite
33492,25,18
timeStep,numberOfRobotsOnBlackSite,numberOfRobotsOnWhiteSite
33493,25,18
timeStep,numberOfRobotsOnBlackSite,numberOfRobotsOnWhiteSite
33494,25,18
timeStep,numberOfRobotsOnBlackSite,numberOfRobotsOnWhiteSite
33495,25,18
timeStep,numberOfRobotsOnBlackSite,numberOfRobotsOnWhiteSite
33496,25,18
timeStep,numberOfRobotsOnBlackSite,numberOfRobotsOnWhiteSite
33497,25,18
timeStep,numberOfRobotsOnBlackSite,numberOfRobotsOnWhiteSite
33498,25,18
timeStep,numberOfRobotsOnBlackSite,numberOfRobotsOnWhiteSite
33499,25,18
timeStep,numberOfRobotsOnBlackSite,numberOfRobotsOnWhiteSite
33500,25,18
timeStep,numberOfRobotsOnBlackSite,numberOfRobotsOnWhiteSite
33501,25,18
timeStep,numberOfRobotsOnBlackSite,numberOfRobotsOnWhiteSite
33502,25,18
timeStep,numberOfRobotsOnBlackSite,numberOfRobotsOnWhiteSite
33503,25,18
timeStep,numberOfRobotsOnBlackSite,numberOfRobotsOnWhiteSite
33504,25,18
timeStep,numberOfRobotsOnBlackSite,numberOfRobotsOnWhiteSite
33505,25,18
timeStep,numberOfRobotsOnBlackSite,numberOfRobotsOnWhiteSite
33506,25,18
timeStep,numberOfRobotsOnBlackSite,numberOfRobotsOnWhiteSite
33507,25,18
timeStep,numberOfRobotsOnBlackSite,numberOfRobotsOnWhiteSite
33508,25,18
timeStep,numberOfRobotsOnBlackSite,numberOfRobotsOnWhiteSite
33509,25,18
timeStep,numberOfRobotsOnBlackSite,numberOfRobotsOnWhiteSite
33510,25,18
timeStep,numberOfRobotsOnBlackSite,numberOfRobotsOnWhiteSite
33511,25,18
timeStep,numberOfRobotsOnBlackSite,numberOfRobotsOnWhiteSite
33512,25,18
timeStep,numberOfRobotsOnBlackSite,numberOfRobotsOnWhiteSite
33513,25,18
timeStep,numberOfRobotsOnBlackSite,numberOfRobotsOnWhiteSite
33514,25,18
timeStep,numberOfRobotsOnBlackSite,numberOfRobotsOnWhiteSite
33515,24,18
timeStep,numberOfRobotsOnBlackSite,numberOfRobotsOnWhiteSite
33516,24,18
timeStep,numberOfRobotsOnBlackSite,numberOfRobotsOnWhiteSite
33517,24,18
timeStep,numberOfRobotsOnBlackSite,numberOfRobotsOnWhiteSite
33518,24,18
timeStep,numberOfRobotsOnBlackSite,numberOfRobotsOnWhiteSite
33519,24,18
timeStep,numberOfRobotsOnBlackSite,numberOfRobotsOnWhiteSite
33520,24,18
timeStep,numberOfRobotsOnBlackSite,numberOfRobotsOnWhiteSite
33521,24,18
timeStep,numberOfRobotsOnBlackSite,numberOfRobotsOnWhiteSite
33522,24,18
timeStep,numberOfRobotsOnBlackSite,numberOfRobotsOnWhiteSite
33523,24,18
timeStep,numberOfRobotsOnBlackSite,numberOfRobotsOnWhiteSite
33524,24,18
timeStep,numberOfRobotsOnBlackSite,numberOfRobotsOnWhiteSite
33525,24,18
timeStep,numberOfRobotsOnBlackSite,numberOfRobotsOnWhiteSite
33526,24,18
timeStep,numberOfRobotsOnBlackSite,numberOfRobotsOnWhiteSite
33527,24,18
timeStep,numberOfRobotsOnBlackSite,numberOfRobotsOnWhiteSite
33528,24,18
timeStep,numberOfRobotsOnBlackSite,numberOfRobotsOnWhiteSite
33529,24,18
timeStep,numberOfRobotsOnBlackSite,numberOfRobotsOnWhiteSite
33530,24,18
timeStep,numberOfRobotsOnBlackSite,numberOfRobotsOnWhiteSite
33531,24,18
timeStep,numberOfRobotsOnBlackSite,numberOfRobotsOnWhiteSite
33532,24,18
timeStep,numberOfRobotsOnBlackSite,numberOfRobotsOnWhiteSite
33533,24,18
timeStep,numberOfRobotsOnBlackSite,numberOfRobotsOnWhiteSite
33534,24,18
timeStep,numberOfRobotsOnBlackSite,numberOfRobotsOnWhiteSite
33535,24,18
timeStep,numberOfRobotsOnBlackSite,numberOfRobotsOnWhiteSite
33536,24,18
timeStep,numberOfRobotsOnBlackSite,numberOfRobotsOnWhiteSite
33537,24,18
timeStep,numberOfRobotsOnBlackSite,numberOfRobotsOnWhiteSite
33538,24,18
timeStep,numberOfRobotsOnBlackSite,numberOfRobotsOnWhiteSite
33539,24,18
timeStep,numberOfRobotsOnBlackSite,numberOfRobotsOnWhiteSite
33540,24,18
timeStep,numberOfRobotsOnBlackSite,numberOfRobotsOnWhiteSite
33541,24,18
timeStep,numberOfRobotsOnBlackSite,numberOfRobotsOnWhiteSite
33542,24,18
timeStep,numberOfRobotsOnBlackSite,numberOfRobotsOnWhiteSite
33543,24,18
timeStep,numberOfRobotsOnBlackSite,numberOfRobotsOnWhiteSite
33544,24,18
timeStep,numberOfRobotsOnBlackSite,numberOfRobotsOnWhiteSite
33545,24,18
timeStep,numberOfRobotsOnBlackSite,numberOfRobotsOnWhiteSite
33546,24,18
timeStep,numberOfRobotsOnBlackSite,numberOfRobotsOnWhiteSite
33547,24,18
timeStep,numberOfRobotsOnBlackSite,numberOfRobotsOnWhiteSite
33548,24,18
timeStep,numberOfRobotsOnBlackSite,numberOfRobotsOnWhiteSite
33549,24,18
timeStep,numberOfRobotsOnBlackSite,numberOfRobotsOnWhiteSite
33550,24,18
timeStep,numberOfRobotsOnBlackSite,numberOfRobotsOnWhiteSite
33551,24,18
timeStep,numberOfRobotsOnBlackSite,numberOfRobotsOnWhiteSite
33552,24,18
timeStep,numberOfRobotsOnBlackSite,numberOfRobotsOnWhiteSite
33553,24,18
timeStep,numberOfRobotsOnBlackSite,numberOfRobotsOnWhiteSite
33554,24,18
timeStep,numberOfRobotsOnBlackSite,numberOfRobotsOnWhiteSite
33555,24,18
timeStep,numberOfRobotsOnBlackSite,numberOfRobotsOnWhiteSite
33556,24,18
timeStep,numberOfRobotsOnBlackSite,numberOfRobotsOnWhiteSite
33557,24,18
timeStep,numberOfRobotsOnBlackSite,numberOfRobotsOnWhiteSite
33558,24,18
timeStep,numberOfRobotsOnBlackSite,numberOfRobotsOnWhiteSite
33559,24,18
timeStep,numberOfRobotsOnBlackSite,numberOfRobotsOnWhiteSite
33560,24,18
timeStep,numberOfRobotsOnBlackSite,numberOfRobotsOnWhiteSite
33561,24,18
timeStep,numberOfRobotsOnBlackSite,numberOfRobotsOnWhiteSite
33562,24,18
timeStep,numberOfRobotsOnBlackSite,numberOfRobotsOnWhiteSite
33563,24,18
timeStep,numberOfRobotsOnBlackSite,numberOfRobotsOnWhiteSite
33564,24,18
timeStep,numberOfRobotsOnBlackSite,numberOfRobotsOnWhiteSite
33565,24,18
timeStep,numberOfRobotsOnBlackSite,numberOfRobotsOnWhiteSite
33566,24,18
timeStep,numberOfRobotsOnBlackSite,numberOfRobotsOnWhiteSite
33567,24,18
timeStep,numberOfRobotsOnBlackSite,numberOfRobotsOnWhiteSite
33568,24,18
timeStep,numberOfRobotsOnBlackSite,numberOfRobotsOnWhiteSite
33569,24,18
timeStep,numberOfRobotsOnBlackSite,numberOfRobotsOnWhiteSite
33570,24,18
timeStep,numberOfRobotsOnBlackSite,numberOfRobotsOnWhiteSite
33571,24,18
timeStep,numberOfRobotsOnBlackSite,numberOfRobotsOnWhiteSite
33572,24,18
timeStep,numberOfRobotsOnBlackSite,numberOfRobotsOnWhiteSite
33573,24,18
timeStep,numberOfRobotsOnBlackSite,numberOfRobotsOnWhiteSite
33574,24,18
timeStep,numberOfRobotsOnBlackSite,numberOfRobotsOnWhiteSite
33575,24,18
timeStep,numberOfRobotsOnBlackSite,numberOfRobotsOnWhiteSite
33576,24,18
timeStep,numberOfRobotsOnBlackSite,numberOfRobotsOnWhiteSite
33577,24,18
timeStep,numberOfRobotsOnBlackSite,numberOfRobotsOnWhiteSite
33578,24,18
timeStep,numberOfRobotsOnBlackSite,numberOfRobotsOnWhiteSite
33579,24,18
timeStep,numberOfRobotsOnBlackSite,numberOfRobotsOnWhiteSite
33580,24,18
timeStep,numberOfRobotsOnBlackSite,numberOfRobotsOnWhiteSite
33581,24,18
timeStep,numberOfRobotsOnBlackSite,numberOfRobotsOnWhiteSite
33582,24,18
timeStep,numberOfRobotsOnBlackSite,numberOfRobotsOnWhiteSite
33583,24,18
timeStep,numberOfRobotsOnBlackSite,numberOfRobotsOnWhiteSite
33584,24,18
timeStep,numberOfRobotsOnBlackSite,numberOfRobotsOnWhiteSite
33585,24,18
timeStep,numberOfRobotsOnBlackSite,numberOfRobotsOnWhiteSite
33586,24,18
timeStep,numberOfRobotsOnBlackSite,numberOfRobotsOnWhiteSite
33587,24,18
timeStep,numberOfRobotsOnBlackSite,numberOfRobotsOnWhiteSite
33588,24,18
timeStep,numberOfRobotsOnBlackSite,numberOfRobotsOnWhiteSite
33589,24,18
timeStep,numberOfRobotsOnBlackSite,numberOfRobotsOnWhiteSite
33590,24,18
timeStep,numberOfRobotsOnBlackSite,numberOfRobotsOnWhiteSite
33591,24,18
timeStep,numberOfRobotsOnBlackSite,numberOfRobotsOnWhiteSite
33592,24,18
timeStep,numberOfRobotsOnBlackSite,numberOfRobotsOnWhiteSite
33593,24,18
timeStep,numberOfRobotsOnBlackSite,numberOfRobotsOnWhiteSite
33594,24,18
timeStep,numberOfRobotsOnBlackSite,numberOfRobotsOnWhiteSite
33595,24,18
timeStep,numberOfRobotsOnBlackSite,numberOfRobotsOnWhiteSite
33596,24,18
timeStep,numberOfRobotsOnBlackSite,numberOfRobotsOnWhiteSite
33597,24,18
timeStep,numberOfRobotsOnBlackSite,numberOfRobotsOnWhiteSite
33598,24,18
timeStep,numberOfRobotsOnBlackSite,numberOfRobotsOnWhiteSite
33599,24,18
timeStep,numberOfRobotsOnBlackSite,numberOfRobotsOnWhiteSite
33600,24,18
timeStep,numberOfRobotsOnBlackSite,numberOfRobotsOnWhiteSite
33601,24,18
timeStep,numberOfRobotsOnBlackSite,numberOfRobotsOnWhiteSite
33602,24,18
timeStep,numberOfRobotsOnBlackSite,numberOfRobotsOnWhiteSite
33603,24,18
timeStep,numberOfRobotsOnBlackSite,numberOfRobotsOnWhiteSite
33604,24,18
timeStep,numberOfRobotsOnBlackSite,numberOfRobotsOnWhiteSite
33605,24,18
timeStep,numberOfRobotsOnBlackSite,numberOfRobotsOnWhiteSite
33606,24,18
timeStep,numberOfRobotsOnBlackSite,numberOfRobotsOnWhiteSite
33607,24,18
timeStep,numberOfRobotsOnBlackSite,numberOfRobotsOnWhiteSite
33608,24,18
timeStep,numberOfRobotsOnBlackSite,numberOfRobotsOnWhiteSite
33609,24,18
timeStep,numberOfRobotsOnBlackSite,numberOfRobotsOnWhiteSite
33610,24,18
timeStep,numberOfRobotsOnBlackSite,numberOfRobotsOnWhiteSite
33611,24,18
timeStep,numberOfRobotsOnBlackSite,numberOfRobotsOnWhiteSite
33612,24,18
timeStep,numberOfRobotsOnBlackSite,numberOfRobotsOnWhiteSite
33613,24,18
timeStep,numberOfRobotsOnBlackSite,numberOfRobotsOnWhiteSite
33614,24,18
timeStep,numberOfRobotsOnBlackSite,numberOfRobotsOnWhiteSite
33615,24,18
timeStep,numberOfRobotsOnBlackSite,numberOfRobotsOnWhiteSite
33616,24,18
timeStep,numberOfRobotsOnBlackSite,numberOfRobotsOnWhiteSite
33617,24,18
timeStep,numberOfRobotsOnBlackSite,numberOfRobotsOnWhiteSite
33618,24,18
timeStep,numberOfRobotsOnBlackSite,numberOfRobotsOnWhiteSite
33619,24,18
timeStep,numberOfRobotsOnBlackSite,numberOfRobotsOnWhiteSite
33620,24,18
timeStep,numberOfRobotsOnBlackSite,numberOfRobotsOnWhiteSite
33621,24,18
timeStep,numberOfRobotsOnBlackSite,numberOfRobotsOnWhiteSite
33622,24,18
timeStep,numberOfRobotsOnBlackSite,numberOfRobotsOnWhiteSite
33623,24,18
timeStep,numberOfRobotsOnBlackSite,numberOfRobotsOnWhiteSite
33624,24,18
timeStep,numberOfRobotsOnBlackSite,numberOfRobotsOnWhiteSite
33625,24,18
timeStep,numberOfRobotsOnBlackSite,numberOfRobotsOnWhiteSite
33626,24,18
timeStep,numberOfRobotsOnBlackSite,numberOfRobotsOnWhiteSite
33627,24,18
timeStep,numberOfRobotsOnBlackSite,numberOfRobotsOnWhiteSite
33628,24,18
timeStep,numberOfRobotsOnBlackSite,numberOfRobotsOnWhiteSite
33629,24,18
timeStep,numberOfRobotsOnBlackSite,numberOfRobotsOnWhiteSite
33630,24,18
timeStep,numberOfRobotsOnBlackSite,numberOfRobotsOnWhiteSite
33631,24,18
timeStep,numberOfRobotsOnBlackSite,numberOfRobotsOnWhiteSite
33632,24,18
timeStep,numberOfRobotsOnBlackSite,numberOfRobotsOnWhiteSite
33633,24,18
timeStep,numberOfRobotsOnBlackSite,numberOfRobotsOnWhiteSite
33634,24,18
timeStep,numberOfRobotsOnBlackSite,numberOfRobotsOnWhiteSite
33635,24,18
timeStep,numberOfRobotsOnBlackSite,numberOfRobotsOnWhiteSite
33636,24,18
timeStep,numberOfRobotsOnBlackSite,numberOfRobotsOnWhiteSite
33637,24,18
timeStep,numberOfRobotsOnBlackSite,numberOfRobotsOnWhiteSite
33638,24,18
timeStep,numberOfRobotsOnBlackSite,numberOfRobotsOnWhiteSite
33639,24,18
timeStep,numberOfRobotsOnBlackSite,numberOfRobotsOnWhiteSite
33640,24,18
timeStep,numberOfRobotsOnBlackSite,numberOfRobotsOnWhiteSite
33641,24,18
timeStep,numberOfRobotsOnBlackSite,numberOfRobotsOnWhiteSite
33642,24,18
timeStep,numberOfRobotsOnBlackSite,numberOfRobotsOnWhiteSite
33643,24,18
timeStep,numberOfRobotsOnBlackSite,numberOfRobotsOnWhiteSite
33644,24,18
timeStep,numberOfRobotsOnBlackSite,numberOfRobotsOnWhiteSite
33645,24,18
timeStep,numberOfRobotsOnBlackSite,numberOfRobotsOnWhiteSite
33646,24,18
timeStep,numberOfRobotsOnBlackSite,numberOfRobotsOnWhiteSite
33647,24,18
timeStep,numberOfRobotsOnBlackSite,numberOfRobotsOnWhiteSite
33648,24,18
timeStep,numberOfRobotsOnBlackSite,numberOfRobotsOnWhiteSite
33649,24,18
timeStep,numberOfRobotsOnBlackSite,numberOfRobotsOnWhiteSite
33650,24,18
timeStep,numberOfRobotsOnBlackSite,numberOfRobotsOnWhiteSite
33651,24,18
timeStep,numberOfRobotsOnBlackSite,numberOfRobotsOnWhiteSite
33652,24,18
timeStep,numberOfRobotsOnBlackSite,numberOfRobotsOnWhiteSite
33653,24,18
timeStep,numberOfRobotsOnBlackSite,numberOfRobotsOnWhiteSite
33654,24,18
timeStep,numberOfRobotsOnBlackSite,numberOfRobotsOnWhiteSite
33655,24,18
timeStep,numberOfRobotsOnBlackSite,numberOfRobotsOnWhiteSite
33656,24,18
timeStep,numberOfRobotsOnBlackSite,numberOfRobotsOnWhiteSite
33657,24,18
timeStep,numberOfRobotsOnBlackSite,numberOfRobotsOnWhiteSite
33658,24,18
timeStep,numberOfRobotsOnBlackSite,numberOfRobotsOnWhiteSite
33659,24,18
timeStep,numberOfRobotsOnBlackSite,numberOfRobotsOnWhiteSite
33660,24,18
timeStep,numberOfRobotsOnBlackSite,numberOfRobotsOnWhiteSite
33661,24,18
timeStep,numberOfRobotsOnBlackSite,numberOfRobotsOnWhiteSite
33662,24,18
timeStep,numberOfRobotsOnBlackSite,numberOfRobotsOnWhiteSite
33663,24,18
timeStep,numberOfRobotsOnBlackSite,numberOfRobotsOnWhiteSite
33664,24,18
timeStep,numberOfRobotsOnBlackSite,numberOfRobotsOnWhiteSite
33665,24,18
timeStep,numberOfRobotsOnBlackSite,numberOfRobotsOnWhiteSite
33666,24,18
timeStep,numberOfRobotsOnBlackSite,numberOfRobotsOnWhiteSite
33667,24,18
timeStep,numberOfRobotsOnBlackSite,numberOfRobotsOnWhiteSite
33668,24,18
timeStep,numberOfRobotsOnBlackSite,numberOfRobotsOnWhiteSite
33669,24,18
timeStep,numberOfRobotsOnBlackSite,numberOfRobotsOnWhiteSite
33670,24,18
timeStep,numberOfRobotsOnBlackSite,numberOfRobotsOnWhiteSite
33671,24,18
timeStep,numberOfRobotsOnBlackSite,numberOfRobotsOnWhiteSite
33672,24,18
timeStep,numberOfRobotsOnBlackSite,numberOfRobotsOnWhiteSite
33673,24,18
timeStep,numberOfRobotsOnBlackSite,numberOfRobotsOnWhiteSite
33674,24,18
timeStep,numberOfRobotsOnBlackSite,numberOfRobotsOnWhiteSite
33675,24,18
timeStep,numberOfRobotsOnBlackSite,numberOfRobotsOnWhiteSite
33676,24,18
timeStep,numberOfRobotsOnBlackSite,numberOfRobotsOnWhiteSite
33677,24,18
timeStep,numberOfRobotsOnBlackSite,numberOfRobotsOnWhiteSite
33678,24,18
timeStep,numberOfRobotsOnBlackSite,numberOfRobotsOnWhiteSite
33679,24,18
timeStep,numberOfRobotsOnBlackSite,numberOfRobotsOnWhiteSite
33680,24,18
timeStep,numberOfRobotsOnBlackSite,numberOfRobotsOnWhiteSite
33681,24,18
timeStep,numberOfRobotsOnBlackSite,numberOfRobotsOnWhiteSite
33682,24,18
timeStep,numberOfRobotsOnBlackSite,numberOfRobotsOnWhiteSite
33683,24,18
timeStep,numberOfRobotsOnBlackSite,numberOfRobotsOnWhiteSite
33684,24,18
timeStep,numberOfRobotsOnBlackSite,numberOfRobotsOnWhiteSite
33685,24,18
timeStep,numberOfRobotsOnBlackSite,numberOfRobotsOnWhiteSite
33686,24,18
timeStep,numberOfRobotsOnBlackSite,numberOfRobotsOnWhiteSite
33687,24,18
timeStep,numberOfRobotsOnBlackSite,numberOfRobotsOnWhiteSite
33688,24,18
timeStep,numberOfRobotsOnBlackSite,numberOfRobotsOnWhiteSite
33689,24,18
timeStep,numberOfRobotsOnBlackSite,numberOfRobotsOnWhiteSite
33690,24,19
timeStep,numberOfRobotsOnBlackSite,numberOfRobotsOnWhiteSite
33691,24,19
timeStep,numberOfRobotsOnBlackSite,numberOfRobotsOnWhiteSite
33692,24,19
timeStep,numberOfRobotsOnBlackSite,numberOfRobotsOnWhiteSite
33693,24,19
timeStep,numberOfRobotsOnBlackSite,numberOfRobotsOnWhiteSite
33694,24,19
timeStep,numberOfRobotsOnBlackSite,numberOfRobotsOnWhiteSite
33695,24,19
timeStep,numberOfRobotsOnBlackSite,numberOfRobotsOnWhiteSite
33696,24,19
timeStep,numberOfRobotsOnBlackSite,numberOfRobotsOnWhiteSite
33697,24,19
timeStep,numberOfRobotsOnBlackSite,numberOfRobotsOnWhiteSite
33698,24,19
timeStep,numberOfRobotsOnBlackSite,numberOfRobotsOnWhiteSite
33699,24,19
timeStep,numberOfRobotsOnBlackSite,numberOfRobotsOnWhiteSite
33700,24,19
timeStep,numberOfRobotsOnBlackSite,numberOfRobotsOnWhiteSite
33701,24,19
timeStep,numberOfRobotsOnBlackSite,numberOfRobotsOnWhiteSite
33702,24,19
timeStep,numberOfRobotsOnBlackSite,numberOfRobotsOnWhiteSite
33703,24,19
timeStep,numberOfRobotsOnBlackSite,numberOfRobotsOnWhiteSite
33704,24,19
timeStep,numberOfRobotsOnBlackSite,numberOfRobotsOnWhiteSite
33705,24,19
timeStep,numberOfRobotsOnBlackSite,numberOfRobotsOnWhiteSite
33706,24,19
timeStep,numberOfRobotsOnBlackSite,numberOfRobotsOnWhiteSite
33707,24,19
timeStep,numberOfRobotsOnBlackSite,numberOfRobotsOnWhiteSite
33708,24,19
timeStep,numberOfRobotsOnBlackSite,numberOfRobotsOnWhiteSite
33709,24,19
timeStep,numberOfRobotsOnBlackSite,numberOfRobotsOnWhiteSite
33710,24,19
timeStep,numberOfRobotsOnBlackSite,numberOfRobotsOnWhiteSite
33711,24,19
timeStep,numberOfRobotsOnBlackSite,numberOfRobotsOnWhiteSite
33712,24,19
timeStep,numberOfRobotsOnBlackSite,numberOfRobotsOnWhiteSite
33713,24,19
timeStep,numberOfRobotsOnBlackSite,numberOfRobotsOnWhiteSite
33714,24,19
timeStep,numberOfRobotsOnBlackSite,numberOfRobotsOnWhiteSite
33715,23,19
timeStep,numberOfRobotsOnBlackSite,numberOfRobotsOnWhiteSite
33716,23,19
timeStep,numberOfRobotsOnBlackSite,numberOfRobotsOnWhiteSite
33717,23,19
timeStep,numberOfRobotsOnBlackSite,numberOfRobotsOnWhiteSite
33718,23,19
timeStep,numberOfRobotsOnBlackSite,numberOfRobotsOnWhiteSite
33719,23,19
timeStep,numberOfRobotsOnBlackSite,numberOfRobotsOnWhiteSite
33720,23,19
timeStep,numberOfRobotsOnBlackSite,numberOfRobotsOnWhiteSite
33721,23,19
timeStep,numberOfRobotsOnBlackSite,numberOfRobotsOnWhiteSite
33722,23,19
timeStep,numberOfRobotsOnBlackSite,numberOfRobotsOnWhiteSite
33723,23,19
timeStep,numberOfRobotsOnBlackSite,numberOfRobotsOnWhiteSite
33724,23,19
timeStep,numberOfRobotsOnBlackSite,numberOfRobotsOnWhiteSite
33725,23,19
timeStep,numberOfRobotsOnBlackSite,numberOfRobotsOnWhiteSite
33726,23,19
timeStep,numberOfRobotsOnBlackSite,numberOfRobotsOnWhiteSite
33727,23,19
timeStep,numberOfRobotsOnBlackSite,numberOfRobotsOnWhiteSite
33728,23,19
timeStep,numberOfRobotsOnBlackSite,numberOfRobotsOnWhiteSite
33729,23,19
timeStep,numberOfRobotsOnBlackSite,numberOfRobotsOnWhiteSite
33730,23,19
timeStep,numberOfRobotsOnBlackSite,numberOfRobotsOnWhiteSite
33731,23,19
timeStep,numberOfRobotsOnBlackSite,numberOfRobotsOnWhiteSite
33732,23,19
timeStep,numberOfRobotsOnBlackSite,numberOfRobotsOnWhiteSite
33733,23,19
timeStep,numberOfRobotsOnBlackSite,numberOfRobotsOnWhiteSite
33734,23,19
timeStep,numberOfRobotsOnBlackSite,numberOfRobotsOnWhiteSite
33735,23,19
timeStep,numberOfRobotsOnBlackSite,numberOfRobotsOnWhiteSite
33736,23,19
timeStep,numberOfRobotsOnBlackSite,numberOfRobotsOnWhiteSite
33737,23,19
timeStep,numberOfRobotsOnBlackSite,numberOfRobotsOnWhiteSite
33738,23,19
timeStep,numberOfRobotsOnBlackSite,numberOfRobotsOnWhiteSite
33739,23,19
timeStep,numberOfRobotsOnBlackSite,numberOfRobotsOnWhiteSite
33740,23,19
timeStep,numberOfRobotsOnBlackSite,numberOfRobotsOnWhiteSite
33741,23,19
timeStep,numberOfRobotsOnBlackSite,numberOfRobotsOnWhiteSite
33742,23,19
timeStep,numberOfRobotsOnBlackSite,numberOfRobotsOnWhiteSite
33743,23,19
timeStep,numberOfRobotsOnBlackSite,numberOfRobotsOnWhiteSite
33744,23,19
timeStep,numberOfRobotsOnBlackSite,numberOfRobotsOnWhiteSite
33745,23,19
timeStep,numberOfRobotsOnBlackSite,numberOfRobotsOnWhiteSite
33746,23,19
timeStep,numberOfRobotsOnBlackSite,numberOfRobotsOnWhiteSite
33747,23,19
timeStep,numberOfRobotsOnBlackSite,numberOfRobotsOnWhiteSite
33748,23,19
timeStep,numberOfRobotsOnBlackSite,numberOfRobotsOnWhiteSite
33749,23,19
timeStep,numberOfRobotsOnBlackSite,numberOfRobotsOnWhiteSite
33750,23,19
timeStep,numberOfRobotsOnBlackSite,numberOfRobotsOnWhiteSite
33751,23,19
timeStep,numberOfRobotsOnBlackSite,numberOfRobotsOnWhiteSite
33752,23,19
timeStep,numberOfRobotsOnBlackSite,numberOfRobotsOnWhiteSite
33753,23,19
timeStep,numberOfRobotsOnBlackSite,numberOfRobotsOnWhiteSite
33754,23,19
timeStep,numberOfRobotsOnBlackSite,numberOfRobotsOnWhiteSite
33755,23,19
timeStep,numberOfRobotsOnBlackSite,numberOfRobotsOnWhiteSite
33756,23,19
timeStep,numberOfRobotsOnBlackSite,numberOfRobotsOnWhiteSite
33757,23,19
timeStep,numberOfRobotsOnBlackSite,numberOfRobotsOnWhiteSite
33758,23,19
timeStep,numberOfRobotsOnBlackSite,numberOfRobotsOnWhiteSite
33759,23,19
timeStep,numberOfRobotsOnBlackSite,numberOfRobotsOnWhiteSite
33760,23,19
timeStep,numberOfRobotsOnBlackSite,numberOfRobotsOnWhiteSite
33761,23,19
timeStep,numberOfRobotsOnBlackSite,numberOfRobotsOnWhiteSite
33762,23,19
timeStep,numberOfRobotsOnBlackSite,numberOfRobotsOnWhiteSite
33763,23,19
timeStep,numberOfRobotsOnBlackSite,numberOfRobotsOnWhiteSite
33764,23,19
timeStep,numberOfRobotsOnBlackSite,numberOfRobotsOnWhiteSite
33765,23,19
timeStep,numberOfRobotsOnBlackSite,numberOfRobotsOnWhiteSite
33766,23,19
timeStep,numberOfRobotsOnBlackSite,numberOfRobotsOnWhiteSite
33767,23,19
timeStep,numberOfRobotsOnBlackSite,numberOfRobotsOnWhiteSite
33768,23,19
timeStep,numberOfRobotsOnBlackSite,numberOfRobotsOnWhiteSite
33769,23,19
timeStep,numberOfRobotsOnBlackSite,numberOfRobotsOnWhiteSite
33770,23,19
timeStep,numberOfRobotsOnBlackSite,numberOfRobotsOnWhiteSite
33771,23,19
timeStep,numberOfRobotsOnBlackSite,numberOfRobotsOnWhiteSite
33772,23,19
timeStep,numberOfRobotsOnBlackSite,numberOfRobotsOnWhiteSite
33773,23,19
timeStep,numberOfRobotsOnBlackSite,numberOfRobotsOnWhiteSite
33774,23,19
timeStep,numberOfRobotsOnBlackSite,numberOfRobotsOnWhiteSite
33775,23,19
timeStep,numberOfRobotsOnBlackSite,numberOfRobotsOnWhiteSite
33776,23,19
timeStep,numberOfRobotsOnBlackSite,numberOfRobotsOnWhiteSite
33777,23,19
timeStep,numberOfRobotsOnBlackSite,numberOfRobotsOnWhiteSite
33778,23,19
timeStep,numberOfRobotsOnBlackSite,numberOfRobotsOnWhiteSite
33779,23,19
timeStep,numberOfRobotsOnBlackSite,numberOfRobotsOnWhiteSite
33780,23,19
timeStep,numberOfRobotsOnBlackSite,numberOfRobotsOnWhiteSite
33781,23,19
timeStep,numberOfRobotsOnBlackSite,numberOfRobotsOnWhiteSite
33782,23,19
timeStep,numberOfRobotsOnBlackSite,numberOfRobotsOnWhiteSite
33783,23,19
timeStep,numberOfRobotsOnBlackSite,numberOfRobotsOnWhiteSite
33784,23,19
timeStep,numberOfRobotsOnBlackSite,numberOfRobotsOnWhiteSite
33785,23,19
timeStep,numberOfRobotsOnBlackSite,numberOfRobotsOnWhiteSite
33786,23,19
timeStep,numberOfRobotsOnBlackSite,numberOfRobotsOnWhiteSite
33787,23,19
timeStep,numberOfRobotsOnBlackSite,numberOfRobotsOnWhiteSite
33788,23,19
timeStep,numberOfRobotsOnBlackSite,numberOfRobotsOnWhiteSite
33789,23,19
timeStep,numberOfRobotsOnBlackSite,numberOfRobotsOnWhiteSite
33790,23,19
timeStep,numberOfRobotsOnBlackSite,numberOfRobotsOnWhiteSite
33791,23,19
timeStep,numberOfRobotsOnBlackSite,numberOfRobotsOnWhiteSite
33792,23,19
timeStep,numberOfRobotsOnBlackSite,numberOfRobotsOnWhiteSite
33793,23,19
timeStep,numberOfRobotsOnBlackSite,numberOfRobotsOnWhiteSite
33794,23,19
timeStep,numberOfRobotsOnBlackSite,numberOfRobotsOnWhiteSite
33795,23,19
timeStep,numberOfRobotsOnBlackSite,numberOfRobotsOnWhiteSite
33796,23,19
timeStep,numberOfRobotsOnBlackSite,numberOfRobotsOnWhiteSite
33797,23,19
timeStep,numberOfRobotsOnBlackSite,numberOfRobotsOnWhiteSite
33798,23,19
timeStep,numberOfRobotsOnBlackSite,numberOfRobotsOnWhiteSite
33799,23,19
timeStep,numberOfRobotsOnBlackSite,numberOfRobotsOnWhiteSite
33800,23,19
timeStep,numberOfRobotsOnBlackSite,numberOfRobotsOnWhiteSite
33801,23,19
timeStep,numberOfRobotsOnBlackSite,numberOfRobotsOnWhiteSite
33802,23,19
timeStep,numberOfRobotsOnBlackSite,numberOfRobotsOnWhiteSite
33803,23,19
timeStep,numberOfRobotsOnBlackSite,numberOfRobotsOnWhiteSite
33804,23,19
timeStep,numberOfRobotsOnBlackSite,numberOfRobotsOnWhiteSite
33805,23,19
timeStep,numberOfRobotsOnBlackSite,numberOfRobotsOnWhiteSite
33806,23,19
timeStep,numberOfRobotsOnBlackSite,numberOfRobotsOnWhiteSite
33807,23,19
timeStep,numberOfRobotsOnBlackSite,numberOfRobotsOnWhiteSite
33808,23,19
timeStep,numberOfRobotsOnBlackSite,numberOfRobotsOnWhiteSite
33809,23,19
timeStep,numberOfRobotsOnBlackSite,numberOfRobotsOnWhiteSite
33810,23,19
timeStep,numberOfRobotsOnBlackSite,numberOfRobotsOnWhiteSite
33811,23,19
timeStep,numberOfRobotsOnBlackSite,numberOfRobotsOnWhiteSite
33812,23,19
timeStep,numberOfRobotsOnBlackSite,numberOfRobotsOnWhiteSite
33813,23,19
timeStep,numberOfRobotsOnBlackSite,numberOfRobotsOnWhiteSite
33814,23,19
timeStep,numberOfRobotsOnBlackSite,numberOfRobotsOnWhiteSite
33815,23,19
timeStep,numberOfRobotsOnBlackSite,numberOfRobotsOnWhiteSite
33816,23,19
timeStep,numberOfRobotsOnBlackSite,numberOfRobotsOnWhiteSite
33817,23,19
timeStep,numberOfRobotsOnBlackSite,numberOfRobotsOnWhiteSite
33818,23,19
timeStep,numberOfRobotsOnBlackSite,numberOfRobotsOnWhiteSite
33819,23,19
timeStep,numberOfRobotsOnBlackSite,numberOfRobotsOnWhiteSite
33820,23,19
timeStep,numberOfRobotsOnBlackSite,numberOfRobotsOnWhiteSite
33821,23,19
timeStep,numberOfRobotsOnBlackSite,numberOfRobotsOnWhiteSite
33822,23,19
timeStep,numberOfRobotsOnBlackSite,numberOfRobotsOnWhiteSite
33823,23,19
timeStep,numberOfRobotsOnBlackSite,numberOfRobotsOnWhiteSite
33824,23,19
timeStep,numberOfRobotsOnBlackSite,numberOfRobotsOnWhiteSite
33825,23,19
timeStep,numberOfRobotsOnBlackSite,numberOfRobotsOnWhiteSite
33826,23,19
timeStep,numberOfRobotsOnBlackSite,numberOfRobotsOnWhiteSite
33827,23,19
timeStep,numberOfRobotsOnBlackSite,numberOfRobotsOnWhiteSite
33828,23,19
timeStep,numberOfRobotsOnBlackSite,numberOfRobotsOnWhiteSite
33829,23,19
timeStep,numberOfRobotsOnBlackSite,numberOfRobotsOnWhiteSite
33830,23,19
timeStep,numberOfRobotsOnBlackSite,numberOfRobotsOnWhiteSite
33831,23,19
timeStep,numberOfRobotsOnBlackSite,numberOfRobotsOnWhiteSite
33832,23,19
timeStep,numberOfRobotsOnBlackSite,numberOfRobotsOnWhiteSite
33833,23,19
timeStep,numberOfRobotsOnBlackSite,numberOfRobotsOnWhiteSite
33834,23,19
timeStep,numberOfRobotsOnBlackSite,numberOfRobotsOnWhiteSite
33835,23,19
timeStep,numberOfRobotsOnBlackSite,numberOfRobotsOnWhiteSite
33836,23,19
timeStep,numberOfRobotsOnBlackSite,numberOfRobotsOnWhiteSite
33837,23,19
timeStep,numberOfRobotsOnBlackSite,numberOfRobotsOnWhiteSite
33838,23,19
timeStep,numberOfRobotsOnBlackSite,numberOfRobotsOnWhiteSite
33839,23,19
timeStep,numberOfRobotsOnBlackSite,numberOfRobotsOnWhiteSite
33840,23,19
timeStep,numberOfRobotsOnBlackSite,numberOfRobotsOnWhiteSite
33841,23,19
timeStep,numberOfRobotsOnBlackSite,numberOfRobotsOnWhiteSite
33842,23,19
timeStep,numberOfRobotsOnBlackSite,numberOfRobotsOnWhiteSite
33843,23,19
timeStep,numberOfRobotsOnBlackSite,numberOfRobotsOnWhiteSite
33844,23,19
timeStep,numberOfRobotsOnBlackSite,numberOfRobotsOnWhiteSite
33845,23,19
timeStep,numberOfRobotsOnBlackSite,numberOfRobotsOnWhiteSite
33846,23,19
timeStep,numberOfRobotsOnBlackSite,numberOfRobotsOnWhiteSite
33847,23,19
timeStep,numberOfRobotsOnBlackSite,numberOfRobotsOnWhiteSite
33848,23,19
timeStep,numberOfRobotsOnBlackSite,numberOfRobotsOnWhiteSite
33849,23,19
timeStep,numberOfRobotsOnBlackSite,numberOfRobotsOnWhiteSite
33850,23,19
timeStep,numberOfRobotsOnBlackSite,numberOfRobotsOnWhiteSite
33851,23,19
timeStep,numberOfRobotsOnBlackSite,numberOfRobotsOnWhiteSite
33852,23,19
timeStep,numberOfRobotsOnBlackSite,numberOfRobotsOnWhiteSite
33853,23,19
timeStep,numberOfRobotsOnBlackSite,numberOfRobotsOnWhiteSite
33854,23,19
timeStep,numberOfRobotsOnBlackSite,numberOfRobotsOnWhiteSite
33855,23,19
timeStep,numberOfRobotsOnBlackSite,numberOfRobotsOnWhiteSite
33856,23,19
timeStep,numberOfRobotsOnBlackSite,numberOfRobotsOnWhiteSite
33857,23,19
timeStep,numberOfRobotsOnBlackSite,numberOfRobotsOnWhiteSite
33858,23,19
timeStep,numberOfRobotsOnBlackSite,numberOfRobotsOnWhiteSite
33859,23,19
timeStep,numberOfRobotsOnBlackSite,numberOfRobotsOnWhiteSite
33860,23,19
timeStep,numberOfRobotsOnBlackSite,numberOfRobotsOnWhiteSite
33861,23,19
timeStep,numberOfRobotsOnBlackSite,numberOfRobotsOnWhiteSite
33862,23,19
timeStep,numberOfRobotsOnBlackSite,numberOfRobotsOnWhiteSite
33863,23,19
timeStep,numberOfRobotsOnBlackSite,numberOfRobotsOnWhiteSite
33864,23,19
timeStep,numberOfRobotsOnBlackSite,numberOfRobotsOnWhiteSite
33865,23,19
timeStep,numberOfRobotsOnBlackSite,numberOfRobotsOnWhiteSite
33866,23,19
timeStep,numberOfRobotsOnBlackSite,numberOfRobotsOnWhiteSite
33867,23,19
timeStep,numberOfRobotsOnBlackSite,numberOfRobotsOnWhiteSite
33868,23,19
timeStep,numberOfRobotsOnBlackSite,numberOfRobotsOnWhiteSite
33869,23,19
timeStep,numberOfRobotsOnBlackSite,numberOfRobotsOnWhiteSite
33870,23,19
timeStep,numberOfRobotsOnBlackSite,numberOfRobotsOnWhiteSite
33871,23,19
timeStep,numberOfRobotsOnBlackSite,numberOfRobotsOnWhiteSite
33872,23,19
timeStep,numberOfRobotsOnBlackSite,numberOfRobotsOnWhiteSite
33873,23,19
timeStep,numberOfRobotsOnBlackSite,numberOfRobotsOnWhiteSite
33874,23,19
timeStep,numberOfRobotsOnBlackSite,numberOfRobotsOnWhiteSite
33875,23,19
timeStep,numberOfRobotsOnBlackSite,numberOfRobotsOnWhiteSite
33876,23,19
timeStep,numberOfRobotsOnBlackSite,numberOfRobotsOnWhiteSite
33877,23,19
timeStep,numberOfRobotsOnBlackSite,numberOfRobotsOnWhiteSite
33878,23,19
timeStep,numberOfRobotsOnBlackSite,numberOfRobotsOnWhiteSite
33879,23,19
timeStep,numberOfRobotsOnBlackSite,numberOfRobotsOnWhiteSite
33880,23,19
timeStep,numberOfRobotsOnBlackSite,numberOfRobotsOnWhiteSite
33881,23,19
timeStep,numberOfRobotsOnBlackSite,numberOfRobotsOnWhiteSite
33882,23,19
timeStep,numberOfRobotsOnBlackSite,numberOfRobotsOnWhiteSite
33883,23,19
timeStep,numberOfRobotsOnBlackSite,numberOfRobotsOnWhiteSite
33884,23,19
timeStep,numberOfRobotsOnBlackSite,numberOfRobotsOnWhiteSite
33885,23,19
timeStep,numberOfRobotsOnBlackSite,numberOfRobotsOnWhiteSite
33886,23,19
timeStep,numberOfRobotsOnBlackSite,numberOfRobotsOnWhiteSite
33887,23,19
timeStep,numberOfRobotsOnBlackSite,numberOfRobotsOnWhiteSite
33888,23,19
timeStep,numberOfRobotsOnBlackSite,numberOfRobotsOnWhiteSite
33889,23,19
timeStep,numberOfRobotsOnBlackSite,numberOfRobotsOnWhiteSite
33890,23,19
timeStep,numberOfRobotsOnBlackSite,numberOfRobotsOnWhiteSite
33891,23,19
timeStep,numberOfRobotsOnBlackSite,numberOfRobotsOnWhiteSite
33892,23,19
timeStep,numberOfRobotsOnBlackSite,numberOfRobotsOnWhiteSite
33893,23,19
timeStep,numberOfRobotsOnBlackSite,numberOfRobotsOnWhiteSite
33894,23,19
timeStep,numberOfRobotsOnBlackSite,numberOfRobotsOnWhiteSite
33895,23,19
timeStep,numberOfRobotsOnBlackSite,numberOfRobotsOnWhiteSite
33896,23,19
timeStep,numberOfRobotsOnBlackSite,numberOfRobotsOnWhiteSite
33897,23,19
timeStep,numberOfRobotsOnBlackSite,numberOfRobotsOnWhiteSite
33898,23,19
timeStep,numberOfRobotsOnBlackSite,numberOfRobotsOnWhiteSite
33899,23,19
timeStep,numberOfRobotsOnBlackSite,numberOfRobotsOnWhiteSite
33900,23,19
timeStep,numberOfRobotsOnBlackSite,numberOfRobotsOnWhiteSite
33901,23,19
timeStep,numberOfRobotsOnBlackSite,numberOfRobotsOnWhiteSite
33902,23,19
timeStep,numberOfRobotsOnBlackSite,numberOfRobotsOnWhiteSite
33903,23,19
timeStep,numberOfRobotsOnBlackSite,numberOfRobotsOnWhiteSite
33904,23,19
timeStep,numberOfRobotsOnBlackSite,numberOfRobotsOnWhiteSite
33905,23,19
timeStep,numberOfRobotsOnBlackSite,numberOfRobotsOnWhiteSite
33906,23,19
timeStep,numberOfRobotsOnBlackSite,numberOfRobotsOnWhiteSite
33907,23,19
timeStep,numberOfRobotsOnBlackSite,numberOfRobotsOnWhiteSite
33908,23,19
timeStep,numberOfRobotsOnBlackSite,numberOfRobotsOnWhiteSite
33909,23,19
timeStep,numberOfRobotsOnBlackSite,numberOfRobotsOnWhiteSite
33910,23,19
timeStep,numberOfRobotsOnBlackSite,numberOfRobotsOnWhiteSite
33911,23,19
timeStep,numberOfRobotsOnBlackSite,numberOfRobotsOnWhiteSite
33912,23,19
timeStep,numberOfRobotsOnBlackSite,numberOfRobotsOnWhiteSite
33913,23,19
timeStep,numberOfRobotsOnBlackSite,numberOfRobotsOnWhiteSite
33914,23,19
timeStep,numberOfRobotsOnBlackSite,numberOfRobotsOnWhiteSite
33915,23,20
timeStep,numberOfRobotsOnBlackSite,numberOfRobotsOnWhiteSite
33916,23,20
timeStep,numberOfRobotsOnBlackSite,numberOfRobotsOnWhiteSite
33917,23,20
timeStep,numberOfRobotsOnBlackSite,numberOfRobotsOnWhiteSite
33918,23,20
timeStep,numberOfRobotsOnBlackSite,numberOfRobotsOnWhiteSite
33919,23,20
timeStep,numberOfRobotsOnBlackSite,numberOfRobotsOnWhiteSite
33920,23,20
timeStep,numberOfRobotsOnBlackSite,numberOfRobotsOnWhiteSite
33921,23,20
timeStep,numberOfRobotsOnBlackSite,numberOfRobotsOnWhiteSite
33922,23,20
timeStep,numberOfRobotsOnBlackSite,numberOfRobotsOnWhiteSite
33923,23,20
timeStep,numberOfRobotsOnBlackSite,numberOfRobotsOnWhiteSite
33924,23,20
timeStep,numberOfRobotsOnBlackSite,numberOfRobotsOnWhiteSite
33925,23,20
timeStep,numberOfRobotsOnBlackSite,numberOfRobotsOnWhiteSite
33926,23,20
timeStep,numberOfRobotsOnBlackSite,numberOfRobotsOnWhiteSite
33927,23,20
timeStep,numberOfRobotsOnBlackSite,numberOfRobotsOnWhiteSite
33928,23,20
timeStep,numberOfRobotsOnBlackSite,numberOfRobotsOnWhiteSite
33929,23,20
timeStep,numberOfRobotsOnBlackSite,numberOfRobotsOnWhiteSite
33930,23,20
timeStep,numberOfRobotsOnBlackSite,numberOfRobotsOnWhiteSite
33931,23,20
timeStep,numberOfRobotsOnBlackSite,numberOfRobotsOnWhiteSite
33932,23,20
timeStep,numberOfRobotsOnBlackSite,numberOfRobotsOnWhiteSite
33933,23,20
timeStep,numberOfRobotsOnBlackSite,numberOfRobotsOnWhiteSite
33934,23,20
timeStep,numberOfRobotsOnBlackSite,numberOfRobotsOnWhiteSite
33935,23,20
timeStep,numberOfRobotsOnBlackSite,numberOfRobotsOnWhiteSite
33936,23,20
timeStep,numberOfRobotsOnBlackSite,numberOfRobotsOnWhiteSite
33937,23,20
timeStep,numberOfRobotsOnBlackSite,numberOfRobotsOnWhiteSite
33938,23,20
timeStep,numberOfRobotsOnBlackSite,numberOfRobotsOnWhiteSite
33939,23,20
timeStep,numberOfRobotsOnBlackSite,numberOfRobotsOnWhiteSite
33940,23,20
timeStep,numberOfRobotsOnBlackSite,numberOfRobotsOnWhiteSite
33941,23,20
timeStep,numberOfRobotsOnBlackSite,numberOfRobotsOnWhiteSite
33942,23,20
timeStep,numberOfRobotsOnBlackSite,numberOfRobotsOnWhiteSite
33943,23,20
timeStep,numberOfRobotsOnBlackSite,numberOfRobotsOnWhiteSite
33944,23,20
timeStep,numberOfRobotsOnBlackSite,numberOfRobotsOnWhiteSite
33945,23,20
timeStep,numberOfRobotsOnBlackSite,numberOfRobotsOnWhiteSite
33946,23,20
timeStep,numberOfRobotsOnBlackSite,numberOfRobotsOnWhiteSite
33947,23,20
timeStep,numberOfRobotsOnBlackSite,numberOfRobotsOnWhiteSite
33948,23,20
timeStep,numberOfRobotsOnBlackSite,numberOfRobotsOnWhiteSite
33949,23,20
timeStep,numberOfRobotsOnBlackSite,numberOfRobotsOnWhiteSite
33950,23,20
timeStep,numberOfRobotsOnBlackSite,numberOfRobotsOnWhiteSite
33951,23,20
timeStep,numberOfRobotsOnBlackSite,numberOfRobotsOnWhiteSite
33952,23,20
timeStep,numberOfRobotsOnBlackSite,numberOfRobotsOnWhiteSite
33953,23,20
timeStep,numberOfRobotsOnBlackSite,numberOfRobotsOnWhiteSite
33954,23,20
timeStep,numberOfRobotsOnBlackSite,numberOfRobotsOnWhiteSite
33955,23,20
timeStep,numberOfRobotsOnBlackSite,numberOfRobotsOnWhiteSite
33956,23,20
timeStep,numberOfRobotsOnBlackSite,numberOfRobotsOnWhiteSite
33957,23,20
timeStep,numberOfRobotsOnBlackSite,numberOfRobotsOnWhiteSite
33958,23,20
timeStep,numberOfRobotsOnBlackSite,numberOfRobotsOnWhiteSite
33959,23,20
timeStep,numberOfRobotsOnBlackSite,numberOfRobotsOnWhiteSite
33960,23,20
timeStep,numberOfRobotsOnBlackSite,numberOfRobotsOnWhiteSite
33961,23,20
timeStep,numberOfRobotsOnBlackSite,numberOfRobotsOnWhiteSite
33962,23,20
timeStep,numberOfRobotsOnBlackSite,numberOfRobotsOnWhiteSite
33963,23,20
timeStep,numberOfRobotsOnBlackSite,numberOfRobotsOnWhiteSite
33964,23,20
timeStep,numberOfRobotsOnBlackSite,numberOfRobotsOnWhiteSite
33965,23,20
timeStep,numberOfRobotsOnBlackSite,numberOfRobotsOnWhiteSite
33966,23,20
timeStep,numberOfRobotsOnBlackSite,numberOfRobotsOnWhiteSite
33967,23,20
timeStep,numberOfRobotsOnBlackSite,numberOfRobotsOnWhiteSite
33968,23,20
timeStep,numberOfRobotsOnBlackSite,numberOfRobotsOnWhiteSite
33969,23,20
timeStep,numberOfRobotsOnBlackSite,numberOfRobotsOnWhiteSite
33970,23,20
timeStep,numberOfRobotsOnBlackSite,numberOfRobotsOnWhiteSite
33971,23,20
timeStep,numberOfRobotsOnBlackSite,numberOfRobotsOnWhiteSite
33972,23,20
timeStep,numberOfRobotsOnBlackSite,numberOfRobotsOnWhiteSite
33973,23,20
timeStep,numberOfRobotsOnBlackSite,numberOfRobotsOnWhiteSite
33974,23,20
timeStep,numberOfRobotsOnBlackSite,numberOfRobotsOnWhiteSite
33975,23,20
timeStep,numberOfRobotsOnBlackSite,numberOfRobotsOnWhiteSite
33976,23,20
timeStep,numberOfRobotsOnBlackSite,numberOfRobotsOnWhiteSite
33977,23,20
timeStep,numberOfRobotsOnBlackSite,numberOfRobotsOnWhiteSite
33978,23,20
timeStep,numberOfRobotsOnBlackSite,numberOfRobotsOnWhiteSite
33979,23,20
timeStep,numberOfRobotsOnBlackSite,numberOfRobotsOnWhiteSite
33980,23,20
timeStep,numberOfRobotsOnBlackSite,numberOfRobotsOnWhiteSite
33981,23,20
timeStep,numberOfRobotsOnBlackSite,numberOfRobotsOnWhiteSite
33982,23,20
timeStep,numberOfRobotsOnBlackSite,numberOfRobotsOnWhiteSite
33983,23,20
timeStep,numberOfRobotsOnBlackSite,numberOfRobotsOnWhiteSite
33984,23,20
timeStep,numberOfRobotsOnBlackSite,numberOfRobotsOnWhiteSite
33985,23,20
timeStep,numberOfRobotsOnBlackSite,numberOfRobotsOnWhiteSite
33986,23,20
timeStep,numberOfRobotsOnBlackSite,numberOfRobotsOnWhiteSite
33987,23,20
timeStep,numberOfRobotsOnBlackSite,numberOfRobotsOnWhiteSite
33988,23,20
timeStep,numberOfRobotsOnBlackSite,numberOfRobotsOnWhiteSite
33989,23,20
timeStep,numberOfRobotsOnBlackSite,numberOfRobotsOnWhiteSite
33990,23,20
timeStep,numberOfRobotsOnBlackSite,numberOfRobotsOnWhiteSite
33991,23,20
timeStep,numberOfRobotsOnBlackSite,numberOfRobotsOnWhiteSite
33992,23,20
timeStep,numberOfRobotsOnBlackSite,numberOfRobotsOnWhiteSite
33993,23,20
timeStep,numberOfRobotsOnBlackSite,numberOfRobotsOnWhiteSite
33994,23,20
timeStep,numberOfRobotsOnBlackSite,numberOfRobotsOnWhiteSite
33995,23,20
timeStep,numberOfRobotsOnBlackSite,numberOfRobotsOnWhiteSite
33996,23,20
timeStep,numberOfRobotsOnBlackSite,numberOfRobotsOnWhiteSite
33997,23,20
timeStep,numberOfRobotsOnBlackSite,numberOfRobotsOnWhiteSite
33998,23,20
timeStep,numberOfRobotsOnBlackSite,numberOfRobotsOnWhiteSite
33999,23,20
timeStep,numberOfRobotsOnBlackSite,numberOfRobotsOnWhiteSite
34000,23,20
timeStep,numberOfRobotsOnBlackSite,numberOfRobotsOnWhiteSite
34001,23,20
timeStep,numberOfRobotsOnBlackSite,numberOfRobotsOnWhiteSite
34002,23,20
timeStep,numberOfRobotsOnBlackSite,numberOfRobotsOnWhiteSite
34003,23,20
timeStep,numberOfRobotsOnBlackSite,numberOfRobotsOnWhiteSite
34004,23,20
timeStep,numberOfRobotsOnBlackSite,numberOfRobotsOnWhiteSite
34005,23,20
timeStep,numberOfRobotsOnBlackSite,numberOfRobotsOnWhiteSite
34006,23,20
timeStep,numberOfRobotsOnBlackSite,numberOfRobotsOnWhiteSite
34007,23,20
timeStep,numberOfRobotsOnBlackSite,numberOfRobotsOnWhiteSite
34008,23,20
timeStep,numberOfRobotsOnBlackSite,numberOfRobotsOnWhiteSite
34009,23,20
timeStep,numberOfRobotsOnBlackSite,numberOfRobotsOnWhiteSite
34010,23,20
timeStep,numberOfRobotsOnBlackSite,numberOfRobotsOnWhiteSite
34011,23,20
timeStep,numberOfRobotsOnBlackSite,numberOfRobotsOnWhiteSite
34012,23,20
timeStep,numberOfRobotsOnBlackSite,numberOfRobotsOnWhiteSite
34013,23,20
timeStep,numberOfRobotsOnBlackSite,numberOfRobotsOnWhiteSite
34014,23,20
timeStep,numberOfRobotsOnBlackSite,numberOfRobotsOnWhiteSite
34015,23,20
timeStep,numberOfRobotsOnBlackSite,numberOfRobotsOnWhiteSite
34016,23,20
timeStep,numberOfRobotsOnBlackSite,numberOfRobotsOnWhiteSite
34017,23,20
timeStep,numberOfRobotsOnBlackSite,numberOfRobotsOnWhiteSite
34018,23,20
timeStep,numberOfRobotsOnBlackSite,numberOfRobotsOnWhiteSite
34019,23,20
timeStep,numberOfRobotsOnBlackSite,numberOfRobotsOnWhiteSite
34020,23,20
timeStep,numberOfRobotsOnBlackSite,numberOfRobotsOnWhiteSite
34021,23,20
timeStep,numberOfRobotsOnBlackSite,numberOfRobotsOnWhiteSite
34022,23,20
timeStep,numberOfRobotsOnBlackSite,numberOfRobotsOnWhiteSite
34023,23,20
timeStep,numberOfRobotsOnBlackSite,numberOfRobotsOnWhiteSite
34024,23,20
timeStep,numberOfRobotsOnBlackSite,numberOfRobotsOnWhiteSite
34025,23,20
timeStep,numberOfRobotsOnBlackSite,numberOfRobotsOnWhiteSite
34026,23,20
timeStep,numberOfRobotsOnBlackSite,numberOfRobotsOnWhiteSite
34027,23,20
timeStep,numberOfRobotsOnBlackSite,numberOfRobotsOnWhiteSite
34028,23,20
timeStep,numberOfRobotsOnBlackSite,numberOfRobotsOnWhiteSite
34029,23,20
timeStep,numberOfRobotsOnBlackSite,numberOfRobotsOnWhiteSite
34030,23,20
timeStep,numberOfRobotsOnBlackSite,numberOfRobotsOnWhiteSite
34031,23,20
timeStep,numberOfRobotsOnBlackSite,numberOfRobotsOnWhiteSite
34032,23,20
timeStep,numberOfRobotsOnBlackSite,numberOfRobotsOnWhiteSite
34033,23,20
timeStep,numberOfRobotsOnBlackSite,numberOfRobotsOnWhiteSite
34034,23,20
timeStep,numberOfRobotsOnBlackSite,numberOfRobotsOnWhiteSite
34035,23,20
timeStep,numberOfRobotsOnBlackSite,numberOfRobotsOnWhiteSite
34036,23,20
timeStep,numberOfRobotsOnBlackSite,numberOfRobotsOnWhiteSite
34037,23,20
timeStep,numberOfRobotsOnBlackSite,numberOfRobotsOnWhiteSite
34038,23,20
timeStep,numberOfRobotsOnBlackSite,numberOfRobotsOnWhiteSite
34039,23,20
timeStep,numberOfRobotsOnBlackSite,numberOfRobotsOnWhiteSite
34040,23,20
timeStep,numberOfRobotsOnBlackSite,numberOfRobotsOnWhiteSite
34041,23,20
timeStep,numberOfRobotsOnBlackSite,numberOfRobotsOnWhiteSite
34042,23,20
timeStep,numberOfRobotsOnBlackSite,numberOfRobotsOnWhiteSite
34043,23,20
timeStep,numberOfRobotsOnBlackSite,numberOfRobotsOnWhiteSite
34044,23,20
timeStep,numberOfRobotsOnBlackSite,numberOfRobotsOnWhiteSite
34045,23,20
timeStep,numberOfRobotsOnBlackSite,numberOfRobotsOnWhiteSite
34046,23,20
timeStep,numberOfRobotsOnBlackSite,numberOfRobotsOnWhiteSite
34047,23,20
timeStep,numberOfRobotsOnBlackSite,numberOfRobotsOnWhiteSite
34048,23,20
timeStep,numberOfRobotsOnBlackSite,numberOfRobotsOnWhiteSite
34049,23,20
timeStep,numberOfRobotsOnBlackSite,numberOfRobotsOnWhiteSite
34050,23,20
timeStep,numberOfRobotsOnBlackSite,numberOfRobotsOnWhiteSite
34051,23,20
timeStep,numberOfRobotsOnBlackSite,numberOfRobotsOnWhiteSite
34052,23,20
timeStep,numberOfRobotsOnBlackSite,numberOfRobotsOnWhiteSite
34053,23,20
timeStep,numberOfRobotsOnBlackSite,numberOfRobotsOnWhiteSite
34054,23,20
timeStep,numberOfRobotsOnBlackSite,numberOfRobotsOnWhiteSite
34055,23,20
timeStep,numberOfRobotsOnBlackSite,numberOfRobotsOnWhiteSite
34056,23,20
timeStep,numberOfRobotsOnBlackSite,numberOfRobotsOnWhiteSite
34057,23,20
timeStep,numberOfRobotsOnBlackSite,numberOfRobotsOnWhiteSite
34058,23,20
timeStep,numberOfRobotsOnBlackSite,numberOfRobotsOnWhiteSite
34059,23,20
timeStep,numberOfRobotsOnBlackSite,numberOfRobotsOnWhiteSite
34060,24,20
timeStep,numberOfRobotsOnBlackSite,numberOfRobotsOnWhiteSite
34061,24,20
timeStep,numberOfRobotsOnBlackSite,numberOfRobotsOnWhiteSite
34062,24,20
timeStep,numberOfRobotsOnBlackSite,numberOfRobotsOnWhiteSite
34063,24,20
timeStep,numberOfRobotsOnBlackSite,numberOfRobotsOnWhiteSite
34064,24,20
timeStep,numberOfRobotsOnBlackSite,numberOfRobotsOnWhiteSite
34065,24,20
timeStep,numberOfRobotsOnBlackSite,numberOfRobotsOnWhiteSite
34066,24,20
timeStep,numberOfRobotsOnBlackSite,numberOfRobotsOnWhiteSite
34067,24,20
timeStep,numberOfRobotsOnBlackSite,numberOfRobotsOnWhiteSite
34068,24,20
timeStep,numberOfRobotsOnBlackSite,numberOfRobotsOnWhiteSite
34069,24,20
timeStep,numberOfRobotsOnBlackSite,numberOfRobotsOnWhiteSite
34070,24,20
timeStep,numberOfRobotsOnBlackSite,numberOfRobotsOnWhiteSite
34071,24,20
timeStep,numberOfRobotsOnBlackSite,numberOfRobotsOnWhiteSite
34072,24,20
timeStep,numberOfRobotsOnBlackSite,numberOfRobotsOnWhiteSite
34073,24,20
timeStep,numberOfRobotsOnBlackSite,numberOfRobotsOnWhiteSite
34074,24,20
timeStep,numberOfRobotsOnBlackSite,numberOfRobotsOnWhiteSite
34075,24,20
timeStep,numberOfRobotsOnBlackSite,numberOfRobotsOnWhiteSite
34076,24,20
timeStep,numberOfRobotsOnBlackSite,numberOfRobotsOnWhiteSite
34077,24,20
timeStep,numberOfRobotsOnBlackSite,numberOfRobotsOnWhiteSite
34078,24,20
timeStep,numberOfRobotsOnBlackSite,numberOfRobotsOnWhiteSite
34079,24,20
timeStep,numberOfRobotsOnBlackSite,numberOfRobotsOnWhiteSite
34080,24,20
timeStep,numberOfRobotsOnBlackSite,numberOfRobotsOnWhiteSite
34081,24,20
timeStep,numberOfRobotsOnBlackSite,numberOfRobotsOnWhiteSite
34082,24,20
timeStep,numberOfRobotsOnBlackSite,numberOfRobotsOnWhiteSite
34083,24,20
timeStep,numberOfRobotsOnBlackSite,numberOfRobotsOnWhiteSite
34084,24,20
timeStep,numberOfRobotsOnBlackSite,numberOfRobotsOnWhiteSite
34085,24,20
timeStep,numberOfRobotsOnBlackSite,numberOfRobotsOnWhiteSite
34086,24,20
timeStep,numberOfRobotsOnBlackSite,numberOfRobotsOnWhiteSite
34087,24,20
timeStep,numberOfRobotsOnBlackSite,numberOfRobotsOnWhiteSite
34088,24,20
timeStep,numberOfRobotsOnBlackSite,numberOfRobotsOnWhiteSite
34089,24,20
timeStep,numberOfRobotsOnBlackSite,numberOfRobotsOnWhiteSite
34090,24,20
timeStep,numberOfRobotsOnBlackSite,numberOfRobotsOnWhiteSite
34091,24,20
timeStep,numberOfRobotsOnBlackSite,numberOfRobotsOnWhiteSite
34092,24,20
timeStep,numberOfRobotsOnBlackSite,numberOfRobotsOnWhiteSite
34093,24,20
timeStep,numberOfRobotsOnBlackSite,numberOfRobotsOnWhiteSite
34094,24,20
timeStep,numberOfRobotsOnBlackSite,numberOfRobotsOnWhiteSite
34095,24,20
timeStep,numberOfRobotsOnBlackSite,numberOfRobotsOnWhiteSite
34096,24,20
timeStep,numberOfRobotsOnBlackSite,numberOfRobotsOnWhiteSite
34097,24,20
timeStep,numberOfRobotsOnBlackSite,numberOfRobotsOnWhiteSite
34098,24,20
timeStep,numberOfRobotsOnBlackSite,numberOfRobotsOnWhiteSite
34099,24,20
timeStep,numberOfRobotsOnBlackSite,numberOfRobotsOnWhiteSite
34100,24,20
timeStep,numberOfRobotsOnBlackSite,numberOfRobotsOnWhiteSite
34101,24,20
timeStep,numberOfRobotsOnBlackSite,numberOfRobotsOnWhiteSite
34102,24,20
timeStep,numberOfRobotsOnBlackSite,numberOfRobotsOnWhiteSite
34103,24,20
timeStep,numberOfRobotsOnBlackSite,numberOfRobotsOnWhiteSite
34104,24,20
timeStep,numberOfRobotsOnBlackSite,numberOfRobotsOnWhiteSite
34105,24,20
timeStep,numberOfRobotsOnBlackSite,numberOfRobotsOnWhiteSite
34106,24,20
timeStep,numberOfRobotsOnBlackSite,numberOfRobotsOnWhiteSite
34107,24,20
timeStep,numberOfRobotsOnBlackSite,numberOfRobotsOnWhiteSite
34108,24,20
timeStep,numberOfRobotsOnBlackSite,numberOfRobotsOnWhiteSite
34109,24,20
timeStep,numberOfRobotsOnBlackSite,numberOfRobotsOnWhiteSite
34110,24,20
timeStep,numberOfRobotsOnBlackSite,numberOfRobotsOnWhiteSite
34111,24,20
timeStep,numberOfRobotsOnBlackSite,numberOfRobotsOnWhiteSite
34112,24,20
timeStep,numberOfRobotsOnBlackSite,numberOfRobotsOnWhiteSite
34113,24,20
timeStep,numberOfRobotsOnBlackSite,numberOfRobotsOnWhiteSite
34114,24,20
timeStep,numberOfRobotsOnBlackSite,numberOfRobotsOnWhiteSite
34115,24,20
timeStep,numberOfRobotsOnBlackSite,numberOfRobotsOnWhiteSite
34116,24,20
timeStep,numberOfRobotsOnBlackSite,numberOfRobotsOnWhiteSite
34117,24,20
timeStep,numberOfRobotsOnBlackSite,numberOfRobotsOnWhiteSite
34118,24,20
timeStep,numberOfRobotsOnBlackSite,numberOfRobotsOnWhiteSite
34119,24,20
timeStep,numberOfRobotsOnBlackSite,numberOfRobotsOnWhiteSite
34120,24,20
timeStep,numberOfRobotsOnBlackSite,numberOfRobotsOnWhiteSite
34121,24,20
timeStep,numberOfRobotsOnBlackSite,numberOfRobotsOnWhiteSite
34122,24,20
timeStep,numberOfRobotsOnBlackSite,numberOfRobotsOnWhiteSite
34123,24,20
timeStep,numberOfRobotsOnBlackSite,numberOfRobotsOnWhiteSite
34124,24,20
timeStep,numberOfRobotsOnBlackSite,numberOfRobotsOnWhiteSite
34125,24,20
timeStep,numberOfRobotsOnBlackSite,numberOfRobotsOnWhiteSite
34126,24,20
timeStep,numberOfRobotsOnBlackSite,numberOfRobotsOnWhiteSite
34127,24,20
timeStep,numberOfRobotsOnBlackSite,numberOfRobotsOnWhiteSite
34128,24,20
timeStep,numberOfRobotsOnBlackSite,numberOfRobotsOnWhiteSite
34129,24,20
timeStep,numberOfRobotsOnBlackSite,numberOfRobotsOnWhiteSite
34130,24,20
timeStep,numberOfRobotsOnBlackSite,numberOfRobotsOnWhiteSite
34131,24,20
timeStep,numberOfRobotsOnBlackSite,numberOfRobotsOnWhiteSite
34132,24,20
timeStep,numberOfRobotsOnBlackSite,numberOfRobotsOnWhiteSite
34133,24,20
timeStep,numberOfRobotsOnBlackSite,numberOfRobotsOnWhiteSite
34134,24,20
timeStep,numberOfRobotsOnBlackSite,numberOfRobotsOnWhiteSite
34135,24,20
timeStep,numberOfRobotsOnBlackSite,numberOfRobotsOnWhiteSite
34136,24,20
timeStep,numberOfRobotsOnBlackSite,numberOfRobotsOnWhiteSite
34137,24,20
timeStep,numberOfRobotsOnBlackSite,numberOfRobotsOnWhiteSite
34138,24,20
timeStep,numberOfRobotsOnBlackSite,numberOfRobotsOnWhiteSite
34139,24,20
timeStep,numberOfRobotsOnBlackSite,numberOfRobotsOnWhiteSite
34140,24,20
timeStep,numberOfRobotsOnBlackSite,numberOfRobotsOnWhiteSite
34141,24,20
timeStep,numberOfRobotsOnBlackSite,numberOfRobotsOnWhiteSite
34142,24,20
timeStep,numberOfRobotsOnBlackSite,numberOfRobotsOnWhiteSite
34143,24,20
timeStep,numberOfRobotsOnBlackSite,numberOfRobotsOnWhiteSite
34144,24,20
timeStep,numberOfRobotsOnBlackSite,numberOfRobotsOnWhiteSite
34145,24,20
timeStep,numberOfRobotsOnBlackSite,numberOfRobotsOnWhiteSite
34146,24,20
timeStep,numberOfRobotsOnBlackSite,numberOfRobotsOnWhiteSite
34147,24,20
timeStep,numberOfRobotsOnBlackSite,numberOfRobotsOnWhiteSite
34148,24,20
timeStep,numberOfRobotsOnBlackSite,numberOfRobotsOnWhiteSite
34149,24,20
timeStep,numberOfRobotsOnBlackSite,numberOfRobotsOnWhiteSite
34150,24,20
timeStep,numberOfRobotsOnBlackSite,numberOfRobotsOnWhiteSite
34151,24,20
timeStep,numberOfRobotsOnBlackSite,numberOfRobotsOnWhiteSite
34152,24,20
timeStep,numberOfRobotsOnBlackSite,numberOfRobotsOnWhiteSite
34153,24,20
timeStep,numberOfRobotsOnBlackSite,numberOfRobotsOnWhiteSite
34154,24,20
timeStep,numberOfRobotsOnBlackSite,numberOfRobotsOnWhiteSite
34155,24,20
timeStep,numberOfRobotsOnBlackSite,numberOfRobotsOnWhiteSite
34156,24,20
timeStep,numberOfRobotsOnBlackSite,numberOfRobotsOnWhiteSite
34157,24,20
timeStep,numberOfRobotsOnBlackSite,numberOfRobotsOnWhiteSite
34158,24,20
timeStep,numberOfRobotsOnBlackSite,numberOfRobotsOnWhiteSite
34159,24,20
timeStep,numberOfRobotsOnBlackSite,numberOfRobotsOnWhiteSite
34160,24,20
timeStep,numberOfRobotsOnBlackSite,numberOfRobotsOnWhiteSite
34161,24,20
timeStep,numberOfRobotsOnBlackSite,numberOfRobotsOnWhiteSite
34162,24,20
timeStep,numberOfRobotsOnBlackSite,numberOfRobotsOnWhiteSite
34163,24,20
timeStep,numberOfRobotsOnBlackSite,numberOfRobotsOnWhiteSite
34164,24,20
timeStep,numberOfRobotsOnBlackSite,numberOfRobotsOnWhiteSite
34165,24,20
timeStep,numberOfRobotsOnBlackSite,numberOfRobotsOnWhiteSite
34166,24,20
timeStep,numberOfRobotsOnBlackSite,numberOfRobotsOnWhiteSite
34167,24,20
timeStep,numberOfRobotsOnBlackSite,numberOfRobotsOnWhiteSite
34168,24,20
timeStep,numberOfRobotsOnBlackSite,numberOfRobotsOnWhiteSite
34169,24,20
timeStep,numberOfRobotsOnBlackSite,numberOfRobotsOnWhiteSite
34170,24,20
timeStep,numberOfRobotsOnBlackSite,numberOfRobotsOnWhiteSite
34171,24,20
timeStep,numberOfRobotsOnBlackSite,numberOfRobotsOnWhiteSite
34172,24,20
timeStep,numberOfRobotsOnBlackSite,numberOfRobotsOnWhiteSite
34173,24,20
timeStep,numberOfRobotsOnBlackSite,numberOfRobotsOnWhiteSite
34174,24,20
timeStep,numberOfRobotsOnBlackSite,numberOfRobotsOnWhiteSite
34175,24,20
timeStep,numberOfRobotsOnBlackSite,numberOfRobotsOnWhiteSite
34176,24,20
timeStep,numberOfRobotsOnBlackSite,numberOfRobotsOnWhiteSite
34177,24,20
timeStep,numberOfRobotsOnBlackSite,numberOfRobotsOnWhiteSite
34178,24,20
timeStep,numberOfRobotsOnBlackSite,numberOfRobotsOnWhiteSite
34179,24,20
timeStep,numberOfRobotsOnBlackSite,numberOfRobotsOnWhiteSite
34180,24,20
timeStep,numberOfRobotsOnBlackSite,numberOfRobotsOnWhiteSite
34181,24,20
timeStep,numberOfRobotsOnBlackSite,numberOfRobotsOnWhiteSite
34182,24,20
timeStep,numberOfRobotsOnBlackSite,numberOfRobotsOnWhiteSite
34183,24,20
timeStep,numberOfRobotsOnBlackSite,numberOfRobotsOnWhiteSite
34184,24,20
timeStep,numberOfRobotsOnBlackSite,numberOfRobotsOnWhiteSite
34185,24,20
timeStep,numberOfRobotsOnBlackSite,numberOfRobotsOnWhiteSite
34186,24,20
timeStep,numberOfRobotsOnBlackSite,numberOfRobotsOnWhiteSite
34187,24,20
timeStep,numberOfRobotsOnBlackSite,numberOfRobotsOnWhiteSite
34188,24,20
timeStep,numberOfRobotsOnBlackSite,numberOfRobotsOnWhiteSite
34189,24,20
timeStep,numberOfRobotsOnBlackSite,numberOfRobotsOnWhiteSite
34190,24,20
timeStep,numberOfRobotsOnBlackSite,numberOfRobotsOnWhiteSite
34191,24,20
timeStep,numberOfRobotsOnBlackSite,numberOfRobotsOnWhiteSite
34192,24,20
timeStep,numberOfRobotsOnBlackSite,numberOfRobotsOnWhiteSite
34193,24,20
timeStep,numberOfRobotsOnBlackSite,numberOfRobotsOnWhiteSite
34194,24,20
timeStep,numberOfRobotsOnBlackSite,numberOfRobotsOnWhiteSite
34195,24,20
timeStep,numberOfRobotsOnBlackSite,numberOfRobotsOnWhiteSite
34196,24,20
timeStep,numberOfRobotsOnBlackSite,numberOfRobotsOnWhiteSite
34197,24,20
timeStep,numberOfRobotsOnBlackSite,numberOfRobotsOnWhiteSite
34198,24,20
timeStep,numberOfRobotsOnBlackSite,numberOfRobotsOnWhiteSite
34199,24,20
timeStep,numberOfRobotsOnBlackSite,numberOfRobotsOnWhiteSite
34200,24,20
timeStep,numberOfRobotsOnBlackSite,numberOfRobotsOnWhiteSite
34201,24,20
timeStep,numberOfRobotsOnBlackSite,numberOfRobotsOnWhiteSite
34202,24,20
timeStep,numberOfRobotsOnBlackSite,numberOfRobotsOnWhiteSite
34203,24,20
timeStep,numberOfRobotsOnBlackSite,numberOfRobotsOnWhiteSite
34204,24,20
timeStep,numberOfRobotsOnBlackSite,numberOfRobotsOnWhiteSite
34205,24,20
timeStep,numberOfRobotsOnBlackSite,numberOfRobotsOnWhiteSite
34206,24,20
timeStep,numberOfRobotsOnBlackSite,numberOfRobotsOnWhiteSite
34207,24,20
timeStep,numberOfRobotsOnBlackSite,numberOfRobotsOnWhiteSite
34208,24,20
timeStep,numberOfRobotsOnBlackSite,numberOfRobotsOnWhiteSite
34209,24,20
timeStep,numberOfRobotsOnBlackSite,numberOfRobotsOnWhiteSite
34210,24,20
timeStep,numberOfRobotsOnBlackSite,numberOfRobotsOnWhiteSite
34211,24,20
timeStep,numberOfRobotsOnBlackSite,numberOfRobotsOnWhiteSite
34212,24,20
timeStep,numberOfRobotsOnBlackSite,numberOfRobotsOnWhiteSite
34213,24,20
timeStep,numberOfRobotsOnBlackSite,numberOfRobotsOnWhiteSite
34214,24,20
timeStep,numberOfRobotsOnBlackSite,numberOfRobotsOnWhiteSite
34215,24,20
timeStep,numberOfRobotsOnBlackSite,numberOfRobotsOnWhiteSite
34216,24,20
timeStep,numberOfRobotsOnBlackSite,numberOfRobotsOnWhiteSite
34217,24,20
timeStep,numberOfRobotsOnBlackSite,numberOfRobotsOnWhiteSite
34218,24,20
timeStep,numberOfRobotsOnBlackSite,numberOfRobotsOnWhiteSite
34219,24,20
timeStep,numberOfRobotsOnBlackSite,numberOfRobotsOnWhiteSite
34220,24,20
timeStep,numberOfRobotsOnBlackSite,numberOfRobotsOnWhiteSite
34221,24,20
timeStep,numberOfRobotsOnBlackSite,numberOfRobotsOnWhiteSite
34222,24,20
timeStep,numberOfRobotsOnBlackSite,numberOfRobotsOnWhiteSite
34223,24,20
timeStep,numberOfRobotsOnBlackSite,numberOfRobotsOnWhiteSite
34224,24,20
timeStep,numberOfRobotsOnBlackSite,numberOfRobotsOnWhiteSite
34225,24,20
timeStep,numberOfRobotsOnBlackSite,numberOfRobotsOnWhiteSite
34226,24,20
timeStep,numberOfRobotsOnBlackSite,numberOfRobotsOnWhiteSite
34227,24,20
timeStep,numberOfRobotsOnBlackSite,numberOfRobotsOnWhiteSite
34228,24,20
timeStep,numberOfRobotsOnBlackSite,numberOfRobotsOnWhiteSite
34229,24,20
timeStep,numberOfRobotsOnBlackSite,numberOfRobotsOnWhiteSite
34230,24,20
timeStep,numberOfRobotsOnBlackSite,numberOfRobotsOnWhiteSite
34231,24,20
timeStep,numberOfRobotsOnBlackSite,numberOfRobotsOnWhiteSite
34232,24,20
timeStep,numberOfRobotsOnBlackSite,numberOfRobotsOnWhiteSite
34233,24,20
timeStep,numberOfRobotsOnBlackSite,numberOfRobotsOnWhiteSite
34234,24,20
timeStep,numberOfRobotsOnBlackSite,numberOfRobotsOnWhiteSite
34235,24,20
timeStep,numberOfRobotsOnBlackSite,numberOfRobotsOnWhiteSite
34236,24,20
timeStep,numberOfRobotsOnBlackSite,numberOfRobotsOnWhiteSite
34237,24,20
timeStep,numberOfRobotsOnBlackSite,numberOfRobotsOnWhiteSite
34238,24,20
timeStep,numberOfRobotsOnBlackSite,numberOfRobotsOnWhiteSite
34239,24,20
timeStep,numberOfRobotsOnBlackSite,numberOfRobotsOnWhiteSite
34240,24,20
timeStep,numberOfRobotsOnBlackSite,numberOfRobotsOnWhiteSite
34241,24,20
timeStep,numberOfRobotsOnBlackSite,numberOfRobotsOnWhiteSite
34242,24,20
timeStep,numberOfRobotsOnBlackSite,numberOfRobotsOnWhiteSite
34243,24,20
timeStep,numberOfRobotsOnBlackSite,numberOfRobotsOnWhiteSite
34244,24,20
timeStep,numberOfRobotsOnBlackSite,numberOfRobotsOnWhiteSite
34245,24,20
timeStep,numberOfRobotsOnBlackSite,numberOfRobotsOnWhiteSite
34246,24,20
timeStep,numberOfRobotsOnBlackSite,numberOfRobotsOnWhiteSite
34247,24,20
timeStep,numberOfRobotsOnBlackSite,numberOfRobotsOnWhiteSite
34248,24,20
timeStep,numberOfRobotsOnBlackSite,numberOfRobotsOnWhiteSite
34249,24,20
timeStep,numberOfRobotsOnBlackSite,numberOfRobotsOnWhiteSite
34250,24,20
timeStep,numberOfRobotsOnBlackSite,numberOfRobotsOnWhiteSite
34251,24,20
timeStep,numberOfRobotsOnBlackSite,numberOfRobotsOnWhiteSite
34252,24,20
timeStep,numberOfRobotsOnBlackSite,numberOfRobotsOnWhiteSite
34253,24,20
timeStep,numberOfRobotsOnBlackSite,numberOfRobotsOnWhiteSite
34254,24,20
timeStep,numberOfRobotsOnBlackSite,numberOfRobotsOnWhiteSite
34255,24,20
timeStep,numberOfRobotsOnBlackSite,numberOfRobotsOnWhiteSite
34256,24,20
timeStep,numberOfRobotsOnBlackSite,numberOfRobotsOnWhiteSite
34257,24,20
timeStep,numberOfRobotsOnBlackSite,numberOfRobotsOnWhiteSite
34258,24,20
timeStep,numberOfRobotsOnBlackSite,numberOfRobotsOnWhiteSite
34259,24,20
timeStep,numberOfRobotsOnBlackSite,numberOfRobotsOnWhiteSite
34260,24,20
timeStep,numberOfRobotsOnBlackSite,numberOfRobotsOnWhiteSite
34261,24,20
timeStep,numberOfRobotsOnBlackSite,numberOfRobotsOnWhiteSite
34262,24,20
timeStep,numberOfRobotsOnBlackSite,numberOfRobotsOnWhiteSite
34263,24,20
timeStep,numberOfRobotsOnBlackSite,numberOfRobotsOnWhiteSite
34264,24,20
timeStep,numberOfRobotsOnBlackSite,numberOfRobotsOnWhiteSite
34265,24,20
timeStep,numberOfRobotsOnBlackSite,numberOfRobotsOnWhiteSite
34266,24,20
timeStep,numberOfRobotsOnBlackSite,numberOfRobotsOnWhiteSite
34267,24,20
timeStep,numberOfRobotsOnBlackSite,numberOfRobotsOnWhiteSite
34268,24,20
timeStep,numberOfRobotsOnBlackSite,numberOfRobotsOnWhiteSite
34269,24,20
timeStep,numberOfRobotsOnBlackSite,numberOfRobotsOnWhiteSite
34270,24,20
timeStep,numberOfRobotsOnBlackSite,numberOfRobotsOnWhiteSite
34271,24,20
timeStep,numberOfRobotsOnBlackSite,numberOfRobotsOnWhiteSite
34272,24,20
timeStep,numberOfRobotsOnBlackSite,numberOfRobotsOnWhiteSite
34273,24,20
timeStep,numberOfRobotsOnBlackSite,numberOfRobotsOnWhiteSite
34274,24,20
timeStep,numberOfRobotsOnBlackSite,numberOfRobotsOnWhiteSite
34275,24,20
timeStep,numberOfRobotsOnBlackSite,numberOfRobotsOnWhiteSite
34276,24,20
timeStep,numberOfRobotsOnBlackSite,numberOfRobotsOnWhiteSite
34277,24,20
timeStep,numberOfRobotsOnBlackSite,numberOfRobotsOnWhiteSite
34278,24,20
timeStep,numberOfRobotsOnBlackSite,numberOfRobotsOnWhiteSite
34279,24,20
timeStep,numberOfRobotsOnBlackSite,numberOfRobotsOnWhiteSite
34280,24,20
timeStep,numberOfRobotsOnBlackSite,numberOfRobotsOnWhiteSite
34281,24,20
timeStep,numberOfRobotsOnBlackSite,numberOfRobotsOnWhiteSite
34282,24,20
timeStep,numberOfRobotsOnBlackSite,numberOfRobotsOnWhiteSite
34283,24,20
timeStep,numberOfRobotsOnBlackSite,numberOfRobotsOnWhiteSite
34284,24,20
timeStep,numberOfRobotsOnBlackSite,numberOfRobotsOnWhiteSite
34285,24,20
timeStep,numberOfRobotsOnBlackSite,numberOfRobotsOnWhiteSite
34286,24,20
timeStep,numberOfRobotsOnBlackSite,numberOfRobotsOnWhiteSite
34287,24,20
timeStep,numberOfRobotsOnBlackSite,numberOfRobotsOnWhiteSite
34288,24,20
timeStep,numberOfRobotsOnBlackSite,numberOfRobotsOnWhiteSite
34289,24,20
timeStep,numberOfRobotsOnBlackSite,numberOfRobotsOnWhiteSite
34290,24,20
timeStep,numberOfRobotsOnBlackSite,numberOfRobotsOnWhiteSite
34291,24,20
timeStep,numberOfRobotsOnBlackSite,numberOfRobotsOnWhiteSite
34292,24,20
timeStep,numberOfRobotsOnBlackSite,numberOfRobotsOnWhiteSite
34293,24,20
timeStep,numberOfRobotsOnBlackSite,numberOfRobotsOnWhiteSite
34294,24,20
timeStep,numberOfRobotsOnBlackSite,numberOfRobotsOnWhiteSite
34295,24,20
timeStep,numberOfRobotsOnBlackSite,numberOfRobotsOnWhiteSite
34296,24,20
timeStep,numberOfRobotsOnBlackSite,numberOfRobotsOnWhiteSite
34297,24,20
timeStep,numberOfRobotsOnBlackSite,numberOfRobotsOnWhiteSite
34298,24,20
timeStep,numberOfRobotsOnBlackSite,numberOfRobotsOnWhiteSite
34299,24,20
timeStep,numberOfRobotsOnBlackSite,numberOfRobotsOnWhiteSite
34300,24,20
timeStep,numberOfRobotsOnBlackSite,numberOfRobotsOnWhiteSite
34301,24,20
timeStep,numberOfRobotsOnBlackSite,numberOfRobotsOnWhiteSite
34302,24,20
timeStep,numberOfRobotsOnBlackSite,numberOfRobotsOnWhiteSite
34303,24,20
timeStep,numberOfRobotsOnBlackSite,numberOfRobotsOnWhiteSite
34304,24,20
timeStep,numberOfRobotsOnBlackSite,numberOfRobotsOnWhiteSite
34305,24,20
timeStep,numberOfRobotsOnBlackSite,numberOfRobotsOnWhiteSite
34306,24,20
timeStep,numberOfRobotsOnBlackSite,numberOfRobotsOnWhiteSite
34307,24,20
timeStep,numberOfRobotsOnBlackSite,numberOfRobotsOnWhiteSite
34308,24,20
timeStep,numberOfRobotsOnBlackSite,numberOfRobotsOnWhiteSite
34309,24,20
timeStep,numberOfRobotsOnBlackSite,numberOfRobotsOnWhiteSite
34310,24,20
timeStep,numberOfRobotsOnBlackSite,numberOfRobotsOnWhiteSite
34311,24,20
timeStep,numberOfRobotsOnBlackSite,numberOfRobotsOnWhiteSite
34312,24,20
timeStep,numberOfRobotsOnBlackSite,numberOfRobotsOnWhiteSite
34313,24,20
timeStep,numberOfRobotsOnBlackSite,numberOfRobotsOnWhiteSite
34314,24,20
timeStep,numberOfRobotsOnBlackSite,numberOfRobotsOnWhiteSite
34315,24,20
timeStep,numberOfRobotsOnBlackSite,numberOfRobotsOnWhiteSite
34316,24,20
timeStep,numberOfRobotsOnBlackSite,numberOfRobotsOnWhiteSite
34317,24,20
timeStep,numberOfRobotsOnBlackSite,numberOfRobotsOnWhiteSite
34318,24,20
timeStep,numberOfRobotsOnBlackSite,numberOfRobotsOnWhiteSite
34319,24,20
timeStep,numberOfRobotsOnBlackSite,numberOfRobotsOnWhiteSite
34320,24,20
timeStep,numberOfRobotsOnBlackSite,numberOfRobotsOnWhiteSite
34321,24,20
timeStep,numberOfRobotsOnBlackSite,numberOfRobotsOnWhiteSite
34322,24,20
timeStep,numberOfRobotsOnBlackSite,numberOfRobotsOnWhiteSite
34323,24,20
timeStep,numberOfRobotsOnBlackSite,numberOfRobotsOnWhiteSite
34324,24,20
timeStep,numberOfRobotsOnBlackSite,numberOfRobotsOnWhiteSite
34325,24,20
timeStep,numberOfRobotsOnBlackSite,numberOfRobotsOnWhiteSite
34326,24,20
timeStep,numberOfRobotsOnBlackSite,numberOfRobotsOnWhiteSite
34327,24,20
timeStep,numberOfRobotsOnBlackSite,numberOfRobotsOnWhiteSite
34328,24,20
timeStep,numberOfRobotsOnBlackSite,numberOfRobotsOnWhiteSite
34329,24,20
timeStep,numberOfRobotsOnBlackSite,numberOfRobotsOnWhiteSite
34330,24,20
timeStep,numberOfRobotsOnBlackSite,numberOfRobotsOnWhiteSite
34331,24,20
timeStep,numberOfRobotsOnBlackSite,numberOfRobotsOnWhiteSite
34332,24,20
timeStep,numberOfRobotsOnBlackSite,numberOfRobotsOnWhiteSite
34333,24,20
timeStep,numberOfRobotsOnBlackSite,numberOfRobotsOnWhiteSite
34334,24,20
timeStep,numberOfRobotsOnBlackSite,numberOfRobotsOnWhiteSite
34335,24,20
timeStep,numberOfRobotsOnBlackSite,numberOfRobotsOnWhiteSite
34336,24,20
timeStep,numberOfRobotsOnBlackSite,numberOfRobotsOnWhiteSite
34337,24,20
timeStep,numberOfRobotsOnBlackSite,numberOfRobotsOnWhiteSite
34338,24,20
timeStep,numberOfRobotsOnBlackSite,numberOfRobotsOnWhiteSite
34339,24,20
timeStep,numberOfRobotsOnBlackSite,numberOfRobotsOnWhiteSite
34340,24,20
timeStep,numberOfRobotsOnBlackSite,numberOfRobotsOnWhiteSite
34341,24,20
timeStep,numberOfRobotsOnBlackSite,numberOfRobotsOnWhiteSite
34342,24,20
timeStep,numberOfRobotsOnBlackSite,numberOfRobotsOnWhiteSite
34343,24,20
timeStep,numberOfRobotsOnBlackSite,numberOfRobotsOnWhiteSite
34344,24,20
timeStep,numberOfRobotsOnBlackSite,numberOfRobotsOnWhiteSite
34345,24,20
timeStep,numberOfRobotsOnBlackSite,numberOfRobotsOnWhiteSite
34346,24,20
timeStep,numberOfRobotsOnBlackSite,numberOfRobotsOnWhiteSite
34347,24,20
timeStep,numberOfRobotsOnBlackSite,numberOfRobotsOnWhiteSite
34348,24,20
timeStep,numberOfRobotsOnBlackSite,numberOfRobotsOnWhiteSite
34349,24,20
timeStep,numberOfRobotsOnBlackSite,numberOfRobotsOnWhiteSite
34350,24,20
timeStep,numberOfRobotsOnBlackSite,numberOfRobotsOnWhiteSite
34351,24,20
timeStep,numberOfRobotsOnBlackSite,numberOfRobotsOnWhiteSite
34352,24,20
timeStep,numberOfRobotsOnBlackSite,numberOfRobotsOnWhiteSite
34353,24,20
timeStep,numberOfRobotsOnBlackSite,numberOfRobotsOnWhiteSite
34354,24,20
timeStep,numberOfRobotsOnBlackSite,numberOfRobotsOnWhiteSite
34355,23,20
timeStep,numberOfRobotsOnBlackSite,numberOfRobotsOnWhiteSite
34356,23,20
timeStep,numberOfRobotsOnBlackSite,numberOfRobotsOnWhiteSite
34357,23,20
timeStep,numberOfRobotsOnBlackSite,numberOfRobotsOnWhiteSite
34358,23,20
timeStep,numberOfRobotsOnBlackSite,numberOfRobotsOnWhiteSite
34359,23,20
timeStep,numberOfRobotsOnBlackSite,numberOfRobotsOnWhiteSite
34360,23,20
timeStep,numberOfRobotsOnBlackSite,numberOfRobotsOnWhiteSite
34361,23,20
timeStep,numberOfRobotsOnBlackSite,numberOfRobotsOnWhiteSite
34362,23,20
timeStep,numberOfRobotsOnBlackSite,numberOfRobotsOnWhiteSite
34363,23,20
timeStep,numberOfRobotsOnBlackSite,numberOfRobotsOnWhiteSite
34364,23,20
timeStep,numberOfRobotsOnBlackSite,numberOfRobotsOnWhiteSite
34365,23,20
timeStep,numberOfRobotsOnBlackSite,numberOfRobotsOnWhiteSite
34366,23,20
timeStep,numberOfRobotsOnBlackSite,numberOfRobotsOnWhiteSite
34367,23,20
timeStep,numberOfRobotsOnBlackSite,numberOfRobotsOnWhiteSite
34368,23,20
timeStep,numberOfRobotsOnBlackSite,numberOfRobotsOnWhiteSite
34369,23,20
timeStep,numberOfRobotsOnBlackSite,numberOfRobotsOnWhiteSite
34370,23,20
timeStep,numberOfRobotsOnBlackSite,numberOfRobotsOnWhiteSite
34371,23,20
timeStep,numberOfRobotsOnBlackSite,numberOfRobotsOnWhiteSite
34372,23,20
timeStep,numberOfRobotsOnBlackSite,numberOfRobotsOnWhiteSite
34373,23,20
timeStep,numberOfRobotsOnBlackSite,numberOfRobotsOnWhiteSite
34374,23,20
timeStep,numberOfRobotsOnBlackSite,numberOfRobotsOnWhiteSite
34375,23,20
timeStep,numberOfRobotsOnBlackSite,numberOfRobotsOnWhiteSite
34376,23,20
timeStep,numberOfRobotsOnBlackSite,numberOfRobotsOnWhiteSite
34377,23,20
timeStep,numberOfRobotsOnBlackSite,numberOfRobotsOnWhiteSite
34378,23,20
timeStep,numberOfRobotsOnBlackSite,numberOfRobotsOnWhiteSite
34379,23,20
timeStep,numberOfRobotsOnBlackSite,numberOfRobotsOnWhiteSite
34380,23,20
timeStep,numberOfRobotsOnBlackSite,numberOfRobotsOnWhiteSite
34381,23,20
timeStep,numberOfRobotsOnBlackSite,numberOfRobotsOnWhiteSite
34382,23,20
timeStep,numberOfRobotsOnBlackSite,numberOfRobotsOnWhiteSite
34383,23,20
timeStep,numberOfRobotsOnBlackSite,numberOfRobotsOnWhiteSite
34384,23,20
timeStep,numberOfRobotsOnBlackSite,numberOfRobotsOnWhiteSite
34385,23,20
timeStep,numberOfRobotsOnBlackSite,numberOfRobotsOnWhiteSite
34386,23,20
timeStep,numberOfRobotsOnBlackSite,numberOfRobotsOnWhiteSite
34387,23,20
timeStep,numberOfRobotsOnBlackSite,numberOfRobotsOnWhiteSite
34388,23,20
timeStep,numberOfRobotsOnBlackSite,numberOfRobotsOnWhiteSite
34389,23,20
timeStep,numberOfRobotsOnBlackSite,numberOfRobotsOnWhiteSite
34390,23,20
timeStep,numberOfRobotsOnBlackSite,numberOfRobotsOnWhiteSite
34391,23,20
timeStep,numberOfRobotsOnBlackSite,numberOfRobotsOnWhiteSite
34392,23,20
timeStep,numberOfRobotsOnBlackSite,numberOfRobotsOnWhiteSite
34393,23,20
timeStep,numberOfRobotsOnBlackSite,numberOfRobotsOnWhiteSite
34394,23,20
timeStep,numberOfRobotsOnBlackSite,numberOfRobotsOnWhiteSite
34395,23,20
timeStep,numberOfRobotsOnBlackSite,numberOfRobotsOnWhiteSite
34396,23,20
timeStep,numberOfRobotsOnBlackSite,numberOfRobotsOnWhiteSite
34397,23,20
timeStep,numberOfRobotsOnBlackSite,numberOfRobotsOnWhiteSite
34398,23,20
timeStep,numberOfRobotsOnBlackSite,numberOfRobotsOnWhiteSite
34399,23,20
timeStep,numberOfRobotsOnBlackSite,numberOfRobotsOnWhiteSite
34400,23,20
timeStep,numberOfRobotsOnBlackSite,numberOfRobotsOnWhiteSite
34401,23,20
timeStep,numberOfRobotsOnBlackSite,numberOfRobotsOnWhiteSite
34402,23,20
timeStep,numberOfRobotsOnBlackSite,numberOfRobotsOnWhiteSite
34403,23,20
timeStep,numberOfRobotsOnBlackSite,numberOfRobotsOnWhiteSite
34404,23,20
timeStep,numberOfRobotsOnBlackSite,numberOfRobotsOnWhiteSite
34405,23,20
timeStep,numberOfRobotsOnBlackSite,numberOfRobotsOnWhiteSite
34406,23,20
timeStep,numberOfRobotsOnBlackSite,numberOfRobotsOnWhiteSite
34407,23,20
timeStep,numberOfRobotsOnBlackSite,numberOfRobotsOnWhiteSite
34408,23,20
timeStep,numberOfRobotsOnBlackSite,numberOfRobotsOnWhiteSite
34409,23,20
timeStep,numberOfRobotsOnBlackSite,numberOfRobotsOnWhiteSite
34410,23,20
timeStep,numberOfRobotsOnBlackSite,numberOfRobotsOnWhiteSite
34411,23,20
timeStep,numberOfRobotsOnBlackSite,numberOfRobotsOnWhiteSite
34412,23,20
timeStep,numberOfRobotsOnBlackSite,numberOfRobotsOnWhiteSite
34413,23,20
timeStep,numberOfRobotsOnBlackSite,numberOfRobotsOnWhiteSite
34414,23,20
timeStep,numberOfRobotsOnBlackSite,numberOfRobotsOnWhiteSite
34415,24,20
timeStep,numberOfRobotsOnBlackSite,numberOfRobotsOnWhiteSite
34416,24,20
timeStep,numberOfRobotsOnBlackSite,numberOfRobotsOnWhiteSite
34417,24,20
timeStep,numberOfRobotsOnBlackSite,numberOfRobotsOnWhiteSite
34418,24,20
timeStep,numberOfRobotsOnBlackSite,numberOfRobotsOnWhiteSite
34419,24,20
timeStep,numberOfRobotsOnBlackSite,numberOfRobotsOnWhiteSite
34420,24,20
timeStep,numberOfRobotsOnBlackSite,numberOfRobotsOnWhiteSite
34421,24,20
timeStep,numberOfRobotsOnBlackSite,numberOfRobotsOnWhiteSite
34422,24,20
timeStep,numberOfRobotsOnBlackSite,numberOfRobotsOnWhiteSite
34423,24,20
timeStep,numberOfRobotsOnBlackSite,numberOfRobotsOnWhiteSite
34424,24,20
timeStep,numberOfRobotsOnBlackSite,numberOfRobotsOnWhiteSite
34425,24,20
timeStep,numberOfRobotsOnBlackSite,numberOfRobotsOnWhiteSite
34426,24,20
timeStep,numberOfRobotsOnBlackSite,numberOfRobotsOnWhiteSite
34427,24,20
timeStep,numberOfRobotsOnBlackSite,numberOfRobotsOnWhiteSite
34428,24,20
timeStep,numberOfRobotsOnBlackSite,numberOfRobotsOnWhiteSite
34429,24,20
timeStep,numberOfRobotsOnBlackSite,numberOfRobotsOnWhiteSite
34430,24,20
timeStep,numberOfRobotsOnBlackSite,numberOfRobotsOnWhiteSite
34431,24,20
timeStep,numberOfRobotsOnBlackSite,numberOfRobotsOnWhiteSite
34432,24,20
timeStep,numberOfRobotsOnBlackSite,numberOfRobotsOnWhiteSite
34433,24,20
timeStep,numberOfRobotsOnBlackSite,numberOfRobotsOnWhiteSite
34434,24,20
timeStep,numberOfRobotsOnBlackSite,numberOfRobotsOnWhiteSite
34435,24,20
timeStep,numberOfRobotsOnBlackSite,numberOfRobotsOnWhiteSite
34436,24,20
timeStep,numberOfRobotsOnBlackSite,numberOfRobotsOnWhiteSite
34437,24,20
timeStep,numberOfRobotsOnBlackSite,numberOfRobotsOnWhiteSite
34438,24,20
timeStep,numberOfRobotsOnBlackSite,numberOfRobotsOnWhiteSite
34439,24,20
timeStep,numberOfRobotsOnBlackSite,numberOfRobotsOnWhiteSite
34440,24,20
timeStep,numberOfRobotsOnBlackSite,numberOfRobotsOnWhiteSite
34441,24,20
timeStep,numberOfRobotsOnBlackSite,numberOfRobotsOnWhiteSite
34442,24,20
timeStep,numberOfRobotsOnBlackSite,numberOfRobotsOnWhiteSite
34443,24,20
timeStep,numberOfRobotsOnBlackSite,numberOfRobotsOnWhiteSite
34444,24,20
timeStep,numberOfRobotsOnBlackSite,numberOfRobotsOnWhiteSite
34445,24,20
timeStep,numberOfRobotsOnBlackSite,numberOfRobotsOnWhiteSite
34446,24,20
timeStep,numberOfRobotsOnBlackSite,numberOfRobotsOnWhiteSite
34447,24,20
timeStep,numberOfRobotsOnBlackSite,numberOfRobotsOnWhiteSite
34448,24,20
timeStep,numberOfRobotsOnBlackSite,numberOfRobotsOnWhiteSite
34449,24,20
timeStep,numberOfRobotsOnBlackSite,numberOfRobotsOnWhiteSite
34450,24,20
timeStep,numberOfRobotsOnBlackSite,numberOfRobotsOnWhiteSite
34451,24,20
timeStep,numberOfRobotsOnBlackSite,numberOfRobotsOnWhiteSite
34452,24,20
timeStep,numberOfRobotsOnBlackSite,numberOfRobotsOnWhiteSite
34453,24,20
timeStep,numberOfRobotsOnBlackSite,numberOfRobotsOnWhiteSite
34454,24,20
timeStep,numberOfRobotsOnBlackSite,numberOfRobotsOnWhiteSite
34455,24,20
timeStep,numberOfRobotsOnBlackSite,numberOfRobotsOnWhiteSite
34456,24,20
timeStep,numberOfRobotsOnBlackSite,numberOfRobotsOnWhiteSite
34457,24,20
timeStep,numberOfRobotsOnBlackSite,numberOfRobotsOnWhiteSite
34458,24,20
timeStep,numberOfRobotsOnBlackSite,numberOfRobotsOnWhiteSite
34459,24,20
timeStep,numberOfRobotsOnBlackSite,numberOfRobotsOnWhiteSite
34460,24,20
timeStep,numberOfRobotsOnBlackSite,numberOfRobotsOnWhiteSite
34461,24,20
timeStep,numberOfRobotsOnBlackSite,numberOfRobotsOnWhiteSite
34462,24,20
timeStep,numberOfRobotsOnBlackSite,numberOfRobotsOnWhiteSite
34463,24,20
timeStep,numberOfRobotsOnBlackSite,numberOfRobotsOnWhiteSite
34464,24,20
timeStep,numberOfRobotsOnBlackSite,numberOfRobotsOnWhiteSite
34465,24,21
timeStep,numberOfRobotsOnBlackSite,numberOfRobotsOnWhiteSite
34466,24,21
timeStep,numberOfRobotsOnBlackSite,numberOfRobotsOnWhiteSite
34467,24,21
timeStep,numberOfRobotsOnBlackSite,numberOfRobotsOnWhiteSite
34468,24,21
timeStep,numberOfRobotsOnBlackSite,numberOfRobotsOnWhiteSite
34469,24,21
timeStep,numberOfRobotsOnBlackSite,numberOfRobotsOnWhiteSite
34470,24,21
timeStep,numberOfRobotsOnBlackSite,numberOfRobotsOnWhiteSite
34471,24,21
timeStep,numberOfRobotsOnBlackSite,numberOfRobotsOnWhiteSite
34472,24,21
timeStep,numberOfRobotsOnBlackSite,numberOfRobotsOnWhiteSite
34473,24,21
timeStep,numberOfRobotsOnBlackSite,numberOfRobotsOnWhiteSite
34474,24,21
timeStep,numberOfRobotsOnBlackSite,numberOfRobotsOnWhiteSite
34475,24,21
timeStep,numberOfRobotsOnBlackSite,numberOfRobotsOnWhiteSite
34476,24,21
timeStep,numberOfRobotsOnBlackSite,numberOfRobotsOnWhiteSite
34477,24,21
timeStep,numberOfRobotsOnBlackSite,numberOfRobotsOnWhiteSite
34478,24,21
timeStep,numberOfRobotsOnBlackSite,numberOfRobotsOnWhiteSite
34479,24,21
timeStep,numberOfRobotsOnBlackSite,numberOfRobotsOnWhiteSite
34480,24,21
timeStep,numberOfRobotsOnBlackSite,numberOfRobotsOnWhiteSite
34481,24,21
timeStep,numberOfRobotsOnBlackSite,numberOfRobotsOnWhiteSite
34482,24,21
timeStep,numberOfRobotsOnBlackSite,numberOfRobotsOnWhiteSite
34483,24,21
timeStep,numberOfRobotsOnBlackSite,numberOfRobotsOnWhiteSite
34484,24,21
timeStep,numberOfRobotsOnBlackSite,numberOfRobotsOnWhiteSite
34485,24,21
timeStep,numberOfRobotsOnBlackSite,numberOfRobotsOnWhiteSite
34486,24,21
timeStep,numberOfRobotsOnBlackSite,numberOfRobotsOnWhiteSite
34487,24,21
timeStep,numberOfRobotsOnBlackSite,numberOfRobotsOnWhiteSite
34488,24,21
timeStep,numberOfRobotsOnBlackSite,numberOfRobotsOnWhiteSite
34489,24,21
timeStep,numberOfRobotsOnBlackSite,numberOfRobotsOnWhiteSite
34490,24,21
timeStep,numberOfRobotsOnBlackSite,numberOfRobotsOnWhiteSite
34491,24,21
timeStep,numberOfRobotsOnBlackSite,numberOfRobotsOnWhiteSite
34492,24,21
timeStep,numberOfRobotsOnBlackSite,numberOfRobotsOnWhiteSite
34493,24,21
timeStep,numberOfRobotsOnBlackSite,numberOfRobotsOnWhiteSite
34494,24,21
timeStep,numberOfRobotsOnBlackSite,numberOfRobotsOnWhiteSite
34495,24,21
timeStep,numberOfRobotsOnBlackSite,numberOfRobotsOnWhiteSite
34496,24,21
timeStep,numberOfRobotsOnBlackSite,numberOfRobotsOnWhiteSite
34497,24,21
timeStep,numberOfRobotsOnBlackSite,numberOfRobotsOnWhiteSite
34498,24,21
timeStep,numberOfRobotsOnBlackSite,numberOfRobotsOnWhiteSite
34499,24,21
timeStep,numberOfRobotsOnBlackSite,numberOfRobotsOnWhiteSite
34500,24,21
timeStep,numberOfRobotsOnBlackSite,numberOfRobotsOnWhiteSite
34501,24,21
timeStep,numberOfRobotsOnBlackSite,numberOfRobotsOnWhiteSite
34502,24,21
timeStep,numberOfRobotsOnBlackSite,numberOfRobotsOnWhiteSite
34503,24,21
timeStep,numberOfRobotsOnBlackSite,numberOfRobotsOnWhiteSite
34504,24,21
timeStep,numberOfRobotsOnBlackSite,numberOfRobotsOnWhiteSite
34505,24,21
timeStep,numberOfRobotsOnBlackSite,numberOfRobotsOnWhiteSite
34506,24,21
timeStep,numberOfRobotsOnBlackSite,numberOfRobotsOnWhiteSite
34507,24,21
timeStep,numberOfRobotsOnBlackSite,numberOfRobotsOnWhiteSite
34508,24,21
timeStep,numberOfRobotsOnBlackSite,numberOfRobotsOnWhiteSite
34509,24,21
timeStep,numberOfRobotsOnBlackSite,numberOfRobotsOnWhiteSite
34510,24,21
timeStep,numberOfRobotsOnBlackSite,numberOfRobotsOnWhiteSite
34511,24,21
timeStep,numberOfRobotsOnBlackSite,numberOfRobotsOnWhiteSite
34512,24,21
timeStep,numberOfRobotsOnBlackSite,numberOfRobotsOnWhiteSite
34513,24,21
timeStep,numberOfRobotsOnBlackSite,numberOfRobotsOnWhiteSite
34514,24,21
timeStep,numberOfRobotsOnBlackSite,numberOfRobotsOnWhiteSite
34515,24,21
timeStep,numberOfRobotsOnBlackSite,numberOfRobotsOnWhiteSite
34516,24,21
timeStep,numberOfRobotsOnBlackSite,numberOfRobotsOnWhiteSite
34517,24,21
timeStep,numberOfRobotsOnBlackSite,numberOfRobotsOnWhiteSite
34518,24,21
timeStep,numberOfRobotsOnBlackSite,numberOfRobotsOnWhiteSite
34519,24,21
timeStep,numberOfRobotsOnBlackSite,numberOfRobotsOnWhiteSite
34520,24,21
timeStep,numberOfRobotsOnBlackSite,numberOfRobotsOnWhiteSite
34521,24,21
timeStep,numberOfRobotsOnBlackSite,numberOfRobotsOnWhiteSite
34522,24,21
timeStep,numberOfRobotsOnBlackSite,numberOfRobotsOnWhiteSite
34523,24,21
timeStep,numberOfRobotsOnBlackSite,numberOfRobotsOnWhiteSite
34524,24,21
timeStep,numberOfRobotsOnBlackSite,numberOfRobotsOnWhiteSite
34525,24,21
timeStep,numberOfRobotsOnBlackSite,numberOfRobotsOnWhiteSite
34526,24,21
timeStep,numberOfRobotsOnBlackSite,numberOfRobotsOnWhiteSite
34527,24,21
timeStep,numberOfRobotsOnBlackSite,numberOfRobotsOnWhiteSite
34528,24,21
timeStep,numberOfRobotsOnBlackSite,numberOfRobotsOnWhiteSite
34529,24,21
timeStep,numberOfRobotsOnBlackSite,numberOfRobotsOnWhiteSite
34530,24,21
timeStep,numberOfRobotsOnBlackSite,numberOfRobotsOnWhiteSite
34531,24,21
timeStep,numberOfRobotsOnBlackSite,numberOfRobotsOnWhiteSite
34532,24,21
timeStep,numberOfRobotsOnBlackSite,numberOfRobotsOnWhiteSite
34533,24,21
timeStep,numberOfRobotsOnBlackSite,numberOfRobotsOnWhiteSite
34534,24,21
timeStep,numberOfRobotsOnBlackSite,numberOfRobotsOnWhiteSite
34535,24,21
timeStep,numberOfRobotsOnBlackSite,numberOfRobotsOnWhiteSite
34536,24,21
timeStep,numberOfRobotsOnBlackSite,numberOfRobotsOnWhiteSite
34537,24,21
timeStep,numberOfRobotsOnBlackSite,numberOfRobotsOnWhiteSite
34538,24,21
timeStep,numberOfRobotsOnBlackSite,numberOfRobotsOnWhiteSite
34539,24,21
timeStep,numberOfRobotsOnBlackSite,numberOfRobotsOnWhiteSite
34540,24,21
timeStep,numberOfRobotsOnBlackSite,numberOfRobotsOnWhiteSite
34541,24,21
timeStep,numberOfRobotsOnBlackSite,numberOfRobotsOnWhiteSite
34542,24,21
timeStep,numberOfRobotsOnBlackSite,numberOfRobotsOnWhiteSite
34543,24,21
timeStep,numberOfRobotsOnBlackSite,numberOfRobotsOnWhiteSite
34544,24,21
timeStep,numberOfRobotsOnBlackSite,numberOfRobotsOnWhiteSite
34545,24,21
timeStep,numberOfRobotsOnBlackSite,numberOfRobotsOnWhiteSite
34546,24,21
timeStep,numberOfRobotsOnBlackSite,numberOfRobotsOnWhiteSite
34547,24,21
timeStep,numberOfRobotsOnBlackSite,numberOfRobotsOnWhiteSite
34548,24,21
timeStep,numberOfRobotsOnBlackSite,numberOfRobotsOnWhiteSite
34549,24,21
timeStep,numberOfRobotsOnBlackSite,numberOfRobotsOnWhiteSite
34550,24,21
timeStep,numberOfRobotsOnBlackSite,numberOfRobotsOnWhiteSite
34551,24,21
timeStep,numberOfRobotsOnBlackSite,numberOfRobotsOnWhiteSite
34552,24,21
timeStep,numberOfRobotsOnBlackSite,numberOfRobotsOnWhiteSite
34553,24,21
timeStep,numberOfRobotsOnBlackSite,numberOfRobotsOnWhiteSite
34554,24,21
timeStep,numberOfRobotsOnBlackSite,numberOfRobotsOnWhiteSite
34555,24,21
timeStep,numberOfRobotsOnBlackSite,numberOfRobotsOnWhiteSite
34556,24,21
timeStep,numberOfRobotsOnBlackSite,numberOfRobotsOnWhiteSite
34557,24,21
timeStep,numberOfRobotsOnBlackSite,numberOfRobotsOnWhiteSite
34558,24,21
timeStep,numberOfRobotsOnBlackSite,numberOfRobotsOnWhiteSite
34559,24,21
timeStep,numberOfRobotsOnBlackSite,numberOfRobotsOnWhiteSite
34560,24,21
timeStep,numberOfRobotsOnBlackSite,numberOfRobotsOnWhiteSite
34561,24,21
timeStep,numberOfRobotsOnBlackSite,numberOfRobotsOnWhiteSite
34562,24,21
timeStep,numberOfRobotsOnBlackSite,numberOfRobotsOnWhiteSite
34563,24,21
timeStep,numberOfRobotsOnBlackSite,numberOfRobotsOnWhiteSite
34564,24,21
timeStep,numberOfRobotsOnBlackSite,numberOfRobotsOnWhiteSite
34565,24,21
timeStep,numberOfRobotsOnBlackSite,numberOfRobotsOnWhiteSite
34566,24,21
timeStep,numberOfRobotsOnBlackSite,numberOfRobotsOnWhiteSite
34567,24,21
timeStep,numberOfRobotsOnBlackSite,numberOfRobotsOnWhiteSite
34568,24,21
timeStep,numberOfRobotsOnBlackSite,numberOfRobotsOnWhiteSite
34569,24,21
timeStep,numberOfRobotsOnBlackSite,numberOfRobotsOnWhiteSite
34570,24,21
timeStep,numberOfRobotsOnBlackSite,numberOfRobotsOnWhiteSite
34571,24,21
timeStep,numberOfRobotsOnBlackSite,numberOfRobotsOnWhiteSite
34572,24,21
timeStep,numberOfRobotsOnBlackSite,numberOfRobotsOnWhiteSite
34573,24,21
timeStep,numberOfRobotsOnBlackSite,numberOfRobotsOnWhiteSite
34574,24,21
timeStep,numberOfRobotsOnBlackSite,numberOfRobotsOnWhiteSite
34575,24,21
timeStep,numberOfRobotsOnBlackSite,numberOfRobotsOnWhiteSite
34576,24,21
timeStep,numberOfRobotsOnBlackSite,numberOfRobotsOnWhiteSite
34577,24,21
timeStep,numberOfRobotsOnBlackSite,numberOfRobotsOnWhiteSite
34578,24,21
timeStep,numberOfRobotsOnBlackSite,numberOfRobotsOnWhiteSite
34579,24,21
timeStep,numberOfRobotsOnBlackSite,numberOfRobotsOnWhiteSite
34580,24,21
timeStep,numberOfRobotsOnBlackSite,numberOfRobotsOnWhiteSite
34581,24,21
timeStep,numberOfRobotsOnBlackSite,numberOfRobotsOnWhiteSite
34582,24,21
timeStep,numberOfRobotsOnBlackSite,numberOfRobotsOnWhiteSite
34583,24,21
timeStep,numberOfRobotsOnBlackSite,numberOfRobotsOnWhiteSite
34584,24,21
timeStep,numberOfRobotsOnBlackSite,numberOfRobotsOnWhiteSite
34585,24,21
timeStep,numberOfRobotsOnBlackSite,numberOfRobotsOnWhiteSite
34586,24,21
timeStep,numberOfRobotsOnBlackSite,numberOfRobotsOnWhiteSite
34587,24,21
timeStep,numberOfRobotsOnBlackSite,numberOfRobotsOnWhiteSite
34588,24,21
timeStep,numberOfRobotsOnBlackSite,numberOfRobotsOnWhiteSite
34589,24,21
timeStep,numberOfRobotsOnBlackSite,numberOfRobotsOnWhiteSite
34590,24,21
timeStep,numberOfRobotsOnBlackSite,numberOfRobotsOnWhiteSite
34591,24,21
timeStep,numberOfRobotsOnBlackSite,numberOfRobotsOnWhiteSite
34592,24,21
timeStep,numberOfRobotsOnBlackSite,numberOfRobotsOnWhiteSite
34593,24,21
timeStep,numberOfRobotsOnBlackSite,numberOfRobotsOnWhiteSite
34594,24,21
timeStep,numberOfRobotsOnBlackSite,numberOfRobotsOnWhiteSite
34595,24,20
timeStep,numberOfRobotsOnBlackSite,numberOfRobotsOnWhiteSite
34596,24,20
timeStep,numberOfRobotsOnBlackSite,numberOfRobotsOnWhiteSite
34597,24,20
timeStep,numberOfRobotsOnBlackSite,numberOfRobotsOnWhiteSite
34598,24,20
timeStep,numberOfRobotsOnBlackSite,numberOfRobotsOnWhiteSite
34599,24,20
timeStep,numberOfRobotsOnBlackSite,numberOfRobotsOnWhiteSite
34600,24,20
timeStep,numberOfRobotsOnBlackSite,numberOfRobotsOnWhiteSite
34601,24,20
timeStep,numberOfRobotsOnBlackSite,numberOfRobotsOnWhiteSite
34602,24,20
timeStep,numberOfRobotsOnBlackSite,numberOfRobotsOnWhiteSite
34603,24,20
timeStep,numberOfRobotsOnBlackSite,numberOfRobotsOnWhiteSite
34604,24,20
timeStep,numberOfRobotsOnBlackSite,numberOfRobotsOnWhiteSite
34605,24,20
timeStep,numberOfRobotsOnBlackSite,numberOfRobotsOnWhiteSite
34606,24,20
timeStep,numberOfRobotsOnBlackSite,numberOfRobotsOnWhiteSite
34607,24,20
timeStep,numberOfRobotsOnBlackSite,numberOfRobotsOnWhiteSite
34608,24,20
timeStep,numberOfRobotsOnBlackSite,numberOfRobotsOnWhiteSite
34609,24,20
timeStep,numberOfRobotsOnBlackSite,numberOfRobotsOnWhiteSite
34610,24,20
timeStep,numberOfRobotsOnBlackSite,numberOfRobotsOnWhiteSite
34611,24,20
timeStep,numberOfRobotsOnBlackSite,numberOfRobotsOnWhiteSite
34612,24,20
timeStep,numberOfRobotsOnBlackSite,numberOfRobotsOnWhiteSite
34613,24,20
timeStep,numberOfRobotsOnBlackSite,numberOfRobotsOnWhiteSite
34614,24,20
timeStep,numberOfRobotsOnBlackSite,numberOfRobotsOnWhiteSite
34615,24,20
timeStep,numberOfRobotsOnBlackSite,numberOfRobotsOnWhiteSite
34616,24,20
timeStep,numberOfRobotsOnBlackSite,numberOfRobotsOnWhiteSite
34617,24,20
timeStep,numberOfRobotsOnBlackSite,numberOfRobotsOnWhiteSite
34618,24,20
timeStep,numberOfRobotsOnBlackSite,numberOfRobotsOnWhiteSite
34619,24,20
timeStep,numberOfRobotsOnBlackSite,numberOfRobotsOnWhiteSite
34620,24,20
timeStep,numberOfRobotsOnBlackSite,numberOfRobotsOnWhiteSite
34621,24,20
timeStep,numberOfRobotsOnBlackSite,numberOfRobotsOnWhiteSite
34622,24,20
timeStep,numberOfRobotsOnBlackSite,numberOfRobotsOnWhiteSite
34623,24,20
timeStep,numberOfRobotsOnBlackSite,numberOfRobotsOnWhiteSite
34624,24,20
timeStep,numberOfRobotsOnBlackSite,numberOfRobotsOnWhiteSite
34625,24,20
timeStep,numberOfRobotsOnBlackSite,numberOfRobotsOnWhiteSite
34626,24,20
timeStep,numberOfRobotsOnBlackSite,numberOfRobotsOnWhiteSite
34627,24,20
timeStep,numberOfRobotsOnBlackSite,numberOfRobotsOnWhiteSite
34628,24,20
timeStep,numberOfRobotsOnBlackSite,numberOfRobotsOnWhiteSite
34629,24,20
timeStep,numberOfRobotsOnBlackSite,numberOfRobotsOnWhiteSite
34630,24,20
timeStep,numberOfRobotsOnBlackSite,numberOfRobotsOnWhiteSite
34631,24,20
timeStep,numberOfRobotsOnBlackSite,numberOfRobotsOnWhiteSite
34632,24,20
timeStep,numberOfRobotsOnBlackSite,numberOfRobotsOnWhiteSite
34633,24,20
timeStep,numberOfRobotsOnBlackSite,numberOfRobotsOnWhiteSite
34634,24,20
timeStep,numberOfRobotsOnBlackSite,numberOfRobotsOnWhiteSite
34635,24,20
timeStep,numberOfRobotsOnBlackSite,numberOfRobotsOnWhiteSite
34636,24,20
timeStep,numberOfRobotsOnBlackSite,numberOfRobotsOnWhiteSite
34637,24,20
timeStep,numberOfRobotsOnBlackSite,numberOfRobotsOnWhiteSite
34638,24,20
timeStep,numberOfRobotsOnBlackSite,numberOfRobotsOnWhiteSite
34639,24,20
timeStep,numberOfRobotsOnBlackSite,numberOfRobotsOnWhiteSite
34640,24,20
timeStep,numberOfRobotsOnBlackSite,numberOfRobotsOnWhiteSite
34641,24,20
timeStep,numberOfRobotsOnBlackSite,numberOfRobotsOnWhiteSite
34642,24,20
timeStep,numberOfRobotsOnBlackSite,numberOfRobotsOnWhiteSite
34643,24,20
timeStep,numberOfRobotsOnBlackSite,numberOfRobotsOnWhiteSite
34644,24,20
timeStep,numberOfRobotsOnBlackSite,numberOfRobotsOnWhiteSite
34645,24,20
timeStep,numberOfRobotsOnBlackSite,numberOfRobotsOnWhiteSite
34646,24,20
timeStep,numberOfRobotsOnBlackSite,numberOfRobotsOnWhiteSite
34647,24,20
timeStep,numberOfRobotsOnBlackSite,numberOfRobotsOnWhiteSite
34648,24,20
timeStep,numberOfRobotsOnBlackSite,numberOfRobotsOnWhiteSite
34649,24,20
timeStep,numberOfRobotsOnBlackSite,numberOfRobotsOnWhiteSite
34650,24,20
timeStep,numberOfRobotsOnBlackSite,numberOfRobotsOnWhiteSite
34651,24,20
timeStep,numberOfRobotsOnBlackSite,numberOfRobotsOnWhiteSite
34652,24,20
timeStep,numberOfRobotsOnBlackSite,numberOfRobotsOnWhiteSite
34653,24,20
timeStep,numberOfRobotsOnBlackSite,numberOfRobotsOnWhiteSite
34654,24,20
timeStep,numberOfRobotsOnBlackSite,numberOfRobotsOnWhiteSite
34655,24,20
timeStep,numberOfRobotsOnBlackSite,numberOfRobotsOnWhiteSite
34656,24,20
timeStep,numberOfRobotsOnBlackSite,numberOfRobotsOnWhiteSite
34657,24,20
timeStep,numberOfRobotsOnBlackSite,numberOfRobotsOnWhiteSite
34658,24,20
timeStep,numberOfRobotsOnBlackSite,numberOfRobotsOnWhiteSite
34659,24,20
timeStep,numberOfRobotsOnBlackSite,numberOfRobotsOnWhiteSite
34660,24,20
timeStep,numberOfRobotsOnBlackSite,numberOfRobotsOnWhiteSite
34661,24,20
timeStep,numberOfRobotsOnBlackSite,numberOfRobotsOnWhiteSite
34662,24,20
timeStep,numberOfRobotsOnBlackSite,numberOfRobotsOnWhiteSite
34663,24,20
timeStep,numberOfRobotsOnBlackSite,numberOfRobotsOnWhiteSite
34664,24,20
timeStep,numberOfRobotsOnBlackSite,numberOfRobotsOnWhiteSite
34665,24,20
timeStep,numberOfRobotsOnBlackSite,numberOfRobotsOnWhiteSite
34666,24,20
timeStep,numberOfRobotsOnBlackSite,numberOfRobotsOnWhiteSite
34667,24,20
timeStep,numberOfRobotsOnBlackSite,numberOfRobotsOnWhiteSite
34668,24,20
timeStep,numberOfRobotsOnBlackSite,numberOfRobotsOnWhiteSite
34669,24,20
timeStep,numberOfRobotsOnBlackSite,numberOfRobotsOnWhiteSite
34670,24,20
timeStep,numberOfRobotsOnBlackSite,numberOfRobotsOnWhiteSite
34671,24,20
timeStep,numberOfRobotsOnBlackSite,numberOfRobotsOnWhiteSite
34672,24,20
timeStep,numberOfRobotsOnBlackSite,numberOfRobotsOnWhiteSite
34673,24,20
timeStep,numberOfRobotsOnBlackSite,numberOfRobotsOnWhiteSite
34674,24,20
timeStep,numberOfRobotsOnBlackSite,numberOfRobotsOnWhiteSite
34675,24,20
timeStep,numberOfRobotsOnBlackSite,numberOfRobotsOnWhiteSite
34676,24,20
timeStep,numberOfRobotsOnBlackSite,numberOfRobotsOnWhiteSite
34677,24,20
timeStep,numberOfRobotsOnBlackSite,numberOfRobotsOnWhiteSite
34678,24,20
timeStep,numberOfRobotsOnBlackSite,numberOfRobotsOnWhiteSite
34679,24,20
timeStep,numberOfRobotsOnBlackSite,numberOfRobotsOnWhiteSite
34680,24,20
timeStep,numberOfRobotsOnBlackSite,numberOfRobotsOnWhiteSite
34681,24,20
timeStep,numberOfRobotsOnBlackSite,numberOfRobotsOnWhiteSite
34682,24,20
timeStep,numberOfRobotsOnBlackSite,numberOfRobotsOnWhiteSite
34683,24,20
timeStep,numberOfRobotsOnBlackSite,numberOfRobotsOnWhiteSite
34684,24,20
timeStep,numberOfRobotsOnBlackSite,numberOfRobotsOnWhiteSite
34685,24,20
timeStep,numberOfRobotsOnBlackSite,numberOfRobotsOnWhiteSite
34686,24,20
timeStep,numberOfRobotsOnBlackSite,numberOfRobotsOnWhiteSite
34687,24,20
timeStep,numberOfRobotsOnBlackSite,numberOfRobotsOnWhiteSite
34688,24,20
timeStep,numberOfRobotsOnBlackSite,numberOfRobotsOnWhiteSite
34689,24,20
timeStep,numberOfRobotsOnBlackSite,numberOfRobotsOnWhiteSite
34690,24,20
timeStep,numberOfRobotsOnBlackSite,numberOfRobotsOnWhiteSite
34691,24,20
timeStep,numberOfRobotsOnBlackSite,numberOfRobotsOnWhiteSite
34692,24,20
timeStep,numberOfRobotsOnBlackSite,numberOfRobotsOnWhiteSite
34693,24,20
timeStep,numberOfRobotsOnBlackSite,numberOfRobotsOnWhiteSite
34694,24,20
timeStep,numberOfRobotsOnBlackSite,numberOfRobotsOnWhiteSite
34695,24,20
timeStep,numberOfRobotsOnBlackSite,numberOfRobotsOnWhiteSite
34696,24,20
timeStep,numberOfRobotsOnBlackSite,numberOfRobotsOnWhiteSite
34697,24,20
timeStep,numberOfRobotsOnBlackSite,numberOfRobotsOnWhiteSite
34698,24,20
timeStep,numberOfRobotsOnBlackSite,numberOfRobotsOnWhiteSite
34699,24,20
timeStep,numberOfRobotsOnBlackSite,numberOfRobotsOnWhiteSite
34700,24,20
timeStep,numberOfRobotsOnBlackSite,numberOfRobotsOnWhiteSite
34701,24,20
timeStep,numberOfRobotsOnBlackSite,numberOfRobotsOnWhiteSite
34702,24,20
timeStep,numberOfRobotsOnBlackSite,numberOfRobotsOnWhiteSite
34703,24,20
timeStep,numberOfRobotsOnBlackSite,numberOfRobotsOnWhiteSite
34704,24,20
timeStep,numberOfRobotsOnBlackSite,numberOfRobotsOnWhiteSite
34705,24,20
timeStep,numberOfRobotsOnBlackSite,numberOfRobotsOnWhiteSite
34706,24,20
timeStep,numberOfRobotsOnBlackSite,numberOfRobotsOnWhiteSite
34707,24,20
timeStep,numberOfRobotsOnBlackSite,numberOfRobotsOnWhiteSite
34708,24,20
timeStep,numberOfRobotsOnBlackSite,numberOfRobotsOnWhiteSite
34709,24,20
timeStep,numberOfRobotsOnBlackSite,numberOfRobotsOnWhiteSite
34710,24,20
timeStep,numberOfRobotsOnBlackSite,numberOfRobotsOnWhiteSite
34711,24,20
timeStep,numberOfRobotsOnBlackSite,numberOfRobotsOnWhiteSite
34712,24,20
timeStep,numberOfRobotsOnBlackSite,numberOfRobotsOnWhiteSite
34713,24,20
timeStep,numberOfRobotsOnBlackSite,numberOfRobotsOnWhiteSite
34714,24,20
timeStep,numberOfRobotsOnBlackSite,numberOfRobotsOnWhiteSite
34715,24,20
timeStep,numberOfRobotsOnBlackSite,numberOfRobotsOnWhiteSite
34716,24,20
timeStep,numberOfRobotsOnBlackSite,numberOfRobotsOnWhiteSite
34717,24,20
timeStep,numberOfRobotsOnBlackSite,numberOfRobotsOnWhiteSite
34718,24,20
timeStep,numberOfRobotsOnBlackSite,numberOfRobotsOnWhiteSite
34719,24,20
timeStep,numberOfRobotsOnBlackSite,numberOfRobotsOnWhiteSite
34720,24,20
timeStep,numberOfRobotsOnBlackSite,numberOfRobotsOnWhiteSite
34721,24,20
timeStep,numberOfRobotsOnBlackSite,numberOfRobotsOnWhiteSite
34722,24,20
timeStep,numberOfRobotsOnBlackSite,numberOfRobotsOnWhiteSite
34723,24,20
timeStep,numberOfRobotsOnBlackSite,numberOfRobotsOnWhiteSite
34724,24,20
timeStep,numberOfRobotsOnBlackSite,numberOfRobotsOnWhiteSite
34725,24,20
timeStep,numberOfRobotsOnBlackSite,numberOfRobotsOnWhiteSite
34726,24,20
timeStep,numberOfRobotsOnBlackSite,numberOfRobotsOnWhiteSite
34727,24,20
timeStep,numberOfRobotsOnBlackSite,numberOfRobotsOnWhiteSite
34728,24,20
timeStep,numberOfRobotsOnBlackSite,numberOfRobotsOnWhiteSite
34729,24,20
timeStep,numberOfRobotsOnBlackSite,numberOfRobotsOnWhiteSite
34730,24,20
timeStep,numberOfRobotsOnBlackSite,numberOfRobotsOnWhiteSite
34731,24,20
timeStep,numberOfRobotsOnBlackSite,numberOfRobotsOnWhiteSite
34732,24,20
timeStep,numberOfRobotsOnBlackSite,numberOfRobotsOnWhiteSite
34733,24,20
timeStep,numberOfRobotsOnBlackSite,numberOfRobotsOnWhiteSite
34734,24,20
timeStep,numberOfRobotsOnBlackSite,numberOfRobotsOnWhiteSite
34735,24,20
timeStep,numberOfRobotsOnBlackSite,numberOfRobotsOnWhiteSite
34736,24,20
timeStep,numberOfRobotsOnBlackSite,numberOfRobotsOnWhiteSite
34737,24,20
timeStep,numberOfRobotsOnBlackSite,numberOfRobotsOnWhiteSite
34738,24,20
timeStep,numberOfRobotsOnBlackSite,numberOfRobotsOnWhiteSite
34739,24,20
timeStep,numberOfRobotsOnBlackSite,numberOfRobotsOnWhiteSite
34740,24,20
timeStep,numberOfRobotsOnBlackSite,numberOfRobotsOnWhiteSite
34741,24,20
timeStep,numberOfRobotsOnBlackSite,numberOfRobotsOnWhiteSite
34742,24,20
timeStep,numberOfRobotsOnBlackSite,numberOfRobotsOnWhiteSite
34743,24,20
timeStep,numberOfRobotsOnBlackSite,numberOfRobotsOnWhiteSite
34744,24,20
timeStep,numberOfRobotsOnBlackSite,numberOfRobotsOnWhiteSite
34745,24,20
timeStep,numberOfRobotsOnBlackSite,numberOfRobotsOnWhiteSite
34746,24,20
timeStep,numberOfRobotsOnBlackSite,numberOfRobotsOnWhiteSite
34747,24,20
timeStep,numberOfRobotsOnBlackSite,numberOfRobotsOnWhiteSite
34748,24,20
timeStep,numberOfRobotsOnBlackSite,numberOfRobotsOnWhiteSite
34749,24,20
timeStep,numberOfRobotsOnBlackSite,numberOfRobotsOnWhiteSite
34750,24,20
timeStep,numberOfRobotsOnBlackSite,numberOfRobotsOnWhiteSite
34751,24,20
timeStep,numberOfRobotsOnBlackSite,numberOfRobotsOnWhiteSite
34752,24,20
timeStep,numberOfRobotsOnBlackSite,numberOfRobotsOnWhiteSite
34753,24,20
timeStep,numberOfRobotsOnBlackSite,numberOfRobotsOnWhiteSite
34754,24,20
timeStep,numberOfRobotsOnBlackSite,numberOfRobotsOnWhiteSite
34755,24,20
timeStep,numberOfRobotsOnBlackSite,numberOfRobotsOnWhiteSite
34756,24,20
timeStep,numberOfRobotsOnBlackSite,numberOfRobotsOnWhiteSite
34757,24,20
timeStep,numberOfRobotsOnBlackSite,numberOfRobotsOnWhiteSite
34758,24,20
timeStep,numberOfRobotsOnBlackSite,numberOfRobotsOnWhiteSite
34759,24,20
timeStep,numberOfRobotsOnBlackSite,numberOfRobotsOnWhiteSite
34760,24,20
timeStep,numberOfRobotsOnBlackSite,numberOfRobotsOnWhiteSite
34761,24,20
timeStep,numberOfRobotsOnBlackSite,numberOfRobotsOnWhiteSite
34762,24,20
timeStep,numberOfRobotsOnBlackSite,numberOfRobotsOnWhiteSite
34763,24,20
timeStep,numberOfRobotsOnBlackSite,numberOfRobotsOnWhiteSite
34764,24,20
timeStep,numberOfRobotsOnBlackSite,numberOfRobotsOnWhiteSite
34765,24,20
timeStep,numberOfRobotsOnBlackSite,numberOfRobotsOnWhiteSite
34766,24,20
timeStep,numberOfRobotsOnBlackSite,numberOfRobotsOnWhiteSite
34767,24,20
timeStep,numberOfRobotsOnBlackSite,numberOfRobotsOnWhiteSite
34768,24,20
timeStep,numberOfRobotsOnBlackSite,numberOfRobotsOnWhiteSite
34769,24,20
timeStep,numberOfRobotsOnBlackSite,numberOfRobotsOnWhiteSite
34770,24,20
timeStep,numberOfRobotsOnBlackSite,numberOfRobotsOnWhiteSite
34771,24,20
timeStep,numberOfRobotsOnBlackSite,numberOfRobotsOnWhiteSite
34772,24,20
timeStep,numberOfRobotsOnBlackSite,numberOfRobotsOnWhiteSite
34773,24,20
timeStep,numberOfRobotsOnBlackSite,numberOfRobotsOnWhiteSite
34774,24,20
timeStep,numberOfRobotsOnBlackSite,numberOfRobotsOnWhiteSite
34775,24,20
timeStep,numberOfRobotsOnBlackSite,numberOfRobotsOnWhiteSite
34776,24,20
timeStep,numberOfRobotsOnBlackSite,numberOfRobotsOnWhiteSite
34777,24,20
timeStep,numberOfRobotsOnBlackSite,numberOfRobotsOnWhiteSite
34778,24,20
timeStep,numberOfRobotsOnBlackSite,numberOfRobotsOnWhiteSite
34779,24,20
timeStep,numberOfRobotsOnBlackSite,numberOfRobotsOnWhiteSite
34780,24,20
timeStep,numberOfRobotsOnBlackSite,numberOfRobotsOnWhiteSite
34781,24,20
timeStep,numberOfRobotsOnBlackSite,numberOfRobotsOnWhiteSite
34782,24,20
timeStep,numberOfRobotsOnBlackSite,numberOfRobotsOnWhiteSite
34783,24,20
timeStep,numberOfRobotsOnBlackSite,numberOfRobotsOnWhiteSite
34784,24,20
timeStep,numberOfRobotsOnBlackSite,numberOfRobotsOnWhiteSite
34785,24,20
timeStep,numberOfRobotsOnBlackSite,numberOfRobotsOnWhiteSite
34786,24,20
timeStep,numberOfRobotsOnBlackSite,numberOfRobotsOnWhiteSite
34787,24,20
timeStep,numberOfRobotsOnBlackSite,numberOfRobotsOnWhiteSite
34788,24,20
timeStep,numberOfRobotsOnBlackSite,numberOfRobotsOnWhiteSite
34789,24,20
timeStep,numberOfRobotsOnBlackSite,numberOfRobotsOnWhiteSite
34790,24,20
timeStep,numberOfRobotsOnBlackSite,numberOfRobotsOnWhiteSite
34791,24,20
timeStep,numberOfRobotsOnBlackSite,numberOfRobotsOnWhiteSite
34792,24,20
timeStep,numberOfRobotsOnBlackSite,numberOfRobotsOnWhiteSite
34793,24,20
timeStep,numberOfRobotsOnBlackSite,numberOfRobotsOnWhiteSite
34794,24,20
timeStep,numberOfRobotsOnBlackSite,numberOfRobotsOnWhiteSite
34795,24,20
timeStep,numberOfRobotsOnBlackSite,numberOfRobotsOnWhiteSite
34796,24,20
timeStep,numberOfRobotsOnBlackSite,numberOfRobotsOnWhiteSite
34797,24,20
timeStep,numberOfRobotsOnBlackSite,numberOfRobotsOnWhiteSite
34798,24,20
timeStep,numberOfRobotsOnBlackSite,numberOfRobotsOnWhiteSite
34799,24,20
timeStep,numberOfRobotsOnBlackSite,numberOfRobotsOnWhiteSite
34800,24,20
timeStep,numberOfRobotsOnBlackSite,numberOfRobotsOnWhiteSite
34801,24,20
timeStep,numberOfRobotsOnBlackSite,numberOfRobotsOnWhiteSite
34802,24,20
timeStep,numberOfRobotsOnBlackSite,numberOfRobotsOnWhiteSite
34803,24,20
timeStep,numberOfRobotsOnBlackSite,numberOfRobotsOnWhiteSite
34804,24,20
timeStep,numberOfRobotsOnBlackSite,numberOfRobotsOnWhiteSite
34805,24,20
timeStep,numberOfRobotsOnBlackSite,numberOfRobotsOnWhiteSite
34806,24,20
timeStep,numberOfRobotsOnBlackSite,numberOfRobotsOnWhiteSite
34807,24,20
timeStep,numberOfRobotsOnBlackSite,numberOfRobotsOnWhiteSite
34808,24,20
timeStep,numberOfRobotsOnBlackSite,numberOfRobotsOnWhiteSite
34809,24,20
timeStep,numberOfRobotsOnBlackSite,numberOfRobotsOnWhiteSite
34810,24,20
timeStep,numberOfRobotsOnBlackSite,numberOfRobotsOnWhiteSite
34811,24,20
timeStep,numberOfRobotsOnBlackSite,numberOfRobotsOnWhiteSite
34812,24,20
timeStep,numberOfRobotsOnBlackSite,numberOfRobotsOnWhiteSite
34813,24,20
timeStep,numberOfRobotsOnBlackSite,numberOfRobotsOnWhiteSite
34814,24,20
timeStep,numberOfRobotsOnBlackSite,numberOfRobotsOnWhiteSite
34815,24,20
timeStep,numberOfRobotsOnBlackSite,numberOfRobotsOnWhiteSite
34816,24,20
timeStep,numberOfRobotsOnBlackSite,numberOfRobotsOnWhiteSite
34817,24,20
timeStep,numberOfRobotsOnBlackSite,numberOfRobotsOnWhiteSite
34818,24,20
timeStep,numberOfRobotsOnBlackSite,numberOfRobotsOnWhiteSite
34819,24,20
timeStep,numberOfRobotsOnBlackSite,numberOfRobotsOnWhiteSite
34820,24,20
timeStep,numberOfRobotsOnBlackSite,numberOfRobotsOnWhiteSite
34821,24,20
timeStep,numberOfRobotsOnBlackSite,numberOfRobotsOnWhiteSite
34822,24,20
timeStep,numberOfRobotsOnBlackSite,numberOfRobotsOnWhiteSite
34823,24,20
timeStep,numberOfRobotsOnBlackSite,numberOfRobotsOnWhiteSite
34824,24,20
timeStep,numberOfRobotsOnBlackSite,numberOfRobotsOnWhiteSite
34825,24,20
timeStep,numberOfRobotsOnBlackSite,numberOfRobotsOnWhiteSite
34826,24,20
timeStep,numberOfRobotsOnBlackSite,numberOfRobotsOnWhiteSite
34827,24,20
timeStep,numberOfRobotsOnBlackSite,numberOfRobotsOnWhiteSite
34828,24,20
timeStep,numberOfRobotsOnBlackSite,numberOfRobotsOnWhiteSite
34829,24,20
timeStep,numberOfRobotsOnBlackSite,numberOfRobotsOnWhiteSite
34830,24,20
timeStep,numberOfRobotsOnBlackSite,numberOfRobotsOnWhiteSite
34831,24,20
timeStep,numberOfRobotsOnBlackSite,numberOfRobotsOnWhiteSite
34832,24,20
timeStep,numberOfRobotsOnBlackSite,numberOfRobotsOnWhiteSite
34833,24,20
timeStep,numberOfRobotsOnBlackSite,numberOfRobotsOnWhiteSite
34834,24,20
timeStep,numberOfRobotsOnBlackSite,numberOfRobotsOnWhiteSite
34835,24,20
timeStep,numberOfRobotsOnBlackSite,numberOfRobotsOnWhiteSite
34836,24,20
timeStep,numberOfRobotsOnBlackSite,numberOfRobotsOnWhiteSite
34837,24,20
timeStep,numberOfRobotsOnBlackSite,numberOfRobotsOnWhiteSite
34838,24,20
timeStep,numberOfRobotsOnBlackSite,numberOfRobotsOnWhiteSite
34839,24,20
timeStep,numberOfRobotsOnBlackSite,numberOfRobotsOnWhiteSite
34840,24,20
timeStep,numberOfRobotsOnBlackSite,numberOfRobotsOnWhiteSite
34841,24,20
timeStep,numberOfRobotsOnBlackSite,numberOfRobotsOnWhiteSite
34842,24,20
timeStep,numberOfRobotsOnBlackSite,numberOfRobotsOnWhiteSite
34843,24,20
timeStep,numberOfRobotsOnBlackSite,numberOfRobotsOnWhiteSite
34844,24,20
timeStep,numberOfRobotsOnBlackSite,numberOfRobotsOnWhiteSite
34845,24,20
timeStep,numberOfRobotsOnBlackSite,numberOfRobotsOnWhiteSite
34846,24,20
timeStep,numberOfRobotsOnBlackSite,numberOfRobotsOnWhiteSite
34847,24,20
timeStep,numberOfRobotsOnBlackSite,numberOfRobotsOnWhiteSite
34848,24,20
timeStep,numberOfRobotsOnBlackSite,numberOfRobotsOnWhiteSite
34849,24,20
timeStep,numberOfRobotsOnBlackSite,numberOfRobotsOnWhiteSite
34850,24,20
timeStep,numberOfRobotsOnBlackSite,numberOfRobotsOnWhiteSite
34851,24,20
timeStep,numberOfRobotsOnBlackSite,numberOfRobotsOnWhiteSite
34852,24,20
timeStep,numberOfRobotsOnBlackSite,numberOfRobotsOnWhiteSite
34853,24,20
timeStep,numberOfRobotsOnBlackSite,numberOfRobotsOnWhiteSite
34854,24,20
timeStep,numberOfRobotsOnBlackSite,numberOfRobotsOnWhiteSite
34855,24,20
timeStep,numberOfRobotsOnBlackSite,numberOfRobotsOnWhiteSite
34856,24,20
timeStep,numberOfRobotsOnBlackSite,numberOfRobotsOnWhiteSite
34857,24,20
timeStep,numberOfRobotsOnBlackSite,numberOfRobotsOnWhiteSite
34858,24,20
timeStep,numberOfRobotsOnBlackSite,numberOfRobotsOnWhiteSite
34859,24,20
timeStep,numberOfRobotsOnBlackSite,numberOfRobotsOnWhiteSite
34860,24,20
timeStep,numberOfRobotsOnBlackSite,numberOfRobotsOnWhiteSite
34861,24,20
timeStep,numberOfRobotsOnBlackSite,numberOfRobotsOnWhiteSite
34862,24,20
timeStep,numberOfRobotsOnBlackSite,numberOfRobotsOnWhiteSite
34863,24,20
timeStep,numberOfRobotsOnBlackSite,numberOfRobotsOnWhiteSite
34864,24,20
timeStep,numberOfRobotsOnBlackSite,numberOfRobotsOnWhiteSite
34865,24,20
timeStep,numberOfRobotsOnBlackSite,numberOfRobotsOnWhiteSite
34866,24,20
timeStep,numberOfRobotsOnBlackSite,numberOfRobotsOnWhiteSite
34867,24,20
timeStep,numberOfRobotsOnBlackSite,numberOfRobotsOnWhiteSite
34868,24,20
timeStep,numberOfRobotsOnBlackSite,numberOfRobotsOnWhiteSite
34869,24,20
timeStep,numberOfRobotsOnBlackSite,numberOfRobotsOnWhiteSite
34870,24,20
timeStep,numberOfRobotsOnBlackSite,numberOfRobotsOnWhiteSite
34871,24,20
timeStep,numberOfRobotsOnBlackSite,numberOfRobotsOnWhiteSite
34872,24,20
timeStep,numberOfRobotsOnBlackSite,numberOfRobotsOnWhiteSite
34873,24,20
timeStep,numberOfRobotsOnBlackSite,numberOfRobotsOnWhiteSite
34874,24,20
timeStep,numberOfRobotsOnBlackSite,numberOfRobotsOnWhiteSite
34875,24,20
timeStep,numberOfRobotsOnBlackSite,numberOfRobotsOnWhiteSite
34876,24,20
timeStep,numberOfRobotsOnBlackSite,numberOfRobotsOnWhiteSite
34877,24,20
timeStep,numberOfRobotsOnBlackSite,numberOfRobotsOnWhiteSite
34878,24,20
timeStep,numberOfRobotsOnBlackSite,numberOfRobotsOnWhiteSite
34879,24,20
timeStep,numberOfRobotsOnBlackSite,numberOfRobotsOnWhiteSite
34880,24,20
timeStep,numberOfRobotsOnBlackSite,numberOfRobotsOnWhiteSite
34881,24,20
timeStep,numberOfRobotsOnBlackSite,numberOfRobotsOnWhiteSite
34882,24,20
timeStep,numberOfRobotsOnBlackSite,numberOfRobotsOnWhiteSite
34883,24,20
timeStep,numberOfRobotsOnBlackSite,numberOfRobotsOnWhiteSite
34884,24,20
timeStep,numberOfRobotsOnBlackSite,numberOfRobotsOnWhiteSite
34885,24,20
timeStep,numberOfRobotsOnBlackSite,numberOfRobotsOnWhiteSite
34886,24,20
timeStep,numberOfRobotsOnBlackSite,numberOfRobotsOnWhiteSite
34887,24,20
timeStep,numberOfRobotsOnBlackSite,numberOfRobotsOnWhiteSite
34888,24,20
timeStep,numberOfRobotsOnBlackSite,numberOfRobotsOnWhiteSite
34889,24,20
timeStep,numberOfRobotsOnBlackSite,numberOfRobotsOnWhiteSite
34890,24,20
timeStep,numberOfRobotsOnBlackSite,numberOfRobotsOnWhiteSite
34891,24,20
timeStep,numberOfRobotsOnBlackSite,numberOfRobotsOnWhiteSite
34892,24,20
timeStep,numberOfRobotsOnBlackSite,numberOfRobotsOnWhiteSite
34893,24,20
timeStep,numberOfRobotsOnBlackSite,numberOfRobotsOnWhiteSite
34894,24,20
timeStep,numberOfRobotsOnBlackSite,numberOfRobotsOnWhiteSite
34895,24,20
timeStep,numberOfRobotsOnBlackSite,numberOfRobotsOnWhiteSite
34896,24,20
timeStep,numberOfRobotsOnBlackSite,numberOfRobotsOnWhiteSite
34897,24,20
timeStep,numberOfRobotsOnBlackSite,numberOfRobotsOnWhiteSite
34898,24,20
timeStep,numberOfRobotsOnBlackSite,numberOfRobotsOnWhiteSite
34899,24,20
timeStep,numberOfRobotsOnBlackSite,numberOfRobotsOnWhiteSite
34900,24,20
timeStep,numberOfRobotsOnBlackSite,numberOfRobotsOnWhiteSite
34901,24,20
timeStep,numberOfRobotsOnBlackSite,numberOfRobotsOnWhiteSite
34902,24,20
timeStep,numberOfRobotsOnBlackSite,numberOfRobotsOnWhiteSite
34903,24,20
timeStep,numberOfRobotsOnBlackSite,numberOfRobotsOnWhiteSite
34904,24,20
timeStep,numberOfRobotsOnBlackSite,numberOfRobotsOnWhiteSite
34905,24,20
timeStep,numberOfRobotsOnBlackSite,numberOfRobotsOnWhiteSite
34906,24,20
timeStep,numberOfRobotsOnBlackSite,numberOfRobotsOnWhiteSite
34907,24,20
timeStep,numberOfRobotsOnBlackSite,numberOfRobotsOnWhiteSite
34908,24,20
timeStep,numberOfRobotsOnBlackSite,numberOfRobotsOnWhiteSite
34909,24,20
timeStep,numberOfRobotsOnBlackSite,numberOfRobotsOnWhiteSite
34910,24,20
timeStep,numberOfRobotsOnBlackSite,numberOfRobotsOnWhiteSite
34911,24,20
timeStep,numberOfRobotsOnBlackSite,numberOfRobotsOnWhiteSite
34912,24,20
timeStep,numberOfRobotsOnBlackSite,numberOfRobotsOnWhiteSite
34913,24,20
timeStep,numberOfRobotsOnBlackSite,numberOfRobotsOnWhiteSite
34914,24,20
timeStep,numberOfRobotsOnBlackSite,numberOfRobotsOnWhiteSite
34915,24,20
timeStep,numberOfRobotsOnBlackSite,numberOfRobotsOnWhiteSite
34916,24,20
timeStep,numberOfRobotsOnBlackSite,numberOfRobotsOnWhiteSite
34917,24,20
timeStep,numberOfRobotsOnBlackSite,numberOfRobotsOnWhiteSite
34918,24,20
timeStep,numberOfRobotsOnBlackSite,numberOfRobotsOnWhiteSite
34919,24,20
timeStep,numberOfRobotsOnBlackSite,numberOfRobotsOnWhiteSite
34920,24,20
timeStep,numberOfRobotsOnBlackSite,numberOfRobotsOnWhiteSite
34921,24,20
timeStep,numberOfRobotsOnBlackSite,numberOfRobotsOnWhiteSite
34922,24,20
timeStep,numberOfRobotsOnBlackSite,numberOfRobotsOnWhiteSite
34923,24,20
timeStep,numberOfRobotsOnBlackSite,numberOfRobotsOnWhiteSite
34924,24,20
timeStep,numberOfRobotsOnBlackSite,numberOfRobotsOnWhiteSite
34925,24,20
timeStep,numberOfRobotsOnBlackSite,numberOfRobotsOnWhiteSite
34926,24,20
timeStep,numberOfRobotsOnBlackSite,numberOfRobotsOnWhiteSite
34927,24,20
timeStep,numberOfRobotsOnBlackSite,numberOfRobotsOnWhiteSite
34928,24,20
timeStep,numberOfRobotsOnBlackSite,numberOfRobotsOnWhiteSite
34929,24,20
timeStep,numberOfRobotsOnBlackSite,numberOfRobotsOnWhiteSite
34930,24,20
timeStep,numberOfRobotsOnBlackSite,numberOfRobotsOnWhiteSite
34931,24,20
timeStep,numberOfRobotsOnBlackSite,numberOfRobotsOnWhiteSite
34932,24,20
timeStep,numberOfRobotsOnBlackSite,numberOfRobotsOnWhiteSite
34933,24,20
timeStep,numberOfRobotsOnBlackSite,numberOfRobotsOnWhiteSite
34934,24,20
timeStep,numberOfRobotsOnBlackSite,numberOfRobotsOnWhiteSite
34935,24,20
timeStep,numberOfRobotsOnBlackSite,numberOfRobotsOnWhiteSite
34936,24,20
timeStep,numberOfRobotsOnBlackSite,numberOfRobotsOnWhiteSite
34937,24,20
timeStep,numberOfRobotsOnBlackSite,numberOfRobotsOnWhiteSite
34938,24,20
timeStep,numberOfRobotsOnBlackSite,numberOfRobotsOnWhiteSite
34939,24,20
timeStep,numberOfRobotsOnBlackSite,numberOfRobotsOnWhiteSite
34940,24,20
timeStep,numberOfRobotsOnBlackSite,numberOfRobotsOnWhiteSite
34941,24,20
timeStep,numberOfRobotsOnBlackSite,numberOfRobotsOnWhiteSite
34942,24,20
timeStep,numberOfRobotsOnBlackSite,numberOfRobotsOnWhiteSite
34943,24,20
timeStep,numberOfRobotsOnBlackSite,numberOfRobotsOnWhiteSite
34944,24,20
timeStep,numberOfRobotsOnBlackSite,numberOfRobotsOnWhiteSite
34945,24,20
timeStep,numberOfRobotsOnBlackSite,numberOfRobotsOnWhiteSite
34946,24,20
timeStep,numberOfRobotsOnBlackSite,numberOfRobotsOnWhiteSite
34947,24,20
timeStep,numberOfRobotsOnBlackSite,numberOfRobotsOnWhiteSite
34948,24,20
timeStep,numberOfRobotsOnBlackSite,numberOfRobotsOnWhiteSite
34949,24,20
timeStep,numberOfRobotsOnBlackSite,numberOfRobotsOnWhiteSite
34950,24,20
timeStep,numberOfRobotsOnBlackSite,numberOfRobotsOnWhiteSite
34951,24,20
timeStep,numberOfRobotsOnBlackSite,numberOfRobotsOnWhiteSite
34952,24,20
timeStep,numberOfRobotsOnBlackSite,numberOfRobotsOnWhiteSite
34953,24,20
timeStep,numberOfRobotsOnBlackSite,numberOfRobotsOnWhiteSite
34954,24,20
timeStep,numberOfRobotsOnBlackSite,numberOfRobotsOnWhiteSite
34955,24,20
timeStep,numberOfRobotsOnBlackSite,numberOfRobotsOnWhiteSite
34956,24,20
timeStep,numberOfRobotsOnBlackSite,numberOfRobotsOnWhiteSite
34957,24,20
timeStep,numberOfRobotsOnBlackSite,numberOfRobotsOnWhiteSite
34958,24,20
timeStep,numberOfRobotsOnBlackSite,numberOfRobotsOnWhiteSite
34959,24,20
timeStep,numberOfRobotsOnBlackSite,numberOfRobotsOnWhiteSite
34960,24,20
timeStep,numberOfRobotsOnBlackSite,numberOfRobotsOnWhiteSite
34961,24,20
timeStep,numberOfRobotsOnBlackSite,numberOfRobotsOnWhiteSite
34962,24,20
timeStep,numberOfRobotsOnBlackSite,numberOfRobotsOnWhiteSite
34963,24,20
timeStep,numberOfRobotsOnBlackSite,numberOfRobotsOnWhiteSite
34964,24,20
timeStep,numberOfRobotsOnBlackSite,numberOfRobotsOnWhiteSite
34965,24,20
timeStep,numberOfRobotsOnBlackSite,numberOfRobotsOnWhiteSite
34966,24,20
timeStep,numberOfRobotsOnBlackSite,numberOfRobotsOnWhiteSite
34967,24,20
timeStep,numberOfRobotsOnBlackSite,numberOfRobotsOnWhiteSite
34968,24,20
timeStep,numberOfRobotsOnBlackSite,numberOfRobotsOnWhiteSite
34969,24,20
timeStep,numberOfRobotsOnBlackSite,numberOfRobotsOnWhiteSite
34970,24,20
timeStep,numberOfRobotsOnBlackSite,numberOfRobotsOnWhiteSite
34971,24,20
timeStep,numberOfRobotsOnBlackSite,numberOfRobotsOnWhiteSite
34972,24,20
timeStep,numberOfRobotsOnBlackSite,numberOfRobotsOnWhiteSite
34973,24,20
timeStep,numberOfRobotsOnBlackSite,numberOfRobotsOnWhiteSite
34974,24,20
timeStep,numberOfRobotsOnBlackSite,numberOfRobotsOnWhiteSite
34975,24,20
timeStep,numberOfRobotsOnBlackSite,numberOfRobotsOnWhiteSite
34976,24,20
timeStep,numberOfRobotsOnBlackSite,numberOfRobotsOnWhiteSite
34977,24,20
timeStep,numberOfRobotsOnBlackSite,numberOfRobotsOnWhiteSite
34978,24,20
timeStep,numberOfRobotsOnBlackSite,numberOfRobotsOnWhiteSite
34979,24,20
timeStep,numberOfRobotsOnBlackSite,numberOfRobotsOnWhiteSite
34980,24,20
timeStep,numberOfRobotsOnBlackSite,numberOfRobotsOnWhiteSite
34981,24,20
timeStep,numberOfRobotsOnBlackSite,numberOfRobotsOnWhiteSite
34982,24,20
timeStep,numberOfRobotsOnBlackSite,numberOfRobotsOnWhiteSite
34983,24,20
timeStep,numberOfRobotsOnBlackSite,numberOfRobotsOnWhiteSite
34984,24,20
timeStep,numberOfRobotsOnBlackSite,numberOfRobotsOnWhiteSite
34985,24,20
timeStep,numberOfRobotsOnBlackSite,numberOfRobotsOnWhiteSite
34986,24,20
timeStep,numberOfRobotsOnBlackSite,numberOfRobotsOnWhiteSite
34987,24,20
timeStep,numberOfRobotsOnBlackSite,numberOfRobotsOnWhiteSite
34988,24,20
timeStep,numberOfRobotsOnBlackSite,numberOfRobotsOnWhiteSite
34989,24,20
timeStep,numberOfRobotsOnBlackSite,numberOfRobotsOnWhiteSite
34990,24,20
timeStep,numberOfRobotsOnBlackSite,numberOfRobotsOnWhiteSite
34991,24,20
timeStep,numberOfRobotsOnBlackSite,numberOfRobotsOnWhiteSite
34992,24,20
timeStep,numberOfRobotsOnBlackSite,numberOfRobotsOnWhiteSite
34993,24,20
timeStep,numberOfRobotsOnBlackSite,numberOfRobotsOnWhiteSite
34994,24,20
timeStep,numberOfRobotsOnBlackSite,numberOfRobotsOnWhiteSite
34995,24,20
timeStep,numberOfRobotsOnBlackSite,numberOfRobotsOnWhiteSite
34996,24,20
timeStep,numberOfRobotsOnBlackSite,numberOfRobotsOnWhiteSite
34997,24,20
timeStep,numberOfRobotsOnBlackSite,numberOfRobotsOnWhiteSite
34998,24,20
timeStep,numberOfRobotsOnBlackSite,numberOfRobotsOnWhiteSite
34999,24,20
timeStep,numberOfRobotsOnBlackSite,numberOfRobotsOnWhiteSite
35000,24,20
timeStep,numberOfRobotsOnBlackSite,numberOfRobotsOnWhiteSite
35001,24,20
timeStep,numberOfRobotsOnBlackSite,numberOfRobotsOnWhiteSite
35002,24,20
timeStep,numberOfRobotsOnBlackSite,numberOfRobotsOnWhiteSite
35003,24,20
timeStep,numberOfRobotsOnBlackSite,numberOfRobotsOnWhiteSite
35004,24,20
timeStep,numberOfRobotsOnBlackSite,numberOfRobotsOnWhiteSite
35005,24,20
timeStep,numberOfRobotsOnBlackSite,numberOfRobotsOnWhiteSite
35006,24,20
timeStep,numberOfRobotsOnBlackSite,numberOfRobotsOnWhiteSite
35007,24,20
timeStep,numberOfRobotsOnBlackSite,numberOfRobotsOnWhiteSite
35008,24,20
timeStep,numberOfRobotsOnBlackSite,numberOfRobotsOnWhiteSite
35009,24,20
timeStep,numberOfRobotsOnBlackSite,numberOfRobotsOnWhiteSite
35010,24,20
timeStep,numberOfRobotsOnBlackSite,numberOfRobotsOnWhiteSite
35011,24,20
timeStep,numberOfRobotsOnBlackSite,numberOfRobotsOnWhiteSite
35012,24,20
timeStep,numberOfRobotsOnBlackSite,numberOfRobotsOnWhiteSite
35013,24,20
timeStep,numberOfRobotsOnBlackSite,numberOfRobotsOnWhiteSite
35014,24,20
timeStep,numberOfRobotsOnBlackSite,numberOfRobotsOnWhiteSite
35015,24,20
timeStep,numberOfRobotsOnBlackSite,numberOfRobotsOnWhiteSite
35016,24,20
timeStep,numberOfRobotsOnBlackSite,numberOfRobotsOnWhiteSite
35017,24,20
timeStep,numberOfRobotsOnBlackSite,numberOfRobotsOnWhiteSite
35018,24,20
timeStep,numberOfRobotsOnBlackSite,numberOfRobotsOnWhiteSite
35019,24,20
timeStep,numberOfRobotsOnBlackSite,numberOfRobotsOnWhiteSite
35020,24,20
timeStep,numberOfRobotsOnBlackSite,numberOfRobotsOnWhiteSite
35021,24,20
timeStep,numberOfRobotsOnBlackSite,numberOfRobotsOnWhiteSite
35022,24,20
timeStep,numberOfRobotsOnBlackSite,numberOfRobotsOnWhiteSite
35023,24,20
timeStep,numberOfRobotsOnBlackSite,numberOfRobotsOnWhiteSite
35024,24,20
timeStep,numberOfRobotsOnBlackSite,numberOfRobotsOnWhiteSite
35025,24,20
timeStep,numberOfRobotsOnBlackSite,numberOfRobotsOnWhiteSite
35026,24,20
timeStep,numberOfRobotsOnBlackSite,numberOfRobotsOnWhiteSite
35027,24,20
timeStep,numberOfRobotsOnBlackSite,numberOfRobotsOnWhiteSite
35028,24,20
timeStep,numberOfRobotsOnBlackSite,numberOfRobotsOnWhiteSite
35029,24,20
timeStep,numberOfRobotsOnBlackSite,numberOfRobotsOnWhiteSite
35030,24,20
timeStep,numberOfRobotsOnBlackSite,numberOfRobotsOnWhiteSite
35031,24,20
timeStep,numberOfRobotsOnBlackSite,numberOfRobotsOnWhiteSite
35032,24,20
timeStep,numberOfRobotsOnBlackSite,numberOfRobotsOnWhiteSite
35033,24,20
timeStep,numberOfRobotsOnBlackSite,numberOfRobotsOnWhiteSite
35034,24,20
timeStep,numberOfRobotsOnBlackSite,numberOfRobotsOnWhiteSite
35035,24,20
timeStep,numberOfRobotsOnBlackSite,numberOfRobotsOnWhiteSite
35036,24,20
timeStep,numberOfRobotsOnBlackSite,numberOfRobotsOnWhiteSite
35037,24,20
timeStep,numberOfRobotsOnBlackSite,numberOfRobotsOnWhiteSite
35038,24,20
timeStep,numberOfRobotsOnBlackSite,numberOfRobotsOnWhiteSite
35039,24,20
timeStep,numberOfRobotsOnBlackSite,numberOfRobotsOnWhiteSite
35040,24,20
timeStep,numberOfRobotsOnBlackSite,numberOfRobotsOnWhiteSite
35041,24,20
timeStep,numberOfRobotsOnBlackSite,numberOfRobotsOnWhiteSite
35042,24,20
timeStep,numberOfRobotsOnBlackSite,numberOfRobotsOnWhiteSite
35043,24,20
timeStep,numberOfRobotsOnBlackSite,numberOfRobotsOnWhiteSite
35044,24,20
timeStep,numberOfRobotsOnBlackSite,numberOfRobotsOnWhiteSite
35045,24,20
timeStep,numberOfRobotsOnBlackSite,numberOfRobotsOnWhiteSite
35046,24,20
timeStep,numberOfRobotsOnBlackSite,numberOfRobotsOnWhiteSite
35047,24,20
timeStep,numberOfRobotsOnBlackSite,numberOfRobotsOnWhiteSite
35048,24,20
timeStep,numberOfRobotsOnBlackSite,numberOfRobotsOnWhiteSite
35049,24,20
timeStep,numberOfRobotsOnBlackSite,numberOfRobotsOnWhiteSite
35050,24,20
timeStep,numberOfRobotsOnBlackSite,numberOfRobotsOnWhiteSite
35051,24,20
timeStep,numberOfRobotsOnBlackSite,numberOfRobotsOnWhiteSite
35052,24,20
timeStep,numberOfRobotsOnBlackSite,numberOfRobotsOnWhiteSite
35053,24,20
timeStep,numberOfRobotsOnBlackSite,numberOfRobotsOnWhiteSite
35054,24,20
timeStep,numberOfRobotsOnBlackSite,numberOfRobotsOnWhiteSite
35055,24,20
timeStep,numberOfRobotsOnBlackSite,numberOfRobotsOnWhiteSite
35056,24,20
timeStep,numberOfRobotsOnBlackSite,numberOfRobotsOnWhiteSite
35057,24,20
timeStep,numberOfRobotsOnBlackSite,numberOfRobotsOnWhiteSite
35058,24,20
timeStep,numberOfRobotsOnBlackSite,numberOfRobotsOnWhiteSite
35059,24,20
timeStep,numberOfRobotsOnBlackSite,numberOfRobotsOnWhiteSite
35060,24,20
timeStep,numberOfRobotsOnBlackSite,numberOfRobotsOnWhiteSite
35061,24,20
timeStep,numberOfRobotsOnBlackSite,numberOfRobotsOnWhiteSite
35062,24,20
timeStep,numberOfRobotsOnBlackSite,numberOfRobotsOnWhiteSite
35063,24,20
timeStep,numberOfRobotsOnBlackSite,numberOfRobotsOnWhiteSite
35064,24,20
timeStep,numberOfRobotsOnBlackSite,numberOfRobotsOnWhiteSite
35065,24,20
timeStep,numberOfRobotsOnBlackSite,numberOfRobotsOnWhiteSite
35066,24,20
timeStep,numberOfRobotsOnBlackSite,numberOfRobotsOnWhiteSite
35067,24,20
timeStep,numberOfRobotsOnBlackSite,numberOfRobotsOnWhiteSite
35068,24,20
timeStep,numberOfRobotsOnBlackSite,numberOfRobotsOnWhiteSite
35069,24,20
timeStep,numberOfRobotsOnBlackSite,numberOfRobotsOnWhiteSite
35070,24,20
timeStep,numberOfRobotsOnBlackSite,numberOfRobotsOnWhiteSite
35071,24,20
timeStep,numberOfRobotsOnBlackSite,numberOfRobotsOnWhiteSite
35072,24,20
timeStep,numberOfRobotsOnBlackSite,numberOfRobotsOnWhiteSite
35073,24,20
timeStep,numberOfRobotsOnBlackSite,numberOfRobotsOnWhiteSite
35074,24,20
timeStep,numberOfRobotsOnBlackSite,numberOfRobotsOnWhiteSite
35075,24,20
timeStep,numberOfRobotsOnBlackSite,numberOfRobotsOnWhiteSite
35076,24,20
timeStep,numberOfRobotsOnBlackSite,numberOfRobotsOnWhiteSite
35077,24,20
timeStep,numberOfRobotsOnBlackSite,numberOfRobotsOnWhiteSite
35078,24,20
timeStep,numberOfRobotsOnBlackSite,numberOfRobotsOnWhiteSite
35079,24,20
timeStep,numberOfRobotsOnBlackSite,numberOfRobotsOnWhiteSite
35080,24,20
timeStep,numberOfRobotsOnBlackSite,numberOfRobotsOnWhiteSite
35081,24,20
timeStep,numberOfRobotsOnBlackSite,numberOfRobotsOnWhiteSite
35082,24,20
timeStep,numberOfRobotsOnBlackSite,numberOfRobotsOnWhiteSite
35083,24,20
timeStep,numberOfRobotsOnBlackSite,numberOfRobotsOnWhiteSite
35084,24,20
timeStep,numberOfRobotsOnBlackSite,numberOfRobotsOnWhiteSite
35085,23,20
timeStep,numberOfRobotsOnBlackSite,numberOfRobotsOnWhiteSite
35086,23,20
timeStep,numberOfRobotsOnBlackSite,numberOfRobotsOnWhiteSite
35087,23,20
timeStep,numberOfRobotsOnBlackSite,numberOfRobotsOnWhiteSite
35088,23,20
timeStep,numberOfRobotsOnBlackSite,numberOfRobotsOnWhiteSite
35089,23,20
timeStep,numberOfRobotsOnBlackSite,numberOfRobotsOnWhiteSite
35090,23,20
timeStep,numberOfRobotsOnBlackSite,numberOfRobotsOnWhiteSite
35091,23,20
timeStep,numberOfRobotsOnBlackSite,numberOfRobotsOnWhiteSite
35092,23,20
timeStep,numberOfRobotsOnBlackSite,numberOfRobotsOnWhiteSite
35093,23,20
timeStep,numberOfRobotsOnBlackSite,numberOfRobotsOnWhiteSite
35094,23,20
timeStep,numberOfRobotsOnBlackSite,numberOfRobotsOnWhiteSite
35095,23,20
timeStep,numberOfRobotsOnBlackSite,numberOfRobotsOnWhiteSite
35096,23,20
timeStep,numberOfRobotsOnBlackSite,numberOfRobotsOnWhiteSite
35097,23,20
timeStep,numberOfRobotsOnBlackSite,numberOfRobotsOnWhiteSite
35098,23,20
timeStep,numberOfRobotsOnBlackSite,numberOfRobotsOnWhiteSite
35099,23,20
timeStep,numberOfRobotsOnBlackSite,numberOfRobotsOnWhiteSite
35100,23,20
timeStep,numberOfRobotsOnBlackSite,numberOfRobotsOnWhiteSite
35101,23,20
timeStep,numberOfRobotsOnBlackSite,numberOfRobotsOnWhiteSite
35102,23,20
timeStep,numberOfRobotsOnBlackSite,numberOfRobotsOnWhiteSite
35103,23,20
timeStep,numberOfRobotsOnBlackSite,numberOfRobotsOnWhiteSite
35104,23,20
timeStep,numberOfRobotsOnBlackSite,numberOfRobotsOnWhiteSite
35105,23,20
timeStep,numberOfRobotsOnBlackSite,numberOfRobotsOnWhiteSite
35106,23,20
timeStep,numberOfRobotsOnBlackSite,numberOfRobotsOnWhiteSite
35107,23,20
timeStep,numberOfRobotsOnBlackSite,numberOfRobotsOnWhiteSite
35108,23,20
timeStep,numberOfRobotsOnBlackSite,numberOfRobotsOnWhiteSite
35109,23,20
timeStep,numberOfRobotsOnBlackSite,numberOfRobotsOnWhiteSite
35110,23,20
timeStep,numberOfRobotsOnBlackSite,numberOfRobotsOnWhiteSite
35111,23,20
timeStep,numberOfRobotsOnBlackSite,numberOfRobotsOnWhiteSite
35112,23,20
timeStep,numberOfRobotsOnBlackSite,numberOfRobotsOnWhiteSite
35113,23,20
timeStep,numberOfRobotsOnBlackSite,numberOfRobotsOnWhiteSite
35114,23,20
timeStep,numberOfRobotsOnBlackSite,numberOfRobotsOnWhiteSite
35115,23,20
timeStep,numberOfRobotsOnBlackSite,numberOfRobotsOnWhiteSite
35116,23,20
timeStep,numberOfRobotsOnBlackSite,numberOfRobotsOnWhiteSite
35117,23,20
timeStep,numberOfRobotsOnBlackSite,numberOfRobotsOnWhiteSite
35118,23,20
timeStep,numberOfRobotsOnBlackSite,numberOfRobotsOnWhiteSite
35119,23,20
timeStep,numberOfRobotsOnBlackSite,numberOfRobotsOnWhiteSite
35120,23,20
timeStep,numberOfRobotsOnBlackSite,numberOfRobotsOnWhiteSite
35121,23,20
timeStep,numberOfRobotsOnBlackSite,numberOfRobotsOnWhiteSite
35122,23,20
timeStep,numberOfRobotsOnBlackSite,numberOfRobotsOnWhiteSite
35123,23,20
timeStep,numberOfRobotsOnBlackSite,numberOfRobotsOnWhiteSite
35124,23,20
timeStep,numberOfRobotsOnBlackSite,numberOfRobotsOnWhiteSite
35125,23,20
timeStep,numberOfRobotsOnBlackSite,numberOfRobotsOnWhiteSite
35126,23,20
timeStep,numberOfRobotsOnBlackSite,numberOfRobotsOnWhiteSite
35127,23,20
timeStep,numberOfRobotsOnBlackSite,numberOfRobotsOnWhiteSite
35128,23,20
timeStep,numberOfRobotsOnBlackSite,numberOfRobotsOnWhiteSite
35129,23,20
timeStep,numberOfRobotsOnBlackSite,numberOfRobotsOnWhiteSite
35130,23,20
timeStep,numberOfRobotsOnBlackSite,numberOfRobotsOnWhiteSite
35131,23,20
timeStep,numberOfRobotsOnBlackSite,numberOfRobotsOnWhiteSite
35132,23,20
timeStep,numberOfRobotsOnBlackSite,numberOfRobotsOnWhiteSite
35133,23,20
timeStep,numberOfRobotsOnBlackSite,numberOfRobotsOnWhiteSite
35134,23,20
timeStep,numberOfRobotsOnBlackSite,numberOfRobotsOnWhiteSite
35135,23,20
timeStep,numberOfRobotsOnBlackSite,numberOfRobotsOnWhiteSite
35136,23,20
timeStep,numberOfRobotsOnBlackSite,numberOfRobotsOnWhiteSite
35137,23,20
timeStep,numberOfRobotsOnBlackSite,numberOfRobotsOnWhiteSite
35138,23,20
timeStep,numberOfRobotsOnBlackSite,numberOfRobotsOnWhiteSite
35139,23,20
timeStep,numberOfRobotsOnBlackSite,numberOfRobotsOnWhiteSite
35140,23,20
timeStep,numberOfRobotsOnBlackSite,numberOfRobotsOnWhiteSite
35141,23,20
timeStep,numberOfRobotsOnBlackSite,numberOfRobotsOnWhiteSite
35142,23,20
timeStep,numberOfRobotsOnBlackSite,numberOfRobotsOnWhiteSite
35143,23,20
timeStep,numberOfRobotsOnBlackSite,numberOfRobotsOnWhiteSite
35144,23,20
timeStep,numberOfRobotsOnBlackSite,numberOfRobotsOnWhiteSite
35145,23,21
timeStep,numberOfRobotsOnBlackSite,numberOfRobotsOnWhiteSite
35146,23,21
timeStep,numberOfRobotsOnBlackSite,numberOfRobotsOnWhiteSite
35147,23,21
timeStep,numberOfRobotsOnBlackSite,numberOfRobotsOnWhiteSite
35148,23,21
timeStep,numberOfRobotsOnBlackSite,numberOfRobotsOnWhiteSite
35149,23,21
timeStep,numberOfRobotsOnBlackSite,numberOfRobotsOnWhiteSite
35150,23,21
timeStep,numberOfRobotsOnBlackSite,numberOfRobotsOnWhiteSite
35151,23,21
timeStep,numberOfRobotsOnBlackSite,numberOfRobotsOnWhiteSite
35152,23,21
timeStep,numberOfRobotsOnBlackSite,numberOfRobotsOnWhiteSite
35153,23,21
timeStep,numberOfRobotsOnBlackSite,numberOfRobotsOnWhiteSite
35154,23,21
timeStep,numberOfRobotsOnBlackSite,numberOfRobotsOnWhiteSite
35155,23,21
timeStep,numberOfRobotsOnBlackSite,numberOfRobotsOnWhiteSite
35156,23,21
timeStep,numberOfRobotsOnBlackSite,numberOfRobotsOnWhiteSite
35157,23,21
timeStep,numberOfRobotsOnBlackSite,numberOfRobotsOnWhiteSite
35158,23,21
timeStep,numberOfRobotsOnBlackSite,numberOfRobotsOnWhiteSite
35159,23,21
timeStep,numberOfRobotsOnBlackSite,numberOfRobotsOnWhiteSite
35160,23,21
timeStep,numberOfRobotsOnBlackSite,numberOfRobotsOnWhiteSite
35161,23,21
timeStep,numberOfRobotsOnBlackSite,numberOfRobotsOnWhiteSite
35162,23,21
timeStep,numberOfRobotsOnBlackSite,numberOfRobotsOnWhiteSite
35163,23,21
timeStep,numberOfRobotsOnBlackSite,numberOfRobotsOnWhiteSite
35164,23,21
timeStep,numberOfRobotsOnBlackSite,numberOfRobotsOnWhiteSite
35165,23,21
timeStep,numberOfRobotsOnBlackSite,numberOfRobotsOnWhiteSite
35166,23,21
timeStep,numberOfRobotsOnBlackSite,numberOfRobotsOnWhiteSite
35167,23,21
timeStep,numberOfRobotsOnBlackSite,numberOfRobotsOnWhiteSite
35168,23,21
timeStep,numberOfRobotsOnBlackSite,numberOfRobotsOnWhiteSite
35169,23,21
timeStep,numberOfRobotsOnBlackSite,numberOfRobotsOnWhiteSite
35170,23,21
timeStep,numberOfRobotsOnBlackSite,numberOfRobotsOnWhiteSite
35171,23,21
timeStep,numberOfRobotsOnBlackSite,numberOfRobotsOnWhiteSite
35172,23,21
timeStep,numberOfRobotsOnBlackSite,numberOfRobotsOnWhiteSite
35173,23,21
timeStep,numberOfRobotsOnBlackSite,numberOfRobotsOnWhiteSite
35174,23,21
timeStep,numberOfRobotsOnBlackSite,numberOfRobotsOnWhiteSite
35175,23,21
timeStep,numberOfRobotsOnBlackSite,numberOfRobotsOnWhiteSite
35176,23,21
timeStep,numberOfRobotsOnBlackSite,numberOfRobotsOnWhiteSite
35177,23,21
timeStep,numberOfRobotsOnBlackSite,numberOfRobotsOnWhiteSite
35178,23,21
timeStep,numberOfRobotsOnBlackSite,numberOfRobotsOnWhiteSite
35179,23,21
timeStep,numberOfRobotsOnBlackSite,numberOfRobotsOnWhiteSite
35180,23,21
timeStep,numberOfRobotsOnBlackSite,numberOfRobotsOnWhiteSite
35181,23,21
timeStep,numberOfRobotsOnBlackSite,numberOfRobotsOnWhiteSite
35182,23,21
timeStep,numberOfRobotsOnBlackSite,numberOfRobotsOnWhiteSite
35183,23,21
timeStep,numberOfRobotsOnBlackSite,numberOfRobotsOnWhiteSite
35184,23,21
timeStep,numberOfRobotsOnBlackSite,numberOfRobotsOnWhiteSite
35185,23,21
timeStep,numberOfRobotsOnBlackSite,numberOfRobotsOnWhiteSite
35186,23,21
timeStep,numberOfRobotsOnBlackSite,numberOfRobotsOnWhiteSite
35187,23,21
timeStep,numberOfRobotsOnBlackSite,numberOfRobotsOnWhiteSite
35188,23,21
timeStep,numberOfRobotsOnBlackSite,numberOfRobotsOnWhiteSite
35189,23,21
timeStep,numberOfRobotsOnBlackSite,numberOfRobotsOnWhiteSite
35190,23,21
timeStep,numberOfRobotsOnBlackSite,numberOfRobotsOnWhiteSite
35191,23,21
timeStep,numberOfRobotsOnBlackSite,numberOfRobotsOnWhiteSite
35192,23,21
timeStep,numberOfRobotsOnBlackSite,numberOfRobotsOnWhiteSite
35193,23,21
timeStep,numberOfRobotsOnBlackSite,numberOfRobotsOnWhiteSite
35194,23,21
timeStep,numberOfRobotsOnBlackSite,numberOfRobotsOnWhiteSite
35195,23,21
timeStep,numberOfRobotsOnBlackSite,numberOfRobotsOnWhiteSite
35196,23,21
timeStep,numberOfRobotsOnBlackSite,numberOfRobotsOnWhiteSite
35197,23,21
timeStep,numberOfRobotsOnBlackSite,numberOfRobotsOnWhiteSite
35198,23,21
timeStep,numberOfRobotsOnBlackSite,numberOfRobotsOnWhiteSite
35199,23,21
timeStep,numberOfRobotsOnBlackSite,numberOfRobotsOnWhiteSite
35200,23,21
timeStep,numberOfRobotsOnBlackSite,numberOfRobotsOnWhiteSite
35201,23,21
timeStep,numberOfRobotsOnBlackSite,numberOfRobotsOnWhiteSite
35202,23,21
timeStep,numberOfRobotsOnBlackSite,numberOfRobotsOnWhiteSite
35203,23,21
timeStep,numberOfRobotsOnBlackSite,numberOfRobotsOnWhiteSite
35204,23,21
timeStep,numberOfRobotsOnBlackSite,numberOfRobotsOnWhiteSite
35205,23,21
timeStep,numberOfRobotsOnBlackSite,numberOfRobotsOnWhiteSite
35206,23,21
timeStep,numberOfRobotsOnBlackSite,numberOfRobotsOnWhiteSite
35207,23,21
timeStep,numberOfRobotsOnBlackSite,numberOfRobotsOnWhiteSite
35208,23,21
timeStep,numberOfRobotsOnBlackSite,numberOfRobotsOnWhiteSite
35209,23,21
timeStep,numberOfRobotsOnBlackSite,numberOfRobotsOnWhiteSite
35210,23,21
timeStep,numberOfRobotsOnBlackSite,numberOfRobotsOnWhiteSite
35211,23,21
timeStep,numberOfRobotsOnBlackSite,numberOfRobotsOnWhiteSite
35212,23,21
timeStep,numberOfRobotsOnBlackSite,numberOfRobotsOnWhiteSite
35213,23,21
timeStep,numberOfRobotsOnBlackSite,numberOfRobotsOnWhiteSite
35214,23,21
timeStep,numberOfRobotsOnBlackSite,numberOfRobotsOnWhiteSite
35215,23,21
timeStep,numberOfRobotsOnBlackSite,numberOfRobotsOnWhiteSite
35216,23,21
timeStep,numberOfRobotsOnBlackSite,numberOfRobotsOnWhiteSite
35217,23,21
timeStep,numberOfRobotsOnBlackSite,numberOfRobotsOnWhiteSite
35218,23,21
timeStep,numberOfRobotsOnBlackSite,numberOfRobotsOnWhiteSite
35219,23,21
timeStep,numberOfRobotsOnBlackSite,numberOfRobotsOnWhiteSite
35220,23,21
timeStep,numberOfRobotsOnBlackSite,numberOfRobotsOnWhiteSite
35221,23,21
timeStep,numberOfRobotsOnBlackSite,numberOfRobotsOnWhiteSite
35222,23,21
timeStep,numberOfRobotsOnBlackSite,numberOfRobotsOnWhiteSite
35223,23,21
timeStep,numberOfRobotsOnBlackSite,numberOfRobotsOnWhiteSite
35224,23,21
timeStep,numberOfRobotsOnBlackSite,numberOfRobotsOnWhiteSite
35225,23,21
timeStep,numberOfRobotsOnBlackSite,numberOfRobotsOnWhiteSite
35226,23,21
timeStep,numberOfRobotsOnBlackSite,numberOfRobotsOnWhiteSite
35227,23,21
timeStep,numberOfRobotsOnBlackSite,numberOfRobotsOnWhiteSite
35228,23,21
timeStep,numberOfRobotsOnBlackSite,numberOfRobotsOnWhiteSite
35229,23,21
timeStep,numberOfRobotsOnBlackSite,numberOfRobotsOnWhiteSite
35230,23,21
timeStep,numberOfRobotsOnBlackSite,numberOfRobotsOnWhiteSite
35231,23,21
timeStep,numberOfRobotsOnBlackSite,numberOfRobotsOnWhiteSite
35232,23,21
timeStep,numberOfRobotsOnBlackSite,numberOfRobotsOnWhiteSite
35233,23,21
timeStep,numberOfRobotsOnBlackSite,numberOfRobotsOnWhiteSite
35234,23,21
timeStep,numberOfRobotsOnBlackSite,numberOfRobotsOnWhiteSite
35235,23,21
timeStep,numberOfRobotsOnBlackSite,numberOfRobotsOnWhiteSite
35236,23,21
timeStep,numberOfRobotsOnBlackSite,numberOfRobotsOnWhiteSite
35237,23,21
timeStep,numberOfRobotsOnBlackSite,numberOfRobotsOnWhiteSite
35238,23,21
timeStep,numberOfRobotsOnBlackSite,numberOfRobotsOnWhiteSite
35239,23,21
timeStep,numberOfRobotsOnBlackSite,numberOfRobotsOnWhiteSite
35240,23,21
timeStep,numberOfRobotsOnBlackSite,numberOfRobotsOnWhiteSite
35241,23,21
timeStep,numberOfRobotsOnBlackSite,numberOfRobotsOnWhiteSite
35242,23,21
timeStep,numberOfRobotsOnBlackSite,numberOfRobotsOnWhiteSite
35243,23,21
timeStep,numberOfRobotsOnBlackSite,numberOfRobotsOnWhiteSite
35244,23,21
timeStep,numberOfRobotsOnBlackSite,numberOfRobotsOnWhiteSite
35245,23,21
timeStep,numberOfRobotsOnBlackSite,numberOfRobotsOnWhiteSite
35246,23,21
timeStep,numberOfRobotsOnBlackSite,numberOfRobotsOnWhiteSite
35247,23,21
timeStep,numberOfRobotsOnBlackSite,numberOfRobotsOnWhiteSite
35248,23,21
timeStep,numberOfRobotsOnBlackSite,numberOfRobotsOnWhiteSite
35249,23,21
timeStep,numberOfRobotsOnBlackSite,numberOfRobotsOnWhiteSite
35250,23,21
timeStep,numberOfRobotsOnBlackSite,numberOfRobotsOnWhiteSite
35251,23,21
timeStep,numberOfRobotsOnBlackSite,numberOfRobotsOnWhiteSite
35252,23,21
timeStep,numberOfRobotsOnBlackSite,numberOfRobotsOnWhiteSite
35253,23,21
timeStep,numberOfRobotsOnBlackSite,numberOfRobotsOnWhiteSite
35254,23,21
timeStep,numberOfRobotsOnBlackSite,numberOfRobotsOnWhiteSite
35255,23,21
timeStep,numberOfRobotsOnBlackSite,numberOfRobotsOnWhiteSite
35256,23,21
timeStep,numberOfRobotsOnBlackSite,numberOfRobotsOnWhiteSite
35257,23,21
timeStep,numberOfRobotsOnBlackSite,numberOfRobotsOnWhiteSite
35258,23,21
timeStep,numberOfRobotsOnBlackSite,numberOfRobotsOnWhiteSite
35259,23,21
timeStep,numberOfRobotsOnBlackSite,numberOfRobotsOnWhiteSite
35260,23,21
timeStep,numberOfRobotsOnBlackSite,numberOfRobotsOnWhiteSite
35261,23,21
timeStep,numberOfRobotsOnBlackSite,numberOfRobotsOnWhiteSite
35262,23,21
timeStep,numberOfRobotsOnBlackSite,numberOfRobotsOnWhiteSite
35263,23,21
timeStep,numberOfRobotsOnBlackSite,numberOfRobotsOnWhiteSite
35264,23,21
timeStep,numberOfRobotsOnBlackSite,numberOfRobotsOnWhiteSite
35265,23,21
timeStep,numberOfRobotsOnBlackSite,numberOfRobotsOnWhiteSite
35266,23,21
timeStep,numberOfRobotsOnBlackSite,numberOfRobotsOnWhiteSite
35267,23,21
timeStep,numberOfRobotsOnBlackSite,numberOfRobotsOnWhiteSite
35268,23,21
timeStep,numberOfRobotsOnBlackSite,numberOfRobotsOnWhiteSite
35269,23,21
timeStep,numberOfRobotsOnBlackSite,numberOfRobotsOnWhiteSite
35270,23,21
timeStep,numberOfRobotsOnBlackSite,numberOfRobotsOnWhiteSite
35271,23,21
timeStep,numberOfRobotsOnBlackSite,numberOfRobotsOnWhiteSite
35272,23,21
timeStep,numberOfRobotsOnBlackSite,numberOfRobotsOnWhiteSite
35273,23,21
timeStep,numberOfRobotsOnBlackSite,numberOfRobotsOnWhiteSite
35274,23,21
timeStep,numberOfRobotsOnBlackSite,numberOfRobotsOnWhiteSite
35275,23,22
timeStep,numberOfRobotsOnBlackSite,numberOfRobotsOnWhiteSite
35276,23,22
timeStep,numberOfRobotsOnBlackSite,numberOfRobotsOnWhiteSite
35277,23,22
timeStep,numberOfRobotsOnBlackSite,numberOfRobotsOnWhiteSite
35278,23,22
timeStep,numberOfRobotsOnBlackSite,numberOfRobotsOnWhiteSite
35279,23,22
timeStep,numberOfRobotsOnBlackSite,numberOfRobotsOnWhiteSite
35280,23,22
timeStep,numberOfRobotsOnBlackSite,numberOfRobotsOnWhiteSite
35281,23,22
timeStep,numberOfRobotsOnBlackSite,numberOfRobotsOnWhiteSite
35282,23,22
timeStep,numberOfRobotsOnBlackSite,numberOfRobotsOnWhiteSite
35283,23,22
timeStep,numberOfRobotsOnBlackSite,numberOfRobotsOnWhiteSite
35284,23,22
timeStep,numberOfRobotsOnBlackSite,numberOfRobotsOnWhiteSite
35285,23,22
timeStep,numberOfRobotsOnBlackSite,numberOfRobotsOnWhiteSite
35286,23,22
timeStep,numberOfRobotsOnBlackSite,numberOfRobotsOnWhiteSite
35287,23,22
timeStep,numberOfRobotsOnBlackSite,numberOfRobotsOnWhiteSite
35288,23,22
timeStep,numberOfRobotsOnBlackSite,numberOfRobotsOnWhiteSite
35289,23,22
timeStep,numberOfRobotsOnBlackSite,numberOfRobotsOnWhiteSite
35290,23,22
timeStep,numberOfRobotsOnBlackSite,numberOfRobotsOnWhiteSite
35291,23,22
timeStep,numberOfRobotsOnBlackSite,numberOfRobotsOnWhiteSite
35292,23,22
timeStep,numberOfRobotsOnBlackSite,numberOfRobotsOnWhiteSite
35293,23,22
timeStep,numberOfRobotsOnBlackSite,numberOfRobotsOnWhiteSite
35294,23,22
timeStep,numberOfRobotsOnBlackSite,numberOfRobotsOnWhiteSite
35295,23,22
timeStep,numberOfRobotsOnBlackSite,numberOfRobotsOnWhiteSite
35296,23,22
timeStep,numberOfRobotsOnBlackSite,numberOfRobotsOnWhiteSite
35297,23,22
timeStep,numberOfRobotsOnBlackSite,numberOfRobotsOnWhiteSite
35298,23,22
timeStep,numberOfRobotsOnBlackSite,numberOfRobotsOnWhiteSite
35299,23,22
timeStep,numberOfRobotsOnBlackSite,numberOfRobotsOnWhiteSite
35300,23,22
timeStep,numberOfRobotsOnBlackSite,numberOfRobotsOnWhiteSite
35301,23,22
timeStep,numberOfRobotsOnBlackSite,numberOfRobotsOnWhiteSite
35302,23,22
timeStep,numberOfRobotsOnBlackSite,numberOfRobotsOnWhiteSite
35303,23,22
timeStep,numberOfRobotsOnBlackSite,numberOfRobotsOnWhiteSite
35304,23,22
timeStep,numberOfRobotsOnBlackSite,numberOfRobotsOnWhiteSite
35305,23,22
timeStep,numberOfRobotsOnBlackSite,numberOfRobotsOnWhiteSite
35306,23,22
timeStep,numberOfRobotsOnBlackSite,numberOfRobotsOnWhiteSite
35307,23,22
timeStep,numberOfRobotsOnBlackSite,numberOfRobotsOnWhiteSite
35308,23,22
timeStep,numberOfRobotsOnBlackSite,numberOfRobotsOnWhiteSite
35309,23,22
timeStep,numberOfRobotsOnBlackSite,numberOfRobotsOnWhiteSite
35310,23,22
timeStep,numberOfRobotsOnBlackSite,numberOfRobotsOnWhiteSite
35311,23,22
timeStep,numberOfRobotsOnBlackSite,numberOfRobotsOnWhiteSite
35312,23,22
timeStep,numberOfRobotsOnBlackSite,numberOfRobotsOnWhiteSite
35313,23,22
timeStep,numberOfRobotsOnBlackSite,numberOfRobotsOnWhiteSite
35314,23,22
timeStep,numberOfRobotsOnBlackSite,numberOfRobotsOnWhiteSite
35315,23,22
timeStep,numberOfRobotsOnBlackSite,numberOfRobotsOnWhiteSite
35316,23,22
timeStep,numberOfRobotsOnBlackSite,numberOfRobotsOnWhiteSite
35317,23,22
timeStep,numberOfRobotsOnBlackSite,numberOfRobotsOnWhiteSite
35318,23,22
timeStep,numberOfRobotsOnBlackSite,numberOfRobotsOnWhiteSite
35319,23,22
timeStep,numberOfRobotsOnBlackSite,numberOfRobotsOnWhiteSite
35320,23,22
timeStep,numberOfRobotsOnBlackSite,numberOfRobotsOnWhiteSite
35321,23,22
timeStep,numberOfRobotsOnBlackSite,numberOfRobotsOnWhiteSite
35322,23,22
timeStep,numberOfRobotsOnBlackSite,numberOfRobotsOnWhiteSite
35323,23,22
timeStep,numberOfRobotsOnBlackSite,numberOfRobotsOnWhiteSite
35324,23,22
timeStep,numberOfRobotsOnBlackSite,numberOfRobotsOnWhiteSite
35325,23,22
timeStep,numberOfRobotsOnBlackSite,numberOfRobotsOnWhiteSite
35326,23,22
timeStep,numberOfRobotsOnBlackSite,numberOfRobotsOnWhiteSite
35327,23,22
timeStep,numberOfRobotsOnBlackSite,numberOfRobotsOnWhiteSite
35328,23,22
timeStep,numberOfRobotsOnBlackSite,numberOfRobotsOnWhiteSite
35329,23,22
timeStep,numberOfRobotsOnBlackSite,numberOfRobotsOnWhiteSite
35330,23,22
timeStep,numberOfRobotsOnBlackSite,numberOfRobotsOnWhiteSite
35331,23,22
timeStep,numberOfRobotsOnBlackSite,numberOfRobotsOnWhiteSite
35332,23,22
timeStep,numberOfRobotsOnBlackSite,numberOfRobotsOnWhiteSite
35333,23,22
timeStep,numberOfRobotsOnBlackSite,numberOfRobotsOnWhiteSite
35334,23,22
timeStep,numberOfRobotsOnBlackSite,numberOfRobotsOnWhiteSite
35335,23,22
timeStep,numberOfRobotsOnBlackSite,numberOfRobotsOnWhiteSite
35336,23,22
timeStep,numberOfRobotsOnBlackSite,numberOfRobotsOnWhiteSite
35337,23,22
timeStep,numberOfRobotsOnBlackSite,numberOfRobotsOnWhiteSite
35338,23,22
timeStep,numberOfRobotsOnBlackSite,numberOfRobotsOnWhiteSite
35339,23,22
timeStep,numberOfRobotsOnBlackSite,numberOfRobotsOnWhiteSite
35340,23,22
timeStep,numberOfRobotsOnBlackSite,numberOfRobotsOnWhiteSite
35341,23,22
timeStep,numberOfRobotsOnBlackSite,numberOfRobotsOnWhiteSite
35342,23,22
timeStep,numberOfRobotsOnBlackSite,numberOfRobotsOnWhiteSite
35343,23,22
timeStep,numberOfRobotsOnBlackSite,numberOfRobotsOnWhiteSite
35344,23,22
timeStep,numberOfRobotsOnBlackSite,numberOfRobotsOnWhiteSite
35345,23,22
timeStep,numberOfRobotsOnBlackSite,numberOfRobotsOnWhiteSite
35346,23,22
timeStep,numberOfRobotsOnBlackSite,numberOfRobotsOnWhiteSite
35347,23,22
timeStep,numberOfRobotsOnBlackSite,numberOfRobotsOnWhiteSite
35348,23,22
timeStep,numberOfRobotsOnBlackSite,numberOfRobotsOnWhiteSite
35349,23,22
timeStep,numberOfRobotsOnBlackSite,numberOfRobotsOnWhiteSite
35350,23,22
timeStep,numberOfRobotsOnBlackSite,numberOfRobotsOnWhiteSite
35351,23,22
timeStep,numberOfRobotsOnBlackSite,numberOfRobotsOnWhiteSite
35352,23,22
timeStep,numberOfRobotsOnBlackSite,numberOfRobotsOnWhiteSite
35353,23,22
timeStep,numberOfRobotsOnBlackSite,numberOfRobotsOnWhiteSite
35354,23,22
timeStep,numberOfRobotsOnBlackSite,numberOfRobotsOnWhiteSite
35355,23,22
timeStep,numberOfRobotsOnBlackSite,numberOfRobotsOnWhiteSite
35356,23,22
timeStep,numberOfRobotsOnBlackSite,numberOfRobotsOnWhiteSite
35357,23,22
timeStep,numberOfRobotsOnBlackSite,numberOfRobotsOnWhiteSite
35358,23,22
timeStep,numberOfRobotsOnBlackSite,numberOfRobotsOnWhiteSite
35359,23,22
timeStep,numberOfRobotsOnBlackSite,numberOfRobotsOnWhiteSite
35360,24,22
timeStep,numberOfRobotsOnBlackSite,numberOfRobotsOnWhiteSite
35361,24,22
timeStep,numberOfRobotsOnBlackSite,numberOfRobotsOnWhiteSite
35362,24,22
timeStep,numberOfRobotsOnBlackSite,numberOfRobotsOnWhiteSite
35363,24,22
timeStep,numberOfRobotsOnBlackSite,numberOfRobotsOnWhiteSite
35364,24,22
timeStep,numberOfRobotsOnBlackSite,numberOfRobotsOnWhiteSite
35365,24,22
timeStep,numberOfRobotsOnBlackSite,numberOfRobotsOnWhiteSite
35366,24,22
timeStep,numberOfRobotsOnBlackSite,numberOfRobotsOnWhiteSite
35367,24,22
timeStep,numberOfRobotsOnBlackSite,numberOfRobotsOnWhiteSite
35368,24,22
timeStep,numberOfRobotsOnBlackSite,numberOfRobotsOnWhiteSite
35369,24,22
timeStep,numberOfRobotsOnBlackSite,numberOfRobotsOnWhiteSite
35370,24,22
timeStep,numberOfRobotsOnBlackSite,numberOfRobotsOnWhiteSite
35371,24,22
timeStep,numberOfRobotsOnBlackSite,numberOfRobotsOnWhiteSite
35372,24,22
timeStep,numberOfRobotsOnBlackSite,numberOfRobotsOnWhiteSite
35373,24,22
timeStep,numberOfRobotsOnBlackSite,numberOfRobotsOnWhiteSite
35374,24,22
timeStep,numberOfRobotsOnBlackSite,numberOfRobotsOnWhiteSite
35375,24,22
timeStep,numberOfRobotsOnBlackSite,numberOfRobotsOnWhiteSite
35376,24,22
timeStep,numberOfRobotsOnBlackSite,numberOfRobotsOnWhiteSite
35377,24,22
timeStep,numberOfRobotsOnBlackSite,numberOfRobotsOnWhiteSite
35378,24,22
timeStep,numberOfRobotsOnBlackSite,numberOfRobotsOnWhiteSite
35379,24,22
timeStep,numberOfRobotsOnBlackSite,numberOfRobotsOnWhiteSite
35380,24,22
timeStep,numberOfRobotsOnBlackSite,numberOfRobotsOnWhiteSite
35381,24,22
timeStep,numberOfRobotsOnBlackSite,numberOfRobotsOnWhiteSite
35382,24,22
timeStep,numberOfRobotsOnBlackSite,numberOfRobotsOnWhiteSite
35383,24,22
timeStep,numberOfRobotsOnBlackSite,numberOfRobotsOnWhiteSite
35384,24,22
timeStep,numberOfRobotsOnBlackSite,numberOfRobotsOnWhiteSite
35385,24,22
timeStep,numberOfRobotsOnBlackSite,numberOfRobotsOnWhiteSite
35386,24,22
timeStep,numberOfRobotsOnBlackSite,numberOfRobotsOnWhiteSite
35387,24,22
timeStep,numberOfRobotsOnBlackSite,numberOfRobotsOnWhiteSite
35388,24,22
timeStep,numberOfRobotsOnBlackSite,numberOfRobotsOnWhiteSite
35389,24,22
timeStep,numberOfRobotsOnBlackSite,numberOfRobotsOnWhiteSite
35390,24,22
timeStep,numberOfRobotsOnBlackSite,numberOfRobotsOnWhiteSite
35391,24,22
timeStep,numberOfRobotsOnBlackSite,numberOfRobotsOnWhiteSite
35392,24,22
timeStep,numberOfRobotsOnBlackSite,numberOfRobotsOnWhiteSite
35393,24,22
timeStep,numberOfRobotsOnBlackSite,numberOfRobotsOnWhiteSite
35394,24,22
timeStep,numberOfRobotsOnBlackSite,numberOfRobotsOnWhiteSite
35395,24,22
timeStep,numberOfRobotsOnBlackSite,numberOfRobotsOnWhiteSite
35396,24,22
timeStep,numberOfRobotsOnBlackSite,numberOfRobotsOnWhiteSite
35397,24,22
timeStep,numberOfRobotsOnBlackSite,numberOfRobotsOnWhiteSite
35398,24,22
timeStep,numberOfRobotsOnBlackSite,numberOfRobotsOnWhiteSite
35399,24,22
timeStep,numberOfRobotsOnBlackSite,numberOfRobotsOnWhiteSite
35400,24,22
timeStep,numberOfRobotsOnBlackSite,numberOfRobotsOnWhiteSite
35401,24,22
timeStep,numberOfRobotsOnBlackSite,numberOfRobotsOnWhiteSite
35402,24,22
timeStep,numberOfRobotsOnBlackSite,numberOfRobotsOnWhiteSite
35403,24,22
timeStep,numberOfRobotsOnBlackSite,numberOfRobotsOnWhiteSite
35404,24,22
timeStep,numberOfRobotsOnBlackSite,numberOfRobotsOnWhiteSite
35405,24,22
timeStep,numberOfRobotsOnBlackSite,numberOfRobotsOnWhiteSite
35406,24,22
timeStep,numberOfRobotsOnBlackSite,numberOfRobotsOnWhiteSite
35407,24,22
timeStep,numberOfRobotsOnBlackSite,numberOfRobotsOnWhiteSite
35408,24,22
timeStep,numberOfRobotsOnBlackSite,numberOfRobotsOnWhiteSite
35409,24,22
timeStep,numberOfRobotsOnBlackSite,numberOfRobotsOnWhiteSite
35410,24,22
timeStep,numberOfRobotsOnBlackSite,numberOfRobotsOnWhiteSite
35411,24,22
timeStep,numberOfRobotsOnBlackSite,numberOfRobotsOnWhiteSite
35412,24,22
timeStep,numberOfRobotsOnBlackSite,numberOfRobotsOnWhiteSite
35413,24,22
timeStep,numberOfRobotsOnBlackSite,numberOfRobotsOnWhiteSite
35414,24,22
timeStep,numberOfRobotsOnBlackSite,numberOfRobotsOnWhiteSite
35415,24,22
timeStep,numberOfRobotsOnBlackSite,numberOfRobotsOnWhiteSite
35416,24,22
timeStep,numberOfRobotsOnBlackSite,numberOfRobotsOnWhiteSite
35417,24,22
timeStep,numberOfRobotsOnBlackSite,numberOfRobotsOnWhiteSite
35418,24,22
timeStep,numberOfRobotsOnBlackSite,numberOfRobotsOnWhiteSite
35419,24,22
timeStep,numberOfRobotsOnBlackSite,numberOfRobotsOnWhiteSite
35420,24,22
timeStep,numberOfRobotsOnBlackSite,numberOfRobotsOnWhiteSite
35421,24,22
timeStep,numberOfRobotsOnBlackSite,numberOfRobotsOnWhiteSite
35422,24,22
timeStep,numberOfRobotsOnBlackSite,numberOfRobotsOnWhiteSite
35423,24,22
timeStep,numberOfRobotsOnBlackSite,numberOfRobotsOnWhiteSite
35424,24,22
timeStep,numberOfRobotsOnBlackSite,numberOfRobotsOnWhiteSite
35425,24,22
timeStep,numberOfRobotsOnBlackSite,numberOfRobotsOnWhiteSite
35426,24,22
timeStep,numberOfRobotsOnBlackSite,numberOfRobotsOnWhiteSite
35427,24,22
timeStep,numberOfRobotsOnBlackSite,numberOfRobotsOnWhiteSite
35428,24,22
timeStep,numberOfRobotsOnBlackSite,numberOfRobotsOnWhiteSite
35429,24,22
timeStep,numberOfRobotsOnBlackSite,numberOfRobotsOnWhiteSite
35430,24,22
timeStep,numberOfRobotsOnBlackSite,numberOfRobotsOnWhiteSite
35431,24,22
timeStep,numberOfRobotsOnBlackSite,numberOfRobotsOnWhiteSite
35432,24,22
timeStep,numberOfRobotsOnBlackSite,numberOfRobotsOnWhiteSite
35433,24,22
timeStep,numberOfRobotsOnBlackSite,numberOfRobotsOnWhiteSite
35434,24,22
timeStep,numberOfRobotsOnBlackSite,numberOfRobotsOnWhiteSite
35435,24,22
timeStep,numberOfRobotsOnBlackSite,numberOfRobotsOnWhiteSite
35436,24,22
timeStep,numberOfRobotsOnBlackSite,numberOfRobotsOnWhiteSite
35437,24,22
timeStep,numberOfRobotsOnBlackSite,numberOfRobotsOnWhiteSite
35438,24,22
timeStep,numberOfRobotsOnBlackSite,numberOfRobotsOnWhiteSite
35439,24,22
timeStep,numberOfRobotsOnBlackSite,numberOfRobotsOnWhiteSite
35440,24,22
timeStep,numberOfRobotsOnBlackSite,numberOfRobotsOnWhiteSite
35441,24,22
timeStep,numberOfRobotsOnBlackSite,numberOfRobotsOnWhiteSite
35442,24,22
timeStep,numberOfRobotsOnBlackSite,numberOfRobotsOnWhiteSite
35443,24,22
timeStep,numberOfRobotsOnBlackSite,numberOfRobotsOnWhiteSite
35444,24,22
timeStep,numberOfRobotsOnBlackSite,numberOfRobotsOnWhiteSite
35445,24,22
timeStep,numberOfRobotsOnBlackSite,numberOfRobotsOnWhiteSite
35446,24,22
timeStep,numberOfRobotsOnBlackSite,numberOfRobotsOnWhiteSite
35447,24,22
timeStep,numberOfRobotsOnBlackSite,numberOfRobotsOnWhiteSite
35448,24,22
timeStep,numberOfRobotsOnBlackSite,numberOfRobotsOnWhiteSite
35449,24,22
timeStep,numberOfRobotsOnBlackSite,numberOfRobotsOnWhiteSite
35450,24,22
timeStep,numberOfRobotsOnBlackSite,numberOfRobotsOnWhiteSite
35451,24,22
timeStep,numberOfRobotsOnBlackSite,numberOfRobotsOnWhiteSite
35452,24,22
timeStep,numberOfRobotsOnBlackSite,numberOfRobotsOnWhiteSite
35453,24,22
timeStep,numberOfRobotsOnBlackSite,numberOfRobotsOnWhiteSite
35454,24,22
timeStep,numberOfRobotsOnBlackSite,numberOfRobotsOnWhiteSite
35455,24,22
timeStep,numberOfRobotsOnBlackSite,numberOfRobotsOnWhiteSite
35456,24,22
timeStep,numberOfRobotsOnBlackSite,numberOfRobotsOnWhiteSite
35457,24,22
timeStep,numberOfRobotsOnBlackSite,numberOfRobotsOnWhiteSite
35458,24,22
timeStep,numberOfRobotsOnBlackSite,numberOfRobotsOnWhiteSite
35459,24,22
timeStep,numberOfRobotsOnBlackSite,numberOfRobotsOnWhiteSite
35460,24,22
timeStep,numberOfRobotsOnBlackSite,numberOfRobotsOnWhiteSite
35461,24,22
timeStep,numberOfRobotsOnBlackSite,numberOfRobotsOnWhiteSite
35462,24,22
timeStep,numberOfRobotsOnBlackSite,numberOfRobotsOnWhiteSite
35463,24,22
timeStep,numberOfRobotsOnBlackSite,numberOfRobotsOnWhiteSite
35464,24,22
timeStep,numberOfRobotsOnBlackSite,numberOfRobotsOnWhiteSite
35465,24,22
timeStep,numberOfRobotsOnBlackSite,numberOfRobotsOnWhiteSite
35466,24,22
timeStep,numberOfRobotsOnBlackSite,numberOfRobotsOnWhiteSite
35467,24,22
timeStep,numberOfRobotsOnBlackSite,numberOfRobotsOnWhiteSite
35468,24,22
timeStep,numberOfRobotsOnBlackSite,numberOfRobotsOnWhiteSite
35469,24,22
timeStep,numberOfRobotsOnBlackSite,numberOfRobotsOnWhiteSite
35470,24,22
timeStep,numberOfRobotsOnBlackSite,numberOfRobotsOnWhiteSite
35471,24,22
timeStep,numberOfRobotsOnBlackSite,numberOfRobotsOnWhiteSite
35472,24,22
timeStep,numberOfRobotsOnBlackSite,numberOfRobotsOnWhiteSite
35473,24,22
timeStep,numberOfRobotsOnBlackSite,numberOfRobotsOnWhiteSite
35474,24,22
timeStep,numberOfRobotsOnBlackSite,numberOfRobotsOnWhiteSite
35475,24,22
timeStep,numberOfRobotsOnBlackSite,numberOfRobotsOnWhiteSite
35476,24,22
timeStep,numberOfRobotsOnBlackSite,numberOfRobotsOnWhiteSite
35477,24,22
timeStep,numberOfRobotsOnBlackSite,numberOfRobotsOnWhiteSite
35478,24,22
timeStep,numberOfRobotsOnBlackSite,numberOfRobotsOnWhiteSite
35479,24,22
timeStep,numberOfRobotsOnBlackSite,numberOfRobotsOnWhiteSite
35480,24,22
timeStep,numberOfRobotsOnBlackSite,numberOfRobotsOnWhiteSite
35481,24,22
timeStep,numberOfRobotsOnBlackSite,numberOfRobotsOnWhiteSite
35482,24,22
timeStep,numberOfRobotsOnBlackSite,numberOfRobotsOnWhiteSite
35483,24,22
timeStep,numberOfRobotsOnBlackSite,numberOfRobotsOnWhiteSite
35484,24,22
timeStep,numberOfRobotsOnBlackSite,numberOfRobotsOnWhiteSite
35485,24,22
timeStep,numberOfRobotsOnBlackSite,numberOfRobotsOnWhiteSite
35486,24,22
timeStep,numberOfRobotsOnBlackSite,numberOfRobotsOnWhiteSite
35487,24,22
timeStep,numberOfRobotsOnBlackSite,numberOfRobotsOnWhiteSite
35488,24,22
timeStep,numberOfRobotsOnBlackSite,numberOfRobotsOnWhiteSite
35489,24,22
timeStep,numberOfRobotsOnBlackSite,numberOfRobotsOnWhiteSite
35490,24,22
timeStep,numberOfRobotsOnBlackSite,numberOfRobotsOnWhiteSite
35491,24,22
timeStep,numberOfRobotsOnBlackSite,numberOfRobotsOnWhiteSite
35492,24,22
timeStep,numberOfRobotsOnBlackSite,numberOfRobotsOnWhiteSite
35493,24,22
timeStep,numberOfRobotsOnBlackSite,numberOfRobotsOnWhiteSite
35494,24,22
timeStep,numberOfRobotsOnBlackSite,numberOfRobotsOnWhiteSite
35495,24,22
timeStep,numberOfRobotsOnBlackSite,numberOfRobotsOnWhiteSite
35496,24,22
timeStep,numberOfRobotsOnBlackSite,numberOfRobotsOnWhiteSite
35497,24,22
timeStep,numberOfRobotsOnBlackSite,numberOfRobotsOnWhiteSite
35498,24,22
timeStep,numberOfRobotsOnBlackSite,numberOfRobotsOnWhiteSite
35499,24,22
timeStep,numberOfRobotsOnBlackSite,numberOfRobotsOnWhiteSite
35500,24,22
timeStep,numberOfRobotsOnBlackSite,numberOfRobotsOnWhiteSite
35501,24,22
timeStep,numberOfRobotsOnBlackSite,numberOfRobotsOnWhiteSite
35502,24,22
timeStep,numberOfRobotsOnBlackSite,numberOfRobotsOnWhiteSite
35503,24,22
timeStep,numberOfRobotsOnBlackSite,numberOfRobotsOnWhiteSite
35504,24,22
timeStep,numberOfRobotsOnBlackSite,numberOfRobotsOnWhiteSite
35505,24,22
timeStep,numberOfRobotsOnBlackSite,numberOfRobotsOnWhiteSite
35506,24,22
timeStep,numberOfRobotsOnBlackSite,numberOfRobotsOnWhiteSite
35507,24,22
timeStep,numberOfRobotsOnBlackSite,numberOfRobotsOnWhiteSite
35508,24,22
timeStep,numberOfRobotsOnBlackSite,numberOfRobotsOnWhiteSite
35509,24,22
timeStep,numberOfRobotsOnBlackSite,numberOfRobotsOnWhiteSite
35510,24,22
timeStep,numberOfRobotsOnBlackSite,numberOfRobotsOnWhiteSite
35511,24,22
timeStep,numberOfRobotsOnBlackSite,numberOfRobotsOnWhiteSite
35512,24,22
timeStep,numberOfRobotsOnBlackSite,numberOfRobotsOnWhiteSite
35513,24,22
timeStep,numberOfRobotsOnBlackSite,numberOfRobotsOnWhiteSite
35514,24,22
timeStep,numberOfRobotsOnBlackSite,numberOfRobotsOnWhiteSite
35515,24,22
timeStep,numberOfRobotsOnBlackSite,numberOfRobotsOnWhiteSite
35516,24,22
timeStep,numberOfRobotsOnBlackSite,numberOfRobotsOnWhiteSite
35517,24,22
timeStep,numberOfRobotsOnBlackSite,numberOfRobotsOnWhiteSite
35518,24,22
timeStep,numberOfRobotsOnBlackSite,numberOfRobotsOnWhiteSite
35519,24,22
timeStep,numberOfRobotsOnBlackSite,numberOfRobotsOnWhiteSite
35520,24,22
timeStep,numberOfRobotsOnBlackSite,numberOfRobotsOnWhiteSite
35521,24,22
timeStep,numberOfRobotsOnBlackSite,numberOfRobotsOnWhiteSite
35522,24,22
timeStep,numberOfRobotsOnBlackSite,numberOfRobotsOnWhiteSite
35523,24,22
timeStep,numberOfRobotsOnBlackSite,numberOfRobotsOnWhiteSite
35524,24,22
timeStep,numberOfRobotsOnBlackSite,numberOfRobotsOnWhiteSite
35525,24,22
timeStep,numberOfRobotsOnBlackSite,numberOfRobotsOnWhiteSite
35526,24,22
timeStep,numberOfRobotsOnBlackSite,numberOfRobotsOnWhiteSite
35527,24,22
timeStep,numberOfRobotsOnBlackSite,numberOfRobotsOnWhiteSite
35528,24,22
timeStep,numberOfRobotsOnBlackSite,numberOfRobotsOnWhiteSite
35529,24,22
timeStep,numberOfRobotsOnBlackSite,numberOfRobotsOnWhiteSite
35530,24,22
timeStep,numberOfRobotsOnBlackSite,numberOfRobotsOnWhiteSite
35531,24,22
timeStep,numberOfRobotsOnBlackSite,numberOfRobotsOnWhiteSite
35532,24,22
timeStep,numberOfRobotsOnBlackSite,numberOfRobotsOnWhiteSite
35533,24,22
timeStep,numberOfRobotsOnBlackSite,numberOfRobotsOnWhiteSite
35534,24,22
timeStep,numberOfRobotsOnBlackSite,numberOfRobotsOnWhiteSite
35535,24,22
timeStep,numberOfRobotsOnBlackSite,numberOfRobotsOnWhiteSite
35536,24,22
timeStep,numberOfRobotsOnBlackSite,numberOfRobotsOnWhiteSite
35537,24,22
timeStep,numberOfRobotsOnBlackSite,numberOfRobotsOnWhiteSite
35538,24,22
timeStep,numberOfRobotsOnBlackSite,numberOfRobotsOnWhiteSite
35539,24,22
timeStep,numberOfRobotsOnBlackSite,numberOfRobotsOnWhiteSite
35540,24,22
timeStep,numberOfRobotsOnBlackSite,numberOfRobotsOnWhiteSite
35541,24,22
timeStep,numberOfRobotsOnBlackSite,numberOfRobotsOnWhiteSite
35542,24,22
timeStep,numberOfRobotsOnBlackSite,numberOfRobotsOnWhiteSite
35543,24,22
timeStep,numberOfRobotsOnBlackSite,numberOfRobotsOnWhiteSite
35544,24,22
timeStep,numberOfRobotsOnBlackSite,numberOfRobotsOnWhiteSite
35545,24,22
timeStep,numberOfRobotsOnBlackSite,numberOfRobotsOnWhiteSite
35546,24,22
timeStep,numberOfRobotsOnBlackSite,numberOfRobotsOnWhiteSite
35547,24,22
timeStep,numberOfRobotsOnBlackSite,numberOfRobotsOnWhiteSite
35548,24,22
timeStep,numberOfRobotsOnBlackSite,numberOfRobotsOnWhiteSite
35549,24,22
timeStep,numberOfRobotsOnBlackSite,numberOfRobotsOnWhiteSite
35550,24,22
timeStep,numberOfRobotsOnBlackSite,numberOfRobotsOnWhiteSite
35551,24,22
timeStep,numberOfRobotsOnBlackSite,numberOfRobotsOnWhiteSite
35552,24,22
timeStep,numberOfRobotsOnBlackSite,numberOfRobotsOnWhiteSite
35553,24,22
timeStep,numberOfRobotsOnBlackSite,numberOfRobotsOnWhiteSite
35554,24,22
timeStep,numberOfRobotsOnBlackSite,numberOfRobotsOnWhiteSite
35555,24,22
timeStep,numberOfRobotsOnBlackSite,numberOfRobotsOnWhiteSite
35556,24,22
timeStep,numberOfRobotsOnBlackSite,numberOfRobotsOnWhiteSite
35557,24,22
timeStep,numberOfRobotsOnBlackSite,numberOfRobotsOnWhiteSite
35558,24,22
timeStep,numberOfRobotsOnBlackSite,numberOfRobotsOnWhiteSite
35559,24,22
timeStep,numberOfRobotsOnBlackSite,numberOfRobotsOnWhiteSite
35560,24,22
timeStep,numberOfRobotsOnBlackSite,numberOfRobotsOnWhiteSite
35561,24,22
timeStep,numberOfRobotsOnBlackSite,numberOfRobotsOnWhiteSite
35562,24,22
timeStep,numberOfRobotsOnBlackSite,numberOfRobotsOnWhiteSite
35563,24,22
timeStep,numberOfRobotsOnBlackSite,numberOfRobotsOnWhiteSite
35564,24,22
timeStep,numberOfRobotsOnBlackSite,numberOfRobotsOnWhiteSite
35565,24,22
timeStep,numberOfRobotsOnBlackSite,numberOfRobotsOnWhiteSite
35566,24,22
timeStep,numberOfRobotsOnBlackSite,numberOfRobotsOnWhiteSite
35567,24,22
timeStep,numberOfRobotsOnBlackSite,numberOfRobotsOnWhiteSite
35568,24,22
timeStep,numberOfRobotsOnBlackSite,numberOfRobotsOnWhiteSite
35569,24,22
timeStep,numberOfRobotsOnBlackSite,numberOfRobotsOnWhiteSite
35570,24,22
timeStep,numberOfRobotsOnBlackSite,numberOfRobotsOnWhiteSite
35571,24,22
timeStep,numberOfRobotsOnBlackSite,numberOfRobotsOnWhiteSite
35572,24,22
timeStep,numberOfRobotsOnBlackSite,numberOfRobotsOnWhiteSite
35573,24,22
timeStep,numberOfRobotsOnBlackSite,numberOfRobotsOnWhiteSite
35574,24,22
timeStep,numberOfRobotsOnBlackSite,numberOfRobotsOnWhiteSite
35575,24,22
timeStep,numberOfRobotsOnBlackSite,numberOfRobotsOnWhiteSite
35576,24,22
timeStep,numberOfRobotsOnBlackSite,numberOfRobotsOnWhiteSite
35577,24,22
timeStep,numberOfRobotsOnBlackSite,numberOfRobotsOnWhiteSite
35578,24,22
timeStep,numberOfRobotsOnBlackSite,numberOfRobotsOnWhiteSite
35579,24,22
timeStep,numberOfRobotsOnBlackSite,numberOfRobotsOnWhiteSite
35580,24,22
timeStep,numberOfRobotsOnBlackSite,numberOfRobotsOnWhiteSite
35581,24,22
timeStep,numberOfRobotsOnBlackSite,numberOfRobotsOnWhiteSite
35582,24,22
timeStep,numberOfRobotsOnBlackSite,numberOfRobotsOnWhiteSite
35583,24,22
timeStep,numberOfRobotsOnBlackSite,numberOfRobotsOnWhiteSite
35584,24,22
timeStep,numberOfRobotsOnBlackSite,numberOfRobotsOnWhiteSite
35585,24,22
timeStep,numberOfRobotsOnBlackSite,numberOfRobotsOnWhiteSite
35586,24,22
timeStep,numberOfRobotsOnBlackSite,numberOfRobotsOnWhiteSite
35587,24,22
timeStep,numberOfRobotsOnBlackSite,numberOfRobotsOnWhiteSite
35588,24,22
timeStep,numberOfRobotsOnBlackSite,numberOfRobotsOnWhiteSite
35589,24,22
timeStep,numberOfRobotsOnBlackSite,numberOfRobotsOnWhiteSite
35590,24,22
timeStep,numberOfRobotsOnBlackSite,numberOfRobotsOnWhiteSite
35591,24,22
timeStep,numberOfRobotsOnBlackSite,numberOfRobotsOnWhiteSite
35592,24,22
timeStep,numberOfRobotsOnBlackSite,numberOfRobotsOnWhiteSite
35593,24,22
timeStep,numberOfRobotsOnBlackSite,numberOfRobotsOnWhiteSite
35594,24,22
timeStep,numberOfRobotsOnBlackSite,numberOfRobotsOnWhiteSite
35595,24,22
timeStep,numberOfRobotsOnBlackSite,numberOfRobotsOnWhiteSite
35596,24,22
timeStep,numberOfRobotsOnBlackSite,numberOfRobotsOnWhiteSite
35597,24,22
timeStep,numberOfRobotsOnBlackSite,numberOfRobotsOnWhiteSite
35598,24,22
timeStep,numberOfRobotsOnBlackSite,numberOfRobotsOnWhiteSite
35599,24,22
timeStep,numberOfRobotsOnBlackSite,numberOfRobotsOnWhiteSite
35600,24,22
timeStep,numberOfRobotsOnBlackSite,numberOfRobotsOnWhiteSite
35601,24,22
timeStep,numberOfRobotsOnBlackSite,numberOfRobotsOnWhiteSite
35602,24,22
timeStep,numberOfRobotsOnBlackSite,numberOfRobotsOnWhiteSite
35603,24,22
timeStep,numberOfRobotsOnBlackSite,numberOfRobotsOnWhiteSite
35604,24,22
timeStep,numberOfRobotsOnBlackSite,numberOfRobotsOnWhiteSite
35605,24,22
timeStep,numberOfRobotsOnBlackSite,numberOfRobotsOnWhiteSite
35606,24,22
timeStep,numberOfRobotsOnBlackSite,numberOfRobotsOnWhiteSite
35607,24,22
timeStep,numberOfRobotsOnBlackSite,numberOfRobotsOnWhiteSite
35608,24,22
timeStep,numberOfRobotsOnBlackSite,numberOfRobotsOnWhiteSite
35609,24,22
timeStep,numberOfRobotsOnBlackSite,numberOfRobotsOnWhiteSite
35610,24,22
timeStep,numberOfRobotsOnBlackSite,numberOfRobotsOnWhiteSite
35611,24,22
timeStep,numberOfRobotsOnBlackSite,numberOfRobotsOnWhiteSite
35612,24,22
timeStep,numberOfRobotsOnBlackSite,numberOfRobotsOnWhiteSite
35613,24,22
timeStep,numberOfRobotsOnBlackSite,numberOfRobotsOnWhiteSite
35614,24,22
timeStep,numberOfRobotsOnBlackSite,numberOfRobotsOnWhiteSite
35615,24,22
timeStep,numberOfRobotsOnBlackSite,numberOfRobotsOnWhiteSite
35616,24,22
timeStep,numberOfRobotsOnBlackSite,numberOfRobotsOnWhiteSite
35617,24,22
timeStep,numberOfRobotsOnBlackSite,numberOfRobotsOnWhiteSite
35618,24,22
timeStep,numberOfRobotsOnBlackSite,numberOfRobotsOnWhiteSite
35619,24,22
timeStep,numberOfRobotsOnBlackSite,numberOfRobotsOnWhiteSite
35620,24,22
timeStep,numberOfRobotsOnBlackSite,numberOfRobotsOnWhiteSite
35621,24,22
timeStep,numberOfRobotsOnBlackSite,numberOfRobotsOnWhiteSite
35622,24,22
timeStep,numberOfRobotsOnBlackSite,numberOfRobotsOnWhiteSite
35623,24,22
timeStep,numberOfRobotsOnBlackSite,numberOfRobotsOnWhiteSite
35624,24,22
timeStep,numberOfRobotsOnBlackSite,numberOfRobotsOnWhiteSite
35625,24,22
timeStep,numberOfRobotsOnBlackSite,numberOfRobotsOnWhiteSite
35626,24,22
timeStep,numberOfRobotsOnBlackSite,numberOfRobotsOnWhiteSite
35627,24,22
timeStep,numberOfRobotsOnBlackSite,numberOfRobotsOnWhiteSite
35628,24,22
timeStep,numberOfRobotsOnBlackSite,numberOfRobotsOnWhiteSite
35629,24,22
timeStep,numberOfRobotsOnBlackSite,numberOfRobotsOnWhiteSite
35630,24,22
timeStep,numberOfRobotsOnBlackSite,numberOfRobotsOnWhiteSite
35631,24,22
timeStep,numberOfRobotsOnBlackSite,numberOfRobotsOnWhiteSite
35632,24,22
timeStep,numberOfRobotsOnBlackSite,numberOfRobotsOnWhiteSite
35633,24,22
timeStep,numberOfRobotsOnBlackSite,numberOfRobotsOnWhiteSite
35634,24,22
timeStep,numberOfRobotsOnBlackSite,numberOfRobotsOnWhiteSite
35635,24,22
timeStep,numberOfRobotsOnBlackSite,numberOfRobotsOnWhiteSite
35636,24,22
timeStep,numberOfRobotsOnBlackSite,numberOfRobotsOnWhiteSite
35637,24,22
timeStep,numberOfRobotsOnBlackSite,numberOfRobotsOnWhiteSite
35638,24,22
timeStep,numberOfRobotsOnBlackSite,numberOfRobotsOnWhiteSite
35639,24,22
timeStep,numberOfRobotsOnBlackSite,numberOfRobotsOnWhiteSite
35640,24,22
timeStep,numberOfRobotsOnBlackSite,numberOfRobotsOnWhiteSite
35641,24,22
timeStep,numberOfRobotsOnBlackSite,numberOfRobotsOnWhiteSite
35642,24,22
timeStep,numberOfRobotsOnBlackSite,numberOfRobotsOnWhiteSite
35643,24,22
timeStep,numberOfRobotsOnBlackSite,numberOfRobotsOnWhiteSite
35644,24,22
timeStep,numberOfRobotsOnBlackSite,numberOfRobotsOnWhiteSite
35645,24,22
timeStep,numberOfRobotsOnBlackSite,numberOfRobotsOnWhiteSite
35646,24,22
timeStep,numberOfRobotsOnBlackSite,numberOfRobotsOnWhiteSite
35647,24,22
timeStep,numberOfRobotsOnBlackSite,numberOfRobotsOnWhiteSite
35648,24,22
timeStep,numberOfRobotsOnBlackSite,numberOfRobotsOnWhiteSite
35649,24,22
timeStep,numberOfRobotsOnBlackSite,numberOfRobotsOnWhiteSite
35650,24,22
timeStep,numberOfRobotsOnBlackSite,numberOfRobotsOnWhiteSite
35651,24,22
timeStep,numberOfRobotsOnBlackSite,numberOfRobotsOnWhiteSite
35652,24,22
timeStep,numberOfRobotsOnBlackSite,numberOfRobotsOnWhiteSite
35653,24,22
timeStep,numberOfRobotsOnBlackSite,numberOfRobotsOnWhiteSite
35654,24,22
timeStep,numberOfRobotsOnBlackSite,numberOfRobotsOnWhiteSite
35655,24,22
timeStep,numberOfRobotsOnBlackSite,numberOfRobotsOnWhiteSite
35656,24,22
timeStep,numberOfRobotsOnBlackSite,numberOfRobotsOnWhiteSite
35657,24,22
timeStep,numberOfRobotsOnBlackSite,numberOfRobotsOnWhiteSite
35658,24,22
timeStep,numberOfRobotsOnBlackSite,numberOfRobotsOnWhiteSite
35659,24,22
timeStep,numberOfRobotsOnBlackSite,numberOfRobotsOnWhiteSite
35660,24,22
timeStep,numberOfRobotsOnBlackSite,numberOfRobotsOnWhiteSite
35661,24,22
timeStep,numberOfRobotsOnBlackSite,numberOfRobotsOnWhiteSite
35662,24,22
timeStep,numberOfRobotsOnBlackSite,numberOfRobotsOnWhiteSite
35663,24,22
timeStep,numberOfRobotsOnBlackSite,numberOfRobotsOnWhiteSite
35664,24,22
timeStep,numberOfRobotsOnBlackSite,numberOfRobotsOnWhiteSite
35665,24,22
timeStep,numberOfRobotsOnBlackSite,numberOfRobotsOnWhiteSite
35666,24,22
timeStep,numberOfRobotsOnBlackSite,numberOfRobotsOnWhiteSite
35667,24,22
timeStep,numberOfRobotsOnBlackSite,numberOfRobotsOnWhiteSite
35668,24,22
timeStep,numberOfRobotsOnBlackSite,numberOfRobotsOnWhiteSite
35669,24,22
timeStep,numberOfRobotsOnBlackSite,numberOfRobotsOnWhiteSite
35670,24,22
timeStep,numberOfRobotsOnBlackSite,numberOfRobotsOnWhiteSite
35671,24,22
timeStep,numberOfRobotsOnBlackSite,numberOfRobotsOnWhiteSite
35672,24,22
timeStep,numberOfRobotsOnBlackSite,numberOfRobotsOnWhiteSite
35673,24,22
timeStep,numberOfRobotsOnBlackSite,numberOfRobotsOnWhiteSite
35674,24,22
timeStep,numberOfRobotsOnBlackSite,numberOfRobotsOnWhiteSite
35675,24,22
timeStep,numberOfRobotsOnBlackSite,numberOfRobotsOnWhiteSite
35676,24,22
timeStep,numberOfRobotsOnBlackSite,numberOfRobotsOnWhiteSite
35677,24,22
timeStep,numberOfRobotsOnBlackSite,numberOfRobotsOnWhiteSite
35678,24,22
timeStep,numberOfRobotsOnBlackSite,numberOfRobotsOnWhiteSite
35679,24,22
timeStep,numberOfRobotsOnBlackSite,numberOfRobotsOnWhiteSite
35680,24,22
timeStep,numberOfRobotsOnBlackSite,numberOfRobotsOnWhiteSite
35681,24,22
timeStep,numberOfRobotsOnBlackSite,numberOfRobotsOnWhiteSite
35682,24,22
timeStep,numberOfRobotsOnBlackSite,numberOfRobotsOnWhiteSite
35683,24,22
timeStep,numberOfRobotsOnBlackSite,numberOfRobotsOnWhiteSite
35684,24,22
timeStep,numberOfRobotsOnBlackSite,numberOfRobotsOnWhiteSite
35685,24,22
timeStep,numberOfRobotsOnBlackSite,numberOfRobotsOnWhiteSite
35686,24,22
timeStep,numberOfRobotsOnBlackSite,numberOfRobotsOnWhiteSite
35687,24,22
timeStep,numberOfRobotsOnBlackSite,numberOfRobotsOnWhiteSite
35688,24,22
timeStep,numberOfRobotsOnBlackSite,numberOfRobotsOnWhiteSite
35689,24,22
timeStep,numberOfRobotsOnBlackSite,numberOfRobotsOnWhiteSite
35690,24,22
timeStep,numberOfRobotsOnBlackSite,numberOfRobotsOnWhiteSite
35691,24,22
timeStep,numberOfRobotsOnBlackSite,numberOfRobotsOnWhiteSite
35692,24,22
timeStep,numberOfRobotsOnBlackSite,numberOfRobotsOnWhiteSite
35693,24,22
timeStep,numberOfRobotsOnBlackSite,numberOfRobotsOnWhiteSite
35694,24,22
timeStep,numberOfRobotsOnBlackSite,numberOfRobotsOnWhiteSite
35695,24,22
timeStep,numberOfRobotsOnBlackSite,numberOfRobotsOnWhiteSite
35696,24,22
timeStep,numberOfRobotsOnBlackSite,numberOfRobotsOnWhiteSite
35697,24,22
timeStep,numberOfRobotsOnBlackSite,numberOfRobotsOnWhiteSite
35698,24,22
timeStep,numberOfRobotsOnBlackSite,numberOfRobotsOnWhiteSite
35699,24,22
timeStep,numberOfRobotsOnBlackSite,numberOfRobotsOnWhiteSite
35700,24,22
timeStep,numberOfRobotsOnBlackSite,numberOfRobotsOnWhiteSite
35701,24,22
timeStep,numberOfRobotsOnBlackSite,numberOfRobotsOnWhiteSite
35702,24,22
timeStep,numberOfRobotsOnBlackSite,numberOfRobotsOnWhiteSite
35703,24,22
timeStep,numberOfRobotsOnBlackSite,numberOfRobotsOnWhiteSite
35704,24,22
timeStep,numberOfRobotsOnBlackSite,numberOfRobotsOnWhiteSite
35705,24,22
timeStep,numberOfRobotsOnBlackSite,numberOfRobotsOnWhiteSite
35706,24,22
timeStep,numberOfRobotsOnBlackSite,numberOfRobotsOnWhiteSite
35707,24,22
timeStep,numberOfRobotsOnBlackSite,numberOfRobotsOnWhiteSite
35708,24,22
timeStep,numberOfRobotsOnBlackSite,numberOfRobotsOnWhiteSite
35709,24,22
timeStep,numberOfRobotsOnBlackSite,numberOfRobotsOnWhiteSite
35710,24,22
timeStep,numberOfRobotsOnBlackSite,numberOfRobotsOnWhiteSite
35711,24,22
timeStep,numberOfRobotsOnBlackSite,numberOfRobotsOnWhiteSite
35712,24,22
timeStep,numberOfRobotsOnBlackSite,numberOfRobotsOnWhiteSite
35713,24,22
timeStep,numberOfRobotsOnBlackSite,numberOfRobotsOnWhiteSite
35714,24,22
timeStep,numberOfRobotsOnBlackSite,numberOfRobotsOnWhiteSite
35715,24,22
timeStep,numberOfRobotsOnBlackSite,numberOfRobotsOnWhiteSite
35716,24,22
timeStep,numberOfRobotsOnBlackSite,numberOfRobotsOnWhiteSite
35717,24,22
timeStep,numberOfRobotsOnBlackSite,numberOfRobotsOnWhiteSite
35718,24,22
timeStep,numberOfRobotsOnBlackSite,numberOfRobotsOnWhiteSite
35719,24,22
timeStep,numberOfRobotsOnBlackSite,numberOfRobotsOnWhiteSite
35720,24,22
timeStep,numberOfRobotsOnBlackSite,numberOfRobotsOnWhiteSite
35721,24,22
timeStep,numberOfRobotsOnBlackSite,numberOfRobotsOnWhiteSite
35722,24,22
timeStep,numberOfRobotsOnBlackSite,numberOfRobotsOnWhiteSite
35723,24,22
timeStep,numberOfRobotsOnBlackSite,numberOfRobotsOnWhiteSite
35724,24,22
timeStep,numberOfRobotsOnBlackSite,numberOfRobotsOnWhiteSite
35725,24,22
timeStep,numberOfRobotsOnBlackSite,numberOfRobotsOnWhiteSite
35726,24,22
timeStep,numberOfRobotsOnBlackSite,numberOfRobotsOnWhiteSite
35727,24,22
timeStep,numberOfRobotsOnBlackSite,numberOfRobotsOnWhiteSite
35728,24,22
timeStep,numberOfRobotsOnBlackSite,numberOfRobotsOnWhiteSite
35729,24,22
timeStep,numberOfRobotsOnBlackSite,numberOfRobotsOnWhiteSite
35730,24,22
timeStep,numberOfRobotsOnBlackSite,numberOfRobotsOnWhiteSite
35731,24,22
timeStep,numberOfRobotsOnBlackSite,numberOfRobotsOnWhiteSite
35732,24,22
timeStep,numberOfRobotsOnBlackSite,numberOfRobotsOnWhiteSite
35733,24,22
timeStep,numberOfRobotsOnBlackSite,numberOfRobotsOnWhiteSite
35734,24,22
timeStep,numberOfRobotsOnBlackSite,numberOfRobotsOnWhiteSite
35735,24,22
timeStep,numberOfRobotsOnBlackSite,numberOfRobotsOnWhiteSite
35736,24,22
timeStep,numberOfRobotsOnBlackSite,numberOfRobotsOnWhiteSite
35737,24,22
timeStep,numberOfRobotsOnBlackSite,numberOfRobotsOnWhiteSite
35738,24,22
timeStep,numberOfRobotsOnBlackSite,numberOfRobotsOnWhiteSite
35739,24,22
timeStep,numberOfRobotsOnBlackSite,numberOfRobotsOnWhiteSite
35740,24,22
timeStep,numberOfRobotsOnBlackSite,numberOfRobotsOnWhiteSite
35741,24,22
timeStep,numberOfRobotsOnBlackSite,numberOfRobotsOnWhiteSite
35742,24,22
timeStep,numberOfRobotsOnBlackSite,numberOfRobotsOnWhiteSite
35743,24,22
timeStep,numberOfRobotsOnBlackSite,numberOfRobotsOnWhiteSite
35744,24,22
timeStep,numberOfRobotsOnBlackSite,numberOfRobotsOnWhiteSite
35745,24,22
timeStep,numberOfRobotsOnBlackSite,numberOfRobotsOnWhiteSite
35746,24,22
timeStep,numberOfRobotsOnBlackSite,numberOfRobotsOnWhiteSite
35747,24,22
timeStep,numberOfRobotsOnBlackSite,numberOfRobotsOnWhiteSite
35748,24,22
timeStep,numberOfRobotsOnBlackSite,numberOfRobotsOnWhiteSite
35749,24,22
timeStep,numberOfRobotsOnBlackSite,numberOfRobotsOnWhiteSite
35750,24,22
timeStep,numberOfRobotsOnBlackSite,numberOfRobotsOnWhiteSite
35751,24,22
timeStep,numberOfRobotsOnBlackSite,numberOfRobotsOnWhiteSite
35752,24,22
timeStep,numberOfRobotsOnBlackSite,numberOfRobotsOnWhiteSite
35753,24,22
timeStep,numberOfRobotsOnBlackSite,numberOfRobotsOnWhiteSite
35754,24,22
timeStep,numberOfRobotsOnBlackSite,numberOfRobotsOnWhiteSite
35755,24,22
timeStep,numberOfRobotsOnBlackSite,numberOfRobotsOnWhiteSite
35756,24,22
timeStep,numberOfRobotsOnBlackSite,numberOfRobotsOnWhiteSite
35757,24,22
timeStep,numberOfRobotsOnBlackSite,numberOfRobotsOnWhiteSite
35758,24,22
timeStep,numberOfRobotsOnBlackSite,numberOfRobotsOnWhiteSite
35759,24,22
timeStep,numberOfRobotsOnBlackSite,numberOfRobotsOnWhiteSite
35760,24,22
timeStep,numberOfRobotsOnBlackSite,numberOfRobotsOnWhiteSite
35761,24,22
timeStep,numberOfRobotsOnBlackSite,numberOfRobotsOnWhiteSite
35762,24,22
timeStep,numberOfRobotsOnBlackSite,numberOfRobotsOnWhiteSite
35763,24,22
timeStep,numberOfRobotsOnBlackSite,numberOfRobotsOnWhiteSite
35764,24,22
timeStep,numberOfRobotsOnBlackSite,numberOfRobotsOnWhiteSite
35765,24,22
timeStep,numberOfRobotsOnBlackSite,numberOfRobotsOnWhiteSite
35766,24,22
timeStep,numberOfRobotsOnBlackSite,numberOfRobotsOnWhiteSite
35767,24,22
timeStep,numberOfRobotsOnBlackSite,numberOfRobotsOnWhiteSite
35768,24,22
timeStep,numberOfRobotsOnBlackSite,numberOfRobotsOnWhiteSite
35769,24,22
timeStep,numberOfRobotsOnBlackSite,numberOfRobotsOnWhiteSite
35770,24,21
timeStep,numberOfRobotsOnBlackSite,numberOfRobotsOnWhiteSite
35771,24,21
timeStep,numberOfRobotsOnBlackSite,numberOfRobotsOnWhiteSite
35772,24,21
timeStep,numberOfRobotsOnBlackSite,numberOfRobotsOnWhiteSite
35773,24,21
timeStep,numberOfRobotsOnBlackSite,numberOfRobotsOnWhiteSite
35774,24,21
timeStep,numberOfRobotsOnBlackSite,numberOfRobotsOnWhiteSite
35775,24,21
timeStep,numberOfRobotsOnBlackSite,numberOfRobotsOnWhiteSite
35776,24,21
timeStep,numberOfRobotsOnBlackSite,numberOfRobotsOnWhiteSite
35777,24,21
timeStep,numberOfRobotsOnBlackSite,numberOfRobotsOnWhiteSite
35778,24,21
timeStep,numberOfRobotsOnBlackSite,numberOfRobotsOnWhiteSite
35779,24,21
timeStep,numberOfRobotsOnBlackSite,numberOfRobotsOnWhiteSite
35780,24,21
timeStep,numberOfRobotsOnBlackSite,numberOfRobotsOnWhiteSite
35781,24,21
timeStep,numberOfRobotsOnBlackSite,numberOfRobotsOnWhiteSite
35782,24,21
timeStep,numberOfRobotsOnBlackSite,numberOfRobotsOnWhiteSite
35783,24,21
timeStep,numberOfRobotsOnBlackSite,numberOfRobotsOnWhiteSite
35784,24,21
timeStep,numberOfRobotsOnBlackSite,numberOfRobotsOnWhiteSite
35785,24,21
timeStep,numberOfRobotsOnBlackSite,numberOfRobotsOnWhiteSite
35786,24,21
timeStep,numberOfRobotsOnBlackSite,numberOfRobotsOnWhiteSite
35787,24,21
timeStep,numberOfRobotsOnBlackSite,numberOfRobotsOnWhiteSite
35788,24,21
timeStep,numberOfRobotsOnBlackSite,numberOfRobotsOnWhiteSite
35789,24,21
timeStep,numberOfRobotsOnBlackSite,numberOfRobotsOnWhiteSite
35790,24,21
timeStep,numberOfRobotsOnBlackSite,numberOfRobotsOnWhiteSite
35791,24,21
timeStep,numberOfRobotsOnBlackSite,numberOfRobotsOnWhiteSite
35792,24,21
timeStep,numberOfRobotsOnBlackSite,numberOfRobotsOnWhiteSite
35793,24,21
timeStep,numberOfRobotsOnBlackSite,numberOfRobotsOnWhiteSite
35794,24,21
timeStep,numberOfRobotsOnBlackSite,numberOfRobotsOnWhiteSite
35795,24,21
timeStep,numberOfRobotsOnBlackSite,numberOfRobotsOnWhiteSite
35796,24,21
timeStep,numberOfRobotsOnBlackSite,numberOfRobotsOnWhiteSite
35797,24,21
timeStep,numberOfRobotsOnBlackSite,numberOfRobotsOnWhiteSite
35798,24,21
timeStep,numberOfRobotsOnBlackSite,numberOfRobotsOnWhiteSite
35799,24,21
timeStep,numberOfRobotsOnBlackSite,numberOfRobotsOnWhiteSite
35800,24,21
timeStep,numberOfRobotsOnBlackSite,numberOfRobotsOnWhiteSite
35801,24,21
timeStep,numberOfRobotsOnBlackSite,numberOfRobotsOnWhiteSite
35802,24,21
timeStep,numberOfRobotsOnBlackSite,numberOfRobotsOnWhiteSite
35803,24,21
timeStep,numberOfRobotsOnBlackSite,numberOfRobotsOnWhiteSite
35804,24,21
timeStep,numberOfRobotsOnBlackSite,numberOfRobotsOnWhiteSite
35805,24,21
timeStep,numberOfRobotsOnBlackSite,numberOfRobotsOnWhiteSite
35806,24,21
timeStep,numberOfRobotsOnBlackSite,numberOfRobotsOnWhiteSite
35807,24,21
timeStep,numberOfRobotsOnBlackSite,numberOfRobotsOnWhiteSite
35808,24,21
timeStep,numberOfRobotsOnBlackSite,numberOfRobotsOnWhiteSite
35809,24,21
timeStep,numberOfRobotsOnBlackSite,numberOfRobotsOnWhiteSite
35810,24,22
timeStep,numberOfRobotsOnBlackSite,numberOfRobotsOnWhiteSite
35811,24,22
timeStep,numberOfRobotsOnBlackSite,numberOfRobotsOnWhiteSite
35812,24,22
timeStep,numberOfRobotsOnBlackSite,numberOfRobotsOnWhiteSite
35813,24,22
timeStep,numberOfRobotsOnBlackSite,numberOfRobotsOnWhiteSite
35814,24,22
timeStep,numberOfRobotsOnBlackSite,numberOfRobotsOnWhiteSite
35815,24,22
timeStep,numberOfRobotsOnBlackSite,numberOfRobotsOnWhiteSite
35816,24,22
timeStep,numberOfRobotsOnBlackSite,numberOfRobotsOnWhiteSite
35817,24,22
timeStep,numberOfRobotsOnBlackSite,numberOfRobotsOnWhiteSite
35818,24,22
timeStep,numberOfRobotsOnBlackSite,numberOfRobotsOnWhiteSite
35819,24,22
timeStep,numberOfRobotsOnBlackSite,numberOfRobotsOnWhiteSite
35820,24,22
timeStep,numberOfRobotsOnBlackSite,numberOfRobotsOnWhiteSite
35821,24,22
timeStep,numberOfRobotsOnBlackSite,numberOfRobotsOnWhiteSite
35822,24,22
timeStep,numberOfRobotsOnBlackSite,numberOfRobotsOnWhiteSite
35823,24,22
timeStep,numberOfRobotsOnBlackSite,numberOfRobotsOnWhiteSite
35824,24,22
timeStep,numberOfRobotsOnBlackSite,numberOfRobotsOnWhiteSite
35825,24,22
timeStep,numberOfRobotsOnBlackSite,numberOfRobotsOnWhiteSite
35826,24,22
timeStep,numberOfRobotsOnBlackSite,numberOfRobotsOnWhiteSite
35827,24,22
timeStep,numberOfRobotsOnBlackSite,numberOfRobotsOnWhiteSite
35828,24,22
timeStep,numberOfRobotsOnBlackSite,numberOfRobotsOnWhiteSite
35829,24,22
timeStep,numberOfRobotsOnBlackSite,numberOfRobotsOnWhiteSite
35830,24,22
timeStep,numberOfRobotsOnBlackSite,numberOfRobotsOnWhiteSite
35831,24,22
timeStep,numberOfRobotsOnBlackSite,numberOfRobotsOnWhiteSite
35832,24,22
timeStep,numberOfRobotsOnBlackSite,numberOfRobotsOnWhiteSite
35833,24,22
timeStep,numberOfRobotsOnBlackSite,numberOfRobotsOnWhiteSite
35834,24,22
timeStep,numberOfRobotsOnBlackSite,numberOfRobotsOnWhiteSite
35835,24,22
timeStep,numberOfRobotsOnBlackSite,numberOfRobotsOnWhiteSite
35836,24,22
timeStep,numberOfRobotsOnBlackSite,numberOfRobotsOnWhiteSite
35837,24,22
timeStep,numberOfRobotsOnBlackSite,numberOfRobotsOnWhiteSite
35838,24,22
timeStep,numberOfRobotsOnBlackSite,numberOfRobotsOnWhiteSite
35839,24,22
timeStep,numberOfRobotsOnBlackSite,numberOfRobotsOnWhiteSite
35840,24,22
timeStep,numberOfRobotsOnBlackSite,numberOfRobotsOnWhiteSite
35841,24,22
timeStep,numberOfRobotsOnBlackSite,numberOfRobotsOnWhiteSite
35842,24,22
timeStep,numberOfRobotsOnBlackSite,numberOfRobotsOnWhiteSite
35843,24,22
timeStep,numberOfRobotsOnBlackSite,numberOfRobotsOnWhiteSite
35844,24,22
timeStep,numberOfRobotsOnBlackSite,numberOfRobotsOnWhiteSite
35845,24,22
timeStep,numberOfRobotsOnBlackSite,numberOfRobotsOnWhiteSite
35846,24,22
timeStep,numberOfRobotsOnBlackSite,numberOfRobotsOnWhiteSite
35847,24,22
timeStep,numberOfRobotsOnBlackSite,numberOfRobotsOnWhiteSite
35848,24,22
timeStep,numberOfRobotsOnBlackSite,numberOfRobotsOnWhiteSite
35849,24,22
timeStep,numberOfRobotsOnBlackSite,numberOfRobotsOnWhiteSite
35850,24,22
timeStep,numberOfRobotsOnBlackSite,numberOfRobotsOnWhiteSite
35851,24,22
timeStep,numberOfRobotsOnBlackSite,numberOfRobotsOnWhiteSite
35852,24,22
timeStep,numberOfRobotsOnBlackSite,numberOfRobotsOnWhiteSite
35853,24,22
timeStep,numberOfRobotsOnBlackSite,numberOfRobotsOnWhiteSite
35854,24,22
timeStep,numberOfRobotsOnBlackSite,numberOfRobotsOnWhiteSite
35855,24,22
timeStep,numberOfRobotsOnBlackSite,numberOfRobotsOnWhiteSite
35856,24,22
timeStep,numberOfRobotsOnBlackSite,numberOfRobotsOnWhiteSite
35857,24,22
timeStep,numberOfRobotsOnBlackSite,numberOfRobotsOnWhiteSite
35858,24,22
timeStep,numberOfRobotsOnBlackSite,numberOfRobotsOnWhiteSite
35859,24,22
timeStep,numberOfRobotsOnBlackSite,numberOfRobotsOnWhiteSite
35860,24,22
timeStep,numberOfRobotsOnBlackSite,numberOfRobotsOnWhiteSite
35861,24,22
timeStep,numberOfRobotsOnBlackSite,numberOfRobotsOnWhiteSite
35862,24,22
timeStep,numberOfRobotsOnBlackSite,numberOfRobotsOnWhiteSite
35863,24,22
timeStep,numberOfRobotsOnBlackSite,numberOfRobotsOnWhiteSite
35864,24,22
timeStep,numberOfRobotsOnBlackSite,numberOfRobotsOnWhiteSite
35865,24,22
timeStep,numberOfRobotsOnBlackSite,numberOfRobotsOnWhiteSite
35866,24,22
timeStep,numberOfRobotsOnBlackSite,numberOfRobotsOnWhiteSite
35867,24,22
timeStep,numberOfRobotsOnBlackSite,numberOfRobotsOnWhiteSite
35868,24,22
timeStep,numberOfRobotsOnBlackSite,numberOfRobotsOnWhiteSite
35869,24,22
timeStep,numberOfRobotsOnBlackSite,numberOfRobotsOnWhiteSite
35870,24,22
timeStep,numberOfRobotsOnBlackSite,numberOfRobotsOnWhiteSite
35871,24,22
timeStep,numberOfRobotsOnBlackSite,numberOfRobotsOnWhiteSite
35872,24,22
timeStep,numberOfRobotsOnBlackSite,numberOfRobotsOnWhiteSite
35873,24,22
timeStep,numberOfRobotsOnBlackSite,numberOfRobotsOnWhiteSite
35874,24,22
timeStep,numberOfRobotsOnBlackSite,numberOfRobotsOnWhiteSite
35875,24,22
timeStep,numberOfRobotsOnBlackSite,numberOfRobotsOnWhiteSite
35876,24,22
timeStep,numberOfRobotsOnBlackSite,numberOfRobotsOnWhiteSite
35877,24,22
timeStep,numberOfRobotsOnBlackSite,numberOfRobotsOnWhiteSite
35878,24,22
timeStep,numberOfRobotsOnBlackSite,numberOfRobotsOnWhiteSite
35879,24,22
timeStep,numberOfRobotsOnBlackSite,numberOfRobotsOnWhiteSite
35880,24,22
timeStep,numberOfRobotsOnBlackSite,numberOfRobotsOnWhiteSite
35881,24,22
timeStep,numberOfRobotsOnBlackSite,numberOfRobotsOnWhiteSite
35882,24,22
timeStep,numberOfRobotsOnBlackSite,numberOfRobotsOnWhiteSite
35883,24,22
timeStep,numberOfRobotsOnBlackSite,numberOfRobotsOnWhiteSite
35884,24,22
timeStep,numberOfRobotsOnBlackSite,numberOfRobotsOnWhiteSite
35885,24,22
timeStep,numberOfRobotsOnBlackSite,numberOfRobotsOnWhiteSite
35886,24,22
timeStep,numberOfRobotsOnBlackSite,numberOfRobotsOnWhiteSite
35887,24,22
timeStep,numberOfRobotsOnBlackSite,numberOfRobotsOnWhiteSite
35888,24,22
timeStep,numberOfRobotsOnBlackSite,numberOfRobotsOnWhiteSite
35889,24,22
timeStep,numberOfRobotsOnBlackSite,numberOfRobotsOnWhiteSite
35890,24,22
timeStep,numberOfRobotsOnBlackSite,numberOfRobotsOnWhiteSite
35891,24,22
timeStep,numberOfRobotsOnBlackSite,numberOfRobotsOnWhiteSite
35892,24,22
timeStep,numberOfRobotsOnBlackSite,numberOfRobotsOnWhiteSite
35893,24,22
timeStep,numberOfRobotsOnBlackSite,numberOfRobotsOnWhiteSite
35894,24,22
timeStep,numberOfRobotsOnBlackSite,numberOfRobotsOnWhiteSite
35895,24,22
timeStep,numberOfRobotsOnBlackSite,numberOfRobotsOnWhiteSite
35896,24,22
timeStep,numberOfRobotsOnBlackSite,numberOfRobotsOnWhiteSite
35897,24,22
timeStep,numberOfRobotsOnBlackSite,numberOfRobotsOnWhiteSite
35898,24,22
timeStep,numberOfRobotsOnBlackSite,numberOfRobotsOnWhiteSite
35899,24,22
timeStep,numberOfRobotsOnBlackSite,numberOfRobotsOnWhiteSite
35900,24,22
timeStep,numberOfRobotsOnBlackSite,numberOfRobotsOnWhiteSite
35901,24,22
timeStep,numberOfRobotsOnBlackSite,numberOfRobotsOnWhiteSite
35902,24,22
timeStep,numberOfRobotsOnBlackSite,numberOfRobotsOnWhiteSite
35903,24,22
timeStep,numberOfRobotsOnBlackSite,numberOfRobotsOnWhiteSite
35904,24,22
timeStep,numberOfRobotsOnBlackSite,numberOfRobotsOnWhiteSite
35905,24,22
timeStep,numberOfRobotsOnBlackSite,numberOfRobotsOnWhiteSite
35906,24,22
timeStep,numberOfRobotsOnBlackSite,numberOfRobotsOnWhiteSite
35907,24,22
timeStep,numberOfRobotsOnBlackSite,numberOfRobotsOnWhiteSite
35908,24,22
timeStep,numberOfRobotsOnBlackSite,numberOfRobotsOnWhiteSite
35909,24,22
timeStep,numberOfRobotsOnBlackSite,numberOfRobotsOnWhiteSite
35910,24,22
timeStep,numberOfRobotsOnBlackSite,numberOfRobotsOnWhiteSite
35911,24,22
timeStep,numberOfRobotsOnBlackSite,numberOfRobotsOnWhiteSite
35912,24,22
timeStep,numberOfRobotsOnBlackSite,numberOfRobotsOnWhiteSite
35913,24,22
timeStep,numberOfRobotsOnBlackSite,numberOfRobotsOnWhiteSite
35914,24,22
timeStep,numberOfRobotsOnBlackSite,numberOfRobotsOnWhiteSite
35915,23,22
timeStep,numberOfRobotsOnBlackSite,numberOfRobotsOnWhiteSite
35916,23,22
timeStep,numberOfRobotsOnBlackSite,numberOfRobotsOnWhiteSite
35917,23,22
timeStep,numberOfRobotsOnBlackSite,numberOfRobotsOnWhiteSite
35918,23,22
timeStep,numberOfRobotsOnBlackSite,numberOfRobotsOnWhiteSite
35919,23,22
timeStep,numberOfRobotsOnBlackSite,numberOfRobotsOnWhiteSite
35920,23,22
timeStep,numberOfRobotsOnBlackSite,numberOfRobotsOnWhiteSite
35921,23,22
timeStep,numberOfRobotsOnBlackSite,numberOfRobotsOnWhiteSite
35922,23,22
timeStep,numberOfRobotsOnBlackSite,numberOfRobotsOnWhiteSite
35923,23,22
timeStep,numberOfRobotsOnBlackSite,numberOfRobotsOnWhiteSite
35924,23,22
timeStep,numberOfRobotsOnBlackSite,numberOfRobotsOnWhiteSite
35925,23,22
timeStep,numberOfRobotsOnBlackSite,numberOfRobotsOnWhiteSite
35926,23,22
timeStep,numberOfRobotsOnBlackSite,numberOfRobotsOnWhiteSite
35927,23,22
timeStep,numberOfRobotsOnBlackSite,numberOfRobotsOnWhiteSite
35928,23,22
timeStep,numberOfRobotsOnBlackSite,numberOfRobotsOnWhiteSite
35929,23,22
timeStep,numberOfRobotsOnBlackSite,numberOfRobotsOnWhiteSite
35930,23,22
timeStep,numberOfRobotsOnBlackSite,numberOfRobotsOnWhiteSite
35931,23,22
timeStep,numberOfRobotsOnBlackSite,numberOfRobotsOnWhiteSite
35932,23,22
timeStep,numberOfRobotsOnBlackSite,numberOfRobotsOnWhiteSite
35933,23,22
timeStep,numberOfRobotsOnBlackSite,numberOfRobotsOnWhiteSite
35934,23,22
timeStep,numberOfRobotsOnBlackSite,numberOfRobotsOnWhiteSite
35935,23,22
timeStep,numberOfRobotsOnBlackSite,numberOfRobotsOnWhiteSite
35936,23,22
timeStep,numberOfRobotsOnBlackSite,numberOfRobotsOnWhiteSite
35937,23,22
timeStep,numberOfRobotsOnBlackSite,numberOfRobotsOnWhiteSite
35938,23,22
timeStep,numberOfRobotsOnBlackSite,numberOfRobotsOnWhiteSite
35939,23,22
timeStep,numberOfRobotsOnBlackSite,numberOfRobotsOnWhiteSite
35940,23,22
timeStep,numberOfRobotsOnBlackSite,numberOfRobotsOnWhiteSite
35941,23,22
timeStep,numberOfRobotsOnBlackSite,numberOfRobotsOnWhiteSite
35942,23,22
timeStep,numberOfRobotsOnBlackSite,numberOfRobotsOnWhiteSite
35943,23,22
timeStep,numberOfRobotsOnBlackSite,numberOfRobotsOnWhiteSite
35944,23,22
timeStep,numberOfRobotsOnBlackSite,numberOfRobotsOnWhiteSite
35945,23,22
timeStep,numberOfRobotsOnBlackSite,numberOfRobotsOnWhiteSite
35946,23,22
timeStep,numberOfRobotsOnBlackSite,numberOfRobotsOnWhiteSite
35947,23,22
timeStep,numberOfRobotsOnBlackSite,numberOfRobotsOnWhiteSite
35948,23,22
timeStep,numberOfRobotsOnBlackSite,numberOfRobotsOnWhiteSite
35949,23,22
timeStep,numberOfRobotsOnBlackSite,numberOfRobotsOnWhiteSite
35950,23,22
timeStep,numberOfRobotsOnBlackSite,numberOfRobotsOnWhiteSite
35951,23,22
timeStep,numberOfRobotsOnBlackSite,numberOfRobotsOnWhiteSite
35952,23,22
timeStep,numberOfRobotsOnBlackSite,numberOfRobotsOnWhiteSite
35953,23,22
timeStep,numberOfRobotsOnBlackSite,numberOfRobotsOnWhiteSite
35954,23,22
timeStep,numberOfRobotsOnBlackSite,numberOfRobotsOnWhiteSite
35955,23,22
timeStep,numberOfRobotsOnBlackSite,numberOfRobotsOnWhiteSite
35956,23,22
timeStep,numberOfRobotsOnBlackSite,numberOfRobotsOnWhiteSite
35957,23,22
timeStep,numberOfRobotsOnBlackSite,numberOfRobotsOnWhiteSite
35958,23,22
timeStep,numberOfRobotsOnBlackSite,numberOfRobotsOnWhiteSite
35959,23,22
timeStep,numberOfRobotsOnBlackSite,numberOfRobotsOnWhiteSite
35960,22,22
timeStep,numberOfRobotsOnBlackSite,numberOfRobotsOnWhiteSite
35961,22,22
timeStep,numberOfRobotsOnBlackSite,numberOfRobotsOnWhiteSite
35962,22,22
timeStep,numberOfRobotsOnBlackSite,numberOfRobotsOnWhiteSite
35963,22,22
timeStep,numberOfRobotsOnBlackSite,numberOfRobotsOnWhiteSite
35964,22,22
timeStep,numberOfRobotsOnBlackSite,numberOfRobotsOnWhiteSite
35965,22,22
timeStep,numberOfRobotsOnBlackSite,numberOfRobotsOnWhiteSite
35966,22,22
timeStep,numberOfRobotsOnBlackSite,numberOfRobotsOnWhiteSite
35967,22,22
timeStep,numberOfRobotsOnBlackSite,numberOfRobotsOnWhiteSite
35968,22,22
timeStep,numberOfRobotsOnBlackSite,numberOfRobotsOnWhiteSite
35969,22,22
timeStep,numberOfRobotsOnBlackSite,numberOfRobotsOnWhiteSite
35970,22,22
timeStep,numberOfRobotsOnBlackSite,numberOfRobotsOnWhiteSite
35971,22,22
timeStep,numberOfRobotsOnBlackSite,numberOfRobotsOnWhiteSite
35972,22,22
timeStep,numberOfRobotsOnBlackSite,numberOfRobotsOnWhiteSite
35973,22,22
timeStep,numberOfRobotsOnBlackSite,numberOfRobotsOnWhiteSite
35974,22,22
timeStep,numberOfRobotsOnBlackSite,numberOfRobotsOnWhiteSite
35975,22,22
timeStep,numberOfRobotsOnBlackSite,numberOfRobotsOnWhiteSite
35976,22,22
timeStep,numberOfRobotsOnBlackSite,numberOfRobotsOnWhiteSite
35977,22,22
timeStep,numberOfRobotsOnBlackSite,numberOfRobotsOnWhiteSite
35978,22,22
timeStep,numberOfRobotsOnBlackSite,numberOfRobotsOnWhiteSite
35979,22,22
timeStep,numberOfRobotsOnBlackSite,numberOfRobotsOnWhiteSite
35980,22,22
timeStep,numberOfRobotsOnBlackSite,numberOfRobotsOnWhiteSite
35981,22,22
timeStep,numberOfRobotsOnBlackSite,numberOfRobotsOnWhiteSite
35982,22,22
timeStep,numberOfRobotsOnBlackSite,numberOfRobotsOnWhiteSite
35983,22,22
timeStep,numberOfRobotsOnBlackSite,numberOfRobotsOnWhiteSite
35984,22,22
timeStep,numberOfRobotsOnBlackSite,numberOfRobotsOnWhiteSite
35985,22,22
timeStep,numberOfRobotsOnBlackSite,numberOfRobotsOnWhiteSite
35986,22,22
timeStep,numberOfRobotsOnBlackSite,numberOfRobotsOnWhiteSite
35987,22,22
timeStep,numberOfRobotsOnBlackSite,numberOfRobotsOnWhiteSite
35988,22,22
timeStep,numberOfRobotsOnBlackSite,numberOfRobotsOnWhiteSite
35989,22,22
timeStep,numberOfRobotsOnBlackSite,numberOfRobotsOnWhiteSite
35990,22,22
timeStep,numberOfRobotsOnBlackSite,numberOfRobotsOnWhiteSite
35991,22,22
timeStep,numberOfRobotsOnBlackSite,numberOfRobotsOnWhiteSite
35992,22,22
timeStep,numberOfRobotsOnBlackSite,numberOfRobotsOnWhiteSite
35993,22,22
timeStep,numberOfRobotsOnBlackSite,numberOfRobotsOnWhiteSite
35994,22,22
timeStep,numberOfRobotsOnBlackSite,numberOfRobotsOnWhiteSite
35995,22,22
timeStep,numberOfRobotsOnBlackSite,numberOfRobotsOnWhiteSite
35996,22,22
timeStep,numberOfRobotsOnBlackSite,numberOfRobotsOnWhiteSite
35997,22,22
timeStep,numberOfRobotsOnBlackSite,numberOfRobotsOnWhiteSite
35998,22,22
timeStep,numberOfRobotsOnBlackSite,numberOfRobotsOnWhiteSite
35999,22,22
timeStep,numberOfRobotsOnBlackSite,numberOfRobotsOnWhiteSite
36000,22,22
