timeStep,numberOfRobotsOnBlackSite,numberOfRobotsOnWhiteSite
1,0,0
timeStep,numberOfRobotsOnBlackSite,numberOfRobotsOnWhiteSite
2,0,0
timeStep,numberOfRobotsOnBlackSite,numberOfRobotsOnWhiteSite
3,0,0
timeStep,numberOfRobotsOnBlackSite,numberOfRobotsOnWhiteSite
4,0,0
timeStep,numberOfRobotsOnBlackSite,numberOfRobotsOnWhiteSite
5,0,0
timeStep,numberOfRobotsOnBlackSite,numberOfRobotsOnWhiteSite
6,0,0
timeStep,numberOfRobotsOnBlackSite,numberOfRobotsOnWhiteSite
7,0,0
timeStep,numberOfRobotsOnBlackSite,numberOfRobotsOnWhiteSite
8,0,0
timeStep,numberOfRobotsOnBlackSite,numberOfRobotsOnWhiteSite
9,0,0
timeStep,numberOfRobotsOnBlackSite,numberOfRobotsOnWhiteSite
10,0,0
timeStep,numberOfRobotsOnBlackSite,numberOfRobotsOnWhiteSite
11,0,0
timeStep,numberOfRobotsOnBlackSite,numberOfRobotsOnWhiteSite
12,0,0
timeStep,numberOfRobotsOnBlackSite,numberOfRobotsOnWhiteSite
13,0,0
timeStep,numberOfRobotsOnBlackSite,numberOfRobotsOnWhiteSite
14,0,0
timeStep,numberOfRobotsOnBlackSite,numberOfRobotsOnWhiteSite
15,0,0
timeStep,numberOfRobotsOnBlackSite,numberOfRobotsOnWhiteSite
16,0,0
timeStep,numberOfRobotsOnBlackSite,numberOfRobotsOnWhiteSite
17,0,0
timeStep,numberOfRobotsOnBlackSite,numberOfRobotsOnWhiteSite
18,0,0
timeStep,numberOfRobotsOnBlackSite,numberOfRobotsOnWhiteSite
19,0,0
timeStep,numberOfRobotsOnBlackSite,numberOfRobotsOnWhiteSite
20,0,0
timeStep,numberOfRobotsOnBlackSite,numberOfRobotsOnWhiteSite
21,0,0
timeStep,numberOfRobotsOnBlackSite,numberOfRobotsOnWhiteSite
22,0,0
timeStep,numberOfRobotsOnBlackSite,numberOfRobotsOnWhiteSite
23,0,0
timeStep,numberOfRobotsOnBlackSite,numberOfRobotsOnWhiteSite
24,0,0
timeStep,numberOfRobotsOnBlackSite,numberOfRobotsOnWhiteSite
25,0,0
timeStep,numberOfRobotsOnBlackSite,numberOfRobotsOnWhiteSite
26,0,0
timeStep,numberOfRobotsOnBlackSite,numberOfRobotsOnWhiteSite
27,0,0
timeStep,numberOfRobotsOnBlackSite,numberOfRobotsOnWhiteSite
28,0,0
timeStep,numberOfRobotsOnBlackSite,numberOfRobotsOnWhiteSite
29,0,0
timeStep,numberOfRobotsOnBlackSite,numberOfRobotsOnWhiteSite
30,0,0
timeStep,numberOfRobotsOnBlackSite,numberOfRobotsOnWhiteSite
31,0,0
timeStep,numberOfRobotsOnBlackSite,numberOfRobotsOnWhiteSite
32,0,0
timeStep,numberOfRobotsOnBlackSite,numberOfRobotsOnWhiteSite
33,0,0
timeStep,numberOfRobotsOnBlackSite,numberOfRobotsOnWhiteSite
34,0,0
timeStep,numberOfRobotsOnBlackSite,numberOfRobotsOnWhiteSite
35,0,1
timeStep,numberOfRobotsOnBlackSite,numberOfRobotsOnWhiteSite
36,0,1
timeStep,numberOfRobotsOnBlackSite,numberOfRobotsOnWhiteSite
37,0,1
timeStep,numberOfRobotsOnBlackSite,numberOfRobotsOnWhiteSite
38,0,1
timeStep,numberOfRobotsOnBlackSite,numberOfRobotsOnWhiteSite
39,0,1
timeStep,numberOfRobotsOnBlackSite,numberOfRobotsOnWhiteSite
40,0,1
timeStep,numberOfRobotsOnBlackSite,numberOfRobotsOnWhiteSite
41,0,1
timeStep,numberOfRobotsOnBlackSite,numberOfRobotsOnWhiteSite
42,0,1
timeStep,numberOfRobotsOnBlackSite,numberOfRobotsOnWhiteSite
43,0,1
timeStep,numberOfRobotsOnBlackSite,numberOfRobotsOnWhiteSite
44,0,1
timeStep,numberOfRobotsOnBlackSite,numberOfRobotsOnWhiteSite
45,0,1
timeStep,numberOfRobotsOnBlackSite,numberOfRobotsOnWhiteSite
46,0,1
timeStep,numberOfRobotsOnBlackSite,numberOfRobotsOnWhiteSite
47,0,1
timeStep,numberOfRobotsOnBlackSite,numberOfRobotsOnWhiteSite
48,0,1
timeStep,numberOfRobotsOnBlackSite,numberOfRobotsOnWhiteSite
49,0,1
timeStep,numberOfRobotsOnBlackSite,numberOfRobotsOnWhiteSite
50,2,1
timeStep,numberOfRobotsOnBlackSite,numberOfRobotsOnWhiteSite
51,2,1
timeStep,numberOfRobotsOnBlackSite,numberOfRobotsOnWhiteSite
52,2,1
timeStep,numberOfRobotsOnBlackSite,numberOfRobotsOnWhiteSite
53,2,1
timeStep,numberOfRobotsOnBlackSite,numberOfRobotsOnWhiteSite
54,2,1
timeStep,numberOfRobotsOnBlackSite,numberOfRobotsOnWhiteSite
55,2,1
timeStep,numberOfRobotsOnBlackSite,numberOfRobotsOnWhiteSite
56,2,1
timeStep,numberOfRobotsOnBlackSite,numberOfRobotsOnWhiteSite
57,2,1
timeStep,numberOfRobotsOnBlackSite,numberOfRobotsOnWhiteSite
58,2,1
timeStep,numberOfRobotsOnBlackSite,numberOfRobotsOnWhiteSite
59,2,1
timeStep,numberOfRobotsOnBlackSite,numberOfRobotsOnWhiteSite
60,3,1
timeStep,numberOfRobotsOnBlackSite,numberOfRobotsOnWhiteSite
61,3,1
timeStep,numberOfRobotsOnBlackSite,numberOfRobotsOnWhiteSite
62,3,1
timeStep,numberOfRobotsOnBlackSite,numberOfRobotsOnWhiteSite
63,3,1
timeStep,numberOfRobotsOnBlackSite,numberOfRobotsOnWhiteSite
64,3,1
timeStep,numberOfRobotsOnBlackSite,numberOfRobotsOnWhiteSite
65,3,1
timeStep,numberOfRobotsOnBlackSite,numberOfRobotsOnWhiteSite
66,3,1
timeStep,numberOfRobotsOnBlackSite,numberOfRobotsOnWhiteSite
67,3,1
timeStep,numberOfRobotsOnBlackSite,numberOfRobotsOnWhiteSite
68,3,1
timeStep,numberOfRobotsOnBlackSite,numberOfRobotsOnWhiteSite
69,3,1
timeStep,numberOfRobotsOnBlackSite,numberOfRobotsOnWhiteSite
70,3,1
timeStep,numberOfRobotsOnBlackSite,numberOfRobotsOnWhiteSite
71,3,1
timeStep,numberOfRobotsOnBlackSite,numberOfRobotsOnWhiteSite
72,3,1
timeStep,numberOfRobotsOnBlackSite,numberOfRobotsOnWhiteSite
73,3,1
timeStep,numberOfRobotsOnBlackSite,numberOfRobotsOnWhiteSite
74,3,1
timeStep,numberOfRobotsOnBlackSite,numberOfRobotsOnWhiteSite
75,3,1
timeStep,numberOfRobotsOnBlackSite,numberOfRobotsOnWhiteSite
76,3,1
timeStep,numberOfRobotsOnBlackSite,numberOfRobotsOnWhiteSite
77,3,1
timeStep,numberOfRobotsOnBlackSite,numberOfRobotsOnWhiteSite
78,3,1
timeStep,numberOfRobotsOnBlackSite,numberOfRobotsOnWhiteSite
79,3,1
timeStep,numberOfRobotsOnBlackSite,numberOfRobotsOnWhiteSite
80,4,1
timeStep,numberOfRobotsOnBlackSite,numberOfRobotsOnWhiteSite
81,4,1
timeStep,numberOfRobotsOnBlackSite,numberOfRobotsOnWhiteSite
82,4,1
timeStep,numberOfRobotsOnBlackSite,numberOfRobotsOnWhiteSite
83,4,1
timeStep,numberOfRobotsOnBlackSite,numberOfRobotsOnWhiteSite
84,4,1
timeStep,numberOfRobotsOnBlackSite,numberOfRobotsOnWhiteSite
85,4,1
timeStep,numberOfRobotsOnBlackSite,numberOfRobotsOnWhiteSite
86,4,1
timeStep,numberOfRobotsOnBlackSite,numberOfRobotsOnWhiteSite
87,4,1
timeStep,numberOfRobotsOnBlackSite,numberOfRobotsOnWhiteSite
88,4,1
timeStep,numberOfRobotsOnBlackSite,numberOfRobotsOnWhiteSite
89,4,1
timeStep,numberOfRobotsOnBlackSite,numberOfRobotsOnWhiteSite
90,4,1
timeStep,numberOfRobotsOnBlackSite,numberOfRobotsOnWhiteSite
91,4,1
timeStep,numberOfRobotsOnBlackSite,numberOfRobotsOnWhiteSite
92,4,1
timeStep,numberOfRobotsOnBlackSite,numberOfRobotsOnWhiteSite
93,4,1
timeStep,numberOfRobotsOnBlackSite,numberOfRobotsOnWhiteSite
94,4,1
timeStep,numberOfRobotsOnBlackSite,numberOfRobotsOnWhiteSite
95,4,1
timeStep,numberOfRobotsOnBlackSite,numberOfRobotsOnWhiteSite
96,4,1
timeStep,numberOfRobotsOnBlackSite,numberOfRobotsOnWhiteSite
97,4,1
timeStep,numberOfRobotsOnBlackSite,numberOfRobotsOnWhiteSite
98,4,1
timeStep,numberOfRobotsOnBlackSite,numberOfRobotsOnWhiteSite
99,4,1
timeStep,numberOfRobotsOnBlackSite,numberOfRobotsOnWhiteSite
100,4,1
timeStep,numberOfRobotsOnBlackSite,numberOfRobotsOnWhiteSite
101,4,1
timeStep,numberOfRobotsOnBlackSite,numberOfRobotsOnWhiteSite
102,4,1
timeStep,numberOfRobotsOnBlackSite,numberOfRobotsOnWhiteSite
103,4,1
timeStep,numberOfRobotsOnBlackSite,numberOfRobotsOnWhiteSite
104,4,1
timeStep,numberOfRobotsOnBlackSite,numberOfRobotsOnWhiteSite
105,4,1
timeStep,numberOfRobotsOnBlackSite,numberOfRobotsOnWhiteSite
106,4,1
timeStep,numberOfRobotsOnBlackSite,numberOfRobotsOnWhiteSite
107,4,1
timeStep,numberOfRobotsOnBlackSite,numberOfRobotsOnWhiteSite
108,4,1
timeStep,numberOfRobotsOnBlackSite,numberOfRobotsOnWhiteSite
109,4,1
timeStep,numberOfRobotsOnBlackSite,numberOfRobotsOnWhiteSite
110,4,1
timeStep,numberOfRobotsOnBlackSite,numberOfRobotsOnWhiteSite
111,4,1
timeStep,numberOfRobotsOnBlackSite,numberOfRobotsOnWhiteSite
112,4,1
timeStep,numberOfRobotsOnBlackSite,numberOfRobotsOnWhiteSite
113,4,1
timeStep,numberOfRobotsOnBlackSite,numberOfRobotsOnWhiteSite
114,4,1
timeStep,numberOfRobotsOnBlackSite,numberOfRobotsOnWhiteSite
115,4,1
timeStep,numberOfRobotsOnBlackSite,numberOfRobotsOnWhiteSite
116,4,1
timeStep,numberOfRobotsOnBlackSite,numberOfRobotsOnWhiteSite
117,4,1
timeStep,numberOfRobotsOnBlackSite,numberOfRobotsOnWhiteSite
118,4,1
timeStep,numberOfRobotsOnBlackSite,numberOfRobotsOnWhiteSite
119,4,1
timeStep,numberOfRobotsOnBlackSite,numberOfRobotsOnWhiteSite
120,4,1
timeStep,numberOfRobotsOnBlackSite,numberOfRobotsOnWhiteSite
121,4,1
timeStep,numberOfRobotsOnBlackSite,numberOfRobotsOnWhiteSite
122,4,1
timeStep,numberOfRobotsOnBlackSite,numberOfRobotsOnWhiteSite
123,4,1
timeStep,numberOfRobotsOnBlackSite,numberOfRobotsOnWhiteSite
124,4,1
timeStep,numberOfRobotsOnBlackSite,numberOfRobotsOnWhiteSite
125,4,1
timeStep,numberOfRobotsOnBlackSite,numberOfRobotsOnWhiteSite
126,4,1
timeStep,numberOfRobotsOnBlackSite,numberOfRobotsOnWhiteSite
127,4,1
timeStep,numberOfRobotsOnBlackSite,numberOfRobotsOnWhiteSite
128,4,1
timeStep,numberOfRobotsOnBlackSite,numberOfRobotsOnWhiteSite
129,4,1
timeStep,numberOfRobotsOnBlackSite,numberOfRobotsOnWhiteSite
130,5,1
timeStep,numberOfRobotsOnBlackSite,numberOfRobotsOnWhiteSite
131,5,1
timeStep,numberOfRobotsOnBlackSite,numberOfRobotsOnWhiteSite
132,5,1
timeStep,numberOfRobotsOnBlackSite,numberOfRobotsOnWhiteSite
133,5,1
timeStep,numberOfRobotsOnBlackSite,numberOfRobotsOnWhiteSite
134,5,1
timeStep,numberOfRobotsOnBlackSite,numberOfRobotsOnWhiteSite
135,5,1
timeStep,numberOfRobotsOnBlackSite,numberOfRobotsOnWhiteSite
136,5,1
timeStep,numberOfRobotsOnBlackSite,numberOfRobotsOnWhiteSite
137,5,1
timeStep,numberOfRobotsOnBlackSite,numberOfRobotsOnWhiteSite
138,5,1
timeStep,numberOfRobotsOnBlackSite,numberOfRobotsOnWhiteSite
139,5,1
timeStep,numberOfRobotsOnBlackSite,numberOfRobotsOnWhiteSite
140,5,1
timeStep,numberOfRobotsOnBlackSite,numberOfRobotsOnWhiteSite
141,5,1
timeStep,numberOfRobotsOnBlackSite,numberOfRobotsOnWhiteSite
142,5,1
timeStep,numberOfRobotsOnBlackSite,numberOfRobotsOnWhiteSite
143,5,1
timeStep,numberOfRobotsOnBlackSite,numberOfRobotsOnWhiteSite
144,5,1
timeStep,numberOfRobotsOnBlackSite,numberOfRobotsOnWhiteSite
145,5,1
timeStep,numberOfRobotsOnBlackSite,numberOfRobotsOnWhiteSite
146,5,1
timeStep,numberOfRobotsOnBlackSite,numberOfRobotsOnWhiteSite
147,5,1
timeStep,numberOfRobotsOnBlackSite,numberOfRobotsOnWhiteSite
148,5,1
timeStep,numberOfRobotsOnBlackSite,numberOfRobotsOnWhiteSite
149,5,1
timeStep,numberOfRobotsOnBlackSite,numberOfRobotsOnWhiteSite
150,5,1
timeStep,numberOfRobotsOnBlackSite,numberOfRobotsOnWhiteSite
151,5,1
timeStep,numberOfRobotsOnBlackSite,numberOfRobotsOnWhiteSite
152,5,1
timeStep,numberOfRobotsOnBlackSite,numberOfRobotsOnWhiteSite
153,5,1
timeStep,numberOfRobotsOnBlackSite,numberOfRobotsOnWhiteSite
154,5,1
timeStep,numberOfRobotsOnBlackSite,numberOfRobotsOnWhiteSite
155,5,1
timeStep,numberOfRobotsOnBlackSite,numberOfRobotsOnWhiteSite
156,5,1
timeStep,numberOfRobotsOnBlackSite,numberOfRobotsOnWhiteSite
157,5,1
timeStep,numberOfRobotsOnBlackSite,numberOfRobotsOnWhiteSite
158,5,1
timeStep,numberOfRobotsOnBlackSite,numberOfRobotsOnWhiteSite
159,5,1
timeStep,numberOfRobotsOnBlackSite,numberOfRobotsOnWhiteSite
160,4,1
timeStep,numberOfRobotsOnBlackSite,numberOfRobotsOnWhiteSite
161,4,1
timeStep,numberOfRobotsOnBlackSite,numberOfRobotsOnWhiteSite
162,4,1
timeStep,numberOfRobotsOnBlackSite,numberOfRobotsOnWhiteSite
163,4,1
timeStep,numberOfRobotsOnBlackSite,numberOfRobotsOnWhiteSite
164,4,1
timeStep,numberOfRobotsOnBlackSite,numberOfRobotsOnWhiteSite
165,5,1
timeStep,numberOfRobotsOnBlackSite,numberOfRobotsOnWhiteSite
166,5,1
timeStep,numberOfRobotsOnBlackSite,numberOfRobotsOnWhiteSite
167,5,1
timeStep,numberOfRobotsOnBlackSite,numberOfRobotsOnWhiteSite
168,5,1
timeStep,numberOfRobotsOnBlackSite,numberOfRobotsOnWhiteSite
169,5,1
timeStep,numberOfRobotsOnBlackSite,numberOfRobotsOnWhiteSite
170,5,1
timeStep,numberOfRobotsOnBlackSite,numberOfRobotsOnWhiteSite
171,5,1
timeStep,numberOfRobotsOnBlackSite,numberOfRobotsOnWhiteSite
172,5,1
timeStep,numberOfRobotsOnBlackSite,numberOfRobotsOnWhiteSite
173,5,1
timeStep,numberOfRobotsOnBlackSite,numberOfRobotsOnWhiteSite
174,5,1
timeStep,numberOfRobotsOnBlackSite,numberOfRobotsOnWhiteSite
175,5,1
timeStep,numberOfRobotsOnBlackSite,numberOfRobotsOnWhiteSite
176,5,1
timeStep,numberOfRobotsOnBlackSite,numberOfRobotsOnWhiteSite
177,5,1
timeStep,numberOfRobotsOnBlackSite,numberOfRobotsOnWhiteSite
178,5,1
timeStep,numberOfRobotsOnBlackSite,numberOfRobotsOnWhiteSite
179,5,1
timeStep,numberOfRobotsOnBlackSite,numberOfRobotsOnWhiteSite
180,5,1
timeStep,numberOfRobotsOnBlackSite,numberOfRobotsOnWhiteSite
181,5,1
timeStep,numberOfRobotsOnBlackSite,numberOfRobotsOnWhiteSite
182,5,1
timeStep,numberOfRobotsOnBlackSite,numberOfRobotsOnWhiteSite
183,5,1
timeStep,numberOfRobotsOnBlackSite,numberOfRobotsOnWhiteSite
184,5,1
timeStep,numberOfRobotsOnBlackSite,numberOfRobotsOnWhiteSite
185,5,1
timeStep,numberOfRobotsOnBlackSite,numberOfRobotsOnWhiteSite
186,5,1
timeStep,numberOfRobotsOnBlackSite,numberOfRobotsOnWhiteSite
187,5,1
timeStep,numberOfRobotsOnBlackSite,numberOfRobotsOnWhiteSite
188,5,1
timeStep,numberOfRobotsOnBlackSite,numberOfRobotsOnWhiteSite
189,5,1
timeStep,numberOfRobotsOnBlackSite,numberOfRobotsOnWhiteSite
190,5,1
timeStep,numberOfRobotsOnBlackSite,numberOfRobotsOnWhiteSite
191,5,1
timeStep,numberOfRobotsOnBlackSite,numberOfRobotsOnWhiteSite
192,5,1
timeStep,numberOfRobotsOnBlackSite,numberOfRobotsOnWhiteSite
193,5,1
timeStep,numberOfRobotsOnBlackSite,numberOfRobotsOnWhiteSite
194,5,1
timeStep,numberOfRobotsOnBlackSite,numberOfRobotsOnWhiteSite
195,5,1
timeStep,numberOfRobotsOnBlackSite,numberOfRobotsOnWhiteSite
196,5,1
timeStep,numberOfRobotsOnBlackSite,numberOfRobotsOnWhiteSite
197,5,1
timeStep,numberOfRobotsOnBlackSite,numberOfRobotsOnWhiteSite
198,5,1
timeStep,numberOfRobotsOnBlackSite,numberOfRobotsOnWhiteSite
199,5,1
timeStep,numberOfRobotsOnBlackSite,numberOfRobotsOnWhiteSite
200,5,1
timeStep,numberOfRobotsOnBlackSite,numberOfRobotsOnWhiteSite
201,5,1
timeStep,numberOfRobotsOnBlackSite,numberOfRobotsOnWhiteSite
202,5,1
timeStep,numberOfRobotsOnBlackSite,numberOfRobotsOnWhiteSite
203,5,1
timeStep,numberOfRobotsOnBlackSite,numberOfRobotsOnWhiteSite
204,5,1
timeStep,numberOfRobotsOnBlackSite,numberOfRobotsOnWhiteSite
205,6,1
timeStep,numberOfRobotsOnBlackSite,numberOfRobotsOnWhiteSite
206,6,1
timeStep,numberOfRobotsOnBlackSite,numberOfRobotsOnWhiteSite
207,6,1
timeStep,numberOfRobotsOnBlackSite,numberOfRobotsOnWhiteSite
208,6,1
timeStep,numberOfRobotsOnBlackSite,numberOfRobotsOnWhiteSite
209,6,1
timeStep,numberOfRobotsOnBlackSite,numberOfRobotsOnWhiteSite
210,5,1
timeStep,numberOfRobotsOnBlackSite,numberOfRobotsOnWhiteSite
211,5,1
timeStep,numberOfRobotsOnBlackSite,numberOfRobotsOnWhiteSite
212,5,1
timeStep,numberOfRobotsOnBlackSite,numberOfRobotsOnWhiteSite
213,5,1
timeStep,numberOfRobotsOnBlackSite,numberOfRobotsOnWhiteSite
214,5,1
timeStep,numberOfRobotsOnBlackSite,numberOfRobotsOnWhiteSite
215,6,1
timeStep,numberOfRobotsOnBlackSite,numberOfRobotsOnWhiteSite
216,6,1
timeStep,numberOfRobotsOnBlackSite,numberOfRobotsOnWhiteSite
217,6,1
timeStep,numberOfRobotsOnBlackSite,numberOfRobotsOnWhiteSite
218,6,1
timeStep,numberOfRobotsOnBlackSite,numberOfRobotsOnWhiteSite
219,6,1
timeStep,numberOfRobotsOnBlackSite,numberOfRobotsOnWhiteSite
220,6,1
timeStep,numberOfRobotsOnBlackSite,numberOfRobotsOnWhiteSite
221,6,1
timeStep,numberOfRobotsOnBlackSite,numberOfRobotsOnWhiteSite
222,6,1
timeStep,numberOfRobotsOnBlackSite,numberOfRobotsOnWhiteSite
223,6,1
timeStep,numberOfRobotsOnBlackSite,numberOfRobotsOnWhiteSite
224,6,1
timeStep,numberOfRobotsOnBlackSite,numberOfRobotsOnWhiteSite
225,6,1
timeStep,numberOfRobotsOnBlackSite,numberOfRobotsOnWhiteSite
226,6,1
timeStep,numberOfRobotsOnBlackSite,numberOfRobotsOnWhiteSite
227,6,1
timeStep,numberOfRobotsOnBlackSite,numberOfRobotsOnWhiteSite
228,6,1
timeStep,numberOfRobotsOnBlackSite,numberOfRobotsOnWhiteSite
229,6,1
timeStep,numberOfRobotsOnBlackSite,numberOfRobotsOnWhiteSite
230,6,2
timeStep,numberOfRobotsOnBlackSite,numberOfRobotsOnWhiteSite
231,6,2
timeStep,numberOfRobotsOnBlackSite,numberOfRobotsOnWhiteSite
232,6,2
timeStep,numberOfRobotsOnBlackSite,numberOfRobotsOnWhiteSite
233,6,2
timeStep,numberOfRobotsOnBlackSite,numberOfRobotsOnWhiteSite
234,6,2
timeStep,numberOfRobotsOnBlackSite,numberOfRobotsOnWhiteSite
235,6,2
timeStep,numberOfRobotsOnBlackSite,numberOfRobotsOnWhiteSite
236,6,2
timeStep,numberOfRobotsOnBlackSite,numberOfRobotsOnWhiteSite
237,6,2
timeStep,numberOfRobotsOnBlackSite,numberOfRobotsOnWhiteSite
238,6,2
timeStep,numberOfRobotsOnBlackSite,numberOfRobotsOnWhiteSite
239,6,2
timeStep,numberOfRobotsOnBlackSite,numberOfRobotsOnWhiteSite
240,6,2
timeStep,numberOfRobotsOnBlackSite,numberOfRobotsOnWhiteSite
241,6,2
timeStep,numberOfRobotsOnBlackSite,numberOfRobotsOnWhiteSite
242,6,2
timeStep,numberOfRobotsOnBlackSite,numberOfRobotsOnWhiteSite
243,6,2
timeStep,numberOfRobotsOnBlackSite,numberOfRobotsOnWhiteSite
244,6,2
timeStep,numberOfRobotsOnBlackSite,numberOfRobotsOnWhiteSite
245,6,2
timeStep,numberOfRobotsOnBlackSite,numberOfRobotsOnWhiteSite
246,6,2
timeStep,numberOfRobotsOnBlackSite,numberOfRobotsOnWhiteSite
247,6,2
timeStep,numberOfRobotsOnBlackSite,numberOfRobotsOnWhiteSite
248,6,2
timeStep,numberOfRobotsOnBlackSite,numberOfRobotsOnWhiteSite
249,6,2
timeStep,numberOfRobotsOnBlackSite,numberOfRobotsOnWhiteSite
250,6,2
timeStep,numberOfRobotsOnBlackSite,numberOfRobotsOnWhiteSite
251,6,2
timeStep,numberOfRobotsOnBlackSite,numberOfRobotsOnWhiteSite
252,6,2
timeStep,numberOfRobotsOnBlackSite,numberOfRobotsOnWhiteSite
253,6,2
timeStep,numberOfRobotsOnBlackSite,numberOfRobotsOnWhiteSite
254,6,2
timeStep,numberOfRobotsOnBlackSite,numberOfRobotsOnWhiteSite
255,6,2
timeStep,numberOfRobotsOnBlackSite,numberOfRobotsOnWhiteSite
256,6,2
timeStep,numberOfRobotsOnBlackSite,numberOfRobotsOnWhiteSite
257,6,2
timeStep,numberOfRobotsOnBlackSite,numberOfRobotsOnWhiteSite
258,6,2
timeStep,numberOfRobotsOnBlackSite,numberOfRobotsOnWhiteSite
259,6,2
timeStep,numberOfRobotsOnBlackSite,numberOfRobotsOnWhiteSite
260,6,2
timeStep,numberOfRobotsOnBlackSite,numberOfRobotsOnWhiteSite
261,6,2
timeStep,numberOfRobotsOnBlackSite,numberOfRobotsOnWhiteSite
262,6,2
timeStep,numberOfRobotsOnBlackSite,numberOfRobotsOnWhiteSite
263,6,2
timeStep,numberOfRobotsOnBlackSite,numberOfRobotsOnWhiteSite
264,6,2
timeStep,numberOfRobotsOnBlackSite,numberOfRobotsOnWhiteSite
265,6,2
timeStep,numberOfRobotsOnBlackSite,numberOfRobotsOnWhiteSite
266,6,2
timeStep,numberOfRobotsOnBlackSite,numberOfRobotsOnWhiteSite
267,6,2
timeStep,numberOfRobotsOnBlackSite,numberOfRobotsOnWhiteSite
268,6,2
timeStep,numberOfRobotsOnBlackSite,numberOfRobotsOnWhiteSite
269,6,2
timeStep,numberOfRobotsOnBlackSite,numberOfRobotsOnWhiteSite
270,6,2
timeStep,numberOfRobotsOnBlackSite,numberOfRobotsOnWhiteSite
271,6,2
timeStep,numberOfRobotsOnBlackSite,numberOfRobotsOnWhiteSite
272,6,2
timeStep,numberOfRobotsOnBlackSite,numberOfRobotsOnWhiteSite
273,6,2
timeStep,numberOfRobotsOnBlackSite,numberOfRobotsOnWhiteSite
274,6,2
timeStep,numberOfRobotsOnBlackSite,numberOfRobotsOnWhiteSite
275,6,2
timeStep,numberOfRobotsOnBlackSite,numberOfRobotsOnWhiteSite
276,6,2
timeStep,numberOfRobotsOnBlackSite,numberOfRobotsOnWhiteSite
277,6,2
timeStep,numberOfRobotsOnBlackSite,numberOfRobotsOnWhiteSite
278,6,2
timeStep,numberOfRobotsOnBlackSite,numberOfRobotsOnWhiteSite
279,6,2
timeStep,numberOfRobotsOnBlackSite,numberOfRobotsOnWhiteSite
280,6,2
timeStep,numberOfRobotsOnBlackSite,numberOfRobotsOnWhiteSite
281,6,2
timeStep,numberOfRobotsOnBlackSite,numberOfRobotsOnWhiteSite
282,6,2
timeStep,numberOfRobotsOnBlackSite,numberOfRobotsOnWhiteSite
283,6,2
timeStep,numberOfRobotsOnBlackSite,numberOfRobotsOnWhiteSite
284,6,2
timeStep,numberOfRobotsOnBlackSite,numberOfRobotsOnWhiteSite
285,6,3
timeStep,numberOfRobotsOnBlackSite,numberOfRobotsOnWhiteSite
286,6,3
timeStep,numberOfRobotsOnBlackSite,numberOfRobotsOnWhiteSite
287,6,3
timeStep,numberOfRobotsOnBlackSite,numberOfRobotsOnWhiteSite
288,6,3
timeStep,numberOfRobotsOnBlackSite,numberOfRobotsOnWhiteSite
289,6,3
timeStep,numberOfRobotsOnBlackSite,numberOfRobotsOnWhiteSite
290,6,3
timeStep,numberOfRobotsOnBlackSite,numberOfRobotsOnWhiteSite
291,6,3
timeStep,numberOfRobotsOnBlackSite,numberOfRobotsOnWhiteSite
292,6,3
timeStep,numberOfRobotsOnBlackSite,numberOfRobotsOnWhiteSite
293,6,3
timeStep,numberOfRobotsOnBlackSite,numberOfRobotsOnWhiteSite
294,6,3
timeStep,numberOfRobotsOnBlackSite,numberOfRobotsOnWhiteSite
295,6,4
timeStep,numberOfRobotsOnBlackSite,numberOfRobotsOnWhiteSite
296,6,4
timeStep,numberOfRobotsOnBlackSite,numberOfRobotsOnWhiteSite
297,6,4
timeStep,numberOfRobotsOnBlackSite,numberOfRobotsOnWhiteSite
298,6,4
timeStep,numberOfRobotsOnBlackSite,numberOfRobotsOnWhiteSite
299,6,4
timeStep,numberOfRobotsOnBlackSite,numberOfRobotsOnWhiteSite
300,6,5
timeStep,numberOfRobotsOnBlackSite,numberOfRobotsOnWhiteSite
301,6,5
timeStep,numberOfRobotsOnBlackSite,numberOfRobotsOnWhiteSite
302,6,5
timeStep,numberOfRobotsOnBlackSite,numberOfRobotsOnWhiteSite
303,6,5
timeStep,numberOfRobotsOnBlackSite,numberOfRobotsOnWhiteSite
304,6,5
timeStep,numberOfRobotsOnBlackSite,numberOfRobotsOnWhiteSite
305,6,5
timeStep,numberOfRobotsOnBlackSite,numberOfRobotsOnWhiteSite
306,6,5
timeStep,numberOfRobotsOnBlackSite,numberOfRobotsOnWhiteSite
307,6,5
timeStep,numberOfRobotsOnBlackSite,numberOfRobotsOnWhiteSite
308,6,5
timeStep,numberOfRobotsOnBlackSite,numberOfRobotsOnWhiteSite
309,6,5
timeStep,numberOfRobotsOnBlackSite,numberOfRobotsOnWhiteSite
310,6,5
timeStep,numberOfRobotsOnBlackSite,numberOfRobotsOnWhiteSite
311,6,5
timeStep,numberOfRobotsOnBlackSite,numberOfRobotsOnWhiteSite
312,6,5
timeStep,numberOfRobotsOnBlackSite,numberOfRobotsOnWhiteSite
313,6,5
timeStep,numberOfRobotsOnBlackSite,numberOfRobotsOnWhiteSite
314,6,5
timeStep,numberOfRobotsOnBlackSite,numberOfRobotsOnWhiteSite
315,6,5
timeStep,numberOfRobotsOnBlackSite,numberOfRobotsOnWhiteSite
316,6,5
timeStep,numberOfRobotsOnBlackSite,numberOfRobotsOnWhiteSite
317,6,5
timeStep,numberOfRobotsOnBlackSite,numberOfRobotsOnWhiteSite
318,6,5
timeStep,numberOfRobotsOnBlackSite,numberOfRobotsOnWhiteSite
319,6,5
timeStep,numberOfRobotsOnBlackSite,numberOfRobotsOnWhiteSite
320,7,5
timeStep,numberOfRobotsOnBlackSite,numberOfRobotsOnWhiteSite
321,7,5
timeStep,numberOfRobotsOnBlackSite,numberOfRobotsOnWhiteSite
322,7,5
timeStep,numberOfRobotsOnBlackSite,numberOfRobotsOnWhiteSite
323,7,5
timeStep,numberOfRobotsOnBlackSite,numberOfRobotsOnWhiteSite
324,7,5
timeStep,numberOfRobotsOnBlackSite,numberOfRobotsOnWhiteSite
325,7,4
timeStep,numberOfRobotsOnBlackSite,numberOfRobotsOnWhiteSite
326,7,4
timeStep,numberOfRobotsOnBlackSite,numberOfRobotsOnWhiteSite
327,7,4
timeStep,numberOfRobotsOnBlackSite,numberOfRobotsOnWhiteSite
328,7,4
timeStep,numberOfRobotsOnBlackSite,numberOfRobotsOnWhiteSite
329,7,4
timeStep,numberOfRobotsOnBlackSite,numberOfRobotsOnWhiteSite
330,7,4
timeStep,numberOfRobotsOnBlackSite,numberOfRobotsOnWhiteSite
331,7,4
timeStep,numberOfRobotsOnBlackSite,numberOfRobotsOnWhiteSite
332,7,4
timeStep,numberOfRobotsOnBlackSite,numberOfRobotsOnWhiteSite
333,7,4
timeStep,numberOfRobotsOnBlackSite,numberOfRobotsOnWhiteSite
334,7,4
timeStep,numberOfRobotsOnBlackSite,numberOfRobotsOnWhiteSite
335,7,4
timeStep,numberOfRobotsOnBlackSite,numberOfRobotsOnWhiteSite
336,7,4
timeStep,numberOfRobotsOnBlackSite,numberOfRobotsOnWhiteSite
337,7,4
timeStep,numberOfRobotsOnBlackSite,numberOfRobotsOnWhiteSite
338,7,4
timeStep,numberOfRobotsOnBlackSite,numberOfRobotsOnWhiteSite
339,7,4
timeStep,numberOfRobotsOnBlackSite,numberOfRobotsOnWhiteSite
340,7,4
timeStep,numberOfRobotsOnBlackSite,numberOfRobotsOnWhiteSite
341,7,4
timeStep,numberOfRobotsOnBlackSite,numberOfRobotsOnWhiteSite
342,7,4
timeStep,numberOfRobotsOnBlackSite,numberOfRobotsOnWhiteSite
343,7,4
timeStep,numberOfRobotsOnBlackSite,numberOfRobotsOnWhiteSite
344,7,4
timeStep,numberOfRobotsOnBlackSite,numberOfRobotsOnWhiteSite
345,7,4
timeStep,numberOfRobotsOnBlackSite,numberOfRobotsOnWhiteSite
346,7,4
timeStep,numberOfRobotsOnBlackSite,numberOfRobotsOnWhiteSite
347,7,4
timeStep,numberOfRobotsOnBlackSite,numberOfRobotsOnWhiteSite
348,7,4
timeStep,numberOfRobotsOnBlackSite,numberOfRobotsOnWhiteSite
349,7,4
timeStep,numberOfRobotsOnBlackSite,numberOfRobotsOnWhiteSite
350,8,4
timeStep,numberOfRobotsOnBlackSite,numberOfRobotsOnWhiteSite
351,8,4
timeStep,numberOfRobotsOnBlackSite,numberOfRobotsOnWhiteSite
352,8,4
timeStep,numberOfRobotsOnBlackSite,numberOfRobotsOnWhiteSite
353,8,4
timeStep,numberOfRobotsOnBlackSite,numberOfRobotsOnWhiteSite
354,8,4
timeStep,numberOfRobotsOnBlackSite,numberOfRobotsOnWhiteSite
355,7,4
timeStep,numberOfRobotsOnBlackSite,numberOfRobotsOnWhiteSite
356,7,4
timeStep,numberOfRobotsOnBlackSite,numberOfRobotsOnWhiteSite
357,7,4
timeStep,numberOfRobotsOnBlackSite,numberOfRobotsOnWhiteSite
358,7,4
timeStep,numberOfRobotsOnBlackSite,numberOfRobotsOnWhiteSite
359,7,4
timeStep,numberOfRobotsOnBlackSite,numberOfRobotsOnWhiteSite
360,7,4
timeStep,numberOfRobotsOnBlackSite,numberOfRobotsOnWhiteSite
361,7,4
timeStep,numberOfRobotsOnBlackSite,numberOfRobotsOnWhiteSite
362,7,4
timeStep,numberOfRobotsOnBlackSite,numberOfRobotsOnWhiteSite
363,7,4
timeStep,numberOfRobotsOnBlackSite,numberOfRobotsOnWhiteSite
364,7,4
timeStep,numberOfRobotsOnBlackSite,numberOfRobotsOnWhiteSite
365,7,4
timeStep,numberOfRobotsOnBlackSite,numberOfRobotsOnWhiteSite
366,7,4
timeStep,numberOfRobotsOnBlackSite,numberOfRobotsOnWhiteSite
367,7,4
timeStep,numberOfRobotsOnBlackSite,numberOfRobotsOnWhiteSite
368,7,4
timeStep,numberOfRobotsOnBlackSite,numberOfRobotsOnWhiteSite
369,7,4
timeStep,numberOfRobotsOnBlackSite,numberOfRobotsOnWhiteSite
370,7,5
timeStep,numberOfRobotsOnBlackSite,numberOfRobotsOnWhiteSite
371,7,5
timeStep,numberOfRobotsOnBlackSite,numberOfRobotsOnWhiteSite
372,7,5
timeStep,numberOfRobotsOnBlackSite,numberOfRobotsOnWhiteSite
373,7,5
timeStep,numberOfRobotsOnBlackSite,numberOfRobotsOnWhiteSite
374,7,5
timeStep,numberOfRobotsOnBlackSite,numberOfRobotsOnWhiteSite
375,7,5
timeStep,numberOfRobotsOnBlackSite,numberOfRobotsOnWhiteSite
376,7,5
timeStep,numberOfRobotsOnBlackSite,numberOfRobotsOnWhiteSite
377,7,5
timeStep,numberOfRobotsOnBlackSite,numberOfRobotsOnWhiteSite
378,7,5
timeStep,numberOfRobotsOnBlackSite,numberOfRobotsOnWhiteSite
379,7,5
timeStep,numberOfRobotsOnBlackSite,numberOfRobotsOnWhiteSite
380,7,5
timeStep,numberOfRobotsOnBlackSite,numberOfRobotsOnWhiteSite
381,7,5
timeStep,numberOfRobotsOnBlackSite,numberOfRobotsOnWhiteSite
382,7,5
timeStep,numberOfRobotsOnBlackSite,numberOfRobotsOnWhiteSite
383,7,5
timeStep,numberOfRobotsOnBlackSite,numberOfRobotsOnWhiteSite
384,7,5
timeStep,numberOfRobotsOnBlackSite,numberOfRobotsOnWhiteSite
385,7,5
timeStep,numberOfRobotsOnBlackSite,numberOfRobotsOnWhiteSite
386,7,5
timeStep,numberOfRobotsOnBlackSite,numberOfRobotsOnWhiteSite
387,7,5
timeStep,numberOfRobotsOnBlackSite,numberOfRobotsOnWhiteSite
388,7,5
timeStep,numberOfRobotsOnBlackSite,numberOfRobotsOnWhiteSite
389,7,5
timeStep,numberOfRobotsOnBlackSite,numberOfRobotsOnWhiteSite
390,7,4
timeStep,numberOfRobotsOnBlackSite,numberOfRobotsOnWhiteSite
391,7,4
timeStep,numberOfRobotsOnBlackSite,numberOfRobotsOnWhiteSite
392,7,4
timeStep,numberOfRobotsOnBlackSite,numberOfRobotsOnWhiteSite
393,7,4
timeStep,numberOfRobotsOnBlackSite,numberOfRobotsOnWhiteSite
394,7,4
timeStep,numberOfRobotsOnBlackSite,numberOfRobotsOnWhiteSite
395,7,4
timeStep,numberOfRobotsOnBlackSite,numberOfRobotsOnWhiteSite
396,7,4
timeStep,numberOfRobotsOnBlackSite,numberOfRobotsOnWhiteSite
397,7,4
timeStep,numberOfRobotsOnBlackSite,numberOfRobotsOnWhiteSite
398,7,4
timeStep,numberOfRobotsOnBlackSite,numberOfRobotsOnWhiteSite
399,7,4
timeStep,numberOfRobotsOnBlackSite,numberOfRobotsOnWhiteSite
400,7,4
timeStep,numberOfRobotsOnBlackSite,numberOfRobotsOnWhiteSite
401,7,4
timeStep,numberOfRobotsOnBlackSite,numberOfRobotsOnWhiteSite
402,7,4
timeStep,numberOfRobotsOnBlackSite,numberOfRobotsOnWhiteSite
403,7,4
timeStep,numberOfRobotsOnBlackSite,numberOfRobotsOnWhiteSite
404,7,4
timeStep,numberOfRobotsOnBlackSite,numberOfRobotsOnWhiteSite
405,7,4
timeStep,numberOfRobotsOnBlackSite,numberOfRobotsOnWhiteSite
406,7,4
timeStep,numberOfRobotsOnBlackSite,numberOfRobotsOnWhiteSite
407,7,4
timeStep,numberOfRobotsOnBlackSite,numberOfRobotsOnWhiteSite
408,7,4
timeStep,numberOfRobotsOnBlackSite,numberOfRobotsOnWhiteSite
409,7,4
timeStep,numberOfRobotsOnBlackSite,numberOfRobotsOnWhiteSite
410,9,4
timeStep,numberOfRobotsOnBlackSite,numberOfRobotsOnWhiteSite
411,9,4
timeStep,numberOfRobotsOnBlackSite,numberOfRobotsOnWhiteSite
412,9,4
timeStep,numberOfRobotsOnBlackSite,numberOfRobotsOnWhiteSite
413,9,4
timeStep,numberOfRobotsOnBlackSite,numberOfRobotsOnWhiteSite
414,9,4
timeStep,numberOfRobotsOnBlackSite,numberOfRobotsOnWhiteSite
415,9,4
timeStep,numberOfRobotsOnBlackSite,numberOfRobotsOnWhiteSite
416,9,4
timeStep,numberOfRobotsOnBlackSite,numberOfRobotsOnWhiteSite
417,9,4
timeStep,numberOfRobotsOnBlackSite,numberOfRobotsOnWhiteSite
418,9,4
timeStep,numberOfRobotsOnBlackSite,numberOfRobotsOnWhiteSite
419,9,4
timeStep,numberOfRobotsOnBlackSite,numberOfRobotsOnWhiteSite
420,9,4
timeStep,numberOfRobotsOnBlackSite,numberOfRobotsOnWhiteSite
421,9,4
timeStep,numberOfRobotsOnBlackSite,numberOfRobotsOnWhiteSite
422,9,4
timeStep,numberOfRobotsOnBlackSite,numberOfRobotsOnWhiteSite
423,9,4
timeStep,numberOfRobotsOnBlackSite,numberOfRobotsOnWhiteSite
424,9,4
timeStep,numberOfRobotsOnBlackSite,numberOfRobotsOnWhiteSite
425,9,4
timeStep,numberOfRobotsOnBlackSite,numberOfRobotsOnWhiteSite
426,9,4
timeStep,numberOfRobotsOnBlackSite,numberOfRobotsOnWhiteSite
427,9,4
timeStep,numberOfRobotsOnBlackSite,numberOfRobotsOnWhiteSite
428,9,4
timeStep,numberOfRobotsOnBlackSite,numberOfRobotsOnWhiteSite
429,9,4
timeStep,numberOfRobotsOnBlackSite,numberOfRobotsOnWhiteSite
430,9,5
timeStep,numberOfRobotsOnBlackSite,numberOfRobotsOnWhiteSite
431,9,5
timeStep,numberOfRobotsOnBlackSite,numberOfRobotsOnWhiteSite
432,9,5
timeStep,numberOfRobotsOnBlackSite,numberOfRobotsOnWhiteSite
433,9,5
timeStep,numberOfRobotsOnBlackSite,numberOfRobotsOnWhiteSite
434,9,5
timeStep,numberOfRobotsOnBlackSite,numberOfRobotsOnWhiteSite
435,9,5
timeStep,numberOfRobotsOnBlackSite,numberOfRobotsOnWhiteSite
436,9,5
timeStep,numberOfRobotsOnBlackSite,numberOfRobotsOnWhiteSite
437,9,5
timeStep,numberOfRobotsOnBlackSite,numberOfRobotsOnWhiteSite
438,9,5
timeStep,numberOfRobotsOnBlackSite,numberOfRobotsOnWhiteSite
439,9,5
timeStep,numberOfRobotsOnBlackSite,numberOfRobotsOnWhiteSite
440,9,5
timeStep,numberOfRobotsOnBlackSite,numberOfRobotsOnWhiteSite
441,9,5
timeStep,numberOfRobotsOnBlackSite,numberOfRobotsOnWhiteSite
442,9,5
timeStep,numberOfRobotsOnBlackSite,numberOfRobotsOnWhiteSite
443,9,5
timeStep,numberOfRobotsOnBlackSite,numberOfRobotsOnWhiteSite
444,9,5
timeStep,numberOfRobotsOnBlackSite,numberOfRobotsOnWhiteSite
445,9,5
timeStep,numberOfRobotsOnBlackSite,numberOfRobotsOnWhiteSite
446,9,5
timeStep,numberOfRobotsOnBlackSite,numberOfRobotsOnWhiteSite
447,9,5
timeStep,numberOfRobotsOnBlackSite,numberOfRobotsOnWhiteSite
448,9,5
timeStep,numberOfRobotsOnBlackSite,numberOfRobotsOnWhiteSite
449,9,5
timeStep,numberOfRobotsOnBlackSite,numberOfRobotsOnWhiteSite
450,9,5
timeStep,numberOfRobotsOnBlackSite,numberOfRobotsOnWhiteSite
451,9,5
timeStep,numberOfRobotsOnBlackSite,numberOfRobotsOnWhiteSite
452,9,5
timeStep,numberOfRobotsOnBlackSite,numberOfRobotsOnWhiteSite
453,9,5
timeStep,numberOfRobotsOnBlackSite,numberOfRobotsOnWhiteSite
454,9,5
timeStep,numberOfRobotsOnBlackSite,numberOfRobotsOnWhiteSite
455,9,5
timeStep,numberOfRobotsOnBlackSite,numberOfRobotsOnWhiteSite
456,9,5
timeStep,numberOfRobotsOnBlackSite,numberOfRobotsOnWhiteSite
457,9,5
timeStep,numberOfRobotsOnBlackSite,numberOfRobotsOnWhiteSite
458,9,5
timeStep,numberOfRobotsOnBlackSite,numberOfRobotsOnWhiteSite
459,9,5
timeStep,numberOfRobotsOnBlackSite,numberOfRobotsOnWhiteSite
460,9,5
timeStep,numberOfRobotsOnBlackSite,numberOfRobotsOnWhiteSite
461,9,5
timeStep,numberOfRobotsOnBlackSite,numberOfRobotsOnWhiteSite
462,9,5
timeStep,numberOfRobotsOnBlackSite,numberOfRobotsOnWhiteSite
463,9,5
timeStep,numberOfRobotsOnBlackSite,numberOfRobotsOnWhiteSite
464,9,5
timeStep,numberOfRobotsOnBlackSite,numberOfRobotsOnWhiteSite
465,9,5
timeStep,numberOfRobotsOnBlackSite,numberOfRobotsOnWhiteSite
466,9,5
timeStep,numberOfRobotsOnBlackSite,numberOfRobotsOnWhiteSite
467,9,5
timeStep,numberOfRobotsOnBlackSite,numberOfRobotsOnWhiteSite
468,9,5
timeStep,numberOfRobotsOnBlackSite,numberOfRobotsOnWhiteSite
469,9,5
timeStep,numberOfRobotsOnBlackSite,numberOfRobotsOnWhiteSite
470,9,5
timeStep,numberOfRobotsOnBlackSite,numberOfRobotsOnWhiteSite
471,9,5
timeStep,numberOfRobotsOnBlackSite,numberOfRobotsOnWhiteSite
472,9,5
timeStep,numberOfRobotsOnBlackSite,numberOfRobotsOnWhiteSite
473,9,5
timeStep,numberOfRobotsOnBlackSite,numberOfRobotsOnWhiteSite
474,9,5
timeStep,numberOfRobotsOnBlackSite,numberOfRobotsOnWhiteSite
475,8,5
timeStep,numberOfRobotsOnBlackSite,numberOfRobotsOnWhiteSite
476,8,5
timeStep,numberOfRobotsOnBlackSite,numberOfRobotsOnWhiteSite
477,8,5
timeStep,numberOfRobotsOnBlackSite,numberOfRobotsOnWhiteSite
478,8,5
timeStep,numberOfRobotsOnBlackSite,numberOfRobotsOnWhiteSite
479,8,5
timeStep,numberOfRobotsOnBlackSite,numberOfRobotsOnWhiteSite
480,8,5
timeStep,numberOfRobotsOnBlackSite,numberOfRobotsOnWhiteSite
481,8,5
timeStep,numberOfRobotsOnBlackSite,numberOfRobotsOnWhiteSite
482,8,5
timeStep,numberOfRobotsOnBlackSite,numberOfRobotsOnWhiteSite
483,8,5
timeStep,numberOfRobotsOnBlackSite,numberOfRobotsOnWhiteSite
484,8,5
timeStep,numberOfRobotsOnBlackSite,numberOfRobotsOnWhiteSite
485,8,5
timeStep,numberOfRobotsOnBlackSite,numberOfRobotsOnWhiteSite
486,8,5
timeStep,numberOfRobotsOnBlackSite,numberOfRobotsOnWhiteSite
487,8,5
timeStep,numberOfRobotsOnBlackSite,numberOfRobotsOnWhiteSite
488,8,5
timeStep,numberOfRobotsOnBlackSite,numberOfRobotsOnWhiteSite
489,8,5
timeStep,numberOfRobotsOnBlackSite,numberOfRobotsOnWhiteSite
490,8,5
timeStep,numberOfRobotsOnBlackSite,numberOfRobotsOnWhiteSite
491,8,5
timeStep,numberOfRobotsOnBlackSite,numberOfRobotsOnWhiteSite
492,8,5
timeStep,numberOfRobotsOnBlackSite,numberOfRobotsOnWhiteSite
493,8,5
timeStep,numberOfRobotsOnBlackSite,numberOfRobotsOnWhiteSite
494,8,5
timeStep,numberOfRobotsOnBlackSite,numberOfRobotsOnWhiteSite
495,8,5
timeStep,numberOfRobotsOnBlackSite,numberOfRobotsOnWhiteSite
496,8,5
timeStep,numberOfRobotsOnBlackSite,numberOfRobotsOnWhiteSite
497,8,5
timeStep,numberOfRobotsOnBlackSite,numberOfRobotsOnWhiteSite
498,8,5
timeStep,numberOfRobotsOnBlackSite,numberOfRobotsOnWhiteSite
499,8,5
timeStep,numberOfRobotsOnBlackSite,numberOfRobotsOnWhiteSite
500,8,5
timeStep,numberOfRobotsOnBlackSite,numberOfRobotsOnWhiteSite
501,8,5
timeStep,numberOfRobotsOnBlackSite,numberOfRobotsOnWhiteSite
502,8,5
timeStep,numberOfRobotsOnBlackSite,numberOfRobotsOnWhiteSite
503,8,5
timeStep,numberOfRobotsOnBlackSite,numberOfRobotsOnWhiteSite
504,8,5
timeStep,numberOfRobotsOnBlackSite,numberOfRobotsOnWhiteSite
505,8,5
timeStep,numberOfRobotsOnBlackSite,numberOfRobotsOnWhiteSite
506,8,5
timeStep,numberOfRobotsOnBlackSite,numberOfRobotsOnWhiteSite
507,8,5
timeStep,numberOfRobotsOnBlackSite,numberOfRobotsOnWhiteSite
508,8,5
timeStep,numberOfRobotsOnBlackSite,numberOfRobotsOnWhiteSite
509,8,5
timeStep,numberOfRobotsOnBlackSite,numberOfRobotsOnWhiteSite
510,8,5
timeStep,numberOfRobotsOnBlackSite,numberOfRobotsOnWhiteSite
511,8,5
timeStep,numberOfRobotsOnBlackSite,numberOfRobotsOnWhiteSite
512,8,5
timeStep,numberOfRobotsOnBlackSite,numberOfRobotsOnWhiteSite
513,8,5
timeStep,numberOfRobotsOnBlackSite,numberOfRobotsOnWhiteSite
514,8,5
timeStep,numberOfRobotsOnBlackSite,numberOfRobotsOnWhiteSite
515,8,5
timeStep,numberOfRobotsOnBlackSite,numberOfRobotsOnWhiteSite
516,8,5
timeStep,numberOfRobotsOnBlackSite,numberOfRobotsOnWhiteSite
517,8,5
timeStep,numberOfRobotsOnBlackSite,numberOfRobotsOnWhiteSite
518,8,5
timeStep,numberOfRobotsOnBlackSite,numberOfRobotsOnWhiteSite
519,8,5
timeStep,numberOfRobotsOnBlackSite,numberOfRobotsOnWhiteSite
520,7,4
timeStep,numberOfRobotsOnBlackSite,numberOfRobotsOnWhiteSite
521,7,4
timeStep,numberOfRobotsOnBlackSite,numberOfRobotsOnWhiteSite
522,7,4
timeStep,numberOfRobotsOnBlackSite,numberOfRobotsOnWhiteSite
523,7,4
timeStep,numberOfRobotsOnBlackSite,numberOfRobotsOnWhiteSite
524,7,4
timeStep,numberOfRobotsOnBlackSite,numberOfRobotsOnWhiteSite
525,7,4
timeStep,numberOfRobotsOnBlackSite,numberOfRobotsOnWhiteSite
526,7,4
timeStep,numberOfRobotsOnBlackSite,numberOfRobotsOnWhiteSite
527,7,4
timeStep,numberOfRobotsOnBlackSite,numberOfRobotsOnWhiteSite
528,7,4
timeStep,numberOfRobotsOnBlackSite,numberOfRobotsOnWhiteSite
529,7,4
timeStep,numberOfRobotsOnBlackSite,numberOfRobotsOnWhiteSite
530,8,5
timeStep,numberOfRobotsOnBlackSite,numberOfRobotsOnWhiteSite
531,8,5
timeStep,numberOfRobotsOnBlackSite,numberOfRobotsOnWhiteSite
532,8,5
timeStep,numberOfRobotsOnBlackSite,numberOfRobotsOnWhiteSite
533,8,5
timeStep,numberOfRobotsOnBlackSite,numberOfRobotsOnWhiteSite
534,8,5
timeStep,numberOfRobotsOnBlackSite,numberOfRobotsOnWhiteSite
535,8,5
timeStep,numberOfRobotsOnBlackSite,numberOfRobotsOnWhiteSite
536,8,5
timeStep,numberOfRobotsOnBlackSite,numberOfRobotsOnWhiteSite
537,8,5
timeStep,numberOfRobotsOnBlackSite,numberOfRobotsOnWhiteSite
538,8,5
timeStep,numberOfRobotsOnBlackSite,numberOfRobotsOnWhiteSite
539,8,5
timeStep,numberOfRobotsOnBlackSite,numberOfRobotsOnWhiteSite
540,8,5
timeStep,numberOfRobotsOnBlackSite,numberOfRobotsOnWhiteSite
541,8,5
timeStep,numberOfRobotsOnBlackSite,numberOfRobotsOnWhiteSite
542,8,5
timeStep,numberOfRobotsOnBlackSite,numberOfRobotsOnWhiteSite
543,8,5
timeStep,numberOfRobotsOnBlackSite,numberOfRobotsOnWhiteSite
544,8,5
timeStep,numberOfRobotsOnBlackSite,numberOfRobotsOnWhiteSite
545,8,5
timeStep,numberOfRobotsOnBlackSite,numberOfRobotsOnWhiteSite
546,8,5
timeStep,numberOfRobotsOnBlackSite,numberOfRobotsOnWhiteSite
547,8,5
timeStep,numberOfRobotsOnBlackSite,numberOfRobotsOnWhiteSite
548,8,5
timeStep,numberOfRobotsOnBlackSite,numberOfRobotsOnWhiteSite
549,8,5
timeStep,numberOfRobotsOnBlackSite,numberOfRobotsOnWhiteSite
550,8,5
timeStep,numberOfRobotsOnBlackSite,numberOfRobotsOnWhiteSite
551,8,5
timeStep,numberOfRobotsOnBlackSite,numberOfRobotsOnWhiteSite
552,8,5
timeStep,numberOfRobotsOnBlackSite,numberOfRobotsOnWhiteSite
553,8,5
timeStep,numberOfRobotsOnBlackSite,numberOfRobotsOnWhiteSite
554,8,5
timeStep,numberOfRobotsOnBlackSite,numberOfRobotsOnWhiteSite
555,7,5
timeStep,numberOfRobotsOnBlackSite,numberOfRobotsOnWhiteSite
556,7,5
timeStep,numberOfRobotsOnBlackSite,numberOfRobotsOnWhiteSite
557,7,5
timeStep,numberOfRobotsOnBlackSite,numberOfRobotsOnWhiteSite
558,7,5
timeStep,numberOfRobotsOnBlackSite,numberOfRobotsOnWhiteSite
559,7,5
timeStep,numberOfRobotsOnBlackSite,numberOfRobotsOnWhiteSite
560,7,5
timeStep,numberOfRobotsOnBlackSite,numberOfRobotsOnWhiteSite
561,7,5
timeStep,numberOfRobotsOnBlackSite,numberOfRobotsOnWhiteSite
562,7,5
timeStep,numberOfRobotsOnBlackSite,numberOfRobotsOnWhiteSite
563,7,5
timeStep,numberOfRobotsOnBlackSite,numberOfRobotsOnWhiteSite
564,7,5
timeStep,numberOfRobotsOnBlackSite,numberOfRobotsOnWhiteSite
565,7,5
timeStep,numberOfRobotsOnBlackSite,numberOfRobotsOnWhiteSite
566,7,5
timeStep,numberOfRobotsOnBlackSite,numberOfRobotsOnWhiteSite
567,7,5
timeStep,numberOfRobotsOnBlackSite,numberOfRobotsOnWhiteSite
568,7,5
timeStep,numberOfRobotsOnBlackSite,numberOfRobotsOnWhiteSite
569,7,5
timeStep,numberOfRobotsOnBlackSite,numberOfRobotsOnWhiteSite
570,7,5
timeStep,numberOfRobotsOnBlackSite,numberOfRobotsOnWhiteSite
571,7,5
timeStep,numberOfRobotsOnBlackSite,numberOfRobotsOnWhiteSite
572,7,5
timeStep,numberOfRobotsOnBlackSite,numberOfRobotsOnWhiteSite
573,7,5
timeStep,numberOfRobotsOnBlackSite,numberOfRobotsOnWhiteSite
574,7,5
timeStep,numberOfRobotsOnBlackSite,numberOfRobotsOnWhiteSite
575,7,6
timeStep,numberOfRobotsOnBlackSite,numberOfRobotsOnWhiteSite
576,7,6
timeStep,numberOfRobotsOnBlackSite,numberOfRobotsOnWhiteSite
577,7,6
timeStep,numberOfRobotsOnBlackSite,numberOfRobotsOnWhiteSite
578,7,6
timeStep,numberOfRobotsOnBlackSite,numberOfRobotsOnWhiteSite
579,7,6
timeStep,numberOfRobotsOnBlackSite,numberOfRobotsOnWhiteSite
580,7,6
timeStep,numberOfRobotsOnBlackSite,numberOfRobotsOnWhiteSite
581,7,6
timeStep,numberOfRobotsOnBlackSite,numberOfRobotsOnWhiteSite
582,7,6
timeStep,numberOfRobotsOnBlackSite,numberOfRobotsOnWhiteSite
583,7,6
timeStep,numberOfRobotsOnBlackSite,numberOfRobotsOnWhiteSite
584,7,6
timeStep,numberOfRobotsOnBlackSite,numberOfRobotsOnWhiteSite
585,8,6
timeStep,numberOfRobotsOnBlackSite,numberOfRobotsOnWhiteSite
586,8,6
timeStep,numberOfRobotsOnBlackSite,numberOfRobotsOnWhiteSite
587,8,6
timeStep,numberOfRobotsOnBlackSite,numberOfRobotsOnWhiteSite
588,8,6
timeStep,numberOfRobotsOnBlackSite,numberOfRobotsOnWhiteSite
589,8,6
timeStep,numberOfRobotsOnBlackSite,numberOfRobotsOnWhiteSite
590,8,6
timeStep,numberOfRobotsOnBlackSite,numberOfRobotsOnWhiteSite
591,8,6
timeStep,numberOfRobotsOnBlackSite,numberOfRobotsOnWhiteSite
592,8,6
timeStep,numberOfRobotsOnBlackSite,numberOfRobotsOnWhiteSite
593,8,6
timeStep,numberOfRobotsOnBlackSite,numberOfRobotsOnWhiteSite
594,8,6
timeStep,numberOfRobotsOnBlackSite,numberOfRobotsOnWhiteSite
595,8,6
timeStep,numberOfRobotsOnBlackSite,numberOfRobotsOnWhiteSite
596,8,6
timeStep,numberOfRobotsOnBlackSite,numberOfRobotsOnWhiteSite
597,8,6
timeStep,numberOfRobotsOnBlackSite,numberOfRobotsOnWhiteSite
598,8,6
timeStep,numberOfRobotsOnBlackSite,numberOfRobotsOnWhiteSite
599,8,6
timeStep,numberOfRobotsOnBlackSite,numberOfRobotsOnWhiteSite
600,8,6
timeStep,numberOfRobotsOnBlackSite,numberOfRobotsOnWhiteSite
601,8,6
timeStep,numberOfRobotsOnBlackSite,numberOfRobotsOnWhiteSite
602,8,6
timeStep,numberOfRobotsOnBlackSite,numberOfRobotsOnWhiteSite
603,8,6
timeStep,numberOfRobotsOnBlackSite,numberOfRobotsOnWhiteSite
604,8,6
timeStep,numberOfRobotsOnBlackSite,numberOfRobotsOnWhiteSite
605,8,6
timeStep,numberOfRobotsOnBlackSite,numberOfRobotsOnWhiteSite
606,8,6
timeStep,numberOfRobotsOnBlackSite,numberOfRobotsOnWhiteSite
607,8,6
timeStep,numberOfRobotsOnBlackSite,numberOfRobotsOnWhiteSite
608,8,6
timeStep,numberOfRobotsOnBlackSite,numberOfRobotsOnWhiteSite
609,8,6
timeStep,numberOfRobotsOnBlackSite,numberOfRobotsOnWhiteSite
610,7,6
timeStep,numberOfRobotsOnBlackSite,numberOfRobotsOnWhiteSite
611,7,6
timeStep,numberOfRobotsOnBlackSite,numberOfRobotsOnWhiteSite
612,7,6
timeStep,numberOfRobotsOnBlackSite,numberOfRobotsOnWhiteSite
613,7,6
timeStep,numberOfRobotsOnBlackSite,numberOfRobotsOnWhiteSite
614,7,6
timeStep,numberOfRobotsOnBlackSite,numberOfRobotsOnWhiteSite
615,7,6
timeStep,numberOfRobotsOnBlackSite,numberOfRobotsOnWhiteSite
616,7,6
timeStep,numberOfRobotsOnBlackSite,numberOfRobotsOnWhiteSite
617,7,6
timeStep,numberOfRobotsOnBlackSite,numberOfRobotsOnWhiteSite
618,7,6
timeStep,numberOfRobotsOnBlackSite,numberOfRobotsOnWhiteSite
619,7,6
timeStep,numberOfRobotsOnBlackSite,numberOfRobotsOnWhiteSite
620,6,5
timeStep,numberOfRobotsOnBlackSite,numberOfRobotsOnWhiteSite
621,6,5
timeStep,numberOfRobotsOnBlackSite,numberOfRobotsOnWhiteSite
622,6,5
timeStep,numberOfRobotsOnBlackSite,numberOfRobotsOnWhiteSite
623,6,5
timeStep,numberOfRobotsOnBlackSite,numberOfRobotsOnWhiteSite
624,6,5
timeStep,numberOfRobotsOnBlackSite,numberOfRobotsOnWhiteSite
625,6,5
timeStep,numberOfRobotsOnBlackSite,numberOfRobotsOnWhiteSite
626,6,5
timeStep,numberOfRobotsOnBlackSite,numberOfRobotsOnWhiteSite
627,6,5
timeStep,numberOfRobotsOnBlackSite,numberOfRobotsOnWhiteSite
628,6,5
timeStep,numberOfRobotsOnBlackSite,numberOfRobotsOnWhiteSite
629,6,5
timeStep,numberOfRobotsOnBlackSite,numberOfRobotsOnWhiteSite
630,6,5
timeStep,numberOfRobotsOnBlackSite,numberOfRobotsOnWhiteSite
631,6,5
timeStep,numberOfRobotsOnBlackSite,numberOfRobotsOnWhiteSite
632,6,5
timeStep,numberOfRobotsOnBlackSite,numberOfRobotsOnWhiteSite
633,6,5
timeStep,numberOfRobotsOnBlackSite,numberOfRobotsOnWhiteSite
634,6,5
timeStep,numberOfRobotsOnBlackSite,numberOfRobotsOnWhiteSite
635,6,5
timeStep,numberOfRobotsOnBlackSite,numberOfRobotsOnWhiteSite
636,6,5
timeStep,numberOfRobotsOnBlackSite,numberOfRobotsOnWhiteSite
637,6,5
timeStep,numberOfRobotsOnBlackSite,numberOfRobotsOnWhiteSite
638,6,5
timeStep,numberOfRobotsOnBlackSite,numberOfRobotsOnWhiteSite
639,6,5
timeStep,numberOfRobotsOnBlackSite,numberOfRobotsOnWhiteSite
640,6,6
timeStep,numberOfRobotsOnBlackSite,numberOfRobotsOnWhiteSite
641,6,6
timeStep,numberOfRobotsOnBlackSite,numberOfRobotsOnWhiteSite
642,6,6
timeStep,numberOfRobotsOnBlackSite,numberOfRobotsOnWhiteSite
643,6,6
timeStep,numberOfRobotsOnBlackSite,numberOfRobotsOnWhiteSite
644,6,6
timeStep,numberOfRobotsOnBlackSite,numberOfRobotsOnWhiteSite
645,6,6
timeStep,numberOfRobotsOnBlackSite,numberOfRobotsOnWhiteSite
646,6,6
timeStep,numberOfRobotsOnBlackSite,numberOfRobotsOnWhiteSite
647,6,6
timeStep,numberOfRobotsOnBlackSite,numberOfRobotsOnWhiteSite
648,6,6
timeStep,numberOfRobotsOnBlackSite,numberOfRobotsOnWhiteSite
649,6,6
timeStep,numberOfRobotsOnBlackSite,numberOfRobotsOnWhiteSite
650,6,6
timeStep,numberOfRobotsOnBlackSite,numberOfRobotsOnWhiteSite
651,6,6
timeStep,numberOfRobotsOnBlackSite,numberOfRobotsOnWhiteSite
652,6,6
timeStep,numberOfRobotsOnBlackSite,numberOfRobotsOnWhiteSite
653,6,6
timeStep,numberOfRobotsOnBlackSite,numberOfRobotsOnWhiteSite
654,6,6
timeStep,numberOfRobotsOnBlackSite,numberOfRobotsOnWhiteSite
655,6,6
timeStep,numberOfRobotsOnBlackSite,numberOfRobotsOnWhiteSite
656,6,6
timeStep,numberOfRobotsOnBlackSite,numberOfRobotsOnWhiteSite
657,6,6
timeStep,numberOfRobotsOnBlackSite,numberOfRobotsOnWhiteSite
658,6,6
timeStep,numberOfRobotsOnBlackSite,numberOfRobotsOnWhiteSite
659,6,6
timeStep,numberOfRobotsOnBlackSite,numberOfRobotsOnWhiteSite
660,6,6
timeStep,numberOfRobotsOnBlackSite,numberOfRobotsOnWhiteSite
661,6,6
timeStep,numberOfRobotsOnBlackSite,numberOfRobotsOnWhiteSite
662,6,6
timeStep,numberOfRobotsOnBlackSite,numberOfRobotsOnWhiteSite
663,6,6
timeStep,numberOfRobotsOnBlackSite,numberOfRobotsOnWhiteSite
664,6,6
timeStep,numberOfRobotsOnBlackSite,numberOfRobotsOnWhiteSite
665,6,6
timeStep,numberOfRobotsOnBlackSite,numberOfRobotsOnWhiteSite
666,6,6
timeStep,numberOfRobotsOnBlackSite,numberOfRobotsOnWhiteSite
667,6,6
timeStep,numberOfRobotsOnBlackSite,numberOfRobotsOnWhiteSite
668,6,6
timeStep,numberOfRobotsOnBlackSite,numberOfRobotsOnWhiteSite
669,6,6
timeStep,numberOfRobotsOnBlackSite,numberOfRobotsOnWhiteSite
670,6,6
timeStep,numberOfRobotsOnBlackSite,numberOfRobotsOnWhiteSite
671,6,6
timeStep,numberOfRobotsOnBlackSite,numberOfRobotsOnWhiteSite
672,6,6
timeStep,numberOfRobotsOnBlackSite,numberOfRobotsOnWhiteSite
673,6,6
timeStep,numberOfRobotsOnBlackSite,numberOfRobotsOnWhiteSite
674,6,6
timeStep,numberOfRobotsOnBlackSite,numberOfRobotsOnWhiteSite
675,6,6
timeStep,numberOfRobotsOnBlackSite,numberOfRobotsOnWhiteSite
676,6,6
timeStep,numberOfRobotsOnBlackSite,numberOfRobotsOnWhiteSite
677,6,6
timeStep,numberOfRobotsOnBlackSite,numberOfRobotsOnWhiteSite
678,6,6
timeStep,numberOfRobotsOnBlackSite,numberOfRobotsOnWhiteSite
679,6,6
timeStep,numberOfRobotsOnBlackSite,numberOfRobotsOnWhiteSite
680,6,6
timeStep,numberOfRobotsOnBlackSite,numberOfRobotsOnWhiteSite
681,6,6
timeStep,numberOfRobotsOnBlackSite,numberOfRobotsOnWhiteSite
682,6,6
timeStep,numberOfRobotsOnBlackSite,numberOfRobotsOnWhiteSite
683,6,6
timeStep,numberOfRobotsOnBlackSite,numberOfRobotsOnWhiteSite
684,6,6
timeStep,numberOfRobotsOnBlackSite,numberOfRobotsOnWhiteSite
685,6,6
timeStep,numberOfRobotsOnBlackSite,numberOfRobotsOnWhiteSite
686,6,6
timeStep,numberOfRobotsOnBlackSite,numberOfRobotsOnWhiteSite
687,6,6
timeStep,numberOfRobotsOnBlackSite,numberOfRobotsOnWhiteSite
688,6,6
timeStep,numberOfRobotsOnBlackSite,numberOfRobotsOnWhiteSite
689,6,6
timeStep,numberOfRobotsOnBlackSite,numberOfRobotsOnWhiteSite
690,6,6
timeStep,numberOfRobotsOnBlackSite,numberOfRobotsOnWhiteSite
691,6,6
timeStep,numberOfRobotsOnBlackSite,numberOfRobotsOnWhiteSite
692,6,6
timeStep,numberOfRobotsOnBlackSite,numberOfRobotsOnWhiteSite
693,6,6
timeStep,numberOfRobotsOnBlackSite,numberOfRobotsOnWhiteSite
694,6,6
timeStep,numberOfRobotsOnBlackSite,numberOfRobotsOnWhiteSite
695,6,6
timeStep,numberOfRobotsOnBlackSite,numberOfRobotsOnWhiteSite
696,6,6
timeStep,numberOfRobotsOnBlackSite,numberOfRobotsOnWhiteSite
697,6,6
timeStep,numberOfRobotsOnBlackSite,numberOfRobotsOnWhiteSite
698,6,6
timeStep,numberOfRobotsOnBlackSite,numberOfRobotsOnWhiteSite
699,6,6
timeStep,numberOfRobotsOnBlackSite,numberOfRobotsOnWhiteSite
700,6,6
timeStep,numberOfRobotsOnBlackSite,numberOfRobotsOnWhiteSite
701,6,6
timeStep,numberOfRobotsOnBlackSite,numberOfRobotsOnWhiteSite
702,6,6
timeStep,numberOfRobotsOnBlackSite,numberOfRobotsOnWhiteSite
703,6,6
timeStep,numberOfRobotsOnBlackSite,numberOfRobotsOnWhiteSite
704,6,6
timeStep,numberOfRobotsOnBlackSite,numberOfRobotsOnWhiteSite
705,6,6
timeStep,numberOfRobotsOnBlackSite,numberOfRobotsOnWhiteSite
706,6,6
timeStep,numberOfRobotsOnBlackSite,numberOfRobotsOnWhiteSite
707,6,6
timeStep,numberOfRobotsOnBlackSite,numberOfRobotsOnWhiteSite
708,6,6
timeStep,numberOfRobotsOnBlackSite,numberOfRobotsOnWhiteSite
709,6,6
timeStep,numberOfRobotsOnBlackSite,numberOfRobotsOnWhiteSite
710,6,5
timeStep,numberOfRobotsOnBlackSite,numberOfRobotsOnWhiteSite
711,6,5
timeStep,numberOfRobotsOnBlackSite,numberOfRobotsOnWhiteSite
712,6,5
timeStep,numberOfRobotsOnBlackSite,numberOfRobotsOnWhiteSite
713,6,5
timeStep,numberOfRobotsOnBlackSite,numberOfRobotsOnWhiteSite
714,6,5
timeStep,numberOfRobotsOnBlackSite,numberOfRobotsOnWhiteSite
715,6,5
timeStep,numberOfRobotsOnBlackSite,numberOfRobotsOnWhiteSite
716,6,5
timeStep,numberOfRobotsOnBlackSite,numberOfRobotsOnWhiteSite
717,6,5
timeStep,numberOfRobotsOnBlackSite,numberOfRobotsOnWhiteSite
718,6,5
timeStep,numberOfRobotsOnBlackSite,numberOfRobotsOnWhiteSite
719,6,5
timeStep,numberOfRobotsOnBlackSite,numberOfRobotsOnWhiteSite
720,6,4
timeStep,numberOfRobotsOnBlackSite,numberOfRobotsOnWhiteSite
721,6,4
timeStep,numberOfRobotsOnBlackSite,numberOfRobotsOnWhiteSite
722,6,4
timeStep,numberOfRobotsOnBlackSite,numberOfRobotsOnWhiteSite
723,6,4
timeStep,numberOfRobotsOnBlackSite,numberOfRobotsOnWhiteSite
724,6,4
timeStep,numberOfRobotsOnBlackSite,numberOfRobotsOnWhiteSite
725,6,3
timeStep,numberOfRobotsOnBlackSite,numberOfRobotsOnWhiteSite
726,6,3
timeStep,numberOfRobotsOnBlackSite,numberOfRobotsOnWhiteSite
727,6,3
timeStep,numberOfRobotsOnBlackSite,numberOfRobotsOnWhiteSite
728,6,3
timeStep,numberOfRobotsOnBlackSite,numberOfRobotsOnWhiteSite
729,6,3
timeStep,numberOfRobotsOnBlackSite,numberOfRobotsOnWhiteSite
730,6,3
timeStep,numberOfRobotsOnBlackSite,numberOfRobotsOnWhiteSite
731,6,3
timeStep,numberOfRobotsOnBlackSite,numberOfRobotsOnWhiteSite
732,6,3
timeStep,numberOfRobotsOnBlackSite,numberOfRobotsOnWhiteSite
733,6,3
timeStep,numberOfRobotsOnBlackSite,numberOfRobotsOnWhiteSite
734,6,3
timeStep,numberOfRobotsOnBlackSite,numberOfRobotsOnWhiteSite
735,6,3
timeStep,numberOfRobotsOnBlackSite,numberOfRobotsOnWhiteSite
736,6,3
timeStep,numberOfRobotsOnBlackSite,numberOfRobotsOnWhiteSite
737,6,3
timeStep,numberOfRobotsOnBlackSite,numberOfRobotsOnWhiteSite
738,6,3
timeStep,numberOfRobotsOnBlackSite,numberOfRobotsOnWhiteSite
739,6,3
timeStep,numberOfRobotsOnBlackSite,numberOfRobotsOnWhiteSite
740,6,3
timeStep,numberOfRobotsOnBlackSite,numberOfRobotsOnWhiteSite
741,6,3
timeStep,numberOfRobotsOnBlackSite,numberOfRobotsOnWhiteSite
742,6,3
timeStep,numberOfRobotsOnBlackSite,numberOfRobotsOnWhiteSite
743,6,3
timeStep,numberOfRobotsOnBlackSite,numberOfRobotsOnWhiteSite
744,6,3
timeStep,numberOfRobotsOnBlackSite,numberOfRobotsOnWhiteSite
745,7,3
timeStep,numberOfRobotsOnBlackSite,numberOfRobotsOnWhiteSite
746,7,3
timeStep,numberOfRobotsOnBlackSite,numberOfRobotsOnWhiteSite
747,7,3
timeStep,numberOfRobotsOnBlackSite,numberOfRobotsOnWhiteSite
748,7,3
timeStep,numberOfRobotsOnBlackSite,numberOfRobotsOnWhiteSite
749,7,3
timeStep,numberOfRobotsOnBlackSite,numberOfRobotsOnWhiteSite
750,7,4
timeStep,numberOfRobotsOnBlackSite,numberOfRobotsOnWhiteSite
751,7,4
timeStep,numberOfRobotsOnBlackSite,numberOfRobotsOnWhiteSite
752,7,4
timeStep,numberOfRobotsOnBlackSite,numberOfRobotsOnWhiteSite
753,7,4
timeStep,numberOfRobotsOnBlackSite,numberOfRobotsOnWhiteSite
754,7,4
timeStep,numberOfRobotsOnBlackSite,numberOfRobotsOnWhiteSite
755,7,4
timeStep,numberOfRobotsOnBlackSite,numberOfRobotsOnWhiteSite
756,7,4
timeStep,numberOfRobotsOnBlackSite,numberOfRobotsOnWhiteSite
757,7,4
timeStep,numberOfRobotsOnBlackSite,numberOfRobotsOnWhiteSite
758,7,4
timeStep,numberOfRobotsOnBlackSite,numberOfRobotsOnWhiteSite
759,7,4
timeStep,numberOfRobotsOnBlackSite,numberOfRobotsOnWhiteSite
760,9,4
timeStep,numberOfRobotsOnBlackSite,numberOfRobotsOnWhiteSite
761,9,4
timeStep,numberOfRobotsOnBlackSite,numberOfRobotsOnWhiteSite
762,9,4
timeStep,numberOfRobotsOnBlackSite,numberOfRobotsOnWhiteSite
763,9,4
timeStep,numberOfRobotsOnBlackSite,numberOfRobotsOnWhiteSite
764,9,4
timeStep,numberOfRobotsOnBlackSite,numberOfRobotsOnWhiteSite
765,9,5
timeStep,numberOfRobotsOnBlackSite,numberOfRobotsOnWhiteSite
766,9,5
timeStep,numberOfRobotsOnBlackSite,numberOfRobotsOnWhiteSite
767,9,5
timeStep,numberOfRobotsOnBlackSite,numberOfRobotsOnWhiteSite
768,9,5
timeStep,numberOfRobotsOnBlackSite,numberOfRobotsOnWhiteSite
769,9,5
timeStep,numberOfRobotsOnBlackSite,numberOfRobotsOnWhiteSite
770,9,5
timeStep,numberOfRobotsOnBlackSite,numberOfRobotsOnWhiteSite
771,9,5
timeStep,numberOfRobotsOnBlackSite,numberOfRobotsOnWhiteSite
772,9,5
timeStep,numberOfRobotsOnBlackSite,numberOfRobotsOnWhiteSite
773,9,5
timeStep,numberOfRobotsOnBlackSite,numberOfRobotsOnWhiteSite
774,9,5
timeStep,numberOfRobotsOnBlackSite,numberOfRobotsOnWhiteSite
775,9,5
timeStep,numberOfRobotsOnBlackSite,numberOfRobotsOnWhiteSite
776,9,5
timeStep,numberOfRobotsOnBlackSite,numberOfRobotsOnWhiteSite
777,9,5
timeStep,numberOfRobotsOnBlackSite,numberOfRobotsOnWhiteSite
778,9,5
timeStep,numberOfRobotsOnBlackSite,numberOfRobotsOnWhiteSite
779,9,5
timeStep,numberOfRobotsOnBlackSite,numberOfRobotsOnWhiteSite
780,10,5
timeStep,numberOfRobotsOnBlackSite,numberOfRobotsOnWhiteSite
781,10,5
timeStep,numberOfRobotsOnBlackSite,numberOfRobotsOnWhiteSite
782,10,5
timeStep,numberOfRobotsOnBlackSite,numberOfRobotsOnWhiteSite
783,10,5
timeStep,numberOfRobotsOnBlackSite,numberOfRobotsOnWhiteSite
784,10,5
timeStep,numberOfRobotsOnBlackSite,numberOfRobotsOnWhiteSite
785,11,6
timeStep,numberOfRobotsOnBlackSite,numberOfRobotsOnWhiteSite
786,11,6
timeStep,numberOfRobotsOnBlackSite,numberOfRobotsOnWhiteSite
787,11,6
timeStep,numberOfRobotsOnBlackSite,numberOfRobotsOnWhiteSite
788,11,6
timeStep,numberOfRobotsOnBlackSite,numberOfRobotsOnWhiteSite
789,11,6
timeStep,numberOfRobotsOnBlackSite,numberOfRobotsOnWhiteSite
790,11,7
timeStep,numberOfRobotsOnBlackSite,numberOfRobotsOnWhiteSite
791,11,7
timeStep,numberOfRobotsOnBlackSite,numberOfRobotsOnWhiteSite
792,11,7
timeStep,numberOfRobotsOnBlackSite,numberOfRobotsOnWhiteSite
793,11,7
timeStep,numberOfRobotsOnBlackSite,numberOfRobotsOnWhiteSite
794,11,7
timeStep,numberOfRobotsOnBlackSite,numberOfRobotsOnWhiteSite
795,11,8
timeStep,numberOfRobotsOnBlackSite,numberOfRobotsOnWhiteSite
796,11,8
timeStep,numberOfRobotsOnBlackSite,numberOfRobotsOnWhiteSite
797,11,8
timeStep,numberOfRobotsOnBlackSite,numberOfRobotsOnWhiteSite
798,11,8
timeStep,numberOfRobotsOnBlackSite,numberOfRobotsOnWhiteSite
799,11,8
timeStep,numberOfRobotsOnBlackSite,numberOfRobotsOnWhiteSite
800,11,8
timeStep,numberOfRobotsOnBlackSite,numberOfRobotsOnWhiteSite
801,11,8
timeStep,numberOfRobotsOnBlackSite,numberOfRobotsOnWhiteSite
802,11,8
timeStep,numberOfRobotsOnBlackSite,numberOfRobotsOnWhiteSite
803,11,8
timeStep,numberOfRobotsOnBlackSite,numberOfRobotsOnWhiteSite
804,11,8
timeStep,numberOfRobotsOnBlackSite,numberOfRobotsOnWhiteSite
805,10,7
timeStep,numberOfRobotsOnBlackSite,numberOfRobotsOnWhiteSite
806,10,7
timeStep,numberOfRobotsOnBlackSite,numberOfRobotsOnWhiteSite
807,10,7
timeStep,numberOfRobotsOnBlackSite,numberOfRobotsOnWhiteSite
808,10,7
timeStep,numberOfRobotsOnBlackSite,numberOfRobotsOnWhiteSite
809,10,7
timeStep,numberOfRobotsOnBlackSite,numberOfRobotsOnWhiteSite
810,10,8
timeStep,numberOfRobotsOnBlackSite,numberOfRobotsOnWhiteSite
811,10,8
timeStep,numberOfRobotsOnBlackSite,numberOfRobotsOnWhiteSite
812,10,8
timeStep,numberOfRobotsOnBlackSite,numberOfRobotsOnWhiteSite
813,10,8
timeStep,numberOfRobotsOnBlackSite,numberOfRobotsOnWhiteSite
814,10,8
timeStep,numberOfRobotsOnBlackSite,numberOfRobotsOnWhiteSite
815,10,8
timeStep,numberOfRobotsOnBlackSite,numberOfRobotsOnWhiteSite
816,10,8
timeStep,numberOfRobotsOnBlackSite,numberOfRobotsOnWhiteSite
817,10,8
timeStep,numberOfRobotsOnBlackSite,numberOfRobotsOnWhiteSite
818,10,8
timeStep,numberOfRobotsOnBlackSite,numberOfRobotsOnWhiteSite
819,10,8
timeStep,numberOfRobotsOnBlackSite,numberOfRobotsOnWhiteSite
820,10,8
timeStep,numberOfRobotsOnBlackSite,numberOfRobotsOnWhiteSite
821,10,8
timeStep,numberOfRobotsOnBlackSite,numberOfRobotsOnWhiteSite
822,10,8
timeStep,numberOfRobotsOnBlackSite,numberOfRobotsOnWhiteSite
823,10,8
timeStep,numberOfRobotsOnBlackSite,numberOfRobotsOnWhiteSite
824,10,8
timeStep,numberOfRobotsOnBlackSite,numberOfRobotsOnWhiteSite
825,10,8
timeStep,numberOfRobotsOnBlackSite,numberOfRobotsOnWhiteSite
826,10,8
timeStep,numberOfRobotsOnBlackSite,numberOfRobotsOnWhiteSite
827,10,8
timeStep,numberOfRobotsOnBlackSite,numberOfRobotsOnWhiteSite
828,10,8
timeStep,numberOfRobotsOnBlackSite,numberOfRobotsOnWhiteSite
829,10,8
timeStep,numberOfRobotsOnBlackSite,numberOfRobotsOnWhiteSite
830,10,9
timeStep,numberOfRobotsOnBlackSite,numberOfRobotsOnWhiteSite
831,10,9
timeStep,numberOfRobotsOnBlackSite,numberOfRobotsOnWhiteSite
832,10,9
timeStep,numberOfRobotsOnBlackSite,numberOfRobotsOnWhiteSite
833,10,9
timeStep,numberOfRobotsOnBlackSite,numberOfRobotsOnWhiteSite
834,10,9
timeStep,numberOfRobotsOnBlackSite,numberOfRobotsOnWhiteSite
835,10,9
timeStep,numberOfRobotsOnBlackSite,numberOfRobotsOnWhiteSite
836,10,9
timeStep,numberOfRobotsOnBlackSite,numberOfRobotsOnWhiteSite
837,10,9
timeStep,numberOfRobotsOnBlackSite,numberOfRobotsOnWhiteSite
838,10,9
timeStep,numberOfRobotsOnBlackSite,numberOfRobotsOnWhiteSite
839,10,9
timeStep,numberOfRobotsOnBlackSite,numberOfRobotsOnWhiteSite
840,9,9
timeStep,numberOfRobotsOnBlackSite,numberOfRobotsOnWhiteSite
841,9,9
timeStep,numberOfRobotsOnBlackSite,numberOfRobotsOnWhiteSite
842,9,9
timeStep,numberOfRobotsOnBlackSite,numberOfRobotsOnWhiteSite
843,9,9
timeStep,numberOfRobotsOnBlackSite,numberOfRobotsOnWhiteSite
844,9,9
timeStep,numberOfRobotsOnBlackSite,numberOfRobotsOnWhiteSite
845,9,8
timeStep,numberOfRobotsOnBlackSite,numberOfRobotsOnWhiteSite
846,9,8
timeStep,numberOfRobotsOnBlackSite,numberOfRobotsOnWhiteSite
847,9,8
timeStep,numberOfRobotsOnBlackSite,numberOfRobotsOnWhiteSite
848,9,8
timeStep,numberOfRobotsOnBlackSite,numberOfRobotsOnWhiteSite
849,9,8
timeStep,numberOfRobotsOnBlackSite,numberOfRobotsOnWhiteSite
850,10,8
timeStep,numberOfRobotsOnBlackSite,numberOfRobotsOnWhiteSite
851,10,8
timeStep,numberOfRobotsOnBlackSite,numberOfRobotsOnWhiteSite
852,10,8
timeStep,numberOfRobotsOnBlackSite,numberOfRobotsOnWhiteSite
853,10,8
timeStep,numberOfRobotsOnBlackSite,numberOfRobotsOnWhiteSite
854,10,8
timeStep,numberOfRobotsOnBlackSite,numberOfRobotsOnWhiteSite
855,9,9
timeStep,numberOfRobotsOnBlackSite,numberOfRobotsOnWhiteSite
856,9,9
timeStep,numberOfRobotsOnBlackSite,numberOfRobotsOnWhiteSite
857,9,9
timeStep,numberOfRobotsOnBlackSite,numberOfRobotsOnWhiteSite
858,9,9
timeStep,numberOfRobotsOnBlackSite,numberOfRobotsOnWhiteSite
859,9,9
timeStep,numberOfRobotsOnBlackSite,numberOfRobotsOnWhiteSite
860,9,9
timeStep,numberOfRobotsOnBlackSite,numberOfRobotsOnWhiteSite
861,9,9
timeStep,numberOfRobotsOnBlackSite,numberOfRobotsOnWhiteSite
862,9,9
timeStep,numberOfRobotsOnBlackSite,numberOfRobotsOnWhiteSite
863,9,9
timeStep,numberOfRobotsOnBlackSite,numberOfRobotsOnWhiteSite
864,9,9
timeStep,numberOfRobotsOnBlackSite,numberOfRobotsOnWhiteSite
865,9,9
timeStep,numberOfRobotsOnBlackSite,numberOfRobotsOnWhiteSite
866,9,9
timeStep,numberOfRobotsOnBlackSite,numberOfRobotsOnWhiteSite
867,9,9
timeStep,numberOfRobotsOnBlackSite,numberOfRobotsOnWhiteSite
868,9,9
timeStep,numberOfRobotsOnBlackSite,numberOfRobotsOnWhiteSite
869,9,9
timeStep,numberOfRobotsOnBlackSite,numberOfRobotsOnWhiteSite
870,10,9
timeStep,numberOfRobotsOnBlackSite,numberOfRobotsOnWhiteSite
871,10,9
timeStep,numberOfRobotsOnBlackSite,numberOfRobotsOnWhiteSite
872,10,9
timeStep,numberOfRobotsOnBlackSite,numberOfRobotsOnWhiteSite
873,10,9
timeStep,numberOfRobotsOnBlackSite,numberOfRobotsOnWhiteSite
874,10,9
timeStep,numberOfRobotsOnBlackSite,numberOfRobotsOnWhiteSite
875,10,9
timeStep,numberOfRobotsOnBlackSite,numberOfRobotsOnWhiteSite
876,10,9
timeStep,numberOfRobotsOnBlackSite,numberOfRobotsOnWhiteSite
877,10,9
timeStep,numberOfRobotsOnBlackSite,numberOfRobotsOnWhiteSite
878,10,9
timeStep,numberOfRobotsOnBlackSite,numberOfRobotsOnWhiteSite
879,10,9
timeStep,numberOfRobotsOnBlackSite,numberOfRobotsOnWhiteSite
880,9,9
timeStep,numberOfRobotsOnBlackSite,numberOfRobotsOnWhiteSite
881,9,9
timeStep,numberOfRobotsOnBlackSite,numberOfRobotsOnWhiteSite
882,9,9
timeStep,numberOfRobotsOnBlackSite,numberOfRobotsOnWhiteSite
883,9,9
timeStep,numberOfRobotsOnBlackSite,numberOfRobotsOnWhiteSite
884,9,9
timeStep,numberOfRobotsOnBlackSite,numberOfRobotsOnWhiteSite
885,9,9
timeStep,numberOfRobotsOnBlackSite,numberOfRobotsOnWhiteSite
886,9,9
timeStep,numberOfRobotsOnBlackSite,numberOfRobotsOnWhiteSite
887,9,9
timeStep,numberOfRobotsOnBlackSite,numberOfRobotsOnWhiteSite
888,9,9
timeStep,numberOfRobotsOnBlackSite,numberOfRobotsOnWhiteSite
889,9,9
timeStep,numberOfRobotsOnBlackSite,numberOfRobotsOnWhiteSite
890,9,10
timeStep,numberOfRobotsOnBlackSite,numberOfRobotsOnWhiteSite
891,9,10
timeStep,numberOfRobotsOnBlackSite,numberOfRobotsOnWhiteSite
892,9,10
timeStep,numberOfRobotsOnBlackSite,numberOfRobotsOnWhiteSite
893,9,10
timeStep,numberOfRobotsOnBlackSite,numberOfRobotsOnWhiteSite
894,9,10
timeStep,numberOfRobotsOnBlackSite,numberOfRobotsOnWhiteSite
895,9,10
timeStep,numberOfRobotsOnBlackSite,numberOfRobotsOnWhiteSite
896,9,10
timeStep,numberOfRobotsOnBlackSite,numberOfRobotsOnWhiteSite
897,9,10
timeStep,numberOfRobotsOnBlackSite,numberOfRobotsOnWhiteSite
898,9,10
timeStep,numberOfRobotsOnBlackSite,numberOfRobotsOnWhiteSite
899,9,10
timeStep,numberOfRobotsOnBlackSite,numberOfRobotsOnWhiteSite
900,10,10
timeStep,numberOfRobotsOnBlackSite,numberOfRobotsOnWhiteSite
901,10,10
timeStep,numberOfRobotsOnBlackSite,numberOfRobotsOnWhiteSite
902,10,10
timeStep,numberOfRobotsOnBlackSite,numberOfRobotsOnWhiteSite
903,10,10
timeStep,numberOfRobotsOnBlackSite,numberOfRobotsOnWhiteSite
904,10,10
timeStep,numberOfRobotsOnBlackSite,numberOfRobotsOnWhiteSite
905,10,9
timeStep,numberOfRobotsOnBlackSite,numberOfRobotsOnWhiteSite
906,10,9
timeStep,numberOfRobotsOnBlackSite,numberOfRobotsOnWhiteSite
907,10,9
timeStep,numberOfRobotsOnBlackSite,numberOfRobotsOnWhiteSite
908,10,9
timeStep,numberOfRobotsOnBlackSite,numberOfRobotsOnWhiteSite
909,10,9
timeStep,numberOfRobotsOnBlackSite,numberOfRobotsOnWhiteSite
910,11,9
timeStep,numberOfRobotsOnBlackSite,numberOfRobotsOnWhiteSite
911,11,9
timeStep,numberOfRobotsOnBlackSite,numberOfRobotsOnWhiteSite
912,11,9
timeStep,numberOfRobotsOnBlackSite,numberOfRobotsOnWhiteSite
913,11,9
timeStep,numberOfRobotsOnBlackSite,numberOfRobotsOnWhiteSite
914,11,9
timeStep,numberOfRobotsOnBlackSite,numberOfRobotsOnWhiteSite
915,11,9
timeStep,numberOfRobotsOnBlackSite,numberOfRobotsOnWhiteSite
916,11,9
timeStep,numberOfRobotsOnBlackSite,numberOfRobotsOnWhiteSite
917,11,9
timeStep,numberOfRobotsOnBlackSite,numberOfRobotsOnWhiteSite
918,11,9
timeStep,numberOfRobotsOnBlackSite,numberOfRobotsOnWhiteSite
919,11,9
timeStep,numberOfRobotsOnBlackSite,numberOfRobotsOnWhiteSite
920,11,9
timeStep,numberOfRobotsOnBlackSite,numberOfRobotsOnWhiteSite
921,11,9
timeStep,numberOfRobotsOnBlackSite,numberOfRobotsOnWhiteSite
922,11,9
timeStep,numberOfRobotsOnBlackSite,numberOfRobotsOnWhiteSite
923,11,9
timeStep,numberOfRobotsOnBlackSite,numberOfRobotsOnWhiteSite
924,11,9
timeStep,numberOfRobotsOnBlackSite,numberOfRobotsOnWhiteSite
925,11,9
timeStep,numberOfRobotsOnBlackSite,numberOfRobotsOnWhiteSite
926,11,9
timeStep,numberOfRobotsOnBlackSite,numberOfRobotsOnWhiteSite
927,11,9
timeStep,numberOfRobotsOnBlackSite,numberOfRobotsOnWhiteSite
928,11,9
timeStep,numberOfRobotsOnBlackSite,numberOfRobotsOnWhiteSite
929,11,9
timeStep,numberOfRobotsOnBlackSite,numberOfRobotsOnWhiteSite
930,11,9
timeStep,numberOfRobotsOnBlackSite,numberOfRobotsOnWhiteSite
931,11,9
timeStep,numberOfRobotsOnBlackSite,numberOfRobotsOnWhiteSite
932,11,9
timeStep,numberOfRobotsOnBlackSite,numberOfRobotsOnWhiteSite
933,11,9
timeStep,numberOfRobotsOnBlackSite,numberOfRobotsOnWhiteSite
934,11,9
timeStep,numberOfRobotsOnBlackSite,numberOfRobotsOnWhiteSite
935,11,9
timeStep,numberOfRobotsOnBlackSite,numberOfRobotsOnWhiteSite
936,11,9
timeStep,numberOfRobotsOnBlackSite,numberOfRobotsOnWhiteSite
937,11,9
timeStep,numberOfRobotsOnBlackSite,numberOfRobotsOnWhiteSite
938,11,9
timeStep,numberOfRobotsOnBlackSite,numberOfRobotsOnWhiteSite
939,11,9
timeStep,numberOfRobotsOnBlackSite,numberOfRobotsOnWhiteSite
940,11,9
timeStep,numberOfRobotsOnBlackSite,numberOfRobotsOnWhiteSite
941,11,9
timeStep,numberOfRobotsOnBlackSite,numberOfRobotsOnWhiteSite
942,11,9
timeStep,numberOfRobotsOnBlackSite,numberOfRobotsOnWhiteSite
943,11,9
timeStep,numberOfRobotsOnBlackSite,numberOfRobotsOnWhiteSite
944,11,9
timeStep,numberOfRobotsOnBlackSite,numberOfRobotsOnWhiteSite
945,11,9
timeStep,numberOfRobotsOnBlackSite,numberOfRobotsOnWhiteSite
946,11,9
timeStep,numberOfRobotsOnBlackSite,numberOfRobotsOnWhiteSite
947,11,9
timeStep,numberOfRobotsOnBlackSite,numberOfRobotsOnWhiteSite
948,11,9
timeStep,numberOfRobotsOnBlackSite,numberOfRobotsOnWhiteSite
949,11,9
timeStep,numberOfRobotsOnBlackSite,numberOfRobotsOnWhiteSite
950,11,8
timeStep,numberOfRobotsOnBlackSite,numberOfRobotsOnWhiteSite
951,11,8
timeStep,numberOfRobotsOnBlackSite,numberOfRobotsOnWhiteSite
952,11,8
timeStep,numberOfRobotsOnBlackSite,numberOfRobotsOnWhiteSite
953,11,8
timeStep,numberOfRobotsOnBlackSite,numberOfRobotsOnWhiteSite
954,11,8
timeStep,numberOfRobotsOnBlackSite,numberOfRobotsOnWhiteSite
955,10,8
timeStep,numberOfRobotsOnBlackSite,numberOfRobotsOnWhiteSite
956,10,8
timeStep,numberOfRobotsOnBlackSite,numberOfRobotsOnWhiteSite
957,10,8
timeStep,numberOfRobotsOnBlackSite,numberOfRobotsOnWhiteSite
958,10,8
timeStep,numberOfRobotsOnBlackSite,numberOfRobotsOnWhiteSite
959,10,8
timeStep,numberOfRobotsOnBlackSite,numberOfRobotsOnWhiteSite
960,10,8
timeStep,numberOfRobotsOnBlackSite,numberOfRobotsOnWhiteSite
961,10,8
timeStep,numberOfRobotsOnBlackSite,numberOfRobotsOnWhiteSite
962,10,8
timeStep,numberOfRobotsOnBlackSite,numberOfRobotsOnWhiteSite
963,10,8
timeStep,numberOfRobotsOnBlackSite,numberOfRobotsOnWhiteSite
964,10,8
timeStep,numberOfRobotsOnBlackSite,numberOfRobotsOnWhiteSite
965,10,9
timeStep,numberOfRobotsOnBlackSite,numberOfRobotsOnWhiteSite
966,10,9
timeStep,numberOfRobotsOnBlackSite,numberOfRobotsOnWhiteSite
967,10,9
timeStep,numberOfRobotsOnBlackSite,numberOfRobotsOnWhiteSite
968,10,9
timeStep,numberOfRobotsOnBlackSite,numberOfRobotsOnWhiteSite
969,10,9
timeStep,numberOfRobotsOnBlackSite,numberOfRobotsOnWhiteSite
970,10,9
timeStep,numberOfRobotsOnBlackSite,numberOfRobotsOnWhiteSite
971,10,9
timeStep,numberOfRobotsOnBlackSite,numberOfRobotsOnWhiteSite
972,10,9
timeStep,numberOfRobotsOnBlackSite,numberOfRobotsOnWhiteSite
973,10,9
timeStep,numberOfRobotsOnBlackSite,numberOfRobotsOnWhiteSite
974,10,9
timeStep,numberOfRobotsOnBlackSite,numberOfRobotsOnWhiteSite
975,10,10
timeStep,numberOfRobotsOnBlackSite,numberOfRobotsOnWhiteSite
976,10,10
timeStep,numberOfRobotsOnBlackSite,numberOfRobotsOnWhiteSite
977,10,10
timeStep,numberOfRobotsOnBlackSite,numberOfRobotsOnWhiteSite
978,10,10
timeStep,numberOfRobotsOnBlackSite,numberOfRobotsOnWhiteSite
979,10,10
timeStep,numberOfRobotsOnBlackSite,numberOfRobotsOnWhiteSite
980,10,10
timeStep,numberOfRobotsOnBlackSite,numberOfRobotsOnWhiteSite
981,10,10
timeStep,numberOfRobotsOnBlackSite,numberOfRobotsOnWhiteSite
982,10,10
timeStep,numberOfRobotsOnBlackSite,numberOfRobotsOnWhiteSite
983,10,10
timeStep,numberOfRobotsOnBlackSite,numberOfRobotsOnWhiteSite
984,10,10
timeStep,numberOfRobotsOnBlackSite,numberOfRobotsOnWhiteSite
985,9,9
timeStep,numberOfRobotsOnBlackSite,numberOfRobotsOnWhiteSite
986,9,9
timeStep,numberOfRobotsOnBlackSite,numberOfRobotsOnWhiteSite
987,9,9
timeStep,numberOfRobotsOnBlackSite,numberOfRobotsOnWhiteSite
988,9,9
timeStep,numberOfRobotsOnBlackSite,numberOfRobotsOnWhiteSite
989,9,9
timeStep,numberOfRobotsOnBlackSite,numberOfRobotsOnWhiteSite
990,10,9
timeStep,numberOfRobotsOnBlackSite,numberOfRobotsOnWhiteSite
991,10,9
timeStep,numberOfRobotsOnBlackSite,numberOfRobotsOnWhiteSite
992,10,9
timeStep,numberOfRobotsOnBlackSite,numberOfRobotsOnWhiteSite
993,10,9
timeStep,numberOfRobotsOnBlackSite,numberOfRobotsOnWhiteSite
994,10,9
timeStep,numberOfRobotsOnBlackSite,numberOfRobotsOnWhiteSite
995,10,9
timeStep,numberOfRobotsOnBlackSite,numberOfRobotsOnWhiteSite
996,10,9
timeStep,numberOfRobotsOnBlackSite,numberOfRobotsOnWhiteSite
997,10,9
timeStep,numberOfRobotsOnBlackSite,numberOfRobotsOnWhiteSite
998,10,9
timeStep,numberOfRobotsOnBlackSite,numberOfRobotsOnWhiteSite
999,10,9
timeStep,numberOfRobotsOnBlackSite,numberOfRobotsOnWhiteSite
1000,10,9
timeStep,numberOfRobotsOnBlackSite,numberOfRobotsOnWhiteSite
1001,10,9
timeStep,numberOfRobotsOnBlackSite,numberOfRobotsOnWhiteSite
1002,10,9
timeStep,numberOfRobotsOnBlackSite,numberOfRobotsOnWhiteSite
1003,10,9
timeStep,numberOfRobotsOnBlackSite,numberOfRobotsOnWhiteSite
1004,10,9
timeStep,numberOfRobotsOnBlackSite,numberOfRobotsOnWhiteSite
1005,10,8
timeStep,numberOfRobotsOnBlackSite,numberOfRobotsOnWhiteSite
1006,10,8
timeStep,numberOfRobotsOnBlackSite,numberOfRobotsOnWhiteSite
1007,10,8
timeStep,numberOfRobotsOnBlackSite,numberOfRobotsOnWhiteSite
1008,10,8
timeStep,numberOfRobotsOnBlackSite,numberOfRobotsOnWhiteSite
1009,10,8
timeStep,numberOfRobotsOnBlackSite,numberOfRobotsOnWhiteSite
1010,10,8
timeStep,numberOfRobotsOnBlackSite,numberOfRobotsOnWhiteSite
1011,10,8
timeStep,numberOfRobotsOnBlackSite,numberOfRobotsOnWhiteSite
1012,10,8
timeStep,numberOfRobotsOnBlackSite,numberOfRobotsOnWhiteSite
1013,10,8
timeStep,numberOfRobotsOnBlackSite,numberOfRobotsOnWhiteSite
1014,10,8
timeStep,numberOfRobotsOnBlackSite,numberOfRobotsOnWhiteSite
1015,10,8
timeStep,numberOfRobotsOnBlackSite,numberOfRobotsOnWhiteSite
1016,10,8
timeStep,numberOfRobotsOnBlackSite,numberOfRobotsOnWhiteSite
1017,10,8
timeStep,numberOfRobotsOnBlackSite,numberOfRobotsOnWhiteSite
1018,10,8
timeStep,numberOfRobotsOnBlackSite,numberOfRobotsOnWhiteSite
1019,10,8
timeStep,numberOfRobotsOnBlackSite,numberOfRobotsOnWhiteSite
1020,11,8
timeStep,numberOfRobotsOnBlackSite,numberOfRobotsOnWhiteSite
1021,11,8
timeStep,numberOfRobotsOnBlackSite,numberOfRobotsOnWhiteSite
1022,11,8
timeStep,numberOfRobotsOnBlackSite,numberOfRobotsOnWhiteSite
1023,11,8
timeStep,numberOfRobotsOnBlackSite,numberOfRobotsOnWhiteSite
1024,11,8
timeStep,numberOfRobotsOnBlackSite,numberOfRobotsOnWhiteSite
1025,11,8
timeStep,numberOfRobotsOnBlackSite,numberOfRobotsOnWhiteSite
1026,11,8
timeStep,numberOfRobotsOnBlackSite,numberOfRobotsOnWhiteSite
1027,11,8
timeStep,numberOfRobotsOnBlackSite,numberOfRobotsOnWhiteSite
1028,11,8
timeStep,numberOfRobotsOnBlackSite,numberOfRobotsOnWhiteSite
1029,11,8
timeStep,numberOfRobotsOnBlackSite,numberOfRobotsOnWhiteSite
1030,12,8
timeStep,numberOfRobotsOnBlackSite,numberOfRobotsOnWhiteSite
1031,12,8
timeStep,numberOfRobotsOnBlackSite,numberOfRobotsOnWhiteSite
1032,12,8
timeStep,numberOfRobotsOnBlackSite,numberOfRobotsOnWhiteSite
1033,12,8
timeStep,numberOfRobotsOnBlackSite,numberOfRobotsOnWhiteSite
1034,12,8
timeStep,numberOfRobotsOnBlackSite,numberOfRobotsOnWhiteSite
1035,12,8
timeStep,numberOfRobotsOnBlackSite,numberOfRobotsOnWhiteSite
1036,12,8
timeStep,numberOfRobotsOnBlackSite,numberOfRobotsOnWhiteSite
1037,12,8
timeStep,numberOfRobotsOnBlackSite,numberOfRobotsOnWhiteSite
1038,12,8
timeStep,numberOfRobotsOnBlackSite,numberOfRobotsOnWhiteSite
1039,12,8
timeStep,numberOfRobotsOnBlackSite,numberOfRobotsOnWhiteSite
1040,12,8
timeStep,numberOfRobotsOnBlackSite,numberOfRobotsOnWhiteSite
1041,12,8
timeStep,numberOfRobotsOnBlackSite,numberOfRobotsOnWhiteSite
1042,12,8
timeStep,numberOfRobotsOnBlackSite,numberOfRobotsOnWhiteSite
1043,12,8
timeStep,numberOfRobotsOnBlackSite,numberOfRobotsOnWhiteSite
1044,12,8
timeStep,numberOfRobotsOnBlackSite,numberOfRobotsOnWhiteSite
1045,12,8
timeStep,numberOfRobotsOnBlackSite,numberOfRobotsOnWhiteSite
1046,12,8
timeStep,numberOfRobotsOnBlackSite,numberOfRobotsOnWhiteSite
1047,12,8
timeStep,numberOfRobotsOnBlackSite,numberOfRobotsOnWhiteSite
1048,12,8
timeStep,numberOfRobotsOnBlackSite,numberOfRobotsOnWhiteSite
1049,12,8
timeStep,numberOfRobotsOnBlackSite,numberOfRobotsOnWhiteSite
1050,12,8
timeStep,numberOfRobotsOnBlackSite,numberOfRobotsOnWhiteSite
1051,12,8
timeStep,numberOfRobotsOnBlackSite,numberOfRobotsOnWhiteSite
1052,12,8
timeStep,numberOfRobotsOnBlackSite,numberOfRobotsOnWhiteSite
1053,12,8
timeStep,numberOfRobotsOnBlackSite,numberOfRobotsOnWhiteSite
1054,12,8
timeStep,numberOfRobotsOnBlackSite,numberOfRobotsOnWhiteSite
1055,12,8
timeStep,numberOfRobotsOnBlackSite,numberOfRobotsOnWhiteSite
1056,12,8
timeStep,numberOfRobotsOnBlackSite,numberOfRobotsOnWhiteSite
1057,12,8
timeStep,numberOfRobotsOnBlackSite,numberOfRobotsOnWhiteSite
1058,12,8
timeStep,numberOfRobotsOnBlackSite,numberOfRobotsOnWhiteSite
1059,12,8
timeStep,numberOfRobotsOnBlackSite,numberOfRobotsOnWhiteSite
1060,12,8
timeStep,numberOfRobotsOnBlackSite,numberOfRobotsOnWhiteSite
1061,12,8
timeStep,numberOfRobotsOnBlackSite,numberOfRobotsOnWhiteSite
1062,12,8
timeStep,numberOfRobotsOnBlackSite,numberOfRobotsOnWhiteSite
1063,12,8
timeStep,numberOfRobotsOnBlackSite,numberOfRobotsOnWhiteSite
1064,12,8
timeStep,numberOfRobotsOnBlackSite,numberOfRobotsOnWhiteSite
1065,12,8
timeStep,numberOfRobotsOnBlackSite,numberOfRobotsOnWhiteSite
1066,12,8
timeStep,numberOfRobotsOnBlackSite,numberOfRobotsOnWhiteSite
1067,12,8
timeStep,numberOfRobotsOnBlackSite,numberOfRobotsOnWhiteSite
1068,12,8
timeStep,numberOfRobotsOnBlackSite,numberOfRobotsOnWhiteSite
1069,12,8
timeStep,numberOfRobotsOnBlackSite,numberOfRobotsOnWhiteSite
1070,12,8
timeStep,numberOfRobotsOnBlackSite,numberOfRobotsOnWhiteSite
1071,12,8
timeStep,numberOfRobotsOnBlackSite,numberOfRobotsOnWhiteSite
1072,12,8
timeStep,numberOfRobotsOnBlackSite,numberOfRobotsOnWhiteSite
1073,12,8
timeStep,numberOfRobotsOnBlackSite,numberOfRobotsOnWhiteSite
1074,12,8
timeStep,numberOfRobotsOnBlackSite,numberOfRobotsOnWhiteSite
1075,12,8
timeStep,numberOfRobotsOnBlackSite,numberOfRobotsOnWhiteSite
1076,12,8
timeStep,numberOfRobotsOnBlackSite,numberOfRobotsOnWhiteSite
1077,12,8
timeStep,numberOfRobotsOnBlackSite,numberOfRobotsOnWhiteSite
1078,12,8
timeStep,numberOfRobotsOnBlackSite,numberOfRobotsOnWhiteSite
1079,12,8
timeStep,numberOfRobotsOnBlackSite,numberOfRobotsOnWhiteSite
1080,12,8
timeStep,numberOfRobotsOnBlackSite,numberOfRobotsOnWhiteSite
1081,12,8
timeStep,numberOfRobotsOnBlackSite,numberOfRobotsOnWhiteSite
1082,12,8
timeStep,numberOfRobotsOnBlackSite,numberOfRobotsOnWhiteSite
1083,12,8
timeStep,numberOfRobotsOnBlackSite,numberOfRobotsOnWhiteSite
1084,12,8
timeStep,numberOfRobotsOnBlackSite,numberOfRobotsOnWhiteSite
1085,12,8
timeStep,numberOfRobotsOnBlackSite,numberOfRobotsOnWhiteSite
1086,12,8
timeStep,numberOfRobotsOnBlackSite,numberOfRobotsOnWhiteSite
1087,12,8
timeStep,numberOfRobotsOnBlackSite,numberOfRobotsOnWhiteSite
1088,12,8
timeStep,numberOfRobotsOnBlackSite,numberOfRobotsOnWhiteSite
1089,12,8
timeStep,numberOfRobotsOnBlackSite,numberOfRobotsOnWhiteSite
1090,12,8
timeStep,numberOfRobotsOnBlackSite,numberOfRobotsOnWhiteSite
1091,12,8
timeStep,numberOfRobotsOnBlackSite,numberOfRobotsOnWhiteSite
1092,12,8
timeStep,numberOfRobotsOnBlackSite,numberOfRobotsOnWhiteSite
1093,12,8
timeStep,numberOfRobotsOnBlackSite,numberOfRobotsOnWhiteSite
1094,12,8
timeStep,numberOfRobotsOnBlackSite,numberOfRobotsOnWhiteSite
1095,12,8
timeStep,numberOfRobotsOnBlackSite,numberOfRobotsOnWhiteSite
1096,12,8
timeStep,numberOfRobotsOnBlackSite,numberOfRobotsOnWhiteSite
1097,12,8
timeStep,numberOfRobotsOnBlackSite,numberOfRobotsOnWhiteSite
1098,12,8
timeStep,numberOfRobotsOnBlackSite,numberOfRobotsOnWhiteSite
1099,12,8
timeStep,numberOfRobotsOnBlackSite,numberOfRobotsOnWhiteSite
1100,12,7
timeStep,numberOfRobotsOnBlackSite,numberOfRobotsOnWhiteSite
1101,12,7
timeStep,numberOfRobotsOnBlackSite,numberOfRobotsOnWhiteSite
1102,12,7
timeStep,numberOfRobotsOnBlackSite,numberOfRobotsOnWhiteSite
1103,12,7
timeStep,numberOfRobotsOnBlackSite,numberOfRobotsOnWhiteSite
1104,12,7
timeStep,numberOfRobotsOnBlackSite,numberOfRobotsOnWhiteSite
1105,12,7
timeStep,numberOfRobotsOnBlackSite,numberOfRobotsOnWhiteSite
1106,12,7
timeStep,numberOfRobotsOnBlackSite,numberOfRobotsOnWhiteSite
1107,12,7
timeStep,numberOfRobotsOnBlackSite,numberOfRobotsOnWhiteSite
1108,12,7
timeStep,numberOfRobotsOnBlackSite,numberOfRobotsOnWhiteSite
1109,12,7
timeStep,numberOfRobotsOnBlackSite,numberOfRobotsOnWhiteSite
1110,12,7
timeStep,numberOfRobotsOnBlackSite,numberOfRobotsOnWhiteSite
1111,12,7
timeStep,numberOfRobotsOnBlackSite,numberOfRobotsOnWhiteSite
1112,12,7
timeStep,numberOfRobotsOnBlackSite,numberOfRobotsOnWhiteSite
1113,12,7
timeStep,numberOfRobotsOnBlackSite,numberOfRobotsOnWhiteSite
1114,12,7
timeStep,numberOfRobotsOnBlackSite,numberOfRobotsOnWhiteSite
1115,12,7
timeStep,numberOfRobotsOnBlackSite,numberOfRobotsOnWhiteSite
1116,12,7
timeStep,numberOfRobotsOnBlackSite,numberOfRobotsOnWhiteSite
1117,12,7
timeStep,numberOfRobotsOnBlackSite,numberOfRobotsOnWhiteSite
1118,12,7
timeStep,numberOfRobotsOnBlackSite,numberOfRobotsOnWhiteSite
1119,12,7
timeStep,numberOfRobotsOnBlackSite,numberOfRobotsOnWhiteSite
1120,12,7
timeStep,numberOfRobotsOnBlackSite,numberOfRobotsOnWhiteSite
1121,12,7
timeStep,numberOfRobotsOnBlackSite,numberOfRobotsOnWhiteSite
1122,12,7
timeStep,numberOfRobotsOnBlackSite,numberOfRobotsOnWhiteSite
1123,12,7
timeStep,numberOfRobotsOnBlackSite,numberOfRobotsOnWhiteSite
1124,12,7
timeStep,numberOfRobotsOnBlackSite,numberOfRobotsOnWhiteSite
1125,12,7
timeStep,numberOfRobotsOnBlackSite,numberOfRobotsOnWhiteSite
1126,12,7
timeStep,numberOfRobotsOnBlackSite,numberOfRobotsOnWhiteSite
1127,12,7
timeStep,numberOfRobotsOnBlackSite,numberOfRobotsOnWhiteSite
1128,12,7
timeStep,numberOfRobotsOnBlackSite,numberOfRobotsOnWhiteSite
1129,12,7
timeStep,numberOfRobotsOnBlackSite,numberOfRobotsOnWhiteSite
1130,12,7
timeStep,numberOfRobotsOnBlackSite,numberOfRobotsOnWhiteSite
1131,12,7
timeStep,numberOfRobotsOnBlackSite,numberOfRobotsOnWhiteSite
1132,12,7
timeStep,numberOfRobotsOnBlackSite,numberOfRobotsOnWhiteSite
1133,12,7
timeStep,numberOfRobotsOnBlackSite,numberOfRobotsOnWhiteSite
1134,12,7
timeStep,numberOfRobotsOnBlackSite,numberOfRobotsOnWhiteSite
1135,12,7
timeStep,numberOfRobotsOnBlackSite,numberOfRobotsOnWhiteSite
1136,12,7
timeStep,numberOfRobotsOnBlackSite,numberOfRobotsOnWhiteSite
1137,12,7
timeStep,numberOfRobotsOnBlackSite,numberOfRobotsOnWhiteSite
1138,12,7
timeStep,numberOfRobotsOnBlackSite,numberOfRobotsOnWhiteSite
1139,12,7
timeStep,numberOfRobotsOnBlackSite,numberOfRobotsOnWhiteSite
1140,12,7
timeStep,numberOfRobotsOnBlackSite,numberOfRobotsOnWhiteSite
1141,12,7
timeStep,numberOfRobotsOnBlackSite,numberOfRobotsOnWhiteSite
1142,12,7
timeStep,numberOfRobotsOnBlackSite,numberOfRobotsOnWhiteSite
1143,12,7
timeStep,numberOfRobotsOnBlackSite,numberOfRobotsOnWhiteSite
1144,12,7
timeStep,numberOfRobotsOnBlackSite,numberOfRobotsOnWhiteSite
1145,12,7
timeStep,numberOfRobotsOnBlackSite,numberOfRobotsOnWhiteSite
1146,12,7
timeStep,numberOfRobotsOnBlackSite,numberOfRobotsOnWhiteSite
1147,12,7
timeStep,numberOfRobotsOnBlackSite,numberOfRobotsOnWhiteSite
1148,12,7
timeStep,numberOfRobotsOnBlackSite,numberOfRobotsOnWhiteSite
1149,12,7
timeStep,numberOfRobotsOnBlackSite,numberOfRobotsOnWhiteSite
1150,12,7
timeStep,numberOfRobotsOnBlackSite,numberOfRobotsOnWhiteSite
1151,12,7
timeStep,numberOfRobotsOnBlackSite,numberOfRobotsOnWhiteSite
1152,12,7
timeStep,numberOfRobotsOnBlackSite,numberOfRobotsOnWhiteSite
1153,12,7
timeStep,numberOfRobotsOnBlackSite,numberOfRobotsOnWhiteSite
1154,12,7
timeStep,numberOfRobotsOnBlackSite,numberOfRobotsOnWhiteSite
1155,12,7
timeStep,numberOfRobotsOnBlackSite,numberOfRobotsOnWhiteSite
1156,12,7
timeStep,numberOfRobotsOnBlackSite,numberOfRobotsOnWhiteSite
1157,12,7
timeStep,numberOfRobotsOnBlackSite,numberOfRobotsOnWhiteSite
1158,12,7
timeStep,numberOfRobotsOnBlackSite,numberOfRobotsOnWhiteSite
1159,12,7
timeStep,numberOfRobotsOnBlackSite,numberOfRobotsOnWhiteSite
1160,12,6
timeStep,numberOfRobotsOnBlackSite,numberOfRobotsOnWhiteSite
1161,12,6
timeStep,numberOfRobotsOnBlackSite,numberOfRobotsOnWhiteSite
1162,12,6
timeStep,numberOfRobotsOnBlackSite,numberOfRobotsOnWhiteSite
1163,12,6
timeStep,numberOfRobotsOnBlackSite,numberOfRobotsOnWhiteSite
1164,12,6
timeStep,numberOfRobotsOnBlackSite,numberOfRobotsOnWhiteSite
1165,12,7
timeStep,numberOfRobotsOnBlackSite,numberOfRobotsOnWhiteSite
1166,12,7
timeStep,numberOfRobotsOnBlackSite,numberOfRobotsOnWhiteSite
1167,12,7
timeStep,numberOfRobotsOnBlackSite,numberOfRobotsOnWhiteSite
1168,12,7
timeStep,numberOfRobotsOnBlackSite,numberOfRobotsOnWhiteSite
1169,12,7
timeStep,numberOfRobotsOnBlackSite,numberOfRobotsOnWhiteSite
1170,12,7
timeStep,numberOfRobotsOnBlackSite,numberOfRobotsOnWhiteSite
1171,12,7
timeStep,numberOfRobotsOnBlackSite,numberOfRobotsOnWhiteSite
1172,12,7
timeStep,numberOfRobotsOnBlackSite,numberOfRobotsOnWhiteSite
1173,12,7
timeStep,numberOfRobotsOnBlackSite,numberOfRobotsOnWhiteSite
1174,12,7
timeStep,numberOfRobotsOnBlackSite,numberOfRobotsOnWhiteSite
1175,12,7
timeStep,numberOfRobotsOnBlackSite,numberOfRobotsOnWhiteSite
1176,12,7
timeStep,numberOfRobotsOnBlackSite,numberOfRobotsOnWhiteSite
1177,12,7
timeStep,numberOfRobotsOnBlackSite,numberOfRobotsOnWhiteSite
1178,12,7
timeStep,numberOfRobotsOnBlackSite,numberOfRobotsOnWhiteSite
1179,12,7
timeStep,numberOfRobotsOnBlackSite,numberOfRobotsOnWhiteSite
1180,12,7
timeStep,numberOfRobotsOnBlackSite,numberOfRobotsOnWhiteSite
1181,12,7
timeStep,numberOfRobotsOnBlackSite,numberOfRobotsOnWhiteSite
1182,12,7
timeStep,numberOfRobotsOnBlackSite,numberOfRobotsOnWhiteSite
1183,12,7
timeStep,numberOfRobotsOnBlackSite,numberOfRobotsOnWhiteSite
1184,12,7
timeStep,numberOfRobotsOnBlackSite,numberOfRobotsOnWhiteSite
1185,12,7
timeStep,numberOfRobotsOnBlackSite,numberOfRobotsOnWhiteSite
1186,12,7
timeStep,numberOfRobotsOnBlackSite,numberOfRobotsOnWhiteSite
1187,12,7
timeStep,numberOfRobotsOnBlackSite,numberOfRobotsOnWhiteSite
1188,12,7
timeStep,numberOfRobotsOnBlackSite,numberOfRobotsOnWhiteSite
1189,12,7
timeStep,numberOfRobotsOnBlackSite,numberOfRobotsOnWhiteSite
1190,12,7
timeStep,numberOfRobotsOnBlackSite,numberOfRobotsOnWhiteSite
1191,12,7
timeStep,numberOfRobotsOnBlackSite,numberOfRobotsOnWhiteSite
1192,12,7
timeStep,numberOfRobotsOnBlackSite,numberOfRobotsOnWhiteSite
1193,12,7
timeStep,numberOfRobotsOnBlackSite,numberOfRobotsOnWhiteSite
1194,12,7
timeStep,numberOfRobotsOnBlackSite,numberOfRobotsOnWhiteSite
1195,12,7
timeStep,numberOfRobotsOnBlackSite,numberOfRobotsOnWhiteSite
1196,12,7
timeStep,numberOfRobotsOnBlackSite,numberOfRobotsOnWhiteSite
1197,12,7
timeStep,numberOfRobotsOnBlackSite,numberOfRobotsOnWhiteSite
1198,12,7
timeStep,numberOfRobotsOnBlackSite,numberOfRobotsOnWhiteSite
1199,12,7
timeStep,numberOfRobotsOnBlackSite,numberOfRobotsOnWhiteSite
1200,12,7
timeStep,numberOfRobotsOnBlackSite,numberOfRobotsOnWhiteSite
1201,12,7
timeStep,numberOfRobotsOnBlackSite,numberOfRobotsOnWhiteSite
1202,12,7
timeStep,numberOfRobotsOnBlackSite,numberOfRobotsOnWhiteSite
1203,12,7
timeStep,numberOfRobotsOnBlackSite,numberOfRobotsOnWhiteSite
1204,12,7
timeStep,numberOfRobotsOnBlackSite,numberOfRobotsOnWhiteSite
1205,12,7
timeStep,numberOfRobotsOnBlackSite,numberOfRobotsOnWhiteSite
1206,12,7
timeStep,numberOfRobotsOnBlackSite,numberOfRobotsOnWhiteSite
1207,12,7
timeStep,numberOfRobotsOnBlackSite,numberOfRobotsOnWhiteSite
1208,12,7
timeStep,numberOfRobotsOnBlackSite,numberOfRobotsOnWhiteSite
1209,12,7
timeStep,numberOfRobotsOnBlackSite,numberOfRobotsOnWhiteSite
1210,12,8
timeStep,numberOfRobotsOnBlackSite,numberOfRobotsOnWhiteSite
1211,12,8
timeStep,numberOfRobotsOnBlackSite,numberOfRobotsOnWhiteSite
1212,12,8
timeStep,numberOfRobotsOnBlackSite,numberOfRobotsOnWhiteSite
1213,12,8
timeStep,numberOfRobotsOnBlackSite,numberOfRobotsOnWhiteSite
1214,12,8
timeStep,numberOfRobotsOnBlackSite,numberOfRobotsOnWhiteSite
1215,12,8
timeStep,numberOfRobotsOnBlackSite,numberOfRobotsOnWhiteSite
1216,12,8
timeStep,numberOfRobotsOnBlackSite,numberOfRobotsOnWhiteSite
1217,12,8
timeStep,numberOfRobotsOnBlackSite,numberOfRobotsOnWhiteSite
1218,12,8
timeStep,numberOfRobotsOnBlackSite,numberOfRobotsOnWhiteSite
1219,12,8
timeStep,numberOfRobotsOnBlackSite,numberOfRobotsOnWhiteSite
1220,12,8
timeStep,numberOfRobotsOnBlackSite,numberOfRobotsOnWhiteSite
1221,12,8
timeStep,numberOfRobotsOnBlackSite,numberOfRobotsOnWhiteSite
1222,12,8
timeStep,numberOfRobotsOnBlackSite,numberOfRobotsOnWhiteSite
1223,12,8
timeStep,numberOfRobotsOnBlackSite,numberOfRobotsOnWhiteSite
1224,12,8
timeStep,numberOfRobotsOnBlackSite,numberOfRobotsOnWhiteSite
1225,12,8
timeStep,numberOfRobotsOnBlackSite,numberOfRobotsOnWhiteSite
1226,12,8
timeStep,numberOfRobotsOnBlackSite,numberOfRobotsOnWhiteSite
1227,12,8
timeStep,numberOfRobotsOnBlackSite,numberOfRobotsOnWhiteSite
1228,12,8
timeStep,numberOfRobotsOnBlackSite,numberOfRobotsOnWhiteSite
1229,12,8
timeStep,numberOfRobotsOnBlackSite,numberOfRobotsOnWhiteSite
1230,12,8
timeStep,numberOfRobotsOnBlackSite,numberOfRobotsOnWhiteSite
1231,12,8
timeStep,numberOfRobotsOnBlackSite,numberOfRobotsOnWhiteSite
1232,12,8
timeStep,numberOfRobotsOnBlackSite,numberOfRobotsOnWhiteSite
1233,12,8
timeStep,numberOfRobotsOnBlackSite,numberOfRobotsOnWhiteSite
1234,12,8
timeStep,numberOfRobotsOnBlackSite,numberOfRobotsOnWhiteSite
1235,13,8
timeStep,numberOfRobotsOnBlackSite,numberOfRobotsOnWhiteSite
1236,13,8
timeStep,numberOfRobotsOnBlackSite,numberOfRobotsOnWhiteSite
1237,13,8
timeStep,numberOfRobotsOnBlackSite,numberOfRobotsOnWhiteSite
1238,13,8
timeStep,numberOfRobotsOnBlackSite,numberOfRobotsOnWhiteSite
1239,13,8
timeStep,numberOfRobotsOnBlackSite,numberOfRobotsOnWhiteSite
1240,13,8
timeStep,numberOfRobotsOnBlackSite,numberOfRobotsOnWhiteSite
1241,13,8
timeStep,numberOfRobotsOnBlackSite,numberOfRobotsOnWhiteSite
1242,13,8
timeStep,numberOfRobotsOnBlackSite,numberOfRobotsOnWhiteSite
1243,13,8
timeStep,numberOfRobotsOnBlackSite,numberOfRobotsOnWhiteSite
1244,13,8
timeStep,numberOfRobotsOnBlackSite,numberOfRobotsOnWhiteSite
1245,13,8
timeStep,numberOfRobotsOnBlackSite,numberOfRobotsOnWhiteSite
1246,13,8
timeStep,numberOfRobotsOnBlackSite,numberOfRobotsOnWhiteSite
1247,13,8
timeStep,numberOfRobotsOnBlackSite,numberOfRobotsOnWhiteSite
1248,13,8
timeStep,numberOfRobotsOnBlackSite,numberOfRobotsOnWhiteSite
1249,13,8
timeStep,numberOfRobotsOnBlackSite,numberOfRobotsOnWhiteSite
1250,12,8
timeStep,numberOfRobotsOnBlackSite,numberOfRobotsOnWhiteSite
1251,12,8
timeStep,numberOfRobotsOnBlackSite,numberOfRobotsOnWhiteSite
1252,12,8
timeStep,numberOfRobotsOnBlackSite,numberOfRobotsOnWhiteSite
1253,12,8
timeStep,numberOfRobotsOnBlackSite,numberOfRobotsOnWhiteSite
1254,12,8
timeStep,numberOfRobotsOnBlackSite,numberOfRobotsOnWhiteSite
1255,12,8
timeStep,numberOfRobotsOnBlackSite,numberOfRobotsOnWhiteSite
1256,12,8
timeStep,numberOfRobotsOnBlackSite,numberOfRobotsOnWhiteSite
1257,12,8
timeStep,numberOfRobotsOnBlackSite,numberOfRobotsOnWhiteSite
1258,12,8
timeStep,numberOfRobotsOnBlackSite,numberOfRobotsOnWhiteSite
1259,12,8
timeStep,numberOfRobotsOnBlackSite,numberOfRobotsOnWhiteSite
1260,12,8
timeStep,numberOfRobotsOnBlackSite,numberOfRobotsOnWhiteSite
1261,12,8
timeStep,numberOfRobotsOnBlackSite,numberOfRobotsOnWhiteSite
1262,12,8
timeStep,numberOfRobotsOnBlackSite,numberOfRobotsOnWhiteSite
1263,12,8
timeStep,numberOfRobotsOnBlackSite,numberOfRobotsOnWhiteSite
1264,12,8
timeStep,numberOfRobotsOnBlackSite,numberOfRobotsOnWhiteSite
1265,12,8
timeStep,numberOfRobotsOnBlackSite,numberOfRobotsOnWhiteSite
1266,12,8
timeStep,numberOfRobotsOnBlackSite,numberOfRobotsOnWhiteSite
1267,12,8
timeStep,numberOfRobotsOnBlackSite,numberOfRobotsOnWhiteSite
1268,12,8
timeStep,numberOfRobotsOnBlackSite,numberOfRobotsOnWhiteSite
1269,12,8
timeStep,numberOfRobotsOnBlackSite,numberOfRobotsOnWhiteSite
1270,13,8
timeStep,numberOfRobotsOnBlackSite,numberOfRobotsOnWhiteSite
1271,13,8
timeStep,numberOfRobotsOnBlackSite,numberOfRobotsOnWhiteSite
1272,13,8
timeStep,numberOfRobotsOnBlackSite,numberOfRobotsOnWhiteSite
1273,13,8
timeStep,numberOfRobotsOnBlackSite,numberOfRobotsOnWhiteSite
1274,13,8
timeStep,numberOfRobotsOnBlackSite,numberOfRobotsOnWhiteSite
1275,13,8
timeStep,numberOfRobotsOnBlackSite,numberOfRobotsOnWhiteSite
1276,13,8
timeStep,numberOfRobotsOnBlackSite,numberOfRobotsOnWhiteSite
1277,13,8
timeStep,numberOfRobotsOnBlackSite,numberOfRobotsOnWhiteSite
1278,13,8
timeStep,numberOfRobotsOnBlackSite,numberOfRobotsOnWhiteSite
1279,13,8
timeStep,numberOfRobotsOnBlackSite,numberOfRobotsOnWhiteSite
1280,13,8
timeStep,numberOfRobotsOnBlackSite,numberOfRobotsOnWhiteSite
1281,13,8
timeStep,numberOfRobotsOnBlackSite,numberOfRobotsOnWhiteSite
1282,13,8
timeStep,numberOfRobotsOnBlackSite,numberOfRobotsOnWhiteSite
1283,13,8
timeStep,numberOfRobotsOnBlackSite,numberOfRobotsOnWhiteSite
1284,13,8
timeStep,numberOfRobotsOnBlackSite,numberOfRobotsOnWhiteSite
1285,13,8
timeStep,numberOfRobotsOnBlackSite,numberOfRobotsOnWhiteSite
1286,13,8
timeStep,numberOfRobotsOnBlackSite,numberOfRobotsOnWhiteSite
1287,13,8
timeStep,numberOfRobotsOnBlackSite,numberOfRobotsOnWhiteSite
1288,13,8
timeStep,numberOfRobotsOnBlackSite,numberOfRobotsOnWhiteSite
1289,13,8
timeStep,numberOfRobotsOnBlackSite,numberOfRobotsOnWhiteSite
1290,13,8
timeStep,numberOfRobotsOnBlackSite,numberOfRobotsOnWhiteSite
1291,13,8
timeStep,numberOfRobotsOnBlackSite,numberOfRobotsOnWhiteSite
1292,13,8
timeStep,numberOfRobotsOnBlackSite,numberOfRobotsOnWhiteSite
1293,13,8
timeStep,numberOfRobotsOnBlackSite,numberOfRobotsOnWhiteSite
1294,13,8
timeStep,numberOfRobotsOnBlackSite,numberOfRobotsOnWhiteSite
1295,13,8
timeStep,numberOfRobotsOnBlackSite,numberOfRobotsOnWhiteSite
1296,13,8
timeStep,numberOfRobotsOnBlackSite,numberOfRobotsOnWhiteSite
1297,13,8
timeStep,numberOfRobotsOnBlackSite,numberOfRobotsOnWhiteSite
1298,13,8
timeStep,numberOfRobotsOnBlackSite,numberOfRobotsOnWhiteSite
1299,13,8
timeStep,numberOfRobotsOnBlackSite,numberOfRobotsOnWhiteSite
1300,13,8
timeStep,numberOfRobotsOnBlackSite,numberOfRobotsOnWhiteSite
1301,13,8
timeStep,numberOfRobotsOnBlackSite,numberOfRobotsOnWhiteSite
1302,13,8
timeStep,numberOfRobotsOnBlackSite,numberOfRobotsOnWhiteSite
1303,13,8
timeStep,numberOfRobotsOnBlackSite,numberOfRobotsOnWhiteSite
1304,13,8
timeStep,numberOfRobotsOnBlackSite,numberOfRobotsOnWhiteSite
1305,13,8
timeStep,numberOfRobotsOnBlackSite,numberOfRobotsOnWhiteSite
1306,13,8
timeStep,numberOfRobotsOnBlackSite,numberOfRobotsOnWhiteSite
1307,13,8
timeStep,numberOfRobotsOnBlackSite,numberOfRobotsOnWhiteSite
1308,13,8
timeStep,numberOfRobotsOnBlackSite,numberOfRobotsOnWhiteSite
1309,13,8
timeStep,numberOfRobotsOnBlackSite,numberOfRobotsOnWhiteSite
1310,13,8
timeStep,numberOfRobotsOnBlackSite,numberOfRobotsOnWhiteSite
1311,13,8
timeStep,numberOfRobotsOnBlackSite,numberOfRobotsOnWhiteSite
1312,13,8
timeStep,numberOfRobotsOnBlackSite,numberOfRobotsOnWhiteSite
1313,13,8
timeStep,numberOfRobotsOnBlackSite,numberOfRobotsOnWhiteSite
1314,13,8
timeStep,numberOfRobotsOnBlackSite,numberOfRobotsOnWhiteSite
1315,13,8
timeStep,numberOfRobotsOnBlackSite,numberOfRobotsOnWhiteSite
1316,13,8
timeStep,numberOfRobotsOnBlackSite,numberOfRobotsOnWhiteSite
1317,13,8
timeStep,numberOfRobotsOnBlackSite,numberOfRobotsOnWhiteSite
1318,13,8
timeStep,numberOfRobotsOnBlackSite,numberOfRobotsOnWhiteSite
1319,13,8
timeStep,numberOfRobotsOnBlackSite,numberOfRobotsOnWhiteSite
1320,13,8
timeStep,numberOfRobotsOnBlackSite,numberOfRobotsOnWhiteSite
1321,13,8
timeStep,numberOfRobotsOnBlackSite,numberOfRobotsOnWhiteSite
1322,13,8
timeStep,numberOfRobotsOnBlackSite,numberOfRobotsOnWhiteSite
1323,13,8
timeStep,numberOfRobotsOnBlackSite,numberOfRobotsOnWhiteSite
1324,13,8
timeStep,numberOfRobotsOnBlackSite,numberOfRobotsOnWhiteSite
1325,13,8
timeStep,numberOfRobotsOnBlackSite,numberOfRobotsOnWhiteSite
1326,13,8
timeStep,numberOfRobotsOnBlackSite,numberOfRobotsOnWhiteSite
1327,13,8
timeStep,numberOfRobotsOnBlackSite,numberOfRobotsOnWhiteSite
1328,13,8
timeStep,numberOfRobotsOnBlackSite,numberOfRobotsOnWhiteSite
1329,13,8
timeStep,numberOfRobotsOnBlackSite,numberOfRobotsOnWhiteSite
1330,13,9
timeStep,numberOfRobotsOnBlackSite,numberOfRobotsOnWhiteSite
1331,13,9
timeStep,numberOfRobotsOnBlackSite,numberOfRobotsOnWhiteSite
1332,13,9
timeStep,numberOfRobotsOnBlackSite,numberOfRobotsOnWhiteSite
1333,13,9
timeStep,numberOfRobotsOnBlackSite,numberOfRobotsOnWhiteSite
1334,13,9
timeStep,numberOfRobotsOnBlackSite,numberOfRobotsOnWhiteSite
1335,12,8
timeStep,numberOfRobotsOnBlackSite,numberOfRobotsOnWhiteSite
1336,12,8
timeStep,numberOfRobotsOnBlackSite,numberOfRobotsOnWhiteSite
1337,12,8
timeStep,numberOfRobotsOnBlackSite,numberOfRobotsOnWhiteSite
1338,12,8
timeStep,numberOfRobotsOnBlackSite,numberOfRobotsOnWhiteSite
1339,12,8
timeStep,numberOfRobotsOnBlackSite,numberOfRobotsOnWhiteSite
1340,12,8
timeStep,numberOfRobotsOnBlackSite,numberOfRobotsOnWhiteSite
1341,12,8
timeStep,numberOfRobotsOnBlackSite,numberOfRobotsOnWhiteSite
1342,12,8
timeStep,numberOfRobotsOnBlackSite,numberOfRobotsOnWhiteSite
1343,12,8
timeStep,numberOfRobotsOnBlackSite,numberOfRobotsOnWhiteSite
1344,12,8
timeStep,numberOfRobotsOnBlackSite,numberOfRobotsOnWhiteSite
1345,13,8
timeStep,numberOfRobotsOnBlackSite,numberOfRobotsOnWhiteSite
1346,13,8
timeStep,numberOfRobotsOnBlackSite,numberOfRobotsOnWhiteSite
1347,13,8
timeStep,numberOfRobotsOnBlackSite,numberOfRobotsOnWhiteSite
1348,13,8
timeStep,numberOfRobotsOnBlackSite,numberOfRobotsOnWhiteSite
1349,13,8
timeStep,numberOfRobotsOnBlackSite,numberOfRobotsOnWhiteSite
1350,13,8
timeStep,numberOfRobotsOnBlackSite,numberOfRobotsOnWhiteSite
1351,13,8
timeStep,numberOfRobotsOnBlackSite,numberOfRobotsOnWhiteSite
1352,13,8
timeStep,numberOfRobotsOnBlackSite,numberOfRobotsOnWhiteSite
1353,13,8
timeStep,numberOfRobotsOnBlackSite,numberOfRobotsOnWhiteSite
1354,13,8
timeStep,numberOfRobotsOnBlackSite,numberOfRobotsOnWhiteSite
1355,13,8
timeStep,numberOfRobotsOnBlackSite,numberOfRobotsOnWhiteSite
1356,13,8
timeStep,numberOfRobotsOnBlackSite,numberOfRobotsOnWhiteSite
1357,13,8
timeStep,numberOfRobotsOnBlackSite,numberOfRobotsOnWhiteSite
1358,13,8
timeStep,numberOfRobotsOnBlackSite,numberOfRobotsOnWhiteSite
1359,13,8
timeStep,numberOfRobotsOnBlackSite,numberOfRobotsOnWhiteSite
1360,13,8
timeStep,numberOfRobotsOnBlackSite,numberOfRobotsOnWhiteSite
1361,13,8
timeStep,numberOfRobotsOnBlackSite,numberOfRobotsOnWhiteSite
1362,13,8
timeStep,numberOfRobotsOnBlackSite,numberOfRobotsOnWhiteSite
1363,13,8
timeStep,numberOfRobotsOnBlackSite,numberOfRobotsOnWhiteSite
1364,13,8
timeStep,numberOfRobotsOnBlackSite,numberOfRobotsOnWhiteSite
1365,13,8
timeStep,numberOfRobotsOnBlackSite,numberOfRobotsOnWhiteSite
1366,13,8
timeStep,numberOfRobotsOnBlackSite,numberOfRobotsOnWhiteSite
1367,13,8
timeStep,numberOfRobotsOnBlackSite,numberOfRobotsOnWhiteSite
1368,13,8
timeStep,numberOfRobotsOnBlackSite,numberOfRobotsOnWhiteSite
1369,13,8
timeStep,numberOfRobotsOnBlackSite,numberOfRobotsOnWhiteSite
1370,14,8
timeStep,numberOfRobotsOnBlackSite,numberOfRobotsOnWhiteSite
1371,14,8
timeStep,numberOfRobotsOnBlackSite,numberOfRobotsOnWhiteSite
1372,14,8
timeStep,numberOfRobotsOnBlackSite,numberOfRobotsOnWhiteSite
1373,14,8
timeStep,numberOfRobotsOnBlackSite,numberOfRobotsOnWhiteSite
1374,14,8
timeStep,numberOfRobotsOnBlackSite,numberOfRobotsOnWhiteSite
1375,14,8
timeStep,numberOfRobotsOnBlackSite,numberOfRobotsOnWhiteSite
1376,14,8
timeStep,numberOfRobotsOnBlackSite,numberOfRobotsOnWhiteSite
1377,14,8
timeStep,numberOfRobotsOnBlackSite,numberOfRobotsOnWhiteSite
1378,14,8
timeStep,numberOfRobotsOnBlackSite,numberOfRobotsOnWhiteSite
1379,14,8
timeStep,numberOfRobotsOnBlackSite,numberOfRobotsOnWhiteSite
1380,14,8
timeStep,numberOfRobotsOnBlackSite,numberOfRobotsOnWhiteSite
1381,14,8
timeStep,numberOfRobotsOnBlackSite,numberOfRobotsOnWhiteSite
1382,14,8
timeStep,numberOfRobotsOnBlackSite,numberOfRobotsOnWhiteSite
1383,14,8
timeStep,numberOfRobotsOnBlackSite,numberOfRobotsOnWhiteSite
1384,14,8
timeStep,numberOfRobotsOnBlackSite,numberOfRobotsOnWhiteSite
1385,14,8
timeStep,numberOfRobotsOnBlackSite,numberOfRobotsOnWhiteSite
1386,14,8
timeStep,numberOfRobotsOnBlackSite,numberOfRobotsOnWhiteSite
1387,14,8
timeStep,numberOfRobotsOnBlackSite,numberOfRobotsOnWhiteSite
1388,14,8
timeStep,numberOfRobotsOnBlackSite,numberOfRobotsOnWhiteSite
1389,14,8
timeStep,numberOfRobotsOnBlackSite,numberOfRobotsOnWhiteSite
1390,14,8
timeStep,numberOfRobotsOnBlackSite,numberOfRobotsOnWhiteSite
1391,14,8
timeStep,numberOfRobotsOnBlackSite,numberOfRobotsOnWhiteSite
1392,14,8
timeStep,numberOfRobotsOnBlackSite,numberOfRobotsOnWhiteSite
1393,14,8
timeStep,numberOfRobotsOnBlackSite,numberOfRobotsOnWhiteSite
1394,14,8
timeStep,numberOfRobotsOnBlackSite,numberOfRobotsOnWhiteSite
1395,14,8
timeStep,numberOfRobotsOnBlackSite,numberOfRobotsOnWhiteSite
1396,14,8
timeStep,numberOfRobotsOnBlackSite,numberOfRobotsOnWhiteSite
1397,14,8
timeStep,numberOfRobotsOnBlackSite,numberOfRobotsOnWhiteSite
1398,14,8
timeStep,numberOfRobotsOnBlackSite,numberOfRobotsOnWhiteSite
1399,14,8
timeStep,numberOfRobotsOnBlackSite,numberOfRobotsOnWhiteSite
1400,14,9
timeStep,numberOfRobotsOnBlackSite,numberOfRobotsOnWhiteSite
1401,14,9
timeStep,numberOfRobotsOnBlackSite,numberOfRobotsOnWhiteSite
1402,14,9
timeStep,numberOfRobotsOnBlackSite,numberOfRobotsOnWhiteSite
1403,14,9
timeStep,numberOfRobotsOnBlackSite,numberOfRobotsOnWhiteSite
1404,14,9
timeStep,numberOfRobotsOnBlackSite,numberOfRobotsOnWhiteSite
1405,14,9
timeStep,numberOfRobotsOnBlackSite,numberOfRobotsOnWhiteSite
1406,14,9
timeStep,numberOfRobotsOnBlackSite,numberOfRobotsOnWhiteSite
1407,14,9
timeStep,numberOfRobotsOnBlackSite,numberOfRobotsOnWhiteSite
1408,14,9
timeStep,numberOfRobotsOnBlackSite,numberOfRobotsOnWhiteSite
1409,14,9
timeStep,numberOfRobotsOnBlackSite,numberOfRobotsOnWhiteSite
1410,15,8
timeStep,numberOfRobotsOnBlackSite,numberOfRobotsOnWhiteSite
1411,15,8
timeStep,numberOfRobotsOnBlackSite,numberOfRobotsOnWhiteSite
1412,15,8
timeStep,numberOfRobotsOnBlackSite,numberOfRobotsOnWhiteSite
1413,15,8
timeStep,numberOfRobotsOnBlackSite,numberOfRobotsOnWhiteSite
1414,15,8
timeStep,numberOfRobotsOnBlackSite,numberOfRobotsOnWhiteSite
1415,15,8
timeStep,numberOfRobotsOnBlackSite,numberOfRobotsOnWhiteSite
1416,15,8
timeStep,numberOfRobotsOnBlackSite,numberOfRobotsOnWhiteSite
1417,15,8
timeStep,numberOfRobotsOnBlackSite,numberOfRobotsOnWhiteSite
1418,15,8
timeStep,numberOfRobotsOnBlackSite,numberOfRobotsOnWhiteSite
1419,15,8
timeStep,numberOfRobotsOnBlackSite,numberOfRobotsOnWhiteSite
1420,15,8
timeStep,numberOfRobotsOnBlackSite,numberOfRobotsOnWhiteSite
1421,15,8
timeStep,numberOfRobotsOnBlackSite,numberOfRobotsOnWhiteSite
1422,15,8
timeStep,numberOfRobotsOnBlackSite,numberOfRobotsOnWhiteSite
1423,15,8
timeStep,numberOfRobotsOnBlackSite,numberOfRobotsOnWhiteSite
1424,15,8
timeStep,numberOfRobotsOnBlackSite,numberOfRobotsOnWhiteSite
1425,15,8
timeStep,numberOfRobotsOnBlackSite,numberOfRobotsOnWhiteSite
1426,15,8
timeStep,numberOfRobotsOnBlackSite,numberOfRobotsOnWhiteSite
1427,15,8
timeStep,numberOfRobotsOnBlackSite,numberOfRobotsOnWhiteSite
1428,15,8
timeStep,numberOfRobotsOnBlackSite,numberOfRobotsOnWhiteSite
1429,15,8
timeStep,numberOfRobotsOnBlackSite,numberOfRobotsOnWhiteSite
1430,15,9
timeStep,numberOfRobotsOnBlackSite,numberOfRobotsOnWhiteSite
1431,15,9
timeStep,numberOfRobotsOnBlackSite,numberOfRobotsOnWhiteSite
1432,15,9
timeStep,numberOfRobotsOnBlackSite,numberOfRobotsOnWhiteSite
1433,15,9
timeStep,numberOfRobotsOnBlackSite,numberOfRobotsOnWhiteSite
1434,15,9
timeStep,numberOfRobotsOnBlackSite,numberOfRobotsOnWhiteSite
1435,15,9
timeStep,numberOfRobotsOnBlackSite,numberOfRobotsOnWhiteSite
1436,15,9
timeStep,numberOfRobotsOnBlackSite,numberOfRobotsOnWhiteSite
1437,15,9
timeStep,numberOfRobotsOnBlackSite,numberOfRobotsOnWhiteSite
1438,15,9
timeStep,numberOfRobotsOnBlackSite,numberOfRobotsOnWhiteSite
1439,15,9
timeStep,numberOfRobotsOnBlackSite,numberOfRobotsOnWhiteSite
1440,14,9
timeStep,numberOfRobotsOnBlackSite,numberOfRobotsOnWhiteSite
1441,14,9
timeStep,numberOfRobotsOnBlackSite,numberOfRobotsOnWhiteSite
1442,14,9
timeStep,numberOfRobotsOnBlackSite,numberOfRobotsOnWhiteSite
1443,14,9
timeStep,numberOfRobotsOnBlackSite,numberOfRobotsOnWhiteSite
1444,14,9
timeStep,numberOfRobotsOnBlackSite,numberOfRobotsOnWhiteSite
1445,15,8
timeStep,numberOfRobotsOnBlackSite,numberOfRobotsOnWhiteSite
1446,15,8
timeStep,numberOfRobotsOnBlackSite,numberOfRobotsOnWhiteSite
1447,15,8
timeStep,numberOfRobotsOnBlackSite,numberOfRobotsOnWhiteSite
1448,15,8
timeStep,numberOfRobotsOnBlackSite,numberOfRobotsOnWhiteSite
1449,15,8
timeStep,numberOfRobotsOnBlackSite,numberOfRobotsOnWhiteSite
1450,15,8
timeStep,numberOfRobotsOnBlackSite,numberOfRobotsOnWhiteSite
1451,15,8
timeStep,numberOfRobotsOnBlackSite,numberOfRobotsOnWhiteSite
1452,15,8
timeStep,numberOfRobotsOnBlackSite,numberOfRobotsOnWhiteSite
1453,15,8
timeStep,numberOfRobotsOnBlackSite,numberOfRobotsOnWhiteSite
1454,15,8
timeStep,numberOfRobotsOnBlackSite,numberOfRobotsOnWhiteSite
1455,15,8
timeStep,numberOfRobotsOnBlackSite,numberOfRobotsOnWhiteSite
1456,15,8
timeStep,numberOfRobotsOnBlackSite,numberOfRobotsOnWhiteSite
1457,15,8
timeStep,numberOfRobotsOnBlackSite,numberOfRobotsOnWhiteSite
1458,15,8
timeStep,numberOfRobotsOnBlackSite,numberOfRobotsOnWhiteSite
1459,15,8
timeStep,numberOfRobotsOnBlackSite,numberOfRobotsOnWhiteSite
1460,15,8
timeStep,numberOfRobotsOnBlackSite,numberOfRobotsOnWhiteSite
1461,15,8
timeStep,numberOfRobotsOnBlackSite,numberOfRobotsOnWhiteSite
1462,15,8
timeStep,numberOfRobotsOnBlackSite,numberOfRobotsOnWhiteSite
1463,15,8
timeStep,numberOfRobotsOnBlackSite,numberOfRobotsOnWhiteSite
1464,15,8
timeStep,numberOfRobotsOnBlackSite,numberOfRobotsOnWhiteSite
1465,15,8
timeStep,numberOfRobotsOnBlackSite,numberOfRobotsOnWhiteSite
1466,15,8
timeStep,numberOfRobotsOnBlackSite,numberOfRobotsOnWhiteSite
1467,15,8
timeStep,numberOfRobotsOnBlackSite,numberOfRobotsOnWhiteSite
1468,15,8
timeStep,numberOfRobotsOnBlackSite,numberOfRobotsOnWhiteSite
1469,15,8
timeStep,numberOfRobotsOnBlackSite,numberOfRobotsOnWhiteSite
1470,15,8
timeStep,numberOfRobotsOnBlackSite,numberOfRobotsOnWhiteSite
1471,15,8
timeStep,numberOfRobotsOnBlackSite,numberOfRobotsOnWhiteSite
1472,15,8
timeStep,numberOfRobotsOnBlackSite,numberOfRobotsOnWhiteSite
1473,15,8
timeStep,numberOfRobotsOnBlackSite,numberOfRobotsOnWhiteSite
1474,15,8
timeStep,numberOfRobotsOnBlackSite,numberOfRobotsOnWhiteSite
1475,15,8
timeStep,numberOfRobotsOnBlackSite,numberOfRobotsOnWhiteSite
1476,15,8
timeStep,numberOfRobotsOnBlackSite,numberOfRobotsOnWhiteSite
1477,15,8
timeStep,numberOfRobotsOnBlackSite,numberOfRobotsOnWhiteSite
1478,15,8
timeStep,numberOfRobotsOnBlackSite,numberOfRobotsOnWhiteSite
1479,15,8
timeStep,numberOfRobotsOnBlackSite,numberOfRobotsOnWhiteSite
1480,15,8
timeStep,numberOfRobotsOnBlackSite,numberOfRobotsOnWhiteSite
1481,15,8
timeStep,numberOfRobotsOnBlackSite,numberOfRobotsOnWhiteSite
1482,15,8
timeStep,numberOfRobotsOnBlackSite,numberOfRobotsOnWhiteSite
1483,15,8
timeStep,numberOfRobotsOnBlackSite,numberOfRobotsOnWhiteSite
1484,15,8
timeStep,numberOfRobotsOnBlackSite,numberOfRobotsOnWhiteSite
1485,15,8
timeStep,numberOfRobotsOnBlackSite,numberOfRobotsOnWhiteSite
1486,15,8
timeStep,numberOfRobotsOnBlackSite,numberOfRobotsOnWhiteSite
1487,15,8
timeStep,numberOfRobotsOnBlackSite,numberOfRobotsOnWhiteSite
1488,15,8
timeStep,numberOfRobotsOnBlackSite,numberOfRobotsOnWhiteSite
1489,15,8
timeStep,numberOfRobotsOnBlackSite,numberOfRobotsOnWhiteSite
1490,15,8
timeStep,numberOfRobotsOnBlackSite,numberOfRobotsOnWhiteSite
1491,15,8
timeStep,numberOfRobotsOnBlackSite,numberOfRobotsOnWhiteSite
1492,15,8
timeStep,numberOfRobotsOnBlackSite,numberOfRobotsOnWhiteSite
1493,15,8
timeStep,numberOfRobotsOnBlackSite,numberOfRobotsOnWhiteSite
1494,15,8
timeStep,numberOfRobotsOnBlackSite,numberOfRobotsOnWhiteSite
1495,15,8
timeStep,numberOfRobotsOnBlackSite,numberOfRobotsOnWhiteSite
1496,15,8
timeStep,numberOfRobotsOnBlackSite,numberOfRobotsOnWhiteSite
1497,15,8
timeStep,numberOfRobotsOnBlackSite,numberOfRobotsOnWhiteSite
1498,15,8
timeStep,numberOfRobotsOnBlackSite,numberOfRobotsOnWhiteSite
1499,15,8
timeStep,numberOfRobotsOnBlackSite,numberOfRobotsOnWhiteSite
1500,15,8
timeStep,numberOfRobotsOnBlackSite,numberOfRobotsOnWhiteSite
1501,15,8
timeStep,numberOfRobotsOnBlackSite,numberOfRobotsOnWhiteSite
1502,15,8
timeStep,numberOfRobotsOnBlackSite,numberOfRobotsOnWhiteSite
1503,15,8
timeStep,numberOfRobotsOnBlackSite,numberOfRobotsOnWhiteSite
1504,15,8
timeStep,numberOfRobotsOnBlackSite,numberOfRobotsOnWhiteSite
1505,15,7
timeStep,numberOfRobotsOnBlackSite,numberOfRobotsOnWhiteSite
1506,15,7
timeStep,numberOfRobotsOnBlackSite,numberOfRobotsOnWhiteSite
1507,15,7
timeStep,numberOfRobotsOnBlackSite,numberOfRobotsOnWhiteSite
1508,15,7
timeStep,numberOfRobotsOnBlackSite,numberOfRobotsOnWhiteSite
1509,15,7
timeStep,numberOfRobotsOnBlackSite,numberOfRobotsOnWhiteSite
1510,15,7
timeStep,numberOfRobotsOnBlackSite,numberOfRobotsOnWhiteSite
1511,15,7
timeStep,numberOfRobotsOnBlackSite,numberOfRobotsOnWhiteSite
1512,15,7
timeStep,numberOfRobotsOnBlackSite,numberOfRobotsOnWhiteSite
1513,15,7
timeStep,numberOfRobotsOnBlackSite,numberOfRobotsOnWhiteSite
1514,15,7
timeStep,numberOfRobotsOnBlackSite,numberOfRobotsOnWhiteSite
1515,15,7
timeStep,numberOfRobotsOnBlackSite,numberOfRobotsOnWhiteSite
1516,15,7
timeStep,numberOfRobotsOnBlackSite,numberOfRobotsOnWhiteSite
1517,15,7
timeStep,numberOfRobotsOnBlackSite,numberOfRobotsOnWhiteSite
1518,15,7
timeStep,numberOfRobotsOnBlackSite,numberOfRobotsOnWhiteSite
1519,15,7
timeStep,numberOfRobotsOnBlackSite,numberOfRobotsOnWhiteSite
1520,15,8
timeStep,numberOfRobotsOnBlackSite,numberOfRobotsOnWhiteSite
1521,15,8
timeStep,numberOfRobotsOnBlackSite,numberOfRobotsOnWhiteSite
1522,15,8
timeStep,numberOfRobotsOnBlackSite,numberOfRobotsOnWhiteSite
1523,15,8
timeStep,numberOfRobotsOnBlackSite,numberOfRobotsOnWhiteSite
1524,15,8
timeStep,numberOfRobotsOnBlackSite,numberOfRobotsOnWhiteSite
1525,15,7
timeStep,numberOfRobotsOnBlackSite,numberOfRobotsOnWhiteSite
1526,15,7
timeStep,numberOfRobotsOnBlackSite,numberOfRobotsOnWhiteSite
1527,15,7
timeStep,numberOfRobotsOnBlackSite,numberOfRobotsOnWhiteSite
1528,15,7
timeStep,numberOfRobotsOnBlackSite,numberOfRobotsOnWhiteSite
1529,15,7
timeStep,numberOfRobotsOnBlackSite,numberOfRobotsOnWhiteSite
1530,15,7
timeStep,numberOfRobotsOnBlackSite,numberOfRobotsOnWhiteSite
1531,15,7
timeStep,numberOfRobotsOnBlackSite,numberOfRobotsOnWhiteSite
1532,15,7
timeStep,numberOfRobotsOnBlackSite,numberOfRobotsOnWhiteSite
1533,15,7
timeStep,numberOfRobotsOnBlackSite,numberOfRobotsOnWhiteSite
1534,15,7
timeStep,numberOfRobotsOnBlackSite,numberOfRobotsOnWhiteSite
1535,14,7
timeStep,numberOfRobotsOnBlackSite,numberOfRobotsOnWhiteSite
1536,14,7
timeStep,numberOfRobotsOnBlackSite,numberOfRobotsOnWhiteSite
1537,14,7
timeStep,numberOfRobotsOnBlackSite,numberOfRobotsOnWhiteSite
1538,14,7
timeStep,numberOfRobotsOnBlackSite,numberOfRobotsOnWhiteSite
1539,14,7
timeStep,numberOfRobotsOnBlackSite,numberOfRobotsOnWhiteSite
1540,14,7
timeStep,numberOfRobotsOnBlackSite,numberOfRobotsOnWhiteSite
1541,14,7
timeStep,numberOfRobotsOnBlackSite,numberOfRobotsOnWhiteSite
1542,14,7
timeStep,numberOfRobotsOnBlackSite,numberOfRobotsOnWhiteSite
1543,14,7
timeStep,numberOfRobotsOnBlackSite,numberOfRobotsOnWhiteSite
1544,14,7
timeStep,numberOfRobotsOnBlackSite,numberOfRobotsOnWhiteSite
1545,14,7
timeStep,numberOfRobotsOnBlackSite,numberOfRobotsOnWhiteSite
1546,14,7
timeStep,numberOfRobotsOnBlackSite,numberOfRobotsOnWhiteSite
1547,14,7
timeStep,numberOfRobotsOnBlackSite,numberOfRobotsOnWhiteSite
1548,14,7
timeStep,numberOfRobotsOnBlackSite,numberOfRobotsOnWhiteSite
1549,14,7
timeStep,numberOfRobotsOnBlackSite,numberOfRobotsOnWhiteSite
1550,14,7
timeStep,numberOfRobotsOnBlackSite,numberOfRobotsOnWhiteSite
1551,14,7
timeStep,numberOfRobotsOnBlackSite,numberOfRobotsOnWhiteSite
1552,14,7
timeStep,numberOfRobotsOnBlackSite,numberOfRobotsOnWhiteSite
1553,14,7
timeStep,numberOfRobotsOnBlackSite,numberOfRobotsOnWhiteSite
1554,14,7
timeStep,numberOfRobotsOnBlackSite,numberOfRobotsOnWhiteSite
1555,14,7
timeStep,numberOfRobotsOnBlackSite,numberOfRobotsOnWhiteSite
1556,14,7
timeStep,numberOfRobotsOnBlackSite,numberOfRobotsOnWhiteSite
1557,14,7
timeStep,numberOfRobotsOnBlackSite,numberOfRobotsOnWhiteSite
1558,14,7
timeStep,numberOfRobotsOnBlackSite,numberOfRobotsOnWhiteSite
1559,14,7
timeStep,numberOfRobotsOnBlackSite,numberOfRobotsOnWhiteSite
1560,14,8
timeStep,numberOfRobotsOnBlackSite,numberOfRobotsOnWhiteSite
1561,14,8
timeStep,numberOfRobotsOnBlackSite,numberOfRobotsOnWhiteSite
1562,14,8
timeStep,numberOfRobotsOnBlackSite,numberOfRobotsOnWhiteSite
1563,14,8
timeStep,numberOfRobotsOnBlackSite,numberOfRobotsOnWhiteSite
1564,14,8
timeStep,numberOfRobotsOnBlackSite,numberOfRobotsOnWhiteSite
1565,14,8
timeStep,numberOfRobotsOnBlackSite,numberOfRobotsOnWhiteSite
1566,14,8
timeStep,numberOfRobotsOnBlackSite,numberOfRobotsOnWhiteSite
1567,14,8
timeStep,numberOfRobotsOnBlackSite,numberOfRobotsOnWhiteSite
1568,14,8
timeStep,numberOfRobotsOnBlackSite,numberOfRobotsOnWhiteSite
1569,14,8
timeStep,numberOfRobotsOnBlackSite,numberOfRobotsOnWhiteSite
1570,14,8
timeStep,numberOfRobotsOnBlackSite,numberOfRobotsOnWhiteSite
1571,14,8
timeStep,numberOfRobotsOnBlackSite,numberOfRobotsOnWhiteSite
1572,14,8
timeStep,numberOfRobotsOnBlackSite,numberOfRobotsOnWhiteSite
1573,14,8
timeStep,numberOfRobotsOnBlackSite,numberOfRobotsOnWhiteSite
1574,14,8
timeStep,numberOfRobotsOnBlackSite,numberOfRobotsOnWhiteSite
1575,14,8
timeStep,numberOfRobotsOnBlackSite,numberOfRobotsOnWhiteSite
1576,14,8
timeStep,numberOfRobotsOnBlackSite,numberOfRobotsOnWhiteSite
1577,14,8
timeStep,numberOfRobotsOnBlackSite,numberOfRobotsOnWhiteSite
1578,14,8
timeStep,numberOfRobotsOnBlackSite,numberOfRobotsOnWhiteSite
1579,14,8
timeStep,numberOfRobotsOnBlackSite,numberOfRobotsOnWhiteSite
1580,14,8
timeStep,numberOfRobotsOnBlackSite,numberOfRobotsOnWhiteSite
1581,14,8
timeStep,numberOfRobotsOnBlackSite,numberOfRobotsOnWhiteSite
1582,14,8
timeStep,numberOfRobotsOnBlackSite,numberOfRobotsOnWhiteSite
1583,14,8
timeStep,numberOfRobotsOnBlackSite,numberOfRobotsOnWhiteSite
1584,14,8
timeStep,numberOfRobotsOnBlackSite,numberOfRobotsOnWhiteSite
1585,14,8
timeStep,numberOfRobotsOnBlackSite,numberOfRobotsOnWhiteSite
1586,14,8
timeStep,numberOfRobotsOnBlackSite,numberOfRobotsOnWhiteSite
1587,14,8
timeStep,numberOfRobotsOnBlackSite,numberOfRobotsOnWhiteSite
1588,14,8
timeStep,numberOfRobotsOnBlackSite,numberOfRobotsOnWhiteSite
1589,14,8
timeStep,numberOfRobotsOnBlackSite,numberOfRobotsOnWhiteSite
1590,14,8
timeStep,numberOfRobotsOnBlackSite,numberOfRobotsOnWhiteSite
1591,14,8
timeStep,numberOfRobotsOnBlackSite,numberOfRobotsOnWhiteSite
1592,14,8
timeStep,numberOfRobotsOnBlackSite,numberOfRobotsOnWhiteSite
1593,14,8
timeStep,numberOfRobotsOnBlackSite,numberOfRobotsOnWhiteSite
1594,14,8
timeStep,numberOfRobotsOnBlackSite,numberOfRobotsOnWhiteSite
1595,14,8
timeStep,numberOfRobotsOnBlackSite,numberOfRobotsOnWhiteSite
1596,14,8
timeStep,numberOfRobotsOnBlackSite,numberOfRobotsOnWhiteSite
1597,14,8
timeStep,numberOfRobotsOnBlackSite,numberOfRobotsOnWhiteSite
1598,14,8
timeStep,numberOfRobotsOnBlackSite,numberOfRobotsOnWhiteSite
1599,14,8
timeStep,numberOfRobotsOnBlackSite,numberOfRobotsOnWhiteSite
1600,14,8
timeStep,numberOfRobotsOnBlackSite,numberOfRobotsOnWhiteSite
1601,14,8
timeStep,numberOfRobotsOnBlackSite,numberOfRobotsOnWhiteSite
1602,14,8
timeStep,numberOfRobotsOnBlackSite,numberOfRobotsOnWhiteSite
1603,14,8
timeStep,numberOfRobotsOnBlackSite,numberOfRobotsOnWhiteSite
1604,14,8
timeStep,numberOfRobotsOnBlackSite,numberOfRobotsOnWhiteSite
1605,15,8
timeStep,numberOfRobotsOnBlackSite,numberOfRobotsOnWhiteSite
1606,15,8
timeStep,numberOfRobotsOnBlackSite,numberOfRobotsOnWhiteSite
1607,15,8
timeStep,numberOfRobotsOnBlackSite,numberOfRobotsOnWhiteSite
1608,15,8
timeStep,numberOfRobotsOnBlackSite,numberOfRobotsOnWhiteSite
1609,15,8
timeStep,numberOfRobotsOnBlackSite,numberOfRobotsOnWhiteSite
1610,15,8
timeStep,numberOfRobotsOnBlackSite,numberOfRobotsOnWhiteSite
1611,15,8
timeStep,numberOfRobotsOnBlackSite,numberOfRobotsOnWhiteSite
1612,15,8
timeStep,numberOfRobotsOnBlackSite,numberOfRobotsOnWhiteSite
1613,15,8
timeStep,numberOfRobotsOnBlackSite,numberOfRobotsOnWhiteSite
1614,15,8
timeStep,numberOfRobotsOnBlackSite,numberOfRobotsOnWhiteSite
1615,15,8
timeStep,numberOfRobotsOnBlackSite,numberOfRobotsOnWhiteSite
1616,15,8
timeStep,numberOfRobotsOnBlackSite,numberOfRobotsOnWhiteSite
1617,15,8
timeStep,numberOfRobotsOnBlackSite,numberOfRobotsOnWhiteSite
1618,15,8
timeStep,numberOfRobotsOnBlackSite,numberOfRobotsOnWhiteSite
1619,15,8
timeStep,numberOfRobotsOnBlackSite,numberOfRobotsOnWhiteSite
1620,16,8
timeStep,numberOfRobotsOnBlackSite,numberOfRobotsOnWhiteSite
1621,16,8
timeStep,numberOfRobotsOnBlackSite,numberOfRobotsOnWhiteSite
1622,16,8
timeStep,numberOfRobotsOnBlackSite,numberOfRobotsOnWhiteSite
1623,16,8
timeStep,numberOfRobotsOnBlackSite,numberOfRobotsOnWhiteSite
1624,16,8
timeStep,numberOfRobotsOnBlackSite,numberOfRobotsOnWhiteSite
1625,16,8
timeStep,numberOfRobotsOnBlackSite,numberOfRobotsOnWhiteSite
1626,16,8
timeStep,numberOfRobotsOnBlackSite,numberOfRobotsOnWhiteSite
1627,16,8
timeStep,numberOfRobotsOnBlackSite,numberOfRobotsOnWhiteSite
1628,16,8
timeStep,numberOfRobotsOnBlackSite,numberOfRobotsOnWhiteSite
1629,16,8
timeStep,numberOfRobotsOnBlackSite,numberOfRobotsOnWhiteSite
1630,15,8
timeStep,numberOfRobotsOnBlackSite,numberOfRobotsOnWhiteSite
1631,15,8
timeStep,numberOfRobotsOnBlackSite,numberOfRobotsOnWhiteSite
1632,15,8
timeStep,numberOfRobotsOnBlackSite,numberOfRobotsOnWhiteSite
1633,15,8
timeStep,numberOfRobotsOnBlackSite,numberOfRobotsOnWhiteSite
1634,15,8
timeStep,numberOfRobotsOnBlackSite,numberOfRobotsOnWhiteSite
1635,15,8
timeStep,numberOfRobotsOnBlackSite,numberOfRobotsOnWhiteSite
1636,15,8
timeStep,numberOfRobotsOnBlackSite,numberOfRobotsOnWhiteSite
1637,15,8
timeStep,numberOfRobotsOnBlackSite,numberOfRobotsOnWhiteSite
1638,15,8
timeStep,numberOfRobotsOnBlackSite,numberOfRobotsOnWhiteSite
1639,15,8
timeStep,numberOfRobotsOnBlackSite,numberOfRobotsOnWhiteSite
1640,15,7
timeStep,numberOfRobotsOnBlackSite,numberOfRobotsOnWhiteSite
1641,15,7
timeStep,numberOfRobotsOnBlackSite,numberOfRobotsOnWhiteSite
1642,15,7
timeStep,numberOfRobotsOnBlackSite,numberOfRobotsOnWhiteSite
1643,15,7
timeStep,numberOfRobotsOnBlackSite,numberOfRobotsOnWhiteSite
1644,15,7
timeStep,numberOfRobotsOnBlackSite,numberOfRobotsOnWhiteSite
1645,14,8
timeStep,numberOfRobotsOnBlackSite,numberOfRobotsOnWhiteSite
1646,14,8
timeStep,numberOfRobotsOnBlackSite,numberOfRobotsOnWhiteSite
1647,14,8
timeStep,numberOfRobotsOnBlackSite,numberOfRobotsOnWhiteSite
1648,14,8
timeStep,numberOfRobotsOnBlackSite,numberOfRobotsOnWhiteSite
1649,14,8
timeStep,numberOfRobotsOnBlackSite,numberOfRobotsOnWhiteSite
1650,14,8
timeStep,numberOfRobotsOnBlackSite,numberOfRobotsOnWhiteSite
1651,14,8
timeStep,numberOfRobotsOnBlackSite,numberOfRobotsOnWhiteSite
1652,14,8
timeStep,numberOfRobotsOnBlackSite,numberOfRobotsOnWhiteSite
1653,14,8
timeStep,numberOfRobotsOnBlackSite,numberOfRobotsOnWhiteSite
1654,14,8
timeStep,numberOfRobotsOnBlackSite,numberOfRobotsOnWhiteSite
1655,14,8
timeStep,numberOfRobotsOnBlackSite,numberOfRobotsOnWhiteSite
1656,14,8
timeStep,numberOfRobotsOnBlackSite,numberOfRobotsOnWhiteSite
1657,14,8
timeStep,numberOfRobotsOnBlackSite,numberOfRobotsOnWhiteSite
1658,14,8
timeStep,numberOfRobotsOnBlackSite,numberOfRobotsOnWhiteSite
1659,14,8
timeStep,numberOfRobotsOnBlackSite,numberOfRobotsOnWhiteSite
1660,14,8
timeStep,numberOfRobotsOnBlackSite,numberOfRobotsOnWhiteSite
1661,14,8
timeStep,numberOfRobotsOnBlackSite,numberOfRobotsOnWhiteSite
1662,14,8
timeStep,numberOfRobotsOnBlackSite,numberOfRobotsOnWhiteSite
1663,14,8
timeStep,numberOfRobotsOnBlackSite,numberOfRobotsOnWhiteSite
1664,14,8
timeStep,numberOfRobotsOnBlackSite,numberOfRobotsOnWhiteSite
1665,13,8
timeStep,numberOfRobotsOnBlackSite,numberOfRobotsOnWhiteSite
1666,13,8
timeStep,numberOfRobotsOnBlackSite,numberOfRobotsOnWhiteSite
1667,13,8
timeStep,numberOfRobotsOnBlackSite,numberOfRobotsOnWhiteSite
1668,13,8
timeStep,numberOfRobotsOnBlackSite,numberOfRobotsOnWhiteSite
1669,13,8
timeStep,numberOfRobotsOnBlackSite,numberOfRobotsOnWhiteSite
1670,14,8
timeStep,numberOfRobotsOnBlackSite,numberOfRobotsOnWhiteSite
1671,14,8
timeStep,numberOfRobotsOnBlackSite,numberOfRobotsOnWhiteSite
1672,14,8
timeStep,numberOfRobotsOnBlackSite,numberOfRobotsOnWhiteSite
1673,14,8
timeStep,numberOfRobotsOnBlackSite,numberOfRobotsOnWhiteSite
1674,14,8
timeStep,numberOfRobotsOnBlackSite,numberOfRobotsOnWhiteSite
1675,14,8
timeStep,numberOfRobotsOnBlackSite,numberOfRobotsOnWhiteSite
1676,14,8
timeStep,numberOfRobotsOnBlackSite,numberOfRobotsOnWhiteSite
1677,14,8
timeStep,numberOfRobotsOnBlackSite,numberOfRobotsOnWhiteSite
1678,14,8
timeStep,numberOfRobotsOnBlackSite,numberOfRobotsOnWhiteSite
1679,14,8
timeStep,numberOfRobotsOnBlackSite,numberOfRobotsOnWhiteSite
1680,15,8
timeStep,numberOfRobotsOnBlackSite,numberOfRobotsOnWhiteSite
1681,15,8
timeStep,numberOfRobotsOnBlackSite,numberOfRobotsOnWhiteSite
1682,15,8
timeStep,numberOfRobotsOnBlackSite,numberOfRobotsOnWhiteSite
1683,15,8
timeStep,numberOfRobotsOnBlackSite,numberOfRobotsOnWhiteSite
1684,15,8
timeStep,numberOfRobotsOnBlackSite,numberOfRobotsOnWhiteSite
1685,15,8
timeStep,numberOfRobotsOnBlackSite,numberOfRobotsOnWhiteSite
1686,15,8
timeStep,numberOfRobotsOnBlackSite,numberOfRobotsOnWhiteSite
1687,15,8
timeStep,numberOfRobotsOnBlackSite,numberOfRobotsOnWhiteSite
1688,15,8
timeStep,numberOfRobotsOnBlackSite,numberOfRobotsOnWhiteSite
1689,15,8
timeStep,numberOfRobotsOnBlackSite,numberOfRobotsOnWhiteSite
1690,16,7
timeStep,numberOfRobotsOnBlackSite,numberOfRobotsOnWhiteSite
1691,16,7
timeStep,numberOfRobotsOnBlackSite,numberOfRobotsOnWhiteSite
1692,16,7
timeStep,numberOfRobotsOnBlackSite,numberOfRobotsOnWhiteSite
1693,16,7
timeStep,numberOfRobotsOnBlackSite,numberOfRobotsOnWhiteSite
1694,16,7
timeStep,numberOfRobotsOnBlackSite,numberOfRobotsOnWhiteSite
1695,16,7
timeStep,numberOfRobotsOnBlackSite,numberOfRobotsOnWhiteSite
1696,16,7
timeStep,numberOfRobotsOnBlackSite,numberOfRobotsOnWhiteSite
1697,16,7
timeStep,numberOfRobotsOnBlackSite,numberOfRobotsOnWhiteSite
1698,16,7
timeStep,numberOfRobotsOnBlackSite,numberOfRobotsOnWhiteSite
1699,16,7
timeStep,numberOfRobotsOnBlackSite,numberOfRobotsOnWhiteSite
1700,16,7
timeStep,numberOfRobotsOnBlackSite,numberOfRobotsOnWhiteSite
1701,16,7
timeStep,numberOfRobotsOnBlackSite,numberOfRobotsOnWhiteSite
1702,16,7
timeStep,numberOfRobotsOnBlackSite,numberOfRobotsOnWhiteSite
1703,16,7
timeStep,numberOfRobotsOnBlackSite,numberOfRobotsOnWhiteSite
1704,16,7
timeStep,numberOfRobotsOnBlackSite,numberOfRobotsOnWhiteSite
1705,16,7
timeStep,numberOfRobotsOnBlackSite,numberOfRobotsOnWhiteSite
1706,16,7
timeStep,numberOfRobotsOnBlackSite,numberOfRobotsOnWhiteSite
1707,16,7
timeStep,numberOfRobotsOnBlackSite,numberOfRobotsOnWhiteSite
1708,16,7
timeStep,numberOfRobotsOnBlackSite,numberOfRobotsOnWhiteSite
1709,16,7
timeStep,numberOfRobotsOnBlackSite,numberOfRobotsOnWhiteSite
1710,16,8
timeStep,numberOfRobotsOnBlackSite,numberOfRobotsOnWhiteSite
1711,16,8
timeStep,numberOfRobotsOnBlackSite,numberOfRobotsOnWhiteSite
1712,16,8
timeStep,numberOfRobotsOnBlackSite,numberOfRobotsOnWhiteSite
1713,16,8
timeStep,numberOfRobotsOnBlackSite,numberOfRobotsOnWhiteSite
1714,16,8
timeStep,numberOfRobotsOnBlackSite,numberOfRobotsOnWhiteSite
1715,17,8
timeStep,numberOfRobotsOnBlackSite,numberOfRobotsOnWhiteSite
1716,17,8
timeStep,numberOfRobotsOnBlackSite,numberOfRobotsOnWhiteSite
1717,17,8
timeStep,numberOfRobotsOnBlackSite,numberOfRobotsOnWhiteSite
1718,17,8
timeStep,numberOfRobotsOnBlackSite,numberOfRobotsOnWhiteSite
1719,17,8
timeStep,numberOfRobotsOnBlackSite,numberOfRobotsOnWhiteSite
1720,18,9
timeStep,numberOfRobotsOnBlackSite,numberOfRobotsOnWhiteSite
1721,18,9
timeStep,numberOfRobotsOnBlackSite,numberOfRobotsOnWhiteSite
1722,18,9
timeStep,numberOfRobotsOnBlackSite,numberOfRobotsOnWhiteSite
1723,18,9
timeStep,numberOfRobotsOnBlackSite,numberOfRobotsOnWhiteSite
1724,18,9
timeStep,numberOfRobotsOnBlackSite,numberOfRobotsOnWhiteSite
1725,18,9
timeStep,numberOfRobotsOnBlackSite,numberOfRobotsOnWhiteSite
1726,18,9
timeStep,numberOfRobotsOnBlackSite,numberOfRobotsOnWhiteSite
1727,18,9
timeStep,numberOfRobotsOnBlackSite,numberOfRobotsOnWhiteSite
1728,18,9
timeStep,numberOfRobotsOnBlackSite,numberOfRobotsOnWhiteSite
1729,18,9
timeStep,numberOfRobotsOnBlackSite,numberOfRobotsOnWhiteSite
1730,18,9
timeStep,numberOfRobotsOnBlackSite,numberOfRobotsOnWhiteSite
1731,18,9
timeStep,numberOfRobotsOnBlackSite,numberOfRobotsOnWhiteSite
1732,18,9
timeStep,numberOfRobotsOnBlackSite,numberOfRobotsOnWhiteSite
1733,18,9
timeStep,numberOfRobotsOnBlackSite,numberOfRobotsOnWhiteSite
1734,18,9
timeStep,numberOfRobotsOnBlackSite,numberOfRobotsOnWhiteSite
1735,18,9
timeStep,numberOfRobotsOnBlackSite,numberOfRobotsOnWhiteSite
1736,18,9
timeStep,numberOfRobotsOnBlackSite,numberOfRobotsOnWhiteSite
1737,18,9
timeStep,numberOfRobotsOnBlackSite,numberOfRobotsOnWhiteSite
1738,18,9
timeStep,numberOfRobotsOnBlackSite,numberOfRobotsOnWhiteSite
1739,18,9
timeStep,numberOfRobotsOnBlackSite,numberOfRobotsOnWhiteSite
1740,18,9
timeStep,numberOfRobotsOnBlackSite,numberOfRobotsOnWhiteSite
1741,18,9
timeStep,numberOfRobotsOnBlackSite,numberOfRobotsOnWhiteSite
1742,18,9
timeStep,numberOfRobotsOnBlackSite,numberOfRobotsOnWhiteSite
1743,18,9
timeStep,numberOfRobotsOnBlackSite,numberOfRobotsOnWhiteSite
1744,18,9
timeStep,numberOfRobotsOnBlackSite,numberOfRobotsOnWhiteSite
1745,18,9
timeStep,numberOfRobotsOnBlackSite,numberOfRobotsOnWhiteSite
1746,18,9
timeStep,numberOfRobotsOnBlackSite,numberOfRobotsOnWhiteSite
1747,18,9
timeStep,numberOfRobotsOnBlackSite,numberOfRobotsOnWhiteSite
1748,18,9
timeStep,numberOfRobotsOnBlackSite,numberOfRobotsOnWhiteSite
1749,18,9
timeStep,numberOfRobotsOnBlackSite,numberOfRobotsOnWhiteSite
1750,18,9
timeStep,numberOfRobotsOnBlackSite,numberOfRobotsOnWhiteSite
1751,18,9
timeStep,numberOfRobotsOnBlackSite,numberOfRobotsOnWhiteSite
1752,18,9
timeStep,numberOfRobotsOnBlackSite,numberOfRobotsOnWhiteSite
1753,18,9
timeStep,numberOfRobotsOnBlackSite,numberOfRobotsOnWhiteSite
1754,18,9
timeStep,numberOfRobotsOnBlackSite,numberOfRobotsOnWhiteSite
1755,18,9
timeStep,numberOfRobotsOnBlackSite,numberOfRobotsOnWhiteSite
1756,18,9
timeStep,numberOfRobotsOnBlackSite,numberOfRobotsOnWhiteSite
1757,18,9
timeStep,numberOfRobotsOnBlackSite,numberOfRobotsOnWhiteSite
1758,18,9
timeStep,numberOfRobotsOnBlackSite,numberOfRobotsOnWhiteSite
1759,18,9
timeStep,numberOfRobotsOnBlackSite,numberOfRobotsOnWhiteSite
1760,18,9
timeStep,numberOfRobotsOnBlackSite,numberOfRobotsOnWhiteSite
1761,18,9
timeStep,numberOfRobotsOnBlackSite,numberOfRobotsOnWhiteSite
1762,18,9
timeStep,numberOfRobotsOnBlackSite,numberOfRobotsOnWhiteSite
1763,18,9
timeStep,numberOfRobotsOnBlackSite,numberOfRobotsOnWhiteSite
1764,18,9
timeStep,numberOfRobotsOnBlackSite,numberOfRobotsOnWhiteSite
1765,18,9
timeStep,numberOfRobotsOnBlackSite,numberOfRobotsOnWhiteSite
1766,18,9
timeStep,numberOfRobotsOnBlackSite,numberOfRobotsOnWhiteSite
1767,18,9
timeStep,numberOfRobotsOnBlackSite,numberOfRobotsOnWhiteSite
1768,18,9
timeStep,numberOfRobotsOnBlackSite,numberOfRobotsOnWhiteSite
1769,18,9
timeStep,numberOfRobotsOnBlackSite,numberOfRobotsOnWhiteSite
1770,18,9
timeStep,numberOfRobotsOnBlackSite,numberOfRobotsOnWhiteSite
1771,18,9
timeStep,numberOfRobotsOnBlackSite,numberOfRobotsOnWhiteSite
1772,18,9
timeStep,numberOfRobotsOnBlackSite,numberOfRobotsOnWhiteSite
1773,18,9
timeStep,numberOfRobotsOnBlackSite,numberOfRobotsOnWhiteSite
1774,18,9
timeStep,numberOfRobotsOnBlackSite,numberOfRobotsOnWhiteSite
1775,18,9
timeStep,numberOfRobotsOnBlackSite,numberOfRobotsOnWhiteSite
1776,18,9
timeStep,numberOfRobotsOnBlackSite,numberOfRobotsOnWhiteSite
1777,18,9
timeStep,numberOfRobotsOnBlackSite,numberOfRobotsOnWhiteSite
1778,18,9
timeStep,numberOfRobotsOnBlackSite,numberOfRobotsOnWhiteSite
1779,18,9
timeStep,numberOfRobotsOnBlackSite,numberOfRobotsOnWhiteSite
1780,18,9
timeStep,numberOfRobotsOnBlackSite,numberOfRobotsOnWhiteSite
1781,18,9
timeStep,numberOfRobotsOnBlackSite,numberOfRobotsOnWhiteSite
1782,18,9
timeStep,numberOfRobotsOnBlackSite,numberOfRobotsOnWhiteSite
1783,18,9
timeStep,numberOfRobotsOnBlackSite,numberOfRobotsOnWhiteSite
1784,18,9
timeStep,numberOfRobotsOnBlackSite,numberOfRobotsOnWhiteSite
1785,18,9
timeStep,numberOfRobotsOnBlackSite,numberOfRobotsOnWhiteSite
1786,18,9
timeStep,numberOfRobotsOnBlackSite,numberOfRobotsOnWhiteSite
1787,18,9
timeStep,numberOfRobotsOnBlackSite,numberOfRobotsOnWhiteSite
1788,18,9
timeStep,numberOfRobotsOnBlackSite,numberOfRobotsOnWhiteSite
1789,18,9
timeStep,numberOfRobotsOnBlackSite,numberOfRobotsOnWhiteSite
1790,18,7
timeStep,numberOfRobotsOnBlackSite,numberOfRobotsOnWhiteSite
1791,18,7
timeStep,numberOfRobotsOnBlackSite,numberOfRobotsOnWhiteSite
1792,18,7
timeStep,numberOfRobotsOnBlackSite,numberOfRobotsOnWhiteSite
1793,18,7
timeStep,numberOfRobotsOnBlackSite,numberOfRobotsOnWhiteSite
1794,18,7
timeStep,numberOfRobotsOnBlackSite,numberOfRobotsOnWhiteSite
1795,18,7
timeStep,numberOfRobotsOnBlackSite,numberOfRobotsOnWhiteSite
1796,18,7
timeStep,numberOfRobotsOnBlackSite,numberOfRobotsOnWhiteSite
1797,18,7
timeStep,numberOfRobotsOnBlackSite,numberOfRobotsOnWhiteSite
1798,18,7
timeStep,numberOfRobotsOnBlackSite,numberOfRobotsOnWhiteSite
1799,18,7
timeStep,numberOfRobotsOnBlackSite,numberOfRobotsOnWhiteSite
1800,17,7
timeStep,numberOfRobotsOnBlackSite,numberOfRobotsOnWhiteSite
1801,17,7
timeStep,numberOfRobotsOnBlackSite,numberOfRobotsOnWhiteSite
1802,17,7
timeStep,numberOfRobotsOnBlackSite,numberOfRobotsOnWhiteSite
1803,17,7
timeStep,numberOfRobotsOnBlackSite,numberOfRobotsOnWhiteSite
1804,17,7
timeStep,numberOfRobotsOnBlackSite,numberOfRobotsOnWhiteSite
1805,17,7
timeStep,numberOfRobotsOnBlackSite,numberOfRobotsOnWhiteSite
1806,17,7
timeStep,numberOfRobotsOnBlackSite,numberOfRobotsOnWhiteSite
1807,17,7
timeStep,numberOfRobotsOnBlackSite,numberOfRobotsOnWhiteSite
1808,17,7
timeStep,numberOfRobotsOnBlackSite,numberOfRobotsOnWhiteSite
1809,17,7
timeStep,numberOfRobotsOnBlackSite,numberOfRobotsOnWhiteSite
1810,17,8
timeStep,numberOfRobotsOnBlackSite,numberOfRobotsOnWhiteSite
1811,17,8
timeStep,numberOfRobotsOnBlackSite,numberOfRobotsOnWhiteSite
1812,17,8
timeStep,numberOfRobotsOnBlackSite,numberOfRobotsOnWhiteSite
1813,17,8
timeStep,numberOfRobotsOnBlackSite,numberOfRobotsOnWhiteSite
1814,17,8
timeStep,numberOfRobotsOnBlackSite,numberOfRobotsOnWhiteSite
1815,15,8
timeStep,numberOfRobotsOnBlackSite,numberOfRobotsOnWhiteSite
1816,15,8
timeStep,numberOfRobotsOnBlackSite,numberOfRobotsOnWhiteSite
1817,15,8
timeStep,numberOfRobotsOnBlackSite,numberOfRobotsOnWhiteSite
1818,15,8
timeStep,numberOfRobotsOnBlackSite,numberOfRobotsOnWhiteSite
1819,15,8
timeStep,numberOfRobotsOnBlackSite,numberOfRobotsOnWhiteSite
1820,15,8
timeStep,numberOfRobotsOnBlackSite,numberOfRobotsOnWhiteSite
1821,15,8
timeStep,numberOfRobotsOnBlackSite,numberOfRobotsOnWhiteSite
1822,15,8
timeStep,numberOfRobotsOnBlackSite,numberOfRobotsOnWhiteSite
1823,15,8
timeStep,numberOfRobotsOnBlackSite,numberOfRobotsOnWhiteSite
1824,15,8
timeStep,numberOfRobotsOnBlackSite,numberOfRobotsOnWhiteSite
1825,15,7
timeStep,numberOfRobotsOnBlackSite,numberOfRobotsOnWhiteSite
1826,15,7
timeStep,numberOfRobotsOnBlackSite,numberOfRobotsOnWhiteSite
1827,15,7
timeStep,numberOfRobotsOnBlackSite,numberOfRobotsOnWhiteSite
1828,15,7
timeStep,numberOfRobotsOnBlackSite,numberOfRobotsOnWhiteSite
1829,15,7
timeStep,numberOfRobotsOnBlackSite,numberOfRobotsOnWhiteSite
1830,15,7
timeStep,numberOfRobotsOnBlackSite,numberOfRobotsOnWhiteSite
1831,15,7
timeStep,numberOfRobotsOnBlackSite,numberOfRobotsOnWhiteSite
1832,15,7
timeStep,numberOfRobotsOnBlackSite,numberOfRobotsOnWhiteSite
1833,15,7
timeStep,numberOfRobotsOnBlackSite,numberOfRobotsOnWhiteSite
1834,15,7
timeStep,numberOfRobotsOnBlackSite,numberOfRobotsOnWhiteSite
1835,15,7
timeStep,numberOfRobotsOnBlackSite,numberOfRobotsOnWhiteSite
1836,15,7
timeStep,numberOfRobotsOnBlackSite,numberOfRobotsOnWhiteSite
1837,15,7
timeStep,numberOfRobotsOnBlackSite,numberOfRobotsOnWhiteSite
1838,15,7
timeStep,numberOfRobotsOnBlackSite,numberOfRobotsOnWhiteSite
1839,15,7
timeStep,numberOfRobotsOnBlackSite,numberOfRobotsOnWhiteSite
1840,15,7
timeStep,numberOfRobotsOnBlackSite,numberOfRobotsOnWhiteSite
1841,15,7
timeStep,numberOfRobotsOnBlackSite,numberOfRobotsOnWhiteSite
1842,15,7
timeStep,numberOfRobotsOnBlackSite,numberOfRobotsOnWhiteSite
1843,15,7
timeStep,numberOfRobotsOnBlackSite,numberOfRobotsOnWhiteSite
1844,15,7
timeStep,numberOfRobotsOnBlackSite,numberOfRobotsOnWhiteSite
1845,15,7
timeStep,numberOfRobotsOnBlackSite,numberOfRobotsOnWhiteSite
1846,15,7
timeStep,numberOfRobotsOnBlackSite,numberOfRobotsOnWhiteSite
1847,15,7
timeStep,numberOfRobotsOnBlackSite,numberOfRobotsOnWhiteSite
1848,15,7
timeStep,numberOfRobotsOnBlackSite,numberOfRobotsOnWhiteSite
1849,15,7
timeStep,numberOfRobotsOnBlackSite,numberOfRobotsOnWhiteSite
1850,15,7
timeStep,numberOfRobotsOnBlackSite,numberOfRobotsOnWhiteSite
1851,15,7
timeStep,numberOfRobotsOnBlackSite,numberOfRobotsOnWhiteSite
1852,15,7
timeStep,numberOfRobotsOnBlackSite,numberOfRobotsOnWhiteSite
1853,15,7
timeStep,numberOfRobotsOnBlackSite,numberOfRobotsOnWhiteSite
1854,15,7
timeStep,numberOfRobotsOnBlackSite,numberOfRobotsOnWhiteSite
1855,17,7
timeStep,numberOfRobotsOnBlackSite,numberOfRobotsOnWhiteSite
1856,17,7
timeStep,numberOfRobotsOnBlackSite,numberOfRobotsOnWhiteSite
1857,17,7
timeStep,numberOfRobotsOnBlackSite,numberOfRobotsOnWhiteSite
1858,17,7
timeStep,numberOfRobotsOnBlackSite,numberOfRobotsOnWhiteSite
1859,17,7
timeStep,numberOfRobotsOnBlackSite,numberOfRobotsOnWhiteSite
1860,17,6
timeStep,numberOfRobotsOnBlackSite,numberOfRobotsOnWhiteSite
1861,17,6
timeStep,numberOfRobotsOnBlackSite,numberOfRobotsOnWhiteSite
1862,17,6
timeStep,numberOfRobotsOnBlackSite,numberOfRobotsOnWhiteSite
1863,17,6
timeStep,numberOfRobotsOnBlackSite,numberOfRobotsOnWhiteSite
1864,17,6
timeStep,numberOfRobotsOnBlackSite,numberOfRobotsOnWhiteSite
1865,16,6
timeStep,numberOfRobotsOnBlackSite,numberOfRobotsOnWhiteSite
1866,16,6
timeStep,numberOfRobotsOnBlackSite,numberOfRobotsOnWhiteSite
1867,16,6
timeStep,numberOfRobotsOnBlackSite,numberOfRobotsOnWhiteSite
1868,16,6
timeStep,numberOfRobotsOnBlackSite,numberOfRobotsOnWhiteSite
1869,16,6
timeStep,numberOfRobotsOnBlackSite,numberOfRobotsOnWhiteSite
1870,16,6
timeStep,numberOfRobotsOnBlackSite,numberOfRobotsOnWhiteSite
1871,16,6
timeStep,numberOfRobotsOnBlackSite,numberOfRobotsOnWhiteSite
1872,16,6
timeStep,numberOfRobotsOnBlackSite,numberOfRobotsOnWhiteSite
1873,16,6
timeStep,numberOfRobotsOnBlackSite,numberOfRobotsOnWhiteSite
1874,16,6
timeStep,numberOfRobotsOnBlackSite,numberOfRobotsOnWhiteSite
1875,16,6
timeStep,numberOfRobotsOnBlackSite,numberOfRobotsOnWhiteSite
1876,16,6
timeStep,numberOfRobotsOnBlackSite,numberOfRobotsOnWhiteSite
1877,16,6
timeStep,numberOfRobotsOnBlackSite,numberOfRobotsOnWhiteSite
1878,16,6
timeStep,numberOfRobotsOnBlackSite,numberOfRobotsOnWhiteSite
1879,16,6
timeStep,numberOfRobotsOnBlackSite,numberOfRobotsOnWhiteSite
1880,16,6
timeStep,numberOfRobotsOnBlackSite,numberOfRobotsOnWhiteSite
1881,16,6
timeStep,numberOfRobotsOnBlackSite,numberOfRobotsOnWhiteSite
1882,16,6
timeStep,numberOfRobotsOnBlackSite,numberOfRobotsOnWhiteSite
1883,16,6
timeStep,numberOfRobotsOnBlackSite,numberOfRobotsOnWhiteSite
1884,16,6
timeStep,numberOfRobotsOnBlackSite,numberOfRobotsOnWhiteSite
1885,16,6
timeStep,numberOfRobotsOnBlackSite,numberOfRobotsOnWhiteSite
1886,16,6
timeStep,numberOfRobotsOnBlackSite,numberOfRobotsOnWhiteSite
1887,16,6
timeStep,numberOfRobotsOnBlackSite,numberOfRobotsOnWhiteSite
1888,16,6
timeStep,numberOfRobotsOnBlackSite,numberOfRobotsOnWhiteSite
1889,16,6
timeStep,numberOfRobotsOnBlackSite,numberOfRobotsOnWhiteSite
1890,16,6
timeStep,numberOfRobotsOnBlackSite,numberOfRobotsOnWhiteSite
1891,16,6
timeStep,numberOfRobotsOnBlackSite,numberOfRobotsOnWhiteSite
1892,16,6
timeStep,numberOfRobotsOnBlackSite,numberOfRobotsOnWhiteSite
1893,16,6
timeStep,numberOfRobotsOnBlackSite,numberOfRobotsOnWhiteSite
1894,16,6
timeStep,numberOfRobotsOnBlackSite,numberOfRobotsOnWhiteSite
1895,16,6
timeStep,numberOfRobotsOnBlackSite,numberOfRobotsOnWhiteSite
1896,16,6
timeStep,numberOfRobotsOnBlackSite,numberOfRobotsOnWhiteSite
1897,16,6
timeStep,numberOfRobotsOnBlackSite,numberOfRobotsOnWhiteSite
1898,16,6
timeStep,numberOfRobotsOnBlackSite,numberOfRobotsOnWhiteSite
1899,16,6
timeStep,numberOfRobotsOnBlackSite,numberOfRobotsOnWhiteSite
1900,17,6
timeStep,numberOfRobotsOnBlackSite,numberOfRobotsOnWhiteSite
1901,17,6
timeStep,numberOfRobotsOnBlackSite,numberOfRobotsOnWhiteSite
1902,17,6
timeStep,numberOfRobotsOnBlackSite,numberOfRobotsOnWhiteSite
1903,17,6
timeStep,numberOfRobotsOnBlackSite,numberOfRobotsOnWhiteSite
1904,17,6
timeStep,numberOfRobotsOnBlackSite,numberOfRobotsOnWhiteSite
1905,17,6
timeStep,numberOfRobotsOnBlackSite,numberOfRobotsOnWhiteSite
1906,17,6
timeStep,numberOfRobotsOnBlackSite,numberOfRobotsOnWhiteSite
1907,17,6
timeStep,numberOfRobotsOnBlackSite,numberOfRobotsOnWhiteSite
1908,17,6
timeStep,numberOfRobotsOnBlackSite,numberOfRobotsOnWhiteSite
1909,17,6
timeStep,numberOfRobotsOnBlackSite,numberOfRobotsOnWhiteSite
1910,17,6
timeStep,numberOfRobotsOnBlackSite,numberOfRobotsOnWhiteSite
1911,17,6
timeStep,numberOfRobotsOnBlackSite,numberOfRobotsOnWhiteSite
1912,17,6
timeStep,numberOfRobotsOnBlackSite,numberOfRobotsOnWhiteSite
1913,17,6
timeStep,numberOfRobotsOnBlackSite,numberOfRobotsOnWhiteSite
1914,17,6
timeStep,numberOfRobotsOnBlackSite,numberOfRobotsOnWhiteSite
1915,17,7
timeStep,numberOfRobotsOnBlackSite,numberOfRobotsOnWhiteSite
1916,17,7
timeStep,numberOfRobotsOnBlackSite,numberOfRobotsOnWhiteSite
1917,17,7
timeStep,numberOfRobotsOnBlackSite,numberOfRobotsOnWhiteSite
1918,17,7
timeStep,numberOfRobotsOnBlackSite,numberOfRobotsOnWhiteSite
1919,17,7
timeStep,numberOfRobotsOnBlackSite,numberOfRobotsOnWhiteSite
1920,17,7
timeStep,numberOfRobotsOnBlackSite,numberOfRobotsOnWhiteSite
1921,17,7
timeStep,numberOfRobotsOnBlackSite,numberOfRobotsOnWhiteSite
1922,17,7
timeStep,numberOfRobotsOnBlackSite,numberOfRobotsOnWhiteSite
1923,17,7
timeStep,numberOfRobotsOnBlackSite,numberOfRobotsOnWhiteSite
1924,17,7
timeStep,numberOfRobotsOnBlackSite,numberOfRobotsOnWhiteSite
1925,17,8
timeStep,numberOfRobotsOnBlackSite,numberOfRobotsOnWhiteSite
1926,17,8
timeStep,numberOfRobotsOnBlackSite,numberOfRobotsOnWhiteSite
1927,17,8
timeStep,numberOfRobotsOnBlackSite,numberOfRobotsOnWhiteSite
1928,17,8
timeStep,numberOfRobotsOnBlackSite,numberOfRobotsOnWhiteSite
1929,17,8
timeStep,numberOfRobotsOnBlackSite,numberOfRobotsOnWhiteSite
1930,17,8
timeStep,numberOfRobotsOnBlackSite,numberOfRobotsOnWhiteSite
1931,17,8
timeStep,numberOfRobotsOnBlackSite,numberOfRobotsOnWhiteSite
1932,17,8
timeStep,numberOfRobotsOnBlackSite,numberOfRobotsOnWhiteSite
1933,17,8
timeStep,numberOfRobotsOnBlackSite,numberOfRobotsOnWhiteSite
1934,17,8
timeStep,numberOfRobotsOnBlackSite,numberOfRobotsOnWhiteSite
1935,17,8
timeStep,numberOfRobotsOnBlackSite,numberOfRobotsOnWhiteSite
1936,17,8
timeStep,numberOfRobotsOnBlackSite,numberOfRobotsOnWhiteSite
1937,17,8
timeStep,numberOfRobotsOnBlackSite,numberOfRobotsOnWhiteSite
1938,17,8
timeStep,numberOfRobotsOnBlackSite,numberOfRobotsOnWhiteSite
1939,17,8
timeStep,numberOfRobotsOnBlackSite,numberOfRobotsOnWhiteSite
1940,17,8
timeStep,numberOfRobotsOnBlackSite,numberOfRobotsOnWhiteSite
1941,17,8
timeStep,numberOfRobotsOnBlackSite,numberOfRobotsOnWhiteSite
1942,17,8
timeStep,numberOfRobotsOnBlackSite,numberOfRobotsOnWhiteSite
1943,17,8
timeStep,numberOfRobotsOnBlackSite,numberOfRobotsOnWhiteSite
1944,17,8
timeStep,numberOfRobotsOnBlackSite,numberOfRobotsOnWhiteSite
1945,17,8
timeStep,numberOfRobotsOnBlackSite,numberOfRobotsOnWhiteSite
1946,17,8
timeStep,numberOfRobotsOnBlackSite,numberOfRobotsOnWhiteSite
1947,17,8
timeStep,numberOfRobotsOnBlackSite,numberOfRobotsOnWhiteSite
1948,17,8
timeStep,numberOfRobotsOnBlackSite,numberOfRobotsOnWhiteSite
1949,17,8
timeStep,numberOfRobotsOnBlackSite,numberOfRobotsOnWhiteSite
1950,17,7
timeStep,numberOfRobotsOnBlackSite,numberOfRobotsOnWhiteSite
1951,17,7
timeStep,numberOfRobotsOnBlackSite,numberOfRobotsOnWhiteSite
1952,17,7
timeStep,numberOfRobotsOnBlackSite,numberOfRobotsOnWhiteSite
1953,17,7
timeStep,numberOfRobotsOnBlackSite,numberOfRobotsOnWhiteSite
1954,17,7
timeStep,numberOfRobotsOnBlackSite,numberOfRobotsOnWhiteSite
1955,18,7
timeStep,numberOfRobotsOnBlackSite,numberOfRobotsOnWhiteSite
1956,18,7
timeStep,numberOfRobotsOnBlackSite,numberOfRobotsOnWhiteSite
1957,18,7
timeStep,numberOfRobotsOnBlackSite,numberOfRobotsOnWhiteSite
1958,18,7
timeStep,numberOfRobotsOnBlackSite,numberOfRobotsOnWhiteSite
1959,18,7
timeStep,numberOfRobotsOnBlackSite,numberOfRobotsOnWhiteSite
1960,18,7
timeStep,numberOfRobotsOnBlackSite,numberOfRobotsOnWhiteSite
1961,18,7
timeStep,numberOfRobotsOnBlackSite,numberOfRobotsOnWhiteSite
1962,18,7
timeStep,numberOfRobotsOnBlackSite,numberOfRobotsOnWhiteSite
1963,18,7
timeStep,numberOfRobotsOnBlackSite,numberOfRobotsOnWhiteSite
1964,18,7
timeStep,numberOfRobotsOnBlackSite,numberOfRobotsOnWhiteSite
1965,18,7
timeStep,numberOfRobotsOnBlackSite,numberOfRobotsOnWhiteSite
1966,18,7
timeStep,numberOfRobotsOnBlackSite,numberOfRobotsOnWhiteSite
1967,18,7
timeStep,numberOfRobotsOnBlackSite,numberOfRobotsOnWhiteSite
1968,18,7
timeStep,numberOfRobotsOnBlackSite,numberOfRobotsOnWhiteSite
1969,18,7
timeStep,numberOfRobotsOnBlackSite,numberOfRobotsOnWhiteSite
1970,18,7
timeStep,numberOfRobotsOnBlackSite,numberOfRobotsOnWhiteSite
1971,18,7
timeStep,numberOfRobotsOnBlackSite,numberOfRobotsOnWhiteSite
1972,18,7
timeStep,numberOfRobotsOnBlackSite,numberOfRobotsOnWhiteSite
1973,18,7
timeStep,numberOfRobotsOnBlackSite,numberOfRobotsOnWhiteSite
1974,18,7
timeStep,numberOfRobotsOnBlackSite,numberOfRobotsOnWhiteSite
1975,18,7
timeStep,numberOfRobotsOnBlackSite,numberOfRobotsOnWhiteSite
1976,18,7
timeStep,numberOfRobotsOnBlackSite,numberOfRobotsOnWhiteSite
1977,18,7
timeStep,numberOfRobotsOnBlackSite,numberOfRobotsOnWhiteSite
1978,18,7
timeStep,numberOfRobotsOnBlackSite,numberOfRobotsOnWhiteSite
1979,18,7
timeStep,numberOfRobotsOnBlackSite,numberOfRobotsOnWhiteSite
1980,18,7
timeStep,numberOfRobotsOnBlackSite,numberOfRobotsOnWhiteSite
1981,18,7
timeStep,numberOfRobotsOnBlackSite,numberOfRobotsOnWhiteSite
1982,18,7
timeStep,numberOfRobotsOnBlackSite,numberOfRobotsOnWhiteSite
1983,18,7
timeStep,numberOfRobotsOnBlackSite,numberOfRobotsOnWhiteSite
1984,18,7
timeStep,numberOfRobotsOnBlackSite,numberOfRobotsOnWhiteSite
1985,18,7
timeStep,numberOfRobotsOnBlackSite,numberOfRobotsOnWhiteSite
1986,18,7
timeStep,numberOfRobotsOnBlackSite,numberOfRobotsOnWhiteSite
1987,18,7
timeStep,numberOfRobotsOnBlackSite,numberOfRobotsOnWhiteSite
1988,18,7
timeStep,numberOfRobotsOnBlackSite,numberOfRobotsOnWhiteSite
1989,18,7
timeStep,numberOfRobotsOnBlackSite,numberOfRobotsOnWhiteSite
1990,18,7
timeStep,numberOfRobotsOnBlackSite,numberOfRobotsOnWhiteSite
1991,18,7
timeStep,numberOfRobotsOnBlackSite,numberOfRobotsOnWhiteSite
1992,18,7
timeStep,numberOfRobotsOnBlackSite,numberOfRobotsOnWhiteSite
1993,18,7
timeStep,numberOfRobotsOnBlackSite,numberOfRobotsOnWhiteSite
1994,18,7
timeStep,numberOfRobotsOnBlackSite,numberOfRobotsOnWhiteSite
1995,18,7
timeStep,numberOfRobotsOnBlackSite,numberOfRobotsOnWhiteSite
1996,18,7
timeStep,numberOfRobotsOnBlackSite,numberOfRobotsOnWhiteSite
1997,18,7
timeStep,numberOfRobotsOnBlackSite,numberOfRobotsOnWhiteSite
1998,18,7
timeStep,numberOfRobotsOnBlackSite,numberOfRobotsOnWhiteSite
1999,18,7
timeStep,numberOfRobotsOnBlackSite,numberOfRobotsOnWhiteSite
2000,18,7
timeStep,numberOfRobotsOnBlackSite,numberOfRobotsOnWhiteSite
2001,18,7
timeStep,numberOfRobotsOnBlackSite,numberOfRobotsOnWhiteSite
2002,18,7
timeStep,numberOfRobotsOnBlackSite,numberOfRobotsOnWhiteSite
2003,18,7
timeStep,numberOfRobotsOnBlackSite,numberOfRobotsOnWhiteSite
2004,18,7
timeStep,numberOfRobotsOnBlackSite,numberOfRobotsOnWhiteSite
2005,18,7
timeStep,numberOfRobotsOnBlackSite,numberOfRobotsOnWhiteSite
2006,18,7
timeStep,numberOfRobotsOnBlackSite,numberOfRobotsOnWhiteSite
2007,18,7
timeStep,numberOfRobotsOnBlackSite,numberOfRobotsOnWhiteSite
2008,18,7
timeStep,numberOfRobotsOnBlackSite,numberOfRobotsOnWhiteSite
2009,18,7
timeStep,numberOfRobotsOnBlackSite,numberOfRobotsOnWhiteSite
2010,19,7
timeStep,numberOfRobotsOnBlackSite,numberOfRobotsOnWhiteSite
2011,19,7
timeStep,numberOfRobotsOnBlackSite,numberOfRobotsOnWhiteSite
2012,19,7
timeStep,numberOfRobotsOnBlackSite,numberOfRobotsOnWhiteSite
2013,19,7
timeStep,numberOfRobotsOnBlackSite,numberOfRobotsOnWhiteSite
2014,19,7
timeStep,numberOfRobotsOnBlackSite,numberOfRobotsOnWhiteSite
2015,19,7
timeStep,numberOfRobotsOnBlackSite,numberOfRobotsOnWhiteSite
2016,19,7
timeStep,numberOfRobotsOnBlackSite,numberOfRobotsOnWhiteSite
2017,19,7
timeStep,numberOfRobotsOnBlackSite,numberOfRobotsOnWhiteSite
2018,19,7
timeStep,numberOfRobotsOnBlackSite,numberOfRobotsOnWhiteSite
2019,19,7
timeStep,numberOfRobotsOnBlackSite,numberOfRobotsOnWhiteSite
2020,19,7
timeStep,numberOfRobotsOnBlackSite,numberOfRobotsOnWhiteSite
2021,19,7
timeStep,numberOfRobotsOnBlackSite,numberOfRobotsOnWhiteSite
2022,19,7
timeStep,numberOfRobotsOnBlackSite,numberOfRobotsOnWhiteSite
2023,19,7
timeStep,numberOfRobotsOnBlackSite,numberOfRobotsOnWhiteSite
2024,19,7
timeStep,numberOfRobotsOnBlackSite,numberOfRobotsOnWhiteSite
2025,19,8
timeStep,numberOfRobotsOnBlackSite,numberOfRobotsOnWhiteSite
2026,19,8
timeStep,numberOfRobotsOnBlackSite,numberOfRobotsOnWhiteSite
2027,19,8
timeStep,numberOfRobotsOnBlackSite,numberOfRobotsOnWhiteSite
2028,19,8
timeStep,numberOfRobotsOnBlackSite,numberOfRobotsOnWhiteSite
2029,19,8
timeStep,numberOfRobotsOnBlackSite,numberOfRobotsOnWhiteSite
2030,19,8
timeStep,numberOfRobotsOnBlackSite,numberOfRobotsOnWhiteSite
2031,19,8
timeStep,numberOfRobotsOnBlackSite,numberOfRobotsOnWhiteSite
2032,19,8
timeStep,numberOfRobotsOnBlackSite,numberOfRobotsOnWhiteSite
2033,19,8
timeStep,numberOfRobotsOnBlackSite,numberOfRobotsOnWhiteSite
2034,19,8
timeStep,numberOfRobotsOnBlackSite,numberOfRobotsOnWhiteSite
2035,19,9
timeStep,numberOfRobotsOnBlackSite,numberOfRobotsOnWhiteSite
2036,19,9
timeStep,numberOfRobotsOnBlackSite,numberOfRobotsOnWhiteSite
2037,19,9
timeStep,numberOfRobotsOnBlackSite,numberOfRobotsOnWhiteSite
2038,19,9
timeStep,numberOfRobotsOnBlackSite,numberOfRobotsOnWhiteSite
2039,19,9
timeStep,numberOfRobotsOnBlackSite,numberOfRobotsOnWhiteSite
2040,19,9
timeStep,numberOfRobotsOnBlackSite,numberOfRobotsOnWhiteSite
2041,19,9
timeStep,numberOfRobotsOnBlackSite,numberOfRobotsOnWhiteSite
2042,19,9
timeStep,numberOfRobotsOnBlackSite,numberOfRobotsOnWhiteSite
2043,19,9
timeStep,numberOfRobotsOnBlackSite,numberOfRobotsOnWhiteSite
2044,19,9
timeStep,numberOfRobotsOnBlackSite,numberOfRobotsOnWhiteSite
2045,19,9
timeStep,numberOfRobotsOnBlackSite,numberOfRobotsOnWhiteSite
2046,19,9
timeStep,numberOfRobotsOnBlackSite,numberOfRobotsOnWhiteSite
2047,19,9
timeStep,numberOfRobotsOnBlackSite,numberOfRobotsOnWhiteSite
2048,19,9
timeStep,numberOfRobotsOnBlackSite,numberOfRobotsOnWhiteSite
2049,19,9
timeStep,numberOfRobotsOnBlackSite,numberOfRobotsOnWhiteSite
2050,19,8
timeStep,numberOfRobotsOnBlackSite,numberOfRobotsOnWhiteSite
2051,19,8
timeStep,numberOfRobotsOnBlackSite,numberOfRobotsOnWhiteSite
2052,19,8
timeStep,numberOfRobotsOnBlackSite,numberOfRobotsOnWhiteSite
2053,19,8
timeStep,numberOfRobotsOnBlackSite,numberOfRobotsOnWhiteSite
2054,19,8
timeStep,numberOfRobotsOnBlackSite,numberOfRobotsOnWhiteSite
2055,19,8
timeStep,numberOfRobotsOnBlackSite,numberOfRobotsOnWhiteSite
2056,19,8
timeStep,numberOfRobotsOnBlackSite,numberOfRobotsOnWhiteSite
2057,19,8
timeStep,numberOfRobotsOnBlackSite,numberOfRobotsOnWhiteSite
2058,19,8
timeStep,numberOfRobotsOnBlackSite,numberOfRobotsOnWhiteSite
2059,19,8
timeStep,numberOfRobotsOnBlackSite,numberOfRobotsOnWhiteSite
2060,18,8
timeStep,numberOfRobotsOnBlackSite,numberOfRobotsOnWhiteSite
2061,18,8
timeStep,numberOfRobotsOnBlackSite,numberOfRobotsOnWhiteSite
2062,18,8
timeStep,numberOfRobotsOnBlackSite,numberOfRobotsOnWhiteSite
2063,18,8
timeStep,numberOfRobotsOnBlackSite,numberOfRobotsOnWhiteSite
2064,18,8
timeStep,numberOfRobotsOnBlackSite,numberOfRobotsOnWhiteSite
2065,18,8
timeStep,numberOfRobotsOnBlackSite,numberOfRobotsOnWhiteSite
2066,18,8
timeStep,numberOfRobotsOnBlackSite,numberOfRobotsOnWhiteSite
2067,18,8
timeStep,numberOfRobotsOnBlackSite,numberOfRobotsOnWhiteSite
2068,18,8
timeStep,numberOfRobotsOnBlackSite,numberOfRobotsOnWhiteSite
2069,18,8
timeStep,numberOfRobotsOnBlackSite,numberOfRobotsOnWhiteSite
2070,18,9
timeStep,numberOfRobotsOnBlackSite,numberOfRobotsOnWhiteSite
2071,18,9
timeStep,numberOfRobotsOnBlackSite,numberOfRobotsOnWhiteSite
2072,18,9
timeStep,numberOfRobotsOnBlackSite,numberOfRobotsOnWhiteSite
2073,18,9
timeStep,numberOfRobotsOnBlackSite,numberOfRobotsOnWhiteSite
2074,18,9
timeStep,numberOfRobotsOnBlackSite,numberOfRobotsOnWhiteSite
2075,18,9
timeStep,numberOfRobotsOnBlackSite,numberOfRobotsOnWhiteSite
2076,18,9
timeStep,numberOfRobotsOnBlackSite,numberOfRobotsOnWhiteSite
2077,18,9
timeStep,numberOfRobotsOnBlackSite,numberOfRobotsOnWhiteSite
2078,18,9
timeStep,numberOfRobotsOnBlackSite,numberOfRobotsOnWhiteSite
2079,18,9
timeStep,numberOfRobotsOnBlackSite,numberOfRobotsOnWhiteSite
2080,17,9
timeStep,numberOfRobotsOnBlackSite,numberOfRobotsOnWhiteSite
2081,17,9
timeStep,numberOfRobotsOnBlackSite,numberOfRobotsOnWhiteSite
2082,17,9
timeStep,numberOfRobotsOnBlackSite,numberOfRobotsOnWhiteSite
2083,17,9
timeStep,numberOfRobotsOnBlackSite,numberOfRobotsOnWhiteSite
2084,17,9
timeStep,numberOfRobotsOnBlackSite,numberOfRobotsOnWhiteSite
2085,17,9
timeStep,numberOfRobotsOnBlackSite,numberOfRobotsOnWhiteSite
2086,17,9
timeStep,numberOfRobotsOnBlackSite,numberOfRobotsOnWhiteSite
2087,17,9
timeStep,numberOfRobotsOnBlackSite,numberOfRobotsOnWhiteSite
2088,17,9
timeStep,numberOfRobotsOnBlackSite,numberOfRobotsOnWhiteSite
2089,17,9
timeStep,numberOfRobotsOnBlackSite,numberOfRobotsOnWhiteSite
2090,17,8
timeStep,numberOfRobotsOnBlackSite,numberOfRobotsOnWhiteSite
2091,17,8
timeStep,numberOfRobotsOnBlackSite,numberOfRobotsOnWhiteSite
2092,17,8
timeStep,numberOfRobotsOnBlackSite,numberOfRobotsOnWhiteSite
2093,17,8
timeStep,numberOfRobotsOnBlackSite,numberOfRobotsOnWhiteSite
2094,17,8
timeStep,numberOfRobotsOnBlackSite,numberOfRobotsOnWhiteSite
2095,17,8
timeStep,numberOfRobotsOnBlackSite,numberOfRobotsOnWhiteSite
2096,17,8
timeStep,numberOfRobotsOnBlackSite,numberOfRobotsOnWhiteSite
2097,17,8
timeStep,numberOfRobotsOnBlackSite,numberOfRobotsOnWhiteSite
2098,17,8
timeStep,numberOfRobotsOnBlackSite,numberOfRobotsOnWhiteSite
2099,17,8
timeStep,numberOfRobotsOnBlackSite,numberOfRobotsOnWhiteSite
2100,18,8
timeStep,numberOfRobotsOnBlackSite,numberOfRobotsOnWhiteSite
2101,18,8
timeStep,numberOfRobotsOnBlackSite,numberOfRobotsOnWhiteSite
2102,18,8
timeStep,numberOfRobotsOnBlackSite,numberOfRobotsOnWhiteSite
2103,18,8
timeStep,numberOfRobotsOnBlackSite,numberOfRobotsOnWhiteSite
2104,18,8
timeStep,numberOfRobotsOnBlackSite,numberOfRobotsOnWhiteSite
2105,18,8
timeStep,numberOfRobotsOnBlackSite,numberOfRobotsOnWhiteSite
2106,18,8
timeStep,numberOfRobotsOnBlackSite,numberOfRobotsOnWhiteSite
2107,18,8
timeStep,numberOfRobotsOnBlackSite,numberOfRobotsOnWhiteSite
2108,18,8
timeStep,numberOfRobotsOnBlackSite,numberOfRobotsOnWhiteSite
2109,18,8
timeStep,numberOfRobotsOnBlackSite,numberOfRobotsOnWhiteSite
2110,18,8
timeStep,numberOfRobotsOnBlackSite,numberOfRobotsOnWhiteSite
2111,18,8
timeStep,numberOfRobotsOnBlackSite,numberOfRobotsOnWhiteSite
2112,18,8
timeStep,numberOfRobotsOnBlackSite,numberOfRobotsOnWhiteSite
2113,18,8
timeStep,numberOfRobotsOnBlackSite,numberOfRobotsOnWhiteSite
2114,18,8
timeStep,numberOfRobotsOnBlackSite,numberOfRobotsOnWhiteSite
2115,18,8
timeStep,numberOfRobotsOnBlackSite,numberOfRobotsOnWhiteSite
2116,18,8
timeStep,numberOfRobotsOnBlackSite,numberOfRobotsOnWhiteSite
2117,18,8
timeStep,numberOfRobotsOnBlackSite,numberOfRobotsOnWhiteSite
2118,18,8
timeStep,numberOfRobotsOnBlackSite,numberOfRobotsOnWhiteSite
2119,18,8
timeStep,numberOfRobotsOnBlackSite,numberOfRobotsOnWhiteSite
2120,18,8
timeStep,numberOfRobotsOnBlackSite,numberOfRobotsOnWhiteSite
2121,18,8
timeStep,numberOfRobotsOnBlackSite,numberOfRobotsOnWhiteSite
2122,18,8
timeStep,numberOfRobotsOnBlackSite,numberOfRobotsOnWhiteSite
2123,18,8
timeStep,numberOfRobotsOnBlackSite,numberOfRobotsOnWhiteSite
2124,18,8
timeStep,numberOfRobotsOnBlackSite,numberOfRobotsOnWhiteSite
2125,18,8
timeStep,numberOfRobotsOnBlackSite,numberOfRobotsOnWhiteSite
2126,18,8
timeStep,numberOfRobotsOnBlackSite,numberOfRobotsOnWhiteSite
2127,18,8
timeStep,numberOfRobotsOnBlackSite,numberOfRobotsOnWhiteSite
2128,18,8
timeStep,numberOfRobotsOnBlackSite,numberOfRobotsOnWhiteSite
2129,18,8
timeStep,numberOfRobotsOnBlackSite,numberOfRobotsOnWhiteSite
2130,18,7
timeStep,numberOfRobotsOnBlackSite,numberOfRobotsOnWhiteSite
2131,18,7
timeStep,numberOfRobotsOnBlackSite,numberOfRobotsOnWhiteSite
2132,18,7
timeStep,numberOfRobotsOnBlackSite,numberOfRobotsOnWhiteSite
2133,18,7
timeStep,numberOfRobotsOnBlackSite,numberOfRobotsOnWhiteSite
2134,18,7
timeStep,numberOfRobotsOnBlackSite,numberOfRobotsOnWhiteSite
2135,18,7
timeStep,numberOfRobotsOnBlackSite,numberOfRobotsOnWhiteSite
2136,18,7
timeStep,numberOfRobotsOnBlackSite,numberOfRobotsOnWhiteSite
2137,18,7
timeStep,numberOfRobotsOnBlackSite,numberOfRobotsOnWhiteSite
2138,18,7
timeStep,numberOfRobotsOnBlackSite,numberOfRobotsOnWhiteSite
2139,18,7
timeStep,numberOfRobotsOnBlackSite,numberOfRobotsOnWhiteSite
2140,18,7
timeStep,numberOfRobotsOnBlackSite,numberOfRobotsOnWhiteSite
2141,18,7
timeStep,numberOfRobotsOnBlackSite,numberOfRobotsOnWhiteSite
2142,18,7
timeStep,numberOfRobotsOnBlackSite,numberOfRobotsOnWhiteSite
2143,18,7
timeStep,numberOfRobotsOnBlackSite,numberOfRobotsOnWhiteSite
2144,18,7
timeStep,numberOfRobotsOnBlackSite,numberOfRobotsOnWhiteSite
2145,18,7
timeStep,numberOfRobotsOnBlackSite,numberOfRobotsOnWhiteSite
2146,18,7
timeStep,numberOfRobotsOnBlackSite,numberOfRobotsOnWhiteSite
2147,18,7
timeStep,numberOfRobotsOnBlackSite,numberOfRobotsOnWhiteSite
2148,18,7
timeStep,numberOfRobotsOnBlackSite,numberOfRobotsOnWhiteSite
2149,18,7
timeStep,numberOfRobotsOnBlackSite,numberOfRobotsOnWhiteSite
2150,18,7
timeStep,numberOfRobotsOnBlackSite,numberOfRobotsOnWhiteSite
2151,18,7
timeStep,numberOfRobotsOnBlackSite,numberOfRobotsOnWhiteSite
2152,18,7
timeStep,numberOfRobotsOnBlackSite,numberOfRobotsOnWhiteSite
2153,18,7
timeStep,numberOfRobotsOnBlackSite,numberOfRobotsOnWhiteSite
2154,18,7
timeStep,numberOfRobotsOnBlackSite,numberOfRobotsOnWhiteSite
2155,18,7
timeStep,numberOfRobotsOnBlackSite,numberOfRobotsOnWhiteSite
2156,18,7
timeStep,numberOfRobotsOnBlackSite,numberOfRobotsOnWhiteSite
2157,18,7
timeStep,numberOfRobotsOnBlackSite,numberOfRobotsOnWhiteSite
2158,18,7
timeStep,numberOfRobotsOnBlackSite,numberOfRobotsOnWhiteSite
2159,18,7
timeStep,numberOfRobotsOnBlackSite,numberOfRobotsOnWhiteSite
2160,18,7
timeStep,numberOfRobotsOnBlackSite,numberOfRobotsOnWhiteSite
2161,18,7
timeStep,numberOfRobotsOnBlackSite,numberOfRobotsOnWhiteSite
2162,18,7
timeStep,numberOfRobotsOnBlackSite,numberOfRobotsOnWhiteSite
2163,18,7
timeStep,numberOfRobotsOnBlackSite,numberOfRobotsOnWhiteSite
2164,18,7
timeStep,numberOfRobotsOnBlackSite,numberOfRobotsOnWhiteSite
2165,18,8
timeStep,numberOfRobotsOnBlackSite,numberOfRobotsOnWhiteSite
2166,18,8
timeStep,numberOfRobotsOnBlackSite,numberOfRobotsOnWhiteSite
2167,18,8
timeStep,numberOfRobotsOnBlackSite,numberOfRobotsOnWhiteSite
2168,18,8
timeStep,numberOfRobotsOnBlackSite,numberOfRobotsOnWhiteSite
2169,18,8
timeStep,numberOfRobotsOnBlackSite,numberOfRobotsOnWhiteSite
2170,18,8
timeStep,numberOfRobotsOnBlackSite,numberOfRobotsOnWhiteSite
2171,18,8
timeStep,numberOfRobotsOnBlackSite,numberOfRobotsOnWhiteSite
2172,18,8
timeStep,numberOfRobotsOnBlackSite,numberOfRobotsOnWhiteSite
2173,18,8
timeStep,numberOfRobotsOnBlackSite,numberOfRobotsOnWhiteSite
2174,18,8
timeStep,numberOfRobotsOnBlackSite,numberOfRobotsOnWhiteSite
2175,18,8
timeStep,numberOfRobotsOnBlackSite,numberOfRobotsOnWhiteSite
2176,18,8
timeStep,numberOfRobotsOnBlackSite,numberOfRobotsOnWhiteSite
2177,18,8
timeStep,numberOfRobotsOnBlackSite,numberOfRobotsOnWhiteSite
2178,18,8
timeStep,numberOfRobotsOnBlackSite,numberOfRobotsOnWhiteSite
2179,18,8
timeStep,numberOfRobotsOnBlackSite,numberOfRobotsOnWhiteSite
2180,18,8
timeStep,numberOfRobotsOnBlackSite,numberOfRobotsOnWhiteSite
2181,18,8
timeStep,numberOfRobotsOnBlackSite,numberOfRobotsOnWhiteSite
2182,18,8
timeStep,numberOfRobotsOnBlackSite,numberOfRobotsOnWhiteSite
2183,18,8
timeStep,numberOfRobotsOnBlackSite,numberOfRobotsOnWhiteSite
2184,18,8
timeStep,numberOfRobotsOnBlackSite,numberOfRobotsOnWhiteSite
2185,18,8
timeStep,numberOfRobotsOnBlackSite,numberOfRobotsOnWhiteSite
2186,18,8
timeStep,numberOfRobotsOnBlackSite,numberOfRobotsOnWhiteSite
2187,18,8
timeStep,numberOfRobotsOnBlackSite,numberOfRobotsOnWhiteSite
2188,18,8
timeStep,numberOfRobotsOnBlackSite,numberOfRobotsOnWhiteSite
2189,18,8
timeStep,numberOfRobotsOnBlackSite,numberOfRobotsOnWhiteSite
2190,18,8
timeStep,numberOfRobotsOnBlackSite,numberOfRobotsOnWhiteSite
2191,18,8
timeStep,numberOfRobotsOnBlackSite,numberOfRobotsOnWhiteSite
2192,18,8
timeStep,numberOfRobotsOnBlackSite,numberOfRobotsOnWhiteSite
2193,18,8
timeStep,numberOfRobotsOnBlackSite,numberOfRobotsOnWhiteSite
2194,18,8
timeStep,numberOfRobotsOnBlackSite,numberOfRobotsOnWhiteSite
2195,18,8
timeStep,numberOfRobotsOnBlackSite,numberOfRobotsOnWhiteSite
2196,18,8
timeStep,numberOfRobotsOnBlackSite,numberOfRobotsOnWhiteSite
2197,18,8
timeStep,numberOfRobotsOnBlackSite,numberOfRobotsOnWhiteSite
2198,18,8
timeStep,numberOfRobotsOnBlackSite,numberOfRobotsOnWhiteSite
2199,18,8
timeStep,numberOfRobotsOnBlackSite,numberOfRobotsOnWhiteSite
2200,18,8
timeStep,numberOfRobotsOnBlackSite,numberOfRobotsOnWhiteSite
2201,18,8
timeStep,numberOfRobotsOnBlackSite,numberOfRobotsOnWhiteSite
2202,18,8
timeStep,numberOfRobotsOnBlackSite,numberOfRobotsOnWhiteSite
2203,18,8
timeStep,numberOfRobotsOnBlackSite,numberOfRobotsOnWhiteSite
2204,18,8
timeStep,numberOfRobotsOnBlackSite,numberOfRobotsOnWhiteSite
2205,18,8
timeStep,numberOfRobotsOnBlackSite,numberOfRobotsOnWhiteSite
2206,18,8
timeStep,numberOfRobotsOnBlackSite,numberOfRobotsOnWhiteSite
2207,18,8
timeStep,numberOfRobotsOnBlackSite,numberOfRobotsOnWhiteSite
2208,18,8
timeStep,numberOfRobotsOnBlackSite,numberOfRobotsOnWhiteSite
2209,18,8
timeStep,numberOfRobotsOnBlackSite,numberOfRobotsOnWhiteSite
2210,18,8
timeStep,numberOfRobotsOnBlackSite,numberOfRobotsOnWhiteSite
2211,18,8
timeStep,numberOfRobotsOnBlackSite,numberOfRobotsOnWhiteSite
2212,18,8
timeStep,numberOfRobotsOnBlackSite,numberOfRobotsOnWhiteSite
2213,18,8
timeStep,numberOfRobotsOnBlackSite,numberOfRobotsOnWhiteSite
2214,18,8
timeStep,numberOfRobotsOnBlackSite,numberOfRobotsOnWhiteSite
2215,18,8
timeStep,numberOfRobotsOnBlackSite,numberOfRobotsOnWhiteSite
2216,18,8
timeStep,numberOfRobotsOnBlackSite,numberOfRobotsOnWhiteSite
2217,18,8
timeStep,numberOfRobotsOnBlackSite,numberOfRobotsOnWhiteSite
2218,18,8
timeStep,numberOfRobotsOnBlackSite,numberOfRobotsOnWhiteSite
2219,18,8
timeStep,numberOfRobotsOnBlackSite,numberOfRobotsOnWhiteSite
2220,18,8
timeStep,numberOfRobotsOnBlackSite,numberOfRobotsOnWhiteSite
2221,18,8
timeStep,numberOfRobotsOnBlackSite,numberOfRobotsOnWhiteSite
2222,18,8
timeStep,numberOfRobotsOnBlackSite,numberOfRobotsOnWhiteSite
2223,18,8
timeStep,numberOfRobotsOnBlackSite,numberOfRobotsOnWhiteSite
2224,18,8
timeStep,numberOfRobotsOnBlackSite,numberOfRobotsOnWhiteSite
2225,18,8
timeStep,numberOfRobotsOnBlackSite,numberOfRobotsOnWhiteSite
2226,18,8
timeStep,numberOfRobotsOnBlackSite,numberOfRobotsOnWhiteSite
2227,18,8
timeStep,numberOfRobotsOnBlackSite,numberOfRobotsOnWhiteSite
2228,18,8
timeStep,numberOfRobotsOnBlackSite,numberOfRobotsOnWhiteSite
2229,18,8
timeStep,numberOfRobotsOnBlackSite,numberOfRobotsOnWhiteSite
2230,17,8
timeStep,numberOfRobotsOnBlackSite,numberOfRobotsOnWhiteSite
2231,17,8
timeStep,numberOfRobotsOnBlackSite,numberOfRobotsOnWhiteSite
2232,17,8
timeStep,numberOfRobotsOnBlackSite,numberOfRobotsOnWhiteSite
2233,17,8
timeStep,numberOfRobotsOnBlackSite,numberOfRobotsOnWhiteSite
2234,17,8
timeStep,numberOfRobotsOnBlackSite,numberOfRobotsOnWhiteSite
2235,17,8
timeStep,numberOfRobotsOnBlackSite,numberOfRobotsOnWhiteSite
2236,17,8
timeStep,numberOfRobotsOnBlackSite,numberOfRobotsOnWhiteSite
2237,17,8
timeStep,numberOfRobotsOnBlackSite,numberOfRobotsOnWhiteSite
2238,17,8
timeStep,numberOfRobotsOnBlackSite,numberOfRobotsOnWhiteSite
2239,17,8
timeStep,numberOfRobotsOnBlackSite,numberOfRobotsOnWhiteSite
2240,17,8
timeStep,numberOfRobotsOnBlackSite,numberOfRobotsOnWhiteSite
2241,17,8
timeStep,numberOfRobotsOnBlackSite,numberOfRobotsOnWhiteSite
2242,17,8
timeStep,numberOfRobotsOnBlackSite,numberOfRobotsOnWhiteSite
2243,17,8
timeStep,numberOfRobotsOnBlackSite,numberOfRobotsOnWhiteSite
2244,17,8
timeStep,numberOfRobotsOnBlackSite,numberOfRobotsOnWhiteSite
2245,17,8
timeStep,numberOfRobotsOnBlackSite,numberOfRobotsOnWhiteSite
2246,17,8
timeStep,numberOfRobotsOnBlackSite,numberOfRobotsOnWhiteSite
2247,17,8
timeStep,numberOfRobotsOnBlackSite,numberOfRobotsOnWhiteSite
2248,17,8
timeStep,numberOfRobotsOnBlackSite,numberOfRobotsOnWhiteSite
2249,17,8
timeStep,numberOfRobotsOnBlackSite,numberOfRobotsOnWhiteSite
2250,17,8
timeStep,numberOfRobotsOnBlackSite,numberOfRobotsOnWhiteSite
2251,17,8
timeStep,numberOfRobotsOnBlackSite,numberOfRobotsOnWhiteSite
2252,17,8
timeStep,numberOfRobotsOnBlackSite,numberOfRobotsOnWhiteSite
2253,17,8
timeStep,numberOfRobotsOnBlackSite,numberOfRobotsOnWhiteSite
2254,17,8
timeStep,numberOfRobotsOnBlackSite,numberOfRobotsOnWhiteSite
2255,17,8
timeStep,numberOfRobotsOnBlackSite,numberOfRobotsOnWhiteSite
2256,17,8
timeStep,numberOfRobotsOnBlackSite,numberOfRobotsOnWhiteSite
2257,17,8
timeStep,numberOfRobotsOnBlackSite,numberOfRobotsOnWhiteSite
2258,17,8
timeStep,numberOfRobotsOnBlackSite,numberOfRobotsOnWhiteSite
2259,17,8
timeStep,numberOfRobotsOnBlackSite,numberOfRobotsOnWhiteSite
2260,16,8
timeStep,numberOfRobotsOnBlackSite,numberOfRobotsOnWhiteSite
2261,16,8
timeStep,numberOfRobotsOnBlackSite,numberOfRobotsOnWhiteSite
2262,16,8
timeStep,numberOfRobotsOnBlackSite,numberOfRobotsOnWhiteSite
2263,16,8
timeStep,numberOfRobotsOnBlackSite,numberOfRobotsOnWhiteSite
2264,16,8
timeStep,numberOfRobotsOnBlackSite,numberOfRobotsOnWhiteSite
2265,16,8
timeStep,numberOfRobotsOnBlackSite,numberOfRobotsOnWhiteSite
2266,16,8
timeStep,numberOfRobotsOnBlackSite,numberOfRobotsOnWhiteSite
2267,16,8
timeStep,numberOfRobotsOnBlackSite,numberOfRobotsOnWhiteSite
2268,16,8
timeStep,numberOfRobotsOnBlackSite,numberOfRobotsOnWhiteSite
2269,16,8
timeStep,numberOfRobotsOnBlackSite,numberOfRobotsOnWhiteSite
2270,16,8
timeStep,numberOfRobotsOnBlackSite,numberOfRobotsOnWhiteSite
2271,16,8
timeStep,numberOfRobotsOnBlackSite,numberOfRobotsOnWhiteSite
2272,16,8
timeStep,numberOfRobotsOnBlackSite,numberOfRobotsOnWhiteSite
2273,16,8
timeStep,numberOfRobotsOnBlackSite,numberOfRobotsOnWhiteSite
2274,16,8
timeStep,numberOfRobotsOnBlackSite,numberOfRobotsOnWhiteSite
2275,15,8
timeStep,numberOfRobotsOnBlackSite,numberOfRobotsOnWhiteSite
2276,15,8
timeStep,numberOfRobotsOnBlackSite,numberOfRobotsOnWhiteSite
2277,15,8
timeStep,numberOfRobotsOnBlackSite,numberOfRobotsOnWhiteSite
2278,15,8
timeStep,numberOfRobotsOnBlackSite,numberOfRobotsOnWhiteSite
2279,15,8
timeStep,numberOfRobotsOnBlackSite,numberOfRobotsOnWhiteSite
2280,15,8
timeStep,numberOfRobotsOnBlackSite,numberOfRobotsOnWhiteSite
2281,15,8
timeStep,numberOfRobotsOnBlackSite,numberOfRobotsOnWhiteSite
2282,15,8
timeStep,numberOfRobotsOnBlackSite,numberOfRobotsOnWhiteSite
2283,15,8
timeStep,numberOfRobotsOnBlackSite,numberOfRobotsOnWhiteSite
2284,15,8
timeStep,numberOfRobotsOnBlackSite,numberOfRobotsOnWhiteSite
2285,15,8
timeStep,numberOfRobotsOnBlackSite,numberOfRobotsOnWhiteSite
2286,15,8
timeStep,numberOfRobotsOnBlackSite,numberOfRobotsOnWhiteSite
2287,15,8
timeStep,numberOfRobotsOnBlackSite,numberOfRobotsOnWhiteSite
2288,15,8
timeStep,numberOfRobotsOnBlackSite,numberOfRobotsOnWhiteSite
2289,15,8
timeStep,numberOfRobotsOnBlackSite,numberOfRobotsOnWhiteSite
2290,15,8
timeStep,numberOfRobotsOnBlackSite,numberOfRobotsOnWhiteSite
2291,15,8
timeStep,numberOfRobotsOnBlackSite,numberOfRobotsOnWhiteSite
2292,15,8
timeStep,numberOfRobotsOnBlackSite,numberOfRobotsOnWhiteSite
2293,15,8
timeStep,numberOfRobotsOnBlackSite,numberOfRobotsOnWhiteSite
2294,15,8
timeStep,numberOfRobotsOnBlackSite,numberOfRobotsOnWhiteSite
2295,15,8
timeStep,numberOfRobotsOnBlackSite,numberOfRobotsOnWhiteSite
2296,15,8
timeStep,numberOfRobotsOnBlackSite,numberOfRobotsOnWhiteSite
2297,15,8
timeStep,numberOfRobotsOnBlackSite,numberOfRobotsOnWhiteSite
2298,15,8
timeStep,numberOfRobotsOnBlackSite,numberOfRobotsOnWhiteSite
2299,15,8
timeStep,numberOfRobotsOnBlackSite,numberOfRobotsOnWhiteSite
2300,15,7
timeStep,numberOfRobotsOnBlackSite,numberOfRobotsOnWhiteSite
2301,15,7
timeStep,numberOfRobotsOnBlackSite,numberOfRobotsOnWhiteSite
2302,15,7
timeStep,numberOfRobotsOnBlackSite,numberOfRobotsOnWhiteSite
2303,15,7
timeStep,numberOfRobotsOnBlackSite,numberOfRobotsOnWhiteSite
2304,15,7
timeStep,numberOfRobotsOnBlackSite,numberOfRobotsOnWhiteSite
2305,16,8
timeStep,numberOfRobotsOnBlackSite,numberOfRobotsOnWhiteSite
2306,16,8
timeStep,numberOfRobotsOnBlackSite,numberOfRobotsOnWhiteSite
2307,16,8
timeStep,numberOfRobotsOnBlackSite,numberOfRobotsOnWhiteSite
2308,16,8
timeStep,numberOfRobotsOnBlackSite,numberOfRobotsOnWhiteSite
2309,16,8
timeStep,numberOfRobotsOnBlackSite,numberOfRobotsOnWhiteSite
2310,16,8
timeStep,numberOfRobotsOnBlackSite,numberOfRobotsOnWhiteSite
2311,16,8
timeStep,numberOfRobotsOnBlackSite,numberOfRobotsOnWhiteSite
2312,16,8
timeStep,numberOfRobotsOnBlackSite,numberOfRobotsOnWhiteSite
2313,16,8
timeStep,numberOfRobotsOnBlackSite,numberOfRobotsOnWhiteSite
2314,16,8
timeStep,numberOfRobotsOnBlackSite,numberOfRobotsOnWhiteSite
2315,16,8
timeStep,numberOfRobotsOnBlackSite,numberOfRobotsOnWhiteSite
2316,16,8
timeStep,numberOfRobotsOnBlackSite,numberOfRobotsOnWhiteSite
2317,16,8
timeStep,numberOfRobotsOnBlackSite,numberOfRobotsOnWhiteSite
2318,16,8
timeStep,numberOfRobotsOnBlackSite,numberOfRobotsOnWhiteSite
2319,16,8
timeStep,numberOfRobotsOnBlackSite,numberOfRobotsOnWhiteSite
2320,16,8
timeStep,numberOfRobotsOnBlackSite,numberOfRobotsOnWhiteSite
2321,16,8
timeStep,numberOfRobotsOnBlackSite,numberOfRobotsOnWhiteSite
2322,16,8
timeStep,numberOfRobotsOnBlackSite,numberOfRobotsOnWhiteSite
2323,16,8
timeStep,numberOfRobotsOnBlackSite,numberOfRobotsOnWhiteSite
2324,16,8
timeStep,numberOfRobotsOnBlackSite,numberOfRobotsOnWhiteSite
2325,16,8
timeStep,numberOfRobotsOnBlackSite,numberOfRobotsOnWhiteSite
2326,16,8
timeStep,numberOfRobotsOnBlackSite,numberOfRobotsOnWhiteSite
2327,16,8
timeStep,numberOfRobotsOnBlackSite,numberOfRobotsOnWhiteSite
2328,16,8
timeStep,numberOfRobotsOnBlackSite,numberOfRobotsOnWhiteSite
2329,16,8
timeStep,numberOfRobotsOnBlackSite,numberOfRobotsOnWhiteSite
2330,16,8
timeStep,numberOfRobotsOnBlackSite,numberOfRobotsOnWhiteSite
2331,16,8
timeStep,numberOfRobotsOnBlackSite,numberOfRobotsOnWhiteSite
2332,16,8
timeStep,numberOfRobotsOnBlackSite,numberOfRobotsOnWhiteSite
2333,16,8
timeStep,numberOfRobotsOnBlackSite,numberOfRobotsOnWhiteSite
2334,16,8
timeStep,numberOfRobotsOnBlackSite,numberOfRobotsOnWhiteSite
2335,17,8
timeStep,numberOfRobotsOnBlackSite,numberOfRobotsOnWhiteSite
2336,17,8
timeStep,numberOfRobotsOnBlackSite,numberOfRobotsOnWhiteSite
2337,17,8
timeStep,numberOfRobotsOnBlackSite,numberOfRobotsOnWhiteSite
2338,17,8
timeStep,numberOfRobotsOnBlackSite,numberOfRobotsOnWhiteSite
2339,17,8
timeStep,numberOfRobotsOnBlackSite,numberOfRobotsOnWhiteSite
2340,17,8
timeStep,numberOfRobotsOnBlackSite,numberOfRobotsOnWhiteSite
2341,17,8
timeStep,numberOfRobotsOnBlackSite,numberOfRobotsOnWhiteSite
2342,17,8
timeStep,numberOfRobotsOnBlackSite,numberOfRobotsOnWhiteSite
2343,17,8
timeStep,numberOfRobotsOnBlackSite,numberOfRobotsOnWhiteSite
2344,17,8
timeStep,numberOfRobotsOnBlackSite,numberOfRobotsOnWhiteSite
2345,17,9
timeStep,numberOfRobotsOnBlackSite,numberOfRobotsOnWhiteSite
2346,17,9
timeStep,numberOfRobotsOnBlackSite,numberOfRobotsOnWhiteSite
2347,17,9
timeStep,numberOfRobotsOnBlackSite,numberOfRobotsOnWhiteSite
2348,17,9
timeStep,numberOfRobotsOnBlackSite,numberOfRobotsOnWhiteSite
2349,17,9
timeStep,numberOfRobotsOnBlackSite,numberOfRobotsOnWhiteSite
2350,17,9
timeStep,numberOfRobotsOnBlackSite,numberOfRobotsOnWhiteSite
2351,17,9
timeStep,numberOfRobotsOnBlackSite,numberOfRobotsOnWhiteSite
2352,17,9
timeStep,numberOfRobotsOnBlackSite,numberOfRobotsOnWhiteSite
2353,17,9
timeStep,numberOfRobotsOnBlackSite,numberOfRobotsOnWhiteSite
2354,17,9
timeStep,numberOfRobotsOnBlackSite,numberOfRobotsOnWhiteSite
2355,17,8
timeStep,numberOfRobotsOnBlackSite,numberOfRobotsOnWhiteSite
2356,17,8
timeStep,numberOfRobotsOnBlackSite,numberOfRobotsOnWhiteSite
2357,17,8
timeStep,numberOfRobotsOnBlackSite,numberOfRobotsOnWhiteSite
2358,17,8
timeStep,numberOfRobotsOnBlackSite,numberOfRobotsOnWhiteSite
2359,17,8
timeStep,numberOfRobotsOnBlackSite,numberOfRobotsOnWhiteSite
2360,17,9
timeStep,numberOfRobotsOnBlackSite,numberOfRobotsOnWhiteSite
2361,17,9
timeStep,numberOfRobotsOnBlackSite,numberOfRobotsOnWhiteSite
2362,17,9
timeStep,numberOfRobotsOnBlackSite,numberOfRobotsOnWhiteSite
2363,17,9
timeStep,numberOfRobotsOnBlackSite,numberOfRobotsOnWhiteSite
2364,17,9
timeStep,numberOfRobotsOnBlackSite,numberOfRobotsOnWhiteSite
2365,17,9
timeStep,numberOfRobotsOnBlackSite,numberOfRobotsOnWhiteSite
2366,17,9
timeStep,numberOfRobotsOnBlackSite,numberOfRobotsOnWhiteSite
2367,17,9
timeStep,numberOfRobotsOnBlackSite,numberOfRobotsOnWhiteSite
2368,17,9
timeStep,numberOfRobotsOnBlackSite,numberOfRobotsOnWhiteSite
2369,17,9
timeStep,numberOfRobotsOnBlackSite,numberOfRobotsOnWhiteSite
2370,17,9
timeStep,numberOfRobotsOnBlackSite,numberOfRobotsOnWhiteSite
2371,17,9
timeStep,numberOfRobotsOnBlackSite,numberOfRobotsOnWhiteSite
2372,17,9
timeStep,numberOfRobotsOnBlackSite,numberOfRobotsOnWhiteSite
2373,17,9
timeStep,numberOfRobotsOnBlackSite,numberOfRobotsOnWhiteSite
2374,17,9
timeStep,numberOfRobotsOnBlackSite,numberOfRobotsOnWhiteSite
2375,17,9
timeStep,numberOfRobotsOnBlackSite,numberOfRobotsOnWhiteSite
2376,17,9
timeStep,numberOfRobotsOnBlackSite,numberOfRobotsOnWhiteSite
2377,17,9
timeStep,numberOfRobotsOnBlackSite,numberOfRobotsOnWhiteSite
2378,17,9
timeStep,numberOfRobotsOnBlackSite,numberOfRobotsOnWhiteSite
2379,17,9
timeStep,numberOfRobotsOnBlackSite,numberOfRobotsOnWhiteSite
2380,17,9
timeStep,numberOfRobotsOnBlackSite,numberOfRobotsOnWhiteSite
2381,17,9
timeStep,numberOfRobotsOnBlackSite,numberOfRobotsOnWhiteSite
2382,17,9
timeStep,numberOfRobotsOnBlackSite,numberOfRobotsOnWhiteSite
2383,17,9
timeStep,numberOfRobotsOnBlackSite,numberOfRobotsOnWhiteSite
2384,17,9
timeStep,numberOfRobotsOnBlackSite,numberOfRobotsOnWhiteSite
2385,17,9
timeStep,numberOfRobotsOnBlackSite,numberOfRobotsOnWhiteSite
2386,17,9
timeStep,numberOfRobotsOnBlackSite,numberOfRobotsOnWhiteSite
2387,17,9
timeStep,numberOfRobotsOnBlackSite,numberOfRobotsOnWhiteSite
2388,17,9
timeStep,numberOfRobotsOnBlackSite,numberOfRobotsOnWhiteSite
2389,17,9
timeStep,numberOfRobotsOnBlackSite,numberOfRobotsOnWhiteSite
2390,17,9
timeStep,numberOfRobotsOnBlackSite,numberOfRobotsOnWhiteSite
2391,17,9
timeStep,numberOfRobotsOnBlackSite,numberOfRobotsOnWhiteSite
2392,17,9
timeStep,numberOfRobotsOnBlackSite,numberOfRobotsOnWhiteSite
2393,17,9
timeStep,numberOfRobotsOnBlackSite,numberOfRobotsOnWhiteSite
2394,17,9
timeStep,numberOfRobotsOnBlackSite,numberOfRobotsOnWhiteSite
2395,17,9
timeStep,numberOfRobotsOnBlackSite,numberOfRobotsOnWhiteSite
2396,17,9
timeStep,numberOfRobotsOnBlackSite,numberOfRobotsOnWhiteSite
2397,17,9
timeStep,numberOfRobotsOnBlackSite,numberOfRobotsOnWhiteSite
2398,17,9
timeStep,numberOfRobotsOnBlackSite,numberOfRobotsOnWhiteSite
2399,17,9
timeStep,numberOfRobotsOnBlackSite,numberOfRobotsOnWhiteSite
2400,17,9
timeStep,numberOfRobotsOnBlackSite,numberOfRobotsOnWhiteSite
2401,17,9
timeStep,numberOfRobotsOnBlackSite,numberOfRobotsOnWhiteSite
2402,17,9
timeStep,numberOfRobotsOnBlackSite,numberOfRobotsOnWhiteSite
2403,17,9
timeStep,numberOfRobotsOnBlackSite,numberOfRobotsOnWhiteSite
2404,17,9
timeStep,numberOfRobotsOnBlackSite,numberOfRobotsOnWhiteSite
2405,17,9
timeStep,numberOfRobotsOnBlackSite,numberOfRobotsOnWhiteSite
2406,17,9
timeStep,numberOfRobotsOnBlackSite,numberOfRobotsOnWhiteSite
2407,17,9
timeStep,numberOfRobotsOnBlackSite,numberOfRobotsOnWhiteSite
2408,17,9
timeStep,numberOfRobotsOnBlackSite,numberOfRobotsOnWhiteSite
2409,17,9
timeStep,numberOfRobotsOnBlackSite,numberOfRobotsOnWhiteSite
2410,17,9
timeStep,numberOfRobotsOnBlackSite,numberOfRobotsOnWhiteSite
2411,17,9
timeStep,numberOfRobotsOnBlackSite,numberOfRobotsOnWhiteSite
2412,17,9
timeStep,numberOfRobotsOnBlackSite,numberOfRobotsOnWhiteSite
2413,17,9
timeStep,numberOfRobotsOnBlackSite,numberOfRobotsOnWhiteSite
2414,17,9
timeStep,numberOfRobotsOnBlackSite,numberOfRobotsOnWhiteSite
2415,17,9
timeStep,numberOfRobotsOnBlackSite,numberOfRobotsOnWhiteSite
2416,17,9
timeStep,numberOfRobotsOnBlackSite,numberOfRobotsOnWhiteSite
2417,17,9
timeStep,numberOfRobotsOnBlackSite,numberOfRobotsOnWhiteSite
2418,17,9
timeStep,numberOfRobotsOnBlackSite,numberOfRobotsOnWhiteSite
2419,17,9
timeStep,numberOfRobotsOnBlackSite,numberOfRobotsOnWhiteSite
2420,17,9
timeStep,numberOfRobotsOnBlackSite,numberOfRobotsOnWhiteSite
2421,17,9
timeStep,numberOfRobotsOnBlackSite,numberOfRobotsOnWhiteSite
2422,17,9
timeStep,numberOfRobotsOnBlackSite,numberOfRobotsOnWhiteSite
2423,17,9
timeStep,numberOfRobotsOnBlackSite,numberOfRobotsOnWhiteSite
2424,17,9
timeStep,numberOfRobotsOnBlackSite,numberOfRobotsOnWhiteSite
2425,17,9
timeStep,numberOfRobotsOnBlackSite,numberOfRobotsOnWhiteSite
2426,17,9
timeStep,numberOfRobotsOnBlackSite,numberOfRobotsOnWhiteSite
2427,17,9
timeStep,numberOfRobotsOnBlackSite,numberOfRobotsOnWhiteSite
2428,17,9
timeStep,numberOfRobotsOnBlackSite,numberOfRobotsOnWhiteSite
2429,17,9
timeStep,numberOfRobotsOnBlackSite,numberOfRobotsOnWhiteSite
2430,17,10
timeStep,numberOfRobotsOnBlackSite,numberOfRobotsOnWhiteSite
2431,17,10
timeStep,numberOfRobotsOnBlackSite,numberOfRobotsOnWhiteSite
2432,17,10
timeStep,numberOfRobotsOnBlackSite,numberOfRobotsOnWhiteSite
2433,17,10
timeStep,numberOfRobotsOnBlackSite,numberOfRobotsOnWhiteSite
2434,17,10
timeStep,numberOfRobotsOnBlackSite,numberOfRobotsOnWhiteSite
2435,17,10
timeStep,numberOfRobotsOnBlackSite,numberOfRobotsOnWhiteSite
2436,17,10
timeStep,numberOfRobotsOnBlackSite,numberOfRobotsOnWhiteSite
2437,17,10
timeStep,numberOfRobotsOnBlackSite,numberOfRobotsOnWhiteSite
2438,17,10
timeStep,numberOfRobotsOnBlackSite,numberOfRobotsOnWhiteSite
2439,17,10
timeStep,numberOfRobotsOnBlackSite,numberOfRobotsOnWhiteSite
2440,17,10
timeStep,numberOfRobotsOnBlackSite,numberOfRobotsOnWhiteSite
2441,17,10
timeStep,numberOfRobotsOnBlackSite,numberOfRobotsOnWhiteSite
2442,17,10
timeStep,numberOfRobotsOnBlackSite,numberOfRobotsOnWhiteSite
2443,17,10
timeStep,numberOfRobotsOnBlackSite,numberOfRobotsOnWhiteSite
2444,17,10
timeStep,numberOfRobotsOnBlackSite,numberOfRobotsOnWhiteSite
2445,17,9
timeStep,numberOfRobotsOnBlackSite,numberOfRobotsOnWhiteSite
2446,17,9
timeStep,numberOfRobotsOnBlackSite,numberOfRobotsOnWhiteSite
2447,17,9
timeStep,numberOfRobotsOnBlackSite,numberOfRobotsOnWhiteSite
2448,17,9
timeStep,numberOfRobotsOnBlackSite,numberOfRobotsOnWhiteSite
2449,17,9
timeStep,numberOfRobotsOnBlackSite,numberOfRobotsOnWhiteSite
2450,17,9
timeStep,numberOfRobotsOnBlackSite,numberOfRobotsOnWhiteSite
2451,17,9
timeStep,numberOfRobotsOnBlackSite,numberOfRobotsOnWhiteSite
2452,17,9
timeStep,numberOfRobotsOnBlackSite,numberOfRobotsOnWhiteSite
2453,17,9
timeStep,numberOfRobotsOnBlackSite,numberOfRobotsOnWhiteSite
2454,17,9
timeStep,numberOfRobotsOnBlackSite,numberOfRobotsOnWhiteSite
2455,17,9
timeStep,numberOfRobotsOnBlackSite,numberOfRobotsOnWhiteSite
2456,17,9
timeStep,numberOfRobotsOnBlackSite,numberOfRobotsOnWhiteSite
2457,17,9
timeStep,numberOfRobotsOnBlackSite,numberOfRobotsOnWhiteSite
2458,17,9
timeStep,numberOfRobotsOnBlackSite,numberOfRobotsOnWhiteSite
2459,17,9
timeStep,numberOfRobotsOnBlackSite,numberOfRobotsOnWhiteSite
2460,17,9
timeStep,numberOfRobotsOnBlackSite,numberOfRobotsOnWhiteSite
2461,17,9
timeStep,numberOfRobotsOnBlackSite,numberOfRobotsOnWhiteSite
2462,17,9
timeStep,numberOfRobotsOnBlackSite,numberOfRobotsOnWhiteSite
2463,17,9
timeStep,numberOfRobotsOnBlackSite,numberOfRobotsOnWhiteSite
2464,17,9
timeStep,numberOfRobotsOnBlackSite,numberOfRobotsOnWhiteSite
2465,17,9
timeStep,numberOfRobotsOnBlackSite,numberOfRobotsOnWhiteSite
2466,17,9
timeStep,numberOfRobotsOnBlackSite,numberOfRobotsOnWhiteSite
2467,17,9
timeStep,numberOfRobotsOnBlackSite,numberOfRobotsOnWhiteSite
2468,17,9
timeStep,numberOfRobotsOnBlackSite,numberOfRobotsOnWhiteSite
2469,17,9
timeStep,numberOfRobotsOnBlackSite,numberOfRobotsOnWhiteSite
2470,17,9
timeStep,numberOfRobotsOnBlackSite,numberOfRobotsOnWhiteSite
2471,17,9
timeStep,numberOfRobotsOnBlackSite,numberOfRobotsOnWhiteSite
2472,17,9
timeStep,numberOfRobotsOnBlackSite,numberOfRobotsOnWhiteSite
2473,17,9
timeStep,numberOfRobotsOnBlackSite,numberOfRobotsOnWhiteSite
2474,17,9
timeStep,numberOfRobotsOnBlackSite,numberOfRobotsOnWhiteSite
2475,17,9
timeStep,numberOfRobotsOnBlackSite,numberOfRobotsOnWhiteSite
2476,17,9
timeStep,numberOfRobotsOnBlackSite,numberOfRobotsOnWhiteSite
2477,17,9
timeStep,numberOfRobotsOnBlackSite,numberOfRobotsOnWhiteSite
2478,17,9
timeStep,numberOfRobotsOnBlackSite,numberOfRobotsOnWhiteSite
2479,17,9
timeStep,numberOfRobotsOnBlackSite,numberOfRobotsOnWhiteSite
2480,17,9
timeStep,numberOfRobotsOnBlackSite,numberOfRobotsOnWhiteSite
2481,17,9
timeStep,numberOfRobotsOnBlackSite,numberOfRobotsOnWhiteSite
2482,17,9
timeStep,numberOfRobotsOnBlackSite,numberOfRobotsOnWhiteSite
2483,17,9
timeStep,numberOfRobotsOnBlackSite,numberOfRobotsOnWhiteSite
2484,17,9
timeStep,numberOfRobotsOnBlackSite,numberOfRobotsOnWhiteSite
2485,17,9
timeStep,numberOfRobotsOnBlackSite,numberOfRobotsOnWhiteSite
2486,17,9
timeStep,numberOfRobotsOnBlackSite,numberOfRobotsOnWhiteSite
2487,17,9
timeStep,numberOfRobotsOnBlackSite,numberOfRobotsOnWhiteSite
2488,17,9
timeStep,numberOfRobotsOnBlackSite,numberOfRobotsOnWhiteSite
2489,17,9
timeStep,numberOfRobotsOnBlackSite,numberOfRobotsOnWhiteSite
2490,17,9
timeStep,numberOfRobotsOnBlackSite,numberOfRobotsOnWhiteSite
2491,17,9
timeStep,numberOfRobotsOnBlackSite,numberOfRobotsOnWhiteSite
2492,17,9
timeStep,numberOfRobotsOnBlackSite,numberOfRobotsOnWhiteSite
2493,17,9
timeStep,numberOfRobotsOnBlackSite,numberOfRobotsOnWhiteSite
2494,17,9
timeStep,numberOfRobotsOnBlackSite,numberOfRobotsOnWhiteSite
2495,17,10
timeStep,numberOfRobotsOnBlackSite,numberOfRobotsOnWhiteSite
2496,17,10
timeStep,numberOfRobotsOnBlackSite,numberOfRobotsOnWhiteSite
2497,17,10
timeStep,numberOfRobotsOnBlackSite,numberOfRobotsOnWhiteSite
2498,17,10
timeStep,numberOfRobotsOnBlackSite,numberOfRobotsOnWhiteSite
2499,17,10
timeStep,numberOfRobotsOnBlackSite,numberOfRobotsOnWhiteSite
2500,18,9
timeStep,numberOfRobotsOnBlackSite,numberOfRobotsOnWhiteSite
2501,18,9
timeStep,numberOfRobotsOnBlackSite,numberOfRobotsOnWhiteSite
2502,18,9
timeStep,numberOfRobotsOnBlackSite,numberOfRobotsOnWhiteSite
2503,18,9
timeStep,numberOfRobotsOnBlackSite,numberOfRobotsOnWhiteSite
2504,18,9
timeStep,numberOfRobotsOnBlackSite,numberOfRobotsOnWhiteSite
2505,18,9
timeStep,numberOfRobotsOnBlackSite,numberOfRobotsOnWhiteSite
2506,18,9
timeStep,numberOfRobotsOnBlackSite,numberOfRobotsOnWhiteSite
2507,18,9
timeStep,numberOfRobotsOnBlackSite,numberOfRobotsOnWhiteSite
2508,18,9
timeStep,numberOfRobotsOnBlackSite,numberOfRobotsOnWhiteSite
2509,18,9
timeStep,numberOfRobotsOnBlackSite,numberOfRobotsOnWhiteSite
2510,18,9
timeStep,numberOfRobotsOnBlackSite,numberOfRobotsOnWhiteSite
2511,18,9
timeStep,numberOfRobotsOnBlackSite,numberOfRobotsOnWhiteSite
2512,18,9
timeStep,numberOfRobotsOnBlackSite,numberOfRobotsOnWhiteSite
2513,18,9
timeStep,numberOfRobotsOnBlackSite,numberOfRobotsOnWhiteSite
2514,18,9
timeStep,numberOfRobotsOnBlackSite,numberOfRobotsOnWhiteSite
2515,18,9
timeStep,numberOfRobotsOnBlackSite,numberOfRobotsOnWhiteSite
2516,18,9
timeStep,numberOfRobotsOnBlackSite,numberOfRobotsOnWhiteSite
2517,18,9
timeStep,numberOfRobotsOnBlackSite,numberOfRobotsOnWhiteSite
2518,18,9
timeStep,numberOfRobotsOnBlackSite,numberOfRobotsOnWhiteSite
2519,18,9
timeStep,numberOfRobotsOnBlackSite,numberOfRobotsOnWhiteSite
2520,17,9
timeStep,numberOfRobotsOnBlackSite,numberOfRobotsOnWhiteSite
2521,17,9
timeStep,numberOfRobotsOnBlackSite,numberOfRobotsOnWhiteSite
2522,17,9
timeStep,numberOfRobotsOnBlackSite,numberOfRobotsOnWhiteSite
2523,17,9
timeStep,numberOfRobotsOnBlackSite,numberOfRobotsOnWhiteSite
2524,17,9
timeStep,numberOfRobotsOnBlackSite,numberOfRobotsOnWhiteSite
2525,17,9
timeStep,numberOfRobotsOnBlackSite,numberOfRobotsOnWhiteSite
2526,17,9
timeStep,numberOfRobotsOnBlackSite,numberOfRobotsOnWhiteSite
2527,17,9
timeStep,numberOfRobotsOnBlackSite,numberOfRobotsOnWhiteSite
2528,17,9
timeStep,numberOfRobotsOnBlackSite,numberOfRobotsOnWhiteSite
2529,17,9
timeStep,numberOfRobotsOnBlackSite,numberOfRobotsOnWhiteSite
2530,17,9
timeStep,numberOfRobotsOnBlackSite,numberOfRobotsOnWhiteSite
2531,17,9
timeStep,numberOfRobotsOnBlackSite,numberOfRobotsOnWhiteSite
2532,17,9
timeStep,numberOfRobotsOnBlackSite,numberOfRobotsOnWhiteSite
2533,17,9
timeStep,numberOfRobotsOnBlackSite,numberOfRobotsOnWhiteSite
2534,17,9
timeStep,numberOfRobotsOnBlackSite,numberOfRobotsOnWhiteSite
2535,17,9
timeStep,numberOfRobotsOnBlackSite,numberOfRobotsOnWhiteSite
2536,17,9
timeStep,numberOfRobotsOnBlackSite,numberOfRobotsOnWhiteSite
2537,17,9
timeStep,numberOfRobotsOnBlackSite,numberOfRobotsOnWhiteSite
2538,17,9
timeStep,numberOfRobotsOnBlackSite,numberOfRobotsOnWhiteSite
2539,17,9
timeStep,numberOfRobotsOnBlackSite,numberOfRobotsOnWhiteSite
2540,17,8
timeStep,numberOfRobotsOnBlackSite,numberOfRobotsOnWhiteSite
2541,17,8
timeStep,numberOfRobotsOnBlackSite,numberOfRobotsOnWhiteSite
2542,17,8
timeStep,numberOfRobotsOnBlackSite,numberOfRobotsOnWhiteSite
2543,17,8
timeStep,numberOfRobotsOnBlackSite,numberOfRobotsOnWhiteSite
2544,17,8
timeStep,numberOfRobotsOnBlackSite,numberOfRobotsOnWhiteSite
2545,17,9
timeStep,numberOfRobotsOnBlackSite,numberOfRobotsOnWhiteSite
2546,17,9
timeStep,numberOfRobotsOnBlackSite,numberOfRobotsOnWhiteSite
2547,17,9
timeStep,numberOfRobotsOnBlackSite,numberOfRobotsOnWhiteSite
2548,17,9
timeStep,numberOfRobotsOnBlackSite,numberOfRobotsOnWhiteSite
2549,17,9
timeStep,numberOfRobotsOnBlackSite,numberOfRobotsOnWhiteSite
2550,16,9
timeStep,numberOfRobotsOnBlackSite,numberOfRobotsOnWhiteSite
2551,16,9
timeStep,numberOfRobotsOnBlackSite,numberOfRobotsOnWhiteSite
2552,16,9
timeStep,numberOfRobotsOnBlackSite,numberOfRobotsOnWhiteSite
2553,16,9
timeStep,numberOfRobotsOnBlackSite,numberOfRobotsOnWhiteSite
2554,16,9
timeStep,numberOfRobotsOnBlackSite,numberOfRobotsOnWhiteSite
2555,16,9
timeStep,numberOfRobotsOnBlackSite,numberOfRobotsOnWhiteSite
2556,16,9
timeStep,numberOfRobotsOnBlackSite,numberOfRobotsOnWhiteSite
2557,16,9
timeStep,numberOfRobotsOnBlackSite,numberOfRobotsOnWhiteSite
2558,16,9
timeStep,numberOfRobotsOnBlackSite,numberOfRobotsOnWhiteSite
2559,16,9
timeStep,numberOfRobotsOnBlackSite,numberOfRobotsOnWhiteSite
2560,16,10
timeStep,numberOfRobotsOnBlackSite,numberOfRobotsOnWhiteSite
2561,16,10
timeStep,numberOfRobotsOnBlackSite,numberOfRobotsOnWhiteSite
2562,16,10
timeStep,numberOfRobotsOnBlackSite,numberOfRobotsOnWhiteSite
2563,16,10
timeStep,numberOfRobotsOnBlackSite,numberOfRobotsOnWhiteSite
2564,16,10
timeStep,numberOfRobotsOnBlackSite,numberOfRobotsOnWhiteSite
2565,17,11
timeStep,numberOfRobotsOnBlackSite,numberOfRobotsOnWhiteSite
2566,17,11
timeStep,numberOfRobotsOnBlackSite,numberOfRobotsOnWhiteSite
2567,17,11
timeStep,numberOfRobotsOnBlackSite,numberOfRobotsOnWhiteSite
2568,17,11
timeStep,numberOfRobotsOnBlackSite,numberOfRobotsOnWhiteSite
2569,17,11
timeStep,numberOfRobotsOnBlackSite,numberOfRobotsOnWhiteSite
2570,17,11
timeStep,numberOfRobotsOnBlackSite,numberOfRobotsOnWhiteSite
2571,17,11
timeStep,numberOfRobotsOnBlackSite,numberOfRobotsOnWhiteSite
2572,17,11
timeStep,numberOfRobotsOnBlackSite,numberOfRobotsOnWhiteSite
2573,17,11
timeStep,numberOfRobotsOnBlackSite,numberOfRobotsOnWhiteSite
2574,17,11
timeStep,numberOfRobotsOnBlackSite,numberOfRobotsOnWhiteSite
2575,17,11
timeStep,numberOfRobotsOnBlackSite,numberOfRobotsOnWhiteSite
2576,17,11
timeStep,numberOfRobotsOnBlackSite,numberOfRobotsOnWhiteSite
2577,17,11
timeStep,numberOfRobotsOnBlackSite,numberOfRobotsOnWhiteSite
2578,17,11
timeStep,numberOfRobotsOnBlackSite,numberOfRobotsOnWhiteSite
2579,17,11
timeStep,numberOfRobotsOnBlackSite,numberOfRobotsOnWhiteSite
2580,17,11
timeStep,numberOfRobotsOnBlackSite,numberOfRobotsOnWhiteSite
2581,17,11
timeStep,numberOfRobotsOnBlackSite,numberOfRobotsOnWhiteSite
2582,17,11
timeStep,numberOfRobotsOnBlackSite,numberOfRobotsOnWhiteSite
2583,17,11
timeStep,numberOfRobotsOnBlackSite,numberOfRobotsOnWhiteSite
2584,17,11
timeStep,numberOfRobotsOnBlackSite,numberOfRobotsOnWhiteSite
2585,17,11
timeStep,numberOfRobotsOnBlackSite,numberOfRobotsOnWhiteSite
2586,17,11
timeStep,numberOfRobotsOnBlackSite,numberOfRobotsOnWhiteSite
2587,17,11
timeStep,numberOfRobotsOnBlackSite,numberOfRobotsOnWhiteSite
2588,17,11
timeStep,numberOfRobotsOnBlackSite,numberOfRobotsOnWhiteSite
2589,17,11
timeStep,numberOfRobotsOnBlackSite,numberOfRobotsOnWhiteSite
2590,17,11
timeStep,numberOfRobotsOnBlackSite,numberOfRobotsOnWhiteSite
2591,17,11
timeStep,numberOfRobotsOnBlackSite,numberOfRobotsOnWhiteSite
2592,17,11
timeStep,numberOfRobotsOnBlackSite,numberOfRobotsOnWhiteSite
2593,17,11
timeStep,numberOfRobotsOnBlackSite,numberOfRobotsOnWhiteSite
2594,17,11
timeStep,numberOfRobotsOnBlackSite,numberOfRobotsOnWhiteSite
2595,17,11
timeStep,numberOfRobotsOnBlackSite,numberOfRobotsOnWhiteSite
2596,17,11
timeStep,numberOfRobotsOnBlackSite,numberOfRobotsOnWhiteSite
2597,17,11
timeStep,numberOfRobotsOnBlackSite,numberOfRobotsOnWhiteSite
2598,17,11
timeStep,numberOfRobotsOnBlackSite,numberOfRobotsOnWhiteSite
2599,17,11
timeStep,numberOfRobotsOnBlackSite,numberOfRobotsOnWhiteSite
2600,17,11
timeStep,numberOfRobotsOnBlackSite,numberOfRobotsOnWhiteSite
2601,17,11
timeStep,numberOfRobotsOnBlackSite,numberOfRobotsOnWhiteSite
2602,17,11
timeStep,numberOfRobotsOnBlackSite,numberOfRobotsOnWhiteSite
2603,17,11
timeStep,numberOfRobotsOnBlackSite,numberOfRobotsOnWhiteSite
2604,17,11
timeStep,numberOfRobotsOnBlackSite,numberOfRobotsOnWhiteSite
2605,18,11
timeStep,numberOfRobotsOnBlackSite,numberOfRobotsOnWhiteSite
2606,18,11
timeStep,numberOfRobotsOnBlackSite,numberOfRobotsOnWhiteSite
2607,18,11
timeStep,numberOfRobotsOnBlackSite,numberOfRobotsOnWhiteSite
2608,18,11
timeStep,numberOfRobotsOnBlackSite,numberOfRobotsOnWhiteSite
2609,18,11
timeStep,numberOfRobotsOnBlackSite,numberOfRobotsOnWhiteSite
2610,18,11
timeStep,numberOfRobotsOnBlackSite,numberOfRobotsOnWhiteSite
2611,18,11
timeStep,numberOfRobotsOnBlackSite,numberOfRobotsOnWhiteSite
2612,18,11
timeStep,numberOfRobotsOnBlackSite,numberOfRobotsOnWhiteSite
2613,18,11
timeStep,numberOfRobotsOnBlackSite,numberOfRobotsOnWhiteSite
2614,18,11
timeStep,numberOfRobotsOnBlackSite,numberOfRobotsOnWhiteSite
2615,18,11
timeStep,numberOfRobotsOnBlackSite,numberOfRobotsOnWhiteSite
2616,18,11
timeStep,numberOfRobotsOnBlackSite,numberOfRobotsOnWhiteSite
2617,18,11
timeStep,numberOfRobotsOnBlackSite,numberOfRobotsOnWhiteSite
2618,18,11
timeStep,numberOfRobotsOnBlackSite,numberOfRobotsOnWhiteSite
2619,18,11
timeStep,numberOfRobotsOnBlackSite,numberOfRobotsOnWhiteSite
2620,18,11
timeStep,numberOfRobotsOnBlackSite,numberOfRobotsOnWhiteSite
2621,18,11
timeStep,numberOfRobotsOnBlackSite,numberOfRobotsOnWhiteSite
2622,18,11
timeStep,numberOfRobotsOnBlackSite,numberOfRobotsOnWhiteSite
2623,18,11
timeStep,numberOfRobotsOnBlackSite,numberOfRobotsOnWhiteSite
2624,18,11
timeStep,numberOfRobotsOnBlackSite,numberOfRobotsOnWhiteSite
2625,18,11
timeStep,numberOfRobotsOnBlackSite,numberOfRobotsOnWhiteSite
2626,18,11
timeStep,numberOfRobotsOnBlackSite,numberOfRobotsOnWhiteSite
2627,18,11
timeStep,numberOfRobotsOnBlackSite,numberOfRobotsOnWhiteSite
2628,18,11
timeStep,numberOfRobotsOnBlackSite,numberOfRobotsOnWhiteSite
2629,18,11
timeStep,numberOfRobotsOnBlackSite,numberOfRobotsOnWhiteSite
2630,18,11
timeStep,numberOfRobotsOnBlackSite,numberOfRobotsOnWhiteSite
2631,18,11
timeStep,numberOfRobotsOnBlackSite,numberOfRobotsOnWhiteSite
2632,18,11
timeStep,numberOfRobotsOnBlackSite,numberOfRobotsOnWhiteSite
2633,18,11
timeStep,numberOfRobotsOnBlackSite,numberOfRobotsOnWhiteSite
2634,18,11
timeStep,numberOfRobotsOnBlackSite,numberOfRobotsOnWhiteSite
2635,18,11
timeStep,numberOfRobotsOnBlackSite,numberOfRobotsOnWhiteSite
2636,18,11
timeStep,numberOfRobotsOnBlackSite,numberOfRobotsOnWhiteSite
2637,18,11
timeStep,numberOfRobotsOnBlackSite,numberOfRobotsOnWhiteSite
2638,18,11
timeStep,numberOfRobotsOnBlackSite,numberOfRobotsOnWhiteSite
2639,18,11
timeStep,numberOfRobotsOnBlackSite,numberOfRobotsOnWhiteSite
2640,18,11
timeStep,numberOfRobotsOnBlackSite,numberOfRobotsOnWhiteSite
2641,18,11
timeStep,numberOfRobotsOnBlackSite,numberOfRobotsOnWhiteSite
2642,18,11
timeStep,numberOfRobotsOnBlackSite,numberOfRobotsOnWhiteSite
2643,18,11
timeStep,numberOfRobotsOnBlackSite,numberOfRobotsOnWhiteSite
2644,18,11
timeStep,numberOfRobotsOnBlackSite,numberOfRobotsOnWhiteSite
2645,18,11
timeStep,numberOfRobotsOnBlackSite,numberOfRobotsOnWhiteSite
2646,18,11
timeStep,numberOfRobotsOnBlackSite,numberOfRobotsOnWhiteSite
2647,18,11
timeStep,numberOfRobotsOnBlackSite,numberOfRobotsOnWhiteSite
2648,18,11
timeStep,numberOfRobotsOnBlackSite,numberOfRobotsOnWhiteSite
2649,18,11
timeStep,numberOfRobotsOnBlackSite,numberOfRobotsOnWhiteSite
2650,18,11
timeStep,numberOfRobotsOnBlackSite,numberOfRobotsOnWhiteSite
2651,18,11
timeStep,numberOfRobotsOnBlackSite,numberOfRobotsOnWhiteSite
2652,18,11
timeStep,numberOfRobotsOnBlackSite,numberOfRobotsOnWhiteSite
2653,18,11
timeStep,numberOfRobotsOnBlackSite,numberOfRobotsOnWhiteSite
2654,18,11
timeStep,numberOfRobotsOnBlackSite,numberOfRobotsOnWhiteSite
2655,18,11
timeStep,numberOfRobotsOnBlackSite,numberOfRobotsOnWhiteSite
2656,18,11
timeStep,numberOfRobotsOnBlackSite,numberOfRobotsOnWhiteSite
2657,18,11
timeStep,numberOfRobotsOnBlackSite,numberOfRobotsOnWhiteSite
2658,18,11
timeStep,numberOfRobotsOnBlackSite,numberOfRobotsOnWhiteSite
2659,18,11
timeStep,numberOfRobotsOnBlackSite,numberOfRobotsOnWhiteSite
2660,18,11
timeStep,numberOfRobotsOnBlackSite,numberOfRobotsOnWhiteSite
2661,18,11
timeStep,numberOfRobotsOnBlackSite,numberOfRobotsOnWhiteSite
2662,18,11
timeStep,numberOfRobotsOnBlackSite,numberOfRobotsOnWhiteSite
2663,18,11
timeStep,numberOfRobotsOnBlackSite,numberOfRobotsOnWhiteSite
2664,18,11
timeStep,numberOfRobotsOnBlackSite,numberOfRobotsOnWhiteSite
2665,18,11
timeStep,numberOfRobotsOnBlackSite,numberOfRobotsOnWhiteSite
2666,18,11
timeStep,numberOfRobotsOnBlackSite,numberOfRobotsOnWhiteSite
2667,18,11
timeStep,numberOfRobotsOnBlackSite,numberOfRobotsOnWhiteSite
2668,18,11
timeStep,numberOfRobotsOnBlackSite,numberOfRobotsOnWhiteSite
2669,18,11
timeStep,numberOfRobotsOnBlackSite,numberOfRobotsOnWhiteSite
2670,18,11
timeStep,numberOfRobotsOnBlackSite,numberOfRobotsOnWhiteSite
2671,18,11
timeStep,numberOfRobotsOnBlackSite,numberOfRobotsOnWhiteSite
2672,18,11
timeStep,numberOfRobotsOnBlackSite,numberOfRobotsOnWhiteSite
2673,18,11
timeStep,numberOfRobotsOnBlackSite,numberOfRobotsOnWhiteSite
2674,18,11
timeStep,numberOfRobotsOnBlackSite,numberOfRobotsOnWhiteSite
2675,18,11
timeStep,numberOfRobotsOnBlackSite,numberOfRobotsOnWhiteSite
2676,18,11
timeStep,numberOfRobotsOnBlackSite,numberOfRobotsOnWhiteSite
2677,18,11
timeStep,numberOfRobotsOnBlackSite,numberOfRobotsOnWhiteSite
2678,18,11
timeStep,numberOfRobotsOnBlackSite,numberOfRobotsOnWhiteSite
2679,18,11
timeStep,numberOfRobotsOnBlackSite,numberOfRobotsOnWhiteSite
2680,18,11
timeStep,numberOfRobotsOnBlackSite,numberOfRobotsOnWhiteSite
2681,18,11
timeStep,numberOfRobotsOnBlackSite,numberOfRobotsOnWhiteSite
2682,18,11
timeStep,numberOfRobotsOnBlackSite,numberOfRobotsOnWhiteSite
2683,18,11
timeStep,numberOfRobotsOnBlackSite,numberOfRobotsOnWhiteSite
2684,18,11
timeStep,numberOfRobotsOnBlackSite,numberOfRobotsOnWhiteSite
2685,18,11
timeStep,numberOfRobotsOnBlackSite,numberOfRobotsOnWhiteSite
2686,18,11
timeStep,numberOfRobotsOnBlackSite,numberOfRobotsOnWhiteSite
2687,18,11
timeStep,numberOfRobotsOnBlackSite,numberOfRobotsOnWhiteSite
2688,18,11
timeStep,numberOfRobotsOnBlackSite,numberOfRobotsOnWhiteSite
2689,18,11
timeStep,numberOfRobotsOnBlackSite,numberOfRobotsOnWhiteSite
2690,19,11
timeStep,numberOfRobotsOnBlackSite,numberOfRobotsOnWhiteSite
2691,19,11
timeStep,numberOfRobotsOnBlackSite,numberOfRobotsOnWhiteSite
2692,19,11
timeStep,numberOfRobotsOnBlackSite,numberOfRobotsOnWhiteSite
2693,19,11
timeStep,numberOfRobotsOnBlackSite,numberOfRobotsOnWhiteSite
2694,19,11
timeStep,numberOfRobotsOnBlackSite,numberOfRobotsOnWhiteSite
2695,19,11
timeStep,numberOfRobotsOnBlackSite,numberOfRobotsOnWhiteSite
2696,19,11
timeStep,numberOfRobotsOnBlackSite,numberOfRobotsOnWhiteSite
2697,19,11
timeStep,numberOfRobotsOnBlackSite,numberOfRobotsOnWhiteSite
2698,19,11
timeStep,numberOfRobotsOnBlackSite,numberOfRobotsOnWhiteSite
2699,19,11
timeStep,numberOfRobotsOnBlackSite,numberOfRobotsOnWhiteSite
2700,19,11
timeStep,numberOfRobotsOnBlackSite,numberOfRobotsOnWhiteSite
2701,19,11
timeStep,numberOfRobotsOnBlackSite,numberOfRobotsOnWhiteSite
2702,19,11
timeStep,numberOfRobotsOnBlackSite,numberOfRobotsOnWhiteSite
2703,19,11
timeStep,numberOfRobotsOnBlackSite,numberOfRobotsOnWhiteSite
2704,19,11
timeStep,numberOfRobotsOnBlackSite,numberOfRobotsOnWhiteSite
2705,19,11
timeStep,numberOfRobotsOnBlackSite,numberOfRobotsOnWhiteSite
2706,19,11
timeStep,numberOfRobotsOnBlackSite,numberOfRobotsOnWhiteSite
2707,19,11
timeStep,numberOfRobotsOnBlackSite,numberOfRobotsOnWhiteSite
2708,19,11
timeStep,numberOfRobotsOnBlackSite,numberOfRobotsOnWhiteSite
2709,19,11
timeStep,numberOfRobotsOnBlackSite,numberOfRobotsOnWhiteSite
2710,19,11
timeStep,numberOfRobotsOnBlackSite,numberOfRobotsOnWhiteSite
2711,19,11
timeStep,numberOfRobotsOnBlackSite,numberOfRobotsOnWhiteSite
2712,19,11
timeStep,numberOfRobotsOnBlackSite,numberOfRobotsOnWhiteSite
2713,19,11
timeStep,numberOfRobotsOnBlackSite,numberOfRobotsOnWhiteSite
2714,19,11
timeStep,numberOfRobotsOnBlackSite,numberOfRobotsOnWhiteSite
2715,19,11
timeStep,numberOfRobotsOnBlackSite,numberOfRobotsOnWhiteSite
2716,19,11
timeStep,numberOfRobotsOnBlackSite,numberOfRobotsOnWhiteSite
2717,19,11
timeStep,numberOfRobotsOnBlackSite,numberOfRobotsOnWhiteSite
2718,19,11
timeStep,numberOfRobotsOnBlackSite,numberOfRobotsOnWhiteSite
2719,19,11
timeStep,numberOfRobotsOnBlackSite,numberOfRobotsOnWhiteSite
2720,19,11
timeStep,numberOfRobotsOnBlackSite,numberOfRobotsOnWhiteSite
2721,19,11
timeStep,numberOfRobotsOnBlackSite,numberOfRobotsOnWhiteSite
2722,19,11
timeStep,numberOfRobotsOnBlackSite,numberOfRobotsOnWhiteSite
2723,19,11
timeStep,numberOfRobotsOnBlackSite,numberOfRobotsOnWhiteSite
2724,19,11
timeStep,numberOfRobotsOnBlackSite,numberOfRobotsOnWhiteSite
2725,19,11
timeStep,numberOfRobotsOnBlackSite,numberOfRobotsOnWhiteSite
2726,19,11
timeStep,numberOfRobotsOnBlackSite,numberOfRobotsOnWhiteSite
2727,19,11
timeStep,numberOfRobotsOnBlackSite,numberOfRobotsOnWhiteSite
2728,19,11
timeStep,numberOfRobotsOnBlackSite,numberOfRobotsOnWhiteSite
2729,19,11
timeStep,numberOfRobotsOnBlackSite,numberOfRobotsOnWhiteSite
2730,19,11
timeStep,numberOfRobotsOnBlackSite,numberOfRobotsOnWhiteSite
2731,19,11
timeStep,numberOfRobotsOnBlackSite,numberOfRobotsOnWhiteSite
2732,19,11
timeStep,numberOfRobotsOnBlackSite,numberOfRobotsOnWhiteSite
2733,19,11
timeStep,numberOfRobotsOnBlackSite,numberOfRobotsOnWhiteSite
2734,19,11
timeStep,numberOfRobotsOnBlackSite,numberOfRobotsOnWhiteSite
2735,19,11
timeStep,numberOfRobotsOnBlackSite,numberOfRobotsOnWhiteSite
2736,19,11
timeStep,numberOfRobotsOnBlackSite,numberOfRobotsOnWhiteSite
2737,19,11
timeStep,numberOfRobotsOnBlackSite,numberOfRobotsOnWhiteSite
2738,19,11
timeStep,numberOfRobotsOnBlackSite,numberOfRobotsOnWhiteSite
2739,19,11
timeStep,numberOfRobotsOnBlackSite,numberOfRobotsOnWhiteSite
2740,19,11
timeStep,numberOfRobotsOnBlackSite,numberOfRobotsOnWhiteSite
2741,19,11
timeStep,numberOfRobotsOnBlackSite,numberOfRobotsOnWhiteSite
2742,19,11
timeStep,numberOfRobotsOnBlackSite,numberOfRobotsOnWhiteSite
2743,19,11
timeStep,numberOfRobotsOnBlackSite,numberOfRobotsOnWhiteSite
2744,19,11
timeStep,numberOfRobotsOnBlackSite,numberOfRobotsOnWhiteSite
2745,19,11
timeStep,numberOfRobotsOnBlackSite,numberOfRobotsOnWhiteSite
2746,19,11
timeStep,numberOfRobotsOnBlackSite,numberOfRobotsOnWhiteSite
2747,19,11
timeStep,numberOfRobotsOnBlackSite,numberOfRobotsOnWhiteSite
2748,19,11
timeStep,numberOfRobotsOnBlackSite,numberOfRobotsOnWhiteSite
2749,19,11
timeStep,numberOfRobotsOnBlackSite,numberOfRobotsOnWhiteSite
2750,19,11
timeStep,numberOfRobotsOnBlackSite,numberOfRobotsOnWhiteSite
2751,19,11
timeStep,numberOfRobotsOnBlackSite,numberOfRobotsOnWhiteSite
2752,19,11
timeStep,numberOfRobotsOnBlackSite,numberOfRobotsOnWhiteSite
2753,19,11
timeStep,numberOfRobotsOnBlackSite,numberOfRobotsOnWhiteSite
2754,19,11
timeStep,numberOfRobotsOnBlackSite,numberOfRobotsOnWhiteSite
2755,18,11
timeStep,numberOfRobotsOnBlackSite,numberOfRobotsOnWhiteSite
2756,18,11
timeStep,numberOfRobotsOnBlackSite,numberOfRobotsOnWhiteSite
2757,18,11
timeStep,numberOfRobotsOnBlackSite,numberOfRobotsOnWhiteSite
2758,18,11
timeStep,numberOfRobotsOnBlackSite,numberOfRobotsOnWhiteSite
2759,18,11
timeStep,numberOfRobotsOnBlackSite,numberOfRobotsOnWhiteSite
2760,18,10
timeStep,numberOfRobotsOnBlackSite,numberOfRobotsOnWhiteSite
2761,18,10
timeStep,numberOfRobotsOnBlackSite,numberOfRobotsOnWhiteSite
2762,18,10
timeStep,numberOfRobotsOnBlackSite,numberOfRobotsOnWhiteSite
2763,18,10
timeStep,numberOfRobotsOnBlackSite,numberOfRobotsOnWhiteSite
2764,18,10
timeStep,numberOfRobotsOnBlackSite,numberOfRobotsOnWhiteSite
2765,18,10
timeStep,numberOfRobotsOnBlackSite,numberOfRobotsOnWhiteSite
2766,18,10
timeStep,numberOfRobotsOnBlackSite,numberOfRobotsOnWhiteSite
2767,18,10
timeStep,numberOfRobotsOnBlackSite,numberOfRobotsOnWhiteSite
2768,18,10
timeStep,numberOfRobotsOnBlackSite,numberOfRobotsOnWhiteSite
2769,18,10
timeStep,numberOfRobotsOnBlackSite,numberOfRobotsOnWhiteSite
2770,18,10
timeStep,numberOfRobotsOnBlackSite,numberOfRobotsOnWhiteSite
2771,18,10
timeStep,numberOfRobotsOnBlackSite,numberOfRobotsOnWhiteSite
2772,18,10
timeStep,numberOfRobotsOnBlackSite,numberOfRobotsOnWhiteSite
2773,18,10
timeStep,numberOfRobotsOnBlackSite,numberOfRobotsOnWhiteSite
2774,18,10
timeStep,numberOfRobotsOnBlackSite,numberOfRobotsOnWhiteSite
2775,18,10
timeStep,numberOfRobotsOnBlackSite,numberOfRobotsOnWhiteSite
2776,18,10
timeStep,numberOfRobotsOnBlackSite,numberOfRobotsOnWhiteSite
2777,18,10
timeStep,numberOfRobotsOnBlackSite,numberOfRobotsOnWhiteSite
2778,18,10
timeStep,numberOfRobotsOnBlackSite,numberOfRobotsOnWhiteSite
2779,18,10
timeStep,numberOfRobotsOnBlackSite,numberOfRobotsOnWhiteSite
2780,18,10
timeStep,numberOfRobotsOnBlackSite,numberOfRobotsOnWhiteSite
2781,18,10
timeStep,numberOfRobotsOnBlackSite,numberOfRobotsOnWhiteSite
2782,18,10
timeStep,numberOfRobotsOnBlackSite,numberOfRobotsOnWhiteSite
2783,18,10
timeStep,numberOfRobotsOnBlackSite,numberOfRobotsOnWhiteSite
2784,18,10
timeStep,numberOfRobotsOnBlackSite,numberOfRobotsOnWhiteSite
2785,18,10
timeStep,numberOfRobotsOnBlackSite,numberOfRobotsOnWhiteSite
2786,18,10
timeStep,numberOfRobotsOnBlackSite,numberOfRobotsOnWhiteSite
2787,18,10
timeStep,numberOfRobotsOnBlackSite,numberOfRobotsOnWhiteSite
2788,18,10
timeStep,numberOfRobotsOnBlackSite,numberOfRobotsOnWhiteSite
2789,18,10
timeStep,numberOfRobotsOnBlackSite,numberOfRobotsOnWhiteSite
2790,18,11
timeStep,numberOfRobotsOnBlackSite,numberOfRobotsOnWhiteSite
2791,18,11
timeStep,numberOfRobotsOnBlackSite,numberOfRobotsOnWhiteSite
2792,18,11
timeStep,numberOfRobotsOnBlackSite,numberOfRobotsOnWhiteSite
2793,18,11
timeStep,numberOfRobotsOnBlackSite,numberOfRobotsOnWhiteSite
2794,18,11
timeStep,numberOfRobotsOnBlackSite,numberOfRobotsOnWhiteSite
2795,18,11
timeStep,numberOfRobotsOnBlackSite,numberOfRobotsOnWhiteSite
2796,18,11
timeStep,numberOfRobotsOnBlackSite,numberOfRobotsOnWhiteSite
2797,18,11
timeStep,numberOfRobotsOnBlackSite,numberOfRobotsOnWhiteSite
2798,18,11
timeStep,numberOfRobotsOnBlackSite,numberOfRobotsOnWhiteSite
2799,18,11
timeStep,numberOfRobotsOnBlackSite,numberOfRobotsOnWhiteSite
2800,19,11
timeStep,numberOfRobotsOnBlackSite,numberOfRobotsOnWhiteSite
2801,19,11
timeStep,numberOfRobotsOnBlackSite,numberOfRobotsOnWhiteSite
2802,19,11
timeStep,numberOfRobotsOnBlackSite,numberOfRobotsOnWhiteSite
2803,19,11
timeStep,numberOfRobotsOnBlackSite,numberOfRobotsOnWhiteSite
2804,19,11
timeStep,numberOfRobotsOnBlackSite,numberOfRobotsOnWhiteSite
2805,19,11
timeStep,numberOfRobotsOnBlackSite,numberOfRobotsOnWhiteSite
2806,19,11
timeStep,numberOfRobotsOnBlackSite,numberOfRobotsOnWhiteSite
2807,19,11
timeStep,numberOfRobotsOnBlackSite,numberOfRobotsOnWhiteSite
2808,19,11
timeStep,numberOfRobotsOnBlackSite,numberOfRobotsOnWhiteSite
2809,19,11
timeStep,numberOfRobotsOnBlackSite,numberOfRobotsOnWhiteSite
2810,19,11
timeStep,numberOfRobotsOnBlackSite,numberOfRobotsOnWhiteSite
2811,19,11
timeStep,numberOfRobotsOnBlackSite,numberOfRobotsOnWhiteSite
2812,19,11
timeStep,numberOfRobotsOnBlackSite,numberOfRobotsOnWhiteSite
2813,19,11
timeStep,numberOfRobotsOnBlackSite,numberOfRobotsOnWhiteSite
2814,19,11
timeStep,numberOfRobotsOnBlackSite,numberOfRobotsOnWhiteSite
2815,19,11
timeStep,numberOfRobotsOnBlackSite,numberOfRobotsOnWhiteSite
2816,19,11
timeStep,numberOfRobotsOnBlackSite,numberOfRobotsOnWhiteSite
2817,19,11
timeStep,numberOfRobotsOnBlackSite,numberOfRobotsOnWhiteSite
2818,19,11
timeStep,numberOfRobotsOnBlackSite,numberOfRobotsOnWhiteSite
2819,19,11
timeStep,numberOfRobotsOnBlackSite,numberOfRobotsOnWhiteSite
2820,19,11
timeStep,numberOfRobotsOnBlackSite,numberOfRobotsOnWhiteSite
2821,19,11
timeStep,numberOfRobotsOnBlackSite,numberOfRobotsOnWhiteSite
2822,19,11
timeStep,numberOfRobotsOnBlackSite,numberOfRobotsOnWhiteSite
2823,19,11
timeStep,numberOfRobotsOnBlackSite,numberOfRobotsOnWhiteSite
2824,19,11
timeStep,numberOfRobotsOnBlackSite,numberOfRobotsOnWhiteSite
2825,19,11
timeStep,numberOfRobotsOnBlackSite,numberOfRobotsOnWhiteSite
2826,19,11
timeStep,numberOfRobotsOnBlackSite,numberOfRobotsOnWhiteSite
2827,19,11
timeStep,numberOfRobotsOnBlackSite,numberOfRobotsOnWhiteSite
2828,19,11
timeStep,numberOfRobotsOnBlackSite,numberOfRobotsOnWhiteSite
2829,19,11
timeStep,numberOfRobotsOnBlackSite,numberOfRobotsOnWhiteSite
2830,19,11
timeStep,numberOfRobotsOnBlackSite,numberOfRobotsOnWhiteSite
2831,19,11
timeStep,numberOfRobotsOnBlackSite,numberOfRobotsOnWhiteSite
2832,19,11
timeStep,numberOfRobotsOnBlackSite,numberOfRobotsOnWhiteSite
2833,19,11
timeStep,numberOfRobotsOnBlackSite,numberOfRobotsOnWhiteSite
2834,19,11
timeStep,numberOfRobotsOnBlackSite,numberOfRobotsOnWhiteSite
2835,19,11
timeStep,numberOfRobotsOnBlackSite,numberOfRobotsOnWhiteSite
2836,19,11
timeStep,numberOfRobotsOnBlackSite,numberOfRobotsOnWhiteSite
2837,19,11
timeStep,numberOfRobotsOnBlackSite,numberOfRobotsOnWhiteSite
2838,19,11
timeStep,numberOfRobotsOnBlackSite,numberOfRobotsOnWhiteSite
2839,19,11
timeStep,numberOfRobotsOnBlackSite,numberOfRobotsOnWhiteSite
2840,19,11
timeStep,numberOfRobotsOnBlackSite,numberOfRobotsOnWhiteSite
2841,19,11
timeStep,numberOfRobotsOnBlackSite,numberOfRobotsOnWhiteSite
2842,19,11
timeStep,numberOfRobotsOnBlackSite,numberOfRobotsOnWhiteSite
2843,19,11
timeStep,numberOfRobotsOnBlackSite,numberOfRobotsOnWhiteSite
2844,19,11
timeStep,numberOfRobotsOnBlackSite,numberOfRobotsOnWhiteSite
2845,19,10
timeStep,numberOfRobotsOnBlackSite,numberOfRobotsOnWhiteSite
2846,19,10
timeStep,numberOfRobotsOnBlackSite,numberOfRobotsOnWhiteSite
2847,19,10
timeStep,numberOfRobotsOnBlackSite,numberOfRobotsOnWhiteSite
2848,19,10
timeStep,numberOfRobotsOnBlackSite,numberOfRobotsOnWhiteSite
2849,19,10
timeStep,numberOfRobotsOnBlackSite,numberOfRobotsOnWhiteSite
2850,19,10
timeStep,numberOfRobotsOnBlackSite,numberOfRobotsOnWhiteSite
2851,19,10
timeStep,numberOfRobotsOnBlackSite,numberOfRobotsOnWhiteSite
2852,19,10
timeStep,numberOfRobotsOnBlackSite,numberOfRobotsOnWhiteSite
2853,19,10
timeStep,numberOfRobotsOnBlackSite,numberOfRobotsOnWhiteSite
2854,19,10
timeStep,numberOfRobotsOnBlackSite,numberOfRobotsOnWhiteSite
2855,19,10
timeStep,numberOfRobotsOnBlackSite,numberOfRobotsOnWhiteSite
2856,19,10
timeStep,numberOfRobotsOnBlackSite,numberOfRobotsOnWhiteSite
2857,19,10
timeStep,numberOfRobotsOnBlackSite,numberOfRobotsOnWhiteSite
2858,19,10
timeStep,numberOfRobotsOnBlackSite,numberOfRobotsOnWhiteSite
2859,19,10
timeStep,numberOfRobotsOnBlackSite,numberOfRobotsOnWhiteSite
2860,19,10
timeStep,numberOfRobotsOnBlackSite,numberOfRobotsOnWhiteSite
2861,19,10
timeStep,numberOfRobotsOnBlackSite,numberOfRobotsOnWhiteSite
2862,19,10
timeStep,numberOfRobotsOnBlackSite,numberOfRobotsOnWhiteSite
2863,19,10
timeStep,numberOfRobotsOnBlackSite,numberOfRobotsOnWhiteSite
2864,19,10
timeStep,numberOfRobotsOnBlackSite,numberOfRobotsOnWhiteSite
2865,19,10
timeStep,numberOfRobotsOnBlackSite,numberOfRobotsOnWhiteSite
2866,19,10
timeStep,numberOfRobotsOnBlackSite,numberOfRobotsOnWhiteSite
2867,19,10
timeStep,numberOfRobotsOnBlackSite,numberOfRobotsOnWhiteSite
2868,19,10
timeStep,numberOfRobotsOnBlackSite,numberOfRobotsOnWhiteSite
2869,19,10
timeStep,numberOfRobotsOnBlackSite,numberOfRobotsOnWhiteSite
2870,19,10
timeStep,numberOfRobotsOnBlackSite,numberOfRobotsOnWhiteSite
2871,19,10
timeStep,numberOfRobotsOnBlackSite,numberOfRobotsOnWhiteSite
2872,19,10
timeStep,numberOfRobotsOnBlackSite,numberOfRobotsOnWhiteSite
2873,19,10
timeStep,numberOfRobotsOnBlackSite,numberOfRobotsOnWhiteSite
2874,19,10
timeStep,numberOfRobotsOnBlackSite,numberOfRobotsOnWhiteSite
2875,19,10
timeStep,numberOfRobotsOnBlackSite,numberOfRobotsOnWhiteSite
2876,19,10
timeStep,numberOfRobotsOnBlackSite,numberOfRobotsOnWhiteSite
2877,19,10
timeStep,numberOfRobotsOnBlackSite,numberOfRobotsOnWhiteSite
2878,19,10
timeStep,numberOfRobotsOnBlackSite,numberOfRobotsOnWhiteSite
2879,19,10
timeStep,numberOfRobotsOnBlackSite,numberOfRobotsOnWhiteSite
2880,19,10
timeStep,numberOfRobotsOnBlackSite,numberOfRobotsOnWhiteSite
2881,19,10
timeStep,numberOfRobotsOnBlackSite,numberOfRobotsOnWhiteSite
2882,19,10
timeStep,numberOfRobotsOnBlackSite,numberOfRobotsOnWhiteSite
2883,19,10
timeStep,numberOfRobotsOnBlackSite,numberOfRobotsOnWhiteSite
2884,19,10
timeStep,numberOfRobotsOnBlackSite,numberOfRobotsOnWhiteSite
2885,19,10
timeStep,numberOfRobotsOnBlackSite,numberOfRobotsOnWhiteSite
2886,19,10
timeStep,numberOfRobotsOnBlackSite,numberOfRobotsOnWhiteSite
2887,19,10
timeStep,numberOfRobotsOnBlackSite,numberOfRobotsOnWhiteSite
2888,19,10
timeStep,numberOfRobotsOnBlackSite,numberOfRobotsOnWhiteSite
2889,19,10
timeStep,numberOfRobotsOnBlackSite,numberOfRobotsOnWhiteSite
2890,18,10
timeStep,numberOfRobotsOnBlackSite,numberOfRobotsOnWhiteSite
2891,18,10
timeStep,numberOfRobotsOnBlackSite,numberOfRobotsOnWhiteSite
2892,18,10
timeStep,numberOfRobotsOnBlackSite,numberOfRobotsOnWhiteSite
2893,18,10
timeStep,numberOfRobotsOnBlackSite,numberOfRobotsOnWhiteSite
2894,18,10
timeStep,numberOfRobotsOnBlackSite,numberOfRobotsOnWhiteSite
2895,18,10
timeStep,numberOfRobotsOnBlackSite,numberOfRobotsOnWhiteSite
2896,18,10
timeStep,numberOfRobotsOnBlackSite,numberOfRobotsOnWhiteSite
2897,18,10
timeStep,numberOfRobotsOnBlackSite,numberOfRobotsOnWhiteSite
2898,18,10
timeStep,numberOfRobotsOnBlackSite,numberOfRobotsOnWhiteSite
2899,18,10
timeStep,numberOfRobotsOnBlackSite,numberOfRobotsOnWhiteSite
2900,18,10
timeStep,numberOfRobotsOnBlackSite,numberOfRobotsOnWhiteSite
2901,18,10
timeStep,numberOfRobotsOnBlackSite,numberOfRobotsOnWhiteSite
2902,18,10
timeStep,numberOfRobotsOnBlackSite,numberOfRobotsOnWhiteSite
2903,18,10
timeStep,numberOfRobotsOnBlackSite,numberOfRobotsOnWhiteSite
2904,18,10
timeStep,numberOfRobotsOnBlackSite,numberOfRobotsOnWhiteSite
2905,18,10
timeStep,numberOfRobotsOnBlackSite,numberOfRobotsOnWhiteSite
2906,18,10
timeStep,numberOfRobotsOnBlackSite,numberOfRobotsOnWhiteSite
2907,18,10
timeStep,numberOfRobotsOnBlackSite,numberOfRobotsOnWhiteSite
2908,18,10
timeStep,numberOfRobotsOnBlackSite,numberOfRobotsOnWhiteSite
2909,18,10
timeStep,numberOfRobotsOnBlackSite,numberOfRobotsOnWhiteSite
2910,18,10
timeStep,numberOfRobotsOnBlackSite,numberOfRobotsOnWhiteSite
2911,18,10
timeStep,numberOfRobotsOnBlackSite,numberOfRobotsOnWhiteSite
2912,18,10
timeStep,numberOfRobotsOnBlackSite,numberOfRobotsOnWhiteSite
2913,18,10
timeStep,numberOfRobotsOnBlackSite,numberOfRobotsOnWhiteSite
2914,18,10
timeStep,numberOfRobotsOnBlackSite,numberOfRobotsOnWhiteSite
2915,18,9
timeStep,numberOfRobotsOnBlackSite,numberOfRobotsOnWhiteSite
2916,18,9
timeStep,numberOfRobotsOnBlackSite,numberOfRobotsOnWhiteSite
2917,18,9
timeStep,numberOfRobotsOnBlackSite,numberOfRobotsOnWhiteSite
2918,18,9
timeStep,numberOfRobotsOnBlackSite,numberOfRobotsOnWhiteSite
2919,18,9
timeStep,numberOfRobotsOnBlackSite,numberOfRobotsOnWhiteSite
2920,18,9
timeStep,numberOfRobotsOnBlackSite,numberOfRobotsOnWhiteSite
2921,18,9
timeStep,numberOfRobotsOnBlackSite,numberOfRobotsOnWhiteSite
2922,18,9
timeStep,numberOfRobotsOnBlackSite,numberOfRobotsOnWhiteSite
2923,18,9
timeStep,numberOfRobotsOnBlackSite,numberOfRobotsOnWhiteSite
2924,18,9
timeStep,numberOfRobotsOnBlackSite,numberOfRobotsOnWhiteSite
2925,18,8
timeStep,numberOfRobotsOnBlackSite,numberOfRobotsOnWhiteSite
2926,18,8
timeStep,numberOfRobotsOnBlackSite,numberOfRobotsOnWhiteSite
2927,18,8
timeStep,numberOfRobotsOnBlackSite,numberOfRobotsOnWhiteSite
2928,18,8
timeStep,numberOfRobotsOnBlackSite,numberOfRobotsOnWhiteSite
2929,18,8
timeStep,numberOfRobotsOnBlackSite,numberOfRobotsOnWhiteSite
2930,18,8
timeStep,numberOfRobotsOnBlackSite,numberOfRobotsOnWhiteSite
2931,18,8
timeStep,numberOfRobotsOnBlackSite,numberOfRobotsOnWhiteSite
2932,18,8
timeStep,numberOfRobotsOnBlackSite,numberOfRobotsOnWhiteSite
2933,18,8
timeStep,numberOfRobotsOnBlackSite,numberOfRobotsOnWhiteSite
2934,18,8
timeStep,numberOfRobotsOnBlackSite,numberOfRobotsOnWhiteSite
2935,18,8
timeStep,numberOfRobotsOnBlackSite,numberOfRobotsOnWhiteSite
2936,18,8
timeStep,numberOfRobotsOnBlackSite,numberOfRobotsOnWhiteSite
2937,18,8
timeStep,numberOfRobotsOnBlackSite,numberOfRobotsOnWhiteSite
2938,18,8
timeStep,numberOfRobotsOnBlackSite,numberOfRobotsOnWhiteSite
2939,18,8
timeStep,numberOfRobotsOnBlackSite,numberOfRobotsOnWhiteSite
2940,17,8
timeStep,numberOfRobotsOnBlackSite,numberOfRobotsOnWhiteSite
2941,17,8
timeStep,numberOfRobotsOnBlackSite,numberOfRobotsOnWhiteSite
2942,17,8
timeStep,numberOfRobotsOnBlackSite,numberOfRobotsOnWhiteSite
2943,17,8
timeStep,numberOfRobotsOnBlackSite,numberOfRobotsOnWhiteSite
2944,17,8
timeStep,numberOfRobotsOnBlackSite,numberOfRobotsOnWhiteSite
2945,17,8
timeStep,numberOfRobotsOnBlackSite,numberOfRobotsOnWhiteSite
2946,17,8
timeStep,numberOfRobotsOnBlackSite,numberOfRobotsOnWhiteSite
2947,17,8
timeStep,numberOfRobotsOnBlackSite,numberOfRobotsOnWhiteSite
2948,17,8
timeStep,numberOfRobotsOnBlackSite,numberOfRobotsOnWhiteSite
2949,17,8
timeStep,numberOfRobotsOnBlackSite,numberOfRobotsOnWhiteSite
2950,17,8
timeStep,numberOfRobotsOnBlackSite,numberOfRobotsOnWhiteSite
2951,17,8
timeStep,numberOfRobotsOnBlackSite,numberOfRobotsOnWhiteSite
2952,17,8
timeStep,numberOfRobotsOnBlackSite,numberOfRobotsOnWhiteSite
2953,17,8
timeStep,numberOfRobotsOnBlackSite,numberOfRobotsOnWhiteSite
2954,17,8
timeStep,numberOfRobotsOnBlackSite,numberOfRobotsOnWhiteSite
2955,18,8
timeStep,numberOfRobotsOnBlackSite,numberOfRobotsOnWhiteSite
2956,18,8
timeStep,numberOfRobotsOnBlackSite,numberOfRobotsOnWhiteSite
2957,18,8
timeStep,numberOfRobotsOnBlackSite,numberOfRobotsOnWhiteSite
2958,18,8
timeStep,numberOfRobotsOnBlackSite,numberOfRobotsOnWhiteSite
2959,18,8
timeStep,numberOfRobotsOnBlackSite,numberOfRobotsOnWhiteSite
2960,18,8
timeStep,numberOfRobotsOnBlackSite,numberOfRobotsOnWhiteSite
2961,18,8
timeStep,numberOfRobotsOnBlackSite,numberOfRobotsOnWhiteSite
2962,18,8
timeStep,numberOfRobotsOnBlackSite,numberOfRobotsOnWhiteSite
2963,18,8
timeStep,numberOfRobotsOnBlackSite,numberOfRobotsOnWhiteSite
2964,18,8
timeStep,numberOfRobotsOnBlackSite,numberOfRobotsOnWhiteSite
2965,18,8
timeStep,numberOfRobotsOnBlackSite,numberOfRobotsOnWhiteSite
2966,18,8
timeStep,numberOfRobotsOnBlackSite,numberOfRobotsOnWhiteSite
2967,18,8
timeStep,numberOfRobotsOnBlackSite,numberOfRobotsOnWhiteSite
2968,18,8
timeStep,numberOfRobotsOnBlackSite,numberOfRobotsOnWhiteSite
2969,18,8
timeStep,numberOfRobotsOnBlackSite,numberOfRobotsOnWhiteSite
2970,18,8
timeStep,numberOfRobotsOnBlackSite,numberOfRobotsOnWhiteSite
2971,18,8
timeStep,numberOfRobotsOnBlackSite,numberOfRobotsOnWhiteSite
2972,18,8
timeStep,numberOfRobotsOnBlackSite,numberOfRobotsOnWhiteSite
2973,18,8
timeStep,numberOfRobotsOnBlackSite,numberOfRobotsOnWhiteSite
2974,18,8
timeStep,numberOfRobotsOnBlackSite,numberOfRobotsOnWhiteSite
2975,18,9
timeStep,numberOfRobotsOnBlackSite,numberOfRobotsOnWhiteSite
2976,18,9
timeStep,numberOfRobotsOnBlackSite,numberOfRobotsOnWhiteSite
2977,18,9
timeStep,numberOfRobotsOnBlackSite,numberOfRobotsOnWhiteSite
2978,18,9
timeStep,numberOfRobotsOnBlackSite,numberOfRobotsOnWhiteSite
2979,18,9
timeStep,numberOfRobotsOnBlackSite,numberOfRobotsOnWhiteSite
2980,18,10
timeStep,numberOfRobotsOnBlackSite,numberOfRobotsOnWhiteSite
2981,18,10
timeStep,numberOfRobotsOnBlackSite,numberOfRobotsOnWhiteSite
2982,18,10
timeStep,numberOfRobotsOnBlackSite,numberOfRobotsOnWhiteSite
2983,18,10
timeStep,numberOfRobotsOnBlackSite,numberOfRobotsOnWhiteSite
2984,18,10
timeStep,numberOfRobotsOnBlackSite,numberOfRobotsOnWhiteSite
2985,18,10
timeStep,numberOfRobotsOnBlackSite,numberOfRobotsOnWhiteSite
2986,18,10
timeStep,numberOfRobotsOnBlackSite,numberOfRobotsOnWhiteSite
2987,18,10
timeStep,numberOfRobotsOnBlackSite,numberOfRobotsOnWhiteSite
2988,18,10
timeStep,numberOfRobotsOnBlackSite,numberOfRobotsOnWhiteSite
2989,18,10
timeStep,numberOfRobotsOnBlackSite,numberOfRobotsOnWhiteSite
2990,18,10
timeStep,numberOfRobotsOnBlackSite,numberOfRobotsOnWhiteSite
2991,18,10
timeStep,numberOfRobotsOnBlackSite,numberOfRobotsOnWhiteSite
2992,18,10
timeStep,numberOfRobotsOnBlackSite,numberOfRobotsOnWhiteSite
2993,18,10
timeStep,numberOfRobotsOnBlackSite,numberOfRobotsOnWhiteSite
2994,18,10
timeStep,numberOfRobotsOnBlackSite,numberOfRobotsOnWhiteSite
2995,18,10
timeStep,numberOfRobotsOnBlackSite,numberOfRobotsOnWhiteSite
2996,18,10
timeStep,numberOfRobotsOnBlackSite,numberOfRobotsOnWhiteSite
2997,18,10
timeStep,numberOfRobotsOnBlackSite,numberOfRobotsOnWhiteSite
2998,18,10
timeStep,numberOfRobotsOnBlackSite,numberOfRobotsOnWhiteSite
2999,18,10
timeStep,numberOfRobotsOnBlackSite,numberOfRobotsOnWhiteSite
3000,18,11
timeStep,numberOfRobotsOnBlackSite,numberOfRobotsOnWhiteSite
3001,18,11
timeStep,numberOfRobotsOnBlackSite,numberOfRobotsOnWhiteSite
3002,18,11
timeStep,numberOfRobotsOnBlackSite,numberOfRobotsOnWhiteSite
3003,18,11
timeStep,numberOfRobotsOnBlackSite,numberOfRobotsOnWhiteSite
3004,18,11
timeStep,numberOfRobotsOnBlackSite,numberOfRobotsOnWhiteSite
3005,17,11
timeStep,numberOfRobotsOnBlackSite,numberOfRobotsOnWhiteSite
3006,17,11
timeStep,numberOfRobotsOnBlackSite,numberOfRobotsOnWhiteSite
3007,17,11
timeStep,numberOfRobotsOnBlackSite,numberOfRobotsOnWhiteSite
3008,17,11
timeStep,numberOfRobotsOnBlackSite,numberOfRobotsOnWhiteSite
3009,17,11
timeStep,numberOfRobotsOnBlackSite,numberOfRobotsOnWhiteSite
3010,17,11
timeStep,numberOfRobotsOnBlackSite,numberOfRobotsOnWhiteSite
3011,17,11
timeStep,numberOfRobotsOnBlackSite,numberOfRobotsOnWhiteSite
3012,17,11
timeStep,numberOfRobotsOnBlackSite,numberOfRobotsOnWhiteSite
3013,17,11
timeStep,numberOfRobotsOnBlackSite,numberOfRobotsOnWhiteSite
3014,17,11
timeStep,numberOfRobotsOnBlackSite,numberOfRobotsOnWhiteSite
3015,17,11
timeStep,numberOfRobotsOnBlackSite,numberOfRobotsOnWhiteSite
3016,17,11
timeStep,numberOfRobotsOnBlackSite,numberOfRobotsOnWhiteSite
3017,17,11
timeStep,numberOfRobotsOnBlackSite,numberOfRobotsOnWhiteSite
3018,17,11
timeStep,numberOfRobotsOnBlackSite,numberOfRobotsOnWhiteSite
3019,17,11
timeStep,numberOfRobotsOnBlackSite,numberOfRobotsOnWhiteSite
3020,17,11
timeStep,numberOfRobotsOnBlackSite,numberOfRobotsOnWhiteSite
3021,17,11
timeStep,numberOfRobotsOnBlackSite,numberOfRobotsOnWhiteSite
3022,17,11
timeStep,numberOfRobotsOnBlackSite,numberOfRobotsOnWhiteSite
3023,17,11
timeStep,numberOfRobotsOnBlackSite,numberOfRobotsOnWhiteSite
3024,17,11
timeStep,numberOfRobotsOnBlackSite,numberOfRobotsOnWhiteSite
3025,17,11
timeStep,numberOfRobotsOnBlackSite,numberOfRobotsOnWhiteSite
3026,17,11
timeStep,numberOfRobotsOnBlackSite,numberOfRobotsOnWhiteSite
3027,17,11
timeStep,numberOfRobotsOnBlackSite,numberOfRobotsOnWhiteSite
3028,17,11
timeStep,numberOfRobotsOnBlackSite,numberOfRobotsOnWhiteSite
3029,17,11
timeStep,numberOfRobotsOnBlackSite,numberOfRobotsOnWhiteSite
3030,17,10
timeStep,numberOfRobotsOnBlackSite,numberOfRobotsOnWhiteSite
3031,17,10
timeStep,numberOfRobotsOnBlackSite,numberOfRobotsOnWhiteSite
3032,17,10
timeStep,numberOfRobotsOnBlackSite,numberOfRobotsOnWhiteSite
3033,17,10
timeStep,numberOfRobotsOnBlackSite,numberOfRobotsOnWhiteSite
3034,17,10
timeStep,numberOfRobotsOnBlackSite,numberOfRobotsOnWhiteSite
3035,17,10
timeStep,numberOfRobotsOnBlackSite,numberOfRobotsOnWhiteSite
3036,17,10
timeStep,numberOfRobotsOnBlackSite,numberOfRobotsOnWhiteSite
3037,17,10
timeStep,numberOfRobotsOnBlackSite,numberOfRobotsOnWhiteSite
3038,17,10
timeStep,numberOfRobotsOnBlackSite,numberOfRobotsOnWhiteSite
3039,17,10
timeStep,numberOfRobotsOnBlackSite,numberOfRobotsOnWhiteSite
3040,17,10
timeStep,numberOfRobotsOnBlackSite,numberOfRobotsOnWhiteSite
3041,17,10
timeStep,numberOfRobotsOnBlackSite,numberOfRobotsOnWhiteSite
3042,17,10
timeStep,numberOfRobotsOnBlackSite,numberOfRobotsOnWhiteSite
3043,17,10
timeStep,numberOfRobotsOnBlackSite,numberOfRobotsOnWhiteSite
3044,17,10
timeStep,numberOfRobotsOnBlackSite,numberOfRobotsOnWhiteSite
3045,17,10
timeStep,numberOfRobotsOnBlackSite,numberOfRobotsOnWhiteSite
3046,17,10
timeStep,numberOfRobotsOnBlackSite,numberOfRobotsOnWhiteSite
3047,17,10
timeStep,numberOfRobotsOnBlackSite,numberOfRobotsOnWhiteSite
3048,17,10
timeStep,numberOfRobotsOnBlackSite,numberOfRobotsOnWhiteSite
3049,17,10
timeStep,numberOfRobotsOnBlackSite,numberOfRobotsOnWhiteSite
3050,17,10
timeStep,numberOfRobotsOnBlackSite,numberOfRobotsOnWhiteSite
3051,17,10
timeStep,numberOfRobotsOnBlackSite,numberOfRobotsOnWhiteSite
3052,17,10
timeStep,numberOfRobotsOnBlackSite,numberOfRobotsOnWhiteSite
3053,17,10
timeStep,numberOfRobotsOnBlackSite,numberOfRobotsOnWhiteSite
3054,17,10
timeStep,numberOfRobotsOnBlackSite,numberOfRobotsOnWhiteSite
3055,17,10
timeStep,numberOfRobotsOnBlackSite,numberOfRobotsOnWhiteSite
3056,17,10
timeStep,numberOfRobotsOnBlackSite,numberOfRobotsOnWhiteSite
3057,17,10
timeStep,numberOfRobotsOnBlackSite,numberOfRobotsOnWhiteSite
3058,17,10
timeStep,numberOfRobotsOnBlackSite,numberOfRobotsOnWhiteSite
3059,17,10
timeStep,numberOfRobotsOnBlackSite,numberOfRobotsOnWhiteSite
3060,17,10
timeStep,numberOfRobotsOnBlackSite,numberOfRobotsOnWhiteSite
3061,17,10
timeStep,numberOfRobotsOnBlackSite,numberOfRobotsOnWhiteSite
3062,17,10
timeStep,numberOfRobotsOnBlackSite,numberOfRobotsOnWhiteSite
3063,17,10
timeStep,numberOfRobotsOnBlackSite,numberOfRobotsOnWhiteSite
3064,17,10
timeStep,numberOfRobotsOnBlackSite,numberOfRobotsOnWhiteSite
3065,17,10
timeStep,numberOfRobotsOnBlackSite,numberOfRobotsOnWhiteSite
3066,17,10
timeStep,numberOfRobotsOnBlackSite,numberOfRobotsOnWhiteSite
3067,17,10
timeStep,numberOfRobotsOnBlackSite,numberOfRobotsOnWhiteSite
3068,17,10
timeStep,numberOfRobotsOnBlackSite,numberOfRobotsOnWhiteSite
3069,17,10
timeStep,numberOfRobotsOnBlackSite,numberOfRobotsOnWhiteSite
3070,17,10
timeStep,numberOfRobotsOnBlackSite,numberOfRobotsOnWhiteSite
3071,17,10
timeStep,numberOfRobotsOnBlackSite,numberOfRobotsOnWhiteSite
3072,17,10
timeStep,numberOfRobotsOnBlackSite,numberOfRobotsOnWhiteSite
3073,17,10
timeStep,numberOfRobotsOnBlackSite,numberOfRobotsOnWhiteSite
3074,17,10
timeStep,numberOfRobotsOnBlackSite,numberOfRobotsOnWhiteSite
3075,17,10
timeStep,numberOfRobotsOnBlackSite,numberOfRobotsOnWhiteSite
3076,17,10
timeStep,numberOfRobotsOnBlackSite,numberOfRobotsOnWhiteSite
3077,17,10
timeStep,numberOfRobotsOnBlackSite,numberOfRobotsOnWhiteSite
3078,17,10
timeStep,numberOfRobotsOnBlackSite,numberOfRobotsOnWhiteSite
3079,17,10
timeStep,numberOfRobotsOnBlackSite,numberOfRobotsOnWhiteSite
3080,17,10
timeStep,numberOfRobotsOnBlackSite,numberOfRobotsOnWhiteSite
3081,17,10
timeStep,numberOfRobotsOnBlackSite,numberOfRobotsOnWhiteSite
3082,17,10
timeStep,numberOfRobotsOnBlackSite,numberOfRobotsOnWhiteSite
3083,17,10
timeStep,numberOfRobotsOnBlackSite,numberOfRobotsOnWhiteSite
3084,17,10
timeStep,numberOfRobotsOnBlackSite,numberOfRobotsOnWhiteSite
3085,17,11
timeStep,numberOfRobotsOnBlackSite,numberOfRobotsOnWhiteSite
3086,17,11
timeStep,numberOfRobotsOnBlackSite,numberOfRobotsOnWhiteSite
3087,17,11
timeStep,numberOfRobotsOnBlackSite,numberOfRobotsOnWhiteSite
3088,17,11
timeStep,numberOfRobotsOnBlackSite,numberOfRobotsOnWhiteSite
3089,17,11
timeStep,numberOfRobotsOnBlackSite,numberOfRobotsOnWhiteSite
3090,17,11
timeStep,numberOfRobotsOnBlackSite,numberOfRobotsOnWhiteSite
3091,17,11
timeStep,numberOfRobotsOnBlackSite,numberOfRobotsOnWhiteSite
3092,17,11
timeStep,numberOfRobotsOnBlackSite,numberOfRobotsOnWhiteSite
3093,17,11
timeStep,numberOfRobotsOnBlackSite,numberOfRobotsOnWhiteSite
3094,17,11
timeStep,numberOfRobotsOnBlackSite,numberOfRobotsOnWhiteSite
3095,17,11
timeStep,numberOfRobotsOnBlackSite,numberOfRobotsOnWhiteSite
3096,17,11
timeStep,numberOfRobotsOnBlackSite,numberOfRobotsOnWhiteSite
3097,17,11
timeStep,numberOfRobotsOnBlackSite,numberOfRobotsOnWhiteSite
3098,17,11
timeStep,numberOfRobotsOnBlackSite,numberOfRobotsOnWhiteSite
3099,17,11
timeStep,numberOfRobotsOnBlackSite,numberOfRobotsOnWhiteSite
3100,17,11
timeStep,numberOfRobotsOnBlackSite,numberOfRobotsOnWhiteSite
3101,17,11
timeStep,numberOfRobotsOnBlackSite,numberOfRobotsOnWhiteSite
3102,17,11
timeStep,numberOfRobotsOnBlackSite,numberOfRobotsOnWhiteSite
3103,17,11
timeStep,numberOfRobotsOnBlackSite,numberOfRobotsOnWhiteSite
3104,17,11
timeStep,numberOfRobotsOnBlackSite,numberOfRobotsOnWhiteSite
3105,17,11
timeStep,numberOfRobotsOnBlackSite,numberOfRobotsOnWhiteSite
3106,17,11
timeStep,numberOfRobotsOnBlackSite,numberOfRobotsOnWhiteSite
3107,17,11
timeStep,numberOfRobotsOnBlackSite,numberOfRobotsOnWhiteSite
3108,17,11
timeStep,numberOfRobotsOnBlackSite,numberOfRobotsOnWhiteSite
3109,17,11
timeStep,numberOfRobotsOnBlackSite,numberOfRobotsOnWhiteSite
3110,17,11
timeStep,numberOfRobotsOnBlackSite,numberOfRobotsOnWhiteSite
3111,17,11
timeStep,numberOfRobotsOnBlackSite,numberOfRobotsOnWhiteSite
3112,17,11
timeStep,numberOfRobotsOnBlackSite,numberOfRobotsOnWhiteSite
3113,17,11
timeStep,numberOfRobotsOnBlackSite,numberOfRobotsOnWhiteSite
3114,17,11
timeStep,numberOfRobotsOnBlackSite,numberOfRobotsOnWhiteSite
3115,17,11
timeStep,numberOfRobotsOnBlackSite,numberOfRobotsOnWhiteSite
3116,17,11
timeStep,numberOfRobotsOnBlackSite,numberOfRobotsOnWhiteSite
3117,17,11
timeStep,numberOfRobotsOnBlackSite,numberOfRobotsOnWhiteSite
3118,17,11
timeStep,numberOfRobotsOnBlackSite,numberOfRobotsOnWhiteSite
3119,17,11
timeStep,numberOfRobotsOnBlackSite,numberOfRobotsOnWhiteSite
3120,17,11
timeStep,numberOfRobotsOnBlackSite,numberOfRobotsOnWhiteSite
3121,17,11
timeStep,numberOfRobotsOnBlackSite,numberOfRobotsOnWhiteSite
3122,17,11
timeStep,numberOfRobotsOnBlackSite,numberOfRobotsOnWhiteSite
3123,17,11
timeStep,numberOfRobotsOnBlackSite,numberOfRobotsOnWhiteSite
3124,17,11
timeStep,numberOfRobotsOnBlackSite,numberOfRobotsOnWhiteSite
3125,17,11
timeStep,numberOfRobotsOnBlackSite,numberOfRobotsOnWhiteSite
3126,17,11
timeStep,numberOfRobotsOnBlackSite,numberOfRobotsOnWhiteSite
3127,17,11
timeStep,numberOfRobotsOnBlackSite,numberOfRobotsOnWhiteSite
3128,17,11
timeStep,numberOfRobotsOnBlackSite,numberOfRobotsOnWhiteSite
3129,17,11
timeStep,numberOfRobotsOnBlackSite,numberOfRobotsOnWhiteSite
3130,17,11
timeStep,numberOfRobotsOnBlackSite,numberOfRobotsOnWhiteSite
3131,17,11
timeStep,numberOfRobotsOnBlackSite,numberOfRobotsOnWhiteSite
3132,17,11
timeStep,numberOfRobotsOnBlackSite,numberOfRobotsOnWhiteSite
3133,17,11
timeStep,numberOfRobotsOnBlackSite,numberOfRobotsOnWhiteSite
3134,17,11
timeStep,numberOfRobotsOnBlackSite,numberOfRobotsOnWhiteSite
3135,17,11
timeStep,numberOfRobotsOnBlackSite,numberOfRobotsOnWhiteSite
3136,17,11
timeStep,numberOfRobotsOnBlackSite,numberOfRobotsOnWhiteSite
3137,17,11
timeStep,numberOfRobotsOnBlackSite,numberOfRobotsOnWhiteSite
3138,17,11
timeStep,numberOfRobotsOnBlackSite,numberOfRobotsOnWhiteSite
3139,17,11
timeStep,numberOfRobotsOnBlackSite,numberOfRobotsOnWhiteSite
3140,17,10
timeStep,numberOfRobotsOnBlackSite,numberOfRobotsOnWhiteSite
3141,17,10
timeStep,numberOfRobotsOnBlackSite,numberOfRobotsOnWhiteSite
3142,17,10
timeStep,numberOfRobotsOnBlackSite,numberOfRobotsOnWhiteSite
3143,17,10
timeStep,numberOfRobotsOnBlackSite,numberOfRobotsOnWhiteSite
3144,17,10
timeStep,numberOfRobotsOnBlackSite,numberOfRobotsOnWhiteSite
3145,17,10
timeStep,numberOfRobotsOnBlackSite,numberOfRobotsOnWhiteSite
3146,17,10
timeStep,numberOfRobotsOnBlackSite,numberOfRobotsOnWhiteSite
3147,17,10
timeStep,numberOfRobotsOnBlackSite,numberOfRobotsOnWhiteSite
3148,17,10
timeStep,numberOfRobotsOnBlackSite,numberOfRobotsOnWhiteSite
3149,17,10
timeStep,numberOfRobotsOnBlackSite,numberOfRobotsOnWhiteSite
3150,17,10
timeStep,numberOfRobotsOnBlackSite,numberOfRobotsOnWhiteSite
3151,17,10
timeStep,numberOfRobotsOnBlackSite,numberOfRobotsOnWhiteSite
3152,17,10
timeStep,numberOfRobotsOnBlackSite,numberOfRobotsOnWhiteSite
3153,17,10
timeStep,numberOfRobotsOnBlackSite,numberOfRobotsOnWhiteSite
3154,17,10
timeStep,numberOfRobotsOnBlackSite,numberOfRobotsOnWhiteSite
3155,18,11
timeStep,numberOfRobotsOnBlackSite,numberOfRobotsOnWhiteSite
3156,18,11
timeStep,numberOfRobotsOnBlackSite,numberOfRobotsOnWhiteSite
3157,18,11
timeStep,numberOfRobotsOnBlackSite,numberOfRobotsOnWhiteSite
3158,18,11
timeStep,numberOfRobotsOnBlackSite,numberOfRobotsOnWhiteSite
3159,18,11
timeStep,numberOfRobotsOnBlackSite,numberOfRobotsOnWhiteSite
3160,18,11
timeStep,numberOfRobotsOnBlackSite,numberOfRobotsOnWhiteSite
3161,18,11
timeStep,numberOfRobotsOnBlackSite,numberOfRobotsOnWhiteSite
3162,18,11
timeStep,numberOfRobotsOnBlackSite,numberOfRobotsOnWhiteSite
3163,18,11
timeStep,numberOfRobotsOnBlackSite,numberOfRobotsOnWhiteSite
3164,18,11
timeStep,numberOfRobotsOnBlackSite,numberOfRobotsOnWhiteSite
3165,18,11
timeStep,numberOfRobotsOnBlackSite,numberOfRobotsOnWhiteSite
3166,18,11
timeStep,numberOfRobotsOnBlackSite,numberOfRobotsOnWhiteSite
3167,18,11
timeStep,numberOfRobotsOnBlackSite,numberOfRobotsOnWhiteSite
3168,18,11
timeStep,numberOfRobotsOnBlackSite,numberOfRobotsOnWhiteSite
3169,18,11
timeStep,numberOfRobotsOnBlackSite,numberOfRobotsOnWhiteSite
3170,18,11
timeStep,numberOfRobotsOnBlackSite,numberOfRobotsOnWhiteSite
3171,18,11
timeStep,numberOfRobotsOnBlackSite,numberOfRobotsOnWhiteSite
3172,18,11
timeStep,numberOfRobotsOnBlackSite,numberOfRobotsOnWhiteSite
3173,18,11
timeStep,numberOfRobotsOnBlackSite,numberOfRobotsOnWhiteSite
3174,18,11
timeStep,numberOfRobotsOnBlackSite,numberOfRobotsOnWhiteSite
3175,18,11
timeStep,numberOfRobotsOnBlackSite,numberOfRobotsOnWhiteSite
3176,18,11
timeStep,numberOfRobotsOnBlackSite,numberOfRobotsOnWhiteSite
3177,18,11
timeStep,numberOfRobotsOnBlackSite,numberOfRobotsOnWhiteSite
3178,18,11
timeStep,numberOfRobotsOnBlackSite,numberOfRobotsOnWhiteSite
3179,18,11
timeStep,numberOfRobotsOnBlackSite,numberOfRobotsOnWhiteSite
3180,18,10
timeStep,numberOfRobotsOnBlackSite,numberOfRobotsOnWhiteSite
3181,18,10
timeStep,numberOfRobotsOnBlackSite,numberOfRobotsOnWhiteSite
3182,18,10
timeStep,numberOfRobotsOnBlackSite,numberOfRobotsOnWhiteSite
3183,18,10
timeStep,numberOfRobotsOnBlackSite,numberOfRobotsOnWhiteSite
3184,18,10
timeStep,numberOfRobotsOnBlackSite,numberOfRobotsOnWhiteSite
3185,18,10
timeStep,numberOfRobotsOnBlackSite,numberOfRobotsOnWhiteSite
3186,18,10
timeStep,numberOfRobotsOnBlackSite,numberOfRobotsOnWhiteSite
3187,18,10
timeStep,numberOfRobotsOnBlackSite,numberOfRobotsOnWhiteSite
3188,18,10
timeStep,numberOfRobotsOnBlackSite,numberOfRobotsOnWhiteSite
3189,18,10
timeStep,numberOfRobotsOnBlackSite,numberOfRobotsOnWhiteSite
3190,18,11
timeStep,numberOfRobotsOnBlackSite,numberOfRobotsOnWhiteSite
3191,18,11
timeStep,numberOfRobotsOnBlackSite,numberOfRobotsOnWhiteSite
3192,18,11
timeStep,numberOfRobotsOnBlackSite,numberOfRobotsOnWhiteSite
3193,18,11
timeStep,numberOfRobotsOnBlackSite,numberOfRobotsOnWhiteSite
3194,18,11
timeStep,numberOfRobotsOnBlackSite,numberOfRobotsOnWhiteSite
3195,18,11
timeStep,numberOfRobotsOnBlackSite,numberOfRobotsOnWhiteSite
3196,18,11
timeStep,numberOfRobotsOnBlackSite,numberOfRobotsOnWhiteSite
3197,18,11
timeStep,numberOfRobotsOnBlackSite,numberOfRobotsOnWhiteSite
3198,18,11
timeStep,numberOfRobotsOnBlackSite,numberOfRobotsOnWhiteSite
3199,18,11
timeStep,numberOfRobotsOnBlackSite,numberOfRobotsOnWhiteSite
3200,18,11
timeStep,numberOfRobotsOnBlackSite,numberOfRobotsOnWhiteSite
3201,18,11
timeStep,numberOfRobotsOnBlackSite,numberOfRobotsOnWhiteSite
3202,18,11
timeStep,numberOfRobotsOnBlackSite,numberOfRobotsOnWhiteSite
3203,18,11
timeStep,numberOfRobotsOnBlackSite,numberOfRobotsOnWhiteSite
3204,18,11
timeStep,numberOfRobotsOnBlackSite,numberOfRobotsOnWhiteSite
3205,18,11
timeStep,numberOfRobotsOnBlackSite,numberOfRobotsOnWhiteSite
3206,18,11
timeStep,numberOfRobotsOnBlackSite,numberOfRobotsOnWhiteSite
3207,18,11
timeStep,numberOfRobotsOnBlackSite,numberOfRobotsOnWhiteSite
3208,18,11
timeStep,numberOfRobotsOnBlackSite,numberOfRobotsOnWhiteSite
3209,18,11
timeStep,numberOfRobotsOnBlackSite,numberOfRobotsOnWhiteSite
3210,18,11
timeStep,numberOfRobotsOnBlackSite,numberOfRobotsOnWhiteSite
3211,18,11
timeStep,numberOfRobotsOnBlackSite,numberOfRobotsOnWhiteSite
3212,18,11
timeStep,numberOfRobotsOnBlackSite,numberOfRobotsOnWhiteSite
3213,18,11
timeStep,numberOfRobotsOnBlackSite,numberOfRobotsOnWhiteSite
3214,18,11
timeStep,numberOfRobotsOnBlackSite,numberOfRobotsOnWhiteSite
3215,18,10
timeStep,numberOfRobotsOnBlackSite,numberOfRobotsOnWhiteSite
3216,18,10
timeStep,numberOfRobotsOnBlackSite,numberOfRobotsOnWhiteSite
3217,18,10
timeStep,numberOfRobotsOnBlackSite,numberOfRobotsOnWhiteSite
3218,18,10
timeStep,numberOfRobotsOnBlackSite,numberOfRobotsOnWhiteSite
3219,18,10
timeStep,numberOfRobotsOnBlackSite,numberOfRobotsOnWhiteSite
3220,18,10
timeStep,numberOfRobotsOnBlackSite,numberOfRobotsOnWhiteSite
3221,18,10
timeStep,numberOfRobotsOnBlackSite,numberOfRobotsOnWhiteSite
3222,18,10
timeStep,numberOfRobotsOnBlackSite,numberOfRobotsOnWhiteSite
3223,18,10
timeStep,numberOfRobotsOnBlackSite,numberOfRobotsOnWhiteSite
3224,18,10
timeStep,numberOfRobotsOnBlackSite,numberOfRobotsOnWhiteSite
3225,18,10
timeStep,numberOfRobotsOnBlackSite,numberOfRobotsOnWhiteSite
3226,18,10
timeStep,numberOfRobotsOnBlackSite,numberOfRobotsOnWhiteSite
3227,18,10
timeStep,numberOfRobotsOnBlackSite,numberOfRobotsOnWhiteSite
3228,18,10
timeStep,numberOfRobotsOnBlackSite,numberOfRobotsOnWhiteSite
3229,18,10
timeStep,numberOfRobotsOnBlackSite,numberOfRobotsOnWhiteSite
3230,18,10
timeStep,numberOfRobotsOnBlackSite,numberOfRobotsOnWhiteSite
3231,18,10
timeStep,numberOfRobotsOnBlackSite,numberOfRobotsOnWhiteSite
3232,18,10
timeStep,numberOfRobotsOnBlackSite,numberOfRobotsOnWhiteSite
3233,18,10
timeStep,numberOfRobotsOnBlackSite,numberOfRobotsOnWhiteSite
3234,18,10
timeStep,numberOfRobotsOnBlackSite,numberOfRobotsOnWhiteSite
3235,18,10
timeStep,numberOfRobotsOnBlackSite,numberOfRobotsOnWhiteSite
3236,18,10
timeStep,numberOfRobotsOnBlackSite,numberOfRobotsOnWhiteSite
3237,18,10
timeStep,numberOfRobotsOnBlackSite,numberOfRobotsOnWhiteSite
3238,18,10
timeStep,numberOfRobotsOnBlackSite,numberOfRobotsOnWhiteSite
3239,18,10
timeStep,numberOfRobotsOnBlackSite,numberOfRobotsOnWhiteSite
3240,18,10
timeStep,numberOfRobotsOnBlackSite,numberOfRobotsOnWhiteSite
3241,18,10
timeStep,numberOfRobotsOnBlackSite,numberOfRobotsOnWhiteSite
3242,18,10
timeStep,numberOfRobotsOnBlackSite,numberOfRobotsOnWhiteSite
3243,18,10
timeStep,numberOfRobotsOnBlackSite,numberOfRobotsOnWhiteSite
3244,18,10
timeStep,numberOfRobotsOnBlackSite,numberOfRobotsOnWhiteSite
3245,18,10
timeStep,numberOfRobotsOnBlackSite,numberOfRobotsOnWhiteSite
3246,18,10
timeStep,numberOfRobotsOnBlackSite,numberOfRobotsOnWhiteSite
3247,18,10
timeStep,numberOfRobotsOnBlackSite,numberOfRobotsOnWhiteSite
3248,18,10
timeStep,numberOfRobotsOnBlackSite,numberOfRobotsOnWhiteSite
3249,18,10
timeStep,numberOfRobotsOnBlackSite,numberOfRobotsOnWhiteSite
3250,18,10
timeStep,numberOfRobotsOnBlackSite,numberOfRobotsOnWhiteSite
3251,18,10
timeStep,numberOfRobotsOnBlackSite,numberOfRobotsOnWhiteSite
3252,18,10
timeStep,numberOfRobotsOnBlackSite,numberOfRobotsOnWhiteSite
3253,18,10
timeStep,numberOfRobotsOnBlackSite,numberOfRobotsOnWhiteSite
3254,18,10
timeStep,numberOfRobotsOnBlackSite,numberOfRobotsOnWhiteSite
3255,18,10
timeStep,numberOfRobotsOnBlackSite,numberOfRobotsOnWhiteSite
3256,18,10
timeStep,numberOfRobotsOnBlackSite,numberOfRobotsOnWhiteSite
3257,18,10
timeStep,numberOfRobotsOnBlackSite,numberOfRobotsOnWhiteSite
3258,18,10
timeStep,numberOfRobotsOnBlackSite,numberOfRobotsOnWhiteSite
3259,18,10
timeStep,numberOfRobotsOnBlackSite,numberOfRobotsOnWhiteSite
3260,18,10
timeStep,numberOfRobotsOnBlackSite,numberOfRobotsOnWhiteSite
3261,18,10
timeStep,numberOfRobotsOnBlackSite,numberOfRobotsOnWhiteSite
3262,18,10
timeStep,numberOfRobotsOnBlackSite,numberOfRobotsOnWhiteSite
3263,18,10
timeStep,numberOfRobotsOnBlackSite,numberOfRobotsOnWhiteSite
3264,18,10
timeStep,numberOfRobotsOnBlackSite,numberOfRobotsOnWhiteSite
3265,19,10
timeStep,numberOfRobotsOnBlackSite,numberOfRobotsOnWhiteSite
3266,19,10
timeStep,numberOfRobotsOnBlackSite,numberOfRobotsOnWhiteSite
3267,19,10
timeStep,numberOfRobotsOnBlackSite,numberOfRobotsOnWhiteSite
3268,19,10
timeStep,numberOfRobotsOnBlackSite,numberOfRobotsOnWhiteSite
3269,19,10
timeStep,numberOfRobotsOnBlackSite,numberOfRobotsOnWhiteSite
3270,19,10
timeStep,numberOfRobotsOnBlackSite,numberOfRobotsOnWhiteSite
3271,19,10
timeStep,numberOfRobotsOnBlackSite,numberOfRobotsOnWhiteSite
3272,19,10
timeStep,numberOfRobotsOnBlackSite,numberOfRobotsOnWhiteSite
3273,19,10
timeStep,numberOfRobotsOnBlackSite,numberOfRobotsOnWhiteSite
3274,19,10
timeStep,numberOfRobotsOnBlackSite,numberOfRobotsOnWhiteSite
3275,19,10
timeStep,numberOfRobotsOnBlackSite,numberOfRobotsOnWhiteSite
3276,19,10
timeStep,numberOfRobotsOnBlackSite,numberOfRobotsOnWhiteSite
3277,19,10
timeStep,numberOfRobotsOnBlackSite,numberOfRobotsOnWhiteSite
3278,19,10
timeStep,numberOfRobotsOnBlackSite,numberOfRobotsOnWhiteSite
3279,19,10
timeStep,numberOfRobotsOnBlackSite,numberOfRobotsOnWhiteSite
3280,19,10
timeStep,numberOfRobotsOnBlackSite,numberOfRobotsOnWhiteSite
3281,19,10
timeStep,numberOfRobotsOnBlackSite,numberOfRobotsOnWhiteSite
3282,19,10
timeStep,numberOfRobotsOnBlackSite,numberOfRobotsOnWhiteSite
3283,19,10
timeStep,numberOfRobotsOnBlackSite,numberOfRobotsOnWhiteSite
3284,19,10
timeStep,numberOfRobotsOnBlackSite,numberOfRobotsOnWhiteSite
3285,19,10
timeStep,numberOfRobotsOnBlackSite,numberOfRobotsOnWhiteSite
3286,19,10
timeStep,numberOfRobotsOnBlackSite,numberOfRobotsOnWhiteSite
3287,19,10
timeStep,numberOfRobotsOnBlackSite,numberOfRobotsOnWhiteSite
3288,19,10
timeStep,numberOfRobotsOnBlackSite,numberOfRobotsOnWhiteSite
3289,19,10
timeStep,numberOfRobotsOnBlackSite,numberOfRobotsOnWhiteSite
3290,19,9
timeStep,numberOfRobotsOnBlackSite,numberOfRobotsOnWhiteSite
3291,19,9
timeStep,numberOfRobotsOnBlackSite,numberOfRobotsOnWhiteSite
3292,19,9
timeStep,numberOfRobotsOnBlackSite,numberOfRobotsOnWhiteSite
3293,19,9
timeStep,numberOfRobotsOnBlackSite,numberOfRobotsOnWhiteSite
3294,19,9
timeStep,numberOfRobotsOnBlackSite,numberOfRobotsOnWhiteSite
3295,19,9
timeStep,numberOfRobotsOnBlackSite,numberOfRobotsOnWhiteSite
3296,19,9
timeStep,numberOfRobotsOnBlackSite,numberOfRobotsOnWhiteSite
3297,19,9
timeStep,numberOfRobotsOnBlackSite,numberOfRobotsOnWhiteSite
3298,19,9
timeStep,numberOfRobotsOnBlackSite,numberOfRobotsOnWhiteSite
3299,19,9
timeStep,numberOfRobotsOnBlackSite,numberOfRobotsOnWhiteSite
3300,19,9
timeStep,numberOfRobotsOnBlackSite,numberOfRobotsOnWhiteSite
3301,19,9
timeStep,numberOfRobotsOnBlackSite,numberOfRobotsOnWhiteSite
3302,19,9
timeStep,numberOfRobotsOnBlackSite,numberOfRobotsOnWhiteSite
3303,19,9
timeStep,numberOfRobotsOnBlackSite,numberOfRobotsOnWhiteSite
3304,19,9
timeStep,numberOfRobotsOnBlackSite,numberOfRobotsOnWhiteSite
3305,19,9
timeStep,numberOfRobotsOnBlackSite,numberOfRobotsOnWhiteSite
3306,19,9
timeStep,numberOfRobotsOnBlackSite,numberOfRobotsOnWhiteSite
3307,19,9
timeStep,numberOfRobotsOnBlackSite,numberOfRobotsOnWhiteSite
3308,19,9
timeStep,numberOfRobotsOnBlackSite,numberOfRobotsOnWhiteSite
3309,19,9
timeStep,numberOfRobotsOnBlackSite,numberOfRobotsOnWhiteSite
3310,19,9
timeStep,numberOfRobotsOnBlackSite,numberOfRobotsOnWhiteSite
3311,19,9
timeStep,numberOfRobotsOnBlackSite,numberOfRobotsOnWhiteSite
3312,19,9
timeStep,numberOfRobotsOnBlackSite,numberOfRobotsOnWhiteSite
3313,19,9
timeStep,numberOfRobotsOnBlackSite,numberOfRobotsOnWhiteSite
3314,19,9
timeStep,numberOfRobotsOnBlackSite,numberOfRobotsOnWhiteSite
3315,19,9
timeStep,numberOfRobotsOnBlackSite,numberOfRobotsOnWhiteSite
3316,19,9
timeStep,numberOfRobotsOnBlackSite,numberOfRobotsOnWhiteSite
3317,19,9
timeStep,numberOfRobotsOnBlackSite,numberOfRobotsOnWhiteSite
3318,19,9
timeStep,numberOfRobotsOnBlackSite,numberOfRobotsOnWhiteSite
3319,19,9
timeStep,numberOfRobotsOnBlackSite,numberOfRobotsOnWhiteSite
3320,19,9
timeStep,numberOfRobotsOnBlackSite,numberOfRobotsOnWhiteSite
3321,19,9
timeStep,numberOfRobotsOnBlackSite,numberOfRobotsOnWhiteSite
3322,19,9
timeStep,numberOfRobotsOnBlackSite,numberOfRobotsOnWhiteSite
3323,19,9
timeStep,numberOfRobotsOnBlackSite,numberOfRobotsOnWhiteSite
3324,19,9
timeStep,numberOfRobotsOnBlackSite,numberOfRobotsOnWhiteSite
3325,19,9
timeStep,numberOfRobotsOnBlackSite,numberOfRobotsOnWhiteSite
3326,19,9
timeStep,numberOfRobotsOnBlackSite,numberOfRobotsOnWhiteSite
3327,19,9
timeStep,numberOfRobotsOnBlackSite,numberOfRobotsOnWhiteSite
3328,19,9
timeStep,numberOfRobotsOnBlackSite,numberOfRobotsOnWhiteSite
3329,19,9
timeStep,numberOfRobotsOnBlackSite,numberOfRobotsOnWhiteSite
3330,19,9
timeStep,numberOfRobotsOnBlackSite,numberOfRobotsOnWhiteSite
3331,19,9
timeStep,numberOfRobotsOnBlackSite,numberOfRobotsOnWhiteSite
3332,19,9
timeStep,numberOfRobotsOnBlackSite,numberOfRobotsOnWhiteSite
3333,19,9
timeStep,numberOfRobotsOnBlackSite,numberOfRobotsOnWhiteSite
3334,19,9
timeStep,numberOfRobotsOnBlackSite,numberOfRobotsOnWhiteSite
3335,19,9
timeStep,numberOfRobotsOnBlackSite,numberOfRobotsOnWhiteSite
3336,19,9
timeStep,numberOfRobotsOnBlackSite,numberOfRobotsOnWhiteSite
3337,19,9
timeStep,numberOfRobotsOnBlackSite,numberOfRobotsOnWhiteSite
3338,19,9
timeStep,numberOfRobotsOnBlackSite,numberOfRobotsOnWhiteSite
3339,19,9
timeStep,numberOfRobotsOnBlackSite,numberOfRobotsOnWhiteSite
3340,19,9
timeStep,numberOfRobotsOnBlackSite,numberOfRobotsOnWhiteSite
3341,19,9
timeStep,numberOfRobotsOnBlackSite,numberOfRobotsOnWhiteSite
3342,19,9
timeStep,numberOfRobotsOnBlackSite,numberOfRobotsOnWhiteSite
3343,19,9
timeStep,numberOfRobotsOnBlackSite,numberOfRobotsOnWhiteSite
3344,19,9
timeStep,numberOfRobotsOnBlackSite,numberOfRobotsOnWhiteSite
3345,19,10
timeStep,numberOfRobotsOnBlackSite,numberOfRobotsOnWhiteSite
3346,19,10
timeStep,numberOfRobotsOnBlackSite,numberOfRobotsOnWhiteSite
3347,19,10
timeStep,numberOfRobotsOnBlackSite,numberOfRobotsOnWhiteSite
3348,19,10
timeStep,numberOfRobotsOnBlackSite,numberOfRobotsOnWhiteSite
3349,19,10
timeStep,numberOfRobotsOnBlackSite,numberOfRobotsOnWhiteSite
3350,19,10
timeStep,numberOfRobotsOnBlackSite,numberOfRobotsOnWhiteSite
3351,19,10
timeStep,numberOfRobotsOnBlackSite,numberOfRobotsOnWhiteSite
3352,19,10
timeStep,numberOfRobotsOnBlackSite,numberOfRobotsOnWhiteSite
3353,19,10
timeStep,numberOfRobotsOnBlackSite,numberOfRobotsOnWhiteSite
3354,19,10
timeStep,numberOfRobotsOnBlackSite,numberOfRobotsOnWhiteSite
3355,19,10
timeStep,numberOfRobotsOnBlackSite,numberOfRobotsOnWhiteSite
3356,19,10
timeStep,numberOfRobotsOnBlackSite,numberOfRobotsOnWhiteSite
3357,19,10
timeStep,numberOfRobotsOnBlackSite,numberOfRobotsOnWhiteSite
3358,19,10
timeStep,numberOfRobotsOnBlackSite,numberOfRobotsOnWhiteSite
3359,19,10
timeStep,numberOfRobotsOnBlackSite,numberOfRobotsOnWhiteSite
3360,19,11
timeStep,numberOfRobotsOnBlackSite,numberOfRobotsOnWhiteSite
3361,19,11
timeStep,numberOfRobotsOnBlackSite,numberOfRobotsOnWhiteSite
3362,19,11
timeStep,numberOfRobotsOnBlackSite,numberOfRobotsOnWhiteSite
3363,19,11
timeStep,numberOfRobotsOnBlackSite,numberOfRobotsOnWhiteSite
3364,19,11
timeStep,numberOfRobotsOnBlackSite,numberOfRobotsOnWhiteSite
3365,19,11
timeStep,numberOfRobotsOnBlackSite,numberOfRobotsOnWhiteSite
3366,19,11
timeStep,numberOfRobotsOnBlackSite,numberOfRobotsOnWhiteSite
3367,19,11
timeStep,numberOfRobotsOnBlackSite,numberOfRobotsOnWhiteSite
3368,19,11
timeStep,numberOfRobotsOnBlackSite,numberOfRobotsOnWhiteSite
3369,19,11
timeStep,numberOfRobotsOnBlackSite,numberOfRobotsOnWhiteSite
3370,19,11
timeStep,numberOfRobotsOnBlackSite,numberOfRobotsOnWhiteSite
3371,19,11
timeStep,numberOfRobotsOnBlackSite,numberOfRobotsOnWhiteSite
3372,19,11
timeStep,numberOfRobotsOnBlackSite,numberOfRobotsOnWhiteSite
3373,19,11
timeStep,numberOfRobotsOnBlackSite,numberOfRobotsOnWhiteSite
3374,19,11
timeStep,numberOfRobotsOnBlackSite,numberOfRobotsOnWhiteSite
3375,20,10
timeStep,numberOfRobotsOnBlackSite,numberOfRobotsOnWhiteSite
3376,20,10
timeStep,numberOfRobotsOnBlackSite,numberOfRobotsOnWhiteSite
3377,20,10
timeStep,numberOfRobotsOnBlackSite,numberOfRobotsOnWhiteSite
3378,20,10
timeStep,numberOfRobotsOnBlackSite,numberOfRobotsOnWhiteSite
3379,20,10
timeStep,numberOfRobotsOnBlackSite,numberOfRobotsOnWhiteSite
3380,20,10
timeStep,numberOfRobotsOnBlackSite,numberOfRobotsOnWhiteSite
3381,20,10
timeStep,numberOfRobotsOnBlackSite,numberOfRobotsOnWhiteSite
3382,20,10
timeStep,numberOfRobotsOnBlackSite,numberOfRobotsOnWhiteSite
3383,20,10
timeStep,numberOfRobotsOnBlackSite,numberOfRobotsOnWhiteSite
3384,20,10
timeStep,numberOfRobotsOnBlackSite,numberOfRobotsOnWhiteSite
3385,20,10
timeStep,numberOfRobotsOnBlackSite,numberOfRobotsOnWhiteSite
3386,20,10
timeStep,numberOfRobotsOnBlackSite,numberOfRobotsOnWhiteSite
3387,20,10
timeStep,numberOfRobotsOnBlackSite,numberOfRobotsOnWhiteSite
3388,20,10
timeStep,numberOfRobotsOnBlackSite,numberOfRobotsOnWhiteSite
3389,20,10
timeStep,numberOfRobotsOnBlackSite,numberOfRobotsOnWhiteSite
3390,20,10
timeStep,numberOfRobotsOnBlackSite,numberOfRobotsOnWhiteSite
3391,20,10
timeStep,numberOfRobotsOnBlackSite,numberOfRobotsOnWhiteSite
3392,20,10
timeStep,numberOfRobotsOnBlackSite,numberOfRobotsOnWhiteSite
3393,20,10
timeStep,numberOfRobotsOnBlackSite,numberOfRobotsOnWhiteSite
3394,20,10
timeStep,numberOfRobotsOnBlackSite,numberOfRobotsOnWhiteSite
3395,20,10
timeStep,numberOfRobotsOnBlackSite,numberOfRobotsOnWhiteSite
3396,20,10
timeStep,numberOfRobotsOnBlackSite,numberOfRobotsOnWhiteSite
3397,20,10
timeStep,numberOfRobotsOnBlackSite,numberOfRobotsOnWhiteSite
3398,20,10
timeStep,numberOfRobotsOnBlackSite,numberOfRobotsOnWhiteSite
3399,20,10
timeStep,numberOfRobotsOnBlackSite,numberOfRobotsOnWhiteSite
3400,20,10
timeStep,numberOfRobotsOnBlackSite,numberOfRobotsOnWhiteSite
3401,20,10
timeStep,numberOfRobotsOnBlackSite,numberOfRobotsOnWhiteSite
3402,20,10
timeStep,numberOfRobotsOnBlackSite,numberOfRobotsOnWhiteSite
3403,20,10
timeStep,numberOfRobotsOnBlackSite,numberOfRobotsOnWhiteSite
3404,20,10
timeStep,numberOfRobotsOnBlackSite,numberOfRobotsOnWhiteSite
3405,20,10
timeStep,numberOfRobotsOnBlackSite,numberOfRobotsOnWhiteSite
3406,20,10
timeStep,numberOfRobotsOnBlackSite,numberOfRobotsOnWhiteSite
3407,20,10
timeStep,numberOfRobotsOnBlackSite,numberOfRobotsOnWhiteSite
3408,20,10
timeStep,numberOfRobotsOnBlackSite,numberOfRobotsOnWhiteSite
3409,20,10
timeStep,numberOfRobotsOnBlackSite,numberOfRobotsOnWhiteSite
3410,20,10
timeStep,numberOfRobotsOnBlackSite,numberOfRobotsOnWhiteSite
3411,20,10
timeStep,numberOfRobotsOnBlackSite,numberOfRobotsOnWhiteSite
3412,20,10
timeStep,numberOfRobotsOnBlackSite,numberOfRobotsOnWhiteSite
3413,20,10
timeStep,numberOfRobotsOnBlackSite,numberOfRobotsOnWhiteSite
3414,20,10
timeStep,numberOfRobotsOnBlackSite,numberOfRobotsOnWhiteSite
3415,20,10
timeStep,numberOfRobotsOnBlackSite,numberOfRobotsOnWhiteSite
3416,20,10
timeStep,numberOfRobotsOnBlackSite,numberOfRobotsOnWhiteSite
3417,20,10
timeStep,numberOfRobotsOnBlackSite,numberOfRobotsOnWhiteSite
3418,20,10
timeStep,numberOfRobotsOnBlackSite,numberOfRobotsOnWhiteSite
3419,20,10
timeStep,numberOfRobotsOnBlackSite,numberOfRobotsOnWhiteSite
3420,21,10
timeStep,numberOfRobotsOnBlackSite,numberOfRobotsOnWhiteSite
3421,21,10
timeStep,numberOfRobotsOnBlackSite,numberOfRobotsOnWhiteSite
3422,21,10
timeStep,numberOfRobotsOnBlackSite,numberOfRobotsOnWhiteSite
3423,21,10
timeStep,numberOfRobotsOnBlackSite,numberOfRobotsOnWhiteSite
3424,21,10
timeStep,numberOfRobotsOnBlackSite,numberOfRobotsOnWhiteSite
3425,21,10
timeStep,numberOfRobotsOnBlackSite,numberOfRobotsOnWhiteSite
3426,21,10
timeStep,numberOfRobotsOnBlackSite,numberOfRobotsOnWhiteSite
3427,21,10
timeStep,numberOfRobotsOnBlackSite,numberOfRobotsOnWhiteSite
3428,21,10
timeStep,numberOfRobotsOnBlackSite,numberOfRobotsOnWhiteSite
3429,21,10
timeStep,numberOfRobotsOnBlackSite,numberOfRobotsOnWhiteSite
3430,21,9
timeStep,numberOfRobotsOnBlackSite,numberOfRobotsOnWhiteSite
3431,21,9
timeStep,numberOfRobotsOnBlackSite,numberOfRobotsOnWhiteSite
3432,21,9
timeStep,numberOfRobotsOnBlackSite,numberOfRobotsOnWhiteSite
3433,21,9
timeStep,numberOfRobotsOnBlackSite,numberOfRobotsOnWhiteSite
3434,21,9
timeStep,numberOfRobotsOnBlackSite,numberOfRobotsOnWhiteSite
3435,21,10
timeStep,numberOfRobotsOnBlackSite,numberOfRobotsOnWhiteSite
3436,21,10
timeStep,numberOfRobotsOnBlackSite,numberOfRobotsOnWhiteSite
3437,21,10
timeStep,numberOfRobotsOnBlackSite,numberOfRobotsOnWhiteSite
3438,21,10
timeStep,numberOfRobotsOnBlackSite,numberOfRobotsOnWhiteSite
3439,21,10
timeStep,numberOfRobotsOnBlackSite,numberOfRobotsOnWhiteSite
3440,21,10
timeStep,numberOfRobotsOnBlackSite,numberOfRobotsOnWhiteSite
3441,21,10
timeStep,numberOfRobotsOnBlackSite,numberOfRobotsOnWhiteSite
3442,21,10
timeStep,numberOfRobotsOnBlackSite,numberOfRobotsOnWhiteSite
3443,21,10
timeStep,numberOfRobotsOnBlackSite,numberOfRobotsOnWhiteSite
3444,21,10
timeStep,numberOfRobotsOnBlackSite,numberOfRobotsOnWhiteSite
3445,21,10
timeStep,numberOfRobotsOnBlackSite,numberOfRobotsOnWhiteSite
3446,21,10
timeStep,numberOfRobotsOnBlackSite,numberOfRobotsOnWhiteSite
3447,21,10
timeStep,numberOfRobotsOnBlackSite,numberOfRobotsOnWhiteSite
3448,21,10
timeStep,numberOfRobotsOnBlackSite,numberOfRobotsOnWhiteSite
3449,21,10
timeStep,numberOfRobotsOnBlackSite,numberOfRobotsOnWhiteSite
3450,21,10
timeStep,numberOfRobotsOnBlackSite,numberOfRobotsOnWhiteSite
3451,21,10
timeStep,numberOfRobotsOnBlackSite,numberOfRobotsOnWhiteSite
3452,21,10
timeStep,numberOfRobotsOnBlackSite,numberOfRobotsOnWhiteSite
3453,21,10
timeStep,numberOfRobotsOnBlackSite,numberOfRobotsOnWhiteSite
3454,21,10
timeStep,numberOfRobotsOnBlackSite,numberOfRobotsOnWhiteSite
3455,20,10
timeStep,numberOfRobotsOnBlackSite,numberOfRobotsOnWhiteSite
3456,20,10
timeStep,numberOfRobotsOnBlackSite,numberOfRobotsOnWhiteSite
3457,20,10
timeStep,numberOfRobotsOnBlackSite,numberOfRobotsOnWhiteSite
3458,20,10
timeStep,numberOfRobotsOnBlackSite,numberOfRobotsOnWhiteSite
3459,20,10
timeStep,numberOfRobotsOnBlackSite,numberOfRobotsOnWhiteSite
3460,20,10
timeStep,numberOfRobotsOnBlackSite,numberOfRobotsOnWhiteSite
3461,20,10
timeStep,numberOfRobotsOnBlackSite,numberOfRobotsOnWhiteSite
3462,20,10
timeStep,numberOfRobotsOnBlackSite,numberOfRobotsOnWhiteSite
3463,20,10
timeStep,numberOfRobotsOnBlackSite,numberOfRobotsOnWhiteSite
3464,20,10
timeStep,numberOfRobotsOnBlackSite,numberOfRobotsOnWhiteSite
3465,20,10
timeStep,numberOfRobotsOnBlackSite,numberOfRobotsOnWhiteSite
3466,20,10
timeStep,numberOfRobotsOnBlackSite,numberOfRobotsOnWhiteSite
3467,20,10
timeStep,numberOfRobotsOnBlackSite,numberOfRobotsOnWhiteSite
3468,20,10
timeStep,numberOfRobotsOnBlackSite,numberOfRobotsOnWhiteSite
3469,20,10
timeStep,numberOfRobotsOnBlackSite,numberOfRobotsOnWhiteSite
3470,20,10
timeStep,numberOfRobotsOnBlackSite,numberOfRobotsOnWhiteSite
3471,20,10
timeStep,numberOfRobotsOnBlackSite,numberOfRobotsOnWhiteSite
3472,20,10
timeStep,numberOfRobotsOnBlackSite,numberOfRobotsOnWhiteSite
3473,20,10
timeStep,numberOfRobotsOnBlackSite,numberOfRobotsOnWhiteSite
3474,20,10
timeStep,numberOfRobotsOnBlackSite,numberOfRobotsOnWhiteSite
3475,20,11
timeStep,numberOfRobotsOnBlackSite,numberOfRobotsOnWhiteSite
3476,20,11
timeStep,numberOfRobotsOnBlackSite,numberOfRobotsOnWhiteSite
3477,20,11
timeStep,numberOfRobotsOnBlackSite,numberOfRobotsOnWhiteSite
3478,20,11
timeStep,numberOfRobotsOnBlackSite,numberOfRobotsOnWhiteSite
3479,20,11
timeStep,numberOfRobotsOnBlackSite,numberOfRobotsOnWhiteSite
3480,20,11
timeStep,numberOfRobotsOnBlackSite,numberOfRobotsOnWhiteSite
3481,20,11
timeStep,numberOfRobotsOnBlackSite,numberOfRobotsOnWhiteSite
3482,20,11
timeStep,numberOfRobotsOnBlackSite,numberOfRobotsOnWhiteSite
3483,20,11
timeStep,numberOfRobotsOnBlackSite,numberOfRobotsOnWhiteSite
3484,20,11
timeStep,numberOfRobotsOnBlackSite,numberOfRobotsOnWhiteSite
3485,20,11
timeStep,numberOfRobotsOnBlackSite,numberOfRobotsOnWhiteSite
3486,20,11
timeStep,numberOfRobotsOnBlackSite,numberOfRobotsOnWhiteSite
3487,20,11
timeStep,numberOfRobotsOnBlackSite,numberOfRobotsOnWhiteSite
3488,20,11
timeStep,numberOfRobotsOnBlackSite,numberOfRobotsOnWhiteSite
3489,20,11
timeStep,numberOfRobotsOnBlackSite,numberOfRobotsOnWhiteSite
3490,20,11
timeStep,numberOfRobotsOnBlackSite,numberOfRobotsOnWhiteSite
3491,20,11
timeStep,numberOfRobotsOnBlackSite,numberOfRobotsOnWhiteSite
3492,20,11
timeStep,numberOfRobotsOnBlackSite,numberOfRobotsOnWhiteSite
3493,20,11
timeStep,numberOfRobotsOnBlackSite,numberOfRobotsOnWhiteSite
3494,20,11
timeStep,numberOfRobotsOnBlackSite,numberOfRobotsOnWhiteSite
3495,20,11
timeStep,numberOfRobotsOnBlackSite,numberOfRobotsOnWhiteSite
3496,20,11
timeStep,numberOfRobotsOnBlackSite,numberOfRobotsOnWhiteSite
3497,20,11
timeStep,numberOfRobotsOnBlackSite,numberOfRobotsOnWhiteSite
3498,20,11
timeStep,numberOfRobotsOnBlackSite,numberOfRobotsOnWhiteSite
3499,20,11
timeStep,numberOfRobotsOnBlackSite,numberOfRobotsOnWhiteSite
3500,20,11
timeStep,numberOfRobotsOnBlackSite,numberOfRobotsOnWhiteSite
3501,20,11
timeStep,numberOfRobotsOnBlackSite,numberOfRobotsOnWhiteSite
3502,20,11
timeStep,numberOfRobotsOnBlackSite,numberOfRobotsOnWhiteSite
3503,20,11
timeStep,numberOfRobotsOnBlackSite,numberOfRobotsOnWhiteSite
3504,20,11
timeStep,numberOfRobotsOnBlackSite,numberOfRobotsOnWhiteSite
3505,20,11
timeStep,numberOfRobotsOnBlackSite,numberOfRobotsOnWhiteSite
3506,20,11
timeStep,numberOfRobotsOnBlackSite,numberOfRobotsOnWhiteSite
3507,20,11
timeStep,numberOfRobotsOnBlackSite,numberOfRobotsOnWhiteSite
3508,20,11
timeStep,numberOfRobotsOnBlackSite,numberOfRobotsOnWhiteSite
3509,20,11
timeStep,numberOfRobotsOnBlackSite,numberOfRobotsOnWhiteSite
3510,21,11
timeStep,numberOfRobotsOnBlackSite,numberOfRobotsOnWhiteSite
3511,21,11
timeStep,numberOfRobotsOnBlackSite,numberOfRobotsOnWhiteSite
3512,21,11
timeStep,numberOfRobotsOnBlackSite,numberOfRobotsOnWhiteSite
3513,21,11
timeStep,numberOfRobotsOnBlackSite,numberOfRobotsOnWhiteSite
3514,21,11
timeStep,numberOfRobotsOnBlackSite,numberOfRobotsOnWhiteSite
3515,20,11
timeStep,numberOfRobotsOnBlackSite,numberOfRobotsOnWhiteSite
3516,20,11
timeStep,numberOfRobotsOnBlackSite,numberOfRobotsOnWhiteSite
3517,20,11
timeStep,numberOfRobotsOnBlackSite,numberOfRobotsOnWhiteSite
3518,20,11
timeStep,numberOfRobotsOnBlackSite,numberOfRobotsOnWhiteSite
3519,20,11
timeStep,numberOfRobotsOnBlackSite,numberOfRobotsOnWhiteSite
3520,20,11
timeStep,numberOfRobotsOnBlackSite,numberOfRobotsOnWhiteSite
3521,20,11
timeStep,numberOfRobotsOnBlackSite,numberOfRobotsOnWhiteSite
3522,20,11
timeStep,numberOfRobotsOnBlackSite,numberOfRobotsOnWhiteSite
3523,20,11
timeStep,numberOfRobotsOnBlackSite,numberOfRobotsOnWhiteSite
3524,20,11
timeStep,numberOfRobotsOnBlackSite,numberOfRobotsOnWhiteSite
3525,20,11
timeStep,numberOfRobotsOnBlackSite,numberOfRobotsOnWhiteSite
3526,20,11
timeStep,numberOfRobotsOnBlackSite,numberOfRobotsOnWhiteSite
3527,20,11
timeStep,numberOfRobotsOnBlackSite,numberOfRobotsOnWhiteSite
3528,20,11
timeStep,numberOfRobotsOnBlackSite,numberOfRobotsOnWhiteSite
3529,20,11
timeStep,numberOfRobotsOnBlackSite,numberOfRobotsOnWhiteSite
3530,20,11
timeStep,numberOfRobotsOnBlackSite,numberOfRobotsOnWhiteSite
3531,20,11
timeStep,numberOfRobotsOnBlackSite,numberOfRobotsOnWhiteSite
3532,20,11
timeStep,numberOfRobotsOnBlackSite,numberOfRobotsOnWhiteSite
3533,20,11
timeStep,numberOfRobotsOnBlackSite,numberOfRobotsOnWhiteSite
3534,20,11
timeStep,numberOfRobotsOnBlackSite,numberOfRobotsOnWhiteSite
3535,20,11
timeStep,numberOfRobotsOnBlackSite,numberOfRobotsOnWhiteSite
3536,20,11
timeStep,numberOfRobotsOnBlackSite,numberOfRobotsOnWhiteSite
3537,20,11
timeStep,numberOfRobotsOnBlackSite,numberOfRobotsOnWhiteSite
3538,20,11
timeStep,numberOfRobotsOnBlackSite,numberOfRobotsOnWhiteSite
3539,20,11
timeStep,numberOfRobotsOnBlackSite,numberOfRobotsOnWhiteSite
3540,20,11
timeStep,numberOfRobotsOnBlackSite,numberOfRobotsOnWhiteSite
3541,20,11
timeStep,numberOfRobotsOnBlackSite,numberOfRobotsOnWhiteSite
3542,20,11
timeStep,numberOfRobotsOnBlackSite,numberOfRobotsOnWhiteSite
3543,20,11
timeStep,numberOfRobotsOnBlackSite,numberOfRobotsOnWhiteSite
3544,20,11
timeStep,numberOfRobotsOnBlackSite,numberOfRobotsOnWhiteSite
3545,20,10
timeStep,numberOfRobotsOnBlackSite,numberOfRobotsOnWhiteSite
3546,20,10
timeStep,numberOfRobotsOnBlackSite,numberOfRobotsOnWhiteSite
3547,20,10
timeStep,numberOfRobotsOnBlackSite,numberOfRobotsOnWhiteSite
3548,20,10
timeStep,numberOfRobotsOnBlackSite,numberOfRobotsOnWhiteSite
3549,20,10
timeStep,numberOfRobotsOnBlackSite,numberOfRobotsOnWhiteSite
3550,20,10
timeStep,numberOfRobotsOnBlackSite,numberOfRobotsOnWhiteSite
3551,20,10
timeStep,numberOfRobotsOnBlackSite,numberOfRobotsOnWhiteSite
3552,20,10
timeStep,numberOfRobotsOnBlackSite,numberOfRobotsOnWhiteSite
3553,20,10
timeStep,numberOfRobotsOnBlackSite,numberOfRobotsOnWhiteSite
3554,20,10
timeStep,numberOfRobotsOnBlackSite,numberOfRobotsOnWhiteSite
3555,20,10
timeStep,numberOfRobotsOnBlackSite,numberOfRobotsOnWhiteSite
3556,20,10
timeStep,numberOfRobotsOnBlackSite,numberOfRobotsOnWhiteSite
3557,20,10
timeStep,numberOfRobotsOnBlackSite,numberOfRobotsOnWhiteSite
3558,20,10
timeStep,numberOfRobotsOnBlackSite,numberOfRobotsOnWhiteSite
3559,20,10
timeStep,numberOfRobotsOnBlackSite,numberOfRobotsOnWhiteSite
3560,20,11
timeStep,numberOfRobotsOnBlackSite,numberOfRobotsOnWhiteSite
3561,20,11
timeStep,numberOfRobotsOnBlackSite,numberOfRobotsOnWhiteSite
3562,20,11
timeStep,numberOfRobotsOnBlackSite,numberOfRobotsOnWhiteSite
3563,20,11
timeStep,numberOfRobotsOnBlackSite,numberOfRobotsOnWhiteSite
3564,20,11
timeStep,numberOfRobotsOnBlackSite,numberOfRobotsOnWhiteSite
3565,20,11
timeStep,numberOfRobotsOnBlackSite,numberOfRobotsOnWhiteSite
3566,20,11
timeStep,numberOfRobotsOnBlackSite,numberOfRobotsOnWhiteSite
3567,20,11
timeStep,numberOfRobotsOnBlackSite,numberOfRobotsOnWhiteSite
3568,20,11
timeStep,numberOfRobotsOnBlackSite,numberOfRobotsOnWhiteSite
3569,20,11
timeStep,numberOfRobotsOnBlackSite,numberOfRobotsOnWhiteSite
3570,20,11
timeStep,numberOfRobotsOnBlackSite,numberOfRobotsOnWhiteSite
3571,20,11
timeStep,numberOfRobotsOnBlackSite,numberOfRobotsOnWhiteSite
3572,20,11
timeStep,numberOfRobotsOnBlackSite,numberOfRobotsOnWhiteSite
3573,20,11
timeStep,numberOfRobotsOnBlackSite,numberOfRobotsOnWhiteSite
3574,20,11
timeStep,numberOfRobotsOnBlackSite,numberOfRobotsOnWhiteSite
3575,21,11
timeStep,numberOfRobotsOnBlackSite,numberOfRobotsOnWhiteSite
3576,21,11
timeStep,numberOfRobotsOnBlackSite,numberOfRobotsOnWhiteSite
3577,21,11
timeStep,numberOfRobotsOnBlackSite,numberOfRobotsOnWhiteSite
3578,21,11
timeStep,numberOfRobotsOnBlackSite,numberOfRobotsOnWhiteSite
3579,21,11
timeStep,numberOfRobotsOnBlackSite,numberOfRobotsOnWhiteSite
3580,21,11
timeStep,numberOfRobotsOnBlackSite,numberOfRobotsOnWhiteSite
3581,21,11
timeStep,numberOfRobotsOnBlackSite,numberOfRobotsOnWhiteSite
3582,21,11
timeStep,numberOfRobotsOnBlackSite,numberOfRobotsOnWhiteSite
3583,21,11
timeStep,numberOfRobotsOnBlackSite,numberOfRobotsOnWhiteSite
3584,21,11
timeStep,numberOfRobotsOnBlackSite,numberOfRobotsOnWhiteSite
3585,21,11
timeStep,numberOfRobotsOnBlackSite,numberOfRobotsOnWhiteSite
3586,21,11
timeStep,numberOfRobotsOnBlackSite,numberOfRobotsOnWhiteSite
3587,21,11
timeStep,numberOfRobotsOnBlackSite,numberOfRobotsOnWhiteSite
3588,21,11
timeStep,numberOfRobotsOnBlackSite,numberOfRobotsOnWhiteSite
3589,21,11
timeStep,numberOfRobotsOnBlackSite,numberOfRobotsOnWhiteSite
3590,21,11
timeStep,numberOfRobotsOnBlackSite,numberOfRobotsOnWhiteSite
3591,21,11
timeStep,numberOfRobotsOnBlackSite,numberOfRobotsOnWhiteSite
3592,21,11
timeStep,numberOfRobotsOnBlackSite,numberOfRobotsOnWhiteSite
3593,21,11
timeStep,numberOfRobotsOnBlackSite,numberOfRobotsOnWhiteSite
3594,21,11
timeStep,numberOfRobotsOnBlackSite,numberOfRobotsOnWhiteSite
3595,21,11
timeStep,numberOfRobotsOnBlackSite,numberOfRobotsOnWhiteSite
3596,21,11
timeStep,numberOfRobotsOnBlackSite,numberOfRobotsOnWhiteSite
3597,21,11
timeStep,numberOfRobotsOnBlackSite,numberOfRobotsOnWhiteSite
3598,21,11
timeStep,numberOfRobotsOnBlackSite,numberOfRobotsOnWhiteSite
3599,21,11
timeStep,numberOfRobotsOnBlackSite,numberOfRobotsOnWhiteSite
3600,21,11
timeStep,numberOfRobotsOnBlackSite,numberOfRobotsOnWhiteSite
3601,21,11
timeStep,numberOfRobotsOnBlackSite,numberOfRobotsOnWhiteSite
3602,21,11
timeStep,numberOfRobotsOnBlackSite,numberOfRobotsOnWhiteSite
3603,21,11
timeStep,numberOfRobotsOnBlackSite,numberOfRobotsOnWhiteSite
3604,21,11
timeStep,numberOfRobotsOnBlackSite,numberOfRobotsOnWhiteSite
3605,21,11
timeStep,numberOfRobotsOnBlackSite,numberOfRobotsOnWhiteSite
3606,21,11
timeStep,numberOfRobotsOnBlackSite,numberOfRobotsOnWhiteSite
3607,21,11
timeStep,numberOfRobotsOnBlackSite,numberOfRobotsOnWhiteSite
3608,21,11
timeStep,numberOfRobotsOnBlackSite,numberOfRobotsOnWhiteSite
3609,21,11
timeStep,numberOfRobotsOnBlackSite,numberOfRobotsOnWhiteSite
3610,21,11
timeStep,numberOfRobotsOnBlackSite,numberOfRobotsOnWhiteSite
3611,21,11
timeStep,numberOfRobotsOnBlackSite,numberOfRobotsOnWhiteSite
3612,21,11
timeStep,numberOfRobotsOnBlackSite,numberOfRobotsOnWhiteSite
3613,21,11
timeStep,numberOfRobotsOnBlackSite,numberOfRobotsOnWhiteSite
3614,21,11
timeStep,numberOfRobotsOnBlackSite,numberOfRobotsOnWhiteSite
3615,21,11
timeStep,numberOfRobotsOnBlackSite,numberOfRobotsOnWhiteSite
3616,21,11
timeStep,numberOfRobotsOnBlackSite,numberOfRobotsOnWhiteSite
3617,21,11
timeStep,numberOfRobotsOnBlackSite,numberOfRobotsOnWhiteSite
3618,21,11
timeStep,numberOfRobotsOnBlackSite,numberOfRobotsOnWhiteSite
3619,21,11
timeStep,numberOfRobotsOnBlackSite,numberOfRobotsOnWhiteSite
3620,21,11
timeStep,numberOfRobotsOnBlackSite,numberOfRobotsOnWhiteSite
3621,21,11
timeStep,numberOfRobotsOnBlackSite,numberOfRobotsOnWhiteSite
3622,21,11
timeStep,numberOfRobotsOnBlackSite,numberOfRobotsOnWhiteSite
3623,21,11
timeStep,numberOfRobotsOnBlackSite,numberOfRobotsOnWhiteSite
3624,21,11
timeStep,numberOfRobotsOnBlackSite,numberOfRobotsOnWhiteSite
3625,21,11
timeStep,numberOfRobotsOnBlackSite,numberOfRobotsOnWhiteSite
3626,21,11
timeStep,numberOfRobotsOnBlackSite,numberOfRobotsOnWhiteSite
3627,21,11
timeStep,numberOfRobotsOnBlackSite,numberOfRobotsOnWhiteSite
3628,21,11
timeStep,numberOfRobotsOnBlackSite,numberOfRobotsOnWhiteSite
3629,21,11
timeStep,numberOfRobotsOnBlackSite,numberOfRobotsOnWhiteSite
3630,21,11
timeStep,numberOfRobotsOnBlackSite,numberOfRobotsOnWhiteSite
3631,21,11
timeStep,numberOfRobotsOnBlackSite,numberOfRobotsOnWhiteSite
3632,21,11
timeStep,numberOfRobotsOnBlackSite,numberOfRobotsOnWhiteSite
3633,21,11
timeStep,numberOfRobotsOnBlackSite,numberOfRobotsOnWhiteSite
3634,21,11
timeStep,numberOfRobotsOnBlackSite,numberOfRobotsOnWhiteSite
3635,21,11
timeStep,numberOfRobotsOnBlackSite,numberOfRobotsOnWhiteSite
3636,21,11
timeStep,numberOfRobotsOnBlackSite,numberOfRobotsOnWhiteSite
3637,21,11
timeStep,numberOfRobotsOnBlackSite,numberOfRobotsOnWhiteSite
3638,21,11
timeStep,numberOfRobotsOnBlackSite,numberOfRobotsOnWhiteSite
3639,21,11
timeStep,numberOfRobotsOnBlackSite,numberOfRobotsOnWhiteSite
3640,21,10
timeStep,numberOfRobotsOnBlackSite,numberOfRobotsOnWhiteSite
3641,21,10
timeStep,numberOfRobotsOnBlackSite,numberOfRobotsOnWhiteSite
3642,21,10
timeStep,numberOfRobotsOnBlackSite,numberOfRobotsOnWhiteSite
3643,21,10
timeStep,numberOfRobotsOnBlackSite,numberOfRobotsOnWhiteSite
3644,21,10
timeStep,numberOfRobotsOnBlackSite,numberOfRobotsOnWhiteSite
3645,21,10
timeStep,numberOfRobotsOnBlackSite,numberOfRobotsOnWhiteSite
3646,21,10
timeStep,numberOfRobotsOnBlackSite,numberOfRobotsOnWhiteSite
3647,21,10
timeStep,numberOfRobotsOnBlackSite,numberOfRobotsOnWhiteSite
3648,21,10
timeStep,numberOfRobotsOnBlackSite,numberOfRobotsOnWhiteSite
3649,21,10
timeStep,numberOfRobotsOnBlackSite,numberOfRobotsOnWhiteSite
3650,20,10
timeStep,numberOfRobotsOnBlackSite,numberOfRobotsOnWhiteSite
3651,20,10
timeStep,numberOfRobotsOnBlackSite,numberOfRobotsOnWhiteSite
3652,20,10
timeStep,numberOfRobotsOnBlackSite,numberOfRobotsOnWhiteSite
3653,20,10
timeStep,numberOfRobotsOnBlackSite,numberOfRobotsOnWhiteSite
3654,20,10
timeStep,numberOfRobotsOnBlackSite,numberOfRobotsOnWhiteSite
3655,20,10
timeStep,numberOfRobotsOnBlackSite,numberOfRobotsOnWhiteSite
3656,20,10
timeStep,numberOfRobotsOnBlackSite,numberOfRobotsOnWhiteSite
3657,20,10
timeStep,numberOfRobotsOnBlackSite,numberOfRobotsOnWhiteSite
3658,20,10
timeStep,numberOfRobotsOnBlackSite,numberOfRobotsOnWhiteSite
3659,20,10
timeStep,numberOfRobotsOnBlackSite,numberOfRobotsOnWhiteSite
3660,20,10
timeStep,numberOfRobotsOnBlackSite,numberOfRobotsOnWhiteSite
3661,20,10
timeStep,numberOfRobotsOnBlackSite,numberOfRobotsOnWhiteSite
3662,20,10
timeStep,numberOfRobotsOnBlackSite,numberOfRobotsOnWhiteSite
3663,20,10
timeStep,numberOfRobotsOnBlackSite,numberOfRobotsOnWhiteSite
3664,20,10
timeStep,numberOfRobotsOnBlackSite,numberOfRobotsOnWhiteSite
3665,20,10
timeStep,numberOfRobotsOnBlackSite,numberOfRobotsOnWhiteSite
3666,20,10
timeStep,numberOfRobotsOnBlackSite,numberOfRobotsOnWhiteSite
3667,20,10
timeStep,numberOfRobotsOnBlackSite,numberOfRobotsOnWhiteSite
3668,20,10
timeStep,numberOfRobotsOnBlackSite,numberOfRobotsOnWhiteSite
3669,20,10
timeStep,numberOfRobotsOnBlackSite,numberOfRobotsOnWhiteSite
3670,20,10
timeStep,numberOfRobotsOnBlackSite,numberOfRobotsOnWhiteSite
3671,20,10
timeStep,numberOfRobotsOnBlackSite,numberOfRobotsOnWhiteSite
3672,20,10
timeStep,numberOfRobotsOnBlackSite,numberOfRobotsOnWhiteSite
3673,20,10
timeStep,numberOfRobotsOnBlackSite,numberOfRobotsOnWhiteSite
3674,20,10
timeStep,numberOfRobotsOnBlackSite,numberOfRobotsOnWhiteSite
3675,20,10
timeStep,numberOfRobotsOnBlackSite,numberOfRobotsOnWhiteSite
3676,20,10
timeStep,numberOfRobotsOnBlackSite,numberOfRobotsOnWhiteSite
3677,20,10
timeStep,numberOfRobotsOnBlackSite,numberOfRobotsOnWhiteSite
3678,20,10
timeStep,numberOfRobotsOnBlackSite,numberOfRobotsOnWhiteSite
3679,20,10
timeStep,numberOfRobotsOnBlackSite,numberOfRobotsOnWhiteSite
3680,20,10
timeStep,numberOfRobotsOnBlackSite,numberOfRobotsOnWhiteSite
3681,20,10
timeStep,numberOfRobotsOnBlackSite,numberOfRobotsOnWhiteSite
3682,20,10
timeStep,numberOfRobotsOnBlackSite,numberOfRobotsOnWhiteSite
3683,20,10
timeStep,numberOfRobotsOnBlackSite,numberOfRobotsOnWhiteSite
3684,20,10
timeStep,numberOfRobotsOnBlackSite,numberOfRobotsOnWhiteSite
3685,20,10
timeStep,numberOfRobotsOnBlackSite,numberOfRobotsOnWhiteSite
3686,20,10
timeStep,numberOfRobotsOnBlackSite,numberOfRobotsOnWhiteSite
3687,20,10
timeStep,numberOfRobotsOnBlackSite,numberOfRobotsOnWhiteSite
3688,20,10
timeStep,numberOfRobotsOnBlackSite,numberOfRobotsOnWhiteSite
3689,20,10
timeStep,numberOfRobotsOnBlackSite,numberOfRobotsOnWhiteSite
3690,21,10
timeStep,numberOfRobotsOnBlackSite,numberOfRobotsOnWhiteSite
3691,21,10
timeStep,numberOfRobotsOnBlackSite,numberOfRobotsOnWhiteSite
3692,21,10
timeStep,numberOfRobotsOnBlackSite,numberOfRobotsOnWhiteSite
3693,21,10
timeStep,numberOfRobotsOnBlackSite,numberOfRobotsOnWhiteSite
3694,21,10
timeStep,numberOfRobotsOnBlackSite,numberOfRobotsOnWhiteSite
3695,21,10
timeStep,numberOfRobotsOnBlackSite,numberOfRobotsOnWhiteSite
3696,21,10
timeStep,numberOfRobotsOnBlackSite,numberOfRobotsOnWhiteSite
3697,21,10
timeStep,numberOfRobotsOnBlackSite,numberOfRobotsOnWhiteSite
3698,21,10
timeStep,numberOfRobotsOnBlackSite,numberOfRobotsOnWhiteSite
3699,21,10
timeStep,numberOfRobotsOnBlackSite,numberOfRobotsOnWhiteSite
3700,21,10
timeStep,numberOfRobotsOnBlackSite,numberOfRobotsOnWhiteSite
3701,21,10
timeStep,numberOfRobotsOnBlackSite,numberOfRobotsOnWhiteSite
3702,21,10
timeStep,numberOfRobotsOnBlackSite,numberOfRobotsOnWhiteSite
3703,21,10
timeStep,numberOfRobotsOnBlackSite,numberOfRobotsOnWhiteSite
3704,21,10
timeStep,numberOfRobotsOnBlackSite,numberOfRobotsOnWhiteSite
3705,22,10
timeStep,numberOfRobotsOnBlackSite,numberOfRobotsOnWhiteSite
3706,22,10
timeStep,numberOfRobotsOnBlackSite,numberOfRobotsOnWhiteSite
3707,22,10
timeStep,numberOfRobotsOnBlackSite,numberOfRobotsOnWhiteSite
3708,22,10
timeStep,numberOfRobotsOnBlackSite,numberOfRobotsOnWhiteSite
3709,22,10
timeStep,numberOfRobotsOnBlackSite,numberOfRobotsOnWhiteSite
3710,22,10
timeStep,numberOfRobotsOnBlackSite,numberOfRobotsOnWhiteSite
3711,22,10
timeStep,numberOfRobotsOnBlackSite,numberOfRobotsOnWhiteSite
3712,22,10
timeStep,numberOfRobotsOnBlackSite,numberOfRobotsOnWhiteSite
3713,22,10
timeStep,numberOfRobotsOnBlackSite,numberOfRobotsOnWhiteSite
3714,22,10
timeStep,numberOfRobotsOnBlackSite,numberOfRobotsOnWhiteSite
3715,22,10
timeStep,numberOfRobotsOnBlackSite,numberOfRobotsOnWhiteSite
3716,22,10
timeStep,numberOfRobotsOnBlackSite,numberOfRobotsOnWhiteSite
3717,22,10
timeStep,numberOfRobotsOnBlackSite,numberOfRobotsOnWhiteSite
3718,22,10
timeStep,numberOfRobotsOnBlackSite,numberOfRobotsOnWhiteSite
3719,22,10
timeStep,numberOfRobotsOnBlackSite,numberOfRobotsOnWhiteSite
3720,22,10
timeStep,numberOfRobotsOnBlackSite,numberOfRobotsOnWhiteSite
3721,22,10
timeStep,numberOfRobotsOnBlackSite,numberOfRobotsOnWhiteSite
3722,22,10
timeStep,numberOfRobotsOnBlackSite,numberOfRobotsOnWhiteSite
3723,22,10
timeStep,numberOfRobotsOnBlackSite,numberOfRobotsOnWhiteSite
3724,22,10
timeStep,numberOfRobotsOnBlackSite,numberOfRobotsOnWhiteSite
3725,22,9
timeStep,numberOfRobotsOnBlackSite,numberOfRobotsOnWhiteSite
3726,22,9
timeStep,numberOfRobotsOnBlackSite,numberOfRobotsOnWhiteSite
3727,22,9
timeStep,numberOfRobotsOnBlackSite,numberOfRobotsOnWhiteSite
3728,22,9
timeStep,numberOfRobotsOnBlackSite,numberOfRobotsOnWhiteSite
3729,22,9
timeStep,numberOfRobotsOnBlackSite,numberOfRobotsOnWhiteSite
3730,22,9
timeStep,numberOfRobotsOnBlackSite,numberOfRobotsOnWhiteSite
3731,22,9
timeStep,numberOfRobotsOnBlackSite,numberOfRobotsOnWhiteSite
3732,22,9
timeStep,numberOfRobotsOnBlackSite,numberOfRobotsOnWhiteSite
3733,22,9
timeStep,numberOfRobotsOnBlackSite,numberOfRobotsOnWhiteSite
3734,22,9
timeStep,numberOfRobotsOnBlackSite,numberOfRobotsOnWhiteSite
3735,22,9
timeStep,numberOfRobotsOnBlackSite,numberOfRobotsOnWhiteSite
3736,22,9
timeStep,numberOfRobotsOnBlackSite,numberOfRobotsOnWhiteSite
3737,22,9
timeStep,numberOfRobotsOnBlackSite,numberOfRobotsOnWhiteSite
3738,22,9
timeStep,numberOfRobotsOnBlackSite,numberOfRobotsOnWhiteSite
3739,22,9
timeStep,numberOfRobotsOnBlackSite,numberOfRobotsOnWhiteSite
3740,22,9
timeStep,numberOfRobotsOnBlackSite,numberOfRobotsOnWhiteSite
3741,22,9
timeStep,numberOfRobotsOnBlackSite,numberOfRobotsOnWhiteSite
3742,22,9
timeStep,numberOfRobotsOnBlackSite,numberOfRobotsOnWhiteSite
3743,22,9
timeStep,numberOfRobotsOnBlackSite,numberOfRobotsOnWhiteSite
3744,22,9
timeStep,numberOfRobotsOnBlackSite,numberOfRobotsOnWhiteSite
3745,23,9
timeStep,numberOfRobotsOnBlackSite,numberOfRobotsOnWhiteSite
3746,23,9
timeStep,numberOfRobotsOnBlackSite,numberOfRobotsOnWhiteSite
3747,23,9
timeStep,numberOfRobotsOnBlackSite,numberOfRobotsOnWhiteSite
3748,23,9
timeStep,numberOfRobotsOnBlackSite,numberOfRobotsOnWhiteSite
3749,23,9
timeStep,numberOfRobotsOnBlackSite,numberOfRobotsOnWhiteSite
3750,22,9
timeStep,numberOfRobotsOnBlackSite,numberOfRobotsOnWhiteSite
3751,22,9
timeStep,numberOfRobotsOnBlackSite,numberOfRobotsOnWhiteSite
3752,22,9
timeStep,numberOfRobotsOnBlackSite,numberOfRobotsOnWhiteSite
3753,22,9
timeStep,numberOfRobotsOnBlackSite,numberOfRobotsOnWhiteSite
3754,22,9
timeStep,numberOfRobotsOnBlackSite,numberOfRobotsOnWhiteSite
3755,22,9
timeStep,numberOfRobotsOnBlackSite,numberOfRobotsOnWhiteSite
3756,22,9
timeStep,numberOfRobotsOnBlackSite,numberOfRobotsOnWhiteSite
3757,22,9
timeStep,numberOfRobotsOnBlackSite,numberOfRobotsOnWhiteSite
3758,22,9
timeStep,numberOfRobotsOnBlackSite,numberOfRobotsOnWhiteSite
3759,22,9
timeStep,numberOfRobotsOnBlackSite,numberOfRobotsOnWhiteSite
3760,22,9
timeStep,numberOfRobotsOnBlackSite,numberOfRobotsOnWhiteSite
3761,22,9
timeStep,numberOfRobotsOnBlackSite,numberOfRobotsOnWhiteSite
3762,22,9
timeStep,numberOfRobotsOnBlackSite,numberOfRobotsOnWhiteSite
3763,22,9
timeStep,numberOfRobotsOnBlackSite,numberOfRobotsOnWhiteSite
3764,22,9
timeStep,numberOfRobotsOnBlackSite,numberOfRobotsOnWhiteSite
3765,23,10
timeStep,numberOfRobotsOnBlackSite,numberOfRobotsOnWhiteSite
3766,23,10
timeStep,numberOfRobotsOnBlackSite,numberOfRobotsOnWhiteSite
3767,23,10
timeStep,numberOfRobotsOnBlackSite,numberOfRobotsOnWhiteSite
3768,23,10
timeStep,numberOfRobotsOnBlackSite,numberOfRobotsOnWhiteSite
3769,23,10
timeStep,numberOfRobotsOnBlackSite,numberOfRobotsOnWhiteSite
3770,23,10
timeStep,numberOfRobotsOnBlackSite,numberOfRobotsOnWhiteSite
3771,23,10
timeStep,numberOfRobotsOnBlackSite,numberOfRobotsOnWhiteSite
3772,23,10
timeStep,numberOfRobotsOnBlackSite,numberOfRobotsOnWhiteSite
3773,23,10
timeStep,numberOfRobotsOnBlackSite,numberOfRobotsOnWhiteSite
3774,23,10
timeStep,numberOfRobotsOnBlackSite,numberOfRobotsOnWhiteSite
3775,23,10
timeStep,numberOfRobotsOnBlackSite,numberOfRobotsOnWhiteSite
3776,23,10
timeStep,numberOfRobotsOnBlackSite,numberOfRobotsOnWhiteSite
3777,23,10
timeStep,numberOfRobotsOnBlackSite,numberOfRobotsOnWhiteSite
3778,23,10
timeStep,numberOfRobotsOnBlackSite,numberOfRobotsOnWhiteSite
3779,23,10
timeStep,numberOfRobotsOnBlackSite,numberOfRobotsOnWhiteSite
3780,23,10
timeStep,numberOfRobotsOnBlackSite,numberOfRobotsOnWhiteSite
3781,23,10
timeStep,numberOfRobotsOnBlackSite,numberOfRobotsOnWhiteSite
3782,23,10
timeStep,numberOfRobotsOnBlackSite,numberOfRobotsOnWhiteSite
3783,23,10
timeStep,numberOfRobotsOnBlackSite,numberOfRobotsOnWhiteSite
3784,23,10
timeStep,numberOfRobotsOnBlackSite,numberOfRobotsOnWhiteSite
3785,23,10
timeStep,numberOfRobotsOnBlackSite,numberOfRobotsOnWhiteSite
3786,23,10
timeStep,numberOfRobotsOnBlackSite,numberOfRobotsOnWhiteSite
3787,23,10
timeStep,numberOfRobotsOnBlackSite,numberOfRobotsOnWhiteSite
3788,23,10
timeStep,numberOfRobotsOnBlackSite,numberOfRobotsOnWhiteSite
3789,23,10
timeStep,numberOfRobotsOnBlackSite,numberOfRobotsOnWhiteSite
3790,23,10
timeStep,numberOfRobotsOnBlackSite,numberOfRobotsOnWhiteSite
3791,23,10
timeStep,numberOfRobotsOnBlackSite,numberOfRobotsOnWhiteSite
3792,23,10
timeStep,numberOfRobotsOnBlackSite,numberOfRobotsOnWhiteSite
3793,23,10
timeStep,numberOfRobotsOnBlackSite,numberOfRobotsOnWhiteSite
3794,23,10
timeStep,numberOfRobotsOnBlackSite,numberOfRobotsOnWhiteSite
3795,23,10
timeStep,numberOfRobotsOnBlackSite,numberOfRobotsOnWhiteSite
3796,23,10
timeStep,numberOfRobotsOnBlackSite,numberOfRobotsOnWhiteSite
3797,23,10
timeStep,numberOfRobotsOnBlackSite,numberOfRobotsOnWhiteSite
3798,23,10
timeStep,numberOfRobotsOnBlackSite,numberOfRobotsOnWhiteSite
3799,23,10
timeStep,numberOfRobotsOnBlackSite,numberOfRobotsOnWhiteSite
3800,23,10
timeStep,numberOfRobotsOnBlackSite,numberOfRobotsOnWhiteSite
3801,23,10
timeStep,numberOfRobotsOnBlackSite,numberOfRobotsOnWhiteSite
3802,23,10
timeStep,numberOfRobotsOnBlackSite,numberOfRobotsOnWhiteSite
3803,23,10
timeStep,numberOfRobotsOnBlackSite,numberOfRobotsOnWhiteSite
3804,23,10
timeStep,numberOfRobotsOnBlackSite,numberOfRobotsOnWhiteSite
3805,23,10
timeStep,numberOfRobotsOnBlackSite,numberOfRobotsOnWhiteSite
3806,23,10
timeStep,numberOfRobotsOnBlackSite,numberOfRobotsOnWhiteSite
3807,23,10
timeStep,numberOfRobotsOnBlackSite,numberOfRobotsOnWhiteSite
3808,23,10
timeStep,numberOfRobotsOnBlackSite,numberOfRobotsOnWhiteSite
3809,23,10
timeStep,numberOfRobotsOnBlackSite,numberOfRobotsOnWhiteSite
3810,23,10
timeStep,numberOfRobotsOnBlackSite,numberOfRobotsOnWhiteSite
3811,23,10
timeStep,numberOfRobotsOnBlackSite,numberOfRobotsOnWhiteSite
3812,23,10
timeStep,numberOfRobotsOnBlackSite,numberOfRobotsOnWhiteSite
3813,23,10
timeStep,numberOfRobotsOnBlackSite,numberOfRobotsOnWhiteSite
3814,23,10
timeStep,numberOfRobotsOnBlackSite,numberOfRobotsOnWhiteSite
3815,23,10
timeStep,numberOfRobotsOnBlackSite,numberOfRobotsOnWhiteSite
3816,23,10
timeStep,numberOfRobotsOnBlackSite,numberOfRobotsOnWhiteSite
3817,23,10
timeStep,numberOfRobotsOnBlackSite,numberOfRobotsOnWhiteSite
3818,23,10
timeStep,numberOfRobotsOnBlackSite,numberOfRobotsOnWhiteSite
3819,23,10
timeStep,numberOfRobotsOnBlackSite,numberOfRobotsOnWhiteSite
3820,23,9
timeStep,numberOfRobotsOnBlackSite,numberOfRobotsOnWhiteSite
3821,23,9
timeStep,numberOfRobotsOnBlackSite,numberOfRobotsOnWhiteSite
3822,23,9
timeStep,numberOfRobotsOnBlackSite,numberOfRobotsOnWhiteSite
3823,23,9
timeStep,numberOfRobotsOnBlackSite,numberOfRobotsOnWhiteSite
3824,23,9
timeStep,numberOfRobotsOnBlackSite,numberOfRobotsOnWhiteSite
3825,23,9
timeStep,numberOfRobotsOnBlackSite,numberOfRobotsOnWhiteSite
3826,23,9
timeStep,numberOfRobotsOnBlackSite,numberOfRobotsOnWhiteSite
3827,23,9
timeStep,numberOfRobotsOnBlackSite,numberOfRobotsOnWhiteSite
3828,23,9
timeStep,numberOfRobotsOnBlackSite,numberOfRobotsOnWhiteSite
3829,23,9
timeStep,numberOfRobotsOnBlackSite,numberOfRobotsOnWhiteSite
3830,23,9
timeStep,numberOfRobotsOnBlackSite,numberOfRobotsOnWhiteSite
3831,23,9
timeStep,numberOfRobotsOnBlackSite,numberOfRobotsOnWhiteSite
3832,23,9
timeStep,numberOfRobotsOnBlackSite,numberOfRobotsOnWhiteSite
3833,23,9
timeStep,numberOfRobotsOnBlackSite,numberOfRobotsOnWhiteSite
3834,23,9
timeStep,numberOfRobotsOnBlackSite,numberOfRobotsOnWhiteSite
3835,23,9
timeStep,numberOfRobotsOnBlackSite,numberOfRobotsOnWhiteSite
3836,23,9
timeStep,numberOfRobotsOnBlackSite,numberOfRobotsOnWhiteSite
3837,23,9
timeStep,numberOfRobotsOnBlackSite,numberOfRobotsOnWhiteSite
3838,23,9
timeStep,numberOfRobotsOnBlackSite,numberOfRobotsOnWhiteSite
3839,23,9
timeStep,numberOfRobotsOnBlackSite,numberOfRobotsOnWhiteSite
3840,23,9
timeStep,numberOfRobotsOnBlackSite,numberOfRobotsOnWhiteSite
3841,23,9
timeStep,numberOfRobotsOnBlackSite,numberOfRobotsOnWhiteSite
3842,23,9
timeStep,numberOfRobotsOnBlackSite,numberOfRobotsOnWhiteSite
3843,23,9
timeStep,numberOfRobotsOnBlackSite,numberOfRobotsOnWhiteSite
3844,23,9
timeStep,numberOfRobotsOnBlackSite,numberOfRobotsOnWhiteSite
3845,23,9
timeStep,numberOfRobotsOnBlackSite,numberOfRobotsOnWhiteSite
3846,23,9
timeStep,numberOfRobotsOnBlackSite,numberOfRobotsOnWhiteSite
3847,23,9
timeStep,numberOfRobotsOnBlackSite,numberOfRobotsOnWhiteSite
3848,23,9
timeStep,numberOfRobotsOnBlackSite,numberOfRobotsOnWhiteSite
3849,23,9
timeStep,numberOfRobotsOnBlackSite,numberOfRobotsOnWhiteSite
3850,23,9
timeStep,numberOfRobotsOnBlackSite,numberOfRobotsOnWhiteSite
3851,23,9
timeStep,numberOfRobotsOnBlackSite,numberOfRobotsOnWhiteSite
3852,23,9
timeStep,numberOfRobotsOnBlackSite,numberOfRobotsOnWhiteSite
3853,23,9
timeStep,numberOfRobotsOnBlackSite,numberOfRobotsOnWhiteSite
3854,23,9
timeStep,numberOfRobotsOnBlackSite,numberOfRobotsOnWhiteSite
3855,23,10
timeStep,numberOfRobotsOnBlackSite,numberOfRobotsOnWhiteSite
3856,23,10
timeStep,numberOfRobotsOnBlackSite,numberOfRobotsOnWhiteSite
3857,23,10
timeStep,numberOfRobotsOnBlackSite,numberOfRobotsOnWhiteSite
3858,23,10
timeStep,numberOfRobotsOnBlackSite,numberOfRobotsOnWhiteSite
3859,23,10
timeStep,numberOfRobotsOnBlackSite,numberOfRobotsOnWhiteSite
3860,23,10
timeStep,numberOfRobotsOnBlackSite,numberOfRobotsOnWhiteSite
3861,23,10
timeStep,numberOfRobotsOnBlackSite,numberOfRobotsOnWhiteSite
3862,23,10
timeStep,numberOfRobotsOnBlackSite,numberOfRobotsOnWhiteSite
3863,23,10
timeStep,numberOfRobotsOnBlackSite,numberOfRobotsOnWhiteSite
3864,23,10
timeStep,numberOfRobotsOnBlackSite,numberOfRobotsOnWhiteSite
3865,23,10
timeStep,numberOfRobotsOnBlackSite,numberOfRobotsOnWhiteSite
3866,23,10
timeStep,numberOfRobotsOnBlackSite,numberOfRobotsOnWhiteSite
3867,23,10
timeStep,numberOfRobotsOnBlackSite,numberOfRobotsOnWhiteSite
3868,23,10
timeStep,numberOfRobotsOnBlackSite,numberOfRobotsOnWhiteSite
3869,23,10
timeStep,numberOfRobotsOnBlackSite,numberOfRobotsOnWhiteSite
3870,23,10
timeStep,numberOfRobotsOnBlackSite,numberOfRobotsOnWhiteSite
3871,23,10
timeStep,numberOfRobotsOnBlackSite,numberOfRobotsOnWhiteSite
3872,23,10
timeStep,numberOfRobotsOnBlackSite,numberOfRobotsOnWhiteSite
3873,23,10
timeStep,numberOfRobotsOnBlackSite,numberOfRobotsOnWhiteSite
3874,23,10
timeStep,numberOfRobotsOnBlackSite,numberOfRobotsOnWhiteSite
3875,23,10
timeStep,numberOfRobotsOnBlackSite,numberOfRobotsOnWhiteSite
3876,23,10
timeStep,numberOfRobotsOnBlackSite,numberOfRobotsOnWhiteSite
3877,23,10
timeStep,numberOfRobotsOnBlackSite,numberOfRobotsOnWhiteSite
3878,23,10
timeStep,numberOfRobotsOnBlackSite,numberOfRobotsOnWhiteSite
3879,23,10
timeStep,numberOfRobotsOnBlackSite,numberOfRobotsOnWhiteSite
3880,23,10
timeStep,numberOfRobotsOnBlackSite,numberOfRobotsOnWhiteSite
3881,23,10
timeStep,numberOfRobotsOnBlackSite,numberOfRobotsOnWhiteSite
3882,23,10
timeStep,numberOfRobotsOnBlackSite,numberOfRobotsOnWhiteSite
3883,23,10
timeStep,numberOfRobotsOnBlackSite,numberOfRobotsOnWhiteSite
3884,23,10
timeStep,numberOfRobotsOnBlackSite,numberOfRobotsOnWhiteSite
3885,22,10
timeStep,numberOfRobotsOnBlackSite,numberOfRobotsOnWhiteSite
3886,22,10
timeStep,numberOfRobotsOnBlackSite,numberOfRobotsOnWhiteSite
3887,22,10
timeStep,numberOfRobotsOnBlackSite,numberOfRobotsOnWhiteSite
3888,22,10
timeStep,numberOfRobotsOnBlackSite,numberOfRobotsOnWhiteSite
3889,22,10
timeStep,numberOfRobotsOnBlackSite,numberOfRobotsOnWhiteSite
3890,22,10
timeStep,numberOfRobotsOnBlackSite,numberOfRobotsOnWhiteSite
3891,22,10
timeStep,numberOfRobotsOnBlackSite,numberOfRobotsOnWhiteSite
3892,22,10
timeStep,numberOfRobotsOnBlackSite,numberOfRobotsOnWhiteSite
3893,22,10
timeStep,numberOfRobotsOnBlackSite,numberOfRobotsOnWhiteSite
3894,22,10
timeStep,numberOfRobotsOnBlackSite,numberOfRobotsOnWhiteSite
3895,22,10
timeStep,numberOfRobotsOnBlackSite,numberOfRobotsOnWhiteSite
3896,22,10
timeStep,numberOfRobotsOnBlackSite,numberOfRobotsOnWhiteSite
3897,22,10
timeStep,numberOfRobotsOnBlackSite,numberOfRobotsOnWhiteSite
3898,22,10
timeStep,numberOfRobotsOnBlackSite,numberOfRobotsOnWhiteSite
3899,22,10
timeStep,numberOfRobotsOnBlackSite,numberOfRobotsOnWhiteSite
3900,21,10
timeStep,numberOfRobotsOnBlackSite,numberOfRobotsOnWhiteSite
3901,21,10
timeStep,numberOfRobotsOnBlackSite,numberOfRobotsOnWhiteSite
3902,21,10
timeStep,numberOfRobotsOnBlackSite,numberOfRobotsOnWhiteSite
3903,21,10
timeStep,numberOfRobotsOnBlackSite,numberOfRobotsOnWhiteSite
3904,21,10
timeStep,numberOfRobotsOnBlackSite,numberOfRobotsOnWhiteSite
3905,21,10
timeStep,numberOfRobotsOnBlackSite,numberOfRobotsOnWhiteSite
3906,21,10
timeStep,numberOfRobotsOnBlackSite,numberOfRobotsOnWhiteSite
3907,21,10
timeStep,numberOfRobotsOnBlackSite,numberOfRobotsOnWhiteSite
3908,21,10
timeStep,numberOfRobotsOnBlackSite,numberOfRobotsOnWhiteSite
3909,21,10
timeStep,numberOfRobotsOnBlackSite,numberOfRobotsOnWhiteSite
3910,21,11
timeStep,numberOfRobotsOnBlackSite,numberOfRobotsOnWhiteSite
3911,21,11
timeStep,numberOfRobotsOnBlackSite,numberOfRobotsOnWhiteSite
3912,21,11
timeStep,numberOfRobotsOnBlackSite,numberOfRobotsOnWhiteSite
3913,21,11
timeStep,numberOfRobotsOnBlackSite,numberOfRobotsOnWhiteSite
3914,21,11
timeStep,numberOfRobotsOnBlackSite,numberOfRobotsOnWhiteSite
3915,22,11
timeStep,numberOfRobotsOnBlackSite,numberOfRobotsOnWhiteSite
3916,22,11
timeStep,numberOfRobotsOnBlackSite,numberOfRobotsOnWhiteSite
3917,22,11
timeStep,numberOfRobotsOnBlackSite,numberOfRobotsOnWhiteSite
3918,22,11
timeStep,numberOfRobotsOnBlackSite,numberOfRobotsOnWhiteSite
3919,22,11
timeStep,numberOfRobotsOnBlackSite,numberOfRobotsOnWhiteSite
3920,22,10
timeStep,numberOfRobotsOnBlackSite,numberOfRobotsOnWhiteSite
3921,22,10
timeStep,numberOfRobotsOnBlackSite,numberOfRobotsOnWhiteSite
3922,22,10
timeStep,numberOfRobotsOnBlackSite,numberOfRobotsOnWhiteSite
3923,22,10
timeStep,numberOfRobotsOnBlackSite,numberOfRobotsOnWhiteSite
3924,22,10
timeStep,numberOfRobotsOnBlackSite,numberOfRobotsOnWhiteSite
3925,23,11
timeStep,numberOfRobotsOnBlackSite,numberOfRobotsOnWhiteSite
3926,23,11
timeStep,numberOfRobotsOnBlackSite,numberOfRobotsOnWhiteSite
3927,23,11
timeStep,numberOfRobotsOnBlackSite,numberOfRobotsOnWhiteSite
3928,23,11
timeStep,numberOfRobotsOnBlackSite,numberOfRobotsOnWhiteSite
3929,23,11
timeStep,numberOfRobotsOnBlackSite,numberOfRobotsOnWhiteSite
3930,23,11
timeStep,numberOfRobotsOnBlackSite,numberOfRobotsOnWhiteSite
3931,23,11
timeStep,numberOfRobotsOnBlackSite,numberOfRobotsOnWhiteSite
3932,23,11
timeStep,numberOfRobotsOnBlackSite,numberOfRobotsOnWhiteSite
3933,23,11
timeStep,numberOfRobotsOnBlackSite,numberOfRobotsOnWhiteSite
3934,23,11
timeStep,numberOfRobotsOnBlackSite,numberOfRobotsOnWhiteSite
3935,23,11
timeStep,numberOfRobotsOnBlackSite,numberOfRobotsOnWhiteSite
3936,23,11
timeStep,numberOfRobotsOnBlackSite,numberOfRobotsOnWhiteSite
3937,23,11
timeStep,numberOfRobotsOnBlackSite,numberOfRobotsOnWhiteSite
3938,23,11
timeStep,numberOfRobotsOnBlackSite,numberOfRobotsOnWhiteSite
3939,23,11
timeStep,numberOfRobotsOnBlackSite,numberOfRobotsOnWhiteSite
3940,23,12
timeStep,numberOfRobotsOnBlackSite,numberOfRobotsOnWhiteSite
3941,23,12
timeStep,numberOfRobotsOnBlackSite,numberOfRobotsOnWhiteSite
3942,23,12
timeStep,numberOfRobotsOnBlackSite,numberOfRobotsOnWhiteSite
3943,23,12
timeStep,numberOfRobotsOnBlackSite,numberOfRobotsOnWhiteSite
3944,23,12
timeStep,numberOfRobotsOnBlackSite,numberOfRobotsOnWhiteSite
3945,23,12
timeStep,numberOfRobotsOnBlackSite,numberOfRobotsOnWhiteSite
3946,23,12
timeStep,numberOfRobotsOnBlackSite,numberOfRobotsOnWhiteSite
3947,23,12
timeStep,numberOfRobotsOnBlackSite,numberOfRobotsOnWhiteSite
3948,23,12
timeStep,numberOfRobotsOnBlackSite,numberOfRobotsOnWhiteSite
3949,23,12
timeStep,numberOfRobotsOnBlackSite,numberOfRobotsOnWhiteSite
3950,23,12
timeStep,numberOfRobotsOnBlackSite,numberOfRobotsOnWhiteSite
3951,23,12
timeStep,numberOfRobotsOnBlackSite,numberOfRobotsOnWhiteSite
3952,23,12
timeStep,numberOfRobotsOnBlackSite,numberOfRobotsOnWhiteSite
3953,23,12
timeStep,numberOfRobotsOnBlackSite,numberOfRobotsOnWhiteSite
3954,23,12
timeStep,numberOfRobotsOnBlackSite,numberOfRobotsOnWhiteSite
3955,23,12
timeStep,numberOfRobotsOnBlackSite,numberOfRobotsOnWhiteSite
3956,23,12
timeStep,numberOfRobotsOnBlackSite,numberOfRobotsOnWhiteSite
3957,23,12
timeStep,numberOfRobotsOnBlackSite,numberOfRobotsOnWhiteSite
3958,23,12
timeStep,numberOfRobotsOnBlackSite,numberOfRobotsOnWhiteSite
3959,23,12
timeStep,numberOfRobotsOnBlackSite,numberOfRobotsOnWhiteSite
3960,24,12
timeStep,numberOfRobotsOnBlackSite,numberOfRobotsOnWhiteSite
3961,24,12
timeStep,numberOfRobotsOnBlackSite,numberOfRobotsOnWhiteSite
3962,24,12
timeStep,numberOfRobotsOnBlackSite,numberOfRobotsOnWhiteSite
3963,24,12
timeStep,numberOfRobotsOnBlackSite,numberOfRobotsOnWhiteSite
3964,24,12
timeStep,numberOfRobotsOnBlackSite,numberOfRobotsOnWhiteSite
3965,24,12
timeStep,numberOfRobotsOnBlackSite,numberOfRobotsOnWhiteSite
3966,24,12
timeStep,numberOfRobotsOnBlackSite,numberOfRobotsOnWhiteSite
3967,24,12
timeStep,numberOfRobotsOnBlackSite,numberOfRobotsOnWhiteSite
3968,24,12
timeStep,numberOfRobotsOnBlackSite,numberOfRobotsOnWhiteSite
3969,24,12
timeStep,numberOfRobotsOnBlackSite,numberOfRobotsOnWhiteSite
3970,24,12
timeStep,numberOfRobotsOnBlackSite,numberOfRobotsOnWhiteSite
3971,24,12
timeStep,numberOfRobotsOnBlackSite,numberOfRobotsOnWhiteSite
3972,24,12
timeStep,numberOfRobotsOnBlackSite,numberOfRobotsOnWhiteSite
3973,24,12
timeStep,numberOfRobotsOnBlackSite,numberOfRobotsOnWhiteSite
3974,24,12
timeStep,numberOfRobotsOnBlackSite,numberOfRobotsOnWhiteSite
3975,24,12
timeStep,numberOfRobotsOnBlackSite,numberOfRobotsOnWhiteSite
3976,24,12
timeStep,numberOfRobotsOnBlackSite,numberOfRobotsOnWhiteSite
3977,24,12
timeStep,numberOfRobotsOnBlackSite,numberOfRobotsOnWhiteSite
3978,24,12
timeStep,numberOfRobotsOnBlackSite,numberOfRobotsOnWhiteSite
3979,24,12
timeStep,numberOfRobotsOnBlackSite,numberOfRobotsOnWhiteSite
3980,24,11
timeStep,numberOfRobotsOnBlackSite,numberOfRobotsOnWhiteSite
3981,24,11
timeStep,numberOfRobotsOnBlackSite,numberOfRobotsOnWhiteSite
3982,24,11
timeStep,numberOfRobotsOnBlackSite,numberOfRobotsOnWhiteSite
3983,24,11
timeStep,numberOfRobotsOnBlackSite,numberOfRobotsOnWhiteSite
3984,24,11
timeStep,numberOfRobotsOnBlackSite,numberOfRobotsOnWhiteSite
3985,24,10
timeStep,numberOfRobotsOnBlackSite,numberOfRobotsOnWhiteSite
3986,24,10
timeStep,numberOfRobotsOnBlackSite,numberOfRobotsOnWhiteSite
3987,24,10
timeStep,numberOfRobotsOnBlackSite,numberOfRobotsOnWhiteSite
3988,24,10
timeStep,numberOfRobotsOnBlackSite,numberOfRobotsOnWhiteSite
3989,24,10
timeStep,numberOfRobotsOnBlackSite,numberOfRobotsOnWhiteSite
3990,24,9
timeStep,numberOfRobotsOnBlackSite,numberOfRobotsOnWhiteSite
3991,24,9
timeStep,numberOfRobotsOnBlackSite,numberOfRobotsOnWhiteSite
3992,24,9
timeStep,numberOfRobotsOnBlackSite,numberOfRobotsOnWhiteSite
3993,24,9
timeStep,numberOfRobotsOnBlackSite,numberOfRobotsOnWhiteSite
3994,24,9
timeStep,numberOfRobotsOnBlackSite,numberOfRobotsOnWhiteSite
3995,24,9
timeStep,numberOfRobotsOnBlackSite,numberOfRobotsOnWhiteSite
3996,24,9
timeStep,numberOfRobotsOnBlackSite,numberOfRobotsOnWhiteSite
3997,24,9
timeStep,numberOfRobotsOnBlackSite,numberOfRobotsOnWhiteSite
3998,24,9
timeStep,numberOfRobotsOnBlackSite,numberOfRobotsOnWhiteSite
3999,24,9
timeStep,numberOfRobotsOnBlackSite,numberOfRobotsOnWhiteSite
4000,24,9
timeStep,numberOfRobotsOnBlackSite,numberOfRobotsOnWhiteSite
4001,24,9
timeStep,numberOfRobotsOnBlackSite,numberOfRobotsOnWhiteSite
4002,24,9
timeStep,numberOfRobotsOnBlackSite,numberOfRobotsOnWhiteSite
4003,24,9
timeStep,numberOfRobotsOnBlackSite,numberOfRobotsOnWhiteSite
4004,24,9
timeStep,numberOfRobotsOnBlackSite,numberOfRobotsOnWhiteSite
4005,24,9
timeStep,numberOfRobotsOnBlackSite,numberOfRobotsOnWhiteSite
4006,24,9
timeStep,numberOfRobotsOnBlackSite,numberOfRobotsOnWhiteSite
4007,24,9
timeStep,numberOfRobotsOnBlackSite,numberOfRobotsOnWhiteSite
4008,24,9
timeStep,numberOfRobotsOnBlackSite,numberOfRobotsOnWhiteSite
4009,24,9
timeStep,numberOfRobotsOnBlackSite,numberOfRobotsOnWhiteSite
4010,24,9
timeStep,numberOfRobotsOnBlackSite,numberOfRobotsOnWhiteSite
4011,24,9
timeStep,numberOfRobotsOnBlackSite,numberOfRobotsOnWhiteSite
4012,24,9
timeStep,numberOfRobotsOnBlackSite,numberOfRobotsOnWhiteSite
4013,24,9
timeStep,numberOfRobotsOnBlackSite,numberOfRobotsOnWhiteSite
4014,24,9
timeStep,numberOfRobotsOnBlackSite,numberOfRobotsOnWhiteSite
4015,24,9
timeStep,numberOfRobotsOnBlackSite,numberOfRobotsOnWhiteSite
4016,24,9
timeStep,numberOfRobotsOnBlackSite,numberOfRobotsOnWhiteSite
4017,24,9
timeStep,numberOfRobotsOnBlackSite,numberOfRobotsOnWhiteSite
4018,24,9
timeStep,numberOfRobotsOnBlackSite,numberOfRobotsOnWhiteSite
4019,24,9
timeStep,numberOfRobotsOnBlackSite,numberOfRobotsOnWhiteSite
4020,24,9
timeStep,numberOfRobotsOnBlackSite,numberOfRobotsOnWhiteSite
4021,24,9
timeStep,numberOfRobotsOnBlackSite,numberOfRobotsOnWhiteSite
4022,24,9
timeStep,numberOfRobotsOnBlackSite,numberOfRobotsOnWhiteSite
4023,24,9
timeStep,numberOfRobotsOnBlackSite,numberOfRobotsOnWhiteSite
4024,24,9
timeStep,numberOfRobotsOnBlackSite,numberOfRobotsOnWhiteSite
4025,24,10
timeStep,numberOfRobotsOnBlackSite,numberOfRobotsOnWhiteSite
4026,24,10
timeStep,numberOfRobotsOnBlackSite,numberOfRobotsOnWhiteSite
4027,24,10
timeStep,numberOfRobotsOnBlackSite,numberOfRobotsOnWhiteSite
4028,24,10
timeStep,numberOfRobotsOnBlackSite,numberOfRobotsOnWhiteSite
4029,24,10
timeStep,numberOfRobotsOnBlackSite,numberOfRobotsOnWhiteSite
4030,24,10
timeStep,numberOfRobotsOnBlackSite,numberOfRobotsOnWhiteSite
4031,24,10
timeStep,numberOfRobotsOnBlackSite,numberOfRobotsOnWhiteSite
4032,24,10
timeStep,numberOfRobotsOnBlackSite,numberOfRobotsOnWhiteSite
4033,24,10
timeStep,numberOfRobotsOnBlackSite,numberOfRobotsOnWhiteSite
4034,24,10
timeStep,numberOfRobotsOnBlackSite,numberOfRobotsOnWhiteSite
4035,24,10
timeStep,numberOfRobotsOnBlackSite,numberOfRobotsOnWhiteSite
4036,24,10
timeStep,numberOfRobotsOnBlackSite,numberOfRobotsOnWhiteSite
4037,24,10
timeStep,numberOfRobotsOnBlackSite,numberOfRobotsOnWhiteSite
4038,24,10
timeStep,numberOfRobotsOnBlackSite,numberOfRobotsOnWhiteSite
4039,24,10
timeStep,numberOfRobotsOnBlackSite,numberOfRobotsOnWhiteSite
4040,24,11
timeStep,numberOfRobotsOnBlackSite,numberOfRobotsOnWhiteSite
4041,24,11
timeStep,numberOfRobotsOnBlackSite,numberOfRobotsOnWhiteSite
4042,24,11
timeStep,numberOfRobotsOnBlackSite,numberOfRobotsOnWhiteSite
4043,24,11
timeStep,numberOfRobotsOnBlackSite,numberOfRobotsOnWhiteSite
4044,24,11
timeStep,numberOfRobotsOnBlackSite,numberOfRobotsOnWhiteSite
4045,24,11
timeStep,numberOfRobotsOnBlackSite,numberOfRobotsOnWhiteSite
4046,24,11
timeStep,numberOfRobotsOnBlackSite,numberOfRobotsOnWhiteSite
4047,24,11
timeStep,numberOfRobotsOnBlackSite,numberOfRobotsOnWhiteSite
4048,24,11
timeStep,numberOfRobotsOnBlackSite,numberOfRobotsOnWhiteSite
4049,24,11
timeStep,numberOfRobotsOnBlackSite,numberOfRobotsOnWhiteSite
4050,24,12
timeStep,numberOfRobotsOnBlackSite,numberOfRobotsOnWhiteSite
4051,24,12
timeStep,numberOfRobotsOnBlackSite,numberOfRobotsOnWhiteSite
4052,24,12
timeStep,numberOfRobotsOnBlackSite,numberOfRobotsOnWhiteSite
4053,24,12
timeStep,numberOfRobotsOnBlackSite,numberOfRobotsOnWhiteSite
4054,24,12
timeStep,numberOfRobotsOnBlackSite,numberOfRobotsOnWhiteSite
4055,24,12
timeStep,numberOfRobotsOnBlackSite,numberOfRobotsOnWhiteSite
4056,24,12
timeStep,numberOfRobotsOnBlackSite,numberOfRobotsOnWhiteSite
4057,24,12
timeStep,numberOfRobotsOnBlackSite,numberOfRobotsOnWhiteSite
4058,24,12
timeStep,numberOfRobotsOnBlackSite,numberOfRobotsOnWhiteSite
4059,24,12
timeStep,numberOfRobotsOnBlackSite,numberOfRobotsOnWhiteSite
4060,24,12
timeStep,numberOfRobotsOnBlackSite,numberOfRobotsOnWhiteSite
4061,24,12
timeStep,numberOfRobotsOnBlackSite,numberOfRobotsOnWhiteSite
4062,24,12
timeStep,numberOfRobotsOnBlackSite,numberOfRobotsOnWhiteSite
4063,24,12
timeStep,numberOfRobotsOnBlackSite,numberOfRobotsOnWhiteSite
4064,24,12
timeStep,numberOfRobotsOnBlackSite,numberOfRobotsOnWhiteSite
4065,24,12
timeStep,numberOfRobotsOnBlackSite,numberOfRobotsOnWhiteSite
4066,24,12
timeStep,numberOfRobotsOnBlackSite,numberOfRobotsOnWhiteSite
4067,24,12
timeStep,numberOfRobotsOnBlackSite,numberOfRobotsOnWhiteSite
4068,24,12
timeStep,numberOfRobotsOnBlackSite,numberOfRobotsOnWhiteSite
4069,24,12
timeStep,numberOfRobotsOnBlackSite,numberOfRobotsOnWhiteSite
4070,24,12
timeStep,numberOfRobotsOnBlackSite,numberOfRobotsOnWhiteSite
4071,24,12
timeStep,numberOfRobotsOnBlackSite,numberOfRobotsOnWhiteSite
4072,24,12
timeStep,numberOfRobotsOnBlackSite,numberOfRobotsOnWhiteSite
4073,24,12
timeStep,numberOfRobotsOnBlackSite,numberOfRobotsOnWhiteSite
4074,24,12
timeStep,numberOfRobotsOnBlackSite,numberOfRobotsOnWhiteSite
4075,24,12
timeStep,numberOfRobotsOnBlackSite,numberOfRobotsOnWhiteSite
4076,24,12
timeStep,numberOfRobotsOnBlackSite,numberOfRobotsOnWhiteSite
4077,24,12
timeStep,numberOfRobotsOnBlackSite,numberOfRobotsOnWhiteSite
4078,24,12
timeStep,numberOfRobotsOnBlackSite,numberOfRobotsOnWhiteSite
4079,24,12
timeStep,numberOfRobotsOnBlackSite,numberOfRobotsOnWhiteSite
4080,24,12
timeStep,numberOfRobotsOnBlackSite,numberOfRobotsOnWhiteSite
4081,24,12
timeStep,numberOfRobotsOnBlackSite,numberOfRobotsOnWhiteSite
4082,24,12
timeStep,numberOfRobotsOnBlackSite,numberOfRobotsOnWhiteSite
4083,24,12
timeStep,numberOfRobotsOnBlackSite,numberOfRobotsOnWhiteSite
4084,24,12
timeStep,numberOfRobotsOnBlackSite,numberOfRobotsOnWhiteSite
4085,24,12
timeStep,numberOfRobotsOnBlackSite,numberOfRobotsOnWhiteSite
4086,24,12
timeStep,numberOfRobotsOnBlackSite,numberOfRobotsOnWhiteSite
4087,24,12
timeStep,numberOfRobotsOnBlackSite,numberOfRobotsOnWhiteSite
4088,24,12
timeStep,numberOfRobotsOnBlackSite,numberOfRobotsOnWhiteSite
4089,24,12
timeStep,numberOfRobotsOnBlackSite,numberOfRobotsOnWhiteSite
4090,23,12
timeStep,numberOfRobotsOnBlackSite,numberOfRobotsOnWhiteSite
4091,23,12
timeStep,numberOfRobotsOnBlackSite,numberOfRobotsOnWhiteSite
4092,23,12
timeStep,numberOfRobotsOnBlackSite,numberOfRobotsOnWhiteSite
4093,23,12
timeStep,numberOfRobotsOnBlackSite,numberOfRobotsOnWhiteSite
4094,23,12
timeStep,numberOfRobotsOnBlackSite,numberOfRobotsOnWhiteSite
4095,23,12
timeStep,numberOfRobotsOnBlackSite,numberOfRobotsOnWhiteSite
4096,23,12
timeStep,numberOfRobotsOnBlackSite,numberOfRobotsOnWhiteSite
4097,23,12
timeStep,numberOfRobotsOnBlackSite,numberOfRobotsOnWhiteSite
4098,23,12
timeStep,numberOfRobotsOnBlackSite,numberOfRobotsOnWhiteSite
4099,23,12
timeStep,numberOfRobotsOnBlackSite,numberOfRobotsOnWhiteSite
4100,23,12
timeStep,numberOfRobotsOnBlackSite,numberOfRobotsOnWhiteSite
4101,23,12
timeStep,numberOfRobotsOnBlackSite,numberOfRobotsOnWhiteSite
4102,23,12
timeStep,numberOfRobotsOnBlackSite,numberOfRobotsOnWhiteSite
4103,23,12
timeStep,numberOfRobotsOnBlackSite,numberOfRobotsOnWhiteSite
4104,23,12
timeStep,numberOfRobotsOnBlackSite,numberOfRobotsOnWhiteSite
4105,23,12
timeStep,numberOfRobotsOnBlackSite,numberOfRobotsOnWhiteSite
4106,23,12
timeStep,numberOfRobotsOnBlackSite,numberOfRobotsOnWhiteSite
4107,23,12
timeStep,numberOfRobotsOnBlackSite,numberOfRobotsOnWhiteSite
4108,23,12
timeStep,numberOfRobotsOnBlackSite,numberOfRobotsOnWhiteSite
4109,23,12
timeStep,numberOfRobotsOnBlackSite,numberOfRobotsOnWhiteSite
4110,23,12
timeStep,numberOfRobotsOnBlackSite,numberOfRobotsOnWhiteSite
4111,23,12
timeStep,numberOfRobotsOnBlackSite,numberOfRobotsOnWhiteSite
4112,23,12
timeStep,numberOfRobotsOnBlackSite,numberOfRobotsOnWhiteSite
4113,23,12
timeStep,numberOfRobotsOnBlackSite,numberOfRobotsOnWhiteSite
4114,23,12
timeStep,numberOfRobotsOnBlackSite,numberOfRobotsOnWhiteSite
4115,23,12
timeStep,numberOfRobotsOnBlackSite,numberOfRobotsOnWhiteSite
4116,23,12
timeStep,numberOfRobotsOnBlackSite,numberOfRobotsOnWhiteSite
4117,23,12
timeStep,numberOfRobotsOnBlackSite,numberOfRobotsOnWhiteSite
4118,23,12
timeStep,numberOfRobotsOnBlackSite,numberOfRobotsOnWhiteSite
4119,23,12
timeStep,numberOfRobotsOnBlackSite,numberOfRobotsOnWhiteSite
4120,23,12
timeStep,numberOfRobotsOnBlackSite,numberOfRobotsOnWhiteSite
4121,23,12
timeStep,numberOfRobotsOnBlackSite,numberOfRobotsOnWhiteSite
4122,23,12
timeStep,numberOfRobotsOnBlackSite,numberOfRobotsOnWhiteSite
4123,23,12
timeStep,numberOfRobotsOnBlackSite,numberOfRobotsOnWhiteSite
4124,23,12
timeStep,numberOfRobotsOnBlackSite,numberOfRobotsOnWhiteSite
4125,22,12
timeStep,numberOfRobotsOnBlackSite,numberOfRobotsOnWhiteSite
4126,22,12
timeStep,numberOfRobotsOnBlackSite,numberOfRobotsOnWhiteSite
4127,22,12
timeStep,numberOfRobotsOnBlackSite,numberOfRobotsOnWhiteSite
4128,22,12
timeStep,numberOfRobotsOnBlackSite,numberOfRobotsOnWhiteSite
4129,22,12
timeStep,numberOfRobotsOnBlackSite,numberOfRobotsOnWhiteSite
4130,22,12
timeStep,numberOfRobotsOnBlackSite,numberOfRobotsOnWhiteSite
4131,22,12
timeStep,numberOfRobotsOnBlackSite,numberOfRobotsOnWhiteSite
4132,22,12
timeStep,numberOfRobotsOnBlackSite,numberOfRobotsOnWhiteSite
4133,22,12
timeStep,numberOfRobotsOnBlackSite,numberOfRobotsOnWhiteSite
4134,22,12
timeStep,numberOfRobotsOnBlackSite,numberOfRobotsOnWhiteSite
4135,22,12
timeStep,numberOfRobotsOnBlackSite,numberOfRobotsOnWhiteSite
4136,22,12
timeStep,numberOfRobotsOnBlackSite,numberOfRobotsOnWhiteSite
4137,22,12
timeStep,numberOfRobotsOnBlackSite,numberOfRobotsOnWhiteSite
4138,22,12
timeStep,numberOfRobotsOnBlackSite,numberOfRobotsOnWhiteSite
4139,22,12
timeStep,numberOfRobotsOnBlackSite,numberOfRobotsOnWhiteSite
4140,22,12
timeStep,numberOfRobotsOnBlackSite,numberOfRobotsOnWhiteSite
4141,22,12
timeStep,numberOfRobotsOnBlackSite,numberOfRobotsOnWhiteSite
4142,22,12
timeStep,numberOfRobotsOnBlackSite,numberOfRobotsOnWhiteSite
4143,22,12
timeStep,numberOfRobotsOnBlackSite,numberOfRobotsOnWhiteSite
4144,22,12
timeStep,numberOfRobotsOnBlackSite,numberOfRobotsOnWhiteSite
4145,22,12
timeStep,numberOfRobotsOnBlackSite,numberOfRobotsOnWhiteSite
4146,22,12
timeStep,numberOfRobotsOnBlackSite,numberOfRobotsOnWhiteSite
4147,22,12
timeStep,numberOfRobotsOnBlackSite,numberOfRobotsOnWhiteSite
4148,22,12
timeStep,numberOfRobotsOnBlackSite,numberOfRobotsOnWhiteSite
4149,22,12
timeStep,numberOfRobotsOnBlackSite,numberOfRobotsOnWhiteSite
4150,22,12
timeStep,numberOfRobotsOnBlackSite,numberOfRobotsOnWhiteSite
4151,22,12
timeStep,numberOfRobotsOnBlackSite,numberOfRobotsOnWhiteSite
4152,22,12
timeStep,numberOfRobotsOnBlackSite,numberOfRobotsOnWhiteSite
4153,22,12
timeStep,numberOfRobotsOnBlackSite,numberOfRobotsOnWhiteSite
4154,22,12
timeStep,numberOfRobotsOnBlackSite,numberOfRobotsOnWhiteSite
4155,22,12
timeStep,numberOfRobotsOnBlackSite,numberOfRobotsOnWhiteSite
4156,22,12
timeStep,numberOfRobotsOnBlackSite,numberOfRobotsOnWhiteSite
4157,22,12
timeStep,numberOfRobotsOnBlackSite,numberOfRobotsOnWhiteSite
4158,22,12
timeStep,numberOfRobotsOnBlackSite,numberOfRobotsOnWhiteSite
4159,22,12
timeStep,numberOfRobotsOnBlackSite,numberOfRobotsOnWhiteSite
4160,23,12
timeStep,numberOfRobotsOnBlackSite,numberOfRobotsOnWhiteSite
4161,23,12
timeStep,numberOfRobotsOnBlackSite,numberOfRobotsOnWhiteSite
4162,23,12
timeStep,numberOfRobotsOnBlackSite,numberOfRobotsOnWhiteSite
4163,23,12
timeStep,numberOfRobotsOnBlackSite,numberOfRobotsOnWhiteSite
4164,23,12
timeStep,numberOfRobotsOnBlackSite,numberOfRobotsOnWhiteSite
4165,23,12
timeStep,numberOfRobotsOnBlackSite,numberOfRobotsOnWhiteSite
4166,23,12
timeStep,numberOfRobotsOnBlackSite,numberOfRobotsOnWhiteSite
4167,23,12
timeStep,numberOfRobotsOnBlackSite,numberOfRobotsOnWhiteSite
4168,23,12
timeStep,numberOfRobotsOnBlackSite,numberOfRobotsOnWhiteSite
4169,23,12
timeStep,numberOfRobotsOnBlackSite,numberOfRobotsOnWhiteSite
4170,24,12
timeStep,numberOfRobotsOnBlackSite,numberOfRobotsOnWhiteSite
4171,24,12
timeStep,numberOfRobotsOnBlackSite,numberOfRobotsOnWhiteSite
4172,24,12
timeStep,numberOfRobotsOnBlackSite,numberOfRobotsOnWhiteSite
4173,24,12
timeStep,numberOfRobotsOnBlackSite,numberOfRobotsOnWhiteSite
4174,24,12
timeStep,numberOfRobotsOnBlackSite,numberOfRobotsOnWhiteSite
4175,24,12
timeStep,numberOfRobotsOnBlackSite,numberOfRobotsOnWhiteSite
4176,24,12
timeStep,numberOfRobotsOnBlackSite,numberOfRobotsOnWhiteSite
4177,24,12
timeStep,numberOfRobotsOnBlackSite,numberOfRobotsOnWhiteSite
4178,24,12
timeStep,numberOfRobotsOnBlackSite,numberOfRobotsOnWhiteSite
4179,24,12
timeStep,numberOfRobotsOnBlackSite,numberOfRobotsOnWhiteSite
4180,24,12
timeStep,numberOfRobotsOnBlackSite,numberOfRobotsOnWhiteSite
4181,24,12
timeStep,numberOfRobotsOnBlackSite,numberOfRobotsOnWhiteSite
4182,24,12
timeStep,numberOfRobotsOnBlackSite,numberOfRobotsOnWhiteSite
4183,24,12
timeStep,numberOfRobotsOnBlackSite,numberOfRobotsOnWhiteSite
4184,24,12
timeStep,numberOfRobotsOnBlackSite,numberOfRobotsOnWhiteSite
4185,23,12
timeStep,numberOfRobotsOnBlackSite,numberOfRobotsOnWhiteSite
4186,23,12
timeStep,numberOfRobotsOnBlackSite,numberOfRobotsOnWhiteSite
4187,23,12
timeStep,numberOfRobotsOnBlackSite,numberOfRobotsOnWhiteSite
4188,23,12
timeStep,numberOfRobotsOnBlackSite,numberOfRobotsOnWhiteSite
4189,23,12
timeStep,numberOfRobotsOnBlackSite,numberOfRobotsOnWhiteSite
4190,23,12
timeStep,numberOfRobotsOnBlackSite,numberOfRobotsOnWhiteSite
4191,23,12
timeStep,numberOfRobotsOnBlackSite,numberOfRobotsOnWhiteSite
4192,23,12
timeStep,numberOfRobotsOnBlackSite,numberOfRobotsOnWhiteSite
4193,23,12
timeStep,numberOfRobotsOnBlackSite,numberOfRobotsOnWhiteSite
4194,23,12
timeStep,numberOfRobotsOnBlackSite,numberOfRobotsOnWhiteSite
4195,23,11
timeStep,numberOfRobotsOnBlackSite,numberOfRobotsOnWhiteSite
4196,23,11
timeStep,numberOfRobotsOnBlackSite,numberOfRobotsOnWhiteSite
4197,23,11
timeStep,numberOfRobotsOnBlackSite,numberOfRobotsOnWhiteSite
4198,23,11
timeStep,numberOfRobotsOnBlackSite,numberOfRobotsOnWhiteSite
4199,23,11
timeStep,numberOfRobotsOnBlackSite,numberOfRobotsOnWhiteSite
4200,23,11
timeStep,numberOfRobotsOnBlackSite,numberOfRobotsOnWhiteSite
4201,23,11
timeStep,numberOfRobotsOnBlackSite,numberOfRobotsOnWhiteSite
4202,23,11
timeStep,numberOfRobotsOnBlackSite,numberOfRobotsOnWhiteSite
4203,23,11
timeStep,numberOfRobotsOnBlackSite,numberOfRobotsOnWhiteSite
4204,23,11
timeStep,numberOfRobotsOnBlackSite,numberOfRobotsOnWhiteSite
4205,23,11
timeStep,numberOfRobotsOnBlackSite,numberOfRobotsOnWhiteSite
4206,23,11
timeStep,numberOfRobotsOnBlackSite,numberOfRobotsOnWhiteSite
4207,23,11
timeStep,numberOfRobotsOnBlackSite,numberOfRobotsOnWhiteSite
4208,23,11
timeStep,numberOfRobotsOnBlackSite,numberOfRobotsOnWhiteSite
4209,23,11
timeStep,numberOfRobotsOnBlackSite,numberOfRobotsOnWhiteSite
4210,23,11
timeStep,numberOfRobotsOnBlackSite,numberOfRobotsOnWhiteSite
4211,23,11
timeStep,numberOfRobotsOnBlackSite,numberOfRobotsOnWhiteSite
4212,23,11
timeStep,numberOfRobotsOnBlackSite,numberOfRobotsOnWhiteSite
4213,23,11
timeStep,numberOfRobotsOnBlackSite,numberOfRobotsOnWhiteSite
4214,23,11
timeStep,numberOfRobotsOnBlackSite,numberOfRobotsOnWhiteSite
4215,23,11
timeStep,numberOfRobotsOnBlackSite,numberOfRobotsOnWhiteSite
4216,23,11
timeStep,numberOfRobotsOnBlackSite,numberOfRobotsOnWhiteSite
4217,23,11
timeStep,numberOfRobotsOnBlackSite,numberOfRobotsOnWhiteSite
4218,23,11
timeStep,numberOfRobotsOnBlackSite,numberOfRobotsOnWhiteSite
4219,23,11
timeStep,numberOfRobotsOnBlackSite,numberOfRobotsOnWhiteSite
4220,22,12
timeStep,numberOfRobotsOnBlackSite,numberOfRobotsOnWhiteSite
4221,22,12
timeStep,numberOfRobotsOnBlackSite,numberOfRobotsOnWhiteSite
4222,22,12
timeStep,numberOfRobotsOnBlackSite,numberOfRobotsOnWhiteSite
4223,22,12
timeStep,numberOfRobotsOnBlackSite,numberOfRobotsOnWhiteSite
4224,22,12
timeStep,numberOfRobotsOnBlackSite,numberOfRobotsOnWhiteSite
4225,22,12
timeStep,numberOfRobotsOnBlackSite,numberOfRobotsOnWhiteSite
4226,22,12
timeStep,numberOfRobotsOnBlackSite,numberOfRobotsOnWhiteSite
4227,22,12
timeStep,numberOfRobotsOnBlackSite,numberOfRobotsOnWhiteSite
4228,22,12
timeStep,numberOfRobotsOnBlackSite,numberOfRobotsOnWhiteSite
4229,22,12
timeStep,numberOfRobotsOnBlackSite,numberOfRobotsOnWhiteSite
4230,22,12
timeStep,numberOfRobotsOnBlackSite,numberOfRobotsOnWhiteSite
4231,22,12
timeStep,numberOfRobotsOnBlackSite,numberOfRobotsOnWhiteSite
4232,22,12
timeStep,numberOfRobotsOnBlackSite,numberOfRobotsOnWhiteSite
4233,22,12
timeStep,numberOfRobotsOnBlackSite,numberOfRobotsOnWhiteSite
4234,22,12
timeStep,numberOfRobotsOnBlackSite,numberOfRobotsOnWhiteSite
4235,22,12
timeStep,numberOfRobotsOnBlackSite,numberOfRobotsOnWhiteSite
4236,22,12
timeStep,numberOfRobotsOnBlackSite,numberOfRobotsOnWhiteSite
4237,22,12
timeStep,numberOfRobotsOnBlackSite,numberOfRobotsOnWhiteSite
4238,22,12
timeStep,numberOfRobotsOnBlackSite,numberOfRobotsOnWhiteSite
4239,22,12
timeStep,numberOfRobotsOnBlackSite,numberOfRobotsOnWhiteSite
4240,21,12
timeStep,numberOfRobotsOnBlackSite,numberOfRobotsOnWhiteSite
4241,21,12
timeStep,numberOfRobotsOnBlackSite,numberOfRobotsOnWhiteSite
4242,21,12
timeStep,numberOfRobotsOnBlackSite,numberOfRobotsOnWhiteSite
4243,21,12
timeStep,numberOfRobotsOnBlackSite,numberOfRobotsOnWhiteSite
4244,21,12
timeStep,numberOfRobotsOnBlackSite,numberOfRobotsOnWhiteSite
4245,21,12
timeStep,numberOfRobotsOnBlackSite,numberOfRobotsOnWhiteSite
4246,21,12
timeStep,numberOfRobotsOnBlackSite,numberOfRobotsOnWhiteSite
4247,21,12
timeStep,numberOfRobotsOnBlackSite,numberOfRobotsOnWhiteSite
4248,21,12
timeStep,numberOfRobotsOnBlackSite,numberOfRobotsOnWhiteSite
4249,21,12
timeStep,numberOfRobotsOnBlackSite,numberOfRobotsOnWhiteSite
4250,21,12
timeStep,numberOfRobotsOnBlackSite,numberOfRobotsOnWhiteSite
4251,21,12
timeStep,numberOfRobotsOnBlackSite,numberOfRobotsOnWhiteSite
4252,21,12
timeStep,numberOfRobotsOnBlackSite,numberOfRobotsOnWhiteSite
4253,21,12
timeStep,numberOfRobotsOnBlackSite,numberOfRobotsOnWhiteSite
4254,21,12
timeStep,numberOfRobotsOnBlackSite,numberOfRobotsOnWhiteSite
4255,21,12
timeStep,numberOfRobotsOnBlackSite,numberOfRobotsOnWhiteSite
4256,21,12
timeStep,numberOfRobotsOnBlackSite,numberOfRobotsOnWhiteSite
4257,21,12
timeStep,numberOfRobotsOnBlackSite,numberOfRobotsOnWhiteSite
4258,21,12
timeStep,numberOfRobotsOnBlackSite,numberOfRobotsOnWhiteSite
4259,21,12
timeStep,numberOfRobotsOnBlackSite,numberOfRobotsOnWhiteSite
4260,21,12
timeStep,numberOfRobotsOnBlackSite,numberOfRobotsOnWhiteSite
4261,21,12
timeStep,numberOfRobotsOnBlackSite,numberOfRobotsOnWhiteSite
4262,21,12
timeStep,numberOfRobotsOnBlackSite,numberOfRobotsOnWhiteSite
4263,21,12
timeStep,numberOfRobotsOnBlackSite,numberOfRobotsOnWhiteSite
4264,21,12
timeStep,numberOfRobotsOnBlackSite,numberOfRobotsOnWhiteSite
4265,20,12
timeStep,numberOfRobotsOnBlackSite,numberOfRobotsOnWhiteSite
4266,20,12
timeStep,numberOfRobotsOnBlackSite,numberOfRobotsOnWhiteSite
4267,20,12
timeStep,numberOfRobotsOnBlackSite,numberOfRobotsOnWhiteSite
4268,20,12
timeStep,numberOfRobotsOnBlackSite,numberOfRobotsOnWhiteSite
4269,20,12
timeStep,numberOfRobotsOnBlackSite,numberOfRobotsOnWhiteSite
4270,20,12
timeStep,numberOfRobotsOnBlackSite,numberOfRobotsOnWhiteSite
4271,20,12
timeStep,numberOfRobotsOnBlackSite,numberOfRobotsOnWhiteSite
4272,20,12
timeStep,numberOfRobotsOnBlackSite,numberOfRobotsOnWhiteSite
4273,20,12
timeStep,numberOfRobotsOnBlackSite,numberOfRobotsOnWhiteSite
4274,20,12
timeStep,numberOfRobotsOnBlackSite,numberOfRobotsOnWhiteSite
4275,20,12
timeStep,numberOfRobotsOnBlackSite,numberOfRobotsOnWhiteSite
4276,20,12
timeStep,numberOfRobotsOnBlackSite,numberOfRobotsOnWhiteSite
4277,20,12
timeStep,numberOfRobotsOnBlackSite,numberOfRobotsOnWhiteSite
4278,20,12
timeStep,numberOfRobotsOnBlackSite,numberOfRobotsOnWhiteSite
4279,20,12
timeStep,numberOfRobotsOnBlackSite,numberOfRobotsOnWhiteSite
4280,20,12
timeStep,numberOfRobotsOnBlackSite,numberOfRobotsOnWhiteSite
4281,20,12
timeStep,numberOfRobotsOnBlackSite,numberOfRobotsOnWhiteSite
4282,20,12
timeStep,numberOfRobotsOnBlackSite,numberOfRobotsOnWhiteSite
4283,20,12
timeStep,numberOfRobotsOnBlackSite,numberOfRobotsOnWhiteSite
4284,20,12
timeStep,numberOfRobotsOnBlackSite,numberOfRobotsOnWhiteSite
4285,20,12
timeStep,numberOfRobotsOnBlackSite,numberOfRobotsOnWhiteSite
4286,20,12
timeStep,numberOfRobotsOnBlackSite,numberOfRobotsOnWhiteSite
4287,20,12
timeStep,numberOfRobotsOnBlackSite,numberOfRobotsOnWhiteSite
4288,20,12
timeStep,numberOfRobotsOnBlackSite,numberOfRobotsOnWhiteSite
4289,20,12
timeStep,numberOfRobotsOnBlackSite,numberOfRobotsOnWhiteSite
4290,21,11
timeStep,numberOfRobotsOnBlackSite,numberOfRobotsOnWhiteSite
4291,21,11
timeStep,numberOfRobotsOnBlackSite,numberOfRobotsOnWhiteSite
4292,21,11
timeStep,numberOfRobotsOnBlackSite,numberOfRobotsOnWhiteSite
4293,21,11
timeStep,numberOfRobotsOnBlackSite,numberOfRobotsOnWhiteSite
4294,21,11
timeStep,numberOfRobotsOnBlackSite,numberOfRobotsOnWhiteSite
4295,21,11
timeStep,numberOfRobotsOnBlackSite,numberOfRobotsOnWhiteSite
4296,21,11
timeStep,numberOfRobotsOnBlackSite,numberOfRobotsOnWhiteSite
4297,21,11
timeStep,numberOfRobotsOnBlackSite,numberOfRobotsOnWhiteSite
4298,21,11
timeStep,numberOfRobotsOnBlackSite,numberOfRobotsOnWhiteSite
4299,21,11
timeStep,numberOfRobotsOnBlackSite,numberOfRobotsOnWhiteSite
4300,21,11
timeStep,numberOfRobotsOnBlackSite,numberOfRobotsOnWhiteSite
4301,21,11
timeStep,numberOfRobotsOnBlackSite,numberOfRobotsOnWhiteSite
4302,21,11
timeStep,numberOfRobotsOnBlackSite,numberOfRobotsOnWhiteSite
4303,21,11
timeStep,numberOfRobotsOnBlackSite,numberOfRobotsOnWhiteSite
4304,21,11
timeStep,numberOfRobotsOnBlackSite,numberOfRobotsOnWhiteSite
4305,21,11
timeStep,numberOfRobotsOnBlackSite,numberOfRobotsOnWhiteSite
4306,21,11
timeStep,numberOfRobotsOnBlackSite,numberOfRobotsOnWhiteSite
4307,21,11
timeStep,numberOfRobotsOnBlackSite,numberOfRobotsOnWhiteSite
4308,21,11
timeStep,numberOfRobotsOnBlackSite,numberOfRobotsOnWhiteSite
4309,21,11
timeStep,numberOfRobotsOnBlackSite,numberOfRobotsOnWhiteSite
4310,21,11
timeStep,numberOfRobotsOnBlackSite,numberOfRobotsOnWhiteSite
4311,21,11
timeStep,numberOfRobotsOnBlackSite,numberOfRobotsOnWhiteSite
4312,21,11
timeStep,numberOfRobotsOnBlackSite,numberOfRobotsOnWhiteSite
4313,21,11
timeStep,numberOfRobotsOnBlackSite,numberOfRobotsOnWhiteSite
4314,21,11
timeStep,numberOfRobotsOnBlackSite,numberOfRobotsOnWhiteSite
4315,21,11
timeStep,numberOfRobotsOnBlackSite,numberOfRobotsOnWhiteSite
4316,21,11
timeStep,numberOfRobotsOnBlackSite,numberOfRobotsOnWhiteSite
4317,21,11
timeStep,numberOfRobotsOnBlackSite,numberOfRobotsOnWhiteSite
4318,21,11
timeStep,numberOfRobotsOnBlackSite,numberOfRobotsOnWhiteSite
4319,21,11
timeStep,numberOfRobotsOnBlackSite,numberOfRobotsOnWhiteSite
4320,21,11
timeStep,numberOfRobotsOnBlackSite,numberOfRobotsOnWhiteSite
4321,21,11
timeStep,numberOfRobotsOnBlackSite,numberOfRobotsOnWhiteSite
4322,21,11
timeStep,numberOfRobotsOnBlackSite,numberOfRobotsOnWhiteSite
4323,21,11
timeStep,numberOfRobotsOnBlackSite,numberOfRobotsOnWhiteSite
4324,21,11
timeStep,numberOfRobotsOnBlackSite,numberOfRobotsOnWhiteSite
4325,21,11
timeStep,numberOfRobotsOnBlackSite,numberOfRobotsOnWhiteSite
4326,21,11
timeStep,numberOfRobotsOnBlackSite,numberOfRobotsOnWhiteSite
4327,21,11
timeStep,numberOfRobotsOnBlackSite,numberOfRobotsOnWhiteSite
4328,21,11
timeStep,numberOfRobotsOnBlackSite,numberOfRobotsOnWhiteSite
4329,21,11
timeStep,numberOfRobotsOnBlackSite,numberOfRobotsOnWhiteSite
4330,21,11
timeStep,numberOfRobotsOnBlackSite,numberOfRobotsOnWhiteSite
4331,21,11
timeStep,numberOfRobotsOnBlackSite,numberOfRobotsOnWhiteSite
4332,21,11
timeStep,numberOfRobotsOnBlackSite,numberOfRobotsOnWhiteSite
4333,21,11
timeStep,numberOfRobotsOnBlackSite,numberOfRobotsOnWhiteSite
4334,21,11
timeStep,numberOfRobotsOnBlackSite,numberOfRobotsOnWhiteSite
4335,21,11
timeStep,numberOfRobotsOnBlackSite,numberOfRobotsOnWhiteSite
4336,21,11
timeStep,numberOfRobotsOnBlackSite,numberOfRobotsOnWhiteSite
4337,21,11
timeStep,numberOfRobotsOnBlackSite,numberOfRobotsOnWhiteSite
4338,21,11
timeStep,numberOfRobotsOnBlackSite,numberOfRobotsOnWhiteSite
4339,21,11
timeStep,numberOfRobotsOnBlackSite,numberOfRobotsOnWhiteSite
4340,21,11
timeStep,numberOfRobotsOnBlackSite,numberOfRobotsOnWhiteSite
4341,21,11
timeStep,numberOfRobotsOnBlackSite,numberOfRobotsOnWhiteSite
4342,21,11
timeStep,numberOfRobotsOnBlackSite,numberOfRobotsOnWhiteSite
4343,21,11
timeStep,numberOfRobotsOnBlackSite,numberOfRobotsOnWhiteSite
4344,21,11
timeStep,numberOfRobotsOnBlackSite,numberOfRobotsOnWhiteSite
4345,21,11
timeStep,numberOfRobotsOnBlackSite,numberOfRobotsOnWhiteSite
4346,21,11
timeStep,numberOfRobotsOnBlackSite,numberOfRobotsOnWhiteSite
4347,21,11
timeStep,numberOfRobotsOnBlackSite,numberOfRobotsOnWhiteSite
4348,21,11
timeStep,numberOfRobotsOnBlackSite,numberOfRobotsOnWhiteSite
4349,21,11
timeStep,numberOfRobotsOnBlackSite,numberOfRobotsOnWhiteSite
4350,21,11
timeStep,numberOfRobotsOnBlackSite,numberOfRobotsOnWhiteSite
4351,21,11
timeStep,numberOfRobotsOnBlackSite,numberOfRobotsOnWhiteSite
4352,21,11
timeStep,numberOfRobotsOnBlackSite,numberOfRobotsOnWhiteSite
4353,21,11
timeStep,numberOfRobotsOnBlackSite,numberOfRobotsOnWhiteSite
4354,21,11
timeStep,numberOfRobotsOnBlackSite,numberOfRobotsOnWhiteSite
4355,22,11
timeStep,numberOfRobotsOnBlackSite,numberOfRobotsOnWhiteSite
4356,22,11
timeStep,numberOfRobotsOnBlackSite,numberOfRobotsOnWhiteSite
4357,22,11
timeStep,numberOfRobotsOnBlackSite,numberOfRobotsOnWhiteSite
4358,22,11
timeStep,numberOfRobotsOnBlackSite,numberOfRobotsOnWhiteSite
4359,22,11
timeStep,numberOfRobotsOnBlackSite,numberOfRobotsOnWhiteSite
4360,22,11
timeStep,numberOfRobotsOnBlackSite,numberOfRobotsOnWhiteSite
4361,22,11
timeStep,numberOfRobotsOnBlackSite,numberOfRobotsOnWhiteSite
4362,22,11
timeStep,numberOfRobotsOnBlackSite,numberOfRobotsOnWhiteSite
4363,22,11
timeStep,numberOfRobotsOnBlackSite,numberOfRobotsOnWhiteSite
4364,22,11
timeStep,numberOfRobotsOnBlackSite,numberOfRobotsOnWhiteSite
4365,22,11
timeStep,numberOfRobotsOnBlackSite,numberOfRobotsOnWhiteSite
4366,22,11
timeStep,numberOfRobotsOnBlackSite,numberOfRobotsOnWhiteSite
4367,22,11
timeStep,numberOfRobotsOnBlackSite,numberOfRobotsOnWhiteSite
4368,22,11
timeStep,numberOfRobotsOnBlackSite,numberOfRobotsOnWhiteSite
4369,22,11
timeStep,numberOfRobotsOnBlackSite,numberOfRobotsOnWhiteSite
4370,22,11
timeStep,numberOfRobotsOnBlackSite,numberOfRobotsOnWhiteSite
4371,22,11
timeStep,numberOfRobotsOnBlackSite,numberOfRobotsOnWhiteSite
4372,22,11
timeStep,numberOfRobotsOnBlackSite,numberOfRobotsOnWhiteSite
4373,22,11
timeStep,numberOfRobotsOnBlackSite,numberOfRobotsOnWhiteSite
4374,22,11
timeStep,numberOfRobotsOnBlackSite,numberOfRobotsOnWhiteSite
4375,22,11
timeStep,numberOfRobotsOnBlackSite,numberOfRobotsOnWhiteSite
4376,22,11
timeStep,numberOfRobotsOnBlackSite,numberOfRobotsOnWhiteSite
4377,22,11
timeStep,numberOfRobotsOnBlackSite,numberOfRobotsOnWhiteSite
4378,22,11
timeStep,numberOfRobotsOnBlackSite,numberOfRobotsOnWhiteSite
4379,22,11
timeStep,numberOfRobotsOnBlackSite,numberOfRobotsOnWhiteSite
4380,22,11
timeStep,numberOfRobotsOnBlackSite,numberOfRobotsOnWhiteSite
4381,22,11
timeStep,numberOfRobotsOnBlackSite,numberOfRobotsOnWhiteSite
4382,22,11
timeStep,numberOfRobotsOnBlackSite,numberOfRobotsOnWhiteSite
4383,22,11
timeStep,numberOfRobotsOnBlackSite,numberOfRobotsOnWhiteSite
4384,22,11
timeStep,numberOfRobotsOnBlackSite,numberOfRobotsOnWhiteSite
4385,22,11
timeStep,numberOfRobotsOnBlackSite,numberOfRobotsOnWhiteSite
4386,22,11
timeStep,numberOfRobotsOnBlackSite,numberOfRobotsOnWhiteSite
4387,22,11
timeStep,numberOfRobotsOnBlackSite,numberOfRobotsOnWhiteSite
4388,22,11
timeStep,numberOfRobotsOnBlackSite,numberOfRobotsOnWhiteSite
4389,22,11
timeStep,numberOfRobotsOnBlackSite,numberOfRobotsOnWhiteSite
4390,22,11
timeStep,numberOfRobotsOnBlackSite,numberOfRobotsOnWhiteSite
4391,22,11
timeStep,numberOfRobotsOnBlackSite,numberOfRobotsOnWhiteSite
4392,22,11
timeStep,numberOfRobotsOnBlackSite,numberOfRobotsOnWhiteSite
4393,22,11
timeStep,numberOfRobotsOnBlackSite,numberOfRobotsOnWhiteSite
4394,22,11
timeStep,numberOfRobotsOnBlackSite,numberOfRobotsOnWhiteSite
4395,22,11
timeStep,numberOfRobotsOnBlackSite,numberOfRobotsOnWhiteSite
4396,22,11
timeStep,numberOfRobotsOnBlackSite,numberOfRobotsOnWhiteSite
4397,22,11
timeStep,numberOfRobotsOnBlackSite,numberOfRobotsOnWhiteSite
4398,22,11
timeStep,numberOfRobotsOnBlackSite,numberOfRobotsOnWhiteSite
4399,22,11
timeStep,numberOfRobotsOnBlackSite,numberOfRobotsOnWhiteSite
4400,22,11
timeStep,numberOfRobotsOnBlackSite,numberOfRobotsOnWhiteSite
4401,22,11
timeStep,numberOfRobotsOnBlackSite,numberOfRobotsOnWhiteSite
4402,22,11
timeStep,numberOfRobotsOnBlackSite,numberOfRobotsOnWhiteSite
4403,22,11
timeStep,numberOfRobotsOnBlackSite,numberOfRobotsOnWhiteSite
4404,22,11
timeStep,numberOfRobotsOnBlackSite,numberOfRobotsOnWhiteSite
4405,22,11
timeStep,numberOfRobotsOnBlackSite,numberOfRobotsOnWhiteSite
4406,22,11
timeStep,numberOfRobotsOnBlackSite,numberOfRobotsOnWhiteSite
4407,22,11
timeStep,numberOfRobotsOnBlackSite,numberOfRobotsOnWhiteSite
4408,22,11
timeStep,numberOfRobotsOnBlackSite,numberOfRobotsOnWhiteSite
4409,22,11
timeStep,numberOfRobotsOnBlackSite,numberOfRobotsOnWhiteSite
4410,23,11
timeStep,numberOfRobotsOnBlackSite,numberOfRobotsOnWhiteSite
4411,23,11
timeStep,numberOfRobotsOnBlackSite,numberOfRobotsOnWhiteSite
4412,23,11
timeStep,numberOfRobotsOnBlackSite,numberOfRobotsOnWhiteSite
4413,23,11
timeStep,numberOfRobotsOnBlackSite,numberOfRobotsOnWhiteSite
4414,23,11
timeStep,numberOfRobotsOnBlackSite,numberOfRobotsOnWhiteSite
4415,23,11
timeStep,numberOfRobotsOnBlackSite,numberOfRobotsOnWhiteSite
4416,23,11
timeStep,numberOfRobotsOnBlackSite,numberOfRobotsOnWhiteSite
4417,23,11
timeStep,numberOfRobotsOnBlackSite,numberOfRobotsOnWhiteSite
4418,23,11
timeStep,numberOfRobotsOnBlackSite,numberOfRobotsOnWhiteSite
4419,23,11
timeStep,numberOfRobotsOnBlackSite,numberOfRobotsOnWhiteSite
4420,23,11
timeStep,numberOfRobotsOnBlackSite,numberOfRobotsOnWhiteSite
4421,23,11
timeStep,numberOfRobotsOnBlackSite,numberOfRobotsOnWhiteSite
4422,23,11
timeStep,numberOfRobotsOnBlackSite,numberOfRobotsOnWhiteSite
4423,23,11
timeStep,numberOfRobotsOnBlackSite,numberOfRobotsOnWhiteSite
4424,23,11
timeStep,numberOfRobotsOnBlackSite,numberOfRobotsOnWhiteSite
4425,23,11
timeStep,numberOfRobotsOnBlackSite,numberOfRobotsOnWhiteSite
4426,23,11
timeStep,numberOfRobotsOnBlackSite,numberOfRobotsOnWhiteSite
4427,23,11
timeStep,numberOfRobotsOnBlackSite,numberOfRobotsOnWhiteSite
4428,23,11
timeStep,numberOfRobotsOnBlackSite,numberOfRobotsOnWhiteSite
4429,23,11
timeStep,numberOfRobotsOnBlackSite,numberOfRobotsOnWhiteSite
4430,23,12
timeStep,numberOfRobotsOnBlackSite,numberOfRobotsOnWhiteSite
4431,23,12
timeStep,numberOfRobotsOnBlackSite,numberOfRobotsOnWhiteSite
4432,23,12
timeStep,numberOfRobotsOnBlackSite,numberOfRobotsOnWhiteSite
4433,23,12
timeStep,numberOfRobotsOnBlackSite,numberOfRobotsOnWhiteSite
4434,23,12
timeStep,numberOfRobotsOnBlackSite,numberOfRobotsOnWhiteSite
4435,23,12
timeStep,numberOfRobotsOnBlackSite,numberOfRobotsOnWhiteSite
4436,23,12
timeStep,numberOfRobotsOnBlackSite,numberOfRobotsOnWhiteSite
4437,23,12
timeStep,numberOfRobotsOnBlackSite,numberOfRobotsOnWhiteSite
4438,23,12
timeStep,numberOfRobotsOnBlackSite,numberOfRobotsOnWhiteSite
4439,23,12
timeStep,numberOfRobotsOnBlackSite,numberOfRobotsOnWhiteSite
4440,23,12
timeStep,numberOfRobotsOnBlackSite,numberOfRobotsOnWhiteSite
4441,23,12
timeStep,numberOfRobotsOnBlackSite,numberOfRobotsOnWhiteSite
4442,23,12
timeStep,numberOfRobotsOnBlackSite,numberOfRobotsOnWhiteSite
4443,23,12
timeStep,numberOfRobotsOnBlackSite,numberOfRobotsOnWhiteSite
4444,23,12
timeStep,numberOfRobotsOnBlackSite,numberOfRobotsOnWhiteSite
4445,22,12
timeStep,numberOfRobotsOnBlackSite,numberOfRobotsOnWhiteSite
4446,22,12
timeStep,numberOfRobotsOnBlackSite,numberOfRobotsOnWhiteSite
4447,22,12
timeStep,numberOfRobotsOnBlackSite,numberOfRobotsOnWhiteSite
4448,22,12
timeStep,numberOfRobotsOnBlackSite,numberOfRobotsOnWhiteSite
4449,22,12
timeStep,numberOfRobotsOnBlackSite,numberOfRobotsOnWhiteSite
4450,22,12
timeStep,numberOfRobotsOnBlackSite,numberOfRobotsOnWhiteSite
4451,22,12
timeStep,numberOfRobotsOnBlackSite,numberOfRobotsOnWhiteSite
4452,22,12
timeStep,numberOfRobotsOnBlackSite,numberOfRobotsOnWhiteSite
4453,22,12
timeStep,numberOfRobotsOnBlackSite,numberOfRobotsOnWhiteSite
4454,22,12
timeStep,numberOfRobotsOnBlackSite,numberOfRobotsOnWhiteSite
4455,22,12
timeStep,numberOfRobotsOnBlackSite,numberOfRobotsOnWhiteSite
4456,22,12
timeStep,numberOfRobotsOnBlackSite,numberOfRobotsOnWhiteSite
4457,22,12
timeStep,numberOfRobotsOnBlackSite,numberOfRobotsOnWhiteSite
4458,22,12
timeStep,numberOfRobotsOnBlackSite,numberOfRobotsOnWhiteSite
4459,22,12
timeStep,numberOfRobotsOnBlackSite,numberOfRobotsOnWhiteSite
4460,22,12
timeStep,numberOfRobotsOnBlackSite,numberOfRobotsOnWhiteSite
4461,22,12
timeStep,numberOfRobotsOnBlackSite,numberOfRobotsOnWhiteSite
4462,22,12
timeStep,numberOfRobotsOnBlackSite,numberOfRobotsOnWhiteSite
4463,22,12
timeStep,numberOfRobotsOnBlackSite,numberOfRobotsOnWhiteSite
4464,22,12
timeStep,numberOfRobotsOnBlackSite,numberOfRobotsOnWhiteSite
4465,22,12
timeStep,numberOfRobotsOnBlackSite,numberOfRobotsOnWhiteSite
4466,22,12
timeStep,numberOfRobotsOnBlackSite,numberOfRobotsOnWhiteSite
4467,22,12
timeStep,numberOfRobotsOnBlackSite,numberOfRobotsOnWhiteSite
4468,22,12
timeStep,numberOfRobotsOnBlackSite,numberOfRobotsOnWhiteSite
4469,22,12
timeStep,numberOfRobotsOnBlackSite,numberOfRobotsOnWhiteSite
4470,22,12
timeStep,numberOfRobotsOnBlackSite,numberOfRobotsOnWhiteSite
4471,22,12
timeStep,numberOfRobotsOnBlackSite,numberOfRobotsOnWhiteSite
4472,22,12
timeStep,numberOfRobotsOnBlackSite,numberOfRobotsOnWhiteSite
4473,22,12
timeStep,numberOfRobotsOnBlackSite,numberOfRobotsOnWhiteSite
4474,22,12
timeStep,numberOfRobotsOnBlackSite,numberOfRobotsOnWhiteSite
4475,22,12
timeStep,numberOfRobotsOnBlackSite,numberOfRobotsOnWhiteSite
4476,22,12
timeStep,numberOfRobotsOnBlackSite,numberOfRobotsOnWhiteSite
4477,22,12
timeStep,numberOfRobotsOnBlackSite,numberOfRobotsOnWhiteSite
4478,22,12
timeStep,numberOfRobotsOnBlackSite,numberOfRobotsOnWhiteSite
4479,22,12
timeStep,numberOfRobotsOnBlackSite,numberOfRobotsOnWhiteSite
4480,22,12
timeStep,numberOfRobotsOnBlackSite,numberOfRobotsOnWhiteSite
4481,22,12
timeStep,numberOfRobotsOnBlackSite,numberOfRobotsOnWhiteSite
4482,22,12
timeStep,numberOfRobotsOnBlackSite,numberOfRobotsOnWhiteSite
4483,22,12
timeStep,numberOfRobotsOnBlackSite,numberOfRobotsOnWhiteSite
4484,22,12
timeStep,numberOfRobotsOnBlackSite,numberOfRobotsOnWhiteSite
4485,22,12
timeStep,numberOfRobotsOnBlackSite,numberOfRobotsOnWhiteSite
4486,22,12
timeStep,numberOfRobotsOnBlackSite,numberOfRobotsOnWhiteSite
4487,22,12
timeStep,numberOfRobotsOnBlackSite,numberOfRobotsOnWhiteSite
4488,22,12
timeStep,numberOfRobotsOnBlackSite,numberOfRobotsOnWhiteSite
4489,22,12
timeStep,numberOfRobotsOnBlackSite,numberOfRobotsOnWhiteSite
4490,22,12
timeStep,numberOfRobotsOnBlackSite,numberOfRobotsOnWhiteSite
4491,22,12
timeStep,numberOfRobotsOnBlackSite,numberOfRobotsOnWhiteSite
4492,22,12
timeStep,numberOfRobotsOnBlackSite,numberOfRobotsOnWhiteSite
4493,22,12
timeStep,numberOfRobotsOnBlackSite,numberOfRobotsOnWhiteSite
4494,22,12
timeStep,numberOfRobotsOnBlackSite,numberOfRobotsOnWhiteSite
4495,21,12
timeStep,numberOfRobotsOnBlackSite,numberOfRobotsOnWhiteSite
4496,21,12
timeStep,numberOfRobotsOnBlackSite,numberOfRobotsOnWhiteSite
4497,21,12
timeStep,numberOfRobotsOnBlackSite,numberOfRobotsOnWhiteSite
4498,21,12
timeStep,numberOfRobotsOnBlackSite,numberOfRobotsOnWhiteSite
4499,21,12
timeStep,numberOfRobotsOnBlackSite,numberOfRobotsOnWhiteSite
4500,22,12
timeStep,numberOfRobotsOnBlackSite,numberOfRobotsOnWhiteSite
4501,22,12
timeStep,numberOfRobotsOnBlackSite,numberOfRobotsOnWhiteSite
4502,22,12
timeStep,numberOfRobotsOnBlackSite,numberOfRobotsOnWhiteSite
4503,22,12
timeStep,numberOfRobotsOnBlackSite,numberOfRobotsOnWhiteSite
4504,22,12
timeStep,numberOfRobotsOnBlackSite,numberOfRobotsOnWhiteSite
4505,22,12
timeStep,numberOfRobotsOnBlackSite,numberOfRobotsOnWhiteSite
4506,22,12
timeStep,numberOfRobotsOnBlackSite,numberOfRobotsOnWhiteSite
4507,22,12
timeStep,numberOfRobotsOnBlackSite,numberOfRobotsOnWhiteSite
4508,22,12
timeStep,numberOfRobotsOnBlackSite,numberOfRobotsOnWhiteSite
4509,22,12
timeStep,numberOfRobotsOnBlackSite,numberOfRobotsOnWhiteSite
4510,22,12
timeStep,numberOfRobotsOnBlackSite,numberOfRobotsOnWhiteSite
4511,22,12
timeStep,numberOfRobotsOnBlackSite,numberOfRobotsOnWhiteSite
4512,22,12
timeStep,numberOfRobotsOnBlackSite,numberOfRobotsOnWhiteSite
4513,22,12
timeStep,numberOfRobotsOnBlackSite,numberOfRobotsOnWhiteSite
4514,22,12
timeStep,numberOfRobotsOnBlackSite,numberOfRobotsOnWhiteSite
4515,22,12
timeStep,numberOfRobotsOnBlackSite,numberOfRobotsOnWhiteSite
4516,22,12
timeStep,numberOfRobotsOnBlackSite,numberOfRobotsOnWhiteSite
4517,22,12
timeStep,numberOfRobotsOnBlackSite,numberOfRobotsOnWhiteSite
4518,22,12
timeStep,numberOfRobotsOnBlackSite,numberOfRobotsOnWhiteSite
4519,22,12
timeStep,numberOfRobotsOnBlackSite,numberOfRobotsOnWhiteSite
4520,22,12
timeStep,numberOfRobotsOnBlackSite,numberOfRobotsOnWhiteSite
4521,22,12
timeStep,numberOfRobotsOnBlackSite,numberOfRobotsOnWhiteSite
4522,22,12
timeStep,numberOfRobotsOnBlackSite,numberOfRobotsOnWhiteSite
4523,22,12
timeStep,numberOfRobotsOnBlackSite,numberOfRobotsOnWhiteSite
4524,22,12
timeStep,numberOfRobotsOnBlackSite,numberOfRobotsOnWhiteSite
4525,22,12
timeStep,numberOfRobotsOnBlackSite,numberOfRobotsOnWhiteSite
4526,22,12
timeStep,numberOfRobotsOnBlackSite,numberOfRobotsOnWhiteSite
4527,22,12
timeStep,numberOfRobotsOnBlackSite,numberOfRobotsOnWhiteSite
4528,22,12
timeStep,numberOfRobotsOnBlackSite,numberOfRobotsOnWhiteSite
4529,22,12
timeStep,numberOfRobotsOnBlackSite,numberOfRobotsOnWhiteSite
4530,22,12
timeStep,numberOfRobotsOnBlackSite,numberOfRobotsOnWhiteSite
4531,22,12
timeStep,numberOfRobotsOnBlackSite,numberOfRobotsOnWhiteSite
4532,22,12
timeStep,numberOfRobotsOnBlackSite,numberOfRobotsOnWhiteSite
4533,22,12
timeStep,numberOfRobotsOnBlackSite,numberOfRobotsOnWhiteSite
4534,22,12
timeStep,numberOfRobotsOnBlackSite,numberOfRobotsOnWhiteSite
4535,22,12
timeStep,numberOfRobotsOnBlackSite,numberOfRobotsOnWhiteSite
4536,22,12
timeStep,numberOfRobotsOnBlackSite,numberOfRobotsOnWhiteSite
4537,22,12
timeStep,numberOfRobotsOnBlackSite,numberOfRobotsOnWhiteSite
4538,22,12
timeStep,numberOfRobotsOnBlackSite,numberOfRobotsOnWhiteSite
4539,22,12
timeStep,numberOfRobotsOnBlackSite,numberOfRobotsOnWhiteSite
4540,22,12
timeStep,numberOfRobotsOnBlackSite,numberOfRobotsOnWhiteSite
4541,22,12
timeStep,numberOfRobotsOnBlackSite,numberOfRobotsOnWhiteSite
4542,22,12
timeStep,numberOfRobotsOnBlackSite,numberOfRobotsOnWhiteSite
4543,22,12
timeStep,numberOfRobotsOnBlackSite,numberOfRobotsOnWhiteSite
4544,22,12
timeStep,numberOfRobotsOnBlackSite,numberOfRobotsOnWhiteSite
4545,22,12
timeStep,numberOfRobotsOnBlackSite,numberOfRobotsOnWhiteSite
4546,22,12
timeStep,numberOfRobotsOnBlackSite,numberOfRobotsOnWhiteSite
4547,22,12
timeStep,numberOfRobotsOnBlackSite,numberOfRobotsOnWhiteSite
4548,22,12
timeStep,numberOfRobotsOnBlackSite,numberOfRobotsOnWhiteSite
4549,22,12
timeStep,numberOfRobotsOnBlackSite,numberOfRobotsOnWhiteSite
4550,23,12
timeStep,numberOfRobotsOnBlackSite,numberOfRobotsOnWhiteSite
4551,23,12
timeStep,numberOfRobotsOnBlackSite,numberOfRobotsOnWhiteSite
4552,23,12
timeStep,numberOfRobotsOnBlackSite,numberOfRobotsOnWhiteSite
4553,23,12
timeStep,numberOfRobotsOnBlackSite,numberOfRobotsOnWhiteSite
4554,23,12
timeStep,numberOfRobotsOnBlackSite,numberOfRobotsOnWhiteSite
4555,23,12
timeStep,numberOfRobotsOnBlackSite,numberOfRobotsOnWhiteSite
4556,23,12
timeStep,numberOfRobotsOnBlackSite,numberOfRobotsOnWhiteSite
4557,23,12
timeStep,numberOfRobotsOnBlackSite,numberOfRobotsOnWhiteSite
4558,23,12
timeStep,numberOfRobotsOnBlackSite,numberOfRobotsOnWhiteSite
4559,23,12
timeStep,numberOfRobotsOnBlackSite,numberOfRobotsOnWhiteSite
4560,23,12
timeStep,numberOfRobotsOnBlackSite,numberOfRobotsOnWhiteSite
4561,23,12
timeStep,numberOfRobotsOnBlackSite,numberOfRobotsOnWhiteSite
4562,23,12
timeStep,numberOfRobotsOnBlackSite,numberOfRobotsOnWhiteSite
4563,23,12
timeStep,numberOfRobotsOnBlackSite,numberOfRobotsOnWhiteSite
4564,23,12
timeStep,numberOfRobotsOnBlackSite,numberOfRobotsOnWhiteSite
4565,23,11
timeStep,numberOfRobotsOnBlackSite,numberOfRobotsOnWhiteSite
4566,23,11
timeStep,numberOfRobotsOnBlackSite,numberOfRobotsOnWhiteSite
4567,23,11
timeStep,numberOfRobotsOnBlackSite,numberOfRobotsOnWhiteSite
4568,23,11
timeStep,numberOfRobotsOnBlackSite,numberOfRobotsOnWhiteSite
4569,23,11
timeStep,numberOfRobotsOnBlackSite,numberOfRobotsOnWhiteSite
4570,23,11
timeStep,numberOfRobotsOnBlackSite,numberOfRobotsOnWhiteSite
4571,23,11
timeStep,numberOfRobotsOnBlackSite,numberOfRobotsOnWhiteSite
4572,23,11
timeStep,numberOfRobotsOnBlackSite,numberOfRobotsOnWhiteSite
4573,23,11
timeStep,numberOfRobotsOnBlackSite,numberOfRobotsOnWhiteSite
4574,23,11
timeStep,numberOfRobotsOnBlackSite,numberOfRobotsOnWhiteSite
4575,23,11
timeStep,numberOfRobotsOnBlackSite,numberOfRobotsOnWhiteSite
4576,23,11
timeStep,numberOfRobotsOnBlackSite,numberOfRobotsOnWhiteSite
4577,23,11
timeStep,numberOfRobotsOnBlackSite,numberOfRobotsOnWhiteSite
4578,23,11
timeStep,numberOfRobotsOnBlackSite,numberOfRobotsOnWhiteSite
4579,23,11
timeStep,numberOfRobotsOnBlackSite,numberOfRobotsOnWhiteSite
4580,23,11
timeStep,numberOfRobotsOnBlackSite,numberOfRobotsOnWhiteSite
4581,23,11
timeStep,numberOfRobotsOnBlackSite,numberOfRobotsOnWhiteSite
4582,23,11
timeStep,numberOfRobotsOnBlackSite,numberOfRobotsOnWhiteSite
4583,23,11
timeStep,numberOfRobotsOnBlackSite,numberOfRobotsOnWhiteSite
4584,23,11
timeStep,numberOfRobotsOnBlackSite,numberOfRobotsOnWhiteSite
4585,23,11
timeStep,numberOfRobotsOnBlackSite,numberOfRobotsOnWhiteSite
4586,23,11
timeStep,numberOfRobotsOnBlackSite,numberOfRobotsOnWhiteSite
4587,23,11
timeStep,numberOfRobotsOnBlackSite,numberOfRobotsOnWhiteSite
4588,23,11
timeStep,numberOfRobotsOnBlackSite,numberOfRobotsOnWhiteSite
4589,23,11
timeStep,numberOfRobotsOnBlackSite,numberOfRobotsOnWhiteSite
4590,23,11
timeStep,numberOfRobotsOnBlackSite,numberOfRobotsOnWhiteSite
4591,23,11
timeStep,numberOfRobotsOnBlackSite,numberOfRobotsOnWhiteSite
4592,23,11
timeStep,numberOfRobotsOnBlackSite,numberOfRobotsOnWhiteSite
4593,23,11
timeStep,numberOfRobotsOnBlackSite,numberOfRobotsOnWhiteSite
4594,23,11
timeStep,numberOfRobotsOnBlackSite,numberOfRobotsOnWhiteSite
4595,23,12
timeStep,numberOfRobotsOnBlackSite,numberOfRobotsOnWhiteSite
4596,23,12
timeStep,numberOfRobotsOnBlackSite,numberOfRobotsOnWhiteSite
4597,23,12
timeStep,numberOfRobotsOnBlackSite,numberOfRobotsOnWhiteSite
4598,23,12
timeStep,numberOfRobotsOnBlackSite,numberOfRobotsOnWhiteSite
4599,23,12
timeStep,numberOfRobotsOnBlackSite,numberOfRobotsOnWhiteSite
4600,23,12
timeStep,numberOfRobotsOnBlackSite,numberOfRobotsOnWhiteSite
4601,23,12
timeStep,numberOfRobotsOnBlackSite,numberOfRobotsOnWhiteSite
4602,23,12
timeStep,numberOfRobotsOnBlackSite,numberOfRobotsOnWhiteSite
4603,23,12
timeStep,numberOfRobotsOnBlackSite,numberOfRobotsOnWhiteSite
4604,23,12
timeStep,numberOfRobotsOnBlackSite,numberOfRobotsOnWhiteSite
4605,23,12
timeStep,numberOfRobotsOnBlackSite,numberOfRobotsOnWhiteSite
4606,23,12
timeStep,numberOfRobotsOnBlackSite,numberOfRobotsOnWhiteSite
4607,23,12
timeStep,numberOfRobotsOnBlackSite,numberOfRobotsOnWhiteSite
4608,23,12
timeStep,numberOfRobotsOnBlackSite,numberOfRobotsOnWhiteSite
4609,23,12
timeStep,numberOfRobotsOnBlackSite,numberOfRobotsOnWhiteSite
4610,23,12
timeStep,numberOfRobotsOnBlackSite,numberOfRobotsOnWhiteSite
4611,23,12
timeStep,numberOfRobotsOnBlackSite,numberOfRobotsOnWhiteSite
4612,23,12
timeStep,numberOfRobotsOnBlackSite,numberOfRobotsOnWhiteSite
4613,23,12
timeStep,numberOfRobotsOnBlackSite,numberOfRobotsOnWhiteSite
4614,23,12
timeStep,numberOfRobotsOnBlackSite,numberOfRobotsOnWhiteSite
4615,23,12
timeStep,numberOfRobotsOnBlackSite,numberOfRobotsOnWhiteSite
4616,23,12
timeStep,numberOfRobotsOnBlackSite,numberOfRobotsOnWhiteSite
4617,23,12
timeStep,numberOfRobotsOnBlackSite,numberOfRobotsOnWhiteSite
4618,23,12
timeStep,numberOfRobotsOnBlackSite,numberOfRobotsOnWhiteSite
4619,23,12
timeStep,numberOfRobotsOnBlackSite,numberOfRobotsOnWhiteSite
4620,23,12
timeStep,numberOfRobotsOnBlackSite,numberOfRobotsOnWhiteSite
4621,23,12
timeStep,numberOfRobotsOnBlackSite,numberOfRobotsOnWhiteSite
4622,23,12
timeStep,numberOfRobotsOnBlackSite,numberOfRobotsOnWhiteSite
4623,23,12
timeStep,numberOfRobotsOnBlackSite,numberOfRobotsOnWhiteSite
4624,23,12
timeStep,numberOfRobotsOnBlackSite,numberOfRobotsOnWhiteSite
4625,23,12
timeStep,numberOfRobotsOnBlackSite,numberOfRobotsOnWhiteSite
4626,23,12
timeStep,numberOfRobotsOnBlackSite,numberOfRobotsOnWhiteSite
4627,23,12
timeStep,numberOfRobotsOnBlackSite,numberOfRobotsOnWhiteSite
4628,23,12
timeStep,numberOfRobotsOnBlackSite,numberOfRobotsOnWhiteSite
4629,23,12
timeStep,numberOfRobotsOnBlackSite,numberOfRobotsOnWhiteSite
4630,23,12
timeStep,numberOfRobotsOnBlackSite,numberOfRobotsOnWhiteSite
4631,23,12
timeStep,numberOfRobotsOnBlackSite,numberOfRobotsOnWhiteSite
4632,23,12
timeStep,numberOfRobotsOnBlackSite,numberOfRobotsOnWhiteSite
4633,23,12
timeStep,numberOfRobotsOnBlackSite,numberOfRobotsOnWhiteSite
4634,23,12
timeStep,numberOfRobotsOnBlackSite,numberOfRobotsOnWhiteSite
4635,23,11
timeStep,numberOfRobotsOnBlackSite,numberOfRobotsOnWhiteSite
4636,23,11
timeStep,numberOfRobotsOnBlackSite,numberOfRobotsOnWhiteSite
4637,23,11
timeStep,numberOfRobotsOnBlackSite,numberOfRobotsOnWhiteSite
4638,23,11
timeStep,numberOfRobotsOnBlackSite,numberOfRobotsOnWhiteSite
4639,23,11
timeStep,numberOfRobotsOnBlackSite,numberOfRobotsOnWhiteSite
4640,23,11
timeStep,numberOfRobotsOnBlackSite,numberOfRobotsOnWhiteSite
4641,23,11
timeStep,numberOfRobotsOnBlackSite,numberOfRobotsOnWhiteSite
4642,23,11
timeStep,numberOfRobotsOnBlackSite,numberOfRobotsOnWhiteSite
4643,23,11
timeStep,numberOfRobotsOnBlackSite,numberOfRobotsOnWhiteSite
4644,23,11
timeStep,numberOfRobotsOnBlackSite,numberOfRobotsOnWhiteSite
4645,23,11
timeStep,numberOfRobotsOnBlackSite,numberOfRobotsOnWhiteSite
4646,23,11
timeStep,numberOfRobotsOnBlackSite,numberOfRobotsOnWhiteSite
4647,23,11
timeStep,numberOfRobotsOnBlackSite,numberOfRobotsOnWhiteSite
4648,23,11
timeStep,numberOfRobotsOnBlackSite,numberOfRobotsOnWhiteSite
4649,23,11
timeStep,numberOfRobotsOnBlackSite,numberOfRobotsOnWhiteSite
4650,23,11
timeStep,numberOfRobotsOnBlackSite,numberOfRobotsOnWhiteSite
4651,23,11
timeStep,numberOfRobotsOnBlackSite,numberOfRobotsOnWhiteSite
4652,23,11
timeStep,numberOfRobotsOnBlackSite,numberOfRobotsOnWhiteSite
4653,23,11
timeStep,numberOfRobotsOnBlackSite,numberOfRobotsOnWhiteSite
4654,23,11
timeStep,numberOfRobotsOnBlackSite,numberOfRobotsOnWhiteSite
4655,23,11
timeStep,numberOfRobotsOnBlackSite,numberOfRobotsOnWhiteSite
4656,23,11
timeStep,numberOfRobotsOnBlackSite,numberOfRobotsOnWhiteSite
4657,23,11
timeStep,numberOfRobotsOnBlackSite,numberOfRobotsOnWhiteSite
4658,23,11
timeStep,numberOfRobotsOnBlackSite,numberOfRobotsOnWhiteSite
4659,23,11
timeStep,numberOfRobotsOnBlackSite,numberOfRobotsOnWhiteSite
4660,23,11
timeStep,numberOfRobotsOnBlackSite,numberOfRobotsOnWhiteSite
4661,23,11
timeStep,numberOfRobotsOnBlackSite,numberOfRobotsOnWhiteSite
4662,23,11
timeStep,numberOfRobotsOnBlackSite,numberOfRobotsOnWhiteSite
4663,23,11
timeStep,numberOfRobotsOnBlackSite,numberOfRobotsOnWhiteSite
4664,23,11
timeStep,numberOfRobotsOnBlackSite,numberOfRobotsOnWhiteSite
4665,23,11
timeStep,numberOfRobotsOnBlackSite,numberOfRobotsOnWhiteSite
4666,23,11
timeStep,numberOfRobotsOnBlackSite,numberOfRobotsOnWhiteSite
4667,23,11
timeStep,numberOfRobotsOnBlackSite,numberOfRobotsOnWhiteSite
4668,23,11
timeStep,numberOfRobotsOnBlackSite,numberOfRobotsOnWhiteSite
4669,23,11
timeStep,numberOfRobotsOnBlackSite,numberOfRobotsOnWhiteSite
4670,23,11
timeStep,numberOfRobotsOnBlackSite,numberOfRobotsOnWhiteSite
4671,23,11
timeStep,numberOfRobotsOnBlackSite,numberOfRobotsOnWhiteSite
4672,23,11
timeStep,numberOfRobotsOnBlackSite,numberOfRobotsOnWhiteSite
4673,23,11
timeStep,numberOfRobotsOnBlackSite,numberOfRobotsOnWhiteSite
4674,23,11
timeStep,numberOfRobotsOnBlackSite,numberOfRobotsOnWhiteSite
4675,23,11
timeStep,numberOfRobotsOnBlackSite,numberOfRobotsOnWhiteSite
4676,23,11
timeStep,numberOfRobotsOnBlackSite,numberOfRobotsOnWhiteSite
4677,23,11
timeStep,numberOfRobotsOnBlackSite,numberOfRobotsOnWhiteSite
4678,23,11
timeStep,numberOfRobotsOnBlackSite,numberOfRobotsOnWhiteSite
4679,23,11
timeStep,numberOfRobotsOnBlackSite,numberOfRobotsOnWhiteSite
4680,22,11
timeStep,numberOfRobotsOnBlackSite,numberOfRobotsOnWhiteSite
4681,22,11
timeStep,numberOfRobotsOnBlackSite,numberOfRobotsOnWhiteSite
4682,22,11
timeStep,numberOfRobotsOnBlackSite,numberOfRobotsOnWhiteSite
4683,22,11
timeStep,numberOfRobotsOnBlackSite,numberOfRobotsOnWhiteSite
4684,22,11
timeStep,numberOfRobotsOnBlackSite,numberOfRobotsOnWhiteSite
4685,22,11
timeStep,numberOfRobotsOnBlackSite,numberOfRobotsOnWhiteSite
4686,22,11
timeStep,numberOfRobotsOnBlackSite,numberOfRobotsOnWhiteSite
4687,22,11
timeStep,numberOfRobotsOnBlackSite,numberOfRobotsOnWhiteSite
4688,22,11
timeStep,numberOfRobotsOnBlackSite,numberOfRobotsOnWhiteSite
4689,22,11
timeStep,numberOfRobotsOnBlackSite,numberOfRobotsOnWhiteSite
4690,22,11
timeStep,numberOfRobotsOnBlackSite,numberOfRobotsOnWhiteSite
4691,22,11
timeStep,numberOfRobotsOnBlackSite,numberOfRobotsOnWhiteSite
4692,22,11
timeStep,numberOfRobotsOnBlackSite,numberOfRobotsOnWhiteSite
4693,22,11
timeStep,numberOfRobotsOnBlackSite,numberOfRobotsOnWhiteSite
4694,22,11
timeStep,numberOfRobotsOnBlackSite,numberOfRobotsOnWhiteSite
4695,22,11
timeStep,numberOfRobotsOnBlackSite,numberOfRobotsOnWhiteSite
4696,22,11
timeStep,numberOfRobotsOnBlackSite,numberOfRobotsOnWhiteSite
4697,22,11
timeStep,numberOfRobotsOnBlackSite,numberOfRobotsOnWhiteSite
4698,22,11
timeStep,numberOfRobotsOnBlackSite,numberOfRobotsOnWhiteSite
4699,22,11
timeStep,numberOfRobotsOnBlackSite,numberOfRobotsOnWhiteSite
4700,22,11
timeStep,numberOfRobotsOnBlackSite,numberOfRobotsOnWhiteSite
4701,22,11
timeStep,numberOfRobotsOnBlackSite,numberOfRobotsOnWhiteSite
4702,22,11
timeStep,numberOfRobotsOnBlackSite,numberOfRobotsOnWhiteSite
4703,22,11
timeStep,numberOfRobotsOnBlackSite,numberOfRobotsOnWhiteSite
4704,22,11
timeStep,numberOfRobotsOnBlackSite,numberOfRobotsOnWhiteSite
4705,22,10
timeStep,numberOfRobotsOnBlackSite,numberOfRobotsOnWhiteSite
4706,22,10
timeStep,numberOfRobotsOnBlackSite,numberOfRobotsOnWhiteSite
4707,22,10
timeStep,numberOfRobotsOnBlackSite,numberOfRobotsOnWhiteSite
4708,22,10
timeStep,numberOfRobotsOnBlackSite,numberOfRobotsOnWhiteSite
4709,22,10
timeStep,numberOfRobotsOnBlackSite,numberOfRobotsOnWhiteSite
4710,22,10
timeStep,numberOfRobotsOnBlackSite,numberOfRobotsOnWhiteSite
4711,22,10
timeStep,numberOfRobotsOnBlackSite,numberOfRobotsOnWhiteSite
4712,22,10
timeStep,numberOfRobotsOnBlackSite,numberOfRobotsOnWhiteSite
4713,22,10
timeStep,numberOfRobotsOnBlackSite,numberOfRobotsOnWhiteSite
4714,22,10
timeStep,numberOfRobotsOnBlackSite,numberOfRobotsOnWhiteSite
4715,22,10
timeStep,numberOfRobotsOnBlackSite,numberOfRobotsOnWhiteSite
4716,22,10
timeStep,numberOfRobotsOnBlackSite,numberOfRobotsOnWhiteSite
4717,22,10
timeStep,numberOfRobotsOnBlackSite,numberOfRobotsOnWhiteSite
4718,22,10
timeStep,numberOfRobotsOnBlackSite,numberOfRobotsOnWhiteSite
4719,22,10
timeStep,numberOfRobotsOnBlackSite,numberOfRobotsOnWhiteSite
4720,22,10
timeStep,numberOfRobotsOnBlackSite,numberOfRobotsOnWhiteSite
4721,22,10
timeStep,numberOfRobotsOnBlackSite,numberOfRobotsOnWhiteSite
4722,22,10
timeStep,numberOfRobotsOnBlackSite,numberOfRobotsOnWhiteSite
4723,22,10
timeStep,numberOfRobotsOnBlackSite,numberOfRobotsOnWhiteSite
4724,22,10
timeStep,numberOfRobotsOnBlackSite,numberOfRobotsOnWhiteSite
4725,22,10
timeStep,numberOfRobotsOnBlackSite,numberOfRobotsOnWhiteSite
4726,22,10
timeStep,numberOfRobotsOnBlackSite,numberOfRobotsOnWhiteSite
4727,22,10
timeStep,numberOfRobotsOnBlackSite,numberOfRobotsOnWhiteSite
4728,22,10
timeStep,numberOfRobotsOnBlackSite,numberOfRobotsOnWhiteSite
4729,22,10
timeStep,numberOfRobotsOnBlackSite,numberOfRobotsOnWhiteSite
4730,22,10
timeStep,numberOfRobotsOnBlackSite,numberOfRobotsOnWhiteSite
4731,22,10
timeStep,numberOfRobotsOnBlackSite,numberOfRobotsOnWhiteSite
4732,22,10
timeStep,numberOfRobotsOnBlackSite,numberOfRobotsOnWhiteSite
4733,22,10
timeStep,numberOfRobotsOnBlackSite,numberOfRobotsOnWhiteSite
4734,22,10
timeStep,numberOfRobotsOnBlackSite,numberOfRobotsOnWhiteSite
4735,22,10
timeStep,numberOfRobotsOnBlackSite,numberOfRobotsOnWhiteSite
4736,22,10
timeStep,numberOfRobotsOnBlackSite,numberOfRobotsOnWhiteSite
4737,22,10
timeStep,numberOfRobotsOnBlackSite,numberOfRobotsOnWhiteSite
4738,22,10
timeStep,numberOfRobotsOnBlackSite,numberOfRobotsOnWhiteSite
4739,22,10
timeStep,numberOfRobotsOnBlackSite,numberOfRobotsOnWhiteSite
4740,22,10
timeStep,numberOfRobotsOnBlackSite,numberOfRobotsOnWhiteSite
4741,22,10
timeStep,numberOfRobotsOnBlackSite,numberOfRobotsOnWhiteSite
4742,22,10
timeStep,numberOfRobotsOnBlackSite,numberOfRobotsOnWhiteSite
4743,22,10
timeStep,numberOfRobotsOnBlackSite,numberOfRobotsOnWhiteSite
4744,22,10
timeStep,numberOfRobotsOnBlackSite,numberOfRobotsOnWhiteSite
4745,22,10
timeStep,numberOfRobotsOnBlackSite,numberOfRobotsOnWhiteSite
4746,22,10
timeStep,numberOfRobotsOnBlackSite,numberOfRobotsOnWhiteSite
4747,22,10
timeStep,numberOfRobotsOnBlackSite,numberOfRobotsOnWhiteSite
4748,22,10
timeStep,numberOfRobotsOnBlackSite,numberOfRobotsOnWhiteSite
4749,22,10
timeStep,numberOfRobotsOnBlackSite,numberOfRobotsOnWhiteSite
4750,22,10
timeStep,numberOfRobotsOnBlackSite,numberOfRobotsOnWhiteSite
4751,22,10
timeStep,numberOfRobotsOnBlackSite,numberOfRobotsOnWhiteSite
4752,22,10
timeStep,numberOfRobotsOnBlackSite,numberOfRobotsOnWhiteSite
4753,22,10
timeStep,numberOfRobotsOnBlackSite,numberOfRobotsOnWhiteSite
4754,22,10
timeStep,numberOfRobotsOnBlackSite,numberOfRobotsOnWhiteSite
4755,22,10
timeStep,numberOfRobotsOnBlackSite,numberOfRobotsOnWhiteSite
4756,22,10
timeStep,numberOfRobotsOnBlackSite,numberOfRobotsOnWhiteSite
4757,22,10
timeStep,numberOfRobotsOnBlackSite,numberOfRobotsOnWhiteSite
4758,22,10
timeStep,numberOfRobotsOnBlackSite,numberOfRobotsOnWhiteSite
4759,22,10
timeStep,numberOfRobotsOnBlackSite,numberOfRobotsOnWhiteSite
4760,22,10
timeStep,numberOfRobotsOnBlackSite,numberOfRobotsOnWhiteSite
4761,22,10
timeStep,numberOfRobotsOnBlackSite,numberOfRobotsOnWhiteSite
4762,22,10
timeStep,numberOfRobotsOnBlackSite,numberOfRobotsOnWhiteSite
4763,22,10
timeStep,numberOfRobotsOnBlackSite,numberOfRobotsOnWhiteSite
4764,22,10
timeStep,numberOfRobotsOnBlackSite,numberOfRobotsOnWhiteSite
4765,22,10
timeStep,numberOfRobotsOnBlackSite,numberOfRobotsOnWhiteSite
4766,22,10
timeStep,numberOfRobotsOnBlackSite,numberOfRobotsOnWhiteSite
4767,22,10
timeStep,numberOfRobotsOnBlackSite,numberOfRobotsOnWhiteSite
4768,22,10
timeStep,numberOfRobotsOnBlackSite,numberOfRobotsOnWhiteSite
4769,22,10
timeStep,numberOfRobotsOnBlackSite,numberOfRobotsOnWhiteSite
4770,22,10
timeStep,numberOfRobotsOnBlackSite,numberOfRobotsOnWhiteSite
4771,22,10
timeStep,numberOfRobotsOnBlackSite,numberOfRobotsOnWhiteSite
4772,22,10
timeStep,numberOfRobotsOnBlackSite,numberOfRobotsOnWhiteSite
4773,22,10
timeStep,numberOfRobotsOnBlackSite,numberOfRobotsOnWhiteSite
4774,22,10
timeStep,numberOfRobotsOnBlackSite,numberOfRobotsOnWhiteSite
4775,22,12
timeStep,numberOfRobotsOnBlackSite,numberOfRobotsOnWhiteSite
4776,22,12
timeStep,numberOfRobotsOnBlackSite,numberOfRobotsOnWhiteSite
4777,22,12
timeStep,numberOfRobotsOnBlackSite,numberOfRobotsOnWhiteSite
4778,22,12
timeStep,numberOfRobotsOnBlackSite,numberOfRobotsOnWhiteSite
4779,22,12
timeStep,numberOfRobotsOnBlackSite,numberOfRobotsOnWhiteSite
4780,22,12
timeStep,numberOfRobotsOnBlackSite,numberOfRobotsOnWhiteSite
4781,22,12
timeStep,numberOfRobotsOnBlackSite,numberOfRobotsOnWhiteSite
4782,22,12
timeStep,numberOfRobotsOnBlackSite,numberOfRobotsOnWhiteSite
4783,22,12
timeStep,numberOfRobotsOnBlackSite,numberOfRobotsOnWhiteSite
4784,22,12
timeStep,numberOfRobotsOnBlackSite,numberOfRobotsOnWhiteSite
4785,22,12
timeStep,numberOfRobotsOnBlackSite,numberOfRobotsOnWhiteSite
4786,22,12
timeStep,numberOfRobotsOnBlackSite,numberOfRobotsOnWhiteSite
4787,22,12
timeStep,numberOfRobotsOnBlackSite,numberOfRobotsOnWhiteSite
4788,22,12
timeStep,numberOfRobotsOnBlackSite,numberOfRobotsOnWhiteSite
4789,22,12
timeStep,numberOfRobotsOnBlackSite,numberOfRobotsOnWhiteSite
4790,23,12
timeStep,numberOfRobotsOnBlackSite,numberOfRobotsOnWhiteSite
4791,23,12
timeStep,numberOfRobotsOnBlackSite,numberOfRobotsOnWhiteSite
4792,23,12
timeStep,numberOfRobotsOnBlackSite,numberOfRobotsOnWhiteSite
4793,23,12
timeStep,numberOfRobotsOnBlackSite,numberOfRobotsOnWhiteSite
4794,23,12
timeStep,numberOfRobotsOnBlackSite,numberOfRobotsOnWhiteSite
4795,23,12
timeStep,numberOfRobotsOnBlackSite,numberOfRobotsOnWhiteSite
4796,23,12
timeStep,numberOfRobotsOnBlackSite,numberOfRobotsOnWhiteSite
4797,23,12
timeStep,numberOfRobotsOnBlackSite,numberOfRobotsOnWhiteSite
4798,23,12
timeStep,numberOfRobotsOnBlackSite,numberOfRobotsOnWhiteSite
4799,23,12
timeStep,numberOfRobotsOnBlackSite,numberOfRobotsOnWhiteSite
4800,23,12
timeStep,numberOfRobotsOnBlackSite,numberOfRobotsOnWhiteSite
4801,23,12
timeStep,numberOfRobotsOnBlackSite,numberOfRobotsOnWhiteSite
4802,23,12
timeStep,numberOfRobotsOnBlackSite,numberOfRobotsOnWhiteSite
4803,23,12
timeStep,numberOfRobotsOnBlackSite,numberOfRobotsOnWhiteSite
4804,23,12
timeStep,numberOfRobotsOnBlackSite,numberOfRobotsOnWhiteSite
4805,23,13
timeStep,numberOfRobotsOnBlackSite,numberOfRobotsOnWhiteSite
4806,23,13
timeStep,numberOfRobotsOnBlackSite,numberOfRobotsOnWhiteSite
4807,23,13
timeStep,numberOfRobotsOnBlackSite,numberOfRobotsOnWhiteSite
4808,23,13
timeStep,numberOfRobotsOnBlackSite,numberOfRobotsOnWhiteSite
4809,23,13
timeStep,numberOfRobotsOnBlackSite,numberOfRobotsOnWhiteSite
4810,23,13
timeStep,numberOfRobotsOnBlackSite,numberOfRobotsOnWhiteSite
4811,23,13
timeStep,numberOfRobotsOnBlackSite,numberOfRobotsOnWhiteSite
4812,23,13
timeStep,numberOfRobotsOnBlackSite,numberOfRobotsOnWhiteSite
4813,23,13
timeStep,numberOfRobotsOnBlackSite,numberOfRobotsOnWhiteSite
4814,23,13
timeStep,numberOfRobotsOnBlackSite,numberOfRobotsOnWhiteSite
4815,23,13
timeStep,numberOfRobotsOnBlackSite,numberOfRobotsOnWhiteSite
4816,23,13
timeStep,numberOfRobotsOnBlackSite,numberOfRobotsOnWhiteSite
4817,23,13
timeStep,numberOfRobotsOnBlackSite,numberOfRobotsOnWhiteSite
4818,23,13
timeStep,numberOfRobotsOnBlackSite,numberOfRobotsOnWhiteSite
4819,23,13
timeStep,numberOfRobotsOnBlackSite,numberOfRobotsOnWhiteSite
4820,23,13
timeStep,numberOfRobotsOnBlackSite,numberOfRobotsOnWhiteSite
4821,23,13
timeStep,numberOfRobotsOnBlackSite,numberOfRobotsOnWhiteSite
4822,23,13
timeStep,numberOfRobotsOnBlackSite,numberOfRobotsOnWhiteSite
4823,23,13
timeStep,numberOfRobotsOnBlackSite,numberOfRobotsOnWhiteSite
4824,23,13
timeStep,numberOfRobotsOnBlackSite,numberOfRobotsOnWhiteSite
4825,23,13
timeStep,numberOfRobotsOnBlackSite,numberOfRobotsOnWhiteSite
4826,23,13
timeStep,numberOfRobotsOnBlackSite,numberOfRobotsOnWhiteSite
4827,23,13
timeStep,numberOfRobotsOnBlackSite,numberOfRobotsOnWhiteSite
4828,23,13
timeStep,numberOfRobotsOnBlackSite,numberOfRobotsOnWhiteSite
4829,23,13
timeStep,numberOfRobotsOnBlackSite,numberOfRobotsOnWhiteSite
4830,23,13
timeStep,numberOfRobotsOnBlackSite,numberOfRobotsOnWhiteSite
4831,23,13
timeStep,numberOfRobotsOnBlackSite,numberOfRobotsOnWhiteSite
4832,23,13
timeStep,numberOfRobotsOnBlackSite,numberOfRobotsOnWhiteSite
4833,23,13
timeStep,numberOfRobotsOnBlackSite,numberOfRobotsOnWhiteSite
4834,23,13
timeStep,numberOfRobotsOnBlackSite,numberOfRobotsOnWhiteSite
4835,23,13
timeStep,numberOfRobotsOnBlackSite,numberOfRobotsOnWhiteSite
4836,23,13
timeStep,numberOfRobotsOnBlackSite,numberOfRobotsOnWhiteSite
4837,23,13
timeStep,numberOfRobotsOnBlackSite,numberOfRobotsOnWhiteSite
4838,23,13
timeStep,numberOfRobotsOnBlackSite,numberOfRobotsOnWhiteSite
4839,23,13
timeStep,numberOfRobotsOnBlackSite,numberOfRobotsOnWhiteSite
4840,23,13
timeStep,numberOfRobotsOnBlackSite,numberOfRobotsOnWhiteSite
4841,23,13
timeStep,numberOfRobotsOnBlackSite,numberOfRobotsOnWhiteSite
4842,23,13
timeStep,numberOfRobotsOnBlackSite,numberOfRobotsOnWhiteSite
4843,23,13
timeStep,numberOfRobotsOnBlackSite,numberOfRobotsOnWhiteSite
4844,23,13
timeStep,numberOfRobotsOnBlackSite,numberOfRobotsOnWhiteSite
4845,23,13
timeStep,numberOfRobotsOnBlackSite,numberOfRobotsOnWhiteSite
4846,23,13
timeStep,numberOfRobotsOnBlackSite,numberOfRobotsOnWhiteSite
4847,23,13
timeStep,numberOfRobotsOnBlackSite,numberOfRobotsOnWhiteSite
4848,23,13
timeStep,numberOfRobotsOnBlackSite,numberOfRobotsOnWhiteSite
4849,23,13
timeStep,numberOfRobotsOnBlackSite,numberOfRobotsOnWhiteSite
4850,23,13
timeStep,numberOfRobotsOnBlackSite,numberOfRobotsOnWhiteSite
4851,23,13
timeStep,numberOfRobotsOnBlackSite,numberOfRobotsOnWhiteSite
4852,23,13
timeStep,numberOfRobotsOnBlackSite,numberOfRobotsOnWhiteSite
4853,23,13
timeStep,numberOfRobotsOnBlackSite,numberOfRobotsOnWhiteSite
4854,23,13
timeStep,numberOfRobotsOnBlackSite,numberOfRobotsOnWhiteSite
4855,23,13
timeStep,numberOfRobotsOnBlackSite,numberOfRobotsOnWhiteSite
4856,23,13
timeStep,numberOfRobotsOnBlackSite,numberOfRobotsOnWhiteSite
4857,23,13
timeStep,numberOfRobotsOnBlackSite,numberOfRobotsOnWhiteSite
4858,23,13
timeStep,numberOfRobotsOnBlackSite,numberOfRobotsOnWhiteSite
4859,23,13
timeStep,numberOfRobotsOnBlackSite,numberOfRobotsOnWhiteSite
4860,23,14
timeStep,numberOfRobotsOnBlackSite,numberOfRobotsOnWhiteSite
4861,23,14
timeStep,numberOfRobotsOnBlackSite,numberOfRobotsOnWhiteSite
4862,23,14
timeStep,numberOfRobotsOnBlackSite,numberOfRobotsOnWhiteSite
4863,23,14
timeStep,numberOfRobotsOnBlackSite,numberOfRobotsOnWhiteSite
4864,23,14
timeStep,numberOfRobotsOnBlackSite,numberOfRobotsOnWhiteSite
4865,23,14
timeStep,numberOfRobotsOnBlackSite,numberOfRobotsOnWhiteSite
4866,23,14
timeStep,numberOfRobotsOnBlackSite,numberOfRobotsOnWhiteSite
4867,23,14
timeStep,numberOfRobotsOnBlackSite,numberOfRobotsOnWhiteSite
4868,23,14
timeStep,numberOfRobotsOnBlackSite,numberOfRobotsOnWhiteSite
4869,23,14
timeStep,numberOfRobotsOnBlackSite,numberOfRobotsOnWhiteSite
4870,23,14
timeStep,numberOfRobotsOnBlackSite,numberOfRobotsOnWhiteSite
4871,23,14
timeStep,numberOfRobotsOnBlackSite,numberOfRobotsOnWhiteSite
4872,23,14
timeStep,numberOfRobotsOnBlackSite,numberOfRobotsOnWhiteSite
4873,23,14
timeStep,numberOfRobotsOnBlackSite,numberOfRobotsOnWhiteSite
4874,23,14
timeStep,numberOfRobotsOnBlackSite,numberOfRobotsOnWhiteSite
4875,23,14
timeStep,numberOfRobotsOnBlackSite,numberOfRobotsOnWhiteSite
4876,23,14
timeStep,numberOfRobotsOnBlackSite,numberOfRobotsOnWhiteSite
4877,23,14
timeStep,numberOfRobotsOnBlackSite,numberOfRobotsOnWhiteSite
4878,23,14
timeStep,numberOfRobotsOnBlackSite,numberOfRobotsOnWhiteSite
4879,23,14
timeStep,numberOfRobotsOnBlackSite,numberOfRobotsOnWhiteSite
4880,23,14
timeStep,numberOfRobotsOnBlackSite,numberOfRobotsOnWhiteSite
4881,23,14
timeStep,numberOfRobotsOnBlackSite,numberOfRobotsOnWhiteSite
4882,23,14
timeStep,numberOfRobotsOnBlackSite,numberOfRobotsOnWhiteSite
4883,23,14
timeStep,numberOfRobotsOnBlackSite,numberOfRobotsOnWhiteSite
4884,23,14
timeStep,numberOfRobotsOnBlackSite,numberOfRobotsOnWhiteSite
4885,23,14
timeStep,numberOfRobotsOnBlackSite,numberOfRobotsOnWhiteSite
4886,23,14
timeStep,numberOfRobotsOnBlackSite,numberOfRobotsOnWhiteSite
4887,23,14
timeStep,numberOfRobotsOnBlackSite,numberOfRobotsOnWhiteSite
4888,23,14
timeStep,numberOfRobotsOnBlackSite,numberOfRobotsOnWhiteSite
4889,23,14
timeStep,numberOfRobotsOnBlackSite,numberOfRobotsOnWhiteSite
4890,23,14
timeStep,numberOfRobotsOnBlackSite,numberOfRobotsOnWhiteSite
4891,23,14
timeStep,numberOfRobotsOnBlackSite,numberOfRobotsOnWhiteSite
4892,23,14
timeStep,numberOfRobotsOnBlackSite,numberOfRobotsOnWhiteSite
4893,23,14
timeStep,numberOfRobotsOnBlackSite,numberOfRobotsOnWhiteSite
4894,23,14
timeStep,numberOfRobotsOnBlackSite,numberOfRobotsOnWhiteSite
4895,23,14
timeStep,numberOfRobotsOnBlackSite,numberOfRobotsOnWhiteSite
4896,23,14
timeStep,numberOfRobotsOnBlackSite,numberOfRobotsOnWhiteSite
4897,23,14
timeStep,numberOfRobotsOnBlackSite,numberOfRobotsOnWhiteSite
4898,23,14
timeStep,numberOfRobotsOnBlackSite,numberOfRobotsOnWhiteSite
4899,23,14
timeStep,numberOfRobotsOnBlackSite,numberOfRobotsOnWhiteSite
4900,23,14
timeStep,numberOfRobotsOnBlackSite,numberOfRobotsOnWhiteSite
4901,23,14
timeStep,numberOfRobotsOnBlackSite,numberOfRobotsOnWhiteSite
4902,23,14
timeStep,numberOfRobotsOnBlackSite,numberOfRobotsOnWhiteSite
4903,23,14
timeStep,numberOfRobotsOnBlackSite,numberOfRobotsOnWhiteSite
4904,23,14
timeStep,numberOfRobotsOnBlackSite,numberOfRobotsOnWhiteSite
4905,23,14
timeStep,numberOfRobotsOnBlackSite,numberOfRobotsOnWhiteSite
4906,23,14
timeStep,numberOfRobotsOnBlackSite,numberOfRobotsOnWhiteSite
4907,23,14
timeStep,numberOfRobotsOnBlackSite,numberOfRobotsOnWhiteSite
4908,23,14
timeStep,numberOfRobotsOnBlackSite,numberOfRobotsOnWhiteSite
4909,23,14
timeStep,numberOfRobotsOnBlackSite,numberOfRobotsOnWhiteSite
4910,23,15
timeStep,numberOfRobotsOnBlackSite,numberOfRobotsOnWhiteSite
4911,23,15
timeStep,numberOfRobotsOnBlackSite,numberOfRobotsOnWhiteSite
4912,23,15
timeStep,numberOfRobotsOnBlackSite,numberOfRobotsOnWhiteSite
4913,23,15
timeStep,numberOfRobotsOnBlackSite,numberOfRobotsOnWhiteSite
4914,23,15
timeStep,numberOfRobotsOnBlackSite,numberOfRobotsOnWhiteSite
4915,23,15
timeStep,numberOfRobotsOnBlackSite,numberOfRobotsOnWhiteSite
4916,23,15
timeStep,numberOfRobotsOnBlackSite,numberOfRobotsOnWhiteSite
4917,23,15
timeStep,numberOfRobotsOnBlackSite,numberOfRobotsOnWhiteSite
4918,23,15
timeStep,numberOfRobotsOnBlackSite,numberOfRobotsOnWhiteSite
4919,23,15
timeStep,numberOfRobotsOnBlackSite,numberOfRobotsOnWhiteSite
4920,23,15
timeStep,numberOfRobotsOnBlackSite,numberOfRobotsOnWhiteSite
4921,23,15
timeStep,numberOfRobotsOnBlackSite,numberOfRobotsOnWhiteSite
4922,23,15
timeStep,numberOfRobotsOnBlackSite,numberOfRobotsOnWhiteSite
4923,23,15
timeStep,numberOfRobotsOnBlackSite,numberOfRobotsOnWhiteSite
4924,23,15
timeStep,numberOfRobotsOnBlackSite,numberOfRobotsOnWhiteSite
4925,22,15
timeStep,numberOfRobotsOnBlackSite,numberOfRobotsOnWhiteSite
4926,22,15
timeStep,numberOfRobotsOnBlackSite,numberOfRobotsOnWhiteSite
4927,22,15
timeStep,numberOfRobotsOnBlackSite,numberOfRobotsOnWhiteSite
4928,22,15
timeStep,numberOfRobotsOnBlackSite,numberOfRobotsOnWhiteSite
4929,22,15
timeStep,numberOfRobotsOnBlackSite,numberOfRobotsOnWhiteSite
4930,22,15
timeStep,numberOfRobotsOnBlackSite,numberOfRobotsOnWhiteSite
4931,22,15
timeStep,numberOfRobotsOnBlackSite,numberOfRobotsOnWhiteSite
4932,22,15
timeStep,numberOfRobotsOnBlackSite,numberOfRobotsOnWhiteSite
4933,22,15
timeStep,numberOfRobotsOnBlackSite,numberOfRobotsOnWhiteSite
4934,22,15
timeStep,numberOfRobotsOnBlackSite,numberOfRobotsOnWhiteSite
4935,23,15
timeStep,numberOfRobotsOnBlackSite,numberOfRobotsOnWhiteSite
4936,23,15
timeStep,numberOfRobotsOnBlackSite,numberOfRobotsOnWhiteSite
4937,23,15
timeStep,numberOfRobotsOnBlackSite,numberOfRobotsOnWhiteSite
4938,23,15
timeStep,numberOfRobotsOnBlackSite,numberOfRobotsOnWhiteSite
4939,23,15
timeStep,numberOfRobotsOnBlackSite,numberOfRobotsOnWhiteSite
4940,23,15
timeStep,numberOfRobotsOnBlackSite,numberOfRobotsOnWhiteSite
4941,23,15
timeStep,numberOfRobotsOnBlackSite,numberOfRobotsOnWhiteSite
4942,23,15
timeStep,numberOfRobotsOnBlackSite,numberOfRobotsOnWhiteSite
4943,23,15
timeStep,numberOfRobotsOnBlackSite,numberOfRobotsOnWhiteSite
4944,23,15
timeStep,numberOfRobotsOnBlackSite,numberOfRobotsOnWhiteSite
4945,24,15
timeStep,numberOfRobotsOnBlackSite,numberOfRobotsOnWhiteSite
4946,24,15
timeStep,numberOfRobotsOnBlackSite,numberOfRobotsOnWhiteSite
4947,24,15
timeStep,numberOfRobotsOnBlackSite,numberOfRobotsOnWhiteSite
4948,24,15
timeStep,numberOfRobotsOnBlackSite,numberOfRobotsOnWhiteSite
4949,24,15
timeStep,numberOfRobotsOnBlackSite,numberOfRobotsOnWhiteSite
4950,24,15
timeStep,numberOfRobotsOnBlackSite,numberOfRobotsOnWhiteSite
4951,24,15
timeStep,numberOfRobotsOnBlackSite,numberOfRobotsOnWhiteSite
4952,24,15
timeStep,numberOfRobotsOnBlackSite,numberOfRobotsOnWhiteSite
4953,24,15
timeStep,numberOfRobotsOnBlackSite,numberOfRobotsOnWhiteSite
4954,24,15
timeStep,numberOfRobotsOnBlackSite,numberOfRobotsOnWhiteSite
4955,24,15
timeStep,numberOfRobotsOnBlackSite,numberOfRobotsOnWhiteSite
4956,24,15
timeStep,numberOfRobotsOnBlackSite,numberOfRobotsOnWhiteSite
4957,24,15
timeStep,numberOfRobotsOnBlackSite,numberOfRobotsOnWhiteSite
4958,24,15
timeStep,numberOfRobotsOnBlackSite,numberOfRobotsOnWhiteSite
4959,24,15
timeStep,numberOfRobotsOnBlackSite,numberOfRobotsOnWhiteSite
4960,24,15
timeStep,numberOfRobotsOnBlackSite,numberOfRobotsOnWhiteSite
4961,24,15
timeStep,numberOfRobotsOnBlackSite,numberOfRobotsOnWhiteSite
4962,24,15
timeStep,numberOfRobotsOnBlackSite,numberOfRobotsOnWhiteSite
4963,24,15
timeStep,numberOfRobotsOnBlackSite,numberOfRobotsOnWhiteSite
4964,24,15
timeStep,numberOfRobotsOnBlackSite,numberOfRobotsOnWhiteSite
4965,24,15
timeStep,numberOfRobotsOnBlackSite,numberOfRobotsOnWhiteSite
4966,24,15
timeStep,numberOfRobotsOnBlackSite,numberOfRobotsOnWhiteSite
4967,24,15
timeStep,numberOfRobotsOnBlackSite,numberOfRobotsOnWhiteSite
4968,24,15
timeStep,numberOfRobotsOnBlackSite,numberOfRobotsOnWhiteSite
4969,24,15
timeStep,numberOfRobotsOnBlackSite,numberOfRobotsOnWhiteSite
4970,24,15
timeStep,numberOfRobotsOnBlackSite,numberOfRobotsOnWhiteSite
4971,24,15
timeStep,numberOfRobotsOnBlackSite,numberOfRobotsOnWhiteSite
4972,24,15
timeStep,numberOfRobotsOnBlackSite,numberOfRobotsOnWhiteSite
4973,24,15
timeStep,numberOfRobotsOnBlackSite,numberOfRobotsOnWhiteSite
4974,24,15
timeStep,numberOfRobotsOnBlackSite,numberOfRobotsOnWhiteSite
4975,24,14
timeStep,numberOfRobotsOnBlackSite,numberOfRobotsOnWhiteSite
4976,24,14
timeStep,numberOfRobotsOnBlackSite,numberOfRobotsOnWhiteSite
4977,24,14
timeStep,numberOfRobotsOnBlackSite,numberOfRobotsOnWhiteSite
4978,24,14
timeStep,numberOfRobotsOnBlackSite,numberOfRobotsOnWhiteSite
4979,24,14
timeStep,numberOfRobotsOnBlackSite,numberOfRobotsOnWhiteSite
4980,24,14
timeStep,numberOfRobotsOnBlackSite,numberOfRobotsOnWhiteSite
4981,24,14
timeStep,numberOfRobotsOnBlackSite,numberOfRobotsOnWhiteSite
4982,24,14
timeStep,numberOfRobotsOnBlackSite,numberOfRobotsOnWhiteSite
4983,24,14
timeStep,numberOfRobotsOnBlackSite,numberOfRobotsOnWhiteSite
4984,24,14
timeStep,numberOfRobotsOnBlackSite,numberOfRobotsOnWhiteSite
4985,24,14
timeStep,numberOfRobotsOnBlackSite,numberOfRobotsOnWhiteSite
4986,24,14
timeStep,numberOfRobotsOnBlackSite,numberOfRobotsOnWhiteSite
4987,24,14
timeStep,numberOfRobotsOnBlackSite,numberOfRobotsOnWhiteSite
4988,24,14
timeStep,numberOfRobotsOnBlackSite,numberOfRobotsOnWhiteSite
4989,24,14
timeStep,numberOfRobotsOnBlackSite,numberOfRobotsOnWhiteSite
4990,23,15
timeStep,numberOfRobotsOnBlackSite,numberOfRobotsOnWhiteSite
4991,23,15
timeStep,numberOfRobotsOnBlackSite,numberOfRobotsOnWhiteSite
4992,23,15
timeStep,numberOfRobotsOnBlackSite,numberOfRobotsOnWhiteSite
4993,23,15
timeStep,numberOfRobotsOnBlackSite,numberOfRobotsOnWhiteSite
4994,23,15
timeStep,numberOfRobotsOnBlackSite,numberOfRobotsOnWhiteSite
4995,23,15
timeStep,numberOfRobotsOnBlackSite,numberOfRobotsOnWhiteSite
4996,23,15
timeStep,numberOfRobotsOnBlackSite,numberOfRobotsOnWhiteSite
4997,23,15
timeStep,numberOfRobotsOnBlackSite,numberOfRobotsOnWhiteSite
4998,23,15
timeStep,numberOfRobotsOnBlackSite,numberOfRobotsOnWhiteSite
4999,23,15
timeStep,numberOfRobotsOnBlackSite,numberOfRobotsOnWhiteSite
5000,23,16
timeStep,numberOfRobotsOnBlackSite,numberOfRobotsOnWhiteSite
5001,23,16
timeStep,numberOfRobotsOnBlackSite,numberOfRobotsOnWhiteSite
5002,23,16
timeStep,numberOfRobotsOnBlackSite,numberOfRobotsOnWhiteSite
5003,23,16
timeStep,numberOfRobotsOnBlackSite,numberOfRobotsOnWhiteSite
5004,23,16
timeStep,numberOfRobotsOnBlackSite,numberOfRobotsOnWhiteSite
5005,23,15
timeStep,numberOfRobotsOnBlackSite,numberOfRobotsOnWhiteSite
5006,23,15
timeStep,numberOfRobotsOnBlackSite,numberOfRobotsOnWhiteSite
5007,23,15
timeStep,numberOfRobotsOnBlackSite,numberOfRobotsOnWhiteSite
5008,23,15
timeStep,numberOfRobotsOnBlackSite,numberOfRobotsOnWhiteSite
5009,23,15
timeStep,numberOfRobotsOnBlackSite,numberOfRobotsOnWhiteSite
5010,23,15
timeStep,numberOfRobotsOnBlackSite,numberOfRobotsOnWhiteSite
5011,23,15
timeStep,numberOfRobotsOnBlackSite,numberOfRobotsOnWhiteSite
5012,23,15
timeStep,numberOfRobotsOnBlackSite,numberOfRobotsOnWhiteSite
5013,23,15
timeStep,numberOfRobotsOnBlackSite,numberOfRobotsOnWhiteSite
5014,23,15
timeStep,numberOfRobotsOnBlackSite,numberOfRobotsOnWhiteSite
5015,23,15
timeStep,numberOfRobotsOnBlackSite,numberOfRobotsOnWhiteSite
5016,23,15
timeStep,numberOfRobotsOnBlackSite,numberOfRobotsOnWhiteSite
5017,23,15
timeStep,numberOfRobotsOnBlackSite,numberOfRobotsOnWhiteSite
5018,23,15
timeStep,numberOfRobotsOnBlackSite,numberOfRobotsOnWhiteSite
5019,23,15
timeStep,numberOfRobotsOnBlackSite,numberOfRobotsOnWhiteSite
5020,23,15
timeStep,numberOfRobotsOnBlackSite,numberOfRobotsOnWhiteSite
5021,23,15
timeStep,numberOfRobotsOnBlackSite,numberOfRobotsOnWhiteSite
5022,23,15
timeStep,numberOfRobotsOnBlackSite,numberOfRobotsOnWhiteSite
5023,23,15
timeStep,numberOfRobotsOnBlackSite,numberOfRobotsOnWhiteSite
5024,23,15
timeStep,numberOfRobotsOnBlackSite,numberOfRobotsOnWhiteSite
5025,23,15
timeStep,numberOfRobotsOnBlackSite,numberOfRobotsOnWhiteSite
5026,23,15
timeStep,numberOfRobotsOnBlackSite,numberOfRobotsOnWhiteSite
5027,23,15
timeStep,numberOfRobotsOnBlackSite,numberOfRobotsOnWhiteSite
5028,23,15
timeStep,numberOfRobotsOnBlackSite,numberOfRobotsOnWhiteSite
5029,23,15
timeStep,numberOfRobotsOnBlackSite,numberOfRobotsOnWhiteSite
5030,23,14
timeStep,numberOfRobotsOnBlackSite,numberOfRobotsOnWhiteSite
5031,23,14
timeStep,numberOfRobotsOnBlackSite,numberOfRobotsOnWhiteSite
5032,23,14
timeStep,numberOfRobotsOnBlackSite,numberOfRobotsOnWhiteSite
5033,23,14
timeStep,numberOfRobotsOnBlackSite,numberOfRobotsOnWhiteSite
5034,23,14
timeStep,numberOfRobotsOnBlackSite,numberOfRobotsOnWhiteSite
5035,23,15
timeStep,numberOfRobotsOnBlackSite,numberOfRobotsOnWhiteSite
5036,23,15
timeStep,numberOfRobotsOnBlackSite,numberOfRobotsOnWhiteSite
5037,23,15
timeStep,numberOfRobotsOnBlackSite,numberOfRobotsOnWhiteSite
5038,23,15
timeStep,numberOfRobotsOnBlackSite,numberOfRobotsOnWhiteSite
5039,23,15
timeStep,numberOfRobotsOnBlackSite,numberOfRobotsOnWhiteSite
5040,22,15
timeStep,numberOfRobotsOnBlackSite,numberOfRobotsOnWhiteSite
5041,22,15
timeStep,numberOfRobotsOnBlackSite,numberOfRobotsOnWhiteSite
5042,22,15
timeStep,numberOfRobotsOnBlackSite,numberOfRobotsOnWhiteSite
5043,22,15
timeStep,numberOfRobotsOnBlackSite,numberOfRobotsOnWhiteSite
5044,22,15
timeStep,numberOfRobotsOnBlackSite,numberOfRobotsOnWhiteSite
5045,22,15
timeStep,numberOfRobotsOnBlackSite,numberOfRobotsOnWhiteSite
5046,22,15
timeStep,numberOfRobotsOnBlackSite,numberOfRobotsOnWhiteSite
5047,22,15
timeStep,numberOfRobotsOnBlackSite,numberOfRobotsOnWhiteSite
5048,22,15
timeStep,numberOfRobotsOnBlackSite,numberOfRobotsOnWhiteSite
5049,22,15
timeStep,numberOfRobotsOnBlackSite,numberOfRobotsOnWhiteSite
5050,22,15
timeStep,numberOfRobotsOnBlackSite,numberOfRobotsOnWhiteSite
5051,22,15
timeStep,numberOfRobotsOnBlackSite,numberOfRobotsOnWhiteSite
5052,22,15
timeStep,numberOfRobotsOnBlackSite,numberOfRobotsOnWhiteSite
5053,22,15
timeStep,numberOfRobotsOnBlackSite,numberOfRobotsOnWhiteSite
5054,22,15
timeStep,numberOfRobotsOnBlackSite,numberOfRobotsOnWhiteSite
5055,22,15
timeStep,numberOfRobotsOnBlackSite,numberOfRobotsOnWhiteSite
5056,22,15
timeStep,numberOfRobotsOnBlackSite,numberOfRobotsOnWhiteSite
5057,22,15
timeStep,numberOfRobotsOnBlackSite,numberOfRobotsOnWhiteSite
5058,22,15
timeStep,numberOfRobotsOnBlackSite,numberOfRobotsOnWhiteSite
5059,22,15
timeStep,numberOfRobotsOnBlackSite,numberOfRobotsOnWhiteSite
5060,22,15
timeStep,numberOfRobotsOnBlackSite,numberOfRobotsOnWhiteSite
5061,22,15
timeStep,numberOfRobotsOnBlackSite,numberOfRobotsOnWhiteSite
5062,22,15
timeStep,numberOfRobotsOnBlackSite,numberOfRobotsOnWhiteSite
5063,22,15
timeStep,numberOfRobotsOnBlackSite,numberOfRobotsOnWhiteSite
5064,22,15
timeStep,numberOfRobotsOnBlackSite,numberOfRobotsOnWhiteSite
5065,22,14
timeStep,numberOfRobotsOnBlackSite,numberOfRobotsOnWhiteSite
5066,22,14
timeStep,numberOfRobotsOnBlackSite,numberOfRobotsOnWhiteSite
5067,22,14
timeStep,numberOfRobotsOnBlackSite,numberOfRobotsOnWhiteSite
5068,22,14
timeStep,numberOfRobotsOnBlackSite,numberOfRobotsOnWhiteSite
5069,22,14
timeStep,numberOfRobotsOnBlackSite,numberOfRobotsOnWhiteSite
5070,22,14
timeStep,numberOfRobotsOnBlackSite,numberOfRobotsOnWhiteSite
5071,22,14
timeStep,numberOfRobotsOnBlackSite,numberOfRobotsOnWhiteSite
5072,22,14
timeStep,numberOfRobotsOnBlackSite,numberOfRobotsOnWhiteSite
5073,22,14
timeStep,numberOfRobotsOnBlackSite,numberOfRobotsOnWhiteSite
5074,22,14
timeStep,numberOfRobotsOnBlackSite,numberOfRobotsOnWhiteSite
5075,22,14
timeStep,numberOfRobotsOnBlackSite,numberOfRobotsOnWhiteSite
5076,22,14
timeStep,numberOfRobotsOnBlackSite,numberOfRobotsOnWhiteSite
5077,22,14
timeStep,numberOfRobotsOnBlackSite,numberOfRobotsOnWhiteSite
5078,22,14
timeStep,numberOfRobotsOnBlackSite,numberOfRobotsOnWhiteSite
5079,22,14
timeStep,numberOfRobotsOnBlackSite,numberOfRobotsOnWhiteSite
5080,22,14
timeStep,numberOfRobotsOnBlackSite,numberOfRobotsOnWhiteSite
5081,22,14
timeStep,numberOfRobotsOnBlackSite,numberOfRobotsOnWhiteSite
5082,22,14
timeStep,numberOfRobotsOnBlackSite,numberOfRobotsOnWhiteSite
5083,22,14
timeStep,numberOfRobotsOnBlackSite,numberOfRobotsOnWhiteSite
5084,22,14
timeStep,numberOfRobotsOnBlackSite,numberOfRobotsOnWhiteSite
5085,22,14
timeStep,numberOfRobotsOnBlackSite,numberOfRobotsOnWhiteSite
5086,22,14
timeStep,numberOfRobotsOnBlackSite,numberOfRobotsOnWhiteSite
5087,22,14
timeStep,numberOfRobotsOnBlackSite,numberOfRobotsOnWhiteSite
5088,22,14
timeStep,numberOfRobotsOnBlackSite,numberOfRobotsOnWhiteSite
5089,22,14
timeStep,numberOfRobotsOnBlackSite,numberOfRobotsOnWhiteSite
5090,22,14
timeStep,numberOfRobotsOnBlackSite,numberOfRobotsOnWhiteSite
5091,22,14
timeStep,numberOfRobotsOnBlackSite,numberOfRobotsOnWhiteSite
5092,22,14
timeStep,numberOfRobotsOnBlackSite,numberOfRobotsOnWhiteSite
5093,22,14
timeStep,numberOfRobotsOnBlackSite,numberOfRobotsOnWhiteSite
5094,22,14
timeStep,numberOfRobotsOnBlackSite,numberOfRobotsOnWhiteSite
5095,23,14
timeStep,numberOfRobotsOnBlackSite,numberOfRobotsOnWhiteSite
5096,23,14
timeStep,numberOfRobotsOnBlackSite,numberOfRobotsOnWhiteSite
5097,23,14
timeStep,numberOfRobotsOnBlackSite,numberOfRobotsOnWhiteSite
5098,23,14
timeStep,numberOfRobotsOnBlackSite,numberOfRobotsOnWhiteSite
5099,23,14
timeStep,numberOfRobotsOnBlackSite,numberOfRobotsOnWhiteSite
5100,23,14
timeStep,numberOfRobotsOnBlackSite,numberOfRobotsOnWhiteSite
5101,23,14
timeStep,numberOfRobotsOnBlackSite,numberOfRobotsOnWhiteSite
5102,23,14
timeStep,numberOfRobotsOnBlackSite,numberOfRobotsOnWhiteSite
5103,23,14
timeStep,numberOfRobotsOnBlackSite,numberOfRobotsOnWhiteSite
5104,23,14
timeStep,numberOfRobotsOnBlackSite,numberOfRobotsOnWhiteSite
5105,23,14
timeStep,numberOfRobotsOnBlackSite,numberOfRobotsOnWhiteSite
5106,23,14
timeStep,numberOfRobotsOnBlackSite,numberOfRobotsOnWhiteSite
5107,23,14
timeStep,numberOfRobotsOnBlackSite,numberOfRobotsOnWhiteSite
5108,23,14
timeStep,numberOfRobotsOnBlackSite,numberOfRobotsOnWhiteSite
5109,23,14
timeStep,numberOfRobotsOnBlackSite,numberOfRobotsOnWhiteSite
5110,23,14
timeStep,numberOfRobotsOnBlackSite,numberOfRobotsOnWhiteSite
5111,23,14
timeStep,numberOfRobotsOnBlackSite,numberOfRobotsOnWhiteSite
5112,23,14
timeStep,numberOfRobotsOnBlackSite,numberOfRobotsOnWhiteSite
5113,23,14
timeStep,numberOfRobotsOnBlackSite,numberOfRobotsOnWhiteSite
5114,23,14
timeStep,numberOfRobotsOnBlackSite,numberOfRobotsOnWhiteSite
5115,23,14
timeStep,numberOfRobotsOnBlackSite,numberOfRobotsOnWhiteSite
5116,23,14
timeStep,numberOfRobotsOnBlackSite,numberOfRobotsOnWhiteSite
5117,23,14
timeStep,numberOfRobotsOnBlackSite,numberOfRobotsOnWhiteSite
5118,23,14
timeStep,numberOfRobotsOnBlackSite,numberOfRobotsOnWhiteSite
5119,23,14
timeStep,numberOfRobotsOnBlackSite,numberOfRobotsOnWhiteSite
5120,23,14
timeStep,numberOfRobotsOnBlackSite,numberOfRobotsOnWhiteSite
5121,23,14
timeStep,numberOfRobotsOnBlackSite,numberOfRobotsOnWhiteSite
5122,23,14
timeStep,numberOfRobotsOnBlackSite,numberOfRobotsOnWhiteSite
5123,23,14
timeStep,numberOfRobotsOnBlackSite,numberOfRobotsOnWhiteSite
5124,23,14
timeStep,numberOfRobotsOnBlackSite,numberOfRobotsOnWhiteSite
5125,23,14
timeStep,numberOfRobotsOnBlackSite,numberOfRobotsOnWhiteSite
5126,23,14
timeStep,numberOfRobotsOnBlackSite,numberOfRobotsOnWhiteSite
5127,23,14
timeStep,numberOfRobotsOnBlackSite,numberOfRobotsOnWhiteSite
5128,23,14
timeStep,numberOfRobotsOnBlackSite,numberOfRobotsOnWhiteSite
5129,23,14
timeStep,numberOfRobotsOnBlackSite,numberOfRobotsOnWhiteSite
5130,23,14
timeStep,numberOfRobotsOnBlackSite,numberOfRobotsOnWhiteSite
5131,23,14
timeStep,numberOfRobotsOnBlackSite,numberOfRobotsOnWhiteSite
5132,23,14
timeStep,numberOfRobotsOnBlackSite,numberOfRobotsOnWhiteSite
5133,23,14
timeStep,numberOfRobotsOnBlackSite,numberOfRobotsOnWhiteSite
5134,23,14
timeStep,numberOfRobotsOnBlackSite,numberOfRobotsOnWhiteSite
5135,24,14
timeStep,numberOfRobotsOnBlackSite,numberOfRobotsOnWhiteSite
5136,24,14
timeStep,numberOfRobotsOnBlackSite,numberOfRobotsOnWhiteSite
5137,24,14
timeStep,numberOfRobotsOnBlackSite,numberOfRobotsOnWhiteSite
5138,24,14
timeStep,numberOfRobotsOnBlackSite,numberOfRobotsOnWhiteSite
5139,24,14
timeStep,numberOfRobotsOnBlackSite,numberOfRobotsOnWhiteSite
5140,24,14
timeStep,numberOfRobotsOnBlackSite,numberOfRobotsOnWhiteSite
5141,24,14
timeStep,numberOfRobotsOnBlackSite,numberOfRobotsOnWhiteSite
5142,24,14
timeStep,numberOfRobotsOnBlackSite,numberOfRobotsOnWhiteSite
5143,24,14
timeStep,numberOfRobotsOnBlackSite,numberOfRobotsOnWhiteSite
5144,24,14
timeStep,numberOfRobotsOnBlackSite,numberOfRobotsOnWhiteSite
5145,24,14
timeStep,numberOfRobotsOnBlackSite,numberOfRobotsOnWhiteSite
5146,24,14
timeStep,numberOfRobotsOnBlackSite,numberOfRobotsOnWhiteSite
5147,24,14
timeStep,numberOfRobotsOnBlackSite,numberOfRobotsOnWhiteSite
5148,24,14
timeStep,numberOfRobotsOnBlackSite,numberOfRobotsOnWhiteSite
5149,24,14
timeStep,numberOfRobotsOnBlackSite,numberOfRobotsOnWhiteSite
5150,24,14
timeStep,numberOfRobotsOnBlackSite,numberOfRobotsOnWhiteSite
5151,24,14
timeStep,numberOfRobotsOnBlackSite,numberOfRobotsOnWhiteSite
5152,24,14
timeStep,numberOfRobotsOnBlackSite,numberOfRobotsOnWhiteSite
5153,24,14
timeStep,numberOfRobotsOnBlackSite,numberOfRobotsOnWhiteSite
5154,24,14
timeStep,numberOfRobotsOnBlackSite,numberOfRobotsOnWhiteSite
5155,25,14
timeStep,numberOfRobotsOnBlackSite,numberOfRobotsOnWhiteSite
5156,25,14
timeStep,numberOfRobotsOnBlackSite,numberOfRobotsOnWhiteSite
5157,25,14
timeStep,numberOfRobotsOnBlackSite,numberOfRobotsOnWhiteSite
5158,25,14
timeStep,numberOfRobotsOnBlackSite,numberOfRobotsOnWhiteSite
5159,25,14
timeStep,numberOfRobotsOnBlackSite,numberOfRobotsOnWhiteSite
5160,25,14
timeStep,numberOfRobotsOnBlackSite,numberOfRobotsOnWhiteSite
5161,25,14
timeStep,numberOfRobotsOnBlackSite,numberOfRobotsOnWhiteSite
5162,25,14
timeStep,numberOfRobotsOnBlackSite,numberOfRobotsOnWhiteSite
5163,25,14
timeStep,numberOfRobotsOnBlackSite,numberOfRobotsOnWhiteSite
5164,25,14
timeStep,numberOfRobotsOnBlackSite,numberOfRobotsOnWhiteSite
5165,24,14
timeStep,numberOfRobotsOnBlackSite,numberOfRobotsOnWhiteSite
5166,24,14
timeStep,numberOfRobotsOnBlackSite,numberOfRobotsOnWhiteSite
5167,24,14
timeStep,numberOfRobotsOnBlackSite,numberOfRobotsOnWhiteSite
5168,24,14
timeStep,numberOfRobotsOnBlackSite,numberOfRobotsOnWhiteSite
5169,24,14
timeStep,numberOfRobotsOnBlackSite,numberOfRobotsOnWhiteSite
5170,24,14
timeStep,numberOfRobotsOnBlackSite,numberOfRobotsOnWhiteSite
5171,24,14
timeStep,numberOfRobotsOnBlackSite,numberOfRobotsOnWhiteSite
5172,24,14
timeStep,numberOfRobotsOnBlackSite,numberOfRobotsOnWhiteSite
5173,24,14
timeStep,numberOfRobotsOnBlackSite,numberOfRobotsOnWhiteSite
5174,24,14
timeStep,numberOfRobotsOnBlackSite,numberOfRobotsOnWhiteSite
5175,24,14
timeStep,numberOfRobotsOnBlackSite,numberOfRobotsOnWhiteSite
5176,24,14
timeStep,numberOfRobotsOnBlackSite,numberOfRobotsOnWhiteSite
5177,24,14
timeStep,numberOfRobotsOnBlackSite,numberOfRobotsOnWhiteSite
5178,24,14
timeStep,numberOfRobotsOnBlackSite,numberOfRobotsOnWhiteSite
5179,24,14
timeStep,numberOfRobotsOnBlackSite,numberOfRobotsOnWhiteSite
5180,24,14
timeStep,numberOfRobotsOnBlackSite,numberOfRobotsOnWhiteSite
5181,24,14
timeStep,numberOfRobotsOnBlackSite,numberOfRobotsOnWhiteSite
5182,24,14
timeStep,numberOfRobotsOnBlackSite,numberOfRobotsOnWhiteSite
5183,24,14
timeStep,numberOfRobotsOnBlackSite,numberOfRobotsOnWhiteSite
5184,24,14
timeStep,numberOfRobotsOnBlackSite,numberOfRobotsOnWhiteSite
5185,24,14
timeStep,numberOfRobotsOnBlackSite,numberOfRobotsOnWhiteSite
5186,24,14
timeStep,numberOfRobotsOnBlackSite,numberOfRobotsOnWhiteSite
5187,24,14
timeStep,numberOfRobotsOnBlackSite,numberOfRobotsOnWhiteSite
5188,24,14
timeStep,numberOfRobotsOnBlackSite,numberOfRobotsOnWhiteSite
5189,24,14
timeStep,numberOfRobotsOnBlackSite,numberOfRobotsOnWhiteSite
5190,24,14
timeStep,numberOfRobotsOnBlackSite,numberOfRobotsOnWhiteSite
5191,24,14
timeStep,numberOfRobotsOnBlackSite,numberOfRobotsOnWhiteSite
5192,24,14
timeStep,numberOfRobotsOnBlackSite,numberOfRobotsOnWhiteSite
5193,24,14
timeStep,numberOfRobotsOnBlackSite,numberOfRobotsOnWhiteSite
5194,24,14
timeStep,numberOfRobotsOnBlackSite,numberOfRobotsOnWhiteSite
5195,24,14
timeStep,numberOfRobotsOnBlackSite,numberOfRobotsOnWhiteSite
5196,24,14
timeStep,numberOfRobotsOnBlackSite,numberOfRobotsOnWhiteSite
5197,24,14
timeStep,numberOfRobotsOnBlackSite,numberOfRobotsOnWhiteSite
5198,24,14
timeStep,numberOfRobotsOnBlackSite,numberOfRobotsOnWhiteSite
5199,24,14
timeStep,numberOfRobotsOnBlackSite,numberOfRobotsOnWhiteSite
5200,24,14
timeStep,numberOfRobotsOnBlackSite,numberOfRobotsOnWhiteSite
5201,24,14
timeStep,numberOfRobotsOnBlackSite,numberOfRobotsOnWhiteSite
5202,24,14
timeStep,numberOfRobotsOnBlackSite,numberOfRobotsOnWhiteSite
5203,24,14
timeStep,numberOfRobotsOnBlackSite,numberOfRobotsOnWhiteSite
5204,24,14
timeStep,numberOfRobotsOnBlackSite,numberOfRobotsOnWhiteSite
5205,24,14
timeStep,numberOfRobotsOnBlackSite,numberOfRobotsOnWhiteSite
5206,24,14
timeStep,numberOfRobotsOnBlackSite,numberOfRobotsOnWhiteSite
5207,24,14
timeStep,numberOfRobotsOnBlackSite,numberOfRobotsOnWhiteSite
5208,24,14
timeStep,numberOfRobotsOnBlackSite,numberOfRobotsOnWhiteSite
5209,24,14
timeStep,numberOfRobotsOnBlackSite,numberOfRobotsOnWhiteSite
5210,24,14
timeStep,numberOfRobotsOnBlackSite,numberOfRobotsOnWhiteSite
5211,24,14
timeStep,numberOfRobotsOnBlackSite,numberOfRobotsOnWhiteSite
5212,24,14
timeStep,numberOfRobotsOnBlackSite,numberOfRobotsOnWhiteSite
5213,24,14
timeStep,numberOfRobotsOnBlackSite,numberOfRobotsOnWhiteSite
5214,24,14
timeStep,numberOfRobotsOnBlackSite,numberOfRobotsOnWhiteSite
5215,24,14
timeStep,numberOfRobotsOnBlackSite,numberOfRobotsOnWhiteSite
5216,24,14
timeStep,numberOfRobotsOnBlackSite,numberOfRobotsOnWhiteSite
5217,24,14
timeStep,numberOfRobotsOnBlackSite,numberOfRobotsOnWhiteSite
5218,24,14
timeStep,numberOfRobotsOnBlackSite,numberOfRobotsOnWhiteSite
5219,24,14
timeStep,numberOfRobotsOnBlackSite,numberOfRobotsOnWhiteSite
5220,24,14
timeStep,numberOfRobotsOnBlackSite,numberOfRobotsOnWhiteSite
5221,24,14
timeStep,numberOfRobotsOnBlackSite,numberOfRobotsOnWhiteSite
5222,24,14
timeStep,numberOfRobotsOnBlackSite,numberOfRobotsOnWhiteSite
5223,24,14
timeStep,numberOfRobotsOnBlackSite,numberOfRobotsOnWhiteSite
5224,24,14
timeStep,numberOfRobotsOnBlackSite,numberOfRobotsOnWhiteSite
5225,24,14
timeStep,numberOfRobotsOnBlackSite,numberOfRobotsOnWhiteSite
5226,24,14
timeStep,numberOfRobotsOnBlackSite,numberOfRobotsOnWhiteSite
5227,24,14
timeStep,numberOfRobotsOnBlackSite,numberOfRobotsOnWhiteSite
5228,24,14
timeStep,numberOfRobotsOnBlackSite,numberOfRobotsOnWhiteSite
5229,24,14
timeStep,numberOfRobotsOnBlackSite,numberOfRobotsOnWhiteSite
5230,24,14
timeStep,numberOfRobotsOnBlackSite,numberOfRobotsOnWhiteSite
5231,24,14
timeStep,numberOfRobotsOnBlackSite,numberOfRobotsOnWhiteSite
5232,24,14
timeStep,numberOfRobotsOnBlackSite,numberOfRobotsOnWhiteSite
5233,24,14
timeStep,numberOfRobotsOnBlackSite,numberOfRobotsOnWhiteSite
5234,24,14
timeStep,numberOfRobotsOnBlackSite,numberOfRobotsOnWhiteSite
5235,24,15
timeStep,numberOfRobotsOnBlackSite,numberOfRobotsOnWhiteSite
5236,24,15
timeStep,numberOfRobotsOnBlackSite,numberOfRobotsOnWhiteSite
5237,24,15
timeStep,numberOfRobotsOnBlackSite,numberOfRobotsOnWhiteSite
5238,24,15
timeStep,numberOfRobotsOnBlackSite,numberOfRobotsOnWhiteSite
5239,24,15
timeStep,numberOfRobotsOnBlackSite,numberOfRobotsOnWhiteSite
5240,24,15
timeStep,numberOfRobotsOnBlackSite,numberOfRobotsOnWhiteSite
5241,24,15
timeStep,numberOfRobotsOnBlackSite,numberOfRobotsOnWhiteSite
5242,24,15
timeStep,numberOfRobotsOnBlackSite,numberOfRobotsOnWhiteSite
5243,24,15
timeStep,numberOfRobotsOnBlackSite,numberOfRobotsOnWhiteSite
5244,24,15
timeStep,numberOfRobotsOnBlackSite,numberOfRobotsOnWhiteSite
5245,24,15
timeStep,numberOfRobotsOnBlackSite,numberOfRobotsOnWhiteSite
5246,24,15
timeStep,numberOfRobotsOnBlackSite,numberOfRobotsOnWhiteSite
5247,24,15
timeStep,numberOfRobotsOnBlackSite,numberOfRobotsOnWhiteSite
5248,24,15
timeStep,numberOfRobotsOnBlackSite,numberOfRobotsOnWhiteSite
5249,24,15
timeStep,numberOfRobotsOnBlackSite,numberOfRobotsOnWhiteSite
5250,24,15
timeStep,numberOfRobotsOnBlackSite,numberOfRobotsOnWhiteSite
5251,24,15
timeStep,numberOfRobotsOnBlackSite,numberOfRobotsOnWhiteSite
5252,24,15
timeStep,numberOfRobotsOnBlackSite,numberOfRobotsOnWhiteSite
5253,24,15
timeStep,numberOfRobotsOnBlackSite,numberOfRobotsOnWhiteSite
5254,24,15
timeStep,numberOfRobotsOnBlackSite,numberOfRobotsOnWhiteSite
5255,24,15
timeStep,numberOfRobotsOnBlackSite,numberOfRobotsOnWhiteSite
5256,24,15
timeStep,numberOfRobotsOnBlackSite,numberOfRobotsOnWhiteSite
5257,24,15
timeStep,numberOfRobotsOnBlackSite,numberOfRobotsOnWhiteSite
5258,24,15
timeStep,numberOfRobotsOnBlackSite,numberOfRobotsOnWhiteSite
5259,24,15
timeStep,numberOfRobotsOnBlackSite,numberOfRobotsOnWhiteSite
5260,24,15
timeStep,numberOfRobotsOnBlackSite,numberOfRobotsOnWhiteSite
5261,24,15
timeStep,numberOfRobotsOnBlackSite,numberOfRobotsOnWhiteSite
5262,24,15
timeStep,numberOfRobotsOnBlackSite,numberOfRobotsOnWhiteSite
5263,24,15
timeStep,numberOfRobotsOnBlackSite,numberOfRobotsOnWhiteSite
5264,24,15
timeStep,numberOfRobotsOnBlackSite,numberOfRobotsOnWhiteSite
5265,24,15
timeStep,numberOfRobotsOnBlackSite,numberOfRobotsOnWhiteSite
5266,24,15
timeStep,numberOfRobotsOnBlackSite,numberOfRobotsOnWhiteSite
5267,24,15
timeStep,numberOfRobotsOnBlackSite,numberOfRobotsOnWhiteSite
5268,24,15
timeStep,numberOfRobotsOnBlackSite,numberOfRobotsOnWhiteSite
5269,24,15
timeStep,numberOfRobotsOnBlackSite,numberOfRobotsOnWhiteSite
5270,24,16
timeStep,numberOfRobotsOnBlackSite,numberOfRobotsOnWhiteSite
5271,24,16
timeStep,numberOfRobotsOnBlackSite,numberOfRobotsOnWhiteSite
5272,24,16
timeStep,numberOfRobotsOnBlackSite,numberOfRobotsOnWhiteSite
5273,24,16
timeStep,numberOfRobotsOnBlackSite,numberOfRobotsOnWhiteSite
5274,24,16
timeStep,numberOfRobotsOnBlackSite,numberOfRobotsOnWhiteSite
5275,24,16
timeStep,numberOfRobotsOnBlackSite,numberOfRobotsOnWhiteSite
5276,24,16
timeStep,numberOfRobotsOnBlackSite,numberOfRobotsOnWhiteSite
5277,24,16
timeStep,numberOfRobotsOnBlackSite,numberOfRobotsOnWhiteSite
5278,24,16
timeStep,numberOfRobotsOnBlackSite,numberOfRobotsOnWhiteSite
5279,24,16
timeStep,numberOfRobotsOnBlackSite,numberOfRobotsOnWhiteSite
5280,24,16
timeStep,numberOfRobotsOnBlackSite,numberOfRobotsOnWhiteSite
5281,24,16
timeStep,numberOfRobotsOnBlackSite,numberOfRobotsOnWhiteSite
5282,24,16
timeStep,numberOfRobotsOnBlackSite,numberOfRobotsOnWhiteSite
5283,24,16
timeStep,numberOfRobotsOnBlackSite,numberOfRobotsOnWhiteSite
5284,24,16
timeStep,numberOfRobotsOnBlackSite,numberOfRobotsOnWhiteSite
5285,24,15
timeStep,numberOfRobotsOnBlackSite,numberOfRobotsOnWhiteSite
5286,24,15
timeStep,numberOfRobotsOnBlackSite,numberOfRobotsOnWhiteSite
5287,24,15
timeStep,numberOfRobotsOnBlackSite,numberOfRobotsOnWhiteSite
5288,24,15
timeStep,numberOfRobotsOnBlackSite,numberOfRobotsOnWhiteSite
5289,24,15
timeStep,numberOfRobotsOnBlackSite,numberOfRobotsOnWhiteSite
5290,24,15
timeStep,numberOfRobotsOnBlackSite,numberOfRobotsOnWhiteSite
5291,24,15
timeStep,numberOfRobotsOnBlackSite,numberOfRobotsOnWhiteSite
5292,24,15
timeStep,numberOfRobotsOnBlackSite,numberOfRobotsOnWhiteSite
5293,24,15
timeStep,numberOfRobotsOnBlackSite,numberOfRobotsOnWhiteSite
5294,24,15
timeStep,numberOfRobotsOnBlackSite,numberOfRobotsOnWhiteSite
5295,24,15
timeStep,numberOfRobotsOnBlackSite,numberOfRobotsOnWhiteSite
5296,24,15
timeStep,numberOfRobotsOnBlackSite,numberOfRobotsOnWhiteSite
5297,24,15
timeStep,numberOfRobotsOnBlackSite,numberOfRobotsOnWhiteSite
5298,24,15
timeStep,numberOfRobotsOnBlackSite,numberOfRobotsOnWhiteSite
5299,24,15
timeStep,numberOfRobotsOnBlackSite,numberOfRobotsOnWhiteSite
5300,24,15
timeStep,numberOfRobotsOnBlackSite,numberOfRobotsOnWhiteSite
5301,24,15
timeStep,numberOfRobotsOnBlackSite,numberOfRobotsOnWhiteSite
5302,24,15
timeStep,numberOfRobotsOnBlackSite,numberOfRobotsOnWhiteSite
5303,24,15
timeStep,numberOfRobotsOnBlackSite,numberOfRobotsOnWhiteSite
5304,24,15
timeStep,numberOfRobotsOnBlackSite,numberOfRobotsOnWhiteSite
5305,23,15
timeStep,numberOfRobotsOnBlackSite,numberOfRobotsOnWhiteSite
5306,23,15
timeStep,numberOfRobotsOnBlackSite,numberOfRobotsOnWhiteSite
5307,23,15
timeStep,numberOfRobotsOnBlackSite,numberOfRobotsOnWhiteSite
5308,23,15
timeStep,numberOfRobotsOnBlackSite,numberOfRobotsOnWhiteSite
5309,23,15
timeStep,numberOfRobotsOnBlackSite,numberOfRobotsOnWhiteSite
5310,23,15
timeStep,numberOfRobotsOnBlackSite,numberOfRobotsOnWhiteSite
5311,23,15
timeStep,numberOfRobotsOnBlackSite,numberOfRobotsOnWhiteSite
5312,23,15
timeStep,numberOfRobotsOnBlackSite,numberOfRobotsOnWhiteSite
5313,23,15
timeStep,numberOfRobotsOnBlackSite,numberOfRobotsOnWhiteSite
5314,23,15
timeStep,numberOfRobotsOnBlackSite,numberOfRobotsOnWhiteSite
5315,23,15
timeStep,numberOfRobotsOnBlackSite,numberOfRobotsOnWhiteSite
5316,23,15
timeStep,numberOfRobotsOnBlackSite,numberOfRobotsOnWhiteSite
5317,23,15
timeStep,numberOfRobotsOnBlackSite,numberOfRobotsOnWhiteSite
5318,23,15
timeStep,numberOfRobotsOnBlackSite,numberOfRobotsOnWhiteSite
5319,23,15
timeStep,numberOfRobotsOnBlackSite,numberOfRobotsOnWhiteSite
5320,23,15
timeStep,numberOfRobotsOnBlackSite,numberOfRobotsOnWhiteSite
5321,23,15
timeStep,numberOfRobotsOnBlackSite,numberOfRobotsOnWhiteSite
5322,23,15
timeStep,numberOfRobotsOnBlackSite,numberOfRobotsOnWhiteSite
5323,23,15
timeStep,numberOfRobotsOnBlackSite,numberOfRobotsOnWhiteSite
5324,23,15
timeStep,numberOfRobotsOnBlackSite,numberOfRobotsOnWhiteSite
5325,23,15
timeStep,numberOfRobotsOnBlackSite,numberOfRobotsOnWhiteSite
5326,23,15
timeStep,numberOfRobotsOnBlackSite,numberOfRobotsOnWhiteSite
5327,23,15
timeStep,numberOfRobotsOnBlackSite,numberOfRobotsOnWhiteSite
5328,23,15
timeStep,numberOfRobotsOnBlackSite,numberOfRobotsOnWhiteSite
5329,23,15
timeStep,numberOfRobotsOnBlackSite,numberOfRobotsOnWhiteSite
5330,23,15
timeStep,numberOfRobotsOnBlackSite,numberOfRobotsOnWhiteSite
5331,23,15
timeStep,numberOfRobotsOnBlackSite,numberOfRobotsOnWhiteSite
5332,23,15
timeStep,numberOfRobotsOnBlackSite,numberOfRobotsOnWhiteSite
5333,23,15
timeStep,numberOfRobotsOnBlackSite,numberOfRobotsOnWhiteSite
5334,23,15
timeStep,numberOfRobotsOnBlackSite,numberOfRobotsOnWhiteSite
5335,23,14
timeStep,numberOfRobotsOnBlackSite,numberOfRobotsOnWhiteSite
5336,23,14
timeStep,numberOfRobotsOnBlackSite,numberOfRobotsOnWhiteSite
5337,23,14
timeStep,numberOfRobotsOnBlackSite,numberOfRobotsOnWhiteSite
5338,23,14
timeStep,numberOfRobotsOnBlackSite,numberOfRobotsOnWhiteSite
5339,23,14
timeStep,numberOfRobotsOnBlackSite,numberOfRobotsOnWhiteSite
5340,23,14
timeStep,numberOfRobotsOnBlackSite,numberOfRobotsOnWhiteSite
5341,23,14
timeStep,numberOfRobotsOnBlackSite,numberOfRobotsOnWhiteSite
5342,23,14
timeStep,numberOfRobotsOnBlackSite,numberOfRobotsOnWhiteSite
5343,23,14
timeStep,numberOfRobotsOnBlackSite,numberOfRobotsOnWhiteSite
5344,23,14
timeStep,numberOfRobotsOnBlackSite,numberOfRobotsOnWhiteSite
5345,23,14
timeStep,numberOfRobotsOnBlackSite,numberOfRobotsOnWhiteSite
5346,23,14
timeStep,numberOfRobotsOnBlackSite,numberOfRobotsOnWhiteSite
5347,23,14
timeStep,numberOfRobotsOnBlackSite,numberOfRobotsOnWhiteSite
5348,23,14
timeStep,numberOfRobotsOnBlackSite,numberOfRobotsOnWhiteSite
5349,23,14
timeStep,numberOfRobotsOnBlackSite,numberOfRobotsOnWhiteSite
5350,23,14
timeStep,numberOfRobotsOnBlackSite,numberOfRobotsOnWhiteSite
5351,23,14
timeStep,numberOfRobotsOnBlackSite,numberOfRobotsOnWhiteSite
5352,23,14
timeStep,numberOfRobotsOnBlackSite,numberOfRobotsOnWhiteSite
5353,23,14
timeStep,numberOfRobotsOnBlackSite,numberOfRobotsOnWhiteSite
5354,23,14
timeStep,numberOfRobotsOnBlackSite,numberOfRobotsOnWhiteSite
5355,23,14
timeStep,numberOfRobotsOnBlackSite,numberOfRobotsOnWhiteSite
5356,23,14
timeStep,numberOfRobotsOnBlackSite,numberOfRobotsOnWhiteSite
5357,23,14
timeStep,numberOfRobotsOnBlackSite,numberOfRobotsOnWhiteSite
5358,23,14
timeStep,numberOfRobotsOnBlackSite,numberOfRobotsOnWhiteSite
5359,23,14
timeStep,numberOfRobotsOnBlackSite,numberOfRobotsOnWhiteSite
5360,23,14
timeStep,numberOfRobotsOnBlackSite,numberOfRobotsOnWhiteSite
5361,23,14
timeStep,numberOfRobotsOnBlackSite,numberOfRobotsOnWhiteSite
5362,23,14
timeStep,numberOfRobotsOnBlackSite,numberOfRobotsOnWhiteSite
5363,23,14
timeStep,numberOfRobotsOnBlackSite,numberOfRobotsOnWhiteSite
5364,23,14
timeStep,numberOfRobotsOnBlackSite,numberOfRobotsOnWhiteSite
5365,23,14
timeStep,numberOfRobotsOnBlackSite,numberOfRobotsOnWhiteSite
5366,23,14
timeStep,numberOfRobotsOnBlackSite,numberOfRobotsOnWhiteSite
5367,23,14
timeStep,numberOfRobotsOnBlackSite,numberOfRobotsOnWhiteSite
5368,23,14
timeStep,numberOfRobotsOnBlackSite,numberOfRobotsOnWhiteSite
5369,23,14
timeStep,numberOfRobotsOnBlackSite,numberOfRobotsOnWhiteSite
5370,22,16
timeStep,numberOfRobotsOnBlackSite,numberOfRobotsOnWhiteSite
5371,22,16
timeStep,numberOfRobotsOnBlackSite,numberOfRobotsOnWhiteSite
5372,22,16
timeStep,numberOfRobotsOnBlackSite,numberOfRobotsOnWhiteSite
5373,22,16
timeStep,numberOfRobotsOnBlackSite,numberOfRobotsOnWhiteSite
5374,22,16
timeStep,numberOfRobotsOnBlackSite,numberOfRobotsOnWhiteSite
5375,22,16
timeStep,numberOfRobotsOnBlackSite,numberOfRobotsOnWhiteSite
5376,22,16
timeStep,numberOfRobotsOnBlackSite,numberOfRobotsOnWhiteSite
5377,22,16
timeStep,numberOfRobotsOnBlackSite,numberOfRobotsOnWhiteSite
5378,22,16
timeStep,numberOfRobotsOnBlackSite,numberOfRobotsOnWhiteSite
5379,22,16
timeStep,numberOfRobotsOnBlackSite,numberOfRobotsOnWhiteSite
5380,22,16
timeStep,numberOfRobotsOnBlackSite,numberOfRobotsOnWhiteSite
5381,22,16
timeStep,numberOfRobotsOnBlackSite,numberOfRobotsOnWhiteSite
5382,22,16
timeStep,numberOfRobotsOnBlackSite,numberOfRobotsOnWhiteSite
5383,22,16
timeStep,numberOfRobotsOnBlackSite,numberOfRobotsOnWhiteSite
5384,22,16
timeStep,numberOfRobotsOnBlackSite,numberOfRobotsOnWhiteSite
5385,21,16
timeStep,numberOfRobotsOnBlackSite,numberOfRobotsOnWhiteSite
5386,21,16
timeStep,numberOfRobotsOnBlackSite,numberOfRobotsOnWhiteSite
5387,21,16
timeStep,numberOfRobotsOnBlackSite,numberOfRobotsOnWhiteSite
5388,21,16
timeStep,numberOfRobotsOnBlackSite,numberOfRobotsOnWhiteSite
5389,21,16
timeStep,numberOfRobotsOnBlackSite,numberOfRobotsOnWhiteSite
5390,21,16
timeStep,numberOfRobotsOnBlackSite,numberOfRobotsOnWhiteSite
5391,21,16
timeStep,numberOfRobotsOnBlackSite,numberOfRobotsOnWhiteSite
5392,21,16
timeStep,numberOfRobotsOnBlackSite,numberOfRobotsOnWhiteSite
5393,21,16
timeStep,numberOfRobotsOnBlackSite,numberOfRobotsOnWhiteSite
5394,21,16
timeStep,numberOfRobotsOnBlackSite,numberOfRobotsOnWhiteSite
5395,21,16
timeStep,numberOfRobotsOnBlackSite,numberOfRobotsOnWhiteSite
5396,21,16
timeStep,numberOfRobotsOnBlackSite,numberOfRobotsOnWhiteSite
5397,21,16
timeStep,numberOfRobotsOnBlackSite,numberOfRobotsOnWhiteSite
5398,21,16
timeStep,numberOfRobotsOnBlackSite,numberOfRobotsOnWhiteSite
5399,21,16
timeStep,numberOfRobotsOnBlackSite,numberOfRobotsOnWhiteSite
5400,21,16
timeStep,numberOfRobotsOnBlackSite,numberOfRobotsOnWhiteSite
5401,21,16
timeStep,numberOfRobotsOnBlackSite,numberOfRobotsOnWhiteSite
5402,21,16
timeStep,numberOfRobotsOnBlackSite,numberOfRobotsOnWhiteSite
5403,21,16
timeStep,numberOfRobotsOnBlackSite,numberOfRobotsOnWhiteSite
5404,21,16
timeStep,numberOfRobotsOnBlackSite,numberOfRobotsOnWhiteSite
5405,21,16
timeStep,numberOfRobotsOnBlackSite,numberOfRobotsOnWhiteSite
5406,21,16
timeStep,numberOfRobotsOnBlackSite,numberOfRobotsOnWhiteSite
5407,21,16
timeStep,numberOfRobotsOnBlackSite,numberOfRobotsOnWhiteSite
5408,21,16
timeStep,numberOfRobotsOnBlackSite,numberOfRobotsOnWhiteSite
5409,21,16
timeStep,numberOfRobotsOnBlackSite,numberOfRobotsOnWhiteSite
5410,21,16
timeStep,numberOfRobotsOnBlackSite,numberOfRobotsOnWhiteSite
5411,21,16
timeStep,numberOfRobotsOnBlackSite,numberOfRobotsOnWhiteSite
5412,21,16
timeStep,numberOfRobotsOnBlackSite,numberOfRobotsOnWhiteSite
5413,21,16
timeStep,numberOfRobotsOnBlackSite,numberOfRobotsOnWhiteSite
5414,21,16
timeStep,numberOfRobotsOnBlackSite,numberOfRobotsOnWhiteSite
5415,21,16
timeStep,numberOfRobotsOnBlackSite,numberOfRobotsOnWhiteSite
5416,21,16
timeStep,numberOfRobotsOnBlackSite,numberOfRobotsOnWhiteSite
5417,21,16
timeStep,numberOfRobotsOnBlackSite,numberOfRobotsOnWhiteSite
5418,21,16
timeStep,numberOfRobotsOnBlackSite,numberOfRobotsOnWhiteSite
5419,21,16
timeStep,numberOfRobotsOnBlackSite,numberOfRobotsOnWhiteSite
5420,21,16
timeStep,numberOfRobotsOnBlackSite,numberOfRobotsOnWhiteSite
5421,21,16
timeStep,numberOfRobotsOnBlackSite,numberOfRobotsOnWhiteSite
5422,21,16
timeStep,numberOfRobotsOnBlackSite,numberOfRobotsOnWhiteSite
5423,21,16
timeStep,numberOfRobotsOnBlackSite,numberOfRobotsOnWhiteSite
5424,21,16
timeStep,numberOfRobotsOnBlackSite,numberOfRobotsOnWhiteSite
5425,21,16
timeStep,numberOfRobotsOnBlackSite,numberOfRobotsOnWhiteSite
5426,21,16
timeStep,numberOfRobotsOnBlackSite,numberOfRobotsOnWhiteSite
5427,21,16
timeStep,numberOfRobotsOnBlackSite,numberOfRobotsOnWhiteSite
5428,21,16
timeStep,numberOfRobotsOnBlackSite,numberOfRobotsOnWhiteSite
5429,21,16
timeStep,numberOfRobotsOnBlackSite,numberOfRobotsOnWhiteSite
5430,21,15
timeStep,numberOfRobotsOnBlackSite,numberOfRobotsOnWhiteSite
5431,21,15
timeStep,numberOfRobotsOnBlackSite,numberOfRobotsOnWhiteSite
5432,21,15
timeStep,numberOfRobotsOnBlackSite,numberOfRobotsOnWhiteSite
5433,21,15
timeStep,numberOfRobotsOnBlackSite,numberOfRobotsOnWhiteSite
5434,21,15
timeStep,numberOfRobotsOnBlackSite,numberOfRobotsOnWhiteSite
5435,21,15
timeStep,numberOfRobotsOnBlackSite,numberOfRobotsOnWhiteSite
5436,21,15
timeStep,numberOfRobotsOnBlackSite,numberOfRobotsOnWhiteSite
5437,21,15
timeStep,numberOfRobotsOnBlackSite,numberOfRobotsOnWhiteSite
5438,21,15
timeStep,numberOfRobotsOnBlackSite,numberOfRobotsOnWhiteSite
5439,21,15
timeStep,numberOfRobotsOnBlackSite,numberOfRobotsOnWhiteSite
5440,21,15
timeStep,numberOfRobotsOnBlackSite,numberOfRobotsOnWhiteSite
5441,21,15
timeStep,numberOfRobotsOnBlackSite,numberOfRobotsOnWhiteSite
5442,21,15
timeStep,numberOfRobotsOnBlackSite,numberOfRobotsOnWhiteSite
5443,21,15
timeStep,numberOfRobotsOnBlackSite,numberOfRobotsOnWhiteSite
5444,21,15
timeStep,numberOfRobotsOnBlackSite,numberOfRobotsOnWhiteSite
5445,21,16
timeStep,numberOfRobotsOnBlackSite,numberOfRobotsOnWhiteSite
5446,21,16
timeStep,numberOfRobotsOnBlackSite,numberOfRobotsOnWhiteSite
5447,21,16
timeStep,numberOfRobotsOnBlackSite,numberOfRobotsOnWhiteSite
5448,21,16
timeStep,numberOfRobotsOnBlackSite,numberOfRobotsOnWhiteSite
5449,21,16
timeStep,numberOfRobotsOnBlackSite,numberOfRobotsOnWhiteSite
5450,21,16
timeStep,numberOfRobotsOnBlackSite,numberOfRobotsOnWhiteSite
5451,21,16
timeStep,numberOfRobotsOnBlackSite,numberOfRobotsOnWhiteSite
5452,21,16
timeStep,numberOfRobotsOnBlackSite,numberOfRobotsOnWhiteSite
5453,21,16
timeStep,numberOfRobotsOnBlackSite,numberOfRobotsOnWhiteSite
5454,21,16
timeStep,numberOfRobotsOnBlackSite,numberOfRobotsOnWhiteSite
5455,21,15
timeStep,numberOfRobotsOnBlackSite,numberOfRobotsOnWhiteSite
5456,21,15
timeStep,numberOfRobotsOnBlackSite,numberOfRobotsOnWhiteSite
5457,21,15
timeStep,numberOfRobotsOnBlackSite,numberOfRobotsOnWhiteSite
5458,21,15
timeStep,numberOfRobotsOnBlackSite,numberOfRobotsOnWhiteSite
5459,21,15
timeStep,numberOfRobotsOnBlackSite,numberOfRobotsOnWhiteSite
5460,22,15
timeStep,numberOfRobotsOnBlackSite,numberOfRobotsOnWhiteSite
5461,22,15
timeStep,numberOfRobotsOnBlackSite,numberOfRobotsOnWhiteSite
5462,22,15
timeStep,numberOfRobotsOnBlackSite,numberOfRobotsOnWhiteSite
5463,22,15
timeStep,numberOfRobotsOnBlackSite,numberOfRobotsOnWhiteSite
5464,22,15
timeStep,numberOfRobotsOnBlackSite,numberOfRobotsOnWhiteSite
5465,22,15
timeStep,numberOfRobotsOnBlackSite,numberOfRobotsOnWhiteSite
5466,22,15
timeStep,numberOfRobotsOnBlackSite,numberOfRobotsOnWhiteSite
5467,22,15
timeStep,numberOfRobotsOnBlackSite,numberOfRobotsOnWhiteSite
5468,22,15
timeStep,numberOfRobotsOnBlackSite,numberOfRobotsOnWhiteSite
5469,22,15
timeStep,numberOfRobotsOnBlackSite,numberOfRobotsOnWhiteSite
5470,22,15
timeStep,numberOfRobotsOnBlackSite,numberOfRobotsOnWhiteSite
5471,22,15
timeStep,numberOfRobotsOnBlackSite,numberOfRobotsOnWhiteSite
5472,22,15
timeStep,numberOfRobotsOnBlackSite,numberOfRobotsOnWhiteSite
5473,22,15
timeStep,numberOfRobotsOnBlackSite,numberOfRobotsOnWhiteSite
5474,22,15
timeStep,numberOfRobotsOnBlackSite,numberOfRobotsOnWhiteSite
5475,22,15
timeStep,numberOfRobotsOnBlackSite,numberOfRobotsOnWhiteSite
5476,22,15
timeStep,numberOfRobotsOnBlackSite,numberOfRobotsOnWhiteSite
5477,22,15
timeStep,numberOfRobotsOnBlackSite,numberOfRobotsOnWhiteSite
5478,22,15
timeStep,numberOfRobotsOnBlackSite,numberOfRobotsOnWhiteSite
5479,22,15
timeStep,numberOfRobotsOnBlackSite,numberOfRobotsOnWhiteSite
5480,22,15
timeStep,numberOfRobotsOnBlackSite,numberOfRobotsOnWhiteSite
5481,22,15
timeStep,numberOfRobotsOnBlackSite,numberOfRobotsOnWhiteSite
5482,22,15
timeStep,numberOfRobotsOnBlackSite,numberOfRobotsOnWhiteSite
5483,22,15
timeStep,numberOfRobotsOnBlackSite,numberOfRobotsOnWhiteSite
5484,22,15
timeStep,numberOfRobotsOnBlackSite,numberOfRobotsOnWhiteSite
5485,22,15
timeStep,numberOfRobotsOnBlackSite,numberOfRobotsOnWhiteSite
5486,22,15
timeStep,numberOfRobotsOnBlackSite,numberOfRobotsOnWhiteSite
5487,22,15
timeStep,numberOfRobotsOnBlackSite,numberOfRobotsOnWhiteSite
5488,22,15
timeStep,numberOfRobotsOnBlackSite,numberOfRobotsOnWhiteSite
5489,22,15
timeStep,numberOfRobotsOnBlackSite,numberOfRobotsOnWhiteSite
5490,22,15
timeStep,numberOfRobotsOnBlackSite,numberOfRobotsOnWhiteSite
5491,22,15
timeStep,numberOfRobotsOnBlackSite,numberOfRobotsOnWhiteSite
5492,22,15
timeStep,numberOfRobotsOnBlackSite,numberOfRobotsOnWhiteSite
5493,22,15
timeStep,numberOfRobotsOnBlackSite,numberOfRobotsOnWhiteSite
5494,22,15
timeStep,numberOfRobotsOnBlackSite,numberOfRobotsOnWhiteSite
5495,22,15
timeStep,numberOfRobotsOnBlackSite,numberOfRobotsOnWhiteSite
5496,22,15
timeStep,numberOfRobotsOnBlackSite,numberOfRobotsOnWhiteSite
5497,22,15
timeStep,numberOfRobotsOnBlackSite,numberOfRobotsOnWhiteSite
5498,22,15
timeStep,numberOfRobotsOnBlackSite,numberOfRobotsOnWhiteSite
5499,22,15
timeStep,numberOfRobotsOnBlackSite,numberOfRobotsOnWhiteSite
5500,22,15
timeStep,numberOfRobotsOnBlackSite,numberOfRobotsOnWhiteSite
5501,22,15
timeStep,numberOfRobotsOnBlackSite,numberOfRobotsOnWhiteSite
5502,22,15
timeStep,numberOfRobotsOnBlackSite,numberOfRobotsOnWhiteSite
5503,22,15
timeStep,numberOfRobotsOnBlackSite,numberOfRobotsOnWhiteSite
5504,22,15
timeStep,numberOfRobotsOnBlackSite,numberOfRobotsOnWhiteSite
5505,22,15
timeStep,numberOfRobotsOnBlackSite,numberOfRobotsOnWhiteSite
5506,22,15
timeStep,numberOfRobotsOnBlackSite,numberOfRobotsOnWhiteSite
5507,22,15
timeStep,numberOfRobotsOnBlackSite,numberOfRobotsOnWhiteSite
5508,22,15
timeStep,numberOfRobotsOnBlackSite,numberOfRobotsOnWhiteSite
5509,22,15
timeStep,numberOfRobotsOnBlackSite,numberOfRobotsOnWhiteSite
5510,22,15
timeStep,numberOfRobotsOnBlackSite,numberOfRobotsOnWhiteSite
5511,22,15
timeStep,numberOfRobotsOnBlackSite,numberOfRobotsOnWhiteSite
5512,22,15
timeStep,numberOfRobotsOnBlackSite,numberOfRobotsOnWhiteSite
5513,22,15
timeStep,numberOfRobotsOnBlackSite,numberOfRobotsOnWhiteSite
5514,22,15
timeStep,numberOfRobotsOnBlackSite,numberOfRobotsOnWhiteSite
5515,22,15
timeStep,numberOfRobotsOnBlackSite,numberOfRobotsOnWhiteSite
5516,22,15
timeStep,numberOfRobotsOnBlackSite,numberOfRobotsOnWhiteSite
5517,22,15
timeStep,numberOfRobotsOnBlackSite,numberOfRobotsOnWhiteSite
5518,22,15
timeStep,numberOfRobotsOnBlackSite,numberOfRobotsOnWhiteSite
5519,22,15
timeStep,numberOfRobotsOnBlackSite,numberOfRobotsOnWhiteSite
5520,22,15
timeStep,numberOfRobotsOnBlackSite,numberOfRobotsOnWhiteSite
5521,22,15
timeStep,numberOfRobotsOnBlackSite,numberOfRobotsOnWhiteSite
5522,22,15
timeStep,numberOfRobotsOnBlackSite,numberOfRobotsOnWhiteSite
5523,22,15
timeStep,numberOfRobotsOnBlackSite,numberOfRobotsOnWhiteSite
5524,22,15
timeStep,numberOfRobotsOnBlackSite,numberOfRobotsOnWhiteSite
5525,22,15
timeStep,numberOfRobotsOnBlackSite,numberOfRobotsOnWhiteSite
5526,22,15
timeStep,numberOfRobotsOnBlackSite,numberOfRobotsOnWhiteSite
5527,22,15
timeStep,numberOfRobotsOnBlackSite,numberOfRobotsOnWhiteSite
5528,22,15
timeStep,numberOfRobotsOnBlackSite,numberOfRobotsOnWhiteSite
5529,22,15
timeStep,numberOfRobotsOnBlackSite,numberOfRobotsOnWhiteSite
5530,22,15
timeStep,numberOfRobotsOnBlackSite,numberOfRobotsOnWhiteSite
5531,22,15
timeStep,numberOfRobotsOnBlackSite,numberOfRobotsOnWhiteSite
5532,22,15
timeStep,numberOfRobotsOnBlackSite,numberOfRobotsOnWhiteSite
5533,22,15
timeStep,numberOfRobotsOnBlackSite,numberOfRobotsOnWhiteSite
5534,22,15
timeStep,numberOfRobotsOnBlackSite,numberOfRobotsOnWhiteSite
5535,22,15
timeStep,numberOfRobotsOnBlackSite,numberOfRobotsOnWhiteSite
5536,22,15
timeStep,numberOfRobotsOnBlackSite,numberOfRobotsOnWhiteSite
5537,22,15
timeStep,numberOfRobotsOnBlackSite,numberOfRobotsOnWhiteSite
5538,22,15
timeStep,numberOfRobotsOnBlackSite,numberOfRobotsOnWhiteSite
5539,22,15
timeStep,numberOfRobotsOnBlackSite,numberOfRobotsOnWhiteSite
5540,22,15
timeStep,numberOfRobotsOnBlackSite,numberOfRobotsOnWhiteSite
5541,22,15
timeStep,numberOfRobotsOnBlackSite,numberOfRobotsOnWhiteSite
5542,22,15
timeStep,numberOfRobotsOnBlackSite,numberOfRobotsOnWhiteSite
5543,22,15
timeStep,numberOfRobotsOnBlackSite,numberOfRobotsOnWhiteSite
5544,22,15
timeStep,numberOfRobotsOnBlackSite,numberOfRobotsOnWhiteSite
5545,22,15
timeStep,numberOfRobotsOnBlackSite,numberOfRobotsOnWhiteSite
5546,22,15
timeStep,numberOfRobotsOnBlackSite,numberOfRobotsOnWhiteSite
5547,22,15
timeStep,numberOfRobotsOnBlackSite,numberOfRobotsOnWhiteSite
5548,22,15
timeStep,numberOfRobotsOnBlackSite,numberOfRobotsOnWhiteSite
5549,22,15
timeStep,numberOfRobotsOnBlackSite,numberOfRobotsOnWhiteSite
5550,22,15
timeStep,numberOfRobotsOnBlackSite,numberOfRobotsOnWhiteSite
5551,22,15
timeStep,numberOfRobotsOnBlackSite,numberOfRobotsOnWhiteSite
5552,22,15
timeStep,numberOfRobotsOnBlackSite,numberOfRobotsOnWhiteSite
5553,22,15
timeStep,numberOfRobotsOnBlackSite,numberOfRobotsOnWhiteSite
5554,22,15
timeStep,numberOfRobotsOnBlackSite,numberOfRobotsOnWhiteSite
5555,22,14
timeStep,numberOfRobotsOnBlackSite,numberOfRobotsOnWhiteSite
5556,22,14
timeStep,numberOfRobotsOnBlackSite,numberOfRobotsOnWhiteSite
5557,22,14
timeStep,numberOfRobotsOnBlackSite,numberOfRobotsOnWhiteSite
5558,22,14
timeStep,numberOfRobotsOnBlackSite,numberOfRobotsOnWhiteSite
5559,22,14
timeStep,numberOfRobotsOnBlackSite,numberOfRobotsOnWhiteSite
5560,22,14
timeStep,numberOfRobotsOnBlackSite,numberOfRobotsOnWhiteSite
5561,22,14
timeStep,numberOfRobotsOnBlackSite,numberOfRobotsOnWhiteSite
5562,22,14
timeStep,numberOfRobotsOnBlackSite,numberOfRobotsOnWhiteSite
5563,22,14
timeStep,numberOfRobotsOnBlackSite,numberOfRobotsOnWhiteSite
5564,22,14
timeStep,numberOfRobotsOnBlackSite,numberOfRobotsOnWhiteSite
5565,22,16
timeStep,numberOfRobotsOnBlackSite,numberOfRobotsOnWhiteSite
5566,22,16
timeStep,numberOfRobotsOnBlackSite,numberOfRobotsOnWhiteSite
5567,22,16
timeStep,numberOfRobotsOnBlackSite,numberOfRobotsOnWhiteSite
5568,22,16
timeStep,numberOfRobotsOnBlackSite,numberOfRobotsOnWhiteSite
5569,22,16
timeStep,numberOfRobotsOnBlackSite,numberOfRobotsOnWhiteSite
5570,22,16
timeStep,numberOfRobotsOnBlackSite,numberOfRobotsOnWhiteSite
5571,22,16
timeStep,numberOfRobotsOnBlackSite,numberOfRobotsOnWhiteSite
5572,22,16
timeStep,numberOfRobotsOnBlackSite,numberOfRobotsOnWhiteSite
5573,22,16
timeStep,numberOfRobotsOnBlackSite,numberOfRobotsOnWhiteSite
5574,22,16
timeStep,numberOfRobotsOnBlackSite,numberOfRobotsOnWhiteSite
5575,22,16
timeStep,numberOfRobotsOnBlackSite,numberOfRobotsOnWhiteSite
5576,22,16
timeStep,numberOfRobotsOnBlackSite,numberOfRobotsOnWhiteSite
5577,22,16
timeStep,numberOfRobotsOnBlackSite,numberOfRobotsOnWhiteSite
5578,22,16
timeStep,numberOfRobotsOnBlackSite,numberOfRobotsOnWhiteSite
5579,22,16
timeStep,numberOfRobotsOnBlackSite,numberOfRobotsOnWhiteSite
5580,22,16
timeStep,numberOfRobotsOnBlackSite,numberOfRobotsOnWhiteSite
5581,22,16
timeStep,numberOfRobotsOnBlackSite,numberOfRobotsOnWhiteSite
5582,22,16
timeStep,numberOfRobotsOnBlackSite,numberOfRobotsOnWhiteSite
5583,22,16
timeStep,numberOfRobotsOnBlackSite,numberOfRobotsOnWhiteSite
5584,22,16
timeStep,numberOfRobotsOnBlackSite,numberOfRobotsOnWhiteSite
5585,22,16
timeStep,numberOfRobotsOnBlackSite,numberOfRobotsOnWhiteSite
5586,22,16
timeStep,numberOfRobotsOnBlackSite,numberOfRobotsOnWhiteSite
5587,22,16
timeStep,numberOfRobotsOnBlackSite,numberOfRobotsOnWhiteSite
5588,22,16
timeStep,numberOfRobotsOnBlackSite,numberOfRobotsOnWhiteSite
5589,22,16
timeStep,numberOfRobotsOnBlackSite,numberOfRobotsOnWhiteSite
5590,22,15
timeStep,numberOfRobotsOnBlackSite,numberOfRobotsOnWhiteSite
5591,22,15
timeStep,numberOfRobotsOnBlackSite,numberOfRobotsOnWhiteSite
5592,22,15
timeStep,numberOfRobotsOnBlackSite,numberOfRobotsOnWhiteSite
5593,22,15
timeStep,numberOfRobotsOnBlackSite,numberOfRobotsOnWhiteSite
5594,22,15
timeStep,numberOfRobotsOnBlackSite,numberOfRobotsOnWhiteSite
5595,22,15
timeStep,numberOfRobotsOnBlackSite,numberOfRobotsOnWhiteSite
5596,22,15
timeStep,numberOfRobotsOnBlackSite,numberOfRobotsOnWhiteSite
5597,22,15
timeStep,numberOfRobotsOnBlackSite,numberOfRobotsOnWhiteSite
5598,22,15
timeStep,numberOfRobotsOnBlackSite,numberOfRobotsOnWhiteSite
5599,22,15
timeStep,numberOfRobotsOnBlackSite,numberOfRobotsOnWhiteSite
5600,22,15
timeStep,numberOfRobotsOnBlackSite,numberOfRobotsOnWhiteSite
5601,22,15
timeStep,numberOfRobotsOnBlackSite,numberOfRobotsOnWhiteSite
5602,22,15
timeStep,numberOfRobotsOnBlackSite,numberOfRobotsOnWhiteSite
5603,22,15
timeStep,numberOfRobotsOnBlackSite,numberOfRobotsOnWhiteSite
5604,22,15
timeStep,numberOfRobotsOnBlackSite,numberOfRobotsOnWhiteSite
5605,22,15
timeStep,numberOfRobotsOnBlackSite,numberOfRobotsOnWhiteSite
5606,22,15
timeStep,numberOfRobotsOnBlackSite,numberOfRobotsOnWhiteSite
5607,22,15
timeStep,numberOfRobotsOnBlackSite,numberOfRobotsOnWhiteSite
5608,22,15
timeStep,numberOfRobotsOnBlackSite,numberOfRobotsOnWhiteSite
5609,22,15
timeStep,numberOfRobotsOnBlackSite,numberOfRobotsOnWhiteSite
5610,22,15
timeStep,numberOfRobotsOnBlackSite,numberOfRobotsOnWhiteSite
5611,22,15
timeStep,numberOfRobotsOnBlackSite,numberOfRobotsOnWhiteSite
5612,22,15
timeStep,numberOfRobotsOnBlackSite,numberOfRobotsOnWhiteSite
5613,22,15
timeStep,numberOfRobotsOnBlackSite,numberOfRobotsOnWhiteSite
5614,22,15
timeStep,numberOfRobotsOnBlackSite,numberOfRobotsOnWhiteSite
5615,22,15
timeStep,numberOfRobotsOnBlackSite,numberOfRobotsOnWhiteSite
5616,22,15
timeStep,numberOfRobotsOnBlackSite,numberOfRobotsOnWhiteSite
5617,22,15
timeStep,numberOfRobotsOnBlackSite,numberOfRobotsOnWhiteSite
5618,22,15
timeStep,numberOfRobotsOnBlackSite,numberOfRobotsOnWhiteSite
5619,22,15
timeStep,numberOfRobotsOnBlackSite,numberOfRobotsOnWhiteSite
5620,22,15
timeStep,numberOfRobotsOnBlackSite,numberOfRobotsOnWhiteSite
5621,22,15
timeStep,numberOfRobotsOnBlackSite,numberOfRobotsOnWhiteSite
5622,22,15
timeStep,numberOfRobotsOnBlackSite,numberOfRobotsOnWhiteSite
5623,22,15
timeStep,numberOfRobotsOnBlackSite,numberOfRobotsOnWhiteSite
5624,22,15
timeStep,numberOfRobotsOnBlackSite,numberOfRobotsOnWhiteSite
5625,22,15
timeStep,numberOfRobotsOnBlackSite,numberOfRobotsOnWhiteSite
5626,22,15
timeStep,numberOfRobotsOnBlackSite,numberOfRobotsOnWhiteSite
5627,22,15
timeStep,numberOfRobotsOnBlackSite,numberOfRobotsOnWhiteSite
5628,22,15
timeStep,numberOfRobotsOnBlackSite,numberOfRobotsOnWhiteSite
5629,22,15
timeStep,numberOfRobotsOnBlackSite,numberOfRobotsOnWhiteSite
5630,22,15
timeStep,numberOfRobotsOnBlackSite,numberOfRobotsOnWhiteSite
5631,22,15
timeStep,numberOfRobotsOnBlackSite,numberOfRobotsOnWhiteSite
5632,22,15
timeStep,numberOfRobotsOnBlackSite,numberOfRobotsOnWhiteSite
5633,22,15
timeStep,numberOfRobotsOnBlackSite,numberOfRobotsOnWhiteSite
5634,22,15
timeStep,numberOfRobotsOnBlackSite,numberOfRobotsOnWhiteSite
5635,22,15
timeStep,numberOfRobotsOnBlackSite,numberOfRobotsOnWhiteSite
5636,22,15
timeStep,numberOfRobotsOnBlackSite,numberOfRobotsOnWhiteSite
5637,22,15
timeStep,numberOfRobotsOnBlackSite,numberOfRobotsOnWhiteSite
5638,22,15
timeStep,numberOfRobotsOnBlackSite,numberOfRobotsOnWhiteSite
5639,22,15
timeStep,numberOfRobotsOnBlackSite,numberOfRobotsOnWhiteSite
5640,22,15
timeStep,numberOfRobotsOnBlackSite,numberOfRobotsOnWhiteSite
5641,22,15
timeStep,numberOfRobotsOnBlackSite,numberOfRobotsOnWhiteSite
5642,22,15
timeStep,numberOfRobotsOnBlackSite,numberOfRobotsOnWhiteSite
5643,22,15
timeStep,numberOfRobotsOnBlackSite,numberOfRobotsOnWhiteSite
5644,22,15
timeStep,numberOfRobotsOnBlackSite,numberOfRobotsOnWhiteSite
5645,22,14
timeStep,numberOfRobotsOnBlackSite,numberOfRobotsOnWhiteSite
5646,22,14
timeStep,numberOfRobotsOnBlackSite,numberOfRobotsOnWhiteSite
5647,22,14
timeStep,numberOfRobotsOnBlackSite,numberOfRobotsOnWhiteSite
5648,22,14
timeStep,numberOfRobotsOnBlackSite,numberOfRobotsOnWhiteSite
5649,22,14
timeStep,numberOfRobotsOnBlackSite,numberOfRobotsOnWhiteSite
5650,22,14
timeStep,numberOfRobotsOnBlackSite,numberOfRobotsOnWhiteSite
5651,22,14
timeStep,numberOfRobotsOnBlackSite,numberOfRobotsOnWhiteSite
5652,22,14
timeStep,numberOfRobotsOnBlackSite,numberOfRobotsOnWhiteSite
5653,22,14
timeStep,numberOfRobotsOnBlackSite,numberOfRobotsOnWhiteSite
5654,22,14
timeStep,numberOfRobotsOnBlackSite,numberOfRobotsOnWhiteSite
5655,23,14
timeStep,numberOfRobotsOnBlackSite,numberOfRobotsOnWhiteSite
5656,23,14
timeStep,numberOfRobotsOnBlackSite,numberOfRobotsOnWhiteSite
5657,23,14
timeStep,numberOfRobotsOnBlackSite,numberOfRobotsOnWhiteSite
5658,23,14
timeStep,numberOfRobotsOnBlackSite,numberOfRobotsOnWhiteSite
5659,23,14
timeStep,numberOfRobotsOnBlackSite,numberOfRobotsOnWhiteSite
5660,23,14
timeStep,numberOfRobotsOnBlackSite,numberOfRobotsOnWhiteSite
5661,23,14
timeStep,numberOfRobotsOnBlackSite,numberOfRobotsOnWhiteSite
5662,23,14
timeStep,numberOfRobotsOnBlackSite,numberOfRobotsOnWhiteSite
5663,23,14
timeStep,numberOfRobotsOnBlackSite,numberOfRobotsOnWhiteSite
5664,23,14
timeStep,numberOfRobotsOnBlackSite,numberOfRobotsOnWhiteSite
5665,23,14
timeStep,numberOfRobotsOnBlackSite,numberOfRobotsOnWhiteSite
5666,23,14
timeStep,numberOfRobotsOnBlackSite,numberOfRobotsOnWhiteSite
5667,23,14
timeStep,numberOfRobotsOnBlackSite,numberOfRobotsOnWhiteSite
5668,23,14
timeStep,numberOfRobotsOnBlackSite,numberOfRobotsOnWhiteSite
5669,23,14
timeStep,numberOfRobotsOnBlackSite,numberOfRobotsOnWhiteSite
5670,23,14
timeStep,numberOfRobotsOnBlackSite,numberOfRobotsOnWhiteSite
5671,23,14
timeStep,numberOfRobotsOnBlackSite,numberOfRobotsOnWhiteSite
5672,23,14
timeStep,numberOfRobotsOnBlackSite,numberOfRobotsOnWhiteSite
5673,23,14
timeStep,numberOfRobotsOnBlackSite,numberOfRobotsOnWhiteSite
5674,23,14
timeStep,numberOfRobotsOnBlackSite,numberOfRobotsOnWhiteSite
5675,23,14
timeStep,numberOfRobotsOnBlackSite,numberOfRobotsOnWhiteSite
5676,23,14
timeStep,numberOfRobotsOnBlackSite,numberOfRobotsOnWhiteSite
5677,23,14
timeStep,numberOfRobotsOnBlackSite,numberOfRobotsOnWhiteSite
5678,23,14
timeStep,numberOfRobotsOnBlackSite,numberOfRobotsOnWhiteSite
5679,23,14
timeStep,numberOfRobotsOnBlackSite,numberOfRobotsOnWhiteSite
5680,23,14
timeStep,numberOfRobotsOnBlackSite,numberOfRobotsOnWhiteSite
5681,23,14
timeStep,numberOfRobotsOnBlackSite,numberOfRobotsOnWhiteSite
5682,23,14
timeStep,numberOfRobotsOnBlackSite,numberOfRobotsOnWhiteSite
5683,23,14
timeStep,numberOfRobotsOnBlackSite,numberOfRobotsOnWhiteSite
5684,23,14
timeStep,numberOfRobotsOnBlackSite,numberOfRobotsOnWhiteSite
5685,23,14
timeStep,numberOfRobotsOnBlackSite,numberOfRobotsOnWhiteSite
5686,23,14
timeStep,numberOfRobotsOnBlackSite,numberOfRobotsOnWhiteSite
5687,23,14
timeStep,numberOfRobotsOnBlackSite,numberOfRobotsOnWhiteSite
5688,23,14
timeStep,numberOfRobotsOnBlackSite,numberOfRobotsOnWhiteSite
5689,23,14
timeStep,numberOfRobotsOnBlackSite,numberOfRobotsOnWhiteSite
5690,23,14
timeStep,numberOfRobotsOnBlackSite,numberOfRobotsOnWhiteSite
5691,23,14
timeStep,numberOfRobotsOnBlackSite,numberOfRobotsOnWhiteSite
5692,23,14
timeStep,numberOfRobotsOnBlackSite,numberOfRobotsOnWhiteSite
5693,23,14
timeStep,numberOfRobotsOnBlackSite,numberOfRobotsOnWhiteSite
5694,23,14
timeStep,numberOfRobotsOnBlackSite,numberOfRobotsOnWhiteSite
5695,23,14
timeStep,numberOfRobotsOnBlackSite,numberOfRobotsOnWhiteSite
5696,23,14
timeStep,numberOfRobotsOnBlackSite,numberOfRobotsOnWhiteSite
5697,23,14
timeStep,numberOfRobotsOnBlackSite,numberOfRobotsOnWhiteSite
5698,23,14
timeStep,numberOfRobotsOnBlackSite,numberOfRobotsOnWhiteSite
5699,23,14
timeStep,numberOfRobotsOnBlackSite,numberOfRobotsOnWhiteSite
5700,23,14
timeStep,numberOfRobotsOnBlackSite,numberOfRobotsOnWhiteSite
5701,23,14
timeStep,numberOfRobotsOnBlackSite,numberOfRobotsOnWhiteSite
5702,23,14
timeStep,numberOfRobotsOnBlackSite,numberOfRobotsOnWhiteSite
5703,23,14
timeStep,numberOfRobotsOnBlackSite,numberOfRobotsOnWhiteSite
5704,23,14
timeStep,numberOfRobotsOnBlackSite,numberOfRobotsOnWhiteSite
5705,23,14
timeStep,numberOfRobotsOnBlackSite,numberOfRobotsOnWhiteSite
5706,23,14
timeStep,numberOfRobotsOnBlackSite,numberOfRobotsOnWhiteSite
5707,23,14
timeStep,numberOfRobotsOnBlackSite,numberOfRobotsOnWhiteSite
5708,23,14
timeStep,numberOfRobotsOnBlackSite,numberOfRobotsOnWhiteSite
5709,23,14
timeStep,numberOfRobotsOnBlackSite,numberOfRobotsOnWhiteSite
5710,23,14
timeStep,numberOfRobotsOnBlackSite,numberOfRobotsOnWhiteSite
5711,23,14
timeStep,numberOfRobotsOnBlackSite,numberOfRobotsOnWhiteSite
5712,23,14
timeStep,numberOfRobotsOnBlackSite,numberOfRobotsOnWhiteSite
5713,23,14
timeStep,numberOfRobotsOnBlackSite,numberOfRobotsOnWhiteSite
5714,23,14
timeStep,numberOfRobotsOnBlackSite,numberOfRobotsOnWhiteSite
5715,23,14
timeStep,numberOfRobotsOnBlackSite,numberOfRobotsOnWhiteSite
5716,23,14
timeStep,numberOfRobotsOnBlackSite,numberOfRobotsOnWhiteSite
5717,23,14
timeStep,numberOfRobotsOnBlackSite,numberOfRobotsOnWhiteSite
5718,23,14
timeStep,numberOfRobotsOnBlackSite,numberOfRobotsOnWhiteSite
5719,23,14
timeStep,numberOfRobotsOnBlackSite,numberOfRobotsOnWhiteSite
5720,23,14
timeStep,numberOfRobotsOnBlackSite,numberOfRobotsOnWhiteSite
5721,23,14
timeStep,numberOfRobotsOnBlackSite,numberOfRobotsOnWhiteSite
5722,23,14
timeStep,numberOfRobotsOnBlackSite,numberOfRobotsOnWhiteSite
5723,23,14
timeStep,numberOfRobotsOnBlackSite,numberOfRobotsOnWhiteSite
5724,23,14
timeStep,numberOfRobotsOnBlackSite,numberOfRobotsOnWhiteSite
5725,23,14
timeStep,numberOfRobotsOnBlackSite,numberOfRobotsOnWhiteSite
5726,23,14
timeStep,numberOfRobotsOnBlackSite,numberOfRobotsOnWhiteSite
5727,23,14
timeStep,numberOfRobotsOnBlackSite,numberOfRobotsOnWhiteSite
5728,23,14
timeStep,numberOfRobotsOnBlackSite,numberOfRobotsOnWhiteSite
5729,23,14
timeStep,numberOfRobotsOnBlackSite,numberOfRobotsOnWhiteSite
5730,23,15
timeStep,numberOfRobotsOnBlackSite,numberOfRobotsOnWhiteSite
5731,23,15
timeStep,numberOfRobotsOnBlackSite,numberOfRobotsOnWhiteSite
5732,23,15
timeStep,numberOfRobotsOnBlackSite,numberOfRobotsOnWhiteSite
5733,23,15
timeStep,numberOfRobotsOnBlackSite,numberOfRobotsOnWhiteSite
5734,23,15
timeStep,numberOfRobotsOnBlackSite,numberOfRobotsOnWhiteSite
5735,23,15
timeStep,numberOfRobotsOnBlackSite,numberOfRobotsOnWhiteSite
5736,23,15
timeStep,numberOfRobotsOnBlackSite,numberOfRobotsOnWhiteSite
5737,23,15
timeStep,numberOfRobotsOnBlackSite,numberOfRobotsOnWhiteSite
5738,23,15
timeStep,numberOfRobotsOnBlackSite,numberOfRobotsOnWhiteSite
5739,23,15
timeStep,numberOfRobotsOnBlackSite,numberOfRobotsOnWhiteSite
5740,23,15
timeStep,numberOfRobotsOnBlackSite,numberOfRobotsOnWhiteSite
5741,23,15
timeStep,numberOfRobotsOnBlackSite,numberOfRobotsOnWhiteSite
5742,23,15
timeStep,numberOfRobotsOnBlackSite,numberOfRobotsOnWhiteSite
5743,23,15
timeStep,numberOfRobotsOnBlackSite,numberOfRobotsOnWhiteSite
5744,23,15
timeStep,numberOfRobotsOnBlackSite,numberOfRobotsOnWhiteSite
5745,23,15
timeStep,numberOfRobotsOnBlackSite,numberOfRobotsOnWhiteSite
5746,23,15
timeStep,numberOfRobotsOnBlackSite,numberOfRobotsOnWhiteSite
5747,23,15
timeStep,numberOfRobotsOnBlackSite,numberOfRobotsOnWhiteSite
5748,23,15
timeStep,numberOfRobotsOnBlackSite,numberOfRobotsOnWhiteSite
5749,23,15
timeStep,numberOfRobotsOnBlackSite,numberOfRobotsOnWhiteSite
5750,23,15
timeStep,numberOfRobotsOnBlackSite,numberOfRobotsOnWhiteSite
5751,23,15
timeStep,numberOfRobotsOnBlackSite,numberOfRobotsOnWhiteSite
5752,23,15
timeStep,numberOfRobotsOnBlackSite,numberOfRobotsOnWhiteSite
5753,23,15
timeStep,numberOfRobotsOnBlackSite,numberOfRobotsOnWhiteSite
5754,23,15
timeStep,numberOfRobotsOnBlackSite,numberOfRobotsOnWhiteSite
5755,23,15
timeStep,numberOfRobotsOnBlackSite,numberOfRobotsOnWhiteSite
5756,23,15
timeStep,numberOfRobotsOnBlackSite,numberOfRobotsOnWhiteSite
5757,23,15
timeStep,numberOfRobotsOnBlackSite,numberOfRobotsOnWhiteSite
5758,23,15
timeStep,numberOfRobotsOnBlackSite,numberOfRobotsOnWhiteSite
5759,23,15
timeStep,numberOfRobotsOnBlackSite,numberOfRobotsOnWhiteSite
5760,23,15
timeStep,numberOfRobotsOnBlackSite,numberOfRobotsOnWhiteSite
5761,23,15
timeStep,numberOfRobotsOnBlackSite,numberOfRobotsOnWhiteSite
5762,23,15
timeStep,numberOfRobotsOnBlackSite,numberOfRobotsOnWhiteSite
5763,23,15
timeStep,numberOfRobotsOnBlackSite,numberOfRobotsOnWhiteSite
5764,23,15
timeStep,numberOfRobotsOnBlackSite,numberOfRobotsOnWhiteSite
5765,23,15
timeStep,numberOfRobotsOnBlackSite,numberOfRobotsOnWhiteSite
5766,23,15
timeStep,numberOfRobotsOnBlackSite,numberOfRobotsOnWhiteSite
5767,23,15
timeStep,numberOfRobotsOnBlackSite,numberOfRobotsOnWhiteSite
5768,23,15
timeStep,numberOfRobotsOnBlackSite,numberOfRobotsOnWhiteSite
5769,23,15
timeStep,numberOfRobotsOnBlackSite,numberOfRobotsOnWhiteSite
5770,23,15
timeStep,numberOfRobotsOnBlackSite,numberOfRobotsOnWhiteSite
5771,23,15
timeStep,numberOfRobotsOnBlackSite,numberOfRobotsOnWhiteSite
5772,23,15
timeStep,numberOfRobotsOnBlackSite,numberOfRobotsOnWhiteSite
5773,23,15
timeStep,numberOfRobotsOnBlackSite,numberOfRobotsOnWhiteSite
5774,23,15
timeStep,numberOfRobotsOnBlackSite,numberOfRobotsOnWhiteSite
5775,23,15
timeStep,numberOfRobotsOnBlackSite,numberOfRobotsOnWhiteSite
5776,23,15
timeStep,numberOfRobotsOnBlackSite,numberOfRobotsOnWhiteSite
5777,23,15
timeStep,numberOfRobotsOnBlackSite,numberOfRobotsOnWhiteSite
5778,23,15
timeStep,numberOfRobotsOnBlackSite,numberOfRobotsOnWhiteSite
5779,23,15
timeStep,numberOfRobotsOnBlackSite,numberOfRobotsOnWhiteSite
5780,23,15
timeStep,numberOfRobotsOnBlackSite,numberOfRobotsOnWhiteSite
5781,23,15
timeStep,numberOfRobotsOnBlackSite,numberOfRobotsOnWhiteSite
5782,23,15
timeStep,numberOfRobotsOnBlackSite,numberOfRobotsOnWhiteSite
5783,23,15
timeStep,numberOfRobotsOnBlackSite,numberOfRobotsOnWhiteSite
5784,23,15
timeStep,numberOfRobotsOnBlackSite,numberOfRobotsOnWhiteSite
5785,23,15
timeStep,numberOfRobotsOnBlackSite,numberOfRobotsOnWhiteSite
5786,23,15
timeStep,numberOfRobotsOnBlackSite,numberOfRobotsOnWhiteSite
5787,23,15
timeStep,numberOfRobotsOnBlackSite,numberOfRobotsOnWhiteSite
5788,23,15
timeStep,numberOfRobotsOnBlackSite,numberOfRobotsOnWhiteSite
5789,23,15
timeStep,numberOfRobotsOnBlackSite,numberOfRobotsOnWhiteSite
5790,23,15
timeStep,numberOfRobotsOnBlackSite,numberOfRobotsOnWhiteSite
5791,23,15
timeStep,numberOfRobotsOnBlackSite,numberOfRobotsOnWhiteSite
5792,23,15
timeStep,numberOfRobotsOnBlackSite,numberOfRobotsOnWhiteSite
5793,23,15
timeStep,numberOfRobotsOnBlackSite,numberOfRobotsOnWhiteSite
5794,23,15
timeStep,numberOfRobotsOnBlackSite,numberOfRobotsOnWhiteSite
5795,23,15
timeStep,numberOfRobotsOnBlackSite,numberOfRobotsOnWhiteSite
5796,23,15
timeStep,numberOfRobotsOnBlackSite,numberOfRobotsOnWhiteSite
5797,23,15
timeStep,numberOfRobotsOnBlackSite,numberOfRobotsOnWhiteSite
5798,23,15
timeStep,numberOfRobotsOnBlackSite,numberOfRobotsOnWhiteSite
5799,23,15
timeStep,numberOfRobotsOnBlackSite,numberOfRobotsOnWhiteSite
5800,23,15
timeStep,numberOfRobotsOnBlackSite,numberOfRobotsOnWhiteSite
5801,23,15
timeStep,numberOfRobotsOnBlackSite,numberOfRobotsOnWhiteSite
5802,23,15
timeStep,numberOfRobotsOnBlackSite,numberOfRobotsOnWhiteSite
5803,23,15
timeStep,numberOfRobotsOnBlackSite,numberOfRobotsOnWhiteSite
5804,23,15
timeStep,numberOfRobotsOnBlackSite,numberOfRobotsOnWhiteSite
5805,23,16
timeStep,numberOfRobotsOnBlackSite,numberOfRobotsOnWhiteSite
5806,23,16
timeStep,numberOfRobotsOnBlackSite,numberOfRobotsOnWhiteSite
5807,23,16
timeStep,numberOfRobotsOnBlackSite,numberOfRobotsOnWhiteSite
5808,23,16
timeStep,numberOfRobotsOnBlackSite,numberOfRobotsOnWhiteSite
5809,23,16
timeStep,numberOfRobotsOnBlackSite,numberOfRobotsOnWhiteSite
5810,23,16
timeStep,numberOfRobotsOnBlackSite,numberOfRobotsOnWhiteSite
5811,23,16
timeStep,numberOfRobotsOnBlackSite,numberOfRobotsOnWhiteSite
5812,23,16
timeStep,numberOfRobotsOnBlackSite,numberOfRobotsOnWhiteSite
5813,23,16
timeStep,numberOfRobotsOnBlackSite,numberOfRobotsOnWhiteSite
5814,23,16
timeStep,numberOfRobotsOnBlackSite,numberOfRobotsOnWhiteSite
5815,23,16
timeStep,numberOfRobotsOnBlackSite,numberOfRobotsOnWhiteSite
5816,23,16
timeStep,numberOfRobotsOnBlackSite,numberOfRobotsOnWhiteSite
5817,23,16
timeStep,numberOfRobotsOnBlackSite,numberOfRobotsOnWhiteSite
5818,23,16
timeStep,numberOfRobotsOnBlackSite,numberOfRobotsOnWhiteSite
5819,23,16
timeStep,numberOfRobotsOnBlackSite,numberOfRobotsOnWhiteSite
5820,23,16
timeStep,numberOfRobotsOnBlackSite,numberOfRobotsOnWhiteSite
5821,23,16
timeStep,numberOfRobotsOnBlackSite,numberOfRobotsOnWhiteSite
5822,23,16
timeStep,numberOfRobotsOnBlackSite,numberOfRobotsOnWhiteSite
5823,23,16
timeStep,numberOfRobotsOnBlackSite,numberOfRobotsOnWhiteSite
5824,23,16
timeStep,numberOfRobotsOnBlackSite,numberOfRobotsOnWhiteSite
5825,23,16
timeStep,numberOfRobotsOnBlackSite,numberOfRobotsOnWhiteSite
5826,23,16
timeStep,numberOfRobotsOnBlackSite,numberOfRobotsOnWhiteSite
5827,23,16
timeStep,numberOfRobotsOnBlackSite,numberOfRobotsOnWhiteSite
5828,23,16
timeStep,numberOfRobotsOnBlackSite,numberOfRobotsOnWhiteSite
5829,23,16
timeStep,numberOfRobotsOnBlackSite,numberOfRobotsOnWhiteSite
5830,23,16
timeStep,numberOfRobotsOnBlackSite,numberOfRobotsOnWhiteSite
5831,23,16
timeStep,numberOfRobotsOnBlackSite,numberOfRobotsOnWhiteSite
5832,23,16
timeStep,numberOfRobotsOnBlackSite,numberOfRobotsOnWhiteSite
5833,23,16
timeStep,numberOfRobotsOnBlackSite,numberOfRobotsOnWhiteSite
5834,23,16
timeStep,numberOfRobotsOnBlackSite,numberOfRobotsOnWhiteSite
5835,23,16
timeStep,numberOfRobotsOnBlackSite,numberOfRobotsOnWhiteSite
5836,23,16
timeStep,numberOfRobotsOnBlackSite,numberOfRobotsOnWhiteSite
5837,23,16
timeStep,numberOfRobotsOnBlackSite,numberOfRobotsOnWhiteSite
5838,23,16
timeStep,numberOfRobotsOnBlackSite,numberOfRobotsOnWhiteSite
5839,23,16
timeStep,numberOfRobotsOnBlackSite,numberOfRobotsOnWhiteSite
5840,23,16
timeStep,numberOfRobotsOnBlackSite,numberOfRobotsOnWhiteSite
5841,23,16
timeStep,numberOfRobotsOnBlackSite,numberOfRobotsOnWhiteSite
5842,23,16
timeStep,numberOfRobotsOnBlackSite,numberOfRobotsOnWhiteSite
5843,23,16
timeStep,numberOfRobotsOnBlackSite,numberOfRobotsOnWhiteSite
5844,23,16
timeStep,numberOfRobotsOnBlackSite,numberOfRobotsOnWhiteSite
5845,23,16
timeStep,numberOfRobotsOnBlackSite,numberOfRobotsOnWhiteSite
5846,23,16
timeStep,numberOfRobotsOnBlackSite,numberOfRobotsOnWhiteSite
5847,23,16
timeStep,numberOfRobotsOnBlackSite,numberOfRobotsOnWhiteSite
5848,23,16
timeStep,numberOfRobotsOnBlackSite,numberOfRobotsOnWhiteSite
5849,23,16
timeStep,numberOfRobotsOnBlackSite,numberOfRobotsOnWhiteSite
5850,23,15
timeStep,numberOfRobotsOnBlackSite,numberOfRobotsOnWhiteSite
5851,23,15
timeStep,numberOfRobotsOnBlackSite,numberOfRobotsOnWhiteSite
5852,23,15
timeStep,numberOfRobotsOnBlackSite,numberOfRobotsOnWhiteSite
5853,23,15
timeStep,numberOfRobotsOnBlackSite,numberOfRobotsOnWhiteSite
5854,23,15
timeStep,numberOfRobotsOnBlackSite,numberOfRobotsOnWhiteSite
5855,23,14
timeStep,numberOfRobotsOnBlackSite,numberOfRobotsOnWhiteSite
5856,23,14
timeStep,numberOfRobotsOnBlackSite,numberOfRobotsOnWhiteSite
5857,23,14
timeStep,numberOfRobotsOnBlackSite,numberOfRobotsOnWhiteSite
5858,23,14
timeStep,numberOfRobotsOnBlackSite,numberOfRobotsOnWhiteSite
5859,23,14
timeStep,numberOfRobotsOnBlackSite,numberOfRobotsOnWhiteSite
5860,23,14
timeStep,numberOfRobotsOnBlackSite,numberOfRobotsOnWhiteSite
5861,23,14
timeStep,numberOfRobotsOnBlackSite,numberOfRobotsOnWhiteSite
5862,23,14
timeStep,numberOfRobotsOnBlackSite,numberOfRobotsOnWhiteSite
5863,23,14
timeStep,numberOfRobotsOnBlackSite,numberOfRobotsOnWhiteSite
5864,23,14
timeStep,numberOfRobotsOnBlackSite,numberOfRobotsOnWhiteSite
5865,23,14
timeStep,numberOfRobotsOnBlackSite,numberOfRobotsOnWhiteSite
5866,23,14
timeStep,numberOfRobotsOnBlackSite,numberOfRobotsOnWhiteSite
5867,23,14
timeStep,numberOfRobotsOnBlackSite,numberOfRobotsOnWhiteSite
5868,23,14
timeStep,numberOfRobotsOnBlackSite,numberOfRobotsOnWhiteSite
5869,23,14
timeStep,numberOfRobotsOnBlackSite,numberOfRobotsOnWhiteSite
5870,23,14
timeStep,numberOfRobotsOnBlackSite,numberOfRobotsOnWhiteSite
5871,23,14
timeStep,numberOfRobotsOnBlackSite,numberOfRobotsOnWhiteSite
5872,23,14
timeStep,numberOfRobotsOnBlackSite,numberOfRobotsOnWhiteSite
5873,23,14
timeStep,numberOfRobotsOnBlackSite,numberOfRobotsOnWhiteSite
5874,23,14
timeStep,numberOfRobotsOnBlackSite,numberOfRobotsOnWhiteSite
5875,23,14
timeStep,numberOfRobotsOnBlackSite,numberOfRobotsOnWhiteSite
5876,23,14
timeStep,numberOfRobotsOnBlackSite,numberOfRobotsOnWhiteSite
5877,23,14
timeStep,numberOfRobotsOnBlackSite,numberOfRobotsOnWhiteSite
5878,23,14
timeStep,numberOfRobotsOnBlackSite,numberOfRobotsOnWhiteSite
5879,23,14
timeStep,numberOfRobotsOnBlackSite,numberOfRobotsOnWhiteSite
5880,23,14
timeStep,numberOfRobotsOnBlackSite,numberOfRobotsOnWhiteSite
5881,23,14
timeStep,numberOfRobotsOnBlackSite,numberOfRobotsOnWhiteSite
5882,23,14
timeStep,numberOfRobotsOnBlackSite,numberOfRobotsOnWhiteSite
5883,23,14
timeStep,numberOfRobotsOnBlackSite,numberOfRobotsOnWhiteSite
5884,23,14
timeStep,numberOfRobotsOnBlackSite,numberOfRobotsOnWhiteSite
5885,23,15
timeStep,numberOfRobotsOnBlackSite,numberOfRobotsOnWhiteSite
5886,23,15
timeStep,numberOfRobotsOnBlackSite,numberOfRobotsOnWhiteSite
5887,23,15
timeStep,numberOfRobotsOnBlackSite,numberOfRobotsOnWhiteSite
5888,23,15
timeStep,numberOfRobotsOnBlackSite,numberOfRobotsOnWhiteSite
5889,23,15
timeStep,numberOfRobotsOnBlackSite,numberOfRobotsOnWhiteSite
5890,23,15
timeStep,numberOfRobotsOnBlackSite,numberOfRobotsOnWhiteSite
5891,23,15
timeStep,numberOfRobotsOnBlackSite,numberOfRobotsOnWhiteSite
5892,23,15
timeStep,numberOfRobotsOnBlackSite,numberOfRobotsOnWhiteSite
5893,23,15
timeStep,numberOfRobotsOnBlackSite,numberOfRobotsOnWhiteSite
5894,23,15
timeStep,numberOfRobotsOnBlackSite,numberOfRobotsOnWhiteSite
5895,23,15
timeStep,numberOfRobotsOnBlackSite,numberOfRobotsOnWhiteSite
5896,23,15
timeStep,numberOfRobotsOnBlackSite,numberOfRobotsOnWhiteSite
5897,23,15
timeStep,numberOfRobotsOnBlackSite,numberOfRobotsOnWhiteSite
5898,23,15
timeStep,numberOfRobotsOnBlackSite,numberOfRobotsOnWhiteSite
5899,23,15
timeStep,numberOfRobotsOnBlackSite,numberOfRobotsOnWhiteSite
5900,23,15
timeStep,numberOfRobotsOnBlackSite,numberOfRobotsOnWhiteSite
5901,23,15
timeStep,numberOfRobotsOnBlackSite,numberOfRobotsOnWhiteSite
5902,23,15
timeStep,numberOfRobotsOnBlackSite,numberOfRobotsOnWhiteSite
5903,23,15
timeStep,numberOfRobotsOnBlackSite,numberOfRobotsOnWhiteSite
5904,23,15
timeStep,numberOfRobotsOnBlackSite,numberOfRobotsOnWhiteSite
5905,23,14
timeStep,numberOfRobotsOnBlackSite,numberOfRobotsOnWhiteSite
5906,23,14
timeStep,numberOfRobotsOnBlackSite,numberOfRobotsOnWhiteSite
5907,23,14
timeStep,numberOfRobotsOnBlackSite,numberOfRobotsOnWhiteSite
5908,23,14
timeStep,numberOfRobotsOnBlackSite,numberOfRobotsOnWhiteSite
5909,23,14
timeStep,numberOfRobotsOnBlackSite,numberOfRobotsOnWhiteSite
5910,23,14
timeStep,numberOfRobotsOnBlackSite,numberOfRobotsOnWhiteSite
5911,23,14
timeStep,numberOfRobotsOnBlackSite,numberOfRobotsOnWhiteSite
5912,23,14
timeStep,numberOfRobotsOnBlackSite,numberOfRobotsOnWhiteSite
5913,23,14
timeStep,numberOfRobotsOnBlackSite,numberOfRobotsOnWhiteSite
5914,23,14
timeStep,numberOfRobotsOnBlackSite,numberOfRobotsOnWhiteSite
5915,23,14
timeStep,numberOfRobotsOnBlackSite,numberOfRobotsOnWhiteSite
5916,23,14
timeStep,numberOfRobotsOnBlackSite,numberOfRobotsOnWhiteSite
5917,23,14
timeStep,numberOfRobotsOnBlackSite,numberOfRobotsOnWhiteSite
5918,23,14
timeStep,numberOfRobotsOnBlackSite,numberOfRobotsOnWhiteSite
5919,23,14
timeStep,numberOfRobotsOnBlackSite,numberOfRobotsOnWhiteSite
5920,23,14
timeStep,numberOfRobotsOnBlackSite,numberOfRobotsOnWhiteSite
5921,23,14
timeStep,numberOfRobotsOnBlackSite,numberOfRobotsOnWhiteSite
5922,23,14
timeStep,numberOfRobotsOnBlackSite,numberOfRobotsOnWhiteSite
5923,23,14
timeStep,numberOfRobotsOnBlackSite,numberOfRobotsOnWhiteSite
5924,23,14
timeStep,numberOfRobotsOnBlackSite,numberOfRobotsOnWhiteSite
5925,23,13
timeStep,numberOfRobotsOnBlackSite,numberOfRobotsOnWhiteSite
5926,23,13
timeStep,numberOfRobotsOnBlackSite,numberOfRobotsOnWhiteSite
5927,23,13
timeStep,numberOfRobotsOnBlackSite,numberOfRobotsOnWhiteSite
5928,23,13
timeStep,numberOfRobotsOnBlackSite,numberOfRobotsOnWhiteSite
5929,23,13
timeStep,numberOfRobotsOnBlackSite,numberOfRobotsOnWhiteSite
5930,23,13
timeStep,numberOfRobotsOnBlackSite,numberOfRobotsOnWhiteSite
5931,23,13
timeStep,numberOfRobotsOnBlackSite,numberOfRobotsOnWhiteSite
5932,23,13
timeStep,numberOfRobotsOnBlackSite,numberOfRobotsOnWhiteSite
5933,23,13
timeStep,numberOfRobotsOnBlackSite,numberOfRobotsOnWhiteSite
5934,23,13
timeStep,numberOfRobotsOnBlackSite,numberOfRobotsOnWhiteSite
5935,23,13
timeStep,numberOfRobotsOnBlackSite,numberOfRobotsOnWhiteSite
5936,23,13
timeStep,numberOfRobotsOnBlackSite,numberOfRobotsOnWhiteSite
5937,23,13
timeStep,numberOfRobotsOnBlackSite,numberOfRobotsOnWhiteSite
5938,23,13
timeStep,numberOfRobotsOnBlackSite,numberOfRobotsOnWhiteSite
5939,23,13
timeStep,numberOfRobotsOnBlackSite,numberOfRobotsOnWhiteSite
5940,23,13
timeStep,numberOfRobotsOnBlackSite,numberOfRobotsOnWhiteSite
5941,23,13
timeStep,numberOfRobotsOnBlackSite,numberOfRobotsOnWhiteSite
5942,23,13
timeStep,numberOfRobotsOnBlackSite,numberOfRobotsOnWhiteSite
5943,23,13
timeStep,numberOfRobotsOnBlackSite,numberOfRobotsOnWhiteSite
5944,23,13
timeStep,numberOfRobotsOnBlackSite,numberOfRobotsOnWhiteSite
5945,23,12
timeStep,numberOfRobotsOnBlackSite,numberOfRobotsOnWhiteSite
5946,23,12
timeStep,numberOfRobotsOnBlackSite,numberOfRobotsOnWhiteSite
5947,23,12
timeStep,numberOfRobotsOnBlackSite,numberOfRobotsOnWhiteSite
5948,23,12
timeStep,numberOfRobotsOnBlackSite,numberOfRobotsOnWhiteSite
5949,23,12
timeStep,numberOfRobotsOnBlackSite,numberOfRobotsOnWhiteSite
5950,23,12
timeStep,numberOfRobotsOnBlackSite,numberOfRobotsOnWhiteSite
5951,23,12
timeStep,numberOfRobotsOnBlackSite,numberOfRobotsOnWhiteSite
5952,23,12
timeStep,numberOfRobotsOnBlackSite,numberOfRobotsOnWhiteSite
5953,23,12
timeStep,numberOfRobotsOnBlackSite,numberOfRobotsOnWhiteSite
5954,23,12
timeStep,numberOfRobotsOnBlackSite,numberOfRobotsOnWhiteSite
5955,23,12
timeStep,numberOfRobotsOnBlackSite,numberOfRobotsOnWhiteSite
5956,23,12
timeStep,numberOfRobotsOnBlackSite,numberOfRobotsOnWhiteSite
5957,23,12
timeStep,numberOfRobotsOnBlackSite,numberOfRobotsOnWhiteSite
5958,23,12
timeStep,numberOfRobotsOnBlackSite,numberOfRobotsOnWhiteSite
5959,23,12
timeStep,numberOfRobotsOnBlackSite,numberOfRobotsOnWhiteSite
5960,23,12
timeStep,numberOfRobotsOnBlackSite,numberOfRobotsOnWhiteSite
5961,23,12
timeStep,numberOfRobotsOnBlackSite,numberOfRobotsOnWhiteSite
5962,23,12
timeStep,numberOfRobotsOnBlackSite,numberOfRobotsOnWhiteSite
5963,23,12
timeStep,numberOfRobotsOnBlackSite,numberOfRobotsOnWhiteSite
5964,23,12
timeStep,numberOfRobotsOnBlackSite,numberOfRobotsOnWhiteSite
5965,23,11
timeStep,numberOfRobotsOnBlackSite,numberOfRobotsOnWhiteSite
5966,23,11
timeStep,numberOfRobotsOnBlackSite,numberOfRobotsOnWhiteSite
5967,23,11
timeStep,numberOfRobotsOnBlackSite,numberOfRobotsOnWhiteSite
5968,23,11
timeStep,numberOfRobotsOnBlackSite,numberOfRobotsOnWhiteSite
5969,23,11
timeStep,numberOfRobotsOnBlackSite,numberOfRobotsOnWhiteSite
5970,23,11
timeStep,numberOfRobotsOnBlackSite,numberOfRobotsOnWhiteSite
5971,23,11
timeStep,numberOfRobotsOnBlackSite,numberOfRobotsOnWhiteSite
5972,23,11
timeStep,numberOfRobotsOnBlackSite,numberOfRobotsOnWhiteSite
5973,23,11
timeStep,numberOfRobotsOnBlackSite,numberOfRobotsOnWhiteSite
5974,23,11
timeStep,numberOfRobotsOnBlackSite,numberOfRobotsOnWhiteSite
5975,23,11
timeStep,numberOfRobotsOnBlackSite,numberOfRobotsOnWhiteSite
5976,23,11
timeStep,numberOfRobotsOnBlackSite,numberOfRobotsOnWhiteSite
5977,23,11
timeStep,numberOfRobotsOnBlackSite,numberOfRobotsOnWhiteSite
5978,23,11
timeStep,numberOfRobotsOnBlackSite,numberOfRobotsOnWhiteSite
5979,23,11
timeStep,numberOfRobotsOnBlackSite,numberOfRobotsOnWhiteSite
5980,23,11
timeStep,numberOfRobotsOnBlackSite,numberOfRobotsOnWhiteSite
5981,23,11
timeStep,numberOfRobotsOnBlackSite,numberOfRobotsOnWhiteSite
5982,23,11
timeStep,numberOfRobotsOnBlackSite,numberOfRobotsOnWhiteSite
5983,23,11
timeStep,numberOfRobotsOnBlackSite,numberOfRobotsOnWhiteSite
5984,23,11
timeStep,numberOfRobotsOnBlackSite,numberOfRobotsOnWhiteSite
5985,23,11
timeStep,numberOfRobotsOnBlackSite,numberOfRobotsOnWhiteSite
5986,23,11
timeStep,numberOfRobotsOnBlackSite,numberOfRobotsOnWhiteSite
5987,23,11
timeStep,numberOfRobotsOnBlackSite,numberOfRobotsOnWhiteSite
5988,23,11
timeStep,numberOfRobotsOnBlackSite,numberOfRobotsOnWhiteSite
5989,23,11
timeStep,numberOfRobotsOnBlackSite,numberOfRobotsOnWhiteSite
5990,23,11
timeStep,numberOfRobotsOnBlackSite,numberOfRobotsOnWhiteSite
5991,23,11
timeStep,numberOfRobotsOnBlackSite,numberOfRobotsOnWhiteSite
5992,23,11
timeStep,numberOfRobotsOnBlackSite,numberOfRobotsOnWhiteSite
5993,23,11
timeStep,numberOfRobotsOnBlackSite,numberOfRobotsOnWhiteSite
5994,23,11
timeStep,numberOfRobotsOnBlackSite,numberOfRobotsOnWhiteSite
5995,23,11
timeStep,numberOfRobotsOnBlackSite,numberOfRobotsOnWhiteSite
5996,23,11
timeStep,numberOfRobotsOnBlackSite,numberOfRobotsOnWhiteSite
5997,23,11
timeStep,numberOfRobotsOnBlackSite,numberOfRobotsOnWhiteSite
5998,23,11
timeStep,numberOfRobotsOnBlackSite,numberOfRobotsOnWhiteSite
5999,23,11
timeStep,numberOfRobotsOnBlackSite,numberOfRobotsOnWhiteSite
6000,23,11
timeStep,numberOfRobotsOnBlackSite,numberOfRobotsOnWhiteSite
6001,23,11
timeStep,numberOfRobotsOnBlackSite,numberOfRobotsOnWhiteSite
6002,23,11
timeStep,numberOfRobotsOnBlackSite,numberOfRobotsOnWhiteSite
6003,23,11
timeStep,numberOfRobotsOnBlackSite,numberOfRobotsOnWhiteSite
6004,23,11
timeStep,numberOfRobotsOnBlackSite,numberOfRobotsOnWhiteSite
6005,23,11
timeStep,numberOfRobotsOnBlackSite,numberOfRobotsOnWhiteSite
6006,23,11
timeStep,numberOfRobotsOnBlackSite,numberOfRobotsOnWhiteSite
6007,23,11
timeStep,numberOfRobotsOnBlackSite,numberOfRobotsOnWhiteSite
6008,23,11
timeStep,numberOfRobotsOnBlackSite,numberOfRobotsOnWhiteSite
6009,23,11
timeStep,numberOfRobotsOnBlackSite,numberOfRobotsOnWhiteSite
6010,23,11
timeStep,numberOfRobotsOnBlackSite,numberOfRobotsOnWhiteSite
6011,23,11
timeStep,numberOfRobotsOnBlackSite,numberOfRobotsOnWhiteSite
6012,23,11
timeStep,numberOfRobotsOnBlackSite,numberOfRobotsOnWhiteSite
6013,23,11
timeStep,numberOfRobotsOnBlackSite,numberOfRobotsOnWhiteSite
6014,23,11
timeStep,numberOfRobotsOnBlackSite,numberOfRobotsOnWhiteSite
6015,23,11
timeStep,numberOfRobotsOnBlackSite,numberOfRobotsOnWhiteSite
6016,23,11
timeStep,numberOfRobotsOnBlackSite,numberOfRobotsOnWhiteSite
6017,23,11
timeStep,numberOfRobotsOnBlackSite,numberOfRobotsOnWhiteSite
6018,23,11
timeStep,numberOfRobotsOnBlackSite,numberOfRobotsOnWhiteSite
6019,23,11
timeStep,numberOfRobotsOnBlackSite,numberOfRobotsOnWhiteSite
6020,23,11
timeStep,numberOfRobotsOnBlackSite,numberOfRobotsOnWhiteSite
6021,23,11
timeStep,numberOfRobotsOnBlackSite,numberOfRobotsOnWhiteSite
6022,23,11
timeStep,numberOfRobotsOnBlackSite,numberOfRobotsOnWhiteSite
6023,23,11
timeStep,numberOfRobotsOnBlackSite,numberOfRobotsOnWhiteSite
6024,23,11
timeStep,numberOfRobotsOnBlackSite,numberOfRobotsOnWhiteSite
6025,23,11
timeStep,numberOfRobotsOnBlackSite,numberOfRobotsOnWhiteSite
6026,23,11
timeStep,numberOfRobotsOnBlackSite,numberOfRobotsOnWhiteSite
6027,23,11
timeStep,numberOfRobotsOnBlackSite,numberOfRobotsOnWhiteSite
6028,23,11
timeStep,numberOfRobotsOnBlackSite,numberOfRobotsOnWhiteSite
6029,23,11
timeStep,numberOfRobotsOnBlackSite,numberOfRobotsOnWhiteSite
6030,23,12
timeStep,numberOfRobotsOnBlackSite,numberOfRobotsOnWhiteSite
6031,23,12
timeStep,numberOfRobotsOnBlackSite,numberOfRobotsOnWhiteSite
6032,23,12
timeStep,numberOfRobotsOnBlackSite,numberOfRobotsOnWhiteSite
6033,23,12
timeStep,numberOfRobotsOnBlackSite,numberOfRobotsOnWhiteSite
6034,23,12
timeStep,numberOfRobotsOnBlackSite,numberOfRobotsOnWhiteSite
6035,23,12
timeStep,numberOfRobotsOnBlackSite,numberOfRobotsOnWhiteSite
6036,23,12
timeStep,numberOfRobotsOnBlackSite,numberOfRobotsOnWhiteSite
6037,23,12
timeStep,numberOfRobotsOnBlackSite,numberOfRobotsOnWhiteSite
6038,23,12
timeStep,numberOfRobotsOnBlackSite,numberOfRobotsOnWhiteSite
6039,23,12
timeStep,numberOfRobotsOnBlackSite,numberOfRobotsOnWhiteSite
6040,23,11
timeStep,numberOfRobotsOnBlackSite,numberOfRobotsOnWhiteSite
6041,23,11
timeStep,numberOfRobotsOnBlackSite,numberOfRobotsOnWhiteSite
6042,23,11
timeStep,numberOfRobotsOnBlackSite,numberOfRobotsOnWhiteSite
6043,23,11
timeStep,numberOfRobotsOnBlackSite,numberOfRobotsOnWhiteSite
6044,23,11
timeStep,numberOfRobotsOnBlackSite,numberOfRobotsOnWhiteSite
6045,23,11
timeStep,numberOfRobotsOnBlackSite,numberOfRobotsOnWhiteSite
6046,23,11
timeStep,numberOfRobotsOnBlackSite,numberOfRobotsOnWhiteSite
6047,23,11
timeStep,numberOfRobotsOnBlackSite,numberOfRobotsOnWhiteSite
6048,23,11
timeStep,numberOfRobotsOnBlackSite,numberOfRobotsOnWhiteSite
6049,23,11
timeStep,numberOfRobotsOnBlackSite,numberOfRobotsOnWhiteSite
6050,23,11
timeStep,numberOfRobotsOnBlackSite,numberOfRobotsOnWhiteSite
6051,23,11
timeStep,numberOfRobotsOnBlackSite,numberOfRobotsOnWhiteSite
6052,23,11
timeStep,numberOfRobotsOnBlackSite,numberOfRobotsOnWhiteSite
6053,23,11
timeStep,numberOfRobotsOnBlackSite,numberOfRobotsOnWhiteSite
6054,23,11
timeStep,numberOfRobotsOnBlackSite,numberOfRobotsOnWhiteSite
6055,23,11
timeStep,numberOfRobotsOnBlackSite,numberOfRobotsOnWhiteSite
6056,23,11
timeStep,numberOfRobotsOnBlackSite,numberOfRobotsOnWhiteSite
6057,23,11
timeStep,numberOfRobotsOnBlackSite,numberOfRobotsOnWhiteSite
6058,23,11
timeStep,numberOfRobotsOnBlackSite,numberOfRobotsOnWhiteSite
6059,23,11
timeStep,numberOfRobotsOnBlackSite,numberOfRobotsOnWhiteSite
6060,23,11
timeStep,numberOfRobotsOnBlackSite,numberOfRobotsOnWhiteSite
6061,23,11
timeStep,numberOfRobotsOnBlackSite,numberOfRobotsOnWhiteSite
6062,23,11
timeStep,numberOfRobotsOnBlackSite,numberOfRobotsOnWhiteSite
6063,23,11
timeStep,numberOfRobotsOnBlackSite,numberOfRobotsOnWhiteSite
6064,23,11
timeStep,numberOfRobotsOnBlackSite,numberOfRobotsOnWhiteSite
6065,23,11
timeStep,numberOfRobotsOnBlackSite,numberOfRobotsOnWhiteSite
6066,23,11
timeStep,numberOfRobotsOnBlackSite,numberOfRobotsOnWhiteSite
6067,23,11
timeStep,numberOfRobotsOnBlackSite,numberOfRobotsOnWhiteSite
6068,23,11
timeStep,numberOfRobotsOnBlackSite,numberOfRobotsOnWhiteSite
6069,23,11
timeStep,numberOfRobotsOnBlackSite,numberOfRobotsOnWhiteSite
6070,23,11
timeStep,numberOfRobotsOnBlackSite,numberOfRobotsOnWhiteSite
6071,23,11
timeStep,numberOfRobotsOnBlackSite,numberOfRobotsOnWhiteSite
6072,23,11
timeStep,numberOfRobotsOnBlackSite,numberOfRobotsOnWhiteSite
6073,23,11
timeStep,numberOfRobotsOnBlackSite,numberOfRobotsOnWhiteSite
6074,23,11
timeStep,numberOfRobotsOnBlackSite,numberOfRobotsOnWhiteSite
6075,23,11
timeStep,numberOfRobotsOnBlackSite,numberOfRobotsOnWhiteSite
6076,23,11
timeStep,numberOfRobotsOnBlackSite,numberOfRobotsOnWhiteSite
6077,23,11
timeStep,numberOfRobotsOnBlackSite,numberOfRobotsOnWhiteSite
6078,23,11
timeStep,numberOfRobotsOnBlackSite,numberOfRobotsOnWhiteSite
6079,23,11
timeStep,numberOfRobotsOnBlackSite,numberOfRobotsOnWhiteSite
6080,23,12
timeStep,numberOfRobotsOnBlackSite,numberOfRobotsOnWhiteSite
6081,23,12
timeStep,numberOfRobotsOnBlackSite,numberOfRobotsOnWhiteSite
6082,23,12
timeStep,numberOfRobotsOnBlackSite,numberOfRobotsOnWhiteSite
6083,23,12
timeStep,numberOfRobotsOnBlackSite,numberOfRobotsOnWhiteSite
6084,23,12
timeStep,numberOfRobotsOnBlackSite,numberOfRobotsOnWhiteSite
6085,23,12
timeStep,numberOfRobotsOnBlackSite,numberOfRobotsOnWhiteSite
6086,23,12
timeStep,numberOfRobotsOnBlackSite,numberOfRobotsOnWhiteSite
6087,23,12
timeStep,numberOfRobotsOnBlackSite,numberOfRobotsOnWhiteSite
6088,23,12
timeStep,numberOfRobotsOnBlackSite,numberOfRobotsOnWhiteSite
6089,23,12
timeStep,numberOfRobotsOnBlackSite,numberOfRobotsOnWhiteSite
6090,23,12
timeStep,numberOfRobotsOnBlackSite,numberOfRobotsOnWhiteSite
6091,23,12
timeStep,numberOfRobotsOnBlackSite,numberOfRobotsOnWhiteSite
6092,23,12
timeStep,numberOfRobotsOnBlackSite,numberOfRobotsOnWhiteSite
6093,23,12
timeStep,numberOfRobotsOnBlackSite,numberOfRobotsOnWhiteSite
6094,23,12
timeStep,numberOfRobotsOnBlackSite,numberOfRobotsOnWhiteSite
6095,23,12
timeStep,numberOfRobotsOnBlackSite,numberOfRobotsOnWhiteSite
6096,23,12
timeStep,numberOfRobotsOnBlackSite,numberOfRobotsOnWhiteSite
6097,23,12
timeStep,numberOfRobotsOnBlackSite,numberOfRobotsOnWhiteSite
6098,23,12
timeStep,numberOfRobotsOnBlackSite,numberOfRobotsOnWhiteSite
6099,23,12
timeStep,numberOfRobotsOnBlackSite,numberOfRobotsOnWhiteSite
6100,23,12
timeStep,numberOfRobotsOnBlackSite,numberOfRobotsOnWhiteSite
6101,23,12
timeStep,numberOfRobotsOnBlackSite,numberOfRobotsOnWhiteSite
6102,23,12
timeStep,numberOfRobotsOnBlackSite,numberOfRobotsOnWhiteSite
6103,23,12
timeStep,numberOfRobotsOnBlackSite,numberOfRobotsOnWhiteSite
6104,23,12
timeStep,numberOfRobotsOnBlackSite,numberOfRobotsOnWhiteSite
6105,23,12
timeStep,numberOfRobotsOnBlackSite,numberOfRobotsOnWhiteSite
6106,23,12
timeStep,numberOfRobotsOnBlackSite,numberOfRobotsOnWhiteSite
6107,23,12
timeStep,numberOfRobotsOnBlackSite,numberOfRobotsOnWhiteSite
6108,23,12
timeStep,numberOfRobotsOnBlackSite,numberOfRobotsOnWhiteSite
6109,23,12
timeStep,numberOfRobotsOnBlackSite,numberOfRobotsOnWhiteSite
6110,23,12
timeStep,numberOfRobotsOnBlackSite,numberOfRobotsOnWhiteSite
6111,23,12
timeStep,numberOfRobotsOnBlackSite,numberOfRobotsOnWhiteSite
6112,23,12
timeStep,numberOfRobotsOnBlackSite,numberOfRobotsOnWhiteSite
6113,23,12
timeStep,numberOfRobotsOnBlackSite,numberOfRobotsOnWhiteSite
6114,23,12
timeStep,numberOfRobotsOnBlackSite,numberOfRobotsOnWhiteSite
6115,23,12
timeStep,numberOfRobotsOnBlackSite,numberOfRobotsOnWhiteSite
6116,23,12
timeStep,numberOfRobotsOnBlackSite,numberOfRobotsOnWhiteSite
6117,23,12
timeStep,numberOfRobotsOnBlackSite,numberOfRobotsOnWhiteSite
6118,23,12
timeStep,numberOfRobotsOnBlackSite,numberOfRobotsOnWhiteSite
6119,23,12
timeStep,numberOfRobotsOnBlackSite,numberOfRobotsOnWhiteSite
6120,23,12
timeStep,numberOfRobotsOnBlackSite,numberOfRobotsOnWhiteSite
6121,23,12
timeStep,numberOfRobotsOnBlackSite,numberOfRobotsOnWhiteSite
6122,23,12
timeStep,numberOfRobotsOnBlackSite,numberOfRobotsOnWhiteSite
6123,23,12
timeStep,numberOfRobotsOnBlackSite,numberOfRobotsOnWhiteSite
6124,23,12
timeStep,numberOfRobotsOnBlackSite,numberOfRobotsOnWhiteSite
6125,23,12
timeStep,numberOfRobotsOnBlackSite,numberOfRobotsOnWhiteSite
6126,23,12
timeStep,numberOfRobotsOnBlackSite,numberOfRobotsOnWhiteSite
6127,23,12
timeStep,numberOfRobotsOnBlackSite,numberOfRobotsOnWhiteSite
6128,23,12
timeStep,numberOfRobotsOnBlackSite,numberOfRobotsOnWhiteSite
6129,23,12
timeStep,numberOfRobotsOnBlackSite,numberOfRobotsOnWhiteSite
6130,23,12
timeStep,numberOfRobotsOnBlackSite,numberOfRobotsOnWhiteSite
6131,23,12
timeStep,numberOfRobotsOnBlackSite,numberOfRobotsOnWhiteSite
6132,23,12
timeStep,numberOfRobotsOnBlackSite,numberOfRobotsOnWhiteSite
6133,23,12
timeStep,numberOfRobotsOnBlackSite,numberOfRobotsOnWhiteSite
6134,23,12
timeStep,numberOfRobotsOnBlackSite,numberOfRobotsOnWhiteSite
6135,23,12
timeStep,numberOfRobotsOnBlackSite,numberOfRobotsOnWhiteSite
6136,23,12
timeStep,numberOfRobotsOnBlackSite,numberOfRobotsOnWhiteSite
6137,23,12
timeStep,numberOfRobotsOnBlackSite,numberOfRobotsOnWhiteSite
6138,23,12
timeStep,numberOfRobotsOnBlackSite,numberOfRobotsOnWhiteSite
6139,23,12
timeStep,numberOfRobotsOnBlackSite,numberOfRobotsOnWhiteSite
6140,24,12
timeStep,numberOfRobotsOnBlackSite,numberOfRobotsOnWhiteSite
6141,24,12
timeStep,numberOfRobotsOnBlackSite,numberOfRobotsOnWhiteSite
6142,24,12
timeStep,numberOfRobotsOnBlackSite,numberOfRobotsOnWhiteSite
6143,24,12
timeStep,numberOfRobotsOnBlackSite,numberOfRobotsOnWhiteSite
6144,24,12
timeStep,numberOfRobotsOnBlackSite,numberOfRobotsOnWhiteSite
6145,24,12
timeStep,numberOfRobotsOnBlackSite,numberOfRobotsOnWhiteSite
6146,24,12
timeStep,numberOfRobotsOnBlackSite,numberOfRobotsOnWhiteSite
6147,24,12
timeStep,numberOfRobotsOnBlackSite,numberOfRobotsOnWhiteSite
6148,24,12
timeStep,numberOfRobotsOnBlackSite,numberOfRobotsOnWhiteSite
6149,24,12
timeStep,numberOfRobotsOnBlackSite,numberOfRobotsOnWhiteSite
6150,24,12
timeStep,numberOfRobotsOnBlackSite,numberOfRobotsOnWhiteSite
6151,24,12
timeStep,numberOfRobotsOnBlackSite,numberOfRobotsOnWhiteSite
6152,24,12
timeStep,numberOfRobotsOnBlackSite,numberOfRobotsOnWhiteSite
6153,24,12
timeStep,numberOfRobotsOnBlackSite,numberOfRobotsOnWhiteSite
6154,24,12
timeStep,numberOfRobotsOnBlackSite,numberOfRobotsOnWhiteSite
6155,24,12
timeStep,numberOfRobotsOnBlackSite,numberOfRobotsOnWhiteSite
6156,24,12
timeStep,numberOfRobotsOnBlackSite,numberOfRobotsOnWhiteSite
6157,24,12
timeStep,numberOfRobotsOnBlackSite,numberOfRobotsOnWhiteSite
6158,24,12
timeStep,numberOfRobotsOnBlackSite,numberOfRobotsOnWhiteSite
6159,24,12
timeStep,numberOfRobotsOnBlackSite,numberOfRobotsOnWhiteSite
6160,24,12
timeStep,numberOfRobotsOnBlackSite,numberOfRobotsOnWhiteSite
6161,24,12
timeStep,numberOfRobotsOnBlackSite,numberOfRobotsOnWhiteSite
6162,24,12
timeStep,numberOfRobotsOnBlackSite,numberOfRobotsOnWhiteSite
6163,24,12
timeStep,numberOfRobotsOnBlackSite,numberOfRobotsOnWhiteSite
6164,24,12
timeStep,numberOfRobotsOnBlackSite,numberOfRobotsOnWhiteSite
6165,24,12
timeStep,numberOfRobotsOnBlackSite,numberOfRobotsOnWhiteSite
6166,24,12
timeStep,numberOfRobotsOnBlackSite,numberOfRobotsOnWhiteSite
6167,24,12
timeStep,numberOfRobotsOnBlackSite,numberOfRobotsOnWhiteSite
6168,24,12
timeStep,numberOfRobotsOnBlackSite,numberOfRobotsOnWhiteSite
6169,24,12
timeStep,numberOfRobotsOnBlackSite,numberOfRobotsOnWhiteSite
6170,24,12
timeStep,numberOfRobotsOnBlackSite,numberOfRobotsOnWhiteSite
6171,24,12
timeStep,numberOfRobotsOnBlackSite,numberOfRobotsOnWhiteSite
6172,24,12
timeStep,numberOfRobotsOnBlackSite,numberOfRobotsOnWhiteSite
6173,24,12
timeStep,numberOfRobotsOnBlackSite,numberOfRobotsOnWhiteSite
6174,24,12
timeStep,numberOfRobotsOnBlackSite,numberOfRobotsOnWhiteSite
6175,24,12
timeStep,numberOfRobotsOnBlackSite,numberOfRobotsOnWhiteSite
6176,24,12
timeStep,numberOfRobotsOnBlackSite,numberOfRobotsOnWhiteSite
6177,24,12
timeStep,numberOfRobotsOnBlackSite,numberOfRobotsOnWhiteSite
6178,24,12
timeStep,numberOfRobotsOnBlackSite,numberOfRobotsOnWhiteSite
6179,24,12
timeStep,numberOfRobotsOnBlackSite,numberOfRobotsOnWhiteSite
6180,24,12
timeStep,numberOfRobotsOnBlackSite,numberOfRobotsOnWhiteSite
6181,24,12
timeStep,numberOfRobotsOnBlackSite,numberOfRobotsOnWhiteSite
6182,24,12
timeStep,numberOfRobotsOnBlackSite,numberOfRobotsOnWhiteSite
6183,24,12
timeStep,numberOfRobotsOnBlackSite,numberOfRobotsOnWhiteSite
6184,24,12
timeStep,numberOfRobotsOnBlackSite,numberOfRobotsOnWhiteSite
6185,24,12
timeStep,numberOfRobotsOnBlackSite,numberOfRobotsOnWhiteSite
6186,24,12
timeStep,numberOfRobotsOnBlackSite,numberOfRobotsOnWhiteSite
6187,24,12
timeStep,numberOfRobotsOnBlackSite,numberOfRobotsOnWhiteSite
6188,24,12
timeStep,numberOfRobotsOnBlackSite,numberOfRobotsOnWhiteSite
6189,24,12
timeStep,numberOfRobotsOnBlackSite,numberOfRobotsOnWhiteSite
6190,24,12
timeStep,numberOfRobotsOnBlackSite,numberOfRobotsOnWhiteSite
6191,24,12
timeStep,numberOfRobotsOnBlackSite,numberOfRobotsOnWhiteSite
6192,24,12
timeStep,numberOfRobotsOnBlackSite,numberOfRobotsOnWhiteSite
6193,24,12
timeStep,numberOfRobotsOnBlackSite,numberOfRobotsOnWhiteSite
6194,24,12
timeStep,numberOfRobotsOnBlackSite,numberOfRobotsOnWhiteSite
6195,24,13
timeStep,numberOfRobotsOnBlackSite,numberOfRobotsOnWhiteSite
6196,24,13
timeStep,numberOfRobotsOnBlackSite,numberOfRobotsOnWhiteSite
6197,24,13
timeStep,numberOfRobotsOnBlackSite,numberOfRobotsOnWhiteSite
6198,24,13
timeStep,numberOfRobotsOnBlackSite,numberOfRobotsOnWhiteSite
6199,24,13
timeStep,numberOfRobotsOnBlackSite,numberOfRobotsOnWhiteSite
6200,24,13
timeStep,numberOfRobotsOnBlackSite,numberOfRobotsOnWhiteSite
6201,24,13
timeStep,numberOfRobotsOnBlackSite,numberOfRobotsOnWhiteSite
6202,24,13
timeStep,numberOfRobotsOnBlackSite,numberOfRobotsOnWhiteSite
6203,24,13
timeStep,numberOfRobotsOnBlackSite,numberOfRobotsOnWhiteSite
6204,24,13
timeStep,numberOfRobotsOnBlackSite,numberOfRobotsOnWhiteSite
6205,24,13
timeStep,numberOfRobotsOnBlackSite,numberOfRobotsOnWhiteSite
6206,24,13
timeStep,numberOfRobotsOnBlackSite,numberOfRobotsOnWhiteSite
6207,24,13
timeStep,numberOfRobotsOnBlackSite,numberOfRobotsOnWhiteSite
6208,24,13
timeStep,numberOfRobotsOnBlackSite,numberOfRobotsOnWhiteSite
6209,24,13
timeStep,numberOfRobotsOnBlackSite,numberOfRobotsOnWhiteSite
6210,24,13
timeStep,numberOfRobotsOnBlackSite,numberOfRobotsOnWhiteSite
6211,24,13
timeStep,numberOfRobotsOnBlackSite,numberOfRobotsOnWhiteSite
6212,24,13
timeStep,numberOfRobotsOnBlackSite,numberOfRobotsOnWhiteSite
6213,24,13
timeStep,numberOfRobotsOnBlackSite,numberOfRobotsOnWhiteSite
6214,24,13
timeStep,numberOfRobotsOnBlackSite,numberOfRobotsOnWhiteSite
6215,24,13
timeStep,numberOfRobotsOnBlackSite,numberOfRobotsOnWhiteSite
6216,24,13
timeStep,numberOfRobotsOnBlackSite,numberOfRobotsOnWhiteSite
6217,24,13
timeStep,numberOfRobotsOnBlackSite,numberOfRobotsOnWhiteSite
6218,24,13
timeStep,numberOfRobotsOnBlackSite,numberOfRobotsOnWhiteSite
6219,24,13
timeStep,numberOfRobotsOnBlackSite,numberOfRobotsOnWhiteSite
6220,24,13
timeStep,numberOfRobotsOnBlackSite,numberOfRobotsOnWhiteSite
6221,24,13
timeStep,numberOfRobotsOnBlackSite,numberOfRobotsOnWhiteSite
6222,24,13
timeStep,numberOfRobotsOnBlackSite,numberOfRobotsOnWhiteSite
6223,24,13
timeStep,numberOfRobotsOnBlackSite,numberOfRobotsOnWhiteSite
6224,24,13
timeStep,numberOfRobotsOnBlackSite,numberOfRobotsOnWhiteSite
6225,24,13
timeStep,numberOfRobotsOnBlackSite,numberOfRobotsOnWhiteSite
6226,24,13
timeStep,numberOfRobotsOnBlackSite,numberOfRobotsOnWhiteSite
6227,24,13
timeStep,numberOfRobotsOnBlackSite,numberOfRobotsOnWhiteSite
6228,24,13
timeStep,numberOfRobotsOnBlackSite,numberOfRobotsOnWhiteSite
6229,24,13
timeStep,numberOfRobotsOnBlackSite,numberOfRobotsOnWhiteSite
6230,24,13
timeStep,numberOfRobotsOnBlackSite,numberOfRobotsOnWhiteSite
6231,24,13
timeStep,numberOfRobotsOnBlackSite,numberOfRobotsOnWhiteSite
6232,24,13
timeStep,numberOfRobotsOnBlackSite,numberOfRobotsOnWhiteSite
6233,24,13
timeStep,numberOfRobotsOnBlackSite,numberOfRobotsOnWhiteSite
6234,24,13
timeStep,numberOfRobotsOnBlackSite,numberOfRobotsOnWhiteSite
6235,24,14
timeStep,numberOfRobotsOnBlackSite,numberOfRobotsOnWhiteSite
6236,24,14
timeStep,numberOfRobotsOnBlackSite,numberOfRobotsOnWhiteSite
6237,24,14
timeStep,numberOfRobotsOnBlackSite,numberOfRobotsOnWhiteSite
6238,24,14
timeStep,numberOfRobotsOnBlackSite,numberOfRobotsOnWhiteSite
6239,24,14
timeStep,numberOfRobotsOnBlackSite,numberOfRobotsOnWhiteSite
6240,24,13
timeStep,numberOfRobotsOnBlackSite,numberOfRobotsOnWhiteSite
6241,24,13
timeStep,numberOfRobotsOnBlackSite,numberOfRobotsOnWhiteSite
6242,24,13
timeStep,numberOfRobotsOnBlackSite,numberOfRobotsOnWhiteSite
6243,24,13
timeStep,numberOfRobotsOnBlackSite,numberOfRobotsOnWhiteSite
6244,24,13
timeStep,numberOfRobotsOnBlackSite,numberOfRobotsOnWhiteSite
6245,24,13
timeStep,numberOfRobotsOnBlackSite,numberOfRobotsOnWhiteSite
6246,24,13
timeStep,numberOfRobotsOnBlackSite,numberOfRobotsOnWhiteSite
6247,24,13
timeStep,numberOfRobotsOnBlackSite,numberOfRobotsOnWhiteSite
6248,24,13
timeStep,numberOfRobotsOnBlackSite,numberOfRobotsOnWhiteSite
6249,24,13
timeStep,numberOfRobotsOnBlackSite,numberOfRobotsOnWhiteSite
6250,24,12
timeStep,numberOfRobotsOnBlackSite,numberOfRobotsOnWhiteSite
6251,24,12
timeStep,numberOfRobotsOnBlackSite,numberOfRobotsOnWhiteSite
6252,24,12
timeStep,numberOfRobotsOnBlackSite,numberOfRobotsOnWhiteSite
6253,24,12
timeStep,numberOfRobotsOnBlackSite,numberOfRobotsOnWhiteSite
6254,24,12
timeStep,numberOfRobotsOnBlackSite,numberOfRobotsOnWhiteSite
6255,24,12
timeStep,numberOfRobotsOnBlackSite,numberOfRobotsOnWhiteSite
6256,24,12
timeStep,numberOfRobotsOnBlackSite,numberOfRobotsOnWhiteSite
6257,24,12
timeStep,numberOfRobotsOnBlackSite,numberOfRobotsOnWhiteSite
6258,24,12
timeStep,numberOfRobotsOnBlackSite,numberOfRobotsOnWhiteSite
6259,24,12
timeStep,numberOfRobotsOnBlackSite,numberOfRobotsOnWhiteSite
6260,24,12
timeStep,numberOfRobotsOnBlackSite,numberOfRobotsOnWhiteSite
6261,24,12
timeStep,numberOfRobotsOnBlackSite,numberOfRobotsOnWhiteSite
6262,24,12
timeStep,numberOfRobotsOnBlackSite,numberOfRobotsOnWhiteSite
6263,24,12
timeStep,numberOfRobotsOnBlackSite,numberOfRobotsOnWhiteSite
6264,24,12
timeStep,numberOfRobotsOnBlackSite,numberOfRobotsOnWhiteSite
6265,24,12
timeStep,numberOfRobotsOnBlackSite,numberOfRobotsOnWhiteSite
6266,24,12
timeStep,numberOfRobotsOnBlackSite,numberOfRobotsOnWhiteSite
6267,24,12
timeStep,numberOfRobotsOnBlackSite,numberOfRobotsOnWhiteSite
6268,24,12
timeStep,numberOfRobotsOnBlackSite,numberOfRobotsOnWhiteSite
6269,24,12
timeStep,numberOfRobotsOnBlackSite,numberOfRobotsOnWhiteSite
6270,24,12
timeStep,numberOfRobotsOnBlackSite,numberOfRobotsOnWhiteSite
6271,24,12
timeStep,numberOfRobotsOnBlackSite,numberOfRobotsOnWhiteSite
6272,24,12
timeStep,numberOfRobotsOnBlackSite,numberOfRobotsOnWhiteSite
6273,24,12
timeStep,numberOfRobotsOnBlackSite,numberOfRobotsOnWhiteSite
6274,24,12
timeStep,numberOfRobotsOnBlackSite,numberOfRobotsOnWhiteSite
6275,24,12
timeStep,numberOfRobotsOnBlackSite,numberOfRobotsOnWhiteSite
6276,24,12
timeStep,numberOfRobotsOnBlackSite,numberOfRobotsOnWhiteSite
6277,24,12
timeStep,numberOfRobotsOnBlackSite,numberOfRobotsOnWhiteSite
6278,24,12
timeStep,numberOfRobotsOnBlackSite,numberOfRobotsOnWhiteSite
6279,24,12
timeStep,numberOfRobotsOnBlackSite,numberOfRobotsOnWhiteSite
6280,24,12
timeStep,numberOfRobotsOnBlackSite,numberOfRobotsOnWhiteSite
6281,24,12
timeStep,numberOfRobotsOnBlackSite,numberOfRobotsOnWhiteSite
6282,24,12
timeStep,numberOfRobotsOnBlackSite,numberOfRobotsOnWhiteSite
6283,24,12
timeStep,numberOfRobotsOnBlackSite,numberOfRobotsOnWhiteSite
6284,24,12
timeStep,numberOfRobotsOnBlackSite,numberOfRobotsOnWhiteSite
6285,24,12
timeStep,numberOfRobotsOnBlackSite,numberOfRobotsOnWhiteSite
6286,24,12
timeStep,numberOfRobotsOnBlackSite,numberOfRobotsOnWhiteSite
6287,24,12
timeStep,numberOfRobotsOnBlackSite,numberOfRobotsOnWhiteSite
6288,24,12
timeStep,numberOfRobotsOnBlackSite,numberOfRobotsOnWhiteSite
6289,24,12
timeStep,numberOfRobotsOnBlackSite,numberOfRobotsOnWhiteSite
6290,24,12
timeStep,numberOfRobotsOnBlackSite,numberOfRobotsOnWhiteSite
6291,24,12
timeStep,numberOfRobotsOnBlackSite,numberOfRobotsOnWhiteSite
6292,24,12
timeStep,numberOfRobotsOnBlackSite,numberOfRobotsOnWhiteSite
6293,24,12
timeStep,numberOfRobotsOnBlackSite,numberOfRobotsOnWhiteSite
6294,24,12
timeStep,numberOfRobotsOnBlackSite,numberOfRobotsOnWhiteSite
6295,24,12
timeStep,numberOfRobotsOnBlackSite,numberOfRobotsOnWhiteSite
6296,24,12
timeStep,numberOfRobotsOnBlackSite,numberOfRobotsOnWhiteSite
6297,24,12
timeStep,numberOfRobotsOnBlackSite,numberOfRobotsOnWhiteSite
6298,24,12
timeStep,numberOfRobotsOnBlackSite,numberOfRobotsOnWhiteSite
6299,24,12
timeStep,numberOfRobotsOnBlackSite,numberOfRobotsOnWhiteSite
6300,24,13
timeStep,numberOfRobotsOnBlackSite,numberOfRobotsOnWhiteSite
6301,24,13
timeStep,numberOfRobotsOnBlackSite,numberOfRobotsOnWhiteSite
6302,24,13
timeStep,numberOfRobotsOnBlackSite,numberOfRobotsOnWhiteSite
6303,24,13
timeStep,numberOfRobotsOnBlackSite,numberOfRobotsOnWhiteSite
6304,24,13
timeStep,numberOfRobotsOnBlackSite,numberOfRobotsOnWhiteSite
6305,24,13
timeStep,numberOfRobotsOnBlackSite,numberOfRobotsOnWhiteSite
6306,24,13
timeStep,numberOfRobotsOnBlackSite,numberOfRobotsOnWhiteSite
6307,24,13
timeStep,numberOfRobotsOnBlackSite,numberOfRobotsOnWhiteSite
6308,24,13
timeStep,numberOfRobotsOnBlackSite,numberOfRobotsOnWhiteSite
6309,24,13
timeStep,numberOfRobotsOnBlackSite,numberOfRobotsOnWhiteSite
6310,24,13
timeStep,numberOfRobotsOnBlackSite,numberOfRobotsOnWhiteSite
6311,24,13
timeStep,numberOfRobotsOnBlackSite,numberOfRobotsOnWhiteSite
6312,24,13
timeStep,numberOfRobotsOnBlackSite,numberOfRobotsOnWhiteSite
6313,24,13
timeStep,numberOfRobotsOnBlackSite,numberOfRobotsOnWhiteSite
6314,24,13
timeStep,numberOfRobotsOnBlackSite,numberOfRobotsOnWhiteSite
6315,24,13
timeStep,numberOfRobotsOnBlackSite,numberOfRobotsOnWhiteSite
6316,24,13
timeStep,numberOfRobotsOnBlackSite,numberOfRobotsOnWhiteSite
6317,24,13
timeStep,numberOfRobotsOnBlackSite,numberOfRobotsOnWhiteSite
6318,24,13
timeStep,numberOfRobotsOnBlackSite,numberOfRobotsOnWhiteSite
6319,24,13
timeStep,numberOfRobotsOnBlackSite,numberOfRobotsOnWhiteSite
6320,24,13
timeStep,numberOfRobotsOnBlackSite,numberOfRobotsOnWhiteSite
6321,24,13
timeStep,numberOfRobotsOnBlackSite,numberOfRobotsOnWhiteSite
6322,24,13
timeStep,numberOfRobotsOnBlackSite,numberOfRobotsOnWhiteSite
6323,24,13
timeStep,numberOfRobotsOnBlackSite,numberOfRobotsOnWhiteSite
6324,24,13
timeStep,numberOfRobotsOnBlackSite,numberOfRobotsOnWhiteSite
6325,24,13
timeStep,numberOfRobotsOnBlackSite,numberOfRobotsOnWhiteSite
6326,24,13
timeStep,numberOfRobotsOnBlackSite,numberOfRobotsOnWhiteSite
6327,24,13
timeStep,numberOfRobotsOnBlackSite,numberOfRobotsOnWhiteSite
6328,24,13
timeStep,numberOfRobotsOnBlackSite,numberOfRobotsOnWhiteSite
6329,24,13
timeStep,numberOfRobotsOnBlackSite,numberOfRobotsOnWhiteSite
6330,24,13
timeStep,numberOfRobotsOnBlackSite,numberOfRobotsOnWhiteSite
6331,24,13
timeStep,numberOfRobotsOnBlackSite,numberOfRobotsOnWhiteSite
6332,24,13
timeStep,numberOfRobotsOnBlackSite,numberOfRobotsOnWhiteSite
6333,24,13
timeStep,numberOfRobotsOnBlackSite,numberOfRobotsOnWhiteSite
6334,24,13
timeStep,numberOfRobotsOnBlackSite,numberOfRobotsOnWhiteSite
6335,24,13
timeStep,numberOfRobotsOnBlackSite,numberOfRobotsOnWhiteSite
6336,24,13
timeStep,numberOfRobotsOnBlackSite,numberOfRobotsOnWhiteSite
6337,24,13
timeStep,numberOfRobotsOnBlackSite,numberOfRobotsOnWhiteSite
6338,24,13
timeStep,numberOfRobotsOnBlackSite,numberOfRobotsOnWhiteSite
6339,24,13
timeStep,numberOfRobotsOnBlackSite,numberOfRobotsOnWhiteSite
6340,24,13
timeStep,numberOfRobotsOnBlackSite,numberOfRobotsOnWhiteSite
6341,24,13
timeStep,numberOfRobotsOnBlackSite,numberOfRobotsOnWhiteSite
6342,24,13
timeStep,numberOfRobotsOnBlackSite,numberOfRobotsOnWhiteSite
6343,24,13
timeStep,numberOfRobotsOnBlackSite,numberOfRobotsOnWhiteSite
6344,24,13
timeStep,numberOfRobotsOnBlackSite,numberOfRobotsOnWhiteSite
6345,24,13
timeStep,numberOfRobotsOnBlackSite,numberOfRobotsOnWhiteSite
6346,24,13
timeStep,numberOfRobotsOnBlackSite,numberOfRobotsOnWhiteSite
6347,24,13
timeStep,numberOfRobotsOnBlackSite,numberOfRobotsOnWhiteSite
6348,24,13
timeStep,numberOfRobotsOnBlackSite,numberOfRobotsOnWhiteSite
6349,24,13
timeStep,numberOfRobotsOnBlackSite,numberOfRobotsOnWhiteSite
6350,24,13
timeStep,numberOfRobotsOnBlackSite,numberOfRobotsOnWhiteSite
6351,24,13
timeStep,numberOfRobotsOnBlackSite,numberOfRobotsOnWhiteSite
6352,24,13
timeStep,numberOfRobotsOnBlackSite,numberOfRobotsOnWhiteSite
6353,24,13
timeStep,numberOfRobotsOnBlackSite,numberOfRobotsOnWhiteSite
6354,24,13
timeStep,numberOfRobotsOnBlackSite,numberOfRobotsOnWhiteSite
6355,24,13
timeStep,numberOfRobotsOnBlackSite,numberOfRobotsOnWhiteSite
6356,24,13
timeStep,numberOfRobotsOnBlackSite,numberOfRobotsOnWhiteSite
6357,24,13
timeStep,numberOfRobotsOnBlackSite,numberOfRobotsOnWhiteSite
6358,24,13
timeStep,numberOfRobotsOnBlackSite,numberOfRobotsOnWhiteSite
6359,24,13
timeStep,numberOfRobotsOnBlackSite,numberOfRobotsOnWhiteSite
6360,24,13
timeStep,numberOfRobotsOnBlackSite,numberOfRobotsOnWhiteSite
6361,24,13
timeStep,numberOfRobotsOnBlackSite,numberOfRobotsOnWhiteSite
6362,24,13
timeStep,numberOfRobotsOnBlackSite,numberOfRobotsOnWhiteSite
6363,24,13
timeStep,numberOfRobotsOnBlackSite,numberOfRobotsOnWhiteSite
6364,24,13
timeStep,numberOfRobotsOnBlackSite,numberOfRobotsOnWhiteSite
6365,24,13
timeStep,numberOfRobotsOnBlackSite,numberOfRobotsOnWhiteSite
6366,24,13
timeStep,numberOfRobotsOnBlackSite,numberOfRobotsOnWhiteSite
6367,24,13
timeStep,numberOfRobotsOnBlackSite,numberOfRobotsOnWhiteSite
6368,24,13
timeStep,numberOfRobotsOnBlackSite,numberOfRobotsOnWhiteSite
6369,24,13
timeStep,numberOfRobotsOnBlackSite,numberOfRobotsOnWhiteSite
6370,24,13
timeStep,numberOfRobotsOnBlackSite,numberOfRobotsOnWhiteSite
6371,24,13
timeStep,numberOfRobotsOnBlackSite,numberOfRobotsOnWhiteSite
6372,24,13
timeStep,numberOfRobotsOnBlackSite,numberOfRobotsOnWhiteSite
6373,24,13
timeStep,numberOfRobotsOnBlackSite,numberOfRobotsOnWhiteSite
6374,24,13
timeStep,numberOfRobotsOnBlackSite,numberOfRobotsOnWhiteSite
6375,24,13
timeStep,numberOfRobotsOnBlackSite,numberOfRobotsOnWhiteSite
6376,24,13
timeStep,numberOfRobotsOnBlackSite,numberOfRobotsOnWhiteSite
6377,24,13
timeStep,numberOfRobotsOnBlackSite,numberOfRobotsOnWhiteSite
6378,24,13
timeStep,numberOfRobotsOnBlackSite,numberOfRobotsOnWhiteSite
6379,24,13
timeStep,numberOfRobotsOnBlackSite,numberOfRobotsOnWhiteSite
6380,24,13
timeStep,numberOfRobotsOnBlackSite,numberOfRobotsOnWhiteSite
6381,24,13
timeStep,numberOfRobotsOnBlackSite,numberOfRobotsOnWhiteSite
6382,24,13
timeStep,numberOfRobotsOnBlackSite,numberOfRobotsOnWhiteSite
6383,24,13
timeStep,numberOfRobotsOnBlackSite,numberOfRobotsOnWhiteSite
6384,24,13
timeStep,numberOfRobotsOnBlackSite,numberOfRobotsOnWhiteSite
6385,24,13
timeStep,numberOfRobotsOnBlackSite,numberOfRobotsOnWhiteSite
6386,24,13
timeStep,numberOfRobotsOnBlackSite,numberOfRobotsOnWhiteSite
6387,24,13
timeStep,numberOfRobotsOnBlackSite,numberOfRobotsOnWhiteSite
6388,24,13
timeStep,numberOfRobotsOnBlackSite,numberOfRobotsOnWhiteSite
6389,24,13
timeStep,numberOfRobotsOnBlackSite,numberOfRobotsOnWhiteSite
6390,24,13
timeStep,numberOfRobotsOnBlackSite,numberOfRobotsOnWhiteSite
6391,24,13
timeStep,numberOfRobotsOnBlackSite,numberOfRobotsOnWhiteSite
6392,24,13
timeStep,numberOfRobotsOnBlackSite,numberOfRobotsOnWhiteSite
6393,24,13
timeStep,numberOfRobotsOnBlackSite,numberOfRobotsOnWhiteSite
6394,24,13
timeStep,numberOfRobotsOnBlackSite,numberOfRobotsOnWhiteSite
6395,24,12
timeStep,numberOfRobotsOnBlackSite,numberOfRobotsOnWhiteSite
6396,24,12
timeStep,numberOfRobotsOnBlackSite,numberOfRobotsOnWhiteSite
6397,24,12
timeStep,numberOfRobotsOnBlackSite,numberOfRobotsOnWhiteSite
6398,24,12
timeStep,numberOfRobotsOnBlackSite,numberOfRobotsOnWhiteSite
6399,24,12
timeStep,numberOfRobotsOnBlackSite,numberOfRobotsOnWhiteSite
6400,24,12
timeStep,numberOfRobotsOnBlackSite,numberOfRobotsOnWhiteSite
6401,24,12
timeStep,numberOfRobotsOnBlackSite,numberOfRobotsOnWhiteSite
6402,24,12
timeStep,numberOfRobotsOnBlackSite,numberOfRobotsOnWhiteSite
6403,24,12
timeStep,numberOfRobotsOnBlackSite,numberOfRobotsOnWhiteSite
6404,24,12
timeStep,numberOfRobotsOnBlackSite,numberOfRobotsOnWhiteSite
6405,24,12
timeStep,numberOfRobotsOnBlackSite,numberOfRobotsOnWhiteSite
6406,24,12
timeStep,numberOfRobotsOnBlackSite,numberOfRobotsOnWhiteSite
6407,24,12
timeStep,numberOfRobotsOnBlackSite,numberOfRobotsOnWhiteSite
6408,24,12
timeStep,numberOfRobotsOnBlackSite,numberOfRobotsOnWhiteSite
6409,24,12
timeStep,numberOfRobotsOnBlackSite,numberOfRobotsOnWhiteSite
6410,24,12
timeStep,numberOfRobotsOnBlackSite,numberOfRobotsOnWhiteSite
6411,24,12
timeStep,numberOfRobotsOnBlackSite,numberOfRobotsOnWhiteSite
6412,24,12
timeStep,numberOfRobotsOnBlackSite,numberOfRobotsOnWhiteSite
6413,24,12
timeStep,numberOfRobotsOnBlackSite,numberOfRobotsOnWhiteSite
6414,24,12
timeStep,numberOfRobotsOnBlackSite,numberOfRobotsOnWhiteSite
6415,24,12
timeStep,numberOfRobotsOnBlackSite,numberOfRobotsOnWhiteSite
6416,24,12
timeStep,numberOfRobotsOnBlackSite,numberOfRobotsOnWhiteSite
6417,24,12
timeStep,numberOfRobotsOnBlackSite,numberOfRobotsOnWhiteSite
6418,24,12
timeStep,numberOfRobotsOnBlackSite,numberOfRobotsOnWhiteSite
6419,24,12
timeStep,numberOfRobotsOnBlackSite,numberOfRobotsOnWhiteSite
6420,24,12
timeStep,numberOfRobotsOnBlackSite,numberOfRobotsOnWhiteSite
6421,24,12
timeStep,numberOfRobotsOnBlackSite,numberOfRobotsOnWhiteSite
6422,24,12
timeStep,numberOfRobotsOnBlackSite,numberOfRobotsOnWhiteSite
6423,24,12
timeStep,numberOfRobotsOnBlackSite,numberOfRobotsOnWhiteSite
6424,24,12
timeStep,numberOfRobotsOnBlackSite,numberOfRobotsOnWhiteSite
6425,24,12
timeStep,numberOfRobotsOnBlackSite,numberOfRobotsOnWhiteSite
6426,24,12
timeStep,numberOfRobotsOnBlackSite,numberOfRobotsOnWhiteSite
6427,24,12
timeStep,numberOfRobotsOnBlackSite,numberOfRobotsOnWhiteSite
6428,24,12
timeStep,numberOfRobotsOnBlackSite,numberOfRobotsOnWhiteSite
6429,24,12
timeStep,numberOfRobotsOnBlackSite,numberOfRobotsOnWhiteSite
6430,24,11
timeStep,numberOfRobotsOnBlackSite,numberOfRobotsOnWhiteSite
6431,24,11
timeStep,numberOfRobotsOnBlackSite,numberOfRobotsOnWhiteSite
6432,24,11
timeStep,numberOfRobotsOnBlackSite,numberOfRobotsOnWhiteSite
6433,24,11
timeStep,numberOfRobotsOnBlackSite,numberOfRobotsOnWhiteSite
6434,24,11
timeStep,numberOfRobotsOnBlackSite,numberOfRobotsOnWhiteSite
6435,24,11
timeStep,numberOfRobotsOnBlackSite,numberOfRobotsOnWhiteSite
6436,24,11
timeStep,numberOfRobotsOnBlackSite,numberOfRobotsOnWhiteSite
6437,24,11
timeStep,numberOfRobotsOnBlackSite,numberOfRobotsOnWhiteSite
6438,24,11
timeStep,numberOfRobotsOnBlackSite,numberOfRobotsOnWhiteSite
6439,24,11
timeStep,numberOfRobotsOnBlackSite,numberOfRobotsOnWhiteSite
6440,24,11
timeStep,numberOfRobotsOnBlackSite,numberOfRobotsOnWhiteSite
6441,24,11
timeStep,numberOfRobotsOnBlackSite,numberOfRobotsOnWhiteSite
6442,24,11
timeStep,numberOfRobotsOnBlackSite,numberOfRobotsOnWhiteSite
6443,24,11
timeStep,numberOfRobotsOnBlackSite,numberOfRobotsOnWhiteSite
6444,24,11
timeStep,numberOfRobotsOnBlackSite,numberOfRobotsOnWhiteSite
6445,24,11
timeStep,numberOfRobotsOnBlackSite,numberOfRobotsOnWhiteSite
6446,24,11
timeStep,numberOfRobotsOnBlackSite,numberOfRobotsOnWhiteSite
6447,24,11
timeStep,numberOfRobotsOnBlackSite,numberOfRobotsOnWhiteSite
6448,24,11
timeStep,numberOfRobotsOnBlackSite,numberOfRobotsOnWhiteSite
6449,24,11
timeStep,numberOfRobotsOnBlackSite,numberOfRobotsOnWhiteSite
6450,24,11
timeStep,numberOfRobotsOnBlackSite,numberOfRobotsOnWhiteSite
6451,24,11
timeStep,numberOfRobotsOnBlackSite,numberOfRobotsOnWhiteSite
6452,24,11
timeStep,numberOfRobotsOnBlackSite,numberOfRobotsOnWhiteSite
6453,24,11
timeStep,numberOfRobotsOnBlackSite,numberOfRobotsOnWhiteSite
6454,24,11
timeStep,numberOfRobotsOnBlackSite,numberOfRobotsOnWhiteSite
6455,24,11
timeStep,numberOfRobotsOnBlackSite,numberOfRobotsOnWhiteSite
6456,24,11
timeStep,numberOfRobotsOnBlackSite,numberOfRobotsOnWhiteSite
6457,24,11
timeStep,numberOfRobotsOnBlackSite,numberOfRobotsOnWhiteSite
6458,24,11
timeStep,numberOfRobotsOnBlackSite,numberOfRobotsOnWhiteSite
6459,24,11
timeStep,numberOfRobotsOnBlackSite,numberOfRobotsOnWhiteSite
6460,24,11
timeStep,numberOfRobotsOnBlackSite,numberOfRobotsOnWhiteSite
6461,24,11
timeStep,numberOfRobotsOnBlackSite,numberOfRobotsOnWhiteSite
6462,24,11
timeStep,numberOfRobotsOnBlackSite,numberOfRobotsOnWhiteSite
6463,24,11
timeStep,numberOfRobotsOnBlackSite,numberOfRobotsOnWhiteSite
6464,24,11
timeStep,numberOfRobotsOnBlackSite,numberOfRobotsOnWhiteSite
6465,24,12
timeStep,numberOfRobotsOnBlackSite,numberOfRobotsOnWhiteSite
6466,24,12
timeStep,numberOfRobotsOnBlackSite,numberOfRobotsOnWhiteSite
6467,24,12
timeStep,numberOfRobotsOnBlackSite,numberOfRobotsOnWhiteSite
6468,24,12
timeStep,numberOfRobotsOnBlackSite,numberOfRobotsOnWhiteSite
6469,24,12
timeStep,numberOfRobotsOnBlackSite,numberOfRobotsOnWhiteSite
6470,24,13
timeStep,numberOfRobotsOnBlackSite,numberOfRobotsOnWhiteSite
6471,24,13
timeStep,numberOfRobotsOnBlackSite,numberOfRobotsOnWhiteSite
6472,24,13
timeStep,numberOfRobotsOnBlackSite,numberOfRobotsOnWhiteSite
6473,24,13
timeStep,numberOfRobotsOnBlackSite,numberOfRobotsOnWhiteSite
6474,24,13
timeStep,numberOfRobotsOnBlackSite,numberOfRobotsOnWhiteSite
6475,24,13
timeStep,numberOfRobotsOnBlackSite,numberOfRobotsOnWhiteSite
6476,24,13
timeStep,numberOfRobotsOnBlackSite,numberOfRobotsOnWhiteSite
6477,24,13
timeStep,numberOfRobotsOnBlackSite,numberOfRobotsOnWhiteSite
6478,24,13
timeStep,numberOfRobotsOnBlackSite,numberOfRobotsOnWhiteSite
6479,24,13
timeStep,numberOfRobotsOnBlackSite,numberOfRobotsOnWhiteSite
6480,24,13
timeStep,numberOfRobotsOnBlackSite,numberOfRobotsOnWhiteSite
6481,24,13
timeStep,numberOfRobotsOnBlackSite,numberOfRobotsOnWhiteSite
6482,24,13
timeStep,numberOfRobotsOnBlackSite,numberOfRobotsOnWhiteSite
6483,24,13
timeStep,numberOfRobotsOnBlackSite,numberOfRobotsOnWhiteSite
6484,24,13
timeStep,numberOfRobotsOnBlackSite,numberOfRobotsOnWhiteSite
6485,24,13
timeStep,numberOfRobotsOnBlackSite,numberOfRobotsOnWhiteSite
6486,24,13
timeStep,numberOfRobotsOnBlackSite,numberOfRobotsOnWhiteSite
6487,24,13
timeStep,numberOfRobotsOnBlackSite,numberOfRobotsOnWhiteSite
6488,24,13
timeStep,numberOfRobotsOnBlackSite,numberOfRobotsOnWhiteSite
6489,24,13
timeStep,numberOfRobotsOnBlackSite,numberOfRobotsOnWhiteSite
6490,24,13
timeStep,numberOfRobotsOnBlackSite,numberOfRobotsOnWhiteSite
6491,24,13
timeStep,numberOfRobotsOnBlackSite,numberOfRobotsOnWhiteSite
6492,24,13
timeStep,numberOfRobotsOnBlackSite,numberOfRobotsOnWhiteSite
6493,24,13
timeStep,numberOfRobotsOnBlackSite,numberOfRobotsOnWhiteSite
6494,24,13
timeStep,numberOfRobotsOnBlackSite,numberOfRobotsOnWhiteSite
6495,24,14
timeStep,numberOfRobotsOnBlackSite,numberOfRobotsOnWhiteSite
6496,24,14
timeStep,numberOfRobotsOnBlackSite,numberOfRobotsOnWhiteSite
6497,24,14
timeStep,numberOfRobotsOnBlackSite,numberOfRobotsOnWhiteSite
6498,24,14
timeStep,numberOfRobotsOnBlackSite,numberOfRobotsOnWhiteSite
6499,24,14
timeStep,numberOfRobotsOnBlackSite,numberOfRobotsOnWhiteSite
6500,24,14
timeStep,numberOfRobotsOnBlackSite,numberOfRobotsOnWhiteSite
6501,24,14
timeStep,numberOfRobotsOnBlackSite,numberOfRobotsOnWhiteSite
6502,24,14
timeStep,numberOfRobotsOnBlackSite,numberOfRobotsOnWhiteSite
6503,24,14
timeStep,numberOfRobotsOnBlackSite,numberOfRobotsOnWhiteSite
6504,24,14
timeStep,numberOfRobotsOnBlackSite,numberOfRobotsOnWhiteSite
6505,24,14
timeStep,numberOfRobotsOnBlackSite,numberOfRobotsOnWhiteSite
6506,24,14
timeStep,numberOfRobotsOnBlackSite,numberOfRobotsOnWhiteSite
6507,24,14
timeStep,numberOfRobotsOnBlackSite,numberOfRobotsOnWhiteSite
6508,24,14
timeStep,numberOfRobotsOnBlackSite,numberOfRobotsOnWhiteSite
6509,24,14
timeStep,numberOfRobotsOnBlackSite,numberOfRobotsOnWhiteSite
6510,24,14
timeStep,numberOfRobotsOnBlackSite,numberOfRobotsOnWhiteSite
6511,24,14
timeStep,numberOfRobotsOnBlackSite,numberOfRobotsOnWhiteSite
6512,24,14
timeStep,numberOfRobotsOnBlackSite,numberOfRobotsOnWhiteSite
6513,24,14
timeStep,numberOfRobotsOnBlackSite,numberOfRobotsOnWhiteSite
6514,24,14
timeStep,numberOfRobotsOnBlackSite,numberOfRobotsOnWhiteSite
6515,24,14
timeStep,numberOfRobotsOnBlackSite,numberOfRobotsOnWhiteSite
6516,24,14
timeStep,numberOfRobotsOnBlackSite,numberOfRobotsOnWhiteSite
6517,24,14
timeStep,numberOfRobotsOnBlackSite,numberOfRobotsOnWhiteSite
6518,24,14
timeStep,numberOfRobotsOnBlackSite,numberOfRobotsOnWhiteSite
6519,24,14
timeStep,numberOfRobotsOnBlackSite,numberOfRobotsOnWhiteSite
6520,24,14
timeStep,numberOfRobotsOnBlackSite,numberOfRobotsOnWhiteSite
6521,24,14
timeStep,numberOfRobotsOnBlackSite,numberOfRobotsOnWhiteSite
6522,24,14
timeStep,numberOfRobotsOnBlackSite,numberOfRobotsOnWhiteSite
6523,24,14
timeStep,numberOfRobotsOnBlackSite,numberOfRobotsOnWhiteSite
6524,24,14
timeStep,numberOfRobotsOnBlackSite,numberOfRobotsOnWhiteSite
6525,24,14
timeStep,numberOfRobotsOnBlackSite,numberOfRobotsOnWhiteSite
6526,24,14
timeStep,numberOfRobotsOnBlackSite,numberOfRobotsOnWhiteSite
6527,24,14
timeStep,numberOfRobotsOnBlackSite,numberOfRobotsOnWhiteSite
6528,24,14
timeStep,numberOfRobotsOnBlackSite,numberOfRobotsOnWhiteSite
6529,24,14
timeStep,numberOfRobotsOnBlackSite,numberOfRobotsOnWhiteSite
6530,24,12
timeStep,numberOfRobotsOnBlackSite,numberOfRobotsOnWhiteSite
6531,24,12
timeStep,numberOfRobotsOnBlackSite,numberOfRobotsOnWhiteSite
6532,24,12
timeStep,numberOfRobotsOnBlackSite,numberOfRobotsOnWhiteSite
6533,24,12
timeStep,numberOfRobotsOnBlackSite,numberOfRobotsOnWhiteSite
6534,24,12
timeStep,numberOfRobotsOnBlackSite,numberOfRobotsOnWhiteSite
6535,24,11
timeStep,numberOfRobotsOnBlackSite,numberOfRobotsOnWhiteSite
6536,24,11
timeStep,numberOfRobotsOnBlackSite,numberOfRobotsOnWhiteSite
6537,24,11
timeStep,numberOfRobotsOnBlackSite,numberOfRobotsOnWhiteSite
6538,24,11
timeStep,numberOfRobotsOnBlackSite,numberOfRobotsOnWhiteSite
6539,24,11
timeStep,numberOfRobotsOnBlackSite,numberOfRobotsOnWhiteSite
6540,24,11
timeStep,numberOfRobotsOnBlackSite,numberOfRobotsOnWhiteSite
6541,24,11
timeStep,numberOfRobotsOnBlackSite,numberOfRobotsOnWhiteSite
6542,24,11
timeStep,numberOfRobotsOnBlackSite,numberOfRobotsOnWhiteSite
6543,24,11
timeStep,numberOfRobotsOnBlackSite,numberOfRobotsOnWhiteSite
6544,24,11
timeStep,numberOfRobotsOnBlackSite,numberOfRobotsOnWhiteSite
6545,24,11
timeStep,numberOfRobotsOnBlackSite,numberOfRobotsOnWhiteSite
6546,24,11
timeStep,numberOfRobotsOnBlackSite,numberOfRobotsOnWhiteSite
6547,24,11
timeStep,numberOfRobotsOnBlackSite,numberOfRobotsOnWhiteSite
6548,24,11
timeStep,numberOfRobotsOnBlackSite,numberOfRobotsOnWhiteSite
6549,24,11
timeStep,numberOfRobotsOnBlackSite,numberOfRobotsOnWhiteSite
6550,24,11
timeStep,numberOfRobotsOnBlackSite,numberOfRobotsOnWhiteSite
6551,24,11
timeStep,numberOfRobotsOnBlackSite,numberOfRobotsOnWhiteSite
6552,24,11
timeStep,numberOfRobotsOnBlackSite,numberOfRobotsOnWhiteSite
6553,24,11
timeStep,numberOfRobotsOnBlackSite,numberOfRobotsOnWhiteSite
6554,24,11
timeStep,numberOfRobotsOnBlackSite,numberOfRobotsOnWhiteSite
6555,24,11
timeStep,numberOfRobotsOnBlackSite,numberOfRobotsOnWhiteSite
6556,24,11
timeStep,numberOfRobotsOnBlackSite,numberOfRobotsOnWhiteSite
6557,24,11
timeStep,numberOfRobotsOnBlackSite,numberOfRobotsOnWhiteSite
6558,24,11
timeStep,numberOfRobotsOnBlackSite,numberOfRobotsOnWhiteSite
6559,24,11
timeStep,numberOfRobotsOnBlackSite,numberOfRobotsOnWhiteSite
6560,24,11
timeStep,numberOfRobotsOnBlackSite,numberOfRobotsOnWhiteSite
6561,24,11
timeStep,numberOfRobotsOnBlackSite,numberOfRobotsOnWhiteSite
6562,24,11
timeStep,numberOfRobotsOnBlackSite,numberOfRobotsOnWhiteSite
6563,24,11
timeStep,numberOfRobotsOnBlackSite,numberOfRobotsOnWhiteSite
6564,24,11
timeStep,numberOfRobotsOnBlackSite,numberOfRobotsOnWhiteSite
6565,23,11
timeStep,numberOfRobotsOnBlackSite,numberOfRobotsOnWhiteSite
6566,23,11
timeStep,numberOfRobotsOnBlackSite,numberOfRobotsOnWhiteSite
6567,23,11
timeStep,numberOfRobotsOnBlackSite,numberOfRobotsOnWhiteSite
6568,23,11
timeStep,numberOfRobotsOnBlackSite,numberOfRobotsOnWhiteSite
6569,23,11
timeStep,numberOfRobotsOnBlackSite,numberOfRobotsOnWhiteSite
6570,23,11
timeStep,numberOfRobotsOnBlackSite,numberOfRobotsOnWhiteSite
6571,23,11
timeStep,numberOfRobotsOnBlackSite,numberOfRobotsOnWhiteSite
6572,23,11
timeStep,numberOfRobotsOnBlackSite,numberOfRobotsOnWhiteSite
6573,23,11
timeStep,numberOfRobotsOnBlackSite,numberOfRobotsOnWhiteSite
6574,23,11
timeStep,numberOfRobotsOnBlackSite,numberOfRobotsOnWhiteSite
6575,23,12
timeStep,numberOfRobotsOnBlackSite,numberOfRobotsOnWhiteSite
6576,23,12
timeStep,numberOfRobotsOnBlackSite,numberOfRobotsOnWhiteSite
6577,23,12
timeStep,numberOfRobotsOnBlackSite,numberOfRobotsOnWhiteSite
6578,23,12
timeStep,numberOfRobotsOnBlackSite,numberOfRobotsOnWhiteSite
6579,23,12
timeStep,numberOfRobotsOnBlackSite,numberOfRobotsOnWhiteSite
6580,23,11
timeStep,numberOfRobotsOnBlackSite,numberOfRobotsOnWhiteSite
6581,23,11
timeStep,numberOfRobotsOnBlackSite,numberOfRobotsOnWhiteSite
6582,23,11
timeStep,numberOfRobotsOnBlackSite,numberOfRobotsOnWhiteSite
6583,23,11
timeStep,numberOfRobotsOnBlackSite,numberOfRobotsOnWhiteSite
6584,23,11
timeStep,numberOfRobotsOnBlackSite,numberOfRobotsOnWhiteSite
6585,23,11
timeStep,numberOfRobotsOnBlackSite,numberOfRobotsOnWhiteSite
6586,23,11
timeStep,numberOfRobotsOnBlackSite,numberOfRobotsOnWhiteSite
6587,23,11
timeStep,numberOfRobotsOnBlackSite,numberOfRobotsOnWhiteSite
6588,23,11
timeStep,numberOfRobotsOnBlackSite,numberOfRobotsOnWhiteSite
6589,23,11
timeStep,numberOfRobotsOnBlackSite,numberOfRobotsOnWhiteSite
6590,23,11
timeStep,numberOfRobotsOnBlackSite,numberOfRobotsOnWhiteSite
6591,23,11
timeStep,numberOfRobotsOnBlackSite,numberOfRobotsOnWhiteSite
6592,23,11
timeStep,numberOfRobotsOnBlackSite,numberOfRobotsOnWhiteSite
6593,23,11
timeStep,numberOfRobotsOnBlackSite,numberOfRobotsOnWhiteSite
6594,23,11
timeStep,numberOfRobotsOnBlackSite,numberOfRobotsOnWhiteSite
6595,23,11
timeStep,numberOfRobotsOnBlackSite,numberOfRobotsOnWhiteSite
6596,23,11
timeStep,numberOfRobotsOnBlackSite,numberOfRobotsOnWhiteSite
6597,23,11
timeStep,numberOfRobotsOnBlackSite,numberOfRobotsOnWhiteSite
6598,23,11
timeStep,numberOfRobotsOnBlackSite,numberOfRobotsOnWhiteSite
6599,23,11
timeStep,numberOfRobotsOnBlackSite,numberOfRobotsOnWhiteSite
6600,23,11
timeStep,numberOfRobotsOnBlackSite,numberOfRobotsOnWhiteSite
6601,23,11
timeStep,numberOfRobotsOnBlackSite,numberOfRobotsOnWhiteSite
6602,23,11
timeStep,numberOfRobotsOnBlackSite,numberOfRobotsOnWhiteSite
6603,23,11
timeStep,numberOfRobotsOnBlackSite,numberOfRobotsOnWhiteSite
6604,23,11
timeStep,numberOfRobotsOnBlackSite,numberOfRobotsOnWhiteSite
6605,23,11
timeStep,numberOfRobotsOnBlackSite,numberOfRobotsOnWhiteSite
6606,23,11
timeStep,numberOfRobotsOnBlackSite,numberOfRobotsOnWhiteSite
6607,23,11
timeStep,numberOfRobotsOnBlackSite,numberOfRobotsOnWhiteSite
6608,23,11
timeStep,numberOfRobotsOnBlackSite,numberOfRobotsOnWhiteSite
6609,23,11
timeStep,numberOfRobotsOnBlackSite,numberOfRobotsOnWhiteSite
6610,23,11
timeStep,numberOfRobotsOnBlackSite,numberOfRobotsOnWhiteSite
6611,23,11
timeStep,numberOfRobotsOnBlackSite,numberOfRobotsOnWhiteSite
6612,23,11
timeStep,numberOfRobotsOnBlackSite,numberOfRobotsOnWhiteSite
6613,23,11
timeStep,numberOfRobotsOnBlackSite,numberOfRobotsOnWhiteSite
6614,23,11
timeStep,numberOfRobotsOnBlackSite,numberOfRobotsOnWhiteSite
6615,23,11
timeStep,numberOfRobotsOnBlackSite,numberOfRobotsOnWhiteSite
6616,23,11
timeStep,numberOfRobotsOnBlackSite,numberOfRobotsOnWhiteSite
6617,23,11
timeStep,numberOfRobotsOnBlackSite,numberOfRobotsOnWhiteSite
6618,23,11
timeStep,numberOfRobotsOnBlackSite,numberOfRobotsOnWhiteSite
6619,23,11
timeStep,numberOfRobotsOnBlackSite,numberOfRobotsOnWhiteSite
6620,23,11
timeStep,numberOfRobotsOnBlackSite,numberOfRobotsOnWhiteSite
6621,23,11
timeStep,numberOfRobotsOnBlackSite,numberOfRobotsOnWhiteSite
6622,23,11
timeStep,numberOfRobotsOnBlackSite,numberOfRobotsOnWhiteSite
6623,23,11
timeStep,numberOfRobotsOnBlackSite,numberOfRobotsOnWhiteSite
6624,23,11
timeStep,numberOfRobotsOnBlackSite,numberOfRobotsOnWhiteSite
6625,23,11
timeStep,numberOfRobotsOnBlackSite,numberOfRobotsOnWhiteSite
6626,23,11
timeStep,numberOfRobotsOnBlackSite,numberOfRobotsOnWhiteSite
6627,23,11
timeStep,numberOfRobotsOnBlackSite,numberOfRobotsOnWhiteSite
6628,23,11
timeStep,numberOfRobotsOnBlackSite,numberOfRobotsOnWhiteSite
6629,23,11
timeStep,numberOfRobotsOnBlackSite,numberOfRobotsOnWhiteSite
6630,23,11
timeStep,numberOfRobotsOnBlackSite,numberOfRobotsOnWhiteSite
6631,23,11
timeStep,numberOfRobotsOnBlackSite,numberOfRobotsOnWhiteSite
6632,23,11
timeStep,numberOfRobotsOnBlackSite,numberOfRobotsOnWhiteSite
6633,23,11
timeStep,numberOfRobotsOnBlackSite,numberOfRobotsOnWhiteSite
6634,23,11
timeStep,numberOfRobotsOnBlackSite,numberOfRobotsOnWhiteSite
6635,23,11
timeStep,numberOfRobotsOnBlackSite,numberOfRobotsOnWhiteSite
6636,23,11
timeStep,numberOfRobotsOnBlackSite,numberOfRobotsOnWhiteSite
6637,23,11
timeStep,numberOfRobotsOnBlackSite,numberOfRobotsOnWhiteSite
6638,23,11
timeStep,numberOfRobotsOnBlackSite,numberOfRobotsOnWhiteSite
6639,23,11
timeStep,numberOfRobotsOnBlackSite,numberOfRobotsOnWhiteSite
6640,23,11
timeStep,numberOfRobotsOnBlackSite,numberOfRobotsOnWhiteSite
6641,23,11
timeStep,numberOfRobotsOnBlackSite,numberOfRobotsOnWhiteSite
6642,23,11
timeStep,numberOfRobotsOnBlackSite,numberOfRobotsOnWhiteSite
6643,23,11
timeStep,numberOfRobotsOnBlackSite,numberOfRobotsOnWhiteSite
6644,23,11
timeStep,numberOfRobotsOnBlackSite,numberOfRobotsOnWhiteSite
6645,23,12
timeStep,numberOfRobotsOnBlackSite,numberOfRobotsOnWhiteSite
6646,23,12
timeStep,numberOfRobotsOnBlackSite,numberOfRobotsOnWhiteSite
6647,23,12
timeStep,numberOfRobotsOnBlackSite,numberOfRobotsOnWhiteSite
6648,23,12
timeStep,numberOfRobotsOnBlackSite,numberOfRobotsOnWhiteSite
6649,23,12
timeStep,numberOfRobotsOnBlackSite,numberOfRobotsOnWhiteSite
6650,24,12
timeStep,numberOfRobotsOnBlackSite,numberOfRobotsOnWhiteSite
6651,24,12
timeStep,numberOfRobotsOnBlackSite,numberOfRobotsOnWhiteSite
6652,24,12
timeStep,numberOfRobotsOnBlackSite,numberOfRobotsOnWhiteSite
6653,24,12
timeStep,numberOfRobotsOnBlackSite,numberOfRobotsOnWhiteSite
6654,24,12
timeStep,numberOfRobotsOnBlackSite,numberOfRobotsOnWhiteSite
6655,23,12
timeStep,numberOfRobotsOnBlackSite,numberOfRobotsOnWhiteSite
6656,23,12
timeStep,numberOfRobotsOnBlackSite,numberOfRobotsOnWhiteSite
6657,23,12
timeStep,numberOfRobotsOnBlackSite,numberOfRobotsOnWhiteSite
6658,23,12
timeStep,numberOfRobotsOnBlackSite,numberOfRobotsOnWhiteSite
6659,23,12
timeStep,numberOfRobotsOnBlackSite,numberOfRobotsOnWhiteSite
6660,22,12
timeStep,numberOfRobotsOnBlackSite,numberOfRobotsOnWhiteSite
6661,22,12
timeStep,numberOfRobotsOnBlackSite,numberOfRobotsOnWhiteSite
6662,22,12
timeStep,numberOfRobotsOnBlackSite,numberOfRobotsOnWhiteSite
6663,22,12
timeStep,numberOfRobotsOnBlackSite,numberOfRobotsOnWhiteSite
6664,22,12
timeStep,numberOfRobotsOnBlackSite,numberOfRobotsOnWhiteSite
6665,22,12
timeStep,numberOfRobotsOnBlackSite,numberOfRobotsOnWhiteSite
6666,22,12
timeStep,numberOfRobotsOnBlackSite,numberOfRobotsOnWhiteSite
6667,22,12
timeStep,numberOfRobotsOnBlackSite,numberOfRobotsOnWhiteSite
6668,22,12
timeStep,numberOfRobotsOnBlackSite,numberOfRobotsOnWhiteSite
6669,22,12
timeStep,numberOfRobotsOnBlackSite,numberOfRobotsOnWhiteSite
6670,23,12
timeStep,numberOfRobotsOnBlackSite,numberOfRobotsOnWhiteSite
6671,23,12
timeStep,numberOfRobotsOnBlackSite,numberOfRobotsOnWhiteSite
6672,23,12
timeStep,numberOfRobotsOnBlackSite,numberOfRobotsOnWhiteSite
6673,23,12
timeStep,numberOfRobotsOnBlackSite,numberOfRobotsOnWhiteSite
6674,23,12
timeStep,numberOfRobotsOnBlackSite,numberOfRobotsOnWhiteSite
6675,24,12
timeStep,numberOfRobotsOnBlackSite,numberOfRobotsOnWhiteSite
6676,24,12
timeStep,numberOfRobotsOnBlackSite,numberOfRobotsOnWhiteSite
6677,24,12
timeStep,numberOfRobotsOnBlackSite,numberOfRobotsOnWhiteSite
6678,24,12
timeStep,numberOfRobotsOnBlackSite,numberOfRobotsOnWhiteSite
6679,24,12
timeStep,numberOfRobotsOnBlackSite,numberOfRobotsOnWhiteSite
6680,24,12
timeStep,numberOfRobotsOnBlackSite,numberOfRobotsOnWhiteSite
6681,24,12
timeStep,numberOfRobotsOnBlackSite,numberOfRobotsOnWhiteSite
6682,24,12
timeStep,numberOfRobotsOnBlackSite,numberOfRobotsOnWhiteSite
6683,24,12
timeStep,numberOfRobotsOnBlackSite,numberOfRobotsOnWhiteSite
6684,24,12
timeStep,numberOfRobotsOnBlackSite,numberOfRobotsOnWhiteSite
6685,24,12
timeStep,numberOfRobotsOnBlackSite,numberOfRobotsOnWhiteSite
6686,24,12
timeStep,numberOfRobotsOnBlackSite,numberOfRobotsOnWhiteSite
6687,24,12
timeStep,numberOfRobotsOnBlackSite,numberOfRobotsOnWhiteSite
6688,24,12
timeStep,numberOfRobotsOnBlackSite,numberOfRobotsOnWhiteSite
6689,24,12
timeStep,numberOfRobotsOnBlackSite,numberOfRobotsOnWhiteSite
6690,24,11
timeStep,numberOfRobotsOnBlackSite,numberOfRobotsOnWhiteSite
6691,24,11
timeStep,numberOfRobotsOnBlackSite,numberOfRobotsOnWhiteSite
6692,24,11
timeStep,numberOfRobotsOnBlackSite,numberOfRobotsOnWhiteSite
6693,24,11
timeStep,numberOfRobotsOnBlackSite,numberOfRobotsOnWhiteSite
6694,24,11
timeStep,numberOfRobotsOnBlackSite,numberOfRobotsOnWhiteSite
6695,24,11
timeStep,numberOfRobotsOnBlackSite,numberOfRobotsOnWhiteSite
6696,24,11
timeStep,numberOfRobotsOnBlackSite,numberOfRobotsOnWhiteSite
6697,24,11
timeStep,numberOfRobotsOnBlackSite,numberOfRobotsOnWhiteSite
6698,24,11
timeStep,numberOfRobotsOnBlackSite,numberOfRobotsOnWhiteSite
6699,24,11
timeStep,numberOfRobotsOnBlackSite,numberOfRobotsOnWhiteSite
6700,25,11
timeStep,numberOfRobotsOnBlackSite,numberOfRobotsOnWhiteSite
6701,25,11
timeStep,numberOfRobotsOnBlackSite,numberOfRobotsOnWhiteSite
6702,25,11
timeStep,numberOfRobotsOnBlackSite,numberOfRobotsOnWhiteSite
6703,25,11
timeStep,numberOfRobotsOnBlackSite,numberOfRobotsOnWhiteSite
6704,25,11
timeStep,numberOfRobotsOnBlackSite,numberOfRobotsOnWhiteSite
6705,25,11
timeStep,numberOfRobotsOnBlackSite,numberOfRobotsOnWhiteSite
6706,25,11
timeStep,numberOfRobotsOnBlackSite,numberOfRobotsOnWhiteSite
6707,25,11
timeStep,numberOfRobotsOnBlackSite,numberOfRobotsOnWhiteSite
6708,25,11
timeStep,numberOfRobotsOnBlackSite,numberOfRobotsOnWhiteSite
6709,25,11
timeStep,numberOfRobotsOnBlackSite,numberOfRobotsOnWhiteSite
6710,25,11
timeStep,numberOfRobotsOnBlackSite,numberOfRobotsOnWhiteSite
6711,25,11
timeStep,numberOfRobotsOnBlackSite,numberOfRobotsOnWhiteSite
6712,25,11
timeStep,numberOfRobotsOnBlackSite,numberOfRobotsOnWhiteSite
6713,25,11
timeStep,numberOfRobotsOnBlackSite,numberOfRobotsOnWhiteSite
6714,25,11
timeStep,numberOfRobotsOnBlackSite,numberOfRobotsOnWhiteSite
6715,25,11
timeStep,numberOfRobotsOnBlackSite,numberOfRobotsOnWhiteSite
6716,25,11
timeStep,numberOfRobotsOnBlackSite,numberOfRobotsOnWhiteSite
6717,25,11
timeStep,numberOfRobotsOnBlackSite,numberOfRobotsOnWhiteSite
6718,25,11
timeStep,numberOfRobotsOnBlackSite,numberOfRobotsOnWhiteSite
6719,25,11
timeStep,numberOfRobotsOnBlackSite,numberOfRobotsOnWhiteSite
6720,25,11
timeStep,numberOfRobotsOnBlackSite,numberOfRobotsOnWhiteSite
6721,25,11
timeStep,numberOfRobotsOnBlackSite,numberOfRobotsOnWhiteSite
6722,25,11
timeStep,numberOfRobotsOnBlackSite,numberOfRobotsOnWhiteSite
6723,25,11
timeStep,numberOfRobotsOnBlackSite,numberOfRobotsOnWhiteSite
6724,25,11
timeStep,numberOfRobotsOnBlackSite,numberOfRobotsOnWhiteSite
6725,25,11
timeStep,numberOfRobotsOnBlackSite,numberOfRobotsOnWhiteSite
6726,25,11
timeStep,numberOfRobotsOnBlackSite,numberOfRobotsOnWhiteSite
6727,25,11
timeStep,numberOfRobotsOnBlackSite,numberOfRobotsOnWhiteSite
6728,25,11
timeStep,numberOfRobotsOnBlackSite,numberOfRobotsOnWhiteSite
6729,25,11
timeStep,numberOfRobotsOnBlackSite,numberOfRobotsOnWhiteSite
6730,25,11
timeStep,numberOfRobotsOnBlackSite,numberOfRobotsOnWhiteSite
6731,25,11
timeStep,numberOfRobotsOnBlackSite,numberOfRobotsOnWhiteSite
6732,25,11
timeStep,numberOfRobotsOnBlackSite,numberOfRobotsOnWhiteSite
6733,25,11
timeStep,numberOfRobotsOnBlackSite,numberOfRobotsOnWhiteSite
6734,25,11
timeStep,numberOfRobotsOnBlackSite,numberOfRobotsOnWhiteSite
6735,25,11
timeStep,numberOfRobotsOnBlackSite,numberOfRobotsOnWhiteSite
6736,25,11
timeStep,numberOfRobotsOnBlackSite,numberOfRobotsOnWhiteSite
6737,25,11
timeStep,numberOfRobotsOnBlackSite,numberOfRobotsOnWhiteSite
6738,25,11
timeStep,numberOfRobotsOnBlackSite,numberOfRobotsOnWhiteSite
6739,25,11
timeStep,numberOfRobotsOnBlackSite,numberOfRobotsOnWhiteSite
6740,25,11
timeStep,numberOfRobotsOnBlackSite,numberOfRobotsOnWhiteSite
6741,25,11
timeStep,numberOfRobotsOnBlackSite,numberOfRobotsOnWhiteSite
6742,25,11
timeStep,numberOfRobotsOnBlackSite,numberOfRobotsOnWhiteSite
6743,25,11
timeStep,numberOfRobotsOnBlackSite,numberOfRobotsOnWhiteSite
6744,25,11
timeStep,numberOfRobotsOnBlackSite,numberOfRobotsOnWhiteSite
6745,25,11
timeStep,numberOfRobotsOnBlackSite,numberOfRobotsOnWhiteSite
6746,25,11
timeStep,numberOfRobotsOnBlackSite,numberOfRobotsOnWhiteSite
6747,25,11
timeStep,numberOfRobotsOnBlackSite,numberOfRobotsOnWhiteSite
6748,25,11
timeStep,numberOfRobotsOnBlackSite,numberOfRobotsOnWhiteSite
6749,25,11
timeStep,numberOfRobotsOnBlackSite,numberOfRobotsOnWhiteSite
6750,25,11
timeStep,numberOfRobotsOnBlackSite,numberOfRobotsOnWhiteSite
6751,25,11
timeStep,numberOfRobotsOnBlackSite,numberOfRobotsOnWhiteSite
6752,25,11
timeStep,numberOfRobotsOnBlackSite,numberOfRobotsOnWhiteSite
6753,25,11
timeStep,numberOfRobotsOnBlackSite,numberOfRobotsOnWhiteSite
6754,25,11
timeStep,numberOfRobotsOnBlackSite,numberOfRobotsOnWhiteSite
6755,25,12
timeStep,numberOfRobotsOnBlackSite,numberOfRobotsOnWhiteSite
6756,25,12
timeStep,numberOfRobotsOnBlackSite,numberOfRobotsOnWhiteSite
6757,25,12
timeStep,numberOfRobotsOnBlackSite,numberOfRobotsOnWhiteSite
6758,25,12
timeStep,numberOfRobotsOnBlackSite,numberOfRobotsOnWhiteSite
6759,25,12
timeStep,numberOfRobotsOnBlackSite,numberOfRobotsOnWhiteSite
6760,25,12
timeStep,numberOfRobotsOnBlackSite,numberOfRobotsOnWhiteSite
6761,25,12
timeStep,numberOfRobotsOnBlackSite,numberOfRobotsOnWhiteSite
6762,25,12
timeStep,numberOfRobotsOnBlackSite,numberOfRobotsOnWhiteSite
6763,25,12
timeStep,numberOfRobotsOnBlackSite,numberOfRobotsOnWhiteSite
6764,25,12
timeStep,numberOfRobotsOnBlackSite,numberOfRobotsOnWhiteSite
6765,25,12
timeStep,numberOfRobotsOnBlackSite,numberOfRobotsOnWhiteSite
6766,25,12
timeStep,numberOfRobotsOnBlackSite,numberOfRobotsOnWhiteSite
6767,25,12
timeStep,numberOfRobotsOnBlackSite,numberOfRobotsOnWhiteSite
6768,25,12
timeStep,numberOfRobotsOnBlackSite,numberOfRobotsOnWhiteSite
6769,25,12
timeStep,numberOfRobotsOnBlackSite,numberOfRobotsOnWhiteSite
6770,25,12
timeStep,numberOfRobotsOnBlackSite,numberOfRobotsOnWhiteSite
6771,25,12
timeStep,numberOfRobotsOnBlackSite,numberOfRobotsOnWhiteSite
6772,25,12
timeStep,numberOfRobotsOnBlackSite,numberOfRobotsOnWhiteSite
6773,25,12
timeStep,numberOfRobotsOnBlackSite,numberOfRobotsOnWhiteSite
6774,25,12
timeStep,numberOfRobotsOnBlackSite,numberOfRobotsOnWhiteSite
6775,25,12
timeStep,numberOfRobotsOnBlackSite,numberOfRobotsOnWhiteSite
6776,25,12
timeStep,numberOfRobotsOnBlackSite,numberOfRobotsOnWhiteSite
6777,25,12
timeStep,numberOfRobotsOnBlackSite,numberOfRobotsOnWhiteSite
6778,25,12
timeStep,numberOfRobotsOnBlackSite,numberOfRobotsOnWhiteSite
6779,25,12
timeStep,numberOfRobotsOnBlackSite,numberOfRobotsOnWhiteSite
6780,25,12
timeStep,numberOfRobotsOnBlackSite,numberOfRobotsOnWhiteSite
6781,25,12
timeStep,numberOfRobotsOnBlackSite,numberOfRobotsOnWhiteSite
6782,25,12
timeStep,numberOfRobotsOnBlackSite,numberOfRobotsOnWhiteSite
6783,25,12
timeStep,numberOfRobotsOnBlackSite,numberOfRobotsOnWhiteSite
6784,25,12
timeStep,numberOfRobotsOnBlackSite,numberOfRobotsOnWhiteSite
6785,25,12
timeStep,numberOfRobotsOnBlackSite,numberOfRobotsOnWhiteSite
6786,25,12
timeStep,numberOfRobotsOnBlackSite,numberOfRobotsOnWhiteSite
6787,25,12
timeStep,numberOfRobotsOnBlackSite,numberOfRobotsOnWhiteSite
6788,25,12
timeStep,numberOfRobotsOnBlackSite,numberOfRobotsOnWhiteSite
6789,25,12
timeStep,numberOfRobotsOnBlackSite,numberOfRobotsOnWhiteSite
6790,25,12
timeStep,numberOfRobotsOnBlackSite,numberOfRobotsOnWhiteSite
6791,25,12
timeStep,numberOfRobotsOnBlackSite,numberOfRobotsOnWhiteSite
6792,25,12
timeStep,numberOfRobotsOnBlackSite,numberOfRobotsOnWhiteSite
6793,25,12
timeStep,numberOfRobotsOnBlackSite,numberOfRobotsOnWhiteSite
6794,25,12
timeStep,numberOfRobotsOnBlackSite,numberOfRobotsOnWhiteSite
6795,25,12
timeStep,numberOfRobotsOnBlackSite,numberOfRobotsOnWhiteSite
6796,25,12
timeStep,numberOfRobotsOnBlackSite,numberOfRobotsOnWhiteSite
6797,25,12
timeStep,numberOfRobotsOnBlackSite,numberOfRobotsOnWhiteSite
6798,25,12
timeStep,numberOfRobotsOnBlackSite,numberOfRobotsOnWhiteSite
6799,25,12
timeStep,numberOfRobotsOnBlackSite,numberOfRobotsOnWhiteSite
6800,25,12
timeStep,numberOfRobotsOnBlackSite,numberOfRobotsOnWhiteSite
6801,25,12
timeStep,numberOfRobotsOnBlackSite,numberOfRobotsOnWhiteSite
6802,25,12
timeStep,numberOfRobotsOnBlackSite,numberOfRobotsOnWhiteSite
6803,25,12
timeStep,numberOfRobotsOnBlackSite,numberOfRobotsOnWhiteSite
6804,25,12
timeStep,numberOfRobotsOnBlackSite,numberOfRobotsOnWhiteSite
6805,25,12
timeStep,numberOfRobotsOnBlackSite,numberOfRobotsOnWhiteSite
6806,25,12
timeStep,numberOfRobotsOnBlackSite,numberOfRobotsOnWhiteSite
6807,25,12
timeStep,numberOfRobotsOnBlackSite,numberOfRobotsOnWhiteSite
6808,25,12
timeStep,numberOfRobotsOnBlackSite,numberOfRobotsOnWhiteSite
6809,25,12
timeStep,numberOfRobotsOnBlackSite,numberOfRobotsOnWhiteSite
6810,25,12
timeStep,numberOfRobotsOnBlackSite,numberOfRobotsOnWhiteSite
6811,25,12
timeStep,numberOfRobotsOnBlackSite,numberOfRobotsOnWhiteSite
6812,25,12
timeStep,numberOfRobotsOnBlackSite,numberOfRobotsOnWhiteSite
6813,25,12
timeStep,numberOfRobotsOnBlackSite,numberOfRobotsOnWhiteSite
6814,25,12
timeStep,numberOfRobotsOnBlackSite,numberOfRobotsOnWhiteSite
6815,25,12
timeStep,numberOfRobotsOnBlackSite,numberOfRobotsOnWhiteSite
6816,25,12
timeStep,numberOfRobotsOnBlackSite,numberOfRobotsOnWhiteSite
6817,25,12
timeStep,numberOfRobotsOnBlackSite,numberOfRobotsOnWhiteSite
6818,25,12
timeStep,numberOfRobotsOnBlackSite,numberOfRobotsOnWhiteSite
6819,25,12
timeStep,numberOfRobotsOnBlackSite,numberOfRobotsOnWhiteSite
6820,25,11
timeStep,numberOfRobotsOnBlackSite,numberOfRobotsOnWhiteSite
6821,25,11
timeStep,numberOfRobotsOnBlackSite,numberOfRobotsOnWhiteSite
6822,25,11
timeStep,numberOfRobotsOnBlackSite,numberOfRobotsOnWhiteSite
6823,25,11
timeStep,numberOfRobotsOnBlackSite,numberOfRobotsOnWhiteSite
6824,25,11
timeStep,numberOfRobotsOnBlackSite,numberOfRobotsOnWhiteSite
6825,25,11
timeStep,numberOfRobotsOnBlackSite,numberOfRobotsOnWhiteSite
6826,25,11
timeStep,numberOfRobotsOnBlackSite,numberOfRobotsOnWhiteSite
6827,25,11
timeStep,numberOfRobotsOnBlackSite,numberOfRobotsOnWhiteSite
6828,25,11
timeStep,numberOfRobotsOnBlackSite,numberOfRobotsOnWhiteSite
6829,25,11
timeStep,numberOfRobotsOnBlackSite,numberOfRobotsOnWhiteSite
6830,25,11
timeStep,numberOfRobotsOnBlackSite,numberOfRobotsOnWhiteSite
6831,25,11
timeStep,numberOfRobotsOnBlackSite,numberOfRobotsOnWhiteSite
6832,25,11
timeStep,numberOfRobotsOnBlackSite,numberOfRobotsOnWhiteSite
6833,25,11
timeStep,numberOfRobotsOnBlackSite,numberOfRobotsOnWhiteSite
6834,25,11
timeStep,numberOfRobotsOnBlackSite,numberOfRobotsOnWhiteSite
6835,25,11
timeStep,numberOfRobotsOnBlackSite,numberOfRobotsOnWhiteSite
6836,25,11
timeStep,numberOfRobotsOnBlackSite,numberOfRobotsOnWhiteSite
6837,25,11
timeStep,numberOfRobotsOnBlackSite,numberOfRobotsOnWhiteSite
6838,25,11
timeStep,numberOfRobotsOnBlackSite,numberOfRobotsOnWhiteSite
6839,25,11
timeStep,numberOfRobotsOnBlackSite,numberOfRobotsOnWhiteSite
6840,25,11
timeStep,numberOfRobotsOnBlackSite,numberOfRobotsOnWhiteSite
6841,25,11
timeStep,numberOfRobotsOnBlackSite,numberOfRobotsOnWhiteSite
6842,25,11
timeStep,numberOfRobotsOnBlackSite,numberOfRobotsOnWhiteSite
6843,25,11
timeStep,numberOfRobotsOnBlackSite,numberOfRobotsOnWhiteSite
6844,25,11
timeStep,numberOfRobotsOnBlackSite,numberOfRobotsOnWhiteSite
6845,25,11
timeStep,numberOfRobotsOnBlackSite,numberOfRobotsOnWhiteSite
6846,25,11
timeStep,numberOfRobotsOnBlackSite,numberOfRobotsOnWhiteSite
6847,25,11
timeStep,numberOfRobotsOnBlackSite,numberOfRobotsOnWhiteSite
6848,25,11
timeStep,numberOfRobotsOnBlackSite,numberOfRobotsOnWhiteSite
6849,25,11
timeStep,numberOfRobotsOnBlackSite,numberOfRobotsOnWhiteSite
6850,25,11
timeStep,numberOfRobotsOnBlackSite,numberOfRobotsOnWhiteSite
6851,25,11
timeStep,numberOfRobotsOnBlackSite,numberOfRobotsOnWhiteSite
6852,25,11
timeStep,numberOfRobotsOnBlackSite,numberOfRobotsOnWhiteSite
6853,25,11
timeStep,numberOfRobotsOnBlackSite,numberOfRobotsOnWhiteSite
6854,25,11
timeStep,numberOfRobotsOnBlackSite,numberOfRobotsOnWhiteSite
6855,25,11
timeStep,numberOfRobotsOnBlackSite,numberOfRobotsOnWhiteSite
6856,25,11
timeStep,numberOfRobotsOnBlackSite,numberOfRobotsOnWhiteSite
6857,25,11
timeStep,numberOfRobotsOnBlackSite,numberOfRobotsOnWhiteSite
6858,25,11
timeStep,numberOfRobotsOnBlackSite,numberOfRobotsOnWhiteSite
6859,25,11
timeStep,numberOfRobotsOnBlackSite,numberOfRobotsOnWhiteSite
6860,25,11
timeStep,numberOfRobotsOnBlackSite,numberOfRobotsOnWhiteSite
6861,25,11
timeStep,numberOfRobotsOnBlackSite,numberOfRobotsOnWhiteSite
6862,25,11
timeStep,numberOfRobotsOnBlackSite,numberOfRobotsOnWhiteSite
6863,25,11
timeStep,numberOfRobotsOnBlackSite,numberOfRobotsOnWhiteSite
6864,25,11
timeStep,numberOfRobotsOnBlackSite,numberOfRobotsOnWhiteSite
6865,25,11
timeStep,numberOfRobotsOnBlackSite,numberOfRobotsOnWhiteSite
6866,25,11
timeStep,numberOfRobotsOnBlackSite,numberOfRobotsOnWhiteSite
6867,25,11
timeStep,numberOfRobotsOnBlackSite,numberOfRobotsOnWhiteSite
6868,25,11
timeStep,numberOfRobotsOnBlackSite,numberOfRobotsOnWhiteSite
6869,25,11
timeStep,numberOfRobotsOnBlackSite,numberOfRobotsOnWhiteSite
6870,25,11
timeStep,numberOfRobotsOnBlackSite,numberOfRobotsOnWhiteSite
6871,25,11
timeStep,numberOfRobotsOnBlackSite,numberOfRobotsOnWhiteSite
6872,25,11
timeStep,numberOfRobotsOnBlackSite,numberOfRobotsOnWhiteSite
6873,25,11
timeStep,numberOfRobotsOnBlackSite,numberOfRobotsOnWhiteSite
6874,25,11
timeStep,numberOfRobotsOnBlackSite,numberOfRobotsOnWhiteSite
6875,25,11
timeStep,numberOfRobotsOnBlackSite,numberOfRobotsOnWhiteSite
6876,25,11
timeStep,numberOfRobotsOnBlackSite,numberOfRobotsOnWhiteSite
6877,25,11
timeStep,numberOfRobotsOnBlackSite,numberOfRobotsOnWhiteSite
6878,25,11
timeStep,numberOfRobotsOnBlackSite,numberOfRobotsOnWhiteSite
6879,25,11
timeStep,numberOfRobotsOnBlackSite,numberOfRobotsOnWhiteSite
6880,25,11
timeStep,numberOfRobotsOnBlackSite,numberOfRobotsOnWhiteSite
6881,25,11
timeStep,numberOfRobotsOnBlackSite,numberOfRobotsOnWhiteSite
6882,25,11
timeStep,numberOfRobotsOnBlackSite,numberOfRobotsOnWhiteSite
6883,25,11
timeStep,numberOfRobotsOnBlackSite,numberOfRobotsOnWhiteSite
6884,25,11
timeStep,numberOfRobotsOnBlackSite,numberOfRobotsOnWhiteSite
6885,25,11
timeStep,numberOfRobotsOnBlackSite,numberOfRobotsOnWhiteSite
6886,25,11
timeStep,numberOfRobotsOnBlackSite,numberOfRobotsOnWhiteSite
6887,25,11
timeStep,numberOfRobotsOnBlackSite,numberOfRobotsOnWhiteSite
6888,25,11
timeStep,numberOfRobotsOnBlackSite,numberOfRobotsOnWhiteSite
6889,25,11
timeStep,numberOfRobotsOnBlackSite,numberOfRobotsOnWhiteSite
6890,25,11
timeStep,numberOfRobotsOnBlackSite,numberOfRobotsOnWhiteSite
6891,25,11
timeStep,numberOfRobotsOnBlackSite,numberOfRobotsOnWhiteSite
6892,25,11
timeStep,numberOfRobotsOnBlackSite,numberOfRobotsOnWhiteSite
6893,25,11
timeStep,numberOfRobotsOnBlackSite,numberOfRobotsOnWhiteSite
6894,25,11
timeStep,numberOfRobotsOnBlackSite,numberOfRobotsOnWhiteSite
6895,25,11
timeStep,numberOfRobotsOnBlackSite,numberOfRobotsOnWhiteSite
6896,25,11
timeStep,numberOfRobotsOnBlackSite,numberOfRobotsOnWhiteSite
6897,25,11
timeStep,numberOfRobotsOnBlackSite,numberOfRobotsOnWhiteSite
6898,25,11
timeStep,numberOfRobotsOnBlackSite,numberOfRobotsOnWhiteSite
6899,25,11
timeStep,numberOfRobotsOnBlackSite,numberOfRobotsOnWhiteSite
6900,25,11
timeStep,numberOfRobotsOnBlackSite,numberOfRobotsOnWhiteSite
6901,25,11
timeStep,numberOfRobotsOnBlackSite,numberOfRobotsOnWhiteSite
6902,25,11
timeStep,numberOfRobotsOnBlackSite,numberOfRobotsOnWhiteSite
6903,25,11
timeStep,numberOfRobotsOnBlackSite,numberOfRobotsOnWhiteSite
6904,25,11
timeStep,numberOfRobotsOnBlackSite,numberOfRobotsOnWhiteSite
6905,25,11
timeStep,numberOfRobotsOnBlackSite,numberOfRobotsOnWhiteSite
6906,25,11
timeStep,numberOfRobotsOnBlackSite,numberOfRobotsOnWhiteSite
6907,25,11
timeStep,numberOfRobotsOnBlackSite,numberOfRobotsOnWhiteSite
6908,25,11
timeStep,numberOfRobotsOnBlackSite,numberOfRobotsOnWhiteSite
6909,25,11
timeStep,numberOfRobotsOnBlackSite,numberOfRobotsOnWhiteSite
6910,24,11
timeStep,numberOfRobotsOnBlackSite,numberOfRobotsOnWhiteSite
6911,24,11
timeStep,numberOfRobotsOnBlackSite,numberOfRobotsOnWhiteSite
6912,24,11
timeStep,numberOfRobotsOnBlackSite,numberOfRobotsOnWhiteSite
6913,24,11
timeStep,numberOfRobotsOnBlackSite,numberOfRobotsOnWhiteSite
6914,24,11
timeStep,numberOfRobotsOnBlackSite,numberOfRobotsOnWhiteSite
6915,24,11
timeStep,numberOfRobotsOnBlackSite,numberOfRobotsOnWhiteSite
6916,24,11
timeStep,numberOfRobotsOnBlackSite,numberOfRobotsOnWhiteSite
6917,24,11
timeStep,numberOfRobotsOnBlackSite,numberOfRobotsOnWhiteSite
6918,24,11
timeStep,numberOfRobotsOnBlackSite,numberOfRobotsOnWhiteSite
6919,24,11
timeStep,numberOfRobotsOnBlackSite,numberOfRobotsOnWhiteSite
6920,24,11
timeStep,numberOfRobotsOnBlackSite,numberOfRobotsOnWhiteSite
6921,24,11
timeStep,numberOfRobotsOnBlackSite,numberOfRobotsOnWhiteSite
6922,24,11
timeStep,numberOfRobotsOnBlackSite,numberOfRobotsOnWhiteSite
6923,24,11
timeStep,numberOfRobotsOnBlackSite,numberOfRobotsOnWhiteSite
6924,24,11
timeStep,numberOfRobotsOnBlackSite,numberOfRobotsOnWhiteSite
6925,24,11
timeStep,numberOfRobotsOnBlackSite,numberOfRobotsOnWhiteSite
6926,24,11
timeStep,numberOfRobotsOnBlackSite,numberOfRobotsOnWhiteSite
6927,24,11
timeStep,numberOfRobotsOnBlackSite,numberOfRobotsOnWhiteSite
6928,24,11
timeStep,numberOfRobotsOnBlackSite,numberOfRobotsOnWhiteSite
6929,24,11
timeStep,numberOfRobotsOnBlackSite,numberOfRobotsOnWhiteSite
6930,24,11
timeStep,numberOfRobotsOnBlackSite,numberOfRobotsOnWhiteSite
6931,24,11
timeStep,numberOfRobotsOnBlackSite,numberOfRobotsOnWhiteSite
6932,24,11
timeStep,numberOfRobotsOnBlackSite,numberOfRobotsOnWhiteSite
6933,24,11
timeStep,numberOfRobotsOnBlackSite,numberOfRobotsOnWhiteSite
6934,24,11
timeStep,numberOfRobotsOnBlackSite,numberOfRobotsOnWhiteSite
6935,24,11
timeStep,numberOfRobotsOnBlackSite,numberOfRobotsOnWhiteSite
6936,24,11
timeStep,numberOfRobotsOnBlackSite,numberOfRobotsOnWhiteSite
6937,24,11
timeStep,numberOfRobotsOnBlackSite,numberOfRobotsOnWhiteSite
6938,24,11
timeStep,numberOfRobotsOnBlackSite,numberOfRobotsOnWhiteSite
6939,24,11
timeStep,numberOfRobotsOnBlackSite,numberOfRobotsOnWhiteSite
6940,24,11
timeStep,numberOfRobotsOnBlackSite,numberOfRobotsOnWhiteSite
6941,24,11
timeStep,numberOfRobotsOnBlackSite,numberOfRobotsOnWhiteSite
6942,24,11
timeStep,numberOfRobotsOnBlackSite,numberOfRobotsOnWhiteSite
6943,24,11
timeStep,numberOfRobotsOnBlackSite,numberOfRobotsOnWhiteSite
6944,24,11
timeStep,numberOfRobotsOnBlackSite,numberOfRobotsOnWhiteSite
6945,24,11
timeStep,numberOfRobotsOnBlackSite,numberOfRobotsOnWhiteSite
6946,24,11
timeStep,numberOfRobotsOnBlackSite,numberOfRobotsOnWhiteSite
6947,24,11
timeStep,numberOfRobotsOnBlackSite,numberOfRobotsOnWhiteSite
6948,24,11
timeStep,numberOfRobotsOnBlackSite,numberOfRobotsOnWhiteSite
6949,24,11
timeStep,numberOfRobotsOnBlackSite,numberOfRobotsOnWhiteSite
6950,24,11
timeStep,numberOfRobotsOnBlackSite,numberOfRobotsOnWhiteSite
6951,24,11
timeStep,numberOfRobotsOnBlackSite,numberOfRobotsOnWhiteSite
6952,24,11
timeStep,numberOfRobotsOnBlackSite,numberOfRobotsOnWhiteSite
6953,24,11
timeStep,numberOfRobotsOnBlackSite,numberOfRobotsOnWhiteSite
6954,24,11
timeStep,numberOfRobotsOnBlackSite,numberOfRobotsOnWhiteSite
6955,24,11
timeStep,numberOfRobotsOnBlackSite,numberOfRobotsOnWhiteSite
6956,24,11
timeStep,numberOfRobotsOnBlackSite,numberOfRobotsOnWhiteSite
6957,24,11
timeStep,numberOfRobotsOnBlackSite,numberOfRobotsOnWhiteSite
6958,24,11
timeStep,numberOfRobotsOnBlackSite,numberOfRobotsOnWhiteSite
6959,24,11
timeStep,numberOfRobotsOnBlackSite,numberOfRobotsOnWhiteSite
6960,24,11
timeStep,numberOfRobotsOnBlackSite,numberOfRobotsOnWhiteSite
6961,24,11
timeStep,numberOfRobotsOnBlackSite,numberOfRobotsOnWhiteSite
6962,24,11
timeStep,numberOfRobotsOnBlackSite,numberOfRobotsOnWhiteSite
6963,24,11
timeStep,numberOfRobotsOnBlackSite,numberOfRobotsOnWhiteSite
6964,24,11
timeStep,numberOfRobotsOnBlackSite,numberOfRobotsOnWhiteSite
6965,24,11
timeStep,numberOfRobotsOnBlackSite,numberOfRobotsOnWhiteSite
6966,24,11
timeStep,numberOfRobotsOnBlackSite,numberOfRobotsOnWhiteSite
6967,24,11
timeStep,numberOfRobotsOnBlackSite,numberOfRobotsOnWhiteSite
6968,24,11
timeStep,numberOfRobotsOnBlackSite,numberOfRobotsOnWhiteSite
6969,24,11
timeStep,numberOfRobotsOnBlackSite,numberOfRobotsOnWhiteSite
6970,24,11
timeStep,numberOfRobotsOnBlackSite,numberOfRobotsOnWhiteSite
6971,24,11
timeStep,numberOfRobotsOnBlackSite,numberOfRobotsOnWhiteSite
6972,24,11
timeStep,numberOfRobotsOnBlackSite,numberOfRobotsOnWhiteSite
6973,24,11
timeStep,numberOfRobotsOnBlackSite,numberOfRobotsOnWhiteSite
6974,24,11
timeStep,numberOfRobotsOnBlackSite,numberOfRobotsOnWhiteSite
6975,24,11
timeStep,numberOfRobotsOnBlackSite,numberOfRobotsOnWhiteSite
6976,24,11
timeStep,numberOfRobotsOnBlackSite,numberOfRobotsOnWhiteSite
6977,24,11
timeStep,numberOfRobotsOnBlackSite,numberOfRobotsOnWhiteSite
6978,24,11
timeStep,numberOfRobotsOnBlackSite,numberOfRobotsOnWhiteSite
6979,24,11
timeStep,numberOfRobotsOnBlackSite,numberOfRobotsOnWhiteSite
6980,24,11
timeStep,numberOfRobotsOnBlackSite,numberOfRobotsOnWhiteSite
6981,24,11
timeStep,numberOfRobotsOnBlackSite,numberOfRobotsOnWhiteSite
6982,24,11
timeStep,numberOfRobotsOnBlackSite,numberOfRobotsOnWhiteSite
6983,24,11
timeStep,numberOfRobotsOnBlackSite,numberOfRobotsOnWhiteSite
6984,24,11
timeStep,numberOfRobotsOnBlackSite,numberOfRobotsOnWhiteSite
6985,24,11
timeStep,numberOfRobotsOnBlackSite,numberOfRobotsOnWhiteSite
6986,24,11
timeStep,numberOfRobotsOnBlackSite,numberOfRobotsOnWhiteSite
6987,24,11
timeStep,numberOfRobotsOnBlackSite,numberOfRobotsOnWhiteSite
6988,24,11
timeStep,numberOfRobotsOnBlackSite,numberOfRobotsOnWhiteSite
6989,24,11
timeStep,numberOfRobotsOnBlackSite,numberOfRobotsOnWhiteSite
6990,24,11
timeStep,numberOfRobotsOnBlackSite,numberOfRobotsOnWhiteSite
6991,24,11
timeStep,numberOfRobotsOnBlackSite,numberOfRobotsOnWhiteSite
6992,24,11
timeStep,numberOfRobotsOnBlackSite,numberOfRobotsOnWhiteSite
6993,24,11
timeStep,numberOfRobotsOnBlackSite,numberOfRobotsOnWhiteSite
6994,24,11
timeStep,numberOfRobotsOnBlackSite,numberOfRobotsOnWhiteSite
6995,24,11
timeStep,numberOfRobotsOnBlackSite,numberOfRobotsOnWhiteSite
6996,24,11
timeStep,numberOfRobotsOnBlackSite,numberOfRobotsOnWhiteSite
6997,24,11
timeStep,numberOfRobotsOnBlackSite,numberOfRobotsOnWhiteSite
6998,24,11
timeStep,numberOfRobotsOnBlackSite,numberOfRobotsOnWhiteSite
6999,24,11
timeStep,numberOfRobotsOnBlackSite,numberOfRobotsOnWhiteSite
7000,24,11
timeStep,numberOfRobotsOnBlackSite,numberOfRobotsOnWhiteSite
7001,24,11
timeStep,numberOfRobotsOnBlackSite,numberOfRobotsOnWhiteSite
7002,24,11
timeStep,numberOfRobotsOnBlackSite,numberOfRobotsOnWhiteSite
7003,24,11
timeStep,numberOfRobotsOnBlackSite,numberOfRobotsOnWhiteSite
7004,24,11
timeStep,numberOfRobotsOnBlackSite,numberOfRobotsOnWhiteSite
7005,24,11
timeStep,numberOfRobotsOnBlackSite,numberOfRobotsOnWhiteSite
7006,24,11
timeStep,numberOfRobotsOnBlackSite,numberOfRobotsOnWhiteSite
7007,24,11
timeStep,numberOfRobotsOnBlackSite,numberOfRobotsOnWhiteSite
7008,24,11
timeStep,numberOfRobotsOnBlackSite,numberOfRobotsOnWhiteSite
7009,24,11
timeStep,numberOfRobotsOnBlackSite,numberOfRobotsOnWhiteSite
7010,24,11
timeStep,numberOfRobotsOnBlackSite,numberOfRobotsOnWhiteSite
7011,24,11
timeStep,numberOfRobotsOnBlackSite,numberOfRobotsOnWhiteSite
7012,24,11
timeStep,numberOfRobotsOnBlackSite,numberOfRobotsOnWhiteSite
7013,24,11
timeStep,numberOfRobotsOnBlackSite,numberOfRobotsOnWhiteSite
7014,24,11
timeStep,numberOfRobotsOnBlackSite,numberOfRobotsOnWhiteSite
7015,24,11
timeStep,numberOfRobotsOnBlackSite,numberOfRobotsOnWhiteSite
7016,24,11
timeStep,numberOfRobotsOnBlackSite,numberOfRobotsOnWhiteSite
7017,24,11
timeStep,numberOfRobotsOnBlackSite,numberOfRobotsOnWhiteSite
7018,24,11
timeStep,numberOfRobotsOnBlackSite,numberOfRobotsOnWhiteSite
7019,24,11
timeStep,numberOfRobotsOnBlackSite,numberOfRobotsOnWhiteSite
7020,24,11
timeStep,numberOfRobotsOnBlackSite,numberOfRobotsOnWhiteSite
7021,24,11
timeStep,numberOfRobotsOnBlackSite,numberOfRobotsOnWhiteSite
7022,24,11
timeStep,numberOfRobotsOnBlackSite,numberOfRobotsOnWhiteSite
7023,24,11
timeStep,numberOfRobotsOnBlackSite,numberOfRobotsOnWhiteSite
7024,24,11
timeStep,numberOfRobotsOnBlackSite,numberOfRobotsOnWhiteSite
7025,24,11
timeStep,numberOfRobotsOnBlackSite,numberOfRobotsOnWhiteSite
7026,24,11
timeStep,numberOfRobotsOnBlackSite,numberOfRobotsOnWhiteSite
7027,24,11
timeStep,numberOfRobotsOnBlackSite,numberOfRobotsOnWhiteSite
7028,24,11
timeStep,numberOfRobotsOnBlackSite,numberOfRobotsOnWhiteSite
7029,24,11
timeStep,numberOfRobotsOnBlackSite,numberOfRobotsOnWhiteSite
7030,24,11
timeStep,numberOfRobotsOnBlackSite,numberOfRobotsOnWhiteSite
7031,24,11
timeStep,numberOfRobotsOnBlackSite,numberOfRobotsOnWhiteSite
7032,24,11
timeStep,numberOfRobotsOnBlackSite,numberOfRobotsOnWhiteSite
7033,24,11
timeStep,numberOfRobotsOnBlackSite,numberOfRobotsOnWhiteSite
7034,24,11
timeStep,numberOfRobotsOnBlackSite,numberOfRobotsOnWhiteSite
7035,24,11
timeStep,numberOfRobotsOnBlackSite,numberOfRobotsOnWhiteSite
7036,24,11
timeStep,numberOfRobotsOnBlackSite,numberOfRobotsOnWhiteSite
7037,24,11
timeStep,numberOfRobotsOnBlackSite,numberOfRobotsOnWhiteSite
7038,24,11
timeStep,numberOfRobotsOnBlackSite,numberOfRobotsOnWhiteSite
7039,24,11
timeStep,numberOfRobotsOnBlackSite,numberOfRobotsOnWhiteSite
7040,24,11
timeStep,numberOfRobotsOnBlackSite,numberOfRobotsOnWhiteSite
7041,24,11
timeStep,numberOfRobotsOnBlackSite,numberOfRobotsOnWhiteSite
7042,24,11
timeStep,numberOfRobotsOnBlackSite,numberOfRobotsOnWhiteSite
7043,24,11
timeStep,numberOfRobotsOnBlackSite,numberOfRobotsOnWhiteSite
7044,24,11
timeStep,numberOfRobotsOnBlackSite,numberOfRobotsOnWhiteSite
7045,24,11
timeStep,numberOfRobotsOnBlackSite,numberOfRobotsOnWhiteSite
7046,24,11
timeStep,numberOfRobotsOnBlackSite,numberOfRobotsOnWhiteSite
7047,24,11
timeStep,numberOfRobotsOnBlackSite,numberOfRobotsOnWhiteSite
7048,24,11
timeStep,numberOfRobotsOnBlackSite,numberOfRobotsOnWhiteSite
7049,24,11
timeStep,numberOfRobotsOnBlackSite,numberOfRobotsOnWhiteSite
7050,24,11
timeStep,numberOfRobotsOnBlackSite,numberOfRobotsOnWhiteSite
7051,24,11
timeStep,numberOfRobotsOnBlackSite,numberOfRobotsOnWhiteSite
7052,24,11
timeStep,numberOfRobotsOnBlackSite,numberOfRobotsOnWhiteSite
7053,24,11
timeStep,numberOfRobotsOnBlackSite,numberOfRobotsOnWhiteSite
7054,24,11
timeStep,numberOfRobotsOnBlackSite,numberOfRobotsOnWhiteSite
7055,24,11
timeStep,numberOfRobotsOnBlackSite,numberOfRobotsOnWhiteSite
7056,24,11
timeStep,numberOfRobotsOnBlackSite,numberOfRobotsOnWhiteSite
7057,24,11
timeStep,numberOfRobotsOnBlackSite,numberOfRobotsOnWhiteSite
7058,24,11
timeStep,numberOfRobotsOnBlackSite,numberOfRobotsOnWhiteSite
7059,24,11
timeStep,numberOfRobotsOnBlackSite,numberOfRobotsOnWhiteSite
7060,24,11
timeStep,numberOfRobotsOnBlackSite,numberOfRobotsOnWhiteSite
7061,24,11
timeStep,numberOfRobotsOnBlackSite,numberOfRobotsOnWhiteSite
7062,24,11
timeStep,numberOfRobotsOnBlackSite,numberOfRobotsOnWhiteSite
7063,24,11
timeStep,numberOfRobotsOnBlackSite,numberOfRobotsOnWhiteSite
7064,24,11
timeStep,numberOfRobotsOnBlackSite,numberOfRobotsOnWhiteSite
7065,24,11
timeStep,numberOfRobotsOnBlackSite,numberOfRobotsOnWhiteSite
7066,24,11
timeStep,numberOfRobotsOnBlackSite,numberOfRobotsOnWhiteSite
7067,24,11
timeStep,numberOfRobotsOnBlackSite,numberOfRobotsOnWhiteSite
7068,24,11
timeStep,numberOfRobotsOnBlackSite,numberOfRobotsOnWhiteSite
7069,24,11
timeStep,numberOfRobotsOnBlackSite,numberOfRobotsOnWhiteSite
7070,24,11
timeStep,numberOfRobotsOnBlackSite,numberOfRobotsOnWhiteSite
7071,24,11
timeStep,numberOfRobotsOnBlackSite,numberOfRobotsOnWhiteSite
7072,24,11
timeStep,numberOfRobotsOnBlackSite,numberOfRobotsOnWhiteSite
7073,24,11
timeStep,numberOfRobotsOnBlackSite,numberOfRobotsOnWhiteSite
7074,24,11
timeStep,numberOfRobotsOnBlackSite,numberOfRobotsOnWhiteSite
7075,24,11
timeStep,numberOfRobotsOnBlackSite,numberOfRobotsOnWhiteSite
7076,24,11
timeStep,numberOfRobotsOnBlackSite,numberOfRobotsOnWhiteSite
7077,24,11
timeStep,numberOfRobotsOnBlackSite,numberOfRobotsOnWhiteSite
7078,24,11
timeStep,numberOfRobotsOnBlackSite,numberOfRobotsOnWhiteSite
7079,24,11
timeStep,numberOfRobotsOnBlackSite,numberOfRobotsOnWhiteSite
7080,25,11
timeStep,numberOfRobotsOnBlackSite,numberOfRobotsOnWhiteSite
7081,25,11
timeStep,numberOfRobotsOnBlackSite,numberOfRobotsOnWhiteSite
7082,25,11
timeStep,numberOfRobotsOnBlackSite,numberOfRobotsOnWhiteSite
7083,25,11
timeStep,numberOfRobotsOnBlackSite,numberOfRobotsOnWhiteSite
7084,25,11
timeStep,numberOfRobotsOnBlackSite,numberOfRobotsOnWhiteSite
7085,25,11
timeStep,numberOfRobotsOnBlackSite,numberOfRobotsOnWhiteSite
7086,25,11
timeStep,numberOfRobotsOnBlackSite,numberOfRobotsOnWhiteSite
7087,25,11
timeStep,numberOfRobotsOnBlackSite,numberOfRobotsOnWhiteSite
7088,25,11
timeStep,numberOfRobotsOnBlackSite,numberOfRobotsOnWhiteSite
7089,25,11
timeStep,numberOfRobotsOnBlackSite,numberOfRobotsOnWhiteSite
7090,25,11
timeStep,numberOfRobotsOnBlackSite,numberOfRobotsOnWhiteSite
7091,25,11
timeStep,numberOfRobotsOnBlackSite,numberOfRobotsOnWhiteSite
7092,25,11
timeStep,numberOfRobotsOnBlackSite,numberOfRobotsOnWhiteSite
7093,25,11
timeStep,numberOfRobotsOnBlackSite,numberOfRobotsOnWhiteSite
7094,25,11
timeStep,numberOfRobotsOnBlackSite,numberOfRobotsOnWhiteSite
7095,25,11
timeStep,numberOfRobotsOnBlackSite,numberOfRobotsOnWhiteSite
7096,25,11
timeStep,numberOfRobotsOnBlackSite,numberOfRobotsOnWhiteSite
7097,25,11
timeStep,numberOfRobotsOnBlackSite,numberOfRobotsOnWhiteSite
7098,25,11
timeStep,numberOfRobotsOnBlackSite,numberOfRobotsOnWhiteSite
7099,25,11
timeStep,numberOfRobotsOnBlackSite,numberOfRobotsOnWhiteSite
7100,25,11
timeStep,numberOfRobotsOnBlackSite,numberOfRobotsOnWhiteSite
7101,25,11
timeStep,numberOfRobotsOnBlackSite,numberOfRobotsOnWhiteSite
7102,25,11
timeStep,numberOfRobotsOnBlackSite,numberOfRobotsOnWhiteSite
7103,25,11
timeStep,numberOfRobotsOnBlackSite,numberOfRobotsOnWhiteSite
7104,25,11
timeStep,numberOfRobotsOnBlackSite,numberOfRobotsOnWhiteSite
7105,25,11
timeStep,numberOfRobotsOnBlackSite,numberOfRobotsOnWhiteSite
7106,25,11
timeStep,numberOfRobotsOnBlackSite,numberOfRobotsOnWhiteSite
7107,25,11
timeStep,numberOfRobotsOnBlackSite,numberOfRobotsOnWhiteSite
7108,25,11
timeStep,numberOfRobotsOnBlackSite,numberOfRobotsOnWhiteSite
7109,25,11
timeStep,numberOfRobotsOnBlackSite,numberOfRobotsOnWhiteSite
7110,25,11
timeStep,numberOfRobotsOnBlackSite,numberOfRobotsOnWhiteSite
7111,25,11
timeStep,numberOfRobotsOnBlackSite,numberOfRobotsOnWhiteSite
7112,25,11
timeStep,numberOfRobotsOnBlackSite,numberOfRobotsOnWhiteSite
7113,25,11
timeStep,numberOfRobotsOnBlackSite,numberOfRobotsOnWhiteSite
7114,25,11
timeStep,numberOfRobotsOnBlackSite,numberOfRobotsOnWhiteSite
7115,25,11
timeStep,numberOfRobotsOnBlackSite,numberOfRobotsOnWhiteSite
7116,25,11
timeStep,numberOfRobotsOnBlackSite,numberOfRobotsOnWhiteSite
7117,25,11
timeStep,numberOfRobotsOnBlackSite,numberOfRobotsOnWhiteSite
7118,25,11
timeStep,numberOfRobotsOnBlackSite,numberOfRobotsOnWhiteSite
7119,25,11
timeStep,numberOfRobotsOnBlackSite,numberOfRobotsOnWhiteSite
7120,25,11
timeStep,numberOfRobotsOnBlackSite,numberOfRobotsOnWhiteSite
7121,25,11
timeStep,numberOfRobotsOnBlackSite,numberOfRobotsOnWhiteSite
7122,25,11
timeStep,numberOfRobotsOnBlackSite,numberOfRobotsOnWhiteSite
7123,25,11
timeStep,numberOfRobotsOnBlackSite,numberOfRobotsOnWhiteSite
7124,25,11
timeStep,numberOfRobotsOnBlackSite,numberOfRobotsOnWhiteSite
7125,25,11
timeStep,numberOfRobotsOnBlackSite,numberOfRobotsOnWhiteSite
7126,25,11
timeStep,numberOfRobotsOnBlackSite,numberOfRobotsOnWhiteSite
7127,25,11
timeStep,numberOfRobotsOnBlackSite,numberOfRobotsOnWhiteSite
7128,25,11
timeStep,numberOfRobotsOnBlackSite,numberOfRobotsOnWhiteSite
7129,25,11
timeStep,numberOfRobotsOnBlackSite,numberOfRobotsOnWhiteSite
7130,25,11
timeStep,numberOfRobotsOnBlackSite,numberOfRobotsOnWhiteSite
7131,25,11
timeStep,numberOfRobotsOnBlackSite,numberOfRobotsOnWhiteSite
7132,25,11
timeStep,numberOfRobotsOnBlackSite,numberOfRobotsOnWhiteSite
7133,25,11
timeStep,numberOfRobotsOnBlackSite,numberOfRobotsOnWhiteSite
7134,25,11
timeStep,numberOfRobotsOnBlackSite,numberOfRobotsOnWhiteSite
7135,25,11
timeStep,numberOfRobotsOnBlackSite,numberOfRobotsOnWhiteSite
7136,25,11
timeStep,numberOfRobotsOnBlackSite,numberOfRobotsOnWhiteSite
7137,25,11
timeStep,numberOfRobotsOnBlackSite,numberOfRobotsOnWhiteSite
7138,25,11
timeStep,numberOfRobotsOnBlackSite,numberOfRobotsOnWhiteSite
7139,25,11
timeStep,numberOfRobotsOnBlackSite,numberOfRobotsOnWhiteSite
7140,25,11
timeStep,numberOfRobotsOnBlackSite,numberOfRobotsOnWhiteSite
7141,25,11
timeStep,numberOfRobotsOnBlackSite,numberOfRobotsOnWhiteSite
7142,25,11
timeStep,numberOfRobotsOnBlackSite,numberOfRobotsOnWhiteSite
7143,25,11
timeStep,numberOfRobotsOnBlackSite,numberOfRobotsOnWhiteSite
7144,25,11
timeStep,numberOfRobotsOnBlackSite,numberOfRobotsOnWhiteSite
7145,25,11
timeStep,numberOfRobotsOnBlackSite,numberOfRobotsOnWhiteSite
7146,25,11
timeStep,numberOfRobotsOnBlackSite,numberOfRobotsOnWhiteSite
7147,25,11
timeStep,numberOfRobotsOnBlackSite,numberOfRobotsOnWhiteSite
7148,25,11
timeStep,numberOfRobotsOnBlackSite,numberOfRobotsOnWhiteSite
7149,25,11
timeStep,numberOfRobotsOnBlackSite,numberOfRobotsOnWhiteSite
7150,25,11
timeStep,numberOfRobotsOnBlackSite,numberOfRobotsOnWhiteSite
7151,25,11
timeStep,numberOfRobotsOnBlackSite,numberOfRobotsOnWhiteSite
7152,25,11
timeStep,numberOfRobotsOnBlackSite,numberOfRobotsOnWhiteSite
7153,25,11
timeStep,numberOfRobotsOnBlackSite,numberOfRobotsOnWhiteSite
7154,25,11
timeStep,numberOfRobotsOnBlackSite,numberOfRobotsOnWhiteSite
7155,25,11
timeStep,numberOfRobotsOnBlackSite,numberOfRobotsOnWhiteSite
7156,25,11
timeStep,numberOfRobotsOnBlackSite,numberOfRobotsOnWhiteSite
7157,25,11
timeStep,numberOfRobotsOnBlackSite,numberOfRobotsOnWhiteSite
7158,25,11
timeStep,numberOfRobotsOnBlackSite,numberOfRobotsOnWhiteSite
7159,25,11
timeStep,numberOfRobotsOnBlackSite,numberOfRobotsOnWhiteSite
7160,25,11
timeStep,numberOfRobotsOnBlackSite,numberOfRobotsOnWhiteSite
7161,25,11
timeStep,numberOfRobotsOnBlackSite,numberOfRobotsOnWhiteSite
7162,25,11
timeStep,numberOfRobotsOnBlackSite,numberOfRobotsOnWhiteSite
7163,25,11
timeStep,numberOfRobotsOnBlackSite,numberOfRobotsOnWhiteSite
7164,25,11
timeStep,numberOfRobotsOnBlackSite,numberOfRobotsOnWhiteSite
7165,25,11
timeStep,numberOfRobotsOnBlackSite,numberOfRobotsOnWhiteSite
7166,25,11
timeStep,numberOfRobotsOnBlackSite,numberOfRobotsOnWhiteSite
7167,25,11
timeStep,numberOfRobotsOnBlackSite,numberOfRobotsOnWhiteSite
7168,25,11
timeStep,numberOfRobotsOnBlackSite,numberOfRobotsOnWhiteSite
7169,25,11
timeStep,numberOfRobotsOnBlackSite,numberOfRobotsOnWhiteSite
7170,25,11
timeStep,numberOfRobotsOnBlackSite,numberOfRobotsOnWhiteSite
7171,25,11
timeStep,numberOfRobotsOnBlackSite,numberOfRobotsOnWhiteSite
7172,25,11
timeStep,numberOfRobotsOnBlackSite,numberOfRobotsOnWhiteSite
7173,25,11
timeStep,numberOfRobotsOnBlackSite,numberOfRobotsOnWhiteSite
7174,25,11
timeStep,numberOfRobotsOnBlackSite,numberOfRobotsOnWhiteSite
7175,25,11
timeStep,numberOfRobotsOnBlackSite,numberOfRobotsOnWhiteSite
7176,25,11
timeStep,numberOfRobotsOnBlackSite,numberOfRobotsOnWhiteSite
7177,25,11
timeStep,numberOfRobotsOnBlackSite,numberOfRobotsOnWhiteSite
7178,25,11
timeStep,numberOfRobotsOnBlackSite,numberOfRobotsOnWhiteSite
7179,25,11
timeStep,numberOfRobotsOnBlackSite,numberOfRobotsOnWhiteSite
7180,25,11
timeStep,numberOfRobotsOnBlackSite,numberOfRobotsOnWhiteSite
7181,25,11
timeStep,numberOfRobotsOnBlackSite,numberOfRobotsOnWhiteSite
7182,25,11
timeStep,numberOfRobotsOnBlackSite,numberOfRobotsOnWhiteSite
7183,25,11
timeStep,numberOfRobotsOnBlackSite,numberOfRobotsOnWhiteSite
7184,25,11
timeStep,numberOfRobotsOnBlackSite,numberOfRobotsOnWhiteSite
7185,25,11
timeStep,numberOfRobotsOnBlackSite,numberOfRobotsOnWhiteSite
7186,25,11
timeStep,numberOfRobotsOnBlackSite,numberOfRobotsOnWhiteSite
7187,25,11
timeStep,numberOfRobotsOnBlackSite,numberOfRobotsOnWhiteSite
7188,25,11
timeStep,numberOfRobotsOnBlackSite,numberOfRobotsOnWhiteSite
7189,25,11
timeStep,numberOfRobotsOnBlackSite,numberOfRobotsOnWhiteSite
7190,25,11
timeStep,numberOfRobotsOnBlackSite,numberOfRobotsOnWhiteSite
7191,25,11
timeStep,numberOfRobotsOnBlackSite,numberOfRobotsOnWhiteSite
7192,25,11
timeStep,numberOfRobotsOnBlackSite,numberOfRobotsOnWhiteSite
7193,25,11
timeStep,numberOfRobotsOnBlackSite,numberOfRobotsOnWhiteSite
7194,25,11
timeStep,numberOfRobotsOnBlackSite,numberOfRobotsOnWhiteSite
7195,25,11
timeStep,numberOfRobotsOnBlackSite,numberOfRobotsOnWhiteSite
7196,25,11
timeStep,numberOfRobotsOnBlackSite,numberOfRobotsOnWhiteSite
7197,25,11
timeStep,numberOfRobotsOnBlackSite,numberOfRobotsOnWhiteSite
7198,25,11
timeStep,numberOfRobotsOnBlackSite,numberOfRobotsOnWhiteSite
7199,25,11
timeStep,numberOfRobotsOnBlackSite,numberOfRobotsOnWhiteSite
7200,25,11
timeStep,numberOfRobotsOnBlackSite,numberOfRobotsOnWhiteSite
7201,25,11
timeStep,numberOfRobotsOnBlackSite,numberOfRobotsOnWhiteSite
7202,25,11
timeStep,numberOfRobotsOnBlackSite,numberOfRobotsOnWhiteSite
7203,25,11
timeStep,numberOfRobotsOnBlackSite,numberOfRobotsOnWhiteSite
7204,25,11
timeStep,numberOfRobotsOnBlackSite,numberOfRobotsOnWhiteSite
7205,25,11
timeStep,numberOfRobotsOnBlackSite,numberOfRobotsOnWhiteSite
7206,25,11
timeStep,numberOfRobotsOnBlackSite,numberOfRobotsOnWhiteSite
7207,25,11
timeStep,numberOfRobotsOnBlackSite,numberOfRobotsOnWhiteSite
7208,25,11
timeStep,numberOfRobotsOnBlackSite,numberOfRobotsOnWhiteSite
7209,25,11
timeStep,numberOfRobotsOnBlackSite,numberOfRobotsOnWhiteSite
7210,25,11
timeStep,numberOfRobotsOnBlackSite,numberOfRobotsOnWhiteSite
7211,25,11
timeStep,numberOfRobotsOnBlackSite,numberOfRobotsOnWhiteSite
7212,25,11
timeStep,numberOfRobotsOnBlackSite,numberOfRobotsOnWhiteSite
7213,25,11
timeStep,numberOfRobotsOnBlackSite,numberOfRobotsOnWhiteSite
7214,25,11
timeStep,numberOfRobotsOnBlackSite,numberOfRobotsOnWhiteSite
7215,25,11
timeStep,numberOfRobotsOnBlackSite,numberOfRobotsOnWhiteSite
7216,25,11
timeStep,numberOfRobotsOnBlackSite,numberOfRobotsOnWhiteSite
7217,25,11
timeStep,numberOfRobotsOnBlackSite,numberOfRobotsOnWhiteSite
7218,25,11
timeStep,numberOfRobotsOnBlackSite,numberOfRobotsOnWhiteSite
7219,25,11
timeStep,numberOfRobotsOnBlackSite,numberOfRobotsOnWhiteSite
7220,25,12
timeStep,numberOfRobotsOnBlackSite,numberOfRobotsOnWhiteSite
7221,25,12
timeStep,numberOfRobotsOnBlackSite,numberOfRobotsOnWhiteSite
7222,25,12
timeStep,numberOfRobotsOnBlackSite,numberOfRobotsOnWhiteSite
7223,25,12
timeStep,numberOfRobotsOnBlackSite,numberOfRobotsOnWhiteSite
7224,25,12
timeStep,numberOfRobotsOnBlackSite,numberOfRobotsOnWhiteSite
7225,25,13
timeStep,numberOfRobotsOnBlackSite,numberOfRobotsOnWhiteSite
7226,25,13
timeStep,numberOfRobotsOnBlackSite,numberOfRobotsOnWhiteSite
7227,25,13
timeStep,numberOfRobotsOnBlackSite,numberOfRobotsOnWhiteSite
7228,25,13
timeStep,numberOfRobotsOnBlackSite,numberOfRobotsOnWhiteSite
7229,25,13
timeStep,numberOfRobotsOnBlackSite,numberOfRobotsOnWhiteSite
7230,25,13
timeStep,numberOfRobotsOnBlackSite,numberOfRobotsOnWhiteSite
7231,25,13
timeStep,numberOfRobotsOnBlackSite,numberOfRobotsOnWhiteSite
7232,25,13
timeStep,numberOfRobotsOnBlackSite,numberOfRobotsOnWhiteSite
7233,25,13
timeStep,numberOfRobotsOnBlackSite,numberOfRobotsOnWhiteSite
7234,25,13
timeStep,numberOfRobotsOnBlackSite,numberOfRobotsOnWhiteSite
7235,25,13
timeStep,numberOfRobotsOnBlackSite,numberOfRobotsOnWhiteSite
7236,25,13
timeStep,numberOfRobotsOnBlackSite,numberOfRobotsOnWhiteSite
7237,25,13
timeStep,numberOfRobotsOnBlackSite,numberOfRobotsOnWhiteSite
7238,25,13
timeStep,numberOfRobotsOnBlackSite,numberOfRobotsOnWhiteSite
7239,25,13
timeStep,numberOfRobotsOnBlackSite,numberOfRobotsOnWhiteSite
7240,25,13
timeStep,numberOfRobotsOnBlackSite,numberOfRobotsOnWhiteSite
7241,25,13
timeStep,numberOfRobotsOnBlackSite,numberOfRobotsOnWhiteSite
7242,25,13
timeStep,numberOfRobotsOnBlackSite,numberOfRobotsOnWhiteSite
7243,25,13
timeStep,numberOfRobotsOnBlackSite,numberOfRobotsOnWhiteSite
7244,25,13
timeStep,numberOfRobotsOnBlackSite,numberOfRobotsOnWhiteSite
7245,24,13
timeStep,numberOfRobotsOnBlackSite,numberOfRobotsOnWhiteSite
7246,24,13
timeStep,numberOfRobotsOnBlackSite,numberOfRobotsOnWhiteSite
7247,24,13
timeStep,numberOfRobotsOnBlackSite,numberOfRobotsOnWhiteSite
7248,24,13
timeStep,numberOfRobotsOnBlackSite,numberOfRobotsOnWhiteSite
7249,24,13
timeStep,numberOfRobotsOnBlackSite,numberOfRobotsOnWhiteSite
7250,24,12
timeStep,numberOfRobotsOnBlackSite,numberOfRobotsOnWhiteSite
7251,24,12
timeStep,numberOfRobotsOnBlackSite,numberOfRobotsOnWhiteSite
7252,24,12
timeStep,numberOfRobotsOnBlackSite,numberOfRobotsOnWhiteSite
7253,24,12
timeStep,numberOfRobotsOnBlackSite,numberOfRobotsOnWhiteSite
7254,24,12
timeStep,numberOfRobotsOnBlackSite,numberOfRobotsOnWhiteSite
7255,24,12
timeStep,numberOfRobotsOnBlackSite,numberOfRobotsOnWhiteSite
7256,24,12
timeStep,numberOfRobotsOnBlackSite,numberOfRobotsOnWhiteSite
7257,24,12
timeStep,numberOfRobotsOnBlackSite,numberOfRobotsOnWhiteSite
7258,24,12
timeStep,numberOfRobotsOnBlackSite,numberOfRobotsOnWhiteSite
7259,24,12
timeStep,numberOfRobotsOnBlackSite,numberOfRobotsOnWhiteSite
7260,23,12
timeStep,numberOfRobotsOnBlackSite,numberOfRobotsOnWhiteSite
7261,23,12
timeStep,numberOfRobotsOnBlackSite,numberOfRobotsOnWhiteSite
7262,23,12
timeStep,numberOfRobotsOnBlackSite,numberOfRobotsOnWhiteSite
7263,23,12
timeStep,numberOfRobotsOnBlackSite,numberOfRobotsOnWhiteSite
7264,23,12
timeStep,numberOfRobotsOnBlackSite,numberOfRobotsOnWhiteSite
7265,23,12
timeStep,numberOfRobotsOnBlackSite,numberOfRobotsOnWhiteSite
7266,23,12
timeStep,numberOfRobotsOnBlackSite,numberOfRobotsOnWhiteSite
7267,23,12
timeStep,numberOfRobotsOnBlackSite,numberOfRobotsOnWhiteSite
7268,23,12
timeStep,numberOfRobotsOnBlackSite,numberOfRobotsOnWhiteSite
7269,23,12
timeStep,numberOfRobotsOnBlackSite,numberOfRobotsOnWhiteSite
7270,23,12
timeStep,numberOfRobotsOnBlackSite,numberOfRobotsOnWhiteSite
7271,23,12
timeStep,numberOfRobotsOnBlackSite,numberOfRobotsOnWhiteSite
7272,23,12
timeStep,numberOfRobotsOnBlackSite,numberOfRobotsOnWhiteSite
7273,23,12
timeStep,numberOfRobotsOnBlackSite,numberOfRobotsOnWhiteSite
7274,23,12
timeStep,numberOfRobotsOnBlackSite,numberOfRobotsOnWhiteSite
7275,23,12
timeStep,numberOfRobotsOnBlackSite,numberOfRobotsOnWhiteSite
7276,23,12
timeStep,numberOfRobotsOnBlackSite,numberOfRobotsOnWhiteSite
7277,23,12
timeStep,numberOfRobotsOnBlackSite,numberOfRobotsOnWhiteSite
7278,23,12
timeStep,numberOfRobotsOnBlackSite,numberOfRobotsOnWhiteSite
7279,23,12
timeStep,numberOfRobotsOnBlackSite,numberOfRobotsOnWhiteSite
7280,23,13
timeStep,numberOfRobotsOnBlackSite,numberOfRobotsOnWhiteSite
7281,23,13
timeStep,numberOfRobotsOnBlackSite,numberOfRobotsOnWhiteSite
7282,23,13
timeStep,numberOfRobotsOnBlackSite,numberOfRobotsOnWhiteSite
7283,23,13
timeStep,numberOfRobotsOnBlackSite,numberOfRobotsOnWhiteSite
7284,23,13
timeStep,numberOfRobotsOnBlackSite,numberOfRobotsOnWhiteSite
7285,23,13
timeStep,numberOfRobotsOnBlackSite,numberOfRobotsOnWhiteSite
7286,23,13
timeStep,numberOfRobotsOnBlackSite,numberOfRobotsOnWhiteSite
7287,23,13
timeStep,numberOfRobotsOnBlackSite,numberOfRobotsOnWhiteSite
7288,23,13
timeStep,numberOfRobotsOnBlackSite,numberOfRobotsOnWhiteSite
7289,23,13
timeStep,numberOfRobotsOnBlackSite,numberOfRobotsOnWhiteSite
7290,23,13
timeStep,numberOfRobotsOnBlackSite,numberOfRobotsOnWhiteSite
7291,23,13
timeStep,numberOfRobotsOnBlackSite,numberOfRobotsOnWhiteSite
7292,23,13
timeStep,numberOfRobotsOnBlackSite,numberOfRobotsOnWhiteSite
7293,23,13
timeStep,numberOfRobotsOnBlackSite,numberOfRobotsOnWhiteSite
7294,23,13
timeStep,numberOfRobotsOnBlackSite,numberOfRobotsOnWhiteSite
7295,23,13
timeStep,numberOfRobotsOnBlackSite,numberOfRobotsOnWhiteSite
7296,23,13
timeStep,numberOfRobotsOnBlackSite,numberOfRobotsOnWhiteSite
7297,23,13
timeStep,numberOfRobotsOnBlackSite,numberOfRobotsOnWhiteSite
7298,23,13
timeStep,numberOfRobotsOnBlackSite,numberOfRobotsOnWhiteSite
7299,23,13
timeStep,numberOfRobotsOnBlackSite,numberOfRobotsOnWhiteSite
7300,23,13
timeStep,numberOfRobotsOnBlackSite,numberOfRobotsOnWhiteSite
7301,23,13
timeStep,numberOfRobotsOnBlackSite,numberOfRobotsOnWhiteSite
7302,23,13
timeStep,numberOfRobotsOnBlackSite,numberOfRobotsOnWhiteSite
7303,23,13
timeStep,numberOfRobotsOnBlackSite,numberOfRobotsOnWhiteSite
7304,23,13
timeStep,numberOfRobotsOnBlackSite,numberOfRobotsOnWhiteSite
7305,23,13
timeStep,numberOfRobotsOnBlackSite,numberOfRobotsOnWhiteSite
7306,23,13
timeStep,numberOfRobotsOnBlackSite,numberOfRobotsOnWhiteSite
7307,23,13
timeStep,numberOfRobotsOnBlackSite,numberOfRobotsOnWhiteSite
7308,23,13
timeStep,numberOfRobotsOnBlackSite,numberOfRobotsOnWhiteSite
7309,23,13
timeStep,numberOfRobotsOnBlackSite,numberOfRobotsOnWhiteSite
7310,23,13
timeStep,numberOfRobotsOnBlackSite,numberOfRobotsOnWhiteSite
7311,23,13
timeStep,numberOfRobotsOnBlackSite,numberOfRobotsOnWhiteSite
7312,23,13
timeStep,numberOfRobotsOnBlackSite,numberOfRobotsOnWhiteSite
7313,23,13
timeStep,numberOfRobotsOnBlackSite,numberOfRobotsOnWhiteSite
7314,23,13
timeStep,numberOfRobotsOnBlackSite,numberOfRobotsOnWhiteSite
7315,23,13
timeStep,numberOfRobotsOnBlackSite,numberOfRobotsOnWhiteSite
7316,23,13
timeStep,numberOfRobotsOnBlackSite,numberOfRobotsOnWhiteSite
7317,23,13
timeStep,numberOfRobotsOnBlackSite,numberOfRobotsOnWhiteSite
7318,23,13
timeStep,numberOfRobotsOnBlackSite,numberOfRobotsOnWhiteSite
7319,23,13
timeStep,numberOfRobotsOnBlackSite,numberOfRobotsOnWhiteSite
7320,23,13
timeStep,numberOfRobotsOnBlackSite,numberOfRobotsOnWhiteSite
7321,23,13
timeStep,numberOfRobotsOnBlackSite,numberOfRobotsOnWhiteSite
7322,23,13
timeStep,numberOfRobotsOnBlackSite,numberOfRobotsOnWhiteSite
7323,23,13
timeStep,numberOfRobotsOnBlackSite,numberOfRobotsOnWhiteSite
7324,23,13
timeStep,numberOfRobotsOnBlackSite,numberOfRobotsOnWhiteSite
7325,23,13
timeStep,numberOfRobotsOnBlackSite,numberOfRobotsOnWhiteSite
7326,23,13
timeStep,numberOfRobotsOnBlackSite,numberOfRobotsOnWhiteSite
7327,23,13
timeStep,numberOfRobotsOnBlackSite,numberOfRobotsOnWhiteSite
7328,23,13
timeStep,numberOfRobotsOnBlackSite,numberOfRobotsOnWhiteSite
7329,23,13
timeStep,numberOfRobotsOnBlackSite,numberOfRobotsOnWhiteSite
7330,23,13
timeStep,numberOfRobotsOnBlackSite,numberOfRobotsOnWhiteSite
7331,23,13
timeStep,numberOfRobotsOnBlackSite,numberOfRobotsOnWhiteSite
7332,23,13
timeStep,numberOfRobotsOnBlackSite,numberOfRobotsOnWhiteSite
7333,23,13
timeStep,numberOfRobotsOnBlackSite,numberOfRobotsOnWhiteSite
7334,23,13
timeStep,numberOfRobotsOnBlackSite,numberOfRobotsOnWhiteSite
7335,23,13
timeStep,numberOfRobotsOnBlackSite,numberOfRobotsOnWhiteSite
7336,23,13
timeStep,numberOfRobotsOnBlackSite,numberOfRobotsOnWhiteSite
7337,23,13
timeStep,numberOfRobotsOnBlackSite,numberOfRobotsOnWhiteSite
7338,23,13
timeStep,numberOfRobotsOnBlackSite,numberOfRobotsOnWhiteSite
7339,23,13
timeStep,numberOfRobotsOnBlackSite,numberOfRobotsOnWhiteSite
7340,23,13
timeStep,numberOfRobotsOnBlackSite,numberOfRobotsOnWhiteSite
7341,23,13
timeStep,numberOfRobotsOnBlackSite,numberOfRobotsOnWhiteSite
7342,23,13
timeStep,numberOfRobotsOnBlackSite,numberOfRobotsOnWhiteSite
7343,23,13
timeStep,numberOfRobotsOnBlackSite,numberOfRobotsOnWhiteSite
7344,23,13
timeStep,numberOfRobotsOnBlackSite,numberOfRobotsOnWhiteSite
7345,24,14
timeStep,numberOfRobotsOnBlackSite,numberOfRobotsOnWhiteSite
7346,24,14
timeStep,numberOfRobotsOnBlackSite,numberOfRobotsOnWhiteSite
7347,24,14
timeStep,numberOfRobotsOnBlackSite,numberOfRobotsOnWhiteSite
7348,24,14
timeStep,numberOfRobotsOnBlackSite,numberOfRobotsOnWhiteSite
7349,24,14
timeStep,numberOfRobotsOnBlackSite,numberOfRobotsOnWhiteSite
7350,24,14
timeStep,numberOfRobotsOnBlackSite,numberOfRobotsOnWhiteSite
7351,24,14
timeStep,numberOfRobotsOnBlackSite,numberOfRobotsOnWhiteSite
7352,24,14
timeStep,numberOfRobotsOnBlackSite,numberOfRobotsOnWhiteSite
7353,24,14
timeStep,numberOfRobotsOnBlackSite,numberOfRobotsOnWhiteSite
7354,24,14
timeStep,numberOfRobotsOnBlackSite,numberOfRobotsOnWhiteSite
7355,24,14
timeStep,numberOfRobotsOnBlackSite,numberOfRobotsOnWhiteSite
7356,24,14
timeStep,numberOfRobotsOnBlackSite,numberOfRobotsOnWhiteSite
7357,24,14
timeStep,numberOfRobotsOnBlackSite,numberOfRobotsOnWhiteSite
7358,24,14
timeStep,numberOfRobotsOnBlackSite,numberOfRobotsOnWhiteSite
7359,24,14
timeStep,numberOfRobotsOnBlackSite,numberOfRobotsOnWhiteSite
7360,24,13
timeStep,numberOfRobotsOnBlackSite,numberOfRobotsOnWhiteSite
7361,24,13
timeStep,numberOfRobotsOnBlackSite,numberOfRobotsOnWhiteSite
7362,24,13
timeStep,numberOfRobotsOnBlackSite,numberOfRobotsOnWhiteSite
7363,24,13
timeStep,numberOfRobotsOnBlackSite,numberOfRobotsOnWhiteSite
7364,24,13
timeStep,numberOfRobotsOnBlackSite,numberOfRobotsOnWhiteSite
7365,24,12
timeStep,numberOfRobotsOnBlackSite,numberOfRobotsOnWhiteSite
7366,24,12
timeStep,numberOfRobotsOnBlackSite,numberOfRobotsOnWhiteSite
7367,24,12
timeStep,numberOfRobotsOnBlackSite,numberOfRobotsOnWhiteSite
7368,24,12
timeStep,numberOfRobotsOnBlackSite,numberOfRobotsOnWhiteSite
7369,24,12
timeStep,numberOfRobotsOnBlackSite,numberOfRobotsOnWhiteSite
7370,24,12
timeStep,numberOfRobotsOnBlackSite,numberOfRobotsOnWhiteSite
7371,24,12
timeStep,numberOfRobotsOnBlackSite,numberOfRobotsOnWhiteSite
7372,24,12
timeStep,numberOfRobotsOnBlackSite,numberOfRobotsOnWhiteSite
7373,24,12
timeStep,numberOfRobotsOnBlackSite,numberOfRobotsOnWhiteSite
7374,24,12
timeStep,numberOfRobotsOnBlackSite,numberOfRobotsOnWhiteSite
7375,24,12
timeStep,numberOfRobotsOnBlackSite,numberOfRobotsOnWhiteSite
7376,24,12
timeStep,numberOfRobotsOnBlackSite,numberOfRobotsOnWhiteSite
7377,24,12
timeStep,numberOfRobotsOnBlackSite,numberOfRobotsOnWhiteSite
7378,24,12
timeStep,numberOfRobotsOnBlackSite,numberOfRobotsOnWhiteSite
7379,24,12
timeStep,numberOfRobotsOnBlackSite,numberOfRobotsOnWhiteSite
7380,24,11
timeStep,numberOfRobotsOnBlackSite,numberOfRobotsOnWhiteSite
7381,24,11
timeStep,numberOfRobotsOnBlackSite,numberOfRobotsOnWhiteSite
7382,24,11
timeStep,numberOfRobotsOnBlackSite,numberOfRobotsOnWhiteSite
7383,24,11
timeStep,numberOfRobotsOnBlackSite,numberOfRobotsOnWhiteSite
7384,24,11
timeStep,numberOfRobotsOnBlackSite,numberOfRobotsOnWhiteSite
7385,24,11
timeStep,numberOfRobotsOnBlackSite,numberOfRobotsOnWhiteSite
7386,24,11
timeStep,numberOfRobotsOnBlackSite,numberOfRobotsOnWhiteSite
7387,24,11
timeStep,numberOfRobotsOnBlackSite,numberOfRobotsOnWhiteSite
7388,24,11
timeStep,numberOfRobotsOnBlackSite,numberOfRobotsOnWhiteSite
7389,24,11
timeStep,numberOfRobotsOnBlackSite,numberOfRobotsOnWhiteSite
7390,24,11
timeStep,numberOfRobotsOnBlackSite,numberOfRobotsOnWhiteSite
7391,24,11
timeStep,numberOfRobotsOnBlackSite,numberOfRobotsOnWhiteSite
7392,24,11
timeStep,numberOfRobotsOnBlackSite,numberOfRobotsOnWhiteSite
7393,24,11
timeStep,numberOfRobotsOnBlackSite,numberOfRobotsOnWhiteSite
7394,24,11
timeStep,numberOfRobotsOnBlackSite,numberOfRobotsOnWhiteSite
7395,24,11
timeStep,numberOfRobotsOnBlackSite,numberOfRobotsOnWhiteSite
7396,24,11
timeStep,numberOfRobotsOnBlackSite,numberOfRobotsOnWhiteSite
7397,24,11
timeStep,numberOfRobotsOnBlackSite,numberOfRobotsOnWhiteSite
7398,24,11
timeStep,numberOfRobotsOnBlackSite,numberOfRobotsOnWhiteSite
7399,24,11
timeStep,numberOfRobotsOnBlackSite,numberOfRobotsOnWhiteSite
7400,24,11
timeStep,numberOfRobotsOnBlackSite,numberOfRobotsOnWhiteSite
7401,24,11
timeStep,numberOfRobotsOnBlackSite,numberOfRobotsOnWhiteSite
7402,24,11
timeStep,numberOfRobotsOnBlackSite,numberOfRobotsOnWhiteSite
7403,24,11
timeStep,numberOfRobotsOnBlackSite,numberOfRobotsOnWhiteSite
7404,24,11
timeStep,numberOfRobotsOnBlackSite,numberOfRobotsOnWhiteSite
7405,24,11
timeStep,numberOfRobotsOnBlackSite,numberOfRobotsOnWhiteSite
7406,24,11
timeStep,numberOfRobotsOnBlackSite,numberOfRobotsOnWhiteSite
7407,24,11
timeStep,numberOfRobotsOnBlackSite,numberOfRobotsOnWhiteSite
7408,24,11
timeStep,numberOfRobotsOnBlackSite,numberOfRobotsOnWhiteSite
7409,24,11
timeStep,numberOfRobotsOnBlackSite,numberOfRobotsOnWhiteSite
7410,24,12
timeStep,numberOfRobotsOnBlackSite,numberOfRobotsOnWhiteSite
7411,24,12
timeStep,numberOfRobotsOnBlackSite,numberOfRobotsOnWhiteSite
7412,24,12
timeStep,numberOfRobotsOnBlackSite,numberOfRobotsOnWhiteSite
7413,24,12
timeStep,numberOfRobotsOnBlackSite,numberOfRobotsOnWhiteSite
7414,24,12
timeStep,numberOfRobotsOnBlackSite,numberOfRobotsOnWhiteSite
7415,24,11
timeStep,numberOfRobotsOnBlackSite,numberOfRobotsOnWhiteSite
7416,24,11
timeStep,numberOfRobotsOnBlackSite,numberOfRobotsOnWhiteSite
7417,24,11
timeStep,numberOfRobotsOnBlackSite,numberOfRobotsOnWhiteSite
7418,24,11
timeStep,numberOfRobotsOnBlackSite,numberOfRobotsOnWhiteSite
7419,24,11
timeStep,numberOfRobotsOnBlackSite,numberOfRobotsOnWhiteSite
7420,24,11
timeStep,numberOfRobotsOnBlackSite,numberOfRobotsOnWhiteSite
7421,24,11
timeStep,numberOfRobotsOnBlackSite,numberOfRobotsOnWhiteSite
7422,24,11
timeStep,numberOfRobotsOnBlackSite,numberOfRobotsOnWhiteSite
7423,24,11
timeStep,numberOfRobotsOnBlackSite,numberOfRobotsOnWhiteSite
7424,24,11
timeStep,numberOfRobotsOnBlackSite,numberOfRobotsOnWhiteSite
7425,24,11
timeStep,numberOfRobotsOnBlackSite,numberOfRobotsOnWhiteSite
7426,24,11
timeStep,numberOfRobotsOnBlackSite,numberOfRobotsOnWhiteSite
7427,24,11
timeStep,numberOfRobotsOnBlackSite,numberOfRobotsOnWhiteSite
7428,24,11
timeStep,numberOfRobotsOnBlackSite,numberOfRobotsOnWhiteSite
7429,24,11
timeStep,numberOfRobotsOnBlackSite,numberOfRobotsOnWhiteSite
7430,24,11
timeStep,numberOfRobotsOnBlackSite,numberOfRobotsOnWhiteSite
7431,24,11
timeStep,numberOfRobotsOnBlackSite,numberOfRobotsOnWhiteSite
7432,24,11
timeStep,numberOfRobotsOnBlackSite,numberOfRobotsOnWhiteSite
7433,24,11
timeStep,numberOfRobotsOnBlackSite,numberOfRobotsOnWhiteSite
7434,24,11
timeStep,numberOfRobotsOnBlackSite,numberOfRobotsOnWhiteSite
7435,24,11
timeStep,numberOfRobotsOnBlackSite,numberOfRobotsOnWhiteSite
7436,24,11
timeStep,numberOfRobotsOnBlackSite,numberOfRobotsOnWhiteSite
7437,24,11
timeStep,numberOfRobotsOnBlackSite,numberOfRobotsOnWhiteSite
7438,24,11
timeStep,numberOfRobotsOnBlackSite,numberOfRobotsOnWhiteSite
7439,24,11
timeStep,numberOfRobotsOnBlackSite,numberOfRobotsOnWhiteSite
7440,24,11
timeStep,numberOfRobotsOnBlackSite,numberOfRobotsOnWhiteSite
7441,24,11
timeStep,numberOfRobotsOnBlackSite,numberOfRobotsOnWhiteSite
7442,24,11
timeStep,numberOfRobotsOnBlackSite,numberOfRobotsOnWhiteSite
7443,24,11
timeStep,numberOfRobotsOnBlackSite,numberOfRobotsOnWhiteSite
7444,24,11
timeStep,numberOfRobotsOnBlackSite,numberOfRobotsOnWhiteSite
7445,24,11
timeStep,numberOfRobotsOnBlackSite,numberOfRobotsOnWhiteSite
7446,24,11
timeStep,numberOfRobotsOnBlackSite,numberOfRobotsOnWhiteSite
7447,24,11
timeStep,numberOfRobotsOnBlackSite,numberOfRobotsOnWhiteSite
7448,24,11
timeStep,numberOfRobotsOnBlackSite,numberOfRobotsOnWhiteSite
7449,24,11
timeStep,numberOfRobotsOnBlackSite,numberOfRobotsOnWhiteSite
7450,24,11
timeStep,numberOfRobotsOnBlackSite,numberOfRobotsOnWhiteSite
7451,24,11
timeStep,numberOfRobotsOnBlackSite,numberOfRobotsOnWhiteSite
7452,24,11
timeStep,numberOfRobotsOnBlackSite,numberOfRobotsOnWhiteSite
7453,24,11
timeStep,numberOfRobotsOnBlackSite,numberOfRobotsOnWhiteSite
7454,24,11
timeStep,numberOfRobotsOnBlackSite,numberOfRobotsOnWhiteSite
7455,24,11
timeStep,numberOfRobotsOnBlackSite,numberOfRobotsOnWhiteSite
7456,24,11
timeStep,numberOfRobotsOnBlackSite,numberOfRobotsOnWhiteSite
7457,24,11
timeStep,numberOfRobotsOnBlackSite,numberOfRobotsOnWhiteSite
7458,24,11
timeStep,numberOfRobotsOnBlackSite,numberOfRobotsOnWhiteSite
7459,24,11
timeStep,numberOfRobotsOnBlackSite,numberOfRobotsOnWhiteSite
7460,24,11
timeStep,numberOfRobotsOnBlackSite,numberOfRobotsOnWhiteSite
7461,24,11
timeStep,numberOfRobotsOnBlackSite,numberOfRobotsOnWhiteSite
7462,24,11
timeStep,numberOfRobotsOnBlackSite,numberOfRobotsOnWhiteSite
7463,24,11
timeStep,numberOfRobotsOnBlackSite,numberOfRobotsOnWhiteSite
7464,24,11
timeStep,numberOfRobotsOnBlackSite,numberOfRobotsOnWhiteSite
7465,24,11
timeStep,numberOfRobotsOnBlackSite,numberOfRobotsOnWhiteSite
7466,24,11
timeStep,numberOfRobotsOnBlackSite,numberOfRobotsOnWhiteSite
7467,24,11
timeStep,numberOfRobotsOnBlackSite,numberOfRobotsOnWhiteSite
7468,24,11
timeStep,numberOfRobotsOnBlackSite,numberOfRobotsOnWhiteSite
7469,24,11
timeStep,numberOfRobotsOnBlackSite,numberOfRobotsOnWhiteSite
7470,24,11
timeStep,numberOfRobotsOnBlackSite,numberOfRobotsOnWhiteSite
7471,24,11
timeStep,numberOfRobotsOnBlackSite,numberOfRobotsOnWhiteSite
7472,24,11
timeStep,numberOfRobotsOnBlackSite,numberOfRobotsOnWhiteSite
7473,24,11
timeStep,numberOfRobotsOnBlackSite,numberOfRobotsOnWhiteSite
7474,24,11
timeStep,numberOfRobotsOnBlackSite,numberOfRobotsOnWhiteSite
7475,24,12
timeStep,numberOfRobotsOnBlackSite,numberOfRobotsOnWhiteSite
7476,24,12
timeStep,numberOfRobotsOnBlackSite,numberOfRobotsOnWhiteSite
7477,24,12
timeStep,numberOfRobotsOnBlackSite,numberOfRobotsOnWhiteSite
7478,24,12
timeStep,numberOfRobotsOnBlackSite,numberOfRobotsOnWhiteSite
7479,24,12
timeStep,numberOfRobotsOnBlackSite,numberOfRobotsOnWhiteSite
7480,24,12
timeStep,numberOfRobotsOnBlackSite,numberOfRobotsOnWhiteSite
7481,24,12
timeStep,numberOfRobotsOnBlackSite,numberOfRobotsOnWhiteSite
7482,24,12
timeStep,numberOfRobotsOnBlackSite,numberOfRobotsOnWhiteSite
7483,24,12
timeStep,numberOfRobotsOnBlackSite,numberOfRobotsOnWhiteSite
7484,24,12
timeStep,numberOfRobotsOnBlackSite,numberOfRobotsOnWhiteSite
7485,24,12
timeStep,numberOfRobotsOnBlackSite,numberOfRobotsOnWhiteSite
7486,24,12
timeStep,numberOfRobotsOnBlackSite,numberOfRobotsOnWhiteSite
7487,24,12
timeStep,numberOfRobotsOnBlackSite,numberOfRobotsOnWhiteSite
7488,24,12
timeStep,numberOfRobotsOnBlackSite,numberOfRobotsOnWhiteSite
7489,24,12
timeStep,numberOfRobotsOnBlackSite,numberOfRobotsOnWhiteSite
7490,24,12
timeStep,numberOfRobotsOnBlackSite,numberOfRobotsOnWhiteSite
7491,24,12
timeStep,numberOfRobotsOnBlackSite,numberOfRobotsOnWhiteSite
7492,24,12
timeStep,numberOfRobotsOnBlackSite,numberOfRobotsOnWhiteSite
7493,24,12
timeStep,numberOfRobotsOnBlackSite,numberOfRobotsOnWhiteSite
7494,24,12
timeStep,numberOfRobotsOnBlackSite,numberOfRobotsOnWhiteSite
7495,24,12
timeStep,numberOfRobotsOnBlackSite,numberOfRobotsOnWhiteSite
7496,24,12
timeStep,numberOfRobotsOnBlackSite,numberOfRobotsOnWhiteSite
7497,24,12
timeStep,numberOfRobotsOnBlackSite,numberOfRobotsOnWhiteSite
7498,24,12
timeStep,numberOfRobotsOnBlackSite,numberOfRobotsOnWhiteSite
7499,24,12
timeStep,numberOfRobotsOnBlackSite,numberOfRobotsOnWhiteSite
7500,24,12
timeStep,numberOfRobotsOnBlackSite,numberOfRobotsOnWhiteSite
7501,24,12
timeStep,numberOfRobotsOnBlackSite,numberOfRobotsOnWhiteSite
7502,24,12
timeStep,numberOfRobotsOnBlackSite,numberOfRobotsOnWhiteSite
7503,24,12
timeStep,numberOfRobotsOnBlackSite,numberOfRobotsOnWhiteSite
7504,24,12
timeStep,numberOfRobotsOnBlackSite,numberOfRobotsOnWhiteSite
7505,24,12
timeStep,numberOfRobotsOnBlackSite,numberOfRobotsOnWhiteSite
7506,24,12
timeStep,numberOfRobotsOnBlackSite,numberOfRobotsOnWhiteSite
7507,24,12
timeStep,numberOfRobotsOnBlackSite,numberOfRobotsOnWhiteSite
7508,24,12
timeStep,numberOfRobotsOnBlackSite,numberOfRobotsOnWhiteSite
7509,24,12
timeStep,numberOfRobotsOnBlackSite,numberOfRobotsOnWhiteSite
7510,24,12
timeStep,numberOfRobotsOnBlackSite,numberOfRobotsOnWhiteSite
7511,24,12
timeStep,numberOfRobotsOnBlackSite,numberOfRobotsOnWhiteSite
7512,24,12
timeStep,numberOfRobotsOnBlackSite,numberOfRobotsOnWhiteSite
7513,24,12
timeStep,numberOfRobotsOnBlackSite,numberOfRobotsOnWhiteSite
7514,24,12
timeStep,numberOfRobotsOnBlackSite,numberOfRobotsOnWhiteSite
7515,24,12
timeStep,numberOfRobotsOnBlackSite,numberOfRobotsOnWhiteSite
7516,24,12
timeStep,numberOfRobotsOnBlackSite,numberOfRobotsOnWhiteSite
7517,24,12
timeStep,numberOfRobotsOnBlackSite,numberOfRobotsOnWhiteSite
7518,24,12
timeStep,numberOfRobotsOnBlackSite,numberOfRobotsOnWhiteSite
7519,24,12
timeStep,numberOfRobotsOnBlackSite,numberOfRobotsOnWhiteSite
7520,24,12
timeStep,numberOfRobotsOnBlackSite,numberOfRobotsOnWhiteSite
7521,24,12
timeStep,numberOfRobotsOnBlackSite,numberOfRobotsOnWhiteSite
7522,24,12
timeStep,numberOfRobotsOnBlackSite,numberOfRobotsOnWhiteSite
7523,24,12
timeStep,numberOfRobotsOnBlackSite,numberOfRobotsOnWhiteSite
7524,24,12
timeStep,numberOfRobotsOnBlackSite,numberOfRobotsOnWhiteSite
7525,24,12
timeStep,numberOfRobotsOnBlackSite,numberOfRobotsOnWhiteSite
7526,24,12
timeStep,numberOfRobotsOnBlackSite,numberOfRobotsOnWhiteSite
7527,24,12
timeStep,numberOfRobotsOnBlackSite,numberOfRobotsOnWhiteSite
7528,24,12
timeStep,numberOfRobotsOnBlackSite,numberOfRobotsOnWhiteSite
7529,24,12
timeStep,numberOfRobotsOnBlackSite,numberOfRobotsOnWhiteSite
7530,24,12
timeStep,numberOfRobotsOnBlackSite,numberOfRobotsOnWhiteSite
7531,24,12
timeStep,numberOfRobotsOnBlackSite,numberOfRobotsOnWhiteSite
7532,24,12
timeStep,numberOfRobotsOnBlackSite,numberOfRobotsOnWhiteSite
7533,24,12
timeStep,numberOfRobotsOnBlackSite,numberOfRobotsOnWhiteSite
7534,24,12
timeStep,numberOfRobotsOnBlackSite,numberOfRobotsOnWhiteSite
7535,24,12
timeStep,numberOfRobotsOnBlackSite,numberOfRobotsOnWhiteSite
7536,24,12
timeStep,numberOfRobotsOnBlackSite,numberOfRobotsOnWhiteSite
7537,24,12
timeStep,numberOfRobotsOnBlackSite,numberOfRobotsOnWhiteSite
7538,24,12
timeStep,numberOfRobotsOnBlackSite,numberOfRobotsOnWhiteSite
7539,24,12
timeStep,numberOfRobotsOnBlackSite,numberOfRobotsOnWhiteSite
7540,24,12
timeStep,numberOfRobotsOnBlackSite,numberOfRobotsOnWhiteSite
7541,24,12
timeStep,numberOfRobotsOnBlackSite,numberOfRobotsOnWhiteSite
7542,24,12
timeStep,numberOfRobotsOnBlackSite,numberOfRobotsOnWhiteSite
7543,24,12
timeStep,numberOfRobotsOnBlackSite,numberOfRobotsOnWhiteSite
7544,24,12
timeStep,numberOfRobotsOnBlackSite,numberOfRobotsOnWhiteSite
7545,24,12
timeStep,numberOfRobotsOnBlackSite,numberOfRobotsOnWhiteSite
7546,24,12
timeStep,numberOfRobotsOnBlackSite,numberOfRobotsOnWhiteSite
7547,24,12
timeStep,numberOfRobotsOnBlackSite,numberOfRobotsOnWhiteSite
7548,24,12
timeStep,numberOfRobotsOnBlackSite,numberOfRobotsOnWhiteSite
7549,24,12
timeStep,numberOfRobotsOnBlackSite,numberOfRobotsOnWhiteSite
7550,24,12
timeStep,numberOfRobotsOnBlackSite,numberOfRobotsOnWhiteSite
7551,24,12
timeStep,numberOfRobotsOnBlackSite,numberOfRobotsOnWhiteSite
7552,24,12
timeStep,numberOfRobotsOnBlackSite,numberOfRobotsOnWhiteSite
7553,24,12
timeStep,numberOfRobotsOnBlackSite,numberOfRobotsOnWhiteSite
7554,24,12
timeStep,numberOfRobotsOnBlackSite,numberOfRobotsOnWhiteSite
7555,24,12
timeStep,numberOfRobotsOnBlackSite,numberOfRobotsOnWhiteSite
7556,24,12
timeStep,numberOfRobotsOnBlackSite,numberOfRobotsOnWhiteSite
7557,24,12
timeStep,numberOfRobotsOnBlackSite,numberOfRobotsOnWhiteSite
7558,24,12
timeStep,numberOfRobotsOnBlackSite,numberOfRobotsOnWhiteSite
7559,24,12
timeStep,numberOfRobotsOnBlackSite,numberOfRobotsOnWhiteSite
7560,24,12
timeStep,numberOfRobotsOnBlackSite,numberOfRobotsOnWhiteSite
7561,24,12
timeStep,numberOfRobotsOnBlackSite,numberOfRobotsOnWhiteSite
7562,24,12
timeStep,numberOfRobotsOnBlackSite,numberOfRobotsOnWhiteSite
7563,24,12
timeStep,numberOfRobotsOnBlackSite,numberOfRobotsOnWhiteSite
7564,24,12
timeStep,numberOfRobotsOnBlackSite,numberOfRobotsOnWhiteSite
7565,25,12
timeStep,numberOfRobotsOnBlackSite,numberOfRobotsOnWhiteSite
7566,25,12
timeStep,numberOfRobotsOnBlackSite,numberOfRobotsOnWhiteSite
7567,25,12
timeStep,numberOfRobotsOnBlackSite,numberOfRobotsOnWhiteSite
7568,25,12
timeStep,numberOfRobotsOnBlackSite,numberOfRobotsOnWhiteSite
7569,25,12
timeStep,numberOfRobotsOnBlackSite,numberOfRobotsOnWhiteSite
7570,25,12
timeStep,numberOfRobotsOnBlackSite,numberOfRobotsOnWhiteSite
7571,25,12
timeStep,numberOfRobotsOnBlackSite,numberOfRobotsOnWhiteSite
7572,25,12
timeStep,numberOfRobotsOnBlackSite,numberOfRobotsOnWhiteSite
7573,25,12
timeStep,numberOfRobotsOnBlackSite,numberOfRobotsOnWhiteSite
7574,25,12
timeStep,numberOfRobotsOnBlackSite,numberOfRobotsOnWhiteSite
7575,25,12
timeStep,numberOfRobotsOnBlackSite,numberOfRobotsOnWhiteSite
7576,25,12
timeStep,numberOfRobotsOnBlackSite,numberOfRobotsOnWhiteSite
7577,25,12
timeStep,numberOfRobotsOnBlackSite,numberOfRobotsOnWhiteSite
7578,25,12
timeStep,numberOfRobotsOnBlackSite,numberOfRobotsOnWhiteSite
7579,25,12
timeStep,numberOfRobotsOnBlackSite,numberOfRobotsOnWhiteSite
7580,25,12
timeStep,numberOfRobotsOnBlackSite,numberOfRobotsOnWhiteSite
7581,25,12
timeStep,numberOfRobotsOnBlackSite,numberOfRobotsOnWhiteSite
7582,25,12
timeStep,numberOfRobotsOnBlackSite,numberOfRobotsOnWhiteSite
7583,25,12
timeStep,numberOfRobotsOnBlackSite,numberOfRobotsOnWhiteSite
7584,25,12
timeStep,numberOfRobotsOnBlackSite,numberOfRobotsOnWhiteSite
7585,25,12
timeStep,numberOfRobotsOnBlackSite,numberOfRobotsOnWhiteSite
7586,25,12
timeStep,numberOfRobotsOnBlackSite,numberOfRobotsOnWhiteSite
7587,25,12
timeStep,numberOfRobotsOnBlackSite,numberOfRobotsOnWhiteSite
7588,25,12
timeStep,numberOfRobotsOnBlackSite,numberOfRobotsOnWhiteSite
7589,25,12
timeStep,numberOfRobotsOnBlackSite,numberOfRobotsOnWhiteSite
7590,25,12
timeStep,numberOfRobotsOnBlackSite,numberOfRobotsOnWhiteSite
7591,25,12
timeStep,numberOfRobotsOnBlackSite,numberOfRobotsOnWhiteSite
7592,25,12
timeStep,numberOfRobotsOnBlackSite,numberOfRobotsOnWhiteSite
7593,25,12
timeStep,numberOfRobotsOnBlackSite,numberOfRobotsOnWhiteSite
7594,25,12
timeStep,numberOfRobotsOnBlackSite,numberOfRobotsOnWhiteSite
7595,25,12
timeStep,numberOfRobotsOnBlackSite,numberOfRobotsOnWhiteSite
7596,25,12
timeStep,numberOfRobotsOnBlackSite,numberOfRobotsOnWhiteSite
7597,25,12
timeStep,numberOfRobotsOnBlackSite,numberOfRobotsOnWhiteSite
7598,25,12
timeStep,numberOfRobotsOnBlackSite,numberOfRobotsOnWhiteSite
7599,25,12
timeStep,numberOfRobotsOnBlackSite,numberOfRobotsOnWhiteSite
7600,25,12
timeStep,numberOfRobotsOnBlackSite,numberOfRobotsOnWhiteSite
7601,25,12
timeStep,numberOfRobotsOnBlackSite,numberOfRobotsOnWhiteSite
7602,25,12
timeStep,numberOfRobotsOnBlackSite,numberOfRobotsOnWhiteSite
7603,25,12
timeStep,numberOfRobotsOnBlackSite,numberOfRobotsOnWhiteSite
7604,25,12
timeStep,numberOfRobotsOnBlackSite,numberOfRobotsOnWhiteSite
7605,25,12
timeStep,numberOfRobotsOnBlackSite,numberOfRobotsOnWhiteSite
7606,25,12
timeStep,numberOfRobotsOnBlackSite,numberOfRobotsOnWhiteSite
7607,25,12
timeStep,numberOfRobotsOnBlackSite,numberOfRobotsOnWhiteSite
7608,25,12
timeStep,numberOfRobotsOnBlackSite,numberOfRobotsOnWhiteSite
7609,25,12
timeStep,numberOfRobotsOnBlackSite,numberOfRobotsOnWhiteSite
7610,26,12
timeStep,numberOfRobotsOnBlackSite,numberOfRobotsOnWhiteSite
7611,26,12
timeStep,numberOfRobotsOnBlackSite,numberOfRobotsOnWhiteSite
7612,26,12
timeStep,numberOfRobotsOnBlackSite,numberOfRobotsOnWhiteSite
7613,26,12
timeStep,numberOfRobotsOnBlackSite,numberOfRobotsOnWhiteSite
7614,26,12
timeStep,numberOfRobotsOnBlackSite,numberOfRobotsOnWhiteSite
7615,26,12
timeStep,numberOfRobotsOnBlackSite,numberOfRobotsOnWhiteSite
7616,26,12
timeStep,numberOfRobotsOnBlackSite,numberOfRobotsOnWhiteSite
7617,26,12
timeStep,numberOfRobotsOnBlackSite,numberOfRobotsOnWhiteSite
7618,26,12
timeStep,numberOfRobotsOnBlackSite,numberOfRobotsOnWhiteSite
7619,26,12
timeStep,numberOfRobotsOnBlackSite,numberOfRobotsOnWhiteSite
7620,26,12
timeStep,numberOfRobotsOnBlackSite,numberOfRobotsOnWhiteSite
7621,26,12
timeStep,numberOfRobotsOnBlackSite,numberOfRobotsOnWhiteSite
7622,26,12
timeStep,numberOfRobotsOnBlackSite,numberOfRobotsOnWhiteSite
7623,26,12
timeStep,numberOfRobotsOnBlackSite,numberOfRobotsOnWhiteSite
7624,26,12
timeStep,numberOfRobotsOnBlackSite,numberOfRobotsOnWhiteSite
7625,26,12
timeStep,numberOfRobotsOnBlackSite,numberOfRobotsOnWhiteSite
7626,26,12
timeStep,numberOfRobotsOnBlackSite,numberOfRobotsOnWhiteSite
7627,26,12
timeStep,numberOfRobotsOnBlackSite,numberOfRobotsOnWhiteSite
7628,26,12
timeStep,numberOfRobotsOnBlackSite,numberOfRobotsOnWhiteSite
7629,26,12
timeStep,numberOfRobotsOnBlackSite,numberOfRobotsOnWhiteSite
7630,26,12
timeStep,numberOfRobotsOnBlackSite,numberOfRobotsOnWhiteSite
7631,26,12
timeStep,numberOfRobotsOnBlackSite,numberOfRobotsOnWhiteSite
7632,26,12
timeStep,numberOfRobotsOnBlackSite,numberOfRobotsOnWhiteSite
7633,26,12
timeStep,numberOfRobotsOnBlackSite,numberOfRobotsOnWhiteSite
7634,26,12
timeStep,numberOfRobotsOnBlackSite,numberOfRobotsOnWhiteSite
7635,26,12
timeStep,numberOfRobotsOnBlackSite,numberOfRobotsOnWhiteSite
7636,26,12
timeStep,numberOfRobotsOnBlackSite,numberOfRobotsOnWhiteSite
7637,26,12
timeStep,numberOfRobotsOnBlackSite,numberOfRobotsOnWhiteSite
7638,26,12
timeStep,numberOfRobotsOnBlackSite,numberOfRobotsOnWhiteSite
7639,26,12
timeStep,numberOfRobotsOnBlackSite,numberOfRobotsOnWhiteSite
7640,26,11
timeStep,numberOfRobotsOnBlackSite,numberOfRobotsOnWhiteSite
7641,26,11
timeStep,numberOfRobotsOnBlackSite,numberOfRobotsOnWhiteSite
7642,26,11
timeStep,numberOfRobotsOnBlackSite,numberOfRobotsOnWhiteSite
7643,26,11
timeStep,numberOfRobotsOnBlackSite,numberOfRobotsOnWhiteSite
7644,26,11
timeStep,numberOfRobotsOnBlackSite,numberOfRobotsOnWhiteSite
7645,26,12
timeStep,numberOfRobotsOnBlackSite,numberOfRobotsOnWhiteSite
7646,26,12
timeStep,numberOfRobotsOnBlackSite,numberOfRobotsOnWhiteSite
7647,26,12
timeStep,numberOfRobotsOnBlackSite,numberOfRobotsOnWhiteSite
7648,26,12
timeStep,numberOfRobotsOnBlackSite,numberOfRobotsOnWhiteSite
7649,26,12
timeStep,numberOfRobotsOnBlackSite,numberOfRobotsOnWhiteSite
7650,26,12
timeStep,numberOfRobotsOnBlackSite,numberOfRobotsOnWhiteSite
7651,26,12
timeStep,numberOfRobotsOnBlackSite,numberOfRobotsOnWhiteSite
7652,26,12
timeStep,numberOfRobotsOnBlackSite,numberOfRobotsOnWhiteSite
7653,26,12
timeStep,numberOfRobotsOnBlackSite,numberOfRobotsOnWhiteSite
7654,26,12
timeStep,numberOfRobotsOnBlackSite,numberOfRobotsOnWhiteSite
7655,26,12
timeStep,numberOfRobotsOnBlackSite,numberOfRobotsOnWhiteSite
7656,26,12
timeStep,numberOfRobotsOnBlackSite,numberOfRobotsOnWhiteSite
7657,26,12
timeStep,numberOfRobotsOnBlackSite,numberOfRobotsOnWhiteSite
7658,26,12
timeStep,numberOfRobotsOnBlackSite,numberOfRobotsOnWhiteSite
7659,26,12
timeStep,numberOfRobotsOnBlackSite,numberOfRobotsOnWhiteSite
7660,26,12
timeStep,numberOfRobotsOnBlackSite,numberOfRobotsOnWhiteSite
7661,26,12
timeStep,numberOfRobotsOnBlackSite,numberOfRobotsOnWhiteSite
7662,26,12
timeStep,numberOfRobotsOnBlackSite,numberOfRobotsOnWhiteSite
7663,26,12
timeStep,numberOfRobotsOnBlackSite,numberOfRobotsOnWhiteSite
7664,26,12
timeStep,numberOfRobotsOnBlackSite,numberOfRobotsOnWhiteSite
7665,26,12
timeStep,numberOfRobotsOnBlackSite,numberOfRobotsOnWhiteSite
7666,26,12
timeStep,numberOfRobotsOnBlackSite,numberOfRobotsOnWhiteSite
7667,26,12
timeStep,numberOfRobotsOnBlackSite,numberOfRobotsOnWhiteSite
7668,26,12
timeStep,numberOfRobotsOnBlackSite,numberOfRobotsOnWhiteSite
7669,26,12
timeStep,numberOfRobotsOnBlackSite,numberOfRobotsOnWhiteSite
7670,26,12
timeStep,numberOfRobotsOnBlackSite,numberOfRobotsOnWhiteSite
7671,26,12
timeStep,numberOfRobotsOnBlackSite,numberOfRobotsOnWhiteSite
7672,26,12
timeStep,numberOfRobotsOnBlackSite,numberOfRobotsOnWhiteSite
7673,26,12
timeStep,numberOfRobotsOnBlackSite,numberOfRobotsOnWhiteSite
7674,26,12
timeStep,numberOfRobotsOnBlackSite,numberOfRobotsOnWhiteSite
7675,26,12
timeStep,numberOfRobotsOnBlackSite,numberOfRobotsOnWhiteSite
7676,26,12
timeStep,numberOfRobotsOnBlackSite,numberOfRobotsOnWhiteSite
7677,26,12
timeStep,numberOfRobotsOnBlackSite,numberOfRobotsOnWhiteSite
7678,26,12
timeStep,numberOfRobotsOnBlackSite,numberOfRobotsOnWhiteSite
7679,26,12
timeStep,numberOfRobotsOnBlackSite,numberOfRobotsOnWhiteSite
7680,26,12
timeStep,numberOfRobotsOnBlackSite,numberOfRobotsOnWhiteSite
7681,26,12
timeStep,numberOfRobotsOnBlackSite,numberOfRobotsOnWhiteSite
7682,26,12
timeStep,numberOfRobotsOnBlackSite,numberOfRobotsOnWhiteSite
7683,26,12
timeStep,numberOfRobotsOnBlackSite,numberOfRobotsOnWhiteSite
7684,26,12
timeStep,numberOfRobotsOnBlackSite,numberOfRobotsOnWhiteSite
7685,26,12
timeStep,numberOfRobotsOnBlackSite,numberOfRobotsOnWhiteSite
7686,26,12
timeStep,numberOfRobotsOnBlackSite,numberOfRobotsOnWhiteSite
7687,26,12
timeStep,numberOfRobotsOnBlackSite,numberOfRobotsOnWhiteSite
7688,26,12
timeStep,numberOfRobotsOnBlackSite,numberOfRobotsOnWhiteSite
7689,26,12
timeStep,numberOfRobotsOnBlackSite,numberOfRobotsOnWhiteSite
7690,26,12
timeStep,numberOfRobotsOnBlackSite,numberOfRobotsOnWhiteSite
7691,26,12
timeStep,numberOfRobotsOnBlackSite,numberOfRobotsOnWhiteSite
7692,26,12
timeStep,numberOfRobotsOnBlackSite,numberOfRobotsOnWhiteSite
7693,26,12
timeStep,numberOfRobotsOnBlackSite,numberOfRobotsOnWhiteSite
7694,26,12
timeStep,numberOfRobotsOnBlackSite,numberOfRobotsOnWhiteSite
7695,26,12
timeStep,numberOfRobotsOnBlackSite,numberOfRobotsOnWhiteSite
7696,26,12
timeStep,numberOfRobotsOnBlackSite,numberOfRobotsOnWhiteSite
7697,26,12
timeStep,numberOfRobotsOnBlackSite,numberOfRobotsOnWhiteSite
7698,26,12
timeStep,numberOfRobotsOnBlackSite,numberOfRobotsOnWhiteSite
7699,26,12
timeStep,numberOfRobotsOnBlackSite,numberOfRobotsOnWhiteSite
7700,26,12
timeStep,numberOfRobotsOnBlackSite,numberOfRobotsOnWhiteSite
7701,26,12
timeStep,numberOfRobotsOnBlackSite,numberOfRobotsOnWhiteSite
7702,26,12
timeStep,numberOfRobotsOnBlackSite,numberOfRobotsOnWhiteSite
7703,26,12
timeStep,numberOfRobotsOnBlackSite,numberOfRobotsOnWhiteSite
7704,26,12
timeStep,numberOfRobotsOnBlackSite,numberOfRobotsOnWhiteSite
7705,26,12
timeStep,numberOfRobotsOnBlackSite,numberOfRobotsOnWhiteSite
7706,26,12
timeStep,numberOfRobotsOnBlackSite,numberOfRobotsOnWhiteSite
7707,26,12
timeStep,numberOfRobotsOnBlackSite,numberOfRobotsOnWhiteSite
7708,26,12
timeStep,numberOfRobotsOnBlackSite,numberOfRobotsOnWhiteSite
7709,26,12
timeStep,numberOfRobotsOnBlackSite,numberOfRobotsOnWhiteSite
7710,26,13
timeStep,numberOfRobotsOnBlackSite,numberOfRobotsOnWhiteSite
7711,26,13
timeStep,numberOfRobotsOnBlackSite,numberOfRobotsOnWhiteSite
7712,26,13
timeStep,numberOfRobotsOnBlackSite,numberOfRobotsOnWhiteSite
7713,26,13
timeStep,numberOfRobotsOnBlackSite,numberOfRobotsOnWhiteSite
7714,26,13
timeStep,numberOfRobotsOnBlackSite,numberOfRobotsOnWhiteSite
7715,26,13
timeStep,numberOfRobotsOnBlackSite,numberOfRobotsOnWhiteSite
7716,26,13
timeStep,numberOfRobotsOnBlackSite,numberOfRobotsOnWhiteSite
7717,26,13
timeStep,numberOfRobotsOnBlackSite,numberOfRobotsOnWhiteSite
7718,26,13
timeStep,numberOfRobotsOnBlackSite,numberOfRobotsOnWhiteSite
7719,26,13
timeStep,numberOfRobotsOnBlackSite,numberOfRobotsOnWhiteSite
7720,26,13
timeStep,numberOfRobotsOnBlackSite,numberOfRobotsOnWhiteSite
7721,26,13
timeStep,numberOfRobotsOnBlackSite,numberOfRobotsOnWhiteSite
7722,26,13
timeStep,numberOfRobotsOnBlackSite,numberOfRobotsOnWhiteSite
7723,26,13
timeStep,numberOfRobotsOnBlackSite,numberOfRobotsOnWhiteSite
7724,26,13
timeStep,numberOfRobotsOnBlackSite,numberOfRobotsOnWhiteSite
7725,26,13
timeStep,numberOfRobotsOnBlackSite,numberOfRobotsOnWhiteSite
7726,26,13
timeStep,numberOfRobotsOnBlackSite,numberOfRobotsOnWhiteSite
7727,26,13
timeStep,numberOfRobotsOnBlackSite,numberOfRobotsOnWhiteSite
7728,26,13
timeStep,numberOfRobotsOnBlackSite,numberOfRobotsOnWhiteSite
7729,26,13
timeStep,numberOfRobotsOnBlackSite,numberOfRobotsOnWhiteSite
7730,26,13
timeStep,numberOfRobotsOnBlackSite,numberOfRobotsOnWhiteSite
7731,26,13
timeStep,numberOfRobotsOnBlackSite,numberOfRobotsOnWhiteSite
7732,26,13
timeStep,numberOfRobotsOnBlackSite,numberOfRobotsOnWhiteSite
7733,26,13
timeStep,numberOfRobotsOnBlackSite,numberOfRobotsOnWhiteSite
7734,26,13
timeStep,numberOfRobotsOnBlackSite,numberOfRobotsOnWhiteSite
7735,26,13
timeStep,numberOfRobotsOnBlackSite,numberOfRobotsOnWhiteSite
7736,26,13
timeStep,numberOfRobotsOnBlackSite,numberOfRobotsOnWhiteSite
7737,26,13
timeStep,numberOfRobotsOnBlackSite,numberOfRobotsOnWhiteSite
7738,26,13
timeStep,numberOfRobotsOnBlackSite,numberOfRobotsOnWhiteSite
7739,26,13
timeStep,numberOfRobotsOnBlackSite,numberOfRobotsOnWhiteSite
7740,26,13
timeStep,numberOfRobotsOnBlackSite,numberOfRobotsOnWhiteSite
7741,26,13
timeStep,numberOfRobotsOnBlackSite,numberOfRobotsOnWhiteSite
7742,26,13
timeStep,numberOfRobotsOnBlackSite,numberOfRobotsOnWhiteSite
7743,26,13
timeStep,numberOfRobotsOnBlackSite,numberOfRobotsOnWhiteSite
7744,26,13
timeStep,numberOfRobotsOnBlackSite,numberOfRobotsOnWhiteSite
7745,26,13
timeStep,numberOfRobotsOnBlackSite,numberOfRobotsOnWhiteSite
7746,26,13
timeStep,numberOfRobotsOnBlackSite,numberOfRobotsOnWhiteSite
7747,26,13
timeStep,numberOfRobotsOnBlackSite,numberOfRobotsOnWhiteSite
7748,26,13
timeStep,numberOfRobotsOnBlackSite,numberOfRobotsOnWhiteSite
7749,26,13
timeStep,numberOfRobotsOnBlackSite,numberOfRobotsOnWhiteSite
7750,26,13
timeStep,numberOfRobotsOnBlackSite,numberOfRobotsOnWhiteSite
7751,26,13
timeStep,numberOfRobotsOnBlackSite,numberOfRobotsOnWhiteSite
7752,26,13
timeStep,numberOfRobotsOnBlackSite,numberOfRobotsOnWhiteSite
7753,26,13
timeStep,numberOfRobotsOnBlackSite,numberOfRobotsOnWhiteSite
7754,26,13
timeStep,numberOfRobotsOnBlackSite,numberOfRobotsOnWhiteSite
7755,26,13
timeStep,numberOfRobotsOnBlackSite,numberOfRobotsOnWhiteSite
7756,26,13
timeStep,numberOfRobotsOnBlackSite,numberOfRobotsOnWhiteSite
7757,26,13
timeStep,numberOfRobotsOnBlackSite,numberOfRobotsOnWhiteSite
7758,26,13
timeStep,numberOfRobotsOnBlackSite,numberOfRobotsOnWhiteSite
7759,26,13
timeStep,numberOfRobotsOnBlackSite,numberOfRobotsOnWhiteSite
7760,26,13
timeStep,numberOfRobotsOnBlackSite,numberOfRobotsOnWhiteSite
7761,26,13
timeStep,numberOfRobotsOnBlackSite,numberOfRobotsOnWhiteSite
7762,26,13
timeStep,numberOfRobotsOnBlackSite,numberOfRobotsOnWhiteSite
7763,26,13
timeStep,numberOfRobotsOnBlackSite,numberOfRobotsOnWhiteSite
7764,26,13
timeStep,numberOfRobotsOnBlackSite,numberOfRobotsOnWhiteSite
7765,26,13
timeStep,numberOfRobotsOnBlackSite,numberOfRobotsOnWhiteSite
7766,26,13
timeStep,numberOfRobotsOnBlackSite,numberOfRobotsOnWhiteSite
7767,26,13
timeStep,numberOfRobotsOnBlackSite,numberOfRobotsOnWhiteSite
7768,26,13
timeStep,numberOfRobotsOnBlackSite,numberOfRobotsOnWhiteSite
7769,26,13
timeStep,numberOfRobotsOnBlackSite,numberOfRobotsOnWhiteSite
7770,26,13
timeStep,numberOfRobotsOnBlackSite,numberOfRobotsOnWhiteSite
7771,26,13
timeStep,numberOfRobotsOnBlackSite,numberOfRobotsOnWhiteSite
7772,26,13
timeStep,numberOfRobotsOnBlackSite,numberOfRobotsOnWhiteSite
7773,26,13
timeStep,numberOfRobotsOnBlackSite,numberOfRobotsOnWhiteSite
7774,26,13
timeStep,numberOfRobotsOnBlackSite,numberOfRobotsOnWhiteSite
7775,26,13
timeStep,numberOfRobotsOnBlackSite,numberOfRobotsOnWhiteSite
7776,26,13
timeStep,numberOfRobotsOnBlackSite,numberOfRobotsOnWhiteSite
7777,26,13
timeStep,numberOfRobotsOnBlackSite,numberOfRobotsOnWhiteSite
7778,26,13
timeStep,numberOfRobotsOnBlackSite,numberOfRobotsOnWhiteSite
7779,26,13
timeStep,numberOfRobotsOnBlackSite,numberOfRobotsOnWhiteSite
7780,26,13
timeStep,numberOfRobotsOnBlackSite,numberOfRobotsOnWhiteSite
7781,26,13
timeStep,numberOfRobotsOnBlackSite,numberOfRobotsOnWhiteSite
7782,26,13
timeStep,numberOfRobotsOnBlackSite,numberOfRobotsOnWhiteSite
7783,26,13
timeStep,numberOfRobotsOnBlackSite,numberOfRobotsOnWhiteSite
7784,26,13
timeStep,numberOfRobotsOnBlackSite,numberOfRobotsOnWhiteSite
7785,26,13
timeStep,numberOfRobotsOnBlackSite,numberOfRobotsOnWhiteSite
7786,26,13
timeStep,numberOfRobotsOnBlackSite,numberOfRobotsOnWhiteSite
7787,26,13
timeStep,numberOfRobotsOnBlackSite,numberOfRobotsOnWhiteSite
7788,26,13
timeStep,numberOfRobotsOnBlackSite,numberOfRobotsOnWhiteSite
7789,26,13
timeStep,numberOfRobotsOnBlackSite,numberOfRobotsOnWhiteSite
7790,25,13
timeStep,numberOfRobotsOnBlackSite,numberOfRobotsOnWhiteSite
7791,25,13
timeStep,numberOfRobotsOnBlackSite,numberOfRobotsOnWhiteSite
7792,25,13
timeStep,numberOfRobotsOnBlackSite,numberOfRobotsOnWhiteSite
7793,25,13
timeStep,numberOfRobotsOnBlackSite,numberOfRobotsOnWhiteSite
7794,25,13
timeStep,numberOfRobotsOnBlackSite,numberOfRobotsOnWhiteSite
7795,25,13
timeStep,numberOfRobotsOnBlackSite,numberOfRobotsOnWhiteSite
7796,25,13
timeStep,numberOfRobotsOnBlackSite,numberOfRobotsOnWhiteSite
7797,25,13
timeStep,numberOfRobotsOnBlackSite,numberOfRobotsOnWhiteSite
7798,25,13
timeStep,numberOfRobotsOnBlackSite,numberOfRobotsOnWhiteSite
7799,25,13
timeStep,numberOfRobotsOnBlackSite,numberOfRobotsOnWhiteSite
7800,25,13
timeStep,numberOfRobotsOnBlackSite,numberOfRobotsOnWhiteSite
7801,25,13
timeStep,numberOfRobotsOnBlackSite,numberOfRobotsOnWhiteSite
7802,25,13
timeStep,numberOfRobotsOnBlackSite,numberOfRobotsOnWhiteSite
7803,25,13
timeStep,numberOfRobotsOnBlackSite,numberOfRobotsOnWhiteSite
7804,25,13
timeStep,numberOfRobotsOnBlackSite,numberOfRobotsOnWhiteSite
7805,25,13
timeStep,numberOfRobotsOnBlackSite,numberOfRobotsOnWhiteSite
7806,25,13
timeStep,numberOfRobotsOnBlackSite,numberOfRobotsOnWhiteSite
7807,25,13
timeStep,numberOfRobotsOnBlackSite,numberOfRobotsOnWhiteSite
7808,25,13
timeStep,numberOfRobotsOnBlackSite,numberOfRobotsOnWhiteSite
7809,25,13
timeStep,numberOfRobotsOnBlackSite,numberOfRobotsOnWhiteSite
7810,25,13
timeStep,numberOfRobotsOnBlackSite,numberOfRobotsOnWhiteSite
7811,25,13
timeStep,numberOfRobotsOnBlackSite,numberOfRobotsOnWhiteSite
7812,25,13
timeStep,numberOfRobotsOnBlackSite,numberOfRobotsOnWhiteSite
7813,25,13
timeStep,numberOfRobotsOnBlackSite,numberOfRobotsOnWhiteSite
7814,25,13
timeStep,numberOfRobotsOnBlackSite,numberOfRobotsOnWhiteSite
7815,25,13
timeStep,numberOfRobotsOnBlackSite,numberOfRobotsOnWhiteSite
7816,25,13
timeStep,numberOfRobotsOnBlackSite,numberOfRobotsOnWhiteSite
7817,25,13
timeStep,numberOfRobotsOnBlackSite,numberOfRobotsOnWhiteSite
7818,25,13
timeStep,numberOfRobotsOnBlackSite,numberOfRobotsOnWhiteSite
7819,25,13
timeStep,numberOfRobotsOnBlackSite,numberOfRobotsOnWhiteSite
7820,25,13
timeStep,numberOfRobotsOnBlackSite,numberOfRobotsOnWhiteSite
7821,25,13
timeStep,numberOfRobotsOnBlackSite,numberOfRobotsOnWhiteSite
7822,25,13
timeStep,numberOfRobotsOnBlackSite,numberOfRobotsOnWhiteSite
7823,25,13
timeStep,numberOfRobotsOnBlackSite,numberOfRobotsOnWhiteSite
7824,25,13
timeStep,numberOfRobotsOnBlackSite,numberOfRobotsOnWhiteSite
7825,25,13
timeStep,numberOfRobotsOnBlackSite,numberOfRobotsOnWhiteSite
7826,25,13
timeStep,numberOfRobotsOnBlackSite,numberOfRobotsOnWhiteSite
7827,25,13
timeStep,numberOfRobotsOnBlackSite,numberOfRobotsOnWhiteSite
7828,25,13
timeStep,numberOfRobotsOnBlackSite,numberOfRobotsOnWhiteSite
7829,25,13
timeStep,numberOfRobotsOnBlackSite,numberOfRobotsOnWhiteSite
7830,25,13
timeStep,numberOfRobotsOnBlackSite,numberOfRobotsOnWhiteSite
7831,25,13
timeStep,numberOfRobotsOnBlackSite,numberOfRobotsOnWhiteSite
7832,25,13
timeStep,numberOfRobotsOnBlackSite,numberOfRobotsOnWhiteSite
7833,25,13
timeStep,numberOfRobotsOnBlackSite,numberOfRobotsOnWhiteSite
7834,25,13
timeStep,numberOfRobotsOnBlackSite,numberOfRobotsOnWhiteSite
7835,25,13
timeStep,numberOfRobotsOnBlackSite,numberOfRobotsOnWhiteSite
7836,25,13
timeStep,numberOfRobotsOnBlackSite,numberOfRobotsOnWhiteSite
7837,25,13
timeStep,numberOfRobotsOnBlackSite,numberOfRobotsOnWhiteSite
7838,25,13
timeStep,numberOfRobotsOnBlackSite,numberOfRobotsOnWhiteSite
7839,25,13
timeStep,numberOfRobotsOnBlackSite,numberOfRobotsOnWhiteSite
7840,25,13
timeStep,numberOfRobotsOnBlackSite,numberOfRobotsOnWhiteSite
7841,25,13
timeStep,numberOfRobotsOnBlackSite,numberOfRobotsOnWhiteSite
7842,25,13
timeStep,numberOfRobotsOnBlackSite,numberOfRobotsOnWhiteSite
7843,25,13
timeStep,numberOfRobotsOnBlackSite,numberOfRobotsOnWhiteSite
7844,25,13
timeStep,numberOfRobotsOnBlackSite,numberOfRobotsOnWhiteSite
7845,25,13
timeStep,numberOfRobotsOnBlackSite,numberOfRobotsOnWhiteSite
7846,25,13
timeStep,numberOfRobotsOnBlackSite,numberOfRobotsOnWhiteSite
7847,25,13
timeStep,numberOfRobotsOnBlackSite,numberOfRobotsOnWhiteSite
7848,25,13
timeStep,numberOfRobotsOnBlackSite,numberOfRobotsOnWhiteSite
7849,25,13
timeStep,numberOfRobotsOnBlackSite,numberOfRobotsOnWhiteSite
7850,25,13
timeStep,numberOfRobotsOnBlackSite,numberOfRobotsOnWhiteSite
7851,25,13
timeStep,numberOfRobotsOnBlackSite,numberOfRobotsOnWhiteSite
7852,25,13
timeStep,numberOfRobotsOnBlackSite,numberOfRobotsOnWhiteSite
7853,25,13
timeStep,numberOfRobotsOnBlackSite,numberOfRobotsOnWhiteSite
7854,25,13
timeStep,numberOfRobotsOnBlackSite,numberOfRobotsOnWhiteSite
7855,25,13
timeStep,numberOfRobotsOnBlackSite,numberOfRobotsOnWhiteSite
7856,25,13
timeStep,numberOfRobotsOnBlackSite,numberOfRobotsOnWhiteSite
7857,25,13
timeStep,numberOfRobotsOnBlackSite,numberOfRobotsOnWhiteSite
7858,25,13
timeStep,numberOfRobotsOnBlackSite,numberOfRobotsOnWhiteSite
7859,25,13
timeStep,numberOfRobotsOnBlackSite,numberOfRobotsOnWhiteSite
7860,25,13
timeStep,numberOfRobotsOnBlackSite,numberOfRobotsOnWhiteSite
7861,25,13
timeStep,numberOfRobotsOnBlackSite,numberOfRobotsOnWhiteSite
7862,25,13
timeStep,numberOfRobotsOnBlackSite,numberOfRobotsOnWhiteSite
7863,25,13
timeStep,numberOfRobotsOnBlackSite,numberOfRobotsOnWhiteSite
7864,25,13
timeStep,numberOfRobotsOnBlackSite,numberOfRobotsOnWhiteSite
7865,25,13
timeStep,numberOfRobotsOnBlackSite,numberOfRobotsOnWhiteSite
7866,25,13
timeStep,numberOfRobotsOnBlackSite,numberOfRobotsOnWhiteSite
7867,25,13
timeStep,numberOfRobotsOnBlackSite,numberOfRobotsOnWhiteSite
7868,25,13
timeStep,numberOfRobotsOnBlackSite,numberOfRobotsOnWhiteSite
7869,25,13
timeStep,numberOfRobotsOnBlackSite,numberOfRobotsOnWhiteSite
7870,25,12
timeStep,numberOfRobotsOnBlackSite,numberOfRobotsOnWhiteSite
7871,25,12
timeStep,numberOfRobotsOnBlackSite,numberOfRobotsOnWhiteSite
7872,25,12
timeStep,numberOfRobotsOnBlackSite,numberOfRobotsOnWhiteSite
7873,25,12
timeStep,numberOfRobotsOnBlackSite,numberOfRobotsOnWhiteSite
7874,25,12
timeStep,numberOfRobotsOnBlackSite,numberOfRobotsOnWhiteSite
7875,25,12
timeStep,numberOfRobotsOnBlackSite,numberOfRobotsOnWhiteSite
7876,25,12
timeStep,numberOfRobotsOnBlackSite,numberOfRobotsOnWhiteSite
7877,25,12
timeStep,numberOfRobotsOnBlackSite,numberOfRobotsOnWhiteSite
7878,25,12
timeStep,numberOfRobotsOnBlackSite,numberOfRobotsOnWhiteSite
7879,25,12
timeStep,numberOfRobotsOnBlackSite,numberOfRobotsOnWhiteSite
7880,25,12
timeStep,numberOfRobotsOnBlackSite,numberOfRobotsOnWhiteSite
7881,25,12
timeStep,numberOfRobotsOnBlackSite,numberOfRobotsOnWhiteSite
7882,25,12
timeStep,numberOfRobotsOnBlackSite,numberOfRobotsOnWhiteSite
7883,25,12
timeStep,numberOfRobotsOnBlackSite,numberOfRobotsOnWhiteSite
7884,25,12
timeStep,numberOfRobotsOnBlackSite,numberOfRobotsOnWhiteSite
7885,25,11
timeStep,numberOfRobotsOnBlackSite,numberOfRobotsOnWhiteSite
7886,25,11
timeStep,numberOfRobotsOnBlackSite,numberOfRobotsOnWhiteSite
7887,25,11
timeStep,numberOfRobotsOnBlackSite,numberOfRobotsOnWhiteSite
7888,25,11
timeStep,numberOfRobotsOnBlackSite,numberOfRobotsOnWhiteSite
7889,25,11
timeStep,numberOfRobotsOnBlackSite,numberOfRobotsOnWhiteSite
7890,25,11
timeStep,numberOfRobotsOnBlackSite,numberOfRobotsOnWhiteSite
7891,25,11
timeStep,numberOfRobotsOnBlackSite,numberOfRobotsOnWhiteSite
7892,25,11
timeStep,numberOfRobotsOnBlackSite,numberOfRobotsOnWhiteSite
7893,25,11
timeStep,numberOfRobotsOnBlackSite,numberOfRobotsOnWhiteSite
7894,25,11
timeStep,numberOfRobotsOnBlackSite,numberOfRobotsOnWhiteSite
7895,25,11
timeStep,numberOfRobotsOnBlackSite,numberOfRobotsOnWhiteSite
7896,25,11
timeStep,numberOfRobotsOnBlackSite,numberOfRobotsOnWhiteSite
7897,25,11
timeStep,numberOfRobotsOnBlackSite,numberOfRobotsOnWhiteSite
7898,25,11
timeStep,numberOfRobotsOnBlackSite,numberOfRobotsOnWhiteSite
7899,25,11
timeStep,numberOfRobotsOnBlackSite,numberOfRobotsOnWhiteSite
7900,25,11
timeStep,numberOfRobotsOnBlackSite,numberOfRobotsOnWhiteSite
7901,25,11
timeStep,numberOfRobotsOnBlackSite,numberOfRobotsOnWhiteSite
7902,25,11
timeStep,numberOfRobotsOnBlackSite,numberOfRobotsOnWhiteSite
7903,25,11
timeStep,numberOfRobotsOnBlackSite,numberOfRobotsOnWhiteSite
7904,25,11
timeStep,numberOfRobotsOnBlackSite,numberOfRobotsOnWhiteSite
7905,25,11
timeStep,numberOfRobotsOnBlackSite,numberOfRobotsOnWhiteSite
7906,25,11
timeStep,numberOfRobotsOnBlackSite,numberOfRobotsOnWhiteSite
7907,25,11
timeStep,numberOfRobotsOnBlackSite,numberOfRobotsOnWhiteSite
7908,25,11
timeStep,numberOfRobotsOnBlackSite,numberOfRobotsOnWhiteSite
7909,25,11
timeStep,numberOfRobotsOnBlackSite,numberOfRobotsOnWhiteSite
7910,25,11
timeStep,numberOfRobotsOnBlackSite,numberOfRobotsOnWhiteSite
7911,25,11
timeStep,numberOfRobotsOnBlackSite,numberOfRobotsOnWhiteSite
7912,25,11
timeStep,numberOfRobotsOnBlackSite,numberOfRobotsOnWhiteSite
7913,25,11
timeStep,numberOfRobotsOnBlackSite,numberOfRobotsOnWhiteSite
7914,25,11
timeStep,numberOfRobotsOnBlackSite,numberOfRobotsOnWhiteSite
7915,25,11
timeStep,numberOfRobotsOnBlackSite,numberOfRobotsOnWhiteSite
7916,25,11
timeStep,numberOfRobotsOnBlackSite,numberOfRobotsOnWhiteSite
7917,25,11
timeStep,numberOfRobotsOnBlackSite,numberOfRobotsOnWhiteSite
7918,25,11
timeStep,numberOfRobotsOnBlackSite,numberOfRobotsOnWhiteSite
7919,25,11
timeStep,numberOfRobotsOnBlackSite,numberOfRobotsOnWhiteSite
7920,25,11
timeStep,numberOfRobotsOnBlackSite,numberOfRobotsOnWhiteSite
7921,25,11
timeStep,numberOfRobotsOnBlackSite,numberOfRobotsOnWhiteSite
7922,25,11
timeStep,numberOfRobotsOnBlackSite,numberOfRobotsOnWhiteSite
7923,25,11
timeStep,numberOfRobotsOnBlackSite,numberOfRobotsOnWhiteSite
7924,25,11
timeStep,numberOfRobotsOnBlackSite,numberOfRobotsOnWhiteSite
7925,25,11
timeStep,numberOfRobotsOnBlackSite,numberOfRobotsOnWhiteSite
7926,25,11
timeStep,numberOfRobotsOnBlackSite,numberOfRobotsOnWhiteSite
7927,25,11
timeStep,numberOfRobotsOnBlackSite,numberOfRobotsOnWhiteSite
7928,25,11
timeStep,numberOfRobotsOnBlackSite,numberOfRobotsOnWhiteSite
7929,25,11
timeStep,numberOfRobotsOnBlackSite,numberOfRobotsOnWhiteSite
7930,25,11
timeStep,numberOfRobotsOnBlackSite,numberOfRobotsOnWhiteSite
7931,25,11
timeStep,numberOfRobotsOnBlackSite,numberOfRobotsOnWhiteSite
7932,25,11
timeStep,numberOfRobotsOnBlackSite,numberOfRobotsOnWhiteSite
7933,25,11
timeStep,numberOfRobotsOnBlackSite,numberOfRobotsOnWhiteSite
7934,25,11
timeStep,numberOfRobotsOnBlackSite,numberOfRobotsOnWhiteSite
7935,25,11
timeStep,numberOfRobotsOnBlackSite,numberOfRobotsOnWhiteSite
7936,25,11
timeStep,numberOfRobotsOnBlackSite,numberOfRobotsOnWhiteSite
7937,25,11
timeStep,numberOfRobotsOnBlackSite,numberOfRobotsOnWhiteSite
7938,25,11
timeStep,numberOfRobotsOnBlackSite,numberOfRobotsOnWhiteSite
7939,25,11
timeStep,numberOfRobotsOnBlackSite,numberOfRobotsOnWhiteSite
7940,25,11
timeStep,numberOfRobotsOnBlackSite,numberOfRobotsOnWhiteSite
7941,25,11
timeStep,numberOfRobotsOnBlackSite,numberOfRobotsOnWhiteSite
7942,25,11
timeStep,numberOfRobotsOnBlackSite,numberOfRobotsOnWhiteSite
7943,25,11
timeStep,numberOfRobotsOnBlackSite,numberOfRobotsOnWhiteSite
7944,25,11
timeStep,numberOfRobotsOnBlackSite,numberOfRobotsOnWhiteSite
7945,25,11
timeStep,numberOfRobotsOnBlackSite,numberOfRobotsOnWhiteSite
7946,25,11
timeStep,numberOfRobotsOnBlackSite,numberOfRobotsOnWhiteSite
7947,25,11
timeStep,numberOfRobotsOnBlackSite,numberOfRobotsOnWhiteSite
7948,25,11
timeStep,numberOfRobotsOnBlackSite,numberOfRobotsOnWhiteSite
7949,25,11
timeStep,numberOfRobotsOnBlackSite,numberOfRobotsOnWhiteSite
7950,25,11
timeStep,numberOfRobotsOnBlackSite,numberOfRobotsOnWhiteSite
7951,25,11
timeStep,numberOfRobotsOnBlackSite,numberOfRobotsOnWhiteSite
7952,25,11
timeStep,numberOfRobotsOnBlackSite,numberOfRobotsOnWhiteSite
7953,25,11
timeStep,numberOfRobotsOnBlackSite,numberOfRobotsOnWhiteSite
7954,25,11
timeStep,numberOfRobotsOnBlackSite,numberOfRobotsOnWhiteSite
7955,25,11
timeStep,numberOfRobotsOnBlackSite,numberOfRobotsOnWhiteSite
7956,25,11
timeStep,numberOfRobotsOnBlackSite,numberOfRobotsOnWhiteSite
7957,25,11
timeStep,numberOfRobotsOnBlackSite,numberOfRobotsOnWhiteSite
7958,25,11
timeStep,numberOfRobotsOnBlackSite,numberOfRobotsOnWhiteSite
7959,25,11
timeStep,numberOfRobotsOnBlackSite,numberOfRobotsOnWhiteSite
7960,25,11
timeStep,numberOfRobotsOnBlackSite,numberOfRobotsOnWhiteSite
7961,25,11
timeStep,numberOfRobotsOnBlackSite,numberOfRobotsOnWhiteSite
7962,25,11
timeStep,numberOfRobotsOnBlackSite,numberOfRobotsOnWhiteSite
7963,25,11
timeStep,numberOfRobotsOnBlackSite,numberOfRobotsOnWhiteSite
7964,25,11
timeStep,numberOfRobotsOnBlackSite,numberOfRobotsOnWhiteSite
7965,25,12
timeStep,numberOfRobotsOnBlackSite,numberOfRobotsOnWhiteSite
7966,25,12
timeStep,numberOfRobotsOnBlackSite,numberOfRobotsOnWhiteSite
7967,25,12
timeStep,numberOfRobotsOnBlackSite,numberOfRobotsOnWhiteSite
7968,25,12
timeStep,numberOfRobotsOnBlackSite,numberOfRobotsOnWhiteSite
7969,25,12
timeStep,numberOfRobotsOnBlackSite,numberOfRobotsOnWhiteSite
7970,25,12
timeStep,numberOfRobotsOnBlackSite,numberOfRobotsOnWhiteSite
7971,25,12
timeStep,numberOfRobotsOnBlackSite,numberOfRobotsOnWhiteSite
7972,25,12
timeStep,numberOfRobotsOnBlackSite,numberOfRobotsOnWhiteSite
7973,25,12
timeStep,numberOfRobotsOnBlackSite,numberOfRobotsOnWhiteSite
7974,25,12
timeStep,numberOfRobotsOnBlackSite,numberOfRobotsOnWhiteSite
7975,25,12
timeStep,numberOfRobotsOnBlackSite,numberOfRobotsOnWhiteSite
7976,25,12
timeStep,numberOfRobotsOnBlackSite,numberOfRobotsOnWhiteSite
7977,25,12
timeStep,numberOfRobotsOnBlackSite,numberOfRobotsOnWhiteSite
7978,25,12
timeStep,numberOfRobotsOnBlackSite,numberOfRobotsOnWhiteSite
7979,25,12
timeStep,numberOfRobotsOnBlackSite,numberOfRobotsOnWhiteSite
7980,25,12
timeStep,numberOfRobotsOnBlackSite,numberOfRobotsOnWhiteSite
7981,25,12
timeStep,numberOfRobotsOnBlackSite,numberOfRobotsOnWhiteSite
7982,25,12
timeStep,numberOfRobotsOnBlackSite,numberOfRobotsOnWhiteSite
7983,25,12
timeStep,numberOfRobotsOnBlackSite,numberOfRobotsOnWhiteSite
7984,25,12
timeStep,numberOfRobotsOnBlackSite,numberOfRobotsOnWhiteSite
7985,25,12
timeStep,numberOfRobotsOnBlackSite,numberOfRobotsOnWhiteSite
7986,25,12
timeStep,numberOfRobotsOnBlackSite,numberOfRobotsOnWhiteSite
7987,25,12
timeStep,numberOfRobotsOnBlackSite,numberOfRobotsOnWhiteSite
7988,25,12
timeStep,numberOfRobotsOnBlackSite,numberOfRobotsOnWhiteSite
7989,25,12
timeStep,numberOfRobotsOnBlackSite,numberOfRobotsOnWhiteSite
7990,25,12
timeStep,numberOfRobotsOnBlackSite,numberOfRobotsOnWhiteSite
7991,25,12
timeStep,numberOfRobotsOnBlackSite,numberOfRobotsOnWhiteSite
7992,25,12
timeStep,numberOfRobotsOnBlackSite,numberOfRobotsOnWhiteSite
7993,25,12
timeStep,numberOfRobotsOnBlackSite,numberOfRobotsOnWhiteSite
7994,25,12
timeStep,numberOfRobotsOnBlackSite,numberOfRobotsOnWhiteSite
7995,25,12
timeStep,numberOfRobotsOnBlackSite,numberOfRobotsOnWhiteSite
7996,25,12
timeStep,numberOfRobotsOnBlackSite,numberOfRobotsOnWhiteSite
7997,25,12
timeStep,numberOfRobotsOnBlackSite,numberOfRobotsOnWhiteSite
7998,25,12
timeStep,numberOfRobotsOnBlackSite,numberOfRobotsOnWhiteSite
7999,25,12
timeStep,numberOfRobotsOnBlackSite,numberOfRobotsOnWhiteSite
8000,25,12
timeStep,numberOfRobotsOnBlackSite,numberOfRobotsOnWhiteSite
8001,25,12
timeStep,numberOfRobotsOnBlackSite,numberOfRobotsOnWhiteSite
8002,25,12
timeStep,numberOfRobotsOnBlackSite,numberOfRobotsOnWhiteSite
8003,25,12
timeStep,numberOfRobotsOnBlackSite,numberOfRobotsOnWhiteSite
8004,25,12
timeStep,numberOfRobotsOnBlackSite,numberOfRobotsOnWhiteSite
8005,25,12
timeStep,numberOfRobotsOnBlackSite,numberOfRobotsOnWhiteSite
8006,25,12
timeStep,numberOfRobotsOnBlackSite,numberOfRobotsOnWhiteSite
8007,25,12
timeStep,numberOfRobotsOnBlackSite,numberOfRobotsOnWhiteSite
8008,25,12
timeStep,numberOfRobotsOnBlackSite,numberOfRobotsOnWhiteSite
8009,25,12
timeStep,numberOfRobotsOnBlackSite,numberOfRobotsOnWhiteSite
8010,25,11
timeStep,numberOfRobotsOnBlackSite,numberOfRobotsOnWhiteSite
8011,25,11
timeStep,numberOfRobotsOnBlackSite,numberOfRobotsOnWhiteSite
8012,25,11
timeStep,numberOfRobotsOnBlackSite,numberOfRobotsOnWhiteSite
8013,25,11
timeStep,numberOfRobotsOnBlackSite,numberOfRobotsOnWhiteSite
8014,25,11
timeStep,numberOfRobotsOnBlackSite,numberOfRobotsOnWhiteSite
8015,25,11
timeStep,numberOfRobotsOnBlackSite,numberOfRobotsOnWhiteSite
8016,25,11
timeStep,numberOfRobotsOnBlackSite,numberOfRobotsOnWhiteSite
8017,25,11
timeStep,numberOfRobotsOnBlackSite,numberOfRobotsOnWhiteSite
8018,25,11
timeStep,numberOfRobotsOnBlackSite,numberOfRobotsOnWhiteSite
8019,25,11
timeStep,numberOfRobotsOnBlackSite,numberOfRobotsOnWhiteSite
8020,25,11
timeStep,numberOfRobotsOnBlackSite,numberOfRobotsOnWhiteSite
8021,25,11
timeStep,numberOfRobotsOnBlackSite,numberOfRobotsOnWhiteSite
8022,25,11
timeStep,numberOfRobotsOnBlackSite,numberOfRobotsOnWhiteSite
8023,25,11
timeStep,numberOfRobotsOnBlackSite,numberOfRobotsOnWhiteSite
8024,25,11
timeStep,numberOfRobotsOnBlackSite,numberOfRobotsOnWhiteSite
8025,25,12
timeStep,numberOfRobotsOnBlackSite,numberOfRobotsOnWhiteSite
8026,25,12
timeStep,numberOfRobotsOnBlackSite,numberOfRobotsOnWhiteSite
8027,25,12
timeStep,numberOfRobotsOnBlackSite,numberOfRobotsOnWhiteSite
8028,25,12
timeStep,numberOfRobotsOnBlackSite,numberOfRobotsOnWhiteSite
8029,25,12
timeStep,numberOfRobotsOnBlackSite,numberOfRobotsOnWhiteSite
8030,25,12
timeStep,numberOfRobotsOnBlackSite,numberOfRobotsOnWhiteSite
8031,25,12
timeStep,numberOfRobotsOnBlackSite,numberOfRobotsOnWhiteSite
8032,25,12
timeStep,numberOfRobotsOnBlackSite,numberOfRobotsOnWhiteSite
8033,25,12
timeStep,numberOfRobotsOnBlackSite,numberOfRobotsOnWhiteSite
8034,25,12
timeStep,numberOfRobotsOnBlackSite,numberOfRobotsOnWhiteSite
8035,25,12
timeStep,numberOfRobotsOnBlackSite,numberOfRobotsOnWhiteSite
8036,25,12
timeStep,numberOfRobotsOnBlackSite,numberOfRobotsOnWhiteSite
8037,25,12
timeStep,numberOfRobotsOnBlackSite,numberOfRobotsOnWhiteSite
8038,25,12
timeStep,numberOfRobotsOnBlackSite,numberOfRobotsOnWhiteSite
8039,25,12
timeStep,numberOfRobotsOnBlackSite,numberOfRobotsOnWhiteSite
8040,25,13
timeStep,numberOfRobotsOnBlackSite,numberOfRobotsOnWhiteSite
8041,25,13
timeStep,numberOfRobotsOnBlackSite,numberOfRobotsOnWhiteSite
8042,25,13
timeStep,numberOfRobotsOnBlackSite,numberOfRobotsOnWhiteSite
8043,25,13
timeStep,numberOfRobotsOnBlackSite,numberOfRobotsOnWhiteSite
8044,25,13
timeStep,numberOfRobotsOnBlackSite,numberOfRobotsOnWhiteSite
8045,25,13
timeStep,numberOfRobotsOnBlackSite,numberOfRobotsOnWhiteSite
8046,25,13
timeStep,numberOfRobotsOnBlackSite,numberOfRobotsOnWhiteSite
8047,25,13
timeStep,numberOfRobotsOnBlackSite,numberOfRobotsOnWhiteSite
8048,25,13
timeStep,numberOfRobotsOnBlackSite,numberOfRobotsOnWhiteSite
8049,25,13
timeStep,numberOfRobotsOnBlackSite,numberOfRobotsOnWhiteSite
8050,25,13
timeStep,numberOfRobotsOnBlackSite,numberOfRobotsOnWhiteSite
8051,25,13
timeStep,numberOfRobotsOnBlackSite,numberOfRobotsOnWhiteSite
8052,25,13
timeStep,numberOfRobotsOnBlackSite,numberOfRobotsOnWhiteSite
8053,25,13
timeStep,numberOfRobotsOnBlackSite,numberOfRobotsOnWhiteSite
8054,25,13
timeStep,numberOfRobotsOnBlackSite,numberOfRobotsOnWhiteSite
8055,25,13
timeStep,numberOfRobotsOnBlackSite,numberOfRobotsOnWhiteSite
8056,25,13
timeStep,numberOfRobotsOnBlackSite,numberOfRobotsOnWhiteSite
8057,25,13
timeStep,numberOfRobotsOnBlackSite,numberOfRobotsOnWhiteSite
8058,25,13
timeStep,numberOfRobotsOnBlackSite,numberOfRobotsOnWhiteSite
8059,25,13
timeStep,numberOfRobotsOnBlackSite,numberOfRobotsOnWhiteSite
8060,25,13
timeStep,numberOfRobotsOnBlackSite,numberOfRobotsOnWhiteSite
8061,25,13
timeStep,numberOfRobotsOnBlackSite,numberOfRobotsOnWhiteSite
8062,25,13
timeStep,numberOfRobotsOnBlackSite,numberOfRobotsOnWhiteSite
8063,25,13
timeStep,numberOfRobotsOnBlackSite,numberOfRobotsOnWhiteSite
8064,25,13
timeStep,numberOfRobotsOnBlackSite,numberOfRobotsOnWhiteSite
8065,25,13
timeStep,numberOfRobotsOnBlackSite,numberOfRobotsOnWhiteSite
8066,25,13
timeStep,numberOfRobotsOnBlackSite,numberOfRobotsOnWhiteSite
8067,25,13
timeStep,numberOfRobotsOnBlackSite,numberOfRobotsOnWhiteSite
8068,25,13
timeStep,numberOfRobotsOnBlackSite,numberOfRobotsOnWhiteSite
8069,25,13
timeStep,numberOfRobotsOnBlackSite,numberOfRobotsOnWhiteSite
8070,25,13
timeStep,numberOfRobotsOnBlackSite,numberOfRobotsOnWhiteSite
8071,25,13
timeStep,numberOfRobotsOnBlackSite,numberOfRobotsOnWhiteSite
8072,25,13
timeStep,numberOfRobotsOnBlackSite,numberOfRobotsOnWhiteSite
8073,25,13
timeStep,numberOfRobotsOnBlackSite,numberOfRobotsOnWhiteSite
8074,25,13
timeStep,numberOfRobotsOnBlackSite,numberOfRobotsOnWhiteSite
8075,25,13
timeStep,numberOfRobotsOnBlackSite,numberOfRobotsOnWhiteSite
8076,25,13
timeStep,numberOfRobotsOnBlackSite,numberOfRobotsOnWhiteSite
8077,25,13
timeStep,numberOfRobotsOnBlackSite,numberOfRobotsOnWhiteSite
8078,25,13
timeStep,numberOfRobotsOnBlackSite,numberOfRobotsOnWhiteSite
8079,25,13
timeStep,numberOfRobotsOnBlackSite,numberOfRobotsOnWhiteSite
8080,25,13
timeStep,numberOfRobotsOnBlackSite,numberOfRobotsOnWhiteSite
8081,25,13
timeStep,numberOfRobotsOnBlackSite,numberOfRobotsOnWhiteSite
8082,25,13
timeStep,numberOfRobotsOnBlackSite,numberOfRobotsOnWhiteSite
8083,25,13
timeStep,numberOfRobotsOnBlackSite,numberOfRobotsOnWhiteSite
8084,25,13
timeStep,numberOfRobotsOnBlackSite,numberOfRobotsOnWhiteSite
8085,25,13
timeStep,numberOfRobotsOnBlackSite,numberOfRobotsOnWhiteSite
8086,25,13
timeStep,numberOfRobotsOnBlackSite,numberOfRobotsOnWhiteSite
8087,25,13
timeStep,numberOfRobotsOnBlackSite,numberOfRobotsOnWhiteSite
8088,25,13
timeStep,numberOfRobotsOnBlackSite,numberOfRobotsOnWhiteSite
8089,25,13
timeStep,numberOfRobotsOnBlackSite,numberOfRobotsOnWhiteSite
8090,25,14
timeStep,numberOfRobotsOnBlackSite,numberOfRobotsOnWhiteSite
8091,25,14
timeStep,numberOfRobotsOnBlackSite,numberOfRobotsOnWhiteSite
8092,25,14
timeStep,numberOfRobotsOnBlackSite,numberOfRobotsOnWhiteSite
8093,25,14
timeStep,numberOfRobotsOnBlackSite,numberOfRobotsOnWhiteSite
8094,25,14
timeStep,numberOfRobotsOnBlackSite,numberOfRobotsOnWhiteSite
8095,25,14
timeStep,numberOfRobotsOnBlackSite,numberOfRobotsOnWhiteSite
8096,25,14
timeStep,numberOfRobotsOnBlackSite,numberOfRobotsOnWhiteSite
8097,25,14
timeStep,numberOfRobotsOnBlackSite,numberOfRobotsOnWhiteSite
8098,25,14
timeStep,numberOfRobotsOnBlackSite,numberOfRobotsOnWhiteSite
8099,25,14
timeStep,numberOfRobotsOnBlackSite,numberOfRobotsOnWhiteSite
8100,25,14
timeStep,numberOfRobotsOnBlackSite,numberOfRobotsOnWhiteSite
8101,25,14
timeStep,numberOfRobotsOnBlackSite,numberOfRobotsOnWhiteSite
8102,25,14
timeStep,numberOfRobotsOnBlackSite,numberOfRobotsOnWhiteSite
8103,25,14
timeStep,numberOfRobotsOnBlackSite,numberOfRobotsOnWhiteSite
8104,25,14
timeStep,numberOfRobotsOnBlackSite,numberOfRobotsOnWhiteSite
8105,25,14
timeStep,numberOfRobotsOnBlackSite,numberOfRobotsOnWhiteSite
8106,25,14
timeStep,numberOfRobotsOnBlackSite,numberOfRobotsOnWhiteSite
8107,25,14
timeStep,numberOfRobotsOnBlackSite,numberOfRobotsOnWhiteSite
8108,25,14
timeStep,numberOfRobotsOnBlackSite,numberOfRobotsOnWhiteSite
8109,25,14
timeStep,numberOfRobotsOnBlackSite,numberOfRobotsOnWhiteSite
8110,25,14
timeStep,numberOfRobotsOnBlackSite,numberOfRobotsOnWhiteSite
8111,25,14
timeStep,numberOfRobotsOnBlackSite,numberOfRobotsOnWhiteSite
8112,25,14
timeStep,numberOfRobotsOnBlackSite,numberOfRobotsOnWhiteSite
8113,25,14
timeStep,numberOfRobotsOnBlackSite,numberOfRobotsOnWhiteSite
8114,25,14
timeStep,numberOfRobotsOnBlackSite,numberOfRobotsOnWhiteSite
8115,25,14
timeStep,numberOfRobotsOnBlackSite,numberOfRobotsOnWhiteSite
8116,25,14
timeStep,numberOfRobotsOnBlackSite,numberOfRobotsOnWhiteSite
8117,25,14
timeStep,numberOfRobotsOnBlackSite,numberOfRobotsOnWhiteSite
8118,25,14
timeStep,numberOfRobotsOnBlackSite,numberOfRobotsOnWhiteSite
8119,25,14
timeStep,numberOfRobotsOnBlackSite,numberOfRobotsOnWhiteSite
8120,25,14
timeStep,numberOfRobotsOnBlackSite,numberOfRobotsOnWhiteSite
8121,25,14
timeStep,numberOfRobotsOnBlackSite,numberOfRobotsOnWhiteSite
8122,25,14
timeStep,numberOfRobotsOnBlackSite,numberOfRobotsOnWhiteSite
8123,25,14
timeStep,numberOfRobotsOnBlackSite,numberOfRobotsOnWhiteSite
8124,25,14
timeStep,numberOfRobotsOnBlackSite,numberOfRobotsOnWhiteSite
8125,25,14
timeStep,numberOfRobotsOnBlackSite,numberOfRobotsOnWhiteSite
8126,25,14
timeStep,numberOfRobotsOnBlackSite,numberOfRobotsOnWhiteSite
8127,25,14
timeStep,numberOfRobotsOnBlackSite,numberOfRobotsOnWhiteSite
8128,25,14
timeStep,numberOfRobotsOnBlackSite,numberOfRobotsOnWhiteSite
8129,25,14
timeStep,numberOfRobotsOnBlackSite,numberOfRobotsOnWhiteSite
8130,25,12
timeStep,numberOfRobotsOnBlackSite,numberOfRobotsOnWhiteSite
8131,25,12
timeStep,numberOfRobotsOnBlackSite,numberOfRobotsOnWhiteSite
8132,25,12
timeStep,numberOfRobotsOnBlackSite,numberOfRobotsOnWhiteSite
8133,25,12
timeStep,numberOfRobotsOnBlackSite,numberOfRobotsOnWhiteSite
8134,25,12
timeStep,numberOfRobotsOnBlackSite,numberOfRobotsOnWhiteSite
8135,25,12
timeStep,numberOfRobotsOnBlackSite,numberOfRobotsOnWhiteSite
8136,25,12
timeStep,numberOfRobotsOnBlackSite,numberOfRobotsOnWhiteSite
8137,25,12
timeStep,numberOfRobotsOnBlackSite,numberOfRobotsOnWhiteSite
8138,25,12
timeStep,numberOfRobotsOnBlackSite,numberOfRobotsOnWhiteSite
8139,25,12
timeStep,numberOfRobotsOnBlackSite,numberOfRobotsOnWhiteSite
8140,25,12
timeStep,numberOfRobotsOnBlackSite,numberOfRobotsOnWhiteSite
8141,25,12
timeStep,numberOfRobotsOnBlackSite,numberOfRobotsOnWhiteSite
8142,25,12
timeStep,numberOfRobotsOnBlackSite,numberOfRobotsOnWhiteSite
8143,25,12
timeStep,numberOfRobotsOnBlackSite,numberOfRobotsOnWhiteSite
8144,25,12
timeStep,numberOfRobotsOnBlackSite,numberOfRobotsOnWhiteSite
8145,25,12
timeStep,numberOfRobotsOnBlackSite,numberOfRobotsOnWhiteSite
8146,25,12
timeStep,numberOfRobotsOnBlackSite,numberOfRobotsOnWhiteSite
8147,25,12
timeStep,numberOfRobotsOnBlackSite,numberOfRobotsOnWhiteSite
8148,25,12
timeStep,numberOfRobotsOnBlackSite,numberOfRobotsOnWhiteSite
8149,25,12
timeStep,numberOfRobotsOnBlackSite,numberOfRobotsOnWhiteSite
8150,25,12
timeStep,numberOfRobotsOnBlackSite,numberOfRobotsOnWhiteSite
8151,25,12
timeStep,numberOfRobotsOnBlackSite,numberOfRobotsOnWhiteSite
8152,25,12
timeStep,numberOfRobotsOnBlackSite,numberOfRobotsOnWhiteSite
8153,25,12
timeStep,numberOfRobotsOnBlackSite,numberOfRobotsOnWhiteSite
8154,25,12
timeStep,numberOfRobotsOnBlackSite,numberOfRobotsOnWhiteSite
8155,25,12
timeStep,numberOfRobotsOnBlackSite,numberOfRobotsOnWhiteSite
8156,25,12
timeStep,numberOfRobotsOnBlackSite,numberOfRobotsOnWhiteSite
8157,25,12
timeStep,numberOfRobotsOnBlackSite,numberOfRobotsOnWhiteSite
8158,25,12
timeStep,numberOfRobotsOnBlackSite,numberOfRobotsOnWhiteSite
8159,25,12
timeStep,numberOfRobotsOnBlackSite,numberOfRobotsOnWhiteSite
8160,25,12
timeStep,numberOfRobotsOnBlackSite,numberOfRobotsOnWhiteSite
8161,25,12
timeStep,numberOfRobotsOnBlackSite,numberOfRobotsOnWhiteSite
8162,25,12
timeStep,numberOfRobotsOnBlackSite,numberOfRobotsOnWhiteSite
8163,25,12
timeStep,numberOfRobotsOnBlackSite,numberOfRobotsOnWhiteSite
8164,25,12
timeStep,numberOfRobotsOnBlackSite,numberOfRobotsOnWhiteSite
8165,25,12
timeStep,numberOfRobotsOnBlackSite,numberOfRobotsOnWhiteSite
8166,25,12
timeStep,numberOfRobotsOnBlackSite,numberOfRobotsOnWhiteSite
8167,25,12
timeStep,numberOfRobotsOnBlackSite,numberOfRobotsOnWhiteSite
8168,25,12
timeStep,numberOfRobotsOnBlackSite,numberOfRobotsOnWhiteSite
8169,25,12
timeStep,numberOfRobotsOnBlackSite,numberOfRobotsOnWhiteSite
8170,25,12
timeStep,numberOfRobotsOnBlackSite,numberOfRobotsOnWhiteSite
8171,25,12
timeStep,numberOfRobotsOnBlackSite,numberOfRobotsOnWhiteSite
8172,25,12
timeStep,numberOfRobotsOnBlackSite,numberOfRobotsOnWhiteSite
8173,25,12
timeStep,numberOfRobotsOnBlackSite,numberOfRobotsOnWhiteSite
8174,25,12
timeStep,numberOfRobotsOnBlackSite,numberOfRobotsOnWhiteSite
8175,25,13
timeStep,numberOfRobotsOnBlackSite,numberOfRobotsOnWhiteSite
8176,25,13
timeStep,numberOfRobotsOnBlackSite,numberOfRobotsOnWhiteSite
8177,25,13
timeStep,numberOfRobotsOnBlackSite,numberOfRobotsOnWhiteSite
8178,25,13
timeStep,numberOfRobotsOnBlackSite,numberOfRobotsOnWhiteSite
8179,25,13
timeStep,numberOfRobotsOnBlackSite,numberOfRobotsOnWhiteSite
8180,25,13
timeStep,numberOfRobotsOnBlackSite,numberOfRobotsOnWhiteSite
8181,25,13
timeStep,numberOfRobotsOnBlackSite,numberOfRobotsOnWhiteSite
8182,25,13
timeStep,numberOfRobotsOnBlackSite,numberOfRobotsOnWhiteSite
8183,25,13
timeStep,numberOfRobotsOnBlackSite,numberOfRobotsOnWhiteSite
8184,25,13
timeStep,numberOfRobotsOnBlackSite,numberOfRobotsOnWhiteSite
8185,25,13
timeStep,numberOfRobotsOnBlackSite,numberOfRobotsOnWhiteSite
8186,25,13
timeStep,numberOfRobotsOnBlackSite,numberOfRobotsOnWhiteSite
8187,25,13
timeStep,numberOfRobotsOnBlackSite,numberOfRobotsOnWhiteSite
8188,25,13
timeStep,numberOfRobotsOnBlackSite,numberOfRobotsOnWhiteSite
8189,25,13
timeStep,numberOfRobotsOnBlackSite,numberOfRobotsOnWhiteSite
8190,25,14
timeStep,numberOfRobotsOnBlackSite,numberOfRobotsOnWhiteSite
8191,25,14
timeStep,numberOfRobotsOnBlackSite,numberOfRobotsOnWhiteSite
8192,25,14
timeStep,numberOfRobotsOnBlackSite,numberOfRobotsOnWhiteSite
8193,25,14
timeStep,numberOfRobotsOnBlackSite,numberOfRobotsOnWhiteSite
8194,25,14
timeStep,numberOfRobotsOnBlackSite,numberOfRobotsOnWhiteSite
8195,25,14
timeStep,numberOfRobotsOnBlackSite,numberOfRobotsOnWhiteSite
8196,25,14
timeStep,numberOfRobotsOnBlackSite,numberOfRobotsOnWhiteSite
8197,25,14
timeStep,numberOfRobotsOnBlackSite,numberOfRobotsOnWhiteSite
8198,25,14
timeStep,numberOfRobotsOnBlackSite,numberOfRobotsOnWhiteSite
8199,25,14
timeStep,numberOfRobotsOnBlackSite,numberOfRobotsOnWhiteSite
8200,25,14
timeStep,numberOfRobotsOnBlackSite,numberOfRobotsOnWhiteSite
8201,25,14
timeStep,numberOfRobotsOnBlackSite,numberOfRobotsOnWhiteSite
8202,25,14
timeStep,numberOfRobotsOnBlackSite,numberOfRobotsOnWhiteSite
8203,25,14
timeStep,numberOfRobotsOnBlackSite,numberOfRobotsOnWhiteSite
8204,25,14
timeStep,numberOfRobotsOnBlackSite,numberOfRobotsOnWhiteSite
8205,25,15
timeStep,numberOfRobotsOnBlackSite,numberOfRobotsOnWhiteSite
8206,25,15
timeStep,numberOfRobotsOnBlackSite,numberOfRobotsOnWhiteSite
8207,25,15
timeStep,numberOfRobotsOnBlackSite,numberOfRobotsOnWhiteSite
8208,25,15
timeStep,numberOfRobotsOnBlackSite,numberOfRobotsOnWhiteSite
8209,25,15
timeStep,numberOfRobotsOnBlackSite,numberOfRobotsOnWhiteSite
8210,25,15
timeStep,numberOfRobotsOnBlackSite,numberOfRobotsOnWhiteSite
8211,25,15
timeStep,numberOfRobotsOnBlackSite,numberOfRobotsOnWhiteSite
8212,25,15
timeStep,numberOfRobotsOnBlackSite,numberOfRobotsOnWhiteSite
8213,25,15
timeStep,numberOfRobotsOnBlackSite,numberOfRobotsOnWhiteSite
8214,25,15
timeStep,numberOfRobotsOnBlackSite,numberOfRobotsOnWhiteSite
8215,25,15
timeStep,numberOfRobotsOnBlackSite,numberOfRobotsOnWhiteSite
8216,25,15
timeStep,numberOfRobotsOnBlackSite,numberOfRobotsOnWhiteSite
8217,25,15
timeStep,numberOfRobotsOnBlackSite,numberOfRobotsOnWhiteSite
8218,25,15
timeStep,numberOfRobotsOnBlackSite,numberOfRobotsOnWhiteSite
8219,25,15
timeStep,numberOfRobotsOnBlackSite,numberOfRobotsOnWhiteSite
8220,25,15
timeStep,numberOfRobotsOnBlackSite,numberOfRobotsOnWhiteSite
8221,25,15
timeStep,numberOfRobotsOnBlackSite,numberOfRobotsOnWhiteSite
8222,25,15
timeStep,numberOfRobotsOnBlackSite,numberOfRobotsOnWhiteSite
8223,25,15
timeStep,numberOfRobotsOnBlackSite,numberOfRobotsOnWhiteSite
8224,25,15
timeStep,numberOfRobotsOnBlackSite,numberOfRobotsOnWhiteSite
8225,25,15
timeStep,numberOfRobotsOnBlackSite,numberOfRobotsOnWhiteSite
8226,25,15
timeStep,numberOfRobotsOnBlackSite,numberOfRobotsOnWhiteSite
8227,25,15
timeStep,numberOfRobotsOnBlackSite,numberOfRobotsOnWhiteSite
8228,25,15
timeStep,numberOfRobotsOnBlackSite,numberOfRobotsOnWhiteSite
8229,25,15
timeStep,numberOfRobotsOnBlackSite,numberOfRobotsOnWhiteSite
8230,25,15
timeStep,numberOfRobotsOnBlackSite,numberOfRobotsOnWhiteSite
8231,25,15
timeStep,numberOfRobotsOnBlackSite,numberOfRobotsOnWhiteSite
8232,25,15
timeStep,numberOfRobotsOnBlackSite,numberOfRobotsOnWhiteSite
8233,25,15
timeStep,numberOfRobotsOnBlackSite,numberOfRobotsOnWhiteSite
8234,25,15
timeStep,numberOfRobotsOnBlackSite,numberOfRobotsOnWhiteSite
8235,25,16
timeStep,numberOfRobotsOnBlackSite,numberOfRobotsOnWhiteSite
8236,25,16
timeStep,numberOfRobotsOnBlackSite,numberOfRobotsOnWhiteSite
8237,25,16
timeStep,numberOfRobotsOnBlackSite,numberOfRobotsOnWhiteSite
8238,25,16
timeStep,numberOfRobotsOnBlackSite,numberOfRobotsOnWhiteSite
8239,25,16
timeStep,numberOfRobotsOnBlackSite,numberOfRobotsOnWhiteSite
8240,25,16
timeStep,numberOfRobotsOnBlackSite,numberOfRobotsOnWhiteSite
8241,25,16
timeStep,numberOfRobotsOnBlackSite,numberOfRobotsOnWhiteSite
8242,25,16
timeStep,numberOfRobotsOnBlackSite,numberOfRobotsOnWhiteSite
8243,25,16
timeStep,numberOfRobotsOnBlackSite,numberOfRobotsOnWhiteSite
8244,25,16
timeStep,numberOfRobotsOnBlackSite,numberOfRobotsOnWhiteSite
8245,25,16
timeStep,numberOfRobotsOnBlackSite,numberOfRobotsOnWhiteSite
8246,25,16
timeStep,numberOfRobotsOnBlackSite,numberOfRobotsOnWhiteSite
8247,25,16
timeStep,numberOfRobotsOnBlackSite,numberOfRobotsOnWhiteSite
8248,25,16
timeStep,numberOfRobotsOnBlackSite,numberOfRobotsOnWhiteSite
8249,25,16
timeStep,numberOfRobotsOnBlackSite,numberOfRobotsOnWhiteSite
8250,25,16
timeStep,numberOfRobotsOnBlackSite,numberOfRobotsOnWhiteSite
8251,25,16
timeStep,numberOfRobotsOnBlackSite,numberOfRobotsOnWhiteSite
8252,25,16
timeStep,numberOfRobotsOnBlackSite,numberOfRobotsOnWhiteSite
8253,25,16
timeStep,numberOfRobotsOnBlackSite,numberOfRobotsOnWhiteSite
8254,25,16
timeStep,numberOfRobotsOnBlackSite,numberOfRobotsOnWhiteSite
8255,25,16
timeStep,numberOfRobotsOnBlackSite,numberOfRobotsOnWhiteSite
8256,25,16
timeStep,numberOfRobotsOnBlackSite,numberOfRobotsOnWhiteSite
8257,25,16
timeStep,numberOfRobotsOnBlackSite,numberOfRobotsOnWhiteSite
8258,25,16
timeStep,numberOfRobotsOnBlackSite,numberOfRobotsOnWhiteSite
8259,25,16
timeStep,numberOfRobotsOnBlackSite,numberOfRobotsOnWhiteSite
8260,25,16
timeStep,numberOfRobotsOnBlackSite,numberOfRobotsOnWhiteSite
8261,25,16
timeStep,numberOfRobotsOnBlackSite,numberOfRobotsOnWhiteSite
8262,25,16
timeStep,numberOfRobotsOnBlackSite,numberOfRobotsOnWhiteSite
8263,25,16
timeStep,numberOfRobotsOnBlackSite,numberOfRobotsOnWhiteSite
8264,25,16
timeStep,numberOfRobotsOnBlackSite,numberOfRobotsOnWhiteSite
8265,25,16
timeStep,numberOfRobotsOnBlackSite,numberOfRobotsOnWhiteSite
8266,25,16
timeStep,numberOfRobotsOnBlackSite,numberOfRobotsOnWhiteSite
8267,25,16
timeStep,numberOfRobotsOnBlackSite,numberOfRobotsOnWhiteSite
8268,25,16
timeStep,numberOfRobotsOnBlackSite,numberOfRobotsOnWhiteSite
8269,25,16
timeStep,numberOfRobotsOnBlackSite,numberOfRobotsOnWhiteSite
8270,25,16
timeStep,numberOfRobotsOnBlackSite,numberOfRobotsOnWhiteSite
8271,25,16
timeStep,numberOfRobotsOnBlackSite,numberOfRobotsOnWhiteSite
8272,25,16
timeStep,numberOfRobotsOnBlackSite,numberOfRobotsOnWhiteSite
8273,25,16
timeStep,numberOfRobotsOnBlackSite,numberOfRobotsOnWhiteSite
8274,25,16
timeStep,numberOfRobotsOnBlackSite,numberOfRobotsOnWhiteSite
8275,25,16
timeStep,numberOfRobotsOnBlackSite,numberOfRobotsOnWhiteSite
8276,25,16
timeStep,numberOfRobotsOnBlackSite,numberOfRobotsOnWhiteSite
8277,25,16
timeStep,numberOfRobotsOnBlackSite,numberOfRobotsOnWhiteSite
8278,25,16
timeStep,numberOfRobotsOnBlackSite,numberOfRobotsOnWhiteSite
8279,25,16
timeStep,numberOfRobotsOnBlackSite,numberOfRobotsOnWhiteSite
8280,25,15
timeStep,numberOfRobotsOnBlackSite,numberOfRobotsOnWhiteSite
8281,25,15
timeStep,numberOfRobotsOnBlackSite,numberOfRobotsOnWhiteSite
8282,25,15
timeStep,numberOfRobotsOnBlackSite,numberOfRobotsOnWhiteSite
8283,25,15
timeStep,numberOfRobotsOnBlackSite,numberOfRobotsOnWhiteSite
8284,25,15
timeStep,numberOfRobotsOnBlackSite,numberOfRobotsOnWhiteSite
8285,25,15
timeStep,numberOfRobotsOnBlackSite,numberOfRobotsOnWhiteSite
8286,25,15
timeStep,numberOfRobotsOnBlackSite,numberOfRobotsOnWhiteSite
8287,25,15
timeStep,numberOfRobotsOnBlackSite,numberOfRobotsOnWhiteSite
8288,25,15
timeStep,numberOfRobotsOnBlackSite,numberOfRobotsOnWhiteSite
8289,25,15
timeStep,numberOfRobotsOnBlackSite,numberOfRobotsOnWhiteSite
8290,25,15
timeStep,numberOfRobotsOnBlackSite,numberOfRobotsOnWhiteSite
8291,25,15
timeStep,numberOfRobotsOnBlackSite,numberOfRobotsOnWhiteSite
8292,25,15
timeStep,numberOfRobotsOnBlackSite,numberOfRobotsOnWhiteSite
8293,25,15
timeStep,numberOfRobotsOnBlackSite,numberOfRobotsOnWhiteSite
8294,25,15
timeStep,numberOfRobotsOnBlackSite,numberOfRobotsOnWhiteSite
8295,25,15
timeStep,numberOfRobotsOnBlackSite,numberOfRobotsOnWhiteSite
8296,25,15
timeStep,numberOfRobotsOnBlackSite,numberOfRobotsOnWhiteSite
8297,25,15
timeStep,numberOfRobotsOnBlackSite,numberOfRobotsOnWhiteSite
8298,25,15
timeStep,numberOfRobotsOnBlackSite,numberOfRobotsOnWhiteSite
8299,25,15
timeStep,numberOfRobotsOnBlackSite,numberOfRobotsOnWhiteSite
8300,25,15
timeStep,numberOfRobotsOnBlackSite,numberOfRobotsOnWhiteSite
8301,25,15
timeStep,numberOfRobotsOnBlackSite,numberOfRobotsOnWhiteSite
8302,25,15
timeStep,numberOfRobotsOnBlackSite,numberOfRobotsOnWhiteSite
8303,25,15
timeStep,numberOfRobotsOnBlackSite,numberOfRobotsOnWhiteSite
8304,25,15
timeStep,numberOfRobotsOnBlackSite,numberOfRobotsOnWhiteSite
8305,25,15
timeStep,numberOfRobotsOnBlackSite,numberOfRobotsOnWhiteSite
8306,25,15
timeStep,numberOfRobotsOnBlackSite,numberOfRobotsOnWhiteSite
8307,25,15
timeStep,numberOfRobotsOnBlackSite,numberOfRobotsOnWhiteSite
8308,25,15
timeStep,numberOfRobotsOnBlackSite,numberOfRobotsOnWhiteSite
8309,25,15
timeStep,numberOfRobotsOnBlackSite,numberOfRobotsOnWhiteSite
8310,25,15
timeStep,numberOfRobotsOnBlackSite,numberOfRobotsOnWhiteSite
8311,25,15
timeStep,numberOfRobotsOnBlackSite,numberOfRobotsOnWhiteSite
8312,25,15
timeStep,numberOfRobotsOnBlackSite,numberOfRobotsOnWhiteSite
8313,25,15
timeStep,numberOfRobotsOnBlackSite,numberOfRobotsOnWhiteSite
8314,25,15
timeStep,numberOfRobotsOnBlackSite,numberOfRobotsOnWhiteSite
8315,25,15
timeStep,numberOfRobotsOnBlackSite,numberOfRobotsOnWhiteSite
8316,25,15
timeStep,numberOfRobotsOnBlackSite,numberOfRobotsOnWhiteSite
8317,25,15
timeStep,numberOfRobotsOnBlackSite,numberOfRobotsOnWhiteSite
8318,25,15
timeStep,numberOfRobotsOnBlackSite,numberOfRobotsOnWhiteSite
8319,25,15
timeStep,numberOfRobotsOnBlackSite,numberOfRobotsOnWhiteSite
8320,25,15
timeStep,numberOfRobotsOnBlackSite,numberOfRobotsOnWhiteSite
8321,25,15
timeStep,numberOfRobotsOnBlackSite,numberOfRobotsOnWhiteSite
8322,25,15
timeStep,numberOfRobotsOnBlackSite,numberOfRobotsOnWhiteSite
8323,25,15
timeStep,numberOfRobotsOnBlackSite,numberOfRobotsOnWhiteSite
8324,25,15
timeStep,numberOfRobotsOnBlackSite,numberOfRobotsOnWhiteSite
8325,25,15
timeStep,numberOfRobotsOnBlackSite,numberOfRobotsOnWhiteSite
8326,25,15
timeStep,numberOfRobotsOnBlackSite,numberOfRobotsOnWhiteSite
8327,25,15
timeStep,numberOfRobotsOnBlackSite,numberOfRobotsOnWhiteSite
8328,25,15
timeStep,numberOfRobotsOnBlackSite,numberOfRobotsOnWhiteSite
8329,25,15
timeStep,numberOfRobotsOnBlackSite,numberOfRobotsOnWhiteSite
8330,26,15
timeStep,numberOfRobotsOnBlackSite,numberOfRobotsOnWhiteSite
8331,26,15
timeStep,numberOfRobotsOnBlackSite,numberOfRobotsOnWhiteSite
8332,26,15
timeStep,numberOfRobotsOnBlackSite,numberOfRobotsOnWhiteSite
8333,26,15
timeStep,numberOfRobotsOnBlackSite,numberOfRobotsOnWhiteSite
8334,26,15
timeStep,numberOfRobotsOnBlackSite,numberOfRobotsOnWhiteSite
8335,26,15
timeStep,numberOfRobotsOnBlackSite,numberOfRobotsOnWhiteSite
8336,26,15
timeStep,numberOfRobotsOnBlackSite,numberOfRobotsOnWhiteSite
8337,26,15
timeStep,numberOfRobotsOnBlackSite,numberOfRobotsOnWhiteSite
8338,26,15
timeStep,numberOfRobotsOnBlackSite,numberOfRobotsOnWhiteSite
8339,26,15
timeStep,numberOfRobotsOnBlackSite,numberOfRobotsOnWhiteSite
8340,26,15
timeStep,numberOfRobotsOnBlackSite,numberOfRobotsOnWhiteSite
8341,26,15
timeStep,numberOfRobotsOnBlackSite,numberOfRobotsOnWhiteSite
8342,26,15
timeStep,numberOfRobotsOnBlackSite,numberOfRobotsOnWhiteSite
8343,26,15
timeStep,numberOfRobotsOnBlackSite,numberOfRobotsOnWhiteSite
8344,26,15
timeStep,numberOfRobotsOnBlackSite,numberOfRobotsOnWhiteSite
8345,26,15
timeStep,numberOfRobotsOnBlackSite,numberOfRobotsOnWhiteSite
8346,26,15
timeStep,numberOfRobotsOnBlackSite,numberOfRobotsOnWhiteSite
8347,26,15
timeStep,numberOfRobotsOnBlackSite,numberOfRobotsOnWhiteSite
8348,26,15
timeStep,numberOfRobotsOnBlackSite,numberOfRobotsOnWhiteSite
8349,26,15
timeStep,numberOfRobotsOnBlackSite,numberOfRobotsOnWhiteSite
8350,26,15
timeStep,numberOfRobotsOnBlackSite,numberOfRobotsOnWhiteSite
8351,26,15
timeStep,numberOfRobotsOnBlackSite,numberOfRobotsOnWhiteSite
8352,26,15
timeStep,numberOfRobotsOnBlackSite,numberOfRobotsOnWhiteSite
8353,26,15
timeStep,numberOfRobotsOnBlackSite,numberOfRobotsOnWhiteSite
8354,26,15
timeStep,numberOfRobotsOnBlackSite,numberOfRobotsOnWhiteSite
8355,26,15
timeStep,numberOfRobotsOnBlackSite,numberOfRobotsOnWhiteSite
8356,26,15
timeStep,numberOfRobotsOnBlackSite,numberOfRobotsOnWhiteSite
8357,26,15
timeStep,numberOfRobotsOnBlackSite,numberOfRobotsOnWhiteSite
8358,26,15
timeStep,numberOfRobotsOnBlackSite,numberOfRobotsOnWhiteSite
8359,26,15
timeStep,numberOfRobotsOnBlackSite,numberOfRobotsOnWhiteSite
8360,26,15
timeStep,numberOfRobotsOnBlackSite,numberOfRobotsOnWhiteSite
8361,26,15
timeStep,numberOfRobotsOnBlackSite,numberOfRobotsOnWhiteSite
8362,26,15
timeStep,numberOfRobotsOnBlackSite,numberOfRobotsOnWhiteSite
8363,26,15
timeStep,numberOfRobotsOnBlackSite,numberOfRobotsOnWhiteSite
8364,26,15
timeStep,numberOfRobotsOnBlackSite,numberOfRobotsOnWhiteSite
8365,26,15
timeStep,numberOfRobotsOnBlackSite,numberOfRobotsOnWhiteSite
8366,26,15
timeStep,numberOfRobotsOnBlackSite,numberOfRobotsOnWhiteSite
8367,26,15
timeStep,numberOfRobotsOnBlackSite,numberOfRobotsOnWhiteSite
8368,26,15
timeStep,numberOfRobotsOnBlackSite,numberOfRobotsOnWhiteSite
8369,26,15
timeStep,numberOfRobotsOnBlackSite,numberOfRobotsOnWhiteSite
8370,27,15
timeStep,numberOfRobotsOnBlackSite,numberOfRobotsOnWhiteSite
8371,27,15
timeStep,numberOfRobotsOnBlackSite,numberOfRobotsOnWhiteSite
8372,27,15
timeStep,numberOfRobotsOnBlackSite,numberOfRobotsOnWhiteSite
8373,27,15
timeStep,numberOfRobotsOnBlackSite,numberOfRobotsOnWhiteSite
8374,27,15
timeStep,numberOfRobotsOnBlackSite,numberOfRobotsOnWhiteSite
8375,27,15
timeStep,numberOfRobotsOnBlackSite,numberOfRobotsOnWhiteSite
8376,27,15
timeStep,numberOfRobotsOnBlackSite,numberOfRobotsOnWhiteSite
8377,27,15
timeStep,numberOfRobotsOnBlackSite,numberOfRobotsOnWhiteSite
8378,27,15
timeStep,numberOfRobotsOnBlackSite,numberOfRobotsOnWhiteSite
8379,27,15
timeStep,numberOfRobotsOnBlackSite,numberOfRobotsOnWhiteSite
8380,27,15
timeStep,numberOfRobotsOnBlackSite,numberOfRobotsOnWhiteSite
8381,27,15
timeStep,numberOfRobotsOnBlackSite,numberOfRobotsOnWhiteSite
8382,27,15
timeStep,numberOfRobotsOnBlackSite,numberOfRobotsOnWhiteSite
8383,27,15
timeStep,numberOfRobotsOnBlackSite,numberOfRobotsOnWhiteSite
8384,27,15
timeStep,numberOfRobotsOnBlackSite,numberOfRobotsOnWhiteSite
8385,27,15
timeStep,numberOfRobotsOnBlackSite,numberOfRobotsOnWhiteSite
8386,27,15
timeStep,numberOfRobotsOnBlackSite,numberOfRobotsOnWhiteSite
8387,27,15
timeStep,numberOfRobotsOnBlackSite,numberOfRobotsOnWhiteSite
8388,27,15
timeStep,numberOfRobotsOnBlackSite,numberOfRobotsOnWhiteSite
8389,27,15
timeStep,numberOfRobotsOnBlackSite,numberOfRobotsOnWhiteSite
8390,27,15
timeStep,numberOfRobotsOnBlackSite,numberOfRobotsOnWhiteSite
8391,27,15
timeStep,numberOfRobotsOnBlackSite,numberOfRobotsOnWhiteSite
8392,27,15
timeStep,numberOfRobotsOnBlackSite,numberOfRobotsOnWhiteSite
8393,27,15
timeStep,numberOfRobotsOnBlackSite,numberOfRobotsOnWhiteSite
8394,27,15
timeStep,numberOfRobotsOnBlackSite,numberOfRobotsOnWhiteSite
8395,27,15
timeStep,numberOfRobotsOnBlackSite,numberOfRobotsOnWhiteSite
8396,27,15
timeStep,numberOfRobotsOnBlackSite,numberOfRobotsOnWhiteSite
8397,27,15
timeStep,numberOfRobotsOnBlackSite,numberOfRobotsOnWhiteSite
8398,27,15
timeStep,numberOfRobotsOnBlackSite,numberOfRobotsOnWhiteSite
8399,27,15
timeStep,numberOfRobotsOnBlackSite,numberOfRobotsOnWhiteSite
8400,27,15
timeStep,numberOfRobotsOnBlackSite,numberOfRobotsOnWhiteSite
8401,27,15
timeStep,numberOfRobotsOnBlackSite,numberOfRobotsOnWhiteSite
8402,27,15
timeStep,numberOfRobotsOnBlackSite,numberOfRobotsOnWhiteSite
8403,27,15
timeStep,numberOfRobotsOnBlackSite,numberOfRobotsOnWhiteSite
8404,27,15
timeStep,numberOfRobotsOnBlackSite,numberOfRobotsOnWhiteSite
8405,27,15
timeStep,numberOfRobotsOnBlackSite,numberOfRobotsOnWhiteSite
8406,27,15
timeStep,numberOfRobotsOnBlackSite,numberOfRobotsOnWhiteSite
8407,27,15
timeStep,numberOfRobotsOnBlackSite,numberOfRobotsOnWhiteSite
8408,27,15
timeStep,numberOfRobotsOnBlackSite,numberOfRobotsOnWhiteSite
8409,27,15
timeStep,numberOfRobotsOnBlackSite,numberOfRobotsOnWhiteSite
8410,27,15
timeStep,numberOfRobotsOnBlackSite,numberOfRobotsOnWhiteSite
8411,27,15
timeStep,numberOfRobotsOnBlackSite,numberOfRobotsOnWhiteSite
8412,27,15
timeStep,numberOfRobotsOnBlackSite,numberOfRobotsOnWhiteSite
8413,27,15
timeStep,numberOfRobotsOnBlackSite,numberOfRobotsOnWhiteSite
8414,27,15
timeStep,numberOfRobotsOnBlackSite,numberOfRobotsOnWhiteSite
8415,27,15
timeStep,numberOfRobotsOnBlackSite,numberOfRobotsOnWhiteSite
8416,27,15
timeStep,numberOfRobotsOnBlackSite,numberOfRobotsOnWhiteSite
8417,27,15
timeStep,numberOfRobotsOnBlackSite,numberOfRobotsOnWhiteSite
8418,27,15
timeStep,numberOfRobotsOnBlackSite,numberOfRobotsOnWhiteSite
8419,27,15
timeStep,numberOfRobotsOnBlackSite,numberOfRobotsOnWhiteSite
8420,27,15
timeStep,numberOfRobotsOnBlackSite,numberOfRobotsOnWhiteSite
8421,27,15
timeStep,numberOfRobotsOnBlackSite,numberOfRobotsOnWhiteSite
8422,27,15
timeStep,numberOfRobotsOnBlackSite,numberOfRobotsOnWhiteSite
8423,27,15
timeStep,numberOfRobotsOnBlackSite,numberOfRobotsOnWhiteSite
8424,27,15
timeStep,numberOfRobotsOnBlackSite,numberOfRobotsOnWhiteSite
8425,27,15
timeStep,numberOfRobotsOnBlackSite,numberOfRobotsOnWhiteSite
8426,27,15
timeStep,numberOfRobotsOnBlackSite,numberOfRobotsOnWhiteSite
8427,27,15
timeStep,numberOfRobotsOnBlackSite,numberOfRobotsOnWhiteSite
8428,27,15
timeStep,numberOfRobotsOnBlackSite,numberOfRobotsOnWhiteSite
8429,27,15
timeStep,numberOfRobotsOnBlackSite,numberOfRobotsOnWhiteSite
8430,27,15
timeStep,numberOfRobotsOnBlackSite,numberOfRobotsOnWhiteSite
8431,27,15
timeStep,numberOfRobotsOnBlackSite,numberOfRobotsOnWhiteSite
8432,27,15
timeStep,numberOfRobotsOnBlackSite,numberOfRobotsOnWhiteSite
8433,27,15
timeStep,numberOfRobotsOnBlackSite,numberOfRobotsOnWhiteSite
8434,27,15
timeStep,numberOfRobotsOnBlackSite,numberOfRobotsOnWhiteSite
8435,27,15
timeStep,numberOfRobotsOnBlackSite,numberOfRobotsOnWhiteSite
8436,27,15
timeStep,numberOfRobotsOnBlackSite,numberOfRobotsOnWhiteSite
8437,27,15
timeStep,numberOfRobotsOnBlackSite,numberOfRobotsOnWhiteSite
8438,27,15
timeStep,numberOfRobotsOnBlackSite,numberOfRobotsOnWhiteSite
8439,27,15
timeStep,numberOfRobotsOnBlackSite,numberOfRobotsOnWhiteSite
8440,27,15
timeStep,numberOfRobotsOnBlackSite,numberOfRobotsOnWhiteSite
8441,27,15
timeStep,numberOfRobotsOnBlackSite,numberOfRobotsOnWhiteSite
8442,27,15
timeStep,numberOfRobotsOnBlackSite,numberOfRobotsOnWhiteSite
8443,27,15
timeStep,numberOfRobotsOnBlackSite,numberOfRobotsOnWhiteSite
8444,27,15
timeStep,numberOfRobotsOnBlackSite,numberOfRobotsOnWhiteSite
8445,27,15
timeStep,numberOfRobotsOnBlackSite,numberOfRobotsOnWhiteSite
8446,27,15
timeStep,numberOfRobotsOnBlackSite,numberOfRobotsOnWhiteSite
8447,27,15
timeStep,numberOfRobotsOnBlackSite,numberOfRobotsOnWhiteSite
8448,27,15
timeStep,numberOfRobotsOnBlackSite,numberOfRobotsOnWhiteSite
8449,27,15
timeStep,numberOfRobotsOnBlackSite,numberOfRobotsOnWhiteSite
8450,27,15
timeStep,numberOfRobotsOnBlackSite,numberOfRobotsOnWhiteSite
8451,27,15
timeStep,numberOfRobotsOnBlackSite,numberOfRobotsOnWhiteSite
8452,27,15
timeStep,numberOfRobotsOnBlackSite,numberOfRobotsOnWhiteSite
8453,27,15
timeStep,numberOfRobotsOnBlackSite,numberOfRobotsOnWhiteSite
8454,27,15
timeStep,numberOfRobotsOnBlackSite,numberOfRobotsOnWhiteSite
8455,27,15
timeStep,numberOfRobotsOnBlackSite,numberOfRobotsOnWhiteSite
8456,27,15
timeStep,numberOfRobotsOnBlackSite,numberOfRobotsOnWhiteSite
8457,27,15
timeStep,numberOfRobotsOnBlackSite,numberOfRobotsOnWhiteSite
8458,27,15
timeStep,numberOfRobotsOnBlackSite,numberOfRobotsOnWhiteSite
8459,27,15
timeStep,numberOfRobotsOnBlackSite,numberOfRobotsOnWhiteSite
8460,28,15
timeStep,numberOfRobotsOnBlackSite,numberOfRobotsOnWhiteSite
8461,28,15
timeStep,numberOfRobotsOnBlackSite,numberOfRobotsOnWhiteSite
8462,28,15
timeStep,numberOfRobotsOnBlackSite,numberOfRobotsOnWhiteSite
8463,28,15
timeStep,numberOfRobotsOnBlackSite,numberOfRobotsOnWhiteSite
8464,28,15
timeStep,numberOfRobotsOnBlackSite,numberOfRobotsOnWhiteSite
8465,28,15
timeStep,numberOfRobotsOnBlackSite,numberOfRobotsOnWhiteSite
8466,28,15
timeStep,numberOfRobotsOnBlackSite,numberOfRobotsOnWhiteSite
8467,28,15
timeStep,numberOfRobotsOnBlackSite,numberOfRobotsOnWhiteSite
8468,28,15
timeStep,numberOfRobotsOnBlackSite,numberOfRobotsOnWhiteSite
8469,28,15
timeStep,numberOfRobotsOnBlackSite,numberOfRobotsOnWhiteSite
8470,29,15
timeStep,numberOfRobotsOnBlackSite,numberOfRobotsOnWhiteSite
8471,29,15
timeStep,numberOfRobotsOnBlackSite,numberOfRobotsOnWhiteSite
8472,29,15
timeStep,numberOfRobotsOnBlackSite,numberOfRobotsOnWhiteSite
8473,29,15
timeStep,numberOfRobotsOnBlackSite,numberOfRobotsOnWhiteSite
8474,29,15
timeStep,numberOfRobotsOnBlackSite,numberOfRobotsOnWhiteSite
8475,28,15
timeStep,numberOfRobotsOnBlackSite,numberOfRobotsOnWhiteSite
8476,28,15
timeStep,numberOfRobotsOnBlackSite,numberOfRobotsOnWhiteSite
8477,28,15
timeStep,numberOfRobotsOnBlackSite,numberOfRobotsOnWhiteSite
8478,28,15
timeStep,numberOfRobotsOnBlackSite,numberOfRobotsOnWhiteSite
8479,28,15
timeStep,numberOfRobotsOnBlackSite,numberOfRobotsOnWhiteSite
8480,28,15
timeStep,numberOfRobotsOnBlackSite,numberOfRobotsOnWhiteSite
8481,28,15
timeStep,numberOfRobotsOnBlackSite,numberOfRobotsOnWhiteSite
8482,28,15
timeStep,numberOfRobotsOnBlackSite,numberOfRobotsOnWhiteSite
8483,28,15
timeStep,numberOfRobotsOnBlackSite,numberOfRobotsOnWhiteSite
8484,28,15
timeStep,numberOfRobotsOnBlackSite,numberOfRobotsOnWhiteSite
8485,28,15
timeStep,numberOfRobotsOnBlackSite,numberOfRobotsOnWhiteSite
8486,28,15
timeStep,numberOfRobotsOnBlackSite,numberOfRobotsOnWhiteSite
8487,28,15
timeStep,numberOfRobotsOnBlackSite,numberOfRobotsOnWhiteSite
8488,28,15
timeStep,numberOfRobotsOnBlackSite,numberOfRobotsOnWhiteSite
8489,28,15
timeStep,numberOfRobotsOnBlackSite,numberOfRobotsOnWhiteSite
8490,28,15
timeStep,numberOfRobotsOnBlackSite,numberOfRobotsOnWhiteSite
8491,28,15
timeStep,numberOfRobotsOnBlackSite,numberOfRobotsOnWhiteSite
8492,28,15
timeStep,numberOfRobotsOnBlackSite,numberOfRobotsOnWhiteSite
8493,28,15
timeStep,numberOfRobotsOnBlackSite,numberOfRobotsOnWhiteSite
8494,28,15
timeStep,numberOfRobotsOnBlackSite,numberOfRobotsOnWhiteSite
8495,28,15
timeStep,numberOfRobotsOnBlackSite,numberOfRobotsOnWhiteSite
8496,28,15
timeStep,numberOfRobotsOnBlackSite,numberOfRobotsOnWhiteSite
8497,28,15
timeStep,numberOfRobotsOnBlackSite,numberOfRobotsOnWhiteSite
8498,28,15
timeStep,numberOfRobotsOnBlackSite,numberOfRobotsOnWhiteSite
8499,28,15
timeStep,numberOfRobotsOnBlackSite,numberOfRobotsOnWhiteSite
8500,28,15
timeStep,numberOfRobotsOnBlackSite,numberOfRobotsOnWhiteSite
8501,28,15
timeStep,numberOfRobotsOnBlackSite,numberOfRobotsOnWhiteSite
8502,28,15
timeStep,numberOfRobotsOnBlackSite,numberOfRobotsOnWhiteSite
8503,28,15
timeStep,numberOfRobotsOnBlackSite,numberOfRobotsOnWhiteSite
8504,28,15
timeStep,numberOfRobotsOnBlackSite,numberOfRobotsOnWhiteSite
8505,28,15
timeStep,numberOfRobotsOnBlackSite,numberOfRobotsOnWhiteSite
8506,28,15
timeStep,numberOfRobotsOnBlackSite,numberOfRobotsOnWhiteSite
8507,28,15
timeStep,numberOfRobotsOnBlackSite,numberOfRobotsOnWhiteSite
8508,28,15
timeStep,numberOfRobotsOnBlackSite,numberOfRobotsOnWhiteSite
8509,28,15
timeStep,numberOfRobotsOnBlackSite,numberOfRobotsOnWhiteSite
8510,28,15
timeStep,numberOfRobotsOnBlackSite,numberOfRobotsOnWhiteSite
8511,28,15
timeStep,numberOfRobotsOnBlackSite,numberOfRobotsOnWhiteSite
8512,28,15
timeStep,numberOfRobotsOnBlackSite,numberOfRobotsOnWhiteSite
8513,28,15
timeStep,numberOfRobotsOnBlackSite,numberOfRobotsOnWhiteSite
8514,28,15
timeStep,numberOfRobotsOnBlackSite,numberOfRobotsOnWhiteSite
8515,28,15
timeStep,numberOfRobotsOnBlackSite,numberOfRobotsOnWhiteSite
8516,28,15
timeStep,numberOfRobotsOnBlackSite,numberOfRobotsOnWhiteSite
8517,28,15
timeStep,numberOfRobotsOnBlackSite,numberOfRobotsOnWhiteSite
8518,28,15
timeStep,numberOfRobotsOnBlackSite,numberOfRobotsOnWhiteSite
8519,28,15
timeStep,numberOfRobotsOnBlackSite,numberOfRobotsOnWhiteSite
8520,28,15
timeStep,numberOfRobotsOnBlackSite,numberOfRobotsOnWhiteSite
8521,28,15
timeStep,numberOfRobotsOnBlackSite,numberOfRobotsOnWhiteSite
8522,28,15
timeStep,numberOfRobotsOnBlackSite,numberOfRobotsOnWhiteSite
8523,28,15
timeStep,numberOfRobotsOnBlackSite,numberOfRobotsOnWhiteSite
8524,28,15
timeStep,numberOfRobotsOnBlackSite,numberOfRobotsOnWhiteSite
8525,28,15
timeStep,numberOfRobotsOnBlackSite,numberOfRobotsOnWhiteSite
8526,28,15
timeStep,numberOfRobotsOnBlackSite,numberOfRobotsOnWhiteSite
8527,28,15
timeStep,numberOfRobotsOnBlackSite,numberOfRobotsOnWhiteSite
8528,28,15
timeStep,numberOfRobotsOnBlackSite,numberOfRobotsOnWhiteSite
8529,28,15
timeStep,numberOfRobotsOnBlackSite,numberOfRobotsOnWhiteSite
8530,28,15
timeStep,numberOfRobotsOnBlackSite,numberOfRobotsOnWhiteSite
8531,28,15
timeStep,numberOfRobotsOnBlackSite,numberOfRobotsOnWhiteSite
8532,28,15
timeStep,numberOfRobotsOnBlackSite,numberOfRobotsOnWhiteSite
8533,28,15
timeStep,numberOfRobotsOnBlackSite,numberOfRobotsOnWhiteSite
8534,28,15
timeStep,numberOfRobotsOnBlackSite,numberOfRobotsOnWhiteSite
8535,28,15
timeStep,numberOfRobotsOnBlackSite,numberOfRobotsOnWhiteSite
8536,28,15
timeStep,numberOfRobotsOnBlackSite,numberOfRobotsOnWhiteSite
8537,28,15
timeStep,numberOfRobotsOnBlackSite,numberOfRobotsOnWhiteSite
8538,28,15
timeStep,numberOfRobotsOnBlackSite,numberOfRobotsOnWhiteSite
8539,28,15
timeStep,numberOfRobotsOnBlackSite,numberOfRobotsOnWhiteSite
8540,28,15
timeStep,numberOfRobotsOnBlackSite,numberOfRobotsOnWhiteSite
8541,28,15
timeStep,numberOfRobotsOnBlackSite,numberOfRobotsOnWhiteSite
8542,28,15
timeStep,numberOfRobotsOnBlackSite,numberOfRobotsOnWhiteSite
8543,28,15
timeStep,numberOfRobotsOnBlackSite,numberOfRobotsOnWhiteSite
8544,28,15
timeStep,numberOfRobotsOnBlackSite,numberOfRobotsOnWhiteSite
8545,28,15
timeStep,numberOfRobotsOnBlackSite,numberOfRobotsOnWhiteSite
8546,28,15
timeStep,numberOfRobotsOnBlackSite,numberOfRobotsOnWhiteSite
8547,28,15
timeStep,numberOfRobotsOnBlackSite,numberOfRobotsOnWhiteSite
8548,28,15
timeStep,numberOfRobotsOnBlackSite,numberOfRobotsOnWhiteSite
8549,28,15
timeStep,numberOfRobotsOnBlackSite,numberOfRobotsOnWhiteSite
8550,28,15
timeStep,numberOfRobotsOnBlackSite,numberOfRobotsOnWhiteSite
8551,28,15
timeStep,numberOfRobotsOnBlackSite,numberOfRobotsOnWhiteSite
8552,28,15
timeStep,numberOfRobotsOnBlackSite,numberOfRobotsOnWhiteSite
8553,28,15
timeStep,numberOfRobotsOnBlackSite,numberOfRobotsOnWhiteSite
8554,28,15
timeStep,numberOfRobotsOnBlackSite,numberOfRobotsOnWhiteSite
8555,28,15
timeStep,numberOfRobotsOnBlackSite,numberOfRobotsOnWhiteSite
8556,28,15
timeStep,numberOfRobotsOnBlackSite,numberOfRobotsOnWhiteSite
8557,28,15
timeStep,numberOfRobotsOnBlackSite,numberOfRobotsOnWhiteSite
8558,28,15
timeStep,numberOfRobotsOnBlackSite,numberOfRobotsOnWhiteSite
8559,28,15
timeStep,numberOfRobotsOnBlackSite,numberOfRobotsOnWhiteSite
8560,28,15
timeStep,numberOfRobotsOnBlackSite,numberOfRobotsOnWhiteSite
8561,28,15
timeStep,numberOfRobotsOnBlackSite,numberOfRobotsOnWhiteSite
8562,28,15
timeStep,numberOfRobotsOnBlackSite,numberOfRobotsOnWhiteSite
8563,28,15
timeStep,numberOfRobotsOnBlackSite,numberOfRobotsOnWhiteSite
8564,28,15
timeStep,numberOfRobotsOnBlackSite,numberOfRobotsOnWhiteSite
8565,28,16
timeStep,numberOfRobotsOnBlackSite,numberOfRobotsOnWhiteSite
8566,28,16
timeStep,numberOfRobotsOnBlackSite,numberOfRobotsOnWhiteSite
8567,28,16
timeStep,numberOfRobotsOnBlackSite,numberOfRobotsOnWhiteSite
8568,28,16
timeStep,numberOfRobotsOnBlackSite,numberOfRobotsOnWhiteSite
8569,28,16
timeStep,numberOfRobotsOnBlackSite,numberOfRobotsOnWhiteSite
8570,28,16
timeStep,numberOfRobotsOnBlackSite,numberOfRobotsOnWhiteSite
8571,28,16
timeStep,numberOfRobotsOnBlackSite,numberOfRobotsOnWhiteSite
8572,28,16
timeStep,numberOfRobotsOnBlackSite,numberOfRobotsOnWhiteSite
8573,28,16
timeStep,numberOfRobotsOnBlackSite,numberOfRobotsOnWhiteSite
8574,28,16
timeStep,numberOfRobotsOnBlackSite,numberOfRobotsOnWhiteSite
8575,28,16
timeStep,numberOfRobotsOnBlackSite,numberOfRobotsOnWhiteSite
8576,28,16
timeStep,numberOfRobotsOnBlackSite,numberOfRobotsOnWhiteSite
8577,28,16
timeStep,numberOfRobotsOnBlackSite,numberOfRobotsOnWhiteSite
8578,28,16
timeStep,numberOfRobotsOnBlackSite,numberOfRobotsOnWhiteSite
8579,28,16
timeStep,numberOfRobotsOnBlackSite,numberOfRobotsOnWhiteSite
8580,28,16
timeStep,numberOfRobotsOnBlackSite,numberOfRobotsOnWhiteSite
8581,28,16
timeStep,numberOfRobotsOnBlackSite,numberOfRobotsOnWhiteSite
8582,28,16
timeStep,numberOfRobotsOnBlackSite,numberOfRobotsOnWhiteSite
8583,28,16
timeStep,numberOfRobotsOnBlackSite,numberOfRobotsOnWhiteSite
8584,28,16
timeStep,numberOfRobotsOnBlackSite,numberOfRobotsOnWhiteSite
8585,28,16
timeStep,numberOfRobotsOnBlackSite,numberOfRobotsOnWhiteSite
8586,28,16
timeStep,numberOfRobotsOnBlackSite,numberOfRobotsOnWhiteSite
8587,28,16
timeStep,numberOfRobotsOnBlackSite,numberOfRobotsOnWhiteSite
8588,28,16
timeStep,numberOfRobotsOnBlackSite,numberOfRobotsOnWhiteSite
8589,28,16
timeStep,numberOfRobotsOnBlackSite,numberOfRobotsOnWhiteSite
8590,28,16
timeStep,numberOfRobotsOnBlackSite,numberOfRobotsOnWhiteSite
8591,28,16
timeStep,numberOfRobotsOnBlackSite,numberOfRobotsOnWhiteSite
8592,28,16
timeStep,numberOfRobotsOnBlackSite,numberOfRobotsOnWhiteSite
8593,28,16
timeStep,numberOfRobotsOnBlackSite,numberOfRobotsOnWhiteSite
8594,28,16
timeStep,numberOfRobotsOnBlackSite,numberOfRobotsOnWhiteSite
8595,28,16
timeStep,numberOfRobotsOnBlackSite,numberOfRobotsOnWhiteSite
8596,28,16
timeStep,numberOfRobotsOnBlackSite,numberOfRobotsOnWhiteSite
8597,28,16
timeStep,numberOfRobotsOnBlackSite,numberOfRobotsOnWhiteSite
8598,28,16
timeStep,numberOfRobotsOnBlackSite,numberOfRobotsOnWhiteSite
8599,28,16
timeStep,numberOfRobotsOnBlackSite,numberOfRobotsOnWhiteSite
8600,28,16
timeStep,numberOfRobotsOnBlackSite,numberOfRobotsOnWhiteSite
8601,28,16
timeStep,numberOfRobotsOnBlackSite,numberOfRobotsOnWhiteSite
8602,28,16
timeStep,numberOfRobotsOnBlackSite,numberOfRobotsOnWhiteSite
8603,28,16
timeStep,numberOfRobotsOnBlackSite,numberOfRobotsOnWhiteSite
8604,28,16
timeStep,numberOfRobotsOnBlackSite,numberOfRobotsOnWhiteSite
8605,28,16
timeStep,numberOfRobotsOnBlackSite,numberOfRobotsOnWhiteSite
8606,28,16
timeStep,numberOfRobotsOnBlackSite,numberOfRobotsOnWhiteSite
8607,28,16
timeStep,numberOfRobotsOnBlackSite,numberOfRobotsOnWhiteSite
8608,28,16
timeStep,numberOfRobotsOnBlackSite,numberOfRobotsOnWhiteSite
8609,28,16
timeStep,numberOfRobotsOnBlackSite,numberOfRobotsOnWhiteSite
8610,28,16
timeStep,numberOfRobotsOnBlackSite,numberOfRobotsOnWhiteSite
8611,28,16
timeStep,numberOfRobotsOnBlackSite,numberOfRobotsOnWhiteSite
8612,28,16
timeStep,numberOfRobotsOnBlackSite,numberOfRobotsOnWhiteSite
8613,28,16
timeStep,numberOfRobotsOnBlackSite,numberOfRobotsOnWhiteSite
8614,28,16
timeStep,numberOfRobotsOnBlackSite,numberOfRobotsOnWhiteSite
8615,28,16
timeStep,numberOfRobotsOnBlackSite,numberOfRobotsOnWhiteSite
8616,28,16
timeStep,numberOfRobotsOnBlackSite,numberOfRobotsOnWhiteSite
8617,28,16
timeStep,numberOfRobotsOnBlackSite,numberOfRobotsOnWhiteSite
8618,28,16
timeStep,numberOfRobotsOnBlackSite,numberOfRobotsOnWhiteSite
8619,28,16
timeStep,numberOfRobotsOnBlackSite,numberOfRobotsOnWhiteSite
8620,28,16
timeStep,numberOfRobotsOnBlackSite,numberOfRobotsOnWhiteSite
8621,28,16
timeStep,numberOfRobotsOnBlackSite,numberOfRobotsOnWhiteSite
8622,28,16
timeStep,numberOfRobotsOnBlackSite,numberOfRobotsOnWhiteSite
8623,28,16
timeStep,numberOfRobotsOnBlackSite,numberOfRobotsOnWhiteSite
8624,28,16
timeStep,numberOfRobotsOnBlackSite,numberOfRobotsOnWhiteSite
8625,28,16
timeStep,numberOfRobotsOnBlackSite,numberOfRobotsOnWhiteSite
8626,28,16
timeStep,numberOfRobotsOnBlackSite,numberOfRobotsOnWhiteSite
8627,28,16
timeStep,numberOfRobotsOnBlackSite,numberOfRobotsOnWhiteSite
8628,28,16
timeStep,numberOfRobotsOnBlackSite,numberOfRobotsOnWhiteSite
8629,28,16
timeStep,numberOfRobotsOnBlackSite,numberOfRobotsOnWhiteSite
8630,28,16
timeStep,numberOfRobotsOnBlackSite,numberOfRobotsOnWhiteSite
8631,28,16
timeStep,numberOfRobotsOnBlackSite,numberOfRobotsOnWhiteSite
8632,28,16
timeStep,numberOfRobotsOnBlackSite,numberOfRobotsOnWhiteSite
8633,28,16
timeStep,numberOfRobotsOnBlackSite,numberOfRobotsOnWhiteSite
8634,28,16
timeStep,numberOfRobotsOnBlackSite,numberOfRobotsOnWhiteSite
8635,28,16
timeStep,numberOfRobotsOnBlackSite,numberOfRobotsOnWhiteSite
8636,28,16
timeStep,numberOfRobotsOnBlackSite,numberOfRobotsOnWhiteSite
8637,28,16
timeStep,numberOfRobotsOnBlackSite,numberOfRobotsOnWhiteSite
8638,28,16
timeStep,numberOfRobotsOnBlackSite,numberOfRobotsOnWhiteSite
8639,28,16
timeStep,numberOfRobotsOnBlackSite,numberOfRobotsOnWhiteSite
8640,28,16
timeStep,numberOfRobotsOnBlackSite,numberOfRobotsOnWhiteSite
8641,28,16
timeStep,numberOfRobotsOnBlackSite,numberOfRobotsOnWhiteSite
8642,28,16
timeStep,numberOfRobotsOnBlackSite,numberOfRobotsOnWhiteSite
8643,28,16
timeStep,numberOfRobotsOnBlackSite,numberOfRobotsOnWhiteSite
8644,28,16
timeStep,numberOfRobotsOnBlackSite,numberOfRobotsOnWhiteSite
8645,28,16
timeStep,numberOfRobotsOnBlackSite,numberOfRobotsOnWhiteSite
8646,28,16
timeStep,numberOfRobotsOnBlackSite,numberOfRobotsOnWhiteSite
8647,28,16
timeStep,numberOfRobotsOnBlackSite,numberOfRobotsOnWhiteSite
8648,28,16
timeStep,numberOfRobotsOnBlackSite,numberOfRobotsOnWhiteSite
8649,28,16
timeStep,numberOfRobotsOnBlackSite,numberOfRobotsOnWhiteSite
8650,28,16
timeStep,numberOfRobotsOnBlackSite,numberOfRobotsOnWhiteSite
8651,28,16
timeStep,numberOfRobotsOnBlackSite,numberOfRobotsOnWhiteSite
8652,28,16
timeStep,numberOfRobotsOnBlackSite,numberOfRobotsOnWhiteSite
8653,28,16
timeStep,numberOfRobotsOnBlackSite,numberOfRobotsOnWhiteSite
8654,28,16
timeStep,numberOfRobotsOnBlackSite,numberOfRobotsOnWhiteSite
8655,27,16
timeStep,numberOfRobotsOnBlackSite,numberOfRobotsOnWhiteSite
8656,27,16
timeStep,numberOfRobotsOnBlackSite,numberOfRobotsOnWhiteSite
8657,27,16
timeStep,numberOfRobotsOnBlackSite,numberOfRobotsOnWhiteSite
8658,27,16
timeStep,numberOfRobotsOnBlackSite,numberOfRobotsOnWhiteSite
8659,27,16
timeStep,numberOfRobotsOnBlackSite,numberOfRobotsOnWhiteSite
8660,27,16
timeStep,numberOfRobotsOnBlackSite,numberOfRobotsOnWhiteSite
8661,27,16
timeStep,numberOfRobotsOnBlackSite,numberOfRobotsOnWhiteSite
8662,27,16
timeStep,numberOfRobotsOnBlackSite,numberOfRobotsOnWhiteSite
8663,27,16
timeStep,numberOfRobotsOnBlackSite,numberOfRobotsOnWhiteSite
8664,27,16
timeStep,numberOfRobotsOnBlackSite,numberOfRobotsOnWhiteSite
8665,27,16
timeStep,numberOfRobotsOnBlackSite,numberOfRobotsOnWhiteSite
8666,27,16
timeStep,numberOfRobotsOnBlackSite,numberOfRobotsOnWhiteSite
8667,27,16
timeStep,numberOfRobotsOnBlackSite,numberOfRobotsOnWhiteSite
8668,27,16
timeStep,numberOfRobotsOnBlackSite,numberOfRobotsOnWhiteSite
8669,27,16
timeStep,numberOfRobotsOnBlackSite,numberOfRobotsOnWhiteSite
8670,27,16
timeStep,numberOfRobotsOnBlackSite,numberOfRobotsOnWhiteSite
8671,27,16
timeStep,numberOfRobotsOnBlackSite,numberOfRobotsOnWhiteSite
8672,27,16
timeStep,numberOfRobotsOnBlackSite,numberOfRobotsOnWhiteSite
8673,27,16
timeStep,numberOfRobotsOnBlackSite,numberOfRobotsOnWhiteSite
8674,27,16
timeStep,numberOfRobotsOnBlackSite,numberOfRobotsOnWhiteSite
8675,28,16
timeStep,numberOfRobotsOnBlackSite,numberOfRobotsOnWhiteSite
8676,28,16
timeStep,numberOfRobotsOnBlackSite,numberOfRobotsOnWhiteSite
8677,28,16
timeStep,numberOfRobotsOnBlackSite,numberOfRobotsOnWhiteSite
8678,28,16
timeStep,numberOfRobotsOnBlackSite,numberOfRobotsOnWhiteSite
8679,28,16
timeStep,numberOfRobotsOnBlackSite,numberOfRobotsOnWhiteSite
8680,28,16
timeStep,numberOfRobotsOnBlackSite,numberOfRobotsOnWhiteSite
8681,28,16
timeStep,numberOfRobotsOnBlackSite,numberOfRobotsOnWhiteSite
8682,28,16
timeStep,numberOfRobotsOnBlackSite,numberOfRobotsOnWhiteSite
8683,28,16
timeStep,numberOfRobotsOnBlackSite,numberOfRobotsOnWhiteSite
8684,28,16
timeStep,numberOfRobotsOnBlackSite,numberOfRobotsOnWhiteSite
8685,28,16
timeStep,numberOfRobotsOnBlackSite,numberOfRobotsOnWhiteSite
8686,28,16
timeStep,numberOfRobotsOnBlackSite,numberOfRobotsOnWhiteSite
8687,28,16
timeStep,numberOfRobotsOnBlackSite,numberOfRobotsOnWhiteSite
8688,28,16
timeStep,numberOfRobotsOnBlackSite,numberOfRobotsOnWhiteSite
8689,28,16
timeStep,numberOfRobotsOnBlackSite,numberOfRobotsOnWhiteSite
8690,28,16
timeStep,numberOfRobotsOnBlackSite,numberOfRobotsOnWhiteSite
8691,28,16
timeStep,numberOfRobotsOnBlackSite,numberOfRobotsOnWhiteSite
8692,28,16
timeStep,numberOfRobotsOnBlackSite,numberOfRobotsOnWhiteSite
8693,28,16
timeStep,numberOfRobotsOnBlackSite,numberOfRobotsOnWhiteSite
8694,28,16
timeStep,numberOfRobotsOnBlackSite,numberOfRobotsOnWhiteSite
8695,28,16
timeStep,numberOfRobotsOnBlackSite,numberOfRobotsOnWhiteSite
8696,28,16
timeStep,numberOfRobotsOnBlackSite,numberOfRobotsOnWhiteSite
8697,28,16
timeStep,numberOfRobotsOnBlackSite,numberOfRobotsOnWhiteSite
8698,28,16
timeStep,numberOfRobotsOnBlackSite,numberOfRobotsOnWhiteSite
8699,28,16
timeStep,numberOfRobotsOnBlackSite,numberOfRobotsOnWhiteSite
8700,28,16
timeStep,numberOfRobotsOnBlackSite,numberOfRobotsOnWhiteSite
8701,28,16
timeStep,numberOfRobotsOnBlackSite,numberOfRobotsOnWhiteSite
8702,28,16
timeStep,numberOfRobotsOnBlackSite,numberOfRobotsOnWhiteSite
8703,28,16
timeStep,numberOfRobotsOnBlackSite,numberOfRobotsOnWhiteSite
8704,28,16
timeStep,numberOfRobotsOnBlackSite,numberOfRobotsOnWhiteSite
8705,28,16
timeStep,numberOfRobotsOnBlackSite,numberOfRobotsOnWhiteSite
8706,28,16
timeStep,numberOfRobotsOnBlackSite,numberOfRobotsOnWhiteSite
8707,28,16
timeStep,numberOfRobotsOnBlackSite,numberOfRobotsOnWhiteSite
8708,28,16
timeStep,numberOfRobotsOnBlackSite,numberOfRobotsOnWhiteSite
8709,28,16
timeStep,numberOfRobotsOnBlackSite,numberOfRobotsOnWhiteSite
8710,28,16
timeStep,numberOfRobotsOnBlackSite,numberOfRobotsOnWhiteSite
8711,28,16
timeStep,numberOfRobotsOnBlackSite,numberOfRobotsOnWhiteSite
8712,28,16
timeStep,numberOfRobotsOnBlackSite,numberOfRobotsOnWhiteSite
8713,28,16
timeStep,numberOfRobotsOnBlackSite,numberOfRobotsOnWhiteSite
8714,28,16
timeStep,numberOfRobotsOnBlackSite,numberOfRobotsOnWhiteSite
8715,28,16
timeStep,numberOfRobotsOnBlackSite,numberOfRobotsOnWhiteSite
8716,28,16
timeStep,numberOfRobotsOnBlackSite,numberOfRobotsOnWhiteSite
8717,28,16
timeStep,numberOfRobotsOnBlackSite,numberOfRobotsOnWhiteSite
8718,28,16
timeStep,numberOfRobotsOnBlackSite,numberOfRobotsOnWhiteSite
8719,28,16
timeStep,numberOfRobotsOnBlackSite,numberOfRobotsOnWhiteSite
8720,28,16
timeStep,numberOfRobotsOnBlackSite,numberOfRobotsOnWhiteSite
8721,28,16
timeStep,numberOfRobotsOnBlackSite,numberOfRobotsOnWhiteSite
8722,28,16
timeStep,numberOfRobotsOnBlackSite,numberOfRobotsOnWhiteSite
8723,28,16
timeStep,numberOfRobotsOnBlackSite,numberOfRobotsOnWhiteSite
8724,28,16
timeStep,numberOfRobotsOnBlackSite,numberOfRobotsOnWhiteSite
8725,28,16
timeStep,numberOfRobotsOnBlackSite,numberOfRobotsOnWhiteSite
8726,28,16
timeStep,numberOfRobotsOnBlackSite,numberOfRobotsOnWhiteSite
8727,28,16
timeStep,numberOfRobotsOnBlackSite,numberOfRobotsOnWhiteSite
8728,28,16
timeStep,numberOfRobotsOnBlackSite,numberOfRobotsOnWhiteSite
8729,28,16
timeStep,numberOfRobotsOnBlackSite,numberOfRobotsOnWhiteSite
8730,28,16
timeStep,numberOfRobotsOnBlackSite,numberOfRobotsOnWhiteSite
8731,28,16
timeStep,numberOfRobotsOnBlackSite,numberOfRobotsOnWhiteSite
8732,28,16
timeStep,numberOfRobotsOnBlackSite,numberOfRobotsOnWhiteSite
8733,28,16
timeStep,numberOfRobotsOnBlackSite,numberOfRobotsOnWhiteSite
8734,28,16
timeStep,numberOfRobotsOnBlackSite,numberOfRobotsOnWhiteSite
8735,28,16
timeStep,numberOfRobotsOnBlackSite,numberOfRobotsOnWhiteSite
8736,28,16
timeStep,numberOfRobotsOnBlackSite,numberOfRobotsOnWhiteSite
8737,28,16
timeStep,numberOfRobotsOnBlackSite,numberOfRobotsOnWhiteSite
8738,28,16
timeStep,numberOfRobotsOnBlackSite,numberOfRobotsOnWhiteSite
8739,28,16
timeStep,numberOfRobotsOnBlackSite,numberOfRobotsOnWhiteSite
8740,28,16
timeStep,numberOfRobotsOnBlackSite,numberOfRobotsOnWhiteSite
8741,28,16
timeStep,numberOfRobotsOnBlackSite,numberOfRobotsOnWhiteSite
8742,28,16
timeStep,numberOfRobotsOnBlackSite,numberOfRobotsOnWhiteSite
8743,28,16
timeStep,numberOfRobotsOnBlackSite,numberOfRobotsOnWhiteSite
8744,28,16
timeStep,numberOfRobotsOnBlackSite,numberOfRobotsOnWhiteSite
8745,28,16
timeStep,numberOfRobotsOnBlackSite,numberOfRobotsOnWhiteSite
8746,28,16
timeStep,numberOfRobotsOnBlackSite,numberOfRobotsOnWhiteSite
8747,28,16
timeStep,numberOfRobotsOnBlackSite,numberOfRobotsOnWhiteSite
8748,28,16
timeStep,numberOfRobotsOnBlackSite,numberOfRobotsOnWhiteSite
8749,28,16
timeStep,numberOfRobotsOnBlackSite,numberOfRobotsOnWhiteSite
8750,28,16
timeStep,numberOfRobotsOnBlackSite,numberOfRobotsOnWhiteSite
8751,28,16
timeStep,numberOfRobotsOnBlackSite,numberOfRobotsOnWhiteSite
8752,28,16
timeStep,numberOfRobotsOnBlackSite,numberOfRobotsOnWhiteSite
8753,28,16
timeStep,numberOfRobotsOnBlackSite,numberOfRobotsOnWhiteSite
8754,28,16
timeStep,numberOfRobotsOnBlackSite,numberOfRobotsOnWhiteSite
8755,28,16
timeStep,numberOfRobotsOnBlackSite,numberOfRobotsOnWhiteSite
8756,28,16
timeStep,numberOfRobotsOnBlackSite,numberOfRobotsOnWhiteSite
8757,28,16
timeStep,numberOfRobotsOnBlackSite,numberOfRobotsOnWhiteSite
8758,28,16
timeStep,numberOfRobotsOnBlackSite,numberOfRobotsOnWhiteSite
8759,28,16
timeStep,numberOfRobotsOnBlackSite,numberOfRobotsOnWhiteSite
8760,28,16
timeStep,numberOfRobotsOnBlackSite,numberOfRobotsOnWhiteSite
8761,28,16
timeStep,numberOfRobotsOnBlackSite,numberOfRobotsOnWhiteSite
8762,28,16
timeStep,numberOfRobotsOnBlackSite,numberOfRobotsOnWhiteSite
8763,28,16
timeStep,numberOfRobotsOnBlackSite,numberOfRobotsOnWhiteSite
8764,28,16
timeStep,numberOfRobotsOnBlackSite,numberOfRobotsOnWhiteSite
8765,28,16
timeStep,numberOfRobotsOnBlackSite,numberOfRobotsOnWhiteSite
8766,28,16
timeStep,numberOfRobotsOnBlackSite,numberOfRobotsOnWhiteSite
8767,28,16
timeStep,numberOfRobotsOnBlackSite,numberOfRobotsOnWhiteSite
8768,28,16
timeStep,numberOfRobotsOnBlackSite,numberOfRobotsOnWhiteSite
8769,28,16
timeStep,numberOfRobotsOnBlackSite,numberOfRobotsOnWhiteSite
8770,28,16
timeStep,numberOfRobotsOnBlackSite,numberOfRobotsOnWhiteSite
8771,28,16
timeStep,numberOfRobotsOnBlackSite,numberOfRobotsOnWhiteSite
8772,28,16
timeStep,numberOfRobotsOnBlackSite,numberOfRobotsOnWhiteSite
8773,28,16
timeStep,numberOfRobotsOnBlackSite,numberOfRobotsOnWhiteSite
8774,28,16
timeStep,numberOfRobotsOnBlackSite,numberOfRobotsOnWhiteSite
8775,28,16
timeStep,numberOfRobotsOnBlackSite,numberOfRobotsOnWhiteSite
8776,28,16
timeStep,numberOfRobotsOnBlackSite,numberOfRobotsOnWhiteSite
8777,28,16
timeStep,numberOfRobotsOnBlackSite,numberOfRobotsOnWhiteSite
8778,28,16
timeStep,numberOfRobotsOnBlackSite,numberOfRobotsOnWhiteSite
8779,28,16
timeStep,numberOfRobotsOnBlackSite,numberOfRobotsOnWhiteSite
8780,28,16
timeStep,numberOfRobotsOnBlackSite,numberOfRobotsOnWhiteSite
8781,28,16
timeStep,numberOfRobotsOnBlackSite,numberOfRobotsOnWhiteSite
8782,28,16
timeStep,numberOfRobotsOnBlackSite,numberOfRobotsOnWhiteSite
8783,28,16
timeStep,numberOfRobotsOnBlackSite,numberOfRobotsOnWhiteSite
8784,28,16
timeStep,numberOfRobotsOnBlackSite,numberOfRobotsOnWhiteSite
8785,28,16
timeStep,numberOfRobotsOnBlackSite,numberOfRobotsOnWhiteSite
8786,28,16
timeStep,numberOfRobotsOnBlackSite,numberOfRobotsOnWhiteSite
8787,28,16
timeStep,numberOfRobotsOnBlackSite,numberOfRobotsOnWhiteSite
8788,28,16
timeStep,numberOfRobotsOnBlackSite,numberOfRobotsOnWhiteSite
8789,28,16
timeStep,numberOfRobotsOnBlackSite,numberOfRobotsOnWhiteSite
8790,28,16
timeStep,numberOfRobotsOnBlackSite,numberOfRobotsOnWhiteSite
8791,28,16
timeStep,numberOfRobotsOnBlackSite,numberOfRobotsOnWhiteSite
8792,28,16
timeStep,numberOfRobotsOnBlackSite,numberOfRobotsOnWhiteSite
8793,28,16
timeStep,numberOfRobotsOnBlackSite,numberOfRobotsOnWhiteSite
8794,28,16
timeStep,numberOfRobotsOnBlackSite,numberOfRobotsOnWhiteSite
8795,28,16
timeStep,numberOfRobotsOnBlackSite,numberOfRobotsOnWhiteSite
8796,28,16
timeStep,numberOfRobotsOnBlackSite,numberOfRobotsOnWhiteSite
8797,28,16
timeStep,numberOfRobotsOnBlackSite,numberOfRobotsOnWhiteSite
8798,28,16
timeStep,numberOfRobotsOnBlackSite,numberOfRobotsOnWhiteSite
8799,28,16
timeStep,numberOfRobotsOnBlackSite,numberOfRobotsOnWhiteSite
8800,28,16
timeStep,numberOfRobotsOnBlackSite,numberOfRobotsOnWhiteSite
8801,28,16
timeStep,numberOfRobotsOnBlackSite,numberOfRobotsOnWhiteSite
8802,28,16
timeStep,numberOfRobotsOnBlackSite,numberOfRobotsOnWhiteSite
8803,28,16
timeStep,numberOfRobotsOnBlackSite,numberOfRobotsOnWhiteSite
8804,28,16
timeStep,numberOfRobotsOnBlackSite,numberOfRobotsOnWhiteSite
8805,28,16
timeStep,numberOfRobotsOnBlackSite,numberOfRobotsOnWhiteSite
8806,28,16
timeStep,numberOfRobotsOnBlackSite,numberOfRobotsOnWhiteSite
8807,28,16
timeStep,numberOfRobotsOnBlackSite,numberOfRobotsOnWhiteSite
8808,28,16
timeStep,numberOfRobotsOnBlackSite,numberOfRobotsOnWhiteSite
8809,28,16
timeStep,numberOfRobotsOnBlackSite,numberOfRobotsOnWhiteSite
8810,28,16
timeStep,numberOfRobotsOnBlackSite,numberOfRobotsOnWhiteSite
8811,28,16
timeStep,numberOfRobotsOnBlackSite,numberOfRobotsOnWhiteSite
8812,28,16
timeStep,numberOfRobotsOnBlackSite,numberOfRobotsOnWhiteSite
8813,28,16
timeStep,numberOfRobotsOnBlackSite,numberOfRobotsOnWhiteSite
8814,28,16
timeStep,numberOfRobotsOnBlackSite,numberOfRobotsOnWhiteSite
8815,28,16
timeStep,numberOfRobotsOnBlackSite,numberOfRobotsOnWhiteSite
8816,28,16
timeStep,numberOfRobotsOnBlackSite,numberOfRobotsOnWhiteSite
8817,28,16
timeStep,numberOfRobotsOnBlackSite,numberOfRobotsOnWhiteSite
8818,28,16
timeStep,numberOfRobotsOnBlackSite,numberOfRobotsOnWhiteSite
8819,28,16
timeStep,numberOfRobotsOnBlackSite,numberOfRobotsOnWhiteSite
8820,28,16
timeStep,numberOfRobotsOnBlackSite,numberOfRobotsOnWhiteSite
8821,28,16
timeStep,numberOfRobotsOnBlackSite,numberOfRobotsOnWhiteSite
8822,28,16
timeStep,numberOfRobotsOnBlackSite,numberOfRobotsOnWhiteSite
8823,28,16
timeStep,numberOfRobotsOnBlackSite,numberOfRobotsOnWhiteSite
8824,28,16
timeStep,numberOfRobotsOnBlackSite,numberOfRobotsOnWhiteSite
8825,28,16
timeStep,numberOfRobotsOnBlackSite,numberOfRobotsOnWhiteSite
8826,28,16
timeStep,numberOfRobotsOnBlackSite,numberOfRobotsOnWhiteSite
8827,28,16
timeStep,numberOfRobotsOnBlackSite,numberOfRobotsOnWhiteSite
8828,28,16
timeStep,numberOfRobotsOnBlackSite,numberOfRobotsOnWhiteSite
8829,28,16
timeStep,numberOfRobotsOnBlackSite,numberOfRobotsOnWhiteSite
8830,27,15
timeStep,numberOfRobotsOnBlackSite,numberOfRobotsOnWhiteSite
8831,27,15
timeStep,numberOfRobotsOnBlackSite,numberOfRobotsOnWhiteSite
8832,27,15
timeStep,numberOfRobotsOnBlackSite,numberOfRobotsOnWhiteSite
8833,27,15
timeStep,numberOfRobotsOnBlackSite,numberOfRobotsOnWhiteSite
8834,27,15
timeStep,numberOfRobotsOnBlackSite,numberOfRobotsOnWhiteSite
8835,27,15
timeStep,numberOfRobotsOnBlackSite,numberOfRobotsOnWhiteSite
8836,27,15
timeStep,numberOfRobotsOnBlackSite,numberOfRobotsOnWhiteSite
8837,27,15
timeStep,numberOfRobotsOnBlackSite,numberOfRobotsOnWhiteSite
8838,27,15
timeStep,numberOfRobotsOnBlackSite,numberOfRobotsOnWhiteSite
8839,27,15
timeStep,numberOfRobotsOnBlackSite,numberOfRobotsOnWhiteSite
8840,27,15
timeStep,numberOfRobotsOnBlackSite,numberOfRobotsOnWhiteSite
8841,27,15
timeStep,numberOfRobotsOnBlackSite,numberOfRobotsOnWhiteSite
8842,27,15
timeStep,numberOfRobotsOnBlackSite,numberOfRobotsOnWhiteSite
8843,27,15
timeStep,numberOfRobotsOnBlackSite,numberOfRobotsOnWhiteSite
8844,27,15
timeStep,numberOfRobotsOnBlackSite,numberOfRobotsOnWhiteSite
8845,27,15
timeStep,numberOfRobotsOnBlackSite,numberOfRobotsOnWhiteSite
8846,27,15
timeStep,numberOfRobotsOnBlackSite,numberOfRobotsOnWhiteSite
8847,27,15
timeStep,numberOfRobotsOnBlackSite,numberOfRobotsOnWhiteSite
8848,27,15
timeStep,numberOfRobotsOnBlackSite,numberOfRobotsOnWhiteSite
8849,27,15
timeStep,numberOfRobotsOnBlackSite,numberOfRobotsOnWhiteSite
8850,27,15
timeStep,numberOfRobotsOnBlackSite,numberOfRobotsOnWhiteSite
8851,27,15
timeStep,numberOfRobotsOnBlackSite,numberOfRobotsOnWhiteSite
8852,27,15
timeStep,numberOfRobotsOnBlackSite,numberOfRobotsOnWhiteSite
8853,27,15
timeStep,numberOfRobotsOnBlackSite,numberOfRobotsOnWhiteSite
8854,27,15
timeStep,numberOfRobotsOnBlackSite,numberOfRobotsOnWhiteSite
8855,27,15
timeStep,numberOfRobotsOnBlackSite,numberOfRobotsOnWhiteSite
8856,27,15
timeStep,numberOfRobotsOnBlackSite,numberOfRobotsOnWhiteSite
8857,27,15
timeStep,numberOfRobotsOnBlackSite,numberOfRobotsOnWhiteSite
8858,27,15
timeStep,numberOfRobotsOnBlackSite,numberOfRobotsOnWhiteSite
8859,27,15
timeStep,numberOfRobotsOnBlackSite,numberOfRobotsOnWhiteSite
8860,27,15
timeStep,numberOfRobotsOnBlackSite,numberOfRobotsOnWhiteSite
8861,27,15
timeStep,numberOfRobotsOnBlackSite,numberOfRobotsOnWhiteSite
8862,27,15
timeStep,numberOfRobotsOnBlackSite,numberOfRobotsOnWhiteSite
8863,27,15
timeStep,numberOfRobotsOnBlackSite,numberOfRobotsOnWhiteSite
8864,27,15
timeStep,numberOfRobotsOnBlackSite,numberOfRobotsOnWhiteSite
8865,27,14
timeStep,numberOfRobotsOnBlackSite,numberOfRobotsOnWhiteSite
8866,27,14
timeStep,numberOfRobotsOnBlackSite,numberOfRobotsOnWhiteSite
8867,27,14
timeStep,numberOfRobotsOnBlackSite,numberOfRobotsOnWhiteSite
8868,27,14
timeStep,numberOfRobotsOnBlackSite,numberOfRobotsOnWhiteSite
8869,27,14
timeStep,numberOfRobotsOnBlackSite,numberOfRobotsOnWhiteSite
8870,27,14
timeStep,numberOfRobotsOnBlackSite,numberOfRobotsOnWhiteSite
8871,27,14
timeStep,numberOfRobotsOnBlackSite,numberOfRobotsOnWhiteSite
8872,27,14
timeStep,numberOfRobotsOnBlackSite,numberOfRobotsOnWhiteSite
8873,27,14
timeStep,numberOfRobotsOnBlackSite,numberOfRobotsOnWhiteSite
8874,27,14
timeStep,numberOfRobotsOnBlackSite,numberOfRobotsOnWhiteSite
8875,27,13
timeStep,numberOfRobotsOnBlackSite,numberOfRobotsOnWhiteSite
8876,27,13
timeStep,numberOfRobotsOnBlackSite,numberOfRobotsOnWhiteSite
8877,27,13
timeStep,numberOfRobotsOnBlackSite,numberOfRobotsOnWhiteSite
8878,27,13
timeStep,numberOfRobotsOnBlackSite,numberOfRobotsOnWhiteSite
8879,27,13
timeStep,numberOfRobotsOnBlackSite,numberOfRobotsOnWhiteSite
8880,27,13
timeStep,numberOfRobotsOnBlackSite,numberOfRobotsOnWhiteSite
8881,27,13
timeStep,numberOfRobotsOnBlackSite,numberOfRobotsOnWhiteSite
8882,27,13
timeStep,numberOfRobotsOnBlackSite,numberOfRobotsOnWhiteSite
8883,27,13
timeStep,numberOfRobotsOnBlackSite,numberOfRobotsOnWhiteSite
8884,27,13
timeStep,numberOfRobotsOnBlackSite,numberOfRobotsOnWhiteSite
8885,27,13
timeStep,numberOfRobotsOnBlackSite,numberOfRobotsOnWhiteSite
8886,27,13
timeStep,numberOfRobotsOnBlackSite,numberOfRobotsOnWhiteSite
8887,27,13
timeStep,numberOfRobotsOnBlackSite,numberOfRobotsOnWhiteSite
8888,27,13
timeStep,numberOfRobotsOnBlackSite,numberOfRobotsOnWhiteSite
8889,27,13
timeStep,numberOfRobotsOnBlackSite,numberOfRobotsOnWhiteSite
8890,27,13
timeStep,numberOfRobotsOnBlackSite,numberOfRobotsOnWhiteSite
8891,27,13
timeStep,numberOfRobotsOnBlackSite,numberOfRobotsOnWhiteSite
8892,27,13
timeStep,numberOfRobotsOnBlackSite,numberOfRobotsOnWhiteSite
8893,27,13
timeStep,numberOfRobotsOnBlackSite,numberOfRobotsOnWhiteSite
8894,27,13
timeStep,numberOfRobotsOnBlackSite,numberOfRobotsOnWhiteSite
8895,27,14
timeStep,numberOfRobotsOnBlackSite,numberOfRobotsOnWhiteSite
8896,27,14
timeStep,numberOfRobotsOnBlackSite,numberOfRobotsOnWhiteSite
8897,27,14
timeStep,numberOfRobotsOnBlackSite,numberOfRobotsOnWhiteSite
8898,27,14
timeStep,numberOfRobotsOnBlackSite,numberOfRobotsOnWhiteSite
8899,27,14
timeStep,numberOfRobotsOnBlackSite,numberOfRobotsOnWhiteSite
8900,27,14
timeStep,numberOfRobotsOnBlackSite,numberOfRobotsOnWhiteSite
8901,27,14
timeStep,numberOfRobotsOnBlackSite,numberOfRobotsOnWhiteSite
8902,27,14
timeStep,numberOfRobotsOnBlackSite,numberOfRobotsOnWhiteSite
8903,27,14
timeStep,numberOfRobotsOnBlackSite,numberOfRobotsOnWhiteSite
8904,27,14
timeStep,numberOfRobotsOnBlackSite,numberOfRobotsOnWhiteSite
8905,27,14
timeStep,numberOfRobotsOnBlackSite,numberOfRobotsOnWhiteSite
8906,27,14
timeStep,numberOfRobotsOnBlackSite,numberOfRobotsOnWhiteSite
8907,27,14
timeStep,numberOfRobotsOnBlackSite,numberOfRobotsOnWhiteSite
8908,27,14
timeStep,numberOfRobotsOnBlackSite,numberOfRobotsOnWhiteSite
8909,27,14
timeStep,numberOfRobotsOnBlackSite,numberOfRobotsOnWhiteSite
8910,27,14
timeStep,numberOfRobotsOnBlackSite,numberOfRobotsOnWhiteSite
8911,27,14
timeStep,numberOfRobotsOnBlackSite,numberOfRobotsOnWhiteSite
8912,27,14
timeStep,numberOfRobotsOnBlackSite,numberOfRobotsOnWhiteSite
8913,27,14
timeStep,numberOfRobotsOnBlackSite,numberOfRobotsOnWhiteSite
8914,27,14
timeStep,numberOfRobotsOnBlackSite,numberOfRobotsOnWhiteSite
8915,27,15
timeStep,numberOfRobotsOnBlackSite,numberOfRobotsOnWhiteSite
8916,27,15
timeStep,numberOfRobotsOnBlackSite,numberOfRobotsOnWhiteSite
8917,27,15
timeStep,numberOfRobotsOnBlackSite,numberOfRobotsOnWhiteSite
8918,27,15
timeStep,numberOfRobotsOnBlackSite,numberOfRobotsOnWhiteSite
8919,27,15
timeStep,numberOfRobotsOnBlackSite,numberOfRobotsOnWhiteSite
8920,27,16
timeStep,numberOfRobotsOnBlackSite,numberOfRobotsOnWhiteSite
8921,27,16
timeStep,numberOfRobotsOnBlackSite,numberOfRobotsOnWhiteSite
8922,27,16
timeStep,numberOfRobotsOnBlackSite,numberOfRobotsOnWhiteSite
8923,27,16
timeStep,numberOfRobotsOnBlackSite,numberOfRobotsOnWhiteSite
8924,27,16
timeStep,numberOfRobotsOnBlackSite,numberOfRobotsOnWhiteSite
8925,27,16
timeStep,numberOfRobotsOnBlackSite,numberOfRobotsOnWhiteSite
8926,27,16
timeStep,numberOfRobotsOnBlackSite,numberOfRobotsOnWhiteSite
8927,27,16
timeStep,numberOfRobotsOnBlackSite,numberOfRobotsOnWhiteSite
8928,27,16
timeStep,numberOfRobotsOnBlackSite,numberOfRobotsOnWhiteSite
8929,27,16
timeStep,numberOfRobotsOnBlackSite,numberOfRobotsOnWhiteSite
8930,27,16
timeStep,numberOfRobotsOnBlackSite,numberOfRobotsOnWhiteSite
8931,27,16
timeStep,numberOfRobotsOnBlackSite,numberOfRobotsOnWhiteSite
8932,27,16
timeStep,numberOfRobotsOnBlackSite,numberOfRobotsOnWhiteSite
8933,27,16
timeStep,numberOfRobotsOnBlackSite,numberOfRobotsOnWhiteSite
8934,27,16
timeStep,numberOfRobotsOnBlackSite,numberOfRobotsOnWhiteSite
8935,27,16
timeStep,numberOfRobotsOnBlackSite,numberOfRobotsOnWhiteSite
8936,27,16
timeStep,numberOfRobotsOnBlackSite,numberOfRobotsOnWhiteSite
8937,27,16
timeStep,numberOfRobotsOnBlackSite,numberOfRobotsOnWhiteSite
8938,27,16
timeStep,numberOfRobotsOnBlackSite,numberOfRobotsOnWhiteSite
8939,27,16
timeStep,numberOfRobotsOnBlackSite,numberOfRobotsOnWhiteSite
8940,27,16
timeStep,numberOfRobotsOnBlackSite,numberOfRobotsOnWhiteSite
8941,27,16
timeStep,numberOfRobotsOnBlackSite,numberOfRobotsOnWhiteSite
8942,27,16
timeStep,numberOfRobotsOnBlackSite,numberOfRobotsOnWhiteSite
8943,27,16
timeStep,numberOfRobotsOnBlackSite,numberOfRobotsOnWhiteSite
8944,27,16
timeStep,numberOfRobotsOnBlackSite,numberOfRobotsOnWhiteSite
8945,27,16
timeStep,numberOfRobotsOnBlackSite,numberOfRobotsOnWhiteSite
8946,27,16
timeStep,numberOfRobotsOnBlackSite,numberOfRobotsOnWhiteSite
8947,27,16
timeStep,numberOfRobotsOnBlackSite,numberOfRobotsOnWhiteSite
8948,27,16
timeStep,numberOfRobotsOnBlackSite,numberOfRobotsOnWhiteSite
8949,27,16
timeStep,numberOfRobotsOnBlackSite,numberOfRobotsOnWhiteSite
8950,27,16
timeStep,numberOfRobotsOnBlackSite,numberOfRobotsOnWhiteSite
8951,27,16
timeStep,numberOfRobotsOnBlackSite,numberOfRobotsOnWhiteSite
8952,27,16
timeStep,numberOfRobotsOnBlackSite,numberOfRobotsOnWhiteSite
8953,27,16
timeStep,numberOfRobotsOnBlackSite,numberOfRobotsOnWhiteSite
8954,27,16
timeStep,numberOfRobotsOnBlackSite,numberOfRobotsOnWhiteSite
8955,27,17
timeStep,numberOfRobotsOnBlackSite,numberOfRobotsOnWhiteSite
8956,27,17
timeStep,numberOfRobotsOnBlackSite,numberOfRobotsOnWhiteSite
8957,27,17
timeStep,numberOfRobotsOnBlackSite,numberOfRobotsOnWhiteSite
8958,27,17
timeStep,numberOfRobotsOnBlackSite,numberOfRobotsOnWhiteSite
8959,27,17
timeStep,numberOfRobotsOnBlackSite,numberOfRobotsOnWhiteSite
8960,27,17
timeStep,numberOfRobotsOnBlackSite,numberOfRobotsOnWhiteSite
8961,27,17
timeStep,numberOfRobotsOnBlackSite,numberOfRobotsOnWhiteSite
8962,27,17
timeStep,numberOfRobotsOnBlackSite,numberOfRobotsOnWhiteSite
8963,27,17
timeStep,numberOfRobotsOnBlackSite,numberOfRobotsOnWhiteSite
8964,27,17
timeStep,numberOfRobotsOnBlackSite,numberOfRobotsOnWhiteSite
8965,27,17
timeStep,numberOfRobotsOnBlackSite,numberOfRobotsOnWhiteSite
8966,27,17
timeStep,numberOfRobotsOnBlackSite,numberOfRobotsOnWhiteSite
8967,27,17
timeStep,numberOfRobotsOnBlackSite,numberOfRobotsOnWhiteSite
8968,27,17
timeStep,numberOfRobotsOnBlackSite,numberOfRobotsOnWhiteSite
8969,27,17
timeStep,numberOfRobotsOnBlackSite,numberOfRobotsOnWhiteSite
8970,27,17
timeStep,numberOfRobotsOnBlackSite,numberOfRobotsOnWhiteSite
8971,27,17
timeStep,numberOfRobotsOnBlackSite,numberOfRobotsOnWhiteSite
8972,27,17
timeStep,numberOfRobotsOnBlackSite,numberOfRobotsOnWhiteSite
8973,27,17
timeStep,numberOfRobotsOnBlackSite,numberOfRobotsOnWhiteSite
8974,27,17
timeStep,numberOfRobotsOnBlackSite,numberOfRobotsOnWhiteSite
8975,27,17
timeStep,numberOfRobotsOnBlackSite,numberOfRobotsOnWhiteSite
8976,27,17
timeStep,numberOfRobotsOnBlackSite,numberOfRobotsOnWhiteSite
8977,27,17
timeStep,numberOfRobotsOnBlackSite,numberOfRobotsOnWhiteSite
8978,27,17
timeStep,numberOfRobotsOnBlackSite,numberOfRobotsOnWhiteSite
8979,27,17
timeStep,numberOfRobotsOnBlackSite,numberOfRobotsOnWhiteSite
8980,27,17
timeStep,numberOfRobotsOnBlackSite,numberOfRobotsOnWhiteSite
8981,27,17
timeStep,numberOfRobotsOnBlackSite,numberOfRobotsOnWhiteSite
8982,27,17
timeStep,numberOfRobotsOnBlackSite,numberOfRobotsOnWhiteSite
8983,27,17
timeStep,numberOfRobotsOnBlackSite,numberOfRobotsOnWhiteSite
8984,27,17
timeStep,numberOfRobotsOnBlackSite,numberOfRobotsOnWhiteSite
8985,27,17
timeStep,numberOfRobotsOnBlackSite,numberOfRobotsOnWhiteSite
8986,27,17
timeStep,numberOfRobotsOnBlackSite,numberOfRobotsOnWhiteSite
8987,27,17
timeStep,numberOfRobotsOnBlackSite,numberOfRobotsOnWhiteSite
8988,27,17
timeStep,numberOfRobotsOnBlackSite,numberOfRobotsOnWhiteSite
8989,27,17
timeStep,numberOfRobotsOnBlackSite,numberOfRobotsOnWhiteSite
8990,27,17
timeStep,numberOfRobotsOnBlackSite,numberOfRobotsOnWhiteSite
8991,27,17
timeStep,numberOfRobotsOnBlackSite,numberOfRobotsOnWhiteSite
8992,27,17
timeStep,numberOfRobotsOnBlackSite,numberOfRobotsOnWhiteSite
8993,27,17
timeStep,numberOfRobotsOnBlackSite,numberOfRobotsOnWhiteSite
8994,27,17
timeStep,numberOfRobotsOnBlackSite,numberOfRobotsOnWhiteSite
8995,27,17
timeStep,numberOfRobotsOnBlackSite,numberOfRobotsOnWhiteSite
8996,27,17
timeStep,numberOfRobotsOnBlackSite,numberOfRobotsOnWhiteSite
8997,27,17
timeStep,numberOfRobotsOnBlackSite,numberOfRobotsOnWhiteSite
8998,27,17
timeStep,numberOfRobotsOnBlackSite,numberOfRobotsOnWhiteSite
8999,27,17
timeStep,numberOfRobotsOnBlackSite,numberOfRobotsOnWhiteSite
9000,27,17
timeStep,numberOfRobotsOnBlackSite,numberOfRobotsOnWhiteSite
9001,27,17
timeStep,numberOfRobotsOnBlackSite,numberOfRobotsOnWhiteSite
9002,27,17
timeStep,numberOfRobotsOnBlackSite,numberOfRobotsOnWhiteSite
9003,27,17
timeStep,numberOfRobotsOnBlackSite,numberOfRobotsOnWhiteSite
9004,27,17
timeStep,numberOfRobotsOnBlackSite,numberOfRobotsOnWhiteSite
9005,27,17
timeStep,numberOfRobotsOnBlackSite,numberOfRobotsOnWhiteSite
9006,27,17
timeStep,numberOfRobotsOnBlackSite,numberOfRobotsOnWhiteSite
9007,27,17
timeStep,numberOfRobotsOnBlackSite,numberOfRobotsOnWhiteSite
9008,27,17
timeStep,numberOfRobotsOnBlackSite,numberOfRobotsOnWhiteSite
9009,27,17
timeStep,numberOfRobotsOnBlackSite,numberOfRobotsOnWhiteSite
9010,27,17
timeStep,numberOfRobotsOnBlackSite,numberOfRobotsOnWhiteSite
9011,27,17
timeStep,numberOfRobotsOnBlackSite,numberOfRobotsOnWhiteSite
9012,27,17
timeStep,numberOfRobotsOnBlackSite,numberOfRobotsOnWhiteSite
9013,27,17
timeStep,numberOfRobotsOnBlackSite,numberOfRobotsOnWhiteSite
9014,27,17
timeStep,numberOfRobotsOnBlackSite,numberOfRobotsOnWhiteSite
9015,27,17
timeStep,numberOfRobotsOnBlackSite,numberOfRobotsOnWhiteSite
9016,27,17
timeStep,numberOfRobotsOnBlackSite,numberOfRobotsOnWhiteSite
9017,27,17
timeStep,numberOfRobotsOnBlackSite,numberOfRobotsOnWhiteSite
9018,27,17
timeStep,numberOfRobotsOnBlackSite,numberOfRobotsOnWhiteSite
9019,27,17
timeStep,numberOfRobotsOnBlackSite,numberOfRobotsOnWhiteSite
9020,27,17
timeStep,numberOfRobotsOnBlackSite,numberOfRobotsOnWhiteSite
9021,27,17
timeStep,numberOfRobotsOnBlackSite,numberOfRobotsOnWhiteSite
9022,27,17
timeStep,numberOfRobotsOnBlackSite,numberOfRobotsOnWhiteSite
9023,27,17
timeStep,numberOfRobotsOnBlackSite,numberOfRobotsOnWhiteSite
9024,27,17
timeStep,numberOfRobotsOnBlackSite,numberOfRobotsOnWhiteSite
9025,27,16
timeStep,numberOfRobotsOnBlackSite,numberOfRobotsOnWhiteSite
9026,27,16
timeStep,numberOfRobotsOnBlackSite,numberOfRobotsOnWhiteSite
9027,27,16
timeStep,numberOfRobotsOnBlackSite,numberOfRobotsOnWhiteSite
9028,27,16
timeStep,numberOfRobotsOnBlackSite,numberOfRobotsOnWhiteSite
9029,27,16
timeStep,numberOfRobotsOnBlackSite,numberOfRobotsOnWhiteSite
9030,27,16
timeStep,numberOfRobotsOnBlackSite,numberOfRobotsOnWhiteSite
9031,27,16
timeStep,numberOfRobotsOnBlackSite,numberOfRobotsOnWhiteSite
9032,27,16
timeStep,numberOfRobotsOnBlackSite,numberOfRobotsOnWhiteSite
9033,27,16
timeStep,numberOfRobotsOnBlackSite,numberOfRobotsOnWhiteSite
9034,27,16
timeStep,numberOfRobotsOnBlackSite,numberOfRobotsOnWhiteSite
9035,27,16
timeStep,numberOfRobotsOnBlackSite,numberOfRobotsOnWhiteSite
9036,27,16
timeStep,numberOfRobotsOnBlackSite,numberOfRobotsOnWhiteSite
9037,27,16
timeStep,numberOfRobotsOnBlackSite,numberOfRobotsOnWhiteSite
9038,27,16
timeStep,numberOfRobotsOnBlackSite,numberOfRobotsOnWhiteSite
9039,27,16
timeStep,numberOfRobotsOnBlackSite,numberOfRobotsOnWhiteSite
9040,27,16
timeStep,numberOfRobotsOnBlackSite,numberOfRobotsOnWhiteSite
9041,27,16
timeStep,numberOfRobotsOnBlackSite,numberOfRobotsOnWhiteSite
9042,27,16
timeStep,numberOfRobotsOnBlackSite,numberOfRobotsOnWhiteSite
9043,27,16
timeStep,numberOfRobotsOnBlackSite,numberOfRobotsOnWhiteSite
9044,27,16
timeStep,numberOfRobotsOnBlackSite,numberOfRobotsOnWhiteSite
9045,27,16
timeStep,numberOfRobotsOnBlackSite,numberOfRobotsOnWhiteSite
9046,27,16
timeStep,numberOfRobotsOnBlackSite,numberOfRobotsOnWhiteSite
9047,27,16
timeStep,numberOfRobotsOnBlackSite,numberOfRobotsOnWhiteSite
9048,27,16
timeStep,numberOfRobotsOnBlackSite,numberOfRobotsOnWhiteSite
9049,27,16
timeStep,numberOfRobotsOnBlackSite,numberOfRobotsOnWhiteSite
9050,27,16
timeStep,numberOfRobotsOnBlackSite,numberOfRobotsOnWhiteSite
9051,27,16
timeStep,numberOfRobotsOnBlackSite,numberOfRobotsOnWhiteSite
9052,27,16
timeStep,numberOfRobotsOnBlackSite,numberOfRobotsOnWhiteSite
9053,27,16
timeStep,numberOfRobotsOnBlackSite,numberOfRobotsOnWhiteSite
9054,27,16
timeStep,numberOfRobotsOnBlackSite,numberOfRobotsOnWhiteSite
9055,27,16
timeStep,numberOfRobotsOnBlackSite,numberOfRobotsOnWhiteSite
9056,27,16
timeStep,numberOfRobotsOnBlackSite,numberOfRobotsOnWhiteSite
9057,27,16
timeStep,numberOfRobotsOnBlackSite,numberOfRobotsOnWhiteSite
9058,27,16
timeStep,numberOfRobotsOnBlackSite,numberOfRobotsOnWhiteSite
9059,27,16
timeStep,numberOfRobotsOnBlackSite,numberOfRobotsOnWhiteSite
9060,27,16
timeStep,numberOfRobotsOnBlackSite,numberOfRobotsOnWhiteSite
9061,27,16
timeStep,numberOfRobotsOnBlackSite,numberOfRobotsOnWhiteSite
9062,27,16
timeStep,numberOfRobotsOnBlackSite,numberOfRobotsOnWhiteSite
9063,27,16
timeStep,numberOfRobotsOnBlackSite,numberOfRobotsOnWhiteSite
9064,27,16
timeStep,numberOfRobotsOnBlackSite,numberOfRobotsOnWhiteSite
9065,27,16
timeStep,numberOfRobotsOnBlackSite,numberOfRobotsOnWhiteSite
9066,27,16
timeStep,numberOfRobotsOnBlackSite,numberOfRobotsOnWhiteSite
9067,27,16
timeStep,numberOfRobotsOnBlackSite,numberOfRobotsOnWhiteSite
9068,27,16
timeStep,numberOfRobotsOnBlackSite,numberOfRobotsOnWhiteSite
9069,27,16
timeStep,numberOfRobotsOnBlackSite,numberOfRobotsOnWhiteSite
9070,27,16
timeStep,numberOfRobotsOnBlackSite,numberOfRobotsOnWhiteSite
9071,27,16
timeStep,numberOfRobotsOnBlackSite,numberOfRobotsOnWhiteSite
9072,27,16
timeStep,numberOfRobotsOnBlackSite,numberOfRobotsOnWhiteSite
9073,27,16
timeStep,numberOfRobotsOnBlackSite,numberOfRobotsOnWhiteSite
9074,27,16
timeStep,numberOfRobotsOnBlackSite,numberOfRobotsOnWhiteSite
9075,27,16
timeStep,numberOfRobotsOnBlackSite,numberOfRobotsOnWhiteSite
9076,27,16
timeStep,numberOfRobotsOnBlackSite,numberOfRobotsOnWhiteSite
9077,27,16
timeStep,numberOfRobotsOnBlackSite,numberOfRobotsOnWhiteSite
9078,27,16
timeStep,numberOfRobotsOnBlackSite,numberOfRobotsOnWhiteSite
9079,27,16
timeStep,numberOfRobotsOnBlackSite,numberOfRobotsOnWhiteSite
9080,27,16
timeStep,numberOfRobotsOnBlackSite,numberOfRobotsOnWhiteSite
9081,27,16
timeStep,numberOfRobotsOnBlackSite,numberOfRobotsOnWhiteSite
9082,27,16
timeStep,numberOfRobotsOnBlackSite,numberOfRobotsOnWhiteSite
9083,27,16
timeStep,numberOfRobotsOnBlackSite,numberOfRobotsOnWhiteSite
9084,27,16
timeStep,numberOfRobotsOnBlackSite,numberOfRobotsOnWhiteSite
9085,27,16
timeStep,numberOfRobotsOnBlackSite,numberOfRobotsOnWhiteSite
9086,27,16
timeStep,numberOfRobotsOnBlackSite,numberOfRobotsOnWhiteSite
9087,27,16
timeStep,numberOfRobotsOnBlackSite,numberOfRobotsOnWhiteSite
9088,27,16
timeStep,numberOfRobotsOnBlackSite,numberOfRobotsOnWhiteSite
9089,27,16
timeStep,numberOfRobotsOnBlackSite,numberOfRobotsOnWhiteSite
9090,27,16
timeStep,numberOfRobotsOnBlackSite,numberOfRobotsOnWhiteSite
9091,27,16
timeStep,numberOfRobotsOnBlackSite,numberOfRobotsOnWhiteSite
9092,27,16
timeStep,numberOfRobotsOnBlackSite,numberOfRobotsOnWhiteSite
9093,27,16
timeStep,numberOfRobotsOnBlackSite,numberOfRobotsOnWhiteSite
9094,27,16
timeStep,numberOfRobotsOnBlackSite,numberOfRobotsOnWhiteSite
9095,27,16
timeStep,numberOfRobotsOnBlackSite,numberOfRobotsOnWhiteSite
9096,27,16
timeStep,numberOfRobotsOnBlackSite,numberOfRobotsOnWhiteSite
9097,27,16
timeStep,numberOfRobotsOnBlackSite,numberOfRobotsOnWhiteSite
9098,27,16
timeStep,numberOfRobotsOnBlackSite,numberOfRobotsOnWhiteSite
9099,27,16
timeStep,numberOfRobotsOnBlackSite,numberOfRobotsOnWhiteSite
9100,27,16
timeStep,numberOfRobotsOnBlackSite,numberOfRobotsOnWhiteSite
9101,27,16
timeStep,numberOfRobotsOnBlackSite,numberOfRobotsOnWhiteSite
9102,27,16
timeStep,numberOfRobotsOnBlackSite,numberOfRobotsOnWhiteSite
9103,27,16
timeStep,numberOfRobotsOnBlackSite,numberOfRobotsOnWhiteSite
9104,27,16
timeStep,numberOfRobotsOnBlackSite,numberOfRobotsOnWhiteSite
9105,27,17
timeStep,numberOfRobotsOnBlackSite,numberOfRobotsOnWhiteSite
9106,27,17
timeStep,numberOfRobotsOnBlackSite,numberOfRobotsOnWhiteSite
9107,27,17
timeStep,numberOfRobotsOnBlackSite,numberOfRobotsOnWhiteSite
9108,27,17
timeStep,numberOfRobotsOnBlackSite,numberOfRobotsOnWhiteSite
9109,27,17
timeStep,numberOfRobotsOnBlackSite,numberOfRobotsOnWhiteSite
9110,27,17
timeStep,numberOfRobotsOnBlackSite,numberOfRobotsOnWhiteSite
9111,27,17
timeStep,numberOfRobotsOnBlackSite,numberOfRobotsOnWhiteSite
9112,27,17
timeStep,numberOfRobotsOnBlackSite,numberOfRobotsOnWhiteSite
9113,27,17
timeStep,numberOfRobotsOnBlackSite,numberOfRobotsOnWhiteSite
9114,27,17
timeStep,numberOfRobotsOnBlackSite,numberOfRobotsOnWhiteSite
9115,27,17
timeStep,numberOfRobotsOnBlackSite,numberOfRobotsOnWhiteSite
9116,27,17
timeStep,numberOfRobotsOnBlackSite,numberOfRobotsOnWhiteSite
9117,27,17
timeStep,numberOfRobotsOnBlackSite,numberOfRobotsOnWhiteSite
9118,27,17
timeStep,numberOfRobotsOnBlackSite,numberOfRobotsOnWhiteSite
9119,27,17
timeStep,numberOfRobotsOnBlackSite,numberOfRobotsOnWhiteSite
9120,27,17
timeStep,numberOfRobotsOnBlackSite,numberOfRobotsOnWhiteSite
9121,27,17
timeStep,numberOfRobotsOnBlackSite,numberOfRobotsOnWhiteSite
9122,27,17
timeStep,numberOfRobotsOnBlackSite,numberOfRobotsOnWhiteSite
9123,27,17
timeStep,numberOfRobotsOnBlackSite,numberOfRobotsOnWhiteSite
9124,27,17
timeStep,numberOfRobotsOnBlackSite,numberOfRobotsOnWhiteSite
9125,27,17
timeStep,numberOfRobotsOnBlackSite,numberOfRobotsOnWhiteSite
9126,27,17
timeStep,numberOfRobotsOnBlackSite,numberOfRobotsOnWhiteSite
9127,27,17
timeStep,numberOfRobotsOnBlackSite,numberOfRobotsOnWhiteSite
9128,27,17
timeStep,numberOfRobotsOnBlackSite,numberOfRobotsOnWhiteSite
9129,27,17
timeStep,numberOfRobotsOnBlackSite,numberOfRobotsOnWhiteSite
9130,27,17
timeStep,numberOfRobotsOnBlackSite,numberOfRobotsOnWhiteSite
9131,27,17
timeStep,numberOfRobotsOnBlackSite,numberOfRobotsOnWhiteSite
9132,27,17
timeStep,numberOfRobotsOnBlackSite,numberOfRobotsOnWhiteSite
9133,27,17
timeStep,numberOfRobotsOnBlackSite,numberOfRobotsOnWhiteSite
9134,27,17
timeStep,numberOfRobotsOnBlackSite,numberOfRobotsOnWhiteSite
9135,27,16
timeStep,numberOfRobotsOnBlackSite,numberOfRobotsOnWhiteSite
9136,27,16
timeStep,numberOfRobotsOnBlackSite,numberOfRobotsOnWhiteSite
9137,27,16
timeStep,numberOfRobotsOnBlackSite,numberOfRobotsOnWhiteSite
9138,27,16
timeStep,numberOfRobotsOnBlackSite,numberOfRobotsOnWhiteSite
9139,27,16
timeStep,numberOfRobotsOnBlackSite,numberOfRobotsOnWhiteSite
9140,27,16
timeStep,numberOfRobotsOnBlackSite,numberOfRobotsOnWhiteSite
9141,27,16
timeStep,numberOfRobotsOnBlackSite,numberOfRobotsOnWhiteSite
9142,27,16
timeStep,numberOfRobotsOnBlackSite,numberOfRobotsOnWhiteSite
9143,27,16
timeStep,numberOfRobotsOnBlackSite,numberOfRobotsOnWhiteSite
9144,27,16
timeStep,numberOfRobotsOnBlackSite,numberOfRobotsOnWhiteSite
9145,27,16
timeStep,numberOfRobotsOnBlackSite,numberOfRobotsOnWhiteSite
9146,27,16
timeStep,numberOfRobotsOnBlackSite,numberOfRobotsOnWhiteSite
9147,27,16
timeStep,numberOfRobotsOnBlackSite,numberOfRobotsOnWhiteSite
9148,27,16
timeStep,numberOfRobotsOnBlackSite,numberOfRobotsOnWhiteSite
9149,27,16
timeStep,numberOfRobotsOnBlackSite,numberOfRobotsOnWhiteSite
9150,27,16
timeStep,numberOfRobotsOnBlackSite,numberOfRobotsOnWhiteSite
9151,27,16
timeStep,numberOfRobotsOnBlackSite,numberOfRobotsOnWhiteSite
9152,27,16
timeStep,numberOfRobotsOnBlackSite,numberOfRobotsOnWhiteSite
9153,27,16
timeStep,numberOfRobotsOnBlackSite,numberOfRobotsOnWhiteSite
9154,27,16
timeStep,numberOfRobotsOnBlackSite,numberOfRobotsOnWhiteSite
9155,27,16
timeStep,numberOfRobotsOnBlackSite,numberOfRobotsOnWhiteSite
9156,27,16
timeStep,numberOfRobotsOnBlackSite,numberOfRobotsOnWhiteSite
9157,27,16
timeStep,numberOfRobotsOnBlackSite,numberOfRobotsOnWhiteSite
9158,27,16
timeStep,numberOfRobotsOnBlackSite,numberOfRobotsOnWhiteSite
9159,27,16
timeStep,numberOfRobotsOnBlackSite,numberOfRobotsOnWhiteSite
9160,27,16
timeStep,numberOfRobotsOnBlackSite,numberOfRobotsOnWhiteSite
9161,27,16
timeStep,numberOfRobotsOnBlackSite,numberOfRobotsOnWhiteSite
9162,27,16
timeStep,numberOfRobotsOnBlackSite,numberOfRobotsOnWhiteSite
9163,27,16
timeStep,numberOfRobotsOnBlackSite,numberOfRobotsOnWhiteSite
9164,27,16
timeStep,numberOfRobotsOnBlackSite,numberOfRobotsOnWhiteSite
9165,27,16
timeStep,numberOfRobotsOnBlackSite,numberOfRobotsOnWhiteSite
9166,27,16
timeStep,numberOfRobotsOnBlackSite,numberOfRobotsOnWhiteSite
9167,27,16
timeStep,numberOfRobotsOnBlackSite,numberOfRobotsOnWhiteSite
9168,27,16
timeStep,numberOfRobotsOnBlackSite,numberOfRobotsOnWhiteSite
9169,27,16
timeStep,numberOfRobotsOnBlackSite,numberOfRobotsOnWhiteSite
9170,27,16
timeStep,numberOfRobotsOnBlackSite,numberOfRobotsOnWhiteSite
9171,27,16
timeStep,numberOfRobotsOnBlackSite,numberOfRobotsOnWhiteSite
9172,27,16
timeStep,numberOfRobotsOnBlackSite,numberOfRobotsOnWhiteSite
9173,27,16
timeStep,numberOfRobotsOnBlackSite,numberOfRobotsOnWhiteSite
9174,27,16
timeStep,numberOfRobotsOnBlackSite,numberOfRobotsOnWhiteSite
9175,27,16
timeStep,numberOfRobotsOnBlackSite,numberOfRobotsOnWhiteSite
9176,27,16
timeStep,numberOfRobotsOnBlackSite,numberOfRobotsOnWhiteSite
9177,27,16
timeStep,numberOfRobotsOnBlackSite,numberOfRobotsOnWhiteSite
9178,27,16
timeStep,numberOfRobotsOnBlackSite,numberOfRobotsOnWhiteSite
9179,27,16
timeStep,numberOfRobotsOnBlackSite,numberOfRobotsOnWhiteSite
9180,27,16
timeStep,numberOfRobotsOnBlackSite,numberOfRobotsOnWhiteSite
9181,27,16
timeStep,numberOfRobotsOnBlackSite,numberOfRobotsOnWhiteSite
9182,27,16
timeStep,numberOfRobotsOnBlackSite,numberOfRobotsOnWhiteSite
9183,27,16
timeStep,numberOfRobotsOnBlackSite,numberOfRobotsOnWhiteSite
9184,27,16
timeStep,numberOfRobotsOnBlackSite,numberOfRobotsOnWhiteSite
9185,27,16
timeStep,numberOfRobotsOnBlackSite,numberOfRobotsOnWhiteSite
9186,27,16
timeStep,numberOfRobotsOnBlackSite,numberOfRobotsOnWhiteSite
9187,27,16
timeStep,numberOfRobotsOnBlackSite,numberOfRobotsOnWhiteSite
9188,27,16
timeStep,numberOfRobotsOnBlackSite,numberOfRobotsOnWhiteSite
9189,27,16
timeStep,numberOfRobotsOnBlackSite,numberOfRobotsOnWhiteSite
9190,27,16
timeStep,numberOfRobotsOnBlackSite,numberOfRobotsOnWhiteSite
9191,27,16
timeStep,numberOfRobotsOnBlackSite,numberOfRobotsOnWhiteSite
9192,27,16
timeStep,numberOfRobotsOnBlackSite,numberOfRobotsOnWhiteSite
9193,27,16
timeStep,numberOfRobotsOnBlackSite,numberOfRobotsOnWhiteSite
9194,27,16
timeStep,numberOfRobotsOnBlackSite,numberOfRobotsOnWhiteSite
9195,27,16
timeStep,numberOfRobotsOnBlackSite,numberOfRobotsOnWhiteSite
9196,27,16
timeStep,numberOfRobotsOnBlackSite,numberOfRobotsOnWhiteSite
9197,27,16
timeStep,numberOfRobotsOnBlackSite,numberOfRobotsOnWhiteSite
9198,27,16
timeStep,numberOfRobotsOnBlackSite,numberOfRobotsOnWhiteSite
9199,27,16
timeStep,numberOfRobotsOnBlackSite,numberOfRobotsOnWhiteSite
9200,27,16
timeStep,numberOfRobotsOnBlackSite,numberOfRobotsOnWhiteSite
9201,27,16
timeStep,numberOfRobotsOnBlackSite,numberOfRobotsOnWhiteSite
9202,27,16
timeStep,numberOfRobotsOnBlackSite,numberOfRobotsOnWhiteSite
9203,27,16
timeStep,numberOfRobotsOnBlackSite,numberOfRobotsOnWhiteSite
9204,27,16
timeStep,numberOfRobotsOnBlackSite,numberOfRobotsOnWhiteSite
9205,27,16
timeStep,numberOfRobotsOnBlackSite,numberOfRobotsOnWhiteSite
9206,27,16
timeStep,numberOfRobotsOnBlackSite,numberOfRobotsOnWhiteSite
9207,27,16
timeStep,numberOfRobotsOnBlackSite,numberOfRobotsOnWhiteSite
9208,27,16
timeStep,numberOfRobotsOnBlackSite,numberOfRobotsOnWhiteSite
9209,27,16
timeStep,numberOfRobotsOnBlackSite,numberOfRobotsOnWhiteSite
9210,27,16
timeStep,numberOfRobotsOnBlackSite,numberOfRobotsOnWhiteSite
9211,27,16
timeStep,numberOfRobotsOnBlackSite,numberOfRobotsOnWhiteSite
9212,27,16
timeStep,numberOfRobotsOnBlackSite,numberOfRobotsOnWhiteSite
9213,27,16
timeStep,numberOfRobotsOnBlackSite,numberOfRobotsOnWhiteSite
9214,27,16
timeStep,numberOfRobotsOnBlackSite,numberOfRobotsOnWhiteSite
9215,27,16
timeStep,numberOfRobotsOnBlackSite,numberOfRobotsOnWhiteSite
9216,27,16
timeStep,numberOfRobotsOnBlackSite,numberOfRobotsOnWhiteSite
9217,27,16
timeStep,numberOfRobotsOnBlackSite,numberOfRobotsOnWhiteSite
9218,27,16
timeStep,numberOfRobotsOnBlackSite,numberOfRobotsOnWhiteSite
9219,27,16
timeStep,numberOfRobotsOnBlackSite,numberOfRobotsOnWhiteSite
9220,27,16
timeStep,numberOfRobotsOnBlackSite,numberOfRobotsOnWhiteSite
9221,27,16
timeStep,numberOfRobotsOnBlackSite,numberOfRobotsOnWhiteSite
9222,27,16
timeStep,numberOfRobotsOnBlackSite,numberOfRobotsOnWhiteSite
9223,27,16
timeStep,numberOfRobotsOnBlackSite,numberOfRobotsOnWhiteSite
9224,27,16
timeStep,numberOfRobotsOnBlackSite,numberOfRobotsOnWhiteSite
9225,27,16
timeStep,numberOfRobotsOnBlackSite,numberOfRobotsOnWhiteSite
9226,27,16
timeStep,numberOfRobotsOnBlackSite,numberOfRobotsOnWhiteSite
9227,27,16
timeStep,numberOfRobotsOnBlackSite,numberOfRobotsOnWhiteSite
9228,27,16
timeStep,numberOfRobotsOnBlackSite,numberOfRobotsOnWhiteSite
9229,27,16
timeStep,numberOfRobotsOnBlackSite,numberOfRobotsOnWhiteSite
9230,27,16
timeStep,numberOfRobotsOnBlackSite,numberOfRobotsOnWhiteSite
9231,27,16
timeStep,numberOfRobotsOnBlackSite,numberOfRobotsOnWhiteSite
9232,27,16
timeStep,numberOfRobotsOnBlackSite,numberOfRobotsOnWhiteSite
9233,27,16
timeStep,numberOfRobotsOnBlackSite,numberOfRobotsOnWhiteSite
9234,27,16
timeStep,numberOfRobotsOnBlackSite,numberOfRobotsOnWhiteSite
9235,27,15
timeStep,numberOfRobotsOnBlackSite,numberOfRobotsOnWhiteSite
9236,27,15
timeStep,numberOfRobotsOnBlackSite,numberOfRobotsOnWhiteSite
9237,27,15
timeStep,numberOfRobotsOnBlackSite,numberOfRobotsOnWhiteSite
9238,27,15
timeStep,numberOfRobotsOnBlackSite,numberOfRobotsOnWhiteSite
9239,27,15
timeStep,numberOfRobotsOnBlackSite,numberOfRobotsOnWhiteSite
9240,27,15
timeStep,numberOfRobotsOnBlackSite,numberOfRobotsOnWhiteSite
9241,27,15
timeStep,numberOfRobotsOnBlackSite,numberOfRobotsOnWhiteSite
9242,27,15
timeStep,numberOfRobotsOnBlackSite,numberOfRobotsOnWhiteSite
9243,27,15
timeStep,numberOfRobotsOnBlackSite,numberOfRobotsOnWhiteSite
9244,27,15
timeStep,numberOfRobotsOnBlackSite,numberOfRobotsOnWhiteSite
9245,27,15
timeStep,numberOfRobotsOnBlackSite,numberOfRobotsOnWhiteSite
9246,27,15
timeStep,numberOfRobotsOnBlackSite,numberOfRobotsOnWhiteSite
9247,27,15
timeStep,numberOfRobotsOnBlackSite,numberOfRobotsOnWhiteSite
9248,27,15
timeStep,numberOfRobotsOnBlackSite,numberOfRobotsOnWhiteSite
9249,27,15
timeStep,numberOfRobotsOnBlackSite,numberOfRobotsOnWhiteSite
9250,27,16
timeStep,numberOfRobotsOnBlackSite,numberOfRobotsOnWhiteSite
9251,27,16
timeStep,numberOfRobotsOnBlackSite,numberOfRobotsOnWhiteSite
9252,27,16
timeStep,numberOfRobotsOnBlackSite,numberOfRobotsOnWhiteSite
9253,27,16
timeStep,numberOfRobotsOnBlackSite,numberOfRobotsOnWhiteSite
9254,27,16
timeStep,numberOfRobotsOnBlackSite,numberOfRobotsOnWhiteSite
9255,27,16
timeStep,numberOfRobotsOnBlackSite,numberOfRobotsOnWhiteSite
9256,27,16
timeStep,numberOfRobotsOnBlackSite,numberOfRobotsOnWhiteSite
9257,27,16
timeStep,numberOfRobotsOnBlackSite,numberOfRobotsOnWhiteSite
9258,27,16
timeStep,numberOfRobotsOnBlackSite,numberOfRobotsOnWhiteSite
9259,27,16
timeStep,numberOfRobotsOnBlackSite,numberOfRobotsOnWhiteSite
9260,27,16
timeStep,numberOfRobotsOnBlackSite,numberOfRobotsOnWhiteSite
9261,27,16
timeStep,numberOfRobotsOnBlackSite,numberOfRobotsOnWhiteSite
9262,27,16
timeStep,numberOfRobotsOnBlackSite,numberOfRobotsOnWhiteSite
9263,27,16
timeStep,numberOfRobotsOnBlackSite,numberOfRobotsOnWhiteSite
9264,27,16
timeStep,numberOfRobotsOnBlackSite,numberOfRobotsOnWhiteSite
9265,27,16
timeStep,numberOfRobotsOnBlackSite,numberOfRobotsOnWhiteSite
9266,27,16
timeStep,numberOfRobotsOnBlackSite,numberOfRobotsOnWhiteSite
9267,27,16
timeStep,numberOfRobotsOnBlackSite,numberOfRobotsOnWhiteSite
9268,27,16
timeStep,numberOfRobotsOnBlackSite,numberOfRobotsOnWhiteSite
9269,27,16
timeStep,numberOfRobotsOnBlackSite,numberOfRobotsOnWhiteSite
9270,27,16
timeStep,numberOfRobotsOnBlackSite,numberOfRobotsOnWhiteSite
9271,27,16
timeStep,numberOfRobotsOnBlackSite,numberOfRobotsOnWhiteSite
9272,27,16
timeStep,numberOfRobotsOnBlackSite,numberOfRobotsOnWhiteSite
9273,27,16
timeStep,numberOfRobotsOnBlackSite,numberOfRobotsOnWhiteSite
9274,27,16
timeStep,numberOfRobotsOnBlackSite,numberOfRobotsOnWhiteSite
9275,27,15
timeStep,numberOfRobotsOnBlackSite,numberOfRobotsOnWhiteSite
9276,27,15
timeStep,numberOfRobotsOnBlackSite,numberOfRobotsOnWhiteSite
9277,27,15
timeStep,numberOfRobotsOnBlackSite,numberOfRobotsOnWhiteSite
9278,27,15
timeStep,numberOfRobotsOnBlackSite,numberOfRobotsOnWhiteSite
9279,27,15
timeStep,numberOfRobotsOnBlackSite,numberOfRobotsOnWhiteSite
9280,27,15
timeStep,numberOfRobotsOnBlackSite,numberOfRobotsOnWhiteSite
9281,27,15
timeStep,numberOfRobotsOnBlackSite,numberOfRobotsOnWhiteSite
9282,27,15
timeStep,numberOfRobotsOnBlackSite,numberOfRobotsOnWhiteSite
9283,27,15
timeStep,numberOfRobotsOnBlackSite,numberOfRobotsOnWhiteSite
9284,27,15
timeStep,numberOfRobotsOnBlackSite,numberOfRobotsOnWhiteSite
9285,28,15
timeStep,numberOfRobotsOnBlackSite,numberOfRobotsOnWhiteSite
9286,28,15
timeStep,numberOfRobotsOnBlackSite,numberOfRobotsOnWhiteSite
9287,28,15
timeStep,numberOfRobotsOnBlackSite,numberOfRobotsOnWhiteSite
9288,28,15
timeStep,numberOfRobotsOnBlackSite,numberOfRobotsOnWhiteSite
9289,28,15
timeStep,numberOfRobotsOnBlackSite,numberOfRobotsOnWhiteSite
9290,28,15
timeStep,numberOfRobotsOnBlackSite,numberOfRobotsOnWhiteSite
9291,28,15
timeStep,numberOfRobotsOnBlackSite,numberOfRobotsOnWhiteSite
9292,28,15
timeStep,numberOfRobotsOnBlackSite,numberOfRobotsOnWhiteSite
9293,28,15
timeStep,numberOfRobotsOnBlackSite,numberOfRobotsOnWhiteSite
9294,28,15
timeStep,numberOfRobotsOnBlackSite,numberOfRobotsOnWhiteSite
9295,29,15
timeStep,numberOfRobotsOnBlackSite,numberOfRobotsOnWhiteSite
9296,29,15
timeStep,numberOfRobotsOnBlackSite,numberOfRobotsOnWhiteSite
9297,29,15
timeStep,numberOfRobotsOnBlackSite,numberOfRobotsOnWhiteSite
9298,29,15
timeStep,numberOfRobotsOnBlackSite,numberOfRobotsOnWhiteSite
9299,29,15
timeStep,numberOfRobotsOnBlackSite,numberOfRobotsOnWhiteSite
9300,29,15
timeStep,numberOfRobotsOnBlackSite,numberOfRobotsOnWhiteSite
9301,29,15
timeStep,numberOfRobotsOnBlackSite,numberOfRobotsOnWhiteSite
9302,29,15
timeStep,numberOfRobotsOnBlackSite,numberOfRobotsOnWhiteSite
9303,29,15
timeStep,numberOfRobotsOnBlackSite,numberOfRobotsOnWhiteSite
9304,29,15
timeStep,numberOfRobotsOnBlackSite,numberOfRobotsOnWhiteSite
9305,29,15
timeStep,numberOfRobotsOnBlackSite,numberOfRobotsOnWhiteSite
9306,29,15
timeStep,numberOfRobotsOnBlackSite,numberOfRobotsOnWhiteSite
9307,29,15
timeStep,numberOfRobotsOnBlackSite,numberOfRobotsOnWhiteSite
9308,29,15
timeStep,numberOfRobotsOnBlackSite,numberOfRobotsOnWhiteSite
9309,29,15
timeStep,numberOfRobotsOnBlackSite,numberOfRobotsOnWhiteSite
9310,29,15
timeStep,numberOfRobotsOnBlackSite,numberOfRobotsOnWhiteSite
9311,29,15
timeStep,numberOfRobotsOnBlackSite,numberOfRobotsOnWhiteSite
9312,29,15
timeStep,numberOfRobotsOnBlackSite,numberOfRobotsOnWhiteSite
9313,29,15
timeStep,numberOfRobotsOnBlackSite,numberOfRobotsOnWhiteSite
9314,29,15
timeStep,numberOfRobotsOnBlackSite,numberOfRobotsOnWhiteSite
9315,29,15
timeStep,numberOfRobotsOnBlackSite,numberOfRobotsOnWhiteSite
9316,29,15
timeStep,numberOfRobotsOnBlackSite,numberOfRobotsOnWhiteSite
9317,29,15
timeStep,numberOfRobotsOnBlackSite,numberOfRobotsOnWhiteSite
9318,29,15
timeStep,numberOfRobotsOnBlackSite,numberOfRobotsOnWhiteSite
9319,29,15
timeStep,numberOfRobotsOnBlackSite,numberOfRobotsOnWhiteSite
9320,29,15
timeStep,numberOfRobotsOnBlackSite,numberOfRobotsOnWhiteSite
9321,29,15
timeStep,numberOfRobotsOnBlackSite,numberOfRobotsOnWhiteSite
9322,29,15
timeStep,numberOfRobotsOnBlackSite,numberOfRobotsOnWhiteSite
9323,29,15
timeStep,numberOfRobotsOnBlackSite,numberOfRobotsOnWhiteSite
9324,29,15
timeStep,numberOfRobotsOnBlackSite,numberOfRobotsOnWhiteSite
9325,29,15
timeStep,numberOfRobotsOnBlackSite,numberOfRobotsOnWhiteSite
9326,29,15
timeStep,numberOfRobotsOnBlackSite,numberOfRobotsOnWhiteSite
9327,29,15
timeStep,numberOfRobotsOnBlackSite,numberOfRobotsOnWhiteSite
9328,29,15
timeStep,numberOfRobotsOnBlackSite,numberOfRobotsOnWhiteSite
9329,29,15
timeStep,numberOfRobotsOnBlackSite,numberOfRobotsOnWhiteSite
9330,29,15
timeStep,numberOfRobotsOnBlackSite,numberOfRobotsOnWhiteSite
9331,29,15
timeStep,numberOfRobotsOnBlackSite,numberOfRobotsOnWhiteSite
9332,29,15
timeStep,numberOfRobotsOnBlackSite,numberOfRobotsOnWhiteSite
9333,29,15
timeStep,numberOfRobotsOnBlackSite,numberOfRobotsOnWhiteSite
9334,29,15
timeStep,numberOfRobotsOnBlackSite,numberOfRobotsOnWhiteSite
9335,29,15
timeStep,numberOfRobotsOnBlackSite,numberOfRobotsOnWhiteSite
9336,29,15
timeStep,numberOfRobotsOnBlackSite,numberOfRobotsOnWhiteSite
9337,29,15
timeStep,numberOfRobotsOnBlackSite,numberOfRobotsOnWhiteSite
9338,29,15
timeStep,numberOfRobotsOnBlackSite,numberOfRobotsOnWhiteSite
9339,29,15
timeStep,numberOfRobotsOnBlackSite,numberOfRobotsOnWhiteSite
9340,29,14
timeStep,numberOfRobotsOnBlackSite,numberOfRobotsOnWhiteSite
9341,29,14
timeStep,numberOfRobotsOnBlackSite,numberOfRobotsOnWhiteSite
9342,29,14
timeStep,numberOfRobotsOnBlackSite,numberOfRobotsOnWhiteSite
9343,29,14
timeStep,numberOfRobotsOnBlackSite,numberOfRobotsOnWhiteSite
9344,29,14
timeStep,numberOfRobotsOnBlackSite,numberOfRobotsOnWhiteSite
9345,29,14
timeStep,numberOfRobotsOnBlackSite,numberOfRobotsOnWhiteSite
9346,29,14
timeStep,numberOfRobotsOnBlackSite,numberOfRobotsOnWhiteSite
9347,29,14
timeStep,numberOfRobotsOnBlackSite,numberOfRobotsOnWhiteSite
9348,29,14
timeStep,numberOfRobotsOnBlackSite,numberOfRobotsOnWhiteSite
9349,29,14
timeStep,numberOfRobotsOnBlackSite,numberOfRobotsOnWhiteSite
9350,29,14
timeStep,numberOfRobotsOnBlackSite,numberOfRobotsOnWhiteSite
9351,29,14
timeStep,numberOfRobotsOnBlackSite,numberOfRobotsOnWhiteSite
9352,29,14
timeStep,numberOfRobotsOnBlackSite,numberOfRobotsOnWhiteSite
9353,29,14
timeStep,numberOfRobotsOnBlackSite,numberOfRobotsOnWhiteSite
9354,29,14
timeStep,numberOfRobotsOnBlackSite,numberOfRobotsOnWhiteSite
9355,29,14
timeStep,numberOfRobotsOnBlackSite,numberOfRobotsOnWhiteSite
9356,29,14
timeStep,numberOfRobotsOnBlackSite,numberOfRobotsOnWhiteSite
9357,29,14
timeStep,numberOfRobotsOnBlackSite,numberOfRobotsOnWhiteSite
9358,29,14
timeStep,numberOfRobotsOnBlackSite,numberOfRobotsOnWhiteSite
9359,29,14
timeStep,numberOfRobotsOnBlackSite,numberOfRobotsOnWhiteSite
9360,29,14
timeStep,numberOfRobotsOnBlackSite,numberOfRobotsOnWhiteSite
9361,29,14
timeStep,numberOfRobotsOnBlackSite,numberOfRobotsOnWhiteSite
9362,29,14
timeStep,numberOfRobotsOnBlackSite,numberOfRobotsOnWhiteSite
9363,29,14
timeStep,numberOfRobotsOnBlackSite,numberOfRobotsOnWhiteSite
9364,29,14
timeStep,numberOfRobotsOnBlackSite,numberOfRobotsOnWhiteSite
9365,29,15
timeStep,numberOfRobotsOnBlackSite,numberOfRobotsOnWhiteSite
9366,29,15
timeStep,numberOfRobotsOnBlackSite,numberOfRobotsOnWhiteSite
9367,29,15
timeStep,numberOfRobotsOnBlackSite,numberOfRobotsOnWhiteSite
9368,29,15
timeStep,numberOfRobotsOnBlackSite,numberOfRobotsOnWhiteSite
9369,29,15
timeStep,numberOfRobotsOnBlackSite,numberOfRobotsOnWhiteSite
9370,29,15
timeStep,numberOfRobotsOnBlackSite,numberOfRobotsOnWhiteSite
9371,29,15
timeStep,numberOfRobotsOnBlackSite,numberOfRobotsOnWhiteSite
9372,29,15
timeStep,numberOfRobotsOnBlackSite,numberOfRobotsOnWhiteSite
9373,29,15
timeStep,numberOfRobotsOnBlackSite,numberOfRobotsOnWhiteSite
9374,29,15
timeStep,numberOfRobotsOnBlackSite,numberOfRobotsOnWhiteSite
9375,29,15
timeStep,numberOfRobotsOnBlackSite,numberOfRobotsOnWhiteSite
9376,29,15
timeStep,numberOfRobotsOnBlackSite,numberOfRobotsOnWhiteSite
9377,29,15
timeStep,numberOfRobotsOnBlackSite,numberOfRobotsOnWhiteSite
9378,29,15
timeStep,numberOfRobotsOnBlackSite,numberOfRobotsOnWhiteSite
9379,29,15
timeStep,numberOfRobotsOnBlackSite,numberOfRobotsOnWhiteSite
9380,28,14
timeStep,numberOfRobotsOnBlackSite,numberOfRobotsOnWhiteSite
9381,28,14
timeStep,numberOfRobotsOnBlackSite,numberOfRobotsOnWhiteSite
9382,28,14
timeStep,numberOfRobotsOnBlackSite,numberOfRobotsOnWhiteSite
9383,28,14
timeStep,numberOfRobotsOnBlackSite,numberOfRobotsOnWhiteSite
9384,28,14
timeStep,numberOfRobotsOnBlackSite,numberOfRobotsOnWhiteSite
9385,28,14
timeStep,numberOfRobotsOnBlackSite,numberOfRobotsOnWhiteSite
9386,28,14
timeStep,numberOfRobotsOnBlackSite,numberOfRobotsOnWhiteSite
9387,28,14
timeStep,numberOfRobotsOnBlackSite,numberOfRobotsOnWhiteSite
9388,28,14
timeStep,numberOfRobotsOnBlackSite,numberOfRobotsOnWhiteSite
9389,28,14
timeStep,numberOfRobotsOnBlackSite,numberOfRobotsOnWhiteSite
9390,28,14
timeStep,numberOfRobotsOnBlackSite,numberOfRobotsOnWhiteSite
9391,28,14
timeStep,numberOfRobotsOnBlackSite,numberOfRobotsOnWhiteSite
9392,28,14
timeStep,numberOfRobotsOnBlackSite,numberOfRobotsOnWhiteSite
9393,28,14
timeStep,numberOfRobotsOnBlackSite,numberOfRobotsOnWhiteSite
9394,28,14
timeStep,numberOfRobotsOnBlackSite,numberOfRobotsOnWhiteSite
9395,28,14
timeStep,numberOfRobotsOnBlackSite,numberOfRobotsOnWhiteSite
9396,28,14
timeStep,numberOfRobotsOnBlackSite,numberOfRobotsOnWhiteSite
9397,28,14
timeStep,numberOfRobotsOnBlackSite,numberOfRobotsOnWhiteSite
9398,28,14
timeStep,numberOfRobotsOnBlackSite,numberOfRobotsOnWhiteSite
9399,28,14
timeStep,numberOfRobotsOnBlackSite,numberOfRobotsOnWhiteSite
9400,28,15
timeStep,numberOfRobotsOnBlackSite,numberOfRobotsOnWhiteSite
9401,28,15
timeStep,numberOfRobotsOnBlackSite,numberOfRobotsOnWhiteSite
9402,28,15
timeStep,numberOfRobotsOnBlackSite,numberOfRobotsOnWhiteSite
9403,28,15
timeStep,numberOfRobotsOnBlackSite,numberOfRobotsOnWhiteSite
9404,28,15
timeStep,numberOfRobotsOnBlackSite,numberOfRobotsOnWhiteSite
9405,28,15
timeStep,numberOfRobotsOnBlackSite,numberOfRobotsOnWhiteSite
9406,28,15
timeStep,numberOfRobotsOnBlackSite,numberOfRobotsOnWhiteSite
9407,28,15
timeStep,numberOfRobotsOnBlackSite,numberOfRobotsOnWhiteSite
9408,28,15
timeStep,numberOfRobotsOnBlackSite,numberOfRobotsOnWhiteSite
9409,28,15
timeStep,numberOfRobotsOnBlackSite,numberOfRobotsOnWhiteSite
9410,28,15
timeStep,numberOfRobotsOnBlackSite,numberOfRobotsOnWhiteSite
9411,28,15
timeStep,numberOfRobotsOnBlackSite,numberOfRobotsOnWhiteSite
9412,28,15
timeStep,numberOfRobotsOnBlackSite,numberOfRobotsOnWhiteSite
9413,28,15
timeStep,numberOfRobotsOnBlackSite,numberOfRobotsOnWhiteSite
9414,28,15
timeStep,numberOfRobotsOnBlackSite,numberOfRobotsOnWhiteSite
9415,28,16
timeStep,numberOfRobotsOnBlackSite,numberOfRobotsOnWhiteSite
9416,28,16
timeStep,numberOfRobotsOnBlackSite,numberOfRobotsOnWhiteSite
9417,28,16
timeStep,numberOfRobotsOnBlackSite,numberOfRobotsOnWhiteSite
9418,28,16
timeStep,numberOfRobotsOnBlackSite,numberOfRobotsOnWhiteSite
9419,28,16
timeStep,numberOfRobotsOnBlackSite,numberOfRobotsOnWhiteSite
9420,28,16
timeStep,numberOfRobotsOnBlackSite,numberOfRobotsOnWhiteSite
9421,28,16
timeStep,numberOfRobotsOnBlackSite,numberOfRobotsOnWhiteSite
9422,28,16
timeStep,numberOfRobotsOnBlackSite,numberOfRobotsOnWhiteSite
9423,28,16
timeStep,numberOfRobotsOnBlackSite,numberOfRobotsOnWhiteSite
9424,28,16
timeStep,numberOfRobotsOnBlackSite,numberOfRobotsOnWhiteSite
9425,28,16
timeStep,numberOfRobotsOnBlackSite,numberOfRobotsOnWhiteSite
9426,28,16
timeStep,numberOfRobotsOnBlackSite,numberOfRobotsOnWhiteSite
9427,28,16
timeStep,numberOfRobotsOnBlackSite,numberOfRobotsOnWhiteSite
9428,28,16
timeStep,numberOfRobotsOnBlackSite,numberOfRobotsOnWhiteSite
9429,28,16
timeStep,numberOfRobotsOnBlackSite,numberOfRobotsOnWhiteSite
9430,28,16
timeStep,numberOfRobotsOnBlackSite,numberOfRobotsOnWhiteSite
9431,28,16
timeStep,numberOfRobotsOnBlackSite,numberOfRobotsOnWhiteSite
9432,28,16
timeStep,numberOfRobotsOnBlackSite,numberOfRobotsOnWhiteSite
9433,28,16
timeStep,numberOfRobotsOnBlackSite,numberOfRobotsOnWhiteSite
9434,28,16
timeStep,numberOfRobotsOnBlackSite,numberOfRobotsOnWhiteSite
9435,28,16
timeStep,numberOfRobotsOnBlackSite,numberOfRobotsOnWhiteSite
9436,28,16
timeStep,numberOfRobotsOnBlackSite,numberOfRobotsOnWhiteSite
9437,28,16
timeStep,numberOfRobotsOnBlackSite,numberOfRobotsOnWhiteSite
9438,28,16
timeStep,numberOfRobotsOnBlackSite,numberOfRobotsOnWhiteSite
9439,28,16
timeStep,numberOfRobotsOnBlackSite,numberOfRobotsOnWhiteSite
9440,28,17
timeStep,numberOfRobotsOnBlackSite,numberOfRobotsOnWhiteSite
9441,28,17
timeStep,numberOfRobotsOnBlackSite,numberOfRobotsOnWhiteSite
9442,28,17
timeStep,numberOfRobotsOnBlackSite,numberOfRobotsOnWhiteSite
9443,28,17
timeStep,numberOfRobotsOnBlackSite,numberOfRobotsOnWhiteSite
9444,28,17
timeStep,numberOfRobotsOnBlackSite,numberOfRobotsOnWhiteSite
9445,28,17
timeStep,numberOfRobotsOnBlackSite,numberOfRobotsOnWhiteSite
9446,28,17
timeStep,numberOfRobotsOnBlackSite,numberOfRobotsOnWhiteSite
9447,28,17
timeStep,numberOfRobotsOnBlackSite,numberOfRobotsOnWhiteSite
9448,28,17
timeStep,numberOfRobotsOnBlackSite,numberOfRobotsOnWhiteSite
9449,28,17
timeStep,numberOfRobotsOnBlackSite,numberOfRobotsOnWhiteSite
9450,28,17
timeStep,numberOfRobotsOnBlackSite,numberOfRobotsOnWhiteSite
9451,28,17
timeStep,numberOfRobotsOnBlackSite,numberOfRobotsOnWhiteSite
9452,28,17
timeStep,numberOfRobotsOnBlackSite,numberOfRobotsOnWhiteSite
9453,28,17
timeStep,numberOfRobotsOnBlackSite,numberOfRobotsOnWhiteSite
9454,28,17
timeStep,numberOfRobotsOnBlackSite,numberOfRobotsOnWhiteSite
9455,28,17
timeStep,numberOfRobotsOnBlackSite,numberOfRobotsOnWhiteSite
9456,28,17
timeStep,numberOfRobotsOnBlackSite,numberOfRobotsOnWhiteSite
9457,28,17
timeStep,numberOfRobotsOnBlackSite,numberOfRobotsOnWhiteSite
9458,28,17
timeStep,numberOfRobotsOnBlackSite,numberOfRobotsOnWhiteSite
9459,28,17
timeStep,numberOfRobotsOnBlackSite,numberOfRobotsOnWhiteSite
9460,28,17
timeStep,numberOfRobotsOnBlackSite,numberOfRobotsOnWhiteSite
9461,28,17
timeStep,numberOfRobotsOnBlackSite,numberOfRobotsOnWhiteSite
9462,28,17
timeStep,numberOfRobotsOnBlackSite,numberOfRobotsOnWhiteSite
9463,28,17
timeStep,numberOfRobotsOnBlackSite,numberOfRobotsOnWhiteSite
9464,28,17
timeStep,numberOfRobotsOnBlackSite,numberOfRobotsOnWhiteSite
9465,28,17
timeStep,numberOfRobotsOnBlackSite,numberOfRobotsOnWhiteSite
9466,28,17
timeStep,numberOfRobotsOnBlackSite,numberOfRobotsOnWhiteSite
9467,28,17
timeStep,numberOfRobotsOnBlackSite,numberOfRobotsOnWhiteSite
9468,28,17
timeStep,numberOfRobotsOnBlackSite,numberOfRobotsOnWhiteSite
9469,28,17
timeStep,numberOfRobotsOnBlackSite,numberOfRobotsOnWhiteSite
9470,28,17
timeStep,numberOfRobotsOnBlackSite,numberOfRobotsOnWhiteSite
9471,28,17
timeStep,numberOfRobotsOnBlackSite,numberOfRobotsOnWhiteSite
9472,28,17
timeStep,numberOfRobotsOnBlackSite,numberOfRobotsOnWhiteSite
9473,28,17
timeStep,numberOfRobotsOnBlackSite,numberOfRobotsOnWhiteSite
9474,28,17
timeStep,numberOfRobotsOnBlackSite,numberOfRobotsOnWhiteSite
9475,28,17
timeStep,numberOfRobotsOnBlackSite,numberOfRobotsOnWhiteSite
9476,28,17
timeStep,numberOfRobotsOnBlackSite,numberOfRobotsOnWhiteSite
9477,28,17
timeStep,numberOfRobotsOnBlackSite,numberOfRobotsOnWhiteSite
9478,28,17
timeStep,numberOfRobotsOnBlackSite,numberOfRobotsOnWhiteSite
9479,28,17
timeStep,numberOfRobotsOnBlackSite,numberOfRobotsOnWhiteSite
9480,28,16
timeStep,numberOfRobotsOnBlackSite,numberOfRobotsOnWhiteSite
9481,28,16
timeStep,numberOfRobotsOnBlackSite,numberOfRobotsOnWhiteSite
9482,28,16
timeStep,numberOfRobotsOnBlackSite,numberOfRobotsOnWhiteSite
9483,28,16
timeStep,numberOfRobotsOnBlackSite,numberOfRobotsOnWhiteSite
9484,28,16
timeStep,numberOfRobotsOnBlackSite,numberOfRobotsOnWhiteSite
9485,28,16
timeStep,numberOfRobotsOnBlackSite,numberOfRobotsOnWhiteSite
9486,28,16
timeStep,numberOfRobotsOnBlackSite,numberOfRobotsOnWhiteSite
9487,28,16
timeStep,numberOfRobotsOnBlackSite,numberOfRobotsOnWhiteSite
9488,28,16
timeStep,numberOfRobotsOnBlackSite,numberOfRobotsOnWhiteSite
9489,28,16
timeStep,numberOfRobotsOnBlackSite,numberOfRobotsOnWhiteSite
9490,28,16
timeStep,numberOfRobotsOnBlackSite,numberOfRobotsOnWhiteSite
9491,28,16
timeStep,numberOfRobotsOnBlackSite,numberOfRobotsOnWhiteSite
9492,28,16
timeStep,numberOfRobotsOnBlackSite,numberOfRobotsOnWhiteSite
9493,28,16
timeStep,numberOfRobotsOnBlackSite,numberOfRobotsOnWhiteSite
9494,28,16
timeStep,numberOfRobotsOnBlackSite,numberOfRobotsOnWhiteSite
9495,27,15
timeStep,numberOfRobotsOnBlackSite,numberOfRobotsOnWhiteSite
9496,27,15
timeStep,numberOfRobotsOnBlackSite,numberOfRobotsOnWhiteSite
9497,27,15
timeStep,numberOfRobotsOnBlackSite,numberOfRobotsOnWhiteSite
9498,27,15
timeStep,numberOfRobotsOnBlackSite,numberOfRobotsOnWhiteSite
9499,27,15
timeStep,numberOfRobotsOnBlackSite,numberOfRobotsOnWhiteSite
9500,27,15
timeStep,numberOfRobotsOnBlackSite,numberOfRobotsOnWhiteSite
9501,27,15
timeStep,numberOfRobotsOnBlackSite,numberOfRobotsOnWhiteSite
9502,27,15
timeStep,numberOfRobotsOnBlackSite,numberOfRobotsOnWhiteSite
9503,27,15
timeStep,numberOfRobotsOnBlackSite,numberOfRobotsOnWhiteSite
9504,27,15
timeStep,numberOfRobotsOnBlackSite,numberOfRobotsOnWhiteSite
9505,27,14
timeStep,numberOfRobotsOnBlackSite,numberOfRobotsOnWhiteSite
9506,27,14
timeStep,numberOfRobotsOnBlackSite,numberOfRobotsOnWhiteSite
9507,27,14
timeStep,numberOfRobotsOnBlackSite,numberOfRobotsOnWhiteSite
9508,27,14
timeStep,numberOfRobotsOnBlackSite,numberOfRobotsOnWhiteSite
9509,27,14
timeStep,numberOfRobotsOnBlackSite,numberOfRobotsOnWhiteSite
9510,27,14
timeStep,numberOfRobotsOnBlackSite,numberOfRobotsOnWhiteSite
9511,27,14
timeStep,numberOfRobotsOnBlackSite,numberOfRobotsOnWhiteSite
9512,27,14
timeStep,numberOfRobotsOnBlackSite,numberOfRobotsOnWhiteSite
9513,27,14
timeStep,numberOfRobotsOnBlackSite,numberOfRobotsOnWhiteSite
9514,27,14
timeStep,numberOfRobotsOnBlackSite,numberOfRobotsOnWhiteSite
9515,27,14
timeStep,numberOfRobotsOnBlackSite,numberOfRobotsOnWhiteSite
9516,27,14
timeStep,numberOfRobotsOnBlackSite,numberOfRobotsOnWhiteSite
9517,27,14
timeStep,numberOfRobotsOnBlackSite,numberOfRobotsOnWhiteSite
9518,27,14
timeStep,numberOfRobotsOnBlackSite,numberOfRobotsOnWhiteSite
9519,27,14
timeStep,numberOfRobotsOnBlackSite,numberOfRobotsOnWhiteSite
9520,27,15
timeStep,numberOfRobotsOnBlackSite,numberOfRobotsOnWhiteSite
9521,27,15
timeStep,numberOfRobotsOnBlackSite,numberOfRobotsOnWhiteSite
9522,27,15
timeStep,numberOfRobotsOnBlackSite,numberOfRobotsOnWhiteSite
9523,27,15
timeStep,numberOfRobotsOnBlackSite,numberOfRobotsOnWhiteSite
9524,27,15
timeStep,numberOfRobotsOnBlackSite,numberOfRobotsOnWhiteSite
9525,27,15
timeStep,numberOfRobotsOnBlackSite,numberOfRobotsOnWhiteSite
9526,27,15
timeStep,numberOfRobotsOnBlackSite,numberOfRobotsOnWhiteSite
9527,27,15
timeStep,numberOfRobotsOnBlackSite,numberOfRobotsOnWhiteSite
9528,27,15
timeStep,numberOfRobotsOnBlackSite,numberOfRobotsOnWhiteSite
9529,27,15
timeStep,numberOfRobotsOnBlackSite,numberOfRobotsOnWhiteSite
9530,27,15
timeStep,numberOfRobotsOnBlackSite,numberOfRobotsOnWhiteSite
9531,27,15
timeStep,numberOfRobotsOnBlackSite,numberOfRobotsOnWhiteSite
9532,27,15
timeStep,numberOfRobotsOnBlackSite,numberOfRobotsOnWhiteSite
9533,27,15
timeStep,numberOfRobotsOnBlackSite,numberOfRobotsOnWhiteSite
9534,27,15
timeStep,numberOfRobotsOnBlackSite,numberOfRobotsOnWhiteSite
9535,27,15
timeStep,numberOfRobotsOnBlackSite,numberOfRobotsOnWhiteSite
9536,27,15
timeStep,numberOfRobotsOnBlackSite,numberOfRobotsOnWhiteSite
9537,27,15
timeStep,numberOfRobotsOnBlackSite,numberOfRobotsOnWhiteSite
9538,27,15
timeStep,numberOfRobotsOnBlackSite,numberOfRobotsOnWhiteSite
9539,27,15
timeStep,numberOfRobotsOnBlackSite,numberOfRobotsOnWhiteSite
9540,27,16
timeStep,numberOfRobotsOnBlackSite,numberOfRobotsOnWhiteSite
9541,27,16
timeStep,numberOfRobotsOnBlackSite,numberOfRobotsOnWhiteSite
9542,27,16
timeStep,numberOfRobotsOnBlackSite,numberOfRobotsOnWhiteSite
9543,27,16
timeStep,numberOfRobotsOnBlackSite,numberOfRobotsOnWhiteSite
9544,27,16
timeStep,numberOfRobotsOnBlackSite,numberOfRobotsOnWhiteSite
9545,27,16
timeStep,numberOfRobotsOnBlackSite,numberOfRobotsOnWhiteSite
9546,27,16
timeStep,numberOfRobotsOnBlackSite,numberOfRobotsOnWhiteSite
9547,27,16
timeStep,numberOfRobotsOnBlackSite,numberOfRobotsOnWhiteSite
9548,27,16
timeStep,numberOfRobotsOnBlackSite,numberOfRobotsOnWhiteSite
9549,27,16
timeStep,numberOfRobotsOnBlackSite,numberOfRobotsOnWhiteSite
9550,27,16
timeStep,numberOfRobotsOnBlackSite,numberOfRobotsOnWhiteSite
9551,27,16
timeStep,numberOfRobotsOnBlackSite,numberOfRobotsOnWhiteSite
9552,27,16
timeStep,numberOfRobotsOnBlackSite,numberOfRobotsOnWhiteSite
9553,27,16
timeStep,numberOfRobotsOnBlackSite,numberOfRobotsOnWhiteSite
9554,27,16
timeStep,numberOfRobotsOnBlackSite,numberOfRobotsOnWhiteSite
9555,27,16
timeStep,numberOfRobotsOnBlackSite,numberOfRobotsOnWhiteSite
9556,27,16
timeStep,numberOfRobotsOnBlackSite,numberOfRobotsOnWhiteSite
9557,27,16
timeStep,numberOfRobotsOnBlackSite,numberOfRobotsOnWhiteSite
9558,27,16
timeStep,numberOfRobotsOnBlackSite,numberOfRobotsOnWhiteSite
9559,27,16
timeStep,numberOfRobotsOnBlackSite,numberOfRobotsOnWhiteSite
9560,27,16
timeStep,numberOfRobotsOnBlackSite,numberOfRobotsOnWhiteSite
9561,27,16
timeStep,numberOfRobotsOnBlackSite,numberOfRobotsOnWhiteSite
9562,27,16
timeStep,numberOfRobotsOnBlackSite,numberOfRobotsOnWhiteSite
9563,27,16
timeStep,numberOfRobotsOnBlackSite,numberOfRobotsOnWhiteSite
9564,27,16
timeStep,numberOfRobotsOnBlackSite,numberOfRobotsOnWhiteSite
9565,27,16
timeStep,numberOfRobotsOnBlackSite,numberOfRobotsOnWhiteSite
9566,27,16
timeStep,numberOfRobotsOnBlackSite,numberOfRobotsOnWhiteSite
9567,27,16
timeStep,numberOfRobotsOnBlackSite,numberOfRobotsOnWhiteSite
9568,27,16
timeStep,numberOfRobotsOnBlackSite,numberOfRobotsOnWhiteSite
9569,27,16
timeStep,numberOfRobotsOnBlackSite,numberOfRobotsOnWhiteSite
9570,27,16
timeStep,numberOfRobotsOnBlackSite,numberOfRobotsOnWhiteSite
9571,27,16
timeStep,numberOfRobotsOnBlackSite,numberOfRobotsOnWhiteSite
9572,27,16
timeStep,numberOfRobotsOnBlackSite,numberOfRobotsOnWhiteSite
9573,27,16
timeStep,numberOfRobotsOnBlackSite,numberOfRobotsOnWhiteSite
9574,27,16
timeStep,numberOfRobotsOnBlackSite,numberOfRobotsOnWhiteSite
9575,27,16
timeStep,numberOfRobotsOnBlackSite,numberOfRobotsOnWhiteSite
9576,27,16
timeStep,numberOfRobotsOnBlackSite,numberOfRobotsOnWhiteSite
9577,27,16
timeStep,numberOfRobotsOnBlackSite,numberOfRobotsOnWhiteSite
9578,27,16
timeStep,numberOfRobotsOnBlackSite,numberOfRobotsOnWhiteSite
9579,27,16
timeStep,numberOfRobotsOnBlackSite,numberOfRobotsOnWhiteSite
9580,27,16
timeStep,numberOfRobotsOnBlackSite,numberOfRobotsOnWhiteSite
9581,27,16
timeStep,numberOfRobotsOnBlackSite,numberOfRobotsOnWhiteSite
9582,27,16
timeStep,numberOfRobotsOnBlackSite,numberOfRobotsOnWhiteSite
9583,27,16
timeStep,numberOfRobotsOnBlackSite,numberOfRobotsOnWhiteSite
9584,27,16
timeStep,numberOfRobotsOnBlackSite,numberOfRobotsOnWhiteSite
9585,27,16
timeStep,numberOfRobotsOnBlackSite,numberOfRobotsOnWhiteSite
9586,27,16
timeStep,numberOfRobotsOnBlackSite,numberOfRobotsOnWhiteSite
9587,27,16
timeStep,numberOfRobotsOnBlackSite,numberOfRobotsOnWhiteSite
9588,27,16
timeStep,numberOfRobotsOnBlackSite,numberOfRobotsOnWhiteSite
9589,27,16
timeStep,numberOfRobotsOnBlackSite,numberOfRobotsOnWhiteSite
9590,27,16
timeStep,numberOfRobotsOnBlackSite,numberOfRobotsOnWhiteSite
9591,27,16
timeStep,numberOfRobotsOnBlackSite,numberOfRobotsOnWhiteSite
9592,27,16
timeStep,numberOfRobotsOnBlackSite,numberOfRobotsOnWhiteSite
9593,27,16
timeStep,numberOfRobotsOnBlackSite,numberOfRobotsOnWhiteSite
9594,27,16
timeStep,numberOfRobotsOnBlackSite,numberOfRobotsOnWhiteSite
9595,27,16
timeStep,numberOfRobotsOnBlackSite,numberOfRobotsOnWhiteSite
9596,27,16
timeStep,numberOfRobotsOnBlackSite,numberOfRobotsOnWhiteSite
9597,27,16
timeStep,numberOfRobotsOnBlackSite,numberOfRobotsOnWhiteSite
9598,27,16
timeStep,numberOfRobotsOnBlackSite,numberOfRobotsOnWhiteSite
9599,27,16
timeStep,numberOfRobotsOnBlackSite,numberOfRobotsOnWhiteSite
9600,27,15
timeStep,numberOfRobotsOnBlackSite,numberOfRobotsOnWhiteSite
9601,27,15
timeStep,numberOfRobotsOnBlackSite,numberOfRobotsOnWhiteSite
9602,27,15
timeStep,numberOfRobotsOnBlackSite,numberOfRobotsOnWhiteSite
9603,27,15
timeStep,numberOfRobotsOnBlackSite,numberOfRobotsOnWhiteSite
9604,27,15
timeStep,numberOfRobotsOnBlackSite,numberOfRobotsOnWhiteSite
9605,28,15
timeStep,numberOfRobotsOnBlackSite,numberOfRobotsOnWhiteSite
9606,28,15
timeStep,numberOfRobotsOnBlackSite,numberOfRobotsOnWhiteSite
9607,28,15
timeStep,numberOfRobotsOnBlackSite,numberOfRobotsOnWhiteSite
9608,28,15
timeStep,numberOfRobotsOnBlackSite,numberOfRobotsOnWhiteSite
9609,28,15
timeStep,numberOfRobotsOnBlackSite,numberOfRobotsOnWhiteSite
9610,28,16
timeStep,numberOfRobotsOnBlackSite,numberOfRobotsOnWhiteSite
9611,28,16
timeStep,numberOfRobotsOnBlackSite,numberOfRobotsOnWhiteSite
9612,28,16
timeStep,numberOfRobotsOnBlackSite,numberOfRobotsOnWhiteSite
9613,28,16
timeStep,numberOfRobotsOnBlackSite,numberOfRobotsOnWhiteSite
9614,28,16
timeStep,numberOfRobotsOnBlackSite,numberOfRobotsOnWhiteSite
9615,28,16
timeStep,numberOfRobotsOnBlackSite,numberOfRobotsOnWhiteSite
9616,28,16
timeStep,numberOfRobotsOnBlackSite,numberOfRobotsOnWhiteSite
9617,28,16
timeStep,numberOfRobotsOnBlackSite,numberOfRobotsOnWhiteSite
9618,28,16
timeStep,numberOfRobotsOnBlackSite,numberOfRobotsOnWhiteSite
9619,28,16
timeStep,numberOfRobotsOnBlackSite,numberOfRobotsOnWhiteSite
9620,28,16
timeStep,numberOfRobotsOnBlackSite,numberOfRobotsOnWhiteSite
9621,28,16
timeStep,numberOfRobotsOnBlackSite,numberOfRobotsOnWhiteSite
9622,28,16
timeStep,numberOfRobotsOnBlackSite,numberOfRobotsOnWhiteSite
9623,28,16
timeStep,numberOfRobotsOnBlackSite,numberOfRobotsOnWhiteSite
9624,28,16
timeStep,numberOfRobotsOnBlackSite,numberOfRobotsOnWhiteSite
9625,28,16
timeStep,numberOfRobotsOnBlackSite,numberOfRobotsOnWhiteSite
9626,28,16
timeStep,numberOfRobotsOnBlackSite,numberOfRobotsOnWhiteSite
9627,28,16
timeStep,numberOfRobotsOnBlackSite,numberOfRobotsOnWhiteSite
9628,28,16
timeStep,numberOfRobotsOnBlackSite,numberOfRobotsOnWhiteSite
9629,28,16
timeStep,numberOfRobotsOnBlackSite,numberOfRobotsOnWhiteSite
9630,28,16
timeStep,numberOfRobotsOnBlackSite,numberOfRobotsOnWhiteSite
9631,28,16
timeStep,numberOfRobotsOnBlackSite,numberOfRobotsOnWhiteSite
9632,28,16
timeStep,numberOfRobotsOnBlackSite,numberOfRobotsOnWhiteSite
9633,28,16
timeStep,numberOfRobotsOnBlackSite,numberOfRobotsOnWhiteSite
9634,28,16
timeStep,numberOfRobotsOnBlackSite,numberOfRobotsOnWhiteSite
9635,28,16
timeStep,numberOfRobotsOnBlackSite,numberOfRobotsOnWhiteSite
9636,28,16
timeStep,numberOfRobotsOnBlackSite,numberOfRobotsOnWhiteSite
9637,28,16
timeStep,numberOfRobotsOnBlackSite,numberOfRobotsOnWhiteSite
9638,28,16
timeStep,numberOfRobotsOnBlackSite,numberOfRobotsOnWhiteSite
9639,28,16
timeStep,numberOfRobotsOnBlackSite,numberOfRobotsOnWhiteSite
9640,28,16
timeStep,numberOfRobotsOnBlackSite,numberOfRobotsOnWhiteSite
9641,28,16
timeStep,numberOfRobotsOnBlackSite,numberOfRobotsOnWhiteSite
9642,28,16
timeStep,numberOfRobotsOnBlackSite,numberOfRobotsOnWhiteSite
9643,28,16
timeStep,numberOfRobotsOnBlackSite,numberOfRobotsOnWhiteSite
9644,28,16
timeStep,numberOfRobotsOnBlackSite,numberOfRobotsOnWhiteSite
9645,28,16
timeStep,numberOfRobotsOnBlackSite,numberOfRobotsOnWhiteSite
9646,28,16
timeStep,numberOfRobotsOnBlackSite,numberOfRobotsOnWhiteSite
9647,28,16
timeStep,numberOfRobotsOnBlackSite,numberOfRobotsOnWhiteSite
9648,28,16
timeStep,numberOfRobotsOnBlackSite,numberOfRobotsOnWhiteSite
9649,28,16
timeStep,numberOfRobotsOnBlackSite,numberOfRobotsOnWhiteSite
9650,28,16
timeStep,numberOfRobotsOnBlackSite,numberOfRobotsOnWhiteSite
9651,28,16
timeStep,numberOfRobotsOnBlackSite,numberOfRobotsOnWhiteSite
9652,28,16
timeStep,numberOfRobotsOnBlackSite,numberOfRobotsOnWhiteSite
9653,28,16
timeStep,numberOfRobotsOnBlackSite,numberOfRobotsOnWhiteSite
9654,28,16
timeStep,numberOfRobotsOnBlackSite,numberOfRobotsOnWhiteSite
9655,28,16
timeStep,numberOfRobotsOnBlackSite,numberOfRobotsOnWhiteSite
9656,28,16
timeStep,numberOfRobotsOnBlackSite,numberOfRobotsOnWhiteSite
9657,28,16
timeStep,numberOfRobotsOnBlackSite,numberOfRobotsOnWhiteSite
9658,28,16
timeStep,numberOfRobotsOnBlackSite,numberOfRobotsOnWhiteSite
9659,28,16
timeStep,numberOfRobotsOnBlackSite,numberOfRobotsOnWhiteSite
9660,28,16
timeStep,numberOfRobotsOnBlackSite,numberOfRobotsOnWhiteSite
9661,28,16
timeStep,numberOfRobotsOnBlackSite,numberOfRobotsOnWhiteSite
9662,28,16
timeStep,numberOfRobotsOnBlackSite,numberOfRobotsOnWhiteSite
9663,28,16
timeStep,numberOfRobotsOnBlackSite,numberOfRobotsOnWhiteSite
9664,28,16
timeStep,numberOfRobotsOnBlackSite,numberOfRobotsOnWhiteSite
9665,28,16
timeStep,numberOfRobotsOnBlackSite,numberOfRobotsOnWhiteSite
9666,28,16
timeStep,numberOfRobotsOnBlackSite,numberOfRobotsOnWhiteSite
9667,28,16
timeStep,numberOfRobotsOnBlackSite,numberOfRobotsOnWhiteSite
9668,28,16
timeStep,numberOfRobotsOnBlackSite,numberOfRobotsOnWhiteSite
9669,28,16
timeStep,numberOfRobotsOnBlackSite,numberOfRobotsOnWhiteSite
9670,28,16
timeStep,numberOfRobotsOnBlackSite,numberOfRobotsOnWhiteSite
9671,28,16
timeStep,numberOfRobotsOnBlackSite,numberOfRobotsOnWhiteSite
9672,28,16
timeStep,numberOfRobotsOnBlackSite,numberOfRobotsOnWhiteSite
9673,28,16
timeStep,numberOfRobotsOnBlackSite,numberOfRobotsOnWhiteSite
9674,28,16
timeStep,numberOfRobotsOnBlackSite,numberOfRobotsOnWhiteSite
9675,28,17
timeStep,numberOfRobotsOnBlackSite,numberOfRobotsOnWhiteSite
9676,28,17
timeStep,numberOfRobotsOnBlackSite,numberOfRobotsOnWhiteSite
9677,28,17
timeStep,numberOfRobotsOnBlackSite,numberOfRobotsOnWhiteSite
9678,28,17
timeStep,numberOfRobotsOnBlackSite,numberOfRobotsOnWhiteSite
9679,28,17
timeStep,numberOfRobotsOnBlackSite,numberOfRobotsOnWhiteSite
9680,28,17
timeStep,numberOfRobotsOnBlackSite,numberOfRobotsOnWhiteSite
9681,28,17
timeStep,numberOfRobotsOnBlackSite,numberOfRobotsOnWhiteSite
9682,28,17
timeStep,numberOfRobotsOnBlackSite,numberOfRobotsOnWhiteSite
9683,28,17
timeStep,numberOfRobotsOnBlackSite,numberOfRobotsOnWhiteSite
9684,28,17
timeStep,numberOfRobotsOnBlackSite,numberOfRobotsOnWhiteSite
9685,28,17
timeStep,numberOfRobotsOnBlackSite,numberOfRobotsOnWhiteSite
9686,28,17
timeStep,numberOfRobotsOnBlackSite,numberOfRobotsOnWhiteSite
9687,28,17
timeStep,numberOfRobotsOnBlackSite,numberOfRobotsOnWhiteSite
9688,28,17
timeStep,numberOfRobotsOnBlackSite,numberOfRobotsOnWhiteSite
9689,28,17
timeStep,numberOfRobotsOnBlackSite,numberOfRobotsOnWhiteSite
9690,28,17
timeStep,numberOfRobotsOnBlackSite,numberOfRobotsOnWhiteSite
9691,28,17
timeStep,numberOfRobotsOnBlackSite,numberOfRobotsOnWhiteSite
9692,28,17
timeStep,numberOfRobotsOnBlackSite,numberOfRobotsOnWhiteSite
9693,28,17
timeStep,numberOfRobotsOnBlackSite,numberOfRobotsOnWhiteSite
9694,28,17
timeStep,numberOfRobotsOnBlackSite,numberOfRobotsOnWhiteSite
9695,28,17
timeStep,numberOfRobotsOnBlackSite,numberOfRobotsOnWhiteSite
9696,28,17
timeStep,numberOfRobotsOnBlackSite,numberOfRobotsOnWhiteSite
9697,28,17
timeStep,numberOfRobotsOnBlackSite,numberOfRobotsOnWhiteSite
9698,28,17
timeStep,numberOfRobotsOnBlackSite,numberOfRobotsOnWhiteSite
9699,28,17
timeStep,numberOfRobotsOnBlackSite,numberOfRobotsOnWhiteSite
9700,28,17
timeStep,numberOfRobotsOnBlackSite,numberOfRobotsOnWhiteSite
9701,28,17
timeStep,numberOfRobotsOnBlackSite,numberOfRobotsOnWhiteSite
9702,28,17
timeStep,numberOfRobotsOnBlackSite,numberOfRobotsOnWhiteSite
9703,28,17
timeStep,numberOfRobotsOnBlackSite,numberOfRobotsOnWhiteSite
9704,28,17
timeStep,numberOfRobotsOnBlackSite,numberOfRobotsOnWhiteSite
9705,28,17
timeStep,numberOfRobotsOnBlackSite,numberOfRobotsOnWhiteSite
9706,28,17
timeStep,numberOfRobotsOnBlackSite,numberOfRobotsOnWhiteSite
9707,28,17
timeStep,numberOfRobotsOnBlackSite,numberOfRobotsOnWhiteSite
9708,28,17
timeStep,numberOfRobotsOnBlackSite,numberOfRobotsOnWhiteSite
9709,28,17
timeStep,numberOfRobotsOnBlackSite,numberOfRobotsOnWhiteSite
9710,28,17
timeStep,numberOfRobotsOnBlackSite,numberOfRobotsOnWhiteSite
9711,28,17
timeStep,numberOfRobotsOnBlackSite,numberOfRobotsOnWhiteSite
9712,28,17
timeStep,numberOfRobotsOnBlackSite,numberOfRobotsOnWhiteSite
9713,28,17
timeStep,numberOfRobotsOnBlackSite,numberOfRobotsOnWhiteSite
9714,28,17
timeStep,numberOfRobotsOnBlackSite,numberOfRobotsOnWhiteSite
9715,28,17
timeStep,numberOfRobotsOnBlackSite,numberOfRobotsOnWhiteSite
9716,28,17
timeStep,numberOfRobotsOnBlackSite,numberOfRobotsOnWhiteSite
9717,28,17
timeStep,numberOfRobotsOnBlackSite,numberOfRobotsOnWhiteSite
9718,28,17
timeStep,numberOfRobotsOnBlackSite,numberOfRobotsOnWhiteSite
9719,28,17
timeStep,numberOfRobotsOnBlackSite,numberOfRobotsOnWhiteSite
9720,28,17
timeStep,numberOfRobotsOnBlackSite,numberOfRobotsOnWhiteSite
9721,28,17
timeStep,numberOfRobotsOnBlackSite,numberOfRobotsOnWhiteSite
9722,28,17
timeStep,numberOfRobotsOnBlackSite,numberOfRobotsOnWhiteSite
9723,28,17
timeStep,numberOfRobotsOnBlackSite,numberOfRobotsOnWhiteSite
9724,28,17
timeStep,numberOfRobotsOnBlackSite,numberOfRobotsOnWhiteSite
9725,28,17
timeStep,numberOfRobotsOnBlackSite,numberOfRobotsOnWhiteSite
9726,28,17
timeStep,numberOfRobotsOnBlackSite,numberOfRobotsOnWhiteSite
9727,28,17
timeStep,numberOfRobotsOnBlackSite,numberOfRobotsOnWhiteSite
9728,28,17
timeStep,numberOfRobotsOnBlackSite,numberOfRobotsOnWhiteSite
9729,28,17
timeStep,numberOfRobotsOnBlackSite,numberOfRobotsOnWhiteSite
9730,28,17
timeStep,numberOfRobotsOnBlackSite,numberOfRobotsOnWhiteSite
9731,28,17
timeStep,numberOfRobotsOnBlackSite,numberOfRobotsOnWhiteSite
9732,28,17
timeStep,numberOfRobotsOnBlackSite,numberOfRobotsOnWhiteSite
9733,28,17
timeStep,numberOfRobotsOnBlackSite,numberOfRobotsOnWhiteSite
9734,28,17
timeStep,numberOfRobotsOnBlackSite,numberOfRobotsOnWhiteSite
9735,28,17
timeStep,numberOfRobotsOnBlackSite,numberOfRobotsOnWhiteSite
9736,28,17
timeStep,numberOfRobotsOnBlackSite,numberOfRobotsOnWhiteSite
9737,28,17
timeStep,numberOfRobotsOnBlackSite,numberOfRobotsOnWhiteSite
9738,28,17
timeStep,numberOfRobotsOnBlackSite,numberOfRobotsOnWhiteSite
9739,28,17
timeStep,numberOfRobotsOnBlackSite,numberOfRobotsOnWhiteSite
9740,28,17
timeStep,numberOfRobotsOnBlackSite,numberOfRobotsOnWhiteSite
9741,28,17
timeStep,numberOfRobotsOnBlackSite,numberOfRobotsOnWhiteSite
9742,28,17
timeStep,numberOfRobotsOnBlackSite,numberOfRobotsOnWhiteSite
9743,28,17
timeStep,numberOfRobotsOnBlackSite,numberOfRobotsOnWhiteSite
9744,28,17
timeStep,numberOfRobotsOnBlackSite,numberOfRobotsOnWhiteSite
9745,28,17
timeStep,numberOfRobotsOnBlackSite,numberOfRobotsOnWhiteSite
9746,28,17
timeStep,numberOfRobotsOnBlackSite,numberOfRobotsOnWhiteSite
9747,28,17
timeStep,numberOfRobotsOnBlackSite,numberOfRobotsOnWhiteSite
9748,28,17
timeStep,numberOfRobotsOnBlackSite,numberOfRobotsOnWhiteSite
9749,28,17
timeStep,numberOfRobotsOnBlackSite,numberOfRobotsOnWhiteSite
9750,28,17
timeStep,numberOfRobotsOnBlackSite,numberOfRobotsOnWhiteSite
9751,28,17
timeStep,numberOfRobotsOnBlackSite,numberOfRobotsOnWhiteSite
9752,28,17
timeStep,numberOfRobotsOnBlackSite,numberOfRobotsOnWhiteSite
9753,28,17
timeStep,numberOfRobotsOnBlackSite,numberOfRobotsOnWhiteSite
9754,28,17
timeStep,numberOfRobotsOnBlackSite,numberOfRobotsOnWhiteSite
9755,28,17
timeStep,numberOfRobotsOnBlackSite,numberOfRobotsOnWhiteSite
9756,28,17
timeStep,numberOfRobotsOnBlackSite,numberOfRobotsOnWhiteSite
9757,28,17
timeStep,numberOfRobotsOnBlackSite,numberOfRobotsOnWhiteSite
9758,28,17
timeStep,numberOfRobotsOnBlackSite,numberOfRobotsOnWhiteSite
9759,28,17
timeStep,numberOfRobotsOnBlackSite,numberOfRobotsOnWhiteSite
9760,28,16
timeStep,numberOfRobotsOnBlackSite,numberOfRobotsOnWhiteSite
9761,28,16
timeStep,numberOfRobotsOnBlackSite,numberOfRobotsOnWhiteSite
9762,28,16
timeStep,numberOfRobotsOnBlackSite,numberOfRobotsOnWhiteSite
9763,28,16
timeStep,numberOfRobotsOnBlackSite,numberOfRobotsOnWhiteSite
9764,28,16
timeStep,numberOfRobotsOnBlackSite,numberOfRobotsOnWhiteSite
9765,28,16
timeStep,numberOfRobotsOnBlackSite,numberOfRobotsOnWhiteSite
9766,28,16
timeStep,numberOfRobotsOnBlackSite,numberOfRobotsOnWhiteSite
9767,28,16
timeStep,numberOfRobotsOnBlackSite,numberOfRobotsOnWhiteSite
9768,28,16
timeStep,numberOfRobotsOnBlackSite,numberOfRobotsOnWhiteSite
9769,28,16
timeStep,numberOfRobotsOnBlackSite,numberOfRobotsOnWhiteSite
9770,28,16
timeStep,numberOfRobotsOnBlackSite,numberOfRobotsOnWhiteSite
9771,28,16
timeStep,numberOfRobotsOnBlackSite,numberOfRobotsOnWhiteSite
9772,28,16
timeStep,numberOfRobotsOnBlackSite,numberOfRobotsOnWhiteSite
9773,28,16
timeStep,numberOfRobotsOnBlackSite,numberOfRobotsOnWhiteSite
9774,28,16
timeStep,numberOfRobotsOnBlackSite,numberOfRobotsOnWhiteSite
9775,28,16
timeStep,numberOfRobotsOnBlackSite,numberOfRobotsOnWhiteSite
9776,28,16
timeStep,numberOfRobotsOnBlackSite,numberOfRobotsOnWhiteSite
9777,28,16
timeStep,numberOfRobotsOnBlackSite,numberOfRobotsOnWhiteSite
9778,28,16
timeStep,numberOfRobotsOnBlackSite,numberOfRobotsOnWhiteSite
9779,28,16
timeStep,numberOfRobotsOnBlackSite,numberOfRobotsOnWhiteSite
9780,28,16
timeStep,numberOfRobotsOnBlackSite,numberOfRobotsOnWhiteSite
9781,28,16
timeStep,numberOfRobotsOnBlackSite,numberOfRobotsOnWhiteSite
9782,28,16
timeStep,numberOfRobotsOnBlackSite,numberOfRobotsOnWhiteSite
9783,28,16
timeStep,numberOfRobotsOnBlackSite,numberOfRobotsOnWhiteSite
9784,28,16
timeStep,numberOfRobotsOnBlackSite,numberOfRobotsOnWhiteSite
9785,28,16
timeStep,numberOfRobotsOnBlackSite,numberOfRobotsOnWhiteSite
9786,28,16
timeStep,numberOfRobotsOnBlackSite,numberOfRobotsOnWhiteSite
9787,28,16
timeStep,numberOfRobotsOnBlackSite,numberOfRobotsOnWhiteSite
9788,28,16
timeStep,numberOfRobotsOnBlackSite,numberOfRobotsOnWhiteSite
9789,28,16
timeStep,numberOfRobotsOnBlackSite,numberOfRobotsOnWhiteSite
9790,28,16
timeStep,numberOfRobotsOnBlackSite,numberOfRobotsOnWhiteSite
9791,28,16
timeStep,numberOfRobotsOnBlackSite,numberOfRobotsOnWhiteSite
9792,28,16
timeStep,numberOfRobotsOnBlackSite,numberOfRobotsOnWhiteSite
9793,28,16
timeStep,numberOfRobotsOnBlackSite,numberOfRobotsOnWhiteSite
9794,28,16
timeStep,numberOfRobotsOnBlackSite,numberOfRobotsOnWhiteSite
9795,28,16
timeStep,numberOfRobotsOnBlackSite,numberOfRobotsOnWhiteSite
9796,28,16
timeStep,numberOfRobotsOnBlackSite,numberOfRobotsOnWhiteSite
9797,28,16
timeStep,numberOfRobotsOnBlackSite,numberOfRobotsOnWhiteSite
9798,28,16
timeStep,numberOfRobotsOnBlackSite,numberOfRobotsOnWhiteSite
9799,28,16
timeStep,numberOfRobotsOnBlackSite,numberOfRobotsOnWhiteSite
9800,28,16
timeStep,numberOfRobotsOnBlackSite,numberOfRobotsOnWhiteSite
9801,28,16
timeStep,numberOfRobotsOnBlackSite,numberOfRobotsOnWhiteSite
9802,28,16
timeStep,numberOfRobotsOnBlackSite,numberOfRobotsOnWhiteSite
9803,28,16
timeStep,numberOfRobotsOnBlackSite,numberOfRobotsOnWhiteSite
9804,28,16
timeStep,numberOfRobotsOnBlackSite,numberOfRobotsOnWhiteSite
9805,28,16
timeStep,numberOfRobotsOnBlackSite,numberOfRobotsOnWhiteSite
9806,28,16
timeStep,numberOfRobotsOnBlackSite,numberOfRobotsOnWhiteSite
9807,28,16
timeStep,numberOfRobotsOnBlackSite,numberOfRobotsOnWhiteSite
9808,28,16
timeStep,numberOfRobotsOnBlackSite,numberOfRobotsOnWhiteSite
9809,28,16
timeStep,numberOfRobotsOnBlackSite,numberOfRobotsOnWhiteSite
9810,28,16
timeStep,numberOfRobotsOnBlackSite,numberOfRobotsOnWhiteSite
9811,28,16
timeStep,numberOfRobotsOnBlackSite,numberOfRobotsOnWhiteSite
9812,28,16
timeStep,numberOfRobotsOnBlackSite,numberOfRobotsOnWhiteSite
9813,28,16
timeStep,numberOfRobotsOnBlackSite,numberOfRobotsOnWhiteSite
9814,28,16
timeStep,numberOfRobotsOnBlackSite,numberOfRobotsOnWhiteSite
9815,28,16
timeStep,numberOfRobotsOnBlackSite,numberOfRobotsOnWhiteSite
9816,28,16
timeStep,numberOfRobotsOnBlackSite,numberOfRobotsOnWhiteSite
9817,28,16
timeStep,numberOfRobotsOnBlackSite,numberOfRobotsOnWhiteSite
9818,28,16
timeStep,numberOfRobotsOnBlackSite,numberOfRobotsOnWhiteSite
9819,28,16
timeStep,numberOfRobotsOnBlackSite,numberOfRobotsOnWhiteSite
9820,28,16
timeStep,numberOfRobotsOnBlackSite,numberOfRobotsOnWhiteSite
9821,28,16
timeStep,numberOfRobotsOnBlackSite,numberOfRobotsOnWhiteSite
9822,28,16
timeStep,numberOfRobotsOnBlackSite,numberOfRobotsOnWhiteSite
9823,28,16
timeStep,numberOfRobotsOnBlackSite,numberOfRobotsOnWhiteSite
9824,28,16
timeStep,numberOfRobotsOnBlackSite,numberOfRobotsOnWhiteSite
9825,28,17
timeStep,numberOfRobotsOnBlackSite,numberOfRobotsOnWhiteSite
9826,28,17
timeStep,numberOfRobotsOnBlackSite,numberOfRobotsOnWhiteSite
9827,28,17
timeStep,numberOfRobotsOnBlackSite,numberOfRobotsOnWhiteSite
9828,28,17
timeStep,numberOfRobotsOnBlackSite,numberOfRobotsOnWhiteSite
9829,28,17
timeStep,numberOfRobotsOnBlackSite,numberOfRobotsOnWhiteSite
9830,27,17
timeStep,numberOfRobotsOnBlackSite,numberOfRobotsOnWhiteSite
9831,27,17
timeStep,numberOfRobotsOnBlackSite,numberOfRobotsOnWhiteSite
9832,27,17
timeStep,numberOfRobotsOnBlackSite,numberOfRobotsOnWhiteSite
9833,27,17
timeStep,numberOfRobotsOnBlackSite,numberOfRobotsOnWhiteSite
9834,27,17
timeStep,numberOfRobotsOnBlackSite,numberOfRobotsOnWhiteSite
9835,27,17
timeStep,numberOfRobotsOnBlackSite,numberOfRobotsOnWhiteSite
9836,27,17
timeStep,numberOfRobotsOnBlackSite,numberOfRobotsOnWhiteSite
9837,27,17
timeStep,numberOfRobotsOnBlackSite,numberOfRobotsOnWhiteSite
9838,27,17
timeStep,numberOfRobotsOnBlackSite,numberOfRobotsOnWhiteSite
9839,27,17
timeStep,numberOfRobotsOnBlackSite,numberOfRobotsOnWhiteSite
9840,27,17
timeStep,numberOfRobotsOnBlackSite,numberOfRobotsOnWhiteSite
9841,27,17
timeStep,numberOfRobotsOnBlackSite,numberOfRobotsOnWhiteSite
9842,27,17
timeStep,numberOfRobotsOnBlackSite,numberOfRobotsOnWhiteSite
9843,27,17
timeStep,numberOfRobotsOnBlackSite,numberOfRobotsOnWhiteSite
9844,27,17
timeStep,numberOfRobotsOnBlackSite,numberOfRobotsOnWhiteSite
9845,27,17
timeStep,numberOfRobotsOnBlackSite,numberOfRobotsOnWhiteSite
9846,27,17
timeStep,numberOfRobotsOnBlackSite,numberOfRobotsOnWhiteSite
9847,27,17
timeStep,numberOfRobotsOnBlackSite,numberOfRobotsOnWhiteSite
9848,27,17
timeStep,numberOfRobotsOnBlackSite,numberOfRobotsOnWhiteSite
9849,27,17
timeStep,numberOfRobotsOnBlackSite,numberOfRobotsOnWhiteSite
9850,27,17
timeStep,numberOfRobotsOnBlackSite,numberOfRobotsOnWhiteSite
9851,27,17
timeStep,numberOfRobotsOnBlackSite,numberOfRobotsOnWhiteSite
9852,27,17
timeStep,numberOfRobotsOnBlackSite,numberOfRobotsOnWhiteSite
9853,27,17
timeStep,numberOfRobotsOnBlackSite,numberOfRobotsOnWhiteSite
9854,27,17
timeStep,numberOfRobotsOnBlackSite,numberOfRobotsOnWhiteSite
9855,27,17
timeStep,numberOfRobotsOnBlackSite,numberOfRobotsOnWhiteSite
9856,27,17
timeStep,numberOfRobotsOnBlackSite,numberOfRobotsOnWhiteSite
9857,27,17
timeStep,numberOfRobotsOnBlackSite,numberOfRobotsOnWhiteSite
9858,27,17
timeStep,numberOfRobotsOnBlackSite,numberOfRobotsOnWhiteSite
9859,27,17
timeStep,numberOfRobotsOnBlackSite,numberOfRobotsOnWhiteSite
9860,27,17
timeStep,numberOfRobotsOnBlackSite,numberOfRobotsOnWhiteSite
9861,27,17
timeStep,numberOfRobotsOnBlackSite,numberOfRobotsOnWhiteSite
9862,27,17
timeStep,numberOfRobotsOnBlackSite,numberOfRobotsOnWhiteSite
9863,27,17
timeStep,numberOfRobotsOnBlackSite,numberOfRobotsOnWhiteSite
9864,27,17
timeStep,numberOfRobotsOnBlackSite,numberOfRobotsOnWhiteSite
9865,28,17
timeStep,numberOfRobotsOnBlackSite,numberOfRobotsOnWhiteSite
9866,28,17
timeStep,numberOfRobotsOnBlackSite,numberOfRobotsOnWhiteSite
9867,28,17
timeStep,numberOfRobotsOnBlackSite,numberOfRobotsOnWhiteSite
9868,28,17
timeStep,numberOfRobotsOnBlackSite,numberOfRobotsOnWhiteSite
9869,28,17
timeStep,numberOfRobotsOnBlackSite,numberOfRobotsOnWhiteSite
9870,28,17
timeStep,numberOfRobotsOnBlackSite,numberOfRobotsOnWhiteSite
9871,28,17
timeStep,numberOfRobotsOnBlackSite,numberOfRobotsOnWhiteSite
9872,28,17
timeStep,numberOfRobotsOnBlackSite,numberOfRobotsOnWhiteSite
9873,28,17
timeStep,numberOfRobotsOnBlackSite,numberOfRobotsOnWhiteSite
9874,28,17
timeStep,numberOfRobotsOnBlackSite,numberOfRobotsOnWhiteSite
9875,28,17
timeStep,numberOfRobotsOnBlackSite,numberOfRobotsOnWhiteSite
9876,28,17
timeStep,numberOfRobotsOnBlackSite,numberOfRobotsOnWhiteSite
9877,28,17
timeStep,numberOfRobotsOnBlackSite,numberOfRobotsOnWhiteSite
9878,28,17
timeStep,numberOfRobotsOnBlackSite,numberOfRobotsOnWhiteSite
9879,28,17
timeStep,numberOfRobotsOnBlackSite,numberOfRobotsOnWhiteSite
9880,28,17
timeStep,numberOfRobotsOnBlackSite,numberOfRobotsOnWhiteSite
9881,28,17
timeStep,numberOfRobotsOnBlackSite,numberOfRobotsOnWhiteSite
9882,28,17
timeStep,numberOfRobotsOnBlackSite,numberOfRobotsOnWhiteSite
9883,28,17
timeStep,numberOfRobotsOnBlackSite,numberOfRobotsOnWhiteSite
9884,28,17
timeStep,numberOfRobotsOnBlackSite,numberOfRobotsOnWhiteSite
9885,28,17
timeStep,numberOfRobotsOnBlackSite,numberOfRobotsOnWhiteSite
9886,28,17
timeStep,numberOfRobotsOnBlackSite,numberOfRobotsOnWhiteSite
9887,28,17
timeStep,numberOfRobotsOnBlackSite,numberOfRobotsOnWhiteSite
9888,28,17
timeStep,numberOfRobotsOnBlackSite,numberOfRobotsOnWhiteSite
9889,28,17
timeStep,numberOfRobotsOnBlackSite,numberOfRobotsOnWhiteSite
9890,28,17
timeStep,numberOfRobotsOnBlackSite,numberOfRobotsOnWhiteSite
9891,28,17
timeStep,numberOfRobotsOnBlackSite,numberOfRobotsOnWhiteSite
9892,28,17
timeStep,numberOfRobotsOnBlackSite,numberOfRobotsOnWhiteSite
9893,28,17
timeStep,numberOfRobotsOnBlackSite,numberOfRobotsOnWhiteSite
9894,28,17
timeStep,numberOfRobotsOnBlackSite,numberOfRobotsOnWhiteSite
9895,28,17
timeStep,numberOfRobotsOnBlackSite,numberOfRobotsOnWhiteSite
9896,28,17
timeStep,numberOfRobotsOnBlackSite,numberOfRobotsOnWhiteSite
9897,28,17
timeStep,numberOfRobotsOnBlackSite,numberOfRobotsOnWhiteSite
9898,28,17
timeStep,numberOfRobotsOnBlackSite,numberOfRobotsOnWhiteSite
9899,28,17
timeStep,numberOfRobotsOnBlackSite,numberOfRobotsOnWhiteSite
9900,28,17
timeStep,numberOfRobotsOnBlackSite,numberOfRobotsOnWhiteSite
9901,28,17
timeStep,numberOfRobotsOnBlackSite,numberOfRobotsOnWhiteSite
9902,28,17
timeStep,numberOfRobotsOnBlackSite,numberOfRobotsOnWhiteSite
9903,28,17
timeStep,numberOfRobotsOnBlackSite,numberOfRobotsOnWhiteSite
9904,28,17
timeStep,numberOfRobotsOnBlackSite,numberOfRobotsOnWhiteSite
9905,28,17
timeStep,numberOfRobotsOnBlackSite,numberOfRobotsOnWhiteSite
9906,28,17
timeStep,numberOfRobotsOnBlackSite,numberOfRobotsOnWhiteSite
9907,28,17
timeStep,numberOfRobotsOnBlackSite,numberOfRobotsOnWhiteSite
9908,28,17
timeStep,numberOfRobotsOnBlackSite,numberOfRobotsOnWhiteSite
9909,28,17
timeStep,numberOfRobotsOnBlackSite,numberOfRobotsOnWhiteSite
9910,28,17
timeStep,numberOfRobotsOnBlackSite,numberOfRobotsOnWhiteSite
9911,28,17
timeStep,numberOfRobotsOnBlackSite,numberOfRobotsOnWhiteSite
9912,28,17
timeStep,numberOfRobotsOnBlackSite,numberOfRobotsOnWhiteSite
9913,28,17
timeStep,numberOfRobotsOnBlackSite,numberOfRobotsOnWhiteSite
9914,28,17
timeStep,numberOfRobotsOnBlackSite,numberOfRobotsOnWhiteSite
9915,28,17
timeStep,numberOfRobotsOnBlackSite,numberOfRobotsOnWhiteSite
9916,28,17
timeStep,numberOfRobotsOnBlackSite,numberOfRobotsOnWhiteSite
9917,28,17
timeStep,numberOfRobotsOnBlackSite,numberOfRobotsOnWhiteSite
9918,28,17
timeStep,numberOfRobotsOnBlackSite,numberOfRobotsOnWhiteSite
9919,28,17
timeStep,numberOfRobotsOnBlackSite,numberOfRobotsOnWhiteSite
9920,28,17
timeStep,numberOfRobotsOnBlackSite,numberOfRobotsOnWhiteSite
9921,28,17
timeStep,numberOfRobotsOnBlackSite,numberOfRobotsOnWhiteSite
9922,28,17
timeStep,numberOfRobotsOnBlackSite,numberOfRobotsOnWhiteSite
9923,28,17
timeStep,numberOfRobotsOnBlackSite,numberOfRobotsOnWhiteSite
9924,28,17
timeStep,numberOfRobotsOnBlackSite,numberOfRobotsOnWhiteSite
9925,28,17
timeStep,numberOfRobotsOnBlackSite,numberOfRobotsOnWhiteSite
9926,28,17
timeStep,numberOfRobotsOnBlackSite,numberOfRobotsOnWhiteSite
9927,28,17
timeStep,numberOfRobotsOnBlackSite,numberOfRobotsOnWhiteSite
9928,28,17
timeStep,numberOfRobotsOnBlackSite,numberOfRobotsOnWhiteSite
9929,28,17
timeStep,numberOfRobotsOnBlackSite,numberOfRobotsOnWhiteSite
9930,28,17
timeStep,numberOfRobotsOnBlackSite,numberOfRobotsOnWhiteSite
9931,28,17
timeStep,numberOfRobotsOnBlackSite,numberOfRobotsOnWhiteSite
9932,28,17
timeStep,numberOfRobotsOnBlackSite,numberOfRobotsOnWhiteSite
9933,28,17
timeStep,numberOfRobotsOnBlackSite,numberOfRobotsOnWhiteSite
9934,28,17
timeStep,numberOfRobotsOnBlackSite,numberOfRobotsOnWhiteSite
9935,28,17
timeStep,numberOfRobotsOnBlackSite,numberOfRobotsOnWhiteSite
9936,28,17
timeStep,numberOfRobotsOnBlackSite,numberOfRobotsOnWhiteSite
9937,28,17
timeStep,numberOfRobotsOnBlackSite,numberOfRobotsOnWhiteSite
9938,28,17
timeStep,numberOfRobotsOnBlackSite,numberOfRobotsOnWhiteSite
9939,28,17
timeStep,numberOfRobotsOnBlackSite,numberOfRobotsOnWhiteSite
9940,28,17
timeStep,numberOfRobotsOnBlackSite,numberOfRobotsOnWhiteSite
9941,28,17
timeStep,numberOfRobotsOnBlackSite,numberOfRobotsOnWhiteSite
9942,28,17
timeStep,numberOfRobotsOnBlackSite,numberOfRobotsOnWhiteSite
9943,28,17
timeStep,numberOfRobotsOnBlackSite,numberOfRobotsOnWhiteSite
9944,28,17
timeStep,numberOfRobotsOnBlackSite,numberOfRobotsOnWhiteSite
9945,28,17
timeStep,numberOfRobotsOnBlackSite,numberOfRobotsOnWhiteSite
9946,28,17
timeStep,numberOfRobotsOnBlackSite,numberOfRobotsOnWhiteSite
9947,28,17
timeStep,numberOfRobotsOnBlackSite,numberOfRobotsOnWhiteSite
9948,28,17
timeStep,numberOfRobotsOnBlackSite,numberOfRobotsOnWhiteSite
9949,28,17
timeStep,numberOfRobotsOnBlackSite,numberOfRobotsOnWhiteSite
9950,28,17
timeStep,numberOfRobotsOnBlackSite,numberOfRobotsOnWhiteSite
9951,28,17
timeStep,numberOfRobotsOnBlackSite,numberOfRobotsOnWhiteSite
9952,28,17
timeStep,numberOfRobotsOnBlackSite,numberOfRobotsOnWhiteSite
9953,28,17
timeStep,numberOfRobotsOnBlackSite,numberOfRobotsOnWhiteSite
9954,28,17
timeStep,numberOfRobotsOnBlackSite,numberOfRobotsOnWhiteSite
9955,28,17
timeStep,numberOfRobotsOnBlackSite,numberOfRobotsOnWhiteSite
9956,28,17
timeStep,numberOfRobotsOnBlackSite,numberOfRobotsOnWhiteSite
9957,28,17
timeStep,numberOfRobotsOnBlackSite,numberOfRobotsOnWhiteSite
9958,28,17
timeStep,numberOfRobotsOnBlackSite,numberOfRobotsOnWhiteSite
9959,28,17
timeStep,numberOfRobotsOnBlackSite,numberOfRobotsOnWhiteSite
9960,28,17
timeStep,numberOfRobotsOnBlackSite,numberOfRobotsOnWhiteSite
9961,28,17
timeStep,numberOfRobotsOnBlackSite,numberOfRobotsOnWhiteSite
9962,28,17
timeStep,numberOfRobotsOnBlackSite,numberOfRobotsOnWhiteSite
9963,28,17
timeStep,numberOfRobotsOnBlackSite,numberOfRobotsOnWhiteSite
9964,28,17
timeStep,numberOfRobotsOnBlackSite,numberOfRobotsOnWhiteSite
9965,28,16
timeStep,numberOfRobotsOnBlackSite,numberOfRobotsOnWhiteSite
9966,28,16
timeStep,numberOfRobotsOnBlackSite,numberOfRobotsOnWhiteSite
9967,28,16
timeStep,numberOfRobotsOnBlackSite,numberOfRobotsOnWhiteSite
9968,28,16
timeStep,numberOfRobotsOnBlackSite,numberOfRobotsOnWhiteSite
9969,28,16
timeStep,numberOfRobotsOnBlackSite,numberOfRobotsOnWhiteSite
9970,28,16
timeStep,numberOfRobotsOnBlackSite,numberOfRobotsOnWhiteSite
9971,28,16
timeStep,numberOfRobotsOnBlackSite,numberOfRobotsOnWhiteSite
9972,28,16
timeStep,numberOfRobotsOnBlackSite,numberOfRobotsOnWhiteSite
9973,28,16
timeStep,numberOfRobotsOnBlackSite,numberOfRobotsOnWhiteSite
9974,28,16
timeStep,numberOfRobotsOnBlackSite,numberOfRobotsOnWhiteSite
9975,28,16
timeStep,numberOfRobotsOnBlackSite,numberOfRobotsOnWhiteSite
9976,28,16
timeStep,numberOfRobotsOnBlackSite,numberOfRobotsOnWhiteSite
9977,28,16
timeStep,numberOfRobotsOnBlackSite,numberOfRobotsOnWhiteSite
9978,28,16
timeStep,numberOfRobotsOnBlackSite,numberOfRobotsOnWhiteSite
9979,28,16
timeStep,numberOfRobotsOnBlackSite,numberOfRobotsOnWhiteSite
9980,28,16
timeStep,numberOfRobotsOnBlackSite,numberOfRobotsOnWhiteSite
9981,28,16
timeStep,numberOfRobotsOnBlackSite,numberOfRobotsOnWhiteSite
9982,28,16
timeStep,numberOfRobotsOnBlackSite,numberOfRobotsOnWhiteSite
9983,28,16
timeStep,numberOfRobotsOnBlackSite,numberOfRobotsOnWhiteSite
9984,28,16
timeStep,numberOfRobotsOnBlackSite,numberOfRobotsOnWhiteSite
9985,28,16
timeStep,numberOfRobotsOnBlackSite,numberOfRobotsOnWhiteSite
9986,28,16
timeStep,numberOfRobotsOnBlackSite,numberOfRobotsOnWhiteSite
9987,28,16
timeStep,numberOfRobotsOnBlackSite,numberOfRobotsOnWhiteSite
9988,28,16
timeStep,numberOfRobotsOnBlackSite,numberOfRobotsOnWhiteSite
9989,28,16
timeStep,numberOfRobotsOnBlackSite,numberOfRobotsOnWhiteSite
9990,28,16
timeStep,numberOfRobotsOnBlackSite,numberOfRobotsOnWhiteSite
9991,28,16
timeStep,numberOfRobotsOnBlackSite,numberOfRobotsOnWhiteSite
9992,28,16
timeStep,numberOfRobotsOnBlackSite,numberOfRobotsOnWhiteSite
9993,28,16
timeStep,numberOfRobotsOnBlackSite,numberOfRobotsOnWhiteSite
9994,28,16
timeStep,numberOfRobotsOnBlackSite,numberOfRobotsOnWhiteSite
9995,28,16
timeStep,numberOfRobotsOnBlackSite,numberOfRobotsOnWhiteSite
9996,28,16
timeStep,numberOfRobotsOnBlackSite,numberOfRobotsOnWhiteSite
9997,28,16
timeStep,numberOfRobotsOnBlackSite,numberOfRobotsOnWhiteSite
9998,28,16
timeStep,numberOfRobotsOnBlackSite,numberOfRobotsOnWhiteSite
9999,28,16
timeStep,numberOfRobotsOnBlackSite,numberOfRobotsOnWhiteSite
10000,28,16
timeStep,numberOfRobotsOnBlackSite,numberOfRobotsOnWhiteSite
10001,28,16
timeStep,numberOfRobotsOnBlackSite,numberOfRobotsOnWhiteSite
10002,28,16
timeStep,numberOfRobotsOnBlackSite,numberOfRobotsOnWhiteSite
10003,28,16
timeStep,numberOfRobotsOnBlackSite,numberOfRobotsOnWhiteSite
10004,28,16
timeStep,numberOfRobotsOnBlackSite,numberOfRobotsOnWhiteSite
10005,28,15
timeStep,numberOfRobotsOnBlackSite,numberOfRobotsOnWhiteSite
10006,28,15
timeStep,numberOfRobotsOnBlackSite,numberOfRobotsOnWhiteSite
10007,28,15
timeStep,numberOfRobotsOnBlackSite,numberOfRobotsOnWhiteSite
10008,28,15
timeStep,numberOfRobotsOnBlackSite,numberOfRobotsOnWhiteSite
10009,28,15
timeStep,numberOfRobotsOnBlackSite,numberOfRobotsOnWhiteSite
10010,28,15
timeStep,numberOfRobotsOnBlackSite,numberOfRobotsOnWhiteSite
10011,28,15
timeStep,numberOfRobotsOnBlackSite,numberOfRobotsOnWhiteSite
10012,28,15
timeStep,numberOfRobotsOnBlackSite,numberOfRobotsOnWhiteSite
10013,28,15
timeStep,numberOfRobotsOnBlackSite,numberOfRobotsOnWhiteSite
10014,28,15
timeStep,numberOfRobotsOnBlackSite,numberOfRobotsOnWhiteSite
10015,28,15
timeStep,numberOfRobotsOnBlackSite,numberOfRobotsOnWhiteSite
10016,28,15
timeStep,numberOfRobotsOnBlackSite,numberOfRobotsOnWhiteSite
10017,28,15
timeStep,numberOfRobotsOnBlackSite,numberOfRobotsOnWhiteSite
10018,28,15
timeStep,numberOfRobotsOnBlackSite,numberOfRobotsOnWhiteSite
10019,28,15
timeStep,numberOfRobotsOnBlackSite,numberOfRobotsOnWhiteSite
10020,28,14
timeStep,numberOfRobotsOnBlackSite,numberOfRobotsOnWhiteSite
10021,28,14
timeStep,numberOfRobotsOnBlackSite,numberOfRobotsOnWhiteSite
10022,28,14
timeStep,numberOfRobotsOnBlackSite,numberOfRobotsOnWhiteSite
10023,28,14
timeStep,numberOfRobotsOnBlackSite,numberOfRobotsOnWhiteSite
10024,28,14
timeStep,numberOfRobotsOnBlackSite,numberOfRobotsOnWhiteSite
10025,28,14
timeStep,numberOfRobotsOnBlackSite,numberOfRobotsOnWhiteSite
10026,28,14
timeStep,numberOfRobotsOnBlackSite,numberOfRobotsOnWhiteSite
10027,28,14
timeStep,numberOfRobotsOnBlackSite,numberOfRobotsOnWhiteSite
10028,28,14
timeStep,numberOfRobotsOnBlackSite,numberOfRobotsOnWhiteSite
10029,28,14
timeStep,numberOfRobotsOnBlackSite,numberOfRobotsOnWhiteSite
10030,28,14
timeStep,numberOfRobotsOnBlackSite,numberOfRobotsOnWhiteSite
10031,28,14
timeStep,numberOfRobotsOnBlackSite,numberOfRobotsOnWhiteSite
10032,28,14
timeStep,numberOfRobotsOnBlackSite,numberOfRobotsOnWhiteSite
10033,28,14
timeStep,numberOfRobotsOnBlackSite,numberOfRobotsOnWhiteSite
10034,28,14
timeStep,numberOfRobotsOnBlackSite,numberOfRobotsOnWhiteSite
10035,28,14
timeStep,numberOfRobotsOnBlackSite,numberOfRobotsOnWhiteSite
10036,28,14
timeStep,numberOfRobotsOnBlackSite,numberOfRobotsOnWhiteSite
10037,28,14
timeStep,numberOfRobotsOnBlackSite,numberOfRobotsOnWhiteSite
10038,28,14
timeStep,numberOfRobotsOnBlackSite,numberOfRobotsOnWhiteSite
10039,28,14
timeStep,numberOfRobotsOnBlackSite,numberOfRobotsOnWhiteSite
10040,28,14
timeStep,numberOfRobotsOnBlackSite,numberOfRobotsOnWhiteSite
10041,28,14
timeStep,numberOfRobotsOnBlackSite,numberOfRobotsOnWhiteSite
10042,28,14
timeStep,numberOfRobotsOnBlackSite,numberOfRobotsOnWhiteSite
10043,28,14
timeStep,numberOfRobotsOnBlackSite,numberOfRobotsOnWhiteSite
10044,28,14
timeStep,numberOfRobotsOnBlackSite,numberOfRobotsOnWhiteSite
10045,29,14
timeStep,numberOfRobotsOnBlackSite,numberOfRobotsOnWhiteSite
10046,29,14
timeStep,numberOfRobotsOnBlackSite,numberOfRobotsOnWhiteSite
10047,29,14
timeStep,numberOfRobotsOnBlackSite,numberOfRobotsOnWhiteSite
10048,29,14
timeStep,numberOfRobotsOnBlackSite,numberOfRobotsOnWhiteSite
10049,29,14
timeStep,numberOfRobotsOnBlackSite,numberOfRobotsOnWhiteSite
10050,29,14
timeStep,numberOfRobotsOnBlackSite,numberOfRobotsOnWhiteSite
10051,29,14
timeStep,numberOfRobotsOnBlackSite,numberOfRobotsOnWhiteSite
10052,29,14
timeStep,numberOfRobotsOnBlackSite,numberOfRobotsOnWhiteSite
10053,29,14
timeStep,numberOfRobotsOnBlackSite,numberOfRobotsOnWhiteSite
10054,29,14
timeStep,numberOfRobotsOnBlackSite,numberOfRobotsOnWhiteSite
10055,29,14
timeStep,numberOfRobotsOnBlackSite,numberOfRobotsOnWhiteSite
10056,29,14
timeStep,numberOfRobotsOnBlackSite,numberOfRobotsOnWhiteSite
10057,29,14
timeStep,numberOfRobotsOnBlackSite,numberOfRobotsOnWhiteSite
10058,29,14
timeStep,numberOfRobotsOnBlackSite,numberOfRobotsOnWhiteSite
10059,29,14
timeStep,numberOfRobotsOnBlackSite,numberOfRobotsOnWhiteSite
10060,27,14
timeStep,numberOfRobotsOnBlackSite,numberOfRobotsOnWhiteSite
10061,27,14
timeStep,numberOfRobotsOnBlackSite,numberOfRobotsOnWhiteSite
10062,27,14
timeStep,numberOfRobotsOnBlackSite,numberOfRobotsOnWhiteSite
10063,27,14
timeStep,numberOfRobotsOnBlackSite,numberOfRobotsOnWhiteSite
10064,27,14
timeStep,numberOfRobotsOnBlackSite,numberOfRobotsOnWhiteSite
10065,27,14
timeStep,numberOfRobotsOnBlackSite,numberOfRobotsOnWhiteSite
10066,27,14
timeStep,numberOfRobotsOnBlackSite,numberOfRobotsOnWhiteSite
10067,27,14
timeStep,numberOfRobotsOnBlackSite,numberOfRobotsOnWhiteSite
10068,27,14
timeStep,numberOfRobotsOnBlackSite,numberOfRobotsOnWhiteSite
10069,27,14
timeStep,numberOfRobotsOnBlackSite,numberOfRobotsOnWhiteSite
10070,27,14
timeStep,numberOfRobotsOnBlackSite,numberOfRobotsOnWhiteSite
10071,27,14
timeStep,numberOfRobotsOnBlackSite,numberOfRobotsOnWhiteSite
10072,27,14
timeStep,numberOfRobotsOnBlackSite,numberOfRobotsOnWhiteSite
10073,27,14
timeStep,numberOfRobotsOnBlackSite,numberOfRobotsOnWhiteSite
10074,27,14
timeStep,numberOfRobotsOnBlackSite,numberOfRobotsOnWhiteSite
10075,27,14
timeStep,numberOfRobotsOnBlackSite,numberOfRobotsOnWhiteSite
10076,27,14
timeStep,numberOfRobotsOnBlackSite,numberOfRobotsOnWhiteSite
10077,27,14
timeStep,numberOfRobotsOnBlackSite,numberOfRobotsOnWhiteSite
10078,27,14
timeStep,numberOfRobotsOnBlackSite,numberOfRobotsOnWhiteSite
10079,27,14
timeStep,numberOfRobotsOnBlackSite,numberOfRobotsOnWhiteSite
10080,27,14
timeStep,numberOfRobotsOnBlackSite,numberOfRobotsOnWhiteSite
10081,27,14
timeStep,numberOfRobotsOnBlackSite,numberOfRobotsOnWhiteSite
10082,27,14
timeStep,numberOfRobotsOnBlackSite,numberOfRobotsOnWhiteSite
10083,27,14
timeStep,numberOfRobotsOnBlackSite,numberOfRobotsOnWhiteSite
10084,27,14
timeStep,numberOfRobotsOnBlackSite,numberOfRobotsOnWhiteSite
10085,27,14
timeStep,numberOfRobotsOnBlackSite,numberOfRobotsOnWhiteSite
10086,27,14
timeStep,numberOfRobotsOnBlackSite,numberOfRobotsOnWhiteSite
10087,27,14
timeStep,numberOfRobotsOnBlackSite,numberOfRobotsOnWhiteSite
10088,27,14
timeStep,numberOfRobotsOnBlackSite,numberOfRobotsOnWhiteSite
10089,27,14
timeStep,numberOfRobotsOnBlackSite,numberOfRobotsOnWhiteSite
10090,27,14
timeStep,numberOfRobotsOnBlackSite,numberOfRobotsOnWhiteSite
10091,27,14
timeStep,numberOfRobotsOnBlackSite,numberOfRobotsOnWhiteSite
10092,27,14
timeStep,numberOfRobotsOnBlackSite,numberOfRobotsOnWhiteSite
10093,27,14
timeStep,numberOfRobotsOnBlackSite,numberOfRobotsOnWhiteSite
10094,27,14
timeStep,numberOfRobotsOnBlackSite,numberOfRobotsOnWhiteSite
10095,27,14
timeStep,numberOfRobotsOnBlackSite,numberOfRobotsOnWhiteSite
10096,27,14
timeStep,numberOfRobotsOnBlackSite,numberOfRobotsOnWhiteSite
10097,27,14
timeStep,numberOfRobotsOnBlackSite,numberOfRobotsOnWhiteSite
10098,27,14
timeStep,numberOfRobotsOnBlackSite,numberOfRobotsOnWhiteSite
10099,27,14
timeStep,numberOfRobotsOnBlackSite,numberOfRobotsOnWhiteSite
10100,27,14
timeStep,numberOfRobotsOnBlackSite,numberOfRobotsOnWhiteSite
10101,27,14
timeStep,numberOfRobotsOnBlackSite,numberOfRobotsOnWhiteSite
10102,27,14
timeStep,numberOfRobotsOnBlackSite,numberOfRobotsOnWhiteSite
10103,27,14
timeStep,numberOfRobotsOnBlackSite,numberOfRobotsOnWhiteSite
10104,27,14
timeStep,numberOfRobotsOnBlackSite,numberOfRobotsOnWhiteSite
10105,27,14
timeStep,numberOfRobotsOnBlackSite,numberOfRobotsOnWhiteSite
10106,27,14
timeStep,numberOfRobotsOnBlackSite,numberOfRobotsOnWhiteSite
10107,27,14
timeStep,numberOfRobotsOnBlackSite,numberOfRobotsOnWhiteSite
10108,27,14
timeStep,numberOfRobotsOnBlackSite,numberOfRobotsOnWhiteSite
10109,27,14
timeStep,numberOfRobotsOnBlackSite,numberOfRobotsOnWhiteSite
10110,27,14
timeStep,numberOfRobotsOnBlackSite,numberOfRobotsOnWhiteSite
10111,27,14
timeStep,numberOfRobotsOnBlackSite,numberOfRobotsOnWhiteSite
10112,27,14
timeStep,numberOfRobotsOnBlackSite,numberOfRobotsOnWhiteSite
10113,27,14
timeStep,numberOfRobotsOnBlackSite,numberOfRobotsOnWhiteSite
10114,27,14
timeStep,numberOfRobotsOnBlackSite,numberOfRobotsOnWhiteSite
10115,27,14
timeStep,numberOfRobotsOnBlackSite,numberOfRobotsOnWhiteSite
10116,27,14
timeStep,numberOfRobotsOnBlackSite,numberOfRobotsOnWhiteSite
10117,27,14
timeStep,numberOfRobotsOnBlackSite,numberOfRobotsOnWhiteSite
10118,27,14
timeStep,numberOfRobotsOnBlackSite,numberOfRobotsOnWhiteSite
10119,27,14
timeStep,numberOfRobotsOnBlackSite,numberOfRobotsOnWhiteSite
10120,27,14
timeStep,numberOfRobotsOnBlackSite,numberOfRobotsOnWhiteSite
10121,27,14
timeStep,numberOfRobotsOnBlackSite,numberOfRobotsOnWhiteSite
10122,27,14
timeStep,numberOfRobotsOnBlackSite,numberOfRobotsOnWhiteSite
10123,27,14
timeStep,numberOfRobotsOnBlackSite,numberOfRobotsOnWhiteSite
10124,27,14
timeStep,numberOfRobotsOnBlackSite,numberOfRobotsOnWhiteSite
10125,27,14
timeStep,numberOfRobotsOnBlackSite,numberOfRobotsOnWhiteSite
10126,27,14
timeStep,numberOfRobotsOnBlackSite,numberOfRobotsOnWhiteSite
10127,27,14
timeStep,numberOfRobotsOnBlackSite,numberOfRobotsOnWhiteSite
10128,27,14
timeStep,numberOfRobotsOnBlackSite,numberOfRobotsOnWhiteSite
10129,27,14
timeStep,numberOfRobotsOnBlackSite,numberOfRobotsOnWhiteSite
10130,27,14
timeStep,numberOfRobotsOnBlackSite,numberOfRobotsOnWhiteSite
10131,27,14
timeStep,numberOfRobotsOnBlackSite,numberOfRobotsOnWhiteSite
10132,27,14
timeStep,numberOfRobotsOnBlackSite,numberOfRobotsOnWhiteSite
10133,27,14
timeStep,numberOfRobotsOnBlackSite,numberOfRobotsOnWhiteSite
10134,27,14
timeStep,numberOfRobotsOnBlackSite,numberOfRobotsOnWhiteSite
10135,27,14
timeStep,numberOfRobotsOnBlackSite,numberOfRobotsOnWhiteSite
10136,27,14
timeStep,numberOfRobotsOnBlackSite,numberOfRobotsOnWhiteSite
10137,27,14
timeStep,numberOfRobotsOnBlackSite,numberOfRobotsOnWhiteSite
10138,27,14
timeStep,numberOfRobotsOnBlackSite,numberOfRobotsOnWhiteSite
10139,27,14
timeStep,numberOfRobotsOnBlackSite,numberOfRobotsOnWhiteSite
10140,27,14
timeStep,numberOfRobotsOnBlackSite,numberOfRobotsOnWhiteSite
10141,27,14
timeStep,numberOfRobotsOnBlackSite,numberOfRobotsOnWhiteSite
10142,27,14
timeStep,numberOfRobotsOnBlackSite,numberOfRobotsOnWhiteSite
10143,27,14
timeStep,numberOfRobotsOnBlackSite,numberOfRobotsOnWhiteSite
10144,27,14
timeStep,numberOfRobotsOnBlackSite,numberOfRobotsOnWhiteSite
10145,27,14
timeStep,numberOfRobotsOnBlackSite,numberOfRobotsOnWhiteSite
10146,27,14
timeStep,numberOfRobotsOnBlackSite,numberOfRobotsOnWhiteSite
10147,27,14
timeStep,numberOfRobotsOnBlackSite,numberOfRobotsOnWhiteSite
10148,27,14
timeStep,numberOfRobotsOnBlackSite,numberOfRobotsOnWhiteSite
10149,27,14
timeStep,numberOfRobotsOnBlackSite,numberOfRobotsOnWhiteSite
10150,27,14
timeStep,numberOfRobotsOnBlackSite,numberOfRobotsOnWhiteSite
10151,27,14
timeStep,numberOfRobotsOnBlackSite,numberOfRobotsOnWhiteSite
10152,27,14
timeStep,numberOfRobotsOnBlackSite,numberOfRobotsOnWhiteSite
10153,27,14
timeStep,numberOfRobotsOnBlackSite,numberOfRobotsOnWhiteSite
10154,27,14
timeStep,numberOfRobotsOnBlackSite,numberOfRobotsOnWhiteSite
10155,27,14
timeStep,numberOfRobotsOnBlackSite,numberOfRobotsOnWhiteSite
10156,27,14
timeStep,numberOfRobotsOnBlackSite,numberOfRobotsOnWhiteSite
10157,27,14
timeStep,numberOfRobotsOnBlackSite,numberOfRobotsOnWhiteSite
10158,27,14
timeStep,numberOfRobotsOnBlackSite,numberOfRobotsOnWhiteSite
10159,27,14
timeStep,numberOfRobotsOnBlackSite,numberOfRobotsOnWhiteSite
10160,27,14
timeStep,numberOfRobotsOnBlackSite,numberOfRobotsOnWhiteSite
10161,27,14
timeStep,numberOfRobotsOnBlackSite,numberOfRobotsOnWhiteSite
10162,27,14
timeStep,numberOfRobotsOnBlackSite,numberOfRobotsOnWhiteSite
10163,27,14
timeStep,numberOfRobotsOnBlackSite,numberOfRobotsOnWhiteSite
10164,27,14
timeStep,numberOfRobotsOnBlackSite,numberOfRobotsOnWhiteSite
10165,27,14
timeStep,numberOfRobotsOnBlackSite,numberOfRobotsOnWhiteSite
10166,27,14
timeStep,numberOfRobotsOnBlackSite,numberOfRobotsOnWhiteSite
10167,27,14
timeStep,numberOfRobotsOnBlackSite,numberOfRobotsOnWhiteSite
10168,27,14
timeStep,numberOfRobotsOnBlackSite,numberOfRobotsOnWhiteSite
10169,27,14
timeStep,numberOfRobotsOnBlackSite,numberOfRobotsOnWhiteSite
10170,27,14
timeStep,numberOfRobotsOnBlackSite,numberOfRobotsOnWhiteSite
10171,27,14
timeStep,numberOfRobotsOnBlackSite,numberOfRobotsOnWhiteSite
10172,27,14
timeStep,numberOfRobotsOnBlackSite,numberOfRobotsOnWhiteSite
10173,27,14
timeStep,numberOfRobotsOnBlackSite,numberOfRobotsOnWhiteSite
10174,27,14
timeStep,numberOfRobotsOnBlackSite,numberOfRobotsOnWhiteSite
10175,27,14
timeStep,numberOfRobotsOnBlackSite,numberOfRobotsOnWhiteSite
10176,27,14
timeStep,numberOfRobotsOnBlackSite,numberOfRobotsOnWhiteSite
10177,27,14
timeStep,numberOfRobotsOnBlackSite,numberOfRobotsOnWhiteSite
10178,27,14
timeStep,numberOfRobotsOnBlackSite,numberOfRobotsOnWhiteSite
10179,27,14
timeStep,numberOfRobotsOnBlackSite,numberOfRobotsOnWhiteSite
10180,27,15
timeStep,numberOfRobotsOnBlackSite,numberOfRobotsOnWhiteSite
10181,27,15
timeStep,numberOfRobotsOnBlackSite,numberOfRobotsOnWhiteSite
10182,27,15
timeStep,numberOfRobotsOnBlackSite,numberOfRobotsOnWhiteSite
10183,27,15
timeStep,numberOfRobotsOnBlackSite,numberOfRobotsOnWhiteSite
10184,27,15
timeStep,numberOfRobotsOnBlackSite,numberOfRobotsOnWhiteSite
10185,27,15
timeStep,numberOfRobotsOnBlackSite,numberOfRobotsOnWhiteSite
10186,27,15
timeStep,numberOfRobotsOnBlackSite,numberOfRobotsOnWhiteSite
10187,27,15
timeStep,numberOfRobotsOnBlackSite,numberOfRobotsOnWhiteSite
10188,27,15
timeStep,numberOfRobotsOnBlackSite,numberOfRobotsOnWhiteSite
10189,27,15
timeStep,numberOfRobotsOnBlackSite,numberOfRobotsOnWhiteSite
10190,27,14
timeStep,numberOfRobotsOnBlackSite,numberOfRobotsOnWhiteSite
10191,27,14
timeStep,numberOfRobotsOnBlackSite,numberOfRobotsOnWhiteSite
10192,27,14
timeStep,numberOfRobotsOnBlackSite,numberOfRobotsOnWhiteSite
10193,27,14
timeStep,numberOfRobotsOnBlackSite,numberOfRobotsOnWhiteSite
10194,27,14
timeStep,numberOfRobotsOnBlackSite,numberOfRobotsOnWhiteSite
10195,27,14
timeStep,numberOfRobotsOnBlackSite,numberOfRobotsOnWhiteSite
10196,27,14
timeStep,numberOfRobotsOnBlackSite,numberOfRobotsOnWhiteSite
10197,27,14
timeStep,numberOfRobotsOnBlackSite,numberOfRobotsOnWhiteSite
10198,27,14
timeStep,numberOfRobotsOnBlackSite,numberOfRobotsOnWhiteSite
10199,27,14
timeStep,numberOfRobotsOnBlackSite,numberOfRobotsOnWhiteSite
10200,27,14
timeStep,numberOfRobotsOnBlackSite,numberOfRobotsOnWhiteSite
10201,27,14
timeStep,numberOfRobotsOnBlackSite,numberOfRobotsOnWhiteSite
10202,27,14
timeStep,numberOfRobotsOnBlackSite,numberOfRobotsOnWhiteSite
10203,27,14
timeStep,numberOfRobotsOnBlackSite,numberOfRobotsOnWhiteSite
10204,27,14
timeStep,numberOfRobotsOnBlackSite,numberOfRobotsOnWhiteSite
10205,27,14
timeStep,numberOfRobotsOnBlackSite,numberOfRobotsOnWhiteSite
10206,27,14
timeStep,numberOfRobotsOnBlackSite,numberOfRobotsOnWhiteSite
10207,27,14
timeStep,numberOfRobotsOnBlackSite,numberOfRobotsOnWhiteSite
10208,27,14
timeStep,numberOfRobotsOnBlackSite,numberOfRobotsOnWhiteSite
10209,27,14
timeStep,numberOfRobotsOnBlackSite,numberOfRobotsOnWhiteSite
10210,27,14
timeStep,numberOfRobotsOnBlackSite,numberOfRobotsOnWhiteSite
10211,27,14
timeStep,numberOfRobotsOnBlackSite,numberOfRobotsOnWhiteSite
10212,27,14
timeStep,numberOfRobotsOnBlackSite,numberOfRobotsOnWhiteSite
10213,27,14
timeStep,numberOfRobotsOnBlackSite,numberOfRobotsOnWhiteSite
10214,27,14
timeStep,numberOfRobotsOnBlackSite,numberOfRobotsOnWhiteSite
10215,27,14
timeStep,numberOfRobotsOnBlackSite,numberOfRobotsOnWhiteSite
10216,27,14
timeStep,numberOfRobotsOnBlackSite,numberOfRobotsOnWhiteSite
10217,27,14
timeStep,numberOfRobotsOnBlackSite,numberOfRobotsOnWhiteSite
10218,27,14
timeStep,numberOfRobotsOnBlackSite,numberOfRobotsOnWhiteSite
10219,27,14
timeStep,numberOfRobotsOnBlackSite,numberOfRobotsOnWhiteSite
10220,27,14
timeStep,numberOfRobotsOnBlackSite,numberOfRobotsOnWhiteSite
10221,27,14
timeStep,numberOfRobotsOnBlackSite,numberOfRobotsOnWhiteSite
10222,27,14
timeStep,numberOfRobotsOnBlackSite,numberOfRobotsOnWhiteSite
10223,27,14
timeStep,numberOfRobotsOnBlackSite,numberOfRobotsOnWhiteSite
10224,27,14
timeStep,numberOfRobotsOnBlackSite,numberOfRobotsOnWhiteSite
10225,27,14
timeStep,numberOfRobotsOnBlackSite,numberOfRobotsOnWhiteSite
10226,27,14
timeStep,numberOfRobotsOnBlackSite,numberOfRobotsOnWhiteSite
10227,27,14
timeStep,numberOfRobotsOnBlackSite,numberOfRobotsOnWhiteSite
10228,27,14
timeStep,numberOfRobotsOnBlackSite,numberOfRobotsOnWhiteSite
10229,27,14
timeStep,numberOfRobotsOnBlackSite,numberOfRobotsOnWhiteSite
10230,27,14
timeStep,numberOfRobotsOnBlackSite,numberOfRobotsOnWhiteSite
10231,27,14
timeStep,numberOfRobotsOnBlackSite,numberOfRobotsOnWhiteSite
10232,27,14
timeStep,numberOfRobotsOnBlackSite,numberOfRobotsOnWhiteSite
10233,27,14
timeStep,numberOfRobotsOnBlackSite,numberOfRobotsOnWhiteSite
10234,27,14
timeStep,numberOfRobotsOnBlackSite,numberOfRobotsOnWhiteSite
10235,27,14
timeStep,numberOfRobotsOnBlackSite,numberOfRobotsOnWhiteSite
10236,27,14
timeStep,numberOfRobotsOnBlackSite,numberOfRobotsOnWhiteSite
10237,27,14
timeStep,numberOfRobotsOnBlackSite,numberOfRobotsOnWhiteSite
10238,27,14
timeStep,numberOfRobotsOnBlackSite,numberOfRobotsOnWhiteSite
10239,27,14
timeStep,numberOfRobotsOnBlackSite,numberOfRobotsOnWhiteSite
10240,26,14
timeStep,numberOfRobotsOnBlackSite,numberOfRobotsOnWhiteSite
10241,26,14
timeStep,numberOfRobotsOnBlackSite,numberOfRobotsOnWhiteSite
10242,26,14
timeStep,numberOfRobotsOnBlackSite,numberOfRobotsOnWhiteSite
10243,26,14
timeStep,numberOfRobotsOnBlackSite,numberOfRobotsOnWhiteSite
10244,26,14
timeStep,numberOfRobotsOnBlackSite,numberOfRobotsOnWhiteSite
10245,26,14
timeStep,numberOfRobotsOnBlackSite,numberOfRobotsOnWhiteSite
10246,26,14
timeStep,numberOfRobotsOnBlackSite,numberOfRobotsOnWhiteSite
10247,26,14
timeStep,numberOfRobotsOnBlackSite,numberOfRobotsOnWhiteSite
10248,26,14
timeStep,numberOfRobotsOnBlackSite,numberOfRobotsOnWhiteSite
10249,26,14
timeStep,numberOfRobotsOnBlackSite,numberOfRobotsOnWhiteSite
10250,26,14
timeStep,numberOfRobotsOnBlackSite,numberOfRobotsOnWhiteSite
10251,26,14
timeStep,numberOfRobotsOnBlackSite,numberOfRobotsOnWhiteSite
10252,26,14
timeStep,numberOfRobotsOnBlackSite,numberOfRobotsOnWhiteSite
10253,26,14
timeStep,numberOfRobotsOnBlackSite,numberOfRobotsOnWhiteSite
10254,26,14
timeStep,numberOfRobotsOnBlackSite,numberOfRobotsOnWhiteSite
10255,26,14
timeStep,numberOfRobotsOnBlackSite,numberOfRobotsOnWhiteSite
10256,26,14
timeStep,numberOfRobotsOnBlackSite,numberOfRobotsOnWhiteSite
10257,26,14
timeStep,numberOfRobotsOnBlackSite,numberOfRobotsOnWhiteSite
10258,26,14
timeStep,numberOfRobotsOnBlackSite,numberOfRobotsOnWhiteSite
10259,26,14
timeStep,numberOfRobotsOnBlackSite,numberOfRobotsOnWhiteSite
10260,26,14
timeStep,numberOfRobotsOnBlackSite,numberOfRobotsOnWhiteSite
10261,26,14
timeStep,numberOfRobotsOnBlackSite,numberOfRobotsOnWhiteSite
10262,26,14
timeStep,numberOfRobotsOnBlackSite,numberOfRobotsOnWhiteSite
10263,26,14
timeStep,numberOfRobotsOnBlackSite,numberOfRobotsOnWhiteSite
10264,26,14
timeStep,numberOfRobotsOnBlackSite,numberOfRobotsOnWhiteSite
10265,26,14
timeStep,numberOfRobotsOnBlackSite,numberOfRobotsOnWhiteSite
10266,26,14
timeStep,numberOfRobotsOnBlackSite,numberOfRobotsOnWhiteSite
10267,26,14
timeStep,numberOfRobotsOnBlackSite,numberOfRobotsOnWhiteSite
10268,26,14
timeStep,numberOfRobotsOnBlackSite,numberOfRobotsOnWhiteSite
10269,26,14
timeStep,numberOfRobotsOnBlackSite,numberOfRobotsOnWhiteSite
10270,26,14
timeStep,numberOfRobotsOnBlackSite,numberOfRobotsOnWhiteSite
10271,26,14
timeStep,numberOfRobotsOnBlackSite,numberOfRobotsOnWhiteSite
10272,26,14
timeStep,numberOfRobotsOnBlackSite,numberOfRobotsOnWhiteSite
10273,26,14
timeStep,numberOfRobotsOnBlackSite,numberOfRobotsOnWhiteSite
10274,26,14
timeStep,numberOfRobotsOnBlackSite,numberOfRobotsOnWhiteSite
10275,26,14
timeStep,numberOfRobotsOnBlackSite,numberOfRobotsOnWhiteSite
10276,26,14
timeStep,numberOfRobotsOnBlackSite,numberOfRobotsOnWhiteSite
10277,26,14
timeStep,numberOfRobotsOnBlackSite,numberOfRobotsOnWhiteSite
10278,26,14
timeStep,numberOfRobotsOnBlackSite,numberOfRobotsOnWhiteSite
10279,26,14
timeStep,numberOfRobotsOnBlackSite,numberOfRobotsOnWhiteSite
10280,27,14
timeStep,numberOfRobotsOnBlackSite,numberOfRobotsOnWhiteSite
10281,27,14
timeStep,numberOfRobotsOnBlackSite,numberOfRobotsOnWhiteSite
10282,27,14
timeStep,numberOfRobotsOnBlackSite,numberOfRobotsOnWhiteSite
10283,27,14
timeStep,numberOfRobotsOnBlackSite,numberOfRobotsOnWhiteSite
10284,27,14
timeStep,numberOfRobotsOnBlackSite,numberOfRobotsOnWhiteSite
10285,27,14
timeStep,numberOfRobotsOnBlackSite,numberOfRobotsOnWhiteSite
10286,27,14
timeStep,numberOfRobotsOnBlackSite,numberOfRobotsOnWhiteSite
10287,27,14
timeStep,numberOfRobotsOnBlackSite,numberOfRobotsOnWhiteSite
10288,27,14
timeStep,numberOfRobotsOnBlackSite,numberOfRobotsOnWhiteSite
10289,27,14
timeStep,numberOfRobotsOnBlackSite,numberOfRobotsOnWhiteSite
10290,27,15
timeStep,numberOfRobotsOnBlackSite,numberOfRobotsOnWhiteSite
10291,27,15
timeStep,numberOfRobotsOnBlackSite,numberOfRobotsOnWhiteSite
10292,27,15
timeStep,numberOfRobotsOnBlackSite,numberOfRobotsOnWhiteSite
10293,27,15
timeStep,numberOfRobotsOnBlackSite,numberOfRobotsOnWhiteSite
10294,27,15
timeStep,numberOfRobotsOnBlackSite,numberOfRobotsOnWhiteSite
10295,27,15
timeStep,numberOfRobotsOnBlackSite,numberOfRobotsOnWhiteSite
10296,27,15
timeStep,numberOfRobotsOnBlackSite,numberOfRobotsOnWhiteSite
10297,27,15
timeStep,numberOfRobotsOnBlackSite,numberOfRobotsOnWhiteSite
10298,27,15
timeStep,numberOfRobotsOnBlackSite,numberOfRobotsOnWhiteSite
10299,27,15
timeStep,numberOfRobotsOnBlackSite,numberOfRobotsOnWhiteSite
10300,27,15
timeStep,numberOfRobotsOnBlackSite,numberOfRobotsOnWhiteSite
10301,27,15
timeStep,numberOfRobotsOnBlackSite,numberOfRobotsOnWhiteSite
10302,27,15
timeStep,numberOfRobotsOnBlackSite,numberOfRobotsOnWhiteSite
10303,27,15
timeStep,numberOfRobotsOnBlackSite,numberOfRobotsOnWhiteSite
10304,27,15
timeStep,numberOfRobotsOnBlackSite,numberOfRobotsOnWhiteSite
10305,27,15
timeStep,numberOfRobotsOnBlackSite,numberOfRobotsOnWhiteSite
10306,27,15
timeStep,numberOfRobotsOnBlackSite,numberOfRobotsOnWhiteSite
10307,27,15
timeStep,numberOfRobotsOnBlackSite,numberOfRobotsOnWhiteSite
10308,27,15
timeStep,numberOfRobotsOnBlackSite,numberOfRobotsOnWhiteSite
10309,27,15
timeStep,numberOfRobotsOnBlackSite,numberOfRobotsOnWhiteSite
10310,27,15
timeStep,numberOfRobotsOnBlackSite,numberOfRobotsOnWhiteSite
10311,27,15
timeStep,numberOfRobotsOnBlackSite,numberOfRobotsOnWhiteSite
10312,27,15
timeStep,numberOfRobotsOnBlackSite,numberOfRobotsOnWhiteSite
10313,27,15
timeStep,numberOfRobotsOnBlackSite,numberOfRobotsOnWhiteSite
10314,27,15
timeStep,numberOfRobotsOnBlackSite,numberOfRobotsOnWhiteSite
10315,27,15
timeStep,numberOfRobotsOnBlackSite,numberOfRobotsOnWhiteSite
10316,27,15
timeStep,numberOfRobotsOnBlackSite,numberOfRobotsOnWhiteSite
10317,27,15
timeStep,numberOfRobotsOnBlackSite,numberOfRobotsOnWhiteSite
10318,27,15
timeStep,numberOfRobotsOnBlackSite,numberOfRobotsOnWhiteSite
10319,27,15
timeStep,numberOfRobotsOnBlackSite,numberOfRobotsOnWhiteSite
10320,27,15
timeStep,numberOfRobotsOnBlackSite,numberOfRobotsOnWhiteSite
10321,27,15
timeStep,numberOfRobotsOnBlackSite,numberOfRobotsOnWhiteSite
10322,27,15
timeStep,numberOfRobotsOnBlackSite,numberOfRobotsOnWhiteSite
10323,27,15
timeStep,numberOfRobotsOnBlackSite,numberOfRobotsOnWhiteSite
10324,27,15
timeStep,numberOfRobotsOnBlackSite,numberOfRobotsOnWhiteSite
10325,27,15
timeStep,numberOfRobotsOnBlackSite,numberOfRobotsOnWhiteSite
10326,27,15
timeStep,numberOfRobotsOnBlackSite,numberOfRobotsOnWhiteSite
10327,27,15
timeStep,numberOfRobotsOnBlackSite,numberOfRobotsOnWhiteSite
10328,27,15
timeStep,numberOfRobotsOnBlackSite,numberOfRobotsOnWhiteSite
10329,27,15
timeStep,numberOfRobotsOnBlackSite,numberOfRobotsOnWhiteSite
10330,27,15
timeStep,numberOfRobotsOnBlackSite,numberOfRobotsOnWhiteSite
10331,27,15
timeStep,numberOfRobotsOnBlackSite,numberOfRobotsOnWhiteSite
10332,27,15
timeStep,numberOfRobotsOnBlackSite,numberOfRobotsOnWhiteSite
10333,27,15
timeStep,numberOfRobotsOnBlackSite,numberOfRobotsOnWhiteSite
10334,27,15
timeStep,numberOfRobotsOnBlackSite,numberOfRobotsOnWhiteSite
10335,28,15
timeStep,numberOfRobotsOnBlackSite,numberOfRobotsOnWhiteSite
10336,28,15
timeStep,numberOfRobotsOnBlackSite,numberOfRobotsOnWhiteSite
10337,28,15
timeStep,numberOfRobotsOnBlackSite,numberOfRobotsOnWhiteSite
10338,28,15
timeStep,numberOfRobotsOnBlackSite,numberOfRobotsOnWhiteSite
10339,28,15
timeStep,numberOfRobotsOnBlackSite,numberOfRobotsOnWhiteSite
10340,28,15
timeStep,numberOfRobotsOnBlackSite,numberOfRobotsOnWhiteSite
10341,28,15
timeStep,numberOfRobotsOnBlackSite,numberOfRobotsOnWhiteSite
10342,28,15
timeStep,numberOfRobotsOnBlackSite,numberOfRobotsOnWhiteSite
10343,28,15
timeStep,numberOfRobotsOnBlackSite,numberOfRobotsOnWhiteSite
10344,28,15
timeStep,numberOfRobotsOnBlackSite,numberOfRobotsOnWhiteSite
10345,28,15
timeStep,numberOfRobotsOnBlackSite,numberOfRobotsOnWhiteSite
10346,28,15
timeStep,numberOfRobotsOnBlackSite,numberOfRobotsOnWhiteSite
10347,28,15
timeStep,numberOfRobotsOnBlackSite,numberOfRobotsOnWhiteSite
10348,28,15
timeStep,numberOfRobotsOnBlackSite,numberOfRobotsOnWhiteSite
10349,28,15
timeStep,numberOfRobotsOnBlackSite,numberOfRobotsOnWhiteSite
10350,28,15
timeStep,numberOfRobotsOnBlackSite,numberOfRobotsOnWhiteSite
10351,28,15
timeStep,numberOfRobotsOnBlackSite,numberOfRobotsOnWhiteSite
10352,28,15
timeStep,numberOfRobotsOnBlackSite,numberOfRobotsOnWhiteSite
10353,28,15
timeStep,numberOfRobotsOnBlackSite,numberOfRobotsOnWhiteSite
10354,28,15
timeStep,numberOfRobotsOnBlackSite,numberOfRobotsOnWhiteSite
10355,28,16
timeStep,numberOfRobotsOnBlackSite,numberOfRobotsOnWhiteSite
10356,28,16
timeStep,numberOfRobotsOnBlackSite,numberOfRobotsOnWhiteSite
10357,28,16
timeStep,numberOfRobotsOnBlackSite,numberOfRobotsOnWhiteSite
10358,28,16
timeStep,numberOfRobotsOnBlackSite,numberOfRobotsOnWhiteSite
10359,28,16
timeStep,numberOfRobotsOnBlackSite,numberOfRobotsOnWhiteSite
10360,28,16
timeStep,numberOfRobotsOnBlackSite,numberOfRobotsOnWhiteSite
10361,28,16
timeStep,numberOfRobotsOnBlackSite,numberOfRobotsOnWhiteSite
10362,28,16
timeStep,numberOfRobotsOnBlackSite,numberOfRobotsOnWhiteSite
10363,28,16
timeStep,numberOfRobotsOnBlackSite,numberOfRobotsOnWhiteSite
10364,28,16
timeStep,numberOfRobotsOnBlackSite,numberOfRobotsOnWhiteSite
10365,28,16
timeStep,numberOfRobotsOnBlackSite,numberOfRobotsOnWhiteSite
10366,28,16
timeStep,numberOfRobotsOnBlackSite,numberOfRobotsOnWhiteSite
10367,28,16
timeStep,numberOfRobotsOnBlackSite,numberOfRobotsOnWhiteSite
10368,28,16
timeStep,numberOfRobotsOnBlackSite,numberOfRobotsOnWhiteSite
10369,28,16
timeStep,numberOfRobotsOnBlackSite,numberOfRobotsOnWhiteSite
10370,28,16
timeStep,numberOfRobotsOnBlackSite,numberOfRobotsOnWhiteSite
10371,28,16
timeStep,numberOfRobotsOnBlackSite,numberOfRobotsOnWhiteSite
10372,28,16
timeStep,numberOfRobotsOnBlackSite,numberOfRobotsOnWhiteSite
10373,28,16
timeStep,numberOfRobotsOnBlackSite,numberOfRobotsOnWhiteSite
10374,28,16
timeStep,numberOfRobotsOnBlackSite,numberOfRobotsOnWhiteSite
10375,27,16
timeStep,numberOfRobotsOnBlackSite,numberOfRobotsOnWhiteSite
10376,27,16
timeStep,numberOfRobotsOnBlackSite,numberOfRobotsOnWhiteSite
10377,27,16
timeStep,numberOfRobotsOnBlackSite,numberOfRobotsOnWhiteSite
10378,27,16
timeStep,numberOfRobotsOnBlackSite,numberOfRobotsOnWhiteSite
10379,27,16
timeStep,numberOfRobotsOnBlackSite,numberOfRobotsOnWhiteSite
10380,27,16
timeStep,numberOfRobotsOnBlackSite,numberOfRobotsOnWhiteSite
10381,27,16
timeStep,numberOfRobotsOnBlackSite,numberOfRobotsOnWhiteSite
10382,27,16
timeStep,numberOfRobotsOnBlackSite,numberOfRobotsOnWhiteSite
10383,27,16
timeStep,numberOfRobotsOnBlackSite,numberOfRobotsOnWhiteSite
10384,27,16
timeStep,numberOfRobotsOnBlackSite,numberOfRobotsOnWhiteSite
10385,27,16
timeStep,numberOfRobotsOnBlackSite,numberOfRobotsOnWhiteSite
10386,27,16
timeStep,numberOfRobotsOnBlackSite,numberOfRobotsOnWhiteSite
10387,27,16
timeStep,numberOfRobotsOnBlackSite,numberOfRobotsOnWhiteSite
10388,27,16
timeStep,numberOfRobotsOnBlackSite,numberOfRobotsOnWhiteSite
10389,27,16
timeStep,numberOfRobotsOnBlackSite,numberOfRobotsOnWhiteSite
10390,27,16
timeStep,numberOfRobotsOnBlackSite,numberOfRobotsOnWhiteSite
10391,27,16
timeStep,numberOfRobotsOnBlackSite,numberOfRobotsOnWhiteSite
10392,27,16
timeStep,numberOfRobotsOnBlackSite,numberOfRobotsOnWhiteSite
10393,27,16
timeStep,numberOfRobotsOnBlackSite,numberOfRobotsOnWhiteSite
10394,27,16
timeStep,numberOfRobotsOnBlackSite,numberOfRobotsOnWhiteSite
10395,27,16
timeStep,numberOfRobotsOnBlackSite,numberOfRobotsOnWhiteSite
10396,27,16
timeStep,numberOfRobotsOnBlackSite,numberOfRobotsOnWhiteSite
10397,27,16
timeStep,numberOfRobotsOnBlackSite,numberOfRobotsOnWhiteSite
10398,27,16
timeStep,numberOfRobotsOnBlackSite,numberOfRobotsOnWhiteSite
10399,27,16
timeStep,numberOfRobotsOnBlackSite,numberOfRobotsOnWhiteSite
10400,27,16
timeStep,numberOfRobotsOnBlackSite,numberOfRobotsOnWhiteSite
10401,27,16
timeStep,numberOfRobotsOnBlackSite,numberOfRobotsOnWhiteSite
10402,27,16
timeStep,numberOfRobotsOnBlackSite,numberOfRobotsOnWhiteSite
10403,27,16
timeStep,numberOfRobotsOnBlackSite,numberOfRobotsOnWhiteSite
10404,27,16
timeStep,numberOfRobotsOnBlackSite,numberOfRobotsOnWhiteSite
10405,27,16
timeStep,numberOfRobotsOnBlackSite,numberOfRobotsOnWhiteSite
10406,27,16
timeStep,numberOfRobotsOnBlackSite,numberOfRobotsOnWhiteSite
10407,27,16
timeStep,numberOfRobotsOnBlackSite,numberOfRobotsOnWhiteSite
10408,27,16
timeStep,numberOfRobotsOnBlackSite,numberOfRobotsOnWhiteSite
10409,27,16
timeStep,numberOfRobotsOnBlackSite,numberOfRobotsOnWhiteSite
10410,27,16
timeStep,numberOfRobotsOnBlackSite,numberOfRobotsOnWhiteSite
10411,27,16
timeStep,numberOfRobotsOnBlackSite,numberOfRobotsOnWhiteSite
10412,27,16
timeStep,numberOfRobotsOnBlackSite,numberOfRobotsOnWhiteSite
10413,27,16
timeStep,numberOfRobotsOnBlackSite,numberOfRobotsOnWhiteSite
10414,27,16
timeStep,numberOfRobotsOnBlackSite,numberOfRobotsOnWhiteSite
10415,27,16
timeStep,numberOfRobotsOnBlackSite,numberOfRobotsOnWhiteSite
10416,27,16
timeStep,numberOfRobotsOnBlackSite,numberOfRobotsOnWhiteSite
10417,27,16
timeStep,numberOfRobotsOnBlackSite,numberOfRobotsOnWhiteSite
10418,27,16
timeStep,numberOfRobotsOnBlackSite,numberOfRobotsOnWhiteSite
10419,27,16
timeStep,numberOfRobotsOnBlackSite,numberOfRobotsOnWhiteSite
10420,27,16
timeStep,numberOfRobotsOnBlackSite,numberOfRobotsOnWhiteSite
10421,27,16
timeStep,numberOfRobotsOnBlackSite,numberOfRobotsOnWhiteSite
10422,27,16
timeStep,numberOfRobotsOnBlackSite,numberOfRobotsOnWhiteSite
10423,27,16
timeStep,numberOfRobotsOnBlackSite,numberOfRobotsOnWhiteSite
10424,27,16
timeStep,numberOfRobotsOnBlackSite,numberOfRobotsOnWhiteSite
10425,27,16
timeStep,numberOfRobotsOnBlackSite,numberOfRobotsOnWhiteSite
10426,27,16
timeStep,numberOfRobotsOnBlackSite,numberOfRobotsOnWhiteSite
10427,27,16
timeStep,numberOfRobotsOnBlackSite,numberOfRobotsOnWhiteSite
10428,27,16
timeStep,numberOfRobotsOnBlackSite,numberOfRobotsOnWhiteSite
10429,27,16
timeStep,numberOfRobotsOnBlackSite,numberOfRobotsOnWhiteSite
10430,27,14
timeStep,numberOfRobotsOnBlackSite,numberOfRobotsOnWhiteSite
10431,27,14
timeStep,numberOfRobotsOnBlackSite,numberOfRobotsOnWhiteSite
10432,27,14
timeStep,numberOfRobotsOnBlackSite,numberOfRobotsOnWhiteSite
10433,27,14
timeStep,numberOfRobotsOnBlackSite,numberOfRobotsOnWhiteSite
10434,27,14
timeStep,numberOfRobotsOnBlackSite,numberOfRobotsOnWhiteSite
10435,27,14
timeStep,numberOfRobotsOnBlackSite,numberOfRobotsOnWhiteSite
10436,27,14
timeStep,numberOfRobotsOnBlackSite,numberOfRobotsOnWhiteSite
10437,27,14
timeStep,numberOfRobotsOnBlackSite,numberOfRobotsOnWhiteSite
10438,27,14
timeStep,numberOfRobotsOnBlackSite,numberOfRobotsOnWhiteSite
10439,27,14
timeStep,numberOfRobotsOnBlackSite,numberOfRobotsOnWhiteSite
10440,27,14
timeStep,numberOfRobotsOnBlackSite,numberOfRobotsOnWhiteSite
10441,27,14
timeStep,numberOfRobotsOnBlackSite,numberOfRobotsOnWhiteSite
10442,27,14
timeStep,numberOfRobotsOnBlackSite,numberOfRobotsOnWhiteSite
10443,27,14
timeStep,numberOfRobotsOnBlackSite,numberOfRobotsOnWhiteSite
10444,27,14
timeStep,numberOfRobotsOnBlackSite,numberOfRobotsOnWhiteSite
10445,27,14
timeStep,numberOfRobotsOnBlackSite,numberOfRobotsOnWhiteSite
10446,27,14
timeStep,numberOfRobotsOnBlackSite,numberOfRobotsOnWhiteSite
10447,27,14
timeStep,numberOfRobotsOnBlackSite,numberOfRobotsOnWhiteSite
10448,27,14
timeStep,numberOfRobotsOnBlackSite,numberOfRobotsOnWhiteSite
10449,27,14
timeStep,numberOfRobotsOnBlackSite,numberOfRobotsOnWhiteSite
10450,27,14
timeStep,numberOfRobotsOnBlackSite,numberOfRobotsOnWhiteSite
10451,27,14
timeStep,numberOfRobotsOnBlackSite,numberOfRobotsOnWhiteSite
10452,27,14
timeStep,numberOfRobotsOnBlackSite,numberOfRobotsOnWhiteSite
10453,27,14
timeStep,numberOfRobotsOnBlackSite,numberOfRobotsOnWhiteSite
10454,27,14
timeStep,numberOfRobotsOnBlackSite,numberOfRobotsOnWhiteSite
10455,27,13
timeStep,numberOfRobotsOnBlackSite,numberOfRobotsOnWhiteSite
10456,27,13
timeStep,numberOfRobotsOnBlackSite,numberOfRobotsOnWhiteSite
10457,27,13
timeStep,numberOfRobotsOnBlackSite,numberOfRobotsOnWhiteSite
10458,27,13
timeStep,numberOfRobotsOnBlackSite,numberOfRobotsOnWhiteSite
10459,27,13
timeStep,numberOfRobotsOnBlackSite,numberOfRobotsOnWhiteSite
10460,27,13
timeStep,numberOfRobotsOnBlackSite,numberOfRobotsOnWhiteSite
10461,27,13
timeStep,numberOfRobotsOnBlackSite,numberOfRobotsOnWhiteSite
10462,27,13
timeStep,numberOfRobotsOnBlackSite,numberOfRobotsOnWhiteSite
10463,27,13
timeStep,numberOfRobotsOnBlackSite,numberOfRobotsOnWhiteSite
10464,27,13
timeStep,numberOfRobotsOnBlackSite,numberOfRobotsOnWhiteSite
10465,27,13
timeStep,numberOfRobotsOnBlackSite,numberOfRobotsOnWhiteSite
10466,27,13
timeStep,numberOfRobotsOnBlackSite,numberOfRobotsOnWhiteSite
10467,27,13
timeStep,numberOfRobotsOnBlackSite,numberOfRobotsOnWhiteSite
10468,27,13
timeStep,numberOfRobotsOnBlackSite,numberOfRobotsOnWhiteSite
10469,27,13
timeStep,numberOfRobotsOnBlackSite,numberOfRobotsOnWhiteSite
10470,28,13
timeStep,numberOfRobotsOnBlackSite,numberOfRobotsOnWhiteSite
10471,28,13
timeStep,numberOfRobotsOnBlackSite,numberOfRobotsOnWhiteSite
10472,28,13
timeStep,numberOfRobotsOnBlackSite,numberOfRobotsOnWhiteSite
10473,28,13
timeStep,numberOfRobotsOnBlackSite,numberOfRobotsOnWhiteSite
10474,28,13
timeStep,numberOfRobotsOnBlackSite,numberOfRobotsOnWhiteSite
10475,28,13
timeStep,numberOfRobotsOnBlackSite,numberOfRobotsOnWhiteSite
10476,28,13
timeStep,numberOfRobotsOnBlackSite,numberOfRobotsOnWhiteSite
10477,28,13
timeStep,numberOfRobotsOnBlackSite,numberOfRobotsOnWhiteSite
10478,28,13
timeStep,numberOfRobotsOnBlackSite,numberOfRobotsOnWhiteSite
10479,28,13
timeStep,numberOfRobotsOnBlackSite,numberOfRobotsOnWhiteSite
10480,28,14
timeStep,numberOfRobotsOnBlackSite,numberOfRobotsOnWhiteSite
10481,28,14
timeStep,numberOfRobotsOnBlackSite,numberOfRobotsOnWhiteSite
10482,28,14
timeStep,numberOfRobotsOnBlackSite,numberOfRobotsOnWhiteSite
10483,28,14
timeStep,numberOfRobotsOnBlackSite,numberOfRobotsOnWhiteSite
10484,28,14
timeStep,numberOfRobotsOnBlackSite,numberOfRobotsOnWhiteSite
10485,28,15
timeStep,numberOfRobotsOnBlackSite,numberOfRobotsOnWhiteSite
10486,28,15
timeStep,numberOfRobotsOnBlackSite,numberOfRobotsOnWhiteSite
10487,28,15
timeStep,numberOfRobotsOnBlackSite,numberOfRobotsOnWhiteSite
10488,28,15
timeStep,numberOfRobotsOnBlackSite,numberOfRobotsOnWhiteSite
10489,28,15
timeStep,numberOfRobotsOnBlackSite,numberOfRobotsOnWhiteSite
10490,28,15
timeStep,numberOfRobotsOnBlackSite,numberOfRobotsOnWhiteSite
10491,28,15
timeStep,numberOfRobotsOnBlackSite,numberOfRobotsOnWhiteSite
10492,28,15
timeStep,numberOfRobotsOnBlackSite,numberOfRobotsOnWhiteSite
10493,28,15
timeStep,numberOfRobotsOnBlackSite,numberOfRobotsOnWhiteSite
10494,28,15
timeStep,numberOfRobotsOnBlackSite,numberOfRobotsOnWhiteSite
10495,28,15
timeStep,numberOfRobotsOnBlackSite,numberOfRobotsOnWhiteSite
10496,28,15
timeStep,numberOfRobotsOnBlackSite,numberOfRobotsOnWhiteSite
10497,28,15
timeStep,numberOfRobotsOnBlackSite,numberOfRobotsOnWhiteSite
10498,28,15
timeStep,numberOfRobotsOnBlackSite,numberOfRobotsOnWhiteSite
10499,28,15
timeStep,numberOfRobotsOnBlackSite,numberOfRobotsOnWhiteSite
10500,28,16
timeStep,numberOfRobotsOnBlackSite,numberOfRobotsOnWhiteSite
10501,28,16
timeStep,numberOfRobotsOnBlackSite,numberOfRobotsOnWhiteSite
10502,28,16
timeStep,numberOfRobotsOnBlackSite,numberOfRobotsOnWhiteSite
10503,28,16
timeStep,numberOfRobotsOnBlackSite,numberOfRobotsOnWhiteSite
10504,28,16
timeStep,numberOfRobotsOnBlackSite,numberOfRobotsOnWhiteSite
10505,28,16
timeStep,numberOfRobotsOnBlackSite,numberOfRobotsOnWhiteSite
10506,28,16
timeStep,numberOfRobotsOnBlackSite,numberOfRobotsOnWhiteSite
10507,28,16
timeStep,numberOfRobotsOnBlackSite,numberOfRobotsOnWhiteSite
10508,28,16
timeStep,numberOfRobotsOnBlackSite,numberOfRobotsOnWhiteSite
10509,28,16
timeStep,numberOfRobotsOnBlackSite,numberOfRobotsOnWhiteSite
10510,28,16
timeStep,numberOfRobotsOnBlackSite,numberOfRobotsOnWhiteSite
10511,28,16
timeStep,numberOfRobotsOnBlackSite,numberOfRobotsOnWhiteSite
10512,28,16
timeStep,numberOfRobotsOnBlackSite,numberOfRobotsOnWhiteSite
10513,28,16
timeStep,numberOfRobotsOnBlackSite,numberOfRobotsOnWhiteSite
10514,28,16
timeStep,numberOfRobotsOnBlackSite,numberOfRobotsOnWhiteSite
10515,28,16
timeStep,numberOfRobotsOnBlackSite,numberOfRobotsOnWhiteSite
10516,28,16
timeStep,numberOfRobotsOnBlackSite,numberOfRobotsOnWhiteSite
10517,28,16
timeStep,numberOfRobotsOnBlackSite,numberOfRobotsOnWhiteSite
10518,28,16
timeStep,numberOfRobotsOnBlackSite,numberOfRobotsOnWhiteSite
10519,28,16
timeStep,numberOfRobotsOnBlackSite,numberOfRobotsOnWhiteSite
10520,28,16
timeStep,numberOfRobotsOnBlackSite,numberOfRobotsOnWhiteSite
10521,28,16
timeStep,numberOfRobotsOnBlackSite,numberOfRobotsOnWhiteSite
10522,28,16
timeStep,numberOfRobotsOnBlackSite,numberOfRobotsOnWhiteSite
10523,28,16
timeStep,numberOfRobotsOnBlackSite,numberOfRobotsOnWhiteSite
10524,28,16
timeStep,numberOfRobotsOnBlackSite,numberOfRobotsOnWhiteSite
10525,28,16
timeStep,numberOfRobotsOnBlackSite,numberOfRobotsOnWhiteSite
10526,28,16
timeStep,numberOfRobotsOnBlackSite,numberOfRobotsOnWhiteSite
10527,28,16
timeStep,numberOfRobotsOnBlackSite,numberOfRobotsOnWhiteSite
10528,28,16
timeStep,numberOfRobotsOnBlackSite,numberOfRobotsOnWhiteSite
10529,28,16
timeStep,numberOfRobotsOnBlackSite,numberOfRobotsOnWhiteSite
10530,28,16
timeStep,numberOfRobotsOnBlackSite,numberOfRobotsOnWhiteSite
10531,28,16
timeStep,numberOfRobotsOnBlackSite,numberOfRobotsOnWhiteSite
10532,28,16
timeStep,numberOfRobotsOnBlackSite,numberOfRobotsOnWhiteSite
10533,28,16
timeStep,numberOfRobotsOnBlackSite,numberOfRobotsOnWhiteSite
10534,28,16
timeStep,numberOfRobotsOnBlackSite,numberOfRobotsOnWhiteSite
10535,28,16
timeStep,numberOfRobotsOnBlackSite,numberOfRobotsOnWhiteSite
10536,28,16
timeStep,numberOfRobotsOnBlackSite,numberOfRobotsOnWhiteSite
10537,28,16
timeStep,numberOfRobotsOnBlackSite,numberOfRobotsOnWhiteSite
10538,28,16
timeStep,numberOfRobotsOnBlackSite,numberOfRobotsOnWhiteSite
10539,28,16
timeStep,numberOfRobotsOnBlackSite,numberOfRobotsOnWhiteSite
10540,28,16
timeStep,numberOfRobotsOnBlackSite,numberOfRobotsOnWhiteSite
10541,28,16
timeStep,numberOfRobotsOnBlackSite,numberOfRobotsOnWhiteSite
10542,28,16
timeStep,numberOfRobotsOnBlackSite,numberOfRobotsOnWhiteSite
10543,28,16
timeStep,numberOfRobotsOnBlackSite,numberOfRobotsOnWhiteSite
10544,28,16
timeStep,numberOfRobotsOnBlackSite,numberOfRobotsOnWhiteSite
10545,28,16
timeStep,numberOfRobotsOnBlackSite,numberOfRobotsOnWhiteSite
10546,28,16
timeStep,numberOfRobotsOnBlackSite,numberOfRobotsOnWhiteSite
10547,28,16
timeStep,numberOfRobotsOnBlackSite,numberOfRobotsOnWhiteSite
10548,28,16
timeStep,numberOfRobotsOnBlackSite,numberOfRobotsOnWhiteSite
10549,28,16
timeStep,numberOfRobotsOnBlackSite,numberOfRobotsOnWhiteSite
10550,28,16
timeStep,numberOfRobotsOnBlackSite,numberOfRobotsOnWhiteSite
10551,28,16
timeStep,numberOfRobotsOnBlackSite,numberOfRobotsOnWhiteSite
10552,28,16
timeStep,numberOfRobotsOnBlackSite,numberOfRobotsOnWhiteSite
10553,28,16
timeStep,numberOfRobotsOnBlackSite,numberOfRobotsOnWhiteSite
10554,28,16
timeStep,numberOfRobotsOnBlackSite,numberOfRobotsOnWhiteSite
10555,28,16
timeStep,numberOfRobotsOnBlackSite,numberOfRobotsOnWhiteSite
10556,28,16
timeStep,numberOfRobotsOnBlackSite,numberOfRobotsOnWhiteSite
10557,28,16
timeStep,numberOfRobotsOnBlackSite,numberOfRobotsOnWhiteSite
10558,28,16
timeStep,numberOfRobotsOnBlackSite,numberOfRobotsOnWhiteSite
10559,28,16
timeStep,numberOfRobotsOnBlackSite,numberOfRobotsOnWhiteSite
10560,28,16
timeStep,numberOfRobotsOnBlackSite,numberOfRobotsOnWhiteSite
10561,28,16
timeStep,numberOfRobotsOnBlackSite,numberOfRobotsOnWhiteSite
10562,28,16
timeStep,numberOfRobotsOnBlackSite,numberOfRobotsOnWhiteSite
10563,28,16
timeStep,numberOfRobotsOnBlackSite,numberOfRobotsOnWhiteSite
10564,28,16
timeStep,numberOfRobotsOnBlackSite,numberOfRobotsOnWhiteSite
10565,28,16
timeStep,numberOfRobotsOnBlackSite,numberOfRobotsOnWhiteSite
10566,28,16
timeStep,numberOfRobotsOnBlackSite,numberOfRobotsOnWhiteSite
10567,28,16
timeStep,numberOfRobotsOnBlackSite,numberOfRobotsOnWhiteSite
10568,28,16
timeStep,numberOfRobotsOnBlackSite,numberOfRobotsOnWhiteSite
10569,28,16
timeStep,numberOfRobotsOnBlackSite,numberOfRobotsOnWhiteSite
10570,28,16
timeStep,numberOfRobotsOnBlackSite,numberOfRobotsOnWhiteSite
10571,28,16
timeStep,numberOfRobotsOnBlackSite,numberOfRobotsOnWhiteSite
10572,28,16
timeStep,numberOfRobotsOnBlackSite,numberOfRobotsOnWhiteSite
10573,28,16
timeStep,numberOfRobotsOnBlackSite,numberOfRobotsOnWhiteSite
10574,28,16
timeStep,numberOfRobotsOnBlackSite,numberOfRobotsOnWhiteSite
10575,28,16
timeStep,numberOfRobotsOnBlackSite,numberOfRobotsOnWhiteSite
10576,28,16
timeStep,numberOfRobotsOnBlackSite,numberOfRobotsOnWhiteSite
10577,28,16
timeStep,numberOfRobotsOnBlackSite,numberOfRobotsOnWhiteSite
10578,28,16
timeStep,numberOfRobotsOnBlackSite,numberOfRobotsOnWhiteSite
10579,28,16
timeStep,numberOfRobotsOnBlackSite,numberOfRobotsOnWhiteSite
10580,28,16
timeStep,numberOfRobotsOnBlackSite,numberOfRobotsOnWhiteSite
10581,28,16
timeStep,numberOfRobotsOnBlackSite,numberOfRobotsOnWhiteSite
10582,28,16
timeStep,numberOfRobotsOnBlackSite,numberOfRobotsOnWhiteSite
10583,28,16
timeStep,numberOfRobotsOnBlackSite,numberOfRobotsOnWhiteSite
10584,28,16
timeStep,numberOfRobotsOnBlackSite,numberOfRobotsOnWhiteSite
10585,28,16
timeStep,numberOfRobotsOnBlackSite,numberOfRobotsOnWhiteSite
10586,28,16
timeStep,numberOfRobotsOnBlackSite,numberOfRobotsOnWhiteSite
10587,28,16
timeStep,numberOfRobotsOnBlackSite,numberOfRobotsOnWhiteSite
10588,28,16
timeStep,numberOfRobotsOnBlackSite,numberOfRobotsOnWhiteSite
10589,28,16
timeStep,numberOfRobotsOnBlackSite,numberOfRobotsOnWhiteSite
10590,28,16
timeStep,numberOfRobotsOnBlackSite,numberOfRobotsOnWhiteSite
10591,28,16
timeStep,numberOfRobotsOnBlackSite,numberOfRobotsOnWhiteSite
10592,28,16
timeStep,numberOfRobotsOnBlackSite,numberOfRobotsOnWhiteSite
10593,28,16
timeStep,numberOfRobotsOnBlackSite,numberOfRobotsOnWhiteSite
10594,28,16
timeStep,numberOfRobotsOnBlackSite,numberOfRobotsOnWhiteSite
10595,28,16
timeStep,numberOfRobotsOnBlackSite,numberOfRobotsOnWhiteSite
10596,28,16
timeStep,numberOfRobotsOnBlackSite,numberOfRobotsOnWhiteSite
10597,28,16
timeStep,numberOfRobotsOnBlackSite,numberOfRobotsOnWhiteSite
10598,28,16
timeStep,numberOfRobotsOnBlackSite,numberOfRobotsOnWhiteSite
10599,28,16
timeStep,numberOfRobotsOnBlackSite,numberOfRobotsOnWhiteSite
10600,28,16
timeStep,numberOfRobotsOnBlackSite,numberOfRobotsOnWhiteSite
10601,28,16
timeStep,numberOfRobotsOnBlackSite,numberOfRobotsOnWhiteSite
10602,28,16
timeStep,numberOfRobotsOnBlackSite,numberOfRobotsOnWhiteSite
10603,28,16
timeStep,numberOfRobotsOnBlackSite,numberOfRobotsOnWhiteSite
10604,28,16
timeStep,numberOfRobotsOnBlackSite,numberOfRobotsOnWhiteSite
10605,28,16
timeStep,numberOfRobotsOnBlackSite,numberOfRobotsOnWhiteSite
10606,28,16
timeStep,numberOfRobotsOnBlackSite,numberOfRobotsOnWhiteSite
10607,28,16
timeStep,numberOfRobotsOnBlackSite,numberOfRobotsOnWhiteSite
10608,28,16
timeStep,numberOfRobotsOnBlackSite,numberOfRobotsOnWhiteSite
10609,28,16
timeStep,numberOfRobotsOnBlackSite,numberOfRobotsOnWhiteSite
10610,28,16
timeStep,numberOfRobotsOnBlackSite,numberOfRobotsOnWhiteSite
10611,28,16
timeStep,numberOfRobotsOnBlackSite,numberOfRobotsOnWhiteSite
10612,28,16
timeStep,numberOfRobotsOnBlackSite,numberOfRobotsOnWhiteSite
10613,28,16
timeStep,numberOfRobotsOnBlackSite,numberOfRobotsOnWhiteSite
10614,28,16
timeStep,numberOfRobotsOnBlackSite,numberOfRobotsOnWhiteSite
10615,28,16
timeStep,numberOfRobotsOnBlackSite,numberOfRobotsOnWhiteSite
10616,28,16
timeStep,numberOfRobotsOnBlackSite,numberOfRobotsOnWhiteSite
10617,28,16
timeStep,numberOfRobotsOnBlackSite,numberOfRobotsOnWhiteSite
10618,28,16
timeStep,numberOfRobotsOnBlackSite,numberOfRobotsOnWhiteSite
10619,28,16
timeStep,numberOfRobotsOnBlackSite,numberOfRobotsOnWhiteSite
10620,28,15
timeStep,numberOfRobotsOnBlackSite,numberOfRobotsOnWhiteSite
10621,28,15
timeStep,numberOfRobotsOnBlackSite,numberOfRobotsOnWhiteSite
10622,28,15
timeStep,numberOfRobotsOnBlackSite,numberOfRobotsOnWhiteSite
10623,28,15
timeStep,numberOfRobotsOnBlackSite,numberOfRobotsOnWhiteSite
10624,28,15
timeStep,numberOfRobotsOnBlackSite,numberOfRobotsOnWhiteSite
10625,27,15
timeStep,numberOfRobotsOnBlackSite,numberOfRobotsOnWhiteSite
10626,27,15
timeStep,numberOfRobotsOnBlackSite,numberOfRobotsOnWhiteSite
10627,27,15
timeStep,numberOfRobotsOnBlackSite,numberOfRobotsOnWhiteSite
10628,27,15
timeStep,numberOfRobotsOnBlackSite,numberOfRobotsOnWhiteSite
10629,27,15
timeStep,numberOfRobotsOnBlackSite,numberOfRobotsOnWhiteSite
10630,27,15
timeStep,numberOfRobotsOnBlackSite,numberOfRobotsOnWhiteSite
10631,27,15
timeStep,numberOfRobotsOnBlackSite,numberOfRobotsOnWhiteSite
10632,27,15
timeStep,numberOfRobotsOnBlackSite,numberOfRobotsOnWhiteSite
10633,27,15
timeStep,numberOfRobotsOnBlackSite,numberOfRobotsOnWhiteSite
10634,27,15
timeStep,numberOfRobotsOnBlackSite,numberOfRobotsOnWhiteSite
10635,27,15
timeStep,numberOfRobotsOnBlackSite,numberOfRobotsOnWhiteSite
10636,27,15
timeStep,numberOfRobotsOnBlackSite,numberOfRobotsOnWhiteSite
10637,27,15
timeStep,numberOfRobotsOnBlackSite,numberOfRobotsOnWhiteSite
10638,27,15
timeStep,numberOfRobotsOnBlackSite,numberOfRobotsOnWhiteSite
10639,27,15
timeStep,numberOfRobotsOnBlackSite,numberOfRobotsOnWhiteSite
10640,27,15
timeStep,numberOfRobotsOnBlackSite,numberOfRobotsOnWhiteSite
10641,27,15
timeStep,numberOfRobotsOnBlackSite,numberOfRobotsOnWhiteSite
10642,27,15
timeStep,numberOfRobotsOnBlackSite,numberOfRobotsOnWhiteSite
10643,27,15
timeStep,numberOfRobotsOnBlackSite,numberOfRobotsOnWhiteSite
10644,27,15
timeStep,numberOfRobotsOnBlackSite,numberOfRobotsOnWhiteSite
10645,27,14
timeStep,numberOfRobotsOnBlackSite,numberOfRobotsOnWhiteSite
10646,27,14
timeStep,numberOfRobotsOnBlackSite,numberOfRobotsOnWhiteSite
10647,27,14
timeStep,numberOfRobotsOnBlackSite,numberOfRobotsOnWhiteSite
10648,27,14
timeStep,numberOfRobotsOnBlackSite,numberOfRobotsOnWhiteSite
10649,27,14
timeStep,numberOfRobotsOnBlackSite,numberOfRobotsOnWhiteSite
10650,27,14
timeStep,numberOfRobotsOnBlackSite,numberOfRobotsOnWhiteSite
10651,27,14
timeStep,numberOfRobotsOnBlackSite,numberOfRobotsOnWhiteSite
10652,27,14
timeStep,numberOfRobotsOnBlackSite,numberOfRobotsOnWhiteSite
10653,27,14
timeStep,numberOfRobotsOnBlackSite,numberOfRobotsOnWhiteSite
10654,27,14
timeStep,numberOfRobotsOnBlackSite,numberOfRobotsOnWhiteSite
10655,27,14
timeStep,numberOfRobotsOnBlackSite,numberOfRobotsOnWhiteSite
10656,27,14
timeStep,numberOfRobotsOnBlackSite,numberOfRobotsOnWhiteSite
10657,27,14
timeStep,numberOfRobotsOnBlackSite,numberOfRobotsOnWhiteSite
10658,27,14
timeStep,numberOfRobotsOnBlackSite,numberOfRobotsOnWhiteSite
10659,27,14
timeStep,numberOfRobotsOnBlackSite,numberOfRobotsOnWhiteSite
10660,27,13
timeStep,numberOfRobotsOnBlackSite,numberOfRobotsOnWhiteSite
10661,27,13
timeStep,numberOfRobotsOnBlackSite,numberOfRobotsOnWhiteSite
10662,27,13
timeStep,numberOfRobotsOnBlackSite,numberOfRobotsOnWhiteSite
10663,27,13
timeStep,numberOfRobotsOnBlackSite,numberOfRobotsOnWhiteSite
10664,27,13
timeStep,numberOfRobotsOnBlackSite,numberOfRobotsOnWhiteSite
10665,27,12
timeStep,numberOfRobotsOnBlackSite,numberOfRobotsOnWhiteSite
10666,27,12
timeStep,numberOfRobotsOnBlackSite,numberOfRobotsOnWhiteSite
10667,27,12
timeStep,numberOfRobotsOnBlackSite,numberOfRobotsOnWhiteSite
10668,27,12
timeStep,numberOfRobotsOnBlackSite,numberOfRobotsOnWhiteSite
10669,27,12
timeStep,numberOfRobotsOnBlackSite,numberOfRobotsOnWhiteSite
10670,27,12
timeStep,numberOfRobotsOnBlackSite,numberOfRobotsOnWhiteSite
10671,27,12
timeStep,numberOfRobotsOnBlackSite,numberOfRobotsOnWhiteSite
10672,27,12
timeStep,numberOfRobotsOnBlackSite,numberOfRobotsOnWhiteSite
10673,27,12
timeStep,numberOfRobotsOnBlackSite,numberOfRobotsOnWhiteSite
10674,27,12
timeStep,numberOfRobotsOnBlackSite,numberOfRobotsOnWhiteSite
10675,27,13
timeStep,numberOfRobotsOnBlackSite,numberOfRobotsOnWhiteSite
10676,27,13
timeStep,numberOfRobotsOnBlackSite,numberOfRobotsOnWhiteSite
10677,27,13
timeStep,numberOfRobotsOnBlackSite,numberOfRobotsOnWhiteSite
10678,27,13
timeStep,numberOfRobotsOnBlackSite,numberOfRobotsOnWhiteSite
10679,27,13
timeStep,numberOfRobotsOnBlackSite,numberOfRobotsOnWhiteSite
10680,27,13
timeStep,numberOfRobotsOnBlackSite,numberOfRobotsOnWhiteSite
10681,27,13
timeStep,numberOfRobotsOnBlackSite,numberOfRobotsOnWhiteSite
10682,27,13
timeStep,numberOfRobotsOnBlackSite,numberOfRobotsOnWhiteSite
10683,27,13
timeStep,numberOfRobotsOnBlackSite,numberOfRobotsOnWhiteSite
10684,27,13
timeStep,numberOfRobotsOnBlackSite,numberOfRobotsOnWhiteSite
10685,27,13
timeStep,numberOfRobotsOnBlackSite,numberOfRobotsOnWhiteSite
10686,27,13
timeStep,numberOfRobotsOnBlackSite,numberOfRobotsOnWhiteSite
10687,27,13
timeStep,numberOfRobotsOnBlackSite,numberOfRobotsOnWhiteSite
10688,27,13
timeStep,numberOfRobotsOnBlackSite,numberOfRobotsOnWhiteSite
10689,27,13
timeStep,numberOfRobotsOnBlackSite,numberOfRobotsOnWhiteSite
10690,27,13
timeStep,numberOfRobotsOnBlackSite,numberOfRobotsOnWhiteSite
10691,27,13
timeStep,numberOfRobotsOnBlackSite,numberOfRobotsOnWhiteSite
10692,27,13
timeStep,numberOfRobotsOnBlackSite,numberOfRobotsOnWhiteSite
10693,27,13
timeStep,numberOfRobotsOnBlackSite,numberOfRobotsOnWhiteSite
10694,27,13
timeStep,numberOfRobotsOnBlackSite,numberOfRobotsOnWhiteSite
10695,27,13
timeStep,numberOfRobotsOnBlackSite,numberOfRobotsOnWhiteSite
10696,27,13
timeStep,numberOfRobotsOnBlackSite,numberOfRobotsOnWhiteSite
10697,27,13
timeStep,numberOfRobotsOnBlackSite,numberOfRobotsOnWhiteSite
10698,27,13
timeStep,numberOfRobotsOnBlackSite,numberOfRobotsOnWhiteSite
10699,27,13
timeStep,numberOfRobotsOnBlackSite,numberOfRobotsOnWhiteSite
10700,27,15
timeStep,numberOfRobotsOnBlackSite,numberOfRobotsOnWhiteSite
10701,27,15
timeStep,numberOfRobotsOnBlackSite,numberOfRobotsOnWhiteSite
10702,27,15
timeStep,numberOfRobotsOnBlackSite,numberOfRobotsOnWhiteSite
10703,27,15
timeStep,numberOfRobotsOnBlackSite,numberOfRobotsOnWhiteSite
10704,27,15
timeStep,numberOfRobotsOnBlackSite,numberOfRobotsOnWhiteSite
10705,27,15
timeStep,numberOfRobotsOnBlackSite,numberOfRobotsOnWhiteSite
10706,27,15
timeStep,numberOfRobotsOnBlackSite,numberOfRobotsOnWhiteSite
10707,27,15
timeStep,numberOfRobotsOnBlackSite,numberOfRobotsOnWhiteSite
10708,27,15
timeStep,numberOfRobotsOnBlackSite,numberOfRobotsOnWhiteSite
10709,27,15
timeStep,numberOfRobotsOnBlackSite,numberOfRobotsOnWhiteSite
10710,27,15
timeStep,numberOfRobotsOnBlackSite,numberOfRobotsOnWhiteSite
10711,27,15
timeStep,numberOfRobotsOnBlackSite,numberOfRobotsOnWhiteSite
10712,27,15
timeStep,numberOfRobotsOnBlackSite,numberOfRobotsOnWhiteSite
10713,27,15
timeStep,numberOfRobotsOnBlackSite,numberOfRobotsOnWhiteSite
10714,27,15
timeStep,numberOfRobotsOnBlackSite,numberOfRobotsOnWhiteSite
10715,27,16
timeStep,numberOfRobotsOnBlackSite,numberOfRobotsOnWhiteSite
10716,27,16
timeStep,numberOfRobotsOnBlackSite,numberOfRobotsOnWhiteSite
10717,27,16
timeStep,numberOfRobotsOnBlackSite,numberOfRobotsOnWhiteSite
10718,27,16
timeStep,numberOfRobotsOnBlackSite,numberOfRobotsOnWhiteSite
10719,27,16
timeStep,numberOfRobotsOnBlackSite,numberOfRobotsOnWhiteSite
10720,26,16
timeStep,numberOfRobotsOnBlackSite,numberOfRobotsOnWhiteSite
10721,26,16
timeStep,numberOfRobotsOnBlackSite,numberOfRobotsOnWhiteSite
10722,26,16
timeStep,numberOfRobotsOnBlackSite,numberOfRobotsOnWhiteSite
10723,26,16
timeStep,numberOfRobotsOnBlackSite,numberOfRobotsOnWhiteSite
10724,26,16
timeStep,numberOfRobotsOnBlackSite,numberOfRobotsOnWhiteSite
10725,26,16
timeStep,numberOfRobotsOnBlackSite,numberOfRobotsOnWhiteSite
10726,26,16
timeStep,numberOfRobotsOnBlackSite,numberOfRobotsOnWhiteSite
10727,26,16
timeStep,numberOfRobotsOnBlackSite,numberOfRobotsOnWhiteSite
10728,26,16
timeStep,numberOfRobotsOnBlackSite,numberOfRobotsOnWhiteSite
10729,26,16
timeStep,numberOfRobotsOnBlackSite,numberOfRobotsOnWhiteSite
10730,26,16
timeStep,numberOfRobotsOnBlackSite,numberOfRobotsOnWhiteSite
10731,26,16
timeStep,numberOfRobotsOnBlackSite,numberOfRobotsOnWhiteSite
10732,26,16
timeStep,numberOfRobotsOnBlackSite,numberOfRobotsOnWhiteSite
10733,26,16
timeStep,numberOfRobotsOnBlackSite,numberOfRobotsOnWhiteSite
10734,26,16
timeStep,numberOfRobotsOnBlackSite,numberOfRobotsOnWhiteSite
10735,26,16
timeStep,numberOfRobotsOnBlackSite,numberOfRobotsOnWhiteSite
10736,26,16
timeStep,numberOfRobotsOnBlackSite,numberOfRobotsOnWhiteSite
10737,26,16
timeStep,numberOfRobotsOnBlackSite,numberOfRobotsOnWhiteSite
10738,26,16
timeStep,numberOfRobotsOnBlackSite,numberOfRobotsOnWhiteSite
10739,26,16
timeStep,numberOfRobotsOnBlackSite,numberOfRobotsOnWhiteSite
10740,27,16
timeStep,numberOfRobotsOnBlackSite,numberOfRobotsOnWhiteSite
10741,27,16
timeStep,numberOfRobotsOnBlackSite,numberOfRobotsOnWhiteSite
10742,27,16
timeStep,numberOfRobotsOnBlackSite,numberOfRobotsOnWhiteSite
10743,27,16
timeStep,numberOfRobotsOnBlackSite,numberOfRobotsOnWhiteSite
10744,27,16
timeStep,numberOfRobotsOnBlackSite,numberOfRobotsOnWhiteSite
10745,27,16
timeStep,numberOfRobotsOnBlackSite,numberOfRobotsOnWhiteSite
10746,27,16
timeStep,numberOfRobotsOnBlackSite,numberOfRobotsOnWhiteSite
10747,27,16
timeStep,numberOfRobotsOnBlackSite,numberOfRobotsOnWhiteSite
10748,27,16
timeStep,numberOfRobotsOnBlackSite,numberOfRobotsOnWhiteSite
10749,27,16
timeStep,numberOfRobotsOnBlackSite,numberOfRobotsOnWhiteSite
10750,27,16
timeStep,numberOfRobotsOnBlackSite,numberOfRobotsOnWhiteSite
10751,27,16
timeStep,numberOfRobotsOnBlackSite,numberOfRobotsOnWhiteSite
10752,27,16
timeStep,numberOfRobotsOnBlackSite,numberOfRobotsOnWhiteSite
10753,27,16
timeStep,numberOfRobotsOnBlackSite,numberOfRobotsOnWhiteSite
10754,27,16
timeStep,numberOfRobotsOnBlackSite,numberOfRobotsOnWhiteSite
10755,27,16
timeStep,numberOfRobotsOnBlackSite,numberOfRobotsOnWhiteSite
10756,27,16
timeStep,numberOfRobotsOnBlackSite,numberOfRobotsOnWhiteSite
10757,27,16
timeStep,numberOfRobotsOnBlackSite,numberOfRobotsOnWhiteSite
10758,27,16
timeStep,numberOfRobotsOnBlackSite,numberOfRobotsOnWhiteSite
10759,27,16
timeStep,numberOfRobotsOnBlackSite,numberOfRobotsOnWhiteSite
10760,27,16
timeStep,numberOfRobotsOnBlackSite,numberOfRobotsOnWhiteSite
10761,27,16
timeStep,numberOfRobotsOnBlackSite,numberOfRobotsOnWhiteSite
10762,27,16
timeStep,numberOfRobotsOnBlackSite,numberOfRobotsOnWhiteSite
10763,27,16
timeStep,numberOfRobotsOnBlackSite,numberOfRobotsOnWhiteSite
10764,27,16
timeStep,numberOfRobotsOnBlackSite,numberOfRobotsOnWhiteSite
10765,27,16
timeStep,numberOfRobotsOnBlackSite,numberOfRobotsOnWhiteSite
10766,27,16
timeStep,numberOfRobotsOnBlackSite,numberOfRobotsOnWhiteSite
10767,27,16
timeStep,numberOfRobotsOnBlackSite,numberOfRobotsOnWhiteSite
10768,27,16
timeStep,numberOfRobotsOnBlackSite,numberOfRobotsOnWhiteSite
10769,27,16
timeStep,numberOfRobotsOnBlackSite,numberOfRobotsOnWhiteSite
10770,27,16
timeStep,numberOfRobotsOnBlackSite,numberOfRobotsOnWhiteSite
10771,27,16
timeStep,numberOfRobotsOnBlackSite,numberOfRobotsOnWhiteSite
10772,27,16
timeStep,numberOfRobotsOnBlackSite,numberOfRobotsOnWhiteSite
10773,27,16
timeStep,numberOfRobotsOnBlackSite,numberOfRobotsOnWhiteSite
10774,27,16
timeStep,numberOfRobotsOnBlackSite,numberOfRobotsOnWhiteSite
10775,27,16
timeStep,numberOfRobotsOnBlackSite,numberOfRobotsOnWhiteSite
10776,27,16
timeStep,numberOfRobotsOnBlackSite,numberOfRobotsOnWhiteSite
10777,27,16
timeStep,numberOfRobotsOnBlackSite,numberOfRobotsOnWhiteSite
10778,27,16
timeStep,numberOfRobotsOnBlackSite,numberOfRobotsOnWhiteSite
10779,27,16
timeStep,numberOfRobotsOnBlackSite,numberOfRobotsOnWhiteSite
10780,27,16
timeStep,numberOfRobotsOnBlackSite,numberOfRobotsOnWhiteSite
10781,27,16
timeStep,numberOfRobotsOnBlackSite,numberOfRobotsOnWhiteSite
10782,27,16
timeStep,numberOfRobotsOnBlackSite,numberOfRobotsOnWhiteSite
10783,27,16
timeStep,numberOfRobotsOnBlackSite,numberOfRobotsOnWhiteSite
10784,27,16
timeStep,numberOfRobotsOnBlackSite,numberOfRobotsOnWhiteSite
10785,27,16
timeStep,numberOfRobotsOnBlackSite,numberOfRobotsOnWhiteSite
10786,27,16
timeStep,numberOfRobotsOnBlackSite,numberOfRobotsOnWhiteSite
10787,27,16
timeStep,numberOfRobotsOnBlackSite,numberOfRobotsOnWhiteSite
10788,27,16
timeStep,numberOfRobotsOnBlackSite,numberOfRobotsOnWhiteSite
10789,27,16
timeStep,numberOfRobotsOnBlackSite,numberOfRobotsOnWhiteSite
10790,27,16
timeStep,numberOfRobotsOnBlackSite,numberOfRobotsOnWhiteSite
10791,27,16
timeStep,numberOfRobotsOnBlackSite,numberOfRobotsOnWhiteSite
10792,27,16
timeStep,numberOfRobotsOnBlackSite,numberOfRobotsOnWhiteSite
10793,27,16
timeStep,numberOfRobotsOnBlackSite,numberOfRobotsOnWhiteSite
10794,27,16
timeStep,numberOfRobotsOnBlackSite,numberOfRobotsOnWhiteSite
10795,28,15
timeStep,numberOfRobotsOnBlackSite,numberOfRobotsOnWhiteSite
10796,28,15
timeStep,numberOfRobotsOnBlackSite,numberOfRobotsOnWhiteSite
10797,28,15
timeStep,numberOfRobotsOnBlackSite,numberOfRobotsOnWhiteSite
10798,28,15
timeStep,numberOfRobotsOnBlackSite,numberOfRobotsOnWhiteSite
10799,28,15
timeStep,numberOfRobotsOnBlackSite,numberOfRobotsOnWhiteSite
10800,28,15
timeStep,numberOfRobotsOnBlackSite,numberOfRobotsOnWhiteSite
10801,28,15
timeStep,numberOfRobotsOnBlackSite,numberOfRobotsOnWhiteSite
10802,28,15
timeStep,numberOfRobotsOnBlackSite,numberOfRobotsOnWhiteSite
10803,28,15
timeStep,numberOfRobotsOnBlackSite,numberOfRobotsOnWhiteSite
10804,28,15
timeStep,numberOfRobotsOnBlackSite,numberOfRobotsOnWhiteSite
10805,28,15
timeStep,numberOfRobotsOnBlackSite,numberOfRobotsOnWhiteSite
10806,28,15
timeStep,numberOfRobotsOnBlackSite,numberOfRobotsOnWhiteSite
10807,28,15
timeStep,numberOfRobotsOnBlackSite,numberOfRobotsOnWhiteSite
10808,28,15
timeStep,numberOfRobotsOnBlackSite,numberOfRobotsOnWhiteSite
10809,28,15
timeStep,numberOfRobotsOnBlackSite,numberOfRobotsOnWhiteSite
10810,28,15
timeStep,numberOfRobotsOnBlackSite,numberOfRobotsOnWhiteSite
10811,28,15
timeStep,numberOfRobotsOnBlackSite,numberOfRobotsOnWhiteSite
10812,28,15
timeStep,numberOfRobotsOnBlackSite,numberOfRobotsOnWhiteSite
10813,28,15
timeStep,numberOfRobotsOnBlackSite,numberOfRobotsOnWhiteSite
10814,28,15
timeStep,numberOfRobotsOnBlackSite,numberOfRobotsOnWhiteSite
10815,28,15
timeStep,numberOfRobotsOnBlackSite,numberOfRobotsOnWhiteSite
10816,28,15
timeStep,numberOfRobotsOnBlackSite,numberOfRobotsOnWhiteSite
10817,28,15
timeStep,numberOfRobotsOnBlackSite,numberOfRobotsOnWhiteSite
10818,28,15
timeStep,numberOfRobotsOnBlackSite,numberOfRobotsOnWhiteSite
10819,28,15
timeStep,numberOfRobotsOnBlackSite,numberOfRobotsOnWhiteSite
10820,28,15
timeStep,numberOfRobotsOnBlackSite,numberOfRobotsOnWhiteSite
10821,28,15
timeStep,numberOfRobotsOnBlackSite,numberOfRobotsOnWhiteSite
10822,28,15
timeStep,numberOfRobotsOnBlackSite,numberOfRobotsOnWhiteSite
10823,28,15
timeStep,numberOfRobotsOnBlackSite,numberOfRobotsOnWhiteSite
10824,28,15
timeStep,numberOfRobotsOnBlackSite,numberOfRobotsOnWhiteSite
10825,28,15
timeStep,numberOfRobotsOnBlackSite,numberOfRobotsOnWhiteSite
10826,28,15
timeStep,numberOfRobotsOnBlackSite,numberOfRobotsOnWhiteSite
10827,28,15
timeStep,numberOfRobotsOnBlackSite,numberOfRobotsOnWhiteSite
10828,28,15
timeStep,numberOfRobotsOnBlackSite,numberOfRobotsOnWhiteSite
10829,28,15
timeStep,numberOfRobotsOnBlackSite,numberOfRobotsOnWhiteSite
10830,28,15
timeStep,numberOfRobotsOnBlackSite,numberOfRobotsOnWhiteSite
10831,28,15
timeStep,numberOfRobotsOnBlackSite,numberOfRobotsOnWhiteSite
10832,28,15
timeStep,numberOfRobotsOnBlackSite,numberOfRobotsOnWhiteSite
10833,28,15
timeStep,numberOfRobotsOnBlackSite,numberOfRobotsOnWhiteSite
10834,28,15
timeStep,numberOfRobotsOnBlackSite,numberOfRobotsOnWhiteSite
10835,28,15
timeStep,numberOfRobotsOnBlackSite,numberOfRobotsOnWhiteSite
10836,28,15
timeStep,numberOfRobotsOnBlackSite,numberOfRobotsOnWhiteSite
10837,28,15
timeStep,numberOfRobotsOnBlackSite,numberOfRobotsOnWhiteSite
10838,28,15
timeStep,numberOfRobotsOnBlackSite,numberOfRobotsOnWhiteSite
10839,28,15
timeStep,numberOfRobotsOnBlackSite,numberOfRobotsOnWhiteSite
10840,28,14
timeStep,numberOfRobotsOnBlackSite,numberOfRobotsOnWhiteSite
10841,28,14
timeStep,numberOfRobotsOnBlackSite,numberOfRobotsOnWhiteSite
10842,28,14
timeStep,numberOfRobotsOnBlackSite,numberOfRobotsOnWhiteSite
10843,28,14
timeStep,numberOfRobotsOnBlackSite,numberOfRobotsOnWhiteSite
10844,28,14
timeStep,numberOfRobotsOnBlackSite,numberOfRobotsOnWhiteSite
10845,28,14
timeStep,numberOfRobotsOnBlackSite,numberOfRobotsOnWhiteSite
10846,28,14
timeStep,numberOfRobotsOnBlackSite,numberOfRobotsOnWhiteSite
10847,28,14
timeStep,numberOfRobotsOnBlackSite,numberOfRobotsOnWhiteSite
10848,28,14
timeStep,numberOfRobotsOnBlackSite,numberOfRobotsOnWhiteSite
10849,28,14
timeStep,numberOfRobotsOnBlackSite,numberOfRobotsOnWhiteSite
10850,28,14
timeStep,numberOfRobotsOnBlackSite,numberOfRobotsOnWhiteSite
10851,28,14
timeStep,numberOfRobotsOnBlackSite,numberOfRobotsOnWhiteSite
10852,28,14
timeStep,numberOfRobotsOnBlackSite,numberOfRobotsOnWhiteSite
10853,28,14
timeStep,numberOfRobotsOnBlackSite,numberOfRobotsOnWhiteSite
10854,28,14
timeStep,numberOfRobotsOnBlackSite,numberOfRobotsOnWhiteSite
10855,28,14
timeStep,numberOfRobotsOnBlackSite,numberOfRobotsOnWhiteSite
10856,28,14
timeStep,numberOfRobotsOnBlackSite,numberOfRobotsOnWhiteSite
10857,28,14
timeStep,numberOfRobotsOnBlackSite,numberOfRobotsOnWhiteSite
10858,28,14
timeStep,numberOfRobotsOnBlackSite,numberOfRobotsOnWhiteSite
10859,28,14
timeStep,numberOfRobotsOnBlackSite,numberOfRobotsOnWhiteSite
10860,28,14
timeStep,numberOfRobotsOnBlackSite,numberOfRobotsOnWhiteSite
10861,28,14
timeStep,numberOfRobotsOnBlackSite,numberOfRobotsOnWhiteSite
10862,28,14
timeStep,numberOfRobotsOnBlackSite,numberOfRobotsOnWhiteSite
10863,28,14
timeStep,numberOfRobotsOnBlackSite,numberOfRobotsOnWhiteSite
10864,28,14
timeStep,numberOfRobotsOnBlackSite,numberOfRobotsOnWhiteSite
10865,28,14
timeStep,numberOfRobotsOnBlackSite,numberOfRobotsOnWhiteSite
10866,28,14
timeStep,numberOfRobotsOnBlackSite,numberOfRobotsOnWhiteSite
10867,28,14
timeStep,numberOfRobotsOnBlackSite,numberOfRobotsOnWhiteSite
10868,28,14
timeStep,numberOfRobotsOnBlackSite,numberOfRobotsOnWhiteSite
10869,28,14
timeStep,numberOfRobotsOnBlackSite,numberOfRobotsOnWhiteSite
10870,28,14
timeStep,numberOfRobotsOnBlackSite,numberOfRobotsOnWhiteSite
10871,28,14
timeStep,numberOfRobotsOnBlackSite,numberOfRobotsOnWhiteSite
10872,28,14
timeStep,numberOfRobotsOnBlackSite,numberOfRobotsOnWhiteSite
10873,28,14
timeStep,numberOfRobotsOnBlackSite,numberOfRobotsOnWhiteSite
10874,28,14
timeStep,numberOfRobotsOnBlackSite,numberOfRobotsOnWhiteSite
10875,28,14
timeStep,numberOfRobotsOnBlackSite,numberOfRobotsOnWhiteSite
10876,28,14
timeStep,numberOfRobotsOnBlackSite,numberOfRobotsOnWhiteSite
10877,28,14
timeStep,numberOfRobotsOnBlackSite,numberOfRobotsOnWhiteSite
10878,28,14
timeStep,numberOfRobotsOnBlackSite,numberOfRobotsOnWhiteSite
10879,28,14
timeStep,numberOfRobotsOnBlackSite,numberOfRobotsOnWhiteSite
10880,28,13
timeStep,numberOfRobotsOnBlackSite,numberOfRobotsOnWhiteSite
10881,28,13
timeStep,numberOfRobotsOnBlackSite,numberOfRobotsOnWhiteSite
10882,28,13
timeStep,numberOfRobotsOnBlackSite,numberOfRobotsOnWhiteSite
10883,28,13
timeStep,numberOfRobotsOnBlackSite,numberOfRobotsOnWhiteSite
10884,28,13
timeStep,numberOfRobotsOnBlackSite,numberOfRobotsOnWhiteSite
10885,28,15
timeStep,numberOfRobotsOnBlackSite,numberOfRobotsOnWhiteSite
10886,28,15
timeStep,numberOfRobotsOnBlackSite,numberOfRobotsOnWhiteSite
10887,28,15
timeStep,numberOfRobotsOnBlackSite,numberOfRobotsOnWhiteSite
10888,28,15
timeStep,numberOfRobotsOnBlackSite,numberOfRobotsOnWhiteSite
10889,28,15
timeStep,numberOfRobotsOnBlackSite,numberOfRobotsOnWhiteSite
10890,27,15
timeStep,numberOfRobotsOnBlackSite,numberOfRobotsOnWhiteSite
10891,27,15
timeStep,numberOfRobotsOnBlackSite,numberOfRobotsOnWhiteSite
10892,27,15
timeStep,numberOfRobotsOnBlackSite,numberOfRobotsOnWhiteSite
10893,27,15
timeStep,numberOfRobotsOnBlackSite,numberOfRobotsOnWhiteSite
10894,27,15
timeStep,numberOfRobotsOnBlackSite,numberOfRobotsOnWhiteSite
10895,27,15
timeStep,numberOfRobotsOnBlackSite,numberOfRobotsOnWhiteSite
10896,27,15
timeStep,numberOfRobotsOnBlackSite,numberOfRobotsOnWhiteSite
10897,27,15
timeStep,numberOfRobotsOnBlackSite,numberOfRobotsOnWhiteSite
10898,27,15
timeStep,numberOfRobotsOnBlackSite,numberOfRobotsOnWhiteSite
10899,27,15
timeStep,numberOfRobotsOnBlackSite,numberOfRobotsOnWhiteSite
10900,27,15
timeStep,numberOfRobotsOnBlackSite,numberOfRobotsOnWhiteSite
10901,27,15
timeStep,numberOfRobotsOnBlackSite,numberOfRobotsOnWhiteSite
10902,27,15
timeStep,numberOfRobotsOnBlackSite,numberOfRobotsOnWhiteSite
10903,27,15
timeStep,numberOfRobotsOnBlackSite,numberOfRobotsOnWhiteSite
10904,27,15
timeStep,numberOfRobotsOnBlackSite,numberOfRobotsOnWhiteSite
10905,27,15
timeStep,numberOfRobotsOnBlackSite,numberOfRobotsOnWhiteSite
10906,27,15
timeStep,numberOfRobotsOnBlackSite,numberOfRobotsOnWhiteSite
10907,27,15
timeStep,numberOfRobotsOnBlackSite,numberOfRobotsOnWhiteSite
10908,27,15
timeStep,numberOfRobotsOnBlackSite,numberOfRobotsOnWhiteSite
10909,27,15
timeStep,numberOfRobotsOnBlackSite,numberOfRobotsOnWhiteSite
10910,27,15
timeStep,numberOfRobotsOnBlackSite,numberOfRobotsOnWhiteSite
10911,27,15
timeStep,numberOfRobotsOnBlackSite,numberOfRobotsOnWhiteSite
10912,27,15
timeStep,numberOfRobotsOnBlackSite,numberOfRobotsOnWhiteSite
10913,27,15
timeStep,numberOfRobotsOnBlackSite,numberOfRobotsOnWhiteSite
10914,27,15
timeStep,numberOfRobotsOnBlackSite,numberOfRobotsOnWhiteSite
10915,27,15
timeStep,numberOfRobotsOnBlackSite,numberOfRobotsOnWhiteSite
10916,27,15
timeStep,numberOfRobotsOnBlackSite,numberOfRobotsOnWhiteSite
10917,27,15
timeStep,numberOfRobotsOnBlackSite,numberOfRobotsOnWhiteSite
10918,27,15
timeStep,numberOfRobotsOnBlackSite,numberOfRobotsOnWhiteSite
10919,27,15
timeStep,numberOfRobotsOnBlackSite,numberOfRobotsOnWhiteSite
10920,27,15
timeStep,numberOfRobotsOnBlackSite,numberOfRobotsOnWhiteSite
10921,27,15
timeStep,numberOfRobotsOnBlackSite,numberOfRobotsOnWhiteSite
10922,27,15
timeStep,numberOfRobotsOnBlackSite,numberOfRobotsOnWhiteSite
10923,27,15
timeStep,numberOfRobotsOnBlackSite,numberOfRobotsOnWhiteSite
10924,27,15
timeStep,numberOfRobotsOnBlackSite,numberOfRobotsOnWhiteSite
10925,27,15
timeStep,numberOfRobotsOnBlackSite,numberOfRobotsOnWhiteSite
10926,27,15
timeStep,numberOfRobotsOnBlackSite,numberOfRobotsOnWhiteSite
10927,27,15
timeStep,numberOfRobotsOnBlackSite,numberOfRobotsOnWhiteSite
10928,27,15
timeStep,numberOfRobotsOnBlackSite,numberOfRobotsOnWhiteSite
10929,27,15
timeStep,numberOfRobotsOnBlackSite,numberOfRobotsOnWhiteSite
10930,27,15
timeStep,numberOfRobotsOnBlackSite,numberOfRobotsOnWhiteSite
10931,27,15
timeStep,numberOfRobotsOnBlackSite,numberOfRobotsOnWhiteSite
10932,27,15
timeStep,numberOfRobotsOnBlackSite,numberOfRobotsOnWhiteSite
10933,27,15
timeStep,numberOfRobotsOnBlackSite,numberOfRobotsOnWhiteSite
10934,27,15
timeStep,numberOfRobotsOnBlackSite,numberOfRobotsOnWhiteSite
10935,27,14
timeStep,numberOfRobotsOnBlackSite,numberOfRobotsOnWhiteSite
10936,27,14
timeStep,numberOfRobotsOnBlackSite,numberOfRobotsOnWhiteSite
10937,27,14
timeStep,numberOfRobotsOnBlackSite,numberOfRobotsOnWhiteSite
10938,27,14
timeStep,numberOfRobotsOnBlackSite,numberOfRobotsOnWhiteSite
10939,27,14
timeStep,numberOfRobotsOnBlackSite,numberOfRobotsOnWhiteSite
10940,27,14
timeStep,numberOfRobotsOnBlackSite,numberOfRobotsOnWhiteSite
10941,27,14
timeStep,numberOfRobotsOnBlackSite,numberOfRobotsOnWhiteSite
10942,27,14
timeStep,numberOfRobotsOnBlackSite,numberOfRobotsOnWhiteSite
10943,27,14
timeStep,numberOfRobotsOnBlackSite,numberOfRobotsOnWhiteSite
10944,27,14
timeStep,numberOfRobotsOnBlackSite,numberOfRobotsOnWhiteSite
10945,27,14
timeStep,numberOfRobotsOnBlackSite,numberOfRobotsOnWhiteSite
10946,27,14
timeStep,numberOfRobotsOnBlackSite,numberOfRobotsOnWhiteSite
10947,27,14
timeStep,numberOfRobotsOnBlackSite,numberOfRobotsOnWhiteSite
10948,27,14
timeStep,numberOfRobotsOnBlackSite,numberOfRobotsOnWhiteSite
10949,27,14
timeStep,numberOfRobotsOnBlackSite,numberOfRobotsOnWhiteSite
10950,27,14
timeStep,numberOfRobotsOnBlackSite,numberOfRobotsOnWhiteSite
10951,27,14
timeStep,numberOfRobotsOnBlackSite,numberOfRobotsOnWhiteSite
10952,27,14
timeStep,numberOfRobotsOnBlackSite,numberOfRobotsOnWhiteSite
10953,27,14
timeStep,numberOfRobotsOnBlackSite,numberOfRobotsOnWhiteSite
10954,27,14
timeStep,numberOfRobotsOnBlackSite,numberOfRobotsOnWhiteSite
10955,27,14
timeStep,numberOfRobotsOnBlackSite,numberOfRobotsOnWhiteSite
10956,27,14
timeStep,numberOfRobotsOnBlackSite,numberOfRobotsOnWhiteSite
10957,27,14
timeStep,numberOfRobotsOnBlackSite,numberOfRobotsOnWhiteSite
10958,27,14
timeStep,numberOfRobotsOnBlackSite,numberOfRobotsOnWhiteSite
10959,27,14
timeStep,numberOfRobotsOnBlackSite,numberOfRobotsOnWhiteSite
10960,28,14
timeStep,numberOfRobotsOnBlackSite,numberOfRobotsOnWhiteSite
10961,28,14
timeStep,numberOfRobotsOnBlackSite,numberOfRobotsOnWhiteSite
10962,28,14
timeStep,numberOfRobotsOnBlackSite,numberOfRobotsOnWhiteSite
10963,28,14
timeStep,numberOfRobotsOnBlackSite,numberOfRobotsOnWhiteSite
10964,28,14
timeStep,numberOfRobotsOnBlackSite,numberOfRobotsOnWhiteSite
10965,28,14
timeStep,numberOfRobotsOnBlackSite,numberOfRobotsOnWhiteSite
10966,28,14
timeStep,numberOfRobotsOnBlackSite,numberOfRobotsOnWhiteSite
10967,28,14
timeStep,numberOfRobotsOnBlackSite,numberOfRobotsOnWhiteSite
10968,28,14
timeStep,numberOfRobotsOnBlackSite,numberOfRobotsOnWhiteSite
10969,28,14
timeStep,numberOfRobotsOnBlackSite,numberOfRobotsOnWhiteSite
10970,28,14
timeStep,numberOfRobotsOnBlackSite,numberOfRobotsOnWhiteSite
10971,28,14
timeStep,numberOfRobotsOnBlackSite,numberOfRobotsOnWhiteSite
10972,28,14
timeStep,numberOfRobotsOnBlackSite,numberOfRobotsOnWhiteSite
10973,28,14
timeStep,numberOfRobotsOnBlackSite,numberOfRobotsOnWhiteSite
10974,28,14
timeStep,numberOfRobotsOnBlackSite,numberOfRobotsOnWhiteSite
10975,28,14
timeStep,numberOfRobotsOnBlackSite,numberOfRobotsOnWhiteSite
10976,28,14
timeStep,numberOfRobotsOnBlackSite,numberOfRobotsOnWhiteSite
10977,28,14
timeStep,numberOfRobotsOnBlackSite,numberOfRobotsOnWhiteSite
10978,28,14
timeStep,numberOfRobotsOnBlackSite,numberOfRobotsOnWhiteSite
10979,28,14
timeStep,numberOfRobotsOnBlackSite,numberOfRobotsOnWhiteSite
10980,28,14
timeStep,numberOfRobotsOnBlackSite,numberOfRobotsOnWhiteSite
10981,28,14
timeStep,numberOfRobotsOnBlackSite,numberOfRobotsOnWhiteSite
10982,28,14
timeStep,numberOfRobotsOnBlackSite,numberOfRobotsOnWhiteSite
10983,28,14
timeStep,numberOfRobotsOnBlackSite,numberOfRobotsOnWhiteSite
10984,28,14
timeStep,numberOfRobotsOnBlackSite,numberOfRobotsOnWhiteSite
10985,28,14
timeStep,numberOfRobotsOnBlackSite,numberOfRobotsOnWhiteSite
10986,28,14
timeStep,numberOfRobotsOnBlackSite,numberOfRobotsOnWhiteSite
10987,28,14
timeStep,numberOfRobotsOnBlackSite,numberOfRobotsOnWhiteSite
10988,28,14
timeStep,numberOfRobotsOnBlackSite,numberOfRobotsOnWhiteSite
10989,28,14
timeStep,numberOfRobotsOnBlackSite,numberOfRobotsOnWhiteSite
10990,28,14
timeStep,numberOfRobotsOnBlackSite,numberOfRobotsOnWhiteSite
10991,28,14
timeStep,numberOfRobotsOnBlackSite,numberOfRobotsOnWhiteSite
10992,28,14
timeStep,numberOfRobotsOnBlackSite,numberOfRobotsOnWhiteSite
10993,28,14
timeStep,numberOfRobotsOnBlackSite,numberOfRobotsOnWhiteSite
10994,28,14
timeStep,numberOfRobotsOnBlackSite,numberOfRobotsOnWhiteSite
10995,28,14
timeStep,numberOfRobotsOnBlackSite,numberOfRobotsOnWhiteSite
10996,28,14
timeStep,numberOfRobotsOnBlackSite,numberOfRobotsOnWhiteSite
10997,28,14
timeStep,numberOfRobotsOnBlackSite,numberOfRobotsOnWhiteSite
10998,28,14
timeStep,numberOfRobotsOnBlackSite,numberOfRobotsOnWhiteSite
10999,28,14
timeStep,numberOfRobotsOnBlackSite,numberOfRobotsOnWhiteSite
11000,28,14
timeStep,numberOfRobotsOnBlackSite,numberOfRobotsOnWhiteSite
11001,28,14
timeStep,numberOfRobotsOnBlackSite,numberOfRobotsOnWhiteSite
11002,28,14
timeStep,numberOfRobotsOnBlackSite,numberOfRobotsOnWhiteSite
11003,28,14
timeStep,numberOfRobotsOnBlackSite,numberOfRobotsOnWhiteSite
11004,28,14
timeStep,numberOfRobotsOnBlackSite,numberOfRobotsOnWhiteSite
11005,28,14
timeStep,numberOfRobotsOnBlackSite,numberOfRobotsOnWhiteSite
11006,28,14
timeStep,numberOfRobotsOnBlackSite,numberOfRobotsOnWhiteSite
11007,28,14
timeStep,numberOfRobotsOnBlackSite,numberOfRobotsOnWhiteSite
11008,28,14
timeStep,numberOfRobotsOnBlackSite,numberOfRobotsOnWhiteSite
11009,28,14
timeStep,numberOfRobotsOnBlackSite,numberOfRobotsOnWhiteSite
11010,28,14
timeStep,numberOfRobotsOnBlackSite,numberOfRobotsOnWhiteSite
11011,28,14
timeStep,numberOfRobotsOnBlackSite,numberOfRobotsOnWhiteSite
11012,28,14
timeStep,numberOfRobotsOnBlackSite,numberOfRobotsOnWhiteSite
11013,28,14
timeStep,numberOfRobotsOnBlackSite,numberOfRobotsOnWhiteSite
11014,28,14
timeStep,numberOfRobotsOnBlackSite,numberOfRobotsOnWhiteSite
11015,28,14
timeStep,numberOfRobotsOnBlackSite,numberOfRobotsOnWhiteSite
11016,28,14
timeStep,numberOfRobotsOnBlackSite,numberOfRobotsOnWhiteSite
11017,28,14
timeStep,numberOfRobotsOnBlackSite,numberOfRobotsOnWhiteSite
11018,28,14
timeStep,numberOfRobotsOnBlackSite,numberOfRobotsOnWhiteSite
11019,28,14
timeStep,numberOfRobotsOnBlackSite,numberOfRobotsOnWhiteSite
11020,28,14
timeStep,numberOfRobotsOnBlackSite,numberOfRobotsOnWhiteSite
11021,28,14
timeStep,numberOfRobotsOnBlackSite,numberOfRobotsOnWhiteSite
11022,28,14
timeStep,numberOfRobotsOnBlackSite,numberOfRobotsOnWhiteSite
11023,28,14
timeStep,numberOfRobotsOnBlackSite,numberOfRobotsOnWhiteSite
11024,28,14
timeStep,numberOfRobotsOnBlackSite,numberOfRobotsOnWhiteSite
11025,28,14
timeStep,numberOfRobotsOnBlackSite,numberOfRobotsOnWhiteSite
11026,28,14
timeStep,numberOfRobotsOnBlackSite,numberOfRobotsOnWhiteSite
11027,28,14
timeStep,numberOfRobotsOnBlackSite,numberOfRobotsOnWhiteSite
11028,28,14
timeStep,numberOfRobotsOnBlackSite,numberOfRobotsOnWhiteSite
11029,28,14
timeStep,numberOfRobotsOnBlackSite,numberOfRobotsOnWhiteSite
11030,28,14
timeStep,numberOfRobotsOnBlackSite,numberOfRobotsOnWhiteSite
11031,28,14
timeStep,numberOfRobotsOnBlackSite,numberOfRobotsOnWhiteSite
11032,28,14
timeStep,numberOfRobotsOnBlackSite,numberOfRobotsOnWhiteSite
11033,28,14
timeStep,numberOfRobotsOnBlackSite,numberOfRobotsOnWhiteSite
11034,28,14
timeStep,numberOfRobotsOnBlackSite,numberOfRobotsOnWhiteSite
11035,28,14
timeStep,numberOfRobotsOnBlackSite,numberOfRobotsOnWhiteSite
11036,28,14
timeStep,numberOfRobotsOnBlackSite,numberOfRobotsOnWhiteSite
11037,28,14
timeStep,numberOfRobotsOnBlackSite,numberOfRobotsOnWhiteSite
11038,28,14
timeStep,numberOfRobotsOnBlackSite,numberOfRobotsOnWhiteSite
11039,28,14
timeStep,numberOfRobotsOnBlackSite,numberOfRobotsOnWhiteSite
11040,28,14
timeStep,numberOfRobotsOnBlackSite,numberOfRobotsOnWhiteSite
11041,28,14
timeStep,numberOfRobotsOnBlackSite,numberOfRobotsOnWhiteSite
11042,28,14
timeStep,numberOfRobotsOnBlackSite,numberOfRobotsOnWhiteSite
11043,28,14
timeStep,numberOfRobotsOnBlackSite,numberOfRobotsOnWhiteSite
11044,28,14
timeStep,numberOfRobotsOnBlackSite,numberOfRobotsOnWhiteSite
11045,28,14
timeStep,numberOfRobotsOnBlackSite,numberOfRobotsOnWhiteSite
11046,28,14
timeStep,numberOfRobotsOnBlackSite,numberOfRobotsOnWhiteSite
11047,28,14
timeStep,numberOfRobotsOnBlackSite,numberOfRobotsOnWhiteSite
11048,28,14
timeStep,numberOfRobotsOnBlackSite,numberOfRobotsOnWhiteSite
11049,28,14
timeStep,numberOfRobotsOnBlackSite,numberOfRobotsOnWhiteSite
11050,28,14
timeStep,numberOfRobotsOnBlackSite,numberOfRobotsOnWhiteSite
11051,28,14
timeStep,numberOfRobotsOnBlackSite,numberOfRobotsOnWhiteSite
11052,28,14
timeStep,numberOfRobotsOnBlackSite,numberOfRobotsOnWhiteSite
11053,28,14
timeStep,numberOfRobotsOnBlackSite,numberOfRobotsOnWhiteSite
11054,28,14
timeStep,numberOfRobotsOnBlackSite,numberOfRobotsOnWhiteSite
11055,28,14
timeStep,numberOfRobotsOnBlackSite,numberOfRobotsOnWhiteSite
11056,28,14
timeStep,numberOfRobotsOnBlackSite,numberOfRobotsOnWhiteSite
11057,28,14
timeStep,numberOfRobotsOnBlackSite,numberOfRobotsOnWhiteSite
11058,28,14
timeStep,numberOfRobotsOnBlackSite,numberOfRobotsOnWhiteSite
11059,28,14
timeStep,numberOfRobotsOnBlackSite,numberOfRobotsOnWhiteSite
11060,28,14
timeStep,numberOfRobotsOnBlackSite,numberOfRobotsOnWhiteSite
11061,28,14
timeStep,numberOfRobotsOnBlackSite,numberOfRobotsOnWhiteSite
11062,28,14
timeStep,numberOfRobotsOnBlackSite,numberOfRobotsOnWhiteSite
11063,28,14
timeStep,numberOfRobotsOnBlackSite,numberOfRobotsOnWhiteSite
11064,28,14
timeStep,numberOfRobotsOnBlackSite,numberOfRobotsOnWhiteSite
11065,28,14
timeStep,numberOfRobotsOnBlackSite,numberOfRobotsOnWhiteSite
11066,28,14
timeStep,numberOfRobotsOnBlackSite,numberOfRobotsOnWhiteSite
11067,28,14
timeStep,numberOfRobotsOnBlackSite,numberOfRobotsOnWhiteSite
11068,28,14
timeStep,numberOfRobotsOnBlackSite,numberOfRobotsOnWhiteSite
11069,28,14
timeStep,numberOfRobotsOnBlackSite,numberOfRobotsOnWhiteSite
11070,28,14
timeStep,numberOfRobotsOnBlackSite,numberOfRobotsOnWhiteSite
11071,28,14
timeStep,numberOfRobotsOnBlackSite,numberOfRobotsOnWhiteSite
11072,28,14
timeStep,numberOfRobotsOnBlackSite,numberOfRobotsOnWhiteSite
11073,28,14
timeStep,numberOfRobotsOnBlackSite,numberOfRobotsOnWhiteSite
11074,28,14
timeStep,numberOfRobotsOnBlackSite,numberOfRobotsOnWhiteSite
11075,28,14
timeStep,numberOfRobotsOnBlackSite,numberOfRobotsOnWhiteSite
11076,28,14
timeStep,numberOfRobotsOnBlackSite,numberOfRobotsOnWhiteSite
11077,28,14
timeStep,numberOfRobotsOnBlackSite,numberOfRobotsOnWhiteSite
11078,28,14
timeStep,numberOfRobotsOnBlackSite,numberOfRobotsOnWhiteSite
11079,28,14
timeStep,numberOfRobotsOnBlackSite,numberOfRobotsOnWhiteSite
11080,28,14
timeStep,numberOfRobotsOnBlackSite,numberOfRobotsOnWhiteSite
11081,28,14
timeStep,numberOfRobotsOnBlackSite,numberOfRobotsOnWhiteSite
11082,28,14
timeStep,numberOfRobotsOnBlackSite,numberOfRobotsOnWhiteSite
11083,28,14
timeStep,numberOfRobotsOnBlackSite,numberOfRobotsOnWhiteSite
11084,28,14
timeStep,numberOfRobotsOnBlackSite,numberOfRobotsOnWhiteSite
11085,28,14
timeStep,numberOfRobotsOnBlackSite,numberOfRobotsOnWhiteSite
11086,28,14
timeStep,numberOfRobotsOnBlackSite,numberOfRobotsOnWhiteSite
11087,28,14
timeStep,numberOfRobotsOnBlackSite,numberOfRobotsOnWhiteSite
11088,28,14
timeStep,numberOfRobotsOnBlackSite,numberOfRobotsOnWhiteSite
11089,28,14
timeStep,numberOfRobotsOnBlackSite,numberOfRobotsOnWhiteSite
11090,28,14
timeStep,numberOfRobotsOnBlackSite,numberOfRobotsOnWhiteSite
11091,28,14
timeStep,numberOfRobotsOnBlackSite,numberOfRobotsOnWhiteSite
11092,28,14
timeStep,numberOfRobotsOnBlackSite,numberOfRobotsOnWhiteSite
11093,28,14
timeStep,numberOfRobotsOnBlackSite,numberOfRobotsOnWhiteSite
11094,28,14
timeStep,numberOfRobotsOnBlackSite,numberOfRobotsOnWhiteSite
11095,28,14
timeStep,numberOfRobotsOnBlackSite,numberOfRobotsOnWhiteSite
11096,28,14
timeStep,numberOfRobotsOnBlackSite,numberOfRobotsOnWhiteSite
11097,28,14
timeStep,numberOfRobotsOnBlackSite,numberOfRobotsOnWhiteSite
11098,28,14
timeStep,numberOfRobotsOnBlackSite,numberOfRobotsOnWhiteSite
11099,28,14
timeStep,numberOfRobotsOnBlackSite,numberOfRobotsOnWhiteSite
11100,28,14
timeStep,numberOfRobotsOnBlackSite,numberOfRobotsOnWhiteSite
11101,28,14
timeStep,numberOfRobotsOnBlackSite,numberOfRobotsOnWhiteSite
11102,28,14
timeStep,numberOfRobotsOnBlackSite,numberOfRobotsOnWhiteSite
11103,28,14
timeStep,numberOfRobotsOnBlackSite,numberOfRobotsOnWhiteSite
11104,28,14
timeStep,numberOfRobotsOnBlackSite,numberOfRobotsOnWhiteSite
11105,28,14
timeStep,numberOfRobotsOnBlackSite,numberOfRobotsOnWhiteSite
11106,28,14
timeStep,numberOfRobotsOnBlackSite,numberOfRobotsOnWhiteSite
11107,28,14
timeStep,numberOfRobotsOnBlackSite,numberOfRobotsOnWhiteSite
11108,28,14
timeStep,numberOfRobotsOnBlackSite,numberOfRobotsOnWhiteSite
11109,28,14
timeStep,numberOfRobotsOnBlackSite,numberOfRobotsOnWhiteSite
11110,28,14
timeStep,numberOfRobotsOnBlackSite,numberOfRobotsOnWhiteSite
11111,28,14
timeStep,numberOfRobotsOnBlackSite,numberOfRobotsOnWhiteSite
11112,28,14
timeStep,numberOfRobotsOnBlackSite,numberOfRobotsOnWhiteSite
11113,28,14
timeStep,numberOfRobotsOnBlackSite,numberOfRobotsOnWhiteSite
11114,28,14
timeStep,numberOfRobotsOnBlackSite,numberOfRobotsOnWhiteSite
11115,28,14
timeStep,numberOfRobotsOnBlackSite,numberOfRobotsOnWhiteSite
11116,28,14
timeStep,numberOfRobotsOnBlackSite,numberOfRobotsOnWhiteSite
11117,28,14
timeStep,numberOfRobotsOnBlackSite,numberOfRobotsOnWhiteSite
11118,28,14
timeStep,numberOfRobotsOnBlackSite,numberOfRobotsOnWhiteSite
11119,28,14
timeStep,numberOfRobotsOnBlackSite,numberOfRobotsOnWhiteSite
11120,28,14
timeStep,numberOfRobotsOnBlackSite,numberOfRobotsOnWhiteSite
11121,28,14
timeStep,numberOfRobotsOnBlackSite,numberOfRobotsOnWhiteSite
11122,28,14
timeStep,numberOfRobotsOnBlackSite,numberOfRobotsOnWhiteSite
11123,28,14
timeStep,numberOfRobotsOnBlackSite,numberOfRobotsOnWhiteSite
11124,28,14
timeStep,numberOfRobotsOnBlackSite,numberOfRobotsOnWhiteSite
11125,28,14
timeStep,numberOfRobotsOnBlackSite,numberOfRobotsOnWhiteSite
11126,28,14
timeStep,numberOfRobotsOnBlackSite,numberOfRobotsOnWhiteSite
11127,28,14
timeStep,numberOfRobotsOnBlackSite,numberOfRobotsOnWhiteSite
11128,28,14
timeStep,numberOfRobotsOnBlackSite,numberOfRobotsOnWhiteSite
11129,28,14
timeStep,numberOfRobotsOnBlackSite,numberOfRobotsOnWhiteSite
11130,28,14
timeStep,numberOfRobotsOnBlackSite,numberOfRobotsOnWhiteSite
11131,28,14
timeStep,numberOfRobotsOnBlackSite,numberOfRobotsOnWhiteSite
11132,28,14
timeStep,numberOfRobotsOnBlackSite,numberOfRobotsOnWhiteSite
11133,28,14
timeStep,numberOfRobotsOnBlackSite,numberOfRobotsOnWhiteSite
11134,28,14
timeStep,numberOfRobotsOnBlackSite,numberOfRobotsOnWhiteSite
11135,28,14
timeStep,numberOfRobotsOnBlackSite,numberOfRobotsOnWhiteSite
11136,28,14
timeStep,numberOfRobotsOnBlackSite,numberOfRobotsOnWhiteSite
11137,28,14
timeStep,numberOfRobotsOnBlackSite,numberOfRobotsOnWhiteSite
11138,28,14
timeStep,numberOfRobotsOnBlackSite,numberOfRobotsOnWhiteSite
11139,28,14
timeStep,numberOfRobotsOnBlackSite,numberOfRobotsOnWhiteSite
11140,28,14
timeStep,numberOfRobotsOnBlackSite,numberOfRobotsOnWhiteSite
11141,28,14
timeStep,numberOfRobotsOnBlackSite,numberOfRobotsOnWhiteSite
11142,28,14
timeStep,numberOfRobotsOnBlackSite,numberOfRobotsOnWhiteSite
11143,28,14
timeStep,numberOfRobotsOnBlackSite,numberOfRobotsOnWhiteSite
11144,28,14
timeStep,numberOfRobotsOnBlackSite,numberOfRobotsOnWhiteSite
11145,28,14
timeStep,numberOfRobotsOnBlackSite,numberOfRobotsOnWhiteSite
11146,28,14
timeStep,numberOfRobotsOnBlackSite,numberOfRobotsOnWhiteSite
11147,28,14
timeStep,numberOfRobotsOnBlackSite,numberOfRobotsOnWhiteSite
11148,28,14
timeStep,numberOfRobotsOnBlackSite,numberOfRobotsOnWhiteSite
11149,28,14
timeStep,numberOfRobotsOnBlackSite,numberOfRobotsOnWhiteSite
11150,28,14
timeStep,numberOfRobotsOnBlackSite,numberOfRobotsOnWhiteSite
11151,28,14
timeStep,numberOfRobotsOnBlackSite,numberOfRobotsOnWhiteSite
11152,28,14
timeStep,numberOfRobotsOnBlackSite,numberOfRobotsOnWhiteSite
11153,28,14
timeStep,numberOfRobotsOnBlackSite,numberOfRobotsOnWhiteSite
11154,28,14
timeStep,numberOfRobotsOnBlackSite,numberOfRobotsOnWhiteSite
11155,28,13
timeStep,numberOfRobotsOnBlackSite,numberOfRobotsOnWhiteSite
11156,28,13
timeStep,numberOfRobotsOnBlackSite,numberOfRobotsOnWhiteSite
11157,28,13
timeStep,numberOfRobotsOnBlackSite,numberOfRobotsOnWhiteSite
11158,28,13
timeStep,numberOfRobotsOnBlackSite,numberOfRobotsOnWhiteSite
11159,28,13
timeStep,numberOfRobotsOnBlackSite,numberOfRobotsOnWhiteSite
11160,28,13
timeStep,numberOfRobotsOnBlackSite,numberOfRobotsOnWhiteSite
11161,28,13
timeStep,numberOfRobotsOnBlackSite,numberOfRobotsOnWhiteSite
11162,28,13
timeStep,numberOfRobotsOnBlackSite,numberOfRobotsOnWhiteSite
11163,28,13
timeStep,numberOfRobotsOnBlackSite,numberOfRobotsOnWhiteSite
11164,28,13
timeStep,numberOfRobotsOnBlackSite,numberOfRobotsOnWhiteSite
11165,28,13
timeStep,numberOfRobotsOnBlackSite,numberOfRobotsOnWhiteSite
11166,28,13
timeStep,numberOfRobotsOnBlackSite,numberOfRobotsOnWhiteSite
11167,28,13
timeStep,numberOfRobotsOnBlackSite,numberOfRobotsOnWhiteSite
11168,28,13
timeStep,numberOfRobotsOnBlackSite,numberOfRobotsOnWhiteSite
11169,28,13
timeStep,numberOfRobotsOnBlackSite,numberOfRobotsOnWhiteSite
11170,28,13
timeStep,numberOfRobotsOnBlackSite,numberOfRobotsOnWhiteSite
11171,28,13
timeStep,numberOfRobotsOnBlackSite,numberOfRobotsOnWhiteSite
11172,28,13
timeStep,numberOfRobotsOnBlackSite,numberOfRobotsOnWhiteSite
11173,28,13
timeStep,numberOfRobotsOnBlackSite,numberOfRobotsOnWhiteSite
11174,28,13
timeStep,numberOfRobotsOnBlackSite,numberOfRobotsOnWhiteSite
11175,28,13
timeStep,numberOfRobotsOnBlackSite,numberOfRobotsOnWhiteSite
11176,28,13
timeStep,numberOfRobotsOnBlackSite,numberOfRobotsOnWhiteSite
11177,28,13
timeStep,numberOfRobotsOnBlackSite,numberOfRobotsOnWhiteSite
11178,28,13
timeStep,numberOfRobotsOnBlackSite,numberOfRobotsOnWhiteSite
11179,28,13
timeStep,numberOfRobotsOnBlackSite,numberOfRobotsOnWhiteSite
11180,28,14
timeStep,numberOfRobotsOnBlackSite,numberOfRobotsOnWhiteSite
11181,28,14
timeStep,numberOfRobotsOnBlackSite,numberOfRobotsOnWhiteSite
11182,28,14
timeStep,numberOfRobotsOnBlackSite,numberOfRobotsOnWhiteSite
11183,28,14
timeStep,numberOfRobotsOnBlackSite,numberOfRobotsOnWhiteSite
11184,28,14
timeStep,numberOfRobotsOnBlackSite,numberOfRobotsOnWhiteSite
11185,28,14
timeStep,numberOfRobotsOnBlackSite,numberOfRobotsOnWhiteSite
11186,28,14
timeStep,numberOfRobotsOnBlackSite,numberOfRobotsOnWhiteSite
11187,28,14
timeStep,numberOfRobotsOnBlackSite,numberOfRobotsOnWhiteSite
11188,28,14
timeStep,numberOfRobotsOnBlackSite,numberOfRobotsOnWhiteSite
11189,28,14
timeStep,numberOfRobotsOnBlackSite,numberOfRobotsOnWhiteSite
11190,28,14
timeStep,numberOfRobotsOnBlackSite,numberOfRobotsOnWhiteSite
11191,28,14
timeStep,numberOfRobotsOnBlackSite,numberOfRobotsOnWhiteSite
11192,28,14
timeStep,numberOfRobotsOnBlackSite,numberOfRobotsOnWhiteSite
11193,28,14
timeStep,numberOfRobotsOnBlackSite,numberOfRobotsOnWhiteSite
11194,28,14
timeStep,numberOfRobotsOnBlackSite,numberOfRobotsOnWhiteSite
11195,28,14
timeStep,numberOfRobotsOnBlackSite,numberOfRobotsOnWhiteSite
11196,28,14
timeStep,numberOfRobotsOnBlackSite,numberOfRobotsOnWhiteSite
11197,28,14
timeStep,numberOfRobotsOnBlackSite,numberOfRobotsOnWhiteSite
11198,28,14
timeStep,numberOfRobotsOnBlackSite,numberOfRobotsOnWhiteSite
11199,28,14
timeStep,numberOfRobotsOnBlackSite,numberOfRobotsOnWhiteSite
11200,28,14
timeStep,numberOfRobotsOnBlackSite,numberOfRobotsOnWhiteSite
11201,28,14
timeStep,numberOfRobotsOnBlackSite,numberOfRobotsOnWhiteSite
11202,28,14
timeStep,numberOfRobotsOnBlackSite,numberOfRobotsOnWhiteSite
11203,28,14
timeStep,numberOfRobotsOnBlackSite,numberOfRobotsOnWhiteSite
11204,28,14
timeStep,numberOfRobotsOnBlackSite,numberOfRobotsOnWhiteSite
11205,28,14
timeStep,numberOfRobotsOnBlackSite,numberOfRobotsOnWhiteSite
11206,28,14
timeStep,numberOfRobotsOnBlackSite,numberOfRobotsOnWhiteSite
11207,28,14
timeStep,numberOfRobotsOnBlackSite,numberOfRobotsOnWhiteSite
11208,28,14
timeStep,numberOfRobotsOnBlackSite,numberOfRobotsOnWhiteSite
11209,28,14
timeStep,numberOfRobotsOnBlackSite,numberOfRobotsOnWhiteSite
11210,28,14
timeStep,numberOfRobotsOnBlackSite,numberOfRobotsOnWhiteSite
11211,28,14
timeStep,numberOfRobotsOnBlackSite,numberOfRobotsOnWhiteSite
11212,28,14
timeStep,numberOfRobotsOnBlackSite,numberOfRobotsOnWhiteSite
11213,28,14
timeStep,numberOfRobotsOnBlackSite,numberOfRobotsOnWhiteSite
11214,28,14
timeStep,numberOfRobotsOnBlackSite,numberOfRobotsOnWhiteSite
11215,28,14
timeStep,numberOfRobotsOnBlackSite,numberOfRobotsOnWhiteSite
11216,28,14
timeStep,numberOfRobotsOnBlackSite,numberOfRobotsOnWhiteSite
11217,28,14
timeStep,numberOfRobotsOnBlackSite,numberOfRobotsOnWhiteSite
11218,28,14
timeStep,numberOfRobotsOnBlackSite,numberOfRobotsOnWhiteSite
11219,28,14
timeStep,numberOfRobotsOnBlackSite,numberOfRobotsOnWhiteSite
11220,28,14
timeStep,numberOfRobotsOnBlackSite,numberOfRobotsOnWhiteSite
11221,28,14
timeStep,numberOfRobotsOnBlackSite,numberOfRobotsOnWhiteSite
11222,28,14
timeStep,numberOfRobotsOnBlackSite,numberOfRobotsOnWhiteSite
11223,28,14
timeStep,numberOfRobotsOnBlackSite,numberOfRobotsOnWhiteSite
11224,28,14
timeStep,numberOfRobotsOnBlackSite,numberOfRobotsOnWhiteSite
11225,28,14
timeStep,numberOfRobotsOnBlackSite,numberOfRobotsOnWhiteSite
11226,28,14
timeStep,numberOfRobotsOnBlackSite,numberOfRobotsOnWhiteSite
11227,28,14
timeStep,numberOfRobotsOnBlackSite,numberOfRobotsOnWhiteSite
11228,28,14
timeStep,numberOfRobotsOnBlackSite,numberOfRobotsOnWhiteSite
11229,28,14
timeStep,numberOfRobotsOnBlackSite,numberOfRobotsOnWhiteSite
11230,28,14
timeStep,numberOfRobotsOnBlackSite,numberOfRobotsOnWhiteSite
11231,28,14
timeStep,numberOfRobotsOnBlackSite,numberOfRobotsOnWhiteSite
11232,28,14
timeStep,numberOfRobotsOnBlackSite,numberOfRobotsOnWhiteSite
11233,28,14
timeStep,numberOfRobotsOnBlackSite,numberOfRobotsOnWhiteSite
11234,28,14
timeStep,numberOfRobotsOnBlackSite,numberOfRobotsOnWhiteSite
11235,28,14
timeStep,numberOfRobotsOnBlackSite,numberOfRobotsOnWhiteSite
11236,28,14
timeStep,numberOfRobotsOnBlackSite,numberOfRobotsOnWhiteSite
11237,28,14
timeStep,numberOfRobotsOnBlackSite,numberOfRobotsOnWhiteSite
11238,28,14
timeStep,numberOfRobotsOnBlackSite,numberOfRobotsOnWhiteSite
11239,28,14
timeStep,numberOfRobotsOnBlackSite,numberOfRobotsOnWhiteSite
11240,28,14
timeStep,numberOfRobotsOnBlackSite,numberOfRobotsOnWhiteSite
11241,28,14
timeStep,numberOfRobotsOnBlackSite,numberOfRobotsOnWhiteSite
11242,28,14
timeStep,numberOfRobotsOnBlackSite,numberOfRobotsOnWhiteSite
11243,28,14
timeStep,numberOfRobotsOnBlackSite,numberOfRobotsOnWhiteSite
11244,28,14
timeStep,numberOfRobotsOnBlackSite,numberOfRobotsOnWhiteSite
11245,28,15
timeStep,numberOfRobotsOnBlackSite,numberOfRobotsOnWhiteSite
11246,28,15
timeStep,numberOfRobotsOnBlackSite,numberOfRobotsOnWhiteSite
11247,28,15
timeStep,numberOfRobotsOnBlackSite,numberOfRobotsOnWhiteSite
11248,28,15
timeStep,numberOfRobotsOnBlackSite,numberOfRobotsOnWhiteSite
11249,28,15
timeStep,numberOfRobotsOnBlackSite,numberOfRobotsOnWhiteSite
11250,28,15
timeStep,numberOfRobotsOnBlackSite,numberOfRobotsOnWhiteSite
11251,28,15
timeStep,numberOfRobotsOnBlackSite,numberOfRobotsOnWhiteSite
11252,28,15
timeStep,numberOfRobotsOnBlackSite,numberOfRobotsOnWhiteSite
11253,28,15
timeStep,numberOfRobotsOnBlackSite,numberOfRobotsOnWhiteSite
11254,28,15
timeStep,numberOfRobotsOnBlackSite,numberOfRobotsOnWhiteSite
11255,28,15
timeStep,numberOfRobotsOnBlackSite,numberOfRobotsOnWhiteSite
11256,28,15
timeStep,numberOfRobotsOnBlackSite,numberOfRobotsOnWhiteSite
11257,28,15
timeStep,numberOfRobotsOnBlackSite,numberOfRobotsOnWhiteSite
11258,28,15
timeStep,numberOfRobotsOnBlackSite,numberOfRobotsOnWhiteSite
11259,28,15
timeStep,numberOfRobotsOnBlackSite,numberOfRobotsOnWhiteSite
11260,28,15
timeStep,numberOfRobotsOnBlackSite,numberOfRobotsOnWhiteSite
11261,28,15
timeStep,numberOfRobotsOnBlackSite,numberOfRobotsOnWhiteSite
11262,28,15
timeStep,numberOfRobotsOnBlackSite,numberOfRobotsOnWhiteSite
11263,28,15
timeStep,numberOfRobotsOnBlackSite,numberOfRobotsOnWhiteSite
11264,28,15
timeStep,numberOfRobotsOnBlackSite,numberOfRobotsOnWhiteSite
11265,28,15
timeStep,numberOfRobotsOnBlackSite,numberOfRobotsOnWhiteSite
11266,28,15
timeStep,numberOfRobotsOnBlackSite,numberOfRobotsOnWhiteSite
11267,28,15
timeStep,numberOfRobotsOnBlackSite,numberOfRobotsOnWhiteSite
11268,28,15
timeStep,numberOfRobotsOnBlackSite,numberOfRobotsOnWhiteSite
11269,28,15
timeStep,numberOfRobotsOnBlackSite,numberOfRobotsOnWhiteSite
11270,28,15
timeStep,numberOfRobotsOnBlackSite,numberOfRobotsOnWhiteSite
11271,28,15
timeStep,numberOfRobotsOnBlackSite,numberOfRobotsOnWhiteSite
11272,28,15
timeStep,numberOfRobotsOnBlackSite,numberOfRobotsOnWhiteSite
11273,28,15
timeStep,numberOfRobotsOnBlackSite,numberOfRobotsOnWhiteSite
11274,28,15
timeStep,numberOfRobotsOnBlackSite,numberOfRobotsOnWhiteSite
11275,28,15
timeStep,numberOfRobotsOnBlackSite,numberOfRobotsOnWhiteSite
11276,28,15
timeStep,numberOfRobotsOnBlackSite,numberOfRobotsOnWhiteSite
11277,28,15
timeStep,numberOfRobotsOnBlackSite,numberOfRobotsOnWhiteSite
11278,28,15
timeStep,numberOfRobotsOnBlackSite,numberOfRobotsOnWhiteSite
11279,28,15
timeStep,numberOfRobotsOnBlackSite,numberOfRobotsOnWhiteSite
11280,28,15
timeStep,numberOfRobotsOnBlackSite,numberOfRobotsOnWhiteSite
11281,28,15
timeStep,numberOfRobotsOnBlackSite,numberOfRobotsOnWhiteSite
11282,28,15
timeStep,numberOfRobotsOnBlackSite,numberOfRobotsOnWhiteSite
11283,28,15
timeStep,numberOfRobotsOnBlackSite,numberOfRobotsOnWhiteSite
11284,28,15
timeStep,numberOfRobotsOnBlackSite,numberOfRobotsOnWhiteSite
11285,28,15
timeStep,numberOfRobotsOnBlackSite,numberOfRobotsOnWhiteSite
11286,28,15
timeStep,numberOfRobotsOnBlackSite,numberOfRobotsOnWhiteSite
11287,28,15
timeStep,numberOfRobotsOnBlackSite,numberOfRobotsOnWhiteSite
11288,28,15
timeStep,numberOfRobotsOnBlackSite,numberOfRobotsOnWhiteSite
11289,28,15
timeStep,numberOfRobotsOnBlackSite,numberOfRobotsOnWhiteSite
11290,28,15
timeStep,numberOfRobotsOnBlackSite,numberOfRobotsOnWhiteSite
11291,28,15
timeStep,numberOfRobotsOnBlackSite,numberOfRobotsOnWhiteSite
11292,28,15
timeStep,numberOfRobotsOnBlackSite,numberOfRobotsOnWhiteSite
11293,28,15
timeStep,numberOfRobotsOnBlackSite,numberOfRobotsOnWhiteSite
11294,28,15
timeStep,numberOfRobotsOnBlackSite,numberOfRobotsOnWhiteSite
11295,28,15
timeStep,numberOfRobotsOnBlackSite,numberOfRobotsOnWhiteSite
11296,28,15
timeStep,numberOfRobotsOnBlackSite,numberOfRobotsOnWhiteSite
11297,28,15
timeStep,numberOfRobotsOnBlackSite,numberOfRobotsOnWhiteSite
11298,28,15
timeStep,numberOfRobotsOnBlackSite,numberOfRobotsOnWhiteSite
11299,28,15
timeStep,numberOfRobotsOnBlackSite,numberOfRobotsOnWhiteSite
11300,28,15
timeStep,numberOfRobotsOnBlackSite,numberOfRobotsOnWhiteSite
11301,28,15
timeStep,numberOfRobotsOnBlackSite,numberOfRobotsOnWhiteSite
11302,28,15
timeStep,numberOfRobotsOnBlackSite,numberOfRobotsOnWhiteSite
11303,28,15
timeStep,numberOfRobotsOnBlackSite,numberOfRobotsOnWhiteSite
11304,28,15
timeStep,numberOfRobotsOnBlackSite,numberOfRobotsOnWhiteSite
11305,28,15
timeStep,numberOfRobotsOnBlackSite,numberOfRobotsOnWhiteSite
11306,28,15
timeStep,numberOfRobotsOnBlackSite,numberOfRobotsOnWhiteSite
11307,28,15
timeStep,numberOfRobotsOnBlackSite,numberOfRobotsOnWhiteSite
11308,28,15
timeStep,numberOfRobotsOnBlackSite,numberOfRobotsOnWhiteSite
11309,28,15
timeStep,numberOfRobotsOnBlackSite,numberOfRobotsOnWhiteSite
11310,28,15
timeStep,numberOfRobotsOnBlackSite,numberOfRobotsOnWhiteSite
11311,28,15
timeStep,numberOfRobotsOnBlackSite,numberOfRobotsOnWhiteSite
11312,28,15
timeStep,numberOfRobotsOnBlackSite,numberOfRobotsOnWhiteSite
11313,28,15
timeStep,numberOfRobotsOnBlackSite,numberOfRobotsOnWhiteSite
11314,28,15
timeStep,numberOfRobotsOnBlackSite,numberOfRobotsOnWhiteSite
11315,28,15
timeStep,numberOfRobotsOnBlackSite,numberOfRobotsOnWhiteSite
11316,28,15
timeStep,numberOfRobotsOnBlackSite,numberOfRobotsOnWhiteSite
11317,28,15
timeStep,numberOfRobotsOnBlackSite,numberOfRobotsOnWhiteSite
11318,28,15
timeStep,numberOfRobotsOnBlackSite,numberOfRobotsOnWhiteSite
11319,28,15
timeStep,numberOfRobotsOnBlackSite,numberOfRobotsOnWhiteSite
11320,28,15
timeStep,numberOfRobotsOnBlackSite,numberOfRobotsOnWhiteSite
11321,28,15
timeStep,numberOfRobotsOnBlackSite,numberOfRobotsOnWhiteSite
11322,28,15
timeStep,numberOfRobotsOnBlackSite,numberOfRobotsOnWhiteSite
11323,28,15
timeStep,numberOfRobotsOnBlackSite,numberOfRobotsOnWhiteSite
11324,28,15
timeStep,numberOfRobotsOnBlackSite,numberOfRobotsOnWhiteSite
11325,28,15
timeStep,numberOfRobotsOnBlackSite,numberOfRobotsOnWhiteSite
11326,28,15
timeStep,numberOfRobotsOnBlackSite,numberOfRobotsOnWhiteSite
11327,28,15
timeStep,numberOfRobotsOnBlackSite,numberOfRobotsOnWhiteSite
11328,28,15
timeStep,numberOfRobotsOnBlackSite,numberOfRobotsOnWhiteSite
11329,28,15
timeStep,numberOfRobotsOnBlackSite,numberOfRobotsOnWhiteSite
11330,28,15
timeStep,numberOfRobotsOnBlackSite,numberOfRobotsOnWhiteSite
11331,28,15
timeStep,numberOfRobotsOnBlackSite,numberOfRobotsOnWhiteSite
11332,28,15
timeStep,numberOfRobotsOnBlackSite,numberOfRobotsOnWhiteSite
11333,28,15
timeStep,numberOfRobotsOnBlackSite,numberOfRobotsOnWhiteSite
11334,28,15
timeStep,numberOfRobotsOnBlackSite,numberOfRobotsOnWhiteSite
11335,28,15
timeStep,numberOfRobotsOnBlackSite,numberOfRobotsOnWhiteSite
11336,28,15
timeStep,numberOfRobotsOnBlackSite,numberOfRobotsOnWhiteSite
11337,28,15
timeStep,numberOfRobotsOnBlackSite,numberOfRobotsOnWhiteSite
11338,28,15
timeStep,numberOfRobotsOnBlackSite,numberOfRobotsOnWhiteSite
11339,28,15
timeStep,numberOfRobotsOnBlackSite,numberOfRobotsOnWhiteSite
11340,28,15
timeStep,numberOfRobotsOnBlackSite,numberOfRobotsOnWhiteSite
11341,28,15
timeStep,numberOfRobotsOnBlackSite,numberOfRobotsOnWhiteSite
11342,28,15
timeStep,numberOfRobotsOnBlackSite,numberOfRobotsOnWhiteSite
11343,28,15
timeStep,numberOfRobotsOnBlackSite,numberOfRobotsOnWhiteSite
11344,28,15
timeStep,numberOfRobotsOnBlackSite,numberOfRobotsOnWhiteSite
11345,28,15
timeStep,numberOfRobotsOnBlackSite,numberOfRobotsOnWhiteSite
11346,28,15
timeStep,numberOfRobotsOnBlackSite,numberOfRobotsOnWhiteSite
11347,28,15
timeStep,numberOfRobotsOnBlackSite,numberOfRobotsOnWhiteSite
11348,28,15
timeStep,numberOfRobotsOnBlackSite,numberOfRobotsOnWhiteSite
11349,28,15
timeStep,numberOfRobotsOnBlackSite,numberOfRobotsOnWhiteSite
11350,28,15
timeStep,numberOfRobotsOnBlackSite,numberOfRobotsOnWhiteSite
11351,28,15
timeStep,numberOfRobotsOnBlackSite,numberOfRobotsOnWhiteSite
11352,28,15
timeStep,numberOfRobotsOnBlackSite,numberOfRobotsOnWhiteSite
11353,28,15
timeStep,numberOfRobotsOnBlackSite,numberOfRobotsOnWhiteSite
11354,28,15
timeStep,numberOfRobotsOnBlackSite,numberOfRobotsOnWhiteSite
11355,28,15
timeStep,numberOfRobotsOnBlackSite,numberOfRobotsOnWhiteSite
11356,28,15
timeStep,numberOfRobotsOnBlackSite,numberOfRobotsOnWhiteSite
11357,28,15
timeStep,numberOfRobotsOnBlackSite,numberOfRobotsOnWhiteSite
11358,28,15
timeStep,numberOfRobotsOnBlackSite,numberOfRobotsOnWhiteSite
11359,28,15
timeStep,numberOfRobotsOnBlackSite,numberOfRobotsOnWhiteSite
11360,28,15
timeStep,numberOfRobotsOnBlackSite,numberOfRobotsOnWhiteSite
11361,28,15
timeStep,numberOfRobotsOnBlackSite,numberOfRobotsOnWhiteSite
11362,28,15
timeStep,numberOfRobotsOnBlackSite,numberOfRobotsOnWhiteSite
11363,28,15
timeStep,numberOfRobotsOnBlackSite,numberOfRobotsOnWhiteSite
11364,28,15
timeStep,numberOfRobotsOnBlackSite,numberOfRobotsOnWhiteSite
11365,28,16
timeStep,numberOfRobotsOnBlackSite,numberOfRobotsOnWhiteSite
11366,28,16
timeStep,numberOfRobotsOnBlackSite,numberOfRobotsOnWhiteSite
11367,28,16
timeStep,numberOfRobotsOnBlackSite,numberOfRobotsOnWhiteSite
11368,28,16
timeStep,numberOfRobotsOnBlackSite,numberOfRobotsOnWhiteSite
11369,28,16
timeStep,numberOfRobotsOnBlackSite,numberOfRobotsOnWhiteSite
11370,28,16
timeStep,numberOfRobotsOnBlackSite,numberOfRobotsOnWhiteSite
11371,28,16
timeStep,numberOfRobotsOnBlackSite,numberOfRobotsOnWhiteSite
11372,28,16
timeStep,numberOfRobotsOnBlackSite,numberOfRobotsOnWhiteSite
11373,28,16
timeStep,numberOfRobotsOnBlackSite,numberOfRobotsOnWhiteSite
11374,28,16
timeStep,numberOfRobotsOnBlackSite,numberOfRobotsOnWhiteSite
11375,28,16
timeStep,numberOfRobotsOnBlackSite,numberOfRobotsOnWhiteSite
11376,28,16
timeStep,numberOfRobotsOnBlackSite,numberOfRobotsOnWhiteSite
11377,28,16
timeStep,numberOfRobotsOnBlackSite,numberOfRobotsOnWhiteSite
11378,28,16
timeStep,numberOfRobotsOnBlackSite,numberOfRobotsOnWhiteSite
11379,28,16
timeStep,numberOfRobotsOnBlackSite,numberOfRobotsOnWhiteSite
11380,28,16
timeStep,numberOfRobotsOnBlackSite,numberOfRobotsOnWhiteSite
11381,28,16
timeStep,numberOfRobotsOnBlackSite,numberOfRobotsOnWhiteSite
11382,28,16
timeStep,numberOfRobotsOnBlackSite,numberOfRobotsOnWhiteSite
11383,28,16
timeStep,numberOfRobotsOnBlackSite,numberOfRobotsOnWhiteSite
11384,28,16
timeStep,numberOfRobotsOnBlackSite,numberOfRobotsOnWhiteSite
11385,28,16
timeStep,numberOfRobotsOnBlackSite,numberOfRobotsOnWhiteSite
11386,28,16
timeStep,numberOfRobotsOnBlackSite,numberOfRobotsOnWhiteSite
11387,28,16
timeStep,numberOfRobotsOnBlackSite,numberOfRobotsOnWhiteSite
11388,28,16
timeStep,numberOfRobotsOnBlackSite,numberOfRobotsOnWhiteSite
11389,28,16
timeStep,numberOfRobotsOnBlackSite,numberOfRobotsOnWhiteSite
11390,28,16
timeStep,numberOfRobotsOnBlackSite,numberOfRobotsOnWhiteSite
11391,28,16
timeStep,numberOfRobotsOnBlackSite,numberOfRobotsOnWhiteSite
11392,28,16
timeStep,numberOfRobotsOnBlackSite,numberOfRobotsOnWhiteSite
11393,28,16
timeStep,numberOfRobotsOnBlackSite,numberOfRobotsOnWhiteSite
11394,28,16
timeStep,numberOfRobotsOnBlackSite,numberOfRobotsOnWhiteSite
11395,28,17
timeStep,numberOfRobotsOnBlackSite,numberOfRobotsOnWhiteSite
11396,28,17
timeStep,numberOfRobotsOnBlackSite,numberOfRobotsOnWhiteSite
11397,28,17
timeStep,numberOfRobotsOnBlackSite,numberOfRobotsOnWhiteSite
11398,28,17
timeStep,numberOfRobotsOnBlackSite,numberOfRobotsOnWhiteSite
11399,28,17
timeStep,numberOfRobotsOnBlackSite,numberOfRobotsOnWhiteSite
11400,28,17
timeStep,numberOfRobotsOnBlackSite,numberOfRobotsOnWhiteSite
11401,28,17
timeStep,numberOfRobotsOnBlackSite,numberOfRobotsOnWhiteSite
11402,28,17
timeStep,numberOfRobotsOnBlackSite,numberOfRobotsOnWhiteSite
11403,28,17
timeStep,numberOfRobotsOnBlackSite,numberOfRobotsOnWhiteSite
11404,28,17
timeStep,numberOfRobotsOnBlackSite,numberOfRobotsOnWhiteSite
11405,28,17
timeStep,numberOfRobotsOnBlackSite,numberOfRobotsOnWhiteSite
11406,28,17
timeStep,numberOfRobotsOnBlackSite,numberOfRobotsOnWhiteSite
11407,28,17
timeStep,numberOfRobotsOnBlackSite,numberOfRobotsOnWhiteSite
11408,28,17
timeStep,numberOfRobotsOnBlackSite,numberOfRobotsOnWhiteSite
11409,28,17
timeStep,numberOfRobotsOnBlackSite,numberOfRobotsOnWhiteSite
11410,28,17
timeStep,numberOfRobotsOnBlackSite,numberOfRobotsOnWhiteSite
11411,28,17
timeStep,numberOfRobotsOnBlackSite,numberOfRobotsOnWhiteSite
11412,28,17
timeStep,numberOfRobotsOnBlackSite,numberOfRobotsOnWhiteSite
11413,28,17
timeStep,numberOfRobotsOnBlackSite,numberOfRobotsOnWhiteSite
11414,28,17
timeStep,numberOfRobotsOnBlackSite,numberOfRobotsOnWhiteSite
11415,28,17
timeStep,numberOfRobotsOnBlackSite,numberOfRobotsOnWhiteSite
11416,28,17
timeStep,numberOfRobotsOnBlackSite,numberOfRobotsOnWhiteSite
11417,28,17
timeStep,numberOfRobotsOnBlackSite,numberOfRobotsOnWhiteSite
11418,28,17
timeStep,numberOfRobotsOnBlackSite,numberOfRobotsOnWhiteSite
11419,28,17
timeStep,numberOfRobotsOnBlackSite,numberOfRobotsOnWhiteSite
11420,28,17
timeStep,numberOfRobotsOnBlackSite,numberOfRobotsOnWhiteSite
11421,28,17
timeStep,numberOfRobotsOnBlackSite,numberOfRobotsOnWhiteSite
11422,28,17
timeStep,numberOfRobotsOnBlackSite,numberOfRobotsOnWhiteSite
11423,28,17
timeStep,numberOfRobotsOnBlackSite,numberOfRobotsOnWhiteSite
11424,28,17
timeStep,numberOfRobotsOnBlackSite,numberOfRobotsOnWhiteSite
11425,28,17
timeStep,numberOfRobotsOnBlackSite,numberOfRobotsOnWhiteSite
11426,28,17
timeStep,numberOfRobotsOnBlackSite,numberOfRobotsOnWhiteSite
11427,28,17
timeStep,numberOfRobotsOnBlackSite,numberOfRobotsOnWhiteSite
11428,28,17
timeStep,numberOfRobotsOnBlackSite,numberOfRobotsOnWhiteSite
11429,28,17
timeStep,numberOfRobotsOnBlackSite,numberOfRobotsOnWhiteSite
11430,28,17
timeStep,numberOfRobotsOnBlackSite,numberOfRobotsOnWhiteSite
11431,28,17
timeStep,numberOfRobotsOnBlackSite,numberOfRobotsOnWhiteSite
11432,28,17
timeStep,numberOfRobotsOnBlackSite,numberOfRobotsOnWhiteSite
11433,28,17
timeStep,numberOfRobotsOnBlackSite,numberOfRobotsOnWhiteSite
11434,28,17
timeStep,numberOfRobotsOnBlackSite,numberOfRobotsOnWhiteSite
11435,28,16
timeStep,numberOfRobotsOnBlackSite,numberOfRobotsOnWhiteSite
11436,28,16
timeStep,numberOfRobotsOnBlackSite,numberOfRobotsOnWhiteSite
11437,28,16
timeStep,numberOfRobotsOnBlackSite,numberOfRobotsOnWhiteSite
11438,28,16
timeStep,numberOfRobotsOnBlackSite,numberOfRobotsOnWhiteSite
11439,28,16
timeStep,numberOfRobotsOnBlackSite,numberOfRobotsOnWhiteSite
11440,28,16
timeStep,numberOfRobotsOnBlackSite,numberOfRobotsOnWhiteSite
11441,28,16
timeStep,numberOfRobotsOnBlackSite,numberOfRobotsOnWhiteSite
11442,28,16
timeStep,numberOfRobotsOnBlackSite,numberOfRobotsOnWhiteSite
11443,28,16
timeStep,numberOfRobotsOnBlackSite,numberOfRobotsOnWhiteSite
11444,28,16
timeStep,numberOfRobotsOnBlackSite,numberOfRobotsOnWhiteSite
11445,28,16
timeStep,numberOfRobotsOnBlackSite,numberOfRobotsOnWhiteSite
11446,28,16
timeStep,numberOfRobotsOnBlackSite,numberOfRobotsOnWhiteSite
11447,28,16
timeStep,numberOfRobotsOnBlackSite,numberOfRobotsOnWhiteSite
11448,28,16
timeStep,numberOfRobotsOnBlackSite,numberOfRobotsOnWhiteSite
11449,28,16
timeStep,numberOfRobotsOnBlackSite,numberOfRobotsOnWhiteSite
11450,28,16
timeStep,numberOfRobotsOnBlackSite,numberOfRobotsOnWhiteSite
11451,28,16
timeStep,numberOfRobotsOnBlackSite,numberOfRobotsOnWhiteSite
11452,28,16
timeStep,numberOfRobotsOnBlackSite,numberOfRobotsOnWhiteSite
11453,28,16
timeStep,numberOfRobotsOnBlackSite,numberOfRobotsOnWhiteSite
11454,28,16
timeStep,numberOfRobotsOnBlackSite,numberOfRobotsOnWhiteSite
11455,28,16
timeStep,numberOfRobotsOnBlackSite,numberOfRobotsOnWhiteSite
11456,28,16
timeStep,numberOfRobotsOnBlackSite,numberOfRobotsOnWhiteSite
11457,28,16
timeStep,numberOfRobotsOnBlackSite,numberOfRobotsOnWhiteSite
11458,28,16
timeStep,numberOfRobotsOnBlackSite,numberOfRobotsOnWhiteSite
11459,28,16
timeStep,numberOfRobotsOnBlackSite,numberOfRobotsOnWhiteSite
11460,28,16
timeStep,numberOfRobotsOnBlackSite,numberOfRobotsOnWhiteSite
11461,28,16
timeStep,numberOfRobotsOnBlackSite,numberOfRobotsOnWhiteSite
11462,28,16
timeStep,numberOfRobotsOnBlackSite,numberOfRobotsOnWhiteSite
11463,28,16
timeStep,numberOfRobotsOnBlackSite,numberOfRobotsOnWhiteSite
11464,28,16
timeStep,numberOfRobotsOnBlackSite,numberOfRobotsOnWhiteSite
11465,28,16
timeStep,numberOfRobotsOnBlackSite,numberOfRobotsOnWhiteSite
11466,28,16
timeStep,numberOfRobotsOnBlackSite,numberOfRobotsOnWhiteSite
11467,28,16
timeStep,numberOfRobotsOnBlackSite,numberOfRobotsOnWhiteSite
11468,28,16
timeStep,numberOfRobotsOnBlackSite,numberOfRobotsOnWhiteSite
11469,28,16
timeStep,numberOfRobotsOnBlackSite,numberOfRobotsOnWhiteSite
11470,28,16
timeStep,numberOfRobotsOnBlackSite,numberOfRobotsOnWhiteSite
11471,28,16
timeStep,numberOfRobotsOnBlackSite,numberOfRobotsOnWhiteSite
11472,28,16
timeStep,numberOfRobotsOnBlackSite,numberOfRobotsOnWhiteSite
11473,28,16
timeStep,numberOfRobotsOnBlackSite,numberOfRobotsOnWhiteSite
11474,28,16
timeStep,numberOfRobotsOnBlackSite,numberOfRobotsOnWhiteSite
11475,28,16
timeStep,numberOfRobotsOnBlackSite,numberOfRobotsOnWhiteSite
11476,28,16
timeStep,numberOfRobotsOnBlackSite,numberOfRobotsOnWhiteSite
11477,28,16
timeStep,numberOfRobotsOnBlackSite,numberOfRobotsOnWhiteSite
11478,28,16
timeStep,numberOfRobotsOnBlackSite,numberOfRobotsOnWhiteSite
11479,28,16
timeStep,numberOfRobotsOnBlackSite,numberOfRobotsOnWhiteSite
11480,28,16
timeStep,numberOfRobotsOnBlackSite,numberOfRobotsOnWhiteSite
11481,28,16
timeStep,numberOfRobotsOnBlackSite,numberOfRobotsOnWhiteSite
11482,28,16
timeStep,numberOfRobotsOnBlackSite,numberOfRobotsOnWhiteSite
11483,28,16
timeStep,numberOfRobotsOnBlackSite,numberOfRobotsOnWhiteSite
11484,28,16
timeStep,numberOfRobotsOnBlackSite,numberOfRobotsOnWhiteSite
11485,28,16
timeStep,numberOfRobotsOnBlackSite,numberOfRobotsOnWhiteSite
11486,28,16
timeStep,numberOfRobotsOnBlackSite,numberOfRobotsOnWhiteSite
11487,28,16
timeStep,numberOfRobotsOnBlackSite,numberOfRobotsOnWhiteSite
11488,28,16
timeStep,numberOfRobotsOnBlackSite,numberOfRobotsOnWhiteSite
11489,28,16
timeStep,numberOfRobotsOnBlackSite,numberOfRobotsOnWhiteSite
11490,28,16
timeStep,numberOfRobotsOnBlackSite,numberOfRobotsOnWhiteSite
11491,28,16
timeStep,numberOfRobotsOnBlackSite,numberOfRobotsOnWhiteSite
11492,28,16
timeStep,numberOfRobotsOnBlackSite,numberOfRobotsOnWhiteSite
11493,28,16
timeStep,numberOfRobotsOnBlackSite,numberOfRobotsOnWhiteSite
11494,28,16
timeStep,numberOfRobotsOnBlackSite,numberOfRobotsOnWhiteSite
11495,28,16
timeStep,numberOfRobotsOnBlackSite,numberOfRobotsOnWhiteSite
11496,28,16
timeStep,numberOfRobotsOnBlackSite,numberOfRobotsOnWhiteSite
11497,28,16
timeStep,numberOfRobotsOnBlackSite,numberOfRobotsOnWhiteSite
11498,28,16
timeStep,numberOfRobotsOnBlackSite,numberOfRobotsOnWhiteSite
11499,28,16
timeStep,numberOfRobotsOnBlackSite,numberOfRobotsOnWhiteSite
11500,28,16
timeStep,numberOfRobotsOnBlackSite,numberOfRobotsOnWhiteSite
11501,28,16
timeStep,numberOfRobotsOnBlackSite,numberOfRobotsOnWhiteSite
11502,28,16
timeStep,numberOfRobotsOnBlackSite,numberOfRobotsOnWhiteSite
11503,28,16
timeStep,numberOfRobotsOnBlackSite,numberOfRobotsOnWhiteSite
11504,28,16
timeStep,numberOfRobotsOnBlackSite,numberOfRobotsOnWhiteSite
11505,28,16
timeStep,numberOfRobotsOnBlackSite,numberOfRobotsOnWhiteSite
11506,28,16
timeStep,numberOfRobotsOnBlackSite,numberOfRobotsOnWhiteSite
11507,28,16
timeStep,numberOfRobotsOnBlackSite,numberOfRobotsOnWhiteSite
11508,28,16
timeStep,numberOfRobotsOnBlackSite,numberOfRobotsOnWhiteSite
11509,28,16
timeStep,numberOfRobotsOnBlackSite,numberOfRobotsOnWhiteSite
11510,28,16
timeStep,numberOfRobotsOnBlackSite,numberOfRobotsOnWhiteSite
11511,28,16
timeStep,numberOfRobotsOnBlackSite,numberOfRobotsOnWhiteSite
11512,28,16
timeStep,numberOfRobotsOnBlackSite,numberOfRobotsOnWhiteSite
11513,28,16
timeStep,numberOfRobotsOnBlackSite,numberOfRobotsOnWhiteSite
11514,28,16
timeStep,numberOfRobotsOnBlackSite,numberOfRobotsOnWhiteSite
11515,28,16
timeStep,numberOfRobotsOnBlackSite,numberOfRobotsOnWhiteSite
11516,28,16
timeStep,numberOfRobotsOnBlackSite,numberOfRobotsOnWhiteSite
11517,28,16
timeStep,numberOfRobotsOnBlackSite,numberOfRobotsOnWhiteSite
11518,28,16
timeStep,numberOfRobotsOnBlackSite,numberOfRobotsOnWhiteSite
11519,28,16
timeStep,numberOfRobotsOnBlackSite,numberOfRobotsOnWhiteSite
11520,28,16
timeStep,numberOfRobotsOnBlackSite,numberOfRobotsOnWhiteSite
11521,28,16
timeStep,numberOfRobotsOnBlackSite,numberOfRobotsOnWhiteSite
11522,28,16
timeStep,numberOfRobotsOnBlackSite,numberOfRobotsOnWhiteSite
11523,28,16
timeStep,numberOfRobotsOnBlackSite,numberOfRobotsOnWhiteSite
11524,28,16
timeStep,numberOfRobotsOnBlackSite,numberOfRobotsOnWhiteSite
11525,28,15
timeStep,numberOfRobotsOnBlackSite,numberOfRobotsOnWhiteSite
11526,28,15
timeStep,numberOfRobotsOnBlackSite,numberOfRobotsOnWhiteSite
11527,28,15
timeStep,numberOfRobotsOnBlackSite,numberOfRobotsOnWhiteSite
11528,28,15
timeStep,numberOfRobotsOnBlackSite,numberOfRobotsOnWhiteSite
11529,28,15
timeStep,numberOfRobotsOnBlackSite,numberOfRobotsOnWhiteSite
11530,28,15
timeStep,numberOfRobotsOnBlackSite,numberOfRobotsOnWhiteSite
11531,28,15
timeStep,numberOfRobotsOnBlackSite,numberOfRobotsOnWhiteSite
11532,28,15
timeStep,numberOfRobotsOnBlackSite,numberOfRobotsOnWhiteSite
11533,28,15
timeStep,numberOfRobotsOnBlackSite,numberOfRobotsOnWhiteSite
11534,28,15
timeStep,numberOfRobotsOnBlackSite,numberOfRobotsOnWhiteSite
11535,28,15
timeStep,numberOfRobotsOnBlackSite,numberOfRobotsOnWhiteSite
11536,28,15
timeStep,numberOfRobotsOnBlackSite,numberOfRobotsOnWhiteSite
11537,28,15
timeStep,numberOfRobotsOnBlackSite,numberOfRobotsOnWhiteSite
11538,28,15
timeStep,numberOfRobotsOnBlackSite,numberOfRobotsOnWhiteSite
11539,28,15
timeStep,numberOfRobotsOnBlackSite,numberOfRobotsOnWhiteSite
11540,28,15
timeStep,numberOfRobotsOnBlackSite,numberOfRobotsOnWhiteSite
11541,28,15
timeStep,numberOfRobotsOnBlackSite,numberOfRobotsOnWhiteSite
11542,28,15
timeStep,numberOfRobotsOnBlackSite,numberOfRobotsOnWhiteSite
11543,28,15
timeStep,numberOfRobotsOnBlackSite,numberOfRobotsOnWhiteSite
11544,28,15
timeStep,numberOfRobotsOnBlackSite,numberOfRobotsOnWhiteSite
11545,28,15
timeStep,numberOfRobotsOnBlackSite,numberOfRobotsOnWhiteSite
11546,28,15
timeStep,numberOfRobotsOnBlackSite,numberOfRobotsOnWhiteSite
11547,28,15
timeStep,numberOfRobotsOnBlackSite,numberOfRobotsOnWhiteSite
11548,28,15
timeStep,numberOfRobotsOnBlackSite,numberOfRobotsOnWhiteSite
11549,28,15
timeStep,numberOfRobotsOnBlackSite,numberOfRobotsOnWhiteSite
11550,28,15
timeStep,numberOfRobotsOnBlackSite,numberOfRobotsOnWhiteSite
11551,28,15
timeStep,numberOfRobotsOnBlackSite,numberOfRobotsOnWhiteSite
11552,28,15
timeStep,numberOfRobotsOnBlackSite,numberOfRobotsOnWhiteSite
11553,28,15
timeStep,numberOfRobotsOnBlackSite,numberOfRobotsOnWhiteSite
11554,28,15
timeStep,numberOfRobotsOnBlackSite,numberOfRobotsOnWhiteSite
11555,28,15
timeStep,numberOfRobotsOnBlackSite,numberOfRobotsOnWhiteSite
11556,28,15
timeStep,numberOfRobotsOnBlackSite,numberOfRobotsOnWhiteSite
11557,28,15
timeStep,numberOfRobotsOnBlackSite,numberOfRobotsOnWhiteSite
11558,28,15
timeStep,numberOfRobotsOnBlackSite,numberOfRobotsOnWhiteSite
11559,28,15
timeStep,numberOfRobotsOnBlackSite,numberOfRobotsOnWhiteSite
11560,28,15
timeStep,numberOfRobotsOnBlackSite,numberOfRobotsOnWhiteSite
11561,28,15
timeStep,numberOfRobotsOnBlackSite,numberOfRobotsOnWhiteSite
11562,28,15
timeStep,numberOfRobotsOnBlackSite,numberOfRobotsOnWhiteSite
11563,28,15
timeStep,numberOfRobotsOnBlackSite,numberOfRobotsOnWhiteSite
11564,28,15
timeStep,numberOfRobotsOnBlackSite,numberOfRobotsOnWhiteSite
11565,28,15
timeStep,numberOfRobotsOnBlackSite,numberOfRobotsOnWhiteSite
11566,28,15
timeStep,numberOfRobotsOnBlackSite,numberOfRobotsOnWhiteSite
11567,28,15
timeStep,numberOfRobotsOnBlackSite,numberOfRobotsOnWhiteSite
11568,28,15
timeStep,numberOfRobotsOnBlackSite,numberOfRobotsOnWhiteSite
11569,28,15
timeStep,numberOfRobotsOnBlackSite,numberOfRobotsOnWhiteSite
11570,28,15
timeStep,numberOfRobotsOnBlackSite,numberOfRobotsOnWhiteSite
11571,28,15
timeStep,numberOfRobotsOnBlackSite,numberOfRobotsOnWhiteSite
11572,28,15
timeStep,numberOfRobotsOnBlackSite,numberOfRobotsOnWhiteSite
11573,28,15
timeStep,numberOfRobotsOnBlackSite,numberOfRobotsOnWhiteSite
11574,28,15
timeStep,numberOfRobotsOnBlackSite,numberOfRobotsOnWhiteSite
11575,28,15
timeStep,numberOfRobotsOnBlackSite,numberOfRobotsOnWhiteSite
11576,28,15
timeStep,numberOfRobotsOnBlackSite,numberOfRobotsOnWhiteSite
11577,28,15
timeStep,numberOfRobotsOnBlackSite,numberOfRobotsOnWhiteSite
11578,28,15
timeStep,numberOfRobotsOnBlackSite,numberOfRobotsOnWhiteSite
11579,28,15
timeStep,numberOfRobotsOnBlackSite,numberOfRobotsOnWhiteSite
11580,28,15
timeStep,numberOfRobotsOnBlackSite,numberOfRobotsOnWhiteSite
11581,28,15
timeStep,numberOfRobotsOnBlackSite,numberOfRobotsOnWhiteSite
11582,28,15
timeStep,numberOfRobotsOnBlackSite,numberOfRobotsOnWhiteSite
11583,28,15
timeStep,numberOfRobotsOnBlackSite,numberOfRobotsOnWhiteSite
11584,28,15
timeStep,numberOfRobotsOnBlackSite,numberOfRobotsOnWhiteSite
11585,28,15
timeStep,numberOfRobotsOnBlackSite,numberOfRobotsOnWhiteSite
11586,28,15
timeStep,numberOfRobotsOnBlackSite,numberOfRobotsOnWhiteSite
11587,28,15
timeStep,numberOfRobotsOnBlackSite,numberOfRobotsOnWhiteSite
11588,28,15
timeStep,numberOfRobotsOnBlackSite,numberOfRobotsOnWhiteSite
11589,28,15
timeStep,numberOfRobotsOnBlackSite,numberOfRobotsOnWhiteSite
11590,28,15
timeStep,numberOfRobotsOnBlackSite,numberOfRobotsOnWhiteSite
11591,28,15
timeStep,numberOfRobotsOnBlackSite,numberOfRobotsOnWhiteSite
11592,28,15
timeStep,numberOfRobotsOnBlackSite,numberOfRobotsOnWhiteSite
11593,28,15
timeStep,numberOfRobotsOnBlackSite,numberOfRobotsOnWhiteSite
11594,28,15
timeStep,numberOfRobotsOnBlackSite,numberOfRobotsOnWhiteSite
11595,28,15
timeStep,numberOfRobotsOnBlackSite,numberOfRobotsOnWhiteSite
11596,28,15
timeStep,numberOfRobotsOnBlackSite,numberOfRobotsOnWhiteSite
11597,28,15
timeStep,numberOfRobotsOnBlackSite,numberOfRobotsOnWhiteSite
11598,28,15
timeStep,numberOfRobotsOnBlackSite,numberOfRobotsOnWhiteSite
11599,28,15
timeStep,numberOfRobotsOnBlackSite,numberOfRobotsOnWhiteSite
11600,28,15
timeStep,numberOfRobotsOnBlackSite,numberOfRobotsOnWhiteSite
11601,28,15
timeStep,numberOfRobotsOnBlackSite,numberOfRobotsOnWhiteSite
11602,28,15
timeStep,numberOfRobotsOnBlackSite,numberOfRobotsOnWhiteSite
11603,28,15
timeStep,numberOfRobotsOnBlackSite,numberOfRobotsOnWhiteSite
11604,28,15
timeStep,numberOfRobotsOnBlackSite,numberOfRobotsOnWhiteSite
11605,28,15
timeStep,numberOfRobotsOnBlackSite,numberOfRobotsOnWhiteSite
11606,28,15
timeStep,numberOfRobotsOnBlackSite,numberOfRobotsOnWhiteSite
11607,28,15
timeStep,numberOfRobotsOnBlackSite,numberOfRobotsOnWhiteSite
11608,28,15
timeStep,numberOfRobotsOnBlackSite,numberOfRobotsOnWhiteSite
11609,28,15
timeStep,numberOfRobotsOnBlackSite,numberOfRobotsOnWhiteSite
11610,28,16
timeStep,numberOfRobotsOnBlackSite,numberOfRobotsOnWhiteSite
11611,28,16
timeStep,numberOfRobotsOnBlackSite,numberOfRobotsOnWhiteSite
11612,28,16
timeStep,numberOfRobotsOnBlackSite,numberOfRobotsOnWhiteSite
11613,28,16
timeStep,numberOfRobotsOnBlackSite,numberOfRobotsOnWhiteSite
11614,28,16
timeStep,numberOfRobotsOnBlackSite,numberOfRobotsOnWhiteSite
11615,28,15
timeStep,numberOfRobotsOnBlackSite,numberOfRobotsOnWhiteSite
11616,28,15
timeStep,numberOfRobotsOnBlackSite,numberOfRobotsOnWhiteSite
11617,28,15
timeStep,numberOfRobotsOnBlackSite,numberOfRobotsOnWhiteSite
11618,28,15
timeStep,numberOfRobotsOnBlackSite,numberOfRobotsOnWhiteSite
11619,28,15
timeStep,numberOfRobotsOnBlackSite,numberOfRobotsOnWhiteSite
11620,28,15
timeStep,numberOfRobotsOnBlackSite,numberOfRobotsOnWhiteSite
11621,28,15
timeStep,numberOfRobotsOnBlackSite,numberOfRobotsOnWhiteSite
11622,28,15
timeStep,numberOfRobotsOnBlackSite,numberOfRobotsOnWhiteSite
11623,28,15
timeStep,numberOfRobotsOnBlackSite,numberOfRobotsOnWhiteSite
11624,28,15
timeStep,numberOfRobotsOnBlackSite,numberOfRobotsOnWhiteSite
11625,28,15
timeStep,numberOfRobotsOnBlackSite,numberOfRobotsOnWhiteSite
11626,28,15
timeStep,numberOfRobotsOnBlackSite,numberOfRobotsOnWhiteSite
11627,28,15
timeStep,numberOfRobotsOnBlackSite,numberOfRobotsOnWhiteSite
11628,28,15
timeStep,numberOfRobotsOnBlackSite,numberOfRobotsOnWhiteSite
11629,28,15
timeStep,numberOfRobotsOnBlackSite,numberOfRobotsOnWhiteSite
11630,28,15
timeStep,numberOfRobotsOnBlackSite,numberOfRobotsOnWhiteSite
11631,28,15
timeStep,numberOfRobotsOnBlackSite,numberOfRobotsOnWhiteSite
11632,28,15
timeStep,numberOfRobotsOnBlackSite,numberOfRobotsOnWhiteSite
11633,28,15
timeStep,numberOfRobotsOnBlackSite,numberOfRobotsOnWhiteSite
11634,28,15
timeStep,numberOfRobotsOnBlackSite,numberOfRobotsOnWhiteSite
11635,28,15
timeStep,numberOfRobotsOnBlackSite,numberOfRobotsOnWhiteSite
11636,28,15
timeStep,numberOfRobotsOnBlackSite,numberOfRobotsOnWhiteSite
11637,28,15
timeStep,numberOfRobotsOnBlackSite,numberOfRobotsOnWhiteSite
11638,28,15
timeStep,numberOfRobotsOnBlackSite,numberOfRobotsOnWhiteSite
11639,28,15
timeStep,numberOfRobotsOnBlackSite,numberOfRobotsOnWhiteSite
11640,28,15
timeStep,numberOfRobotsOnBlackSite,numberOfRobotsOnWhiteSite
11641,28,15
timeStep,numberOfRobotsOnBlackSite,numberOfRobotsOnWhiteSite
11642,28,15
timeStep,numberOfRobotsOnBlackSite,numberOfRobotsOnWhiteSite
11643,28,15
timeStep,numberOfRobotsOnBlackSite,numberOfRobotsOnWhiteSite
11644,28,15
timeStep,numberOfRobotsOnBlackSite,numberOfRobotsOnWhiteSite
11645,28,15
timeStep,numberOfRobotsOnBlackSite,numberOfRobotsOnWhiteSite
11646,28,15
timeStep,numberOfRobotsOnBlackSite,numberOfRobotsOnWhiteSite
11647,28,15
timeStep,numberOfRobotsOnBlackSite,numberOfRobotsOnWhiteSite
11648,28,15
timeStep,numberOfRobotsOnBlackSite,numberOfRobotsOnWhiteSite
11649,28,15
timeStep,numberOfRobotsOnBlackSite,numberOfRobotsOnWhiteSite
11650,28,15
timeStep,numberOfRobotsOnBlackSite,numberOfRobotsOnWhiteSite
11651,28,15
timeStep,numberOfRobotsOnBlackSite,numberOfRobotsOnWhiteSite
11652,28,15
timeStep,numberOfRobotsOnBlackSite,numberOfRobotsOnWhiteSite
11653,28,15
timeStep,numberOfRobotsOnBlackSite,numberOfRobotsOnWhiteSite
11654,28,15
timeStep,numberOfRobotsOnBlackSite,numberOfRobotsOnWhiteSite
11655,28,15
timeStep,numberOfRobotsOnBlackSite,numberOfRobotsOnWhiteSite
11656,28,15
timeStep,numberOfRobotsOnBlackSite,numberOfRobotsOnWhiteSite
11657,28,15
timeStep,numberOfRobotsOnBlackSite,numberOfRobotsOnWhiteSite
11658,28,15
timeStep,numberOfRobotsOnBlackSite,numberOfRobotsOnWhiteSite
11659,28,15
timeStep,numberOfRobotsOnBlackSite,numberOfRobotsOnWhiteSite
11660,28,14
timeStep,numberOfRobotsOnBlackSite,numberOfRobotsOnWhiteSite
11661,28,14
timeStep,numberOfRobotsOnBlackSite,numberOfRobotsOnWhiteSite
11662,28,14
timeStep,numberOfRobotsOnBlackSite,numberOfRobotsOnWhiteSite
11663,28,14
timeStep,numberOfRobotsOnBlackSite,numberOfRobotsOnWhiteSite
11664,28,14
timeStep,numberOfRobotsOnBlackSite,numberOfRobotsOnWhiteSite
11665,28,14
timeStep,numberOfRobotsOnBlackSite,numberOfRobotsOnWhiteSite
11666,28,14
timeStep,numberOfRobotsOnBlackSite,numberOfRobotsOnWhiteSite
11667,28,14
timeStep,numberOfRobotsOnBlackSite,numberOfRobotsOnWhiteSite
11668,28,14
timeStep,numberOfRobotsOnBlackSite,numberOfRobotsOnWhiteSite
11669,28,14
timeStep,numberOfRobotsOnBlackSite,numberOfRobotsOnWhiteSite
11670,28,14
timeStep,numberOfRobotsOnBlackSite,numberOfRobotsOnWhiteSite
11671,28,14
timeStep,numberOfRobotsOnBlackSite,numberOfRobotsOnWhiteSite
11672,28,14
timeStep,numberOfRobotsOnBlackSite,numberOfRobotsOnWhiteSite
11673,28,14
timeStep,numberOfRobotsOnBlackSite,numberOfRobotsOnWhiteSite
11674,28,14
timeStep,numberOfRobotsOnBlackSite,numberOfRobotsOnWhiteSite
11675,28,13
timeStep,numberOfRobotsOnBlackSite,numberOfRobotsOnWhiteSite
11676,28,13
timeStep,numberOfRobotsOnBlackSite,numberOfRobotsOnWhiteSite
11677,28,13
timeStep,numberOfRobotsOnBlackSite,numberOfRobotsOnWhiteSite
11678,28,13
timeStep,numberOfRobotsOnBlackSite,numberOfRobotsOnWhiteSite
11679,28,13
timeStep,numberOfRobotsOnBlackSite,numberOfRobotsOnWhiteSite
11680,28,14
timeStep,numberOfRobotsOnBlackSite,numberOfRobotsOnWhiteSite
11681,28,14
timeStep,numberOfRobotsOnBlackSite,numberOfRobotsOnWhiteSite
11682,28,14
timeStep,numberOfRobotsOnBlackSite,numberOfRobotsOnWhiteSite
11683,28,14
timeStep,numberOfRobotsOnBlackSite,numberOfRobotsOnWhiteSite
11684,28,14
timeStep,numberOfRobotsOnBlackSite,numberOfRobotsOnWhiteSite
11685,28,14
timeStep,numberOfRobotsOnBlackSite,numberOfRobotsOnWhiteSite
11686,28,14
timeStep,numberOfRobotsOnBlackSite,numberOfRobotsOnWhiteSite
11687,28,14
timeStep,numberOfRobotsOnBlackSite,numberOfRobotsOnWhiteSite
11688,28,14
timeStep,numberOfRobotsOnBlackSite,numberOfRobotsOnWhiteSite
11689,28,14
timeStep,numberOfRobotsOnBlackSite,numberOfRobotsOnWhiteSite
11690,28,14
timeStep,numberOfRobotsOnBlackSite,numberOfRobotsOnWhiteSite
11691,28,14
timeStep,numberOfRobotsOnBlackSite,numberOfRobotsOnWhiteSite
11692,28,14
timeStep,numberOfRobotsOnBlackSite,numberOfRobotsOnWhiteSite
11693,28,14
timeStep,numberOfRobotsOnBlackSite,numberOfRobotsOnWhiteSite
11694,28,14
timeStep,numberOfRobotsOnBlackSite,numberOfRobotsOnWhiteSite
11695,28,14
timeStep,numberOfRobotsOnBlackSite,numberOfRobotsOnWhiteSite
11696,28,14
timeStep,numberOfRobotsOnBlackSite,numberOfRobotsOnWhiteSite
11697,28,14
timeStep,numberOfRobotsOnBlackSite,numberOfRobotsOnWhiteSite
11698,28,14
timeStep,numberOfRobotsOnBlackSite,numberOfRobotsOnWhiteSite
11699,28,14
timeStep,numberOfRobotsOnBlackSite,numberOfRobotsOnWhiteSite
11700,28,14
timeStep,numberOfRobotsOnBlackSite,numberOfRobotsOnWhiteSite
11701,28,14
timeStep,numberOfRobotsOnBlackSite,numberOfRobotsOnWhiteSite
11702,28,14
timeStep,numberOfRobotsOnBlackSite,numberOfRobotsOnWhiteSite
11703,28,14
timeStep,numberOfRobotsOnBlackSite,numberOfRobotsOnWhiteSite
11704,28,14
timeStep,numberOfRobotsOnBlackSite,numberOfRobotsOnWhiteSite
11705,28,14
timeStep,numberOfRobotsOnBlackSite,numberOfRobotsOnWhiteSite
11706,28,14
timeStep,numberOfRobotsOnBlackSite,numberOfRobotsOnWhiteSite
11707,28,14
timeStep,numberOfRobotsOnBlackSite,numberOfRobotsOnWhiteSite
11708,28,14
timeStep,numberOfRobotsOnBlackSite,numberOfRobotsOnWhiteSite
11709,28,14
timeStep,numberOfRobotsOnBlackSite,numberOfRobotsOnWhiteSite
11710,28,14
timeStep,numberOfRobotsOnBlackSite,numberOfRobotsOnWhiteSite
11711,28,14
timeStep,numberOfRobotsOnBlackSite,numberOfRobotsOnWhiteSite
11712,28,14
timeStep,numberOfRobotsOnBlackSite,numberOfRobotsOnWhiteSite
11713,28,14
timeStep,numberOfRobotsOnBlackSite,numberOfRobotsOnWhiteSite
11714,28,14
timeStep,numberOfRobotsOnBlackSite,numberOfRobotsOnWhiteSite
11715,28,14
timeStep,numberOfRobotsOnBlackSite,numberOfRobotsOnWhiteSite
11716,28,14
timeStep,numberOfRobotsOnBlackSite,numberOfRobotsOnWhiteSite
11717,28,14
timeStep,numberOfRobotsOnBlackSite,numberOfRobotsOnWhiteSite
11718,28,14
timeStep,numberOfRobotsOnBlackSite,numberOfRobotsOnWhiteSite
11719,28,14
timeStep,numberOfRobotsOnBlackSite,numberOfRobotsOnWhiteSite
11720,28,14
timeStep,numberOfRobotsOnBlackSite,numberOfRobotsOnWhiteSite
11721,28,14
timeStep,numberOfRobotsOnBlackSite,numberOfRobotsOnWhiteSite
11722,28,14
timeStep,numberOfRobotsOnBlackSite,numberOfRobotsOnWhiteSite
11723,28,14
timeStep,numberOfRobotsOnBlackSite,numberOfRobotsOnWhiteSite
11724,28,14
timeStep,numberOfRobotsOnBlackSite,numberOfRobotsOnWhiteSite
11725,28,14
timeStep,numberOfRobotsOnBlackSite,numberOfRobotsOnWhiteSite
11726,28,14
timeStep,numberOfRobotsOnBlackSite,numberOfRobotsOnWhiteSite
11727,28,14
timeStep,numberOfRobotsOnBlackSite,numberOfRobotsOnWhiteSite
11728,28,14
timeStep,numberOfRobotsOnBlackSite,numberOfRobotsOnWhiteSite
11729,28,14
timeStep,numberOfRobotsOnBlackSite,numberOfRobotsOnWhiteSite
11730,28,14
timeStep,numberOfRobotsOnBlackSite,numberOfRobotsOnWhiteSite
11731,28,14
timeStep,numberOfRobotsOnBlackSite,numberOfRobotsOnWhiteSite
11732,28,14
timeStep,numberOfRobotsOnBlackSite,numberOfRobotsOnWhiteSite
11733,28,14
timeStep,numberOfRobotsOnBlackSite,numberOfRobotsOnWhiteSite
11734,28,14
timeStep,numberOfRobotsOnBlackSite,numberOfRobotsOnWhiteSite
11735,28,14
timeStep,numberOfRobotsOnBlackSite,numberOfRobotsOnWhiteSite
11736,28,14
timeStep,numberOfRobotsOnBlackSite,numberOfRobotsOnWhiteSite
11737,28,14
timeStep,numberOfRobotsOnBlackSite,numberOfRobotsOnWhiteSite
11738,28,14
timeStep,numberOfRobotsOnBlackSite,numberOfRobotsOnWhiteSite
11739,28,14
timeStep,numberOfRobotsOnBlackSite,numberOfRobotsOnWhiteSite
11740,28,14
timeStep,numberOfRobotsOnBlackSite,numberOfRobotsOnWhiteSite
11741,28,14
timeStep,numberOfRobotsOnBlackSite,numberOfRobotsOnWhiteSite
11742,28,14
timeStep,numberOfRobotsOnBlackSite,numberOfRobotsOnWhiteSite
11743,28,14
timeStep,numberOfRobotsOnBlackSite,numberOfRobotsOnWhiteSite
11744,28,14
timeStep,numberOfRobotsOnBlackSite,numberOfRobotsOnWhiteSite
11745,28,14
timeStep,numberOfRobotsOnBlackSite,numberOfRobotsOnWhiteSite
11746,28,14
timeStep,numberOfRobotsOnBlackSite,numberOfRobotsOnWhiteSite
11747,28,14
timeStep,numberOfRobotsOnBlackSite,numberOfRobotsOnWhiteSite
11748,28,14
timeStep,numberOfRobotsOnBlackSite,numberOfRobotsOnWhiteSite
11749,28,14
timeStep,numberOfRobotsOnBlackSite,numberOfRobotsOnWhiteSite
11750,28,14
timeStep,numberOfRobotsOnBlackSite,numberOfRobotsOnWhiteSite
11751,28,14
timeStep,numberOfRobotsOnBlackSite,numberOfRobotsOnWhiteSite
11752,28,14
timeStep,numberOfRobotsOnBlackSite,numberOfRobotsOnWhiteSite
11753,28,14
timeStep,numberOfRobotsOnBlackSite,numberOfRobotsOnWhiteSite
11754,28,14
timeStep,numberOfRobotsOnBlackSite,numberOfRobotsOnWhiteSite
11755,28,14
timeStep,numberOfRobotsOnBlackSite,numberOfRobotsOnWhiteSite
11756,28,14
timeStep,numberOfRobotsOnBlackSite,numberOfRobotsOnWhiteSite
11757,28,14
timeStep,numberOfRobotsOnBlackSite,numberOfRobotsOnWhiteSite
11758,28,14
timeStep,numberOfRobotsOnBlackSite,numberOfRobotsOnWhiteSite
11759,28,14
timeStep,numberOfRobotsOnBlackSite,numberOfRobotsOnWhiteSite
11760,28,14
timeStep,numberOfRobotsOnBlackSite,numberOfRobotsOnWhiteSite
11761,28,14
timeStep,numberOfRobotsOnBlackSite,numberOfRobotsOnWhiteSite
11762,28,14
timeStep,numberOfRobotsOnBlackSite,numberOfRobotsOnWhiteSite
11763,28,14
timeStep,numberOfRobotsOnBlackSite,numberOfRobotsOnWhiteSite
11764,28,14
timeStep,numberOfRobotsOnBlackSite,numberOfRobotsOnWhiteSite
11765,28,14
timeStep,numberOfRobotsOnBlackSite,numberOfRobotsOnWhiteSite
11766,28,14
timeStep,numberOfRobotsOnBlackSite,numberOfRobotsOnWhiteSite
11767,28,14
timeStep,numberOfRobotsOnBlackSite,numberOfRobotsOnWhiteSite
11768,28,14
timeStep,numberOfRobotsOnBlackSite,numberOfRobotsOnWhiteSite
11769,28,14
timeStep,numberOfRobotsOnBlackSite,numberOfRobotsOnWhiteSite
11770,28,14
timeStep,numberOfRobotsOnBlackSite,numberOfRobotsOnWhiteSite
11771,28,14
timeStep,numberOfRobotsOnBlackSite,numberOfRobotsOnWhiteSite
11772,28,14
timeStep,numberOfRobotsOnBlackSite,numberOfRobotsOnWhiteSite
11773,28,14
timeStep,numberOfRobotsOnBlackSite,numberOfRobotsOnWhiteSite
11774,28,14
timeStep,numberOfRobotsOnBlackSite,numberOfRobotsOnWhiteSite
11775,28,14
timeStep,numberOfRobotsOnBlackSite,numberOfRobotsOnWhiteSite
11776,28,14
timeStep,numberOfRobotsOnBlackSite,numberOfRobotsOnWhiteSite
11777,28,14
timeStep,numberOfRobotsOnBlackSite,numberOfRobotsOnWhiteSite
11778,28,14
timeStep,numberOfRobotsOnBlackSite,numberOfRobotsOnWhiteSite
11779,28,14
timeStep,numberOfRobotsOnBlackSite,numberOfRobotsOnWhiteSite
11780,28,14
timeStep,numberOfRobotsOnBlackSite,numberOfRobotsOnWhiteSite
11781,28,14
timeStep,numberOfRobotsOnBlackSite,numberOfRobotsOnWhiteSite
11782,28,14
timeStep,numberOfRobotsOnBlackSite,numberOfRobotsOnWhiteSite
11783,28,14
timeStep,numberOfRobotsOnBlackSite,numberOfRobotsOnWhiteSite
11784,28,14
timeStep,numberOfRobotsOnBlackSite,numberOfRobotsOnWhiteSite
11785,28,14
timeStep,numberOfRobotsOnBlackSite,numberOfRobotsOnWhiteSite
11786,28,14
timeStep,numberOfRobotsOnBlackSite,numberOfRobotsOnWhiteSite
11787,28,14
timeStep,numberOfRobotsOnBlackSite,numberOfRobotsOnWhiteSite
11788,28,14
timeStep,numberOfRobotsOnBlackSite,numberOfRobotsOnWhiteSite
11789,28,14
timeStep,numberOfRobotsOnBlackSite,numberOfRobotsOnWhiteSite
11790,28,14
timeStep,numberOfRobotsOnBlackSite,numberOfRobotsOnWhiteSite
11791,28,14
timeStep,numberOfRobotsOnBlackSite,numberOfRobotsOnWhiteSite
11792,28,14
timeStep,numberOfRobotsOnBlackSite,numberOfRobotsOnWhiteSite
11793,28,14
timeStep,numberOfRobotsOnBlackSite,numberOfRobotsOnWhiteSite
11794,28,14
timeStep,numberOfRobotsOnBlackSite,numberOfRobotsOnWhiteSite
11795,28,14
timeStep,numberOfRobotsOnBlackSite,numberOfRobotsOnWhiteSite
11796,28,14
timeStep,numberOfRobotsOnBlackSite,numberOfRobotsOnWhiteSite
11797,28,14
timeStep,numberOfRobotsOnBlackSite,numberOfRobotsOnWhiteSite
11798,28,14
timeStep,numberOfRobotsOnBlackSite,numberOfRobotsOnWhiteSite
11799,28,14
timeStep,numberOfRobotsOnBlackSite,numberOfRobotsOnWhiteSite
11800,28,14
timeStep,numberOfRobotsOnBlackSite,numberOfRobotsOnWhiteSite
11801,28,14
timeStep,numberOfRobotsOnBlackSite,numberOfRobotsOnWhiteSite
11802,28,14
timeStep,numberOfRobotsOnBlackSite,numberOfRobotsOnWhiteSite
11803,28,14
timeStep,numberOfRobotsOnBlackSite,numberOfRobotsOnWhiteSite
11804,28,14
timeStep,numberOfRobotsOnBlackSite,numberOfRobotsOnWhiteSite
11805,28,14
timeStep,numberOfRobotsOnBlackSite,numberOfRobotsOnWhiteSite
11806,28,14
timeStep,numberOfRobotsOnBlackSite,numberOfRobotsOnWhiteSite
11807,28,14
timeStep,numberOfRobotsOnBlackSite,numberOfRobotsOnWhiteSite
11808,28,14
timeStep,numberOfRobotsOnBlackSite,numberOfRobotsOnWhiteSite
11809,28,14
timeStep,numberOfRobotsOnBlackSite,numberOfRobotsOnWhiteSite
11810,28,14
timeStep,numberOfRobotsOnBlackSite,numberOfRobotsOnWhiteSite
11811,28,14
timeStep,numberOfRobotsOnBlackSite,numberOfRobotsOnWhiteSite
11812,28,14
timeStep,numberOfRobotsOnBlackSite,numberOfRobotsOnWhiteSite
11813,28,14
timeStep,numberOfRobotsOnBlackSite,numberOfRobotsOnWhiteSite
11814,28,14
timeStep,numberOfRobotsOnBlackSite,numberOfRobotsOnWhiteSite
11815,28,14
timeStep,numberOfRobotsOnBlackSite,numberOfRobotsOnWhiteSite
11816,28,14
timeStep,numberOfRobotsOnBlackSite,numberOfRobotsOnWhiteSite
11817,28,14
timeStep,numberOfRobotsOnBlackSite,numberOfRobotsOnWhiteSite
11818,28,14
timeStep,numberOfRobotsOnBlackSite,numberOfRobotsOnWhiteSite
11819,28,14
timeStep,numberOfRobotsOnBlackSite,numberOfRobotsOnWhiteSite
11820,28,14
timeStep,numberOfRobotsOnBlackSite,numberOfRobotsOnWhiteSite
11821,28,14
timeStep,numberOfRobotsOnBlackSite,numberOfRobotsOnWhiteSite
11822,28,14
timeStep,numberOfRobotsOnBlackSite,numberOfRobotsOnWhiteSite
11823,28,14
timeStep,numberOfRobotsOnBlackSite,numberOfRobotsOnWhiteSite
11824,28,14
timeStep,numberOfRobotsOnBlackSite,numberOfRobotsOnWhiteSite
11825,28,14
timeStep,numberOfRobotsOnBlackSite,numberOfRobotsOnWhiteSite
11826,28,14
timeStep,numberOfRobotsOnBlackSite,numberOfRobotsOnWhiteSite
11827,28,14
timeStep,numberOfRobotsOnBlackSite,numberOfRobotsOnWhiteSite
11828,28,14
timeStep,numberOfRobotsOnBlackSite,numberOfRobotsOnWhiteSite
11829,28,14
timeStep,numberOfRobotsOnBlackSite,numberOfRobotsOnWhiteSite
11830,28,14
timeStep,numberOfRobotsOnBlackSite,numberOfRobotsOnWhiteSite
11831,28,14
timeStep,numberOfRobotsOnBlackSite,numberOfRobotsOnWhiteSite
11832,28,14
timeStep,numberOfRobotsOnBlackSite,numberOfRobotsOnWhiteSite
11833,28,14
timeStep,numberOfRobotsOnBlackSite,numberOfRobotsOnWhiteSite
11834,28,14
timeStep,numberOfRobotsOnBlackSite,numberOfRobotsOnWhiteSite
11835,28,14
timeStep,numberOfRobotsOnBlackSite,numberOfRobotsOnWhiteSite
11836,28,14
timeStep,numberOfRobotsOnBlackSite,numberOfRobotsOnWhiteSite
11837,28,14
timeStep,numberOfRobotsOnBlackSite,numberOfRobotsOnWhiteSite
11838,28,14
timeStep,numberOfRobotsOnBlackSite,numberOfRobotsOnWhiteSite
11839,28,14
timeStep,numberOfRobotsOnBlackSite,numberOfRobotsOnWhiteSite
11840,28,14
timeStep,numberOfRobotsOnBlackSite,numberOfRobotsOnWhiteSite
11841,28,14
timeStep,numberOfRobotsOnBlackSite,numberOfRobotsOnWhiteSite
11842,28,14
timeStep,numberOfRobotsOnBlackSite,numberOfRobotsOnWhiteSite
11843,28,14
timeStep,numberOfRobotsOnBlackSite,numberOfRobotsOnWhiteSite
11844,28,14
timeStep,numberOfRobotsOnBlackSite,numberOfRobotsOnWhiteSite
11845,28,14
timeStep,numberOfRobotsOnBlackSite,numberOfRobotsOnWhiteSite
11846,28,14
timeStep,numberOfRobotsOnBlackSite,numberOfRobotsOnWhiteSite
11847,28,14
timeStep,numberOfRobotsOnBlackSite,numberOfRobotsOnWhiteSite
11848,28,14
timeStep,numberOfRobotsOnBlackSite,numberOfRobotsOnWhiteSite
11849,28,14
timeStep,numberOfRobotsOnBlackSite,numberOfRobotsOnWhiteSite
11850,28,14
timeStep,numberOfRobotsOnBlackSite,numberOfRobotsOnWhiteSite
11851,28,14
timeStep,numberOfRobotsOnBlackSite,numberOfRobotsOnWhiteSite
11852,28,14
timeStep,numberOfRobotsOnBlackSite,numberOfRobotsOnWhiteSite
11853,28,14
timeStep,numberOfRobotsOnBlackSite,numberOfRobotsOnWhiteSite
11854,28,14
timeStep,numberOfRobotsOnBlackSite,numberOfRobotsOnWhiteSite
11855,28,14
timeStep,numberOfRobotsOnBlackSite,numberOfRobotsOnWhiteSite
11856,28,14
timeStep,numberOfRobotsOnBlackSite,numberOfRobotsOnWhiteSite
11857,28,14
timeStep,numberOfRobotsOnBlackSite,numberOfRobotsOnWhiteSite
11858,28,14
timeStep,numberOfRobotsOnBlackSite,numberOfRobotsOnWhiteSite
11859,28,14
timeStep,numberOfRobotsOnBlackSite,numberOfRobotsOnWhiteSite
11860,28,14
timeStep,numberOfRobotsOnBlackSite,numberOfRobotsOnWhiteSite
11861,28,14
timeStep,numberOfRobotsOnBlackSite,numberOfRobotsOnWhiteSite
11862,28,14
timeStep,numberOfRobotsOnBlackSite,numberOfRobotsOnWhiteSite
11863,28,14
timeStep,numberOfRobotsOnBlackSite,numberOfRobotsOnWhiteSite
11864,28,14
timeStep,numberOfRobotsOnBlackSite,numberOfRobotsOnWhiteSite
11865,28,14
timeStep,numberOfRobotsOnBlackSite,numberOfRobotsOnWhiteSite
11866,28,14
timeStep,numberOfRobotsOnBlackSite,numberOfRobotsOnWhiteSite
11867,28,14
timeStep,numberOfRobotsOnBlackSite,numberOfRobotsOnWhiteSite
11868,28,14
timeStep,numberOfRobotsOnBlackSite,numberOfRobotsOnWhiteSite
11869,28,14
timeStep,numberOfRobotsOnBlackSite,numberOfRobotsOnWhiteSite
11870,28,14
timeStep,numberOfRobotsOnBlackSite,numberOfRobotsOnWhiteSite
11871,28,14
timeStep,numberOfRobotsOnBlackSite,numberOfRobotsOnWhiteSite
11872,28,14
timeStep,numberOfRobotsOnBlackSite,numberOfRobotsOnWhiteSite
11873,28,14
timeStep,numberOfRobotsOnBlackSite,numberOfRobotsOnWhiteSite
11874,28,14
timeStep,numberOfRobotsOnBlackSite,numberOfRobotsOnWhiteSite
11875,28,14
timeStep,numberOfRobotsOnBlackSite,numberOfRobotsOnWhiteSite
11876,28,14
timeStep,numberOfRobotsOnBlackSite,numberOfRobotsOnWhiteSite
11877,28,14
timeStep,numberOfRobotsOnBlackSite,numberOfRobotsOnWhiteSite
11878,28,14
timeStep,numberOfRobotsOnBlackSite,numberOfRobotsOnWhiteSite
11879,28,14
timeStep,numberOfRobotsOnBlackSite,numberOfRobotsOnWhiteSite
11880,28,14
timeStep,numberOfRobotsOnBlackSite,numberOfRobotsOnWhiteSite
11881,28,14
timeStep,numberOfRobotsOnBlackSite,numberOfRobotsOnWhiteSite
11882,28,14
timeStep,numberOfRobotsOnBlackSite,numberOfRobotsOnWhiteSite
11883,28,14
timeStep,numberOfRobotsOnBlackSite,numberOfRobotsOnWhiteSite
11884,28,14
timeStep,numberOfRobotsOnBlackSite,numberOfRobotsOnWhiteSite
11885,28,14
timeStep,numberOfRobotsOnBlackSite,numberOfRobotsOnWhiteSite
11886,28,14
timeStep,numberOfRobotsOnBlackSite,numberOfRobotsOnWhiteSite
11887,28,14
timeStep,numberOfRobotsOnBlackSite,numberOfRobotsOnWhiteSite
11888,28,14
timeStep,numberOfRobotsOnBlackSite,numberOfRobotsOnWhiteSite
11889,28,14
timeStep,numberOfRobotsOnBlackSite,numberOfRobotsOnWhiteSite
11890,28,15
timeStep,numberOfRobotsOnBlackSite,numberOfRobotsOnWhiteSite
11891,28,15
timeStep,numberOfRobotsOnBlackSite,numberOfRobotsOnWhiteSite
11892,28,15
timeStep,numberOfRobotsOnBlackSite,numberOfRobotsOnWhiteSite
11893,28,15
timeStep,numberOfRobotsOnBlackSite,numberOfRobotsOnWhiteSite
11894,28,15
timeStep,numberOfRobotsOnBlackSite,numberOfRobotsOnWhiteSite
11895,28,15
timeStep,numberOfRobotsOnBlackSite,numberOfRobotsOnWhiteSite
11896,28,15
timeStep,numberOfRobotsOnBlackSite,numberOfRobotsOnWhiteSite
11897,28,15
timeStep,numberOfRobotsOnBlackSite,numberOfRobotsOnWhiteSite
11898,28,15
timeStep,numberOfRobotsOnBlackSite,numberOfRobotsOnWhiteSite
11899,28,15
timeStep,numberOfRobotsOnBlackSite,numberOfRobotsOnWhiteSite
11900,28,15
timeStep,numberOfRobotsOnBlackSite,numberOfRobotsOnWhiteSite
11901,28,15
timeStep,numberOfRobotsOnBlackSite,numberOfRobotsOnWhiteSite
11902,28,15
timeStep,numberOfRobotsOnBlackSite,numberOfRobotsOnWhiteSite
11903,28,15
timeStep,numberOfRobotsOnBlackSite,numberOfRobotsOnWhiteSite
11904,28,15
timeStep,numberOfRobotsOnBlackSite,numberOfRobotsOnWhiteSite
11905,28,16
timeStep,numberOfRobotsOnBlackSite,numberOfRobotsOnWhiteSite
11906,28,16
timeStep,numberOfRobotsOnBlackSite,numberOfRobotsOnWhiteSite
11907,28,16
timeStep,numberOfRobotsOnBlackSite,numberOfRobotsOnWhiteSite
11908,28,16
timeStep,numberOfRobotsOnBlackSite,numberOfRobotsOnWhiteSite
11909,28,16
timeStep,numberOfRobotsOnBlackSite,numberOfRobotsOnWhiteSite
11910,28,16
timeStep,numberOfRobotsOnBlackSite,numberOfRobotsOnWhiteSite
11911,28,16
timeStep,numberOfRobotsOnBlackSite,numberOfRobotsOnWhiteSite
11912,28,16
timeStep,numberOfRobotsOnBlackSite,numberOfRobotsOnWhiteSite
11913,28,16
timeStep,numberOfRobotsOnBlackSite,numberOfRobotsOnWhiteSite
11914,28,16
timeStep,numberOfRobotsOnBlackSite,numberOfRobotsOnWhiteSite
11915,28,16
timeStep,numberOfRobotsOnBlackSite,numberOfRobotsOnWhiteSite
11916,28,16
timeStep,numberOfRobotsOnBlackSite,numberOfRobotsOnWhiteSite
11917,28,16
timeStep,numberOfRobotsOnBlackSite,numberOfRobotsOnWhiteSite
11918,28,16
timeStep,numberOfRobotsOnBlackSite,numberOfRobotsOnWhiteSite
11919,28,16
timeStep,numberOfRobotsOnBlackSite,numberOfRobotsOnWhiteSite
11920,28,16
timeStep,numberOfRobotsOnBlackSite,numberOfRobotsOnWhiteSite
11921,28,16
timeStep,numberOfRobotsOnBlackSite,numberOfRobotsOnWhiteSite
11922,28,16
timeStep,numberOfRobotsOnBlackSite,numberOfRobotsOnWhiteSite
11923,28,16
timeStep,numberOfRobotsOnBlackSite,numberOfRobotsOnWhiteSite
11924,28,16
timeStep,numberOfRobotsOnBlackSite,numberOfRobotsOnWhiteSite
11925,28,17
timeStep,numberOfRobotsOnBlackSite,numberOfRobotsOnWhiteSite
11926,28,17
timeStep,numberOfRobotsOnBlackSite,numberOfRobotsOnWhiteSite
11927,28,17
timeStep,numberOfRobotsOnBlackSite,numberOfRobotsOnWhiteSite
11928,28,17
timeStep,numberOfRobotsOnBlackSite,numberOfRobotsOnWhiteSite
11929,28,17
timeStep,numberOfRobotsOnBlackSite,numberOfRobotsOnWhiteSite
11930,28,17
timeStep,numberOfRobotsOnBlackSite,numberOfRobotsOnWhiteSite
11931,28,17
timeStep,numberOfRobotsOnBlackSite,numberOfRobotsOnWhiteSite
11932,28,17
timeStep,numberOfRobotsOnBlackSite,numberOfRobotsOnWhiteSite
11933,28,17
timeStep,numberOfRobotsOnBlackSite,numberOfRobotsOnWhiteSite
11934,28,17
timeStep,numberOfRobotsOnBlackSite,numberOfRobotsOnWhiteSite
11935,28,17
timeStep,numberOfRobotsOnBlackSite,numberOfRobotsOnWhiteSite
11936,28,17
timeStep,numberOfRobotsOnBlackSite,numberOfRobotsOnWhiteSite
11937,28,17
timeStep,numberOfRobotsOnBlackSite,numberOfRobotsOnWhiteSite
11938,28,17
timeStep,numberOfRobotsOnBlackSite,numberOfRobotsOnWhiteSite
11939,28,17
timeStep,numberOfRobotsOnBlackSite,numberOfRobotsOnWhiteSite
11940,28,17
timeStep,numberOfRobotsOnBlackSite,numberOfRobotsOnWhiteSite
11941,28,17
timeStep,numberOfRobotsOnBlackSite,numberOfRobotsOnWhiteSite
11942,28,17
timeStep,numberOfRobotsOnBlackSite,numberOfRobotsOnWhiteSite
11943,28,17
timeStep,numberOfRobotsOnBlackSite,numberOfRobotsOnWhiteSite
11944,28,17
timeStep,numberOfRobotsOnBlackSite,numberOfRobotsOnWhiteSite
11945,28,16
timeStep,numberOfRobotsOnBlackSite,numberOfRobotsOnWhiteSite
11946,28,16
timeStep,numberOfRobotsOnBlackSite,numberOfRobotsOnWhiteSite
11947,28,16
timeStep,numberOfRobotsOnBlackSite,numberOfRobotsOnWhiteSite
11948,28,16
timeStep,numberOfRobotsOnBlackSite,numberOfRobotsOnWhiteSite
11949,28,16
timeStep,numberOfRobotsOnBlackSite,numberOfRobotsOnWhiteSite
11950,28,16
timeStep,numberOfRobotsOnBlackSite,numberOfRobotsOnWhiteSite
11951,28,16
timeStep,numberOfRobotsOnBlackSite,numberOfRobotsOnWhiteSite
11952,28,16
timeStep,numberOfRobotsOnBlackSite,numberOfRobotsOnWhiteSite
11953,28,16
timeStep,numberOfRobotsOnBlackSite,numberOfRobotsOnWhiteSite
11954,28,16
timeStep,numberOfRobotsOnBlackSite,numberOfRobotsOnWhiteSite
11955,28,16
timeStep,numberOfRobotsOnBlackSite,numberOfRobotsOnWhiteSite
11956,28,16
timeStep,numberOfRobotsOnBlackSite,numberOfRobotsOnWhiteSite
11957,28,16
timeStep,numberOfRobotsOnBlackSite,numberOfRobotsOnWhiteSite
11958,28,16
timeStep,numberOfRobotsOnBlackSite,numberOfRobotsOnWhiteSite
11959,28,16
timeStep,numberOfRobotsOnBlackSite,numberOfRobotsOnWhiteSite
11960,28,16
timeStep,numberOfRobotsOnBlackSite,numberOfRobotsOnWhiteSite
11961,28,16
timeStep,numberOfRobotsOnBlackSite,numberOfRobotsOnWhiteSite
11962,28,16
timeStep,numberOfRobotsOnBlackSite,numberOfRobotsOnWhiteSite
11963,28,16
timeStep,numberOfRobotsOnBlackSite,numberOfRobotsOnWhiteSite
11964,28,16
timeStep,numberOfRobotsOnBlackSite,numberOfRobotsOnWhiteSite
11965,28,16
timeStep,numberOfRobotsOnBlackSite,numberOfRobotsOnWhiteSite
11966,28,16
timeStep,numberOfRobotsOnBlackSite,numberOfRobotsOnWhiteSite
11967,28,16
timeStep,numberOfRobotsOnBlackSite,numberOfRobotsOnWhiteSite
11968,28,16
timeStep,numberOfRobotsOnBlackSite,numberOfRobotsOnWhiteSite
11969,28,16
timeStep,numberOfRobotsOnBlackSite,numberOfRobotsOnWhiteSite
11970,28,16
timeStep,numberOfRobotsOnBlackSite,numberOfRobotsOnWhiteSite
11971,28,16
timeStep,numberOfRobotsOnBlackSite,numberOfRobotsOnWhiteSite
11972,28,16
timeStep,numberOfRobotsOnBlackSite,numberOfRobotsOnWhiteSite
11973,28,16
timeStep,numberOfRobotsOnBlackSite,numberOfRobotsOnWhiteSite
11974,28,16
timeStep,numberOfRobotsOnBlackSite,numberOfRobotsOnWhiteSite
11975,28,16
timeStep,numberOfRobotsOnBlackSite,numberOfRobotsOnWhiteSite
11976,28,16
timeStep,numberOfRobotsOnBlackSite,numberOfRobotsOnWhiteSite
11977,28,16
timeStep,numberOfRobotsOnBlackSite,numberOfRobotsOnWhiteSite
11978,28,16
timeStep,numberOfRobotsOnBlackSite,numberOfRobotsOnWhiteSite
11979,28,16
timeStep,numberOfRobotsOnBlackSite,numberOfRobotsOnWhiteSite
11980,28,16
timeStep,numberOfRobotsOnBlackSite,numberOfRobotsOnWhiteSite
11981,28,16
timeStep,numberOfRobotsOnBlackSite,numberOfRobotsOnWhiteSite
11982,28,16
timeStep,numberOfRobotsOnBlackSite,numberOfRobotsOnWhiteSite
11983,28,16
timeStep,numberOfRobotsOnBlackSite,numberOfRobotsOnWhiteSite
11984,28,16
timeStep,numberOfRobotsOnBlackSite,numberOfRobotsOnWhiteSite
11985,28,17
timeStep,numberOfRobotsOnBlackSite,numberOfRobotsOnWhiteSite
11986,28,17
timeStep,numberOfRobotsOnBlackSite,numberOfRobotsOnWhiteSite
11987,28,17
timeStep,numberOfRobotsOnBlackSite,numberOfRobotsOnWhiteSite
11988,28,17
timeStep,numberOfRobotsOnBlackSite,numberOfRobotsOnWhiteSite
11989,28,17
timeStep,numberOfRobotsOnBlackSite,numberOfRobotsOnWhiteSite
11990,28,17
timeStep,numberOfRobotsOnBlackSite,numberOfRobotsOnWhiteSite
11991,28,17
timeStep,numberOfRobotsOnBlackSite,numberOfRobotsOnWhiteSite
11992,28,17
timeStep,numberOfRobotsOnBlackSite,numberOfRobotsOnWhiteSite
11993,28,17
timeStep,numberOfRobotsOnBlackSite,numberOfRobotsOnWhiteSite
11994,28,17
timeStep,numberOfRobotsOnBlackSite,numberOfRobotsOnWhiteSite
11995,28,17
timeStep,numberOfRobotsOnBlackSite,numberOfRobotsOnWhiteSite
11996,28,17
timeStep,numberOfRobotsOnBlackSite,numberOfRobotsOnWhiteSite
11997,28,17
timeStep,numberOfRobotsOnBlackSite,numberOfRobotsOnWhiteSite
11998,28,17
timeStep,numberOfRobotsOnBlackSite,numberOfRobotsOnWhiteSite
11999,28,17
timeStep,numberOfRobotsOnBlackSite,numberOfRobotsOnWhiteSite
12000,28,17
timeStep,numberOfRobotsOnBlackSite,numberOfRobotsOnWhiteSite
12001,28,17
timeStep,numberOfRobotsOnBlackSite,numberOfRobotsOnWhiteSite
12002,28,17
timeStep,numberOfRobotsOnBlackSite,numberOfRobotsOnWhiteSite
12003,28,17
timeStep,numberOfRobotsOnBlackSite,numberOfRobotsOnWhiteSite
12004,28,17
timeStep,numberOfRobotsOnBlackSite,numberOfRobotsOnWhiteSite
12005,28,17
timeStep,numberOfRobotsOnBlackSite,numberOfRobotsOnWhiteSite
12006,28,17
timeStep,numberOfRobotsOnBlackSite,numberOfRobotsOnWhiteSite
12007,28,17
timeStep,numberOfRobotsOnBlackSite,numberOfRobotsOnWhiteSite
12008,28,17
timeStep,numberOfRobotsOnBlackSite,numberOfRobotsOnWhiteSite
12009,28,17
timeStep,numberOfRobotsOnBlackSite,numberOfRobotsOnWhiteSite
12010,28,16
timeStep,numberOfRobotsOnBlackSite,numberOfRobotsOnWhiteSite
12011,28,16
timeStep,numberOfRobotsOnBlackSite,numberOfRobotsOnWhiteSite
12012,28,16
timeStep,numberOfRobotsOnBlackSite,numberOfRobotsOnWhiteSite
12013,28,16
timeStep,numberOfRobotsOnBlackSite,numberOfRobotsOnWhiteSite
12014,28,16
timeStep,numberOfRobotsOnBlackSite,numberOfRobotsOnWhiteSite
12015,28,16
timeStep,numberOfRobotsOnBlackSite,numberOfRobotsOnWhiteSite
12016,28,16
timeStep,numberOfRobotsOnBlackSite,numberOfRobotsOnWhiteSite
12017,28,16
timeStep,numberOfRobotsOnBlackSite,numberOfRobotsOnWhiteSite
12018,28,16
timeStep,numberOfRobotsOnBlackSite,numberOfRobotsOnWhiteSite
12019,28,16
timeStep,numberOfRobotsOnBlackSite,numberOfRobotsOnWhiteSite
12020,28,16
timeStep,numberOfRobotsOnBlackSite,numberOfRobotsOnWhiteSite
12021,28,16
timeStep,numberOfRobotsOnBlackSite,numberOfRobotsOnWhiteSite
12022,28,16
timeStep,numberOfRobotsOnBlackSite,numberOfRobotsOnWhiteSite
12023,28,16
timeStep,numberOfRobotsOnBlackSite,numberOfRobotsOnWhiteSite
12024,28,16
timeStep,numberOfRobotsOnBlackSite,numberOfRobotsOnWhiteSite
12025,28,15
timeStep,numberOfRobotsOnBlackSite,numberOfRobotsOnWhiteSite
12026,28,15
timeStep,numberOfRobotsOnBlackSite,numberOfRobotsOnWhiteSite
12027,28,15
timeStep,numberOfRobotsOnBlackSite,numberOfRobotsOnWhiteSite
12028,28,15
timeStep,numberOfRobotsOnBlackSite,numberOfRobotsOnWhiteSite
12029,28,15
timeStep,numberOfRobotsOnBlackSite,numberOfRobotsOnWhiteSite
12030,28,15
timeStep,numberOfRobotsOnBlackSite,numberOfRobotsOnWhiteSite
12031,28,15
timeStep,numberOfRobotsOnBlackSite,numberOfRobotsOnWhiteSite
12032,28,15
timeStep,numberOfRobotsOnBlackSite,numberOfRobotsOnWhiteSite
12033,28,15
timeStep,numberOfRobotsOnBlackSite,numberOfRobotsOnWhiteSite
12034,28,15
timeStep,numberOfRobotsOnBlackSite,numberOfRobotsOnWhiteSite
12035,28,15
timeStep,numberOfRobotsOnBlackSite,numberOfRobotsOnWhiteSite
12036,28,15
timeStep,numberOfRobotsOnBlackSite,numberOfRobotsOnWhiteSite
12037,28,15
timeStep,numberOfRobotsOnBlackSite,numberOfRobotsOnWhiteSite
12038,28,15
timeStep,numberOfRobotsOnBlackSite,numberOfRobotsOnWhiteSite
12039,28,15
timeStep,numberOfRobotsOnBlackSite,numberOfRobotsOnWhiteSite
12040,28,15
timeStep,numberOfRobotsOnBlackSite,numberOfRobotsOnWhiteSite
12041,28,15
timeStep,numberOfRobotsOnBlackSite,numberOfRobotsOnWhiteSite
12042,28,15
timeStep,numberOfRobotsOnBlackSite,numberOfRobotsOnWhiteSite
12043,28,15
timeStep,numberOfRobotsOnBlackSite,numberOfRobotsOnWhiteSite
12044,28,15
timeStep,numberOfRobotsOnBlackSite,numberOfRobotsOnWhiteSite
12045,28,15
timeStep,numberOfRobotsOnBlackSite,numberOfRobotsOnWhiteSite
12046,28,15
timeStep,numberOfRobotsOnBlackSite,numberOfRobotsOnWhiteSite
12047,28,15
timeStep,numberOfRobotsOnBlackSite,numberOfRobotsOnWhiteSite
12048,28,15
timeStep,numberOfRobotsOnBlackSite,numberOfRobotsOnWhiteSite
12049,28,15
timeStep,numberOfRobotsOnBlackSite,numberOfRobotsOnWhiteSite
12050,28,15
timeStep,numberOfRobotsOnBlackSite,numberOfRobotsOnWhiteSite
12051,28,15
timeStep,numberOfRobotsOnBlackSite,numberOfRobotsOnWhiteSite
12052,28,15
timeStep,numberOfRobotsOnBlackSite,numberOfRobotsOnWhiteSite
12053,28,15
timeStep,numberOfRobotsOnBlackSite,numberOfRobotsOnWhiteSite
12054,28,15
timeStep,numberOfRobotsOnBlackSite,numberOfRobotsOnWhiteSite
12055,28,15
timeStep,numberOfRobotsOnBlackSite,numberOfRobotsOnWhiteSite
12056,28,15
timeStep,numberOfRobotsOnBlackSite,numberOfRobotsOnWhiteSite
12057,28,15
timeStep,numberOfRobotsOnBlackSite,numberOfRobotsOnWhiteSite
12058,28,15
timeStep,numberOfRobotsOnBlackSite,numberOfRobotsOnWhiteSite
12059,28,15
timeStep,numberOfRobotsOnBlackSite,numberOfRobotsOnWhiteSite
12060,28,15
timeStep,numberOfRobotsOnBlackSite,numberOfRobotsOnWhiteSite
12061,28,15
timeStep,numberOfRobotsOnBlackSite,numberOfRobotsOnWhiteSite
12062,28,15
timeStep,numberOfRobotsOnBlackSite,numberOfRobotsOnWhiteSite
12063,28,15
timeStep,numberOfRobotsOnBlackSite,numberOfRobotsOnWhiteSite
12064,28,15
timeStep,numberOfRobotsOnBlackSite,numberOfRobotsOnWhiteSite
12065,28,15
timeStep,numberOfRobotsOnBlackSite,numberOfRobotsOnWhiteSite
12066,28,15
timeStep,numberOfRobotsOnBlackSite,numberOfRobotsOnWhiteSite
12067,28,15
timeStep,numberOfRobotsOnBlackSite,numberOfRobotsOnWhiteSite
12068,28,15
timeStep,numberOfRobotsOnBlackSite,numberOfRobotsOnWhiteSite
12069,28,15
timeStep,numberOfRobotsOnBlackSite,numberOfRobotsOnWhiteSite
12070,28,15
timeStep,numberOfRobotsOnBlackSite,numberOfRobotsOnWhiteSite
12071,28,15
timeStep,numberOfRobotsOnBlackSite,numberOfRobotsOnWhiteSite
12072,28,15
timeStep,numberOfRobotsOnBlackSite,numberOfRobotsOnWhiteSite
12073,28,15
timeStep,numberOfRobotsOnBlackSite,numberOfRobotsOnWhiteSite
12074,28,15
timeStep,numberOfRobotsOnBlackSite,numberOfRobotsOnWhiteSite
12075,28,14
timeStep,numberOfRobotsOnBlackSite,numberOfRobotsOnWhiteSite
12076,28,14
timeStep,numberOfRobotsOnBlackSite,numberOfRobotsOnWhiteSite
12077,28,14
timeStep,numberOfRobotsOnBlackSite,numberOfRobotsOnWhiteSite
12078,28,14
timeStep,numberOfRobotsOnBlackSite,numberOfRobotsOnWhiteSite
12079,28,14
timeStep,numberOfRobotsOnBlackSite,numberOfRobotsOnWhiteSite
12080,28,14
timeStep,numberOfRobotsOnBlackSite,numberOfRobotsOnWhiteSite
12081,28,14
timeStep,numberOfRobotsOnBlackSite,numberOfRobotsOnWhiteSite
12082,28,14
timeStep,numberOfRobotsOnBlackSite,numberOfRobotsOnWhiteSite
12083,28,14
timeStep,numberOfRobotsOnBlackSite,numberOfRobotsOnWhiteSite
12084,28,14
timeStep,numberOfRobotsOnBlackSite,numberOfRobotsOnWhiteSite
12085,28,14
timeStep,numberOfRobotsOnBlackSite,numberOfRobotsOnWhiteSite
12086,28,14
timeStep,numberOfRobotsOnBlackSite,numberOfRobotsOnWhiteSite
12087,28,14
timeStep,numberOfRobotsOnBlackSite,numberOfRobotsOnWhiteSite
12088,28,14
timeStep,numberOfRobotsOnBlackSite,numberOfRobotsOnWhiteSite
12089,28,14
timeStep,numberOfRobotsOnBlackSite,numberOfRobotsOnWhiteSite
12090,28,15
timeStep,numberOfRobotsOnBlackSite,numberOfRobotsOnWhiteSite
12091,28,15
timeStep,numberOfRobotsOnBlackSite,numberOfRobotsOnWhiteSite
12092,28,15
timeStep,numberOfRobotsOnBlackSite,numberOfRobotsOnWhiteSite
12093,28,15
timeStep,numberOfRobotsOnBlackSite,numberOfRobotsOnWhiteSite
12094,28,15
timeStep,numberOfRobotsOnBlackSite,numberOfRobotsOnWhiteSite
12095,28,15
timeStep,numberOfRobotsOnBlackSite,numberOfRobotsOnWhiteSite
12096,28,15
timeStep,numberOfRobotsOnBlackSite,numberOfRobotsOnWhiteSite
12097,28,15
timeStep,numberOfRobotsOnBlackSite,numberOfRobotsOnWhiteSite
12098,28,15
timeStep,numberOfRobotsOnBlackSite,numberOfRobotsOnWhiteSite
12099,28,15
timeStep,numberOfRobotsOnBlackSite,numberOfRobotsOnWhiteSite
12100,28,15
timeStep,numberOfRobotsOnBlackSite,numberOfRobotsOnWhiteSite
12101,28,15
timeStep,numberOfRobotsOnBlackSite,numberOfRobotsOnWhiteSite
12102,28,15
timeStep,numberOfRobotsOnBlackSite,numberOfRobotsOnWhiteSite
12103,28,15
timeStep,numberOfRobotsOnBlackSite,numberOfRobotsOnWhiteSite
12104,28,15
timeStep,numberOfRobotsOnBlackSite,numberOfRobotsOnWhiteSite
12105,28,15
timeStep,numberOfRobotsOnBlackSite,numberOfRobotsOnWhiteSite
12106,28,15
timeStep,numberOfRobotsOnBlackSite,numberOfRobotsOnWhiteSite
12107,28,15
timeStep,numberOfRobotsOnBlackSite,numberOfRobotsOnWhiteSite
12108,28,15
timeStep,numberOfRobotsOnBlackSite,numberOfRobotsOnWhiteSite
12109,28,15
timeStep,numberOfRobotsOnBlackSite,numberOfRobotsOnWhiteSite
12110,28,15
timeStep,numberOfRobotsOnBlackSite,numberOfRobotsOnWhiteSite
12111,28,15
timeStep,numberOfRobotsOnBlackSite,numberOfRobotsOnWhiteSite
12112,28,15
timeStep,numberOfRobotsOnBlackSite,numberOfRobotsOnWhiteSite
12113,28,15
timeStep,numberOfRobotsOnBlackSite,numberOfRobotsOnWhiteSite
12114,28,15
timeStep,numberOfRobotsOnBlackSite,numberOfRobotsOnWhiteSite
12115,28,16
timeStep,numberOfRobotsOnBlackSite,numberOfRobotsOnWhiteSite
12116,28,16
timeStep,numberOfRobotsOnBlackSite,numberOfRobotsOnWhiteSite
12117,28,16
timeStep,numberOfRobotsOnBlackSite,numberOfRobotsOnWhiteSite
12118,28,16
timeStep,numberOfRobotsOnBlackSite,numberOfRobotsOnWhiteSite
12119,28,16
timeStep,numberOfRobotsOnBlackSite,numberOfRobotsOnWhiteSite
12120,28,16
timeStep,numberOfRobotsOnBlackSite,numberOfRobotsOnWhiteSite
12121,28,16
timeStep,numberOfRobotsOnBlackSite,numberOfRobotsOnWhiteSite
12122,28,16
timeStep,numberOfRobotsOnBlackSite,numberOfRobotsOnWhiteSite
12123,28,16
timeStep,numberOfRobotsOnBlackSite,numberOfRobotsOnWhiteSite
12124,28,16
timeStep,numberOfRobotsOnBlackSite,numberOfRobotsOnWhiteSite
12125,28,16
timeStep,numberOfRobotsOnBlackSite,numberOfRobotsOnWhiteSite
12126,28,16
timeStep,numberOfRobotsOnBlackSite,numberOfRobotsOnWhiteSite
12127,28,16
timeStep,numberOfRobotsOnBlackSite,numberOfRobotsOnWhiteSite
12128,28,16
timeStep,numberOfRobotsOnBlackSite,numberOfRobotsOnWhiteSite
12129,28,16
timeStep,numberOfRobotsOnBlackSite,numberOfRobotsOnWhiteSite
12130,28,16
timeStep,numberOfRobotsOnBlackSite,numberOfRobotsOnWhiteSite
12131,28,16
timeStep,numberOfRobotsOnBlackSite,numberOfRobotsOnWhiteSite
12132,28,16
timeStep,numberOfRobotsOnBlackSite,numberOfRobotsOnWhiteSite
12133,28,16
timeStep,numberOfRobotsOnBlackSite,numberOfRobotsOnWhiteSite
12134,28,16
timeStep,numberOfRobotsOnBlackSite,numberOfRobotsOnWhiteSite
12135,28,16
timeStep,numberOfRobotsOnBlackSite,numberOfRobotsOnWhiteSite
12136,28,16
timeStep,numberOfRobotsOnBlackSite,numberOfRobotsOnWhiteSite
12137,28,16
timeStep,numberOfRobotsOnBlackSite,numberOfRobotsOnWhiteSite
12138,28,16
timeStep,numberOfRobotsOnBlackSite,numberOfRobotsOnWhiteSite
12139,28,16
timeStep,numberOfRobotsOnBlackSite,numberOfRobotsOnWhiteSite
12140,28,16
timeStep,numberOfRobotsOnBlackSite,numberOfRobotsOnWhiteSite
12141,28,16
timeStep,numberOfRobotsOnBlackSite,numberOfRobotsOnWhiteSite
12142,28,16
timeStep,numberOfRobotsOnBlackSite,numberOfRobotsOnWhiteSite
12143,28,16
timeStep,numberOfRobotsOnBlackSite,numberOfRobotsOnWhiteSite
12144,28,16
timeStep,numberOfRobotsOnBlackSite,numberOfRobotsOnWhiteSite
12145,28,16
timeStep,numberOfRobotsOnBlackSite,numberOfRobotsOnWhiteSite
12146,28,16
timeStep,numberOfRobotsOnBlackSite,numberOfRobotsOnWhiteSite
12147,28,16
timeStep,numberOfRobotsOnBlackSite,numberOfRobotsOnWhiteSite
12148,28,16
timeStep,numberOfRobotsOnBlackSite,numberOfRobotsOnWhiteSite
12149,28,16
timeStep,numberOfRobotsOnBlackSite,numberOfRobotsOnWhiteSite
12150,28,16
timeStep,numberOfRobotsOnBlackSite,numberOfRobotsOnWhiteSite
12151,28,16
timeStep,numberOfRobotsOnBlackSite,numberOfRobotsOnWhiteSite
12152,28,16
timeStep,numberOfRobotsOnBlackSite,numberOfRobotsOnWhiteSite
12153,28,16
timeStep,numberOfRobotsOnBlackSite,numberOfRobotsOnWhiteSite
12154,28,16
timeStep,numberOfRobotsOnBlackSite,numberOfRobotsOnWhiteSite
12155,28,16
timeStep,numberOfRobotsOnBlackSite,numberOfRobotsOnWhiteSite
12156,28,16
timeStep,numberOfRobotsOnBlackSite,numberOfRobotsOnWhiteSite
12157,28,16
timeStep,numberOfRobotsOnBlackSite,numberOfRobotsOnWhiteSite
12158,28,16
timeStep,numberOfRobotsOnBlackSite,numberOfRobotsOnWhiteSite
12159,28,16
timeStep,numberOfRobotsOnBlackSite,numberOfRobotsOnWhiteSite
12160,28,16
timeStep,numberOfRobotsOnBlackSite,numberOfRobotsOnWhiteSite
12161,28,16
timeStep,numberOfRobotsOnBlackSite,numberOfRobotsOnWhiteSite
12162,28,16
timeStep,numberOfRobotsOnBlackSite,numberOfRobotsOnWhiteSite
12163,28,16
timeStep,numberOfRobotsOnBlackSite,numberOfRobotsOnWhiteSite
12164,28,16
timeStep,numberOfRobotsOnBlackSite,numberOfRobotsOnWhiteSite
12165,28,16
timeStep,numberOfRobotsOnBlackSite,numberOfRobotsOnWhiteSite
12166,28,16
timeStep,numberOfRobotsOnBlackSite,numberOfRobotsOnWhiteSite
12167,28,16
timeStep,numberOfRobotsOnBlackSite,numberOfRobotsOnWhiteSite
12168,28,16
timeStep,numberOfRobotsOnBlackSite,numberOfRobotsOnWhiteSite
12169,28,16
timeStep,numberOfRobotsOnBlackSite,numberOfRobotsOnWhiteSite
12170,28,16
timeStep,numberOfRobotsOnBlackSite,numberOfRobotsOnWhiteSite
12171,28,16
timeStep,numberOfRobotsOnBlackSite,numberOfRobotsOnWhiteSite
12172,28,16
timeStep,numberOfRobotsOnBlackSite,numberOfRobotsOnWhiteSite
12173,28,16
timeStep,numberOfRobotsOnBlackSite,numberOfRobotsOnWhiteSite
12174,28,16
timeStep,numberOfRobotsOnBlackSite,numberOfRobotsOnWhiteSite
12175,28,16
timeStep,numberOfRobotsOnBlackSite,numberOfRobotsOnWhiteSite
12176,28,16
timeStep,numberOfRobotsOnBlackSite,numberOfRobotsOnWhiteSite
12177,28,16
timeStep,numberOfRobotsOnBlackSite,numberOfRobotsOnWhiteSite
12178,28,16
timeStep,numberOfRobotsOnBlackSite,numberOfRobotsOnWhiteSite
12179,28,16
timeStep,numberOfRobotsOnBlackSite,numberOfRobotsOnWhiteSite
12180,28,16
timeStep,numberOfRobotsOnBlackSite,numberOfRobotsOnWhiteSite
12181,28,16
timeStep,numberOfRobotsOnBlackSite,numberOfRobotsOnWhiteSite
12182,28,16
timeStep,numberOfRobotsOnBlackSite,numberOfRobotsOnWhiteSite
12183,28,16
timeStep,numberOfRobotsOnBlackSite,numberOfRobotsOnWhiteSite
12184,28,16
timeStep,numberOfRobotsOnBlackSite,numberOfRobotsOnWhiteSite
12185,28,16
timeStep,numberOfRobotsOnBlackSite,numberOfRobotsOnWhiteSite
12186,28,16
timeStep,numberOfRobotsOnBlackSite,numberOfRobotsOnWhiteSite
12187,28,16
timeStep,numberOfRobotsOnBlackSite,numberOfRobotsOnWhiteSite
12188,28,16
timeStep,numberOfRobotsOnBlackSite,numberOfRobotsOnWhiteSite
12189,28,16
timeStep,numberOfRobotsOnBlackSite,numberOfRobotsOnWhiteSite
12190,28,16
timeStep,numberOfRobotsOnBlackSite,numberOfRobotsOnWhiteSite
12191,28,16
timeStep,numberOfRobotsOnBlackSite,numberOfRobotsOnWhiteSite
12192,28,16
timeStep,numberOfRobotsOnBlackSite,numberOfRobotsOnWhiteSite
12193,28,16
timeStep,numberOfRobotsOnBlackSite,numberOfRobotsOnWhiteSite
12194,28,16
timeStep,numberOfRobotsOnBlackSite,numberOfRobotsOnWhiteSite
12195,28,15
timeStep,numberOfRobotsOnBlackSite,numberOfRobotsOnWhiteSite
12196,28,15
timeStep,numberOfRobotsOnBlackSite,numberOfRobotsOnWhiteSite
12197,28,15
timeStep,numberOfRobotsOnBlackSite,numberOfRobotsOnWhiteSite
12198,28,15
timeStep,numberOfRobotsOnBlackSite,numberOfRobotsOnWhiteSite
12199,28,15
timeStep,numberOfRobotsOnBlackSite,numberOfRobotsOnWhiteSite
12200,28,15
timeStep,numberOfRobotsOnBlackSite,numberOfRobotsOnWhiteSite
12201,28,15
timeStep,numberOfRobotsOnBlackSite,numberOfRobotsOnWhiteSite
12202,28,15
timeStep,numberOfRobotsOnBlackSite,numberOfRobotsOnWhiteSite
12203,28,15
timeStep,numberOfRobotsOnBlackSite,numberOfRobotsOnWhiteSite
12204,28,15
timeStep,numberOfRobotsOnBlackSite,numberOfRobotsOnWhiteSite
12205,28,15
timeStep,numberOfRobotsOnBlackSite,numberOfRobotsOnWhiteSite
12206,28,15
timeStep,numberOfRobotsOnBlackSite,numberOfRobotsOnWhiteSite
12207,28,15
timeStep,numberOfRobotsOnBlackSite,numberOfRobotsOnWhiteSite
12208,28,15
timeStep,numberOfRobotsOnBlackSite,numberOfRobotsOnWhiteSite
12209,28,15
timeStep,numberOfRobotsOnBlackSite,numberOfRobotsOnWhiteSite
12210,28,15
timeStep,numberOfRobotsOnBlackSite,numberOfRobotsOnWhiteSite
12211,28,15
timeStep,numberOfRobotsOnBlackSite,numberOfRobotsOnWhiteSite
12212,28,15
timeStep,numberOfRobotsOnBlackSite,numberOfRobotsOnWhiteSite
12213,28,15
timeStep,numberOfRobotsOnBlackSite,numberOfRobotsOnWhiteSite
12214,28,15
timeStep,numberOfRobotsOnBlackSite,numberOfRobotsOnWhiteSite
12215,28,15
timeStep,numberOfRobotsOnBlackSite,numberOfRobotsOnWhiteSite
12216,28,15
timeStep,numberOfRobotsOnBlackSite,numberOfRobotsOnWhiteSite
12217,28,15
timeStep,numberOfRobotsOnBlackSite,numberOfRobotsOnWhiteSite
12218,28,15
timeStep,numberOfRobotsOnBlackSite,numberOfRobotsOnWhiteSite
12219,28,15
timeStep,numberOfRobotsOnBlackSite,numberOfRobotsOnWhiteSite
12220,28,15
timeStep,numberOfRobotsOnBlackSite,numberOfRobotsOnWhiteSite
12221,28,15
timeStep,numberOfRobotsOnBlackSite,numberOfRobotsOnWhiteSite
12222,28,15
timeStep,numberOfRobotsOnBlackSite,numberOfRobotsOnWhiteSite
12223,28,15
timeStep,numberOfRobotsOnBlackSite,numberOfRobotsOnWhiteSite
12224,28,15
timeStep,numberOfRobotsOnBlackSite,numberOfRobotsOnWhiteSite
12225,28,15
timeStep,numberOfRobotsOnBlackSite,numberOfRobotsOnWhiteSite
12226,28,15
timeStep,numberOfRobotsOnBlackSite,numberOfRobotsOnWhiteSite
12227,28,15
timeStep,numberOfRobotsOnBlackSite,numberOfRobotsOnWhiteSite
12228,28,15
timeStep,numberOfRobotsOnBlackSite,numberOfRobotsOnWhiteSite
12229,28,15
timeStep,numberOfRobotsOnBlackSite,numberOfRobotsOnWhiteSite
12230,28,15
timeStep,numberOfRobotsOnBlackSite,numberOfRobotsOnWhiteSite
12231,28,15
timeStep,numberOfRobotsOnBlackSite,numberOfRobotsOnWhiteSite
12232,28,15
timeStep,numberOfRobotsOnBlackSite,numberOfRobotsOnWhiteSite
12233,28,15
timeStep,numberOfRobotsOnBlackSite,numberOfRobotsOnWhiteSite
12234,28,15
timeStep,numberOfRobotsOnBlackSite,numberOfRobotsOnWhiteSite
12235,28,15
timeStep,numberOfRobotsOnBlackSite,numberOfRobotsOnWhiteSite
12236,28,15
timeStep,numberOfRobotsOnBlackSite,numberOfRobotsOnWhiteSite
12237,28,15
timeStep,numberOfRobotsOnBlackSite,numberOfRobotsOnWhiteSite
12238,28,15
timeStep,numberOfRobotsOnBlackSite,numberOfRobotsOnWhiteSite
12239,28,15
timeStep,numberOfRobotsOnBlackSite,numberOfRobotsOnWhiteSite
12240,28,15
timeStep,numberOfRobotsOnBlackSite,numberOfRobotsOnWhiteSite
12241,28,15
timeStep,numberOfRobotsOnBlackSite,numberOfRobotsOnWhiteSite
12242,28,15
timeStep,numberOfRobotsOnBlackSite,numberOfRobotsOnWhiteSite
12243,28,15
timeStep,numberOfRobotsOnBlackSite,numberOfRobotsOnWhiteSite
12244,28,15
timeStep,numberOfRobotsOnBlackSite,numberOfRobotsOnWhiteSite
12245,28,15
timeStep,numberOfRobotsOnBlackSite,numberOfRobotsOnWhiteSite
12246,28,15
timeStep,numberOfRobotsOnBlackSite,numberOfRobotsOnWhiteSite
12247,28,15
timeStep,numberOfRobotsOnBlackSite,numberOfRobotsOnWhiteSite
12248,28,15
timeStep,numberOfRobotsOnBlackSite,numberOfRobotsOnWhiteSite
12249,28,15
timeStep,numberOfRobotsOnBlackSite,numberOfRobotsOnWhiteSite
12250,28,15
timeStep,numberOfRobotsOnBlackSite,numberOfRobotsOnWhiteSite
12251,28,15
timeStep,numberOfRobotsOnBlackSite,numberOfRobotsOnWhiteSite
12252,28,15
timeStep,numberOfRobotsOnBlackSite,numberOfRobotsOnWhiteSite
12253,28,15
timeStep,numberOfRobotsOnBlackSite,numberOfRobotsOnWhiteSite
12254,28,15
timeStep,numberOfRobotsOnBlackSite,numberOfRobotsOnWhiteSite
12255,28,15
timeStep,numberOfRobotsOnBlackSite,numberOfRobotsOnWhiteSite
12256,28,15
timeStep,numberOfRobotsOnBlackSite,numberOfRobotsOnWhiteSite
12257,28,15
timeStep,numberOfRobotsOnBlackSite,numberOfRobotsOnWhiteSite
12258,28,15
timeStep,numberOfRobotsOnBlackSite,numberOfRobotsOnWhiteSite
12259,28,15
timeStep,numberOfRobotsOnBlackSite,numberOfRobotsOnWhiteSite
12260,28,15
timeStep,numberOfRobotsOnBlackSite,numberOfRobotsOnWhiteSite
12261,28,15
timeStep,numberOfRobotsOnBlackSite,numberOfRobotsOnWhiteSite
12262,28,15
timeStep,numberOfRobotsOnBlackSite,numberOfRobotsOnWhiteSite
12263,28,15
timeStep,numberOfRobotsOnBlackSite,numberOfRobotsOnWhiteSite
12264,28,15
timeStep,numberOfRobotsOnBlackSite,numberOfRobotsOnWhiteSite
12265,28,16
timeStep,numberOfRobotsOnBlackSite,numberOfRobotsOnWhiteSite
12266,28,16
timeStep,numberOfRobotsOnBlackSite,numberOfRobotsOnWhiteSite
12267,28,16
timeStep,numberOfRobotsOnBlackSite,numberOfRobotsOnWhiteSite
12268,28,16
timeStep,numberOfRobotsOnBlackSite,numberOfRobotsOnWhiteSite
12269,28,16
timeStep,numberOfRobotsOnBlackSite,numberOfRobotsOnWhiteSite
12270,28,15
timeStep,numberOfRobotsOnBlackSite,numberOfRobotsOnWhiteSite
12271,28,15
timeStep,numberOfRobotsOnBlackSite,numberOfRobotsOnWhiteSite
12272,28,15
timeStep,numberOfRobotsOnBlackSite,numberOfRobotsOnWhiteSite
12273,28,15
timeStep,numberOfRobotsOnBlackSite,numberOfRobotsOnWhiteSite
12274,28,15
timeStep,numberOfRobotsOnBlackSite,numberOfRobotsOnWhiteSite
12275,28,15
timeStep,numberOfRobotsOnBlackSite,numberOfRobotsOnWhiteSite
12276,28,15
timeStep,numberOfRobotsOnBlackSite,numberOfRobotsOnWhiteSite
12277,28,15
timeStep,numberOfRobotsOnBlackSite,numberOfRobotsOnWhiteSite
12278,28,15
timeStep,numberOfRobotsOnBlackSite,numberOfRobotsOnWhiteSite
12279,28,15
timeStep,numberOfRobotsOnBlackSite,numberOfRobotsOnWhiteSite
12280,28,15
timeStep,numberOfRobotsOnBlackSite,numberOfRobotsOnWhiteSite
12281,28,15
timeStep,numberOfRobotsOnBlackSite,numberOfRobotsOnWhiteSite
12282,28,15
timeStep,numberOfRobotsOnBlackSite,numberOfRobotsOnWhiteSite
12283,28,15
timeStep,numberOfRobotsOnBlackSite,numberOfRobotsOnWhiteSite
12284,28,15
timeStep,numberOfRobotsOnBlackSite,numberOfRobotsOnWhiteSite
12285,28,15
timeStep,numberOfRobotsOnBlackSite,numberOfRobotsOnWhiteSite
12286,28,15
timeStep,numberOfRobotsOnBlackSite,numberOfRobotsOnWhiteSite
12287,28,15
timeStep,numberOfRobotsOnBlackSite,numberOfRobotsOnWhiteSite
12288,28,15
timeStep,numberOfRobotsOnBlackSite,numberOfRobotsOnWhiteSite
12289,28,15
timeStep,numberOfRobotsOnBlackSite,numberOfRobotsOnWhiteSite
12290,28,15
timeStep,numberOfRobotsOnBlackSite,numberOfRobotsOnWhiteSite
12291,28,15
timeStep,numberOfRobotsOnBlackSite,numberOfRobotsOnWhiteSite
12292,28,15
timeStep,numberOfRobotsOnBlackSite,numberOfRobotsOnWhiteSite
12293,28,15
timeStep,numberOfRobotsOnBlackSite,numberOfRobotsOnWhiteSite
12294,28,15
timeStep,numberOfRobotsOnBlackSite,numberOfRobotsOnWhiteSite
12295,28,15
timeStep,numberOfRobotsOnBlackSite,numberOfRobotsOnWhiteSite
12296,28,15
timeStep,numberOfRobotsOnBlackSite,numberOfRobotsOnWhiteSite
12297,28,15
timeStep,numberOfRobotsOnBlackSite,numberOfRobotsOnWhiteSite
12298,28,15
timeStep,numberOfRobotsOnBlackSite,numberOfRobotsOnWhiteSite
12299,28,15
timeStep,numberOfRobotsOnBlackSite,numberOfRobotsOnWhiteSite
12300,28,16
timeStep,numberOfRobotsOnBlackSite,numberOfRobotsOnWhiteSite
12301,28,16
timeStep,numberOfRobotsOnBlackSite,numberOfRobotsOnWhiteSite
12302,28,16
timeStep,numberOfRobotsOnBlackSite,numberOfRobotsOnWhiteSite
12303,28,16
timeStep,numberOfRobotsOnBlackSite,numberOfRobotsOnWhiteSite
12304,28,16
timeStep,numberOfRobotsOnBlackSite,numberOfRobotsOnWhiteSite
12305,28,15
timeStep,numberOfRobotsOnBlackSite,numberOfRobotsOnWhiteSite
12306,28,15
timeStep,numberOfRobotsOnBlackSite,numberOfRobotsOnWhiteSite
12307,28,15
timeStep,numberOfRobotsOnBlackSite,numberOfRobotsOnWhiteSite
12308,28,15
timeStep,numberOfRobotsOnBlackSite,numberOfRobotsOnWhiteSite
12309,28,15
timeStep,numberOfRobotsOnBlackSite,numberOfRobotsOnWhiteSite
12310,28,15
timeStep,numberOfRobotsOnBlackSite,numberOfRobotsOnWhiteSite
12311,28,15
timeStep,numberOfRobotsOnBlackSite,numberOfRobotsOnWhiteSite
12312,28,15
timeStep,numberOfRobotsOnBlackSite,numberOfRobotsOnWhiteSite
12313,28,15
timeStep,numberOfRobotsOnBlackSite,numberOfRobotsOnWhiteSite
12314,28,15
timeStep,numberOfRobotsOnBlackSite,numberOfRobotsOnWhiteSite
12315,28,15
timeStep,numberOfRobotsOnBlackSite,numberOfRobotsOnWhiteSite
12316,28,15
timeStep,numberOfRobotsOnBlackSite,numberOfRobotsOnWhiteSite
12317,28,15
timeStep,numberOfRobotsOnBlackSite,numberOfRobotsOnWhiteSite
12318,28,15
timeStep,numberOfRobotsOnBlackSite,numberOfRobotsOnWhiteSite
12319,28,15
timeStep,numberOfRobotsOnBlackSite,numberOfRobotsOnWhiteSite
12320,28,15
timeStep,numberOfRobotsOnBlackSite,numberOfRobotsOnWhiteSite
12321,28,15
timeStep,numberOfRobotsOnBlackSite,numberOfRobotsOnWhiteSite
12322,28,15
timeStep,numberOfRobotsOnBlackSite,numberOfRobotsOnWhiteSite
12323,28,15
timeStep,numberOfRobotsOnBlackSite,numberOfRobotsOnWhiteSite
12324,28,15
timeStep,numberOfRobotsOnBlackSite,numberOfRobotsOnWhiteSite
12325,28,15
timeStep,numberOfRobotsOnBlackSite,numberOfRobotsOnWhiteSite
12326,28,15
timeStep,numberOfRobotsOnBlackSite,numberOfRobotsOnWhiteSite
12327,28,15
timeStep,numberOfRobotsOnBlackSite,numberOfRobotsOnWhiteSite
12328,28,15
timeStep,numberOfRobotsOnBlackSite,numberOfRobotsOnWhiteSite
12329,28,15
timeStep,numberOfRobotsOnBlackSite,numberOfRobotsOnWhiteSite
12330,28,15
timeStep,numberOfRobotsOnBlackSite,numberOfRobotsOnWhiteSite
12331,28,15
timeStep,numberOfRobotsOnBlackSite,numberOfRobotsOnWhiteSite
12332,28,15
timeStep,numberOfRobotsOnBlackSite,numberOfRobotsOnWhiteSite
12333,28,15
timeStep,numberOfRobotsOnBlackSite,numberOfRobotsOnWhiteSite
12334,28,15
timeStep,numberOfRobotsOnBlackSite,numberOfRobotsOnWhiteSite
12335,27,15
timeStep,numberOfRobotsOnBlackSite,numberOfRobotsOnWhiteSite
12336,27,15
timeStep,numberOfRobotsOnBlackSite,numberOfRobotsOnWhiteSite
12337,27,15
timeStep,numberOfRobotsOnBlackSite,numberOfRobotsOnWhiteSite
12338,27,15
timeStep,numberOfRobotsOnBlackSite,numberOfRobotsOnWhiteSite
12339,27,15
timeStep,numberOfRobotsOnBlackSite,numberOfRobotsOnWhiteSite
12340,27,15
timeStep,numberOfRobotsOnBlackSite,numberOfRobotsOnWhiteSite
12341,27,15
timeStep,numberOfRobotsOnBlackSite,numberOfRobotsOnWhiteSite
12342,27,15
timeStep,numberOfRobotsOnBlackSite,numberOfRobotsOnWhiteSite
12343,27,15
timeStep,numberOfRobotsOnBlackSite,numberOfRobotsOnWhiteSite
12344,27,15
timeStep,numberOfRobotsOnBlackSite,numberOfRobotsOnWhiteSite
12345,27,15
timeStep,numberOfRobotsOnBlackSite,numberOfRobotsOnWhiteSite
12346,27,15
timeStep,numberOfRobotsOnBlackSite,numberOfRobotsOnWhiteSite
12347,27,15
timeStep,numberOfRobotsOnBlackSite,numberOfRobotsOnWhiteSite
12348,27,15
timeStep,numberOfRobotsOnBlackSite,numberOfRobotsOnWhiteSite
12349,27,15
timeStep,numberOfRobotsOnBlackSite,numberOfRobotsOnWhiteSite
12350,27,15
timeStep,numberOfRobotsOnBlackSite,numberOfRobotsOnWhiteSite
12351,27,15
timeStep,numberOfRobotsOnBlackSite,numberOfRobotsOnWhiteSite
12352,27,15
timeStep,numberOfRobotsOnBlackSite,numberOfRobotsOnWhiteSite
12353,27,15
timeStep,numberOfRobotsOnBlackSite,numberOfRobotsOnWhiteSite
12354,27,15
timeStep,numberOfRobotsOnBlackSite,numberOfRobotsOnWhiteSite
12355,27,15
timeStep,numberOfRobotsOnBlackSite,numberOfRobotsOnWhiteSite
12356,27,15
timeStep,numberOfRobotsOnBlackSite,numberOfRobotsOnWhiteSite
12357,27,15
timeStep,numberOfRobotsOnBlackSite,numberOfRobotsOnWhiteSite
12358,27,15
timeStep,numberOfRobotsOnBlackSite,numberOfRobotsOnWhiteSite
12359,27,15
timeStep,numberOfRobotsOnBlackSite,numberOfRobotsOnWhiteSite
12360,27,15
timeStep,numberOfRobotsOnBlackSite,numberOfRobotsOnWhiteSite
12361,27,15
timeStep,numberOfRobotsOnBlackSite,numberOfRobotsOnWhiteSite
12362,27,15
timeStep,numberOfRobotsOnBlackSite,numberOfRobotsOnWhiteSite
12363,27,15
timeStep,numberOfRobotsOnBlackSite,numberOfRobotsOnWhiteSite
12364,27,15
timeStep,numberOfRobotsOnBlackSite,numberOfRobotsOnWhiteSite
12365,27,15
timeStep,numberOfRobotsOnBlackSite,numberOfRobotsOnWhiteSite
12366,27,15
timeStep,numberOfRobotsOnBlackSite,numberOfRobotsOnWhiteSite
12367,27,15
timeStep,numberOfRobotsOnBlackSite,numberOfRobotsOnWhiteSite
12368,27,15
timeStep,numberOfRobotsOnBlackSite,numberOfRobotsOnWhiteSite
12369,27,15
timeStep,numberOfRobotsOnBlackSite,numberOfRobotsOnWhiteSite
12370,27,15
timeStep,numberOfRobotsOnBlackSite,numberOfRobotsOnWhiteSite
12371,27,15
timeStep,numberOfRobotsOnBlackSite,numberOfRobotsOnWhiteSite
12372,27,15
timeStep,numberOfRobotsOnBlackSite,numberOfRobotsOnWhiteSite
12373,27,15
timeStep,numberOfRobotsOnBlackSite,numberOfRobotsOnWhiteSite
12374,27,15
timeStep,numberOfRobotsOnBlackSite,numberOfRobotsOnWhiteSite
12375,27,15
timeStep,numberOfRobotsOnBlackSite,numberOfRobotsOnWhiteSite
12376,27,15
timeStep,numberOfRobotsOnBlackSite,numberOfRobotsOnWhiteSite
12377,27,15
timeStep,numberOfRobotsOnBlackSite,numberOfRobotsOnWhiteSite
12378,27,15
timeStep,numberOfRobotsOnBlackSite,numberOfRobotsOnWhiteSite
12379,27,15
timeStep,numberOfRobotsOnBlackSite,numberOfRobotsOnWhiteSite
12380,26,14
timeStep,numberOfRobotsOnBlackSite,numberOfRobotsOnWhiteSite
12381,26,14
timeStep,numberOfRobotsOnBlackSite,numberOfRobotsOnWhiteSite
12382,26,14
timeStep,numberOfRobotsOnBlackSite,numberOfRobotsOnWhiteSite
12383,26,14
timeStep,numberOfRobotsOnBlackSite,numberOfRobotsOnWhiteSite
12384,26,14
timeStep,numberOfRobotsOnBlackSite,numberOfRobotsOnWhiteSite
12385,26,14
timeStep,numberOfRobotsOnBlackSite,numberOfRobotsOnWhiteSite
12386,26,14
timeStep,numberOfRobotsOnBlackSite,numberOfRobotsOnWhiteSite
12387,26,14
timeStep,numberOfRobotsOnBlackSite,numberOfRobotsOnWhiteSite
12388,26,14
timeStep,numberOfRobotsOnBlackSite,numberOfRobotsOnWhiteSite
12389,26,14
timeStep,numberOfRobotsOnBlackSite,numberOfRobotsOnWhiteSite
12390,26,14
timeStep,numberOfRobotsOnBlackSite,numberOfRobotsOnWhiteSite
12391,26,14
timeStep,numberOfRobotsOnBlackSite,numberOfRobotsOnWhiteSite
12392,26,14
timeStep,numberOfRobotsOnBlackSite,numberOfRobotsOnWhiteSite
12393,26,14
timeStep,numberOfRobotsOnBlackSite,numberOfRobotsOnWhiteSite
12394,26,14
timeStep,numberOfRobotsOnBlackSite,numberOfRobotsOnWhiteSite
12395,26,14
timeStep,numberOfRobotsOnBlackSite,numberOfRobotsOnWhiteSite
12396,26,14
timeStep,numberOfRobotsOnBlackSite,numberOfRobotsOnWhiteSite
12397,26,14
timeStep,numberOfRobotsOnBlackSite,numberOfRobotsOnWhiteSite
12398,26,14
timeStep,numberOfRobotsOnBlackSite,numberOfRobotsOnWhiteSite
12399,26,14
timeStep,numberOfRobotsOnBlackSite,numberOfRobotsOnWhiteSite
12400,26,14
timeStep,numberOfRobotsOnBlackSite,numberOfRobotsOnWhiteSite
12401,26,14
timeStep,numberOfRobotsOnBlackSite,numberOfRobotsOnWhiteSite
12402,26,14
timeStep,numberOfRobotsOnBlackSite,numberOfRobotsOnWhiteSite
12403,26,14
timeStep,numberOfRobotsOnBlackSite,numberOfRobotsOnWhiteSite
12404,26,14
timeStep,numberOfRobotsOnBlackSite,numberOfRobotsOnWhiteSite
12405,26,13
timeStep,numberOfRobotsOnBlackSite,numberOfRobotsOnWhiteSite
12406,26,13
timeStep,numberOfRobotsOnBlackSite,numberOfRobotsOnWhiteSite
12407,26,13
timeStep,numberOfRobotsOnBlackSite,numberOfRobotsOnWhiteSite
12408,26,13
timeStep,numberOfRobotsOnBlackSite,numberOfRobotsOnWhiteSite
12409,26,13
timeStep,numberOfRobotsOnBlackSite,numberOfRobotsOnWhiteSite
12410,26,13
timeStep,numberOfRobotsOnBlackSite,numberOfRobotsOnWhiteSite
12411,26,13
timeStep,numberOfRobotsOnBlackSite,numberOfRobotsOnWhiteSite
12412,26,13
timeStep,numberOfRobotsOnBlackSite,numberOfRobotsOnWhiteSite
12413,26,13
timeStep,numberOfRobotsOnBlackSite,numberOfRobotsOnWhiteSite
12414,26,13
timeStep,numberOfRobotsOnBlackSite,numberOfRobotsOnWhiteSite
12415,26,13
timeStep,numberOfRobotsOnBlackSite,numberOfRobotsOnWhiteSite
12416,26,13
timeStep,numberOfRobotsOnBlackSite,numberOfRobotsOnWhiteSite
12417,26,13
timeStep,numberOfRobotsOnBlackSite,numberOfRobotsOnWhiteSite
12418,26,13
timeStep,numberOfRobotsOnBlackSite,numberOfRobotsOnWhiteSite
12419,26,13
timeStep,numberOfRobotsOnBlackSite,numberOfRobotsOnWhiteSite
12420,26,13
timeStep,numberOfRobotsOnBlackSite,numberOfRobotsOnWhiteSite
12421,26,13
timeStep,numberOfRobotsOnBlackSite,numberOfRobotsOnWhiteSite
12422,26,13
timeStep,numberOfRobotsOnBlackSite,numberOfRobotsOnWhiteSite
12423,26,13
timeStep,numberOfRobotsOnBlackSite,numberOfRobotsOnWhiteSite
12424,26,13
timeStep,numberOfRobotsOnBlackSite,numberOfRobotsOnWhiteSite
12425,26,13
timeStep,numberOfRobotsOnBlackSite,numberOfRobotsOnWhiteSite
12426,26,13
timeStep,numberOfRobotsOnBlackSite,numberOfRobotsOnWhiteSite
12427,26,13
timeStep,numberOfRobotsOnBlackSite,numberOfRobotsOnWhiteSite
12428,26,13
timeStep,numberOfRobotsOnBlackSite,numberOfRobotsOnWhiteSite
12429,26,13
timeStep,numberOfRobotsOnBlackSite,numberOfRobotsOnWhiteSite
12430,26,13
timeStep,numberOfRobotsOnBlackSite,numberOfRobotsOnWhiteSite
12431,26,13
timeStep,numberOfRobotsOnBlackSite,numberOfRobotsOnWhiteSite
12432,26,13
timeStep,numberOfRobotsOnBlackSite,numberOfRobotsOnWhiteSite
12433,26,13
timeStep,numberOfRobotsOnBlackSite,numberOfRobotsOnWhiteSite
12434,26,13
timeStep,numberOfRobotsOnBlackSite,numberOfRobotsOnWhiteSite
12435,26,13
timeStep,numberOfRobotsOnBlackSite,numberOfRobotsOnWhiteSite
12436,26,13
timeStep,numberOfRobotsOnBlackSite,numberOfRobotsOnWhiteSite
12437,26,13
timeStep,numberOfRobotsOnBlackSite,numberOfRobotsOnWhiteSite
12438,26,13
timeStep,numberOfRobotsOnBlackSite,numberOfRobotsOnWhiteSite
12439,26,13
timeStep,numberOfRobotsOnBlackSite,numberOfRobotsOnWhiteSite
12440,26,13
timeStep,numberOfRobotsOnBlackSite,numberOfRobotsOnWhiteSite
12441,26,13
timeStep,numberOfRobotsOnBlackSite,numberOfRobotsOnWhiteSite
12442,26,13
timeStep,numberOfRobotsOnBlackSite,numberOfRobotsOnWhiteSite
12443,26,13
timeStep,numberOfRobotsOnBlackSite,numberOfRobotsOnWhiteSite
12444,26,13
timeStep,numberOfRobotsOnBlackSite,numberOfRobotsOnWhiteSite
12445,26,13
timeStep,numberOfRobotsOnBlackSite,numberOfRobotsOnWhiteSite
12446,26,13
timeStep,numberOfRobotsOnBlackSite,numberOfRobotsOnWhiteSite
12447,26,13
timeStep,numberOfRobotsOnBlackSite,numberOfRobotsOnWhiteSite
12448,26,13
timeStep,numberOfRobotsOnBlackSite,numberOfRobotsOnWhiteSite
12449,26,13
timeStep,numberOfRobotsOnBlackSite,numberOfRobotsOnWhiteSite
12450,26,13
timeStep,numberOfRobotsOnBlackSite,numberOfRobotsOnWhiteSite
12451,26,13
timeStep,numberOfRobotsOnBlackSite,numberOfRobotsOnWhiteSite
12452,26,13
timeStep,numberOfRobotsOnBlackSite,numberOfRobotsOnWhiteSite
12453,26,13
timeStep,numberOfRobotsOnBlackSite,numberOfRobotsOnWhiteSite
12454,26,13
timeStep,numberOfRobotsOnBlackSite,numberOfRobotsOnWhiteSite
12455,26,13
timeStep,numberOfRobotsOnBlackSite,numberOfRobotsOnWhiteSite
12456,26,13
timeStep,numberOfRobotsOnBlackSite,numberOfRobotsOnWhiteSite
12457,26,13
timeStep,numberOfRobotsOnBlackSite,numberOfRobotsOnWhiteSite
12458,26,13
timeStep,numberOfRobotsOnBlackSite,numberOfRobotsOnWhiteSite
12459,26,13
timeStep,numberOfRobotsOnBlackSite,numberOfRobotsOnWhiteSite
12460,26,13
timeStep,numberOfRobotsOnBlackSite,numberOfRobotsOnWhiteSite
12461,26,13
timeStep,numberOfRobotsOnBlackSite,numberOfRobotsOnWhiteSite
12462,26,13
timeStep,numberOfRobotsOnBlackSite,numberOfRobotsOnWhiteSite
12463,26,13
timeStep,numberOfRobotsOnBlackSite,numberOfRobotsOnWhiteSite
12464,26,13
timeStep,numberOfRobotsOnBlackSite,numberOfRobotsOnWhiteSite
12465,26,13
timeStep,numberOfRobotsOnBlackSite,numberOfRobotsOnWhiteSite
12466,26,13
timeStep,numberOfRobotsOnBlackSite,numberOfRobotsOnWhiteSite
12467,26,13
timeStep,numberOfRobotsOnBlackSite,numberOfRobotsOnWhiteSite
12468,26,13
timeStep,numberOfRobotsOnBlackSite,numberOfRobotsOnWhiteSite
12469,26,13
timeStep,numberOfRobotsOnBlackSite,numberOfRobotsOnWhiteSite
12470,26,13
timeStep,numberOfRobotsOnBlackSite,numberOfRobotsOnWhiteSite
12471,26,13
timeStep,numberOfRobotsOnBlackSite,numberOfRobotsOnWhiteSite
12472,26,13
timeStep,numberOfRobotsOnBlackSite,numberOfRobotsOnWhiteSite
12473,26,13
timeStep,numberOfRobotsOnBlackSite,numberOfRobotsOnWhiteSite
12474,26,13
timeStep,numberOfRobotsOnBlackSite,numberOfRobotsOnWhiteSite
12475,26,13
timeStep,numberOfRobotsOnBlackSite,numberOfRobotsOnWhiteSite
12476,26,13
timeStep,numberOfRobotsOnBlackSite,numberOfRobotsOnWhiteSite
12477,26,13
timeStep,numberOfRobotsOnBlackSite,numberOfRobotsOnWhiteSite
12478,26,13
timeStep,numberOfRobotsOnBlackSite,numberOfRobotsOnWhiteSite
12479,26,13
timeStep,numberOfRobotsOnBlackSite,numberOfRobotsOnWhiteSite
12480,26,13
timeStep,numberOfRobotsOnBlackSite,numberOfRobotsOnWhiteSite
12481,26,13
timeStep,numberOfRobotsOnBlackSite,numberOfRobotsOnWhiteSite
12482,26,13
timeStep,numberOfRobotsOnBlackSite,numberOfRobotsOnWhiteSite
12483,26,13
timeStep,numberOfRobotsOnBlackSite,numberOfRobotsOnWhiteSite
12484,26,13
timeStep,numberOfRobotsOnBlackSite,numberOfRobotsOnWhiteSite
12485,26,13
timeStep,numberOfRobotsOnBlackSite,numberOfRobotsOnWhiteSite
12486,26,13
timeStep,numberOfRobotsOnBlackSite,numberOfRobotsOnWhiteSite
12487,26,13
timeStep,numberOfRobotsOnBlackSite,numberOfRobotsOnWhiteSite
12488,26,13
timeStep,numberOfRobotsOnBlackSite,numberOfRobotsOnWhiteSite
12489,26,13
timeStep,numberOfRobotsOnBlackSite,numberOfRobotsOnWhiteSite
12490,26,13
timeStep,numberOfRobotsOnBlackSite,numberOfRobotsOnWhiteSite
12491,26,13
timeStep,numberOfRobotsOnBlackSite,numberOfRobotsOnWhiteSite
12492,26,13
timeStep,numberOfRobotsOnBlackSite,numberOfRobotsOnWhiteSite
12493,26,13
timeStep,numberOfRobotsOnBlackSite,numberOfRobotsOnWhiteSite
12494,26,13
timeStep,numberOfRobotsOnBlackSite,numberOfRobotsOnWhiteSite
12495,26,13
timeStep,numberOfRobotsOnBlackSite,numberOfRobotsOnWhiteSite
12496,26,13
timeStep,numberOfRobotsOnBlackSite,numberOfRobotsOnWhiteSite
12497,26,13
timeStep,numberOfRobotsOnBlackSite,numberOfRobotsOnWhiteSite
12498,26,13
timeStep,numberOfRobotsOnBlackSite,numberOfRobotsOnWhiteSite
12499,26,13
timeStep,numberOfRobotsOnBlackSite,numberOfRobotsOnWhiteSite
12500,26,13
timeStep,numberOfRobotsOnBlackSite,numberOfRobotsOnWhiteSite
12501,26,13
timeStep,numberOfRobotsOnBlackSite,numberOfRobotsOnWhiteSite
12502,26,13
timeStep,numberOfRobotsOnBlackSite,numberOfRobotsOnWhiteSite
12503,26,13
timeStep,numberOfRobotsOnBlackSite,numberOfRobotsOnWhiteSite
12504,26,13
timeStep,numberOfRobotsOnBlackSite,numberOfRobotsOnWhiteSite
12505,26,13
timeStep,numberOfRobotsOnBlackSite,numberOfRobotsOnWhiteSite
12506,26,13
timeStep,numberOfRobotsOnBlackSite,numberOfRobotsOnWhiteSite
12507,26,13
timeStep,numberOfRobotsOnBlackSite,numberOfRobotsOnWhiteSite
12508,26,13
timeStep,numberOfRobotsOnBlackSite,numberOfRobotsOnWhiteSite
12509,26,13
timeStep,numberOfRobotsOnBlackSite,numberOfRobotsOnWhiteSite
12510,26,13
timeStep,numberOfRobotsOnBlackSite,numberOfRobotsOnWhiteSite
12511,26,13
timeStep,numberOfRobotsOnBlackSite,numberOfRobotsOnWhiteSite
12512,26,13
timeStep,numberOfRobotsOnBlackSite,numberOfRobotsOnWhiteSite
12513,26,13
timeStep,numberOfRobotsOnBlackSite,numberOfRobotsOnWhiteSite
12514,26,13
timeStep,numberOfRobotsOnBlackSite,numberOfRobotsOnWhiteSite
12515,26,13
timeStep,numberOfRobotsOnBlackSite,numberOfRobotsOnWhiteSite
12516,26,13
timeStep,numberOfRobotsOnBlackSite,numberOfRobotsOnWhiteSite
12517,26,13
timeStep,numberOfRobotsOnBlackSite,numberOfRobotsOnWhiteSite
12518,26,13
timeStep,numberOfRobotsOnBlackSite,numberOfRobotsOnWhiteSite
12519,26,13
timeStep,numberOfRobotsOnBlackSite,numberOfRobotsOnWhiteSite
12520,26,13
timeStep,numberOfRobotsOnBlackSite,numberOfRobotsOnWhiteSite
12521,26,13
timeStep,numberOfRobotsOnBlackSite,numberOfRobotsOnWhiteSite
12522,26,13
timeStep,numberOfRobotsOnBlackSite,numberOfRobotsOnWhiteSite
12523,26,13
timeStep,numberOfRobotsOnBlackSite,numberOfRobotsOnWhiteSite
12524,26,13
timeStep,numberOfRobotsOnBlackSite,numberOfRobotsOnWhiteSite
12525,26,13
timeStep,numberOfRobotsOnBlackSite,numberOfRobotsOnWhiteSite
12526,26,13
timeStep,numberOfRobotsOnBlackSite,numberOfRobotsOnWhiteSite
12527,26,13
timeStep,numberOfRobotsOnBlackSite,numberOfRobotsOnWhiteSite
12528,26,13
timeStep,numberOfRobotsOnBlackSite,numberOfRobotsOnWhiteSite
12529,26,13
timeStep,numberOfRobotsOnBlackSite,numberOfRobotsOnWhiteSite
12530,26,13
timeStep,numberOfRobotsOnBlackSite,numberOfRobotsOnWhiteSite
12531,26,13
timeStep,numberOfRobotsOnBlackSite,numberOfRobotsOnWhiteSite
12532,26,13
timeStep,numberOfRobotsOnBlackSite,numberOfRobotsOnWhiteSite
12533,26,13
timeStep,numberOfRobotsOnBlackSite,numberOfRobotsOnWhiteSite
12534,26,13
timeStep,numberOfRobotsOnBlackSite,numberOfRobotsOnWhiteSite
12535,26,13
timeStep,numberOfRobotsOnBlackSite,numberOfRobotsOnWhiteSite
12536,26,13
timeStep,numberOfRobotsOnBlackSite,numberOfRobotsOnWhiteSite
12537,26,13
timeStep,numberOfRobotsOnBlackSite,numberOfRobotsOnWhiteSite
12538,26,13
timeStep,numberOfRobotsOnBlackSite,numberOfRobotsOnWhiteSite
12539,26,13
timeStep,numberOfRobotsOnBlackSite,numberOfRobotsOnWhiteSite
12540,26,13
timeStep,numberOfRobotsOnBlackSite,numberOfRobotsOnWhiteSite
12541,26,13
timeStep,numberOfRobotsOnBlackSite,numberOfRobotsOnWhiteSite
12542,26,13
timeStep,numberOfRobotsOnBlackSite,numberOfRobotsOnWhiteSite
12543,26,13
timeStep,numberOfRobotsOnBlackSite,numberOfRobotsOnWhiteSite
12544,26,13
timeStep,numberOfRobotsOnBlackSite,numberOfRobotsOnWhiteSite
12545,26,13
timeStep,numberOfRobotsOnBlackSite,numberOfRobotsOnWhiteSite
12546,26,13
timeStep,numberOfRobotsOnBlackSite,numberOfRobotsOnWhiteSite
12547,26,13
timeStep,numberOfRobotsOnBlackSite,numberOfRobotsOnWhiteSite
12548,26,13
timeStep,numberOfRobotsOnBlackSite,numberOfRobotsOnWhiteSite
12549,26,13
timeStep,numberOfRobotsOnBlackSite,numberOfRobotsOnWhiteSite
12550,26,13
timeStep,numberOfRobotsOnBlackSite,numberOfRobotsOnWhiteSite
12551,26,13
timeStep,numberOfRobotsOnBlackSite,numberOfRobotsOnWhiteSite
12552,26,13
timeStep,numberOfRobotsOnBlackSite,numberOfRobotsOnWhiteSite
12553,26,13
timeStep,numberOfRobotsOnBlackSite,numberOfRobotsOnWhiteSite
12554,26,13
timeStep,numberOfRobotsOnBlackSite,numberOfRobotsOnWhiteSite
12555,26,13
timeStep,numberOfRobotsOnBlackSite,numberOfRobotsOnWhiteSite
12556,26,13
timeStep,numberOfRobotsOnBlackSite,numberOfRobotsOnWhiteSite
12557,26,13
timeStep,numberOfRobotsOnBlackSite,numberOfRobotsOnWhiteSite
12558,26,13
timeStep,numberOfRobotsOnBlackSite,numberOfRobotsOnWhiteSite
12559,26,13
timeStep,numberOfRobotsOnBlackSite,numberOfRobotsOnWhiteSite
12560,26,13
timeStep,numberOfRobotsOnBlackSite,numberOfRobotsOnWhiteSite
12561,26,13
timeStep,numberOfRobotsOnBlackSite,numberOfRobotsOnWhiteSite
12562,26,13
timeStep,numberOfRobotsOnBlackSite,numberOfRobotsOnWhiteSite
12563,26,13
timeStep,numberOfRobotsOnBlackSite,numberOfRobotsOnWhiteSite
12564,26,13
timeStep,numberOfRobotsOnBlackSite,numberOfRobotsOnWhiteSite
12565,26,13
timeStep,numberOfRobotsOnBlackSite,numberOfRobotsOnWhiteSite
12566,26,13
timeStep,numberOfRobotsOnBlackSite,numberOfRobotsOnWhiteSite
12567,26,13
timeStep,numberOfRobotsOnBlackSite,numberOfRobotsOnWhiteSite
12568,26,13
timeStep,numberOfRobotsOnBlackSite,numberOfRobotsOnWhiteSite
12569,26,13
timeStep,numberOfRobotsOnBlackSite,numberOfRobotsOnWhiteSite
12570,26,13
timeStep,numberOfRobotsOnBlackSite,numberOfRobotsOnWhiteSite
12571,26,13
timeStep,numberOfRobotsOnBlackSite,numberOfRobotsOnWhiteSite
12572,26,13
timeStep,numberOfRobotsOnBlackSite,numberOfRobotsOnWhiteSite
12573,26,13
timeStep,numberOfRobotsOnBlackSite,numberOfRobotsOnWhiteSite
12574,26,13
timeStep,numberOfRobotsOnBlackSite,numberOfRobotsOnWhiteSite
12575,26,13
timeStep,numberOfRobotsOnBlackSite,numberOfRobotsOnWhiteSite
12576,26,13
timeStep,numberOfRobotsOnBlackSite,numberOfRobotsOnWhiteSite
12577,26,13
timeStep,numberOfRobotsOnBlackSite,numberOfRobotsOnWhiteSite
12578,26,13
timeStep,numberOfRobotsOnBlackSite,numberOfRobotsOnWhiteSite
12579,26,13
timeStep,numberOfRobotsOnBlackSite,numberOfRobotsOnWhiteSite
12580,26,14
timeStep,numberOfRobotsOnBlackSite,numberOfRobotsOnWhiteSite
12581,26,14
timeStep,numberOfRobotsOnBlackSite,numberOfRobotsOnWhiteSite
12582,26,14
timeStep,numberOfRobotsOnBlackSite,numberOfRobotsOnWhiteSite
12583,26,14
timeStep,numberOfRobotsOnBlackSite,numberOfRobotsOnWhiteSite
12584,26,14
timeStep,numberOfRobotsOnBlackSite,numberOfRobotsOnWhiteSite
12585,26,14
timeStep,numberOfRobotsOnBlackSite,numberOfRobotsOnWhiteSite
12586,26,14
timeStep,numberOfRobotsOnBlackSite,numberOfRobotsOnWhiteSite
12587,26,14
timeStep,numberOfRobotsOnBlackSite,numberOfRobotsOnWhiteSite
12588,26,14
timeStep,numberOfRobotsOnBlackSite,numberOfRobotsOnWhiteSite
12589,26,14
timeStep,numberOfRobotsOnBlackSite,numberOfRobotsOnWhiteSite
12590,26,14
timeStep,numberOfRobotsOnBlackSite,numberOfRobotsOnWhiteSite
12591,26,14
timeStep,numberOfRobotsOnBlackSite,numberOfRobotsOnWhiteSite
12592,26,14
timeStep,numberOfRobotsOnBlackSite,numberOfRobotsOnWhiteSite
12593,26,14
timeStep,numberOfRobotsOnBlackSite,numberOfRobotsOnWhiteSite
12594,26,14
timeStep,numberOfRobotsOnBlackSite,numberOfRobotsOnWhiteSite
12595,26,14
timeStep,numberOfRobotsOnBlackSite,numberOfRobotsOnWhiteSite
12596,26,14
timeStep,numberOfRobotsOnBlackSite,numberOfRobotsOnWhiteSite
12597,26,14
timeStep,numberOfRobotsOnBlackSite,numberOfRobotsOnWhiteSite
12598,26,14
timeStep,numberOfRobotsOnBlackSite,numberOfRobotsOnWhiteSite
12599,26,14
timeStep,numberOfRobotsOnBlackSite,numberOfRobotsOnWhiteSite
12600,26,14
timeStep,numberOfRobotsOnBlackSite,numberOfRobotsOnWhiteSite
12601,26,14
timeStep,numberOfRobotsOnBlackSite,numberOfRobotsOnWhiteSite
12602,26,14
timeStep,numberOfRobotsOnBlackSite,numberOfRobotsOnWhiteSite
12603,26,14
timeStep,numberOfRobotsOnBlackSite,numberOfRobotsOnWhiteSite
12604,26,14
timeStep,numberOfRobotsOnBlackSite,numberOfRobotsOnWhiteSite
12605,26,15
timeStep,numberOfRobotsOnBlackSite,numberOfRobotsOnWhiteSite
12606,26,15
timeStep,numberOfRobotsOnBlackSite,numberOfRobotsOnWhiteSite
12607,26,15
timeStep,numberOfRobotsOnBlackSite,numberOfRobotsOnWhiteSite
12608,26,15
timeStep,numberOfRobotsOnBlackSite,numberOfRobotsOnWhiteSite
12609,26,15
timeStep,numberOfRobotsOnBlackSite,numberOfRobotsOnWhiteSite
12610,26,15
timeStep,numberOfRobotsOnBlackSite,numberOfRobotsOnWhiteSite
12611,26,15
timeStep,numberOfRobotsOnBlackSite,numberOfRobotsOnWhiteSite
12612,26,15
timeStep,numberOfRobotsOnBlackSite,numberOfRobotsOnWhiteSite
12613,26,15
timeStep,numberOfRobotsOnBlackSite,numberOfRobotsOnWhiteSite
12614,26,15
timeStep,numberOfRobotsOnBlackSite,numberOfRobotsOnWhiteSite
12615,26,15
timeStep,numberOfRobotsOnBlackSite,numberOfRobotsOnWhiteSite
12616,26,15
timeStep,numberOfRobotsOnBlackSite,numberOfRobotsOnWhiteSite
12617,26,15
timeStep,numberOfRobotsOnBlackSite,numberOfRobotsOnWhiteSite
12618,26,15
timeStep,numberOfRobotsOnBlackSite,numberOfRobotsOnWhiteSite
12619,26,15
timeStep,numberOfRobotsOnBlackSite,numberOfRobotsOnWhiteSite
12620,26,14
timeStep,numberOfRobotsOnBlackSite,numberOfRobotsOnWhiteSite
12621,26,14
timeStep,numberOfRobotsOnBlackSite,numberOfRobotsOnWhiteSite
12622,26,14
timeStep,numberOfRobotsOnBlackSite,numberOfRobotsOnWhiteSite
12623,26,14
timeStep,numberOfRobotsOnBlackSite,numberOfRobotsOnWhiteSite
12624,26,14
timeStep,numberOfRobotsOnBlackSite,numberOfRobotsOnWhiteSite
12625,26,14
timeStep,numberOfRobotsOnBlackSite,numberOfRobotsOnWhiteSite
12626,26,14
timeStep,numberOfRobotsOnBlackSite,numberOfRobotsOnWhiteSite
12627,26,14
timeStep,numberOfRobotsOnBlackSite,numberOfRobotsOnWhiteSite
12628,26,14
timeStep,numberOfRobotsOnBlackSite,numberOfRobotsOnWhiteSite
12629,26,14
timeStep,numberOfRobotsOnBlackSite,numberOfRobotsOnWhiteSite
12630,26,14
timeStep,numberOfRobotsOnBlackSite,numberOfRobotsOnWhiteSite
12631,26,14
timeStep,numberOfRobotsOnBlackSite,numberOfRobotsOnWhiteSite
12632,26,14
timeStep,numberOfRobotsOnBlackSite,numberOfRobotsOnWhiteSite
12633,26,14
timeStep,numberOfRobotsOnBlackSite,numberOfRobotsOnWhiteSite
12634,26,14
timeStep,numberOfRobotsOnBlackSite,numberOfRobotsOnWhiteSite
12635,26,14
timeStep,numberOfRobotsOnBlackSite,numberOfRobotsOnWhiteSite
12636,26,14
timeStep,numberOfRobotsOnBlackSite,numberOfRobotsOnWhiteSite
12637,26,14
timeStep,numberOfRobotsOnBlackSite,numberOfRobotsOnWhiteSite
12638,26,14
timeStep,numberOfRobotsOnBlackSite,numberOfRobotsOnWhiteSite
12639,26,14
timeStep,numberOfRobotsOnBlackSite,numberOfRobotsOnWhiteSite
12640,26,14
timeStep,numberOfRobotsOnBlackSite,numberOfRobotsOnWhiteSite
12641,26,14
timeStep,numberOfRobotsOnBlackSite,numberOfRobotsOnWhiteSite
12642,26,14
timeStep,numberOfRobotsOnBlackSite,numberOfRobotsOnWhiteSite
12643,26,14
timeStep,numberOfRobotsOnBlackSite,numberOfRobotsOnWhiteSite
12644,26,14
timeStep,numberOfRobotsOnBlackSite,numberOfRobotsOnWhiteSite
12645,26,14
timeStep,numberOfRobotsOnBlackSite,numberOfRobotsOnWhiteSite
12646,26,14
timeStep,numberOfRobotsOnBlackSite,numberOfRobotsOnWhiteSite
12647,26,14
timeStep,numberOfRobotsOnBlackSite,numberOfRobotsOnWhiteSite
12648,26,14
timeStep,numberOfRobotsOnBlackSite,numberOfRobotsOnWhiteSite
12649,26,14
timeStep,numberOfRobotsOnBlackSite,numberOfRobotsOnWhiteSite
12650,26,14
timeStep,numberOfRobotsOnBlackSite,numberOfRobotsOnWhiteSite
12651,26,14
timeStep,numberOfRobotsOnBlackSite,numberOfRobotsOnWhiteSite
12652,26,14
timeStep,numberOfRobotsOnBlackSite,numberOfRobotsOnWhiteSite
12653,26,14
timeStep,numberOfRobotsOnBlackSite,numberOfRobotsOnWhiteSite
12654,26,14
timeStep,numberOfRobotsOnBlackSite,numberOfRobotsOnWhiteSite
12655,26,14
timeStep,numberOfRobotsOnBlackSite,numberOfRobotsOnWhiteSite
12656,26,14
timeStep,numberOfRobotsOnBlackSite,numberOfRobotsOnWhiteSite
12657,26,14
timeStep,numberOfRobotsOnBlackSite,numberOfRobotsOnWhiteSite
12658,26,14
timeStep,numberOfRobotsOnBlackSite,numberOfRobotsOnWhiteSite
12659,26,14
timeStep,numberOfRobotsOnBlackSite,numberOfRobotsOnWhiteSite
12660,26,14
timeStep,numberOfRobotsOnBlackSite,numberOfRobotsOnWhiteSite
12661,26,14
timeStep,numberOfRobotsOnBlackSite,numberOfRobotsOnWhiteSite
12662,26,14
timeStep,numberOfRobotsOnBlackSite,numberOfRobotsOnWhiteSite
12663,26,14
timeStep,numberOfRobotsOnBlackSite,numberOfRobotsOnWhiteSite
12664,26,14
timeStep,numberOfRobotsOnBlackSite,numberOfRobotsOnWhiteSite
12665,26,14
timeStep,numberOfRobotsOnBlackSite,numberOfRobotsOnWhiteSite
12666,26,14
timeStep,numberOfRobotsOnBlackSite,numberOfRobotsOnWhiteSite
12667,26,14
timeStep,numberOfRobotsOnBlackSite,numberOfRobotsOnWhiteSite
12668,26,14
timeStep,numberOfRobotsOnBlackSite,numberOfRobotsOnWhiteSite
12669,26,14
timeStep,numberOfRobotsOnBlackSite,numberOfRobotsOnWhiteSite
12670,26,14
timeStep,numberOfRobotsOnBlackSite,numberOfRobotsOnWhiteSite
12671,26,14
timeStep,numberOfRobotsOnBlackSite,numberOfRobotsOnWhiteSite
12672,26,14
timeStep,numberOfRobotsOnBlackSite,numberOfRobotsOnWhiteSite
12673,26,14
timeStep,numberOfRobotsOnBlackSite,numberOfRobotsOnWhiteSite
12674,26,14
timeStep,numberOfRobotsOnBlackSite,numberOfRobotsOnWhiteSite
12675,26,14
timeStep,numberOfRobotsOnBlackSite,numberOfRobotsOnWhiteSite
12676,26,14
timeStep,numberOfRobotsOnBlackSite,numberOfRobotsOnWhiteSite
12677,26,14
timeStep,numberOfRobotsOnBlackSite,numberOfRobotsOnWhiteSite
12678,26,14
timeStep,numberOfRobotsOnBlackSite,numberOfRobotsOnWhiteSite
12679,26,14
timeStep,numberOfRobotsOnBlackSite,numberOfRobotsOnWhiteSite
12680,26,14
timeStep,numberOfRobotsOnBlackSite,numberOfRobotsOnWhiteSite
12681,26,14
timeStep,numberOfRobotsOnBlackSite,numberOfRobotsOnWhiteSite
12682,26,14
timeStep,numberOfRobotsOnBlackSite,numberOfRobotsOnWhiteSite
12683,26,14
timeStep,numberOfRobotsOnBlackSite,numberOfRobotsOnWhiteSite
12684,26,14
timeStep,numberOfRobotsOnBlackSite,numberOfRobotsOnWhiteSite
12685,26,15
timeStep,numberOfRobotsOnBlackSite,numberOfRobotsOnWhiteSite
12686,26,15
timeStep,numberOfRobotsOnBlackSite,numberOfRobotsOnWhiteSite
12687,26,15
timeStep,numberOfRobotsOnBlackSite,numberOfRobotsOnWhiteSite
12688,26,15
timeStep,numberOfRobotsOnBlackSite,numberOfRobotsOnWhiteSite
12689,26,15
timeStep,numberOfRobotsOnBlackSite,numberOfRobotsOnWhiteSite
12690,26,15
timeStep,numberOfRobotsOnBlackSite,numberOfRobotsOnWhiteSite
12691,26,15
timeStep,numberOfRobotsOnBlackSite,numberOfRobotsOnWhiteSite
12692,26,15
timeStep,numberOfRobotsOnBlackSite,numberOfRobotsOnWhiteSite
12693,26,15
timeStep,numberOfRobotsOnBlackSite,numberOfRobotsOnWhiteSite
12694,26,15
timeStep,numberOfRobotsOnBlackSite,numberOfRobotsOnWhiteSite
12695,26,15
timeStep,numberOfRobotsOnBlackSite,numberOfRobotsOnWhiteSite
12696,26,15
timeStep,numberOfRobotsOnBlackSite,numberOfRobotsOnWhiteSite
12697,26,15
timeStep,numberOfRobotsOnBlackSite,numberOfRobotsOnWhiteSite
12698,26,15
timeStep,numberOfRobotsOnBlackSite,numberOfRobotsOnWhiteSite
12699,26,15
timeStep,numberOfRobotsOnBlackSite,numberOfRobotsOnWhiteSite
12700,26,15
timeStep,numberOfRobotsOnBlackSite,numberOfRobotsOnWhiteSite
12701,26,15
timeStep,numberOfRobotsOnBlackSite,numberOfRobotsOnWhiteSite
12702,26,15
timeStep,numberOfRobotsOnBlackSite,numberOfRobotsOnWhiteSite
12703,26,15
timeStep,numberOfRobotsOnBlackSite,numberOfRobotsOnWhiteSite
12704,26,15
timeStep,numberOfRobotsOnBlackSite,numberOfRobotsOnWhiteSite
12705,26,15
timeStep,numberOfRobotsOnBlackSite,numberOfRobotsOnWhiteSite
12706,26,15
timeStep,numberOfRobotsOnBlackSite,numberOfRobotsOnWhiteSite
12707,26,15
timeStep,numberOfRobotsOnBlackSite,numberOfRobotsOnWhiteSite
12708,26,15
timeStep,numberOfRobotsOnBlackSite,numberOfRobotsOnWhiteSite
12709,26,15
timeStep,numberOfRobotsOnBlackSite,numberOfRobotsOnWhiteSite
12710,26,15
timeStep,numberOfRobotsOnBlackSite,numberOfRobotsOnWhiteSite
12711,26,15
timeStep,numberOfRobotsOnBlackSite,numberOfRobotsOnWhiteSite
12712,26,15
timeStep,numberOfRobotsOnBlackSite,numberOfRobotsOnWhiteSite
12713,26,15
timeStep,numberOfRobotsOnBlackSite,numberOfRobotsOnWhiteSite
12714,26,15
timeStep,numberOfRobotsOnBlackSite,numberOfRobotsOnWhiteSite
12715,26,15
timeStep,numberOfRobotsOnBlackSite,numberOfRobotsOnWhiteSite
12716,26,15
timeStep,numberOfRobotsOnBlackSite,numberOfRobotsOnWhiteSite
12717,26,15
timeStep,numberOfRobotsOnBlackSite,numberOfRobotsOnWhiteSite
12718,26,15
timeStep,numberOfRobotsOnBlackSite,numberOfRobotsOnWhiteSite
12719,26,15
timeStep,numberOfRobotsOnBlackSite,numberOfRobotsOnWhiteSite
12720,26,15
timeStep,numberOfRobotsOnBlackSite,numberOfRobotsOnWhiteSite
12721,26,15
timeStep,numberOfRobotsOnBlackSite,numberOfRobotsOnWhiteSite
12722,26,15
timeStep,numberOfRobotsOnBlackSite,numberOfRobotsOnWhiteSite
12723,26,15
timeStep,numberOfRobotsOnBlackSite,numberOfRobotsOnWhiteSite
12724,26,15
timeStep,numberOfRobotsOnBlackSite,numberOfRobotsOnWhiteSite
12725,26,15
timeStep,numberOfRobotsOnBlackSite,numberOfRobotsOnWhiteSite
12726,26,15
timeStep,numberOfRobotsOnBlackSite,numberOfRobotsOnWhiteSite
12727,26,15
timeStep,numberOfRobotsOnBlackSite,numberOfRobotsOnWhiteSite
12728,26,15
timeStep,numberOfRobotsOnBlackSite,numberOfRobotsOnWhiteSite
12729,26,15
timeStep,numberOfRobotsOnBlackSite,numberOfRobotsOnWhiteSite
12730,26,15
timeStep,numberOfRobotsOnBlackSite,numberOfRobotsOnWhiteSite
12731,26,15
timeStep,numberOfRobotsOnBlackSite,numberOfRobotsOnWhiteSite
12732,26,15
timeStep,numberOfRobotsOnBlackSite,numberOfRobotsOnWhiteSite
12733,26,15
timeStep,numberOfRobotsOnBlackSite,numberOfRobotsOnWhiteSite
12734,26,15
timeStep,numberOfRobotsOnBlackSite,numberOfRobotsOnWhiteSite
12735,26,15
timeStep,numberOfRobotsOnBlackSite,numberOfRobotsOnWhiteSite
12736,26,15
timeStep,numberOfRobotsOnBlackSite,numberOfRobotsOnWhiteSite
12737,26,15
timeStep,numberOfRobotsOnBlackSite,numberOfRobotsOnWhiteSite
12738,26,15
timeStep,numberOfRobotsOnBlackSite,numberOfRobotsOnWhiteSite
12739,26,15
timeStep,numberOfRobotsOnBlackSite,numberOfRobotsOnWhiteSite
12740,26,15
timeStep,numberOfRobotsOnBlackSite,numberOfRobotsOnWhiteSite
12741,26,15
timeStep,numberOfRobotsOnBlackSite,numberOfRobotsOnWhiteSite
12742,26,15
timeStep,numberOfRobotsOnBlackSite,numberOfRobotsOnWhiteSite
12743,26,15
timeStep,numberOfRobotsOnBlackSite,numberOfRobotsOnWhiteSite
12744,26,15
timeStep,numberOfRobotsOnBlackSite,numberOfRobotsOnWhiteSite
12745,26,15
timeStep,numberOfRobotsOnBlackSite,numberOfRobotsOnWhiteSite
12746,26,15
timeStep,numberOfRobotsOnBlackSite,numberOfRobotsOnWhiteSite
12747,26,15
timeStep,numberOfRobotsOnBlackSite,numberOfRobotsOnWhiteSite
12748,26,15
timeStep,numberOfRobotsOnBlackSite,numberOfRobotsOnWhiteSite
12749,26,15
timeStep,numberOfRobotsOnBlackSite,numberOfRobotsOnWhiteSite
12750,26,15
timeStep,numberOfRobotsOnBlackSite,numberOfRobotsOnWhiteSite
12751,26,15
timeStep,numberOfRobotsOnBlackSite,numberOfRobotsOnWhiteSite
12752,26,15
timeStep,numberOfRobotsOnBlackSite,numberOfRobotsOnWhiteSite
12753,26,15
timeStep,numberOfRobotsOnBlackSite,numberOfRobotsOnWhiteSite
12754,26,15
timeStep,numberOfRobotsOnBlackSite,numberOfRobotsOnWhiteSite
12755,26,15
timeStep,numberOfRobotsOnBlackSite,numberOfRobotsOnWhiteSite
12756,26,15
timeStep,numberOfRobotsOnBlackSite,numberOfRobotsOnWhiteSite
12757,26,15
timeStep,numberOfRobotsOnBlackSite,numberOfRobotsOnWhiteSite
12758,26,15
timeStep,numberOfRobotsOnBlackSite,numberOfRobotsOnWhiteSite
12759,26,15
timeStep,numberOfRobotsOnBlackSite,numberOfRobotsOnWhiteSite
12760,26,15
timeStep,numberOfRobotsOnBlackSite,numberOfRobotsOnWhiteSite
12761,26,15
timeStep,numberOfRobotsOnBlackSite,numberOfRobotsOnWhiteSite
12762,26,15
timeStep,numberOfRobotsOnBlackSite,numberOfRobotsOnWhiteSite
12763,26,15
timeStep,numberOfRobotsOnBlackSite,numberOfRobotsOnWhiteSite
12764,26,15
timeStep,numberOfRobotsOnBlackSite,numberOfRobotsOnWhiteSite
12765,26,15
timeStep,numberOfRobotsOnBlackSite,numberOfRobotsOnWhiteSite
12766,26,15
timeStep,numberOfRobotsOnBlackSite,numberOfRobotsOnWhiteSite
12767,26,15
timeStep,numberOfRobotsOnBlackSite,numberOfRobotsOnWhiteSite
12768,26,15
timeStep,numberOfRobotsOnBlackSite,numberOfRobotsOnWhiteSite
12769,26,15
timeStep,numberOfRobotsOnBlackSite,numberOfRobotsOnWhiteSite
12770,26,15
timeStep,numberOfRobotsOnBlackSite,numberOfRobotsOnWhiteSite
12771,26,15
timeStep,numberOfRobotsOnBlackSite,numberOfRobotsOnWhiteSite
12772,26,15
timeStep,numberOfRobotsOnBlackSite,numberOfRobotsOnWhiteSite
12773,26,15
timeStep,numberOfRobotsOnBlackSite,numberOfRobotsOnWhiteSite
12774,26,15
timeStep,numberOfRobotsOnBlackSite,numberOfRobotsOnWhiteSite
12775,26,15
timeStep,numberOfRobotsOnBlackSite,numberOfRobotsOnWhiteSite
12776,26,15
timeStep,numberOfRobotsOnBlackSite,numberOfRobotsOnWhiteSite
12777,26,15
timeStep,numberOfRobotsOnBlackSite,numberOfRobotsOnWhiteSite
12778,26,15
timeStep,numberOfRobotsOnBlackSite,numberOfRobotsOnWhiteSite
12779,26,15
timeStep,numberOfRobotsOnBlackSite,numberOfRobotsOnWhiteSite
12780,26,15
timeStep,numberOfRobotsOnBlackSite,numberOfRobotsOnWhiteSite
12781,26,15
timeStep,numberOfRobotsOnBlackSite,numberOfRobotsOnWhiteSite
12782,26,15
timeStep,numberOfRobotsOnBlackSite,numberOfRobotsOnWhiteSite
12783,26,15
timeStep,numberOfRobotsOnBlackSite,numberOfRobotsOnWhiteSite
12784,26,15
timeStep,numberOfRobotsOnBlackSite,numberOfRobotsOnWhiteSite
12785,26,15
timeStep,numberOfRobotsOnBlackSite,numberOfRobotsOnWhiteSite
12786,26,15
timeStep,numberOfRobotsOnBlackSite,numberOfRobotsOnWhiteSite
12787,26,15
timeStep,numberOfRobotsOnBlackSite,numberOfRobotsOnWhiteSite
12788,26,15
timeStep,numberOfRobotsOnBlackSite,numberOfRobotsOnWhiteSite
12789,26,15
timeStep,numberOfRobotsOnBlackSite,numberOfRobotsOnWhiteSite
12790,26,15
timeStep,numberOfRobotsOnBlackSite,numberOfRobotsOnWhiteSite
12791,26,15
timeStep,numberOfRobotsOnBlackSite,numberOfRobotsOnWhiteSite
12792,26,15
timeStep,numberOfRobotsOnBlackSite,numberOfRobotsOnWhiteSite
12793,26,15
timeStep,numberOfRobotsOnBlackSite,numberOfRobotsOnWhiteSite
12794,26,15
timeStep,numberOfRobotsOnBlackSite,numberOfRobotsOnWhiteSite
12795,26,15
timeStep,numberOfRobotsOnBlackSite,numberOfRobotsOnWhiteSite
12796,26,15
timeStep,numberOfRobotsOnBlackSite,numberOfRobotsOnWhiteSite
12797,26,15
timeStep,numberOfRobotsOnBlackSite,numberOfRobotsOnWhiteSite
12798,26,15
timeStep,numberOfRobotsOnBlackSite,numberOfRobotsOnWhiteSite
12799,26,15
timeStep,numberOfRobotsOnBlackSite,numberOfRobotsOnWhiteSite
12800,26,15
timeStep,numberOfRobotsOnBlackSite,numberOfRobotsOnWhiteSite
12801,26,15
timeStep,numberOfRobotsOnBlackSite,numberOfRobotsOnWhiteSite
12802,26,15
timeStep,numberOfRobotsOnBlackSite,numberOfRobotsOnWhiteSite
12803,26,15
timeStep,numberOfRobotsOnBlackSite,numberOfRobotsOnWhiteSite
12804,26,15
timeStep,numberOfRobotsOnBlackSite,numberOfRobotsOnWhiteSite
12805,26,15
timeStep,numberOfRobotsOnBlackSite,numberOfRobotsOnWhiteSite
12806,26,15
timeStep,numberOfRobotsOnBlackSite,numberOfRobotsOnWhiteSite
12807,26,15
timeStep,numberOfRobotsOnBlackSite,numberOfRobotsOnWhiteSite
12808,26,15
timeStep,numberOfRobotsOnBlackSite,numberOfRobotsOnWhiteSite
12809,26,15
timeStep,numberOfRobotsOnBlackSite,numberOfRobotsOnWhiteSite
12810,26,15
timeStep,numberOfRobotsOnBlackSite,numberOfRobotsOnWhiteSite
12811,26,15
timeStep,numberOfRobotsOnBlackSite,numberOfRobotsOnWhiteSite
12812,26,15
timeStep,numberOfRobotsOnBlackSite,numberOfRobotsOnWhiteSite
12813,26,15
timeStep,numberOfRobotsOnBlackSite,numberOfRobotsOnWhiteSite
12814,26,15
timeStep,numberOfRobotsOnBlackSite,numberOfRobotsOnWhiteSite
12815,26,14
timeStep,numberOfRobotsOnBlackSite,numberOfRobotsOnWhiteSite
12816,26,14
timeStep,numberOfRobotsOnBlackSite,numberOfRobotsOnWhiteSite
12817,26,14
timeStep,numberOfRobotsOnBlackSite,numberOfRobotsOnWhiteSite
12818,26,14
timeStep,numberOfRobotsOnBlackSite,numberOfRobotsOnWhiteSite
12819,26,14
timeStep,numberOfRobotsOnBlackSite,numberOfRobotsOnWhiteSite
12820,26,14
timeStep,numberOfRobotsOnBlackSite,numberOfRobotsOnWhiteSite
12821,26,14
timeStep,numberOfRobotsOnBlackSite,numberOfRobotsOnWhiteSite
12822,26,14
timeStep,numberOfRobotsOnBlackSite,numberOfRobotsOnWhiteSite
12823,26,14
timeStep,numberOfRobotsOnBlackSite,numberOfRobotsOnWhiteSite
12824,26,14
timeStep,numberOfRobotsOnBlackSite,numberOfRobotsOnWhiteSite
12825,27,14
timeStep,numberOfRobotsOnBlackSite,numberOfRobotsOnWhiteSite
12826,27,14
timeStep,numberOfRobotsOnBlackSite,numberOfRobotsOnWhiteSite
12827,27,14
timeStep,numberOfRobotsOnBlackSite,numberOfRobotsOnWhiteSite
12828,27,14
timeStep,numberOfRobotsOnBlackSite,numberOfRobotsOnWhiteSite
12829,27,14
timeStep,numberOfRobotsOnBlackSite,numberOfRobotsOnWhiteSite
12830,27,14
timeStep,numberOfRobotsOnBlackSite,numberOfRobotsOnWhiteSite
12831,27,14
timeStep,numberOfRobotsOnBlackSite,numberOfRobotsOnWhiteSite
12832,27,14
timeStep,numberOfRobotsOnBlackSite,numberOfRobotsOnWhiteSite
12833,27,14
timeStep,numberOfRobotsOnBlackSite,numberOfRobotsOnWhiteSite
12834,27,14
timeStep,numberOfRobotsOnBlackSite,numberOfRobotsOnWhiteSite
12835,27,14
timeStep,numberOfRobotsOnBlackSite,numberOfRobotsOnWhiteSite
12836,27,14
timeStep,numberOfRobotsOnBlackSite,numberOfRobotsOnWhiteSite
12837,27,14
timeStep,numberOfRobotsOnBlackSite,numberOfRobotsOnWhiteSite
12838,27,14
timeStep,numberOfRobotsOnBlackSite,numberOfRobotsOnWhiteSite
12839,27,14
timeStep,numberOfRobotsOnBlackSite,numberOfRobotsOnWhiteSite
12840,27,14
timeStep,numberOfRobotsOnBlackSite,numberOfRobotsOnWhiteSite
12841,27,14
timeStep,numberOfRobotsOnBlackSite,numberOfRobotsOnWhiteSite
12842,27,14
timeStep,numberOfRobotsOnBlackSite,numberOfRobotsOnWhiteSite
12843,27,14
timeStep,numberOfRobotsOnBlackSite,numberOfRobotsOnWhiteSite
12844,27,14
timeStep,numberOfRobotsOnBlackSite,numberOfRobotsOnWhiteSite
12845,27,14
timeStep,numberOfRobotsOnBlackSite,numberOfRobotsOnWhiteSite
12846,27,14
timeStep,numberOfRobotsOnBlackSite,numberOfRobotsOnWhiteSite
12847,27,14
timeStep,numberOfRobotsOnBlackSite,numberOfRobotsOnWhiteSite
12848,27,14
timeStep,numberOfRobotsOnBlackSite,numberOfRobotsOnWhiteSite
12849,27,14
timeStep,numberOfRobotsOnBlackSite,numberOfRobotsOnWhiteSite
12850,27,15
timeStep,numberOfRobotsOnBlackSite,numberOfRobotsOnWhiteSite
12851,27,15
timeStep,numberOfRobotsOnBlackSite,numberOfRobotsOnWhiteSite
12852,27,15
timeStep,numberOfRobotsOnBlackSite,numberOfRobotsOnWhiteSite
12853,27,15
timeStep,numberOfRobotsOnBlackSite,numberOfRobotsOnWhiteSite
12854,27,15
timeStep,numberOfRobotsOnBlackSite,numberOfRobotsOnWhiteSite
12855,27,15
timeStep,numberOfRobotsOnBlackSite,numberOfRobotsOnWhiteSite
12856,27,15
timeStep,numberOfRobotsOnBlackSite,numberOfRobotsOnWhiteSite
12857,27,15
timeStep,numberOfRobotsOnBlackSite,numberOfRobotsOnWhiteSite
12858,27,15
timeStep,numberOfRobotsOnBlackSite,numberOfRobotsOnWhiteSite
12859,27,15
timeStep,numberOfRobotsOnBlackSite,numberOfRobotsOnWhiteSite
12860,27,15
timeStep,numberOfRobotsOnBlackSite,numberOfRobotsOnWhiteSite
12861,27,15
timeStep,numberOfRobotsOnBlackSite,numberOfRobotsOnWhiteSite
12862,27,15
timeStep,numberOfRobotsOnBlackSite,numberOfRobotsOnWhiteSite
12863,27,15
timeStep,numberOfRobotsOnBlackSite,numberOfRobotsOnWhiteSite
12864,27,15
timeStep,numberOfRobotsOnBlackSite,numberOfRobotsOnWhiteSite
12865,27,15
timeStep,numberOfRobotsOnBlackSite,numberOfRobotsOnWhiteSite
12866,27,15
timeStep,numberOfRobotsOnBlackSite,numberOfRobotsOnWhiteSite
12867,27,15
timeStep,numberOfRobotsOnBlackSite,numberOfRobotsOnWhiteSite
12868,27,15
timeStep,numberOfRobotsOnBlackSite,numberOfRobotsOnWhiteSite
12869,27,15
timeStep,numberOfRobotsOnBlackSite,numberOfRobotsOnWhiteSite
12870,27,15
timeStep,numberOfRobotsOnBlackSite,numberOfRobotsOnWhiteSite
12871,27,15
timeStep,numberOfRobotsOnBlackSite,numberOfRobotsOnWhiteSite
12872,27,15
timeStep,numberOfRobotsOnBlackSite,numberOfRobotsOnWhiteSite
12873,27,15
timeStep,numberOfRobotsOnBlackSite,numberOfRobotsOnWhiteSite
12874,27,15
timeStep,numberOfRobotsOnBlackSite,numberOfRobotsOnWhiteSite
12875,27,15
timeStep,numberOfRobotsOnBlackSite,numberOfRobotsOnWhiteSite
12876,27,15
timeStep,numberOfRobotsOnBlackSite,numberOfRobotsOnWhiteSite
12877,27,15
timeStep,numberOfRobotsOnBlackSite,numberOfRobotsOnWhiteSite
12878,27,15
timeStep,numberOfRobotsOnBlackSite,numberOfRobotsOnWhiteSite
12879,27,15
timeStep,numberOfRobotsOnBlackSite,numberOfRobotsOnWhiteSite
12880,27,14
timeStep,numberOfRobotsOnBlackSite,numberOfRobotsOnWhiteSite
12881,27,14
timeStep,numberOfRobotsOnBlackSite,numberOfRobotsOnWhiteSite
12882,27,14
timeStep,numberOfRobotsOnBlackSite,numberOfRobotsOnWhiteSite
12883,27,14
timeStep,numberOfRobotsOnBlackSite,numberOfRobotsOnWhiteSite
12884,27,14
timeStep,numberOfRobotsOnBlackSite,numberOfRobotsOnWhiteSite
12885,27,14
timeStep,numberOfRobotsOnBlackSite,numberOfRobotsOnWhiteSite
12886,27,14
timeStep,numberOfRobotsOnBlackSite,numberOfRobotsOnWhiteSite
12887,27,14
timeStep,numberOfRobotsOnBlackSite,numberOfRobotsOnWhiteSite
12888,27,14
timeStep,numberOfRobotsOnBlackSite,numberOfRobotsOnWhiteSite
12889,27,14
timeStep,numberOfRobotsOnBlackSite,numberOfRobotsOnWhiteSite
12890,27,14
timeStep,numberOfRobotsOnBlackSite,numberOfRobotsOnWhiteSite
12891,27,14
timeStep,numberOfRobotsOnBlackSite,numberOfRobotsOnWhiteSite
12892,27,14
timeStep,numberOfRobotsOnBlackSite,numberOfRobotsOnWhiteSite
12893,27,14
timeStep,numberOfRobotsOnBlackSite,numberOfRobotsOnWhiteSite
12894,27,14
timeStep,numberOfRobotsOnBlackSite,numberOfRobotsOnWhiteSite
12895,27,14
timeStep,numberOfRobotsOnBlackSite,numberOfRobotsOnWhiteSite
12896,27,14
timeStep,numberOfRobotsOnBlackSite,numberOfRobotsOnWhiteSite
12897,27,14
timeStep,numberOfRobotsOnBlackSite,numberOfRobotsOnWhiteSite
12898,27,14
timeStep,numberOfRobotsOnBlackSite,numberOfRobotsOnWhiteSite
12899,27,14
timeStep,numberOfRobotsOnBlackSite,numberOfRobotsOnWhiteSite
12900,27,14
timeStep,numberOfRobotsOnBlackSite,numberOfRobotsOnWhiteSite
12901,27,14
timeStep,numberOfRobotsOnBlackSite,numberOfRobotsOnWhiteSite
12902,27,14
timeStep,numberOfRobotsOnBlackSite,numberOfRobotsOnWhiteSite
12903,27,14
timeStep,numberOfRobotsOnBlackSite,numberOfRobotsOnWhiteSite
12904,27,14
timeStep,numberOfRobotsOnBlackSite,numberOfRobotsOnWhiteSite
12905,27,14
timeStep,numberOfRobotsOnBlackSite,numberOfRobotsOnWhiteSite
12906,27,14
timeStep,numberOfRobotsOnBlackSite,numberOfRobotsOnWhiteSite
12907,27,14
timeStep,numberOfRobotsOnBlackSite,numberOfRobotsOnWhiteSite
12908,27,14
timeStep,numberOfRobotsOnBlackSite,numberOfRobotsOnWhiteSite
12909,27,14
timeStep,numberOfRobotsOnBlackSite,numberOfRobotsOnWhiteSite
12910,27,14
timeStep,numberOfRobotsOnBlackSite,numberOfRobotsOnWhiteSite
12911,27,14
timeStep,numberOfRobotsOnBlackSite,numberOfRobotsOnWhiteSite
12912,27,14
timeStep,numberOfRobotsOnBlackSite,numberOfRobotsOnWhiteSite
12913,27,14
timeStep,numberOfRobotsOnBlackSite,numberOfRobotsOnWhiteSite
12914,27,14
timeStep,numberOfRobotsOnBlackSite,numberOfRobotsOnWhiteSite
12915,27,14
timeStep,numberOfRobotsOnBlackSite,numberOfRobotsOnWhiteSite
12916,27,14
timeStep,numberOfRobotsOnBlackSite,numberOfRobotsOnWhiteSite
12917,27,14
timeStep,numberOfRobotsOnBlackSite,numberOfRobotsOnWhiteSite
12918,27,14
timeStep,numberOfRobotsOnBlackSite,numberOfRobotsOnWhiteSite
12919,27,14
timeStep,numberOfRobotsOnBlackSite,numberOfRobotsOnWhiteSite
12920,27,14
timeStep,numberOfRobotsOnBlackSite,numberOfRobotsOnWhiteSite
12921,27,14
timeStep,numberOfRobotsOnBlackSite,numberOfRobotsOnWhiteSite
12922,27,14
timeStep,numberOfRobotsOnBlackSite,numberOfRobotsOnWhiteSite
12923,27,14
timeStep,numberOfRobotsOnBlackSite,numberOfRobotsOnWhiteSite
12924,27,14
timeStep,numberOfRobotsOnBlackSite,numberOfRobotsOnWhiteSite
12925,27,14
timeStep,numberOfRobotsOnBlackSite,numberOfRobotsOnWhiteSite
12926,27,14
timeStep,numberOfRobotsOnBlackSite,numberOfRobotsOnWhiteSite
12927,27,14
timeStep,numberOfRobotsOnBlackSite,numberOfRobotsOnWhiteSite
12928,27,14
timeStep,numberOfRobotsOnBlackSite,numberOfRobotsOnWhiteSite
12929,27,14
timeStep,numberOfRobotsOnBlackSite,numberOfRobotsOnWhiteSite
12930,27,14
timeStep,numberOfRobotsOnBlackSite,numberOfRobotsOnWhiteSite
12931,27,14
timeStep,numberOfRobotsOnBlackSite,numberOfRobotsOnWhiteSite
12932,27,14
timeStep,numberOfRobotsOnBlackSite,numberOfRobotsOnWhiteSite
12933,27,14
timeStep,numberOfRobotsOnBlackSite,numberOfRobotsOnWhiteSite
12934,27,14
timeStep,numberOfRobotsOnBlackSite,numberOfRobotsOnWhiteSite
12935,27,14
timeStep,numberOfRobotsOnBlackSite,numberOfRobotsOnWhiteSite
12936,27,14
timeStep,numberOfRobotsOnBlackSite,numberOfRobotsOnWhiteSite
12937,27,14
timeStep,numberOfRobotsOnBlackSite,numberOfRobotsOnWhiteSite
12938,27,14
timeStep,numberOfRobotsOnBlackSite,numberOfRobotsOnWhiteSite
12939,27,14
timeStep,numberOfRobotsOnBlackSite,numberOfRobotsOnWhiteSite
12940,27,14
timeStep,numberOfRobotsOnBlackSite,numberOfRobotsOnWhiteSite
12941,27,14
timeStep,numberOfRobotsOnBlackSite,numberOfRobotsOnWhiteSite
12942,27,14
timeStep,numberOfRobotsOnBlackSite,numberOfRobotsOnWhiteSite
12943,27,14
timeStep,numberOfRobotsOnBlackSite,numberOfRobotsOnWhiteSite
12944,27,14
timeStep,numberOfRobotsOnBlackSite,numberOfRobotsOnWhiteSite
12945,27,15
timeStep,numberOfRobotsOnBlackSite,numberOfRobotsOnWhiteSite
12946,27,15
timeStep,numberOfRobotsOnBlackSite,numberOfRobotsOnWhiteSite
12947,27,15
timeStep,numberOfRobotsOnBlackSite,numberOfRobotsOnWhiteSite
12948,27,15
timeStep,numberOfRobotsOnBlackSite,numberOfRobotsOnWhiteSite
12949,27,15
timeStep,numberOfRobotsOnBlackSite,numberOfRobotsOnWhiteSite
12950,27,15
timeStep,numberOfRobotsOnBlackSite,numberOfRobotsOnWhiteSite
12951,27,15
timeStep,numberOfRobotsOnBlackSite,numberOfRobotsOnWhiteSite
12952,27,15
timeStep,numberOfRobotsOnBlackSite,numberOfRobotsOnWhiteSite
12953,27,15
timeStep,numberOfRobotsOnBlackSite,numberOfRobotsOnWhiteSite
12954,27,15
timeStep,numberOfRobotsOnBlackSite,numberOfRobotsOnWhiteSite
12955,27,15
timeStep,numberOfRobotsOnBlackSite,numberOfRobotsOnWhiteSite
12956,27,15
timeStep,numberOfRobotsOnBlackSite,numberOfRobotsOnWhiteSite
12957,27,15
timeStep,numberOfRobotsOnBlackSite,numberOfRobotsOnWhiteSite
12958,27,15
timeStep,numberOfRobotsOnBlackSite,numberOfRobotsOnWhiteSite
12959,27,15
timeStep,numberOfRobotsOnBlackSite,numberOfRobotsOnWhiteSite
12960,27,15
timeStep,numberOfRobotsOnBlackSite,numberOfRobotsOnWhiteSite
12961,27,15
timeStep,numberOfRobotsOnBlackSite,numberOfRobotsOnWhiteSite
12962,27,15
timeStep,numberOfRobotsOnBlackSite,numberOfRobotsOnWhiteSite
12963,27,15
timeStep,numberOfRobotsOnBlackSite,numberOfRobotsOnWhiteSite
12964,27,15
timeStep,numberOfRobotsOnBlackSite,numberOfRobotsOnWhiteSite
12965,27,15
timeStep,numberOfRobotsOnBlackSite,numberOfRobotsOnWhiteSite
12966,27,15
timeStep,numberOfRobotsOnBlackSite,numberOfRobotsOnWhiteSite
12967,27,15
timeStep,numberOfRobotsOnBlackSite,numberOfRobotsOnWhiteSite
12968,27,15
timeStep,numberOfRobotsOnBlackSite,numberOfRobotsOnWhiteSite
12969,27,15
timeStep,numberOfRobotsOnBlackSite,numberOfRobotsOnWhiteSite
12970,27,15
timeStep,numberOfRobotsOnBlackSite,numberOfRobotsOnWhiteSite
12971,27,15
timeStep,numberOfRobotsOnBlackSite,numberOfRobotsOnWhiteSite
12972,27,15
timeStep,numberOfRobotsOnBlackSite,numberOfRobotsOnWhiteSite
12973,27,15
timeStep,numberOfRobotsOnBlackSite,numberOfRobotsOnWhiteSite
12974,27,15
timeStep,numberOfRobotsOnBlackSite,numberOfRobotsOnWhiteSite
12975,27,15
timeStep,numberOfRobotsOnBlackSite,numberOfRobotsOnWhiteSite
12976,27,15
timeStep,numberOfRobotsOnBlackSite,numberOfRobotsOnWhiteSite
12977,27,15
timeStep,numberOfRobotsOnBlackSite,numberOfRobotsOnWhiteSite
12978,27,15
timeStep,numberOfRobotsOnBlackSite,numberOfRobotsOnWhiteSite
12979,27,15
timeStep,numberOfRobotsOnBlackSite,numberOfRobotsOnWhiteSite
12980,27,15
timeStep,numberOfRobotsOnBlackSite,numberOfRobotsOnWhiteSite
12981,27,15
timeStep,numberOfRobotsOnBlackSite,numberOfRobotsOnWhiteSite
12982,27,15
timeStep,numberOfRobotsOnBlackSite,numberOfRobotsOnWhiteSite
12983,27,15
timeStep,numberOfRobotsOnBlackSite,numberOfRobotsOnWhiteSite
12984,27,15
timeStep,numberOfRobotsOnBlackSite,numberOfRobotsOnWhiteSite
12985,27,15
timeStep,numberOfRobotsOnBlackSite,numberOfRobotsOnWhiteSite
12986,27,15
timeStep,numberOfRobotsOnBlackSite,numberOfRobotsOnWhiteSite
12987,27,15
timeStep,numberOfRobotsOnBlackSite,numberOfRobotsOnWhiteSite
12988,27,15
timeStep,numberOfRobotsOnBlackSite,numberOfRobotsOnWhiteSite
12989,27,15
timeStep,numberOfRobotsOnBlackSite,numberOfRobotsOnWhiteSite
12990,27,15
timeStep,numberOfRobotsOnBlackSite,numberOfRobotsOnWhiteSite
12991,27,15
timeStep,numberOfRobotsOnBlackSite,numberOfRobotsOnWhiteSite
12992,27,15
timeStep,numberOfRobotsOnBlackSite,numberOfRobotsOnWhiteSite
12993,27,15
timeStep,numberOfRobotsOnBlackSite,numberOfRobotsOnWhiteSite
12994,27,15
timeStep,numberOfRobotsOnBlackSite,numberOfRobotsOnWhiteSite
12995,27,15
timeStep,numberOfRobotsOnBlackSite,numberOfRobotsOnWhiteSite
12996,27,15
timeStep,numberOfRobotsOnBlackSite,numberOfRobotsOnWhiteSite
12997,27,15
timeStep,numberOfRobotsOnBlackSite,numberOfRobotsOnWhiteSite
12998,27,15
timeStep,numberOfRobotsOnBlackSite,numberOfRobotsOnWhiteSite
12999,27,15
timeStep,numberOfRobotsOnBlackSite,numberOfRobotsOnWhiteSite
13000,27,15
timeStep,numberOfRobotsOnBlackSite,numberOfRobotsOnWhiteSite
13001,27,15
timeStep,numberOfRobotsOnBlackSite,numberOfRobotsOnWhiteSite
13002,27,15
timeStep,numberOfRobotsOnBlackSite,numberOfRobotsOnWhiteSite
13003,27,15
timeStep,numberOfRobotsOnBlackSite,numberOfRobotsOnWhiteSite
13004,27,15
timeStep,numberOfRobotsOnBlackSite,numberOfRobotsOnWhiteSite
13005,27,15
timeStep,numberOfRobotsOnBlackSite,numberOfRobotsOnWhiteSite
13006,27,15
timeStep,numberOfRobotsOnBlackSite,numberOfRobotsOnWhiteSite
13007,27,15
timeStep,numberOfRobotsOnBlackSite,numberOfRobotsOnWhiteSite
13008,27,15
timeStep,numberOfRobotsOnBlackSite,numberOfRobotsOnWhiteSite
13009,27,15
timeStep,numberOfRobotsOnBlackSite,numberOfRobotsOnWhiteSite
13010,27,15
timeStep,numberOfRobotsOnBlackSite,numberOfRobotsOnWhiteSite
13011,27,15
timeStep,numberOfRobotsOnBlackSite,numberOfRobotsOnWhiteSite
13012,27,15
timeStep,numberOfRobotsOnBlackSite,numberOfRobotsOnWhiteSite
13013,27,15
timeStep,numberOfRobotsOnBlackSite,numberOfRobotsOnWhiteSite
13014,27,15
timeStep,numberOfRobotsOnBlackSite,numberOfRobotsOnWhiteSite
13015,27,15
timeStep,numberOfRobotsOnBlackSite,numberOfRobotsOnWhiteSite
13016,27,15
timeStep,numberOfRobotsOnBlackSite,numberOfRobotsOnWhiteSite
13017,27,15
timeStep,numberOfRobotsOnBlackSite,numberOfRobotsOnWhiteSite
13018,27,15
timeStep,numberOfRobotsOnBlackSite,numberOfRobotsOnWhiteSite
13019,27,15
timeStep,numberOfRobotsOnBlackSite,numberOfRobotsOnWhiteSite
13020,27,15
timeStep,numberOfRobotsOnBlackSite,numberOfRobotsOnWhiteSite
13021,27,15
timeStep,numberOfRobotsOnBlackSite,numberOfRobotsOnWhiteSite
13022,27,15
timeStep,numberOfRobotsOnBlackSite,numberOfRobotsOnWhiteSite
13023,27,15
timeStep,numberOfRobotsOnBlackSite,numberOfRobotsOnWhiteSite
13024,27,15
timeStep,numberOfRobotsOnBlackSite,numberOfRobotsOnWhiteSite
13025,27,15
timeStep,numberOfRobotsOnBlackSite,numberOfRobotsOnWhiteSite
13026,27,15
timeStep,numberOfRobotsOnBlackSite,numberOfRobotsOnWhiteSite
13027,27,15
timeStep,numberOfRobotsOnBlackSite,numberOfRobotsOnWhiteSite
13028,27,15
timeStep,numberOfRobotsOnBlackSite,numberOfRobotsOnWhiteSite
13029,27,15
timeStep,numberOfRobotsOnBlackSite,numberOfRobotsOnWhiteSite
13030,27,15
timeStep,numberOfRobotsOnBlackSite,numberOfRobotsOnWhiteSite
13031,27,15
timeStep,numberOfRobotsOnBlackSite,numberOfRobotsOnWhiteSite
13032,27,15
timeStep,numberOfRobotsOnBlackSite,numberOfRobotsOnWhiteSite
13033,27,15
timeStep,numberOfRobotsOnBlackSite,numberOfRobotsOnWhiteSite
13034,27,15
timeStep,numberOfRobotsOnBlackSite,numberOfRobotsOnWhiteSite
13035,27,15
timeStep,numberOfRobotsOnBlackSite,numberOfRobotsOnWhiteSite
13036,27,15
timeStep,numberOfRobotsOnBlackSite,numberOfRobotsOnWhiteSite
13037,27,15
timeStep,numberOfRobotsOnBlackSite,numberOfRobotsOnWhiteSite
13038,27,15
timeStep,numberOfRobotsOnBlackSite,numberOfRobotsOnWhiteSite
13039,27,15
timeStep,numberOfRobotsOnBlackSite,numberOfRobotsOnWhiteSite
13040,27,15
timeStep,numberOfRobotsOnBlackSite,numberOfRobotsOnWhiteSite
13041,27,15
timeStep,numberOfRobotsOnBlackSite,numberOfRobotsOnWhiteSite
13042,27,15
timeStep,numberOfRobotsOnBlackSite,numberOfRobotsOnWhiteSite
13043,27,15
timeStep,numberOfRobotsOnBlackSite,numberOfRobotsOnWhiteSite
13044,27,15
timeStep,numberOfRobotsOnBlackSite,numberOfRobotsOnWhiteSite
13045,27,15
timeStep,numberOfRobotsOnBlackSite,numberOfRobotsOnWhiteSite
13046,27,15
timeStep,numberOfRobotsOnBlackSite,numberOfRobotsOnWhiteSite
13047,27,15
timeStep,numberOfRobotsOnBlackSite,numberOfRobotsOnWhiteSite
13048,27,15
timeStep,numberOfRobotsOnBlackSite,numberOfRobotsOnWhiteSite
13049,27,15
timeStep,numberOfRobotsOnBlackSite,numberOfRobotsOnWhiteSite
13050,27,15
timeStep,numberOfRobotsOnBlackSite,numberOfRobotsOnWhiteSite
13051,27,15
timeStep,numberOfRobotsOnBlackSite,numberOfRobotsOnWhiteSite
13052,27,15
timeStep,numberOfRobotsOnBlackSite,numberOfRobotsOnWhiteSite
13053,27,15
timeStep,numberOfRobotsOnBlackSite,numberOfRobotsOnWhiteSite
13054,27,15
timeStep,numberOfRobotsOnBlackSite,numberOfRobotsOnWhiteSite
13055,27,15
timeStep,numberOfRobotsOnBlackSite,numberOfRobotsOnWhiteSite
13056,27,15
timeStep,numberOfRobotsOnBlackSite,numberOfRobotsOnWhiteSite
13057,27,15
timeStep,numberOfRobotsOnBlackSite,numberOfRobotsOnWhiteSite
13058,27,15
timeStep,numberOfRobotsOnBlackSite,numberOfRobotsOnWhiteSite
13059,27,15
timeStep,numberOfRobotsOnBlackSite,numberOfRobotsOnWhiteSite
13060,27,15
timeStep,numberOfRobotsOnBlackSite,numberOfRobotsOnWhiteSite
13061,27,15
timeStep,numberOfRobotsOnBlackSite,numberOfRobotsOnWhiteSite
13062,27,15
timeStep,numberOfRobotsOnBlackSite,numberOfRobotsOnWhiteSite
13063,27,15
timeStep,numberOfRobotsOnBlackSite,numberOfRobotsOnWhiteSite
13064,27,15
timeStep,numberOfRobotsOnBlackSite,numberOfRobotsOnWhiteSite
13065,27,15
timeStep,numberOfRobotsOnBlackSite,numberOfRobotsOnWhiteSite
13066,27,15
timeStep,numberOfRobotsOnBlackSite,numberOfRobotsOnWhiteSite
13067,27,15
timeStep,numberOfRobotsOnBlackSite,numberOfRobotsOnWhiteSite
13068,27,15
timeStep,numberOfRobotsOnBlackSite,numberOfRobotsOnWhiteSite
13069,27,15
timeStep,numberOfRobotsOnBlackSite,numberOfRobotsOnWhiteSite
13070,27,15
timeStep,numberOfRobotsOnBlackSite,numberOfRobotsOnWhiteSite
13071,27,15
timeStep,numberOfRobotsOnBlackSite,numberOfRobotsOnWhiteSite
13072,27,15
timeStep,numberOfRobotsOnBlackSite,numberOfRobotsOnWhiteSite
13073,27,15
timeStep,numberOfRobotsOnBlackSite,numberOfRobotsOnWhiteSite
13074,27,15
timeStep,numberOfRobotsOnBlackSite,numberOfRobotsOnWhiteSite
13075,27,15
timeStep,numberOfRobotsOnBlackSite,numberOfRobotsOnWhiteSite
13076,27,15
timeStep,numberOfRobotsOnBlackSite,numberOfRobotsOnWhiteSite
13077,27,15
timeStep,numberOfRobotsOnBlackSite,numberOfRobotsOnWhiteSite
13078,27,15
timeStep,numberOfRobotsOnBlackSite,numberOfRobotsOnWhiteSite
13079,27,15
timeStep,numberOfRobotsOnBlackSite,numberOfRobotsOnWhiteSite
13080,27,15
timeStep,numberOfRobotsOnBlackSite,numberOfRobotsOnWhiteSite
13081,27,15
timeStep,numberOfRobotsOnBlackSite,numberOfRobotsOnWhiteSite
13082,27,15
timeStep,numberOfRobotsOnBlackSite,numberOfRobotsOnWhiteSite
13083,27,15
timeStep,numberOfRobotsOnBlackSite,numberOfRobotsOnWhiteSite
13084,27,15
timeStep,numberOfRobotsOnBlackSite,numberOfRobotsOnWhiteSite
13085,27,15
timeStep,numberOfRobotsOnBlackSite,numberOfRobotsOnWhiteSite
13086,27,15
timeStep,numberOfRobotsOnBlackSite,numberOfRobotsOnWhiteSite
13087,27,15
timeStep,numberOfRobotsOnBlackSite,numberOfRobotsOnWhiteSite
13088,27,15
timeStep,numberOfRobotsOnBlackSite,numberOfRobotsOnWhiteSite
13089,27,15
timeStep,numberOfRobotsOnBlackSite,numberOfRobotsOnWhiteSite
13090,27,15
timeStep,numberOfRobotsOnBlackSite,numberOfRobotsOnWhiteSite
13091,27,15
timeStep,numberOfRobotsOnBlackSite,numberOfRobotsOnWhiteSite
13092,27,15
timeStep,numberOfRobotsOnBlackSite,numberOfRobotsOnWhiteSite
13093,27,15
timeStep,numberOfRobotsOnBlackSite,numberOfRobotsOnWhiteSite
13094,27,15
timeStep,numberOfRobotsOnBlackSite,numberOfRobotsOnWhiteSite
13095,27,15
timeStep,numberOfRobotsOnBlackSite,numberOfRobotsOnWhiteSite
13096,27,15
timeStep,numberOfRobotsOnBlackSite,numberOfRobotsOnWhiteSite
13097,27,15
timeStep,numberOfRobotsOnBlackSite,numberOfRobotsOnWhiteSite
13098,27,15
timeStep,numberOfRobotsOnBlackSite,numberOfRobotsOnWhiteSite
13099,27,15
timeStep,numberOfRobotsOnBlackSite,numberOfRobotsOnWhiteSite
13100,27,15
timeStep,numberOfRobotsOnBlackSite,numberOfRobotsOnWhiteSite
13101,27,15
timeStep,numberOfRobotsOnBlackSite,numberOfRobotsOnWhiteSite
13102,27,15
timeStep,numberOfRobotsOnBlackSite,numberOfRobotsOnWhiteSite
13103,27,15
timeStep,numberOfRobotsOnBlackSite,numberOfRobotsOnWhiteSite
13104,27,15
timeStep,numberOfRobotsOnBlackSite,numberOfRobotsOnWhiteSite
13105,27,15
timeStep,numberOfRobotsOnBlackSite,numberOfRobotsOnWhiteSite
13106,27,15
timeStep,numberOfRobotsOnBlackSite,numberOfRobotsOnWhiteSite
13107,27,15
timeStep,numberOfRobotsOnBlackSite,numberOfRobotsOnWhiteSite
13108,27,15
timeStep,numberOfRobotsOnBlackSite,numberOfRobotsOnWhiteSite
13109,27,15
timeStep,numberOfRobotsOnBlackSite,numberOfRobotsOnWhiteSite
13110,27,16
timeStep,numberOfRobotsOnBlackSite,numberOfRobotsOnWhiteSite
13111,27,16
timeStep,numberOfRobotsOnBlackSite,numberOfRobotsOnWhiteSite
13112,27,16
timeStep,numberOfRobotsOnBlackSite,numberOfRobotsOnWhiteSite
13113,27,16
timeStep,numberOfRobotsOnBlackSite,numberOfRobotsOnWhiteSite
13114,27,16
timeStep,numberOfRobotsOnBlackSite,numberOfRobotsOnWhiteSite
13115,27,15
timeStep,numberOfRobotsOnBlackSite,numberOfRobotsOnWhiteSite
13116,27,15
timeStep,numberOfRobotsOnBlackSite,numberOfRobotsOnWhiteSite
13117,27,15
timeStep,numberOfRobotsOnBlackSite,numberOfRobotsOnWhiteSite
13118,27,15
timeStep,numberOfRobotsOnBlackSite,numberOfRobotsOnWhiteSite
13119,27,15
timeStep,numberOfRobotsOnBlackSite,numberOfRobotsOnWhiteSite
13120,27,14
timeStep,numberOfRobotsOnBlackSite,numberOfRobotsOnWhiteSite
13121,27,14
timeStep,numberOfRobotsOnBlackSite,numberOfRobotsOnWhiteSite
13122,27,14
timeStep,numberOfRobotsOnBlackSite,numberOfRobotsOnWhiteSite
13123,27,14
timeStep,numberOfRobotsOnBlackSite,numberOfRobotsOnWhiteSite
13124,27,14
timeStep,numberOfRobotsOnBlackSite,numberOfRobotsOnWhiteSite
13125,26,13
timeStep,numberOfRobotsOnBlackSite,numberOfRobotsOnWhiteSite
13126,26,13
timeStep,numberOfRobotsOnBlackSite,numberOfRobotsOnWhiteSite
13127,26,13
timeStep,numberOfRobotsOnBlackSite,numberOfRobotsOnWhiteSite
13128,26,13
timeStep,numberOfRobotsOnBlackSite,numberOfRobotsOnWhiteSite
13129,26,13
timeStep,numberOfRobotsOnBlackSite,numberOfRobotsOnWhiteSite
13130,26,14
timeStep,numberOfRobotsOnBlackSite,numberOfRobotsOnWhiteSite
13131,26,14
timeStep,numberOfRobotsOnBlackSite,numberOfRobotsOnWhiteSite
13132,26,14
timeStep,numberOfRobotsOnBlackSite,numberOfRobotsOnWhiteSite
13133,26,14
timeStep,numberOfRobotsOnBlackSite,numberOfRobotsOnWhiteSite
13134,26,14
timeStep,numberOfRobotsOnBlackSite,numberOfRobotsOnWhiteSite
13135,26,14
timeStep,numberOfRobotsOnBlackSite,numberOfRobotsOnWhiteSite
13136,26,14
timeStep,numberOfRobotsOnBlackSite,numberOfRobotsOnWhiteSite
13137,26,14
timeStep,numberOfRobotsOnBlackSite,numberOfRobotsOnWhiteSite
13138,26,14
timeStep,numberOfRobotsOnBlackSite,numberOfRobotsOnWhiteSite
13139,26,14
timeStep,numberOfRobotsOnBlackSite,numberOfRobotsOnWhiteSite
13140,26,14
timeStep,numberOfRobotsOnBlackSite,numberOfRobotsOnWhiteSite
13141,26,14
timeStep,numberOfRobotsOnBlackSite,numberOfRobotsOnWhiteSite
13142,26,14
timeStep,numberOfRobotsOnBlackSite,numberOfRobotsOnWhiteSite
13143,26,14
timeStep,numberOfRobotsOnBlackSite,numberOfRobotsOnWhiteSite
13144,26,14
timeStep,numberOfRobotsOnBlackSite,numberOfRobotsOnWhiteSite
13145,26,14
timeStep,numberOfRobotsOnBlackSite,numberOfRobotsOnWhiteSite
13146,26,14
timeStep,numberOfRobotsOnBlackSite,numberOfRobotsOnWhiteSite
13147,26,14
timeStep,numberOfRobotsOnBlackSite,numberOfRobotsOnWhiteSite
13148,26,14
timeStep,numberOfRobotsOnBlackSite,numberOfRobotsOnWhiteSite
13149,26,14
timeStep,numberOfRobotsOnBlackSite,numberOfRobotsOnWhiteSite
13150,26,14
timeStep,numberOfRobotsOnBlackSite,numberOfRobotsOnWhiteSite
13151,26,14
timeStep,numberOfRobotsOnBlackSite,numberOfRobotsOnWhiteSite
13152,26,14
timeStep,numberOfRobotsOnBlackSite,numberOfRobotsOnWhiteSite
13153,26,14
timeStep,numberOfRobotsOnBlackSite,numberOfRobotsOnWhiteSite
13154,26,14
timeStep,numberOfRobotsOnBlackSite,numberOfRobotsOnWhiteSite
13155,26,14
timeStep,numberOfRobotsOnBlackSite,numberOfRobotsOnWhiteSite
13156,26,14
timeStep,numberOfRobotsOnBlackSite,numberOfRobotsOnWhiteSite
13157,26,14
timeStep,numberOfRobotsOnBlackSite,numberOfRobotsOnWhiteSite
13158,26,14
timeStep,numberOfRobotsOnBlackSite,numberOfRobotsOnWhiteSite
13159,26,14
timeStep,numberOfRobotsOnBlackSite,numberOfRobotsOnWhiteSite
13160,26,14
timeStep,numberOfRobotsOnBlackSite,numberOfRobotsOnWhiteSite
13161,26,14
timeStep,numberOfRobotsOnBlackSite,numberOfRobotsOnWhiteSite
13162,26,14
timeStep,numberOfRobotsOnBlackSite,numberOfRobotsOnWhiteSite
13163,26,14
timeStep,numberOfRobotsOnBlackSite,numberOfRobotsOnWhiteSite
13164,26,14
timeStep,numberOfRobotsOnBlackSite,numberOfRobotsOnWhiteSite
13165,26,14
timeStep,numberOfRobotsOnBlackSite,numberOfRobotsOnWhiteSite
13166,26,14
timeStep,numberOfRobotsOnBlackSite,numberOfRobotsOnWhiteSite
13167,26,14
timeStep,numberOfRobotsOnBlackSite,numberOfRobotsOnWhiteSite
13168,26,14
timeStep,numberOfRobotsOnBlackSite,numberOfRobotsOnWhiteSite
13169,26,14
timeStep,numberOfRobotsOnBlackSite,numberOfRobotsOnWhiteSite
13170,26,14
timeStep,numberOfRobotsOnBlackSite,numberOfRobotsOnWhiteSite
13171,26,14
timeStep,numberOfRobotsOnBlackSite,numberOfRobotsOnWhiteSite
13172,26,14
timeStep,numberOfRobotsOnBlackSite,numberOfRobotsOnWhiteSite
13173,26,14
timeStep,numberOfRobotsOnBlackSite,numberOfRobotsOnWhiteSite
13174,26,14
timeStep,numberOfRobotsOnBlackSite,numberOfRobotsOnWhiteSite
13175,26,14
timeStep,numberOfRobotsOnBlackSite,numberOfRobotsOnWhiteSite
13176,26,14
timeStep,numberOfRobotsOnBlackSite,numberOfRobotsOnWhiteSite
13177,26,14
timeStep,numberOfRobotsOnBlackSite,numberOfRobotsOnWhiteSite
13178,26,14
timeStep,numberOfRobotsOnBlackSite,numberOfRobotsOnWhiteSite
13179,26,14
timeStep,numberOfRobotsOnBlackSite,numberOfRobotsOnWhiteSite
13180,26,14
timeStep,numberOfRobotsOnBlackSite,numberOfRobotsOnWhiteSite
13181,26,14
timeStep,numberOfRobotsOnBlackSite,numberOfRobotsOnWhiteSite
13182,26,14
timeStep,numberOfRobotsOnBlackSite,numberOfRobotsOnWhiteSite
13183,26,14
timeStep,numberOfRobotsOnBlackSite,numberOfRobotsOnWhiteSite
13184,26,14
timeStep,numberOfRobotsOnBlackSite,numberOfRobotsOnWhiteSite
13185,26,15
timeStep,numberOfRobotsOnBlackSite,numberOfRobotsOnWhiteSite
13186,26,15
timeStep,numberOfRobotsOnBlackSite,numberOfRobotsOnWhiteSite
13187,26,15
timeStep,numberOfRobotsOnBlackSite,numberOfRobotsOnWhiteSite
13188,26,15
timeStep,numberOfRobotsOnBlackSite,numberOfRobotsOnWhiteSite
13189,26,15
timeStep,numberOfRobotsOnBlackSite,numberOfRobotsOnWhiteSite
13190,26,15
timeStep,numberOfRobotsOnBlackSite,numberOfRobotsOnWhiteSite
13191,26,15
timeStep,numberOfRobotsOnBlackSite,numberOfRobotsOnWhiteSite
13192,26,15
timeStep,numberOfRobotsOnBlackSite,numberOfRobotsOnWhiteSite
13193,26,15
timeStep,numberOfRobotsOnBlackSite,numberOfRobotsOnWhiteSite
13194,26,15
timeStep,numberOfRobotsOnBlackSite,numberOfRobotsOnWhiteSite
13195,26,15
timeStep,numberOfRobotsOnBlackSite,numberOfRobotsOnWhiteSite
13196,26,15
timeStep,numberOfRobotsOnBlackSite,numberOfRobotsOnWhiteSite
13197,26,15
timeStep,numberOfRobotsOnBlackSite,numberOfRobotsOnWhiteSite
13198,26,15
timeStep,numberOfRobotsOnBlackSite,numberOfRobotsOnWhiteSite
13199,26,15
timeStep,numberOfRobotsOnBlackSite,numberOfRobotsOnWhiteSite
13200,26,15
timeStep,numberOfRobotsOnBlackSite,numberOfRobotsOnWhiteSite
13201,26,15
timeStep,numberOfRobotsOnBlackSite,numberOfRobotsOnWhiteSite
13202,26,15
timeStep,numberOfRobotsOnBlackSite,numberOfRobotsOnWhiteSite
13203,26,15
timeStep,numberOfRobotsOnBlackSite,numberOfRobotsOnWhiteSite
13204,26,15
timeStep,numberOfRobotsOnBlackSite,numberOfRobotsOnWhiteSite
13205,26,15
timeStep,numberOfRobotsOnBlackSite,numberOfRobotsOnWhiteSite
13206,26,15
timeStep,numberOfRobotsOnBlackSite,numberOfRobotsOnWhiteSite
13207,26,15
timeStep,numberOfRobotsOnBlackSite,numberOfRobotsOnWhiteSite
13208,26,15
timeStep,numberOfRobotsOnBlackSite,numberOfRobotsOnWhiteSite
13209,26,15
timeStep,numberOfRobotsOnBlackSite,numberOfRobotsOnWhiteSite
13210,26,15
timeStep,numberOfRobotsOnBlackSite,numberOfRobotsOnWhiteSite
13211,26,15
timeStep,numberOfRobotsOnBlackSite,numberOfRobotsOnWhiteSite
13212,26,15
timeStep,numberOfRobotsOnBlackSite,numberOfRobotsOnWhiteSite
13213,26,15
timeStep,numberOfRobotsOnBlackSite,numberOfRobotsOnWhiteSite
13214,26,15
timeStep,numberOfRobotsOnBlackSite,numberOfRobotsOnWhiteSite
13215,26,15
timeStep,numberOfRobotsOnBlackSite,numberOfRobotsOnWhiteSite
13216,26,15
timeStep,numberOfRobotsOnBlackSite,numberOfRobotsOnWhiteSite
13217,26,15
timeStep,numberOfRobotsOnBlackSite,numberOfRobotsOnWhiteSite
13218,26,15
timeStep,numberOfRobotsOnBlackSite,numberOfRobotsOnWhiteSite
13219,26,15
timeStep,numberOfRobotsOnBlackSite,numberOfRobotsOnWhiteSite
13220,26,15
timeStep,numberOfRobotsOnBlackSite,numberOfRobotsOnWhiteSite
13221,26,15
timeStep,numberOfRobotsOnBlackSite,numberOfRobotsOnWhiteSite
13222,26,15
timeStep,numberOfRobotsOnBlackSite,numberOfRobotsOnWhiteSite
13223,26,15
timeStep,numberOfRobotsOnBlackSite,numberOfRobotsOnWhiteSite
13224,26,15
timeStep,numberOfRobotsOnBlackSite,numberOfRobotsOnWhiteSite
13225,26,15
timeStep,numberOfRobotsOnBlackSite,numberOfRobotsOnWhiteSite
13226,26,15
timeStep,numberOfRobotsOnBlackSite,numberOfRobotsOnWhiteSite
13227,26,15
timeStep,numberOfRobotsOnBlackSite,numberOfRobotsOnWhiteSite
13228,26,15
timeStep,numberOfRobotsOnBlackSite,numberOfRobotsOnWhiteSite
13229,26,15
timeStep,numberOfRobotsOnBlackSite,numberOfRobotsOnWhiteSite
13230,26,15
timeStep,numberOfRobotsOnBlackSite,numberOfRobotsOnWhiteSite
13231,26,15
timeStep,numberOfRobotsOnBlackSite,numberOfRobotsOnWhiteSite
13232,26,15
timeStep,numberOfRobotsOnBlackSite,numberOfRobotsOnWhiteSite
13233,26,15
timeStep,numberOfRobotsOnBlackSite,numberOfRobotsOnWhiteSite
13234,26,15
timeStep,numberOfRobotsOnBlackSite,numberOfRobotsOnWhiteSite
13235,26,15
timeStep,numberOfRobotsOnBlackSite,numberOfRobotsOnWhiteSite
13236,26,15
timeStep,numberOfRobotsOnBlackSite,numberOfRobotsOnWhiteSite
13237,26,15
timeStep,numberOfRobotsOnBlackSite,numberOfRobotsOnWhiteSite
13238,26,15
timeStep,numberOfRobotsOnBlackSite,numberOfRobotsOnWhiteSite
13239,26,15
timeStep,numberOfRobotsOnBlackSite,numberOfRobotsOnWhiteSite
13240,26,15
timeStep,numberOfRobotsOnBlackSite,numberOfRobotsOnWhiteSite
13241,26,15
timeStep,numberOfRobotsOnBlackSite,numberOfRobotsOnWhiteSite
13242,26,15
timeStep,numberOfRobotsOnBlackSite,numberOfRobotsOnWhiteSite
13243,26,15
timeStep,numberOfRobotsOnBlackSite,numberOfRobotsOnWhiteSite
13244,26,15
timeStep,numberOfRobotsOnBlackSite,numberOfRobotsOnWhiteSite
13245,26,15
timeStep,numberOfRobotsOnBlackSite,numberOfRobotsOnWhiteSite
13246,26,15
timeStep,numberOfRobotsOnBlackSite,numberOfRobotsOnWhiteSite
13247,26,15
timeStep,numberOfRobotsOnBlackSite,numberOfRobotsOnWhiteSite
13248,26,15
timeStep,numberOfRobotsOnBlackSite,numberOfRobotsOnWhiteSite
13249,26,15
timeStep,numberOfRobotsOnBlackSite,numberOfRobotsOnWhiteSite
13250,26,15
timeStep,numberOfRobotsOnBlackSite,numberOfRobotsOnWhiteSite
13251,26,15
timeStep,numberOfRobotsOnBlackSite,numberOfRobotsOnWhiteSite
13252,26,15
timeStep,numberOfRobotsOnBlackSite,numberOfRobotsOnWhiteSite
13253,26,15
timeStep,numberOfRobotsOnBlackSite,numberOfRobotsOnWhiteSite
13254,26,15
timeStep,numberOfRobotsOnBlackSite,numberOfRobotsOnWhiteSite
13255,26,15
timeStep,numberOfRobotsOnBlackSite,numberOfRobotsOnWhiteSite
13256,26,15
timeStep,numberOfRobotsOnBlackSite,numberOfRobotsOnWhiteSite
13257,26,15
timeStep,numberOfRobotsOnBlackSite,numberOfRobotsOnWhiteSite
13258,26,15
timeStep,numberOfRobotsOnBlackSite,numberOfRobotsOnWhiteSite
13259,26,15
timeStep,numberOfRobotsOnBlackSite,numberOfRobotsOnWhiteSite
13260,26,15
timeStep,numberOfRobotsOnBlackSite,numberOfRobotsOnWhiteSite
13261,26,15
timeStep,numberOfRobotsOnBlackSite,numberOfRobotsOnWhiteSite
13262,26,15
timeStep,numberOfRobotsOnBlackSite,numberOfRobotsOnWhiteSite
13263,26,15
timeStep,numberOfRobotsOnBlackSite,numberOfRobotsOnWhiteSite
13264,26,15
timeStep,numberOfRobotsOnBlackSite,numberOfRobotsOnWhiteSite
13265,26,15
timeStep,numberOfRobotsOnBlackSite,numberOfRobotsOnWhiteSite
13266,26,15
timeStep,numberOfRobotsOnBlackSite,numberOfRobotsOnWhiteSite
13267,26,15
timeStep,numberOfRobotsOnBlackSite,numberOfRobotsOnWhiteSite
13268,26,15
timeStep,numberOfRobotsOnBlackSite,numberOfRobotsOnWhiteSite
13269,26,15
timeStep,numberOfRobotsOnBlackSite,numberOfRobotsOnWhiteSite
13270,27,15
timeStep,numberOfRobotsOnBlackSite,numberOfRobotsOnWhiteSite
13271,27,15
timeStep,numberOfRobotsOnBlackSite,numberOfRobotsOnWhiteSite
13272,27,15
timeStep,numberOfRobotsOnBlackSite,numberOfRobotsOnWhiteSite
13273,27,15
timeStep,numberOfRobotsOnBlackSite,numberOfRobotsOnWhiteSite
13274,27,15
timeStep,numberOfRobotsOnBlackSite,numberOfRobotsOnWhiteSite
13275,27,15
timeStep,numberOfRobotsOnBlackSite,numberOfRobotsOnWhiteSite
13276,27,15
timeStep,numberOfRobotsOnBlackSite,numberOfRobotsOnWhiteSite
13277,27,15
timeStep,numberOfRobotsOnBlackSite,numberOfRobotsOnWhiteSite
13278,27,15
timeStep,numberOfRobotsOnBlackSite,numberOfRobotsOnWhiteSite
13279,27,15
timeStep,numberOfRobotsOnBlackSite,numberOfRobotsOnWhiteSite
13280,27,15
timeStep,numberOfRobotsOnBlackSite,numberOfRobotsOnWhiteSite
13281,27,15
timeStep,numberOfRobotsOnBlackSite,numberOfRobotsOnWhiteSite
13282,27,15
timeStep,numberOfRobotsOnBlackSite,numberOfRobotsOnWhiteSite
13283,27,15
timeStep,numberOfRobotsOnBlackSite,numberOfRobotsOnWhiteSite
13284,27,15
timeStep,numberOfRobotsOnBlackSite,numberOfRobotsOnWhiteSite
13285,27,15
timeStep,numberOfRobotsOnBlackSite,numberOfRobotsOnWhiteSite
13286,27,15
timeStep,numberOfRobotsOnBlackSite,numberOfRobotsOnWhiteSite
13287,27,15
timeStep,numberOfRobotsOnBlackSite,numberOfRobotsOnWhiteSite
13288,27,15
timeStep,numberOfRobotsOnBlackSite,numberOfRobotsOnWhiteSite
13289,27,15
timeStep,numberOfRobotsOnBlackSite,numberOfRobotsOnWhiteSite
13290,27,15
timeStep,numberOfRobotsOnBlackSite,numberOfRobotsOnWhiteSite
13291,27,15
timeStep,numberOfRobotsOnBlackSite,numberOfRobotsOnWhiteSite
13292,27,15
timeStep,numberOfRobotsOnBlackSite,numberOfRobotsOnWhiteSite
13293,27,15
timeStep,numberOfRobotsOnBlackSite,numberOfRobotsOnWhiteSite
13294,27,15
timeStep,numberOfRobotsOnBlackSite,numberOfRobotsOnWhiteSite
13295,27,15
timeStep,numberOfRobotsOnBlackSite,numberOfRobotsOnWhiteSite
13296,27,15
timeStep,numberOfRobotsOnBlackSite,numberOfRobotsOnWhiteSite
13297,27,15
timeStep,numberOfRobotsOnBlackSite,numberOfRobotsOnWhiteSite
13298,27,15
timeStep,numberOfRobotsOnBlackSite,numberOfRobotsOnWhiteSite
13299,27,15
timeStep,numberOfRobotsOnBlackSite,numberOfRobotsOnWhiteSite
13300,27,15
timeStep,numberOfRobotsOnBlackSite,numberOfRobotsOnWhiteSite
13301,27,15
timeStep,numberOfRobotsOnBlackSite,numberOfRobotsOnWhiteSite
13302,27,15
timeStep,numberOfRobotsOnBlackSite,numberOfRobotsOnWhiteSite
13303,27,15
timeStep,numberOfRobotsOnBlackSite,numberOfRobotsOnWhiteSite
13304,27,15
timeStep,numberOfRobotsOnBlackSite,numberOfRobotsOnWhiteSite
13305,27,14
timeStep,numberOfRobotsOnBlackSite,numberOfRobotsOnWhiteSite
13306,27,14
timeStep,numberOfRobotsOnBlackSite,numberOfRobotsOnWhiteSite
13307,27,14
timeStep,numberOfRobotsOnBlackSite,numberOfRobotsOnWhiteSite
13308,27,14
timeStep,numberOfRobotsOnBlackSite,numberOfRobotsOnWhiteSite
13309,27,14
timeStep,numberOfRobotsOnBlackSite,numberOfRobotsOnWhiteSite
13310,27,14
timeStep,numberOfRobotsOnBlackSite,numberOfRobotsOnWhiteSite
13311,27,14
timeStep,numberOfRobotsOnBlackSite,numberOfRobotsOnWhiteSite
13312,27,14
timeStep,numberOfRobotsOnBlackSite,numberOfRobotsOnWhiteSite
13313,27,14
timeStep,numberOfRobotsOnBlackSite,numberOfRobotsOnWhiteSite
13314,27,14
timeStep,numberOfRobotsOnBlackSite,numberOfRobotsOnWhiteSite
13315,27,14
timeStep,numberOfRobotsOnBlackSite,numberOfRobotsOnWhiteSite
13316,27,14
timeStep,numberOfRobotsOnBlackSite,numberOfRobotsOnWhiteSite
13317,27,14
timeStep,numberOfRobotsOnBlackSite,numberOfRobotsOnWhiteSite
13318,27,14
timeStep,numberOfRobotsOnBlackSite,numberOfRobotsOnWhiteSite
13319,27,14
timeStep,numberOfRobotsOnBlackSite,numberOfRobotsOnWhiteSite
13320,27,14
timeStep,numberOfRobotsOnBlackSite,numberOfRobotsOnWhiteSite
13321,27,14
timeStep,numberOfRobotsOnBlackSite,numberOfRobotsOnWhiteSite
13322,27,14
timeStep,numberOfRobotsOnBlackSite,numberOfRobotsOnWhiteSite
13323,27,14
timeStep,numberOfRobotsOnBlackSite,numberOfRobotsOnWhiteSite
13324,27,14
timeStep,numberOfRobotsOnBlackSite,numberOfRobotsOnWhiteSite
13325,27,14
timeStep,numberOfRobotsOnBlackSite,numberOfRobotsOnWhiteSite
13326,27,14
timeStep,numberOfRobotsOnBlackSite,numberOfRobotsOnWhiteSite
13327,27,14
timeStep,numberOfRobotsOnBlackSite,numberOfRobotsOnWhiteSite
13328,27,14
timeStep,numberOfRobotsOnBlackSite,numberOfRobotsOnWhiteSite
13329,27,14
timeStep,numberOfRobotsOnBlackSite,numberOfRobotsOnWhiteSite
13330,27,14
timeStep,numberOfRobotsOnBlackSite,numberOfRobotsOnWhiteSite
13331,27,14
timeStep,numberOfRobotsOnBlackSite,numberOfRobotsOnWhiteSite
13332,27,14
timeStep,numberOfRobotsOnBlackSite,numberOfRobotsOnWhiteSite
13333,27,14
timeStep,numberOfRobotsOnBlackSite,numberOfRobotsOnWhiteSite
13334,27,14
timeStep,numberOfRobotsOnBlackSite,numberOfRobotsOnWhiteSite
13335,27,14
timeStep,numberOfRobotsOnBlackSite,numberOfRobotsOnWhiteSite
13336,27,14
timeStep,numberOfRobotsOnBlackSite,numberOfRobotsOnWhiteSite
13337,27,14
timeStep,numberOfRobotsOnBlackSite,numberOfRobotsOnWhiteSite
13338,27,14
timeStep,numberOfRobotsOnBlackSite,numberOfRobotsOnWhiteSite
13339,27,14
timeStep,numberOfRobotsOnBlackSite,numberOfRobotsOnWhiteSite
13340,27,15
timeStep,numberOfRobotsOnBlackSite,numberOfRobotsOnWhiteSite
13341,27,15
timeStep,numberOfRobotsOnBlackSite,numberOfRobotsOnWhiteSite
13342,27,15
timeStep,numberOfRobotsOnBlackSite,numberOfRobotsOnWhiteSite
13343,27,15
timeStep,numberOfRobotsOnBlackSite,numberOfRobotsOnWhiteSite
13344,27,15
timeStep,numberOfRobotsOnBlackSite,numberOfRobotsOnWhiteSite
13345,27,15
timeStep,numberOfRobotsOnBlackSite,numberOfRobotsOnWhiteSite
13346,27,15
timeStep,numberOfRobotsOnBlackSite,numberOfRobotsOnWhiteSite
13347,27,15
timeStep,numberOfRobotsOnBlackSite,numberOfRobotsOnWhiteSite
13348,27,15
timeStep,numberOfRobotsOnBlackSite,numberOfRobotsOnWhiteSite
13349,27,15
timeStep,numberOfRobotsOnBlackSite,numberOfRobotsOnWhiteSite
13350,27,15
timeStep,numberOfRobotsOnBlackSite,numberOfRobotsOnWhiteSite
13351,27,15
timeStep,numberOfRobotsOnBlackSite,numberOfRobotsOnWhiteSite
13352,27,15
timeStep,numberOfRobotsOnBlackSite,numberOfRobotsOnWhiteSite
13353,27,15
timeStep,numberOfRobotsOnBlackSite,numberOfRobotsOnWhiteSite
13354,27,15
timeStep,numberOfRobotsOnBlackSite,numberOfRobotsOnWhiteSite
13355,27,15
timeStep,numberOfRobotsOnBlackSite,numberOfRobotsOnWhiteSite
13356,27,15
timeStep,numberOfRobotsOnBlackSite,numberOfRobotsOnWhiteSite
13357,27,15
timeStep,numberOfRobotsOnBlackSite,numberOfRobotsOnWhiteSite
13358,27,15
timeStep,numberOfRobotsOnBlackSite,numberOfRobotsOnWhiteSite
13359,27,15
timeStep,numberOfRobotsOnBlackSite,numberOfRobotsOnWhiteSite
13360,27,15
timeStep,numberOfRobotsOnBlackSite,numberOfRobotsOnWhiteSite
13361,27,15
timeStep,numberOfRobotsOnBlackSite,numberOfRobotsOnWhiteSite
13362,27,15
timeStep,numberOfRobotsOnBlackSite,numberOfRobotsOnWhiteSite
13363,27,15
timeStep,numberOfRobotsOnBlackSite,numberOfRobotsOnWhiteSite
13364,27,15
timeStep,numberOfRobotsOnBlackSite,numberOfRobotsOnWhiteSite
13365,27,15
timeStep,numberOfRobotsOnBlackSite,numberOfRobotsOnWhiteSite
13366,27,15
timeStep,numberOfRobotsOnBlackSite,numberOfRobotsOnWhiteSite
13367,27,15
timeStep,numberOfRobotsOnBlackSite,numberOfRobotsOnWhiteSite
13368,27,15
timeStep,numberOfRobotsOnBlackSite,numberOfRobotsOnWhiteSite
13369,27,15
timeStep,numberOfRobotsOnBlackSite,numberOfRobotsOnWhiteSite
13370,27,15
timeStep,numberOfRobotsOnBlackSite,numberOfRobotsOnWhiteSite
13371,27,15
timeStep,numberOfRobotsOnBlackSite,numberOfRobotsOnWhiteSite
13372,27,15
timeStep,numberOfRobotsOnBlackSite,numberOfRobotsOnWhiteSite
13373,27,15
timeStep,numberOfRobotsOnBlackSite,numberOfRobotsOnWhiteSite
13374,27,15
timeStep,numberOfRobotsOnBlackSite,numberOfRobotsOnWhiteSite
13375,27,15
timeStep,numberOfRobotsOnBlackSite,numberOfRobotsOnWhiteSite
13376,27,15
timeStep,numberOfRobotsOnBlackSite,numberOfRobotsOnWhiteSite
13377,27,15
timeStep,numberOfRobotsOnBlackSite,numberOfRobotsOnWhiteSite
13378,27,15
timeStep,numberOfRobotsOnBlackSite,numberOfRobotsOnWhiteSite
13379,27,15
timeStep,numberOfRobotsOnBlackSite,numberOfRobotsOnWhiteSite
13380,27,15
timeStep,numberOfRobotsOnBlackSite,numberOfRobotsOnWhiteSite
13381,27,15
timeStep,numberOfRobotsOnBlackSite,numberOfRobotsOnWhiteSite
13382,27,15
timeStep,numberOfRobotsOnBlackSite,numberOfRobotsOnWhiteSite
13383,27,15
timeStep,numberOfRobotsOnBlackSite,numberOfRobotsOnWhiteSite
13384,27,15
timeStep,numberOfRobotsOnBlackSite,numberOfRobotsOnWhiteSite
13385,27,15
timeStep,numberOfRobotsOnBlackSite,numberOfRobotsOnWhiteSite
13386,27,15
timeStep,numberOfRobotsOnBlackSite,numberOfRobotsOnWhiteSite
13387,27,15
timeStep,numberOfRobotsOnBlackSite,numberOfRobotsOnWhiteSite
13388,27,15
timeStep,numberOfRobotsOnBlackSite,numberOfRobotsOnWhiteSite
13389,27,15
timeStep,numberOfRobotsOnBlackSite,numberOfRobotsOnWhiteSite
13390,27,15
timeStep,numberOfRobotsOnBlackSite,numberOfRobotsOnWhiteSite
13391,27,15
timeStep,numberOfRobotsOnBlackSite,numberOfRobotsOnWhiteSite
13392,27,15
timeStep,numberOfRobotsOnBlackSite,numberOfRobotsOnWhiteSite
13393,27,15
timeStep,numberOfRobotsOnBlackSite,numberOfRobotsOnWhiteSite
13394,27,15
timeStep,numberOfRobotsOnBlackSite,numberOfRobotsOnWhiteSite
13395,27,15
timeStep,numberOfRobotsOnBlackSite,numberOfRobotsOnWhiteSite
13396,27,15
timeStep,numberOfRobotsOnBlackSite,numberOfRobotsOnWhiteSite
13397,27,15
timeStep,numberOfRobotsOnBlackSite,numberOfRobotsOnWhiteSite
13398,27,15
timeStep,numberOfRobotsOnBlackSite,numberOfRobotsOnWhiteSite
13399,27,15
timeStep,numberOfRobotsOnBlackSite,numberOfRobotsOnWhiteSite
13400,27,15
timeStep,numberOfRobotsOnBlackSite,numberOfRobotsOnWhiteSite
13401,27,15
timeStep,numberOfRobotsOnBlackSite,numberOfRobotsOnWhiteSite
13402,27,15
timeStep,numberOfRobotsOnBlackSite,numberOfRobotsOnWhiteSite
13403,27,15
timeStep,numberOfRobotsOnBlackSite,numberOfRobotsOnWhiteSite
13404,27,15
timeStep,numberOfRobotsOnBlackSite,numberOfRobotsOnWhiteSite
13405,27,15
timeStep,numberOfRobotsOnBlackSite,numberOfRobotsOnWhiteSite
13406,27,15
timeStep,numberOfRobotsOnBlackSite,numberOfRobotsOnWhiteSite
13407,27,15
timeStep,numberOfRobotsOnBlackSite,numberOfRobotsOnWhiteSite
13408,27,15
timeStep,numberOfRobotsOnBlackSite,numberOfRobotsOnWhiteSite
13409,27,15
timeStep,numberOfRobotsOnBlackSite,numberOfRobotsOnWhiteSite
13410,27,15
timeStep,numberOfRobotsOnBlackSite,numberOfRobotsOnWhiteSite
13411,27,15
timeStep,numberOfRobotsOnBlackSite,numberOfRobotsOnWhiteSite
13412,27,15
timeStep,numberOfRobotsOnBlackSite,numberOfRobotsOnWhiteSite
13413,27,15
timeStep,numberOfRobotsOnBlackSite,numberOfRobotsOnWhiteSite
13414,27,15
timeStep,numberOfRobotsOnBlackSite,numberOfRobotsOnWhiteSite
13415,27,15
timeStep,numberOfRobotsOnBlackSite,numberOfRobotsOnWhiteSite
13416,27,15
timeStep,numberOfRobotsOnBlackSite,numberOfRobotsOnWhiteSite
13417,27,15
timeStep,numberOfRobotsOnBlackSite,numberOfRobotsOnWhiteSite
13418,27,15
timeStep,numberOfRobotsOnBlackSite,numberOfRobotsOnWhiteSite
13419,27,15
timeStep,numberOfRobotsOnBlackSite,numberOfRobotsOnWhiteSite
13420,27,15
timeStep,numberOfRobotsOnBlackSite,numberOfRobotsOnWhiteSite
13421,27,15
timeStep,numberOfRobotsOnBlackSite,numberOfRobotsOnWhiteSite
13422,27,15
timeStep,numberOfRobotsOnBlackSite,numberOfRobotsOnWhiteSite
13423,27,15
timeStep,numberOfRobotsOnBlackSite,numberOfRobotsOnWhiteSite
13424,27,15
timeStep,numberOfRobotsOnBlackSite,numberOfRobotsOnWhiteSite
13425,27,15
timeStep,numberOfRobotsOnBlackSite,numberOfRobotsOnWhiteSite
13426,27,15
timeStep,numberOfRobotsOnBlackSite,numberOfRobotsOnWhiteSite
13427,27,15
timeStep,numberOfRobotsOnBlackSite,numberOfRobotsOnWhiteSite
13428,27,15
timeStep,numberOfRobotsOnBlackSite,numberOfRobotsOnWhiteSite
13429,27,15
timeStep,numberOfRobotsOnBlackSite,numberOfRobotsOnWhiteSite
13430,27,15
timeStep,numberOfRobotsOnBlackSite,numberOfRobotsOnWhiteSite
13431,27,15
timeStep,numberOfRobotsOnBlackSite,numberOfRobotsOnWhiteSite
13432,27,15
timeStep,numberOfRobotsOnBlackSite,numberOfRobotsOnWhiteSite
13433,27,15
timeStep,numberOfRobotsOnBlackSite,numberOfRobotsOnWhiteSite
13434,27,15
timeStep,numberOfRobotsOnBlackSite,numberOfRobotsOnWhiteSite
13435,27,15
timeStep,numberOfRobotsOnBlackSite,numberOfRobotsOnWhiteSite
13436,27,15
timeStep,numberOfRobotsOnBlackSite,numberOfRobotsOnWhiteSite
13437,27,15
timeStep,numberOfRobotsOnBlackSite,numberOfRobotsOnWhiteSite
13438,27,15
timeStep,numberOfRobotsOnBlackSite,numberOfRobotsOnWhiteSite
13439,27,15
timeStep,numberOfRobotsOnBlackSite,numberOfRobotsOnWhiteSite
13440,27,15
timeStep,numberOfRobotsOnBlackSite,numberOfRobotsOnWhiteSite
13441,27,15
timeStep,numberOfRobotsOnBlackSite,numberOfRobotsOnWhiteSite
13442,27,15
timeStep,numberOfRobotsOnBlackSite,numberOfRobotsOnWhiteSite
13443,27,15
timeStep,numberOfRobotsOnBlackSite,numberOfRobotsOnWhiteSite
13444,27,15
timeStep,numberOfRobotsOnBlackSite,numberOfRobotsOnWhiteSite
13445,27,15
timeStep,numberOfRobotsOnBlackSite,numberOfRobotsOnWhiteSite
13446,27,15
timeStep,numberOfRobotsOnBlackSite,numberOfRobotsOnWhiteSite
13447,27,15
timeStep,numberOfRobotsOnBlackSite,numberOfRobotsOnWhiteSite
13448,27,15
timeStep,numberOfRobotsOnBlackSite,numberOfRobotsOnWhiteSite
13449,27,15
timeStep,numberOfRobotsOnBlackSite,numberOfRobotsOnWhiteSite
13450,27,15
timeStep,numberOfRobotsOnBlackSite,numberOfRobotsOnWhiteSite
13451,27,15
timeStep,numberOfRobotsOnBlackSite,numberOfRobotsOnWhiteSite
13452,27,15
timeStep,numberOfRobotsOnBlackSite,numberOfRobotsOnWhiteSite
13453,27,15
timeStep,numberOfRobotsOnBlackSite,numberOfRobotsOnWhiteSite
13454,27,15
timeStep,numberOfRobotsOnBlackSite,numberOfRobotsOnWhiteSite
13455,27,15
timeStep,numberOfRobotsOnBlackSite,numberOfRobotsOnWhiteSite
13456,27,15
timeStep,numberOfRobotsOnBlackSite,numberOfRobotsOnWhiteSite
13457,27,15
timeStep,numberOfRobotsOnBlackSite,numberOfRobotsOnWhiteSite
13458,27,15
timeStep,numberOfRobotsOnBlackSite,numberOfRobotsOnWhiteSite
13459,27,15
timeStep,numberOfRobotsOnBlackSite,numberOfRobotsOnWhiteSite
13460,27,15
timeStep,numberOfRobotsOnBlackSite,numberOfRobotsOnWhiteSite
13461,27,15
timeStep,numberOfRobotsOnBlackSite,numberOfRobotsOnWhiteSite
13462,27,15
timeStep,numberOfRobotsOnBlackSite,numberOfRobotsOnWhiteSite
13463,27,15
timeStep,numberOfRobotsOnBlackSite,numberOfRobotsOnWhiteSite
13464,27,15
timeStep,numberOfRobotsOnBlackSite,numberOfRobotsOnWhiteSite
13465,27,15
timeStep,numberOfRobotsOnBlackSite,numberOfRobotsOnWhiteSite
13466,27,15
timeStep,numberOfRobotsOnBlackSite,numberOfRobotsOnWhiteSite
13467,27,15
timeStep,numberOfRobotsOnBlackSite,numberOfRobotsOnWhiteSite
13468,27,15
timeStep,numberOfRobotsOnBlackSite,numberOfRobotsOnWhiteSite
13469,27,15
timeStep,numberOfRobotsOnBlackSite,numberOfRobotsOnWhiteSite
13470,27,15
timeStep,numberOfRobotsOnBlackSite,numberOfRobotsOnWhiteSite
13471,27,15
timeStep,numberOfRobotsOnBlackSite,numberOfRobotsOnWhiteSite
13472,27,15
timeStep,numberOfRobotsOnBlackSite,numberOfRobotsOnWhiteSite
13473,27,15
timeStep,numberOfRobotsOnBlackSite,numberOfRobotsOnWhiteSite
13474,27,15
timeStep,numberOfRobotsOnBlackSite,numberOfRobotsOnWhiteSite
13475,27,15
timeStep,numberOfRobotsOnBlackSite,numberOfRobotsOnWhiteSite
13476,27,15
timeStep,numberOfRobotsOnBlackSite,numberOfRobotsOnWhiteSite
13477,27,15
timeStep,numberOfRobotsOnBlackSite,numberOfRobotsOnWhiteSite
13478,27,15
timeStep,numberOfRobotsOnBlackSite,numberOfRobotsOnWhiteSite
13479,27,15
timeStep,numberOfRobotsOnBlackSite,numberOfRobotsOnWhiteSite
13480,27,15
timeStep,numberOfRobotsOnBlackSite,numberOfRobotsOnWhiteSite
13481,27,15
timeStep,numberOfRobotsOnBlackSite,numberOfRobotsOnWhiteSite
13482,27,15
timeStep,numberOfRobotsOnBlackSite,numberOfRobotsOnWhiteSite
13483,27,15
timeStep,numberOfRobotsOnBlackSite,numberOfRobotsOnWhiteSite
13484,27,15
timeStep,numberOfRobotsOnBlackSite,numberOfRobotsOnWhiteSite
13485,28,15
timeStep,numberOfRobotsOnBlackSite,numberOfRobotsOnWhiteSite
13486,28,15
timeStep,numberOfRobotsOnBlackSite,numberOfRobotsOnWhiteSite
13487,28,15
timeStep,numberOfRobotsOnBlackSite,numberOfRobotsOnWhiteSite
13488,28,15
timeStep,numberOfRobotsOnBlackSite,numberOfRobotsOnWhiteSite
13489,28,15
timeStep,numberOfRobotsOnBlackSite,numberOfRobotsOnWhiteSite
13490,28,15
timeStep,numberOfRobotsOnBlackSite,numberOfRobotsOnWhiteSite
13491,28,15
timeStep,numberOfRobotsOnBlackSite,numberOfRobotsOnWhiteSite
13492,28,15
timeStep,numberOfRobotsOnBlackSite,numberOfRobotsOnWhiteSite
13493,28,15
timeStep,numberOfRobotsOnBlackSite,numberOfRobotsOnWhiteSite
13494,28,15
timeStep,numberOfRobotsOnBlackSite,numberOfRobotsOnWhiteSite
13495,27,15
timeStep,numberOfRobotsOnBlackSite,numberOfRobotsOnWhiteSite
13496,27,15
timeStep,numberOfRobotsOnBlackSite,numberOfRobotsOnWhiteSite
13497,27,15
timeStep,numberOfRobotsOnBlackSite,numberOfRobotsOnWhiteSite
13498,27,15
timeStep,numberOfRobotsOnBlackSite,numberOfRobotsOnWhiteSite
13499,27,15
timeStep,numberOfRobotsOnBlackSite,numberOfRobotsOnWhiteSite
13500,27,15
timeStep,numberOfRobotsOnBlackSite,numberOfRobotsOnWhiteSite
13501,27,15
timeStep,numberOfRobotsOnBlackSite,numberOfRobotsOnWhiteSite
13502,27,15
timeStep,numberOfRobotsOnBlackSite,numberOfRobotsOnWhiteSite
13503,27,15
timeStep,numberOfRobotsOnBlackSite,numberOfRobotsOnWhiteSite
13504,27,15
timeStep,numberOfRobotsOnBlackSite,numberOfRobotsOnWhiteSite
13505,27,15
timeStep,numberOfRobotsOnBlackSite,numberOfRobotsOnWhiteSite
13506,27,15
timeStep,numberOfRobotsOnBlackSite,numberOfRobotsOnWhiteSite
13507,27,15
timeStep,numberOfRobotsOnBlackSite,numberOfRobotsOnWhiteSite
13508,27,15
timeStep,numberOfRobotsOnBlackSite,numberOfRobotsOnWhiteSite
13509,27,15
timeStep,numberOfRobotsOnBlackSite,numberOfRobotsOnWhiteSite
13510,27,15
timeStep,numberOfRobotsOnBlackSite,numberOfRobotsOnWhiteSite
13511,27,15
timeStep,numberOfRobotsOnBlackSite,numberOfRobotsOnWhiteSite
13512,27,15
timeStep,numberOfRobotsOnBlackSite,numberOfRobotsOnWhiteSite
13513,27,15
timeStep,numberOfRobotsOnBlackSite,numberOfRobotsOnWhiteSite
13514,27,15
timeStep,numberOfRobotsOnBlackSite,numberOfRobotsOnWhiteSite
13515,27,15
timeStep,numberOfRobotsOnBlackSite,numberOfRobotsOnWhiteSite
13516,27,15
timeStep,numberOfRobotsOnBlackSite,numberOfRobotsOnWhiteSite
13517,27,15
timeStep,numberOfRobotsOnBlackSite,numberOfRobotsOnWhiteSite
13518,27,15
timeStep,numberOfRobotsOnBlackSite,numberOfRobotsOnWhiteSite
13519,27,15
timeStep,numberOfRobotsOnBlackSite,numberOfRobotsOnWhiteSite
13520,27,15
timeStep,numberOfRobotsOnBlackSite,numberOfRobotsOnWhiteSite
13521,27,15
timeStep,numberOfRobotsOnBlackSite,numberOfRobotsOnWhiteSite
13522,27,15
timeStep,numberOfRobotsOnBlackSite,numberOfRobotsOnWhiteSite
13523,27,15
timeStep,numberOfRobotsOnBlackSite,numberOfRobotsOnWhiteSite
13524,27,15
timeStep,numberOfRobotsOnBlackSite,numberOfRobotsOnWhiteSite
13525,27,15
timeStep,numberOfRobotsOnBlackSite,numberOfRobotsOnWhiteSite
13526,27,15
timeStep,numberOfRobotsOnBlackSite,numberOfRobotsOnWhiteSite
13527,27,15
timeStep,numberOfRobotsOnBlackSite,numberOfRobotsOnWhiteSite
13528,27,15
timeStep,numberOfRobotsOnBlackSite,numberOfRobotsOnWhiteSite
13529,27,15
timeStep,numberOfRobotsOnBlackSite,numberOfRobotsOnWhiteSite
13530,27,15
timeStep,numberOfRobotsOnBlackSite,numberOfRobotsOnWhiteSite
13531,27,15
timeStep,numberOfRobotsOnBlackSite,numberOfRobotsOnWhiteSite
13532,27,15
timeStep,numberOfRobotsOnBlackSite,numberOfRobotsOnWhiteSite
13533,27,15
timeStep,numberOfRobotsOnBlackSite,numberOfRobotsOnWhiteSite
13534,27,15
timeStep,numberOfRobotsOnBlackSite,numberOfRobotsOnWhiteSite
13535,27,15
timeStep,numberOfRobotsOnBlackSite,numberOfRobotsOnWhiteSite
13536,27,15
timeStep,numberOfRobotsOnBlackSite,numberOfRobotsOnWhiteSite
13537,27,15
timeStep,numberOfRobotsOnBlackSite,numberOfRobotsOnWhiteSite
13538,27,15
timeStep,numberOfRobotsOnBlackSite,numberOfRobotsOnWhiteSite
13539,27,15
timeStep,numberOfRobotsOnBlackSite,numberOfRobotsOnWhiteSite
13540,27,15
timeStep,numberOfRobotsOnBlackSite,numberOfRobotsOnWhiteSite
13541,27,15
timeStep,numberOfRobotsOnBlackSite,numberOfRobotsOnWhiteSite
13542,27,15
timeStep,numberOfRobotsOnBlackSite,numberOfRobotsOnWhiteSite
13543,27,15
timeStep,numberOfRobotsOnBlackSite,numberOfRobotsOnWhiteSite
13544,27,15
timeStep,numberOfRobotsOnBlackSite,numberOfRobotsOnWhiteSite
13545,27,14
timeStep,numberOfRobotsOnBlackSite,numberOfRobotsOnWhiteSite
13546,27,14
timeStep,numberOfRobotsOnBlackSite,numberOfRobotsOnWhiteSite
13547,27,14
timeStep,numberOfRobotsOnBlackSite,numberOfRobotsOnWhiteSite
13548,27,14
timeStep,numberOfRobotsOnBlackSite,numberOfRobotsOnWhiteSite
13549,27,14
timeStep,numberOfRobotsOnBlackSite,numberOfRobotsOnWhiteSite
13550,27,14
timeStep,numberOfRobotsOnBlackSite,numberOfRobotsOnWhiteSite
13551,27,14
timeStep,numberOfRobotsOnBlackSite,numberOfRobotsOnWhiteSite
13552,27,14
timeStep,numberOfRobotsOnBlackSite,numberOfRobotsOnWhiteSite
13553,27,14
timeStep,numberOfRobotsOnBlackSite,numberOfRobotsOnWhiteSite
13554,27,14
timeStep,numberOfRobotsOnBlackSite,numberOfRobotsOnWhiteSite
13555,27,14
timeStep,numberOfRobotsOnBlackSite,numberOfRobotsOnWhiteSite
13556,27,14
timeStep,numberOfRobotsOnBlackSite,numberOfRobotsOnWhiteSite
13557,27,14
timeStep,numberOfRobotsOnBlackSite,numberOfRobotsOnWhiteSite
13558,27,14
timeStep,numberOfRobotsOnBlackSite,numberOfRobotsOnWhiteSite
13559,27,14
timeStep,numberOfRobotsOnBlackSite,numberOfRobotsOnWhiteSite
13560,27,14
timeStep,numberOfRobotsOnBlackSite,numberOfRobotsOnWhiteSite
13561,27,14
timeStep,numberOfRobotsOnBlackSite,numberOfRobotsOnWhiteSite
13562,27,14
timeStep,numberOfRobotsOnBlackSite,numberOfRobotsOnWhiteSite
13563,27,14
timeStep,numberOfRobotsOnBlackSite,numberOfRobotsOnWhiteSite
13564,27,14
timeStep,numberOfRobotsOnBlackSite,numberOfRobotsOnWhiteSite
13565,27,14
timeStep,numberOfRobotsOnBlackSite,numberOfRobotsOnWhiteSite
13566,27,14
timeStep,numberOfRobotsOnBlackSite,numberOfRobotsOnWhiteSite
13567,27,14
timeStep,numberOfRobotsOnBlackSite,numberOfRobotsOnWhiteSite
13568,27,14
timeStep,numberOfRobotsOnBlackSite,numberOfRobotsOnWhiteSite
13569,27,14
timeStep,numberOfRobotsOnBlackSite,numberOfRobotsOnWhiteSite
13570,27,13
timeStep,numberOfRobotsOnBlackSite,numberOfRobotsOnWhiteSite
13571,27,13
timeStep,numberOfRobotsOnBlackSite,numberOfRobotsOnWhiteSite
13572,27,13
timeStep,numberOfRobotsOnBlackSite,numberOfRobotsOnWhiteSite
13573,27,13
timeStep,numberOfRobotsOnBlackSite,numberOfRobotsOnWhiteSite
13574,27,13
timeStep,numberOfRobotsOnBlackSite,numberOfRobotsOnWhiteSite
13575,27,13
timeStep,numberOfRobotsOnBlackSite,numberOfRobotsOnWhiteSite
13576,27,13
timeStep,numberOfRobotsOnBlackSite,numberOfRobotsOnWhiteSite
13577,27,13
timeStep,numberOfRobotsOnBlackSite,numberOfRobotsOnWhiteSite
13578,27,13
timeStep,numberOfRobotsOnBlackSite,numberOfRobotsOnWhiteSite
13579,27,13
timeStep,numberOfRobotsOnBlackSite,numberOfRobotsOnWhiteSite
13580,27,13
timeStep,numberOfRobotsOnBlackSite,numberOfRobotsOnWhiteSite
13581,27,13
timeStep,numberOfRobotsOnBlackSite,numberOfRobotsOnWhiteSite
13582,27,13
timeStep,numberOfRobotsOnBlackSite,numberOfRobotsOnWhiteSite
13583,27,13
timeStep,numberOfRobotsOnBlackSite,numberOfRobotsOnWhiteSite
13584,27,13
timeStep,numberOfRobotsOnBlackSite,numberOfRobotsOnWhiteSite
13585,27,13
timeStep,numberOfRobotsOnBlackSite,numberOfRobotsOnWhiteSite
13586,27,13
timeStep,numberOfRobotsOnBlackSite,numberOfRobotsOnWhiteSite
13587,27,13
timeStep,numberOfRobotsOnBlackSite,numberOfRobotsOnWhiteSite
13588,27,13
timeStep,numberOfRobotsOnBlackSite,numberOfRobotsOnWhiteSite
13589,27,13
timeStep,numberOfRobotsOnBlackSite,numberOfRobotsOnWhiteSite
13590,27,13
timeStep,numberOfRobotsOnBlackSite,numberOfRobotsOnWhiteSite
13591,27,13
timeStep,numberOfRobotsOnBlackSite,numberOfRobotsOnWhiteSite
13592,27,13
timeStep,numberOfRobotsOnBlackSite,numberOfRobotsOnWhiteSite
13593,27,13
timeStep,numberOfRobotsOnBlackSite,numberOfRobotsOnWhiteSite
13594,27,13
timeStep,numberOfRobotsOnBlackSite,numberOfRobotsOnWhiteSite
13595,26,13
timeStep,numberOfRobotsOnBlackSite,numberOfRobotsOnWhiteSite
13596,26,13
timeStep,numberOfRobotsOnBlackSite,numberOfRobotsOnWhiteSite
13597,26,13
timeStep,numberOfRobotsOnBlackSite,numberOfRobotsOnWhiteSite
13598,26,13
timeStep,numberOfRobotsOnBlackSite,numberOfRobotsOnWhiteSite
13599,26,13
timeStep,numberOfRobotsOnBlackSite,numberOfRobotsOnWhiteSite
13600,26,14
timeStep,numberOfRobotsOnBlackSite,numberOfRobotsOnWhiteSite
13601,26,14
timeStep,numberOfRobotsOnBlackSite,numberOfRobotsOnWhiteSite
13602,26,14
timeStep,numberOfRobotsOnBlackSite,numberOfRobotsOnWhiteSite
13603,26,14
timeStep,numberOfRobotsOnBlackSite,numberOfRobotsOnWhiteSite
13604,26,14
timeStep,numberOfRobotsOnBlackSite,numberOfRobotsOnWhiteSite
13605,26,14
timeStep,numberOfRobotsOnBlackSite,numberOfRobotsOnWhiteSite
13606,26,14
timeStep,numberOfRobotsOnBlackSite,numberOfRobotsOnWhiteSite
13607,26,14
timeStep,numberOfRobotsOnBlackSite,numberOfRobotsOnWhiteSite
13608,26,14
timeStep,numberOfRobotsOnBlackSite,numberOfRobotsOnWhiteSite
13609,26,14
timeStep,numberOfRobotsOnBlackSite,numberOfRobotsOnWhiteSite
13610,26,14
timeStep,numberOfRobotsOnBlackSite,numberOfRobotsOnWhiteSite
13611,26,14
timeStep,numberOfRobotsOnBlackSite,numberOfRobotsOnWhiteSite
13612,26,14
timeStep,numberOfRobotsOnBlackSite,numberOfRobotsOnWhiteSite
13613,26,14
timeStep,numberOfRobotsOnBlackSite,numberOfRobotsOnWhiteSite
13614,26,14
timeStep,numberOfRobotsOnBlackSite,numberOfRobotsOnWhiteSite
13615,26,14
timeStep,numberOfRobotsOnBlackSite,numberOfRobotsOnWhiteSite
13616,26,14
timeStep,numberOfRobotsOnBlackSite,numberOfRobotsOnWhiteSite
13617,26,14
timeStep,numberOfRobotsOnBlackSite,numberOfRobotsOnWhiteSite
13618,26,14
timeStep,numberOfRobotsOnBlackSite,numberOfRobotsOnWhiteSite
13619,26,14
timeStep,numberOfRobotsOnBlackSite,numberOfRobotsOnWhiteSite
13620,26,14
timeStep,numberOfRobotsOnBlackSite,numberOfRobotsOnWhiteSite
13621,26,14
timeStep,numberOfRobotsOnBlackSite,numberOfRobotsOnWhiteSite
13622,26,14
timeStep,numberOfRobotsOnBlackSite,numberOfRobotsOnWhiteSite
13623,26,14
timeStep,numberOfRobotsOnBlackSite,numberOfRobotsOnWhiteSite
13624,26,14
timeStep,numberOfRobotsOnBlackSite,numberOfRobotsOnWhiteSite
13625,26,14
timeStep,numberOfRobotsOnBlackSite,numberOfRobotsOnWhiteSite
13626,26,14
timeStep,numberOfRobotsOnBlackSite,numberOfRobotsOnWhiteSite
13627,26,14
timeStep,numberOfRobotsOnBlackSite,numberOfRobotsOnWhiteSite
13628,26,14
timeStep,numberOfRobotsOnBlackSite,numberOfRobotsOnWhiteSite
13629,26,14
timeStep,numberOfRobotsOnBlackSite,numberOfRobotsOnWhiteSite
13630,26,14
timeStep,numberOfRobotsOnBlackSite,numberOfRobotsOnWhiteSite
13631,26,14
timeStep,numberOfRobotsOnBlackSite,numberOfRobotsOnWhiteSite
13632,26,14
timeStep,numberOfRobotsOnBlackSite,numberOfRobotsOnWhiteSite
13633,26,14
timeStep,numberOfRobotsOnBlackSite,numberOfRobotsOnWhiteSite
13634,26,14
timeStep,numberOfRobotsOnBlackSite,numberOfRobotsOnWhiteSite
13635,26,14
timeStep,numberOfRobotsOnBlackSite,numberOfRobotsOnWhiteSite
13636,26,14
timeStep,numberOfRobotsOnBlackSite,numberOfRobotsOnWhiteSite
13637,26,14
timeStep,numberOfRobotsOnBlackSite,numberOfRobotsOnWhiteSite
13638,26,14
timeStep,numberOfRobotsOnBlackSite,numberOfRobotsOnWhiteSite
13639,26,14
timeStep,numberOfRobotsOnBlackSite,numberOfRobotsOnWhiteSite
13640,26,13
timeStep,numberOfRobotsOnBlackSite,numberOfRobotsOnWhiteSite
13641,26,13
timeStep,numberOfRobotsOnBlackSite,numberOfRobotsOnWhiteSite
13642,26,13
timeStep,numberOfRobotsOnBlackSite,numberOfRobotsOnWhiteSite
13643,26,13
timeStep,numberOfRobotsOnBlackSite,numberOfRobotsOnWhiteSite
13644,26,13
timeStep,numberOfRobotsOnBlackSite,numberOfRobotsOnWhiteSite
13645,26,13
timeStep,numberOfRobotsOnBlackSite,numberOfRobotsOnWhiteSite
13646,26,13
timeStep,numberOfRobotsOnBlackSite,numberOfRobotsOnWhiteSite
13647,26,13
timeStep,numberOfRobotsOnBlackSite,numberOfRobotsOnWhiteSite
13648,26,13
timeStep,numberOfRobotsOnBlackSite,numberOfRobotsOnWhiteSite
13649,26,13
timeStep,numberOfRobotsOnBlackSite,numberOfRobotsOnWhiteSite
13650,26,13
timeStep,numberOfRobotsOnBlackSite,numberOfRobotsOnWhiteSite
13651,26,13
timeStep,numberOfRobotsOnBlackSite,numberOfRobotsOnWhiteSite
13652,26,13
timeStep,numberOfRobotsOnBlackSite,numberOfRobotsOnWhiteSite
13653,26,13
timeStep,numberOfRobotsOnBlackSite,numberOfRobotsOnWhiteSite
13654,26,13
timeStep,numberOfRobotsOnBlackSite,numberOfRobotsOnWhiteSite
13655,26,13
timeStep,numberOfRobotsOnBlackSite,numberOfRobotsOnWhiteSite
13656,26,13
timeStep,numberOfRobotsOnBlackSite,numberOfRobotsOnWhiteSite
13657,26,13
timeStep,numberOfRobotsOnBlackSite,numberOfRobotsOnWhiteSite
13658,26,13
timeStep,numberOfRobotsOnBlackSite,numberOfRobotsOnWhiteSite
13659,26,13
timeStep,numberOfRobotsOnBlackSite,numberOfRobotsOnWhiteSite
13660,26,13
timeStep,numberOfRobotsOnBlackSite,numberOfRobotsOnWhiteSite
13661,26,13
timeStep,numberOfRobotsOnBlackSite,numberOfRobotsOnWhiteSite
13662,26,13
timeStep,numberOfRobotsOnBlackSite,numberOfRobotsOnWhiteSite
13663,26,13
timeStep,numberOfRobotsOnBlackSite,numberOfRobotsOnWhiteSite
13664,26,13
timeStep,numberOfRobotsOnBlackSite,numberOfRobotsOnWhiteSite
13665,26,13
timeStep,numberOfRobotsOnBlackSite,numberOfRobotsOnWhiteSite
13666,26,13
timeStep,numberOfRobotsOnBlackSite,numberOfRobotsOnWhiteSite
13667,26,13
timeStep,numberOfRobotsOnBlackSite,numberOfRobotsOnWhiteSite
13668,26,13
timeStep,numberOfRobotsOnBlackSite,numberOfRobotsOnWhiteSite
13669,26,13
timeStep,numberOfRobotsOnBlackSite,numberOfRobotsOnWhiteSite
13670,26,13
timeStep,numberOfRobotsOnBlackSite,numberOfRobotsOnWhiteSite
13671,26,13
timeStep,numberOfRobotsOnBlackSite,numberOfRobotsOnWhiteSite
13672,26,13
timeStep,numberOfRobotsOnBlackSite,numberOfRobotsOnWhiteSite
13673,26,13
timeStep,numberOfRobotsOnBlackSite,numberOfRobotsOnWhiteSite
13674,26,13
timeStep,numberOfRobotsOnBlackSite,numberOfRobotsOnWhiteSite
13675,26,13
timeStep,numberOfRobotsOnBlackSite,numberOfRobotsOnWhiteSite
13676,26,13
timeStep,numberOfRobotsOnBlackSite,numberOfRobotsOnWhiteSite
13677,26,13
timeStep,numberOfRobotsOnBlackSite,numberOfRobotsOnWhiteSite
13678,26,13
timeStep,numberOfRobotsOnBlackSite,numberOfRobotsOnWhiteSite
13679,26,13
timeStep,numberOfRobotsOnBlackSite,numberOfRobotsOnWhiteSite
13680,26,13
timeStep,numberOfRobotsOnBlackSite,numberOfRobotsOnWhiteSite
13681,26,13
timeStep,numberOfRobotsOnBlackSite,numberOfRobotsOnWhiteSite
13682,26,13
timeStep,numberOfRobotsOnBlackSite,numberOfRobotsOnWhiteSite
13683,26,13
timeStep,numberOfRobotsOnBlackSite,numberOfRobotsOnWhiteSite
13684,26,13
timeStep,numberOfRobotsOnBlackSite,numberOfRobotsOnWhiteSite
13685,26,13
timeStep,numberOfRobotsOnBlackSite,numberOfRobotsOnWhiteSite
13686,26,13
timeStep,numberOfRobotsOnBlackSite,numberOfRobotsOnWhiteSite
13687,26,13
timeStep,numberOfRobotsOnBlackSite,numberOfRobotsOnWhiteSite
13688,26,13
timeStep,numberOfRobotsOnBlackSite,numberOfRobotsOnWhiteSite
13689,26,13
timeStep,numberOfRobotsOnBlackSite,numberOfRobotsOnWhiteSite
13690,26,13
timeStep,numberOfRobotsOnBlackSite,numberOfRobotsOnWhiteSite
13691,26,13
timeStep,numberOfRobotsOnBlackSite,numberOfRobotsOnWhiteSite
13692,26,13
timeStep,numberOfRobotsOnBlackSite,numberOfRobotsOnWhiteSite
13693,26,13
timeStep,numberOfRobotsOnBlackSite,numberOfRobotsOnWhiteSite
13694,26,13
timeStep,numberOfRobotsOnBlackSite,numberOfRobotsOnWhiteSite
13695,26,13
timeStep,numberOfRobotsOnBlackSite,numberOfRobotsOnWhiteSite
13696,26,13
timeStep,numberOfRobotsOnBlackSite,numberOfRobotsOnWhiteSite
13697,26,13
timeStep,numberOfRobotsOnBlackSite,numberOfRobotsOnWhiteSite
13698,26,13
timeStep,numberOfRobotsOnBlackSite,numberOfRobotsOnWhiteSite
13699,26,13
timeStep,numberOfRobotsOnBlackSite,numberOfRobotsOnWhiteSite
13700,26,14
timeStep,numberOfRobotsOnBlackSite,numberOfRobotsOnWhiteSite
13701,26,14
timeStep,numberOfRobotsOnBlackSite,numberOfRobotsOnWhiteSite
13702,26,14
timeStep,numberOfRobotsOnBlackSite,numberOfRobotsOnWhiteSite
13703,26,14
timeStep,numberOfRobotsOnBlackSite,numberOfRobotsOnWhiteSite
13704,26,14
timeStep,numberOfRobotsOnBlackSite,numberOfRobotsOnWhiteSite
13705,26,14
timeStep,numberOfRobotsOnBlackSite,numberOfRobotsOnWhiteSite
13706,26,14
timeStep,numberOfRobotsOnBlackSite,numberOfRobotsOnWhiteSite
13707,26,14
timeStep,numberOfRobotsOnBlackSite,numberOfRobotsOnWhiteSite
13708,26,14
timeStep,numberOfRobotsOnBlackSite,numberOfRobotsOnWhiteSite
13709,26,14
timeStep,numberOfRobotsOnBlackSite,numberOfRobotsOnWhiteSite
13710,26,14
timeStep,numberOfRobotsOnBlackSite,numberOfRobotsOnWhiteSite
13711,26,14
timeStep,numberOfRobotsOnBlackSite,numberOfRobotsOnWhiteSite
13712,26,14
timeStep,numberOfRobotsOnBlackSite,numberOfRobotsOnWhiteSite
13713,26,14
timeStep,numberOfRobotsOnBlackSite,numberOfRobotsOnWhiteSite
13714,26,14
timeStep,numberOfRobotsOnBlackSite,numberOfRobotsOnWhiteSite
13715,26,14
timeStep,numberOfRobotsOnBlackSite,numberOfRobotsOnWhiteSite
13716,26,14
timeStep,numberOfRobotsOnBlackSite,numberOfRobotsOnWhiteSite
13717,26,14
timeStep,numberOfRobotsOnBlackSite,numberOfRobotsOnWhiteSite
13718,26,14
timeStep,numberOfRobotsOnBlackSite,numberOfRobotsOnWhiteSite
13719,26,14
timeStep,numberOfRobotsOnBlackSite,numberOfRobotsOnWhiteSite
13720,26,14
timeStep,numberOfRobotsOnBlackSite,numberOfRobotsOnWhiteSite
13721,26,14
timeStep,numberOfRobotsOnBlackSite,numberOfRobotsOnWhiteSite
13722,26,14
timeStep,numberOfRobotsOnBlackSite,numberOfRobotsOnWhiteSite
13723,26,14
timeStep,numberOfRobotsOnBlackSite,numberOfRobotsOnWhiteSite
13724,26,14
timeStep,numberOfRobotsOnBlackSite,numberOfRobotsOnWhiteSite
13725,26,14
timeStep,numberOfRobotsOnBlackSite,numberOfRobotsOnWhiteSite
13726,26,14
timeStep,numberOfRobotsOnBlackSite,numberOfRobotsOnWhiteSite
13727,26,14
timeStep,numberOfRobotsOnBlackSite,numberOfRobotsOnWhiteSite
13728,26,14
timeStep,numberOfRobotsOnBlackSite,numberOfRobotsOnWhiteSite
13729,26,14
timeStep,numberOfRobotsOnBlackSite,numberOfRobotsOnWhiteSite
13730,26,14
timeStep,numberOfRobotsOnBlackSite,numberOfRobotsOnWhiteSite
13731,26,14
timeStep,numberOfRobotsOnBlackSite,numberOfRobotsOnWhiteSite
13732,26,14
timeStep,numberOfRobotsOnBlackSite,numberOfRobotsOnWhiteSite
13733,26,14
timeStep,numberOfRobotsOnBlackSite,numberOfRobotsOnWhiteSite
13734,26,14
timeStep,numberOfRobotsOnBlackSite,numberOfRobotsOnWhiteSite
13735,26,14
timeStep,numberOfRobotsOnBlackSite,numberOfRobotsOnWhiteSite
13736,26,14
timeStep,numberOfRobotsOnBlackSite,numberOfRobotsOnWhiteSite
13737,26,14
timeStep,numberOfRobotsOnBlackSite,numberOfRobotsOnWhiteSite
13738,26,14
timeStep,numberOfRobotsOnBlackSite,numberOfRobotsOnWhiteSite
13739,26,14
timeStep,numberOfRobotsOnBlackSite,numberOfRobotsOnWhiteSite
13740,26,13
timeStep,numberOfRobotsOnBlackSite,numberOfRobotsOnWhiteSite
13741,26,13
timeStep,numberOfRobotsOnBlackSite,numberOfRobotsOnWhiteSite
13742,26,13
timeStep,numberOfRobotsOnBlackSite,numberOfRobotsOnWhiteSite
13743,26,13
timeStep,numberOfRobotsOnBlackSite,numberOfRobotsOnWhiteSite
13744,26,13
timeStep,numberOfRobotsOnBlackSite,numberOfRobotsOnWhiteSite
13745,26,13
timeStep,numberOfRobotsOnBlackSite,numberOfRobotsOnWhiteSite
13746,26,13
timeStep,numberOfRobotsOnBlackSite,numberOfRobotsOnWhiteSite
13747,26,13
timeStep,numberOfRobotsOnBlackSite,numberOfRobotsOnWhiteSite
13748,26,13
timeStep,numberOfRobotsOnBlackSite,numberOfRobotsOnWhiteSite
13749,26,13
timeStep,numberOfRobotsOnBlackSite,numberOfRobotsOnWhiteSite
13750,26,13
timeStep,numberOfRobotsOnBlackSite,numberOfRobotsOnWhiteSite
13751,26,13
timeStep,numberOfRobotsOnBlackSite,numberOfRobotsOnWhiteSite
13752,26,13
timeStep,numberOfRobotsOnBlackSite,numberOfRobotsOnWhiteSite
13753,26,13
timeStep,numberOfRobotsOnBlackSite,numberOfRobotsOnWhiteSite
13754,26,13
timeStep,numberOfRobotsOnBlackSite,numberOfRobotsOnWhiteSite
13755,26,13
timeStep,numberOfRobotsOnBlackSite,numberOfRobotsOnWhiteSite
13756,26,13
timeStep,numberOfRobotsOnBlackSite,numberOfRobotsOnWhiteSite
13757,26,13
timeStep,numberOfRobotsOnBlackSite,numberOfRobotsOnWhiteSite
13758,26,13
timeStep,numberOfRobotsOnBlackSite,numberOfRobotsOnWhiteSite
13759,26,13
timeStep,numberOfRobotsOnBlackSite,numberOfRobotsOnWhiteSite
13760,26,13
timeStep,numberOfRobotsOnBlackSite,numberOfRobotsOnWhiteSite
13761,26,13
timeStep,numberOfRobotsOnBlackSite,numberOfRobotsOnWhiteSite
13762,26,13
timeStep,numberOfRobotsOnBlackSite,numberOfRobotsOnWhiteSite
13763,26,13
timeStep,numberOfRobotsOnBlackSite,numberOfRobotsOnWhiteSite
13764,26,13
timeStep,numberOfRobotsOnBlackSite,numberOfRobotsOnWhiteSite
13765,26,13
timeStep,numberOfRobotsOnBlackSite,numberOfRobotsOnWhiteSite
13766,26,13
timeStep,numberOfRobotsOnBlackSite,numberOfRobotsOnWhiteSite
13767,26,13
timeStep,numberOfRobotsOnBlackSite,numberOfRobotsOnWhiteSite
13768,26,13
timeStep,numberOfRobotsOnBlackSite,numberOfRobotsOnWhiteSite
13769,26,13
timeStep,numberOfRobotsOnBlackSite,numberOfRobotsOnWhiteSite
13770,26,13
timeStep,numberOfRobotsOnBlackSite,numberOfRobotsOnWhiteSite
13771,26,13
timeStep,numberOfRobotsOnBlackSite,numberOfRobotsOnWhiteSite
13772,26,13
timeStep,numberOfRobotsOnBlackSite,numberOfRobotsOnWhiteSite
13773,26,13
timeStep,numberOfRobotsOnBlackSite,numberOfRobotsOnWhiteSite
13774,26,13
timeStep,numberOfRobotsOnBlackSite,numberOfRobotsOnWhiteSite
13775,26,13
timeStep,numberOfRobotsOnBlackSite,numberOfRobotsOnWhiteSite
13776,26,13
timeStep,numberOfRobotsOnBlackSite,numberOfRobotsOnWhiteSite
13777,26,13
timeStep,numberOfRobotsOnBlackSite,numberOfRobotsOnWhiteSite
13778,26,13
timeStep,numberOfRobotsOnBlackSite,numberOfRobotsOnWhiteSite
13779,26,13
timeStep,numberOfRobotsOnBlackSite,numberOfRobotsOnWhiteSite
13780,25,13
timeStep,numberOfRobotsOnBlackSite,numberOfRobotsOnWhiteSite
13781,25,13
timeStep,numberOfRobotsOnBlackSite,numberOfRobotsOnWhiteSite
13782,25,13
timeStep,numberOfRobotsOnBlackSite,numberOfRobotsOnWhiteSite
13783,25,13
timeStep,numberOfRobotsOnBlackSite,numberOfRobotsOnWhiteSite
13784,25,13
timeStep,numberOfRobotsOnBlackSite,numberOfRobotsOnWhiteSite
13785,26,14
timeStep,numberOfRobotsOnBlackSite,numberOfRobotsOnWhiteSite
13786,26,14
timeStep,numberOfRobotsOnBlackSite,numberOfRobotsOnWhiteSite
13787,26,14
timeStep,numberOfRobotsOnBlackSite,numberOfRobotsOnWhiteSite
13788,26,14
timeStep,numberOfRobotsOnBlackSite,numberOfRobotsOnWhiteSite
13789,26,14
timeStep,numberOfRobotsOnBlackSite,numberOfRobotsOnWhiteSite
13790,26,13
timeStep,numberOfRobotsOnBlackSite,numberOfRobotsOnWhiteSite
13791,26,13
timeStep,numberOfRobotsOnBlackSite,numberOfRobotsOnWhiteSite
13792,26,13
timeStep,numberOfRobotsOnBlackSite,numberOfRobotsOnWhiteSite
13793,26,13
timeStep,numberOfRobotsOnBlackSite,numberOfRobotsOnWhiteSite
13794,26,13
timeStep,numberOfRobotsOnBlackSite,numberOfRobotsOnWhiteSite
13795,26,14
timeStep,numberOfRobotsOnBlackSite,numberOfRobotsOnWhiteSite
13796,26,14
timeStep,numberOfRobotsOnBlackSite,numberOfRobotsOnWhiteSite
13797,26,14
timeStep,numberOfRobotsOnBlackSite,numberOfRobotsOnWhiteSite
13798,26,14
timeStep,numberOfRobotsOnBlackSite,numberOfRobotsOnWhiteSite
13799,26,14
timeStep,numberOfRobotsOnBlackSite,numberOfRobotsOnWhiteSite
13800,26,14
timeStep,numberOfRobotsOnBlackSite,numberOfRobotsOnWhiteSite
13801,26,14
timeStep,numberOfRobotsOnBlackSite,numberOfRobotsOnWhiteSite
13802,26,14
timeStep,numberOfRobotsOnBlackSite,numberOfRobotsOnWhiteSite
13803,26,14
timeStep,numberOfRobotsOnBlackSite,numberOfRobotsOnWhiteSite
13804,26,14
timeStep,numberOfRobotsOnBlackSite,numberOfRobotsOnWhiteSite
13805,26,14
timeStep,numberOfRobotsOnBlackSite,numberOfRobotsOnWhiteSite
13806,26,14
timeStep,numberOfRobotsOnBlackSite,numberOfRobotsOnWhiteSite
13807,26,14
timeStep,numberOfRobotsOnBlackSite,numberOfRobotsOnWhiteSite
13808,26,14
timeStep,numberOfRobotsOnBlackSite,numberOfRobotsOnWhiteSite
13809,26,14
timeStep,numberOfRobotsOnBlackSite,numberOfRobotsOnWhiteSite
13810,26,14
timeStep,numberOfRobotsOnBlackSite,numberOfRobotsOnWhiteSite
13811,26,14
timeStep,numberOfRobotsOnBlackSite,numberOfRobotsOnWhiteSite
13812,26,14
timeStep,numberOfRobotsOnBlackSite,numberOfRobotsOnWhiteSite
13813,26,14
timeStep,numberOfRobotsOnBlackSite,numberOfRobotsOnWhiteSite
13814,26,14
timeStep,numberOfRobotsOnBlackSite,numberOfRobotsOnWhiteSite
13815,26,14
timeStep,numberOfRobotsOnBlackSite,numberOfRobotsOnWhiteSite
13816,26,14
timeStep,numberOfRobotsOnBlackSite,numberOfRobotsOnWhiteSite
13817,26,14
timeStep,numberOfRobotsOnBlackSite,numberOfRobotsOnWhiteSite
13818,26,14
timeStep,numberOfRobotsOnBlackSite,numberOfRobotsOnWhiteSite
13819,26,14
timeStep,numberOfRobotsOnBlackSite,numberOfRobotsOnWhiteSite
13820,26,14
timeStep,numberOfRobotsOnBlackSite,numberOfRobotsOnWhiteSite
13821,26,14
timeStep,numberOfRobotsOnBlackSite,numberOfRobotsOnWhiteSite
13822,26,14
timeStep,numberOfRobotsOnBlackSite,numberOfRobotsOnWhiteSite
13823,26,14
timeStep,numberOfRobotsOnBlackSite,numberOfRobotsOnWhiteSite
13824,26,14
timeStep,numberOfRobotsOnBlackSite,numberOfRobotsOnWhiteSite
13825,26,14
timeStep,numberOfRobotsOnBlackSite,numberOfRobotsOnWhiteSite
13826,26,14
timeStep,numberOfRobotsOnBlackSite,numberOfRobotsOnWhiteSite
13827,26,14
timeStep,numberOfRobotsOnBlackSite,numberOfRobotsOnWhiteSite
13828,26,14
timeStep,numberOfRobotsOnBlackSite,numberOfRobotsOnWhiteSite
13829,26,14
timeStep,numberOfRobotsOnBlackSite,numberOfRobotsOnWhiteSite
13830,26,14
timeStep,numberOfRobotsOnBlackSite,numberOfRobotsOnWhiteSite
13831,26,14
timeStep,numberOfRobotsOnBlackSite,numberOfRobotsOnWhiteSite
13832,26,14
timeStep,numberOfRobotsOnBlackSite,numberOfRobotsOnWhiteSite
13833,26,14
timeStep,numberOfRobotsOnBlackSite,numberOfRobotsOnWhiteSite
13834,26,14
timeStep,numberOfRobotsOnBlackSite,numberOfRobotsOnWhiteSite
13835,26,14
timeStep,numberOfRobotsOnBlackSite,numberOfRobotsOnWhiteSite
13836,26,14
timeStep,numberOfRobotsOnBlackSite,numberOfRobotsOnWhiteSite
13837,26,14
timeStep,numberOfRobotsOnBlackSite,numberOfRobotsOnWhiteSite
13838,26,14
timeStep,numberOfRobotsOnBlackSite,numberOfRobotsOnWhiteSite
13839,26,14
timeStep,numberOfRobotsOnBlackSite,numberOfRobotsOnWhiteSite
13840,26,14
timeStep,numberOfRobotsOnBlackSite,numberOfRobotsOnWhiteSite
13841,26,14
timeStep,numberOfRobotsOnBlackSite,numberOfRobotsOnWhiteSite
13842,26,14
timeStep,numberOfRobotsOnBlackSite,numberOfRobotsOnWhiteSite
13843,26,14
timeStep,numberOfRobotsOnBlackSite,numberOfRobotsOnWhiteSite
13844,26,14
timeStep,numberOfRobotsOnBlackSite,numberOfRobotsOnWhiteSite
13845,26,14
timeStep,numberOfRobotsOnBlackSite,numberOfRobotsOnWhiteSite
13846,26,14
timeStep,numberOfRobotsOnBlackSite,numberOfRobotsOnWhiteSite
13847,26,14
timeStep,numberOfRobotsOnBlackSite,numberOfRobotsOnWhiteSite
13848,26,14
timeStep,numberOfRobotsOnBlackSite,numberOfRobotsOnWhiteSite
13849,26,14
timeStep,numberOfRobotsOnBlackSite,numberOfRobotsOnWhiteSite
13850,26,14
timeStep,numberOfRobotsOnBlackSite,numberOfRobotsOnWhiteSite
13851,26,14
timeStep,numberOfRobotsOnBlackSite,numberOfRobotsOnWhiteSite
13852,26,14
timeStep,numberOfRobotsOnBlackSite,numberOfRobotsOnWhiteSite
13853,26,14
timeStep,numberOfRobotsOnBlackSite,numberOfRobotsOnWhiteSite
13854,26,14
timeStep,numberOfRobotsOnBlackSite,numberOfRobotsOnWhiteSite
13855,26,13
timeStep,numberOfRobotsOnBlackSite,numberOfRobotsOnWhiteSite
13856,26,13
timeStep,numberOfRobotsOnBlackSite,numberOfRobotsOnWhiteSite
13857,26,13
timeStep,numberOfRobotsOnBlackSite,numberOfRobotsOnWhiteSite
13858,26,13
timeStep,numberOfRobotsOnBlackSite,numberOfRobotsOnWhiteSite
13859,26,13
timeStep,numberOfRobotsOnBlackSite,numberOfRobotsOnWhiteSite
13860,26,13
timeStep,numberOfRobotsOnBlackSite,numberOfRobotsOnWhiteSite
13861,26,13
timeStep,numberOfRobotsOnBlackSite,numberOfRobotsOnWhiteSite
13862,26,13
timeStep,numberOfRobotsOnBlackSite,numberOfRobotsOnWhiteSite
13863,26,13
timeStep,numberOfRobotsOnBlackSite,numberOfRobotsOnWhiteSite
13864,26,13
timeStep,numberOfRobotsOnBlackSite,numberOfRobotsOnWhiteSite
13865,26,13
timeStep,numberOfRobotsOnBlackSite,numberOfRobotsOnWhiteSite
13866,26,13
timeStep,numberOfRobotsOnBlackSite,numberOfRobotsOnWhiteSite
13867,26,13
timeStep,numberOfRobotsOnBlackSite,numberOfRobotsOnWhiteSite
13868,26,13
timeStep,numberOfRobotsOnBlackSite,numberOfRobotsOnWhiteSite
13869,26,13
timeStep,numberOfRobotsOnBlackSite,numberOfRobotsOnWhiteSite
13870,26,13
timeStep,numberOfRobotsOnBlackSite,numberOfRobotsOnWhiteSite
13871,26,13
timeStep,numberOfRobotsOnBlackSite,numberOfRobotsOnWhiteSite
13872,26,13
timeStep,numberOfRobotsOnBlackSite,numberOfRobotsOnWhiteSite
13873,26,13
timeStep,numberOfRobotsOnBlackSite,numberOfRobotsOnWhiteSite
13874,26,13
timeStep,numberOfRobotsOnBlackSite,numberOfRobotsOnWhiteSite
13875,26,13
timeStep,numberOfRobotsOnBlackSite,numberOfRobotsOnWhiteSite
13876,26,13
timeStep,numberOfRobotsOnBlackSite,numberOfRobotsOnWhiteSite
13877,26,13
timeStep,numberOfRobotsOnBlackSite,numberOfRobotsOnWhiteSite
13878,26,13
timeStep,numberOfRobotsOnBlackSite,numberOfRobotsOnWhiteSite
13879,26,13
timeStep,numberOfRobotsOnBlackSite,numberOfRobotsOnWhiteSite
13880,26,13
timeStep,numberOfRobotsOnBlackSite,numberOfRobotsOnWhiteSite
13881,26,13
timeStep,numberOfRobotsOnBlackSite,numberOfRobotsOnWhiteSite
13882,26,13
timeStep,numberOfRobotsOnBlackSite,numberOfRobotsOnWhiteSite
13883,26,13
timeStep,numberOfRobotsOnBlackSite,numberOfRobotsOnWhiteSite
13884,26,13
timeStep,numberOfRobotsOnBlackSite,numberOfRobotsOnWhiteSite
13885,26,13
timeStep,numberOfRobotsOnBlackSite,numberOfRobotsOnWhiteSite
13886,26,13
timeStep,numberOfRobotsOnBlackSite,numberOfRobotsOnWhiteSite
13887,26,13
timeStep,numberOfRobotsOnBlackSite,numberOfRobotsOnWhiteSite
13888,26,13
timeStep,numberOfRobotsOnBlackSite,numberOfRobotsOnWhiteSite
13889,26,13
timeStep,numberOfRobotsOnBlackSite,numberOfRobotsOnWhiteSite
13890,26,13
timeStep,numberOfRobotsOnBlackSite,numberOfRobotsOnWhiteSite
13891,26,13
timeStep,numberOfRobotsOnBlackSite,numberOfRobotsOnWhiteSite
13892,26,13
timeStep,numberOfRobotsOnBlackSite,numberOfRobotsOnWhiteSite
13893,26,13
timeStep,numberOfRobotsOnBlackSite,numberOfRobotsOnWhiteSite
13894,26,13
timeStep,numberOfRobotsOnBlackSite,numberOfRobotsOnWhiteSite
13895,26,13
timeStep,numberOfRobotsOnBlackSite,numberOfRobotsOnWhiteSite
13896,26,13
timeStep,numberOfRobotsOnBlackSite,numberOfRobotsOnWhiteSite
13897,26,13
timeStep,numberOfRobotsOnBlackSite,numberOfRobotsOnWhiteSite
13898,26,13
timeStep,numberOfRobotsOnBlackSite,numberOfRobotsOnWhiteSite
13899,26,13
timeStep,numberOfRobotsOnBlackSite,numberOfRobotsOnWhiteSite
13900,26,13
timeStep,numberOfRobotsOnBlackSite,numberOfRobotsOnWhiteSite
13901,26,13
timeStep,numberOfRobotsOnBlackSite,numberOfRobotsOnWhiteSite
13902,26,13
timeStep,numberOfRobotsOnBlackSite,numberOfRobotsOnWhiteSite
13903,26,13
timeStep,numberOfRobotsOnBlackSite,numberOfRobotsOnWhiteSite
13904,26,13
timeStep,numberOfRobotsOnBlackSite,numberOfRobotsOnWhiteSite
13905,26,13
timeStep,numberOfRobotsOnBlackSite,numberOfRobotsOnWhiteSite
13906,26,13
timeStep,numberOfRobotsOnBlackSite,numberOfRobotsOnWhiteSite
13907,26,13
timeStep,numberOfRobotsOnBlackSite,numberOfRobotsOnWhiteSite
13908,26,13
timeStep,numberOfRobotsOnBlackSite,numberOfRobotsOnWhiteSite
13909,26,13
timeStep,numberOfRobotsOnBlackSite,numberOfRobotsOnWhiteSite
13910,26,13
timeStep,numberOfRobotsOnBlackSite,numberOfRobotsOnWhiteSite
13911,26,13
timeStep,numberOfRobotsOnBlackSite,numberOfRobotsOnWhiteSite
13912,26,13
timeStep,numberOfRobotsOnBlackSite,numberOfRobotsOnWhiteSite
13913,26,13
timeStep,numberOfRobotsOnBlackSite,numberOfRobotsOnWhiteSite
13914,26,13
timeStep,numberOfRobotsOnBlackSite,numberOfRobotsOnWhiteSite
13915,26,13
timeStep,numberOfRobotsOnBlackSite,numberOfRobotsOnWhiteSite
13916,26,13
timeStep,numberOfRobotsOnBlackSite,numberOfRobotsOnWhiteSite
13917,26,13
timeStep,numberOfRobotsOnBlackSite,numberOfRobotsOnWhiteSite
13918,26,13
timeStep,numberOfRobotsOnBlackSite,numberOfRobotsOnWhiteSite
13919,26,13
timeStep,numberOfRobotsOnBlackSite,numberOfRobotsOnWhiteSite
13920,26,13
timeStep,numberOfRobotsOnBlackSite,numberOfRobotsOnWhiteSite
13921,26,13
timeStep,numberOfRobotsOnBlackSite,numberOfRobotsOnWhiteSite
13922,26,13
timeStep,numberOfRobotsOnBlackSite,numberOfRobotsOnWhiteSite
13923,26,13
timeStep,numberOfRobotsOnBlackSite,numberOfRobotsOnWhiteSite
13924,26,13
timeStep,numberOfRobotsOnBlackSite,numberOfRobotsOnWhiteSite
13925,26,13
timeStep,numberOfRobotsOnBlackSite,numberOfRobotsOnWhiteSite
13926,26,13
timeStep,numberOfRobotsOnBlackSite,numberOfRobotsOnWhiteSite
13927,26,13
timeStep,numberOfRobotsOnBlackSite,numberOfRobotsOnWhiteSite
13928,26,13
timeStep,numberOfRobotsOnBlackSite,numberOfRobotsOnWhiteSite
13929,26,13
timeStep,numberOfRobotsOnBlackSite,numberOfRobotsOnWhiteSite
13930,26,13
timeStep,numberOfRobotsOnBlackSite,numberOfRobotsOnWhiteSite
13931,26,13
timeStep,numberOfRobotsOnBlackSite,numberOfRobotsOnWhiteSite
13932,26,13
timeStep,numberOfRobotsOnBlackSite,numberOfRobotsOnWhiteSite
13933,26,13
timeStep,numberOfRobotsOnBlackSite,numberOfRobotsOnWhiteSite
13934,26,13
timeStep,numberOfRobotsOnBlackSite,numberOfRobotsOnWhiteSite
13935,26,13
timeStep,numberOfRobotsOnBlackSite,numberOfRobotsOnWhiteSite
13936,26,13
timeStep,numberOfRobotsOnBlackSite,numberOfRobotsOnWhiteSite
13937,26,13
timeStep,numberOfRobotsOnBlackSite,numberOfRobotsOnWhiteSite
13938,26,13
timeStep,numberOfRobotsOnBlackSite,numberOfRobotsOnWhiteSite
13939,26,13
timeStep,numberOfRobotsOnBlackSite,numberOfRobotsOnWhiteSite
13940,26,13
timeStep,numberOfRobotsOnBlackSite,numberOfRobotsOnWhiteSite
13941,26,13
timeStep,numberOfRobotsOnBlackSite,numberOfRobotsOnWhiteSite
13942,26,13
timeStep,numberOfRobotsOnBlackSite,numberOfRobotsOnWhiteSite
13943,26,13
timeStep,numberOfRobotsOnBlackSite,numberOfRobotsOnWhiteSite
13944,26,13
timeStep,numberOfRobotsOnBlackSite,numberOfRobotsOnWhiteSite
13945,26,13
timeStep,numberOfRobotsOnBlackSite,numberOfRobotsOnWhiteSite
13946,26,13
timeStep,numberOfRobotsOnBlackSite,numberOfRobotsOnWhiteSite
13947,26,13
timeStep,numberOfRobotsOnBlackSite,numberOfRobotsOnWhiteSite
13948,26,13
timeStep,numberOfRobotsOnBlackSite,numberOfRobotsOnWhiteSite
13949,26,13
timeStep,numberOfRobotsOnBlackSite,numberOfRobotsOnWhiteSite
13950,26,13
timeStep,numberOfRobotsOnBlackSite,numberOfRobotsOnWhiteSite
13951,26,13
timeStep,numberOfRobotsOnBlackSite,numberOfRobotsOnWhiteSite
13952,26,13
timeStep,numberOfRobotsOnBlackSite,numberOfRobotsOnWhiteSite
13953,26,13
timeStep,numberOfRobotsOnBlackSite,numberOfRobotsOnWhiteSite
13954,26,13
timeStep,numberOfRobotsOnBlackSite,numberOfRobotsOnWhiteSite
13955,26,13
timeStep,numberOfRobotsOnBlackSite,numberOfRobotsOnWhiteSite
13956,26,13
timeStep,numberOfRobotsOnBlackSite,numberOfRobotsOnWhiteSite
13957,26,13
timeStep,numberOfRobotsOnBlackSite,numberOfRobotsOnWhiteSite
13958,26,13
timeStep,numberOfRobotsOnBlackSite,numberOfRobotsOnWhiteSite
13959,26,13
timeStep,numberOfRobotsOnBlackSite,numberOfRobotsOnWhiteSite
13960,26,13
timeStep,numberOfRobotsOnBlackSite,numberOfRobotsOnWhiteSite
13961,26,13
timeStep,numberOfRobotsOnBlackSite,numberOfRobotsOnWhiteSite
13962,26,13
timeStep,numberOfRobotsOnBlackSite,numberOfRobotsOnWhiteSite
13963,26,13
timeStep,numberOfRobotsOnBlackSite,numberOfRobotsOnWhiteSite
13964,26,13
timeStep,numberOfRobotsOnBlackSite,numberOfRobotsOnWhiteSite
13965,26,13
timeStep,numberOfRobotsOnBlackSite,numberOfRobotsOnWhiteSite
13966,26,13
timeStep,numberOfRobotsOnBlackSite,numberOfRobotsOnWhiteSite
13967,26,13
timeStep,numberOfRobotsOnBlackSite,numberOfRobotsOnWhiteSite
13968,26,13
timeStep,numberOfRobotsOnBlackSite,numberOfRobotsOnWhiteSite
13969,26,13
timeStep,numberOfRobotsOnBlackSite,numberOfRobotsOnWhiteSite
13970,26,13
timeStep,numberOfRobotsOnBlackSite,numberOfRobotsOnWhiteSite
13971,26,13
timeStep,numberOfRobotsOnBlackSite,numberOfRobotsOnWhiteSite
13972,26,13
timeStep,numberOfRobotsOnBlackSite,numberOfRobotsOnWhiteSite
13973,26,13
timeStep,numberOfRobotsOnBlackSite,numberOfRobotsOnWhiteSite
13974,26,13
timeStep,numberOfRobotsOnBlackSite,numberOfRobotsOnWhiteSite
13975,26,13
timeStep,numberOfRobotsOnBlackSite,numberOfRobotsOnWhiteSite
13976,26,13
timeStep,numberOfRobotsOnBlackSite,numberOfRobotsOnWhiteSite
13977,26,13
timeStep,numberOfRobotsOnBlackSite,numberOfRobotsOnWhiteSite
13978,26,13
timeStep,numberOfRobotsOnBlackSite,numberOfRobotsOnWhiteSite
13979,26,13
timeStep,numberOfRobotsOnBlackSite,numberOfRobotsOnWhiteSite
13980,26,13
timeStep,numberOfRobotsOnBlackSite,numberOfRobotsOnWhiteSite
13981,26,13
timeStep,numberOfRobotsOnBlackSite,numberOfRobotsOnWhiteSite
13982,26,13
timeStep,numberOfRobotsOnBlackSite,numberOfRobotsOnWhiteSite
13983,26,13
timeStep,numberOfRobotsOnBlackSite,numberOfRobotsOnWhiteSite
13984,26,13
timeStep,numberOfRobotsOnBlackSite,numberOfRobotsOnWhiteSite
13985,26,13
timeStep,numberOfRobotsOnBlackSite,numberOfRobotsOnWhiteSite
13986,26,13
timeStep,numberOfRobotsOnBlackSite,numberOfRobotsOnWhiteSite
13987,26,13
timeStep,numberOfRobotsOnBlackSite,numberOfRobotsOnWhiteSite
13988,26,13
timeStep,numberOfRobotsOnBlackSite,numberOfRobotsOnWhiteSite
13989,26,13
timeStep,numberOfRobotsOnBlackSite,numberOfRobotsOnWhiteSite
13990,26,13
timeStep,numberOfRobotsOnBlackSite,numberOfRobotsOnWhiteSite
13991,26,13
timeStep,numberOfRobotsOnBlackSite,numberOfRobotsOnWhiteSite
13992,26,13
timeStep,numberOfRobotsOnBlackSite,numberOfRobotsOnWhiteSite
13993,26,13
timeStep,numberOfRobotsOnBlackSite,numberOfRobotsOnWhiteSite
13994,26,13
timeStep,numberOfRobotsOnBlackSite,numberOfRobotsOnWhiteSite
13995,26,13
timeStep,numberOfRobotsOnBlackSite,numberOfRobotsOnWhiteSite
13996,26,13
timeStep,numberOfRobotsOnBlackSite,numberOfRobotsOnWhiteSite
13997,26,13
timeStep,numberOfRobotsOnBlackSite,numberOfRobotsOnWhiteSite
13998,26,13
timeStep,numberOfRobotsOnBlackSite,numberOfRobotsOnWhiteSite
13999,26,13
timeStep,numberOfRobotsOnBlackSite,numberOfRobotsOnWhiteSite
14000,26,13
timeStep,numberOfRobotsOnBlackSite,numberOfRobotsOnWhiteSite
14001,26,13
timeStep,numberOfRobotsOnBlackSite,numberOfRobotsOnWhiteSite
14002,26,13
timeStep,numberOfRobotsOnBlackSite,numberOfRobotsOnWhiteSite
14003,26,13
timeStep,numberOfRobotsOnBlackSite,numberOfRobotsOnWhiteSite
14004,26,13
timeStep,numberOfRobotsOnBlackSite,numberOfRobotsOnWhiteSite
14005,26,13
timeStep,numberOfRobotsOnBlackSite,numberOfRobotsOnWhiteSite
14006,26,13
timeStep,numberOfRobotsOnBlackSite,numberOfRobotsOnWhiteSite
14007,26,13
timeStep,numberOfRobotsOnBlackSite,numberOfRobotsOnWhiteSite
14008,26,13
timeStep,numberOfRobotsOnBlackSite,numberOfRobotsOnWhiteSite
14009,26,13
timeStep,numberOfRobotsOnBlackSite,numberOfRobotsOnWhiteSite
14010,26,13
timeStep,numberOfRobotsOnBlackSite,numberOfRobotsOnWhiteSite
14011,26,13
timeStep,numberOfRobotsOnBlackSite,numberOfRobotsOnWhiteSite
14012,26,13
timeStep,numberOfRobotsOnBlackSite,numberOfRobotsOnWhiteSite
14013,26,13
timeStep,numberOfRobotsOnBlackSite,numberOfRobotsOnWhiteSite
14014,26,13
timeStep,numberOfRobotsOnBlackSite,numberOfRobotsOnWhiteSite
14015,26,14
timeStep,numberOfRobotsOnBlackSite,numberOfRobotsOnWhiteSite
14016,26,14
timeStep,numberOfRobotsOnBlackSite,numberOfRobotsOnWhiteSite
14017,26,14
timeStep,numberOfRobotsOnBlackSite,numberOfRobotsOnWhiteSite
14018,26,14
timeStep,numberOfRobotsOnBlackSite,numberOfRobotsOnWhiteSite
14019,26,14
timeStep,numberOfRobotsOnBlackSite,numberOfRobotsOnWhiteSite
14020,26,15
timeStep,numberOfRobotsOnBlackSite,numberOfRobotsOnWhiteSite
14021,26,15
timeStep,numberOfRobotsOnBlackSite,numberOfRobotsOnWhiteSite
14022,26,15
timeStep,numberOfRobotsOnBlackSite,numberOfRobotsOnWhiteSite
14023,26,15
timeStep,numberOfRobotsOnBlackSite,numberOfRobotsOnWhiteSite
14024,26,15
timeStep,numberOfRobotsOnBlackSite,numberOfRobotsOnWhiteSite
14025,26,15
timeStep,numberOfRobotsOnBlackSite,numberOfRobotsOnWhiteSite
14026,26,15
timeStep,numberOfRobotsOnBlackSite,numberOfRobotsOnWhiteSite
14027,26,15
timeStep,numberOfRobotsOnBlackSite,numberOfRobotsOnWhiteSite
14028,26,15
timeStep,numberOfRobotsOnBlackSite,numberOfRobotsOnWhiteSite
14029,26,15
timeStep,numberOfRobotsOnBlackSite,numberOfRobotsOnWhiteSite
14030,26,15
timeStep,numberOfRobotsOnBlackSite,numberOfRobotsOnWhiteSite
14031,26,15
timeStep,numberOfRobotsOnBlackSite,numberOfRobotsOnWhiteSite
14032,26,15
timeStep,numberOfRobotsOnBlackSite,numberOfRobotsOnWhiteSite
14033,26,15
timeStep,numberOfRobotsOnBlackSite,numberOfRobotsOnWhiteSite
14034,26,15
timeStep,numberOfRobotsOnBlackSite,numberOfRobotsOnWhiteSite
14035,26,15
timeStep,numberOfRobotsOnBlackSite,numberOfRobotsOnWhiteSite
14036,26,15
timeStep,numberOfRobotsOnBlackSite,numberOfRobotsOnWhiteSite
14037,26,15
timeStep,numberOfRobotsOnBlackSite,numberOfRobotsOnWhiteSite
14038,26,15
timeStep,numberOfRobotsOnBlackSite,numberOfRobotsOnWhiteSite
14039,26,15
timeStep,numberOfRobotsOnBlackSite,numberOfRobotsOnWhiteSite
14040,26,15
timeStep,numberOfRobotsOnBlackSite,numberOfRobotsOnWhiteSite
14041,26,15
timeStep,numberOfRobotsOnBlackSite,numberOfRobotsOnWhiteSite
14042,26,15
timeStep,numberOfRobotsOnBlackSite,numberOfRobotsOnWhiteSite
14043,26,15
timeStep,numberOfRobotsOnBlackSite,numberOfRobotsOnWhiteSite
14044,26,15
timeStep,numberOfRobotsOnBlackSite,numberOfRobotsOnWhiteSite
14045,26,15
timeStep,numberOfRobotsOnBlackSite,numberOfRobotsOnWhiteSite
14046,26,15
timeStep,numberOfRobotsOnBlackSite,numberOfRobotsOnWhiteSite
14047,26,15
timeStep,numberOfRobotsOnBlackSite,numberOfRobotsOnWhiteSite
14048,26,15
timeStep,numberOfRobotsOnBlackSite,numberOfRobotsOnWhiteSite
14049,26,15
timeStep,numberOfRobotsOnBlackSite,numberOfRobotsOnWhiteSite
14050,26,15
timeStep,numberOfRobotsOnBlackSite,numberOfRobotsOnWhiteSite
14051,26,15
timeStep,numberOfRobotsOnBlackSite,numberOfRobotsOnWhiteSite
14052,26,15
timeStep,numberOfRobotsOnBlackSite,numberOfRobotsOnWhiteSite
14053,26,15
timeStep,numberOfRobotsOnBlackSite,numberOfRobotsOnWhiteSite
14054,26,15
timeStep,numberOfRobotsOnBlackSite,numberOfRobotsOnWhiteSite
14055,26,14
timeStep,numberOfRobotsOnBlackSite,numberOfRobotsOnWhiteSite
14056,26,14
timeStep,numberOfRobotsOnBlackSite,numberOfRobotsOnWhiteSite
14057,26,14
timeStep,numberOfRobotsOnBlackSite,numberOfRobotsOnWhiteSite
14058,26,14
timeStep,numberOfRobotsOnBlackSite,numberOfRobotsOnWhiteSite
14059,26,14
timeStep,numberOfRobotsOnBlackSite,numberOfRobotsOnWhiteSite
14060,26,14
timeStep,numberOfRobotsOnBlackSite,numberOfRobotsOnWhiteSite
14061,26,14
timeStep,numberOfRobotsOnBlackSite,numberOfRobotsOnWhiteSite
14062,26,14
timeStep,numberOfRobotsOnBlackSite,numberOfRobotsOnWhiteSite
14063,26,14
timeStep,numberOfRobotsOnBlackSite,numberOfRobotsOnWhiteSite
14064,26,14
timeStep,numberOfRobotsOnBlackSite,numberOfRobotsOnWhiteSite
14065,27,14
timeStep,numberOfRobotsOnBlackSite,numberOfRobotsOnWhiteSite
14066,27,14
timeStep,numberOfRobotsOnBlackSite,numberOfRobotsOnWhiteSite
14067,27,14
timeStep,numberOfRobotsOnBlackSite,numberOfRobotsOnWhiteSite
14068,27,14
timeStep,numberOfRobotsOnBlackSite,numberOfRobotsOnWhiteSite
14069,27,14
timeStep,numberOfRobotsOnBlackSite,numberOfRobotsOnWhiteSite
14070,27,14
timeStep,numberOfRobotsOnBlackSite,numberOfRobotsOnWhiteSite
14071,27,14
timeStep,numberOfRobotsOnBlackSite,numberOfRobotsOnWhiteSite
14072,27,14
timeStep,numberOfRobotsOnBlackSite,numberOfRobotsOnWhiteSite
14073,27,14
timeStep,numberOfRobotsOnBlackSite,numberOfRobotsOnWhiteSite
14074,27,14
timeStep,numberOfRobotsOnBlackSite,numberOfRobotsOnWhiteSite
14075,27,14
timeStep,numberOfRobotsOnBlackSite,numberOfRobotsOnWhiteSite
14076,27,14
timeStep,numberOfRobotsOnBlackSite,numberOfRobotsOnWhiteSite
14077,27,14
timeStep,numberOfRobotsOnBlackSite,numberOfRobotsOnWhiteSite
14078,27,14
timeStep,numberOfRobotsOnBlackSite,numberOfRobotsOnWhiteSite
14079,27,14
timeStep,numberOfRobotsOnBlackSite,numberOfRobotsOnWhiteSite
14080,27,14
timeStep,numberOfRobotsOnBlackSite,numberOfRobotsOnWhiteSite
14081,27,14
timeStep,numberOfRobotsOnBlackSite,numberOfRobotsOnWhiteSite
14082,27,14
timeStep,numberOfRobotsOnBlackSite,numberOfRobotsOnWhiteSite
14083,27,14
timeStep,numberOfRobotsOnBlackSite,numberOfRobotsOnWhiteSite
14084,27,14
timeStep,numberOfRobotsOnBlackSite,numberOfRobotsOnWhiteSite
14085,27,14
timeStep,numberOfRobotsOnBlackSite,numberOfRobotsOnWhiteSite
14086,27,14
timeStep,numberOfRobotsOnBlackSite,numberOfRobotsOnWhiteSite
14087,27,14
timeStep,numberOfRobotsOnBlackSite,numberOfRobotsOnWhiteSite
14088,27,14
timeStep,numberOfRobotsOnBlackSite,numberOfRobotsOnWhiteSite
14089,27,14
timeStep,numberOfRobotsOnBlackSite,numberOfRobotsOnWhiteSite
14090,27,14
timeStep,numberOfRobotsOnBlackSite,numberOfRobotsOnWhiteSite
14091,27,14
timeStep,numberOfRobotsOnBlackSite,numberOfRobotsOnWhiteSite
14092,27,14
timeStep,numberOfRobotsOnBlackSite,numberOfRobotsOnWhiteSite
14093,27,14
timeStep,numberOfRobotsOnBlackSite,numberOfRobotsOnWhiteSite
14094,27,14
timeStep,numberOfRobotsOnBlackSite,numberOfRobotsOnWhiteSite
14095,27,14
timeStep,numberOfRobotsOnBlackSite,numberOfRobotsOnWhiteSite
14096,27,14
timeStep,numberOfRobotsOnBlackSite,numberOfRobotsOnWhiteSite
14097,27,14
timeStep,numberOfRobotsOnBlackSite,numberOfRobotsOnWhiteSite
14098,27,14
timeStep,numberOfRobotsOnBlackSite,numberOfRobotsOnWhiteSite
14099,27,14
timeStep,numberOfRobotsOnBlackSite,numberOfRobotsOnWhiteSite
14100,27,14
timeStep,numberOfRobotsOnBlackSite,numberOfRobotsOnWhiteSite
14101,27,14
timeStep,numberOfRobotsOnBlackSite,numberOfRobotsOnWhiteSite
14102,27,14
timeStep,numberOfRobotsOnBlackSite,numberOfRobotsOnWhiteSite
14103,27,14
timeStep,numberOfRobotsOnBlackSite,numberOfRobotsOnWhiteSite
14104,27,14
timeStep,numberOfRobotsOnBlackSite,numberOfRobotsOnWhiteSite
14105,27,14
timeStep,numberOfRobotsOnBlackSite,numberOfRobotsOnWhiteSite
14106,27,14
timeStep,numberOfRobotsOnBlackSite,numberOfRobotsOnWhiteSite
14107,27,14
timeStep,numberOfRobotsOnBlackSite,numberOfRobotsOnWhiteSite
14108,27,14
timeStep,numberOfRobotsOnBlackSite,numberOfRobotsOnWhiteSite
14109,27,14
timeStep,numberOfRobotsOnBlackSite,numberOfRobotsOnWhiteSite
14110,27,14
timeStep,numberOfRobotsOnBlackSite,numberOfRobotsOnWhiteSite
14111,27,14
timeStep,numberOfRobotsOnBlackSite,numberOfRobotsOnWhiteSite
14112,27,14
timeStep,numberOfRobotsOnBlackSite,numberOfRobotsOnWhiteSite
14113,27,14
timeStep,numberOfRobotsOnBlackSite,numberOfRobotsOnWhiteSite
14114,27,14
timeStep,numberOfRobotsOnBlackSite,numberOfRobotsOnWhiteSite
14115,27,14
timeStep,numberOfRobotsOnBlackSite,numberOfRobotsOnWhiteSite
14116,27,14
timeStep,numberOfRobotsOnBlackSite,numberOfRobotsOnWhiteSite
14117,27,14
timeStep,numberOfRobotsOnBlackSite,numberOfRobotsOnWhiteSite
14118,27,14
timeStep,numberOfRobotsOnBlackSite,numberOfRobotsOnWhiteSite
14119,27,14
timeStep,numberOfRobotsOnBlackSite,numberOfRobotsOnWhiteSite
14120,27,14
timeStep,numberOfRobotsOnBlackSite,numberOfRobotsOnWhiteSite
14121,27,14
timeStep,numberOfRobotsOnBlackSite,numberOfRobotsOnWhiteSite
14122,27,14
timeStep,numberOfRobotsOnBlackSite,numberOfRobotsOnWhiteSite
14123,27,14
timeStep,numberOfRobotsOnBlackSite,numberOfRobotsOnWhiteSite
14124,27,14
timeStep,numberOfRobotsOnBlackSite,numberOfRobotsOnWhiteSite
14125,27,14
timeStep,numberOfRobotsOnBlackSite,numberOfRobotsOnWhiteSite
14126,27,14
timeStep,numberOfRobotsOnBlackSite,numberOfRobotsOnWhiteSite
14127,27,14
timeStep,numberOfRobotsOnBlackSite,numberOfRobotsOnWhiteSite
14128,27,14
timeStep,numberOfRobotsOnBlackSite,numberOfRobotsOnWhiteSite
14129,27,14
timeStep,numberOfRobotsOnBlackSite,numberOfRobotsOnWhiteSite
14130,27,14
timeStep,numberOfRobotsOnBlackSite,numberOfRobotsOnWhiteSite
14131,27,14
timeStep,numberOfRobotsOnBlackSite,numberOfRobotsOnWhiteSite
14132,27,14
timeStep,numberOfRobotsOnBlackSite,numberOfRobotsOnWhiteSite
14133,27,14
timeStep,numberOfRobotsOnBlackSite,numberOfRobotsOnWhiteSite
14134,27,14
timeStep,numberOfRobotsOnBlackSite,numberOfRobotsOnWhiteSite
14135,27,14
timeStep,numberOfRobotsOnBlackSite,numberOfRobotsOnWhiteSite
14136,27,14
timeStep,numberOfRobotsOnBlackSite,numberOfRobotsOnWhiteSite
14137,27,14
timeStep,numberOfRobotsOnBlackSite,numberOfRobotsOnWhiteSite
14138,27,14
timeStep,numberOfRobotsOnBlackSite,numberOfRobotsOnWhiteSite
14139,27,14
timeStep,numberOfRobotsOnBlackSite,numberOfRobotsOnWhiteSite
14140,27,14
timeStep,numberOfRobotsOnBlackSite,numberOfRobotsOnWhiteSite
14141,27,14
timeStep,numberOfRobotsOnBlackSite,numberOfRobotsOnWhiteSite
14142,27,14
timeStep,numberOfRobotsOnBlackSite,numberOfRobotsOnWhiteSite
14143,27,14
timeStep,numberOfRobotsOnBlackSite,numberOfRobotsOnWhiteSite
14144,27,14
timeStep,numberOfRobotsOnBlackSite,numberOfRobotsOnWhiteSite
14145,27,14
timeStep,numberOfRobotsOnBlackSite,numberOfRobotsOnWhiteSite
14146,27,14
timeStep,numberOfRobotsOnBlackSite,numberOfRobotsOnWhiteSite
14147,27,14
timeStep,numberOfRobotsOnBlackSite,numberOfRobotsOnWhiteSite
14148,27,14
timeStep,numberOfRobotsOnBlackSite,numberOfRobotsOnWhiteSite
14149,27,14
timeStep,numberOfRobotsOnBlackSite,numberOfRobotsOnWhiteSite
14150,27,14
timeStep,numberOfRobotsOnBlackSite,numberOfRobotsOnWhiteSite
14151,27,14
timeStep,numberOfRobotsOnBlackSite,numberOfRobotsOnWhiteSite
14152,27,14
timeStep,numberOfRobotsOnBlackSite,numberOfRobotsOnWhiteSite
14153,27,14
timeStep,numberOfRobotsOnBlackSite,numberOfRobotsOnWhiteSite
14154,27,14
timeStep,numberOfRobotsOnBlackSite,numberOfRobotsOnWhiteSite
14155,27,14
timeStep,numberOfRobotsOnBlackSite,numberOfRobotsOnWhiteSite
14156,27,14
timeStep,numberOfRobotsOnBlackSite,numberOfRobotsOnWhiteSite
14157,27,14
timeStep,numberOfRobotsOnBlackSite,numberOfRobotsOnWhiteSite
14158,27,14
timeStep,numberOfRobotsOnBlackSite,numberOfRobotsOnWhiteSite
14159,27,14
timeStep,numberOfRobotsOnBlackSite,numberOfRobotsOnWhiteSite
14160,26,14
timeStep,numberOfRobotsOnBlackSite,numberOfRobotsOnWhiteSite
14161,26,14
timeStep,numberOfRobotsOnBlackSite,numberOfRobotsOnWhiteSite
14162,26,14
timeStep,numberOfRobotsOnBlackSite,numberOfRobotsOnWhiteSite
14163,26,14
timeStep,numberOfRobotsOnBlackSite,numberOfRobotsOnWhiteSite
14164,26,14
timeStep,numberOfRobotsOnBlackSite,numberOfRobotsOnWhiteSite
14165,26,14
timeStep,numberOfRobotsOnBlackSite,numberOfRobotsOnWhiteSite
14166,26,14
timeStep,numberOfRobotsOnBlackSite,numberOfRobotsOnWhiteSite
14167,26,14
timeStep,numberOfRobotsOnBlackSite,numberOfRobotsOnWhiteSite
14168,26,14
timeStep,numberOfRobotsOnBlackSite,numberOfRobotsOnWhiteSite
14169,26,14
timeStep,numberOfRobotsOnBlackSite,numberOfRobotsOnWhiteSite
14170,26,14
timeStep,numberOfRobotsOnBlackSite,numberOfRobotsOnWhiteSite
14171,26,14
timeStep,numberOfRobotsOnBlackSite,numberOfRobotsOnWhiteSite
14172,26,14
timeStep,numberOfRobotsOnBlackSite,numberOfRobotsOnWhiteSite
14173,26,14
timeStep,numberOfRobotsOnBlackSite,numberOfRobotsOnWhiteSite
14174,26,14
timeStep,numberOfRobotsOnBlackSite,numberOfRobotsOnWhiteSite
14175,26,14
timeStep,numberOfRobotsOnBlackSite,numberOfRobotsOnWhiteSite
14176,26,14
timeStep,numberOfRobotsOnBlackSite,numberOfRobotsOnWhiteSite
14177,26,14
timeStep,numberOfRobotsOnBlackSite,numberOfRobotsOnWhiteSite
14178,26,14
timeStep,numberOfRobotsOnBlackSite,numberOfRobotsOnWhiteSite
14179,26,14
timeStep,numberOfRobotsOnBlackSite,numberOfRobotsOnWhiteSite
14180,26,14
timeStep,numberOfRobotsOnBlackSite,numberOfRobotsOnWhiteSite
14181,26,14
timeStep,numberOfRobotsOnBlackSite,numberOfRobotsOnWhiteSite
14182,26,14
timeStep,numberOfRobotsOnBlackSite,numberOfRobotsOnWhiteSite
14183,26,14
timeStep,numberOfRobotsOnBlackSite,numberOfRobotsOnWhiteSite
14184,26,14
timeStep,numberOfRobotsOnBlackSite,numberOfRobotsOnWhiteSite
14185,26,14
timeStep,numberOfRobotsOnBlackSite,numberOfRobotsOnWhiteSite
14186,26,14
timeStep,numberOfRobotsOnBlackSite,numberOfRobotsOnWhiteSite
14187,26,14
timeStep,numberOfRobotsOnBlackSite,numberOfRobotsOnWhiteSite
14188,26,14
timeStep,numberOfRobotsOnBlackSite,numberOfRobotsOnWhiteSite
14189,26,14
timeStep,numberOfRobotsOnBlackSite,numberOfRobotsOnWhiteSite
14190,26,14
timeStep,numberOfRobotsOnBlackSite,numberOfRobotsOnWhiteSite
14191,26,14
timeStep,numberOfRobotsOnBlackSite,numberOfRobotsOnWhiteSite
14192,26,14
timeStep,numberOfRobotsOnBlackSite,numberOfRobotsOnWhiteSite
14193,26,14
timeStep,numberOfRobotsOnBlackSite,numberOfRobotsOnWhiteSite
14194,26,14
timeStep,numberOfRobotsOnBlackSite,numberOfRobotsOnWhiteSite
14195,26,14
timeStep,numberOfRobotsOnBlackSite,numberOfRobotsOnWhiteSite
14196,26,14
timeStep,numberOfRobotsOnBlackSite,numberOfRobotsOnWhiteSite
14197,26,14
timeStep,numberOfRobotsOnBlackSite,numberOfRobotsOnWhiteSite
14198,26,14
timeStep,numberOfRobotsOnBlackSite,numberOfRobotsOnWhiteSite
14199,26,14
timeStep,numberOfRobotsOnBlackSite,numberOfRobotsOnWhiteSite
14200,26,14
timeStep,numberOfRobotsOnBlackSite,numberOfRobotsOnWhiteSite
14201,26,14
timeStep,numberOfRobotsOnBlackSite,numberOfRobotsOnWhiteSite
14202,26,14
timeStep,numberOfRobotsOnBlackSite,numberOfRobotsOnWhiteSite
14203,26,14
timeStep,numberOfRobotsOnBlackSite,numberOfRobotsOnWhiteSite
14204,26,14
timeStep,numberOfRobotsOnBlackSite,numberOfRobotsOnWhiteSite
14205,26,14
timeStep,numberOfRobotsOnBlackSite,numberOfRobotsOnWhiteSite
14206,26,14
timeStep,numberOfRobotsOnBlackSite,numberOfRobotsOnWhiteSite
14207,26,14
timeStep,numberOfRobotsOnBlackSite,numberOfRobotsOnWhiteSite
14208,26,14
timeStep,numberOfRobotsOnBlackSite,numberOfRobotsOnWhiteSite
14209,26,14
timeStep,numberOfRobotsOnBlackSite,numberOfRobotsOnWhiteSite
14210,26,14
timeStep,numberOfRobotsOnBlackSite,numberOfRobotsOnWhiteSite
14211,26,14
timeStep,numberOfRobotsOnBlackSite,numberOfRobotsOnWhiteSite
14212,26,14
timeStep,numberOfRobotsOnBlackSite,numberOfRobotsOnWhiteSite
14213,26,14
timeStep,numberOfRobotsOnBlackSite,numberOfRobotsOnWhiteSite
14214,26,14
timeStep,numberOfRobotsOnBlackSite,numberOfRobotsOnWhiteSite
14215,26,14
timeStep,numberOfRobotsOnBlackSite,numberOfRobotsOnWhiteSite
14216,26,14
timeStep,numberOfRobotsOnBlackSite,numberOfRobotsOnWhiteSite
14217,26,14
timeStep,numberOfRobotsOnBlackSite,numberOfRobotsOnWhiteSite
14218,26,14
timeStep,numberOfRobotsOnBlackSite,numberOfRobotsOnWhiteSite
14219,26,14
timeStep,numberOfRobotsOnBlackSite,numberOfRobotsOnWhiteSite
14220,26,14
timeStep,numberOfRobotsOnBlackSite,numberOfRobotsOnWhiteSite
14221,26,14
timeStep,numberOfRobotsOnBlackSite,numberOfRobotsOnWhiteSite
14222,26,14
timeStep,numberOfRobotsOnBlackSite,numberOfRobotsOnWhiteSite
14223,26,14
timeStep,numberOfRobotsOnBlackSite,numberOfRobotsOnWhiteSite
14224,26,14
timeStep,numberOfRobotsOnBlackSite,numberOfRobotsOnWhiteSite
14225,26,14
timeStep,numberOfRobotsOnBlackSite,numberOfRobotsOnWhiteSite
14226,26,14
timeStep,numberOfRobotsOnBlackSite,numberOfRobotsOnWhiteSite
14227,26,14
timeStep,numberOfRobotsOnBlackSite,numberOfRobotsOnWhiteSite
14228,26,14
timeStep,numberOfRobotsOnBlackSite,numberOfRobotsOnWhiteSite
14229,26,14
timeStep,numberOfRobotsOnBlackSite,numberOfRobotsOnWhiteSite
14230,26,14
timeStep,numberOfRobotsOnBlackSite,numberOfRobotsOnWhiteSite
14231,26,14
timeStep,numberOfRobotsOnBlackSite,numberOfRobotsOnWhiteSite
14232,26,14
timeStep,numberOfRobotsOnBlackSite,numberOfRobotsOnWhiteSite
14233,26,14
timeStep,numberOfRobotsOnBlackSite,numberOfRobotsOnWhiteSite
14234,26,14
timeStep,numberOfRobotsOnBlackSite,numberOfRobotsOnWhiteSite
14235,27,14
timeStep,numberOfRobotsOnBlackSite,numberOfRobotsOnWhiteSite
14236,27,14
timeStep,numberOfRobotsOnBlackSite,numberOfRobotsOnWhiteSite
14237,27,14
timeStep,numberOfRobotsOnBlackSite,numberOfRobotsOnWhiteSite
14238,27,14
timeStep,numberOfRobotsOnBlackSite,numberOfRobotsOnWhiteSite
14239,27,14
timeStep,numberOfRobotsOnBlackSite,numberOfRobotsOnWhiteSite
14240,27,14
timeStep,numberOfRobotsOnBlackSite,numberOfRobotsOnWhiteSite
14241,27,14
timeStep,numberOfRobotsOnBlackSite,numberOfRobotsOnWhiteSite
14242,27,14
timeStep,numberOfRobotsOnBlackSite,numberOfRobotsOnWhiteSite
14243,27,14
timeStep,numberOfRobotsOnBlackSite,numberOfRobotsOnWhiteSite
14244,27,14
timeStep,numberOfRobotsOnBlackSite,numberOfRobotsOnWhiteSite
14245,27,14
timeStep,numberOfRobotsOnBlackSite,numberOfRobotsOnWhiteSite
14246,27,14
timeStep,numberOfRobotsOnBlackSite,numberOfRobotsOnWhiteSite
14247,27,14
timeStep,numberOfRobotsOnBlackSite,numberOfRobotsOnWhiteSite
14248,27,14
timeStep,numberOfRobotsOnBlackSite,numberOfRobotsOnWhiteSite
14249,27,14
timeStep,numberOfRobotsOnBlackSite,numberOfRobotsOnWhiteSite
14250,27,14
timeStep,numberOfRobotsOnBlackSite,numberOfRobotsOnWhiteSite
14251,27,14
timeStep,numberOfRobotsOnBlackSite,numberOfRobotsOnWhiteSite
14252,27,14
timeStep,numberOfRobotsOnBlackSite,numberOfRobotsOnWhiteSite
14253,27,14
timeStep,numberOfRobotsOnBlackSite,numberOfRobotsOnWhiteSite
14254,27,14
timeStep,numberOfRobotsOnBlackSite,numberOfRobotsOnWhiteSite
14255,27,14
timeStep,numberOfRobotsOnBlackSite,numberOfRobotsOnWhiteSite
14256,27,14
timeStep,numberOfRobotsOnBlackSite,numberOfRobotsOnWhiteSite
14257,27,14
timeStep,numberOfRobotsOnBlackSite,numberOfRobotsOnWhiteSite
14258,27,14
timeStep,numberOfRobotsOnBlackSite,numberOfRobotsOnWhiteSite
14259,27,14
timeStep,numberOfRobotsOnBlackSite,numberOfRobotsOnWhiteSite
14260,27,14
timeStep,numberOfRobotsOnBlackSite,numberOfRobotsOnWhiteSite
14261,27,14
timeStep,numberOfRobotsOnBlackSite,numberOfRobotsOnWhiteSite
14262,27,14
timeStep,numberOfRobotsOnBlackSite,numberOfRobotsOnWhiteSite
14263,27,14
timeStep,numberOfRobotsOnBlackSite,numberOfRobotsOnWhiteSite
14264,27,14
timeStep,numberOfRobotsOnBlackSite,numberOfRobotsOnWhiteSite
14265,27,14
timeStep,numberOfRobotsOnBlackSite,numberOfRobotsOnWhiteSite
14266,27,14
timeStep,numberOfRobotsOnBlackSite,numberOfRobotsOnWhiteSite
14267,27,14
timeStep,numberOfRobotsOnBlackSite,numberOfRobotsOnWhiteSite
14268,27,14
timeStep,numberOfRobotsOnBlackSite,numberOfRobotsOnWhiteSite
14269,27,14
timeStep,numberOfRobotsOnBlackSite,numberOfRobotsOnWhiteSite
14270,27,14
timeStep,numberOfRobotsOnBlackSite,numberOfRobotsOnWhiteSite
14271,27,14
timeStep,numberOfRobotsOnBlackSite,numberOfRobotsOnWhiteSite
14272,27,14
timeStep,numberOfRobotsOnBlackSite,numberOfRobotsOnWhiteSite
14273,27,14
timeStep,numberOfRobotsOnBlackSite,numberOfRobotsOnWhiteSite
14274,27,14
timeStep,numberOfRobotsOnBlackSite,numberOfRobotsOnWhiteSite
14275,27,14
timeStep,numberOfRobotsOnBlackSite,numberOfRobotsOnWhiteSite
14276,27,14
timeStep,numberOfRobotsOnBlackSite,numberOfRobotsOnWhiteSite
14277,27,14
timeStep,numberOfRobotsOnBlackSite,numberOfRobotsOnWhiteSite
14278,27,14
timeStep,numberOfRobotsOnBlackSite,numberOfRobotsOnWhiteSite
14279,27,14
timeStep,numberOfRobotsOnBlackSite,numberOfRobotsOnWhiteSite
14280,27,14
timeStep,numberOfRobotsOnBlackSite,numberOfRobotsOnWhiteSite
14281,27,14
timeStep,numberOfRobotsOnBlackSite,numberOfRobotsOnWhiteSite
14282,27,14
timeStep,numberOfRobotsOnBlackSite,numberOfRobotsOnWhiteSite
14283,27,14
timeStep,numberOfRobotsOnBlackSite,numberOfRobotsOnWhiteSite
14284,27,14
timeStep,numberOfRobotsOnBlackSite,numberOfRobotsOnWhiteSite
14285,27,14
timeStep,numberOfRobotsOnBlackSite,numberOfRobotsOnWhiteSite
14286,27,14
timeStep,numberOfRobotsOnBlackSite,numberOfRobotsOnWhiteSite
14287,27,14
timeStep,numberOfRobotsOnBlackSite,numberOfRobotsOnWhiteSite
14288,27,14
timeStep,numberOfRobotsOnBlackSite,numberOfRobotsOnWhiteSite
14289,27,14
timeStep,numberOfRobotsOnBlackSite,numberOfRobotsOnWhiteSite
14290,27,14
timeStep,numberOfRobotsOnBlackSite,numberOfRobotsOnWhiteSite
14291,27,14
timeStep,numberOfRobotsOnBlackSite,numberOfRobotsOnWhiteSite
14292,27,14
timeStep,numberOfRobotsOnBlackSite,numberOfRobotsOnWhiteSite
14293,27,14
timeStep,numberOfRobotsOnBlackSite,numberOfRobotsOnWhiteSite
14294,27,14
timeStep,numberOfRobotsOnBlackSite,numberOfRobotsOnWhiteSite
14295,27,15
timeStep,numberOfRobotsOnBlackSite,numberOfRobotsOnWhiteSite
14296,27,15
timeStep,numberOfRobotsOnBlackSite,numberOfRobotsOnWhiteSite
14297,27,15
timeStep,numberOfRobotsOnBlackSite,numberOfRobotsOnWhiteSite
14298,27,15
timeStep,numberOfRobotsOnBlackSite,numberOfRobotsOnWhiteSite
14299,27,15
timeStep,numberOfRobotsOnBlackSite,numberOfRobotsOnWhiteSite
14300,27,15
timeStep,numberOfRobotsOnBlackSite,numberOfRobotsOnWhiteSite
14301,27,15
timeStep,numberOfRobotsOnBlackSite,numberOfRobotsOnWhiteSite
14302,27,15
timeStep,numberOfRobotsOnBlackSite,numberOfRobotsOnWhiteSite
14303,27,15
timeStep,numberOfRobotsOnBlackSite,numberOfRobotsOnWhiteSite
14304,27,15
timeStep,numberOfRobotsOnBlackSite,numberOfRobotsOnWhiteSite
14305,27,15
timeStep,numberOfRobotsOnBlackSite,numberOfRobotsOnWhiteSite
14306,27,15
timeStep,numberOfRobotsOnBlackSite,numberOfRobotsOnWhiteSite
14307,27,15
timeStep,numberOfRobotsOnBlackSite,numberOfRobotsOnWhiteSite
14308,27,15
timeStep,numberOfRobotsOnBlackSite,numberOfRobotsOnWhiteSite
14309,27,15
timeStep,numberOfRobotsOnBlackSite,numberOfRobotsOnWhiteSite
14310,27,15
timeStep,numberOfRobotsOnBlackSite,numberOfRobotsOnWhiteSite
14311,27,15
timeStep,numberOfRobotsOnBlackSite,numberOfRobotsOnWhiteSite
14312,27,15
timeStep,numberOfRobotsOnBlackSite,numberOfRobotsOnWhiteSite
14313,27,15
timeStep,numberOfRobotsOnBlackSite,numberOfRobotsOnWhiteSite
14314,27,15
timeStep,numberOfRobotsOnBlackSite,numberOfRobotsOnWhiteSite
14315,27,15
timeStep,numberOfRobotsOnBlackSite,numberOfRobotsOnWhiteSite
14316,27,15
timeStep,numberOfRobotsOnBlackSite,numberOfRobotsOnWhiteSite
14317,27,15
timeStep,numberOfRobotsOnBlackSite,numberOfRobotsOnWhiteSite
14318,27,15
timeStep,numberOfRobotsOnBlackSite,numberOfRobotsOnWhiteSite
14319,27,15
timeStep,numberOfRobotsOnBlackSite,numberOfRobotsOnWhiteSite
14320,27,15
timeStep,numberOfRobotsOnBlackSite,numberOfRobotsOnWhiteSite
14321,27,15
timeStep,numberOfRobotsOnBlackSite,numberOfRobotsOnWhiteSite
14322,27,15
timeStep,numberOfRobotsOnBlackSite,numberOfRobotsOnWhiteSite
14323,27,15
timeStep,numberOfRobotsOnBlackSite,numberOfRobotsOnWhiteSite
14324,27,15
timeStep,numberOfRobotsOnBlackSite,numberOfRobotsOnWhiteSite
14325,27,15
timeStep,numberOfRobotsOnBlackSite,numberOfRobotsOnWhiteSite
14326,27,15
timeStep,numberOfRobotsOnBlackSite,numberOfRobotsOnWhiteSite
14327,27,15
timeStep,numberOfRobotsOnBlackSite,numberOfRobotsOnWhiteSite
14328,27,15
timeStep,numberOfRobotsOnBlackSite,numberOfRobotsOnWhiteSite
14329,27,15
timeStep,numberOfRobotsOnBlackSite,numberOfRobotsOnWhiteSite
14330,27,15
timeStep,numberOfRobotsOnBlackSite,numberOfRobotsOnWhiteSite
14331,27,15
timeStep,numberOfRobotsOnBlackSite,numberOfRobotsOnWhiteSite
14332,27,15
timeStep,numberOfRobotsOnBlackSite,numberOfRobotsOnWhiteSite
14333,27,15
timeStep,numberOfRobotsOnBlackSite,numberOfRobotsOnWhiteSite
14334,27,15
timeStep,numberOfRobotsOnBlackSite,numberOfRobotsOnWhiteSite
14335,27,15
timeStep,numberOfRobotsOnBlackSite,numberOfRobotsOnWhiteSite
14336,27,15
timeStep,numberOfRobotsOnBlackSite,numberOfRobotsOnWhiteSite
14337,27,15
timeStep,numberOfRobotsOnBlackSite,numberOfRobotsOnWhiteSite
14338,27,15
timeStep,numberOfRobotsOnBlackSite,numberOfRobotsOnWhiteSite
14339,27,15
timeStep,numberOfRobotsOnBlackSite,numberOfRobotsOnWhiteSite
14340,27,15
timeStep,numberOfRobotsOnBlackSite,numberOfRobotsOnWhiteSite
14341,27,15
timeStep,numberOfRobotsOnBlackSite,numberOfRobotsOnWhiteSite
14342,27,15
timeStep,numberOfRobotsOnBlackSite,numberOfRobotsOnWhiteSite
14343,27,15
timeStep,numberOfRobotsOnBlackSite,numberOfRobotsOnWhiteSite
14344,27,15
timeStep,numberOfRobotsOnBlackSite,numberOfRobotsOnWhiteSite
14345,27,15
timeStep,numberOfRobotsOnBlackSite,numberOfRobotsOnWhiteSite
14346,27,15
timeStep,numberOfRobotsOnBlackSite,numberOfRobotsOnWhiteSite
14347,27,15
timeStep,numberOfRobotsOnBlackSite,numberOfRobotsOnWhiteSite
14348,27,15
timeStep,numberOfRobotsOnBlackSite,numberOfRobotsOnWhiteSite
14349,27,15
timeStep,numberOfRobotsOnBlackSite,numberOfRobotsOnWhiteSite
14350,27,15
timeStep,numberOfRobotsOnBlackSite,numberOfRobotsOnWhiteSite
14351,27,15
timeStep,numberOfRobotsOnBlackSite,numberOfRobotsOnWhiteSite
14352,27,15
timeStep,numberOfRobotsOnBlackSite,numberOfRobotsOnWhiteSite
14353,27,15
timeStep,numberOfRobotsOnBlackSite,numberOfRobotsOnWhiteSite
14354,27,15
timeStep,numberOfRobotsOnBlackSite,numberOfRobotsOnWhiteSite
14355,27,15
timeStep,numberOfRobotsOnBlackSite,numberOfRobotsOnWhiteSite
14356,27,15
timeStep,numberOfRobotsOnBlackSite,numberOfRobotsOnWhiteSite
14357,27,15
timeStep,numberOfRobotsOnBlackSite,numberOfRobotsOnWhiteSite
14358,27,15
timeStep,numberOfRobotsOnBlackSite,numberOfRobotsOnWhiteSite
14359,27,15
timeStep,numberOfRobotsOnBlackSite,numberOfRobotsOnWhiteSite
14360,28,15
timeStep,numberOfRobotsOnBlackSite,numberOfRobotsOnWhiteSite
14361,28,15
timeStep,numberOfRobotsOnBlackSite,numberOfRobotsOnWhiteSite
14362,28,15
timeStep,numberOfRobotsOnBlackSite,numberOfRobotsOnWhiteSite
14363,28,15
timeStep,numberOfRobotsOnBlackSite,numberOfRobotsOnWhiteSite
14364,28,15
timeStep,numberOfRobotsOnBlackSite,numberOfRobotsOnWhiteSite
14365,28,15
timeStep,numberOfRobotsOnBlackSite,numberOfRobotsOnWhiteSite
14366,28,15
timeStep,numberOfRobotsOnBlackSite,numberOfRobotsOnWhiteSite
14367,28,15
timeStep,numberOfRobotsOnBlackSite,numberOfRobotsOnWhiteSite
14368,28,15
timeStep,numberOfRobotsOnBlackSite,numberOfRobotsOnWhiteSite
14369,28,15
timeStep,numberOfRobotsOnBlackSite,numberOfRobotsOnWhiteSite
14370,28,15
timeStep,numberOfRobotsOnBlackSite,numberOfRobotsOnWhiteSite
14371,28,15
timeStep,numberOfRobotsOnBlackSite,numberOfRobotsOnWhiteSite
14372,28,15
timeStep,numberOfRobotsOnBlackSite,numberOfRobotsOnWhiteSite
14373,28,15
timeStep,numberOfRobotsOnBlackSite,numberOfRobotsOnWhiteSite
14374,28,15
timeStep,numberOfRobotsOnBlackSite,numberOfRobotsOnWhiteSite
14375,28,15
timeStep,numberOfRobotsOnBlackSite,numberOfRobotsOnWhiteSite
14376,28,15
timeStep,numberOfRobotsOnBlackSite,numberOfRobotsOnWhiteSite
14377,28,15
timeStep,numberOfRobotsOnBlackSite,numberOfRobotsOnWhiteSite
14378,28,15
timeStep,numberOfRobotsOnBlackSite,numberOfRobotsOnWhiteSite
14379,28,15
timeStep,numberOfRobotsOnBlackSite,numberOfRobotsOnWhiteSite
14380,28,15
timeStep,numberOfRobotsOnBlackSite,numberOfRobotsOnWhiteSite
14381,28,15
timeStep,numberOfRobotsOnBlackSite,numberOfRobotsOnWhiteSite
14382,28,15
timeStep,numberOfRobotsOnBlackSite,numberOfRobotsOnWhiteSite
14383,28,15
timeStep,numberOfRobotsOnBlackSite,numberOfRobotsOnWhiteSite
14384,28,15
timeStep,numberOfRobotsOnBlackSite,numberOfRobotsOnWhiteSite
14385,28,15
timeStep,numberOfRobotsOnBlackSite,numberOfRobotsOnWhiteSite
14386,28,15
timeStep,numberOfRobotsOnBlackSite,numberOfRobotsOnWhiteSite
14387,28,15
timeStep,numberOfRobotsOnBlackSite,numberOfRobotsOnWhiteSite
14388,28,15
timeStep,numberOfRobotsOnBlackSite,numberOfRobotsOnWhiteSite
14389,28,15
timeStep,numberOfRobotsOnBlackSite,numberOfRobotsOnWhiteSite
14390,28,15
timeStep,numberOfRobotsOnBlackSite,numberOfRobotsOnWhiteSite
14391,28,15
timeStep,numberOfRobotsOnBlackSite,numberOfRobotsOnWhiteSite
14392,28,15
timeStep,numberOfRobotsOnBlackSite,numberOfRobotsOnWhiteSite
14393,28,15
timeStep,numberOfRobotsOnBlackSite,numberOfRobotsOnWhiteSite
14394,28,15
timeStep,numberOfRobotsOnBlackSite,numberOfRobotsOnWhiteSite
14395,28,15
timeStep,numberOfRobotsOnBlackSite,numberOfRobotsOnWhiteSite
14396,28,15
timeStep,numberOfRobotsOnBlackSite,numberOfRobotsOnWhiteSite
14397,28,15
timeStep,numberOfRobotsOnBlackSite,numberOfRobotsOnWhiteSite
14398,28,15
timeStep,numberOfRobotsOnBlackSite,numberOfRobotsOnWhiteSite
14399,28,15
timeStep,numberOfRobotsOnBlackSite,numberOfRobotsOnWhiteSite
14400,28,15
timeStep,numberOfRobotsOnBlackSite,numberOfRobotsOnWhiteSite
14401,28,15
timeStep,numberOfRobotsOnBlackSite,numberOfRobotsOnWhiteSite
14402,28,15
timeStep,numberOfRobotsOnBlackSite,numberOfRobotsOnWhiteSite
14403,28,15
timeStep,numberOfRobotsOnBlackSite,numberOfRobotsOnWhiteSite
14404,28,15
timeStep,numberOfRobotsOnBlackSite,numberOfRobotsOnWhiteSite
14405,28,15
timeStep,numberOfRobotsOnBlackSite,numberOfRobotsOnWhiteSite
14406,28,15
timeStep,numberOfRobotsOnBlackSite,numberOfRobotsOnWhiteSite
14407,28,15
timeStep,numberOfRobotsOnBlackSite,numberOfRobotsOnWhiteSite
14408,28,15
timeStep,numberOfRobotsOnBlackSite,numberOfRobotsOnWhiteSite
14409,28,15
timeStep,numberOfRobotsOnBlackSite,numberOfRobotsOnWhiteSite
14410,28,15
timeStep,numberOfRobotsOnBlackSite,numberOfRobotsOnWhiteSite
14411,28,15
timeStep,numberOfRobotsOnBlackSite,numberOfRobotsOnWhiteSite
14412,28,15
timeStep,numberOfRobotsOnBlackSite,numberOfRobotsOnWhiteSite
14413,28,15
timeStep,numberOfRobotsOnBlackSite,numberOfRobotsOnWhiteSite
14414,28,15
timeStep,numberOfRobotsOnBlackSite,numberOfRobotsOnWhiteSite
14415,28,15
timeStep,numberOfRobotsOnBlackSite,numberOfRobotsOnWhiteSite
14416,28,15
timeStep,numberOfRobotsOnBlackSite,numberOfRobotsOnWhiteSite
14417,28,15
timeStep,numberOfRobotsOnBlackSite,numberOfRobotsOnWhiteSite
14418,28,15
timeStep,numberOfRobotsOnBlackSite,numberOfRobotsOnWhiteSite
14419,28,15
timeStep,numberOfRobotsOnBlackSite,numberOfRobotsOnWhiteSite
14420,28,15
timeStep,numberOfRobotsOnBlackSite,numberOfRobotsOnWhiteSite
14421,28,15
timeStep,numberOfRobotsOnBlackSite,numberOfRobotsOnWhiteSite
14422,28,15
timeStep,numberOfRobotsOnBlackSite,numberOfRobotsOnWhiteSite
14423,28,15
timeStep,numberOfRobotsOnBlackSite,numberOfRobotsOnWhiteSite
14424,28,15
timeStep,numberOfRobotsOnBlackSite,numberOfRobotsOnWhiteSite
14425,28,15
timeStep,numberOfRobotsOnBlackSite,numberOfRobotsOnWhiteSite
14426,28,15
timeStep,numberOfRobotsOnBlackSite,numberOfRobotsOnWhiteSite
14427,28,15
timeStep,numberOfRobotsOnBlackSite,numberOfRobotsOnWhiteSite
14428,28,15
timeStep,numberOfRobotsOnBlackSite,numberOfRobotsOnWhiteSite
14429,28,15
timeStep,numberOfRobotsOnBlackSite,numberOfRobotsOnWhiteSite
14430,28,15
timeStep,numberOfRobotsOnBlackSite,numberOfRobotsOnWhiteSite
14431,28,15
timeStep,numberOfRobotsOnBlackSite,numberOfRobotsOnWhiteSite
14432,28,15
timeStep,numberOfRobotsOnBlackSite,numberOfRobotsOnWhiteSite
14433,28,15
timeStep,numberOfRobotsOnBlackSite,numberOfRobotsOnWhiteSite
14434,28,15
timeStep,numberOfRobotsOnBlackSite,numberOfRobotsOnWhiteSite
14435,28,15
timeStep,numberOfRobotsOnBlackSite,numberOfRobotsOnWhiteSite
14436,28,15
timeStep,numberOfRobotsOnBlackSite,numberOfRobotsOnWhiteSite
14437,28,15
timeStep,numberOfRobotsOnBlackSite,numberOfRobotsOnWhiteSite
14438,28,15
timeStep,numberOfRobotsOnBlackSite,numberOfRobotsOnWhiteSite
14439,28,15
timeStep,numberOfRobotsOnBlackSite,numberOfRobotsOnWhiteSite
14440,28,15
timeStep,numberOfRobotsOnBlackSite,numberOfRobotsOnWhiteSite
14441,28,15
timeStep,numberOfRobotsOnBlackSite,numberOfRobotsOnWhiteSite
14442,28,15
timeStep,numberOfRobotsOnBlackSite,numberOfRobotsOnWhiteSite
14443,28,15
timeStep,numberOfRobotsOnBlackSite,numberOfRobotsOnWhiteSite
14444,28,15
timeStep,numberOfRobotsOnBlackSite,numberOfRobotsOnWhiteSite
14445,28,15
timeStep,numberOfRobotsOnBlackSite,numberOfRobotsOnWhiteSite
14446,28,15
timeStep,numberOfRobotsOnBlackSite,numberOfRobotsOnWhiteSite
14447,28,15
timeStep,numberOfRobotsOnBlackSite,numberOfRobotsOnWhiteSite
14448,28,15
timeStep,numberOfRobotsOnBlackSite,numberOfRobotsOnWhiteSite
14449,28,15
timeStep,numberOfRobotsOnBlackSite,numberOfRobotsOnWhiteSite
14450,28,15
timeStep,numberOfRobotsOnBlackSite,numberOfRobotsOnWhiteSite
14451,28,15
timeStep,numberOfRobotsOnBlackSite,numberOfRobotsOnWhiteSite
14452,28,15
timeStep,numberOfRobotsOnBlackSite,numberOfRobotsOnWhiteSite
14453,28,15
timeStep,numberOfRobotsOnBlackSite,numberOfRobotsOnWhiteSite
14454,28,15
timeStep,numberOfRobotsOnBlackSite,numberOfRobotsOnWhiteSite
14455,28,15
timeStep,numberOfRobotsOnBlackSite,numberOfRobotsOnWhiteSite
14456,28,15
timeStep,numberOfRobotsOnBlackSite,numberOfRobotsOnWhiteSite
14457,28,15
timeStep,numberOfRobotsOnBlackSite,numberOfRobotsOnWhiteSite
14458,28,15
timeStep,numberOfRobotsOnBlackSite,numberOfRobotsOnWhiteSite
14459,28,15
timeStep,numberOfRobotsOnBlackSite,numberOfRobotsOnWhiteSite
14460,28,15
timeStep,numberOfRobotsOnBlackSite,numberOfRobotsOnWhiteSite
14461,28,15
timeStep,numberOfRobotsOnBlackSite,numberOfRobotsOnWhiteSite
14462,28,15
timeStep,numberOfRobotsOnBlackSite,numberOfRobotsOnWhiteSite
14463,28,15
timeStep,numberOfRobotsOnBlackSite,numberOfRobotsOnWhiteSite
14464,28,15
timeStep,numberOfRobotsOnBlackSite,numberOfRobotsOnWhiteSite
14465,28,15
timeStep,numberOfRobotsOnBlackSite,numberOfRobotsOnWhiteSite
14466,28,15
timeStep,numberOfRobotsOnBlackSite,numberOfRobotsOnWhiteSite
14467,28,15
timeStep,numberOfRobotsOnBlackSite,numberOfRobotsOnWhiteSite
14468,28,15
timeStep,numberOfRobotsOnBlackSite,numberOfRobotsOnWhiteSite
14469,28,15
timeStep,numberOfRobotsOnBlackSite,numberOfRobotsOnWhiteSite
14470,28,15
timeStep,numberOfRobotsOnBlackSite,numberOfRobotsOnWhiteSite
14471,28,15
timeStep,numberOfRobotsOnBlackSite,numberOfRobotsOnWhiteSite
14472,28,15
timeStep,numberOfRobotsOnBlackSite,numberOfRobotsOnWhiteSite
14473,28,15
timeStep,numberOfRobotsOnBlackSite,numberOfRobotsOnWhiteSite
14474,28,15
timeStep,numberOfRobotsOnBlackSite,numberOfRobotsOnWhiteSite
14475,28,15
timeStep,numberOfRobotsOnBlackSite,numberOfRobotsOnWhiteSite
14476,28,15
timeStep,numberOfRobotsOnBlackSite,numberOfRobotsOnWhiteSite
14477,28,15
timeStep,numberOfRobotsOnBlackSite,numberOfRobotsOnWhiteSite
14478,28,15
timeStep,numberOfRobotsOnBlackSite,numberOfRobotsOnWhiteSite
14479,28,15
timeStep,numberOfRobotsOnBlackSite,numberOfRobotsOnWhiteSite
14480,28,15
timeStep,numberOfRobotsOnBlackSite,numberOfRobotsOnWhiteSite
14481,28,15
timeStep,numberOfRobotsOnBlackSite,numberOfRobotsOnWhiteSite
14482,28,15
timeStep,numberOfRobotsOnBlackSite,numberOfRobotsOnWhiteSite
14483,28,15
timeStep,numberOfRobotsOnBlackSite,numberOfRobotsOnWhiteSite
14484,28,15
timeStep,numberOfRobotsOnBlackSite,numberOfRobotsOnWhiteSite
14485,28,15
timeStep,numberOfRobotsOnBlackSite,numberOfRobotsOnWhiteSite
14486,28,15
timeStep,numberOfRobotsOnBlackSite,numberOfRobotsOnWhiteSite
14487,28,15
timeStep,numberOfRobotsOnBlackSite,numberOfRobotsOnWhiteSite
14488,28,15
timeStep,numberOfRobotsOnBlackSite,numberOfRobotsOnWhiteSite
14489,28,15
timeStep,numberOfRobotsOnBlackSite,numberOfRobotsOnWhiteSite
14490,28,15
timeStep,numberOfRobotsOnBlackSite,numberOfRobotsOnWhiteSite
14491,28,15
timeStep,numberOfRobotsOnBlackSite,numberOfRobotsOnWhiteSite
14492,28,15
timeStep,numberOfRobotsOnBlackSite,numberOfRobotsOnWhiteSite
14493,28,15
timeStep,numberOfRobotsOnBlackSite,numberOfRobotsOnWhiteSite
14494,28,15
timeStep,numberOfRobotsOnBlackSite,numberOfRobotsOnWhiteSite
14495,28,15
timeStep,numberOfRobotsOnBlackSite,numberOfRobotsOnWhiteSite
14496,28,15
timeStep,numberOfRobotsOnBlackSite,numberOfRobotsOnWhiteSite
14497,28,15
timeStep,numberOfRobotsOnBlackSite,numberOfRobotsOnWhiteSite
14498,28,15
timeStep,numberOfRobotsOnBlackSite,numberOfRobotsOnWhiteSite
14499,28,15
timeStep,numberOfRobotsOnBlackSite,numberOfRobotsOnWhiteSite
14500,28,15
timeStep,numberOfRobotsOnBlackSite,numberOfRobotsOnWhiteSite
14501,28,15
timeStep,numberOfRobotsOnBlackSite,numberOfRobotsOnWhiteSite
14502,28,15
timeStep,numberOfRobotsOnBlackSite,numberOfRobotsOnWhiteSite
14503,28,15
timeStep,numberOfRobotsOnBlackSite,numberOfRobotsOnWhiteSite
14504,28,15
timeStep,numberOfRobotsOnBlackSite,numberOfRobotsOnWhiteSite
14505,28,15
timeStep,numberOfRobotsOnBlackSite,numberOfRobotsOnWhiteSite
14506,28,15
timeStep,numberOfRobotsOnBlackSite,numberOfRobotsOnWhiteSite
14507,28,15
timeStep,numberOfRobotsOnBlackSite,numberOfRobotsOnWhiteSite
14508,28,15
timeStep,numberOfRobotsOnBlackSite,numberOfRobotsOnWhiteSite
14509,28,15
timeStep,numberOfRobotsOnBlackSite,numberOfRobotsOnWhiteSite
14510,28,15
timeStep,numberOfRobotsOnBlackSite,numberOfRobotsOnWhiteSite
14511,28,15
timeStep,numberOfRobotsOnBlackSite,numberOfRobotsOnWhiteSite
14512,28,15
timeStep,numberOfRobotsOnBlackSite,numberOfRobotsOnWhiteSite
14513,28,15
timeStep,numberOfRobotsOnBlackSite,numberOfRobotsOnWhiteSite
14514,28,15
timeStep,numberOfRobotsOnBlackSite,numberOfRobotsOnWhiteSite
14515,28,15
timeStep,numberOfRobotsOnBlackSite,numberOfRobotsOnWhiteSite
14516,28,15
timeStep,numberOfRobotsOnBlackSite,numberOfRobotsOnWhiteSite
14517,28,15
timeStep,numberOfRobotsOnBlackSite,numberOfRobotsOnWhiteSite
14518,28,15
timeStep,numberOfRobotsOnBlackSite,numberOfRobotsOnWhiteSite
14519,28,15
timeStep,numberOfRobotsOnBlackSite,numberOfRobotsOnWhiteSite
14520,28,15
timeStep,numberOfRobotsOnBlackSite,numberOfRobotsOnWhiteSite
14521,28,15
timeStep,numberOfRobotsOnBlackSite,numberOfRobotsOnWhiteSite
14522,28,15
timeStep,numberOfRobotsOnBlackSite,numberOfRobotsOnWhiteSite
14523,28,15
timeStep,numberOfRobotsOnBlackSite,numberOfRobotsOnWhiteSite
14524,28,15
timeStep,numberOfRobotsOnBlackSite,numberOfRobotsOnWhiteSite
14525,28,14
timeStep,numberOfRobotsOnBlackSite,numberOfRobotsOnWhiteSite
14526,28,14
timeStep,numberOfRobotsOnBlackSite,numberOfRobotsOnWhiteSite
14527,28,14
timeStep,numberOfRobotsOnBlackSite,numberOfRobotsOnWhiteSite
14528,28,14
timeStep,numberOfRobotsOnBlackSite,numberOfRobotsOnWhiteSite
14529,28,14
timeStep,numberOfRobotsOnBlackSite,numberOfRobotsOnWhiteSite
14530,29,14
timeStep,numberOfRobotsOnBlackSite,numberOfRobotsOnWhiteSite
14531,29,14
timeStep,numberOfRobotsOnBlackSite,numberOfRobotsOnWhiteSite
14532,29,14
timeStep,numberOfRobotsOnBlackSite,numberOfRobotsOnWhiteSite
14533,29,14
timeStep,numberOfRobotsOnBlackSite,numberOfRobotsOnWhiteSite
14534,29,14
timeStep,numberOfRobotsOnBlackSite,numberOfRobotsOnWhiteSite
14535,29,14
timeStep,numberOfRobotsOnBlackSite,numberOfRobotsOnWhiteSite
14536,29,14
timeStep,numberOfRobotsOnBlackSite,numberOfRobotsOnWhiteSite
14537,29,14
timeStep,numberOfRobotsOnBlackSite,numberOfRobotsOnWhiteSite
14538,29,14
timeStep,numberOfRobotsOnBlackSite,numberOfRobotsOnWhiteSite
14539,29,14
timeStep,numberOfRobotsOnBlackSite,numberOfRobotsOnWhiteSite
14540,29,14
timeStep,numberOfRobotsOnBlackSite,numberOfRobotsOnWhiteSite
14541,29,14
timeStep,numberOfRobotsOnBlackSite,numberOfRobotsOnWhiteSite
14542,29,14
timeStep,numberOfRobotsOnBlackSite,numberOfRobotsOnWhiteSite
14543,29,14
timeStep,numberOfRobotsOnBlackSite,numberOfRobotsOnWhiteSite
14544,29,14
timeStep,numberOfRobotsOnBlackSite,numberOfRobotsOnWhiteSite
14545,29,14
timeStep,numberOfRobotsOnBlackSite,numberOfRobotsOnWhiteSite
14546,29,14
timeStep,numberOfRobotsOnBlackSite,numberOfRobotsOnWhiteSite
14547,29,14
timeStep,numberOfRobotsOnBlackSite,numberOfRobotsOnWhiteSite
14548,29,14
timeStep,numberOfRobotsOnBlackSite,numberOfRobotsOnWhiteSite
14549,29,14
timeStep,numberOfRobotsOnBlackSite,numberOfRobotsOnWhiteSite
14550,29,14
timeStep,numberOfRobotsOnBlackSite,numberOfRobotsOnWhiteSite
14551,29,14
timeStep,numberOfRobotsOnBlackSite,numberOfRobotsOnWhiteSite
14552,29,14
timeStep,numberOfRobotsOnBlackSite,numberOfRobotsOnWhiteSite
14553,29,14
timeStep,numberOfRobotsOnBlackSite,numberOfRobotsOnWhiteSite
14554,29,14
timeStep,numberOfRobotsOnBlackSite,numberOfRobotsOnWhiteSite
14555,30,14
timeStep,numberOfRobotsOnBlackSite,numberOfRobotsOnWhiteSite
14556,30,14
timeStep,numberOfRobotsOnBlackSite,numberOfRobotsOnWhiteSite
14557,30,14
timeStep,numberOfRobotsOnBlackSite,numberOfRobotsOnWhiteSite
14558,30,14
timeStep,numberOfRobotsOnBlackSite,numberOfRobotsOnWhiteSite
14559,30,14
timeStep,numberOfRobotsOnBlackSite,numberOfRobotsOnWhiteSite
14560,30,14
timeStep,numberOfRobotsOnBlackSite,numberOfRobotsOnWhiteSite
14561,30,14
timeStep,numberOfRobotsOnBlackSite,numberOfRobotsOnWhiteSite
14562,30,14
timeStep,numberOfRobotsOnBlackSite,numberOfRobotsOnWhiteSite
14563,30,14
timeStep,numberOfRobotsOnBlackSite,numberOfRobotsOnWhiteSite
14564,30,14
timeStep,numberOfRobotsOnBlackSite,numberOfRobotsOnWhiteSite
14565,30,15
timeStep,numberOfRobotsOnBlackSite,numberOfRobotsOnWhiteSite
14566,30,15
timeStep,numberOfRobotsOnBlackSite,numberOfRobotsOnWhiteSite
14567,30,15
timeStep,numberOfRobotsOnBlackSite,numberOfRobotsOnWhiteSite
14568,30,15
timeStep,numberOfRobotsOnBlackSite,numberOfRobotsOnWhiteSite
14569,30,15
timeStep,numberOfRobotsOnBlackSite,numberOfRobotsOnWhiteSite
14570,30,15
timeStep,numberOfRobotsOnBlackSite,numberOfRobotsOnWhiteSite
14571,30,15
timeStep,numberOfRobotsOnBlackSite,numberOfRobotsOnWhiteSite
14572,30,15
timeStep,numberOfRobotsOnBlackSite,numberOfRobotsOnWhiteSite
14573,30,15
timeStep,numberOfRobotsOnBlackSite,numberOfRobotsOnWhiteSite
14574,30,15
timeStep,numberOfRobotsOnBlackSite,numberOfRobotsOnWhiteSite
14575,30,15
timeStep,numberOfRobotsOnBlackSite,numberOfRobotsOnWhiteSite
14576,30,15
timeStep,numberOfRobotsOnBlackSite,numberOfRobotsOnWhiteSite
14577,30,15
timeStep,numberOfRobotsOnBlackSite,numberOfRobotsOnWhiteSite
14578,30,15
timeStep,numberOfRobotsOnBlackSite,numberOfRobotsOnWhiteSite
14579,30,15
timeStep,numberOfRobotsOnBlackSite,numberOfRobotsOnWhiteSite
14580,30,15
timeStep,numberOfRobotsOnBlackSite,numberOfRobotsOnWhiteSite
14581,30,15
timeStep,numberOfRobotsOnBlackSite,numberOfRobotsOnWhiteSite
14582,30,15
timeStep,numberOfRobotsOnBlackSite,numberOfRobotsOnWhiteSite
14583,30,15
timeStep,numberOfRobotsOnBlackSite,numberOfRobotsOnWhiteSite
14584,30,15
timeStep,numberOfRobotsOnBlackSite,numberOfRobotsOnWhiteSite
14585,30,15
timeStep,numberOfRobotsOnBlackSite,numberOfRobotsOnWhiteSite
14586,30,15
timeStep,numberOfRobotsOnBlackSite,numberOfRobotsOnWhiteSite
14587,30,15
timeStep,numberOfRobotsOnBlackSite,numberOfRobotsOnWhiteSite
14588,30,15
timeStep,numberOfRobotsOnBlackSite,numberOfRobotsOnWhiteSite
14589,30,15
timeStep,numberOfRobotsOnBlackSite,numberOfRobotsOnWhiteSite
14590,30,15
timeStep,numberOfRobotsOnBlackSite,numberOfRobotsOnWhiteSite
14591,30,15
timeStep,numberOfRobotsOnBlackSite,numberOfRobotsOnWhiteSite
14592,30,15
timeStep,numberOfRobotsOnBlackSite,numberOfRobotsOnWhiteSite
14593,30,15
timeStep,numberOfRobotsOnBlackSite,numberOfRobotsOnWhiteSite
14594,30,15
timeStep,numberOfRobotsOnBlackSite,numberOfRobotsOnWhiteSite
14595,30,15
timeStep,numberOfRobotsOnBlackSite,numberOfRobotsOnWhiteSite
14596,30,15
timeStep,numberOfRobotsOnBlackSite,numberOfRobotsOnWhiteSite
14597,30,15
timeStep,numberOfRobotsOnBlackSite,numberOfRobotsOnWhiteSite
14598,30,15
timeStep,numberOfRobotsOnBlackSite,numberOfRobotsOnWhiteSite
14599,30,15
timeStep,numberOfRobotsOnBlackSite,numberOfRobotsOnWhiteSite
14600,30,15
timeStep,numberOfRobotsOnBlackSite,numberOfRobotsOnWhiteSite
14601,30,15
timeStep,numberOfRobotsOnBlackSite,numberOfRobotsOnWhiteSite
14602,30,15
timeStep,numberOfRobotsOnBlackSite,numberOfRobotsOnWhiteSite
14603,30,15
timeStep,numberOfRobotsOnBlackSite,numberOfRobotsOnWhiteSite
14604,30,15
timeStep,numberOfRobotsOnBlackSite,numberOfRobotsOnWhiteSite
14605,30,15
timeStep,numberOfRobotsOnBlackSite,numberOfRobotsOnWhiteSite
14606,30,15
timeStep,numberOfRobotsOnBlackSite,numberOfRobotsOnWhiteSite
14607,30,15
timeStep,numberOfRobotsOnBlackSite,numberOfRobotsOnWhiteSite
14608,30,15
timeStep,numberOfRobotsOnBlackSite,numberOfRobotsOnWhiteSite
14609,30,15
timeStep,numberOfRobotsOnBlackSite,numberOfRobotsOnWhiteSite
14610,30,15
timeStep,numberOfRobotsOnBlackSite,numberOfRobotsOnWhiteSite
14611,30,15
timeStep,numberOfRobotsOnBlackSite,numberOfRobotsOnWhiteSite
14612,30,15
timeStep,numberOfRobotsOnBlackSite,numberOfRobotsOnWhiteSite
14613,30,15
timeStep,numberOfRobotsOnBlackSite,numberOfRobotsOnWhiteSite
14614,30,15
timeStep,numberOfRobotsOnBlackSite,numberOfRobotsOnWhiteSite
14615,30,15
timeStep,numberOfRobotsOnBlackSite,numberOfRobotsOnWhiteSite
14616,30,15
timeStep,numberOfRobotsOnBlackSite,numberOfRobotsOnWhiteSite
14617,30,15
timeStep,numberOfRobotsOnBlackSite,numberOfRobotsOnWhiteSite
14618,30,15
timeStep,numberOfRobotsOnBlackSite,numberOfRobotsOnWhiteSite
14619,30,15
timeStep,numberOfRobotsOnBlackSite,numberOfRobotsOnWhiteSite
14620,29,15
timeStep,numberOfRobotsOnBlackSite,numberOfRobotsOnWhiteSite
14621,29,15
timeStep,numberOfRobotsOnBlackSite,numberOfRobotsOnWhiteSite
14622,29,15
timeStep,numberOfRobotsOnBlackSite,numberOfRobotsOnWhiteSite
14623,29,15
timeStep,numberOfRobotsOnBlackSite,numberOfRobotsOnWhiteSite
14624,29,15
timeStep,numberOfRobotsOnBlackSite,numberOfRobotsOnWhiteSite
14625,29,15
timeStep,numberOfRobotsOnBlackSite,numberOfRobotsOnWhiteSite
14626,29,15
timeStep,numberOfRobotsOnBlackSite,numberOfRobotsOnWhiteSite
14627,29,15
timeStep,numberOfRobotsOnBlackSite,numberOfRobotsOnWhiteSite
14628,29,15
timeStep,numberOfRobotsOnBlackSite,numberOfRobotsOnWhiteSite
14629,29,15
timeStep,numberOfRobotsOnBlackSite,numberOfRobotsOnWhiteSite
14630,29,15
timeStep,numberOfRobotsOnBlackSite,numberOfRobotsOnWhiteSite
14631,29,15
timeStep,numberOfRobotsOnBlackSite,numberOfRobotsOnWhiteSite
14632,29,15
timeStep,numberOfRobotsOnBlackSite,numberOfRobotsOnWhiteSite
14633,29,15
timeStep,numberOfRobotsOnBlackSite,numberOfRobotsOnWhiteSite
14634,29,15
timeStep,numberOfRobotsOnBlackSite,numberOfRobotsOnWhiteSite
14635,29,15
timeStep,numberOfRobotsOnBlackSite,numberOfRobotsOnWhiteSite
14636,29,15
timeStep,numberOfRobotsOnBlackSite,numberOfRobotsOnWhiteSite
14637,29,15
timeStep,numberOfRobotsOnBlackSite,numberOfRobotsOnWhiteSite
14638,29,15
timeStep,numberOfRobotsOnBlackSite,numberOfRobotsOnWhiteSite
14639,29,15
timeStep,numberOfRobotsOnBlackSite,numberOfRobotsOnWhiteSite
14640,29,15
timeStep,numberOfRobotsOnBlackSite,numberOfRobotsOnWhiteSite
14641,29,15
timeStep,numberOfRobotsOnBlackSite,numberOfRobotsOnWhiteSite
14642,29,15
timeStep,numberOfRobotsOnBlackSite,numberOfRobotsOnWhiteSite
14643,29,15
timeStep,numberOfRobotsOnBlackSite,numberOfRobotsOnWhiteSite
14644,29,15
timeStep,numberOfRobotsOnBlackSite,numberOfRobotsOnWhiteSite
14645,29,15
timeStep,numberOfRobotsOnBlackSite,numberOfRobotsOnWhiteSite
14646,29,15
timeStep,numberOfRobotsOnBlackSite,numberOfRobotsOnWhiteSite
14647,29,15
timeStep,numberOfRobotsOnBlackSite,numberOfRobotsOnWhiteSite
14648,29,15
timeStep,numberOfRobotsOnBlackSite,numberOfRobotsOnWhiteSite
14649,29,15
timeStep,numberOfRobotsOnBlackSite,numberOfRobotsOnWhiteSite
14650,29,15
timeStep,numberOfRobotsOnBlackSite,numberOfRobotsOnWhiteSite
14651,29,15
timeStep,numberOfRobotsOnBlackSite,numberOfRobotsOnWhiteSite
14652,29,15
timeStep,numberOfRobotsOnBlackSite,numberOfRobotsOnWhiteSite
14653,29,15
timeStep,numberOfRobotsOnBlackSite,numberOfRobotsOnWhiteSite
14654,29,15
timeStep,numberOfRobotsOnBlackSite,numberOfRobotsOnWhiteSite
14655,29,15
timeStep,numberOfRobotsOnBlackSite,numberOfRobotsOnWhiteSite
14656,29,15
timeStep,numberOfRobotsOnBlackSite,numberOfRobotsOnWhiteSite
14657,29,15
timeStep,numberOfRobotsOnBlackSite,numberOfRobotsOnWhiteSite
14658,29,15
timeStep,numberOfRobotsOnBlackSite,numberOfRobotsOnWhiteSite
14659,29,15
timeStep,numberOfRobotsOnBlackSite,numberOfRobotsOnWhiteSite
14660,29,15
timeStep,numberOfRobotsOnBlackSite,numberOfRobotsOnWhiteSite
14661,29,15
timeStep,numberOfRobotsOnBlackSite,numberOfRobotsOnWhiteSite
14662,29,15
timeStep,numberOfRobotsOnBlackSite,numberOfRobotsOnWhiteSite
14663,29,15
timeStep,numberOfRobotsOnBlackSite,numberOfRobotsOnWhiteSite
14664,29,15
timeStep,numberOfRobotsOnBlackSite,numberOfRobotsOnWhiteSite
14665,29,15
timeStep,numberOfRobotsOnBlackSite,numberOfRobotsOnWhiteSite
14666,29,15
timeStep,numberOfRobotsOnBlackSite,numberOfRobotsOnWhiteSite
14667,29,15
timeStep,numberOfRobotsOnBlackSite,numberOfRobotsOnWhiteSite
14668,29,15
timeStep,numberOfRobotsOnBlackSite,numberOfRobotsOnWhiteSite
14669,29,15
timeStep,numberOfRobotsOnBlackSite,numberOfRobotsOnWhiteSite
14670,28,15
timeStep,numberOfRobotsOnBlackSite,numberOfRobotsOnWhiteSite
14671,28,15
timeStep,numberOfRobotsOnBlackSite,numberOfRobotsOnWhiteSite
14672,28,15
timeStep,numberOfRobotsOnBlackSite,numberOfRobotsOnWhiteSite
14673,28,15
timeStep,numberOfRobotsOnBlackSite,numberOfRobotsOnWhiteSite
14674,28,15
timeStep,numberOfRobotsOnBlackSite,numberOfRobotsOnWhiteSite
14675,28,15
timeStep,numberOfRobotsOnBlackSite,numberOfRobotsOnWhiteSite
14676,28,15
timeStep,numberOfRobotsOnBlackSite,numberOfRobotsOnWhiteSite
14677,28,15
timeStep,numberOfRobotsOnBlackSite,numberOfRobotsOnWhiteSite
14678,28,15
timeStep,numberOfRobotsOnBlackSite,numberOfRobotsOnWhiteSite
14679,28,15
timeStep,numberOfRobotsOnBlackSite,numberOfRobotsOnWhiteSite
14680,28,15
timeStep,numberOfRobotsOnBlackSite,numberOfRobotsOnWhiteSite
14681,28,15
timeStep,numberOfRobotsOnBlackSite,numberOfRobotsOnWhiteSite
14682,28,15
timeStep,numberOfRobotsOnBlackSite,numberOfRobotsOnWhiteSite
14683,28,15
timeStep,numberOfRobotsOnBlackSite,numberOfRobotsOnWhiteSite
14684,28,15
timeStep,numberOfRobotsOnBlackSite,numberOfRobotsOnWhiteSite
14685,28,15
timeStep,numberOfRobotsOnBlackSite,numberOfRobotsOnWhiteSite
14686,28,15
timeStep,numberOfRobotsOnBlackSite,numberOfRobotsOnWhiteSite
14687,28,15
timeStep,numberOfRobotsOnBlackSite,numberOfRobotsOnWhiteSite
14688,28,15
timeStep,numberOfRobotsOnBlackSite,numberOfRobotsOnWhiteSite
14689,28,15
timeStep,numberOfRobotsOnBlackSite,numberOfRobotsOnWhiteSite
14690,28,15
timeStep,numberOfRobotsOnBlackSite,numberOfRobotsOnWhiteSite
14691,28,15
timeStep,numberOfRobotsOnBlackSite,numberOfRobotsOnWhiteSite
14692,28,15
timeStep,numberOfRobotsOnBlackSite,numberOfRobotsOnWhiteSite
14693,28,15
timeStep,numberOfRobotsOnBlackSite,numberOfRobotsOnWhiteSite
14694,28,15
timeStep,numberOfRobotsOnBlackSite,numberOfRobotsOnWhiteSite
14695,28,15
timeStep,numberOfRobotsOnBlackSite,numberOfRobotsOnWhiteSite
14696,28,15
timeStep,numberOfRobotsOnBlackSite,numberOfRobotsOnWhiteSite
14697,28,15
timeStep,numberOfRobotsOnBlackSite,numberOfRobotsOnWhiteSite
14698,28,15
timeStep,numberOfRobotsOnBlackSite,numberOfRobotsOnWhiteSite
14699,28,15
timeStep,numberOfRobotsOnBlackSite,numberOfRobotsOnWhiteSite
14700,28,15
timeStep,numberOfRobotsOnBlackSite,numberOfRobotsOnWhiteSite
14701,28,15
timeStep,numberOfRobotsOnBlackSite,numberOfRobotsOnWhiteSite
14702,28,15
timeStep,numberOfRobotsOnBlackSite,numberOfRobotsOnWhiteSite
14703,28,15
timeStep,numberOfRobotsOnBlackSite,numberOfRobotsOnWhiteSite
14704,28,15
timeStep,numberOfRobotsOnBlackSite,numberOfRobotsOnWhiteSite
14705,28,15
timeStep,numberOfRobotsOnBlackSite,numberOfRobotsOnWhiteSite
14706,28,15
timeStep,numberOfRobotsOnBlackSite,numberOfRobotsOnWhiteSite
14707,28,15
timeStep,numberOfRobotsOnBlackSite,numberOfRobotsOnWhiteSite
14708,28,15
timeStep,numberOfRobotsOnBlackSite,numberOfRobotsOnWhiteSite
14709,28,15
timeStep,numberOfRobotsOnBlackSite,numberOfRobotsOnWhiteSite
14710,28,15
timeStep,numberOfRobotsOnBlackSite,numberOfRobotsOnWhiteSite
14711,28,15
timeStep,numberOfRobotsOnBlackSite,numberOfRobotsOnWhiteSite
14712,28,15
timeStep,numberOfRobotsOnBlackSite,numberOfRobotsOnWhiteSite
14713,28,15
timeStep,numberOfRobotsOnBlackSite,numberOfRobotsOnWhiteSite
14714,28,15
timeStep,numberOfRobotsOnBlackSite,numberOfRobotsOnWhiteSite
14715,28,15
timeStep,numberOfRobotsOnBlackSite,numberOfRobotsOnWhiteSite
14716,28,15
timeStep,numberOfRobotsOnBlackSite,numberOfRobotsOnWhiteSite
14717,28,15
timeStep,numberOfRobotsOnBlackSite,numberOfRobotsOnWhiteSite
14718,28,15
timeStep,numberOfRobotsOnBlackSite,numberOfRobotsOnWhiteSite
14719,28,15
timeStep,numberOfRobotsOnBlackSite,numberOfRobotsOnWhiteSite
14720,29,15
timeStep,numberOfRobotsOnBlackSite,numberOfRobotsOnWhiteSite
14721,29,15
timeStep,numberOfRobotsOnBlackSite,numberOfRobotsOnWhiteSite
14722,29,15
timeStep,numberOfRobotsOnBlackSite,numberOfRobotsOnWhiteSite
14723,29,15
timeStep,numberOfRobotsOnBlackSite,numberOfRobotsOnWhiteSite
14724,29,15
timeStep,numberOfRobotsOnBlackSite,numberOfRobotsOnWhiteSite
14725,29,15
timeStep,numberOfRobotsOnBlackSite,numberOfRobotsOnWhiteSite
14726,29,15
timeStep,numberOfRobotsOnBlackSite,numberOfRobotsOnWhiteSite
14727,29,15
timeStep,numberOfRobotsOnBlackSite,numberOfRobotsOnWhiteSite
14728,29,15
timeStep,numberOfRobotsOnBlackSite,numberOfRobotsOnWhiteSite
14729,29,15
timeStep,numberOfRobotsOnBlackSite,numberOfRobotsOnWhiteSite
14730,29,15
timeStep,numberOfRobotsOnBlackSite,numberOfRobotsOnWhiteSite
14731,29,15
timeStep,numberOfRobotsOnBlackSite,numberOfRobotsOnWhiteSite
14732,29,15
timeStep,numberOfRobotsOnBlackSite,numberOfRobotsOnWhiteSite
14733,29,15
timeStep,numberOfRobotsOnBlackSite,numberOfRobotsOnWhiteSite
14734,29,15
timeStep,numberOfRobotsOnBlackSite,numberOfRobotsOnWhiteSite
14735,29,15
timeStep,numberOfRobotsOnBlackSite,numberOfRobotsOnWhiteSite
14736,29,15
timeStep,numberOfRobotsOnBlackSite,numberOfRobotsOnWhiteSite
14737,29,15
timeStep,numberOfRobotsOnBlackSite,numberOfRobotsOnWhiteSite
14738,29,15
timeStep,numberOfRobotsOnBlackSite,numberOfRobotsOnWhiteSite
14739,29,15
timeStep,numberOfRobotsOnBlackSite,numberOfRobotsOnWhiteSite
14740,30,15
timeStep,numberOfRobotsOnBlackSite,numberOfRobotsOnWhiteSite
14741,30,15
timeStep,numberOfRobotsOnBlackSite,numberOfRobotsOnWhiteSite
14742,30,15
timeStep,numberOfRobotsOnBlackSite,numberOfRobotsOnWhiteSite
14743,30,15
timeStep,numberOfRobotsOnBlackSite,numberOfRobotsOnWhiteSite
14744,30,15
timeStep,numberOfRobotsOnBlackSite,numberOfRobotsOnWhiteSite
14745,30,15
timeStep,numberOfRobotsOnBlackSite,numberOfRobotsOnWhiteSite
14746,30,15
timeStep,numberOfRobotsOnBlackSite,numberOfRobotsOnWhiteSite
14747,30,15
timeStep,numberOfRobotsOnBlackSite,numberOfRobotsOnWhiteSite
14748,30,15
timeStep,numberOfRobotsOnBlackSite,numberOfRobotsOnWhiteSite
14749,30,15
timeStep,numberOfRobotsOnBlackSite,numberOfRobotsOnWhiteSite
14750,30,15
timeStep,numberOfRobotsOnBlackSite,numberOfRobotsOnWhiteSite
14751,30,15
timeStep,numberOfRobotsOnBlackSite,numberOfRobotsOnWhiteSite
14752,30,15
timeStep,numberOfRobotsOnBlackSite,numberOfRobotsOnWhiteSite
14753,30,15
timeStep,numberOfRobotsOnBlackSite,numberOfRobotsOnWhiteSite
14754,30,15
timeStep,numberOfRobotsOnBlackSite,numberOfRobotsOnWhiteSite
14755,30,15
timeStep,numberOfRobotsOnBlackSite,numberOfRobotsOnWhiteSite
14756,30,15
timeStep,numberOfRobotsOnBlackSite,numberOfRobotsOnWhiteSite
14757,30,15
timeStep,numberOfRobotsOnBlackSite,numberOfRobotsOnWhiteSite
14758,30,15
timeStep,numberOfRobotsOnBlackSite,numberOfRobotsOnWhiteSite
14759,30,15
timeStep,numberOfRobotsOnBlackSite,numberOfRobotsOnWhiteSite
14760,30,15
timeStep,numberOfRobotsOnBlackSite,numberOfRobotsOnWhiteSite
14761,30,15
timeStep,numberOfRobotsOnBlackSite,numberOfRobotsOnWhiteSite
14762,30,15
timeStep,numberOfRobotsOnBlackSite,numberOfRobotsOnWhiteSite
14763,30,15
timeStep,numberOfRobotsOnBlackSite,numberOfRobotsOnWhiteSite
14764,30,15
timeStep,numberOfRobotsOnBlackSite,numberOfRobotsOnWhiteSite
14765,30,15
timeStep,numberOfRobotsOnBlackSite,numberOfRobotsOnWhiteSite
14766,30,15
timeStep,numberOfRobotsOnBlackSite,numberOfRobotsOnWhiteSite
14767,30,15
timeStep,numberOfRobotsOnBlackSite,numberOfRobotsOnWhiteSite
14768,30,15
timeStep,numberOfRobotsOnBlackSite,numberOfRobotsOnWhiteSite
14769,30,15
timeStep,numberOfRobotsOnBlackSite,numberOfRobotsOnWhiteSite
14770,30,15
timeStep,numberOfRobotsOnBlackSite,numberOfRobotsOnWhiteSite
14771,30,15
timeStep,numberOfRobotsOnBlackSite,numberOfRobotsOnWhiteSite
14772,30,15
timeStep,numberOfRobotsOnBlackSite,numberOfRobotsOnWhiteSite
14773,30,15
timeStep,numberOfRobotsOnBlackSite,numberOfRobotsOnWhiteSite
14774,30,15
timeStep,numberOfRobotsOnBlackSite,numberOfRobotsOnWhiteSite
14775,30,15
timeStep,numberOfRobotsOnBlackSite,numberOfRobotsOnWhiteSite
14776,30,15
timeStep,numberOfRobotsOnBlackSite,numberOfRobotsOnWhiteSite
14777,30,15
timeStep,numberOfRobotsOnBlackSite,numberOfRobotsOnWhiteSite
14778,30,15
timeStep,numberOfRobotsOnBlackSite,numberOfRobotsOnWhiteSite
14779,30,15
timeStep,numberOfRobotsOnBlackSite,numberOfRobotsOnWhiteSite
14780,31,15
timeStep,numberOfRobotsOnBlackSite,numberOfRobotsOnWhiteSite
14781,31,15
timeStep,numberOfRobotsOnBlackSite,numberOfRobotsOnWhiteSite
14782,31,15
timeStep,numberOfRobotsOnBlackSite,numberOfRobotsOnWhiteSite
14783,31,15
timeStep,numberOfRobotsOnBlackSite,numberOfRobotsOnWhiteSite
14784,31,15
timeStep,numberOfRobotsOnBlackSite,numberOfRobotsOnWhiteSite
14785,31,15
timeStep,numberOfRobotsOnBlackSite,numberOfRobotsOnWhiteSite
14786,31,15
timeStep,numberOfRobotsOnBlackSite,numberOfRobotsOnWhiteSite
14787,31,15
timeStep,numberOfRobotsOnBlackSite,numberOfRobotsOnWhiteSite
14788,31,15
timeStep,numberOfRobotsOnBlackSite,numberOfRobotsOnWhiteSite
14789,31,15
timeStep,numberOfRobotsOnBlackSite,numberOfRobotsOnWhiteSite
14790,31,14
timeStep,numberOfRobotsOnBlackSite,numberOfRobotsOnWhiteSite
14791,31,14
timeStep,numberOfRobotsOnBlackSite,numberOfRobotsOnWhiteSite
14792,31,14
timeStep,numberOfRobotsOnBlackSite,numberOfRobotsOnWhiteSite
14793,31,14
timeStep,numberOfRobotsOnBlackSite,numberOfRobotsOnWhiteSite
14794,31,14
timeStep,numberOfRobotsOnBlackSite,numberOfRobotsOnWhiteSite
14795,32,14
timeStep,numberOfRobotsOnBlackSite,numberOfRobotsOnWhiteSite
14796,32,14
timeStep,numberOfRobotsOnBlackSite,numberOfRobotsOnWhiteSite
14797,32,14
timeStep,numberOfRobotsOnBlackSite,numberOfRobotsOnWhiteSite
14798,32,14
timeStep,numberOfRobotsOnBlackSite,numberOfRobotsOnWhiteSite
14799,32,14
timeStep,numberOfRobotsOnBlackSite,numberOfRobotsOnWhiteSite
14800,32,14
timeStep,numberOfRobotsOnBlackSite,numberOfRobotsOnWhiteSite
14801,32,14
timeStep,numberOfRobotsOnBlackSite,numberOfRobotsOnWhiteSite
14802,32,14
timeStep,numberOfRobotsOnBlackSite,numberOfRobotsOnWhiteSite
14803,32,14
timeStep,numberOfRobotsOnBlackSite,numberOfRobotsOnWhiteSite
14804,32,14
timeStep,numberOfRobotsOnBlackSite,numberOfRobotsOnWhiteSite
14805,32,14
timeStep,numberOfRobotsOnBlackSite,numberOfRobotsOnWhiteSite
14806,32,14
timeStep,numberOfRobotsOnBlackSite,numberOfRobotsOnWhiteSite
14807,32,14
timeStep,numberOfRobotsOnBlackSite,numberOfRobotsOnWhiteSite
14808,32,14
timeStep,numberOfRobotsOnBlackSite,numberOfRobotsOnWhiteSite
14809,32,14
timeStep,numberOfRobotsOnBlackSite,numberOfRobotsOnWhiteSite
14810,32,14
timeStep,numberOfRobotsOnBlackSite,numberOfRobotsOnWhiteSite
14811,32,14
timeStep,numberOfRobotsOnBlackSite,numberOfRobotsOnWhiteSite
14812,32,14
timeStep,numberOfRobotsOnBlackSite,numberOfRobotsOnWhiteSite
14813,32,14
timeStep,numberOfRobotsOnBlackSite,numberOfRobotsOnWhiteSite
14814,32,14
timeStep,numberOfRobotsOnBlackSite,numberOfRobotsOnWhiteSite
14815,32,14
timeStep,numberOfRobotsOnBlackSite,numberOfRobotsOnWhiteSite
14816,32,14
timeStep,numberOfRobotsOnBlackSite,numberOfRobotsOnWhiteSite
14817,32,14
timeStep,numberOfRobotsOnBlackSite,numberOfRobotsOnWhiteSite
14818,32,14
timeStep,numberOfRobotsOnBlackSite,numberOfRobotsOnWhiteSite
14819,32,14
timeStep,numberOfRobotsOnBlackSite,numberOfRobotsOnWhiteSite
14820,32,13
timeStep,numberOfRobotsOnBlackSite,numberOfRobotsOnWhiteSite
14821,32,13
timeStep,numberOfRobotsOnBlackSite,numberOfRobotsOnWhiteSite
14822,32,13
timeStep,numberOfRobotsOnBlackSite,numberOfRobotsOnWhiteSite
14823,32,13
timeStep,numberOfRobotsOnBlackSite,numberOfRobotsOnWhiteSite
14824,32,13
timeStep,numberOfRobotsOnBlackSite,numberOfRobotsOnWhiteSite
14825,32,13
timeStep,numberOfRobotsOnBlackSite,numberOfRobotsOnWhiteSite
14826,32,13
timeStep,numberOfRobotsOnBlackSite,numberOfRobotsOnWhiteSite
14827,32,13
timeStep,numberOfRobotsOnBlackSite,numberOfRobotsOnWhiteSite
14828,32,13
timeStep,numberOfRobotsOnBlackSite,numberOfRobotsOnWhiteSite
14829,32,13
timeStep,numberOfRobotsOnBlackSite,numberOfRobotsOnWhiteSite
14830,32,13
timeStep,numberOfRobotsOnBlackSite,numberOfRobotsOnWhiteSite
14831,32,13
timeStep,numberOfRobotsOnBlackSite,numberOfRobotsOnWhiteSite
14832,32,13
timeStep,numberOfRobotsOnBlackSite,numberOfRobotsOnWhiteSite
14833,32,13
timeStep,numberOfRobotsOnBlackSite,numberOfRobotsOnWhiteSite
14834,32,13
timeStep,numberOfRobotsOnBlackSite,numberOfRobotsOnWhiteSite
14835,32,13
timeStep,numberOfRobotsOnBlackSite,numberOfRobotsOnWhiteSite
14836,32,13
timeStep,numberOfRobotsOnBlackSite,numberOfRobotsOnWhiteSite
14837,32,13
timeStep,numberOfRobotsOnBlackSite,numberOfRobotsOnWhiteSite
14838,32,13
timeStep,numberOfRobotsOnBlackSite,numberOfRobotsOnWhiteSite
14839,32,13
timeStep,numberOfRobotsOnBlackSite,numberOfRobotsOnWhiteSite
14840,32,13
timeStep,numberOfRobotsOnBlackSite,numberOfRobotsOnWhiteSite
14841,32,13
timeStep,numberOfRobotsOnBlackSite,numberOfRobotsOnWhiteSite
14842,32,13
timeStep,numberOfRobotsOnBlackSite,numberOfRobotsOnWhiteSite
14843,32,13
timeStep,numberOfRobotsOnBlackSite,numberOfRobotsOnWhiteSite
14844,32,13
timeStep,numberOfRobotsOnBlackSite,numberOfRobotsOnWhiteSite
14845,32,13
timeStep,numberOfRobotsOnBlackSite,numberOfRobotsOnWhiteSite
14846,32,13
timeStep,numberOfRobotsOnBlackSite,numberOfRobotsOnWhiteSite
14847,32,13
timeStep,numberOfRobotsOnBlackSite,numberOfRobotsOnWhiteSite
14848,32,13
timeStep,numberOfRobotsOnBlackSite,numberOfRobotsOnWhiteSite
14849,32,13
timeStep,numberOfRobotsOnBlackSite,numberOfRobotsOnWhiteSite
14850,32,13
timeStep,numberOfRobotsOnBlackSite,numberOfRobotsOnWhiteSite
14851,32,13
timeStep,numberOfRobotsOnBlackSite,numberOfRobotsOnWhiteSite
14852,32,13
timeStep,numberOfRobotsOnBlackSite,numberOfRobotsOnWhiteSite
14853,32,13
timeStep,numberOfRobotsOnBlackSite,numberOfRobotsOnWhiteSite
14854,32,13
timeStep,numberOfRobotsOnBlackSite,numberOfRobotsOnWhiteSite
14855,32,13
timeStep,numberOfRobotsOnBlackSite,numberOfRobotsOnWhiteSite
14856,32,13
timeStep,numberOfRobotsOnBlackSite,numberOfRobotsOnWhiteSite
14857,32,13
timeStep,numberOfRobotsOnBlackSite,numberOfRobotsOnWhiteSite
14858,32,13
timeStep,numberOfRobotsOnBlackSite,numberOfRobotsOnWhiteSite
14859,32,13
timeStep,numberOfRobotsOnBlackSite,numberOfRobotsOnWhiteSite
14860,32,13
timeStep,numberOfRobotsOnBlackSite,numberOfRobotsOnWhiteSite
14861,32,13
timeStep,numberOfRobotsOnBlackSite,numberOfRobotsOnWhiteSite
14862,32,13
timeStep,numberOfRobotsOnBlackSite,numberOfRobotsOnWhiteSite
14863,32,13
timeStep,numberOfRobotsOnBlackSite,numberOfRobotsOnWhiteSite
14864,32,13
timeStep,numberOfRobotsOnBlackSite,numberOfRobotsOnWhiteSite
14865,32,13
timeStep,numberOfRobotsOnBlackSite,numberOfRobotsOnWhiteSite
14866,32,13
timeStep,numberOfRobotsOnBlackSite,numberOfRobotsOnWhiteSite
14867,32,13
timeStep,numberOfRobotsOnBlackSite,numberOfRobotsOnWhiteSite
14868,32,13
timeStep,numberOfRobotsOnBlackSite,numberOfRobotsOnWhiteSite
14869,32,13
timeStep,numberOfRobotsOnBlackSite,numberOfRobotsOnWhiteSite
14870,32,13
timeStep,numberOfRobotsOnBlackSite,numberOfRobotsOnWhiteSite
14871,32,13
timeStep,numberOfRobotsOnBlackSite,numberOfRobotsOnWhiteSite
14872,32,13
timeStep,numberOfRobotsOnBlackSite,numberOfRobotsOnWhiteSite
14873,32,13
timeStep,numberOfRobotsOnBlackSite,numberOfRobotsOnWhiteSite
14874,32,13
timeStep,numberOfRobotsOnBlackSite,numberOfRobotsOnWhiteSite
14875,32,13
timeStep,numberOfRobotsOnBlackSite,numberOfRobotsOnWhiteSite
14876,32,13
timeStep,numberOfRobotsOnBlackSite,numberOfRobotsOnWhiteSite
14877,32,13
timeStep,numberOfRobotsOnBlackSite,numberOfRobotsOnWhiteSite
14878,32,13
timeStep,numberOfRobotsOnBlackSite,numberOfRobotsOnWhiteSite
14879,32,13
timeStep,numberOfRobotsOnBlackSite,numberOfRobotsOnWhiteSite
14880,32,14
timeStep,numberOfRobotsOnBlackSite,numberOfRobotsOnWhiteSite
14881,32,14
timeStep,numberOfRobotsOnBlackSite,numberOfRobotsOnWhiteSite
14882,32,14
timeStep,numberOfRobotsOnBlackSite,numberOfRobotsOnWhiteSite
14883,32,14
timeStep,numberOfRobotsOnBlackSite,numberOfRobotsOnWhiteSite
14884,32,14
timeStep,numberOfRobotsOnBlackSite,numberOfRobotsOnWhiteSite
14885,32,14
timeStep,numberOfRobotsOnBlackSite,numberOfRobotsOnWhiteSite
14886,32,14
timeStep,numberOfRobotsOnBlackSite,numberOfRobotsOnWhiteSite
14887,32,14
timeStep,numberOfRobotsOnBlackSite,numberOfRobotsOnWhiteSite
14888,32,14
timeStep,numberOfRobotsOnBlackSite,numberOfRobotsOnWhiteSite
14889,32,14
timeStep,numberOfRobotsOnBlackSite,numberOfRobotsOnWhiteSite
14890,32,14
timeStep,numberOfRobotsOnBlackSite,numberOfRobotsOnWhiteSite
14891,32,14
timeStep,numberOfRobotsOnBlackSite,numberOfRobotsOnWhiteSite
14892,32,14
timeStep,numberOfRobotsOnBlackSite,numberOfRobotsOnWhiteSite
14893,32,14
timeStep,numberOfRobotsOnBlackSite,numberOfRobotsOnWhiteSite
14894,32,14
timeStep,numberOfRobotsOnBlackSite,numberOfRobotsOnWhiteSite
14895,32,14
timeStep,numberOfRobotsOnBlackSite,numberOfRobotsOnWhiteSite
14896,32,14
timeStep,numberOfRobotsOnBlackSite,numberOfRobotsOnWhiteSite
14897,32,14
timeStep,numberOfRobotsOnBlackSite,numberOfRobotsOnWhiteSite
14898,32,14
timeStep,numberOfRobotsOnBlackSite,numberOfRobotsOnWhiteSite
14899,32,14
timeStep,numberOfRobotsOnBlackSite,numberOfRobotsOnWhiteSite
14900,32,14
timeStep,numberOfRobotsOnBlackSite,numberOfRobotsOnWhiteSite
14901,32,14
timeStep,numberOfRobotsOnBlackSite,numberOfRobotsOnWhiteSite
14902,32,14
timeStep,numberOfRobotsOnBlackSite,numberOfRobotsOnWhiteSite
14903,32,14
timeStep,numberOfRobotsOnBlackSite,numberOfRobotsOnWhiteSite
14904,32,14
timeStep,numberOfRobotsOnBlackSite,numberOfRobotsOnWhiteSite
14905,32,14
timeStep,numberOfRobotsOnBlackSite,numberOfRobotsOnWhiteSite
14906,32,14
timeStep,numberOfRobotsOnBlackSite,numberOfRobotsOnWhiteSite
14907,32,14
timeStep,numberOfRobotsOnBlackSite,numberOfRobotsOnWhiteSite
14908,32,14
timeStep,numberOfRobotsOnBlackSite,numberOfRobotsOnWhiteSite
14909,32,14
timeStep,numberOfRobotsOnBlackSite,numberOfRobotsOnWhiteSite
14910,31,14
timeStep,numberOfRobotsOnBlackSite,numberOfRobotsOnWhiteSite
14911,31,14
timeStep,numberOfRobotsOnBlackSite,numberOfRobotsOnWhiteSite
14912,31,14
timeStep,numberOfRobotsOnBlackSite,numberOfRobotsOnWhiteSite
14913,31,14
timeStep,numberOfRobotsOnBlackSite,numberOfRobotsOnWhiteSite
14914,31,14
timeStep,numberOfRobotsOnBlackSite,numberOfRobotsOnWhiteSite
14915,31,14
timeStep,numberOfRobotsOnBlackSite,numberOfRobotsOnWhiteSite
14916,31,14
timeStep,numberOfRobotsOnBlackSite,numberOfRobotsOnWhiteSite
14917,31,14
timeStep,numberOfRobotsOnBlackSite,numberOfRobotsOnWhiteSite
14918,31,14
timeStep,numberOfRobotsOnBlackSite,numberOfRobotsOnWhiteSite
14919,31,14
timeStep,numberOfRobotsOnBlackSite,numberOfRobotsOnWhiteSite
14920,31,14
timeStep,numberOfRobotsOnBlackSite,numberOfRobotsOnWhiteSite
14921,31,14
timeStep,numberOfRobotsOnBlackSite,numberOfRobotsOnWhiteSite
14922,31,14
timeStep,numberOfRobotsOnBlackSite,numberOfRobotsOnWhiteSite
14923,31,14
timeStep,numberOfRobotsOnBlackSite,numberOfRobotsOnWhiteSite
14924,31,14
timeStep,numberOfRobotsOnBlackSite,numberOfRobotsOnWhiteSite
14925,31,14
timeStep,numberOfRobotsOnBlackSite,numberOfRobotsOnWhiteSite
14926,31,14
timeStep,numberOfRobotsOnBlackSite,numberOfRobotsOnWhiteSite
14927,31,14
timeStep,numberOfRobotsOnBlackSite,numberOfRobotsOnWhiteSite
14928,31,14
timeStep,numberOfRobotsOnBlackSite,numberOfRobotsOnWhiteSite
14929,31,14
timeStep,numberOfRobotsOnBlackSite,numberOfRobotsOnWhiteSite
14930,31,14
timeStep,numberOfRobotsOnBlackSite,numberOfRobotsOnWhiteSite
14931,31,14
timeStep,numberOfRobotsOnBlackSite,numberOfRobotsOnWhiteSite
14932,31,14
timeStep,numberOfRobotsOnBlackSite,numberOfRobotsOnWhiteSite
14933,31,14
timeStep,numberOfRobotsOnBlackSite,numberOfRobotsOnWhiteSite
14934,31,14
timeStep,numberOfRobotsOnBlackSite,numberOfRobotsOnWhiteSite
14935,31,14
timeStep,numberOfRobotsOnBlackSite,numberOfRobotsOnWhiteSite
14936,31,14
timeStep,numberOfRobotsOnBlackSite,numberOfRobotsOnWhiteSite
14937,31,14
timeStep,numberOfRobotsOnBlackSite,numberOfRobotsOnWhiteSite
14938,31,14
timeStep,numberOfRobotsOnBlackSite,numberOfRobotsOnWhiteSite
14939,31,14
timeStep,numberOfRobotsOnBlackSite,numberOfRobotsOnWhiteSite
14940,31,14
timeStep,numberOfRobotsOnBlackSite,numberOfRobotsOnWhiteSite
14941,31,14
timeStep,numberOfRobotsOnBlackSite,numberOfRobotsOnWhiteSite
14942,31,14
timeStep,numberOfRobotsOnBlackSite,numberOfRobotsOnWhiteSite
14943,31,14
timeStep,numberOfRobotsOnBlackSite,numberOfRobotsOnWhiteSite
14944,31,14
timeStep,numberOfRobotsOnBlackSite,numberOfRobotsOnWhiteSite
14945,31,14
timeStep,numberOfRobotsOnBlackSite,numberOfRobotsOnWhiteSite
14946,31,14
timeStep,numberOfRobotsOnBlackSite,numberOfRobotsOnWhiteSite
14947,31,14
timeStep,numberOfRobotsOnBlackSite,numberOfRobotsOnWhiteSite
14948,31,14
timeStep,numberOfRobotsOnBlackSite,numberOfRobotsOnWhiteSite
14949,31,14
timeStep,numberOfRobotsOnBlackSite,numberOfRobotsOnWhiteSite
14950,31,14
timeStep,numberOfRobotsOnBlackSite,numberOfRobotsOnWhiteSite
14951,31,14
timeStep,numberOfRobotsOnBlackSite,numberOfRobotsOnWhiteSite
14952,31,14
timeStep,numberOfRobotsOnBlackSite,numberOfRobotsOnWhiteSite
14953,31,14
timeStep,numberOfRobotsOnBlackSite,numberOfRobotsOnWhiteSite
14954,31,14
timeStep,numberOfRobotsOnBlackSite,numberOfRobotsOnWhiteSite
14955,31,13
timeStep,numberOfRobotsOnBlackSite,numberOfRobotsOnWhiteSite
14956,31,13
timeStep,numberOfRobotsOnBlackSite,numberOfRobotsOnWhiteSite
14957,31,13
timeStep,numberOfRobotsOnBlackSite,numberOfRobotsOnWhiteSite
14958,31,13
timeStep,numberOfRobotsOnBlackSite,numberOfRobotsOnWhiteSite
14959,31,13
timeStep,numberOfRobotsOnBlackSite,numberOfRobotsOnWhiteSite
14960,31,13
timeStep,numberOfRobotsOnBlackSite,numberOfRobotsOnWhiteSite
14961,31,13
timeStep,numberOfRobotsOnBlackSite,numberOfRobotsOnWhiteSite
14962,31,13
timeStep,numberOfRobotsOnBlackSite,numberOfRobotsOnWhiteSite
14963,31,13
timeStep,numberOfRobotsOnBlackSite,numberOfRobotsOnWhiteSite
14964,31,13
timeStep,numberOfRobotsOnBlackSite,numberOfRobotsOnWhiteSite
14965,31,13
timeStep,numberOfRobotsOnBlackSite,numberOfRobotsOnWhiteSite
14966,31,13
timeStep,numberOfRobotsOnBlackSite,numberOfRobotsOnWhiteSite
14967,31,13
timeStep,numberOfRobotsOnBlackSite,numberOfRobotsOnWhiteSite
14968,31,13
timeStep,numberOfRobotsOnBlackSite,numberOfRobotsOnWhiteSite
14969,31,13
timeStep,numberOfRobotsOnBlackSite,numberOfRobotsOnWhiteSite
14970,31,13
timeStep,numberOfRobotsOnBlackSite,numberOfRobotsOnWhiteSite
14971,31,13
timeStep,numberOfRobotsOnBlackSite,numberOfRobotsOnWhiteSite
14972,31,13
timeStep,numberOfRobotsOnBlackSite,numberOfRobotsOnWhiteSite
14973,31,13
timeStep,numberOfRobotsOnBlackSite,numberOfRobotsOnWhiteSite
14974,31,13
timeStep,numberOfRobotsOnBlackSite,numberOfRobotsOnWhiteSite
14975,31,13
timeStep,numberOfRobotsOnBlackSite,numberOfRobotsOnWhiteSite
14976,31,13
timeStep,numberOfRobotsOnBlackSite,numberOfRobotsOnWhiteSite
14977,31,13
timeStep,numberOfRobotsOnBlackSite,numberOfRobotsOnWhiteSite
14978,31,13
timeStep,numberOfRobotsOnBlackSite,numberOfRobotsOnWhiteSite
14979,31,13
timeStep,numberOfRobotsOnBlackSite,numberOfRobotsOnWhiteSite
14980,31,13
timeStep,numberOfRobotsOnBlackSite,numberOfRobotsOnWhiteSite
14981,31,13
timeStep,numberOfRobotsOnBlackSite,numberOfRobotsOnWhiteSite
14982,31,13
timeStep,numberOfRobotsOnBlackSite,numberOfRobotsOnWhiteSite
14983,31,13
timeStep,numberOfRobotsOnBlackSite,numberOfRobotsOnWhiteSite
14984,31,13
timeStep,numberOfRobotsOnBlackSite,numberOfRobotsOnWhiteSite
14985,31,13
timeStep,numberOfRobotsOnBlackSite,numberOfRobotsOnWhiteSite
14986,31,13
timeStep,numberOfRobotsOnBlackSite,numberOfRobotsOnWhiteSite
14987,31,13
timeStep,numberOfRobotsOnBlackSite,numberOfRobotsOnWhiteSite
14988,31,13
timeStep,numberOfRobotsOnBlackSite,numberOfRobotsOnWhiteSite
14989,31,13
timeStep,numberOfRobotsOnBlackSite,numberOfRobotsOnWhiteSite
14990,31,13
timeStep,numberOfRobotsOnBlackSite,numberOfRobotsOnWhiteSite
14991,31,13
timeStep,numberOfRobotsOnBlackSite,numberOfRobotsOnWhiteSite
14992,31,13
timeStep,numberOfRobotsOnBlackSite,numberOfRobotsOnWhiteSite
14993,31,13
timeStep,numberOfRobotsOnBlackSite,numberOfRobotsOnWhiteSite
14994,31,13
timeStep,numberOfRobotsOnBlackSite,numberOfRobotsOnWhiteSite
14995,31,13
timeStep,numberOfRobotsOnBlackSite,numberOfRobotsOnWhiteSite
14996,31,13
timeStep,numberOfRobotsOnBlackSite,numberOfRobotsOnWhiteSite
14997,31,13
timeStep,numberOfRobotsOnBlackSite,numberOfRobotsOnWhiteSite
14998,31,13
timeStep,numberOfRobotsOnBlackSite,numberOfRobotsOnWhiteSite
14999,31,13
timeStep,numberOfRobotsOnBlackSite,numberOfRobotsOnWhiteSite
15000,31,13
timeStep,numberOfRobotsOnBlackSite,numberOfRobotsOnWhiteSite
15001,31,13
timeStep,numberOfRobotsOnBlackSite,numberOfRobotsOnWhiteSite
15002,31,13
timeStep,numberOfRobotsOnBlackSite,numberOfRobotsOnWhiteSite
15003,31,13
timeStep,numberOfRobotsOnBlackSite,numberOfRobotsOnWhiteSite
15004,31,13
timeStep,numberOfRobotsOnBlackSite,numberOfRobotsOnWhiteSite
15005,31,13
timeStep,numberOfRobotsOnBlackSite,numberOfRobotsOnWhiteSite
15006,31,13
timeStep,numberOfRobotsOnBlackSite,numberOfRobotsOnWhiteSite
15007,31,13
timeStep,numberOfRobotsOnBlackSite,numberOfRobotsOnWhiteSite
15008,31,13
timeStep,numberOfRobotsOnBlackSite,numberOfRobotsOnWhiteSite
15009,31,13
timeStep,numberOfRobotsOnBlackSite,numberOfRobotsOnWhiteSite
15010,31,13
timeStep,numberOfRobotsOnBlackSite,numberOfRobotsOnWhiteSite
15011,31,13
timeStep,numberOfRobotsOnBlackSite,numberOfRobotsOnWhiteSite
15012,31,13
timeStep,numberOfRobotsOnBlackSite,numberOfRobotsOnWhiteSite
15013,31,13
timeStep,numberOfRobotsOnBlackSite,numberOfRobotsOnWhiteSite
15014,31,13
timeStep,numberOfRobotsOnBlackSite,numberOfRobotsOnWhiteSite
15015,31,13
timeStep,numberOfRobotsOnBlackSite,numberOfRobotsOnWhiteSite
15016,31,13
timeStep,numberOfRobotsOnBlackSite,numberOfRobotsOnWhiteSite
15017,31,13
timeStep,numberOfRobotsOnBlackSite,numberOfRobotsOnWhiteSite
15018,31,13
timeStep,numberOfRobotsOnBlackSite,numberOfRobotsOnWhiteSite
15019,31,13
timeStep,numberOfRobotsOnBlackSite,numberOfRobotsOnWhiteSite
15020,32,13
timeStep,numberOfRobotsOnBlackSite,numberOfRobotsOnWhiteSite
15021,32,13
timeStep,numberOfRobotsOnBlackSite,numberOfRobotsOnWhiteSite
15022,32,13
timeStep,numberOfRobotsOnBlackSite,numberOfRobotsOnWhiteSite
15023,32,13
timeStep,numberOfRobotsOnBlackSite,numberOfRobotsOnWhiteSite
15024,32,13
timeStep,numberOfRobotsOnBlackSite,numberOfRobotsOnWhiteSite
15025,32,13
timeStep,numberOfRobotsOnBlackSite,numberOfRobotsOnWhiteSite
15026,32,13
timeStep,numberOfRobotsOnBlackSite,numberOfRobotsOnWhiteSite
15027,32,13
timeStep,numberOfRobotsOnBlackSite,numberOfRobotsOnWhiteSite
15028,32,13
timeStep,numberOfRobotsOnBlackSite,numberOfRobotsOnWhiteSite
15029,32,13
timeStep,numberOfRobotsOnBlackSite,numberOfRobotsOnWhiteSite
15030,32,13
timeStep,numberOfRobotsOnBlackSite,numberOfRobotsOnWhiteSite
15031,32,13
timeStep,numberOfRobotsOnBlackSite,numberOfRobotsOnWhiteSite
15032,32,13
timeStep,numberOfRobotsOnBlackSite,numberOfRobotsOnWhiteSite
15033,32,13
timeStep,numberOfRobotsOnBlackSite,numberOfRobotsOnWhiteSite
15034,32,13
timeStep,numberOfRobotsOnBlackSite,numberOfRobotsOnWhiteSite
15035,32,13
timeStep,numberOfRobotsOnBlackSite,numberOfRobotsOnWhiteSite
15036,32,13
timeStep,numberOfRobotsOnBlackSite,numberOfRobotsOnWhiteSite
15037,32,13
timeStep,numberOfRobotsOnBlackSite,numberOfRobotsOnWhiteSite
15038,32,13
timeStep,numberOfRobotsOnBlackSite,numberOfRobotsOnWhiteSite
15039,32,13
timeStep,numberOfRobotsOnBlackSite,numberOfRobotsOnWhiteSite
15040,32,13
timeStep,numberOfRobotsOnBlackSite,numberOfRobotsOnWhiteSite
15041,32,13
timeStep,numberOfRobotsOnBlackSite,numberOfRobotsOnWhiteSite
15042,32,13
timeStep,numberOfRobotsOnBlackSite,numberOfRobotsOnWhiteSite
15043,32,13
timeStep,numberOfRobotsOnBlackSite,numberOfRobotsOnWhiteSite
15044,32,13
timeStep,numberOfRobotsOnBlackSite,numberOfRobotsOnWhiteSite
15045,32,13
timeStep,numberOfRobotsOnBlackSite,numberOfRobotsOnWhiteSite
15046,32,13
timeStep,numberOfRobotsOnBlackSite,numberOfRobotsOnWhiteSite
15047,32,13
timeStep,numberOfRobotsOnBlackSite,numberOfRobotsOnWhiteSite
15048,32,13
timeStep,numberOfRobotsOnBlackSite,numberOfRobotsOnWhiteSite
15049,32,13
timeStep,numberOfRobotsOnBlackSite,numberOfRobotsOnWhiteSite
15050,32,13
timeStep,numberOfRobotsOnBlackSite,numberOfRobotsOnWhiteSite
15051,32,13
timeStep,numberOfRobotsOnBlackSite,numberOfRobotsOnWhiteSite
15052,32,13
timeStep,numberOfRobotsOnBlackSite,numberOfRobotsOnWhiteSite
15053,32,13
timeStep,numberOfRobotsOnBlackSite,numberOfRobotsOnWhiteSite
15054,32,13
timeStep,numberOfRobotsOnBlackSite,numberOfRobotsOnWhiteSite
15055,32,13
timeStep,numberOfRobotsOnBlackSite,numberOfRobotsOnWhiteSite
15056,32,13
timeStep,numberOfRobotsOnBlackSite,numberOfRobotsOnWhiteSite
15057,32,13
timeStep,numberOfRobotsOnBlackSite,numberOfRobotsOnWhiteSite
15058,32,13
timeStep,numberOfRobotsOnBlackSite,numberOfRobotsOnWhiteSite
15059,32,13
timeStep,numberOfRobotsOnBlackSite,numberOfRobotsOnWhiteSite
15060,32,13
timeStep,numberOfRobotsOnBlackSite,numberOfRobotsOnWhiteSite
15061,32,13
timeStep,numberOfRobotsOnBlackSite,numberOfRobotsOnWhiteSite
15062,32,13
timeStep,numberOfRobotsOnBlackSite,numberOfRobotsOnWhiteSite
15063,32,13
timeStep,numberOfRobotsOnBlackSite,numberOfRobotsOnWhiteSite
15064,32,13
timeStep,numberOfRobotsOnBlackSite,numberOfRobotsOnWhiteSite
15065,32,13
timeStep,numberOfRobotsOnBlackSite,numberOfRobotsOnWhiteSite
15066,32,13
timeStep,numberOfRobotsOnBlackSite,numberOfRobotsOnWhiteSite
15067,32,13
timeStep,numberOfRobotsOnBlackSite,numberOfRobotsOnWhiteSite
15068,32,13
timeStep,numberOfRobotsOnBlackSite,numberOfRobotsOnWhiteSite
15069,32,13
timeStep,numberOfRobotsOnBlackSite,numberOfRobotsOnWhiteSite
15070,32,13
timeStep,numberOfRobotsOnBlackSite,numberOfRobotsOnWhiteSite
15071,32,13
timeStep,numberOfRobotsOnBlackSite,numberOfRobotsOnWhiteSite
15072,32,13
timeStep,numberOfRobotsOnBlackSite,numberOfRobotsOnWhiteSite
15073,32,13
timeStep,numberOfRobotsOnBlackSite,numberOfRobotsOnWhiteSite
15074,32,13
timeStep,numberOfRobotsOnBlackSite,numberOfRobotsOnWhiteSite
15075,32,12
timeStep,numberOfRobotsOnBlackSite,numberOfRobotsOnWhiteSite
15076,32,12
timeStep,numberOfRobotsOnBlackSite,numberOfRobotsOnWhiteSite
15077,32,12
timeStep,numberOfRobotsOnBlackSite,numberOfRobotsOnWhiteSite
15078,32,12
timeStep,numberOfRobotsOnBlackSite,numberOfRobotsOnWhiteSite
15079,32,12
timeStep,numberOfRobotsOnBlackSite,numberOfRobotsOnWhiteSite
15080,32,12
timeStep,numberOfRobotsOnBlackSite,numberOfRobotsOnWhiteSite
15081,32,12
timeStep,numberOfRobotsOnBlackSite,numberOfRobotsOnWhiteSite
15082,32,12
timeStep,numberOfRobotsOnBlackSite,numberOfRobotsOnWhiteSite
15083,32,12
timeStep,numberOfRobotsOnBlackSite,numberOfRobotsOnWhiteSite
15084,32,12
timeStep,numberOfRobotsOnBlackSite,numberOfRobotsOnWhiteSite
15085,32,12
timeStep,numberOfRobotsOnBlackSite,numberOfRobotsOnWhiteSite
15086,32,12
timeStep,numberOfRobotsOnBlackSite,numberOfRobotsOnWhiteSite
15087,32,12
timeStep,numberOfRobotsOnBlackSite,numberOfRobotsOnWhiteSite
15088,32,12
timeStep,numberOfRobotsOnBlackSite,numberOfRobotsOnWhiteSite
15089,32,12
timeStep,numberOfRobotsOnBlackSite,numberOfRobotsOnWhiteSite
15090,32,12
timeStep,numberOfRobotsOnBlackSite,numberOfRobotsOnWhiteSite
15091,32,12
timeStep,numberOfRobotsOnBlackSite,numberOfRobotsOnWhiteSite
15092,32,12
timeStep,numberOfRobotsOnBlackSite,numberOfRobotsOnWhiteSite
15093,32,12
timeStep,numberOfRobotsOnBlackSite,numberOfRobotsOnWhiteSite
15094,32,12
timeStep,numberOfRobotsOnBlackSite,numberOfRobotsOnWhiteSite
15095,32,12
timeStep,numberOfRobotsOnBlackSite,numberOfRobotsOnWhiteSite
15096,32,12
timeStep,numberOfRobotsOnBlackSite,numberOfRobotsOnWhiteSite
15097,32,12
timeStep,numberOfRobotsOnBlackSite,numberOfRobotsOnWhiteSite
15098,32,12
timeStep,numberOfRobotsOnBlackSite,numberOfRobotsOnWhiteSite
15099,32,12
timeStep,numberOfRobotsOnBlackSite,numberOfRobotsOnWhiteSite
15100,32,11
timeStep,numberOfRobotsOnBlackSite,numberOfRobotsOnWhiteSite
15101,32,11
timeStep,numberOfRobotsOnBlackSite,numberOfRobotsOnWhiteSite
15102,32,11
timeStep,numberOfRobotsOnBlackSite,numberOfRobotsOnWhiteSite
15103,32,11
timeStep,numberOfRobotsOnBlackSite,numberOfRobotsOnWhiteSite
15104,32,11
timeStep,numberOfRobotsOnBlackSite,numberOfRobotsOnWhiteSite
15105,32,11
timeStep,numberOfRobotsOnBlackSite,numberOfRobotsOnWhiteSite
15106,32,11
timeStep,numberOfRobotsOnBlackSite,numberOfRobotsOnWhiteSite
15107,32,11
timeStep,numberOfRobotsOnBlackSite,numberOfRobotsOnWhiteSite
15108,32,11
timeStep,numberOfRobotsOnBlackSite,numberOfRobotsOnWhiteSite
15109,32,11
timeStep,numberOfRobotsOnBlackSite,numberOfRobotsOnWhiteSite
15110,32,12
timeStep,numberOfRobotsOnBlackSite,numberOfRobotsOnWhiteSite
15111,32,12
timeStep,numberOfRobotsOnBlackSite,numberOfRobotsOnWhiteSite
15112,32,12
timeStep,numberOfRobotsOnBlackSite,numberOfRobotsOnWhiteSite
15113,32,12
timeStep,numberOfRobotsOnBlackSite,numberOfRobotsOnWhiteSite
15114,32,12
timeStep,numberOfRobotsOnBlackSite,numberOfRobotsOnWhiteSite
15115,32,12
timeStep,numberOfRobotsOnBlackSite,numberOfRobotsOnWhiteSite
15116,32,12
timeStep,numberOfRobotsOnBlackSite,numberOfRobotsOnWhiteSite
15117,32,12
timeStep,numberOfRobotsOnBlackSite,numberOfRobotsOnWhiteSite
15118,32,12
timeStep,numberOfRobotsOnBlackSite,numberOfRobotsOnWhiteSite
15119,32,12
timeStep,numberOfRobotsOnBlackSite,numberOfRobotsOnWhiteSite
15120,32,13
timeStep,numberOfRobotsOnBlackSite,numberOfRobotsOnWhiteSite
15121,32,13
timeStep,numberOfRobotsOnBlackSite,numberOfRobotsOnWhiteSite
15122,32,13
timeStep,numberOfRobotsOnBlackSite,numberOfRobotsOnWhiteSite
15123,32,13
timeStep,numberOfRobotsOnBlackSite,numberOfRobotsOnWhiteSite
15124,32,13
timeStep,numberOfRobotsOnBlackSite,numberOfRobotsOnWhiteSite
15125,32,13
timeStep,numberOfRobotsOnBlackSite,numberOfRobotsOnWhiteSite
15126,32,13
timeStep,numberOfRobotsOnBlackSite,numberOfRobotsOnWhiteSite
15127,32,13
timeStep,numberOfRobotsOnBlackSite,numberOfRobotsOnWhiteSite
15128,32,13
timeStep,numberOfRobotsOnBlackSite,numberOfRobotsOnWhiteSite
15129,32,13
timeStep,numberOfRobotsOnBlackSite,numberOfRobotsOnWhiteSite
15130,32,13
timeStep,numberOfRobotsOnBlackSite,numberOfRobotsOnWhiteSite
15131,32,13
timeStep,numberOfRobotsOnBlackSite,numberOfRobotsOnWhiteSite
15132,32,13
timeStep,numberOfRobotsOnBlackSite,numberOfRobotsOnWhiteSite
15133,32,13
timeStep,numberOfRobotsOnBlackSite,numberOfRobotsOnWhiteSite
15134,32,13
timeStep,numberOfRobotsOnBlackSite,numberOfRobotsOnWhiteSite
15135,32,13
timeStep,numberOfRobotsOnBlackSite,numberOfRobotsOnWhiteSite
15136,32,13
timeStep,numberOfRobotsOnBlackSite,numberOfRobotsOnWhiteSite
15137,32,13
timeStep,numberOfRobotsOnBlackSite,numberOfRobotsOnWhiteSite
15138,32,13
timeStep,numberOfRobotsOnBlackSite,numberOfRobotsOnWhiteSite
15139,32,13
timeStep,numberOfRobotsOnBlackSite,numberOfRobotsOnWhiteSite
15140,32,13
timeStep,numberOfRobotsOnBlackSite,numberOfRobotsOnWhiteSite
15141,32,13
timeStep,numberOfRobotsOnBlackSite,numberOfRobotsOnWhiteSite
15142,32,13
timeStep,numberOfRobotsOnBlackSite,numberOfRobotsOnWhiteSite
15143,32,13
timeStep,numberOfRobotsOnBlackSite,numberOfRobotsOnWhiteSite
15144,32,13
timeStep,numberOfRobotsOnBlackSite,numberOfRobotsOnWhiteSite
15145,33,12
timeStep,numberOfRobotsOnBlackSite,numberOfRobotsOnWhiteSite
15146,33,12
timeStep,numberOfRobotsOnBlackSite,numberOfRobotsOnWhiteSite
15147,33,12
timeStep,numberOfRobotsOnBlackSite,numberOfRobotsOnWhiteSite
15148,33,12
timeStep,numberOfRobotsOnBlackSite,numberOfRobotsOnWhiteSite
15149,33,12
timeStep,numberOfRobotsOnBlackSite,numberOfRobotsOnWhiteSite
15150,33,12
timeStep,numberOfRobotsOnBlackSite,numberOfRobotsOnWhiteSite
15151,33,12
timeStep,numberOfRobotsOnBlackSite,numberOfRobotsOnWhiteSite
15152,33,12
timeStep,numberOfRobotsOnBlackSite,numberOfRobotsOnWhiteSite
15153,33,12
timeStep,numberOfRobotsOnBlackSite,numberOfRobotsOnWhiteSite
15154,33,12
timeStep,numberOfRobotsOnBlackSite,numberOfRobotsOnWhiteSite
15155,33,12
timeStep,numberOfRobotsOnBlackSite,numberOfRobotsOnWhiteSite
15156,33,12
timeStep,numberOfRobotsOnBlackSite,numberOfRobotsOnWhiteSite
15157,33,12
timeStep,numberOfRobotsOnBlackSite,numberOfRobotsOnWhiteSite
15158,33,12
timeStep,numberOfRobotsOnBlackSite,numberOfRobotsOnWhiteSite
15159,33,12
timeStep,numberOfRobotsOnBlackSite,numberOfRobotsOnWhiteSite
15160,33,12
timeStep,numberOfRobotsOnBlackSite,numberOfRobotsOnWhiteSite
15161,33,12
timeStep,numberOfRobotsOnBlackSite,numberOfRobotsOnWhiteSite
15162,33,12
timeStep,numberOfRobotsOnBlackSite,numberOfRobotsOnWhiteSite
15163,33,12
timeStep,numberOfRobotsOnBlackSite,numberOfRobotsOnWhiteSite
15164,33,12
timeStep,numberOfRobotsOnBlackSite,numberOfRobotsOnWhiteSite
15165,33,12
timeStep,numberOfRobotsOnBlackSite,numberOfRobotsOnWhiteSite
15166,33,12
timeStep,numberOfRobotsOnBlackSite,numberOfRobotsOnWhiteSite
15167,33,12
timeStep,numberOfRobotsOnBlackSite,numberOfRobotsOnWhiteSite
15168,33,12
timeStep,numberOfRobotsOnBlackSite,numberOfRobotsOnWhiteSite
15169,33,12
timeStep,numberOfRobotsOnBlackSite,numberOfRobotsOnWhiteSite
15170,32,12
timeStep,numberOfRobotsOnBlackSite,numberOfRobotsOnWhiteSite
15171,32,12
timeStep,numberOfRobotsOnBlackSite,numberOfRobotsOnWhiteSite
15172,32,12
timeStep,numberOfRobotsOnBlackSite,numberOfRobotsOnWhiteSite
15173,32,12
timeStep,numberOfRobotsOnBlackSite,numberOfRobotsOnWhiteSite
15174,32,12
timeStep,numberOfRobotsOnBlackSite,numberOfRobotsOnWhiteSite
15175,32,12
timeStep,numberOfRobotsOnBlackSite,numberOfRobotsOnWhiteSite
15176,32,12
timeStep,numberOfRobotsOnBlackSite,numberOfRobotsOnWhiteSite
15177,32,12
timeStep,numberOfRobotsOnBlackSite,numberOfRobotsOnWhiteSite
15178,32,12
timeStep,numberOfRobotsOnBlackSite,numberOfRobotsOnWhiteSite
15179,32,12
timeStep,numberOfRobotsOnBlackSite,numberOfRobotsOnWhiteSite
15180,31,12
timeStep,numberOfRobotsOnBlackSite,numberOfRobotsOnWhiteSite
15181,31,12
timeStep,numberOfRobotsOnBlackSite,numberOfRobotsOnWhiteSite
15182,31,12
timeStep,numberOfRobotsOnBlackSite,numberOfRobotsOnWhiteSite
15183,31,12
timeStep,numberOfRobotsOnBlackSite,numberOfRobotsOnWhiteSite
15184,31,12
timeStep,numberOfRobotsOnBlackSite,numberOfRobotsOnWhiteSite
15185,31,12
timeStep,numberOfRobotsOnBlackSite,numberOfRobotsOnWhiteSite
15186,31,12
timeStep,numberOfRobotsOnBlackSite,numberOfRobotsOnWhiteSite
15187,31,12
timeStep,numberOfRobotsOnBlackSite,numberOfRobotsOnWhiteSite
15188,31,12
timeStep,numberOfRobotsOnBlackSite,numberOfRobotsOnWhiteSite
15189,31,12
timeStep,numberOfRobotsOnBlackSite,numberOfRobotsOnWhiteSite
15190,31,12
timeStep,numberOfRobotsOnBlackSite,numberOfRobotsOnWhiteSite
15191,31,12
timeStep,numberOfRobotsOnBlackSite,numberOfRobotsOnWhiteSite
15192,31,12
timeStep,numberOfRobotsOnBlackSite,numberOfRobotsOnWhiteSite
15193,31,12
timeStep,numberOfRobotsOnBlackSite,numberOfRobotsOnWhiteSite
15194,31,12
timeStep,numberOfRobotsOnBlackSite,numberOfRobotsOnWhiteSite
15195,31,12
timeStep,numberOfRobotsOnBlackSite,numberOfRobotsOnWhiteSite
15196,31,12
timeStep,numberOfRobotsOnBlackSite,numberOfRobotsOnWhiteSite
15197,31,12
timeStep,numberOfRobotsOnBlackSite,numberOfRobotsOnWhiteSite
15198,31,12
timeStep,numberOfRobotsOnBlackSite,numberOfRobotsOnWhiteSite
15199,31,12
timeStep,numberOfRobotsOnBlackSite,numberOfRobotsOnWhiteSite
15200,31,12
timeStep,numberOfRobotsOnBlackSite,numberOfRobotsOnWhiteSite
15201,31,12
timeStep,numberOfRobotsOnBlackSite,numberOfRobotsOnWhiteSite
15202,31,12
timeStep,numberOfRobotsOnBlackSite,numberOfRobotsOnWhiteSite
15203,31,12
timeStep,numberOfRobotsOnBlackSite,numberOfRobotsOnWhiteSite
15204,31,12
timeStep,numberOfRobotsOnBlackSite,numberOfRobotsOnWhiteSite
15205,30,12
timeStep,numberOfRobotsOnBlackSite,numberOfRobotsOnWhiteSite
15206,30,12
timeStep,numberOfRobotsOnBlackSite,numberOfRobotsOnWhiteSite
15207,30,12
timeStep,numberOfRobotsOnBlackSite,numberOfRobotsOnWhiteSite
15208,30,12
timeStep,numberOfRobotsOnBlackSite,numberOfRobotsOnWhiteSite
15209,30,12
timeStep,numberOfRobotsOnBlackSite,numberOfRobotsOnWhiteSite
15210,30,12
timeStep,numberOfRobotsOnBlackSite,numberOfRobotsOnWhiteSite
15211,30,12
timeStep,numberOfRobotsOnBlackSite,numberOfRobotsOnWhiteSite
15212,30,12
timeStep,numberOfRobotsOnBlackSite,numberOfRobotsOnWhiteSite
15213,30,12
timeStep,numberOfRobotsOnBlackSite,numberOfRobotsOnWhiteSite
15214,30,12
timeStep,numberOfRobotsOnBlackSite,numberOfRobotsOnWhiteSite
15215,30,12
timeStep,numberOfRobotsOnBlackSite,numberOfRobotsOnWhiteSite
15216,30,12
timeStep,numberOfRobotsOnBlackSite,numberOfRobotsOnWhiteSite
15217,30,12
timeStep,numberOfRobotsOnBlackSite,numberOfRobotsOnWhiteSite
15218,30,12
timeStep,numberOfRobotsOnBlackSite,numberOfRobotsOnWhiteSite
15219,30,12
timeStep,numberOfRobotsOnBlackSite,numberOfRobotsOnWhiteSite
15220,30,12
timeStep,numberOfRobotsOnBlackSite,numberOfRobotsOnWhiteSite
15221,30,12
timeStep,numberOfRobotsOnBlackSite,numberOfRobotsOnWhiteSite
15222,30,12
timeStep,numberOfRobotsOnBlackSite,numberOfRobotsOnWhiteSite
15223,30,12
timeStep,numberOfRobotsOnBlackSite,numberOfRobotsOnWhiteSite
15224,30,12
timeStep,numberOfRobotsOnBlackSite,numberOfRobotsOnWhiteSite
15225,30,12
timeStep,numberOfRobotsOnBlackSite,numberOfRobotsOnWhiteSite
15226,30,12
timeStep,numberOfRobotsOnBlackSite,numberOfRobotsOnWhiteSite
15227,30,12
timeStep,numberOfRobotsOnBlackSite,numberOfRobotsOnWhiteSite
15228,30,12
timeStep,numberOfRobotsOnBlackSite,numberOfRobotsOnWhiteSite
15229,30,12
timeStep,numberOfRobotsOnBlackSite,numberOfRobotsOnWhiteSite
15230,30,12
timeStep,numberOfRobotsOnBlackSite,numberOfRobotsOnWhiteSite
15231,30,12
timeStep,numberOfRobotsOnBlackSite,numberOfRobotsOnWhiteSite
15232,30,12
timeStep,numberOfRobotsOnBlackSite,numberOfRobotsOnWhiteSite
15233,30,12
timeStep,numberOfRobotsOnBlackSite,numberOfRobotsOnWhiteSite
15234,30,12
timeStep,numberOfRobotsOnBlackSite,numberOfRobotsOnWhiteSite
15235,30,12
timeStep,numberOfRobotsOnBlackSite,numberOfRobotsOnWhiteSite
15236,30,12
timeStep,numberOfRobotsOnBlackSite,numberOfRobotsOnWhiteSite
15237,30,12
timeStep,numberOfRobotsOnBlackSite,numberOfRobotsOnWhiteSite
15238,30,12
timeStep,numberOfRobotsOnBlackSite,numberOfRobotsOnWhiteSite
15239,30,12
timeStep,numberOfRobotsOnBlackSite,numberOfRobotsOnWhiteSite
15240,30,12
timeStep,numberOfRobotsOnBlackSite,numberOfRobotsOnWhiteSite
15241,30,12
timeStep,numberOfRobotsOnBlackSite,numberOfRobotsOnWhiteSite
15242,30,12
timeStep,numberOfRobotsOnBlackSite,numberOfRobotsOnWhiteSite
15243,30,12
timeStep,numberOfRobotsOnBlackSite,numberOfRobotsOnWhiteSite
15244,30,12
timeStep,numberOfRobotsOnBlackSite,numberOfRobotsOnWhiteSite
15245,30,11
timeStep,numberOfRobotsOnBlackSite,numberOfRobotsOnWhiteSite
15246,30,11
timeStep,numberOfRobotsOnBlackSite,numberOfRobotsOnWhiteSite
15247,30,11
timeStep,numberOfRobotsOnBlackSite,numberOfRobotsOnWhiteSite
15248,30,11
timeStep,numberOfRobotsOnBlackSite,numberOfRobotsOnWhiteSite
15249,30,11
timeStep,numberOfRobotsOnBlackSite,numberOfRobotsOnWhiteSite
15250,32,10
timeStep,numberOfRobotsOnBlackSite,numberOfRobotsOnWhiteSite
15251,32,10
timeStep,numberOfRobotsOnBlackSite,numberOfRobotsOnWhiteSite
15252,32,10
timeStep,numberOfRobotsOnBlackSite,numberOfRobotsOnWhiteSite
15253,32,10
timeStep,numberOfRobotsOnBlackSite,numberOfRobotsOnWhiteSite
15254,32,10
timeStep,numberOfRobotsOnBlackSite,numberOfRobotsOnWhiteSite
15255,32,11
timeStep,numberOfRobotsOnBlackSite,numberOfRobotsOnWhiteSite
15256,32,11
timeStep,numberOfRobotsOnBlackSite,numberOfRobotsOnWhiteSite
15257,32,11
timeStep,numberOfRobotsOnBlackSite,numberOfRobotsOnWhiteSite
15258,32,11
timeStep,numberOfRobotsOnBlackSite,numberOfRobotsOnWhiteSite
15259,32,11
timeStep,numberOfRobotsOnBlackSite,numberOfRobotsOnWhiteSite
15260,32,11
timeStep,numberOfRobotsOnBlackSite,numberOfRobotsOnWhiteSite
15261,32,11
timeStep,numberOfRobotsOnBlackSite,numberOfRobotsOnWhiteSite
15262,32,11
timeStep,numberOfRobotsOnBlackSite,numberOfRobotsOnWhiteSite
15263,32,11
timeStep,numberOfRobotsOnBlackSite,numberOfRobotsOnWhiteSite
15264,32,11
timeStep,numberOfRobotsOnBlackSite,numberOfRobotsOnWhiteSite
15265,31,11
timeStep,numberOfRobotsOnBlackSite,numberOfRobotsOnWhiteSite
15266,31,11
timeStep,numberOfRobotsOnBlackSite,numberOfRobotsOnWhiteSite
15267,31,11
timeStep,numberOfRobotsOnBlackSite,numberOfRobotsOnWhiteSite
15268,31,11
timeStep,numberOfRobotsOnBlackSite,numberOfRobotsOnWhiteSite
15269,31,11
timeStep,numberOfRobotsOnBlackSite,numberOfRobotsOnWhiteSite
15270,31,11
timeStep,numberOfRobotsOnBlackSite,numberOfRobotsOnWhiteSite
15271,31,11
timeStep,numberOfRobotsOnBlackSite,numberOfRobotsOnWhiteSite
15272,31,11
timeStep,numberOfRobotsOnBlackSite,numberOfRobotsOnWhiteSite
15273,31,11
timeStep,numberOfRobotsOnBlackSite,numberOfRobotsOnWhiteSite
15274,31,11
timeStep,numberOfRobotsOnBlackSite,numberOfRobotsOnWhiteSite
15275,31,11
timeStep,numberOfRobotsOnBlackSite,numberOfRobotsOnWhiteSite
15276,31,11
timeStep,numberOfRobotsOnBlackSite,numberOfRobotsOnWhiteSite
15277,31,11
timeStep,numberOfRobotsOnBlackSite,numberOfRobotsOnWhiteSite
15278,31,11
timeStep,numberOfRobotsOnBlackSite,numberOfRobotsOnWhiteSite
15279,31,11
timeStep,numberOfRobotsOnBlackSite,numberOfRobotsOnWhiteSite
15280,31,11
timeStep,numberOfRobotsOnBlackSite,numberOfRobotsOnWhiteSite
15281,31,11
timeStep,numberOfRobotsOnBlackSite,numberOfRobotsOnWhiteSite
15282,31,11
timeStep,numberOfRobotsOnBlackSite,numberOfRobotsOnWhiteSite
15283,31,11
timeStep,numberOfRobotsOnBlackSite,numberOfRobotsOnWhiteSite
15284,31,11
timeStep,numberOfRobotsOnBlackSite,numberOfRobotsOnWhiteSite
15285,31,11
timeStep,numberOfRobotsOnBlackSite,numberOfRobotsOnWhiteSite
15286,31,11
timeStep,numberOfRobotsOnBlackSite,numberOfRobotsOnWhiteSite
15287,31,11
timeStep,numberOfRobotsOnBlackSite,numberOfRobotsOnWhiteSite
15288,31,11
timeStep,numberOfRobotsOnBlackSite,numberOfRobotsOnWhiteSite
15289,31,11
timeStep,numberOfRobotsOnBlackSite,numberOfRobotsOnWhiteSite
15290,31,11
timeStep,numberOfRobotsOnBlackSite,numberOfRobotsOnWhiteSite
15291,31,11
timeStep,numberOfRobotsOnBlackSite,numberOfRobotsOnWhiteSite
15292,31,11
timeStep,numberOfRobotsOnBlackSite,numberOfRobotsOnWhiteSite
15293,31,11
timeStep,numberOfRobotsOnBlackSite,numberOfRobotsOnWhiteSite
15294,31,11
timeStep,numberOfRobotsOnBlackSite,numberOfRobotsOnWhiteSite
15295,31,11
timeStep,numberOfRobotsOnBlackSite,numberOfRobotsOnWhiteSite
15296,31,11
timeStep,numberOfRobotsOnBlackSite,numberOfRobotsOnWhiteSite
15297,31,11
timeStep,numberOfRobotsOnBlackSite,numberOfRobotsOnWhiteSite
15298,31,11
timeStep,numberOfRobotsOnBlackSite,numberOfRobotsOnWhiteSite
15299,31,11
timeStep,numberOfRobotsOnBlackSite,numberOfRobotsOnWhiteSite
15300,31,11
timeStep,numberOfRobotsOnBlackSite,numberOfRobotsOnWhiteSite
15301,31,11
timeStep,numberOfRobotsOnBlackSite,numberOfRobotsOnWhiteSite
15302,31,11
timeStep,numberOfRobotsOnBlackSite,numberOfRobotsOnWhiteSite
15303,31,11
timeStep,numberOfRobotsOnBlackSite,numberOfRobotsOnWhiteSite
15304,31,11
timeStep,numberOfRobotsOnBlackSite,numberOfRobotsOnWhiteSite
15305,31,10
timeStep,numberOfRobotsOnBlackSite,numberOfRobotsOnWhiteSite
15306,31,10
timeStep,numberOfRobotsOnBlackSite,numberOfRobotsOnWhiteSite
15307,31,10
timeStep,numberOfRobotsOnBlackSite,numberOfRobotsOnWhiteSite
15308,31,10
timeStep,numberOfRobotsOnBlackSite,numberOfRobotsOnWhiteSite
15309,31,10
timeStep,numberOfRobotsOnBlackSite,numberOfRobotsOnWhiteSite
15310,31,10
timeStep,numberOfRobotsOnBlackSite,numberOfRobotsOnWhiteSite
15311,31,10
timeStep,numberOfRobotsOnBlackSite,numberOfRobotsOnWhiteSite
15312,31,10
timeStep,numberOfRobotsOnBlackSite,numberOfRobotsOnWhiteSite
15313,31,10
timeStep,numberOfRobotsOnBlackSite,numberOfRobotsOnWhiteSite
15314,31,10
timeStep,numberOfRobotsOnBlackSite,numberOfRobotsOnWhiteSite
15315,31,10
timeStep,numberOfRobotsOnBlackSite,numberOfRobotsOnWhiteSite
15316,31,10
timeStep,numberOfRobotsOnBlackSite,numberOfRobotsOnWhiteSite
15317,31,10
timeStep,numberOfRobotsOnBlackSite,numberOfRobotsOnWhiteSite
15318,31,10
timeStep,numberOfRobotsOnBlackSite,numberOfRobotsOnWhiteSite
15319,31,10
timeStep,numberOfRobotsOnBlackSite,numberOfRobotsOnWhiteSite
15320,32,10
timeStep,numberOfRobotsOnBlackSite,numberOfRobotsOnWhiteSite
15321,32,10
timeStep,numberOfRobotsOnBlackSite,numberOfRobotsOnWhiteSite
15322,32,10
timeStep,numberOfRobotsOnBlackSite,numberOfRobotsOnWhiteSite
15323,32,10
timeStep,numberOfRobotsOnBlackSite,numberOfRobotsOnWhiteSite
15324,32,10
timeStep,numberOfRobotsOnBlackSite,numberOfRobotsOnWhiteSite
15325,32,10
timeStep,numberOfRobotsOnBlackSite,numberOfRobotsOnWhiteSite
15326,32,10
timeStep,numberOfRobotsOnBlackSite,numberOfRobotsOnWhiteSite
15327,32,10
timeStep,numberOfRobotsOnBlackSite,numberOfRobotsOnWhiteSite
15328,32,10
timeStep,numberOfRobotsOnBlackSite,numberOfRobotsOnWhiteSite
15329,32,10
timeStep,numberOfRobotsOnBlackSite,numberOfRobotsOnWhiteSite
15330,32,9
timeStep,numberOfRobotsOnBlackSite,numberOfRobotsOnWhiteSite
15331,32,9
timeStep,numberOfRobotsOnBlackSite,numberOfRobotsOnWhiteSite
15332,32,9
timeStep,numberOfRobotsOnBlackSite,numberOfRobotsOnWhiteSite
15333,32,9
timeStep,numberOfRobotsOnBlackSite,numberOfRobotsOnWhiteSite
15334,32,9
timeStep,numberOfRobotsOnBlackSite,numberOfRobotsOnWhiteSite
15335,32,9
timeStep,numberOfRobotsOnBlackSite,numberOfRobotsOnWhiteSite
15336,32,9
timeStep,numberOfRobotsOnBlackSite,numberOfRobotsOnWhiteSite
15337,32,9
timeStep,numberOfRobotsOnBlackSite,numberOfRobotsOnWhiteSite
15338,32,9
timeStep,numberOfRobotsOnBlackSite,numberOfRobotsOnWhiteSite
15339,32,9
timeStep,numberOfRobotsOnBlackSite,numberOfRobotsOnWhiteSite
15340,32,9
timeStep,numberOfRobotsOnBlackSite,numberOfRobotsOnWhiteSite
15341,32,9
timeStep,numberOfRobotsOnBlackSite,numberOfRobotsOnWhiteSite
15342,32,9
timeStep,numberOfRobotsOnBlackSite,numberOfRobotsOnWhiteSite
15343,32,9
timeStep,numberOfRobotsOnBlackSite,numberOfRobotsOnWhiteSite
15344,32,9
timeStep,numberOfRobotsOnBlackSite,numberOfRobotsOnWhiteSite
15345,32,9
timeStep,numberOfRobotsOnBlackSite,numberOfRobotsOnWhiteSite
15346,32,9
timeStep,numberOfRobotsOnBlackSite,numberOfRobotsOnWhiteSite
15347,32,9
timeStep,numberOfRobotsOnBlackSite,numberOfRobotsOnWhiteSite
15348,32,9
timeStep,numberOfRobotsOnBlackSite,numberOfRobotsOnWhiteSite
15349,32,9
timeStep,numberOfRobotsOnBlackSite,numberOfRobotsOnWhiteSite
15350,32,9
timeStep,numberOfRobotsOnBlackSite,numberOfRobotsOnWhiteSite
15351,32,9
timeStep,numberOfRobotsOnBlackSite,numberOfRobotsOnWhiteSite
15352,32,9
timeStep,numberOfRobotsOnBlackSite,numberOfRobotsOnWhiteSite
15353,32,9
timeStep,numberOfRobotsOnBlackSite,numberOfRobotsOnWhiteSite
15354,32,9
timeStep,numberOfRobotsOnBlackSite,numberOfRobotsOnWhiteSite
15355,32,9
timeStep,numberOfRobotsOnBlackSite,numberOfRobotsOnWhiteSite
15356,32,9
timeStep,numberOfRobotsOnBlackSite,numberOfRobotsOnWhiteSite
15357,32,9
timeStep,numberOfRobotsOnBlackSite,numberOfRobotsOnWhiteSite
15358,32,9
timeStep,numberOfRobotsOnBlackSite,numberOfRobotsOnWhiteSite
15359,32,9
timeStep,numberOfRobotsOnBlackSite,numberOfRobotsOnWhiteSite
15360,32,9
timeStep,numberOfRobotsOnBlackSite,numberOfRobotsOnWhiteSite
15361,32,9
timeStep,numberOfRobotsOnBlackSite,numberOfRobotsOnWhiteSite
15362,32,9
timeStep,numberOfRobotsOnBlackSite,numberOfRobotsOnWhiteSite
15363,32,9
timeStep,numberOfRobotsOnBlackSite,numberOfRobotsOnWhiteSite
15364,32,9
timeStep,numberOfRobotsOnBlackSite,numberOfRobotsOnWhiteSite
15365,32,9
timeStep,numberOfRobotsOnBlackSite,numberOfRobotsOnWhiteSite
15366,32,9
timeStep,numberOfRobotsOnBlackSite,numberOfRobotsOnWhiteSite
15367,32,9
timeStep,numberOfRobotsOnBlackSite,numberOfRobotsOnWhiteSite
15368,32,9
timeStep,numberOfRobotsOnBlackSite,numberOfRobotsOnWhiteSite
15369,32,9
timeStep,numberOfRobotsOnBlackSite,numberOfRobotsOnWhiteSite
15370,32,9
timeStep,numberOfRobotsOnBlackSite,numberOfRobotsOnWhiteSite
15371,32,9
timeStep,numberOfRobotsOnBlackSite,numberOfRobotsOnWhiteSite
15372,32,9
timeStep,numberOfRobotsOnBlackSite,numberOfRobotsOnWhiteSite
15373,32,9
timeStep,numberOfRobotsOnBlackSite,numberOfRobotsOnWhiteSite
15374,32,9
timeStep,numberOfRobotsOnBlackSite,numberOfRobotsOnWhiteSite
15375,32,9
timeStep,numberOfRobotsOnBlackSite,numberOfRobotsOnWhiteSite
15376,32,9
timeStep,numberOfRobotsOnBlackSite,numberOfRobotsOnWhiteSite
15377,32,9
timeStep,numberOfRobotsOnBlackSite,numberOfRobotsOnWhiteSite
15378,32,9
timeStep,numberOfRobotsOnBlackSite,numberOfRobotsOnWhiteSite
15379,32,9
timeStep,numberOfRobotsOnBlackSite,numberOfRobotsOnWhiteSite
15380,32,9
timeStep,numberOfRobotsOnBlackSite,numberOfRobotsOnWhiteSite
15381,32,9
timeStep,numberOfRobotsOnBlackSite,numberOfRobotsOnWhiteSite
15382,32,9
timeStep,numberOfRobotsOnBlackSite,numberOfRobotsOnWhiteSite
15383,32,9
timeStep,numberOfRobotsOnBlackSite,numberOfRobotsOnWhiteSite
15384,32,9
timeStep,numberOfRobotsOnBlackSite,numberOfRobotsOnWhiteSite
15385,32,9
timeStep,numberOfRobotsOnBlackSite,numberOfRobotsOnWhiteSite
15386,32,9
timeStep,numberOfRobotsOnBlackSite,numberOfRobotsOnWhiteSite
15387,32,9
timeStep,numberOfRobotsOnBlackSite,numberOfRobotsOnWhiteSite
15388,32,9
timeStep,numberOfRobotsOnBlackSite,numberOfRobotsOnWhiteSite
15389,32,9
timeStep,numberOfRobotsOnBlackSite,numberOfRobotsOnWhiteSite
15390,32,9
timeStep,numberOfRobotsOnBlackSite,numberOfRobotsOnWhiteSite
15391,32,9
timeStep,numberOfRobotsOnBlackSite,numberOfRobotsOnWhiteSite
15392,32,9
timeStep,numberOfRobotsOnBlackSite,numberOfRobotsOnWhiteSite
15393,32,9
timeStep,numberOfRobotsOnBlackSite,numberOfRobotsOnWhiteSite
15394,32,9
timeStep,numberOfRobotsOnBlackSite,numberOfRobotsOnWhiteSite
15395,32,9
timeStep,numberOfRobotsOnBlackSite,numberOfRobotsOnWhiteSite
15396,32,9
timeStep,numberOfRobotsOnBlackSite,numberOfRobotsOnWhiteSite
15397,32,9
timeStep,numberOfRobotsOnBlackSite,numberOfRobotsOnWhiteSite
15398,32,9
timeStep,numberOfRobotsOnBlackSite,numberOfRobotsOnWhiteSite
15399,32,9
timeStep,numberOfRobotsOnBlackSite,numberOfRobotsOnWhiteSite
15400,32,9
timeStep,numberOfRobotsOnBlackSite,numberOfRobotsOnWhiteSite
15401,32,9
timeStep,numberOfRobotsOnBlackSite,numberOfRobotsOnWhiteSite
15402,32,9
timeStep,numberOfRobotsOnBlackSite,numberOfRobotsOnWhiteSite
15403,32,9
timeStep,numberOfRobotsOnBlackSite,numberOfRobotsOnWhiteSite
15404,32,9
timeStep,numberOfRobotsOnBlackSite,numberOfRobotsOnWhiteSite
15405,32,10
timeStep,numberOfRobotsOnBlackSite,numberOfRobotsOnWhiteSite
15406,32,10
timeStep,numberOfRobotsOnBlackSite,numberOfRobotsOnWhiteSite
15407,32,10
timeStep,numberOfRobotsOnBlackSite,numberOfRobotsOnWhiteSite
15408,32,10
timeStep,numberOfRobotsOnBlackSite,numberOfRobotsOnWhiteSite
15409,32,10
timeStep,numberOfRobotsOnBlackSite,numberOfRobotsOnWhiteSite
15410,32,10
timeStep,numberOfRobotsOnBlackSite,numberOfRobotsOnWhiteSite
15411,32,10
timeStep,numberOfRobotsOnBlackSite,numberOfRobotsOnWhiteSite
15412,32,10
timeStep,numberOfRobotsOnBlackSite,numberOfRobotsOnWhiteSite
15413,32,10
timeStep,numberOfRobotsOnBlackSite,numberOfRobotsOnWhiteSite
15414,32,10
timeStep,numberOfRobotsOnBlackSite,numberOfRobotsOnWhiteSite
15415,32,10
timeStep,numberOfRobotsOnBlackSite,numberOfRobotsOnWhiteSite
15416,32,10
timeStep,numberOfRobotsOnBlackSite,numberOfRobotsOnWhiteSite
15417,32,10
timeStep,numberOfRobotsOnBlackSite,numberOfRobotsOnWhiteSite
15418,32,10
timeStep,numberOfRobotsOnBlackSite,numberOfRobotsOnWhiteSite
15419,32,10
timeStep,numberOfRobotsOnBlackSite,numberOfRobotsOnWhiteSite
15420,32,10
timeStep,numberOfRobotsOnBlackSite,numberOfRobotsOnWhiteSite
15421,32,10
timeStep,numberOfRobotsOnBlackSite,numberOfRobotsOnWhiteSite
15422,32,10
timeStep,numberOfRobotsOnBlackSite,numberOfRobotsOnWhiteSite
15423,32,10
timeStep,numberOfRobotsOnBlackSite,numberOfRobotsOnWhiteSite
15424,32,10
timeStep,numberOfRobotsOnBlackSite,numberOfRobotsOnWhiteSite
15425,32,10
timeStep,numberOfRobotsOnBlackSite,numberOfRobotsOnWhiteSite
15426,32,10
timeStep,numberOfRobotsOnBlackSite,numberOfRobotsOnWhiteSite
15427,32,10
timeStep,numberOfRobotsOnBlackSite,numberOfRobotsOnWhiteSite
15428,32,10
timeStep,numberOfRobotsOnBlackSite,numberOfRobotsOnWhiteSite
15429,32,10
timeStep,numberOfRobotsOnBlackSite,numberOfRobotsOnWhiteSite
15430,32,10
timeStep,numberOfRobotsOnBlackSite,numberOfRobotsOnWhiteSite
15431,32,10
timeStep,numberOfRobotsOnBlackSite,numberOfRobotsOnWhiteSite
15432,32,10
timeStep,numberOfRobotsOnBlackSite,numberOfRobotsOnWhiteSite
15433,32,10
timeStep,numberOfRobotsOnBlackSite,numberOfRobotsOnWhiteSite
15434,32,10
timeStep,numberOfRobotsOnBlackSite,numberOfRobotsOnWhiteSite
15435,32,10
timeStep,numberOfRobotsOnBlackSite,numberOfRobotsOnWhiteSite
15436,32,10
timeStep,numberOfRobotsOnBlackSite,numberOfRobotsOnWhiteSite
15437,32,10
timeStep,numberOfRobotsOnBlackSite,numberOfRobotsOnWhiteSite
15438,32,10
timeStep,numberOfRobotsOnBlackSite,numberOfRobotsOnWhiteSite
15439,32,10
timeStep,numberOfRobotsOnBlackSite,numberOfRobotsOnWhiteSite
15440,32,10
timeStep,numberOfRobotsOnBlackSite,numberOfRobotsOnWhiteSite
15441,32,10
timeStep,numberOfRobotsOnBlackSite,numberOfRobotsOnWhiteSite
15442,32,10
timeStep,numberOfRobotsOnBlackSite,numberOfRobotsOnWhiteSite
15443,32,10
timeStep,numberOfRobotsOnBlackSite,numberOfRobotsOnWhiteSite
15444,32,10
timeStep,numberOfRobotsOnBlackSite,numberOfRobotsOnWhiteSite
15445,31,10
timeStep,numberOfRobotsOnBlackSite,numberOfRobotsOnWhiteSite
15446,31,10
timeStep,numberOfRobotsOnBlackSite,numberOfRobotsOnWhiteSite
15447,31,10
timeStep,numberOfRobotsOnBlackSite,numberOfRobotsOnWhiteSite
15448,31,10
timeStep,numberOfRobotsOnBlackSite,numberOfRobotsOnWhiteSite
15449,31,10
timeStep,numberOfRobotsOnBlackSite,numberOfRobotsOnWhiteSite
15450,31,10
timeStep,numberOfRobotsOnBlackSite,numberOfRobotsOnWhiteSite
15451,31,10
timeStep,numberOfRobotsOnBlackSite,numberOfRobotsOnWhiteSite
15452,31,10
timeStep,numberOfRobotsOnBlackSite,numberOfRobotsOnWhiteSite
15453,31,10
timeStep,numberOfRobotsOnBlackSite,numberOfRobotsOnWhiteSite
15454,31,10
timeStep,numberOfRobotsOnBlackSite,numberOfRobotsOnWhiteSite
15455,31,10
timeStep,numberOfRobotsOnBlackSite,numberOfRobotsOnWhiteSite
15456,31,10
timeStep,numberOfRobotsOnBlackSite,numberOfRobotsOnWhiteSite
15457,31,10
timeStep,numberOfRobotsOnBlackSite,numberOfRobotsOnWhiteSite
15458,31,10
timeStep,numberOfRobotsOnBlackSite,numberOfRobotsOnWhiteSite
15459,31,10
timeStep,numberOfRobotsOnBlackSite,numberOfRobotsOnWhiteSite
15460,31,10
timeStep,numberOfRobotsOnBlackSite,numberOfRobotsOnWhiteSite
15461,31,10
timeStep,numberOfRobotsOnBlackSite,numberOfRobotsOnWhiteSite
15462,31,10
timeStep,numberOfRobotsOnBlackSite,numberOfRobotsOnWhiteSite
15463,31,10
timeStep,numberOfRobotsOnBlackSite,numberOfRobotsOnWhiteSite
15464,31,10
timeStep,numberOfRobotsOnBlackSite,numberOfRobotsOnWhiteSite
15465,31,10
timeStep,numberOfRobotsOnBlackSite,numberOfRobotsOnWhiteSite
15466,31,10
timeStep,numberOfRobotsOnBlackSite,numberOfRobotsOnWhiteSite
15467,31,10
timeStep,numberOfRobotsOnBlackSite,numberOfRobotsOnWhiteSite
15468,31,10
timeStep,numberOfRobotsOnBlackSite,numberOfRobotsOnWhiteSite
15469,31,10
timeStep,numberOfRobotsOnBlackSite,numberOfRobotsOnWhiteSite
15470,31,10
timeStep,numberOfRobotsOnBlackSite,numberOfRobotsOnWhiteSite
15471,31,10
timeStep,numberOfRobotsOnBlackSite,numberOfRobotsOnWhiteSite
15472,31,10
timeStep,numberOfRobotsOnBlackSite,numberOfRobotsOnWhiteSite
15473,31,10
timeStep,numberOfRobotsOnBlackSite,numberOfRobotsOnWhiteSite
15474,31,10
timeStep,numberOfRobotsOnBlackSite,numberOfRobotsOnWhiteSite
15475,31,10
timeStep,numberOfRobotsOnBlackSite,numberOfRobotsOnWhiteSite
15476,31,10
timeStep,numberOfRobotsOnBlackSite,numberOfRobotsOnWhiteSite
15477,31,10
timeStep,numberOfRobotsOnBlackSite,numberOfRobotsOnWhiteSite
15478,31,10
timeStep,numberOfRobotsOnBlackSite,numberOfRobotsOnWhiteSite
15479,31,10
timeStep,numberOfRobotsOnBlackSite,numberOfRobotsOnWhiteSite
15480,31,10
timeStep,numberOfRobotsOnBlackSite,numberOfRobotsOnWhiteSite
15481,31,10
timeStep,numberOfRobotsOnBlackSite,numberOfRobotsOnWhiteSite
15482,31,10
timeStep,numberOfRobotsOnBlackSite,numberOfRobotsOnWhiteSite
15483,31,10
timeStep,numberOfRobotsOnBlackSite,numberOfRobotsOnWhiteSite
15484,31,10
timeStep,numberOfRobotsOnBlackSite,numberOfRobotsOnWhiteSite
15485,31,10
timeStep,numberOfRobotsOnBlackSite,numberOfRobotsOnWhiteSite
15486,31,10
timeStep,numberOfRobotsOnBlackSite,numberOfRobotsOnWhiteSite
15487,31,10
timeStep,numberOfRobotsOnBlackSite,numberOfRobotsOnWhiteSite
15488,31,10
timeStep,numberOfRobotsOnBlackSite,numberOfRobotsOnWhiteSite
15489,31,10
timeStep,numberOfRobotsOnBlackSite,numberOfRobotsOnWhiteSite
15490,31,10
timeStep,numberOfRobotsOnBlackSite,numberOfRobotsOnWhiteSite
15491,31,10
timeStep,numberOfRobotsOnBlackSite,numberOfRobotsOnWhiteSite
15492,31,10
timeStep,numberOfRobotsOnBlackSite,numberOfRobotsOnWhiteSite
15493,31,10
timeStep,numberOfRobotsOnBlackSite,numberOfRobotsOnWhiteSite
15494,31,10
timeStep,numberOfRobotsOnBlackSite,numberOfRobotsOnWhiteSite
15495,31,10
timeStep,numberOfRobotsOnBlackSite,numberOfRobotsOnWhiteSite
15496,31,10
timeStep,numberOfRobotsOnBlackSite,numberOfRobotsOnWhiteSite
15497,31,10
timeStep,numberOfRobotsOnBlackSite,numberOfRobotsOnWhiteSite
15498,31,10
timeStep,numberOfRobotsOnBlackSite,numberOfRobotsOnWhiteSite
15499,31,10
timeStep,numberOfRobotsOnBlackSite,numberOfRobotsOnWhiteSite
15500,31,10
timeStep,numberOfRobotsOnBlackSite,numberOfRobotsOnWhiteSite
15501,31,10
timeStep,numberOfRobotsOnBlackSite,numberOfRobotsOnWhiteSite
15502,31,10
timeStep,numberOfRobotsOnBlackSite,numberOfRobotsOnWhiteSite
15503,31,10
timeStep,numberOfRobotsOnBlackSite,numberOfRobotsOnWhiteSite
15504,31,10
timeStep,numberOfRobotsOnBlackSite,numberOfRobotsOnWhiteSite
15505,31,10
timeStep,numberOfRobotsOnBlackSite,numberOfRobotsOnWhiteSite
15506,31,10
timeStep,numberOfRobotsOnBlackSite,numberOfRobotsOnWhiteSite
15507,31,10
timeStep,numberOfRobotsOnBlackSite,numberOfRobotsOnWhiteSite
15508,31,10
timeStep,numberOfRobotsOnBlackSite,numberOfRobotsOnWhiteSite
15509,31,10
timeStep,numberOfRobotsOnBlackSite,numberOfRobotsOnWhiteSite
15510,31,10
timeStep,numberOfRobotsOnBlackSite,numberOfRobotsOnWhiteSite
15511,31,10
timeStep,numberOfRobotsOnBlackSite,numberOfRobotsOnWhiteSite
15512,31,10
timeStep,numberOfRobotsOnBlackSite,numberOfRobotsOnWhiteSite
15513,31,10
timeStep,numberOfRobotsOnBlackSite,numberOfRobotsOnWhiteSite
15514,31,10
timeStep,numberOfRobotsOnBlackSite,numberOfRobotsOnWhiteSite
15515,31,10
timeStep,numberOfRobotsOnBlackSite,numberOfRobotsOnWhiteSite
15516,31,10
timeStep,numberOfRobotsOnBlackSite,numberOfRobotsOnWhiteSite
15517,31,10
timeStep,numberOfRobotsOnBlackSite,numberOfRobotsOnWhiteSite
15518,31,10
timeStep,numberOfRobotsOnBlackSite,numberOfRobotsOnWhiteSite
15519,31,10
timeStep,numberOfRobotsOnBlackSite,numberOfRobotsOnWhiteSite
15520,31,10
timeStep,numberOfRobotsOnBlackSite,numberOfRobotsOnWhiteSite
15521,31,10
timeStep,numberOfRobotsOnBlackSite,numberOfRobotsOnWhiteSite
15522,31,10
timeStep,numberOfRobotsOnBlackSite,numberOfRobotsOnWhiteSite
15523,31,10
timeStep,numberOfRobotsOnBlackSite,numberOfRobotsOnWhiteSite
15524,31,10
timeStep,numberOfRobotsOnBlackSite,numberOfRobotsOnWhiteSite
15525,31,10
timeStep,numberOfRobotsOnBlackSite,numberOfRobotsOnWhiteSite
15526,31,10
timeStep,numberOfRobotsOnBlackSite,numberOfRobotsOnWhiteSite
15527,31,10
timeStep,numberOfRobotsOnBlackSite,numberOfRobotsOnWhiteSite
15528,31,10
timeStep,numberOfRobotsOnBlackSite,numberOfRobotsOnWhiteSite
15529,31,10
timeStep,numberOfRobotsOnBlackSite,numberOfRobotsOnWhiteSite
15530,31,10
timeStep,numberOfRobotsOnBlackSite,numberOfRobotsOnWhiteSite
15531,31,10
timeStep,numberOfRobotsOnBlackSite,numberOfRobotsOnWhiteSite
15532,31,10
timeStep,numberOfRobotsOnBlackSite,numberOfRobotsOnWhiteSite
15533,31,10
timeStep,numberOfRobotsOnBlackSite,numberOfRobotsOnWhiteSite
15534,31,10
timeStep,numberOfRobotsOnBlackSite,numberOfRobotsOnWhiteSite
15535,31,10
timeStep,numberOfRobotsOnBlackSite,numberOfRobotsOnWhiteSite
15536,31,10
timeStep,numberOfRobotsOnBlackSite,numberOfRobotsOnWhiteSite
15537,31,10
timeStep,numberOfRobotsOnBlackSite,numberOfRobotsOnWhiteSite
15538,31,10
timeStep,numberOfRobotsOnBlackSite,numberOfRobotsOnWhiteSite
15539,31,10
timeStep,numberOfRobotsOnBlackSite,numberOfRobotsOnWhiteSite
15540,31,10
timeStep,numberOfRobotsOnBlackSite,numberOfRobotsOnWhiteSite
15541,31,10
timeStep,numberOfRobotsOnBlackSite,numberOfRobotsOnWhiteSite
15542,31,10
timeStep,numberOfRobotsOnBlackSite,numberOfRobotsOnWhiteSite
15543,31,10
timeStep,numberOfRobotsOnBlackSite,numberOfRobotsOnWhiteSite
15544,31,10
timeStep,numberOfRobotsOnBlackSite,numberOfRobotsOnWhiteSite
15545,31,10
timeStep,numberOfRobotsOnBlackSite,numberOfRobotsOnWhiteSite
15546,31,10
timeStep,numberOfRobotsOnBlackSite,numberOfRobotsOnWhiteSite
15547,31,10
timeStep,numberOfRobotsOnBlackSite,numberOfRobotsOnWhiteSite
15548,31,10
timeStep,numberOfRobotsOnBlackSite,numberOfRobotsOnWhiteSite
15549,31,10
timeStep,numberOfRobotsOnBlackSite,numberOfRobotsOnWhiteSite
15550,31,10
timeStep,numberOfRobotsOnBlackSite,numberOfRobotsOnWhiteSite
15551,31,10
timeStep,numberOfRobotsOnBlackSite,numberOfRobotsOnWhiteSite
15552,31,10
timeStep,numberOfRobotsOnBlackSite,numberOfRobotsOnWhiteSite
15553,31,10
timeStep,numberOfRobotsOnBlackSite,numberOfRobotsOnWhiteSite
15554,31,10
timeStep,numberOfRobotsOnBlackSite,numberOfRobotsOnWhiteSite
15555,31,10
timeStep,numberOfRobotsOnBlackSite,numberOfRobotsOnWhiteSite
15556,31,10
timeStep,numberOfRobotsOnBlackSite,numberOfRobotsOnWhiteSite
15557,31,10
timeStep,numberOfRobotsOnBlackSite,numberOfRobotsOnWhiteSite
15558,31,10
timeStep,numberOfRobotsOnBlackSite,numberOfRobotsOnWhiteSite
15559,31,10
timeStep,numberOfRobotsOnBlackSite,numberOfRobotsOnWhiteSite
15560,31,10
timeStep,numberOfRobotsOnBlackSite,numberOfRobotsOnWhiteSite
15561,31,10
timeStep,numberOfRobotsOnBlackSite,numberOfRobotsOnWhiteSite
15562,31,10
timeStep,numberOfRobotsOnBlackSite,numberOfRobotsOnWhiteSite
15563,31,10
timeStep,numberOfRobotsOnBlackSite,numberOfRobotsOnWhiteSite
15564,31,10
timeStep,numberOfRobotsOnBlackSite,numberOfRobotsOnWhiteSite
15565,31,10
timeStep,numberOfRobotsOnBlackSite,numberOfRobotsOnWhiteSite
15566,31,10
timeStep,numberOfRobotsOnBlackSite,numberOfRobotsOnWhiteSite
15567,31,10
timeStep,numberOfRobotsOnBlackSite,numberOfRobotsOnWhiteSite
15568,31,10
timeStep,numberOfRobotsOnBlackSite,numberOfRobotsOnWhiteSite
15569,31,10
timeStep,numberOfRobotsOnBlackSite,numberOfRobotsOnWhiteSite
15570,31,10
timeStep,numberOfRobotsOnBlackSite,numberOfRobotsOnWhiteSite
15571,31,10
timeStep,numberOfRobotsOnBlackSite,numberOfRobotsOnWhiteSite
15572,31,10
timeStep,numberOfRobotsOnBlackSite,numberOfRobotsOnWhiteSite
15573,31,10
timeStep,numberOfRobotsOnBlackSite,numberOfRobotsOnWhiteSite
15574,31,10
timeStep,numberOfRobotsOnBlackSite,numberOfRobotsOnWhiteSite
15575,31,10
timeStep,numberOfRobotsOnBlackSite,numberOfRobotsOnWhiteSite
15576,31,10
timeStep,numberOfRobotsOnBlackSite,numberOfRobotsOnWhiteSite
15577,31,10
timeStep,numberOfRobotsOnBlackSite,numberOfRobotsOnWhiteSite
15578,31,10
timeStep,numberOfRobotsOnBlackSite,numberOfRobotsOnWhiteSite
15579,31,10
timeStep,numberOfRobotsOnBlackSite,numberOfRobotsOnWhiteSite
15580,31,10
timeStep,numberOfRobotsOnBlackSite,numberOfRobotsOnWhiteSite
15581,31,10
timeStep,numberOfRobotsOnBlackSite,numberOfRobotsOnWhiteSite
15582,31,10
timeStep,numberOfRobotsOnBlackSite,numberOfRobotsOnWhiteSite
15583,31,10
timeStep,numberOfRobotsOnBlackSite,numberOfRobotsOnWhiteSite
15584,31,10
timeStep,numberOfRobotsOnBlackSite,numberOfRobotsOnWhiteSite
15585,31,10
timeStep,numberOfRobotsOnBlackSite,numberOfRobotsOnWhiteSite
15586,31,10
timeStep,numberOfRobotsOnBlackSite,numberOfRobotsOnWhiteSite
15587,31,10
timeStep,numberOfRobotsOnBlackSite,numberOfRobotsOnWhiteSite
15588,31,10
timeStep,numberOfRobotsOnBlackSite,numberOfRobotsOnWhiteSite
15589,31,10
timeStep,numberOfRobotsOnBlackSite,numberOfRobotsOnWhiteSite
15590,31,10
timeStep,numberOfRobotsOnBlackSite,numberOfRobotsOnWhiteSite
15591,31,10
timeStep,numberOfRobotsOnBlackSite,numberOfRobotsOnWhiteSite
15592,31,10
timeStep,numberOfRobotsOnBlackSite,numberOfRobotsOnWhiteSite
15593,31,10
timeStep,numberOfRobotsOnBlackSite,numberOfRobotsOnWhiteSite
15594,31,10
timeStep,numberOfRobotsOnBlackSite,numberOfRobotsOnWhiteSite
15595,31,10
timeStep,numberOfRobotsOnBlackSite,numberOfRobotsOnWhiteSite
15596,31,10
timeStep,numberOfRobotsOnBlackSite,numberOfRobotsOnWhiteSite
15597,31,10
timeStep,numberOfRobotsOnBlackSite,numberOfRobotsOnWhiteSite
15598,31,10
timeStep,numberOfRobotsOnBlackSite,numberOfRobotsOnWhiteSite
15599,31,10
timeStep,numberOfRobotsOnBlackSite,numberOfRobotsOnWhiteSite
15600,31,10
timeStep,numberOfRobotsOnBlackSite,numberOfRobotsOnWhiteSite
15601,31,10
timeStep,numberOfRobotsOnBlackSite,numberOfRobotsOnWhiteSite
15602,31,10
timeStep,numberOfRobotsOnBlackSite,numberOfRobotsOnWhiteSite
15603,31,10
timeStep,numberOfRobotsOnBlackSite,numberOfRobotsOnWhiteSite
15604,31,10
timeStep,numberOfRobotsOnBlackSite,numberOfRobotsOnWhiteSite
15605,31,10
timeStep,numberOfRobotsOnBlackSite,numberOfRobotsOnWhiteSite
15606,31,10
timeStep,numberOfRobotsOnBlackSite,numberOfRobotsOnWhiteSite
15607,31,10
timeStep,numberOfRobotsOnBlackSite,numberOfRobotsOnWhiteSite
15608,31,10
timeStep,numberOfRobotsOnBlackSite,numberOfRobotsOnWhiteSite
15609,31,10
timeStep,numberOfRobotsOnBlackSite,numberOfRobotsOnWhiteSite
15610,31,10
timeStep,numberOfRobotsOnBlackSite,numberOfRobotsOnWhiteSite
15611,31,10
timeStep,numberOfRobotsOnBlackSite,numberOfRobotsOnWhiteSite
15612,31,10
timeStep,numberOfRobotsOnBlackSite,numberOfRobotsOnWhiteSite
15613,31,10
timeStep,numberOfRobotsOnBlackSite,numberOfRobotsOnWhiteSite
15614,31,10
timeStep,numberOfRobotsOnBlackSite,numberOfRobotsOnWhiteSite
15615,31,10
timeStep,numberOfRobotsOnBlackSite,numberOfRobotsOnWhiteSite
15616,31,10
timeStep,numberOfRobotsOnBlackSite,numberOfRobotsOnWhiteSite
15617,31,10
timeStep,numberOfRobotsOnBlackSite,numberOfRobotsOnWhiteSite
15618,31,10
timeStep,numberOfRobotsOnBlackSite,numberOfRobotsOnWhiteSite
15619,31,10
timeStep,numberOfRobotsOnBlackSite,numberOfRobotsOnWhiteSite
15620,31,9
timeStep,numberOfRobotsOnBlackSite,numberOfRobotsOnWhiteSite
15621,31,9
timeStep,numberOfRobotsOnBlackSite,numberOfRobotsOnWhiteSite
15622,31,9
timeStep,numberOfRobotsOnBlackSite,numberOfRobotsOnWhiteSite
15623,31,9
timeStep,numberOfRobotsOnBlackSite,numberOfRobotsOnWhiteSite
15624,31,9
timeStep,numberOfRobotsOnBlackSite,numberOfRobotsOnWhiteSite
15625,32,9
timeStep,numberOfRobotsOnBlackSite,numberOfRobotsOnWhiteSite
15626,32,9
timeStep,numberOfRobotsOnBlackSite,numberOfRobotsOnWhiteSite
15627,32,9
timeStep,numberOfRobotsOnBlackSite,numberOfRobotsOnWhiteSite
15628,32,9
timeStep,numberOfRobotsOnBlackSite,numberOfRobotsOnWhiteSite
15629,32,9
timeStep,numberOfRobotsOnBlackSite,numberOfRobotsOnWhiteSite
15630,32,9
timeStep,numberOfRobotsOnBlackSite,numberOfRobotsOnWhiteSite
15631,32,9
timeStep,numberOfRobotsOnBlackSite,numberOfRobotsOnWhiteSite
15632,32,9
timeStep,numberOfRobotsOnBlackSite,numberOfRobotsOnWhiteSite
15633,32,9
timeStep,numberOfRobotsOnBlackSite,numberOfRobotsOnWhiteSite
15634,32,9
timeStep,numberOfRobotsOnBlackSite,numberOfRobotsOnWhiteSite
15635,32,10
timeStep,numberOfRobotsOnBlackSite,numberOfRobotsOnWhiteSite
15636,32,10
timeStep,numberOfRobotsOnBlackSite,numberOfRobotsOnWhiteSite
15637,32,10
timeStep,numberOfRobotsOnBlackSite,numberOfRobotsOnWhiteSite
15638,32,10
timeStep,numberOfRobotsOnBlackSite,numberOfRobotsOnWhiteSite
15639,32,10
timeStep,numberOfRobotsOnBlackSite,numberOfRobotsOnWhiteSite
15640,32,10
timeStep,numberOfRobotsOnBlackSite,numberOfRobotsOnWhiteSite
15641,32,10
timeStep,numberOfRobotsOnBlackSite,numberOfRobotsOnWhiteSite
15642,32,10
timeStep,numberOfRobotsOnBlackSite,numberOfRobotsOnWhiteSite
15643,32,10
timeStep,numberOfRobotsOnBlackSite,numberOfRobotsOnWhiteSite
15644,32,10
timeStep,numberOfRobotsOnBlackSite,numberOfRobotsOnWhiteSite
15645,32,11
timeStep,numberOfRobotsOnBlackSite,numberOfRobotsOnWhiteSite
15646,32,11
timeStep,numberOfRobotsOnBlackSite,numberOfRobotsOnWhiteSite
15647,32,11
timeStep,numberOfRobotsOnBlackSite,numberOfRobotsOnWhiteSite
15648,32,11
timeStep,numberOfRobotsOnBlackSite,numberOfRobotsOnWhiteSite
15649,32,11
timeStep,numberOfRobotsOnBlackSite,numberOfRobotsOnWhiteSite
15650,32,11
timeStep,numberOfRobotsOnBlackSite,numberOfRobotsOnWhiteSite
15651,32,11
timeStep,numberOfRobotsOnBlackSite,numberOfRobotsOnWhiteSite
15652,32,11
timeStep,numberOfRobotsOnBlackSite,numberOfRobotsOnWhiteSite
15653,32,11
timeStep,numberOfRobotsOnBlackSite,numberOfRobotsOnWhiteSite
15654,32,11
timeStep,numberOfRobotsOnBlackSite,numberOfRobotsOnWhiteSite
15655,32,11
timeStep,numberOfRobotsOnBlackSite,numberOfRobotsOnWhiteSite
15656,32,11
timeStep,numberOfRobotsOnBlackSite,numberOfRobotsOnWhiteSite
15657,32,11
timeStep,numberOfRobotsOnBlackSite,numberOfRobotsOnWhiteSite
15658,32,11
timeStep,numberOfRobotsOnBlackSite,numberOfRobotsOnWhiteSite
15659,32,11
timeStep,numberOfRobotsOnBlackSite,numberOfRobotsOnWhiteSite
15660,32,11
timeStep,numberOfRobotsOnBlackSite,numberOfRobotsOnWhiteSite
15661,32,11
timeStep,numberOfRobotsOnBlackSite,numberOfRobotsOnWhiteSite
15662,32,11
timeStep,numberOfRobotsOnBlackSite,numberOfRobotsOnWhiteSite
15663,32,11
timeStep,numberOfRobotsOnBlackSite,numberOfRobotsOnWhiteSite
15664,32,11
timeStep,numberOfRobotsOnBlackSite,numberOfRobotsOnWhiteSite
15665,32,11
timeStep,numberOfRobotsOnBlackSite,numberOfRobotsOnWhiteSite
15666,32,11
timeStep,numberOfRobotsOnBlackSite,numberOfRobotsOnWhiteSite
15667,32,11
timeStep,numberOfRobotsOnBlackSite,numberOfRobotsOnWhiteSite
15668,32,11
timeStep,numberOfRobotsOnBlackSite,numberOfRobotsOnWhiteSite
15669,32,11
timeStep,numberOfRobotsOnBlackSite,numberOfRobotsOnWhiteSite
15670,32,11
timeStep,numberOfRobotsOnBlackSite,numberOfRobotsOnWhiteSite
15671,32,11
timeStep,numberOfRobotsOnBlackSite,numberOfRobotsOnWhiteSite
15672,32,11
timeStep,numberOfRobotsOnBlackSite,numberOfRobotsOnWhiteSite
15673,32,11
timeStep,numberOfRobotsOnBlackSite,numberOfRobotsOnWhiteSite
15674,32,11
timeStep,numberOfRobotsOnBlackSite,numberOfRobotsOnWhiteSite
15675,31,11
timeStep,numberOfRobotsOnBlackSite,numberOfRobotsOnWhiteSite
15676,31,11
timeStep,numberOfRobotsOnBlackSite,numberOfRobotsOnWhiteSite
15677,31,11
timeStep,numberOfRobotsOnBlackSite,numberOfRobotsOnWhiteSite
15678,31,11
timeStep,numberOfRobotsOnBlackSite,numberOfRobotsOnWhiteSite
15679,31,11
timeStep,numberOfRobotsOnBlackSite,numberOfRobotsOnWhiteSite
15680,31,11
timeStep,numberOfRobotsOnBlackSite,numberOfRobotsOnWhiteSite
15681,31,11
timeStep,numberOfRobotsOnBlackSite,numberOfRobotsOnWhiteSite
15682,31,11
timeStep,numberOfRobotsOnBlackSite,numberOfRobotsOnWhiteSite
15683,31,11
timeStep,numberOfRobotsOnBlackSite,numberOfRobotsOnWhiteSite
15684,31,11
timeStep,numberOfRobotsOnBlackSite,numberOfRobotsOnWhiteSite
15685,31,11
timeStep,numberOfRobotsOnBlackSite,numberOfRobotsOnWhiteSite
15686,31,11
timeStep,numberOfRobotsOnBlackSite,numberOfRobotsOnWhiteSite
15687,31,11
timeStep,numberOfRobotsOnBlackSite,numberOfRobotsOnWhiteSite
15688,31,11
timeStep,numberOfRobotsOnBlackSite,numberOfRobotsOnWhiteSite
15689,31,11
timeStep,numberOfRobotsOnBlackSite,numberOfRobotsOnWhiteSite
15690,31,11
timeStep,numberOfRobotsOnBlackSite,numberOfRobotsOnWhiteSite
15691,31,11
timeStep,numberOfRobotsOnBlackSite,numberOfRobotsOnWhiteSite
15692,31,11
timeStep,numberOfRobotsOnBlackSite,numberOfRobotsOnWhiteSite
15693,31,11
timeStep,numberOfRobotsOnBlackSite,numberOfRobotsOnWhiteSite
15694,31,11
timeStep,numberOfRobotsOnBlackSite,numberOfRobotsOnWhiteSite
15695,31,11
timeStep,numberOfRobotsOnBlackSite,numberOfRobotsOnWhiteSite
15696,31,11
timeStep,numberOfRobotsOnBlackSite,numberOfRobotsOnWhiteSite
15697,31,11
timeStep,numberOfRobotsOnBlackSite,numberOfRobotsOnWhiteSite
15698,31,11
timeStep,numberOfRobotsOnBlackSite,numberOfRobotsOnWhiteSite
15699,31,11
timeStep,numberOfRobotsOnBlackSite,numberOfRobotsOnWhiteSite
15700,31,11
timeStep,numberOfRobotsOnBlackSite,numberOfRobotsOnWhiteSite
15701,31,11
timeStep,numberOfRobotsOnBlackSite,numberOfRobotsOnWhiteSite
15702,31,11
timeStep,numberOfRobotsOnBlackSite,numberOfRobotsOnWhiteSite
15703,31,11
timeStep,numberOfRobotsOnBlackSite,numberOfRobotsOnWhiteSite
15704,31,11
timeStep,numberOfRobotsOnBlackSite,numberOfRobotsOnWhiteSite
15705,32,11
timeStep,numberOfRobotsOnBlackSite,numberOfRobotsOnWhiteSite
15706,32,11
timeStep,numberOfRobotsOnBlackSite,numberOfRobotsOnWhiteSite
15707,32,11
timeStep,numberOfRobotsOnBlackSite,numberOfRobotsOnWhiteSite
15708,32,11
timeStep,numberOfRobotsOnBlackSite,numberOfRobotsOnWhiteSite
15709,32,11
timeStep,numberOfRobotsOnBlackSite,numberOfRobotsOnWhiteSite
15710,32,11
timeStep,numberOfRobotsOnBlackSite,numberOfRobotsOnWhiteSite
15711,32,11
timeStep,numberOfRobotsOnBlackSite,numberOfRobotsOnWhiteSite
15712,32,11
timeStep,numberOfRobotsOnBlackSite,numberOfRobotsOnWhiteSite
15713,32,11
timeStep,numberOfRobotsOnBlackSite,numberOfRobotsOnWhiteSite
15714,32,11
timeStep,numberOfRobotsOnBlackSite,numberOfRobotsOnWhiteSite
15715,32,11
timeStep,numberOfRobotsOnBlackSite,numberOfRobotsOnWhiteSite
15716,32,11
timeStep,numberOfRobotsOnBlackSite,numberOfRobotsOnWhiteSite
15717,32,11
timeStep,numberOfRobotsOnBlackSite,numberOfRobotsOnWhiteSite
15718,32,11
timeStep,numberOfRobotsOnBlackSite,numberOfRobotsOnWhiteSite
15719,32,11
timeStep,numberOfRobotsOnBlackSite,numberOfRobotsOnWhiteSite
15720,32,11
timeStep,numberOfRobotsOnBlackSite,numberOfRobotsOnWhiteSite
15721,32,11
timeStep,numberOfRobotsOnBlackSite,numberOfRobotsOnWhiteSite
15722,32,11
timeStep,numberOfRobotsOnBlackSite,numberOfRobotsOnWhiteSite
15723,32,11
timeStep,numberOfRobotsOnBlackSite,numberOfRobotsOnWhiteSite
15724,32,11
timeStep,numberOfRobotsOnBlackSite,numberOfRobotsOnWhiteSite
15725,32,11
timeStep,numberOfRobotsOnBlackSite,numberOfRobotsOnWhiteSite
15726,32,11
timeStep,numberOfRobotsOnBlackSite,numberOfRobotsOnWhiteSite
15727,32,11
timeStep,numberOfRobotsOnBlackSite,numberOfRobotsOnWhiteSite
15728,32,11
timeStep,numberOfRobotsOnBlackSite,numberOfRobotsOnWhiteSite
15729,32,11
timeStep,numberOfRobotsOnBlackSite,numberOfRobotsOnWhiteSite
15730,32,11
timeStep,numberOfRobotsOnBlackSite,numberOfRobotsOnWhiteSite
15731,32,11
timeStep,numberOfRobotsOnBlackSite,numberOfRobotsOnWhiteSite
15732,32,11
timeStep,numberOfRobotsOnBlackSite,numberOfRobotsOnWhiteSite
15733,32,11
timeStep,numberOfRobotsOnBlackSite,numberOfRobotsOnWhiteSite
15734,32,11
timeStep,numberOfRobotsOnBlackSite,numberOfRobotsOnWhiteSite
15735,32,11
timeStep,numberOfRobotsOnBlackSite,numberOfRobotsOnWhiteSite
15736,32,11
timeStep,numberOfRobotsOnBlackSite,numberOfRobotsOnWhiteSite
15737,32,11
timeStep,numberOfRobotsOnBlackSite,numberOfRobotsOnWhiteSite
15738,32,11
timeStep,numberOfRobotsOnBlackSite,numberOfRobotsOnWhiteSite
15739,32,11
timeStep,numberOfRobotsOnBlackSite,numberOfRobotsOnWhiteSite
15740,32,11
timeStep,numberOfRobotsOnBlackSite,numberOfRobotsOnWhiteSite
15741,32,11
timeStep,numberOfRobotsOnBlackSite,numberOfRobotsOnWhiteSite
15742,32,11
timeStep,numberOfRobotsOnBlackSite,numberOfRobotsOnWhiteSite
15743,32,11
timeStep,numberOfRobotsOnBlackSite,numberOfRobotsOnWhiteSite
15744,32,11
timeStep,numberOfRobotsOnBlackSite,numberOfRobotsOnWhiteSite
15745,32,11
timeStep,numberOfRobotsOnBlackSite,numberOfRobotsOnWhiteSite
15746,32,11
timeStep,numberOfRobotsOnBlackSite,numberOfRobotsOnWhiteSite
15747,32,11
timeStep,numberOfRobotsOnBlackSite,numberOfRobotsOnWhiteSite
15748,32,11
timeStep,numberOfRobotsOnBlackSite,numberOfRobotsOnWhiteSite
15749,32,11
timeStep,numberOfRobotsOnBlackSite,numberOfRobotsOnWhiteSite
15750,32,11
timeStep,numberOfRobotsOnBlackSite,numberOfRobotsOnWhiteSite
15751,32,11
timeStep,numberOfRobotsOnBlackSite,numberOfRobotsOnWhiteSite
15752,32,11
timeStep,numberOfRobotsOnBlackSite,numberOfRobotsOnWhiteSite
15753,32,11
timeStep,numberOfRobotsOnBlackSite,numberOfRobotsOnWhiteSite
15754,32,11
timeStep,numberOfRobotsOnBlackSite,numberOfRobotsOnWhiteSite
15755,32,11
timeStep,numberOfRobotsOnBlackSite,numberOfRobotsOnWhiteSite
15756,32,11
timeStep,numberOfRobotsOnBlackSite,numberOfRobotsOnWhiteSite
15757,32,11
timeStep,numberOfRobotsOnBlackSite,numberOfRobotsOnWhiteSite
15758,32,11
timeStep,numberOfRobotsOnBlackSite,numberOfRobotsOnWhiteSite
15759,32,11
timeStep,numberOfRobotsOnBlackSite,numberOfRobotsOnWhiteSite
15760,32,11
timeStep,numberOfRobotsOnBlackSite,numberOfRobotsOnWhiteSite
15761,32,11
timeStep,numberOfRobotsOnBlackSite,numberOfRobotsOnWhiteSite
15762,32,11
timeStep,numberOfRobotsOnBlackSite,numberOfRobotsOnWhiteSite
15763,32,11
timeStep,numberOfRobotsOnBlackSite,numberOfRobotsOnWhiteSite
15764,32,11
timeStep,numberOfRobotsOnBlackSite,numberOfRobotsOnWhiteSite
15765,32,11
timeStep,numberOfRobotsOnBlackSite,numberOfRobotsOnWhiteSite
15766,32,11
timeStep,numberOfRobotsOnBlackSite,numberOfRobotsOnWhiteSite
15767,32,11
timeStep,numberOfRobotsOnBlackSite,numberOfRobotsOnWhiteSite
15768,32,11
timeStep,numberOfRobotsOnBlackSite,numberOfRobotsOnWhiteSite
15769,32,11
timeStep,numberOfRobotsOnBlackSite,numberOfRobotsOnWhiteSite
15770,32,11
timeStep,numberOfRobotsOnBlackSite,numberOfRobotsOnWhiteSite
15771,32,11
timeStep,numberOfRobotsOnBlackSite,numberOfRobotsOnWhiteSite
15772,32,11
timeStep,numberOfRobotsOnBlackSite,numberOfRobotsOnWhiteSite
15773,32,11
timeStep,numberOfRobotsOnBlackSite,numberOfRobotsOnWhiteSite
15774,32,11
timeStep,numberOfRobotsOnBlackSite,numberOfRobotsOnWhiteSite
15775,32,11
timeStep,numberOfRobotsOnBlackSite,numberOfRobotsOnWhiteSite
15776,32,11
timeStep,numberOfRobotsOnBlackSite,numberOfRobotsOnWhiteSite
15777,32,11
timeStep,numberOfRobotsOnBlackSite,numberOfRobotsOnWhiteSite
15778,32,11
timeStep,numberOfRobotsOnBlackSite,numberOfRobotsOnWhiteSite
15779,32,11
timeStep,numberOfRobotsOnBlackSite,numberOfRobotsOnWhiteSite
15780,32,12
timeStep,numberOfRobotsOnBlackSite,numberOfRobotsOnWhiteSite
15781,32,12
timeStep,numberOfRobotsOnBlackSite,numberOfRobotsOnWhiteSite
15782,32,12
timeStep,numberOfRobotsOnBlackSite,numberOfRobotsOnWhiteSite
15783,32,12
timeStep,numberOfRobotsOnBlackSite,numberOfRobotsOnWhiteSite
15784,32,12
timeStep,numberOfRobotsOnBlackSite,numberOfRobotsOnWhiteSite
15785,32,12
timeStep,numberOfRobotsOnBlackSite,numberOfRobotsOnWhiteSite
15786,32,12
timeStep,numberOfRobotsOnBlackSite,numberOfRobotsOnWhiteSite
15787,32,12
timeStep,numberOfRobotsOnBlackSite,numberOfRobotsOnWhiteSite
15788,32,12
timeStep,numberOfRobotsOnBlackSite,numberOfRobotsOnWhiteSite
15789,32,12
timeStep,numberOfRobotsOnBlackSite,numberOfRobotsOnWhiteSite
15790,32,12
timeStep,numberOfRobotsOnBlackSite,numberOfRobotsOnWhiteSite
15791,32,12
timeStep,numberOfRobotsOnBlackSite,numberOfRobotsOnWhiteSite
15792,32,12
timeStep,numberOfRobotsOnBlackSite,numberOfRobotsOnWhiteSite
15793,32,12
timeStep,numberOfRobotsOnBlackSite,numberOfRobotsOnWhiteSite
15794,32,12
timeStep,numberOfRobotsOnBlackSite,numberOfRobotsOnWhiteSite
15795,32,12
timeStep,numberOfRobotsOnBlackSite,numberOfRobotsOnWhiteSite
15796,32,12
timeStep,numberOfRobotsOnBlackSite,numberOfRobotsOnWhiteSite
15797,32,12
timeStep,numberOfRobotsOnBlackSite,numberOfRobotsOnWhiteSite
15798,32,12
timeStep,numberOfRobotsOnBlackSite,numberOfRobotsOnWhiteSite
15799,32,12
timeStep,numberOfRobotsOnBlackSite,numberOfRobotsOnWhiteSite
15800,32,12
timeStep,numberOfRobotsOnBlackSite,numberOfRobotsOnWhiteSite
15801,32,12
timeStep,numberOfRobotsOnBlackSite,numberOfRobotsOnWhiteSite
15802,32,12
timeStep,numberOfRobotsOnBlackSite,numberOfRobotsOnWhiteSite
15803,32,12
timeStep,numberOfRobotsOnBlackSite,numberOfRobotsOnWhiteSite
15804,32,12
timeStep,numberOfRobotsOnBlackSite,numberOfRobotsOnWhiteSite
15805,32,12
timeStep,numberOfRobotsOnBlackSite,numberOfRobotsOnWhiteSite
15806,32,12
timeStep,numberOfRobotsOnBlackSite,numberOfRobotsOnWhiteSite
15807,32,12
timeStep,numberOfRobotsOnBlackSite,numberOfRobotsOnWhiteSite
15808,32,12
timeStep,numberOfRobotsOnBlackSite,numberOfRobotsOnWhiteSite
15809,32,12
timeStep,numberOfRobotsOnBlackSite,numberOfRobotsOnWhiteSite
15810,32,12
timeStep,numberOfRobotsOnBlackSite,numberOfRobotsOnWhiteSite
15811,32,12
timeStep,numberOfRobotsOnBlackSite,numberOfRobotsOnWhiteSite
15812,32,12
timeStep,numberOfRobotsOnBlackSite,numberOfRobotsOnWhiteSite
15813,32,12
timeStep,numberOfRobotsOnBlackSite,numberOfRobotsOnWhiteSite
15814,32,12
timeStep,numberOfRobotsOnBlackSite,numberOfRobotsOnWhiteSite
15815,32,12
timeStep,numberOfRobotsOnBlackSite,numberOfRobotsOnWhiteSite
15816,32,12
timeStep,numberOfRobotsOnBlackSite,numberOfRobotsOnWhiteSite
15817,32,12
timeStep,numberOfRobotsOnBlackSite,numberOfRobotsOnWhiteSite
15818,32,12
timeStep,numberOfRobotsOnBlackSite,numberOfRobotsOnWhiteSite
15819,32,12
timeStep,numberOfRobotsOnBlackSite,numberOfRobotsOnWhiteSite
15820,32,12
timeStep,numberOfRobotsOnBlackSite,numberOfRobotsOnWhiteSite
15821,32,12
timeStep,numberOfRobotsOnBlackSite,numberOfRobotsOnWhiteSite
15822,32,12
timeStep,numberOfRobotsOnBlackSite,numberOfRobotsOnWhiteSite
15823,32,12
timeStep,numberOfRobotsOnBlackSite,numberOfRobotsOnWhiteSite
15824,32,12
timeStep,numberOfRobotsOnBlackSite,numberOfRobotsOnWhiteSite
15825,32,12
timeStep,numberOfRobotsOnBlackSite,numberOfRobotsOnWhiteSite
15826,32,12
timeStep,numberOfRobotsOnBlackSite,numberOfRobotsOnWhiteSite
15827,32,12
timeStep,numberOfRobotsOnBlackSite,numberOfRobotsOnWhiteSite
15828,32,12
timeStep,numberOfRobotsOnBlackSite,numberOfRobotsOnWhiteSite
15829,32,12
timeStep,numberOfRobotsOnBlackSite,numberOfRobotsOnWhiteSite
15830,32,12
timeStep,numberOfRobotsOnBlackSite,numberOfRobotsOnWhiteSite
15831,32,12
timeStep,numberOfRobotsOnBlackSite,numberOfRobotsOnWhiteSite
15832,32,12
timeStep,numberOfRobotsOnBlackSite,numberOfRobotsOnWhiteSite
15833,32,12
timeStep,numberOfRobotsOnBlackSite,numberOfRobotsOnWhiteSite
15834,32,12
timeStep,numberOfRobotsOnBlackSite,numberOfRobotsOnWhiteSite
15835,32,12
timeStep,numberOfRobotsOnBlackSite,numberOfRobotsOnWhiteSite
15836,32,12
timeStep,numberOfRobotsOnBlackSite,numberOfRobotsOnWhiteSite
15837,32,12
timeStep,numberOfRobotsOnBlackSite,numberOfRobotsOnWhiteSite
15838,32,12
timeStep,numberOfRobotsOnBlackSite,numberOfRobotsOnWhiteSite
15839,32,12
timeStep,numberOfRobotsOnBlackSite,numberOfRobotsOnWhiteSite
15840,32,12
timeStep,numberOfRobotsOnBlackSite,numberOfRobotsOnWhiteSite
15841,32,12
timeStep,numberOfRobotsOnBlackSite,numberOfRobotsOnWhiteSite
15842,32,12
timeStep,numberOfRobotsOnBlackSite,numberOfRobotsOnWhiteSite
15843,32,12
timeStep,numberOfRobotsOnBlackSite,numberOfRobotsOnWhiteSite
15844,32,12
timeStep,numberOfRobotsOnBlackSite,numberOfRobotsOnWhiteSite
15845,32,12
timeStep,numberOfRobotsOnBlackSite,numberOfRobotsOnWhiteSite
15846,32,12
timeStep,numberOfRobotsOnBlackSite,numberOfRobotsOnWhiteSite
15847,32,12
timeStep,numberOfRobotsOnBlackSite,numberOfRobotsOnWhiteSite
15848,32,12
timeStep,numberOfRobotsOnBlackSite,numberOfRobotsOnWhiteSite
15849,32,12
timeStep,numberOfRobotsOnBlackSite,numberOfRobotsOnWhiteSite
15850,32,11
timeStep,numberOfRobotsOnBlackSite,numberOfRobotsOnWhiteSite
15851,32,11
timeStep,numberOfRobotsOnBlackSite,numberOfRobotsOnWhiteSite
15852,32,11
timeStep,numberOfRobotsOnBlackSite,numberOfRobotsOnWhiteSite
15853,32,11
timeStep,numberOfRobotsOnBlackSite,numberOfRobotsOnWhiteSite
15854,32,11
timeStep,numberOfRobotsOnBlackSite,numberOfRobotsOnWhiteSite
15855,32,11
timeStep,numberOfRobotsOnBlackSite,numberOfRobotsOnWhiteSite
15856,32,11
timeStep,numberOfRobotsOnBlackSite,numberOfRobotsOnWhiteSite
15857,32,11
timeStep,numberOfRobotsOnBlackSite,numberOfRobotsOnWhiteSite
15858,32,11
timeStep,numberOfRobotsOnBlackSite,numberOfRobotsOnWhiteSite
15859,32,11
timeStep,numberOfRobotsOnBlackSite,numberOfRobotsOnWhiteSite
15860,32,11
timeStep,numberOfRobotsOnBlackSite,numberOfRobotsOnWhiteSite
15861,32,11
timeStep,numberOfRobotsOnBlackSite,numberOfRobotsOnWhiteSite
15862,32,11
timeStep,numberOfRobotsOnBlackSite,numberOfRobotsOnWhiteSite
15863,32,11
timeStep,numberOfRobotsOnBlackSite,numberOfRobotsOnWhiteSite
15864,32,11
timeStep,numberOfRobotsOnBlackSite,numberOfRobotsOnWhiteSite
15865,32,11
timeStep,numberOfRobotsOnBlackSite,numberOfRobotsOnWhiteSite
15866,32,11
timeStep,numberOfRobotsOnBlackSite,numberOfRobotsOnWhiteSite
15867,32,11
timeStep,numberOfRobotsOnBlackSite,numberOfRobotsOnWhiteSite
15868,32,11
timeStep,numberOfRobotsOnBlackSite,numberOfRobotsOnWhiteSite
15869,32,11
timeStep,numberOfRobotsOnBlackSite,numberOfRobotsOnWhiteSite
15870,32,11
timeStep,numberOfRobotsOnBlackSite,numberOfRobotsOnWhiteSite
15871,32,11
timeStep,numberOfRobotsOnBlackSite,numberOfRobotsOnWhiteSite
15872,32,11
timeStep,numberOfRobotsOnBlackSite,numberOfRobotsOnWhiteSite
15873,32,11
timeStep,numberOfRobotsOnBlackSite,numberOfRobotsOnWhiteSite
15874,32,11
timeStep,numberOfRobotsOnBlackSite,numberOfRobotsOnWhiteSite
15875,32,11
timeStep,numberOfRobotsOnBlackSite,numberOfRobotsOnWhiteSite
15876,32,11
timeStep,numberOfRobotsOnBlackSite,numberOfRobotsOnWhiteSite
15877,32,11
timeStep,numberOfRobotsOnBlackSite,numberOfRobotsOnWhiteSite
15878,32,11
timeStep,numberOfRobotsOnBlackSite,numberOfRobotsOnWhiteSite
15879,32,11
timeStep,numberOfRobotsOnBlackSite,numberOfRobotsOnWhiteSite
15880,32,11
timeStep,numberOfRobotsOnBlackSite,numberOfRobotsOnWhiteSite
15881,32,11
timeStep,numberOfRobotsOnBlackSite,numberOfRobotsOnWhiteSite
15882,32,11
timeStep,numberOfRobotsOnBlackSite,numberOfRobotsOnWhiteSite
15883,32,11
timeStep,numberOfRobotsOnBlackSite,numberOfRobotsOnWhiteSite
15884,32,11
timeStep,numberOfRobotsOnBlackSite,numberOfRobotsOnWhiteSite
15885,32,11
timeStep,numberOfRobotsOnBlackSite,numberOfRobotsOnWhiteSite
15886,32,11
timeStep,numberOfRobotsOnBlackSite,numberOfRobotsOnWhiteSite
15887,32,11
timeStep,numberOfRobotsOnBlackSite,numberOfRobotsOnWhiteSite
15888,32,11
timeStep,numberOfRobotsOnBlackSite,numberOfRobotsOnWhiteSite
15889,32,11
timeStep,numberOfRobotsOnBlackSite,numberOfRobotsOnWhiteSite
15890,32,11
timeStep,numberOfRobotsOnBlackSite,numberOfRobotsOnWhiteSite
15891,32,11
timeStep,numberOfRobotsOnBlackSite,numberOfRobotsOnWhiteSite
15892,32,11
timeStep,numberOfRobotsOnBlackSite,numberOfRobotsOnWhiteSite
15893,32,11
timeStep,numberOfRobotsOnBlackSite,numberOfRobotsOnWhiteSite
15894,32,11
timeStep,numberOfRobotsOnBlackSite,numberOfRobotsOnWhiteSite
15895,32,11
timeStep,numberOfRobotsOnBlackSite,numberOfRobotsOnWhiteSite
15896,32,11
timeStep,numberOfRobotsOnBlackSite,numberOfRobotsOnWhiteSite
15897,32,11
timeStep,numberOfRobotsOnBlackSite,numberOfRobotsOnWhiteSite
15898,32,11
timeStep,numberOfRobotsOnBlackSite,numberOfRobotsOnWhiteSite
15899,32,11
timeStep,numberOfRobotsOnBlackSite,numberOfRobotsOnWhiteSite
15900,32,11
timeStep,numberOfRobotsOnBlackSite,numberOfRobotsOnWhiteSite
15901,32,11
timeStep,numberOfRobotsOnBlackSite,numberOfRobotsOnWhiteSite
15902,32,11
timeStep,numberOfRobotsOnBlackSite,numberOfRobotsOnWhiteSite
15903,32,11
timeStep,numberOfRobotsOnBlackSite,numberOfRobotsOnWhiteSite
15904,32,11
timeStep,numberOfRobotsOnBlackSite,numberOfRobotsOnWhiteSite
15905,32,11
timeStep,numberOfRobotsOnBlackSite,numberOfRobotsOnWhiteSite
15906,32,11
timeStep,numberOfRobotsOnBlackSite,numberOfRobotsOnWhiteSite
15907,32,11
timeStep,numberOfRobotsOnBlackSite,numberOfRobotsOnWhiteSite
15908,32,11
timeStep,numberOfRobotsOnBlackSite,numberOfRobotsOnWhiteSite
15909,32,11
timeStep,numberOfRobotsOnBlackSite,numberOfRobotsOnWhiteSite
15910,32,11
timeStep,numberOfRobotsOnBlackSite,numberOfRobotsOnWhiteSite
15911,32,11
timeStep,numberOfRobotsOnBlackSite,numberOfRobotsOnWhiteSite
15912,32,11
timeStep,numberOfRobotsOnBlackSite,numberOfRobotsOnWhiteSite
15913,32,11
timeStep,numberOfRobotsOnBlackSite,numberOfRobotsOnWhiteSite
15914,32,11
timeStep,numberOfRobotsOnBlackSite,numberOfRobotsOnWhiteSite
15915,32,12
timeStep,numberOfRobotsOnBlackSite,numberOfRobotsOnWhiteSite
15916,32,12
timeStep,numberOfRobotsOnBlackSite,numberOfRobotsOnWhiteSite
15917,32,12
timeStep,numberOfRobotsOnBlackSite,numberOfRobotsOnWhiteSite
15918,32,12
timeStep,numberOfRobotsOnBlackSite,numberOfRobotsOnWhiteSite
15919,32,12
timeStep,numberOfRobotsOnBlackSite,numberOfRobotsOnWhiteSite
15920,32,12
timeStep,numberOfRobotsOnBlackSite,numberOfRobotsOnWhiteSite
15921,32,12
timeStep,numberOfRobotsOnBlackSite,numberOfRobotsOnWhiteSite
15922,32,12
timeStep,numberOfRobotsOnBlackSite,numberOfRobotsOnWhiteSite
15923,32,12
timeStep,numberOfRobotsOnBlackSite,numberOfRobotsOnWhiteSite
15924,32,12
timeStep,numberOfRobotsOnBlackSite,numberOfRobotsOnWhiteSite
15925,32,12
timeStep,numberOfRobotsOnBlackSite,numberOfRobotsOnWhiteSite
15926,32,12
timeStep,numberOfRobotsOnBlackSite,numberOfRobotsOnWhiteSite
15927,32,12
timeStep,numberOfRobotsOnBlackSite,numberOfRobotsOnWhiteSite
15928,32,12
timeStep,numberOfRobotsOnBlackSite,numberOfRobotsOnWhiteSite
15929,32,12
timeStep,numberOfRobotsOnBlackSite,numberOfRobotsOnWhiteSite
15930,32,12
timeStep,numberOfRobotsOnBlackSite,numberOfRobotsOnWhiteSite
15931,32,12
timeStep,numberOfRobotsOnBlackSite,numberOfRobotsOnWhiteSite
15932,32,12
timeStep,numberOfRobotsOnBlackSite,numberOfRobotsOnWhiteSite
15933,32,12
timeStep,numberOfRobotsOnBlackSite,numberOfRobotsOnWhiteSite
15934,32,12
timeStep,numberOfRobotsOnBlackSite,numberOfRobotsOnWhiteSite
15935,32,12
timeStep,numberOfRobotsOnBlackSite,numberOfRobotsOnWhiteSite
15936,32,12
timeStep,numberOfRobotsOnBlackSite,numberOfRobotsOnWhiteSite
15937,32,12
timeStep,numberOfRobotsOnBlackSite,numberOfRobotsOnWhiteSite
15938,32,12
timeStep,numberOfRobotsOnBlackSite,numberOfRobotsOnWhiteSite
15939,32,12
timeStep,numberOfRobotsOnBlackSite,numberOfRobotsOnWhiteSite
15940,32,12
timeStep,numberOfRobotsOnBlackSite,numberOfRobotsOnWhiteSite
15941,32,12
timeStep,numberOfRobotsOnBlackSite,numberOfRobotsOnWhiteSite
15942,32,12
timeStep,numberOfRobotsOnBlackSite,numberOfRobotsOnWhiteSite
15943,32,12
timeStep,numberOfRobotsOnBlackSite,numberOfRobotsOnWhiteSite
15944,32,12
timeStep,numberOfRobotsOnBlackSite,numberOfRobotsOnWhiteSite
15945,32,12
timeStep,numberOfRobotsOnBlackSite,numberOfRobotsOnWhiteSite
15946,32,12
timeStep,numberOfRobotsOnBlackSite,numberOfRobotsOnWhiteSite
15947,32,12
timeStep,numberOfRobotsOnBlackSite,numberOfRobotsOnWhiteSite
15948,32,12
timeStep,numberOfRobotsOnBlackSite,numberOfRobotsOnWhiteSite
15949,32,12
timeStep,numberOfRobotsOnBlackSite,numberOfRobotsOnWhiteSite
15950,32,12
timeStep,numberOfRobotsOnBlackSite,numberOfRobotsOnWhiteSite
15951,32,12
timeStep,numberOfRobotsOnBlackSite,numberOfRobotsOnWhiteSite
15952,32,12
timeStep,numberOfRobotsOnBlackSite,numberOfRobotsOnWhiteSite
15953,32,12
timeStep,numberOfRobotsOnBlackSite,numberOfRobotsOnWhiteSite
15954,32,12
timeStep,numberOfRobotsOnBlackSite,numberOfRobotsOnWhiteSite
15955,32,12
timeStep,numberOfRobotsOnBlackSite,numberOfRobotsOnWhiteSite
15956,32,12
timeStep,numberOfRobotsOnBlackSite,numberOfRobotsOnWhiteSite
15957,32,12
timeStep,numberOfRobotsOnBlackSite,numberOfRobotsOnWhiteSite
15958,32,12
timeStep,numberOfRobotsOnBlackSite,numberOfRobotsOnWhiteSite
15959,32,12
timeStep,numberOfRobotsOnBlackSite,numberOfRobotsOnWhiteSite
15960,32,12
timeStep,numberOfRobotsOnBlackSite,numberOfRobotsOnWhiteSite
15961,32,12
timeStep,numberOfRobotsOnBlackSite,numberOfRobotsOnWhiteSite
15962,32,12
timeStep,numberOfRobotsOnBlackSite,numberOfRobotsOnWhiteSite
15963,32,12
timeStep,numberOfRobotsOnBlackSite,numberOfRobotsOnWhiteSite
15964,32,12
timeStep,numberOfRobotsOnBlackSite,numberOfRobotsOnWhiteSite
15965,32,12
timeStep,numberOfRobotsOnBlackSite,numberOfRobotsOnWhiteSite
15966,32,12
timeStep,numberOfRobotsOnBlackSite,numberOfRobotsOnWhiteSite
15967,32,12
timeStep,numberOfRobotsOnBlackSite,numberOfRobotsOnWhiteSite
15968,32,12
timeStep,numberOfRobotsOnBlackSite,numberOfRobotsOnWhiteSite
15969,32,12
timeStep,numberOfRobotsOnBlackSite,numberOfRobotsOnWhiteSite
15970,32,12
timeStep,numberOfRobotsOnBlackSite,numberOfRobotsOnWhiteSite
15971,32,12
timeStep,numberOfRobotsOnBlackSite,numberOfRobotsOnWhiteSite
15972,32,12
timeStep,numberOfRobotsOnBlackSite,numberOfRobotsOnWhiteSite
15973,32,12
timeStep,numberOfRobotsOnBlackSite,numberOfRobotsOnWhiteSite
15974,32,12
timeStep,numberOfRobotsOnBlackSite,numberOfRobotsOnWhiteSite
15975,32,12
timeStep,numberOfRobotsOnBlackSite,numberOfRobotsOnWhiteSite
15976,32,12
timeStep,numberOfRobotsOnBlackSite,numberOfRobotsOnWhiteSite
15977,32,12
timeStep,numberOfRobotsOnBlackSite,numberOfRobotsOnWhiteSite
15978,32,12
timeStep,numberOfRobotsOnBlackSite,numberOfRobotsOnWhiteSite
15979,32,12
timeStep,numberOfRobotsOnBlackSite,numberOfRobotsOnWhiteSite
15980,32,12
timeStep,numberOfRobotsOnBlackSite,numberOfRobotsOnWhiteSite
15981,32,12
timeStep,numberOfRobotsOnBlackSite,numberOfRobotsOnWhiteSite
15982,32,12
timeStep,numberOfRobotsOnBlackSite,numberOfRobotsOnWhiteSite
15983,32,12
timeStep,numberOfRobotsOnBlackSite,numberOfRobotsOnWhiteSite
15984,32,12
timeStep,numberOfRobotsOnBlackSite,numberOfRobotsOnWhiteSite
15985,32,12
timeStep,numberOfRobotsOnBlackSite,numberOfRobotsOnWhiteSite
15986,32,12
timeStep,numberOfRobotsOnBlackSite,numberOfRobotsOnWhiteSite
15987,32,12
timeStep,numberOfRobotsOnBlackSite,numberOfRobotsOnWhiteSite
15988,32,12
timeStep,numberOfRobotsOnBlackSite,numberOfRobotsOnWhiteSite
15989,32,12
timeStep,numberOfRobotsOnBlackSite,numberOfRobotsOnWhiteSite
15990,32,12
timeStep,numberOfRobotsOnBlackSite,numberOfRobotsOnWhiteSite
15991,32,12
timeStep,numberOfRobotsOnBlackSite,numberOfRobotsOnWhiteSite
15992,32,12
timeStep,numberOfRobotsOnBlackSite,numberOfRobotsOnWhiteSite
15993,32,12
timeStep,numberOfRobotsOnBlackSite,numberOfRobotsOnWhiteSite
15994,32,12
timeStep,numberOfRobotsOnBlackSite,numberOfRobotsOnWhiteSite
15995,32,12
timeStep,numberOfRobotsOnBlackSite,numberOfRobotsOnWhiteSite
15996,32,12
timeStep,numberOfRobotsOnBlackSite,numberOfRobotsOnWhiteSite
15997,32,12
timeStep,numberOfRobotsOnBlackSite,numberOfRobotsOnWhiteSite
15998,32,12
timeStep,numberOfRobotsOnBlackSite,numberOfRobotsOnWhiteSite
15999,32,12
timeStep,numberOfRobotsOnBlackSite,numberOfRobotsOnWhiteSite
16000,32,12
timeStep,numberOfRobotsOnBlackSite,numberOfRobotsOnWhiteSite
16001,32,12
timeStep,numberOfRobotsOnBlackSite,numberOfRobotsOnWhiteSite
16002,32,12
timeStep,numberOfRobotsOnBlackSite,numberOfRobotsOnWhiteSite
16003,32,12
timeStep,numberOfRobotsOnBlackSite,numberOfRobotsOnWhiteSite
16004,32,12
timeStep,numberOfRobotsOnBlackSite,numberOfRobotsOnWhiteSite
16005,32,12
timeStep,numberOfRobotsOnBlackSite,numberOfRobotsOnWhiteSite
16006,32,12
timeStep,numberOfRobotsOnBlackSite,numberOfRobotsOnWhiteSite
16007,32,12
timeStep,numberOfRobotsOnBlackSite,numberOfRobotsOnWhiteSite
16008,32,12
timeStep,numberOfRobotsOnBlackSite,numberOfRobotsOnWhiteSite
16009,32,12
timeStep,numberOfRobotsOnBlackSite,numberOfRobotsOnWhiteSite
16010,32,12
timeStep,numberOfRobotsOnBlackSite,numberOfRobotsOnWhiteSite
16011,32,12
timeStep,numberOfRobotsOnBlackSite,numberOfRobotsOnWhiteSite
16012,32,12
timeStep,numberOfRobotsOnBlackSite,numberOfRobotsOnWhiteSite
16013,32,12
timeStep,numberOfRobotsOnBlackSite,numberOfRobotsOnWhiteSite
16014,32,12
timeStep,numberOfRobotsOnBlackSite,numberOfRobotsOnWhiteSite
16015,32,12
timeStep,numberOfRobotsOnBlackSite,numberOfRobotsOnWhiteSite
16016,32,12
timeStep,numberOfRobotsOnBlackSite,numberOfRobotsOnWhiteSite
16017,32,12
timeStep,numberOfRobotsOnBlackSite,numberOfRobotsOnWhiteSite
16018,32,12
timeStep,numberOfRobotsOnBlackSite,numberOfRobotsOnWhiteSite
16019,32,12
timeStep,numberOfRobotsOnBlackSite,numberOfRobotsOnWhiteSite
16020,32,12
timeStep,numberOfRobotsOnBlackSite,numberOfRobotsOnWhiteSite
16021,32,12
timeStep,numberOfRobotsOnBlackSite,numberOfRobotsOnWhiteSite
16022,32,12
timeStep,numberOfRobotsOnBlackSite,numberOfRobotsOnWhiteSite
16023,32,12
timeStep,numberOfRobotsOnBlackSite,numberOfRobotsOnWhiteSite
16024,32,12
timeStep,numberOfRobotsOnBlackSite,numberOfRobotsOnWhiteSite
16025,32,12
timeStep,numberOfRobotsOnBlackSite,numberOfRobotsOnWhiteSite
16026,32,12
timeStep,numberOfRobotsOnBlackSite,numberOfRobotsOnWhiteSite
16027,32,12
timeStep,numberOfRobotsOnBlackSite,numberOfRobotsOnWhiteSite
16028,32,12
timeStep,numberOfRobotsOnBlackSite,numberOfRobotsOnWhiteSite
16029,32,12
timeStep,numberOfRobotsOnBlackSite,numberOfRobotsOnWhiteSite
16030,32,12
timeStep,numberOfRobotsOnBlackSite,numberOfRobotsOnWhiteSite
16031,32,12
timeStep,numberOfRobotsOnBlackSite,numberOfRobotsOnWhiteSite
16032,32,12
timeStep,numberOfRobotsOnBlackSite,numberOfRobotsOnWhiteSite
16033,32,12
timeStep,numberOfRobotsOnBlackSite,numberOfRobotsOnWhiteSite
16034,32,12
timeStep,numberOfRobotsOnBlackSite,numberOfRobotsOnWhiteSite
16035,32,12
timeStep,numberOfRobotsOnBlackSite,numberOfRobotsOnWhiteSite
16036,32,12
timeStep,numberOfRobotsOnBlackSite,numberOfRobotsOnWhiteSite
16037,32,12
timeStep,numberOfRobotsOnBlackSite,numberOfRobotsOnWhiteSite
16038,32,12
timeStep,numberOfRobotsOnBlackSite,numberOfRobotsOnWhiteSite
16039,32,12
timeStep,numberOfRobotsOnBlackSite,numberOfRobotsOnWhiteSite
16040,32,12
timeStep,numberOfRobotsOnBlackSite,numberOfRobotsOnWhiteSite
16041,32,12
timeStep,numberOfRobotsOnBlackSite,numberOfRobotsOnWhiteSite
16042,32,12
timeStep,numberOfRobotsOnBlackSite,numberOfRobotsOnWhiteSite
16043,32,12
timeStep,numberOfRobotsOnBlackSite,numberOfRobotsOnWhiteSite
16044,32,12
timeStep,numberOfRobotsOnBlackSite,numberOfRobotsOnWhiteSite
16045,32,12
timeStep,numberOfRobotsOnBlackSite,numberOfRobotsOnWhiteSite
16046,32,12
timeStep,numberOfRobotsOnBlackSite,numberOfRobotsOnWhiteSite
16047,32,12
timeStep,numberOfRobotsOnBlackSite,numberOfRobotsOnWhiteSite
16048,32,12
timeStep,numberOfRobotsOnBlackSite,numberOfRobotsOnWhiteSite
16049,32,12
timeStep,numberOfRobotsOnBlackSite,numberOfRobotsOnWhiteSite
16050,32,12
timeStep,numberOfRobotsOnBlackSite,numberOfRobotsOnWhiteSite
16051,32,12
timeStep,numberOfRobotsOnBlackSite,numberOfRobotsOnWhiteSite
16052,32,12
timeStep,numberOfRobotsOnBlackSite,numberOfRobotsOnWhiteSite
16053,32,12
timeStep,numberOfRobotsOnBlackSite,numberOfRobotsOnWhiteSite
16054,32,12
timeStep,numberOfRobotsOnBlackSite,numberOfRobotsOnWhiteSite
16055,32,12
timeStep,numberOfRobotsOnBlackSite,numberOfRobotsOnWhiteSite
16056,32,12
timeStep,numberOfRobotsOnBlackSite,numberOfRobotsOnWhiteSite
16057,32,12
timeStep,numberOfRobotsOnBlackSite,numberOfRobotsOnWhiteSite
16058,32,12
timeStep,numberOfRobotsOnBlackSite,numberOfRobotsOnWhiteSite
16059,32,12
timeStep,numberOfRobotsOnBlackSite,numberOfRobotsOnWhiteSite
16060,32,12
timeStep,numberOfRobotsOnBlackSite,numberOfRobotsOnWhiteSite
16061,32,12
timeStep,numberOfRobotsOnBlackSite,numberOfRobotsOnWhiteSite
16062,32,12
timeStep,numberOfRobotsOnBlackSite,numberOfRobotsOnWhiteSite
16063,32,12
timeStep,numberOfRobotsOnBlackSite,numberOfRobotsOnWhiteSite
16064,32,12
timeStep,numberOfRobotsOnBlackSite,numberOfRobotsOnWhiteSite
16065,32,12
timeStep,numberOfRobotsOnBlackSite,numberOfRobotsOnWhiteSite
16066,32,12
timeStep,numberOfRobotsOnBlackSite,numberOfRobotsOnWhiteSite
16067,32,12
timeStep,numberOfRobotsOnBlackSite,numberOfRobotsOnWhiteSite
16068,32,12
timeStep,numberOfRobotsOnBlackSite,numberOfRobotsOnWhiteSite
16069,32,12
timeStep,numberOfRobotsOnBlackSite,numberOfRobotsOnWhiteSite
16070,32,12
timeStep,numberOfRobotsOnBlackSite,numberOfRobotsOnWhiteSite
16071,32,12
timeStep,numberOfRobotsOnBlackSite,numberOfRobotsOnWhiteSite
16072,32,12
timeStep,numberOfRobotsOnBlackSite,numberOfRobotsOnWhiteSite
16073,32,12
timeStep,numberOfRobotsOnBlackSite,numberOfRobotsOnWhiteSite
16074,32,12
timeStep,numberOfRobotsOnBlackSite,numberOfRobotsOnWhiteSite
16075,32,12
timeStep,numberOfRobotsOnBlackSite,numberOfRobotsOnWhiteSite
16076,32,12
timeStep,numberOfRobotsOnBlackSite,numberOfRobotsOnWhiteSite
16077,32,12
timeStep,numberOfRobotsOnBlackSite,numberOfRobotsOnWhiteSite
16078,32,12
timeStep,numberOfRobotsOnBlackSite,numberOfRobotsOnWhiteSite
16079,32,12
timeStep,numberOfRobotsOnBlackSite,numberOfRobotsOnWhiteSite
16080,32,12
timeStep,numberOfRobotsOnBlackSite,numberOfRobotsOnWhiteSite
16081,32,12
timeStep,numberOfRobotsOnBlackSite,numberOfRobotsOnWhiteSite
16082,32,12
timeStep,numberOfRobotsOnBlackSite,numberOfRobotsOnWhiteSite
16083,32,12
timeStep,numberOfRobotsOnBlackSite,numberOfRobotsOnWhiteSite
16084,32,12
timeStep,numberOfRobotsOnBlackSite,numberOfRobotsOnWhiteSite
16085,32,12
timeStep,numberOfRobotsOnBlackSite,numberOfRobotsOnWhiteSite
16086,32,12
timeStep,numberOfRobotsOnBlackSite,numberOfRobotsOnWhiteSite
16087,32,12
timeStep,numberOfRobotsOnBlackSite,numberOfRobotsOnWhiteSite
16088,32,12
timeStep,numberOfRobotsOnBlackSite,numberOfRobotsOnWhiteSite
16089,32,12
timeStep,numberOfRobotsOnBlackSite,numberOfRobotsOnWhiteSite
16090,32,12
timeStep,numberOfRobotsOnBlackSite,numberOfRobotsOnWhiteSite
16091,32,12
timeStep,numberOfRobotsOnBlackSite,numberOfRobotsOnWhiteSite
16092,32,12
timeStep,numberOfRobotsOnBlackSite,numberOfRobotsOnWhiteSite
16093,32,12
timeStep,numberOfRobotsOnBlackSite,numberOfRobotsOnWhiteSite
16094,32,12
timeStep,numberOfRobotsOnBlackSite,numberOfRobotsOnWhiteSite
16095,32,12
timeStep,numberOfRobotsOnBlackSite,numberOfRobotsOnWhiteSite
16096,32,12
timeStep,numberOfRobotsOnBlackSite,numberOfRobotsOnWhiteSite
16097,32,12
timeStep,numberOfRobotsOnBlackSite,numberOfRobotsOnWhiteSite
16098,32,12
timeStep,numberOfRobotsOnBlackSite,numberOfRobotsOnWhiteSite
16099,32,12
timeStep,numberOfRobotsOnBlackSite,numberOfRobotsOnWhiteSite
16100,32,12
timeStep,numberOfRobotsOnBlackSite,numberOfRobotsOnWhiteSite
16101,32,12
timeStep,numberOfRobotsOnBlackSite,numberOfRobotsOnWhiteSite
16102,32,12
timeStep,numberOfRobotsOnBlackSite,numberOfRobotsOnWhiteSite
16103,32,12
timeStep,numberOfRobotsOnBlackSite,numberOfRobotsOnWhiteSite
16104,32,12
timeStep,numberOfRobotsOnBlackSite,numberOfRobotsOnWhiteSite
16105,31,12
timeStep,numberOfRobotsOnBlackSite,numberOfRobotsOnWhiteSite
16106,31,12
timeStep,numberOfRobotsOnBlackSite,numberOfRobotsOnWhiteSite
16107,31,12
timeStep,numberOfRobotsOnBlackSite,numberOfRobotsOnWhiteSite
16108,31,12
timeStep,numberOfRobotsOnBlackSite,numberOfRobotsOnWhiteSite
16109,31,12
timeStep,numberOfRobotsOnBlackSite,numberOfRobotsOnWhiteSite
16110,31,12
timeStep,numberOfRobotsOnBlackSite,numberOfRobotsOnWhiteSite
16111,31,12
timeStep,numberOfRobotsOnBlackSite,numberOfRobotsOnWhiteSite
16112,31,12
timeStep,numberOfRobotsOnBlackSite,numberOfRobotsOnWhiteSite
16113,31,12
timeStep,numberOfRobotsOnBlackSite,numberOfRobotsOnWhiteSite
16114,31,12
timeStep,numberOfRobotsOnBlackSite,numberOfRobotsOnWhiteSite
16115,30,12
timeStep,numberOfRobotsOnBlackSite,numberOfRobotsOnWhiteSite
16116,30,12
timeStep,numberOfRobotsOnBlackSite,numberOfRobotsOnWhiteSite
16117,30,12
timeStep,numberOfRobotsOnBlackSite,numberOfRobotsOnWhiteSite
16118,30,12
timeStep,numberOfRobotsOnBlackSite,numberOfRobotsOnWhiteSite
16119,30,12
timeStep,numberOfRobotsOnBlackSite,numberOfRobotsOnWhiteSite
16120,30,12
timeStep,numberOfRobotsOnBlackSite,numberOfRobotsOnWhiteSite
16121,30,12
timeStep,numberOfRobotsOnBlackSite,numberOfRobotsOnWhiteSite
16122,30,12
timeStep,numberOfRobotsOnBlackSite,numberOfRobotsOnWhiteSite
16123,30,12
timeStep,numberOfRobotsOnBlackSite,numberOfRobotsOnWhiteSite
16124,30,12
timeStep,numberOfRobotsOnBlackSite,numberOfRobotsOnWhiteSite
16125,30,12
timeStep,numberOfRobotsOnBlackSite,numberOfRobotsOnWhiteSite
16126,30,12
timeStep,numberOfRobotsOnBlackSite,numberOfRobotsOnWhiteSite
16127,30,12
timeStep,numberOfRobotsOnBlackSite,numberOfRobotsOnWhiteSite
16128,30,12
timeStep,numberOfRobotsOnBlackSite,numberOfRobotsOnWhiteSite
16129,30,12
timeStep,numberOfRobotsOnBlackSite,numberOfRobotsOnWhiteSite
16130,30,12
timeStep,numberOfRobotsOnBlackSite,numberOfRobotsOnWhiteSite
16131,30,12
timeStep,numberOfRobotsOnBlackSite,numberOfRobotsOnWhiteSite
16132,30,12
timeStep,numberOfRobotsOnBlackSite,numberOfRobotsOnWhiteSite
16133,30,12
timeStep,numberOfRobotsOnBlackSite,numberOfRobotsOnWhiteSite
16134,30,12
timeStep,numberOfRobotsOnBlackSite,numberOfRobotsOnWhiteSite
16135,30,12
timeStep,numberOfRobotsOnBlackSite,numberOfRobotsOnWhiteSite
16136,30,12
timeStep,numberOfRobotsOnBlackSite,numberOfRobotsOnWhiteSite
16137,30,12
timeStep,numberOfRobotsOnBlackSite,numberOfRobotsOnWhiteSite
16138,30,12
timeStep,numberOfRobotsOnBlackSite,numberOfRobotsOnWhiteSite
16139,30,12
timeStep,numberOfRobotsOnBlackSite,numberOfRobotsOnWhiteSite
16140,30,12
timeStep,numberOfRobotsOnBlackSite,numberOfRobotsOnWhiteSite
16141,30,12
timeStep,numberOfRobotsOnBlackSite,numberOfRobotsOnWhiteSite
16142,30,12
timeStep,numberOfRobotsOnBlackSite,numberOfRobotsOnWhiteSite
16143,30,12
timeStep,numberOfRobotsOnBlackSite,numberOfRobotsOnWhiteSite
16144,30,12
timeStep,numberOfRobotsOnBlackSite,numberOfRobotsOnWhiteSite
16145,30,12
timeStep,numberOfRobotsOnBlackSite,numberOfRobotsOnWhiteSite
16146,30,12
timeStep,numberOfRobotsOnBlackSite,numberOfRobotsOnWhiteSite
16147,30,12
timeStep,numberOfRobotsOnBlackSite,numberOfRobotsOnWhiteSite
16148,30,12
timeStep,numberOfRobotsOnBlackSite,numberOfRobotsOnWhiteSite
16149,30,12
timeStep,numberOfRobotsOnBlackSite,numberOfRobotsOnWhiteSite
16150,30,12
timeStep,numberOfRobotsOnBlackSite,numberOfRobotsOnWhiteSite
16151,30,12
timeStep,numberOfRobotsOnBlackSite,numberOfRobotsOnWhiteSite
16152,30,12
timeStep,numberOfRobotsOnBlackSite,numberOfRobotsOnWhiteSite
16153,30,12
timeStep,numberOfRobotsOnBlackSite,numberOfRobotsOnWhiteSite
16154,30,12
timeStep,numberOfRobotsOnBlackSite,numberOfRobotsOnWhiteSite
16155,30,12
timeStep,numberOfRobotsOnBlackSite,numberOfRobotsOnWhiteSite
16156,30,12
timeStep,numberOfRobotsOnBlackSite,numberOfRobotsOnWhiteSite
16157,30,12
timeStep,numberOfRobotsOnBlackSite,numberOfRobotsOnWhiteSite
16158,30,12
timeStep,numberOfRobotsOnBlackSite,numberOfRobotsOnWhiteSite
16159,30,12
timeStep,numberOfRobotsOnBlackSite,numberOfRobotsOnWhiteSite
16160,30,12
timeStep,numberOfRobotsOnBlackSite,numberOfRobotsOnWhiteSite
16161,30,12
timeStep,numberOfRobotsOnBlackSite,numberOfRobotsOnWhiteSite
16162,30,12
timeStep,numberOfRobotsOnBlackSite,numberOfRobotsOnWhiteSite
16163,30,12
timeStep,numberOfRobotsOnBlackSite,numberOfRobotsOnWhiteSite
16164,30,12
timeStep,numberOfRobotsOnBlackSite,numberOfRobotsOnWhiteSite
16165,30,12
timeStep,numberOfRobotsOnBlackSite,numberOfRobotsOnWhiteSite
16166,30,12
timeStep,numberOfRobotsOnBlackSite,numberOfRobotsOnWhiteSite
16167,30,12
timeStep,numberOfRobotsOnBlackSite,numberOfRobotsOnWhiteSite
16168,30,12
timeStep,numberOfRobotsOnBlackSite,numberOfRobotsOnWhiteSite
16169,30,12
timeStep,numberOfRobotsOnBlackSite,numberOfRobotsOnWhiteSite
16170,30,12
timeStep,numberOfRobotsOnBlackSite,numberOfRobotsOnWhiteSite
16171,30,12
timeStep,numberOfRobotsOnBlackSite,numberOfRobotsOnWhiteSite
16172,30,12
timeStep,numberOfRobotsOnBlackSite,numberOfRobotsOnWhiteSite
16173,30,12
timeStep,numberOfRobotsOnBlackSite,numberOfRobotsOnWhiteSite
16174,30,12
timeStep,numberOfRobotsOnBlackSite,numberOfRobotsOnWhiteSite
16175,30,11
timeStep,numberOfRobotsOnBlackSite,numberOfRobotsOnWhiteSite
16176,30,11
timeStep,numberOfRobotsOnBlackSite,numberOfRobotsOnWhiteSite
16177,30,11
timeStep,numberOfRobotsOnBlackSite,numberOfRobotsOnWhiteSite
16178,30,11
timeStep,numberOfRobotsOnBlackSite,numberOfRobotsOnWhiteSite
16179,30,11
timeStep,numberOfRobotsOnBlackSite,numberOfRobotsOnWhiteSite
16180,30,11
timeStep,numberOfRobotsOnBlackSite,numberOfRobotsOnWhiteSite
16181,30,11
timeStep,numberOfRobotsOnBlackSite,numberOfRobotsOnWhiteSite
16182,30,11
timeStep,numberOfRobotsOnBlackSite,numberOfRobotsOnWhiteSite
16183,30,11
timeStep,numberOfRobotsOnBlackSite,numberOfRobotsOnWhiteSite
16184,30,11
timeStep,numberOfRobotsOnBlackSite,numberOfRobotsOnWhiteSite
16185,30,11
timeStep,numberOfRobotsOnBlackSite,numberOfRobotsOnWhiteSite
16186,30,11
timeStep,numberOfRobotsOnBlackSite,numberOfRobotsOnWhiteSite
16187,30,11
timeStep,numberOfRobotsOnBlackSite,numberOfRobotsOnWhiteSite
16188,30,11
timeStep,numberOfRobotsOnBlackSite,numberOfRobotsOnWhiteSite
16189,30,11
timeStep,numberOfRobotsOnBlackSite,numberOfRobotsOnWhiteSite
16190,30,11
timeStep,numberOfRobotsOnBlackSite,numberOfRobotsOnWhiteSite
16191,30,11
timeStep,numberOfRobotsOnBlackSite,numberOfRobotsOnWhiteSite
16192,30,11
timeStep,numberOfRobotsOnBlackSite,numberOfRobotsOnWhiteSite
16193,30,11
timeStep,numberOfRobotsOnBlackSite,numberOfRobotsOnWhiteSite
16194,30,11
timeStep,numberOfRobotsOnBlackSite,numberOfRobotsOnWhiteSite
16195,30,12
timeStep,numberOfRobotsOnBlackSite,numberOfRobotsOnWhiteSite
16196,30,12
timeStep,numberOfRobotsOnBlackSite,numberOfRobotsOnWhiteSite
16197,30,12
timeStep,numberOfRobotsOnBlackSite,numberOfRobotsOnWhiteSite
16198,30,12
timeStep,numberOfRobotsOnBlackSite,numberOfRobotsOnWhiteSite
16199,30,12
timeStep,numberOfRobotsOnBlackSite,numberOfRobotsOnWhiteSite
16200,30,12
timeStep,numberOfRobotsOnBlackSite,numberOfRobotsOnWhiteSite
16201,30,12
timeStep,numberOfRobotsOnBlackSite,numberOfRobotsOnWhiteSite
16202,30,12
timeStep,numberOfRobotsOnBlackSite,numberOfRobotsOnWhiteSite
16203,30,12
timeStep,numberOfRobotsOnBlackSite,numberOfRobotsOnWhiteSite
16204,30,12
timeStep,numberOfRobotsOnBlackSite,numberOfRobotsOnWhiteSite
16205,30,12
timeStep,numberOfRobotsOnBlackSite,numberOfRobotsOnWhiteSite
16206,30,12
timeStep,numberOfRobotsOnBlackSite,numberOfRobotsOnWhiteSite
16207,30,12
timeStep,numberOfRobotsOnBlackSite,numberOfRobotsOnWhiteSite
16208,30,12
timeStep,numberOfRobotsOnBlackSite,numberOfRobotsOnWhiteSite
16209,30,12
timeStep,numberOfRobotsOnBlackSite,numberOfRobotsOnWhiteSite
16210,30,12
timeStep,numberOfRobotsOnBlackSite,numberOfRobotsOnWhiteSite
16211,30,12
timeStep,numberOfRobotsOnBlackSite,numberOfRobotsOnWhiteSite
16212,30,12
timeStep,numberOfRobotsOnBlackSite,numberOfRobotsOnWhiteSite
16213,30,12
timeStep,numberOfRobotsOnBlackSite,numberOfRobotsOnWhiteSite
16214,30,12
timeStep,numberOfRobotsOnBlackSite,numberOfRobotsOnWhiteSite
16215,30,12
timeStep,numberOfRobotsOnBlackSite,numberOfRobotsOnWhiteSite
16216,30,12
timeStep,numberOfRobotsOnBlackSite,numberOfRobotsOnWhiteSite
16217,30,12
timeStep,numberOfRobotsOnBlackSite,numberOfRobotsOnWhiteSite
16218,30,12
timeStep,numberOfRobotsOnBlackSite,numberOfRobotsOnWhiteSite
16219,30,12
timeStep,numberOfRobotsOnBlackSite,numberOfRobotsOnWhiteSite
16220,30,12
timeStep,numberOfRobotsOnBlackSite,numberOfRobotsOnWhiteSite
16221,30,12
timeStep,numberOfRobotsOnBlackSite,numberOfRobotsOnWhiteSite
16222,30,12
timeStep,numberOfRobotsOnBlackSite,numberOfRobotsOnWhiteSite
16223,30,12
timeStep,numberOfRobotsOnBlackSite,numberOfRobotsOnWhiteSite
16224,30,12
timeStep,numberOfRobotsOnBlackSite,numberOfRobotsOnWhiteSite
16225,30,12
timeStep,numberOfRobotsOnBlackSite,numberOfRobotsOnWhiteSite
16226,30,12
timeStep,numberOfRobotsOnBlackSite,numberOfRobotsOnWhiteSite
16227,30,12
timeStep,numberOfRobotsOnBlackSite,numberOfRobotsOnWhiteSite
16228,30,12
timeStep,numberOfRobotsOnBlackSite,numberOfRobotsOnWhiteSite
16229,30,12
timeStep,numberOfRobotsOnBlackSite,numberOfRobotsOnWhiteSite
16230,30,12
timeStep,numberOfRobotsOnBlackSite,numberOfRobotsOnWhiteSite
16231,30,12
timeStep,numberOfRobotsOnBlackSite,numberOfRobotsOnWhiteSite
16232,30,12
timeStep,numberOfRobotsOnBlackSite,numberOfRobotsOnWhiteSite
16233,30,12
timeStep,numberOfRobotsOnBlackSite,numberOfRobotsOnWhiteSite
16234,30,12
timeStep,numberOfRobotsOnBlackSite,numberOfRobotsOnWhiteSite
16235,30,12
timeStep,numberOfRobotsOnBlackSite,numberOfRobotsOnWhiteSite
16236,30,12
timeStep,numberOfRobotsOnBlackSite,numberOfRobotsOnWhiteSite
16237,30,12
timeStep,numberOfRobotsOnBlackSite,numberOfRobotsOnWhiteSite
16238,30,12
timeStep,numberOfRobotsOnBlackSite,numberOfRobotsOnWhiteSite
16239,30,12
timeStep,numberOfRobotsOnBlackSite,numberOfRobotsOnWhiteSite
16240,30,12
timeStep,numberOfRobotsOnBlackSite,numberOfRobotsOnWhiteSite
16241,30,12
timeStep,numberOfRobotsOnBlackSite,numberOfRobotsOnWhiteSite
16242,30,12
timeStep,numberOfRobotsOnBlackSite,numberOfRobotsOnWhiteSite
16243,30,12
timeStep,numberOfRobotsOnBlackSite,numberOfRobotsOnWhiteSite
16244,30,12
timeStep,numberOfRobotsOnBlackSite,numberOfRobotsOnWhiteSite
16245,30,12
timeStep,numberOfRobotsOnBlackSite,numberOfRobotsOnWhiteSite
16246,30,12
timeStep,numberOfRobotsOnBlackSite,numberOfRobotsOnWhiteSite
16247,30,12
timeStep,numberOfRobotsOnBlackSite,numberOfRobotsOnWhiteSite
16248,30,12
timeStep,numberOfRobotsOnBlackSite,numberOfRobotsOnWhiteSite
16249,30,12
timeStep,numberOfRobotsOnBlackSite,numberOfRobotsOnWhiteSite
16250,30,12
timeStep,numberOfRobotsOnBlackSite,numberOfRobotsOnWhiteSite
16251,30,12
timeStep,numberOfRobotsOnBlackSite,numberOfRobotsOnWhiteSite
16252,30,12
timeStep,numberOfRobotsOnBlackSite,numberOfRobotsOnWhiteSite
16253,30,12
timeStep,numberOfRobotsOnBlackSite,numberOfRobotsOnWhiteSite
16254,30,12
timeStep,numberOfRobotsOnBlackSite,numberOfRobotsOnWhiteSite
16255,30,12
timeStep,numberOfRobotsOnBlackSite,numberOfRobotsOnWhiteSite
16256,30,12
timeStep,numberOfRobotsOnBlackSite,numberOfRobotsOnWhiteSite
16257,30,12
timeStep,numberOfRobotsOnBlackSite,numberOfRobotsOnWhiteSite
16258,30,12
timeStep,numberOfRobotsOnBlackSite,numberOfRobotsOnWhiteSite
16259,30,12
timeStep,numberOfRobotsOnBlackSite,numberOfRobotsOnWhiteSite
16260,30,12
timeStep,numberOfRobotsOnBlackSite,numberOfRobotsOnWhiteSite
16261,30,12
timeStep,numberOfRobotsOnBlackSite,numberOfRobotsOnWhiteSite
16262,30,12
timeStep,numberOfRobotsOnBlackSite,numberOfRobotsOnWhiteSite
16263,30,12
timeStep,numberOfRobotsOnBlackSite,numberOfRobotsOnWhiteSite
16264,30,12
timeStep,numberOfRobotsOnBlackSite,numberOfRobotsOnWhiteSite
16265,30,12
timeStep,numberOfRobotsOnBlackSite,numberOfRobotsOnWhiteSite
16266,30,12
timeStep,numberOfRobotsOnBlackSite,numberOfRobotsOnWhiteSite
16267,30,12
timeStep,numberOfRobotsOnBlackSite,numberOfRobotsOnWhiteSite
16268,30,12
timeStep,numberOfRobotsOnBlackSite,numberOfRobotsOnWhiteSite
16269,30,12
timeStep,numberOfRobotsOnBlackSite,numberOfRobotsOnWhiteSite
16270,30,12
timeStep,numberOfRobotsOnBlackSite,numberOfRobotsOnWhiteSite
16271,30,12
timeStep,numberOfRobotsOnBlackSite,numberOfRobotsOnWhiteSite
16272,30,12
timeStep,numberOfRobotsOnBlackSite,numberOfRobotsOnWhiteSite
16273,30,12
timeStep,numberOfRobotsOnBlackSite,numberOfRobotsOnWhiteSite
16274,30,12
timeStep,numberOfRobotsOnBlackSite,numberOfRobotsOnWhiteSite
16275,30,12
timeStep,numberOfRobotsOnBlackSite,numberOfRobotsOnWhiteSite
16276,30,12
timeStep,numberOfRobotsOnBlackSite,numberOfRobotsOnWhiteSite
16277,30,12
timeStep,numberOfRobotsOnBlackSite,numberOfRobotsOnWhiteSite
16278,30,12
timeStep,numberOfRobotsOnBlackSite,numberOfRobotsOnWhiteSite
16279,30,12
timeStep,numberOfRobotsOnBlackSite,numberOfRobotsOnWhiteSite
16280,30,12
timeStep,numberOfRobotsOnBlackSite,numberOfRobotsOnWhiteSite
16281,30,12
timeStep,numberOfRobotsOnBlackSite,numberOfRobotsOnWhiteSite
16282,30,12
timeStep,numberOfRobotsOnBlackSite,numberOfRobotsOnWhiteSite
16283,30,12
timeStep,numberOfRobotsOnBlackSite,numberOfRobotsOnWhiteSite
16284,30,12
timeStep,numberOfRobotsOnBlackSite,numberOfRobotsOnWhiteSite
16285,30,12
timeStep,numberOfRobotsOnBlackSite,numberOfRobotsOnWhiteSite
16286,30,12
timeStep,numberOfRobotsOnBlackSite,numberOfRobotsOnWhiteSite
16287,30,12
timeStep,numberOfRobotsOnBlackSite,numberOfRobotsOnWhiteSite
16288,30,12
timeStep,numberOfRobotsOnBlackSite,numberOfRobotsOnWhiteSite
16289,30,12
timeStep,numberOfRobotsOnBlackSite,numberOfRobotsOnWhiteSite
16290,30,12
timeStep,numberOfRobotsOnBlackSite,numberOfRobotsOnWhiteSite
16291,30,12
timeStep,numberOfRobotsOnBlackSite,numberOfRobotsOnWhiteSite
16292,30,12
timeStep,numberOfRobotsOnBlackSite,numberOfRobotsOnWhiteSite
16293,30,12
timeStep,numberOfRobotsOnBlackSite,numberOfRobotsOnWhiteSite
16294,30,12
timeStep,numberOfRobotsOnBlackSite,numberOfRobotsOnWhiteSite
16295,30,12
timeStep,numberOfRobotsOnBlackSite,numberOfRobotsOnWhiteSite
16296,30,12
timeStep,numberOfRobotsOnBlackSite,numberOfRobotsOnWhiteSite
16297,30,12
timeStep,numberOfRobotsOnBlackSite,numberOfRobotsOnWhiteSite
16298,30,12
timeStep,numberOfRobotsOnBlackSite,numberOfRobotsOnWhiteSite
16299,30,12
timeStep,numberOfRobotsOnBlackSite,numberOfRobotsOnWhiteSite
16300,30,12
timeStep,numberOfRobotsOnBlackSite,numberOfRobotsOnWhiteSite
16301,30,12
timeStep,numberOfRobotsOnBlackSite,numberOfRobotsOnWhiteSite
16302,30,12
timeStep,numberOfRobotsOnBlackSite,numberOfRobotsOnWhiteSite
16303,30,12
timeStep,numberOfRobotsOnBlackSite,numberOfRobotsOnWhiteSite
16304,30,12
timeStep,numberOfRobotsOnBlackSite,numberOfRobotsOnWhiteSite
16305,30,12
timeStep,numberOfRobotsOnBlackSite,numberOfRobotsOnWhiteSite
16306,30,12
timeStep,numberOfRobotsOnBlackSite,numberOfRobotsOnWhiteSite
16307,30,12
timeStep,numberOfRobotsOnBlackSite,numberOfRobotsOnWhiteSite
16308,30,12
timeStep,numberOfRobotsOnBlackSite,numberOfRobotsOnWhiteSite
16309,30,12
timeStep,numberOfRobotsOnBlackSite,numberOfRobotsOnWhiteSite
16310,30,12
timeStep,numberOfRobotsOnBlackSite,numberOfRobotsOnWhiteSite
16311,30,12
timeStep,numberOfRobotsOnBlackSite,numberOfRobotsOnWhiteSite
16312,30,12
timeStep,numberOfRobotsOnBlackSite,numberOfRobotsOnWhiteSite
16313,30,12
timeStep,numberOfRobotsOnBlackSite,numberOfRobotsOnWhiteSite
16314,30,12
timeStep,numberOfRobotsOnBlackSite,numberOfRobotsOnWhiteSite
16315,30,12
timeStep,numberOfRobotsOnBlackSite,numberOfRobotsOnWhiteSite
16316,30,12
timeStep,numberOfRobotsOnBlackSite,numberOfRobotsOnWhiteSite
16317,30,12
timeStep,numberOfRobotsOnBlackSite,numberOfRobotsOnWhiteSite
16318,30,12
timeStep,numberOfRobotsOnBlackSite,numberOfRobotsOnWhiteSite
16319,30,12
timeStep,numberOfRobotsOnBlackSite,numberOfRobotsOnWhiteSite
16320,30,12
timeStep,numberOfRobotsOnBlackSite,numberOfRobotsOnWhiteSite
16321,30,12
timeStep,numberOfRobotsOnBlackSite,numberOfRobotsOnWhiteSite
16322,30,12
timeStep,numberOfRobotsOnBlackSite,numberOfRobotsOnWhiteSite
16323,30,12
timeStep,numberOfRobotsOnBlackSite,numberOfRobotsOnWhiteSite
16324,30,12
timeStep,numberOfRobotsOnBlackSite,numberOfRobotsOnWhiteSite
16325,30,12
timeStep,numberOfRobotsOnBlackSite,numberOfRobotsOnWhiteSite
16326,30,12
timeStep,numberOfRobotsOnBlackSite,numberOfRobotsOnWhiteSite
16327,30,12
timeStep,numberOfRobotsOnBlackSite,numberOfRobotsOnWhiteSite
16328,30,12
timeStep,numberOfRobotsOnBlackSite,numberOfRobotsOnWhiteSite
16329,30,12
timeStep,numberOfRobotsOnBlackSite,numberOfRobotsOnWhiteSite
16330,30,12
timeStep,numberOfRobotsOnBlackSite,numberOfRobotsOnWhiteSite
16331,30,12
timeStep,numberOfRobotsOnBlackSite,numberOfRobotsOnWhiteSite
16332,30,12
timeStep,numberOfRobotsOnBlackSite,numberOfRobotsOnWhiteSite
16333,30,12
timeStep,numberOfRobotsOnBlackSite,numberOfRobotsOnWhiteSite
16334,30,12
timeStep,numberOfRobotsOnBlackSite,numberOfRobotsOnWhiteSite
16335,30,12
timeStep,numberOfRobotsOnBlackSite,numberOfRobotsOnWhiteSite
16336,30,12
timeStep,numberOfRobotsOnBlackSite,numberOfRobotsOnWhiteSite
16337,30,12
timeStep,numberOfRobotsOnBlackSite,numberOfRobotsOnWhiteSite
16338,30,12
timeStep,numberOfRobotsOnBlackSite,numberOfRobotsOnWhiteSite
16339,30,12
timeStep,numberOfRobotsOnBlackSite,numberOfRobotsOnWhiteSite
16340,30,12
timeStep,numberOfRobotsOnBlackSite,numberOfRobotsOnWhiteSite
16341,30,12
timeStep,numberOfRobotsOnBlackSite,numberOfRobotsOnWhiteSite
16342,30,12
timeStep,numberOfRobotsOnBlackSite,numberOfRobotsOnWhiteSite
16343,30,12
timeStep,numberOfRobotsOnBlackSite,numberOfRobotsOnWhiteSite
16344,30,12
timeStep,numberOfRobotsOnBlackSite,numberOfRobotsOnWhiteSite
16345,31,12
timeStep,numberOfRobotsOnBlackSite,numberOfRobotsOnWhiteSite
16346,31,12
timeStep,numberOfRobotsOnBlackSite,numberOfRobotsOnWhiteSite
16347,31,12
timeStep,numberOfRobotsOnBlackSite,numberOfRobotsOnWhiteSite
16348,31,12
timeStep,numberOfRobotsOnBlackSite,numberOfRobotsOnWhiteSite
16349,31,12
timeStep,numberOfRobotsOnBlackSite,numberOfRobotsOnWhiteSite
16350,31,13
timeStep,numberOfRobotsOnBlackSite,numberOfRobotsOnWhiteSite
16351,31,13
timeStep,numberOfRobotsOnBlackSite,numberOfRobotsOnWhiteSite
16352,31,13
timeStep,numberOfRobotsOnBlackSite,numberOfRobotsOnWhiteSite
16353,31,13
timeStep,numberOfRobotsOnBlackSite,numberOfRobotsOnWhiteSite
16354,31,13
timeStep,numberOfRobotsOnBlackSite,numberOfRobotsOnWhiteSite
16355,31,13
timeStep,numberOfRobotsOnBlackSite,numberOfRobotsOnWhiteSite
16356,31,13
timeStep,numberOfRobotsOnBlackSite,numberOfRobotsOnWhiteSite
16357,31,13
timeStep,numberOfRobotsOnBlackSite,numberOfRobotsOnWhiteSite
16358,31,13
timeStep,numberOfRobotsOnBlackSite,numberOfRobotsOnWhiteSite
16359,31,13
timeStep,numberOfRobotsOnBlackSite,numberOfRobotsOnWhiteSite
16360,31,13
timeStep,numberOfRobotsOnBlackSite,numberOfRobotsOnWhiteSite
16361,31,13
timeStep,numberOfRobotsOnBlackSite,numberOfRobotsOnWhiteSite
16362,31,13
timeStep,numberOfRobotsOnBlackSite,numberOfRobotsOnWhiteSite
16363,31,13
timeStep,numberOfRobotsOnBlackSite,numberOfRobotsOnWhiteSite
16364,31,13
timeStep,numberOfRobotsOnBlackSite,numberOfRobotsOnWhiteSite
16365,31,13
timeStep,numberOfRobotsOnBlackSite,numberOfRobotsOnWhiteSite
16366,31,13
timeStep,numberOfRobotsOnBlackSite,numberOfRobotsOnWhiteSite
16367,31,13
timeStep,numberOfRobotsOnBlackSite,numberOfRobotsOnWhiteSite
16368,31,13
timeStep,numberOfRobotsOnBlackSite,numberOfRobotsOnWhiteSite
16369,31,13
timeStep,numberOfRobotsOnBlackSite,numberOfRobotsOnWhiteSite
16370,31,13
timeStep,numberOfRobotsOnBlackSite,numberOfRobotsOnWhiteSite
16371,31,13
timeStep,numberOfRobotsOnBlackSite,numberOfRobotsOnWhiteSite
16372,31,13
timeStep,numberOfRobotsOnBlackSite,numberOfRobotsOnWhiteSite
16373,31,13
timeStep,numberOfRobotsOnBlackSite,numberOfRobotsOnWhiteSite
16374,31,13
timeStep,numberOfRobotsOnBlackSite,numberOfRobotsOnWhiteSite
16375,31,13
timeStep,numberOfRobotsOnBlackSite,numberOfRobotsOnWhiteSite
16376,31,13
timeStep,numberOfRobotsOnBlackSite,numberOfRobotsOnWhiteSite
16377,31,13
timeStep,numberOfRobotsOnBlackSite,numberOfRobotsOnWhiteSite
16378,31,13
timeStep,numberOfRobotsOnBlackSite,numberOfRobotsOnWhiteSite
16379,31,13
timeStep,numberOfRobotsOnBlackSite,numberOfRobotsOnWhiteSite
16380,31,12
timeStep,numberOfRobotsOnBlackSite,numberOfRobotsOnWhiteSite
16381,31,12
timeStep,numberOfRobotsOnBlackSite,numberOfRobotsOnWhiteSite
16382,31,12
timeStep,numberOfRobotsOnBlackSite,numberOfRobotsOnWhiteSite
16383,31,12
timeStep,numberOfRobotsOnBlackSite,numberOfRobotsOnWhiteSite
16384,31,12
timeStep,numberOfRobotsOnBlackSite,numberOfRobotsOnWhiteSite
16385,31,12
timeStep,numberOfRobotsOnBlackSite,numberOfRobotsOnWhiteSite
16386,31,12
timeStep,numberOfRobotsOnBlackSite,numberOfRobotsOnWhiteSite
16387,31,12
timeStep,numberOfRobotsOnBlackSite,numberOfRobotsOnWhiteSite
16388,31,12
timeStep,numberOfRobotsOnBlackSite,numberOfRobotsOnWhiteSite
16389,31,12
timeStep,numberOfRobotsOnBlackSite,numberOfRobotsOnWhiteSite
16390,31,12
timeStep,numberOfRobotsOnBlackSite,numberOfRobotsOnWhiteSite
16391,31,12
timeStep,numberOfRobotsOnBlackSite,numberOfRobotsOnWhiteSite
16392,31,12
timeStep,numberOfRobotsOnBlackSite,numberOfRobotsOnWhiteSite
16393,31,12
timeStep,numberOfRobotsOnBlackSite,numberOfRobotsOnWhiteSite
16394,31,12
timeStep,numberOfRobotsOnBlackSite,numberOfRobotsOnWhiteSite
16395,31,12
timeStep,numberOfRobotsOnBlackSite,numberOfRobotsOnWhiteSite
16396,31,12
timeStep,numberOfRobotsOnBlackSite,numberOfRobotsOnWhiteSite
16397,31,12
timeStep,numberOfRobotsOnBlackSite,numberOfRobotsOnWhiteSite
16398,31,12
timeStep,numberOfRobotsOnBlackSite,numberOfRobotsOnWhiteSite
16399,31,12
timeStep,numberOfRobotsOnBlackSite,numberOfRobotsOnWhiteSite
16400,31,12
timeStep,numberOfRobotsOnBlackSite,numberOfRobotsOnWhiteSite
16401,31,12
timeStep,numberOfRobotsOnBlackSite,numberOfRobotsOnWhiteSite
16402,31,12
timeStep,numberOfRobotsOnBlackSite,numberOfRobotsOnWhiteSite
16403,31,12
timeStep,numberOfRobotsOnBlackSite,numberOfRobotsOnWhiteSite
16404,31,12
timeStep,numberOfRobotsOnBlackSite,numberOfRobotsOnWhiteSite
16405,31,12
timeStep,numberOfRobotsOnBlackSite,numberOfRobotsOnWhiteSite
16406,31,12
timeStep,numberOfRobotsOnBlackSite,numberOfRobotsOnWhiteSite
16407,31,12
timeStep,numberOfRobotsOnBlackSite,numberOfRobotsOnWhiteSite
16408,31,12
timeStep,numberOfRobotsOnBlackSite,numberOfRobotsOnWhiteSite
16409,31,12
timeStep,numberOfRobotsOnBlackSite,numberOfRobotsOnWhiteSite
16410,31,13
timeStep,numberOfRobotsOnBlackSite,numberOfRobotsOnWhiteSite
16411,31,13
timeStep,numberOfRobotsOnBlackSite,numberOfRobotsOnWhiteSite
16412,31,13
timeStep,numberOfRobotsOnBlackSite,numberOfRobotsOnWhiteSite
16413,31,13
timeStep,numberOfRobotsOnBlackSite,numberOfRobotsOnWhiteSite
16414,31,13
timeStep,numberOfRobotsOnBlackSite,numberOfRobotsOnWhiteSite
16415,31,13
timeStep,numberOfRobotsOnBlackSite,numberOfRobotsOnWhiteSite
16416,31,13
timeStep,numberOfRobotsOnBlackSite,numberOfRobotsOnWhiteSite
16417,31,13
timeStep,numberOfRobotsOnBlackSite,numberOfRobotsOnWhiteSite
16418,31,13
timeStep,numberOfRobotsOnBlackSite,numberOfRobotsOnWhiteSite
16419,31,13
timeStep,numberOfRobotsOnBlackSite,numberOfRobotsOnWhiteSite
16420,31,13
timeStep,numberOfRobotsOnBlackSite,numberOfRobotsOnWhiteSite
16421,31,13
timeStep,numberOfRobotsOnBlackSite,numberOfRobotsOnWhiteSite
16422,31,13
timeStep,numberOfRobotsOnBlackSite,numberOfRobotsOnWhiteSite
16423,31,13
timeStep,numberOfRobotsOnBlackSite,numberOfRobotsOnWhiteSite
16424,31,13
timeStep,numberOfRobotsOnBlackSite,numberOfRobotsOnWhiteSite
16425,31,12
timeStep,numberOfRobotsOnBlackSite,numberOfRobotsOnWhiteSite
16426,31,12
timeStep,numberOfRobotsOnBlackSite,numberOfRobotsOnWhiteSite
16427,31,12
timeStep,numberOfRobotsOnBlackSite,numberOfRobotsOnWhiteSite
16428,31,12
timeStep,numberOfRobotsOnBlackSite,numberOfRobotsOnWhiteSite
16429,31,12
timeStep,numberOfRobotsOnBlackSite,numberOfRobotsOnWhiteSite
16430,31,12
timeStep,numberOfRobotsOnBlackSite,numberOfRobotsOnWhiteSite
16431,31,12
timeStep,numberOfRobotsOnBlackSite,numberOfRobotsOnWhiteSite
16432,31,12
timeStep,numberOfRobotsOnBlackSite,numberOfRobotsOnWhiteSite
16433,31,12
timeStep,numberOfRobotsOnBlackSite,numberOfRobotsOnWhiteSite
16434,31,12
timeStep,numberOfRobotsOnBlackSite,numberOfRobotsOnWhiteSite
16435,31,12
timeStep,numberOfRobotsOnBlackSite,numberOfRobotsOnWhiteSite
16436,31,12
timeStep,numberOfRobotsOnBlackSite,numberOfRobotsOnWhiteSite
16437,31,12
timeStep,numberOfRobotsOnBlackSite,numberOfRobotsOnWhiteSite
16438,31,12
timeStep,numberOfRobotsOnBlackSite,numberOfRobotsOnWhiteSite
16439,31,12
timeStep,numberOfRobotsOnBlackSite,numberOfRobotsOnWhiteSite
16440,31,12
timeStep,numberOfRobotsOnBlackSite,numberOfRobotsOnWhiteSite
16441,31,12
timeStep,numberOfRobotsOnBlackSite,numberOfRobotsOnWhiteSite
16442,31,12
timeStep,numberOfRobotsOnBlackSite,numberOfRobotsOnWhiteSite
16443,31,12
timeStep,numberOfRobotsOnBlackSite,numberOfRobotsOnWhiteSite
16444,31,12
timeStep,numberOfRobotsOnBlackSite,numberOfRobotsOnWhiteSite
16445,31,12
timeStep,numberOfRobotsOnBlackSite,numberOfRobotsOnWhiteSite
16446,31,12
timeStep,numberOfRobotsOnBlackSite,numberOfRobotsOnWhiteSite
16447,31,12
timeStep,numberOfRobotsOnBlackSite,numberOfRobotsOnWhiteSite
16448,31,12
timeStep,numberOfRobotsOnBlackSite,numberOfRobotsOnWhiteSite
16449,31,12
timeStep,numberOfRobotsOnBlackSite,numberOfRobotsOnWhiteSite
16450,31,12
timeStep,numberOfRobotsOnBlackSite,numberOfRobotsOnWhiteSite
16451,31,12
timeStep,numberOfRobotsOnBlackSite,numberOfRobotsOnWhiteSite
16452,31,12
timeStep,numberOfRobotsOnBlackSite,numberOfRobotsOnWhiteSite
16453,31,12
timeStep,numberOfRobotsOnBlackSite,numberOfRobotsOnWhiteSite
16454,31,12
timeStep,numberOfRobotsOnBlackSite,numberOfRobotsOnWhiteSite
16455,31,12
timeStep,numberOfRobotsOnBlackSite,numberOfRobotsOnWhiteSite
16456,31,12
timeStep,numberOfRobotsOnBlackSite,numberOfRobotsOnWhiteSite
16457,31,12
timeStep,numberOfRobotsOnBlackSite,numberOfRobotsOnWhiteSite
16458,31,12
timeStep,numberOfRobotsOnBlackSite,numberOfRobotsOnWhiteSite
16459,31,12
timeStep,numberOfRobotsOnBlackSite,numberOfRobotsOnWhiteSite
16460,31,12
timeStep,numberOfRobotsOnBlackSite,numberOfRobotsOnWhiteSite
16461,31,12
timeStep,numberOfRobotsOnBlackSite,numberOfRobotsOnWhiteSite
16462,31,12
timeStep,numberOfRobotsOnBlackSite,numberOfRobotsOnWhiteSite
16463,31,12
timeStep,numberOfRobotsOnBlackSite,numberOfRobotsOnWhiteSite
16464,31,12
timeStep,numberOfRobotsOnBlackSite,numberOfRobotsOnWhiteSite
16465,31,12
timeStep,numberOfRobotsOnBlackSite,numberOfRobotsOnWhiteSite
16466,31,12
timeStep,numberOfRobotsOnBlackSite,numberOfRobotsOnWhiteSite
16467,31,12
timeStep,numberOfRobotsOnBlackSite,numberOfRobotsOnWhiteSite
16468,31,12
timeStep,numberOfRobotsOnBlackSite,numberOfRobotsOnWhiteSite
16469,31,12
timeStep,numberOfRobotsOnBlackSite,numberOfRobotsOnWhiteSite
16470,31,12
timeStep,numberOfRobotsOnBlackSite,numberOfRobotsOnWhiteSite
16471,31,12
timeStep,numberOfRobotsOnBlackSite,numberOfRobotsOnWhiteSite
16472,31,12
timeStep,numberOfRobotsOnBlackSite,numberOfRobotsOnWhiteSite
16473,31,12
timeStep,numberOfRobotsOnBlackSite,numberOfRobotsOnWhiteSite
16474,31,12
timeStep,numberOfRobotsOnBlackSite,numberOfRobotsOnWhiteSite
16475,31,12
timeStep,numberOfRobotsOnBlackSite,numberOfRobotsOnWhiteSite
16476,31,12
timeStep,numberOfRobotsOnBlackSite,numberOfRobotsOnWhiteSite
16477,31,12
timeStep,numberOfRobotsOnBlackSite,numberOfRobotsOnWhiteSite
16478,31,12
timeStep,numberOfRobotsOnBlackSite,numberOfRobotsOnWhiteSite
16479,31,12
timeStep,numberOfRobotsOnBlackSite,numberOfRobotsOnWhiteSite
16480,31,11
timeStep,numberOfRobotsOnBlackSite,numberOfRobotsOnWhiteSite
16481,31,11
timeStep,numberOfRobotsOnBlackSite,numberOfRobotsOnWhiteSite
16482,31,11
timeStep,numberOfRobotsOnBlackSite,numberOfRobotsOnWhiteSite
16483,31,11
timeStep,numberOfRobotsOnBlackSite,numberOfRobotsOnWhiteSite
16484,31,11
timeStep,numberOfRobotsOnBlackSite,numberOfRobotsOnWhiteSite
16485,31,12
timeStep,numberOfRobotsOnBlackSite,numberOfRobotsOnWhiteSite
16486,31,12
timeStep,numberOfRobotsOnBlackSite,numberOfRobotsOnWhiteSite
16487,31,12
timeStep,numberOfRobotsOnBlackSite,numberOfRobotsOnWhiteSite
16488,31,12
timeStep,numberOfRobotsOnBlackSite,numberOfRobotsOnWhiteSite
16489,31,12
timeStep,numberOfRobotsOnBlackSite,numberOfRobotsOnWhiteSite
16490,31,12
timeStep,numberOfRobotsOnBlackSite,numberOfRobotsOnWhiteSite
16491,31,12
timeStep,numberOfRobotsOnBlackSite,numberOfRobotsOnWhiteSite
16492,31,12
timeStep,numberOfRobotsOnBlackSite,numberOfRobotsOnWhiteSite
16493,31,12
timeStep,numberOfRobotsOnBlackSite,numberOfRobotsOnWhiteSite
16494,31,12
timeStep,numberOfRobotsOnBlackSite,numberOfRobotsOnWhiteSite
16495,31,12
timeStep,numberOfRobotsOnBlackSite,numberOfRobotsOnWhiteSite
16496,31,12
timeStep,numberOfRobotsOnBlackSite,numberOfRobotsOnWhiteSite
16497,31,12
timeStep,numberOfRobotsOnBlackSite,numberOfRobotsOnWhiteSite
16498,31,12
timeStep,numberOfRobotsOnBlackSite,numberOfRobotsOnWhiteSite
16499,31,12
timeStep,numberOfRobotsOnBlackSite,numberOfRobotsOnWhiteSite
16500,31,12
timeStep,numberOfRobotsOnBlackSite,numberOfRobotsOnWhiteSite
16501,31,12
timeStep,numberOfRobotsOnBlackSite,numberOfRobotsOnWhiteSite
16502,31,12
timeStep,numberOfRobotsOnBlackSite,numberOfRobotsOnWhiteSite
16503,31,12
timeStep,numberOfRobotsOnBlackSite,numberOfRobotsOnWhiteSite
16504,31,12
timeStep,numberOfRobotsOnBlackSite,numberOfRobotsOnWhiteSite
16505,31,12
timeStep,numberOfRobotsOnBlackSite,numberOfRobotsOnWhiteSite
16506,31,12
timeStep,numberOfRobotsOnBlackSite,numberOfRobotsOnWhiteSite
16507,31,12
timeStep,numberOfRobotsOnBlackSite,numberOfRobotsOnWhiteSite
16508,31,12
timeStep,numberOfRobotsOnBlackSite,numberOfRobotsOnWhiteSite
16509,31,12
timeStep,numberOfRobotsOnBlackSite,numberOfRobotsOnWhiteSite
16510,31,12
timeStep,numberOfRobotsOnBlackSite,numberOfRobotsOnWhiteSite
16511,31,12
timeStep,numberOfRobotsOnBlackSite,numberOfRobotsOnWhiteSite
16512,31,12
timeStep,numberOfRobotsOnBlackSite,numberOfRobotsOnWhiteSite
16513,31,12
timeStep,numberOfRobotsOnBlackSite,numberOfRobotsOnWhiteSite
16514,31,12
timeStep,numberOfRobotsOnBlackSite,numberOfRobotsOnWhiteSite
16515,31,12
timeStep,numberOfRobotsOnBlackSite,numberOfRobotsOnWhiteSite
16516,31,12
timeStep,numberOfRobotsOnBlackSite,numberOfRobotsOnWhiteSite
16517,31,12
timeStep,numberOfRobotsOnBlackSite,numberOfRobotsOnWhiteSite
16518,31,12
timeStep,numberOfRobotsOnBlackSite,numberOfRobotsOnWhiteSite
16519,31,12
timeStep,numberOfRobotsOnBlackSite,numberOfRobotsOnWhiteSite
16520,31,12
timeStep,numberOfRobotsOnBlackSite,numberOfRobotsOnWhiteSite
16521,31,12
timeStep,numberOfRobotsOnBlackSite,numberOfRobotsOnWhiteSite
16522,31,12
timeStep,numberOfRobotsOnBlackSite,numberOfRobotsOnWhiteSite
16523,31,12
timeStep,numberOfRobotsOnBlackSite,numberOfRobotsOnWhiteSite
16524,31,12
timeStep,numberOfRobotsOnBlackSite,numberOfRobotsOnWhiteSite
16525,31,12
timeStep,numberOfRobotsOnBlackSite,numberOfRobotsOnWhiteSite
16526,31,12
timeStep,numberOfRobotsOnBlackSite,numberOfRobotsOnWhiteSite
16527,31,12
timeStep,numberOfRobotsOnBlackSite,numberOfRobotsOnWhiteSite
16528,31,12
timeStep,numberOfRobotsOnBlackSite,numberOfRobotsOnWhiteSite
16529,31,12
timeStep,numberOfRobotsOnBlackSite,numberOfRobotsOnWhiteSite
16530,31,12
timeStep,numberOfRobotsOnBlackSite,numberOfRobotsOnWhiteSite
16531,31,12
timeStep,numberOfRobotsOnBlackSite,numberOfRobotsOnWhiteSite
16532,31,12
timeStep,numberOfRobotsOnBlackSite,numberOfRobotsOnWhiteSite
16533,31,12
timeStep,numberOfRobotsOnBlackSite,numberOfRobotsOnWhiteSite
16534,31,12
timeStep,numberOfRobotsOnBlackSite,numberOfRobotsOnWhiteSite
16535,31,12
timeStep,numberOfRobotsOnBlackSite,numberOfRobotsOnWhiteSite
16536,31,12
timeStep,numberOfRobotsOnBlackSite,numberOfRobotsOnWhiteSite
16537,31,12
timeStep,numberOfRobotsOnBlackSite,numberOfRobotsOnWhiteSite
16538,31,12
timeStep,numberOfRobotsOnBlackSite,numberOfRobotsOnWhiteSite
16539,31,12
timeStep,numberOfRobotsOnBlackSite,numberOfRobotsOnWhiteSite
16540,31,12
timeStep,numberOfRobotsOnBlackSite,numberOfRobotsOnWhiteSite
16541,31,12
timeStep,numberOfRobotsOnBlackSite,numberOfRobotsOnWhiteSite
16542,31,12
timeStep,numberOfRobotsOnBlackSite,numberOfRobotsOnWhiteSite
16543,31,12
timeStep,numberOfRobotsOnBlackSite,numberOfRobotsOnWhiteSite
16544,31,12
timeStep,numberOfRobotsOnBlackSite,numberOfRobotsOnWhiteSite
16545,31,12
timeStep,numberOfRobotsOnBlackSite,numberOfRobotsOnWhiteSite
16546,31,12
timeStep,numberOfRobotsOnBlackSite,numberOfRobotsOnWhiteSite
16547,31,12
timeStep,numberOfRobotsOnBlackSite,numberOfRobotsOnWhiteSite
16548,31,12
timeStep,numberOfRobotsOnBlackSite,numberOfRobotsOnWhiteSite
16549,31,12
timeStep,numberOfRobotsOnBlackSite,numberOfRobotsOnWhiteSite
16550,31,12
timeStep,numberOfRobotsOnBlackSite,numberOfRobotsOnWhiteSite
16551,31,12
timeStep,numberOfRobotsOnBlackSite,numberOfRobotsOnWhiteSite
16552,31,12
timeStep,numberOfRobotsOnBlackSite,numberOfRobotsOnWhiteSite
16553,31,12
timeStep,numberOfRobotsOnBlackSite,numberOfRobotsOnWhiteSite
16554,31,12
timeStep,numberOfRobotsOnBlackSite,numberOfRobotsOnWhiteSite
16555,31,12
timeStep,numberOfRobotsOnBlackSite,numberOfRobotsOnWhiteSite
16556,31,12
timeStep,numberOfRobotsOnBlackSite,numberOfRobotsOnWhiteSite
16557,31,12
timeStep,numberOfRobotsOnBlackSite,numberOfRobotsOnWhiteSite
16558,31,12
timeStep,numberOfRobotsOnBlackSite,numberOfRobotsOnWhiteSite
16559,31,12
timeStep,numberOfRobotsOnBlackSite,numberOfRobotsOnWhiteSite
16560,31,12
timeStep,numberOfRobotsOnBlackSite,numberOfRobotsOnWhiteSite
16561,31,12
timeStep,numberOfRobotsOnBlackSite,numberOfRobotsOnWhiteSite
16562,31,12
timeStep,numberOfRobotsOnBlackSite,numberOfRobotsOnWhiteSite
16563,31,12
timeStep,numberOfRobotsOnBlackSite,numberOfRobotsOnWhiteSite
16564,31,12
timeStep,numberOfRobotsOnBlackSite,numberOfRobotsOnWhiteSite
16565,31,12
timeStep,numberOfRobotsOnBlackSite,numberOfRobotsOnWhiteSite
16566,31,12
timeStep,numberOfRobotsOnBlackSite,numberOfRobotsOnWhiteSite
16567,31,12
timeStep,numberOfRobotsOnBlackSite,numberOfRobotsOnWhiteSite
16568,31,12
timeStep,numberOfRobotsOnBlackSite,numberOfRobotsOnWhiteSite
16569,31,12
timeStep,numberOfRobotsOnBlackSite,numberOfRobotsOnWhiteSite
16570,31,12
timeStep,numberOfRobotsOnBlackSite,numberOfRobotsOnWhiteSite
16571,31,12
timeStep,numberOfRobotsOnBlackSite,numberOfRobotsOnWhiteSite
16572,31,12
timeStep,numberOfRobotsOnBlackSite,numberOfRobotsOnWhiteSite
16573,31,12
timeStep,numberOfRobotsOnBlackSite,numberOfRobotsOnWhiteSite
16574,31,12
timeStep,numberOfRobotsOnBlackSite,numberOfRobotsOnWhiteSite
16575,31,12
timeStep,numberOfRobotsOnBlackSite,numberOfRobotsOnWhiteSite
16576,31,12
timeStep,numberOfRobotsOnBlackSite,numberOfRobotsOnWhiteSite
16577,31,12
timeStep,numberOfRobotsOnBlackSite,numberOfRobotsOnWhiteSite
16578,31,12
timeStep,numberOfRobotsOnBlackSite,numberOfRobotsOnWhiteSite
16579,31,12
timeStep,numberOfRobotsOnBlackSite,numberOfRobotsOnWhiteSite
16580,31,12
timeStep,numberOfRobotsOnBlackSite,numberOfRobotsOnWhiteSite
16581,31,12
timeStep,numberOfRobotsOnBlackSite,numberOfRobotsOnWhiteSite
16582,31,12
timeStep,numberOfRobotsOnBlackSite,numberOfRobotsOnWhiteSite
16583,31,12
timeStep,numberOfRobotsOnBlackSite,numberOfRobotsOnWhiteSite
16584,31,12
timeStep,numberOfRobotsOnBlackSite,numberOfRobotsOnWhiteSite
16585,31,12
timeStep,numberOfRobotsOnBlackSite,numberOfRobotsOnWhiteSite
16586,31,12
timeStep,numberOfRobotsOnBlackSite,numberOfRobotsOnWhiteSite
16587,31,12
timeStep,numberOfRobotsOnBlackSite,numberOfRobotsOnWhiteSite
16588,31,12
timeStep,numberOfRobotsOnBlackSite,numberOfRobotsOnWhiteSite
16589,31,12
timeStep,numberOfRobotsOnBlackSite,numberOfRobotsOnWhiteSite
16590,31,12
timeStep,numberOfRobotsOnBlackSite,numberOfRobotsOnWhiteSite
16591,31,12
timeStep,numberOfRobotsOnBlackSite,numberOfRobotsOnWhiteSite
16592,31,12
timeStep,numberOfRobotsOnBlackSite,numberOfRobotsOnWhiteSite
16593,31,12
timeStep,numberOfRobotsOnBlackSite,numberOfRobotsOnWhiteSite
16594,31,12
timeStep,numberOfRobotsOnBlackSite,numberOfRobotsOnWhiteSite
16595,31,12
timeStep,numberOfRobotsOnBlackSite,numberOfRobotsOnWhiteSite
16596,31,12
timeStep,numberOfRobotsOnBlackSite,numberOfRobotsOnWhiteSite
16597,31,12
timeStep,numberOfRobotsOnBlackSite,numberOfRobotsOnWhiteSite
16598,31,12
timeStep,numberOfRobotsOnBlackSite,numberOfRobotsOnWhiteSite
16599,31,12
timeStep,numberOfRobotsOnBlackSite,numberOfRobotsOnWhiteSite
16600,31,12
timeStep,numberOfRobotsOnBlackSite,numberOfRobotsOnWhiteSite
16601,31,12
timeStep,numberOfRobotsOnBlackSite,numberOfRobotsOnWhiteSite
16602,31,12
timeStep,numberOfRobotsOnBlackSite,numberOfRobotsOnWhiteSite
16603,31,12
timeStep,numberOfRobotsOnBlackSite,numberOfRobotsOnWhiteSite
16604,31,12
timeStep,numberOfRobotsOnBlackSite,numberOfRobotsOnWhiteSite
16605,31,12
timeStep,numberOfRobotsOnBlackSite,numberOfRobotsOnWhiteSite
16606,31,12
timeStep,numberOfRobotsOnBlackSite,numberOfRobotsOnWhiteSite
16607,31,12
timeStep,numberOfRobotsOnBlackSite,numberOfRobotsOnWhiteSite
16608,31,12
timeStep,numberOfRobotsOnBlackSite,numberOfRobotsOnWhiteSite
16609,31,12
timeStep,numberOfRobotsOnBlackSite,numberOfRobotsOnWhiteSite
16610,31,12
timeStep,numberOfRobotsOnBlackSite,numberOfRobotsOnWhiteSite
16611,31,12
timeStep,numberOfRobotsOnBlackSite,numberOfRobotsOnWhiteSite
16612,31,12
timeStep,numberOfRobotsOnBlackSite,numberOfRobotsOnWhiteSite
16613,31,12
timeStep,numberOfRobotsOnBlackSite,numberOfRobotsOnWhiteSite
16614,31,12
timeStep,numberOfRobotsOnBlackSite,numberOfRobotsOnWhiteSite
16615,31,12
timeStep,numberOfRobotsOnBlackSite,numberOfRobotsOnWhiteSite
16616,31,12
timeStep,numberOfRobotsOnBlackSite,numberOfRobotsOnWhiteSite
16617,31,12
timeStep,numberOfRobotsOnBlackSite,numberOfRobotsOnWhiteSite
16618,31,12
timeStep,numberOfRobotsOnBlackSite,numberOfRobotsOnWhiteSite
16619,31,12
timeStep,numberOfRobotsOnBlackSite,numberOfRobotsOnWhiteSite
16620,31,12
timeStep,numberOfRobotsOnBlackSite,numberOfRobotsOnWhiteSite
16621,31,12
timeStep,numberOfRobotsOnBlackSite,numberOfRobotsOnWhiteSite
16622,31,12
timeStep,numberOfRobotsOnBlackSite,numberOfRobotsOnWhiteSite
16623,31,12
timeStep,numberOfRobotsOnBlackSite,numberOfRobotsOnWhiteSite
16624,31,12
timeStep,numberOfRobotsOnBlackSite,numberOfRobotsOnWhiteSite
16625,31,12
timeStep,numberOfRobotsOnBlackSite,numberOfRobotsOnWhiteSite
16626,31,12
timeStep,numberOfRobotsOnBlackSite,numberOfRobotsOnWhiteSite
16627,31,12
timeStep,numberOfRobotsOnBlackSite,numberOfRobotsOnWhiteSite
16628,31,12
timeStep,numberOfRobotsOnBlackSite,numberOfRobotsOnWhiteSite
16629,31,12
timeStep,numberOfRobotsOnBlackSite,numberOfRobotsOnWhiteSite
16630,31,12
timeStep,numberOfRobotsOnBlackSite,numberOfRobotsOnWhiteSite
16631,31,12
timeStep,numberOfRobotsOnBlackSite,numberOfRobotsOnWhiteSite
16632,31,12
timeStep,numberOfRobotsOnBlackSite,numberOfRobotsOnWhiteSite
16633,31,12
timeStep,numberOfRobotsOnBlackSite,numberOfRobotsOnWhiteSite
16634,31,12
timeStep,numberOfRobotsOnBlackSite,numberOfRobotsOnWhiteSite
16635,31,12
timeStep,numberOfRobotsOnBlackSite,numberOfRobotsOnWhiteSite
16636,31,12
timeStep,numberOfRobotsOnBlackSite,numberOfRobotsOnWhiteSite
16637,31,12
timeStep,numberOfRobotsOnBlackSite,numberOfRobotsOnWhiteSite
16638,31,12
timeStep,numberOfRobotsOnBlackSite,numberOfRobotsOnWhiteSite
16639,31,12
timeStep,numberOfRobotsOnBlackSite,numberOfRobotsOnWhiteSite
16640,31,12
timeStep,numberOfRobotsOnBlackSite,numberOfRobotsOnWhiteSite
16641,31,12
timeStep,numberOfRobotsOnBlackSite,numberOfRobotsOnWhiteSite
16642,31,12
timeStep,numberOfRobotsOnBlackSite,numberOfRobotsOnWhiteSite
16643,31,12
timeStep,numberOfRobotsOnBlackSite,numberOfRobotsOnWhiteSite
16644,31,12
timeStep,numberOfRobotsOnBlackSite,numberOfRobotsOnWhiteSite
16645,31,12
timeStep,numberOfRobotsOnBlackSite,numberOfRobotsOnWhiteSite
16646,31,12
timeStep,numberOfRobotsOnBlackSite,numberOfRobotsOnWhiteSite
16647,31,12
timeStep,numberOfRobotsOnBlackSite,numberOfRobotsOnWhiteSite
16648,31,12
timeStep,numberOfRobotsOnBlackSite,numberOfRobotsOnWhiteSite
16649,31,12
timeStep,numberOfRobotsOnBlackSite,numberOfRobotsOnWhiteSite
16650,31,12
timeStep,numberOfRobotsOnBlackSite,numberOfRobotsOnWhiteSite
16651,31,12
timeStep,numberOfRobotsOnBlackSite,numberOfRobotsOnWhiteSite
16652,31,12
timeStep,numberOfRobotsOnBlackSite,numberOfRobotsOnWhiteSite
16653,31,12
timeStep,numberOfRobotsOnBlackSite,numberOfRobotsOnWhiteSite
16654,31,12
timeStep,numberOfRobotsOnBlackSite,numberOfRobotsOnWhiteSite
16655,31,13
timeStep,numberOfRobotsOnBlackSite,numberOfRobotsOnWhiteSite
16656,31,13
timeStep,numberOfRobotsOnBlackSite,numberOfRobotsOnWhiteSite
16657,31,13
timeStep,numberOfRobotsOnBlackSite,numberOfRobotsOnWhiteSite
16658,31,13
timeStep,numberOfRobotsOnBlackSite,numberOfRobotsOnWhiteSite
16659,31,13
timeStep,numberOfRobotsOnBlackSite,numberOfRobotsOnWhiteSite
16660,31,13
timeStep,numberOfRobotsOnBlackSite,numberOfRobotsOnWhiteSite
16661,31,13
timeStep,numberOfRobotsOnBlackSite,numberOfRobotsOnWhiteSite
16662,31,13
timeStep,numberOfRobotsOnBlackSite,numberOfRobotsOnWhiteSite
16663,31,13
timeStep,numberOfRobotsOnBlackSite,numberOfRobotsOnWhiteSite
16664,31,13
timeStep,numberOfRobotsOnBlackSite,numberOfRobotsOnWhiteSite
16665,31,13
timeStep,numberOfRobotsOnBlackSite,numberOfRobotsOnWhiteSite
16666,31,13
timeStep,numberOfRobotsOnBlackSite,numberOfRobotsOnWhiteSite
16667,31,13
timeStep,numberOfRobotsOnBlackSite,numberOfRobotsOnWhiteSite
16668,31,13
timeStep,numberOfRobotsOnBlackSite,numberOfRobotsOnWhiteSite
16669,31,13
timeStep,numberOfRobotsOnBlackSite,numberOfRobotsOnWhiteSite
16670,31,13
timeStep,numberOfRobotsOnBlackSite,numberOfRobotsOnWhiteSite
16671,31,13
timeStep,numberOfRobotsOnBlackSite,numberOfRobotsOnWhiteSite
16672,31,13
timeStep,numberOfRobotsOnBlackSite,numberOfRobotsOnWhiteSite
16673,31,13
timeStep,numberOfRobotsOnBlackSite,numberOfRobotsOnWhiteSite
16674,31,13
timeStep,numberOfRobotsOnBlackSite,numberOfRobotsOnWhiteSite
16675,31,13
timeStep,numberOfRobotsOnBlackSite,numberOfRobotsOnWhiteSite
16676,31,13
timeStep,numberOfRobotsOnBlackSite,numberOfRobotsOnWhiteSite
16677,31,13
timeStep,numberOfRobotsOnBlackSite,numberOfRobotsOnWhiteSite
16678,31,13
timeStep,numberOfRobotsOnBlackSite,numberOfRobotsOnWhiteSite
16679,31,13
timeStep,numberOfRobotsOnBlackSite,numberOfRobotsOnWhiteSite
16680,31,13
timeStep,numberOfRobotsOnBlackSite,numberOfRobotsOnWhiteSite
16681,31,13
timeStep,numberOfRobotsOnBlackSite,numberOfRobotsOnWhiteSite
16682,31,13
timeStep,numberOfRobotsOnBlackSite,numberOfRobotsOnWhiteSite
16683,31,13
timeStep,numberOfRobotsOnBlackSite,numberOfRobotsOnWhiteSite
16684,31,13
timeStep,numberOfRobotsOnBlackSite,numberOfRobotsOnWhiteSite
16685,31,13
timeStep,numberOfRobotsOnBlackSite,numberOfRobotsOnWhiteSite
16686,31,13
timeStep,numberOfRobotsOnBlackSite,numberOfRobotsOnWhiteSite
16687,31,13
timeStep,numberOfRobotsOnBlackSite,numberOfRobotsOnWhiteSite
16688,31,13
timeStep,numberOfRobotsOnBlackSite,numberOfRobotsOnWhiteSite
16689,31,13
timeStep,numberOfRobotsOnBlackSite,numberOfRobotsOnWhiteSite
16690,31,13
timeStep,numberOfRobotsOnBlackSite,numberOfRobotsOnWhiteSite
16691,31,13
timeStep,numberOfRobotsOnBlackSite,numberOfRobotsOnWhiteSite
16692,31,13
timeStep,numberOfRobotsOnBlackSite,numberOfRobotsOnWhiteSite
16693,31,13
timeStep,numberOfRobotsOnBlackSite,numberOfRobotsOnWhiteSite
16694,31,13
timeStep,numberOfRobotsOnBlackSite,numberOfRobotsOnWhiteSite
16695,31,13
timeStep,numberOfRobotsOnBlackSite,numberOfRobotsOnWhiteSite
16696,31,13
timeStep,numberOfRobotsOnBlackSite,numberOfRobotsOnWhiteSite
16697,31,13
timeStep,numberOfRobotsOnBlackSite,numberOfRobotsOnWhiteSite
16698,31,13
timeStep,numberOfRobotsOnBlackSite,numberOfRobotsOnWhiteSite
16699,31,13
timeStep,numberOfRobotsOnBlackSite,numberOfRobotsOnWhiteSite
16700,31,13
timeStep,numberOfRobotsOnBlackSite,numberOfRobotsOnWhiteSite
16701,31,13
timeStep,numberOfRobotsOnBlackSite,numberOfRobotsOnWhiteSite
16702,31,13
timeStep,numberOfRobotsOnBlackSite,numberOfRobotsOnWhiteSite
16703,31,13
timeStep,numberOfRobotsOnBlackSite,numberOfRobotsOnWhiteSite
16704,31,13
timeStep,numberOfRobotsOnBlackSite,numberOfRobotsOnWhiteSite
16705,31,13
timeStep,numberOfRobotsOnBlackSite,numberOfRobotsOnWhiteSite
16706,31,13
timeStep,numberOfRobotsOnBlackSite,numberOfRobotsOnWhiteSite
16707,31,13
timeStep,numberOfRobotsOnBlackSite,numberOfRobotsOnWhiteSite
16708,31,13
timeStep,numberOfRobotsOnBlackSite,numberOfRobotsOnWhiteSite
16709,31,13
timeStep,numberOfRobotsOnBlackSite,numberOfRobotsOnWhiteSite
16710,31,13
timeStep,numberOfRobotsOnBlackSite,numberOfRobotsOnWhiteSite
16711,31,13
timeStep,numberOfRobotsOnBlackSite,numberOfRobotsOnWhiteSite
16712,31,13
timeStep,numberOfRobotsOnBlackSite,numberOfRobotsOnWhiteSite
16713,31,13
timeStep,numberOfRobotsOnBlackSite,numberOfRobotsOnWhiteSite
16714,31,13
timeStep,numberOfRobotsOnBlackSite,numberOfRobotsOnWhiteSite
16715,31,13
timeStep,numberOfRobotsOnBlackSite,numberOfRobotsOnWhiteSite
16716,31,13
timeStep,numberOfRobotsOnBlackSite,numberOfRobotsOnWhiteSite
16717,31,13
timeStep,numberOfRobotsOnBlackSite,numberOfRobotsOnWhiteSite
16718,31,13
timeStep,numberOfRobotsOnBlackSite,numberOfRobotsOnWhiteSite
16719,31,13
timeStep,numberOfRobotsOnBlackSite,numberOfRobotsOnWhiteSite
16720,31,13
timeStep,numberOfRobotsOnBlackSite,numberOfRobotsOnWhiteSite
16721,31,13
timeStep,numberOfRobotsOnBlackSite,numberOfRobotsOnWhiteSite
16722,31,13
timeStep,numberOfRobotsOnBlackSite,numberOfRobotsOnWhiteSite
16723,31,13
timeStep,numberOfRobotsOnBlackSite,numberOfRobotsOnWhiteSite
16724,31,13
timeStep,numberOfRobotsOnBlackSite,numberOfRobotsOnWhiteSite
16725,31,12
timeStep,numberOfRobotsOnBlackSite,numberOfRobotsOnWhiteSite
16726,31,12
timeStep,numberOfRobotsOnBlackSite,numberOfRobotsOnWhiteSite
16727,31,12
timeStep,numberOfRobotsOnBlackSite,numberOfRobotsOnWhiteSite
16728,31,12
timeStep,numberOfRobotsOnBlackSite,numberOfRobotsOnWhiteSite
16729,31,12
timeStep,numberOfRobotsOnBlackSite,numberOfRobotsOnWhiteSite
16730,31,12
timeStep,numberOfRobotsOnBlackSite,numberOfRobotsOnWhiteSite
16731,31,12
timeStep,numberOfRobotsOnBlackSite,numberOfRobotsOnWhiteSite
16732,31,12
timeStep,numberOfRobotsOnBlackSite,numberOfRobotsOnWhiteSite
16733,31,12
timeStep,numberOfRobotsOnBlackSite,numberOfRobotsOnWhiteSite
16734,31,12
timeStep,numberOfRobotsOnBlackSite,numberOfRobotsOnWhiteSite
16735,31,12
timeStep,numberOfRobotsOnBlackSite,numberOfRobotsOnWhiteSite
16736,31,12
timeStep,numberOfRobotsOnBlackSite,numberOfRobotsOnWhiteSite
16737,31,12
timeStep,numberOfRobotsOnBlackSite,numberOfRobotsOnWhiteSite
16738,31,12
timeStep,numberOfRobotsOnBlackSite,numberOfRobotsOnWhiteSite
16739,31,12
timeStep,numberOfRobotsOnBlackSite,numberOfRobotsOnWhiteSite
16740,31,12
timeStep,numberOfRobotsOnBlackSite,numberOfRobotsOnWhiteSite
16741,31,12
timeStep,numberOfRobotsOnBlackSite,numberOfRobotsOnWhiteSite
16742,31,12
timeStep,numberOfRobotsOnBlackSite,numberOfRobotsOnWhiteSite
16743,31,12
timeStep,numberOfRobotsOnBlackSite,numberOfRobotsOnWhiteSite
16744,31,12
timeStep,numberOfRobotsOnBlackSite,numberOfRobotsOnWhiteSite
16745,31,11
timeStep,numberOfRobotsOnBlackSite,numberOfRobotsOnWhiteSite
16746,31,11
timeStep,numberOfRobotsOnBlackSite,numberOfRobotsOnWhiteSite
16747,31,11
timeStep,numberOfRobotsOnBlackSite,numberOfRobotsOnWhiteSite
16748,31,11
timeStep,numberOfRobotsOnBlackSite,numberOfRobotsOnWhiteSite
16749,31,11
timeStep,numberOfRobotsOnBlackSite,numberOfRobotsOnWhiteSite
16750,31,11
timeStep,numberOfRobotsOnBlackSite,numberOfRobotsOnWhiteSite
16751,31,11
timeStep,numberOfRobotsOnBlackSite,numberOfRobotsOnWhiteSite
16752,31,11
timeStep,numberOfRobotsOnBlackSite,numberOfRobotsOnWhiteSite
16753,31,11
timeStep,numberOfRobotsOnBlackSite,numberOfRobotsOnWhiteSite
16754,31,11
timeStep,numberOfRobotsOnBlackSite,numberOfRobotsOnWhiteSite
16755,31,11
timeStep,numberOfRobotsOnBlackSite,numberOfRobotsOnWhiteSite
16756,31,11
timeStep,numberOfRobotsOnBlackSite,numberOfRobotsOnWhiteSite
16757,31,11
timeStep,numberOfRobotsOnBlackSite,numberOfRobotsOnWhiteSite
16758,31,11
timeStep,numberOfRobotsOnBlackSite,numberOfRobotsOnWhiteSite
16759,31,11
timeStep,numberOfRobotsOnBlackSite,numberOfRobotsOnWhiteSite
16760,31,12
timeStep,numberOfRobotsOnBlackSite,numberOfRobotsOnWhiteSite
16761,31,12
timeStep,numberOfRobotsOnBlackSite,numberOfRobotsOnWhiteSite
16762,31,12
timeStep,numberOfRobotsOnBlackSite,numberOfRobotsOnWhiteSite
16763,31,12
timeStep,numberOfRobotsOnBlackSite,numberOfRobotsOnWhiteSite
16764,31,12
timeStep,numberOfRobotsOnBlackSite,numberOfRobotsOnWhiteSite
16765,31,12
timeStep,numberOfRobotsOnBlackSite,numberOfRobotsOnWhiteSite
16766,31,12
timeStep,numberOfRobotsOnBlackSite,numberOfRobotsOnWhiteSite
16767,31,12
timeStep,numberOfRobotsOnBlackSite,numberOfRobotsOnWhiteSite
16768,31,12
timeStep,numberOfRobotsOnBlackSite,numberOfRobotsOnWhiteSite
16769,31,12
timeStep,numberOfRobotsOnBlackSite,numberOfRobotsOnWhiteSite
16770,31,12
timeStep,numberOfRobotsOnBlackSite,numberOfRobotsOnWhiteSite
16771,31,12
timeStep,numberOfRobotsOnBlackSite,numberOfRobotsOnWhiteSite
16772,31,12
timeStep,numberOfRobotsOnBlackSite,numberOfRobotsOnWhiteSite
16773,31,12
timeStep,numberOfRobotsOnBlackSite,numberOfRobotsOnWhiteSite
16774,31,12
timeStep,numberOfRobotsOnBlackSite,numberOfRobotsOnWhiteSite
16775,31,12
timeStep,numberOfRobotsOnBlackSite,numberOfRobotsOnWhiteSite
16776,31,12
timeStep,numberOfRobotsOnBlackSite,numberOfRobotsOnWhiteSite
16777,31,12
timeStep,numberOfRobotsOnBlackSite,numberOfRobotsOnWhiteSite
16778,31,12
timeStep,numberOfRobotsOnBlackSite,numberOfRobotsOnWhiteSite
16779,31,12
timeStep,numberOfRobotsOnBlackSite,numberOfRobotsOnWhiteSite
16780,31,12
timeStep,numberOfRobotsOnBlackSite,numberOfRobotsOnWhiteSite
16781,31,12
timeStep,numberOfRobotsOnBlackSite,numberOfRobotsOnWhiteSite
16782,31,12
timeStep,numberOfRobotsOnBlackSite,numberOfRobotsOnWhiteSite
16783,31,12
timeStep,numberOfRobotsOnBlackSite,numberOfRobotsOnWhiteSite
16784,31,12
timeStep,numberOfRobotsOnBlackSite,numberOfRobotsOnWhiteSite
16785,31,12
timeStep,numberOfRobotsOnBlackSite,numberOfRobotsOnWhiteSite
16786,31,12
timeStep,numberOfRobotsOnBlackSite,numberOfRobotsOnWhiteSite
16787,31,12
timeStep,numberOfRobotsOnBlackSite,numberOfRobotsOnWhiteSite
16788,31,12
timeStep,numberOfRobotsOnBlackSite,numberOfRobotsOnWhiteSite
16789,31,12
timeStep,numberOfRobotsOnBlackSite,numberOfRobotsOnWhiteSite
16790,31,12
timeStep,numberOfRobotsOnBlackSite,numberOfRobotsOnWhiteSite
16791,31,12
timeStep,numberOfRobotsOnBlackSite,numberOfRobotsOnWhiteSite
16792,31,12
timeStep,numberOfRobotsOnBlackSite,numberOfRobotsOnWhiteSite
16793,31,12
timeStep,numberOfRobotsOnBlackSite,numberOfRobotsOnWhiteSite
16794,31,12
timeStep,numberOfRobotsOnBlackSite,numberOfRobotsOnWhiteSite
16795,31,12
timeStep,numberOfRobotsOnBlackSite,numberOfRobotsOnWhiteSite
16796,31,12
timeStep,numberOfRobotsOnBlackSite,numberOfRobotsOnWhiteSite
16797,31,12
timeStep,numberOfRobotsOnBlackSite,numberOfRobotsOnWhiteSite
16798,31,12
timeStep,numberOfRobotsOnBlackSite,numberOfRobotsOnWhiteSite
16799,31,12
timeStep,numberOfRobotsOnBlackSite,numberOfRobotsOnWhiteSite
16800,31,12
timeStep,numberOfRobotsOnBlackSite,numberOfRobotsOnWhiteSite
16801,31,12
timeStep,numberOfRobotsOnBlackSite,numberOfRobotsOnWhiteSite
16802,31,12
timeStep,numberOfRobotsOnBlackSite,numberOfRobotsOnWhiteSite
16803,31,12
timeStep,numberOfRobotsOnBlackSite,numberOfRobotsOnWhiteSite
16804,31,12
timeStep,numberOfRobotsOnBlackSite,numberOfRobotsOnWhiteSite
16805,31,12
timeStep,numberOfRobotsOnBlackSite,numberOfRobotsOnWhiteSite
16806,31,12
timeStep,numberOfRobotsOnBlackSite,numberOfRobotsOnWhiteSite
16807,31,12
timeStep,numberOfRobotsOnBlackSite,numberOfRobotsOnWhiteSite
16808,31,12
timeStep,numberOfRobotsOnBlackSite,numberOfRobotsOnWhiteSite
16809,31,12
timeStep,numberOfRobotsOnBlackSite,numberOfRobotsOnWhiteSite
16810,31,12
timeStep,numberOfRobotsOnBlackSite,numberOfRobotsOnWhiteSite
16811,31,12
timeStep,numberOfRobotsOnBlackSite,numberOfRobotsOnWhiteSite
16812,31,12
timeStep,numberOfRobotsOnBlackSite,numberOfRobotsOnWhiteSite
16813,31,12
timeStep,numberOfRobotsOnBlackSite,numberOfRobotsOnWhiteSite
16814,31,12
timeStep,numberOfRobotsOnBlackSite,numberOfRobotsOnWhiteSite
16815,31,12
timeStep,numberOfRobotsOnBlackSite,numberOfRobotsOnWhiteSite
16816,31,12
timeStep,numberOfRobotsOnBlackSite,numberOfRobotsOnWhiteSite
16817,31,12
timeStep,numberOfRobotsOnBlackSite,numberOfRobotsOnWhiteSite
16818,31,12
timeStep,numberOfRobotsOnBlackSite,numberOfRobotsOnWhiteSite
16819,31,12
timeStep,numberOfRobotsOnBlackSite,numberOfRobotsOnWhiteSite
16820,31,12
timeStep,numberOfRobotsOnBlackSite,numberOfRobotsOnWhiteSite
16821,31,12
timeStep,numberOfRobotsOnBlackSite,numberOfRobotsOnWhiteSite
16822,31,12
timeStep,numberOfRobotsOnBlackSite,numberOfRobotsOnWhiteSite
16823,31,12
timeStep,numberOfRobotsOnBlackSite,numberOfRobotsOnWhiteSite
16824,31,12
timeStep,numberOfRobotsOnBlackSite,numberOfRobotsOnWhiteSite
16825,31,13
timeStep,numberOfRobotsOnBlackSite,numberOfRobotsOnWhiteSite
16826,31,13
timeStep,numberOfRobotsOnBlackSite,numberOfRobotsOnWhiteSite
16827,31,13
timeStep,numberOfRobotsOnBlackSite,numberOfRobotsOnWhiteSite
16828,31,13
timeStep,numberOfRobotsOnBlackSite,numberOfRobotsOnWhiteSite
16829,31,13
timeStep,numberOfRobotsOnBlackSite,numberOfRobotsOnWhiteSite
16830,31,13
timeStep,numberOfRobotsOnBlackSite,numberOfRobotsOnWhiteSite
16831,31,13
timeStep,numberOfRobotsOnBlackSite,numberOfRobotsOnWhiteSite
16832,31,13
timeStep,numberOfRobotsOnBlackSite,numberOfRobotsOnWhiteSite
16833,31,13
timeStep,numberOfRobotsOnBlackSite,numberOfRobotsOnWhiteSite
16834,31,13
timeStep,numberOfRobotsOnBlackSite,numberOfRobotsOnWhiteSite
16835,31,13
timeStep,numberOfRobotsOnBlackSite,numberOfRobotsOnWhiteSite
16836,31,13
timeStep,numberOfRobotsOnBlackSite,numberOfRobotsOnWhiteSite
16837,31,13
timeStep,numberOfRobotsOnBlackSite,numberOfRobotsOnWhiteSite
16838,31,13
timeStep,numberOfRobotsOnBlackSite,numberOfRobotsOnWhiteSite
16839,31,13
timeStep,numberOfRobotsOnBlackSite,numberOfRobotsOnWhiteSite
16840,31,13
timeStep,numberOfRobotsOnBlackSite,numberOfRobotsOnWhiteSite
16841,31,13
timeStep,numberOfRobotsOnBlackSite,numberOfRobotsOnWhiteSite
16842,31,13
timeStep,numberOfRobotsOnBlackSite,numberOfRobotsOnWhiteSite
16843,31,13
timeStep,numberOfRobotsOnBlackSite,numberOfRobotsOnWhiteSite
16844,31,13
timeStep,numberOfRobotsOnBlackSite,numberOfRobotsOnWhiteSite
16845,31,13
timeStep,numberOfRobotsOnBlackSite,numberOfRobotsOnWhiteSite
16846,31,13
timeStep,numberOfRobotsOnBlackSite,numberOfRobotsOnWhiteSite
16847,31,13
timeStep,numberOfRobotsOnBlackSite,numberOfRobotsOnWhiteSite
16848,31,13
timeStep,numberOfRobotsOnBlackSite,numberOfRobotsOnWhiteSite
16849,31,13
timeStep,numberOfRobotsOnBlackSite,numberOfRobotsOnWhiteSite
16850,31,13
timeStep,numberOfRobotsOnBlackSite,numberOfRobotsOnWhiteSite
16851,31,13
timeStep,numberOfRobotsOnBlackSite,numberOfRobotsOnWhiteSite
16852,31,13
timeStep,numberOfRobotsOnBlackSite,numberOfRobotsOnWhiteSite
16853,31,13
timeStep,numberOfRobotsOnBlackSite,numberOfRobotsOnWhiteSite
16854,31,13
timeStep,numberOfRobotsOnBlackSite,numberOfRobotsOnWhiteSite
16855,31,13
timeStep,numberOfRobotsOnBlackSite,numberOfRobotsOnWhiteSite
16856,31,13
timeStep,numberOfRobotsOnBlackSite,numberOfRobotsOnWhiteSite
16857,31,13
timeStep,numberOfRobotsOnBlackSite,numberOfRobotsOnWhiteSite
16858,31,13
timeStep,numberOfRobotsOnBlackSite,numberOfRobotsOnWhiteSite
16859,31,13
timeStep,numberOfRobotsOnBlackSite,numberOfRobotsOnWhiteSite
16860,31,13
timeStep,numberOfRobotsOnBlackSite,numberOfRobotsOnWhiteSite
16861,31,13
timeStep,numberOfRobotsOnBlackSite,numberOfRobotsOnWhiteSite
16862,31,13
timeStep,numberOfRobotsOnBlackSite,numberOfRobotsOnWhiteSite
16863,31,13
timeStep,numberOfRobotsOnBlackSite,numberOfRobotsOnWhiteSite
16864,31,13
timeStep,numberOfRobotsOnBlackSite,numberOfRobotsOnWhiteSite
16865,31,13
timeStep,numberOfRobotsOnBlackSite,numberOfRobotsOnWhiteSite
16866,31,13
timeStep,numberOfRobotsOnBlackSite,numberOfRobotsOnWhiteSite
16867,31,13
timeStep,numberOfRobotsOnBlackSite,numberOfRobotsOnWhiteSite
16868,31,13
timeStep,numberOfRobotsOnBlackSite,numberOfRobotsOnWhiteSite
16869,31,13
timeStep,numberOfRobotsOnBlackSite,numberOfRobotsOnWhiteSite
16870,31,13
timeStep,numberOfRobotsOnBlackSite,numberOfRobotsOnWhiteSite
16871,31,13
timeStep,numberOfRobotsOnBlackSite,numberOfRobotsOnWhiteSite
16872,31,13
timeStep,numberOfRobotsOnBlackSite,numberOfRobotsOnWhiteSite
16873,31,13
timeStep,numberOfRobotsOnBlackSite,numberOfRobotsOnWhiteSite
16874,31,13
timeStep,numberOfRobotsOnBlackSite,numberOfRobotsOnWhiteSite
16875,31,13
timeStep,numberOfRobotsOnBlackSite,numberOfRobotsOnWhiteSite
16876,31,13
timeStep,numberOfRobotsOnBlackSite,numberOfRobotsOnWhiteSite
16877,31,13
timeStep,numberOfRobotsOnBlackSite,numberOfRobotsOnWhiteSite
16878,31,13
timeStep,numberOfRobotsOnBlackSite,numberOfRobotsOnWhiteSite
16879,31,13
timeStep,numberOfRobotsOnBlackSite,numberOfRobotsOnWhiteSite
16880,31,13
timeStep,numberOfRobotsOnBlackSite,numberOfRobotsOnWhiteSite
16881,31,13
timeStep,numberOfRobotsOnBlackSite,numberOfRobotsOnWhiteSite
16882,31,13
timeStep,numberOfRobotsOnBlackSite,numberOfRobotsOnWhiteSite
16883,31,13
timeStep,numberOfRobotsOnBlackSite,numberOfRobotsOnWhiteSite
16884,31,13
timeStep,numberOfRobotsOnBlackSite,numberOfRobotsOnWhiteSite
16885,31,12
timeStep,numberOfRobotsOnBlackSite,numberOfRobotsOnWhiteSite
16886,31,12
timeStep,numberOfRobotsOnBlackSite,numberOfRobotsOnWhiteSite
16887,31,12
timeStep,numberOfRobotsOnBlackSite,numberOfRobotsOnWhiteSite
16888,31,12
timeStep,numberOfRobotsOnBlackSite,numberOfRobotsOnWhiteSite
16889,31,12
timeStep,numberOfRobotsOnBlackSite,numberOfRobotsOnWhiteSite
16890,31,12
timeStep,numberOfRobotsOnBlackSite,numberOfRobotsOnWhiteSite
16891,31,12
timeStep,numberOfRobotsOnBlackSite,numberOfRobotsOnWhiteSite
16892,31,12
timeStep,numberOfRobotsOnBlackSite,numberOfRobotsOnWhiteSite
16893,31,12
timeStep,numberOfRobotsOnBlackSite,numberOfRobotsOnWhiteSite
16894,31,12
timeStep,numberOfRobotsOnBlackSite,numberOfRobotsOnWhiteSite
16895,31,12
timeStep,numberOfRobotsOnBlackSite,numberOfRobotsOnWhiteSite
16896,31,12
timeStep,numberOfRobotsOnBlackSite,numberOfRobotsOnWhiteSite
16897,31,12
timeStep,numberOfRobotsOnBlackSite,numberOfRobotsOnWhiteSite
16898,31,12
timeStep,numberOfRobotsOnBlackSite,numberOfRobotsOnWhiteSite
16899,31,12
timeStep,numberOfRobotsOnBlackSite,numberOfRobotsOnWhiteSite
16900,31,12
timeStep,numberOfRobotsOnBlackSite,numberOfRobotsOnWhiteSite
16901,31,12
timeStep,numberOfRobotsOnBlackSite,numberOfRobotsOnWhiteSite
16902,31,12
timeStep,numberOfRobotsOnBlackSite,numberOfRobotsOnWhiteSite
16903,31,12
timeStep,numberOfRobotsOnBlackSite,numberOfRobotsOnWhiteSite
16904,31,12
timeStep,numberOfRobotsOnBlackSite,numberOfRobotsOnWhiteSite
16905,31,12
timeStep,numberOfRobotsOnBlackSite,numberOfRobotsOnWhiteSite
16906,31,12
timeStep,numberOfRobotsOnBlackSite,numberOfRobotsOnWhiteSite
16907,31,12
timeStep,numberOfRobotsOnBlackSite,numberOfRobotsOnWhiteSite
16908,31,12
timeStep,numberOfRobotsOnBlackSite,numberOfRobotsOnWhiteSite
16909,31,12
timeStep,numberOfRobotsOnBlackSite,numberOfRobotsOnWhiteSite
16910,31,12
timeStep,numberOfRobotsOnBlackSite,numberOfRobotsOnWhiteSite
16911,31,12
timeStep,numberOfRobotsOnBlackSite,numberOfRobotsOnWhiteSite
16912,31,12
timeStep,numberOfRobotsOnBlackSite,numberOfRobotsOnWhiteSite
16913,31,12
timeStep,numberOfRobotsOnBlackSite,numberOfRobotsOnWhiteSite
16914,31,12
timeStep,numberOfRobotsOnBlackSite,numberOfRobotsOnWhiteSite
16915,31,12
timeStep,numberOfRobotsOnBlackSite,numberOfRobotsOnWhiteSite
16916,31,12
timeStep,numberOfRobotsOnBlackSite,numberOfRobotsOnWhiteSite
16917,31,12
timeStep,numberOfRobotsOnBlackSite,numberOfRobotsOnWhiteSite
16918,31,12
timeStep,numberOfRobotsOnBlackSite,numberOfRobotsOnWhiteSite
16919,31,12
timeStep,numberOfRobotsOnBlackSite,numberOfRobotsOnWhiteSite
16920,31,12
timeStep,numberOfRobotsOnBlackSite,numberOfRobotsOnWhiteSite
16921,31,12
timeStep,numberOfRobotsOnBlackSite,numberOfRobotsOnWhiteSite
16922,31,12
timeStep,numberOfRobotsOnBlackSite,numberOfRobotsOnWhiteSite
16923,31,12
timeStep,numberOfRobotsOnBlackSite,numberOfRobotsOnWhiteSite
16924,31,12
timeStep,numberOfRobotsOnBlackSite,numberOfRobotsOnWhiteSite
16925,31,12
timeStep,numberOfRobotsOnBlackSite,numberOfRobotsOnWhiteSite
16926,31,12
timeStep,numberOfRobotsOnBlackSite,numberOfRobotsOnWhiteSite
16927,31,12
timeStep,numberOfRobotsOnBlackSite,numberOfRobotsOnWhiteSite
16928,31,12
timeStep,numberOfRobotsOnBlackSite,numberOfRobotsOnWhiteSite
16929,31,12
timeStep,numberOfRobotsOnBlackSite,numberOfRobotsOnWhiteSite
16930,31,12
timeStep,numberOfRobotsOnBlackSite,numberOfRobotsOnWhiteSite
16931,31,12
timeStep,numberOfRobotsOnBlackSite,numberOfRobotsOnWhiteSite
16932,31,12
timeStep,numberOfRobotsOnBlackSite,numberOfRobotsOnWhiteSite
16933,31,12
timeStep,numberOfRobotsOnBlackSite,numberOfRobotsOnWhiteSite
16934,31,12
timeStep,numberOfRobotsOnBlackSite,numberOfRobotsOnWhiteSite
16935,31,12
timeStep,numberOfRobotsOnBlackSite,numberOfRobotsOnWhiteSite
16936,31,12
timeStep,numberOfRobotsOnBlackSite,numberOfRobotsOnWhiteSite
16937,31,12
timeStep,numberOfRobotsOnBlackSite,numberOfRobotsOnWhiteSite
16938,31,12
timeStep,numberOfRobotsOnBlackSite,numberOfRobotsOnWhiteSite
16939,31,12
timeStep,numberOfRobotsOnBlackSite,numberOfRobotsOnWhiteSite
16940,31,12
timeStep,numberOfRobotsOnBlackSite,numberOfRobotsOnWhiteSite
16941,31,12
timeStep,numberOfRobotsOnBlackSite,numberOfRobotsOnWhiteSite
16942,31,12
timeStep,numberOfRobotsOnBlackSite,numberOfRobotsOnWhiteSite
16943,31,12
timeStep,numberOfRobotsOnBlackSite,numberOfRobotsOnWhiteSite
16944,31,12
timeStep,numberOfRobotsOnBlackSite,numberOfRobotsOnWhiteSite
16945,31,12
timeStep,numberOfRobotsOnBlackSite,numberOfRobotsOnWhiteSite
16946,31,12
timeStep,numberOfRobotsOnBlackSite,numberOfRobotsOnWhiteSite
16947,31,12
timeStep,numberOfRobotsOnBlackSite,numberOfRobotsOnWhiteSite
16948,31,12
timeStep,numberOfRobotsOnBlackSite,numberOfRobotsOnWhiteSite
16949,31,12
timeStep,numberOfRobotsOnBlackSite,numberOfRobotsOnWhiteSite
16950,31,11
timeStep,numberOfRobotsOnBlackSite,numberOfRobotsOnWhiteSite
16951,31,11
timeStep,numberOfRobotsOnBlackSite,numberOfRobotsOnWhiteSite
16952,31,11
timeStep,numberOfRobotsOnBlackSite,numberOfRobotsOnWhiteSite
16953,31,11
timeStep,numberOfRobotsOnBlackSite,numberOfRobotsOnWhiteSite
16954,31,11
timeStep,numberOfRobotsOnBlackSite,numberOfRobotsOnWhiteSite
16955,31,11
timeStep,numberOfRobotsOnBlackSite,numberOfRobotsOnWhiteSite
16956,31,11
timeStep,numberOfRobotsOnBlackSite,numberOfRobotsOnWhiteSite
16957,31,11
timeStep,numberOfRobotsOnBlackSite,numberOfRobotsOnWhiteSite
16958,31,11
timeStep,numberOfRobotsOnBlackSite,numberOfRobotsOnWhiteSite
16959,31,11
timeStep,numberOfRobotsOnBlackSite,numberOfRobotsOnWhiteSite
16960,31,11
timeStep,numberOfRobotsOnBlackSite,numberOfRobotsOnWhiteSite
16961,31,11
timeStep,numberOfRobotsOnBlackSite,numberOfRobotsOnWhiteSite
16962,31,11
timeStep,numberOfRobotsOnBlackSite,numberOfRobotsOnWhiteSite
16963,31,11
timeStep,numberOfRobotsOnBlackSite,numberOfRobotsOnWhiteSite
16964,31,11
timeStep,numberOfRobotsOnBlackSite,numberOfRobotsOnWhiteSite
16965,31,11
timeStep,numberOfRobotsOnBlackSite,numberOfRobotsOnWhiteSite
16966,31,11
timeStep,numberOfRobotsOnBlackSite,numberOfRobotsOnWhiteSite
16967,31,11
timeStep,numberOfRobotsOnBlackSite,numberOfRobotsOnWhiteSite
16968,31,11
timeStep,numberOfRobotsOnBlackSite,numberOfRobotsOnWhiteSite
16969,31,11
timeStep,numberOfRobotsOnBlackSite,numberOfRobotsOnWhiteSite
16970,31,11
timeStep,numberOfRobotsOnBlackSite,numberOfRobotsOnWhiteSite
16971,31,11
timeStep,numberOfRobotsOnBlackSite,numberOfRobotsOnWhiteSite
16972,31,11
timeStep,numberOfRobotsOnBlackSite,numberOfRobotsOnWhiteSite
16973,31,11
timeStep,numberOfRobotsOnBlackSite,numberOfRobotsOnWhiteSite
16974,31,11
timeStep,numberOfRobotsOnBlackSite,numberOfRobotsOnWhiteSite
16975,31,11
timeStep,numberOfRobotsOnBlackSite,numberOfRobotsOnWhiteSite
16976,31,11
timeStep,numberOfRobotsOnBlackSite,numberOfRobotsOnWhiteSite
16977,31,11
timeStep,numberOfRobotsOnBlackSite,numberOfRobotsOnWhiteSite
16978,31,11
timeStep,numberOfRobotsOnBlackSite,numberOfRobotsOnWhiteSite
16979,31,11
timeStep,numberOfRobotsOnBlackSite,numberOfRobotsOnWhiteSite
16980,31,11
timeStep,numberOfRobotsOnBlackSite,numberOfRobotsOnWhiteSite
16981,31,11
timeStep,numberOfRobotsOnBlackSite,numberOfRobotsOnWhiteSite
16982,31,11
timeStep,numberOfRobotsOnBlackSite,numberOfRobotsOnWhiteSite
16983,31,11
timeStep,numberOfRobotsOnBlackSite,numberOfRobotsOnWhiteSite
16984,31,11
timeStep,numberOfRobotsOnBlackSite,numberOfRobotsOnWhiteSite
16985,31,11
timeStep,numberOfRobotsOnBlackSite,numberOfRobotsOnWhiteSite
16986,31,11
timeStep,numberOfRobotsOnBlackSite,numberOfRobotsOnWhiteSite
16987,31,11
timeStep,numberOfRobotsOnBlackSite,numberOfRobotsOnWhiteSite
16988,31,11
timeStep,numberOfRobotsOnBlackSite,numberOfRobotsOnWhiteSite
16989,31,11
timeStep,numberOfRobotsOnBlackSite,numberOfRobotsOnWhiteSite
16990,31,11
timeStep,numberOfRobotsOnBlackSite,numberOfRobotsOnWhiteSite
16991,31,11
timeStep,numberOfRobotsOnBlackSite,numberOfRobotsOnWhiteSite
16992,31,11
timeStep,numberOfRobotsOnBlackSite,numberOfRobotsOnWhiteSite
16993,31,11
timeStep,numberOfRobotsOnBlackSite,numberOfRobotsOnWhiteSite
16994,31,11
timeStep,numberOfRobotsOnBlackSite,numberOfRobotsOnWhiteSite
16995,31,11
timeStep,numberOfRobotsOnBlackSite,numberOfRobotsOnWhiteSite
16996,31,11
timeStep,numberOfRobotsOnBlackSite,numberOfRobotsOnWhiteSite
16997,31,11
timeStep,numberOfRobotsOnBlackSite,numberOfRobotsOnWhiteSite
16998,31,11
timeStep,numberOfRobotsOnBlackSite,numberOfRobotsOnWhiteSite
16999,31,11
timeStep,numberOfRobotsOnBlackSite,numberOfRobotsOnWhiteSite
17000,31,11
timeStep,numberOfRobotsOnBlackSite,numberOfRobotsOnWhiteSite
17001,31,11
timeStep,numberOfRobotsOnBlackSite,numberOfRobotsOnWhiteSite
17002,31,11
timeStep,numberOfRobotsOnBlackSite,numberOfRobotsOnWhiteSite
17003,31,11
timeStep,numberOfRobotsOnBlackSite,numberOfRobotsOnWhiteSite
17004,31,11
timeStep,numberOfRobotsOnBlackSite,numberOfRobotsOnWhiteSite
17005,31,11
timeStep,numberOfRobotsOnBlackSite,numberOfRobotsOnWhiteSite
17006,31,11
timeStep,numberOfRobotsOnBlackSite,numberOfRobotsOnWhiteSite
17007,31,11
timeStep,numberOfRobotsOnBlackSite,numberOfRobotsOnWhiteSite
17008,31,11
timeStep,numberOfRobotsOnBlackSite,numberOfRobotsOnWhiteSite
17009,31,11
timeStep,numberOfRobotsOnBlackSite,numberOfRobotsOnWhiteSite
17010,31,11
timeStep,numberOfRobotsOnBlackSite,numberOfRobotsOnWhiteSite
17011,31,11
timeStep,numberOfRobotsOnBlackSite,numberOfRobotsOnWhiteSite
17012,31,11
timeStep,numberOfRobotsOnBlackSite,numberOfRobotsOnWhiteSite
17013,31,11
timeStep,numberOfRobotsOnBlackSite,numberOfRobotsOnWhiteSite
17014,31,11
timeStep,numberOfRobotsOnBlackSite,numberOfRobotsOnWhiteSite
17015,31,11
timeStep,numberOfRobotsOnBlackSite,numberOfRobotsOnWhiteSite
17016,31,11
timeStep,numberOfRobotsOnBlackSite,numberOfRobotsOnWhiteSite
17017,31,11
timeStep,numberOfRobotsOnBlackSite,numberOfRobotsOnWhiteSite
17018,31,11
timeStep,numberOfRobotsOnBlackSite,numberOfRobotsOnWhiteSite
17019,31,11
timeStep,numberOfRobotsOnBlackSite,numberOfRobotsOnWhiteSite
17020,31,11
timeStep,numberOfRobotsOnBlackSite,numberOfRobotsOnWhiteSite
17021,31,11
timeStep,numberOfRobotsOnBlackSite,numberOfRobotsOnWhiteSite
17022,31,11
timeStep,numberOfRobotsOnBlackSite,numberOfRobotsOnWhiteSite
17023,31,11
timeStep,numberOfRobotsOnBlackSite,numberOfRobotsOnWhiteSite
17024,31,11
timeStep,numberOfRobotsOnBlackSite,numberOfRobotsOnWhiteSite
17025,31,12
timeStep,numberOfRobotsOnBlackSite,numberOfRobotsOnWhiteSite
17026,31,12
timeStep,numberOfRobotsOnBlackSite,numberOfRobotsOnWhiteSite
17027,31,12
timeStep,numberOfRobotsOnBlackSite,numberOfRobotsOnWhiteSite
17028,31,12
timeStep,numberOfRobotsOnBlackSite,numberOfRobotsOnWhiteSite
17029,31,12
timeStep,numberOfRobotsOnBlackSite,numberOfRobotsOnWhiteSite
17030,31,12
timeStep,numberOfRobotsOnBlackSite,numberOfRobotsOnWhiteSite
17031,31,12
timeStep,numberOfRobotsOnBlackSite,numberOfRobotsOnWhiteSite
17032,31,12
timeStep,numberOfRobotsOnBlackSite,numberOfRobotsOnWhiteSite
17033,31,12
timeStep,numberOfRobotsOnBlackSite,numberOfRobotsOnWhiteSite
17034,31,12
timeStep,numberOfRobotsOnBlackSite,numberOfRobotsOnWhiteSite
17035,31,12
timeStep,numberOfRobotsOnBlackSite,numberOfRobotsOnWhiteSite
17036,31,12
timeStep,numberOfRobotsOnBlackSite,numberOfRobotsOnWhiteSite
17037,31,12
timeStep,numberOfRobotsOnBlackSite,numberOfRobotsOnWhiteSite
17038,31,12
timeStep,numberOfRobotsOnBlackSite,numberOfRobotsOnWhiteSite
17039,31,12
timeStep,numberOfRobotsOnBlackSite,numberOfRobotsOnWhiteSite
17040,31,12
timeStep,numberOfRobotsOnBlackSite,numberOfRobotsOnWhiteSite
17041,31,12
timeStep,numberOfRobotsOnBlackSite,numberOfRobotsOnWhiteSite
17042,31,12
timeStep,numberOfRobotsOnBlackSite,numberOfRobotsOnWhiteSite
17043,31,12
timeStep,numberOfRobotsOnBlackSite,numberOfRobotsOnWhiteSite
17044,31,12
timeStep,numberOfRobotsOnBlackSite,numberOfRobotsOnWhiteSite
17045,31,12
timeStep,numberOfRobotsOnBlackSite,numberOfRobotsOnWhiteSite
17046,31,12
timeStep,numberOfRobotsOnBlackSite,numberOfRobotsOnWhiteSite
17047,31,12
timeStep,numberOfRobotsOnBlackSite,numberOfRobotsOnWhiteSite
17048,31,12
timeStep,numberOfRobotsOnBlackSite,numberOfRobotsOnWhiteSite
17049,31,12
timeStep,numberOfRobotsOnBlackSite,numberOfRobotsOnWhiteSite
17050,31,12
timeStep,numberOfRobotsOnBlackSite,numberOfRobotsOnWhiteSite
17051,31,12
timeStep,numberOfRobotsOnBlackSite,numberOfRobotsOnWhiteSite
17052,31,12
timeStep,numberOfRobotsOnBlackSite,numberOfRobotsOnWhiteSite
17053,31,12
timeStep,numberOfRobotsOnBlackSite,numberOfRobotsOnWhiteSite
17054,31,12
timeStep,numberOfRobotsOnBlackSite,numberOfRobotsOnWhiteSite
17055,31,12
timeStep,numberOfRobotsOnBlackSite,numberOfRobotsOnWhiteSite
17056,31,12
timeStep,numberOfRobotsOnBlackSite,numberOfRobotsOnWhiteSite
17057,31,12
timeStep,numberOfRobotsOnBlackSite,numberOfRobotsOnWhiteSite
17058,31,12
timeStep,numberOfRobotsOnBlackSite,numberOfRobotsOnWhiteSite
17059,31,12
timeStep,numberOfRobotsOnBlackSite,numberOfRobotsOnWhiteSite
17060,31,13
timeStep,numberOfRobotsOnBlackSite,numberOfRobotsOnWhiteSite
17061,31,13
timeStep,numberOfRobotsOnBlackSite,numberOfRobotsOnWhiteSite
17062,31,13
timeStep,numberOfRobotsOnBlackSite,numberOfRobotsOnWhiteSite
17063,31,13
timeStep,numberOfRobotsOnBlackSite,numberOfRobotsOnWhiteSite
17064,31,13
timeStep,numberOfRobotsOnBlackSite,numberOfRobotsOnWhiteSite
17065,31,13
timeStep,numberOfRobotsOnBlackSite,numberOfRobotsOnWhiteSite
17066,31,13
timeStep,numberOfRobotsOnBlackSite,numberOfRobotsOnWhiteSite
17067,31,13
timeStep,numberOfRobotsOnBlackSite,numberOfRobotsOnWhiteSite
17068,31,13
timeStep,numberOfRobotsOnBlackSite,numberOfRobotsOnWhiteSite
17069,31,13
timeStep,numberOfRobotsOnBlackSite,numberOfRobotsOnWhiteSite
17070,31,13
timeStep,numberOfRobotsOnBlackSite,numberOfRobotsOnWhiteSite
17071,31,13
timeStep,numberOfRobotsOnBlackSite,numberOfRobotsOnWhiteSite
17072,31,13
timeStep,numberOfRobotsOnBlackSite,numberOfRobotsOnWhiteSite
17073,31,13
timeStep,numberOfRobotsOnBlackSite,numberOfRobotsOnWhiteSite
17074,31,13
timeStep,numberOfRobotsOnBlackSite,numberOfRobotsOnWhiteSite
17075,31,12
timeStep,numberOfRobotsOnBlackSite,numberOfRobotsOnWhiteSite
17076,31,12
timeStep,numberOfRobotsOnBlackSite,numberOfRobotsOnWhiteSite
17077,31,12
timeStep,numberOfRobotsOnBlackSite,numberOfRobotsOnWhiteSite
17078,31,12
timeStep,numberOfRobotsOnBlackSite,numberOfRobotsOnWhiteSite
17079,31,12
timeStep,numberOfRobotsOnBlackSite,numberOfRobotsOnWhiteSite
17080,31,12
timeStep,numberOfRobotsOnBlackSite,numberOfRobotsOnWhiteSite
17081,31,12
timeStep,numberOfRobotsOnBlackSite,numberOfRobotsOnWhiteSite
17082,31,12
timeStep,numberOfRobotsOnBlackSite,numberOfRobotsOnWhiteSite
17083,31,12
timeStep,numberOfRobotsOnBlackSite,numberOfRobotsOnWhiteSite
17084,31,12
timeStep,numberOfRobotsOnBlackSite,numberOfRobotsOnWhiteSite
17085,30,12
timeStep,numberOfRobotsOnBlackSite,numberOfRobotsOnWhiteSite
17086,30,12
timeStep,numberOfRobotsOnBlackSite,numberOfRobotsOnWhiteSite
17087,30,12
timeStep,numberOfRobotsOnBlackSite,numberOfRobotsOnWhiteSite
17088,30,12
timeStep,numberOfRobotsOnBlackSite,numberOfRobotsOnWhiteSite
17089,30,12
timeStep,numberOfRobotsOnBlackSite,numberOfRobotsOnWhiteSite
17090,30,12
timeStep,numberOfRobotsOnBlackSite,numberOfRobotsOnWhiteSite
17091,30,12
timeStep,numberOfRobotsOnBlackSite,numberOfRobotsOnWhiteSite
17092,30,12
timeStep,numberOfRobotsOnBlackSite,numberOfRobotsOnWhiteSite
17093,30,12
timeStep,numberOfRobotsOnBlackSite,numberOfRobotsOnWhiteSite
17094,30,12
timeStep,numberOfRobotsOnBlackSite,numberOfRobotsOnWhiteSite
17095,30,12
timeStep,numberOfRobotsOnBlackSite,numberOfRobotsOnWhiteSite
17096,30,12
timeStep,numberOfRobotsOnBlackSite,numberOfRobotsOnWhiteSite
17097,30,12
timeStep,numberOfRobotsOnBlackSite,numberOfRobotsOnWhiteSite
17098,30,12
timeStep,numberOfRobotsOnBlackSite,numberOfRobotsOnWhiteSite
17099,30,12
timeStep,numberOfRobotsOnBlackSite,numberOfRobotsOnWhiteSite
17100,30,12
timeStep,numberOfRobotsOnBlackSite,numberOfRobotsOnWhiteSite
17101,30,12
timeStep,numberOfRobotsOnBlackSite,numberOfRobotsOnWhiteSite
17102,30,12
timeStep,numberOfRobotsOnBlackSite,numberOfRobotsOnWhiteSite
17103,30,12
timeStep,numberOfRobotsOnBlackSite,numberOfRobotsOnWhiteSite
17104,30,12
timeStep,numberOfRobotsOnBlackSite,numberOfRobotsOnWhiteSite
17105,30,12
timeStep,numberOfRobotsOnBlackSite,numberOfRobotsOnWhiteSite
17106,30,12
timeStep,numberOfRobotsOnBlackSite,numberOfRobotsOnWhiteSite
17107,30,12
timeStep,numberOfRobotsOnBlackSite,numberOfRobotsOnWhiteSite
17108,30,12
timeStep,numberOfRobotsOnBlackSite,numberOfRobotsOnWhiteSite
17109,30,12
timeStep,numberOfRobotsOnBlackSite,numberOfRobotsOnWhiteSite
17110,30,12
timeStep,numberOfRobotsOnBlackSite,numberOfRobotsOnWhiteSite
17111,30,12
timeStep,numberOfRobotsOnBlackSite,numberOfRobotsOnWhiteSite
17112,30,12
timeStep,numberOfRobotsOnBlackSite,numberOfRobotsOnWhiteSite
17113,30,12
timeStep,numberOfRobotsOnBlackSite,numberOfRobotsOnWhiteSite
17114,30,12
timeStep,numberOfRobotsOnBlackSite,numberOfRobotsOnWhiteSite
17115,30,12
timeStep,numberOfRobotsOnBlackSite,numberOfRobotsOnWhiteSite
17116,30,12
timeStep,numberOfRobotsOnBlackSite,numberOfRobotsOnWhiteSite
17117,30,12
timeStep,numberOfRobotsOnBlackSite,numberOfRobotsOnWhiteSite
17118,30,12
timeStep,numberOfRobotsOnBlackSite,numberOfRobotsOnWhiteSite
17119,30,12
timeStep,numberOfRobotsOnBlackSite,numberOfRobotsOnWhiteSite
17120,30,12
timeStep,numberOfRobotsOnBlackSite,numberOfRobotsOnWhiteSite
17121,30,12
timeStep,numberOfRobotsOnBlackSite,numberOfRobotsOnWhiteSite
17122,30,12
timeStep,numberOfRobotsOnBlackSite,numberOfRobotsOnWhiteSite
17123,30,12
timeStep,numberOfRobotsOnBlackSite,numberOfRobotsOnWhiteSite
17124,30,12
timeStep,numberOfRobotsOnBlackSite,numberOfRobotsOnWhiteSite
17125,30,13
timeStep,numberOfRobotsOnBlackSite,numberOfRobotsOnWhiteSite
17126,30,13
timeStep,numberOfRobotsOnBlackSite,numberOfRobotsOnWhiteSite
17127,30,13
timeStep,numberOfRobotsOnBlackSite,numberOfRobotsOnWhiteSite
17128,30,13
timeStep,numberOfRobotsOnBlackSite,numberOfRobotsOnWhiteSite
17129,30,13
timeStep,numberOfRobotsOnBlackSite,numberOfRobotsOnWhiteSite
17130,30,13
timeStep,numberOfRobotsOnBlackSite,numberOfRobotsOnWhiteSite
17131,30,13
timeStep,numberOfRobotsOnBlackSite,numberOfRobotsOnWhiteSite
17132,30,13
timeStep,numberOfRobotsOnBlackSite,numberOfRobotsOnWhiteSite
17133,30,13
timeStep,numberOfRobotsOnBlackSite,numberOfRobotsOnWhiteSite
17134,30,13
timeStep,numberOfRobotsOnBlackSite,numberOfRobotsOnWhiteSite
17135,30,14
timeStep,numberOfRobotsOnBlackSite,numberOfRobotsOnWhiteSite
17136,30,14
timeStep,numberOfRobotsOnBlackSite,numberOfRobotsOnWhiteSite
17137,30,14
timeStep,numberOfRobotsOnBlackSite,numberOfRobotsOnWhiteSite
17138,30,14
timeStep,numberOfRobotsOnBlackSite,numberOfRobotsOnWhiteSite
17139,30,14
timeStep,numberOfRobotsOnBlackSite,numberOfRobotsOnWhiteSite
17140,30,14
timeStep,numberOfRobotsOnBlackSite,numberOfRobotsOnWhiteSite
17141,30,14
timeStep,numberOfRobotsOnBlackSite,numberOfRobotsOnWhiteSite
17142,30,14
timeStep,numberOfRobotsOnBlackSite,numberOfRobotsOnWhiteSite
17143,30,14
timeStep,numberOfRobotsOnBlackSite,numberOfRobotsOnWhiteSite
17144,30,14
timeStep,numberOfRobotsOnBlackSite,numberOfRobotsOnWhiteSite
17145,30,14
timeStep,numberOfRobotsOnBlackSite,numberOfRobotsOnWhiteSite
17146,30,14
timeStep,numberOfRobotsOnBlackSite,numberOfRobotsOnWhiteSite
17147,30,14
timeStep,numberOfRobotsOnBlackSite,numberOfRobotsOnWhiteSite
17148,30,14
timeStep,numberOfRobotsOnBlackSite,numberOfRobotsOnWhiteSite
17149,30,14
timeStep,numberOfRobotsOnBlackSite,numberOfRobotsOnWhiteSite
17150,30,14
timeStep,numberOfRobotsOnBlackSite,numberOfRobotsOnWhiteSite
17151,30,14
timeStep,numberOfRobotsOnBlackSite,numberOfRobotsOnWhiteSite
17152,30,14
timeStep,numberOfRobotsOnBlackSite,numberOfRobotsOnWhiteSite
17153,30,14
timeStep,numberOfRobotsOnBlackSite,numberOfRobotsOnWhiteSite
17154,30,14
timeStep,numberOfRobotsOnBlackSite,numberOfRobotsOnWhiteSite
17155,30,13
timeStep,numberOfRobotsOnBlackSite,numberOfRobotsOnWhiteSite
17156,30,13
timeStep,numberOfRobotsOnBlackSite,numberOfRobotsOnWhiteSite
17157,30,13
timeStep,numberOfRobotsOnBlackSite,numberOfRobotsOnWhiteSite
17158,30,13
timeStep,numberOfRobotsOnBlackSite,numberOfRobotsOnWhiteSite
17159,30,13
timeStep,numberOfRobotsOnBlackSite,numberOfRobotsOnWhiteSite
17160,30,13
timeStep,numberOfRobotsOnBlackSite,numberOfRobotsOnWhiteSite
17161,30,13
timeStep,numberOfRobotsOnBlackSite,numberOfRobotsOnWhiteSite
17162,30,13
timeStep,numberOfRobotsOnBlackSite,numberOfRobotsOnWhiteSite
17163,30,13
timeStep,numberOfRobotsOnBlackSite,numberOfRobotsOnWhiteSite
17164,30,13
timeStep,numberOfRobotsOnBlackSite,numberOfRobotsOnWhiteSite
17165,30,13
timeStep,numberOfRobotsOnBlackSite,numberOfRobotsOnWhiteSite
17166,30,13
timeStep,numberOfRobotsOnBlackSite,numberOfRobotsOnWhiteSite
17167,30,13
timeStep,numberOfRobotsOnBlackSite,numberOfRobotsOnWhiteSite
17168,30,13
timeStep,numberOfRobotsOnBlackSite,numberOfRobotsOnWhiteSite
17169,30,13
timeStep,numberOfRobotsOnBlackSite,numberOfRobotsOnWhiteSite
17170,30,13
timeStep,numberOfRobotsOnBlackSite,numberOfRobotsOnWhiteSite
17171,30,13
timeStep,numberOfRobotsOnBlackSite,numberOfRobotsOnWhiteSite
17172,30,13
timeStep,numberOfRobotsOnBlackSite,numberOfRobotsOnWhiteSite
17173,30,13
timeStep,numberOfRobotsOnBlackSite,numberOfRobotsOnWhiteSite
17174,30,13
timeStep,numberOfRobotsOnBlackSite,numberOfRobotsOnWhiteSite
17175,30,13
timeStep,numberOfRobotsOnBlackSite,numberOfRobotsOnWhiteSite
17176,30,13
timeStep,numberOfRobotsOnBlackSite,numberOfRobotsOnWhiteSite
17177,30,13
timeStep,numberOfRobotsOnBlackSite,numberOfRobotsOnWhiteSite
17178,30,13
timeStep,numberOfRobotsOnBlackSite,numberOfRobotsOnWhiteSite
17179,30,13
timeStep,numberOfRobotsOnBlackSite,numberOfRobotsOnWhiteSite
17180,30,13
timeStep,numberOfRobotsOnBlackSite,numberOfRobotsOnWhiteSite
17181,30,13
timeStep,numberOfRobotsOnBlackSite,numberOfRobotsOnWhiteSite
17182,30,13
timeStep,numberOfRobotsOnBlackSite,numberOfRobotsOnWhiteSite
17183,30,13
timeStep,numberOfRobotsOnBlackSite,numberOfRobotsOnWhiteSite
17184,30,13
timeStep,numberOfRobotsOnBlackSite,numberOfRobotsOnWhiteSite
17185,29,13
timeStep,numberOfRobotsOnBlackSite,numberOfRobotsOnWhiteSite
17186,29,13
timeStep,numberOfRobotsOnBlackSite,numberOfRobotsOnWhiteSite
17187,29,13
timeStep,numberOfRobotsOnBlackSite,numberOfRobotsOnWhiteSite
17188,29,13
timeStep,numberOfRobotsOnBlackSite,numberOfRobotsOnWhiteSite
17189,29,13
timeStep,numberOfRobotsOnBlackSite,numberOfRobotsOnWhiteSite
17190,29,13
timeStep,numberOfRobotsOnBlackSite,numberOfRobotsOnWhiteSite
17191,29,13
timeStep,numberOfRobotsOnBlackSite,numberOfRobotsOnWhiteSite
17192,29,13
timeStep,numberOfRobotsOnBlackSite,numberOfRobotsOnWhiteSite
17193,29,13
timeStep,numberOfRobotsOnBlackSite,numberOfRobotsOnWhiteSite
17194,29,13
timeStep,numberOfRobotsOnBlackSite,numberOfRobotsOnWhiteSite
17195,29,13
timeStep,numberOfRobotsOnBlackSite,numberOfRobotsOnWhiteSite
17196,29,13
timeStep,numberOfRobotsOnBlackSite,numberOfRobotsOnWhiteSite
17197,29,13
timeStep,numberOfRobotsOnBlackSite,numberOfRobotsOnWhiteSite
17198,29,13
timeStep,numberOfRobotsOnBlackSite,numberOfRobotsOnWhiteSite
17199,29,13
timeStep,numberOfRobotsOnBlackSite,numberOfRobotsOnWhiteSite
17200,29,13
timeStep,numberOfRobotsOnBlackSite,numberOfRobotsOnWhiteSite
17201,29,13
timeStep,numberOfRobotsOnBlackSite,numberOfRobotsOnWhiteSite
17202,29,13
timeStep,numberOfRobotsOnBlackSite,numberOfRobotsOnWhiteSite
17203,29,13
timeStep,numberOfRobotsOnBlackSite,numberOfRobotsOnWhiteSite
17204,29,13
timeStep,numberOfRobotsOnBlackSite,numberOfRobotsOnWhiteSite
17205,29,13
timeStep,numberOfRobotsOnBlackSite,numberOfRobotsOnWhiteSite
17206,29,13
timeStep,numberOfRobotsOnBlackSite,numberOfRobotsOnWhiteSite
17207,29,13
timeStep,numberOfRobotsOnBlackSite,numberOfRobotsOnWhiteSite
17208,29,13
timeStep,numberOfRobotsOnBlackSite,numberOfRobotsOnWhiteSite
17209,29,13
timeStep,numberOfRobotsOnBlackSite,numberOfRobotsOnWhiteSite
17210,29,13
timeStep,numberOfRobotsOnBlackSite,numberOfRobotsOnWhiteSite
17211,29,13
timeStep,numberOfRobotsOnBlackSite,numberOfRobotsOnWhiteSite
17212,29,13
timeStep,numberOfRobotsOnBlackSite,numberOfRobotsOnWhiteSite
17213,29,13
timeStep,numberOfRobotsOnBlackSite,numberOfRobotsOnWhiteSite
17214,29,13
timeStep,numberOfRobotsOnBlackSite,numberOfRobotsOnWhiteSite
17215,29,13
timeStep,numberOfRobotsOnBlackSite,numberOfRobotsOnWhiteSite
17216,29,13
timeStep,numberOfRobotsOnBlackSite,numberOfRobotsOnWhiteSite
17217,29,13
timeStep,numberOfRobotsOnBlackSite,numberOfRobotsOnWhiteSite
17218,29,13
timeStep,numberOfRobotsOnBlackSite,numberOfRobotsOnWhiteSite
17219,29,13
timeStep,numberOfRobotsOnBlackSite,numberOfRobotsOnWhiteSite
17220,29,13
timeStep,numberOfRobotsOnBlackSite,numberOfRobotsOnWhiteSite
17221,29,13
timeStep,numberOfRobotsOnBlackSite,numberOfRobotsOnWhiteSite
17222,29,13
timeStep,numberOfRobotsOnBlackSite,numberOfRobotsOnWhiteSite
17223,29,13
timeStep,numberOfRobotsOnBlackSite,numberOfRobotsOnWhiteSite
17224,29,13
timeStep,numberOfRobotsOnBlackSite,numberOfRobotsOnWhiteSite
17225,29,13
timeStep,numberOfRobotsOnBlackSite,numberOfRobotsOnWhiteSite
17226,29,13
timeStep,numberOfRobotsOnBlackSite,numberOfRobotsOnWhiteSite
17227,29,13
timeStep,numberOfRobotsOnBlackSite,numberOfRobotsOnWhiteSite
17228,29,13
timeStep,numberOfRobotsOnBlackSite,numberOfRobotsOnWhiteSite
17229,29,13
timeStep,numberOfRobotsOnBlackSite,numberOfRobotsOnWhiteSite
17230,29,13
timeStep,numberOfRobotsOnBlackSite,numberOfRobotsOnWhiteSite
17231,29,13
timeStep,numberOfRobotsOnBlackSite,numberOfRobotsOnWhiteSite
17232,29,13
timeStep,numberOfRobotsOnBlackSite,numberOfRobotsOnWhiteSite
17233,29,13
timeStep,numberOfRobotsOnBlackSite,numberOfRobotsOnWhiteSite
17234,29,13
timeStep,numberOfRobotsOnBlackSite,numberOfRobotsOnWhiteSite
17235,29,13
timeStep,numberOfRobotsOnBlackSite,numberOfRobotsOnWhiteSite
17236,29,13
timeStep,numberOfRobotsOnBlackSite,numberOfRobotsOnWhiteSite
17237,29,13
timeStep,numberOfRobotsOnBlackSite,numberOfRobotsOnWhiteSite
17238,29,13
timeStep,numberOfRobotsOnBlackSite,numberOfRobotsOnWhiteSite
17239,29,13
timeStep,numberOfRobotsOnBlackSite,numberOfRobotsOnWhiteSite
17240,29,13
timeStep,numberOfRobotsOnBlackSite,numberOfRobotsOnWhiteSite
17241,29,13
timeStep,numberOfRobotsOnBlackSite,numberOfRobotsOnWhiteSite
17242,29,13
timeStep,numberOfRobotsOnBlackSite,numberOfRobotsOnWhiteSite
17243,29,13
timeStep,numberOfRobotsOnBlackSite,numberOfRobotsOnWhiteSite
17244,29,13
timeStep,numberOfRobotsOnBlackSite,numberOfRobotsOnWhiteSite
17245,29,13
timeStep,numberOfRobotsOnBlackSite,numberOfRobotsOnWhiteSite
17246,29,13
timeStep,numberOfRobotsOnBlackSite,numberOfRobotsOnWhiteSite
17247,29,13
timeStep,numberOfRobotsOnBlackSite,numberOfRobotsOnWhiteSite
17248,29,13
timeStep,numberOfRobotsOnBlackSite,numberOfRobotsOnWhiteSite
17249,29,13
timeStep,numberOfRobotsOnBlackSite,numberOfRobotsOnWhiteSite
17250,29,13
timeStep,numberOfRobotsOnBlackSite,numberOfRobotsOnWhiteSite
17251,29,13
timeStep,numberOfRobotsOnBlackSite,numberOfRobotsOnWhiteSite
17252,29,13
timeStep,numberOfRobotsOnBlackSite,numberOfRobotsOnWhiteSite
17253,29,13
timeStep,numberOfRobotsOnBlackSite,numberOfRobotsOnWhiteSite
17254,29,13
timeStep,numberOfRobotsOnBlackSite,numberOfRobotsOnWhiteSite
17255,29,13
timeStep,numberOfRobotsOnBlackSite,numberOfRobotsOnWhiteSite
17256,29,13
timeStep,numberOfRobotsOnBlackSite,numberOfRobotsOnWhiteSite
17257,29,13
timeStep,numberOfRobotsOnBlackSite,numberOfRobotsOnWhiteSite
17258,29,13
timeStep,numberOfRobotsOnBlackSite,numberOfRobotsOnWhiteSite
17259,29,13
timeStep,numberOfRobotsOnBlackSite,numberOfRobotsOnWhiteSite
17260,29,13
timeStep,numberOfRobotsOnBlackSite,numberOfRobotsOnWhiteSite
17261,29,13
timeStep,numberOfRobotsOnBlackSite,numberOfRobotsOnWhiteSite
17262,29,13
timeStep,numberOfRobotsOnBlackSite,numberOfRobotsOnWhiteSite
17263,29,13
timeStep,numberOfRobotsOnBlackSite,numberOfRobotsOnWhiteSite
17264,29,13
timeStep,numberOfRobotsOnBlackSite,numberOfRobotsOnWhiteSite
17265,29,13
timeStep,numberOfRobotsOnBlackSite,numberOfRobotsOnWhiteSite
17266,29,13
timeStep,numberOfRobotsOnBlackSite,numberOfRobotsOnWhiteSite
17267,29,13
timeStep,numberOfRobotsOnBlackSite,numberOfRobotsOnWhiteSite
17268,29,13
timeStep,numberOfRobotsOnBlackSite,numberOfRobotsOnWhiteSite
17269,29,13
timeStep,numberOfRobotsOnBlackSite,numberOfRobotsOnWhiteSite
17270,29,13
timeStep,numberOfRobotsOnBlackSite,numberOfRobotsOnWhiteSite
17271,29,13
timeStep,numberOfRobotsOnBlackSite,numberOfRobotsOnWhiteSite
17272,29,13
timeStep,numberOfRobotsOnBlackSite,numberOfRobotsOnWhiteSite
17273,29,13
timeStep,numberOfRobotsOnBlackSite,numberOfRobotsOnWhiteSite
17274,29,13
timeStep,numberOfRobotsOnBlackSite,numberOfRobotsOnWhiteSite
17275,29,13
timeStep,numberOfRobotsOnBlackSite,numberOfRobotsOnWhiteSite
17276,29,13
timeStep,numberOfRobotsOnBlackSite,numberOfRobotsOnWhiteSite
17277,29,13
timeStep,numberOfRobotsOnBlackSite,numberOfRobotsOnWhiteSite
17278,29,13
timeStep,numberOfRobotsOnBlackSite,numberOfRobotsOnWhiteSite
17279,29,13
timeStep,numberOfRobotsOnBlackSite,numberOfRobotsOnWhiteSite
17280,29,13
timeStep,numberOfRobotsOnBlackSite,numberOfRobotsOnWhiteSite
17281,29,13
timeStep,numberOfRobotsOnBlackSite,numberOfRobotsOnWhiteSite
17282,29,13
timeStep,numberOfRobotsOnBlackSite,numberOfRobotsOnWhiteSite
17283,29,13
timeStep,numberOfRobotsOnBlackSite,numberOfRobotsOnWhiteSite
17284,29,13
timeStep,numberOfRobotsOnBlackSite,numberOfRobotsOnWhiteSite
17285,29,13
timeStep,numberOfRobotsOnBlackSite,numberOfRobotsOnWhiteSite
17286,29,13
timeStep,numberOfRobotsOnBlackSite,numberOfRobotsOnWhiteSite
17287,29,13
timeStep,numberOfRobotsOnBlackSite,numberOfRobotsOnWhiteSite
17288,29,13
timeStep,numberOfRobotsOnBlackSite,numberOfRobotsOnWhiteSite
17289,29,13
timeStep,numberOfRobotsOnBlackSite,numberOfRobotsOnWhiteSite
17290,29,13
timeStep,numberOfRobotsOnBlackSite,numberOfRobotsOnWhiteSite
17291,29,13
timeStep,numberOfRobotsOnBlackSite,numberOfRobotsOnWhiteSite
17292,29,13
timeStep,numberOfRobotsOnBlackSite,numberOfRobotsOnWhiteSite
17293,29,13
timeStep,numberOfRobotsOnBlackSite,numberOfRobotsOnWhiteSite
17294,29,13
timeStep,numberOfRobotsOnBlackSite,numberOfRobotsOnWhiteSite
17295,29,13
timeStep,numberOfRobotsOnBlackSite,numberOfRobotsOnWhiteSite
17296,29,13
timeStep,numberOfRobotsOnBlackSite,numberOfRobotsOnWhiteSite
17297,29,13
timeStep,numberOfRobotsOnBlackSite,numberOfRobotsOnWhiteSite
17298,29,13
timeStep,numberOfRobotsOnBlackSite,numberOfRobotsOnWhiteSite
17299,29,13
timeStep,numberOfRobotsOnBlackSite,numberOfRobotsOnWhiteSite
17300,29,13
timeStep,numberOfRobotsOnBlackSite,numberOfRobotsOnWhiteSite
17301,29,13
timeStep,numberOfRobotsOnBlackSite,numberOfRobotsOnWhiteSite
17302,29,13
timeStep,numberOfRobotsOnBlackSite,numberOfRobotsOnWhiteSite
17303,29,13
timeStep,numberOfRobotsOnBlackSite,numberOfRobotsOnWhiteSite
17304,29,13
timeStep,numberOfRobotsOnBlackSite,numberOfRobotsOnWhiteSite
17305,29,13
timeStep,numberOfRobotsOnBlackSite,numberOfRobotsOnWhiteSite
17306,29,13
timeStep,numberOfRobotsOnBlackSite,numberOfRobotsOnWhiteSite
17307,29,13
timeStep,numberOfRobotsOnBlackSite,numberOfRobotsOnWhiteSite
17308,29,13
timeStep,numberOfRobotsOnBlackSite,numberOfRobotsOnWhiteSite
17309,29,13
timeStep,numberOfRobotsOnBlackSite,numberOfRobotsOnWhiteSite
17310,29,13
timeStep,numberOfRobotsOnBlackSite,numberOfRobotsOnWhiteSite
17311,29,13
timeStep,numberOfRobotsOnBlackSite,numberOfRobotsOnWhiteSite
17312,29,13
timeStep,numberOfRobotsOnBlackSite,numberOfRobotsOnWhiteSite
17313,29,13
timeStep,numberOfRobotsOnBlackSite,numberOfRobotsOnWhiteSite
17314,29,13
timeStep,numberOfRobotsOnBlackSite,numberOfRobotsOnWhiteSite
17315,29,13
timeStep,numberOfRobotsOnBlackSite,numberOfRobotsOnWhiteSite
17316,29,13
timeStep,numberOfRobotsOnBlackSite,numberOfRobotsOnWhiteSite
17317,29,13
timeStep,numberOfRobotsOnBlackSite,numberOfRobotsOnWhiteSite
17318,29,13
timeStep,numberOfRobotsOnBlackSite,numberOfRobotsOnWhiteSite
17319,29,13
timeStep,numberOfRobotsOnBlackSite,numberOfRobotsOnWhiteSite
17320,29,13
timeStep,numberOfRobotsOnBlackSite,numberOfRobotsOnWhiteSite
17321,29,13
timeStep,numberOfRobotsOnBlackSite,numberOfRobotsOnWhiteSite
17322,29,13
timeStep,numberOfRobotsOnBlackSite,numberOfRobotsOnWhiteSite
17323,29,13
timeStep,numberOfRobotsOnBlackSite,numberOfRobotsOnWhiteSite
17324,29,13
timeStep,numberOfRobotsOnBlackSite,numberOfRobotsOnWhiteSite
17325,29,13
timeStep,numberOfRobotsOnBlackSite,numberOfRobotsOnWhiteSite
17326,29,13
timeStep,numberOfRobotsOnBlackSite,numberOfRobotsOnWhiteSite
17327,29,13
timeStep,numberOfRobotsOnBlackSite,numberOfRobotsOnWhiteSite
17328,29,13
timeStep,numberOfRobotsOnBlackSite,numberOfRobotsOnWhiteSite
17329,29,13
timeStep,numberOfRobotsOnBlackSite,numberOfRobotsOnWhiteSite
17330,29,13
timeStep,numberOfRobotsOnBlackSite,numberOfRobotsOnWhiteSite
17331,29,13
timeStep,numberOfRobotsOnBlackSite,numberOfRobotsOnWhiteSite
17332,29,13
timeStep,numberOfRobotsOnBlackSite,numberOfRobotsOnWhiteSite
17333,29,13
timeStep,numberOfRobotsOnBlackSite,numberOfRobotsOnWhiteSite
17334,29,13
timeStep,numberOfRobotsOnBlackSite,numberOfRobotsOnWhiteSite
17335,29,13
timeStep,numberOfRobotsOnBlackSite,numberOfRobotsOnWhiteSite
17336,29,13
timeStep,numberOfRobotsOnBlackSite,numberOfRobotsOnWhiteSite
17337,29,13
timeStep,numberOfRobotsOnBlackSite,numberOfRobotsOnWhiteSite
17338,29,13
timeStep,numberOfRobotsOnBlackSite,numberOfRobotsOnWhiteSite
17339,29,13
timeStep,numberOfRobotsOnBlackSite,numberOfRobotsOnWhiteSite
17340,28,13
timeStep,numberOfRobotsOnBlackSite,numberOfRobotsOnWhiteSite
17341,28,13
timeStep,numberOfRobotsOnBlackSite,numberOfRobotsOnWhiteSite
17342,28,13
timeStep,numberOfRobotsOnBlackSite,numberOfRobotsOnWhiteSite
17343,28,13
timeStep,numberOfRobotsOnBlackSite,numberOfRobotsOnWhiteSite
17344,28,13
timeStep,numberOfRobotsOnBlackSite,numberOfRobotsOnWhiteSite
17345,28,13
timeStep,numberOfRobotsOnBlackSite,numberOfRobotsOnWhiteSite
17346,28,13
timeStep,numberOfRobotsOnBlackSite,numberOfRobotsOnWhiteSite
17347,28,13
timeStep,numberOfRobotsOnBlackSite,numberOfRobotsOnWhiteSite
17348,28,13
timeStep,numberOfRobotsOnBlackSite,numberOfRobotsOnWhiteSite
17349,28,13
timeStep,numberOfRobotsOnBlackSite,numberOfRobotsOnWhiteSite
17350,28,13
timeStep,numberOfRobotsOnBlackSite,numberOfRobotsOnWhiteSite
17351,28,13
timeStep,numberOfRobotsOnBlackSite,numberOfRobotsOnWhiteSite
17352,28,13
timeStep,numberOfRobotsOnBlackSite,numberOfRobotsOnWhiteSite
17353,28,13
timeStep,numberOfRobotsOnBlackSite,numberOfRobotsOnWhiteSite
17354,28,13
timeStep,numberOfRobotsOnBlackSite,numberOfRobotsOnWhiteSite
17355,29,13
timeStep,numberOfRobotsOnBlackSite,numberOfRobotsOnWhiteSite
17356,29,13
timeStep,numberOfRobotsOnBlackSite,numberOfRobotsOnWhiteSite
17357,29,13
timeStep,numberOfRobotsOnBlackSite,numberOfRobotsOnWhiteSite
17358,29,13
timeStep,numberOfRobotsOnBlackSite,numberOfRobotsOnWhiteSite
17359,29,13
timeStep,numberOfRobotsOnBlackSite,numberOfRobotsOnWhiteSite
17360,29,13
timeStep,numberOfRobotsOnBlackSite,numberOfRobotsOnWhiteSite
17361,29,13
timeStep,numberOfRobotsOnBlackSite,numberOfRobotsOnWhiteSite
17362,29,13
timeStep,numberOfRobotsOnBlackSite,numberOfRobotsOnWhiteSite
17363,29,13
timeStep,numberOfRobotsOnBlackSite,numberOfRobotsOnWhiteSite
17364,29,13
timeStep,numberOfRobotsOnBlackSite,numberOfRobotsOnWhiteSite
17365,29,13
timeStep,numberOfRobotsOnBlackSite,numberOfRobotsOnWhiteSite
17366,29,13
timeStep,numberOfRobotsOnBlackSite,numberOfRobotsOnWhiteSite
17367,29,13
timeStep,numberOfRobotsOnBlackSite,numberOfRobotsOnWhiteSite
17368,29,13
timeStep,numberOfRobotsOnBlackSite,numberOfRobotsOnWhiteSite
17369,29,13
timeStep,numberOfRobotsOnBlackSite,numberOfRobotsOnWhiteSite
17370,29,13
timeStep,numberOfRobotsOnBlackSite,numberOfRobotsOnWhiteSite
17371,29,13
timeStep,numberOfRobotsOnBlackSite,numberOfRobotsOnWhiteSite
17372,29,13
timeStep,numberOfRobotsOnBlackSite,numberOfRobotsOnWhiteSite
17373,29,13
timeStep,numberOfRobotsOnBlackSite,numberOfRobotsOnWhiteSite
17374,29,13
timeStep,numberOfRobotsOnBlackSite,numberOfRobotsOnWhiteSite
17375,29,13
timeStep,numberOfRobotsOnBlackSite,numberOfRobotsOnWhiteSite
17376,29,13
timeStep,numberOfRobotsOnBlackSite,numberOfRobotsOnWhiteSite
17377,29,13
timeStep,numberOfRobotsOnBlackSite,numberOfRobotsOnWhiteSite
17378,29,13
timeStep,numberOfRobotsOnBlackSite,numberOfRobotsOnWhiteSite
17379,29,13
timeStep,numberOfRobotsOnBlackSite,numberOfRobotsOnWhiteSite
17380,29,13
timeStep,numberOfRobotsOnBlackSite,numberOfRobotsOnWhiteSite
17381,29,13
timeStep,numberOfRobotsOnBlackSite,numberOfRobotsOnWhiteSite
17382,29,13
timeStep,numberOfRobotsOnBlackSite,numberOfRobotsOnWhiteSite
17383,29,13
timeStep,numberOfRobotsOnBlackSite,numberOfRobotsOnWhiteSite
17384,29,13
timeStep,numberOfRobotsOnBlackSite,numberOfRobotsOnWhiteSite
17385,29,13
timeStep,numberOfRobotsOnBlackSite,numberOfRobotsOnWhiteSite
17386,29,13
timeStep,numberOfRobotsOnBlackSite,numberOfRobotsOnWhiteSite
17387,29,13
timeStep,numberOfRobotsOnBlackSite,numberOfRobotsOnWhiteSite
17388,29,13
timeStep,numberOfRobotsOnBlackSite,numberOfRobotsOnWhiteSite
17389,29,13
timeStep,numberOfRobotsOnBlackSite,numberOfRobotsOnWhiteSite
17390,29,13
timeStep,numberOfRobotsOnBlackSite,numberOfRobotsOnWhiteSite
17391,29,13
timeStep,numberOfRobotsOnBlackSite,numberOfRobotsOnWhiteSite
17392,29,13
timeStep,numberOfRobotsOnBlackSite,numberOfRobotsOnWhiteSite
17393,29,13
timeStep,numberOfRobotsOnBlackSite,numberOfRobotsOnWhiteSite
17394,29,13
timeStep,numberOfRobotsOnBlackSite,numberOfRobotsOnWhiteSite
17395,29,13
timeStep,numberOfRobotsOnBlackSite,numberOfRobotsOnWhiteSite
17396,29,13
timeStep,numberOfRobotsOnBlackSite,numberOfRobotsOnWhiteSite
17397,29,13
timeStep,numberOfRobotsOnBlackSite,numberOfRobotsOnWhiteSite
17398,29,13
timeStep,numberOfRobotsOnBlackSite,numberOfRobotsOnWhiteSite
17399,29,13
timeStep,numberOfRobotsOnBlackSite,numberOfRobotsOnWhiteSite
17400,29,13
timeStep,numberOfRobotsOnBlackSite,numberOfRobotsOnWhiteSite
17401,29,13
timeStep,numberOfRobotsOnBlackSite,numberOfRobotsOnWhiteSite
17402,29,13
timeStep,numberOfRobotsOnBlackSite,numberOfRobotsOnWhiteSite
17403,29,13
timeStep,numberOfRobotsOnBlackSite,numberOfRobotsOnWhiteSite
17404,29,13
timeStep,numberOfRobotsOnBlackSite,numberOfRobotsOnWhiteSite
17405,29,13
timeStep,numberOfRobotsOnBlackSite,numberOfRobotsOnWhiteSite
17406,29,13
timeStep,numberOfRobotsOnBlackSite,numberOfRobotsOnWhiteSite
17407,29,13
timeStep,numberOfRobotsOnBlackSite,numberOfRobotsOnWhiteSite
17408,29,13
timeStep,numberOfRobotsOnBlackSite,numberOfRobotsOnWhiteSite
17409,29,13
timeStep,numberOfRobotsOnBlackSite,numberOfRobotsOnWhiteSite
17410,29,13
timeStep,numberOfRobotsOnBlackSite,numberOfRobotsOnWhiteSite
17411,29,13
timeStep,numberOfRobotsOnBlackSite,numberOfRobotsOnWhiteSite
17412,29,13
timeStep,numberOfRobotsOnBlackSite,numberOfRobotsOnWhiteSite
17413,29,13
timeStep,numberOfRobotsOnBlackSite,numberOfRobotsOnWhiteSite
17414,29,13
timeStep,numberOfRobotsOnBlackSite,numberOfRobotsOnWhiteSite
17415,29,13
timeStep,numberOfRobotsOnBlackSite,numberOfRobotsOnWhiteSite
17416,29,13
timeStep,numberOfRobotsOnBlackSite,numberOfRobotsOnWhiteSite
17417,29,13
timeStep,numberOfRobotsOnBlackSite,numberOfRobotsOnWhiteSite
17418,29,13
timeStep,numberOfRobotsOnBlackSite,numberOfRobotsOnWhiteSite
17419,29,13
timeStep,numberOfRobotsOnBlackSite,numberOfRobotsOnWhiteSite
17420,29,13
timeStep,numberOfRobotsOnBlackSite,numberOfRobotsOnWhiteSite
17421,29,13
timeStep,numberOfRobotsOnBlackSite,numberOfRobotsOnWhiteSite
17422,29,13
timeStep,numberOfRobotsOnBlackSite,numberOfRobotsOnWhiteSite
17423,29,13
timeStep,numberOfRobotsOnBlackSite,numberOfRobotsOnWhiteSite
17424,29,13
timeStep,numberOfRobotsOnBlackSite,numberOfRobotsOnWhiteSite
17425,29,13
timeStep,numberOfRobotsOnBlackSite,numberOfRobotsOnWhiteSite
17426,29,13
timeStep,numberOfRobotsOnBlackSite,numberOfRobotsOnWhiteSite
17427,29,13
timeStep,numberOfRobotsOnBlackSite,numberOfRobotsOnWhiteSite
17428,29,13
timeStep,numberOfRobotsOnBlackSite,numberOfRobotsOnWhiteSite
17429,29,13
timeStep,numberOfRobotsOnBlackSite,numberOfRobotsOnWhiteSite
17430,29,13
timeStep,numberOfRobotsOnBlackSite,numberOfRobotsOnWhiteSite
17431,29,13
timeStep,numberOfRobotsOnBlackSite,numberOfRobotsOnWhiteSite
17432,29,13
timeStep,numberOfRobotsOnBlackSite,numberOfRobotsOnWhiteSite
17433,29,13
timeStep,numberOfRobotsOnBlackSite,numberOfRobotsOnWhiteSite
17434,29,13
timeStep,numberOfRobotsOnBlackSite,numberOfRobotsOnWhiteSite
17435,28,13
timeStep,numberOfRobotsOnBlackSite,numberOfRobotsOnWhiteSite
17436,28,13
timeStep,numberOfRobotsOnBlackSite,numberOfRobotsOnWhiteSite
17437,28,13
timeStep,numberOfRobotsOnBlackSite,numberOfRobotsOnWhiteSite
17438,28,13
timeStep,numberOfRobotsOnBlackSite,numberOfRobotsOnWhiteSite
17439,28,13
timeStep,numberOfRobotsOnBlackSite,numberOfRobotsOnWhiteSite
17440,28,13
timeStep,numberOfRobotsOnBlackSite,numberOfRobotsOnWhiteSite
17441,28,13
timeStep,numberOfRobotsOnBlackSite,numberOfRobotsOnWhiteSite
17442,28,13
timeStep,numberOfRobotsOnBlackSite,numberOfRobotsOnWhiteSite
17443,28,13
timeStep,numberOfRobotsOnBlackSite,numberOfRobotsOnWhiteSite
17444,28,13
timeStep,numberOfRobotsOnBlackSite,numberOfRobotsOnWhiteSite
17445,28,13
timeStep,numberOfRobotsOnBlackSite,numberOfRobotsOnWhiteSite
17446,28,13
timeStep,numberOfRobotsOnBlackSite,numberOfRobotsOnWhiteSite
17447,28,13
timeStep,numberOfRobotsOnBlackSite,numberOfRobotsOnWhiteSite
17448,28,13
timeStep,numberOfRobotsOnBlackSite,numberOfRobotsOnWhiteSite
17449,28,13
timeStep,numberOfRobotsOnBlackSite,numberOfRobotsOnWhiteSite
17450,28,13
timeStep,numberOfRobotsOnBlackSite,numberOfRobotsOnWhiteSite
17451,28,13
timeStep,numberOfRobotsOnBlackSite,numberOfRobotsOnWhiteSite
17452,28,13
timeStep,numberOfRobotsOnBlackSite,numberOfRobotsOnWhiteSite
17453,28,13
timeStep,numberOfRobotsOnBlackSite,numberOfRobotsOnWhiteSite
17454,28,13
timeStep,numberOfRobotsOnBlackSite,numberOfRobotsOnWhiteSite
17455,28,13
timeStep,numberOfRobotsOnBlackSite,numberOfRobotsOnWhiteSite
17456,28,13
timeStep,numberOfRobotsOnBlackSite,numberOfRobotsOnWhiteSite
17457,28,13
timeStep,numberOfRobotsOnBlackSite,numberOfRobotsOnWhiteSite
17458,28,13
timeStep,numberOfRobotsOnBlackSite,numberOfRobotsOnWhiteSite
17459,28,13
timeStep,numberOfRobotsOnBlackSite,numberOfRobotsOnWhiteSite
17460,28,13
timeStep,numberOfRobotsOnBlackSite,numberOfRobotsOnWhiteSite
17461,28,13
timeStep,numberOfRobotsOnBlackSite,numberOfRobotsOnWhiteSite
17462,28,13
timeStep,numberOfRobotsOnBlackSite,numberOfRobotsOnWhiteSite
17463,28,13
timeStep,numberOfRobotsOnBlackSite,numberOfRobotsOnWhiteSite
17464,28,13
timeStep,numberOfRobotsOnBlackSite,numberOfRobotsOnWhiteSite
17465,28,13
timeStep,numberOfRobotsOnBlackSite,numberOfRobotsOnWhiteSite
17466,28,13
timeStep,numberOfRobotsOnBlackSite,numberOfRobotsOnWhiteSite
17467,28,13
timeStep,numberOfRobotsOnBlackSite,numberOfRobotsOnWhiteSite
17468,28,13
timeStep,numberOfRobotsOnBlackSite,numberOfRobotsOnWhiteSite
17469,28,13
timeStep,numberOfRobotsOnBlackSite,numberOfRobotsOnWhiteSite
17470,28,13
timeStep,numberOfRobotsOnBlackSite,numberOfRobotsOnWhiteSite
17471,28,13
timeStep,numberOfRobotsOnBlackSite,numberOfRobotsOnWhiteSite
17472,28,13
timeStep,numberOfRobotsOnBlackSite,numberOfRobotsOnWhiteSite
17473,28,13
timeStep,numberOfRobotsOnBlackSite,numberOfRobotsOnWhiteSite
17474,28,13
timeStep,numberOfRobotsOnBlackSite,numberOfRobotsOnWhiteSite
17475,28,13
timeStep,numberOfRobotsOnBlackSite,numberOfRobotsOnWhiteSite
17476,28,13
timeStep,numberOfRobotsOnBlackSite,numberOfRobotsOnWhiteSite
17477,28,13
timeStep,numberOfRobotsOnBlackSite,numberOfRobotsOnWhiteSite
17478,28,13
timeStep,numberOfRobotsOnBlackSite,numberOfRobotsOnWhiteSite
17479,28,13
timeStep,numberOfRobotsOnBlackSite,numberOfRobotsOnWhiteSite
17480,28,13
timeStep,numberOfRobotsOnBlackSite,numberOfRobotsOnWhiteSite
17481,28,13
timeStep,numberOfRobotsOnBlackSite,numberOfRobotsOnWhiteSite
17482,28,13
timeStep,numberOfRobotsOnBlackSite,numberOfRobotsOnWhiteSite
17483,28,13
timeStep,numberOfRobotsOnBlackSite,numberOfRobotsOnWhiteSite
17484,28,13
timeStep,numberOfRobotsOnBlackSite,numberOfRobotsOnWhiteSite
17485,28,13
timeStep,numberOfRobotsOnBlackSite,numberOfRobotsOnWhiteSite
17486,28,13
timeStep,numberOfRobotsOnBlackSite,numberOfRobotsOnWhiteSite
17487,28,13
timeStep,numberOfRobotsOnBlackSite,numberOfRobotsOnWhiteSite
17488,28,13
timeStep,numberOfRobotsOnBlackSite,numberOfRobotsOnWhiteSite
17489,28,13
timeStep,numberOfRobotsOnBlackSite,numberOfRobotsOnWhiteSite
17490,28,13
timeStep,numberOfRobotsOnBlackSite,numberOfRobotsOnWhiteSite
17491,28,13
timeStep,numberOfRobotsOnBlackSite,numberOfRobotsOnWhiteSite
17492,28,13
timeStep,numberOfRobotsOnBlackSite,numberOfRobotsOnWhiteSite
17493,28,13
timeStep,numberOfRobotsOnBlackSite,numberOfRobotsOnWhiteSite
17494,28,13
timeStep,numberOfRobotsOnBlackSite,numberOfRobotsOnWhiteSite
17495,28,13
timeStep,numberOfRobotsOnBlackSite,numberOfRobotsOnWhiteSite
17496,28,13
timeStep,numberOfRobotsOnBlackSite,numberOfRobotsOnWhiteSite
17497,28,13
timeStep,numberOfRobotsOnBlackSite,numberOfRobotsOnWhiteSite
17498,28,13
timeStep,numberOfRobotsOnBlackSite,numberOfRobotsOnWhiteSite
17499,28,13
timeStep,numberOfRobotsOnBlackSite,numberOfRobotsOnWhiteSite
17500,28,13
timeStep,numberOfRobotsOnBlackSite,numberOfRobotsOnWhiteSite
17501,28,13
timeStep,numberOfRobotsOnBlackSite,numberOfRobotsOnWhiteSite
17502,28,13
timeStep,numberOfRobotsOnBlackSite,numberOfRobotsOnWhiteSite
17503,28,13
timeStep,numberOfRobotsOnBlackSite,numberOfRobotsOnWhiteSite
17504,28,13
timeStep,numberOfRobotsOnBlackSite,numberOfRobotsOnWhiteSite
17505,28,14
timeStep,numberOfRobotsOnBlackSite,numberOfRobotsOnWhiteSite
17506,28,14
timeStep,numberOfRobotsOnBlackSite,numberOfRobotsOnWhiteSite
17507,28,14
timeStep,numberOfRobotsOnBlackSite,numberOfRobotsOnWhiteSite
17508,28,14
timeStep,numberOfRobotsOnBlackSite,numberOfRobotsOnWhiteSite
17509,28,14
timeStep,numberOfRobotsOnBlackSite,numberOfRobotsOnWhiteSite
17510,28,14
timeStep,numberOfRobotsOnBlackSite,numberOfRobotsOnWhiteSite
17511,28,14
timeStep,numberOfRobotsOnBlackSite,numberOfRobotsOnWhiteSite
17512,28,14
timeStep,numberOfRobotsOnBlackSite,numberOfRobotsOnWhiteSite
17513,28,14
timeStep,numberOfRobotsOnBlackSite,numberOfRobotsOnWhiteSite
17514,28,14
timeStep,numberOfRobotsOnBlackSite,numberOfRobotsOnWhiteSite
17515,28,14
timeStep,numberOfRobotsOnBlackSite,numberOfRobotsOnWhiteSite
17516,28,14
timeStep,numberOfRobotsOnBlackSite,numberOfRobotsOnWhiteSite
17517,28,14
timeStep,numberOfRobotsOnBlackSite,numberOfRobotsOnWhiteSite
17518,28,14
timeStep,numberOfRobotsOnBlackSite,numberOfRobotsOnWhiteSite
17519,28,14
timeStep,numberOfRobotsOnBlackSite,numberOfRobotsOnWhiteSite
17520,28,14
timeStep,numberOfRobotsOnBlackSite,numberOfRobotsOnWhiteSite
17521,28,14
timeStep,numberOfRobotsOnBlackSite,numberOfRobotsOnWhiteSite
17522,28,14
timeStep,numberOfRobotsOnBlackSite,numberOfRobotsOnWhiteSite
17523,28,14
timeStep,numberOfRobotsOnBlackSite,numberOfRobotsOnWhiteSite
17524,28,14
timeStep,numberOfRobotsOnBlackSite,numberOfRobotsOnWhiteSite
17525,28,14
timeStep,numberOfRobotsOnBlackSite,numberOfRobotsOnWhiteSite
17526,28,14
timeStep,numberOfRobotsOnBlackSite,numberOfRobotsOnWhiteSite
17527,28,14
timeStep,numberOfRobotsOnBlackSite,numberOfRobotsOnWhiteSite
17528,28,14
timeStep,numberOfRobotsOnBlackSite,numberOfRobotsOnWhiteSite
17529,28,14
timeStep,numberOfRobotsOnBlackSite,numberOfRobotsOnWhiteSite
17530,28,14
timeStep,numberOfRobotsOnBlackSite,numberOfRobotsOnWhiteSite
17531,28,14
timeStep,numberOfRobotsOnBlackSite,numberOfRobotsOnWhiteSite
17532,28,14
timeStep,numberOfRobotsOnBlackSite,numberOfRobotsOnWhiteSite
17533,28,14
timeStep,numberOfRobotsOnBlackSite,numberOfRobotsOnWhiteSite
17534,28,14
timeStep,numberOfRobotsOnBlackSite,numberOfRobotsOnWhiteSite
17535,28,14
timeStep,numberOfRobotsOnBlackSite,numberOfRobotsOnWhiteSite
17536,28,14
timeStep,numberOfRobotsOnBlackSite,numberOfRobotsOnWhiteSite
17537,28,14
timeStep,numberOfRobotsOnBlackSite,numberOfRobotsOnWhiteSite
17538,28,14
timeStep,numberOfRobotsOnBlackSite,numberOfRobotsOnWhiteSite
17539,28,14
timeStep,numberOfRobotsOnBlackSite,numberOfRobotsOnWhiteSite
17540,28,14
timeStep,numberOfRobotsOnBlackSite,numberOfRobotsOnWhiteSite
17541,28,14
timeStep,numberOfRobotsOnBlackSite,numberOfRobotsOnWhiteSite
17542,28,14
timeStep,numberOfRobotsOnBlackSite,numberOfRobotsOnWhiteSite
17543,28,14
timeStep,numberOfRobotsOnBlackSite,numberOfRobotsOnWhiteSite
17544,28,14
timeStep,numberOfRobotsOnBlackSite,numberOfRobotsOnWhiteSite
17545,28,14
timeStep,numberOfRobotsOnBlackSite,numberOfRobotsOnWhiteSite
17546,28,14
timeStep,numberOfRobotsOnBlackSite,numberOfRobotsOnWhiteSite
17547,28,14
timeStep,numberOfRobotsOnBlackSite,numberOfRobotsOnWhiteSite
17548,28,14
timeStep,numberOfRobotsOnBlackSite,numberOfRobotsOnWhiteSite
17549,28,14
timeStep,numberOfRobotsOnBlackSite,numberOfRobotsOnWhiteSite
17550,28,14
timeStep,numberOfRobotsOnBlackSite,numberOfRobotsOnWhiteSite
17551,28,14
timeStep,numberOfRobotsOnBlackSite,numberOfRobotsOnWhiteSite
17552,28,14
timeStep,numberOfRobotsOnBlackSite,numberOfRobotsOnWhiteSite
17553,28,14
timeStep,numberOfRobotsOnBlackSite,numberOfRobotsOnWhiteSite
17554,28,14
timeStep,numberOfRobotsOnBlackSite,numberOfRobotsOnWhiteSite
17555,28,14
timeStep,numberOfRobotsOnBlackSite,numberOfRobotsOnWhiteSite
17556,28,14
timeStep,numberOfRobotsOnBlackSite,numberOfRobotsOnWhiteSite
17557,28,14
timeStep,numberOfRobotsOnBlackSite,numberOfRobotsOnWhiteSite
17558,28,14
timeStep,numberOfRobotsOnBlackSite,numberOfRobotsOnWhiteSite
17559,28,14
timeStep,numberOfRobotsOnBlackSite,numberOfRobotsOnWhiteSite
17560,28,14
timeStep,numberOfRobotsOnBlackSite,numberOfRobotsOnWhiteSite
17561,28,14
timeStep,numberOfRobotsOnBlackSite,numberOfRobotsOnWhiteSite
17562,28,14
timeStep,numberOfRobotsOnBlackSite,numberOfRobotsOnWhiteSite
17563,28,14
timeStep,numberOfRobotsOnBlackSite,numberOfRobotsOnWhiteSite
17564,28,14
timeStep,numberOfRobotsOnBlackSite,numberOfRobotsOnWhiteSite
17565,28,14
timeStep,numberOfRobotsOnBlackSite,numberOfRobotsOnWhiteSite
17566,28,14
timeStep,numberOfRobotsOnBlackSite,numberOfRobotsOnWhiteSite
17567,28,14
timeStep,numberOfRobotsOnBlackSite,numberOfRobotsOnWhiteSite
17568,28,14
timeStep,numberOfRobotsOnBlackSite,numberOfRobotsOnWhiteSite
17569,28,14
timeStep,numberOfRobotsOnBlackSite,numberOfRobotsOnWhiteSite
17570,28,14
timeStep,numberOfRobotsOnBlackSite,numberOfRobotsOnWhiteSite
17571,28,14
timeStep,numberOfRobotsOnBlackSite,numberOfRobotsOnWhiteSite
17572,28,14
timeStep,numberOfRobotsOnBlackSite,numberOfRobotsOnWhiteSite
17573,28,14
timeStep,numberOfRobotsOnBlackSite,numberOfRobotsOnWhiteSite
17574,28,14
timeStep,numberOfRobotsOnBlackSite,numberOfRobotsOnWhiteSite
17575,28,14
timeStep,numberOfRobotsOnBlackSite,numberOfRobotsOnWhiteSite
17576,28,14
timeStep,numberOfRobotsOnBlackSite,numberOfRobotsOnWhiteSite
17577,28,14
timeStep,numberOfRobotsOnBlackSite,numberOfRobotsOnWhiteSite
17578,28,14
timeStep,numberOfRobotsOnBlackSite,numberOfRobotsOnWhiteSite
17579,28,14
timeStep,numberOfRobotsOnBlackSite,numberOfRobotsOnWhiteSite
17580,28,14
timeStep,numberOfRobotsOnBlackSite,numberOfRobotsOnWhiteSite
17581,28,14
timeStep,numberOfRobotsOnBlackSite,numberOfRobotsOnWhiteSite
17582,28,14
timeStep,numberOfRobotsOnBlackSite,numberOfRobotsOnWhiteSite
17583,28,14
timeStep,numberOfRobotsOnBlackSite,numberOfRobotsOnWhiteSite
17584,28,14
timeStep,numberOfRobotsOnBlackSite,numberOfRobotsOnWhiteSite
17585,28,14
timeStep,numberOfRobotsOnBlackSite,numberOfRobotsOnWhiteSite
17586,28,14
timeStep,numberOfRobotsOnBlackSite,numberOfRobotsOnWhiteSite
17587,28,14
timeStep,numberOfRobotsOnBlackSite,numberOfRobotsOnWhiteSite
17588,28,14
timeStep,numberOfRobotsOnBlackSite,numberOfRobotsOnWhiteSite
17589,28,14
timeStep,numberOfRobotsOnBlackSite,numberOfRobotsOnWhiteSite
17590,28,14
timeStep,numberOfRobotsOnBlackSite,numberOfRobotsOnWhiteSite
17591,28,14
timeStep,numberOfRobotsOnBlackSite,numberOfRobotsOnWhiteSite
17592,28,14
timeStep,numberOfRobotsOnBlackSite,numberOfRobotsOnWhiteSite
17593,28,14
timeStep,numberOfRobotsOnBlackSite,numberOfRobotsOnWhiteSite
17594,28,14
timeStep,numberOfRobotsOnBlackSite,numberOfRobotsOnWhiteSite
17595,28,14
timeStep,numberOfRobotsOnBlackSite,numberOfRobotsOnWhiteSite
17596,28,14
timeStep,numberOfRobotsOnBlackSite,numberOfRobotsOnWhiteSite
17597,28,14
timeStep,numberOfRobotsOnBlackSite,numberOfRobotsOnWhiteSite
17598,28,14
timeStep,numberOfRobotsOnBlackSite,numberOfRobotsOnWhiteSite
17599,28,14
timeStep,numberOfRobotsOnBlackSite,numberOfRobotsOnWhiteSite
17600,28,14
timeStep,numberOfRobotsOnBlackSite,numberOfRobotsOnWhiteSite
17601,28,14
timeStep,numberOfRobotsOnBlackSite,numberOfRobotsOnWhiteSite
17602,28,14
timeStep,numberOfRobotsOnBlackSite,numberOfRobotsOnWhiteSite
17603,28,14
timeStep,numberOfRobotsOnBlackSite,numberOfRobotsOnWhiteSite
17604,28,14
timeStep,numberOfRobotsOnBlackSite,numberOfRobotsOnWhiteSite
17605,28,14
timeStep,numberOfRobotsOnBlackSite,numberOfRobotsOnWhiteSite
17606,28,14
timeStep,numberOfRobotsOnBlackSite,numberOfRobotsOnWhiteSite
17607,28,14
timeStep,numberOfRobotsOnBlackSite,numberOfRobotsOnWhiteSite
17608,28,14
timeStep,numberOfRobotsOnBlackSite,numberOfRobotsOnWhiteSite
17609,28,14
timeStep,numberOfRobotsOnBlackSite,numberOfRobotsOnWhiteSite
17610,28,14
timeStep,numberOfRobotsOnBlackSite,numberOfRobotsOnWhiteSite
17611,28,14
timeStep,numberOfRobotsOnBlackSite,numberOfRobotsOnWhiteSite
17612,28,14
timeStep,numberOfRobotsOnBlackSite,numberOfRobotsOnWhiteSite
17613,28,14
timeStep,numberOfRobotsOnBlackSite,numberOfRobotsOnWhiteSite
17614,28,14
timeStep,numberOfRobotsOnBlackSite,numberOfRobotsOnWhiteSite
17615,28,14
timeStep,numberOfRobotsOnBlackSite,numberOfRobotsOnWhiteSite
17616,28,14
timeStep,numberOfRobotsOnBlackSite,numberOfRobotsOnWhiteSite
17617,28,14
timeStep,numberOfRobotsOnBlackSite,numberOfRobotsOnWhiteSite
17618,28,14
timeStep,numberOfRobotsOnBlackSite,numberOfRobotsOnWhiteSite
17619,28,14
timeStep,numberOfRobotsOnBlackSite,numberOfRobotsOnWhiteSite
17620,28,14
timeStep,numberOfRobotsOnBlackSite,numberOfRobotsOnWhiteSite
17621,28,14
timeStep,numberOfRobotsOnBlackSite,numberOfRobotsOnWhiteSite
17622,28,14
timeStep,numberOfRobotsOnBlackSite,numberOfRobotsOnWhiteSite
17623,28,14
timeStep,numberOfRobotsOnBlackSite,numberOfRobotsOnWhiteSite
17624,28,14
timeStep,numberOfRobotsOnBlackSite,numberOfRobotsOnWhiteSite
17625,28,14
timeStep,numberOfRobotsOnBlackSite,numberOfRobotsOnWhiteSite
17626,28,14
timeStep,numberOfRobotsOnBlackSite,numberOfRobotsOnWhiteSite
17627,28,14
timeStep,numberOfRobotsOnBlackSite,numberOfRobotsOnWhiteSite
17628,28,14
timeStep,numberOfRobotsOnBlackSite,numberOfRobotsOnWhiteSite
17629,28,14
timeStep,numberOfRobotsOnBlackSite,numberOfRobotsOnWhiteSite
17630,28,14
timeStep,numberOfRobotsOnBlackSite,numberOfRobotsOnWhiteSite
17631,28,14
timeStep,numberOfRobotsOnBlackSite,numberOfRobotsOnWhiteSite
17632,28,14
timeStep,numberOfRobotsOnBlackSite,numberOfRobotsOnWhiteSite
17633,28,14
timeStep,numberOfRobotsOnBlackSite,numberOfRobotsOnWhiteSite
17634,28,14
timeStep,numberOfRobotsOnBlackSite,numberOfRobotsOnWhiteSite
17635,29,14
timeStep,numberOfRobotsOnBlackSite,numberOfRobotsOnWhiteSite
17636,29,14
timeStep,numberOfRobotsOnBlackSite,numberOfRobotsOnWhiteSite
17637,29,14
timeStep,numberOfRobotsOnBlackSite,numberOfRobotsOnWhiteSite
17638,29,14
timeStep,numberOfRobotsOnBlackSite,numberOfRobotsOnWhiteSite
17639,29,14
timeStep,numberOfRobotsOnBlackSite,numberOfRobotsOnWhiteSite
17640,29,14
timeStep,numberOfRobotsOnBlackSite,numberOfRobotsOnWhiteSite
17641,29,14
timeStep,numberOfRobotsOnBlackSite,numberOfRobotsOnWhiteSite
17642,29,14
timeStep,numberOfRobotsOnBlackSite,numberOfRobotsOnWhiteSite
17643,29,14
timeStep,numberOfRobotsOnBlackSite,numberOfRobotsOnWhiteSite
17644,29,14
timeStep,numberOfRobotsOnBlackSite,numberOfRobotsOnWhiteSite
17645,29,14
timeStep,numberOfRobotsOnBlackSite,numberOfRobotsOnWhiteSite
17646,29,14
timeStep,numberOfRobotsOnBlackSite,numberOfRobotsOnWhiteSite
17647,29,14
timeStep,numberOfRobotsOnBlackSite,numberOfRobotsOnWhiteSite
17648,29,14
timeStep,numberOfRobotsOnBlackSite,numberOfRobotsOnWhiteSite
17649,29,14
timeStep,numberOfRobotsOnBlackSite,numberOfRobotsOnWhiteSite
17650,29,14
timeStep,numberOfRobotsOnBlackSite,numberOfRobotsOnWhiteSite
17651,29,14
timeStep,numberOfRobotsOnBlackSite,numberOfRobotsOnWhiteSite
17652,29,14
timeStep,numberOfRobotsOnBlackSite,numberOfRobotsOnWhiteSite
17653,29,14
timeStep,numberOfRobotsOnBlackSite,numberOfRobotsOnWhiteSite
17654,29,14
timeStep,numberOfRobotsOnBlackSite,numberOfRobotsOnWhiteSite
17655,29,14
timeStep,numberOfRobotsOnBlackSite,numberOfRobotsOnWhiteSite
17656,29,14
timeStep,numberOfRobotsOnBlackSite,numberOfRobotsOnWhiteSite
17657,29,14
timeStep,numberOfRobotsOnBlackSite,numberOfRobotsOnWhiteSite
17658,29,14
timeStep,numberOfRobotsOnBlackSite,numberOfRobotsOnWhiteSite
17659,29,14
timeStep,numberOfRobotsOnBlackSite,numberOfRobotsOnWhiteSite
17660,29,14
timeStep,numberOfRobotsOnBlackSite,numberOfRobotsOnWhiteSite
17661,29,14
timeStep,numberOfRobotsOnBlackSite,numberOfRobotsOnWhiteSite
17662,29,14
timeStep,numberOfRobotsOnBlackSite,numberOfRobotsOnWhiteSite
17663,29,14
timeStep,numberOfRobotsOnBlackSite,numberOfRobotsOnWhiteSite
17664,29,14
timeStep,numberOfRobotsOnBlackSite,numberOfRobotsOnWhiteSite
17665,29,14
timeStep,numberOfRobotsOnBlackSite,numberOfRobotsOnWhiteSite
17666,29,14
timeStep,numberOfRobotsOnBlackSite,numberOfRobotsOnWhiteSite
17667,29,14
timeStep,numberOfRobotsOnBlackSite,numberOfRobotsOnWhiteSite
17668,29,14
timeStep,numberOfRobotsOnBlackSite,numberOfRobotsOnWhiteSite
17669,29,14
timeStep,numberOfRobotsOnBlackSite,numberOfRobotsOnWhiteSite
17670,29,14
timeStep,numberOfRobotsOnBlackSite,numberOfRobotsOnWhiteSite
17671,29,14
timeStep,numberOfRobotsOnBlackSite,numberOfRobotsOnWhiteSite
17672,29,14
timeStep,numberOfRobotsOnBlackSite,numberOfRobotsOnWhiteSite
17673,29,14
timeStep,numberOfRobotsOnBlackSite,numberOfRobotsOnWhiteSite
17674,29,14
timeStep,numberOfRobotsOnBlackSite,numberOfRobotsOnWhiteSite
17675,29,14
timeStep,numberOfRobotsOnBlackSite,numberOfRobotsOnWhiteSite
17676,29,14
timeStep,numberOfRobotsOnBlackSite,numberOfRobotsOnWhiteSite
17677,29,14
timeStep,numberOfRobotsOnBlackSite,numberOfRobotsOnWhiteSite
17678,29,14
timeStep,numberOfRobotsOnBlackSite,numberOfRobotsOnWhiteSite
17679,29,14
timeStep,numberOfRobotsOnBlackSite,numberOfRobotsOnWhiteSite
17680,29,14
timeStep,numberOfRobotsOnBlackSite,numberOfRobotsOnWhiteSite
17681,29,14
timeStep,numberOfRobotsOnBlackSite,numberOfRobotsOnWhiteSite
17682,29,14
timeStep,numberOfRobotsOnBlackSite,numberOfRobotsOnWhiteSite
17683,29,14
timeStep,numberOfRobotsOnBlackSite,numberOfRobotsOnWhiteSite
17684,29,14
timeStep,numberOfRobotsOnBlackSite,numberOfRobotsOnWhiteSite
17685,29,14
timeStep,numberOfRobotsOnBlackSite,numberOfRobotsOnWhiteSite
17686,29,14
timeStep,numberOfRobotsOnBlackSite,numberOfRobotsOnWhiteSite
17687,29,14
timeStep,numberOfRobotsOnBlackSite,numberOfRobotsOnWhiteSite
17688,29,14
timeStep,numberOfRobotsOnBlackSite,numberOfRobotsOnWhiteSite
17689,29,14
timeStep,numberOfRobotsOnBlackSite,numberOfRobotsOnWhiteSite
17690,29,14
timeStep,numberOfRobotsOnBlackSite,numberOfRobotsOnWhiteSite
17691,29,14
timeStep,numberOfRobotsOnBlackSite,numberOfRobotsOnWhiteSite
17692,29,14
timeStep,numberOfRobotsOnBlackSite,numberOfRobotsOnWhiteSite
17693,29,14
timeStep,numberOfRobotsOnBlackSite,numberOfRobotsOnWhiteSite
17694,29,14
timeStep,numberOfRobotsOnBlackSite,numberOfRobotsOnWhiteSite
17695,29,14
timeStep,numberOfRobotsOnBlackSite,numberOfRobotsOnWhiteSite
17696,29,14
timeStep,numberOfRobotsOnBlackSite,numberOfRobotsOnWhiteSite
17697,29,14
timeStep,numberOfRobotsOnBlackSite,numberOfRobotsOnWhiteSite
17698,29,14
timeStep,numberOfRobotsOnBlackSite,numberOfRobotsOnWhiteSite
17699,29,14
timeStep,numberOfRobotsOnBlackSite,numberOfRobotsOnWhiteSite
17700,29,14
timeStep,numberOfRobotsOnBlackSite,numberOfRobotsOnWhiteSite
17701,29,14
timeStep,numberOfRobotsOnBlackSite,numberOfRobotsOnWhiteSite
17702,29,14
timeStep,numberOfRobotsOnBlackSite,numberOfRobotsOnWhiteSite
17703,29,14
timeStep,numberOfRobotsOnBlackSite,numberOfRobotsOnWhiteSite
17704,29,14
timeStep,numberOfRobotsOnBlackSite,numberOfRobotsOnWhiteSite
17705,29,14
timeStep,numberOfRobotsOnBlackSite,numberOfRobotsOnWhiteSite
17706,29,14
timeStep,numberOfRobotsOnBlackSite,numberOfRobotsOnWhiteSite
17707,29,14
timeStep,numberOfRobotsOnBlackSite,numberOfRobotsOnWhiteSite
17708,29,14
timeStep,numberOfRobotsOnBlackSite,numberOfRobotsOnWhiteSite
17709,29,14
timeStep,numberOfRobotsOnBlackSite,numberOfRobotsOnWhiteSite
17710,29,14
timeStep,numberOfRobotsOnBlackSite,numberOfRobotsOnWhiteSite
17711,29,14
timeStep,numberOfRobotsOnBlackSite,numberOfRobotsOnWhiteSite
17712,29,14
timeStep,numberOfRobotsOnBlackSite,numberOfRobotsOnWhiteSite
17713,29,14
timeStep,numberOfRobotsOnBlackSite,numberOfRobotsOnWhiteSite
17714,29,14
timeStep,numberOfRobotsOnBlackSite,numberOfRobotsOnWhiteSite
17715,29,14
timeStep,numberOfRobotsOnBlackSite,numberOfRobotsOnWhiteSite
17716,29,14
timeStep,numberOfRobotsOnBlackSite,numberOfRobotsOnWhiteSite
17717,29,14
timeStep,numberOfRobotsOnBlackSite,numberOfRobotsOnWhiteSite
17718,29,14
timeStep,numberOfRobotsOnBlackSite,numberOfRobotsOnWhiteSite
17719,29,14
timeStep,numberOfRobotsOnBlackSite,numberOfRobotsOnWhiteSite
17720,29,14
timeStep,numberOfRobotsOnBlackSite,numberOfRobotsOnWhiteSite
17721,29,14
timeStep,numberOfRobotsOnBlackSite,numberOfRobotsOnWhiteSite
17722,29,14
timeStep,numberOfRobotsOnBlackSite,numberOfRobotsOnWhiteSite
17723,29,14
timeStep,numberOfRobotsOnBlackSite,numberOfRobotsOnWhiteSite
17724,29,14
timeStep,numberOfRobotsOnBlackSite,numberOfRobotsOnWhiteSite
17725,29,14
timeStep,numberOfRobotsOnBlackSite,numberOfRobotsOnWhiteSite
17726,29,14
timeStep,numberOfRobotsOnBlackSite,numberOfRobotsOnWhiteSite
17727,29,14
timeStep,numberOfRobotsOnBlackSite,numberOfRobotsOnWhiteSite
17728,29,14
timeStep,numberOfRobotsOnBlackSite,numberOfRobotsOnWhiteSite
17729,29,14
timeStep,numberOfRobotsOnBlackSite,numberOfRobotsOnWhiteSite
17730,29,14
timeStep,numberOfRobotsOnBlackSite,numberOfRobotsOnWhiteSite
17731,29,14
timeStep,numberOfRobotsOnBlackSite,numberOfRobotsOnWhiteSite
17732,29,14
timeStep,numberOfRobotsOnBlackSite,numberOfRobotsOnWhiteSite
17733,29,14
timeStep,numberOfRobotsOnBlackSite,numberOfRobotsOnWhiteSite
17734,29,14
timeStep,numberOfRobotsOnBlackSite,numberOfRobotsOnWhiteSite
17735,29,14
timeStep,numberOfRobotsOnBlackSite,numberOfRobotsOnWhiteSite
17736,29,14
timeStep,numberOfRobotsOnBlackSite,numberOfRobotsOnWhiteSite
17737,29,14
timeStep,numberOfRobotsOnBlackSite,numberOfRobotsOnWhiteSite
17738,29,14
timeStep,numberOfRobotsOnBlackSite,numberOfRobotsOnWhiteSite
17739,29,14
timeStep,numberOfRobotsOnBlackSite,numberOfRobotsOnWhiteSite
17740,29,14
timeStep,numberOfRobotsOnBlackSite,numberOfRobotsOnWhiteSite
17741,29,14
timeStep,numberOfRobotsOnBlackSite,numberOfRobotsOnWhiteSite
17742,29,14
timeStep,numberOfRobotsOnBlackSite,numberOfRobotsOnWhiteSite
17743,29,14
timeStep,numberOfRobotsOnBlackSite,numberOfRobotsOnWhiteSite
17744,29,14
timeStep,numberOfRobotsOnBlackSite,numberOfRobotsOnWhiteSite
17745,29,14
timeStep,numberOfRobotsOnBlackSite,numberOfRobotsOnWhiteSite
17746,29,14
timeStep,numberOfRobotsOnBlackSite,numberOfRobotsOnWhiteSite
17747,29,14
timeStep,numberOfRobotsOnBlackSite,numberOfRobotsOnWhiteSite
17748,29,14
timeStep,numberOfRobotsOnBlackSite,numberOfRobotsOnWhiteSite
17749,29,14
timeStep,numberOfRobotsOnBlackSite,numberOfRobotsOnWhiteSite
17750,30,14
timeStep,numberOfRobotsOnBlackSite,numberOfRobotsOnWhiteSite
17751,30,14
timeStep,numberOfRobotsOnBlackSite,numberOfRobotsOnWhiteSite
17752,30,14
timeStep,numberOfRobotsOnBlackSite,numberOfRobotsOnWhiteSite
17753,30,14
timeStep,numberOfRobotsOnBlackSite,numberOfRobotsOnWhiteSite
17754,30,14
timeStep,numberOfRobotsOnBlackSite,numberOfRobotsOnWhiteSite
17755,30,14
timeStep,numberOfRobotsOnBlackSite,numberOfRobotsOnWhiteSite
17756,30,14
timeStep,numberOfRobotsOnBlackSite,numberOfRobotsOnWhiteSite
17757,30,14
timeStep,numberOfRobotsOnBlackSite,numberOfRobotsOnWhiteSite
17758,30,14
timeStep,numberOfRobotsOnBlackSite,numberOfRobotsOnWhiteSite
17759,30,14
timeStep,numberOfRobotsOnBlackSite,numberOfRobotsOnWhiteSite
17760,30,14
timeStep,numberOfRobotsOnBlackSite,numberOfRobotsOnWhiteSite
17761,30,14
timeStep,numberOfRobotsOnBlackSite,numberOfRobotsOnWhiteSite
17762,30,14
timeStep,numberOfRobotsOnBlackSite,numberOfRobotsOnWhiteSite
17763,30,14
timeStep,numberOfRobotsOnBlackSite,numberOfRobotsOnWhiteSite
17764,30,14
timeStep,numberOfRobotsOnBlackSite,numberOfRobotsOnWhiteSite
17765,30,14
timeStep,numberOfRobotsOnBlackSite,numberOfRobotsOnWhiteSite
17766,30,14
timeStep,numberOfRobotsOnBlackSite,numberOfRobotsOnWhiteSite
17767,30,14
timeStep,numberOfRobotsOnBlackSite,numberOfRobotsOnWhiteSite
17768,30,14
timeStep,numberOfRobotsOnBlackSite,numberOfRobotsOnWhiteSite
17769,30,14
timeStep,numberOfRobotsOnBlackSite,numberOfRobotsOnWhiteSite
17770,30,14
timeStep,numberOfRobotsOnBlackSite,numberOfRobotsOnWhiteSite
17771,30,14
timeStep,numberOfRobotsOnBlackSite,numberOfRobotsOnWhiteSite
17772,30,14
timeStep,numberOfRobotsOnBlackSite,numberOfRobotsOnWhiteSite
17773,30,14
timeStep,numberOfRobotsOnBlackSite,numberOfRobotsOnWhiteSite
17774,30,14
timeStep,numberOfRobotsOnBlackSite,numberOfRobotsOnWhiteSite
17775,30,14
timeStep,numberOfRobotsOnBlackSite,numberOfRobotsOnWhiteSite
17776,30,14
timeStep,numberOfRobotsOnBlackSite,numberOfRobotsOnWhiteSite
17777,30,14
timeStep,numberOfRobotsOnBlackSite,numberOfRobotsOnWhiteSite
17778,30,14
timeStep,numberOfRobotsOnBlackSite,numberOfRobotsOnWhiteSite
17779,30,14
timeStep,numberOfRobotsOnBlackSite,numberOfRobotsOnWhiteSite
17780,30,14
timeStep,numberOfRobotsOnBlackSite,numberOfRobotsOnWhiteSite
17781,30,14
timeStep,numberOfRobotsOnBlackSite,numberOfRobotsOnWhiteSite
17782,30,14
timeStep,numberOfRobotsOnBlackSite,numberOfRobotsOnWhiteSite
17783,30,14
timeStep,numberOfRobotsOnBlackSite,numberOfRobotsOnWhiteSite
17784,30,14
timeStep,numberOfRobotsOnBlackSite,numberOfRobotsOnWhiteSite
17785,30,14
timeStep,numberOfRobotsOnBlackSite,numberOfRobotsOnWhiteSite
17786,30,14
timeStep,numberOfRobotsOnBlackSite,numberOfRobotsOnWhiteSite
17787,30,14
timeStep,numberOfRobotsOnBlackSite,numberOfRobotsOnWhiteSite
17788,30,14
timeStep,numberOfRobotsOnBlackSite,numberOfRobotsOnWhiteSite
17789,30,14
timeStep,numberOfRobotsOnBlackSite,numberOfRobotsOnWhiteSite
17790,30,14
timeStep,numberOfRobotsOnBlackSite,numberOfRobotsOnWhiteSite
17791,30,14
timeStep,numberOfRobotsOnBlackSite,numberOfRobotsOnWhiteSite
17792,30,14
timeStep,numberOfRobotsOnBlackSite,numberOfRobotsOnWhiteSite
17793,30,14
timeStep,numberOfRobotsOnBlackSite,numberOfRobotsOnWhiteSite
17794,30,14
timeStep,numberOfRobotsOnBlackSite,numberOfRobotsOnWhiteSite
17795,30,14
timeStep,numberOfRobotsOnBlackSite,numberOfRobotsOnWhiteSite
17796,30,14
timeStep,numberOfRobotsOnBlackSite,numberOfRobotsOnWhiteSite
17797,30,14
timeStep,numberOfRobotsOnBlackSite,numberOfRobotsOnWhiteSite
17798,30,14
timeStep,numberOfRobotsOnBlackSite,numberOfRobotsOnWhiteSite
17799,30,14
timeStep,numberOfRobotsOnBlackSite,numberOfRobotsOnWhiteSite
17800,30,15
timeStep,numberOfRobotsOnBlackSite,numberOfRobotsOnWhiteSite
17801,30,15
timeStep,numberOfRobotsOnBlackSite,numberOfRobotsOnWhiteSite
17802,30,15
timeStep,numberOfRobotsOnBlackSite,numberOfRobotsOnWhiteSite
17803,30,15
timeStep,numberOfRobotsOnBlackSite,numberOfRobotsOnWhiteSite
17804,30,15
timeStep,numberOfRobotsOnBlackSite,numberOfRobotsOnWhiteSite
17805,30,15
timeStep,numberOfRobotsOnBlackSite,numberOfRobotsOnWhiteSite
17806,30,15
timeStep,numberOfRobotsOnBlackSite,numberOfRobotsOnWhiteSite
17807,30,15
timeStep,numberOfRobotsOnBlackSite,numberOfRobotsOnWhiteSite
17808,30,15
timeStep,numberOfRobotsOnBlackSite,numberOfRobotsOnWhiteSite
17809,30,15
timeStep,numberOfRobotsOnBlackSite,numberOfRobotsOnWhiteSite
17810,30,15
timeStep,numberOfRobotsOnBlackSite,numberOfRobotsOnWhiteSite
17811,30,15
timeStep,numberOfRobotsOnBlackSite,numberOfRobotsOnWhiteSite
17812,30,15
timeStep,numberOfRobotsOnBlackSite,numberOfRobotsOnWhiteSite
17813,30,15
timeStep,numberOfRobotsOnBlackSite,numberOfRobotsOnWhiteSite
17814,30,15
timeStep,numberOfRobotsOnBlackSite,numberOfRobotsOnWhiteSite
17815,30,15
timeStep,numberOfRobotsOnBlackSite,numberOfRobotsOnWhiteSite
17816,30,15
timeStep,numberOfRobotsOnBlackSite,numberOfRobotsOnWhiteSite
17817,30,15
timeStep,numberOfRobotsOnBlackSite,numberOfRobotsOnWhiteSite
17818,30,15
timeStep,numberOfRobotsOnBlackSite,numberOfRobotsOnWhiteSite
17819,30,15
timeStep,numberOfRobotsOnBlackSite,numberOfRobotsOnWhiteSite
17820,30,15
timeStep,numberOfRobotsOnBlackSite,numberOfRobotsOnWhiteSite
17821,30,15
timeStep,numberOfRobotsOnBlackSite,numberOfRobotsOnWhiteSite
17822,30,15
timeStep,numberOfRobotsOnBlackSite,numberOfRobotsOnWhiteSite
17823,30,15
timeStep,numberOfRobotsOnBlackSite,numberOfRobotsOnWhiteSite
17824,30,15
timeStep,numberOfRobotsOnBlackSite,numberOfRobotsOnWhiteSite
17825,30,15
timeStep,numberOfRobotsOnBlackSite,numberOfRobotsOnWhiteSite
17826,30,15
timeStep,numberOfRobotsOnBlackSite,numberOfRobotsOnWhiteSite
17827,30,15
timeStep,numberOfRobotsOnBlackSite,numberOfRobotsOnWhiteSite
17828,30,15
timeStep,numberOfRobotsOnBlackSite,numberOfRobotsOnWhiteSite
17829,30,15
timeStep,numberOfRobotsOnBlackSite,numberOfRobotsOnWhiteSite
17830,30,15
timeStep,numberOfRobotsOnBlackSite,numberOfRobotsOnWhiteSite
17831,30,15
timeStep,numberOfRobotsOnBlackSite,numberOfRobotsOnWhiteSite
17832,30,15
timeStep,numberOfRobotsOnBlackSite,numberOfRobotsOnWhiteSite
17833,30,15
timeStep,numberOfRobotsOnBlackSite,numberOfRobotsOnWhiteSite
17834,30,15
timeStep,numberOfRobotsOnBlackSite,numberOfRobotsOnWhiteSite
17835,30,15
timeStep,numberOfRobotsOnBlackSite,numberOfRobotsOnWhiteSite
17836,30,15
timeStep,numberOfRobotsOnBlackSite,numberOfRobotsOnWhiteSite
17837,30,15
timeStep,numberOfRobotsOnBlackSite,numberOfRobotsOnWhiteSite
17838,30,15
timeStep,numberOfRobotsOnBlackSite,numberOfRobotsOnWhiteSite
17839,30,15
timeStep,numberOfRobotsOnBlackSite,numberOfRobotsOnWhiteSite
17840,30,15
timeStep,numberOfRobotsOnBlackSite,numberOfRobotsOnWhiteSite
17841,30,15
timeStep,numberOfRobotsOnBlackSite,numberOfRobotsOnWhiteSite
17842,30,15
timeStep,numberOfRobotsOnBlackSite,numberOfRobotsOnWhiteSite
17843,30,15
timeStep,numberOfRobotsOnBlackSite,numberOfRobotsOnWhiteSite
17844,30,15
timeStep,numberOfRobotsOnBlackSite,numberOfRobotsOnWhiteSite
17845,30,15
timeStep,numberOfRobotsOnBlackSite,numberOfRobotsOnWhiteSite
17846,30,15
timeStep,numberOfRobotsOnBlackSite,numberOfRobotsOnWhiteSite
17847,30,15
timeStep,numberOfRobotsOnBlackSite,numberOfRobotsOnWhiteSite
17848,30,15
timeStep,numberOfRobotsOnBlackSite,numberOfRobotsOnWhiteSite
17849,30,15
timeStep,numberOfRobotsOnBlackSite,numberOfRobotsOnWhiteSite
17850,30,15
timeStep,numberOfRobotsOnBlackSite,numberOfRobotsOnWhiteSite
17851,30,15
timeStep,numberOfRobotsOnBlackSite,numberOfRobotsOnWhiteSite
17852,30,15
timeStep,numberOfRobotsOnBlackSite,numberOfRobotsOnWhiteSite
17853,30,15
timeStep,numberOfRobotsOnBlackSite,numberOfRobotsOnWhiteSite
17854,30,15
timeStep,numberOfRobotsOnBlackSite,numberOfRobotsOnWhiteSite
17855,30,15
timeStep,numberOfRobotsOnBlackSite,numberOfRobotsOnWhiteSite
17856,30,15
timeStep,numberOfRobotsOnBlackSite,numberOfRobotsOnWhiteSite
17857,30,15
timeStep,numberOfRobotsOnBlackSite,numberOfRobotsOnWhiteSite
17858,30,15
timeStep,numberOfRobotsOnBlackSite,numberOfRobotsOnWhiteSite
17859,30,15
timeStep,numberOfRobotsOnBlackSite,numberOfRobotsOnWhiteSite
17860,30,15
timeStep,numberOfRobotsOnBlackSite,numberOfRobotsOnWhiteSite
17861,30,15
timeStep,numberOfRobotsOnBlackSite,numberOfRobotsOnWhiteSite
17862,30,15
timeStep,numberOfRobotsOnBlackSite,numberOfRobotsOnWhiteSite
17863,30,15
timeStep,numberOfRobotsOnBlackSite,numberOfRobotsOnWhiteSite
17864,30,15
timeStep,numberOfRobotsOnBlackSite,numberOfRobotsOnWhiteSite
17865,29,15
timeStep,numberOfRobotsOnBlackSite,numberOfRobotsOnWhiteSite
17866,29,15
timeStep,numberOfRobotsOnBlackSite,numberOfRobotsOnWhiteSite
17867,29,15
timeStep,numberOfRobotsOnBlackSite,numberOfRobotsOnWhiteSite
17868,29,15
timeStep,numberOfRobotsOnBlackSite,numberOfRobotsOnWhiteSite
17869,29,15
timeStep,numberOfRobotsOnBlackSite,numberOfRobotsOnWhiteSite
17870,29,15
timeStep,numberOfRobotsOnBlackSite,numberOfRobotsOnWhiteSite
17871,29,15
timeStep,numberOfRobotsOnBlackSite,numberOfRobotsOnWhiteSite
17872,29,15
timeStep,numberOfRobotsOnBlackSite,numberOfRobotsOnWhiteSite
17873,29,15
timeStep,numberOfRobotsOnBlackSite,numberOfRobotsOnWhiteSite
17874,29,15
timeStep,numberOfRobotsOnBlackSite,numberOfRobotsOnWhiteSite
17875,29,15
timeStep,numberOfRobotsOnBlackSite,numberOfRobotsOnWhiteSite
17876,29,15
timeStep,numberOfRobotsOnBlackSite,numberOfRobotsOnWhiteSite
17877,29,15
timeStep,numberOfRobotsOnBlackSite,numberOfRobotsOnWhiteSite
17878,29,15
timeStep,numberOfRobotsOnBlackSite,numberOfRobotsOnWhiteSite
17879,29,15
timeStep,numberOfRobotsOnBlackSite,numberOfRobotsOnWhiteSite
17880,29,15
timeStep,numberOfRobotsOnBlackSite,numberOfRobotsOnWhiteSite
17881,29,15
timeStep,numberOfRobotsOnBlackSite,numberOfRobotsOnWhiteSite
17882,29,15
timeStep,numberOfRobotsOnBlackSite,numberOfRobotsOnWhiteSite
17883,29,15
timeStep,numberOfRobotsOnBlackSite,numberOfRobotsOnWhiteSite
17884,29,15
timeStep,numberOfRobotsOnBlackSite,numberOfRobotsOnWhiteSite
17885,29,15
timeStep,numberOfRobotsOnBlackSite,numberOfRobotsOnWhiteSite
17886,29,15
timeStep,numberOfRobotsOnBlackSite,numberOfRobotsOnWhiteSite
17887,29,15
timeStep,numberOfRobotsOnBlackSite,numberOfRobotsOnWhiteSite
17888,29,15
timeStep,numberOfRobotsOnBlackSite,numberOfRobotsOnWhiteSite
17889,29,15
timeStep,numberOfRobotsOnBlackSite,numberOfRobotsOnWhiteSite
17890,29,15
timeStep,numberOfRobotsOnBlackSite,numberOfRobotsOnWhiteSite
17891,29,15
timeStep,numberOfRobotsOnBlackSite,numberOfRobotsOnWhiteSite
17892,29,15
timeStep,numberOfRobotsOnBlackSite,numberOfRobotsOnWhiteSite
17893,29,15
timeStep,numberOfRobotsOnBlackSite,numberOfRobotsOnWhiteSite
17894,29,15
timeStep,numberOfRobotsOnBlackSite,numberOfRobotsOnWhiteSite
17895,29,15
timeStep,numberOfRobotsOnBlackSite,numberOfRobotsOnWhiteSite
17896,29,15
timeStep,numberOfRobotsOnBlackSite,numberOfRobotsOnWhiteSite
17897,29,15
timeStep,numberOfRobotsOnBlackSite,numberOfRobotsOnWhiteSite
17898,29,15
timeStep,numberOfRobotsOnBlackSite,numberOfRobotsOnWhiteSite
17899,29,15
timeStep,numberOfRobotsOnBlackSite,numberOfRobotsOnWhiteSite
17900,29,15
timeStep,numberOfRobotsOnBlackSite,numberOfRobotsOnWhiteSite
17901,29,15
timeStep,numberOfRobotsOnBlackSite,numberOfRobotsOnWhiteSite
17902,29,15
timeStep,numberOfRobotsOnBlackSite,numberOfRobotsOnWhiteSite
17903,29,15
timeStep,numberOfRobotsOnBlackSite,numberOfRobotsOnWhiteSite
17904,29,15
timeStep,numberOfRobotsOnBlackSite,numberOfRobotsOnWhiteSite
17905,29,15
timeStep,numberOfRobotsOnBlackSite,numberOfRobotsOnWhiteSite
17906,29,15
timeStep,numberOfRobotsOnBlackSite,numberOfRobotsOnWhiteSite
17907,29,15
timeStep,numberOfRobotsOnBlackSite,numberOfRobotsOnWhiteSite
17908,29,15
timeStep,numberOfRobotsOnBlackSite,numberOfRobotsOnWhiteSite
17909,29,15
timeStep,numberOfRobotsOnBlackSite,numberOfRobotsOnWhiteSite
17910,29,15
timeStep,numberOfRobotsOnBlackSite,numberOfRobotsOnWhiteSite
17911,29,15
timeStep,numberOfRobotsOnBlackSite,numberOfRobotsOnWhiteSite
17912,29,15
timeStep,numberOfRobotsOnBlackSite,numberOfRobotsOnWhiteSite
17913,29,15
timeStep,numberOfRobotsOnBlackSite,numberOfRobotsOnWhiteSite
17914,29,15
timeStep,numberOfRobotsOnBlackSite,numberOfRobotsOnWhiteSite
17915,29,15
timeStep,numberOfRobotsOnBlackSite,numberOfRobotsOnWhiteSite
17916,29,15
timeStep,numberOfRobotsOnBlackSite,numberOfRobotsOnWhiteSite
17917,29,15
timeStep,numberOfRobotsOnBlackSite,numberOfRobotsOnWhiteSite
17918,29,15
timeStep,numberOfRobotsOnBlackSite,numberOfRobotsOnWhiteSite
17919,29,15
timeStep,numberOfRobotsOnBlackSite,numberOfRobotsOnWhiteSite
17920,29,15
timeStep,numberOfRobotsOnBlackSite,numberOfRobotsOnWhiteSite
17921,29,15
timeStep,numberOfRobotsOnBlackSite,numberOfRobotsOnWhiteSite
17922,29,15
timeStep,numberOfRobotsOnBlackSite,numberOfRobotsOnWhiteSite
17923,29,15
timeStep,numberOfRobotsOnBlackSite,numberOfRobotsOnWhiteSite
17924,29,15
timeStep,numberOfRobotsOnBlackSite,numberOfRobotsOnWhiteSite
17925,29,15
timeStep,numberOfRobotsOnBlackSite,numberOfRobotsOnWhiteSite
17926,29,15
timeStep,numberOfRobotsOnBlackSite,numberOfRobotsOnWhiteSite
17927,29,15
timeStep,numberOfRobotsOnBlackSite,numberOfRobotsOnWhiteSite
17928,29,15
timeStep,numberOfRobotsOnBlackSite,numberOfRobotsOnWhiteSite
17929,29,15
timeStep,numberOfRobotsOnBlackSite,numberOfRobotsOnWhiteSite
17930,30,15
timeStep,numberOfRobotsOnBlackSite,numberOfRobotsOnWhiteSite
17931,30,15
timeStep,numberOfRobotsOnBlackSite,numberOfRobotsOnWhiteSite
17932,30,15
timeStep,numberOfRobotsOnBlackSite,numberOfRobotsOnWhiteSite
17933,30,15
timeStep,numberOfRobotsOnBlackSite,numberOfRobotsOnWhiteSite
17934,30,15
timeStep,numberOfRobotsOnBlackSite,numberOfRobotsOnWhiteSite
17935,30,15
timeStep,numberOfRobotsOnBlackSite,numberOfRobotsOnWhiteSite
17936,30,15
timeStep,numberOfRobotsOnBlackSite,numberOfRobotsOnWhiteSite
17937,30,15
timeStep,numberOfRobotsOnBlackSite,numberOfRobotsOnWhiteSite
17938,30,15
timeStep,numberOfRobotsOnBlackSite,numberOfRobotsOnWhiteSite
17939,30,15
timeStep,numberOfRobotsOnBlackSite,numberOfRobotsOnWhiteSite
17940,30,15
timeStep,numberOfRobotsOnBlackSite,numberOfRobotsOnWhiteSite
17941,30,15
timeStep,numberOfRobotsOnBlackSite,numberOfRobotsOnWhiteSite
17942,30,15
timeStep,numberOfRobotsOnBlackSite,numberOfRobotsOnWhiteSite
17943,30,15
timeStep,numberOfRobotsOnBlackSite,numberOfRobotsOnWhiteSite
17944,30,15
timeStep,numberOfRobotsOnBlackSite,numberOfRobotsOnWhiteSite
17945,30,15
timeStep,numberOfRobotsOnBlackSite,numberOfRobotsOnWhiteSite
17946,30,15
timeStep,numberOfRobotsOnBlackSite,numberOfRobotsOnWhiteSite
17947,30,15
timeStep,numberOfRobotsOnBlackSite,numberOfRobotsOnWhiteSite
17948,30,15
timeStep,numberOfRobotsOnBlackSite,numberOfRobotsOnWhiteSite
17949,30,15
timeStep,numberOfRobotsOnBlackSite,numberOfRobotsOnWhiteSite
17950,30,15
timeStep,numberOfRobotsOnBlackSite,numberOfRobotsOnWhiteSite
17951,30,15
timeStep,numberOfRobotsOnBlackSite,numberOfRobotsOnWhiteSite
17952,30,15
timeStep,numberOfRobotsOnBlackSite,numberOfRobotsOnWhiteSite
17953,30,15
timeStep,numberOfRobotsOnBlackSite,numberOfRobotsOnWhiteSite
17954,30,15
timeStep,numberOfRobotsOnBlackSite,numberOfRobotsOnWhiteSite
17955,31,15
timeStep,numberOfRobotsOnBlackSite,numberOfRobotsOnWhiteSite
17956,31,15
timeStep,numberOfRobotsOnBlackSite,numberOfRobotsOnWhiteSite
17957,31,15
timeStep,numberOfRobotsOnBlackSite,numberOfRobotsOnWhiteSite
17958,31,15
timeStep,numberOfRobotsOnBlackSite,numberOfRobotsOnWhiteSite
17959,31,15
timeStep,numberOfRobotsOnBlackSite,numberOfRobotsOnWhiteSite
17960,31,15
timeStep,numberOfRobotsOnBlackSite,numberOfRobotsOnWhiteSite
17961,31,15
timeStep,numberOfRobotsOnBlackSite,numberOfRobotsOnWhiteSite
17962,31,15
timeStep,numberOfRobotsOnBlackSite,numberOfRobotsOnWhiteSite
17963,31,15
timeStep,numberOfRobotsOnBlackSite,numberOfRobotsOnWhiteSite
17964,31,15
timeStep,numberOfRobotsOnBlackSite,numberOfRobotsOnWhiteSite
17965,31,15
timeStep,numberOfRobotsOnBlackSite,numberOfRobotsOnWhiteSite
17966,31,15
timeStep,numberOfRobotsOnBlackSite,numberOfRobotsOnWhiteSite
17967,31,15
timeStep,numberOfRobotsOnBlackSite,numberOfRobotsOnWhiteSite
17968,31,15
timeStep,numberOfRobotsOnBlackSite,numberOfRobotsOnWhiteSite
17969,31,15
timeStep,numberOfRobotsOnBlackSite,numberOfRobotsOnWhiteSite
17970,31,15
timeStep,numberOfRobotsOnBlackSite,numberOfRobotsOnWhiteSite
17971,31,15
timeStep,numberOfRobotsOnBlackSite,numberOfRobotsOnWhiteSite
17972,31,15
timeStep,numberOfRobotsOnBlackSite,numberOfRobotsOnWhiteSite
17973,31,15
timeStep,numberOfRobotsOnBlackSite,numberOfRobotsOnWhiteSite
17974,31,15
timeStep,numberOfRobotsOnBlackSite,numberOfRobotsOnWhiteSite
17975,29,15
timeStep,numberOfRobotsOnBlackSite,numberOfRobotsOnWhiteSite
17976,29,15
timeStep,numberOfRobotsOnBlackSite,numberOfRobotsOnWhiteSite
17977,29,15
timeStep,numberOfRobotsOnBlackSite,numberOfRobotsOnWhiteSite
17978,29,15
timeStep,numberOfRobotsOnBlackSite,numberOfRobotsOnWhiteSite
17979,29,15
timeStep,numberOfRobotsOnBlackSite,numberOfRobotsOnWhiteSite
17980,29,15
timeStep,numberOfRobotsOnBlackSite,numberOfRobotsOnWhiteSite
17981,29,15
timeStep,numberOfRobotsOnBlackSite,numberOfRobotsOnWhiteSite
17982,29,15
timeStep,numberOfRobotsOnBlackSite,numberOfRobotsOnWhiteSite
17983,29,15
timeStep,numberOfRobotsOnBlackSite,numberOfRobotsOnWhiteSite
17984,29,15
timeStep,numberOfRobotsOnBlackSite,numberOfRobotsOnWhiteSite
17985,29,15
timeStep,numberOfRobotsOnBlackSite,numberOfRobotsOnWhiteSite
17986,29,15
timeStep,numberOfRobotsOnBlackSite,numberOfRobotsOnWhiteSite
17987,29,15
timeStep,numberOfRobotsOnBlackSite,numberOfRobotsOnWhiteSite
17988,29,15
timeStep,numberOfRobotsOnBlackSite,numberOfRobotsOnWhiteSite
17989,29,15
timeStep,numberOfRobotsOnBlackSite,numberOfRobotsOnWhiteSite
17990,30,15
timeStep,numberOfRobotsOnBlackSite,numberOfRobotsOnWhiteSite
17991,30,15
timeStep,numberOfRobotsOnBlackSite,numberOfRobotsOnWhiteSite
17992,30,15
timeStep,numberOfRobotsOnBlackSite,numberOfRobotsOnWhiteSite
17993,30,15
timeStep,numberOfRobotsOnBlackSite,numberOfRobotsOnWhiteSite
17994,30,15
timeStep,numberOfRobotsOnBlackSite,numberOfRobotsOnWhiteSite
17995,30,15
timeStep,numberOfRobotsOnBlackSite,numberOfRobotsOnWhiteSite
17996,30,15
timeStep,numberOfRobotsOnBlackSite,numberOfRobotsOnWhiteSite
17997,30,15
timeStep,numberOfRobotsOnBlackSite,numberOfRobotsOnWhiteSite
17998,30,15
timeStep,numberOfRobotsOnBlackSite,numberOfRobotsOnWhiteSite
17999,30,15
timeStep,numberOfRobotsOnBlackSite,numberOfRobotsOnWhiteSite
18000,30,15
timeStep,numberOfRobotsOnBlackSite,numberOfRobotsOnWhiteSite
18001,30,15
timeStep,numberOfRobotsOnBlackSite,numberOfRobotsOnWhiteSite
18002,30,15
timeStep,numberOfRobotsOnBlackSite,numberOfRobotsOnWhiteSite
18003,30,15
timeStep,numberOfRobotsOnBlackSite,numberOfRobotsOnWhiteSite
18004,30,15
timeStep,numberOfRobotsOnBlackSite,numberOfRobotsOnWhiteSite
18005,30,15
timeStep,numberOfRobotsOnBlackSite,numberOfRobotsOnWhiteSite
18006,30,15
timeStep,numberOfRobotsOnBlackSite,numberOfRobotsOnWhiteSite
18007,30,15
timeStep,numberOfRobotsOnBlackSite,numberOfRobotsOnWhiteSite
18008,30,15
timeStep,numberOfRobotsOnBlackSite,numberOfRobotsOnWhiteSite
18009,30,15
timeStep,numberOfRobotsOnBlackSite,numberOfRobotsOnWhiteSite
18010,29,15
timeStep,numberOfRobotsOnBlackSite,numberOfRobotsOnWhiteSite
18011,29,15
timeStep,numberOfRobotsOnBlackSite,numberOfRobotsOnWhiteSite
18012,29,15
timeStep,numberOfRobotsOnBlackSite,numberOfRobotsOnWhiteSite
18013,29,15
timeStep,numberOfRobotsOnBlackSite,numberOfRobotsOnWhiteSite
18014,29,15
timeStep,numberOfRobotsOnBlackSite,numberOfRobotsOnWhiteSite
18015,29,15
timeStep,numberOfRobotsOnBlackSite,numberOfRobotsOnWhiteSite
18016,29,15
timeStep,numberOfRobotsOnBlackSite,numberOfRobotsOnWhiteSite
18017,29,15
timeStep,numberOfRobotsOnBlackSite,numberOfRobotsOnWhiteSite
18018,29,15
timeStep,numberOfRobotsOnBlackSite,numberOfRobotsOnWhiteSite
18019,29,15
timeStep,numberOfRobotsOnBlackSite,numberOfRobotsOnWhiteSite
18020,29,15
timeStep,numberOfRobotsOnBlackSite,numberOfRobotsOnWhiteSite
18021,29,15
timeStep,numberOfRobotsOnBlackSite,numberOfRobotsOnWhiteSite
18022,29,15
timeStep,numberOfRobotsOnBlackSite,numberOfRobotsOnWhiteSite
18023,29,15
timeStep,numberOfRobotsOnBlackSite,numberOfRobotsOnWhiteSite
18024,29,15
timeStep,numberOfRobotsOnBlackSite,numberOfRobotsOnWhiteSite
18025,29,15
timeStep,numberOfRobotsOnBlackSite,numberOfRobotsOnWhiteSite
18026,29,15
timeStep,numberOfRobotsOnBlackSite,numberOfRobotsOnWhiteSite
18027,29,15
timeStep,numberOfRobotsOnBlackSite,numberOfRobotsOnWhiteSite
18028,29,15
timeStep,numberOfRobotsOnBlackSite,numberOfRobotsOnWhiteSite
18029,29,15
timeStep,numberOfRobotsOnBlackSite,numberOfRobotsOnWhiteSite
18030,29,15
timeStep,numberOfRobotsOnBlackSite,numberOfRobotsOnWhiteSite
18031,29,15
timeStep,numberOfRobotsOnBlackSite,numberOfRobotsOnWhiteSite
18032,29,15
timeStep,numberOfRobotsOnBlackSite,numberOfRobotsOnWhiteSite
18033,29,15
timeStep,numberOfRobotsOnBlackSite,numberOfRobotsOnWhiteSite
18034,29,15
timeStep,numberOfRobotsOnBlackSite,numberOfRobotsOnWhiteSite
18035,29,15
timeStep,numberOfRobotsOnBlackSite,numberOfRobotsOnWhiteSite
18036,29,15
timeStep,numberOfRobotsOnBlackSite,numberOfRobotsOnWhiteSite
18037,29,15
timeStep,numberOfRobotsOnBlackSite,numberOfRobotsOnWhiteSite
18038,29,15
timeStep,numberOfRobotsOnBlackSite,numberOfRobotsOnWhiteSite
18039,29,15
timeStep,numberOfRobotsOnBlackSite,numberOfRobotsOnWhiteSite
18040,29,15
timeStep,numberOfRobotsOnBlackSite,numberOfRobotsOnWhiteSite
18041,29,15
timeStep,numberOfRobotsOnBlackSite,numberOfRobotsOnWhiteSite
18042,29,15
timeStep,numberOfRobotsOnBlackSite,numberOfRobotsOnWhiteSite
18043,29,15
timeStep,numberOfRobotsOnBlackSite,numberOfRobotsOnWhiteSite
18044,29,15
timeStep,numberOfRobotsOnBlackSite,numberOfRobotsOnWhiteSite
18045,30,15
timeStep,numberOfRobotsOnBlackSite,numberOfRobotsOnWhiteSite
18046,30,15
timeStep,numberOfRobotsOnBlackSite,numberOfRobotsOnWhiteSite
18047,30,15
timeStep,numberOfRobotsOnBlackSite,numberOfRobotsOnWhiteSite
18048,30,15
timeStep,numberOfRobotsOnBlackSite,numberOfRobotsOnWhiteSite
18049,30,15
timeStep,numberOfRobotsOnBlackSite,numberOfRobotsOnWhiteSite
18050,30,15
timeStep,numberOfRobotsOnBlackSite,numberOfRobotsOnWhiteSite
18051,30,15
timeStep,numberOfRobotsOnBlackSite,numberOfRobotsOnWhiteSite
18052,30,15
timeStep,numberOfRobotsOnBlackSite,numberOfRobotsOnWhiteSite
18053,30,15
timeStep,numberOfRobotsOnBlackSite,numberOfRobotsOnWhiteSite
18054,30,15
timeStep,numberOfRobotsOnBlackSite,numberOfRobotsOnWhiteSite
18055,30,15
timeStep,numberOfRobotsOnBlackSite,numberOfRobotsOnWhiteSite
18056,30,15
timeStep,numberOfRobotsOnBlackSite,numberOfRobotsOnWhiteSite
18057,30,15
timeStep,numberOfRobotsOnBlackSite,numberOfRobotsOnWhiteSite
18058,30,15
timeStep,numberOfRobotsOnBlackSite,numberOfRobotsOnWhiteSite
18059,30,15
timeStep,numberOfRobotsOnBlackSite,numberOfRobotsOnWhiteSite
18060,30,15
timeStep,numberOfRobotsOnBlackSite,numberOfRobotsOnWhiteSite
18061,30,15
timeStep,numberOfRobotsOnBlackSite,numberOfRobotsOnWhiteSite
18062,30,15
timeStep,numberOfRobotsOnBlackSite,numberOfRobotsOnWhiteSite
18063,30,15
timeStep,numberOfRobotsOnBlackSite,numberOfRobotsOnWhiteSite
18064,30,15
timeStep,numberOfRobotsOnBlackSite,numberOfRobotsOnWhiteSite
18065,30,15
timeStep,numberOfRobotsOnBlackSite,numberOfRobotsOnWhiteSite
18066,30,15
timeStep,numberOfRobotsOnBlackSite,numberOfRobotsOnWhiteSite
18067,30,15
timeStep,numberOfRobotsOnBlackSite,numberOfRobotsOnWhiteSite
18068,30,15
timeStep,numberOfRobotsOnBlackSite,numberOfRobotsOnWhiteSite
18069,30,15
timeStep,numberOfRobotsOnBlackSite,numberOfRobotsOnWhiteSite
18070,30,15
timeStep,numberOfRobotsOnBlackSite,numberOfRobotsOnWhiteSite
18071,30,15
timeStep,numberOfRobotsOnBlackSite,numberOfRobotsOnWhiteSite
18072,30,15
timeStep,numberOfRobotsOnBlackSite,numberOfRobotsOnWhiteSite
18073,30,15
timeStep,numberOfRobotsOnBlackSite,numberOfRobotsOnWhiteSite
18074,30,15
timeStep,numberOfRobotsOnBlackSite,numberOfRobotsOnWhiteSite
18075,30,15
timeStep,numberOfRobotsOnBlackSite,numberOfRobotsOnWhiteSite
18076,30,15
timeStep,numberOfRobotsOnBlackSite,numberOfRobotsOnWhiteSite
18077,30,15
timeStep,numberOfRobotsOnBlackSite,numberOfRobotsOnWhiteSite
18078,30,15
timeStep,numberOfRobotsOnBlackSite,numberOfRobotsOnWhiteSite
18079,30,15
timeStep,numberOfRobotsOnBlackSite,numberOfRobotsOnWhiteSite
18080,31,15
timeStep,numberOfRobotsOnBlackSite,numberOfRobotsOnWhiteSite
18081,31,15
timeStep,numberOfRobotsOnBlackSite,numberOfRobotsOnWhiteSite
18082,31,15
timeStep,numberOfRobotsOnBlackSite,numberOfRobotsOnWhiteSite
18083,31,15
timeStep,numberOfRobotsOnBlackSite,numberOfRobotsOnWhiteSite
18084,31,15
timeStep,numberOfRobotsOnBlackSite,numberOfRobotsOnWhiteSite
18085,31,15
timeStep,numberOfRobotsOnBlackSite,numberOfRobotsOnWhiteSite
18086,31,15
timeStep,numberOfRobotsOnBlackSite,numberOfRobotsOnWhiteSite
18087,31,15
timeStep,numberOfRobotsOnBlackSite,numberOfRobotsOnWhiteSite
18088,31,15
timeStep,numberOfRobotsOnBlackSite,numberOfRobotsOnWhiteSite
18089,31,15
timeStep,numberOfRobotsOnBlackSite,numberOfRobotsOnWhiteSite
18090,31,15
timeStep,numberOfRobotsOnBlackSite,numberOfRobotsOnWhiteSite
18091,31,15
timeStep,numberOfRobotsOnBlackSite,numberOfRobotsOnWhiteSite
18092,31,15
timeStep,numberOfRobotsOnBlackSite,numberOfRobotsOnWhiteSite
18093,31,15
timeStep,numberOfRobotsOnBlackSite,numberOfRobotsOnWhiteSite
18094,31,15
timeStep,numberOfRobotsOnBlackSite,numberOfRobotsOnWhiteSite
18095,31,15
timeStep,numberOfRobotsOnBlackSite,numberOfRobotsOnWhiteSite
18096,31,15
timeStep,numberOfRobotsOnBlackSite,numberOfRobotsOnWhiteSite
18097,31,15
timeStep,numberOfRobotsOnBlackSite,numberOfRobotsOnWhiteSite
18098,31,15
timeStep,numberOfRobotsOnBlackSite,numberOfRobotsOnWhiteSite
18099,31,15
timeStep,numberOfRobotsOnBlackSite,numberOfRobotsOnWhiteSite
18100,31,15
timeStep,numberOfRobotsOnBlackSite,numberOfRobotsOnWhiteSite
18101,31,15
timeStep,numberOfRobotsOnBlackSite,numberOfRobotsOnWhiteSite
18102,31,15
timeStep,numberOfRobotsOnBlackSite,numberOfRobotsOnWhiteSite
18103,31,15
timeStep,numberOfRobotsOnBlackSite,numberOfRobotsOnWhiteSite
18104,31,15
timeStep,numberOfRobotsOnBlackSite,numberOfRobotsOnWhiteSite
18105,31,15
timeStep,numberOfRobotsOnBlackSite,numberOfRobotsOnWhiteSite
18106,31,15
timeStep,numberOfRobotsOnBlackSite,numberOfRobotsOnWhiteSite
18107,31,15
timeStep,numberOfRobotsOnBlackSite,numberOfRobotsOnWhiteSite
18108,31,15
timeStep,numberOfRobotsOnBlackSite,numberOfRobotsOnWhiteSite
18109,31,15
timeStep,numberOfRobotsOnBlackSite,numberOfRobotsOnWhiteSite
18110,31,15
timeStep,numberOfRobotsOnBlackSite,numberOfRobotsOnWhiteSite
18111,31,15
timeStep,numberOfRobotsOnBlackSite,numberOfRobotsOnWhiteSite
18112,31,15
timeStep,numberOfRobotsOnBlackSite,numberOfRobotsOnWhiteSite
18113,31,15
timeStep,numberOfRobotsOnBlackSite,numberOfRobotsOnWhiteSite
18114,31,15
timeStep,numberOfRobotsOnBlackSite,numberOfRobotsOnWhiteSite
18115,31,15
timeStep,numberOfRobotsOnBlackSite,numberOfRobotsOnWhiteSite
18116,31,15
timeStep,numberOfRobotsOnBlackSite,numberOfRobotsOnWhiteSite
18117,31,15
timeStep,numberOfRobotsOnBlackSite,numberOfRobotsOnWhiteSite
18118,31,15
timeStep,numberOfRobotsOnBlackSite,numberOfRobotsOnWhiteSite
18119,31,15
timeStep,numberOfRobotsOnBlackSite,numberOfRobotsOnWhiteSite
18120,31,15
timeStep,numberOfRobotsOnBlackSite,numberOfRobotsOnWhiteSite
18121,31,15
timeStep,numberOfRobotsOnBlackSite,numberOfRobotsOnWhiteSite
18122,31,15
timeStep,numberOfRobotsOnBlackSite,numberOfRobotsOnWhiteSite
18123,31,15
timeStep,numberOfRobotsOnBlackSite,numberOfRobotsOnWhiteSite
18124,31,15
timeStep,numberOfRobotsOnBlackSite,numberOfRobotsOnWhiteSite
18125,31,15
timeStep,numberOfRobotsOnBlackSite,numberOfRobotsOnWhiteSite
18126,31,15
timeStep,numberOfRobotsOnBlackSite,numberOfRobotsOnWhiteSite
18127,31,15
timeStep,numberOfRobotsOnBlackSite,numberOfRobotsOnWhiteSite
18128,31,15
timeStep,numberOfRobotsOnBlackSite,numberOfRobotsOnWhiteSite
18129,31,15
timeStep,numberOfRobotsOnBlackSite,numberOfRobotsOnWhiteSite
18130,31,15
timeStep,numberOfRobotsOnBlackSite,numberOfRobotsOnWhiteSite
18131,31,15
timeStep,numberOfRobotsOnBlackSite,numberOfRobotsOnWhiteSite
18132,31,15
timeStep,numberOfRobotsOnBlackSite,numberOfRobotsOnWhiteSite
18133,31,15
timeStep,numberOfRobotsOnBlackSite,numberOfRobotsOnWhiteSite
18134,31,15
timeStep,numberOfRobotsOnBlackSite,numberOfRobotsOnWhiteSite
18135,31,15
timeStep,numberOfRobotsOnBlackSite,numberOfRobotsOnWhiteSite
18136,31,15
timeStep,numberOfRobotsOnBlackSite,numberOfRobotsOnWhiteSite
18137,31,15
timeStep,numberOfRobotsOnBlackSite,numberOfRobotsOnWhiteSite
18138,31,15
timeStep,numberOfRobotsOnBlackSite,numberOfRobotsOnWhiteSite
18139,31,15
timeStep,numberOfRobotsOnBlackSite,numberOfRobotsOnWhiteSite
18140,31,15
timeStep,numberOfRobotsOnBlackSite,numberOfRobotsOnWhiteSite
18141,31,15
timeStep,numberOfRobotsOnBlackSite,numberOfRobotsOnWhiteSite
18142,31,15
timeStep,numberOfRobotsOnBlackSite,numberOfRobotsOnWhiteSite
18143,31,15
timeStep,numberOfRobotsOnBlackSite,numberOfRobotsOnWhiteSite
18144,31,15
timeStep,numberOfRobotsOnBlackSite,numberOfRobotsOnWhiteSite
18145,31,15
timeStep,numberOfRobotsOnBlackSite,numberOfRobotsOnWhiteSite
18146,31,15
timeStep,numberOfRobotsOnBlackSite,numberOfRobotsOnWhiteSite
18147,31,15
timeStep,numberOfRobotsOnBlackSite,numberOfRobotsOnWhiteSite
18148,31,15
timeStep,numberOfRobotsOnBlackSite,numberOfRobotsOnWhiteSite
18149,31,15
timeStep,numberOfRobotsOnBlackSite,numberOfRobotsOnWhiteSite
18150,31,15
timeStep,numberOfRobotsOnBlackSite,numberOfRobotsOnWhiteSite
18151,31,15
timeStep,numberOfRobotsOnBlackSite,numberOfRobotsOnWhiteSite
18152,31,15
timeStep,numberOfRobotsOnBlackSite,numberOfRobotsOnWhiteSite
18153,31,15
timeStep,numberOfRobotsOnBlackSite,numberOfRobotsOnWhiteSite
18154,31,15
timeStep,numberOfRobotsOnBlackSite,numberOfRobotsOnWhiteSite
18155,31,15
timeStep,numberOfRobotsOnBlackSite,numberOfRobotsOnWhiteSite
18156,31,15
timeStep,numberOfRobotsOnBlackSite,numberOfRobotsOnWhiteSite
18157,31,15
timeStep,numberOfRobotsOnBlackSite,numberOfRobotsOnWhiteSite
18158,31,15
timeStep,numberOfRobotsOnBlackSite,numberOfRobotsOnWhiteSite
18159,31,15
timeStep,numberOfRobotsOnBlackSite,numberOfRobotsOnWhiteSite
18160,31,15
timeStep,numberOfRobotsOnBlackSite,numberOfRobotsOnWhiteSite
18161,31,15
timeStep,numberOfRobotsOnBlackSite,numberOfRobotsOnWhiteSite
18162,31,15
timeStep,numberOfRobotsOnBlackSite,numberOfRobotsOnWhiteSite
18163,31,15
timeStep,numberOfRobotsOnBlackSite,numberOfRobotsOnWhiteSite
18164,31,15
timeStep,numberOfRobotsOnBlackSite,numberOfRobotsOnWhiteSite
18165,31,15
timeStep,numberOfRobotsOnBlackSite,numberOfRobotsOnWhiteSite
18166,31,15
timeStep,numberOfRobotsOnBlackSite,numberOfRobotsOnWhiteSite
18167,31,15
timeStep,numberOfRobotsOnBlackSite,numberOfRobotsOnWhiteSite
18168,31,15
timeStep,numberOfRobotsOnBlackSite,numberOfRobotsOnWhiteSite
18169,31,15
timeStep,numberOfRobotsOnBlackSite,numberOfRobotsOnWhiteSite
18170,30,15
timeStep,numberOfRobotsOnBlackSite,numberOfRobotsOnWhiteSite
18171,30,15
timeStep,numberOfRobotsOnBlackSite,numberOfRobotsOnWhiteSite
18172,30,15
timeStep,numberOfRobotsOnBlackSite,numberOfRobotsOnWhiteSite
18173,30,15
timeStep,numberOfRobotsOnBlackSite,numberOfRobotsOnWhiteSite
18174,30,15
timeStep,numberOfRobotsOnBlackSite,numberOfRobotsOnWhiteSite
18175,30,15
timeStep,numberOfRobotsOnBlackSite,numberOfRobotsOnWhiteSite
18176,30,15
timeStep,numberOfRobotsOnBlackSite,numberOfRobotsOnWhiteSite
18177,30,15
timeStep,numberOfRobotsOnBlackSite,numberOfRobotsOnWhiteSite
18178,30,15
timeStep,numberOfRobotsOnBlackSite,numberOfRobotsOnWhiteSite
18179,30,15
timeStep,numberOfRobotsOnBlackSite,numberOfRobotsOnWhiteSite
18180,30,14
timeStep,numberOfRobotsOnBlackSite,numberOfRobotsOnWhiteSite
18181,30,14
timeStep,numberOfRobotsOnBlackSite,numberOfRobotsOnWhiteSite
18182,30,14
timeStep,numberOfRobotsOnBlackSite,numberOfRobotsOnWhiteSite
18183,30,14
timeStep,numberOfRobotsOnBlackSite,numberOfRobotsOnWhiteSite
18184,30,14
timeStep,numberOfRobotsOnBlackSite,numberOfRobotsOnWhiteSite
18185,30,14
timeStep,numberOfRobotsOnBlackSite,numberOfRobotsOnWhiteSite
18186,30,14
timeStep,numberOfRobotsOnBlackSite,numberOfRobotsOnWhiteSite
18187,30,14
timeStep,numberOfRobotsOnBlackSite,numberOfRobotsOnWhiteSite
18188,30,14
timeStep,numberOfRobotsOnBlackSite,numberOfRobotsOnWhiteSite
18189,30,14
timeStep,numberOfRobotsOnBlackSite,numberOfRobotsOnWhiteSite
18190,30,14
timeStep,numberOfRobotsOnBlackSite,numberOfRobotsOnWhiteSite
18191,30,14
timeStep,numberOfRobotsOnBlackSite,numberOfRobotsOnWhiteSite
18192,30,14
timeStep,numberOfRobotsOnBlackSite,numberOfRobotsOnWhiteSite
18193,30,14
timeStep,numberOfRobotsOnBlackSite,numberOfRobotsOnWhiteSite
18194,30,14
timeStep,numberOfRobotsOnBlackSite,numberOfRobotsOnWhiteSite
18195,30,14
timeStep,numberOfRobotsOnBlackSite,numberOfRobotsOnWhiteSite
18196,30,14
timeStep,numberOfRobotsOnBlackSite,numberOfRobotsOnWhiteSite
18197,30,14
timeStep,numberOfRobotsOnBlackSite,numberOfRobotsOnWhiteSite
18198,30,14
timeStep,numberOfRobotsOnBlackSite,numberOfRobotsOnWhiteSite
18199,30,14
timeStep,numberOfRobotsOnBlackSite,numberOfRobotsOnWhiteSite
18200,30,14
timeStep,numberOfRobotsOnBlackSite,numberOfRobotsOnWhiteSite
18201,30,14
timeStep,numberOfRobotsOnBlackSite,numberOfRobotsOnWhiteSite
18202,30,14
timeStep,numberOfRobotsOnBlackSite,numberOfRobotsOnWhiteSite
18203,30,14
timeStep,numberOfRobotsOnBlackSite,numberOfRobotsOnWhiteSite
18204,30,14
timeStep,numberOfRobotsOnBlackSite,numberOfRobotsOnWhiteSite
18205,30,14
timeStep,numberOfRobotsOnBlackSite,numberOfRobotsOnWhiteSite
18206,30,14
timeStep,numberOfRobotsOnBlackSite,numberOfRobotsOnWhiteSite
18207,30,14
timeStep,numberOfRobotsOnBlackSite,numberOfRobotsOnWhiteSite
18208,30,14
timeStep,numberOfRobotsOnBlackSite,numberOfRobotsOnWhiteSite
18209,30,14
timeStep,numberOfRobotsOnBlackSite,numberOfRobotsOnWhiteSite
18210,30,14
timeStep,numberOfRobotsOnBlackSite,numberOfRobotsOnWhiteSite
18211,30,14
timeStep,numberOfRobotsOnBlackSite,numberOfRobotsOnWhiteSite
18212,30,14
timeStep,numberOfRobotsOnBlackSite,numberOfRobotsOnWhiteSite
18213,30,14
timeStep,numberOfRobotsOnBlackSite,numberOfRobotsOnWhiteSite
18214,30,14
timeStep,numberOfRobotsOnBlackSite,numberOfRobotsOnWhiteSite
18215,30,14
timeStep,numberOfRobotsOnBlackSite,numberOfRobotsOnWhiteSite
18216,30,14
timeStep,numberOfRobotsOnBlackSite,numberOfRobotsOnWhiteSite
18217,30,14
timeStep,numberOfRobotsOnBlackSite,numberOfRobotsOnWhiteSite
18218,30,14
timeStep,numberOfRobotsOnBlackSite,numberOfRobotsOnWhiteSite
18219,30,14
timeStep,numberOfRobotsOnBlackSite,numberOfRobotsOnWhiteSite
18220,30,14
timeStep,numberOfRobotsOnBlackSite,numberOfRobotsOnWhiteSite
18221,30,14
timeStep,numberOfRobotsOnBlackSite,numberOfRobotsOnWhiteSite
18222,30,14
timeStep,numberOfRobotsOnBlackSite,numberOfRobotsOnWhiteSite
18223,30,14
timeStep,numberOfRobotsOnBlackSite,numberOfRobotsOnWhiteSite
18224,30,14
timeStep,numberOfRobotsOnBlackSite,numberOfRobotsOnWhiteSite
18225,31,14
timeStep,numberOfRobotsOnBlackSite,numberOfRobotsOnWhiteSite
18226,31,14
timeStep,numberOfRobotsOnBlackSite,numberOfRobotsOnWhiteSite
18227,31,14
timeStep,numberOfRobotsOnBlackSite,numberOfRobotsOnWhiteSite
18228,31,14
timeStep,numberOfRobotsOnBlackSite,numberOfRobotsOnWhiteSite
18229,31,14
timeStep,numberOfRobotsOnBlackSite,numberOfRobotsOnWhiteSite
18230,31,14
timeStep,numberOfRobotsOnBlackSite,numberOfRobotsOnWhiteSite
18231,31,14
timeStep,numberOfRobotsOnBlackSite,numberOfRobotsOnWhiteSite
18232,31,14
timeStep,numberOfRobotsOnBlackSite,numberOfRobotsOnWhiteSite
18233,31,14
timeStep,numberOfRobotsOnBlackSite,numberOfRobotsOnWhiteSite
18234,31,14
timeStep,numberOfRobotsOnBlackSite,numberOfRobotsOnWhiteSite
18235,31,14
timeStep,numberOfRobotsOnBlackSite,numberOfRobotsOnWhiteSite
18236,31,14
timeStep,numberOfRobotsOnBlackSite,numberOfRobotsOnWhiteSite
18237,31,14
timeStep,numberOfRobotsOnBlackSite,numberOfRobotsOnWhiteSite
18238,31,14
timeStep,numberOfRobotsOnBlackSite,numberOfRobotsOnWhiteSite
18239,31,14
timeStep,numberOfRobotsOnBlackSite,numberOfRobotsOnWhiteSite
18240,31,15
timeStep,numberOfRobotsOnBlackSite,numberOfRobotsOnWhiteSite
18241,31,15
timeStep,numberOfRobotsOnBlackSite,numberOfRobotsOnWhiteSite
18242,31,15
timeStep,numberOfRobotsOnBlackSite,numberOfRobotsOnWhiteSite
18243,31,15
timeStep,numberOfRobotsOnBlackSite,numberOfRobotsOnWhiteSite
18244,31,15
timeStep,numberOfRobotsOnBlackSite,numberOfRobotsOnWhiteSite
18245,31,15
timeStep,numberOfRobotsOnBlackSite,numberOfRobotsOnWhiteSite
18246,31,15
timeStep,numberOfRobotsOnBlackSite,numberOfRobotsOnWhiteSite
18247,31,15
timeStep,numberOfRobotsOnBlackSite,numberOfRobotsOnWhiteSite
18248,31,15
timeStep,numberOfRobotsOnBlackSite,numberOfRobotsOnWhiteSite
18249,31,15
timeStep,numberOfRobotsOnBlackSite,numberOfRobotsOnWhiteSite
18250,31,15
timeStep,numberOfRobotsOnBlackSite,numberOfRobotsOnWhiteSite
18251,31,15
timeStep,numberOfRobotsOnBlackSite,numberOfRobotsOnWhiteSite
18252,31,15
timeStep,numberOfRobotsOnBlackSite,numberOfRobotsOnWhiteSite
18253,31,15
timeStep,numberOfRobotsOnBlackSite,numberOfRobotsOnWhiteSite
18254,31,15
timeStep,numberOfRobotsOnBlackSite,numberOfRobotsOnWhiteSite
18255,31,15
timeStep,numberOfRobotsOnBlackSite,numberOfRobotsOnWhiteSite
18256,31,15
timeStep,numberOfRobotsOnBlackSite,numberOfRobotsOnWhiteSite
18257,31,15
timeStep,numberOfRobotsOnBlackSite,numberOfRobotsOnWhiteSite
18258,31,15
timeStep,numberOfRobotsOnBlackSite,numberOfRobotsOnWhiteSite
18259,31,15
timeStep,numberOfRobotsOnBlackSite,numberOfRobotsOnWhiteSite
18260,31,15
timeStep,numberOfRobotsOnBlackSite,numberOfRobotsOnWhiteSite
18261,31,15
timeStep,numberOfRobotsOnBlackSite,numberOfRobotsOnWhiteSite
18262,31,15
timeStep,numberOfRobotsOnBlackSite,numberOfRobotsOnWhiteSite
18263,31,15
timeStep,numberOfRobotsOnBlackSite,numberOfRobotsOnWhiteSite
18264,31,15
timeStep,numberOfRobotsOnBlackSite,numberOfRobotsOnWhiteSite
18265,31,15
timeStep,numberOfRobotsOnBlackSite,numberOfRobotsOnWhiteSite
18266,31,15
timeStep,numberOfRobotsOnBlackSite,numberOfRobotsOnWhiteSite
18267,31,15
timeStep,numberOfRobotsOnBlackSite,numberOfRobotsOnWhiteSite
18268,31,15
timeStep,numberOfRobotsOnBlackSite,numberOfRobotsOnWhiteSite
18269,31,15
timeStep,numberOfRobotsOnBlackSite,numberOfRobotsOnWhiteSite
18270,31,15
timeStep,numberOfRobotsOnBlackSite,numberOfRobotsOnWhiteSite
18271,31,15
timeStep,numberOfRobotsOnBlackSite,numberOfRobotsOnWhiteSite
18272,31,15
timeStep,numberOfRobotsOnBlackSite,numberOfRobotsOnWhiteSite
18273,31,15
timeStep,numberOfRobotsOnBlackSite,numberOfRobotsOnWhiteSite
18274,31,15
timeStep,numberOfRobotsOnBlackSite,numberOfRobotsOnWhiteSite
18275,31,15
timeStep,numberOfRobotsOnBlackSite,numberOfRobotsOnWhiteSite
18276,31,15
timeStep,numberOfRobotsOnBlackSite,numberOfRobotsOnWhiteSite
18277,31,15
timeStep,numberOfRobotsOnBlackSite,numberOfRobotsOnWhiteSite
18278,31,15
timeStep,numberOfRobotsOnBlackSite,numberOfRobotsOnWhiteSite
18279,31,15
timeStep,numberOfRobotsOnBlackSite,numberOfRobotsOnWhiteSite
18280,31,15
timeStep,numberOfRobotsOnBlackSite,numberOfRobotsOnWhiteSite
18281,31,15
timeStep,numberOfRobotsOnBlackSite,numberOfRobotsOnWhiteSite
18282,31,15
timeStep,numberOfRobotsOnBlackSite,numberOfRobotsOnWhiteSite
18283,31,15
timeStep,numberOfRobotsOnBlackSite,numberOfRobotsOnWhiteSite
18284,31,15
timeStep,numberOfRobotsOnBlackSite,numberOfRobotsOnWhiteSite
18285,31,15
timeStep,numberOfRobotsOnBlackSite,numberOfRobotsOnWhiteSite
18286,31,15
timeStep,numberOfRobotsOnBlackSite,numberOfRobotsOnWhiteSite
18287,31,15
timeStep,numberOfRobotsOnBlackSite,numberOfRobotsOnWhiteSite
18288,31,15
timeStep,numberOfRobotsOnBlackSite,numberOfRobotsOnWhiteSite
18289,31,15
timeStep,numberOfRobotsOnBlackSite,numberOfRobotsOnWhiteSite
18290,31,15
timeStep,numberOfRobotsOnBlackSite,numberOfRobotsOnWhiteSite
18291,31,15
timeStep,numberOfRobotsOnBlackSite,numberOfRobotsOnWhiteSite
18292,31,15
timeStep,numberOfRobotsOnBlackSite,numberOfRobotsOnWhiteSite
18293,31,15
timeStep,numberOfRobotsOnBlackSite,numberOfRobotsOnWhiteSite
18294,31,15
timeStep,numberOfRobotsOnBlackSite,numberOfRobotsOnWhiteSite
18295,31,15
timeStep,numberOfRobotsOnBlackSite,numberOfRobotsOnWhiteSite
18296,31,15
timeStep,numberOfRobotsOnBlackSite,numberOfRobotsOnWhiteSite
18297,31,15
timeStep,numberOfRobotsOnBlackSite,numberOfRobotsOnWhiteSite
18298,31,15
timeStep,numberOfRobotsOnBlackSite,numberOfRobotsOnWhiteSite
18299,31,15
timeStep,numberOfRobotsOnBlackSite,numberOfRobotsOnWhiteSite
18300,31,15
timeStep,numberOfRobotsOnBlackSite,numberOfRobotsOnWhiteSite
18301,31,15
timeStep,numberOfRobotsOnBlackSite,numberOfRobotsOnWhiteSite
18302,31,15
timeStep,numberOfRobotsOnBlackSite,numberOfRobotsOnWhiteSite
18303,31,15
timeStep,numberOfRobotsOnBlackSite,numberOfRobotsOnWhiteSite
18304,31,15
timeStep,numberOfRobotsOnBlackSite,numberOfRobotsOnWhiteSite
18305,31,15
timeStep,numberOfRobotsOnBlackSite,numberOfRobotsOnWhiteSite
18306,31,15
timeStep,numberOfRobotsOnBlackSite,numberOfRobotsOnWhiteSite
18307,31,15
timeStep,numberOfRobotsOnBlackSite,numberOfRobotsOnWhiteSite
18308,31,15
timeStep,numberOfRobotsOnBlackSite,numberOfRobotsOnWhiteSite
18309,31,15
timeStep,numberOfRobotsOnBlackSite,numberOfRobotsOnWhiteSite
18310,31,15
timeStep,numberOfRobotsOnBlackSite,numberOfRobotsOnWhiteSite
18311,31,15
timeStep,numberOfRobotsOnBlackSite,numberOfRobotsOnWhiteSite
18312,31,15
timeStep,numberOfRobotsOnBlackSite,numberOfRobotsOnWhiteSite
18313,31,15
timeStep,numberOfRobotsOnBlackSite,numberOfRobotsOnWhiteSite
18314,31,15
timeStep,numberOfRobotsOnBlackSite,numberOfRobotsOnWhiteSite
18315,31,15
timeStep,numberOfRobotsOnBlackSite,numberOfRobotsOnWhiteSite
18316,31,15
timeStep,numberOfRobotsOnBlackSite,numberOfRobotsOnWhiteSite
18317,31,15
timeStep,numberOfRobotsOnBlackSite,numberOfRobotsOnWhiteSite
18318,31,15
timeStep,numberOfRobotsOnBlackSite,numberOfRobotsOnWhiteSite
18319,31,15
timeStep,numberOfRobotsOnBlackSite,numberOfRobotsOnWhiteSite
18320,31,15
timeStep,numberOfRobotsOnBlackSite,numberOfRobotsOnWhiteSite
18321,31,15
timeStep,numberOfRobotsOnBlackSite,numberOfRobotsOnWhiteSite
18322,31,15
timeStep,numberOfRobotsOnBlackSite,numberOfRobotsOnWhiteSite
18323,31,15
timeStep,numberOfRobotsOnBlackSite,numberOfRobotsOnWhiteSite
18324,31,15
timeStep,numberOfRobotsOnBlackSite,numberOfRobotsOnWhiteSite
18325,31,15
timeStep,numberOfRobotsOnBlackSite,numberOfRobotsOnWhiteSite
18326,31,15
timeStep,numberOfRobotsOnBlackSite,numberOfRobotsOnWhiteSite
18327,31,15
timeStep,numberOfRobotsOnBlackSite,numberOfRobotsOnWhiteSite
18328,31,15
timeStep,numberOfRobotsOnBlackSite,numberOfRobotsOnWhiteSite
18329,31,15
timeStep,numberOfRobotsOnBlackSite,numberOfRobotsOnWhiteSite
18330,31,15
timeStep,numberOfRobotsOnBlackSite,numberOfRobotsOnWhiteSite
18331,31,15
timeStep,numberOfRobotsOnBlackSite,numberOfRobotsOnWhiteSite
18332,31,15
timeStep,numberOfRobotsOnBlackSite,numberOfRobotsOnWhiteSite
18333,31,15
timeStep,numberOfRobotsOnBlackSite,numberOfRobotsOnWhiteSite
18334,31,15
timeStep,numberOfRobotsOnBlackSite,numberOfRobotsOnWhiteSite
18335,31,15
timeStep,numberOfRobotsOnBlackSite,numberOfRobotsOnWhiteSite
18336,31,15
timeStep,numberOfRobotsOnBlackSite,numberOfRobotsOnWhiteSite
18337,31,15
timeStep,numberOfRobotsOnBlackSite,numberOfRobotsOnWhiteSite
18338,31,15
timeStep,numberOfRobotsOnBlackSite,numberOfRobotsOnWhiteSite
18339,31,15
timeStep,numberOfRobotsOnBlackSite,numberOfRobotsOnWhiteSite
18340,31,15
timeStep,numberOfRobotsOnBlackSite,numberOfRobotsOnWhiteSite
18341,31,15
timeStep,numberOfRobotsOnBlackSite,numberOfRobotsOnWhiteSite
18342,31,15
timeStep,numberOfRobotsOnBlackSite,numberOfRobotsOnWhiteSite
18343,31,15
timeStep,numberOfRobotsOnBlackSite,numberOfRobotsOnWhiteSite
18344,31,15
timeStep,numberOfRobotsOnBlackSite,numberOfRobotsOnWhiteSite
18345,31,15
timeStep,numberOfRobotsOnBlackSite,numberOfRobotsOnWhiteSite
18346,31,15
timeStep,numberOfRobotsOnBlackSite,numberOfRobotsOnWhiteSite
18347,31,15
timeStep,numberOfRobotsOnBlackSite,numberOfRobotsOnWhiteSite
18348,31,15
timeStep,numberOfRobotsOnBlackSite,numberOfRobotsOnWhiteSite
18349,31,15
timeStep,numberOfRobotsOnBlackSite,numberOfRobotsOnWhiteSite
18350,31,15
timeStep,numberOfRobotsOnBlackSite,numberOfRobotsOnWhiteSite
18351,31,15
timeStep,numberOfRobotsOnBlackSite,numberOfRobotsOnWhiteSite
18352,31,15
timeStep,numberOfRobotsOnBlackSite,numberOfRobotsOnWhiteSite
18353,31,15
timeStep,numberOfRobotsOnBlackSite,numberOfRobotsOnWhiteSite
18354,31,15
timeStep,numberOfRobotsOnBlackSite,numberOfRobotsOnWhiteSite
18355,31,15
timeStep,numberOfRobotsOnBlackSite,numberOfRobotsOnWhiteSite
18356,31,15
timeStep,numberOfRobotsOnBlackSite,numberOfRobotsOnWhiteSite
18357,31,15
timeStep,numberOfRobotsOnBlackSite,numberOfRobotsOnWhiteSite
18358,31,15
timeStep,numberOfRobotsOnBlackSite,numberOfRobotsOnWhiteSite
18359,31,15
timeStep,numberOfRobotsOnBlackSite,numberOfRobotsOnWhiteSite
18360,31,15
timeStep,numberOfRobotsOnBlackSite,numberOfRobotsOnWhiteSite
18361,31,15
timeStep,numberOfRobotsOnBlackSite,numberOfRobotsOnWhiteSite
18362,31,15
timeStep,numberOfRobotsOnBlackSite,numberOfRobotsOnWhiteSite
18363,31,15
timeStep,numberOfRobotsOnBlackSite,numberOfRobotsOnWhiteSite
18364,31,15
timeStep,numberOfRobotsOnBlackSite,numberOfRobotsOnWhiteSite
18365,31,15
timeStep,numberOfRobotsOnBlackSite,numberOfRobotsOnWhiteSite
18366,31,15
timeStep,numberOfRobotsOnBlackSite,numberOfRobotsOnWhiteSite
18367,31,15
timeStep,numberOfRobotsOnBlackSite,numberOfRobotsOnWhiteSite
18368,31,15
timeStep,numberOfRobotsOnBlackSite,numberOfRobotsOnWhiteSite
18369,31,15
timeStep,numberOfRobotsOnBlackSite,numberOfRobotsOnWhiteSite
18370,31,15
timeStep,numberOfRobotsOnBlackSite,numberOfRobotsOnWhiteSite
18371,31,15
timeStep,numberOfRobotsOnBlackSite,numberOfRobotsOnWhiteSite
18372,31,15
timeStep,numberOfRobotsOnBlackSite,numberOfRobotsOnWhiteSite
18373,31,15
timeStep,numberOfRobotsOnBlackSite,numberOfRobotsOnWhiteSite
18374,31,15
timeStep,numberOfRobotsOnBlackSite,numberOfRobotsOnWhiteSite
18375,31,15
timeStep,numberOfRobotsOnBlackSite,numberOfRobotsOnWhiteSite
18376,31,15
timeStep,numberOfRobotsOnBlackSite,numberOfRobotsOnWhiteSite
18377,31,15
timeStep,numberOfRobotsOnBlackSite,numberOfRobotsOnWhiteSite
18378,31,15
timeStep,numberOfRobotsOnBlackSite,numberOfRobotsOnWhiteSite
18379,31,15
timeStep,numberOfRobotsOnBlackSite,numberOfRobotsOnWhiteSite
18380,31,15
timeStep,numberOfRobotsOnBlackSite,numberOfRobotsOnWhiteSite
18381,31,15
timeStep,numberOfRobotsOnBlackSite,numberOfRobotsOnWhiteSite
18382,31,15
timeStep,numberOfRobotsOnBlackSite,numberOfRobotsOnWhiteSite
18383,31,15
timeStep,numberOfRobotsOnBlackSite,numberOfRobotsOnWhiteSite
18384,31,15
timeStep,numberOfRobotsOnBlackSite,numberOfRobotsOnWhiteSite
18385,31,15
timeStep,numberOfRobotsOnBlackSite,numberOfRobotsOnWhiteSite
18386,31,15
timeStep,numberOfRobotsOnBlackSite,numberOfRobotsOnWhiteSite
18387,31,15
timeStep,numberOfRobotsOnBlackSite,numberOfRobotsOnWhiteSite
18388,31,15
timeStep,numberOfRobotsOnBlackSite,numberOfRobotsOnWhiteSite
18389,31,15
timeStep,numberOfRobotsOnBlackSite,numberOfRobotsOnWhiteSite
18390,31,15
timeStep,numberOfRobotsOnBlackSite,numberOfRobotsOnWhiteSite
18391,31,15
timeStep,numberOfRobotsOnBlackSite,numberOfRobotsOnWhiteSite
18392,31,15
timeStep,numberOfRobotsOnBlackSite,numberOfRobotsOnWhiteSite
18393,31,15
timeStep,numberOfRobotsOnBlackSite,numberOfRobotsOnWhiteSite
18394,31,15
timeStep,numberOfRobotsOnBlackSite,numberOfRobotsOnWhiteSite
18395,30,15
timeStep,numberOfRobotsOnBlackSite,numberOfRobotsOnWhiteSite
18396,30,15
timeStep,numberOfRobotsOnBlackSite,numberOfRobotsOnWhiteSite
18397,30,15
timeStep,numberOfRobotsOnBlackSite,numberOfRobotsOnWhiteSite
18398,30,15
timeStep,numberOfRobotsOnBlackSite,numberOfRobotsOnWhiteSite
18399,30,15
timeStep,numberOfRobotsOnBlackSite,numberOfRobotsOnWhiteSite
18400,30,15
timeStep,numberOfRobotsOnBlackSite,numberOfRobotsOnWhiteSite
18401,30,15
timeStep,numberOfRobotsOnBlackSite,numberOfRobotsOnWhiteSite
18402,30,15
timeStep,numberOfRobotsOnBlackSite,numberOfRobotsOnWhiteSite
18403,30,15
timeStep,numberOfRobotsOnBlackSite,numberOfRobotsOnWhiteSite
18404,30,15
timeStep,numberOfRobotsOnBlackSite,numberOfRobotsOnWhiteSite
18405,30,15
timeStep,numberOfRobotsOnBlackSite,numberOfRobotsOnWhiteSite
18406,30,15
timeStep,numberOfRobotsOnBlackSite,numberOfRobotsOnWhiteSite
18407,30,15
timeStep,numberOfRobotsOnBlackSite,numberOfRobotsOnWhiteSite
18408,30,15
timeStep,numberOfRobotsOnBlackSite,numberOfRobotsOnWhiteSite
18409,30,15
timeStep,numberOfRobotsOnBlackSite,numberOfRobotsOnWhiteSite
18410,30,15
timeStep,numberOfRobotsOnBlackSite,numberOfRobotsOnWhiteSite
18411,30,15
timeStep,numberOfRobotsOnBlackSite,numberOfRobotsOnWhiteSite
18412,30,15
timeStep,numberOfRobotsOnBlackSite,numberOfRobotsOnWhiteSite
18413,30,15
timeStep,numberOfRobotsOnBlackSite,numberOfRobotsOnWhiteSite
18414,30,15
timeStep,numberOfRobotsOnBlackSite,numberOfRobotsOnWhiteSite
18415,31,15
timeStep,numberOfRobotsOnBlackSite,numberOfRobotsOnWhiteSite
18416,31,15
timeStep,numberOfRobotsOnBlackSite,numberOfRobotsOnWhiteSite
18417,31,15
timeStep,numberOfRobotsOnBlackSite,numberOfRobotsOnWhiteSite
18418,31,15
timeStep,numberOfRobotsOnBlackSite,numberOfRobotsOnWhiteSite
18419,31,15
timeStep,numberOfRobotsOnBlackSite,numberOfRobotsOnWhiteSite
18420,31,15
timeStep,numberOfRobotsOnBlackSite,numberOfRobotsOnWhiteSite
18421,31,15
timeStep,numberOfRobotsOnBlackSite,numberOfRobotsOnWhiteSite
18422,31,15
timeStep,numberOfRobotsOnBlackSite,numberOfRobotsOnWhiteSite
18423,31,15
timeStep,numberOfRobotsOnBlackSite,numberOfRobotsOnWhiteSite
18424,31,15
timeStep,numberOfRobotsOnBlackSite,numberOfRobotsOnWhiteSite
18425,31,15
timeStep,numberOfRobotsOnBlackSite,numberOfRobotsOnWhiteSite
18426,31,15
timeStep,numberOfRobotsOnBlackSite,numberOfRobotsOnWhiteSite
18427,31,15
timeStep,numberOfRobotsOnBlackSite,numberOfRobotsOnWhiteSite
18428,31,15
timeStep,numberOfRobotsOnBlackSite,numberOfRobotsOnWhiteSite
18429,31,15
timeStep,numberOfRobotsOnBlackSite,numberOfRobotsOnWhiteSite
18430,31,14
timeStep,numberOfRobotsOnBlackSite,numberOfRobotsOnWhiteSite
18431,31,14
timeStep,numberOfRobotsOnBlackSite,numberOfRobotsOnWhiteSite
18432,31,14
timeStep,numberOfRobotsOnBlackSite,numberOfRobotsOnWhiteSite
18433,31,14
timeStep,numberOfRobotsOnBlackSite,numberOfRobotsOnWhiteSite
18434,31,14
timeStep,numberOfRobotsOnBlackSite,numberOfRobotsOnWhiteSite
18435,31,14
timeStep,numberOfRobotsOnBlackSite,numberOfRobotsOnWhiteSite
18436,31,14
timeStep,numberOfRobotsOnBlackSite,numberOfRobotsOnWhiteSite
18437,31,14
timeStep,numberOfRobotsOnBlackSite,numberOfRobotsOnWhiteSite
18438,31,14
timeStep,numberOfRobotsOnBlackSite,numberOfRobotsOnWhiteSite
18439,31,14
timeStep,numberOfRobotsOnBlackSite,numberOfRobotsOnWhiteSite
18440,31,15
timeStep,numberOfRobotsOnBlackSite,numberOfRobotsOnWhiteSite
18441,31,15
timeStep,numberOfRobotsOnBlackSite,numberOfRobotsOnWhiteSite
18442,31,15
timeStep,numberOfRobotsOnBlackSite,numberOfRobotsOnWhiteSite
18443,31,15
timeStep,numberOfRobotsOnBlackSite,numberOfRobotsOnWhiteSite
18444,31,15
timeStep,numberOfRobotsOnBlackSite,numberOfRobotsOnWhiteSite
18445,31,14
timeStep,numberOfRobotsOnBlackSite,numberOfRobotsOnWhiteSite
18446,31,14
timeStep,numberOfRobotsOnBlackSite,numberOfRobotsOnWhiteSite
18447,31,14
timeStep,numberOfRobotsOnBlackSite,numberOfRobotsOnWhiteSite
18448,31,14
timeStep,numberOfRobotsOnBlackSite,numberOfRobotsOnWhiteSite
18449,31,14
timeStep,numberOfRobotsOnBlackSite,numberOfRobotsOnWhiteSite
18450,30,14
timeStep,numberOfRobotsOnBlackSite,numberOfRobotsOnWhiteSite
18451,30,14
timeStep,numberOfRobotsOnBlackSite,numberOfRobotsOnWhiteSite
18452,30,14
timeStep,numberOfRobotsOnBlackSite,numberOfRobotsOnWhiteSite
18453,30,14
timeStep,numberOfRobotsOnBlackSite,numberOfRobotsOnWhiteSite
18454,30,14
timeStep,numberOfRobotsOnBlackSite,numberOfRobotsOnWhiteSite
18455,30,14
timeStep,numberOfRobotsOnBlackSite,numberOfRobotsOnWhiteSite
18456,30,14
timeStep,numberOfRobotsOnBlackSite,numberOfRobotsOnWhiteSite
18457,30,14
timeStep,numberOfRobotsOnBlackSite,numberOfRobotsOnWhiteSite
18458,30,14
timeStep,numberOfRobotsOnBlackSite,numberOfRobotsOnWhiteSite
18459,30,14
timeStep,numberOfRobotsOnBlackSite,numberOfRobotsOnWhiteSite
18460,30,14
timeStep,numberOfRobotsOnBlackSite,numberOfRobotsOnWhiteSite
18461,30,14
timeStep,numberOfRobotsOnBlackSite,numberOfRobotsOnWhiteSite
18462,30,14
timeStep,numberOfRobotsOnBlackSite,numberOfRobotsOnWhiteSite
18463,30,14
timeStep,numberOfRobotsOnBlackSite,numberOfRobotsOnWhiteSite
18464,30,14
timeStep,numberOfRobotsOnBlackSite,numberOfRobotsOnWhiteSite
18465,30,14
timeStep,numberOfRobotsOnBlackSite,numberOfRobotsOnWhiteSite
18466,30,14
timeStep,numberOfRobotsOnBlackSite,numberOfRobotsOnWhiteSite
18467,30,14
timeStep,numberOfRobotsOnBlackSite,numberOfRobotsOnWhiteSite
18468,30,14
timeStep,numberOfRobotsOnBlackSite,numberOfRobotsOnWhiteSite
18469,30,14
timeStep,numberOfRobotsOnBlackSite,numberOfRobotsOnWhiteSite
18470,30,14
timeStep,numberOfRobotsOnBlackSite,numberOfRobotsOnWhiteSite
18471,30,14
timeStep,numberOfRobotsOnBlackSite,numberOfRobotsOnWhiteSite
18472,30,14
timeStep,numberOfRobotsOnBlackSite,numberOfRobotsOnWhiteSite
18473,30,14
timeStep,numberOfRobotsOnBlackSite,numberOfRobotsOnWhiteSite
18474,30,14
timeStep,numberOfRobotsOnBlackSite,numberOfRobotsOnWhiteSite
18475,30,14
timeStep,numberOfRobotsOnBlackSite,numberOfRobotsOnWhiteSite
18476,30,14
timeStep,numberOfRobotsOnBlackSite,numberOfRobotsOnWhiteSite
18477,30,14
timeStep,numberOfRobotsOnBlackSite,numberOfRobotsOnWhiteSite
18478,30,14
timeStep,numberOfRobotsOnBlackSite,numberOfRobotsOnWhiteSite
18479,30,14
timeStep,numberOfRobotsOnBlackSite,numberOfRobotsOnWhiteSite
18480,30,14
timeStep,numberOfRobotsOnBlackSite,numberOfRobotsOnWhiteSite
18481,30,14
timeStep,numberOfRobotsOnBlackSite,numberOfRobotsOnWhiteSite
18482,30,14
timeStep,numberOfRobotsOnBlackSite,numberOfRobotsOnWhiteSite
18483,30,14
timeStep,numberOfRobotsOnBlackSite,numberOfRobotsOnWhiteSite
18484,30,14
timeStep,numberOfRobotsOnBlackSite,numberOfRobotsOnWhiteSite
18485,30,14
timeStep,numberOfRobotsOnBlackSite,numberOfRobotsOnWhiteSite
18486,30,14
timeStep,numberOfRobotsOnBlackSite,numberOfRobotsOnWhiteSite
18487,30,14
timeStep,numberOfRobotsOnBlackSite,numberOfRobotsOnWhiteSite
18488,30,14
timeStep,numberOfRobotsOnBlackSite,numberOfRobotsOnWhiteSite
18489,30,14
timeStep,numberOfRobotsOnBlackSite,numberOfRobotsOnWhiteSite
18490,30,14
timeStep,numberOfRobotsOnBlackSite,numberOfRobotsOnWhiteSite
18491,30,14
timeStep,numberOfRobotsOnBlackSite,numberOfRobotsOnWhiteSite
18492,30,14
timeStep,numberOfRobotsOnBlackSite,numberOfRobotsOnWhiteSite
18493,30,14
timeStep,numberOfRobotsOnBlackSite,numberOfRobotsOnWhiteSite
18494,30,14
timeStep,numberOfRobotsOnBlackSite,numberOfRobotsOnWhiteSite
18495,30,14
timeStep,numberOfRobotsOnBlackSite,numberOfRobotsOnWhiteSite
18496,30,14
timeStep,numberOfRobotsOnBlackSite,numberOfRobotsOnWhiteSite
18497,30,14
timeStep,numberOfRobotsOnBlackSite,numberOfRobotsOnWhiteSite
18498,30,14
timeStep,numberOfRobotsOnBlackSite,numberOfRobotsOnWhiteSite
18499,30,14
timeStep,numberOfRobotsOnBlackSite,numberOfRobotsOnWhiteSite
18500,30,14
timeStep,numberOfRobotsOnBlackSite,numberOfRobotsOnWhiteSite
18501,30,14
timeStep,numberOfRobotsOnBlackSite,numberOfRobotsOnWhiteSite
18502,30,14
timeStep,numberOfRobotsOnBlackSite,numberOfRobotsOnWhiteSite
18503,30,14
timeStep,numberOfRobotsOnBlackSite,numberOfRobotsOnWhiteSite
18504,30,14
timeStep,numberOfRobotsOnBlackSite,numberOfRobotsOnWhiteSite
18505,30,14
timeStep,numberOfRobotsOnBlackSite,numberOfRobotsOnWhiteSite
18506,30,14
timeStep,numberOfRobotsOnBlackSite,numberOfRobotsOnWhiteSite
18507,30,14
timeStep,numberOfRobotsOnBlackSite,numberOfRobotsOnWhiteSite
18508,30,14
timeStep,numberOfRobotsOnBlackSite,numberOfRobotsOnWhiteSite
18509,30,14
timeStep,numberOfRobotsOnBlackSite,numberOfRobotsOnWhiteSite
18510,30,14
timeStep,numberOfRobotsOnBlackSite,numberOfRobotsOnWhiteSite
18511,30,14
timeStep,numberOfRobotsOnBlackSite,numberOfRobotsOnWhiteSite
18512,30,14
timeStep,numberOfRobotsOnBlackSite,numberOfRobotsOnWhiteSite
18513,30,14
timeStep,numberOfRobotsOnBlackSite,numberOfRobotsOnWhiteSite
18514,30,14
timeStep,numberOfRobotsOnBlackSite,numberOfRobotsOnWhiteSite
18515,30,14
timeStep,numberOfRobotsOnBlackSite,numberOfRobotsOnWhiteSite
18516,30,14
timeStep,numberOfRobotsOnBlackSite,numberOfRobotsOnWhiteSite
18517,30,14
timeStep,numberOfRobotsOnBlackSite,numberOfRobotsOnWhiteSite
18518,30,14
timeStep,numberOfRobotsOnBlackSite,numberOfRobotsOnWhiteSite
18519,30,14
timeStep,numberOfRobotsOnBlackSite,numberOfRobotsOnWhiteSite
18520,30,14
timeStep,numberOfRobotsOnBlackSite,numberOfRobotsOnWhiteSite
18521,30,14
timeStep,numberOfRobotsOnBlackSite,numberOfRobotsOnWhiteSite
18522,30,14
timeStep,numberOfRobotsOnBlackSite,numberOfRobotsOnWhiteSite
18523,30,14
timeStep,numberOfRobotsOnBlackSite,numberOfRobotsOnWhiteSite
18524,30,14
timeStep,numberOfRobotsOnBlackSite,numberOfRobotsOnWhiteSite
18525,30,14
timeStep,numberOfRobotsOnBlackSite,numberOfRobotsOnWhiteSite
18526,30,14
timeStep,numberOfRobotsOnBlackSite,numberOfRobotsOnWhiteSite
18527,30,14
timeStep,numberOfRobotsOnBlackSite,numberOfRobotsOnWhiteSite
18528,30,14
timeStep,numberOfRobotsOnBlackSite,numberOfRobotsOnWhiteSite
18529,30,14
timeStep,numberOfRobotsOnBlackSite,numberOfRobotsOnWhiteSite
18530,30,14
timeStep,numberOfRobotsOnBlackSite,numberOfRobotsOnWhiteSite
18531,30,14
timeStep,numberOfRobotsOnBlackSite,numberOfRobotsOnWhiteSite
18532,30,14
timeStep,numberOfRobotsOnBlackSite,numberOfRobotsOnWhiteSite
18533,30,14
timeStep,numberOfRobotsOnBlackSite,numberOfRobotsOnWhiteSite
18534,30,14
timeStep,numberOfRobotsOnBlackSite,numberOfRobotsOnWhiteSite
18535,30,14
timeStep,numberOfRobotsOnBlackSite,numberOfRobotsOnWhiteSite
18536,30,14
timeStep,numberOfRobotsOnBlackSite,numberOfRobotsOnWhiteSite
18537,30,14
timeStep,numberOfRobotsOnBlackSite,numberOfRobotsOnWhiteSite
18538,30,14
timeStep,numberOfRobotsOnBlackSite,numberOfRobotsOnWhiteSite
18539,30,14
timeStep,numberOfRobotsOnBlackSite,numberOfRobotsOnWhiteSite
18540,30,14
timeStep,numberOfRobotsOnBlackSite,numberOfRobotsOnWhiteSite
18541,30,14
timeStep,numberOfRobotsOnBlackSite,numberOfRobotsOnWhiteSite
18542,30,14
timeStep,numberOfRobotsOnBlackSite,numberOfRobotsOnWhiteSite
18543,30,14
timeStep,numberOfRobotsOnBlackSite,numberOfRobotsOnWhiteSite
18544,30,14
timeStep,numberOfRobotsOnBlackSite,numberOfRobotsOnWhiteSite
18545,30,14
timeStep,numberOfRobotsOnBlackSite,numberOfRobotsOnWhiteSite
18546,30,14
timeStep,numberOfRobotsOnBlackSite,numberOfRobotsOnWhiteSite
18547,30,14
timeStep,numberOfRobotsOnBlackSite,numberOfRobotsOnWhiteSite
18548,30,14
timeStep,numberOfRobotsOnBlackSite,numberOfRobotsOnWhiteSite
18549,30,14
timeStep,numberOfRobotsOnBlackSite,numberOfRobotsOnWhiteSite
18550,30,14
timeStep,numberOfRobotsOnBlackSite,numberOfRobotsOnWhiteSite
18551,30,14
timeStep,numberOfRobotsOnBlackSite,numberOfRobotsOnWhiteSite
18552,30,14
timeStep,numberOfRobotsOnBlackSite,numberOfRobotsOnWhiteSite
18553,30,14
timeStep,numberOfRobotsOnBlackSite,numberOfRobotsOnWhiteSite
18554,30,14
timeStep,numberOfRobotsOnBlackSite,numberOfRobotsOnWhiteSite
18555,30,14
timeStep,numberOfRobotsOnBlackSite,numberOfRobotsOnWhiteSite
18556,30,14
timeStep,numberOfRobotsOnBlackSite,numberOfRobotsOnWhiteSite
18557,30,14
timeStep,numberOfRobotsOnBlackSite,numberOfRobotsOnWhiteSite
18558,30,14
timeStep,numberOfRobotsOnBlackSite,numberOfRobotsOnWhiteSite
18559,30,14
timeStep,numberOfRobotsOnBlackSite,numberOfRobotsOnWhiteSite
18560,30,14
timeStep,numberOfRobotsOnBlackSite,numberOfRobotsOnWhiteSite
18561,30,14
timeStep,numberOfRobotsOnBlackSite,numberOfRobotsOnWhiteSite
18562,30,14
timeStep,numberOfRobotsOnBlackSite,numberOfRobotsOnWhiteSite
18563,30,14
timeStep,numberOfRobotsOnBlackSite,numberOfRobotsOnWhiteSite
18564,30,14
timeStep,numberOfRobotsOnBlackSite,numberOfRobotsOnWhiteSite
18565,30,14
timeStep,numberOfRobotsOnBlackSite,numberOfRobotsOnWhiteSite
18566,30,14
timeStep,numberOfRobotsOnBlackSite,numberOfRobotsOnWhiteSite
18567,30,14
timeStep,numberOfRobotsOnBlackSite,numberOfRobotsOnWhiteSite
18568,30,14
timeStep,numberOfRobotsOnBlackSite,numberOfRobotsOnWhiteSite
18569,30,14
timeStep,numberOfRobotsOnBlackSite,numberOfRobotsOnWhiteSite
18570,30,14
timeStep,numberOfRobotsOnBlackSite,numberOfRobotsOnWhiteSite
18571,30,14
timeStep,numberOfRobotsOnBlackSite,numberOfRobotsOnWhiteSite
18572,30,14
timeStep,numberOfRobotsOnBlackSite,numberOfRobotsOnWhiteSite
18573,30,14
timeStep,numberOfRobotsOnBlackSite,numberOfRobotsOnWhiteSite
18574,30,14
timeStep,numberOfRobotsOnBlackSite,numberOfRobotsOnWhiteSite
18575,30,14
timeStep,numberOfRobotsOnBlackSite,numberOfRobotsOnWhiteSite
18576,30,14
timeStep,numberOfRobotsOnBlackSite,numberOfRobotsOnWhiteSite
18577,30,14
timeStep,numberOfRobotsOnBlackSite,numberOfRobotsOnWhiteSite
18578,30,14
timeStep,numberOfRobotsOnBlackSite,numberOfRobotsOnWhiteSite
18579,30,14
timeStep,numberOfRobotsOnBlackSite,numberOfRobotsOnWhiteSite
18580,30,14
timeStep,numberOfRobotsOnBlackSite,numberOfRobotsOnWhiteSite
18581,30,14
timeStep,numberOfRobotsOnBlackSite,numberOfRobotsOnWhiteSite
18582,30,14
timeStep,numberOfRobotsOnBlackSite,numberOfRobotsOnWhiteSite
18583,30,14
timeStep,numberOfRobotsOnBlackSite,numberOfRobotsOnWhiteSite
18584,30,14
timeStep,numberOfRobotsOnBlackSite,numberOfRobotsOnWhiteSite
18585,30,14
timeStep,numberOfRobotsOnBlackSite,numberOfRobotsOnWhiteSite
18586,30,14
timeStep,numberOfRobotsOnBlackSite,numberOfRobotsOnWhiteSite
18587,30,14
timeStep,numberOfRobotsOnBlackSite,numberOfRobotsOnWhiteSite
18588,30,14
timeStep,numberOfRobotsOnBlackSite,numberOfRobotsOnWhiteSite
18589,30,14
timeStep,numberOfRobotsOnBlackSite,numberOfRobotsOnWhiteSite
18590,30,14
timeStep,numberOfRobotsOnBlackSite,numberOfRobotsOnWhiteSite
18591,30,14
timeStep,numberOfRobotsOnBlackSite,numberOfRobotsOnWhiteSite
18592,30,14
timeStep,numberOfRobotsOnBlackSite,numberOfRobotsOnWhiteSite
18593,30,14
timeStep,numberOfRobotsOnBlackSite,numberOfRobotsOnWhiteSite
18594,30,14
timeStep,numberOfRobotsOnBlackSite,numberOfRobotsOnWhiteSite
18595,30,14
timeStep,numberOfRobotsOnBlackSite,numberOfRobotsOnWhiteSite
18596,30,14
timeStep,numberOfRobotsOnBlackSite,numberOfRobotsOnWhiteSite
18597,30,14
timeStep,numberOfRobotsOnBlackSite,numberOfRobotsOnWhiteSite
18598,30,14
timeStep,numberOfRobotsOnBlackSite,numberOfRobotsOnWhiteSite
18599,30,14
timeStep,numberOfRobotsOnBlackSite,numberOfRobotsOnWhiteSite
18600,30,14
timeStep,numberOfRobotsOnBlackSite,numberOfRobotsOnWhiteSite
18601,30,14
timeStep,numberOfRobotsOnBlackSite,numberOfRobotsOnWhiteSite
18602,30,14
timeStep,numberOfRobotsOnBlackSite,numberOfRobotsOnWhiteSite
18603,30,14
timeStep,numberOfRobotsOnBlackSite,numberOfRobotsOnWhiteSite
18604,30,14
timeStep,numberOfRobotsOnBlackSite,numberOfRobotsOnWhiteSite
18605,30,14
timeStep,numberOfRobotsOnBlackSite,numberOfRobotsOnWhiteSite
18606,30,14
timeStep,numberOfRobotsOnBlackSite,numberOfRobotsOnWhiteSite
18607,30,14
timeStep,numberOfRobotsOnBlackSite,numberOfRobotsOnWhiteSite
18608,30,14
timeStep,numberOfRobotsOnBlackSite,numberOfRobotsOnWhiteSite
18609,30,14
timeStep,numberOfRobotsOnBlackSite,numberOfRobotsOnWhiteSite
18610,30,14
timeStep,numberOfRobotsOnBlackSite,numberOfRobotsOnWhiteSite
18611,30,14
timeStep,numberOfRobotsOnBlackSite,numberOfRobotsOnWhiteSite
18612,30,14
timeStep,numberOfRobotsOnBlackSite,numberOfRobotsOnWhiteSite
18613,30,14
timeStep,numberOfRobotsOnBlackSite,numberOfRobotsOnWhiteSite
18614,30,14
timeStep,numberOfRobotsOnBlackSite,numberOfRobotsOnWhiteSite
18615,30,14
timeStep,numberOfRobotsOnBlackSite,numberOfRobotsOnWhiteSite
18616,30,14
timeStep,numberOfRobotsOnBlackSite,numberOfRobotsOnWhiteSite
18617,30,14
timeStep,numberOfRobotsOnBlackSite,numberOfRobotsOnWhiteSite
18618,30,14
timeStep,numberOfRobotsOnBlackSite,numberOfRobotsOnWhiteSite
18619,30,14
timeStep,numberOfRobotsOnBlackSite,numberOfRobotsOnWhiteSite
18620,30,14
timeStep,numberOfRobotsOnBlackSite,numberOfRobotsOnWhiteSite
18621,30,14
timeStep,numberOfRobotsOnBlackSite,numberOfRobotsOnWhiteSite
18622,30,14
timeStep,numberOfRobotsOnBlackSite,numberOfRobotsOnWhiteSite
18623,30,14
timeStep,numberOfRobotsOnBlackSite,numberOfRobotsOnWhiteSite
18624,30,14
timeStep,numberOfRobotsOnBlackSite,numberOfRobotsOnWhiteSite
18625,30,14
timeStep,numberOfRobotsOnBlackSite,numberOfRobotsOnWhiteSite
18626,30,14
timeStep,numberOfRobotsOnBlackSite,numberOfRobotsOnWhiteSite
18627,30,14
timeStep,numberOfRobotsOnBlackSite,numberOfRobotsOnWhiteSite
18628,30,14
timeStep,numberOfRobotsOnBlackSite,numberOfRobotsOnWhiteSite
18629,30,14
timeStep,numberOfRobotsOnBlackSite,numberOfRobotsOnWhiteSite
18630,30,14
timeStep,numberOfRobotsOnBlackSite,numberOfRobotsOnWhiteSite
18631,30,14
timeStep,numberOfRobotsOnBlackSite,numberOfRobotsOnWhiteSite
18632,30,14
timeStep,numberOfRobotsOnBlackSite,numberOfRobotsOnWhiteSite
18633,30,14
timeStep,numberOfRobotsOnBlackSite,numberOfRobotsOnWhiteSite
18634,30,14
timeStep,numberOfRobotsOnBlackSite,numberOfRobotsOnWhiteSite
18635,30,14
timeStep,numberOfRobotsOnBlackSite,numberOfRobotsOnWhiteSite
18636,30,14
timeStep,numberOfRobotsOnBlackSite,numberOfRobotsOnWhiteSite
18637,30,14
timeStep,numberOfRobotsOnBlackSite,numberOfRobotsOnWhiteSite
18638,30,14
timeStep,numberOfRobotsOnBlackSite,numberOfRobotsOnWhiteSite
18639,30,14
timeStep,numberOfRobotsOnBlackSite,numberOfRobotsOnWhiteSite
18640,30,14
timeStep,numberOfRobotsOnBlackSite,numberOfRobotsOnWhiteSite
18641,30,14
timeStep,numberOfRobotsOnBlackSite,numberOfRobotsOnWhiteSite
18642,30,14
timeStep,numberOfRobotsOnBlackSite,numberOfRobotsOnWhiteSite
18643,30,14
timeStep,numberOfRobotsOnBlackSite,numberOfRobotsOnWhiteSite
18644,30,14
timeStep,numberOfRobotsOnBlackSite,numberOfRobotsOnWhiteSite
18645,30,14
timeStep,numberOfRobotsOnBlackSite,numberOfRobotsOnWhiteSite
18646,30,14
timeStep,numberOfRobotsOnBlackSite,numberOfRobotsOnWhiteSite
18647,30,14
timeStep,numberOfRobotsOnBlackSite,numberOfRobotsOnWhiteSite
18648,30,14
timeStep,numberOfRobotsOnBlackSite,numberOfRobotsOnWhiteSite
18649,30,14
timeStep,numberOfRobotsOnBlackSite,numberOfRobotsOnWhiteSite
18650,30,14
timeStep,numberOfRobotsOnBlackSite,numberOfRobotsOnWhiteSite
18651,30,14
timeStep,numberOfRobotsOnBlackSite,numberOfRobotsOnWhiteSite
18652,30,14
timeStep,numberOfRobotsOnBlackSite,numberOfRobotsOnWhiteSite
18653,30,14
timeStep,numberOfRobotsOnBlackSite,numberOfRobotsOnWhiteSite
18654,30,14
timeStep,numberOfRobotsOnBlackSite,numberOfRobotsOnWhiteSite
18655,30,14
timeStep,numberOfRobotsOnBlackSite,numberOfRobotsOnWhiteSite
18656,30,14
timeStep,numberOfRobotsOnBlackSite,numberOfRobotsOnWhiteSite
18657,30,14
timeStep,numberOfRobotsOnBlackSite,numberOfRobotsOnWhiteSite
18658,30,14
timeStep,numberOfRobotsOnBlackSite,numberOfRobotsOnWhiteSite
18659,30,14
timeStep,numberOfRobotsOnBlackSite,numberOfRobotsOnWhiteSite
18660,30,14
timeStep,numberOfRobotsOnBlackSite,numberOfRobotsOnWhiteSite
18661,30,14
timeStep,numberOfRobotsOnBlackSite,numberOfRobotsOnWhiteSite
18662,30,14
timeStep,numberOfRobotsOnBlackSite,numberOfRobotsOnWhiteSite
18663,30,14
timeStep,numberOfRobotsOnBlackSite,numberOfRobotsOnWhiteSite
18664,30,14
timeStep,numberOfRobotsOnBlackSite,numberOfRobotsOnWhiteSite
18665,30,14
timeStep,numberOfRobotsOnBlackSite,numberOfRobotsOnWhiteSite
18666,30,14
timeStep,numberOfRobotsOnBlackSite,numberOfRobotsOnWhiteSite
18667,30,14
timeStep,numberOfRobotsOnBlackSite,numberOfRobotsOnWhiteSite
18668,30,14
timeStep,numberOfRobotsOnBlackSite,numberOfRobotsOnWhiteSite
18669,30,14
timeStep,numberOfRobotsOnBlackSite,numberOfRobotsOnWhiteSite
18670,30,14
timeStep,numberOfRobotsOnBlackSite,numberOfRobotsOnWhiteSite
18671,30,14
timeStep,numberOfRobotsOnBlackSite,numberOfRobotsOnWhiteSite
18672,30,14
timeStep,numberOfRobotsOnBlackSite,numberOfRobotsOnWhiteSite
18673,30,14
timeStep,numberOfRobotsOnBlackSite,numberOfRobotsOnWhiteSite
18674,30,14
timeStep,numberOfRobotsOnBlackSite,numberOfRobotsOnWhiteSite
18675,30,14
timeStep,numberOfRobotsOnBlackSite,numberOfRobotsOnWhiteSite
18676,30,14
timeStep,numberOfRobotsOnBlackSite,numberOfRobotsOnWhiteSite
18677,30,14
timeStep,numberOfRobotsOnBlackSite,numberOfRobotsOnWhiteSite
18678,30,14
timeStep,numberOfRobotsOnBlackSite,numberOfRobotsOnWhiteSite
18679,30,14
timeStep,numberOfRobotsOnBlackSite,numberOfRobotsOnWhiteSite
18680,30,14
timeStep,numberOfRobotsOnBlackSite,numberOfRobotsOnWhiteSite
18681,30,14
timeStep,numberOfRobotsOnBlackSite,numberOfRobotsOnWhiteSite
18682,30,14
timeStep,numberOfRobotsOnBlackSite,numberOfRobotsOnWhiteSite
18683,30,14
timeStep,numberOfRobotsOnBlackSite,numberOfRobotsOnWhiteSite
18684,30,14
timeStep,numberOfRobotsOnBlackSite,numberOfRobotsOnWhiteSite
18685,30,14
timeStep,numberOfRobotsOnBlackSite,numberOfRobotsOnWhiteSite
18686,30,14
timeStep,numberOfRobotsOnBlackSite,numberOfRobotsOnWhiteSite
18687,30,14
timeStep,numberOfRobotsOnBlackSite,numberOfRobotsOnWhiteSite
18688,30,14
timeStep,numberOfRobotsOnBlackSite,numberOfRobotsOnWhiteSite
18689,30,14
timeStep,numberOfRobotsOnBlackSite,numberOfRobotsOnWhiteSite
18690,30,14
timeStep,numberOfRobotsOnBlackSite,numberOfRobotsOnWhiteSite
18691,30,14
timeStep,numberOfRobotsOnBlackSite,numberOfRobotsOnWhiteSite
18692,30,14
timeStep,numberOfRobotsOnBlackSite,numberOfRobotsOnWhiteSite
18693,30,14
timeStep,numberOfRobotsOnBlackSite,numberOfRobotsOnWhiteSite
18694,30,14
timeStep,numberOfRobotsOnBlackSite,numberOfRobotsOnWhiteSite
18695,30,14
timeStep,numberOfRobotsOnBlackSite,numberOfRobotsOnWhiteSite
18696,30,14
timeStep,numberOfRobotsOnBlackSite,numberOfRobotsOnWhiteSite
18697,30,14
timeStep,numberOfRobotsOnBlackSite,numberOfRobotsOnWhiteSite
18698,30,14
timeStep,numberOfRobotsOnBlackSite,numberOfRobotsOnWhiteSite
18699,30,14
timeStep,numberOfRobotsOnBlackSite,numberOfRobotsOnWhiteSite
18700,30,14
timeStep,numberOfRobotsOnBlackSite,numberOfRobotsOnWhiteSite
18701,30,14
timeStep,numberOfRobotsOnBlackSite,numberOfRobotsOnWhiteSite
18702,30,14
timeStep,numberOfRobotsOnBlackSite,numberOfRobotsOnWhiteSite
18703,30,14
timeStep,numberOfRobotsOnBlackSite,numberOfRobotsOnWhiteSite
18704,30,14
timeStep,numberOfRobotsOnBlackSite,numberOfRobotsOnWhiteSite
18705,30,14
timeStep,numberOfRobotsOnBlackSite,numberOfRobotsOnWhiteSite
18706,30,14
timeStep,numberOfRobotsOnBlackSite,numberOfRobotsOnWhiteSite
18707,30,14
timeStep,numberOfRobotsOnBlackSite,numberOfRobotsOnWhiteSite
18708,30,14
timeStep,numberOfRobotsOnBlackSite,numberOfRobotsOnWhiteSite
18709,30,14
timeStep,numberOfRobotsOnBlackSite,numberOfRobotsOnWhiteSite
18710,30,14
timeStep,numberOfRobotsOnBlackSite,numberOfRobotsOnWhiteSite
18711,30,14
timeStep,numberOfRobotsOnBlackSite,numberOfRobotsOnWhiteSite
18712,30,14
timeStep,numberOfRobotsOnBlackSite,numberOfRobotsOnWhiteSite
18713,30,14
timeStep,numberOfRobotsOnBlackSite,numberOfRobotsOnWhiteSite
18714,30,14
timeStep,numberOfRobotsOnBlackSite,numberOfRobotsOnWhiteSite
18715,30,14
timeStep,numberOfRobotsOnBlackSite,numberOfRobotsOnWhiteSite
18716,30,14
timeStep,numberOfRobotsOnBlackSite,numberOfRobotsOnWhiteSite
18717,30,14
timeStep,numberOfRobotsOnBlackSite,numberOfRobotsOnWhiteSite
18718,30,14
timeStep,numberOfRobotsOnBlackSite,numberOfRobotsOnWhiteSite
18719,30,14
timeStep,numberOfRobotsOnBlackSite,numberOfRobotsOnWhiteSite
18720,30,14
timeStep,numberOfRobotsOnBlackSite,numberOfRobotsOnWhiteSite
18721,30,14
timeStep,numberOfRobotsOnBlackSite,numberOfRobotsOnWhiteSite
18722,30,14
timeStep,numberOfRobotsOnBlackSite,numberOfRobotsOnWhiteSite
18723,30,14
timeStep,numberOfRobotsOnBlackSite,numberOfRobotsOnWhiteSite
18724,30,14
timeStep,numberOfRobotsOnBlackSite,numberOfRobotsOnWhiteSite
18725,30,14
timeStep,numberOfRobotsOnBlackSite,numberOfRobotsOnWhiteSite
18726,30,14
timeStep,numberOfRobotsOnBlackSite,numberOfRobotsOnWhiteSite
18727,30,14
timeStep,numberOfRobotsOnBlackSite,numberOfRobotsOnWhiteSite
18728,30,14
timeStep,numberOfRobotsOnBlackSite,numberOfRobotsOnWhiteSite
18729,30,14
timeStep,numberOfRobotsOnBlackSite,numberOfRobotsOnWhiteSite
18730,30,14
timeStep,numberOfRobotsOnBlackSite,numberOfRobotsOnWhiteSite
18731,30,14
timeStep,numberOfRobotsOnBlackSite,numberOfRobotsOnWhiteSite
18732,30,14
timeStep,numberOfRobotsOnBlackSite,numberOfRobotsOnWhiteSite
18733,30,14
timeStep,numberOfRobotsOnBlackSite,numberOfRobotsOnWhiteSite
18734,30,14
timeStep,numberOfRobotsOnBlackSite,numberOfRobotsOnWhiteSite
18735,30,14
timeStep,numberOfRobotsOnBlackSite,numberOfRobotsOnWhiteSite
18736,30,14
timeStep,numberOfRobotsOnBlackSite,numberOfRobotsOnWhiteSite
18737,30,14
timeStep,numberOfRobotsOnBlackSite,numberOfRobotsOnWhiteSite
18738,30,14
timeStep,numberOfRobotsOnBlackSite,numberOfRobotsOnWhiteSite
18739,30,14
timeStep,numberOfRobotsOnBlackSite,numberOfRobotsOnWhiteSite
18740,30,14
timeStep,numberOfRobotsOnBlackSite,numberOfRobotsOnWhiteSite
18741,30,14
timeStep,numberOfRobotsOnBlackSite,numberOfRobotsOnWhiteSite
18742,30,14
timeStep,numberOfRobotsOnBlackSite,numberOfRobotsOnWhiteSite
18743,30,14
timeStep,numberOfRobotsOnBlackSite,numberOfRobotsOnWhiteSite
18744,30,14
timeStep,numberOfRobotsOnBlackSite,numberOfRobotsOnWhiteSite
18745,30,14
timeStep,numberOfRobotsOnBlackSite,numberOfRobotsOnWhiteSite
18746,30,14
timeStep,numberOfRobotsOnBlackSite,numberOfRobotsOnWhiteSite
18747,30,14
timeStep,numberOfRobotsOnBlackSite,numberOfRobotsOnWhiteSite
18748,30,14
timeStep,numberOfRobotsOnBlackSite,numberOfRobotsOnWhiteSite
18749,30,14
timeStep,numberOfRobotsOnBlackSite,numberOfRobotsOnWhiteSite
18750,30,14
timeStep,numberOfRobotsOnBlackSite,numberOfRobotsOnWhiteSite
18751,30,14
timeStep,numberOfRobotsOnBlackSite,numberOfRobotsOnWhiteSite
18752,30,14
timeStep,numberOfRobotsOnBlackSite,numberOfRobotsOnWhiteSite
18753,30,14
timeStep,numberOfRobotsOnBlackSite,numberOfRobotsOnWhiteSite
18754,30,14
timeStep,numberOfRobotsOnBlackSite,numberOfRobotsOnWhiteSite
18755,30,14
timeStep,numberOfRobotsOnBlackSite,numberOfRobotsOnWhiteSite
18756,30,14
timeStep,numberOfRobotsOnBlackSite,numberOfRobotsOnWhiteSite
18757,30,14
timeStep,numberOfRobotsOnBlackSite,numberOfRobotsOnWhiteSite
18758,30,14
timeStep,numberOfRobotsOnBlackSite,numberOfRobotsOnWhiteSite
18759,30,14
timeStep,numberOfRobotsOnBlackSite,numberOfRobotsOnWhiteSite
18760,30,14
timeStep,numberOfRobotsOnBlackSite,numberOfRobotsOnWhiteSite
18761,30,14
timeStep,numberOfRobotsOnBlackSite,numberOfRobotsOnWhiteSite
18762,30,14
timeStep,numberOfRobotsOnBlackSite,numberOfRobotsOnWhiteSite
18763,30,14
timeStep,numberOfRobotsOnBlackSite,numberOfRobotsOnWhiteSite
18764,30,14
timeStep,numberOfRobotsOnBlackSite,numberOfRobotsOnWhiteSite
18765,30,14
timeStep,numberOfRobotsOnBlackSite,numberOfRobotsOnWhiteSite
18766,30,14
timeStep,numberOfRobotsOnBlackSite,numberOfRobotsOnWhiteSite
18767,30,14
timeStep,numberOfRobotsOnBlackSite,numberOfRobotsOnWhiteSite
18768,30,14
timeStep,numberOfRobotsOnBlackSite,numberOfRobotsOnWhiteSite
18769,30,14
timeStep,numberOfRobotsOnBlackSite,numberOfRobotsOnWhiteSite
18770,30,14
timeStep,numberOfRobotsOnBlackSite,numberOfRobotsOnWhiteSite
18771,30,14
timeStep,numberOfRobotsOnBlackSite,numberOfRobotsOnWhiteSite
18772,30,14
timeStep,numberOfRobotsOnBlackSite,numberOfRobotsOnWhiteSite
18773,30,14
timeStep,numberOfRobotsOnBlackSite,numberOfRobotsOnWhiteSite
18774,30,14
timeStep,numberOfRobotsOnBlackSite,numberOfRobotsOnWhiteSite
18775,30,14
timeStep,numberOfRobotsOnBlackSite,numberOfRobotsOnWhiteSite
18776,30,14
timeStep,numberOfRobotsOnBlackSite,numberOfRobotsOnWhiteSite
18777,30,14
timeStep,numberOfRobotsOnBlackSite,numberOfRobotsOnWhiteSite
18778,30,14
timeStep,numberOfRobotsOnBlackSite,numberOfRobotsOnWhiteSite
18779,30,14
timeStep,numberOfRobotsOnBlackSite,numberOfRobotsOnWhiteSite
18780,30,14
timeStep,numberOfRobotsOnBlackSite,numberOfRobotsOnWhiteSite
18781,30,14
timeStep,numberOfRobotsOnBlackSite,numberOfRobotsOnWhiteSite
18782,30,14
timeStep,numberOfRobotsOnBlackSite,numberOfRobotsOnWhiteSite
18783,30,14
timeStep,numberOfRobotsOnBlackSite,numberOfRobotsOnWhiteSite
18784,30,14
timeStep,numberOfRobotsOnBlackSite,numberOfRobotsOnWhiteSite
18785,30,14
timeStep,numberOfRobotsOnBlackSite,numberOfRobotsOnWhiteSite
18786,30,14
timeStep,numberOfRobotsOnBlackSite,numberOfRobotsOnWhiteSite
18787,30,14
timeStep,numberOfRobotsOnBlackSite,numberOfRobotsOnWhiteSite
18788,30,14
timeStep,numberOfRobotsOnBlackSite,numberOfRobotsOnWhiteSite
18789,30,14
timeStep,numberOfRobotsOnBlackSite,numberOfRobotsOnWhiteSite
18790,30,14
timeStep,numberOfRobotsOnBlackSite,numberOfRobotsOnWhiteSite
18791,30,14
timeStep,numberOfRobotsOnBlackSite,numberOfRobotsOnWhiteSite
18792,30,14
timeStep,numberOfRobotsOnBlackSite,numberOfRobotsOnWhiteSite
18793,30,14
timeStep,numberOfRobotsOnBlackSite,numberOfRobotsOnWhiteSite
18794,30,14
timeStep,numberOfRobotsOnBlackSite,numberOfRobotsOnWhiteSite
18795,30,14
timeStep,numberOfRobotsOnBlackSite,numberOfRobotsOnWhiteSite
18796,30,14
timeStep,numberOfRobotsOnBlackSite,numberOfRobotsOnWhiteSite
18797,30,14
timeStep,numberOfRobotsOnBlackSite,numberOfRobotsOnWhiteSite
18798,30,14
timeStep,numberOfRobotsOnBlackSite,numberOfRobotsOnWhiteSite
18799,30,14
timeStep,numberOfRobotsOnBlackSite,numberOfRobotsOnWhiteSite
18800,31,14
timeStep,numberOfRobotsOnBlackSite,numberOfRobotsOnWhiteSite
18801,31,14
timeStep,numberOfRobotsOnBlackSite,numberOfRobotsOnWhiteSite
18802,31,14
timeStep,numberOfRobotsOnBlackSite,numberOfRobotsOnWhiteSite
18803,31,14
timeStep,numberOfRobotsOnBlackSite,numberOfRobotsOnWhiteSite
18804,31,14
timeStep,numberOfRobotsOnBlackSite,numberOfRobotsOnWhiteSite
18805,31,14
timeStep,numberOfRobotsOnBlackSite,numberOfRobotsOnWhiteSite
18806,31,14
timeStep,numberOfRobotsOnBlackSite,numberOfRobotsOnWhiteSite
18807,31,14
timeStep,numberOfRobotsOnBlackSite,numberOfRobotsOnWhiteSite
18808,31,14
timeStep,numberOfRobotsOnBlackSite,numberOfRobotsOnWhiteSite
18809,31,14
timeStep,numberOfRobotsOnBlackSite,numberOfRobotsOnWhiteSite
18810,31,14
timeStep,numberOfRobotsOnBlackSite,numberOfRobotsOnWhiteSite
18811,31,14
timeStep,numberOfRobotsOnBlackSite,numberOfRobotsOnWhiteSite
18812,31,14
timeStep,numberOfRobotsOnBlackSite,numberOfRobotsOnWhiteSite
18813,31,14
timeStep,numberOfRobotsOnBlackSite,numberOfRobotsOnWhiteSite
18814,31,14
timeStep,numberOfRobotsOnBlackSite,numberOfRobotsOnWhiteSite
18815,31,14
timeStep,numberOfRobotsOnBlackSite,numberOfRobotsOnWhiteSite
18816,31,14
timeStep,numberOfRobotsOnBlackSite,numberOfRobotsOnWhiteSite
18817,31,14
timeStep,numberOfRobotsOnBlackSite,numberOfRobotsOnWhiteSite
18818,31,14
timeStep,numberOfRobotsOnBlackSite,numberOfRobotsOnWhiteSite
18819,31,14
timeStep,numberOfRobotsOnBlackSite,numberOfRobotsOnWhiteSite
18820,31,14
timeStep,numberOfRobotsOnBlackSite,numberOfRobotsOnWhiteSite
18821,31,14
timeStep,numberOfRobotsOnBlackSite,numberOfRobotsOnWhiteSite
18822,31,14
timeStep,numberOfRobotsOnBlackSite,numberOfRobotsOnWhiteSite
18823,31,14
timeStep,numberOfRobotsOnBlackSite,numberOfRobotsOnWhiteSite
18824,31,14
timeStep,numberOfRobotsOnBlackSite,numberOfRobotsOnWhiteSite
18825,31,14
timeStep,numberOfRobotsOnBlackSite,numberOfRobotsOnWhiteSite
18826,31,14
timeStep,numberOfRobotsOnBlackSite,numberOfRobotsOnWhiteSite
18827,31,14
timeStep,numberOfRobotsOnBlackSite,numberOfRobotsOnWhiteSite
18828,31,14
timeStep,numberOfRobotsOnBlackSite,numberOfRobotsOnWhiteSite
18829,31,14
timeStep,numberOfRobotsOnBlackSite,numberOfRobotsOnWhiteSite
18830,31,14
timeStep,numberOfRobotsOnBlackSite,numberOfRobotsOnWhiteSite
18831,31,14
timeStep,numberOfRobotsOnBlackSite,numberOfRobotsOnWhiteSite
18832,31,14
timeStep,numberOfRobotsOnBlackSite,numberOfRobotsOnWhiteSite
18833,31,14
timeStep,numberOfRobotsOnBlackSite,numberOfRobotsOnWhiteSite
18834,31,14
timeStep,numberOfRobotsOnBlackSite,numberOfRobotsOnWhiteSite
18835,31,14
timeStep,numberOfRobotsOnBlackSite,numberOfRobotsOnWhiteSite
18836,31,14
timeStep,numberOfRobotsOnBlackSite,numberOfRobotsOnWhiteSite
18837,31,14
timeStep,numberOfRobotsOnBlackSite,numberOfRobotsOnWhiteSite
18838,31,14
timeStep,numberOfRobotsOnBlackSite,numberOfRobotsOnWhiteSite
18839,31,14
timeStep,numberOfRobotsOnBlackSite,numberOfRobotsOnWhiteSite
18840,31,14
timeStep,numberOfRobotsOnBlackSite,numberOfRobotsOnWhiteSite
18841,31,14
timeStep,numberOfRobotsOnBlackSite,numberOfRobotsOnWhiteSite
18842,31,14
timeStep,numberOfRobotsOnBlackSite,numberOfRobotsOnWhiteSite
18843,31,14
timeStep,numberOfRobotsOnBlackSite,numberOfRobotsOnWhiteSite
18844,31,14
timeStep,numberOfRobotsOnBlackSite,numberOfRobotsOnWhiteSite
18845,31,14
timeStep,numberOfRobotsOnBlackSite,numberOfRobotsOnWhiteSite
18846,31,14
timeStep,numberOfRobotsOnBlackSite,numberOfRobotsOnWhiteSite
18847,31,14
timeStep,numberOfRobotsOnBlackSite,numberOfRobotsOnWhiteSite
18848,31,14
timeStep,numberOfRobotsOnBlackSite,numberOfRobotsOnWhiteSite
18849,31,14
timeStep,numberOfRobotsOnBlackSite,numberOfRobotsOnWhiteSite
18850,31,14
timeStep,numberOfRobotsOnBlackSite,numberOfRobotsOnWhiteSite
18851,31,14
timeStep,numberOfRobotsOnBlackSite,numberOfRobotsOnWhiteSite
18852,31,14
timeStep,numberOfRobotsOnBlackSite,numberOfRobotsOnWhiteSite
18853,31,14
timeStep,numberOfRobotsOnBlackSite,numberOfRobotsOnWhiteSite
18854,31,14
timeStep,numberOfRobotsOnBlackSite,numberOfRobotsOnWhiteSite
18855,31,13
timeStep,numberOfRobotsOnBlackSite,numberOfRobotsOnWhiteSite
18856,31,13
timeStep,numberOfRobotsOnBlackSite,numberOfRobotsOnWhiteSite
18857,31,13
timeStep,numberOfRobotsOnBlackSite,numberOfRobotsOnWhiteSite
18858,31,13
timeStep,numberOfRobotsOnBlackSite,numberOfRobotsOnWhiteSite
18859,31,13
timeStep,numberOfRobotsOnBlackSite,numberOfRobotsOnWhiteSite
18860,31,13
timeStep,numberOfRobotsOnBlackSite,numberOfRobotsOnWhiteSite
18861,31,13
timeStep,numberOfRobotsOnBlackSite,numberOfRobotsOnWhiteSite
18862,31,13
timeStep,numberOfRobotsOnBlackSite,numberOfRobotsOnWhiteSite
18863,31,13
timeStep,numberOfRobotsOnBlackSite,numberOfRobotsOnWhiteSite
18864,31,13
timeStep,numberOfRobotsOnBlackSite,numberOfRobotsOnWhiteSite
18865,31,13
timeStep,numberOfRobotsOnBlackSite,numberOfRobotsOnWhiteSite
18866,31,13
timeStep,numberOfRobotsOnBlackSite,numberOfRobotsOnWhiteSite
18867,31,13
timeStep,numberOfRobotsOnBlackSite,numberOfRobotsOnWhiteSite
18868,31,13
timeStep,numberOfRobotsOnBlackSite,numberOfRobotsOnWhiteSite
18869,31,13
timeStep,numberOfRobotsOnBlackSite,numberOfRobotsOnWhiteSite
18870,31,13
timeStep,numberOfRobotsOnBlackSite,numberOfRobotsOnWhiteSite
18871,31,13
timeStep,numberOfRobotsOnBlackSite,numberOfRobotsOnWhiteSite
18872,31,13
timeStep,numberOfRobotsOnBlackSite,numberOfRobotsOnWhiteSite
18873,31,13
timeStep,numberOfRobotsOnBlackSite,numberOfRobotsOnWhiteSite
18874,31,13
timeStep,numberOfRobotsOnBlackSite,numberOfRobotsOnWhiteSite
18875,31,13
timeStep,numberOfRobotsOnBlackSite,numberOfRobotsOnWhiteSite
18876,31,13
timeStep,numberOfRobotsOnBlackSite,numberOfRobotsOnWhiteSite
18877,31,13
timeStep,numberOfRobotsOnBlackSite,numberOfRobotsOnWhiteSite
18878,31,13
timeStep,numberOfRobotsOnBlackSite,numberOfRobotsOnWhiteSite
18879,31,13
timeStep,numberOfRobotsOnBlackSite,numberOfRobotsOnWhiteSite
18880,31,13
timeStep,numberOfRobotsOnBlackSite,numberOfRobotsOnWhiteSite
18881,31,13
timeStep,numberOfRobotsOnBlackSite,numberOfRobotsOnWhiteSite
18882,31,13
timeStep,numberOfRobotsOnBlackSite,numberOfRobotsOnWhiteSite
18883,31,13
timeStep,numberOfRobotsOnBlackSite,numberOfRobotsOnWhiteSite
18884,31,13
timeStep,numberOfRobotsOnBlackSite,numberOfRobotsOnWhiteSite
18885,31,13
timeStep,numberOfRobotsOnBlackSite,numberOfRobotsOnWhiteSite
18886,31,13
timeStep,numberOfRobotsOnBlackSite,numberOfRobotsOnWhiteSite
18887,31,13
timeStep,numberOfRobotsOnBlackSite,numberOfRobotsOnWhiteSite
18888,31,13
timeStep,numberOfRobotsOnBlackSite,numberOfRobotsOnWhiteSite
18889,31,13
timeStep,numberOfRobotsOnBlackSite,numberOfRobotsOnWhiteSite
18890,31,13
timeStep,numberOfRobotsOnBlackSite,numberOfRobotsOnWhiteSite
18891,31,13
timeStep,numberOfRobotsOnBlackSite,numberOfRobotsOnWhiteSite
18892,31,13
timeStep,numberOfRobotsOnBlackSite,numberOfRobotsOnWhiteSite
18893,31,13
timeStep,numberOfRobotsOnBlackSite,numberOfRobotsOnWhiteSite
18894,31,13
timeStep,numberOfRobotsOnBlackSite,numberOfRobotsOnWhiteSite
18895,31,13
timeStep,numberOfRobotsOnBlackSite,numberOfRobotsOnWhiteSite
18896,31,13
timeStep,numberOfRobotsOnBlackSite,numberOfRobotsOnWhiteSite
18897,31,13
timeStep,numberOfRobotsOnBlackSite,numberOfRobotsOnWhiteSite
18898,31,13
timeStep,numberOfRobotsOnBlackSite,numberOfRobotsOnWhiteSite
18899,31,13
timeStep,numberOfRobotsOnBlackSite,numberOfRobotsOnWhiteSite
18900,31,13
timeStep,numberOfRobotsOnBlackSite,numberOfRobotsOnWhiteSite
18901,31,13
timeStep,numberOfRobotsOnBlackSite,numberOfRobotsOnWhiteSite
18902,31,13
timeStep,numberOfRobotsOnBlackSite,numberOfRobotsOnWhiteSite
18903,31,13
timeStep,numberOfRobotsOnBlackSite,numberOfRobotsOnWhiteSite
18904,31,13
timeStep,numberOfRobotsOnBlackSite,numberOfRobotsOnWhiteSite
18905,31,13
timeStep,numberOfRobotsOnBlackSite,numberOfRobotsOnWhiteSite
18906,31,13
timeStep,numberOfRobotsOnBlackSite,numberOfRobotsOnWhiteSite
18907,31,13
timeStep,numberOfRobotsOnBlackSite,numberOfRobotsOnWhiteSite
18908,31,13
timeStep,numberOfRobotsOnBlackSite,numberOfRobotsOnWhiteSite
18909,31,13
timeStep,numberOfRobotsOnBlackSite,numberOfRobotsOnWhiteSite
18910,31,13
timeStep,numberOfRobotsOnBlackSite,numberOfRobotsOnWhiteSite
18911,31,13
timeStep,numberOfRobotsOnBlackSite,numberOfRobotsOnWhiteSite
18912,31,13
timeStep,numberOfRobotsOnBlackSite,numberOfRobotsOnWhiteSite
18913,31,13
timeStep,numberOfRobotsOnBlackSite,numberOfRobotsOnWhiteSite
18914,31,13
timeStep,numberOfRobotsOnBlackSite,numberOfRobotsOnWhiteSite
18915,31,13
timeStep,numberOfRobotsOnBlackSite,numberOfRobotsOnWhiteSite
18916,31,13
timeStep,numberOfRobotsOnBlackSite,numberOfRobotsOnWhiteSite
18917,31,13
timeStep,numberOfRobotsOnBlackSite,numberOfRobotsOnWhiteSite
18918,31,13
timeStep,numberOfRobotsOnBlackSite,numberOfRobotsOnWhiteSite
18919,31,13
timeStep,numberOfRobotsOnBlackSite,numberOfRobotsOnWhiteSite
18920,31,13
timeStep,numberOfRobotsOnBlackSite,numberOfRobotsOnWhiteSite
18921,31,13
timeStep,numberOfRobotsOnBlackSite,numberOfRobotsOnWhiteSite
18922,31,13
timeStep,numberOfRobotsOnBlackSite,numberOfRobotsOnWhiteSite
18923,31,13
timeStep,numberOfRobotsOnBlackSite,numberOfRobotsOnWhiteSite
18924,31,13
timeStep,numberOfRobotsOnBlackSite,numberOfRobotsOnWhiteSite
18925,31,14
timeStep,numberOfRobotsOnBlackSite,numberOfRobotsOnWhiteSite
18926,31,14
timeStep,numberOfRobotsOnBlackSite,numberOfRobotsOnWhiteSite
18927,31,14
timeStep,numberOfRobotsOnBlackSite,numberOfRobotsOnWhiteSite
18928,31,14
timeStep,numberOfRobotsOnBlackSite,numberOfRobotsOnWhiteSite
18929,31,14
timeStep,numberOfRobotsOnBlackSite,numberOfRobotsOnWhiteSite
18930,31,14
timeStep,numberOfRobotsOnBlackSite,numberOfRobotsOnWhiteSite
18931,31,14
timeStep,numberOfRobotsOnBlackSite,numberOfRobotsOnWhiteSite
18932,31,14
timeStep,numberOfRobotsOnBlackSite,numberOfRobotsOnWhiteSite
18933,31,14
timeStep,numberOfRobotsOnBlackSite,numberOfRobotsOnWhiteSite
18934,31,14
timeStep,numberOfRobotsOnBlackSite,numberOfRobotsOnWhiteSite
18935,31,14
timeStep,numberOfRobotsOnBlackSite,numberOfRobotsOnWhiteSite
18936,31,14
timeStep,numberOfRobotsOnBlackSite,numberOfRobotsOnWhiteSite
18937,31,14
timeStep,numberOfRobotsOnBlackSite,numberOfRobotsOnWhiteSite
18938,31,14
timeStep,numberOfRobotsOnBlackSite,numberOfRobotsOnWhiteSite
18939,31,14
timeStep,numberOfRobotsOnBlackSite,numberOfRobotsOnWhiteSite
18940,31,14
timeStep,numberOfRobotsOnBlackSite,numberOfRobotsOnWhiteSite
18941,31,14
timeStep,numberOfRobotsOnBlackSite,numberOfRobotsOnWhiteSite
18942,31,14
timeStep,numberOfRobotsOnBlackSite,numberOfRobotsOnWhiteSite
18943,31,14
timeStep,numberOfRobotsOnBlackSite,numberOfRobotsOnWhiteSite
18944,31,14
timeStep,numberOfRobotsOnBlackSite,numberOfRobotsOnWhiteSite
18945,31,14
timeStep,numberOfRobotsOnBlackSite,numberOfRobotsOnWhiteSite
18946,31,14
timeStep,numberOfRobotsOnBlackSite,numberOfRobotsOnWhiteSite
18947,31,14
timeStep,numberOfRobotsOnBlackSite,numberOfRobotsOnWhiteSite
18948,31,14
timeStep,numberOfRobotsOnBlackSite,numberOfRobotsOnWhiteSite
18949,31,14
timeStep,numberOfRobotsOnBlackSite,numberOfRobotsOnWhiteSite
18950,31,14
timeStep,numberOfRobotsOnBlackSite,numberOfRobotsOnWhiteSite
18951,31,14
timeStep,numberOfRobotsOnBlackSite,numberOfRobotsOnWhiteSite
18952,31,14
timeStep,numberOfRobotsOnBlackSite,numberOfRobotsOnWhiteSite
18953,31,14
timeStep,numberOfRobotsOnBlackSite,numberOfRobotsOnWhiteSite
18954,31,14
timeStep,numberOfRobotsOnBlackSite,numberOfRobotsOnWhiteSite
18955,31,14
timeStep,numberOfRobotsOnBlackSite,numberOfRobotsOnWhiteSite
18956,31,14
timeStep,numberOfRobotsOnBlackSite,numberOfRobotsOnWhiteSite
18957,31,14
timeStep,numberOfRobotsOnBlackSite,numberOfRobotsOnWhiteSite
18958,31,14
timeStep,numberOfRobotsOnBlackSite,numberOfRobotsOnWhiteSite
18959,31,14
timeStep,numberOfRobotsOnBlackSite,numberOfRobotsOnWhiteSite
18960,31,14
timeStep,numberOfRobotsOnBlackSite,numberOfRobotsOnWhiteSite
18961,31,14
timeStep,numberOfRobotsOnBlackSite,numberOfRobotsOnWhiteSite
18962,31,14
timeStep,numberOfRobotsOnBlackSite,numberOfRobotsOnWhiteSite
18963,31,14
timeStep,numberOfRobotsOnBlackSite,numberOfRobotsOnWhiteSite
18964,31,14
timeStep,numberOfRobotsOnBlackSite,numberOfRobotsOnWhiteSite
18965,31,14
timeStep,numberOfRobotsOnBlackSite,numberOfRobotsOnWhiteSite
18966,31,14
timeStep,numberOfRobotsOnBlackSite,numberOfRobotsOnWhiteSite
18967,31,14
timeStep,numberOfRobotsOnBlackSite,numberOfRobotsOnWhiteSite
18968,31,14
timeStep,numberOfRobotsOnBlackSite,numberOfRobotsOnWhiteSite
18969,31,14
timeStep,numberOfRobotsOnBlackSite,numberOfRobotsOnWhiteSite
18970,32,14
timeStep,numberOfRobotsOnBlackSite,numberOfRobotsOnWhiteSite
18971,32,14
timeStep,numberOfRobotsOnBlackSite,numberOfRobotsOnWhiteSite
18972,32,14
timeStep,numberOfRobotsOnBlackSite,numberOfRobotsOnWhiteSite
18973,32,14
timeStep,numberOfRobotsOnBlackSite,numberOfRobotsOnWhiteSite
18974,32,14
timeStep,numberOfRobotsOnBlackSite,numberOfRobotsOnWhiteSite
18975,32,14
timeStep,numberOfRobotsOnBlackSite,numberOfRobotsOnWhiteSite
18976,32,14
timeStep,numberOfRobotsOnBlackSite,numberOfRobotsOnWhiteSite
18977,32,14
timeStep,numberOfRobotsOnBlackSite,numberOfRobotsOnWhiteSite
18978,32,14
timeStep,numberOfRobotsOnBlackSite,numberOfRobotsOnWhiteSite
18979,32,14
timeStep,numberOfRobotsOnBlackSite,numberOfRobotsOnWhiteSite
18980,32,14
timeStep,numberOfRobotsOnBlackSite,numberOfRobotsOnWhiteSite
18981,32,14
timeStep,numberOfRobotsOnBlackSite,numberOfRobotsOnWhiteSite
18982,32,14
timeStep,numberOfRobotsOnBlackSite,numberOfRobotsOnWhiteSite
18983,32,14
timeStep,numberOfRobotsOnBlackSite,numberOfRobotsOnWhiteSite
18984,32,14
timeStep,numberOfRobotsOnBlackSite,numberOfRobotsOnWhiteSite
18985,32,14
timeStep,numberOfRobotsOnBlackSite,numberOfRobotsOnWhiteSite
18986,32,14
timeStep,numberOfRobotsOnBlackSite,numberOfRobotsOnWhiteSite
18987,32,14
timeStep,numberOfRobotsOnBlackSite,numberOfRobotsOnWhiteSite
18988,32,14
timeStep,numberOfRobotsOnBlackSite,numberOfRobotsOnWhiteSite
18989,32,14
timeStep,numberOfRobotsOnBlackSite,numberOfRobotsOnWhiteSite
18990,32,14
timeStep,numberOfRobotsOnBlackSite,numberOfRobotsOnWhiteSite
18991,32,14
timeStep,numberOfRobotsOnBlackSite,numberOfRobotsOnWhiteSite
18992,32,14
timeStep,numberOfRobotsOnBlackSite,numberOfRobotsOnWhiteSite
18993,32,14
timeStep,numberOfRobotsOnBlackSite,numberOfRobotsOnWhiteSite
18994,32,14
timeStep,numberOfRobotsOnBlackSite,numberOfRobotsOnWhiteSite
18995,32,14
timeStep,numberOfRobotsOnBlackSite,numberOfRobotsOnWhiteSite
18996,32,14
timeStep,numberOfRobotsOnBlackSite,numberOfRobotsOnWhiteSite
18997,32,14
timeStep,numberOfRobotsOnBlackSite,numberOfRobotsOnWhiteSite
18998,32,14
timeStep,numberOfRobotsOnBlackSite,numberOfRobotsOnWhiteSite
18999,32,14
timeStep,numberOfRobotsOnBlackSite,numberOfRobotsOnWhiteSite
19000,31,14
timeStep,numberOfRobotsOnBlackSite,numberOfRobotsOnWhiteSite
19001,31,14
timeStep,numberOfRobotsOnBlackSite,numberOfRobotsOnWhiteSite
19002,31,14
timeStep,numberOfRobotsOnBlackSite,numberOfRobotsOnWhiteSite
19003,31,14
timeStep,numberOfRobotsOnBlackSite,numberOfRobotsOnWhiteSite
19004,31,14
timeStep,numberOfRobotsOnBlackSite,numberOfRobotsOnWhiteSite
19005,31,14
timeStep,numberOfRobotsOnBlackSite,numberOfRobotsOnWhiteSite
19006,31,14
timeStep,numberOfRobotsOnBlackSite,numberOfRobotsOnWhiteSite
19007,31,14
timeStep,numberOfRobotsOnBlackSite,numberOfRobotsOnWhiteSite
19008,31,14
timeStep,numberOfRobotsOnBlackSite,numberOfRobotsOnWhiteSite
19009,31,14
timeStep,numberOfRobotsOnBlackSite,numberOfRobotsOnWhiteSite
19010,31,14
timeStep,numberOfRobotsOnBlackSite,numberOfRobotsOnWhiteSite
19011,31,14
timeStep,numberOfRobotsOnBlackSite,numberOfRobotsOnWhiteSite
19012,31,14
timeStep,numberOfRobotsOnBlackSite,numberOfRobotsOnWhiteSite
19013,31,14
timeStep,numberOfRobotsOnBlackSite,numberOfRobotsOnWhiteSite
19014,31,14
timeStep,numberOfRobotsOnBlackSite,numberOfRobotsOnWhiteSite
19015,31,14
timeStep,numberOfRobotsOnBlackSite,numberOfRobotsOnWhiteSite
19016,31,14
timeStep,numberOfRobotsOnBlackSite,numberOfRobotsOnWhiteSite
19017,31,14
timeStep,numberOfRobotsOnBlackSite,numberOfRobotsOnWhiteSite
19018,31,14
timeStep,numberOfRobotsOnBlackSite,numberOfRobotsOnWhiteSite
19019,31,14
timeStep,numberOfRobotsOnBlackSite,numberOfRobotsOnWhiteSite
19020,31,14
timeStep,numberOfRobotsOnBlackSite,numberOfRobotsOnWhiteSite
19021,31,14
timeStep,numberOfRobotsOnBlackSite,numberOfRobotsOnWhiteSite
19022,31,14
timeStep,numberOfRobotsOnBlackSite,numberOfRobotsOnWhiteSite
19023,31,14
timeStep,numberOfRobotsOnBlackSite,numberOfRobotsOnWhiteSite
19024,31,14
timeStep,numberOfRobotsOnBlackSite,numberOfRobotsOnWhiteSite
19025,31,14
timeStep,numberOfRobotsOnBlackSite,numberOfRobotsOnWhiteSite
19026,31,14
timeStep,numberOfRobotsOnBlackSite,numberOfRobotsOnWhiteSite
19027,31,14
timeStep,numberOfRobotsOnBlackSite,numberOfRobotsOnWhiteSite
19028,31,14
timeStep,numberOfRobotsOnBlackSite,numberOfRobotsOnWhiteSite
19029,31,14
timeStep,numberOfRobotsOnBlackSite,numberOfRobotsOnWhiteSite
19030,31,14
timeStep,numberOfRobotsOnBlackSite,numberOfRobotsOnWhiteSite
19031,31,14
timeStep,numberOfRobotsOnBlackSite,numberOfRobotsOnWhiteSite
19032,31,14
timeStep,numberOfRobotsOnBlackSite,numberOfRobotsOnWhiteSite
19033,31,14
timeStep,numberOfRobotsOnBlackSite,numberOfRobotsOnWhiteSite
19034,31,14
timeStep,numberOfRobotsOnBlackSite,numberOfRobotsOnWhiteSite
19035,31,14
timeStep,numberOfRobotsOnBlackSite,numberOfRobotsOnWhiteSite
19036,31,14
timeStep,numberOfRobotsOnBlackSite,numberOfRobotsOnWhiteSite
19037,31,14
timeStep,numberOfRobotsOnBlackSite,numberOfRobotsOnWhiteSite
19038,31,14
timeStep,numberOfRobotsOnBlackSite,numberOfRobotsOnWhiteSite
19039,31,14
timeStep,numberOfRobotsOnBlackSite,numberOfRobotsOnWhiteSite
19040,31,14
timeStep,numberOfRobotsOnBlackSite,numberOfRobotsOnWhiteSite
19041,31,14
timeStep,numberOfRobotsOnBlackSite,numberOfRobotsOnWhiteSite
19042,31,14
timeStep,numberOfRobotsOnBlackSite,numberOfRobotsOnWhiteSite
19043,31,14
timeStep,numberOfRobotsOnBlackSite,numberOfRobotsOnWhiteSite
19044,31,14
timeStep,numberOfRobotsOnBlackSite,numberOfRobotsOnWhiteSite
19045,31,14
timeStep,numberOfRobotsOnBlackSite,numberOfRobotsOnWhiteSite
19046,31,14
timeStep,numberOfRobotsOnBlackSite,numberOfRobotsOnWhiteSite
19047,31,14
timeStep,numberOfRobotsOnBlackSite,numberOfRobotsOnWhiteSite
19048,31,14
timeStep,numberOfRobotsOnBlackSite,numberOfRobotsOnWhiteSite
19049,31,14
timeStep,numberOfRobotsOnBlackSite,numberOfRobotsOnWhiteSite
19050,31,14
timeStep,numberOfRobotsOnBlackSite,numberOfRobotsOnWhiteSite
19051,31,14
timeStep,numberOfRobotsOnBlackSite,numberOfRobotsOnWhiteSite
19052,31,14
timeStep,numberOfRobotsOnBlackSite,numberOfRobotsOnWhiteSite
19053,31,14
timeStep,numberOfRobotsOnBlackSite,numberOfRobotsOnWhiteSite
19054,31,14
timeStep,numberOfRobotsOnBlackSite,numberOfRobotsOnWhiteSite
19055,31,14
timeStep,numberOfRobotsOnBlackSite,numberOfRobotsOnWhiteSite
19056,31,14
timeStep,numberOfRobotsOnBlackSite,numberOfRobotsOnWhiteSite
19057,31,14
timeStep,numberOfRobotsOnBlackSite,numberOfRobotsOnWhiteSite
19058,31,14
timeStep,numberOfRobotsOnBlackSite,numberOfRobotsOnWhiteSite
19059,31,14
timeStep,numberOfRobotsOnBlackSite,numberOfRobotsOnWhiteSite
19060,31,14
timeStep,numberOfRobotsOnBlackSite,numberOfRobotsOnWhiteSite
19061,31,14
timeStep,numberOfRobotsOnBlackSite,numberOfRobotsOnWhiteSite
19062,31,14
timeStep,numberOfRobotsOnBlackSite,numberOfRobotsOnWhiteSite
19063,31,14
timeStep,numberOfRobotsOnBlackSite,numberOfRobotsOnWhiteSite
19064,31,14
timeStep,numberOfRobotsOnBlackSite,numberOfRobotsOnWhiteSite
19065,32,14
timeStep,numberOfRobotsOnBlackSite,numberOfRobotsOnWhiteSite
19066,32,14
timeStep,numberOfRobotsOnBlackSite,numberOfRobotsOnWhiteSite
19067,32,14
timeStep,numberOfRobotsOnBlackSite,numberOfRobotsOnWhiteSite
19068,32,14
timeStep,numberOfRobotsOnBlackSite,numberOfRobotsOnWhiteSite
19069,32,14
timeStep,numberOfRobotsOnBlackSite,numberOfRobotsOnWhiteSite
19070,32,14
timeStep,numberOfRobotsOnBlackSite,numberOfRobotsOnWhiteSite
19071,32,14
timeStep,numberOfRobotsOnBlackSite,numberOfRobotsOnWhiteSite
19072,32,14
timeStep,numberOfRobotsOnBlackSite,numberOfRobotsOnWhiteSite
19073,32,14
timeStep,numberOfRobotsOnBlackSite,numberOfRobotsOnWhiteSite
19074,32,14
timeStep,numberOfRobotsOnBlackSite,numberOfRobotsOnWhiteSite
19075,32,14
timeStep,numberOfRobotsOnBlackSite,numberOfRobotsOnWhiteSite
19076,32,14
timeStep,numberOfRobotsOnBlackSite,numberOfRobotsOnWhiteSite
19077,32,14
timeStep,numberOfRobotsOnBlackSite,numberOfRobotsOnWhiteSite
19078,32,14
timeStep,numberOfRobotsOnBlackSite,numberOfRobotsOnWhiteSite
19079,32,14
timeStep,numberOfRobotsOnBlackSite,numberOfRobotsOnWhiteSite
19080,32,14
timeStep,numberOfRobotsOnBlackSite,numberOfRobotsOnWhiteSite
19081,32,14
timeStep,numberOfRobotsOnBlackSite,numberOfRobotsOnWhiteSite
19082,32,14
timeStep,numberOfRobotsOnBlackSite,numberOfRobotsOnWhiteSite
19083,32,14
timeStep,numberOfRobotsOnBlackSite,numberOfRobotsOnWhiteSite
19084,32,14
timeStep,numberOfRobotsOnBlackSite,numberOfRobotsOnWhiteSite
19085,32,14
timeStep,numberOfRobotsOnBlackSite,numberOfRobotsOnWhiteSite
19086,32,14
timeStep,numberOfRobotsOnBlackSite,numberOfRobotsOnWhiteSite
19087,32,14
timeStep,numberOfRobotsOnBlackSite,numberOfRobotsOnWhiteSite
19088,32,14
timeStep,numberOfRobotsOnBlackSite,numberOfRobotsOnWhiteSite
19089,32,14
timeStep,numberOfRobotsOnBlackSite,numberOfRobotsOnWhiteSite
19090,32,14
timeStep,numberOfRobotsOnBlackSite,numberOfRobotsOnWhiteSite
19091,32,14
timeStep,numberOfRobotsOnBlackSite,numberOfRobotsOnWhiteSite
19092,32,14
timeStep,numberOfRobotsOnBlackSite,numberOfRobotsOnWhiteSite
19093,32,14
timeStep,numberOfRobotsOnBlackSite,numberOfRobotsOnWhiteSite
19094,32,14
timeStep,numberOfRobotsOnBlackSite,numberOfRobotsOnWhiteSite
19095,32,14
timeStep,numberOfRobotsOnBlackSite,numberOfRobotsOnWhiteSite
19096,32,14
timeStep,numberOfRobotsOnBlackSite,numberOfRobotsOnWhiteSite
19097,32,14
timeStep,numberOfRobotsOnBlackSite,numberOfRobotsOnWhiteSite
19098,32,14
timeStep,numberOfRobotsOnBlackSite,numberOfRobotsOnWhiteSite
19099,32,14
timeStep,numberOfRobotsOnBlackSite,numberOfRobotsOnWhiteSite
19100,32,14
timeStep,numberOfRobotsOnBlackSite,numberOfRobotsOnWhiteSite
19101,32,14
timeStep,numberOfRobotsOnBlackSite,numberOfRobotsOnWhiteSite
19102,32,14
timeStep,numberOfRobotsOnBlackSite,numberOfRobotsOnWhiteSite
19103,32,14
timeStep,numberOfRobotsOnBlackSite,numberOfRobotsOnWhiteSite
19104,32,14
timeStep,numberOfRobotsOnBlackSite,numberOfRobotsOnWhiteSite
19105,32,14
timeStep,numberOfRobotsOnBlackSite,numberOfRobotsOnWhiteSite
19106,32,14
timeStep,numberOfRobotsOnBlackSite,numberOfRobotsOnWhiteSite
19107,32,14
timeStep,numberOfRobotsOnBlackSite,numberOfRobotsOnWhiteSite
19108,32,14
timeStep,numberOfRobotsOnBlackSite,numberOfRobotsOnWhiteSite
19109,32,14
timeStep,numberOfRobotsOnBlackSite,numberOfRobotsOnWhiteSite
19110,32,14
timeStep,numberOfRobotsOnBlackSite,numberOfRobotsOnWhiteSite
19111,32,14
timeStep,numberOfRobotsOnBlackSite,numberOfRobotsOnWhiteSite
19112,32,14
timeStep,numberOfRobotsOnBlackSite,numberOfRobotsOnWhiteSite
19113,32,14
timeStep,numberOfRobotsOnBlackSite,numberOfRobotsOnWhiteSite
19114,32,14
timeStep,numberOfRobotsOnBlackSite,numberOfRobotsOnWhiteSite
19115,32,14
timeStep,numberOfRobotsOnBlackSite,numberOfRobotsOnWhiteSite
19116,32,14
timeStep,numberOfRobotsOnBlackSite,numberOfRobotsOnWhiteSite
19117,32,14
timeStep,numberOfRobotsOnBlackSite,numberOfRobotsOnWhiteSite
19118,32,14
timeStep,numberOfRobotsOnBlackSite,numberOfRobotsOnWhiteSite
19119,32,14
timeStep,numberOfRobotsOnBlackSite,numberOfRobotsOnWhiteSite
19120,32,14
timeStep,numberOfRobotsOnBlackSite,numberOfRobotsOnWhiteSite
19121,32,14
timeStep,numberOfRobotsOnBlackSite,numberOfRobotsOnWhiteSite
19122,32,14
timeStep,numberOfRobotsOnBlackSite,numberOfRobotsOnWhiteSite
19123,32,14
timeStep,numberOfRobotsOnBlackSite,numberOfRobotsOnWhiteSite
19124,32,14
timeStep,numberOfRobotsOnBlackSite,numberOfRobotsOnWhiteSite
19125,31,14
timeStep,numberOfRobotsOnBlackSite,numberOfRobotsOnWhiteSite
19126,31,14
timeStep,numberOfRobotsOnBlackSite,numberOfRobotsOnWhiteSite
19127,31,14
timeStep,numberOfRobotsOnBlackSite,numberOfRobotsOnWhiteSite
19128,31,14
timeStep,numberOfRobotsOnBlackSite,numberOfRobotsOnWhiteSite
19129,31,14
timeStep,numberOfRobotsOnBlackSite,numberOfRobotsOnWhiteSite
19130,31,14
timeStep,numberOfRobotsOnBlackSite,numberOfRobotsOnWhiteSite
19131,31,14
timeStep,numberOfRobotsOnBlackSite,numberOfRobotsOnWhiteSite
19132,31,14
timeStep,numberOfRobotsOnBlackSite,numberOfRobotsOnWhiteSite
19133,31,14
timeStep,numberOfRobotsOnBlackSite,numberOfRobotsOnWhiteSite
19134,31,14
timeStep,numberOfRobotsOnBlackSite,numberOfRobotsOnWhiteSite
19135,31,14
timeStep,numberOfRobotsOnBlackSite,numberOfRobotsOnWhiteSite
19136,31,14
timeStep,numberOfRobotsOnBlackSite,numberOfRobotsOnWhiteSite
19137,31,14
timeStep,numberOfRobotsOnBlackSite,numberOfRobotsOnWhiteSite
19138,31,14
timeStep,numberOfRobotsOnBlackSite,numberOfRobotsOnWhiteSite
19139,31,14
timeStep,numberOfRobotsOnBlackSite,numberOfRobotsOnWhiteSite
19140,31,14
timeStep,numberOfRobotsOnBlackSite,numberOfRobotsOnWhiteSite
19141,31,14
timeStep,numberOfRobotsOnBlackSite,numberOfRobotsOnWhiteSite
19142,31,14
timeStep,numberOfRobotsOnBlackSite,numberOfRobotsOnWhiteSite
19143,31,14
timeStep,numberOfRobotsOnBlackSite,numberOfRobotsOnWhiteSite
19144,31,14
timeStep,numberOfRobotsOnBlackSite,numberOfRobotsOnWhiteSite
19145,31,14
timeStep,numberOfRobotsOnBlackSite,numberOfRobotsOnWhiteSite
19146,31,14
timeStep,numberOfRobotsOnBlackSite,numberOfRobotsOnWhiteSite
19147,31,14
timeStep,numberOfRobotsOnBlackSite,numberOfRobotsOnWhiteSite
19148,31,14
timeStep,numberOfRobotsOnBlackSite,numberOfRobotsOnWhiteSite
19149,31,14
timeStep,numberOfRobotsOnBlackSite,numberOfRobotsOnWhiteSite
19150,31,14
timeStep,numberOfRobotsOnBlackSite,numberOfRobotsOnWhiteSite
19151,31,14
timeStep,numberOfRobotsOnBlackSite,numberOfRobotsOnWhiteSite
19152,31,14
timeStep,numberOfRobotsOnBlackSite,numberOfRobotsOnWhiteSite
19153,31,14
timeStep,numberOfRobotsOnBlackSite,numberOfRobotsOnWhiteSite
19154,31,14
timeStep,numberOfRobotsOnBlackSite,numberOfRobotsOnWhiteSite
19155,31,14
timeStep,numberOfRobotsOnBlackSite,numberOfRobotsOnWhiteSite
19156,31,14
timeStep,numberOfRobotsOnBlackSite,numberOfRobotsOnWhiteSite
19157,31,14
timeStep,numberOfRobotsOnBlackSite,numberOfRobotsOnWhiteSite
19158,31,14
timeStep,numberOfRobotsOnBlackSite,numberOfRobotsOnWhiteSite
19159,31,14
timeStep,numberOfRobotsOnBlackSite,numberOfRobotsOnWhiteSite
19160,31,14
timeStep,numberOfRobotsOnBlackSite,numberOfRobotsOnWhiteSite
19161,31,14
timeStep,numberOfRobotsOnBlackSite,numberOfRobotsOnWhiteSite
19162,31,14
timeStep,numberOfRobotsOnBlackSite,numberOfRobotsOnWhiteSite
19163,31,14
timeStep,numberOfRobotsOnBlackSite,numberOfRobotsOnWhiteSite
19164,31,14
timeStep,numberOfRobotsOnBlackSite,numberOfRobotsOnWhiteSite
19165,30,14
timeStep,numberOfRobotsOnBlackSite,numberOfRobotsOnWhiteSite
19166,30,14
timeStep,numberOfRobotsOnBlackSite,numberOfRobotsOnWhiteSite
19167,30,14
timeStep,numberOfRobotsOnBlackSite,numberOfRobotsOnWhiteSite
19168,30,14
timeStep,numberOfRobotsOnBlackSite,numberOfRobotsOnWhiteSite
19169,30,14
timeStep,numberOfRobotsOnBlackSite,numberOfRobotsOnWhiteSite
19170,30,14
timeStep,numberOfRobotsOnBlackSite,numberOfRobotsOnWhiteSite
19171,30,14
timeStep,numberOfRobotsOnBlackSite,numberOfRobotsOnWhiteSite
19172,30,14
timeStep,numberOfRobotsOnBlackSite,numberOfRobotsOnWhiteSite
19173,30,14
timeStep,numberOfRobotsOnBlackSite,numberOfRobotsOnWhiteSite
19174,30,14
timeStep,numberOfRobotsOnBlackSite,numberOfRobotsOnWhiteSite
19175,30,14
timeStep,numberOfRobotsOnBlackSite,numberOfRobotsOnWhiteSite
19176,30,14
timeStep,numberOfRobotsOnBlackSite,numberOfRobotsOnWhiteSite
19177,30,14
timeStep,numberOfRobotsOnBlackSite,numberOfRobotsOnWhiteSite
19178,30,14
timeStep,numberOfRobotsOnBlackSite,numberOfRobotsOnWhiteSite
19179,30,14
timeStep,numberOfRobotsOnBlackSite,numberOfRobotsOnWhiteSite
19180,30,14
timeStep,numberOfRobotsOnBlackSite,numberOfRobotsOnWhiteSite
19181,30,14
timeStep,numberOfRobotsOnBlackSite,numberOfRobotsOnWhiteSite
19182,30,14
timeStep,numberOfRobotsOnBlackSite,numberOfRobotsOnWhiteSite
19183,30,14
timeStep,numberOfRobotsOnBlackSite,numberOfRobotsOnWhiteSite
19184,30,14
timeStep,numberOfRobotsOnBlackSite,numberOfRobotsOnWhiteSite
19185,30,14
timeStep,numberOfRobotsOnBlackSite,numberOfRobotsOnWhiteSite
19186,30,14
timeStep,numberOfRobotsOnBlackSite,numberOfRobotsOnWhiteSite
19187,30,14
timeStep,numberOfRobotsOnBlackSite,numberOfRobotsOnWhiteSite
19188,30,14
timeStep,numberOfRobotsOnBlackSite,numberOfRobotsOnWhiteSite
19189,30,14
timeStep,numberOfRobotsOnBlackSite,numberOfRobotsOnWhiteSite
19190,30,14
timeStep,numberOfRobotsOnBlackSite,numberOfRobotsOnWhiteSite
19191,30,14
timeStep,numberOfRobotsOnBlackSite,numberOfRobotsOnWhiteSite
19192,30,14
timeStep,numberOfRobotsOnBlackSite,numberOfRobotsOnWhiteSite
19193,30,14
timeStep,numberOfRobotsOnBlackSite,numberOfRobotsOnWhiteSite
19194,30,14
timeStep,numberOfRobotsOnBlackSite,numberOfRobotsOnWhiteSite
19195,30,14
timeStep,numberOfRobotsOnBlackSite,numberOfRobotsOnWhiteSite
19196,30,14
timeStep,numberOfRobotsOnBlackSite,numberOfRobotsOnWhiteSite
19197,30,14
timeStep,numberOfRobotsOnBlackSite,numberOfRobotsOnWhiteSite
19198,30,14
timeStep,numberOfRobotsOnBlackSite,numberOfRobotsOnWhiteSite
19199,30,14
timeStep,numberOfRobotsOnBlackSite,numberOfRobotsOnWhiteSite
19200,29,14
timeStep,numberOfRobotsOnBlackSite,numberOfRobotsOnWhiteSite
19201,29,14
timeStep,numberOfRobotsOnBlackSite,numberOfRobotsOnWhiteSite
19202,29,14
timeStep,numberOfRobotsOnBlackSite,numberOfRobotsOnWhiteSite
19203,29,14
timeStep,numberOfRobotsOnBlackSite,numberOfRobotsOnWhiteSite
19204,29,14
timeStep,numberOfRobotsOnBlackSite,numberOfRobotsOnWhiteSite
19205,29,14
timeStep,numberOfRobotsOnBlackSite,numberOfRobotsOnWhiteSite
19206,29,14
timeStep,numberOfRobotsOnBlackSite,numberOfRobotsOnWhiteSite
19207,29,14
timeStep,numberOfRobotsOnBlackSite,numberOfRobotsOnWhiteSite
19208,29,14
timeStep,numberOfRobotsOnBlackSite,numberOfRobotsOnWhiteSite
19209,29,14
timeStep,numberOfRobotsOnBlackSite,numberOfRobotsOnWhiteSite
19210,29,14
timeStep,numberOfRobotsOnBlackSite,numberOfRobotsOnWhiteSite
19211,29,14
timeStep,numberOfRobotsOnBlackSite,numberOfRobotsOnWhiteSite
19212,29,14
timeStep,numberOfRobotsOnBlackSite,numberOfRobotsOnWhiteSite
19213,29,14
timeStep,numberOfRobotsOnBlackSite,numberOfRobotsOnWhiteSite
19214,29,14
timeStep,numberOfRobotsOnBlackSite,numberOfRobotsOnWhiteSite
19215,29,14
timeStep,numberOfRobotsOnBlackSite,numberOfRobotsOnWhiteSite
19216,29,14
timeStep,numberOfRobotsOnBlackSite,numberOfRobotsOnWhiteSite
19217,29,14
timeStep,numberOfRobotsOnBlackSite,numberOfRobotsOnWhiteSite
19218,29,14
timeStep,numberOfRobotsOnBlackSite,numberOfRobotsOnWhiteSite
19219,29,14
timeStep,numberOfRobotsOnBlackSite,numberOfRobotsOnWhiteSite
19220,29,14
timeStep,numberOfRobotsOnBlackSite,numberOfRobotsOnWhiteSite
19221,29,14
timeStep,numberOfRobotsOnBlackSite,numberOfRobotsOnWhiteSite
19222,29,14
timeStep,numberOfRobotsOnBlackSite,numberOfRobotsOnWhiteSite
19223,29,14
timeStep,numberOfRobotsOnBlackSite,numberOfRobotsOnWhiteSite
19224,29,14
timeStep,numberOfRobotsOnBlackSite,numberOfRobotsOnWhiteSite
19225,29,14
timeStep,numberOfRobotsOnBlackSite,numberOfRobotsOnWhiteSite
19226,29,14
timeStep,numberOfRobotsOnBlackSite,numberOfRobotsOnWhiteSite
19227,29,14
timeStep,numberOfRobotsOnBlackSite,numberOfRobotsOnWhiteSite
19228,29,14
timeStep,numberOfRobotsOnBlackSite,numberOfRobotsOnWhiteSite
19229,29,14
timeStep,numberOfRobotsOnBlackSite,numberOfRobotsOnWhiteSite
19230,29,14
timeStep,numberOfRobotsOnBlackSite,numberOfRobotsOnWhiteSite
19231,29,14
timeStep,numberOfRobotsOnBlackSite,numberOfRobotsOnWhiteSite
19232,29,14
timeStep,numberOfRobotsOnBlackSite,numberOfRobotsOnWhiteSite
19233,29,14
timeStep,numberOfRobotsOnBlackSite,numberOfRobotsOnWhiteSite
19234,29,14
timeStep,numberOfRobotsOnBlackSite,numberOfRobotsOnWhiteSite
19235,29,14
timeStep,numberOfRobotsOnBlackSite,numberOfRobotsOnWhiteSite
19236,29,14
timeStep,numberOfRobotsOnBlackSite,numberOfRobotsOnWhiteSite
19237,29,14
timeStep,numberOfRobotsOnBlackSite,numberOfRobotsOnWhiteSite
19238,29,14
timeStep,numberOfRobotsOnBlackSite,numberOfRobotsOnWhiteSite
19239,29,14
timeStep,numberOfRobotsOnBlackSite,numberOfRobotsOnWhiteSite
19240,29,14
timeStep,numberOfRobotsOnBlackSite,numberOfRobotsOnWhiteSite
19241,29,14
timeStep,numberOfRobotsOnBlackSite,numberOfRobotsOnWhiteSite
19242,29,14
timeStep,numberOfRobotsOnBlackSite,numberOfRobotsOnWhiteSite
19243,29,14
timeStep,numberOfRobotsOnBlackSite,numberOfRobotsOnWhiteSite
19244,29,14
timeStep,numberOfRobotsOnBlackSite,numberOfRobotsOnWhiteSite
19245,29,14
timeStep,numberOfRobotsOnBlackSite,numberOfRobotsOnWhiteSite
19246,29,14
timeStep,numberOfRobotsOnBlackSite,numberOfRobotsOnWhiteSite
19247,29,14
timeStep,numberOfRobotsOnBlackSite,numberOfRobotsOnWhiteSite
19248,29,14
timeStep,numberOfRobotsOnBlackSite,numberOfRobotsOnWhiteSite
19249,29,14
timeStep,numberOfRobotsOnBlackSite,numberOfRobotsOnWhiteSite
19250,29,14
timeStep,numberOfRobotsOnBlackSite,numberOfRobotsOnWhiteSite
19251,29,14
timeStep,numberOfRobotsOnBlackSite,numberOfRobotsOnWhiteSite
19252,29,14
timeStep,numberOfRobotsOnBlackSite,numberOfRobotsOnWhiteSite
19253,29,14
timeStep,numberOfRobotsOnBlackSite,numberOfRobotsOnWhiteSite
19254,29,14
timeStep,numberOfRobotsOnBlackSite,numberOfRobotsOnWhiteSite
19255,29,14
timeStep,numberOfRobotsOnBlackSite,numberOfRobotsOnWhiteSite
19256,29,14
timeStep,numberOfRobotsOnBlackSite,numberOfRobotsOnWhiteSite
19257,29,14
timeStep,numberOfRobotsOnBlackSite,numberOfRobotsOnWhiteSite
19258,29,14
timeStep,numberOfRobotsOnBlackSite,numberOfRobotsOnWhiteSite
19259,29,14
timeStep,numberOfRobotsOnBlackSite,numberOfRobotsOnWhiteSite
19260,29,14
timeStep,numberOfRobotsOnBlackSite,numberOfRobotsOnWhiteSite
19261,29,14
timeStep,numberOfRobotsOnBlackSite,numberOfRobotsOnWhiteSite
19262,29,14
timeStep,numberOfRobotsOnBlackSite,numberOfRobotsOnWhiteSite
19263,29,14
timeStep,numberOfRobotsOnBlackSite,numberOfRobotsOnWhiteSite
19264,29,14
timeStep,numberOfRobotsOnBlackSite,numberOfRobotsOnWhiteSite
19265,29,14
timeStep,numberOfRobotsOnBlackSite,numberOfRobotsOnWhiteSite
19266,29,14
timeStep,numberOfRobotsOnBlackSite,numberOfRobotsOnWhiteSite
19267,29,14
timeStep,numberOfRobotsOnBlackSite,numberOfRobotsOnWhiteSite
19268,29,14
timeStep,numberOfRobotsOnBlackSite,numberOfRobotsOnWhiteSite
19269,29,14
timeStep,numberOfRobotsOnBlackSite,numberOfRobotsOnWhiteSite
19270,29,14
timeStep,numberOfRobotsOnBlackSite,numberOfRobotsOnWhiteSite
19271,29,14
timeStep,numberOfRobotsOnBlackSite,numberOfRobotsOnWhiteSite
19272,29,14
timeStep,numberOfRobotsOnBlackSite,numberOfRobotsOnWhiteSite
19273,29,14
timeStep,numberOfRobotsOnBlackSite,numberOfRobotsOnWhiteSite
19274,29,14
timeStep,numberOfRobotsOnBlackSite,numberOfRobotsOnWhiteSite
19275,29,14
timeStep,numberOfRobotsOnBlackSite,numberOfRobotsOnWhiteSite
19276,29,14
timeStep,numberOfRobotsOnBlackSite,numberOfRobotsOnWhiteSite
19277,29,14
timeStep,numberOfRobotsOnBlackSite,numberOfRobotsOnWhiteSite
19278,29,14
timeStep,numberOfRobotsOnBlackSite,numberOfRobotsOnWhiteSite
19279,29,14
timeStep,numberOfRobotsOnBlackSite,numberOfRobotsOnWhiteSite
19280,29,14
timeStep,numberOfRobotsOnBlackSite,numberOfRobotsOnWhiteSite
19281,29,14
timeStep,numberOfRobotsOnBlackSite,numberOfRobotsOnWhiteSite
19282,29,14
timeStep,numberOfRobotsOnBlackSite,numberOfRobotsOnWhiteSite
19283,29,14
timeStep,numberOfRobotsOnBlackSite,numberOfRobotsOnWhiteSite
19284,29,14
timeStep,numberOfRobotsOnBlackSite,numberOfRobotsOnWhiteSite
19285,29,14
timeStep,numberOfRobotsOnBlackSite,numberOfRobotsOnWhiteSite
19286,29,14
timeStep,numberOfRobotsOnBlackSite,numberOfRobotsOnWhiteSite
19287,29,14
timeStep,numberOfRobotsOnBlackSite,numberOfRobotsOnWhiteSite
19288,29,14
timeStep,numberOfRobotsOnBlackSite,numberOfRobotsOnWhiteSite
19289,29,14
timeStep,numberOfRobotsOnBlackSite,numberOfRobotsOnWhiteSite
19290,29,14
timeStep,numberOfRobotsOnBlackSite,numberOfRobotsOnWhiteSite
19291,29,14
timeStep,numberOfRobotsOnBlackSite,numberOfRobotsOnWhiteSite
19292,29,14
timeStep,numberOfRobotsOnBlackSite,numberOfRobotsOnWhiteSite
19293,29,14
timeStep,numberOfRobotsOnBlackSite,numberOfRobotsOnWhiteSite
19294,29,14
timeStep,numberOfRobotsOnBlackSite,numberOfRobotsOnWhiteSite
19295,29,14
timeStep,numberOfRobotsOnBlackSite,numberOfRobotsOnWhiteSite
19296,29,14
timeStep,numberOfRobotsOnBlackSite,numberOfRobotsOnWhiteSite
19297,29,14
timeStep,numberOfRobotsOnBlackSite,numberOfRobotsOnWhiteSite
19298,29,14
timeStep,numberOfRobotsOnBlackSite,numberOfRobotsOnWhiteSite
19299,29,14
timeStep,numberOfRobotsOnBlackSite,numberOfRobotsOnWhiteSite
19300,29,14
timeStep,numberOfRobotsOnBlackSite,numberOfRobotsOnWhiteSite
19301,29,14
timeStep,numberOfRobotsOnBlackSite,numberOfRobotsOnWhiteSite
19302,29,14
timeStep,numberOfRobotsOnBlackSite,numberOfRobotsOnWhiteSite
19303,29,14
timeStep,numberOfRobotsOnBlackSite,numberOfRobotsOnWhiteSite
19304,29,14
timeStep,numberOfRobotsOnBlackSite,numberOfRobotsOnWhiteSite
19305,29,14
timeStep,numberOfRobotsOnBlackSite,numberOfRobotsOnWhiteSite
19306,29,14
timeStep,numberOfRobotsOnBlackSite,numberOfRobotsOnWhiteSite
19307,29,14
timeStep,numberOfRobotsOnBlackSite,numberOfRobotsOnWhiteSite
19308,29,14
timeStep,numberOfRobotsOnBlackSite,numberOfRobotsOnWhiteSite
19309,29,14
timeStep,numberOfRobotsOnBlackSite,numberOfRobotsOnWhiteSite
19310,29,14
timeStep,numberOfRobotsOnBlackSite,numberOfRobotsOnWhiteSite
19311,29,14
timeStep,numberOfRobotsOnBlackSite,numberOfRobotsOnWhiteSite
19312,29,14
timeStep,numberOfRobotsOnBlackSite,numberOfRobotsOnWhiteSite
19313,29,14
timeStep,numberOfRobotsOnBlackSite,numberOfRobotsOnWhiteSite
19314,29,14
timeStep,numberOfRobotsOnBlackSite,numberOfRobotsOnWhiteSite
19315,29,14
timeStep,numberOfRobotsOnBlackSite,numberOfRobotsOnWhiteSite
19316,29,14
timeStep,numberOfRobotsOnBlackSite,numberOfRobotsOnWhiteSite
19317,29,14
timeStep,numberOfRobotsOnBlackSite,numberOfRobotsOnWhiteSite
19318,29,14
timeStep,numberOfRobotsOnBlackSite,numberOfRobotsOnWhiteSite
19319,29,14
timeStep,numberOfRobotsOnBlackSite,numberOfRobotsOnWhiteSite
19320,29,14
timeStep,numberOfRobotsOnBlackSite,numberOfRobotsOnWhiteSite
19321,29,14
timeStep,numberOfRobotsOnBlackSite,numberOfRobotsOnWhiteSite
19322,29,14
timeStep,numberOfRobotsOnBlackSite,numberOfRobotsOnWhiteSite
19323,29,14
timeStep,numberOfRobotsOnBlackSite,numberOfRobotsOnWhiteSite
19324,29,14
timeStep,numberOfRobotsOnBlackSite,numberOfRobotsOnWhiteSite
19325,29,14
timeStep,numberOfRobotsOnBlackSite,numberOfRobotsOnWhiteSite
19326,29,14
timeStep,numberOfRobotsOnBlackSite,numberOfRobotsOnWhiteSite
19327,29,14
timeStep,numberOfRobotsOnBlackSite,numberOfRobotsOnWhiteSite
19328,29,14
timeStep,numberOfRobotsOnBlackSite,numberOfRobotsOnWhiteSite
19329,29,14
timeStep,numberOfRobotsOnBlackSite,numberOfRobotsOnWhiteSite
19330,29,14
timeStep,numberOfRobotsOnBlackSite,numberOfRobotsOnWhiteSite
19331,29,14
timeStep,numberOfRobotsOnBlackSite,numberOfRobotsOnWhiteSite
19332,29,14
timeStep,numberOfRobotsOnBlackSite,numberOfRobotsOnWhiteSite
19333,29,14
timeStep,numberOfRobotsOnBlackSite,numberOfRobotsOnWhiteSite
19334,29,14
timeStep,numberOfRobotsOnBlackSite,numberOfRobotsOnWhiteSite
19335,30,14
timeStep,numberOfRobotsOnBlackSite,numberOfRobotsOnWhiteSite
19336,30,14
timeStep,numberOfRobotsOnBlackSite,numberOfRobotsOnWhiteSite
19337,30,14
timeStep,numberOfRobotsOnBlackSite,numberOfRobotsOnWhiteSite
19338,30,14
timeStep,numberOfRobotsOnBlackSite,numberOfRobotsOnWhiteSite
19339,30,14
timeStep,numberOfRobotsOnBlackSite,numberOfRobotsOnWhiteSite
19340,30,14
timeStep,numberOfRobotsOnBlackSite,numberOfRobotsOnWhiteSite
19341,30,14
timeStep,numberOfRobotsOnBlackSite,numberOfRobotsOnWhiteSite
19342,30,14
timeStep,numberOfRobotsOnBlackSite,numberOfRobotsOnWhiteSite
19343,30,14
timeStep,numberOfRobotsOnBlackSite,numberOfRobotsOnWhiteSite
19344,30,14
timeStep,numberOfRobotsOnBlackSite,numberOfRobotsOnWhiteSite
19345,30,14
timeStep,numberOfRobotsOnBlackSite,numberOfRobotsOnWhiteSite
19346,30,14
timeStep,numberOfRobotsOnBlackSite,numberOfRobotsOnWhiteSite
19347,30,14
timeStep,numberOfRobotsOnBlackSite,numberOfRobotsOnWhiteSite
19348,30,14
timeStep,numberOfRobotsOnBlackSite,numberOfRobotsOnWhiteSite
19349,30,14
timeStep,numberOfRobotsOnBlackSite,numberOfRobotsOnWhiteSite
19350,30,14
timeStep,numberOfRobotsOnBlackSite,numberOfRobotsOnWhiteSite
19351,30,14
timeStep,numberOfRobotsOnBlackSite,numberOfRobotsOnWhiteSite
19352,30,14
timeStep,numberOfRobotsOnBlackSite,numberOfRobotsOnWhiteSite
19353,30,14
timeStep,numberOfRobotsOnBlackSite,numberOfRobotsOnWhiteSite
19354,30,14
timeStep,numberOfRobotsOnBlackSite,numberOfRobotsOnWhiteSite
19355,30,14
timeStep,numberOfRobotsOnBlackSite,numberOfRobotsOnWhiteSite
19356,30,14
timeStep,numberOfRobotsOnBlackSite,numberOfRobotsOnWhiteSite
19357,30,14
timeStep,numberOfRobotsOnBlackSite,numberOfRobotsOnWhiteSite
19358,30,14
timeStep,numberOfRobotsOnBlackSite,numberOfRobotsOnWhiteSite
19359,30,14
timeStep,numberOfRobotsOnBlackSite,numberOfRobotsOnWhiteSite
19360,30,14
timeStep,numberOfRobotsOnBlackSite,numberOfRobotsOnWhiteSite
19361,30,14
timeStep,numberOfRobotsOnBlackSite,numberOfRobotsOnWhiteSite
19362,30,14
timeStep,numberOfRobotsOnBlackSite,numberOfRobotsOnWhiteSite
19363,30,14
timeStep,numberOfRobotsOnBlackSite,numberOfRobotsOnWhiteSite
19364,30,14
timeStep,numberOfRobotsOnBlackSite,numberOfRobotsOnWhiteSite
19365,30,14
timeStep,numberOfRobotsOnBlackSite,numberOfRobotsOnWhiteSite
19366,30,14
timeStep,numberOfRobotsOnBlackSite,numberOfRobotsOnWhiteSite
19367,30,14
timeStep,numberOfRobotsOnBlackSite,numberOfRobotsOnWhiteSite
19368,30,14
timeStep,numberOfRobotsOnBlackSite,numberOfRobotsOnWhiteSite
19369,30,14
timeStep,numberOfRobotsOnBlackSite,numberOfRobotsOnWhiteSite
19370,30,14
timeStep,numberOfRobotsOnBlackSite,numberOfRobotsOnWhiteSite
19371,30,14
timeStep,numberOfRobotsOnBlackSite,numberOfRobotsOnWhiteSite
19372,30,14
timeStep,numberOfRobotsOnBlackSite,numberOfRobotsOnWhiteSite
19373,30,14
timeStep,numberOfRobotsOnBlackSite,numberOfRobotsOnWhiteSite
19374,30,14
timeStep,numberOfRobotsOnBlackSite,numberOfRobotsOnWhiteSite
19375,30,14
timeStep,numberOfRobotsOnBlackSite,numberOfRobotsOnWhiteSite
19376,30,14
timeStep,numberOfRobotsOnBlackSite,numberOfRobotsOnWhiteSite
19377,30,14
timeStep,numberOfRobotsOnBlackSite,numberOfRobotsOnWhiteSite
19378,30,14
timeStep,numberOfRobotsOnBlackSite,numberOfRobotsOnWhiteSite
19379,30,14
timeStep,numberOfRobotsOnBlackSite,numberOfRobotsOnWhiteSite
19380,30,14
timeStep,numberOfRobotsOnBlackSite,numberOfRobotsOnWhiteSite
19381,30,14
timeStep,numberOfRobotsOnBlackSite,numberOfRobotsOnWhiteSite
19382,30,14
timeStep,numberOfRobotsOnBlackSite,numberOfRobotsOnWhiteSite
19383,30,14
timeStep,numberOfRobotsOnBlackSite,numberOfRobotsOnWhiteSite
19384,30,14
timeStep,numberOfRobotsOnBlackSite,numberOfRobotsOnWhiteSite
19385,30,14
timeStep,numberOfRobotsOnBlackSite,numberOfRobotsOnWhiteSite
19386,30,14
timeStep,numberOfRobotsOnBlackSite,numberOfRobotsOnWhiteSite
19387,30,14
timeStep,numberOfRobotsOnBlackSite,numberOfRobotsOnWhiteSite
19388,30,14
timeStep,numberOfRobotsOnBlackSite,numberOfRobotsOnWhiteSite
19389,30,14
timeStep,numberOfRobotsOnBlackSite,numberOfRobotsOnWhiteSite
19390,30,14
timeStep,numberOfRobotsOnBlackSite,numberOfRobotsOnWhiteSite
19391,30,14
timeStep,numberOfRobotsOnBlackSite,numberOfRobotsOnWhiteSite
19392,30,14
timeStep,numberOfRobotsOnBlackSite,numberOfRobotsOnWhiteSite
19393,30,14
timeStep,numberOfRobotsOnBlackSite,numberOfRobotsOnWhiteSite
19394,30,14
timeStep,numberOfRobotsOnBlackSite,numberOfRobotsOnWhiteSite
19395,30,14
timeStep,numberOfRobotsOnBlackSite,numberOfRobotsOnWhiteSite
19396,30,14
timeStep,numberOfRobotsOnBlackSite,numberOfRobotsOnWhiteSite
19397,30,14
timeStep,numberOfRobotsOnBlackSite,numberOfRobotsOnWhiteSite
19398,30,14
timeStep,numberOfRobotsOnBlackSite,numberOfRobotsOnWhiteSite
19399,30,14
timeStep,numberOfRobotsOnBlackSite,numberOfRobotsOnWhiteSite
19400,30,14
timeStep,numberOfRobotsOnBlackSite,numberOfRobotsOnWhiteSite
19401,30,14
timeStep,numberOfRobotsOnBlackSite,numberOfRobotsOnWhiteSite
19402,30,14
timeStep,numberOfRobotsOnBlackSite,numberOfRobotsOnWhiteSite
19403,30,14
timeStep,numberOfRobotsOnBlackSite,numberOfRobotsOnWhiteSite
19404,30,14
timeStep,numberOfRobotsOnBlackSite,numberOfRobotsOnWhiteSite
19405,30,14
timeStep,numberOfRobotsOnBlackSite,numberOfRobotsOnWhiteSite
19406,30,14
timeStep,numberOfRobotsOnBlackSite,numberOfRobotsOnWhiteSite
19407,30,14
timeStep,numberOfRobotsOnBlackSite,numberOfRobotsOnWhiteSite
19408,30,14
timeStep,numberOfRobotsOnBlackSite,numberOfRobotsOnWhiteSite
19409,30,14
timeStep,numberOfRobotsOnBlackSite,numberOfRobotsOnWhiteSite
19410,30,14
timeStep,numberOfRobotsOnBlackSite,numberOfRobotsOnWhiteSite
19411,30,14
timeStep,numberOfRobotsOnBlackSite,numberOfRobotsOnWhiteSite
19412,30,14
timeStep,numberOfRobotsOnBlackSite,numberOfRobotsOnWhiteSite
19413,30,14
timeStep,numberOfRobotsOnBlackSite,numberOfRobotsOnWhiteSite
19414,30,14
timeStep,numberOfRobotsOnBlackSite,numberOfRobotsOnWhiteSite
19415,30,14
timeStep,numberOfRobotsOnBlackSite,numberOfRobotsOnWhiteSite
19416,30,14
timeStep,numberOfRobotsOnBlackSite,numberOfRobotsOnWhiteSite
19417,30,14
timeStep,numberOfRobotsOnBlackSite,numberOfRobotsOnWhiteSite
19418,30,14
timeStep,numberOfRobotsOnBlackSite,numberOfRobotsOnWhiteSite
19419,30,14
timeStep,numberOfRobotsOnBlackSite,numberOfRobotsOnWhiteSite
19420,30,14
timeStep,numberOfRobotsOnBlackSite,numberOfRobotsOnWhiteSite
19421,30,14
timeStep,numberOfRobotsOnBlackSite,numberOfRobotsOnWhiteSite
19422,30,14
timeStep,numberOfRobotsOnBlackSite,numberOfRobotsOnWhiteSite
19423,30,14
timeStep,numberOfRobotsOnBlackSite,numberOfRobotsOnWhiteSite
19424,30,14
timeStep,numberOfRobotsOnBlackSite,numberOfRobotsOnWhiteSite
19425,30,13
timeStep,numberOfRobotsOnBlackSite,numberOfRobotsOnWhiteSite
19426,30,13
timeStep,numberOfRobotsOnBlackSite,numberOfRobotsOnWhiteSite
19427,30,13
timeStep,numberOfRobotsOnBlackSite,numberOfRobotsOnWhiteSite
19428,30,13
timeStep,numberOfRobotsOnBlackSite,numberOfRobotsOnWhiteSite
19429,30,13
timeStep,numberOfRobotsOnBlackSite,numberOfRobotsOnWhiteSite
19430,31,13
timeStep,numberOfRobotsOnBlackSite,numberOfRobotsOnWhiteSite
19431,31,13
timeStep,numberOfRobotsOnBlackSite,numberOfRobotsOnWhiteSite
19432,31,13
timeStep,numberOfRobotsOnBlackSite,numberOfRobotsOnWhiteSite
19433,31,13
timeStep,numberOfRobotsOnBlackSite,numberOfRobotsOnWhiteSite
19434,31,13
timeStep,numberOfRobotsOnBlackSite,numberOfRobotsOnWhiteSite
19435,31,13
timeStep,numberOfRobotsOnBlackSite,numberOfRobotsOnWhiteSite
19436,31,13
timeStep,numberOfRobotsOnBlackSite,numberOfRobotsOnWhiteSite
19437,31,13
timeStep,numberOfRobotsOnBlackSite,numberOfRobotsOnWhiteSite
19438,31,13
timeStep,numberOfRobotsOnBlackSite,numberOfRobotsOnWhiteSite
19439,31,13
timeStep,numberOfRobotsOnBlackSite,numberOfRobotsOnWhiteSite
19440,31,13
timeStep,numberOfRobotsOnBlackSite,numberOfRobotsOnWhiteSite
19441,31,13
timeStep,numberOfRobotsOnBlackSite,numberOfRobotsOnWhiteSite
19442,31,13
timeStep,numberOfRobotsOnBlackSite,numberOfRobotsOnWhiteSite
19443,31,13
timeStep,numberOfRobotsOnBlackSite,numberOfRobotsOnWhiteSite
19444,31,13
timeStep,numberOfRobotsOnBlackSite,numberOfRobotsOnWhiteSite
19445,31,13
timeStep,numberOfRobotsOnBlackSite,numberOfRobotsOnWhiteSite
19446,31,13
timeStep,numberOfRobotsOnBlackSite,numberOfRobotsOnWhiteSite
19447,31,13
timeStep,numberOfRobotsOnBlackSite,numberOfRobotsOnWhiteSite
19448,31,13
timeStep,numberOfRobotsOnBlackSite,numberOfRobotsOnWhiteSite
19449,31,13
timeStep,numberOfRobotsOnBlackSite,numberOfRobotsOnWhiteSite
19450,31,13
timeStep,numberOfRobotsOnBlackSite,numberOfRobotsOnWhiteSite
19451,31,13
timeStep,numberOfRobotsOnBlackSite,numberOfRobotsOnWhiteSite
19452,31,13
timeStep,numberOfRobotsOnBlackSite,numberOfRobotsOnWhiteSite
19453,31,13
timeStep,numberOfRobotsOnBlackSite,numberOfRobotsOnWhiteSite
19454,31,13
timeStep,numberOfRobotsOnBlackSite,numberOfRobotsOnWhiteSite
19455,31,13
timeStep,numberOfRobotsOnBlackSite,numberOfRobotsOnWhiteSite
19456,31,13
timeStep,numberOfRobotsOnBlackSite,numberOfRobotsOnWhiteSite
19457,31,13
timeStep,numberOfRobotsOnBlackSite,numberOfRobotsOnWhiteSite
19458,31,13
timeStep,numberOfRobotsOnBlackSite,numberOfRobotsOnWhiteSite
19459,31,13
timeStep,numberOfRobotsOnBlackSite,numberOfRobotsOnWhiteSite
19460,31,13
timeStep,numberOfRobotsOnBlackSite,numberOfRobotsOnWhiteSite
19461,31,13
timeStep,numberOfRobotsOnBlackSite,numberOfRobotsOnWhiteSite
19462,31,13
timeStep,numberOfRobotsOnBlackSite,numberOfRobotsOnWhiteSite
19463,31,13
timeStep,numberOfRobotsOnBlackSite,numberOfRobotsOnWhiteSite
19464,31,13
timeStep,numberOfRobotsOnBlackSite,numberOfRobotsOnWhiteSite
19465,31,13
timeStep,numberOfRobotsOnBlackSite,numberOfRobotsOnWhiteSite
19466,31,13
timeStep,numberOfRobotsOnBlackSite,numberOfRobotsOnWhiteSite
19467,31,13
timeStep,numberOfRobotsOnBlackSite,numberOfRobotsOnWhiteSite
19468,31,13
timeStep,numberOfRobotsOnBlackSite,numberOfRobotsOnWhiteSite
19469,31,13
timeStep,numberOfRobotsOnBlackSite,numberOfRobotsOnWhiteSite
19470,31,13
timeStep,numberOfRobotsOnBlackSite,numberOfRobotsOnWhiteSite
19471,31,13
timeStep,numberOfRobotsOnBlackSite,numberOfRobotsOnWhiteSite
19472,31,13
timeStep,numberOfRobotsOnBlackSite,numberOfRobotsOnWhiteSite
19473,31,13
timeStep,numberOfRobotsOnBlackSite,numberOfRobotsOnWhiteSite
19474,31,13
timeStep,numberOfRobotsOnBlackSite,numberOfRobotsOnWhiteSite
19475,31,14
timeStep,numberOfRobotsOnBlackSite,numberOfRobotsOnWhiteSite
19476,31,14
timeStep,numberOfRobotsOnBlackSite,numberOfRobotsOnWhiteSite
19477,31,14
timeStep,numberOfRobotsOnBlackSite,numberOfRobotsOnWhiteSite
19478,31,14
timeStep,numberOfRobotsOnBlackSite,numberOfRobotsOnWhiteSite
19479,31,14
timeStep,numberOfRobotsOnBlackSite,numberOfRobotsOnWhiteSite
19480,31,14
timeStep,numberOfRobotsOnBlackSite,numberOfRobotsOnWhiteSite
19481,31,14
timeStep,numberOfRobotsOnBlackSite,numberOfRobotsOnWhiteSite
19482,31,14
timeStep,numberOfRobotsOnBlackSite,numberOfRobotsOnWhiteSite
19483,31,14
timeStep,numberOfRobotsOnBlackSite,numberOfRobotsOnWhiteSite
19484,31,14
timeStep,numberOfRobotsOnBlackSite,numberOfRobotsOnWhiteSite
19485,31,14
timeStep,numberOfRobotsOnBlackSite,numberOfRobotsOnWhiteSite
19486,31,14
timeStep,numberOfRobotsOnBlackSite,numberOfRobotsOnWhiteSite
19487,31,14
timeStep,numberOfRobotsOnBlackSite,numberOfRobotsOnWhiteSite
19488,31,14
timeStep,numberOfRobotsOnBlackSite,numberOfRobotsOnWhiteSite
19489,31,14
timeStep,numberOfRobotsOnBlackSite,numberOfRobotsOnWhiteSite
19490,31,14
timeStep,numberOfRobotsOnBlackSite,numberOfRobotsOnWhiteSite
19491,31,14
timeStep,numberOfRobotsOnBlackSite,numberOfRobotsOnWhiteSite
19492,31,14
timeStep,numberOfRobotsOnBlackSite,numberOfRobotsOnWhiteSite
19493,31,14
timeStep,numberOfRobotsOnBlackSite,numberOfRobotsOnWhiteSite
19494,31,14
timeStep,numberOfRobotsOnBlackSite,numberOfRobotsOnWhiteSite
19495,31,14
timeStep,numberOfRobotsOnBlackSite,numberOfRobotsOnWhiteSite
19496,31,14
timeStep,numberOfRobotsOnBlackSite,numberOfRobotsOnWhiteSite
19497,31,14
timeStep,numberOfRobotsOnBlackSite,numberOfRobotsOnWhiteSite
19498,31,14
timeStep,numberOfRobotsOnBlackSite,numberOfRobotsOnWhiteSite
19499,31,14
timeStep,numberOfRobotsOnBlackSite,numberOfRobotsOnWhiteSite
19500,30,14
timeStep,numberOfRobotsOnBlackSite,numberOfRobotsOnWhiteSite
19501,30,14
timeStep,numberOfRobotsOnBlackSite,numberOfRobotsOnWhiteSite
19502,30,14
timeStep,numberOfRobotsOnBlackSite,numberOfRobotsOnWhiteSite
19503,30,14
timeStep,numberOfRobotsOnBlackSite,numberOfRobotsOnWhiteSite
19504,30,14
timeStep,numberOfRobotsOnBlackSite,numberOfRobotsOnWhiteSite
19505,30,14
timeStep,numberOfRobotsOnBlackSite,numberOfRobotsOnWhiteSite
19506,30,14
timeStep,numberOfRobotsOnBlackSite,numberOfRobotsOnWhiteSite
19507,30,14
timeStep,numberOfRobotsOnBlackSite,numberOfRobotsOnWhiteSite
19508,30,14
timeStep,numberOfRobotsOnBlackSite,numberOfRobotsOnWhiteSite
19509,30,14
timeStep,numberOfRobotsOnBlackSite,numberOfRobotsOnWhiteSite
19510,30,14
timeStep,numberOfRobotsOnBlackSite,numberOfRobotsOnWhiteSite
19511,30,14
timeStep,numberOfRobotsOnBlackSite,numberOfRobotsOnWhiteSite
19512,30,14
timeStep,numberOfRobotsOnBlackSite,numberOfRobotsOnWhiteSite
19513,30,14
timeStep,numberOfRobotsOnBlackSite,numberOfRobotsOnWhiteSite
19514,30,14
timeStep,numberOfRobotsOnBlackSite,numberOfRobotsOnWhiteSite
19515,30,14
timeStep,numberOfRobotsOnBlackSite,numberOfRobotsOnWhiteSite
19516,30,14
timeStep,numberOfRobotsOnBlackSite,numberOfRobotsOnWhiteSite
19517,30,14
timeStep,numberOfRobotsOnBlackSite,numberOfRobotsOnWhiteSite
19518,30,14
timeStep,numberOfRobotsOnBlackSite,numberOfRobotsOnWhiteSite
19519,30,14
timeStep,numberOfRobotsOnBlackSite,numberOfRobotsOnWhiteSite
19520,30,14
timeStep,numberOfRobotsOnBlackSite,numberOfRobotsOnWhiteSite
19521,30,14
timeStep,numberOfRobotsOnBlackSite,numberOfRobotsOnWhiteSite
19522,30,14
timeStep,numberOfRobotsOnBlackSite,numberOfRobotsOnWhiteSite
19523,30,14
timeStep,numberOfRobotsOnBlackSite,numberOfRobotsOnWhiteSite
19524,30,14
timeStep,numberOfRobotsOnBlackSite,numberOfRobotsOnWhiteSite
19525,30,14
timeStep,numberOfRobotsOnBlackSite,numberOfRobotsOnWhiteSite
19526,30,14
timeStep,numberOfRobotsOnBlackSite,numberOfRobotsOnWhiteSite
19527,30,14
timeStep,numberOfRobotsOnBlackSite,numberOfRobotsOnWhiteSite
19528,30,14
timeStep,numberOfRobotsOnBlackSite,numberOfRobotsOnWhiteSite
19529,30,14
timeStep,numberOfRobotsOnBlackSite,numberOfRobotsOnWhiteSite
19530,30,14
timeStep,numberOfRobotsOnBlackSite,numberOfRobotsOnWhiteSite
19531,30,14
timeStep,numberOfRobotsOnBlackSite,numberOfRobotsOnWhiteSite
19532,30,14
timeStep,numberOfRobotsOnBlackSite,numberOfRobotsOnWhiteSite
19533,30,14
timeStep,numberOfRobotsOnBlackSite,numberOfRobotsOnWhiteSite
19534,30,14
timeStep,numberOfRobotsOnBlackSite,numberOfRobotsOnWhiteSite
19535,31,14
timeStep,numberOfRobotsOnBlackSite,numberOfRobotsOnWhiteSite
19536,31,14
timeStep,numberOfRobotsOnBlackSite,numberOfRobotsOnWhiteSite
19537,31,14
timeStep,numberOfRobotsOnBlackSite,numberOfRobotsOnWhiteSite
19538,31,14
timeStep,numberOfRobotsOnBlackSite,numberOfRobotsOnWhiteSite
19539,31,14
timeStep,numberOfRobotsOnBlackSite,numberOfRobotsOnWhiteSite
19540,31,14
timeStep,numberOfRobotsOnBlackSite,numberOfRobotsOnWhiteSite
19541,31,14
timeStep,numberOfRobotsOnBlackSite,numberOfRobotsOnWhiteSite
19542,31,14
timeStep,numberOfRobotsOnBlackSite,numberOfRobotsOnWhiteSite
19543,31,14
timeStep,numberOfRobotsOnBlackSite,numberOfRobotsOnWhiteSite
19544,31,14
timeStep,numberOfRobotsOnBlackSite,numberOfRobotsOnWhiteSite
19545,31,14
timeStep,numberOfRobotsOnBlackSite,numberOfRobotsOnWhiteSite
19546,31,14
timeStep,numberOfRobotsOnBlackSite,numberOfRobotsOnWhiteSite
19547,31,14
timeStep,numberOfRobotsOnBlackSite,numberOfRobotsOnWhiteSite
19548,31,14
timeStep,numberOfRobotsOnBlackSite,numberOfRobotsOnWhiteSite
19549,31,14
timeStep,numberOfRobotsOnBlackSite,numberOfRobotsOnWhiteSite
19550,31,14
timeStep,numberOfRobotsOnBlackSite,numberOfRobotsOnWhiteSite
19551,31,14
timeStep,numberOfRobotsOnBlackSite,numberOfRobotsOnWhiteSite
19552,31,14
timeStep,numberOfRobotsOnBlackSite,numberOfRobotsOnWhiteSite
19553,31,14
timeStep,numberOfRobotsOnBlackSite,numberOfRobotsOnWhiteSite
19554,31,14
timeStep,numberOfRobotsOnBlackSite,numberOfRobotsOnWhiteSite
19555,31,14
timeStep,numberOfRobotsOnBlackSite,numberOfRobotsOnWhiteSite
19556,31,14
timeStep,numberOfRobotsOnBlackSite,numberOfRobotsOnWhiteSite
19557,31,14
timeStep,numberOfRobotsOnBlackSite,numberOfRobotsOnWhiteSite
19558,31,14
timeStep,numberOfRobotsOnBlackSite,numberOfRobotsOnWhiteSite
19559,31,14
timeStep,numberOfRobotsOnBlackSite,numberOfRobotsOnWhiteSite
19560,31,14
timeStep,numberOfRobotsOnBlackSite,numberOfRobotsOnWhiteSite
19561,31,14
timeStep,numberOfRobotsOnBlackSite,numberOfRobotsOnWhiteSite
19562,31,14
timeStep,numberOfRobotsOnBlackSite,numberOfRobotsOnWhiteSite
19563,31,14
timeStep,numberOfRobotsOnBlackSite,numberOfRobotsOnWhiteSite
19564,31,14
timeStep,numberOfRobotsOnBlackSite,numberOfRobotsOnWhiteSite
19565,31,14
timeStep,numberOfRobotsOnBlackSite,numberOfRobotsOnWhiteSite
19566,31,14
timeStep,numberOfRobotsOnBlackSite,numberOfRobotsOnWhiteSite
19567,31,14
timeStep,numberOfRobotsOnBlackSite,numberOfRobotsOnWhiteSite
19568,31,14
timeStep,numberOfRobotsOnBlackSite,numberOfRobotsOnWhiteSite
19569,31,14
timeStep,numberOfRobotsOnBlackSite,numberOfRobotsOnWhiteSite
19570,31,14
timeStep,numberOfRobotsOnBlackSite,numberOfRobotsOnWhiteSite
19571,31,14
timeStep,numberOfRobotsOnBlackSite,numberOfRobotsOnWhiteSite
19572,31,14
timeStep,numberOfRobotsOnBlackSite,numberOfRobotsOnWhiteSite
19573,31,14
timeStep,numberOfRobotsOnBlackSite,numberOfRobotsOnWhiteSite
19574,31,14
timeStep,numberOfRobotsOnBlackSite,numberOfRobotsOnWhiteSite
19575,31,14
timeStep,numberOfRobotsOnBlackSite,numberOfRobotsOnWhiteSite
19576,31,14
timeStep,numberOfRobotsOnBlackSite,numberOfRobotsOnWhiteSite
19577,31,14
timeStep,numberOfRobotsOnBlackSite,numberOfRobotsOnWhiteSite
19578,31,14
timeStep,numberOfRobotsOnBlackSite,numberOfRobotsOnWhiteSite
19579,31,14
timeStep,numberOfRobotsOnBlackSite,numberOfRobotsOnWhiteSite
19580,31,14
timeStep,numberOfRobotsOnBlackSite,numberOfRobotsOnWhiteSite
19581,31,14
timeStep,numberOfRobotsOnBlackSite,numberOfRobotsOnWhiteSite
19582,31,14
timeStep,numberOfRobotsOnBlackSite,numberOfRobotsOnWhiteSite
19583,31,14
timeStep,numberOfRobotsOnBlackSite,numberOfRobotsOnWhiteSite
19584,31,14
timeStep,numberOfRobotsOnBlackSite,numberOfRobotsOnWhiteSite
19585,30,14
timeStep,numberOfRobotsOnBlackSite,numberOfRobotsOnWhiteSite
19586,30,14
timeStep,numberOfRobotsOnBlackSite,numberOfRobotsOnWhiteSite
19587,30,14
timeStep,numberOfRobotsOnBlackSite,numberOfRobotsOnWhiteSite
19588,30,14
timeStep,numberOfRobotsOnBlackSite,numberOfRobotsOnWhiteSite
19589,30,14
timeStep,numberOfRobotsOnBlackSite,numberOfRobotsOnWhiteSite
19590,30,14
timeStep,numberOfRobotsOnBlackSite,numberOfRobotsOnWhiteSite
19591,30,14
timeStep,numberOfRobotsOnBlackSite,numberOfRobotsOnWhiteSite
19592,30,14
timeStep,numberOfRobotsOnBlackSite,numberOfRobotsOnWhiteSite
19593,30,14
timeStep,numberOfRobotsOnBlackSite,numberOfRobotsOnWhiteSite
19594,30,14
timeStep,numberOfRobotsOnBlackSite,numberOfRobotsOnWhiteSite
19595,30,14
timeStep,numberOfRobotsOnBlackSite,numberOfRobotsOnWhiteSite
19596,30,14
timeStep,numberOfRobotsOnBlackSite,numberOfRobotsOnWhiteSite
19597,30,14
timeStep,numberOfRobotsOnBlackSite,numberOfRobotsOnWhiteSite
19598,30,14
timeStep,numberOfRobotsOnBlackSite,numberOfRobotsOnWhiteSite
19599,30,14
timeStep,numberOfRobotsOnBlackSite,numberOfRobotsOnWhiteSite
19600,30,14
timeStep,numberOfRobotsOnBlackSite,numberOfRobotsOnWhiteSite
19601,30,14
timeStep,numberOfRobotsOnBlackSite,numberOfRobotsOnWhiteSite
19602,30,14
timeStep,numberOfRobotsOnBlackSite,numberOfRobotsOnWhiteSite
19603,30,14
timeStep,numberOfRobotsOnBlackSite,numberOfRobotsOnWhiteSite
19604,30,14
timeStep,numberOfRobotsOnBlackSite,numberOfRobotsOnWhiteSite
19605,30,14
timeStep,numberOfRobotsOnBlackSite,numberOfRobotsOnWhiteSite
19606,30,14
timeStep,numberOfRobotsOnBlackSite,numberOfRobotsOnWhiteSite
19607,30,14
timeStep,numberOfRobotsOnBlackSite,numberOfRobotsOnWhiteSite
19608,30,14
timeStep,numberOfRobotsOnBlackSite,numberOfRobotsOnWhiteSite
19609,30,14
timeStep,numberOfRobotsOnBlackSite,numberOfRobotsOnWhiteSite
19610,30,14
timeStep,numberOfRobotsOnBlackSite,numberOfRobotsOnWhiteSite
19611,30,14
timeStep,numberOfRobotsOnBlackSite,numberOfRobotsOnWhiteSite
19612,30,14
timeStep,numberOfRobotsOnBlackSite,numberOfRobotsOnWhiteSite
19613,30,14
timeStep,numberOfRobotsOnBlackSite,numberOfRobotsOnWhiteSite
19614,30,14
timeStep,numberOfRobotsOnBlackSite,numberOfRobotsOnWhiteSite
19615,30,14
timeStep,numberOfRobotsOnBlackSite,numberOfRobotsOnWhiteSite
19616,30,14
timeStep,numberOfRobotsOnBlackSite,numberOfRobotsOnWhiteSite
19617,30,14
timeStep,numberOfRobotsOnBlackSite,numberOfRobotsOnWhiteSite
19618,30,14
timeStep,numberOfRobotsOnBlackSite,numberOfRobotsOnWhiteSite
19619,30,14
timeStep,numberOfRobotsOnBlackSite,numberOfRobotsOnWhiteSite
19620,30,14
timeStep,numberOfRobotsOnBlackSite,numberOfRobotsOnWhiteSite
19621,30,14
timeStep,numberOfRobotsOnBlackSite,numberOfRobotsOnWhiteSite
19622,30,14
timeStep,numberOfRobotsOnBlackSite,numberOfRobotsOnWhiteSite
19623,30,14
timeStep,numberOfRobotsOnBlackSite,numberOfRobotsOnWhiteSite
19624,30,14
timeStep,numberOfRobotsOnBlackSite,numberOfRobotsOnWhiteSite
19625,30,14
timeStep,numberOfRobotsOnBlackSite,numberOfRobotsOnWhiteSite
19626,30,14
timeStep,numberOfRobotsOnBlackSite,numberOfRobotsOnWhiteSite
19627,30,14
timeStep,numberOfRobotsOnBlackSite,numberOfRobotsOnWhiteSite
19628,30,14
timeStep,numberOfRobotsOnBlackSite,numberOfRobotsOnWhiteSite
19629,30,14
timeStep,numberOfRobotsOnBlackSite,numberOfRobotsOnWhiteSite
19630,30,14
timeStep,numberOfRobotsOnBlackSite,numberOfRobotsOnWhiteSite
19631,30,14
timeStep,numberOfRobotsOnBlackSite,numberOfRobotsOnWhiteSite
19632,30,14
timeStep,numberOfRobotsOnBlackSite,numberOfRobotsOnWhiteSite
19633,30,14
timeStep,numberOfRobotsOnBlackSite,numberOfRobotsOnWhiteSite
19634,30,14
timeStep,numberOfRobotsOnBlackSite,numberOfRobotsOnWhiteSite
19635,30,14
timeStep,numberOfRobotsOnBlackSite,numberOfRobotsOnWhiteSite
19636,30,14
timeStep,numberOfRobotsOnBlackSite,numberOfRobotsOnWhiteSite
19637,30,14
timeStep,numberOfRobotsOnBlackSite,numberOfRobotsOnWhiteSite
19638,30,14
timeStep,numberOfRobotsOnBlackSite,numberOfRobotsOnWhiteSite
19639,30,14
timeStep,numberOfRobotsOnBlackSite,numberOfRobotsOnWhiteSite
19640,30,14
timeStep,numberOfRobotsOnBlackSite,numberOfRobotsOnWhiteSite
19641,30,14
timeStep,numberOfRobotsOnBlackSite,numberOfRobotsOnWhiteSite
19642,30,14
timeStep,numberOfRobotsOnBlackSite,numberOfRobotsOnWhiteSite
19643,30,14
timeStep,numberOfRobotsOnBlackSite,numberOfRobotsOnWhiteSite
19644,30,14
timeStep,numberOfRobotsOnBlackSite,numberOfRobotsOnWhiteSite
19645,30,14
timeStep,numberOfRobotsOnBlackSite,numberOfRobotsOnWhiteSite
19646,30,14
timeStep,numberOfRobotsOnBlackSite,numberOfRobotsOnWhiteSite
19647,30,14
timeStep,numberOfRobotsOnBlackSite,numberOfRobotsOnWhiteSite
19648,30,14
timeStep,numberOfRobotsOnBlackSite,numberOfRobotsOnWhiteSite
19649,30,14
timeStep,numberOfRobotsOnBlackSite,numberOfRobotsOnWhiteSite
19650,30,14
timeStep,numberOfRobotsOnBlackSite,numberOfRobotsOnWhiteSite
19651,30,14
timeStep,numberOfRobotsOnBlackSite,numberOfRobotsOnWhiteSite
19652,30,14
timeStep,numberOfRobotsOnBlackSite,numberOfRobotsOnWhiteSite
19653,30,14
timeStep,numberOfRobotsOnBlackSite,numberOfRobotsOnWhiteSite
19654,30,14
timeStep,numberOfRobotsOnBlackSite,numberOfRobotsOnWhiteSite
19655,30,14
timeStep,numberOfRobotsOnBlackSite,numberOfRobotsOnWhiteSite
19656,30,14
timeStep,numberOfRobotsOnBlackSite,numberOfRobotsOnWhiteSite
19657,30,14
timeStep,numberOfRobotsOnBlackSite,numberOfRobotsOnWhiteSite
19658,30,14
timeStep,numberOfRobotsOnBlackSite,numberOfRobotsOnWhiteSite
19659,30,14
timeStep,numberOfRobotsOnBlackSite,numberOfRobotsOnWhiteSite
19660,30,14
timeStep,numberOfRobotsOnBlackSite,numberOfRobotsOnWhiteSite
19661,30,14
timeStep,numberOfRobotsOnBlackSite,numberOfRobotsOnWhiteSite
19662,30,14
timeStep,numberOfRobotsOnBlackSite,numberOfRobotsOnWhiteSite
19663,30,14
timeStep,numberOfRobotsOnBlackSite,numberOfRobotsOnWhiteSite
19664,30,14
timeStep,numberOfRobotsOnBlackSite,numberOfRobotsOnWhiteSite
19665,30,14
timeStep,numberOfRobotsOnBlackSite,numberOfRobotsOnWhiteSite
19666,30,14
timeStep,numberOfRobotsOnBlackSite,numberOfRobotsOnWhiteSite
19667,30,14
timeStep,numberOfRobotsOnBlackSite,numberOfRobotsOnWhiteSite
19668,30,14
timeStep,numberOfRobotsOnBlackSite,numberOfRobotsOnWhiteSite
19669,30,14
timeStep,numberOfRobotsOnBlackSite,numberOfRobotsOnWhiteSite
19670,30,15
timeStep,numberOfRobotsOnBlackSite,numberOfRobotsOnWhiteSite
19671,30,15
timeStep,numberOfRobotsOnBlackSite,numberOfRobotsOnWhiteSite
19672,30,15
timeStep,numberOfRobotsOnBlackSite,numberOfRobotsOnWhiteSite
19673,30,15
timeStep,numberOfRobotsOnBlackSite,numberOfRobotsOnWhiteSite
19674,30,15
timeStep,numberOfRobotsOnBlackSite,numberOfRobotsOnWhiteSite
19675,30,15
timeStep,numberOfRobotsOnBlackSite,numberOfRobotsOnWhiteSite
19676,30,15
timeStep,numberOfRobotsOnBlackSite,numberOfRobotsOnWhiteSite
19677,30,15
timeStep,numberOfRobotsOnBlackSite,numberOfRobotsOnWhiteSite
19678,30,15
timeStep,numberOfRobotsOnBlackSite,numberOfRobotsOnWhiteSite
19679,30,15
timeStep,numberOfRobotsOnBlackSite,numberOfRobotsOnWhiteSite
19680,30,15
timeStep,numberOfRobotsOnBlackSite,numberOfRobotsOnWhiteSite
19681,30,15
timeStep,numberOfRobotsOnBlackSite,numberOfRobotsOnWhiteSite
19682,30,15
timeStep,numberOfRobotsOnBlackSite,numberOfRobotsOnWhiteSite
19683,30,15
timeStep,numberOfRobotsOnBlackSite,numberOfRobotsOnWhiteSite
19684,30,15
timeStep,numberOfRobotsOnBlackSite,numberOfRobotsOnWhiteSite
19685,30,15
timeStep,numberOfRobotsOnBlackSite,numberOfRobotsOnWhiteSite
19686,30,15
timeStep,numberOfRobotsOnBlackSite,numberOfRobotsOnWhiteSite
19687,30,15
timeStep,numberOfRobotsOnBlackSite,numberOfRobotsOnWhiteSite
19688,30,15
timeStep,numberOfRobotsOnBlackSite,numberOfRobotsOnWhiteSite
19689,30,15
timeStep,numberOfRobotsOnBlackSite,numberOfRobotsOnWhiteSite
19690,30,15
timeStep,numberOfRobotsOnBlackSite,numberOfRobotsOnWhiteSite
19691,30,15
timeStep,numberOfRobotsOnBlackSite,numberOfRobotsOnWhiteSite
19692,30,15
timeStep,numberOfRobotsOnBlackSite,numberOfRobotsOnWhiteSite
19693,30,15
timeStep,numberOfRobotsOnBlackSite,numberOfRobotsOnWhiteSite
19694,30,15
timeStep,numberOfRobotsOnBlackSite,numberOfRobotsOnWhiteSite
19695,30,15
timeStep,numberOfRobotsOnBlackSite,numberOfRobotsOnWhiteSite
19696,30,15
timeStep,numberOfRobotsOnBlackSite,numberOfRobotsOnWhiteSite
19697,30,15
timeStep,numberOfRobotsOnBlackSite,numberOfRobotsOnWhiteSite
19698,30,15
timeStep,numberOfRobotsOnBlackSite,numberOfRobotsOnWhiteSite
19699,30,15
timeStep,numberOfRobotsOnBlackSite,numberOfRobotsOnWhiteSite
19700,30,15
timeStep,numberOfRobotsOnBlackSite,numberOfRobotsOnWhiteSite
19701,30,15
timeStep,numberOfRobotsOnBlackSite,numberOfRobotsOnWhiteSite
19702,30,15
timeStep,numberOfRobotsOnBlackSite,numberOfRobotsOnWhiteSite
19703,30,15
timeStep,numberOfRobotsOnBlackSite,numberOfRobotsOnWhiteSite
19704,30,15
timeStep,numberOfRobotsOnBlackSite,numberOfRobotsOnWhiteSite
19705,30,15
timeStep,numberOfRobotsOnBlackSite,numberOfRobotsOnWhiteSite
19706,30,15
timeStep,numberOfRobotsOnBlackSite,numberOfRobotsOnWhiteSite
19707,30,15
timeStep,numberOfRobotsOnBlackSite,numberOfRobotsOnWhiteSite
19708,30,15
timeStep,numberOfRobotsOnBlackSite,numberOfRobotsOnWhiteSite
19709,30,15
timeStep,numberOfRobotsOnBlackSite,numberOfRobotsOnWhiteSite
19710,30,15
timeStep,numberOfRobotsOnBlackSite,numberOfRobotsOnWhiteSite
19711,30,15
timeStep,numberOfRobotsOnBlackSite,numberOfRobotsOnWhiteSite
19712,30,15
timeStep,numberOfRobotsOnBlackSite,numberOfRobotsOnWhiteSite
19713,30,15
timeStep,numberOfRobotsOnBlackSite,numberOfRobotsOnWhiteSite
19714,30,15
timeStep,numberOfRobotsOnBlackSite,numberOfRobotsOnWhiteSite
19715,30,15
timeStep,numberOfRobotsOnBlackSite,numberOfRobotsOnWhiteSite
19716,30,15
timeStep,numberOfRobotsOnBlackSite,numberOfRobotsOnWhiteSite
19717,30,15
timeStep,numberOfRobotsOnBlackSite,numberOfRobotsOnWhiteSite
19718,30,15
timeStep,numberOfRobotsOnBlackSite,numberOfRobotsOnWhiteSite
19719,30,15
timeStep,numberOfRobotsOnBlackSite,numberOfRobotsOnWhiteSite
19720,30,15
timeStep,numberOfRobotsOnBlackSite,numberOfRobotsOnWhiteSite
19721,30,15
timeStep,numberOfRobotsOnBlackSite,numberOfRobotsOnWhiteSite
19722,30,15
timeStep,numberOfRobotsOnBlackSite,numberOfRobotsOnWhiteSite
19723,30,15
timeStep,numberOfRobotsOnBlackSite,numberOfRobotsOnWhiteSite
19724,30,15
timeStep,numberOfRobotsOnBlackSite,numberOfRobotsOnWhiteSite
19725,30,15
timeStep,numberOfRobotsOnBlackSite,numberOfRobotsOnWhiteSite
19726,30,15
timeStep,numberOfRobotsOnBlackSite,numberOfRobotsOnWhiteSite
19727,30,15
timeStep,numberOfRobotsOnBlackSite,numberOfRobotsOnWhiteSite
19728,30,15
timeStep,numberOfRobotsOnBlackSite,numberOfRobotsOnWhiteSite
19729,30,15
timeStep,numberOfRobotsOnBlackSite,numberOfRobotsOnWhiteSite
19730,30,15
timeStep,numberOfRobotsOnBlackSite,numberOfRobotsOnWhiteSite
19731,30,15
timeStep,numberOfRobotsOnBlackSite,numberOfRobotsOnWhiteSite
19732,30,15
timeStep,numberOfRobotsOnBlackSite,numberOfRobotsOnWhiteSite
19733,30,15
timeStep,numberOfRobotsOnBlackSite,numberOfRobotsOnWhiteSite
19734,30,15
timeStep,numberOfRobotsOnBlackSite,numberOfRobotsOnWhiteSite
19735,30,15
timeStep,numberOfRobotsOnBlackSite,numberOfRobotsOnWhiteSite
19736,30,15
timeStep,numberOfRobotsOnBlackSite,numberOfRobotsOnWhiteSite
19737,30,15
timeStep,numberOfRobotsOnBlackSite,numberOfRobotsOnWhiteSite
19738,30,15
timeStep,numberOfRobotsOnBlackSite,numberOfRobotsOnWhiteSite
19739,30,15
timeStep,numberOfRobotsOnBlackSite,numberOfRobotsOnWhiteSite
19740,30,15
timeStep,numberOfRobotsOnBlackSite,numberOfRobotsOnWhiteSite
19741,30,15
timeStep,numberOfRobotsOnBlackSite,numberOfRobotsOnWhiteSite
19742,30,15
timeStep,numberOfRobotsOnBlackSite,numberOfRobotsOnWhiteSite
19743,30,15
timeStep,numberOfRobotsOnBlackSite,numberOfRobotsOnWhiteSite
19744,30,15
timeStep,numberOfRobotsOnBlackSite,numberOfRobotsOnWhiteSite
19745,30,15
timeStep,numberOfRobotsOnBlackSite,numberOfRobotsOnWhiteSite
19746,30,15
timeStep,numberOfRobotsOnBlackSite,numberOfRobotsOnWhiteSite
19747,30,15
timeStep,numberOfRobotsOnBlackSite,numberOfRobotsOnWhiteSite
19748,30,15
timeStep,numberOfRobotsOnBlackSite,numberOfRobotsOnWhiteSite
19749,30,15
timeStep,numberOfRobotsOnBlackSite,numberOfRobotsOnWhiteSite
19750,30,15
timeStep,numberOfRobotsOnBlackSite,numberOfRobotsOnWhiteSite
19751,30,15
timeStep,numberOfRobotsOnBlackSite,numberOfRobotsOnWhiteSite
19752,30,15
timeStep,numberOfRobotsOnBlackSite,numberOfRobotsOnWhiteSite
19753,30,15
timeStep,numberOfRobotsOnBlackSite,numberOfRobotsOnWhiteSite
19754,30,15
timeStep,numberOfRobotsOnBlackSite,numberOfRobotsOnWhiteSite
19755,30,15
timeStep,numberOfRobotsOnBlackSite,numberOfRobotsOnWhiteSite
19756,30,15
timeStep,numberOfRobotsOnBlackSite,numberOfRobotsOnWhiteSite
19757,30,15
timeStep,numberOfRobotsOnBlackSite,numberOfRobotsOnWhiteSite
19758,30,15
timeStep,numberOfRobotsOnBlackSite,numberOfRobotsOnWhiteSite
19759,30,15
timeStep,numberOfRobotsOnBlackSite,numberOfRobotsOnWhiteSite
19760,30,15
timeStep,numberOfRobotsOnBlackSite,numberOfRobotsOnWhiteSite
19761,30,15
timeStep,numberOfRobotsOnBlackSite,numberOfRobotsOnWhiteSite
19762,30,15
timeStep,numberOfRobotsOnBlackSite,numberOfRobotsOnWhiteSite
19763,30,15
timeStep,numberOfRobotsOnBlackSite,numberOfRobotsOnWhiteSite
19764,30,15
timeStep,numberOfRobotsOnBlackSite,numberOfRobotsOnWhiteSite
19765,30,15
timeStep,numberOfRobotsOnBlackSite,numberOfRobotsOnWhiteSite
19766,30,15
timeStep,numberOfRobotsOnBlackSite,numberOfRobotsOnWhiteSite
19767,30,15
timeStep,numberOfRobotsOnBlackSite,numberOfRobotsOnWhiteSite
19768,30,15
timeStep,numberOfRobotsOnBlackSite,numberOfRobotsOnWhiteSite
19769,30,15
timeStep,numberOfRobotsOnBlackSite,numberOfRobotsOnWhiteSite
19770,30,15
timeStep,numberOfRobotsOnBlackSite,numberOfRobotsOnWhiteSite
19771,30,15
timeStep,numberOfRobotsOnBlackSite,numberOfRobotsOnWhiteSite
19772,30,15
timeStep,numberOfRobotsOnBlackSite,numberOfRobotsOnWhiteSite
19773,30,15
timeStep,numberOfRobotsOnBlackSite,numberOfRobotsOnWhiteSite
19774,30,15
timeStep,numberOfRobotsOnBlackSite,numberOfRobotsOnWhiteSite
19775,30,15
timeStep,numberOfRobotsOnBlackSite,numberOfRobotsOnWhiteSite
19776,30,15
timeStep,numberOfRobotsOnBlackSite,numberOfRobotsOnWhiteSite
19777,30,15
timeStep,numberOfRobotsOnBlackSite,numberOfRobotsOnWhiteSite
19778,30,15
timeStep,numberOfRobotsOnBlackSite,numberOfRobotsOnWhiteSite
19779,30,15
timeStep,numberOfRobotsOnBlackSite,numberOfRobotsOnWhiteSite
19780,30,15
timeStep,numberOfRobotsOnBlackSite,numberOfRobotsOnWhiteSite
19781,30,15
timeStep,numberOfRobotsOnBlackSite,numberOfRobotsOnWhiteSite
19782,30,15
timeStep,numberOfRobotsOnBlackSite,numberOfRobotsOnWhiteSite
19783,30,15
timeStep,numberOfRobotsOnBlackSite,numberOfRobotsOnWhiteSite
19784,30,15
timeStep,numberOfRobotsOnBlackSite,numberOfRobotsOnWhiteSite
19785,30,15
timeStep,numberOfRobotsOnBlackSite,numberOfRobotsOnWhiteSite
19786,30,15
timeStep,numberOfRobotsOnBlackSite,numberOfRobotsOnWhiteSite
19787,30,15
timeStep,numberOfRobotsOnBlackSite,numberOfRobotsOnWhiteSite
19788,30,15
timeStep,numberOfRobotsOnBlackSite,numberOfRobotsOnWhiteSite
19789,30,15
timeStep,numberOfRobotsOnBlackSite,numberOfRobotsOnWhiteSite
19790,30,15
timeStep,numberOfRobotsOnBlackSite,numberOfRobotsOnWhiteSite
19791,30,15
timeStep,numberOfRobotsOnBlackSite,numberOfRobotsOnWhiteSite
19792,30,15
timeStep,numberOfRobotsOnBlackSite,numberOfRobotsOnWhiteSite
19793,30,15
timeStep,numberOfRobotsOnBlackSite,numberOfRobotsOnWhiteSite
19794,30,15
timeStep,numberOfRobotsOnBlackSite,numberOfRobotsOnWhiteSite
19795,30,15
timeStep,numberOfRobotsOnBlackSite,numberOfRobotsOnWhiteSite
19796,30,15
timeStep,numberOfRobotsOnBlackSite,numberOfRobotsOnWhiteSite
19797,30,15
timeStep,numberOfRobotsOnBlackSite,numberOfRobotsOnWhiteSite
19798,30,15
timeStep,numberOfRobotsOnBlackSite,numberOfRobotsOnWhiteSite
19799,30,15
timeStep,numberOfRobotsOnBlackSite,numberOfRobotsOnWhiteSite
19800,30,15
timeStep,numberOfRobotsOnBlackSite,numberOfRobotsOnWhiteSite
19801,30,15
timeStep,numberOfRobotsOnBlackSite,numberOfRobotsOnWhiteSite
19802,30,15
timeStep,numberOfRobotsOnBlackSite,numberOfRobotsOnWhiteSite
19803,30,15
timeStep,numberOfRobotsOnBlackSite,numberOfRobotsOnWhiteSite
19804,30,15
timeStep,numberOfRobotsOnBlackSite,numberOfRobotsOnWhiteSite
19805,30,15
timeStep,numberOfRobotsOnBlackSite,numberOfRobotsOnWhiteSite
19806,30,15
timeStep,numberOfRobotsOnBlackSite,numberOfRobotsOnWhiteSite
19807,30,15
timeStep,numberOfRobotsOnBlackSite,numberOfRobotsOnWhiteSite
19808,30,15
timeStep,numberOfRobotsOnBlackSite,numberOfRobotsOnWhiteSite
19809,30,15
timeStep,numberOfRobotsOnBlackSite,numberOfRobotsOnWhiteSite
19810,30,15
timeStep,numberOfRobotsOnBlackSite,numberOfRobotsOnWhiteSite
19811,30,15
timeStep,numberOfRobotsOnBlackSite,numberOfRobotsOnWhiteSite
19812,30,15
timeStep,numberOfRobotsOnBlackSite,numberOfRobotsOnWhiteSite
19813,30,15
timeStep,numberOfRobotsOnBlackSite,numberOfRobotsOnWhiteSite
19814,30,15
timeStep,numberOfRobotsOnBlackSite,numberOfRobotsOnWhiteSite
19815,30,15
timeStep,numberOfRobotsOnBlackSite,numberOfRobotsOnWhiteSite
19816,30,15
timeStep,numberOfRobotsOnBlackSite,numberOfRobotsOnWhiteSite
19817,30,15
timeStep,numberOfRobotsOnBlackSite,numberOfRobotsOnWhiteSite
19818,30,15
timeStep,numberOfRobotsOnBlackSite,numberOfRobotsOnWhiteSite
19819,30,15
timeStep,numberOfRobotsOnBlackSite,numberOfRobotsOnWhiteSite
19820,30,15
timeStep,numberOfRobotsOnBlackSite,numberOfRobotsOnWhiteSite
19821,30,15
timeStep,numberOfRobotsOnBlackSite,numberOfRobotsOnWhiteSite
19822,30,15
timeStep,numberOfRobotsOnBlackSite,numberOfRobotsOnWhiteSite
19823,30,15
timeStep,numberOfRobotsOnBlackSite,numberOfRobotsOnWhiteSite
19824,30,15
timeStep,numberOfRobotsOnBlackSite,numberOfRobotsOnWhiteSite
19825,30,15
timeStep,numberOfRobotsOnBlackSite,numberOfRobotsOnWhiteSite
19826,30,15
timeStep,numberOfRobotsOnBlackSite,numberOfRobotsOnWhiteSite
19827,30,15
timeStep,numberOfRobotsOnBlackSite,numberOfRobotsOnWhiteSite
19828,30,15
timeStep,numberOfRobotsOnBlackSite,numberOfRobotsOnWhiteSite
19829,30,15
timeStep,numberOfRobotsOnBlackSite,numberOfRobotsOnWhiteSite
19830,30,15
timeStep,numberOfRobotsOnBlackSite,numberOfRobotsOnWhiteSite
19831,30,15
timeStep,numberOfRobotsOnBlackSite,numberOfRobotsOnWhiteSite
19832,30,15
timeStep,numberOfRobotsOnBlackSite,numberOfRobotsOnWhiteSite
19833,30,15
timeStep,numberOfRobotsOnBlackSite,numberOfRobotsOnWhiteSite
19834,30,15
timeStep,numberOfRobotsOnBlackSite,numberOfRobotsOnWhiteSite
19835,30,15
timeStep,numberOfRobotsOnBlackSite,numberOfRobotsOnWhiteSite
19836,30,15
timeStep,numberOfRobotsOnBlackSite,numberOfRobotsOnWhiteSite
19837,30,15
timeStep,numberOfRobotsOnBlackSite,numberOfRobotsOnWhiteSite
19838,30,15
timeStep,numberOfRobotsOnBlackSite,numberOfRobotsOnWhiteSite
19839,30,15
timeStep,numberOfRobotsOnBlackSite,numberOfRobotsOnWhiteSite
19840,30,15
timeStep,numberOfRobotsOnBlackSite,numberOfRobotsOnWhiteSite
19841,30,15
timeStep,numberOfRobotsOnBlackSite,numberOfRobotsOnWhiteSite
19842,30,15
timeStep,numberOfRobotsOnBlackSite,numberOfRobotsOnWhiteSite
19843,30,15
timeStep,numberOfRobotsOnBlackSite,numberOfRobotsOnWhiteSite
19844,30,15
timeStep,numberOfRobotsOnBlackSite,numberOfRobotsOnWhiteSite
19845,30,15
timeStep,numberOfRobotsOnBlackSite,numberOfRobotsOnWhiteSite
19846,30,15
timeStep,numberOfRobotsOnBlackSite,numberOfRobotsOnWhiteSite
19847,30,15
timeStep,numberOfRobotsOnBlackSite,numberOfRobotsOnWhiteSite
19848,30,15
timeStep,numberOfRobotsOnBlackSite,numberOfRobotsOnWhiteSite
19849,30,15
timeStep,numberOfRobotsOnBlackSite,numberOfRobotsOnWhiteSite
19850,30,15
timeStep,numberOfRobotsOnBlackSite,numberOfRobotsOnWhiteSite
19851,30,15
timeStep,numberOfRobotsOnBlackSite,numberOfRobotsOnWhiteSite
19852,30,15
timeStep,numberOfRobotsOnBlackSite,numberOfRobotsOnWhiteSite
19853,30,15
timeStep,numberOfRobotsOnBlackSite,numberOfRobotsOnWhiteSite
19854,30,15
timeStep,numberOfRobotsOnBlackSite,numberOfRobotsOnWhiteSite
19855,30,15
timeStep,numberOfRobotsOnBlackSite,numberOfRobotsOnWhiteSite
19856,30,15
timeStep,numberOfRobotsOnBlackSite,numberOfRobotsOnWhiteSite
19857,30,15
timeStep,numberOfRobotsOnBlackSite,numberOfRobotsOnWhiteSite
19858,30,15
timeStep,numberOfRobotsOnBlackSite,numberOfRobotsOnWhiteSite
19859,30,15
timeStep,numberOfRobotsOnBlackSite,numberOfRobotsOnWhiteSite
19860,30,15
timeStep,numberOfRobotsOnBlackSite,numberOfRobotsOnWhiteSite
19861,30,15
timeStep,numberOfRobotsOnBlackSite,numberOfRobotsOnWhiteSite
19862,30,15
timeStep,numberOfRobotsOnBlackSite,numberOfRobotsOnWhiteSite
19863,30,15
timeStep,numberOfRobotsOnBlackSite,numberOfRobotsOnWhiteSite
19864,30,15
timeStep,numberOfRobotsOnBlackSite,numberOfRobotsOnWhiteSite
19865,30,15
timeStep,numberOfRobotsOnBlackSite,numberOfRobotsOnWhiteSite
19866,30,15
timeStep,numberOfRobotsOnBlackSite,numberOfRobotsOnWhiteSite
19867,30,15
timeStep,numberOfRobotsOnBlackSite,numberOfRobotsOnWhiteSite
19868,30,15
timeStep,numberOfRobotsOnBlackSite,numberOfRobotsOnWhiteSite
19869,30,15
timeStep,numberOfRobotsOnBlackSite,numberOfRobotsOnWhiteSite
19870,30,15
timeStep,numberOfRobotsOnBlackSite,numberOfRobotsOnWhiteSite
19871,30,15
timeStep,numberOfRobotsOnBlackSite,numberOfRobotsOnWhiteSite
19872,30,15
timeStep,numberOfRobotsOnBlackSite,numberOfRobotsOnWhiteSite
19873,30,15
timeStep,numberOfRobotsOnBlackSite,numberOfRobotsOnWhiteSite
19874,30,15
timeStep,numberOfRobotsOnBlackSite,numberOfRobotsOnWhiteSite
19875,30,15
timeStep,numberOfRobotsOnBlackSite,numberOfRobotsOnWhiteSite
19876,30,15
timeStep,numberOfRobotsOnBlackSite,numberOfRobotsOnWhiteSite
19877,30,15
timeStep,numberOfRobotsOnBlackSite,numberOfRobotsOnWhiteSite
19878,30,15
timeStep,numberOfRobotsOnBlackSite,numberOfRobotsOnWhiteSite
19879,30,15
timeStep,numberOfRobotsOnBlackSite,numberOfRobotsOnWhiteSite
19880,30,15
timeStep,numberOfRobotsOnBlackSite,numberOfRobotsOnWhiteSite
19881,30,15
timeStep,numberOfRobotsOnBlackSite,numberOfRobotsOnWhiteSite
19882,30,15
timeStep,numberOfRobotsOnBlackSite,numberOfRobotsOnWhiteSite
19883,30,15
timeStep,numberOfRobotsOnBlackSite,numberOfRobotsOnWhiteSite
19884,30,15
timeStep,numberOfRobotsOnBlackSite,numberOfRobotsOnWhiteSite
19885,30,15
timeStep,numberOfRobotsOnBlackSite,numberOfRobotsOnWhiteSite
19886,30,15
timeStep,numberOfRobotsOnBlackSite,numberOfRobotsOnWhiteSite
19887,30,15
timeStep,numberOfRobotsOnBlackSite,numberOfRobotsOnWhiteSite
19888,30,15
timeStep,numberOfRobotsOnBlackSite,numberOfRobotsOnWhiteSite
19889,30,15
timeStep,numberOfRobotsOnBlackSite,numberOfRobotsOnWhiteSite
19890,30,15
timeStep,numberOfRobotsOnBlackSite,numberOfRobotsOnWhiteSite
19891,30,15
timeStep,numberOfRobotsOnBlackSite,numberOfRobotsOnWhiteSite
19892,30,15
timeStep,numberOfRobotsOnBlackSite,numberOfRobotsOnWhiteSite
19893,30,15
timeStep,numberOfRobotsOnBlackSite,numberOfRobotsOnWhiteSite
19894,30,15
timeStep,numberOfRobotsOnBlackSite,numberOfRobotsOnWhiteSite
19895,30,15
timeStep,numberOfRobotsOnBlackSite,numberOfRobotsOnWhiteSite
19896,30,15
timeStep,numberOfRobotsOnBlackSite,numberOfRobotsOnWhiteSite
19897,30,15
timeStep,numberOfRobotsOnBlackSite,numberOfRobotsOnWhiteSite
19898,30,15
timeStep,numberOfRobotsOnBlackSite,numberOfRobotsOnWhiteSite
19899,30,15
timeStep,numberOfRobotsOnBlackSite,numberOfRobotsOnWhiteSite
19900,30,15
timeStep,numberOfRobotsOnBlackSite,numberOfRobotsOnWhiteSite
19901,30,15
timeStep,numberOfRobotsOnBlackSite,numberOfRobotsOnWhiteSite
19902,30,15
timeStep,numberOfRobotsOnBlackSite,numberOfRobotsOnWhiteSite
19903,30,15
timeStep,numberOfRobotsOnBlackSite,numberOfRobotsOnWhiteSite
19904,30,15
timeStep,numberOfRobotsOnBlackSite,numberOfRobotsOnWhiteSite
19905,30,15
timeStep,numberOfRobotsOnBlackSite,numberOfRobotsOnWhiteSite
19906,30,15
timeStep,numberOfRobotsOnBlackSite,numberOfRobotsOnWhiteSite
19907,30,15
timeStep,numberOfRobotsOnBlackSite,numberOfRobotsOnWhiteSite
19908,30,15
timeStep,numberOfRobotsOnBlackSite,numberOfRobotsOnWhiteSite
19909,30,15
timeStep,numberOfRobotsOnBlackSite,numberOfRobotsOnWhiteSite
19910,30,15
timeStep,numberOfRobotsOnBlackSite,numberOfRobotsOnWhiteSite
19911,30,15
timeStep,numberOfRobotsOnBlackSite,numberOfRobotsOnWhiteSite
19912,30,15
timeStep,numberOfRobotsOnBlackSite,numberOfRobotsOnWhiteSite
19913,30,15
timeStep,numberOfRobotsOnBlackSite,numberOfRobotsOnWhiteSite
19914,30,15
timeStep,numberOfRobotsOnBlackSite,numberOfRobotsOnWhiteSite
19915,30,15
timeStep,numberOfRobotsOnBlackSite,numberOfRobotsOnWhiteSite
19916,30,15
timeStep,numberOfRobotsOnBlackSite,numberOfRobotsOnWhiteSite
19917,30,15
timeStep,numberOfRobotsOnBlackSite,numberOfRobotsOnWhiteSite
19918,30,15
timeStep,numberOfRobotsOnBlackSite,numberOfRobotsOnWhiteSite
19919,30,15
timeStep,numberOfRobotsOnBlackSite,numberOfRobotsOnWhiteSite
19920,30,15
timeStep,numberOfRobotsOnBlackSite,numberOfRobotsOnWhiteSite
19921,30,15
timeStep,numberOfRobotsOnBlackSite,numberOfRobotsOnWhiteSite
19922,30,15
timeStep,numberOfRobotsOnBlackSite,numberOfRobotsOnWhiteSite
19923,30,15
timeStep,numberOfRobotsOnBlackSite,numberOfRobotsOnWhiteSite
19924,30,15
timeStep,numberOfRobotsOnBlackSite,numberOfRobotsOnWhiteSite
19925,30,15
timeStep,numberOfRobotsOnBlackSite,numberOfRobotsOnWhiteSite
19926,30,15
timeStep,numberOfRobotsOnBlackSite,numberOfRobotsOnWhiteSite
19927,30,15
timeStep,numberOfRobotsOnBlackSite,numberOfRobotsOnWhiteSite
19928,30,15
timeStep,numberOfRobotsOnBlackSite,numberOfRobotsOnWhiteSite
19929,30,15
timeStep,numberOfRobotsOnBlackSite,numberOfRobotsOnWhiteSite
19930,30,15
timeStep,numberOfRobotsOnBlackSite,numberOfRobotsOnWhiteSite
19931,30,15
timeStep,numberOfRobotsOnBlackSite,numberOfRobotsOnWhiteSite
19932,30,15
timeStep,numberOfRobotsOnBlackSite,numberOfRobotsOnWhiteSite
19933,30,15
timeStep,numberOfRobotsOnBlackSite,numberOfRobotsOnWhiteSite
19934,30,15
timeStep,numberOfRobotsOnBlackSite,numberOfRobotsOnWhiteSite
19935,30,15
timeStep,numberOfRobotsOnBlackSite,numberOfRobotsOnWhiteSite
19936,30,15
timeStep,numberOfRobotsOnBlackSite,numberOfRobotsOnWhiteSite
19937,30,15
timeStep,numberOfRobotsOnBlackSite,numberOfRobotsOnWhiteSite
19938,30,15
timeStep,numberOfRobotsOnBlackSite,numberOfRobotsOnWhiteSite
19939,30,15
timeStep,numberOfRobotsOnBlackSite,numberOfRobotsOnWhiteSite
19940,30,15
timeStep,numberOfRobotsOnBlackSite,numberOfRobotsOnWhiteSite
19941,30,15
timeStep,numberOfRobotsOnBlackSite,numberOfRobotsOnWhiteSite
19942,30,15
timeStep,numberOfRobotsOnBlackSite,numberOfRobotsOnWhiteSite
19943,30,15
timeStep,numberOfRobotsOnBlackSite,numberOfRobotsOnWhiteSite
19944,30,15
timeStep,numberOfRobotsOnBlackSite,numberOfRobotsOnWhiteSite
19945,30,15
timeStep,numberOfRobotsOnBlackSite,numberOfRobotsOnWhiteSite
19946,30,15
timeStep,numberOfRobotsOnBlackSite,numberOfRobotsOnWhiteSite
19947,30,15
timeStep,numberOfRobotsOnBlackSite,numberOfRobotsOnWhiteSite
19948,30,15
timeStep,numberOfRobotsOnBlackSite,numberOfRobotsOnWhiteSite
19949,30,15
timeStep,numberOfRobotsOnBlackSite,numberOfRobotsOnWhiteSite
19950,30,15
timeStep,numberOfRobotsOnBlackSite,numberOfRobotsOnWhiteSite
19951,30,15
timeStep,numberOfRobotsOnBlackSite,numberOfRobotsOnWhiteSite
19952,30,15
timeStep,numberOfRobotsOnBlackSite,numberOfRobotsOnWhiteSite
19953,30,15
timeStep,numberOfRobotsOnBlackSite,numberOfRobotsOnWhiteSite
19954,30,15
timeStep,numberOfRobotsOnBlackSite,numberOfRobotsOnWhiteSite
19955,30,15
timeStep,numberOfRobotsOnBlackSite,numberOfRobotsOnWhiteSite
19956,30,15
timeStep,numberOfRobotsOnBlackSite,numberOfRobotsOnWhiteSite
19957,30,15
timeStep,numberOfRobotsOnBlackSite,numberOfRobotsOnWhiteSite
19958,30,15
timeStep,numberOfRobotsOnBlackSite,numberOfRobotsOnWhiteSite
19959,30,15
timeStep,numberOfRobotsOnBlackSite,numberOfRobotsOnWhiteSite
19960,30,15
timeStep,numberOfRobotsOnBlackSite,numberOfRobotsOnWhiteSite
19961,30,15
timeStep,numberOfRobotsOnBlackSite,numberOfRobotsOnWhiteSite
19962,30,15
timeStep,numberOfRobotsOnBlackSite,numberOfRobotsOnWhiteSite
19963,30,15
timeStep,numberOfRobotsOnBlackSite,numberOfRobotsOnWhiteSite
19964,30,15
timeStep,numberOfRobotsOnBlackSite,numberOfRobotsOnWhiteSite
19965,30,15
timeStep,numberOfRobotsOnBlackSite,numberOfRobotsOnWhiteSite
19966,30,15
timeStep,numberOfRobotsOnBlackSite,numberOfRobotsOnWhiteSite
19967,30,15
timeStep,numberOfRobotsOnBlackSite,numberOfRobotsOnWhiteSite
19968,30,15
timeStep,numberOfRobotsOnBlackSite,numberOfRobotsOnWhiteSite
19969,30,15
timeStep,numberOfRobotsOnBlackSite,numberOfRobotsOnWhiteSite
19970,30,15
timeStep,numberOfRobotsOnBlackSite,numberOfRobotsOnWhiteSite
19971,30,15
timeStep,numberOfRobotsOnBlackSite,numberOfRobotsOnWhiteSite
19972,30,15
timeStep,numberOfRobotsOnBlackSite,numberOfRobotsOnWhiteSite
19973,30,15
timeStep,numberOfRobotsOnBlackSite,numberOfRobotsOnWhiteSite
19974,30,15
timeStep,numberOfRobotsOnBlackSite,numberOfRobotsOnWhiteSite
19975,30,15
timeStep,numberOfRobotsOnBlackSite,numberOfRobotsOnWhiteSite
19976,30,15
timeStep,numberOfRobotsOnBlackSite,numberOfRobotsOnWhiteSite
19977,30,15
timeStep,numberOfRobotsOnBlackSite,numberOfRobotsOnWhiteSite
19978,30,15
timeStep,numberOfRobotsOnBlackSite,numberOfRobotsOnWhiteSite
19979,30,15
timeStep,numberOfRobotsOnBlackSite,numberOfRobotsOnWhiteSite
19980,30,15
timeStep,numberOfRobotsOnBlackSite,numberOfRobotsOnWhiteSite
19981,30,15
timeStep,numberOfRobotsOnBlackSite,numberOfRobotsOnWhiteSite
19982,30,15
timeStep,numberOfRobotsOnBlackSite,numberOfRobotsOnWhiteSite
19983,30,15
timeStep,numberOfRobotsOnBlackSite,numberOfRobotsOnWhiteSite
19984,30,15
timeStep,numberOfRobotsOnBlackSite,numberOfRobotsOnWhiteSite
19985,30,15
timeStep,numberOfRobotsOnBlackSite,numberOfRobotsOnWhiteSite
19986,30,15
timeStep,numberOfRobotsOnBlackSite,numberOfRobotsOnWhiteSite
19987,30,15
timeStep,numberOfRobotsOnBlackSite,numberOfRobotsOnWhiteSite
19988,30,15
timeStep,numberOfRobotsOnBlackSite,numberOfRobotsOnWhiteSite
19989,30,15
timeStep,numberOfRobotsOnBlackSite,numberOfRobotsOnWhiteSite
19990,30,15
timeStep,numberOfRobotsOnBlackSite,numberOfRobotsOnWhiteSite
19991,30,15
timeStep,numberOfRobotsOnBlackSite,numberOfRobotsOnWhiteSite
19992,30,15
timeStep,numberOfRobotsOnBlackSite,numberOfRobotsOnWhiteSite
19993,30,15
timeStep,numberOfRobotsOnBlackSite,numberOfRobotsOnWhiteSite
19994,30,15
timeStep,numberOfRobotsOnBlackSite,numberOfRobotsOnWhiteSite
19995,30,15
timeStep,numberOfRobotsOnBlackSite,numberOfRobotsOnWhiteSite
19996,30,15
timeStep,numberOfRobotsOnBlackSite,numberOfRobotsOnWhiteSite
19997,30,15
timeStep,numberOfRobotsOnBlackSite,numberOfRobotsOnWhiteSite
19998,30,15
timeStep,numberOfRobotsOnBlackSite,numberOfRobotsOnWhiteSite
19999,30,15
timeStep,numberOfRobotsOnBlackSite,numberOfRobotsOnWhiteSite
20000,30,15
timeStep,numberOfRobotsOnBlackSite,numberOfRobotsOnWhiteSite
20001,30,15
timeStep,numberOfRobotsOnBlackSite,numberOfRobotsOnWhiteSite
20002,30,15
timeStep,numberOfRobotsOnBlackSite,numberOfRobotsOnWhiteSite
20003,30,15
timeStep,numberOfRobotsOnBlackSite,numberOfRobotsOnWhiteSite
20004,30,15
timeStep,numberOfRobotsOnBlackSite,numberOfRobotsOnWhiteSite
20005,30,15
timeStep,numberOfRobotsOnBlackSite,numberOfRobotsOnWhiteSite
20006,30,15
timeStep,numberOfRobotsOnBlackSite,numberOfRobotsOnWhiteSite
20007,30,15
timeStep,numberOfRobotsOnBlackSite,numberOfRobotsOnWhiteSite
20008,30,15
timeStep,numberOfRobotsOnBlackSite,numberOfRobotsOnWhiteSite
20009,30,15
timeStep,numberOfRobotsOnBlackSite,numberOfRobotsOnWhiteSite
20010,30,15
timeStep,numberOfRobotsOnBlackSite,numberOfRobotsOnWhiteSite
20011,30,15
timeStep,numberOfRobotsOnBlackSite,numberOfRobotsOnWhiteSite
20012,30,15
timeStep,numberOfRobotsOnBlackSite,numberOfRobotsOnWhiteSite
20013,30,15
timeStep,numberOfRobotsOnBlackSite,numberOfRobotsOnWhiteSite
20014,30,15
timeStep,numberOfRobotsOnBlackSite,numberOfRobotsOnWhiteSite
20015,30,15
timeStep,numberOfRobotsOnBlackSite,numberOfRobotsOnWhiteSite
20016,30,15
timeStep,numberOfRobotsOnBlackSite,numberOfRobotsOnWhiteSite
20017,30,15
timeStep,numberOfRobotsOnBlackSite,numberOfRobotsOnWhiteSite
20018,30,15
timeStep,numberOfRobotsOnBlackSite,numberOfRobotsOnWhiteSite
20019,30,15
timeStep,numberOfRobotsOnBlackSite,numberOfRobotsOnWhiteSite
20020,30,15
timeStep,numberOfRobotsOnBlackSite,numberOfRobotsOnWhiteSite
20021,30,15
timeStep,numberOfRobotsOnBlackSite,numberOfRobotsOnWhiteSite
20022,30,15
timeStep,numberOfRobotsOnBlackSite,numberOfRobotsOnWhiteSite
20023,30,15
timeStep,numberOfRobotsOnBlackSite,numberOfRobotsOnWhiteSite
20024,30,15
timeStep,numberOfRobotsOnBlackSite,numberOfRobotsOnWhiteSite
20025,30,15
timeStep,numberOfRobotsOnBlackSite,numberOfRobotsOnWhiteSite
20026,30,15
timeStep,numberOfRobotsOnBlackSite,numberOfRobotsOnWhiteSite
20027,30,15
timeStep,numberOfRobotsOnBlackSite,numberOfRobotsOnWhiteSite
20028,30,15
timeStep,numberOfRobotsOnBlackSite,numberOfRobotsOnWhiteSite
20029,30,15
timeStep,numberOfRobotsOnBlackSite,numberOfRobotsOnWhiteSite
20030,30,15
timeStep,numberOfRobotsOnBlackSite,numberOfRobotsOnWhiteSite
20031,30,15
timeStep,numberOfRobotsOnBlackSite,numberOfRobotsOnWhiteSite
20032,30,15
timeStep,numberOfRobotsOnBlackSite,numberOfRobotsOnWhiteSite
20033,30,15
timeStep,numberOfRobotsOnBlackSite,numberOfRobotsOnWhiteSite
20034,30,15
timeStep,numberOfRobotsOnBlackSite,numberOfRobotsOnWhiteSite
20035,30,15
timeStep,numberOfRobotsOnBlackSite,numberOfRobotsOnWhiteSite
20036,30,15
timeStep,numberOfRobotsOnBlackSite,numberOfRobotsOnWhiteSite
20037,30,15
timeStep,numberOfRobotsOnBlackSite,numberOfRobotsOnWhiteSite
20038,30,15
timeStep,numberOfRobotsOnBlackSite,numberOfRobotsOnWhiteSite
20039,30,15
timeStep,numberOfRobotsOnBlackSite,numberOfRobotsOnWhiteSite
20040,30,15
timeStep,numberOfRobotsOnBlackSite,numberOfRobotsOnWhiteSite
20041,30,15
timeStep,numberOfRobotsOnBlackSite,numberOfRobotsOnWhiteSite
20042,30,15
timeStep,numberOfRobotsOnBlackSite,numberOfRobotsOnWhiteSite
20043,30,15
timeStep,numberOfRobotsOnBlackSite,numberOfRobotsOnWhiteSite
20044,30,15
timeStep,numberOfRobotsOnBlackSite,numberOfRobotsOnWhiteSite
20045,30,15
timeStep,numberOfRobotsOnBlackSite,numberOfRobotsOnWhiteSite
20046,30,15
timeStep,numberOfRobotsOnBlackSite,numberOfRobotsOnWhiteSite
20047,30,15
timeStep,numberOfRobotsOnBlackSite,numberOfRobotsOnWhiteSite
20048,30,15
timeStep,numberOfRobotsOnBlackSite,numberOfRobotsOnWhiteSite
20049,30,15
timeStep,numberOfRobotsOnBlackSite,numberOfRobotsOnWhiteSite
20050,30,15
timeStep,numberOfRobotsOnBlackSite,numberOfRobotsOnWhiteSite
20051,30,15
timeStep,numberOfRobotsOnBlackSite,numberOfRobotsOnWhiteSite
20052,30,15
timeStep,numberOfRobotsOnBlackSite,numberOfRobotsOnWhiteSite
20053,30,15
timeStep,numberOfRobotsOnBlackSite,numberOfRobotsOnWhiteSite
20054,30,15
timeStep,numberOfRobotsOnBlackSite,numberOfRobotsOnWhiteSite
20055,30,15
timeStep,numberOfRobotsOnBlackSite,numberOfRobotsOnWhiteSite
20056,30,15
timeStep,numberOfRobotsOnBlackSite,numberOfRobotsOnWhiteSite
20057,30,15
timeStep,numberOfRobotsOnBlackSite,numberOfRobotsOnWhiteSite
20058,30,15
timeStep,numberOfRobotsOnBlackSite,numberOfRobotsOnWhiteSite
20059,30,15
timeStep,numberOfRobotsOnBlackSite,numberOfRobotsOnWhiteSite
20060,30,15
timeStep,numberOfRobotsOnBlackSite,numberOfRobotsOnWhiteSite
20061,30,15
timeStep,numberOfRobotsOnBlackSite,numberOfRobotsOnWhiteSite
20062,30,15
timeStep,numberOfRobotsOnBlackSite,numberOfRobotsOnWhiteSite
20063,30,15
timeStep,numberOfRobotsOnBlackSite,numberOfRobotsOnWhiteSite
20064,30,15
timeStep,numberOfRobotsOnBlackSite,numberOfRobotsOnWhiteSite
20065,30,15
timeStep,numberOfRobotsOnBlackSite,numberOfRobotsOnWhiteSite
20066,30,15
timeStep,numberOfRobotsOnBlackSite,numberOfRobotsOnWhiteSite
20067,30,15
timeStep,numberOfRobotsOnBlackSite,numberOfRobotsOnWhiteSite
20068,30,15
timeStep,numberOfRobotsOnBlackSite,numberOfRobotsOnWhiteSite
20069,30,15
timeStep,numberOfRobotsOnBlackSite,numberOfRobotsOnWhiteSite
20070,30,15
timeStep,numberOfRobotsOnBlackSite,numberOfRobotsOnWhiteSite
20071,30,15
timeStep,numberOfRobotsOnBlackSite,numberOfRobotsOnWhiteSite
20072,30,15
timeStep,numberOfRobotsOnBlackSite,numberOfRobotsOnWhiteSite
20073,30,15
timeStep,numberOfRobotsOnBlackSite,numberOfRobotsOnWhiteSite
20074,30,15
timeStep,numberOfRobotsOnBlackSite,numberOfRobotsOnWhiteSite
20075,30,15
timeStep,numberOfRobotsOnBlackSite,numberOfRobotsOnWhiteSite
20076,30,15
timeStep,numberOfRobotsOnBlackSite,numberOfRobotsOnWhiteSite
20077,30,15
timeStep,numberOfRobotsOnBlackSite,numberOfRobotsOnWhiteSite
20078,30,15
timeStep,numberOfRobotsOnBlackSite,numberOfRobotsOnWhiteSite
20079,30,15
timeStep,numberOfRobotsOnBlackSite,numberOfRobotsOnWhiteSite
20080,30,15
timeStep,numberOfRobotsOnBlackSite,numberOfRobotsOnWhiteSite
20081,30,15
timeStep,numberOfRobotsOnBlackSite,numberOfRobotsOnWhiteSite
20082,30,15
timeStep,numberOfRobotsOnBlackSite,numberOfRobotsOnWhiteSite
20083,30,15
timeStep,numberOfRobotsOnBlackSite,numberOfRobotsOnWhiteSite
20084,30,15
timeStep,numberOfRobotsOnBlackSite,numberOfRobotsOnWhiteSite
20085,30,15
timeStep,numberOfRobotsOnBlackSite,numberOfRobotsOnWhiteSite
20086,30,15
timeStep,numberOfRobotsOnBlackSite,numberOfRobotsOnWhiteSite
20087,30,15
timeStep,numberOfRobotsOnBlackSite,numberOfRobotsOnWhiteSite
20088,30,15
timeStep,numberOfRobotsOnBlackSite,numberOfRobotsOnWhiteSite
20089,30,15
timeStep,numberOfRobotsOnBlackSite,numberOfRobotsOnWhiteSite
20090,30,15
timeStep,numberOfRobotsOnBlackSite,numberOfRobotsOnWhiteSite
20091,30,15
timeStep,numberOfRobotsOnBlackSite,numberOfRobotsOnWhiteSite
20092,30,15
timeStep,numberOfRobotsOnBlackSite,numberOfRobotsOnWhiteSite
20093,30,15
timeStep,numberOfRobotsOnBlackSite,numberOfRobotsOnWhiteSite
20094,30,15
timeStep,numberOfRobotsOnBlackSite,numberOfRobotsOnWhiteSite
20095,30,15
timeStep,numberOfRobotsOnBlackSite,numberOfRobotsOnWhiteSite
20096,30,15
timeStep,numberOfRobotsOnBlackSite,numberOfRobotsOnWhiteSite
20097,30,15
timeStep,numberOfRobotsOnBlackSite,numberOfRobotsOnWhiteSite
20098,30,15
timeStep,numberOfRobotsOnBlackSite,numberOfRobotsOnWhiteSite
20099,30,15
timeStep,numberOfRobotsOnBlackSite,numberOfRobotsOnWhiteSite
20100,30,15
timeStep,numberOfRobotsOnBlackSite,numberOfRobotsOnWhiteSite
20101,30,15
timeStep,numberOfRobotsOnBlackSite,numberOfRobotsOnWhiteSite
20102,30,15
timeStep,numberOfRobotsOnBlackSite,numberOfRobotsOnWhiteSite
20103,30,15
timeStep,numberOfRobotsOnBlackSite,numberOfRobotsOnWhiteSite
20104,30,15
timeStep,numberOfRobotsOnBlackSite,numberOfRobotsOnWhiteSite
20105,30,15
timeStep,numberOfRobotsOnBlackSite,numberOfRobotsOnWhiteSite
20106,30,15
timeStep,numberOfRobotsOnBlackSite,numberOfRobotsOnWhiteSite
20107,30,15
timeStep,numberOfRobotsOnBlackSite,numberOfRobotsOnWhiteSite
20108,30,15
timeStep,numberOfRobotsOnBlackSite,numberOfRobotsOnWhiteSite
20109,30,15
timeStep,numberOfRobotsOnBlackSite,numberOfRobotsOnWhiteSite
20110,30,15
timeStep,numberOfRobotsOnBlackSite,numberOfRobotsOnWhiteSite
20111,30,15
timeStep,numberOfRobotsOnBlackSite,numberOfRobotsOnWhiteSite
20112,30,15
timeStep,numberOfRobotsOnBlackSite,numberOfRobotsOnWhiteSite
20113,30,15
timeStep,numberOfRobotsOnBlackSite,numberOfRobotsOnWhiteSite
20114,30,15
timeStep,numberOfRobotsOnBlackSite,numberOfRobotsOnWhiteSite
20115,30,15
timeStep,numberOfRobotsOnBlackSite,numberOfRobotsOnWhiteSite
20116,30,15
timeStep,numberOfRobotsOnBlackSite,numberOfRobotsOnWhiteSite
20117,30,15
timeStep,numberOfRobotsOnBlackSite,numberOfRobotsOnWhiteSite
20118,30,15
timeStep,numberOfRobotsOnBlackSite,numberOfRobotsOnWhiteSite
20119,30,15
timeStep,numberOfRobotsOnBlackSite,numberOfRobotsOnWhiteSite
20120,30,15
timeStep,numberOfRobotsOnBlackSite,numberOfRobotsOnWhiteSite
20121,30,15
timeStep,numberOfRobotsOnBlackSite,numberOfRobotsOnWhiteSite
20122,30,15
timeStep,numberOfRobotsOnBlackSite,numberOfRobotsOnWhiteSite
20123,30,15
timeStep,numberOfRobotsOnBlackSite,numberOfRobotsOnWhiteSite
20124,30,15
timeStep,numberOfRobotsOnBlackSite,numberOfRobotsOnWhiteSite
20125,30,15
timeStep,numberOfRobotsOnBlackSite,numberOfRobotsOnWhiteSite
20126,30,15
timeStep,numberOfRobotsOnBlackSite,numberOfRobotsOnWhiteSite
20127,30,15
timeStep,numberOfRobotsOnBlackSite,numberOfRobotsOnWhiteSite
20128,30,15
timeStep,numberOfRobotsOnBlackSite,numberOfRobotsOnWhiteSite
20129,30,15
timeStep,numberOfRobotsOnBlackSite,numberOfRobotsOnWhiteSite
20130,30,15
timeStep,numberOfRobotsOnBlackSite,numberOfRobotsOnWhiteSite
20131,30,15
timeStep,numberOfRobotsOnBlackSite,numberOfRobotsOnWhiteSite
20132,30,15
timeStep,numberOfRobotsOnBlackSite,numberOfRobotsOnWhiteSite
20133,30,15
timeStep,numberOfRobotsOnBlackSite,numberOfRobotsOnWhiteSite
20134,30,15
timeStep,numberOfRobotsOnBlackSite,numberOfRobotsOnWhiteSite
20135,30,15
timeStep,numberOfRobotsOnBlackSite,numberOfRobotsOnWhiteSite
20136,30,15
timeStep,numberOfRobotsOnBlackSite,numberOfRobotsOnWhiteSite
20137,30,15
timeStep,numberOfRobotsOnBlackSite,numberOfRobotsOnWhiteSite
20138,30,15
timeStep,numberOfRobotsOnBlackSite,numberOfRobotsOnWhiteSite
20139,30,15
timeStep,numberOfRobotsOnBlackSite,numberOfRobotsOnWhiteSite
20140,30,15
timeStep,numberOfRobotsOnBlackSite,numberOfRobotsOnWhiteSite
20141,30,15
timeStep,numberOfRobotsOnBlackSite,numberOfRobotsOnWhiteSite
20142,30,15
timeStep,numberOfRobotsOnBlackSite,numberOfRobotsOnWhiteSite
20143,30,15
timeStep,numberOfRobotsOnBlackSite,numberOfRobotsOnWhiteSite
20144,30,15
timeStep,numberOfRobotsOnBlackSite,numberOfRobotsOnWhiteSite
20145,30,15
timeStep,numberOfRobotsOnBlackSite,numberOfRobotsOnWhiteSite
20146,30,15
timeStep,numberOfRobotsOnBlackSite,numberOfRobotsOnWhiteSite
20147,30,15
timeStep,numberOfRobotsOnBlackSite,numberOfRobotsOnWhiteSite
20148,30,15
timeStep,numberOfRobotsOnBlackSite,numberOfRobotsOnWhiteSite
20149,30,15
timeStep,numberOfRobotsOnBlackSite,numberOfRobotsOnWhiteSite
20150,30,15
timeStep,numberOfRobotsOnBlackSite,numberOfRobotsOnWhiteSite
20151,30,15
timeStep,numberOfRobotsOnBlackSite,numberOfRobotsOnWhiteSite
20152,30,15
timeStep,numberOfRobotsOnBlackSite,numberOfRobotsOnWhiteSite
20153,30,15
timeStep,numberOfRobotsOnBlackSite,numberOfRobotsOnWhiteSite
20154,30,15
timeStep,numberOfRobotsOnBlackSite,numberOfRobotsOnWhiteSite
20155,30,15
timeStep,numberOfRobotsOnBlackSite,numberOfRobotsOnWhiteSite
20156,30,15
timeStep,numberOfRobotsOnBlackSite,numberOfRobotsOnWhiteSite
20157,30,15
timeStep,numberOfRobotsOnBlackSite,numberOfRobotsOnWhiteSite
20158,30,15
timeStep,numberOfRobotsOnBlackSite,numberOfRobotsOnWhiteSite
20159,30,15
timeStep,numberOfRobotsOnBlackSite,numberOfRobotsOnWhiteSite
20160,30,15
timeStep,numberOfRobotsOnBlackSite,numberOfRobotsOnWhiteSite
20161,30,15
timeStep,numberOfRobotsOnBlackSite,numberOfRobotsOnWhiteSite
20162,30,15
timeStep,numberOfRobotsOnBlackSite,numberOfRobotsOnWhiteSite
20163,30,15
timeStep,numberOfRobotsOnBlackSite,numberOfRobotsOnWhiteSite
20164,30,15
timeStep,numberOfRobotsOnBlackSite,numberOfRobotsOnWhiteSite
20165,31,15
timeStep,numberOfRobotsOnBlackSite,numberOfRobotsOnWhiteSite
20166,31,15
timeStep,numberOfRobotsOnBlackSite,numberOfRobotsOnWhiteSite
20167,31,15
timeStep,numberOfRobotsOnBlackSite,numberOfRobotsOnWhiteSite
20168,31,15
timeStep,numberOfRobotsOnBlackSite,numberOfRobotsOnWhiteSite
20169,31,15
timeStep,numberOfRobotsOnBlackSite,numberOfRobotsOnWhiteSite
20170,31,15
timeStep,numberOfRobotsOnBlackSite,numberOfRobotsOnWhiteSite
20171,31,15
timeStep,numberOfRobotsOnBlackSite,numberOfRobotsOnWhiteSite
20172,31,15
timeStep,numberOfRobotsOnBlackSite,numberOfRobotsOnWhiteSite
20173,31,15
timeStep,numberOfRobotsOnBlackSite,numberOfRobotsOnWhiteSite
20174,31,15
timeStep,numberOfRobotsOnBlackSite,numberOfRobotsOnWhiteSite
20175,31,15
timeStep,numberOfRobotsOnBlackSite,numberOfRobotsOnWhiteSite
20176,31,15
timeStep,numberOfRobotsOnBlackSite,numberOfRobotsOnWhiteSite
20177,31,15
timeStep,numberOfRobotsOnBlackSite,numberOfRobotsOnWhiteSite
20178,31,15
timeStep,numberOfRobotsOnBlackSite,numberOfRobotsOnWhiteSite
20179,31,15
timeStep,numberOfRobotsOnBlackSite,numberOfRobotsOnWhiteSite
20180,31,15
timeStep,numberOfRobotsOnBlackSite,numberOfRobotsOnWhiteSite
20181,31,15
timeStep,numberOfRobotsOnBlackSite,numberOfRobotsOnWhiteSite
20182,31,15
timeStep,numberOfRobotsOnBlackSite,numberOfRobotsOnWhiteSite
20183,31,15
timeStep,numberOfRobotsOnBlackSite,numberOfRobotsOnWhiteSite
20184,31,15
timeStep,numberOfRobotsOnBlackSite,numberOfRobotsOnWhiteSite
20185,31,15
timeStep,numberOfRobotsOnBlackSite,numberOfRobotsOnWhiteSite
20186,31,15
timeStep,numberOfRobotsOnBlackSite,numberOfRobotsOnWhiteSite
20187,31,15
timeStep,numberOfRobotsOnBlackSite,numberOfRobotsOnWhiteSite
20188,31,15
timeStep,numberOfRobotsOnBlackSite,numberOfRobotsOnWhiteSite
20189,31,15
timeStep,numberOfRobotsOnBlackSite,numberOfRobotsOnWhiteSite
20190,31,15
timeStep,numberOfRobotsOnBlackSite,numberOfRobotsOnWhiteSite
20191,31,15
timeStep,numberOfRobotsOnBlackSite,numberOfRobotsOnWhiteSite
20192,31,15
timeStep,numberOfRobotsOnBlackSite,numberOfRobotsOnWhiteSite
20193,31,15
timeStep,numberOfRobotsOnBlackSite,numberOfRobotsOnWhiteSite
20194,31,15
timeStep,numberOfRobotsOnBlackSite,numberOfRobotsOnWhiteSite
20195,31,15
timeStep,numberOfRobotsOnBlackSite,numberOfRobotsOnWhiteSite
20196,31,15
timeStep,numberOfRobotsOnBlackSite,numberOfRobotsOnWhiteSite
20197,31,15
timeStep,numberOfRobotsOnBlackSite,numberOfRobotsOnWhiteSite
20198,31,15
timeStep,numberOfRobotsOnBlackSite,numberOfRobotsOnWhiteSite
20199,31,15
timeStep,numberOfRobotsOnBlackSite,numberOfRobotsOnWhiteSite
20200,31,15
timeStep,numberOfRobotsOnBlackSite,numberOfRobotsOnWhiteSite
20201,31,15
timeStep,numberOfRobotsOnBlackSite,numberOfRobotsOnWhiteSite
20202,31,15
timeStep,numberOfRobotsOnBlackSite,numberOfRobotsOnWhiteSite
20203,31,15
timeStep,numberOfRobotsOnBlackSite,numberOfRobotsOnWhiteSite
20204,31,15
timeStep,numberOfRobotsOnBlackSite,numberOfRobotsOnWhiteSite
20205,31,15
timeStep,numberOfRobotsOnBlackSite,numberOfRobotsOnWhiteSite
20206,31,15
timeStep,numberOfRobotsOnBlackSite,numberOfRobotsOnWhiteSite
20207,31,15
timeStep,numberOfRobotsOnBlackSite,numberOfRobotsOnWhiteSite
20208,31,15
timeStep,numberOfRobotsOnBlackSite,numberOfRobotsOnWhiteSite
20209,31,15
timeStep,numberOfRobotsOnBlackSite,numberOfRobotsOnWhiteSite
20210,31,15
timeStep,numberOfRobotsOnBlackSite,numberOfRobotsOnWhiteSite
20211,31,15
timeStep,numberOfRobotsOnBlackSite,numberOfRobotsOnWhiteSite
20212,31,15
timeStep,numberOfRobotsOnBlackSite,numberOfRobotsOnWhiteSite
20213,31,15
timeStep,numberOfRobotsOnBlackSite,numberOfRobotsOnWhiteSite
20214,31,15
timeStep,numberOfRobotsOnBlackSite,numberOfRobotsOnWhiteSite
20215,30,15
timeStep,numberOfRobotsOnBlackSite,numberOfRobotsOnWhiteSite
20216,30,15
timeStep,numberOfRobotsOnBlackSite,numberOfRobotsOnWhiteSite
20217,30,15
timeStep,numberOfRobotsOnBlackSite,numberOfRobotsOnWhiteSite
20218,30,15
timeStep,numberOfRobotsOnBlackSite,numberOfRobotsOnWhiteSite
20219,30,15
timeStep,numberOfRobotsOnBlackSite,numberOfRobotsOnWhiteSite
20220,29,15
timeStep,numberOfRobotsOnBlackSite,numberOfRobotsOnWhiteSite
20221,29,15
timeStep,numberOfRobotsOnBlackSite,numberOfRobotsOnWhiteSite
20222,29,15
timeStep,numberOfRobotsOnBlackSite,numberOfRobotsOnWhiteSite
20223,29,15
timeStep,numberOfRobotsOnBlackSite,numberOfRobotsOnWhiteSite
20224,29,15
timeStep,numberOfRobotsOnBlackSite,numberOfRobotsOnWhiteSite
20225,29,15
timeStep,numberOfRobotsOnBlackSite,numberOfRobotsOnWhiteSite
20226,29,15
timeStep,numberOfRobotsOnBlackSite,numberOfRobotsOnWhiteSite
20227,29,15
timeStep,numberOfRobotsOnBlackSite,numberOfRobotsOnWhiteSite
20228,29,15
timeStep,numberOfRobotsOnBlackSite,numberOfRobotsOnWhiteSite
20229,29,15
timeStep,numberOfRobotsOnBlackSite,numberOfRobotsOnWhiteSite
20230,29,15
timeStep,numberOfRobotsOnBlackSite,numberOfRobotsOnWhiteSite
20231,29,15
timeStep,numberOfRobotsOnBlackSite,numberOfRobotsOnWhiteSite
20232,29,15
timeStep,numberOfRobotsOnBlackSite,numberOfRobotsOnWhiteSite
20233,29,15
timeStep,numberOfRobotsOnBlackSite,numberOfRobotsOnWhiteSite
20234,29,15
timeStep,numberOfRobotsOnBlackSite,numberOfRobotsOnWhiteSite
20235,29,15
timeStep,numberOfRobotsOnBlackSite,numberOfRobotsOnWhiteSite
20236,29,15
timeStep,numberOfRobotsOnBlackSite,numberOfRobotsOnWhiteSite
20237,29,15
timeStep,numberOfRobotsOnBlackSite,numberOfRobotsOnWhiteSite
20238,29,15
timeStep,numberOfRobotsOnBlackSite,numberOfRobotsOnWhiteSite
20239,29,15
timeStep,numberOfRobotsOnBlackSite,numberOfRobotsOnWhiteSite
20240,29,15
timeStep,numberOfRobotsOnBlackSite,numberOfRobotsOnWhiteSite
20241,29,15
timeStep,numberOfRobotsOnBlackSite,numberOfRobotsOnWhiteSite
20242,29,15
timeStep,numberOfRobotsOnBlackSite,numberOfRobotsOnWhiteSite
20243,29,15
timeStep,numberOfRobotsOnBlackSite,numberOfRobotsOnWhiteSite
20244,29,15
timeStep,numberOfRobotsOnBlackSite,numberOfRobotsOnWhiteSite
20245,29,15
timeStep,numberOfRobotsOnBlackSite,numberOfRobotsOnWhiteSite
20246,29,15
timeStep,numberOfRobotsOnBlackSite,numberOfRobotsOnWhiteSite
20247,29,15
timeStep,numberOfRobotsOnBlackSite,numberOfRobotsOnWhiteSite
20248,29,15
timeStep,numberOfRobotsOnBlackSite,numberOfRobotsOnWhiteSite
20249,29,15
timeStep,numberOfRobotsOnBlackSite,numberOfRobotsOnWhiteSite
20250,29,15
timeStep,numberOfRobotsOnBlackSite,numberOfRobotsOnWhiteSite
20251,29,15
timeStep,numberOfRobotsOnBlackSite,numberOfRobotsOnWhiteSite
20252,29,15
timeStep,numberOfRobotsOnBlackSite,numberOfRobotsOnWhiteSite
20253,29,15
timeStep,numberOfRobotsOnBlackSite,numberOfRobotsOnWhiteSite
20254,29,15
timeStep,numberOfRobotsOnBlackSite,numberOfRobotsOnWhiteSite
20255,29,15
timeStep,numberOfRobotsOnBlackSite,numberOfRobotsOnWhiteSite
20256,29,15
timeStep,numberOfRobotsOnBlackSite,numberOfRobotsOnWhiteSite
20257,29,15
timeStep,numberOfRobotsOnBlackSite,numberOfRobotsOnWhiteSite
20258,29,15
timeStep,numberOfRobotsOnBlackSite,numberOfRobotsOnWhiteSite
20259,29,15
timeStep,numberOfRobotsOnBlackSite,numberOfRobotsOnWhiteSite
20260,29,15
timeStep,numberOfRobotsOnBlackSite,numberOfRobotsOnWhiteSite
20261,29,15
timeStep,numberOfRobotsOnBlackSite,numberOfRobotsOnWhiteSite
20262,29,15
timeStep,numberOfRobotsOnBlackSite,numberOfRobotsOnWhiteSite
20263,29,15
timeStep,numberOfRobotsOnBlackSite,numberOfRobotsOnWhiteSite
20264,29,15
timeStep,numberOfRobotsOnBlackSite,numberOfRobotsOnWhiteSite
20265,29,15
timeStep,numberOfRobotsOnBlackSite,numberOfRobotsOnWhiteSite
20266,29,15
timeStep,numberOfRobotsOnBlackSite,numberOfRobotsOnWhiteSite
20267,29,15
timeStep,numberOfRobotsOnBlackSite,numberOfRobotsOnWhiteSite
20268,29,15
timeStep,numberOfRobotsOnBlackSite,numberOfRobotsOnWhiteSite
20269,29,15
timeStep,numberOfRobotsOnBlackSite,numberOfRobotsOnWhiteSite
20270,29,15
timeStep,numberOfRobotsOnBlackSite,numberOfRobotsOnWhiteSite
20271,29,15
timeStep,numberOfRobotsOnBlackSite,numberOfRobotsOnWhiteSite
20272,29,15
timeStep,numberOfRobotsOnBlackSite,numberOfRobotsOnWhiteSite
20273,29,15
timeStep,numberOfRobotsOnBlackSite,numberOfRobotsOnWhiteSite
20274,29,15
timeStep,numberOfRobotsOnBlackSite,numberOfRobotsOnWhiteSite
20275,30,15
timeStep,numberOfRobotsOnBlackSite,numberOfRobotsOnWhiteSite
20276,30,15
timeStep,numberOfRobotsOnBlackSite,numberOfRobotsOnWhiteSite
20277,30,15
timeStep,numberOfRobotsOnBlackSite,numberOfRobotsOnWhiteSite
20278,30,15
timeStep,numberOfRobotsOnBlackSite,numberOfRobotsOnWhiteSite
20279,30,15
timeStep,numberOfRobotsOnBlackSite,numberOfRobotsOnWhiteSite
20280,30,15
timeStep,numberOfRobotsOnBlackSite,numberOfRobotsOnWhiteSite
20281,30,15
timeStep,numberOfRobotsOnBlackSite,numberOfRobotsOnWhiteSite
20282,30,15
timeStep,numberOfRobotsOnBlackSite,numberOfRobotsOnWhiteSite
20283,30,15
timeStep,numberOfRobotsOnBlackSite,numberOfRobotsOnWhiteSite
20284,30,15
timeStep,numberOfRobotsOnBlackSite,numberOfRobotsOnWhiteSite
20285,30,15
timeStep,numberOfRobotsOnBlackSite,numberOfRobotsOnWhiteSite
20286,30,15
timeStep,numberOfRobotsOnBlackSite,numberOfRobotsOnWhiteSite
20287,30,15
timeStep,numberOfRobotsOnBlackSite,numberOfRobotsOnWhiteSite
20288,30,15
timeStep,numberOfRobotsOnBlackSite,numberOfRobotsOnWhiteSite
20289,30,15
timeStep,numberOfRobotsOnBlackSite,numberOfRobotsOnWhiteSite
20290,30,15
timeStep,numberOfRobotsOnBlackSite,numberOfRobotsOnWhiteSite
20291,30,15
timeStep,numberOfRobotsOnBlackSite,numberOfRobotsOnWhiteSite
20292,30,15
timeStep,numberOfRobotsOnBlackSite,numberOfRobotsOnWhiteSite
20293,30,15
timeStep,numberOfRobotsOnBlackSite,numberOfRobotsOnWhiteSite
20294,30,15
timeStep,numberOfRobotsOnBlackSite,numberOfRobotsOnWhiteSite
20295,29,15
timeStep,numberOfRobotsOnBlackSite,numberOfRobotsOnWhiteSite
20296,29,15
timeStep,numberOfRobotsOnBlackSite,numberOfRobotsOnWhiteSite
20297,29,15
timeStep,numberOfRobotsOnBlackSite,numberOfRobotsOnWhiteSite
20298,29,15
timeStep,numberOfRobotsOnBlackSite,numberOfRobotsOnWhiteSite
20299,29,15
timeStep,numberOfRobotsOnBlackSite,numberOfRobotsOnWhiteSite
20300,29,15
timeStep,numberOfRobotsOnBlackSite,numberOfRobotsOnWhiteSite
20301,29,15
timeStep,numberOfRobotsOnBlackSite,numberOfRobotsOnWhiteSite
20302,29,15
timeStep,numberOfRobotsOnBlackSite,numberOfRobotsOnWhiteSite
20303,29,15
timeStep,numberOfRobotsOnBlackSite,numberOfRobotsOnWhiteSite
20304,29,15
timeStep,numberOfRobotsOnBlackSite,numberOfRobotsOnWhiteSite
20305,29,15
timeStep,numberOfRobotsOnBlackSite,numberOfRobotsOnWhiteSite
20306,29,15
timeStep,numberOfRobotsOnBlackSite,numberOfRobotsOnWhiteSite
20307,29,15
timeStep,numberOfRobotsOnBlackSite,numberOfRobotsOnWhiteSite
20308,29,15
timeStep,numberOfRobotsOnBlackSite,numberOfRobotsOnWhiteSite
20309,29,15
timeStep,numberOfRobotsOnBlackSite,numberOfRobotsOnWhiteSite
20310,29,15
timeStep,numberOfRobotsOnBlackSite,numberOfRobotsOnWhiteSite
20311,29,15
timeStep,numberOfRobotsOnBlackSite,numberOfRobotsOnWhiteSite
20312,29,15
timeStep,numberOfRobotsOnBlackSite,numberOfRobotsOnWhiteSite
20313,29,15
timeStep,numberOfRobotsOnBlackSite,numberOfRobotsOnWhiteSite
20314,29,15
timeStep,numberOfRobotsOnBlackSite,numberOfRobotsOnWhiteSite
20315,29,15
timeStep,numberOfRobotsOnBlackSite,numberOfRobotsOnWhiteSite
20316,29,15
timeStep,numberOfRobotsOnBlackSite,numberOfRobotsOnWhiteSite
20317,29,15
timeStep,numberOfRobotsOnBlackSite,numberOfRobotsOnWhiteSite
20318,29,15
timeStep,numberOfRobotsOnBlackSite,numberOfRobotsOnWhiteSite
20319,29,15
timeStep,numberOfRobotsOnBlackSite,numberOfRobotsOnWhiteSite
20320,29,15
timeStep,numberOfRobotsOnBlackSite,numberOfRobotsOnWhiteSite
20321,29,15
timeStep,numberOfRobotsOnBlackSite,numberOfRobotsOnWhiteSite
20322,29,15
timeStep,numberOfRobotsOnBlackSite,numberOfRobotsOnWhiteSite
20323,29,15
timeStep,numberOfRobotsOnBlackSite,numberOfRobotsOnWhiteSite
20324,29,15
timeStep,numberOfRobotsOnBlackSite,numberOfRobotsOnWhiteSite
20325,29,15
timeStep,numberOfRobotsOnBlackSite,numberOfRobotsOnWhiteSite
20326,29,15
timeStep,numberOfRobotsOnBlackSite,numberOfRobotsOnWhiteSite
20327,29,15
timeStep,numberOfRobotsOnBlackSite,numberOfRobotsOnWhiteSite
20328,29,15
timeStep,numberOfRobotsOnBlackSite,numberOfRobotsOnWhiteSite
20329,29,15
timeStep,numberOfRobotsOnBlackSite,numberOfRobotsOnWhiteSite
20330,29,15
timeStep,numberOfRobotsOnBlackSite,numberOfRobotsOnWhiteSite
20331,29,15
timeStep,numberOfRobotsOnBlackSite,numberOfRobotsOnWhiteSite
20332,29,15
timeStep,numberOfRobotsOnBlackSite,numberOfRobotsOnWhiteSite
20333,29,15
timeStep,numberOfRobotsOnBlackSite,numberOfRobotsOnWhiteSite
20334,29,15
timeStep,numberOfRobotsOnBlackSite,numberOfRobotsOnWhiteSite
20335,29,15
timeStep,numberOfRobotsOnBlackSite,numberOfRobotsOnWhiteSite
20336,29,15
timeStep,numberOfRobotsOnBlackSite,numberOfRobotsOnWhiteSite
20337,29,15
timeStep,numberOfRobotsOnBlackSite,numberOfRobotsOnWhiteSite
20338,29,15
timeStep,numberOfRobotsOnBlackSite,numberOfRobotsOnWhiteSite
20339,29,15
timeStep,numberOfRobotsOnBlackSite,numberOfRobotsOnWhiteSite
20340,29,15
timeStep,numberOfRobotsOnBlackSite,numberOfRobotsOnWhiteSite
20341,29,15
timeStep,numberOfRobotsOnBlackSite,numberOfRobotsOnWhiteSite
20342,29,15
timeStep,numberOfRobotsOnBlackSite,numberOfRobotsOnWhiteSite
20343,29,15
timeStep,numberOfRobotsOnBlackSite,numberOfRobotsOnWhiteSite
20344,29,15
timeStep,numberOfRobotsOnBlackSite,numberOfRobotsOnWhiteSite
20345,29,15
timeStep,numberOfRobotsOnBlackSite,numberOfRobotsOnWhiteSite
20346,29,15
timeStep,numberOfRobotsOnBlackSite,numberOfRobotsOnWhiteSite
20347,29,15
timeStep,numberOfRobotsOnBlackSite,numberOfRobotsOnWhiteSite
20348,29,15
timeStep,numberOfRobotsOnBlackSite,numberOfRobotsOnWhiteSite
20349,29,15
timeStep,numberOfRobotsOnBlackSite,numberOfRobotsOnWhiteSite
20350,29,15
timeStep,numberOfRobotsOnBlackSite,numberOfRobotsOnWhiteSite
20351,29,15
timeStep,numberOfRobotsOnBlackSite,numberOfRobotsOnWhiteSite
20352,29,15
timeStep,numberOfRobotsOnBlackSite,numberOfRobotsOnWhiteSite
20353,29,15
timeStep,numberOfRobotsOnBlackSite,numberOfRobotsOnWhiteSite
20354,29,15
timeStep,numberOfRobotsOnBlackSite,numberOfRobotsOnWhiteSite
20355,29,15
timeStep,numberOfRobotsOnBlackSite,numberOfRobotsOnWhiteSite
20356,29,15
timeStep,numberOfRobotsOnBlackSite,numberOfRobotsOnWhiteSite
20357,29,15
timeStep,numberOfRobotsOnBlackSite,numberOfRobotsOnWhiteSite
20358,29,15
timeStep,numberOfRobotsOnBlackSite,numberOfRobotsOnWhiteSite
20359,29,15
timeStep,numberOfRobotsOnBlackSite,numberOfRobotsOnWhiteSite
20360,29,15
timeStep,numberOfRobotsOnBlackSite,numberOfRobotsOnWhiteSite
20361,29,15
timeStep,numberOfRobotsOnBlackSite,numberOfRobotsOnWhiteSite
20362,29,15
timeStep,numberOfRobotsOnBlackSite,numberOfRobotsOnWhiteSite
20363,29,15
timeStep,numberOfRobotsOnBlackSite,numberOfRobotsOnWhiteSite
20364,29,15
timeStep,numberOfRobotsOnBlackSite,numberOfRobotsOnWhiteSite
20365,29,15
timeStep,numberOfRobotsOnBlackSite,numberOfRobotsOnWhiteSite
20366,29,15
timeStep,numberOfRobotsOnBlackSite,numberOfRobotsOnWhiteSite
20367,29,15
timeStep,numberOfRobotsOnBlackSite,numberOfRobotsOnWhiteSite
20368,29,15
timeStep,numberOfRobotsOnBlackSite,numberOfRobotsOnWhiteSite
20369,29,15
timeStep,numberOfRobotsOnBlackSite,numberOfRobotsOnWhiteSite
20370,30,15
timeStep,numberOfRobotsOnBlackSite,numberOfRobotsOnWhiteSite
20371,30,15
timeStep,numberOfRobotsOnBlackSite,numberOfRobotsOnWhiteSite
20372,30,15
timeStep,numberOfRobotsOnBlackSite,numberOfRobotsOnWhiteSite
20373,30,15
timeStep,numberOfRobotsOnBlackSite,numberOfRobotsOnWhiteSite
20374,30,15
timeStep,numberOfRobotsOnBlackSite,numberOfRobotsOnWhiteSite
20375,30,15
timeStep,numberOfRobotsOnBlackSite,numberOfRobotsOnWhiteSite
20376,30,15
timeStep,numberOfRobotsOnBlackSite,numberOfRobotsOnWhiteSite
20377,30,15
timeStep,numberOfRobotsOnBlackSite,numberOfRobotsOnWhiteSite
20378,30,15
timeStep,numberOfRobotsOnBlackSite,numberOfRobotsOnWhiteSite
20379,30,15
timeStep,numberOfRobotsOnBlackSite,numberOfRobotsOnWhiteSite
20380,30,15
timeStep,numberOfRobotsOnBlackSite,numberOfRobotsOnWhiteSite
20381,30,15
timeStep,numberOfRobotsOnBlackSite,numberOfRobotsOnWhiteSite
20382,30,15
timeStep,numberOfRobotsOnBlackSite,numberOfRobotsOnWhiteSite
20383,30,15
timeStep,numberOfRobotsOnBlackSite,numberOfRobotsOnWhiteSite
20384,30,15
timeStep,numberOfRobotsOnBlackSite,numberOfRobotsOnWhiteSite
20385,30,15
timeStep,numberOfRobotsOnBlackSite,numberOfRobotsOnWhiteSite
20386,30,15
timeStep,numberOfRobotsOnBlackSite,numberOfRobotsOnWhiteSite
20387,30,15
timeStep,numberOfRobotsOnBlackSite,numberOfRobotsOnWhiteSite
20388,30,15
timeStep,numberOfRobotsOnBlackSite,numberOfRobotsOnWhiteSite
20389,30,15
timeStep,numberOfRobotsOnBlackSite,numberOfRobotsOnWhiteSite
20390,30,15
timeStep,numberOfRobotsOnBlackSite,numberOfRobotsOnWhiteSite
20391,30,15
timeStep,numberOfRobotsOnBlackSite,numberOfRobotsOnWhiteSite
20392,30,15
timeStep,numberOfRobotsOnBlackSite,numberOfRobotsOnWhiteSite
20393,30,15
timeStep,numberOfRobotsOnBlackSite,numberOfRobotsOnWhiteSite
20394,30,15
timeStep,numberOfRobotsOnBlackSite,numberOfRobotsOnWhiteSite
20395,30,15
timeStep,numberOfRobotsOnBlackSite,numberOfRobotsOnWhiteSite
20396,30,15
timeStep,numberOfRobotsOnBlackSite,numberOfRobotsOnWhiteSite
20397,30,15
timeStep,numberOfRobotsOnBlackSite,numberOfRobotsOnWhiteSite
20398,30,15
timeStep,numberOfRobotsOnBlackSite,numberOfRobotsOnWhiteSite
20399,30,15
timeStep,numberOfRobotsOnBlackSite,numberOfRobotsOnWhiteSite
20400,30,15
timeStep,numberOfRobotsOnBlackSite,numberOfRobotsOnWhiteSite
20401,30,15
timeStep,numberOfRobotsOnBlackSite,numberOfRobotsOnWhiteSite
20402,30,15
timeStep,numberOfRobotsOnBlackSite,numberOfRobotsOnWhiteSite
20403,30,15
timeStep,numberOfRobotsOnBlackSite,numberOfRobotsOnWhiteSite
20404,30,15
timeStep,numberOfRobotsOnBlackSite,numberOfRobotsOnWhiteSite
20405,30,15
timeStep,numberOfRobotsOnBlackSite,numberOfRobotsOnWhiteSite
20406,30,15
timeStep,numberOfRobotsOnBlackSite,numberOfRobotsOnWhiteSite
20407,30,15
timeStep,numberOfRobotsOnBlackSite,numberOfRobotsOnWhiteSite
20408,30,15
timeStep,numberOfRobotsOnBlackSite,numberOfRobotsOnWhiteSite
20409,30,15
timeStep,numberOfRobotsOnBlackSite,numberOfRobotsOnWhiteSite
20410,30,15
timeStep,numberOfRobotsOnBlackSite,numberOfRobotsOnWhiteSite
20411,30,15
timeStep,numberOfRobotsOnBlackSite,numberOfRobotsOnWhiteSite
20412,30,15
timeStep,numberOfRobotsOnBlackSite,numberOfRobotsOnWhiteSite
20413,30,15
timeStep,numberOfRobotsOnBlackSite,numberOfRobotsOnWhiteSite
20414,30,15
timeStep,numberOfRobotsOnBlackSite,numberOfRobotsOnWhiteSite
20415,30,15
timeStep,numberOfRobotsOnBlackSite,numberOfRobotsOnWhiteSite
20416,30,15
timeStep,numberOfRobotsOnBlackSite,numberOfRobotsOnWhiteSite
20417,30,15
timeStep,numberOfRobotsOnBlackSite,numberOfRobotsOnWhiteSite
20418,30,15
timeStep,numberOfRobotsOnBlackSite,numberOfRobotsOnWhiteSite
20419,30,15
timeStep,numberOfRobotsOnBlackSite,numberOfRobotsOnWhiteSite
20420,30,14
timeStep,numberOfRobotsOnBlackSite,numberOfRobotsOnWhiteSite
20421,30,14
timeStep,numberOfRobotsOnBlackSite,numberOfRobotsOnWhiteSite
20422,30,14
timeStep,numberOfRobotsOnBlackSite,numberOfRobotsOnWhiteSite
20423,30,14
timeStep,numberOfRobotsOnBlackSite,numberOfRobotsOnWhiteSite
20424,30,14
timeStep,numberOfRobotsOnBlackSite,numberOfRobotsOnWhiteSite
20425,29,14
timeStep,numberOfRobotsOnBlackSite,numberOfRobotsOnWhiteSite
20426,29,14
timeStep,numberOfRobotsOnBlackSite,numberOfRobotsOnWhiteSite
20427,29,14
timeStep,numberOfRobotsOnBlackSite,numberOfRobotsOnWhiteSite
20428,29,14
timeStep,numberOfRobotsOnBlackSite,numberOfRobotsOnWhiteSite
20429,29,14
timeStep,numberOfRobotsOnBlackSite,numberOfRobotsOnWhiteSite
20430,29,14
timeStep,numberOfRobotsOnBlackSite,numberOfRobotsOnWhiteSite
20431,29,14
timeStep,numberOfRobotsOnBlackSite,numberOfRobotsOnWhiteSite
20432,29,14
timeStep,numberOfRobotsOnBlackSite,numberOfRobotsOnWhiteSite
20433,29,14
timeStep,numberOfRobotsOnBlackSite,numberOfRobotsOnWhiteSite
20434,29,14
timeStep,numberOfRobotsOnBlackSite,numberOfRobotsOnWhiteSite
20435,29,14
timeStep,numberOfRobotsOnBlackSite,numberOfRobotsOnWhiteSite
20436,29,14
timeStep,numberOfRobotsOnBlackSite,numberOfRobotsOnWhiteSite
20437,29,14
timeStep,numberOfRobotsOnBlackSite,numberOfRobotsOnWhiteSite
20438,29,14
timeStep,numberOfRobotsOnBlackSite,numberOfRobotsOnWhiteSite
20439,29,14
timeStep,numberOfRobotsOnBlackSite,numberOfRobotsOnWhiteSite
20440,29,14
timeStep,numberOfRobotsOnBlackSite,numberOfRobotsOnWhiteSite
20441,29,14
timeStep,numberOfRobotsOnBlackSite,numberOfRobotsOnWhiteSite
20442,29,14
timeStep,numberOfRobotsOnBlackSite,numberOfRobotsOnWhiteSite
20443,29,14
timeStep,numberOfRobotsOnBlackSite,numberOfRobotsOnWhiteSite
20444,29,14
timeStep,numberOfRobotsOnBlackSite,numberOfRobotsOnWhiteSite
20445,29,14
timeStep,numberOfRobotsOnBlackSite,numberOfRobotsOnWhiteSite
20446,29,14
timeStep,numberOfRobotsOnBlackSite,numberOfRobotsOnWhiteSite
20447,29,14
timeStep,numberOfRobotsOnBlackSite,numberOfRobotsOnWhiteSite
20448,29,14
timeStep,numberOfRobotsOnBlackSite,numberOfRobotsOnWhiteSite
20449,29,14
timeStep,numberOfRobotsOnBlackSite,numberOfRobotsOnWhiteSite
20450,29,14
timeStep,numberOfRobotsOnBlackSite,numberOfRobotsOnWhiteSite
20451,29,14
timeStep,numberOfRobotsOnBlackSite,numberOfRobotsOnWhiteSite
20452,29,14
timeStep,numberOfRobotsOnBlackSite,numberOfRobotsOnWhiteSite
20453,29,14
timeStep,numberOfRobotsOnBlackSite,numberOfRobotsOnWhiteSite
20454,29,14
timeStep,numberOfRobotsOnBlackSite,numberOfRobotsOnWhiteSite
20455,29,14
timeStep,numberOfRobotsOnBlackSite,numberOfRobotsOnWhiteSite
20456,29,14
timeStep,numberOfRobotsOnBlackSite,numberOfRobotsOnWhiteSite
20457,29,14
timeStep,numberOfRobotsOnBlackSite,numberOfRobotsOnWhiteSite
20458,29,14
timeStep,numberOfRobotsOnBlackSite,numberOfRobotsOnWhiteSite
20459,29,14
timeStep,numberOfRobotsOnBlackSite,numberOfRobotsOnWhiteSite
20460,29,14
timeStep,numberOfRobotsOnBlackSite,numberOfRobotsOnWhiteSite
20461,29,14
timeStep,numberOfRobotsOnBlackSite,numberOfRobotsOnWhiteSite
20462,29,14
timeStep,numberOfRobotsOnBlackSite,numberOfRobotsOnWhiteSite
20463,29,14
timeStep,numberOfRobotsOnBlackSite,numberOfRobotsOnWhiteSite
20464,29,14
timeStep,numberOfRobotsOnBlackSite,numberOfRobotsOnWhiteSite
20465,29,14
timeStep,numberOfRobotsOnBlackSite,numberOfRobotsOnWhiteSite
20466,29,14
timeStep,numberOfRobotsOnBlackSite,numberOfRobotsOnWhiteSite
20467,29,14
timeStep,numberOfRobotsOnBlackSite,numberOfRobotsOnWhiteSite
20468,29,14
timeStep,numberOfRobotsOnBlackSite,numberOfRobotsOnWhiteSite
20469,29,14
timeStep,numberOfRobotsOnBlackSite,numberOfRobotsOnWhiteSite
20470,29,14
timeStep,numberOfRobotsOnBlackSite,numberOfRobotsOnWhiteSite
20471,29,14
timeStep,numberOfRobotsOnBlackSite,numberOfRobotsOnWhiteSite
20472,29,14
timeStep,numberOfRobotsOnBlackSite,numberOfRobotsOnWhiteSite
20473,29,14
timeStep,numberOfRobotsOnBlackSite,numberOfRobotsOnWhiteSite
20474,29,14
timeStep,numberOfRobotsOnBlackSite,numberOfRobotsOnWhiteSite
20475,29,14
timeStep,numberOfRobotsOnBlackSite,numberOfRobotsOnWhiteSite
20476,29,14
timeStep,numberOfRobotsOnBlackSite,numberOfRobotsOnWhiteSite
20477,29,14
timeStep,numberOfRobotsOnBlackSite,numberOfRobotsOnWhiteSite
20478,29,14
timeStep,numberOfRobotsOnBlackSite,numberOfRobotsOnWhiteSite
20479,29,14
timeStep,numberOfRobotsOnBlackSite,numberOfRobotsOnWhiteSite
20480,29,14
timeStep,numberOfRobotsOnBlackSite,numberOfRobotsOnWhiteSite
20481,29,14
timeStep,numberOfRobotsOnBlackSite,numberOfRobotsOnWhiteSite
20482,29,14
timeStep,numberOfRobotsOnBlackSite,numberOfRobotsOnWhiteSite
20483,29,14
timeStep,numberOfRobotsOnBlackSite,numberOfRobotsOnWhiteSite
20484,29,14
timeStep,numberOfRobotsOnBlackSite,numberOfRobotsOnWhiteSite
20485,29,14
timeStep,numberOfRobotsOnBlackSite,numberOfRobotsOnWhiteSite
20486,29,14
timeStep,numberOfRobotsOnBlackSite,numberOfRobotsOnWhiteSite
20487,29,14
timeStep,numberOfRobotsOnBlackSite,numberOfRobotsOnWhiteSite
20488,29,14
timeStep,numberOfRobotsOnBlackSite,numberOfRobotsOnWhiteSite
20489,29,14
timeStep,numberOfRobotsOnBlackSite,numberOfRobotsOnWhiteSite
20490,29,14
timeStep,numberOfRobotsOnBlackSite,numberOfRobotsOnWhiteSite
20491,29,14
timeStep,numberOfRobotsOnBlackSite,numberOfRobotsOnWhiteSite
20492,29,14
timeStep,numberOfRobotsOnBlackSite,numberOfRobotsOnWhiteSite
20493,29,14
timeStep,numberOfRobotsOnBlackSite,numberOfRobotsOnWhiteSite
20494,29,14
timeStep,numberOfRobotsOnBlackSite,numberOfRobotsOnWhiteSite
20495,29,14
timeStep,numberOfRobotsOnBlackSite,numberOfRobotsOnWhiteSite
20496,29,14
timeStep,numberOfRobotsOnBlackSite,numberOfRobotsOnWhiteSite
20497,29,14
timeStep,numberOfRobotsOnBlackSite,numberOfRobotsOnWhiteSite
20498,29,14
timeStep,numberOfRobotsOnBlackSite,numberOfRobotsOnWhiteSite
20499,29,14
timeStep,numberOfRobotsOnBlackSite,numberOfRobotsOnWhiteSite
20500,29,14
timeStep,numberOfRobotsOnBlackSite,numberOfRobotsOnWhiteSite
20501,29,14
timeStep,numberOfRobotsOnBlackSite,numberOfRobotsOnWhiteSite
20502,29,14
timeStep,numberOfRobotsOnBlackSite,numberOfRobotsOnWhiteSite
20503,29,14
timeStep,numberOfRobotsOnBlackSite,numberOfRobotsOnWhiteSite
20504,29,14
timeStep,numberOfRobotsOnBlackSite,numberOfRobotsOnWhiteSite
20505,29,14
timeStep,numberOfRobotsOnBlackSite,numberOfRobotsOnWhiteSite
20506,29,14
timeStep,numberOfRobotsOnBlackSite,numberOfRobotsOnWhiteSite
20507,29,14
timeStep,numberOfRobotsOnBlackSite,numberOfRobotsOnWhiteSite
20508,29,14
timeStep,numberOfRobotsOnBlackSite,numberOfRobotsOnWhiteSite
20509,29,14
timeStep,numberOfRobotsOnBlackSite,numberOfRobotsOnWhiteSite
20510,29,14
timeStep,numberOfRobotsOnBlackSite,numberOfRobotsOnWhiteSite
20511,29,14
timeStep,numberOfRobotsOnBlackSite,numberOfRobotsOnWhiteSite
20512,29,14
timeStep,numberOfRobotsOnBlackSite,numberOfRobotsOnWhiteSite
20513,29,14
timeStep,numberOfRobotsOnBlackSite,numberOfRobotsOnWhiteSite
20514,29,14
timeStep,numberOfRobotsOnBlackSite,numberOfRobotsOnWhiteSite
20515,29,14
timeStep,numberOfRobotsOnBlackSite,numberOfRobotsOnWhiteSite
20516,29,14
timeStep,numberOfRobotsOnBlackSite,numberOfRobotsOnWhiteSite
20517,29,14
timeStep,numberOfRobotsOnBlackSite,numberOfRobotsOnWhiteSite
20518,29,14
timeStep,numberOfRobotsOnBlackSite,numberOfRobotsOnWhiteSite
20519,29,14
timeStep,numberOfRobotsOnBlackSite,numberOfRobotsOnWhiteSite
20520,29,14
timeStep,numberOfRobotsOnBlackSite,numberOfRobotsOnWhiteSite
20521,29,14
timeStep,numberOfRobotsOnBlackSite,numberOfRobotsOnWhiteSite
20522,29,14
timeStep,numberOfRobotsOnBlackSite,numberOfRobotsOnWhiteSite
20523,29,14
timeStep,numberOfRobotsOnBlackSite,numberOfRobotsOnWhiteSite
20524,29,14
timeStep,numberOfRobotsOnBlackSite,numberOfRobotsOnWhiteSite
20525,29,14
timeStep,numberOfRobotsOnBlackSite,numberOfRobotsOnWhiteSite
20526,29,14
timeStep,numberOfRobotsOnBlackSite,numberOfRobotsOnWhiteSite
20527,29,14
timeStep,numberOfRobotsOnBlackSite,numberOfRobotsOnWhiteSite
20528,29,14
timeStep,numberOfRobotsOnBlackSite,numberOfRobotsOnWhiteSite
20529,29,14
timeStep,numberOfRobotsOnBlackSite,numberOfRobotsOnWhiteSite
20530,29,14
timeStep,numberOfRobotsOnBlackSite,numberOfRobotsOnWhiteSite
20531,29,14
timeStep,numberOfRobotsOnBlackSite,numberOfRobotsOnWhiteSite
20532,29,14
timeStep,numberOfRobotsOnBlackSite,numberOfRobotsOnWhiteSite
20533,29,14
timeStep,numberOfRobotsOnBlackSite,numberOfRobotsOnWhiteSite
20534,29,14
timeStep,numberOfRobotsOnBlackSite,numberOfRobotsOnWhiteSite
20535,29,14
timeStep,numberOfRobotsOnBlackSite,numberOfRobotsOnWhiteSite
20536,29,14
timeStep,numberOfRobotsOnBlackSite,numberOfRobotsOnWhiteSite
20537,29,14
timeStep,numberOfRobotsOnBlackSite,numberOfRobotsOnWhiteSite
20538,29,14
timeStep,numberOfRobotsOnBlackSite,numberOfRobotsOnWhiteSite
20539,29,14
timeStep,numberOfRobotsOnBlackSite,numberOfRobotsOnWhiteSite
20540,29,14
timeStep,numberOfRobotsOnBlackSite,numberOfRobotsOnWhiteSite
20541,29,14
timeStep,numberOfRobotsOnBlackSite,numberOfRobotsOnWhiteSite
20542,29,14
timeStep,numberOfRobotsOnBlackSite,numberOfRobotsOnWhiteSite
20543,29,14
timeStep,numberOfRobotsOnBlackSite,numberOfRobotsOnWhiteSite
20544,29,14
timeStep,numberOfRobotsOnBlackSite,numberOfRobotsOnWhiteSite
20545,29,14
timeStep,numberOfRobotsOnBlackSite,numberOfRobotsOnWhiteSite
20546,29,14
timeStep,numberOfRobotsOnBlackSite,numberOfRobotsOnWhiteSite
20547,29,14
timeStep,numberOfRobotsOnBlackSite,numberOfRobotsOnWhiteSite
20548,29,14
timeStep,numberOfRobotsOnBlackSite,numberOfRobotsOnWhiteSite
20549,29,14
timeStep,numberOfRobotsOnBlackSite,numberOfRobotsOnWhiteSite
20550,29,14
timeStep,numberOfRobotsOnBlackSite,numberOfRobotsOnWhiteSite
20551,29,14
timeStep,numberOfRobotsOnBlackSite,numberOfRobotsOnWhiteSite
20552,29,14
timeStep,numberOfRobotsOnBlackSite,numberOfRobotsOnWhiteSite
20553,29,14
timeStep,numberOfRobotsOnBlackSite,numberOfRobotsOnWhiteSite
20554,29,14
timeStep,numberOfRobotsOnBlackSite,numberOfRobotsOnWhiteSite
20555,29,14
timeStep,numberOfRobotsOnBlackSite,numberOfRobotsOnWhiteSite
20556,29,14
timeStep,numberOfRobotsOnBlackSite,numberOfRobotsOnWhiteSite
20557,29,14
timeStep,numberOfRobotsOnBlackSite,numberOfRobotsOnWhiteSite
20558,29,14
timeStep,numberOfRobotsOnBlackSite,numberOfRobotsOnWhiteSite
20559,29,14
timeStep,numberOfRobotsOnBlackSite,numberOfRobotsOnWhiteSite
20560,29,14
timeStep,numberOfRobotsOnBlackSite,numberOfRobotsOnWhiteSite
20561,29,14
timeStep,numberOfRobotsOnBlackSite,numberOfRobotsOnWhiteSite
20562,29,14
timeStep,numberOfRobotsOnBlackSite,numberOfRobotsOnWhiteSite
20563,29,14
timeStep,numberOfRobotsOnBlackSite,numberOfRobotsOnWhiteSite
20564,29,14
timeStep,numberOfRobotsOnBlackSite,numberOfRobotsOnWhiteSite
20565,29,14
timeStep,numberOfRobotsOnBlackSite,numberOfRobotsOnWhiteSite
20566,29,14
timeStep,numberOfRobotsOnBlackSite,numberOfRobotsOnWhiteSite
20567,29,14
timeStep,numberOfRobotsOnBlackSite,numberOfRobotsOnWhiteSite
20568,29,14
timeStep,numberOfRobotsOnBlackSite,numberOfRobotsOnWhiteSite
20569,29,14
timeStep,numberOfRobotsOnBlackSite,numberOfRobotsOnWhiteSite
20570,29,14
timeStep,numberOfRobotsOnBlackSite,numberOfRobotsOnWhiteSite
20571,29,14
timeStep,numberOfRobotsOnBlackSite,numberOfRobotsOnWhiteSite
20572,29,14
timeStep,numberOfRobotsOnBlackSite,numberOfRobotsOnWhiteSite
20573,29,14
timeStep,numberOfRobotsOnBlackSite,numberOfRobotsOnWhiteSite
20574,29,14
timeStep,numberOfRobotsOnBlackSite,numberOfRobotsOnWhiteSite
20575,29,14
timeStep,numberOfRobotsOnBlackSite,numberOfRobotsOnWhiteSite
20576,29,14
timeStep,numberOfRobotsOnBlackSite,numberOfRobotsOnWhiteSite
20577,29,14
timeStep,numberOfRobotsOnBlackSite,numberOfRobotsOnWhiteSite
20578,29,14
timeStep,numberOfRobotsOnBlackSite,numberOfRobotsOnWhiteSite
20579,29,14
timeStep,numberOfRobotsOnBlackSite,numberOfRobotsOnWhiteSite
20580,29,14
timeStep,numberOfRobotsOnBlackSite,numberOfRobotsOnWhiteSite
20581,29,14
timeStep,numberOfRobotsOnBlackSite,numberOfRobotsOnWhiteSite
20582,29,14
timeStep,numberOfRobotsOnBlackSite,numberOfRobotsOnWhiteSite
20583,29,14
timeStep,numberOfRobotsOnBlackSite,numberOfRobotsOnWhiteSite
20584,29,14
timeStep,numberOfRobotsOnBlackSite,numberOfRobotsOnWhiteSite
20585,29,14
timeStep,numberOfRobotsOnBlackSite,numberOfRobotsOnWhiteSite
20586,29,14
timeStep,numberOfRobotsOnBlackSite,numberOfRobotsOnWhiteSite
20587,29,14
timeStep,numberOfRobotsOnBlackSite,numberOfRobotsOnWhiteSite
20588,29,14
timeStep,numberOfRobotsOnBlackSite,numberOfRobotsOnWhiteSite
20589,29,14
timeStep,numberOfRobotsOnBlackSite,numberOfRobotsOnWhiteSite
20590,29,14
timeStep,numberOfRobotsOnBlackSite,numberOfRobotsOnWhiteSite
20591,29,14
timeStep,numberOfRobotsOnBlackSite,numberOfRobotsOnWhiteSite
20592,29,14
timeStep,numberOfRobotsOnBlackSite,numberOfRobotsOnWhiteSite
20593,29,14
timeStep,numberOfRobotsOnBlackSite,numberOfRobotsOnWhiteSite
20594,29,14
timeStep,numberOfRobotsOnBlackSite,numberOfRobotsOnWhiteSite
20595,29,14
timeStep,numberOfRobotsOnBlackSite,numberOfRobotsOnWhiteSite
20596,29,14
timeStep,numberOfRobotsOnBlackSite,numberOfRobotsOnWhiteSite
20597,29,14
timeStep,numberOfRobotsOnBlackSite,numberOfRobotsOnWhiteSite
20598,29,14
timeStep,numberOfRobotsOnBlackSite,numberOfRobotsOnWhiteSite
20599,29,14
timeStep,numberOfRobotsOnBlackSite,numberOfRobotsOnWhiteSite
20600,29,14
timeStep,numberOfRobotsOnBlackSite,numberOfRobotsOnWhiteSite
20601,29,14
timeStep,numberOfRobotsOnBlackSite,numberOfRobotsOnWhiteSite
20602,29,14
timeStep,numberOfRobotsOnBlackSite,numberOfRobotsOnWhiteSite
20603,29,14
timeStep,numberOfRobotsOnBlackSite,numberOfRobotsOnWhiteSite
20604,29,14
timeStep,numberOfRobotsOnBlackSite,numberOfRobotsOnWhiteSite
20605,29,14
timeStep,numberOfRobotsOnBlackSite,numberOfRobotsOnWhiteSite
20606,29,14
timeStep,numberOfRobotsOnBlackSite,numberOfRobotsOnWhiteSite
20607,29,14
timeStep,numberOfRobotsOnBlackSite,numberOfRobotsOnWhiteSite
20608,29,14
timeStep,numberOfRobotsOnBlackSite,numberOfRobotsOnWhiteSite
20609,29,14
timeStep,numberOfRobotsOnBlackSite,numberOfRobotsOnWhiteSite
20610,29,14
timeStep,numberOfRobotsOnBlackSite,numberOfRobotsOnWhiteSite
20611,29,14
timeStep,numberOfRobotsOnBlackSite,numberOfRobotsOnWhiteSite
20612,29,14
timeStep,numberOfRobotsOnBlackSite,numberOfRobotsOnWhiteSite
20613,29,14
timeStep,numberOfRobotsOnBlackSite,numberOfRobotsOnWhiteSite
20614,29,14
timeStep,numberOfRobotsOnBlackSite,numberOfRobotsOnWhiteSite
20615,28,15
timeStep,numberOfRobotsOnBlackSite,numberOfRobotsOnWhiteSite
20616,28,15
timeStep,numberOfRobotsOnBlackSite,numberOfRobotsOnWhiteSite
20617,28,15
timeStep,numberOfRobotsOnBlackSite,numberOfRobotsOnWhiteSite
20618,28,15
timeStep,numberOfRobotsOnBlackSite,numberOfRobotsOnWhiteSite
20619,28,15
timeStep,numberOfRobotsOnBlackSite,numberOfRobotsOnWhiteSite
20620,28,15
timeStep,numberOfRobotsOnBlackSite,numberOfRobotsOnWhiteSite
20621,28,15
timeStep,numberOfRobotsOnBlackSite,numberOfRobotsOnWhiteSite
20622,28,15
timeStep,numberOfRobotsOnBlackSite,numberOfRobotsOnWhiteSite
20623,28,15
timeStep,numberOfRobotsOnBlackSite,numberOfRobotsOnWhiteSite
20624,28,15
timeStep,numberOfRobotsOnBlackSite,numberOfRobotsOnWhiteSite
20625,28,15
timeStep,numberOfRobotsOnBlackSite,numberOfRobotsOnWhiteSite
20626,28,15
timeStep,numberOfRobotsOnBlackSite,numberOfRobotsOnWhiteSite
20627,28,15
timeStep,numberOfRobotsOnBlackSite,numberOfRobotsOnWhiteSite
20628,28,15
timeStep,numberOfRobotsOnBlackSite,numberOfRobotsOnWhiteSite
20629,28,15
timeStep,numberOfRobotsOnBlackSite,numberOfRobotsOnWhiteSite
20630,28,15
timeStep,numberOfRobotsOnBlackSite,numberOfRobotsOnWhiteSite
20631,28,15
timeStep,numberOfRobotsOnBlackSite,numberOfRobotsOnWhiteSite
20632,28,15
timeStep,numberOfRobotsOnBlackSite,numberOfRobotsOnWhiteSite
20633,28,15
timeStep,numberOfRobotsOnBlackSite,numberOfRobotsOnWhiteSite
20634,28,15
timeStep,numberOfRobotsOnBlackSite,numberOfRobotsOnWhiteSite
20635,28,13
timeStep,numberOfRobotsOnBlackSite,numberOfRobotsOnWhiteSite
20636,28,13
timeStep,numberOfRobotsOnBlackSite,numberOfRobotsOnWhiteSite
20637,28,13
timeStep,numberOfRobotsOnBlackSite,numberOfRobotsOnWhiteSite
20638,28,13
timeStep,numberOfRobotsOnBlackSite,numberOfRobotsOnWhiteSite
20639,28,13
timeStep,numberOfRobotsOnBlackSite,numberOfRobotsOnWhiteSite
20640,28,13
timeStep,numberOfRobotsOnBlackSite,numberOfRobotsOnWhiteSite
20641,28,13
timeStep,numberOfRobotsOnBlackSite,numberOfRobotsOnWhiteSite
20642,28,13
timeStep,numberOfRobotsOnBlackSite,numberOfRobotsOnWhiteSite
20643,28,13
timeStep,numberOfRobotsOnBlackSite,numberOfRobotsOnWhiteSite
20644,28,13
timeStep,numberOfRobotsOnBlackSite,numberOfRobotsOnWhiteSite
20645,28,13
timeStep,numberOfRobotsOnBlackSite,numberOfRobotsOnWhiteSite
20646,28,13
timeStep,numberOfRobotsOnBlackSite,numberOfRobotsOnWhiteSite
20647,28,13
timeStep,numberOfRobotsOnBlackSite,numberOfRobotsOnWhiteSite
20648,28,13
timeStep,numberOfRobotsOnBlackSite,numberOfRobotsOnWhiteSite
20649,28,13
timeStep,numberOfRobotsOnBlackSite,numberOfRobotsOnWhiteSite
20650,28,13
timeStep,numberOfRobotsOnBlackSite,numberOfRobotsOnWhiteSite
20651,28,13
timeStep,numberOfRobotsOnBlackSite,numberOfRobotsOnWhiteSite
20652,28,13
timeStep,numberOfRobotsOnBlackSite,numberOfRobotsOnWhiteSite
20653,28,13
timeStep,numberOfRobotsOnBlackSite,numberOfRobotsOnWhiteSite
20654,28,13
timeStep,numberOfRobotsOnBlackSite,numberOfRobotsOnWhiteSite
20655,28,13
timeStep,numberOfRobotsOnBlackSite,numberOfRobotsOnWhiteSite
20656,28,13
timeStep,numberOfRobotsOnBlackSite,numberOfRobotsOnWhiteSite
20657,28,13
timeStep,numberOfRobotsOnBlackSite,numberOfRobotsOnWhiteSite
20658,28,13
timeStep,numberOfRobotsOnBlackSite,numberOfRobotsOnWhiteSite
20659,28,13
timeStep,numberOfRobotsOnBlackSite,numberOfRobotsOnWhiteSite
20660,28,13
timeStep,numberOfRobotsOnBlackSite,numberOfRobotsOnWhiteSite
20661,28,13
timeStep,numberOfRobotsOnBlackSite,numberOfRobotsOnWhiteSite
20662,28,13
timeStep,numberOfRobotsOnBlackSite,numberOfRobotsOnWhiteSite
20663,28,13
timeStep,numberOfRobotsOnBlackSite,numberOfRobotsOnWhiteSite
20664,28,13
timeStep,numberOfRobotsOnBlackSite,numberOfRobotsOnWhiteSite
20665,28,13
timeStep,numberOfRobotsOnBlackSite,numberOfRobotsOnWhiteSite
20666,28,13
timeStep,numberOfRobotsOnBlackSite,numberOfRobotsOnWhiteSite
20667,28,13
timeStep,numberOfRobotsOnBlackSite,numberOfRobotsOnWhiteSite
20668,28,13
timeStep,numberOfRobotsOnBlackSite,numberOfRobotsOnWhiteSite
20669,28,13
timeStep,numberOfRobotsOnBlackSite,numberOfRobotsOnWhiteSite
20670,28,13
timeStep,numberOfRobotsOnBlackSite,numberOfRobotsOnWhiteSite
20671,28,13
timeStep,numberOfRobotsOnBlackSite,numberOfRobotsOnWhiteSite
20672,28,13
timeStep,numberOfRobotsOnBlackSite,numberOfRobotsOnWhiteSite
20673,28,13
timeStep,numberOfRobotsOnBlackSite,numberOfRobotsOnWhiteSite
20674,28,13
timeStep,numberOfRobotsOnBlackSite,numberOfRobotsOnWhiteSite
20675,28,13
timeStep,numberOfRobotsOnBlackSite,numberOfRobotsOnWhiteSite
20676,28,13
timeStep,numberOfRobotsOnBlackSite,numberOfRobotsOnWhiteSite
20677,28,13
timeStep,numberOfRobotsOnBlackSite,numberOfRobotsOnWhiteSite
20678,28,13
timeStep,numberOfRobotsOnBlackSite,numberOfRobotsOnWhiteSite
20679,28,13
timeStep,numberOfRobotsOnBlackSite,numberOfRobotsOnWhiteSite
20680,28,13
timeStep,numberOfRobotsOnBlackSite,numberOfRobotsOnWhiteSite
20681,28,13
timeStep,numberOfRobotsOnBlackSite,numberOfRobotsOnWhiteSite
20682,28,13
timeStep,numberOfRobotsOnBlackSite,numberOfRobotsOnWhiteSite
20683,28,13
timeStep,numberOfRobotsOnBlackSite,numberOfRobotsOnWhiteSite
20684,28,13
timeStep,numberOfRobotsOnBlackSite,numberOfRobotsOnWhiteSite
20685,28,13
timeStep,numberOfRobotsOnBlackSite,numberOfRobotsOnWhiteSite
20686,28,13
timeStep,numberOfRobotsOnBlackSite,numberOfRobotsOnWhiteSite
20687,28,13
timeStep,numberOfRobotsOnBlackSite,numberOfRobotsOnWhiteSite
20688,28,13
timeStep,numberOfRobotsOnBlackSite,numberOfRobotsOnWhiteSite
20689,28,13
timeStep,numberOfRobotsOnBlackSite,numberOfRobotsOnWhiteSite
20690,28,13
timeStep,numberOfRobotsOnBlackSite,numberOfRobotsOnWhiteSite
20691,28,13
timeStep,numberOfRobotsOnBlackSite,numberOfRobotsOnWhiteSite
20692,28,13
timeStep,numberOfRobotsOnBlackSite,numberOfRobotsOnWhiteSite
20693,28,13
timeStep,numberOfRobotsOnBlackSite,numberOfRobotsOnWhiteSite
20694,28,13
timeStep,numberOfRobotsOnBlackSite,numberOfRobotsOnWhiteSite
20695,28,13
timeStep,numberOfRobotsOnBlackSite,numberOfRobotsOnWhiteSite
20696,28,13
timeStep,numberOfRobotsOnBlackSite,numberOfRobotsOnWhiteSite
20697,28,13
timeStep,numberOfRobotsOnBlackSite,numberOfRobotsOnWhiteSite
20698,28,13
timeStep,numberOfRobotsOnBlackSite,numberOfRobotsOnWhiteSite
20699,28,13
timeStep,numberOfRobotsOnBlackSite,numberOfRobotsOnWhiteSite
20700,28,13
timeStep,numberOfRobotsOnBlackSite,numberOfRobotsOnWhiteSite
20701,28,13
timeStep,numberOfRobotsOnBlackSite,numberOfRobotsOnWhiteSite
20702,28,13
timeStep,numberOfRobotsOnBlackSite,numberOfRobotsOnWhiteSite
20703,28,13
timeStep,numberOfRobotsOnBlackSite,numberOfRobotsOnWhiteSite
20704,28,13
timeStep,numberOfRobotsOnBlackSite,numberOfRobotsOnWhiteSite
20705,28,13
timeStep,numberOfRobotsOnBlackSite,numberOfRobotsOnWhiteSite
20706,28,13
timeStep,numberOfRobotsOnBlackSite,numberOfRobotsOnWhiteSite
20707,28,13
timeStep,numberOfRobotsOnBlackSite,numberOfRobotsOnWhiteSite
20708,28,13
timeStep,numberOfRobotsOnBlackSite,numberOfRobotsOnWhiteSite
20709,28,13
timeStep,numberOfRobotsOnBlackSite,numberOfRobotsOnWhiteSite
20710,28,13
timeStep,numberOfRobotsOnBlackSite,numberOfRobotsOnWhiteSite
20711,28,13
timeStep,numberOfRobotsOnBlackSite,numberOfRobotsOnWhiteSite
20712,28,13
timeStep,numberOfRobotsOnBlackSite,numberOfRobotsOnWhiteSite
20713,28,13
timeStep,numberOfRobotsOnBlackSite,numberOfRobotsOnWhiteSite
20714,28,13
timeStep,numberOfRobotsOnBlackSite,numberOfRobotsOnWhiteSite
20715,28,13
timeStep,numberOfRobotsOnBlackSite,numberOfRobotsOnWhiteSite
20716,28,13
timeStep,numberOfRobotsOnBlackSite,numberOfRobotsOnWhiteSite
20717,28,13
timeStep,numberOfRobotsOnBlackSite,numberOfRobotsOnWhiteSite
20718,28,13
timeStep,numberOfRobotsOnBlackSite,numberOfRobotsOnWhiteSite
20719,28,13
timeStep,numberOfRobotsOnBlackSite,numberOfRobotsOnWhiteSite
20720,28,13
timeStep,numberOfRobotsOnBlackSite,numberOfRobotsOnWhiteSite
20721,28,13
timeStep,numberOfRobotsOnBlackSite,numberOfRobotsOnWhiteSite
20722,28,13
timeStep,numberOfRobotsOnBlackSite,numberOfRobotsOnWhiteSite
20723,28,13
timeStep,numberOfRobotsOnBlackSite,numberOfRobotsOnWhiteSite
20724,28,13
timeStep,numberOfRobotsOnBlackSite,numberOfRobotsOnWhiteSite
20725,28,13
timeStep,numberOfRobotsOnBlackSite,numberOfRobotsOnWhiteSite
20726,28,13
timeStep,numberOfRobotsOnBlackSite,numberOfRobotsOnWhiteSite
20727,28,13
timeStep,numberOfRobotsOnBlackSite,numberOfRobotsOnWhiteSite
20728,28,13
timeStep,numberOfRobotsOnBlackSite,numberOfRobotsOnWhiteSite
20729,28,13
timeStep,numberOfRobotsOnBlackSite,numberOfRobotsOnWhiteSite
20730,27,13
timeStep,numberOfRobotsOnBlackSite,numberOfRobotsOnWhiteSite
20731,27,13
timeStep,numberOfRobotsOnBlackSite,numberOfRobotsOnWhiteSite
20732,27,13
timeStep,numberOfRobotsOnBlackSite,numberOfRobotsOnWhiteSite
20733,27,13
timeStep,numberOfRobotsOnBlackSite,numberOfRobotsOnWhiteSite
20734,27,13
timeStep,numberOfRobotsOnBlackSite,numberOfRobotsOnWhiteSite
20735,27,13
timeStep,numberOfRobotsOnBlackSite,numberOfRobotsOnWhiteSite
20736,27,13
timeStep,numberOfRobotsOnBlackSite,numberOfRobotsOnWhiteSite
20737,27,13
timeStep,numberOfRobotsOnBlackSite,numberOfRobotsOnWhiteSite
20738,27,13
timeStep,numberOfRobotsOnBlackSite,numberOfRobotsOnWhiteSite
20739,27,13
timeStep,numberOfRobotsOnBlackSite,numberOfRobotsOnWhiteSite
20740,27,13
timeStep,numberOfRobotsOnBlackSite,numberOfRobotsOnWhiteSite
20741,27,13
timeStep,numberOfRobotsOnBlackSite,numberOfRobotsOnWhiteSite
20742,27,13
timeStep,numberOfRobotsOnBlackSite,numberOfRobotsOnWhiteSite
20743,27,13
timeStep,numberOfRobotsOnBlackSite,numberOfRobotsOnWhiteSite
20744,27,13
timeStep,numberOfRobotsOnBlackSite,numberOfRobotsOnWhiteSite
20745,27,13
timeStep,numberOfRobotsOnBlackSite,numberOfRobotsOnWhiteSite
20746,27,13
timeStep,numberOfRobotsOnBlackSite,numberOfRobotsOnWhiteSite
20747,27,13
timeStep,numberOfRobotsOnBlackSite,numberOfRobotsOnWhiteSite
20748,27,13
timeStep,numberOfRobotsOnBlackSite,numberOfRobotsOnWhiteSite
20749,27,13
timeStep,numberOfRobotsOnBlackSite,numberOfRobotsOnWhiteSite
20750,27,13
timeStep,numberOfRobotsOnBlackSite,numberOfRobotsOnWhiteSite
20751,27,13
timeStep,numberOfRobotsOnBlackSite,numberOfRobotsOnWhiteSite
20752,27,13
timeStep,numberOfRobotsOnBlackSite,numberOfRobotsOnWhiteSite
20753,27,13
timeStep,numberOfRobotsOnBlackSite,numberOfRobotsOnWhiteSite
20754,27,13
timeStep,numberOfRobotsOnBlackSite,numberOfRobotsOnWhiteSite
20755,27,13
timeStep,numberOfRobotsOnBlackSite,numberOfRobotsOnWhiteSite
20756,27,13
timeStep,numberOfRobotsOnBlackSite,numberOfRobotsOnWhiteSite
20757,27,13
timeStep,numberOfRobotsOnBlackSite,numberOfRobotsOnWhiteSite
20758,27,13
timeStep,numberOfRobotsOnBlackSite,numberOfRobotsOnWhiteSite
20759,27,13
timeStep,numberOfRobotsOnBlackSite,numberOfRobotsOnWhiteSite
20760,27,13
timeStep,numberOfRobotsOnBlackSite,numberOfRobotsOnWhiteSite
20761,27,13
timeStep,numberOfRobotsOnBlackSite,numberOfRobotsOnWhiteSite
20762,27,13
timeStep,numberOfRobotsOnBlackSite,numberOfRobotsOnWhiteSite
20763,27,13
timeStep,numberOfRobotsOnBlackSite,numberOfRobotsOnWhiteSite
20764,27,13
timeStep,numberOfRobotsOnBlackSite,numberOfRobotsOnWhiteSite
20765,27,13
timeStep,numberOfRobotsOnBlackSite,numberOfRobotsOnWhiteSite
20766,27,13
timeStep,numberOfRobotsOnBlackSite,numberOfRobotsOnWhiteSite
20767,27,13
timeStep,numberOfRobotsOnBlackSite,numberOfRobotsOnWhiteSite
20768,27,13
timeStep,numberOfRobotsOnBlackSite,numberOfRobotsOnWhiteSite
20769,27,13
timeStep,numberOfRobotsOnBlackSite,numberOfRobotsOnWhiteSite
20770,27,13
timeStep,numberOfRobotsOnBlackSite,numberOfRobotsOnWhiteSite
20771,27,13
timeStep,numberOfRobotsOnBlackSite,numberOfRobotsOnWhiteSite
20772,27,13
timeStep,numberOfRobotsOnBlackSite,numberOfRobotsOnWhiteSite
20773,27,13
timeStep,numberOfRobotsOnBlackSite,numberOfRobotsOnWhiteSite
20774,27,13
timeStep,numberOfRobotsOnBlackSite,numberOfRobotsOnWhiteSite
20775,27,13
timeStep,numberOfRobotsOnBlackSite,numberOfRobotsOnWhiteSite
20776,27,13
timeStep,numberOfRobotsOnBlackSite,numberOfRobotsOnWhiteSite
20777,27,13
timeStep,numberOfRobotsOnBlackSite,numberOfRobotsOnWhiteSite
20778,27,13
timeStep,numberOfRobotsOnBlackSite,numberOfRobotsOnWhiteSite
20779,27,13
timeStep,numberOfRobotsOnBlackSite,numberOfRobotsOnWhiteSite
20780,27,13
timeStep,numberOfRobotsOnBlackSite,numberOfRobotsOnWhiteSite
20781,27,13
timeStep,numberOfRobotsOnBlackSite,numberOfRobotsOnWhiteSite
20782,27,13
timeStep,numberOfRobotsOnBlackSite,numberOfRobotsOnWhiteSite
20783,27,13
timeStep,numberOfRobotsOnBlackSite,numberOfRobotsOnWhiteSite
20784,27,13
timeStep,numberOfRobotsOnBlackSite,numberOfRobotsOnWhiteSite
20785,27,13
timeStep,numberOfRobotsOnBlackSite,numberOfRobotsOnWhiteSite
20786,27,13
timeStep,numberOfRobotsOnBlackSite,numberOfRobotsOnWhiteSite
20787,27,13
timeStep,numberOfRobotsOnBlackSite,numberOfRobotsOnWhiteSite
20788,27,13
timeStep,numberOfRobotsOnBlackSite,numberOfRobotsOnWhiteSite
20789,27,13
timeStep,numberOfRobotsOnBlackSite,numberOfRobotsOnWhiteSite
20790,27,12
timeStep,numberOfRobotsOnBlackSite,numberOfRobotsOnWhiteSite
20791,27,12
timeStep,numberOfRobotsOnBlackSite,numberOfRobotsOnWhiteSite
20792,27,12
timeStep,numberOfRobotsOnBlackSite,numberOfRobotsOnWhiteSite
20793,27,12
timeStep,numberOfRobotsOnBlackSite,numberOfRobotsOnWhiteSite
20794,27,12
timeStep,numberOfRobotsOnBlackSite,numberOfRobotsOnWhiteSite
20795,27,12
timeStep,numberOfRobotsOnBlackSite,numberOfRobotsOnWhiteSite
20796,27,12
timeStep,numberOfRobotsOnBlackSite,numberOfRobotsOnWhiteSite
20797,27,12
timeStep,numberOfRobotsOnBlackSite,numberOfRobotsOnWhiteSite
20798,27,12
timeStep,numberOfRobotsOnBlackSite,numberOfRobotsOnWhiteSite
20799,27,12
timeStep,numberOfRobotsOnBlackSite,numberOfRobotsOnWhiteSite
20800,27,12
timeStep,numberOfRobotsOnBlackSite,numberOfRobotsOnWhiteSite
20801,27,12
timeStep,numberOfRobotsOnBlackSite,numberOfRobotsOnWhiteSite
20802,27,12
timeStep,numberOfRobotsOnBlackSite,numberOfRobotsOnWhiteSite
20803,27,12
timeStep,numberOfRobotsOnBlackSite,numberOfRobotsOnWhiteSite
20804,27,12
timeStep,numberOfRobotsOnBlackSite,numberOfRobotsOnWhiteSite
20805,27,12
timeStep,numberOfRobotsOnBlackSite,numberOfRobotsOnWhiteSite
20806,27,12
timeStep,numberOfRobotsOnBlackSite,numberOfRobotsOnWhiteSite
20807,27,12
timeStep,numberOfRobotsOnBlackSite,numberOfRobotsOnWhiteSite
20808,27,12
timeStep,numberOfRobotsOnBlackSite,numberOfRobotsOnWhiteSite
20809,27,12
timeStep,numberOfRobotsOnBlackSite,numberOfRobotsOnWhiteSite
20810,27,12
timeStep,numberOfRobotsOnBlackSite,numberOfRobotsOnWhiteSite
20811,27,12
timeStep,numberOfRobotsOnBlackSite,numberOfRobotsOnWhiteSite
20812,27,12
timeStep,numberOfRobotsOnBlackSite,numberOfRobotsOnWhiteSite
20813,27,12
timeStep,numberOfRobotsOnBlackSite,numberOfRobotsOnWhiteSite
20814,27,12
timeStep,numberOfRobotsOnBlackSite,numberOfRobotsOnWhiteSite
20815,27,12
timeStep,numberOfRobotsOnBlackSite,numberOfRobotsOnWhiteSite
20816,27,12
timeStep,numberOfRobotsOnBlackSite,numberOfRobotsOnWhiteSite
20817,27,12
timeStep,numberOfRobotsOnBlackSite,numberOfRobotsOnWhiteSite
20818,27,12
timeStep,numberOfRobotsOnBlackSite,numberOfRobotsOnWhiteSite
20819,27,12
timeStep,numberOfRobotsOnBlackSite,numberOfRobotsOnWhiteSite
20820,27,12
timeStep,numberOfRobotsOnBlackSite,numberOfRobotsOnWhiteSite
20821,27,12
timeStep,numberOfRobotsOnBlackSite,numberOfRobotsOnWhiteSite
20822,27,12
timeStep,numberOfRobotsOnBlackSite,numberOfRobotsOnWhiteSite
20823,27,12
timeStep,numberOfRobotsOnBlackSite,numberOfRobotsOnWhiteSite
20824,27,12
timeStep,numberOfRobotsOnBlackSite,numberOfRobotsOnWhiteSite
20825,27,12
timeStep,numberOfRobotsOnBlackSite,numberOfRobotsOnWhiteSite
20826,27,12
timeStep,numberOfRobotsOnBlackSite,numberOfRobotsOnWhiteSite
20827,27,12
timeStep,numberOfRobotsOnBlackSite,numberOfRobotsOnWhiteSite
20828,27,12
timeStep,numberOfRobotsOnBlackSite,numberOfRobotsOnWhiteSite
20829,27,12
timeStep,numberOfRobotsOnBlackSite,numberOfRobotsOnWhiteSite
20830,27,12
timeStep,numberOfRobotsOnBlackSite,numberOfRobotsOnWhiteSite
20831,27,12
timeStep,numberOfRobotsOnBlackSite,numberOfRobotsOnWhiteSite
20832,27,12
timeStep,numberOfRobotsOnBlackSite,numberOfRobotsOnWhiteSite
20833,27,12
timeStep,numberOfRobotsOnBlackSite,numberOfRobotsOnWhiteSite
20834,27,12
timeStep,numberOfRobotsOnBlackSite,numberOfRobotsOnWhiteSite
20835,27,13
timeStep,numberOfRobotsOnBlackSite,numberOfRobotsOnWhiteSite
20836,27,13
timeStep,numberOfRobotsOnBlackSite,numberOfRobotsOnWhiteSite
20837,27,13
timeStep,numberOfRobotsOnBlackSite,numberOfRobotsOnWhiteSite
20838,27,13
timeStep,numberOfRobotsOnBlackSite,numberOfRobotsOnWhiteSite
20839,27,13
timeStep,numberOfRobotsOnBlackSite,numberOfRobotsOnWhiteSite
20840,27,13
timeStep,numberOfRobotsOnBlackSite,numberOfRobotsOnWhiteSite
20841,27,13
timeStep,numberOfRobotsOnBlackSite,numberOfRobotsOnWhiteSite
20842,27,13
timeStep,numberOfRobotsOnBlackSite,numberOfRobotsOnWhiteSite
20843,27,13
timeStep,numberOfRobotsOnBlackSite,numberOfRobotsOnWhiteSite
20844,27,13
timeStep,numberOfRobotsOnBlackSite,numberOfRobotsOnWhiteSite
20845,27,13
timeStep,numberOfRobotsOnBlackSite,numberOfRobotsOnWhiteSite
20846,27,13
timeStep,numberOfRobotsOnBlackSite,numberOfRobotsOnWhiteSite
20847,27,13
timeStep,numberOfRobotsOnBlackSite,numberOfRobotsOnWhiteSite
20848,27,13
timeStep,numberOfRobotsOnBlackSite,numberOfRobotsOnWhiteSite
20849,27,13
timeStep,numberOfRobotsOnBlackSite,numberOfRobotsOnWhiteSite
20850,27,13
timeStep,numberOfRobotsOnBlackSite,numberOfRobotsOnWhiteSite
20851,27,13
timeStep,numberOfRobotsOnBlackSite,numberOfRobotsOnWhiteSite
20852,27,13
timeStep,numberOfRobotsOnBlackSite,numberOfRobotsOnWhiteSite
20853,27,13
timeStep,numberOfRobotsOnBlackSite,numberOfRobotsOnWhiteSite
20854,27,13
timeStep,numberOfRobotsOnBlackSite,numberOfRobotsOnWhiteSite
20855,27,13
timeStep,numberOfRobotsOnBlackSite,numberOfRobotsOnWhiteSite
20856,27,13
timeStep,numberOfRobotsOnBlackSite,numberOfRobotsOnWhiteSite
20857,27,13
timeStep,numberOfRobotsOnBlackSite,numberOfRobotsOnWhiteSite
20858,27,13
timeStep,numberOfRobotsOnBlackSite,numberOfRobotsOnWhiteSite
20859,27,13
timeStep,numberOfRobotsOnBlackSite,numberOfRobotsOnWhiteSite
20860,27,13
timeStep,numberOfRobotsOnBlackSite,numberOfRobotsOnWhiteSite
20861,27,13
timeStep,numberOfRobotsOnBlackSite,numberOfRobotsOnWhiteSite
20862,27,13
timeStep,numberOfRobotsOnBlackSite,numberOfRobotsOnWhiteSite
20863,27,13
timeStep,numberOfRobotsOnBlackSite,numberOfRobotsOnWhiteSite
20864,27,13
timeStep,numberOfRobotsOnBlackSite,numberOfRobotsOnWhiteSite
20865,27,13
timeStep,numberOfRobotsOnBlackSite,numberOfRobotsOnWhiteSite
20866,27,13
timeStep,numberOfRobotsOnBlackSite,numberOfRobotsOnWhiteSite
20867,27,13
timeStep,numberOfRobotsOnBlackSite,numberOfRobotsOnWhiteSite
20868,27,13
timeStep,numberOfRobotsOnBlackSite,numberOfRobotsOnWhiteSite
20869,27,13
timeStep,numberOfRobotsOnBlackSite,numberOfRobotsOnWhiteSite
20870,27,13
timeStep,numberOfRobotsOnBlackSite,numberOfRobotsOnWhiteSite
20871,27,13
timeStep,numberOfRobotsOnBlackSite,numberOfRobotsOnWhiteSite
20872,27,13
timeStep,numberOfRobotsOnBlackSite,numberOfRobotsOnWhiteSite
20873,27,13
timeStep,numberOfRobotsOnBlackSite,numberOfRobotsOnWhiteSite
20874,27,13
timeStep,numberOfRobotsOnBlackSite,numberOfRobotsOnWhiteSite
20875,28,13
timeStep,numberOfRobotsOnBlackSite,numberOfRobotsOnWhiteSite
20876,28,13
timeStep,numberOfRobotsOnBlackSite,numberOfRobotsOnWhiteSite
20877,28,13
timeStep,numberOfRobotsOnBlackSite,numberOfRobotsOnWhiteSite
20878,28,13
timeStep,numberOfRobotsOnBlackSite,numberOfRobotsOnWhiteSite
20879,28,13
timeStep,numberOfRobotsOnBlackSite,numberOfRobotsOnWhiteSite
20880,28,13
timeStep,numberOfRobotsOnBlackSite,numberOfRobotsOnWhiteSite
20881,28,13
timeStep,numberOfRobotsOnBlackSite,numberOfRobotsOnWhiteSite
20882,28,13
timeStep,numberOfRobotsOnBlackSite,numberOfRobotsOnWhiteSite
20883,28,13
timeStep,numberOfRobotsOnBlackSite,numberOfRobotsOnWhiteSite
20884,28,13
timeStep,numberOfRobotsOnBlackSite,numberOfRobotsOnWhiteSite
20885,28,13
timeStep,numberOfRobotsOnBlackSite,numberOfRobotsOnWhiteSite
20886,28,13
timeStep,numberOfRobotsOnBlackSite,numberOfRobotsOnWhiteSite
20887,28,13
timeStep,numberOfRobotsOnBlackSite,numberOfRobotsOnWhiteSite
20888,28,13
timeStep,numberOfRobotsOnBlackSite,numberOfRobotsOnWhiteSite
20889,28,13
timeStep,numberOfRobotsOnBlackSite,numberOfRobotsOnWhiteSite
20890,28,13
timeStep,numberOfRobotsOnBlackSite,numberOfRobotsOnWhiteSite
20891,28,13
timeStep,numberOfRobotsOnBlackSite,numberOfRobotsOnWhiteSite
20892,28,13
timeStep,numberOfRobotsOnBlackSite,numberOfRobotsOnWhiteSite
20893,28,13
timeStep,numberOfRobotsOnBlackSite,numberOfRobotsOnWhiteSite
20894,28,13
timeStep,numberOfRobotsOnBlackSite,numberOfRobotsOnWhiteSite
20895,29,13
timeStep,numberOfRobotsOnBlackSite,numberOfRobotsOnWhiteSite
20896,29,13
timeStep,numberOfRobotsOnBlackSite,numberOfRobotsOnWhiteSite
20897,29,13
timeStep,numberOfRobotsOnBlackSite,numberOfRobotsOnWhiteSite
20898,29,13
timeStep,numberOfRobotsOnBlackSite,numberOfRobotsOnWhiteSite
20899,29,13
timeStep,numberOfRobotsOnBlackSite,numberOfRobotsOnWhiteSite
20900,29,13
timeStep,numberOfRobotsOnBlackSite,numberOfRobotsOnWhiteSite
20901,29,13
timeStep,numberOfRobotsOnBlackSite,numberOfRobotsOnWhiteSite
20902,29,13
timeStep,numberOfRobotsOnBlackSite,numberOfRobotsOnWhiteSite
20903,29,13
timeStep,numberOfRobotsOnBlackSite,numberOfRobotsOnWhiteSite
20904,29,13
timeStep,numberOfRobotsOnBlackSite,numberOfRobotsOnWhiteSite
20905,29,13
timeStep,numberOfRobotsOnBlackSite,numberOfRobotsOnWhiteSite
20906,29,13
timeStep,numberOfRobotsOnBlackSite,numberOfRobotsOnWhiteSite
20907,29,13
timeStep,numberOfRobotsOnBlackSite,numberOfRobotsOnWhiteSite
20908,29,13
timeStep,numberOfRobotsOnBlackSite,numberOfRobotsOnWhiteSite
20909,29,13
timeStep,numberOfRobotsOnBlackSite,numberOfRobotsOnWhiteSite
20910,29,13
timeStep,numberOfRobotsOnBlackSite,numberOfRobotsOnWhiteSite
20911,29,13
timeStep,numberOfRobotsOnBlackSite,numberOfRobotsOnWhiteSite
20912,29,13
timeStep,numberOfRobotsOnBlackSite,numberOfRobotsOnWhiteSite
20913,29,13
timeStep,numberOfRobotsOnBlackSite,numberOfRobotsOnWhiteSite
20914,29,13
timeStep,numberOfRobotsOnBlackSite,numberOfRobotsOnWhiteSite
20915,29,13
timeStep,numberOfRobotsOnBlackSite,numberOfRobotsOnWhiteSite
20916,29,13
timeStep,numberOfRobotsOnBlackSite,numberOfRobotsOnWhiteSite
20917,29,13
timeStep,numberOfRobotsOnBlackSite,numberOfRobotsOnWhiteSite
20918,29,13
timeStep,numberOfRobotsOnBlackSite,numberOfRobotsOnWhiteSite
20919,29,13
timeStep,numberOfRobotsOnBlackSite,numberOfRobotsOnWhiteSite
20920,29,13
timeStep,numberOfRobotsOnBlackSite,numberOfRobotsOnWhiteSite
20921,29,13
timeStep,numberOfRobotsOnBlackSite,numberOfRobotsOnWhiteSite
20922,29,13
timeStep,numberOfRobotsOnBlackSite,numberOfRobotsOnWhiteSite
20923,29,13
timeStep,numberOfRobotsOnBlackSite,numberOfRobotsOnWhiteSite
20924,29,13
timeStep,numberOfRobotsOnBlackSite,numberOfRobotsOnWhiteSite
20925,29,13
timeStep,numberOfRobotsOnBlackSite,numberOfRobotsOnWhiteSite
20926,29,13
timeStep,numberOfRobotsOnBlackSite,numberOfRobotsOnWhiteSite
20927,29,13
timeStep,numberOfRobotsOnBlackSite,numberOfRobotsOnWhiteSite
20928,29,13
timeStep,numberOfRobotsOnBlackSite,numberOfRobotsOnWhiteSite
20929,29,13
timeStep,numberOfRobotsOnBlackSite,numberOfRobotsOnWhiteSite
20930,29,13
timeStep,numberOfRobotsOnBlackSite,numberOfRobotsOnWhiteSite
20931,29,13
timeStep,numberOfRobotsOnBlackSite,numberOfRobotsOnWhiteSite
20932,29,13
timeStep,numberOfRobotsOnBlackSite,numberOfRobotsOnWhiteSite
20933,29,13
timeStep,numberOfRobotsOnBlackSite,numberOfRobotsOnWhiteSite
20934,29,13
timeStep,numberOfRobotsOnBlackSite,numberOfRobotsOnWhiteSite
20935,29,13
timeStep,numberOfRobotsOnBlackSite,numberOfRobotsOnWhiteSite
20936,29,13
timeStep,numberOfRobotsOnBlackSite,numberOfRobotsOnWhiteSite
20937,29,13
timeStep,numberOfRobotsOnBlackSite,numberOfRobotsOnWhiteSite
20938,29,13
timeStep,numberOfRobotsOnBlackSite,numberOfRobotsOnWhiteSite
20939,29,13
timeStep,numberOfRobotsOnBlackSite,numberOfRobotsOnWhiteSite
20940,29,13
timeStep,numberOfRobotsOnBlackSite,numberOfRobotsOnWhiteSite
20941,29,13
timeStep,numberOfRobotsOnBlackSite,numberOfRobotsOnWhiteSite
20942,29,13
timeStep,numberOfRobotsOnBlackSite,numberOfRobotsOnWhiteSite
20943,29,13
timeStep,numberOfRobotsOnBlackSite,numberOfRobotsOnWhiteSite
20944,29,13
timeStep,numberOfRobotsOnBlackSite,numberOfRobotsOnWhiteSite
20945,29,13
timeStep,numberOfRobotsOnBlackSite,numberOfRobotsOnWhiteSite
20946,29,13
timeStep,numberOfRobotsOnBlackSite,numberOfRobotsOnWhiteSite
20947,29,13
timeStep,numberOfRobotsOnBlackSite,numberOfRobotsOnWhiteSite
20948,29,13
timeStep,numberOfRobotsOnBlackSite,numberOfRobotsOnWhiteSite
20949,29,13
timeStep,numberOfRobotsOnBlackSite,numberOfRobotsOnWhiteSite
20950,29,13
timeStep,numberOfRobotsOnBlackSite,numberOfRobotsOnWhiteSite
20951,29,13
timeStep,numberOfRobotsOnBlackSite,numberOfRobotsOnWhiteSite
20952,29,13
timeStep,numberOfRobotsOnBlackSite,numberOfRobotsOnWhiteSite
20953,29,13
timeStep,numberOfRobotsOnBlackSite,numberOfRobotsOnWhiteSite
20954,29,13
timeStep,numberOfRobotsOnBlackSite,numberOfRobotsOnWhiteSite
20955,29,13
timeStep,numberOfRobotsOnBlackSite,numberOfRobotsOnWhiteSite
20956,29,13
timeStep,numberOfRobotsOnBlackSite,numberOfRobotsOnWhiteSite
20957,29,13
timeStep,numberOfRobotsOnBlackSite,numberOfRobotsOnWhiteSite
20958,29,13
timeStep,numberOfRobotsOnBlackSite,numberOfRobotsOnWhiteSite
20959,29,13
timeStep,numberOfRobotsOnBlackSite,numberOfRobotsOnWhiteSite
20960,29,13
timeStep,numberOfRobotsOnBlackSite,numberOfRobotsOnWhiteSite
20961,29,13
timeStep,numberOfRobotsOnBlackSite,numberOfRobotsOnWhiteSite
20962,29,13
timeStep,numberOfRobotsOnBlackSite,numberOfRobotsOnWhiteSite
20963,29,13
timeStep,numberOfRobotsOnBlackSite,numberOfRobotsOnWhiteSite
20964,29,13
timeStep,numberOfRobotsOnBlackSite,numberOfRobotsOnWhiteSite
20965,29,13
timeStep,numberOfRobotsOnBlackSite,numberOfRobotsOnWhiteSite
20966,29,13
timeStep,numberOfRobotsOnBlackSite,numberOfRobotsOnWhiteSite
20967,29,13
timeStep,numberOfRobotsOnBlackSite,numberOfRobotsOnWhiteSite
20968,29,13
timeStep,numberOfRobotsOnBlackSite,numberOfRobotsOnWhiteSite
20969,29,13
timeStep,numberOfRobotsOnBlackSite,numberOfRobotsOnWhiteSite
20970,29,13
timeStep,numberOfRobotsOnBlackSite,numberOfRobotsOnWhiteSite
20971,29,13
timeStep,numberOfRobotsOnBlackSite,numberOfRobotsOnWhiteSite
20972,29,13
timeStep,numberOfRobotsOnBlackSite,numberOfRobotsOnWhiteSite
20973,29,13
timeStep,numberOfRobotsOnBlackSite,numberOfRobotsOnWhiteSite
20974,29,13
timeStep,numberOfRobotsOnBlackSite,numberOfRobotsOnWhiteSite
20975,29,13
timeStep,numberOfRobotsOnBlackSite,numberOfRobotsOnWhiteSite
20976,29,13
timeStep,numberOfRobotsOnBlackSite,numberOfRobotsOnWhiteSite
20977,29,13
timeStep,numberOfRobotsOnBlackSite,numberOfRobotsOnWhiteSite
20978,29,13
timeStep,numberOfRobotsOnBlackSite,numberOfRobotsOnWhiteSite
20979,29,13
timeStep,numberOfRobotsOnBlackSite,numberOfRobotsOnWhiteSite
20980,29,13
timeStep,numberOfRobotsOnBlackSite,numberOfRobotsOnWhiteSite
20981,29,13
timeStep,numberOfRobotsOnBlackSite,numberOfRobotsOnWhiteSite
20982,29,13
timeStep,numberOfRobotsOnBlackSite,numberOfRobotsOnWhiteSite
20983,29,13
timeStep,numberOfRobotsOnBlackSite,numberOfRobotsOnWhiteSite
20984,29,13
timeStep,numberOfRobotsOnBlackSite,numberOfRobotsOnWhiteSite
20985,29,13
timeStep,numberOfRobotsOnBlackSite,numberOfRobotsOnWhiteSite
20986,29,13
timeStep,numberOfRobotsOnBlackSite,numberOfRobotsOnWhiteSite
20987,29,13
timeStep,numberOfRobotsOnBlackSite,numberOfRobotsOnWhiteSite
20988,29,13
timeStep,numberOfRobotsOnBlackSite,numberOfRobotsOnWhiteSite
20989,29,13
timeStep,numberOfRobotsOnBlackSite,numberOfRobotsOnWhiteSite
20990,29,13
timeStep,numberOfRobotsOnBlackSite,numberOfRobotsOnWhiteSite
20991,29,13
timeStep,numberOfRobotsOnBlackSite,numberOfRobotsOnWhiteSite
20992,29,13
timeStep,numberOfRobotsOnBlackSite,numberOfRobotsOnWhiteSite
20993,29,13
timeStep,numberOfRobotsOnBlackSite,numberOfRobotsOnWhiteSite
20994,29,13
timeStep,numberOfRobotsOnBlackSite,numberOfRobotsOnWhiteSite
20995,29,13
timeStep,numberOfRobotsOnBlackSite,numberOfRobotsOnWhiteSite
20996,29,13
timeStep,numberOfRobotsOnBlackSite,numberOfRobotsOnWhiteSite
20997,29,13
timeStep,numberOfRobotsOnBlackSite,numberOfRobotsOnWhiteSite
20998,29,13
timeStep,numberOfRobotsOnBlackSite,numberOfRobotsOnWhiteSite
20999,29,13
timeStep,numberOfRobotsOnBlackSite,numberOfRobotsOnWhiteSite
21000,29,14
timeStep,numberOfRobotsOnBlackSite,numberOfRobotsOnWhiteSite
21001,29,14
timeStep,numberOfRobotsOnBlackSite,numberOfRobotsOnWhiteSite
21002,29,14
timeStep,numberOfRobotsOnBlackSite,numberOfRobotsOnWhiteSite
21003,29,14
timeStep,numberOfRobotsOnBlackSite,numberOfRobotsOnWhiteSite
21004,29,14
timeStep,numberOfRobotsOnBlackSite,numberOfRobotsOnWhiteSite
21005,29,14
timeStep,numberOfRobotsOnBlackSite,numberOfRobotsOnWhiteSite
21006,29,14
timeStep,numberOfRobotsOnBlackSite,numberOfRobotsOnWhiteSite
21007,29,14
timeStep,numberOfRobotsOnBlackSite,numberOfRobotsOnWhiteSite
21008,29,14
timeStep,numberOfRobotsOnBlackSite,numberOfRobotsOnWhiteSite
21009,29,14
timeStep,numberOfRobotsOnBlackSite,numberOfRobotsOnWhiteSite
21010,29,14
timeStep,numberOfRobotsOnBlackSite,numberOfRobotsOnWhiteSite
21011,29,14
timeStep,numberOfRobotsOnBlackSite,numberOfRobotsOnWhiteSite
21012,29,14
timeStep,numberOfRobotsOnBlackSite,numberOfRobotsOnWhiteSite
21013,29,14
timeStep,numberOfRobotsOnBlackSite,numberOfRobotsOnWhiteSite
21014,29,14
timeStep,numberOfRobotsOnBlackSite,numberOfRobotsOnWhiteSite
21015,29,15
timeStep,numberOfRobotsOnBlackSite,numberOfRobotsOnWhiteSite
21016,29,15
timeStep,numberOfRobotsOnBlackSite,numberOfRobotsOnWhiteSite
21017,29,15
timeStep,numberOfRobotsOnBlackSite,numberOfRobotsOnWhiteSite
21018,29,15
timeStep,numberOfRobotsOnBlackSite,numberOfRobotsOnWhiteSite
21019,29,15
timeStep,numberOfRobotsOnBlackSite,numberOfRobotsOnWhiteSite
21020,29,15
timeStep,numberOfRobotsOnBlackSite,numberOfRobotsOnWhiteSite
21021,29,15
timeStep,numberOfRobotsOnBlackSite,numberOfRobotsOnWhiteSite
21022,29,15
timeStep,numberOfRobotsOnBlackSite,numberOfRobotsOnWhiteSite
21023,29,15
timeStep,numberOfRobotsOnBlackSite,numberOfRobotsOnWhiteSite
21024,29,15
timeStep,numberOfRobotsOnBlackSite,numberOfRobotsOnWhiteSite
21025,29,15
timeStep,numberOfRobotsOnBlackSite,numberOfRobotsOnWhiteSite
21026,29,15
timeStep,numberOfRobotsOnBlackSite,numberOfRobotsOnWhiteSite
21027,29,15
timeStep,numberOfRobotsOnBlackSite,numberOfRobotsOnWhiteSite
21028,29,15
timeStep,numberOfRobotsOnBlackSite,numberOfRobotsOnWhiteSite
21029,29,15
timeStep,numberOfRobotsOnBlackSite,numberOfRobotsOnWhiteSite
21030,29,15
timeStep,numberOfRobotsOnBlackSite,numberOfRobotsOnWhiteSite
21031,29,15
timeStep,numberOfRobotsOnBlackSite,numberOfRobotsOnWhiteSite
21032,29,15
timeStep,numberOfRobotsOnBlackSite,numberOfRobotsOnWhiteSite
21033,29,15
timeStep,numberOfRobotsOnBlackSite,numberOfRobotsOnWhiteSite
21034,29,15
timeStep,numberOfRobotsOnBlackSite,numberOfRobotsOnWhiteSite
21035,29,15
timeStep,numberOfRobotsOnBlackSite,numberOfRobotsOnWhiteSite
21036,29,15
timeStep,numberOfRobotsOnBlackSite,numberOfRobotsOnWhiteSite
21037,29,15
timeStep,numberOfRobotsOnBlackSite,numberOfRobotsOnWhiteSite
21038,29,15
timeStep,numberOfRobotsOnBlackSite,numberOfRobotsOnWhiteSite
21039,29,15
timeStep,numberOfRobotsOnBlackSite,numberOfRobotsOnWhiteSite
21040,29,15
timeStep,numberOfRobotsOnBlackSite,numberOfRobotsOnWhiteSite
21041,29,15
timeStep,numberOfRobotsOnBlackSite,numberOfRobotsOnWhiteSite
21042,29,15
timeStep,numberOfRobotsOnBlackSite,numberOfRobotsOnWhiteSite
21043,29,15
timeStep,numberOfRobotsOnBlackSite,numberOfRobotsOnWhiteSite
21044,29,15
timeStep,numberOfRobotsOnBlackSite,numberOfRobotsOnWhiteSite
21045,29,15
timeStep,numberOfRobotsOnBlackSite,numberOfRobotsOnWhiteSite
21046,29,15
timeStep,numberOfRobotsOnBlackSite,numberOfRobotsOnWhiteSite
21047,29,15
timeStep,numberOfRobotsOnBlackSite,numberOfRobotsOnWhiteSite
21048,29,15
timeStep,numberOfRobotsOnBlackSite,numberOfRobotsOnWhiteSite
21049,29,15
timeStep,numberOfRobotsOnBlackSite,numberOfRobotsOnWhiteSite
21050,29,15
timeStep,numberOfRobotsOnBlackSite,numberOfRobotsOnWhiteSite
21051,29,15
timeStep,numberOfRobotsOnBlackSite,numberOfRobotsOnWhiteSite
21052,29,15
timeStep,numberOfRobotsOnBlackSite,numberOfRobotsOnWhiteSite
21053,29,15
timeStep,numberOfRobotsOnBlackSite,numberOfRobotsOnWhiteSite
21054,29,15
timeStep,numberOfRobotsOnBlackSite,numberOfRobotsOnWhiteSite
21055,29,15
timeStep,numberOfRobotsOnBlackSite,numberOfRobotsOnWhiteSite
21056,29,15
timeStep,numberOfRobotsOnBlackSite,numberOfRobotsOnWhiteSite
21057,29,15
timeStep,numberOfRobotsOnBlackSite,numberOfRobotsOnWhiteSite
21058,29,15
timeStep,numberOfRobotsOnBlackSite,numberOfRobotsOnWhiteSite
21059,29,15
timeStep,numberOfRobotsOnBlackSite,numberOfRobotsOnWhiteSite
21060,29,15
timeStep,numberOfRobotsOnBlackSite,numberOfRobotsOnWhiteSite
21061,29,15
timeStep,numberOfRobotsOnBlackSite,numberOfRobotsOnWhiteSite
21062,29,15
timeStep,numberOfRobotsOnBlackSite,numberOfRobotsOnWhiteSite
21063,29,15
timeStep,numberOfRobotsOnBlackSite,numberOfRobotsOnWhiteSite
21064,29,15
timeStep,numberOfRobotsOnBlackSite,numberOfRobotsOnWhiteSite
21065,29,15
timeStep,numberOfRobotsOnBlackSite,numberOfRobotsOnWhiteSite
21066,29,15
timeStep,numberOfRobotsOnBlackSite,numberOfRobotsOnWhiteSite
21067,29,15
timeStep,numberOfRobotsOnBlackSite,numberOfRobotsOnWhiteSite
21068,29,15
timeStep,numberOfRobotsOnBlackSite,numberOfRobotsOnWhiteSite
21069,29,15
timeStep,numberOfRobotsOnBlackSite,numberOfRobotsOnWhiteSite
21070,29,15
timeStep,numberOfRobotsOnBlackSite,numberOfRobotsOnWhiteSite
21071,29,15
timeStep,numberOfRobotsOnBlackSite,numberOfRobotsOnWhiteSite
21072,29,15
timeStep,numberOfRobotsOnBlackSite,numberOfRobotsOnWhiteSite
21073,29,15
timeStep,numberOfRobotsOnBlackSite,numberOfRobotsOnWhiteSite
21074,29,15
timeStep,numberOfRobotsOnBlackSite,numberOfRobotsOnWhiteSite
21075,29,15
timeStep,numberOfRobotsOnBlackSite,numberOfRobotsOnWhiteSite
21076,29,15
timeStep,numberOfRobotsOnBlackSite,numberOfRobotsOnWhiteSite
21077,29,15
timeStep,numberOfRobotsOnBlackSite,numberOfRobotsOnWhiteSite
21078,29,15
timeStep,numberOfRobotsOnBlackSite,numberOfRobotsOnWhiteSite
21079,29,15
timeStep,numberOfRobotsOnBlackSite,numberOfRobotsOnWhiteSite
21080,29,15
timeStep,numberOfRobotsOnBlackSite,numberOfRobotsOnWhiteSite
21081,29,15
timeStep,numberOfRobotsOnBlackSite,numberOfRobotsOnWhiteSite
21082,29,15
timeStep,numberOfRobotsOnBlackSite,numberOfRobotsOnWhiteSite
21083,29,15
timeStep,numberOfRobotsOnBlackSite,numberOfRobotsOnWhiteSite
21084,29,15
timeStep,numberOfRobotsOnBlackSite,numberOfRobotsOnWhiteSite
21085,29,15
timeStep,numberOfRobotsOnBlackSite,numberOfRobotsOnWhiteSite
21086,29,15
timeStep,numberOfRobotsOnBlackSite,numberOfRobotsOnWhiteSite
21087,29,15
timeStep,numberOfRobotsOnBlackSite,numberOfRobotsOnWhiteSite
21088,29,15
timeStep,numberOfRobotsOnBlackSite,numberOfRobotsOnWhiteSite
21089,29,15
timeStep,numberOfRobotsOnBlackSite,numberOfRobotsOnWhiteSite
21090,29,15
timeStep,numberOfRobotsOnBlackSite,numberOfRobotsOnWhiteSite
21091,29,15
timeStep,numberOfRobotsOnBlackSite,numberOfRobotsOnWhiteSite
21092,29,15
timeStep,numberOfRobotsOnBlackSite,numberOfRobotsOnWhiteSite
21093,29,15
timeStep,numberOfRobotsOnBlackSite,numberOfRobotsOnWhiteSite
21094,29,15
timeStep,numberOfRobotsOnBlackSite,numberOfRobotsOnWhiteSite
21095,29,15
timeStep,numberOfRobotsOnBlackSite,numberOfRobotsOnWhiteSite
21096,29,15
timeStep,numberOfRobotsOnBlackSite,numberOfRobotsOnWhiteSite
21097,29,15
timeStep,numberOfRobotsOnBlackSite,numberOfRobotsOnWhiteSite
21098,29,15
timeStep,numberOfRobotsOnBlackSite,numberOfRobotsOnWhiteSite
21099,29,15
timeStep,numberOfRobotsOnBlackSite,numberOfRobotsOnWhiteSite
21100,29,15
timeStep,numberOfRobotsOnBlackSite,numberOfRobotsOnWhiteSite
21101,29,15
timeStep,numberOfRobotsOnBlackSite,numberOfRobotsOnWhiteSite
21102,29,15
timeStep,numberOfRobotsOnBlackSite,numberOfRobotsOnWhiteSite
21103,29,15
timeStep,numberOfRobotsOnBlackSite,numberOfRobotsOnWhiteSite
21104,29,15
timeStep,numberOfRobotsOnBlackSite,numberOfRobotsOnWhiteSite
21105,29,15
timeStep,numberOfRobotsOnBlackSite,numberOfRobotsOnWhiteSite
21106,29,15
timeStep,numberOfRobotsOnBlackSite,numberOfRobotsOnWhiteSite
21107,29,15
timeStep,numberOfRobotsOnBlackSite,numberOfRobotsOnWhiteSite
21108,29,15
timeStep,numberOfRobotsOnBlackSite,numberOfRobotsOnWhiteSite
21109,29,15
timeStep,numberOfRobotsOnBlackSite,numberOfRobotsOnWhiteSite
21110,29,15
timeStep,numberOfRobotsOnBlackSite,numberOfRobotsOnWhiteSite
21111,29,15
timeStep,numberOfRobotsOnBlackSite,numberOfRobotsOnWhiteSite
21112,29,15
timeStep,numberOfRobotsOnBlackSite,numberOfRobotsOnWhiteSite
21113,29,15
timeStep,numberOfRobotsOnBlackSite,numberOfRobotsOnWhiteSite
21114,29,15
timeStep,numberOfRobotsOnBlackSite,numberOfRobotsOnWhiteSite
21115,29,15
timeStep,numberOfRobotsOnBlackSite,numberOfRobotsOnWhiteSite
21116,29,15
timeStep,numberOfRobotsOnBlackSite,numberOfRobotsOnWhiteSite
21117,29,15
timeStep,numberOfRobotsOnBlackSite,numberOfRobotsOnWhiteSite
21118,29,15
timeStep,numberOfRobotsOnBlackSite,numberOfRobotsOnWhiteSite
21119,29,15
timeStep,numberOfRobotsOnBlackSite,numberOfRobotsOnWhiteSite
21120,29,15
timeStep,numberOfRobotsOnBlackSite,numberOfRobotsOnWhiteSite
21121,29,15
timeStep,numberOfRobotsOnBlackSite,numberOfRobotsOnWhiteSite
21122,29,15
timeStep,numberOfRobotsOnBlackSite,numberOfRobotsOnWhiteSite
21123,29,15
timeStep,numberOfRobotsOnBlackSite,numberOfRobotsOnWhiteSite
21124,29,15
timeStep,numberOfRobotsOnBlackSite,numberOfRobotsOnWhiteSite
21125,29,15
timeStep,numberOfRobotsOnBlackSite,numberOfRobotsOnWhiteSite
21126,29,15
timeStep,numberOfRobotsOnBlackSite,numberOfRobotsOnWhiteSite
21127,29,15
timeStep,numberOfRobotsOnBlackSite,numberOfRobotsOnWhiteSite
21128,29,15
timeStep,numberOfRobotsOnBlackSite,numberOfRobotsOnWhiteSite
21129,29,15
timeStep,numberOfRobotsOnBlackSite,numberOfRobotsOnWhiteSite
21130,29,15
timeStep,numberOfRobotsOnBlackSite,numberOfRobotsOnWhiteSite
21131,29,15
timeStep,numberOfRobotsOnBlackSite,numberOfRobotsOnWhiteSite
21132,29,15
timeStep,numberOfRobotsOnBlackSite,numberOfRobotsOnWhiteSite
21133,29,15
timeStep,numberOfRobotsOnBlackSite,numberOfRobotsOnWhiteSite
21134,29,15
timeStep,numberOfRobotsOnBlackSite,numberOfRobotsOnWhiteSite
21135,29,15
timeStep,numberOfRobotsOnBlackSite,numberOfRobotsOnWhiteSite
21136,29,15
timeStep,numberOfRobotsOnBlackSite,numberOfRobotsOnWhiteSite
21137,29,15
timeStep,numberOfRobotsOnBlackSite,numberOfRobotsOnWhiteSite
21138,29,15
timeStep,numberOfRobotsOnBlackSite,numberOfRobotsOnWhiteSite
21139,29,15
timeStep,numberOfRobotsOnBlackSite,numberOfRobotsOnWhiteSite
21140,29,15
timeStep,numberOfRobotsOnBlackSite,numberOfRobotsOnWhiteSite
21141,29,15
timeStep,numberOfRobotsOnBlackSite,numberOfRobotsOnWhiteSite
21142,29,15
timeStep,numberOfRobotsOnBlackSite,numberOfRobotsOnWhiteSite
21143,29,15
timeStep,numberOfRobotsOnBlackSite,numberOfRobotsOnWhiteSite
21144,29,15
timeStep,numberOfRobotsOnBlackSite,numberOfRobotsOnWhiteSite
21145,29,15
timeStep,numberOfRobotsOnBlackSite,numberOfRobotsOnWhiteSite
21146,29,15
timeStep,numberOfRobotsOnBlackSite,numberOfRobotsOnWhiteSite
21147,29,15
timeStep,numberOfRobotsOnBlackSite,numberOfRobotsOnWhiteSite
21148,29,15
timeStep,numberOfRobotsOnBlackSite,numberOfRobotsOnWhiteSite
21149,29,15
timeStep,numberOfRobotsOnBlackSite,numberOfRobotsOnWhiteSite
21150,29,15
timeStep,numberOfRobotsOnBlackSite,numberOfRobotsOnWhiteSite
21151,29,15
timeStep,numberOfRobotsOnBlackSite,numberOfRobotsOnWhiteSite
21152,29,15
timeStep,numberOfRobotsOnBlackSite,numberOfRobotsOnWhiteSite
21153,29,15
timeStep,numberOfRobotsOnBlackSite,numberOfRobotsOnWhiteSite
21154,29,15
timeStep,numberOfRobotsOnBlackSite,numberOfRobotsOnWhiteSite
21155,29,15
timeStep,numberOfRobotsOnBlackSite,numberOfRobotsOnWhiteSite
21156,29,15
timeStep,numberOfRobotsOnBlackSite,numberOfRobotsOnWhiteSite
21157,29,15
timeStep,numberOfRobotsOnBlackSite,numberOfRobotsOnWhiteSite
21158,29,15
timeStep,numberOfRobotsOnBlackSite,numberOfRobotsOnWhiteSite
21159,29,15
timeStep,numberOfRobotsOnBlackSite,numberOfRobotsOnWhiteSite
21160,29,15
timeStep,numberOfRobotsOnBlackSite,numberOfRobotsOnWhiteSite
21161,29,15
timeStep,numberOfRobotsOnBlackSite,numberOfRobotsOnWhiteSite
21162,29,15
timeStep,numberOfRobotsOnBlackSite,numberOfRobotsOnWhiteSite
21163,29,15
timeStep,numberOfRobotsOnBlackSite,numberOfRobotsOnWhiteSite
21164,29,15
timeStep,numberOfRobotsOnBlackSite,numberOfRobotsOnWhiteSite
21165,29,15
timeStep,numberOfRobotsOnBlackSite,numberOfRobotsOnWhiteSite
21166,29,15
timeStep,numberOfRobotsOnBlackSite,numberOfRobotsOnWhiteSite
21167,29,15
timeStep,numberOfRobotsOnBlackSite,numberOfRobotsOnWhiteSite
21168,29,15
timeStep,numberOfRobotsOnBlackSite,numberOfRobotsOnWhiteSite
21169,29,15
timeStep,numberOfRobotsOnBlackSite,numberOfRobotsOnWhiteSite
21170,29,15
timeStep,numberOfRobotsOnBlackSite,numberOfRobotsOnWhiteSite
21171,29,15
timeStep,numberOfRobotsOnBlackSite,numberOfRobotsOnWhiteSite
21172,29,15
timeStep,numberOfRobotsOnBlackSite,numberOfRobotsOnWhiteSite
21173,29,15
timeStep,numberOfRobotsOnBlackSite,numberOfRobotsOnWhiteSite
21174,29,15
timeStep,numberOfRobotsOnBlackSite,numberOfRobotsOnWhiteSite
21175,29,15
timeStep,numberOfRobotsOnBlackSite,numberOfRobotsOnWhiteSite
21176,29,15
timeStep,numberOfRobotsOnBlackSite,numberOfRobotsOnWhiteSite
21177,29,15
timeStep,numberOfRobotsOnBlackSite,numberOfRobotsOnWhiteSite
21178,29,15
timeStep,numberOfRobotsOnBlackSite,numberOfRobotsOnWhiteSite
21179,29,15
timeStep,numberOfRobotsOnBlackSite,numberOfRobotsOnWhiteSite
21180,29,15
timeStep,numberOfRobotsOnBlackSite,numberOfRobotsOnWhiteSite
21181,29,15
timeStep,numberOfRobotsOnBlackSite,numberOfRobotsOnWhiteSite
21182,29,15
timeStep,numberOfRobotsOnBlackSite,numberOfRobotsOnWhiteSite
21183,29,15
timeStep,numberOfRobotsOnBlackSite,numberOfRobotsOnWhiteSite
21184,29,15
timeStep,numberOfRobotsOnBlackSite,numberOfRobotsOnWhiteSite
21185,29,15
timeStep,numberOfRobotsOnBlackSite,numberOfRobotsOnWhiteSite
21186,29,15
timeStep,numberOfRobotsOnBlackSite,numberOfRobotsOnWhiteSite
21187,29,15
timeStep,numberOfRobotsOnBlackSite,numberOfRobotsOnWhiteSite
21188,29,15
timeStep,numberOfRobotsOnBlackSite,numberOfRobotsOnWhiteSite
21189,29,15
timeStep,numberOfRobotsOnBlackSite,numberOfRobotsOnWhiteSite
21190,29,15
timeStep,numberOfRobotsOnBlackSite,numberOfRobotsOnWhiteSite
21191,29,15
timeStep,numberOfRobotsOnBlackSite,numberOfRobotsOnWhiteSite
21192,29,15
timeStep,numberOfRobotsOnBlackSite,numberOfRobotsOnWhiteSite
21193,29,15
timeStep,numberOfRobotsOnBlackSite,numberOfRobotsOnWhiteSite
21194,29,15
timeStep,numberOfRobotsOnBlackSite,numberOfRobotsOnWhiteSite
21195,29,15
timeStep,numberOfRobotsOnBlackSite,numberOfRobotsOnWhiteSite
21196,29,15
timeStep,numberOfRobotsOnBlackSite,numberOfRobotsOnWhiteSite
21197,29,15
timeStep,numberOfRobotsOnBlackSite,numberOfRobotsOnWhiteSite
21198,29,15
timeStep,numberOfRobotsOnBlackSite,numberOfRobotsOnWhiteSite
21199,29,15
timeStep,numberOfRobotsOnBlackSite,numberOfRobotsOnWhiteSite
21200,29,15
timeStep,numberOfRobotsOnBlackSite,numberOfRobotsOnWhiteSite
21201,29,15
timeStep,numberOfRobotsOnBlackSite,numberOfRobotsOnWhiteSite
21202,29,15
timeStep,numberOfRobotsOnBlackSite,numberOfRobotsOnWhiteSite
21203,29,15
timeStep,numberOfRobotsOnBlackSite,numberOfRobotsOnWhiteSite
21204,29,15
timeStep,numberOfRobotsOnBlackSite,numberOfRobotsOnWhiteSite
21205,29,15
timeStep,numberOfRobotsOnBlackSite,numberOfRobotsOnWhiteSite
21206,29,15
timeStep,numberOfRobotsOnBlackSite,numberOfRobotsOnWhiteSite
21207,29,15
timeStep,numberOfRobotsOnBlackSite,numberOfRobotsOnWhiteSite
21208,29,15
timeStep,numberOfRobotsOnBlackSite,numberOfRobotsOnWhiteSite
21209,29,15
timeStep,numberOfRobotsOnBlackSite,numberOfRobotsOnWhiteSite
21210,29,15
timeStep,numberOfRobotsOnBlackSite,numberOfRobotsOnWhiteSite
21211,29,15
timeStep,numberOfRobotsOnBlackSite,numberOfRobotsOnWhiteSite
21212,29,15
timeStep,numberOfRobotsOnBlackSite,numberOfRobotsOnWhiteSite
21213,29,15
timeStep,numberOfRobotsOnBlackSite,numberOfRobotsOnWhiteSite
21214,29,15
timeStep,numberOfRobotsOnBlackSite,numberOfRobotsOnWhiteSite
21215,29,15
timeStep,numberOfRobotsOnBlackSite,numberOfRobotsOnWhiteSite
21216,29,15
timeStep,numberOfRobotsOnBlackSite,numberOfRobotsOnWhiteSite
21217,29,15
timeStep,numberOfRobotsOnBlackSite,numberOfRobotsOnWhiteSite
21218,29,15
timeStep,numberOfRobotsOnBlackSite,numberOfRobotsOnWhiteSite
21219,29,15
timeStep,numberOfRobotsOnBlackSite,numberOfRobotsOnWhiteSite
21220,29,15
timeStep,numberOfRobotsOnBlackSite,numberOfRobotsOnWhiteSite
21221,29,15
timeStep,numberOfRobotsOnBlackSite,numberOfRobotsOnWhiteSite
21222,29,15
timeStep,numberOfRobotsOnBlackSite,numberOfRobotsOnWhiteSite
21223,29,15
timeStep,numberOfRobotsOnBlackSite,numberOfRobotsOnWhiteSite
21224,29,15
timeStep,numberOfRobotsOnBlackSite,numberOfRobotsOnWhiteSite
21225,29,15
timeStep,numberOfRobotsOnBlackSite,numberOfRobotsOnWhiteSite
21226,29,15
timeStep,numberOfRobotsOnBlackSite,numberOfRobotsOnWhiteSite
21227,29,15
timeStep,numberOfRobotsOnBlackSite,numberOfRobotsOnWhiteSite
21228,29,15
timeStep,numberOfRobotsOnBlackSite,numberOfRobotsOnWhiteSite
21229,29,15
timeStep,numberOfRobotsOnBlackSite,numberOfRobotsOnWhiteSite
21230,29,15
timeStep,numberOfRobotsOnBlackSite,numberOfRobotsOnWhiteSite
21231,29,15
timeStep,numberOfRobotsOnBlackSite,numberOfRobotsOnWhiteSite
21232,29,15
timeStep,numberOfRobotsOnBlackSite,numberOfRobotsOnWhiteSite
21233,29,15
timeStep,numberOfRobotsOnBlackSite,numberOfRobotsOnWhiteSite
21234,29,15
timeStep,numberOfRobotsOnBlackSite,numberOfRobotsOnWhiteSite
21235,29,15
timeStep,numberOfRobotsOnBlackSite,numberOfRobotsOnWhiteSite
21236,29,15
timeStep,numberOfRobotsOnBlackSite,numberOfRobotsOnWhiteSite
21237,29,15
timeStep,numberOfRobotsOnBlackSite,numberOfRobotsOnWhiteSite
21238,29,15
timeStep,numberOfRobotsOnBlackSite,numberOfRobotsOnWhiteSite
21239,29,15
timeStep,numberOfRobotsOnBlackSite,numberOfRobotsOnWhiteSite
21240,29,15
timeStep,numberOfRobotsOnBlackSite,numberOfRobotsOnWhiteSite
21241,29,15
timeStep,numberOfRobotsOnBlackSite,numberOfRobotsOnWhiteSite
21242,29,15
timeStep,numberOfRobotsOnBlackSite,numberOfRobotsOnWhiteSite
21243,29,15
timeStep,numberOfRobotsOnBlackSite,numberOfRobotsOnWhiteSite
21244,29,15
timeStep,numberOfRobotsOnBlackSite,numberOfRobotsOnWhiteSite
21245,29,15
timeStep,numberOfRobotsOnBlackSite,numberOfRobotsOnWhiteSite
21246,29,15
timeStep,numberOfRobotsOnBlackSite,numberOfRobotsOnWhiteSite
21247,29,15
timeStep,numberOfRobotsOnBlackSite,numberOfRobotsOnWhiteSite
21248,29,15
timeStep,numberOfRobotsOnBlackSite,numberOfRobotsOnWhiteSite
21249,29,15
timeStep,numberOfRobotsOnBlackSite,numberOfRobotsOnWhiteSite
21250,29,15
timeStep,numberOfRobotsOnBlackSite,numberOfRobotsOnWhiteSite
21251,29,15
timeStep,numberOfRobotsOnBlackSite,numberOfRobotsOnWhiteSite
21252,29,15
timeStep,numberOfRobotsOnBlackSite,numberOfRobotsOnWhiteSite
21253,29,15
timeStep,numberOfRobotsOnBlackSite,numberOfRobotsOnWhiteSite
21254,29,15
timeStep,numberOfRobotsOnBlackSite,numberOfRobotsOnWhiteSite
21255,29,15
timeStep,numberOfRobotsOnBlackSite,numberOfRobotsOnWhiteSite
21256,29,15
timeStep,numberOfRobotsOnBlackSite,numberOfRobotsOnWhiteSite
21257,29,15
timeStep,numberOfRobotsOnBlackSite,numberOfRobotsOnWhiteSite
21258,29,15
timeStep,numberOfRobotsOnBlackSite,numberOfRobotsOnWhiteSite
21259,29,15
timeStep,numberOfRobotsOnBlackSite,numberOfRobotsOnWhiteSite
21260,29,15
timeStep,numberOfRobotsOnBlackSite,numberOfRobotsOnWhiteSite
21261,29,15
timeStep,numberOfRobotsOnBlackSite,numberOfRobotsOnWhiteSite
21262,29,15
timeStep,numberOfRobotsOnBlackSite,numberOfRobotsOnWhiteSite
21263,29,15
timeStep,numberOfRobotsOnBlackSite,numberOfRobotsOnWhiteSite
21264,29,15
timeStep,numberOfRobotsOnBlackSite,numberOfRobotsOnWhiteSite
21265,29,15
timeStep,numberOfRobotsOnBlackSite,numberOfRobotsOnWhiteSite
21266,29,15
timeStep,numberOfRobotsOnBlackSite,numberOfRobotsOnWhiteSite
21267,29,15
timeStep,numberOfRobotsOnBlackSite,numberOfRobotsOnWhiteSite
21268,29,15
timeStep,numberOfRobotsOnBlackSite,numberOfRobotsOnWhiteSite
21269,29,15
timeStep,numberOfRobotsOnBlackSite,numberOfRobotsOnWhiteSite
21270,29,15
timeStep,numberOfRobotsOnBlackSite,numberOfRobotsOnWhiteSite
21271,29,15
timeStep,numberOfRobotsOnBlackSite,numberOfRobotsOnWhiteSite
21272,29,15
timeStep,numberOfRobotsOnBlackSite,numberOfRobotsOnWhiteSite
21273,29,15
timeStep,numberOfRobotsOnBlackSite,numberOfRobotsOnWhiteSite
21274,29,15
timeStep,numberOfRobotsOnBlackSite,numberOfRobotsOnWhiteSite
21275,29,15
timeStep,numberOfRobotsOnBlackSite,numberOfRobotsOnWhiteSite
21276,29,15
timeStep,numberOfRobotsOnBlackSite,numberOfRobotsOnWhiteSite
21277,29,15
timeStep,numberOfRobotsOnBlackSite,numberOfRobotsOnWhiteSite
21278,29,15
timeStep,numberOfRobotsOnBlackSite,numberOfRobotsOnWhiteSite
21279,29,15
timeStep,numberOfRobotsOnBlackSite,numberOfRobotsOnWhiteSite
21280,29,15
timeStep,numberOfRobotsOnBlackSite,numberOfRobotsOnWhiteSite
21281,29,15
timeStep,numberOfRobotsOnBlackSite,numberOfRobotsOnWhiteSite
21282,29,15
timeStep,numberOfRobotsOnBlackSite,numberOfRobotsOnWhiteSite
21283,29,15
timeStep,numberOfRobotsOnBlackSite,numberOfRobotsOnWhiteSite
21284,29,15
timeStep,numberOfRobotsOnBlackSite,numberOfRobotsOnWhiteSite
21285,29,15
timeStep,numberOfRobotsOnBlackSite,numberOfRobotsOnWhiteSite
21286,29,15
timeStep,numberOfRobotsOnBlackSite,numberOfRobotsOnWhiteSite
21287,29,15
timeStep,numberOfRobotsOnBlackSite,numberOfRobotsOnWhiteSite
21288,29,15
timeStep,numberOfRobotsOnBlackSite,numberOfRobotsOnWhiteSite
21289,29,15
timeStep,numberOfRobotsOnBlackSite,numberOfRobotsOnWhiteSite
21290,29,15
timeStep,numberOfRobotsOnBlackSite,numberOfRobotsOnWhiteSite
21291,29,15
timeStep,numberOfRobotsOnBlackSite,numberOfRobotsOnWhiteSite
21292,29,15
timeStep,numberOfRobotsOnBlackSite,numberOfRobotsOnWhiteSite
21293,29,15
timeStep,numberOfRobotsOnBlackSite,numberOfRobotsOnWhiteSite
21294,29,15
timeStep,numberOfRobotsOnBlackSite,numberOfRobotsOnWhiteSite
21295,29,15
timeStep,numberOfRobotsOnBlackSite,numberOfRobotsOnWhiteSite
21296,29,15
timeStep,numberOfRobotsOnBlackSite,numberOfRobotsOnWhiteSite
21297,29,15
timeStep,numberOfRobotsOnBlackSite,numberOfRobotsOnWhiteSite
21298,29,15
timeStep,numberOfRobotsOnBlackSite,numberOfRobotsOnWhiteSite
21299,29,15
timeStep,numberOfRobotsOnBlackSite,numberOfRobotsOnWhiteSite
21300,29,15
timeStep,numberOfRobotsOnBlackSite,numberOfRobotsOnWhiteSite
21301,29,15
timeStep,numberOfRobotsOnBlackSite,numberOfRobotsOnWhiteSite
21302,29,15
timeStep,numberOfRobotsOnBlackSite,numberOfRobotsOnWhiteSite
21303,29,15
timeStep,numberOfRobotsOnBlackSite,numberOfRobotsOnWhiteSite
21304,29,15
timeStep,numberOfRobotsOnBlackSite,numberOfRobotsOnWhiteSite
21305,29,15
timeStep,numberOfRobotsOnBlackSite,numberOfRobotsOnWhiteSite
21306,29,15
timeStep,numberOfRobotsOnBlackSite,numberOfRobotsOnWhiteSite
21307,29,15
timeStep,numberOfRobotsOnBlackSite,numberOfRobotsOnWhiteSite
21308,29,15
timeStep,numberOfRobotsOnBlackSite,numberOfRobotsOnWhiteSite
21309,29,15
timeStep,numberOfRobotsOnBlackSite,numberOfRobotsOnWhiteSite
21310,29,15
timeStep,numberOfRobotsOnBlackSite,numberOfRobotsOnWhiteSite
21311,29,15
timeStep,numberOfRobotsOnBlackSite,numberOfRobotsOnWhiteSite
21312,29,15
timeStep,numberOfRobotsOnBlackSite,numberOfRobotsOnWhiteSite
21313,29,15
timeStep,numberOfRobotsOnBlackSite,numberOfRobotsOnWhiteSite
21314,29,15
timeStep,numberOfRobotsOnBlackSite,numberOfRobotsOnWhiteSite
21315,29,15
timeStep,numberOfRobotsOnBlackSite,numberOfRobotsOnWhiteSite
21316,29,15
timeStep,numberOfRobotsOnBlackSite,numberOfRobotsOnWhiteSite
21317,29,15
timeStep,numberOfRobotsOnBlackSite,numberOfRobotsOnWhiteSite
21318,29,15
timeStep,numberOfRobotsOnBlackSite,numberOfRobotsOnWhiteSite
21319,29,15
timeStep,numberOfRobotsOnBlackSite,numberOfRobotsOnWhiteSite
21320,29,15
timeStep,numberOfRobotsOnBlackSite,numberOfRobotsOnWhiteSite
21321,29,15
timeStep,numberOfRobotsOnBlackSite,numberOfRobotsOnWhiteSite
21322,29,15
timeStep,numberOfRobotsOnBlackSite,numberOfRobotsOnWhiteSite
21323,29,15
timeStep,numberOfRobotsOnBlackSite,numberOfRobotsOnWhiteSite
21324,29,15
timeStep,numberOfRobotsOnBlackSite,numberOfRobotsOnWhiteSite
21325,29,15
timeStep,numberOfRobotsOnBlackSite,numberOfRobotsOnWhiteSite
21326,29,15
timeStep,numberOfRobotsOnBlackSite,numberOfRobotsOnWhiteSite
21327,29,15
timeStep,numberOfRobotsOnBlackSite,numberOfRobotsOnWhiteSite
21328,29,15
timeStep,numberOfRobotsOnBlackSite,numberOfRobotsOnWhiteSite
21329,29,15
timeStep,numberOfRobotsOnBlackSite,numberOfRobotsOnWhiteSite
21330,29,15
timeStep,numberOfRobotsOnBlackSite,numberOfRobotsOnWhiteSite
21331,29,15
timeStep,numberOfRobotsOnBlackSite,numberOfRobotsOnWhiteSite
21332,29,15
timeStep,numberOfRobotsOnBlackSite,numberOfRobotsOnWhiteSite
21333,29,15
timeStep,numberOfRobotsOnBlackSite,numberOfRobotsOnWhiteSite
21334,29,15
timeStep,numberOfRobotsOnBlackSite,numberOfRobotsOnWhiteSite
21335,29,15
timeStep,numberOfRobotsOnBlackSite,numberOfRobotsOnWhiteSite
21336,29,15
timeStep,numberOfRobotsOnBlackSite,numberOfRobotsOnWhiteSite
21337,29,15
timeStep,numberOfRobotsOnBlackSite,numberOfRobotsOnWhiteSite
21338,29,15
timeStep,numberOfRobotsOnBlackSite,numberOfRobotsOnWhiteSite
21339,29,15
timeStep,numberOfRobotsOnBlackSite,numberOfRobotsOnWhiteSite
21340,29,15
timeStep,numberOfRobotsOnBlackSite,numberOfRobotsOnWhiteSite
21341,29,15
timeStep,numberOfRobotsOnBlackSite,numberOfRobotsOnWhiteSite
21342,29,15
timeStep,numberOfRobotsOnBlackSite,numberOfRobotsOnWhiteSite
21343,29,15
timeStep,numberOfRobotsOnBlackSite,numberOfRobotsOnWhiteSite
21344,29,15
timeStep,numberOfRobotsOnBlackSite,numberOfRobotsOnWhiteSite
21345,28,15
timeStep,numberOfRobotsOnBlackSite,numberOfRobotsOnWhiteSite
21346,28,15
timeStep,numberOfRobotsOnBlackSite,numberOfRobotsOnWhiteSite
21347,28,15
timeStep,numberOfRobotsOnBlackSite,numberOfRobotsOnWhiteSite
21348,28,15
timeStep,numberOfRobotsOnBlackSite,numberOfRobotsOnWhiteSite
21349,28,15
timeStep,numberOfRobotsOnBlackSite,numberOfRobotsOnWhiteSite
21350,28,15
timeStep,numberOfRobotsOnBlackSite,numberOfRobotsOnWhiteSite
21351,28,15
timeStep,numberOfRobotsOnBlackSite,numberOfRobotsOnWhiteSite
21352,28,15
timeStep,numberOfRobotsOnBlackSite,numberOfRobotsOnWhiteSite
21353,28,15
timeStep,numberOfRobotsOnBlackSite,numberOfRobotsOnWhiteSite
21354,28,15
timeStep,numberOfRobotsOnBlackSite,numberOfRobotsOnWhiteSite
21355,28,15
timeStep,numberOfRobotsOnBlackSite,numberOfRobotsOnWhiteSite
21356,28,15
timeStep,numberOfRobotsOnBlackSite,numberOfRobotsOnWhiteSite
21357,28,15
timeStep,numberOfRobotsOnBlackSite,numberOfRobotsOnWhiteSite
21358,28,15
timeStep,numberOfRobotsOnBlackSite,numberOfRobotsOnWhiteSite
21359,28,15
timeStep,numberOfRobotsOnBlackSite,numberOfRobotsOnWhiteSite
21360,28,15
timeStep,numberOfRobotsOnBlackSite,numberOfRobotsOnWhiteSite
21361,28,15
timeStep,numberOfRobotsOnBlackSite,numberOfRobotsOnWhiteSite
21362,28,15
timeStep,numberOfRobotsOnBlackSite,numberOfRobotsOnWhiteSite
21363,28,15
timeStep,numberOfRobotsOnBlackSite,numberOfRobotsOnWhiteSite
21364,28,15
timeStep,numberOfRobotsOnBlackSite,numberOfRobotsOnWhiteSite
21365,28,15
timeStep,numberOfRobotsOnBlackSite,numberOfRobotsOnWhiteSite
21366,28,15
timeStep,numberOfRobotsOnBlackSite,numberOfRobotsOnWhiteSite
21367,28,15
timeStep,numberOfRobotsOnBlackSite,numberOfRobotsOnWhiteSite
21368,28,15
timeStep,numberOfRobotsOnBlackSite,numberOfRobotsOnWhiteSite
21369,28,15
timeStep,numberOfRobotsOnBlackSite,numberOfRobotsOnWhiteSite
21370,28,15
timeStep,numberOfRobotsOnBlackSite,numberOfRobotsOnWhiteSite
21371,28,15
timeStep,numberOfRobotsOnBlackSite,numberOfRobotsOnWhiteSite
21372,28,15
timeStep,numberOfRobotsOnBlackSite,numberOfRobotsOnWhiteSite
21373,28,15
timeStep,numberOfRobotsOnBlackSite,numberOfRobotsOnWhiteSite
21374,28,15
timeStep,numberOfRobotsOnBlackSite,numberOfRobotsOnWhiteSite
21375,28,15
timeStep,numberOfRobotsOnBlackSite,numberOfRobotsOnWhiteSite
21376,28,15
timeStep,numberOfRobotsOnBlackSite,numberOfRobotsOnWhiteSite
21377,28,15
timeStep,numberOfRobotsOnBlackSite,numberOfRobotsOnWhiteSite
21378,28,15
timeStep,numberOfRobotsOnBlackSite,numberOfRobotsOnWhiteSite
21379,28,15
timeStep,numberOfRobotsOnBlackSite,numberOfRobotsOnWhiteSite
21380,28,15
timeStep,numberOfRobotsOnBlackSite,numberOfRobotsOnWhiteSite
21381,28,15
timeStep,numberOfRobotsOnBlackSite,numberOfRobotsOnWhiteSite
21382,28,15
timeStep,numberOfRobotsOnBlackSite,numberOfRobotsOnWhiteSite
21383,28,15
timeStep,numberOfRobotsOnBlackSite,numberOfRobotsOnWhiteSite
21384,28,15
timeStep,numberOfRobotsOnBlackSite,numberOfRobotsOnWhiteSite
21385,28,15
timeStep,numberOfRobotsOnBlackSite,numberOfRobotsOnWhiteSite
21386,28,15
timeStep,numberOfRobotsOnBlackSite,numberOfRobotsOnWhiteSite
21387,28,15
timeStep,numberOfRobotsOnBlackSite,numberOfRobotsOnWhiteSite
21388,28,15
timeStep,numberOfRobotsOnBlackSite,numberOfRobotsOnWhiteSite
21389,28,15
timeStep,numberOfRobotsOnBlackSite,numberOfRobotsOnWhiteSite
21390,28,15
timeStep,numberOfRobotsOnBlackSite,numberOfRobotsOnWhiteSite
21391,28,15
timeStep,numberOfRobotsOnBlackSite,numberOfRobotsOnWhiteSite
21392,28,15
timeStep,numberOfRobotsOnBlackSite,numberOfRobotsOnWhiteSite
21393,28,15
timeStep,numberOfRobotsOnBlackSite,numberOfRobotsOnWhiteSite
21394,28,15
timeStep,numberOfRobotsOnBlackSite,numberOfRobotsOnWhiteSite
21395,28,15
timeStep,numberOfRobotsOnBlackSite,numberOfRobotsOnWhiteSite
21396,28,15
timeStep,numberOfRobotsOnBlackSite,numberOfRobotsOnWhiteSite
21397,28,15
timeStep,numberOfRobotsOnBlackSite,numberOfRobotsOnWhiteSite
21398,28,15
timeStep,numberOfRobotsOnBlackSite,numberOfRobotsOnWhiteSite
21399,28,15
timeStep,numberOfRobotsOnBlackSite,numberOfRobotsOnWhiteSite
21400,28,15
timeStep,numberOfRobotsOnBlackSite,numberOfRobotsOnWhiteSite
21401,28,15
timeStep,numberOfRobotsOnBlackSite,numberOfRobotsOnWhiteSite
21402,28,15
timeStep,numberOfRobotsOnBlackSite,numberOfRobotsOnWhiteSite
21403,28,15
timeStep,numberOfRobotsOnBlackSite,numberOfRobotsOnWhiteSite
21404,28,15
timeStep,numberOfRobotsOnBlackSite,numberOfRobotsOnWhiteSite
21405,29,15
timeStep,numberOfRobotsOnBlackSite,numberOfRobotsOnWhiteSite
21406,29,15
timeStep,numberOfRobotsOnBlackSite,numberOfRobotsOnWhiteSite
21407,29,15
timeStep,numberOfRobotsOnBlackSite,numberOfRobotsOnWhiteSite
21408,29,15
timeStep,numberOfRobotsOnBlackSite,numberOfRobotsOnWhiteSite
21409,29,15
timeStep,numberOfRobotsOnBlackSite,numberOfRobotsOnWhiteSite
21410,29,15
timeStep,numberOfRobotsOnBlackSite,numberOfRobotsOnWhiteSite
21411,29,15
timeStep,numberOfRobotsOnBlackSite,numberOfRobotsOnWhiteSite
21412,29,15
timeStep,numberOfRobotsOnBlackSite,numberOfRobotsOnWhiteSite
21413,29,15
timeStep,numberOfRobotsOnBlackSite,numberOfRobotsOnWhiteSite
21414,29,15
timeStep,numberOfRobotsOnBlackSite,numberOfRobotsOnWhiteSite
21415,29,15
timeStep,numberOfRobotsOnBlackSite,numberOfRobotsOnWhiteSite
21416,29,15
timeStep,numberOfRobotsOnBlackSite,numberOfRobotsOnWhiteSite
21417,29,15
timeStep,numberOfRobotsOnBlackSite,numberOfRobotsOnWhiteSite
21418,29,15
timeStep,numberOfRobotsOnBlackSite,numberOfRobotsOnWhiteSite
21419,29,15
timeStep,numberOfRobotsOnBlackSite,numberOfRobotsOnWhiteSite
21420,29,15
timeStep,numberOfRobotsOnBlackSite,numberOfRobotsOnWhiteSite
21421,29,15
timeStep,numberOfRobotsOnBlackSite,numberOfRobotsOnWhiteSite
21422,29,15
timeStep,numberOfRobotsOnBlackSite,numberOfRobotsOnWhiteSite
21423,29,15
timeStep,numberOfRobotsOnBlackSite,numberOfRobotsOnWhiteSite
21424,29,15
timeStep,numberOfRobotsOnBlackSite,numberOfRobotsOnWhiteSite
21425,29,15
timeStep,numberOfRobotsOnBlackSite,numberOfRobotsOnWhiteSite
21426,29,15
timeStep,numberOfRobotsOnBlackSite,numberOfRobotsOnWhiteSite
21427,29,15
timeStep,numberOfRobotsOnBlackSite,numberOfRobotsOnWhiteSite
21428,29,15
timeStep,numberOfRobotsOnBlackSite,numberOfRobotsOnWhiteSite
21429,29,15
timeStep,numberOfRobotsOnBlackSite,numberOfRobotsOnWhiteSite
21430,30,15
timeStep,numberOfRobotsOnBlackSite,numberOfRobotsOnWhiteSite
21431,30,15
timeStep,numberOfRobotsOnBlackSite,numberOfRobotsOnWhiteSite
21432,30,15
timeStep,numberOfRobotsOnBlackSite,numberOfRobotsOnWhiteSite
21433,30,15
timeStep,numberOfRobotsOnBlackSite,numberOfRobotsOnWhiteSite
21434,30,15
timeStep,numberOfRobotsOnBlackSite,numberOfRobotsOnWhiteSite
21435,30,15
timeStep,numberOfRobotsOnBlackSite,numberOfRobotsOnWhiteSite
21436,30,15
timeStep,numberOfRobotsOnBlackSite,numberOfRobotsOnWhiteSite
21437,30,15
timeStep,numberOfRobotsOnBlackSite,numberOfRobotsOnWhiteSite
21438,30,15
timeStep,numberOfRobotsOnBlackSite,numberOfRobotsOnWhiteSite
21439,30,15
timeStep,numberOfRobotsOnBlackSite,numberOfRobotsOnWhiteSite
21440,30,15
timeStep,numberOfRobotsOnBlackSite,numberOfRobotsOnWhiteSite
21441,30,15
timeStep,numberOfRobotsOnBlackSite,numberOfRobotsOnWhiteSite
21442,30,15
timeStep,numberOfRobotsOnBlackSite,numberOfRobotsOnWhiteSite
21443,30,15
timeStep,numberOfRobotsOnBlackSite,numberOfRobotsOnWhiteSite
21444,30,15
timeStep,numberOfRobotsOnBlackSite,numberOfRobotsOnWhiteSite
21445,30,15
timeStep,numberOfRobotsOnBlackSite,numberOfRobotsOnWhiteSite
21446,30,15
timeStep,numberOfRobotsOnBlackSite,numberOfRobotsOnWhiteSite
21447,30,15
timeStep,numberOfRobotsOnBlackSite,numberOfRobotsOnWhiteSite
21448,30,15
timeStep,numberOfRobotsOnBlackSite,numberOfRobotsOnWhiteSite
21449,30,15
timeStep,numberOfRobotsOnBlackSite,numberOfRobotsOnWhiteSite
21450,29,15
timeStep,numberOfRobotsOnBlackSite,numberOfRobotsOnWhiteSite
21451,29,15
timeStep,numberOfRobotsOnBlackSite,numberOfRobotsOnWhiteSite
21452,29,15
timeStep,numberOfRobotsOnBlackSite,numberOfRobotsOnWhiteSite
21453,29,15
timeStep,numberOfRobotsOnBlackSite,numberOfRobotsOnWhiteSite
21454,29,15
timeStep,numberOfRobotsOnBlackSite,numberOfRobotsOnWhiteSite
21455,29,15
timeStep,numberOfRobotsOnBlackSite,numberOfRobotsOnWhiteSite
21456,29,15
timeStep,numberOfRobotsOnBlackSite,numberOfRobotsOnWhiteSite
21457,29,15
timeStep,numberOfRobotsOnBlackSite,numberOfRobotsOnWhiteSite
21458,29,15
timeStep,numberOfRobotsOnBlackSite,numberOfRobotsOnWhiteSite
21459,29,15
timeStep,numberOfRobotsOnBlackSite,numberOfRobotsOnWhiteSite
21460,29,15
timeStep,numberOfRobotsOnBlackSite,numberOfRobotsOnWhiteSite
21461,29,15
timeStep,numberOfRobotsOnBlackSite,numberOfRobotsOnWhiteSite
21462,29,15
timeStep,numberOfRobotsOnBlackSite,numberOfRobotsOnWhiteSite
21463,29,15
timeStep,numberOfRobotsOnBlackSite,numberOfRobotsOnWhiteSite
21464,29,15
timeStep,numberOfRobotsOnBlackSite,numberOfRobotsOnWhiteSite
21465,29,15
timeStep,numberOfRobotsOnBlackSite,numberOfRobotsOnWhiteSite
21466,29,15
timeStep,numberOfRobotsOnBlackSite,numberOfRobotsOnWhiteSite
21467,29,15
timeStep,numberOfRobotsOnBlackSite,numberOfRobotsOnWhiteSite
21468,29,15
timeStep,numberOfRobotsOnBlackSite,numberOfRobotsOnWhiteSite
21469,29,15
timeStep,numberOfRobotsOnBlackSite,numberOfRobotsOnWhiteSite
21470,29,15
timeStep,numberOfRobotsOnBlackSite,numberOfRobotsOnWhiteSite
21471,29,15
timeStep,numberOfRobotsOnBlackSite,numberOfRobotsOnWhiteSite
21472,29,15
timeStep,numberOfRobotsOnBlackSite,numberOfRobotsOnWhiteSite
21473,29,15
timeStep,numberOfRobotsOnBlackSite,numberOfRobotsOnWhiteSite
21474,29,15
timeStep,numberOfRobotsOnBlackSite,numberOfRobotsOnWhiteSite
21475,29,15
timeStep,numberOfRobotsOnBlackSite,numberOfRobotsOnWhiteSite
21476,29,15
timeStep,numberOfRobotsOnBlackSite,numberOfRobotsOnWhiteSite
21477,29,15
timeStep,numberOfRobotsOnBlackSite,numberOfRobotsOnWhiteSite
21478,29,15
timeStep,numberOfRobotsOnBlackSite,numberOfRobotsOnWhiteSite
21479,29,15
timeStep,numberOfRobotsOnBlackSite,numberOfRobotsOnWhiteSite
21480,29,15
timeStep,numberOfRobotsOnBlackSite,numberOfRobotsOnWhiteSite
21481,29,15
timeStep,numberOfRobotsOnBlackSite,numberOfRobotsOnWhiteSite
21482,29,15
timeStep,numberOfRobotsOnBlackSite,numberOfRobotsOnWhiteSite
21483,29,15
timeStep,numberOfRobotsOnBlackSite,numberOfRobotsOnWhiteSite
21484,29,15
timeStep,numberOfRobotsOnBlackSite,numberOfRobotsOnWhiteSite
21485,29,15
timeStep,numberOfRobotsOnBlackSite,numberOfRobotsOnWhiteSite
21486,29,15
timeStep,numberOfRobotsOnBlackSite,numberOfRobotsOnWhiteSite
21487,29,15
timeStep,numberOfRobotsOnBlackSite,numberOfRobotsOnWhiteSite
21488,29,15
timeStep,numberOfRobotsOnBlackSite,numberOfRobotsOnWhiteSite
21489,29,15
timeStep,numberOfRobotsOnBlackSite,numberOfRobotsOnWhiteSite
21490,29,15
timeStep,numberOfRobotsOnBlackSite,numberOfRobotsOnWhiteSite
21491,29,15
timeStep,numberOfRobotsOnBlackSite,numberOfRobotsOnWhiteSite
21492,29,15
timeStep,numberOfRobotsOnBlackSite,numberOfRobotsOnWhiteSite
21493,29,15
timeStep,numberOfRobotsOnBlackSite,numberOfRobotsOnWhiteSite
21494,29,15
timeStep,numberOfRobotsOnBlackSite,numberOfRobotsOnWhiteSite
21495,29,15
timeStep,numberOfRobotsOnBlackSite,numberOfRobotsOnWhiteSite
21496,29,15
timeStep,numberOfRobotsOnBlackSite,numberOfRobotsOnWhiteSite
21497,29,15
timeStep,numberOfRobotsOnBlackSite,numberOfRobotsOnWhiteSite
21498,29,15
timeStep,numberOfRobotsOnBlackSite,numberOfRobotsOnWhiteSite
21499,29,15
timeStep,numberOfRobotsOnBlackSite,numberOfRobotsOnWhiteSite
21500,29,15
timeStep,numberOfRobotsOnBlackSite,numberOfRobotsOnWhiteSite
21501,29,15
timeStep,numberOfRobotsOnBlackSite,numberOfRobotsOnWhiteSite
21502,29,15
timeStep,numberOfRobotsOnBlackSite,numberOfRobotsOnWhiteSite
21503,29,15
timeStep,numberOfRobotsOnBlackSite,numberOfRobotsOnWhiteSite
21504,29,15
timeStep,numberOfRobotsOnBlackSite,numberOfRobotsOnWhiteSite
21505,29,15
timeStep,numberOfRobotsOnBlackSite,numberOfRobotsOnWhiteSite
21506,29,15
timeStep,numberOfRobotsOnBlackSite,numberOfRobotsOnWhiteSite
21507,29,15
timeStep,numberOfRobotsOnBlackSite,numberOfRobotsOnWhiteSite
21508,29,15
timeStep,numberOfRobotsOnBlackSite,numberOfRobotsOnWhiteSite
21509,29,15
timeStep,numberOfRobotsOnBlackSite,numberOfRobotsOnWhiteSite
21510,29,15
timeStep,numberOfRobotsOnBlackSite,numberOfRobotsOnWhiteSite
21511,29,15
timeStep,numberOfRobotsOnBlackSite,numberOfRobotsOnWhiteSite
21512,29,15
timeStep,numberOfRobotsOnBlackSite,numberOfRobotsOnWhiteSite
21513,29,15
timeStep,numberOfRobotsOnBlackSite,numberOfRobotsOnWhiteSite
21514,29,15
timeStep,numberOfRobotsOnBlackSite,numberOfRobotsOnWhiteSite
21515,29,15
timeStep,numberOfRobotsOnBlackSite,numberOfRobotsOnWhiteSite
21516,29,15
timeStep,numberOfRobotsOnBlackSite,numberOfRobotsOnWhiteSite
21517,29,15
timeStep,numberOfRobotsOnBlackSite,numberOfRobotsOnWhiteSite
21518,29,15
timeStep,numberOfRobotsOnBlackSite,numberOfRobotsOnWhiteSite
21519,29,15
timeStep,numberOfRobotsOnBlackSite,numberOfRobotsOnWhiteSite
21520,29,15
timeStep,numberOfRobotsOnBlackSite,numberOfRobotsOnWhiteSite
21521,29,15
timeStep,numberOfRobotsOnBlackSite,numberOfRobotsOnWhiteSite
21522,29,15
timeStep,numberOfRobotsOnBlackSite,numberOfRobotsOnWhiteSite
21523,29,15
timeStep,numberOfRobotsOnBlackSite,numberOfRobotsOnWhiteSite
21524,29,15
timeStep,numberOfRobotsOnBlackSite,numberOfRobotsOnWhiteSite
21525,29,15
timeStep,numberOfRobotsOnBlackSite,numberOfRobotsOnWhiteSite
21526,29,15
timeStep,numberOfRobotsOnBlackSite,numberOfRobotsOnWhiteSite
21527,29,15
timeStep,numberOfRobotsOnBlackSite,numberOfRobotsOnWhiteSite
21528,29,15
timeStep,numberOfRobotsOnBlackSite,numberOfRobotsOnWhiteSite
21529,29,15
timeStep,numberOfRobotsOnBlackSite,numberOfRobotsOnWhiteSite
21530,29,15
timeStep,numberOfRobotsOnBlackSite,numberOfRobotsOnWhiteSite
21531,29,15
timeStep,numberOfRobotsOnBlackSite,numberOfRobotsOnWhiteSite
21532,29,15
timeStep,numberOfRobotsOnBlackSite,numberOfRobotsOnWhiteSite
21533,29,15
timeStep,numberOfRobotsOnBlackSite,numberOfRobotsOnWhiteSite
21534,29,15
timeStep,numberOfRobotsOnBlackSite,numberOfRobotsOnWhiteSite
21535,29,15
timeStep,numberOfRobotsOnBlackSite,numberOfRobotsOnWhiteSite
21536,29,15
timeStep,numberOfRobotsOnBlackSite,numberOfRobotsOnWhiteSite
21537,29,15
timeStep,numberOfRobotsOnBlackSite,numberOfRobotsOnWhiteSite
21538,29,15
timeStep,numberOfRobotsOnBlackSite,numberOfRobotsOnWhiteSite
21539,29,15
timeStep,numberOfRobotsOnBlackSite,numberOfRobotsOnWhiteSite
21540,29,15
timeStep,numberOfRobotsOnBlackSite,numberOfRobotsOnWhiteSite
21541,29,15
timeStep,numberOfRobotsOnBlackSite,numberOfRobotsOnWhiteSite
21542,29,15
timeStep,numberOfRobotsOnBlackSite,numberOfRobotsOnWhiteSite
21543,29,15
timeStep,numberOfRobotsOnBlackSite,numberOfRobotsOnWhiteSite
21544,29,15
timeStep,numberOfRobotsOnBlackSite,numberOfRobotsOnWhiteSite
21545,29,15
timeStep,numberOfRobotsOnBlackSite,numberOfRobotsOnWhiteSite
21546,29,15
timeStep,numberOfRobotsOnBlackSite,numberOfRobotsOnWhiteSite
21547,29,15
timeStep,numberOfRobotsOnBlackSite,numberOfRobotsOnWhiteSite
21548,29,15
timeStep,numberOfRobotsOnBlackSite,numberOfRobotsOnWhiteSite
21549,29,15
timeStep,numberOfRobotsOnBlackSite,numberOfRobotsOnWhiteSite
21550,30,15
timeStep,numberOfRobotsOnBlackSite,numberOfRobotsOnWhiteSite
21551,30,15
timeStep,numberOfRobotsOnBlackSite,numberOfRobotsOnWhiteSite
21552,30,15
timeStep,numberOfRobotsOnBlackSite,numberOfRobotsOnWhiteSite
21553,30,15
timeStep,numberOfRobotsOnBlackSite,numberOfRobotsOnWhiteSite
21554,30,15
timeStep,numberOfRobotsOnBlackSite,numberOfRobotsOnWhiteSite
21555,30,15
timeStep,numberOfRobotsOnBlackSite,numberOfRobotsOnWhiteSite
21556,30,15
timeStep,numberOfRobotsOnBlackSite,numberOfRobotsOnWhiteSite
21557,30,15
timeStep,numberOfRobotsOnBlackSite,numberOfRobotsOnWhiteSite
21558,30,15
timeStep,numberOfRobotsOnBlackSite,numberOfRobotsOnWhiteSite
21559,30,15
timeStep,numberOfRobotsOnBlackSite,numberOfRobotsOnWhiteSite
21560,30,15
timeStep,numberOfRobotsOnBlackSite,numberOfRobotsOnWhiteSite
21561,30,15
timeStep,numberOfRobotsOnBlackSite,numberOfRobotsOnWhiteSite
21562,30,15
timeStep,numberOfRobotsOnBlackSite,numberOfRobotsOnWhiteSite
21563,30,15
timeStep,numberOfRobotsOnBlackSite,numberOfRobotsOnWhiteSite
21564,30,15
timeStep,numberOfRobotsOnBlackSite,numberOfRobotsOnWhiteSite
21565,30,15
timeStep,numberOfRobotsOnBlackSite,numberOfRobotsOnWhiteSite
21566,30,15
timeStep,numberOfRobotsOnBlackSite,numberOfRobotsOnWhiteSite
21567,30,15
timeStep,numberOfRobotsOnBlackSite,numberOfRobotsOnWhiteSite
21568,30,15
timeStep,numberOfRobotsOnBlackSite,numberOfRobotsOnWhiteSite
21569,30,15
timeStep,numberOfRobotsOnBlackSite,numberOfRobotsOnWhiteSite
21570,30,15
timeStep,numberOfRobotsOnBlackSite,numberOfRobotsOnWhiteSite
21571,30,15
timeStep,numberOfRobotsOnBlackSite,numberOfRobotsOnWhiteSite
21572,30,15
timeStep,numberOfRobotsOnBlackSite,numberOfRobotsOnWhiteSite
21573,30,15
timeStep,numberOfRobotsOnBlackSite,numberOfRobotsOnWhiteSite
21574,30,15
timeStep,numberOfRobotsOnBlackSite,numberOfRobotsOnWhiteSite
21575,30,15
timeStep,numberOfRobotsOnBlackSite,numberOfRobotsOnWhiteSite
21576,30,15
timeStep,numberOfRobotsOnBlackSite,numberOfRobotsOnWhiteSite
21577,30,15
timeStep,numberOfRobotsOnBlackSite,numberOfRobotsOnWhiteSite
21578,30,15
timeStep,numberOfRobotsOnBlackSite,numberOfRobotsOnWhiteSite
21579,30,15
timeStep,numberOfRobotsOnBlackSite,numberOfRobotsOnWhiteSite
21580,30,15
timeStep,numberOfRobotsOnBlackSite,numberOfRobotsOnWhiteSite
21581,30,15
timeStep,numberOfRobotsOnBlackSite,numberOfRobotsOnWhiteSite
21582,30,15
timeStep,numberOfRobotsOnBlackSite,numberOfRobotsOnWhiteSite
21583,30,15
timeStep,numberOfRobotsOnBlackSite,numberOfRobotsOnWhiteSite
21584,30,15
timeStep,numberOfRobotsOnBlackSite,numberOfRobotsOnWhiteSite
21585,30,15
timeStep,numberOfRobotsOnBlackSite,numberOfRobotsOnWhiteSite
21586,30,15
timeStep,numberOfRobotsOnBlackSite,numberOfRobotsOnWhiteSite
21587,30,15
timeStep,numberOfRobotsOnBlackSite,numberOfRobotsOnWhiteSite
21588,30,15
timeStep,numberOfRobotsOnBlackSite,numberOfRobotsOnWhiteSite
21589,30,15
timeStep,numberOfRobotsOnBlackSite,numberOfRobotsOnWhiteSite
21590,30,15
timeStep,numberOfRobotsOnBlackSite,numberOfRobotsOnWhiteSite
21591,30,15
timeStep,numberOfRobotsOnBlackSite,numberOfRobotsOnWhiteSite
21592,30,15
timeStep,numberOfRobotsOnBlackSite,numberOfRobotsOnWhiteSite
21593,30,15
timeStep,numberOfRobotsOnBlackSite,numberOfRobotsOnWhiteSite
21594,30,15
timeStep,numberOfRobotsOnBlackSite,numberOfRobotsOnWhiteSite
21595,30,15
timeStep,numberOfRobotsOnBlackSite,numberOfRobotsOnWhiteSite
21596,30,15
timeStep,numberOfRobotsOnBlackSite,numberOfRobotsOnWhiteSite
21597,30,15
timeStep,numberOfRobotsOnBlackSite,numberOfRobotsOnWhiteSite
21598,30,15
timeStep,numberOfRobotsOnBlackSite,numberOfRobotsOnWhiteSite
21599,30,15
timeStep,numberOfRobotsOnBlackSite,numberOfRobotsOnWhiteSite
21600,30,15
timeStep,numberOfRobotsOnBlackSite,numberOfRobotsOnWhiteSite
21601,30,15
timeStep,numberOfRobotsOnBlackSite,numberOfRobotsOnWhiteSite
21602,30,15
timeStep,numberOfRobotsOnBlackSite,numberOfRobotsOnWhiteSite
21603,30,15
timeStep,numberOfRobotsOnBlackSite,numberOfRobotsOnWhiteSite
21604,30,15
timeStep,numberOfRobotsOnBlackSite,numberOfRobotsOnWhiteSite
21605,30,15
timeStep,numberOfRobotsOnBlackSite,numberOfRobotsOnWhiteSite
21606,30,15
timeStep,numberOfRobotsOnBlackSite,numberOfRobotsOnWhiteSite
21607,30,15
timeStep,numberOfRobotsOnBlackSite,numberOfRobotsOnWhiteSite
21608,30,15
timeStep,numberOfRobotsOnBlackSite,numberOfRobotsOnWhiteSite
21609,30,15
timeStep,numberOfRobotsOnBlackSite,numberOfRobotsOnWhiteSite
21610,30,15
timeStep,numberOfRobotsOnBlackSite,numberOfRobotsOnWhiteSite
21611,30,15
timeStep,numberOfRobotsOnBlackSite,numberOfRobotsOnWhiteSite
21612,30,15
timeStep,numberOfRobotsOnBlackSite,numberOfRobotsOnWhiteSite
21613,30,15
timeStep,numberOfRobotsOnBlackSite,numberOfRobotsOnWhiteSite
21614,30,15
timeStep,numberOfRobotsOnBlackSite,numberOfRobotsOnWhiteSite
21615,30,15
timeStep,numberOfRobotsOnBlackSite,numberOfRobotsOnWhiteSite
21616,30,15
timeStep,numberOfRobotsOnBlackSite,numberOfRobotsOnWhiteSite
21617,30,15
timeStep,numberOfRobotsOnBlackSite,numberOfRobotsOnWhiteSite
21618,30,15
timeStep,numberOfRobotsOnBlackSite,numberOfRobotsOnWhiteSite
21619,30,15
timeStep,numberOfRobotsOnBlackSite,numberOfRobotsOnWhiteSite
21620,30,15
timeStep,numberOfRobotsOnBlackSite,numberOfRobotsOnWhiteSite
21621,30,15
timeStep,numberOfRobotsOnBlackSite,numberOfRobotsOnWhiteSite
21622,30,15
timeStep,numberOfRobotsOnBlackSite,numberOfRobotsOnWhiteSite
21623,30,15
timeStep,numberOfRobotsOnBlackSite,numberOfRobotsOnWhiteSite
21624,30,15
timeStep,numberOfRobotsOnBlackSite,numberOfRobotsOnWhiteSite
21625,30,15
timeStep,numberOfRobotsOnBlackSite,numberOfRobotsOnWhiteSite
21626,30,15
timeStep,numberOfRobotsOnBlackSite,numberOfRobotsOnWhiteSite
21627,30,15
timeStep,numberOfRobotsOnBlackSite,numberOfRobotsOnWhiteSite
21628,30,15
timeStep,numberOfRobotsOnBlackSite,numberOfRobotsOnWhiteSite
21629,30,15
timeStep,numberOfRobotsOnBlackSite,numberOfRobotsOnWhiteSite
21630,30,15
timeStep,numberOfRobotsOnBlackSite,numberOfRobotsOnWhiteSite
21631,30,15
timeStep,numberOfRobotsOnBlackSite,numberOfRobotsOnWhiteSite
21632,30,15
timeStep,numberOfRobotsOnBlackSite,numberOfRobotsOnWhiteSite
21633,30,15
timeStep,numberOfRobotsOnBlackSite,numberOfRobotsOnWhiteSite
21634,30,15
timeStep,numberOfRobotsOnBlackSite,numberOfRobotsOnWhiteSite
21635,30,15
timeStep,numberOfRobotsOnBlackSite,numberOfRobotsOnWhiteSite
21636,30,15
timeStep,numberOfRobotsOnBlackSite,numberOfRobotsOnWhiteSite
21637,30,15
timeStep,numberOfRobotsOnBlackSite,numberOfRobotsOnWhiteSite
21638,30,15
timeStep,numberOfRobotsOnBlackSite,numberOfRobotsOnWhiteSite
21639,30,15
timeStep,numberOfRobotsOnBlackSite,numberOfRobotsOnWhiteSite
21640,30,15
timeStep,numberOfRobotsOnBlackSite,numberOfRobotsOnWhiteSite
21641,30,15
timeStep,numberOfRobotsOnBlackSite,numberOfRobotsOnWhiteSite
21642,30,15
timeStep,numberOfRobotsOnBlackSite,numberOfRobotsOnWhiteSite
21643,30,15
timeStep,numberOfRobotsOnBlackSite,numberOfRobotsOnWhiteSite
21644,30,15
timeStep,numberOfRobotsOnBlackSite,numberOfRobotsOnWhiteSite
21645,30,15
timeStep,numberOfRobotsOnBlackSite,numberOfRobotsOnWhiteSite
21646,30,15
timeStep,numberOfRobotsOnBlackSite,numberOfRobotsOnWhiteSite
21647,30,15
timeStep,numberOfRobotsOnBlackSite,numberOfRobotsOnWhiteSite
21648,30,15
timeStep,numberOfRobotsOnBlackSite,numberOfRobotsOnWhiteSite
21649,30,15
timeStep,numberOfRobotsOnBlackSite,numberOfRobotsOnWhiteSite
21650,30,15
timeStep,numberOfRobotsOnBlackSite,numberOfRobotsOnWhiteSite
21651,30,15
timeStep,numberOfRobotsOnBlackSite,numberOfRobotsOnWhiteSite
21652,30,15
timeStep,numberOfRobotsOnBlackSite,numberOfRobotsOnWhiteSite
21653,30,15
timeStep,numberOfRobotsOnBlackSite,numberOfRobotsOnWhiteSite
21654,30,15
timeStep,numberOfRobotsOnBlackSite,numberOfRobotsOnWhiteSite
21655,30,15
timeStep,numberOfRobotsOnBlackSite,numberOfRobotsOnWhiteSite
21656,30,15
timeStep,numberOfRobotsOnBlackSite,numberOfRobotsOnWhiteSite
21657,30,15
timeStep,numberOfRobotsOnBlackSite,numberOfRobotsOnWhiteSite
21658,30,15
timeStep,numberOfRobotsOnBlackSite,numberOfRobotsOnWhiteSite
21659,30,15
timeStep,numberOfRobotsOnBlackSite,numberOfRobotsOnWhiteSite
21660,30,15
timeStep,numberOfRobotsOnBlackSite,numberOfRobotsOnWhiteSite
21661,30,15
timeStep,numberOfRobotsOnBlackSite,numberOfRobotsOnWhiteSite
21662,30,15
timeStep,numberOfRobotsOnBlackSite,numberOfRobotsOnWhiteSite
21663,30,15
timeStep,numberOfRobotsOnBlackSite,numberOfRobotsOnWhiteSite
21664,30,15
timeStep,numberOfRobotsOnBlackSite,numberOfRobotsOnWhiteSite
21665,30,15
timeStep,numberOfRobotsOnBlackSite,numberOfRobotsOnWhiteSite
21666,30,15
timeStep,numberOfRobotsOnBlackSite,numberOfRobotsOnWhiteSite
21667,30,15
timeStep,numberOfRobotsOnBlackSite,numberOfRobotsOnWhiteSite
21668,30,15
timeStep,numberOfRobotsOnBlackSite,numberOfRobotsOnWhiteSite
21669,30,15
timeStep,numberOfRobotsOnBlackSite,numberOfRobotsOnWhiteSite
21670,29,15
timeStep,numberOfRobotsOnBlackSite,numberOfRobotsOnWhiteSite
21671,29,15
timeStep,numberOfRobotsOnBlackSite,numberOfRobotsOnWhiteSite
21672,29,15
timeStep,numberOfRobotsOnBlackSite,numberOfRobotsOnWhiteSite
21673,29,15
timeStep,numberOfRobotsOnBlackSite,numberOfRobotsOnWhiteSite
21674,29,15
timeStep,numberOfRobotsOnBlackSite,numberOfRobotsOnWhiteSite
21675,29,15
timeStep,numberOfRobotsOnBlackSite,numberOfRobotsOnWhiteSite
21676,29,15
timeStep,numberOfRobotsOnBlackSite,numberOfRobotsOnWhiteSite
21677,29,15
timeStep,numberOfRobotsOnBlackSite,numberOfRobotsOnWhiteSite
21678,29,15
timeStep,numberOfRobotsOnBlackSite,numberOfRobotsOnWhiteSite
21679,29,15
timeStep,numberOfRobotsOnBlackSite,numberOfRobotsOnWhiteSite
21680,29,15
timeStep,numberOfRobotsOnBlackSite,numberOfRobotsOnWhiteSite
21681,29,15
timeStep,numberOfRobotsOnBlackSite,numberOfRobotsOnWhiteSite
21682,29,15
timeStep,numberOfRobotsOnBlackSite,numberOfRobotsOnWhiteSite
21683,29,15
timeStep,numberOfRobotsOnBlackSite,numberOfRobotsOnWhiteSite
21684,29,15
timeStep,numberOfRobotsOnBlackSite,numberOfRobotsOnWhiteSite
21685,29,15
timeStep,numberOfRobotsOnBlackSite,numberOfRobotsOnWhiteSite
21686,29,15
timeStep,numberOfRobotsOnBlackSite,numberOfRobotsOnWhiteSite
21687,29,15
timeStep,numberOfRobotsOnBlackSite,numberOfRobotsOnWhiteSite
21688,29,15
timeStep,numberOfRobotsOnBlackSite,numberOfRobotsOnWhiteSite
21689,29,15
timeStep,numberOfRobotsOnBlackSite,numberOfRobotsOnWhiteSite
21690,29,15
timeStep,numberOfRobotsOnBlackSite,numberOfRobotsOnWhiteSite
21691,29,15
timeStep,numberOfRobotsOnBlackSite,numberOfRobotsOnWhiteSite
21692,29,15
timeStep,numberOfRobotsOnBlackSite,numberOfRobotsOnWhiteSite
21693,29,15
timeStep,numberOfRobotsOnBlackSite,numberOfRobotsOnWhiteSite
21694,29,15
timeStep,numberOfRobotsOnBlackSite,numberOfRobotsOnWhiteSite
21695,29,15
timeStep,numberOfRobotsOnBlackSite,numberOfRobotsOnWhiteSite
21696,29,15
timeStep,numberOfRobotsOnBlackSite,numberOfRobotsOnWhiteSite
21697,29,15
timeStep,numberOfRobotsOnBlackSite,numberOfRobotsOnWhiteSite
21698,29,15
timeStep,numberOfRobotsOnBlackSite,numberOfRobotsOnWhiteSite
21699,29,15
timeStep,numberOfRobotsOnBlackSite,numberOfRobotsOnWhiteSite
21700,29,15
timeStep,numberOfRobotsOnBlackSite,numberOfRobotsOnWhiteSite
21701,29,15
timeStep,numberOfRobotsOnBlackSite,numberOfRobotsOnWhiteSite
21702,29,15
timeStep,numberOfRobotsOnBlackSite,numberOfRobotsOnWhiteSite
21703,29,15
timeStep,numberOfRobotsOnBlackSite,numberOfRobotsOnWhiteSite
21704,29,15
timeStep,numberOfRobotsOnBlackSite,numberOfRobotsOnWhiteSite
21705,29,15
timeStep,numberOfRobotsOnBlackSite,numberOfRobotsOnWhiteSite
21706,29,15
timeStep,numberOfRobotsOnBlackSite,numberOfRobotsOnWhiteSite
21707,29,15
timeStep,numberOfRobotsOnBlackSite,numberOfRobotsOnWhiteSite
21708,29,15
timeStep,numberOfRobotsOnBlackSite,numberOfRobotsOnWhiteSite
21709,29,15
timeStep,numberOfRobotsOnBlackSite,numberOfRobotsOnWhiteSite
21710,29,15
timeStep,numberOfRobotsOnBlackSite,numberOfRobotsOnWhiteSite
21711,29,15
timeStep,numberOfRobotsOnBlackSite,numberOfRobotsOnWhiteSite
21712,29,15
timeStep,numberOfRobotsOnBlackSite,numberOfRobotsOnWhiteSite
21713,29,15
timeStep,numberOfRobotsOnBlackSite,numberOfRobotsOnWhiteSite
21714,29,15
timeStep,numberOfRobotsOnBlackSite,numberOfRobotsOnWhiteSite
21715,29,15
timeStep,numberOfRobotsOnBlackSite,numberOfRobotsOnWhiteSite
21716,29,15
timeStep,numberOfRobotsOnBlackSite,numberOfRobotsOnWhiteSite
21717,29,15
timeStep,numberOfRobotsOnBlackSite,numberOfRobotsOnWhiteSite
21718,29,15
timeStep,numberOfRobotsOnBlackSite,numberOfRobotsOnWhiteSite
21719,29,15
timeStep,numberOfRobotsOnBlackSite,numberOfRobotsOnWhiteSite
21720,29,15
timeStep,numberOfRobotsOnBlackSite,numberOfRobotsOnWhiteSite
21721,29,15
timeStep,numberOfRobotsOnBlackSite,numberOfRobotsOnWhiteSite
21722,29,15
timeStep,numberOfRobotsOnBlackSite,numberOfRobotsOnWhiteSite
21723,29,15
timeStep,numberOfRobotsOnBlackSite,numberOfRobotsOnWhiteSite
21724,29,15
timeStep,numberOfRobotsOnBlackSite,numberOfRobotsOnWhiteSite
21725,29,15
timeStep,numberOfRobotsOnBlackSite,numberOfRobotsOnWhiteSite
21726,29,15
timeStep,numberOfRobotsOnBlackSite,numberOfRobotsOnWhiteSite
21727,29,15
timeStep,numberOfRobotsOnBlackSite,numberOfRobotsOnWhiteSite
21728,29,15
timeStep,numberOfRobotsOnBlackSite,numberOfRobotsOnWhiteSite
21729,29,15
timeStep,numberOfRobotsOnBlackSite,numberOfRobotsOnWhiteSite
21730,29,15
timeStep,numberOfRobotsOnBlackSite,numberOfRobotsOnWhiteSite
21731,29,15
timeStep,numberOfRobotsOnBlackSite,numberOfRobotsOnWhiteSite
21732,29,15
timeStep,numberOfRobotsOnBlackSite,numberOfRobotsOnWhiteSite
21733,29,15
timeStep,numberOfRobotsOnBlackSite,numberOfRobotsOnWhiteSite
21734,29,15
timeStep,numberOfRobotsOnBlackSite,numberOfRobotsOnWhiteSite
21735,29,15
timeStep,numberOfRobotsOnBlackSite,numberOfRobotsOnWhiteSite
21736,29,15
timeStep,numberOfRobotsOnBlackSite,numberOfRobotsOnWhiteSite
21737,29,15
timeStep,numberOfRobotsOnBlackSite,numberOfRobotsOnWhiteSite
21738,29,15
timeStep,numberOfRobotsOnBlackSite,numberOfRobotsOnWhiteSite
21739,29,15
timeStep,numberOfRobotsOnBlackSite,numberOfRobotsOnWhiteSite
21740,29,15
timeStep,numberOfRobotsOnBlackSite,numberOfRobotsOnWhiteSite
21741,29,15
timeStep,numberOfRobotsOnBlackSite,numberOfRobotsOnWhiteSite
21742,29,15
timeStep,numberOfRobotsOnBlackSite,numberOfRobotsOnWhiteSite
21743,29,15
timeStep,numberOfRobotsOnBlackSite,numberOfRobotsOnWhiteSite
21744,29,15
timeStep,numberOfRobotsOnBlackSite,numberOfRobotsOnWhiteSite
21745,29,15
timeStep,numberOfRobotsOnBlackSite,numberOfRobotsOnWhiteSite
21746,29,15
timeStep,numberOfRobotsOnBlackSite,numberOfRobotsOnWhiteSite
21747,29,15
timeStep,numberOfRobotsOnBlackSite,numberOfRobotsOnWhiteSite
21748,29,15
timeStep,numberOfRobotsOnBlackSite,numberOfRobotsOnWhiteSite
21749,29,15
timeStep,numberOfRobotsOnBlackSite,numberOfRobotsOnWhiteSite
21750,29,15
timeStep,numberOfRobotsOnBlackSite,numberOfRobotsOnWhiteSite
21751,29,15
timeStep,numberOfRobotsOnBlackSite,numberOfRobotsOnWhiteSite
21752,29,15
timeStep,numberOfRobotsOnBlackSite,numberOfRobotsOnWhiteSite
21753,29,15
timeStep,numberOfRobotsOnBlackSite,numberOfRobotsOnWhiteSite
21754,29,15
timeStep,numberOfRobotsOnBlackSite,numberOfRobotsOnWhiteSite
21755,29,15
timeStep,numberOfRobotsOnBlackSite,numberOfRobotsOnWhiteSite
21756,29,15
timeStep,numberOfRobotsOnBlackSite,numberOfRobotsOnWhiteSite
21757,29,15
timeStep,numberOfRobotsOnBlackSite,numberOfRobotsOnWhiteSite
21758,29,15
timeStep,numberOfRobotsOnBlackSite,numberOfRobotsOnWhiteSite
21759,29,15
timeStep,numberOfRobotsOnBlackSite,numberOfRobotsOnWhiteSite
21760,29,15
timeStep,numberOfRobotsOnBlackSite,numberOfRobotsOnWhiteSite
21761,29,15
timeStep,numberOfRobotsOnBlackSite,numberOfRobotsOnWhiteSite
21762,29,15
timeStep,numberOfRobotsOnBlackSite,numberOfRobotsOnWhiteSite
21763,29,15
timeStep,numberOfRobotsOnBlackSite,numberOfRobotsOnWhiteSite
21764,29,15
timeStep,numberOfRobotsOnBlackSite,numberOfRobotsOnWhiteSite
21765,29,15
timeStep,numberOfRobotsOnBlackSite,numberOfRobotsOnWhiteSite
21766,29,15
timeStep,numberOfRobotsOnBlackSite,numberOfRobotsOnWhiteSite
21767,29,15
timeStep,numberOfRobotsOnBlackSite,numberOfRobotsOnWhiteSite
21768,29,15
timeStep,numberOfRobotsOnBlackSite,numberOfRobotsOnWhiteSite
21769,29,15
timeStep,numberOfRobotsOnBlackSite,numberOfRobotsOnWhiteSite
21770,29,15
timeStep,numberOfRobotsOnBlackSite,numberOfRobotsOnWhiteSite
21771,29,15
timeStep,numberOfRobotsOnBlackSite,numberOfRobotsOnWhiteSite
21772,29,15
timeStep,numberOfRobotsOnBlackSite,numberOfRobotsOnWhiteSite
21773,29,15
timeStep,numberOfRobotsOnBlackSite,numberOfRobotsOnWhiteSite
21774,29,15
timeStep,numberOfRobotsOnBlackSite,numberOfRobotsOnWhiteSite
21775,29,15
timeStep,numberOfRobotsOnBlackSite,numberOfRobotsOnWhiteSite
21776,29,15
timeStep,numberOfRobotsOnBlackSite,numberOfRobotsOnWhiteSite
21777,29,15
timeStep,numberOfRobotsOnBlackSite,numberOfRobotsOnWhiteSite
21778,29,15
timeStep,numberOfRobotsOnBlackSite,numberOfRobotsOnWhiteSite
21779,29,15
timeStep,numberOfRobotsOnBlackSite,numberOfRobotsOnWhiteSite
21780,29,15
timeStep,numberOfRobotsOnBlackSite,numberOfRobotsOnWhiteSite
21781,29,15
timeStep,numberOfRobotsOnBlackSite,numberOfRobotsOnWhiteSite
21782,29,15
timeStep,numberOfRobotsOnBlackSite,numberOfRobotsOnWhiteSite
21783,29,15
timeStep,numberOfRobotsOnBlackSite,numberOfRobotsOnWhiteSite
21784,29,15
timeStep,numberOfRobotsOnBlackSite,numberOfRobotsOnWhiteSite
21785,29,15
timeStep,numberOfRobotsOnBlackSite,numberOfRobotsOnWhiteSite
21786,29,15
timeStep,numberOfRobotsOnBlackSite,numberOfRobotsOnWhiteSite
21787,29,15
timeStep,numberOfRobotsOnBlackSite,numberOfRobotsOnWhiteSite
21788,29,15
timeStep,numberOfRobotsOnBlackSite,numberOfRobotsOnWhiteSite
21789,29,15
timeStep,numberOfRobotsOnBlackSite,numberOfRobotsOnWhiteSite
21790,29,15
timeStep,numberOfRobotsOnBlackSite,numberOfRobotsOnWhiteSite
21791,29,15
timeStep,numberOfRobotsOnBlackSite,numberOfRobotsOnWhiteSite
21792,29,15
timeStep,numberOfRobotsOnBlackSite,numberOfRobotsOnWhiteSite
21793,29,15
timeStep,numberOfRobotsOnBlackSite,numberOfRobotsOnWhiteSite
21794,29,15
timeStep,numberOfRobotsOnBlackSite,numberOfRobotsOnWhiteSite
21795,29,15
timeStep,numberOfRobotsOnBlackSite,numberOfRobotsOnWhiteSite
21796,29,15
timeStep,numberOfRobotsOnBlackSite,numberOfRobotsOnWhiteSite
21797,29,15
timeStep,numberOfRobotsOnBlackSite,numberOfRobotsOnWhiteSite
21798,29,15
timeStep,numberOfRobotsOnBlackSite,numberOfRobotsOnWhiteSite
21799,29,15
timeStep,numberOfRobotsOnBlackSite,numberOfRobotsOnWhiteSite
21800,29,15
timeStep,numberOfRobotsOnBlackSite,numberOfRobotsOnWhiteSite
21801,29,15
timeStep,numberOfRobotsOnBlackSite,numberOfRobotsOnWhiteSite
21802,29,15
timeStep,numberOfRobotsOnBlackSite,numberOfRobotsOnWhiteSite
21803,29,15
timeStep,numberOfRobotsOnBlackSite,numberOfRobotsOnWhiteSite
21804,29,15
timeStep,numberOfRobotsOnBlackSite,numberOfRobotsOnWhiteSite
21805,29,15
timeStep,numberOfRobotsOnBlackSite,numberOfRobotsOnWhiteSite
21806,29,15
timeStep,numberOfRobotsOnBlackSite,numberOfRobotsOnWhiteSite
21807,29,15
timeStep,numberOfRobotsOnBlackSite,numberOfRobotsOnWhiteSite
21808,29,15
timeStep,numberOfRobotsOnBlackSite,numberOfRobotsOnWhiteSite
21809,29,15
timeStep,numberOfRobotsOnBlackSite,numberOfRobotsOnWhiteSite
21810,29,15
timeStep,numberOfRobotsOnBlackSite,numberOfRobotsOnWhiteSite
21811,29,15
timeStep,numberOfRobotsOnBlackSite,numberOfRobotsOnWhiteSite
21812,29,15
timeStep,numberOfRobotsOnBlackSite,numberOfRobotsOnWhiteSite
21813,29,15
timeStep,numberOfRobotsOnBlackSite,numberOfRobotsOnWhiteSite
21814,29,15
timeStep,numberOfRobotsOnBlackSite,numberOfRobotsOnWhiteSite
21815,29,15
timeStep,numberOfRobotsOnBlackSite,numberOfRobotsOnWhiteSite
21816,29,15
timeStep,numberOfRobotsOnBlackSite,numberOfRobotsOnWhiteSite
21817,29,15
timeStep,numberOfRobotsOnBlackSite,numberOfRobotsOnWhiteSite
21818,29,15
timeStep,numberOfRobotsOnBlackSite,numberOfRobotsOnWhiteSite
21819,29,15
timeStep,numberOfRobotsOnBlackSite,numberOfRobotsOnWhiteSite
21820,29,15
timeStep,numberOfRobotsOnBlackSite,numberOfRobotsOnWhiteSite
21821,29,15
timeStep,numberOfRobotsOnBlackSite,numberOfRobotsOnWhiteSite
21822,29,15
timeStep,numberOfRobotsOnBlackSite,numberOfRobotsOnWhiteSite
21823,29,15
timeStep,numberOfRobotsOnBlackSite,numberOfRobotsOnWhiteSite
21824,29,15
timeStep,numberOfRobotsOnBlackSite,numberOfRobotsOnWhiteSite
21825,29,15
timeStep,numberOfRobotsOnBlackSite,numberOfRobotsOnWhiteSite
21826,29,15
timeStep,numberOfRobotsOnBlackSite,numberOfRobotsOnWhiteSite
21827,29,15
timeStep,numberOfRobotsOnBlackSite,numberOfRobotsOnWhiteSite
21828,29,15
timeStep,numberOfRobotsOnBlackSite,numberOfRobotsOnWhiteSite
21829,29,15
timeStep,numberOfRobotsOnBlackSite,numberOfRobotsOnWhiteSite
21830,29,15
timeStep,numberOfRobotsOnBlackSite,numberOfRobotsOnWhiteSite
21831,29,15
timeStep,numberOfRobotsOnBlackSite,numberOfRobotsOnWhiteSite
21832,29,15
timeStep,numberOfRobotsOnBlackSite,numberOfRobotsOnWhiteSite
21833,29,15
timeStep,numberOfRobotsOnBlackSite,numberOfRobotsOnWhiteSite
21834,29,15
timeStep,numberOfRobotsOnBlackSite,numberOfRobotsOnWhiteSite
21835,29,15
timeStep,numberOfRobotsOnBlackSite,numberOfRobotsOnWhiteSite
21836,29,15
timeStep,numberOfRobotsOnBlackSite,numberOfRobotsOnWhiteSite
21837,29,15
timeStep,numberOfRobotsOnBlackSite,numberOfRobotsOnWhiteSite
21838,29,15
timeStep,numberOfRobotsOnBlackSite,numberOfRobotsOnWhiteSite
21839,29,15
timeStep,numberOfRobotsOnBlackSite,numberOfRobotsOnWhiteSite
21840,29,15
timeStep,numberOfRobotsOnBlackSite,numberOfRobotsOnWhiteSite
21841,29,15
timeStep,numberOfRobotsOnBlackSite,numberOfRobotsOnWhiteSite
21842,29,15
timeStep,numberOfRobotsOnBlackSite,numberOfRobotsOnWhiteSite
21843,29,15
timeStep,numberOfRobotsOnBlackSite,numberOfRobotsOnWhiteSite
21844,29,15
timeStep,numberOfRobotsOnBlackSite,numberOfRobotsOnWhiteSite
21845,29,15
timeStep,numberOfRobotsOnBlackSite,numberOfRobotsOnWhiteSite
21846,29,15
timeStep,numberOfRobotsOnBlackSite,numberOfRobotsOnWhiteSite
21847,29,15
timeStep,numberOfRobotsOnBlackSite,numberOfRobotsOnWhiteSite
21848,29,15
timeStep,numberOfRobotsOnBlackSite,numberOfRobotsOnWhiteSite
21849,29,15
timeStep,numberOfRobotsOnBlackSite,numberOfRobotsOnWhiteSite
21850,29,15
timeStep,numberOfRobotsOnBlackSite,numberOfRobotsOnWhiteSite
21851,29,15
timeStep,numberOfRobotsOnBlackSite,numberOfRobotsOnWhiteSite
21852,29,15
timeStep,numberOfRobotsOnBlackSite,numberOfRobotsOnWhiteSite
21853,29,15
timeStep,numberOfRobotsOnBlackSite,numberOfRobotsOnWhiteSite
21854,29,15
timeStep,numberOfRobotsOnBlackSite,numberOfRobotsOnWhiteSite
21855,29,15
timeStep,numberOfRobotsOnBlackSite,numberOfRobotsOnWhiteSite
21856,29,15
timeStep,numberOfRobotsOnBlackSite,numberOfRobotsOnWhiteSite
21857,29,15
timeStep,numberOfRobotsOnBlackSite,numberOfRobotsOnWhiteSite
21858,29,15
timeStep,numberOfRobotsOnBlackSite,numberOfRobotsOnWhiteSite
21859,29,15
timeStep,numberOfRobotsOnBlackSite,numberOfRobotsOnWhiteSite
21860,29,15
timeStep,numberOfRobotsOnBlackSite,numberOfRobotsOnWhiteSite
21861,29,15
timeStep,numberOfRobotsOnBlackSite,numberOfRobotsOnWhiteSite
21862,29,15
timeStep,numberOfRobotsOnBlackSite,numberOfRobotsOnWhiteSite
21863,29,15
timeStep,numberOfRobotsOnBlackSite,numberOfRobotsOnWhiteSite
21864,29,15
timeStep,numberOfRobotsOnBlackSite,numberOfRobotsOnWhiteSite
21865,29,15
timeStep,numberOfRobotsOnBlackSite,numberOfRobotsOnWhiteSite
21866,29,15
timeStep,numberOfRobotsOnBlackSite,numberOfRobotsOnWhiteSite
21867,29,15
timeStep,numberOfRobotsOnBlackSite,numberOfRobotsOnWhiteSite
21868,29,15
timeStep,numberOfRobotsOnBlackSite,numberOfRobotsOnWhiteSite
21869,29,15
timeStep,numberOfRobotsOnBlackSite,numberOfRobotsOnWhiteSite
21870,29,15
timeStep,numberOfRobotsOnBlackSite,numberOfRobotsOnWhiteSite
21871,29,15
timeStep,numberOfRobotsOnBlackSite,numberOfRobotsOnWhiteSite
21872,29,15
timeStep,numberOfRobotsOnBlackSite,numberOfRobotsOnWhiteSite
21873,29,15
timeStep,numberOfRobotsOnBlackSite,numberOfRobotsOnWhiteSite
21874,29,15
timeStep,numberOfRobotsOnBlackSite,numberOfRobotsOnWhiteSite
21875,29,15
timeStep,numberOfRobotsOnBlackSite,numberOfRobotsOnWhiteSite
21876,29,15
timeStep,numberOfRobotsOnBlackSite,numberOfRobotsOnWhiteSite
21877,29,15
timeStep,numberOfRobotsOnBlackSite,numberOfRobotsOnWhiteSite
21878,29,15
timeStep,numberOfRobotsOnBlackSite,numberOfRobotsOnWhiteSite
21879,29,15
timeStep,numberOfRobotsOnBlackSite,numberOfRobotsOnWhiteSite
21880,29,15
timeStep,numberOfRobotsOnBlackSite,numberOfRobotsOnWhiteSite
21881,29,15
timeStep,numberOfRobotsOnBlackSite,numberOfRobotsOnWhiteSite
21882,29,15
timeStep,numberOfRobotsOnBlackSite,numberOfRobotsOnWhiteSite
21883,29,15
timeStep,numberOfRobotsOnBlackSite,numberOfRobotsOnWhiteSite
21884,29,15
timeStep,numberOfRobotsOnBlackSite,numberOfRobotsOnWhiteSite
21885,29,15
timeStep,numberOfRobotsOnBlackSite,numberOfRobotsOnWhiteSite
21886,29,15
timeStep,numberOfRobotsOnBlackSite,numberOfRobotsOnWhiteSite
21887,29,15
timeStep,numberOfRobotsOnBlackSite,numberOfRobotsOnWhiteSite
21888,29,15
timeStep,numberOfRobotsOnBlackSite,numberOfRobotsOnWhiteSite
21889,29,15
timeStep,numberOfRobotsOnBlackSite,numberOfRobotsOnWhiteSite
21890,29,15
timeStep,numberOfRobotsOnBlackSite,numberOfRobotsOnWhiteSite
21891,29,15
timeStep,numberOfRobotsOnBlackSite,numberOfRobotsOnWhiteSite
21892,29,15
timeStep,numberOfRobotsOnBlackSite,numberOfRobotsOnWhiteSite
21893,29,15
timeStep,numberOfRobotsOnBlackSite,numberOfRobotsOnWhiteSite
21894,29,15
timeStep,numberOfRobotsOnBlackSite,numberOfRobotsOnWhiteSite
21895,29,15
timeStep,numberOfRobotsOnBlackSite,numberOfRobotsOnWhiteSite
21896,29,15
timeStep,numberOfRobotsOnBlackSite,numberOfRobotsOnWhiteSite
21897,29,15
timeStep,numberOfRobotsOnBlackSite,numberOfRobotsOnWhiteSite
21898,29,15
timeStep,numberOfRobotsOnBlackSite,numberOfRobotsOnWhiteSite
21899,29,15
timeStep,numberOfRobotsOnBlackSite,numberOfRobotsOnWhiteSite
21900,29,15
timeStep,numberOfRobotsOnBlackSite,numberOfRobotsOnWhiteSite
21901,29,15
timeStep,numberOfRobotsOnBlackSite,numberOfRobotsOnWhiteSite
21902,29,15
timeStep,numberOfRobotsOnBlackSite,numberOfRobotsOnWhiteSite
21903,29,15
timeStep,numberOfRobotsOnBlackSite,numberOfRobotsOnWhiteSite
21904,29,15
timeStep,numberOfRobotsOnBlackSite,numberOfRobotsOnWhiteSite
21905,29,15
timeStep,numberOfRobotsOnBlackSite,numberOfRobotsOnWhiteSite
21906,29,15
timeStep,numberOfRobotsOnBlackSite,numberOfRobotsOnWhiteSite
21907,29,15
timeStep,numberOfRobotsOnBlackSite,numberOfRobotsOnWhiteSite
21908,29,15
timeStep,numberOfRobotsOnBlackSite,numberOfRobotsOnWhiteSite
21909,29,15
timeStep,numberOfRobotsOnBlackSite,numberOfRobotsOnWhiteSite
21910,29,15
timeStep,numberOfRobotsOnBlackSite,numberOfRobotsOnWhiteSite
21911,29,15
timeStep,numberOfRobotsOnBlackSite,numberOfRobotsOnWhiteSite
21912,29,15
timeStep,numberOfRobotsOnBlackSite,numberOfRobotsOnWhiteSite
21913,29,15
timeStep,numberOfRobotsOnBlackSite,numberOfRobotsOnWhiteSite
21914,29,15
timeStep,numberOfRobotsOnBlackSite,numberOfRobotsOnWhiteSite
21915,29,15
timeStep,numberOfRobotsOnBlackSite,numberOfRobotsOnWhiteSite
21916,29,15
timeStep,numberOfRobotsOnBlackSite,numberOfRobotsOnWhiteSite
21917,29,15
timeStep,numberOfRobotsOnBlackSite,numberOfRobotsOnWhiteSite
21918,29,15
timeStep,numberOfRobotsOnBlackSite,numberOfRobotsOnWhiteSite
21919,29,15
timeStep,numberOfRobotsOnBlackSite,numberOfRobotsOnWhiteSite
21920,29,15
timeStep,numberOfRobotsOnBlackSite,numberOfRobotsOnWhiteSite
21921,29,15
timeStep,numberOfRobotsOnBlackSite,numberOfRobotsOnWhiteSite
21922,29,15
timeStep,numberOfRobotsOnBlackSite,numberOfRobotsOnWhiteSite
21923,29,15
timeStep,numberOfRobotsOnBlackSite,numberOfRobotsOnWhiteSite
21924,29,15
timeStep,numberOfRobotsOnBlackSite,numberOfRobotsOnWhiteSite
21925,29,15
timeStep,numberOfRobotsOnBlackSite,numberOfRobotsOnWhiteSite
21926,29,15
timeStep,numberOfRobotsOnBlackSite,numberOfRobotsOnWhiteSite
21927,29,15
timeStep,numberOfRobotsOnBlackSite,numberOfRobotsOnWhiteSite
21928,29,15
timeStep,numberOfRobotsOnBlackSite,numberOfRobotsOnWhiteSite
21929,29,15
timeStep,numberOfRobotsOnBlackSite,numberOfRobotsOnWhiteSite
21930,29,15
timeStep,numberOfRobotsOnBlackSite,numberOfRobotsOnWhiteSite
21931,29,15
timeStep,numberOfRobotsOnBlackSite,numberOfRobotsOnWhiteSite
21932,29,15
timeStep,numberOfRobotsOnBlackSite,numberOfRobotsOnWhiteSite
21933,29,15
timeStep,numberOfRobotsOnBlackSite,numberOfRobotsOnWhiteSite
21934,29,15
timeStep,numberOfRobotsOnBlackSite,numberOfRobotsOnWhiteSite
21935,29,15
timeStep,numberOfRobotsOnBlackSite,numberOfRobotsOnWhiteSite
21936,29,15
timeStep,numberOfRobotsOnBlackSite,numberOfRobotsOnWhiteSite
21937,29,15
timeStep,numberOfRobotsOnBlackSite,numberOfRobotsOnWhiteSite
21938,29,15
timeStep,numberOfRobotsOnBlackSite,numberOfRobotsOnWhiteSite
21939,29,15
timeStep,numberOfRobotsOnBlackSite,numberOfRobotsOnWhiteSite
21940,29,15
timeStep,numberOfRobotsOnBlackSite,numberOfRobotsOnWhiteSite
21941,29,15
timeStep,numberOfRobotsOnBlackSite,numberOfRobotsOnWhiteSite
21942,29,15
timeStep,numberOfRobotsOnBlackSite,numberOfRobotsOnWhiteSite
21943,29,15
timeStep,numberOfRobotsOnBlackSite,numberOfRobotsOnWhiteSite
21944,29,15
timeStep,numberOfRobotsOnBlackSite,numberOfRobotsOnWhiteSite
21945,29,15
timeStep,numberOfRobotsOnBlackSite,numberOfRobotsOnWhiteSite
21946,29,15
timeStep,numberOfRobotsOnBlackSite,numberOfRobotsOnWhiteSite
21947,29,15
timeStep,numberOfRobotsOnBlackSite,numberOfRobotsOnWhiteSite
21948,29,15
timeStep,numberOfRobotsOnBlackSite,numberOfRobotsOnWhiteSite
21949,29,15
timeStep,numberOfRobotsOnBlackSite,numberOfRobotsOnWhiteSite
21950,29,15
timeStep,numberOfRobotsOnBlackSite,numberOfRobotsOnWhiteSite
21951,29,15
timeStep,numberOfRobotsOnBlackSite,numberOfRobotsOnWhiteSite
21952,29,15
timeStep,numberOfRobotsOnBlackSite,numberOfRobotsOnWhiteSite
21953,29,15
timeStep,numberOfRobotsOnBlackSite,numberOfRobotsOnWhiteSite
21954,29,15
timeStep,numberOfRobotsOnBlackSite,numberOfRobotsOnWhiteSite
21955,29,15
timeStep,numberOfRobotsOnBlackSite,numberOfRobotsOnWhiteSite
21956,29,15
timeStep,numberOfRobotsOnBlackSite,numberOfRobotsOnWhiteSite
21957,29,15
timeStep,numberOfRobotsOnBlackSite,numberOfRobotsOnWhiteSite
21958,29,15
timeStep,numberOfRobotsOnBlackSite,numberOfRobotsOnWhiteSite
21959,29,15
timeStep,numberOfRobotsOnBlackSite,numberOfRobotsOnWhiteSite
21960,29,15
timeStep,numberOfRobotsOnBlackSite,numberOfRobotsOnWhiteSite
21961,29,15
timeStep,numberOfRobotsOnBlackSite,numberOfRobotsOnWhiteSite
21962,29,15
timeStep,numberOfRobotsOnBlackSite,numberOfRobotsOnWhiteSite
21963,29,15
timeStep,numberOfRobotsOnBlackSite,numberOfRobotsOnWhiteSite
21964,29,15
timeStep,numberOfRobotsOnBlackSite,numberOfRobotsOnWhiteSite
21965,29,15
timeStep,numberOfRobotsOnBlackSite,numberOfRobotsOnWhiteSite
21966,29,15
timeStep,numberOfRobotsOnBlackSite,numberOfRobotsOnWhiteSite
21967,29,15
timeStep,numberOfRobotsOnBlackSite,numberOfRobotsOnWhiteSite
21968,29,15
timeStep,numberOfRobotsOnBlackSite,numberOfRobotsOnWhiteSite
21969,29,15
timeStep,numberOfRobotsOnBlackSite,numberOfRobotsOnWhiteSite
21970,29,15
timeStep,numberOfRobotsOnBlackSite,numberOfRobotsOnWhiteSite
21971,29,15
timeStep,numberOfRobotsOnBlackSite,numberOfRobotsOnWhiteSite
21972,29,15
timeStep,numberOfRobotsOnBlackSite,numberOfRobotsOnWhiteSite
21973,29,15
timeStep,numberOfRobotsOnBlackSite,numberOfRobotsOnWhiteSite
21974,29,15
timeStep,numberOfRobotsOnBlackSite,numberOfRobotsOnWhiteSite
21975,29,15
timeStep,numberOfRobotsOnBlackSite,numberOfRobotsOnWhiteSite
21976,29,15
timeStep,numberOfRobotsOnBlackSite,numberOfRobotsOnWhiteSite
21977,29,15
timeStep,numberOfRobotsOnBlackSite,numberOfRobotsOnWhiteSite
21978,29,15
timeStep,numberOfRobotsOnBlackSite,numberOfRobotsOnWhiteSite
21979,29,15
timeStep,numberOfRobotsOnBlackSite,numberOfRobotsOnWhiteSite
21980,29,15
timeStep,numberOfRobotsOnBlackSite,numberOfRobotsOnWhiteSite
21981,29,15
timeStep,numberOfRobotsOnBlackSite,numberOfRobotsOnWhiteSite
21982,29,15
timeStep,numberOfRobotsOnBlackSite,numberOfRobotsOnWhiteSite
21983,29,15
timeStep,numberOfRobotsOnBlackSite,numberOfRobotsOnWhiteSite
21984,29,15
timeStep,numberOfRobotsOnBlackSite,numberOfRobotsOnWhiteSite
21985,29,15
timeStep,numberOfRobotsOnBlackSite,numberOfRobotsOnWhiteSite
21986,29,15
timeStep,numberOfRobotsOnBlackSite,numberOfRobotsOnWhiteSite
21987,29,15
timeStep,numberOfRobotsOnBlackSite,numberOfRobotsOnWhiteSite
21988,29,15
timeStep,numberOfRobotsOnBlackSite,numberOfRobotsOnWhiteSite
21989,29,15
timeStep,numberOfRobotsOnBlackSite,numberOfRobotsOnWhiteSite
21990,29,15
timeStep,numberOfRobotsOnBlackSite,numberOfRobotsOnWhiteSite
21991,29,15
timeStep,numberOfRobotsOnBlackSite,numberOfRobotsOnWhiteSite
21992,29,15
timeStep,numberOfRobotsOnBlackSite,numberOfRobotsOnWhiteSite
21993,29,15
timeStep,numberOfRobotsOnBlackSite,numberOfRobotsOnWhiteSite
21994,29,15
timeStep,numberOfRobotsOnBlackSite,numberOfRobotsOnWhiteSite
21995,29,15
timeStep,numberOfRobotsOnBlackSite,numberOfRobotsOnWhiteSite
21996,29,15
timeStep,numberOfRobotsOnBlackSite,numberOfRobotsOnWhiteSite
21997,29,15
timeStep,numberOfRobotsOnBlackSite,numberOfRobotsOnWhiteSite
21998,29,15
timeStep,numberOfRobotsOnBlackSite,numberOfRobotsOnWhiteSite
21999,29,15
timeStep,numberOfRobotsOnBlackSite,numberOfRobotsOnWhiteSite
22000,29,15
timeStep,numberOfRobotsOnBlackSite,numberOfRobotsOnWhiteSite
22001,29,15
timeStep,numberOfRobotsOnBlackSite,numberOfRobotsOnWhiteSite
22002,29,15
timeStep,numberOfRobotsOnBlackSite,numberOfRobotsOnWhiteSite
22003,29,15
timeStep,numberOfRobotsOnBlackSite,numberOfRobotsOnWhiteSite
22004,29,15
timeStep,numberOfRobotsOnBlackSite,numberOfRobotsOnWhiteSite
22005,29,15
timeStep,numberOfRobotsOnBlackSite,numberOfRobotsOnWhiteSite
22006,29,15
timeStep,numberOfRobotsOnBlackSite,numberOfRobotsOnWhiteSite
22007,29,15
timeStep,numberOfRobotsOnBlackSite,numberOfRobotsOnWhiteSite
22008,29,15
timeStep,numberOfRobotsOnBlackSite,numberOfRobotsOnWhiteSite
22009,29,15
timeStep,numberOfRobotsOnBlackSite,numberOfRobotsOnWhiteSite
22010,29,15
timeStep,numberOfRobotsOnBlackSite,numberOfRobotsOnWhiteSite
22011,29,15
timeStep,numberOfRobotsOnBlackSite,numberOfRobotsOnWhiteSite
22012,29,15
timeStep,numberOfRobotsOnBlackSite,numberOfRobotsOnWhiteSite
22013,29,15
timeStep,numberOfRobotsOnBlackSite,numberOfRobotsOnWhiteSite
22014,29,15
timeStep,numberOfRobotsOnBlackSite,numberOfRobotsOnWhiteSite
22015,29,15
timeStep,numberOfRobotsOnBlackSite,numberOfRobotsOnWhiteSite
22016,29,15
timeStep,numberOfRobotsOnBlackSite,numberOfRobotsOnWhiteSite
22017,29,15
timeStep,numberOfRobotsOnBlackSite,numberOfRobotsOnWhiteSite
22018,29,15
timeStep,numberOfRobotsOnBlackSite,numberOfRobotsOnWhiteSite
22019,29,15
timeStep,numberOfRobotsOnBlackSite,numberOfRobotsOnWhiteSite
22020,29,15
timeStep,numberOfRobotsOnBlackSite,numberOfRobotsOnWhiteSite
22021,29,15
timeStep,numberOfRobotsOnBlackSite,numberOfRobotsOnWhiteSite
22022,29,15
timeStep,numberOfRobotsOnBlackSite,numberOfRobotsOnWhiteSite
22023,29,15
timeStep,numberOfRobotsOnBlackSite,numberOfRobotsOnWhiteSite
22024,29,15
timeStep,numberOfRobotsOnBlackSite,numberOfRobotsOnWhiteSite
22025,29,15
timeStep,numberOfRobotsOnBlackSite,numberOfRobotsOnWhiteSite
22026,29,15
timeStep,numberOfRobotsOnBlackSite,numberOfRobotsOnWhiteSite
22027,29,15
timeStep,numberOfRobotsOnBlackSite,numberOfRobotsOnWhiteSite
22028,29,15
timeStep,numberOfRobotsOnBlackSite,numberOfRobotsOnWhiteSite
22029,29,15
timeStep,numberOfRobotsOnBlackSite,numberOfRobotsOnWhiteSite
22030,29,15
timeStep,numberOfRobotsOnBlackSite,numberOfRobotsOnWhiteSite
22031,29,15
timeStep,numberOfRobotsOnBlackSite,numberOfRobotsOnWhiteSite
22032,29,15
timeStep,numberOfRobotsOnBlackSite,numberOfRobotsOnWhiteSite
22033,29,15
timeStep,numberOfRobotsOnBlackSite,numberOfRobotsOnWhiteSite
22034,29,15
timeStep,numberOfRobotsOnBlackSite,numberOfRobotsOnWhiteSite
22035,29,15
timeStep,numberOfRobotsOnBlackSite,numberOfRobotsOnWhiteSite
22036,29,15
timeStep,numberOfRobotsOnBlackSite,numberOfRobotsOnWhiteSite
22037,29,15
timeStep,numberOfRobotsOnBlackSite,numberOfRobotsOnWhiteSite
22038,29,15
timeStep,numberOfRobotsOnBlackSite,numberOfRobotsOnWhiteSite
22039,29,15
timeStep,numberOfRobotsOnBlackSite,numberOfRobotsOnWhiteSite
22040,29,15
timeStep,numberOfRobotsOnBlackSite,numberOfRobotsOnWhiteSite
22041,29,15
timeStep,numberOfRobotsOnBlackSite,numberOfRobotsOnWhiteSite
22042,29,15
timeStep,numberOfRobotsOnBlackSite,numberOfRobotsOnWhiteSite
22043,29,15
timeStep,numberOfRobotsOnBlackSite,numberOfRobotsOnWhiteSite
22044,29,15
timeStep,numberOfRobotsOnBlackSite,numberOfRobotsOnWhiteSite
22045,29,15
timeStep,numberOfRobotsOnBlackSite,numberOfRobotsOnWhiteSite
22046,29,15
timeStep,numberOfRobotsOnBlackSite,numberOfRobotsOnWhiteSite
22047,29,15
timeStep,numberOfRobotsOnBlackSite,numberOfRobotsOnWhiteSite
22048,29,15
timeStep,numberOfRobotsOnBlackSite,numberOfRobotsOnWhiteSite
22049,29,15
timeStep,numberOfRobotsOnBlackSite,numberOfRobotsOnWhiteSite
22050,29,15
timeStep,numberOfRobotsOnBlackSite,numberOfRobotsOnWhiteSite
22051,29,15
timeStep,numberOfRobotsOnBlackSite,numberOfRobotsOnWhiteSite
22052,29,15
timeStep,numberOfRobotsOnBlackSite,numberOfRobotsOnWhiteSite
22053,29,15
timeStep,numberOfRobotsOnBlackSite,numberOfRobotsOnWhiteSite
22054,29,15
timeStep,numberOfRobotsOnBlackSite,numberOfRobotsOnWhiteSite
22055,29,15
timeStep,numberOfRobotsOnBlackSite,numberOfRobotsOnWhiteSite
22056,29,15
timeStep,numberOfRobotsOnBlackSite,numberOfRobotsOnWhiteSite
22057,29,15
timeStep,numberOfRobotsOnBlackSite,numberOfRobotsOnWhiteSite
22058,29,15
timeStep,numberOfRobotsOnBlackSite,numberOfRobotsOnWhiteSite
22059,29,15
timeStep,numberOfRobotsOnBlackSite,numberOfRobotsOnWhiteSite
22060,29,15
timeStep,numberOfRobotsOnBlackSite,numberOfRobotsOnWhiteSite
22061,29,15
timeStep,numberOfRobotsOnBlackSite,numberOfRobotsOnWhiteSite
22062,29,15
timeStep,numberOfRobotsOnBlackSite,numberOfRobotsOnWhiteSite
22063,29,15
timeStep,numberOfRobotsOnBlackSite,numberOfRobotsOnWhiteSite
22064,29,15
timeStep,numberOfRobotsOnBlackSite,numberOfRobotsOnWhiteSite
22065,29,15
timeStep,numberOfRobotsOnBlackSite,numberOfRobotsOnWhiteSite
22066,29,15
timeStep,numberOfRobotsOnBlackSite,numberOfRobotsOnWhiteSite
22067,29,15
timeStep,numberOfRobotsOnBlackSite,numberOfRobotsOnWhiteSite
22068,29,15
timeStep,numberOfRobotsOnBlackSite,numberOfRobotsOnWhiteSite
22069,29,15
timeStep,numberOfRobotsOnBlackSite,numberOfRobotsOnWhiteSite
22070,29,15
timeStep,numberOfRobotsOnBlackSite,numberOfRobotsOnWhiteSite
22071,29,15
timeStep,numberOfRobotsOnBlackSite,numberOfRobotsOnWhiteSite
22072,29,15
timeStep,numberOfRobotsOnBlackSite,numberOfRobotsOnWhiteSite
22073,29,15
timeStep,numberOfRobotsOnBlackSite,numberOfRobotsOnWhiteSite
22074,29,15
timeStep,numberOfRobotsOnBlackSite,numberOfRobotsOnWhiteSite
22075,29,15
timeStep,numberOfRobotsOnBlackSite,numberOfRobotsOnWhiteSite
22076,29,15
timeStep,numberOfRobotsOnBlackSite,numberOfRobotsOnWhiteSite
22077,29,15
timeStep,numberOfRobotsOnBlackSite,numberOfRobotsOnWhiteSite
22078,29,15
timeStep,numberOfRobotsOnBlackSite,numberOfRobotsOnWhiteSite
22079,29,15
timeStep,numberOfRobotsOnBlackSite,numberOfRobotsOnWhiteSite
22080,29,15
timeStep,numberOfRobotsOnBlackSite,numberOfRobotsOnWhiteSite
22081,29,15
timeStep,numberOfRobotsOnBlackSite,numberOfRobotsOnWhiteSite
22082,29,15
timeStep,numberOfRobotsOnBlackSite,numberOfRobotsOnWhiteSite
22083,29,15
timeStep,numberOfRobotsOnBlackSite,numberOfRobotsOnWhiteSite
22084,29,15
timeStep,numberOfRobotsOnBlackSite,numberOfRobotsOnWhiteSite
22085,29,15
timeStep,numberOfRobotsOnBlackSite,numberOfRobotsOnWhiteSite
22086,29,15
timeStep,numberOfRobotsOnBlackSite,numberOfRobotsOnWhiteSite
22087,29,15
timeStep,numberOfRobotsOnBlackSite,numberOfRobotsOnWhiteSite
22088,29,15
timeStep,numberOfRobotsOnBlackSite,numberOfRobotsOnWhiteSite
22089,29,15
timeStep,numberOfRobotsOnBlackSite,numberOfRobotsOnWhiteSite
22090,29,15
timeStep,numberOfRobotsOnBlackSite,numberOfRobotsOnWhiteSite
22091,29,15
timeStep,numberOfRobotsOnBlackSite,numberOfRobotsOnWhiteSite
22092,29,15
timeStep,numberOfRobotsOnBlackSite,numberOfRobotsOnWhiteSite
22093,29,15
timeStep,numberOfRobotsOnBlackSite,numberOfRobotsOnWhiteSite
22094,29,15
timeStep,numberOfRobotsOnBlackSite,numberOfRobotsOnWhiteSite
22095,29,15
timeStep,numberOfRobotsOnBlackSite,numberOfRobotsOnWhiteSite
22096,29,15
timeStep,numberOfRobotsOnBlackSite,numberOfRobotsOnWhiteSite
22097,29,15
timeStep,numberOfRobotsOnBlackSite,numberOfRobotsOnWhiteSite
22098,29,15
timeStep,numberOfRobotsOnBlackSite,numberOfRobotsOnWhiteSite
22099,29,15
timeStep,numberOfRobotsOnBlackSite,numberOfRobotsOnWhiteSite
22100,29,15
timeStep,numberOfRobotsOnBlackSite,numberOfRobotsOnWhiteSite
22101,29,15
timeStep,numberOfRobotsOnBlackSite,numberOfRobotsOnWhiteSite
22102,29,15
timeStep,numberOfRobotsOnBlackSite,numberOfRobotsOnWhiteSite
22103,29,15
timeStep,numberOfRobotsOnBlackSite,numberOfRobotsOnWhiteSite
22104,29,15
timeStep,numberOfRobotsOnBlackSite,numberOfRobotsOnWhiteSite
22105,29,15
timeStep,numberOfRobotsOnBlackSite,numberOfRobotsOnWhiteSite
22106,29,15
timeStep,numberOfRobotsOnBlackSite,numberOfRobotsOnWhiteSite
22107,29,15
timeStep,numberOfRobotsOnBlackSite,numberOfRobotsOnWhiteSite
22108,29,15
timeStep,numberOfRobotsOnBlackSite,numberOfRobotsOnWhiteSite
22109,29,15
timeStep,numberOfRobotsOnBlackSite,numberOfRobotsOnWhiteSite
22110,29,15
timeStep,numberOfRobotsOnBlackSite,numberOfRobotsOnWhiteSite
22111,29,15
timeStep,numberOfRobotsOnBlackSite,numberOfRobotsOnWhiteSite
22112,29,15
timeStep,numberOfRobotsOnBlackSite,numberOfRobotsOnWhiteSite
22113,29,15
timeStep,numberOfRobotsOnBlackSite,numberOfRobotsOnWhiteSite
22114,29,15
timeStep,numberOfRobotsOnBlackSite,numberOfRobotsOnWhiteSite
22115,29,15
timeStep,numberOfRobotsOnBlackSite,numberOfRobotsOnWhiteSite
22116,29,15
timeStep,numberOfRobotsOnBlackSite,numberOfRobotsOnWhiteSite
22117,29,15
timeStep,numberOfRobotsOnBlackSite,numberOfRobotsOnWhiteSite
22118,29,15
timeStep,numberOfRobotsOnBlackSite,numberOfRobotsOnWhiteSite
22119,29,15
timeStep,numberOfRobotsOnBlackSite,numberOfRobotsOnWhiteSite
22120,29,15
timeStep,numberOfRobotsOnBlackSite,numberOfRobotsOnWhiteSite
22121,29,15
timeStep,numberOfRobotsOnBlackSite,numberOfRobotsOnWhiteSite
22122,29,15
timeStep,numberOfRobotsOnBlackSite,numberOfRobotsOnWhiteSite
22123,29,15
timeStep,numberOfRobotsOnBlackSite,numberOfRobotsOnWhiteSite
22124,29,15
timeStep,numberOfRobotsOnBlackSite,numberOfRobotsOnWhiteSite
22125,29,15
timeStep,numberOfRobotsOnBlackSite,numberOfRobotsOnWhiteSite
22126,29,15
timeStep,numberOfRobotsOnBlackSite,numberOfRobotsOnWhiteSite
22127,29,15
timeStep,numberOfRobotsOnBlackSite,numberOfRobotsOnWhiteSite
22128,29,15
timeStep,numberOfRobotsOnBlackSite,numberOfRobotsOnWhiteSite
22129,29,15
timeStep,numberOfRobotsOnBlackSite,numberOfRobotsOnWhiteSite
22130,29,14
timeStep,numberOfRobotsOnBlackSite,numberOfRobotsOnWhiteSite
22131,29,14
timeStep,numberOfRobotsOnBlackSite,numberOfRobotsOnWhiteSite
22132,29,14
timeStep,numberOfRobotsOnBlackSite,numberOfRobotsOnWhiteSite
22133,29,14
timeStep,numberOfRobotsOnBlackSite,numberOfRobotsOnWhiteSite
22134,29,14
timeStep,numberOfRobotsOnBlackSite,numberOfRobotsOnWhiteSite
22135,29,14
timeStep,numberOfRobotsOnBlackSite,numberOfRobotsOnWhiteSite
22136,29,14
timeStep,numberOfRobotsOnBlackSite,numberOfRobotsOnWhiteSite
22137,29,14
timeStep,numberOfRobotsOnBlackSite,numberOfRobotsOnWhiteSite
22138,29,14
timeStep,numberOfRobotsOnBlackSite,numberOfRobotsOnWhiteSite
22139,29,14
timeStep,numberOfRobotsOnBlackSite,numberOfRobotsOnWhiteSite
22140,29,14
timeStep,numberOfRobotsOnBlackSite,numberOfRobotsOnWhiteSite
22141,29,14
timeStep,numberOfRobotsOnBlackSite,numberOfRobotsOnWhiteSite
22142,29,14
timeStep,numberOfRobotsOnBlackSite,numberOfRobotsOnWhiteSite
22143,29,14
timeStep,numberOfRobotsOnBlackSite,numberOfRobotsOnWhiteSite
22144,29,14
timeStep,numberOfRobotsOnBlackSite,numberOfRobotsOnWhiteSite
22145,29,14
timeStep,numberOfRobotsOnBlackSite,numberOfRobotsOnWhiteSite
22146,29,14
timeStep,numberOfRobotsOnBlackSite,numberOfRobotsOnWhiteSite
22147,29,14
timeStep,numberOfRobotsOnBlackSite,numberOfRobotsOnWhiteSite
22148,29,14
timeStep,numberOfRobotsOnBlackSite,numberOfRobotsOnWhiteSite
22149,29,14
timeStep,numberOfRobotsOnBlackSite,numberOfRobotsOnWhiteSite
22150,29,14
timeStep,numberOfRobotsOnBlackSite,numberOfRobotsOnWhiteSite
22151,29,14
timeStep,numberOfRobotsOnBlackSite,numberOfRobotsOnWhiteSite
22152,29,14
timeStep,numberOfRobotsOnBlackSite,numberOfRobotsOnWhiteSite
22153,29,14
timeStep,numberOfRobotsOnBlackSite,numberOfRobotsOnWhiteSite
22154,29,14
timeStep,numberOfRobotsOnBlackSite,numberOfRobotsOnWhiteSite
22155,29,14
timeStep,numberOfRobotsOnBlackSite,numberOfRobotsOnWhiteSite
22156,29,14
timeStep,numberOfRobotsOnBlackSite,numberOfRobotsOnWhiteSite
22157,29,14
timeStep,numberOfRobotsOnBlackSite,numberOfRobotsOnWhiteSite
22158,29,14
timeStep,numberOfRobotsOnBlackSite,numberOfRobotsOnWhiteSite
22159,29,14
timeStep,numberOfRobotsOnBlackSite,numberOfRobotsOnWhiteSite
22160,29,14
timeStep,numberOfRobotsOnBlackSite,numberOfRobotsOnWhiteSite
22161,29,14
timeStep,numberOfRobotsOnBlackSite,numberOfRobotsOnWhiteSite
22162,29,14
timeStep,numberOfRobotsOnBlackSite,numberOfRobotsOnWhiteSite
22163,29,14
timeStep,numberOfRobotsOnBlackSite,numberOfRobotsOnWhiteSite
22164,29,14
timeStep,numberOfRobotsOnBlackSite,numberOfRobotsOnWhiteSite
22165,29,14
timeStep,numberOfRobotsOnBlackSite,numberOfRobotsOnWhiteSite
22166,29,14
timeStep,numberOfRobotsOnBlackSite,numberOfRobotsOnWhiteSite
22167,29,14
timeStep,numberOfRobotsOnBlackSite,numberOfRobotsOnWhiteSite
22168,29,14
timeStep,numberOfRobotsOnBlackSite,numberOfRobotsOnWhiteSite
22169,29,14
timeStep,numberOfRobotsOnBlackSite,numberOfRobotsOnWhiteSite
22170,29,14
timeStep,numberOfRobotsOnBlackSite,numberOfRobotsOnWhiteSite
22171,29,14
timeStep,numberOfRobotsOnBlackSite,numberOfRobotsOnWhiteSite
22172,29,14
timeStep,numberOfRobotsOnBlackSite,numberOfRobotsOnWhiteSite
22173,29,14
timeStep,numberOfRobotsOnBlackSite,numberOfRobotsOnWhiteSite
22174,29,14
timeStep,numberOfRobotsOnBlackSite,numberOfRobotsOnWhiteSite
22175,29,14
timeStep,numberOfRobotsOnBlackSite,numberOfRobotsOnWhiteSite
22176,29,14
timeStep,numberOfRobotsOnBlackSite,numberOfRobotsOnWhiteSite
22177,29,14
timeStep,numberOfRobotsOnBlackSite,numberOfRobotsOnWhiteSite
22178,29,14
timeStep,numberOfRobotsOnBlackSite,numberOfRobotsOnWhiteSite
22179,29,14
timeStep,numberOfRobotsOnBlackSite,numberOfRobotsOnWhiteSite
22180,29,14
timeStep,numberOfRobotsOnBlackSite,numberOfRobotsOnWhiteSite
22181,29,14
timeStep,numberOfRobotsOnBlackSite,numberOfRobotsOnWhiteSite
22182,29,14
timeStep,numberOfRobotsOnBlackSite,numberOfRobotsOnWhiteSite
22183,29,14
timeStep,numberOfRobotsOnBlackSite,numberOfRobotsOnWhiteSite
22184,29,14
timeStep,numberOfRobotsOnBlackSite,numberOfRobotsOnWhiteSite
22185,29,14
timeStep,numberOfRobotsOnBlackSite,numberOfRobotsOnWhiteSite
22186,29,14
timeStep,numberOfRobotsOnBlackSite,numberOfRobotsOnWhiteSite
22187,29,14
timeStep,numberOfRobotsOnBlackSite,numberOfRobotsOnWhiteSite
22188,29,14
timeStep,numberOfRobotsOnBlackSite,numberOfRobotsOnWhiteSite
22189,29,14
timeStep,numberOfRobotsOnBlackSite,numberOfRobotsOnWhiteSite
22190,29,14
timeStep,numberOfRobotsOnBlackSite,numberOfRobotsOnWhiteSite
22191,29,14
timeStep,numberOfRobotsOnBlackSite,numberOfRobotsOnWhiteSite
22192,29,14
timeStep,numberOfRobotsOnBlackSite,numberOfRobotsOnWhiteSite
22193,29,14
timeStep,numberOfRobotsOnBlackSite,numberOfRobotsOnWhiteSite
22194,29,14
timeStep,numberOfRobotsOnBlackSite,numberOfRobotsOnWhiteSite
22195,29,14
timeStep,numberOfRobotsOnBlackSite,numberOfRobotsOnWhiteSite
22196,29,14
timeStep,numberOfRobotsOnBlackSite,numberOfRobotsOnWhiteSite
22197,29,14
timeStep,numberOfRobotsOnBlackSite,numberOfRobotsOnWhiteSite
22198,29,14
timeStep,numberOfRobotsOnBlackSite,numberOfRobotsOnWhiteSite
22199,29,14
timeStep,numberOfRobotsOnBlackSite,numberOfRobotsOnWhiteSite
22200,29,14
timeStep,numberOfRobotsOnBlackSite,numberOfRobotsOnWhiteSite
22201,29,14
timeStep,numberOfRobotsOnBlackSite,numberOfRobotsOnWhiteSite
22202,29,14
timeStep,numberOfRobotsOnBlackSite,numberOfRobotsOnWhiteSite
22203,29,14
timeStep,numberOfRobotsOnBlackSite,numberOfRobotsOnWhiteSite
22204,29,14
timeStep,numberOfRobotsOnBlackSite,numberOfRobotsOnWhiteSite
22205,29,14
timeStep,numberOfRobotsOnBlackSite,numberOfRobotsOnWhiteSite
22206,29,14
timeStep,numberOfRobotsOnBlackSite,numberOfRobotsOnWhiteSite
22207,29,14
timeStep,numberOfRobotsOnBlackSite,numberOfRobotsOnWhiteSite
22208,29,14
timeStep,numberOfRobotsOnBlackSite,numberOfRobotsOnWhiteSite
22209,29,14
timeStep,numberOfRobotsOnBlackSite,numberOfRobotsOnWhiteSite
22210,29,14
timeStep,numberOfRobotsOnBlackSite,numberOfRobotsOnWhiteSite
22211,29,14
timeStep,numberOfRobotsOnBlackSite,numberOfRobotsOnWhiteSite
22212,29,14
timeStep,numberOfRobotsOnBlackSite,numberOfRobotsOnWhiteSite
22213,29,14
timeStep,numberOfRobotsOnBlackSite,numberOfRobotsOnWhiteSite
22214,29,14
timeStep,numberOfRobotsOnBlackSite,numberOfRobotsOnWhiteSite
22215,29,14
timeStep,numberOfRobotsOnBlackSite,numberOfRobotsOnWhiteSite
22216,29,14
timeStep,numberOfRobotsOnBlackSite,numberOfRobotsOnWhiteSite
22217,29,14
timeStep,numberOfRobotsOnBlackSite,numberOfRobotsOnWhiteSite
22218,29,14
timeStep,numberOfRobotsOnBlackSite,numberOfRobotsOnWhiteSite
22219,29,14
timeStep,numberOfRobotsOnBlackSite,numberOfRobotsOnWhiteSite
22220,29,14
timeStep,numberOfRobotsOnBlackSite,numberOfRobotsOnWhiteSite
22221,29,14
timeStep,numberOfRobotsOnBlackSite,numberOfRobotsOnWhiteSite
22222,29,14
timeStep,numberOfRobotsOnBlackSite,numberOfRobotsOnWhiteSite
22223,29,14
timeStep,numberOfRobotsOnBlackSite,numberOfRobotsOnWhiteSite
22224,29,14
timeStep,numberOfRobotsOnBlackSite,numberOfRobotsOnWhiteSite
22225,29,14
timeStep,numberOfRobotsOnBlackSite,numberOfRobotsOnWhiteSite
22226,29,14
timeStep,numberOfRobotsOnBlackSite,numberOfRobotsOnWhiteSite
22227,29,14
timeStep,numberOfRobotsOnBlackSite,numberOfRobotsOnWhiteSite
22228,29,14
timeStep,numberOfRobotsOnBlackSite,numberOfRobotsOnWhiteSite
22229,29,14
timeStep,numberOfRobotsOnBlackSite,numberOfRobotsOnWhiteSite
22230,29,14
timeStep,numberOfRobotsOnBlackSite,numberOfRobotsOnWhiteSite
22231,29,14
timeStep,numberOfRobotsOnBlackSite,numberOfRobotsOnWhiteSite
22232,29,14
timeStep,numberOfRobotsOnBlackSite,numberOfRobotsOnWhiteSite
22233,29,14
timeStep,numberOfRobotsOnBlackSite,numberOfRobotsOnWhiteSite
22234,29,14
timeStep,numberOfRobotsOnBlackSite,numberOfRobotsOnWhiteSite
22235,29,14
timeStep,numberOfRobotsOnBlackSite,numberOfRobotsOnWhiteSite
22236,29,14
timeStep,numberOfRobotsOnBlackSite,numberOfRobotsOnWhiteSite
22237,29,14
timeStep,numberOfRobotsOnBlackSite,numberOfRobotsOnWhiteSite
22238,29,14
timeStep,numberOfRobotsOnBlackSite,numberOfRobotsOnWhiteSite
22239,29,14
timeStep,numberOfRobotsOnBlackSite,numberOfRobotsOnWhiteSite
22240,29,14
timeStep,numberOfRobotsOnBlackSite,numberOfRobotsOnWhiteSite
22241,29,14
timeStep,numberOfRobotsOnBlackSite,numberOfRobotsOnWhiteSite
22242,29,14
timeStep,numberOfRobotsOnBlackSite,numberOfRobotsOnWhiteSite
22243,29,14
timeStep,numberOfRobotsOnBlackSite,numberOfRobotsOnWhiteSite
22244,29,14
timeStep,numberOfRobotsOnBlackSite,numberOfRobotsOnWhiteSite
22245,29,14
timeStep,numberOfRobotsOnBlackSite,numberOfRobotsOnWhiteSite
22246,29,14
timeStep,numberOfRobotsOnBlackSite,numberOfRobotsOnWhiteSite
22247,29,14
timeStep,numberOfRobotsOnBlackSite,numberOfRobotsOnWhiteSite
22248,29,14
timeStep,numberOfRobotsOnBlackSite,numberOfRobotsOnWhiteSite
22249,29,14
timeStep,numberOfRobotsOnBlackSite,numberOfRobotsOnWhiteSite
22250,29,14
timeStep,numberOfRobotsOnBlackSite,numberOfRobotsOnWhiteSite
22251,29,14
timeStep,numberOfRobotsOnBlackSite,numberOfRobotsOnWhiteSite
22252,29,14
timeStep,numberOfRobotsOnBlackSite,numberOfRobotsOnWhiteSite
22253,29,14
timeStep,numberOfRobotsOnBlackSite,numberOfRobotsOnWhiteSite
22254,29,14
timeStep,numberOfRobotsOnBlackSite,numberOfRobotsOnWhiteSite
22255,29,14
timeStep,numberOfRobotsOnBlackSite,numberOfRobotsOnWhiteSite
22256,29,14
timeStep,numberOfRobotsOnBlackSite,numberOfRobotsOnWhiteSite
22257,29,14
timeStep,numberOfRobotsOnBlackSite,numberOfRobotsOnWhiteSite
22258,29,14
timeStep,numberOfRobotsOnBlackSite,numberOfRobotsOnWhiteSite
22259,29,14
timeStep,numberOfRobotsOnBlackSite,numberOfRobotsOnWhiteSite
22260,29,14
timeStep,numberOfRobotsOnBlackSite,numberOfRobotsOnWhiteSite
22261,29,14
timeStep,numberOfRobotsOnBlackSite,numberOfRobotsOnWhiteSite
22262,29,14
timeStep,numberOfRobotsOnBlackSite,numberOfRobotsOnWhiteSite
22263,29,14
timeStep,numberOfRobotsOnBlackSite,numberOfRobotsOnWhiteSite
22264,29,14
timeStep,numberOfRobotsOnBlackSite,numberOfRobotsOnWhiteSite
22265,29,14
timeStep,numberOfRobotsOnBlackSite,numberOfRobotsOnWhiteSite
22266,29,14
timeStep,numberOfRobotsOnBlackSite,numberOfRobotsOnWhiteSite
22267,29,14
timeStep,numberOfRobotsOnBlackSite,numberOfRobotsOnWhiteSite
22268,29,14
timeStep,numberOfRobotsOnBlackSite,numberOfRobotsOnWhiteSite
22269,29,14
timeStep,numberOfRobotsOnBlackSite,numberOfRobotsOnWhiteSite
22270,29,14
timeStep,numberOfRobotsOnBlackSite,numberOfRobotsOnWhiteSite
22271,29,14
timeStep,numberOfRobotsOnBlackSite,numberOfRobotsOnWhiteSite
22272,29,14
timeStep,numberOfRobotsOnBlackSite,numberOfRobotsOnWhiteSite
22273,29,14
timeStep,numberOfRobotsOnBlackSite,numberOfRobotsOnWhiteSite
22274,29,14
timeStep,numberOfRobotsOnBlackSite,numberOfRobotsOnWhiteSite
22275,29,14
timeStep,numberOfRobotsOnBlackSite,numberOfRobotsOnWhiteSite
22276,29,14
timeStep,numberOfRobotsOnBlackSite,numberOfRobotsOnWhiteSite
22277,29,14
timeStep,numberOfRobotsOnBlackSite,numberOfRobotsOnWhiteSite
22278,29,14
timeStep,numberOfRobotsOnBlackSite,numberOfRobotsOnWhiteSite
22279,29,14
timeStep,numberOfRobotsOnBlackSite,numberOfRobotsOnWhiteSite
22280,29,14
timeStep,numberOfRobotsOnBlackSite,numberOfRobotsOnWhiteSite
22281,29,14
timeStep,numberOfRobotsOnBlackSite,numberOfRobotsOnWhiteSite
22282,29,14
timeStep,numberOfRobotsOnBlackSite,numberOfRobotsOnWhiteSite
22283,29,14
timeStep,numberOfRobotsOnBlackSite,numberOfRobotsOnWhiteSite
22284,29,14
timeStep,numberOfRobotsOnBlackSite,numberOfRobotsOnWhiteSite
22285,29,14
timeStep,numberOfRobotsOnBlackSite,numberOfRobotsOnWhiteSite
22286,29,14
timeStep,numberOfRobotsOnBlackSite,numberOfRobotsOnWhiteSite
22287,29,14
timeStep,numberOfRobotsOnBlackSite,numberOfRobotsOnWhiteSite
22288,29,14
timeStep,numberOfRobotsOnBlackSite,numberOfRobotsOnWhiteSite
22289,29,14
timeStep,numberOfRobotsOnBlackSite,numberOfRobotsOnWhiteSite
22290,29,14
timeStep,numberOfRobotsOnBlackSite,numberOfRobotsOnWhiteSite
22291,29,14
timeStep,numberOfRobotsOnBlackSite,numberOfRobotsOnWhiteSite
22292,29,14
timeStep,numberOfRobotsOnBlackSite,numberOfRobotsOnWhiteSite
22293,29,14
timeStep,numberOfRobotsOnBlackSite,numberOfRobotsOnWhiteSite
22294,29,14
timeStep,numberOfRobotsOnBlackSite,numberOfRobotsOnWhiteSite
22295,29,14
timeStep,numberOfRobotsOnBlackSite,numberOfRobotsOnWhiteSite
22296,29,14
timeStep,numberOfRobotsOnBlackSite,numberOfRobotsOnWhiteSite
22297,29,14
timeStep,numberOfRobotsOnBlackSite,numberOfRobotsOnWhiteSite
22298,29,14
timeStep,numberOfRobotsOnBlackSite,numberOfRobotsOnWhiteSite
22299,29,14
timeStep,numberOfRobotsOnBlackSite,numberOfRobotsOnWhiteSite
22300,29,14
timeStep,numberOfRobotsOnBlackSite,numberOfRobotsOnWhiteSite
22301,29,14
timeStep,numberOfRobotsOnBlackSite,numberOfRobotsOnWhiteSite
22302,29,14
timeStep,numberOfRobotsOnBlackSite,numberOfRobotsOnWhiteSite
22303,29,14
timeStep,numberOfRobotsOnBlackSite,numberOfRobotsOnWhiteSite
22304,29,14
timeStep,numberOfRobotsOnBlackSite,numberOfRobotsOnWhiteSite
22305,29,14
timeStep,numberOfRobotsOnBlackSite,numberOfRobotsOnWhiteSite
22306,29,14
timeStep,numberOfRobotsOnBlackSite,numberOfRobotsOnWhiteSite
22307,29,14
timeStep,numberOfRobotsOnBlackSite,numberOfRobotsOnWhiteSite
22308,29,14
timeStep,numberOfRobotsOnBlackSite,numberOfRobotsOnWhiteSite
22309,29,14
timeStep,numberOfRobotsOnBlackSite,numberOfRobotsOnWhiteSite
22310,29,14
timeStep,numberOfRobotsOnBlackSite,numberOfRobotsOnWhiteSite
22311,29,14
timeStep,numberOfRobotsOnBlackSite,numberOfRobotsOnWhiteSite
22312,29,14
timeStep,numberOfRobotsOnBlackSite,numberOfRobotsOnWhiteSite
22313,29,14
timeStep,numberOfRobotsOnBlackSite,numberOfRobotsOnWhiteSite
22314,29,14
timeStep,numberOfRobotsOnBlackSite,numberOfRobotsOnWhiteSite
22315,29,14
timeStep,numberOfRobotsOnBlackSite,numberOfRobotsOnWhiteSite
22316,29,14
timeStep,numberOfRobotsOnBlackSite,numberOfRobotsOnWhiteSite
22317,29,14
timeStep,numberOfRobotsOnBlackSite,numberOfRobotsOnWhiteSite
22318,29,14
timeStep,numberOfRobotsOnBlackSite,numberOfRobotsOnWhiteSite
22319,29,14
timeStep,numberOfRobotsOnBlackSite,numberOfRobotsOnWhiteSite
22320,29,14
timeStep,numberOfRobotsOnBlackSite,numberOfRobotsOnWhiteSite
22321,29,14
timeStep,numberOfRobotsOnBlackSite,numberOfRobotsOnWhiteSite
22322,29,14
timeStep,numberOfRobotsOnBlackSite,numberOfRobotsOnWhiteSite
22323,29,14
timeStep,numberOfRobotsOnBlackSite,numberOfRobotsOnWhiteSite
22324,29,14
timeStep,numberOfRobotsOnBlackSite,numberOfRobotsOnWhiteSite
22325,29,14
timeStep,numberOfRobotsOnBlackSite,numberOfRobotsOnWhiteSite
22326,29,14
timeStep,numberOfRobotsOnBlackSite,numberOfRobotsOnWhiteSite
22327,29,14
timeStep,numberOfRobotsOnBlackSite,numberOfRobotsOnWhiteSite
22328,29,14
timeStep,numberOfRobotsOnBlackSite,numberOfRobotsOnWhiteSite
22329,29,14
timeStep,numberOfRobotsOnBlackSite,numberOfRobotsOnWhiteSite
22330,29,14
timeStep,numberOfRobotsOnBlackSite,numberOfRobotsOnWhiteSite
22331,29,14
timeStep,numberOfRobotsOnBlackSite,numberOfRobotsOnWhiteSite
22332,29,14
timeStep,numberOfRobotsOnBlackSite,numberOfRobotsOnWhiteSite
22333,29,14
timeStep,numberOfRobotsOnBlackSite,numberOfRobotsOnWhiteSite
22334,29,14
timeStep,numberOfRobotsOnBlackSite,numberOfRobotsOnWhiteSite
22335,29,14
timeStep,numberOfRobotsOnBlackSite,numberOfRobotsOnWhiteSite
22336,29,14
timeStep,numberOfRobotsOnBlackSite,numberOfRobotsOnWhiteSite
22337,29,14
timeStep,numberOfRobotsOnBlackSite,numberOfRobotsOnWhiteSite
22338,29,14
timeStep,numberOfRobotsOnBlackSite,numberOfRobotsOnWhiteSite
22339,29,14
timeStep,numberOfRobotsOnBlackSite,numberOfRobotsOnWhiteSite
22340,29,14
timeStep,numberOfRobotsOnBlackSite,numberOfRobotsOnWhiteSite
22341,29,14
timeStep,numberOfRobotsOnBlackSite,numberOfRobotsOnWhiteSite
22342,29,14
timeStep,numberOfRobotsOnBlackSite,numberOfRobotsOnWhiteSite
22343,29,14
timeStep,numberOfRobotsOnBlackSite,numberOfRobotsOnWhiteSite
22344,29,14
timeStep,numberOfRobotsOnBlackSite,numberOfRobotsOnWhiteSite
22345,29,14
timeStep,numberOfRobotsOnBlackSite,numberOfRobotsOnWhiteSite
22346,29,14
timeStep,numberOfRobotsOnBlackSite,numberOfRobotsOnWhiteSite
22347,29,14
timeStep,numberOfRobotsOnBlackSite,numberOfRobotsOnWhiteSite
22348,29,14
timeStep,numberOfRobotsOnBlackSite,numberOfRobotsOnWhiteSite
22349,29,14
timeStep,numberOfRobotsOnBlackSite,numberOfRobotsOnWhiteSite
22350,29,14
timeStep,numberOfRobotsOnBlackSite,numberOfRobotsOnWhiteSite
22351,29,14
timeStep,numberOfRobotsOnBlackSite,numberOfRobotsOnWhiteSite
22352,29,14
timeStep,numberOfRobotsOnBlackSite,numberOfRobotsOnWhiteSite
22353,29,14
timeStep,numberOfRobotsOnBlackSite,numberOfRobotsOnWhiteSite
22354,29,14
timeStep,numberOfRobotsOnBlackSite,numberOfRobotsOnWhiteSite
22355,29,14
timeStep,numberOfRobotsOnBlackSite,numberOfRobotsOnWhiteSite
22356,29,14
timeStep,numberOfRobotsOnBlackSite,numberOfRobotsOnWhiteSite
22357,29,14
timeStep,numberOfRobotsOnBlackSite,numberOfRobotsOnWhiteSite
22358,29,14
timeStep,numberOfRobotsOnBlackSite,numberOfRobotsOnWhiteSite
22359,29,14
timeStep,numberOfRobotsOnBlackSite,numberOfRobotsOnWhiteSite
22360,29,14
timeStep,numberOfRobotsOnBlackSite,numberOfRobotsOnWhiteSite
22361,29,14
timeStep,numberOfRobotsOnBlackSite,numberOfRobotsOnWhiteSite
22362,29,14
timeStep,numberOfRobotsOnBlackSite,numberOfRobotsOnWhiteSite
22363,29,14
timeStep,numberOfRobotsOnBlackSite,numberOfRobotsOnWhiteSite
22364,29,14
timeStep,numberOfRobotsOnBlackSite,numberOfRobotsOnWhiteSite
22365,29,14
timeStep,numberOfRobotsOnBlackSite,numberOfRobotsOnWhiteSite
22366,29,14
timeStep,numberOfRobotsOnBlackSite,numberOfRobotsOnWhiteSite
22367,29,14
timeStep,numberOfRobotsOnBlackSite,numberOfRobotsOnWhiteSite
22368,29,14
timeStep,numberOfRobotsOnBlackSite,numberOfRobotsOnWhiteSite
22369,29,14
timeStep,numberOfRobotsOnBlackSite,numberOfRobotsOnWhiteSite
22370,29,14
timeStep,numberOfRobotsOnBlackSite,numberOfRobotsOnWhiteSite
22371,29,14
timeStep,numberOfRobotsOnBlackSite,numberOfRobotsOnWhiteSite
22372,29,14
timeStep,numberOfRobotsOnBlackSite,numberOfRobotsOnWhiteSite
22373,29,14
timeStep,numberOfRobotsOnBlackSite,numberOfRobotsOnWhiteSite
22374,29,14
timeStep,numberOfRobotsOnBlackSite,numberOfRobotsOnWhiteSite
22375,29,14
timeStep,numberOfRobotsOnBlackSite,numberOfRobotsOnWhiteSite
22376,29,14
timeStep,numberOfRobotsOnBlackSite,numberOfRobotsOnWhiteSite
22377,29,14
timeStep,numberOfRobotsOnBlackSite,numberOfRobotsOnWhiteSite
22378,29,14
timeStep,numberOfRobotsOnBlackSite,numberOfRobotsOnWhiteSite
22379,29,14
timeStep,numberOfRobotsOnBlackSite,numberOfRobotsOnWhiteSite
22380,29,14
timeStep,numberOfRobotsOnBlackSite,numberOfRobotsOnWhiteSite
22381,29,14
timeStep,numberOfRobotsOnBlackSite,numberOfRobotsOnWhiteSite
22382,29,14
timeStep,numberOfRobotsOnBlackSite,numberOfRobotsOnWhiteSite
22383,29,14
timeStep,numberOfRobotsOnBlackSite,numberOfRobotsOnWhiteSite
22384,29,14
timeStep,numberOfRobotsOnBlackSite,numberOfRobotsOnWhiteSite
22385,29,14
timeStep,numberOfRobotsOnBlackSite,numberOfRobotsOnWhiteSite
22386,29,14
timeStep,numberOfRobotsOnBlackSite,numberOfRobotsOnWhiteSite
22387,29,14
timeStep,numberOfRobotsOnBlackSite,numberOfRobotsOnWhiteSite
22388,29,14
timeStep,numberOfRobotsOnBlackSite,numberOfRobotsOnWhiteSite
22389,29,14
timeStep,numberOfRobotsOnBlackSite,numberOfRobotsOnWhiteSite
22390,29,14
timeStep,numberOfRobotsOnBlackSite,numberOfRobotsOnWhiteSite
22391,29,14
timeStep,numberOfRobotsOnBlackSite,numberOfRobotsOnWhiteSite
22392,29,14
timeStep,numberOfRobotsOnBlackSite,numberOfRobotsOnWhiteSite
22393,29,14
timeStep,numberOfRobotsOnBlackSite,numberOfRobotsOnWhiteSite
22394,29,14
timeStep,numberOfRobotsOnBlackSite,numberOfRobotsOnWhiteSite
22395,29,14
timeStep,numberOfRobotsOnBlackSite,numberOfRobotsOnWhiteSite
22396,29,14
timeStep,numberOfRobotsOnBlackSite,numberOfRobotsOnWhiteSite
22397,29,14
timeStep,numberOfRobotsOnBlackSite,numberOfRobotsOnWhiteSite
22398,29,14
timeStep,numberOfRobotsOnBlackSite,numberOfRobotsOnWhiteSite
22399,29,14
timeStep,numberOfRobotsOnBlackSite,numberOfRobotsOnWhiteSite
22400,29,14
timeStep,numberOfRobotsOnBlackSite,numberOfRobotsOnWhiteSite
22401,29,14
timeStep,numberOfRobotsOnBlackSite,numberOfRobotsOnWhiteSite
22402,29,14
timeStep,numberOfRobotsOnBlackSite,numberOfRobotsOnWhiteSite
22403,29,14
timeStep,numberOfRobotsOnBlackSite,numberOfRobotsOnWhiteSite
22404,29,14
timeStep,numberOfRobotsOnBlackSite,numberOfRobotsOnWhiteSite
22405,29,14
timeStep,numberOfRobotsOnBlackSite,numberOfRobotsOnWhiteSite
22406,29,14
timeStep,numberOfRobotsOnBlackSite,numberOfRobotsOnWhiteSite
22407,29,14
timeStep,numberOfRobotsOnBlackSite,numberOfRobotsOnWhiteSite
22408,29,14
timeStep,numberOfRobotsOnBlackSite,numberOfRobotsOnWhiteSite
22409,29,14
timeStep,numberOfRobotsOnBlackSite,numberOfRobotsOnWhiteSite
22410,29,14
timeStep,numberOfRobotsOnBlackSite,numberOfRobotsOnWhiteSite
22411,29,14
timeStep,numberOfRobotsOnBlackSite,numberOfRobotsOnWhiteSite
22412,29,14
timeStep,numberOfRobotsOnBlackSite,numberOfRobotsOnWhiteSite
22413,29,14
timeStep,numberOfRobotsOnBlackSite,numberOfRobotsOnWhiteSite
22414,29,14
timeStep,numberOfRobotsOnBlackSite,numberOfRobotsOnWhiteSite
22415,28,14
timeStep,numberOfRobotsOnBlackSite,numberOfRobotsOnWhiteSite
22416,28,14
timeStep,numberOfRobotsOnBlackSite,numberOfRobotsOnWhiteSite
22417,28,14
timeStep,numberOfRobotsOnBlackSite,numberOfRobotsOnWhiteSite
22418,28,14
timeStep,numberOfRobotsOnBlackSite,numberOfRobotsOnWhiteSite
22419,28,14
timeStep,numberOfRobotsOnBlackSite,numberOfRobotsOnWhiteSite
22420,28,15
timeStep,numberOfRobotsOnBlackSite,numberOfRobotsOnWhiteSite
22421,28,15
timeStep,numberOfRobotsOnBlackSite,numberOfRobotsOnWhiteSite
22422,28,15
timeStep,numberOfRobotsOnBlackSite,numberOfRobotsOnWhiteSite
22423,28,15
timeStep,numberOfRobotsOnBlackSite,numberOfRobotsOnWhiteSite
22424,28,15
timeStep,numberOfRobotsOnBlackSite,numberOfRobotsOnWhiteSite
22425,28,15
timeStep,numberOfRobotsOnBlackSite,numberOfRobotsOnWhiteSite
22426,28,15
timeStep,numberOfRobotsOnBlackSite,numberOfRobotsOnWhiteSite
22427,28,15
timeStep,numberOfRobotsOnBlackSite,numberOfRobotsOnWhiteSite
22428,28,15
timeStep,numberOfRobotsOnBlackSite,numberOfRobotsOnWhiteSite
22429,28,15
timeStep,numberOfRobotsOnBlackSite,numberOfRobotsOnWhiteSite
22430,28,15
timeStep,numberOfRobotsOnBlackSite,numberOfRobotsOnWhiteSite
22431,28,15
timeStep,numberOfRobotsOnBlackSite,numberOfRobotsOnWhiteSite
22432,28,15
timeStep,numberOfRobotsOnBlackSite,numberOfRobotsOnWhiteSite
22433,28,15
timeStep,numberOfRobotsOnBlackSite,numberOfRobotsOnWhiteSite
22434,28,15
timeStep,numberOfRobotsOnBlackSite,numberOfRobotsOnWhiteSite
22435,28,15
timeStep,numberOfRobotsOnBlackSite,numberOfRobotsOnWhiteSite
22436,28,15
timeStep,numberOfRobotsOnBlackSite,numberOfRobotsOnWhiteSite
22437,28,15
timeStep,numberOfRobotsOnBlackSite,numberOfRobotsOnWhiteSite
22438,28,15
timeStep,numberOfRobotsOnBlackSite,numberOfRobotsOnWhiteSite
22439,28,15
timeStep,numberOfRobotsOnBlackSite,numberOfRobotsOnWhiteSite
22440,28,15
timeStep,numberOfRobotsOnBlackSite,numberOfRobotsOnWhiteSite
22441,28,15
timeStep,numberOfRobotsOnBlackSite,numberOfRobotsOnWhiteSite
22442,28,15
timeStep,numberOfRobotsOnBlackSite,numberOfRobotsOnWhiteSite
22443,28,15
timeStep,numberOfRobotsOnBlackSite,numberOfRobotsOnWhiteSite
22444,28,15
timeStep,numberOfRobotsOnBlackSite,numberOfRobotsOnWhiteSite
22445,28,15
timeStep,numberOfRobotsOnBlackSite,numberOfRobotsOnWhiteSite
22446,28,15
timeStep,numberOfRobotsOnBlackSite,numberOfRobotsOnWhiteSite
22447,28,15
timeStep,numberOfRobotsOnBlackSite,numberOfRobotsOnWhiteSite
22448,28,15
timeStep,numberOfRobotsOnBlackSite,numberOfRobotsOnWhiteSite
22449,28,15
timeStep,numberOfRobotsOnBlackSite,numberOfRobotsOnWhiteSite
22450,28,15
timeStep,numberOfRobotsOnBlackSite,numberOfRobotsOnWhiteSite
22451,28,15
timeStep,numberOfRobotsOnBlackSite,numberOfRobotsOnWhiteSite
22452,28,15
timeStep,numberOfRobotsOnBlackSite,numberOfRobotsOnWhiteSite
22453,28,15
timeStep,numberOfRobotsOnBlackSite,numberOfRobotsOnWhiteSite
22454,28,15
timeStep,numberOfRobotsOnBlackSite,numberOfRobotsOnWhiteSite
22455,28,15
timeStep,numberOfRobotsOnBlackSite,numberOfRobotsOnWhiteSite
22456,28,15
timeStep,numberOfRobotsOnBlackSite,numberOfRobotsOnWhiteSite
22457,28,15
timeStep,numberOfRobotsOnBlackSite,numberOfRobotsOnWhiteSite
22458,28,15
timeStep,numberOfRobotsOnBlackSite,numberOfRobotsOnWhiteSite
22459,28,15
timeStep,numberOfRobotsOnBlackSite,numberOfRobotsOnWhiteSite
22460,28,15
timeStep,numberOfRobotsOnBlackSite,numberOfRobotsOnWhiteSite
22461,28,15
timeStep,numberOfRobotsOnBlackSite,numberOfRobotsOnWhiteSite
22462,28,15
timeStep,numberOfRobotsOnBlackSite,numberOfRobotsOnWhiteSite
22463,28,15
timeStep,numberOfRobotsOnBlackSite,numberOfRobotsOnWhiteSite
22464,28,15
timeStep,numberOfRobotsOnBlackSite,numberOfRobotsOnWhiteSite
22465,28,15
timeStep,numberOfRobotsOnBlackSite,numberOfRobotsOnWhiteSite
22466,28,15
timeStep,numberOfRobotsOnBlackSite,numberOfRobotsOnWhiteSite
22467,28,15
timeStep,numberOfRobotsOnBlackSite,numberOfRobotsOnWhiteSite
22468,28,15
timeStep,numberOfRobotsOnBlackSite,numberOfRobotsOnWhiteSite
22469,28,15
timeStep,numberOfRobotsOnBlackSite,numberOfRobotsOnWhiteSite
22470,28,15
timeStep,numberOfRobotsOnBlackSite,numberOfRobotsOnWhiteSite
22471,28,15
timeStep,numberOfRobotsOnBlackSite,numberOfRobotsOnWhiteSite
22472,28,15
timeStep,numberOfRobotsOnBlackSite,numberOfRobotsOnWhiteSite
22473,28,15
timeStep,numberOfRobotsOnBlackSite,numberOfRobotsOnWhiteSite
22474,28,15
timeStep,numberOfRobotsOnBlackSite,numberOfRobotsOnWhiteSite
22475,28,15
timeStep,numberOfRobotsOnBlackSite,numberOfRobotsOnWhiteSite
22476,28,15
timeStep,numberOfRobotsOnBlackSite,numberOfRobotsOnWhiteSite
22477,28,15
timeStep,numberOfRobotsOnBlackSite,numberOfRobotsOnWhiteSite
22478,28,15
timeStep,numberOfRobotsOnBlackSite,numberOfRobotsOnWhiteSite
22479,28,15
timeStep,numberOfRobotsOnBlackSite,numberOfRobotsOnWhiteSite
22480,28,15
timeStep,numberOfRobotsOnBlackSite,numberOfRobotsOnWhiteSite
22481,28,15
timeStep,numberOfRobotsOnBlackSite,numberOfRobotsOnWhiteSite
22482,28,15
timeStep,numberOfRobotsOnBlackSite,numberOfRobotsOnWhiteSite
22483,28,15
timeStep,numberOfRobotsOnBlackSite,numberOfRobotsOnWhiteSite
22484,28,15
timeStep,numberOfRobotsOnBlackSite,numberOfRobotsOnWhiteSite
22485,28,15
timeStep,numberOfRobotsOnBlackSite,numberOfRobotsOnWhiteSite
22486,28,15
timeStep,numberOfRobotsOnBlackSite,numberOfRobotsOnWhiteSite
22487,28,15
timeStep,numberOfRobotsOnBlackSite,numberOfRobotsOnWhiteSite
22488,28,15
timeStep,numberOfRobotsOnBlackSite,numberOfRobotsOnWhiteSite
22489,28,15
timeStep,numberOfRobotsOnBlackSite,numberOfRobotsOnWhiteSite
22490,28,15
timeStep,numberOfRobotsOnBlackSite,numberOfRobotsOnWhiteSite
22491,28,15
timeStep,numberOfRobotsOnBlackSite,numberOfRobotsOnWhiteSite
22492,28,15
timeStep,numberOfRobotsOnBlackSite,numberOfRobotsOnWhiteSite
22493,28,15
timeStep,numberOfRobotsOnBlackSite,numberOfRobotsOnWhiteSite
22494,28,15
timeStep,numberOfRobotsOnBlackSite,numberOfRobotsOnWhiteSite
22495,28,15
timeStep,numberOfRobotsOnBlackSite,numberOfRobotsOnWhiteSite
22496,28,15
timeStep,numberOfRobotsOnBlackSite,numberOfRobotsOnWhiteSite
22497,28,15
timeStep,numberOfRobotsOnBlackSite,numberOfRobotsOnWhiteSite
22498,28,15
timeStep,numberOfRobotsOnBlackSite,numberOfRobotsOnWhiteSite
22499,28,15
timeStep,numberOfRobotsOnBlackSite,numberOfRobotsOnWhiteSite
22500,28,15
timeStep,numberOfRobotsOnBlackSite,numberOfRobotsOnWhiteSite
22501,28,15
timeStep,numberOfRobotsOnBlackSite,numberOfRobotsOnWhiteSite
22502,28,15
timeStep,numberOfRobotsOnBlackSite,numberOfRobotsOnWhiteSite
22503,28,15
timeStep,numberOfRobotsOnBlackSite,numberOfRobotsOnWhiteSite
22504,28,15
timeStep,numberOfRobotsOnBlackSite,numberOfRobotsOnWhiteSite
22505,28,15
timeStep,numberOfRobotsOnBlackSite,numberOfRobotsOnWhiteSite
22506,28,15
timeStep,numberOfRobotsOnBlackSite,numberOfRobotsOnWhiteSite
22507,28,15
timeStep,numberOfRobotsOnBlackSite,numberOfRobotsOnWhiteSite
22508,28,15
timeStep,numberOfRobotsOnBlackSite,numberOfRobotsOnWhiteSite
22509,28,15
timeStep,numberOfRobotsOnBlackSite,numberOfRobotsOnWhiteSite
22510,28,15
timeStep,numberOfRobotsOnBlackSite,numberOfRobotsOnWhiteSite
22511,28,15
timeStep,numberOfRobotsOnBlackSite,numberOfRobotsOnWhiteSite
22512,28,15
timeStep,numberOfRobotsOnBlackSite,numberOfRobotsOnWhiteSite
22513,28,15
timeStep,numberOfRobotsOnBlackSite,numberOfRobotsOnWhiteSite
22514,28,15
timeStep,numberOfRobotsOnBlackSite,numberOfRobotsOnWhiteSite
22515,28,15
timeStep,numberOfRobotsOnBlackSite,numberOfRobotsOnWhiteSite
22516,28,15
timeStep,numberOfRobotsOnBlackSite,numberOfRobotsOnWhiteSite
22517,28,15
timeStep,numberOfRobotsOnBlackSite,numberOfRobotsOnWhiteSite
22518,28,15
timeStep,numberOfRobotsOnBlackSite,numberOfRobotsOnWhiteSite
22519,28,15
timeStep,numberOfRobotsOnBlackSite,numberOfRobotsOnWhiteSite
22520,28,15
timeStep,numberOfRobotsOnBlackSite,numberOfRobotsOnWhiteSite
22521,28,15
timeStep,numberOfRobotsOnBlackSite,numberOfRobotsOnWhiteSite
22522,28,15
timeStep,numberOfRobotsOnBlackSite,numberOfRobotsOnWhiteSite
22523,28,15
timeStep,numberOfRobotsOnBlackSite,numberOfRobotsOnWhiteSite
22524,28,15
timeStep,numberOfRobotsOnBlackSite,numberOfRobotsOnWhiteSite
22525,28,15
timeStep,numberOfRobotsOnBlackSite,numberOfRobotsOnWhiteSite
22526,28,15
timeStep,numberOfRobotsOnBlackSite,numberOfRobotsOnWhiteSite
22527,28,15
timeStep,numberOfRobotsOnBlackSite,numberOfRobotsOnWhiteSite
22528,28,15
timeStep,numberOfRobotsOnBlackSite,numberOfRobotsOnWhiteSite
22529,28,15
timeStep,numberOfRobotsOnBlackSite,numberOfRobotsOnWhiteSite
22530,28,15
timeStep,numberOfRobotsOnBlackSite,numberOfRobotsOnWhiteSite
22531,28,15
timeStep,numberOfRobotsOnBlackSite,numberOfRobotsOnWhiteSite
22532,28,15
timeStep,numberOfRobotsOnBlackSite,numberOfRobotsOnWhiteSite
22533,28,15
timeStep,numberOfRobotsOnBlackSite,numberOfRobotsOnWhiteSite
22534,28,15
timeStep,numberOfRobotsOnBlackSite,numberOfRobotsOnWhiteSite
22535,28,15
timeStep,numberOfRobotsOnBlackSite,numberOfRobotsOnWhiteSite
22536,28,15
timeStep,numberOfRobotsOnBlackSite,numberOfRobotsOnWhiteSite
22537,28,15
timeStep,numberOfRobotsOnBlackSite,numberOfRobotsOnWhiteSite
22538,28,15
timeStep,numberOfRobotsOnBlackSite,numberOfRobotsOnWhiteSite
22539,28,15
timeStep,numberOfRobotsOnBlackSite,numberOfRobotsOnWhiteSite
22540,28,15
timeStep,numberOfRobotsOnBlackSite,numberOfRobotsOnWhiteSite
22541,28,15
timeStep,numberOfRobotsOnBlackSite,numberOfRobotsOnWhiteSite
22542,28,15
timeStep,numberOfRobotsOnBlackSite,numberOfRobotsOnWhiteSite
22543,28,15
timeStep,numberOfRobotsOnBlackSite,numberOfRobotsOnWhiteSite
22544,28,15
timeStep,numberOfRobotsOnBlackSite,numberOfRobotsOnWhiteSite
22545,28,15
timeStep,numberOfRobotsOnBlackSite,numberOfRobotsOnWhiteSite
22546,28,15
timeStep,numberOfRobotsOnBlackSite,numberOfRobotsOnWhiteSite
22547,28,15
timeStep,numberOfRobotsOnBlackSite,numberOfRobotsOnWhiteSite
22548,28,15
timeStep,numberOfRobotsOnBlackSite,numberOfRobotsOnWhiteSite
22549,28,15
timeStep,numberOfRobotsOnBlackSite,numberOfRobotsOnWhiteSite
22550,28,15
timeStep,numberOfRobotsOnBlackSite,numberOfRobotsOnWhiteSite
22551,28,15
timeStep,numberOfRobotsOnBlackSite,numberOfRobotsOnWhiteSite
22552,28,15
timeStep,numberOfRobotsOnBlackSite,numberOfRobotsOnWhiteSite
22553,28,15
timeStep,numberOfRobotsOnBlackSite,numberOfRobotsOnWhiteSite
22554,28,15
timeStep,numberOfRobotsOnBlackSite,numberOfRobotsOnWhiteSite
22555,28,15
timeStep,numberOfRobotsOnBlackSite,numberOfRobotsOnWhiteSite
22556,28,15
timeStep,numberOfRobotsOnBlackSite,numberOfRobotsOnWhiteSite
22557,28,15
timeStep,numberOfRobotsOnBlackSite,numberOfRobotsOnWhiteSite
22558,28,15
timeStep,numberOfRobotsOnBlackSite,numberOfRobotsOnWhiteSite
22559,28,15
timeStep,numberOfRobotsOnBlackSite,numberOfRobotsOnWhiteSite
22560,28,15
timeStep,numberOfRobotsOnBlackSite,numberOfRobotsOnWhiteSite
22561,28,15
timeStep,numberOfRobotsOnBlackSite,numberOfRobotsOnWhiteSite
22562,28,15
timeStep,numberOfRobotsOnBlackSite,numberOfRobotsOnWhiteSite
22563,28,15
timeStep,numberOfRobotsOnBlackSite,numberOfRobotsOnWhiteSite
22564,28,15
timeStep,numberOfRobotsOnBlackSite,numberOfRobotsOnWhiteSite
22565,28,15
timeStep,numberOfRobotsOnBlackSite,numberOfRobotsOnWhiteSite
22566,28,15
timeStep,numberOfRobotsOnBlackSite,numberOfRobotsOnWhiteSite
22567,28,15
timeStep,numberOfRobotsOnBlackSite,numberOfRobotsOnWhiteSite
22568,28,15
timeStep,numberOfRobotsOnBlackSite,numberOfRobotsOnWhiteSite
22569,28,15
timeStep,numberOfRobotsOnBlackSite,numberOfRobotsOnWhiteSite
22570,28,15
timeStep,numberOfRobotsOnBlackSite,numberOfRobotsOnWhiteSite
22571,28,15
timeStep,numberOfRobotsOnBlackSite,numberOfRobotsOnWhiteSite
22572,28,15
timeStep,numberOfRobotsOnBlackSite,numberOfRobotsOnWhiteSite
22573,28,15
timeStep,numberOfRobotsOnBlackSite,numberOfRobotsOnWhiteSite
22574,28,15
timeStep,numberOfRobotsOnBlackSite,numberOfRobotsOnWhiteSite
22575,28,15
timeStep,numberOfRobotsOnBlackSite,numberOfRobotsOnWhiteSite
22576,28,15
timeStep,numberOfRobotsOnBlackSite,numberOfRobotsOnWhiteSite
22577,28,15
timeStep,numberOfRobotsOnBlackSite,numberOfRobotsOnWhiteSite
22578,28,15
timeStep,numberOfRobotsOnBlackSite,numberOfRobotsOnWhiteSite
22579,28,15
timeStep,numberOfRobotsOnBlackSite,numberOfRobotsOnWhiteSite
22580,27,15
timeStep,numberOfRobotsOnBlackSite,numberOfRobotsOnWhiteSite
22581,27,15
timeStep,numberOfRobotsOnBlackSite,numberOfRobotsOnWhiteSite
22582,27,15
timeStep,numberOfRobotsOnBlackSite,numberOfRobotsOnWhiteSite
22583,27,15
timeStep,numberOfRobotsOnBlackSite,numberOfRobotsOnWhiteSite
22584,27,15
timeStep,numberOfRobotsOnBlackSite,numberOfRobotsOnWhiteSite
22585,27,15
timeStep,numberOfRobotsOnBlackSite,numberOfRobotsOnWhiteSite
22586,27,15
timeStep,numberOfRobotsOnBlackSite,numberOfRobotsOnWhiteSite
22587,27,15
timeStep,numberOfRobotsOnBlackSite,numberOfRobotsOnWhiteSite
22588,27,15
timeStep,numberOfRobotsOnBlackSite,numberOfRobotsOnWhiteSite
22589,27,15
timeStep,numberOfRobotsOnBlackSite,numberOfRobotsOnWhiteSite
22590,27,15
timeStep,numberOfRobotsOnBlackSite,numberOfRobotsOnWhiteSite
22591,27,15
timeStep,numberOfRobotsOnBlackSite,numberOfRobotsOnWhiteSite
22592,27,15
timeStep,numberOfRobotsOnBlackSite,numberOfRobotsOnWhiteSite
22593,27,15
timeStep,numberOfRobotsOnBlackSite,numberOfRobotsOnWhiteSite
22594,27,15
timeStep,numberOfRobotsOnBlackSite,numberOfRobotsOnWhiteSite
22595,27,15
timeStep,numberOfRobotsOnBlackSite,numberOfRobotsOnWhiteSite
22596,27,15
timeStep,numberOfRobotsOnBlackSite,numberOfRobotsOnWhiteSite
22597,27,15
timeStep,numberOfRobotsOnBlackSite,numberOfRobotsOnWhiteSite
22598,27,15
timeStep,numberOfRobotsOnBlackSite,numberOfRobotsOnWhiteSite
22599,27,15
timeStep,numberOfRobotsOnBlackSite,numberOfRobotsOnWhiteSite
22600,27,15
timeStep,numberOfRobotsOnBlackSite,numberOfRobotsOnWhiteSite
22601,27,15
timeStep,numberOfRobotsOnBlackSite,numberOfRobotsOnWhiteSite
22602,27,15
timeStep,numberOfRobotsOnBlackSite,numberOfRobotsOnWhiteSite
22603,27,15
timeStep,numberOfRobotsOnBlackSite,numberOfRobotsOnWhiteSite
22604,27,15
timeStep,numberOfRobotsOnBlackSite,numberOfRobotsOnWhiteSite
22605,27,15
timeStep,numberOfRobotsOnBlackSite,numberOfRobotsOnWhiteSite
22606,27,15
timeStep,numberOfRobotsOnBlackSite,numberOfRobotsOnWhiteSite
22607,27,15
timeStep,numberOfRobotsOnBlackSite,numberOfRobotsOnWhiteSite
22608,27,15
timeStep,numberOfRobotsOnBlackSite,numberOfRobotsOnWhiteSite
22609,27,15
timeStep,numberOfRobotsOnBlackSite,numberOfRobotsOnWhiteSite
22610,27,15
timeStep,numberOfRobotsOnBlackSite,numberOfRobotsOnWhiteSite
22611,27,15
timeStep,numberOfRobotsOnBlackSite,numberOfRobotsOnWhiteSite
22612,27,15
timeStep,numberOfRobotsOnBlackSite,numberOfRobotsOnWhiteSite
22613,27,15
timeStep,numberOfRobotsOnBlackSite,numberOfRobotsOnWhiteSite
22614,27,15
timeStep,numberOfRobotsOnBlackSite,numberOfRobotsOnWhiteSite
22615,27,15
timeStep,numberOfRobotsOnBlackSite,numberOfRobotsOnWhiteSite
22616,27,15
timeStep,numberOfRobotsOnBlackSite,numberOfRobotsOnWhiteSite
22617,27,15
timeStep,numberOfRobotsOnBlackSite,numberOfRobotsOnWhiteSite
22618,27,15
timeStep,numberOfRobotsOnBlackSite,numberOfRobotsOnWhiteSite
22619,27,15
timeStep,numberOfRobotsOnBlackSite,numberOfRobotsOnWhiteSite
22620,27,15
timeStep,numberOfRobotsOnBlackSite,numberOfRobotsOnWhiteSite
22621,27,15
timeStep,numberOfRobotsOnBlackSite,numberOfRobotsOnWhiteSite
22622,27,15
timeStep,numberOfRobotsOnBlackSite,numberOfRobotsOnWhiteSite
22623,27,15
timeStep,numberOfRobotsOnBlackSite,numberOfRobotsOnWhiteSite
22624,27,15
timeStep,numberOfRobotsOnBlackSite,numberOfRobotsOnWhiteSite
22625,27,15
timeStep,numberOfRobotsOnBlackSite,numberOfRobotsOnWhiteSite
22626,27,15
timeStep,numberOfRobotsOnBlackSite,numberOfRobotsOnWhiteSite
22627,27,15
timeStep,numberOfRobotsOnBlackSite,numberOfRobotsOnWhiteSite
22628,27,15
timeStep,numberOfRobotsOnBlackSite,numberOfRobotsOnWhiteSite
22629,27,15
timeStep,numberOfRobotsOnBlackSite,numberOfRobotsOnWhiteSite
22630,27,15
timeStep,numberOfRobotsOnBlackSite,numberOfRobotsOnWhiteSite
22631,27,15
timeStep,numberOfRobotsOnBlackSite,numberOfRobotsOnWhiteSite
22632,27,15
timeStep,numberOfRobotsOnBlackSite,numberOfRobotsOnWhiteSite
22633,27,15
timeStep,numberOfRobotsOnBlackSite,numberOfRobotsOnWhiteSite
22634,27,15
timeStep,numberOfRobotsOnBlackSite,numberOfRobotsOnWhiteSite
22635,27,15
timeStep,numberOfRobotsOnBlackSite,numberOfRobotsOnWhiteSite
22636,27,15
timeStep,numberOfRobotsOnBlackSite,numberOfRobotsOnWhiteSite
22637,27,15
timeStep,numberOfRobotsOnBlackSite,numberOfRobotsOnWhiteSite
22638,27,15
timeStep,numberOfRobotsOnBlackSite,numberOfRobotsOnWhiteSite
22639,27,15
timeStep,numberOfRobotsOnBlackSite,numberOfRobotsOnWhiteSite
22640,27,15
timeStep,numberOfRobotsOnBlackSite,numberOfRobotsOnWhiteSite
22641,27,15
timeStep,numberOfRobotsOnBlackSite,numberOfRobotsOnWhiteSite
22642,27,15
timeStep,numberOfRobotsOnBlackSite,numberOfRobotsOnWhiteSite
22643,27,15
timeStep,numberOfRobotsOnBlackSite,numberOfRobotsOnWhiteSite
22644,27,15
timeStep,numberOfRobotsOnBlackSite,numberOfRobotsOnWhiteSite
22645,27,15
timeStep,numberOfRobotsOnBlackSite,numberOfRobotsOnWhiteSite
22646,27,15
timeStep,numberOfRobotsOnBlackSite,numberOfRobotsOnWhiteSite
22647,27,15
timeStep,numberOfRobotsOnBlackSite,numberOfRobotsOnWhiteSite
22648,27,15
timeStep,numberOfRobotsOnBlackSite,numberOfRobotsOnWhiteSite
22649,27,15
timeStep,numberOfRobotsOnBlackSite,numberOfRobotsOnWhiteSite
22650,27,15
timeStep,numberOfRobotsOnBlackSite,numberOfRobotsOnWhiteSite
22651,27,15
timeStep,numberOfRobotsOnBlackSite,numberOfRobotsOnWhiteSite
22652,27,15
timeStep,numberOfRobotsOnBlackSite,numberOfRobotsOnWhiteSite
22653,27,15
timeStep,numberOfRobotsOnBlackSite,numberOfRobotsOnWhiteSite
22654,27,15
timeStep,numberOfRobotsOnBlackSite,numberOfRobotsOnWhiteSite
22655,27,15
timeStep,numberOfRobotsOnBlackSite,numberOfRobotsOnWhiteSite
22656,27,15
timeStep,numberOfRobotsOnBlackSite,numberOfRobotsOnWhiteSite
22657,27,15
timeStep,numberOfRobotsOnBlackSite,numberOfRobotsOnWhiteSite
22658,27,15
timeStep,numberOfRobotsOnBlackSite,numberOfRobotsOnWhiteSite
22659,27,15
timeStep,numberOfRobotsOnBlackSite,numberOfRobotsOnWhiteSite
22660,27,15
timeStep,numberOfRobotsOnBlackSite,numberOfRobotsOnWhiteSite
22661,27,15
timeStep,numberOfRobotsOnBlackSite,numberOfRobotsOnWhiteSite
22662,27,15
timeStep,numberOfRobotsOnBlackSite,numberOfRobotsOnWhiteSite
22663,27,15
timeStep,numberOfRobotsOnBlackSite,numberOfRobotsOnWhiteSite
22664,27,15
timeStep,numberOfRobotsOnBlackSite,numberOfRobotsOnWhiteSite
22665,27,15
timeStep,numberOfRobotsOnBlackSite,numberOfRobotsOnWhiteSite
22666,27,15
timeStep,numberOfRobotsOnBlackSite,numberOfRobotsOnWhiteSite
22667,27,15
timeStep,numberOfRobotsOnBlackSite,numberOfRobotsOnWhiteSite
22668,27,15
timeStep,numberOfRobotsOnBlackSite,numberOfRobotsOnWhiteSite
22669,27,15
timeStep,numberOfRobotsOnBlackSite,numberOfRobotsOnWhiteSite
22670,27,15
timeStep,numberOfRobotsOnBlackSite,numberOfRobotsOnWhiteSite
22671,27,15
timeStep,numberOfRobotsOnBlackSite,numberOfRobotsOnWhiteSite
22672,27,15
timeStep,numberOfRobotsOnBlackSite,numberOfRobotsOnWhiteSite
22673,27,15
timeStep,numberOfRobotsOnBlackSite,numberOfRobotsOnWhiteSite
22674,27,15
timeStep,numberOfRobotsOnBlackSite,numberOfRobotsOnWhiteSite
22675,27,15
timeStep,numberOfRobotsOnBlackSite,numberOfRobotsOnWhiteSite
22676,27,15
timeStep,numberOfRobotsOnBlackSite,numberOfRobotsOnWhiteSite
22677,27,15
timeStep,numberOfRobotsOnBlackSite,numberOfRobotsOnWhiteSite
22678,27,15
timeStep,numberOfRobotsOnBlackSite,numberOfRobotsOnWhiteSite
22679,27,15
timeStep,numberOfRobotsOnBlackSite,numberOfRobotsOnWhiteSite
22680,27,15
timeStep,numberOfRobotsOnBlackSite,numberOfRobotsOnWhiteSite
22681,27,15
timeStep,numberOfRobotsOnBlackSite,numberOfRobotsOnWhiteSite
22682,27,15
timeStep,numberOfRobotsOnBlackSite,numberOfRobotsOnWhiteSite
22683,27,15
timeStep,numberOfRobotsOnBlackSite,numberOfRobotsOnWhiteSite
22684,27,15
timeStep,numberOfRobotsOnBlackSite,numberOfRobotsOnWhiteSite
22685,27,15
timeStep,numberOfRobotsOnBlackSite,numberOfRobotsOnWhiteSite
22686,27,15
timeStep,numberOfRobotsOnBlackSite,numberOfRobotsOnWhiteSite
22687,27,15
timeStep,numberOfRobotsOnBlackSite,numberOfRobotsOnWhiteSite
22688,27,15
timeStep,numberOfRobotsOnBlackSite,numberOfRobotsOnWhiteSite
22689,27,15
timeStep,numberOfRobotsOnBlackSite,numberOfRobotsOnWhiteSite
22690,27,15
timeStep,numberOfRobotsOnBlackSite,numberOfRobotsOnWhiteSite
22691,27,15
timeStep,numberOfRobotsOnBlackSite,numberOfRobotsOnWhiteSite
22692,27,15
timeStep,numberOfRobotsOnBlackSite,numberOfRobotsOnWhiteSite
22693,27,15
timeStep,numberOfRobotsOnBlackSite,numberOfRobotsOnWhiteSite
22694,27,15
timeStep,numberOfRobotsOnBlackSite,numberOfRobotsOnWhiteSite
22695,27,15
timeStep,numberOfRobotsOnBlackSite,numberOfRobotsOnWhiteSite
22696,27,15
timeStep,numberOfRobotsOnBlackSite,numberOfRobotsOnWhiteSite
22697,27,15
timeStep,numberOfRobotsOnBlackSite,numberOfRobotsOnWhiteSite
22698,27,15
timeStep,numberOfRobotsOnBlackSite,numberOfRobotsOnWhiteSite
22699,27,15
timeStep,numberOfRobotsOnBlackSite,numberOfRobotsOnWhiteSite
22700,27,15
timeStep,numberOfRobotsOnBlackSite,numberOfRobotsOnWhiteSite
22701,27,15
timeStep,numberOfRobotsOnBlackSite,numberOfRobotsOnWhiteSite
22702,27,15
timeStep,numberOfRobotsOnBlackSite,numberOfRobotsOnWhiteSite
22703,27,15
timeStep,numberOfRobotsOnBlackSite,numberOfRobotsOnWhiteSite
22704,27,15
timeStep,numberOfRobotsOnBlackSite,numberOfRobotsOnWhiteSite
22705,27,15
timeStep,numberOfRobotsOnBlackSite,numberOfRobotsOnWhiteSite
22706,27,15
timeStep,numberOfRobotsOnBlackSite,numberOfRobotsOnWhiteSite
22707,27,15
timeStep,numberOfRobotsOnBlackSite,numberOfRobotsOnWhiteSite
22708,27,15
timeStep,numberOfRobotsOnBlackSite,numberOfRobotsOnWhiteSite
22709,27,15
timeStep,numberOfRobotsOnBlackSite,numberOfRobotsOnWhiteSite
22710,27,15
timeStep,numberOfRobotsOnBlackSite,numberOfRobotsOnWhiteSite
22711,27,15
timeStep,numberOfRobotsOnBlackSite,numberOfRobotsOnWhiteSite
22712,27,15
timeStep,numberOfRobotsOnBlackSite,numberOfRobotsOnWhiteSite
22713,27,15
timeStep,numberOfRobotsOnBlackSite,numberOfRobotsOnWhiteSite
22714,27,15
timeStep,numberOfRobotsOnBlackSite,numberOfRobotsOnWhiteSite
22715,27,15
timeStep,numberOfRobotsOnBlackSite,numberOfRobotsOnWhiteSite
22716,27,15
timeStep,numberOfRobotsOnBlackSite,numberOfRobotsOnWhiteSite
22717,27,15
timeStep,numberOfRobotsOnBlackSite,numberOfRobotsOnWhiteSite
22718,27,15
timeStep,numberOfRobotsOnBlackSite,numberOfRobotsOnWhiteSite
22719,27,15
timeStep,numberOfRobotsOnBlackSite,numberOfRobotsOnWhiteSite
22720,27,15
timeStep,numberOfRobotsOnBlackSite,numberOfRobotsOnWhiteSite
22721,27,15
timeStep,numberOfRobotsOnBlackSite,numberOfRobotsOnWhiteSite
22722,27,15
timeStep,numberOfRobotsOnBlackSite,numberOfRobotsOnWhiteSite
22723,27,15
timeStep,numberOfRobotsOnBlackSite,numberOfRobotsOnWhiteSite
22724,27,15
timeStep,numberOfRobotsOnBlackSite,numberOfRobotsOnWhiteSite
22725,27,15
timeStep,numberOfRobotsOnBlackSite,numberOfRobotsOnWhiteSite
22726,27,15
timeStep,numberOfRobotsOnBlackSite,numberOfRobotsOnWhiteSite
22727,27,15
timeStep,numberOfRobotsOnBlackSite,numberOfRobotsOnWhiteSite
22728,27,15
timeStep,numberOfRobotsOnBlackSite,numberOfRobotsOnWhiteSite
22729,27,15
timeStep,numberOfRobotsOnBlackSite,numberOfRobotsOnWhiteSite
22730,27,15
timeStep,numberOfRobotsOnBlackSite,numberOfRobotsOnWhiteSite
22731,27,15
timeStep,numberOfRobotsOnBlackSite,numberOfRobotsOnWhiteSite
22732,27,15
timeStep,numberOfRobotsOnBlackSite,numberOfRobotsOnWhiteSite
22733,27,15
timeStep,numberOfRobotsOnBlackSite,numberOfRobotsOnWhiteSite
22734,27,15
timeStep,numberOfRobotsOnBlackSite,numberOfRobotsOnWhiteSite
22735,27,15
timeStep,numberOfRobotsOnBlackSite,numberOfRobotsOnWhiteSite
22736,27,15
timeStep,numberOfRobotsOnBlackSite,numberOfRobotsOnWhiteSite
22737,27,15
timeStep,numberOfRobotsOnBlackSite,numberOfRobotsOnWhiteSite
22738,27,15
timeStep,numberOfRobotsOnBlackSite,numberOfRobotsOnWhiteSite
22739,27,15
timeStep,numberOfRobotsOnBlackSite,numberOfRobotsOnWhiteSite
22740,27,15
timeStep,numberOfRobotsOnBlackSite,numberOfRobotsOnWhiteSite
22741,27,15
timeStep,numberOfRobotsOnBlackSite,numberOfRobotsOnWhiteSite
22742,27,15
timeStep,numberOfRobotsOnBlackSite,numberOfRobotsOnWhiteSite
22743,27,15
timeStep,numberOfRobotsOnBlackSite,numberOfRobotsOnWhiteSite
22744,27,15
timeStep,numberOfRobotsOnBlackSite,numberOfRobotsOnWhiteSite
22745,27,15
timeStep,numberOfRobotsOnBlackSite,numberOfRobotsOnWhiteSite
22746,27,15
timeStep,numberOfRobotsOnBlackSite,numberOfRobotsOnWhiteSite
22747,27,15
timeStep,numberOfRobotsOnBlackSite,numberOfRobotsOnWhiteSite
22748,27,15
timeStep,numberOfRobotsOnBlackSite,numberOfRobotsOnWhiteSite
22749,27,15
timeStep,numberOfRobotsOnBlackSite,numberOfRobotsOnWhiteSite
22750,27,15
timeStep,numberOfRobotsOnBlackSite,numberOfRobotsOnWhiteSite
22751,27,15
timeStep,numberOfRobotsOnBlackSite,numberOfRobotsOnWhiteSite
22752,27,15
timeStep,numberOfRobotsOnBlackSite,numberOfRobotsOnWhiteSite
22753,27,15
timeStep,numberOfRobotsOnBlackSite,numberOfRobotsOnWhiteSite
22754,27,15
timeStep,numberOfRobotsOnBlackSite,numberOfRobotsOnWhiteSite
22755,27,15
timeStep,numberOfRobotsOnBlackSite,numberOfRobotsOnWhiteSite
22756,27,15
timeStep,numberOfRobotsOnBlackSite,numberOfRobotsOnWhiteSite
22757,27,15
timeStep,numberOfRobotsOnBlackSite,numberOfRobotsOnWhiteSite
22758,27,15
timeStep,numberOfRobotsOnBlackSite,numberOfRobotsOnWhiteSite
22759,27,15
timeStep,numberOfRobotsOnBlackSite,numberOfRobotsOnWhiteSite
22760,27,15
timeStep,numberOfRobotsOnBlackSite,numberOfRobotsOnWhiteSite
22761,27,15
timeStep,numberOfRobotsOnBlackSite,numberOfRobotsOnWhiteSite
22762,27,15
timeStep,numberOfRobotsOnBlackSite,numberOfRobotsOnWhiteSite
22763,27,15
timeStep,numberOfRobotsOnBlackSite,numberOfRobotsOnWhiteSite
22764,27,15
timeStep,numberOfRobotsOnBlackSite,numberOfRobotsOnWhiteSite
22765,27,15
timeStep,numberOfRobotsOnBlackSite,numberOfRobotsOnWhiteSite
22766,27,15
timeStep,numberOfRobotsOnBlackSite,numberOfRobotsOnWhiteSite
22767,27,15
timeStep,numberOfRobotsOnBlackSite,numberOfRobotsOnWhiteSite
22768,27,15
timeStep,numberOfRobotsOnBlackSite,numberOfRobotsOnWhiteSite
22769,27,15
timeStep,numberOfRobotsOnBlackSite,numberOfRobotsOnWhiteSite
22770,27,15
timeStep,numberOfRobotsOnBlackSite,numberOfRobotsOnWhiteSite
22771,27,15
timeStep,numberOfRobotsOnBlackSite,numberOfRobotsOnWhiteSite
22772,27,15
timeStep,numberOfRobotsOnBlackSite,numberOfRobotsOnWhiteSite
22773,27,15
timeStep,numberOfRobotsOnBlackSite,numberOfRobotsOnWhiteSite
22774,27,15
timeStep,numberOfRobotsOnBlackSite,numberOfRobotsOnWhiteSite
22775,27,15
timeStep,numberOfRobotsOnBlackSite,numberOfRobotsOnWhiteSite
22776,27,15
timeStep,numberOfRobotsOnBlackSite,numberOfRobotsOnWhiteSite
22777,27,15
timeStep,numberOfRobotsOnBlackSite,numberOfRobotsOnWhiteSite
22778,27,15
timeStep,numberOfRobotsOnBlackSite,numberOfRobotsOnWhiteSite
22779,27,15
timeStep,numberOfRobotsOnBlackSite,numberOfRobotsOnWhiteSite
22780,27,15
timeStep,numberOfRobotsOnBlackSite,numberOfRobotsOnWhiteSite
22781,27,15
timeStep,numberOfRobotsOnBlackSite,numberOfRobotsOnWhiteSite
22782,27,15
timeStep,numberOfRobotsOnBlackSite,numberOfRobotsOnWhiteSite
22783,27,15
timeStep,numberOfRobotsOnBlackSite,numberOfRobotsOnWhiteSite
22784,27,15
timeStep,numberOfRobotsOnBlackSite,numberOfRobotsOnWhiteSite
22785,27,15
timeStep,numberOfRobotsOnBlackSite,numberOfRobotsOnWhiteSite
22786,27,15
timeStep,numberOfRobotsOnBlackSite,numberOfRobotsOnWhiteSite
22787,27,15
timeStep,numberOfRobotsOnBlackSite,numberOfRobotsOnWhiteSite
22788,27,15
timeStep,numberOfRobotsOnBlackSite,numberOfRobotsOnWhiteSite
22789,27,15
timeStep,numberOfRobotsOnBlackSite,numberOfRobotsOnWhiteSite
22790,27,15
timeStep,numberOfRobotsOnBlackSite,numberOfRobotsOnWhiteSite
22791,27,15
timeStep,numberOfRobotsOnBlackSite,numberOfRobotsOnWhiteSite
22792,27,15
timeStep,numberOfRobotsOnBlackSite,numberOfRobotsOnWhiteSite
22793,27,15
timeStep,numberOfRobotsOnBlackSite,numberOfRobotsOnWhiteSite
22794,27,15
timeStep,numberOfRobotsOnBlackSite,numberOfRobotsOnWhiteSite
22795,27,15
timeStep,numberOfRobotsOnBlackSite,numberOfRobotsOnWhiteSite
22796,27,15
timeStep,numberOfRobotsOnBlackSite,numberOfRobotsOnWhiteSite
22797,27,15
timeStep,numberOfRobotsOnBlackSite,numberOfRobotsOnWhiteSite
22798,27,15
timeStep,numberOfRobotsOnBlackSite,numberOfRobotsOnWhiteSite
22799,27,15
timeStep,numberOfRobotsOnBlackSite,numberOfRobotsOnWhiteSite
22800,27,15
timeStep,numberOfRobotsOnBlackSite,numberOfRobotsOnWhiteSite
22801,27,15
timeStep,numberOfRobotsOnBlackSite,numberOfRobotsOnWhiteSite
22802,27,15
timeStep,numberOfRobotsOnBlackSite,numberOfRobotsOnWhiteSite
22803,27,15
timeStep,numberOfRobotsOnBlackSite,numberOfRobotsOnWhiteSite
22804,27,15
timeStep,numberOfRobotsOnBlackSite,numberOfRobotsOnWhiteSite
22805,27,15
timeStep,numberOfRobotsOnBlackSite,numberOfRobotsOnWhiteSite
22806,27,15
timeStep,numberOfRobotsOnBlackSite,numberOfRobotsOnWhiteSite
22807,27,15
timeStep,numberOfRobotsOnBlackSite,numberOfRobotsOnWhiteSite
22808,27,15
timeStep,numberOfRobotsOnBlackSite,numberOfRobotsOnWhiteSite
22809,27,15
timeStep,numberOfRobotsOnBlackSite,numberOfRobotsOnWhiteSite
22810,27,15
timeStep,numberOfRobotsOnBlackSite,numberOfRobotsOnWhiteSite
22811,27,15
timeStep,numberOfRobotsOnBlackSite,numberOfRobotsOnWhiteSite
22812,27,15
timeStep,numberOfRobotsOnBlackSite,numberOfRobotsOnWhiteSite
22813,27,15
timeStep,numberOfRobotsOnBlackSite,numberOfRobotsOnWhiteSite
22814,27,15
timeStep,numberOfRobotsOnBlackSite,numberOfRobotsOnWhiteSite
22815,27,15
timeStep,numberOfRobotsOnBlackSite,numberOfRobotsOnWhiteSite
22816,27,15
timeStep,numberOfRobotsOnBlackSite,numberOfRobotsOnWhiteSite
22817,27,15
timeStep,numberOfRobotsOnBlackSite,numberOfRobotsOnWhiteSite
22818,27,15
timeStep,numberOfRobotsOnBlackSite,numberOfRobotsOnWhiteSite
22819,27,15
timeStep,numberOfRobotsOnBlackSite,numberOfRobotsOnWhiteSite
22820,27,15
timeStep,numberOfRobotsOnBlackSite,numberOfRobotsOnWhiteSite
22821,27,15
timeStep,numberOfRobotsOnBlackSite,numberOfRobotsOnWhiteSite
22822,27,15
timeStep,numberOfRobotsOnBlackSite,numberOfRobotsOnWhiteSite
22823,27,15
timeStep,numberOfRobotsOnBlackSite,numberOfRobotsOnWhiteSite
22824,27,15
timeStep,numberOfRobotsOnBlackSite,numberOfRobotsOnWhiteSite
22825,27,15
timeStep,numberOfRobotsOnBlackSite,numberOfRobotsOnWhiteSite
22826,27,15
timeStep,numberOfRobotsOnBlackSite,numberOfRobotsOnWhiteSite
22827,27,15
timeStep,numberOfRobotsOnBlackSite,numberOfRobotsOnWhiteSite
22828,27,15
timeStep,numberOfRobotsOnBlackSite,numberOfRobotsOnWhiteSite
22829,27,15
timeStep,numberOfRobotsOnBlackSite,numberOfRobotsOnWhiteSite
22830,27,15
timeStep,numberOfRobotsOnBlackSite,numberOfRobotsOnWhiteSite
22831,27,15
timeStep,numberOfRobotsOnBlackSite,numberOfRobotsOnWhiteSite
22832,27,15
timeStep,numberOfRobotsOnBlackSite,numberOfRobotsOnWhiteSite
22833,27,15
timeStep,numberOfRobotsOnBlackSite,numberOfRobotsOnWhiteSite
22834,27,15
timeStep,numberOfRobotsOnBlackSite,numberOfRobotsOnWhiteSite
22835,27,15
timeStep,numberOfRobotsOnBlackSite,numberOfRobotsOnWhiteSite
22836,27,15
timeStep,numberOfRobotsOnBlackSite,numberOfRobotsOnWhiteSite
22837,27,15
timeStep,numberOfRobotsOnBlackSite,numberOfRobotsOnWhiteSite
22838,27,15
timeStep,numberOfRobotsOnBlackSite,numberOfRobotsOnWhiteSite
22839,27,15
timeStep,numberOfRobotsOnBlackSite,numberOfRobotsOnWhiteSite
22840,27,15
timeStep,numberOfRobotsOnBlackSite,numberOfRobotsOnWhiteSite
22841,27,15
timeStep,numberOfRobotsOnBlackSite,numberOfRobotsOnWhiteSite
22842,27,15
timeStep,numberOfRobotsOnBlackSite,numberOfRobotsOnWhiteSite
22843,27,15
timeStep,numberOfRobotsOnBlackSite,numberOfRobotsOnWhiteSite
22844,27,15
timeStep,numberOfRobotsOnBlackSite,numberOfRobotsOnWhiteSite
22845,27,15
timeStep,numberOfRobotsOnBlackSite,numberOfRobotsOnWhiteSite
22846,27,15
timeStep,numberOfRobotsOnBlackSite,numberOfRobotsOnWhiteSite
22847,27,15
timeStep,numberOfRobotsOnBlackSite,numberOfRobotsOnWhiteSite
22848,27,15
timeStep,numberOfRobotsOnBlackSite,numberOfRobotsOnWhiteSite
22849,27,15
timeStep,numberOfRobotsOnBlackSite,numberOfRobotsOnWhiteSite
22850,27,15
timeStep,numberOfRobotsOnBlackSite,numberOfRobotsOnWhiteSite
22851,27,15
timeStep,numberOfRobotsOnBlackSite,numberOfRobotsOnWhiteSite
22852,27,15
timeStep,numberOfRobotsOnBlackSite,numberOfRobotsOnWhiteSite
22853,27,15
timeStep,numberOfRobotsOnBlackSite,numberOfRobotsOnWhiteSite
22854,27,15
timeStep,numberOfRobotsOnBlackSite,numberOfRobotsOnWhiteSite
22855,27,15
timeStep,numberOfRobotsOnBlackSite,numberOfRobotsOnWhiteSite
22856,27,15
timeStep,numberOfRobotsOnBlackSite,numberOfRobotsOnWhiteSite
22857,27,15
timeStep,numberOfRobotsOnBlackSite,numberOfRobotsOnWhiteSite
22858,27,15
timeStep,numberOfRobotsOnBlackSite,numberOfRobotsOnWhiteSite
22859,27,15
timeStep,numberOfRobotsOnBlackSite,numberOfRobotsOnWhiteSite
22860,27,15
timeStep,numberOfRobotsOnBlackSite,numberOfRobotsOnWhiteSite
22861,27,15
timeStep,numberOfRobotsOnBlackSite,numberOfRobotsOnWhiteSite
22862,27,15
timeStep,numberOfRobotsOnBlackSite,numberOfRobotsOnWhiteSite
22863,27,15
timeStep,numberOfRobotsOnBlackSite,numberOfRobotsOnWhiteSite
22864,27,15
timeStep,numberOfRobotsOnBlackSite,numberOfRobotsOnWhiteSite
22865,27,15
timeStep,numberOfRobotsOnBlackSite,numberOfRobotsOnWhiteSite
22866,27,15
timeStep,numberOfRobotsOnBlackSite,numberOfRobotsOnWhiteSite
22867,27,15
timeStep,numberOfRobotsOnBlackSite,numberOfRobotsOnWhiteSite
22868,27,15
timeStep,numberOfRobotsOnBlackSite,numberOfRobotsOnWhiteSite
22869,27,15
timeStep,numberOfRobotsOnBlackSite,numberOfRobotsOnWhiteSite
22870,27,15
timeStep,numberOfRobotsOnBlackSite,numberOfRobotsOnWhiteSite
22871,27,15
timeStep,numberOfRobotsOnBlackSite,numberOfRobotsOnWhiteSite
22872,27,15
timeStep,numberOfRobotsOnBlackSite,numberOfRobotsOnWhiteSite
22873,27,15
timeStep,numberOfRobotsOnBlackSite,numberOfRobotsOnWhiteSite
22874,27,15
timeStep,numberOfRobotsOnBlackSite,numberOfRobotsOnWhiteSite
22875,27,15
timeStep,numberOfRobotsOnBlackSite,numberOfRobotsOnWhiteSite
22876,27,15
timeStep,numberOfRobotsOnBlackSite,numberOfRobotsOnWhiteSite
22877,27,15
timeStep,numberOfRobotsOnBlackSite,numberOfRobotsOnWhiteSite
22878,27,15
timeStep,numberOfRobotsOnBlackSite,numberOfRobotsOnWhiteSite
22879,27,15
timeStep,numberOfRobotsOnBlackSite,numberOfRobotsOnWhiteSite
22880,27,16
timeStep,numberOfRobotsOnBlackSite,numberOfRobotsOnWhiteSite
22881,27,16
timeStep,numberOfRobotsOnBlackSite,numberOfRobotsOnWhiteSite
22882,27,16
timeStep,numberOfRobotsOnBlackSite,numberOfRobotsOnWhiteSite
22883,27,16
timeStep,numberOfRobotsOnBlackSite,numberOfRobotsOnWhiteSite
22884,27,16
timeStep,numberOfRobotsOnBlackSite,numberOfRobotsOnWhiteSite
22885,27,16
timeStep,numberOfRobotsOnBlackSite,numberOfRobotsOnWhiteSite
22886,27,16
timeStep,numberOfRobotsOnBlackSite,numberOfRobotsOnWhiteSite
22887,27,16
timeStep,numberOfRobotsOnBlackSite,numberOfRobotsOnWhiteSite
22888,27,16
timeStep,numberOfRobotsOnBlackSite,numberOfRobotsOnWhiteSite
22889,27,16
timeStep,numberOfRobotsOnBlackSite,numberOfRobotsOnWhiteSite
22890,27,16
timeStep,numberOfRobotsOnBlackSite,numberOfRobotsOnWhiteSite
22891,27,16
timeStep,numberOfRobotsOnBlackSite,numberOfRobotsOnWhiteSite
22892,27,16
timeStep,numberOfRobotsOnBlackSite,numberOfRobotsOnWhiteSite
22893,27,16
timeStep,numberOfRobotsOnBlackSite,numberOfRobotsOnWhiteSite
22894,27,16
timeStep,numberOfRobotsOnBlackSite,numberOfRobotsOnWhiteSite
22895,27,16
timeStep,numberOfRobotsOnBlackSite,numberOfRobotsOnWhiteSite
22896,27,16
timeStep,numberOfRobotsOnBlackSite,numberOfRobotsOnWhiteSite
22897,27,16
timeStep,numberOfRobotsOnBlackSite,numberOfRobotsOnWhiteSite
22898,27,16
timeStep,numberOfRobotsOnBlackSite,numberOfRobotsOnWhiteSite
22899,27,16
timeStep,numberOfRobotsOnBlackSite,numberOfRobotsOnWhiteSite
22900,28,16
timeStep,numberOfRobotsOnBlackSite,numberOfRobotsOnWhiteSite
22901,28,16
timeStep,numberOfRobotsOnBlackSite,numberOfRobotsOnWhiteSite
22902,28,16
timeStep,numberOfRobotsOnBlackSite,numberOfRobotsOnWhiteSite
22903,28,16
timeStep,numberOfRobotsOnBlackSite,numberOfRobotsOnWhiteSite
22904,28,16
timeStep,numberOfRobotsOnBlackSite,numberOfRobotsOnWhiteSite
22905,28,16
timeStep,numberOfRobotsOnBlackSite,numberOfRobotsOnWhiteSite
22906,28,16
timeStep,numberOfRobotsOnBlackSite,numberOfRobotsOnWhiteSite
22907,28,16
timeStep,numberOfRobotsOnBlackSite,numberOfRobotsOnWhiteSite
22908,28,16
timeStep,numberOfRobotsOnBlackSite,numberOfRobotsOnWhiteSite
22909,28,16
timeStep,numberOfRobotsOnBlackSite,numberOfRobotsOnWhiteSite
22910,28,16
timeStep,numberOfRobotsOnBlackSite,numberOfRobotsOnWhiteSite
22911,28,16
timeStep,numberOfRobotsOnBlackSite,numberOfRobotsOnWhiteSite
22912,28,16
timeStep,numberOfRobotsOnBlackSite,numberOfRobotsOnWhiteSite
22913,28,16
timeStep,numberOfRobotsOnBlackSite,numberOfRobotsOnWhiteSite
22914,28,16
timeStep,numberOfRobotsOnBlackSite,numberOfRobotsOnWhiteSite
22915,28,16
timeStep,numberOfRobotsOnBlackSite,numberOfRobotsOnWhiteSite
22916,28,16
timeStep,numberOfRobotsOnBlackSite,numberOfRobotsOnWhiteSite
22917,28,16
timeStep,numberOfRobotsOnBlackSite,numberOfRobotsOnWhiteSite
22918,28,16
timeStep,numberOfRobotsOnBlackSite,numberOfRobotsOnWhiteSite
22919,28,16
timeStep,numberOfRobotsOnBlackSite,numberOfRobotsOnWhiteSite
22920,28,16
timeStep,numberOfRobotsOnBlackSite,numberOfRobotsOnWhiteSite
22921,28,16
timeStep,numberOfRobotsOnBlackSite,numberOfRobotsOnWhiteSite
22922,28,16
timeStep,numberOfRobotsOnBlackSite,numberOfRobotsOnWhiteSite
22923,28,16
timeStep,numberOfRobotsOnBlackSite,numberOfRobotsOnWhiteSite
22924,28,16
timeStep,numberOfRobotsOnBlackSite,numberOfRobotsOnWhiteSite
22925,28,16
timeStep,numberOfRobotsOnBlackSite,numberOfRobotsOnWhiteSite
22926,28,16
timeStep,numberOfRobotsOnBlackSite,numberOfRobotsOnWhiteSite
22927,28,16
timeStep,numberOfRobotsOnBlackSite,numberOfRobotsOnWhiteSite
22928,28,16
timeStep,numberOfRobotsOnBlackSite,numberOfRobotsOnWhiteSite
22929,28,16
timeStep,numberOfRobotsOnBlackSite,numberOfRobotsOnWhiteSite
22930,28,16
timeStep,numberOfRobotsOnBlackSite,numberOfRobotsOnWhiteSite
22931,28,16
timeStep,numberOfRobotsOnBlackSite,numberOfRobotsOnWhiteSite
22932,28,16
timeStep,numberOfRobotsOnBlackSite,numberOfRobotsOnWhiteSite
22933,28,16
timeStep,numberOfRobotsOnBlackSite,numberOfRobotsOnWhiteSite
22934,28,16
timeStep,numberOfRobotsOnBlackSite,numberOfRobotsOnWhiteSite
22935,28,15
timeStep,numberOfRobotsOnBlackSite,numberOfRobotsOnWhiteSite
22936,28,15
timeStep,numberOfRobotsOnBlackSite,numberOfRobotsOnWhiteSite
22937,28,15
timeStep,numberOfRobotsOnBlackSite,numberOfRobotsOnWhiteSite
22938,28,15
timeStep,numberOfRobotsOnBlackSite,numberOfRobotsOnWhiteSite
22939,28,15
timeStep,numberOfRobotsOnBlackSite,numberOfRobotsOnWhiteSite
22940,28,15
timeStep,numberOfRobotsOnBlackSite,numberOfRobotsOnWhiteSite
22941,28,15
timeStep,numberOfRobotsOnBlackSite,numberOfRobotsOnWhiteSite
22942,28,15
timeStep,numberOfRobotsOnBlackSite,numberOfRobotsOnWhiteSite
22943,28,15
timeStep,numberOfRobotsOnBlackSite,numberOfRobotsOnWhiteSite
22944,28,15
timeStep,numberOfRobotsOnBlackSite,numberOfRobotsOnWhiteSite
22945,28,15
timeStep,numberOfRobotsOnBlackSite,numberOfRobotsOnWhiteSite
22946,28,15
timeStep,numberOfRobotsOnBlackSite,numberOfRobotsOnWhiteSite
22947,28,15
timeStep,numberOfRobotsOnBlackSite,numberOfRobotsOnWhiteSite
22948,28,15
timeStep,numberOfRobotsOnBlackSite,numberOfRobotsOnWhiteSite
22949,28,15
timeStep,numberOfRobotsOnBlackSite,numberOfRobotsOnWhiteSite
22950,28,15
timeStep,numberOfRobotsOnBlackSite,numberOfRobotsOnWhiteSite
22951,28,15
timeStep,numberOfRobotsOnBlackSite,numberOfRobotsOnWhiteSite
22952,28,15
timeStep,numberOfRobotsOnBlackSite,numberOfRobotsOnWhiteSite
22953,28,15
timeStep,numberOfRobotsOnBlackSite,numberOfRobotsOnWhiteSite
22954,28,15
timeStep,numberOfRobotsOnBlackSite,numberOfRobotsOnWhiteSite
22955,28,15
timeStep,numberOfRobotsOnBlackSite,numberOfRobotsOnWhiteSite
22956,28,15
timeStep,numberOfRobotsOnBlackSite,numberOfRobotsOnWhiteSite
22957,28,15
timeStep,numberOfRobotsOnBlackSite,numberOfRobotsOnWhiteSite
22958,28,15
timeStep,numberOfRobotsOnBlackSite,numberOfRobotsOnWhiteSite
22959,28,15
timeStep,numberOfRobotsOnBlackSite,numberOfRobotsOnWhiteSite
22960,28,15
timeStep,numberOfRobotsOnBlackSite,numberOfRobotsOnWhiteSite
22961,28,15
timeStep,numberOfRobotsOnBlackSite,numberOfRobotsOnWhiteSite
22962,28,15
timeStep,numberOfRobotsOnBlackSite,numberOfRobotsOnWhiteSite
22963,28,15
timeStep,numberOfRobotsOnBlackSite,numberOfRobotsOnWhiteSite
22964,28,15
timeStep,numberOfRobotsOnBlackSite,numberOfRobotsOnWhiteSite
22965,28,15
timeStep,numberOfRobotsOnBlackSite,numberOfRobotsOnWhiteSite
22966,28,15
timeStep,numberOfRobotsOnBlackSite,numberOfRobotsOnWhiteSite
22967,28,15
timeStep,numberOfRobotsOnBlackSite,numberOfRobotsOnWhiteSite
22968,28,15
timeStep,numberOfRobotsOnBlackSite,numberOfRobotsOnWhiteSite
22969,28,15
timeStep,numberOfRobotsOnBlackSite,numberOfRobotsOnWhiteSite
22970,28,15
timeStep,numberOfRobotsOnBlackSite,numberOfRobotsOnWhiteSite
22971,28,15
timeStep,numberOfRobotsOnBlackSite,numberOfRobotsOnWhiteSite
22972,28,15
timeStep,numberOfRobotsOnBlackSite,numberOfRobotsOnWhiteSite
22973,28,15
timeStep,numberOfRobotsOnBlackSite,numberOfRobotsOnWhiteSite
22974,28,15
timeStep,numberOfRobotsOnBlackSite,numberOfRobotsOnWhiteSite
22975,28,15
timeStep,numberOfRobotsOnBlackSite,numberOfRobotsOnWhiteSite
22976,28,15
timeStep,numberOfRobotsOnBlackSite,numberOfRobotsOnWhiteSite
22977,28,15
timeStep,numberOfRobotsOnBlackSite,numberOfRobotsOnWhiteSite
22978,28,15
timeStep,numberOfRobotsOnBlackSite,numberOfRobotsOnWhiteSite
22979,28,15
timeStep,numberOfRobotsOnBlackSite,numberOfRobotsOnWhiteSite
22980,28,15
timeStep,numberOfRobotsOnBlackSite,numberOfRobotsOnWhiteSite
22981,28,15
timeStep,numberOfRobotsOnBlackSite,numberOfRobotsOnWhiteSite
22982,28,15
timeStep,numberOfRobotsOnBlackSite,numberOfRobotsOnWhiteSite
22983,28,15
timeStep,numberOfRobotsOnBlackSite,numberOfRobotsOnWhiteSite
22984,28,15
timeStep,numberOfRobotsOnBlackSite,numberOfRobotsOnWhiteSite
22985,28,15
timeStep,numberOfRobotsOnBlackSite,numberOfRobotsOnWhiteSite
22986,28,15
timeStep,numberOfRobotsOnBlackSite,numberOfRobotsOnWhiteSite
22987,28,15
timeStep,numberOfRobotsOnBlackSite,numberOfRobotsOnWhiteSite
22988,28,15
timeStep,numberOfRobotsOnBlackSite,numberOfRobotsOnWhiteSite
22989,28,15
timeStep,numberOfRobotsOnBlackSite,numberOfRobotsOnWhiteSite
22990,28,15
timeStep,numberOfRobotsOnBlackSite,numberOfRobotsOnWhiteSite
22991,28,15
timeStep,numberOfRobotsOnBlackSite,numberOfRobotsOnWhiteSite
22992,28,15
timeStep,numberOfRobotsOnBlackSite,numberOfRobotsOnWhiteSite
22993,28,15
timeStep,numberOfRobotsOnBlackSite,numberOfRobotsOnWhiteSite
22994,28,15
timeStep,numberOfRobotsOnBlackSite,numberOfRobotsOnWhiteSite
22995,28,15
timeStep,numberOfRobotsOnBlackSite,numberOfRobotsOnWhiteSite
22996,28,15
timeStep,numberOfRobotsOnBlackSite,numberOfRobotsOnWhiteSite
22997,28,15
timeStep,numberOfRobotsOnBlackSite,numberOfRobotsOnWhiteSite
22998,28,15
timeStep,numberOfRobotsOnBlackSite,numberOfRobotsOnWhiteSite
22999,28,15
timeStep,numberOfRobotsOnBlackSite,numberOfRobotsOnWhiteSite
23000,28,16
timeStep,numberOfRobotsOnBlackSite,numberOfRobotsOnWhiteSite
23001,28,16
timeStep,numberOfRobotsOnBlackSite,numberOfRobotsOnWhiteSite
23002,28,16
timeStep,numberOfRobotsOnBlackSite,numberOfRobotsOnWhiteSite
23003,28,16
timeStep,numberOfRobotsOnBlackSite,numberOfRobotsOnWhiteSite
23004,28,16
timeStep,numberOfRobotsOnBlackSite,numberOfRobotsOnWhiteSite
23005,29,16
timeStep,numberOfRobotsOnBlackSite,numberOfRobotsOnWhiteSite
23006,29,16
timeStep,numberOfRobotsOnBlackSite,numberOfRobotsOnWhiteSite
23007,29,16
timeStep,numberOfRobotsOnBlackSite,numberOfRobotsOnWhiteSite
23008,29,16
timeStep,numberOfRobotsOnBlackSite,numberOfRobotsOnWhiteSite
23009,29,16
timeStep,numberOfRobotsOnBlackSite,numberOfRobotsOnWhiteSite
23010,29,16
timeStep,numberOfRobotsOnBlackSite,numberOfRobotsOnWhiteSite
23011,29,16
timeStep,numberOfRobotsOnBlackSite,numberOfRobotsOnWhiteSite
23012,29,16
timeStep,numberOfRobotsOnBlackSite,numberOfRobotsOnWhiteSite
23013,29,16
timeStep,numberOfRobotsOnBlackSite,numberOfRobotsOnWhiteSite
23014,29,16
timeStep,numberOfRobotsOnBlackSite,numberOfRobotsOnWhiteSite
23015,29,16
timeStep,numberOfRobotsOnBlackSite,numberOfRobotsOnWhiteSite
23016,29,16
timeStep,numberOfRobotsOnBlackSite,numberOfRobotsOnWhiteSite
23017,29,16
timeStep,numberOfRobotsOnBlackSite,numberOfRobotsOnWhiteSite
23018,29,16
timeStep,numberOfRobotsOnBlackSite,numberOfRobotsOnWhiteSite
23019,29,16
timeStep,numberOfRobotsOnBlackSite,numberOfRobotsOnWhiteSite
23020,29,16
timeStep,numberOfRobotsOnBlackSite,numberOfRobotsOnWhiteSite
23021,29,16
timeStep,numberOfRobotsOnBlackSite,numberOfRobotsOnWhiteSite
23022,29,16
timeStep,numberOfRobotsOnBlackSite,numberOfRobotsOnWhiteSite
23023,29,16
timeStep,numberOfRobotsOnBlackSite,numberOfRobotsOnWhiteSite
23024,29,16
timeStep,numberOfRobotsOnBlackSite,numberOfRobotsOnWhiteSite
23025,29,16
timeStep,numberOfRobotsOnBlackSite,numberOfRobotsOnWhiteSite
23026,29,16
timeStep,numberOfRobotsOnBlackSite,numberOfRobotsOnWhiteSite
23027,29,16
timeStep,numberOfRobotsOnBlackSite,numberOfRobotsOnWhiteSite
23028,29,16
timeStep,numberOfRobotsOnBlackSite,numberOfRobotsOnWhiteSite
23029,29,16
timeStep,numberOfRobotsOnBlackSite,numberOfRobotsOnWhiteSite
23030,29,16
timeStep,numberOfRobotsOnBlackSite,numberOfRobotsOnWhiteSite
23031,29,16
timeStep,numberOfRobotsOnBlackSite,numberOfRobotsOnWhiteSite
23032,29,16
timeStep,numberOfRobotsOnBlackSite,numberOfRobotsOnWhiteSite
23033,29,16
timeStep,numberOfRobotsOnBlackSite,numberOfRobotsOnWhiteSite
23034,29,16
timeStep,numberOfRobotsOnBlackSite,numberOfRobotsOnWhiteSite
23035,29,16
timeStep,numberOfRobotsOnBlackSite,numberOfRobotsOnWhiteSite
23036,29,16
timeStep,numberOfRobotsOnBlackSite,numberOfRobotsOnWhiteSite
23037,29,16
timeStep,numberOfRobotsOnBlackSite,numberOfRobotsOnWhiteSite
23038,29,16
timeStep,numberOfRobotsOnBlackSite,numberOfRobotsOnWhiteSite
23039,29,16
timeStep,numberOfRobotsOnBlackSite,numberOfRobotsOnWhiteSite
23040,29,16
timeStep,numberOfRobotsOnBlackSite,numberOfRobotsOnWhiteSite
23041,29,16
timeStep,numberOfRobotsOnBlackSite,numberOfRobotsOnWhiteSite
23042,29,16
timeStep,numberOfRobotsOnBlackSite,numberOfRobotsOnWhiteSite
23043,29,16
timeStep,numberOfRobotsOnBlackSite,numberOfRobotsOnWhiteSite
23044,29,16
timeStep,numberOfRobotsOnBlackSite,numberOfRobotsOnWhiteSite
23045,29,16
timeStep,numberOfRobotsOnBlackSite,numberOfRobotsOnWhiteSite
23046,29,16
timeStep,numberOfRobotsOnBlackSite,numberOfRobotsOnWhiteSite
23047,29,16
timeStep,numberOfRobotsOnBlackSite,numberOfRobotsOnWhiteSite
23048,29,16
timeStep,numberOfRobotsOnBlackSite,numberOfRobotsOnWhiteSite
23049,29,16
timeStep,numberOfRobotsOnBlackSite,numberOfRobotsOnWhiteSite
23050,29,16
timeStep,numberOfRobotsOnBlackSite,numberOfRobotsOnWhiteSite
23051,29,16
timeStep,numberOfRobotsOnBlackSite,numberOfRobotsOnWhiteSite
23052,29,16
timeStep,numberOfRobotsOnBlackSite,numberOfRobotsOnWhiteSite
23053,29,16
timeStep,numberOfRobotsOnBlackSite,numberOfRobotsOnWhiteSite
23054,29,16
timeStep,numberOfRobotsOnBlackSite,numberOfRobotsOnWhiteSite
23055,29,16
timeStep,numberOfRobotsOnBlackSite,numberOfRobotsOnWhiteSite
23056,29,16
timeStep,numberOfRobotsOnBlackSite,numberOfRobotsOnWhiteSite
23057,29,16
timeStep,numberOfRobotsOnBlackSite,numberOfRobotsOnWhiteSite
23058,29,16
timeStep,numberOfRobotsOnBlackSite,numberOfRobotsOnWhiteSite
23059,29,16
timeStep,numberOfRobotsOnBlackSite,numberOfRobotsOnWhiteSite
23060,29,16
timeStep,numberOfRobotsOnBlackSite,numberOfRobotsOnWhiteSite
23061,29,16
timeStep,numberOfRobotsOnBlackSite,numberOfRobotsOnWhiteSite
23062,29,16
timeStep,numberOfRobotsOnBlackSite,numberOfRobotsOnWhiteSite
23063,29,16
timeStep,numberOfRobotsOnBlackSite,numberOfRobotsOnWhiteSite
23064,29,16
timeStep,numberOfRobotsOnBlackSite,numberOfRobotsOnWhiteSite
23065,29,16
timeStep,numberOfRobotsOnBlackSite,numberOfRobotsOnWhiteSite
23066,29,16
timeStep,numberOfRobotsOnBlackSite,numberOfRobotsOnWhiteSite
23067,29,16
timeStep,numberOfRobotsOnBlackSite,numberOfRobotsOnWhiteSite
23068,29,16
timeStep,numberOfRobotsOnBlackSite,numberOfRobotsOnWhiteSite
23069,29,16
timeStep,numberOfRobotsOnBlackSite,numberOfRobotsOnWhiteSite
23070,29,16
timeStep,numberOfRobotsOnBlackSite,numberOfRobotsOnWhiteSite
23071,29,16
timeStep,numberOfRobotsOnBlackSite,numberOfRobotsOnWhiteSite
23072,29,16
timeStep,numberOfRobotsOnBlackSite,numberOfRobotsOnWhiteSite
23073,29,16
timeStep,numberOfRobotsOnBlackSite,numberOfRobotsOnWhiteSite
23074,29,16
timeStep,numberOfRobotsOnBlackSite,numberOfRobotsOnWhiteSite
23075,29,16
timeStep,numberOfRobotsOnBlackSite,numberOfRobotsOnWhiteSite
23076,29,16
timeStep,numberOfRobotsOnBlackSite,numberOfRobotsOnWhiteSite
23077,29,16
timeStep,numberOfRobotsOnBlackSite,numberOfRobotsOnWhiteSite
23078,29,16
timeStep,numberOfRobotsOnBlackSite,numberOfRobotsOnWhiteSite
23079,29,16
timeStep,numberOfRobotsOnBlackSite,numberOfRobotsOnWhiteSite
23080,29,16
timeStep,numberOfRobotsOnBlackSite,numberOfRobotsOnWhiteSite
23081,29,16
timeStep,numberOfRobotsOnBlackSite,numberOfRobotsOnWhiteSite
23082,29,16
timeStep,numberOfRobotsOnBlackSite,numberOfRobotsOnWhiteSite
23083,29,16
timeStep,numberOfRobotsOnBlackSite,numberOfRobotsOnWhiteSite
23084,29,16
timeStep,numberOfRobotsOnBlackSite,numberOfRobotsOnWhiteSite
23085,29,16
timeStep,numberOfRobotsOnBlackSite,numberOfRobotsOnWhiteSite
23086,29,16
timeStep,numberOfRobotsOnBlackSite,numberOfRobotsOnWhiteSite
23087,29,16
timeStep,numberOfRobotsOnBlackSite,numberOfRobotsOnWhiteSite
23088,29,16
timeStep,numberOfRobotsOnBlackSite,numberOfRobotsOnWhiteSite
23089,29,16
timeStep,numberOfRobotsOnBlackSite,numberOfRobotsOnWhiteSite
23090,29,16
timeStep,numberOfRobotsOnBlackSite,numberOfRobotsOnWhiteSite
23091,29,16
timeStep,numberOfRobotsOnBlackSite,numberOfRobotsOnWhiteSite
23092,29,16
timeStep,numberOfRobotsOnBlackSite,numberOfRobotsOnWhiteSite
23093,29,16
timeStep,numberOfRobotsOnBlackSite,numberOfRobotsOnWhiteSite
23094,29,16
timeStep,numberOfRobotsOnBlackSite,numberOfRobotsOnWhiteSite
23095,29,16
timeStep,numberOfRobotsOnBlackSite,numberOfRobotsOnWhiteSite
23096,29,16
timeStep,numberOfRobotsOnBlackSite,numberOfRobotsOnWhiteSite
23097,29,16
timeStep,numberOfRobotsOnBlackSite,numberOfRobotsOnWhiteSite
23098,29,16
timeStep,numberOfRobotsOnBlackSite,numberOfRobotsOnWhiteSite
23099,29,16
timeStep,numberOfRobotsOnBlackSite,numberOfRobotsOnWhiteSite
23100,29,16
timeStep,numberOfRobotsOnBlackSite,numberOfRobotsOnWhiteSite
23101,29,16
timeStep,numberOfRobotsOnBlackSite,numberOfRobotsOnWhiteSite
23102,29,16
timeStep,numberOfRobotsOnBlackSite,numberOfRobotsOnWhiteSite
23103,29,16
timeStep,numberOfRobotsOnBlackSite,numberOfRobotsOnWhiteSite
23104,29,16
timeStep,numberOfRobotsOnBlackSite,numberOfRobotsOnWhiteSite
23105,29,16
timeStep,numberOfRobotsOnBlackSite,numberOfRobotsOnWhiteSite
23106,29,16
timeStep,numberOfRobotsOnBlackSite,numberOfRobotsOnWhiteSite
23107,29,16
timeStep,numberOfRobotsOnBlackSite,numberOfRobotsOnWhiteSite
23108,29,16
timeStep,numberOfRobotsOnBlackSite,numberOfRobotsOnWhiteSite
23109,29,16
timeStep,numberOfRobotsOnBlackSite,numberOfRobotsOnWhiteSite
23110,29,16
timeStep,numberOfRobotsOnBlackSite,numberOfRobotsOnWhiteSite
23111,29,16
timeStep,numberOfRobotsOnBlackSite,numberOfRobotsOnWhiteSite
23112,29,16
timeStep,numberOfRobotsOnBlackSite,numberOfRobotsOnWhiteSite
23113,29,16
timeStep,numberOfRobotsOnBlackSite,numberOfRobotsOnWhiteSite
23114,29,16
timeStep,numberOfRobotsOnBlackSite,numberOfRobotsOnWhiteSite
23115,29,16
timeStep,numberOfRobotsOnBlackSite,numberOfRobotsOnWhiteSite
23116,29,16
timeStep,numberOfRobotsOnBlackSite,numberOfRobotsOnWhiteSite
23117,29,16
timeStep,numberOfRobotsOnBlackSite,numberOfRobotsOnWhiteSite
23118,29,16
timeStep,numberOfRobotsOnBlackSite,numberOfRobotsOnWhiteSite
23119,29,16
timeStep,numberOfRobotsOnBlackSite,numberOfRobotsOnWhiteSite
23120,29,16
timeStep,numberOfRobotsOnBlackSite,numberOfRobotsOnWhiteSite
23121,29,16
timeStep,numberOfRobotsOnBlackSite,numberOfRobotsOnWhiteSite
23122,29,16
timeStep,numberOfRobotsOnBlackSite,numberOfRobotsOnWhiteSite
23123,29,16
timeStep,numberOfRobotsOnBlackSite,numberOfRobotsOnWhiteSite
23124,29,16
timeStep,numberOfRobotsOnBlackSite,numberOfRobotsOnWhiteSite
23125,29,16
timeStep,numberOfRobotsOnBlackSite,numberOfRobotsOnWhiteSite
23126,29,16
timeStep,numberOfRobotsOnBlackSite,numberOfRobotsOnWhiteSite
23127,29,16
timeStep,numberOfRobotsOnBlackSite,numberOfRobotsOnWhiteSite
23128,29,16
timeStep,numberOfRobotsOnBlackSite,numberOfRobotsOnWhiteSite
23129,29,16
timeStep,numberOfRobotsOnBlackSite,numberOfRobotsOnWhiteSite
23130,29,16
timeStep,numberOfRobotsOnBlackSite,numberOfRobotsOnWhiteSite
23131,29,16
timeStep,numberOfRobotsOnBlackSite,numberOfRobotsOnWhiteSite
23132,29,16
timeStep,numberOfRobotsOnBlackSite,numberOfRobotsOnWhiteSite
23133,29,16
timeStep,numberOfRobotsOnBlackSite,numberOfRobotsOnWhiteSite
23134,29,16
timeStep,numberOfRobotsOnBlackSite,numberOfRobotsOnWhiteSite
23135,29,16
timeStep,numberOfRobotsOnBlackSite,numberOfRobotsOnWhiteSite
23136,29,16
timeStep,numberOfRobotsOnBlackSite,numberOfRobotsOnWhiteSite
23137,29,16
timeStep,numberOfRobotsOnBlackSite,numberOfRobotsOnWhiteSite
23138,29,16
timeStep,numberOfRobotsOnBlackSite,numberOfRobotsOnWhiteSite
23139,29,16
timeStep,numberOfRobotsOnBlackSite,numberOfRobotsOnWhiteSite
23140,29,16
timeStep,numberOfRobotsOnBlackSite,numberOfRobotsOnWhiteSite
23141,29,16
timeStep,numberOfRobotsOnBlackSite,numberOfRobotsOnWhiteSite
23142,29,16
timeStep,numberOfRobotsOnBlackSite,numberOfRobotsOnWhiteSite
23143,29,16
timeStep,numberOfRobotsOnBlackSite,numberOfRobotsOnWhiteSite
23144,29,16
timeStep,numberOfRobotsOnBlackSite,numberOfRobotsOnWhiteSite
23145,30,16
timeStep,numberOfRobotsOnBlackSite,numberOfRobotsOnWhiteSite
23146,30,16
timeStep,numberOfRobotsOnBlackSite,numberOfRobotsOnWhiteSite
23147,30,16
timeStep,numberOfRobotsOnBlackSite,numberOfRobotsOnWhiteSite
23148,30,16
timeStep,numberOfRobotsOnBlackSite,numberOfRobotsOnWhiteSite
23149,30,16
timeStep,numberOfRobotsOnBlackSite,numberOfRobotsOnWhiteSite
23150,30,16
timeStep,numberOfRobotsOnBlackSite,numberOfRobotsOnWhiteSite
23151,30,16
timeStep,numberOfRobotsOnBlackSite,numberOfRobotsOnWhiteSite
23152,30,16
timeStep,numberOfRobotsOnBlackSite,numberOfRobotsOnWhiteSite
23153,30,16
timeStep,numberOfRobotsOnBlackSite,numberOfRobotsOnWhiteSite
23154,30,16
timeStep,numberOfRobotsOnBlackSite,numberOfRobotsOnWhiteSite
23155,30,16
timeStep,numberOfRobotsOnBlackSite,numberOfRobotsOnWhiteSite
23156,30,16
timeStep,numberOfRobotsOnBlackSite,numberOfRobotsOnWhiteSite
23157,30,16
timeStep,numberOfRobotsOnBlackSite,numberOfRobotsOnWhiteSite
23158,30,16
timeStep,numberOfRobotsOnBlackSite,numberOfRobotsOnWhiteSite
23159,30,16
timeStep,numberOfRobotsOnBlackSite,numberOfRobotsOnWhiteSite
23160,30,16
timeStep,numberOfRobotsOnBlackSite,numberOfRobotsOnWhiteSite
23161,30,16
timeStep,numberOfRobotsOnBlackSite,numberOfRobotsOnWhiteSite
23162,30,16
timeStep,numberOfRobotsOnBlackSite,numberOfRobotsOnWhiteSite
23163,30,16
timeStep,numberOfRobotsOnBlackSite,numberOfRobotsOnWhiteSite
23164,30,16
timeStep,numberOfRobotsOnBlackSite,numberOfRobotsOnWhiteSite
23165,30,16
timeStep,numberOfRobotsOnBlackSite,numberOfRobotsOnWhiteSite
23166,30,16
timeStep,numberOfRobotsOnBlackSite,numberOfRobotsOnWhiteSite
23167,30,16
timeStep,numberOfRobotsOnBlackSite,numberOfRobotsOnWhiteSite
23168,30,16
timeStep,numberOfRobotsOnBlackSite,numberOfRobotsOnWhiteSite
23169,30,16
timeStep,numberOfRobotsOnBlackSite,numberOfRobotsOnWhiteSite
23170,30,16
timeStep,numberOfRobotsOnBlackSite,numberOfRobotsOnWhiteSite
23171,30,16
timeStep,numberOfRobotsOnBlackSite,numberOfRobotsOnWhiteSite
23172,30,16
timeStep,numberOfRobotsOnBlackSite,numberOfRobotsOnWhiteSite
23173,30,16
timeStep,numberOfRobotsOnBlackSite,numberOfRobotsOnWhiteSite
23174,30,16
timeStep,numberOfRobotsOnBlackSite,numberOfRobotsOnWhiteSite
23175,30,16
timeStep,numberOfRobotsOnBlackSite,numberOfRobotsOnWhiteSite
23176,30,16
timeStep,numberOfRobotsOnBlackSite,numberOfRobotsOnWhiteSite
23177,30,16
timeStep,numberOfRobotsOnBlackSite,numberOfRobotsOnWhiteSite
23178,30,16
timeStep,numberOfRobotsOnBlackSite,numberOfRobotsOnWhiteSite
23179,30,16
timeStep,numberOfRobotsOnBlackSite,numberOfRobotsOnWhiteSite
23180,30,16
timeStep,numberOfRobotsOnBlackSite,numberOfRobotsOnWhiteSite
23181,30,16
timeStep,numberOfRobotsOnBlackSite,numberOfRobotsOnWhiteSite
23182,30,16
timeStep,numberOfRobotsOnBlackSite,numberOfRobotsOnWhiteSite
23183,30,16
timeStep,numberOfRobotsOnBlackSite,numberOfRobotsOnWhiteSite
23184,30,16
timeStep,numberOfRobotsOnBlackSite,numberOfRobotsOnWhiteSite
23185,30,16
timeStep,numberOfRobotsOnBlackSite,numberOfRobotsOnWhiteSite
23186,30,16
timeStep,numberOfRobotsOnBlackSite,numberOfRobotsOnWhiteSite
23187,30,16
timeStep,numberOfRobotsOnBlackSite,numberOfRobotsOnWhiteSite
23188,30,16
timeStep,numberOfRobotsOnBlackSite,numberOfRobotsOnWhiteSite
23189,30,16
timeStep,numberOfRobotsOnBlackSite,numberOfRobotsOnWhiteSite
23190,30,16
timeStep,numberOfRobotsOnBlackSite,numberOfRobotsOnWhiteSite
23191,30,16
timeStep,numberOfRobotsOnBlackSite,numberOfRobotsOnWhiteSite
23192,30,16
timeStep,numberOfRobotsOnBlackSite,numberOfRobotsOnWhiteSite
23193,30,16
timeStep,numberOfRobotsOnBlackSite,numberOfRobotsOnWhiteSite
23194,30,16
timeStep,numberOfRobotsOnBlackSite,numberOfRobotsOnWhiteSite
23195,30,16
timeStep,numberOfRobotsOnBlackSite,numberOfRobotsOnWhiteSite
23196,30,16
timeStep,numberOfRobotsOnBlackSite,numberOfRobotsOnWhiteSite
23197,30,16
timeStep,numberOfRobotsOnBlackSite,numberOfRobotsOnWhiteSite
23198,30,16
timeStep,numberOfRobotsOnBlackSite,numberOfRobotsOnWhiteSite
23199,30,16
timeStep,numberOfRobotsOnBlackSite,numberOfRobotsOnWhiteSite
23200,30,16
timeStep,numberOfRobotsOnBlackSite,numberOfRobotsOnWhiteSite
23201,30,16
timeStep,numberOfRobotsOnBlackSite,numberOfRobotsOnWhiteSite
23202,30,16
timeStep,numberOfRobotsOnBlackSite,numberOfRobotsOnWhiteSite
23203,30,16
timeStep,numberOfRobotsOnBlackSite,numberOfRobotsOnWhiteSite
23204,30,16
timeStep,numberOfRobotsOnBlackSite,numberOfRobotsOnWhiteSite
23205,29,16
timeStep,numberOfRobotsOnBlackSite,numberOfRobotsOnWhiteSite
23206,29,16
timeStep,numberOfRobotsOnBlackSite,numberOfRobotsOnWhiteSite
23207,29,16
timeStep,numberOfRobotsOnBlackSite,numberOfRobotsOnWhiteSite
23208,29,16
timeStep,numberOfRobotsOnBlackSite,numberOfRobotsOnWhiteSite
23209,29,16
timeStep,numberOfRobotsOnBlackSite,numberOfRobotsOnWhiteSite
23210,29,16
timeStep,numberOfRobotsOnBlackSite,numberOfRobotsOnWhiteSite
23211,29,16
timeStep,numberOfRobotsOnBlackSite,numberOfRobotsOnWhiteSite
23212,29,16
timeStep,numberOfRobotsOnBlackSite,numberOfRobotsOnWhiteSite
23213,29,16
timeStep,numberOfRobotsOnBlackSite,numberOfRobotsOnWhiteSite
23214,29,16
timeStep,numberOfRobotsOnBlackSite,numberOfRobotsOnWhiteSite
23215,29,16
timeStep,numberOfRobotsOnBlackSite,numberOfRobotsOnWhiteSite
23216,29,16
timeStep,numberOfRobotsOnBlackSite,numberOfRobotsOnWhiteSite
23217,29,16
timeStep,numberOfRobotsOnBlackSite,numberOfRobotsOnWhiteSite
23218,29,16
timeStep,numberOfRobotsOnBlackSite,numberOfRobotsOnWhiteSite
23219,29,16
timeStep,numberOfRobotsOnBlackSite,numberOfRobotsOnWhiteSite
23220,29,16
timeStep,numberOfRobotsOnBlackSite,numberOfRobotsOnWhiteSite
23221,29,16
timeStep,numberOfRobotsOnBlackSite,numberOfRobotsOnWhiteSite
23222,29,16
timeStep,numberOfRobotsOnBlackSite,numberOfRobotsOnWhiteSite
23223,29,16
timeStep,numberOfRobotsOnBlackSite,numberOfRobotsOnWhiteSite
23224,29,16
timeStep,numberOfRobotsOnBlackSite,numberOfRobotsOnWhiteSite
23225,29,16
timeStep,numberOfRobotsOnBlackSite,numberOfRobotsOnWhiteSite
23226,29,16
timeStep,numberOfRobotsOnBlackSite,numberOfRobotsOnWhiteSite
23227,29,16
timeStep,numberOfRobotsOnBlackSite,numberOfRobotsOnWhiteSite
23228,29,16
timeStep,numberOfRobotsOnBlackSite,numberOfRobotsOnWhiteSite
23229,29,16
timeStep,numberOfRobotsOnBlackSite,numberOfRobotsOnWhiteSite
23230,29,16
timeStep,numberOfRobotsOnBlackSite,numberOfRobotsOnWhiteSite
23231,29,16
timeStep,numberOfRobotsOnBlackSite,numberOfRobotsOnWhiteSite
23232,29,16
timeStep,numberOfRobotsOnBlackSite,numberOfRobotsOnWhiteSite
23233,29,16
timeStep,numberOfRobotsOnBlackSite,numberOfRobotsOnWhiteSite
23234,29,16
timeStep,numberOfRobotsOnBlackSite,numberOfRobotsOnWhiteSite
23235,29,16
timeStep,numberOfRobotsOnBlackSite,numberOfRobotsOnWhiteSite
23236,29,16
timeStep,numberOfRobotsOnBlackSite,numberOfRobotsOnWhiteSite
23237,29,16
timeStep,numberOfRobotsOnBlackSite,numberOfRobotsOnWhiteSite
23238,29,16
timeStep,numberOfRobotsOnBlackSite,numberOfRobotsOnWhiteSite
23239,29,16
timeStep,numberOfRobotsOnBlackSite,numberOfRobotsOnWhiteSite
23240,29,16
timeStep,numberOfRobotsOnBlackSite,numberOfRobotsOnWhiteSite
23241,29,16
timeStep,numberOfRobotsOnBlackSite,numberOfRobotsOnWhiteSite
23242,29,16
timeStep,numberOfRobotsOnBlackSite,numberOfRobotsOnWhiteSite
23243,29,16
timeStep,numberOfRobotsOnBlackSite,numberOfRobotsOnWhiteSite
23244,29,16
timeStep,numberOfRobotsOnBlackSite,numberOfRobotsOnWhiteSite
23245,29,16
timeStep,numberOfRobotsOnBlackSite,numberOfRobotsOnWhiteSite
23246,29,16
timeStep,numberOfRobotsOnBlackSite,numberOfRobotsOnWhiteSite
23247,29,16
timeStep,numberOfRobotsOnBlackSite,numberOfRobotsOnWhiteSite
23248,29,16
timeStep,numberOfRobotsOnBlackSite,numberOfRobotsOnWhiteSite
23249,29,16
timeStep,numberOfRobotsOnBlackSite,numberOfRobotsOnWhiteSite
23250,29,16
timeStep,numberOfRobotsOnBlackSite,numberOfRobotsOnWhiteSite
23251,29,16
timeStep,numberOfRobotsOnBlackSite,numberOfRobotsOnWhiteSite
23252,29,16
timeStep,numberOfRobotsOnBlackSite,numberOfRobotsOnWhiteSite
23253,29,16
timeStep,numberOfRobotsOnBlackSite,numberOfRobotsOnWhiteSite
23254,29,16
timeStep,numberOfRobotsOnBlackSite,numberOfRobotsOnWhiteSite
23255,29,16
timeStep,numberOfRobotsOnBlackSite,numberOfRobotsOnWhiteSite
23256,29,16
timeStep,numberOfRobotsOnBlackSite,numberOfRobotsOnWhiteSite
23257,29,16
timeStep,numberOfRobotsOnBlackSite,numberOfRobotsOnWhiteSite
23258,29,16
timeStep,numberOfRobotsOnBlackSite,numberOfRobotsOnWhiteSite
23259,29,16
timeStep,numberOfRobotsOnBlackSite,numberOfRobotsOnWhiteSite
23260,29,16
timeStep,numberOfRobotsOnBlackSite,numberOfRobotsOnWhiteSite
23261,29,16
timeStep,numberOfRobotsOnBlackSite,numberOfRobotsOnWhiteSite
23262,29,16
timeStep,numberOfRobotsOnBlackSite,numberOfRobotsOnWhiteSite
23263,29,16
timeStep,numberOfRobotsOnBlackSite,numberOfRobotsOnWhiteSite
23264,29,16
timeStep,numberOfRobotsOnBlackSite,numberOfRobotsOnWhiteSite
23265,29,16
timeStep,numberOfRobotsOnBlackSite,numberOfRobotsOnWhiteSite
23266,29,16
timeStep,numberOfRobotsOnBlackSite,numberOfRobotsOnWhiteSite
23267,29,16
timeStep,numberOfRobotsOnBlackSite,numberOfRobotsOnWhiteSite
23268,29,16
timeStep,numberOfRobotsOnBlackSite,numberOfRobotsOnWhiteSite
23269,29,16
timeStep,numberOfRobotsOnBlackSite,numberOfRobotsOnWhiteSite
23270,29,16
timeStep,numberOfRobotsOnBlackSite,numberOfRobotsOnWhiteSite
23271,29,16
timeStep,numberOfRobotsOnBlackSite,numberOfRobotsOnWhiteSite
23272,29,16
timeStep,numberOfRobotsOnBlackSite,numberOfRobotsOnWhiteSite
23273,29,16
timeStep,numberOfRobotsOnBlackSite,numberOfRobotsOnWhiteSite
23274,29,16
timeStep,numberOfRobotsOnBlackSite,numberOfRobotsOnWhiteSite
23275,29,16
timeStep,numberOfRobotsOnBlackSite,numberOfRobotsOnWhiteSite
23276,29,16
timeStep,numberOfRobotsOnBlackSite,numberOfRobotsOnWhiteSite
23277,29,16
timeStep,numberOfRobotsOnBlackSite,numberOfRobotsOnWhiteSite
23278,29,16
timeStep,numberOfRobotsOnBlackSite,numberOfRobotsOnWhiteSite
23279,29,16
timeStep,numberOfRobotsOnBlackSite,numberOfRobotsOnWhiteSite
23280,29,16
timeStep,numberOfRobotsOnBlackSite,numberOfRobotsOnWhiteSite
23281,29,16
timeStep,numberOfRobotsOnBlackSite,numberOfRobotsOnWhiteSite
23282,29,16
timeStep,numberOfRobotsOnBlackSite,numberOfRobotsOnWhiteSite
23283,29,16
timeStep,numberOfRobotsOnBlackSite,numberOfRobotsOnWhiteSite
23284,29,16
timeStep,numberOfRobotsOnBlackSite,numberOfRobotsOnWhiteSite
23285,29,16
timeStep,numberOfRobotsOnBlackSite,numberOfRobotsOnWhiteSite
23286,29,16
timeStep,numberOfRobotsOnBlackSite,numberOfRobotsOnWhiteSite
23287,29,16
timeStep,numberOfRobotsOnBlackSite,numberOfRobotsOnWhiteSite
23288,29,16
timeStep,numberOfRobotsOnBlackSite,numberOfRobotsOnWhiteSite
23289,29,16
timeStep,numberOfRobotsOnBlackSite,numberOfRobotsOnWhiteSite
23290,29,16
timeStep,numberOfRobotsOnBlackSite,numberOfRobotsOnWhiteSite
23291,29,16
timeStep,numberOfRobotsOnBlackSite,numberOfRobotsOnWhiteSite
23292,29,16
timeStep,numberOfRobotsOnBlackSite,numberOfRobotsOnWhiteSite
23293,29,16
timeStep,numberOfRobotsOnBlackSite,numberOfRobotsOnWhiteSite
23294,29,16
timeStep,numberOfRobotsOnBlackSite,numberOfRobotsOnWhiteSite
23295,29,16
timeStep,numberOfRobotsOnBlackSite,numberOfRobotsOnWhiteSite
23296,29,16
timeStep,numberOfRobotsOnBlackSite,numberOfRobotsOnWhiteSite
23297,29,16
timeStep,numberOfRobotsOnBlackSite,numberOfRobotsOnWhiteSite
23298,29,16
timeStep,numberOfRobotsOnBlackSite,numberOfRobotsOnWhiteSite
23299,29,16
timeStep,numberOfRobotsOnBlackSite,numberOfRobotsOnWhiteSite
23300,29,16
timeStep,numberOfRobotsOnBlackSite,numberOfRobotsOnWhiteSite
23301,29,16
timeStep,numberOfRobotsOnBlackSite,numberOfRobotsOnWhiteSite
23302,29,16
timeStep,numberOfRobotsOnBlackSite,numberOfRobotsOnWhiteSite
23303,29,16
timeStep,numberOfRobotsOnBlackSite,numberOfRobotsOnWhiteSite
23304,29,16
timeStep,numberOfRobotsOnBlackSite,numberOfRobotsOnWhiteSite
23305,29,16
timeStep,numberOfRobotsOnBlackSite,numberOfRobotsOnWhiteSite
23306,29,16
timeStep,numberOfRobotsOnBlackSite,numberOfRobotsOnWhiteSite
23307,29,16
timeStep,numberOfRobotsOnBlackSite,numberOfRobotsOnWhiteSite
23308,29,16
timeStep,numberOfRobotsOnBlackSite,numberOfRobotsOnWhiteSite
23309,29,16
timeStep,numberOfRobotsOnBlackSite,numberOfRobotsOnWhiteSite
23310,29,16
timeStep,numberOfRobotsOnBlackSite,numberOfRobotsOnWhiteSite
23311,29,16
timeStep,numberOfRobotsOnBlackSite,numberOfRobotsOnWhiteSite
23312,29,16
timeStep,numberOfRobotsOnBlackSite,numberOfRobotsOnWhiteSite
23313,29,16
timeStep,numberOfRobotsOnBlackSite,numberOfRobotsOnWhiteSite
23314,29,16
timeStep,numberOfRobotsOnBlackSite,numberOfRobotsOnWhiteSite
23315,29,16
timeStep,numberOfRobotsOnBlackSite,numberOfRobotsOnWhiteSite
23316,29,16
timeStep,numberOfRobotsOnBlackSite,numberOfRobotsOnWhiteSite
23317,29,16
timeStep,numberOfRobotsOnBlackSite,numberOfRobotsOnWhiteSite
23318,29,16
timeStep,numberOfRobotsOnBlackSite,numberOfRobotsOnWhiteSite
23319,29,16
timeStep,numberOfRobotsOnBlackSite,numberOfRobotsOnWhiteSite
23320,29,16
timeStep,numberOfRobotsOnBlackSite,numberOfRobotsOnWhiteSite
23321,29,16
timeStep,numberOfRobotsOnBlackSite,numberOfRobotsOnWhiteSite
23322,29,16
timeStep,numberOfRobotsOnBlackSite,numberOfRobotsOnWhiteSite
23323,29,16
timeStep,numberOfRobotsOnBlackSite,numberOfRobotsOnWhiteSite
23324,29,16
timeStep,numberOfRobotsOnBlackSite,numberOfRobotsOnWhiteSite
23325,29,16
timeStep,numberOfRobotsOnBlackSite,numberOfRobotsOnWhiteSite
23326,29,16
timeStep,numberOfRobotsOnBlackSite,numberOfRobotsOnWhiteSite
23327,29,16
timeStep,numberOfRobotsOnBlackSite,numberOfRobotsOnWhiteSite
23328,29,16
timeStep,numberOfRobotsOnBlackSite,numberOfRobotsOnWhiteSite
23329,29,16
timeStep,numberOfRobotsOnBlackSite,numberOfRobotsOnWhiteSite
23330,29,16
timeStep,numberOfRobotsOnBlackSite,numberOfRobotsOnWhiteSite
23331,29,16
timeStep,numberOfRobotsOnBlackSite,numberOfRobotsOnWhiteSite
23332,29,16
timeStep,numberOfRobotsOnBlackSite,numberOfRobotsOnWhiteSite
23333,29,16
timeStep,numberOfRobotsOnBlackSite,numberOfRobotsOnWhiteSite
23334,29,16
timeStep,numberOfRobotsOnBlackSite,numberOfRobotsOnWhiteSite
23335,29,16
timeStep,numberOfRobotsOnBlackSite,numberOfRobotsOnWhiteSite
23336,29,16
timeStep,numberOfRobotsOnBlackSite,numberOfRobotsOnWhiteSite
23337,29,16
timeStep,numberOfRobotsOnBlackSite,numberOfRobotsOnWhiteSite
23338,29,16
timeStep,numberOfRobotsOnBlackSite,numberOfRobotsOnWhiteSite
23339,29,16
timeStep,numberOfRobotsOnBlackSite,numberOfRobotsOnWhiteSite
23340,29,16
timeStep,numberOfRobotsOnBlackSite,numberOfRobotsOnWhiteSite
23341,29,16
timeStep,numberOfRobotsOnBlackSite,numberOfRobotsOnWhiteSite
23342,29,16
timeStep,numberOfRobotsOnBlackSite,numberOfRobotsOnWhiteSite
23343,29,16
timeStep,numberOfRobotsOnBlackSite,numberOfRobotsOnWhiteSite
23344,29,16
timeStep,numberOfRobotsOnBlackSite,numberOfRobotsOnWhiteSite
23345,29,16
timeStep,numberOfRobotsOnBlackSite,numberOfRobotsOnWhiteSite
23346,29,16
timeStep,numberOfRobotsOnBlackSite,numberOfRobotsOnWhiteSite
23347,29,16
timeStep,numberOfRobotsOnBlackSite,numberOfRobotsOnWhiteSite
23348,29,16
timeStep,numberOfRobotsOnBlackSite,numberOfRobotsOnWhiteSite
23349,29,16
timeStep,numberOfRobotsOnBlackSite,numberOfRobotsOnWhiteSite
23350,29,16
timeStep,numberOfRobotsOnBlackSite,numberOfRobotsOnWhiteSite
23351,29,16
timeStep,numberOfRobotsOnBlackSite,numberOfRobotsOnWhiteSite
23352,29,16
timeStep,numberOfRobotsOnBlackSite,numberOfRobotsOnWhiteSite
23353,29,16
timeStep,numberOfRobotsOnBlackSite,numberOfRobotsOnWhiteSite
23354,29,16
timeStep,numberOfRobotsOnBlackSite,numberOfRobotsOnWhiteSite
23355,29,16
timeStep,numberOfRobotsOnBlackSite,numberOfRobotsOnWhiteSite
23356,29,16
timeStep,numberOfRobotsOnBlackSite,numberOfRobotsOnWhiteSite
23357,29,16
timeStep,numberOfRobotsOnBlackSite,numberOfRobotsOnWhiteSite
23358,29,16
timeStep,numberOfRobotsOnBlackSite,numberOfRobotsOnWhiteSite
23359,29,16
timeStep,numberOfRobotsOnBlackSite,numberOfRobotsOnWhiteSite
23360,29,16
timeStep,numberOfRobotsOnBlackSite,numberOfRobotsOnWhiteSite
23361,29,16
timeStep,numberOfRobotsOnBlackSite,numberOfRobotsOnWhiteSite
23362,29,16
timeStep,numberOfRobotsOnBlackSite,numberOfRobotsOnWhiteSite
23363,29,16
timeStep,numberOfRobotsOnBlackSite,numberOfRobotsOnWhiteSite
23364,29,16
timeStep,numberOfRobotsOnBlackSite,numberOfRobotsOnWhiteSite
23365,29,16
timeStep,numberOfRobotsOnBlackSite,numberOfRobotsOnWhiteSite
23366,29,16
timeStep,numberOfRobotsOnBlackSite,numberOfRobotsOnWhiteSite
23367,29,16
timeStep,numberOfRobotsOnBlackSite,numberOfRobotsOnWhiteSite
23368,29,16
timeStep,numberOfRobotsOnBlackSite,numberOfRobotsOnWhiteSite
23369,29,16
timeStep,numberOfRobotsOnBlackSite,numberOfRobotsOnWhiteSite
23370,29,16
timeStep,numberOfRobotsOnBlackSite,numberOfRobotsOnWhiteSite
23371,29,16
timeStep,numberOfRobotsOnBlackSite,numberOfRobotsOnWhiteSite
23372,29,16
timeStep,numberOfRobotsOnBlackSite,numberOfRobotsOnWhiteSite
23373,29,16
timeStep,numberOfRobotsOnBlackSite,numberOfRobotsOnWhiteSite
23374,29,16
timeStep,numberOfRobotsOnBlackSite,numberOfRobotsOnWhiteSite
23375,29,16
timeStep,numberOfRobotsOnBlackSite,numberOfRobotsOnWhiteSite
23376,29,16
timeStep,numberOfRobotsOnBlackSite,numberOfRobotsOnWhiteSite
23377,29,16
timeStep,numberOfRobotsOnBlackSite,numberOfRobotsOnWhiteSite
23378,29,16
timeStep,numberOfRobotsOnBlackSite,numberOfRobotsOnWhiteSite
23379,29,16
timeStep,numberOfRobotsOnBlackSite,numberOfRobotsOnWhiteSite
23380,29,16
timeStep,numberOfRobotsOnBlackSite,numberOfRobotsOnWhiteSite
23381,29,16
timeStep,numberOfRobotsOnBlackSite,numberOfRobotsOnWhiteSite
23382,29,16
timeStep,numberOfRobotsOnBlackSite,numberOfRobotsOnWhiteSite
23383,29,16
timeStep,numberOfRobotsOnBlackSite,numberOfRobotsOnWhiteSite
23384,29,16
timeStep,numberOfRobotsOnBlackSite,numberOfRobotsOnWhiteSite
23385,29,16
timeStep,numberOfRobotsOnBlackSite,numberOfRobotsOnWhiteSite
23386,29,16
timeStep,numberOfRobotsOnBlackSite,numberOfRobotsOnWhiteSite
23387,29,16
timeStep,numberOfRobotsOnBlackSite,numberOfRobotsOnWhiteSite
23388,29,16
timeStep,numberOfRobotsOnBlackSite,numberOfRobotsOnWhiteSite
23389,29,16
timeStep,numberOfRobotsOnBlackSite,numberOfRobotsOnWhiteSite
23390,29,16
timeStep,numberOfRobotsOnBlackSite,numberOfRobotsOnWhiteSite
23391,29,16
timeStep,numberOfRobotsOnBlackSite,numberOfRobotsOnWhiteSite
23392,29,16
timeStep,numberOfRobotsOnBlackSite,numberOfRobotsOnWhiteSite
23393,29,16
timeStep,numberOfRobotsOnBlackSite,numberOfRobotsOnWhiteSite
23394,29,16
timeStep,numberOfRobotsOnBlackSite,numberOfRobotsOnWhiteSite
23395,29,16
timeStep,numberOfRobotsOnBlackSite,numberOfRobotsOnWhiteSite
23396,29,16
timeStep,numberOfRobotsOnBlackSite,numberOfRobotsOnWhiteSite
23397,29,16
timeStep,numberOfRobotsOnBlackSite,numberOfRobotsOnWhiteSite
23398,29,16
timeStep,numberOfRobotsOnBlackSite,numberOfRobotsOnWhiteSite
23399,29,16
timeStep,numberOfRobotsOnBlackSite,numberOfRobotsOnWhiteSite
23400,29,16
timeStep,numberOfRobotsOnBlackSite,numberOfRobotsOnWhiteSite
23401,29,16
timeStep,numberOfRobotsOnBlackSite,numberOfRobotsOnWhiteSite
23402,29,16
timeStep,numberOfRobotsOnBlackSite,numberOfRobotsOnWhiteSite
23403,29,16
timeStep,numberOfRobotsOnBlackSite,numberOfRobotsOnWhiteSite
23404,29,16
timeStep,numberOfRobotsOnBlackSite,numberOfRobotsOnWhiteSite
23405,29,16
timeStep,numberOfRobotsOnBlackSite,numberOfRobotsOnWhiteSite
23406,29,16
timeStep,numberOfRobotsOnBlackSite,numberOfRobotsOnWhiteSite
23407,29,16
timeStep,numberOfRobotsOnBlackSite,numberOfRobotsOnWhiteSite
23408,29,16
timeStep,numberOfRobotsOnBlackSite,numberOfRobotsOnWhiteSite
23409,29,16
timeStep,numberOfRobotsOnBlackSite,numberOfRobotsOnWhiteSite
23410,29,16
timeStep,numberOfRobotsOnBlackSite,numberOfRobotsOnWhiteSite
23411,29,16
timeStep,numberOfRobotsOnBlackSite,numberOfRobotsOnWhiteSite
23412,29,16
timeStep,numberOfRobotsOnBlackSite,numberOfRobotsOnWhiteSite
23413,29,16
timeStep,numberOfRobotsOnBlackSite,numberOfRobotsOnWhiteSite
23414,29,16
timeStep,numberOfRobotsOnBlackSite,numberOfRobotsOnWhiteSite
23415,29,16
timeStep,numberOfRobotsOnBlackSite,numberOfRobotsOnWhiteSite
23416,29,16
timeStep,numberOfRobotsOnBlackSite,numberOfRobotsOnWhiteSite
23417,29,16
timeStep,numberOfRobotsOnBlackSite,numberOfRobotsOnWhiteSite
23418,29,16
timeStep,numberOfRobotsOnBlackSite,numberOfRobotsOnWhiteSite
23419,29,16
timeStep,numberOfRobotsOnBlackSite,numberOfRobotsOnWhiteSite
23420,29,16
timeStep,numberOfRobotsOnBlackSite,numberOfRobotsOnWhiteSite
23421,29,16
timeStep,numberOfRobotsOnBlackSite,numberOfRobotsOnWhiteSite
23422,29,16
timeStep,numberOfRobotsOnBlackSite,numberOfRobotsOnWhiteSite
23423,29,16
timeStep,numberOfRobotsOnBlackSite,numberOfRobotsOnWhiteSite
23424,29,16
timeStep,numberOfRobotsOnBlackSite,numberOfRobotsOnWhiteSite
23425,29,16
timeStep,numberOfRobotsOnBlackSite,numberOfRobotsOnWhiteSite
23426,29,16
timeStep,numberOfRobotsOnBlackSite,numberOfRobotsOnWhiteSite
23427,29,16
timeStep,numberOfRobotsOnBlackSite,numberOfRobotsOnWhiteSite
23428,29,16
timeStep,numberOfRobotsOnBlackSite,numberOfRobotsOnWhiteSite
23429,29,16
timeStep,numberOfRobotsOnBlackSite,numberOfRobotsOnWhiteSite
23430,29,16
timeStep,numberOfRobotsOnBlackSite,numberOfRobotsOnWhiteSite
23431,29,16
timeStep,numberOfRobotsOnBlackSite,numberOfRobotsOnWhiteSite
23432,29,16
timeStep,numberOfRobotsOnBlackSite,numberOfRobotsOnWhiteSite
23433,29,16
timeStep,numberOfRobotsOnBlackSite,numberOfRobotsOnWhiteSite
23434,29,16
timeStep,numberOfRobotsOnBlackSite,numberOfRobotsOnWhiteSite
23435,29,16
timeStep,numberOfRobotsOnBlackSite,numberOfRobotsOnWhiteSite
23436,29,16
timeStep,numberOfRobotsOnBlackSite,numberOfRobotsOnWhiteSite
23437,29,16
timeStep,numberOfRobotsOnBlackSite,numberOfRobotsOnWhiteSite
23438,29,16
timeStep,numberOfRobotsOnBlackSite,numberOfRobotsOnWhiteSite
23439,29,16
timeStep,numberOfRobotsOnBlackSite,numberOfRobotsOnWhiteSite
23440,29,16
timeStep,numberOfRobotsOnBlackSite,numberOfRobotsOnWhiteSite
23441,29,16
timeStep,numberOfRobotsOnBlackSite,numberOfRobotsOnWhiteSite
23442,29,16
timeStep,numberOfRobotsOnBlackSite,numberOfRobotsOnWhiteSite
23443,29,16
timeStep,numberOfRobotsOnBlackSite,numberOfRobotsOnWhiteSite
23444,29,16
timeStep,numberOfRobotsOnBlackSite,numberOfRobotsOnWhiteSite
23445,29,16
timeStep,numberOfRobotsOnBlackSite,numberOfRobotsOnWhiteSite
23446,29,16
timeStep,numberOfRobotsOnBlackSite,numberOfRobotsOnWhiteSite
23447,29,16
timeStep,numberOfRobotsOnBlackSite,numberOfRobotsOnWhiteSite
23448,29,16
timeStep,numberOfRobotsOnBlackSite,numberOfRobotsOnWhiteSite
23449,29,16
timeStep,numberOfRobotsOnBlackSite,numberOfRobotsOnWhiteSite
23450,29,16
timeStep,numberOfRobotsOnBlackSite,numberOfRobotsOnWhiteSite
23451,29,16
timeStep,numberOfRobotsOnBlackSite,numberOfRobotsOnWhiteSite
23452,29,16
timeStep,numberOfRobotsOnBlackSite,numberOfRobotsOnWhiteSite
23453,29,16
timeStep,numberOfRobotsOnBlackSite,numberOfRobotsOnWhiteSite
23454,29,16
timeStep,numberOfRobotsOnBlackSite,numberOfRobotsOnWhiteSite
23455,29,16
timeStep,numberOfRobotsOnBlackSite,numberOfRobotsOnWhiteSite
23456,29,16
timeStep,numberOfRobotsOnBlackSite,numberOfRobotsOnWhiteSite
23457,29,16
timeStep,numberOfRobotsOnBlackSite,numberOfRobotsOnWhiteSite
23458,29,16
timeStep,numberOfRobotsOnBlackSite,numberOfRobotsOnWhiteSite
23459,29,16
timeStep,numberOfRobotsOnBlackSite,numberOfRobotsOnWhiteSite
23460,29,16
timeStep,numberOfRobotsOnBlackSite,numberOfRobotsOnWhiteSite
23461,29,16
timeStep,numberOfRobotsOnBlackSite,numberOfRobotsOnWhiteSite
23462,29,16
timeStep,numberOfRobotsOnBlackSite,numberOfRobotsOnWhiteSite
23463,29,16
timeStep,numberOfRobotsOnBlackSite,numberOfRobotsOnWhiteSite
23464,29,16
timeStep,numberOfRobotsOnBlackSite,numberOfRobotsOnWhiteSite
23465,29,16
timeStep,numberOfRobotsOnBlackSite,numberOfRobotsOnWhiteSite
23466,29,16
timeStep,numberOfRobotsOnBlackSite,numberOfRobotsOnWhiteSite
23467,29,16
timeStep,numberOfRobotsOnBlackSite,numberOfRobotsOnWhiteSite
23468,29,16
timeStep,numberOfRobotsOnBlackSite,numberOfRobotsOnWhiteSite
23469,29,16
timeStep,numberOfRobotsOnBlackSite,numberOfRobotsOnWhiteSite
23470,29,16
timeStep,numberOfRobotsOnBlackSite,numberOfRobotsOnWhiteSite
23471,29,16
timeStep,numberOfRobotsOnBlackSite,numberOfRobotsOnWhiteSite
23472,29,16
timeStep,numberOfRobotsOnBlackSite,numberOfRobotsOnWhiteSite
23473,29,16
timeStep,numberOfRobotsOnBlackSite,numberOfRobotsOnWhiteSite
23474,29,16
timeStep,numberOfRobotsOnBlackSite,numberOfRobotsOnWhiteSite
23475,29,16
timeStep,numberOfRobotsOnBlackSite,numberOfRobotsOnWhiteSite
23476,29,16
timeStep,numberOfRobotsOnBlackSite,numberOfRobotsOnWhiteSite
23477,29,16
timeStep,numberOfRobotsOnBlackSite,numberOfRobotsOnWhiteSite
23478,29,16
timeStep,numberOfRobotsOnBlackSite,numberOfRobotsOnWhiteSite
23479,29,16
timeStep,numberOfRobotsOnBlackSite,numberOfRobotsOnWhiteSite
23480,29,16
timeStep,numberOfRobotsOnBlackSite,numberOfRobotsOnWhiteSite
23481,29,16
timeStep,numberOfRobotsOnBlackSite,numberOfRobotsOnWhiteSite
23482,29,16
timeStep,numberOfRobotsOnBlackSite,numberOfRobotsOnWhiteSite
23483,29,16
timeStep,numberOfRobotsOnBlackSite,numberOfRobotsOnWhiteSite
23484,29,16
timeStep,numberOfRobotsOnBlackSite,numberOfRobotsOnWhiteSite
23485,29,16
timeStep,numberOfRobotsOnBlackSite,numberOfRobotsOnWhiteSite
23486,29,16
timeStep,numberOfRobotsOnBlackSite,numberOfRobotsOnWhiteSite
23487,29,16
timeStep,numberOfRobotsOnBlackSite,numberOfRobotsOnWhiteSite
23488,29,16
timeStep,numberOfRobotsOnBlackSite,numberOfRobotsOnWhiteSite
23489,29,16
timeStep,numberOfRobotsOnBlackSite,numberOfRobotsOnWhiteSite
23490,29,16
timeStep,numberOfRobotsOnBlackSite,numberOfRobotsOnWhiteSite
23491,29,16
timeStep,numberOfRobotsOnBlackSite,numberOfRobotsOnWhiteSite
23492,29,16
timeStep,numberOfRobotsOnBlackSite,numberOfRobotsOnWhiteSite
23493,29,16
timeStep,numberOfRobotsOnBlackSite,numberOfRobotsOnWhiteSite
23494,29,16
timeStep,numberOfRobotsOnBlackSite,numberOfRobotsOnWhiteSite
23495,29,16
timeStep,numberOfRobotsOnBlackSite,numberOfRobotsOnWhiteSite
23496,29,16
timeStep,numberOfRobotsOnBlackSite,numberOfRobotsOnWhiteSite
23497,29,16
timeStep,numberOfRobotsOnBlackSite,numberOfRobotsOnWhiteSite
23498,29,16
timeStep,numberOfRobotsOnBlackSite,numberOfRobotsOnWhiteSite
23499,29,16
timeStep,numberOfRobotsOnBlackSite,numberOfRobotsOnWhiteSite
23500,29,16
timeStep,numberOfRobotsOnBlackSite,numberOfRobotsOnWhiteSite
23501,29,16
timeStep,numberOfRobotsOnBlackSite,numberOfRobotsOnWhiteSite
23502,29,16
timeStep,numberOfRobotsOnBlackSite,numberOfRobotsOnWhiteSite
23503,29,16
timeStep,numberOfRobotsOnBlackSite,numberOfRobotsOnWhiteSite
23504,29,16
timeStep,numberOfRobotsOnBlackSite,numberOfRobotsOnWhiteSite
23505,29,16
timeStep,numberOfRobotsOnBlackSite,numberOfRobotsOnWhiteSite
23506,29,16
timeStep,numberOfRobotsOnBlackSite,numberOfRobotsOnWhiteSite
23507,29,16
timeStep,numberOfRobotsOnBlackSite,numberOfRobotsOnWhiteSite
23508,29,16
timeStep,numberOfRobotsOnBlackSite,numberOfRobotsOnWhiteSite
23509,29,16
timeStep,numberOfRobotsOnBlackSite,numberOfRobotsOnWhiteSite
23510,29,16
timeStep,numberOfRobotsOnBlackSite,numberOfRobotsOnWhiteSite
23511,29,16
timeStep,numberOfRobotsOnBlackSite,numberOfRobotsOnWhiteSite
23512,29,16
timeStep,numberOfRobotsOnBlackSite,numberOfRobotsOnWhiteSite
23513,29,16
timeStep,numberOfRobotsOnBlackSite,numberOfRobotsOnWhiteSite
23514,29,16
timeStep,numberOfRobotsOnBlackSite,numberOfRobotsOnWhiteSite
23515,29,16
timeStep,numberOfRobotsOnBlackSite,numberOfRobotsOnWhiteSite
23516,29,16
timeStep,numberOfRobotsOnBlackSite,numberOfRobotsOnWhiteSite
23517,29,16
timeStep,numberOfRobotsOnBlackSite,numberOfRobotsOnWhiteSite
23518,29,16
timeStep,numberOfRobotsOnBlackSite,numberOfRobotsOnWhiteSite
23519,29,16
timeStep,numberOfRobotsOnBlackSite,numberOfRobotsOnWhiteSite
23520,29,16
timeStep,numberOfRobotsOnBlackSite,numberOfRobotsOnWhiteSite
23521,29,16
timeStep,numberOfRobotsOnBlackSite,numberOfRobotsOnWhiteSite
23522,29,16
timeStep,numberOfRobotsOnBlackSite,numberOfRobotsOnWhiteSite
23523,29,16
timeStep,numberOfRobotsOnBlackSite,numberOfRobotsOnWhiteSite
23524,29,16
timeStep,numberOfRobotsOnBlackSite,numberOfRobotsOnWhiteSite
23525,29,16
timeStep,numberOfRobotsOnBlackSite,numberOfRobotsOnWhiteSite
23526,29,16
timeStep,numberOfRobotsOnBlackSite,numberOfRobotsOnWhiteSite
23527,29,16
timeStep,numberOfRobotsOnBlackSite,numberOfRobotsOnWhiteSite
23528,29,16
timeStep,numberOfRobotsOnBlackSite,numberOfRobotsOnWhiteSite
23529,29,16
timeStep,numberOfRobotsOnBlackSite,numberOfRobotsOnWhiteSite
23530,29,16
timeStep,numberOfRobotsOnBlackSite,numberOfRobotsOnWhiteSite
23531,29,16
timeStep,numberOfRobotsOnBlackSite,numberOfRobotsOnWhiteSite
23532,29,16
timeStep,numberOfRobotsOnBlackSite,numberOfRobotsOnWhiteSite
23533,29,16
timeStep,numberOfRobotsOnBlackSite,numberOfRobotsOnWhiteSite
23534,29,16
timeStep,numberOfRobotsOnBlackSite,numberOfRobotsOnWhiteSite
23535,29,16
timeStep,numberOfRobotsOnBlackSite,numberOfRobotsOnWhiteSite
23536,29,16
timeStep,numberOfRobotsOnBlackSite,numberOfRobotsOnWhiteSite
23537,29,16
timeStep,numberOfRobotsOnBlackSite,numberOfRobotsOnWhiteSite
23538,29,16
timeStep,numberOfRobotsOnBlackSite,numberOfRobotsOnWhiteSite
23539,29,16
timeStep,numberOfRobotsOnBlackSite,numberOfRobotsOnWhiteSite
23540,29,16
timeStep,numberOfRobotsOnBlackSite,numberOfRobotsOnWhiteSite
23541,29,16
timeStep,numberOfRobotsOnBlackSite,numberOfRobotsOnWhiteSite
23542,29,16
timeStep,numberOfRobotsOnBlackSite,numberOfRobotsOnWhiteSite
23543,29,16
timeStep,numberOfRobotsOnBlackSite,numberOfRobotsOnWhiteSite
23544,29,16
timeStep,numberOfRobotsOnBlackSite,numberOfRobotsOnWhiteSite
23545,29,16
timeStep,numberOfRobotsOnBlackSite,numberOfRobotsOnWhiteSite
23546,29,16
timeStep,numberOfRobotsOnBlackSite,numberOfRobotsOnWhiteSite
23547,29,16
timeStep,numberOfRobotsOnBlackSite,numberOfRobotsOnWhiteSite
23548,29,16
timeStep,numberOfRobotsOnBlackSite,numberOfRobotsOnWhiteSite
23549,29,16
timeStep,numberOfRobotsOnBlackSite,numberOfRobotsOnWhiteSite
23550,29,16
timeStep,numberOfRobotsOnBlackSite,numberOfRobotsOnWhiteSite
23551,29,16
timeStep,numberOfRobotsOnBlackSite,numberOfRobotsOnWhiteSite
23552,29,16
timeStep,numberOfRobotsOnBlackSite,numberOfRobotsOnWhiteSite
23553,29,16
timeStep,numberOfRobotsOnBlackSite,numberOfRobotsOnWhiteSite
23554,29,16
timeStep,numberOfRobotsOnBlackSite,numberOfRobotsOnWhiteSite
23555,29,16
timeStep,numberOfRobotsOnBlackSite,numberOfRobotsOnWhiteSite
23556,29,16
timeStep,numberOfRobotsOnBlackSite,numberOfRobotsOnWhiteSite
23557,29,16
timeStep,numberOfRobotsOnBlackSite,numberOfRobotsOnWhiteSite
23558,29,16
timeStep,numberOfRobotsOnBlackSite,numberOfRobotsOnWhiteSite
23559,29,16
timeStep,numberOfRobotsOnBlackSite,numberOfRobotsOnWhiteSite
23560,29,16
timeStep,numberOfRobotsOnBlackSite,numberOfRobotsOnWhiteSite
23561,29,16
timeStep,numberOfRobotsOnBlackSite,numberOfRobotsOnWhiteSite
23562,29,16
timeStep,numberOfRobotsOnBlackSite,numberOfRobotsOnWhiteSite
23563,29,16
timeStep,numberOfRobotsOnBlackSite,numberOfRobotsOnWhiteSite
23564,29,16
timeStep,numberOfRobotsOnBlackSite,numberOfRobotsOnWhiteSite
23565,29,16
timeStep,numberOfRobotsOnBlackSite,numberOfRobotsOnWhiteSite
23566,29,16
timeStep,numberOfRobotsOnBlackSite,numberOfRobotsOnWhiteSite
23567,29,16
timeStep,numberOfRobotsOnBlackSite,numberOfRobotsOnWhiteSite
23568,29,16
timeStep,numberOfRobotsOnBlackSite,numberOfRobotsOnWhiteSite
23569,29,16
timeStep,numberOfRobotsOnBlackSite,numberOfRobotsOnWhiteSite
23570,29,16
timeStep,numberOfRobotsOnBlackSite,numberOfRobotsOnWhiteSite
23571,29,16
timeStep,numberOfRobotsOnBlackSite,numberOfRobotsOnWhiteSite
23572,29,16
timeStep,numberOfRobotsOnBlackSite,numberOfRobotsOnWhiteSite
23573,29,16
timeStep,numberOfRobotsOnBlackSite,numberOfRobotsOnWhiteSite
23574,29,16
timeStep,numberOfRobotsOnBlackSite,numberOfRobotsOnWhiteSite
23575,29,16
timeStep,numberOfRobotsOnBlackSite,numberOfRobotsOnWhiteSite
23576,29,16
timeStep,numberOfRobotsOnBlackSite,numberOfRobotsOnWhiteSite
23577,29,16
timeStep,numberOfRobotsOnBlackSite,numberOfRobotsOnWhiteSite
23578,29,16
timeStep,numberOfRobotsOnBlackSite,numberOfRobotsOnWhiteSite
23579,29,16
timeStep,numberOfRobotsOnBlackSite,numberOfRobotsOnWhiteSite
23580,29,16
timeStep,numberOfRobotsOnBlackSite,numberOfRobotsOnWhiteSite
23581,29,16
timeStep,numberOfRobotsOnBlackSite,numberOfRobotsOnWhiteSite
23582,29,16
timeStep,numberOfRobotsOnBlackSite,numberOfRobotsOnWhiteSite
23583,29,16
timeStep,numberOfRobotsOnBlackSite,numberOfRobotsOnWhiteSite
23584,29,16
timeStep,numberOfRobotsOnBlackSite,numberOfRobotsOnWhiteSite
23585,29,16
timeStep,numberOfRobotsOnBlackSite,numberOfRobotsOnWhiteSite
23586,29,16
timeStep,numberOfRobotsOnBlackSite,numberOfRobotsOnWhiteSite
23587,29,16
timeStep,numberOfRobotsOnBlackSite,numberOfRobotsOnWhiteSite
23588,29,16
timeStep,numberOfRobotsOnBlackSite,numberOfRobotsOnWhiteSite
23589,29,16
timeStep,numberOfRobotsOnBlackSite,numberOfRobotsOnWhiteSite
23590,29,16
timeStep,numberOfRobotsOnBlackSite,numberOfRobotsOnWhiteSite
23591,29,16
timeStep,numberOfRobotsOnBlackSite,numberOfRobotsOnWhiteSite
23592,29,16
timeStep,numberOfRobotsOnBlackSite,numberOfRobotsOnWhiteSite
23593,29,16
timeStep,numberOfRobotsOnBlackSite,numberOfRobotsOnWhiteSite
23594,29,16
timeStep,numberOfRobotsOnBlackSite,numberOfRobotsOnWhiteSite
23595,29,16
timeStep,numberOfRobotsOnBlackSite,numberOfRobotsOnWhiteSite
23596,29,16
timeStep,numberOfRobotsOnBlackSite,numberOfRobotsOnWhiteSite
23597,29,16
timeStep,numberOfRobotsOnBlackSite,numberOfRobotsOnWhiteSite
23598,29,16
timeStep,numberOfRobotsOnBlackSite,numberOfRobotsOnWhiteSite
23599,29,16
timeStep,numberOfRobotsOnBlackSite,numberOfRobotsOnWhiteSite
23600,29,16
timeStep,numberOfRobotsOnBlackSite,numberOfRobotsOnWhiteSite
23601,29,16
timeStep,numberOfRobotsOnBlackSite,numberOfRobotsOnWhiteSite
23602,29,16
timeStep,numberOfRobotsOnBlackSite,numberOfRobotsOnWhiteSite
23603,29,16
timeStep,numberOfRobotsOnBlackSite,numberOfRobotsOnWhiteSite
23604,29,16
timeStep,numberOfRobotsOnBlackSite,numberOfRobotsOnWhiteSite
23605,29,16
timeStep,numberOfRobotsOnBlackSite,numberOfRobotsOnWhiteSite
23606,29,16
timeStep,numberOfRobotsOnBlackSite,numberOfRobotsOnWhiteSite
23607,29,16
timeStep,numberOfRobotsOnBlackSite,numberOfRobotsOnWhiteSite
23608,29,16
timeStep,numberOfRobotsOnBlackSite,numberOfRobotsOnWhiteSite
23609,29,16
timeStep,numberOfRobotsOnBlackSite,numberOfRobotsOnWhiteSite
23610,29,16
timeStep,numberOfRobotsOnBlackSite,numberOfRobotsOnWhiteSite
23611,29,16
timeStep,numberOfRobotsOnBlackSite,numberOfRobotsOnWhiteSite
23612,29,16
timeStep,numberOfRobotsOnBlackSite,numberOfRobotsOnWhiteSite
23613,29,16
timeStep,numberOfRobotsOnBlackSite,numberOfRobotsOnWhiteSite
23614,29,16
timeStep,numberOfRobotsOnBlackSite,numberOfRobotsOnWhiteSite
23615,29,16
timeStep,numberOfRobotsOnBlackSite,numberOfRobotsOnWhiteSite
23616,29,16
timeStep,numberOfRobotsOnBlackSite,numberOfRobotsOnWhiteSite
23617,29,16
timeStep,numberOfRobotsOnBlackSite,numberOfRobotsOnWhiteSite
23618,29,16
timeStep,numberOfRobotsOnBlackSite,numberOfRobotsOnWhiteSite
23619,29,16
timeStep,numberOfRobotsOnBlackSite,numberOfRobotsOnWhiteSite
23620,29,16
timeStep,numberOfRobotsOnBlackSite,numberOfRobotsOnWhiteSite
23621,29,16
timeStep,numberOfRobotsOnBlackSite,numberOfRobotsOnWhiteSite
23622,29,16
timeStep,numberOfRobotsOnBlackSite,numberOfRobotsOnWhiteSite
23623,29,16
timeStep,numberOfRobotsOnBlackSite,numberOfRobotsOnWhiteSite
23624,29,16
timeStep,numberOfRobotsOnBlackSite,numberOfRobotsOnWhiteSite
23625,29,16
timeStep,numberOfRobotsOnBlackSite,numberOfRobotsOnWhiteSite
23626,29,16
timeStep,numberOfRobotsOnBlackSite,numberOfRobotsOnWhiteSite
23627,29,16
timeStep,numberOfRobotsOnBlackSite,numberOfRobotsOnWhiteSite
23628,29,16
timeStep,numberOfRobotsOnBlackSite,numberOfRobotsOnWhiteSite
23629,29,16
timeStep,numberOfRobotsOnBlackSite,numberOfRobotsOnWhiteSite
23630,29,16
timeStep,numberOfRobotsOnBlackSite,numberOfRobotsOnWhiteSite
23631,29,16
timeStep,numberOfRobotsOnBlackSite,numberOfRobotsOnWhiteSite
23632,29,16
timeStep,numberOfRobotsOnBlackSite,numberOfRobotsOnWhiteSite
23633,29,16
timeStep,numberOfRobotsOnBlackSite,numberOfRobotsOnWhiteSite
23634,29,16
timeStep,numberOfRobotsOnBlackSite,numberOfRobotsOnWhiteSite
23635,29,16
timeStep,numberOfRobotsOnBlackSite,numberOfRobotsOnWhiteSite
23636,29,16
timeStep,numberOfRobotsOnBlackSite,numberOfRobotsOnWhiteSite
23637,29,16
timeStep,numberOfRobotsOnBlackSite,numberOfRobotsOnWhiteSite
23638,29,16
timeStep,numberOfRobotsOnBlackSite,numberOfRobotsOnWhiteSite
23639,29,16
timeStep,numberOfRobotsOnBlackSite,numberOfRobotsOnWhiteSite
23640,29,16
timeStep,numberOfRobotsOnBlackSite,numberOfRobotsOnWhiteSite
23641,29,16
timeStep,numberOfRobotsOnBlackSite,numberOfRobotsOnWhiteSite
23642,29,16
timeStep,numberOfRobotsOnBlackSite,numberOfRobotsOnWhiteSite
23643,29,16
timeStep,numberOfRobotsOnBlackSite,numberOfRobotsOnWhiteSite
23644,29,16
timeStep,numberOfRobotsOnBlackSite,numberOfRobotsOnWhiteSite
23645,29,16
timeStep,numberOfRobotsOnBlackSite,numberOfRobotsOnWhiteSite
23646,29,16
timeStep,numberOfRobotsOnBlackSite,numberOfRobotsOnWhiteSite
23647,29,16
timeStep,numberOfRobotsOnBlackSite,numberOfRobotsOnWhiteSite
23648,29,16
timeStep,numberOfRobotsOnBlackSite,numberOfRobotsOnWhiteSite
23649,29,16
timeStep,numberOfRobotsOnBlackSite,numberOfRobotsOnWhiteSite
23650,29,16
timeStep,numberOfRobotsOnBlackSite,numberOfRobotsOnWhiteSite
23651,29,16
timeStep,numberOfRobotsOnBlackSite,numberOfRobotsOnWhiteSite
23652,29,16
timeStep,numberOfRobotsOnBlackSite,numberOfRobotsOnWhiteSite
23653,29,16
timeStep,numberOfRobotsOnBlackSite,numberOfRobotsOnWhiteSite
23654,29,16
timeStep,numberOfRobotsOnBlackSite,numberOfRobotsOnWhiteSite
23655,29,16
timeStep,numberOfRobotsOnBlackSite,numberOfRobotsOnWhiteSite
23656,29,16
timeStep,numberOfRobotsOnBlackSite,numberOfRobotsOnWhiteSite
23657,29,16
timeStep,numberOfRobotsOnBlackSite,numberOfRobotsOnWhiteSite
23658,29,16
timeStep,numberOfRobotsOnBlackSite,numberOfRobotsOnWhiteSite
23659,29,16
timeStep,numberOfRobotsOnBlackSite,numberOfRobotsOnWhiteSite
23660,29,16
timeStep,numberOfRobotsOnBlackSite,numberOfRobotsOnWhiteSite
23661,29,16
timeStep,numberOfRobotsOnBlackSite,numberOfRobotsOnWhiteSite
23662,29,16
timeStep,numberOfRobotsOnBlackSite,numberOfRobotsOnWhiteSite
23663,29,16
timeStep,numberOfRobotsOnBlackSite,numberOfRobotsOnWhiteSite
23664,29,16
timeStep,numberOfRobotsOnBlackSite,numberOfRobotsOnWhiteSite
23665,29,16
timeStep,numberOfRobotsOnBlackSite,numberOfRobotsOnWhiteSite
23666,29,16
timeStep,numberOfRobotsOnBlackSite,numberOfRobotsOnWhiteSite
23667,29,16
timeStep,numberOfRobotsOnBlackSite,numberOfRobotsOnWhiteSite
23668,29,16
timeStep,numberOfRobotsOnBlackSite,numberOfRobotsOnWhiteSite
23669,29,16
timeStep,numberOfRobotsOnBlackSite,numberOfRobotsOnWhiteSite
23670,29,16
timeStep,numberOfRobotsOnBlackSite,numberOfRobotsOnWhiteSite
23671,29,16
timeStep,numberOfRobotsOnBlackSite,numberOfRobotsOnWhiteSite
23672,29,16
timeStep,numberOfRobotsOnBlackSite,numberOfRobotsOnWhiteSite
23673,29,16
timeStep,numberOfRobotsOnBlackSite,numberOfRobotsOnWhiteSite
23674,29,16
timeStep,numberOfRobotsOnBlackSite,numberOfRobotsOnWhiteSite
23675,29,16
timeStep,numberOfRobotsOnBlackSite,numberOfRobotsOnWhiteSite
23676,29,16
timeStep,numberOfRobotsOnBlackSite,numberOfRobotsOnWhiteSite
23677,29,16
timeStep,numberOfRobotsOnBlackSite,numberOfRobotsOnWhiteSite
23678,29,16
timeStep,numberOfRobotsOnBlackSite,numberOfRobotsOnWhiteSite
23679,29,16
timeStep,numberOfRobotsOnBlackSite,numberOfRobotsOnWhiteSite
23680,29,16
timeStep,numberOfRobotsOnBlackSite,numberOfRobotsOnWhiteSite
23681,29,16
timeStep,numberOfRobotsOnBlackSite,numberOfRobotsOnWhiteSite
23682,29,16
timeStep,numberOfRobotsOnBlackSite,numberOfRobotsOnWhiteSite
23683,29,16
timeStep,numberOfRobotsOnBlackSite,numberOfRobotsOnWhiteSite
23684,29,16
timeStep,numberOfRobotsOnBlackSite,numberOfRobotsOnWhiteSite
23685,29,16
timeStep,numberOfRobotsOnBlackSite,numberOfRobotsOnWhiteSite
23686,29,16
timeStep,numberOfRobotsOnBlackSite,numberOfRobotsOnWhiteSite
23687,29,16
timeStep,numberOfRobotsOnBlackSite,numberOfRobotsOnWhiteSite
23688,29,16
timeStep,numberOfRobotsOnBlackSite,numberOfRobotsOnWhiteSite
23689,29,16
timeStep,numberOfRobotsOnBlackSite,numberOfRobotsOnWhiteSite
23690,29,16
timeStep,numberOfRobotsOnBlackSite,numberOfRobotsOnWhiteSite
23691,29,16
timeStep,numberOfRobotsOnBlackSite,numberOfRobotsOnWhiteSite
23692,29,16
timeStep,numberOfRobotsOnBlackSite,numberOfRobotsOnWhiteSite
23693,29,16
timeStep,numberOfRobotsOnBlackSite,numberOfRobotsOnWhiteSite
23694,29,16
timeStep,numberOfRobotsOnBlackSite,numberOfRobotsOnWhiteSite
23695,29,16
timeStep,numberOfRobotsOnBlackSite,numberOfRobotsOnWhiteSite
23696,29,16
timeStep,numberOfRobotsOnBlackSite,numberOfRobotsOnWhiteSite
23697,29,16
timeStep,numberOfRobotsOnBlackSite,numberOfRobotsOnWhiteSite
23698,29,16
timeStep,numberOfRobotsOnBlackSite,numberOfRobotsOnWhiteSite
23699,29,16
timeStep,numberOfRobotsOnBlackSite,numberOfRobotsOnWhiteSite
23700,29,16
timeStep,numberOfRobotsOnBlackSite,numberOfRobotsOnWhiteSite
23701,29,16
timeStep,numberOfRobotsOnBlackSite,numberOfRobotsOnWhiteSite
23702,29,16
timeStep,numberOfRobotsOnBlackSite,numberOfRobotsOnWhiteSite
23703,29,16
timeStep,numberOfRobotsOnBlackSite,numberOfRobotsOnWhiteSite
23704,29,16
timeStep,numberOfRobotsOnBlackSite,numberOfRobotsOnWhiteSite
23705,29,16
timeStep,numberOfRobotsOnBlackSite,numberOfRobotsOnWhiteSite
23706,29,16
timeStep,numberOfRobotsOnBlackSite,numberOfRobotsOnWhiteSite
23707,29,16
timeStep,numberOfRobotsOnBlackSite,numberOfRobotsOnWhiteSite
23708,29,16
timeStep,numberOfRobotsOnBlackSite,numberOfRobotsOnWhiteSite
23709,29,16
timeStep,numberOfRobotsOnBlackSite,numberOfRobotsOnWhiteSite
23710,29,16
timeStep,numberOfRobotsOnBlackSite,numberOfRobotsOnWhiteSite
23711,29,16
timeStep,numberOfRobotsOnBlackSite,numberOfRobotsOnWhiteSite
23712,29,16
timeStep,numberOfRobotsOnBlackSite,numberOfRobotsOnWhiteSite
23713,29,16
timeStep,numberOfRobotsOnBlackSite,numberOfRobotsOnWhiteSite
23714,29,16
timeStep,numberOfRobotsOnBlackSite,numberOfRobotsOnWhiteSite
23715,29,16
timeStep,numberOfRobotsOnBlackSite,numberOfRobotsOnWhiteSite
23716,29,16
timeStep,numberOfRobotsOnBlackSite,numberOfRobotsOnWhiteSite
23717,29,16
timeStep,numberOfRobotsOnBlackSite,numberOfRobotsOnWhiteSite
23718,29,16
timeStep,numberOfRobotsOnBlackSite,numberOfRobotsOnWhiteSite
23719,29,16
timeStep,numberOfRobotsOnBlackSite,numberOfRobotsOnWhiteSite
23720,29,16
timeStep,numberOfRobotsOnBlackSite,numberOfRobotsOnWhiteSite
23721,29,16
timeStep,numberOfRobotsOnBlackSite,numberOfRobotsOnWhiteSite
23722,29,16
timeStep,numberOfRobotsOnBlackSite,numberOfRobotsOnWhiteSite
23723,29,16
timeStep,numberOfRobotsOnBlackSite,numberOfRobotsOnWhiteSite
23724,29,16
timeStep,numberOfRobotsOnBlackSite,numberOfRobotsOnWhiteSite
23725,29,16
timeStep,numberOfRobotsOnBlackSite,numberOfRobotsOnWhiteSite
23726,29,16
timeStep,numberOfRobotsOnBlackSite,numberOfRobotsOnWhiteSite
23727,29,16
timeStep,numberOfRobotsOnBlackSite,numberOfRobotsOnWhiteSite
23728,29,16
timeStep,numberOfRobotsOnBlackSite,numberOfRobotsOnWhiteSite
23729,29,16
timeStep,numberOfRobotsOnBlackSite,numberOfRobotsOnWhiteSite
23730,29,16
timeStep,numberOfRobotsOnBlackSite,numberOfRobotsOnWhiteSite
23731,29,16
timeStep,numberOfRobotsOnBlackSite,numberOfRobotsOnWhiteSite
23732,29,16
timeStep,numberOfRobotsOnBlackSite,numberOfRobotsOnWhiteSite
23733,29,16
timeStep,numberOfRobotsOnBlackSite,numberOfRobotsOnWhiteSite
23734,29,16
timeStep,numberOfRobotsOnBlackSite,numberOfRobotsOnWhiteSite
23735,30,15
timeStep,numberOfRobotsOnBlackSite,numberOfRobotsOnWhiteSite
23736,30,15
timeStep,numberOfRobotsOnBlackSite,numberOfRobotsOnWhiteSite
23737,30,15
timeStep,numberOfRobotsOnBlackSite,numberOfRobotsOnWhiteSite
23738,30,15
timeStep,numberOfRobotsOnBlackSite,numberOfRobotsOnWhiteSite
23739,30,15
timeStep,numberOfRobotsOnBlackSite,numberOfRobotsOnWhiteSite
23740,30,15
timeStep,numberOfRobotsOnBlackSite,numberOfRobotsOnWhiteSite
23741,30,15
timeStep,numberOfRobotsOnBlackSite,numberOfRobotsOnWhiteSite
23742,30,15
timeStep,numberOfRobotsOnBlackSite,numberOfRobotsOnWhiteSite
23743,30,15
timeStep,numberOfRobotsOnBlackSite,numberOfRobotsOnWhiteSite
23744,30,15
timeStep,numberOfRobotsOnBlackSite,numberOfRobotsOnWhiteSite
23745,30,15
timeStep,numberOfRobotsOnBlackSite,numberOfRobotsOnWhiteSite
23746,30,15
timeStep,numberOfRobotsOnBlackSite,numberOfRobotsOnWhiteSite
23747,30,15
timeStep,numberOfRobotsOnBlackSite,numberOfRobotsOnWhiteSite
23748,30,15
timeStep,numberOfRobotsOnBlackSite,numberOfRobotsOnWhiteSite
23749,30,15
timeStep,numberOfRobotsOnBlackSite,numberOfRobotsOnWhiteSite
23750,30,15
timeStep,numberOfRobotsOnBlackSite,numberOfRobotsOnWhiteSite
23751,30,15
timeStep,numberOfRobotsOnBlackSite,numberOfRobotsOnWhiteSite
23752,30,15
timeStep,numberOfRobotsOnBlackSite,numberOfRobotsOnWhiteSite
23753,30,15
timeStep,numberOfRobotsOnBlackSite,numberOfRobotsOnWhiteSite
23754,30,15
timeStep,numberOfRobotsOnBlackSite,numberOfRobotsOnWhiteSite
23755,30,15
timeStep,numberOfRobotsOnBlackSite,numberOfRobotsOnWhiteSite
23756,30,15
timeStep,numberOfRobotsOnBlackSite,numberOfRobotsOnWhiteSite
23757,30,15
timeStep,numberOfRobotsOnBlackSite,numberOfRobotsOnWhiteSite
23758,30,15
timeStep,numberOfRobotsOnBlackSite,numberOfRobotsOnWhiteSite
23759,30,15
timeStep,numberOfRobotsOnBlackSite,numberOfRobotsOnWhiteSite
23760,30,15
timeStep,numberOfRobotsOnBlackSite,numberOfRobotsOnWhiteSite
23761,30,15
timeStep,numberOfRobotsOnBlackSite,numberOfRobotsOnWhiteSite
23762,30,15
timeStep,numberOfRobotsOnBlackSite,numberOfRobotsOnWhiteSite
23763,30,15
timeStep,numberOfRobotsOnBlackSite,numberOfRobotsOnWhiteSite
23764,30,15
timeStep,numberOfRobotsOnBlackSite,numberOfRobotsOnWhiteSite
23765,30,15
timeStep,numberOfRobotsOnBlackSite,numberOfRobotsOnWhiteSite
23766,30,15
timeStep,numberOfRobotsOnBlackSite,numberOfRobotsOnWhiteSite
23767,30,15
timeStep,numberOfRobotsOnBlackSite,numberOfRobotsOnWhiteSite
23768,30,15
timeStep,numberOfRobotsOnBlackSite,numberOfRobotsOnWhiteSite
23769,30,15
timeStep,numberOfRobotsOnBlackSite,numberOfRobotsOnWhiteSite
23770,30,15
timeStep,numberOfRobotsOnBlackSite,numberOfRobotsOnWhiteSite
23771,30,15
timeStep,numberOfRobotsOnBlackSite,numberOfRobotsOnWhiteSite
23772,30,15
timeStep,numberOfRobotsOnBlackSite,numberOfRobotsOnWhiteSite
23773,30,15
timeStep,numberOfRobotsOnBlackSite,numberOfRobotsOnWhiteSite
23774,30,15
timeStep,numberOfRobotsOnBlackSite,numberOfRobotsOnWhiteSite
23775,30,15
timeStep,numberOfRobotsOnBlackSite,numberOfRobotsOnWhiteSite
23776,30,15
timeStep,numberOfRobotsOnBlackSite,numberOfRobotsOnWhiteSite
23777,30,15
timeStep,numberOfRobotsOnBlackSite,numberOfRobotsOnWhiteSite
23778,30,15
timeStep,numberOfRobotsOnBlackSite,numberOfRobotsOnWhiteSite
23779,30,15
timeStep,numberOfRobotsOnBlackSite,numberOfRobotsOnWhiteSite
23780,30,15
timeStep,numberOfRobotsOnBlackSite,numberOfRobotsOnWhiteSite
23781,30,15
timeStep,numberOfRobotsOnBlackSite,numberOfRobotsOnWhiteSite
23782,30,15
timeStep,numberOfRobotsOnBlackSite,numberOfRobotsOnWhiteSite
23783,30,15
timeStep,numberOfRobotsOnBlackSite,numberOfRobotsOnWhiteSite
23784,30,15
timeStep,numberOfRobotsOnBlackSite,numberOfRobotsOnWhiteSite
23785,30,15
timeStep,numberOfRobotsOnBlackSite,numberOfRobotsOnWhiteSite
23786,30,15
timeStep,numberOfRobotsOnBlackSite,numberOfRobotsOnWhiteSite
23787,30,15
timeStep,numberOfRobotsOnBlackSite,numberOfRobotsOnWhiteSite
23788,30,15
timeStep,numberOfRobotsOnBlackSite,numberOfRobotsOnWhiteSite
23789,30,15
timeStep,numberOfRobotsOnBlackSite,numberOfRobotsOnWhiteSite
23790,29,15
timeStep,numberOfRobotsOnBlackSite,numberOfRobotsOnWhiteSite
23791,29,15
timeStep,numberOfRobotsOnBlackSite,numberOfRobotsOnWhiteSite
23792,29,15
timeStep,numberOfRobotsOnBlackSite,numberOfRobotsOnWhiteSite
23793,29,15
timeStep,numberOfRobotsOnBlackSite,numberOfRobotsOnWhiteSite
23794,29,15
timeStep,numberOfRobotsOnBlackSite,numberOfRobotsOnWhiteSite
23795,29,15
timeStep,numberOfRobotsOnBlackSite,numberOfRobotsOnWhiteSite
23796,29,15
timeStep,numberOfRobotsOnBlackSite,numberOfRobotsOnWhiteSite
23797,29,15
timeStep,numberOfRobotsOnBlackSite,numberOfRobotsOnWhiteSite
23798,29,15
timeStep,numberOfRobotsOnBlackSite,numberOfRobotsOnWhiteSite
23799,29,15
timeStep,numberOfRobotsOnBlackSite,numberOfRobotsOnWhiteSite
23800,29,15
timeStep,numberOfRobotsOnBlackSite,numberOfRobotsOnWhiteSite
23801,29,15
timeStep,numberOfRobotsOnBlackSite,numberOfRobotsOnWhiteSite
23802,29,15
timeStep,numberOfRobotsOnBlackSite,numberOfRobotsOnWhiteSite
23803,29,15
timeStep,numberOfRobotsOnBlackSite,numberOfRobotsOnWhiteSite
23804,29,15
timeStep,numberOfRobotsOnBlackSite,numberOfRobotsOnWhiteSite
23805,29,15
timeStep,numberOfRobotsOnBlackSite,numberOfRobotsOnWhiteSite
23806,29,15
timeStep,numberOfRobotsOnBlackSite,numberOfRobotsOnWhiteSite
23807,29,15
timeStep,numberOfRobotsOnBlackSite,numberOfRobotsOnWhiteSite
23808,29,15
timeStep,numberOfRobotsOnBlackSite,numberOfRobotsOnWhiteSite
23809,29,15
timeStep,numberOfRobotsOnBlackSite,numberOfRobotsOnWhiteSite
23810,29,15
timeStep,numberOfRobotsOnBlackSite,numberOfRobotsOnWhiteSite
23811,29,15
timeStep,numberOfRobotsOnBlackSite,numberOfRobotsOnWhiteSite
23812,29,15
timeStep,numberOfRobotsOnBlackSite,numberOfRobotsOnWhiteSite
23813,29,15
timeStep,numberOfRobotsOnBlackSite,numberOfRobotsOnWhiteSite
23814,29,15
timeStep,numberOfRobotsOnBlackSite,numberOfRobotsOnWhiteSite
23815,29,15
timeStep,numberOfRobotsOnBlackSite,numberOfRobotsOnWhiteSite
23816,29,15
timeStep,numberOfRobotsOnBlackSite,numberOfRobotsOnWhiteSite
23817,29,15
timeStep,numberOfRobotsOnBlackSite,numberOfRobotsOnWhiteSite
23818,29,15
timeStep,numberOfRobotsOnBlackSite,numberOfRobotsOnWhiteSite
23819,29,15
timeStep,numberOfRobotsOnBlackSite,numberOfRobotsOnWhiteSite
23820,29,15
timeStep,numberOfRobotsOnBlackSite,numberOfRobotsOnWhiteSite
23821,29,15
timeStep,numberOfRobotsOnBlackSite,numberOfRobotsOnWhiteSite
23822,29,15
timeStep,numberOfRobotsOnBlackSite,numberOfRobotsOnWhiteSite
23823,29,15
timeStep,numberOfRobotsOnBlackSite,numberOfRobotsOnWhiteSite
23824,29,15
timeStep,numberOfRobotsOnBlackSite,numberOfRobotsOnWhiteSite
23825,29,15
timeStep,numberOfRobotsOnBlackSite,numberOfRobotsOnWhiteSite
23826,29,15
timeStep,numberOfRobotsOnBlackSite,numberOfRobotsOnWhiteSite
23827,29,15
timeStep,numberOfRobotsOnBlackSite,numberOfRobotsOnWhiteSite
23828,29,15
timeStep,numberOfRobotsOnBlackSite,numberOfRobotsOnWhiteSite
23829,29,15
timeStep,numberOfRobotsOnBlackSite,numberOfRobotsOnWhiteSite
23830,29,15
timeStep,numberOfRobotsOnBlackSite,numberOfRobotsOnWhiteSite
23831,29,15
timeStep,numberOfRobotsOnBlackSite,numberOfRobotsOnWhiteSite
23832,29,15
timeStep,numberOfRobotsOnBlackSite,numberOfRobotsOnWhiteSite
23833,29,15
timeStep,numberOfRobotsOnBlackSite,numberOfRobotsOnWhiteSite
23834,29,15
timeStep,numberOfRobotsOnBlackSite,numberOfRobotsOnWhiteSite
23835,29,15
timeStep,numberOfRobotsOnBlackSite,numberOfRobotsOnWhiteSite
23836,29,15
timeStep,numberOfRobotsOnBlackSite,numberOfRobotsOnWhiteSite
23837,29,15
timeStep,numberOfRobotsOnBlackSite,numberOfRobotsOnWhiteSite
23838,29,15
timeStep,numberOfRobotsOnBlackSite,numberOfRobotsOnWhiteSite
23839,29,15
timeStep,numberOfRobotsOnBlackSite,numberOfRobotsOnWhiteSite
23840,29,15
timeStep,numberOfRobotsOnBlackSite,numberOfRobotsOnWhiteSite
23841,29,15
timeStep,numberOfRobotsOnBlackSite,numberOfRobotsOnWhiteSite
23842,29,15
timeStep,numberOfRobotsOnBlackSite,numberOfRobotsOnWhiteSite
23843,29,15
timeStep,numberOfRobotsOnBlackSite,numberOfRobotsOnWhiteSite
23844,29,15
timeStep,numberOfRobotsOnBlackSite,numberOfRobotsOnWhiteSite
23845,29,15
timeStep,numberOfRobotsOnBlackSite,numberOfRobotsOnWhiteSite
23846,29,15
timeStep,numberOfRobotsOnBlackSite,numberOfRobotsOnWhiteSite
23847,29,15
timeStep,numberOfRobotsOnBlackSite,numberOfRobotsOnWhiteSite
23848,29,15
timeStep,numberOfRobotsOnBlackSite,numberOfRobotsOnWhiteSite
23849,29,15
timeStep,numberOfRobotsOnBlackSite,numberOfRobotsOnWhiteSite
23850,29,15
timeStep,numberOfRobotsOnBlackSite,numberOfRobotsOnWhiteSite
23851,29,15
timeStep,numberOfRobotsOnBlackSite,numberOfRobotsOnWhiteSite
23852,29,15
timeStep,numberOfRobotsOnBlackSite,numberOfRobotsOnWhiteSite
23853,29,15
timeStep,numberOfRobotsOnBlackSite,numberOfRobotsOnWhiteSite
23854,29,15
timeStep,numberOfRobotsOnBlackSite,numberOfRobotsOnWhiteSite
23855,29,15
timeStep,numberOfRobotsOnBlackSite,numberOfRobotsOnWhiteSite
23856,29,15
timeStep,numberOfRobotsOnBlackSite,numberOfRobotsOnWhiteSite
23857,29,15
timeStep,numberOfRobotsOnBlackSite,numberOfRobotsOnWhiteSite
23858,29,15
timeStep,numberOfRobotsOnBlackSite,numberOfRobotsOnWhiteSite
23859,29,15
timeStep,numberOfRobotsOnBlackSite,numberOfRobotsOnWhiteSite
23860,29,15
timeStep,numberOfRobotsOnBlackSite,numberOfRobotsOnWhiteSite
23861,29,15
timeStep,numberOfRobotsOnBlackSite,numberOfRobotsOnWhiteSite
23862,29,15
timeStep,numberOfRobotsOnBlackSite,numberOfRobotsOnWhiteSite
23863,29,15
timeStep,numberOfRobotsOnBlackSite,numberOfRobotsOnWhiteSite
23864,29,15
timeStep,numberOfRobotsOnBlackSite,numberOfRobotsOnWhiteSite
23865,29,15
timeStep,numberOfRobotsOnBlackSite,numberOfRobotsOnWhiteSite
23866,29,15
timeStep,numberOfRobotsOnBlackSite,numberOfRobotsOnWhiteSite
23867,29,15
timeStep,numberOfRobotsOnBlackSite,numberOfRobotsOnWhiteSite
23868,29,15
timeStep,numberOfRobotsOnBlackSite,numberOfRobotsOnWhiteSite
23869,29,15
timeStep,numberOfRobotsOnBlackSite,numberOfRobotsOnWhiteSite
23870,29,15
timeStep,numberOfRobotsOnBlackSite,numberOfRobotsOnWhiteSite
23871,29,15
timeStep,numberOfRobotsOnBlackSite,numberOfRobotsOnWhiteSite
23872,29,15
timeStep,numberOfRobotsOnBlackSite,numberOfRobotsOnWhiteSite
23873,29,15
timeStep,numberOfRobotsOnBlackSite,numberOfRobotsOnWhiteSite
23874,29,15
timeStep,numberOfRobotsOnBlackSite,numberOfRobotsOnWhiteSite
23875,29,15
timeStep,numberOfRobotsOnBlackSite,numberOfRobotsOnWhiteSite
23876,29,15
timeStep,numberOfRobotsOnBlackSite,numberOfRobotsOnWhiteSite
23877,29,15
timeStep,numberOfRobotsOnBlackSite,numberOfRobotsOnWhiteSite
23878,29,15
timeStep,numberOfRobotsOnBlackSite,numberOfRobotsOnWhiteSite
23879,29,15
timeStep,numberOfRobotsOnBlackSite,numberOfRobotsOnWhiteSite
23880,29,15
timeStep,numberOfRobotsOnBlackSite,numberOfRobotsOnWhiteSite
23881,29,15
timeStep,numberOfRobotsOnBlackSite,numberOfRobotsOnWhiteSite
23882,29,15
timeStep,numberOfRobotsOnBlackSite,numberOfRobotsOnWhiteSite
23883,29,15
timeStep,numberOfRobotsOnBlackSite,numberOfRobotsOnWhiteSite
23884,29,15
timeStep,numberOfRobotsOnBlackSite,numberOfRobotsOnWhiteSite
23885,29,15
timeStep,numberOfRobotsOnBlackSite,numberOfRobotsOnWhiteSite
23886,29,15
timeStep,numberOfRobotsOnBlackSite,numberOfRobotsOnWhiteSite
23887,29,15
timeStep,numberOfRobotsOnBlackSite,numberOfRobotsOnWhiteSite
23888,29,15
timeStep,numberOfRobotsOnBlackSite,numberOfRobotsOnWhiteSite
23889,29,15
timeStep,numberOfRobotsOnBlackSite,numberOfRobotsOnWhiteSite
23890,29,15
timeStep,numberOfRobotsOnBlackSite,numberOfRobotsOnWhiteSite
23891,29,15
timeStep,numberOfRobotsOnBlackSite,numberOfRobotsOnWhiteSite
23892,29,15
timeStep,numberOfRobotsOnBlackSite,numberOfRobotsOnWhiteSite
23893,29,15
timeStep,numberOfRobotsOnBlackSite,numberOfRobotsOnWhiteSite
23894,29,15
timeStep,numberOfRobotsOnBlackSite,numberOfRobotsOnWhiteSite
23895,29,15
timeStep,numberOfRobotsOnBlackSite,numberOfRobotsOnWhiteSite
23896,29,15
timeStep,numberOfRobotsOnBlackSite,numberOfRobotsOnWhiteSite
23897,29,15
timeStep,numberOfRobotsOnBlackSite,numberOfRobotsOnWhiteSite
23898,29,15
timeStep,numberOfRobotsOnBlackSite,numberOfRobotsOnWhiteSite
23899,29,15
timeStep,numberOfRobotsOnBlackSite,numberOfRobotsOnWhiteSite
23900,29,15
timeStep,numberOfRobotsOnBlackSite,numberOfRobotsOnWhiteSite
23901,29,15
timeStep,numberOfRobotsOnBlackSite,numberOfRobotsOnWhiteSite
23902,29,15
timeStep,numberOfRobotsOnBlackSite,numberOfRobotsOnWhiteSite
23903,29,15
timeStep,numberOfRobotsOnBlackSite,numberOfRobotsOnWhiteSite
23904,29,15
timeStep,numberOfRobotsOnBlackSite,numberOfRobotsOnWhiteSite
23905,29,15
timeStep,numberOfRobotsOnBlackSite,numberOfRobotsOnWhiteSite
23906,29,15
timeStep,numberOfRobotsOnBlackSite,numberOfRobotsOnWhiteSite
23907,29,15
timeStep,numberOfRobotsOnBlackSite,numberOfRobotsOnWhiteSite
23908,29,15
timeStep,numberOfRobotsOnBlackSite,numberOfRobotsOnWhiteSite
23909,29,15
timeStep,numberOfRobotsOnBlackSite,numberOfRobotsOnWhiteSite
23910,29,15
timeStep,numberOfRobotsOnBlackSite,numberOfRobotsOnWhiteSite
23911,29,15
timeStep,numberOfRobotsOnBlackSite,numberOfRobotsOnWhiteSite
23912,29,15
timeStep,numberOfRobotsOnBlackSite,numberOfRobotsOnWhiteSite
23913,29,15
timeStep,numberOfRobotsOnBlackSite,numberOfRobotsOnWhiteSite
23914,29,15
timeStep,numberOfRobotsOnBlackSite,numberOfRobotsOnWhiteSite
23915,29,14
timeStep,numberOfRobotsOnBlackSite,numberOfRobotsOnWhiteSite
23916,29,14
timeStep,numberOfRobotsOnBlackSite,numberOfRobotsOnWhiteSite
23917,29,14
timeStep,numberOfRobotsOnBlackSite,numberOfRobotsOnWhiteSite
23918,29,14
timeStep,numberOfRobotsOnBlackSite,numberOfRobotsOnWhiteSite
23919,29,14
timeStep,numberOfRobotsOnBlackSite,numberOfRobotsOnWhiteSite
23920,29,14
timeStep,numberOfRobotsOnBlackSite,numberOfRobotsOnWhiteSite
23921,29,14
timeStep,numberOfRobotsOnBlackSite,numberOfRobotsOnWhiteSite
23922,29,14
timeStep,numberOfRobotsOnBlackSite,numberOfRobotsOnWhiteSite
23923,29,14
timeStep,numberOfRobotsOnBlackSite,numberOfRobotsOnWhiteSite
23924,29,14
timeStep,numberOfRobotsOnBlackSite,numberOfRobotsOnWhiteSite
23925,29,14
timeStep,numberOfRobotsOnBlackSite,numberOfRobotsOnWhiteSite
23926,29,14
timeStep,numberOfRobotsOnBlackSite,numberOfRobotsOnWhiteSite
23927,29,14
timeStep,numberOfRobotsOnBlackSite,numberOfRobotsOnWhiteSite
23928,29,14
timeStep,numberOfRobotsOnBlackSite,numberOfRobotsOnWhiteSite
23929,29,14
timeStep,numberOfRobotsOnBlackSite,numberOfRobotsOnWhiteSite
23930,29,14
timeStep,numberOfRobotsOnBlackSite,numberOfRobotsOnWhiteSite
23931,29,14
timeStep,numberOfRobotsOnBlackSite,numberOfRobotsOnWhiteSite
23932,29,14
timeStep,numberOfRobotsOnBlackSite,numberOfRobotsOnWhiteSite
23933,29,14
timeStep,numberOfRobotsOnBlackSite,numberOfRobotsOnWhiteSite
23934,29,14
timeStep,numberOfRobotsOnBlackSite,numberOfRobotsOnWhiteSite
23935,29,14
timeStep,numberOfRobotsOnBlackSite,numberOfRobotsOnWhiteSite
23936,29,14
timeStep,numberOfRobotsOnBlackSite,numberOfRobotsOnWhiteSite
23937,29,14
timeStep,numberOfRobotsOnBlackSite,numberOfRobotsOnWhiteSite
23938,29,14
timeStep,numberOfRobotsOnBlackSite,numberOfRobotsOnWhiteSite
23939,29,14
timeStep,numberOfRobotsOnBlackSite,numberOfRobotsOnWhiteSite
23940,30,14
timeStep,numberOfRobotsOnBlackSite,numberOfRobotsOnWhiteSite
23941,30,14
timeStep,numberOfRobotsOnBlackSite,numberOfRobotsOnWhiteSite
23942,30,14
timeStep,numberOfRobotsOnBlackSite,numberOfRobotsOnWhiteSite
23943,30,14
timeStep,numberOfRobotsOnBlackSite,numberOfRobotsOnWhiteSite
23944,30,14
timeStep,numberOfRobotsOnBlackSite,numberOfRobotsOnWhiteSite
23945,30,14
timeStep,numberOfRobotsOnBlackSite,numberOfRobotsOnWhiteSite
23946,30,14
timeStep,numberOfRobotsOnBlackSite,numberOfRobotsOnWhiteSite
23947,30,14
timeStep,numberOfRobotsOnBlackSite,numberOfRobotsOnWhiteSite
23948,30,14
timeStep,numberOfRobotsOnBlackSite,numberOfRobotsOnWhiteSite
23949,30,14
timeStep,numberOfRobotsOnBlackSite,numberOfRobotsOnWhiteSite
23950,30,14
timeStep,numberOfRobotsOnBlackSite,numberOfRobotsOnWhiteSite
23951,30,14
timeStep,numberOfRobotsOnBlackSite,numberOfRobotsOnWhiteSite
23952,30,14
timeStep,numberOfRobotsOnBlackSite,numberOfRobotsOnWhiteSite
23953,30,14
timeStep,numberOfRobotsOnBlackSite,numberOfRobotsOnWhiteSite
23954,30,14
timeStep,numberOfRobotsOnBlackSite,numberOfRobotsOnWhiteSite
23955,30,14
timeStep,numberOfRobotsOnBlackSite,numberOfRobotsOnWhiteSite
23956,30,14
timeStep,numberOfRobotsOnBlackSite,numberOfRobotsOnWhiteSite
23957,30,14
timeStep,numberOfRobotsOnBlackSite,numberOfRobotsOnWhiteSite
23958,30,14
timeStep,numberOfRobotsOnBlackSite,numberOfRobotsOnWhiteSite
23959,30,14
timeStep,numberOfRobotsOnBlackSite,numberOfRobotsOnWhiteSite
23960,30,14
timeStep,numberOfRobotsOnBlackSite,numberOfRobotsOnWhiteSite
23961,30,14
timeStep,numberOfRobotsOnBlackSite,numberOfRobotsOnWhiteSite
23962,30,14
timeStep,numberOfRobotsOnBlackSite,numberOfRobotsOnWhiteSite
23963,30,14
timeStep,numberOfRobotsOnBlackSite,numberOfRobotsOnWhiteSite
23964,30,14
timeStep,numberOfRobotsOnBlackSite,numberOfRobotsOnWhiteSite
23965,31,14
timeStep,numberOfRobotsOnBlackSite,numberOfRobotsOnWhiteSite
23966,31,14
timeStep,numberOfRobotsOnBlackSite,numberOfRobotsOnWhiteSite
23967,31,14
timeStep,numberOfRobotsOnBlackSite,numberOfRobotsOnWhiteSite
23968,31,14
timeStep,numberOfRobotsOnBlackSite,numberOfRobotsOnWhiteSite
23969,31,14
timeStep,numberOfRobotsOnBlackSite,numberOfRobotsOnWhiteSite
23970,31,15
timeStep,numberOfRobotsOnBlackSite,numberOfRobotsOnWhiteSite
23971,31,15
timeStep,numberOfRobotsOnBlackSite,numberOfRobotsOnWhiteSite
23972,31,15
timeStep,numberOfRobotsOnBlackSite,numberOfRobotsOnWhiteSite
23973,31,15
timeStep,numberOfRobotsOnBlackSite,numberOfRobotsOnWhiteSite
23974,31,15
timeStep,numberOfRobotsOnBlackSite,numberOfRobotsOnWhiteSite
23975,31,15
timeStep,numberOfRobotsOnBlackSite,numberOfRobotsOnWhiteSite
23976,31,15
timeStep,numberOfRobotsOnBlackSite,numberOfRobotsOnWhiteSite
23977,31,15
timeStep,numberOfRobotsOnBlackSite,numberOfRobotsOnWhiteSite
23978,31,15
timeStep,numberOfRobotsOnBlackSite,numberOfRobotsOnWhiteSite
23979,31,15
timeStep,numberOfRobotsOnBlackSite,numberOfRobotsOnWhiteSite
23980,31,15
timeStep,numberOfRobotsOnBlackSite,numberOfRobotsOnWhiteSite
23981,31,15
timeStep,numberOfRobotsOnBlackSite,numberOfRobotsOnWhiteSite
23982,31,15
timeStep,numberOfRobotsOnBlackSite,numberOfRobotsOnWhiteSite
23983,31,15
timeStep,numberOfRobotsOnBlackSite,numberOfRobotsOnWhiteSite
23984,31,15
timeStep,numberOfRobotsOnBlackSite,numberOfRobotsOnWhiteSite
23985,31,15
timeStep,numberOfRobotsOnBlackSite,numberOfRobotsOnWhiteSite
23986,31,15
timeStep,numberOfRobotsOnBlackSite,numberOfRobotsOnWhiteSite
23987,31,15
timeStep,numberOfRobotsOnBlackSite,numberOfRobotsOnWhiteSite
23988,31,15
timeStep,numberOfRobotsOnBlackSite,numberOfRobotsOnWhiteSite
23989,31,15
timeStep,numberOfRobotsOnBlackSite,numberOfRobotsOnWhiteSite
23990,31,15
timeStep,numberOfRobotsOnBlackSite,numberOfRobotsOnWhiteSite
23991,31,15
timeStep,numberOfRobotsOnBlackSite,numberOfRobotsOnWhiteSite
23992,31,15
timeStep,numberOfRobotsOnBlackSite,numberOfRobotsOnWhiteSite
23993,31,15
timeStep,numberOfRobotsOnBlackSite,numberOfRobotsOnWhiteSite
23994,31,15
timeStep,numberOfRobotsOnBlackSite,numberOfRobotsOnWhiteSite
23995,31,15
timeStep,numberOfRobotsOnBlackSite,numberOfRobotsOnWhiteSite
23996,31,15
timeStep,numberOfRobotsOnBlackSite,numberOfRobotsOnWhiteSite
23997,31,15
timeStep,numberOfRobotsOnBlackSite,numberOfRobotsOnWhiteSite
23998,31,15
timeStep,numberOfRobotsOnBlackSite,numberOfRobotsOnWhiteSite
23999,31,15
timeStep,numberOfRobotsOnBlackSite,numberOfRobotsOnWhiteSite
24000,31,15
timeStep,numberOfRobotsOnBlackSite,numberOfRobotsOnWhiteSite
24001,31,15
timeStep,numberOfRobotsOnBlackSite,numberOfRobotsOnWhiteSite
24002,31,15
timeStep,numberOfRobotsOnBlackSite,numberOfRobotsOnWhiteSite
24003,31,15
timeStep,numberOfRobotsOnBlackSite,numberOfRobotsOnWhiteSite
24004,31,15
timeStep,numberOfRobotsOnBlackSite,numberOfRobotsOnWhiteSite
24005,31,15
timeStep,numberOfRobotsOnBlackSite,numberOfRobotsOnWhiteSite
24006,31,15
timeStep,numberOfRobotsOnBlackSite,numberOfRobotsOnWhiteSite
24007,31,15
timeStep,numberOfRobotsOnBlackSite,numberOfRobotsOnWhiteSite
24008,31,15
timeStep,numberOfRobotsOnBlackSite,numberOfRobotsOnWhiteSite
24009,31,15
timeStep,numberOfRobotsOnBlackSite,numberOfRobotsOnWhiteSite
24010,31,15
timeStep,numberOfRobotsOnBlackSite,numberOfRobotsOnWhiteSite
24011,31,15
timeStep,numberOfRobotsOnBlackSite,numberOfRobotsOnWhiteSite
24012,31,15
timeStep,numberOfRobotsOnBlackSite,numberOfRobotsOnWhiteSite
24013,31,15
timeStep,numberOfRobotsOnBlackSite,numberOfRobotsOnWhiteSite
24014,31,15
timeStep,numberOfRobotsOnBlackSite,numberOfRobotsOnWhiteSite
24015,31,15
timeStep,numberOfRobotsOnBlackSite,numberOfRobotsOnWhiteSite
24016,31,15
timeStep,numberOfRobotsOnBlackSite,numberOfRobotsOnWhiteSite
24017,31,15
timeStep,numberOfRobotsOnBlackSite,numberOfRobotsOnWhiteSite
24018,31,15
timeStep,numberOfRobotsOnBlackSite,numberOfRobotsOnWhiteSite
24019,31,15
timeStep,numberOfRobotsOnBlackSite,numberOfRobotsOnWhiteSite
24020,31,15
timeStep,numberOfRobotsOnBlackSite,numberOfRobotsOnWhiteSite
24021,31,15
timeStep,numberOfRobotsOnBlackSite,numberOfRobotsOnWhiteSite
24022,31,15
timeStep,numberOfRobotsOnBlackSite,numberOfRobotsOnWhiteSite
24023,31,15
timeStep,numberOfRobotsOnBlackSite,numberOfRobotsOnWhiteSite
24024,31,15
timeStep,numberOfRobotsOnBlackSite,numberOfRobotsOnWhiteSite
24025,31,15
timeStep,numberOfRobotsOnBlackSite,numberOfRobotsOnWhiteSite
24026,31,15
timeStep,numberOfRobotsOnBlackSite,numberOfRobotsOnWhiteSite
24027,31,15
timeStep,numberOfRobotsOnBlackSite,numberOfRobotsOnWhiteSite
24028,31,15
timeStep,numberOfRobotsOnBlackSite,numberOfRobotsOnWhiteSite
24029,31,15
timeStep,numberOfRobotsOnBlackSite,numberOfRobotsOnWhiteSite
24030,31,15
timeStep,numberOfRobotsOnBlackSite,numberOfRobotsOnWhiteSite
24031,31,15
timeStep,numberOfRobotsOnBlackSite,numberOfRobotsOnWhiteSite
24032,31,15
timeStep,numberOfRobotsOnBlackSite,numberOfRobotsOnWhiteSite
24033,31,15
timeStep,numberOfRobotsOnBlackSite,numberOfRobotsOnWhiteSite
24034,31,15
timeStep,numberOfRobotsOnBlackSite,numberOfRobotsOnWhiteSite
24035,31,15
timeStep,numberOfRobotsOnBlackSite,numberOfRobotsOnWhiteSite
24036,31,15
timeStep,numberOfRobotsOnBlackSite,numberOfRobotsOnWhiteSite
24037,31,15
timeStep,numberOfRobotsOnBlackSite,numberOfRobotsOnWhiteSite
24038,31,15
timeStep,numberOfRobotsOnBlackSite,numberOfRobotsOnWhiteSite
24039,31,15
timeStep,numberOfRobotsOnBlackSite,numberOfRobotsOnWhiteSite
24040,31,15
timeStep,numberOfRobotsOnBlackSite,numberOfRobotsOnWhiteSite
24041,31,15
timeStep,numberOfRobotsOnBlackSite,numberOfRobotsOnWhiteSite
24042,31,15
timeStep,numberOfRobotsOnBlackSite,numberOfRobotsOnWhiteSite
24043,31,15
timeStep,numberOfRobotsOnBlackSite,numberOfRobotsOnWhiteSite
24044,31,15
timeStep,numberOfRobotsOnBlackSite,numberOfRobotsOnWhiteSite
24045,31,15
timeStep,numberOfRobotsOnBlackSite,numberOfRobotsOnWhiteSite
24046,31,15
timeStep,numberOfRobotsOnBlackSite,numberOfRobotsOnWhiteSite
24047,31,15
timeStep,numberOfRobotsOnBlackSite,numberOfRobotsOnWhiteSite
24048,31,15
timeStep,numberOfRobotsOnBlackSite,numberOfRobotsOnWhiteSite
24049,31,15
timeStep,numberOfRobotsOnBlackSite,numberOfRobotsOnWhiteSite
24050,31,15
timeStep,numberOfRobotsOnBlackSite,numberOfRobotsOnWhiteSite
24051,31,15
timeStep,numberOfRobotsOnBlackSite,numberOfRobotsOnWhiteSite
24052,31,15
timeStep,numberOfRobotsOnBlackSite,numberOfRobotsOnWhiteSite
24053,31,15
timeStep,numberOfRobotsOnBlackSite,numberOfRobotsOnWhiteSite
24054,31,15
timeStep,numberOfRobotsOnBlackSite,numberOfRobotsOnWhiteSite
24055,31,15
timeStep,numberOfRobotsOnBlackSite,numberOfRobotsOnWhiteSite
24056,31,15
timeStep,numberOfRobotsOnBlackSite,numberOfRobotsOnWhiteSite
24057,31,15
timeStep,numberOfRobotsOnBlackSite,numberOfRobotsOnWhiteSite
24058,31,15
timeStep,numberOfRobotsOnBlackSite,numberOfRobotsOnWhiteSite
24059,31,15
timeStep,numberOfRobotsOnBlackSite,numberOfRobotsOnWhiteSite
24060,31,15
timeStep,numberOfRobotsOnBlackSite,numberOfRobotsOnWhiteSite
24061,31,15
timeStep,numberOfRobotsOnBlackSite,numberOfRobotsOnWhiteSite
24062,31,15
timeStep,numberOfRobotsOnBlackSite,numberOfRobotsOnWhiteSite
24063,31,15
timeStep,numberOfRobotsOnBlackSite,numberOfRobotsOnWhiteSite
24064,31,15
timeStep,numberOfRobotsOnBlackSite,numberOfRobotsOnWhiteSite
24065,31,15
timeStep,numberOfRobotsOnBlackSite,numberOfRobotsOnWhiteSite
24066,31,15
timeStep,numberOfRobotsOnBlackSite,numberOfRobotsOnWhiteSite
24067,31,15
timeStep,numberOfRobotsOnBlackSite,numberOfRobotsOnWhiteSite
24068,31,15
timeStep,numberOfRobotsOnBlackSite,numberOfRobotsOnWhiteSite
24069,31,15
timeStep,numberOfRobotsOnBlackSite,numberOfRobotsOnWhiteSite
24070,31,14
timeStep,numberOfRobotsOnBlackSite,numberOfRobotsOnWhiteSite
24071,31,14
timeStep,numberOfRobotsOnBlackSite,numberOfRobotsOnWhiteSite
24072,31,14
timeStep,numberOfRobotsOnBlackSite,numberOfRobotsOnWhiteSite
24073,31,14
timeStep,numberOfRobotsOnBlackSite,numberOfRobotsOnWhiteSite
24074,31,14
timeStep,numberOfRobotsOnBlackSite,numberOfRobotsOnWhiteSite
24075,31,14
timeStep,numberOfRobotsOnBlackSite,numberOfRobotsOnWhiteSite
24076,31,14
timeStep,numberOfRobotsOnBlackSite,numberOfRobotsOnWhiteSite
24077,31,14
timeStep,numberOfRobotsOnBlackSite,numberOfRobotsOnWhiteSite
24078,31,14
timeStep,numberOfRobotsOnBlackSite,numberOfRobotsOnWhiteSite
24079,31,14
timeStep,numberOfRobotsOnBlackSite,numberOfRobotsOnWhiteSite
24080,32,14
timeStep,numberOfRobotsOnBlackSite,numberOfRobotsOnWhiteSite
24081,32,14
timeStep,numberOfRobotsOnBlackSite,numberOfRobotsOnWhiteSite
24082,32,14
timeStep,numberOfRobotsOnBlackSite,numberOfRobotsOnWhiteSite
24083,32,14
timeStep,numberOfRobotsOnBlackSite,numberOfRobotsOnWhiteSite
24084,32,14
timeStep,numberOfRobotsOnBlackSite,numberOfRobotsOnWhiteSite
24085,32,14
timeStep,numberOfRobotsOnBlackSite,numberOfRobotsOnWhiteSite
24086,32,14
timeStep,numberOfRobotsOnBlackSite,numberOfRobotsOnWhiteSite
24087,32,14
timeStep,numberOfRobotsOnBlackSite,numberOfRobotsOnWhiteSite
24088,32,14
timeStep,numberOfRobotsOnBlackSite,numberOfRobotsOnWhiteSite
24089,32,14
timeStep,numberOfRobotsOnBlackSite,numberOfRobotsOnWhiteSite
24090,32,14
timeStep,numberOfRobotsOnBlackSite,numberOfRobotsOnWhiteSite
24091,32,14
timeStep,numberOfRobotsOnBlackSite,numberOfRobotsOnWhiteSite
24092,32,14
timeStep,numberOfRobotsOnBlackSite,numberOfRobotsOnWhiteSite
24093,32,14
timeStep,numberOfRobotsOnBlackSite,numberOfRobotsOnWhiteSite
24094,32,14
timeStep,numberOfRobotsOnBlackSite,numberOfRobotsOnWhiteSite
24095,32,14
timeStep,numberOfRobotsOnBlackSite,numberOfRobotsOnWhiteSite
24096,32,14
timeStep,numberOfRobotsOnBlackSite,numberOfRobotsOnWhiteSite
24097,32,14
timeStep,numberOfRobotsOnBlackSite,numberOfRobotsOnWhiteSite
24098,32,14
timeStep,numberOfRobotsOnBlackSite,numberOfRobotsOnWhiteSite
24099,32,14
timeStep,numberOfRobotsOnBlackSite,numberOfRobotsOnWhiteSite
24100,32,14
timeStep,numberOfRobotsOnBlackSite,numberOfRobotsOnWhiteSite
24101,32,14
timeStep,numberOfRobotsOnBlackSite,numberOfRobotsOnWhiteSite
24102,32,14
timeStep,numberOfRobotsOnBlackSite,numberOfRobotsOnWhiteSite
24103,32,14
timeStep,numberOfRobotsOnBlackSite,numberOfRobotsOnWhiteSite
24104,32,14
timeStep,numberOfRobotsOnBlackSite,numberOfRobotsOnWhiteSite
24105,32,14
timeStep,numberOfRobotsOnBlackSite,numberOfRobotsOnWhiteSite
24106,32,14
timeStep,numberOfRobotsOnBlackSite,numberOfRobotsOnWhiteSite
24107,32,14
timeStep,numberOfRobotsOnBlackSite,numberOfRobotsOnWhiteSite
24108,32,14
timeStep,numberOfRobotsOnBlackSite,numberOfRobotsOnWhiteSite
24109,32,14
timeStep,numberOfRobotsOnBlackSite,numberOfRobotsOnWhiteSite
24110,32,14
timeStep,numberOfRobotsOnBlackSite,numberOfRobotsOnWhiteSite
24111,32,14
timeStep,numberOfRobotsOnBlackSite,numberOfRobotsOnWhiteSite
24112,32,14
timeStep,numberOfRobotsOnBlackSite,numberOfRobotsOnWhiteSite
24113,32,14
timeStep,numberOfRobotsOnBlackSite,numberOfRobotsOnWhiteSite
24114,32,14
timeStep,numberOfRobotsOnBlackSite,numberOfRobotsOnWhiteSite
24115,32,14
timeStep,numberOfRobotsOnBlackSite,numberOfRobotsOnWhiteSite
24116,32,14
timeStep,numberOfRobotsOnBlackSite,numberOfRobotsOnWhiteSite
24117,32,14
timeStep,numberOfRobotsOnBlackSite,numberOfRobotsOnWhiteSite
24118,32,14
timeStep,numberOfRobotsOnBlackSite,numberOfRobotsOnWhiteSite
24119,32,14
timeStep,numberOfRobotsOnBlackSite,numberOfRobotsOnWhiteSite
24120,32,14
timeStep,numberOfRobotsOnBlackSite,numberOfRobotsOnWhiteSite
24121,32,14
timeStep,numberOfRobotsOnBlackSite,numberOfRobotsOnWhiteSite
24122,32,14
timeStep,numberOfRobotsOnBlackSite,numberOfRobotsOnWhiteSite
24123,32,14
timeStep,numberOfRobotsOnBlackSite,numberOfRobotsOnWhiteSite
24124,32,14
timeStep,numberOfRobotsOnBlackSite,numberOfRobotsOnWhiteSite
24125,32,14
timeStep,numberOfRobotsOnBlackSite,numberOfRobotsOnWhiteSite
24126,32,14
timeStep,numberOfRobotsOnBlackSite,numberOfRobotsOnWhiteSite
24127,32,14
timeStep,numberOfRobotsOnBlackSite,numberOfRobotsOnWhiteSite
24128,32,14
timeStep,numberOfRobotsOnBlackSite,numberOfRobotsOnWhiteSite
24129,32,14
timeStep,numberOfRobotsOnBlackSite,numberOfRobotsOnWhiteSite
24130,32,14
timeStep,numberOfRobotsOnBlackSite,numberOfRobotsOnWhiteSite
24131,32,14
timeStep,numberOfRobotsOnBlackSite,numberOfRobotsOnWhiteSite
24132,32,14
timeStep,numberOfRobotsOnBlackSite,numberOfRobotsOnWhiteSite
24133,32,14
timeStep,numberOfRobotsOnBlackSite,numberOfRobotsOnWhiteSite
24134,32,14
timeStep,numberOfRobotsOnBlackSite,numberOfRobotsOnWhiteSite
24135,32,14
timeStep,numberOfRobotsOnBlackSite,numberOfRobotsOnWhiteSite
24136,32,14
timeStep,numberOfRobotsOnBlackSite,numberOfRobotsOnWhiteSite
24137,32,14
timeStep,numberOfRobotsOnBlackSite,numberOfRobotsOnWhiteSite
24138,32,14
timeStep,numberOfRobotsOnBlackSite,numberOfRobotsOnWhiteSite
24139,32,14
timeStep,numberOfRobotsOnBlackSite,numberOfRobotsOnWhiteSite
24140,32,14
timeStep,numberOfRobotsOnBlackSite,numberOfRobotsOnWhiteSite
24141,32,14
timeStep,numberOfRobotsOnBlackSite,numberOfRobotsOnWhiteSite
24142,32,14
timeStep,numberOfRobotsOnBlackSite,numberOfRobotsOnWhiteSite
24143,32,14
timeStep,numberOfRobotsOnBlackSite,numberOfRobotsOnWhiteSite
24144,32,14
timeStep,numberOfRobotsOnBlackSite,numberOfRobotsOnWhiteSite
24145,32,15
timeStep,numberOfRobotsOnBlackSite,numberOfRobotsOnWhiteSite
24146,32,15
timeStep,numberOfRobotsOnBlackSite,numberOfRobotsOnWhiteSite
24147,32,15
timeStep,numberOfRobotsOnBlackSite,numberOfRobotsOnWhiteSite
24148,32,15
timeStep,numberOfRobotsOnBlackSite,numberOfRobotsOnWhiteSite
24149,32,15
timeStep,numberOfRobotsOnBlackSite,numberOfRobotsOnWhiteSite
24150,32,15
timeStep,numberOfRobotsOnBlackSite,numberOfRobotsOnWhiteSite
24151,32,15
timeStep,numberOfRobotsOnBlackSite,numberOfRobotsOnWhiteSite
24152,32,15
timeStep,numberOfRobotsOnBlackSite,numberOfRobotsOnWhiteSite
24153,32,15
timeStep,numberOfRobotsOnBlackSite,numberOfRobotsOnWhiteSite
24154,32,15
timeStep,numberOfRobotsOnBlackSite,numberOfRobotsOnWhiteSite
24155,32,15
timeStep,numberOfRobotsOnBlackSite,numberOfRobotsOnWhiteSite
24156,32,15
timeStep,numberOfRobotsOnBlackSite,numberOfRobotsOnWhiteSite
24157,32,15
timeStep,numberOfRobotsOnBlackSite,numberOfRobotsOnWhiteSite
24158,32,15
timeStep,numberOfRobotsOnBlackSite,numberOfRobotsOnWhiteSite
24159,32,15
timeStep,numberOfRobotsOnBlackSite,numberOfRobotsOnWhiteSite
24160,32,15
timeStep,numberOfRobotsOnBlackSite,numberOfRobotsOnWhiteSite
24161,32,15
timeStep,numberOfRobotsOnBlackSite,numberOfRobotsOnWhiteSite
24162,32,15
timeStep,numberOfRobotsOnBlackSite,numberOfRobotsOnWhiteSite
24163,32,15
timeStep,numberOfRobotsOnBlackSite,numberOfRobotsOnWhiteSite
24164,32,15
timeStep,numberOfRobotsOnBlackSite,numberOfRobotsOnWhiteSite
24165,32,15
timeStep,numberOfRobotsOnBlackSite,numberOfRobotsOnWhiteSite
24166,32,15
timeStep,numberOfRobotsOnBlackSite,numberOfRobotsOnWhiteSite
24167,32,15
timeStep,numberOfRobotsOnBlackSite,numberOfRobotsOnWhiteSite
24168,32,15
timeStep,numberOfRobotsOnBlackSite,numberOfRobotsOnWhiteSite
24169,32,15
timeStep,numberOfRobotsOnBlackSite,numberOfRobotsOnWhiteSite
24170,32,15
timeStep,numberOfRobotsOnBlackSite,numberOfRobotsOnWhiteSite
24171,32,15
timeStep,numberOfRobotsOnBlackSite,numberOfRobotsOnWhiteSite
24172,32,15
timeStep,numberOfRobotsOnBlackSite,numberOfRobotsOnWhiteSite
24173,32,15
timeStep,numberOfRobotsOnBlackSite,numberOfRobotsOnWhiteSite
24174,32,15
timeStep,numberOfRobotsOnBlackSite,numberOfRobotsOnWhiteSite
24175,32,15
timeStep,numberOfRobotsOnBlackSite,numberOfRobotsOnWhiteSite
24176,32,15
timeStep,numberOfRobotsOnBlackSite,numberOfRobotsOnWhiteSite
24177,32,15
timeStep,numberOfRobotsOnBlackSite,numberOfRobotsOnWhiteSite
24178,32,15
timeStep,numberOfRobotsOnBlackSite,numberOfRobotsOnWhiteSite
24179,32,15
timeStep,numberOfRobotsOnBlackSite,numberOfRobotsOnWhiteSite
24180,32,15
timeStep,numberOfRobotsOnBlackSite,numberOfRobotsOnWhiteSite
24181,32,15
timeStep,numberOfRobotsOnBlackSite,numberOfRobotsOnWhiteSite
24182,32,15
timeStep,numberOfRobotsOnBlackSite,numberOfRobotsOnWhiteSite
24183,32,15
timeStep,numberOfRobotsOnBlackSite,numberOfRobotsOnWhiteSite
24184,32,15
timeStep,numberOfRobotsOnBlackSite,numberOfRobotsOnWhiteSite
24185,32,15
timeStep,numberOfRobotsOnBlackSite,numberOfRobotsOnWhiteSite
24186,32,15
timeStep,numberOfRobotsOnBlackSite,numberOfRobotsOnWhiteSite
24187,32,15
timeStep,numberOfRobotsOnBlackSite,numberOfRobotsOnWhiteSite
24188,32,15
timeStep,numberOfRobotsOnBlackSite,numberOfRobotsOnWhiteSite
24189,32,15
timeStep,numberOfRobotsOnBlackSite,numberOfRobotsOnWhiteSite
24190,32,15
timeStep,numberOfRobotsOnBlackSite,numberOfRobotsOnWhiteSite
24191,32,15
timeStep,numberOfRobotsOnBlackSite,numberOfRobotsOnWhiteSite
24192,32,15
timeStep,numberOfRobotsOnBlackSite,numberOfRobotsOnWhiteSite
24193,32,15
timeStep,numberOfRobotsOnBlackSite,numberOfRobotsOnWhiteSite
24194,32,15
timeStep,numberOfRobotsOnBlackSite,numberOfRobotsOnWhiteSite
24195,32,15
timeStep,numberOfRobotsOnBlackSite,numberOfRobotsOnWhiteSite
24196,32,15
timeStep,numberOfRobotsOnBlackSite,numberOfRobotsOnWhiteSite
24197,32,15
timeStep,numberOfRobotsOnBlackSite,numberOfRobotsOnWhiteSite
24198,32,15
timeStep,numberOfRobotsOnBlackSite,numberOfRobotsOnWhiteSite
24199,32,15
timeStep,numberOfRobotsOnBlackSite,numberOfRobotsOnWhiteSite
24200,32,15
timeStep,numberOfRobotsOnBlackSite,numberOfRobotsOnWhiteSite
24201,32,15
timeStep,numberOfRobotsOnBlackSite,numberOfRobotsOnWhiteSite
24202,32,15
timeStep,numberOfRobotsOnBlackSite,numberOfRobotsOnWhiteSite
24203,32,15
timeStep,numberOfRobotsOnBlackSite,numberOfRobotsOnWhiteSite
24204,32,15
timeStep,numberOfRobotsOnBlackSite,numberOfRobotsOnWhiteSite
24205,32,15
timeStep,numberOfRobotsOnBlackSite,numberOfRobotsOnWhiteSite
24206,32,15
timeStep,numberOfRobotsOnBlackSite,numberOfRobotsOnWhiteSite
24207,32,15
timeStep,numberOfRobotsOnBlackSite,numberOfRobotsOnWhiteSite
24208,32,15
timeStep,numberOfRobotsOnBlackSite,numberOfRobotsOnWhiteSite
24209,32,15
timeStep,numberOfRobotsOnBlackSite,numberOfRobotsOnWhiteSite
24210,32,15
timeStep,numberOfRobotsOnBlackSite,numberOfRobotsOnWhiteSite
24211,32,15
timeStep,numberOfRobotsOnBlackSite,numberOfRobotsOnWhiteSite
24212,32,15
timeStep,numberOfRobotsOnBlackSite,numberOfRobotsOnWhiteSite
24213,32,15
timeStep,numberOfRobotsOnBlackSite,numberOfRobotsOnWhiteSite
24214,32,15
timeStep,numberOfRobotsOnBlackSite,numberOfRobotsOnWhiteSite
24215,32,15
timeStep,numberOfRobotsOnBlackSite,numberOfRobotsOnWhiteSite
24216,32,15
timeStep,numberOfRobotsOnBlackSite,numberOfRobotsOnWhiteSite
24217,32,15
timeStep,numberOfRobotsOnBlackSite,numberOfRobotsOnWhiteSite
24218,32,15
timeStep,numberOfRobotsOnBlackSite,numberOfRobotsOnWhiteSite
24219,32,15
timeStep,numberOfRobotsOnBlackSite,numberOfRobotsOnWhiteSite
24220,32,15
timeStep,numberOfRobotsOnBlackSite,numberOfRobotsOnWhiteSite
24221,32,15
timeStep,numberOfRobotsOnBlackSite,numberOfRobotsOnWhiteSite
24222,32,15
timeStep,numberOfRobotsOnBlackSite,numberOfRobotsOnWhiteSite
24223,32,15
timeStep,numberOfRobotsOnBlackSite,numberOfRobotsOnWhiteSite
24224,32,15
timeStep,numberOfRobotsOnBlackSite,numberOfRobotsOnWhiteSite
24225,32,15
timeStep,numberOfRobotsOnBlackSite,numberOfRobotsOnWhiteSite
24226,32,15
timeStep,numberOfRobotsOnBlackSite,numberOfRobotsOnWhiteSite
24227,32,15
timeStep,numberOfRobotsOnBlackSite,numberOfRobotsOnWhiteSite
24228,32,15
timeStep,numberOfRobotsOnBlackSite,numberOfRobotsOnWhiteSite
24229,32,15
timeStep,numberOfRobotsOnBlackSite,numberOfRobotsOnWhiteSite
24230,32,15
timeStep,numberOfRobotsOnBlackSite,numberOfRobotsOnWhiteSite
24231,32,15
timeStep,numberOfRobotsOnBlackSite,numberOfRobotsOnWhiteSite
24232,32,15
timeStep,numberOfRobotsOnBlackSite,numberOfRobotsOnWhiteSite
24233,32,15
timeStep,numberOfRobotsOnBlackSite,numberOfRobotsOnWhiteSite
24234,32,15
timeStep,numberOfRobotsOnBlackSite,numberOfRobotsOnWhiteSite
24235,32,15
timeStep,numberOfRobotsOnBlackSite,numberOfRobotsOnWhiteSite
24236,32,15
timeStep,numberOfRobotsOnBlackSite,numberOfRobotsOnWhiteSite
24237,32,15
timeStep,numberOfRobotsOnBlackSite,numberOfRobotsOnWhiteSite
24238,32,15
timeStep,numberOfRobotsOnBlackSite,numberOfRobotsOnWhiteSite
24239,32,15
timeStep,numberOfRobotsOnBlackSite,numberOfRobotsOnWhiteSite
24240,32,15
timeStep,numberOfRobotsOnBlackSite,numberOfRobotsOnWhiteSite
24241,32,15
timeStep,numberOfRobotsOnBlackSite,numberOfRobotsOnWhiteSite
24242,32,15
timeStep,numberOfRobotsOnBlackSite,numberOfRobotsOnWhiteSite
24243,32,15
timeStep,numberOfRobotsOnBlackSite,numberOfRobotsOnWhiteSite
24244,32,15
timeStep,numberOfRobotsOnBlackSite,numberOfRobotsOnWhiteSite
24245,32,15
timeStep,numberOfRobotsOnBlackSite,numberOfRobotsOnWhiteSite
24246,32,15
timeStep,numberOfRobotsOnBlackSite,numberOfRobotsOnWhiteSite
24247,32,15
timeStep,numberOfRobotsOnBlackSite,numberOfRobotsOnWhiteSite
24248,32,15
timeStep,numberOfRobotsOnBlackSite,numberOfRobotsOnWhiteSite
24249,32,15
timeStep,numberOfRobotsOnBlackSite,numberOfRobotsOnWhiteSite
24250,32,15
timeStep,numberOfRobotsOnBlackSite,numberOfRobotsOnWhiteSite
24251,32,15
timeStep,numberOfRobotsOnBlackSite,numberOfRobotsOnWhiteSite
24252,32,15
timeStep,numberOfRobotsOnBlackSite,numberOfRobotsOnWhiteSite
24253,32,15
timeStep,numberOfRobotsOnBlackSite,numberOfRobotsOnWhiteSite
24254,32,15
timeStep,numberOfRobotsOnBlackSite,numberOfRobotsOnWhiteSite
24255,32,15
timeStep,numberOfRobotsOnBlackSite,numberOfRobotsOnWhiteSite
24256,32,15
timeStep,numberOfRobotsOnBlackSite,numberOfRobotsOnWhiteSite
24257,32,15
timeStep,numberOfRobotsOnBlackSite,numberOfRobotsOnWhiteSite
24258,32,15
timeStep,numberOfRobotsOnBlackSite,numberOfRobotsOnWhiteSite
24259,32,15
timeStep,numberOfRobotsOnBlackSite,numberOfRobotsOnWhiteSite
24260,32,15
timeStep,numberOfRobotsOnBlackSite,numberOfRobotsOnWhiteSite
24261,32,15
timeStep,numberOfRobotsOnBlackSite,numberOfRobotsOnWhiteSite
24262,32,15
timeStep,numberOfRobotsOnBlackSite,numberOfRobotsOnWhiteSite
24263,32,15
timeStep,numberOfRobotsOnBlackSite,numberOfRobotsOnWhiteSite
24264,32,15
timeStep,numberOfRobotsOnBlackSite,numberOfRobotsOnWhiteSite
24265,32,15
timeStep,numberOfRobotsOnBlackSite,numberOfRobotsOnWhiteSite
24266,32,15
timeStep,numberOfRobotsOnBlackSite,numberOfRobotsOnWhiteSite
24267,32,15
timeStep,numberOfRobotsOnBlackSite,numberOfRobotsOnWhiteSite
24268,32,15
timeStep,numberOfRobotsOnBlackSite,numberOfRobotsOnWhiteSite
24269,32,15
timeStep,numberOfRobotsOnBlackSite,numberOfRobotsOnWhiteSite
24270,32,15
timeStep,numberOfRobotsOnBlackSite,numberOfRobotsOnWhiteSite
24271,32,15
timeStep,numberOfRobotsOnBlackSite,numberOfRobotsOnWhiteSite
24272,32,15
timeStep,numberOfRobotsOnBlackSite,numberOfRobotsOnWhiteSite
24273,32,15
timeStep,numberOfRobotsOnBlackSite,numberOfRobotsOnWhiteSite
24274,32,15
timeStep,numberOfRobotsOnBlackSite,numberOfRobotsOnWhiteSite
24275,32,15
timeStep,numberOfRobotsOnBlackSite,numberOfRobotsOnWhiteSite
24276,32,15
timeStep,numberOfRobotsOnBlackSite,numberOfRobotsOnWhiteSite
24277,32,15
timeStep,numberOfRobotsOnBlackSite,numberOfRobotsOnWhiteSite
24278,32,15
timeStep,numberOfRobotsOnBlackSite,numberOfRobotsOnWhiteSite
24279,32,15
timeStep,numberOfRobotsOnBlackSite,numberOfRobotsOnWhiteSite
24280,32,15
timeStep,numberOfRobotsOnBlackSite,numberOfRobotsOnWhiteSite
24281,32,15
timeStep,numberOfRobotsOnBlackSite,numberOfRobotsOnWhiteSite
24282,32,15
timeStep,numberOfRobotsOnBlackSite,numberOfRobotsOnWhiteSite
24283,32,15
timeStep,numberOfRobotsOnBlackSite,numberOfRobotsOnWhiteSite
24284,32,15
timeStep,numberOfRobotsOnBlackSite,numberOfRobotsOnWhiteSite
24285,32,15
timeStep,numberOfRobotsOnBlackSite,numberOfRobotsOnWhiteSite
24286,32,15
timeStep,numberOfRobotsOnBlackSite,numberOfRobotsOnWhiteSite
24287,32,15
timeStep,numberOfRobotsOnBlackSite,numberOfRobotsOnWhiteSite
24288,32,15
timeStep,numberOfRobotsOnBlackSite,numberOfRobotsOnWhiteSite
24289,32,15
timeStep,numberOfRobotsOnBlackSite,numberOfRobotsOnWhiteSite
24290,32,15
timeStep,numberOfRobotsOnBlackSite,numberOfRobotsOnWhiteSite
24291,32,15
timeStep,numberOfRobotsOnBlackSite,numberOfRobotsOnWhiteSite
24292,32,15
timeStep,numberOfRobotsOnBlackSite,numberOfRobotsOnWhiteSite
24293,32,15
timeStep,numberOfRobotsOnBlackSite,numberOfRobotsOnWhiteSite
24294,32,15
timeStep,numberOfRobotsOnBlackSite,numberOfRobotsOnWhiteSite
24295,32,15
timeStep,numberOfRobotsOnBlackSite,numberOfRobotsOnWhiteSite
24296,32,15
timeStep,numberOfRobotsOnBlackSite,numberOfRobotsOnWhiteSite
24297,32,15
timeStep,numberOfRobotsOnBlackSite,numberOfRobotsOnWhiteSite
24298,32,15
timeStep,numberOfRobotsOnBlackSite,numberOfRobotsOnWhiteSite
24299,32,15
timeStep,numberOfRobotsOnBlackSite,numberOfRobotsOnWhiteSite
24300,32,15
timeStep,numberOfRobotsOnBlackSite,numberOfRobotsOnWhiteSite
24301,32,15
timeStep,numberOfRobotsOnBlackSite,numberOfRobotsOnWhiteSite
24302,32,15
timeStep,numberOfRobotsOnBlackSite,numberOfRobotsOnWhiteSite
24303,32,15
timeStep,numberOfRobotsOnBlackSite,numberOfRobotsOnWhiteSite
24304,32,15
timeStep,numberOfRobotsOnBlackSite,numberOfRobotsOnWhiteSite
24305,32,15
timeStep,numberOfRobotsOnBlackSite,numberOfRobotsOnWhiteSite
24306,32,15
timeStep,numberOfRobotsOnBlackSite,numberOfRobotsOnWhiteSite
24307,32,15
timeStep,numberOfRobotsOnBlackSite,numberOfRobotsOnWhiteSite
24308,32,15
timeStep,numberOfRobotsOnBlackSite,numberOfRobotsOnWhiteSite
24309,32,15
timeStep,numberOfRobotsOnBlackSite,numberOfRobotsOnWhiteSite
24310,32,15
timeStep,numberOfRobotsOnBlackSite,numberOfRobotsOnWhiteSite
24311,32,15
timeStep,numberOfRobotsOnBlackSite,numberOfRobotsOnWhiteSite
24312,32,15
timeStep,numberOfRobotsOnBlackSite,numberOfRobotsOnWhiteSite
24313,32,15
timeStep,numberOfRobotsOnBlackSite,numberOfRobotsOnWhiteSite
24314,32,15
timeStep,numberOfRobotsOnBlackSite,numberOfRobotsOnWhiteSite
24315,32,15
timeStep,numberOfRobotsOnBlackSite,numberOfRobotsOnWhiteSite
24316,32,15
timeStep,numberOfRobotsOnBlackSite,numberOfRobotsOnWhiteSite
24317,32,15
timeStep,numberOfRobotsOnBlackSite,numberOfRobotsOnWhiteSite
24318,32,15
timeStep,numberOfRobotsOnBlackSite,numberOfRobotsOnWhiteSite
24319,32,15
timeStep,numberOfRobotsOnBlackSite,numberOfRobotsOnWhiteSite
24320,32,15
timeStep,numberOfRobotsOnBlackSite,numberOfRobotsOnWhiteSite
24321,32,15
timeStep,numberOfRobotsOnBlackSite,numberOfRobotsOnWhiteSite
24322,32,15
timeStep,numberOfRobotsOnBlackSite,numberOfRobotsOnWhiteSite
24323,32,15
timeStep,numberOfRobotsOnBlackSite,numberOfRobotsOnWhiteSite
24324,32,15
timeStep,numberOfRobotsOnBlackSite,numberOfRobotsOnWhiteSite
24325,32,15
timeStep,numberOfRobotsOnBlackSite,numberOfRobotsOnWhiteSite
24326,32,15
timeStep,numberOfRobotsOnBlackSite,numberOfRobotsOnWhiteSite
24327,32,15
timeStep,numberOfRobotsOnBlackSite,numberOfRobotsOnWhiteSite
24328,32,15
timeStep,numberOfRobotsOnBlackSite,numberOfRobotsOnWhiteSite
24329,32,15
timeStep,numberOfRobotsOnBlackSite,numberOfRobotsOnWhiteSite
24330,32,15
timeStep,numberOfRobotsOnBlackSite,numberOfRobotsOnWhiteSite
24331,32,15
timeStep,numberOfRobotsOnBlackSite,numberOfRobotsOnWhiteSite
24332,32,15
timeStep,numberOfRobotsOnBlackSite,numberOfRobotsOnWhiteSite
24333,32,15
timeStep,numberOfRobotsOnBlackSite,numberOfRobotsOnWhiteSite
24334,32,15
timeStep,numberOfRobotsOnBlackSite,numberOfRobotsOnWhiteSite
24335,32,15
timeStep,numberOfRobotsOnBlackSite,numberOfRobotsOnWhiteSite
24336,32,15
timeStep,numberOfRobotsOnBlackSite,numberOfRobotsOnWhiteSite
24337,32,15
timeStep,numberOfRobotsOnBlackSite,numberOfRobotsOnWhiteSite
24338,32,15
timeStep,numberOfRobotsOnBlackSite,numberOfRobotsOnWhiteSite
24339,32,15
timeStep,numberOfRobotsOnBlackSite,numberOfRobotsOnWhiteSite
24340,32,15
timeStep,numberOfRobotsOnBlackSite,numberOfRobotsOnWhiteSite
24341,32,15
timeStep,numberOfRobotsOnBlackSite,numberOfRobotsOnWhiteSite
24342,32,15
timeStep,numberOfRobotsOnBlackSite,numberOfRobotsOnWhiteSite
24343,32,15
timeStep,numberOfRobotsOnBlackSite,numberOfRobotsOnWhiteSite
24344,32,15
timeStep,numberOfRobotsOnBlackSite,numberOfRobotsOnWhiteSite
24345,32,15
timeStep,numberOfRobotsOnBlackSite,numberOfRobotsOnWhiteSite
24346,32,15
timeStep,numberOfRobotsOnBlackSite,numberOfRobotsOnWhiteSite
24347,32,15
timeStep,numberOfRobotsOnBlackSite,numberOfRobotsOnWhiteSite
24348,32,15
timeStep,numberOfRobotsOnBlackSite,numberOfRobotsOnWhiteSite
24349,32,15
timeStep,numberOfRobotsOnBlackSite,numberOfRobotsOnWhiteSite
24350,32,15
timeStep,numberOfRobotsOnBlackSite,numberOfRobotsOnWhiteSite
24351,32,15
timeStep,numberOfRobotsOnBlackSite,numberOfRobotsOnWhiteSite
24352,32,15
timeStep,numberOfRobotsOnBlackSite,numberOfRobotsOnWhiteSite
24353,32,15
timeStep,numberOfRobotsOnBlackSite,numberOfRobotsOnWhiteSite
24354,32,15
timeStep,numberOfRobotsOnBlackSite,numberOfRobotsOnWhiteSite
24355,32,15
timeStep,numberOfRobotsOnBlackSite,numberOfRobotsOnWhiteSite
24356,32,15
timeStep,numberOfRobotsOnBlackSite,numberOfRobotsOnWhiteSite
24357,32,15
timeStep,numberOfRobotsOnBlackSite,numberOfRobotsOnWhiteSite
24358,32,15
timeStep,numberOfRobotsOnBlackSite,numberOfRobotsOnWhiteSite
24359,32,15
timeStep,numberOfRobotsOnBlackSite,numberOfRobotsOnWhiteSite
24360,32,15
timeStep,numberOfRobotsOnBlackSite,numberOfRobotsOnWhiteSite
24361,32,15
timeStep,numberOfRobotsOnBlackSite,numberOfRobotsOnWhiteSite
24362,32,15
timeStep,numberOfRobotsOnBlackSite,numberOfRobotsOnWhiteSite
24363,32,15
timeStep,numberOfRobotsOnBlackSite,numberOfRobotsOnWhiteSite
24364,32,15
timeStep,numberOfRobotsOnBlackSite,numberOfRobotsOnWhiteSite
24365,32,15
timeStep,numberOfRobotsOnBlackSite,numberOfRobotsOnWhiteSite
24366,32,15
timeStep,numberOfRobotsOnBlackSite,numberOfRobotsOnWhiteSite
24367,32,15
timeStep,numberOfRobotsOnBlackSite,numberOfRobotsOnWhiteSite
24368,32,15
timeStep,numberOfRobotsOnBlackSite,numberOfRobotsOnWhiteSite
24369,32,15
timeStep,numberOfRobotsOnBlackSite,numberOfRobotsOnWhiteSite
24370,32,15
timeStep,numberOfRobotsOnBlackSite,numberOfRobotsOnWhiteSite
24371,32,15
timeStep,numberOfRobotsOnBlackSite,numberOfRobotsOnWhiteSite
24372,32,15
timeStep,numberOfRobotsOnBlackSite,numberOfRobotsOnWhiteSite
24373,32,15
timeStep,numberOfRobotsOnBlackSite,numberOfRobotsOnWhiteSite
24374,32,15
timeStep,numberOfRobotsOnBlackSite,numberOfRobotsOnWhiteSite
24375,32,15
timeStep,numberOfRobotsOnBlackSite,numberOfRobotsOnWhiteSite
24376,32,15
timeStep,numberOfRobotsOnBlackSite,numberOfRobotsOnWhiteSite
24377,32,15
timeStep,numberOfRobotsOnBlackSite,numberOfRobotsOnWhiteSite
24378,32,15
timeStep,numberOfRobotsOnBlackSite,numberOfRobotsOnWhiteSite
24379,32,15
timeStep,numberOfRobotsOnBlackSite,numberOfRobotsOnWhiteSite
24380,32,15
timeStep,numberOfRobotsOnBlackSite,numberOfRobotsOnWhiteSite
24381,32,15
timeStep,numberOfRobotsOnBlackSite,numberOfRobotsOnWhiteSite
24382,32,15
timeStep,numberOfRobotsOnBlackSite,numberOfRobotsOnWhiteSite
24383,32,15
timeStep,numberOfRobotsOnBlackSite,numberOfRobotsOnWhiteSite
24384,32,15
timeStep,numberOfRobotsOnBlackSite,numberOfRobotsOnWhiteSite
24385,32,15
timeStep,numberOfRobotsOnBlackSite,numberOfRobotsOnWhiteSite
24386,32,15
timeStep,numberOfRobotsOnBlackSite,numberOfRobotsOnWhiteSite
24387,32,15
timeStep,numberOfRobotsOnBlackSite,numberOfRobotsOnWhiteSite
24388,32,15
timeStep,numberOfRobotsOnBlackSite,numberOfRobotsOnWhiteSite
24389,32,15
timeStep,numberOfRobotsOnBlackSite,numberOfRobotsOnWhiteSite
24390,32,15
timeStep,numberOfRobotsOnBlackSite,numberOfRobotsOnWhiteSite
24391,32,15
timeStep,numberOfRobotsOnBlackSite,numberOfRobotsOnWhiteSite
24392,32,15
timeStep,numberOfRobotsOnBlackSite,numberOfRobotsOnWhiteSite
24393,32,15
timeStep,numberOfRobotsOnBlackSite,numberOfRobotsOnWhiteSite
24394,32,15
timeStep,numberOfRobotsOnBlackSite,numberOfRobotsOnWhiteSite
24395,32,15
timeStep,numberOfRobotsOnBlackSite,numberOfRobotsOnWhiteSite
24396,32,15
timeStep,numberOfRobotsOnBlackSite,numberOfRobotsOnWhiteSite
24397,32,15
timeStep,numberOfRobotsOnBlackSite,numberOfRobotsOnWhiteSite
24398,32,15
timeStep,numberOfRobotsOnBlackSite,numberOfRobotsOnWhiteSite
24399,32,15
timeStep,numberOfRobotsOnBlackSite,numberOfRobotsOnWhiteSite
24400,32,15
timeStep,numberOfRobotsOnBlackSite,numberOfRobotsOnWhiteSite
24401,32,15
timeStep,numberOfRobotsOnBlackSite,numberOfRobotsOnWhiteSite
24402,32,15
timeStep,numberOfRobotsOnBlackSite,numberOfRobotsOnWhiteSite
24403,32,15
timeStep,numberOfRobotsOnBlackSite,numberOfRobotsOnWhiteSite
24404,32,15
timeStep,numberOfRobotsOnBlackSite,numberOfRobotsOnWhiteSite
24405,31,15
timeStep,numberOfRobotsOnBlackSite,numberOfRobotsOnWhiteSite
24406,31,15
timeStep,numberOfRobotsOnBlackSite,numberOfRobotsOnWhiteSite
24407,31,15
timeStep,numberOfRobotsOnBlackSite,numberOfRobotsOnWhiteSite
24408,31,15
timeStep,numberOfRobotsOnBlackSite,numberOfRobotsOnWhiteSite
24409,31,15
timeStep,numberOfRobotsOnBlackSite,numberOfRobotsOnWhiteSite
24410,31,14
timeStep,numberOfRobotsOnBlackSite,numberOfRobotsOnWhiteSite
24411,31,14
timeStep,numberOfRobotsOnBlackSite,numberOfRobotsOnWhiteSite
24412,31,14
timeStep,numberOfRobotsOnBlackSite,numberOfRobotsOnWhiteSite
24413,31,14
timeStep,numberOfRobotsOnBlackSite,numberOfRobotsOnWhiteSite
24414,31,14
timeStep,numberOfRobotsOnBlackSite,numberOfRobotsOnWhiteSite
24415,31,14
timeStep,numberOfRobotsOnBlackSite,numberOfRobotsOnWhiteSite
24416,31,14
timeStep,numberOfRobotsOnBlackSite,numberOfRobotsOnWhiteSite
24417,31,14
timeStep,numberOfRobotsOnBlackSite,numberOfRobotsOnWhiteSite
24418,31,14
timeStep,numberOfRobotsOnBlackSite,numberOfRobotsOnWhiteSite
24419,31,14
timeStep,numberOfRobotsOnBlackSite,numberOfRobotsOnWhiteSite
24420,31,14
timeStep,numberOfRobotsOnBlackSite,numberOfRobotsOnWhiteSite
24421,31,14
timeStep,numberOfRobotsOnBlackSite,numberOfRobotsOnWhiteSite
24422,31,14
timeStep,numberOfRobotsOnBlackSite,numberOfRobotsOnWhiteSite
24423,31,14
timeStep,numberOfRobotsOnBlackSite,numberOfRobotsOnWhiteSite
24424,31,14
timeStep,numberOfRobotsOnBlackSite,numberOfRobotsOnWhiteSite
24425,31,14
timeStep,numberOfRobotsOnBlackSite,numberOfRobotsOnWhiteSite
24426,31,14
timeStep,numberOfRobotsOnBlackSite,numberOfRobotsOnWhiteSite
24427,31,14
timeStep,numberOfRobotsOnBlackSite,numberOfRobotsOnWhiteSite
24428,31,14
timeStep,numberOfRobotsOnBlackSite,numberOfRobotsOnWhiteSite
24429,31,14
timeStep,numberOfRobotsOnBlackSite,numberOfRobotsOnWhiteSite
24430,31,14
timeStep,numberOfRobotsOnBlackSite,numberOfRobotsOnWhiteSite
24431,31,14
timeStep,numberOfRobotsOnBlackSite,numberOfRobotsOnWhiteSite
24432,31,14
timeStep,numberOfRobotsOnBlackSite,numberOfRobotsOnWhiteSite
24433,31,14
timeStep,numberOfRobotsOnBlackSite,numberOfRobotsOnWhiteSite
24434,31,14
timeStep,numberOfRobotsOnBlackSite,numberOfRobotsOnWhiteSite
24435,31,14
timeStep,numberOfRobotsOnBlackSite,numberOfRobotsOnWhiteSite
24436,31,14
timeStep,numberOfRobotsOnBlackSite,numberOfRobotsOnWhiteSite
24437,31,14
timeStep,numberOfRobotsOnBlackSite,numberOfRobotsOnWhiteSite
24438,31,14
timeStep,numberOfRobotsOnBlackSite,numberOfRobotsOnWhiteSite
24439,31,14
timeStep,numberOfRobotsOnBlackSite,numberOfRobotsOnWhiteSite
24440,32,14
timeStep,numberOfRobotsOnBlackSite,numberOfRobotsOnWhiteSite
24441,32,14
timeStep,numberOfRobotsOnBlackSite,numberOfRobotsOnWhiteSite
24442,32,14
timeStep,numberOfRobotsOnBlackSite,numberOfRobotsOnWhiteSite
24443,32,14
timeStep,numberOfRobotsOnBlackSite,numberOfRobotsOnWhiteSite
24444,32,14
timeStep,numberOfRobotsOnBlackSite,numberOfRobotsOnWhiteSite
24445,32,14
timeStep,numberOfRobotsOnBlackSite,numberOfRobotsOnWhiteSite
24446,32,14
timeStep,numberOfRobotsOnBlackSite,numberOfRobotsOnWhiteSite
24447,32,14
timeStep,numberOfRobotsOnBlackSite,numberOfRobotsOnWhiteSite
24448,32,14
timeStep,numberOfRobotsOnBlackSite,numberOfRobotsOnWhiteSite
24449,32,14
timeStep,numberOfRobotsOnBlackSite,numberOfRobotsOnWhiteSite
24450,32,14
timeStep,numberOfRobotsOnBlackSite,numberOfRobotsOnWhiteSite
24451,32,14
timeStep,numberOfRobotsOnBlackSite,numberOfRobotsOnWhiteSite
24452,32,14
timeStep,numberOfRobotsOnBlackSite,numberOfRobotsOnWhiteSite
24453,32,14
timeStep,numberOfRobotsOnBlackSite,numberOfRobotsOnWhiteSite
24454,32,14
timeStep,numberOfRobotsOnBlackSite,numberOfRobotsOnWhiteSite
24455,32,14
timeStep,numberOfRobotsOnBlackSite,numberOfRobotsOnWhiteSite
24456,32,14
timeStep,numberOfRobotsOnBlackSite,numberOfRobotsOnWhiteSite
24457,32,14
timeStep,numberOfRobotsOnBlackSite,numberOfRobotsOnWhiteSite
24458,32,14
timeStep,numberOfRobotsOnBlackSite,numberOfRobotsOnWhiteSite
24459,32,14
timeStep,numberOfRobotsOnBlackSite,numberOfRobotsOnWhiteSite
24460,32,14
timeStep,numberOfRobotsOnBlackSite,numberOfRobotsOnWhiteSite
24461,32,14
timeStep,numberOfRobotsOnBlackSite,numberOfRobotsOnWhiteSite
24462,32,14
timeStep,numberOfRobotsOnBlackSite,numberOfRobotsOnWhiteSite
24463,32,14
timeStep,numberOfRobotsOnBlackSite,numberOfRobotsOnWhiteSite
24464,32,14
timeStep,numberOfRobotsOnBlackSite,numberOfRobotsOnWhiteSite
24465,32,14
timeStep,numberOfRobotsOnBlackSite,numberOfRobotsOnWhiteSite
24466,32,14
timeStep,numberOfRobotsOnBlackSite,numberOfRobotsOnWhiteSite
24467,32,14
timeStep,numberOfRobotsOnBlackSite,numberOfRobotsOnWhiteSite
24468,32,14
timeStep,numberOfRobotsOnBlackSite,numberOfRobotsOnWhiteSite
24469,32,14
timeStep,numberOfRobotsOnBlackSite,numberOfRobotsOnWhiteSite
24470,32,14
timeStep,numberOfRobotsOnBlackSite,numberOfRobotsOnWhiteSite
24471,32,14
timeStep,numberOfRobotsOnBlackSite,numberOfRobotsOnWhiteSite
24472,32,14
timeStep,numberOfRobotsOnBlackSite,numberOfRobotsOnWhiteSite
24473,32,14
timeStep,numberOfRobotsOnBlackSite,numberOfRobotsOnWhiteSite
24474,32,14
timeStep,numberOfRobotsOnBlackSite,numberOfRobotsOnWhiteSite
24475,32,14
timeStep,numberOfRobotsOnBlackSite,numberOfRobotsOnWhiteSite
24476,32,14
timeStep,numberOfRobotsOnBlackSite,numberOfRobotsOnWhiteSite
24477,32,14
timeStep,numberOfRobotsOnBlackSite,numberOfRobotsOnWhiteSite
24478,32,14
timeStep,numberOfRobotsOnBlackSite,numberOfRobotsOnWhiteSite
24479,32,14
timeStep,numberOfRobotsOnBlackSite,numberOfRobotsOnWhiteSite
24480,32,14
timeStep,numberOfRobotsOnBlackSite,numberOfRobotsOnWhiteSite
24481,32,14
timeStep,numberOfRobotsOnBlackSite,numberOfRobotsOnWhiteSite
24482,32,14
timeStep,numberOfRobotsOnBlackSite,numberOfRobotsOnWhiteSite
24483,32,14
timeStep,numberOfRobotsOnBlackSite,numberOfRobotsOnWhiteSite
24484,32,14
timeStep,numberOfRobotsOnBlackSite,numberOfRobotsOnWhiteSite
24485,32,15
timeStep,numberOfRobotsOnBlackSite,numberOfRobotsOnWhiteSite
24486,32,15
timeStep,numberOfRobotsOnBlackSite,numberOfRobotsOnWhiteSite
24487,32,15
timeStep,numberOfRobotsOnBlackSite,numberOfRobotsOnWhiteSite
24488,32,15
timeStep,numberOfRobotsOnBlackSite,numberOfRobotsOnWhiteSite
24489,32,15
timeStep,numberOfRobotsOnBlackSite,numberOfRobotsOnWhiteSite
24490,32,15
timeStep,numberOfRobotsOnBlackSite,numberOfRobotsOnWhiteSite
24491,32,15
timeStep,numberOfRobotsOnBlackSite,numberOfRobotsOnWhiteSite
24492,32,15
timeStep,numberOfRobotsOnBlackSite,numberOfRobotsOnWhiteSite
24493,32,15
timeStep,numberOfRobotsOnBlackSite,numberOfRobotsOnWhiteSite
24494,32,15
timeStep,numberOfRobotsOnBlackSite,numberOfRobotsOnWhiteSite
24495,32,15
timeStep,numberOfRobotsOnBlackSite,numberOfRobotsOnWhiteSite
24496,32,15
timeStep,numberOfRobotsOnBlackSite,numberOfRobotsOnWhiteSite
24497,32,15
timeStep,numberOfRobotsOnBlackSite,numberOfRobotsOnWhiteSite
24498,32,15
timeStep,numberOfRobotsOnBlackSite,numberOfRobotsOnWhiteSite
24499,32,15
timeStep,numberOfRobotsOnBlackSite,numberOfRobotsOnWhiteSite
24500,32,15
timeStep,numberOfRobotsOnBlackSite,numberOfRobotsOnWhiteSite
24501,32,15
timeStep,numberOfRobotsOnBlackSite,numberOfRobotsOnWhiteSite
24502,32,15
timeStep,numberOfRobotsOnBlackSite,numberOfRobotsOnWhiteSite
24503,32,15
timeStep,numberOfRobotsOnBlackSite,numberOfRobotsOnWhiteSite
24504,32,15
timeStep,numberOfRobotsOnBlackSite,numberOfRobotsOnWhiteSite
24505,32,15
timeStep,numberOfRobotsOnBlackSite,numberOfRobotsOnWhiteSite
24506,32,15
timeStep,numberOfRobotsOnBlackSite,numberOfRobotsOnWhiteSite
24507,32,15
timeStep,numberOfRobotsOnBlackSite,numberOfRobotsOnWhiteSite
24508,32,15
timeStep,numberOfRobotsOnBlackSite,numberOfRobotsOnWhiteSite
24509,32,15
timeStep,numberOfRobotsOnBlackSite,numberOfRobotsOnWhiteSite
24510,32,15
timeStep,numberOfRobotsOnBlackSite,numberOfRobotsOnWhiteSite
24511,32,15
timeStep,numberOfRobotsOnBlackSite,numberOfRobotsOnWhiteSite
24512,32,15
timeStep,numberOfRobotsOnBlackSite,numberOfRobotsOnWhiteSite
24513,32,15
timeStep,numberOfRobotsOnBlackSite,numberOfRobotsOnWhiteSite
24514,32,15
timeStep,numberOfRobotsOnBlackSite,numberOfRobotsOnWhiteSite
24515,32,15
timeStep,numberOfRobotsOnBlackSite,numberOfRobotsOnWhiteSite
24516,32,15
timeStep,numberOfRobotsOnBlackSite,numberOfRobotsOnWhiteSite
24517,32,15
timeStep,numberOfRobotsOnBlackSite,numberOfRobotsOnWhiteSite
24518,32,15
timeStep,numberOfRobotsOnBlackSite,numberOfRobotsOnWhiteSite
24519,32,15
timeStep,numberOfRobotsOnBlackSite,numberOfRobotsOnWhiteSite
24520,32,15
timeStep,numberOfRobotsOnBlackSite,numberOfRobotsOnWhiteSite
24521,32,15
timeStep,numberOfRobotsOnBlackSite,numberOfRobotsOnWhiteSite
24522,32,15
timeStep,numberOfRobotsOnBlackSite,numberOfRobotsOnWhiteSite
24523,32,15
timeStep,numberOfRobotsOnBlackSite,numberOfRobotsOnWhiteSite
24524,32,15
timeStep,numberOfRobotsOnBlackSite,numberOfRobotsOnWhiteSite
24525,32,15
timeStep,numberOfRobotsOnBlackSite,numberOfRobotsOnWhiteSite
24526,32,15
timeStep,numberOfRobotsOnBlackSite,numberOfRobotsOnWhiteSite
24527,32,15
timeStep,numberOfRobotsOnBlackSite,numberOfRobotsOnWhiteSite
24528,32,15
timeStep,numberOfRobotsOnBlackSite,numberOfRobotsOnWhiteSite
24529,32,15
timeStep,numberOfRobotsOnBlackSite,numberOfRobotsOnWhiteSite
24530,32,15
timeStep,numberOfRobotsOnBlackSite,numberOfRobotsOnWhiteSite
24531,32,15
timeStep,numberOfRobotsOnBlackSite,numberOfRobotsOnWhiteSite
24532,32,15
timeStep,numberOfRobotsOnBlackSite,numberOfRobotsOnWhiteSite
24533,32,15
timeStep,numberOfRobotsOnBlackSite,numberOfRobotsOnWhiteSite
24534,32,15
timeStep,numberOfRobotsOnBlackSite,numberOfRobotsOnWhiteSite
24535,32,15
timeStep,numberOfRobotsOnBlackSite,numberOfRobotsOnWhiteSite
24536,32,15
timeStep,numberOfRobotsOnBlackSite,numberOfRobotsOnWhiteSite
24537,32,15
timeStep,numberOfRobotsOnBlackSite,numberOfRobotsOnWhiteSite
24538,32,15
timeStep,numberOfRobotsOnBlackSite,numberOfRobotsOnWhiteSite
24539,32,15
timeStep,numberOfRobotsOnBlackSite,numberOfRobotsOnWhiteSite
24540,32,15
timeStep,numberOfRobotsOnBlackSite,numberOfRobotsOnWhiteSite
24541,32,15
timeStep,numberOfRobotsOnBlackSite,numberOfRobotsOnWhiteSite
24542,32,15
timeStep,numberOfRobotsOnBlackSite,numberOfRobotsOnWhiteSite
24543,32,15
timeStep,numberOfRobotsOnBlackSite,numberOfRobotsOnWhiteSite
24544,32,15
timeStep,numberOfRobotsOnBlackSite,numberOfRobotsOnWhiteSite
24545,32,15
timeStep,numberOfRobotsOnBlackSite,numberOfRobotsOnWhiteSite
24546,32,15
timeStep,numberOfRobotsOnBlackSite,numberOfRobotsOnWhiteSite
24547,32,15
timeStep,numberOfRobotsOnBlackSite,numberOfRobotsOnWhiteSite
24548,32,15
timeStep,numberOfRobotsOnBlackSite,numberOfRobotsOnWhiteSite
24549,32,15
timeStep,numberOfRobotsOnBlackSite,numberOfRobotsOnWhiteSite
24550,32,15
timeStep,numberOfRobotsOnBlackSite,numberOfRobotsOnWhiteSite
24551,32,15
timeStep,numberOfRobotsOnBlackSite,numberOfRobotsOnWhiteSite
24552,32,15
timeStep,numberOfRobotsOnBlackSite,numberOfRobotsOnWhiteSite
24553,32,15
timeStep,numberOfRobotsOnBlackSite,numberOfRobotsOnWhiteSite
24554,32,15
timeStep,numberOfRobotsOnBlackSite,numberOfRobotsOnWhiteSite
24555,32,15
timeStep,numberOfRobotsOnBlackSite,numberOfRobotsOnWhiteSite
24556,32,15
timeStep,numberOfRobotsOnBlackSite,numberOfRobotsOnWhiteSite
24557,32,15
timeStep,numberOfRobotsOnBlackSite,numberOfRobotsOnWhiteSite
24558,32,15
timeStep,numberOfRobotsOnBlackSite,numberOfRobotsOnWhiteSite
24559,32,15
timeStep,numberOfRobotsOnBlackSite,numberOfRobotsOnWhiteSite
24560,32,14
timeStep,numberOfRobotsOnBlackSite,numberOfRobotsOnWhiteSite
24561,32,14
timeStep,numberOfRobotsOnBlackSite,numberOfRobotsOnWhiteSite
24562,32,14
timeStep,numberOfRobotsOnBlackSite,numberOfRobotsOnWhiteSite
24563,32,14
timeStep,numberOfRobotsOnBlackSite,numberOfRobotsOnWhiteSite
24564,32,14
timeStep,numberOfRobotsOnBlackSite,numberOfRobotsOnWhiteSite
24565,32,15
timeStep,numberOfRobotsOnBlackSite,numberOfRobotsOnWhiteSite
24566,32,15
timeStep,numberOfRobotsOnBlackSite,numberOfRobotsOnWhiteSite
24567,32,15
timeStep,numberOfRobotsOnBlackSite,numberOfRobotsOnWhiteSite
24568,32,15
timeStep,numberOfRobotsOnBlackSite,numberOfRobotsOnWhiteSite
24569,32,15
timeStep,numberOfRobotsOnBlackSite,numberOfRobotsOnWhiteSite
24570,32,15
timeStep,numberOfRobotsOnBlackSite,numberOfRobotsOnWhiteSite
24571,32,15
timeStep,numberOfRobotsOnBlackSite,numberOfRobotsOnWhiteSite
24572,32,15
timeStep,numberOfRobotsOnBlackSite,numberOfRobotsOnWhiteSite
24573,32,15
timeStep,numberOfRobotsOnBlackSite,numberOfRobotsOnWhiteSite
24574,32,15
timeStep,numberOfRobotsOnBlackSite,numberOfRobotsOnWhiteSite
24575,32,15
timeStep,numberOfRobotsOnBlackSite,numberOfRobotsOnWhiteSite
24576,32,15
timeStep,numberOfRobotsOnBlackSite,numberOfRobotsOnWhiteSite
24577,32,15
timeStep,numberOfRobotsOnBlackSite,numberOfRobotsOnWhiteSite
24578,32,15
timeStep,numberOfRobotsOnBlackSite,numberOfRobotsOnWhiteSite
24579,32,15
timeStep,numberOfRobotsOnBlackSite,numberOfRobotsOnWhiteSite
24580,32,15
timeStep,numberOfRobotsOnBlackSite,numberOfRobotsOnWhiteSite
24581,32,15
timeStep,numberOfRobotsOnBlackSite,numberOfRobotsOnWhiteSite
24582,32,15
timeStep,numberOfRobotsOnBlackSite,numberOfRobotsOnWhiteSite
24583,32,15
timeStep,numberOfRobotsOnBlackSite,numberOfRobotsOnWhiteSite
24584,32,15
timeStep,numberOfRobotsOnBlackSite,numberOfRobotsOnWhiteSite
24585,32,15
timeStep,numberOfRobotsOnBlackSite,numberOfRobotsOnWhiteSite
24586,32,15
timeStep,numberOfRobotsOnBlackSite,numberOfRobotsOnWhiteSite
24587,32,15
timeStep,numberOfRobotsOnBlackSite,numberOfRobotsOnWhiteSite
24588,32,15
timeStep,numberOfRobotsOnBlackSite,numberOfRobotsOnWhiteSite
24589,32,15
timeStep,numberOfRobotsOnBlackSite,numberOfRobotsOnWhiteSite
24590,32,15
timeStep,numberOfRobotsOnBlackSite,numberOfRobotsOnWhiteSite
24591,32,15
timeStep,numberOfRobotsOnBlackSite,numberOfRobotsOnWhiteSite
24592,32,15
timeStep,numberOfRobotsOnBlackSite,numberOfRobotsOnWhiteSite
24593,32,15
timeStep,numberOfRobotsOnBlackSite,numberOfRobotsOnWhiteSite
24594,32,15
timeStep,numberOfRobotsOnBlackSite,numberOfRobotsOnWhiteSite
24595,32,15
timeStep,numberOfRobotsOnBlackSite,numberOfRobotsOnWhiteSite
24596,32,15
timeStep,numberOfRobotsOnBlackSite,numberOfRobotsOnWhiteSite
24597,32,15
timeStep,numberOfRobotsOnBlackSite,numberOfRobotsOnWhiteSite
24598,32,15
timeStep,numberOfRobotsOnBlackSite,numberOfRobotsOnWhiteSite
24599,32,15
timeStep,numberOfRobotsOnBlackSite,numberOfRobotsOnWhiteSite
24600,32,15
timeStep,numberOfRobotsOnBlackSite,numberOfRobotsOnWhiteSite
24601,32,15
timeStep,numberOfRobotsOnBlackSite,numberOfRobotsOnWhiteSite
24602,32,15
timeStep,numberOfRobotsOnBlackSite,numberOfRobotsOnWhiteSite
24603,32,15
timeStep,numberOfRobotsOnBlackSite,numberOfRobotsOnWhiteSite
24604,32,15
timeStep,numberOfRobotsOnBlackSite,numberOfRobotsOnWhiteSite
24605,32,15
timeStep,numberOfRobotsOnBlackSite,numberOfRobotsOnWhiteSite
24606,32,15
timeStep,numberOfRobotsOnBlackSite,numberOfRobotsOnWhiteSite
24607,32,15
timeStep,numberOfRobotsOnBlackSite,numberOfRobotsOnWhiteSite
24608,32,15
timeStep,numberOfRobotsOnBlackSite,numberOfRobotsOnWhiteSite
24609,32,15
timeStep,numberOfRobotsOnBlackSite,numberOfRobotsOnWhiteSite
24610,32,15
timeStep,numberOfRobotsOnBlackSite,numberOfRobotsOnWhiteSite
24611,32,15
timeStep,numberOfRobotsOnBlackSite,numberOfRobotsOnWhiteSite
24612,32,15
timeStep,numberOfRobotsOnBlackSite,numberOfRobotsOnWhiteSite
24613,32,15
timeStep,numberOfRobotsOnBlackSite,numberOfRobotsOnWhiteSite
24614,32,15
timeStep,numberOfRobotsOnBlackSite,numberOfRobotsOnWhiteSite
24615,32,15
timeStep,numberOfRobotsOnBlackSite,numberOfRobotsOnWhiteSite
24616,32,15
timeStep,numberOfRobotsOnBlackSite,numberOfRobotsOnWhiteSite
24617,32,15
timeStep,numberOfRobotsOnBlackSite,numberOfRobotsOnWhiteSite
24618,32,15
timeStep,numberOfRobotsOnBlackSite,numberOfRobotsOnWhiteSite
24619,32,15
timeStep,numberOfRobotsOnBlackSite,numberOfRobotsOnWhiteSite
24620,32,15
timeStep,numberOfRobotsOnBlackSite,numberOfRobotsOnWhiteSite
24621,32,15
timeStep,numberOfRobotsOnBlackSite,numberOfRobotsOnWhiteSite
24622,32,15
timeStep,numberOfRobotsOnBlackSite,numberOfRobotsOnWhiteSite
24623,32,15
timeStep,numberOfRobotsOnBlackSite,numberOfRobotsOnWhiteSite
24624,32,15
timeStep,numberOfRobotsOnBlackSite,numberOfRobotsOnWhiteSite
24625,32,15
timeStep,numberOfRobotsOnBlackSite,numberOfRobotsOnWhiteSite
24626,32,15
timeStep,numberOfRobotsOnBlackSite,numberOfRobotsOnWhiteSite
24627,32,15
timeStep,numberOfRobotsOnBlackSite,numberOfRobotsOnWhiteSite
24628,32,15
timeStep,numberOfRobotsOnBlackSite,numberOfRobotsOnWhiteSite
24629,32,15
timeStep,numberOfRobotsOnBlackSite,numberOfRobotsOnWhiteSite
24630,32,15
timeStep,numberOfRobotsOnBlackSite,numberOfRobotsOnWhiteSite
24631,32,15
timeStep,numberOfRobotsOnBlackSite,numberOfRobotsOnWhiteSite
24632,32,15
timeStep,numberOfRobotsOnBlackSite,numberOfRobotsOnWhiteSite
24633,32,15
timeStep,numberOfRobotsOnBlackSite,numberOfRobotsOnWhiteSite
24634,32,15
timeStep,numberOfRobotsOnBlackSite,numberOfRobotsOnWhiteSite
24635,32,14
timeStep,numberOfRobotsOnBlackSite,numberOfRobotsOnWhiteSite
24636,32,14
timeStep,numberOfRobotsOnBlackSite,numberOfRobotsOnWhiteSite
24637,32,14
timeStep,numberOfRobotsOnBlackSite,numberOfRobotsOnWhiteSite
24638,32,14
timeStep,numberOfRobotsOnBlackSite,numberOfRobotsOnWhiteSite
24639,32,14
timeStep,numberOfRobotsOnBlackSite,numberOfRobotsOnWhiteSite
24640,32,14
timeStep,numberOfRobotsOnBlackSite,numberOfRobotsOnWhiteSite
24641,32,14
timeStep,numberOfRobotsOnBlackSite,numberOfRobotsOnWhiteSite
24642,32,14
timeStep,numberOfRobotsOnBlackSite,numberOfRobotsOnWhiteSite
24643,32,14
timeStep,numberOfRobotsOnBlackSite,numberOfRobotsOnWhiteSite
24644,32,14
timeStep,numberOfRobotsOnBlackSite,numberOfRobotsOnWhiteSite
24645,32,14
timeStep,numberOfRobotsOnBlackSite,numberOfRobotsOnWhiteSite
24646,32,14
timeStep,numberOfRobotsOnBlackSite,numberOfRobotsOnWhiteSite
24647,32,14
timeStep,numberOfRobotsOnBlackSite,numberOfRobotsOnWhiteSite
24648,32,14
timeStep,numberOfRobotsOnBlackSite,numberOfRobotsOnWhiteSite
24649,32,14
timeStep,numberOfRobotsOnBlackSite,numberOfRobotsOnWhiteSite
24650,32,14
timeStep,numberOfRobotsOnBlackSite,numberOfRobotsOnWhiteSite
24651,32,14
timeStep,numberOfRobotsOnBlackSite,numberOfRobotsOnWhiteSite
24652,32,14
timeStep,numberOfRobotsOnBlackSite,numberOfRobotsOnWhiteSite
24653,32,14
timeStep,numberOfRobotsOnBlackSite,numberOfRobotsOnWhiteSite
24654,32,14
timeStep,numberOfRobotsOnBlackSite,numberOfRobotsOnWhiteSite
24655,32,14
timeStep,numberOfRobotsOnBlackSite,numberOfRobotsOnWhiteSite
24656,32,14
timeStep,numberOfRobotsOnBlackSite,numberOfRobotsOnWhiteSite
24657,32,14
timeStep,numberOfRobotsOnBlackSite,numberOfRobotsOnWhiteSite
24658,32,14
timeStep,numberOfRobotsOnBlackSite,numberOfRobotsOnWhiteSite
24659,32,14
timeStep,numberOfRobotsOnBlackSite,numberOfRobotsOnWhiteSite
24660,32,14
timeStep,numberOfRobotsOnBlackSite,numberOfRobotsOnWhiteSite
24661,32,14
timeStep,numberOfRobotsOnBlackSite,numberOfRobotsOnWhiteSite
24662,32,14
timeStep,numberOfRobotsOnBlackSite,numberOfRobotsOnWhiteSite
24663,32,14
timeStep,numberOfRobotsOnBlackSite,numberOfRobotsOnWhiteSite
24664,32,14
timeStep,numberOfRobotsOnBlackSite,numberOfRobotsOnWhiteSite
24665,32,14
timeStep,numberOfRobotsOnBlackSite,numberOfRobotsOnWhiteSite
24666,32,14
timeStep,numberOfRobotsOnBlackSite,numberOfRobotsOnWhiteSite
24667,32,14
timeStep,numberOfRobotsOnBlackSite,numberOfRobotsOnWhiteSite
24668,32,14
timeStep,numberOfRobotsOnBlackSite,numberOfRobotsOnWhiteSite
24669,32,14
timeStep,numberOfRobotsOnBlackSite,numberOfRobotsOnWhiteSite
24670,32,14
timeStep,numberOfRobotsOnBlackSite,numberOfRobotsOnWhiteSite
24671,32,14
timeStep,numberOfRobotsOnBlackSite,numberOfRobotsOnWhiteSite
24672,32,14
timeStep,numberOfRobotsOnBlackSite,numberOfRobotsOnWhiteSite
24673,32,14
timeStep,numberOfRobotsOnBlackSite,numberOfRobotsOnWhiteSite
24674,32,14
timeStep,numberOfRobotsOnBlackSite,numberOfRobotsOnWhiteSite
24675,32,14
timeStep,numberOfRobotsOnBlackSite,numberOfRobotsOnWhiteSite
24676,32,14
timeStep,numberOfRobotsOnBlackSite,numberOfRobotsOnWhiteSite
24677,32,14
timeStep,numberOfRobotsOnBlackSite,numberOfRobotsOnWhiteSite
24678,32,14
timeStep,numberOfRobotsOnBlackSite,numberOfRobotsOnWhiteSite
24679,32,14
timeStep,numberOfRobotsOnBlackSite,numberOfRobotsOnWhiteSite
24680,32,14
timeStep,numberOfRobotsOnBlackSite,numberOfRobotsOnWhiteSite
24681,32,14
timeStep,numberOfRobotsOnBlackSite,numberOfRobotsOnWhiteSite
24682,32,14
timeStep,numberOfRobotsOnBlackSite,numberOfRobotsOnWhiteSite
24683,32,14
timeStep,numberOfRobotsOnBlackSite,numberOfRobotsOnWhiteSite
24684,32,14
timeStep,numberOfRobotsOnBlackSite,numberOfRobotsOnWhiteSite
24685,32,14
timeStep,numberOfRobotsOnBlackSite,numberOfRobotsOnWhiteSite
24686,32,14
timeStep,numberOfRobotsOnBlackSite,numberOfRobotsOnWhiteSite
24687,32,14
timeStep,numberOfRobotsOnBlackSite,numberOfRobotsOnWhiteSite
24688,32,14
timeStep,numberOfRobotsOnBlackSite,numberOfRobotsOnWhiteSite
24689,32,14
timeStep,numberOfRobotsOnBlackSite,numberOfRobotsOnWhiteSite
24690,32,14
timeStep,numberOfRobotsOnBlackSite,numberOfRobotsOnWhiteSite
24691,32,14
timeStep,numberOfRobotsOnBlackSite,numberOfRobotsOnWhiteSite
24692,32,14
timeStep,numberOfRobotsOnBlackSite,numberOfRobotsOnWhiteSite
24693,32,14
timeStep,numberOfRobotsOnBlackSite,numberOfRobotsOnWhiteSite
24694,32,14
timeStep,numberOfRobotsOnBlackSite,numberOfRobotsOnWhiteSite
24695,32,14
timeStep,numberOfRobotsOnBlackSite,numberOfRobotsOnWhiteSite
24696,32,14
timeStep,numberOfRobotsOnBlackSite,numberOfRobotsOnWhiteSite
24697,32,14
timeStep,numberOfRobotsOnBlackSite,numberOfRobotsOnWhiteSite
24698,32,14
timeStep,numberOfRobotsOnBlackSite,numberOfRobotsOnWhiteSite
24699,32,14
timeStep,numberOfRobotsOnBlackSite,numberOfRobotsOnWhiteSite
24700,32,14
timeStep,numberOfRobotsOnBlackSite,numberOfRobotsOnWhiteSite
24701,32,14
timeStep,numberOfRobotsOnBlackSite,numberOfRobotsOnWhiteSite
24702,32,14
timeStep,numberOfRobotsOnBlackSite,numberOfRobotsOnWhiteSite
24703,32,14
timeStep,numberOfRobotsOnBlackSite,numberOfRobotsOnWhiteSite
24704,32,14
timeStep,numberOfRobotsOnBlackSite,numberOfRobotsOnWhiteSite
24705,32,14
timeStep,numberOfRobotsOnBlackSite,numberOfRobotsOnWhiteSite
24706,32,14
timeStep,numberOfRobotsOnBlackSite,numberOfRobotsOnWhiteSite
24707,32,14
timeStep,numberOfRobotsOnBlackSite,numberOfRobotsOnWhiteSite
24708,32,14
timeStep,numberOfRobotsOnBlackSite,numberOfRobotsOnWhiteSite
24709,32,14
timeStep,numberOfRobotsOnBlackSite,numberOfRobotsOnWhiteSite
24710,32,14
timeStep,numberOfRobotsOnBlackSite,numberOfRobotsOnWhiteSite
24711,32,14
timeStep,numberOfRobotsOnBlackSite,numberOfRobotsOnWhiteSite
24712,32,14
timeStep,numberOfRobotsOnBlackSite,numberOfRobotsOnWhiteSite
24713,32,14
timeStep,numberOfRobotsOnBlackSite,numberOfRobotsOnWhiteSite
24714,32,14
timeStep,numberOfRobotsOnBlackSite,numberOfRobotsOnWhiteSite
24715,32,14
timeStep,numberOfRobotsOnBlackSite,numberOfRobotsOnWhiteSite
24716,32,14
timeStep,numberOfRobotsOnBlackSite,numberOfRobotsOnWhiteSite
24717,32,14
timeStep,numberOfRobotsOnBlackSite,numberOfRobotsOnWhiteSite
24718,32,14
timeStep,numberOfRobotsOnBlackSite,numberOfRobotsOnWhiteSite
24719,32,14
timeStep,numberOfRobotsOnBlackSite,numberOfRobotsOnWhiteSite
24720,32,14
timeStep,numberOfRobotsOnBlackSite,numberOfRobotsOnWhiteSite
24721,32,14
timeStep,numberOfRobotsOnBlackSite,numberOfRobotsOnWhiteSite
24722,32,14
timeStep,numberOfRobotsOnBlackSite,numberOfRobotsOnWhiteSite
24723,32,14
timeStep,numberOfRobotsOnBlackSite,numberOfRobotsOnWhiteSite
24724,32,14
timeStep,numberOfRobotsOnBlackSite,numberOfRobotsOnWhiteSite
24725,32,14
timeStep,numberOfRobotsOnBlackSite,numberOfRobotsOnWhiteSite
24726,32,14
timeStep,numberOfRobotsOnBlackSite,numberOfRobotsOnWhiteSite
24727,32,14
timeStep,numberOfRobotsOnBlackSite,numberOfRobotsOnWhiteSite
24728,32,14
timeStep,numberOfRobotsOnBlackSite,numberOfRobotsOnWhiteSite
24729,32,14
timeStep,numberOfRobotsOnBlackSite,numberOfRobotsOnWhiteSite
24730,32,14
timeStep,numberOfRobotsOnBlackSite,numberOfRobotsOnWhiteSite
24731,32,14
timeStep,numberOfRobotsOnBlackSite,numberOfRobotsOnWhiteSite
24732,32,14
timeStep,numberOfRobotsOnBlackSite,numberOfRobotsOnWhiteSite
24733,32,14
timeStep,numberOfRobotsOnBlackSite,numberOfRobotsOnWhiteSite
24734,32,14
timeStep,numberOfRobotsOnBlackSite,numberOfRobotsOnWhiteSite
24735,32,14
timeStep,numberOfRobotsOnBlackSite,numberOfRobotsOnWhiteSite
24736,32,14
timeStep,numberOfRobotsOnBlackSite,numberOfRobotsOnWhiteSite
24737,32,14
timeStep,numberOfRobotsOnBlackSite,numberOfRobotsOnWhiteSite
24738,32,14
timeStep,numberOfRobotsOnBlackSite,numberOfRobotsOnWhiteSite
24739,32,14
timeStep,numberOfRobotsOnBlackSite,numberOfRobotsOnWhiteSite
24740,32,14
timeStep,numberOfRobotsOnBlackSite,numberOfRobotsOnWhiteSite
24741,32,14
timeStep,numberOfRobotsOnBlackSite,numberOfRobotsOnWhiteSite
24742,32,14
timeStep,numberOfRobotsOnBlackSite,numberOfRobotsOnWhiteSite
24743,32,14
timeStep,numberOfRobotsOnBlackSite,numberOfRobotsOnWhiteSite
24744,32,14
timeStep,numberOfRobotsOnBlackSite,numberOfRobotsOnWhiteSite
24745,32,14
timeStep,numberOfRobotsOnBlackSite,numberOfRobotsOnWhiteSite
24746,32,14
timeStep,numberOfRobotsOnBlackSite,numberOfRobotsOnWhiteSite
24747,32,14
timeStep,numberOfRobotsOnBlackSite,numberOfRobotsOnWhiteSite
24748,32,14
timeStep,numberOfRobotsOnBlackSite,numberOfRobotsOnWhiteSite
24749,32,14
timeStep,numberOfRobotsOnBlackSite,numberOfRobotsOnWhiteSite
24750,32,14
timeStep,numberOfRobotsOnBlackSite,numberOfRobotsOnWhiteSite
24751,32,14
timeStep,numberOfRobotsOnBlackSite,numberOfRobotsOnWhiteSite
24752,32,14
timeStep,numberOfRobotsOnBlackSite,numberOfRobotsOnWhiteSite
24753,32,14
timeStep,numberOfRobotsOnBlackSite,numberOfRobotsOnWhiteSite
24754,32,14
timeStep,numberOfRobotsOnBlackSite,numberOfRobotsOnWhiteSite
24755,32,14
timeStep,numberOfRobotsOnBlackSite,numberOfRobotsOnWhiteSite
24756,32,14
timeStep,numberOfRobotsOnBlackSite,numberOfRobotsOnWhiteSite
24757,32,14
timeStep,numberOfRobotsOnBlackSite,numberOfRobotsOnWhiteSite
24758,32,14
timeStep,numberOfRobotsOnBlackSite,numberOfRobotsOnWhiteSite
24759,32,14
timeStep,numberOfRobotsOnBlackSite,numberOfRobotsOnWhiteSite
24760,32,14
timeStep,numberOfRobotsOnBlackSite,numberOfRobotsOnWhiteSite
24761,32,14
timeStep,numberOfRobotsOnBlackSite,numberOfRobotsOnWhiteSite
24762,32,14
timeStep,numberOfRobotsOnBlackSite,numberOfRobotsOnWhiteSite
24763,32,14
timeStep,numberOfRobotsOnBlackSite,numberOfRobotsOnWhiteSite
24764,32,14
timeStep,numberOfRobotsOnBlackSite,numberOfRobotsOnWhiteSite
24765,32,14
timeStep,numberOfRobotsOnBlackSite,numberOfRobotsOnWhiteSite
24766,32,14
timeStep,numberOfRobotsOnBlackSite,numberOfRobotsOnWhiteSite
24767,32,14
timeStep,numberOfRobotsOnBlackSite,numberOfRobotsOnWhiteSite
24768,32,14
timeStep,numberOfRobotsOnBlackSite,numberOfRobotsOnWhiteSite
24769,32,14
timeStep,numberOfRobotsOnBlackSite,numberOfRobotsOnWhiteSite
24770,32,14
timeStep,numberOfRobotsOnBlackSite,numberOfRobotsOnWhiteSite
24771,32,14
timeStep,numberOfRobotsOnBlackSite,numberOfRobotsOnWhiteSite
24772,32,14
timeStep,numberOfRobotsOnBlackSite,numberOfRobotsOnWhiteSite
24773,32,14
timeStep,numberOfRobotsOnBlackSite,numberOfRobotsOnWhiteSite
24774,32,14
timeStep,numberOfRobotsOnBlackSite,numberOfRobotsOnWhiteSite
24775,32,14
timeStep,numberOfRobotsOnBlackSite,numberOfRobotsOnWhiteSite
24776,32,14
timeStep,numberOfRobotsOnBlackSite,numberOfRobotsOnWhiteSite
24777,32,14
timeStep,numberOfRobotsOnBlackSite,numberOfRobotsOnWhiteSite
24778,32,14
timeStep,numberOfRobotsOnBlackSite,numberOfRobotsOnWhiteSite
24779,32,14
timeStep,numberOfRobotsOnBlackSite,numberOfRobotsOnWhiteSite
24780,32,14
timeStep,numberOfRobotsOnBlackSite,numberOfRobotsOnWhiteSite
24781,32,14
timeStep,numberOfRobotsOnBlackSite,numberOfRobotsOnWhiteSite
24782,32,14
timeStep,numberOfRobotsOnBlackSite,numberOfRobotsOnWhiteSite
24783,32,14
timeStep,numberOfRobotsOnBlackSite,numberOfRobotsOnWhiteSite
24784,32,14
timeStep,numberOfRobotsOnBlackSite,numberOfRobotsOnWhiteSite
24785,31,14
timeStep,numberOfRobotsOnBlackSite,numberOfRobotsOnWhiteSite
24786,31,14
timeStep,numberOfRobotsOnBlackSite,numberOfRobotsOnWhiteSite
24787,31,14
timeStep,numberOfRobotsOnBlackSite,numberOfRobotsOnWhiteSite
24788,31,14
timeStep,numberOfRobotsOnBlackSite,numberOfRobotsOnWhiteSite
24789,31,14
timeStep,numberOfRobotsOnBlackSite,numberOfRobotsOnWhiteSite
24790,31,14
timeStep,numberOfRobotsOnBlackSite,numberOfRobotsOnWhiteSite
24791,31,14
timeStep,numberOfRobotsOnBlackSite,numberOfRobotsOnWhiteSite
24792,31,14
timeStep,numberOfRobotsOnBlackSite,numberOfRobotsOnWhiteSite
24793,31,14
timeStep,numberOfRobotsOnBlackSite,numberOfRobotsOnWhiteSite
24794,31,14
timeStep,numberOfRobotsOnBlackSite,numberOfRobotsOnWhiteSite
24795,31,14
timeStep,numberOfRobotsOnBlackSite,numberOfRobotsOnWhiteSite
24796,31,14
timeStep,numberOfRobotsOnBlackSite,numberOfRobotsOnWhiteSite
24797,31,14
timeStep,numberOfRobotsOnBlackSite,numberOfRobotsOnWhiteSite
24798,31,14
timeStep,numberOfRobotsOnBlackSite,numberOfRobotsOnWhiteSite
24799,31,14
timeStep,numberOfRobotsOnBlackSite,numberOfRobotsOnWhiteSite
24800,31,14
timeStep,numberOfRobotsOnBlackSite,numberOfRobotsOnWhiteSite
24801,31,14
timeStep,numberOfRobotsOnBlackSite,numberOfRobotsOnWhiteSite
24802,31,14
timeStep,numberOfRobotsOnBlackSite,numberOfRobotsOnWhiteSite
24803,31,14
timeStep,numberOfRobotsOnBlackSite,numberOfRobotsOnWhiteSite
24804,31,14
timeStep,numberOfRobotsOnBlackSite,numberOfRobotsOnWhiteSite
24805,31,14
timeStep,numberOfRobotsOnBlackSite,numberOfRobotsOnWhiteSite
24806,31,14
timeStep,numberOfRobotsOnBlackSite,numberOfRobotsOnWhiteSite
24807,31,14
timeStep,numberOfRobotsOnBlackSite,numberOfRobotsOnWhiteSite
24808,31,14
timeStep,numberOfRobotsOnBlackSite,numberOfRobotsOnWhiteSite
24809,31,14
timeStep,numberOfRobotsOnBlackSite,numberOfRobotsOnWhiteSite
24810,31,14
timeStep,numberOfRobotsOnBlackSite,numberOfRobotsOnWhiteSite
24811,31,14
timeStep,numberOfRobotsOnBlackSite,numberOfRobotsOnWhiteSite
24812,31,14
timeStep,numberOfRobotsOnBlackSite,numberOfRobotsOnWhiteSite
24813,31,14
timeStep,numberOfRobotsOnBlackSite,numberOfRobotsOnWhiteSite
24814,31,14
timeStep,numberOfRobotsOnBlackSite,numberOfRobotsOnWhiteSite
24815,31,14
timeStep,numberOfRobotsOnBlackSite,numberOfRobotsOnWhiteSite
24816,31,14
timeStep,numberOfRobotsOnBlackSite,numberOfRobotsOnWhiteSite
24817,31,14
timeStep,numberOfRobotsOnBlackSite,numberOfRobotsOnWhiteSite
24818,31,14
timeStep,numberOfRobotsOnBlackSite,numberOfRobotsOnWhiteSite
24819,31,14
timeStep,numberOfRobotsOnBlackSite,numberOfRobotsOnWhiteSite
24820,31,13
timeStep,numberOfRobotsOnBlackSite,numberOfRobotsOnWhiteSite
24821,31,13
timeStep,numberOfRobotsOnBlackSite,numberOfRobotsOnWhiteSite
24822,31,13
timeStep,numberOfRobotsOnBlackSite,numberOfRobotsOnWhiteSite
24823,31,13
timeStep,numberOfRobotsOnBlackSite,numberOfRobotsOnWhiteSite
24824,31,13
timeStep,numberOfRobotsOnBlackSite,numberOfRobotsOnWhiteSite
24825,31,13
timeStep,numberOfRobotsOnBlackSite,numberOfRobotsOnWhiteSite
24826,31,13
timeStep,numberOfRobotsOnBlackSite,numberOfRobotsOnWhiteSite
24827,31,13
timeStep,numberOfRobotsOnBlackSite,numberOfRobotsOnWhiteSite
24828,31,13
timeStep,numberOfRobotsOnBlackSite,numberOfRobotsOnWhiteSite
24829,31,13
timeStep,numberOfRobotsOnBlackSite,numberOfRobotsOnWhiteSite
24830,31,13
timeStep,numberOfRobotsOnBlackSite,numberOfRobotsOnWhiteSite
24831,31,13
timeStep,numberOfRobotsOnBlackSite,numberOfRobotsOnWhiteSite
24832,31,13
timeStep,numberOfRobotsOnBlackSite,numberOfRobotsOnWhiteSite
24833,31,13
timeStep,numberOfRobotsOnBlackSite,numberOfRobotsOnWhiteSite
24834,31,13
timeStep,numberOfRobotsOnBlackSite,numberOfRobotsOnWhiteSite
24835,31,14
timeStep,numberOfRobotsOnBlackSite,numberOfRobotsOnWhiteSite
24836,31,14
timeStep,numberOfRobotsOnBlackSite,numberOfRobotsOnWhiteSite
24837,31,14
timeStep,numberOfRobotsOnBlackSite,numberOfRobotsOnWhiteSite
24838,31,14
timeStep,numberOfRobotsOnBlackSite,numberOfRobotsOnWhiteSite
24839,31,14
timeStep,numberOfRobotsOnBlackSite,numberOfRobotsOnWhiteSite
24840,32,14
timeStep,numberOfRobotsOnBlackSite,numberOfRobotsOnWhiteSite
24841,32,14
timeStep,numberOfRobotsOnBlackSite,numberOfRobotsOnWhiteSite
24842,32,14
timeStep,numberOfRobotsOnBlackSite,numberOfRobotsOnWhiteSite
24843,32,14
timeStep,numberOfRobotsOnBlackSite,numberOfRobotsOnWhiteSite
24844,32,14
timeStep,numberOfRobotsOnBlackSite,numberOfRobotsOnWhiteSite
24845,32,14
timeStep,numberOfRobotsOnBlackSite,numberOfRobotsOnWhiteSite
24846,32,14
timeStep,numberOfRobotsOnBlackSite,numberOfRobotsOnWhiteSite
24847,32,14
timeStep,numberOfRobotsOnBlackSite,numberOfRobotsOnWhiteSite
24848,32,14
timeStep,numberOfRobotsOnBlackSite,numberOfRobotsOnWhiteSite
24849,32,14
timeStep,numberOfRobotsOnBlackSite,numberOfRobotsOnWhiteSite
24850,32,14
timeStep,numberOfRobotsOnBlackSite,numberOfRobotsOnWhiteSite
24851,32,14
timeStep,numberOfRobotsOnBlackSite,numberOfRobotsOnWhiteSite
24852,32,14
timeStep,numberOfRobotsOnBlackSite,numberOfRobotsOnWhiteSite
24853,32,14
timeStep,numberOfRobotsOnBlackSite,numberOfRobotsOnWhiteSite
24854,32,14
timeStep,numberOfRobotsOnBlackSite,numberOfRobotsOnWhiteSite
24855,32,14
timeStep,numberOfRobotsOnBlackSite,numberOfRobotsOnWhiteSite
24856,32,14
timeStep,numberOfRobotsOnBlackSite,numberOfRobotsOnWhiteSite
24857,32,14
timeStep,numberOfRobotsOnBlackSite,numberOfRobotsOnWhiteSite
24858,32,14
timeStep,numberOfRobotsOnBlackSite,numberOfRobotsOnWhiteSite
24859,32,14
timeStep,numberOfRobotsOnBlackSite,numberOfRobotsOnWhiteSite
24860,32,14
timeStep,numberOfRobotsOnBlackSite,numberOfRobotsOnWhiteSite
24861,32,14
timeStep,numberOfRobotsOnBlackSite,numberOfRobotsOnWhiteSite
24862,32,14
timeStep,numberOfRobotsOnBlackSite,numberOfRobotsOnWhiteSite
24863,32,14
timeStep,numberOfRobotsOnBlackSite,numberOfRobotsOnWhiteSite
24864,32,14
timeStep,numberOfRobotsOnBlackSite,numberOfRobotsOnWhiteSite
24865,32,14
timeStep,numberOfRobotsOnBlackSite,numberOfRobotsOnWhiteSite
24866,32,14
timeStep,numberOfRobotsOnBlackSite,numberOfRobotsOnWhiteSite
24867,32,14
timeStep,numberOfRobotsOnBlackSite,numberOfRobotsOnWhiteSite
24868,32,14
timeStep,numberOfRobotsOnBlackSite,numberOfRobotsOnWhiteSite
24869,32,14
timeStep,numberOfRobotsOnBlackSite,numberOfRobotsOnWhiteSite
24870,32,14
timeStep,numberOfRobotsOnBlackSite,numberOfRobotsOnWhiteSite
24871,32,14
timeStep,numberOfRobotsOnBlackSite,numberOfRobotsOnWhiteSite
24872,32,14
timeStep,numberOfRobotsOnBlackSite,numberOfRobotsOnWhiteSite
24873,32,14
timeStep,numberOfRobotsOnBlackSite,numberOfRobotsOnWhiteSite
24874,32,14
timeStep,numberOfRobotsOnBlackSite,numberOfRobotsOnWhiteSite
24875,32,14
timeStep,numberOfRobotsOnBlackSite,numberOfRobotsOnWhiteSite
24876,32,14
timeStep,numberOfRobotsOnBlackSite,numberOfRobotsOnWhiteSite
24877,32,14
timeStep,numberOfRobotsOnBlackSite,numberOfRobotsOnWhiteSite
24878,32,14
timeStep,numberOfRobotsOnBlackSite,numberOfRobotsOnWhiteSite
24879,32,14
timeStep,numberOfRobotsOnBlackSite,numberOfRobotsOnWhiteSite
24880,32,14
timeStep,numberOfRobotsOnBlackSite,numberOfRobotsOnWhiteSite
24881,32,14
timeStep,numberOfRobotsOnBlackSite,numberOfRobotsOnWhiteSite
24882,32,14
timeStep,numberOfRobotsOnBlackSite,numberOfRobotsOnWhiteSite
24883,32,14
timeStep,numberOfRobotsOnBlackSite,numberOfRobotsOnWhiteSite
24884,32,14
timeStep,numberOfRobotsOnBlackSite,numberOfRobotsOnWhiteSite
24885,32,14
timeStep,numberOfRobotsOnBlackSite,numberOfRobotsOnWhiteSite
24886,32,14
timeStep,numberOfRobotsOnBlackSite,numberOfRobotsOnWhiteSite
24887,32,14
timeStep,numberOfRobotsOnBlackSite,numberOfRobotsOnWhiteSite
24888,32,14
timeStep,numberOfRobotsOnBlackSite,numberOfRobotsOnWhiteSite
24889,32,14
timeStep,numberOfRobotsOnBlackSite,numberOfRobotsOnWhiteSite
24890,32,14
timeStep,numberOfRobotsOnBlackSite,numberOfRobotsOnWhiteSite
24891,32,14
timeStep,numberOfRobotsOnBlackSite,numberOfRobotsOnWhiteSite
24892,32,14
timeStep,numberOfRobotsOnBlackSite,numberOfRobotsOnWhiteSite
24893,32,14
timeStep,numberOfRobotsOnBlackSite,numberOfRobotsOnWhiteSite
24894,32,14
timeStep,numberOfRobotsOnBlackSite,numberOfRobotsOnWhiteSite
24895,32,14
timeStep,numberOfRobotsOnBlackSite,numberOfRobotsOnWhiteSite
24896,32,14
timeStep,numberOfRobotsOnBlackSite,numberOfRobotsOnWhiteSite
24897,32,14
timeStep,numberOfRobotsOnBlackSite,numberOfRobotsOnWhiteSite
24898,32,14
timeStep,numberOfRobotsOnBlackSite,numberOfRobotsOnWhiteSite
24899,32,14
timeStep,numberOfRobotsOnBlackSite,numberOfRobotsOnWhiteSite
24900,32,14
timeStep,numberOfRobotsOnBlackSite,numberOfRobotsOnWhiteSite
24901,32,14
timeStep,numberOfRobotsOnBlackSite,numberOfRobotsOnWhiteSite
24902,32,14
timeStep,numberOfRobotsOnBlackSite,numberOfRobotsOnWhiteSite
24903,32,14
timeStep,numberOfRobotsOnBlackSite,numberOfRobotsOnWhiteSite
24904,32,14
timeStep,numberOfRobotsOnBlackSite,numberOfRobotsOnWhiteSite
24905,32,14
timeStep,numberOfRobotsOnBlackSite,numberOfRobotsOnWhiteSite
24906,32,14
timeStep,numberOfRobotsOnBlackSite,numberOfRobotsOnWhiteSite
24907,32,14
timeStep,numberOfRobotsOnBlackSite,numberOfRobotsOnWhiteSite
24908,32,14
timeStep,numberOfRobotsOnBlackSite,numberOfRobotsOnWhiteSite
24909,32,14
timeStep,numberOfRobotsOnBlackSite,numberOfRobotsOnWhiteSite
24910,32,14
timeStep,numberOfRobotsOnBlackSite,numberOfRobotsOnWhiteSite
24911,32,14
timeStep,numberOfRobotsOnBlackSite,numberOfRobotsOnWhiteSite
24912,32,14
timeStep,numberOfRobotsOnBlackSite,numberOfRobotsOnWhiteSite
24913,32,14
timeStep,numberOfRobotsOnBlackSite,numberOfRobotsOnWhiteSite
24914,32,14
timeStep,numberOfRobotsOnBlackSite,numberOfRobotsOnWhiteSite
24915,32,14
timeStep,numberOfRobotsOnBlackSite,numberOfRobotsOnWhiteSite
24916,32,14
timeStep,numberOfRobotsOnBlackSite,numberOfRobotsOnWhiteSite
24917,32,14
timeStep,numberOfRobotsOnBlackSite,numberOfRobotsOnWhiteSite
24918,32,14
timeStep,numberOfRobotsOnBlackSite,numberOfRobotsOnWhiteSite
24919,32,14
timeStep,numberOfRobotsOnBlackSite,numberOfRobotsOnWhiteSite
24920,32,14
timeStep,numberOfRobotsOnBlackSite,numberOfRobotsOnWhiteSite
24921,32,14
timeStep,numberOfRobotsOnBlackSite,numberOfRobotsOnWhiteSite
24922,32,14
timeStep,numberOfRobotsOnBlackSite,numberOfRobotsOnWhiteSite
24923,32,14
timeStep,numberOfRobotsOnBlackSite,numberOfRobotsOnWhiteSite
24924,32,14
timeStep,numberOfRobotsOnBlackSite,numberOfRobotsOnWhiteSite
24925,31,14
timeStep,numberOfRobotsOnBlackSite,numberOfRobotsOnWhiteSite
24926,31,14
timeStep,numberOfRobotsOnBlackSite,numberOfRobotsOnWhiteSite
24927,31,14
timeStep,numberOfRobotsOnBlackSite,numberOfRobotsOnWhiteSite
24928,31,14
timeStep,numberOfRobotsOnBlackSite,numberOfRobotsOnWhiteSite
24929,31,14
timeStep,numberOfRobotsOnBlackSite,numberOfRobotsOnWhiteSite
24930,31,14
timeStep,numberOfRobotsOnBlackSite,numberOfRobotsOnWhiteSite
24931,31,14
timeStep,numberOfRobotsOnBlackSite,numberOfRobotsOnWhiteSite
24932,31,14
timeStep,numberOfRobotsOnBlackSite,numberOfRobotsOnWhiteSite
24933,31,14
timeStep,numberOfRobotsOnBlackSite,numberOfRobotsOnWhiteSite
24934,31,14
timeStep,numberOfRobotsOnBlackSite,numberOfRobotsOnWhiteSite
24935,31,14
timeStep,numberOfRobotsOnBlackSite,numberOfRobotsOnWhiteSite
24936,31,14
timeStep,numberOfRobotsOnBlackSite,numberOfRobotsOnWhiteSite
24937,31,14
timeStep,numberOfRobotsOnBlackSite,numberOfRobotsOnWhiteSite
24938,31,14
timeStep,numberOfRobotsOnBlackSite,numberOfRobotsOnWhiteSite
24939,31,14
timeStep,numberOfRobotsOnBlackSite,numberOfRobotsOnWhiteSite
24940,31,13
timeStep,numberOfRobotsOnBlackSite,numberOfRobotsOnWhiteSite
24941,31,13
timeStep,numberOfRobotsOnBlackSite,numberOfRobotsOnWhiteSite
24942,31,13
timeStep,numberOfRobotsOnBlackSite,numberOfRobotsOnWhiteSite
24943,31,13
timeStep,numberOfRobotsOnBlackSite,numberOfRobotsOnWhiteSite
24944,31,13
timeStep,numberOfRobotsOnBlackSite,numberOfRobotsOnWhiteSite
24945,31,13
timeStep,numberOfRobotsOnBlackSite,numberOfRobotsOnWhiteSite
24946,31,13
timeStep,numberOfRobotsOnBlackSite,numberOfRobotsOnWhiteSite
24947,31,13
timeStep,numberOfRobotsOnBlackSite,numberOfRobotsOnWhiteSite
24948,31,13
timeStep,numberOfRobotsOnBlackSite,numberOfRobotsOnWhiteSite
24949,31,13
timeStep,numberOfRobotsOnBlackSite,numberOfRobotsOnWhiteSite
24950,31,13
timeStep,numberOfRobotsOnBlackSite,numberOfRobotsOnWhiteSite
24951,31,13
timeStep,numberOfRobotsOnBlackSite,numberOfRobotsOnWhiteSite
24952,31,13
timeStep,numberOfRobotsOnBlackSite,numberOfRobotsOnWhiteSite
24953,31,13
timeStep,numberOfRobotsOnBlackSite,numberOfRobotsOnWhiteSite
24954,31,13
timeStep,numberOfRobotsOnBlackSite,numberOfRobotsOnWhiteSite
24955,31,13
timeStep,numberOfRobotsOnBlackSite,numberOfRobotsOnWhiteSite
24956,31,13
timeStep,numberOfRobotsOnBlackSite,numberOfRobotsOnWhiteSite
24957,31,13
timeStep,numberOfRobotsOnBlackSite,numberOfRobotsOnWhiteSite
24958,31,13
timeStep,numberOfRobotsOnBlackSite,numberOfRobotsOnWhiteSite
24959,31,13
timeStep,numberOfRobotsOnBlackSite,numberOfRobotsOnWhiteSite
24960,31,13
timeStep,numberOfRobotsOnBlackSite,numberOfRobotsOnWhiteSite
24961,31,13
timeStep,numberOfRobotsOnBlackSite,numberOfRobotsOnWhiteSite
24962,31,13
timeStep,numberOfRobotsOnBlackSite,numberOfRobotsOnWhiteSite
24963,31,13
timeStep,numberOfRobotsOnBlackSite,numberOfRobotsOnWhiteSite
24964,31,13
timeStep,numberOfRobotsOnBlackSite,numberOfRobotsOnWhiteSite
24965,31,14
timeStep,numberOfRobotsOnBlackSite,numberOfRobotsOnWhiteSite
24966,31,14
timeStep,numberOfRobotsOnBlackSite,numberOfRobotsOnWhiteSite
24967,31,14
timeStep,numberOfRobotsOnBlackSite,numberOfRobotsOnWhiteSite
24968,31,14
timeStep,numberOfRobotsOnBlackSite,numberOfRobotsOnWhiteSite
24969,31,14
timeStep,numberOfRobotsOnBlackSite,numberOfRobotsOnWhiteSite
24970,30,14
timeStep,numberOfRobotsOnBlackSite,numberOfRobotsOnWhiteSite
24971,30,14
timeStep,numberOfRobotsOnBlackSite,numberOfRobotsOnWhiteSite
24972,30,14
timeStep,numberOfRobotsOnBlackSite,numberOfRobotsOnWhiteSite
24973,30,14
timeStep,numberOfRobotsOnBlackSite,numberOfRobotsOnWhiteSite
24974,30,14
timeStep,numberOfRobotsOnBlackSite,numberOfRobotsOnWhiteSite
24975,30,14
timeStep,numberOfRobotsOnBlackSite,numberOfRobotsOnWhiteSite
24976,30,14
timeStep,numberOfRobotsOnBlackSite,numberOfRobotsOnWhiteSite
24977,30,14
timeStep,numberOfRobotsOnBlackSite,numberOfRobotsOnWhiteSite
24978,30,14
timeStep,numberOfRobotsOnBlackSite,numberOfRobotsOnWhiteSite
24979,30,14
timeStep,numberOfRobotsOnBlackSite,numberOfRobotsOnWhiteSite
24980,30,14
timeStep,numberOfRobotsOnBlackSite,numberOfRobotsOnWhiteSite
24981,30,14
timeStep,numberOfRobotsOnBlackSite,numberOfRobotsOnWhiteSite
24982,30,14
timeStep,numberOfRobotsOnBlackSite,numberOfRobotsOnWhiteSite
24983,30,14
timeStep,numberOfRobotsOnBlackSite,numberOfRobotsOnWhiteSite
24984,30,14
timeStep,numberOfRobotsOnBlackSite,numberOfRobotsOnWhiteSite
24985,30,14
timeStep,numberOfRobotsOnBlackSite,numberOfRobotsOnWhiteSite
24986,30,14
timeStep,numberOfRobotsOnBlackSite,numberOfRobotsOnWhiteSite
24987,30,14
timeStep,numberOfRobotsOnBlackSite,numberOfRobotsOnWhiteSite
24988,30,14
timeStep,numberOfRobotsOnBlackSite,numberOfRobotsOnWhiteSite
24989,30,14
timeStep,numberOfRobotsOnBlackSite,numberOfRobotsOnWhiteSite
24990,30,14
timeStep,numberOfRobotsOnBlackSite,numberOfRobotsOnWhiteSite
24991,30,14
timeStep,numberOfRobotsOnBlackSite,numberOfRobotsOnWhiteSite
24992,30,14
timeStep,numberOfRobotsOnBlackSite,numberOfRobotsOnWhiteSite
24993,30,14
timeStep,numberOfRobotsOnBlackSite,numberOfRobotsOnWhiteSite
24994,30,14
timeStep,numberOfRobotsOnBlackSite,numberOfRobotsOnWhiteSite
24995,30,14
timeStep,numberOfRobotsOnBlackSite,numberOfRobotsOnWhiteSite
24996,30,14
timeStep,numberOfRobotsOnBlackSite,numberOfRobotsOnWhiteSite
24997,30,14
timeStep,numberOfRobotsOnBlackSite,numberOfRobotsOnWhiteSite
24998,30,14
timeStep,numberOfRobotsOnBlackSite,numberOfRobotsOnWhiteSite
24999,30,14
timeStep,numberOfRobotsOnBlackSite,numberOfRobotsOnWhiteSite
25000,30,14
timeStep,numberOfRobotsOnBlackSite,numberOfRobotsOnWhiteSite
25001,30,14
timeStep,numberOfRobotsOnBlackSite,numberOfRobotsOnWhiteSite
25002,30,14
timeStep,numberOfRobotsOnBlackSite,numberOfRobotsOnWhiteSite
25003,30,14
timeStep,numberOfRobotsOnBlackSite,numberOfRobotsOnWhiteSite
25004,30,14
timeStep,numberOfRobotsOnBlackSite,numberOfRobotsOnWhiteSite
25005,30,14
timeStep,numberOfRobotsOnBlackSite,numberOfRobotsOnWhiteSite
25006,30,14
timeStep,numberOfRobotsOnBlackSite,numberOfRobotsOnWhiteSite
25007,30,14
timeStep,numberOfRobotsOnBlackSite,numberOfRobotsOnWhiteSite
25008,30,14
timeStep,numberOfRobotsOnBlackSite,numberOfRobotsOnWhiteSite
25009,30,14
timeStep,numberOfRobotsOnBlackSite,numberOfRobotsOnWhiteSite
25010,30,14
timeStep,numberOfRobotsOnBlackSite,numberOfRobotsOnWhiteSite
25011,30,14
timeStep,numberOfRobotsOnBlackSite,numberOfRobotsOnWhiteSite
25012,30,14
timeStep,numberOfRobotsOnBlackSite,numberOfRobotsOnWhiteSite
25013,30,14
timeStep,numberOfRobotsOnBlackSite,numberOfRobotsOnWhiteSite
25014,30,14
timeStep,numberOfRobotsOnBlackSite,numberOfRobotsOnWhiteSite
25015,30,14
timeStep,numberOfRobotsOnBlackSite,numberOfRobotsOnWhiteSite
25016,30,14
timeStep,numberOfRobotsOnBlackSite,numberOfRobotsOnWhiteSite
25017,30,14
timeStep,numberOfRobotsOnBlackSite,numberOfRobotsOnWhiteSite
25018,30,14
timeStep,numberOfRobotsOnBlackSite,numberOfRobotsOnWhiteSite
25019,30,14
timeStep,numberOfRobotsOnBlackSite,numberOfRobotsOnWhiteSite
25020,30,14
timeStep,numberOfRobotsOnBlackSite,numberOfRobotsOnWhiteSite
25021,30,14
timeStep,numberOfRobotsOnBlackSite,numberOfRobotsOnWhiteSite
25022,30,14
timeStep,numberOfRobotsOnBlackSite,numberOfRobotsOnWhiteSite
25023,30,14
timeStep,numberOfRobotsOnBlackSite,numberOfRobotsOnWhiteSite
25024,30,14
timeStep,numberOfRobotsOnBlackSite,numberOfRobotsOnWhiteSite
25025,30,14
timeStep,numberOfRobotsOnBlackSite,numberOfRobotsOnWhiteSite
25026,30,14
timeStep,numberOfRobotsOnBlackSite,numberOfRobotsOnWhiteSite
25027,30,14
timeStep,numberOfRobotsOnBlackSite,numberOfRobotsOnWhiteSite
25028,30,14
timeStep,numberOfRobotsOnBlackSite,numberOfRobotsOnWhiteSite
25029,30,14
timeStep,numberOfRobotsOnBlackSite,numberOfRobotsOnWhiteSite
25030,30,14
timeStep,numberOfRobotsOnBlackSite,numberOfRobotsOnWhiteSite
25031,30,14
timeStep,numberOfRobotsOnBlackSite,numberOfRobotsOnWhiteSite
25032,30,14
timeStep,numberOfRobotsOnBlackSite,numberOfRobotsOnWhiteSite
25033,30,14
timeStep,numberOfRobotsOnBlackSite,numberOfRobotsOnWhiteSite
25034,30,14
timeStep,numberOfRobotsOnBlackSite,numberOfRobotsOnWhiteSite
25035,30,14
timeStep,numberOfRobotsOnBlackSite,numberOfRobotsOnWhiteSite
25036,30,14
timeStep,numberOfRobotsOnBlackSite,numberOfRobotsOnWhiteSite
25037,30,14
timeStep,numberOfRobotsOnBlackSite,numberOfRobotsOnWhiteSite
25038,30,14
timeStep,numberOfRobotsOnBlackSite,numberOfRobotsOnWhiteSite
25039,30,14
timeStep,numberOfRobotsOnBlackSite,numberOfRobotsOnWhiteSite
25040,30,14
timeStep,numberOfRobotsOnBlackSite,numberOfRobotsOnWhiteSite
25041,30,14
timeStep,numberOfRobotsOnBlackSite,numberOfRobotsOnWhiteSite
25042,30,14
timeStep,numberOfRobotsOnBlackSite,numberOfRobotsOnWhiteSite
25043,30,14
timeStep,numberOfRobotsOnBlackSite,numberOfRobotsOnWhiteSite
25044,30,14
timeStep,numberOfRobotsOnBlackSite,numberOfRobotsOnWhiteSite
25045,30,14
timeStep,numberOfRobotsOnBlackSite,numberOfRobotsOnWhiteSite
25046,30,14
timeStep,numberOfRobotsOnBlackSite,numberOfRobotsOnWhiteSite
25047,30,14
timeStep,numberOfRobotsOnBlackSite,numberOfRobotsOnWhiteSite
25048,30,14
timeStep,numberOfRobotsOnBlackSite,numberOfRobotsOnWhiteSite
25049,30,14
timeStep,numberOfRobotsOnBlackSite,numberOfRobotsOnWhiteSite
25050,29,15
timeStep,numberOfRobotsOnBlackSite,numberOfRobotsOnWhiteSite
25051,29,15
timeStep,numberOfRobotsOnBlackSite,numberOfRobotsOnWhiteSite
25052,29,15
timeStep,numberOfRobotsOnBlackSite,numberOfRobotsOnWhiteSite
25053,29,15
timeStep,numberOfRobotsOnBlackSite,numberOfRobotsOnWhiteSite
25054,29,15
timeStep,numberOfRobotsOnBlackSite,numberOfRobotsOnWhiteSite
25055,29,15
timeStep,numberOfRobotsOnBlackSite,numberOfRobotsOnWhiteSite
25056,29,15
timeStep,numberOfRobotsOnBlackSite,numberOfRobotsOnWhiteSite
25057,29,15
timeStep,numberOfRobotsOnBlackSite,numberOfRobotsOnWhiteSite
25058,29,15
timeStep,numberOfRobotsOnBlackSite,numberOfRobotsOnWhiteSite
25059,29,15
timeStep,numberOfRobotsOnBlackSite,numberOfRobotsOnWhiteSite
25060,29,15
timeStep,numberOfRobotsOnBlackSite,numberOfRobotsOnWhiteSite
25061,29,15
timeStep,numberOfRobotsOnBlackSite,numberOfRobotsOnWhiteSite
25062,29,15
timeStep,numberOfRobotsOnBlackSite,numberOfRobotsOnWhiteSite
25063,29,15
timeStep,numberOfRobotsOnBlackSite,numberOfRobotsOnWhiteSite
25064,29,15
timeStep,numberOfRobotsOnBlackSite,numberOfRobotsOnWhiteSite
25065,29,15
timeStep,numberOfRobotsOnBlackSite,numberOfRobotsOnWhiteSite
25066,29,15
timeStep,numberOfRobotsOnBlackSite,numberOfRobotsOnWhiteSite
25067,29,15
timeStep,numberOfRobotsOnBlackSite,numberOfRobotsOnWhiteSite
25068,29,15
timeStep,numberOfRobotsOnBlackSite,numberOfRobotsOnWhiteSite
25069,29,15
timeStep,numberOfRobotsOnBlackSite,numberOfRobotsOnWhiteSite
25070,29,15
timeStep,numberOfRobotsOnBlackSite,numberOfRobotsOnWhiteSite
25071,29,15
timeStep,numberOfRobotsOnBlackSite,numberOfRobotsOnWhiteSite
25072,29,15
timeStep,numberOfRobotsOnBlackSite,numberOfRobotsOnWhiteSite
25073,29,15
timeStep,numberOfRobotsOnBlackSite,numberOfRobotsOnWhiteSite
25074,29,15
timeStep,numberOfRobotsOnBlackSite,numberOfRobotsOnWhiteSite
25075,29,15
timeStep,numberOfRobotsOnBlackSite,numberOfRobotsOnWhiteSite
25076,29,15
timeStep,numberOfRobotsOnBlackSite,numberOfRobotsOnWhiteSite
25077,29,15
timeStep,numberOfRobotsOnBlackSite,numberOfRobotsOnWhiteSite
25078,29,15
timeStep,numberOfRobotsOnBlackSite,numberOfRobotsOnWhiteSite
25079,29,15
timeStep,numberOfRobotsOnBlackSite,numberOfRobotsOnWhiteSite
25080,29,15
timeStep,numberOfRobotsOnBlackSite,numberOfRobotsOnWhiteSite
25081,29,15
timeStep,numberOfRobotsOnBlackSite,numberOfRobotsOnWhiteSite
25082,29,15
timeStep,numberOfRobotsOnBlackSite,numberOfRobotsOnWhiteSite
25083,29,15
timeStep,numberOfRobotsOnBlackSite,numberOfRobotsOnWhiteSite
25084,29,15
timeStep,numberOfRobotsOnBlackSite,numberOfRobotsOnWhiteSite
25085,29,15
timeStep,numberOfRobotsOnBlackSite,numberOfRobotsOnWhiteSite
25086,29,15
timeStep,numberOfRobotsOnBlackSite,numberOfRobotsOnWhiteSite
25087,29,15
timeStep,numberOfRobotsOnBlackSite,numberOfRobotsOnWhiteSite
25088,29,15
timeStep,numberOfRobotsOnBlackSite,numberOfRobotsOnWhiteSite
25089,29,15
timeStep,numberOfRobotsOnBlackSite,numberOfRobotsOnWhiteSite
25090,29,15
timeStep,numberOfRobotsOnBlackSite,numberOfRobotsOnWhiteSite
25091,29,15
timeStep,numberOfRobotsOnBlackSite,numberOfRobotsOnWhiteSite
25092,29,15
timeStep,numberOfRobotsOnBlackSite,numberOfRobotsOnWhiteSite
25093,29,15
timeStep,numberOfRobotsOnBlackSite,numberOfRobotsOnWhiteSite
25094,29,15
timeStep,numberOfRobotsOnBlackSite,numberOfRobotsOnWhiteSite
25095,29,15
timeStep,numberOfRobotsOnBlackSite,numberOfRobotsOnWhiteSite
25096,29,15
timeStep,numberOfRobotsOnBlackSite,numberOfRobotsOnWhiteSite
25097,29,15
timeStep,numberOfRobotsOnBlackSite,numberOfRobotsOnWhiteSite
25098,29,15
timeStep,numberOfRobotsOnBlackSite,numberOfRobotsOnWhiteSite
25099,29,15
timeStep,numberOfRobotsOnBlackSite,numberOfRobotsOnWhiteSite
25100,30,15
timeStep,numberOfRobotsOnBlackSite,numberOfRobotsOnWhiteSite
25101,30,15
timeStep,numberOfRobotsOnBlackSite,numberOfRobotsOnWhiteSite
25102,30,15
timeStep,numberOfRobotsOnBlackSite,numberOfRobotsOnWhiteSite
25103,30,15
timeStep,numberOfRobotsOnBlackSite,numberOfRobotsOnWhiteSite
25104,30,15
timeStep,numberOfRobotsOnBlackSite,numberOfRobotsOnWhiteSite
25105,30,15
timeStep,numberOfRobotsOnBlackSite,numberOfRobotsOnWhiteSite
25106,30,15
timeStep,numberOfRobotsOnBlackSite,numberOfRobotsOnWhiteSite
25107,30,15
timeStep,numberOfRobotsOnBlackSite,numberOfRobotsOnWhiteSite
25108,30,15
timeStep,numberOfRobotsOnBlackSite,numberOfRobotsOnWhiteSite
25109,30,15
timeStep,numberOfRobotsOnBlackSite,numberOfRobotsOnWhiteSite
25110,31,15
timeStep,numberOfRobotsOnBlackSite,numberOfRobotsOnWhiteSite
25111,31,15
timeStep,numberOfRobotsOnBlackSite,numberOfRobotsOnWhiteSite
25112,31,15
timeStep,numberOfRobotsOnBlackSite,numberOfRobotsOnWhiteSite
25113,31,15
timeStep,numberOfRobotsOnBlackSite,numberOfRobotsOnWhiteSite
25114,31,15
timeStep,numberOfRobotsOnBlackSite,numberOfRobotsOnWhiteSite
25115,31,15
timeStep,numberOfRobotsOnBlackSite,numberOfRobotsOnWhiteSite
25116,31,15
timeStep,numberOfRobotsOnBlackSite,numberOfRobotsOnWhiteSite
25117,31,15
timeStep,numberOfRobotsOnBlackSite,numberOfRobotsOnWhiteSite
25118,31,15
timeStep,numberOfRobotsOnBlackSite,numberOfRobotsOnWhiteSite
25119,31,15
timeStep,numberOfRobotsOnBlackSite,numberOfRobotsOnWhiteSite
25120,30,15
timeStep,numberOfRobotsOnBlackSite,numberOfRobotsOnWhiteSite
25121,30,15
timeStep,numberOfRobotsOnBlackSite,numberOfRobotsOnWhiteSite
25122,30,15
timeStep,numberOfRobotsOnBlackSite,numberOfRobotsOnWhiteSite
25123,30,15
timeStep,numberOfRobotsOnBlackSite,numberOfRobotsOnWhiteSite
25124,30,15
timeStep,numberOfRobotsOnBlackSite,numberOfRobotsOnWhiteSite
25125,29,15
timeStep,numberOfRobotsOnBlackSite,numberOfRobotsOnWhiteSite
25126,29,15
timeStep,numberOfRobotsOnBlackSite,numberOfRobotsOnWhiteSite
25127,29,15
timeStep,numberOfRobotsOnBlackSite,numberOfRobotsOnWhiteSite
25128,29,15
timeStep,numberOfRobotsOnBlackSite,numberOfRobotsOnWhiteSite
25129,29,15
timeStep,numberOfRobotsOnBlackSite,numberOfRobotsOnWhiteSite
25130,29,16
timeStep,numberOfRobotsOnBlackSite,numberOfRobotsOnWhiteSite
25131,29,16
timeStep,numberOfRobotsOnBlackSite,numberOfRobotsOnWhiteSite
25132,29,16
timeStep,numberOfRobotsOnBlackSite,numberOfRobotsOnWhiteSite
25133,29,16
timeStep,numberOfRobotsOnBlackSite,numberOfRobotsOnWhiteSite
25134,29,16
timeStep,numberOfRobotsOnBlackSite,numberOfRobotsOnWhiteSite
25135,29,16
timeStep,numberOfRobotsOnBlackSite,numberOfRobotsOnWhiteSite
25136,29,16
timeStep,numberOfRobotsOnBlackSite,numberOfRobotsOnWhiteSite
25137,29,16
timeStep,numberOfRobotsOnBlackSite,numberOfRobotsOnWhiteSite
25138,29,16
timeStep,numberOfRobotsOnBlackSite,numberOfRobotsOnWhiteSite
25139,29,16
timeStep,numberOfRobotsOnBlackSite,numberOfRobotsOnWhiteSite
25140,29,16
timeStep,numberOfRobotsOnBlackSite,numberOfRobotsOnWhiteSite
25141,29,16
timeStep,numberOfRobotsOnBlackSite,numberOfRobotsOnWhiteSite
25142,29,16
timeStep,numberOfRobotsOnBlackSite,numberOfRobotsOnWhiteSite
25143,29,16
timeStep,numberOfRobotsOnBlackSite,numberOfRobotsOnWhiteSite
25144,29,16
timeStep,numberOfRobotsOnBlackSite,numberOfRobotsOnWhiteSite
25145,29,16
timeStep,numberOfRobotsOnBlackSite,numberOfRobotsOnWhiteSite
25146,29,16
timeStep,numberOfRobotsOnBlackSite,numberOfRobotsOnWhiteSite
25147,29,16
timeStep,numberOfRobotsOnBlackSite,numberOfRobotsOnWhiteSite
25148,29,16
timeStep,numberOfRobotsOnBlackSite,numberOfRobotsOnWhiteSite
25149,29,16
timeStep,numberOfRobotsOnBlackSite,numberOfRobotsOnWhiteSite
25150,28,16
timeStep,numberOfRobotsOnBlackSite,numberOfRobotsOnWhiteSite
25151,28,16
timeStep,numberOfRobotsOnBlackSite,numberOfRobotsOnWhiteSite
25152,28,16
timeStep,numberOfRobotsOnBlackSite,numberOfRobotsOnWhiteSite
25153,28,16
timeStep,numberOfRobotsOnBlackSite,numberOfRobotsOnWhiteSite
25154,28,16
timeStep,numberOfRobotsOnBlackSite,numberOfRobotsOnWhiteSite
25155,27,16
timeStep,numberOfRobotsOnBlackSite,numberOfRobotsOnWhiteSite
25156,27,16
timeStep,numberOfRobotsOnBlackSite,numberOfRobotsOnWhiteSite
25157,27,16
timeStep,numberOfRobotsOnBlackSite,numberOfRobotsOnWhiteSite
25158,27,16
timeStep,numberOfRobotsOnBlackSite,numberOfRobotsOnWhiteSite
25159,27,16
timeStep,numberOfRobotsOnBlackSite,numberOfRobotsOnWhiteSite
25160,27,16
timeStep,numberOfRobotsOnBlackSite,numberOfRobotsOnWhiteSite
25161,27,16
timeStep,numberOfRobotsOnBlackSite,numberOfRobotsOnWhiteSite
25162,27,16
timeStep,numberOfRobotsOnBlackSite,numberOfRobotsOnWhiteSite
25163,27,16
timeStep,numberOfRobotsOnBlackSite,numberOfRobotsOnWhiteSite
25164,27,16
timeStep,numberOfRobotsOnBlackSite,numberOfRobotsOnWhiteSite
25165,27,16
timeStep,numberOfRobotsOnBlackSite,numberOfRobotsOnWhiteSite
25166,27,16
timeStep,numberOfRobotsOnBlackSite,numberOfRobotsOnWhiteSite
25167,27,16
timeStep,numberOfRobotsOnBlackSite,numberOfRobotsOnWhiteSite
25168,27,16
timeStep,numberOfRobotsOnBlackSite,numberOfRobotsOnWhiteSite
25169,27,16
timeStep,numberOfRobotsOnBlackSite,numberOfRobotsOnWhiteSite
25170,27,16
timeStep,numberOfRobotsOnBlackSite,numberOfRobotsOnWhiteSite
25171,27,16
timeStep,numberOfRobotsOnBlackSite,numberOfRobotsOnWhiteSite
25172,27,16
timeStep,numberOfRobotsOnBlackSite,numberOfRobotsOnWhiteSite
25173,27,16
timeStep,numberOfRobotsOnBlackSite,numberOfRobotsOnWhiteSite
25174,27,16
timeStep,numberOfRobotsOnBlackSite,numberOfRobotsOnWhiteSite
25175,27,16
timeStep,numberOfRobotsOnBlackSite,numberOfRobotsOnWhiteSite
25176,27,16
timeStep,numberOfRobotsOnBlackSite,numberOfRobotsOnWhiteSite
25177,27,16
timeStep,numberOfRobotsOnBlackSite,numberOfRobotsOnWhiteSite
25178,27,16
timeStep,numberOfRobotsOnBlackSite,numberOfRobotsOnWhiteSite
25179,27,16
timeStep,numberOfRobotsOnBlackSite,numberOfRobotsOnWhiteSite
25180,27,16
timeStep,numberOfRobotsOnBlackSite,numberOfRobotsOnWhiteSite
25181,27,16
timeStep,numberOfRobotsOnBlackSite,numberOfRobotsOnWhiteSite
25182,27,16
timeStep,numberOfRobotsOnBlackSite,numberOfRobotsOnWhiteSite
25183,27,16
timeStep,numberOfRobotsOnBlackSite,numberOfRobotsOnWhiteSite
25184,27,16
timeStep,numberOfRobotsOnBlackSite,numberOfRobotsOnWhiteSite
25185,27,16
timeStep,numberOfRobotsOnBlackSite,numberOfRobotsOnWhiteSite
25186,27,16
timeStep,numberOfRobotsOnBlackSite,numberOfRobotsOnWhiteSite
25187,27,16
timeStep,numberOfRobotsOnBlackSite,numberOfRobotsOnWhiteSite
25188,27,16
timeStep,numberOfRobotsOnBlackSite,numberOfRobotsOnWhiteSite
25189,27,16
timeStep,numberOfRobotsOnBlackSite,numberOfRobotsOnWhiteSite
25190,27,16
timeStep,numberOfRobotsOnBlackSite,numberOfRobotsOnWhiteSite
25191,27,16
timeStep,numberOfRobotsOnBlackSite,numberOfRobotsOnWhiteSite
25192,27,16
timeStep,numberOfRobotsOnBlackSite,numberOfRobotsOnWhiteSite
25193,27,16
timeStep,numberOfRobotsOnBlackSite,numberOfRobotsOnWhiteSite
25194,27,16
timeStep,numberOfRobotsOnBlackSite,numberOfRobotsOnWhiteSite
25195,27,16
timeStep,numberOfRobotsOnBlackSite,numberOfRobotsOnWhiteSite
25196,27,16
timeStep,numberOfRobotsOnBlackSite,numberOfRobotsOnWhiteSite
25197,27,16
timeStep,numberOfRobotsOnBlackSite,numberOfRobotsOnWhiteSite
25198,27,16
timeStep,numberOfRobotsOnBlackSite,numberOfRobotsOnWhiteSite
25199,27,16
timeStep,numberOfRobotsOnBlackSite,numberOfRobotsOnWhiteSite
25200,27,16
timeStep,numberOfRobotsOnBlackSite,numberOfRobotsOnWhiteSite
25201,27,16
timeStep,numberOfRobotsOnBlackSite,numberOfRobotsOnWhiteSite
25202,27,16
timeStep,numberOfRobotsOnBlackSite,numberOfRobotsOnWhiteSite
25203,27,16
timeStep,numberOfRobotsOnBlackSite,numberOfRobotsOnWhiteSite
25204,27,16
timeStep,numberOfRobotsOnBlackSite,numberOfRobotsOnWhiteSite
25205,27,16
timeStep,numberOfRobotsOnBlackSite,numberOfRobotsOnWhiteSite
25206,27,16
timeStep,numberOfRobotsOnBlackSite,numberOfRobotsOnWhiteSite
25207,27,16
timeStep,numberOfRobotsOnBlackSite,numberOfRobotsOnWhiteSite
25208,27,16
timeStep,numberOfRobotsOnBlackSite,numberOfRobotsOnWhiteSite
25209,27,16
timeStep,numberOfRobotsOnBlackSite,numberOfRobotsOnWhiteSite
25210,27,16
timeStep,numberOfRobotsOnBlackSite,numberOfRobotsOnWhiteSite
25211,27,16
timeStep,numberOfRobotsOnBlackSite,numberOfRobotsOnWhiteSite
25212,27,16
timeStep,numberOfRobotsOnBlackSite,numberOfRobotsOnWhiteSite
25213,27,16
timeStep,numberOfRobotsOnBlackSite,numberOfRobotsOnWhiteSite
25214,27,16
timeStep,numberOfRobotsOnBlackSite,numberOfRobotsOnWhiteSite
25215,27,16
timeStep,numberOfRobotsOnBlackSite,numberOfRobotsOnWhiteSite
25216,27,16
timeStep,numberOfRobotsOnBlackSite,numberOfRobotsOnWhiteSite
25217,27,16
timeStep,numberOfRobotsOnBlackSite,numberOfRobotsOnWhiteSite
25218,27,16
timeStep,numberOfRobotsOnBlackSite,numberOfRobotsOnWhiteSite
25219,27,16
timeStep,numberOfRobotsOnBlackSite,numberOfRobotsOnWhiteSite
25220,27,16
timeStep,numberOfRobotsOnBlackSite,numberOfRobotsOnWhiteSite
25221,27,16
timeStep,numberOfRobotsOnBlackSite,numberOfRobotsOnWhiteSite
25222,27,16
timeStep,numberOfRobotsOnBlackSite,numberOfRobotsOnWhiteSite
25223,27,16
timeStep,numberOfRobotsOnBlackSite,numberOfRobotsOnWhiteSite
25224,27,16
timeStep,numberOfRobotsOnBlackSite,numberOfRobotsOnWhiteSite
25225,27,16
timeStep,numberOfRobotsOnBlackSite,numberOfRobotsOnWhiteSite
25226,27,16
timeStep,numberOfRobotsOnBlackSite,numberOfRobotsOnWhiteSite
25227,27,16
timeStep,numberOfRobotsOnBlackSite,numberOfRobotsOnWhiteSite
25228,27,16
timeStep,numberOfRobotsOnBlackSite,numberOfRobotsOnWhiteSite
25229,27,16
timeStep,numberOfRobotsOnBlackSite,numberOfRobotsOnWhiteSite
25230,27,16
timeStep,numberOfRobotsOnBlackSite,numberOfRobotsOnWhiteSite
25231,27,16
timeStep,numberOfRobotsOnBlackSite,numberOfRobotsOnWhiteSite
25232,27,16
timeStep,numberOfRobotsOnBlackSite,numberOfRobotsOnWhiteSite
25233,27,16
timeStep,numberOfRobotsOnBlackSite,numberOfRobotsOnWhiteSite
25234,27,16
timeStep,numberOfRobotsOnBlackSite,numberOfRobotsOnWhiteSite
25235,27,16
timeStep,numberOfRobotsOnBlackSite,numberOfRobotsOnWhiteSite
25236,27,16
timeStep,numberOfRobotsOnBlackSite,numberOfRobotsOnWhiteSite
25237,27,16
timeStep,numberOfRobotsOnBlackSite,numberOfRobotsOnWhiteSite
25238,27,16
timeStep,numberOfRobotsOnBlackSite,numberOfRobotsOnWhiteSite
25239,27,16
timeStep,numberOfRobotsOnBlackSite,numberOfRobotsOnWhiteSite
25240,28,16
timeStep,numberOfRobotsOnBlackSite,numberOfRobotsOnWhiteSite
25241,28,16
timeStep,numberOfRobotsOnBlackSite,numberOfRobotsOnWhiteSite
25242,28,16
timeStep,numberOfRobotsOnBlackSite,numberOfRobotsOnWhiteSite
25243,28,16
timeStep,numberOfRobotsOnBlackSite,numberOfRobotsOnWhiteSite
25244,28,16
timeStep,numberOfRobotsOnBlackSite,numberOfRobotsOnWhiteSite
25245,28,16
timeStep,numberOfRobotsOnBlackSite,numberOfRobotsOnWhiteSite
25246,28,16
timeStep,numberOfRobotsOnBlackSite,numberOfRobotsOnWhiteSite
25247,28,16
timeStep,numberOfRobotsOnBlackSite,numberOfRobotsOnWhiteSite
25248,28,16
timeStep,numberOfRobotsOnBlackSite,numberOfRobotsOnWhiteSite
25249,28,16
timeStep,numberOfRobotsOnBlackSite,numberOfRobotsOnWhiteSite
25250,28,16
timeStep,numberOfRobotsOnBlackSite,numberOfRobotsOnWhiteSite
25251,28,16
timeStep,numberOfRobotsOnBlackSite,numberOfRobotsOnWhiteSite
25252,28,16
timeStep,numberOfRobotsOnBlackSite,numberOfRobotsOnWhiteSite
25253,28,16
timeStep,numberOfRobotsOnBlackSite,numberOfRobotsOnWhiteSite
25254,28,16
timeStep,numberOfRobotsOnBlackSite,numberOfRobotsOnWhiteSite
25255,28,16
timeStep,numberOfRobotsOnBlackSite,numberOfRobotsOnWhiteSite
25256,28,16
timeStep,numberOfRobotsOnBlackSite,numberOfRobotsOnWhiteSite
25257,28,16
timeStep,numberOfRobotsOnBlackSite,numberOfRobotsOnWhiteSite
25258,28,16
timeStep,numberOfRobotsOnBlackSite,numberOfRobotsOnWhiteSite
25259,28,16
timeStep,numberOfRobotsOnBlackSite,numberOfRobotsOnWhiteSite
25260,28,16
timeStep,numberOfRobotsOnBlackSite,numberOfRobotsOnWhiteSite
25261,28,16
timeStep,numberOfRobotsOnBlackSite,numberOfRobotsOnWhiteSite
25262,28,16
timeStep,numberOfRobotsOnBlackSite,numberOfRobotsOnWhiteSite
25263,28,16
timeStep,numberOfRobotsOnBlackSite,numberOfRobotsOnWhiteSite
25264,28,16
timeStep,numberOfRobotsOnBlackSite,numberOfRobotsOnWhiteSite
25265,28,16
timeStep,numberOfRobotsOnBlackSite,numberOfRobotsOnWhiteSite
25266,28,16
timeStep,numberOfRobotsOnBlackSite,numberOfRobotsOnWhiteSite
25267,28,16
timeStep,numberOfRobotsOnBlackSite,numberOfRobotsOnWhiteSite
25268,28,16
timeStep,numberOfRobotsOnBlackSite,numberOfRobotsOnWhiteSite
25269,28,16
timeStep,numberOfRobotsOnBlackSite,numberOfRobotsOnWhiteSite
25270,28,16
timeStep,numberOfRobotsOnBlackSite,numberOfRobotsOnWhiteSite
25271,28,16
timeStep,numberOfRobotsOnBlackSite,numberOfRobotsOnWhiteSite
25272,28,16
timeStep,numberOfRobotsOnBlackSite,numberOfRobotsOnWhiteSite
25273,28,16
timeStep,numberOfRobotsOnBlackSite,numberOfRobotsOnWhiteSite
25274,28,16
timeStep,numberOfRobotsOnBlackSite,numberOfRobotsOnWhiteSite
25275,28,16
timeStep,numberOfRobotsOnBlackSite,numberOfRobotsOnWhiteSite
25276,28,16
timeStep,numberOfRobotsOnBlackSite,numberOfRobotsOnWhiteSite
25277,28,16
timeStep,numberOfRobotsOnBlackSite,numberOfRobotsOnWhiteSite
25278,28,16
timeStep,numberOfRobotsOnBlackSite,numberOfRobotsOnWhiteSite
25279,28,16
timeStep,numberOfRobotsOnBlackSite,numberOfRobotsOnWhiteSite
25280,28,16
timeStep,numberOfRobotsOnBlackSite,numberOfRobotsOnWhiteSite
25281,28,16
timeStep,numberOfRobotsOnBlackSite,numberOfRobotsOnWhiteSite
25282,28,16
timeStep,numberOfRobotsOnBlackSite,numberOfRobotsOnWhiteSite
25283,28,16
timeStep,numberOfRobotsOnBlackSite,numberOfRobotsOnWhiteSite
25284,28,16
timeStep,numberOfRobotsOnBlackSite,numberOfRobotsOnWhiteSite
25285,28,16
timeStep,numberOfRobotsOnBlackSite,numberOfRobotsOnWhiteSite
25286,28,16
timeStep,numberOfRobotsOnBlackSite,numberOfRobotsOnWhiteSite
25287,28,16
timeStep,numberOfRobotsOnBlackSite,numberOfRobotsOnWhiteSite
25288,28,16
timeStep,numberOfRobotsOnBlackSite,numberOfRobotsOnWhiteSite
25289,28,16
timeStep,numberOfRobotsOnBlackSite,numberOfRobotsOnWhiteSite
25290,28,16
timeStep,numberOfRobotsOnBlackSite,numberOfRobotsOnWhiteSite
25291,28,16
timeStep,numberOfRobotsOnBlackSite,numberOfRobotsOnWhiteSite
25292,28,16
timeStep,numberOfRobotsOnBlackSite,numberOfRobotsOnWhiteSite
25293,28,16
timeStep,numberOfRobotsOnBlackSite,numberOfRobotsOnWhiteSite
25294,28,16
timeStep,numberOfRobotsOnBlackSite,numberOfRobotsOnWhiteSite
25295,27,16
timeStep,numberOfRobotsOnBlackSite,numberOfRobotsOnWhiteSite
25296,27,16
timeStep,numberOfRobotsOnBlackSite,numberOfRobotsOnWhiteSite
25297,27,16
timeStep,numberOfRobotsOnBlackSite,numberOfRobotsOnWhiteSite
25298,27,16
timeStep,numberOfRobotsOnBlackSite,numberOfRobotsOnWhiteSite
25299,27,16
timeStep,numberOfRobotsOnBlackSite,numberOfRobotsOnWhiteSite
25300,27,16
timeStep,numberOfRobotsOnBlackSite,numberOfRobotsOnWhiteSite
25301,27,16
timeStep,numberOfRobotsOnBlackSite,numberOfRobotsOnWhiteSite
25302,27,16
timeStep,numberOfRobotsOnBlackSite,numberOfRobotsOnWhiteSite
25303,27,16
timeStep,numberOfRobotsOnBlackSite,numberOfRobotsOnWhiteSite
25304,27,16
timeStep,numberOfRobotsOnBlackSite,numberOfRobotsOnWhiteSite
25305,27,16
timeStep,numberOfRobotsOnBlackSite,numberOfRobotsOnWhiteSite
25306,27,16
timeStep,numberOfRobotsOnBlackSite,numberOfRobotsOnWhiteSite
25307,27,16
timeStep,numberOfRobotsOnBlackSite,numberOfRobotsOnWhiteSite
25308,27,16
timeStep,numberOfRobotsOnBlackSite,numberOfRobotsOnWhiteSite
25309,27,16
timeStep,numberOfRobotsOnBlackSite,numberOfRobotsOnWhiteSite
25310,27,15
timeStep,numberOfRobotsOnBlackSite,numberOfRobotsOnWhiteSite
25311,27,15
timeStep,numberOfRobotsOnBlackSite,numberOfRobotsOnWhiteSite
25312,27,15
timeStep,numberOfRobotsOnBlackSite,numberOfRobotsOnWhiteSite
25313,27,15
timeStep,numberOfRobotsOnBlackSite,numberOfRobotsOnWhiteSite
25314,27,15
timeStep,numberOfRobotsOnBlackSite,numberOfRobotsOnWhiteSite
25315,27,15
timeStep,numberOfRobotsOnBlackSite,numberOfRobotsOnWhiteSite
25316,27,15
timeStep,numberOfRobotsOnBlackSite,numberOfRobotsOnWhiteSite
25317,27,15
timeStep,numberOfRobotsOnBlackSite,numberOfRobotsOnWhiteSite
25318,27,15
timeStep,numberOfRobotsOnBlackSite,numberOfRobotsOnWhiteSite
25319,27,15
timeStep,numberOfRobotsOnBlackSite,numberOfRobotsOnWhiteSite
25320,27,15
timeStep,numberOfRobotsOnBlackSite,numberOfRobotsOnWhiteSite
25321,27,15
timeStep,numberOfRobotsOnBlackSite,numberOfRobotsOnWhiteSite
25322,27,15
timeStep,numberOfRobotsOnBlackSite,numberOfRobotsOnWhiteSite
25323,27,15
timeStep,numberOfRobotsOnBlackSite,numberOfRobotsOnWhiteSite
25324,27,15
timeStep,numberOfRobotsOnBlackSite,numberOfRobotsOnWhiteSite
25325,27,15
timeStep,numberOfRobotsOnBlackSite,numberOfRobotsOnWhiteSite
25326,27,15
timeStep,numberOfRobotsOnBlackSite,numberOfRobotsOnWhiteSite
25327,27,15
timeStep,numberOfRobotsOnBlackSite,numberOfRobotsOnWhiteSite
25328,27,15
timeStep,numberOfRobotsOnBlackSite,numberOfRobotsOnWhiteSite
25329,27,15
timeStep,numberOfRobotsOnBlackSite,numberOfRobotsOnWhiteSite
25330,27,15
timeStep,numberOfRobotsOnBlackSite,numberOfRobotsOnWhiteSite
25331,27,15
timeStep,numberOfRobotsOnBlackSite,numberOfRobotsOnWhiteSite
25332,27,15
timeStep,numberOfRobotsOnBlackSite,numberOfRobotsOnWhiteSite
25333,27,15
timeStep,numberOfRobotsOnBlackSite,numberOfRobotsOnWhiteSite
25334,27,15
timeStep,numberOfRobotsOnBlackSite,numberOfRobotsOnWhiteSite
25335,27,15
timeStep,numberOfRobotsOnBlackSite,numberOfRobotsOnWhiteSite
25336,27,15
timeStep,numberOfRobotsOnBlackSite,numberOfRobotsOnWhiteSite
25337,27,15
timeStep,numberOfRobotsOnBlackSite,numberOfRobotsOnWhiteSite
25338,27,15
timeStep,numberOfRobotsOnBlackSite,numberOfRobotsOnWhiteSite
25339,27,15
timeStep,numberOfRobotsOnBlackSite,numberOfRobotsOnWhiteSite
25340,28,15
timeStep,numberOfRobotsOnBlackSite,numberOfRobotsOnWhiteSite
25341,28,15
timeStep,numberOfRobotsOnBlackSite,numberOfRobotsOnWhiteSite
25342,28,15
timeStep,numberOfRobotsOnBlackSite,numberOfRobotsOnWhiteSite
25343,28,15
timeStep,numberOfRobotsOnBlackSite,numberOfRobotsOnWhiteSite
25344,28,15
timeStep,numberOfRobotsOnBlackSite,numberOfRobotsOnWhiteSite
25345,28,15
timeStep,numberOfRobotsOnBlackSite,numberOfRobotsOnWhiteSite
25346,28,15
timeStep,numberOfRobotsOnBlackSite,numberOfRobotsOnWhiteSite
25347,28,15
timeStep,numberOfRobotsOnBlackSite,numberOfRobotsOnWhiteSite
25348,28,15
timeStep,numberOfRobotsOnBlackSite,numberOfRobotsOnWhiteSite
25349,28,15
timeStep,numberOfRobotsOnBlackSite,numberOfRobotsOnWhiteSite
25350,28,16
timeStep,numberOfRobotsOnBlackSite,numberOfRobotsOnWhiteSite
25351,28,16
timeStep,numberOfRobotsOnBlackSite,numberOfRobotsOnWhiteSite
25352,28,16
timeStep,numberOfRobotsOnBlackSite,numberOfRobotsOnWhiteSite
25353,28,16
timeStep,numberOfRobotsOnBlackSite,numberOfRobotsOnWhiteSite
25354,28,16
timeStep,numberOfRobotsOnBlackSite,numberOfRobotsOnWhiteSite
25355,28,16
timeStep,numberOfRobotsOnBlackSite,numberOfRobotsOnWhiteSite
25356,28,16
timeStep,numberOfRobotsOnBlackSite,numberOfRobotsOnWhiteSite
25357,28,16
timeStep,numberOfRobotsOnBlackSite,numberOfRobotsOnWhiteSite
25358,28,16
timeStep,numberOfRobotsOnBlackSite,numberOfRobotsOnWhiteSite
25359,28,16
timeStep,numberOfRobotsOnBlackSite,numberOfRobotsOnWhiteSite
25360,28,16
timeStep,numberOfRobotsOnBlackSite,numberOfRobotsOnWhiteSite
25361,28,16
timeStep,numberOfRobotsOnBlackSite,numberOfRobotsOnWhiteSite
25362,28,16
timeStep,numberOfRobotsOnBlackSite,numberOfRobotsOnWhiteSite
25363,28,16
timeStep,numberOfRobotsOnBlackSite,numberOfRobotsOnWhiteSite
25364,28,16
timeStep,numberOfRobotsOnBlackSite,numberOfRobotsOnWhiteSite
25365,28,16
timeStep,numberOfRobotsOnBlackSite,numberOfRobotsOnWhiteSite
25366,28,16
timeStep,numberOfRobotsOnBlackSite,numberOfRobotsOnWhiteSite
25367,28,16
timeStep,numberOfRobotsOnBlackSite,numberOfRobotsOnWhiteSite
25368,28,16
timeStep,numberOfRobotsOnBlackSite,numberOfRobotsOnWhiteSite
25369,28,16
timeStep,numberOfRobotsOnBlackSite,numberOfRobotsOnWhiteSite
25370,28,16
timeStep,numberOfRobotsOnBlackSite,numberOfRobotsOnWhiteSite
25371,28,16
timeStep,numberOfRobotsOnBlackSite,numberOfRobotsOnWhiteSite
25372,28,16
timeStep,numberOfRobotsOnBlackSite,numberOfRobotsOnWhiteSite
25373,28,16
timeStep,numberOfRobotsOnBlackSite,numberOfRobotsOnWhiteSite
25374,28,16
timeStep,numberOfRobotsOnBlackSite,numberOfRobotsOnWhiteSite
25375,28,16
timeStep,numberOfRobotsOnBlackSite,numberOfRobotsOnWhiteSite
25376,28,16
timeStep,numberOfRobotsOnBlackSite,numberOfRobotsOnWhiteSite
25377,28,16
timeStep,numberOfRobotsOnBlackSite,numberOfRobotsOnWhiteSite
25378,28,16
timeStep,numberOfRobotsOnBlackSite,numberOfRobotsOnWhiteSite
25379,28,16
timeStep,numberOfRobotsOnBlackSite,numberOfRobotsOnWhiteSite
25380,28,16
timeStep,numberOfRobotsOnBlackSite,numberOfRobotsOnWhiteSite
25381,28,16
timeStep,numberOfRobotsOnBlackSite,numberOfRobotsOnWhiteSite
25382,28,16
timeStep,numberOfRobotsOnBlackSite,numberOfRobotsOnWhiteSite
25383,28,16
timeStep,numberOfRobotsOnBlackSite,numberOfRobotsOnWhiteSite
25384,28,16
timeStep,numberOfRobotsOnBlackSite,numberOfRobotsOnWhiteSite
25385,28,16
timeStep,numberOfRobotsOnBlackSite,numberOfRobotsOnWhiteSite
25386,28,16
timeStep,numberOfRobotsOnBlackSite,numberOfRobotsOnWhiteSite
25387,28,16
timeStep,numberOfRobotsOnBlackSite,numberOfRobotsOnWhiteSite
25388,28,16
timeStep,numberOfRobotsOnBlackSite,numberOfRobotsOnWhiteSite
25389,28,16
timeStep,numberOfRobotsOnBlackSite,numberOfRobotsOnWhiteSite
25390,28,16
timeStep,numberOfRobotsOnBlackSite,numberOfRobotsOnWhiteSite
25391,28,16
timeStep,numberOfRobotsOnBlackSite,numberOfRobotsOnWhiteSite
25392,28,16
timeStep,numberOfRobotsOnBlackSite,numberOfRobotsOnWhiteSite
25393,28,16
timeStep,numberOfRobotsOnBlackSite,numberOfRobotsOnWhiteSite
25394,28,16
timeStep,numberOfRobotsOnBlackSite,numberOfRobotsOnWhiteSite
25395,28,16
timeStep,numberOfRobotsOnBlackSite,numberOfRobotsOnWhiteSite
25396,28,16
timeStep,numberOfRobotsOnBlackSite,numberOfRobotsOnWhiteSite
25397,28,16
timeStep,numberOfRobotsOnBlackSite,numberOfRobotsOnWhiteSite
25398,28,16
timeStep,numberOfRobotsOnBlackSite,numberOfRobotsOnWhiteSite
25399,28,16
timeStep,numberOfRobotsOnBlackSite,numberOfRobotsOnWhiteSite
25400,29,16
timeStep,numberOfRobotsOnBlackSite,numberOfRobotsOnWhiteSite
25401,29,16
timeStep,numberOfRobotsOnBlackSite,numberOfRobotsOnWhiteSite
25402,29,16
timeStep,numberOfRobotsOnBlackSite,numberOfRobotsOnWhiteSite
25403,29,16
timeStep,numberOfRobotsOnBlackSite,numberOfRobotsOnWhiteSite
25404,29,16
timeStep,numberOfRobotsOnBlackSite,numberOfRobotsOnWhiteSite
25405,28,16
timeStep,numberOfRobotsOnBlackSite,numberOfRobotsOnWhiteSite
25406,28,16
timeStep,numberOfRobotsOnBlackSite,numberOfRobotsOnWhiteSite
25407,28,16
timeStep,numberOfRobotsOnBlackSite,numberOfRobotsOnWhiteSite
25408,28,16
timeStep,numberOfRobotsOnBlackSite,numberOfRobotsOnWhiteSite
25409,28,16
timeStep,numberOfRobotsOnBlackSite,numberOfRobotsOnWhiteSite
25410,28,15
timeStep,numberOfRobotsOnBlackSite,numberOfRobotsOnWhiteSite
25411,28,15
timeStep,numberOfRobotsOnBlackSite,numberOfRobotsOnWhiteSite
25412,28,15
timeStep,numberOfRobotsOnBlackSite,numberOfRobotsOnWhiteSite
25413,28,15
timeStep,numberOfRobotsOnBlackSite,numberOfRobotsOnWhiteSite
25414,28,15
timeStep,numberOfRobotsOnBlackSite,numberOfRobotsOnWhiteSite
25415,28,15
timeStep,numberOfRobotsOnBlackSite,numberOfRobotsOnWhiteSite
25416,28,15
timeStep,numberOfRobotsOnBlackSite,numberOfRobotsOnWhiteSite
25417,28,15
timeStep,numberOfRobotsOnBlackSite,numberOfRobotsOnWhiteSite
25418,28,15
timeStep,numberOfRobotsOnBlackSite,numberOfRobotsOnWhiteSite
25419,28,15
timeStep,numberOfRobotsOnBlackSite,numberOfRobotsOnWhiteSite
25420,28,15
timeStep,numberOfRobotsOnBlackSite,numberOfRobotsOnWhiteSite
25421,28,15
timeStep,numberOfRobotsOnBlackSite,numberOfRobotsOnWhiteSite
25422,28,15
timeStep,numberOfRobotsOnBlackSite,numberOfRobotsOnWhiteSite
25423,28,15
timeStep,numberOfRobotsOnBlackSite,numberOfRobotsOnWhiteSite
25424,28,15
timeStep,numberOfRobotsOnBlackSite,numberOfRobotsOnWhiteSite
25425,28,15
timeStep,numberOfRobotsOnBlackSite,numberOfRobotsOnWhiteSite
25426,28,15
timeStep,numberOfRobotsOnBlackSite,numberOfRobotsOnWhiteSite
25427,28,15
timeStep,numberOfRobotsOnBlackSite,numberOfRobotsOnWhiteSite
25428,28,15
timeStep,numberOfRobotsOnBlackSite,numberOfRobotsOnWhiteSite
25429,28,15
timeStep,numberOfRobotsOnBlackSite,numberOfRobotsOnWhiteSite
25430,28,15
timeStep,numberOfRobotsOnBlackSite,numberOfRobotsOnWhiteSite
25431,28,15
timeStep,numberOfRobotsOnBlackSite,numberOfRobotsOnWhiteSite
25432,28,15
timeStep,numberOfRobotsOnBlackSite,numberOfRobotsOnWhiteSite
25433,28,15
timeStep,numberOfRobotsOnBlackSite,numberOfRobotsOnWhiteSite
25434,28,15
timeStep,numberOfRobotsOnBlackSite,numberOfRobotsOnWhiteSite
25435,28,15
timeStep,numberOfRobotsOnBlackSite,numberOfRobotsOnWhiteSite
25436,28,15
timeStep,numberOfRobotsOnBlackSite,numberOfRobotsOnWhiteSite
25437,28,15
timeStep,numberOfRobotsOnBlackSite,numberOfRobotsOnWhiteSite
25438,28,15
timeStep,numberOfRobotsOnBlackSite,numberOfRobotsOnWhiteSite
25439,28,15
timeStep,numberOfRobotsOnBlackSite,numberOfRobotsOnWhiteSite
25440,27,15
timeStep,numberOfRobotsOnBlackSite,numberOfRobotsOnWhiteSite
25441,27,15
timeStep,numberOfRobotsOnBlackSite,numberOfRobotsOnWhiteSite
25442,27,15
timeStep,numberOfRobotsOnBlackSite,numberOfRobotsOnWhiteSite
25443,27,15
timeStep,numberOfRobotsOnBlackSite,numberOfRobotsOnWhiteSite
25444,27,15
timeStep,numberOfRobotsOnBlackSite,numberOfRobotsOnWhiteSite
25445,28,15
timeStep,numberOfRobotsOnBlackSite,numberOfRobotsOnWhiteSite
25446,28,15
timeStep,numberOfRobotsOnBlackSite,numberOfRobotsOnWhiteSite
25447,28,15
timeStep,numberOfRobotsOnBlackSite,numberOfRobotsOnWhiteSite
25448,28,15
timeStep,numberOfRobotsOnBlackSite,numberOfRobotsOnWhiteSite
25449,28,15
timeStep,numberOfRobotsOnBlackSite,numberOfRobotsOnWhiteSite
25450,28,15
timeStep,numberOfRobotsOnBlackSite,numberOfRobotsOnWhiteSite
25451,28,15
timeStep,numberOfRobotsOnBlackSite,numberOfRobotsOnWhiteSite
25452,28,15
timeStep,numberOfRobotsOnBlackSite,numberOfRobotsOnWhiteSite
25453,28,15
timeStep,numberOfRobotsOnBlackSite,numberOfRobotsOnWhiteSite
25454,28,15
timeStep,numberOfRobotsOnBlackSite,numberOfRobotsOnWhiteSite
25455,28,15
timeStep,numberOfRobotsOnBlackSite,numberOfRobotsOnWhiteSite
25456,28,15
timeStep,numberOfRobotsOnBlackSite,numberOfRobotsOnWhiteSite
25457,28,15
timeStep,numberOfRobotsOnBlackSite,numberOfRobotsOnWhiteSite
25458,28,15
timeStep,numberOfRobotsOnBlackSite,numberOfRobotsOnWhiteSite
25459,28,15
timeStep,numberOfRobotsOnBlackSite,numberOfRobotsOnWhiteSite
25460,28,15
timeStep,numberOfRobotsOnBlackSite,numberOfRobotsOnWhiteSite
25461,28,15
timeStep,numberOfRobotsOnBlackSite,numberOfRobotsOnWhiteSite
25462,28,15
timeStep,numberOfRobotsOnBlackSite,numberOfRobotsOnWhiteSite
25463,28,15
timeStep,numberOfRobotsOnBlackSite,numberOfRobotsOnWhiteSite
25464,28,15
timeStep,numberOfRobotsOnBlackSite,numberOfRobotsOnWhiteSite
25465,28,15
timeStep,numberOfRobotsOnBlackSite,numberOfRobotsOnWhiteSite
25466,28,15
timeStep,numberOfRobotsOnBlackSite,numberOfRobotsOnWhiteSite
25467,28,15
timeStep,numberOfRobotsOnBlackSite,numberOfRobotsOnWhiteSite
25468,28,15
timeStep,numberOfRobotsOnBlackSite,numberOfRobotsOnWhiteSite
25469,28,15
timeStep,numberOfRobotsOnBlackSite,numberOfRobotsOnWhiteSite
25470,28,15
timeStep,numberOfRobotsOnBlackSite,numberOfRobotsOnWhiteSite
25471,28,15
timeStep,numberOfRobotsOnBlackSite,numberOfRobotsOnWhiteSite
25472,28,15
timeStep,numberOfRobotsOnBlackSite,numberOfRobotsOnWhiteSite
25473,28,15
timeStep,numberOfRobotsOnBlackSite,numberOfRobotsOnWhiteSite
25474,28,15
timeStep,numberOfRobotsOnBlackSite,numberOfRobotsOnWhiteSite
25475,28,15
timeStep,numberOfRobotsOnBlackSite,numberOfRobotsOnWhiteSite
25476,28,15
timeStep,numberOfRobotsOnBlackSite,numberOfRobotsOnWhiteSite
25477,28,15
timeStep,numberOfRobotsOnBlackSite,numberOfRobotsOnWhiteSite
25478,28,15
timeStep,numberOfRobotsOnBlackSite,numberOfRobotsOnWhiteSite
25479,28,15
timeStep,numberOfRobotsOnBlackSite,numberOfRobotsOnWhiteSite
25480,29,15
timeStep,numberOfRobotsOnBlackSite,numberOfRobotsOnWhiteSite
25481,29,15
timeStep,numberOfRobotsOnBlackSite,numberOfRobotsOnWhiteSite
25482,29,15
timeStep,numberOfRobotsOnBlackSite,numberOfRobotsOnWhiteSite
25483,29,15
timeStep,numberOfRobotsOnBlackSite,numberOfRobotsOnWhiteSite
25484,29,15
timeStep,numberOfRobotsOnBlackSite,numberOfRobotsOnWhiteSite
25485,29,15
timeStep,numberOfRobotsOnBlackSite,numberOfRobotsOnWhiteSite
25486,29,15
timeStep,numberOfRobotsOnBlackSite,numberOfRobotsOnWhiteSite
25487,29,15
timeStep,numberOfRobotsOnBlackSite,numberOfRobotsOnWhiteSite
25488,29,15
timeStep,numberOfRobotsOnBlackSite,numberOfRobotsOnWhiteSite
25489,29,15
timeStep,numberOfRobotsOnBlackSite,numberOfRobotsOnWhiteSite
25490,29,15
timeStep,numberOfRobotsOnBlackSite,numberOfRobotsOnWhiteSite
25491,29,15
timeStep,numberOfRobotsOnBlackSite,numberOfRobotsOnWhiteSite
25492,29,15
timeStep,numberOfRobotsOnBlackSite,numberOfRobotsOnWhiteSite
25493,29,15
timeStep,numberOfRobotsOnBlackSite,numberOfRobotsOnWhiteSite
25494,29,15
timeStep,numberOfRobotsOnBlackSite,numberOfRobotsOnWhiteSite
25495,29,15
timeStep,numberOfRobotsOnBlackSite,numberOfRobotsOnWhiteSite
25496,29,15
timeStep,numberOfRobotsOnBlackSite,numberOfRobotsOnWhiteSite
25497,29,15
timeStep,numberOfRobotsOnBlackSite,numberOfRobotsOnWhiteSite
25498,29,15
timeStep,numberOfRobotsOnBlackSite,numberOfRobotsOnWhiteSite
25499,29,15
timeStep,numberOfRobotsOnBlackSite,numberOfRobotsOnWhiteSite
25500,29,15
timeStep,numberOfRobotsOnBlackSite,numberOfRobotsOnWhiteSite
25501,29,15
timeStep,numberOfRobotsOnBlackSite,numberOfRobotsOnWhiteSite
25502,29,15
timeStep,numberOfRobotsOnBlackSite,numberOfRobotsOnWhiteSite
25503,29,15
timeStep,numberOfRobotsOnBlackSite,numberOfRobotsOnWhiteSite
25504,29,15
timeStep,numberOfRobotsOnBlackSite,numberOfRobotsOnWhiteSite
25505,29,14
timeStep,numberOfRobotsOnBlackSite,numberOfRobotsOnWhiteSite
25506,29,14
timeStep,numberOfRobotsOnBlackSite,numberOfRobotsOnWhiteSite
25507,29,14
timeStep,numberOfRobotsOnBlackSite,numberOfRobotsOnWhiteSite
25508,29,14
timeStep,numberOfRobotsOnBlackSite,numberOfRobotsOnWhiteSite
25509,29,14
timeStep,numberOfRobotsOnBlackSite,numberOfRobotsOnWhiteSite
25510,29,14
timeStep,numberOfRobotsOnBlackSite,numberOfRobotsOnWhiteSite
25511,29,14
timeStep,numberOfRobotsOnBlackSite,numberOfRobotsOnWhiteSite
25512,29,14
timeStep,numberOfRobotsOnBlackSite,numberOfRobotsOnWhiteSite
25513,29,14
timeStep,numberOfRobotsOnBlackSite,numberOfRobotsOnWhiteSite
25514,29,14
timeStep,numberOfRobotsOnBlackSite,numberOfRobotsOnWhiteSite
25515,29,14
timeStep,numberOfRobotsOnBlackSite,numberOfRobotsOnWhiteSite
25516,29,14
timeStep,numberOfRobotsOnBlackSite,numberOfRobotsOnWhiteSite
25517,29,14
timeStep,numberOfRobotsOnBlackSite,numberOfRobotsOnWhiteSite
25518,29,14
timeStep,numberOfRobotsOnBlackSite,numberOfRobotsOnWhiteSite
25519,29,14
timeStep,numberOfRobotsOnBlackSite,numberOfRobotsOnWhiteSite
25520,29,14
timeStep,numberOfRobotsOnBlackSite,numberOfRobotsOnWhiteSite
25521,29,14
timeStep,numberOfRobotsOnBlackSite,numberOfRobotsOnWhiteSite
25522,29,14
timeStep,numberOfRobotsOnBlackSite,numberOfRobotsOnWhiteSite
25523,29,14
timeStep,numberOfRobotsOnBlackSite,numberOfRobotsOnWhiteSite
25524,29,14
timeStep,numberOfRobotsOnBlackSite,numberOfRobotsOnWhiteSite
25525,29,14
timeStep,numberOfRobotsOnBlackSite,numberOfRobotsOnWhiteSite
25526,29,14
timeStep,numberOfRobotsOnBlackSite,numberOfRobotsOnWhiteSite
25527,29,14
timeStep,numberOfRobotsOnBlackSite,numberOfRobotsOnWhiteSite
25528,29,14
timeStep,numberOfRobotsOnBlackSite,numberOfRobotsOnWhiteSite
25529,29,14
timeStep,numberOfRobotsOnBlackSite,numberOfRobotsOnWhiteSite
25530,29,14
timeStep,numberOfRobotsOnBlackSite,numberOfRobotsOnWhiteSite
25531,29,14
timeStep,numberOfRobotsOnBlackSite,numberOfRobotsOnWhiteSite
25532,29,14
timeStep,numberOfRobotsOnBlackSite,numberOfRobotsOnWhiteSite
25533,29,14
timeStep,numberOfRobotsOnBlackSite,numberOfRobotsOnWhiteSite
25534,29,14
timeStep,numberOfRobotsOnBlackSite,numberOfRobotsOnWhiteSite
25535,29,14
timeStep,numberOfRobotsOnBlackSite,numberOfRobotsOnWhiteSite
25536,29,14
timeStep,numberOfRobotsOnBlackSite,numberOfRobotsOnWhiteSite
25537,29,14
timeStep,numberOfRobotsOnBlackSite,numberOfRobotsOnWhiteSite
25538,29,14
timeStep,numberOfRobotsOnBlackSite,numberOfRobotsOnWhiteSite
25539,29,14
timeStep,numberOfRobotsOnBlackSite,numberOfRobotsOnWhiteSite
25540,29,14
timeStep,numberOfRobotsOnBlackSite,numberOfRobotsOnWhiteSite
25541,29,14
timeStep,numberOfRobotsOnBlackSite,numberOfRobotsOnWhiteSite
25542,29,14
timeStep,numberOfRobotsOnBlackSite,numberOfRobotsOnWhiteSite
25543,29,14
timeStep,numberOfRobotsOnBlackSite,numberOfRobotsOnWhiteSite
25544,29,14
timeStep,numberOfRobotsOnBlackSite,numberOfRobotsOnWhiteSite
25545,29,14
timeStep,numberOfRobotsOnBlackSite,numberOfRobotsOnWhiteSite
25546,29,14
timeStep,numberOfRobotsOnBlackSite,numberOfRobotsOnWhiteSite
25547,29,14
timeStep,numberOfRobotsOnBlackSite,numberOfRobotsOnWhiteSite
25548,29,14
timeStep,numberOfRobotsOnBlackSite,numberOfRobotsOnWhiteSite
25549,29,14
timeStep,numberOfRobotsOnBlackSite,numberOfRobotsOnWhiteSite
25550,29,14
timeStep,numberOfRobotsOnBlackSite,numberOfRobotsOnWhiteSite
25551,29,14
timeStep,numberOfRobotsOnBlackSite,numberOfRobotsOnWhiteSite
25552,29,14
timeStep,numberOfRobotsOnBlackSite,numberOfRobotsOnWhiteSite
25553,29,14
timeStep,numberOfRobotsOnBlackSite,numberOfRobotsOnWhiteSite
25554,29,14
timeStep,numberOfRobotsOnBlackSite,numberOfRobotsOnWhiteSite
25555,29,14
timeStep,numberOfRobotsOnBlackSite,numberOfRobotsOnWhiteSite
25556,29,14
timeStep,numberOfRobotsOnBlackSite,numberOfRobotsOnWhiteSite
25557,29,14
timeStep,numberOfRobotsOnBlackSite,numberOfRobotsOnWhiteSite
25558,29,14
timeStep,numberOfRobotsOnBlackSite,numberOfRobotsOnWhiteSite
25559,29,14
timeStep,numberOfRobotsOnBlackSite,numberOfRobotsOnWhiteSite
25560,29,14
timeStep,numberOfRobotsOnBlackSite,numberOfRobotsOnWhiteSite
25561,29,14
timeStep,numberOfRobotsOnBlackSite,numberOfRobotsOnWhiteSite
25562,29,14
timeStep,numberOfRobotsOnBlackSite,numberOfRobotsOnWhiteSite
25563,29,14
timeStep,numberOfRobotsOnBlackSite,numberOfRobotsOnWhiteSite
25564,29,14
timeStep,numberOfRobotsOnBlackSite,numberOfRobotsOnWhiteSite
25565,29,14
timeStep,numberOfRobotsOnBlackSite,numberOfRobotsOnWhiteSite
25566,29,14
timeStep,numberOfRobotsOnBlackSite,numberOfRobotsOnWhiteSite
25567,29,14
timeStep,numberOfRobotsOnBlackSite,numberOfRobotsOnWhiteSite
25568,29,14
timeStep,numberOfRobotsOnBlackSite,numberOfRobotsOnWhiteSite
25569,29,14
timeStep,numberOfRobotsOnBlackSite,numberOfRobotsOnWhiteSite
25570,29,14
timeStep,numberOfRobotsOnBlackSite,numberOfRobotsOnWhiteSite
25571,29,14
timeStep,numberOfRobotsOnBlackSite,numberOfRobotsOnWhiteSite
25572,29,14
timeStep,numberOfRobotsOnBlackSite,numberOfRobotsOnWhiteSite
25573,29,14
timeStep,numberOfRobotsOnBlackSite,numberOfRobotsOnWhiteSite
25574,29,14
timeStep,numberOfRobotsOnBlackSite,numberOfRobotsOnWhiteSite
25575,29,14
timeStep,numberOfRobotsOnBlackSite,numberOfRobotsOnWhiteSite
25576,29,14
timeStep,numberOfRobotsOnBlackSite,numberOfRobotsOnWhiteSite
25577,29,14
timeStep,numberOfRobotsOnBlackSite,numberOfRobotsOnWhiteSite
25578,29,14
timeStep,numberOfRobotsOnBlackSite,numberOfRobotsOnWhiteSite
25579,29,14
timeStep,numberOfRobotsOnBlackSite,numberOfRobotsOnWhiteSite
25580,29,14
timeStep,numberOfRobotsOnBlackSite,numberOfRobotsOnWhiteSite
25581,29,14
timeStep,numberOfRobotsOnBlackSite,numberOfRobotsOnWhiteSite
25582,29,14
timeStep,numberOfRobotsOnBlackSite,numberOfRobotsOnWhiteSite
25583,29,14
timeStep,numberOfRobotsOnBlackSite,numberOfRobotsOnWhiteSite
25584,29,14
timeStep,numberOfRobotsOnBlackSite,numberOfRobotsOnWhiteSite
25585,29,14
timeStep,numberOfRobotsOnBlackSite,numberOfRobotsOnWhiteSite
25586,29,14
timeStep,numberOfRobotsOnBlackSite,numberOfRobotsOnWhiteSite
25587,29,14
timeStep,numberOfRobotsOnBlackSite,numberOfRobotsOnWhiteSite
25588,29,14
timeStep,numberOfRobotsOnBlackSite,numberOfRobotsOnWhiteSite
25589,29,14
timeStep,numberOfRobotsOnBlackSite,numberOfRobotsOnWhiteSite
25590,29,14
timeStep,numberOfRobotsOnBlackSite,numberOfRobotsOnWhiteSite
25591,29,14
timeStep,numberOfRobotsOnBlackSite,numberOfRobotsOnWhiteSite
25592,29,14
timeStep,numberOfRobotsOnBlackSite,numberOfRobotsOnWhiteSite
25593,29,14
timeStep,numberOfRobotsOnBlackSite,numberOfRobotsOnWhiteSite
25594,29,14
timeStep,numberOfRobotsOnBlackSite,numberOfRobotsOnWhiteSite
25595,29,14
timeStep,numberOfRobotsOnBlackSite,numberOfRobotsOnWhiteSite
25596,29,14
timeStep,numberOfRobotsOnBlackSite,numberOfRobotsOnWhiteSite
25597,29,14
timeStep,numberOfRobotsOnBlackSite,numberOfRobotsOnWhiteSite
25598,29,14
timeStep,numberOfRobotsOnBlackSite,numberOfRobotsOnWhiteSite
25599,29,14
timeStep,numberOfRobotsOnBlackSite,numberOfRobotsOnWhiteSite
25600,29,14
timeStep,numberOfRobotsOnBlackSite,numberOfRobotsOnWhiteSite
25601,29,14
timeStep,numberOfRobotsOnBlackSite,numberOfRobotsOnWhiteSite
25602,29,14
timeStep,numberOfRobotsOnBlackSite,numberOfRobotsOnWhiteSite
25603,29,14
timeStep,numberOfRobotsOnBlackSite,numberOfRobotsOnWhiteSite
25604,29,14
timeStep,numberOfRobotsOnBlackSite,numberOfRobotsOnWhiteSite
25605,29,14
timeStep,numberOfRobotsOnBlackSite,numberOfRobotsOnWhiteSite
25606,29,14
timeStep,numberOfRobotsOnBlackSite,numberOfRobotsOnWhiteSite
25607,29,14
timeStep,numberOfRobotsOnBlackSite,numberOfRobotsOnWhiteSite
25608,29,14
timeStep,numberOfRobotsOnBlackSite,numberOfRobotsOnWhiteSite
25609,29,14
timeStep,numberOfRobotsOnBlackSite,numberOfRobotsOnWhiteSite
25610,28,14
timeStep,numberOfRobotsOnBlackSite,numberOfRobotsOnWhiteSite
25611,28,14
timeStep,numberOfRobotsOnBlackSite,numberOfRobotsOnWhiteSite
25612,28,14
timeStep,numberOfRobotsOnBlackSite,numberOfRobotsOnWhiteSite
25613,28,14
timeStep,numberOfRobotsOnBlackSite,numberOfRobotsOnWhiteSite
25614,28,14
timeStep,numberOfRobotsOnBlackSite,numberOfRobotsOnWhiteSite
25615,28,13
timeStep,numberOfRobotsOnBlackSite,numberOfRobotsOnWhiteSite
25616,28,13
timeStep,numberOfRobotsOnBlackSite,numberOfRobotsOnWhiteSite
25617,28,13
timeStep,numberOfRobotsOnBlackSite,numberOfRobotsOnWhiteSite
25618,28,13
timeStep,numberOfRobotsOnBlackSite,numberOfRobotsOnWhiteSite
25619,28,13
timeStep,numberOfRobotsOnBlackSite,numberOfRobotsOnWhiteSite
25620,28,13
timeStep,numberOfRobotsOnBlackSite,numberOfRobotsOnWhiteSite
25621,28,13
timeStep,numberOfRobotsOnBlackSite,numberOfRobotsOnWhiteSite
25622,28,13
timeStep,numberOfRobotsOnBlackSite,numberOfRobotsOnWhiteSite
25623,28,13
timeStep,numberOfRobotsOnBlackSite,numberOfRobotsOnWhiteSite
25624,28,13
timeStep,numberOfRobotsOnBlackSite,numberOfRobotsOnWhiteSite
25625,28,13
timeStep,numberOfRobotsOnBlackSite,numberOfRobotsOnWhiteSite
25626,28,13
timeStep,numberOfRobotsOnBlackSite,numberOfRobotsOnWhiteSite
25627,28,13
timeStep,numberOfRobotsOnBlackSite,numberOfRobotsOnWhiteSite
25628,28,13
timeStep,numberOfRobotsOnBlackSite,numberOfRobotsOnWhiteSite
25629,28,13
timeStep,numberOfRobotsOnBlackSite,numberOfRobotsOnWhiteSite
25630,28,13
timeStep,numberOfRobotsOnBlackSite,numberOfRobotsOnWhiteSite
25631,28,13
timeStep,numberOfRobotsOnBlackSite,numberOfRobotsOnWhiteSite
25632,28,13
timeStep,numberOfRobotsOnBlackSite,numberOfRobotsOnWhiteSite
25633,28,13
timeStep,numberOfRobotsOnBlackSite,numberOfRobotsOnWhiteSite
25634,28,13
timeStep,numberOfRobotsOnBlackSite,numberOfRobotsOnWhiteSite
25635,28,13
timeStep,numberOfRobotsOnBlackSite,numberOfRobotsOnWhiteSite
25636,28,13
timeStep,numberOfRobotsOnBlackSite,numberOfRobotsOnWhiteSite
25637,28,13
timeStep,numberOfRobotsOnBlackSite,numberOfRobotsOnWhiteSite
25638,28,13
timeStep,numberOfRobotsOnBlackSite,numberOfRobotsOnWhiteSite
25639,28,13
timeStep,numberOfRobotsOnBlackSite,numberOfRobotsOnWhiteSite
25640,28,13
timeStep,numberOfRobotsOnBlackSite,numberOfRobotsOnWhiteSite
25641,28,13
timeStep,numberOfRobotsOnBlackSite,numberOfRobotsOnWhiteSite
25642,28,13
timeStep,numberOfRobotsOnBlackSite,numberOfRobotsOnWhiteSite
25643,28,13
timeStep,numberOfRobotsOnBlackSite,numberOfRobotsOnWhiteSite
25644,28,13
timeStep,numberOfRobotsOnBlackSite,numberOfRobotsOnWhiteSite
25645,28,13
timeStep,numberOfRobotsOnBlackSite,numberOfRobotsOnWhiteSite
25646,28,13
timeStep,numberOfRobotsOnBlackSite,numberOfRobotsOnWhiteSite
25647,28,13
timeStep,numberOfRobotsOnBlackSite,numberOfRobotsOnWhiteSite
25648,28,13
timeStep,numberOfRobotsOnBlackSite,numberOfRobotsOnWhiteSite
25649,28,13
timeStep,numberOfRobotsOnBlackSite,numberOfRobotsOnWhiteSite
25650,28,13
timeStep,numberOfRobotsOnBlackSite,numberOfRobotsOnWhiteSite
25651,28,13
timeStep,numberOfRobotsOnBlackSite,numberOfRobotsOnWhiteSite
25652,28,13
timeStep,numberOfRobotsOnBlackSite,numberOfRobotsOnWhiteSite
25653,28,13
timeStep,numberOfRobotsOnBlackSite,numberOfRobotsOnWhiteSite
25654,28,13
timeStep,numberOfRobotsOnBlackSite,numberOfRobotsOnWhiteSite
25655,28,13
timeStep,numberOfRobotsOnBlackSite,numberOfRobotsOnWhiteSite
25656,28,13
timeStep,numberOfRobotsOnBlackSite,numberOfRobotsOnWhiteSite
25657,28,13
timeStep,numberOfRobotsOnBlackSite,numberOfRobotsOnWhiteSite
25658,28,13
timeStep,numberOfRobotsOnBlackSite,numberOfRobotsOnWhiteSite
25659,28,13
timeStep,numberOfRobotsOnBlackSite,numberOfRobotsOnWhiteSite
25660,28,13
timeStep,numberOfRobotsOnBlackSite,numberOfRobotsOnWhiteSite
25661,28,13
timeStep,numberOfRobotsOnBlackSite,numberOfRobotsOnWhiteSite
25662,28,13
timeStep,numberOfRobotsOnBlackSite,numberOfRobotsOnWhiteSite
25663,28,13
timeStep,numberOfRobotsOnBlackSite,numberOfRobotsOnWhiteSite
25664,28,13
timeStep,numberOfRobotsOnBlackSite,numberOfRobotsOnWhiteSite
25665,28,13
timeStep,numberOfRobotsOnBlackSite,numberOfRobotsOnWhiteSite
25666,28,13
timeStep,numberOfRobotsOnBlackSite,numberOfRobotsOnWhiteSite
25667,28,13
timeStep,numberOfRobotsOnBlackSite,numberOfRobotsOnWhiteSite
25668,28,13
timeStep,numberOfRobotsOnBlackSite,numberOfRobotsOnWhiteSite
25669,28,13
timeStep,numberOfRobotsOnBlackSite,numberOfRobotsOnWhiteSite
25670,29,13
timeStep,numberOfRobotsOnBlackSite,numberOfRobotsOnWhiteSite
25671,29,13
timeStep,numberOfRobotsOnBlackSite,numberOfRobotsOnWhiteSite
25672,29,13
timeStep,numberOfRobotsOnBlackSite,numberOfRobotsOnWhiteSite
25673,29,13
timeStep,numberOfRobotsOnBlackSite,numberOfRobotsOnWhiteSite
25674,29,13
timeStep,numberOfRobotsOnBlackSite,numberOfRobotsOnWhiteSite
25675,29,14
timeStep,numberOfRobotsOnBlackSite,numberOfRobotsOnWhiteSite
25676,29,14
timeStep,numberOfRobotsOnBlackSite,numberOfRobotsOnWhiteSite
25677,29,14
timeStep,numberOfRobotsOnBlackSite,numberOfRobotsOnWhiteSite
25678,29,14
timeStep,numberOfRobotsOnBlackSite,numberOfRobotsOnWhiteSite
25679,29,14
timeStep,numberOfRobotsOnBlackSite,numberOfRobotsOnWhiteSite
25680,29,14
timeStep,numberOfRobotsOnBlackSite,numberOfRobotsOnWhiteSite
25681,29,14
timeStep,numberOfRobotsOnBlackSite,numberOfRobotsOnWhiteSite
25682,29,14
timeStep,numberOfRobotsOnBlackSite,numberOfRobotsOnWhiteSite
25683,29,14
timeStep,numberOfRobotsOnBlackSite,numberOfRobotsOnWhiteSite
25684,29,14
timeStep,numberOfRobotsOnBlackSite,numberOfRobotsOnWhiteSite
25685,29,14
timeStep,numberOfRobotsOnBlackSite,numberOfRobotsOnWhiteSite
25686,29,14
timeStep,numberOfRobotsOnBlackSite,numberOfRobotsOnWhiteSite
25687,29,14
timeStep,numberOfRobotsOnBlackSite,numberOfRobotsOnWhiteSite
25688,29,14
timeStep,numberOfRobotsOnBlackSite,numberOfRobotsOnWhiteSite
25689,29,14
timeStep,numberOfRobotsOnBlackSite,numberOfRobotsOnWhiteSite
25690,29,14
timeStep,numberOfRobotsOnBlackSite,numberOfRobotsOnWhiteSite
25691,29,14
timeStep,numberOfRobotsOnBlackSite,numberOfRobotsOnWhiteSite
25692,29,14
timeStep,numberOfRobotsOnBlackSite,numberOfRobotsOnWhiteSite
25693,29,14
timeStep,numberOfRobotsOnBlackSite,numberOfRobotsOnWhiteSite
25694,29,14
timeStep,numberOfRobotsOnBlackSite,numberOfRobotsOnWhiteSite
25695,29,14
timeStep,numberOfRobotsOnBlackSite,numberOfRobotsOnWhiteSite
25696,29,14
timeStep,numberOfRobotsOnBlackSite,numberOfRobotsOnWhiteSite
25697,29,14
timeStep,numberOfRobotsOnBlackSite,numberOfRobotsOnWhiteSite
25698,29,14
timeStep,numberOfRobotsOnBlackSite,numberOfRobotsOnWhiteSite
25699,29,14
timeStep,numberOfRobotsOnBlackSite,numberOfRobotsOnWhiteSite
25700,29,14
timeStep,numberOfRobotsOnBlackSite,numberOfRobotsOnWhiteSite
25701,29,14
timeStep,numberOfRobotsOnBlackSite,numberOfRobotsOnWhiteSite
25702,29,14
timeStep,numberOfRobotsOnBlackSite,numberOfRobotsOnWhiteSite
25703,29,14
timeStep,numberOfRobotsOnBlackSite,numberOfRobotsOnWhiteSite
25704,29,14
timeStep,numberOfRobotsOnBlackSite,numberOfRobotsOnWhiteSite
25705,29,14
timeStep,numberOfRobotsOnBlackSite,numberOfRobotsOnWhiteSite
25706,29,14
timeStep,numberOfRobotsOnBlackSite,numberOfRobotsOnWhiteSite
25707,29,14
timeStep,numberOfRobotsOnBlackSite,numberOfRobotsOnWhiteSite
25708,29,14
timeStep,numberOfRobotsOnBlackSite,numberOfRobotsOnWhiteSite
25709,29,14
timeStep,numberOfRobotsOnBlackSite,numberOfRobotsOnWhiteSite
25710,29,14
timeStep,numberOfRobotsOnBlackSite,numberOfRobotsOnWhiteSite
25711,29,14
timeStep,numberOfRobotsOnBlackSite,numberOfRobotsOnWhiteSite
25712,29,14
timeStep,numberOfRobotsOnBlackSite,numberOfRobotsOnWhiteSite
25713,29,14
timeStep,numberOfRobotsOnBlackSite,numberOfRobotsOnWhiteSite
25714,29,14
timeStep,numberOfRobotsOnBlackSite,numberOfRobotsOnWhiteSite
25715,29,15
timeStep,numberOfRobotsOnBlackSite,numberOfRobotsOnWhiteSite
25716,29,15
timeStep,numberOfRobotsOnBlackSite,numberOfRobotsOnWhiteSite
25717,29,15
timeStep,numberOfRobotsOnBlackSite,numberOfRobotsOnWhiteSite
25718,29,15
timeStep,numberOfRobotsOnBlackSite,numberOfRobotsOnWhiteSite
25719,29,15
timeStep,numberOfRobotsOnBlackSite,numberOfRobotsOnWhiteSite
25720,29,15
timeStep,numberOfRobotsOnBlackSite,numberOfRobotsOnWhiteSite
25721,29,15
timeStep,numberOfRobotsOnBlackSite,numberOfRobotsOnWhiteSite
25722,29,15
timeStep,numberOfRobotsOnBlackSite,numberOfRobotsOnWhiteSite
25723,29,15
timeStep,numberOfRobotsOnBlackSite,numberOfRobotsOnWhiteSite
25724,29,15
timeStep,numberOfRobotsOnBlackSite,numberOfRobotsOnWhiteSite
25725,29,15
timeStep,numberOfRobotsOnBlackSite,numberOfRobotsOnWhiteSite
25726,29,15
timeStep,numberOfRobotsOnBlackSite,numberOfRobotsOnWhiteSite
25727,29,15
timeStep,numberOfRobotsOnBlackSite,numberOfRobotsOnWhiteSite
25728,29,15
timeStep,numberOfRobotsOnBlackSite,numberOfRobotsOnWhiteSite
25729,29,15
timeStep,numberOfRobotsOnBlackSite,numberOfRobotsOnWhiteSite
25730,29,15
timeStep,numberOfRobotsOnBlackSite,numberOfRobotsOnWhiteSite
25731,29,15
timeStep,numberOfRobotsOnBlackSite,numberOfRobotsOnWhiteSite
25732,29,15
timeStep,numberOfRobotsOnBlackSite,numberOfRobotsOnWhiteSite
25733,29,15
timeStep,numberOfRobotsOnBlackSite,numberOfRobotsOnWhiteSite
25734,29,15
timeStep,numberOfRobotsOnBlackSite,numberOfRobotsOnWhiteSite
25735,29,15
timeStep,numberOfRobotsOnBlackSite,numberOfRobotsOnWhiteSite
25736,29,15
timeStep,numberOfRobotsOnBlackSite,numberOfRobotsOnWhiteSite
25737,29,15
timeStep,numberOfRobotsOnBlackSite,numberOfRobotsOnWhiteSite
25738,29,15
timeStep,numberOfRobotsOnBlackSite,numberOfRobotsOnWhiteSite
25739,29,15
timeStep,numberOfRobotsOnBlackSite,numberOfRobotsOnWhiteSite
25740,29,15
timeStep,numberOfRobotsOnBlackSite,numberOfRobotsOnWhiteSite
25741,29,15
timeStep,numberOfRobotsOnBlackSite,numberOfRobotsOnWhiteSite
25742,29,15
timeStep,numberOfRobotsOnBlackSite,numberOfRobotsOnWhiteSite
25743,29,15
timeStep,numberOfRobotsOnBlackSite,numberOfRobotsOnWhiteSite
25744,29,15
timeStep,numberOfRobotsOnBlackSite,numberOfRobotsOnWhiteSite
25745,29,15
timeStep,numberOfRobotsOnBlackSite,numberOfRobotsOnWhiteSite
25746,29,15
timeStep,numberOfRobotsOnBlackSite,numberOfRobotsOnWhiteSite
25747,29,15
timeStep,numberOfRobotsOnBlackSite,numberOfRobotsOnWhiteSite
25748,29,15
timeStep,numberOfRobotsOnBlackSite,numberOfRobotsOnWhiteSite
25749,29,15
timeStep,numberOfRobotsOnBlackSite,numberOfRobotsOnWhiteSite
25750,29,15
timeStep,numberOfRobotsOnBlackSite,numberOfRobotsOnWhiteSite
25751,29,15
timeStep,numberOfRobotsOnBlackSite,numberOfRobotsOnWhiteSite
25752,29,15
timeStep,numberOfRobotsOnBlackSite,numberOfRobotsOnWhiteSite
25753,29,15
timeStep,numberOfRobotsOnBlackSite,numberOfRobotsOnWhiteSite
25754,29,15
timeStep,numberOfRobotsOnBlackSite,numberOfRobotsOnWhiteSite
25755,29,15
timeStep,numberOfRobotsOnBlackSite,numberOfRobotsOnWhiteSite
25756,29,15
timeStep,numberOfRobotsOnBlackSite,numberOfRobotsOnWhiteSite
25757,29,15
timeStep,numberOfRobotsOnBlackSite,numberOfRobotsOnWhiteSite
25758,29,15
timeStep,numberOfRobotsOnBlackSite,numberOfRobotsOnWhiteSite
25759,29,15
timeStep,numberOfRobotsOnBlackSite,numberOfRobotsOnWhiteSite
25760,28,15
timeStep,numberOfRobotsOnBlackSite,numberOfRobotsOnWhiteSite
25761,28,15
timeStep,numberOfRobotsOnBlackSite,numberOfRobotsOnWhiteSite
25762,28,15
timeStep,numberOfRobotsOnBlackSite,numberOfRobotsOnWhiteSite
25763,28,15
timeStep,numberOfRobotsOnBlackSite,numberOfRobotsOnWhiteSite
25764,28,15
timeStep,numberOfRobotsOnBlackSite,numberOfRobotsOnWhiteSite
25765,28,15
timeStep,numberOfRobotsOnBlackSite,numberOfRobotsOnWhiteSite
25766,28,15
timeStep,numberOfRobotsOnBlackSite,numberOfRobotsOnWhiteSite
25767,28,15
timeStep,numberOfRobotsOnBlackSite,numberOfRobotsOnWhiteSite
25768,28,15
timeStep,numberOfRobotsOnBlackSite,numberOfRobotsOnWhiteSite
25769,28,15
timeStep,numberOfRobotsOnBlackSite,numberOfRobotsOnWhiteSite
25770,28,15
timeStep,numberOfRobotsOnBlackSite,numberOfRobotsOnWhiteSite
25771,28,15
timeStep,numberOfRobotsOnBlackSite,numberOfRobotsOnWhiteSite
25772,28,15
timeStep,numberOfRobotsOnBlackSite,numberOfRobotsOnWhiteSite
25773,28,15
timeStep,numberOfRobotsOnBlackSite,numberOfRobotsOnWhiteSite
25774,28,15
timeStep,numberOfRobotsOnBlackSite,numberOfRobotsOnWhiteSite
25775,28,15
timeStep,numberOfRobotsOnBlackSite,numberOfRobotsOnWhiteSite
25776,28,15
timeStep,numberOfRobotsOnBlackSite,numberOfRobotsOnWhiteSite
25777,28,15
timeStep,numberOfRobotsOnBlackSite,numberOfRobotsOnWhiteSite
25778,28,15
timeStep,numberOfRobotsOnBlackSite,numberOfRobotsOnWhiteSite
25779,28,15
timeStep,numberOfRobotsOnBlackSite,numberOfRobotsOnWhiteSite
25780,28,15
timeStep,numberOfRobotsOnBlackSite,numberOfRobotsOnWhiteSite
25781,28,15
timeStep,numberOfRobotsOnBlackSite,numberOfRobotsOnWhiteSite
25782,28,15
timeStep,numberOfRobotsOnBlackSite,numberOfRobotsOnWhiteSite
25783,28,15
timeStep,numberOfRobotsOnBlackSite,numberOfRobotsOnWhiteSite
25784,28,15
timeStep,numberOfRobotsOnBlackSite,numberOfRobotsOnWhiteSite
25785,28,13
timeStep,numberOfRobotsOnBlackSite,numberOfRobotsOnWhiteSite
25786,28,13
timeStep,numberOfRobotsOnBlackSite,numberOfRobotsOnWhiteSite
25787,28,13
timeStep,numberOfRobotsOnBlackSite,numberOfRobotsOnWhiteSite
25788,28,13
timeStep,numberOfRobotsOnBlackSite,numberOfRobotsOnWhiteSite
25789,28,13
timeStep,numberOfRobotsOnBlackSite,numberOfRobotsOnWhiteSite
25790,28,13
timeStep,numberOfRobotsOnBlackSite,numberOfRobotsOnWhiteSite
25791,28,13
timeStep,numberOfRobotsOnBlackSite,numberOfRobotsOnWhiteSite
25792,28,13
timeStep,numberOfRobotsOnBlackSite,numberOfRobotsOnWhiteSite
25793,28,13
timeStep,numberOfRobotsOnBlackSite,numberOfRobotsOnWhiteSite
25794,28,13
timeStep,numberOfRobotsOnBlackSite,numberOfRobotsOnWhiteSite
25795,28,13
timeStep,numberOfRobotsOnBlackSite,numberOfRobotsOnWhiteSite
25796,28,13
timeStep,numberOfRobotsOnBlackSite,numberOfRobotsOnWhiteSite
25797,28,13
timeStep,numberOfRobotsOnBlackSite,numberOfRobotsOnWhiteSite
25798,28,13
timeStep,numberOfRobotsOnBlackSite,numberOfRobotsOnWhiteSite
25799,28,13
timeStep,numberOfRobotsOnBlackSite,numberOfRobotsOnWhiteSite
25800,28,13
timeStep,numberOfRobotsOnBlackSite,numberOfRobotsOnWhiteSite
25801,28,13
timeStep,numberOfRobotsOnBlackSite,numberOfRobotsOnWhiteSite
25802,28,13
timeStep,numberOfRobotsOnBlackSite,numberOfRobotsOnWhiteSite
25803,28,13
timeStep,numberOfRobotsOnBlackSite,numberOfRobotsOnWhiteSite
25804,28,13
timeStep,numberOfRobotsOnBlackSite,numberOfRobotsOnWhiteSite
25805,28,13
timeStep,numberOfRobotsOnBlackSite,numberOfRobotsOnWhiteSite
25806,28,13
timeStep,numberOfRobotsOnBlackSite,numberOfRobotsOnWhiteSite
25807,28,13
timeStep,numberOfRobotsOnBlackSite,numberOfRobotsOnWhiteSite
25808,28,13
timeStep,numberOfRobotsOnBlackSite,numberOfRobotsOnWhiteSite
25809,28,13
timeStep,numberOfRobotsOnBlackSite,numberOfRobotsOnWhiteSite
25810,30,13
timeStep,numberOfRobotsOnBlackSite,numberOfRobotsOnWhiteSite
25811,30,13
timeStep,numberOfRobotsOnBlackSite,numberOfRobotsOnWhiteSite
25812,30,13
timeStep,numberOfRobotsOnBlackSite,numberOfRobotsOnWhiteSite
25813,30,13
timeStep,numberOfRobotsOnBlackSite,numberOfRobotsOnWhiteSite
25814,30,13
timeStep,numberOfRobotsOnBlackSite,numberOfRobotsOnWhiteSite
25815,30,13
timeStep,numberOfRobotsOnBlackSite,numberOfRobotsOnWhiteSite
25816,30,13
timeStep,numberOfRobotsOnBlackSite,numberOfRobotsOnWhiteSite
25817,30,13
timeStep,numberOfRobotsOnBlackSite,numberOfRobotsOnWhiteSite
25818,30,13
timeStep,numberOfRobotsOnBlackSite,numberOfRobotsOnWhiteSite
25819,30,13
timeStep,numberOfRobotsOnBlackSite,numberOfRobotsOnWhiteSite
25820,30,14
timeStep,numberOfRobotsOnBlackSite,numberOfRobotsOnWhiteSite
25821,30,14
timeStep,numberOfRobotsOnBlackSite,numberOfRobotsOnWhiteSite
25822,30,14
timeStep,numberOfRobotsOnBlackSite,numberOfRobotsOnWhiteSite
25823,30,14
timeStep,numberOfRobotsOnBlackSite,numberOfRobotsOnWhiteSite
25824,30,14
timeStep,numberOfRobotsOnBlackSite,numberOfRobotsOnWhiteSite
25825,30,14
timeStep,numberOfRobotsOnBlackSite,numberOfRobotsOnWhiteSite
25826,30,14
timeStep,numberOfRobotsOnBlackSite,numberOfRobotsOnWhiteSite
25827,30,14
timeStep,numberOfRobotsOnBlackSite,numberOfRobotsOnWhiteSite
25828,30,14
timeStep,numberOfRobotsOnBlackSite,numberOfRobotsOnWhiteSite
25829,30,14
timeStep,numberOfRobotsOnBlackSite,numberOfRobotsOnWhiteSite
25830,30,15
timeStep,numberOfRobotsOnBlackSite,numberOfRobotsOnWhiteSite
25831,30,15
timeStep,numberOfRobotsOnBlackSite,numberOfRobotsOnWhiteSite
25832,30,15
timeStep,numberOfRobotsOnBlackSite,numberOfRobotsOnWhiteSite
25833,30,15
timeStep,numberOfRobotsOnBlackSite,numberOfRobotsOnWhiteSite
25834,30,15
timeStep,numberOfRobotsOnBlackSite,numberOfRobotsOnWhiteSite
25835,30,15
timeStep,numberOfRobotsOnBlackSite,numberOfRobotsOnWhiteSite
25836,30,15
timeStep,numberOfRobotsOnBlackSite,numberOfRobotsOnWhiteSite
25837,30,15
timeStep,numberOfRobotsOnBlackSite,numberOfRobotsOnWhiteSite
25838,30,15
timeStep,numberOfRobotsOnBlackSite,numberOfRobotsOnWhiteSite
25839,30,15
timeStep,numberOfRobotsOnBlackSite,numberOfRobotsOnWhiteSite
25840,30,15
timeStep,numberOfRobotsOnBlackSite,numberOfRobotsOnWhiteSite
25841,30,15
timeStep,numberOfRobotsOnBlackSite,numberOfRobotsOnWhiteSite
25842,30,15
timeStep,numberOfRobotsOnBlackSite,numberOfRobotsOnWhiteSite
25843,30,15
timeStep,numberOfRobotsOnBlackSite,numberOfRobotsOnWhiteSite
25844,30,15
timeStep,numberOfRobotsOnBlackSite,numberOfRobotsOnWhiteSite
25845,30,15
timeStep,numberOfRobotsOnBlackSite,numberOfRobotsOnWhiteSite
25846,30,15
timeStep,numberOfRobotsOnBlackSite,numberOfRobotsOnWhiteSite
25847,30,15
timeStep,numberOfRobotsOnBlackSite,numberOfRobotsOnWhiteSite
25848,30,15
timeStep,numberOfRobotsOnBlackSite,numberOfRobotsOnWhiteSite
25849,30,15
timeStep,numberOfRobotsOnBlackSite,numberOfRobotsOnWhiteSite
25850,30,15
timeStep,numberOfRobotsOnBlackSite,numberOfRobotsOnWhiteSite
25851,30,15
timeStep,numberOfRobotsOnBlackSite,numberOfRobotsOnWhiteSite
25852,30,15
timeStep,numberOfRobotsOnBlackSite,numberOfRobotsOnWhiteSite
25853,30,15
timeStep,numberOfRobotsOnBlackSite,numberOfRobotsOnWhiteSite
25854,30,15
timeStep,numberOfRobotsOnBlackSite,numberOfRobotsOnWhiteSite
25855,30,15
timeStep,numberOfRobotsOnBlackSite,numberOfRobotsOnWhiteSite
25856,30,15
timeStep,numberOfRobotsOnBlackSite,numberOfRobotsOnWhiteSite
25857,30,15
timeStep,numberOfRobotsOnBlackSite,numberOfRobotsOnWhiteSite
25858,30,15
timeStep,numberOfRobotsOnBlackSite,numberOfRobotsOnWhiteSite
25859,30,15
timeStep,numberOfRobotsOnBlackSite,numberOfRobotsOnWhiteSite
25860,30,15
timeStep,numberOfRobotsOnBlackSite,numberOfRobotsOnWhiteSite
25861,30,15
timeStep,numberOfRobotsOnBlackSite,numberOfRobotsOnWhiteSite
25862,30,15
timeStep,numberOfRobotsOnBlackSite,numberOfRobotsOnWhiteSite
25863,30,15
timeStep,numberOfRobotsOnBlackSite,numberOfRobotsOnWhiteSite
25864,30,15
timeStep,numberOfRobotsOnBlackSite,numberOfRobotsOnWhiteSite
25865,29,15
timeStep,numberOfRobotsOnBlackSite,numberOfRobotsOnWhiteSite
25866,29,15
timeStep,numberOfRobotsOnBlackSite,numberOfRobotsOnWhiteSite
25867,29,15
timeStep,numberOfRobotsOnBlackSite,numberOfRobotsOnWhiteSite
25868,29,15
timeStep,numberOfRobotsOnBlackSite,numberOfRobotsOnWhiteSite
25869,29,15
timeStep,numberOfRobotsOnBlackSite,numberOfRobotsOnWhiteSite
25870,29,15
timeStep,numberOfRobotsOnBlackSite,numberOfRobotsOnWhiteSite
25871,29,15
timeStep,numberOfRobotsOnBlackSite,numberOfRobotsOnWhiteSite
25872,29,15
timeStep,numberOfRobotsOnBlackSite,numberOfRobotsOnWhiteSite
25873,29,15
timeStep,numberOfRobotsOnBlackSite,numberOfRobotsOnWhiteSite
25874,29,15
timeStep,numberOfRobotsOnBlackSite,numberOfRobotsOnWhiteSite
25875,29,15
timeStep,numberOfRobotsOnBlackSite,numberOfRobotsOnWhiteSite
25876,29,15
timeStep,numberOfRobotsOnBlackSite,numberOfRobotsOnWhiteSite
25877,29,15
timeStep,numberOfRobotsOnBlackSite,numberOfRobotsOnWhiteSite
25878,29,15
timeStep,numberOfRobotsOnBlackSite,numberOfRobotsOnWhiteSite
25879,29,15
timeStep,numberOfRobotsOnBlackSite,numberOfRobotsOnWhiteSite
25880,29,15
timeStep,numberOfRobotsOnBlackSite,numberOfRobotsOnWhiteSite
25881,29,15
timeStep,numberOfRobotsOnBlackSite,numberOfRobotsOnWhiteSite
25882,29,15
timeStep,numberOfRobotsOnBlackSite,numberOfRobotsOnWhiteSite
25883,29,15
timeStep,numberOfRobotsOnBlackSite,numberOfRobotsOnWhiteSite
25884,29,15
timeStep,numberOfRobotsOnBlackSite,numberOfRobotsOnWhiteSite
25885,29,15
timeStep,numberOfRobotsOnBlackSite,numberOfRobotsOnWhiteSite
25886,29,15
timeStep,numberOfRobotsOnBlackSite,numberOfRobotsOnWhiteSite
25887,29,15
timeStep,numberOfRobotsOnBlackSite,numberOfRobotsOnWhiteSite
25888,29,15
timeStep,numberOfRobotsOnBlackSite,numberOfRobotsOnWhiteSite
25889,29,15
timeStep,numberOfRobotsOnBlackSite,numberOfRobotsOnWhiteSite
25890,29,15
timeStep,numberOfRobotsOnBlackSite,numberOfRobotsOnWhiteSite
25891,29,15
timeStep,numberOfRobotsOnBlackSite,numberOfRobotsOnWhiteSite
25892,29,15
timeStep,numberOfRobotsOnBlackSite,numberOfRobotsOnWhiteSite
25893,29,15
timeStep,numberOfRobotsOnBlackSite,numberOfRobotsOnWhiteSite
25894,29,15
timeStep,numberOfRobotsOnBlackSite,numberOfRobotsOnWhiteSite
25895,29,14
timeStep,numberOfRobotsOnBlackSite,numberOfRobotsOnWhiteSite
25896,29,14
timeStep,numberOfRobotsOnBlackSite,numberOfRobotsOnWhiteSite
25897,29,14
timeStep,numberOfRobotsOnBlackSite,numberOfRobotsOnWhiteSite
25898,29,14
timeStep,numberOfRobotsOnBlackSite,numberOfRobotsOnWhiteSite
25899,29,14
timeStep,numberOfRobotsOnBlackSite,numberOfRobotsOnWhiteSite
25900,29,14
timeStep,numberOfRobotsOnBlackSite,numberOfRobotsOnWhiteSite
25901,29,14
timeStep,numberOfRobotsOnBlackSite,numberOfRobotsOnWhiteSite
25902,29,14
timeStep,numberOfRobotsOnBlackSite,numberOfRobotsOnWhiteSite
25903,29,14
timeStep,numberOfRobotsOnBlackSite,numberOfRobotsOnWhiteSite
25904,29,14
timeStep,numberOfRobotsOnBlackSite,numberOfRobotsOnWhiteSite
25905,29,14
timeStep,numberOfRobotsOnBlackSite,numberOfRobotsOnWhiteSite
25906,29,14
timeStep,numberOfRobotsOnBlackSite,numberOfRobotsOnWhiteSite
25907,29,14
timeStep,numberOfRobotsOnBlackSite,numberOfRobotsOnWhiteSite
25908,29,14
timeStep,numberOfRobotsOnBlackSite,numberOfRobotsOnWhiteSite
25909,29,14
timeStep,numberOfRobotsOnBlackSite,numberOfRobotsOnWhiteSite
25910,29,14
timeStep,numberOfRobotsOnBlackSite,numberOfRobotsOnWhiteSite
25911,29,14
timeStep,numberOfRobotsOnBlackSite,numberOfRobotsOnWhiteSite
25912,29,14
timeStep,numberOfRobotsOnBlackSite,numberOfRobotsOnWhiteSite
25913,29,14
timeStep,numberOfRobotsOnBlackSite,numberOfRobotsOnWhiteSite
25914,29,14
timeStep,numberOfRobotsOnBlackSite,numberOfRobotsOnWhiteSite
25915,29,14
timeStep,numberOfRobotsOnBlackSite,numberOfRobotsOnWhiteSite
25916,29,14
timeStep,numberOfRobotsOnBlackSite,numberOfRobotsOnWhiteSite
25917,29,14
timeStep,numberOfRobotsOnBlackSite,numberOfRobotsOnWhiteSite
25918,29,14
timeStep,numberOfRobotsOnBlackSite,numberOfRobotsOnWhiteSite
25919,29,14
timeStep,numberOfRobotsOnBlackSite,numberOfRobotsOnWhiteSite
25920,29,14
timeStep,numberOfRobotsOnBlackSite,numberOfRobotsOnWhiteSite
25921,29,14
timeStep,numberOfRobotsOnBlackSite,numberOfRobotsOnWhiteSite
25922,29,14
timeStep,numberOfRobotsOnBlackSite,numberOfRobotsOnWhiteSite
25923,29,14
timeStep,numberOfRobotsOnBlackSite,numberOfRobotsOnWhiteSite
25924,29,14
timeStep,numberOfRobotsOnBlackSite,numberOfRobotsOnWhiteSite
25925,29,14
timeStep,numberOfRobotsOnBlackSite,numberOfRobotsOnWhiteSite
25926,29,14
timeStep,numberOfRobotsOnBlackSite,numberOfRobotsOnWhiteSite
25927,29,14
timeStep,numberOfRobotsOnBlackSite,numberOfRobotsOnWhiteSite
25928,29,14
timeStep,numberOfRobotsOnBlackSite,numberOfRobotsOnWhiteSite
25929,29,14
timeStep,numberOfRobotsOnBlackSite,numberOfRobotsOnWhiteSite
25930,30,14
timeStep,numberOfRobotsOnBlackSite,numberOfRobotsOnWhiteSite
25931,30,14
timeStep,numberOfRobotsOnBlackSite,numberOfRobotsOnWhiteSite
25932,30,14
timeStep,numberOfRobotsOnBlackSite,numberOfRobotsOnWhiteSite
25933,30,14
timeStep,numberOfRobotsOnBlackSite,numberOfRobotsOnWhiteSite
25934,30,14
timeStep,numberOfRobotsOnBlackSite,numberOfRobotsOnWhiteSite
25935,30,14
timeStep,numberOfRobotsOnBlackSite,numberOfRobotsOnWhiteSite
25936,30,14
timeStep,numberOfRobotsOnBlackSite,numberOfRobotsOnWhiteSite
25937,30,14
timeStep,numberOfRobotsOnBlackSite,numberOfRobotsOnWhiteSite
25938,30,14
timeStep,numberOfRobotsOnBlackSite,numberOfRobotsOnWhiteSite
25939,30,14
timeStep,numberOfRobotsOnBlackSite,numberOfRobotsOnWhiteSite
25940,30,14
timeStep,numberOfRobotsOnBlackSite,numberOfRobotsOnWhiteSite
25941,30,14
timeStep,numberOfRobotsOnBlackSite,numberOfRobotsOnWhiteSite
25942,30,14
timeStep,numberOfRobotsOnBlackSite,numberOfRobotsOnWhiteSite
25943,30,14
timeStep,numberOfRobotsOnBlackSite,numberOfRobotsOnWhiteSite
25944,30,14
timeStep,numberOfRobotsOnBlackSite,numberOfRobotsOnWhiteSite
25945,30,14
timeStep,numberOfRobotsOnBlackSite,numberOfRobotsOnWhiteSite
25946,30,14
timeStep,numberOfRobotsOnBlackSite,numberOfRobotsOnWhiteSite
25947,30,14
timeStep,numberOfRobotsOnBlackSite,numberOfRobotsOnWhiteSite
25948,30,14
timeStep,numberOfRobotsOnBlackSite,numberOfRobotsOnWhiteSite
25949,30,14
timeStep,numberOfRobotsOnBlackSite,numberOfRobotsOnWhiteSite
25950,30,14
timeStep,numberOfRobotsOnBlackSite,numberOfRobotsOnWhiteSite
25951,30,14
timeStep,numberOfRobotsOnBlackSite,numberOfRobotsOnWhiteSite
25952,30,14
timeStep,numberOfRobotsOnBlackSite,numberOfRobotsOnWhiteSite
25953,30,14
timeStep,numberOfRobotsOnBlackSite,numberOfRobotsOnWhiteSite
25954,30,14
timeStep,numberOfRobotsOnBlackSite,numberOfRobotsOnWhiteSite
25955,30,14
timeStep,numberOfRobotsOnBlackSite,numberOfRobotsOnWhiteSite
25956,30,14
timeStep,numberOfRobotsOnBlackSite,numberOfRobotsOnWhiteSite
25957,30,14
timeStep,numberOfRobotsOnBlackSite,numberOfRobotsOnWhiteSite
25958,30,14
timeStep,numberOfRobotsOnBlackSite,numberOfRobotsOnWhiteSite
25959,30,14
timeStep,numberOfRobotsOnBlackSite,numberOfRobotsOnWhiteSite
25960,30,14
timeStep,numberOfRobotsOnBlackSite,numberOfRobotsOnWhiteSite
25961,30,14
timeStep,numberOfRobotsOnBlackSite,numberOfRobotsOnWhiteSite
25962,30,14
timeStep,numberOfRobotsOnBlackSite,numberOfRobotsOnWhiteSite
25963,30,14
timeStep,numberOfRobotsOnBlackSite,numberOfRobotsOnWhiteSite
25964,30,14
timeStep,numberOfRobotsOnBlackSite,numberOfRobotsOnWhiteSite
25965,30,14
timeStep,numberOfRobotsOnBlackSite,numberOfRobotsOnWhiteSite
25966,30,14
timeStep,numberOfRobotsOnBlackSite,numberOfRobotsOnWhiteSite
25967,30,14
timeStep,numberOfRobotsOnBlackSite,numberOfRobotsOnWhiteSite
25968,30,14
timeStep,numberOfRobotsOnBlackSite,numberOfRobotsOnWhiteSite
25969,30,14
timeStep,numberOfRobotsOnBlackSite,numberOfRobotsOnWhiteSite
25970,30,14
timeStep,numberOfRobotsOnBlackSite,numberOfRobotsOnWhiteSite
25971,30,14
timeStep,numberOfRobotsOnBlackSite,numberOfRobotsOnWhiteSite
25972,30,14
timeStep,numberOfRobotsOnBlackSite,numberOfRobotsOnWhiteSite
25973,30,14
timeStep,numberOfRobotsOnBlackSite,numberOfRobotsOnWhiteSite
25974,30,14
timeStep,numberOfRobotsOnBlackSite,numberOfRobotsOnWhiteSite
25975,30,14
timeStep,numberOfRobotsOnBlackSite,numberOfRobotsOnWhiteSite
25976,30,14
timeStep,numberOfRobotsOnBlackSite,numberOfRobotsOnWhiteSite
25977,30,14
timeStep,numberOfRobotsOnBlackSite,numberOfRobotsOnWhiteSite
25978,30,14
timeStep,numberOfRobotsOnBlackSite,numberOfRobotsOnWhiteSite
25979,30,14
timeStep,numberOfRobotsOnBlackSite,numberOfRobotsOnWhiteSite
25980,30,14
timeStep,numberOfRobotsOnBlackSite,numberOfRobotsOnWhiteSite
25981,30,14
timeStep,numberOfRobotsOnBlackSite,numberOfRobotsOnWhiteSite
25982,30,14
timeStep,numberOfRobotsOnBlackSite,numberOfRobotsOnWhiteSite
25983,30,14
timeStep,numberOfRobotsOnBlackSite,numberOfRobotsOnWhiteSite
25984,30,14
timeStep,numberOfRobotsOnBlackSite,numberOfRobotsOnWhiteSite
25985,30,14
timeStep,numberOfRobotsOnBlackSite,numberOfRobotsOnWhiteSite
25986,30,14
timeStep,numberOfRobotsOnBlackSite,numberOfRobotsOnWhiteSite
25987,30,14
timeStep,numberOfRobotsOnBlackSite,numberOfRobotsOnWhiteSite
25988,30,14
timeStep,numberOfRobotsOnBlackSite,numberOfRobotsOnWhiteSite
25989,30,14
timeStep,numberOfRobotsOnBlackSite,numberOfRobotsOnWhiteSite
25990,30,14
timeStep,numberOfRobotsOnBlackSite,numberOfRobotsOnWhiteSite
25991,30,14
timeStep,numberOfRobotsOnBlackSite,numberOfRobotsOnWhiteSite
25992,30,14
timeStep,numberOfRobotsOnBlackSite,numberOfRobotsOnWhiteSite
25993,30,14
timeStep,numberOfRobotsOnBlackSite,numberOfRobotsOnWhiteSite
25994,30,14
timeStep,numberOfRobotsOnBlackSite,numberOfRobotsOnWhiteSite
25995,30,14
timeStep,numberOfRobotsOnBlackSite,numberOfRobotsOnWhiteSite
25996,30,14
timeStep,numberOfRobotsOnBlackSite,numberOfRobotsOnWhiteSite
25997,30,14
timeStep,numberOfRobotsOnBlackSite,numberOfRobotsOnWhiteSite
25998,30,14
timeStep,numberOfRobotsOnBlackSite,numberOfRobotsOnWhiteSite
25999,30,14
timeStep,numberOfRobotsOnBlackSite,numberOfRobotsOnWhiteSite
26000,30,14
timeStep,numberOfRobotsOnBlackSite,numberOfRobotsOnWhiteSite
26001,30,14
timeStep,numberOfRobotsOnBlackSite,numberOfRobotsOnWhiteSite
26002,30,14
timeStep,numberOfRobotsOnBlackSite,numberOfRobotsOnWhiteSite
26003,30,14
timeStep,numberOfRobotsOnBlackSite,numberOfRobotsOnWhiteSite
26004,30,14
timeStep,numberOfRobotsOnBlackSite,numberOfRobotsOnWhiteSite
26005,30,14
timeStep,numberOfRobotsOnBlackSite,numberOfRobotsOnWhiteSite
26006,30,14
timeStep,numberOfRobotsOnBlackSite,numberOfRobotsOnWhiteSite
26007,30,14
timeStep,numberOfRobotsOnBlackSite,numberOfRobotsOnWhiteSite
26008,30,14
timeStep,numberOfRobotsOnBlackSite,numberOfRobotsOnWhiteSite
26009,30,14
timeStep,numberOfRobotsOnBlackSite,numberOfRobotsOnWhiteSite
26010,30,14
timeStep,numberOfRobotsOnBlackSite,numberOfRobotsOnWhiteSite
26011,30,14
timeStep,numberOfRobotsOnBlackSite,numberOfRobotsOnWhiteSite
26012,30,14
timeStep,numberOfRobotsOnBlackSite,numberOfRobotsOnWhiteSite
26013,30,14
timeStep,numberOfRobotsOnBlackSite,numberOfRobotsOnWhiteSite
26014,30,14
timeStep,numberOfRobotsOnBlackSite,numberOfRobotsOnWhiteSite
26015,30,14
timeStep,numberOfRobotsOnBlackSite,numberOfRobotsOnWhiteSite
26016,30,14
timeStep,numberOfRobotsOnBlackSite,numberOfRobotsOnWhiteSite
26017,30,14
timeStep,numberOfRobotsOnBlackSite,numberOfRobotsOnWhiteSite
26018,30,14
timeStep,numberOfRobotsOnBlackSite,numberOfRobotsOnWhiteSite
26019,30,14
timeStep,numberOfRobotsOnBlackSite,numberOfRobotsOnWhiteSite
26020,30,14
timeStep,numberOfRobotsOnBlackSite,numberOfRobotsOnWhiteSite
26021,30,14
timeStep,numberOfRobotsOnBlackSite,numberOfRobotsOnWhiteSite
26022,30,14
timeStep,numberOfRobotsOnBlackSite,numberOfRobotsOnWhiteSite
26023,30,14
timeStep,numberOfRobotsOnBlackSite,numberOfRobotsOnWhiteSite
26024,30,14
timeStep,numberOfRobotsOnBlackSite,numberOfRobotsOnWhiteSite
26025,30,14
timeStep,numberOfRobotsOnBlackSite,numberOfRobotsOnWhiteSite
26026,30,14
timeStep,numberOfRobotsOnBlackSite,numberOfRobotsOnWhiteSite
26027,30,14
timeStep,numberOfRobotsOnBlackSite,numberOfRobotsOnWhiteSite
26028,30,14
timeStep,numberOfRobotsOnBlackSite,numberOfRobotsOnWhiteSite
26029,30,14
timeStep,numberOfRobotsOnBlackSite,numberOfRobotsOnWhiteSite
26030,30,14
timeStep,numberOfRobotsOnBlackSite,numberOfRobotsOnWhiteSite
26031,30,14
timeStep,numberOfRobotsOnBlackSite,numberOfRobotsOnWhiteSite
26032,30,14
timeStep,numberOfRobotsOnBlackSite,numberOfRobotsOnWhiteSite
26033,30,14
timeStep,numberOfRobotsOnBlackSite,numberOfRobotsOnWhiteSite
26034,30,14
timeStep,numberOfRobotsOnBlackSite,numberOfRobotsOnWhiteSite
26035,30,14
timeStep,numberOfRobotsOnBlackSite,numberOfRobotsOnWhiteSite
26036,30,14
timeStep,numberOfRobotsOnBlackSite,numberOfRobotsOnWhiteSite
26037,30,14
timeStep,numberOfRobotsOnBlackSite,numberOfRobotsOnWhiteSite
26038,30,14
timeStep,numberOfRobotsOnBlackSite,numberOfRobotsOnWhiteSite
26039,30,14
timeStep,numberOfRobotsOnBlackSite,numberOfRobotsOnWhiteSite
26040,30,13
timeStep,numberOfRobotsOnBlackSite,numberOfRobotsOnWhiteSite
26041,30,13
timeStep,numberOfRobotsOnBlackSite,numberOfRobotsOnWhiteSite
26042,30,13
timeStep,numberOfRobotsOnBlackSite,numberOfRobotsOnWhiteSite
26043,30,13
timeStep,numberOfRobotsOnBlackSite,numberOfRobotsOnWhiteSite
26044,30,13
timeStep,numberOfRobotsOnBlackSite,numberOfRobotsOnWhiteSite
26045,30,13
timeStep,numberOfRobotsOnBlackSite,numberOfRobotsOnWhiteSite
26046,30,13
timeStep,numberOfRobotsOnBlackSite,numberOfRobotsOnWhiteSite
26047,30,13
timeStep,numberOfRobotsOnBlackSite,numberOfRobotsOnWhiteSite
26048,30,13
timeStep,numberOfRobotsOnBlackSite,numberOfRobotsOnWhiteSite
26049,30,13
timeStep,numberOfRobotsOnBlackSite,numberOfRobotsOnWhiteSite
26050,30,13
timeStep,numberOfRobotsOnBlackSite,numberOfRobotsOnWhiteSite
26051,30,13
timeStep,numberOfRobotsOnBlackSite,numberOfRobotsOnWhiteSite
26052,30,13
timeStep,numberOfRobotsOnBlackSite,numberOfRobotsOnWhiteSite
26053,30,13
timeStep,numberOfRobotsOnBlackSite,numberOfRobotsOnWhiteSite
26054,30,13
timeStep,numberOfRobotsOnBlackSite,numberOfRobotsOnWhiteSite
26055,30,13
timeStep,numberOfRobotsOnBlackSite,numberOfRobotsOnWhiteSite
26056,30,13
timeStep,numberOfRobotsOnBlackSite,numberOfRobotsOnWhiteSite
26057,30,13
timeStep,numberOfRobotsOnBlackSite,numberOfRobotsOnWhiteSite
26058,30,13
timeStep,numberOfRobotsOnBlackSite,numberOfRobotsOnWhiteSite
26059,30,13
timeStep,numberOfRobotsOnBlackSite,numberOfRobotsOnWhiteSite
26060,30,13
timeStep,numberOfRobotsOnBlackSite,numberOfRobotsOnWhiteSite
26061,30,13
timeStep,numberOfRobotsOnBlackSite,numberOfRobotsOnWhiteSite
26062,30,13
timeStep,numberOfRobotsOnBlackSite,numberOfRobotsOnWhiteSite
26063,30,13
timeStep,numberOfRobotsOnBlackSite,numberOfRobotsOnWhiteSite
26064,30,13
timeStep,numberOfRobotsOnBlackSite,numberOfRobotsOnWhiteSite
26065,30,13
timeStep,numberOfRobotsOnBlackSite,numberOfRobotsOnWhiteSite
26066,30,13
timeStep,numberOfRobotsOnBlackSite,numberOfRobotsOnWhiteSite
26067,30,13
timeStep,numberOfRobotsOnBlackSite,numberOfRobotsOnWhiteSite
26068,30,13
timeStep,numberOfRobotsOnBlackSite,numberOfRobotsOnWhiteSite
26069,30,13
timeStep,numberOfRobotsOnBlackSite,numberOfRobotsOnWhiteSite
26070,30,13
timeStep,numberOfRobotsOnBlackSite,numberOfRobotsOnWhiteSite
26071,30,13
timeStep,numberOfRobotsOnBlackSite,numberOfRobotsOnWhiteSite
26072,30,13
timeStep,numberOfRobotsOnBlackSite,numberOfRobotsOnWhiteSite
26073,30,13
timeStep,numberOfRobotsOnBlackSite,numberOfRobotsOnWhiteSite
26074,30,13
timeStep,numberOfRobotsOnBlackSite,numberOfRobotsOnWhiteSite
26075,30,13
timeStep,numberOfRobotsOnBlackSite,numberOfRobotsOnWhiteSite
26076,30,13
timeStep,numberOfRobotsOnBlackSite,numberOfRobotsOnWhiteSite
26077,30,13
timeStep,numberOfRobotsOnBlackSite,numberOfRobotsOnWhiteSite
26078,30,13
timeStep,numberOfRobotsOnBlackSite,numberOfRobotsOnWhiteSite
26079,30,13
timeStep,numberOfRobotsOnBlackSite,numberOfRobotsOnWhiteSite
26080,30,13
timeStep,numberOfRobotsOnBlackSite,numberOfRobotsOnWhiteSite
26081,30,13
timeStep,numberOfRobotsOnBlackSite,numberOfRobotsOnWhiteSite
26082,30,13
timeStep,numberOfRobotsOnBlackSite,numberOfRobotsOnWhiteSite
26083,30,13
timeStep,numberOfRobotsOnBlackSite,numberOfRobotsOnWhiteSite
26084,30,13
timeStep,numberOfRobotsOnBlackSite,numberOfRobotsOnWhiteSite
26085,30,13
timeStep,numberOfRobotsOnBlackSite,numberOfRobotsOnWhiteSite
26086,30,13
timeStep,numberOfRobotsOnBlackSite,numberOfRobotsOnWhiteSite
26087,30,13
timeStep,numberOfRobotsOnBlackSite,numberOfRobotsOnWhiteSite
26088,30,13
timeStep,numberOfRobotsOnBlackSite,numberOfRobotsOnWhiteSite
26089,30,13
timeStep,numberOfRobotsOnBlackSite,numberOfRobotsOnWhiteSite
26090,30,13
timeStep,numberOfRobotsOnBlackSite,numberOfRobotsOnWhiteSite
26091,30,13
timeStep,numberOfRobotsOnBlackSite,numberOfRobotsOnWhiteSite
26092,30,13
timeStep,numberOfRobotsOnBlackSite,numberOfRobotsOnWhiteSite
26093,30,13
timeStep,numberOfRobotsOnBlackSite,numberOfRobotsOnWhiteSite
26094,30,13
timeStep,numberOfRobotsOnBlackSite,numberOfRobotsOnWhiteSite
26095,30,13
timeStep,numberOfRobotsOnBlackSite,numberOfRobotsOnWhiteSite
26096,30,13
timeStep,numberOfRobotsOnBlackSite,numberOfRobotsOnWhiteSite
26097,30,13
timeStep,numberOfRobotsOnBlackSite,numberOfRobotsOnWhiteSite
26098,30,13
timeStep,numberOfRobotsOnBlackSite,numberOfRobotsOnWhiteSite
26099,30,13
timeStep,numberOfRobotsOnBlackSite,numberOfRobotsOnWhiteSite
26100,30,13
timeStep,numberOfRobotsOnBlackSite,numberOfRobotsOnWhiteSite
26101,30,13
timeStep,numberOfRobotsOnBlackSite,numberOfRobotsOnWhiteSite
26102,30,13
timeStep,numberOfRobotsOnBlackSite,numberOfRobotsOnWhiteSite
26103,30,13
timeStep,numberOfRobotsOnBlackSite,numberOfRobotsOnWhiteSite
26104,30,13
timeStep,numberOfRobotsOnBlackSite,numberOfRobotsOnWhiteSite
26105,30,13
timeStep,numberOfRobotsOnBlackSite,numberOfRobotsOnWhiteSite
26106,30,13
timeStep,numberOfRobotsOnBlackSite,numberOfRobotsOnWhiteSite
26107,30,13
timeStep,numberOfRobotsOnBlackSite,numberOfRobotsOnWhiteSite
26108,30,13
timeStep,numberOfRobotsOnBlackSite,numberOfRobotsOnWhiteSite
26109,30,13
timeStep,numberOfRobotsOnBlackSite,numberOfRobotsOnWhiteSite
26110,30,13
timeStep,numberOfRobotsOnBlackSite,numberOfRobotsOnWhiteSite
26111,30,13
timeStep,numberOfRobotsOnBlackSite,numberOfRobotsOnWhiteSite
26112,30,13
timeStep,numberOfRobotsOnBlackSite,numberOfRobotsOnWhiteSite
26113,30,13
timeStep,numberOfRobotsOnBlackSite,numberOfRobotsOnWhiteSite
26114,30,13
timeStep,numberOfRobotsOnBlackSite,numberOfRobotsOnWhiteSite
26115,30,13
timeStep,numberOfRobotsOnBlackSite,numberOfRobotsOnWhiteSite
26116,30,13
timeStep,numberOfRobotsOnBlackSite,numberOfRobotsOnWhiteSite
26117,30,13
timeStep,numberOfRobotsOnBlackSite,numberOfRobotsOnWhiteSite
26118,30,13
timeStep,numberOfRobotsOnBlackSite,numberOfRobotsOnWhiteSite
26119,30,13
timeStep,numberOfRobotsOnBlackSite,numberOfRobotsOnWhiteSite
26120,30,13
timeStep,numberOfRobotsOnBlackSite,numberOfRobotsOnWhiteSite
26121,30,13
timeStep,numberOfRobotsOnBlackSite,numberOfRobotsOnWhiteSite
26122,30,13
timeStep,numberOfRobotsOnBlackSite,numberOfRobotsOnWhiteSite
26123,30,13
timeStep,numberOfRobotsOnBlackSite,numberOfRobotsOnWhiteSite
26124,30,13
timeStep,numberOfRobotsOnBlackSite,numberOfRobotsOnWhiteSite
26125,30,13
timeStep,numberOfRobotsOnBlackSite,numberOfRobotsOnWhiteSite
26126,30,13
timeStep,numberOfRobotsOnBlackSite,numberOfRobotsOnWhiteSite
26127,30,13
timeStep,numberOfRobotsOnBlackSite,numberOfRobotsOnWhiteSite
26128,30,13
timeStep,numberOfRobotsOnBlackSite,numberOfRobotsOnWhiteSite
26129,30,13
timeStep,numberOfRobotsOnBlackSite,numberOfRobotsOnWhiteSite
26130,30,13
timeStep,numberOfRobotsOnBlackSite,numberOfRobotsOnWhiteSite
26131,30,13
timeStep,numberOfRobotsOnBlackSite,numberOfRobotsOnWhiteSite
26132,30,13
timeStep,numberOfRobotsOnBlackSite,numberOfRobotsOnWhiteSite
26133,30,13
timeStep,numberOfRobotsOnBlackSite,numberOfRobotsOnWhiteSite
26134,30,13
timeStep,numberOfRobotsOnBlackSite,numberOfRobotsOnWhiteSite
26135,30,13
timeStep,numberOfRobotsOnBlackSite,numberOfRobotsOnWhiteSite
26136,30,13
timeStep,numberOfRobotsOnBlackSite,numberOfRobotsOnWhiteSite
26137,30,13
timeStep,numberOfRobotsOnBlackSite,numberOfRobotsOnWhiteSite
26138,30,13
timeStep,numberOfRobotsOnBlackSite,numberOfRobotsOnWhiteSite
26139,30,13
timeStep,numberOfRobotsOnBlackSite,numberOfRobotsOnWhiteSite
26140,30,13
timeStep,numberOfRobotsOnBlackSite,numberOfRobotsOnWhiteSite
26141,30,13
timeStep,numberOfRobotsOnBlackSite,numberOfRobotsOnWhiteSite
26142,30,13
timeStep,numberOfRobotsOnBlackSite,numberOfRobotsOnWhiteSite
26143,30,13
timeStep,numberOfRobotsOnBlackSite,numberOfRobotsOnWhiteSite
26144,30,13
timeStep,numberOfRobotsOnBlackSite,numberOfRobotsOnWhiteSite
26145,30,13
timeStep,numberOfRobotsOnBlackSite,numberOfRobotsOnWhiteSite
26146,30,13
timeStep,numberOfRobotsOnBlackSite,numberOfRobotsOnWhiteSite
26147,30,13
timeStep,numberOfRobotsOnBlackSite,numberOfRobotsOnWhiteSite
26148,30,13
timeStep,numberOfRobotsOnBlackSite,numberOfRobotsOnWhiteSite
26149,30,13
timeStep,numberOfRobotsOnBlackSite,numberOfRobotsOnWhiteSite
26150,30,13
timeStep,numberOfRobotsOnBlackSite,numberOfRobotsOnWhiteSite
26151,30,13
timeStep,numberOfRobotsOnBlackSite,numberOfRobotsOnWhiteSite
26152,30,13
timeStep,numberOfRobotsOnBlackSite,numberOfRobotsOnWhiteSite
26153,30,13
timeStep,numberOfRobotsOnBlackSite,numberOfRobotsOnWhiteSite
26154,30,13
timeStep,numberOfRobotsOnBlackSite,numberOfRobotsOnWhiteSite
26155,30,13
timeStep,numberOfRobotsOnBlackSite,numberOfRobotsOnWhiteSite
26156,30,13
timeStep,numberOfRobotsOnBlackSite,numberOfRobotsOnWhiteSite
26157,30,13
timeStep,numberOfRobotsOnBlackSite,numberOfRobotsOnWhiteSite
26158,30,13
timeStep,numberOfRobotsOnBlackSite,numberOfRobotsOnWhiteSite
26159,30,13
timeStep,numberOfRobotsOnBlackSite,numberOfRobotsOnWhiteSite
26160,30,13
timeStep,numberOfRobotsOnBlackSite,numberOfRobotsOnWhiteSite
26161,30,13
timeStep,numberOfRobotsOnBlackSite,numberOfRobotsOnWhiteSite
26162,30,13
timeStep,numberOfRobotsOnBlackSite,numberOfRobotsOnWhiteSite
26163,30,13
timeStep,numberOfRobotsOnBlackSite,numberOfRobotsOnWhiteSite
26164,30,13
timeStep,numberOfRobotsOnBlackSite,numberOfRobotsOnWhiteSite
26165,30,13
timeStep,numberOfRobotsOnBlackSite,numberOfRobotsOnWhiteSite
26166,30,13
timeStep,numberOfRobotsOnBlackSite,numberOfRobotsOnWhiteSite
26167,30,13
timeStep,numberOfRobotsOnBlackSite,numberOfRobotsOnWhiteSite
26168,30,13
timeStep,numberOfRobotsOnBlackSite,numberOfRobotsOnWhiteSite
26169,30,13
timeStep,numberOfRobotsOnBlackSite,numberOfRobotsOnWhiteSite
26170,30,13
timeStep,numberOfRobotsOnBlackSite,numberOfRobotsOnWhiteSite
26171,30,13
timeStep,numberOfRobotsOnBlackSite,numberOfRobotsOnWhiteSite
26172,30,13
timeStep,numberOfRobotsOnBlackSite,numberOfRobotsOnWhiteSite
26173,30,13
timeStep,numberOfRobotsOnBlackSite,numberOfRobotsOnWhiteSite
26174,30,13
timeStep,numberOfRobotsOnBlackSite,numberOfRobotsOnWhiteSite
26175,30,13
timeStep,numberOfRobotsOnBlackSite,numberOfRobotsOnWhiteSite
26176,30,13
timeStep,numberOfRobotsOnBlackSite,numberOfRobotsOnWhiteSite
26177,30,13
timeStep,numberOfRobotsOnBlackSite,numberOfRobotsOnWhiteSite
26178,30,13
timeStep,numberOfRobotsOnBlackSite,numberOfRobotsOnWhiteSite
26179,30,13
timeStep,numberOfRobotsOnBlackSite,numberOfRobotsOnWhiteSite
26180,30,13
timeStep,numberOfRobotsOnBlackSite,numberOfRobotsOnWhiteSite
26181,30,13
timeStep,numberOfRobotsOnBlackSite,numberOfRobotsOnWhiteSite
26182,30,13
timeStep,numberOfRobotsOnBlackSite,numberOfRobotsOnWhiteSite
26183,30,13
timeStep,numberOfRobotsOnBlackSite,numberOfRobotsOnWhiteSite
26184,30,13
timeStep,numberOfRobotsOnBlackSite,numberOfRobotsOnWhiteSite
26185,30,13
timeStep,numberOfRobotsOnBlackSite,numberOfRobotsOnWhiteSite
26186,30,13
timeStep,numberOfRobotsOnBlackSite,numberOfRobotsOnWhiteSite
26187,30,13
timeStep,numberOfRobotsOnBlackSite,numberOfRobotsOnWhiteSite
26188,30,13
timeStep,numberOfRobotsOnBlackSite,numberOfRobotsOnWhiteSite
26189,30,13
timeStep,numberOfRobotsOnBlackSite,numberOfRobotsOnWhiteSite
26190,30,13
timeStep,numberOfRobotsOnBlackSite,numberOfRobotsOnWhiteSite
26191,30,13
timeStep,numberOfRobotsOnBlackSite,numberOfRobotsOnWhiteSite
26192,30,13
timeStep,numberOfRobotsOnBlackSite,numberOfRobotsOnWhiteSite
26193,30,13
timeStep,numberOfRobotsOnBlackSite,numberOfRobotsOnWhiteSite
26194,30,13
timeStep,numberOfRobotsOnBlackSite,numberOfRobotsOnWhiteSite
26195,30,13
timeStep,numberOfRobotsOnBlackSite,numberOfRobotsOnWhiteSite
26196,30,13
timeStep,numberOfRobotsOnBlackSite,numberOfRobotsOnWhiteSite
26197,30,13
timeStep,numberOfRobotsOnBlackSite,numberOfRobotsOnWhiteSite
26198,30,13
timeStep,numberOfRobotsOnBlackSite,numberOfRobotsOnWhiteSite
26199,30,13
timeStep,numberOfRobotsOnBlackSite,numberOfRobotsOnWhiteSite
26200,30,13
timeStep,numberOfRobotsOnBlackSite,numberOfRobotsOnWhiteSite
26201,30,13
timeStep,numberOfRobotsOnBlackSite,numberOfRobotsOnWhiteSite
26202,30,13
timeStep,numberOfRobotsOnBlackSite,numberOfRobotsOnWhiteSite
26203,30,13
timeStep,numberOfRobotsOnBlackSite,numberOfRobotsOnWhiteSite
26204,30,13
timeStep,numberOfRobotsOnBlackSite,numberOfRobotsOnWhiteSite
26205,30,13
timeStep,numberOfRobotsOnBlackSite,numberOfRobotsOnWhiteSite
26206,30,13
timeStep,numberOfRobotsOnBlackSite,numberOfRobotsOnWhiteSite
26207,30,13
timeStep,numberOfRobotsOnBlackSite,numberOfRobotsOnWhiteSite
26208,30,13
timeStep,numberOfRobotsOnBlackSite,numberOfRobotsOnWhiteSite
26209,30,13
timeStep,numberOfRobotsOnBlackSite,numberOfRobotsOnWhiteSite
26210,30,13
timeStep,numberOfRobotsOnBlackSite,numberOfRobotsOnWhiteSite
26211,30,13
timeStep,numberOfRobotsOnBlackSite,numberOfRobotsOnWhiteSite
26212,30,13
timeStep,numberOfRobotsOnBlackSite,numberOfRobotsOnWhiteSite
26213,30,13
timeStep,numberOfRobotsOnBlackSite,numberOfRobotsOnWhiteSite
26214,30,13
timeStep,numberOfRobotsOnBlackSite,numberOfRobotsOnWhiteSite
26215,30,13
timeStep,numberOfRobotsOnBlackSite,numberOfRobotsOnWhiteSite
26216,30,13
timeStep,numberOfRobotsOnBlackSite,numberOfRobotsOnWhiteSite
26217,30,13
timeStep,numberOfRobotsOnBlackSite,numberOfRobotsOnWhiteSite
26218,30,13
timeStep,numberOfRobotsOnBlackSite,numberOfRobotsOnWhiteSite
26219,30,13
timeStep,numberOfRobotsOnBlackSite,numberOfRobotsOnWhiteSite
26220,30,14
timeStep,numberOfRobotsOnBlackSite,numberOfRobotsOnWhiteSite
26221,30,14
timeStep,numberOfRobotsOnBlackSite,numberOfRobotsOnWhiteSite
26222,30,14
timeStep,numberOfRobotsOnBlackSite,numberOfRobotsOnWhiteSite
26223,30,14
timeStep,numberOfRobotsOnBlackSite,numberOfRobotsOnWhiteSite
26224,30,14
timeStep,numberOfRobotsOnBlackSite,numberOfRobotsOnWhiteSite
26225,30,14
timeStep,numberOfRobotsOnBlackSite,numberOfRobotsOnWhiteSite
26226,30,14
timeStep,numberOfRobotsOnBlackSite,numberOfRobotsOnWhiteSite
26227,30,14
timeStep,numberOfRobotsOnBlackSite,numberOfRobotsOnWhiteSite
26228,30,14
timeStep,numberOfRobotsOnBlackSite,numberOfRobotsOnWhiteSite
26229,30,14
timeStep,numberOfRobotsOnBlackSite,numberOfRobotsOnWhiteSite
26230,30,14
timeStep,numberOfRobotsOnBlackSite,numberOfRobotsOnWhiteSite
26231,30,14
timeStep,numberOfRobotsOnBlackSite,numberOfRobotsOnWhiteSite
26232,30,14
timeStep,numberOfRobotsOnBlackSite,numberOfRobotsOnWhiteSite
26233,30,14
timeStep,numberOfRobotsOnBlackSite,numberOfRobotsOnWhiteSite
26234,30,14
timeStep,numberOfRobotsOnBlackSite,numberOfRobotsOnWhiteSite
26235,30,14
timeStep,numberOfRobotsOnBlackSite,numberOfRobotsOnWhiteSite
26236,30,14
timeStep,numberOfRobotsOnBlackSite,numberOfRobotsOnWhiteSite
26237,30,14
timeStep,numberOfRobotsOnBlackSite,numberOfRobotsOnWhiteSite
26238,30,14
timeStep,numberOfRobotsOnBlackSite,numberOfRobotsOnWhiteSite
26239,30,14
timeStep,numberOfRobotsOnBlackSite,numberOfRobotsOnWhiteSite
26240,30,14
timeStep,numberOfRobotsOnBlackSite,numberOfRobotsOnWhiteSite
26241,30,14
timeStep,numberOfRobotsOnBlackSite,numberOfRobotsOnWhiteSite
26242,30,14
timeStep,numberOfRobotsOnBlackSite,numberOfRobotsOnWhiteSite
26243,30,14
timeStep,numberOfRobotsOnBlackSite,numberOfRobotsOnWhiteSite
26244,30,14
timeStep,numberOfRobotsOnBlackSite,numberOfRobotsOnWhiteSite
26245,30,14
timeStep,numberOfRobotsOnBlackSite,numberOfRobotsOnWhiteSite
26246,30,14
timeStep,numberOfRobotsOnBlackSite,numberOfRobotsOnWhiteSite
26247,30,14
timeStep,numberOfRobotsOnBlackSite,numberOfRobotsOnWhiteSite
26248,30,14
timeStep,numberOfRobotsOnBlackSite,numberOfRobotsOnWhiteSite
26249,30,14
timeStep,numberOfRobotsOnBlackSite,numberOfRobotsOnWhiteSite
26250,30,14
timeStep,numberOfRobotsOnBlackSite,numberOfRobotsOnWhiteSite
26251,30,14
timeStep,numberOfRobotsOnBlackSite,numberOfRobotsOnWhiteSite
26252,30,14
timeStep,numberOfRobotsOnBlackSite,numberOfRobotsOnWhiteSite
26253,30,14
timeStep,numberOfRobotsOnBlackSite,numberOfRobotsOnWhiteSite
26254,30,14
timeStep,numberOfRobotsOnBlackSite,numberOfRobotsOnWhiteSite
26255,30,14
timeStep,numberOfRobotsOnBlackSite,numberOfRobotsOnWhiteSite
26256,30,14
timeStep,numberOfRobotsOnBlackSite,numberOfRobotsOnWhiteSite
26257,30,14
timeStep,numberOfRobotsOnBlackSite,numberOfRobotsOnWhiteSite
26258,30,14
timeStep,numberOfRobotsOnBlackSite,numberOfRobotsOnWhiteSite
26259,30,14
timeStep,numberOfRobotsOnBlackSite,numberOfRobotsOnWhiteSite
26260,30,14
timeStep,numberOfRobotsOnBlackSite,numberOfRobotsOnWhiteSite
26261,30,14
timeStep,numberOfRobotsOnBlackSite,numberOfRobotsOnWhiteSite
26262,30,14
timeStep,numberOfRobotsOnBlackSite,numberOfRobotsOnWhiteSite
26263,30,14
timeStep,numberOfRobotsOnBlackSite,numberOfRobotsOnWhiteSite
26264,30,14
timeStep,numberOfRobotsOnBlackSite,numberOfRobotsOnWhiteSite
26265,30,14
timeStep,numberOfRobotsOnBlackSite,numberOfRobotsOnWhiteSite
26266,30,14
timeStep,numberOfRobotsOnBlackSite,numberOfRobotsOnWhiteSite
26267,30,14
timeStep,numberOfRobotsOnBlackSite,numberOfRobotsOnWhiteSite
26268,30,14
timeStep,numberOfRobotsOnBlackSite,numberOfRobotsOnWhiteSite
26269,30,14
timeStep,numberOfRobotsOnBlackSite,numberOfRobotsOnWhiteSite
26270,30,14
timeStep,numberOfRobotsOnBlackSite,numberOfRobotsOnWhiteSite
26271,30,14
timeStep,numberOfRobotsOnBlackSite,numberOfRobotsOnWhiteSite
26272,30,14
timeStep,numberOfRobotsOnBlackSite,numberOfRobotsOnWhiteSite
26273,30,14
timeStep,numberOfRobotsOnBlackSite,numberOfRobotsOnWhiteSite
26274,30,14
timeStep,numberOfRobotsOnBlackSite,numberOfRobotsOnWhiteSite
26275,30,14
timeStep,numberOfRobotsOnBlackSite,numberOfRobotsOnWhiteSite
26276,30,14
timeStep,numberOfRobotsOnBlackSite,numberOfRobotsOnWhiteSite
26277,30,14
timeStep,numberOfRobotsOnBlackSite,numberOfRobotsOnWhiteSite
26278,30,14
timeStep,numberOfRobotsOnBlackSite,numberOfRobotsOnWhiteSite
26279,30,14
timeStep,numberOfRobotsOnBlackSite,numberOfRobotsOnWhiteSite
26280,30,14
timeStep,numberOfRobotsOnBlackSite,numberOfRobotsOnWhiteSite
26281,30,14
timeStep,numberOfRobotsOnBlackSite,numberOfRobotsOnWhiteSite
26282,30,14
timeStep,numberOfRobotsOnBlackSite,numberOfRobotsOnWhiteSite
26283,30,14
timeStep,numberOfRobotsOnBlackSite,numberOfRobotsOnWhiteSite
26284,30,14
timeStep,numberOfRobotsOnBlackSite,numberOfRobotsOnWhiteSite
26285,30,14
timeStep,numberOfRobotsOnBlackSite,numberOfRobotsOnWhiteSite
26286,30,14
timeStep,numberOfRobotsOnBlackSite,numberOfRobotsOnWhiteSite
26287,30,14
timeStep,numberOfRobotsOnBlackSite,numberOfRobotsOnWhiteSite
26288,30,14
timeStep,numberOfRobotsOnBlackSite,numberOfRobotsOnWhiteSite
26289,30,14
timeStep,numberOfRobotsOnBlackSite,numberOfRobotsOnWhiteSite
26290,30,14
timeStep,numberOfRobotsOnBlackSite,numberOfRobotsOnWhiteSite
26291,30,14
timeStep,numberOfRobotsOnBlackSite,numberOfRobotsOnWhiteSite
26292,30,14
timeStep,numberOfRobotsOnBlackSite,numberOfRobotsOnWhiteSite
26293,30,14
timeStep,numberOfRobotsOnBlackSite,numberOfRobotsOnWhiteSite
26294,30,14
timeStep,numberOfRobotsOnBlackSite,numberOfRobotsOnWhiteSite
26295,30,14
timeStep,numberOfRobotsOnBlackSite,numberOfRobotsOnWhiteSite
26296,30,14
timeStep,numberOfRobotsOnBlackSite,numberOfRobotsOnWhiteSite
26297,30,14
timeStep,numberOfRobotsOnBlackSite,numberOfRobotsOnWhiteSite
26298,30,14
timeStep,numberOfRobotsOnBlackSite,numberOfRobotsOnWhiteSite
26299,30,14
timeStep,numberOfRobotsOnBlackSite,numberOfRobotsOnWhiteSite
26300,30,14
timeStep,numberOfRobotsOnBlackSite,numberOfRobotsOnWhiteSite
26301,30,14
timeStep,numberOfRobotsOnBlackSite,numberOfRobotsOnWhiteSite
26302,30,14
timeStep,numberOfRobotsOnBlackSite,numberOfRobotsOnWhiteSite
26303,30,14
timeStep,numberOfRobotsOnBlackSite,numberOfRobotsOnWhiteSite
26304,30,14
timeStep,numberOfRobotsOnBlackSite,numberOfRobotsOnWhiteSite
26305,30,14
timeStep,numberOfRobotsOnBlackSite,numberOfRobotsOnWhiteSite
26306,30,14
timeStep,numberOfRobotsOnBlackSite,numberOfRobotsOnWhiteSite
26307,30,14
timeStep,numberOfRobotsOnBlackSite,numberOfRobotsOnWhiteSite
26308,30,14
timeStep,numberOfRobotsOnBlackSite,numberOfRobotsOnWhiteSite
26309,30,14
timeStep,numberOfRobotsOnBlackSite,numberOfRobotsOnWhiteSite
26310,30,14
timeStep,numberOfRobotsOnBlackSite,numberOfRobotsOnWhiteSite
26311,30,14
timeStep,numberOfRobotsOnBlackSite,numberOfRobotsOnWhiteSite
26312,30,14
timeStep,numberOfRobotsOnBlackSite,numberOfRobotsOnWhiteSite
26313,30,14
timeStep,numberOfRobotsOnBlackSite,numberOfRobotsOnWhiteSite
26314,30,14
timeStep,numberOfRobotsOnBlackSite,numberOfRobotsOnWhiteSite
26315,30,14
timeStep,numberOfRobotsOnBlackSite,numberOfRobotsOnWhiteSite
26316,30,14
timeStep,numberOfRobotsOnBlackSite,numberOfRobotsOnWhiteSite
26317,30,14
timeStep,numberOfRobotsOnBlackSite,numberOfRobotsOnWhiteSite
26318,30,14
timeStep,numberOfRobotsOnBlackSite,numberOfRobotsOnWhiteSite
26319,30,14
timeStep,numberOfRobotsOnBlackSite,numberOfRobotsOnWhiteSite
26320,30,14
timeStep,numberOfRobotsOnBlackSite,numberOfRobotsOnWhiteSite
26321,30,14
timeStep,numberOfRobotsOnBlackSite,numberOfRobotsOnWhiteSite
26322,30,14
timeStep,numberOfRobotsOnBlackSite,numberOfRobotsOnWhiteSite
26323,30,14
timeStep,numberOfRobotsOnBlackSite,numberOfRobotsOnWhiteSite
26324,30,14
timeStep,numberOfRobotsOnBlackSite,numberOfRobotsOnWhiteSite
26325,30,14
timeStep,numberOfRobotsOnBlackSite,numberOfRobotsOnWhiteSite
26326,30,14
timeStep,numberOfRobotsOnBlackSite,numberOfRobotsOnWhiteSite
26327,30,14
timeStep,numberOfRobotsOnBlackSite,numberOfRobotsOnWhiteSite
26328,30,14
timeStep,numberOfRobotsOnBlackSite,numberOfRobotsOnWhiteSite
26329,30,14
timeStep,numberOfRobotsOnBlackSite,numberOfRobotsOnWhiteSite
26330,30,14
timeStep,numberOfRobotsOnBlackSite,numberOfRobotsOnWhiteSite
26331,30,14
timeStep,numberOfRobotsOnBlackSite,numberOfRobotsOnWhiteSite
26332,30,14
timeStep,numberOfRobotsOnBlackSite,numberOfRobotsOnWhiteSite
26333,30,14
timeStep,numberOfRobotsOnBlackSite,numberOfRobotsOnWhiteSite
26334,30,14
timeStep,numberOfRobotsOnBlackSite,numberOfRobotsOnWhiteSite
26335,30,14
timeStep,numberOfRobotsOnBlackSite,numberOfRobotsOnWhiteSite
26336,30,14
timeStep,numberOfRobotsOnBlackSite,numberOfRobotsOnWhiteSite
26337,30,14
timeStep,numberOfRobotsOnBlackSite,numberOfRobotsOnWhiteSite
26338,30,14
timeStep,numberOfRobotsOnBlackSite,numberOfRobotsOnWhiteSite
26339,30,14
timeStep,numberOfRobotsOnBlackSite,numberOfRobotsOnWhiteSite
26340,30,14
timeStep,numberOfRobotsOnBlackSite,numberOfRobotsOnWhiteSite
26341,30,14
timeStep,numberOfRobotsOnBlackSite,numberOfRobotsOnWhiteSite
26342,30,14
timeStep,numberOfRobotsOnBlackSite,numberOfRobotsOnWhiteSite
26343,30,14
timeStep,numberOfRobotsOnBlackSite,numberOfRobotsOnWhiteSite
26344,30,14
timeStep,numberOfRobotsOnBlackSite,numberOfRobotsOnWhiteSite
26345,30,14
timeStep,numberOfRobotsOnBlackSite,numberOfRobotsOnWhiteSite
26346,30,14
timeStep,numberOfRobotsOnBlackSite,numberOfRobotsOnWhiteSite
26347,30,14
timeStep,numberOfRobotsOnBlackSite,numberOfRobotsOnWhiteSite
26348,30,14
timeStep,numberOfRobotsOnBlackSite,numberOfRobotsOnWhiteSite
26349,30,14
timeStep,numberOfRobotsOnBlackSite,numberOfRobotsOnWhiteSite
26350,30,14
timeStep,numberOfRobotsOnBlackSite,numberOfRobotsOnWhiteSite
26351,30,14
timeStep,numberOfRobotsOnBlackSite,numberOfRobotsOnWhiteSite
26352,30,14
timeStep,numberOfRobotsOnBlackSite,numberOfRobotsOnWhiteSite
26353,30,14
timeStep,numberOfRobotsOnBlackSite,numberOfRobotsOnWhiteSite
26354,30,14
timeStep,numberOfRobotsOnBlackSite,numberOfRobotsOnWhiteSite
26355,30,14
timeStep,numberOfRobotsOnBlackSite,numberOfRobotsOnWhiteSite
26356,30,14
timeStep,numberOfRobotsOnBlackSite,numberOfRobotsOnWhiteSite
26357,30,14
timeStep,numberOfRobotsOnBlackSite,numberOfRobotsOnWhiteSite
26358,30,14
timeStep,numberOfRobotsOnBlackSite,numberOfRobotsOnWhiteSite
26359,30,14
timeStep,numberOfRobotsOnBlackSite,numberOfRobotsOnWhiteSite
26360,29,14
timeStep,numberOfRobotsOnBlackSite,numberOfRobotsOnWhiteSite
26361,29,14
timeStep,numberOfRobotsOnBlackSite,numberOfRobotsOnWhiteSite
26362,29,14
timeStep,numberOfRobotsOnBlackSite,numberOfRobotsOnWhiteSite
26363,29,14
timeStep,numberOfRobotsOnBlackSite,numberOfRobotsOnWhiteSite
26364,29,14
timeStep,numberOfRobotsOnBlackSite,numberOfRobotsOnWhiteSite
26365,29,14
timeStep,numberOfRobotsOnBlackSite,numberOfRobotsOnWhiteSite
26366,29,14
timeStep,numberOfRobotsOnBlackSite,numberOfRobotsOnWhiteSite
26367,29,14
timeStep,numberOfRobotsOnBlackSite,numberOfRobotsOnWhiteSite
26368,29,14
timeStep,numberOfRobotsOnBlackSite,numberOfRobotsOnWhiteSite
26369,29,14
timeStep,numberOfRobotsOnBlackSite,numberOfRobotsOnWhiteSite
26370,29,14
timeStep,numberOfRobotsOnBlackSite,numberOfRobotsOnWhiteSite
26371,29,14
timeStep,numberOfRobotsOnBlackSite,numberOfRobotsOnWhiteSite
26372,29,14
timeStep,numberOfRobotsOnBlackSite,numberOfRobotsOnWhiteSite
26373,29,14
timeStep,numberOfRobotsOnBlackSite,numberOfRobotsOnWhiteSite
26374,29,14
timeStep,numberOfRobotsOnBlackSite,numberOfRobotsOnWhiteSite
26375,29,14
timeStep,numberOfRobotsOnBlackSite,numberOfRobotsOnWhiteSite
26376,29,14
timeStep,numberOfRobotsOnBlackSite,numberOfRobotsOnWhiteSite
26377,29,14
timeStep,numberOfRobotsOnBlackSite,numberOfRobotsOnWhiteSite
26378,29,14
timeStep,numberOfRobotsOnBlackSite,numberOfRobotsOnWhiteSite
26379,29,14
timeStep,numberOfRobotsOnBlackSite,numberOfRobotsOnWhiteSite
26380,29,14
timeStep,numberOfRobotsOnBlackSite,numberOfRobotsOnWhiteSite
26381,29,14
timeStep,numberOfRobotsOnBlackSite,numberOfRobotsOnWhiteSite
26382,29,14
timeStep,numberOfRobotsOnBlackSite,numberOfRobotsOnWhiteSite
26383,29,14
timeStep,numberOfRobotsOnBlackSite,numberOfRobotsOnWhiteSite
26384,29,14
timeStep,numberOfRobotsOnBlackSite,numberOfRobotsOnWhiteSite
26385,29,14
timeStep,numberOfRobotsOnBlackSite,numberOfRobotsOnWhiteSite
26386,29,14
timeStep,numberOfRobotsOnBlackSite,numberOfRobotsOnWhiteSite
26387,29,14
timeStep,numberOfRobotsOnBlackSite,numberOfRobotsOnWhiteSite
26388,29,14
timeStep,numberOfRobotsOnBlackSite,numberOfRobotsOnWhiteSite
26389,29,14
timeStep,numberOfRobotsOnBlackSite,numberOfRobotsOnWhiteSite
26390,29,14
timeStep,numberOfRobotsOnBlackSite,numberOfRobotsOnWhiteSite
26391,29,14
timeStep,numberOfRobotsOnBlackSite,numberOfRobotsOnWhiteSite
26392,29,14
timeStep,numberOfRobotsOnBlackSite,numberOfRobotsOnWhiteSite
26393,29,14
timeStep,numberOfRobotsOnBlackSite,numberOfRobotsOnWhiteSite
26394,29,14
timeStep,numberOfRobotsOnBlackSite,numberOfRobotsOnWhiteSite
26395,29,14
timeStep,numberOfRobotsOnBlackSite,numberOfRobotsOnWhiteSite
26396,29,14
timeStep,numberOfRobotsOnBlackSite,numberOfRobotsOnWhiteSite
26397,29,14
timeStep,numberOfRobotsOnBlackSite,numberOfRobotsOnWhiteSite
26398,29,14
timeStep,numberOfRobotsOnBlackSite,numberOfRobotsOnWhiteSite
26399,29,14
timeStep,numberOfRobotsOnBlackSite,numberOfRobotsOnWhiteSite
26400,29,14
timeStep,numberOfRobotsOnBlackSite,numberOfRobotsOnWhiteSite
26401,29,14
timeStep,numberOfRobotsOnBlackSite,numberOfRobotsOnWhiteSite
26402,29,14
timeStep,numberOfRobotsOnBlackSite,numberOfRobotsOnWhiteSite
26403,29,14
timeStep,numberOfRobotsOnBlackSite,numberOfRobotsOnWhiteSite
26404,29,14
timeStep,numberOfRobotsOnBlackSite,numberOfRobotsOnWhiteSite
26405,29,14
timeStep,numberOfRobotsOnBlackSite,numberOfRobotsOnWhiteSite
26406,29,14
timeStep,numberOfRobotsOnBlackSite,numberOfRobotsOnWhiteSite
26407,29,14
timeStep,numberOfRobotsOnBlackSite,numberOfRobotsOnWhiteSite
26408,29,14
timeStep,numberOfRobotsOnBlackSite,numberOfRobotsOnWhiteSite
26409,29,14
timeStep,numberOfRobotsOnBlackSite,numberOfRobotsOnWhiteSite
26410,29,14
timeStep,numberOfRobotsOnBlackSite,numberOfRobotsOnWhiteSite
26411,29,14
timeStep,numberOfRobotsOnBlackSite,numberOfRobotsOnWhiteSite
26412,29,14
timeStep,numberOfRobotsOnBlackSite,numberOfRobotsOnWhiteSite
26413,29,14
timeStep,numberOfRobotsOnBlackSite,numberOfRobotsOnWhiteSite
26414,29,14
timeStep,numberOfRobotsOnBlackSite,numberOfRobotsOnWhiteSite
26415,29,14
timeStep,numberOfRobotsOnBlackSite,numberOfRobotsOnWhiteSite
26416,29,14
timeStep,numberOfRobotsOnBlackSite,numberOfRobotsOnWhiteSite
26417,29,14
timeStep,numberOfRobotsOnBlackSite,numberOfRobotsOnWhiteSite
26418,29,14
timeStep,numberOfRobotsOnBlackSite,numberOfRobotsOnWhiteSite
26419,29,14
timeStep,numberOfRobotsOnBlackSite,numberOfRobotsOnWhiteSite
26420,29,14
timeStep,numberOfRobotsOnBlackSite,numberOfRobotsOnWhiteSite
26421,29,14
timeStep,numberOfRobotsOnBlackSite,numberOfRobotsOnWhiteSite
26422,29,14
timeStep,numberOfRobotsOnBlackSite,numberOfRobotsOnWhiteSite
26423,29,14
timeStep,numberOfRobotsOnBlackSite,numberOfRobotsOnWhiteSite
26424,29,14
timeStep,numberOfRobotsOnBlackSite,numberOfRobotsOnWhiteSite
26425,29,14
timeStep,numberOfRobotsOnBlackSite,numberOfRobotsOnWhiteSite
26426,29,14
timeStep,numberOfRobotsOnBlackSite,numberOfRobotsOnWhiteSite
26427,29,14
timeStep,numberOfRobotsOnBlackSite,numberOfRobotsOnWhiteSite
26428,29,14
timeStep,numberOfRobotsOnBlackSite,numberOfRobotsOnWhiteSite
26429,29,14
timeStep,numberOfRobotsOnBlackSite,numberOfRobotsOnWhiteSite
26430,29,14
timeStep,numberOfRobotsOnBlackSite,numberOfRobotsOnWhiteSite
26431,29,14
timeStep,numberOfRobotsOnBlackSite,numberOfRobotsOnWhiteSite
26432,29,14
timeStep,numberOfRobotsOnBlackSite,numberOfRobotsOnWhiteSite
26433,29,14
timeStep,numberOfRobotsOnBlackSite,numberOfRobotsOnWhiteSite
26434,29,14
timeStep,numberOfRobotsOnBlackSite,numberOfRobotsOnWhiteSite
26435,28,14
timeStep,numberOfRobotsOnBlackSite,numberOfRobotsOnWhiteSite
26436,28,14
timeStep,numberOfRobotsOnBlackSite,numberOfRobotsOnWhiteSite
26437,28,14
timeStep,numberOfRobotsOnBlackSite,numberOfRobotsOnWhiteSite
26438,28,14
timeStep,numberOfRobotsOnBlackSite,numberOfRobotsOnWhiteSite
26439,28,14
timeStep,numberOfRobotsOnBlackSite,numberOfRobotsOnWhiteSite
26440,29,14
timeStep,numberOfRobotsOnBlackSite,numberOfRobotsOnWhiteSite
26441,29,14
timeStep,numberOfRobotsOnBlackSite,numberOfRobotsOnWhiteSite
26442,29,14
timeStep,numberOfRobotsOnBlackSite,numberOfRobotsOnWhiteSite
26443,29,14
timeStep,numberOfRobotsOnBlackSite,numberOfRobotsOnWhiteSite
26444,29,14
timeStep,numberOfRobotsOnBlackSite,numberOfRobotsOnWhiteSite
26445,29,14
timeStep,numberOfRobotsOnBlackSite,numberOfRobotsOnWhiteSite
26446,29,14
timeStep,numberOfRobotsOnBlackSite,numberOfRobotsOnWhiteSite
26447,29,14
timeStep,numberOfRobotsOnBlackSite,numberOfRobotsOnWhiteSite
26448,29,14
timeStep,numberOfRobotsOnBlackSite,numberOfRobotsOnWhiteSite
26449,29,14
timeStep,numberOfRobotsOnBlackSite,numberOfRobotsOnWhiteSite
26450,29,13
timeStep,numberOfRobotsOnBlackSite,numberOfRobotsOnWhiteSite
26451,29,13
timeStep,numberOfRobotsOnBlackSite,numberOfRobotsOnWhiteSite
26452,29,13
timeStep,numberOfRobotsOnBlackSite,numberOfRobotsOnWhiteSite
26453,29,13
timeStep,numberOfRobotsOnBlackSite,numberOfRobotsOnWhiteSite
26454,29,13
timeStep,numberOfRobotsOnBlackSite,numberOfRobotsOnWhiteSite
26455,29,13
timeStep,numberOfRobotsOnBlackSite,numberOfRobotsOnWhiteSite
26456,29,13
timeStep,numberOfRobotsOnBlackSite,numberOfRobotsOnWhiteSite
26457,29,13
timeStep,numberOfRobotsOnBlackSite,numberOfRobotsOnWhiteSite
26458,29,13
timeStep,numberOfRobotsOnBlackSite,numberOfRobotsOnWhiteSite
26459,29,13
timeStep,numberOfRobotsOnBlackSite,numberOfRobotsOnWhiteSite
26460,28,13
timeStep,numberOfRobotsOnBlackSite,numberOfRobotsOnWhiteSite
26461,28,13
timeStep,numberOfRobotsOnBlackSite,numberOfRobotsOnWhiteSite
26462,28,13
timeStep,numberOfRobotsOnBlackSite,numberOfRobotsOnWhiteSite
26463,28,13
timeStep,numberOfRobotsOnBlackSite,numberOfRobotsOnWhiteSite
26464,28,13
timeStep,numberOfRobotsOnBlackSite,numberOfRobotsOnWhiteSite
26465,28,13
timeStep,numberOfRobotsOnBlackSite,numberOfRobotsOnWhiteSite
26466,28,13
timeStep,numberOfRobotsOnBlackSite,numberOfRobotsOnWhiteSite
26467,28,13
timeStep,numberOfRobotsOnBlackSite,numberOfRobotsOnWhiteSite
26468,28,13
timeStep,numberOfRobotsOnBlackSite,numberOfRobotsOnWhiteSite
26469,28,13
timeStep,numberOfRobotsOnBlackSite,numberOfRobotsOnWhiteSite
26470,28,13
timeStep,numberOfRobotsOnBlackSite,numberOfRobotsOnWhiteSite
26471,28,13
timeStep,numberOfRobotsOnBlackSite,numberOfRobotsOnWhiteSite
26472,28,13
timeStep,numberOfRobotsOnBlackSite,numberOfRobotsOnWhiteSite
26473,28,13
timeStep,numberOfRobotsOnBlackSite,numberOfRobotsOnWhiteSite
26474,28,13
timeStep,numberOfRobotsOnBlackSite,numberOfRobotsOnWhiteSite
26475,28,13
timeStep,numberOfRobotsOnBlackSite,numberOfRobotsOnWhiteSite
26476,28,13
timeStep,numberOfRobotsOnBlackSite,numberOfRobotsOnWhiteSite
26477,28,13
timeStep,numberOfRobotsOnBlackSite,numberOfRobotsOnWhiteSite
26478,28,13
timeStep,numberOfRobotsOnBlackSite,numberOfRobotsOnWhiteSite
26479,28,13
timeStep,numberOfRobotsOnBlackSite,numberOfRobotsOnWhiteSite
26480,29,13
timeStep,numberOfRobotsOnBlackSite,numberOfRobotsOnWhiteSite
26481,29,13
timeStep,numberOfRobotsOnBlackSite,numberOfRobotsOnWhiteSite
26482,29,13
timeStep,numberOfRobotsOnBlackSite,numberOfRobotsOnWhiteSite
26483,29,13
timeStep,numberOfRobotsOnBlackSite,numberOfRobotsOnWhiteSite
26484,29,13
timeStep,numberOfRobotsOnBlackSite,numberOfRobotsOnWhiteSite
26485,29,13
timeStep,numberOfRobotsOnBlackSite,numberOfRobotsOnWhiteSite
26486,29,13
timeStep,numberOfRobotsOnBlackSite,numberOfRobotsOnWhiteSite
26487,29,13
timeStep,numberOfRobotsOnBlackSite,numberOfRobotsOnWhiteSite
26488,29,13
timeStep,numberOfRobotsOnBlackSite,numberOfRobotsOnWhiteSite
26489,29,13
timeStep,numberOfRobotsOnBlackSite,numberOfRobotsOnWhiteSite
26490,29,13
timeStep,numberOfRobotsOnBlackSite,numberOfRobotsOnWhiteSite
26491,29,13
timeStep,numberOfRobotsOnBlackSite,numberOfRobotsOnWhiteSite
26492,29,13
timeStep,numberOfRobotsOnBlackSite,numberOfRobotsOnWhiteSite
26493,29,13
timeStep,numberOfRobotsOnBlackSite,numberOfRobotsOnWhiteSite
26494,29,13
timeStep,numberOfRobotsOnBlackSite,numberOfRobotsOnWhiteSite
26495,29,13
timeStep,numberOfRobotsOnBlackSite,numberOfRobotsOnWhiteSite
26496,29,13
timeStep,numberOfRobotsOnBlackSite,numberOfRobotsOnWhiteSite
26497,29,13
timeStep,numberOfRobotsOnBlackSite,numberOfRobotsOnWhiteSite
26498,29,13
timeStep,numberOfRobotsOnBlackSite,numberOfRobotsOnWhiteSite
26499,29,13
timeStep,numberOfRobotsOnBlackSite,numberOfRobotsOnWhiteSite
26500,29,13
timeStep,numberOfRobotsOnBlackSite,numberOfRobotsOnWhiteSite
26501,29,13
timeStep,numberOfRobotsOnBlackSite,numberOfRobotsOnWhiteSite
26502,29,13
timeStep,numberOfRobotsOnBlackSite,numberOfRobotsOnWhiteSite
26503,29,13
timeStep,numberOfRobotsOnBlackSite,numberOfRobotsOnWhiteSite
26504,29,13
timeStep,numberOfRobotsOnBlackSite,numberOfRobotsOnWhiteSite
26505,29,13
timeStep,numberOfRobotsOnBlackSite,numberOfRobotsOnWhiteSite
26506,29,13
timeStep,numberOfRobotsOnBlackSite,numberOfRobotsOnWhiteSite
26507,29,13
timeStep,numberOfRobotsOnBlackSite,numberOfRobotsOnWhiteSite
26508,29,13
timeStep,numberOfRobotsOnBlackSite,numberOfRobotsOnWhiteSite
26509,29,13
timeStep,numberOfRobotsOnBlackSite,numberOfRobotsOnWhiteSite
26510,29,13
timeStep,numberOfRobotsOnBlackSite,numberOfRobotsOnWhiteSite
26511,29,13
timeStep,numberOfRobotsOnBlackSite,numberOfRobotsOnWhiteSite
26512,29,13
timeStep,numberOfRobotsOnBlackSite,numberOfRobotsOnWhiteSite
26513,29,13
timeStep,numberOfRobotsOnBlackSite,numberOfRobotsOnWhiteSite
26514,29,13
timeStep,numberOfRobotsOnBlackSite,numberOfRobotsOnWhiteSite
26515,29,13
timeStep,numberOfRobotsOnBlackSite,numberOfRobotsOnWhiteSite
26516,29,13
timeStep,numberOfRobotsOnBlackSite,numberOfRobotsOnWhiteSite
26517,29,13
timeStep,numberOfRobotsOnBlackSite,numberOfRobotsOnWhiteSite
26518,29,13
timeStep,numberOfRobotsOnBlackSite,numberOfRobotsOnWhiteSite
26519,29,13
timeStep,numberOfRobotsOnBlackSite,numberOfRobotsOnWhiteSite
26520,29,13
timeStep,numberOfRobotsOnBlackSite,numberOfRobotsOnWhiteSite
26521,29,13
timeStep,numberOfRobotsOnBlackSite,numberOfRobotsOnWhiteSite
26522,29,13
timeStep,numberOfRobotsOnBlackSite,numberOfRobotsOnWhiteSite
26523,29,13
timeStep,numberOfRobotsOnBlackSite,numberOfRobotsOnWhiteSite
26524,29,13
timeStep,numberOfRobotsOnBlackSite,numberOfRobotsOnWhiteSite
26525,29,13
timeStep,numberOfRobotsOnBlackSite,numberOfRobotsOnWhiteSite
26526,29,13
timeStep,numberOfRobotsOnBlackSite,numberOfRobotsOnWhiteSite
26527,29,13
timeStep,numberOfRobotsOnBlackSite,numberOfRobotsOnWhiteSite
26528,29,13
timeStep,numberOfRobotsOnBlackSite,numberOfRobotsOnWhiteSite
26529,29,13
timeStep,numberOfRobotsOnBlackSite,numberOfRobotsOnWhiteSite
26530,29,13
timeStep,numberOfRobotsOnBlackSite,numberOfRobotsOnWhiteSite
26531,29,13
timeStep,numberOfRobotsOnBlackSite,numberOfRobotsOnWhiteSite
26532,29,13
timeStep,numberOfRobotsOnBlackSite,numberOfRobotsOnWhiteSite
26533,29,13
timeStep,numberOfRobotsOnBlackSite,numberOfRobotsOnWhiteSite
26534,29,13
timeStep,numberOfRobotsOnBlackSite,numberOfRobotsOnWhiteSite
26535,29,13
timeStep,numberOfRobotsOnBlackSite,numberOfRobotsOnWhiteSite
26536,29,13
timeStep,numberOfRobotsOnBlackSite,numberOfRobotsOnWhiteSite
26537,29,13
timeStep,numberOfRobotsOnBlackSite,numberOfRobotsOnWhiteSite
26538,29,13
timeStep,numberOfRobotsOnBlackSite,numberOfRobotsOnWhiteSite
26539,29,13
timeStep,numberOfRobotsOnBlackSite,numberOfRobotsOnWhiteSite
26540,29,13
timeStep,numberOfRobotsOnBlackSite,numberOfRobotsOnWhiteSite
26541,29,13
timeStep,numberOfRobotsOnBlackSite,numberOfRobotsOnWhiteSite
26542,29,13
timeStep,numberOfRobotsOnBlackSite,numberOfRobotsOnWhiteSite
26543,29,13
timeStep,numberOfRobotsOnBlackSite,numberOfRobotsOnWhiteSite
26544,29,13
timeStep,numberOfRobotsOnBlackSite,numberOfRobotsOnWhiteSite
26545,29,13
timeStep,numberOfRobotsOnBlackSite,numberOfRobotsOnWhiteSite
26546,29,13
timeStep,numberOfRobotsOnBlackSite,numberOfRobotsOnWhiteSite
26547,29,13
timeStep,numberOfRobotsOnBlackSite,numberOfRobotsOnWhiteSite
26548,29,13
timeStep,numberOfRobotsOnBlackSite,numberOfRobotsOnWhiteSite
26549,29,13
timeStep,numberOfRobotsOnBlackSite,numberOfRobotsOnWhiteSite
26550,29,13
timeStep,numberOfRobotsOnBlackSite,numberOfRobotsOnWhiteSite
26551,29,13
timeStep,numberOfRobotsOnBlackSite,numberOfRobotsOnWhiteSite
26552,29,13
timeStep,numberOfRobotsOnBlackSite,numberOfRobotsOnWhiteSite
26553,29,13
timeStep,numberOfRobotsOnBlackSite,numberOfRobotsOnWhiteSite
26554,29,13
timeStep,numberOfRobotsOnBlackSite,numberOfRobotsOnWhiteSite
26555,29,12
timeStep,numberOfRobotsOnBlackSite,numberOfRobotsOnWhiteSite
26556,29,12
timeStep,numberOfRobotsOnBlackSite,numberOfRobotsOnWhiteSite
26557,29,12
timeStep,numberOfRobotsOnBlackSite,numberOfRobotsOnWhiteSite
26558,29,12
timeStep,numberOfRobotsOnBlackSite,numberOfRobotsOnWhiteSite
26559,29,12
timeStep,numberOfRobotsOnBlackSite,numberOfRobotsOnWhiteSite
26560,29,12
timeStep,numberOfRobotsOnBlackSite,numberOfRobotsOnWhiteSite
26561,29,12
timeStep,numberOfRobotsOnBlackSite,numberOfRobotsOnWhiteSite
26562,29,12
timeStep,numberOfRobotsOnBlackSite,numberOfRobotsOnWhiteSite
26563,29,12
timeStep,numberOfRobotsOnBlackSite,numberOfRobotsOnWhiteSite
26564,29,12
timeStep,numberOfRobotsOnBlackSite,numberOfRobotsOnWhiteSite
26565,29,12
timeStep,numberOfRobotsOnBlackSite,numberOfRobotsOnWhiteSite
26566,29,12
timeStep,numberOfRobotsOnBlackSite,numberOfRobotsOnWhiteSite
26567,29,12
timeStep,numberOfRobotsOnBlackSite,numberOfRobotsOnWhiteSite
26568,29,12
timeStep,numberOfRobotsOnBlackSite,numberOfRobotsOnWhiteSite
26569,29,12
timeStep,numberOfRobotsOnBlackSite,numberOfRobotsOnWhiteSite
26570,29,12
timeStep,numberOfRobotsOnBlackSite,numberOfRobotsOnWhiteSite
26571,29,12
timeStep,numberOfRobotsOnBlackSite,numberOfRobotsOnWhiteSite
26572,29,12
timeStep,numberOfRobotsOnBlackSite,numberOfRobotsOnWhiteSite
26573,29,12
timeStep,numberOfRobotsOnBlackSite,numberOfRobotsOnWhiteSite
26574,29,12
timeStep,numberOfRobotsOnBlackSite,numberOfRobotsOnWhiteSite
26575,30,13
timeStep,numberOfRobotsOnBlackSite,numberOfRobotsOnWhiteSite
26576,30,13
timeStep,numberOfRobotsOnBlackSite,numberOfRobotsOnWhiteSite
26577,30,13
timeStep,numberOfRobotsOnBlackSite,numberOfRobotsOnWhiteSite
26578,30,13
timeStep,numberOfRobotsOnBlackSite,numberOfRobotsOnWhiteSite
26579,30,13
timeStep,numberOfRobotsOnBlackSite,numberOfRobotsOnWhiteSite
26580,30,13
timeStep,numberOfRobotsOnBlackSite,numberOfRobotsOnWhiteSite
26581,30,13
timeStep,numberOfRobotsOnBlackSite,numberOfRobotsOnWhiteSite
26582,30,13
timeStep,numberOfRobotsOnBlackSite,numberOfRobotsOnWhiteSite
26583,30,13
timeStep,numberOfRobotsOnBlackSite,numberOfRobotsOnWhiteSite
26584,30,13
timeStep,numberOfRobotsOnBlackSite,numberOfRobotsOnWhiteSite
26585,30,13
timeStep,numberOfRobotsOnBlackSite,numberOfRobotsOnWhiteSite
26586,30,13
timeStep,numberOfRobotsOnBlackSite,numberOfRobotsOnWhiteSite
26587,30,13
timeStep,numberOfRobotsOnBlackSite,numberOfRobotsOnWhiteSite
26588,30,13
timeStep,numberOfRobotsOnBlackSite,numberOfRobotsOnWhiteSite
26589,30,13
timeStep,numberOfRobotsOnBlackSite,numberOfRobotsOnWhiteSite
26590,30,14
timeStep,numberOfRobotsOnBlackSite,numberOfRobotsOnWhiteSite
26591,30,14
timeStep,numberOfRobotsOnBlackSite,numberOfRobotsOnWhiteSite
26592,30,14
timeStep,numberOfRobotsOnBlackSite,numberOfRobotsOnWhiteSite
26593,30,14
timeStep,numberOfRobotsOnBlackSite,numberOfRobotsOnWhiteSite
26594,30,14
timeStep,numberOfRobotsOnBlackSite,numberOfRobotsOnWhiteSite
26595,30,14
timeStep,numberOfRobotsOnBlackSite,numberOfRobotsOnWhiteSite
26596,30,14
timeStep,numberOfRobotsOnBlackSite,numberOfRobotsOnWhiteSite
26597,30,14
timeStep,numberOfRobotsOnBlackSite,numberOfRobotsOnWhiteSite
26598,30,14
timeStep,numberOfRobotsOnBlackSite,numberOfRobotsOnWhiteSite
26599,30,14
timeStep,numberOfRobotsOnBlackSite,numberOfRobotsOnWhiteSite
26600,30,14
timeStep,numberOfRobotsOnBlackSite,numberOfRobotsOnWhiteSite
26601,30,14
timeStep,numberOfRobotsOnBlackSite,numberOfRobotsOnWhiteSite
26602,30,14
timeStep,numberOfRobotsOnBlackSite,numberOfRobotsOnWhiteSite
26603,30,14
timeStep,numberOfRobotsOnBlackSite,numberOfRobotsOnWhiteSite
26604,30,14
timeStep,numberOfRobotsOnBlackSite,numberOfRobotsOnWhiteSite
26605,30,14
timeStep,numberOfRobotsOnBlackSite,numberOfRobotsOnWhiteSite
26606,30,14
timeStep,numberOfRobotsOnBlackSite,numberOfRobotsOnWhiteSite
26607,30,14
timeStep,numberOfRobotsOnBlackSite,numberOfRobotsOnWhiteSite
26608,30,14
timeStep,numberOfRobotsOnBlackSite,numberOfRobotsOnWhiteSite
26609,30,14
timeStep,numberOfRobotsOnBlackSite,numberOfRobotsOnWhiteSite
26610,30,14
timeStep,numberOfRobotsOnBlackSite,numberOfRobotsOnWhiteSite
26611,30,14
timeStep,numberOfRobotsOnBlackSite,numberOfRobotsOnWhiteSite
26612,30,14
timeStep,numberOfRobotsOnBlackSite,numberOfRobotsOnWhiteSite
26613,30,14
timeStep,numberOfRobotsOnBlackSite,numberOfRobotsOnWhiteSite
26614,30,14
timeStep,numberOfRobotsOnBlackSite,numberOfRobotsOnWhiteSite
26615,30,14
timeStep,numberOfRobotsOnBlackSite,numberOfRobotsOnWhiteSite
26616,30,14
timeStep,numberOfRobotsOnBlackSite,numberOfRobotsOnWhiteSite
26617,30,14
timeStep,numberOfRobotsOnBlackSite,numberOfRobotsOnWhiteSite
26618,30,14
timeStep,numberOfRobotsOnBlackSite,numberOfRobotsOnWhiteSite
26619,30,14
timeStep,numberOfRobotsOnBlackSite,numberOfRobotsOnWhiteSite
26620,30,14
timeStep,numberOfRobotsOnBlackSite,numberOfRobotsOnWhiteSite
26621,30,14
timeStep,numberOfRobotsOnBlackSite,numberOfRobotsOnWhiteSite
26622,30,14
timeStep,numberOfRobotsOnBlackSite,numberOfRobotsOnWhiteSite
26623,30,14
timeStep,numberOfRobotsOnBlackSite,numberOfRobotsOnWhiteSite
26624,30,14
timeStep,numberOfRobotsOnBlackSite,numberOfRobotsOnWhiteSite
26625,30,14
timeStep,numberOfRobotsOnBlackSite,numberOfRobotsOnWhiteSite
26626,30,14
timeStep,numberOfRobotsOnBlackSite,numberOfRobotsOnWhiteSite
26627,30,14
timeStep,numberOfRobotsOnBlackSite,numberOfRobotsOnWhiteSite
26628,30,14
timeStep,numberOfRobotsOnBlackSite,numberOfRobotsOnWhiteSite
26629,30,14
timeStep,numberOfRobotsOnBlackSite,numberOfRobotsOnWhiteSite
26630,30,14
timeStep,numberOfRobotsOnBlackSite,numberOfRobotsOnWhiteSite
26631,30,14
timeStep,numberOfRobotsOnBlackSite,numberOfRobotsOnWhiteSite
26632,30,14
timeStep,numberOfRobotsOnBlackSite,numberOfRobotsOnWhiteSite
26633,30,14
timeStep,numberOfRobotsOnBlackSite,numberOfRobotsOnWhiteSite
26634,30,14
timeStep,numberOfRobotsOnBlackSite,numberOfRobotsOnWhiteSite
26635,30,14
timeStep,numberOfRobotsOnBlackSite,numberOfRobotsOnWhiteSite
26636,30,14
timeStep,numberOfRobotsOnBlackSite,numberOfRobotsOnWhiteSite
26637,30,14
timeStep,numberOfRobotsOnBlackSite,numberOfRobotsOnWhiteSite
26638,30,14
timeStep,numberOfRobotsOnBlackSite,numberOfRobotsOnWhiteSite
26639,30,14
timeStep,numberOfRobotsOnBlackSite,numberOfRobotsOnWhiteSite
26640,30,14
timeStep,numberOfRobotsOnBlackSite,numberOfRobotsOnWhiteSite
26641,30,14
timeStep,numberOfRobotsOnBlackSite,numberOfRobotsOnWhiteSite
26642,30,14
timeStep,numberOfRobotsOnBlackSite,numberOfRobotsOnWhiteSite
26643,30,14
timeStep,numberOfRobotsOnBlackSite,numberOfRobotsOnWhiteSite
26644,30,14
timeStep,numberOfRobotsOnBlackSite,numberOfRobotsOnWhiteSite
26645,30,14
timeStep,numberOfRobotsOnBlackSite,numberOfRobotsOnWhiteSite
26646,30,14
timeStep,numberOfRobotsOnBlackSite,numberOfRobotsOnWhiteSite
26647,30,14
timeStep,numberOfRobotsOnBlackSite,numberOfRobotsOnWhiteSite
26648,30,14
timeStep,numberOfRobotsOnBlackSite,numberOfRobotsOnWhiteSite
26649,30,14
timeStep,numberOfRobotsOnBlackSite,numberOfRobotsOnWhiteSite
26650,30,14
timeStep,numberOfRobotsOnBlackSite,numberOfRobotsOnWhiteSite
26651,30,14
timeStep,numberOfRobotsOnBlackSite,numberOfRobotsOnWhiteSite
26652,30,14
timeStep,numberOfRobotsOnBlackSite,numberOfRobotsOnWhiteSite
26653,30,14
timeStep,numberOfRobotsOnBlackSite,numberOfRobotsOnWhiteSite
26654,30,14
timeStep,numberOfRobotsOnBlackSite,numberOfRobotsOnWhiteSite
26655,30,14
timeStep,numberOfRobotsOnBlackSite,numberOfRobotsOnWhiteSite
26656,30,14
timeStep,numberOfRobotsOnBlackSite,numberOfRobotsOnWhiteSite
26657,30,14
timeStep,numberOfRobotsOnBlackSite,numberOfRobotsOnWhiteSite
26658,30,14
timeStep,numberOfRobotsOnBlackSite,numberOfRobotsOnWhiteSite
26659,30,14
timeStep,numberOfRobotsOnBlackSite,numberOfRobotsOnWhiteSite
26660,30,14
timeStep,numberOfRobotsOnBlackSite,numberOfRobotsOnWhiteSite
26661,30,14
timeStep,numberOfRobotsOnBlackSite,numberOfRobotsOnWhiteSite
26662,30,14
timeStep,numberOfRobotsOnBlackSite,numberOfRobotsOnWhiteSite
26663,30,14
timeStep,numberOfRobotsOnBlackSite,numberOfRobotsOnWhiteSite
26664,30,14
timeStep,numberOfRobotsOnBlackSite,numberOfRobotsOnWhiteSite
26665,30,14
timeStep,numberOfRobotsOnBlackSite,numberOfRobotsOnWhiteSite
26666,30,14
timeStep,numberOfRobotsOnBlackSite,numberOfRobotsOnWhiteSite
26667,30,14
timeStep,numberOfRobotsOnBlackSite,numberOfRobotsOnWhiteSite
26668,30,14
timeStep,numberOfRobotsOnBlackSite,numberOfRobotsOnWhiteSite
26669,30,14
timeStep,numberOfRobotsOnBlackSite,numberOfRobotsOnWhiteSite
26670,30,14
timeStep,numberOfRobotsOnBlackSite,numberOfRobotsOnWhiteSite
26671,30,14
timeStep,numberOfRobotsOnBlackSite,numberOfRobotsOnWhiteSite
26672,30,14
timeStep,numberOfRobotsOnBlackSite,numberOfRobotsOnWhiteSite
26673,30,14
timeStep,numberOfRobotsOnBlackSite,numberOfRobotsOnWhiteSite
26674,30,14
timeStep,numberOfRobotsOnBlackSite,numberOfRobotsOnWhiteSite
26675,30,14
timeStep,numberOfRobotsOnBlackSite,numberOfRobotsOnWhiteSite
26676,30,14
timeStep,numberOfRobotsOnBlackSite,numberOfRobotsOnWhiteSite
26677,30,14
timeStep,numberOfRobotsOnBlackSite,numberOfRobotsOnWhiteSite
26678,30,14
timeStep,numberOfRobotsOnBlackSite,numberOfRobotsOnWhiteSite
26679,30,14
timeStep,numberOfRobotsOnBlackSite,numberOfRobotsOnWhiteSite
26680,30,14
timeStep,numberOfRobotsOnBlackSite,numberOfRobotsOnWhiteSite
26681,30,14
timeStep,numberOfRobotsOnBlackSite,numberOfRobotsOnWhiteSite
26682,30,14
timeStep,numberOfRobotsOnBlackSite,numberOfRobotsOnWhiteSite
26683,30,14
timeStep,numberOfRobotsOnBlackSite,numberOfRobotsOnWhiteSite
26684,30,14
timeStep,numberOfRobotsOnBlackSite,numberOfRobotsOnWhiteSite
26685,30,14
timeStep,numberOfRobotsOnBlackSite,numberOfRobotsOnWhiteSite
26686,30,14
timeStep,numberOfRobotsOnBlackSite,numberOfRobotsOnWhiteSite
26687,30,14
timeStep,numberOfRobotsOnBlackSite,numberOfRobotsOnWhiteSite
26688,30,14
timeStep,numberOfRobotsOnBlackSite,numberOfRobotsOnWhiteSite
26689,30,14
timeStep,numberOfRobotsOnBlackSite,numberOfRobotsOnWhiteSite
26690,30,14
timeStep,numberOfRobotsOnBlackSite,numberOfRobotsOnWhiteSite
26691,30,14
timeStep,numberOfRobotsOnBlackSite,numberOfRobotsOnWhiteSite
26692,30,14
timeStep,numberOfRobotsOnBlackSite,numberOfRobotsOnWhiteSite
26693,30,14
timeStep,numberOfRobotsOnBlackSite,numberOfRobotsOnWhiteSite
26694,30,14
timeStep,numberOfRobotsOnBlackSite,numberOfRobotsOnWhiteSite
26695,30,14
timeStep,numberOfRobotsOnBlackSite,numberOfRobotsOnWhiteSite
26696,30,14
timeStep,numberOfRobotsOnBlackSite,numberOfRobotsOnWhiteSite
26697,30,14
timeStep,numberOfRobotsOnBlackSite,numberOfRobotsOnWhiteSite
26698,30,14
timeStep,numberOfRobotsOnBlackSite,numberOfRobotsOnWhiteSite
26699,30,14
timeStep,numberOfRobotsOnBlackSite,numberOfRobotsOnWhiteSite
26700,30,14
timeStep,numberOfRobotsOnBlackSite,numberOfRobotsOnWhiteSite
26701,30,14
timeStep,numberOfRobotsOnBlackSite,numberOfRobotsOnWhiteSite
26702,30,14
timeStep,numberOfRobotsOnBlackSite,numberOfRobotsOnWhiteSite
26703,30,14
timeStep,numberOfRobotsOnBlackSite,numberOfRobotsOnWhiteSite
26704,30,14
timeStep,numberOfRobotsOnBlackSite,numberOfRobotsOnWhiteSite
26705,30,14
timeStep,numberOfRobotsOnBlackSite,numberOfRobotsOnWhiteSite
26706,30,14
timeStep,numberOfRobotsOnBlackSite,numberOfRobotsOnWhiteSite
26707,30,14
timeStep,numberOfRobotsOnBlackSite,numberOfRobotsOnWhiteSite
26708,30,14
timeStep,numberOfRobotsOnBlackSite,numberOfRobotsOnWhiteSite
26709,30,14
timeStep,numberOfRobotsOnBlackSite,numberOfRobotsOnWhiteSite
26710,30,13
timeStep,numberOfRobotsOnBlackSite,numberOfRobotsOnWhiteSite
26711,30,13
timeStep,numberOfRobotsOnBlackSite,numberOfRobotsOnWhiteSite
26712,30,13
timeStep,numberOfRobotsOnBlackSite,numberOfRobotsOnWhiteSite
26713,30,13
timeStep,numberOfRobotsOnBlackSite,numberOfRobotsOnWhiteSite
26714,30,13
timeStep,numberOfRobotsOnBlackSite,numberOfRobotsOnWhiteSite
26715,30,13
timeStep,numberOfRobotsOnBlackSite,numberOfRobotsOnWhiteSite
26716,30,13
timeStep,numberOfRobotsOnBlackSite,numberOfRobotsOnWhiteSite
26717,30,13
timeStep,numberOfRobotsOnBlackSite,numberOfRobotsOnWhiteSite
26718,30,13
timeStep,numberOfRobotsOnBlackSite,numberOfRobotsOnWhiteSite
26719,30,13
timeStep,numberOfRobotsOnBlackSite,numberOfRobotsOnWhiteSite
26720,30,13
timeStep,numberOfRobotsOnBlackSite,numberOfRobotsOnWhiteSite
26721,30,13
timeStep,numberOfRobotsOnBlackSite,numberOfRobotsOnWhiteSite
26722,30,13
timeStep,numberOfRobotsOnBlackSite,numberOfRobotsOnWhiteSite
26723,30,13
timeStep,numberOfRobotsOnBlackSite,numberOfRobotsOnWhiteSite
26724,30,13
timeStep,numberOfRobotsOnBlackSite,numberOfRobotsOnWhiteSite
26725,30,12
timeStep,numberOfRobotsOnBlackSite,numberOfRobotsOnWhiteSite
26726,30,12
timeStep,numberOfRobotsOnBlackSite,numberOfRobotsOnWhiteSite
26727,30,12
timeStep,numberOfRobotsOnBlackSite,numberOfRobotsOnWhiteSite
26728,30,12
timeStep,numberOfRobotsOnBlackSite,numberOfRobotsOnWhiteSite
26729,30,12
timeStep,numberOfRobotsOnBlackSite,numberOfRobotsOnWhiteSite
26730,30,12
timeStep,numberOfRobotsOnBlackSite,numberOfRobotsOnWhiteSite
26731,30,12
timeStep,numberOfRobotsOnBlackSite,numberOfRobotsOnWhiteSite
26732,30,12
timeStep,numberOfRobotsOnBlackSite,numberOfRobotsOnWhiteSite
26733,30,12
timeStep,numberOfRobotsOnBlackSite,numberOfRobotsOnWhiteSite
26734,30,12
timeStep,numberOfRobotsOnBlackSite,numberOfRobotsOnWhiteSite
26735,30,12
timeStep,numberOfRobotsOnBlackSite,numberOfRobotsOnWhiteSite
26736,30,12
timeStep,numberOfRobotsOnBlackSite,numberOfRobotsOnWhiteSite
26737,30,12
timeStep,numberOfRobotsOnBlackSite,numberOfRobotsOnWhiteSite
26738,30,12
timeStep,numberOfRobotsOnBlackSite,numberOfRobotsOnWhiteSite
26739,30,12
timeStep,numberOfRobotsOnBlackSite,numberOfRobotsOnWhiteSite
26740,30,12
timeStep,numberOfRobotsOnBlackSite,numberOfRobotsOnWhiteSite
26741,30,12
timeStep,numberOfRobotsOnBlackSite,numberOfRobotsOnWhiteSite
26742,30,12
timeStep,numberOfRobotsOnBlackSite,numberOfRobotsOnWhiteSite
26743,30,12
timeStep,numberOfRobotsOnBlackSite,numberOfRobotsOnWhiteSite
26744,30,12
timeStep,numberOfRobotsOnBlackSite,numberOfRobotsOnWhiteSite
26745,30,11
timeStep,numberOfRobotsOnBlackSite,numberOfRobotsOnWhiteSite
26746,30,11
timeStep,numberOfRobotsOnBlackSite,numberOfRobotsOnWhiteSite
26747,30,11
timeStep,numberOfRobotsOnBlackSite,numberOfRobotsOnWhiteSite
26748,30,11
timeStep,numberOfRobotsOnBlackSite,numberOfRobotsOnWhiteSite
26749,30,11
timeStep,numberOfRobotsOnBlackSite,numberOfRobotsOnWhiteSite
26750,30,11
timeStep,numberOfRobotsOnBlackSite,numberOfRobotsOnWhiteSite
26751,30,11
timeStep,numberOfRobotsOnBlackSite,numberOfRobotsOnWhiteSite
26752,30,11
timeStep,numberOfRobotsOnBlackSite,numberOfRobotsOnWhiteSite
26753,30,11
timeStep,numberOfRobotsOnBlackSite,numberOfRobotsOnWhiteSite
26754,30,11
timeStep,numberOfRobotsOnBlackSite,numberOfRobotsOnWhiteSite
26755,30,11
timeStep,numberOfRobotsOnBlackSite,numberOfRobotsOnWhiteSite
26756,30,11
timeStep,numberOfRobotsOnBlackSite,numberOfRobotsOnWhiteSite
26757,30,11
timeStep,numberOfRobotsOnBlackSite,numberOfRobotsOnWhiteSite
26758,30,11
timeStep,numberOfRobotsOnBlackSite,numberOfRobotsOnWhiteSite
26759,30,11
timeStep,numberOfRobotsOnBlackSite,numberOfRobotsOnWhiteSite
26760,30,12
timeStep,numberOfRobotsOnBlackSite,numberOfRobotsOnWhiteSite
26761,30,12
timeStep,numberOfRobotsOnBlackSite,numberOfRobotsOnWhiteSite
26762,30,12
timeStep,numberOfRobotsOnBlackSite,numberOfRobotsOnWhiteSite
26763,30,12
timeStep,numberOfRobotsOnBlackSite,numberOfRobotsOnWhiteSite
26764,30,12
timeStep,numberOfRobotsOnBlackSite,numberOfRobotsOnWhiteSite
26765,30,12
timeStep,numberOfRobotsOnBlackSite,numberOfRobotsOnWhiteSite
26766,30,12
timeStep,numberOfRobotsOnBlackSite,numberOfRobotsOnWhiteSite
26767,30,12
timeStep,numberOfRobotsOnBlackSite,numberOfRobotsOnWhiteSite
26768,30,12
timeStep,numberOfRobotsOnBlackSite,numberOfRobotsOnWhiteSite
26769,30,12
timeStep,numberOfRobotsOnBlackSite,numberOfRobotsOnWhiteSite
26770,30,13
timeStep,numberOfRobotsOnBlackSite,numberOfRobotsOnWhiteSite
26771,30,13
timeStep,numberOfRobotsOnBlackSite,numberOfRobotsOnWhiteSite
26772,30,13
timeStep,numberOfRobotsOnBlackSite,numberOfRobotsOnWhiteSite
26773,30,13
timeStep,numberOfRobotsOnBlackSite,numberOfRobotsOnWhiteSite
26774,30,13
timeStep,numberOfRobotsOnBlackSite,numberOfRobotsOnWhiteSite
26775,30,13
timeStep,numberOfRobotsOnBlackSite,numberOfRobotsOnWhiteSite
26776,30,13
timeStep,numberOfRobotsOnBlackSite,numberOfRobotsOnWhiteSite
26777,30,13
timeStep,numberOfRobotsOnBlackSite,numberOfRobotsOnWhiteSite
26778,30,13
timeStep,numberOfRobotsOnBlackSite,numberOfRobotsOnWhiteSite
26779,30,13
timeStep,numberOfRobotsOnBlackSite,numberOfRobotsOnWhiteSite
26780,30,13
timeStep,numberOfRobotsOnBlackSite,numberOfRobotsOnWhiteSite
26781,30,13
timeStep,numberOfRobotsOnBlackSite,numberOfRobotsOnWhiteSite
26782,30,13
timeStep,numberOfRobotsOnBlackSite,numberOfRobotsOnWhiteSite
26783,30,13
timeStep,numberOfRobotsOnBlackSite,numberOfRobotsOnWhiteSite
26784,30,13
timeStep,numberOfRobotsOnBlackSite,numberOfRobotsOnWhiteSite
26785,30,13
timeStep,numberOfRobotsOnBlackSite,numberOfRobotsOnWhiteSite
26786,30,13
timeStep,numberOfRobotsOnBlackSite,numberOfRobotsOnWhiteSite
26787,30,13
timeStep,numberOfRobotsOnBlackSite,numberOfRobotsOnWhiteSite
26788,30,13
timeStep,numberOfRobotsOnBlackSite,numberOfRobotsOnWhiteSite
26789,30,13
timeStep,numberOfRobotsOnBlackSite,numberOfRobotsOnWhiteSite
26790,30,13
timeStep,numberOfRobotsOnBlackSite,numberOfRobotsOnWhiteSite
26791,30,13
timeStep,numberOfRobotsOnBlackSite,numberOfRobotsOnWhiteSite
26792,30,13
timeStep,numberOfRobotsOnBlackSite,numberOfRobotsOnWhiteSite
26793,30,13
timeStep,numberOfRobotsOnBlackSite,numberOfRobotsOnWhiteSite
26794,30,13
timeStep,numberOfRobotsOnBlackSite,numberOfRobotsOnWhiteSite
26795,30,13
timeStep,numberOfRobotsOnBlackSite,numberOfRobotsOnWhiteSite
26796,30,13
timeStep,numberOfRobotsOnBlackSite,numberOfRobotsOnWhiteSite
26797,30,13
timeStep,numberOfRobotsOnBlackSite,numberOfRobotsOnWhiteSite
26798,30,13
timeStep,numberOfRobotsOnBlackSite,numberOfRobotsOnWhiteSite
26799,30,13
timeStep,numberOfRobotsOnBlackSite,numberOfRobotsOnWhiteSite
26800,30,13
timeStep,numberOfRobotsOnBlackSite,numberOfRobotsOnWhiteSite
26801,30,13
timeStep,numberOfRobotsOnBlackSite,numberOfRobotsOnWhiteSite
26802,30,13
timeStep,numberOfRobotsOnBlackSite,numberOfRobotsOnWhiteSite
26803,30,13
timeStep,numberOfRobotsOnBlackSite,numberOfRobotsOnWhiteSite
26804,30,13
timeStep,numberOfRobotsOnBlackSite,numberOfRobotsOnWhiteSite
26805,30,13
timeStep,numberOfRobotsOnBlackSite,numberOfRobotsOnWhiteSite
26806,30,13
timeStep,numberOfRobotsOnBlackSite,numberOfRobotsOnWhiteSite
26807,30,13
timeStep,numberOfRobotsOnBlackSite,numberOfRobotsOnWhiteSite
26808,30,13
timeStep,numberOfRobotsOnBlackSite,numberOfRobotsOnWhiteSite
26809,30,13
timeStep,numberOfRobotsOnBlackSite,numberOfRobotsOnWhiteSite
26810,30,13
timeStep,numberOfRobotsOnBlackSite,numberOfRobotsOnWhiteSite
26811,30,13
timeStep,numberOfRobotsOnBlackSite,numberOfRobotsOnWhiteSite
26812,30,13
timeStep,numberOfRobotsOnBlackSite,numberOfRobotsOnWhiteSite
26813,30,13
timeStep,numberOfRobotsOnBlackSite,numberOfRobotsOnWhiteSite
26814,30,13
timeStep,numberOfRobotsOnBlackSite,numberOfRobotsOnWhiteSite
26815,30,13
timeStep,numberOfRobotsOnBlackSite,numberOfRobotsOnWhiteSite
26816,30,13
timeStep,numberOfRobotsOnBlackSite,numberOfRobotsOnWhiteSite
26817,30,13
timeStep,numberOfRobotsOnBlackSite,numberOfRobotsOnWhiteSite
26818,30,13
timeStep,numberOfRobotsOnBlackSite,numberOfRobotsOnWhiteSite
26819,30,13
timeStep,numberOfRobotsOnBlackSite,numberOfRobotsOnWhiteSite
26820,30,13
timeStep,numberOfRobotsOnBlackSite,numberOfRobotsOnWhiteSite
26821,30,13
timeStep,numberOfRobotsOnBlackSite,numberOfRobotsOnWhiteSite
26822,30,13
timeStep,numberOfRobotsOnBlackSite,numberOfRobotsOnWhiteSite
26823,30,13
timeStep,numberOfRobotsOnBlackSite,numberOfRobotsOnWhiteSite
26824,30,13
timeStep,numberOfRobotsOnBlackSite,numberOfRobotsOnWhiteSite
26825,30,13
timeStep,numberOfRobotsOnBlackSite,numberOfRobotsOnWhiteSite
26826,30,13
timeStep,numberOfRobotsOnBlackSite,numberOfRobotsOnWhiteSite
26827,30,13
timeStep,numberOfRobotsOnBlackSite,numberOfRobotsOnWhiteSite
26828,30,13
timeStep,numberOfRobotsOnBlackSite,numberOfRobotsOnWhiteSite
26829,30,13
timeStep,numberOfRobotsOnBlackSite,numberOfRobotsOnWhiteSite
26830,30,13
timeStep,numberOfRobotsOnBlackSite,numberOfRobotsOnWhiteSite
26831,30,13
timeStep,numberOfRobotsOnBlackSite,numberOfRobotsOnWhiteSite
26832,30,13
timeStep,numberOfRobotsOnBlackSite,numberOfRobotsOnWhiteSite
26833,30,13
timeStep,numberOfRobotsOnBlackSite,numberOfRobotsOnWhiteSite
26834,30,13
timeStep,numberOfRobotsOnBlackSite,numberOfRobotsOnWhiteSite
26835,30,13
timeStep,numberOfRobotsOnBlackSite,numberOfRobotsOnWhiteSite
26836,30,13
timeStep,numberOfRobotsOnBlackSite,numberOfRobotsOnWhiteSite
26837,30,13
timeStep,numberOfRobotsOnBlackSite,numberOfRobotsOnWhiteSite
26838,30,13
timeStep,numberOfRobotsOnBlackSite,numberOfRobotsOnWhiteSite
26839,30,13
timeStep,numberOfRobotsOnBlackSite,numberOfRobotsOnWhiteSite
26840,29,13
timeStep,numberOfRobotsOnBlackSite,numberOfRobotsOnWhiteSite
26841,29,13
timeStep,numberOfRobotsOnBlackSite,numberOfRobotsOnWhiteSite
26842,29,13
timeStep,numberOfRobotsOnBlackSite,numberOfRobotsOnWhiteSite
26843,29,13
timeStep,numberOfRobotsOnBlackSite,numberOfRobotsOnWhiteSite
26844,29,13
timeStep,numberOfRobotsOnBlackSite,numberOfRobotsOnWhiteSite
26845,29,13
timeStep,numberOfRobotsOnBlackSite,numberOfRobotsOnWhiteSite
26846,29,13
timeStep,numberOfRobotsOnBlackSite,numberOfRobotsOnWhiteSite
26847,29,13
timeStep,numberOfRobotsOnBlackSite,numberOfRobotsOnWhiteSite
26848,29,13
timeStep,numberOfRobotsOnBlackSite,numberOfRobotsOnWhiteSite
26849,29,13
timeStep,numberOfRobotsOnBlackSite,numberOfRobotsOnWhiteSite
26850,29,13
timeStep,numberOfRobotsOnBlackSite,numberOfRobotsOnWhiteSite
26851,29,13
timeStep,numberOfRobotsOnBlackSite,numberOfRobotsOnWhiteSite
26852,29,13
timeStep,numberOfRobotsOnBlackSite,numberOfRobotsOnWhiteSite
26853,29,13
timeStep,numberOfRobotsOnBlackSite,numberOfRobotsOnWhiteSite
26854,29,13
timeStep,numberOfRobotsOnBlackSite,numberOfRobotsOnWhiteSite
26855,29,13
timeStep,numberOfRobotsOnBlackSite,numberOfRobotsOnWhiteSite
26856,29,13
timeStep,numberOfRobotsOnBlackSite,numberOfRobotsOnWhiteSite
26857,29,13
timeStep,numberOfRobotsOnBlackSite,numberOfRobotsOnWhiteSite
26858,29,13
timeStep,numberOfRobotsOnBlackSite,numberOfRobotsOnWhiteSite
26859,29,13
timeStep,numberOfRobotsOnBlackSite,numberOfRobotsOnWhiteSite
26860,29,13
timeStep,numberOfRobotsOnBlackSite,numberOfRobotsOnWhiteSite
26861,29,13
timeStep,numberOfRobotsOnBlackSite,numberOfRobotsOnWhiteSite
26862,29,13
timeStep,numberOfRobotsOnBlackSite,numberOfRobotsOnWhiteSite
26863,29,13
timeStep,numberOfRobotsOnBlackSite,numberOfRobotsOnWhiteSite
26864,29,13
timeStep,numberOfRobotsOnBlackSite,numberOfRobotsOnWhiteSite
26865,29,13
timeStep,numberOfRobotsOnBlackSite,numberOfRobotsOnWhiteSite
26866,29,13
timeStep,numberOfRobotsOnBlackSite,numberOfRobotsOnWhiteSite
26867,29,13
timeStep,numberOfRobotsOnBlackSite,numberOfRobotsOnWhiteSite
26868,29,13
timeStep,numberOfRobotsOnBlackSite,numberOfRobotsOnWhiteSite
26869,29,13
timeStep,numberOfRobotsOnBlackSite,numberOfRobotsOnWhiteSite
26870,29,13
timeStep,numberOfRobotsOnBlackSite,numberOfRobotsOnWhiteSite
26871,29,13
timeStep,numberOfRobotsOnBlackSite,numberOfRobotsOnWhiteSite
26872,29,13
timeStep,numberOfRobotsOnBlackSite,numberOfRobotsOnWhiteSite
26873,29,13
timeStep,numberOfRobotsOnBlackSite,numberOfRobotsOnWhiteSite
26874,29,13
timeStep,numberOfRobotsOnBlackSite,numberOfRobotsOnWhiteSite
26875,29,13
timeStep,numberOfRobotsOnBlackSite,numberOfRobotsOnWhiteSite
26876,29,13
timeStep,numberOfRobotsOnBlackSite,numberOfRobotsOnWhiteSite
26877,29,13
timeStep,numberOfRobotsOnBlackSite,numberOfRobotsOnWhiteSite
26878,29,13
timeStep,numberOfRobotsOnBlackSite,numberOfRobotsOnWhiteSite
26879,29,13
timeStep,numberOfRobotsOnBlackSite,numberOfRobotsOnWhiteSite
26880,29,13
timeStep,numberOfRobotsOnBlackSite,numberOfRobotsOnWhiteSite
26881,29,13
timeStep,numberOfRobotsOnBlackSite,numberOfRobotsOnWhiteSite
26882,29,13
timeStep,numberOfRobotsOnBlackSite,numberOfRobotsOnWhiteSite
26883,29,13
timeStep,numberOfRobotsOnBlackSite,numberOfRobotsOnWhiteSite
26884,29,13
timeStep,numberOfRobotsOnBlackSite,numberOfRobotsOnWhiteSite
26885,29,13
timeStep,numberOfRobotsOnBlackSite,numberOfRobotsOnWhiteSite
26886,29,13
timeStep,numberOfRobotsOnBlackSite,numberOfRobotsOnWhiteSite
26887,29,13
timeStep,numberOfRobotsOnBlackSite,numberOfRobotsOnWhiteSite
26888,29,13
timeStep,numberOfRobotsOnBlackSite,numberOfRobotsOnWhiteSite
26889,29,13
timeStep,numberOfRobotsOnBlackSite,numberOfRobotsOnWhiteSite
26890,29,13
timeStep,numberOfRobotsOnBlackSite,numberOfRobotsOnWhiteSite
26891,29,13
timeStep,numberOfRobotsOnBlackSite,numberOfRobotsOnWhiteSite
26892,29,13
timeStep,numberOfRobotsOnBlackSite,numberOfRobotsOnWhiteSite
26893,29,13
timeStep,numberOfRobotsOnBlackSite,numberOfRobotsOnWhiteSite
26894,29,13
timeStep,numberOfRobotsOnBlackSite,numberOfRobotsOnWhiteSite
26895,28,13
timeStep,numberOfRobotsOnBlackSite,numberOfRobotsOnWhiteSite
26896,28,13
timeStep,numberOfRobotsOnBlackSite,numberOfRobotsOnWhiteSite
26897,28,13
timeStep,numberOfRobotsOnBlackSite,numberOfRobotsOnWhiteSite
26898,28,13
timeStep,numberOfRobotsOnBlackSite,numberOfRobotsOnWhiteSite
26899,28,13
timeStep,numberOfRobotsOnBlackSite,numberOfRobotsOnWhiteSite
26900,28,13
timeStep,numberOfRobotsOnBlackSite,numberOfRobotsOnWhiteSite
26901,28,13
timeStep,numberOfRobotsOnBlackSite,numberOfRobotsOnWhiteSite
26902,28,13
timeStep,numberOfRobotsOnBlackSite,numberOfRobotsOnWhiteSite
26903,28,13
timeStep,numberOfRobotsOnBlackSite,numberOfRobotsOnWhiteSite
26904,28,13
timeStep,numberOfRobotsOnBlackSite,numberOfRobotsOnWhiteSite
26905,28,13
timeStep,numberOfRobotsOnBlackSite,numberOfRobotsOnWhiteSite
26906,28,13
timeStep,numberOfRobotsOnBlackSite,numberOfRobotsOnWhiteSite
26907,28,13
timeStep,numberOfRobotsOnBlackSite,numberOfRobotsOnWhiteSite
26908,28,13
timeStep,numberOfRobotsOnBlackSite,numberOfRobotsOnWhiteSite
26909,28,13
timeStep,numberOfRobotsOnBlackSite,numberOfRobotsOnWhiteSite
26910,28,13
timeStep,numberOfRobotsOnBlackSite,numberOfRobotsOnWhiteSite
26911,28,13
timeStep,numberOfRobotsOnBlackSite,numberOfRobotsOnWhiteSite
26912,28,13
timeStep,numberOfRobotsOnBlackSite,numberOfRobotsOnWhiteSite
26913,28,13
timeStep,numberOfRobotsOnBlackSite,numberOfRobotsOnWhiteSite
26914,28,13
timeStep,numberOfRobotsOnBlackSite,numberOfRobotsOnWhiteSite
26915,28,14
timeStep,numberOfRobotsOnBlackSite,numberOfRobotsOnWhiteSite
26916,28,14
timeStep,numberOfRobotsOnBlackSite,numberOfRobotsOnWhiteSite
26917,28,14
timeStep,numberOfRobotsOnBlackSite,numberOfRobotsOnWhiteSite
26918,28,14
timeStep,numberOfRobotsOnBlackSite,numberOfRobotsOnWhiteSite
26919,28,14
timeStep,numberOfRobotsOnBlackSite,numberOfRobotsOnWhiteSite
26920,28,14
timeStep,numberOfRobotsOnBlackSite,numberOfRobotsOnWhiteSite
26921,28,14
timeStep,numberOfRobotsOnBlackSite,numberOfRobotsOnWhiteSite
26922,28,14
timeStep,numberOfRobotsOnBlackSite,numberOfRobotsOnWhiteSite
26923,28,14
timeStep,numberOfRobotsOnBlackSite,numberOfRobotsOnWhiteSite
26924,28,14
timeStep,numberOfRobotsOnBlackSite,numberOfRobotsOnWhiteSite
26925,28,14
timeStep,numberOfRobotsOnBlackSite,numberOfRobotsOnWhiteSite
26926,28,14
timeStep,numberOfRobotsOnBlackSite,numberOfRobotsOnWhiteSite
26927,28,14
timeStep,numberOfRobotsOnBlackSite,numberOfRobotsOnWhiteSite
26928,28,14
timeStep,numberOfRobotsOnBlackSite,numberOfRobotsOnWhiteSite
26929,28,14
timeStep,numberOfRobotsOnBlackSite,numberOfRobotsOnWhiteSite
26930,28,14
timeStep,numberOfRobotsOnBlackSite,numberOfRobotsOnWhiteSite
26931,28,14
timeStep,numberOfRobotsOnBlackSite,numberOfRobotsOnWhiteSite
26932,28,14
timeStep,numberOfRobotsOnBlackSite,numberOfRobotsOnWhiteSite
26933,28,14
timeStep,numberOfRobotsOnBlackSite,numberOfRobotsOnWhiteSite
26934,28,14
timeStep,numberOfRobotsOnBlackSite,numberOfRobotsOnWhiteSite
26935,29,14
timeStep,numberOfRobotsOnBlackSite,numberOfRobotsOnWhiteSite
26936,29,14
timeStep,numberOfRobotsOnBlackSite,numberOfRobotsOnWhiteSite
26937,29,14
timeStep,numberOfRobotsOnBlackSite,numberOfRobotsOnWhiteSite
26938,29,14
timeStep,numberOfRobotsOnBlackSite,numberOfRobotsOnWhiteSite
26939,29,14
timeStep,numberOfRobotsOnBlackSite,numberOfRobotsOnWhiteSite
26940,29,14
timeStep,numberOfRobotsOnBlackSite,numberOfRobotsOnWhiteSite
26941,29,14
timeStep,numberOfRobotsOnBlackSite,numberOfRobotsOnWhiteSite
26942,29,14
timeStep,numberOfRobotsOnBlackSite,numberOfRobotsOnWhiteSite
26943,29,14
timeStep,numberOfRobotsOnBlackSite,numberOfRobotsOnWhiteSite
26944,29,14
timeStep,numberOfRobotsOnBlackSite,numberOfRobotsOnWhiteSite
26945,29,14
timeStep,numberOfRobotsOnBlackSite,numberOfRobotsOnWhiteSite
26946,29,14
timeStep,numberOfRobotsOnBlackSite,numberOfRobotsOnWhiteSite
26947,29,14
timeStep,numberOfRobotsOnBlackSite,numberOfRobotsOnWhiteSite
26948,29,14
timeStep,numberOfRobotsOnBlackSite,numberOfRobotsOnWhiteSite
26949,29,14
timeStep,numberOfRobotsOnBlackSite,numberOfRobotsOnWhiteSite
26950,29,14
timeStep,numberOfRobotsOnBlackSite,numberOfRobotsOnWhiteSite
26951,29,14
timeStep,numberOfRobotsOnBlackSite,numberOfRobotsOnWhiteSite
26952,29,14
timeStep,numberOfRobotsOnBlackSite,numberOfRobotsOnWhiteSite
26953,29,14
timeStep,numberOfRobotsOnBlackSite,numberOfRobotsOnWhiteSite
26954,29,14
timeStep,numberOfRobotsOnBlackSite,numberOfRobotsOnWhiteSite
26955,29,14
timeStep,numberOfRobotsOnBlackSite,numberOfRobotsOnWhiteSite
26956,29,14
timeStep,numberOfRobotsOnBlackSite,numberOfRobotsOnWhiteSite
26957,29,14
timeStep,numberOfRobotsOnBlackSite,numberOfRobotsOnWhiteSite
26958,29,14
timeStep,numberOfRobotsOnBlackSite,numberOfRobotsOnWhiteSite
26959,29,14
timeStep,numberOfRobotsOnBlackSite,numberOfRobotsOnWhiteSite
26960,29,14
timeStep,numberOfRobotsOnBlackSite,numberOfRobotsOnWhiteSite
26961,29,14
timeStep,numberOfRobotsOnBlackSite,numberOfRobotsOnWhiteSite
26962,29,14
timeStep,numberOfRobotsOnBlackSite,numberOfRobotsOnWhiteSite
26963,29,14
timeStep,numberOfRobotsOnBlackSite,numberOfRobotsOnWhiteSite
26964,29,14
timeStep,numberOfRobotsOnBlackSite,numberOfRobotsOnWhiteSite
26965,29,14
timeStep,numberOfRobotsOnBlackSite,numberOfRobotsOnWhiteSite
26966,29,14
timeStep,numberOfRobotsOnBlackSite,numberOfRobotsOnWhiteSite
26967,29,14
timeStep,numberOfRobotsOnBlackSite,numberOfRobotsOnWhiteSite
26968,29,14
timeStep,numberOfRobotsOnBlackSite,numberOfRobotsOnWhiteSite
26969,29,14
timeStep,numberOfRobotsOnBlackSite,numberOfRobotsOnWhiteSite
26970,29,14
timeStep,numberOfRobotsOnBlackSite,numberOfRobotsOnWhiteSite
26971,29,14
timeStep,numberOfRobotsOnBlackSite,numberOfRobotsOnWhiteSite
26972,29,14
timeStep,numberOfRobotsOnBlackSite,numberOfRobotsOnWhiteSite
26973,29,14
timeStep,numberOfRobotsOnBlackSite,numberOfRobotsOnWhiteSite
26974,29,14
timeStep,numberOfRobotsOnBlackSite,numberOfRobotsOnWhiteSite
26975,29,14
timeStep,numberOfRobotsOnBlackSite,numberOfRobotsOnWhiteSite
26976,29,14
timeStep,numberOfRobotsOnBlackSite,numberOfRobotsOnWhiteSite
26977,29,14
timeStep,numberOfRobotsOnBlackSite,numberOfRobotsOnWhiteSite
26978,29,14
timeStep,numberOfRobotsOnBlackSite,numberOfRobotsOnWhiteSite
26979,29,14
timeStep,numberOfRobotsOnBlackSite,numberOfRobotsOnWhiteSite
26980,29,14
timeStep,numberOfRobotsOnBlackSite,numberOfRobotsOnWhiteSite
26981,29,14
timeStep,numberOfRobotsOnBlackSite,numberOfRobotsOnWhiteSite
26982,29,14
timeStep,numberOfRobotsOnBlackSite,numberOfRobotsOnWhiteSite
26983,29,14
timeStep,numberOfRobotsOnBlackSite,numberOfRobotsOnWhiteSite
26984,29,14
timeStep,numberOfRobotsOnBlackSite,numberOfRobotsOnWhiteSite
26985,29,14
timeStep,numberOfRobotsOnBlackSite,numberOfRobotsOnWhiteSite
26986,29,14
timeStep,numberOfRobotsOnBlackSite,numberOfRobotsOnWhiteSite
26987,29,14
timeStep,numberOfRobotsOnBlackSite,numberOfRobotsOnWhiteSite
26988,29,14
timeStep,numberOfRobotsOnBlackSite,numberOfRobotsOnWhiteSite
26989,29,14
timeStep,numberOfRobotsOnBlackSite,numberOfRobotsOnWhiteSite
26990,29,14
timeStep,numberOfRobotsOnBlackSite,numberOfRobotsOnWhiteSite
26991,29,14
timeStep,numberOfRobotsOnBlackSite,numberOfRobotsOnWhiteSite
26992,29,14
timeStep,numberOfRobotsOnBlackSite,numberOfRobotsOnWhiteSite
26993,29,14
timeStep,numberOfRobotsOnBlackSite,numberOfRobotsOnWhiteSite
26994,29,14
timeStep,numberOfRobotsOnBlackSite,numberOfRobotsOnWhiteSite
26995,29,14
timeStep,numberOfRobotsOnBlackSite,numberOfRobotsOnWhiteSite
26996,29,14
timeStep,numberOfRobotsOnBlackSite,numberOfRobotsOnWhiteSite
26997,29,14
timeStep,numberOfRobotsOnBlackSite,numberOfRobotsOnWhiteSite
26998,29,14
timeStep,numberOfRobotsOnBlackSite,numberOfRobotsOnWhiteSite
26999,29,14
timeStep,numberOfRobotsOnBlackSite,numberOfRobotsOnWhiteSite
27000,29,13
timeStep,numberOfRobotsOnBlackSite,numberOfRobotsOnWhiteSite
27001,29,13
timeStep,numberOfRobotsOnBlackSite,numberOfRobotsOnWhiteSite
27002,29,13
timeStep,numberOfRobotsOnBlackSite,numberOfRobotsOnWhiteSite
27003,29,13
timeStep,numberOfRobotsOnBlackSite,numberOfRobotsOnWhiteSite
27004,29,13
timeStep,numberOfRobotsOnBlackSite,numberOfRobotsOnWhiteSite
27005,29,13
timeStep,numberOfRobotsOnBlackSite,numberOfRobotsOnWhiteSite
27006,29,13
timeStep,numberOfRobotsOnBlackSite,numberOfRobotsOnWhiteSite
27007,29,13
timeStep,numberOfRobotsOnBlackSite,numberOfRobotsOnWhiteSite
27008,29,13
timeStep,numberOfRobotsOnBlackSite,numberOfRobotsOnWhiteSite
27009,29,13
timeStep,numberOfRobotsOnBlackSite,numberOfRobotsOnWhiteSite
27010,29,13
timeStep,numberOfRobotsOnBlackSite,numberOfRobotsOnWhiteSite
27011,29,13
timeStep,numberOfRobotsOnBlackSite,numberOfRobotsOnWhiteSite
27012,29,13
timeStep,numberOfRobotsOnBlackSite,numberOfRobotsOnWhiteSite
27013,29,13
timeStep,numberOfRobotsOnBlackSite,numberOfRobotsOnWhiteSite
27014,29,13
timeStep,numberOfRobotsOnBlackSite,numberOfRobotsOnWhiteSite
27015,29,13
timeStep,numberOfRobotsOnBlackSite,numberOfRobotsOnWhiteSite
27016,29,13
timeStep,numberOfRobotsOnBlackSite,numberOfRobotsOnWhiteSite
27017,29,13
timeStep,numberOfRobotsOnBlackSite,numberOfRobotsOnWhiteSite
27018,29,13
timeStep,numberOfRobotsOnBlackSite,numberOfRobotsOnWhiteSite
27019,29,13
timeStep,numberOfRobotsOnBlackSite,numberOfRobotsOnWhiteSite
27020,29,13
timeStep,numberOfRobotsOnBlackSite,numberOfRobotsOnWhiteSite
27021,29,13
timeStep,numberOfRobotsOnBlackSite,numberOfRobotsOnWhiteSite
27022,29,13
timeStep,numberOfRobotsOnBlackSite,numberOfRobotsOnWhiteSite
27023,29,13
timeStep,numberOfRobotsOnBlackSite,numberOfRobotsOnWhiteSite
27024,29,13
timeStep,numberOfRobotsOnBlackSite,numberOfRobotsOnWhiteSite
27025,29,13
timeStep,numberOfRobotsOnBlackSite,numberOfRobotsOnWhiteSite
27026,29,13
timeStep,numberOfRobotsOnBlackSite,numberOfRobotsOnWhiteSite
27027,29,13
timeStep,numberOfRobotsOnBlackSite,numberOfRobotsOnWhiteSite
27028,29,13
timeStep,numberOfRobotsOnBlackSite,numberOfRobotsOnWhiteSite
27029,29,13
timeStep,numberOfRobotsOnBlackSite,numberOfRobotsOnWhiteSite
27030,29,13
timeStep,numberOfRobotsOnBlackSite,numberOfRobotsOnWhiteSite
27031,29,13
timeStep,numberOfRobotsOnBlackSite,numberOfRobotsOnWhiteSite
27032,29,13
timeStep,numberOfRobotsOnBlackSite,numberOfRobotsOnWhiteSite
27033,29,13
timeStep,numberOfRobotsOnBlackSite,numberOfRobotsOnWhiteSite
27034,29,13
timeStep,numberOfRobotsOnBlackSite,numberOfRobotsOnWhiteSite
27035,29,13
timeStep,numberOfRobotsOnBlackSite,numberOfRobotsOnWhiteSite
27036,29,13
timeStep,numberOfRobotsOnBlackSite,numberOfRobotsOnWhiteSite
27037,29,13
timeStep,numberOfRobotsOnBlackSite,numberOfRobotsOnWhiteSite
27038,29,13
timeStep,numberOfRobotsOnBlackSite,numberOfRobotsOnWhiteSite
27039,29,13
timeStep,numberOfRobotsOnBlackSite,numberOfRobotsOnWhiteSite
27040,29,13
timeStep,numberOfRobotsOnBlackSite,numberOfRobotsOnWhiteSite
27041,29,13
timeStep,numberOfRobotsOnBlackSite,numberOfRobotsOnWhiteSite
27042,29,13
timeStep,numberOfRobotsOnBlackSite,numberOfRobotsOnWhiteSite
27043,29,13
timeStep,numberOfRobotsOnBlackSite,numberOfRobotsOnWhiteSite
27044,29,13
timeStep,numberOfRobotsOnBlackSite,numberOfRobotsOnWhiteSite
27045,29,13
timeStep,numberOfRobotsOnBlackSite,numberOfRobotsOnWhiteSite
27046,29,13
timeStep,numberOfRobotsOnBlackSite,numberOfRobotsOnWhiteSite
27047,29,13
timeStep,numberOfRobotsOnBlackSite,numberOfRobotsOnWhiteSite
27048,29,13
timeStep,numberOfRobotsOnBlackSite,numberOfRobotsOnWhiteSite
27049,29,13
timeStep,numberOfRobotsOnBlackSite,numberOfRobotsOnWhiteSite
27050,29,13
timeStep,numberOfRobotsOnBlackSite,numberOfRobotsOnWhiteSite
27051,29,13
timeStep,numberOfRobotsOnBlackSite,numberOfRobotsOnWhiteSite
27052,29,13
timeStep,numberOfRobotsOnBlackSite,numberOfRobotsOnWhiteSite
27053,29,13
timeStep,numberOfRobotsOnBlackSite,numberOfRobotsOnWhiteSite
27054,29,13
timeStep,numberOfRobotsOnBlackSite,numberOfRobotsOnWhiteSite
27055,29,13
timeStep,numberOfRobotsOnBlackSite,numberOfRobotsOnWhiteSite
27056,29,13
timeStep,numberOfRobotsOnBlackSite,numberOfRobotsOnWhiteSite
27057,29,13
timeStep,numberOfRobotsOnBlackSite,numberOfRobotsOnWhiteSite
27058,29,13
timeStep,numberOfRobotsOnBlackSite,numberOfRobotsOnWhiteSite
27059,29,13
timeStep,numberOfRobotsOnBlackSite,numberOfRobotsOnWhiteSite
27060,29,13
timeStep,numberOfRobotsOnBlackSite,numberOfRobotsOnWhiteSite
27061,29,13
timeStep,numberOfRobotsOnBlackSite,numberOfRobotsOnWhiteSite
27062,29,13
timeStep,numberOfRobotsOnBlackSite,numberOfRobotsOnWhiteSite
27063,29,13
timeStep,numberOfRobotsOnBlackSite,numberOfRobotsOnWhiteSite
27064,29,13
timeStep,numberOfRobotsOnBlackSite,numberOfRobotsOnWhiteSite
27065,29,13
timeStep,numberOfRobotsOnBlackSite,numberOfRobotsOnWhiteSite
27066,29,13
timeStep,numberOfRobotsOnBlackSite,numberOfRobotsOnWhiteSite
27067,29,13
timeStep,numberOfRobotsOnBlackSite,numberOfRobotsOnWhiteSite
27068,29,13
timeStep,numberOfRobotsOnBlackSite,numberOfRobotsOnWhiteSite
27069,29,13
timeStep,numberOfRobotsOnBlackSite,numberOfRobotsOnWhiteSite
27070,29,13
timeStep,numberOfRobotsOnBlackSite,numberOfRobotsOnWhiteSite
27071,29,13
timeStep,numberOfRobotsOnBlackSite,numberOfRobotsOnWhiteSite
27072,29,13
timeStep,numberOfRobotsOnBlackSite,numberOfRobotsOnWhiteSite
27073,29,13
timeStep,numberOfRobotsOnBlackSite,numberOfRobotsOnWhiteSite
27074,29,13
timeStep,numberOfRobotsOnBlackSite,numberOfRobotsOnWhiteSite
27075,29,13
timeStep,numberOfRobotsOnBlackSite,numberOfRobotsOnWhiteSite
27076,29,13
timeStep,numberOfRobotsOnBlackSite,numberOfRobotsOnWhiteSite
27077,29,13
timeStep,numberOfRobotsOnBlackSite,numberOfRobotsOnWhiteSite
27078,29,13
timeStep,numberOfRobotsOnBlackSite,numberOfRobotsOnWhiteSite
27079,29,13
timeStep,numberOfRobotsOnBlackSite,numberOfRobotsOnWhiteSite
27080,29,13
timeStep,numberOfRobotsOnBlackSite,numberOfRobotsOnWhiteSite
27081,29,13
timeStep,numberOfRobotsOnBlackSite,numberOfRobotsOnWhiteSite
27082,29,13
timeStep,numberOfRobotsOnBlackSite,numberOfRobotsOnWhiteSite
27083,29,13
timeStep,numberOfRobotsOnBlackSite,numberOfRobotsOnWhiteSite
27084,29,13
timeStep,numberOfRobotsOnBlackSite,numberOfRobotsOnWhiteSite
27085,29,13
timeStep,numberOfRobotsOnBlackSite,numberOfRobotsOnWhiteSite
27086,29,13
timeStep,numberOfRobotsOnBlackSite,numberOfRobotsOnWhiteSite
27087,29,13
timeStep,numberOfRobotsOnBlackSite,numberOfRobotsOnWhiteSite
27088,29,13
timeStep,numberOfRobotsOnBlackSite,numberOfRobotsOnWhiteSite
27089,29,13
timeStep,numberOfRobotsOnBlackSite,numberOfRobotsOnWhiteSite
27090,29,13
timeStep,numberOfRobotsOnBlackSite,numberOfRobotsOnWhiteSite
27091,29,13
timeStep,numberOfRobotsOnBlackSite,numberOfRobotsOnWhiteSite
27092,29,13
timeStep,numberOfRobotsOnBlackSite,numberOfRobotsOnWhiteSite
27093,29,13
timeStep,numberOfRobotsOnBlackSite,numberOfRobotsOnWhiteSite
27094,29,13
timeStep,numberOfRobotsOnBlackSite,numberOfRobotsOnWhiteSite
27095,28,13
timeStep,numberOfRobotsOnBlackSite,numberOfRobotsOnWhiteSite
27096,28,13
timeStep,numberOfRobotsOnBlackSite,numberOfRobotsOnWhiteSite
27097,28,13
timeStep,numberOfRobotsOnBlackSite,numberOfRobotsOnWhiteSite
27098,28,13
timeStep,numberOfRobotsOnBlackSite,numberOfRobotsOnWhiteSite
27099,28,13
timeStep,numberOfRobotsOnBlackSite,numberOfRobotsOnWhiteSite
27100,28,13
timeStep,numberOfRobotsOnBlackSite,numberOfRobotsOnWhiteSite
27101,28,13
timeStep,numberOfRobotsOnBlackSite,numberOfRobotsOnWhiteSite
27102,28,13
timeStep,numberOfRobotsOnBlackSite,numberOfRobotsOnWhiteSite
27103,28,13
timeStep,numberOfRobotsOnBlackSite,numberOfRobotsOnWhiteSite
27104,28,13
timeStep,numberOfRobotsOnBlackSite,numberOfRobotsOnWhiteSite
27105,28,13
timeStep,numberOfRobotsOnBlackSite,numberOfRobotsOnWhiteSite
27106,28,13
timeStep,numberOfRobotsOnBlackSite,numberOfRobotsOnWhiteSite
27107,28,13
timeStep,numberOfRobotsOnBlackSite,numberOfRobotsOnWhiteSite
27108,28,13
timeStep,numberOfRobotsOnBlackSite,numberOfRobotsOnWhiteSite
27109,28,13
timeStep,numberOfRobotsOnBlackSite,numberOfRobotsOnWhiteSite
27110,28,13
timeStep,numberOfRobotsOnBlackSite,numberOfRobotsOnWhiteSite
27111,28,13
timeStep,numberOfRobotsOnBlackSite,numberOfRobotsOnWhiteSite
27112,28,13
timeStep,numberOfRobotsOnBlackSite,numberOfRobotsOnWhiteSite
27113,28,13
timeStep,numberOfRobotsOnBlackSite,numberOfRobotsOnWhiteSite
27114,28,13
timeStep,numberOfRobotsOnBlackSite,numberOfRobotsOnWhiteSite
27115,28,13
timeStep,numberOfRobotsOnBlackSite,numberOfRobotsOnWhiteSite
27116,28,13
timeStep,numberOfRobotsOnBlackSite,numberOfRobotsOnWhiteSite
27117,28,13
timeStep,numberOfRobotsOnBlackSite,numberOfRobotsOnWhiteSite
27118,28,13
timeStep,numberOfRobotsOnBlackSite,numberOfRobotsOnWhiteSite
27119,28,13
timeStep,numberOfRobotsOnBlackSite,numberOfRobotsOnWhiteSite
27120,28,13
timeStep,numberOfRobotsOnBlackSite,numberOfRobotsOnWhiteSite
27121,28,13
timeStep,numberOfRobotsOnBlackSite,numberOfRobotsOnWhiteSite
27122,28,13
timeStep,numberOfRobotsOnBlackSite,numberOfRobotsOnWhiteSite
27123,28,13
timeStep,numberOfRobotsOnBlackSite,numberOfRobotsOnWhiteSite
27124,28,13
timeStep,numberOfRobotsOnBlackSite,numberOfRobotsOnWhiteSite
27125,28,13
timeStep,numberOfRobotsOnBlackSite,numberOfRobotsOnWhiteSite
27126,28,13
timeStep,numberOfRobotsOnBlackSite,numberOfRobotsOnWhiteSite
27127,28,13
timeStep,numberOfRobotsOnBlackSite,numberOfRobotsOnWhiteSite
27128,28,13
timeStep,numberOfRobotsOnBlackSite,numberOfRobotsOnWhiteSite
27129,28,13
timeStep,numberOfRobotsOnBlackSite,numberOfRobotsOnWhiteSite
27130,29,14
timeStep,numberOfRobotsOnBlackSite,numberOfRobotsOnWhiteSite
27131,29,14
timeStep,numberOfRobotsOnBlackSite,numberOfRobotsOnWhiteSite
27132,29,14
timeStep,numberOfRobotsOnBlackSite,numberOfRobotsOnWhiteSite
27133,29,14
timeStep,numberOfRobotsOnBlackSite,numberOfRobotsOnWhiteSite
27134,29,14
timeStep,numberOfRobotsOnBlackSite,numberOfRobotsOnWhiteSite
27135,29,14
timeStep,numberOfRobotsOnBlackSite,numberOfRobotsOnWhiteSite
27136,29,14
timeStep,numberOfRobotsOnBlackSite,numberOfRobotsOnWhiteSite
27137,29,14
timeStep,numberOfRobotsOnBlackSite,numberOfRobotsOnWhiteSite
27138,29,14
timeStep,numberOfRobotsOnBlackSite,numberOfRobotsOnWhiteSite
27139,29,14
timeStep,numberOfRobotsOnBlackSite,numberOfRobotsOnWhiteSite
27140,29,14
timeStep,numberOfRobotsOnBlackSite,numberOfRobotsOnWhiteSite
27141,29,14
timeStep,numberOfRobotsOnBlackSite,numberOfRobotsOnWhiteSite
27142,29,14
timeStep,numberOfRobotsOnBlackSite,numberOfRobotsOnWhiteSite
27143,29,14
timeStep,numberOfRobotsOnBlackSite,numberOfRobotsOnWhiteSite
27144,29,14
timeStep,numberOfRobotsOnBlackSite,numberOfRobotsOnWhiteSite
27145,29,14
timeStep,numberOfRobotsOnBlackSite,numberOfRobotsOnWhiteSite
27146,29,14
timeStep,numberOfRobotsOnBlackSite,numberOfRobotsOnWhiteSite
27147,29,14
timeStep,numberOfRobotsOnBlackSite,numberOfRobotsOnWhiteSite
27148,29,14
timeStep,numberOfRobotsOnBlackSite,numberOfRobotsOnWhiteSite
27149,29,14
timeStep,numberOfRobotsOnBlackSite,numberOfRobotsOnWhiteSite
27150,29,14
timeStep,numberOfRobotsOnBlackSite,numberOfRobotsOnWhiteSite
27151,29,14
timeStep,numberOfRobotsOnBlackSite,numberOfRobotsOnWhiteSite
27152,29,14
timeStep,numberOfRobotsOnBlackSite,numberOfRobotsOnWhiteSite
27153,29,14
timeStep,numberOfRobotsOnBlackSite,numberOfRobotsOnWhiteSite
27154,29,14
timeStep,numberOfRobotsOnBlackSite,numberOfRobotsOnWhiteSite
27155,29,14
timeStep,numberOfRobotsOnBlackSite,numberOfRobotsOnWhiteSite
27156,29,14
timeStep,numberOfRobotsOnBlackSite,numberOfRobotsOnWhiteSite
27157,29,14
timeStep,numberOfRobotsOnBlackSite,numberOfRobotsOnWhiteSite
27158,29,14
timeStep,numberOfRobotsOnBlackSite,numberOfRobotsOnWhiteSite
27159,29,14
timeStep,numberOfRobotsOnBlackSite,numberOfRobotsOnWhiteSite
27160,29,14
timeStep,numberOfRobotsOnBlackSite,numberOfRobotsOnWhiteSite
27161,29,14
timeStep,numberOfRobotsOnBlackSite,numberOfRobotsOnWhiteSite
27162,29,14
timeStep,numberOfRobotsOnBlackSite,numberOfRobotsOnWhiteSite
27163,29,14
timeStep,numberOfRobotsOnBlackSite,numberOfRobotsOnWhiteSite
27164,29,14
timeStep,numberOfRobotsOnBlackSite,numberOfRobotsOnWhiteSite
27165,29,14
timeStep,numberOfRobotsOnBlackSite,numberOfRobotsOnWhiteSite
27166,29,14
timeStep,numberOfRobotsOnBlackSite,numberOfRobotsOnWhiteSite
27167,29,14
timeStep,numberOfRobotsOnBlackSite,numberOfRobotsOnWhiteSite
27168,29,14
timeStep,numberOfRobotsOnBlackSite,numberOfRobotsOnWhiteSite
27169,29,14
timeStep,numberOfRobotsOnBlackSite,numberOfRobotsOnWhiteSite
27170,29,14
timeStep,numberOfRobotsOnBlackSite,numberOfRobotsOnWhiteSite
27171,29,14
timeStep,numberOfRobotsOnBlackSite,numberOfRobotsOnWhiteSite
27172,29,14
timeStep,numberOfRobotsOnBlackSite,numberOfRobotsOnWhiteSite
27173,29,14
timeStep,numberOfRobotsOnBlackSite,numberOfRobotsOnWhiteSite
27174,29,14
timeStep,numberOfRobotsOnBlackSite,numberOfRobotsOnWhiteSite
27175,29,14
timeStep,numberOfRobotsOnBlackSite,numberOfRobotsOnWhiteSite
27176,29,14
timeStep,numberOfRobotsOnBlackSite,numberOfRobotsOnWhiteSite
27177,29,14
timeStep,numberOfRobotsOnBlackSite,numberOfRobotsOnWhiteSite
27178,29,14
timeStep,numberOfRobotsOnBlackSite,numberOfRobotsOnWhiteSite
27179,29,14
timeStep,numberOfRobotsOnBlackSite,numberOfRobotsOnWhiteSite
27180,29,13
timeStep,numberOfRobotsOnBlackSite,numberOfRobotsOnWhiteSite
27181,29,13
timeStep,numberOfRobotsOnBlackSite,numberOfRobotsOnWhiteSite
27182,29,13
timeStep,numberOfRobotsOnBlackSite,numberOfRobotsOnWhiteSite
27183,29,13
timeStep,numberOfRobotsOnBlackSite,numberOfRobotsOnWhiteSite
27184,29,13
timeStep,numberOfRobotsOnBlackSite,numberOfRobotsOnWhiteSite
27185,29,13
timeStep,numberOfRobotsOnBlackSite,numberOfRobotsOnWhiteSite
27186,29,13
timeStep,numberOfRobotsOnBlackSite,numberOfRobotsOnWhiteSite
27187,29,13
timeStep,numberOfRobotsOnBlackSite,numberOfRobotsOnWhiteSite
27188,29,13
timeStep,numberOfRobotsOnBlackSite,numberOfRobotsOnWhiteSite
27189,29,13
timeStep,numberOfRobotsOnBlackSite,numberOfRobotsOnWhiteSite
27190,29,13
timeStep,numberOfRobotsOnBlackSite,numberOfRobotsOnWhiteSite
27191,29,13
timeStep,numberOfRobotsOnBlackSite,numberOfRobotsOnWhiteSite
27192,29,13
timeStep,numberOfRobotsOnBlackSite,numberOfRobotsOnWhiteSite
27193,29,13
timeStep,numberOfRobotsOnBlackSite,numberOfRobotsOnWhiteSite
27194,29,13
timeStep,numberOfRobotsOnBlackSite,numberOfRobotsOnWhiteSite
27195,29,13
timeStep,numberOfRobotsOnBlackSite,numberOfRobotsOnWhiteSite
27196,29,13
timeStep,numberOfRobotsOnBlackSite,numberOfRobotsOnWhiteSite
27197,29,13
timeStep,numberOfRobotsOnBlackSite,numberOfRobotsOnWhiteSite
27198,29,13
timeStep,numberOfRobotsOnBlackSite,numberOfRobotsOnWhiteSite
27199,29,13
timeStep,numberOfRobotsOnBlackSite,numberOfRobotsOnWhiteSite
27200,29,13
timeStep,numberOfRobotsOnBlackSite,numberOfRobotsOnWhiteSite
27201,29,13
timeStep,numberOfRobotsOnBlackSite,numberOfRobotsOnWhiteSite
27202,29,13
timeStep,numberOfRobotsOnBlackSite,numberOfRobotsOnWhiteSite
27203,29,13
timeStep,numberOfRobotsOnBlackSite,numberOfRobotsOnWhiteSite
27204,29,13
timeStep,numberOfRobotsOnBlackSite,numberOfRobotsOnWhiteSite
27205,29,13
timeStep,numberOfRobotsOnBlackSite,numberOfRobotsOnWhiteSite
27206,29,13
timeStep,numberOfRobotsOnBlackSite,numberOfRobotsOnWhiteSite
27207,29,13
timeStep,numberOfRobotsOnBlackSite,numberOfRobotsOnWhiteSite
27208,29,13
timeStep,numberOfRobotsOnBlackSite,numberOfRobotsOnWhiteSite
27209,29,13
timeStep,numberOfRobotsOnBlackSite,numberOfRobotsOnWhiteSite
27210,29,13
timeStep,numberOfRobotsOnBlackSite,numberOfRobotsOnWhiteSite
27211,29,13
timeStep,numberOfRobotsOnBlackSite,numberOfRobotsOnWhiteSite
27212,29,13
timeStep,numberOfRobotsOnBlackSite,numberOfRobotsOnWhiteSite
27213,29,13
timeStep,numberOfRobotsOnBlackSite,numberOfRobotsOnWhiteSite
27214,29,13
timeStep,numberOfRobotsOnBlackSite,numberOfRobotsOnWhiteSite
27215,29,13
timeStep,numberOfRobotsOnBlackSite,numberOfRobotsOnWhiteSite
27216,29,13
timeStep,numberOfRobotsOnBlackSite,numberOfRobotsOnWhiteSite
27217,29,13
timeStep,numberOfRobotsOnBlackSite,numberOfRobotsOnWhiteSite
27218,29,13
timeStep,numberOfRobotsOnBlackSite,numberOfRobotsOnWhiteSite
27219,29,13
timeStep,numberOfRobotsOnBlackSite,numberOfRobotsOnWhiteSite
27220,29,13
timeStep,numberOfRobotsOnBlackSite,numberOfRobotsOnWhiteSite
27221,29,13
timeStep,numberOfRobotsOnBlackSite,numberOfRobotsOnWhiteSite
27222,29,13
timeStep,numberOfRobotsOnBlackSite,numberOfRobotsOnWhiteSite
27223,29,13
timeStep,numberOfRobotsOnBlackSite,numberOfRobotsOnWhiteSite
27224,29,13
timeStep,numberOfRobotsOnBlackSite,numberOfRobotsOnWhiteSite
27225,29,13
timeStep,numberOfRobotsOnBlackSite,numberOfRobotsOnWhiteSite
27226,29,13
timeStep,numberOfRobotsOnBlackSite,numberOfRobotsOnWhiteSite
27227,29,13
timeStep,numberOfRobotsOnBlackSite,numberOfRobotsOnWhiteSite
27228,29,13
timeStep,numberOfRobotsOnBlackSite,numberOfRobotsOnWhiteSite
27229,29,13
timeStep,numberOfRobotsOnBlackSite,numberOfRobotsOnWhiteSite
27230,29,13
timeStep,numberOfRobotsOnBlackSite,numberOfRobotsOnWhiteSite
27231,29,13
timeStep,numberOfRobotsOnBlackSite,numberOfRobotsOnWhiteSite
27232,29,13
timeStep,numberOfRobotsOnBlackSite,numberOfRobotsOnWhiteSite
27233,29,13
timeStep,numberOfRobotsOnBlackSite,numberOfRobotsOnWhiteSite
27234,29,13
timeStep,numberOfRobotsOnBlackSite,numberOfRobotsOnWhiteSite
27235,29,13
timeStep,numberOfRobotsOnBlackSite,numberOfRobotsOnWhiteSite
27236,29,13
timeStep,numberOfRobotsOnBlackSite,numberOfRobotsOnWhiteSite
27237,29,13
timeStep,numberOfRobotsOnBlackSite,numberOfRobotsOnWhiteSite
27238,29,13
timeStep,numberOfRobotsOnBlackSite,numberOfRobotsOnWhiteSite
27239,29,13
timeStep,numberOfRobotsOnBlackSite,numberOfRobotsOnWhiteSite
27240,29,13
timeStep,numberOfRobotsOnBlackSite,numberOfRobotsOnWhiteSite
27241,29,13
timeStep,numberOfRobotsOnBlackSite,numberOfRobotsOnWhiteSite
27242,29,13
timeStep,numberOfRobotsOnBlackSite,numberOfRobotsOnWhiteSite
27243,29,13
timeStep,numberOfRobotsOnBlackSite,numberOfRobotsOnWhiteSite
27244,29,13
timeStep,numberOfRobotsOnBlackSite,numberOfRobotsOnWhiteSite
27245,29,13
timeStep,numberOfRobotsOnBlackSite,numberOfRobotsOnWhiteSite
27246,29,13
timeStep,numberOfRobotsOnBlackSite,numberOfRobotsOnWhiteSite
27247,29,13
timeStep,numberOfRobotsOnBlackSite,numberOfRobotsOnWhiteSite
27248,29,13
timeStep,numberOfRobotsOnBlackSite,numberOfRobotsOnWhiteSite
27249,29,13
timeStep,numberOfRobotsOnBlackSite,numberOfRobotsOnWhiteSite
27250,29,13
timeStep,numberOfRobotsOnBlackSite,numberOfRobotsOnWhiteSite
27251,29,13
timeStep,numberOfRobotsOnBlackSite,numberOfRobotsOnWhiteSite
27252,29,13
timeStep,numberOfRobotsOnBlackSite,numberOfRobotsOnWhiteSite
27253,29,13
timeStep,numberOfRobotsOnBlackSite,numberOfRobotsOnWhiteSite
27254,29,13
timeStep,numberOfRobotsOnBlackSite,numberOfRobotsOnWhiteSite
27255,29,13
timeStep,numberOfRobotsOnBlackSite,numberOfRobotsOnWhiteSite
27256,29,13
timeStep,numberOfRobotsOnBlackSite,numberOfRobotsOnWhiteSite
27257,29,13
timeStep,numberOfRobotsOnBlackSite,numberOfRobotsOnWhiteSite
27258,29,13
timeStep,numberOfRobotsOnBlackSite,numberOfRobotsOnWhiteSite
27259,29,13
timeStep,numberOfRobotsOnBlackSite,numberOfRobotsOnWhiteSite
27260,29,13
timeStep,numberOfRobotsOnBlackSite,numberOfRobotsOnWhiteSite
27261,29,13
timeStep,numberOfRobotsOnBlackSite,numberOfRobotsOnWhiteSite
27262,29,13
timeStep,numberOfRobotsOnBlackSite,numberOfRobotsOnWhiteSite
27263,29,13
timeStep,numberOfRobotsOnBlackSite,numberOfRobotsOnWhiteSite
27264,29,13
timeStep,numberOfRobotsOnBlackSite,numberOfRobotsOnWhiteSite
27265,29,13
timeStep,numberOfRobotsOnBlackSite,numberOfRobotsOnWhiteSite
27266,29,13
timeStep,numberOfRobotsOnBlackSite,numberOfRobotsOnWhiteSite
27267,29,13
timeStep,numberOfRobotsOnBlackSite,numberOfRobotsOnWhiteSite
27268,29,13
timeStep,numberOfRobotsOnBlackSite,numberOfRobotsOnWhiteSite
27269,29,13
timeStep,numberOfRobotsOnBlackSite,numberOfRobotsOnWhiteSite
27270,29,13
timeStep,numberOfRobotsOnBlackSite,numberOfRobotsOnWhiteSite
27271,29,13
timeStep,numberOfRobotsOnBlackSite,numberOfRobotsOnWhiteSite
27272,29,13
timeStep,numberOfRobotsOnBlackSite,numberOfRobotsOnWhiteSite
27273,29,13
timeStep,numberOfRobotsOnBlackSite,numberOfRobotsOnWhiteSite
27274,29,13
timeStep,numberOfRobotsOnBlackSite,numberOfRobotsOnWhiteSite
27275,29,12
timeStep,numberOfRobotsOnBlackSite,numberOfRobotsOnWhiteSite
27276,29,12
timeStep,numberOfRobotsOnBlackSite,numberOfRobotsOnWhiteSite
27277,29,12
timeStep,numberOfRobotsOnBlackSite,numberOfRobotsOnWhiteSite
27278,29,12
timeStep,numberOfRobotsOnBlackSite,numberOfRobotsOnWhiteSite
27279,29,12
timeStep,numberOfRobotsOnBlackSite,numberOfRobotsOnWhiteSite
27280,29,12
timeStep,numberOfRobotsOnBlackSite,numberOfRobotsOnWhiteSite
27281,29,12
timeStep,numberOfRobotsOnBlackSite,numberOfRobotsOnWhiteSite
27282,29,12
timeStep,numberOfRobotsOnBlackSite,numberOfRobotsOnWhiteSite
27283,29,12
timeStep,numberOfRobotsOnBlackSite,numberOfRobotsOnWhiteSite
27284,29,12
timeStep,numberOfRobotsOnBlackSite,numberOfRobotsOnWhiteSite
27285,29,12
timeStep,numberOfRobotsOnBlackSite,numberOfRobotsOnWhiteSite
27286,29,12
timeStep,numberOfRobotsOnBlackSite,numberOfRobotsOnWhiteSite
27287,29,12
timeStep,numberOfRobotsOnBlackSite,numberOfRobotsOnWhiteSite
27288,29,12
timeStep,numberOfRobotsOnBlackSite,numberOfRobotsOnWhiteSite
27289,29,12
timeStep,numberOfRobotsOnBlackSite,numberOfRobotsOnWhiteSite
27290,29,12
timeStep,numberOfRobotsOnBlackSite,numberOfRobotsOnWhiteSite
27291,29,12
timeStep,numberOfRobotsOnBlackSite,numberOfRobotsOnWhiteSite
27292,29,12
timeStep,numberOfRobotsOnBlackSite,numberOfRobotsOnWhiteSite
27293,29,12
timeStep,numberOfRobotsOnBlackSite,numberOfRobotsOnWhiteSite
27294,29,12
timeStep,numberOfRobotsOnBlackSite,numberOfRobotsOnWhiteSite
27295,29,12
timeStep,numberOfRobotsOnBlackSite,numberOfRobotsOnWhiteSite
27296,29,12
timeStep,numberOfRobotsOnBlackSite,numberOfRobotsOnWhiteSite
27297,29,12
timeStep,numberOfRobotsOnBlackSite,numberOfRobotsOnWhiteSite
27298,29,12
timeStep,numberOfRobotsOnBlackSite,numberOfRobotsOnWhiteSite
27299,29,12
timeStep,numberOfRobotsOnBlackSite,numberOfRobotsOnWhiteSite
27300,29,12
timeStep,numberOfRobotsOnBlackSite,numberOfRobotsOnWhiteSite
27301,29,12
timeStep,numberOfRobotsOnBlackSite,numberOfRobotsOnWhiteSite
27302,29,12
timeStep,numberOfRobotsOnBlackSite,numberOfRobotsOnWhiteSite
27303,29,12
timeStep,numberOfRobotsOnBlackSite,numberOfRobotsOnWhiteSite
27304,29,12
timeStep,numberOfRobotsOnBlackSite,numberOfRobotsOnWhiteSite
27305,29,12
timeStep,numberOfRobotsOnBlackSite,numberOfRobotsOnWhiteSite
27306,29,12
timeStep,numberOfRobotsOnBlackSite,numberOfRobotsOnWhiteSite
27307,29,12
timeStep,numberOfRobotsOnBlackSite,numberOfRobotsOnWhiteSite
27308,29,12
timeStep,numberOfRobotsOnBlackSite,numberOfRobotsOnWhiteSite
27309,29,12
timeStep,numberOfRobotsOnBlackSite,numberOfRobotsOnWhiteSite
27310,29,12
timeStep,numberOfRobotsOnBlackSite,numberOfRobotsOnWhiteSite
27311,29,12
timeStep,numberOfRobotsOnBlackSite,numberOfRobotsOnWhiteSite
27312,29,12
timeStep,numberOfRobotsOnBlackSite,numberOfRobotsOnWhiteSite
27313,29,12
timeStep,numberOfRobotsOnBlackSite,numberOfRobotsOnWhiteSite
27314,29,12
timeStep,numberOfRobotsOnBlackSite,numberOfRobotsOnWhiteSite
27315,29,12
timeStep,numberOfRobotsOnBlackSite,numberOfRobotsOnWhiteSite
27316,29,12
timeStep,numberOfRobotsOnBlackSite,numberOfRobotsOnWhiteSite
27317,29,12
timeStep,numberOfRobotsOnBlackSite,numberOfRobotsOnWhiteSite
27318,29,12
timeStep,numberOfRobotsOnBlackSite,numberOfRobotsOnWhiteSite
27319,29,12
timeStep,numberOfRobotsOnBlackSite,numberOfRobotsOnWhiteSite
27320,30,12
timeStep,numberOfRobotsOnBlackSite,numberOfRobotsOnWhiteSite
27321,30,12
timeStep,numberOfRobotsOnBlackSite,numberOfRobotsOnWhiteSite
27322,30,12
timeStep,numberOfRobotsOnBlackSite,numberOfRobotsOnWhiteSite
27323,30,12
timeStep,numberOfRobotsOnBlackSite,numberOfRobotsOnWhiteSite
27324,30,12
timeStep,numberOfRobotsOnBlackSite,numberOfRobotsOnWhiteSite
27325,31,12
timeStep,numberOfRobotsOnBlackSite,numberOfRobotsOnWhiteSite
27326,31,12
timeStep,numberOfRobotsOnBlackSite,numberOfRobotsOnWhiteSite
27327,31,12
timeStep,numberOfRobotsOnBlackSite,numberOfRobotsOnWhiteSite
27328,31,12
timeStep,numberOfRobotsOnBlackSite,numberOfRobotsOnWhiteSite
27329,31,12
timeStep,numberOfRobotsOnBlackSite,numberOfRobotsOnWhiteSite
27330,31,12
timeStep,numberOfRobotsOnBlackSite,numberOfRobotsOnWhiteSite
27331,31,12
timeStep,numberOfRobotsOnBlackSite,numberOfRobotsOnWhiteSite
27332,31,12
timeStep,numberOfRobotsOnBlackSite,numberOfRobotsOnWhiteSite
27333,31,12
timeStep,numberOfRobotsOnBlackSite,numberOfRobotsOnWhiteSite
27334,31,12
timeStep,numberOfRobotsOnBlackSite,numberOfRobotsOnWhiteSite
27335,31,12
timeStep,numberOfRobotsOnBlackSite,numberOfRobotsOnWhiteSite
27336,31,12
timeStep,numberOfRobotsOnBlackSite,numberOfRobotsOnWhiteSite
27337,31,12
timeStep,numberOfRobotsOnBlackSite,numberOfRobotsOnWhiteSite
27338,31,12
timeStep,numberOfRobotsOnBlackSite,numberOfRobotsOnWhiteSite
27339,31,12
timeStep,numberOfRobotsOnBlackSite,numberOfRobotsOnWhiteSite
27340,31,12
timeStep,numberOfRobotsOnBlackSite,numberOfRobotsOnWhiteSite
27341,31,12
timeStep,numberOfRobotsOnBlackSite,numberOfRobotsOnWhiteSite
27342,31,12
timeStep,numberOfRobotsOnBlackSite,numberOfRobotsOnWhiteSite
27343,31,12
timeStep,numberOfRobotsOnBlackSite,numberOfRobotsOnWhiteSite
27344,31,12
timeStep,numberOfRobotsOnBlackSite,numberOfRobotsOnWhiteSite
27345,31,12
timeStep,numberOfRobotsOnBlackSite,numberOfRobotsOnWhiteSite
27346,31,12
timeStep,numberOfRobotsOnBlackSite,numberOfRobotsOnWhiteSite
27347,31,12
timeStep,numberOfRobotsOnBlackSite,numberOfRobotsOnWhiteSite
27348,31,12
timeStep,numberOfRobotsOnBlackSite,numberOfRobotsOnWhiteSite
27349,31,12
timeStep,numberOfRobotsOnBlackSite,numberOfRobotsOnWhiteSite
27350,31,12
timeStep,numberOfRobotsOnBlackSite,numberOfRobotsOnWhiteSite
27351,31,12
timeStep,numberOfRobotsOnBlackSite,numberOfRobotsOnWhiteSite
27352,31,12
timeStep,numberOfRobotsOnBlackSite,numberOfRobotsOnWhiteSite
27353,31,12
timeStep,numberOfRobotsOnBlackSite,numberOfRobotsOnWhiteSite
27354,31,12
timeStep,numberOfRobotsOnBlackSite,numberOfRobotsOnWhiteSite
27355,31,12
timeStep,numberOfRobotsOnBlackSite,numberOfRobotsOnWhiteSite
27356,31,12
timeStep,numberOfRobotsOnBlackSite,numberOfRobotsOnWhiteSite
27357,31,12
timeStep,numberOfRobotsOnBlackSite,numberOfRobotsOnWhiteSite
27358,31,12
timeStep,numberOfRobotsOnBlackSite,numberOfRobotsOnWhiteSite
27359,31,12
timeStep,numberOfRobotsOnBlackSite,numberOfRobotsOnWhiteSite
27360,31,12
timeStep,numberOfRobotsOnBlackSite,numberOfRobotsOnWhiteSite
27361,31,12
timeStep,numberOfRobotsOnBlackSite,numberOfRobotsOnWhiteSite
27362,31,12
timeStep,numberOfRobotsOnBlackSite,numberOfRobotsOnWhiteSite
27363,31,12
timeStep,numberOfRobotsOnBlackSite,numberOfRobotsOnWhiteSite
27364,31,12
timeStep,numberOfRobotsOnBlackSite,numberOfRobotsOnWhiteSite
27365,31,12
timeStep,numberOfRobotsOnBlackSite,numberOfRobotsOnWhiteSite
27366,31,12
timeStep,numberOfRobotsOnBlackSite,numberOfRobotsOnWhiteSite
27367,31,12
timeStep,numberOfRobotsOnBlackSite,numberOfRobotsOnWhiteSite
27368,31,12
timeStep,numberOfRobotsOnBlackSite,numberOfRobotsOnWhiteSite
27369,31,12
timeStep,numberOfRobotsOnBlackSite,numberOfRobotsOnWhiteSite
27370,31,12
timeStep,numberOfRobotsOnBlackSite,numberOfRobotsOnWhiteSite
27371,31,12
timeStep,numberOfRobotsOnBlackSite,numberOfRobotsOnWhiteSite
27372,31,12
timeStep,numberOfRobotsOnBlackSite,numberOfRobotsOnWhiteSite
27373,31,12
timeStep,numberOfRobotsOnBlackSite,numberOfRobotsOnWhiteSite
27374,31,12
timeStep,numberOfRobotsOnBlackSite,numberOfRobotsOnWhiteSite
27375,31,12
timeStep,numberOfRobotsOnBlackSite,numberOfRobotsOnWhiteSite
27376,31,12
timeStep,numberOfRobotsOnBlackSite,numberOfRobotsOnWhiteSite
27377,31,12
timeStep,numberOfRobotsOnBlackSite,numberOfRobotsOnWhiteSite
27378,31,12
timeStep,numberOfRobotsOnBlackSite,numberOfRobotsOnWhiteSite
27379,31,12
timeStep,numberOfRobotsOnBlackSite,numberOfRobotsOnWhiteSite
27380,31,12
timeStep,numberOfRobotsOnBlackSite,numberOfRobotsOnWhiteSite
27381,31,12
timeStep,numberOfRobotsOnBlackSite,numberOfRobotsOnWhiteSite
27382,31,12
timeStep,numberOfRobotsOnBlackSite,numberOfRobotsOnWhiteSite
27383,31,12
timeStep,numberOfRobotsOnBlackSite,numberOfRobotsOnWhiteSite
27384,31,12
timeStep,numberOfRobotsOnBlackSite,numberOfRobotsOnWhiteSite
27385,31,12
timeStep,numberOfRobotsOnBlackSite,numberOfRobotsOnWhiteSite
27386,31,12
timeStep,numberOfRobotsOnBlackSite,numberOfRobotsOnWhiteSite
27387,31,12
timeStep,numberOfRobotsOnBlackSite,numberOfRobotsOnWhiteSite
27388,31,12
timeStep,numberOfRobotsOnBlackSite,numberOfRobotsOnWhiteSite
27389,31,12
timeStep,numberOfRobotsOnBlackSite,numberOfRobotsOnWhiteSite
27390,31,12
timeStep,numberOfRobotsOnBlackSite,numberOfRobotsOnWhiteSite
27391,31,12
timeStep,numberOfRobotsOnBlackSite,numberOfRobotsOnWhiteSite
27392,31,12
timeStep,numberOfRobotsOnBlackSite,numberOfRobotsOnWhiteSite
27393,31,12
timeStep,numberOfRobotsOnBlackSite,numberOfRobotsOnWhiteSite
27394,31,12
timeStep,numberOfRobotsOnBlackSite,numberOfRobotsOnWhiteSite
27395,31,12
timeStep,numberOfRobotsOnBlackSite,numberOfRobotsOnWhiteSite
27396,31,12
timeStep,numberOfRobotsOnBlackSite,numberOfRobotsOnWhiteSite
27397,31,12
timeStep,numberOfRobotsOnBlackSite,numberOfRobotsOnWhiteSite
27398,31,12
timeStep,numberOfRobotsOnBlackSite,numberOfRobotsOnWhiteSite
27399,31,12
timeStep,numberOfRobotsOnBlackSite,numberOfRobotsOnWhiteSite
27400,31,12
timeStep,numberOfRobotsOnBlackSite,numberOfRobotsOnWhiteSite
27401,31,12
timeStep,numberOfRobotsOnBlackSite,numberOfRobotsOnWhiteSite
27402,31,12
timeStep,numberOfRobotsOnBlackSite,numberOfRobotsOnWhiteSite
27403,31,12
timeStep,numberOfRobotsOnBlackSite,numberOfRobotsOnWhiteSite
27404,31,12
timeStep,numberOfRobotsOnBlackSite,numberOfRobotsOnWhiteSite
27405,31,12
timeStep,numberOfRobotsOnBlackSite,numberOfRobotsOnWhiteSite
27406,31,12
timeStep,numberOfRobotsOnBlackSite,numberOfRobotsOnWhiteSite
27407,31,12
timeStep,numberOfRobotsOnBlackSite,numberOfRobotsOnWhiteSite
27408,31,12
timeStep,numberOfRobotsOnBlackSite,numberOfRobotsOnWhiteSite
27409,31,12
timeStep,numberOfRobotsOnBlackSite,numberOfRobotsOnWhiteSite
27410,31,12
timeStep,numberOfRobotsOnBlackSite,numberOfRobotsOnWhiteSite
27411,31,12
timeStep,numberOfRobotsOnBlackSite,numberOfRobotsOnWhiteSite
27412,31,12
timeStep,numberOfRobotsOnBlackSite,numberOfRobotsOnWhiteSite
27413,31,12
timeStep,numberOfRobotsOnBlackSite,numberOfRobotsOnWhiteSite
27414,31,12
timeStep,numberOfRobotsOnBlackSite,numberOfRobotsOnWhiteSite
27415,31,12
timeStep,numberOfRobotsOnBlackSite,numberOfRobotsOnWhiteSite
27416,31,12
timeStep,numberOfRobotsOnBlackSite,numberOfRobotsOnWhiteSite
27417,31,12
timeStep,numberOfRobotsOnBlackSite,numberOfRobotsOnWhiteSite
27418,31,12
timeStep,numberOfRobotsOnBlackSite,numberOfRobotsOnWhiteSite
27419,31,12
timeStep,numberOfRobotsOnBlackSite,numberOfRobotsOnWhiteSite
27420,31,12
timeStep,numberOfRobotsOnBlackSite,numberOfRobotsOnWhiteSite
27421,31,12
timeStep,numberOfRobotsOnBlackSite,numberOfRobotsOnWhiteSite
27422,31,12
timeStep,numberOfRobotsOnBlackSite,numberOfRobotsOnWhiteSite
27423,31,12
timeStep,numberOfRobotsOnBlackSite,numberOfRobotsOnWhiteSite
27424,31,12
timeStep,numberOfRobotsOnBlackSite,numberOfRobotsOnWhiteSite
27425,31,12
timeStep,numberOfRobotsOnBlackSite,numberOfRobotsOnWhiteSite
27426,31,12
timeStep,numberOfRobotsOnBlackSite,numberOfRobotsOnWhiteSite
27427,31,12
timeStep,numberOfRobotsOnBlackSite,numberOfRobotsOnWhiteSite
27428,31,12
timeStep,numberOfRobotsOnBlackSite,numberOfRobotsOnWhiteSite
27429,31,12
timeStep,numberOfRobotsOnBlackSite,numberOfRobotsOnWhiteSite
27430,31,12
timeStep,numberOfRobotsOnBlackSite,numberOfRobotsOnWhiteSite
27431,31,12
timeStep,numberOfRobotsOnBlackSite,numberOfRobotsOnWhiteSite
27432,31,12
timeStep,numberOfRobotsOnBlackSite,numberOfRobotsOnWhiteSite
27433,31,12
timeStep,numberOfRobotsOnBlackSite,numberOfRobotsOnWhiteSite
27434,31,12
timeStep,numberOfRobotsOnBlackSite,numberOfRobotsOnWhiteSite
27435,31,12
timeStep,numberOfRobotsOnBlackSite,numberOfRobotsOnWhiteSite
27436,31,12
timeStep,numberOfRobotsOnBlackSite,numberOfRobotsOnWhiteSite
27437,31,12
timeStep,numberOfRobotsOnBlackSite,numberOfRobotsOnWhiteSite
27438,31,12
timeStep,numberOfRobotsOnBlackSite,numberOfRobotsOnWhiteSite
27439,31,12
timeStep,numberOfRobotsOnBlackSite,numberOfRobotsOnWhiteSite
27440,31,12
timeStep,numberOfRobotsOnBlackSite,numberOfRobotsOnWhiteSite
27441,31,12
timeStep,numberOfRobotsOnBlackSite,numberOfRobotsOnWhiteSite
27442,31,12
timeStep,numberOfRobotsOnBlackSite,numberOfRobotsOnWhiteSite
27443,31,12
timeStep,numberOfRobotsOnBlackSite,numberOfRobotsOnWhiteSite
27444,31,12
timeStep,numberOfRobotsOnBlackSite,numberOfRobotsOnWhiteSite
27445,31,12
timeStep,numberOfRobotsOnBlackSite,numberOfRobotsOnWhiteSite
27446,31,12
timeStep,numberOfRobotsOnBlackSite,numberOfRobotsOnWhiteSite
27447,31,12
timeStep,numberOfRobotsOnBlackSite,numberOfRobotsOnWhiteSite
27448,31,12
timeStep,numberOfRobotsOnBlackSite,numberOfRobotsOnWhiteSite
27449,31,12
timeStep,numberOfRobotsOnBlackSite,numberOfRobotsOnWhiteSite
27450,31,12
timeStep,numberOfRobotsOnBlackSite,numberOfRobotsOnWhiteSite
27451,31,12
timeStep,numberOfRobotsOnBlackSite,numberOfRobotsOnWhiteSite
27452,31,12
timeStep,numberOfRobotsOnBlackSite,numberOfRobotsOnWhiteSite
27453,31,12
timeStep,numberOfRobotsOnBlackSite,numberOfRobotsOnWhiteSite
27454,31,12
timeStep,numberOfRobotsOnBlackSite,numberOfRobotsOnWhiteSite
27455,31,12
timeStep,numberOfRobotsOnBlackSite,numberOfRobotsOnWhiteSite
27456,31,12
timeStep,numberOfRobotsOnBlackSite,numberOfRobotsOnWhiteSite
27457,31,12
timeStep,numberOfRobotsOnBlackSite,numberOfRobotsOnWhiteSite
27458,31,12
timeStep,numberOfRobotsOnBlackSite,numberOfRobotsOnWhiteSite
27459,31,12
timeStep,numberOfRobotsOnBlackSite,numberOfRobotsOnWhiteSite
27460,31,12
timeStep,numberOfRobotsOnBlackSite,numberOfRobotsOnWhiteSite
27461,31,12
timeStep,numberOfRobotsOnBlackSite,numberOfRobotsOnWhiteSite
27462,31,12
timeStep,numberOfRobotsOnBlackSite,numberOfRobotsOnWhiteSite
27463,31,12
timeStep,numberOfRobotsOnBlackSite,numberOfRobotsOnWhiteSite
27464,31,12
timeStep,numberOfRobotsOnBlackSite,numberOfRobotsOnWhiteSite
27465,31,12
timeStep,numberOfRobotsOnBlackSite,numberOfRobotsOnWhiteSite
27466,31,12
timeStep,numberOfRobotsOnBlackSite,numberOfRobotsOnWhiteSite
27467,31,12
timeStep,numberOfRobotsOnBlackSite,numberOfRobotsOnWhiteSite
27468,31,12
timeStep,numberOfRobotsOnBlackSite,numberOfRobotsOnWhiteSite
27469,31,12
timeStep,numberOfRobotsOnBlackSite,numberOfRobotsOnWhiteSite
27470,31,12
timeStep,numberOfRobotsOnBlackSite,numberOfRobotsOnWhiteSite
27471,31,12
timeStep,numberOfRobotsOnBlackSite,numberOfRobotsOnWhiteSite
27472,31,12
timeStep,numberOfRobotsOnBlackSite,numberOfRobotsOnWhiteSite
27473,31,12
timeStep,numberOfRobotsOnBlackSite,numberOfRobotsOnWhiteSite
27474,31,12
timeStep,numberOfRobotsOnBlackSite,numberOfRobotsOnWhiteSite
27475,31,12
timeStep,numberOfRobotsOnBlackSite,numberOfRobotsOnWhiteSite
27476,31,12
timeStep,numberOfRobotsOnBlackSite,numberOfRobotsOnWhiteSite
27477,31,12
timeStep,numberOfRobotsOnBlackSite,numberOfRobotsOnWhiteSite
27478,31,12
timeStep,numberOfRobotsOnBlackSite,numberOfRobotsOnWhiteSite
27479,31,12
timeStep,numberOfRobotsOnBlackSite,numberOfRobotsOnWhiteSite
27480,31,12
timeStep,numberOfRobotsOnBlackSite,numberOfRobotsOnWhiteSite
27481,31,12
timeStep,numberOfRobotsOnBlackSite,numberOfRobotsOnWhiteSite
27482,31,12
timeStep,numberOfRobotsOnBlackSite,numberOfRobotsOnWhiteSite
27483,31,12
timeStep,numberOfRobotsOnBlackSite,numberOfRobotsOnWhiteSite
27484,31,12
timeStep,numberOfRobotsOnBlackSite,numberOfRobotsOnWhiteSite
27485,31,13
timeStep,numberOfRobotsOnBlackSite,numberOfRobotsOnWhiteSite
27486,31,13
timeStep,numberOfRobotsOnBlackSite,numberOfRobotsOnWhiteSite
27487,31,13
timeStep,numberOfRobotsOnBlackSite,numberOfRobotsOnWhiteSite
27488,31,13
timeStep,numberOfRobotsOnBlackSite,numberOfRobotsOnWhiteSite
27489,31,13
timeStep,numberOfRobotsOnBlackSite,numberOfRobotsOnWhiteSite
27490,31,13
timeStep,numberOfRobotsOnBlackSite,numberOfRobotsOnWhiteSite
27491,31,13
timeStep,numberOfRobotsOnBlackSite,numberOfRobotsOnWhiteSite
27492,31,13
timeStep,numberOfRobotsOnBlackSite,numberOfRobotsOnWhiteSite
27493,31,13
timeStep,numberOfRobotsOnBlackSite,numberOfRobotsOnWhiteSite
27494,31,13
timeStep,numberOfRobotsOnBlackSite,numberOfRobotsOnWhiteSite
27495,31,12
timeStep,numberOfRobotsOnBlackSite,numberOfRobotsOnWhiteSite
27496,31,12
timeStep,numberOfRobotsOnBlackSite,numberOfRobotsOnWhiteSite
27497,31,12
timeStep,numberOfRobotsOnBlackSite,numberOfRobotsOnWhiteSite
27498,31,12
timeStep,numberOfRobotsOnBlackSite,numberOfRobotsOnWhiteSite
27499,31,12
timeStep,numberOfRobotsOnBlackSite,numberOfRobotsOnWhiteSite
27500,31,12
timeStep,numberOfRobotsOnBlackSite,numberOfRobotsOnWhiteSite
27501,31,12
timeStep,numberOfRobotsOnBlackSite,numberOfRobotsOnWhiteSite
27502,31,12
timeStep,numberOfRobotsOnBlackSite,numberOfRobotsOnWhiteSite
27503,31,12
timeStep,numberOfRobotsOnBlackSite,numberOfRobotsOnWhiteSite
27504,31,12
timeStep,numberOfRobotsOnBlackSite,numberOfRobotsOnWhiteSite
27505,31,13
timeStep,numberOfRobotsOnBlackSite,numberOfRobotsOnWhiteSite
27506,31,13
timeStep,numberOfRobotsOnBlackSite,numberOfRobotsOnWhiteSite
27507,31,13
timeStep,numberOfRobotsOnBlackSite,numberOfRobotsOnWhiteSite
27508,31,13
timeStep,numberOfRobotsOnBlackSite,numberOfRobotsOnWhiteSite
27509,31,13
timeStep,numberOfRobotsOnBlackSite,numberOfRobotsOnWhiteSite
27510,31,13
timeStep,numberOfRobotsOnBlackSite,numberOfRobotsOnWhiteSite
27511,31,13
timeStep,numberOfRobotsOnBlackSite,numberOfRobotsOnWhiteSite
27512,31,13
timeStep,numberOfRobotsOnBlackSite,numberOfRobotsOnWhiteSite
27513,31,13
timeStep,numberOfRobotsOnBlackSite,numberOfRobotsOnWhiteSite
27514,31,13
timeStep,numberOfRobotsOnBlackSite,numberOfRobotsOnWhiteSite
27515,31,13
timeStep,numberOfRobotsOnBlackSite,numberOfRobotsOnWhiteSite
27516,31,13
timeStep,numberOfRobotsOnBlackSite,numberOfRobotsOnWhiteSite
27517,31,13
timeStep,numberOfRobotsOnBlackSite,numberOfRobotsOnWhiteSite
27518,31,13
timeStep,numberOfRobotsOnBlackSite,numberOfRobotsOnWhiteSite
27519,31,13
timeStep,numberOfRobotsOnBlackSite,numberOfRobotsOnWhiteSite
27520,30,13
timeStep,numberOfRobotsOnBlackSite,numberOfRobotsOnWhiteSite
27521,30,13
timeStep,numberOfRobotsOnBlackSite,numberOfRobotsOnWhiteSite
27522,30,13
timeStep,numberOfRobotsOnBlackSite,numberOfRobotsOnWhiteSite
27523,30,13
timeStep,numberOfRobotsOnBlackSite,numberOfRobotsOnWhiteSite
27524,30,13
timeStep,numberOfRobotsOnBlackSite,numberOfRobotsOnWhiteSite
27525,30,13
timeStep,numberOfRobotsOnBlackSite,numberOfRobotsOnWhiteSite
27526,30,13
timeStep,numberOfRobotsOnBlackSite,numberOfRobotsOnWhiteSite
27527,30,13
timeStep,numberOfRobotsOnBlackSite,numberOfRobotsOnWhiteSite
27528,30,13
timeStep,numberOfRobotsOnBlackSite,numberOfRobotsOnWhiteSite
27529,30,13
timeStep,numberOfRobotsOnBlackSite,numberOfRobotsOnWhiteSite
27530,30,14
timeStep,numberOfRobotsOnBlackSite,numberOfRobotsOnWhiteSite
27531,30,14
timeStep,numberOfRobotsOnBlackSite,numberOfRobotsOnWhiteSite
27532,30,14
timeStep,numberOfRobotsOnBlackSite,numberOfRobotsOnWhiteSite
27533,30,14
timeStep,numberOfRobotsOnBlackSite,numberOfRobotsOnWhiteSite
27534,30,14
timeStep,numberOfRobotsOnBlackSite,numberOfRobotsOnWhiteSite
27535,30,14
timeStep,numberOfRobotsOnBlackSite,numberOfRobotsOnWhiteSite
27536,30,14
timeStep,numberOfRobotsOnBlackSite,numberOfRobotsOnWhiteSite
27537,30,14
timeStep,numberOfRobotsOnBlackSite,numberOfRobotsOnWhiteSite
27538,30,14
timeStep,numberOfRobotsOnBlackSite,numberOfRobotsOnWhiteSite
27539,30,14
timeStep,numberOfRobotsOnBlackSite,numberOfRobotsOnWhiteSite
27540,30,14
timeStep,numberOfRobotsOnBlackSite,numberOfRobotsOnWhiteSite
27541,30,14
timeStep,numberOfRobotsOnBlackSite,numberOfRobotsOnWhiteSite
27542,30,14
timeStep,numberOfRobotsOnBlackSite,numberOfRobotsOnWhiteSite
27543,30,14
timeStep,numberOfRobotsOnBlackSite,numberOfRobotsOnWhiteSite
27544,30,14
timeStep,numberOfRobotsOnBlackSite,numberOfRobotsOnWhiteSite
27545,30,14
timeStep,numberOfRobotsOnBlackSite,numberOfRobotsOnWhiteSite
27546,30,14
timeStep,numberOfRobotsOnBlackSite,numberOfRobotsOnWhiteSite
27547,30,14
timeStep,numberOfRobotsOnBlackSite,numberOfRobotsOnWhiteSite
27548,30,14
timeStep,numberOfRobotsOnBlackSite,numberOfRobotsOnWhiteSite
27549,30,14
timeStep,numberOfRobotsOnBlackSite,numberOfRobotsOnWhiteSite
27550,30,14
timeStep,numberOfRobotsOnBlackSite,numberOfRobotsOnWhiteSite
27551,30,14
timeStep,numberOfRobotsOnBlackSite,numberOfRobotsOnWhiteSite
27552,30,14
timeStep,numberOfRobotsOnBlackSite,numberOfRobotsOnWhiteSite
27553,30,14
timeStep,numberOfRobotsOnBlackSite,numberOfRobotsOnWhiteSite
27554,30,14
timeStep,numberOfRobotsOnBlackSite,numberOfRobotsOnWhiteSite
27555,30,14
timeStep,numberOfRobotsOnBlackSite,numberOfRobotsOnWhiteSite
27556,30,14
timeStep,numberOfRobotsOnBlackSite,numberOfRobotsOnWhiteSite
27557,30,14
timeStep,numberOfRobotsOnBlackSite,numberOfRobotsOnWhiteSite
27558,30,14
timeStep,numberOfRobotsOnBlackSite,numberOfRobotsOnWhiteSite
27559,30,14
timeStep,numberOfRobotsOnBlackSite,numberOfRobotsOnWhiteSite
27560,30,13
timeStep,numberOfRobotsOnBlackSite,numberOfRobotsOnWhiteSite
27561,30,13
timeStep,numberOfRobotsOnBlackSite,numberOfRobotsOnWhiteSite
27562,30,13
timeStep,numberOfRobotsOnBlackSite,numberOfRobotsOnWhiteSite
27563,30,13
timeStep,numberOfRobotsOnBlackSite,numberOfRobotsOnWhiteSite
27564,30,13
timeStep,numberOfRobotsOnBlackSite,numberOfRobotsOnWhiteSite
27565,30,14
timeStep,numberOfRobotsOnBlackSite,numberOfRobotsOnWhiteSite
27566,30,14
timeStep,numberOfRobotsOnBlackSite,numberOfRobotsOnWhiteSite
27567,30,14
timeStep,numberOfRobotsOnBlackSite,numberOfRobotsOnWhiteSite
27568,30,14
timeStep,numberOfRobotsOnBlackSite,numberOfRobotsOnWhiteSite
27569,30,14
timeStep,numberOfRobotsOnBlackSite,numberOfRobotsOnWhiteSite
27570,30,14
timeStep,numberOfRobotsOnBlackSite,numberOfRobotsOnWhiteSite
27571,30,14
timeStep,numberOfRobotsOnBlackSite,numberOfRobotsOnWhiteSite
27572,30,14
timeStep,numberOfRobotsOnBlackSite,numberOfRobotsOnWhiteSite
27573,30,14
timeStep,numberOfRobotsOnBlackSite,numberOfRobotsOnWhiteSite
27574,30,14
timeStep,numberOfRobotsOnBlackSite,numberOfRobotsOnWhiteSite
27575,30,14
timeStep,numberOfRobotsOnBlackSite,numberOfRobotsOnWhiteSite
27576,30,14
timeStep,numberOfRobotsOnBlackSite,numberOfRobotsOnWhiteSite
27577,30,14
timeStep,numberOfRobotsOnBlackSite,numberOfRobotsOnWhiteSite
27578,30,14
timeStep,numberOfRobotsOnBlackSite,numberOfRobotsOnWhiteSite
27579,30,14
timeStep,numberOfRobotsOnBlackSite,numberOfRobotsOnWhiteSite
27580,30,14
timeStep,numberOfRobotsOnBlackSite,numberOfRobotsOnWhiteSite
27581,30,14
timeStep,numberOfRobotsOnBlackSite,numberOfRobotsOnWhiteSite
27582,30,14
timeStep,numberOfRobotsOnBlackSite,numberOfRobotsOnWhiteSite
27583,30,14
timeStep,numberOfRobotsOnBlackSite,numberOfRobotsOnWhiteSite
27584,30,14
timeStep,numberOfRobotsOnBlackSite,numberOfRobotsOnWhiteSite
27585,30,14
timeStep,numberOfRobotsOnBlackSite,numberOfRobotsOnWhiteSite
27586,30,14
timeStep,numberOfRobotsOnBlackSite,numberOfRobotsOnWhiteSite
27587,30,14
timeStep,numberOfRobotsOnBlackSite,numberOfRobotsOnWhiteSite
27588,30,14
timeStep,numberOfRobotsOnBlackSite,numberOfRobotsOnWhiteSite
27589,30,14
timeStep,numberOfRobotsOnBlackSite,numberOfRobotsOnWhiteSite
27590,30,14
timeStep,numberOfRobotsOnBlackSite,numberOfRobotsOnWhiteSite
27591,30,14
timeStep,numberOfRobotsOnBlackSite,numberOfRobotsOnWhiteSite
27592,30,14
timeStep,numberOfRobotsOnBlackSite,numberOfRobotsOnWhiteSite
27593,30,14
timeStep,numberOfRobotsOnBlackSite,numberOfRobotsOnWhiteSite
27594,30,14
timeStep,numberOfRobotsOnBlackSite,numberOfRobotsOnWhiteSite
27595,30,13
timeStep,numberOfRobotsOnBlackSite,numberOfRobotsOnWhiteSite
27596,30,13
timeStep,numberOfRobotsOnBlackSite,numberOfRobotsOnWhiteSite
27597,30,13
timeStep,numberOfRobotsOnBlackSite,numberOfRobotsOnWhiteSite
27598,30,13
timeStep,numberOfRobotsOnBlackSite,numberOfRobotsOnWhiteSite
27599,30,13
timeStep,numberOfRobotsOnBlackSite,numberOfRobotsOnWhiteSite
27600,30,13
timeStep,numberOfRobotsOnBlackSite,numberOfRobotsOnWhiteSite
27601,30,13
timeStep,numberOfRobotsOnBlackSite,numberOfRobotsOnWhiteSite
27602,30,13
timeStep,numberOfRobotsOnBlackSite,numberOfRobotsOnWhiteSite
27603,30,13
timeStep,numberOfRobotsOnBlackSite,numberOfRobotsOnWhiteSite
27604,30,13
timeStep,numberOfRobotsOnBlackSite,numberOfRobotsOnWhiteSite
27605,31,13
timeStep,numberOfRobotsOnBlackSite,numberOfRobotsOnWhiteSite
27606,31,13
timeStep,numberOfRobotsOnBlackSite,numberOfRobotsOnWhiteSite
27607,31,13
timeStep,numberOfRobotsOnBlackSite,numberOfRobotsOnWhiteSite
27608,31,13
timeStep,numberOfRobotsOnBlackSite,numberOfRobotsOnWhiteSite
27609,31,13
timeStep,numberOfRobotsOnBlackSite,numberOfRobotsOnWhiteSite
27610,31,14
timeStep,numberOfRobotsOnBlackSite,numberOfRobotsOnWhiteSite
27611,31,14
timeStep,numberOfRobotsOnBlackSite,numberOfRobotsOnWhiteSite
27612,31,14
timeStep,numberOfRobotsOnBlackSite,numberOfRobotsOnWhiteSite
27613,31,14
timeStep,numberOfRobotsOnBlackSite,numberOfRobotsOnWhiteSite
27614,31,14
timeStep,numberOfRobotsOnBlackSite,numberOfRobotsOnWhiteSite
27615,31,14
timeStep,numberOfRobotsOnBlackSite,numberOfRobotsOnWhiteSite
27616,31,14
timeStep,numberOfRobotsOnBlackSite,numberOfRobotsOnWhiteSite
27617,31,14
timeStep,numberOfRobotsOnBlackSite,numberOfRobotsOnWhiteSite
27618,31,14
timeStep,numberOfRobotsOnBlackSite,numberOfRobotsOnWhiteSite
27619,31,14
timeStep,numberOfRobotsOnBlackSite,numberOfRobotsOnWhiteSite
27620,31,14
timeStep,numberOfRobotsOnBlackSite,numberOfRobotsOnWhiteSite
27621,31,14
timeStep,numberOfRobotsOnBlackSite,numberOfRobotsOnWhiteSite
27622,31,14
timeStep,numberOfRobotsOnBlackSite,numberOfRobotsOnWhiteSite
27623,31,14
timeStep,numberOfRobotsOnBlackSite,numberOfRobotsOnWhiteSite
27624,31,14
timeStep,numberOfRobotsOnBlackSite,numberOfRobotsOnWhiteSite
27625,31,14
timeStep,numberOfRobotsOnBlackSite,numberOfRobotsOnWhiteSite
27626,31,14
timeStep,numberOfRobotsOnBlackSite,numberOfRobotsOnWhiteSite
27627,31,14
timeStep,numberOfRobotsOnBlackSite,numberOfRobotsOnWhiteSite
27628,31,14
timeStep,numberOfRobotsOnBlackSite,numberOfRobotsOnWhiteSite
27629,31,14
timeStep,numberOfRobotsOnBlackSite,numberOfRobotsOnWhiteSite
27630,31,14
timeStep,numberOfRobotsOnBlackSite,numberOfRobotsOnWhiteSite
27631,31,14
timeStep,numberOfRobotsOnBlackSite,numberOfRobotsOnWhiteSite
27632,31,14
timeStep,numberOfRobotsOnBlackSite,numberOfRobotsOnWhiteSite
27633,31,14
timeStep,numberOfRobotsOnBlackSite,numberOfRobotsOnWhiteSite
27634,31,14
timeStep,numberOfRobotsOnBlackSite,numberOfRobotsOnWhiteSite
27635,31,14
timeStep,numberOfRobotsOnBlackSite,numberOfRobotsOnWhiteSite
27636,31,14
timeStep,numberOfRobotsOnBlackSite,numberOfRobotsOnWhiteSite
27637,31,14
timeStep,numberOfRobotsOnBlackSite,numberOfRobotsOnWhiteSite
27638,31,14
timeStep,numberOfRobotsOnBlackSite,numberOfRobotsOnWhiteSite
27639,31,14
timeStep,numberOfRobotsOnBlackSite,numberOfRobotsOnWhiteSite
27640,31,14
timeStep,numberOfRobotsOnBlackSite,numberOfRobotsOnWhiteSite
27641,31,14
timeStep,numberOfRobotsOnBlackSite,numberOfRobotsOnWhiteSite
27642,31,14
timeStep,numberOfRobotsOnBlackSite,numberOfRobotsOnWhiteSite
27643,31,14
timeStep,numberOfRobotsOnBlackSite,numberOfRobotsOnWhiteSite
27644,31,14
timeStep,numberOfRobotsOnBlackSite,numberOfRobotsOnWhiteSite
27645,31,14
timeStep,numberOfRobotsOnBlackSite,numberOfRobotsOnWhiteSite
27646,31,14
timeStep,numberOfRobotsOnBlackSite,numberOfRobotsOnWhiteSite
27647,31,14
timeStep,numberOfRobotsOnBlackSite,numberOfRobotsOnWhiteSite
27648,31,14
timeStep,numberOfRobotsOnBlackSite,numberOfRobotsOnWhiteSite
27649,31,14
timeStep,numberOfRobotsOnBlackSite,numberOfRobotsOnWhiteSite
27650,30,14
timeStep,numberOfRobotsOnBlackSite,numberOfRobotsOnWhiteSite
27651,30,14
timeStep,numberOfRobotsOnBlackSite,numberOfRobotsOnWhiteSite
27652,30,14
timeStep,numberOfRobotsOnBlackSite,numberOfRobotsOnWhiteSite
27653,30,14
timeStep,numberOfRobotsOnBlackSite,numberOfRobotsOnWhiteSite
27654,30,14
timeStep,numberOfRobotsOnBlackSite,numberOfRobotsOnWhiteSite
27655,30,14
timeStep,numberOfRobotsOnBlackSite,numberOfRobotsOnWhiteSite
27656,30,14
timeStep,numberOfRobotsOnBlackSite,numberOfRobotsOnWhiteSite
27657,30,14
timeStep,numberOfRobotsOnBlackSite,numberOfRobotsOnWhiteSite
27658,30,14
timeStep,numberOfRobotsOnBlackSite,numberOfRobotsOnWhiteSite
27659,30,14
timeStep,numberOfRobotsOnBlackSite,numberOfRobotsOnWhiteSite
27660,30,14
timeStep,numberOfRobotsOnBlackSite,numberOfRobotsOnWhiteSite
27661,30,14
timeStep,numberOfRobotsOnBlackSite,numberOfRobotsOnWhiteSite
27662,30,14
timeStep,numberOfRobotsOnBlackSite,numberOfRobotsOnWhiteSite
27663,30,14
timeStep,numberOfRobotsOnBlackSite,numberOfRobotsOnWhiteSite
27664,30,14
timeStep,numberOfRobotsOnBlackSite,numberOfRobotsOnWhiteSite
27665,30,14
timeStep,numberOfRobotsOnBlackSite,numberOfRobotsOnWhiteSite
27666,30,14
timeStep,numberOfRobotsOnBlackSite,numberOfRobotsOnWhiteSite
27667,30,14
timeStep,numberOfRobotsOnBlackSite,numberOfRobotsOnWhiteSite
27668,30,14
timeStep,numberOfRobotsOnBlackSite,numberOfRobotsOnWhiteSite
27669,30,14
timeStep,numberOfRobotsOnBlackSite,numberOfRobotsOnWhiteSite
27670,30,14
timeStep,numberOfRobotsOnBlackSite,numberOfRobotsOnWhiteSite
27671,30,14
timeStep,numberOfRobotsOnBlackSite,numberOfRobotsOnWhiteSite
27672,30,14
timeStep,numberOfRobotsOnBlackSite,numberOfRobotsOnWhiteSite
27673,30,14
timeStep,numberOfRobotsOnBlackSite,numberOfRobotsOnWhiteSite
27674,30,14
timeStep,numberOfRobotsOnBlackSite,numberOfRobotsOnWhiteSite
27675,30,14
timeStep,numberOfRobotsOnBlackSite,numberOfRobotsOnWhiteSite
27676,30,14
timeStep,numberOfRobotsOnBlackSite,numberOfRobotsOnWhiteSite
27677,30,14
timeStep,numberOfRobotsOnBlackSite,numberOfRobotsOnWhiteSite
27678,30,14
timeStep,numberOfRobotsOnBlackSite,numberOfRobotsOnWhiteSite
27679,30,14
timeStep,numberOfRobotsOnBlackSite,numberOfRobotsOnWhiteSite
27680,30,14
timeStep,numberOfRobotsOnBlackSite,numberOfRobotsOnWhiteSite
27681,30,14
timeStep,numberOfRobotsOnBlackSite,numberOfRobotsOnWhiteSite
27682,30,14
timeStep,numberOfRobotsOnBlackSite,numberOfRobotsOnWhiteSite
27683,30,14
timeStep,numberOfRobotsOnBlackSite,numberOfRobotsOnWhiteSite
27684,30,14
timeStep,numberOfRobotsOnBlackSite,numberOfRobotsOnWhiteSite
27685,30,14
timeStep,numberOfRobotsOnBlackSite,numberOfRobotsOnWhiteSite
27686,30,14
timeStep,numberOfRobotsOnBlackSite,numberOfRobotsOnWhiteSite
27687,30,14
timeStep,numberOfRobotsOnBlackSite,numberOfRobotsOnWhiteSite
27688,30,14
timeStep,numberOfRobotsOnBlackSite,numberOfRobotsOnWhiteSite
27689,30,14
timeStep,numberOfRobotsOnBlackSite,numberOfRobotsOnWhiteSite
27690,30,14
timeStep,numberOfRobotsOnBlackSite,numberOfRobotsOnWhiteSite
27691,30,14
timeStep,numberOfRobotsOnBlackSite,numberOfRobotsOnWhiteSite
27692,30,14
timeStep,numberOfRobotsOnBlackSite,numberOfRobotsOnWhiteSite
27693,30,14
timeStep,numberOfRobotsOnBlackSite,numberOfRobotsOnWhiteSite
27694,30,14
timeStep,numberOfRobotsOnBlackSite,numberOfRobotsOnWhiteSite
27695,30,14
timeStep,numberOfRobotsOnBlackSite,numberOfRobotsOnWhiteSite
27696,30,14
timeStep,numberOfRobotsOnBlackSite,numberOfRobotsOnWhiteSite
27697,30,14
timeStep,numberOfRobotsOnBlackSite,numberOfRobotsOnWhiteSite
27698,30,14
timeStep,numberOfRobotsOnBlackSite,numberOfRobotsOnWhiteSite
27699,30,14
timeStep,numberOfRobotsOnBlackSite,numberOfRobotsOnWhiteSite
27700,30,14
timeStep,numberOfRobotsOnBlackSite,numberOfRobotsOnWhiteSite
27701,30,14
timeStep,numberOfRobotsOnBlackSite,numberOfRobotsOnWhiteSite
27702,30,14
timeStep,numberOfRobotsOnBlackSite,numberOfRobotsOnWhiteSite
27703,30,14
timeStep,numberOfRobotsOnBlackSite,numberOfRobotsOnWhiteSite
27704,30,14
timeStep,numberOfRobotsOnBlackSite,numberOfRobotsOnWhiteSite
27705,30,14
timeStep,numberOfRobotsOnBlackSite,numberOfRobotsOnWhiteSite
27706,30,14
timeStep,numberOfRobotsOnBlackSite,numberOfRobotsOnWhiteSite
27707,30,14
timeStep,numberOfRobotsOnBlackSite,numberOfRobotsOnWhiteSite
27708,30,14
timeStep,numberOfRobotsOnBlackSite,numberOfRobotsOnWhiteSite
27709,30,14
timeStep,numberOfRobotsOnBlackSite,numberOfRobotsOnWhiteSite
27710,31,14
timeStep,numberOfRobotsOnBlackSite,numberOfRobotsOnWhiteSite
27711,31,14
timeStep,numberOfRobotsOnBlackSite,numberOfRobotsOnWhiteSite
27712,31,14
timeStep,numberOfRobotsOnBlackSite,numberOfRobotsOnWhiteSite
27713,31,14
timeStep,numberOfRobotsOnBlackSite,numberOfRobotsOnWhiteSite
27714,31,14
timeStep,numberOfRobotsOnBlackSite,numberOfRobotsOnWhiteSite
27715,30,14
timeStep,numberOfRobotsOnBlackSite,numberOfRobotsOnWhiteSite
27716,30,14
timeStep,numberOfRobotsOnBlackSite,numberOfRobotsOnWhiteSite
27717,30,14
timeStep,numberOfRobotsOnBlackSite,numberOfRobotsOnWhiteSite
27718,30,14
timeStep,numberOfRobotsOnBlackSite,numberOfRobotsOnWhiteSite
27719,30,14
timeStep,numberOfRobotsOnBlackSite,numberOfRobotsOnWhiteSite
27720,30,14
timeStep,numberOfRobotsOnBlackSite,numberOfRobotsOnWhiteSite
27721,30,14
timeStep,numberOfRobotsOnBlackSite,numberOfRobotsOnWhiteSite
27722,30,14
timeStep,numberOfRobotsOnBlackSite,numberOfRobotsOnWhiteSite
27723,30,14
timeStep,numberOfRobotsOnBlackSite,numberOfRobotsOnWhiteSite
27724,30,14
timeStep,numberOfRobotsOnBlackSite,numberOfRobotsOnWhiteSite
27725,30,14
timeStep,numberOfRobotsOnBlackSite,numberOfRobotsOnWhiteSite
27726,30,14
timeStep,numberOfRobotsOnBlackSite,numberOfRobotsOnWhiteSite
27727,30,14
timeStep,numberOfRobotsOnBlackSite,numberOfRobotsOnWhiteSite
27728,30,14
timeStep,numberOfRobotsOnBlackSite,numberOfRobotsOnWhiteSite
27729,30,14
timeStep,numberOfRobotsOnBlackSite,numberOfRobotsOnWhiteSite
27730,30,14
timeStep,numberOfRobotsOnBlackSite,numberOfRobotsOnWhiteSite
27731,30,14
timeStep,numberOfRobotsOnBlackSite,numberOfRobotsOnWhiteSite
27732,30,14
timeStep,numberOfRobotsOnBlackSite,numberOfRobotsOnWhiteSite
27733,30,14
timeStep,numberOfRobotsOnBlackSite,numberOfRobotsOnWhiteSite
27734,30,14
timeStep,numberOfRobotsOnBlackSite,numberOfRobotsOnWhiteSite
27735,30,14
timeStep,numberOfRobotsOnBlackSite,numberOfRobotsOnWhiteSite
27736,30,14
timeStep,numberOfRobotsOnBlackSite,numberOfRobotsOnWhiteSite
27737,30,14
timeStep,numberOfRobotsOnBlackSite,numberOfRobotsOnWhiteSite
27738,30,14
timeStep,numberOfRobotsOnBlackSite,numberOfRobotsOnWhiteSite
27739,30,14
timeStep,numberOfRobotsOnBlackSite,numberOfRobotsOnWhiteSite
27740,30,14
timeStep,numberOfRobotsOnBlackSite,numberOfRobotsOnWhiteSite
27741,30,14
timeStep,numberOfRobotsOnBlackSite,numberOfRobotsOnWhiteSite
27742,30,14
timeStep,numberOfRobotsOnBlackSite,numberOfRobotsOnWhiteSite
27743,30,14
timeStep,numberOfRobotsOnBlackSite,numberOfRobotsOnWhiteSite
27744,30,14
timeStep,numberOfRobotsOnBlackSite,numberOfRobotsOnWhiteSite
27745,31,14
timeStep,numberOfRobotsOnBlackSite,numberOfRobotsOnWhiteSite
27746,31,14
timeStep,numberOfRobotsOnBlackSite,numberOfRobotsOnWhiteSite
27747,31,14
timeStep,numberOfRobotsOnBlackSite,numberOfRobotsOnWhiteSite
27748,31,14
timeStep,numberOfRobotsOnBlackSite,numberOfRobotsOnWhiteSite
27749,31,14
timeStep,numberOfRobotsOnBlackSite,numberOfRobotsOnWhiteSite
27750,31,13
timeStep,numberOfRobotsOnBlackSite,numberOfRobotsOnWhiteSite
27751,31,13
timeStep,numberOfRobotsOnBlackSite,numberOfRobotsOnWhiteSite
27752,31,13
timeStep,numberOfRobotsOnBlackSite,numberOfRobotsOnWhiteSite
27753,31,13
timeStep,numberOfRobotsOnBlackSite,numberOfRobotsOnWhiteSite
27754,31,13
timeStep,numberOfRobotsOnBlackSite,numberOfRobotsOnWhiteSite
27755,31,13
timeStep,numberOfRobotsOnBlackSite,numberOfRobotsOnWhiteSite
27756,31,13
timeStep,numberOfRobotsOnBlackSite,numberOfRobotsOnWhiteSite
27757,31,13
timeStep,numberOfRobotsOnBlackSite,numberOfRobotsOnWhiteSite
27758,31,13
timeStep,numberOfRobotsOnBlackSite,numberOfRobotsOnWhiteSite
27759,31,13
timeStep,numberOfRobotsOnBlackSite,numberOfRobotsOnWhiteSite
27760,31,14
timeStep,numberOfRobotsOnBlackSite,numberOfRobotsOnWhiteSite
27761,31,14
timeStep,numberOfRobotsOnBlackSite,numberOfRobotsOnWhiteSite
27762,31,14
timeStep,numberOfRobotsOnBlackSite,numberOfRobotsOnWhiteSite
27763,31,14
timeStep,numberOfRobotsOnBlackSite,numberOfRobotsOnWhiteSite
27764,31,14
timeStep,numberOfRobotsOnBlackSite,numberOfRobotsOnWhiteSite
27765,31,14
timeStep,numberOfRobotsOnBlackSite,numberOfRobotsOnWhiteSite
27766,31,14
timeStep,numberOfRobotsOnBlackSite,numberOfRobotsOnWhiteSite
27767,31,14
timeStep,numberOfRobotsOnBlackSite,numberOfRobotsOnWhiteSite
27768,31,14
timeStep,numberOfRobotsOnBlackSite,numberOfRobotsOnWhiteSite
27769,31,14
timeStep,numberOfRobotsOnBlackSite,numberOfRobotsOnWhiteSite
27770,31,14
timeStep,numberOfRobotsOnBlackSite,numberOfRobotsOnWhiteSite
27771,31,14
timeStep,numberOfRobotsOnBlackSite,numberOfRobotsOnWhiteSite
27772,31,14
timeStep,numberOfRobotsOnBlackSite,numberOfRobotsOnWhiteSite
27773,31,14
timeStep,numberOfRobotsOnBlackSite,numberOfRobotsOnWhiteSite
27774,31,14
timeStep,numberOfRobotsOnBlackSite,numberOfRobotsOnWhiteSite
27775,31,13
timeStep,numberOfRobotsOnBlackSite,numberOfRobotsOnWhiteSite
27776,31,13
timeStep,numberOfRobotsOnBlackSite,numberOfRobotsOnWhiteSite
27777,31,13
timeStep,numberOfRobotsOnBlackSite,numberOfRobotsOnWhiteSite
27778,31,13
timeStep,numberOfRobotsOnBlackSite,numberOfRobotsOnWhiteSite
27779,31,13
timeStep,numberOfRobotsOnBlackSite,numberOfRobotsOnWhiteSite
27780,31,13
timeStep,numberOfRobotsOnBlackSite,numberOfRobotsOnWhiteSite
27781,31,13
timeStep,numberOfRobotsOnBlackSite,numberOfRobotsOnWhiteSite
27782,31,13
timeStep,numberOfRobotsOnBlackSite,numberOfRobotsOnWhiteSite
27783,31,13
timeStep,numberOfRobotsOnBlackSite,numberOfRobotsOnWhiteSite
27784,31,13
timeStep,numberOfRobotsOnBlackSite,numberOfRobotsOnWhiteSite
27785,31,13
timeStep,numberOfRobotsOnBlackSite,numberOfRobotsOnWhiteSite
27786,31,13
timeStep,numberOfRobotsOnBlackSite,numberOfRobotsOnWhiteSite
27787,31,13
timeStep,numberOfRobotsOnBlackSite,numberOfRobotsOnWhiteSite
27788,31,13
timeStep,numberOfRobotsOnBlackSite,numberOfRobotsOnWhiteSite
27789,31,13
timeStep,numberOfRobotsOnBlackSite,numberOfRobotsOnWhiteSite
27790,31,13
timeStep,numberOfRobotsOnBlackSite,numberOfRobotsOnWhiteSite
27791,31,13
timeStep,numberOfRobotsOnBlackSite,numberOfRobotsOnWhiteSite
27792,31,13
timeStep,numberOfRobotsOnBlackSite,numberOfRobotsOnWhiteSite
27793,31,13
timeStep,numberOfRobotsOnBlackSite,numberOfRobotsOnWhiteSite
27794,31,13
timeStep,numberOfRobotsOnBlackSite,numberOfRobotsOnWhiteSite
27795,31,13
timeStep,numberOfRobotsOnBlackSite,numberOfRobotsOnWhiteSite
27796,31,13
timeStep,numberOfRobotsOnBlackSite,numberOfRobotsOnWhiteSite
27797,31,13
timeStep,numberOfRobotsOnBlackSite,numberOfRobotsOnWhiteSite
27798,31,13
timeStep,numberOfRobotsOnBlackSite,numberOfRobotsOnWhiteSite
27799,31,13
timeStep,numberOfRobotsOnBlackSite,numberOfRobotsOnWhiteSite
27800,31,13
timeStep,numberOfRobotsOnBlackSite,numberOfRobotsOnWhiteSite
27801,31,13
timeStep,numberOfRobotsOnBlackSite,numberOfRobotsOnWhiteSite
27802,31,13
timeStep,numberOfRobotsOnBlackSite,numberOfRobotsOnWhiteSite
27803,31,13
timeStep,numberOfRobotsOnBlackSite,numberOfRobotsOnWhiteSite
27804,31,13
timeStep,numberOfRobotsOnBlackSite,numberOfRobotsOnWhiteSite
27805,31,14
timeStep,numberOfRobotsOnBlackSite,numberOfRobotsOnWhiteSite
27806,31,14
timeStep,numberOfRobotsOnBlackSite,numberOfRobotsOnWhiteSite
27807,31,14
timeStep,numberOfRobotsOnBlackSite,numberOfRobotsOnWhiteSite
27808,31,14
timeStep,numberOfRobotsOnBlackSite,numberOfRobotsOnWhiteSite
27809,31,14
timeStep,numberOfRobotsOnBlackSite,numberOfRobotsOnWhiteSite
27810,31,14
timeStep,numberOfRobotsOnBlackSite,numberOfRobotsOnWhiteSite
27811,31,14
timeStep,numberOfRobotsOnBlackSite,numberOfRobotsOnWhiteSite
27812,31,14
timeStep,numberOfRobotsOnBlackSite,numberOfRobotsOnWhiteSite
27813,31,14
timeStep,numberOfRobotsOnBlackSite,numberOfRobotsOnWhiteSite
27814,31,14
timeStep,numberOfRobotsOnBlackSite,numberOfRobotsOnWhiteSite
27815,31,14
timeStep,numberOfRobotsOnBlackSite,numberOfRobotsOnWhiteSite
27816,31,14
timeStep,numberOfRobotsOnBlackSite,numberOfRobotsOnWhiteSite
27817,31,14
timeStep,numberOfRobotsOnBlackSite,numberOfRobotsOnWhiteSite
27818,31,14
timeStep,numberOfRobotsOnBlackSite,numberOfRobotsOnWhiteSite
27819,31,14
timeStep,numberOfRobotsOnBlackSite,numberOfRobotsOnWhiteSite
27820,31,14
timeStep,numberOfRobotsOnBlackSite,numberOfRobotsOnWhiteSite
27821,31,14
timeStep,numberOfRobotsOnBlackSite,numberOfRobotsOnWhiteSite
27822,31,14
timeStep,numberOfRobotsOnBlackSite,numberOfRobotsOnWhiteSite
27823,31,14
timeStep,numberOfRobotsOnBlackSite,numberOfRobotsOnWhiteSite
27824,31,14
timeStep,numberOfRobotsOnBlackSite,numberOfRobotsOnWhiteSite
27825,31,15
timeStep,numberOfRobotsOnBlackSite,numberOfRobotsOnWhiteSite
27826,31,15
timeStep,numberOfRobotsOnBlackSite,numberOfRobotsOnWhiteSite
27827,31,15
timeStep,numberOfRobotsOnBlackSite,numberOfRobotsOnWhiteSite
27828,31,15
timeStep,numberOfRobotsOnBlackSite,numberOfRobotsOnWhiteSite
27829,31,15
timeStep,numberOfRobotsOnBlackSite,numberOfRobotsOnWhiteSite
27830,31,15
timeStep,numberOfRobotsOnBlackSite,numberOfRobotsOnWhiteSite
27831,31,15
timeStep,numberOfRobotsOnBlackSite,numberOfRobotsOnWhiteSite
27832,31,15
timeStep,numberOfRobotsOnBlackSite,numberOfRobotsOnWhiteSite
27833,31,15
timeStep,numberOfRobotsOnBlackSite,numberOfRobotsOnWhiteSite
27834,31,15
timeStep,numberOfRobotsOnBlackSite,numberOfRobotsOnWhiteSite
27835,31,15
timeStep,numberOfRobotsOnBlackSite,numberOfRobotsOnWhiteSite
27836,31,15
timeStep,numberOfRobotsOnBlackSite,numberOfRobotsOnWhiteSite
27837,31,15
timeStep,numberOfRobotsOnBlackSite,numberOfRobotsOnWhiteSite
27838,31,15
timeStep,numberOfRobotsOnBlackSite,numberOfRobotsOnWhiteSite
27839,31,15
timeStep,numberOfRobotsOnBlackSite,numberOfRobotsOnWhiteSite
27840,31,14
timeStep,numberOfRobotsOnBlackSite,numberOfRobotsOnWhiteSite
27841,31,14
timeStep,numberOfRobotsOnBlackSite,numberOfRobotsOnWhiteSite
27842,31,14
timeStep,numberOfRobotsOnBlackSite,numberOfRobotsOnWhiteSite
27843,31,14
timeStep,numberOfRobotsOnBlackSite,numberOfRobotsOnWhiteSite
27844,31,14
timeStep,numberOfRobotsOnBlackSite,numberOfRobotsOnWhiteSite
27845,31,14
timeStep,numberOfRobotsOnBlackSite,numberOfRobotsOnWhiteSite
27846,31,14
timeStep,numberOfRobotsOnBlackSite,numberOfRobotsOnWhiteSite
27847,31,14
timeStep,numberOfRobotsOnBlackSite,numberOfRobotsOnWhiteSite
27848,31,14
timeStep,numberOfRobotsOnBlackSite,numberOfRobotsOnWhiteSite
27849,31,14
timeStep,numberOfRobotsOnBlackSite,numberOfRobotsOnWhiteSite
27850,31,14
timeStep,numberOfRobotsOnBlackSite,numberOfRobotsOnWhiteSite
27851,31,14
timeStep,numberOfRobotsOnBlackSite,numberOfRobotsOnWhiteSite
27852,31,14
timeStep,numberOfRobotsOnBlackSite,numberOfRobotsOnWhiteSite
27853,31,14
timeStep,numberOfRobotsOnBlackSite,numberOfRobotsOnWhiteSite
27854,31,14
timeStep,numberOfRobotsOnBlackSite,numberOfRobotsOnWhiteSite
27855,31,14
timeStep,numberOfRobotsOnBlackSite,numberOfRobotsOnWhiteSite
27856,31,14
timeStep,numberOfRobotsOnBlackSite,numberOfRobotsOnWhiteSite
27857,31,14
timeStep,numberOfRobotsOnBlackSite,numberOfRobotsOnWhiteSite
27858,31,14
timeStep,numberOfRobotsOnBlackSite,numberOfRobotsOnWhiteSite
27859,31,14
timeStep,numberOfRobotsOnBlackSite,numberOfRobotsOnWhiteSite
27860,31,14
timeStep,numberOfRobotsOnBlackSite,numberOfRobotsOnWhiteSite
27861,31,14
timeStep,numberOfRobotsOnBlackSite,numberOfRobotsOnWhiteSite
27862,31,14
timeStep,numberOfRobotsOnBlackSite,numberOfRobotsOnWhiteSite
27863,31,14
timeStep,numberOfRobotsOnBlackSite,numberOfRobotsOnWhiteSite
27864,31,14
timeStep,numberOfRobotsOnBlackSite,numberOfRobotsOnWhiteSite
27865,31,13
timeStep,numberOfRobotsOnBlackSite,numberOfRobotsOnWhiteSite
27866,31,13
timeStep,numberOfRobotsOnBlackSite,numberOfRobotsOnWhiteSite
27867,31,13
timeStep,numberOfRobotsOnBlackSite,numberOfRobotsOnWhiteSite
27868,31,13
timeStep,numberOfRobotsOnBlackSite,numberOfRobotsOnWhiteSite
27869,31,13
timeStep,numberOfRobotsOnBlackSite,numberOfRobotsOnWhiteSite
27870,31,13
timeStep,numberOfRobotsOnBlackSite,numberOfRobotsOnWhiteSite
27871,31,13
timeStep,numberOfRobotsOnBlackSite,numberOfRobotsOnWhiteSite
27872,31,13
timeStep,numberOfRobotsOnBlackSite,numberOfRobotsOnWhiteSite
27873,31,13
timeStep,numberOfRobotsOnBlackSite,numberOfRobotsOnWhiteSite
27874,31,13
timeStep,numberOfRobotsOnBlackSite,numberOfRobotsOnWhiteSite
27875,31,14
timeStep,numberOfRobotsOnBlackSite,numberOfRobotsOnWhiteSite
27876,31,14
timeStep,numberOfRobotsOnBlackSite,numberOfRobotsOnWhiteSite
27877,31,14
timeStep,numberOfRobotsOnBlackSite,numberOfRobotsOnWhiteSite
27878,31,14
timeStep,numberOfRobotsOnBlackSite,numberOfRobotsOnWhiteSite
27879,31,14
timeStep,numberOfRobotsOnBlackSite,numberOfRobotsOnWhiteSite
27880,31,14
timeStep,numberOfRobotsOnBlackSite,numberOfRobotsOnWhiteSite
27881,31,14
timeStep,numberOfRobotsOnBlackSite,numberOfRobotsOnWhiteSite
27882,31,14
timeStep,numberOfRobotsOnBlackSite,numberOfRobotsOnWhiteSite
27883,31,14
timeStep,numberOfRobotsOnBlackSite,numberOfRobotsOnWhiteSite
27884,31,14
timeStep,numberOfRobotsOnBlackSite,numberOfRobotsOnWhiteSite
27885,31,14
timeStep,numberOfRobotsOnBlackSite,numberOfRobotsOnWhiteSite
27886,31,14
timeStep,numberOfRobotsOnBlackSite,numberOfRobotsOnWhiteSite
27887,31,14
timeStep,numberOfRobotsOnBlackSite,numberOfRobotsOnWhiteSite
27888,31,14
timeStep,numberOfRobotsOnBlackSite,numberOfRobotsOnWhiteSite
27889,31,14
timeStep,numberOfRobotsOnBlackSite,numberOfRobotsOnWhiteSite
27890,31,14
timeStep,numberOfRobotsOnBlackSite,numberOfRobotsOnWhiteSite
27891,31,14
timeStep,numberOfRobotsOnBlackSite,numberOfRobotsOnWhiteSite
27892,31,14
timeStep,numberOfRobotsOnBlackSite,numberOfRobotsOnWhiteSite
27893,31,14
timeStep,numberOfRobotsOnBlackSite,numberOfRobotsOnWhiteSite
27894,31,14
timeStep,numberOfRobotsOnBlackSite,numberOfRobotsOnWhiteSite
27895,31,14
timeStep,numberOfRobotsOnBlackSite,numberOfRobotsOnWhiteSite
27896,31,14
timeStep,numberOfRobotsOnBlackSite,numberOfRobotsOnWhiteSite
27897,31,14
timeStep,numberOfRobotsOnBlackSite,numberOfRobotsOnWhiteSite
27898,31,14
timeStep,numberOfRobotsOnBlackSite,numberOfRobotsOnWhiteSite
27899,31,14
timeStep,numberOfRobotsOnBlackSite,numberOfRobotsOnWhiteSite
27900,31,14
timeStep,numberOfRobotsOnBlackSite,numberOfRobotsOnWhiteSite
27901,31,14
timeStep,numberOfRobotsOnBlackSite,numberOfRobotsOnWhiteSite
27902,31,14
timeStep,numberOfRobotsOnBlackSite,numberOfRobotsOnWhiteSite
27903,31,14
timeStep,numberOfRobotsOnBlackSite,numberOfRobotsOnWhiteSite
27904,31,14
timeStep,numberOfRobotsOnBlackSite,numberOfRobotsOnWhiteSite
27905,31,14
timeStep,numberOfRobotsOnBlackSite,numberOfRobotsOnWhiteSite
27906,31,14
timeStep,numberOfRobotsOnBlackSite,numberOfRobotsOnWhiteSite
27907,31,14
timeStep,numberOfRobotsOnBlackSite,numberOfRobotsOnWhiteSite
27908,31,14
timeStep,numberOfRobotsOnBlackSite,numberOfRobotsOnWhiteSite
27909,31,14
timeStep,numberOfRobotsOnBlackSite,numberOfRobotsOnWhiteSite
27910,31,14
timeStep,numberOfRobotsOnBlackSite,numberOfRobotsOnWhiteSite
27911,31,14
timeStep,numberOfRobotsOnBlackSite,numberOfRobotsOnWhiteSite
27912,31,14
timeStep,numberOfRobotsOnBlackSite,numberOfRobotsOnWhiteSite
27913,31,14
timeStep,numberOfRobotsOnBlackSite,numberOfRobotsOnWhiteSite
27914,31,14
timeStep,numberOfRobotsOnBlackSite,numberOfRobotsOnWhiteSite
27915,31,14
timeStep,numberOfRobotsOnBlackSite,numberOfRobotsOnWhiteSite
27916,31,14
timeStep,numberOfRobotsOnBlackSite,numberOfRobotsOnWhiteSite
27917,31,14
timeStep,numberOfRobotsOnBlackSite,numberOfRobotsOnWhiteSite
27918,31,14
timeStep,numberOfRobotsOnBlackSite,numberOfRobotsOnWhiteSite
27919,31,14
timeStep,numberOfRobotsOnBlackSite,numberOfRobotsOnWhiteSite
27920,31,14
timeStep,numberOfRobotsOnBlackSite,numberOfRobotsOnWhiteSite
27921,31,14
timeStep,numberOfRobotsOnBlackSite,numberOfRobotsOnWhiteSite
27922,31,14
timeStep,numberOfRobotsOnBlackSite,numberOfRobotsOnWhiteSite
27923,31,14
timeStep,numberOfRobotsOnBlackSite,numberOfRobotsOnWhiteSite
27924,31,14
timeStep,numberOfRobotsOnBlackSite,numberOfRobotsOnWhiteSite
27925,31,14
timeStep,numberOfRobotsOnBlackSite,numberOfRobotsOnWhiteSite
27926,31,14
timeStep,numberOfRobotsOnBlackSite,numberOfRobotsOnWhiteSite
27927,31,14
timeStep,numberOfRobotsOnBlackSite,numberOfRobotsOnWhiteSite
27928,31,14
timeStep,numberOfRobotsOnBlackSite,numberOfRobotsOnWhiteSite
27929,31,14
timeStep,numberOfRobotsOnBlackSite,numberOfRobotsOnWhiteSite
27930,31,14
timeStep,numberOfRobotsOnBlackSite,numberOfRobotsOnWhiteSite
27931,31,14
timeStep,numberOfRobotsOnBlackSite,numberOfRobotsOnWhiteSite
27932,31,14
timeStep,numberOfRobotsOnBlackSite,numberOfRobotsOnWhiteSite
27933,31,14
timeStep,numberOfRobotsOnBlackSite,numberOfRobotsOnWhiteSite
27934,31,14
timeStep,numberOfRobotsOnBlackSite,numberOfRobotsOnWhiteSite
27935,31,14
timeStep,numberOfRobotsOnBlackSite,numberOfRobotsOnWhiteSite
27936,31,14
timeStep,numberOfRobotsOnBlackSite,numberOfRobotsOnWhiteSite
27937,31,14
timeStep,numberOfRobotsOnBlackSite,numberOfRobotsOnWhiteSite
27938,31,14
timeStep,numberOfRobotsOnBlackSite,numberOfRobotsOnWhiteSite
27939,31,14
timeStep,numberOfRobotsOnBlackSite,numberOfRobotsOnWhiteSite
27940,31,14
timeStep,numberOfRobotsOnBlackSite,numberOfRobotsOnWhiteSite
27941,31,14
timeStep,numberOfRobotsOnBlackSite,numberOfRobotsOnWhiteSite
27942,31,14
timeStep,numberOfRobotsOnBlackSite,numberOfRobotsOnWhiteSite
27943,31,14
timeStep,numberOfRobotsOnBlackSite,numberOfRobotsOnWhiteSite
27944,31,14
timeStep,numberOfRobotsOnBlackSite,numberOfRobotsOnWhiteSite
27945,31,14
timeStep,numberOfRobotsOnBlackSite,numberOfRobotsOnWhiteSite
27946,31,14
timeStep,numberOfRobotsOnBlackSite,numberOfRobotsOnWhiteSite
27947,31,14
timeStep,numberOfRobotsOnBlackSite,numberOfRobotsOnWhiteSite
27948,31,14
timeStep,numberOfRobotsOnBlackSite,numberOfRobotsOnWhiteSite
27949,31,14
timeStep,numberOfRobotsOnBlackSite,numberOfRobotsOnWhiteSite
27950,31,14
timeStep,numberOfRobotsOnBlackSite,numberOfRobotsOnWhiteSite
27951,31,14
timeStep,numberOfRobotsOnBlackSite,numberOfRobotsOnWhiteSite
27952,31,14
timeStep,numberOfRobotsOnBlackSite,numberOfRobotsOnWhiteSite
27953,31,14
timeStep,numberOfRobotsOnBlackSite,numberOfRobotsOnWhiteSite
27954,31,14
timeStep,numberOfRobotsOnBlackSite,numberOfRobotsOnWhiteSite
27955,31,14
timeStep,numberOfRobotsOnBlackSite,numberOfRobotsOnWhiteSite
27956,31,14
timeStep,numberOfRobotsOnBlackSite,numberOfRobotsOnWhiteSite
27957,31,14
timeStep,numberOfRobotsOnBlackSite,numberOfRobotsOnWhiteSite
27958,31,14
timeStep,numberOfRobotsOnBlackSite,numberOfRobotsOnWhiteSite
27959,31,14
timeStep,numberOfRobotsOnBlackSite,numberOfRobotsOnWhiteSite
27960,31,14
timeStep,numberOfRobotsOnBlackSite,numberOfRobotsOnWhiteSite
27961,31,14
timeStep,numberOfRobotsOnBlackSite,numberOfRobotsOnWhiteSite
27962,31,14
timeStep,numberOfRobotsOnBlackSite,numberOfRobotsOnWhiteSite
27963,31,14
timeStep,numberOfRobotsOnBlackSite,numberOfRobotsOnWhiteSite
27964,31,14
timeStep,numberOfRobotsOnBlackSite,numberOfRobotsOnWhiteSite
27965,31,14
timeStep,numberOfRobotsOnBlackSite,numberOfRobotsOnWhiteSite
27966,31,14
timeStep,numberOfRobotsOnBlackSite,numberOfRobotsOnWhiteSite
27967,31,14
timeStep,numberOfRobotsOnBlackSite,numberOfRobotsOnWhiteSite
27968,31,14
timeStep,numberOfRobotsOnBlackSite,numberOfRobotsOnWhiteSite
27969,31,14
timeStep,numberOfRobotsOnBlackSite,numberOfRobotsOnWhiteSite
27970,31,14
timeStep,numberOfRobotsOnBlackSite,numberOfRobotsOnWhiteSite
27971,31,14
timeStep,numberOfRobotsOnBlackSite,numberOfRobotsOnWhiteSite
27972,31,14
timeStep,numberOfRobotsOnBlackSite,numberOfRobotsOnWhiteSite
27973,31,14
timeStep,numberOfRobotsOnBlackSite,numberOfRobotsOnWhiteSite
27974,31,14
timeStep,numberOfRobotsOnBlackSite,numberOfRobotsOnWhiteSite
27975,31,14
timeStep,numberOfRobotsOnBlackSite,numberOfRobotsOnWhiteSite
27976,31,14
timeStep,numberOfRobotsOnBlackSite,numberOfRobotsOnWhiteSite
27977,31,14
timeStep,numberOfRobotsOnBlackSite,numberOfRobotsOnWhiteSite
27978,31,14
timeStep,numberOfRobotsOnBlackSite,numberOfRobotsOnWhiteSite
27979,31,14
timeStep,numberOfRobotsOnBlackSite,numberOfRobotsOnWhiteSite
27980,31,14
timeStep,numberOfRobotsOnBlackSite,numberOfRobotsOnWhiteSite
27981,31,14
timeStep,numberOfRobotsOnBlackSite,numberOfRobotsOnWhiteSite
27982,31,14
timeStep,numberOfRobotsOnBlackSite,numberOfRobotsOnWhiteSite
27983,31,14
timeStep,numberOfRobotsOnBlackSite,numberOfRobotsOnWhiteSite
27984,31,14
timeStep,numberOfRobotsOnBlackSite,numberOfRobotsOnWhiteSite
27985,31,14
timeStep,numberOfRobotsOnBlackSite,numberOfRobotsOnWhiteSite
27986,31,14
timeStep,numberOfRobotsOnBlackSite,numberOfRobotsOnWhiteSite
27987,31,14
timeStep,numberOfRobotsOnBlackSite,numberOfRobotsOnWhiteSite
27988,31,14
timeStep,numberOfRobotsOnBlackSite,numberOfRobotsOnWhiteSite
27989,31,14
timeStep,numberOfRobotsOnBlackSite,numberOfRobotsOnWhiteSite
27990,31,14
timeStep,numberOfRobotsOnBlackSite,numberOfRobotsOnWhiteSite
27991,31,14
timeStep,numberOfRobotsOnBlackSite,numberOfRobotsOnWhiteSite
27992,31,14
timeStep,numberOfRobotsOnBlackSite,numberOfRobotsOnWhiteSite
27993,31,14
timeStep,numberOfRobotsOnBlackSite,numberOfRobotsOnWhiteSite
27994,31,14
timeStep,numberOfRobotsOnBlackSite,numberOfRobotsOnWhiteSite
27995,31,14
timeStep,numberOfRobotsOnBlackSite,numberOfRobotsOnWhiteSite
27996,31,14
timeStep,numberOfRobotsOnBlackSite,numberOfRobotsOnWhiteSite
27997,31,14
timeStep,numberOfRobotsOnBlackSite,numberOfRobotsOnWhiteSite
27998,31,14
timeStep,numberOfRobotsOnBlackSite,numberOfRobotsOnWhiteSite
27999,31,14
timeStep,numberOfRobotsOnBlackSite,numberOfRobotsOnWhiteSite
28000,31,14
timeStep,numberOfRobotsOnBlackSite,numberOfRobotsOnWhiteSite
28001,31,14
timeStep,numberOfRobotsOnBlackSite,numberOfRobotsOnWhiteSite
28002,31,14
timeStep,numberOfRobotsOnBlackSite,numberOfRobotsOnWhiteSite
28003,31,14
timeStep,numberOfRobotsOnBlackSite,numberOfRobotsOnWhiteSite
28004,31,14
timeStep,numberOfRobotsOnBlackSite,numberOfRobotsOnWhiteSite
28005,31,13
timeStep,numberOfRobotsOnBlackSite,numberOfRobotsOnWhiteSite
28006,31,13
timeStep,numberOfRobotsOnBlackSite,numberOfRobotsOnWhiteSite
28007,31,13
timeStep,numberOfRobotsOnBlackSite,numberOfRobotsOnWhiteSite
28008,31,13
timeStep,numberOfRobotsOnBlackSite,numberOfRobotsOnWhiteSite
28009,31,13
timeStep,numberOfRobotsOnBlackSite,numberOfRobotsOnWhiteSite
28010,31,13
timeStep,numberOfRobotsOnBlackSite,numberOfRobotsOnWhiteSite
28011,31,13
timeStep,numberOfRobotsOnBlackSite,numberOfRobotsOnWhiteSite
28012,31,13
timeStep,numberOfRobotsOnBlackSite,numberOfRobotsOnWhiteSite
28013,31,13
timeStep,numberOfRobotsOnBlackSite,numberOfRobotsOnWhiteSite
28014,31,13
timeStep,numberOfRobotsOnBlackSite,numberOfRobotsOnWhiteSite
28015,31,13
timeStep,numberOfRobotsOnBlackSite,numberOfRobotsOnWhiteSite
28016,31,13
timeStep,numberOfRobotsOnBlackSite,numberOfRobotsOnWhiteSite
28017,31,13
timeStep,numberOfRobotsOnBlackSite,numberOfRobotsOnWhiteSite
28018,31,13
timeStep,numberOfRobotsOnBlackSite,numberOfRobotsOnWhiteSite
28019,31,13
timeStep,numberOfRobotsOnBlackSite,numberOfRobotsOnWhiteSite
28020,31,13
timeStep,numberOfRobotsOnBlackSite,numberOfRobotsOnWhiteSite
28021,31,13
timeStep,numberOfRobotsOnBlackSite,numberOfRobotsOnWhiteSite
28022,31,13
timeStep,numberOfRobotsOnBlackSite,numberOfRobotsOnWhiteSite
28023,31,13
timeStep,numberOfRobotsOnBlackSite,numberOfRobotsOnWhiteSite
28024,31,13
timeStep,numberOfRobotsOnBlackSite,numberOfRobotsOnWhiteSite
28025,31,13
timeStep,numberOfRobotsOnBlackSite,numberOfRobotsOnWhiteSite
28026,31,13
timeStep,numberOfRobotsOnBlackSite,numberOfRobotsOnWhiteSite
28027,31,13
timeStep,numberOfRobotsOnBlackSite,numberOfRobotsOnWhiteSite
28028,31,13
timeStep,numberOfRobotsOnBlackSite,numberOfRobotsOnWhiteSite
28029,31,13
timeStep,numberOfRobotsOnBlackSite,numberOfRobotsOnWhiteSite
28030,31,13
timeStep,numberOfRobotsOnBlackSite,numberOfRobotsOnWhiteSite
28031,31,13
timeStep,numberOfRobotsOnBlackSite,numberOfRobotsOnWhiteSite
28032,31,13
timeStep,numberOfRobotsOnBlackSite,numberOfRobotsOnWhiteSite
28033,31,13
timeStep,numberOfRobotsOnBlackSite,numberOfRobotsOnWhiteSite
28034,31,13
timeStep,numberOfRobotsOnBlackSite,numberOfRobotsOnWhiteSite
28035,31,13
timeStep,numberOfRobotsOnBlackSite,numberOfRobotsOnWhiteSite
28036,31,13
timeStep,numberOfRobotsOnBlackSite,numberOfRobotsOnWhiteSite
28037,31,13
timeStep,numberOfRobotsOnBlackSite,numberOfRobotsOnWhiteSite
28038,31,13
timeStep,numberOfRobotsOnBlackSite,numberOfRobotsOnWhiteSite
28039,31,13
timeStep,numberOfRobotsOnBlackSite,numberOfRobotsOnWhiteSite
28040,31,13
timeStep,numberOfRobotsOnBlackSite,numberOfRobotsOnWhiteSite
28041,31,13
timeStep,numberOfRobotsOnBlackSite,numberOfRobotsOnWhiteSite
28042,31,13
timeStep,numberOfRobotsOnBlackSite,numberOfRobotsOnWhiteSite
28043,31,13
timeStep,numberOfRobotsOnBlackSite,numberOfRobotsOnWhiteSite
28044,31,13
timeStep,numberOfRobotsOnBlackSite,numberOfRobotsOnWhiteSite
28045,31,13
timeStep,numberOfRobotsOnBlackSite,numberOfRobotsOnWhiteSite
28046,31,13
timeStep,numberOfRobotsOnBlackSite,numberOfRobotsOnWhiteSite
28047,31,13
timeStep,numberOfRobotsOnBlackSite,numberOfRobotsOnWhiteSite
28048,31,13
timeStep,numberOfRobotsOnBlackSite,numberOfRobotsOnWhiteSite
28049,31,13
timeStep,numberOfRobotsOnBlackSite,numberOfRobotsOnWhiteSite
28050,31,14
timeStep,numberOfRobotsOnBlackSite,numberOfRobotsOnWhiteSite
28051,31,14
timeStep,numberOfRobotsOnBlackSite,numberOfRobotsOnWhiteSite
28052,31,14
timeStep,numberOfRobotsOnBlackSite,numberOfRobotsOnWhiteSite
28053,31,14
timeStep,numberOfRobotsOnBlackSite,numberOfRobotsOnWhiteSite
28054,31,14
timeStep,numberOfRobotsOnBlackSite,numberOfRobotsOnWhiteSite
28055,31,14
timeStep,numberOfRobotsOnBlackSite,numberOfRobotsOnWhiteSite
28056,31,14
timeStep,numberOfRobotsOnBlackSite,numberOfRobotsOnWhiteSite
28057,31,14
timeStep,numberOfRobotsOnBlackSite,numberOfRobotsOnWhiteSite
28058,31,14
timeStep,numberOfRobotsOnBlackSite,numberOfRobotsOnWhiteSite
28059,31,14
timeStep,numberOfRobotsOnBlackSite,numberOfRobotsOnWhiteSite
28060,31,14
timeStep,numberOfRobotsOnBlackSite,numberOfRobotsOnWhiteSite
28061,31,14
timeStep,numberOfRobotsOnBlackSite,numberOfRobotsOnWhiteSite
28062,31,14
timeStep,numberOfRobotsOnBlackSite,numberOfRobotsOnWhiteSite
28063,31,14
timeStep,numberOfRobotsOnBlackSite,numberOfRobotsOnWhiteSite
28064,31,14
timeStep,numberOfRobotsOnBlackSite,numberOfRobotsOnWhiteSite
28065,31,14
timeStep,numberOfRobotsOnBlackSite,numberOfRobotsOnWhiteSite
28066,31,14
timeStep,numberOfRobotsOnBlackSite,numberOfRobotsOnWhiteSite
28067,31,14
timeStep,numberOfRobotsOnBlackSite,numberOfRobotsOnWhiteSite
28068,31,14
timeStep,numberOfRobotsOnBlackSite,numberOfRobotsOnWhiteSite
28069,31,14
timeStep,numberOfRobotsOnBlackSite,numberOfRobotsOnWhiteSite
28070,31,14
timeStep,numberOfRobotsOnBlackSite,numberOfRobotsOnWhiteSite
28071,31,14
timeStep,numberOfRobotsOnBlackSite,numberOfRobotsOnWhiteSite
28072,31,14
timeStep,numberOfRobotsOnBlackSite,numberOfRobotsOnWhiteSite
28073,31,14
timeStep,numberOfRobotsOnBlackSite,numberOfRobotsOnWhiteSite
28074,31,14
timeStep,numberOfRobotsOnBlackSite,numberOfRobotsOnWhiteSite
28075,31,14
timeStep,numberOfRobotsOnBlackSite,numberOfRobotsOnWhiteSite
28076,31,14
timeStep,numberOfRobotsOnBlackSite,numberOfRobotsOnWhiteSite
28077,31,14
timeStep,numberOfRobotsOnBlackSite,numberOfRobotsOnWhiteSite
28078,31,14
timeStep,numberOfRobotsOnBlackSite,numberOfRobotsOnWhiteSite
28079,31,14
timeStep,numberOfRobotsOnBlackSite,numberOfRobotsOnWhiteSite
28080,31,14
timeStep,numberOfRobotsOnBlackSite,numberOfRobotsOnWhiteSite
28081,31,14
timeStep,numberOfRobotsOnBlackSite,numberOfRobotsOnWhiteSite
28082,31,14
timeStep,numberOfRobotsOnBlackSite,numberOfRobotsOnWhiteSite
28083,31,14
timeStep,numberOfRobotsOnBlackSite,numberOfRobotsOnWhiteSite
28084,31,14
timeStep,numberOfRobotsOnBlackSite,numberOfRobotsOnWhiteSite
28085,31,14
timeStep,numberOfRobotsOnBlackSite,numberOfRobotsOnWhiteSite
28086,31,14
timeStep,numberOfRobotsOnBlackSite,numberOfRobotsOnWhiteSite
28087,31,14
timeStep,numberOfRobotsOnBlackSite,numberOfRobotsOnWhiteSite
28088,31,14
timeStep,numberOfRobotsOnBlackSite,numberOfRobotsOnWhiteSite
28089,31,14
timeStep,numberOfRobotsOnBlackSite,numberOfRobotsOnWhiteSite
28090,31,14
timeStep,numberOfRobotsOnBlackSite,numberOfRobotsOnWhiteSite
28091,31,14
timeStep,numberOfRobotsOnBlackSite,numberOfRobotsOnWhiteSite
28092,31,14
timeStep,numberOfRobotsOnBlackSite,numberOfRobotsOnWhiteSite
28093,31,14
timeStep,numberOfRobotsOnBlackSite,numberOfRobotsOnWhiteSite
28094,31,14
timeStep,numberOfRobotsOnBlackSite,numberOfRobotsOnWhiteSite
28095,31,15
timeStep,numberOfRobotsOnBlackSite,numberOfRobotsOnWhiteSite
28096,31,15
timeStep,numberOfRobotsOnBlackSite,numberOfRobotsOnWhiteSite
28097,31,15
timeStep,numberOfRobotsOnBlackSite,numberOfRobotsOnWhiteSite
28098,31,15
timeStep,numberOfRobotsOnBlackSite,numberOfRobotsOnWhiteSite
28099,31,15
timeStep,numberOfRobotsOnBlackSite,numberOfRobotsOnWhiteSite
28100,31,15
timeStep,numberOfRobotsOnBlackSite,numberOfRobotsOnWhiteSite
28101,31,15
timeStep,numberOfRobotsOnBlackSite,numberOfRobotsOnWhiteSite
28102,31,15
timeStep,numberOfRobotsOnBlackSite,numberOfRobotsOnWhiteSite
28103,31,15
timeStep,numberOfRobotsOnBlackSite,numberOfRobotsOnWhiteSite
28104,31,15
timeStep,numberOfRobotsOnBlackSite,numberOfRobotsOnWhiteSite
28105,31,15
timeStep,numberOfRobotsOnBlackSite,numberOfRobotsOnWhiteSite
28106,31,15
timeStep,numberOfRobotsOnBlackSite,numberOfRobotsOnWhiteSite
28107,31,15
timeStep,numberOfRobotsOnBlackSite,numberOfRobotsOnWhiteSite
28108,31,15
timeStep,numberOfRobotsOnBlackSite,numberOfRobotsOnWhiteSite
28109,31,15
timeStep,numberOfRobotsOnBlackSite,numberOfRobotsOnWhiteSite
28110,31,15
timeStep,numberOfRobotsOnBlackSite,numberOfRobotsOnWhiteSite
28111,31,15
timeStep,numberOfRobotsOnBlackSite,numberOfRobotsOnWhiteSite
28112,31,15
timeStep,numberOfRobotsOnBlackSite,numberOfRobotsOnWhiteSite
28113,31,15
timeStep,numberOfRobotsOnBlackSite,numberOfRobotsOnWhiteSite
28114,31,15
timeStep,numberOfRobotsOnBlackSite,numberOfRobotsOnWhiteSite
28115,31,15
timeStep,numberOfRobotsOnBlackSite,numberOfRobotsOnWhiteSite
28116,31,15
timeStep,numberOfRobotsOnBlackSite,numberOfRobotsOnWhiteSite
28117,31,15
timeStep,numberOfRobotsOnBlackSite,numberOfRobotsOnWhiteSite
28118,31,15
timeStep,numberOfRobotsOnBlackSite,numberOfRobotsOnWhiteSite
28119,31,15
timeStep,numberOfRobotsOnBlackSite,numberOfRobotsOnWhiteSite
28120,31,15
timeStep,numberOfRobotsOnBlackSite,numberOfRobotsOnWhiteSite
28121,31,15
timeStep,numberOfRobotsOnBlackSite,numberOfRobotsOnWhiteSite
28122,31,15
timeStep,numberOfRobotsOnBlackSite,numberOfRobotsOnWhiteSite
28123,31,15
timeStep,numberOfRobotsOnBlackSite,numberOfRobotsOnWhiteSite
28124,31,15
timeStep,numberOfRobotsOnBlackSite,numberOfRobotsOnWhiteSite
28125,31,15
timeStep,numberOfRobotsOnBlackSite,numberOfRobotsOnWhiteSite
28126,31,15
timeStep,numberOfRobotsOnBlackSite,numberOfRobotsOnWhiteSite
28127,31,15
timeStep,numberOfRobotsOnBlackSite,numberOfRobotsOnWhiteSite
28128,31,15
timeStep,numberOfRobotsOnBlackSite,numberOfRobotsOnWhiteSite
28129,31,15
timeStep,numberOfRobotsOnBlackSite,numberOfRobotsOnWhiteSite
28130,31,15
timeStep,numberOfRobotsOnBlackSite,numberOfRobotsOnWhiteSite
28131,31,15
timeStep,numberOfRobotsOnBlackSite,numberOfRobotsOnWhiteSite
28132,31,15
timeStep,numberOfRobotsOnBlackSite,numberOfRobotsOnWhiteSite
28133,31,15
timeStep,numberOfRobotsOnBlackSite,numberOfRobotsOnWhiteSite
28134,31,15
timeStep,numberOfRobotsOnBlackSite,numberOfRobotsOnWhiteSite
28135,31,15
timeStep,numberOfRobotsOnBlackSite,numberOfRobotsOnWhiteSite
28136,31,15
timeStep,numberOfRobotsOnBlackSite,numberOfRobotsOnWhiteSite
28137,31,15
timeStep,numberOfRobotsOnBlackSite,numberOfRobotsOnWhiteSite
28138,31,15
timeStep,numberOfRobotsOnBlackSite,numberOfRobotsOnWhiteSite
28139,31,15
timeStep,numberOfRobotsOnBlackSite,numberOfRobotsOnWhiteSite
28140,31,15
timeStep,numberOfRobotsOnBlackSite,numberOfRobotsOnWhiteSite
28141,31,15
timeStep,numberOfRobotsOnBlackSite,numberOfRobotsOnWhiteSite
28142,31,15
timeStep,numberOfRobotsOnBlackSite,numberOfRobotsOnWhiteSite
28143,31,15
timeStep,numberOfRobotsOnBlackSite,numberOfRobotsOnWhiteSite
28144,31,15
timeStep,numberOfRobotsOnBlackSite,numberOfRobotsOnWhiteSite
28145,31,14
timeStep,numberOfRobotsOnBlackSite,numberOfRobotsOnWhiteSite
28146,31,14
timeStep,numberOfRobotsOnBlackSite,numberOfRobotsOnWhiteSite
28147,31,14
timeStep,numberOfRobotsOnBlackSite,numberOfRobotsOnWhiteSite
28148,31,14
timeStep,numberOfRobotsOnBlackSite,numberOfRobotsOnWhiteSite
28149,31,14
timeStep,numberOfRobotsOnBlackSite,numberOfRobotsOnWhiteSite
28150,31,14
timeStep,numberOfRobotsOnBlackSite,numberOfRobotsOnWhiteSite
28151,31,14
timeStep,numberOfRobotsOnBlackSite,numberOfRobotsOnWhiteSite
28152,31,14
timeStep,numberOfRobotsOnBlackSite,numberOfRobotsOnWhiteSite
28153,31,14
timeStep,numberOfRobotsOnBlackSite,numberOfRobotsOnWhiteSite
28154,31,14
timeStep,numberOfRobotsOnBlackSite,numberOfRobotsOnWhiteSite
28155,31,14
timeStep,numberOfRobotsOnBlackSite,numberOfRobotsOnWhiteSite
28156,31,14
timeStep,numberOfRobotsOnBlackSite,numberOfRobotsOnWhiteSite
28157,31,14
timeStep,numberOfRobotsOnBlackSite,numberOfRobotsOnWhiteSite
28158,31,14
timeStep,numberOfRobotsOnBlackSite,numberOfRobotsOnWhiteSite
28159,31,14
timeStep,numberOfRobotsOnBlackSite,numberOfRobotsOnWhiteSite
28160,31,14
timeStep,numberOfRobotsOnBlackSite,numberOfRobotsOnWhiteSite
28161,31,14
timeStep,numberOfRobotsOnBlackSite,numberOfRobotsOnWhiteSite
28162,31,14
timeStep,numberOfRobotsOnBlackSite,numberOfRobotsOnWhiteSite
28163,31,14
timeStep,numberOfRobotsOnBlackSite,numberOfRobotsOnWhiteSite
28164,31,14
timeStep,numberOfRobotsOnBlackSite,numberOfRobotsOnWhiteSite
28165,31,14
timeStep,numberOfRobotsOnBlackSite,numberOfRobotsOnWhiteSite
28166,31,14
timeStep,numberOfRobotsOnBlackSite,numberOfRobotsOnWhiteSite
28167,31,14
timeStep,numberOfRobotsOnBlackSite,numberOfRobotsOnWhiteSite
28168,31,14
timeStep,numberOfRobotsOnBlackSite,numberOfRobotsOnWhiteSite
28169,31,14
timeStep,numberOfRobotsOnBlackSite,numberOfRobotsOnWhiteSite
28170,31,14
timeStep,numberOfRobotsOnBlackSite,numberOfRobotsOnWhiteSite
28171,31,14
timeStep,numberOfRobotsOnBlackSite,numberOfRobotsOnWhiteSite
28172,31,14
timeStep,numberOfRobotsOnBlackSite,numberOfRobotsOnWhiteSite
28173,31,14
timeStep,numberOfRobotsOnBlackSite,numberOfRobotsOnWhiteSite
28174,31,14
timeStep,numberOfRobotsOnBlackSite,numberOfRobotsOnWhiteSite
28175,30,14
timeStep,numberOfRobotsOnBlackSite,numberOfRobotsOnWhiteSite
28176,30,14
timeStep,numberOfRobotsOnBlackSite,numberOfRobotsOnWhiteSite
28177,30,14
timeStep,numberOfRobotsOnBlackSite,numberOfRobotsOnWhiteSite
28178,30,14
timeStep,numberOfRobotsOnBlackSite,numberOfRobotsOnWhiteSite
28179,30,14
timeStep,numberOfRobotsOnBlackSite,numberOfRobotsOnWhiteSite
28180,30,14
timeStep,numberOfRobotsOnBlackSite,numberOfRobotsOnWhiteSite
28181,30,14
timeStep,numberOfRobotsOnBlackSite,numberOfRobotsOnWhiteSite
28182,30,14
timeStep,numberOfRobotsOnBlackSite,numberOfRobotsOnWhiteSite
28183,30,14
timeStep,numberOfRobotsOnBlackSite,numberOfRobotsOnWhiteSite
28184,30,14
timeStep,numberOfRobotsOnBlackSite,numberOfRobotsOnWhiteSite
28185,30,14
timeStep,numberOfRobotsOnBlackSite,numberOfRobotsOnWhiteSite
28186,30,14
timeStep,numberOfRobotsOnBlackSite,numberOfRobotsOnWhiteSite
28187,30,14
timeStep,numberOfRobotsOnBlackSite,numberOfRobotsOnWhiteSite
28188,30,14
timeStep,numberOfRobotsOnBlackSite,numberOfRobotsOnWhiteSite
28189,30,14
timeStep,numberOfRobotsOnBlackSite,numberOfRobotsOnWhiteSite
28190,30,14
timeStep,numberOfRobotsOnBlackSite,numberOfRobotsOnWhiteSite
28191,30,14
timeStep,numberOfRobotsOnBlackSite,numberOfRobotsOnWhiteSite
28192,30,14
timeStep,numberOfRobotsOnBlackSite,numberOfRobotsOnWhiteSite
28193,30,14
timeStep,numberOfRobotsOnBlackSite,numberOfRobotsOnWhiteSite
28194,30,14
timeStep,numberOfRobotsOnBlackSite,numberOfRobotsOnWhiteSite
28195,30,14
timeStep,numberOfRobotsOnBlackSite,numberOfRobotsOnWhiteSite
28196,30,14
timeStep,numberOfRobotsOnBlackSite,numberOfRobotsOnWhiteSite
28197,30,14
timeStep,numberOfRobotsOnBlackSite,numberOfRobotsOnWhiteSite
28198,30,14
timeStep,numberOfRobotsOnBlackSite,numberOfRobotsOnWhiteSite
28199,30,14
timeStep,numberOfRobotsOnBlackSite,numberOfRobotsOnWhiteSite
28200,30,14
timeStep,numberOfRobotsOnBlackSite,numberOfRobotsOnWhiteSite
28201,30,14
timeStep,numberOfRobotsOnBlackSite,numberOfRobotsOnWhiteSite
28202,30,14
timeStep,numberOfRobotsOnBlackSite,numberOfRobotsOnWhiteSite
28203,30,14
timeStep,numberOfRobotsOnBlackSite,numberOfRobotsOnWhiteSite
28204,30,14
timeStep,numberOfRobotsOnBlackSite,numberOfRobotsOnWhiteSite
28205,30,13
timeStep,numberOfRobotsOnBlackSite,numberOfRobotsOnWhiteSite
28206,30,13
timeStep,numberOfRobotsOnBlackSite,numberOfRobotsOnWhiteSite
28207,30,13
timeStep,numberOfRobotsOnBlackSite,numberOfRobotsOnWhiteSite
28208,30,13
timeStep,numberOfRobotsOnBlackSite,numberOfRobotsOnWhiteSite
28209,30,13
timeStep,numberOfRobotsOnBlackSite,numberOfRobotsOnWhiteSite
28210,30,13
timeStep,numberOfRobotsOnBlackSite,numberOfRobotsOnWhiteSite
28211,30,13
timeStep,numberOfRobotsOnBlackSite,numberOfRobotsOnWhiteSite
28212,30,13
timeStep,numberOfRobotsOnBlackSite,numberOfRobotsOnWhiteSite
28213,30,13
timeStep,numberOfRobotsOnBlackSite,numberOfRobotsOnWhiteSite
28214,30,13
timeStep,numberOfRobotsOnBlackSite,numberOfRobotsOnWhiteSite
28215,30,13
timeStep,numberOfRobotsOnBlackSite,numberOfRobotsOnWhiteSite
28216,30,13
timeStep,numberOfRobotsOnBlackSite,numberOfRobotsOnWhiteSite
28217,30,13
timeStep,numberOfRobotsOnBlackSite,numberOfRobotsOnWhiteSite
28218,30,13
timeStep,numberOfRobotsOnBlackSite,numberOfRobotsOnWhiteSite
28219,30,13
timeStep,numberOfRobotsOnBlackSite,numberOfRobotsOnWhiteSite
28220,31,13
timeStep,numberOfRobotsOnBlackSite,numberOfRobotsOnWhiteSite
28221,31,13
timeStep,numberOfRobotsOnBlackSite,numberOfRobotsOnWhiteSite
28222,31,13
timeStep,numberOfRobotsOnBlackSite,numberOfRobotsOnWhiteSite
28223,31,13
timeStep,numberOfRobotsOnBlackSite,numberOfRobotsOnWhiteSite
28224,31,13
timeStep,numberOfRobotsOnBlackSite,numberOfRobotsOnWhiteSite
28225,31,13
timeStep,numberOfRobotsOnBlackSite,numberOfRobotsOnWhiteSite
28226,31,13
timeStep,numberOfRobotsOnBlackSite,numberOfRobotsOnWhiteSite
28227,31,13
timeStep,numberOfRobotsOnBlackSite,numberOfRobotsOnWhiteSite
28228,31,13
timeStep,numberOfRobotsOnBlackSite,numberOfRobotsOnWhiteSite
28229,31,13
timeStep,numberOfRobotsOnBlackSite,numberOfRobotsOnWhiteSite
28230,31,13
timeStep,numberOfRobotsOnBlackSite,numberOfRobotsOnWhiteSite
28231,31,13
timeStep,numberOfRobotsOnBlackSite,numberOfRobotsOnWhiteSite
28232,31,13
timeStep,numberOfRobotsOnBlackSite,numberOfRobotsOnWhiteSite
28233,31,13
timeStep,numberOfRobotsOnBlackSite,numberOfRobotsOnWhiteSite
28234,31,13
timeStep,numberOfRobotsOnBlackSite,numberOfRobotsOnWhiteSite
28235,31,13
timeStep,numberOfRobotsOnBlackSite,numberOfRobotsOnWhiteSite
28236,31,13
timeStep,numberOfRobotsOnBlackSite,numberOfRobotsOnWhiteSite
28237,31,13
timeStep,numberOfRobotsOnBlackSite,numberOfRobotsOnWhiteSite
28238,31,13
timeStep,numberOfRobotsOnBlackSite,numberOfRobotsOnWhiteSite
28239,31,13
timeStep,numberOfRobotsOnBlackSite,numberOfRobotsOnWhiteSite
28240,31,13
timeStep,numberOfRobotsOnBlackSite,numberOfRobotsOnWhiteSite
28241,31,13
timeStep,numberOfRobotsOnBlackSite,numberOfRobotsOnWhiteSite
28242,31,13
timeStep,numberOfRobotsOnBlackSite,numberOfRobotsOnWhiteSite
28243,31,13
timeStep,numberOfRobotsOnBlackSite,numberOfRobotsOnWhiteSite
28244,31,13
timeStep,numberOfRobotsOnBlackSite,numberOfRobotsOnWhiteSite
28245,31,13
timeStep,numberOfRobotsOnBlackSite,numberOfRobotsOnWhiteSite
28246,31,13
timeStep,numberOfRobotsOnBlackSite,numberOfRobotsOnWhiteSite
28247,31,13
timeStep,numberOfRobotsOnBlackSite,numberOfRobotsOnWhiteSite
28248,31,13
timeStep,numberOfRobotsOnBlackSite,numberOfRobotsOnWhiteSite
28249,31,13
timeStep,numberOfRobotsOnBlackSite,numberOfRobotsOnWhiteSite
28250,31,13
timeStep,numberOfRobotsOnBlackSite,numberOfRobotsOnWhiteSite
28251,31,13
timeStep,numberOfRobotsOnBlackSite,numberOfRobotsOnWhiteSite
28252,31,13
timeStep,numberOfRobotsOnBlackSite,numberOfRobotsOnWhiteSite
28253,31,13
timeStep,numberOfRobotsOnBlackSite,numberOfRobotsOnWhiteSite
28254,31,13
timeStep,numberOfRobotsOnBlackSite,numberOfRobotsOnWhiteSite
28255,31,13
timeStep,numberOfRobotsOnBlackSite,numberOfRobotsOnWhiteSite
28256,31,13
timeStep,numberOfRobotsOnBlackSite,numberOfRobotsOnWhiteSite
28257,31,13
timeStep,numberOfRobotsOnBlackSite,numberOfRobotsOnWhiteSite
28258,31,13
timeStep,numberOfRobotsOnBlackSite,numberOfRobotsOnWhiteSite
28259,31,13
timeStep,numberOfRobotsOnBlackSite,numberOfRobotsOnWhiteSite
28260,31,13
timeStep,numberOfRobotsOnBlackSite,numberOfRobotsOnWhiteSite
28261,31,13
timeStep,numberOfRobotsOnBlackSite,numberOfRobotsOnWhiteSite
28262,31,13
timeStep,numberOfRobotsOnBlackSite,numberOfRobotsOnWhiteSite
28263,31,13
timeStep,numberOfRobotsOnBlackSite,numberOfRobotsOnWhiteSite
28264,31,13
timeStep,numberOfRobotsOnBlackSite,numberOfRobotsOnWhiteSite
28265,31,12
timeStep,numberOfRobotsOnBlackSite,numberOfRobotsOnWhiteSite
28266,31,12
timeStep,numberOfRobotsOnBlackSite,numberOfRobotsOnWhiteSite
28267,31,12
timeStep,numberOfRobotsOnBlackSite,numberOfRobotsOnWhiteSite
28268,31,12
timeStep,numberOfRobotsOnBlackSite,numberOfRobotsOnWhiteSite
28269,31,12
timeStep,numberOfRobotsOnBlackSite,numberOfRobotsOnWhiteSite
28270,31,12
timeStep,numberOfRobotsOnBlackSite,numberOfRobotsOnWhiteSite
28271,31,12
timeStep,numberOfRobotsOnBlackSite,numberOfRobotsOnWhiteSite
28272,31,12
timeStep,numberOfRobotsOnBlackSite,numberOfRobotsOnWhiteSite
28273,31,12
timeStep,numberOfRobotsOnBlackSite,numberOfRobotsOnWhiteSite
28274,31,12
timeStep,numberOfRobotsOnBlackSite,numberOfRobotsOnWhiteSite
28275,31,12
timeStep,numberOfRobotsOnBlackSite,numberOfRobotsOnWhiteSite
28276,31,12
timeStep,numberOfRobotsOnBlackSite,numberOfRobotsOnWhiteSite
28277,31,12
timeStep,numberOfRobotsOnBlackSite,numberOfRobotsOnWhiteSite
28278,31,12
timeStep,numberOfRobotsOnBlackSite,numberOfRobotsOnWhiteSite
28279,31,12
timeStep,numberOfRobotsOnBlackSite,numberOfRobotsOnWhiteSite
28280,31,12
timeStep,numberOfRobotsOnBlackSite,numberOfRobotsOnWhiteSite
28281,31,12
timeStep,numberOfRobotsOnBlackSite,numberOfRobotsOnWhiteSite
28282,31,12
timeStep,numberOfRobotsOnBlackSite,numberOfRobotsOnWhiteSite
28283,31,12
timeStep,numberOfRobotsOnBlackSite,numberOfRobotsOnWhiteSite
28284,31,12
timeStep,numberOfRobotsOnBlackSite,numberOfRobotsOnWhiteSite
28285,31,12
timeStep,numberOfRobotsOnBlackSite,numberOfRobotsOnWhiteSite
28286,31,12
timeStep,numberOfRobotsOnBlackSite,numberOfRobotsOnWhiteSite
28287,31,12
timeStep,numberOfRobotsOnBlackSite,numberOfRobotsOnWhiteSite
28288,31,12
timeStep,numberOfRobotsOnBlackSite,numberOfRobotsOnWhiteSite
28289,31,12
timeStep,numberOfRobotsOnBlackSite,numberOfRobotsOnWhiteSite
28290,31,13
timeStep,numberOfRobotsOnBlackSite,numberOfRobotsOnWhiteSite
28291,31,13
timeStep,numberOfRobotsOnBlackSite,numberOfRobotsOnWhiteSite
28292,31,13
timeStep,numberOfRobotsOnBlackSite,numberOfRobotsOnWhiteSite
28293,31,13
timeStep,numberOfRobotsOnBlackSite,numberOfRobotsOnWhiteSite
28294,31,13
timeStep,numberOfRobotsOnBlackSite,numberOfRobotsOnWhiteSite
28295,31,13
timeStep,numberOfRobotsOnBlackSite,numberOfRobotsOnWhiteSite
28296,31,13
timeStep,numberOfRobotsOnBlackSite,numberOfRobotsOnWhiteSite
28297,31,13
timeStep,numberOfRobotsOnBlackSite,numberOfRobotsOnWhiteSite
28298,31,13
timeStep,numberOfRobotsOnBlackSite,numberOfRobotsOnWhiteSite
28299,31,13
timeStep,numberOfRobotsOnBlackSite,numberOfRobotsOnWhiteSite
28300,31,13
timeStep,numberOfRobotsOnBlackSite,numberOfRobotsOnWhiteSite
28301,31,13
timeStep,numberOfRobotsOnBlackSite,numberOfRobotsOnWhiteSite
28302,31,13
timeStep,numberOfRobotsOnBlackSite,numberOfRobotsOnWhiteSite
28303,31,13
timeStep,numberOfRobotsOnBlackSite,numberOfRobotsOnWhiteSite
28304,31,13
timeStep,numberOfRobotsOnBlackSite,numberOfRobotsOnWhiteSite
28305,31,14
timeStep,numberOfRobotsOnBlackSite,numberOfRobotsOnWhiteSite
28306,31,14
timeStep,numberOfRobotsOnBlackSite,numberOfRobotsOnWhiteSite
28307,31,14
timeStep,numberOfRobotsOnBlackSite,numberOfRobotsOnWhiteSite
28308,31,14
timeStep,numberOfRobotsOnBlackSite,numberOfRobotsOnWhiteSite
28309,31,14
timeStep,numberOfRobotsOnBlackSite,numberOfRobotsOnWhiteSite
28310,31,14
timeStep,numberOfRobotsOnBlackSite,numberOfRobotsOnWhiteSite
28311,31,14
timeStep,numberOfRobotsOnBlackSite,numberOfRobotsOnWhiteSite
28312,31,14
timeStep,numberOfRobotsOnBlackSite,numberOfRobotsOnWhiteSite
28313,31,14
timeStep,numberOfRobotsOnBlackSite,numberOfRobotsOnWhiteSite
28314,31,14
timeStep,numberOfRobotsOnBlackSite,numberOfRobotsOnWhiteSite
28315,31,14
timeStep,numberOfRobotsOnBlackSite,numberOfRobotsOnWhiteSite
28316,31,14
timeStep,numberOfRobotsOnBlackSite,numberOfRobotsOnWhiteSite
28317,31,14
timeStep,numberOfRobotsOnBlackSite,numberOfRobotsOnWhiteSite
28318,31,14
timeStep,numberOfRobotsOnBlackSite,numberOfRobotsOnWhiteSite
28319,31,14
timeStep,numberOfRobotsOnBlackSite,numberOfRobotsOnWhiteSite
28320,31,14
timeStep,numberOfRobotsOnBlackSite,numberOfRobotsOnWhiteSite
28321,31,14
timeStep,numberOfRobotsOnBlackSite,numberOfRobotsOnWhiteSite
28322,31,14
timeStep,numberOfRobotsOnBlackSite,numberOfRobotsOnWhiteSite
28323,31,14
timeStep,numberOfRobotsOnBlackSite,numberOfRobotsOnWhiteSite
28324,31,14
timeStep,numberOfRobotsOnBlackSite,numberOfRobotsOnWhiteSite
28325,31,14
timeStep,numberOfRobotsOnBlackSite,numberOfRobotsOnWhiteSite
28326,31,14
timeStep,numberOfRobotsOnBlackSite,numberOfRobotsOnWhiteSite
28327,31,14
timeStep,numberOfRobotsOnBlackSite,numberOfRobotsOnWhiteSite
28328,31,14
timeStep,numberOfRobotsOnBlackSite,numberOfRobotsOnWhiteSite
28329,31,14
timeStep,numberOfRobotsOnBlackSite,numberOfRobotsOnWhiteSite
28330,31,14
timeStep,numberOfRobotsOnBlackSite,numberOfRobotsOnWhiteSite
28331,31,14
timeStep,numberOfRobotsOnBlackSite,numberOfRobotsOnWhiteSite
28332,31,14
timeStep,numberOfRobotsOnBlackSite,numberOfRobotsOnWhiteSite
28333,31,14
timeStep,numberOfRobotsOnBlackSite,numberOfRobotsOnWhiteSite
28334,31,14
timeStep,numberOfRobotsOnBlackSite,numberOfRobotsOnWhiteSite
28335,31,14
timeStep,numberOfRobotsOnBlackSite,numberOfRobotsOnWhiteSite
28336,31,14
timeStep,numberOfRobotsOnBlackSite,numberOfRobotsOnWhiteSite
28337,31,14
timeStep,numberOfRobotsOnBlackSite,numberOfRobotsOnWhiteSite
28338,31,14
timeStep,numberOfRobotsOnBlackSite,numberOfRobotsOnWhiteSite
28339,31,14
timeStep,numberOfRobotsOnBlackSite,numberOfRobotsOnWhiteSite
28340,31,14
timeStep,numberOfRobotsOnBlackSite,numberOfRobotsOnWhiteSite
28341,31,14
timeStep,numberOfRobotsOnBlackSite,numberOfRobotsOnWhiteSite
28342,31,14
timeStep,numberOfRobotsOnBlackSite,numberOfRobotsOnWhiteSite
28343,31,14
timeStep,numberOfRobotsOnBlackSite,numberOfRobotsOnWhiteSite
28344,31,14
timeStep,numberOfRobotsOnBlackSite,numberOfRobotsOnWhiteSite
28345,31,14
timeStep,numberOfRobotsOnBlackSite,numberOfRobotsOnWhiteSite
28346,31,14
timeStep,numberOfRobotsOnBlackSite,numberOfRobotsOnWhiteSite
28347,31,14
timeStep,numberOfRobotsOnBlackSite,numberOfRobotsOnWhiteSite
28348,31,14
timeStep,numberOfRobotsOnBlackSite,numberOfRobotsOnWhiteSite
28349,31,14
timeStep,numberOfRobotsOnBlackSite,numberOfRobotsOnWhiteSite
28350,31,14
timeStep,numberOfRobotsOnBlackSite,numberOfRobotsOnWhiteSite
28351,31,14
timeStep,numberOfRobotsOnBlackSite,numberOfRobotsOnWhiteSite
28352,31,14
timeStep,numberOfRobotsOnBlackSite,numberOfRobotsOnWhiteSite
28353,31,14
timeStep,numberOfRobotsOnBlackSite,numberOfRobotsOnWhiteSite
28354,31,14
timeStep,numberOfRobotsOnBlackSite,numberOfRobotsOnWhiteSite
28355,31,14
timeStep,numberOfRobotsOnBlackSite,numberOfRobotsOnWhiteSite
28356,31,14
timeStep,numberOfRobotsOnBlackSite,numberOfRobotsOnWhiteSite
28357,31,14
timeStep,numberOfRobotsOnBlackSite,numberOfRobotsOnWhiteSite
28358,31,14
timeStep,numberOfRobotsOnBlackSite,numberOfRobotsOnWhiteSite
28359,31,14
timeStep,numberOfRobotsOnBlackSite,numberOfRobotsOnWhiteSite
28360,31,14
timeStep,numberOfRobotsOnBlackSite,numberOfRobotsOnWhiteSite
28361,31,14
timeStep,numberOfRobotsOnBlackSite,numberOfRobotsOnWhiteSite
28362,31,14
timeStep,numberOfRobotsOnBlackSite,numberOfRobotsOnWhiteSite
28363,31,14
timeStep,numberOfRobotsOnBlackSite,numberOfRobotsOnWhiteSite
28364,31,14
timeStep,numberOfRobotsOnBlackSite,numberOfRobotsOnWhiteSite
28365,31,14
timeStep,numberOfRobotsOnBlackSite,numberOfRobotsOnWhiteSite
28366,31,14
timeStep,numberOfRobotsOnBlackSite,numberOfRobotsOnWhiteSite
28367,31,14
timeStep,numberOfRobotsOnBlackSite,numberOfRobotsOnWhiteSite
28368,31,14
timeStep,numberOfRobotsOnBlackSite,numberOfRobotsOnWhiteSite
28369,31,14
timeStep,numberOfRobotsOnBlackSite,numberOfRobotsOnWhiteSite
28370,31,14
timeStep,numberOfRobotsOnBlackSite,numberOfRobotsOnWhiteSite
28371,31,14
timeStep,numberOfRobotsOnBlackSite,numberOfRobotsOnWhiteSite
28372,31,14
timeStep,numberOfRobotsOnBlackSite,numberOfRobotsOnWhiteSite
28373,31,14
timeStep,numberOfRobotsOnBlackSite,numberOfRobotsOnWhiteSite
28374,31,14
timeStep,numberOfRobotsOnBlackSite,numberOfRobotsOnWhiteSite
28375,31,14
timeStep,numberOfRobotsOnBlackSite,numberOfRobotsOnWhiteSite
28376,31,14
timeStep,numberOfRobotsOnBlackSite,numberOfRobotsOnWhiteSite
28377,31,14
timeStep,numberOfRobotsOnBlackSite,numberOfRobotsOnWhiteSite
28378,31,14
timeStep,numberOfRobotsOnBlackSite,numberOfRobotsOnWhiteSite
28379,31,14
timeStep,numberOfRobotsOnBlackSite,numberOfRobotsOnWhiteSite
28380,31,14
timeStep,numberOfRobotsOnBlackSite,numberOfRobotsOnWhiteSite
28381,31,14
timeStep,numberOfRobotsOnBlackSite,numberOfRobotsOnWhiteSite
28382,31,14
timeStep,numberOfRobotsOnBlackSite,numberOfRobotsOnWhiteSite
28383,31,14
timeStep,numberOfRobotsOnBlackSite,numberOfRobotsOnWhiteSite
28384,31,14
timeStep,numberOfRobotsOnBlackSite,numberOfRobotsOnWhiteSite
28385,31,14
timeStep,numberOfRobotsOnBlackSite,numberOfRobotsOnWhiteSite
28386,31,14
timeStep,numberOfRobotsOnBlackSite,numberOfRobotsOnWhiteSite
28387,31,14
timeStep,numberOfRobotsOnBlackSite,numberOfRobotsOnWhiteSite
28388,31,14
timeStep,numberOfRobotsOnBlackSite,numberOfRobotsOnWhiteSite
28389,31,14
timeStep,numberOfRobotsOnBlackSite,numberOfRobotsOnWhiteSite
28390,31,14
timeStep,numberOfRobotsOnBlackSite,numberOfRobotsOnWhiteSite
28391,31,14
timeStep,numberOfRobotsOnBlackSite,numberOfRobotsOnWhiteSite
28392,31,14
timeStep,numberOfRobotsOnBlackSite,numberOfRobotsOnWhiteSite
28393,31,14
timeStep,numberOfRobotsOnBlackSite,numberOfRobotsOnWhiteSite
28394,31,14
timeStep,numberOfRobotsOnBlackSite,numberOfRobotsOnWhiteSite
28395,31,14
timeStep,numberOfRobotsOnBlackSite,numberOfRobotsOnWhiteSite
28396,31,14
timeStep,numberOfRobotsOnBlackSite,numberOfRobotsOnWhiteSite
28397,31,14
timeStep,numberOfRobotsOnBlackSite,numberOfRobotsOnWhiteSite
28398,31,14
timeStep,numberOfRobotsOnBlackSite,numberOfRobotsOnWhiteSite
28399,31,14
timeStep,numberOfRobotsOnBlackSite,numberOfRobotsOnWhiteSite
28400,31,14
timeStep,numberOfRobotsOnBlackSite,numberOfRobotsOnWhiteSite
28401,31,14
timeStep,numberOfRobotsOnBlackSite,numberOfRobotsOnWhiteSite
28402,31,14
timeStep,numberOfRobotsOnBlackSite,numberOfRobotsOnWhiteSite
28403,31,14
timeStep,numberOfRobotsOnBlackSite,numberOfRobotsOnWhiteSite
28404,31,14
timeStep,numberOfRobotsOnBlackSite,numberOfRobotsOnWhiteSite
28405,31,14
timeStep,numberOfRobotsOnBlackSite,numberOfRobotsOnWhiteSite
28406,31,14
timeStep,numberOfRobotsOnBlackSite,numberOfRobotsOnWhiteSite
28407,31,14
timeStep,numberOfRobotsOnBlackSite,numberOfRobotsOnWhiteSite
28408,31,14
timeStep,numberOfRobotsOnBlackSite,numberOfRobotsOnWhiteSite
28409,31,14
timeStep,numberOfRobotsOnBlackSite,numberOfRobotsOnWhiteSite
28410,31,14
timeStep,numberOfRobotsOnBlackSite,numberOfRobotsOnWhiteSite
28411,31,14
timeStep,numberOfRobotsOnBlackSite,numberOfRobotsOnWhiteSite
28412,31,14
timeStep,numberOfRobotsOnBlackSite,numberOfRobotsOnWhiteSite
28413,31,14
timeStep,numberOfRobotsOnBlackSite,numberOfRobotsOnWhiteSite
28414,31,14
timeStep,numberOfRobotsOnBlackSite,numberOfRobotsOnWhiteSite
28415,31,14
timeStep,numberOfRobotsOnBlackSite,numberOfRobotsOnWhiteSite
28416,31,14
timeStep,numberOfRobotsOnBlackSite,numberOfRobotsOnWhiteSite
28417,31,14
timeStep,numberOfRobotsOnBlackSite,numberOfRobotsOnWhiteSite
28418,31,14
timeStep,numberOfRobotsOnBlackSite,numberOfRobotsOnWhiteSite
28419,31,14
timeStep,numberOfRobotsOnBlackSite,numberOfRobotsOnWhiteSite
28420,31,14
timeStep,numberOfRobotsOnBlackSite,numberOfRobotsOnWhiteSite
28421,31,14
timeStep,numberOfRobotsOnBlackSite,numberOfRobotsOnWhiteSite
28422,31,14
timeStep,numberOfRobotsOnBlackSite,numberOfRobotsOnWhiteSite
28423,31,14
timeStep,numberOfRobotsOnBlackSite,numberOfRobotsOnWhiteSite
28424,31,14
timeStep,numberOfRobotsOnBlackSite,numberOfRobotsOnWhiteSite
28425,31,14
timeStep,numberOfRobotsOnBlackSite,numberOfRobotsOnWhiteSite
28426,31,14
timeStep,numberOfRobotsOnBlackSite,numberOfRobotsOnWhiteSite
28427,31,14
timeStep,numberOfRobotsOnBlackSite,numberOfRobotsOnWhiteSite
28428,31,14
timeStep,numberOfRobotsOnBlackSite,numberOfRobotsOnWhiteSite
28429,31,14
timeStep,numberOfRobotsOnBlackSite,numberOfRobotsOnWhiteSite
28430,31,14
timeStep,numberOfRobotsOnBlackSite,numberOfRobotsOnWhiteSite
28431,31,14
timeStep,numberOfRobotsOnBlackSite,numberOfRobotsOnWhiteSite
28432,31,14
timeStep,numberOfRobotsOnBlackSite,numberOfRobotsOnWhiteSite
28433,31,14
timeStep,numberOfRobotsOnBlackSite,numberOfRobotsOnWhiteSite
28434,31,14
timeStep,numberOfRobotsOnBlackSite,numberOfRobotsOnWhiteSite
28435,31,15
timeStep,numberOfRobotsOnBlackSite,numberOfRobotsOnWhiteSite
28436,31,15
timeStep,numberOfRobotsOnBlackSite,numberOfRobotsOnWhiteSite
28437,31,15
timeStep,numberOfRobotsOnBlackSite,numberOfRobotsOnWhiteSite
28438,31,15
timeStep,numberOfRobotsOnBlackSite,numberOfRobotsOnWhiteSite
28439,31,15
timeStep,numberOfRobotsOnBlackSite,numberOfRobotsOnWhiteSite
28440,31,15
timeStep,numberOfRobotsOnBlackSite,numberOfRobotsOnWhiteSite
28441,31,15
timeStep,numberOfRobotsOnBlackSite,numberOfRobotsOnWhiteSite
28442,31,15
timeStep,numberOfRobotsOnBlackSite,numberOfRobotsOnWhiteSite
28443,31,15
timeStep,numberOfRobotsOnBlackSite,numberOfRobotsOnWhiteSite
28444,31,15
timeStep,numberOfRobotsOnBlackSite,numberOfRobotsOnWhiteSite
28445,31,15
timeStep,numberOfRobotsOnBlackSite,numberOfRobotsOnWhiteSite
28446,31,15
timeStep,numberOfRobotsOnBlackSite,numberOfRobotsOnWhiteSite
28447,31,15
timeStep,numberOfRobotsOnBlackSite,numberOfRobotsOnWhiteSite
28448,31,15
timeStep,numberOfRobotsOnBlackSite,numberOfRobotsOnWhiteSite
28449,31,15
timeStep,numberOfRobotsOnBlackSite,numberOfRobotsOnWhiteSite
28450,31,15
timeStep,numberOfRobotsOnBlackSite,numberOfRobotsOnWhiteSite
28451,31,15
timeStep,numberOfRobotsOnBlackSite,numberOfRobotsOnWhiteSite
28452,31,15
timeStep,numberOfRobotsOnBlackSite,numberOfRobotsOnWhiteSite
28453,31,15
timeStep,numberOfRobotsOnBlackSite,numberOfRobotsOnWhiteSite
28454,31,15
timeStep,numberOfRobotsOnBlackSite,numberOfRobotsOnWhiteSite
28455,31,15
timeStep,numberOfRobotsOnBlackSite,numberOfRobotsOnWhiteSite
28456,31,15
timeStep,numberOfRobotsOnBlackSite,numberOfRobotsOnWhiteSite
28457,31,15
timeStep,numberOfRobotsOnBlackSite,numberOfRobotsOnWhiteSite
28458,31,15
timeStep,numberOfRobotsOnBlackSite,numberOfRobotsOnWhiteSite
28459,31,15
timeStep,numberOfRobotsOnBlackSite,numberOfRobotsOnWhiteSite
28460,31,15
timeStep,numberOfRobotsOnBlackSite,numberOfRobotsOnWhiteSite
28461,31,15
timeStep,numberOfRobotsOnBlackSite,numberOfRobotsOnWhiteSite
28462,31,15
timeStep,numberOfRobotsOnBlackSite,numberOfRobotsOnWhiteSite
28463,31,15
timeStep,numberOfRobotsOnBlackSite,numberOfRobotsOnWhiteSite
28464,31,15
timeStep,numberOfRobotsOnBlackSite,numberOfRobotsOnWhiteSite
28465,31,15
timeStep,numberOfRobotsOnBlackSite,numberOfRobotsOnWhiteSite
28466,31,15
timeStep,numberOfRobotsOnBlackSite,numberOfRobotsOnWhiteSite
28467,31,15
timeStep,numberOfRobotsOnBlackSite,numberOfRobotsOnWhiteSite
28468,31,15
timeStep,numberOfRobotsOnBlackSite,numberOfRobotsOnWhiteSite
28469,31,15
timeStep,numberOfRobotsOnBlackSite,numberOfRobotsOnWhiteSite
28470,31,15
timeStep,numberOfRobotsOnBlackSite,numberOfRobotsOnWhiteSite
28471,31,15
timeStep,numberOfRobotsOnBlackSite,numberOfRobotsOnWhiteSite
28472,31,15
timeStep,numberOfRobotsOnBlackSite,numberOfRobotsOnWhiteSite
28473,31,15
timeStep,numberOfRobotsOnBlackSite,numberOfRobotsOnWhiteSite
28474,31,15
timeStep,numberOfRobotsOnBlackSite,numberOfRobotsOnWhiteSite
28475,31,15
timeStep,numberOfRobotsOnBlackSite,numberOfRobotsOnWhiteSite
28476,31,15
timeStep,numberOfRobotsOnBlackSite,numberOfRobotsOnWhiteSite
28477,31,15
timeStep,numberOfRobotsOnBlackSite,numberOfRobotsOnWhiteSite
28478,31,15
timeStep,numberOfRobotsOnBlackSite,numberOfRobotsOnWhiteSite
28479,31,15
timeStep,numberOfRobotsOnBlackSite,numberOfRobotsOnWhiteSite
28480,31,15
timeStep,numberOfRobotsOnBlackSite,numberOfRobotsOnWhiteSite
28481,31,15
timeStep,numberOfRobotsOnBlackSite,numberOfRobotsOnWhiteSite
28482,31,15
timeStep,numberOfRobotsOnBlackSite,numberOfRobotsOnWhiteSite
28483,31,15
timeStep,numberOfRobotsOnBlackSite,numberOfRobotsOnWhiteSite
28484,31,15
timeStep,numberOfRobotsOnBlackSite,numberOfRobotsOnWhiteSite
28485,31,15
timeStep,numberOfRobotsOnBlackSite,numberOfRobotsOnWhiteSite
28486,31,15
timeStep,numberOfRobotsOnBlackSite,numberOfRobotsOnWhiteSite
28487,31,15
timeStep,numberOfRobotsOnBlackSite,numberOfRobotsOnWhiteSite
28488,31,15
timeStep,numberOfRobotsOnBlackSite,numberOfRobotsOnWhiteSite
28489,31,15
timeStep,numberOfRobotsOnBlackSite,numberOfRobotsOnWhiteSite
28490,31,15
timeStep,numberOfRobotsOnBlackSite,numberOfRobotsOnWhiteSite
28491,31,15
timeStep,numberOfRobotsOnBlackSite,numberOfRobotsOnWhiteSite
28492,31,15
timeStep,numberOfRobotsOnBlackSite,numberOfRobotsOnWhiteSite
28493,31,15
timeStep,numberOfRobotsOnBlackSite,numberOfRobotsOnWhiteSite
28494,31,15
timeStep,numberOfRobotsOnBlackSite,numberOfRobotsOnWhiteSite
28495,31,15
timeStep,numberOfRobotsOnBlackSite,numberOfRobotsOnWhiteSite
28496,31,15
timeStep,numberOfRobotsOnBlackSite,numberOfRobotsOnWhiteSite
28497,31,15
timeStep,numberOfRobotsOnBlackSite,numberOfRobotsOnWhiteSite
28498,31,15
timeStep,numberOfRobotsOnBlackSite,numberOfRobotsOnWhiteSite
28499,31,15
timeStep,numberOfRobotsOnBlackSite,numberOfRobotsOnWhiteSite
28500,31,15
timeStep,numberOfRobotsOnBlackSite,numberOfRobotsOnWhiteSite
28501,31,15
timeStep,numberOfRobotsOnBlackSite,numberOfRobotsOnWhiteSite
28502,31,15
timeStep,numberOfRobotsOnBlackSite,numberOfRobotsOnWhiteSite
28503,31,15
timeStep,numberOfRobotsOnBlackSite,numberOfRobotsOnWhiteSite
28504,31,15
timeStep,numberOfRobotsOnBlackSite,numberOfRobotsOnWhiteSite
28505,31,15
timeStep,numberOfRobotsOnBlackSite,numberOfRobotsOnWhiteSite
28506,31,15
timeStep,numberOfRobotsOnBlackSite,numberOfRobotsOnWhiteSite
28507,31,15
timeStep,numberOfRobotsOnBlackSite,numberOfRobotsOnWhiteSite
28508,31,15
timeStep,numberOfRobotsOnBlackSite,numberOfRobotsOnWhiteSite
28509,31,15
timeStep,numberOfRobotsOnBlackSite,numberOfRobotsOnWhiteSite
28510,31,14
timeStep,numberOfRobotsOnBlackSite,numberOfRobotsOnWhiteSite
28511,31,14
timeStep,numberOfRobotsOnBlackSite,numberOfRobotsOnWhiteSite
28512,31,14
timeStep,numberOfRobotsOnBlackSite,numberOfRobotsOnWhiteSite
28513,31,14
timeStep,numberOfRobotsOnBlackSite,numberOfRobotsOnWhiteSite
28514,31,14
timeStep,numberOfRobotsOnBlackSite,numberOfRobotsOnWhiteSite
28515,31,14
timeStep,numberOfRobotsOnBlackSite,numberOfRobotsOnWhiteSite
28516,31,14
timeStep,numberOfRobotsOnBlackSite,numberOfRobotsOnWhiteSite
28517,31,14
timeStep,numberOfRobotsOnBlackSite,numberOfRobotsOnWhiteSite
28518,31,14
timeStep,numberOfRobotsOnBlackSite,numberOfRobotsOnWhiteSite
28519,31,14
timeStep,numberOfRobotsOnBlackSite,numberOfRobotsOnWhiteSite
28520,31,14
timeStep,numberOfRobotsOnBlackSite,numberOfRobotsOnWhiteSite
28521,31,14
timeStep,numberOfRobotsOnBlackSite,numberOfRobotsOnWhiteSite
28522,31,14
timeStep,numberOfRobotsOnBlackSite,numberOfRobotsOnWhiteSite
28523,31,14
timeStep,numberOfRobotsOnBlackSite,numberOfRobotsOnWhiteSite
28524,31,14
timeStep,numberOfRobotsOnBlackSite,numberOfRobotsOnWhiteSite
28525,31,13
timeStep,numberOfRobotsOnBlackSite,numberOfRobotsOnWhiteSite
28526,31,13
timeStep,numberOfRobotsOnBlackSite,numberOfRobotsOnWhiteSite
28527,31,13
timeStep,numberOfRobotsOnBlackSite,numberOfRobotsOnWhiteSite
28528,31,13
timeStep,numberOfRobotsOnBlackSite,numberOfRobotsOnWhiteSite
28529,31,13
timeStep,numberOfRobotsOnBlackSite,numberOfRobotsOnWhiteSite
28530,31,13
timeStep,numberOfRobotsOnBlackSite,numberOfRobotsOnWhiteSite
28531,31,13
timeStep,numberOfRobotsOnBlackSite,numberOfRobotsOnWhiteSite
28532,31,13
timeStep,numberOfRobotsOnBlackSite,numberOfRobotsOnWhiteSite
28533,31,13
timeStep,numberOfRobotsOnBlackSite,numberOfRobotsOnWhiteSite
28534,31,13
timeStep,numberOfRobotsOnBlackSite,numberOfRobotsOnWhiteSite
28535,31,13
timeStep,numberOfRobotsOnBlackSite,numberOfRobotsOnWhiteSite
28536,31,13
timeStep,numberOfRobotsOnBlackSite,numberOfRobotsOnWhiteSite
28537,31,13
timeStep,numberOfRobotsOnBlackSite,numberOfRobotsOnWhiteSite
28538,31,13
timeStep,numberOfRobotsOnBlackSite,numberOfRobotsOnWhiteSite
28539,31,13
timeStep,numberOfRobotsOnBlackSite,numberOfRobotsOnWhiteSite
28540,31,13
timeStep,numberOfRobotsOnBlackSite,numberOfRobotsOnWhiteSite
28541,31,13
timeStep,numberOfRobotsOnBlackSite,numberOfRobotsOnWhiteSite
28542,31,13
timeStep,numberOfRobotsOnBlackSite,numberOfRobotsOnWhiteSite
28543,31,13
timeStep,numberOfRobotsOnBlackSite,numberOfRobotsOnWhiteSite
28544,31,13
timeStep,numberOfRobotsOnBlackSite,numberOfRobotsOnWhiteSite
28545,30,13
timeStep,numberOfRobotsOnBlackSite,numberOfRobotsOnWhiteSite
28546,30,13
timeStep,numberOfRobotsOnBlackSite,numberOfRobotsOnWhiteSite
28547,30,13
timeStep,numberOfRobotsOnBlackSite,numberOfRobotsOnWhiteSite
28548,30,13
timeStep,numberOfRobotsOnBlackSite,numberOfRobotsOnWhiteSite
28549,30,13
timeStep,numberOfRobotsOnBlackSite,numberOfRobotsOnWhiteSite
28550,30,14
timeStep,numberOfRobotsOnBlackSite,numberOfRobotsOnWhiteSite
28551,30,14
timeStep,numberOfRobotsOnBlackSite,numberOfRobotsOnWhiteSite
28552,30,14
timeStep,numberOfRobotsOnBlackSite,numberOfRobotsOnWhiteSite
28553,30,14
timeStep,numberOfRobotsOnBlackSite,numberOfRobotsOnWhiteSite
28554,30,14
timeStep,numberOfRobotsOnBlackSite,numberOfRobotsOnWhiteSite
28555,30,14
timeStep,numberOfRobotsOnBlackSite,numberOfRobotsOnWhiteSite
28556,30,14
timeStep,numberOfRobotsOnBlackSite,numberOfRobotsOnWhiteSite
28557,30,14
timeStep,numberOfRobotsOnBlackSite,numberOfRobotsOnWhiteSite
28558,30,14
timeStep,numberOfRobotsOnBlackSite,numberOfRobotsOnWhiteSite
28559,30,14
timeStep,numberOfRobotsOnBlackSite,numberOfRobotsOnWhiteSite
28560,30,13
timeStep,numberOfRobotsOnBlackSite,numberOfRobotsOnWhiteSite
28561,30,13
timeStep,numberOfRobotsOnBlackSite,numberOfRobotsOnWhiteSite
28562,30,13
timeStep,numberOfRobotsOnBlackSite,numberOfRobotsOnWhiteSite
28563,30,13
timeStep,numberOfRobotsOnBlackSite,numberOfRobotsOnWhiteSite
28564,30,13
timeStep,numberOfRobotsOnBlackSite,numberOfRobotsOnWhiteSite
28565,30,13
timeStep,numberOfRobotsOnBlackSite,numberOfRobotsOnWhiteSite
28566,30,13
timeStep,numberOfRobotsOnBlackSite,numberOfRobotsOnWhiteSite
28567,30,13
timeStep,numberOfRobotsOnBlackSite,numberOfRobotsOnWhiteSite
28568,30,13
timeStep,numberOfRobotsOnBlackSite,numberOfRobotsOnWhiteSite
28569,30,13
timeStep,numberOfRobotsOnBlackSite,numberOfRobotsOnWhiteSite
28570,30,15
timeStep,numberOfRobotsOnBlackSite,numberOfRobotsOnWhiteSite
28571,30,15
timeStep,numberOfRobotsOnBlackSite,numberOfRobotsOnWhiteSite
28572,30,15
timeStep,numberOfRobotsOnBlackSite,numberOfRobotsOnWhiteSite
28573,30,15
timeStep,numberOfRobotsOnBlackSite,numberOfRobotsOnWhiteSite
28574,30,15
timeStep,numberOfRobotsOnBlackSite,numberOfRobotsOnWhiteSite
28575,30,15
timeStep,numberOfRobotsOnBlackSite,numberOfRobotsOnWhiteSite
28576,30,15
timeStep,numberOfRobotsOnBlackSite,numberOfRobotsOnWhiteSite
28577,30,15
timeStep,numberOfRobotsOnBlackSite,numberOfRobotsOnWhiteSite
28578,30,15
timeStep,numberOfRobotsOnBlackSite,numberOfRobotsOnWhiteSite
28579,30,15
timeStep,numberOfRobotsOnBlackSite,numberOfRobotsOnWhiteSite
28580,31,15
timeStep,numberOfRobotsOnBlackSite,numberOfRobotsOnWhiteSite
28581,31,15
timeStep,numberOfRobotsOnBlackSite,numberOfRobotsOnWhiteSite
28582,31,15
timeStep,numberOfRobotsOnBlackSite,numberOfRobotsOnWhiteSite
28583,31,15
timeStep,numberOfRobotsOnBlackSite,numberOfRobotsOnWhiteSite
28584,31,15
timeStep,numberOfRobotsOnBlackSite,numberOfRobotsOnWhiteSite
28585,31,15
timeStep,numberOfRobotsOnBlackSite,numberOfRobotsOnWhiteSite
28586,31,15
timeStep,numberOfRobotsOnBlackSite,numberOfRobotsOnWhiteSite
28587,31,15
timeStep,numberOfRobotsOnBlackSite,numberOfRobotsOnWhiteSite
28588,31,15
timeStep,numberOfRobotsOnBlackSite,numberOfRobotsOnWhiteSite
28589,31,15
timeStep,numberOfRobotsOnBlackSite,numberOfRobotsOnWhiteSite
28590,31,15
timeStep,numberOfRobotsOnBlackSite,numberOfRobotsOnWhiteSite
28591,31,15
timeStep,numberOfRobotsOnBlackSite,numberOfRobotsOnWhiteSite
28592,31,15
timeStep,numberOfRobotsOnBlackSite,numberOfRobotsOnWhiteSite
28593,31,15
timeStep,numberOfRobotsOnBlackSite,numberOfRobotsOnWhiteSite
28594,31,15
timeStep,numberOfRobotsOnBlackSite,numberOfRobotsOnWhiteSite
28595,31,15
timeStep,numberOfRobotsOnBlackSite,numberOfRobotsOnWhiteSite
28596,31,15
timeStep,numberOfRobotsOnBlackSite,numberOfRobotsOnWhiteSite
28597,31,15
timeStep,numberOfRobotsOnBlackSite,numberOfRobotsOnWhiteSite
28598,31,15
timeStep,numberOfRobotsOnBlackSite,numberOfRobotsOnWhiteSite
28599,31,15
timeStep,numberOfRobotsOnBlackSite,numberOfRobotsOnWhiteSite
28600,31,15
timeStep,numberOfRobotsOnBlackSite,numberOfRobotsOnWhiteSite
28601,31,15
timeStep,numberOfRobotsOnBlackSite,numberOfRobotsOnWhiteSite
28602,31,15
timeStep,numberOfRobotsOnBlackSite,numberOfRobotsOnWhiteSite
28603,31,15
timeStep,numberOfRobotsOnBlackSite,numberOfRobotsOnWhiteSite
28604,31,15
timeStep,numberOfRobotsOnBlackSite,numberOfRobotsOnWhiteSite
28605,31,15
timeStep,numberOfRobotsOnBlackSite,numberOfRobotsOnWhiteSite
28606,31,15
timeStep,numberOfRobotsOnBlackSite,numberOfRobotsOnWhiteSite
28607,31,15
timeStep,numberOfRobotsOnBlackSite,numberOfRobotsOnWhiteSite
28608,31,15
timeStep,numberOfRobotsOnBlackSite,numberOfRobotsOnWhiteSite
28609,31,15
timeStep,numberOfRobotsOnBlackSite,numberOfRobotsOnWhiteSite
28610,31,15
timeStep,numberOfRobotsOnBlackSite,numberOfRobotsOnWhiteSite
28611,31,15
timeStep,numberOfRobotsOnBlackSite,numberOfRobotsOnWhiteSite
28612,31,15
timeStep,numberOfRobotsOnBlackSite,numberOfRobotsOnWhiteSite
28613,31,15
timeStep,numberOfRobotsOnBlackSite,numberOfRobotsOnWhiteSite
28614,31,15
timeStep,numberOfRobotsOnBlackSite,numberOfRobotsOnWhiteSite
28615,31,15
timeStep,numberOfRobotsOnBlackSite,numberOfRobotsOnWhiteSite
28616,31,15
timeStep,numberOfRobotsOnBlackSite,numberOfRobotsOnWhiteSite
28617,31,15
timeStep,numberOfRobotsOnBlackSite,numberOfRobotsOnWhiteSite
28618,31,15
timeStep,numberOfRobotsOnBlackSite,numberOfRobotsOnWhiteSite
28619,31,15
timeStep,numberOfRobotsOnBlackSite,numberOfRobotsOnWhiteSite
28620,31,15
timeStep,numberOfRobotsOnBlackSite,numberOfRobotsOnWhiteSite
28621,31,15
timeStep,numberOfRobotsOnBlackSite,numberOfRobotsOnWhiteSite
28622,31,15
timeStep,numberOfRobotsOnBlackSite,numberOfRobotsOnWhiteSite
28623,31,15
timeStep,numberOfRobotsOnBlackSite,numberOfRobotsOnWhiteSite
28624,31,15
timeStep,numberOfRobotsOnBlackSite,numberOfRobotsOnWhiteSite
28625,31,15
timeStep,numberOfRobotsOnBlackSite,numberOfRobotsOnWhiteSite
28626,31,15
timeStep,numberOfRobotsOnBlackSite,numberOfRobotsOnWhiteSite
28627,31,15
timeStep,numberOfRobotsOnBlackSite,numberOfRobotsOnWhiteSite
28628,31,15
timeStep,numberOfRobotsOnBlackSite,numberOfRobotsOnWhiteSite
28629,31,15
timeStep,numberOfRobotsOnBlackSite,numberOfRobotsOnWhiteSite
28630,31,15
timeStep,numberOfRobotsOnBlackSite,numberOfRobotsOnWhiteSite
28631,31,15
timeStep,numberOfRobotsOnBlackSite,numberOfRobotsOnWhiteSite
28632,31,15
timeStep,numberOfRobotsOnBlackSite,numberOfRobotsOnWhiteSite
28633,31,15
timeStep,numberOfRobotsOnBlackSite,numberOfRobotsOnWhiteSite
28634,31,15
timeStep,numberOfRobotsOnBlackSite,numberOfRobotsOnWhiteSite
28635,31,15
timeStep,numberOfRobotsOnBlackSite,numberOfRobotsOnWhiteSite
28636,31,15
timeStep,numberOfRobotsOnBlackSite,numberOfRobotsOnWhiteSite
28637,31,15
timeStep,numberOfRobotsOnBlackSite,numberOfRobotsOnWhiteSite
28638,31,15
timeStep,numberOfRobotsOnBlackSite,numberOfRobotsOnWhiteSite
28639,31,15
timeStep,numberOfRobotsOnBlackSite,numberOfRobotsOnWhiteSite
28640,31,16
timeStep,numberOfRobotsOnBlackSite,numberOfRobotsOnWhiteSite
28641,31,16
timeStep,numberOfRobotsOnBlackSite,numberOfRobotsOnWhiteSite
28642,31,16
timeStep,numberOfRobotsOnBlackSite,numberOfRobotsOnWhiteSite
28643,31,16
timeStep,numberOfRobotsOnBlackSite,numberOfRobotsOnWhiteSite
28644,31,16
timeStep,numberOfRobotsOnBlackSite,numberOfRobotsOnWhiteSite
28645,31,16
timeStep,numberOfRobotsOnBlackSite,numberOfRobotsOnWhiteSite
28646,31,16
timeStep,numberOfRobotsOnBlackSite,numberOfRobotsOnWhiteSite
28647,31,16
timeStep,numberOfRobotsOnBlackSite,numberOfRobotsOnWhiteSite
28648,31,16
timeStep,numberOfRobotsOnBlackSite,numberOfRobotsOnWhiteSite
28649,31,16
timeStep,numberOfRobotsOnBlackSite,numberOfRobotsOnWhiteSite
28650,31,16
timeStep,numberOfRobotsOnBlackSite,numberOfRobotsOnWhiteSite
28651,31,16
timeStep,numberOfRobotsOnBlackSite,numberOfRobotsOnWhiteSite
28652,31,16
timeStep,numberOfRobotsOnBlackSite,numberOfRobotsOnWhiteSite
28653,31,16
timeStep,numberOfRobotsOnBlackSite,numberOfRobotsOnWhiteSite
28654,31,16
timeStep,numberOfRobotsOnBlackSite,numberOfRobotsOnWhiteSite
28655,31,15
timeStep,numberOfRobotsOnBlackSite,numberOfRobotsOnWhiteSite
28656,31,15
timeStep,numberOfRobotsOnBlackSite,numberOfRobotsOnWhiteSite
28657,31,15
timeStep,numberOfRobotsOnBlackSite,numberOfRobotsOnWhiteSite
28658,31,15
timeStep,numberOfRobotsOnBlackSite,numberOfRobotsOnWhiteSite
28659,31,15
timeStep,numberOfRobotsOnBlackSite,numberOfRobotsOnWhiteSite
28660,31,15
timeStep,numberOfRobotsOnBlackSite,numberOfRobotsOnWhiteSite
28661,31,15
timeStep,numberOfRobotsOnBlackSite,numberOfRobotsOnWhiteSite
28662,31,15
timeStep,numberOfRobotsOnBlackSite,numberOfRobotsOnWhiteSite
28663,31,15
timeStep,numberOfRobotsOnBlackSite,numberOfRobotsOnWhiteSite
28664,31,15
timeStep,numberOfRobotsOnBlackSite,numberOfRobotsOnWhiteSite
28665,30,15
timeStep,numberOfRobotsOnBlackSite,numberOfRobotsOnWhiteSite
28666,30,15
timeStep,numberOfRobotsOnBlackSite,numberOfRobotsOnWhiteSite
28667,30,15
timeStep,numberOfRobotsOnBlackSite,numberOfRobotsOnWhiteSite
28668,30,15
timeStep,numberOfRobotsOnBlackSite,numberOfRobotsOnWhiteSite
28669,30,15
timeStep,numberOfRobotsOnBlackSite,numberOfRobotsOnWhiteSite
28670,30,15
timeStep,numberOfRobotsOnBlackSite,numberOfRobotsOnWhiteSite
28671,30,15
timeStep,numberOfRobotsOnBlackSite,numberOfRobotsOnWhiteSite
28672,30,15
timeStep,numberOfRobotsOnBlackSite,numberOfRobotsOnWhiteSite
28673,30,15
timeStep,numberOfRobotsOnBlackSite,numberOfRobotsOnWhiteSite
28674,30,15
timeStep,numberOfRobotsOnBlackSite,numberOfRobotsOnWhiteSite
28675,30,15
timeStep,numberOfRobotsOnBlackSite,numberOfRobotsOnWhiteSite
28676,30,15
timeStep,numberOfRobotsOnBlackSite,numberOfRobotsOnWhiteSite
28677,30,15
timeStep,numberOfRobotsOnBlackSite,numberOfRobotsOnWhiteSite
28678,30,15
timeStep,numberOfRobotsOnBlackSite,numberOfRobotsOnWhiteSite
28679,30,15
timeStep,numberOfRobotsOnBlackSite,numberOfRobotsOnWhiteSite
28680,30,15
timeStep,numberOfRobotsOnBlackSite,numberOfRobotsOnWhiteSite
28681,30,15
timeStep,numberOfRobotsOnBlackSite,numberOfRobotsOnWhiteSite
28682,30,15
timeStep,numberOfRobotsOnBlackSite,numberOfRobotsOnWhiteSite
28683,30,15
timeStep,numberOfRobotsOnBlackSite,numberOfRobotsOnWhiteSite
28684,30,15
timeStep,numberOfRobotsOnBlackSite,numberOfRobotsOnWhiteSite
28685,30,15
timeStep,numberOfRobotsOnBlackSite,numberOfRobotsOnWhiteSite
28686,30,15
timeStep,numberOfRobotsOnBlackSite,numberOfRobotsOnWhiteSite
28687,30,15
timeStep,numberOfRobotsOnBlackSite,numberOfRobotsOnWhiteSite
28688,30,15
timeStep,numberOfRobotsOnBlackSite,numberOfRobotsOnWhiteSite
28689,30,15
timeStep,numberOfRobotsOnBlackSite,numberOfRobotsOnWhiteSite
28690,30,15
timeStep,numberOfRobotsOnBlackSite,numberOfRobotsOnWhiteSite
28691,30,15
timeStep,numberOfRobotsOnBlackSite,numberOfRobotsOnWhiteSite
28692,30,15
timeStep,numberOfRobotsOnBlackSite,numberOfRobotsOnWhiteSite
28693,30,15
timeStep,numberOfRobotsOnBlackSite,numberOfRobotsOnWhiteSite
28694,30,15
timeStep,numberOfRobotsOnBlackSite,numberOfRobotsOnWhiteSite
28695,30,15
timeStep,numberOfRobotsOnBlackSite,numberOfRobotsOnWhiteSite
28696,30,15
timeStep,numberOfRobotsOnBlackSite,numberOfRobotsOnWhiteSite
28697,30,15
timeStep,numberOfRobotsOnBlackSite,numberOfRobotsOnWhiteSite
28698,30,15
timeStep,numberOfRobotsOnBlackSite,numberOfRobotsOnWhiteSite
28699,30,15
timeStep,numberOfRobotsOnBlackSite,numberOfRobotsOnWhiteSite
28700,30,15
timeStep,numberOfRobotsOnBlackSite,numberOfRobotsOnWhiteSite
28701,30,15
timeStep,numberOfRobotsOnBlackSite,numberOfRobotsOnWhiteSite
28702,30,15
timeStep,numberOfRobotsOnBlackSite,numberOfRobotsOnWhiteSite
28703,30,15
timeStep,numberOfRobotsOnBlackSite,numberOfRobotsOnWhiteSite
28704,30,15
timeStep,numberOfRobotsOnBlackSite,numberOfRobotsOnWhiteSite
28705,30,15
timeStep,numberOfRobotsOnBlackSite,numberOfRobotsOnWhiteSite
28706,30,15
timeStep,numberOfRobotsOnBlackSite,numberOfRobotsOnWhiteSite
28707,30,15
timeStep,numberOfRobotsOnBlackSite,numberOfRobotsOnWhiteSite
28708,30,15
timeStep,numberOfRobotsOnBlackSite,numberOfRobotsOnWhiteSite
28709,30,15
timeStep,numberOfRobotsOnBlackSite,numberOfRobotsOnWhiteSite
28710,30,15
timeStep,numberOfRobotsOnBlackSite,numberOfRobotsOnWhiteSite
28711,30,15
timeStep,numberOfRobotsOnBlackSite,numberOfRobotsOnWhiteSite
28712,30,15
timeStep,numberOfRobotsOnBlackSite,numberOfRobotsOnWhiteSite
28713,30,15
timeStep,numberOfRobotsOnBlackSite,numberOfRobotsOnWhiteSite
28714,30,15
timeStep,numberOfRobotsOnBlackSite,numberOfRobotsOnWhiteSite
28715,30,15
timeStep,numberOfRobotsOnBlackSite,numberOfRobotsOnWhiteSite
28716,30,15
timeStep,numberOfRobotsOnBlackSite,numberOfRobotsOnWhiteSite
28717,30,15
timeStep,numberOfRobotsOnBlackSite,numberOfRobotsOnWhiteSite
28718,30,15
timeStep,numberOfRobotsOnBlackSite,numberOfRobotsOnWhiteSite
28719,30,15
timeStep,numberOfRobotsOnBlackSite,numberOfRobotsOnWhiteSite
28720,30,15
timeStep,numberOfRobotsOnBlackSite,numberOfRobotsOnWhiteSite
28721,30,15
timeStep,numberOfRobotsOnBlackSite,numberOfRobotsOnWhiteSite
28722,30,15
timeStep,numberOfRobotsOnBlackSite,numberOfRobotsOnWhiteSite
28723,30,15
timeStep,numberOfRobotsOnBlackSite,numberOfRobotsOnWhiteSite
28724,30,15
timeStep,numberOfRobotsOnBlackSite,numberOfRobotsOnWhiteSite
28725,30,16
timeStep,numberOfRobotsOnBlackSite,numberOfRobotsOnWhiteSite
28726,30,16
timeStep,numberOfRobotsOnBlackSite,numberOfRobotsOnWhiteSite
28727,30,16
timeStep,numberOfRobotsOnBlackSite,numberOfRobotsOnWhiteSite
28728,30,16
timeStep,numberOfRobotsOnBlackSite,numberOfRobotsOnWhiteSite
28729,30,16
timeStep,numberOfRobotsOnBlackSite,numberOfRobotsOnWhiteSite
28730,30,15
timeStep,numberOfRobotsOnBlackSite,numberOfRobotsOnWhiteSite
28731,30,15
timeStep,numberOfRobotsOnBlackSite,numberOfRobotsOnWhiteSite
28732,30,15
timeStep,numberOfRobotsOnBlackSite,numberOfRobotsOnWhiteSite
28733,30,15
timeStep,numberOfRobotsOnBlackSite,numberOfRobotsOnWhiteSite
28734,30,15
timeStep,numberOfRobotsOnBlackSite,numberOfRobotsOnWhiteSite
28735,30,15
timeStep,numberOfRobotsOnBlackSite,numberOfRobotsOnWhiteSite
28736,30,15
timeStep,numberOfRobotsOnBlackSite,numberOfRobotsOnWhiteSite
28737,30,15
timeStep,numberOfRobotsOnBlackSite,numberOfRobotsOnWhiteSite
28738,30,15
timeStep,numberOfRobotsOnBlackSite,numberOfRobotsOnWhiteSite
28739,30,15
timeStep,numberOfRobotsOnBlackSite,numberOfRobotsOnWhiteSite
28740,30,15
timeStep,numberOfRobotsOnBlackSite,numberOfRobotsOnWhiteSite
28741,30,15
timeStep,numberOfRobotsOnBlackSite,numberOfRobotsOnWhiteSite
28742,30,15
timeStep,numberOfRobotsOnBlackSite,numberOfRobotsOnWhiteSite
28743,30,15
timeStep,numberOfRobotsOnBlackSite,numberOfRobotsOnWhiteSite
28744,30,15
timeStep,numberOfRobotsOnBlackSite,numberOfRobotsOnWhiteSite
28745,29,15
timeStep,numberOfRobotsOnBlackSite,numberOfRobotsOnWhiteSite
28746,29,15
timeStep,numberOfRobotsOnBlackSite,numberOfRobotsOnWhiteSite
28747,29,15
timeStep,numberOfRobotsOnBlackSite,numberOfRobotsOnWhiteSite
28748,29,15
timeStep,numberOfRobotsOnBlackSite,numberOfRobotsOnWhiteSite
28749,29,15
timeStep,numberOfRobotsOnBlackSite,numberOfRobotsOnWhiteSite
28750,29,15
timeStep,numberOfRobotsOnBlackSite,numberOfRobotsOnWhiteSite
28751,29,15
timeStep,numberOfRobotsOnBlackSite,numberOfRobotsOnWhiteSite
28752,29,15
timeStep,numberOfRobotsOnBlackSite,numberOfRobotsOnWhiteSite
28753,29,15
timeStep,numberOfRobotsOnBlackSite,numberOfRobotsOnWhiteSite
28754,29,15
timeStep,numberOfRobotsOnBlackSite,numberOfRobotsOnWhiteSite
28755,29,15
timeStep,numberOfRobotsOnBlackSite,numberOfRobotsOnWhiteSite
28756,29,15
timeStep,numberOfRobotsOnBlackSite,numberOfRobotsOnWhiteSite
28757,29,15
timeStep,numberOfRobotsOnBlackSite,numberOfRobotsOnWhiteSite
28758,29,15
timeStep,numberOfRobotsOnBlackSite,numberOfRobotsOnWhiteSite
28759,29,15
timeStep,numberOfRobotsOnBlackSite,numberOfRobotsOnWhiteSite
28760,29,15
timeStep,numberOfRobotsOnBlackSite,numberOfRobotsOnWhiteSite
28761,29,15
timeStep,numberOfRobotsOnBlackSite,numberOfRobotsOnWhiteSite
28762,29,15
timeStep,numberOfRobotsOnBlackSite,numberOfRobotsOnWhiteSite
28763,29,15
timeStep,numberOfRobotsOnBlackSite,numberOfRobotsOnWhiteSite
28764,29,15
timeStep,numberOfRobotsOnBlackSite,numberOfRobotsOnWhiteSite
28765,30,15
timeStep,numberOfRobotsOnBlackSite,numberOfRobotsOnWhiteSite
28766,30,15
timeStep,numberOfRobotsOnBlackSite,numberOfRobotsOnWhiteSite
28767,30,15
timeStep,numberOfRobotsOnBlackSite,numberOfRobotsOnWhiteSite
28768,30,15
timeStep,numberOfRobotsOnBlackSite,numberOfRobotsOnWhiteSite
28769,30,15
timeStep,numberOfRobotsOnBlackSite,numberOfRobotsOnWhiteSite
28770,30,15
timeStep,numberOfRobotsOnBlackSite,numberOfRobotsOnWhiteSite
28771,30,15
timeStep,numberOfRobotsOnBlackSite,numberOfRobotsOnWhiteSite
28772,30,15
timeStep,numberOfRobotsOnBlackSite,numberOfRobotsOnWhiteSite
28773,30,15
timeStep,numberOfRobotsOnBlackSite,numberOfRobotsOnWhiteSite
28774,30,15
timeStep,numberOfRobotsOnBlackSite,numberOfRobotsOnWhiteSite
28775,30,14
timeStep,numberOfRobotsOnBlackSite,numberOfRobotsOnWhiteSite
28776,30,14
timeStep,numberOfRobotsOnBlackSite,numberOfRobotsOnWhiteSite
28777,30,14
timeStep,numberOfRobotsOnBlackSite,numberOfRobotsOnWhiteSite
28778,30,14
timeStep,numberOfRobotsOnBlackSite,numberOfRobotsOnWhiteSite
28779,30,14
timeStep,numberOfRobotsOnBlackSite,numberOfRobotsOnWhiteSite
28780,30,14
timeStep,numberOfRobotsOnBlackSite,numberOfRobotsOnWhiteSite
28781,30,14
timeStep,numberOfRobotsOnBlackSite,numberOfRobotsOnWhiteSite
28782,30,14
timeStep,numberOfRobotsOnBlackSite,numberOfRobotsOnWhiteSite
28783,30,14
timeStep,numberOfRobotsOnBlackSite,numberOfRobotsOnWhiteSite
28784,30,14
timeStep,numberOfRobotsOnBlackSite,numberOfRobotsOnWhiteSite
28785,30,14
timeStep,numberOfRobotsOnBlackSite,numberOfRobotsOnWhiteSite
28786,30,14
timeStep,numberOfRobotsOnBlackSite,numberOfRobotsOnWhiteSite
28787,30,14
timeStep,numberOfRobotsOnBlackSite,numberOfRobotsOnWhiteSite
28788,30,14
timeStep,numberOfRobotsOnBlackSite,numberOfRobotsOnWhiteSite
28789,30,14
timeStep,numberOfRobotsOnBlackSite,numberOfRobotsOnWhiteSite
28790,30,14
timeStep,numberOfRobotsOnBlackSite,numberOfRobotsOnWhiteSite
28791,30,14
timeStep,numberOfRobotsOnBlackSite,numberOfRobotsOnWhiteSite
28792,30,14
timeStep,numberOfRobotsOnBlackSite,numberOfRobotsOnWhiteSite
28793,30,14
timeStep,numberOfRobotsOnBlackSite,numberOfRobotsOnWhiteSite
28794,30,14
timeStep,numberOfRobotsOnBlackSite,numberOfRobotsOnWhiteSite
28795,30,14
timeStep,numberOfRobotsOnBlackSite,numberOfRobotsOnWhiteSite
28796,30,14
timeStep,numberOfRobotsOnBlackSite,numberOfRobotsOnWhiteSite
28797,30,14
timeStep,numberOfRobotsOnBlackSite,numberOfRobotsOnWhiteSite
28798,30,14
timeStep,numberOfRobotsOnBlackSite,numberOfRobotsOnWhiteSite
28799,30,14
timeStep,numberOfRobotsOnBlackSite,numberOfRobotsOnWhiteSite
28800,30,14
timeStep,numberOfRobotsOnBlackSite,numberOfRobotsOnWhiteSite
28801,30,14
timeStep,numberOfRobotsOnBlackSite,numberOfRobotsOnWhiteSite
28802,30,14
timeStep,numberOfRobotsOnBlackSite,numberOfRobotsOnWhiteSite
28803,30,14
timeStep,numberOfRobotsOnBlackSite,numberOfRobotsOnWhiteSite
28804,30,14
timeStep,numberOfRobotsOnBlackSite,numberOfRobotsOnWhiteSite
28805,30,14
timeStep,numberOfRobotsOnBlackSite,numberOfRobotsOnWhiteSite
28806,30,14
timeStep,numberOfRobotsOnBlackSite,numberOfRobotsOnWhiteSite
28807,30,14
timeStep,numberOfRobotsOnBlackSite,numberOfRobotsOnWhiteSite
28808,30,14
timeStep,numberOfRobotsOnBlackSite,numberOfRobotsOnWhiteSite
28809,30,14
timeStep,numberOfRobotsOnBlackSite,numberOfRobotsOnWhiteSite
28810,30,14
timeStep,numberOfRobotsOnBlackSite,numberOfRobotsOnWhiteSite
28811,30,14
timeStep,numberOfRobotsOnBlackSite,numberOfRobotsOnWhiteSite
28812,30,14
timeStep,numberOfRobotsOnBlackSite,numberOfRobotsOnWhiteSite
28813,30,14
timeStep,numberOfRobotsOnBlackSite,numberOfRobotsOnWhiteSite
28814,30,14
timeStep,numberOfRobotsOnBlackSite,numberOfRobotsOnWhiteSite
28815,30,14
timeStep,numberOfRobotsOnBlackSite,numberOfRobotsOnWhiteSite
28816,30,14
timeStep,numberOfRobotsOnBlackSite,numberOfRobotsOnWhiteSite
28817,30,14
timeStep,numberOfRobotsOnBlackSite,numberOfRobotsOnWhiteSite
28818,30,14
timeStep,numberOfRobotsOnBlackSite,numberOfRobotsOnWhiteSite
28819,30,14
timeStep,numberOfRobotsOnBlackSite,numberOfRobotsOnWhiteSite
28820,29,14
timeStep,numberOfRobotsOnBlackSite,numberOfRobotsOnWhiteSite
28821,29,14
timeStep,numberOfRobotsOnBlackSite,numberOfRobotsOnWhiteSite
28822,29,14
timeStep,numberOfRobotsOnBlackSite,numberOfRobotsOnWhiteSite
28823,29,14
timeStep,numberOfRobotsOnBlackSite,numberOfRobotsOnWhiteSite
28824,29,14
timeStep,numberOfRobotsOnBlackSite,numberOfRobotsOnWhiteSite
28825,29,14
timeStep,numberOfRobotsOnBlackSite,numberOfRobotsOnWhiteSite
28826,29,14
timeStep,numberOfRobotsOnBlackSite,numberOfRobotsOnWhiteSite
28827,29,14
timeStep,numberOfRobotsOnBlackSite,numberOfRobotsOnWhiteSite
28828,29,14
timeStep,numberOfRobotsOnBlackSite,numberOfRobotsOnWhiteSite
28829,29,14
timeStep,numberOfRobotsOnBlackSite,numberOfRobotsOnWhiteSite
28830,29,14
timeStep,numberOfRobotsOnBlackSite,numberOfRobotsOnWhiteSite
28831,29,14
timeStep,numberOfRobotsOnBlackSite,numberOfRobotsOnWhiteSite
28832,29,14
timeStep,numberOfRobotsOnBlackSite,numberOfRobotsOnWhiteSite
28833,29,14
timeStep,numberOfRobotsOnBlackSite,numberOfRobotsOnWhiteSite
28834,29,14
timeStep,numberOfRobotsOnBlackSite,numberOfRobotsOnWhiteSite
28835,29,14
timeStep,numberOfRobotsOnBlackSite,numberOfRobotsOnWhiteSite
28836,29,14
timeStep,numberOfRobotsOnBlackSite,numberOfRobotsOnWhiteSite
28837,29,14
timeStep,numberOfRobotsOnBlackSite,numberOfRobotsOnWhiteSite
28838,29,14
timeStep,numberOfRobotsOnBlackSite,numberOfRobotsOnWhiteSite
28839,29,14
timeStep,numberOfRobotsOnBlackSite,numberOfRobotsOnWhiteSite
28840,29,14
timeStep,numberOfRobotsOnBlackSite,numberOfRobotsOnWhiteSite
28841,29,14
timeStep,numberOfRobotsOnBlackSite,numberOfRobotsOnWhiteSite
28842,29,14
timeStep,numberOfRobotsOnBlackSite,numberOfRobotsOnWhiteSite
28843,29,14
timeStep,numberOfRobotsOnBlackSite,numberOfRobotsOnWhiteSite
28844,29,14
timeStep,numberOfRobotsOnBlackSite,numberOfRobotsOnWhiteSite
28845,30,14
timeStep,numberOfRobotsOnBlackSite,numberOfRobotsOnWhiteSite
28846,30,14
timeStep,numberOfRobotsOnBlackSite,numberOfRobotsOnWhiteSite
28847,30,14
timeStep,numberOfRobotsOnBlackSite,numberOfRobotsOnWhiteSite
28848,30,14
timeStep,numberOfRobotsOnBlackSite,numberOfRobotsOnWhiteSite
28849,30,14
timeStep,numberOfRobotsOnBlackSite,numberOfRobotsOnWhiteSite
28850,30,14
timeStep,numberOfRobotsOnBlackSite,numberOfRobotsOnWhiteSite
28851,30,14
timeStep,numberOfRobotsOnBlackSite,numberOfRobotsOnWhiteSite
28852,30,14
timeStep,numberOfRobotsOnBlackSite,numberOfRobotsOnWhiteSite
28853,30,14
timeStep,numberOfRobotsOnBlackSite,numberOfRobotsOnWhiteSite
28854,30,14
timeStep,numberOfRobotsOnBlackSite,numberOfRobotsOnWhiteSite
28855,30,14
timeStep,numberOfRobotsOnBlackSite,numberOfRobotsOnWhiteSite
28856,30,14
timeStep,numberOfRobotsOnBlackSite,numberOfRobotsOnWhiteSite
28857,30,14
timeStep,numberOfRobotsOnBlackSite,numberOfRobotsOnWhiteSite
28858,30,14
timeStep,numberOfRobotsOnBlackSite,numberOfRobotsOnWhiteSite
28859,30,14
timeStep,numberOfRobotsOnBlackSite,numberOfRobotsOnWhiteSite
28860,30,14
timeStep,numberOfRobotsOnBlackSite,numberOfRobotsOnWhiteSite
28861,30,14
timeStep,numberOfRobotsOnBlackSite,numberOfRobotsOnWhiteSite
28862,30,14
timeStep,numberOfRobotsOnBlackSite,numberOfRobotsOnWhiteSite
28863,30,14
timeStep,numberOfRobotsOnBlackSite,numberOfRobotsOnWhiteSite
28864,30,14
timeStep,numberOfRobotsOnBlackSite,numberOfRobotsOnWhiteSite
28865,30,14
timeStep,numberOfRobotsOnBlackSite,numberOfRobotsOnWhiteSite
28866,30,14
timeStep,numberOfRobotsOnBlackSite,numberOfRobotsOnWhiteSite
28867,30,14
timeStep,numberOfRobotsOnBlackSite,numberOfRobotsOnWhiteSite
28868,30,14
timeStep,numberOfRobotsOnBlackSite,numberOfRobotsOnWhiteSite
28869,30,14
timeStep,numberOfRobotsOnBlackSite,numberOfRobotsOnWhiteSite
28870,30,14
timeStep,numberOfRobotsOnBlackSite,numberOfRobotsOnWhiteSite
28871,30,14
timeStep,numberOfRobotsOnBlackSite,numberOfRobotsOnWhiteSite
28872,30,14
timeStep,numberOfRobotsOnBlackSite,numberOfRobotsOnWhiteSite
28873,30,14
timeStep,numberOfRobotsOnBlackSite,numberOfRobotsOnWhiteSite
28874,30,14
timeStep,numberOfRobotsOnBlackSite,numberOfRobotsOnWhiteSite
28875,30,14
timeStep,numberOfRobotsOnBlackSite,numberOfRobotsOnWhiteSite
28876,30,14
timeStep,numberOfRobotsOnBlackSite,numberOfRobotsOnWhiteSite
28877,30,14
timeStep,numberOfRobotsOnBlackSite,numberOfRobotsOnWhiteSite
28878,30,14
timeStep,numberOfRobotsOnBlackSite,numberOfRobotsOnWhiteSite
28879,30,14
timeStep,numberOfRobotsOnBlackSite,numberOfRobotsOnWhiteSite
28880,30,14
timeStep,numberOfRobotsOnBlackSite,numberOfRobotsOnWhiteSite
28881,30,14
timeStep,numberOfRobotsOnBlackSite,numberOfRobotsOnWhiteSite
28882,30,14
timeStep,numberOfRobotsOnBlackSite,numberOfRobotsOnWhiteSite
28883,30,14
timeStep,numberOfRobotsOnBlackSite,numberOfRobotsOnWhiteSite
28884,30,14
timeStep,numberOfRobotsOnBlackSite,numberOfRobotsOnWhiteSite
28885,30,15
timeStep,numberOfRobotsOnBlackSite,numberOfRobotsOnWhiteSite
28886,30,15
timeStep,numberOfRobotsOnBlackSite,numberOfRobotsOnWhiteSite
28887,30,15
timeStep,numberOfRobotsOnBlackSite,numberOfRobotsOnWhiteSite
28888,30,15
timeStep,numberOfRobotsOnBlackSite,numberOfRobotsOnWhiteSite
28889,30,15
timeStep,numberOfRobotsOnBlackSite,numberOfRobotsOnWhiteSite
28890,30,15
timeStep,numberOfRobotsOnBlackSite,numberOfRobotsOnWhiteSite
28891,30,15
timeStep,numberOfRobotsOnBlackSite,numberOfRobotsOnWhiteSite
28892,30,15
timeStep,numberOfRobotsOnBlackSite,numberOfRobotsOnWhiteSite
28893,30,15
timeStep,numberOfRobotsOnBlackSite,numberOfRobotsOnWhiteSite
28894,30,15
timeStep,numberOfRobotsOnBlackSite,numberOfRobotsOnWhiteSite
28895,30,15
timeStep,numberOfRobotsOnBlackSite,numberOfRobotsOnWhiteSite
28896,30,15
timeStep,numberOfRobotsOnBlackSite,numberOfRobotsOnWhiteSite
28897,30,15
timeStep,numberOfRobotsOnBlackSite,numberOfRobotsOnWhiteSite
28898,30,15
timeStep,numberOfRobotsOnBlackSite,numberOfRobotsOnWhiteSite
28899,30,15
timeStep,numberOfRobotsOnBlackSite,numberOfRobotsOnWhiteSite
28900,30,15
timeStep,numberOfRobotsOnBlackSite,numberOfRobotsOnWhiteSite
28901,30,15
timeStep,numberOfRobotsOnBlackSite,numberOfRobotsOnWhiteSite
28902,30,15
timeStep,numberOfRobotsOnBlackSite,numberOfRobotsOnWhiteSite
28903,30,15
timeStep,numberOfRobotsOnBlackSite,numberOfRobotsOnWhiteSite
28904,30,15
timeStep,numberOfRobotsOnBlackSite,numberOfRobotsOnWhiteSite
28905,30,15
timeStep,numberOfRobotsOnBlackSite,numberOfRobotsOnWhiteSite
28906,30,15
timeStep,numberOfRobotsOnBlackSite,numberOfRobotsOnWhiteSite
28907,30,15
timeStep,numberOfRobotsOnBlackSite,numberOfRobotsOnWhiteSite
28908,30,15
timeStep,numberOfRobotsOnBlackSite,numberOfRobotsOnWhiteSite
28909,30,15
timeStep,numberOfRobotsOnBlackSite,numberOfRobotsOnWhiteSite
28910,31,15
timeStep,numberOfRobotsOnBlackSite,numberOfRobotsOnWhiteSite
28911,31,15
timeStep,numberOfRobotsOnBlackSite,numberOfRobotsOnWhiteSite
28912,31,15
timeStep,numberOfRobotsOnBlackSite,numberOfRobotsOnWhiteSite
28913,31,15
timeStep,numberOfRobotsOnBlackSite,numberOfRobotsOnWhiteSite
28914,31,15
timeStep,numberOfRobotsOnBlackSite,numberOfRobotsOnWhiteSite
28915,31,15
timeStep,numberOfRobotsOnBlackSite,numberOfRobotsOnWhiteSite
28916,31,15
timeStep,numberOfRobotsOnBlackSite,numberOfRobotsOnWhiteSite
28917,31,15
timeStep,numberOfRobotsOnBlackSite,numberOfRobotsOnWhiteSite
28918,31,15
timeStep,numberOfRobotsOnBlackSite,numberOfRobotsOnWhiteSite
28919,31,15
timeStep,numberOfRobotsOnBlackSite,numberOfRobotsOnWhiteSite
28920,31,15
timeStep,numberOfRobotsOnBlackSite,numberOfRobotsOnWhiteSite
28921,31,15
timeStep,numberOfRobotsOnBlackSite,numberOfRobotsOnWhiteSite
28922,31,15
timeStep,numberOfRobotsOnBlackSite,numberOfRobotsOnWhiteSite
28923,31,15
timeStep,numberOfRobotsOnBlackSite,numberOfRobotsOnWhiteSite
28924,31,15
timeStep,numberOfRobotsOnBlackSite,numberOfRobotsOnWhiteSite
28925,31,15
timeStep,numberOfRobotsOnBlackSite,numberOfRobotsOnWhiteSite
28926,31,15
timeStep,numberOfRobotsOnBlackSite,numberOfRobotsOnWhiteSite
28927,31,15
timeStep,numberOfRobotsOnBlackSite,numberOfRobotsOnWhiteSite
28928,31,15
timeStep,numberOfRobotsOnBlackSite,numberOfRobotsOnWhiteSite
28929,31,15
timeStep,numberOfRobotsOnBlackSite,numberOfRobotsOnWhiteSite
28930,31,15
timeStep,numberOfRobotsOnBlackSite,numberOfRobotsOnWhiteSite
28931,31,15
timeStep,numberOfRobotsOnBlackSite,numberOfRobotsOnWhiteSite
28932,31,15
timeStep,numberOfRobotsOnBlackSite,numberOfRobotsOnWhiteSite
28933,31,15
timeStep,numberOfRobotsOnBlackSite,numberOfRobotsOnWhiteSite
28934,31,15
timeStep,numberOfRobotsOnBlackSite,numberOfRobotsOnWhiteSite
28935,31,15
timeStep,numberOfRobotsOnBlackSite,numberOfRobotsOnWhiteSite
28936,31,15
timeStep,numberOfRobotsOnBlackSite,numberOfRobotsOnWhiteSite
28937,31,15
timeStep,numberOfRobotsOnBlackSite,numberOfRobotsOnWhiteSite
28938,31,15
timeStep,numberOfRobotsOnBlackSite,numberOfRobotsOnWhiteSite
28939,31,15
timeStep,numberOfRobotsOnBlackSite,numberOfRobotsOnWhiteSite
28940,31,15
timeStep,numberOfRobotsOnBlackSite,numberOfRobotsOnWhiteSite
28941,31,15
timeStep,numberOfRobotsOnBlackSite,numberOfRobotsOnWhiteSite
28942,31,15
timeStep,numberOfRobotsOnBlackSite,numberOfRobotsOnWhiteSite
28943,31,15
timeStep,numberOfRobotsOnBlackSite,numberOfRobotsOnWhiteSite
28944,31,15
timeStep,numberOfRobotsOnBlackSite,numberOfRobotsOnWhiteSite
28945,31,15
timeStep,numberOfRobotsOnBlackSite,numberOfRobotsOnWhiteSite
28946,31,15
timeStep,numberOfRobotsOnBlackSite,numberOfRobotsOnWhiteSite
28947,31,15
timeStep,numberOfRobotsOnBlackSite,numberOfRobotsOnWhiteSite
28948,31,15
timeStep,numberOfRobotsOnBlackSite,numberOfRobotsOnWhiteSite
28949,31,15
timeStep,numberOfRobotsOnBlackSite,numberOfRobotsOnWhiteSite
28950,31,15
timeStep,numberOfRobotsOnBlackSite,numberOfRobotsOnWhiteSite
28951,31,15
timeStep,numberOfRobotsOnBlackSite,numberOfRobotsOnWhiteSite
28952,31,15
timeStep,numberOfRobotsOnBlackSite,numberOfRobotsOnWhiteSite
28953,31,15
timeStep,numberOfRobotsOnBlackSite,numberOfRobotsOnWhiteSite
28954,31,15
timeStep,numberOfRobotsOnBlackSite,numberOfRobotsOnWhiteSite
28955,31,15
timeStep,numberOfRobotsOnBlackSite,numberOfRobotsOnWhiteSite
28956,31,15
timeStep,numberOfRobotsOnBlackSite,numberOfRobotsOnWhiteSite
28957,31,15
timeStep,numberOfRobotsOnBlackSite,numberOfRobotsOnWhiteSite
28958,31,15
timeStep,numberOfRobotsOnBlackSite,numberOfRobotsOnWhiteSite
28959,31,15
timeStep,numberOfRobotsOnBlackSite,numberOfRobotsOnWhiteSite
28960,31,15
timeStep,numberOfRobotsOnBlackSite,numberOfRobotsOnWhiteSite
28961,31,15
timeStep,numberOfRobotsOnBlackSite,numberOfRobotsOnWhiteSite
28962,31,15
timeStep,numberOfRobotsOnBlackSite,numberOfRobotsOnWhiteSite
28963,31,15
timeStep,numberOfRobotsOnBlackSite,numberOfRobotsOnWhiteSite
28964,31,15
timeStep,numberOfRobotsOnBlackSite,numberOfRobotsOnWhiteSite
28965,30,15
timeStep,numberOfRobotsOnBlackSite,numberOfRobotsOnWhiteSite
28966,30,15
timeStep,numberOfRobotsOnBlackSite,numberOfRobotsOnWhiteSite
28967,30,15
timeStep,numberOfRobotsOnBlackSite,numberOfRobotsOnWhiteSite
28968,30,15
timeStep,numberOfRobotsOnBlackSite,numberOfRobotsOnWhiteSite
28969,30,15
timeStep,numberOfRobotsOnBlackSite,numberOfRobotsOnWhiteSite
28970,30,15
timeStep,numberOfRobotsOnBlackSite,numberOfRobotsOnWhiteSite
28971,30,15
timeStep,numberOfRobotsOnBlackSite,numberOfRobotsOnWhiteSite
28972,30,15
timeStep,numberOfRobotsOnBlackSite,numberOfRobotsOnWhiteSite
28973,30,15
timeStep,numberOfRobotsOnBlackSite,numberOfRobotsOnWhiteSite
28974,30,15
timeStep,numberOfRobotsOnBlackSite,numberOfRobotsOnWhiteSite
28975,30,16
timeStep,numberOfRobotsOnBlackSite,numberOfRobotsOnWhiteSite
28976,30,16
timeStep,numberOfRobotsOnBlackSite,numberOfRobotsOnWhiteSite
28977,30,16
timeStep,numberOfRobotsOnBlackSite,numberOfRobotsOnWhiteSite
28978,30,16
timeStep,numberOfRobotsOnBlackSite,numberOfRobotsOnWhiteSite
28979,30,16
timeStep,numberOfRobotsOnBlackSite,numberOfRobotsOnWhiteSite
28980,30,16
timeStep,numberOfRobotsOnBlackSite,numberOfRobotsOnWhiteSite
28981,30,16
timeStep,numberOfRobotsOnBlackSite,numberOfRobotsOnWhiteSite
28982,30,16
timeStep,numberOfRobotsOnBlackSite,numberOfRobotsOnWhiteSite
28983,30,16
timeStep,numberOfRobotsOnBlackSite,numberOfRobotsOnWhiteSite
28984,30,16
timeStep,numberOfRobotsOnBlackSite,numberOfRobotsOnWhiteSite
28985,30,16
timeStep,numberOfRobotsOnBlackSite,numberOfRobotsOnWhiteSite
28986,30,16
timeStep,numberOfRobotsOnBlackSite,numberOfRobotsOnWhiteSite
28987,30,16
timeStep,numberOfRobotsOnBlackSite,numberOfRobotsOnWhiteSite
28988,30,16
timeStep,numberOfRobotsOnBlackSite,numberOfRobotsOnWhiteSite
28989,30,16
timeStep,numberOfRobotsOnBlackSite,numberOfRobotsOnWhiteSite
28990,30,16
timeStep,numberOfRobotsOnBlackSite,numberOfRobotsOnWhiteSite
28991,30,16
timeStep,numberOfRobotsOnBlackSite,numberOfRobotsOnWhiteSite
28992,30,16
timeStep,numberOfRobotsOnBlackSite,numberOfRobotsOnWhiteSite
28993,30,16
timeStep,numberOfRobotsOnBlackSite,numberOfRobotsOnWhiteSite
28994,30,16
timeStep,numberOfRobotsOnBlackSite,numberOfRobotsOnWhiteSite
28995,31,16
timeStep,numberOfRobotsOnBlackSite,numberOfRobotsOnWhiteSite
28996,31,16
timeStep,numberOfRobotsOnBlackSite,numberOfRobotsOnWhiteSite
28997,31,16
timeStep,numberOfRobotsOnBlackSite,numberOfRobotsOnWhiteSite
28998,31,16
timeStep,numberOfRobotsOnBlackSite,numberOfRobotsOnWhiteSite
28999,31,16
timeStep,numberOfRobotsOnBlackSite,numberOfRobotsOnWhiteSite
29000,31,16
timeStep,numberOfRobotsOnBlackSite,numberOfRobotsOnWhiteSite
29001,31,16
timeStep,numberOfRobotsOnBlackSite,numberOfRobotsOnWhiteSite
29002,31,16
timeStep,numberOfRobotsOnBlackSite,numberOfRobotsOnWhiteSite
29003,31,16
timeStep,numberOfRobotsOnBlackSite,numberOfRobotsOnWhiteSite
29004,31,16
timeStep,numberOfRobotsOnBlackSite,numberOfRobotsOnWhiteSite
29005,31,16
timeStep,numberOfRobotsOnBlackSite,numberOfRobotsOnWhiteSite
29006,31,16
timeStep,numberOfRobotsOnBlackSite,numberOfRobotsOnWhiteSite
29007,31,16
timeStep,numberOfRobotsOnBlackSite,numberOfRobotsOnWhiteSite
29008,31,16
timeStep,numberOfRobotsOnBlackSite,numberOfRobotsOnWhiteSite
29009,31,16
timeStep,numberOfRobotsOnBlackSite,numberOfRobotsOnWhiteSite
29010,31,15
timeStep,numberOfRobotsOnBlackSite,numberOfRobotsOnWhiteSite
29011,31,15
timeStep,numberOfRobotsOnBlackSite,numberOfRobotsOnWhiteSite
29012,31,15
timeStep,numberOfRobotsOnBlackSite,numberOfRobotsOnWhiteSite
29013,31,15
timeStep,numberOfRobotsOnBlackSite,numberOfRobotsOnWhiteSite
29014,31,15
timeStep,numberOfRobotsOnBlackSite,numberOfRobotsOnWhiteSite
29015,31,15
timeStep,numberOfRobotsOnBlackSite,numberOfRobotsOnWhiteSite
29016,31,15
timeStep,numberOfRobotsOnBlackSite,numberOfRobotsOnWhiteSite
29017,31,15
timeStep,numberOfRobotsOnBlackSite,numberOfRobotsOnWhiteSite
29018,31,15
timeStep,numberOfRobotsOnBlackSite,numberOfRobotsOnWhiteSite
29019,31,15
timeStep,numberOfRobotsOnBlackSite,numberOfRobotsOnWhiteSite
29020,31,15
timeStep,numberOfRobotsOnBlackSite,numberOfRobotsOnWhiteSite
29021,31,15
timeStep,numberOfRobotsOnBlackSite,numberOfRobotsOnWhiteSite
29022,31,15
timeStep,numberOfRobotsOnBlackSite,numberOfRobotsOnWhiteSite
29023,31,15
timeStep,numberOfRobotsOnBlackSite,numberOfRobotsOnWhiteSite
29024,31,15
timeStep,numberOfRobotsOnBlackSite,numberOfRobotsOnWhiteSite
29025,31,15
timeStep,numberOfRobotsOnBlackSite,numberOfRobotsOnWhiteSite
29026,31,15
timeStep,numberOfRobotsOnBlackSite,numberOfRobotsOnWhiteSite
29027,31,15
timeStep,numberOfRobotsOnBlackSite,numberOfRobotsOnWhiteSite
29028,31,15
timeStep,numberOfRobotsOnBlackSite,numberOfRobotsOnWhiteSite
29029,31,15
timeStep,numberOfRobotsOnBlackSite,numberOfRobotsOnWhiteSite
29030,31,15
timeStep,numberOfRobotsOnBlackSite,numberOfRobotsOnWhiteSite
29031,31,15
timeStep,numberOfRobotsOnBlackSite,numberOfRobotsOnWhiteSite
29032,31,15
timeStep,numberOfRobotsOnBlackSite,numberOfRobotsOnWhiteSite
29033,31,15
timeStep,numberOfRobotsOnBlackSite,numberOfRobotsOnWhiteSite
29034,31,15
timeStep,numberOfRobotsOnBlackSite,numberOfRobotsOnWhiteSite
29035,31,15
timeStep,numberOfRobotsOnBlackSite,numberOfRobotsOnWhiteSite
29036,31,15
timeStep,numberOfRobotsOnBlackSite,numberOfRobotsOnWhiteSite
29037,31,15
timeStep,numberOfRobotsOnBlackSite,numberOfRobotsOnWhiteSite
29038,31,15
timeStep,numberOfRobotsOnBlackSite,numberOfRobotsOnWhiteSite
29039,31,15
timeStep,numberOfRobotsOnBlackSite,numberOfRobotsOnWhiteSite
29040,31,15
timeStep,numberOfRobotsOnBlackSite,numberOfRobotsOnWhiteSite
29041,31,15
timeStep,numberOfRobotsOnBlackSite,numberOfRobotsOnWhiteSite
29042,31,15
timeStep,numberOfRobotsOnBlackSite,numberOfRobotsOnWhiteSite
29043,31,15
timeStep,numberOfRobotsOnBlackSite,numberOfRobotsOnWhiteSite
29044,31,15
timeStep,numberOfRobotsOnBlackSite,numberOfRobotsOnWhiteSite
29045,30,15
timeStep,numberOfRobotsOnBlackSite,numberOfRobotsOnWhiteSite
29046,30,15
timeStep,numberOfRobotsOnBlackSite,numberOfRobotsOnWhiteSite
29047,30,15
timeStep,numberOfRobotsOnBlackSite,numberOfRobotsOnWhiteSite
29048,30,15
timeStep,numberOfRobotsOnBlackSite,numberOfRobotsOnWhiteSite
29049,30,15
timeStep,numberOfRobotsOnBlackSite,numberOfRobotsOnWhiteSite
29050,30,15
timeStep,numberOfRobotsOnBlackSite,numberOfRobotsOnWhiteSite
29051,30,15
timeStep,numberOfRobotsOnBlackSite,numberOfRobotsOnWhiteSite
29052,30,15
timeStep,numberOfRobotsOnBlackSite,numberOfRobotsOnWhiteSite
29053,30,15
timeStep,numberOfRobotsOnBlackSite,numberOfRobotsOnWhiteSite
29054,30,15
timeStep,numberOfRobotsOnBlackSite,numberOfRobotsOnWhiteSite
29055,30,15
timeStep,numberOfRobotsOnBlackSite,numberOfRobotsOnWhiteSite
29056,30,15
timeStep,numberOfRobotsOnBlackSite,numberOfRobotsOnWhiteSite
29057,30,15
timeStep,numberOfRobotsOnBlackSite,numberOfRobotsOnWhiteSite
29058,30,15
timeStep,numberOfRobotsOnBlackSite,numberOfRobotsOnWhiteSite
29059,30,15
timeStep,numberOfRobotsOnBlackSite,numberOfRobotsOnWhiteSite
29060,30,15
timeStep,numberOfRobotsOnBlackSite,numberOfRobotsOnWhiteSite
29061,30,15
timeStep,numberOfRobotsOnBlackSite,numberOfRobotsOnWhiteSite
29062,30,15
timeStep,numberOfRobotsOnBlackSite,numberOfRobotsOnWhiteSite
29063,30,15
timeStep,numberOfRobotsOnBlackSite,numberOfRobotsOnWhiteSite
29064,30,15
timeStep,numberOfRobotsOnBlackSite,numberOfRobotsOnWhiteSite
29065,30,15
timeStep,numberOfRobotsOnBlackSite,numberOfRobotsOnWhiteSite
29066,30,15
timeStep,numberOfRobotsOnBlackSite,numberOfRobotsOnWhiteSite
29067,30,15
timeStep,numberOfRobotsOnBlackSite,numberOfRobotsOnWhiteSite
29068,30,15
timeStep,numberOfRobotsOnBlackSite,numberOfRobotsOnWhiteSite
29069,30,15
timeStep,numberOfRobotsOnBlackSite,numberOfRobotsOnWhiteSite
29070,30,15
timeStep,numberOfRobotsOnBlackSite,numberOfRobotsOnWhiteSite
29071,30,15
timeStep,numberOfRobotsOnBlackSite,numberOfRobotsOnWhiteSite
29072,30,15
timeStep,numberOfRobotsOnBlackSite,numberOfRobotsOnWhiteSite
29073,30,15
timeStep,numberOfRobotsOnBlackSite,numberOfRobotsOnWhiteSite
29074,30,15
timeStep,numberOfRobotsOnBlackSite,numberOfRobotsOnWhiteSite
29075,30,15
timeStep,numberOfRobotsOnBlackSite,numberOfRobotsOnWhiteSite
29076,30,15
timeStep,numberOfRobotsOnBlackSite,numberOfRobotsOnWhiteSite
29077,30,15
timeStep,numberOfRobotsOnBlackSite,numberOfRobotsOnWhiteSite
29078,30,15
timeStep,numberOfRobotsOnBlackSite,numberOfRobotsOnWhiteSite
29079,30,15
timeStep,numberOfRobotsOnBlackSite,numberOfRobotsOnWhiteSite
29080,30,16
timeStep,numberOfRobotsOnBlackSite,numberOfRobotsOnWhiteSite
29081,30,16
timeStep,numberOfRobotsOnBlackSite,numberOfRobotsOnWhiteSite
29082,30,16
timeStep,numberOfRobotsOnBlackSite,numberOfRobotsOnWhiteSite
29083,30,16
timeStep,numberOfRobotsOnBlackSite,numberOfRobotsOnWhiteSite
29084,30,16
timeStep,numberOfRobotsOnBlackSite,numberOfRobotsOnWhiteSite
29085,30,16
timeStep,numberOfRobotsOnBlackSite,numberOfRobotsOnWhiteSite
29086,30,16
timeStep,numberOfRobotsOnBlackSite,numberOfRobotsOnWhiteSite
29087,30,16
timeStep,numberOfRobotsOnBlackSite,numberOfRobotsOnWhiteSite
29088,30,16
timeStep,numberOfRobotsOnBlackSite,numberOfRobotsOnWhiteSite
29089,30,16
timeStep,numberOfRobotsOnBlackSite,numberOfRobotsOnWhiteSite
29090,30,16
timeStep,numberOfRobotsOnBlackSite,numberOfRobotsOnWhiteSite
29091,30,16
timeStep,numberOfRobotsOnBlackSite,numberOfRobotsOnWhiteSite
29092,30,16
timeStep,numberOfRobotsOnBlackSite,numberOfRobotsOnWhiteSite
29093,30,16
timeStep,numberOfRobotsOnBlackSite,numberOfRobotsOnWhiteSite
29094,30,16
timeStep,numberOfRobotsOnBlackSite,numberOfRobotsOnWhiteSite
29095,30,16
timeStep,numberOfRobotsOnBlackSite,numberOfRobotsOnWhiteSite
29096,30,16
timeStep,numberOfRobotsOnBlackSite,numberOfRobotsOnWhiteSite
29097,30,16
timeStep,numberOfRobotsOnBlackSite,numberOfRobotsOnWhiteSite
29098,30,16
timeStep,numberOfRobotsOnBlackSite,numberOfRobotsOnWhiteSite
29099,30,16
timeStep,numberOfRobotsOnBlackSite,numberOfRobotsOnWhiteSite
29100,30,16
timeStep,numberOfRobotsOnBlackSite,numberOfRobotsOnWhiteSite
29101,30,16
timeStep,numberOfRobotsOnBlackSite,numberOfRobotsOnWhiteSite
29102,30,16
timeStep,numberOfRobotsOnBlackSite,numberOfRobotsOnWhiteSite
29103,30,16
timeStep,numberOfRobotsOnBlackSite,numberOfRobotsOnWhiteSite
29104,30,16
timeStep,numberOfRobotsOnBlackSite,numberOfRobotsOnWhiteSite
29105,30,16
timeStep,numberOfRobotsOnBlackSite,numberOfRobotsOnWhiteSite
29106,30,16
timeStep,numberOfRobotsOnBlackSite,numberOfRobotsOnWhiteSite
29107,30,16
timeStep,numberOfRobotsOnBlackSite,numberOfRobotsOnWhiteSite
29108,30,16
timeStep,numberOfRobotsOnBlackSite,numberOfRobotsOnWhiteSite
29109,30,16
timeStep,numberOfRobotsOnBlackSite,numberOfRobotsOnWhiteSite
29110,31,16
timeStep,numberOfRobotsOnBlackSite,numberOfRobotsOnWhiteSite
29111,31,16
timeStep,numberOfRobotsOnBlackSite,numberOfRobotsOnWhiteSite
29112,31,16
timeStep,numberOfRobotsOnBlackSite,numberOfRobotsOnWhiteSite
29113,31,16
timeStep,numberOfRobotsOnBlackSite,numberOfRobotsOnWhiteSite
29114,31,16
timeStep,numberOfRobotsOnBlackSite,numberOfRobotsOnWhiteSite
29115,31,16
timeStep,numberOfRobotsOnBlackSite,numberOfRobotsOnWhiteSite
29116,31,16
timeStep,numberOfRobotsOnBlackSite,numberOfRobotsOnWhiteSite
29117,31,16
timeStep,numberOfRobotsOnBlackSite,numberOfRobotsOnWhiteSite
29118,31,16
timeStep,numberOfRobotsOnBlackSite,numberOfRobotsOnWhiteSite
29119,31,16
timeStep,numberOfRobotsOnBlackSite,numberOfRobotsOnWhiteSite
29120,31,16
timeStep,numberOfRobotsOnBlackSite,numberOfRobotsOnWhiteSite
29121,31,16
timeStep,numberOfRobotsOnBlackSite,numberOfRobotsOnWhiteSite
29122,31,16
timeStep,numberOfRobotsOnBlackSite,numberOfRobotsOnWhiteSite
29123,31,16
timeStep,numberOfRobotsOnBlackSite,numberOfRobotsOnWhiteSite
29124,31,16
timeStep,numberOfRobotsOnBlackSite,numberOfRobotsOnWhiteSite
29125,31,15
timeStep,numberOfRobotsOnBlackSite,numberOfRobotsOnWhiteSite
29126,31,15
timeStep,numberOfRobotsOnBlackSite,numberOfRobotsOnWhiteSite
29127,31,15
timeStep,numberOfRobotsOnBlackSite,numberOfRobotsOnWhiteSite
29128,31,15
timeStep,numberOfRobotsOnBlackSite,numberOfRobotsOnWhiteSite
29129,31,15
timeStep,numberOfRobotsOnBlackSite,numberOfRobotsOnWhiteSite
29130,31,15
timeStep,numberOfRobotsOnBlackSite,numberOfRobotsOnWhiteSite
29131,31,15
timeStep,numberOfRobotsOnBlackSite,numberOfRobotsOnWhiteSite
29132,31,15
timeStep,numberOfRobotsOnBlackSite,numberOfRobotsOnWhiteSite
29133,31,15
timeStep,numberOfRobotsOnBlackSite,numberOfRobotsOnWhiteSite
29134,31,15
timeStep,numberOfRobotsOnBlackSite,numberOfRobotsOnWhiteSite
29135,31,15
timeStep,numberOfRobotsOnBlackSite,numberOfRobotsOnWhiteSite
29136,31,15
timeStep,numberOfRobotsOnBlackSite,numberOfRobotsOnWhiteSite
29137,31,15
timeStep,numberOfRobotsOnBlackSite,numberOfRobotsOnWhiteSite
29138,31,15
timeStep,numberOfRobotsOnBlackSite,numberOfRobotsOnWhiteSite
29139,31,15
timeStep,numberOfRobotsOnBlackSite,numberOfRobotsOnWhiteSite
29140,31,15
timeStep,numberOfRobotsOnBlackSite,numberOfRobotsOnWhiteSite
29141,31,15
timeStep,numberOfRobotsOnBlackSite,numberOfRobotsOnWhiteSite
29142,31,15
timeStep,numberOfRobotsOnBlackSite,numberOfRobotsOnWhiteSite
29143,31,15
timeStep,numberOfRobotsOnBlackSite,numberOfRobotsOnWhiteSite
29144,31,15
timeStep,numberOfRobotsOnBlackSite,numberOfRobotsOnWhiteSite
29145,31,15
timeStep,numberOfRobotsOnBlackSite,numberOfRobotsOnWhiteSite
29146,31,15
timeStep,numberOfRobotsOnBlackSite,numberOfRobotsOnWhiteSite
29147,31,15
timeStep,numberOfRobotsOnBlackSite,numberOfRobotsOnWhiteSite
29148,31,15
timeStep,numberOfRobotsOnBlackSite,numberOfRobotsOnWhiteSite
29149,31,15
timeStep,numberOfRobotsOnBlackSite,numberOfRobotsOnWhiteSite
29150,31,15
timeStep,numberOfRobotsOnBlackSite,numberOfRobotsOnWhiteSite
29151,31,15
timeStep,numberOfRobotsOnBlackSite,numberOfRobotsOnWhiteSite
29152,31,15
timeStep,numberOfRobotsOnBlackSite,numberOfRobotsOnWhiteSite
29153,31,15
timeStep,numberOfRobotsOnBlackSite,numberOfRobotsOnWhiteSite
29154,31,15
timeStep,numberOfRobotsOnBlackSite,numberOfRobotsOnWhiteSite
29155,31,15
timeStep,numberOfRobotsOnBlackSite,numberOfRobotsOnWhiteSite
29156,31,15
timeStep,numberOfRobotsOnBlackSite,numberOfRobotsOnWhiteSite
29157,31,15
timeStep,numberOfRobotsOnBlackSite,numberOfRobotsOnWhiteSite
29158,31,15
timeStep,numberOfRobotsOnBlackSite,numberOfRobotsOnWhiteSite
29159,31,15
timeStep,numberOfRobotsOnBlackSite,numberOfRobotsOnWhiteSite
29160,31,15
timeStep,numberOfRobotsOnBlackSite,numberOfRobotsOnWhiteSite
29161,31,15
timeStep,numberOfRobotsOnBlackSite,numberOfRobotsOnWhiteSite
29162,31,15
timeStep,numberOfRobotsOnBlackSite,numberOfRobotsOnWhiteSite
29163,31,15
timeStep,numberOfRobotsOnBlackSite,numberOfRobotsOnWhiteSite
29164,31,15
timeStep,numberOfRobotsOnBlackSite,numberOfRobotsOnWhiteSite
29165,31,15
timeStep,numberOfRobotsOnBlackSite,numberOfRobotsOnWhiteSite
29166,31,15
timeStep,numberOfRobotsOnBlackSite,numberOfRobotsOnWhiteSite
29167,31,15
timeStep,numberOfRobotsOnBlackSite,numberOfRobotsOnWhiteSite
29168,31,15
timeStep,numberOfRobotsOnBlackSite,numberOfRobotsOnWhiteSite
29169,31,15
timeStep,numberOfRobotsOnBlackSite,numberOfRobotsOnWhiteSite
29170,31,15
timeStep,numberOfRobotsOnBlackSite,numberOfRobotsOnWhiteSite
29171,31,15
timeStep,numberOfRobotsOnBlackSite,numberOfRobotsOnWhiteSite
29172,31,15
timeStep,numberOfRobotsOnBlackSite,numberOfRobotsOnWhiteSite
29173,31,15
timeStep,numberOfRobotsOnBlackSite,numberOfRobotsOnWhiteSite
29174,31,15
timeStep,numberOfRobotsOnBlackSite,numberOfRobotsOnWhiteSite
29175,31,15
timeStep,numberOfRobotsOnBlackSite,numberOfRobotsOnWhiteSite
29176,31,15
timeStep,numberOfRobotsOnBlackSite,numberOfRobotsOnWhiteSite
29177,31,15
timeStep,numberOfRobotsOnBlackSite,numberOfRobotsOnWhiteSite
29178,31,15
timeStep,numberOfRobotsOnBlackSite,numberOfRobotsOnWhiteSite
29179,31,15
timeStep,numberOfRobotsOnBlackSite,numberOfRobotsOnWhiteSite
29180,31,15
timeStep,numberOfRobotsOnBlackSite,numberOfRobotsOnWhiteSite
29181,31,15
timeStep,numberOfRobotsOnBlackSite,numberOfRobotsOnWhiteSite
29182,31,15
timeStep,numberOfRobotsOnBlackSite,numberOfRobotsOnWhiteSite
29183,31,15
timeStep,numberOfRobotsOnBlackSite,numberOfRobotsOnWhiteSite
29184,31,15
timeStep,numberOfRobotsOnBlackSite,numberOfRobotsOnWhiteSite
29185,31,14
timeStep,numberOfRobotsOnBlackSite,numberOfRobotsOnWhiteSite
29186,31,14
timeStep,numberOfRobotsOnBlackSite,numberOfRobotsOnWhiteSite
29187,31,14
timeStep,numberOfRobotsOnBlackSite,numberOfRobotsOnWhiteSite
29188,31,14
timeStep,numberOfRobotsOnBlackSite,numberOfRobotsOnWhiteSite
29189,31,14
timeStep,numberOfRobotsOnBlackSite,numberOfRobotsOnWhiteSite
29190,31,14
timeStep,numberOfRobotsOnBlackSite,numberOfRobotsOnWhiteSite
29191,31,14
timeStep,numberOfRobotsOnBlackSite,numberOfRobotsOnWhiteSite
29192,31,14
timeStep,numberOfRobotsOnBlackSite,numberOfRobotsOnWhiteSite
29193,31,14
timeStep,numberOfRobotsOnBlackSite,numberOfRobotsOnWhiteSite
29194,31,14
timeStep,numberOfRobotsOnBlackSite,numberOfRobotsOnWhiteSite
29195,31,14
timeStep,numberOfRobotsOnBlackSite,numberOfRobotsOnWhiteSite
29196,31,14
timeStep,numberOfRobotsOnBlackSite,numberOfRobotsOnWhiteSite
29197,31,14
timeStep,numberOfRobotsOnBlackSite,numberOfRobotsOnWhiteSite
29198,31,14
timeStep,numberOfRobotsOnBlackSite,numberOfRobotsOnWhiteSite
29199,31,14
timeStep,numberOfRobotsOnBlackSite,numberOfRobotsOnWhiteSite
29200,31,14
timeStep,numberOfRobotsOnBlackSite,numberOfRobotsOnWhiteSite
29201,31,14
timeStep,numberOfRobotsOnBlackSite,numberOfRobotsOnWhiteSite
29202,31,14
timeStep,numberOfRobotsOnBlackSite,numberOfRobotsOnWhiteSite
29203,31,14
timeStep,numberOfRobotsOnBlackSite,numberOfRobotsOnWhiteSite
29204,31,14
timeStep,numberOfRobotsOnBlackSite,numberOfRobotsOnWhiteSite
29205,31,13
timeStep,numberOfRobotsOnBlackSite,numberOfRobotsOnWhiteSite
29206,31,13
timeStep,numberOfRobotsOnBlackSite,numberOfRobotsOnWhiteSite
29207,31,13
timeStep,numberOfRobotsOnBlackSite,numberOfRobotsOnWhiteSite
29208,31,13
timeStep,numberOfRobotsOnBlackSite,numberOfRobotsOnWhiteSite
29209,31,13
timeStep,numberOfRobotsOnBlackSite,numberOfRobotsOnWhiteSite
29210,31,13
timeStep,numberOfRobotsOnBlackSite,numberOfRobotsOnWhiteSite
29211,31,13
timeStep,numberOfRobotsOnBlackSite,numberOfRobotsOnWhiteSite
29212,31,13
timeStep,numberOfRobotsOnBlackSite,numberOfRobotsOnWhiteSite
29213,31,13
timeStep,numberOfRobotsOnBlackSite,numberOfRobotsOnWhiteSite
29214,31,13
timeStep,numberOfRobotsOnBlackSite,numberOfRobotsOnWhiteSite
29215,31,13
timeStep,numberOfRobotsOnBlackSite,numberOfRobotsOnWhiteSite
29216,31,13
timeStep,numberOfRobotsOnBlackSite,numberOfRobotsOnWhiteSite
29217,31,13
timeStep,numberOfRobotsOnBlackSite,numberOfRobotsOnWhiteSite
29218,31,13
timeStep,numberOfRobotsOnBlackSite,numberOfRobotsOnWhiteSite
29219,31,13
timeStep,numberOfRobotsOnBlackSite,numberOfRobotsOnWhiteSite
29220,31,13
timeStep,numberOfRobotsOnBlackSite,numberOfRobotsOnWhiteSite
29221,31,13
timeStep,numberOfRobotsOnBlackSite,numberOfRobotsOnWhiteSite
29222,31,13
timeStep,numberOfRobotsOnBlackSite,numberOfRobotsOnWhiteSite
29223,31,13
timeStep,numberOfRobotsOnBlackSite,numberOfRobotsOnWhiteSite
29224,31,13
timeStep,numberOfRobotsOnBlackSite,numberOfRobotsOnWhiteSite
29225,31,13
timeStep,numberOfRobotsOnBlackSite,numberOfRobotsOnWhiteSite
29226,31,13
timeStep,numberOfRobotsOnBlackSite,numberOfRobotsOnWhiteSite
29227,31,13
timeStep,numberOfRobotsOnBlackSite,numberOfRobotsOnWhiteSite
29228,31,13
timeStep,numberOfRobotsOnBlackSite,numberOfRobotsOnWhiteSite
29229,31,13
timeStep,numberOfRobotsOnBlackSite,numberOfRobotsOnWhiteSite
29230,31,13
timeStep,numberOfRobotsOnBlackSite,numberOfRobotsOnWhiteSite
29231,31,13
timeStep,numberOfRobotsOnBlackSite,numberOfRobotsOnWhiteSite
29232,31,13
timeStep,numberOfRobotsOnBlackSite,numberOfRobotsOnWhiteSite
29233,31,13
timeStep,numberOfRobotsOnBlackSite,numberOfRobotsOnWhiteSite
29234,31,13
timeStep,numberOfRobotsOnBlackSite,numberOfRobotsOnWhiteSite
29235,31,13
timeStep,numberOfRobotsOnBlackSite,numberOfRobotsOnWhiteSite
29236,31,13
timeStep,numberOfRobotsOnBlackSite,numberOfRobotsOnWhiteSite
29237,31,13
timeStep,numberOfRobotsOnBlackSite,numberOfRobotsOnWhiteSite
29238,31,13
timeStep,numberOfRobotsOnBlackSite,numberOfRobotsOnWhiteSite
29239,31,13
timeStep,numberOfRobotsOnBlackSite,numberOfRobotsOnWhiteSite
29240,31,13
timeStep,numberOfRobotsOnBlackSite,numberOfRobotsOnWhiteSite
29241,31,13
timeStep,numberOfRobotsOnBlackSite,numberOfRobotsOnWhiteSite
29242,31,13
timeStep,numberOfRobotsOnBlackSite,numberOfRobotsOnWhiteSite
29243,31,13
timeStep,numberOfRobotsOnBlackSite,numberOfRobotsOnWhiteSite
29244,31,13
timeStep,numberOfRobotsOnBlackSite,numberOfRobotsOnWhiteSite
29245,31,13
timeStep,numberOfRobotsOnBlackSite,numberOfRobotsOnWhiteSite
29246,31,13
timeStep,numberOfRobotsOnBlackSite,numberOfRobotsOnWhiteSite
29247,31,13
timeStep,numberOfRobotsOnBlackSite,numberOfRobotsOnWhiteSite
29248,31,13
timeStep,numberOfRobotsOnBlackSite,numberOfRobotsOnWhiteSite
29249,31,13
timeStep,numberOfRobotsOnBlackSite,numberOfRobotsOnWhiteSite
29250,31,13
timeStep,numberOfRobotsOnBlackSite,numberOfRobotsOnWhiteSite
29251,31,13
timeStep,numberOfRobotsOnBlackSite,numberOfRobotsOnWhiteSite
29252,31,13
timeStep,numberOfRobotsOnBlackSite,numberOfRobotsOnWhiteSite
29253,31,13
timeStep,numberOfRobotsOnBlackSite,numberOfRobotsOnWhiteSite
29254,31,13
timeStep,numberOfRobotsOnBlackSite,numberOfRobotsOnWhiteSite
29255,31,13
timeStep,numberOfRobotsOnBlackSite,numberOfRobotsOnWhiteSite
29256,31,13
timeStep,numberOfRobotsOnBlackSite,numberOfRobotsOnWhiteSite
29257,31,13
timeStep,numberOfRobotsOnBlackSite,numberOfRobotsOnWhiteSite
29258,31,13
timeStep,numberOfRobotsOnBlackSite,numberOfRobotsOnWhiteSite
29259,31,13
timeStep,numberOfRobotsOnBlackSite,numberOfRobotsOnWhiteSite
29260,31,13
timeStep,numberOfRobotsOnBlackSite,numberOfRobotsOnWhiteSite
29261,31,13
timeStep,numberOfRobotsOnBlackSite,numberOfRobotsOnWhiteSite
29262,31,13
timeStep,numberOfRobotsOnBlackSite,numberOfRobotsOnWhiteSite
29263,31,13
timeStep,numberOfRobotsOnBlackSite,numberOfRobotsOnWhiteSite
29264,31,13
timeStep,numberOfRobotsOnBlackSite,numberOfRobotsOnWhiteSite
29265,31,13
timeStep,numberOfRobotsOnBlackSite,numberOfRobotsOnWhiteSite
29266,31,13
timeStep,numberOfRobotsOnBlackSite,numberOfRobotsOnWhiteSite
29267,31,13
timeStep,numberOfRobotsOnBlackSite,numberOfRobotsOnWhiteSite
29268,31,13
timeStep,numberOfRobotsOnBlackSite,numberOfRobotsOnWhiteSite
29269,31,13
timeStep,numberOfRobotsOnBlackSite,numberOfRobotsOnWhiteSite
29270,31,13
timeStep,numberOfRobotsOnBlackSite,numberOfRobotsOnWhiteSite
29271,31,13
timeStep,numberOfRobotsOnBlackSite,numberOfRobotsOnWhiteSite
29272,31,13
timeStep,numberOfRobotsOnBlackSite,numberOfRobotsOnWhiteSite
29273,31,13
timeStep,numberOfRobotsOnBlackSite,numberOfRobotsOnWhiteSite
29274,31,13
timeStep,numberOfRobotsOnBlackSite,numberOfRobotsOnWhiteSite
29275,31,13
timeStep,numberOfRobotsOnBlackSite,numberOfRobotsOnWhiteSite
29276,31,13
timeStep,numberOfRobotsOnBlackSite,numberOfRobotsOnWhiteSite
29277,31,13
timeStep,numberOfRobotsOnBlackSite,numberOfRobotsOnWhiteSite
29278,31,13
timeStep,numberOfRobotsOnBlackSite,numberOfRobotsOnWhiteSite
29279,31,13
timeStep,numberOfRobotsOnBlackSite,numberOfRobotsOnWhiteSite
29280,31,13
timeStep,numberOfRobotsOnBlackSite,numberOfRobotsOnWhiteSite
29281,31,13
timeStep,numberOfRobotsOnBlackSite,numberOfRobotsOnWhiteSite
29282,31,13
timeStep,numberOfRobotsOnBlackSite,numberOfRobotsOnWhiteSite
29283,31,13
timeStep,numberOfRobotsOnBlackSite,numberOfRobotsOnWhiteSite
29284,31,13
timeStep,numberOfRobotsOnBlackSite,numberOfRobotsOnWhiteSite
29285,31,13
timeStep,numberOfRobotsOnBlackSite,numberOfRobotsOnWhiteSite
29286,31,13
timeStep,numberOfRobotsOnBlackSite,numberOfRobotsOnWhiteSite
29287,31,13
timeStep,numberOfRobotsOnBlackSite,numberOfRobotsOnWhiteSite
29288,31,13
timeStep,numberOfRobotsOnBlackSite,numberOfRobotsOnWhiteSite
29289,31,13
timeStep,numberOfRobotsOnBlackSite,numberOfRobotsOnWhiteSite
29290,31,13
timeStep,numberOfRobotsOnBlackSite,numberOfRobotsOnWhiteSite
29291,31,13
timeStep,numberOfRobotsOnBlackSite,numberOfRobotsOnWhiteSite
29292,31,13
timeStep,numberOfRobotsOnBlackSite,numberOfRobotsOnWhiteSite
29293,31,13
timeStep,numberOfRobotsOnBlackSite,numberOfRobotsOnWhiteSite
29294,31,13
timeStep,numberOfRobotsOnBlackSite,numberOfRobotsOnWhiteSite
29295,31,13
timeStep,numberOfRobotsOnBlackSite,numberOfRobotsOnWhiteSite
29296,31,13
timeStep,numberOfRobotsOnBlackSite,numberOfRobotsOnWhiteSite
29297,31,13
timeStep,numberOfRobotsOnBlackSite,numberOfRobotsOnWhiteSite
29298,31,13
timeStep,numberOfRobotsOnBlackSite,numberOfRobotsOnWhiteSite
29299,31,13
timeStep,numberOfRobotsOnBlackSite,numberOfRobotsOnWhiteSite
29300,31,13
timeStep,numberOfRobotsOnBlackSite,numberOfRobotsOnWhiteSite
29301,31,13
timeStep,numberOfRobotsOnBlackSite,numberOfRobotsOnWhiteSite
29302,31,13
timeStep,numberOfRobotsOnBlackSite,numberOfRobotsOnWhiteSite
29303,31,13
timeStep,numberOfRobotsOnBlackSite,numberOfRobotsOnWhiteSite
29304,31,13
timeStep,numberOfRobotsOnBlackSite,numberOfRobotsOnWhiteSite
29305,31,13
timeStep,numberOfRobotsOnBlackSite,numberOfRobotsOnWhiteSite
29306,31,13
timeStep,numberOfRobotsOnBlackSite,numberOfRobotsOnWhiteSite
29307,31,13
timeStep,numberOfRobotsOnBlackSite,numberOfRobotsOnWhiteSite
29308,31,13
timeStep,numberOfRobotsOnBlackSite,numberOfRobotsOnWhiteSite
29309,31,13
timeStep,numberOfRobotsOnBlackSite,numberOfRobotsOnWhiteSite
29310,31,13
timeStep,numberOfRobotsOnBlackSite,numberOfRobotsOnWhiteSite
29311,31,13
timeStep,numberOfRobotsOnBlackSite,numberOfRobotsOnWhiteSite
29312,31,13
timeStep,numberOfRobotsOnBlackSite,numberOfRobotsOnWhiteSite
29313,31,13
timeStep,numberOfRobotsOnBlackSite,numberOfRobotsOnWhiteSite
29314,31,13
timeStep,numberOfRobotsOnBlackSite,numberOfRobotsOnWhiteSite
29315,31,13
timeStep,numberOfRobotsOnBlackSite,numberOfRobotsOnWhiteSite
29316,31,13
timeStep,numberOfRobotsOnBlackSite,numberOfRobotsOnWhiteSite
29317,31,13
timeStep,numberOfRobotsOnBlackSite,numberOfRobotsOnWhiteSite
29318,31,13
timeStep,numberOfRobotsOnBlackSite,numberOfRobotsOnWhiteSite
29319,31,13
timeStep,numberOfRobotsOnBlackSite,numberOfRobotsOnWhiteSite
29320,31,13
timeStep,numberOfRobotsOnBlackSite,numberOfRobotsOnWhiteSite
29321,31,13
timeStep,numberOfRobotsOnBlackSite,numberOfRobotsOnWhiteSite
29322,31,13
timeStep,numberOfRobotsOnBlackSite,numberOfRobotsOnWhiteSite
29323,31,13
timeStep,numberOfRobotsOnBlackSite,numberOfRobotsOnWhiteSite
29324,31,13
timeStep,numberOfRobotsOnBlackSite,numberOfRobotsOnWhiteSite
29325,31,13
timeStep,numberOfRobotsOnBlackSite,numberOfRobotsOnWhiteSite
29326,31,13
timeStep,numberOfRobotsOnBlackSite,numberOfRobotsOnWhiteSite
29327,31,13
timeStep,numberOfRobotsOnBlackSite,numberOfRobotsOnWhiteSite
29328,31,13
timeStep,numberOfRobotsOnBlackSite,numberOfRobotsOnWhiteSite
29329,31,13
timeStep,numberOfRobotsOnBlackSite,numberOfRobotsOnWhiteSite
29330,31,13
timeStep,numberOfRobotsOnBlackSite,numberOfRobotsOnWhiteSite
29331,31,13
timeStep,numberOfRobotsOnBlackSite,numberOfRobotsOnWhiteSite
29332,31,13
timeStep,numberOfRobotsOnBlackSite,numberOfRobotsOnWhiteSite
29333,31,13
timeStep,numberOfRobotsOnBlackSite,numberOfRobotsOnWhiteSite
29334,31,13
timeStep,numberOfRobotsOnBlackSite,numberOfRobotsOnWhiteSite
29335,31,13
timeStep,numberOfRobotsOnBlackSite,numberOfRobotsOnWhiteSite
29336,31,13
timeStep,numberOfRobotsOnBlackSite,numberOfRobotsOnWhiteSite
29337,31,13
timeStep,numberOfRobotsOnBlackSite,numberOfRobotsOnWhiteSite
29338,31,13
timeStep,numberOfRobotsOnBlackSite,numberOfRobotsOnWhiteSite
29339,31,13
timeStep,numberOfRobotsOnBlackSite,numberOfRobotsOnWhiteSite
29340,31,13
timeStep,numberOfRobotsOnBlackSite,numberOfRobotsOnWhiteSite
29341,31,13
timeStep,numberOfRobotsOnBlackSite,numberOfRobotsOnWhiteSite
29342,31,13
timeStep,numberOfRobotsOnBlackSite,numberOfRobotsOnWhiteSite
29343,31,13
timeStep,numberOfRobotsOnBlackSite,numberOfRobotsOnWhiteSite
29344,31,13
timeStep,numberOfRobotsOnBlackSite,numberOfRobotsOnWhiteSite
29345,31,13
timeStep,numberOfRobotsOnBlackSite,numberOfRobotsOnWhiteSite
29346,31,13
timeStep,numberOfRobotsOnBlackSite,numberOfRobotsOnWhiteSite
29347,31,13
timeStep,numberOfRobotsOnBlackSite,numberOfRobotsOnWhiteSite
29348,31,13
timeStep,numberOfRobotsOnBlackSite,numberOfRobotsOnWhiteSite
29349,31,13
timeStep,numberOfRobotsOnBlackSite,numberOfRobotsOnWhiteSite
29350,31,12
timeStep,numberOfRobotsOnBlackSite,numberOfRobotsOnWhiteSite
29351,31,12
timeStep,numberOfRobotsOnBlackSite,numberOfRobotsOnWhiteSite
29352,31,12
timeStep,numberOfRobotsOnBlackSite,numberOfRobotsOnWhiteSite
29353,31,12
timeStep,numberOfRobotsOnBlackSite,numberOfRobotsOnWhiteSite
29354,31,12
timeStep,numberOfRobotsOnBlackSite,numberOfRobotsOnWhiteSite
29355,31,12
timeStep,numberOfRobotsOnBlackSite,numberOfRobotsOnWhiteSite
29356,31,12
timeStep,numberOfRobotsOnBlackSite,numberOfRobotsOnWhiteSite
29357,31,12
timeStep,numberOfRobotsOnBlackSite,numberOfRobotsOnWhiteSite
29358,31,12
timeStep,numberOfRobotsOnBlackSite,numberOfRobotsOnWhiteSite
29359,31,12
timeStep,numberOfRobotsOnBlackSite,numberOfRobotsOnWhiteSite
29360,31,12
timeStep,numberOfRobotsOnBlackSite,numberOfRobotsOnWhiteSite
29361,31,12
timeStep,numberOfRobotsOnBlackSite,numberOfRobotsOnWhiteSite
29362,31,12
timeStep,numberOfRobotsOnBlackSite,numberOfRobotsOnWhiteSite
29363,31,12
timeStep,numberOfRobotsOnBlackSite,numberOfRobotsOnWhiteSite
29364,31,12
timeStep,numberOfRobotsOnBlackSite,numberOfRobotsOnWhiteSite
29365,31,12
timeStep,numberOfRobotsOnBlackSite,numberOfRobotsOnWhiteSite
29366,31,12
timeStep,numberOfRobotsOnBlackSite,numberOfRobotsOnWhiteSite
29367,31,12
timeStep,numberOfRobotsOnBlackSite,numberOfRobotsOnWhiteSite
29368,31,12
timeStep,numberOfRobotsOnBlackSite,numberOfRobotsOnWhiteSite
29369,31,12
timeStep,numberOfRobotsOnBlackSite,numberOfRobotsOnWhiteSite
29370,31,12
timeStep,numberOfRobotsOnBlackSite,numberOfRobotsOnWhiteSite
29371,31,12
timeStep,numberOfRobotsOnBlackSite,numberOfRobotsOnWhiteSite
29372,31,12
timeStep,numberOfRobotsOnBlackSite,numberOfRobotsOnWhiteSite
29373,31,12
timeStep,numberOfRobotsOnBlackSite,numberOfRobotsOnWhiteSite
29374,31,12
timeStep,numberOfRobotsOnBlackSite,numberOfRobotsOnWhiteSite
29375,31,12
timeStep,numberOfRobotsOnBlackSite,numberOfRobotsOnWhiteSite
29376,31,12
timeStep,numberOfRobotsOnBlackSite,numberOfRobotsOnWhiteSite
29377,31,12
timeStep,numberOfRobotsOnBlackSite,numberOfRobotsOnWhiteSite
29378,31,12
timeStep,numberOfRobotsOnBlackSite,numberOfRobotsOnWhiteSite
29379,31,12
timeStep,numberOfRobotsOnBlackSite,numberOfRobotsOnWhiteSite
29380,31,12
timeStep,numberOfRobotsOnBlackSite,numberOfRobotsOnWhiteSite
29381,31,12
timeStep,numberOfRobotsOnBlackSite,numberOfRobotsOnWhiteSite
29382,31,12
timeStep,numberOfRobotsOnBlackSite,numberOfRobotsOnWhiteSite
29383,31,12
timeStep,numberOfRobotsOnBlackSite,numberOfRobotsOnWhiteSite
29384,31,12
timeStep,numberOfRobotsOnBlackSite,numberOfRobotsOnWhiteSite
29385,31,12
timeStep,numberOfRobotsOnBlackSite,numberOfRobotsOnWhiteSite
29386,31,12
timeStep,numberOfRobotsOnBlackSite,numberOfRobotsOnWhiteSite
29387,31,12
timeStep,numberOfRobotsOnBlackSite,numberOfRobotsOnWhiteSite
29388,31,12
timeStep,numberOfRobotsOnBlackSite,numberOfRobotsOnWhiteSite
29389,31,12
timeStep,numberOfRobotsOnBlackSite,numberOfRobotsOnWhiteSite
29390,31,12
timeStep,numberOfRobotsOnBlackSite,numberOfRobotsOnWhiteSite
29391,31,12
timeStep,numberOfRobotsOnBlackSite,numberOfRobotsOnWhiteSite
29392,31,12
timeStep,numberOfRobotsOnBlackSite,numberOfRobotsOnWhiteSite
29393,31,12
timeStep,numberOfRobotsOnBlackSite,numberOfRobotsOnWhiteSite
29394,31,12
timeStep,numberOfRobotsOnBlackSite,numberOfRobotsOnWhiteSite
29395,31,12
timeStep,numberOfRobotsOnBlackSite,numberOfRobotsOnWhiteSite
29396,31,12
timeStep,numberOfRobotsOnBlackSite,numberOfRobotsOnWhiteSite
29397,31,12
timeStep,numberOfRobotsOnBlackSite,numberOfRobotsOnWhiteSite
29398,31,12
timeStep,numberOfRobotsOnBlackSite,numberOfRobotsOnWhiteSite
29399,31,12
timeStep,numberOfRobotsOnBlackSite,numberOfRobotsOnWhiteSite
29400,31,13
timeStep,numberOfRobotsOnBlackSite,numberOfRobotsOnWhiteSite
29401,31,13
timeStep,numberOfRobotsOnBlackSite,numberOfRobotsOnWhiteSite
29402,31,13
timeStep,numberOfRobotsOnBlackSite,numberOfRobotsOnWhiteSite
29403,31,13
timeStep,numberOfRobotsOnBlackSite,numberOfRobotsOnWhiteSite
29404,31,13
timeStep,numberOfRobotsOnBlackSite,numberOfRobotsOnWhiteSite
29405,31,13
timeStep,numberOfRobotsOnBlackSite,numberOfRobotsOnWhiteSite
29406,31,13
timeStep,numberOfRobotsOnBlackSite,numberOfRobotsOnWhiteSite
29407,31,13
timeStep,numberOfRobotsOnBlackSite,numberOfRobotsOnWhiteSite
29408,31,13
timeStep,numberOfRobotsOnBlackSite,numberOfRobotsOnWhiteSite
29409,31,13
timeStep,numberOfRobotsOnBlackSite,numberOfRobotsOnWhiteSite
29410,31,13
timeStep,numberOfRobotsOnBlackSite,numberOfRobotsOnWhiteSite
29411,31,13
timeStep,numberOfRobotsOnBlackSite,numberOfRobotsOnWhiteSite
29412,31,13
timeStep,numberOfRobotsOnBlackSite,numberOfRobotsOnWhiteSite
29413,31,13
timeStep,numberOfRobotsOnBlackSite,numberOfRobotsOnWhiteSite
29414,31,13
timeStep,numberOfRobotsOnBlackSite,numberOfRobotsOnWhiteSite
29415,31,13
timeStep,numberOfRobotsOnBlackSite,numberOfRobotsOnWhiteSite
29416,31,13
timeStep,numberOfRobotsOnBlackSite,numberOfRobotsOnWhiteSite
29417,31,13
timeStep,numberOfRobotsOnBlackSite,numberOfRobotsOnWhiteSite
29418,31,13
timeStep,numberOfRobotsOnBlackSite,numberOfRobotsOnWhiteSite
29419,31,13
timeStep,numberOfRobotsOnBlackSite,numberOfRobotsOnWhiteSite
29420,31,13
timeStep,numberOfRobotsOnBlackSite,numberOfRobotsOnWhiteSite
29421,31,13
timeStep,numberOfRobotsOnBlackSite,numberOfRobotsOnWhiteSite
29422,31,13
timeStep,numberOfRobotsOnBlackSite,numberOfRobotsOnWhiteSite
29423,31,13
timeStep,numberOfRobotsOnBlackSite,numberOfRobotsOnWhiteSite
29424,31,13
timeStep,numberOfRobotsOnBlackSite,numberOfRobotsOnWhiteSite
29425,31,13
timeStep,numberOfRobotsOnBlackSite,numberOfRobotsOnWhiteSite
29426,31,13
timeStep,numberOfRobotsOnBlackSite,numberOfRobotsOnWhiteSite
29427,31,13
timeStep,numberOfRobotsOnBlackSite,numberOfRobotsOnWhiteSite
29428,31,13
timeStep,numberOfRobotsOnBlackSite,numberOfRobotsOnWhiteSite
29429,31,13
timeStep,numberOfRobotsOnBlackSite,numberOfRobotsOnWhiteSite
29430,31,13
timeStep,numberOfRobotsOnBlackSite,numberOfRobotsOnWhiteSite
29431,31,13
timeStep,numberOfRobotsOnBlackSite,numberOfRobotsOnWhiteSite
29432,31,13
timeStep,numberOfRobotsOnBlackSite,numberOfRobotsOnWhiteSite
29433,31,13
timeStep,numberOfRobotsOnBlackSite,numberOfRobotsOnWhiteSite
29434,31,13
timeStep,numberOfRobotsOnBlackSite,numberOfRobotsOnWhiteSite
29435,31,13
timeStep,numberOfRobotsOnBlackSite,numberOfRobotsOnWhiteSite
29436,31,13
timeStep,numberOfRobotsOnBlackSite,numberOfRobotsOnWhiteSite
29437,31,13
timeStep,numberOfRobotsOnBlackSite,numberOfRobotsOnWhiteSite
29438,31,13
timeStep,numberOfRobotsOnBlackSite,numberOfRobotsOnWhiteSite
29439,31,13
timeStep,numberOfRobotsOnBlackSite,numberOfRobotsOnWhiteSite
29440,31,13
timeStep,numberOfRobotsOnBlackSite,numberOfRobotsOnWhiteSite
29441,31,13
timeStep,numberOfRobotsOnBlackSite,numberOfRobotsOnWhiteSite
29442,31,13
timeStep,numberOfRobotsOnBlackSite,numberOfRobotsOnWhiteSite
29443,31,13
timeStep,numberOfRobotsOnBlackSite,numberOfRobotsOnWhiteSite
29444,31,13
timeStep,numberOfRobotsOnBlackSite,numberOfRobotsOnWhiteSite
29445,31,13
timeStep,numberOfRobotsOnBlackSite,numberOfRobotsOnWhiteSite
29446,31,13
timeStep,numberOfRobotsOnBlackSite,numberOfRobotsOnWhiteSite
29447,31,13
timeStep,numberOfRobotsOnBlackSite,numberOfRobotsOnWhiteSite
29448,31,13
timeStep,numberOfRobotsOnBlackSite,numberOfRobotsOnWhiteSite
29449,31,13
timeStep,numberOfRobotsOnBlackSite,numberOfRobotsOnWhiteSite
29450,31,13
timeStep,numberOfRobotsOnBlackSite,numberOfRobotsOnWhiteSite
29451,31,13
timeStep,numberOfRobotsOnBlackSite,numberOfRobotsOnWhiteSite
29452,31,13
timeStep,numberOfRobotsOnBlackSite,numberOfRobotsOnWhiteSite
29453,31,13
timeStep,numberOfRobotsOnBlackSite,numberOfRobotsOnWhiteSite
29454,31,13
timeStep,numberOfRobotsOnBlackSite,numberOfRobotsOnWhiteSite
29455,31,13
timeStep,numberOfRobotsOnBlackSite,numberOfRobotsOnWhiteSite
29456,31,13
timeStep,numberOfRobotsOnBlackSite,numberOfRobotsOnWhiteSite
29457,31,13
timeStep,numberOfRobotsOnBlackSite,numberOfRobotsOnWhiteSite
29458,31,13
timeStep,numberOfRobotsOnBlackSite,numberOfRobotsOnWhiteSite
29459,31,13
timeStep,numberOfRobotsOnBlackSite,numberOfRobotsOnWhiteSite
29460,31,14
timeStep,numberOfRobotsOnBlackSite,numberOfRobotsOnWhiteSite
29461,31,14
timeStep,numberOfRobotsOnBlackSite,numberOfRobotsOnWhiteSite
29462,31,14
timeStep,numberOfRobotsOnBlackSite,numberOfRobotsOnWhiteSite
29463,31,14
timeStep,numberOfRobotsOnBlackSite,numberOfRobotsOnWhiteSite
29464,31,14
timeStep,numberOfRobotsOnBlackSite,numberOfRobotsOnWhiteSite
29465,31,14
timeStep,numberOfRobotsOnBlackSite,numberOfRobotsOnWhiteSite
29466,31,14
timeStep,numberOfRobotsOnBlackSite,numberOfRobotsOnWhiteSite
29467,31,14
timeStep,numberOfRobotsOnBlackSite,numberOfRobotsOnWhiteSite
29468,31,14
timeStep,numberOfRobotsOnBlackSite,numberOfRobotsOnWhiteSite
29469,31,14
timeStep,numberOfRobotsOnBlackSite,numberOfRobotsOnWhiteSite
29470,31,14
timeStep,numberOfRobotsOnBlackSite,numberOfRobotsOnWhiteSite
29471,31,14
timeStep,numberOfRobotsOnBlackSite,numberOfRobotsOnWhiteSite
29472,31,14
timeStep,numberOfRobotsOnBlackSite,numberOfRobotsOnWhiteSite
29473,31,14
timeStep,numberOfRobotsOnBlackSite,numberOfRobotsOnWhiteSite
29474,31,14
timeStep,numberOfRobotsOnBlackSite,numberOfRobotsOnWhiteSite
29475,31,14
timeStep,numberOfRobotsOnBlackSite,numberOfRobotsOnWhiteSite
29476,31,14
timeStep,numberOfRobotsOnBlackSite,numberOfRobotsOnWhiteSite
29477,31,14
timeStep,numberOfRobotsOnBlackSite,numberOfRobotsOnWhiteSite
29478,31,14
timeStep,numberOfRobotsOnBlackSite,numberOfRobotsOnWhiteSite
29479,31,14
timeStep,numberOfRobotsOnBlackSite,numberOfRobotsOnWhiteSite
29480,31,14
timeStep,numberOfRobotsOnBlackSite,numberOfRobotsOnWhiteSite
29481,31,14
timeStep,numberOfRobotsOnBlackSite,numberOfRobotsOnWhiteSite
29482,31,14
timeStep,numberOfRobotsOnBlackSite,numberOfRobotsOnWhiteSite
29483,31,14
timeStep,numberOfRobotsOnBlackSite,numberOfRobotsOnWhiteSite
29484,31,14
timeStep,numberOfRobotsOnBlackSite,numberOfRobotsOnWhiteSite
29485,31,14
timeStep,numberOfRobotsOnBlackSite,numberOfRobotsOnWhiteSite
29486,31,14
timeStep,numberOfRobotsOnBlackSite,numberOfRobotsOnWhiteSite
29487,31,14
timeStep,numberOfRobotsOnBlackSite,numberOfRobotsOnWhiteSite
29488,31,14
timeStep,numberOfRobotsOnBlackSite,numberOfRobotsOnWhiteSite
29489,31,14
timeStep,numberOfRobotsOnBlackSite,numberOfRobotsOnWhiteSite
29490,31,14
timeStep,numberOfRobotsOnBlackSite,numberOfRobotsOnWhiteSite
29491,31,14
timeStep,numberOfRobotsOnBlackSite,numberOfRobotsOnWhiteSite
29492,31,14
timeStep,numberOfRobotsOnBlackSite,numberOfRobotsOnWhiteSite
29493,31,14
timeStep,numberOfRobotsOnBlackSite,numberOfRobotsOnWhiteSite
29494,31,14
timeStep,numberOfRobotsOnBlackSite,numberOfRobotsOnWhiteSite
29495,31,14
timeStep,numberOfRobotsOnBlackSite,numberOfRobotsOnWhiteSite
29496,31,14
timeStep,numberOfRobotsOnBlackSite,numberOfRobotsOnWhiteSite
29497,31,14
timeStep,numberOfRobotsOnBlackSite,numberOfRobotsOnWhiteSite
29498,31,14
timeStep,numberOfRobotsOnBlackSite,numberOfRobotsOnWhiteSite
29499,31,14
timeStep,numberOfRobotsOnBlackSite,numberOfRobotsOnWhiteSite
29500,30,14
timeStep,numberOfRobotsOnBlackSite,numberOfRobotsOnWhiteSite
29501,30,14
timeStep,numberOfRobotsOnBlackSite,numberOfRobotsOnWhiteSite
29502,30,14
timeStep,numberOfRobotsOnBlackSite,numberOfRobotsOnWhiteSite
29503,30,14
timeStep,numberOfRobotsOnBlackSite,numberOfRobotsOnWhiteSite
29504,30,14
timeStep,numberOfRobotsOnBlackSite,numberOfRobotsOnWhiteSite
29505,30,14
timeStep,numberOfRobotsOnBlackSite,numberOfRobotsOnWhiteSite
29506,30,14
timeStep,numberOfRobotsOnBlackSite,numberOfRobotsOnWhiteSite
29507,30,14
timeStep,numberOfRobotsOnBlackSite,numberOfRobotsOnWhiteSite
29508,30,14
timeStep,numberOfRobotsOnBlackSite,numberOfRobotsOnWhiteSite
29509,30,14
timeStep,numberOfRobotsOnBlackSite,numberOfRobotsOnWhiteSite
29510,30,14
timeStep,numberOfRobotsOnBlackSite,numberOfRobotsOnWhiteSite
29511,30,14
timeStep,numberOfRobotsOnBlackSite,numberOfRobotsOnWhiteSite
29512,30,14
timeStep,numberOfRobotsOnBlackSite,numberOfRobotsOnWhiteSite
29513,30,14
timeStep,numberOfRobotsOnBlackSite,numberOfRobotsOnWhiteSite
29514,30,14
timeStep,numberOfRobotsOnBlackSite,numberOfRobotsOnWhiteSite
29515,30,14
timeStep,numberOfRobotsOnBlackSite,numberOfRobotsOnWhiteSite
29516,30,14
timeStep,numberOfRobotsOnBlackSite,numberOfRobotsOnWhiteSite
29517,30,14
timeStep,numberOfRobotsOnBlackSite,numberOfRobotsOnWhiteSite
29518,30,14
timeStep,numberOfRobotsOnBlackSite,numberOfRobotsOnWhiteSite
29519,30,14
timeStep,numberOfRobotsOnBlackSite,numberOfRobotsOnWhiteSite
29520,30,14
timeStep,numberOfRobotsOnBlackSite,numberOfRobotsOnWhiteSite
29521,30,14
timeStep,numberOfRobotsOnBlackSite,numberOfRobotsOnWhiteSite
29522,30,14
timeStep,numberOfRobotsOnBlackSite,numberOfRobotsOnWhiteSite
29523,30,14
timeStep,numberOfRobotsOnBlackSite,numberOfRobotsOnWhiteSite
29524,30,14
timeStep,numberOfRobotsOnBlackSite,numberOfRobotsOnWhiteSite
29525,30,14
timeStep,numberOfRobotsOnBlackSite,numberOfRobotsOnWhiteSite
29526,30,14
timeStep,numberOfRobotsOnBlackSite,numberOfRobotsOnWhiteSite
29527,30,14
timeStep,numberOfRobotsOnBlackSite,numberOfRobotsOnWhiteSite
29528,30,14
timeStep,numberOfRobotsOnBlackSite,numberOfRobotsOnWhiteSite
29529,30,14
timeStep,numberOfRobotsOnBlackSite,numberOfRobotsOnWhiteSite
29530,30,14
timeStep,numberOfRobotsOnBlackSite,numberOfRobotsOnWhiteSite
29531,30,14
timeStep,numberOfRobotsOnBlackSite,numberOfRobotsOnWhiteSite
29532,30,14
timeStep,numberOfRobotsOnBlackSite,numberOfRobotsOnWhiteSite
29533,30,14
timeStep,numberOfRobotsOnBlackSite,numberOfRobotsOnWhiteSite
29534,30,14
timeStep,numberOfRobotsOnBlackSite,numberOfRobotsOnWhiteSite
29535,30,14
timeStep,numberOfRobotsOnBlackSite,numberOfRobotsOnWhiteSite
29536,30,14
timeStep,numberOfRobotsOnBlackSite,numberOfRobotsOnWhiteSite
29537,30,14
timeStep,numberOfRobotsOnBlackSite,numberOfRobotsOnWhiteSite
29538,30,14
timeStep,numberOfRobotsOnBlackSite,numberOfRobotsOnWhiteSite
29539,30,14
timeStep,numberOfRobotsOnBlackSite,numberOfRobotsOnWhiteSite
29540,30,14
timeStep,numberOfRobotsOnBlackSite,numberOfRobotsOnWhiteSite
29541,30,14
timeStep,numberOfRobotsOnBlackSite,numberOfRobotsOnWhiteSite
29542,30,14
timeStep,numberOfRobotsOnBlackSite,numberOfRobotsOnWhiteSite
29543,30,14
timeStep,numberOfRobotsOnBlackSite,numberOfRobotsOnWhiteSite
29544,30,14
timeStep,numberOfRobotsOnBlackSite,numberOfRobotsOnWhiteSite
29545,30,15
timeStep,numberOfRobotsOnBlackSite,numberOfRobotsOnWhiteSite
29546,30,15
timeStep,numberOfRobotsOnBlackSite,numberOfRobotsOnWhiteSite
29547,30,15
timeStep,numberOfRobotsOnBlackSite,numberOfRobotsOnWhiteSite
29548,30,15
timeStep,numberOfRobotsOnBlackSite,numberOfRobotsOnWhiteSite
29549,30,15
timeStep,numberOfRobotsOnBlackSite,numberOfRobotsOnWhiteSite
29550,30,15
timeStep,numberOfRobotsOnBlackSite,numberOfRobotsOnWhiteSite
29551,30,15
timeStep,numberOfRobotsOnBlackSite,numberOfRobotsOnWhiteSite
29552,30,15
timeStep,numberOfRobotsOnBlackSite,numberOfRobotsOnWhiteSite
29553,30,15
timeStep,numberOfRobotsOnBlackSite,numberOfRobotsOnWhiteSite
29554,30,15
timeStep,numberOfRobotsOnBlackSite,numberOfRobotsOnWhiteSite
29555,30,15
timeStep,numberOfRobotsOnBlackSite,numberOfRobotsOnWhiteSite
29556,30,15
timeStep,numberOfRobotsOnBlackSite,numberOfRobotsOnWhiteSite
29557,30,15
timeStep,numberOfRobotsOnBlackSite,numberOfRobotsOnWhiteSite
29558,30,15
timeStep,numberOfRobotsOnBlackSite,numberOfRobotsOnWhiteSite
29559,30,15
timeStep,numberOfRobotsOnBlackSite,numberOfRobotsOnWhiteSite
29560,30,15
timeStep,numberOfRobotsOnBlackSite,numberOfRobotsOnWhiteSite
29561,30,15
timeStep,numberOfRobotsOnBlackSite,numberOfRobotsOnWhiteSite
29562,30,15
timeStep,numberOfRobotsOnBlackSite,numberOfRobotsOnWhiteSite
29563,30,15
timeStep,numberOfRobotsOnBlackSite,numberOfRobotsOnWhiteSite
29564,30,15
timeStep,numberOfRobotsOnBlackSite,numberOfRobotsOnWhiteSite
29565,30,15
timeStep,numberOfRobotsOnBlackSite,numberOfRobotsOnWhiteSite
29566,30,15
timeStep,numberOfRobotsOnBlackSite,numberOfRobotsOnWhiteSite
29567,30,15
timeStep,numberOfRobotsOnBlackSite,numberOfRobotsOnWhiteSite
29568,30,15
timeStep,numberOfRobotsOnBlackSite,numberOfRobotsOnWhiteSite
29569,30,15
timeStep,numberOfRobotsOnBlackSite,numberOfRobotsOnWhiteSite
29570,30,15
timeStep,numberOfRobotsOnBlackSite,numberOfRobotsOnWhiteSite
29571,30,15
timeStep,numberOfRobotsOnBlackSite,numberOfRobotsOnWhiteSite
29572,30,15
timeStep,numberOfRobotsOnBlackSite,numberOfRobotsOnWhiteSite
29573,30,15
timeStep,numberOfRobotsOnBlackSite,numberOfRobotsOnWhiteSite
29574,30,15
timeStep,numberOfRobotsOnBlackSite,numberOfRobotsOnWhiteSite
29575,30,15
timeStep,numberOfRobotsOnBlackSite,numberOfRobotsOnWhiteSite
29576,30,15
timeStep,numberOfRobotsOnBlackSite,numberOfRobotsOnWhiteSite
29577,30,15
timeStep,numberOfRobotsOnBlackSite,numberOfRobotsOnWhiteSite
29578,30,15
timeStep,numberOfRobotsOnBlackSite,numberOfRobotsOnWhiteSite
29579,30,15
timeStep,numberOfRobotsOnBlackSite,numberOfRobotsOnWhiteSite
29580,30,15
timeStep,numberOfRobotsOnBlackSite,numberOfRobotsOnWhiteSite
29581,30,15
timeStep,numberOfRobotsOnBlackSite,numberOfRobotsOnWhiteSite
29582,30,15
timeStep,numberOfRobotsOnBlackSite,numberOfRobotsOnWhiteSite
29583,30,15
timeStep,numberOfRobotsOnBlackSite,numberOfRobotsOnWhiteSite
29584,30,15
timeStep,numberOfRobotsOnBlackSite,numberOfRobotsOnWhiteSite
29585,30,15
timeStep,numberOfRobotsOnBlackSite,numberOfRobotsOnWhiteSite
29586,30,15
timeStep,numberOfRobotsOnBlackSite,numberOfRobotsOnWhiteSite
29587,30,15
timeStep,numberOfRobotsOnBlackSite,numberOfRobotsOnWhiteSite
29588,30,15
timeStep,numberOfRobotsOnBlackSite,numberOfRobotsOnWhiteSite
29589,30,15
timeStep,numberOfRobotsOnBlackSite,numberOfRobotsOnWhiteSite
29590,30,15
timeStep,numberOfRobotsOnBlackSite,numberOfRobotsOnWhiteSite
29591,30,15
timeStep,numberOfRobotsOnBlackSite,numberOfRobotsOnWhiteSite
29592,30,15
timeStep,numberOfRobotsOnBlackSite,numberOfRobotsOnWhiteSite
29593,30,15
timeStep,numberOfRobotsOnBlackSite,numberOfRobotsOnWhiteSite
29594,30,15
timeStep,numberOfRobotsOnBlackSite,numberOfRobotsOnWhiteSite
29595,30,15
timeStep,numberOfRobotsOnBlackSite,numberOfRobotsOnWhiteSite
29596,30,15
timeStep,numberOfRobotsOnBlackSite,numberOfRobotsOnWhiteSite
29597,30,15
timeStep,numberOfRobotsOnBlackSite,numberOfRobotsOnWhiteSite
29598,30,15
timeStep,numberOfRobotsOnBlackSite,numberOfRobotsOnWhiteSite
29599,30,15
timeStep,numberOfRobotsOnBlackSite,numberOfRobotsOnWhiteSite
29600,29,15
timeStep,numberOfRobotsOnBlackSite,numberOfRobotsOnWhiteSite
29601,29,15
timeStep,numberOfRobotsOnBlackSite,numberOfRobotsOnWhiteSite
29602,29,15
timeStep,numberOfRobotsOnBlackSite,numberOfRobotsOnWhiteSite
29603,29,15
timeStep,numberOfRobotsOnBlackSite,numberOfRobotsOnWhiteSite
29604,29,15
timeStep,numberOfRobotsOnBlackSite,numberOfRobotsOnWhiteSite
29605,29,15
timeStep,numberOfRobotsOnBlackSite,numberOfRobotsOnWhiteSite
29606,29,15
timeStep,numberOfRobotsOnBlackSite,numberOfRobotsOnWhiteSite
29607,29,15
timeStep,numberOfRobotsOnBlackSite,numberOfRobotsOnWhiteSite
29608,29,15
timeStep,numberOfRobotsOnBlackSite,numberOfRobotsOnWhiteSite
29609,29,15
timeStep,numberOfRobotsOnBlackSite,numberOfRobotsOnWhiteSite
29610,29,15
timeStep,numberOfRobotsOnBlackSite,numberOfRobotsOnWhiteSite
29611,29,15
timeStep,numberOfRobotsOnBlackSite,numberOfRobotsOnWhiteSite
29612,29,15
timeStep,numberOfRobotsOnBlackSite,numberOfRobotsOnWhiteSite
29613,29,15
timeStep,numberOfRobotsOnBlackSite,numberOfRobotsOnWhiteSite
29614,29,15
timeStep,numberOfRobotsOnBlackSite,numberOfRobotsOnWhiteSite
29615,29,15
timeStep,numberOfRobotsOnBlackSite,numberOfRobotsOnWhiteSite
29616,29,15
timeStep,numberOfRobotsOnBlackSite,numberOfRobotsOnWhiteSite
29617,29,15
timeStep,numberOfRobotsOnBlackSite,numberOfRobotsOnWhiteSite
29618,29,15
timeStep,numberOfRobotsOnBlackSite,numberOfRobotsOnWhiteSite
29619,29,15
timeStep,numberOfRobotsOnBlackSite,numberOfRobotsOnWhiteSite
29620,29,15
timeStep,numberOfRobotsOnBlackSite,numberOfRobotsOnWhiteSite
29621,29,15
timeStep,numberOfRobotsOnBlackSite,numberOfRobotsOnWhiteSite
29622,29,15
timeStep,numberOfRobotsOnBlackSite,numberOfRobotsOnWhiteSite
29623,29,15
timeStep,numberOfRobotsOnBlackSite,numberOfRobotsOnWhiteSite
29624,29,15
timeStep,numberOfRobotsOnBlackSite,numberOfRobotsOnWhiteSite
29625,29,15
timeStep,numberOfRobotsOnBlackSite,numberOfRobotsOnWhiteSite
29626,29,15
timeStep,numberOfRobotsOnBlackSite,numberOfRobotsOnWhiteSite
29627,29,15
timeStep,numberOfRobotsOnBlackSite,numberOfRobotsOnWhiteSite
29628,29,15
timeStep,numberOfRobotsOnBlackSite,numberOfRobotsOnWhiteSite
29629,29,15
timeStep,numberOfRobotsOnBlackSite,numberOfRobotsOnWhiteSite
29630,29,15
timeStep,numberOfRobotsOnBlackSite,numberOfRobotsOnWhiteSite
29631,29,15
timeStep,numberOfRobotsOnBlackSite,numberOfRobotsOnWhiteSite
29632,29,15
timeStep,numberOfRobotsOnBlackSite,numberOfRobotsOnWhiteSite
29633,29,15
timeStep,numberOfRobotsOnBlackSite,numberOfRobotsOnWhiteSite
29634,29,15
timeStep,numberOfRobotsOnBlackSite,numberOfRobotsOnWhiteSite
29635,29,15
timeStep,numberOfRobotsOnBlackSite,numberOfRobotsOnWhiteSite
29636,29,15
timeStep,numberOfRobotsOnBlackSite,numberOfRobotsOnWhiteSite
29637,29,15
timeStep,numberOfRobotsOnBlackSite,numberOfRobotsOnWhiteSite
29638,29,15
timeStep,numberOfRobotsOnBlackSite,numberOfRobotsOnWhiteSite
29639,29,15
timeStep,numberOfRobotsOnBlackSite,numberOfRobotsOnWhiteSite
29640,29,15
timeStep,numberOfRobotsOnBlackSite,numberOfRobotsOnWhiteSite
29641,29,15
timeStep,numberOfRobotsOnBlackSite,numberOfRobotsOnWhiteSite
29642,29,15
timeStep,numberOfRobotsOnBlackSite,numberOfRobotsOnWhiteSite
29643,29,15
timeStep,numberOfRobotsOnBlackSite,numberOfRobotsOnWhiteSite
29644,29,15
timeStep,numberOfRobotsOnBlackSite,numberOfRobotsOnWhiteSite
29645,29,15
timeStep,numberOfRobotsOnBlackSite,numberOfRobotsOnWhiteSite
29646,29,15
timeStep,numberOfRobotsOnBlackSite,numberOfRobotsOnWhiteSite
29647,29,15
timeStep,numberOfRobotsOnBlackSite,numberOfRobotsOnWhiteSite
29648,29,15
timeStep,numberOfRobotsOnBlackSite,numberOfRobotsOnWhiteSite
29649,29,15
timeStep,numberOfRobotsOnBlackSite,numberOfRobotsOnWhiteSite
29650,29,15
timeStep,numberOfRobotsOnBlackSite,numberOfRobotsOnWhiteSite
29651,29,15
timeStep,numberOfRobotsOnBlackSite,numberOfRobotsOnWhiteSite
29652,29,15
timeStep,numberOfRobotsOnBlackSite,numberOfRobotsOnWhiteSite
29653,29,15
timeStep,numberOfRobotsOnBlackSite,numberOfRobotsOnWhiteSite
29654,29,15
timeStep,numberOfRobotsOnBlackSite,numberOfRobotsOnWhiteSite
29655,29,15
timeStep,numberOfRobotsOnBlackSite,numberOfRobotsOnWhiteSite
29656,29,15
timeStep,numberOfRobotsOnBlackSite,numberOfRobotsOnWhiteSite
29657,29,15
timeStep,numberOfRobotsOnBlackSite,numberOfRobotsOnWhiteSite
29658,29,15
timeStep,numberOfRobotsOnBlackSite,numberOfRobotsOnWhiteSite
29659,29,15
timeStep,numberOfRobotsOnBlackSite,numberOfRobotsOnWhiteSite
29660,29,15
timeStep,numberOfRobotsOnBlackSite,numberOfRobotsOnWhiteSite
29661,29,15
timeStep,numberOfRobotsOnBlackSite,numberOfRobotsOnWhiteSite
29662,29,15
timeStep,numberOfRobotsOnBlackSite,numberOfRobotsOnWhiteSite
29663,29,15
timeStep,numberOfRobotsOnBlackSite,numberOfRobotsOnWhiteSite
29664,29,15
timeStep,numberOfRobotsOnBlackSite,numberOfRobotsOnWhiteSite
29665,29,15
timeStep,numberOfRobotsOnBlackSite,numberOfRobotsOnWhiteSite
29666,29,15
timeStep,numberOfRobotsOnBlackSite,numberOfRobotsOnWhiteSite
29667,29,15
timeStep,numberOfRobotsOnBlackSite,numberOfRobotsOnWhiteSite
29668,29,15
timeStep,numberOfRobotsOnBlackSite,numberOfRobotsOnWhiteSite
29669,29,15
timeStep,numberOfRobotsOnBlackSite,numberOfRobotsOnWhiteSite
29670,29,15
timeStep,numberOfRobotsOnBlackSite,numberOfRobotsOnWhiteSite
29671,29,15
timeStep,numberOfRobotsOnBlackSite,numberOfRobotsOnWhiteSite
29672,29,15
timeStep,numberOfRobotsOnBlackSite,numberOfRobotsOnWhiteSite
29673,29,15
timeStep,numberOfRobotsOnBlackSite,numberOfRobotsOnWhiteSite
29674,29,15
timeStep,numberOfRobotsOnBlackSite,numberOfRobotsOnWhiteSite
29675,29,15
timeStep,numberOfRobotsOnBlackSite,numberOfRobotsOnWhiteSite
29676,29,15
timeStep,numberOfRobotsOnBlackSite,numberOfRobotsOnWhiteSite
29677,29,15
timeStep,numberOfRobotsOnBlackSite,numberOfRobotsOnWhiteSite
29678,29,15
timeStep,numberOfRobotsOnBlackSite,numberOfRobotsOnWhiteSite
29679,29,15
timeStep,numberOfRobotsOnBlackSite,numberOfRobotsOnWhiteSite
29680,29,15
timeStep,numberOfRobotsOnBlackSite,numberOfRobotsOnWhiteSite
29681,29,15
timeStep,numberOfRobotsOnBlackSite,numberOfRobotsOnWhiteSite
29682,29,15
timeStep,numberOfRobotsOnBlackSite,numberOfRobotsOnWhiteSite
29683,29,15
timeStep,numberOfRobotsOnBlackSite,numberOfRobotsOnWhiteSite
29684,29,15
timeStep,numberOfRobotsOnBlackSite,numberOfRobotsOnWhiteSite
29685,29,15
timeStep,numberOfRobotsOnBlackSite,numberOfRobotsOnWhiteSite
29686,29,15
timeStep,numberOfRobotsOnBlackSite,numberOfRobotsOnWhiteSite
29687,29,15
timeStep,numberOfRobotsOnBlackSite,numberOfRobotsOnWhiteSite
29688,29,15
timeStep,numberOfRobotsOnBlackSite,numberOfRobotsOnWhiteSite
29689,29,15
timeStep,numberOfRobotsOnBlackSite,numberOfRobotsOnWhiteSite
29690,29,14
timeStep,numberOfRobotsOnBlackSite,numberOfRobotsOnWhiteSite
29691,29,14
timeStep,numberOfRobotsOnBlackSite,numberOfRobotsOnWhiteSite
29692,29,14
timeStep,numberOfRobotsOnBlackSite,numberOfRobotsOnWhiteSite
29693,29,14
timeStep,numberOfRobotsOnBlackSite,numberOfRobotsOnWhiteSite
29694,29,14
timeStep,numberOfRobotsOnBlackSite,numberOfRobotsOnWhiteSite
29695,29,14
timeStep,numberOfRobotsOnBlackSite,numberOfRobotsOnWhiteSite
29696,29,14
timeStep,numberOfRobotsOnBlackSite,numberOfRobotsOnWhiteSite
29697,29,14
timeStep,numberOfRobotsOnBlackSite,numberOfRobotsOnWhiteSite
29698,29,14
timeStep,numberOfRobotsOnBlackSite,numberOfRobotsOnWhiteSite
29699,29,14
timeStep,numberOfRobotsOnBlackSite,numberOfRobotsOnWhiteSite
29700,29,12
timeStep,numberOfRobotsOnBlackSite,numberOfRobotsOnWhiteSite
29701,29,12
timeStep,numberOfRobotsOnBlackSite,numberOfRobotsOnWhiteSite
29702,29,12
timeStep,numberOfRobotsOnBlackSite,numberOfRobotsOnWhiteSite
29703,29,12
timeStep,numberOfRobotsOnBlackSite,numberOfRobotsOnWhiteSite
29704,29,12
timeStep,numberOfRobotsOnBlackSite,numberOfRobotsOnWhiteSite
29705,29,12
timeStep,numberOfRobotsOnBlackSite,numberOfRobotsOnWhiteSite
29706,29,12
timeStep,numberOfRobotsOnBlackSite,numberOfRobotsOnWhiteSite
29707,29,12
timeStep,numberOfRobotsOnBlackSite,numberOfRobotsOnWhiteSite
29708,29,12
timeStep,numberOfRobotsOnBlackSite,numberOfRobotsOnWhiteSite
29709,29,12
timeStep,numberOfRobotsOnBlackSite,numberOfRobotsOnWhiteSite
29710,29,12
timeStep,numberOfRobotsOnBlackSite,numberOfRobotsOnWhiteSite
29711,29,12
timeStep,numberOfRobotsOnBlackSite,numberOfRobotsOnWhiteSite
29712,29,12
timeStep,numberOfRobotsOnBlackSite,numberOfRobotsOnWhiteSite
29713,29,12
timeStep,numberOfRobotsOnBlackSite,numberOfRobotsOnWhiteSite
29714,29,12
timeStep,numberOfRobotsOnBlackSite,numberOfRobotsOnWhiteSite
29715,29,12
timeStep,numberOfRobotsOnBlackSite,numberOfRobotsOnWhiteSite
29716,29,12
timeStep,numberOfRobotsOnBlackSite,numberOfRobotsOnWhiteSite
29717,29,12
timeStep,numberOfRobotsOnBlackSite,numberOfRobotsOnWhiteSite
29718,29,12
timeStep,numberOfRobotsOnBlackSite,numberOfRobotsOnWhiteSite
29719,29,12
timeStep,numberOfRobotsOnBlackSite,numberOfRobotsOnWhiteSite
29720,29,12
timeStep,numberOfRobotsOnBlackSite,numberOfRobotsOnWhiteSite
29721,29,12
timeStep,numberOfRobotsOnBlackSite,numberOfRobotsOnWhiteSite
29722,29,12
timeStep,numberOfRobotsOnBlackSite,numberOfRobotsOnWhiteSite
29723,29,12
timeStep,numberOfRobotsOnBlackSite,numberOfRobotsOnWhiteSite
29724,29,12
timeStep,numberOfRobotsOnBlackSite,numberOfRobotsOnWhiteSite
29725,29,12
timeStep,numberOfRobotsOnBlackSite,numberOfRobotsOnWhiteSite
29726,29,12
timeStep,numberOfRobotsOnBlackSite,numberOfRobotsOnWhiteSite
29727,29,12
timeStep,numberOfRobotsOnBlackSite,numberOfRobotsOnWhiteSite
29728,29,12
timeStep,numberOfRobotsOnBlackSite,numberOfRobotsOnWhiteSite
29729,29,12
timeStep,numberOfRobotsOnBlackSite,numberOfRobotsOnWhiteSite
29730,29,12
timeStep,numberOfRobotsOnBlackSite,numberOfRobotsOnWhiteSite
29731,29,12
timeStep,numberOfRobotsOnBlackSite,numberOfRobotsOnWhiteSite
29732,29,12
timeStep,numberOfRobotsOnBlackSite,numberOfRobotsOnWhiteSite
29733,29,12
timeStep,numberOfRobotsOnBlackSite,numberOfRobotsOnWhiteSite
29734,29,12
timeStep,numberOfRobotsOnBlackSite,numberOfRobotsOnWhiteSite
29735,29,13
timeStep,numberOfRobotsOnBlackSite,numberOfRobotsOnWhiteSite
29736,29,13
timeStep,numberOfRobotsOnBlackSite,numberOfRobotsOnWhiteSite
29737,29,13
timeStep,numberOfRobotsOnBlackSite,numberOfRobotsOnWhiteSite
29738,29,13
timeStep,numberOfRobotsOnBlackSite,numberOfRobotsOnWhiteSite
29739,29,13
timeStep,numberOfRobotsOnBlackSite,numberOfRobotsOnWhiteSite
29740,29,14
timeStep,numberOfRobotsOnBlackSite,numberOfRobotsOnWhiteSite
29741,29,14
timeStep,numberOfRobotsOnBlackSite,numberOfRobotsOnWhiteSite
29742,29,14
timeStep,numberOfRobotsOnBlackSite,numberOfRobotsOnWhiteSite
29743,29,14
timeStep,numberOfRobotsOnBlackSite,numberOfRobotsOnWhiteSite
29744,29,14
timeStep,numberOfRobotsOnBlackSite,numberOfRobotsOnWhiteSite
29745,29,14
timeStep,numberOfRobotsOnBlackSite,numberOfRobotsOnWhiteSite
29746,29,14
timeStep,numberOfRobotsOnBlackSite,numberOfRobotsOnWhiteSite
29747,29,14
timeStep,numberOfRobotsOnBlackSite,numberOfRobotsOnWhiteSite
29748,29,14
timeStep,numberOfRobotsOnBlackSite,numberOfRobotsOnWhiteSite
29749,29,14
timeStep,numberOfRobotsOnBlackSite,numberOfRobotsOnWhiteSite
29750,29,14
timeStep,numberOfRobotsOnBlackSite,numberOfRobotsOnWhiteSite
29751,29,14
timeStep,numberOfRobotsOnBlackSite,numberOfRobotsOnWhiteSite
29752,29,14
timeStep,numberOfRobotsOnBlackSite,numberOfRobotsOnWhiteSite
29753,29,14
timeStep,numberOfRobotsOnBlackSite,numberOfRobotsOnWhiteSite
29754,29,14
timeStep,numberOfRobotsOnBlackSite,numberOfRobotsOnWhiteSite
29755,29,15
timeStep,numberOfRobotsOnBlackSite,numberOfRobotsOnWhiteSite
29756,29,15
timeStep,numberOfRobotsOnBlackSite,numberOfRobotsOnWhiteSite
29757,29,15
timeStep,numberOfRobotsOnBlackSite,numberOfRobotsOnWhiteSite
29758,29,15
timeStep,numberOfRobotsOnBlackSite,numberOfRobotsOnWhiteSite
29759,29,15
timeStep,numberOfRobotsOnBlackSite,numberOfRobotsOnWhiteSite
29760,29,14
timeStep,numberOfRobotsOnBlackSite,numberOfRobotsOnWhiteSite
29761,29,14
timeStep,numberOfRobotsOnBlackSite,numberOfRobotsOnWhiteSite
29762,29,14
timeStep,numberOfRobotsOnBlackSite,numberOfRobotsOnWhiteSite
29763,29,14
timeStep,numberOfRobotsOnBlackSite,numberOfRobotsOnWhiteSite
29764,29,14
timeStep,numberOfRobotsOnBlackSite,numberOfRobotsOnWhiteSite
29765,29,14
timeStep,numberOfRobotsOnBlackSite,numberOfRobotsOnWhiteSite
29766,29,14
timeStep,numberOfRobotsOnBlackSite,numberOfRobotsOnWhiteSite
29767,29,14
timeStep,numberOfRobotsOnBlackSite,numberOfRobotsOnWhiteSite
29768,29,14
timeStep,numberOfRobotsOnBlackSite,numberOfRobotsOnWhiteSite
29769,29,14
timeStep,numberOfRobotsOnBlackSite,numberOfRobotsOnWhiteSite
29770,29,14
timeStep,numberOfRobotsOnBlackSite,numberOfRobotsOnWhiteSite
29771,29,14
timeStep,numberOfRobotsOnBlackSite,numberOfRobotsOnWhiteSite
29772,29,14
timeStep,numberOfRobotsOnBlackSite,numberOfRobotsOnWhiteSite
29773,29,14
timeStep,numberOfRobotsOnBlackSite,numberOfRobotsOnWhiteSite
29774,29,14
timeStep,numberOfRobotsOnBlackSite,numberOfRobotsOnWhiteSite
29775,29,14
timeStep,numberOfRobotsOnBlackSite,numberOfRobotsOnWhiteSite
29776,29,14
timeStep,numberOfRobotsOnBlackSite,numberOfRobotsOnWhiteSite
29777,29,14
timeStep,numberOfRobotsOnBlackSite,numberOfRobotsOnWhiteSite
29778,29,14
timeStep,numberOfRobotsOnBlackSite,numberOfRobotsOnWhiteSite
29779,29,14
timeStep,numberOfRobotsOnBlackSite,numberOfRobotsOnWhiteSite
29780,29,14
timeStep,numberOfRobotsOnBlackSite,numberOfRobotsOnWhiteSite
29781,29,14
timeStep,numberOfRobotsOnBlackSite,numberOfRobotsOnWhiteSite
29782,29,14
timeStep,numberOfRobotsOnBlackSite,numberOfRobotsOnWhiteSite
29783,29,14
timeStep,numberOfRobotsOnBlackSite,numberOfRobotsOnWhiteSite
29784,29,14
timeStep,numberOfRobotsOnBlackSite,numberOfRobotsOnWhiteSite
29785,29,14
timeStep,numberOfRobotsOnBlackSite,numberOfRobotsOnWhiteSite
29786,29,14
timeStep,numberOfRobotsOnBlackSite,numberOfRobotsOnWhiteSite
29787,29,14
timeStep,numberOfRobotsOnBlackSite,numberOfRobotsOnWhiteSite
29788,29,14
timeStep,numberOfRobotsOnBlackSite,numberOfRobotsOnWhiteSite
29789,29,14
timeStep,numberOfRobotsOnBlackSite,numberOfRobotsOnWhiteSite
29790,29,14
timeStep,numberOfRobotsOnBlackSite,numberOfRobotsOnWhiteSite
29791,29,14
timeStep,numberOfRobotsOnBlackSite,numberOfRobotsOnWhiteSite
29792,29,14
timeStep,numberOfRobotsOnBlackSite,numberOfRobotsOnWhiteSite
29793,29,14
timeStep,numberOfRobotsOnBlackSite,numberOfRobotsOnWhiteSite
29794,29,14
timeStep,numberOfRobotsOnBlackSite,numberOfRobotsOnWhiteSite
29795,29,14
timeStep,numberOfRobotsOnBlackSite,numberOfRobotsOnWhiteSite
29796,29,14
timeStep,numberOfRobotsOnBlackSite,numberOfRobotsOnWhiteSite
29797,29,14
timeStep,numberOfRobotsOnBlackSite,numberOfRobotsOnWhiteSite
29798,29,14
timeStep,numberOfRobotsOnBlackSite,numberOfRobotsOnWhiteSite
29799,29,14
timeStep,numberOfRobotsOnBlackSite,numberOfRobotsOnWhiteSite
29800,29,14
timeStep,numberOfRobotsOnBlackSite,numberOfRobotsOnWhiteSite
29801,29,14
timeStep,numberOfRobotsOnBlackSite,numberOfRobotsOnWhiteSite
29802,29,14
timeStep,numberOfRobotsOnBlackSite,numberOfRobotsOnWhiteSite
29803,29,14
timeStep,numberOfRobotsOnBlackSite,numberOfRobotsOnWhiteSite
29804,29,14
timeStep,numberOfRobotsOnBlackSite,numberOfRobotsOnWhiteSite
29805,30,14
timeStep,numberOfRobotsOnBlackSite,numberOfRobotsOnWhiteSite
29806,30,14
timeStep,numberOfRobotsOnBlackSite,numberOfRobotsOnWhiteSite
29807,30,14
timeStep,numberOfRobotsOnBlackSite,numberOfRobotsOnWhiteSite
29808,30,14
timeStep,numberOfRobotsOnBlackSite,numberOfRobotsOnWhiteSite
29809,30,14
timeStep,numberOfRobotsOnBlackSite,numberOfRobotsOnWhiteSite
29810,30,14
timeStep,numberOfRobotsOnBlackSite,numberOfRobotsOnWhiteSite
29811,30,14
timeStep,numberOfRobotsOnBlackSite,numberOfRobotsOnWhiteSite
29812,30,14
timeStep,numberOfRobotsOnBlackSite,numberOfRobotsOnWhiteSite
29813,30,14
timeStep,numberOfRobotsOnBlackSite,numberOfRobotsOnWhiteSite
29814,30,14
timeStep,numberOfRobotsOnBlackSite,numberOfRobotsOnWhiteSite
29815,30,14
timeStep,numberOfRobotsOnBlackSite,numberOfRobotsOnWhiteSite
29816,30,14
timeStep,numberOfRobotsOnBlackSite,numberOfRobotsOnWhiteSite
29817,30,14
timeStep,numberOfRobotsOnBlackSite,numberOfRobotsOnWhiteSite
29818,30,14
timeStep,numberOfRobotsOnBlackSite,numberOfRobotsOnWhiteSite
29819,30,14
timeStep,numberOfRobotsOnBlackSite,numberOfRobotsOnWhiteSite
29820,30,14
timeStep,numberOfRobotsOnBlackSite,numberOfRobotsOnWhiteSite
29821,30,14
timeStep,numberOfRobotsOnBlackSite,numberOfRobotsOnWhiteSite
29822,30,14
timeStep,numberOfRobotsOnBlackSite,numberOfRobotsOnWhiteSite
29823,30,14
timeStep,numberOfRobotsOnBlackSite,numberOfRobotsOnWhiteSite
29824,30,14
timeStep,numberOfRobotsOnBlackSite,numberOfRobotsOnWhiteSite
29825,30,14
timeStep,numberOfRobotsOnBlackSite,numberOfRobotsOnWhiteSite
29826,30,14
timeStep,numberOfRobotsOnBlackSite,numberOfRobotsOnWhiteSite
29827,30,14
timeStep,numberOfRobotsOnBlackSite,numberOfRobotsOnWhiteSite
29828,30,14
timeStep,numberOfRobotsOnBlackSite,numberOfRobotsOnWhiteSite
29829,30,14
timeStep,numberOfRobotsOnBlackSite,numberOfRobotsOnWhiteSite
29830,30,14
timeStep,numberOfRobotsOnBlackSite,numberOfRobotsOnWhiteSite
29831,30,14
timeStep,numberOfRobotsOnBlackSite,numberOfRobotsOnWhiteSite
29832,30,14
timeStep,numberOfRobotsOnBlackSite,numberOfRobotsOnWhiteSite
29833,30,14
timeStep,numberOfRobotsOnBlackSite,numberOfRobotsOnWhiteSite
29834,30,14
timeStep,numberOfRobotsOnBlackSite,numberOfRobotsOnWhiteSite
29835,30,14
timeStep,numberOfRobotsOnBlackSite,numberOfRobotsOnWhiteSite
29836,30,14
timeStep,numberOfRobotsOnBlackSite,numberOfRobotsOnWhiteSite
29837,30,14
timeStep,numberOfRobotsOnBlackSite,numberOfRobotsOnWhiteSite
29838,30,14
timeStep,numberOfRobotsOnBlackSite,numberOfRobotsOnWhiteSite
29839,30,14
timeStep,numberOfRobotsOnBlackSite,numberOfRobotsOnWhiteSite
29840,30,14
timeStep,numberOfRobotsOnBlackSite,numberOfRobotsOnWhiteSite
29841,30,14
timeStep,numberOfRobotsOnBlackSite,numberOfRobotsOnWhiteSite
29842,30,14
timeStep,numberOfRobotsOnBlackSite,numberOfRobotsOnWhiteSite
29843,30,14
timeStep,numberOfRobotsOnBlackSite,numberOfRobotsOnWhiteSite
29844,30,14
timeStep,numberOfRobotsOnBlackSite,numberOfRobotsOnWhiteSite
29845,30,14
timeStep,numberOfRobotsOnBlackSite,numberOfRobotsOnWhiteSite
29846,30,14
timeStep,numberOfRobotsOnBlackSite,numberOfRobotsOnWhiteSite
29847,30,14
timeStep,numberOfRobotsOnBlackSite,numberOfRobotsOnWhiteSite
29848,30,14
timeStep,numberOfRobotsOnBlackSite,numberOfRobotsOnWhiteSite
29849,30,14
timeStep,numberOfRobotsOnBlackSite,numberOfRobotsOnWhiteSite
29850,30,14
timeStep,numberOfRobotsOnBlackSite,numberOfRobotsOnWhiteSite
29851,30,14
timeStep,numberOfRobotsOnBlackSite,numberOfRobotsOnWhiteSite
29852,30,14
timeStep,numberOfRobotsOnBlackSite,numberOfRobotsOnWhiteSite
29853,30,14
timeStep,numberOfRobotsOnBlackSite,numberOfRobotsOnWhiteSite
29854,30,14
timeStep,numberOfRobotsOnBlackSite,numberOfRobotsOnWhiteSite
29855,30,14
timeStep,numberOfRobotsOnBlackSite,numberOfRobotsOnWhiteSite
29856,30,14
timeStep,numberOfRobotsOnBlackSite,numberOfRobotsOnWhiteSite
29857,30,14
timeStep,numberOfRobotsOnBlackSite,numberOfRobotsOnWhiteSite
29858,30,14
timeStep,numberOfRobotsOnBlackSite,numberOfRobotsOnWhiteSite
29859,30,14
timeStep,numberOfRobotsOnBlackSite,numberOfRobotsOnWhiteSite
29860,30,14
timeStep,numberOfRobotsOnBlackSite,numberOfRobotsOnWhiteSite
29861,30,14
timeStep,numberOfRobotsOnBlackSite,numberOfRobotsOnWhiteSite
29862,30,14
timeStep,numberOfRobotsOnBlackSite,numberOfRobotsOnWhiteSite
29863,30,14
timeStep,numberOfRobotsOnBlackSite,numberOfRobotsOnWhiteSite
29864,30,14
timeStep,numberOfRobotsOnBlackSite,numberOfRobotsOnWhiteSite
29865,30,14
timeStep,numberOfRobotsOnBlackSite,numberOfRobotsOnWhiteSite
29866,30,14
timeStep,numberOfRobotsOnBlackSite,numberOfRobotsOnWhiteSite
29867,30,14
timeStep,numberOfRobotsOnBlackSite,numberOfRobotsOnWhiteSite
29868,30,14
timeStep,numberOfRobotsOnBlackSite,numberOfRobotsOnWhiteSite
29869,30,14
timeStep,numberOfRobotsOnBlackSite,numberOfRobotsOnWhiteSite
29870,30,14
timeStep,numberOfRobotsOnBlackSite,numberOfRobotsOnWhiteSite
29871,30,14
timeStep,numberOfRobotsOnBlackSite,numberOfRobotsOnWhiteSite
29872,30,14
timeStep,numberOfRobotsOnBlackSite,numberOfRobotsOnWhiteSite
29873,30,14
timeStep,numberOfRobotsOnBlackSite,numberOfRobotsOnWhiteSite
29874,30,14
timeStep,numberOfRobotsOnBlackSite,numberOfRobotsOnWhiteSite
29875,30,14
timeStep,numberOfRobotsOnBlackSite,numberOfRobotsOnWhiteSite
29876,30,14
timeStep,numberOfRobotsOnBlackSite,numberOfRobotsOnWhiteSite
29877,30,14
timeStep,numberOfRobotsOnBlackSite,numberOfRobotsOnWhiteSite
29878,30,14
timeStep,numberOfRobotsOnBlackSite,numberOfRobotsOnWhiteSite
29879,30,14
timeStep,numberOfRobotsOnBlackSite,numberOfRobotsOnWhiteSite
29880,30,14
timeStep,numberOfRobotsOnBlackSite,numberOfRobotsOnWhiteSite
29881,30,14
timeStep,numberOfRobotsOnBlackSite,numberOfRobotsOnWhiteSite
29882,30,14
timeStep,numberOfRobotsOnBlackSite,numberOfRobotsOnWhiteSite
29883,30,14
timeStep,numberOfRobotsOnBlackSite,numberOfRobotsOnWhiteSite
29884,30,14
timeStep,numberOfRobotsOnBlackSite,numberOfRobotsOnWhiteSite
29885,30,14
timeStep,numberOfRobotsOnBlackSite,numberOfRobotsOnWhiteSite
29886,30,14
timeStep,numberOfRobotsOnBlackSite,numberOfRobotsOnWhiteSite
29887,30,14
timeStep,numberOfRobotsOnBlackSite,numberOfRobotsOnWhiteSite
29888,30,14
timeStep,numberOfRobotsOnBlackSite,numberOfRobotsOnWhiteSite
29889,30,14
timeStep,numberOfRobotsOnBlackSite,numberOfRobotsOnWhiteSite
29890,30,14
timeStep,numberOfRobotsOnBlackSite,numberOfRobotsOnWhiteSite
29891,30,14
timeStep,numberOfRobotsOnBlackSite,numberOfRobotsOnWhiteSite
29892,30,14
timeStep,numberOfRobotsOnBlackSite,numberOfRobotsOnWhiteSite
29893,30,14
timeStep,numberOfRobotsOnBlackSite,numberOfRobotsOnWhiteSite
29894,30,14
timeStep,numberOfRobotsOnBlackSite,numberOfRobotsOnWhiteSite
29895,30,14
timeStep,numberOfRobotsOnBlackSite,numberOfRobotsOnWhiteSite
29896,30,14
timeStep,numberOfRobotsOnBlackSite,numberOfRobotsOnWhiteSite
29897,30,14
timeStep,numberOfRobotsOnBlackSite,numberOfRobotsOnWhiteSite
29898,30,14
timeStep,numberOfRobotsOnBlackSite,numberOfRobotsOnWhiteSite
29899,30,14
timeStep,numberOfRobotsOnBlackSite,numberOfRobotsOnWhiteSite
29900,30,14
timeStep,numberOfRobotsOnBlackSite,numberOfRobotsOnWhiteSite
29901,30,14
timeStep,numberOfRobotsOnBlackSite,numberOfRobotsOnWhiteSite
29902,30,14
timeStep,numberOfRobotsOnBlackSite,numberOfRobotsOnWhiteSite
29903,30,14
timeStep,numberOfRobotsOnBlackSite,numberOfRobotsOnWhiteSite
29904,30,14
timeStep,numberOfRobotsOnBlackSite,numberOfRobotsOnWhiteSite
29905,31,14
timeStep,numberOfRobotsOnBlackSite,numberOfRobotsOnWhiteSite
29906,31,14
timeStep,numberOfRobotsOnBlackSite,numberOfRobotsOnWhiteSite
29907,31,14
timeStep,numberOfRobotsOnBlackSite,numberOfRobotsOnWhiteSite
29908,31,14
timeStep,numberOfRobotsOnBlackSite,numberOfRobotsOnWhiteSite
29909,31,14
timeStep,numberOfRobotsOnBlackSite,numberOfRobotsOnWhiteSite
29910,30,14
timeStep,numberOfRobotsOnBlackSite,numberOfRobotsOnWhiteSite
29911,30,14
timeStep,numberOfRobotsOnBlackSite,numberOfRobotsOnWhiteSite
29912,30,14
timeStep,numberOfRobotsOnBlackSite,numberOfRobotsOnWhiteSite
29913,30,14
timeStep,numberOfRobotsOnBlackSite,numberOfRobotsOnWhiteSite
29914,30,14
timeStep,numberOfRobotsOnBlackSite,numberOfRobotsOnWhiteSite
29915,30,14
timeStep,numberOfRobotsOnBlackSite,numberOfRobotsOnWhiteSite
29916,30,14
timeStep,numberOfRobotsOnBlackSite,numberOfRobotsOnWhiteSite
29917,30,14
timeStep,numberOfRobotsOnBlackSite,numberOfRobotsOnWhiteSite
29918,30,14
timeStep,numberOfRobotsOnBlackSite,numberOfRobotsOnWhiteSite
29919,30,14
timeStep,numberOfRobotsOnBlackSite,numberOfRobotsOnWhiteSite
29920,30,14
timeStep,numberOfRobotsOnBlackSite,numberOfRobotsOnWhiteSite
29921,30,14
timeStep,numberOfRobotsOnBlackSite,numberOfRobotsOnWhiteSite
29922,30,14
timeStep,numberOfRobotsOnBlackSite,numberOfRobotsOnWhiteSite
29923,30,14
timeStep,numberOfRobotsOnBlackSite,numberOfRobotsOnWhiteSite
29924,30,14
timeStep,numberOfRobotsOnBlackSite,numberOfRobotsOnWhiteSite
29925,30,13
timeStep,numberOfRobotsOnBlackSite,numberOfRobotsOnWhiteSite
29926,30,13
timeStep,numberOfRobotsOnBlackSite,numberOfRobotsOnWhiteSite
29927,30,13
timeStep,numberOfRobotsOnBlackSite,numberOfRobotsOnWhiteSite
29928,30,13
timeStep,numberOfRobotsOnBlackSite,numberOfRobotsOnWhiteSite
29929,30,13
timeStep,numberOfRobotsOnBlackSite,numberOfRobotsOnWhiteSite
29930,29,13
timeStep,numberOfRobotsOnBlackSite,numberOfRobotsOnWhiteSite
29931,29,13
timeStep,numberOfRobotsOnBlackSite,numberOfRobotsOnWhiteSite
29932,29,13
timeStep,numberOfRobotsOnBlackSite,numberOfRobotsOnWhiteSite
29933,29,13
timeStep,numberOfRobotsOnBlackSite,numberOfRobotsOnWhiteSite
29934,29,13
timeStep,numberOfRobotsOnBlackSite,numberOfRobotsOnWhiteSite
29935,29,13
timeStep,numberOfRobotsOnBlackSite,numberOfRobotsOnWhiteSite
29936,29,13
timeStep,numberOfRobotsOnBlackSite,numberOfRobotsOnWhiteSite
29937,29,13
timeStep,numberOfRobotsOnBlackSite,numberOfRobotsOnWhiteSite
29938,29,13
timeStep,numberOfRobotsOnBlackSite,numberOfRobotsOnWhiteSite
29939,29,13
timeStep,numberOfRobotsOnBlackSite,numberOfRobotsOnWhiteSite
29940,29,13
timeStep,numberOfRobotsOnBlackSite,numberOfRobotsOnWhiteSite
29941,29,13
timeStep,numberOfRobotsOnBlackSite,numberOfRobotsOnWhiteSite
29942,29,13
timeStep,numberOfRobotsOnBlackSite,numberOfRobotsOnWhiteSite
29943,29,13
timeStep,numberOfRobotsOnBlackSite,numberOfRobotsOnWhiteSite
29944,29,13
timeStep,numberOfRobotsOnBlackSite,numberOfRobotsOnWhiteSite
29945,29,14
timeStep,numberOfRobotsOnBlackSite,numberOfRobotsOnWhiteSite
29946,29,14
timeStep,numberOfRobotsOnBlackSite,numberOfRobotsOnWhiteSite
29947,29,14
timeStep,numberOfRobotsOnBlackSite,numberOfRobotsOnWhiteSite
29948,29,14
timeStep,numberOfRobotsOnBlackSite,numberOfRobotsOnWhiteSite
29949,29,14
timeStep,numberOfRobotsOnBlackSite,numberOfRobotsOnWhiteSite
29950,29,13
timeStep,numberOfRobotsOnBlackSite,numberOfRobotsOnWhiteSite
29951,29,13
timeStep,numberOfRobotsOnBlackSite,numberOfRobotsOnWhiteSite
29952,29,13
timeStep,numberOfRobotsOnBlackSite,numberOfRobotsOnWhiteSite
29953,29,13
timeStep,numberOfRobotsOnBlackSite,numberOfRobotsOnWhiteSite
29954,29,13
timeStep,numberOfRobotsOnBlackSite,numberOfRobotsOnWhiteSite
29955,29,13
timeStep,numberOfRobotsOnBlackSite,numberOfRobotsOnWhiteSite
29956,29,13
timeStep,numberOfRobotsOnBlackSite,numberOfRobotsOnWhiteSite
29957,29,13
timeStep,numberOfRobotsOnBlackSite,numberOfRobotsOnWhiteSite
29958,29,13
timeStep,numberOfRobotsOnBlackSite,numberOfRobotsOnWhiteSite
29959,29,13
timeStep,numberOfRobotsOnBlackSite,numberOfRobotsOnWhiteSite
29960,29,13
timeStep,numberOfRobotsOnBlackSite,numberOfRobotsOnWhiteSite
29961,29,13
timeStep,numberOfRobotsOnBlackSite,numberOfRobotsOnWhiteSite
29962,29,13
timeStep,numberOfRobotsOnBlackSite,numberOfRobotsOnWhiteSite
29963,29,13
timeStep,numberOfRobotsOnBlackSite,numberOfRobotsOnWhiteSite
29964,29,13
timeStep,numberOfRobotsOnBlackSite,numberOfRobotsOnWhiteSite
29965,29,13
timeStep,numberOfRobotsOnBlackSite,numberOfRobotsOnWhiteSite
29966,29,13
timeStep,numberOfRobotsOnBlackSite,numberOfRobotsOnWhiteSite
29967,29,13
timeStep,numberOfRobotsOnBlackSite,numberOfRobotsOnWhiteSite
29968,29,13
timeStep,numberOfRobotsOnBlackSite,numberOfRobotsOnWhiteSite
29969,29,13
timeStep,numberOfRobotsOnBlackSite,numberOfRobotsOnWhiteSite
29970,29,13
timeStep,numberOfRobotsOnBlackSite,numberOfRobotsOnWhiteSite
29971,29,13
timeStep,numberOfRobotsOnBlackSite,numberOfRobotsOnWhiteSite
29972,29,13
timeStep,numberOfRobotsOnBlackSite,numberOfRobotsOnWhiteSite
29973,29,13
timeStep,numberOfRobotsOnBlackSite,numberOfRobotsOnWhiteSite
29974,29,13
timeStep,numberOfRobotsOnBlackSite,numberOfRobotsOnWhiteSite
29975,29,13
timeStep,numberOfRobotsOnBlackSite,numberOfRobotsOnWhiteSite
29976,29,13
timeStep,numberOfRobotsOnBlackSite,numberOfRobotsOnWhiteSite
29977,29,13
timeStep,numberOfRobotsOnBlackSite,numberOfRobotsOnWhiteSite
29978,29,13
timeStep,numberOfRobotsOnBlackSite,numberOfRobotsOnWhiteSite
29979,29,13
timeStep,numberOfRobotsOnBlackSite,numberOfRobotsOnWhiteSite
29980,29,13
timeStep,numberOfRobotsOnBlackSite,numberOfRobotsOnWhiteSite
29981,29,13
timeStep,numberOfRobotsOnBlackSite,numberOfRobotsOnWhiteSite
29982,29,13
timeStep,numberOfRobotsOnBlackSite,numberOfRobotsOnWhiteSite
29983,29,13
timeStep,numberOfRobotsOnBlackSite,numberOfRobotsOnWhiteSite
29984,29,13
timeStep,numberOfRobotsOnBlackSite,numberOfRobotsOnWhiteSite
29985,29,13
timeStep,numberOfRobotsOnBlackSite,numberOfRobotsOnWhiteSite
29986,29,13
timeStep,numberOfRobotsOnBlackSite,numberOfRobotsOnWhiteSite
29987,29,13
timeStep,numberOfRobotsOnBlackSite,numberOfRobotsOnWhiteSite
29988,29,13
timeStep,numberOfRobotsOnBlackSite,numberOfRobotsOnWhiteSite
29989,29,13
timeStep,numberOfRobotsOnBlackSite,numberOfRobotsOnWhiteSite
29990,29,13
timeStep,numberOfRobotsOnBlackSite,numberOfRobotsOnWhiteSite
29991,29,13
timeStep,numberOfRobotsOnBlackSite,numberOfRobotsOnWhiteSite
29992,29,13
timeStep,numberOfRobotsOnBlackSite,numberOfRobotsOnWhiteSite
29993,29,13
timeStep,numberOfRobotsOnBlackSite,numberOfRobotsOnWhiteSite
29994,29,13
timeStep,numberOfRobotsOnBlackSite,numberOfRobotsOnWhiteSite
29995,29,13
timeStep,numberOfRobotsOnBlackSite,numberOfRobotsOnWhiteSite
29996,29,13
timeStep,numberOfRobotsOnBlackSite,numberOfRobotsOnWhiteSite
29997,29,13
timeStep,numberOfRobotsOnBlackSite,numberOfRobotsOnWhiteSite
29998,29,13
timeStep,numberOfRobotsOnBlackSite,numberOfRobotsOnWhiteSite
29999,29,13
timeStep,numberOfRobotsOnBlackSite,numberOfRobotsOnWhiteSite
30000,29,13
timeStep,numberOfRobotsOnBlackSite,numberOfRobotsOnWhiteSite
30001,29,13
timeStep,numberOfRobotsOnBlackSite,numberOfRobotsOnWhiteSite
30002,29,13
timeStep,numberOfRobotsOnBlackSite,numberOfRobotsOnWhiteSite
30003,29,13
timeStep,numberOfRobotsOnBlackSite,numberOfRobotsOnWhiteSite
30004,29,13
timeStep,numberOfRobotsOnBlackSite,numberOfRobotsOnWhiteSite
30005,29,13
timeStep,numberOfRobotsOnBlackSite,numberOfRobotsOnWhiteSite
30006,29,13
timeStep,numberOfRobotsOnBlackSite,numberOfRobotsOnWhiteSite
30007,29,13
timeStep,numberOfRobotsOnBlackSite,numberOfRobotsOnWhiteSite
30008,29,13
timeStep,numberOfRobotsOnBlackSite,numberOfRobotsOnWhiteSite
30009,29,13
timeStep,numberOfRobotsOnBlackSite,numberOfRobotsOnWhiteSite
30010,29,13
timeStep,numberOfRobotsOnBlackSite,numberOfRobotsOnWhiteSite
30011,29,13
timeStep,numberOfRobotsOnBlackSite,numberOfRobotsOnWhiteSite
30012,29,13
timeStep,numberOfRobotsOnBlackSite,numberOfRobotsOnWhiteSite
30013,29,13
timeStep,numberOfRobotsOnBlackSite,numberOfRobotsOnWhiteSite
30014,29,13
timeStep,numberOfRobotsOnBlackSite,numberOfRobotsOnWhiteSite
30015,29,13
timeStep,numberOfRobotsOnBlackSite,numberOfRobotsOnWhiteSite
30016,29,13
timeStep,numberOfRobotsOnBlackSite,numberOfRobotsOnWhiteSite
30017,29,13
timeStep,numberOfRobotsOnBlackSite,numberOfRobotsOnWhiteSite
30018,29,13
timeStep,numberOfRobotsOnBlackSite,numberOfRobotsOnWhiteSite
30019,29,13
timeStep,numberOfRobotsOnBlackSite,numberOfRobotsOnWhiteSite
30020,29,13
timeStep,numberOfRobotsOnBlackSite,numberOfRobotsOnWhiteSite
30021,29,13
timeStep,numberOfRobotsOnBlackSite,numberOfRobotsOnWhiteSite
30022,29,13
timeStep,numberOfRobotsOnBlackSite,numberOfRobotsOnWhiteSite
30023,29,13
timeStep,numberOfRobotsOnBlackSite,numberOfRobotsOnWhiteSite
30024,29,13
timeStep,numberOfRobotsOnBlackSite,numberOfRobotsOnWhiteSite
30025,29,13
timeStep,numberOfRobotsOnBlackSite,numberOfRobotsOnWhiteSite
30026,29,13
timeStep,numberOfRobotsOnBlackSite,numberOfRobotsOnWhiteSite
30027,29,13
timeStep,numberOfRobotsOnBlackSite,numberOfRobotsOnWhiteSite
30028,29,13
timeStep,numberOfRobotsOnBlackSite,numberOfRobotsOnWhiteSite
30029,29,13
timeStep,numberOfRobotsOnBlackSite,numberOfRobotsOnWhiteSite
30030,29,13
timeStep,numberOfRobotsOnBlackSite,numberOfRobotsOnWhiteSite
30031,29,13
timeStep,numberOfRobotsOnBlackSite,numberOfRobotsOnWhiteSite
30032,29,13
timeStep,numberOfRobotsOnBlackSite,numberOfRobotsOnWhiteSite
30033,29,13
timeStep,numberOfRobotsOnBlackSite,numberOfRobotsOnWhiteSite
30034,29,13
timeStep,numberOfRobotsOnBlackSite,numberOfRobotsOnWhiteSite
30035,29,13
timeStep,numberOfRobotsOnBlackSite,numberOfRobotsOnWhiteSite
30036,29,13
timeStep,numberOfRobotsOnBlackSite,numberOfRobotsOnWhiteSite
30037,29,13
timeStep,numberOfRobotsOnBlackSite,numberOfRobotsOnWhiteSite
30038,29,13
timeStep,numberOfRobotsOnBlackSite,numberOfRobotsOnWhiteSite
30039,29,13
timeStep,numberOfRobotsOnBlackSite,numberOfRobotsOnWhiteSite
30040,29,13
timeStep,numberOfRobotsOnBlackSite,numberOfRobotsOnWhiteSite
30041,29,13
timeStep,numberOfRobotsOnBlackSite,numberOfRobotsOnWhiteSite
30042,29,13
timeStep,numberOfRobotsOnBlackSite,numberOfRobotsOnWhiteSite
30043,29,13
timeStep,numberOfRobotsOnBlackSite,numberOfRobotsOnWhiteSite
30044,29,13
timeStep,numberOfRobotsOnBlackSite,numberOfRobotsOnWhiteSite
30045,29,13
timeStep,numberOfRobotsOnBlackSite,numberOfRobotsOnWhiteSite
30046,29,13
timeStep,numberOfRobotsOnBlackSite,numberOfRobotsOnWhiteSite
30047,29,13
timeStep,numberOfRobotsOnBlackSite,numberOfRobotsOnWhiteSite
30048,29,13
timeStep,numberOfRobotsOnBlackSite,numberOfRobotsOnWhiteSite
30049,29,13
timeStep,numberOfRobotsOnBlackSite,numberOfRobotsOnWhiteSite
30050,29,13
timeStep,numberOfRobotsOnBlackSite,numberOfRobotsOnWhiteSite
30051,29,13
timeStep,numberOfRobotsOnBlackSite,numberOfRobotsOnWhiteSite
30052,29,13
timeStep,numberOfRobotsOnBlackSite,numberOfRobotsOnWhiteSite
30053,29,13
timeStep,numberOfRobotsOnBlackSite,numberOfRobotsOnWhiteSite
30054,29,13
timeStep,numberOfRobotsOnBlackSite,numberOfRobotsOnWhiteSite
30055,29,13
timeStep,numberOfRobotsOnBlackSite,numberOfRobotsOnWhiteSite
30056,29,13
timeStep,numberOfRobotsOnBlackSite,numberOfRobotsOnWhiteSite
30057,29,13
timeStep,numberOfRobotsOnBlackSite,numberOfRobotsOnWhiteSite
30058,29,13
timeStep,numberOfRobotsOnBlackSite,numberOfRobotsOnWhiteSite
30059,29,13
timeStep,numberOfRobotsOnBlackSite,numberOfRobotsOnWhiteSite
30060,29,13
timeStep,numberOfRobotsOnBlackSite,numberOfRobotsOnWhiteSite
30061,29,13
timeStep,numberOfRobotsOnBlackSite,numberOfRobotsOnWhiteSite
30062,29,13
timeStep,numberOfRobotsOnBlackSite,numberOfRobotsOnWhiteSite
30063,29,13
timeStep,numberOfRobotsOnBlackSite,numberOfRobotsOnWhiteSite
30064,29,13
timeStep,numberOfRobotsOnBlackSite,numberOfRobotsOnWhiteSite
30065,29,13
timeStep,numberOfRobotsOnBlackSite,numberOfRobotsOnWhiteSite
30066,29,13
timeStep,numberOfRobotsOnBlackSite,numberOfRobotsOnWhiteSite
30067,29,13
timeStep,numberOfRobotsOnBlackSite,numberOfRobotsOnWhiteSite
30068,29,13
timeStep,numberOfRobotsOnBlackSite,numberOfRobotsOnWhiteSite
30069,29,13
timeStep,numberOfRobotsOnBlackSite,numberOfRobotsOnWhiteSite
30070,29,12
timeStep,numberOfRobotsOnBlackSite,numberOfRobotsOnWhiteSite
30071,29,12
timeStep,numberOfRobotsOnBlackSite,numberOfRobotsOnWhiteSite
30072,29,12
timeStep,numberOfRobotsOnBlackSite,numberOfRobotsOnWhiteSite
30073,29,12
timeStep,numberOfRobotsOnBlackSite,numberOfRobotsOnWhiteSite
30074,29,12
timeStep,numberOfRobotsOnBlackSite,numberOfRobotsOnWhiteSite
30075,29,12
timeStep,numberOfRobotsOnBlackSite,numberOfRobotsOnWhiteSite
30076,29,12
timeStep,numberOfRobotsOnBlackSite,numberOfRobotsOnWhiteSite
30077,29,12
timeStep,numberOfRobotsOnBlackSite,numberOfRobotsOnWhiteSite
30078,29,12
timeStep,numberOfRobotsOnBlackSite,numberOfRobotsOnWhiteSite
30079,29,12
timeStep,numberOfRobotsOnBlackSite,numberOfRobotsOnWhiteSite
30080,29,12
timeStep,numberOfRobotsOnBlackSite,numberOfRobotsOnWhiteSite
30081,29,12
timeStep,numberOfRobotsOnBlackSite,numberOfRobotsOnWhiteSite
30082,29,12
timeStep,numberOfRobotsOnBlackSite,numberOfRobotsOnWhiteSite
30083,29,12
timeStep,numberOfRobotsOnBlackSite,numberOfRobotsOnWhiteSite
30084,29,12
timeStep,numberOfRobotsOnBlackSite,numberOfRobotsOnWhiteSite
30085,29,12
timeStep,numberOfRobotsOnBlackSite,numberOfRobotsOnWhiteSite
30086,29,12
timeStep,numberOfRobotsOnBlackSite,numberOfRobotsOnWhiteSite
30087,29,12
timeStep,numberOfRobotsOnBlackSite,numberOfRobotsOnWhiteSite
30088,29,12
timeStep,numberOfRobotsOnBlackSite,numberOfRobotsOnWhiteSite
30089,29,12
timeStep,numberOfRobotsOnBlackSite,numberOfRobotsOnWhiteSite
30090,28,12
timeStep,numberOfRobotsOnBlackSite,numberOfRobotsOnWhiteSite
30091,28,12
timeStep,numberOfRobotsOnBlackSite,numberOfRobotsOnWhiteSite
30092,28,12
timeStep,numberOfRobotsOnBlackSite,numberOfRobotsOnWhiteSite
30093,28,12
timeStep,numberOfRobotsOnBlackSite,numberOfRobotsOnWhiteSite
30094,28,12
timeStep,numberOfRobotsOnBlackSite,numberOfRobotsOnWhiteSite
30095,28,12
timeStep,numberOfRobotsOnBlackSite,numberOfRobotsOnWhiteSite
30096,28,12
timeStep,numberOfRobotsOnBlackSite,numberOfRobotsOnWhiteSite
30097,28,12
timeStep,numberOfRobotsOnBlackSite,numberOfRobotsOnWhiteSite
30098,28,12
timeStep,numberOfRobotsOnBlackSite,numberOfRobotsOnWhiteSite
30099,28,12
timeStep,numberOfRobotsOnBlackSite,numberOfRobotsOnWhiteSite
30100,28,12
timeStep,numberOfRobotsOnBlackSite,numberOfRobotsOnWhiteSite
30101,28,12
timeStep,numberOfRobotsOnBlackSite,numberOfRobotsOnWhiteSite
30102,28,12
timeStep,numberOfRobotsOnBlackSite,numberOfRobotsOnWhiteSite
30103,28,12
timeStep,numberOfRobotsOnBlackSite,numberOfRobotsOnWhiteSite
30104,28,12
timeStep,numberOfRobotsOnBlackSite,numberOfRobotsOnWhiteSite
30105,28,12
timeStep,numberOfRobotsOnBlackSite,numberOfRobotsOnWhiteSite
30106,28,12
timeStep,numberOfRobotsOnBlackSite,numberOfRobotsOnWhiteSite
30107,28,12
timeStep,numberOfRobotsOnBlackSite,numberOfRobotsOnWhiteSite
30108,28,12
timeStep,numberOfRobotsOnBlackSite,numberOfRobotsOnWhiteSite
30109,28,12
timeStep,numberOfRobotsOnBlackSite,numberOfRobotsOnWhiteSite
30110,28,12
timeStep,numberOfRobotsOnBlackSite,numberOfRobotsOnWhiteSite
30111,28,12
timeStep,numberOfRobotsOnBlackSite,numberOfRobotsOnWhiteSite
30112,28,12
timeStep,numberOfRobotsOnBlackSite,numberOfRobotsOnWhiteSite
30113,28,12
timeStep,numberOfRobotsOnBlackSite,numberOfRobotsOnWhiteSite
30114,28,12
timeStep,numberOfRobotsOnBlackSite,numberOfRobotsOnWhiteSite
30115,28,12
timeStep,numberOfRobotsOnBlackSite,numberOfRobotsOnWhiteSite
30116,28,12
timeStep,numberOfRobotsOnBlackSite,numberOfRobotsOnWhiteSite
30117,28,12
timeStep,numberOfRobotsOnBlackSite,numberOfRobotsOnWhiteSite
30118,28,12
timeStep,numberOfRobotsOnBlackSite,numberOfRobotsOnWhiteSite
30119,28,12
timeStep,numberOfRobotsOnBlackSite,numberOfRobotsOnWhiteSite
30120,28,12
timeStep,numberOfRobotsOnBlackSite,numberOfRobotsOnWhiteSite
30121,28,12
timeStep,numberOfRobotsOnBlackSite,numberOfRobotsOnWhiteSite
30122,28,12
timeStep,numberOfRobotsOnBlackSite,numberOfRobotsOnWhiteSite
30123,28,12
timeStep,numberOfRobotsOnBlackSite,numberOfRobotsOnWhiteSite
30124,28,12
timeStep,numberOfRobotsOnBlackSite,numberOfRobotsOnWhiteSite
30125,28,12
timeStep,numberOfRobotsOnBlackSite,numberOfRobotsOnWhiteSite
30126,28,12
timeStep,numberOfRobotsOnBlackSite,numberOfRobotsOnWhiteSite
30127,28,12
timeStep,numberOfRobotsOnBlackSite,numberOfRobotsOnWhiteSite
30128,28,12
timeStep,numberOfRobotsOnBlackSite,numberOfRobotsOnWhiteSite
30129,28,12
timeStep,numberOfRobotsOnBlackSite,numberOfRobotsOnWhiteSite
30130,28,12
timeStep,numberOfRobotsOnBlackSite,numberOfRobotsOnWhiteSite
30131,28,12
timeStep,numberOfRobotsOnBlackSite,numberOfRobotsOnWhiteSite
30132,28,12
timeStep,numberOfRobotsOnBlackSite,numberOfRobotsOnWhiteSite
30133,28,12
timeStep,numberOfRobotsOnBlackSite,numberOfRobotsOnWhiteSite
30134,28,12
timeStep,numberOfRobotsOnBlackSite,numberOfRobotsOnWhiteSite
30135,28,12
timeStep,numberOfRobotsOnBlackSite,numberOfRobotsOnWhiteSite
30136,28,12
timeStep,numberOfRobotsOnBlackSite,numberOfRobotsOnWhiteSite
30137,28,12
timeStep,numberOfRobotsOnBlackSite,numberOfRobotsOnWhiteSite
30138,28,12
timeStep,numberOfRobotsOnBlackSite,numberOfRobotsOnWhiteSite
30139,28,12
timeStep,numberOfRobotsOnBlackSite,numberOfRobotsOnWhiteSite
30140,28,12
timeStep,numberOfRobotsOnBlackSite,numberOfRobotsOnWhiteSite
30141,28,12
timeStep,numberOfRobotsOnBlackSite,numberOfRobotsOnWhiteSite
30142,28,12
timeStep,numberOfRobotsOnBlackSite,numberOfRobotsOnWhiteSite
30143,28,12
timeStep,numberOfRobotsOnBlackSite,numberOfRobotsOnWhiteSite
30144,28,12
timeStep,numberOfRobotsOnBlackSite,numberOfRobotsOnWhiteSite
30145,28,12
timeStep,numberOfRobotsOnBlackSite,numberOfRobotsOnWhiteSite
30146,28,12
timeStep,numberOfRobotsOnBlackSite,numberOfRobotsOnWhiteSite
30147,28,12
timeStep,numberOfRobotsOnBlackSite,numberOfRobotsOnWhiteSite
30148,28,12
timeStep,numberOfRobotsOnBlackSite,numberOfRobotsOnWhiteSite
30149,28,12
timeStep,numberOfRobotsOnBlackSite,numberOfRobotsOnWhiteSite
30150,28,12
timeStep,numberOfRobotsOnBlackSite,numberOfRobotsOnWhiteSite
30151,28,12
timeStep,numberOfRobotsOnBlackSite,numberOfRobotsOnWhiteSite
30152,28,12
timeStep,numberOfRobotsOnBlackSite,numberOfRobotsOnWhiteSite
30153,28,12
timeStep,numberOfRobotsOnBlackSite,numberOfRobotsOnWhiteSite
30154,28,12
timeStep,numberOfRobotsOnBlackSite,numberOfRobotsOnWhiteSite
30155,28,12
timeStep,numberOfRobotsOnBlackSite,numberOfRobotsOnWhiteSite
30156,28,12
timeStep,numberOfRobotsOnBlackSite,numberOfRobotsOnWhiteSite
30157,28,12
timeStep,numberOfRobotsOnBlackSite,numberOfRobotsOnWhiteSite
30158,28,12
timeStep,numberOfRobotsOnBlackSite,numberOfRobotsOnWhiteSite
30159,28,12
timeStep,numberOfRobotsOnBlackSite,numberOfRobotsOnWhiteSite
30160,28,12
timeStep,numberOfRobotsOnBlackSite,numberOfRobotsOnWhiteSite
30161,28,12
timeStep,numberOfRobotsOnBlackSite,numberOfRobotsOnWhiteSite
30162,28,12
timeStep,numberOfRobotsOnBlackSite,numberOfRobotsOnWhiteSite
30163,28,12
timeStep,numberOfRobotsOnBlackSite,numberOfRobotsOnWhiteSite
30164,28,12
timeStep,numberOfRobotsOnBlackSite,numberOfRobotsOnWhiteSite
30165,28,13
timeStep,numberOfRobotsOnBlackSite,numberOfRobotsOnWhiteSite
30166,28,13
timeStep,numberOfRobotsOnBlackSite,numberOfRobotsOnWhiteSite
30167,28,13
timeStep,numberOfRobotsOnBlackSite,numberOfRobotsOnWhiteSite
30168,28,13
timeStep,numberOfRobotsOnBlackSite,numberOfRobotsOnWhiteSite
30169,28,13
timeStep,numberOfRobotsOnBlackSite,numberOfRobotsOnWhiteSite
30170,28,13
timeStep,numberOfRobotsOnBlackSite,numberOfRobotsOnWhiteSite
30171,28,13
timeStep,numberOfRobotsOnBlackSite,numberOfRobotsOnWhiteSite
30172,28,13
timeStep,numberOfRobotsOnBlackSite,numberOfRobotsOnWhiteSite
30173,28,13
timeStep,numberOfRobotsOnBlackSite,numberOfRobotsOnWhiteSite
30174,28,13
timeStep,numberOfRobotsOnBlackSite,numberOfRobotsOnWhiteSite
30175,28,13
timeStep,numberOfRobotsOnBlackSite,numberOfRobotsOnWhiteSite
30176,28,13
timeStep,numberOfRobotsOnBlackSite,numberOfRobotsOnWhiteSite
30177,28,13
timeStep,numberOfRobotsOnBlackSite,numberOfRobotsOnWhiteSite
30178,28,13
timeStep,numberOfRobotsOnBlackSite,numberOfRobotsOnWhiteSite
30179,28,13
timeStep,numberOfRobotsOnBlackSite,numberOfRobotsOnWhiteSite
30180,28,13
timeStep,numberOfRobotsOnBlackSite,numberOfRobotsOnWhiteSite
30181,28,13
timeStep,numberOfRobotsOnBlackSite,numberOfRobotsOnWhiteSite
30182,28,13
timeStep,numberOfRobotsOnBlackSite,numberOfRobotsOnWhiteSite
30183,28,13
timeStep,numberOfRobotsOnBlackSite,numberOfRobotsOnWhiteSite
30184,28,13
timeStep,numberOfRobotsOnBlackSite,numberOfRobotsOnWhiteSite
30185,28,13
timeStep,numberOfRobotsOnBlackSite,numberOfRobotsOnWhiteSite
30186,28,13
timeStep,numberOfRobotsOnBlackSite,numberOfRobotsOnWhiteSite
30187,28,13
timeStep,numberOfRobotsOnBlackSite,numberOfRobotsOnWhiteSite
30188,28,13
timeStep,numberOfRobotsOnBlackSite,numberOfRobotsOnWhiteSite
30189,28,13
timeStep,numberOfRobotsOnBlackSite,numberOfRobotsOnWhiteSite
30190,28,12
timeStep,numberOfRobotsOnBlackSite,numberOfRobotsOnWhiteSite
30191,28,12
timeStep,numberOfRobotsOnBlackSite,numberOfRobotsOnWhiteSite
30192,28,12
timeStep,numberOfRobotsOnBlackSite,numberOfRobotsOnWhiteSite
30193,28,12
timeStep,numberOfRobotsOnBlackSite,numberOfRobotsOnWhiteSite
30194,28,12
timeStep,numberOfRobotsOnBlackSite,numberOfRobotsOnWhiteSite
30195,28,12
timeStep,numberOfRobotsOnBlackSite,numberOfRobotsOnWhiteSite
30196,28,12
timeStep,numberOfRobotsOnBlackSite,numberOfRobotsOnWhiteSite
30197,28,12
timeStep,numberOfRobotsOnBlackSite,numberOfRobotsOnWhiteSite
30198,28,12
timeStep,numberOfRobotsOnBlackSite,numberOfRobotsOnWhiteSite
30199,28,12
timeStep,numberOfRobotsOnBlackSite,numberOfRobotsOnWhiteSite
30200,28,12
timeStep,numberOfRobotsOnBlackSite,numberOfRobotsOnWhiteSite
30201,28,12
timeStep,numberOfRobotsOnBlackSite,numberOfRobotsOnWhiteSite
30202,28,12
timeStep,numberOfRobotsOnBlackSite,numberOfRobotsOnWhiteSite
30203,28,12
timeStep,numberOfRobotsOnBlackSite,numberOfRobotsOnWhiteSite
30204,28,12
timeStep,numberOfRobotsOnBlackSite,numberOfRobotsOnWhiteSite
30205,28,13
timeStep,numberOfRobotsOnBlackSite,numberOfRobotsOnWhiteSite
30206,28,13
timeStep,numberOfRobotsOnBlackSite,numberOfRobotsOnWhiteSite
30207,28,13
timeStep,numberOfRobotsOnBlackSite,numberOfRobotsOnWhiteSite
30208,28,13
timeStep,numberOfRobotsOnBlackSite,numberOfRobotsOnWhiteSite
30209,28,13
timeStep,numberOfRobotsOnBlackSite,numberOfRobotsOnWhiteSite
30210,28,13
timeStep,numberOfRobotsOnBlackSite,numberOfRobotsOnWhiteSite
30211,28,13
timeStep,numberOfRobotsOnBlackSite,numberOfRobotsOnWhiteSite
30212,28,13
timeStep,numberOfRobotsOnBlackSite,numberOfRobotsOnWhiteSite
30213,28,13
timeStep,numberOfRobotsOnBlackSite,numberOfRobotsOnWhiteSite
30214,28,13
timeStep,numberOfRobotsOnBlackSite,numberOfRobotsOnWhiteSite
30215,28,13
timeStep,numberOfRobotsOnBlackSite,numberOfRobotsOnWhiteSite
30216,28,13
timeStep,numberOfRobotsOnBlackSite,numberOfRobotsOnWhiteSite
30217,28,13
timeStep,numberOfRobotsOnBlackSite,numberOfRobotsOnWhiteSite
30218,28,13
timeStep,numberOfRobotsOnBlackSite,numberOfRobotsOnWhiteSite
30219,28,13
timeStep,numberOfRobotsOnBlackSite,numberOfRobotsOnWhiteSite
30220,28,13
timeStep,numberOfRobotsOnBlackSite,numberOfRobotsOnWhiteSite
30221,28,13
timeStep,numberOfRobotsOnBlackSite,numberOfRobotsOnWhiteSite
30222,28,13
timeStep,numberOfRobotsOnBlackSite,numberOfRobotsOnWhiteSite
30223,28,13
timeStep,numberOfRobotsOnBlackSite,numberOfRobotsOnWhiteSite
30224,28,13
timeStep,numberOfRobotsOnBlackSite,numberOfRobotsOnWhiteSite
30225,28,13
timeStep,numberOfRobotsOnBlackSite,numberOfRobotsOnWhiteSite
30226,28,13
timeStep,numberOfRobotsOnBlackSite,numberOfRobotsOnWhiteSite
30227,28,13
timeStep,numberOfRobotsOnBlackSite,numberOfRobotsOnWhiteSite
30228,28,13
timeStep,numberOfRobotsOnBlackSite,numberOfRobotsOnWhiteSite
30229,28,13
timeStep,numberOfRobotsOnBlackSite,numberOfRobotsOnWhiteSite
30230,28,13
timeStep,numberOfRobotsOnBlackSite,numberOfRobotsOnWhiteSite
30231,28,13
timeStep,numberOfRobotsOnBlackSite,numberOfRobotsOnWhiteSite
30232,28,13
timeStep,numberOfRobotsOnBlackSite,numberOfRobotsOnWhiteSite
30233,28,13
timeStep,numberOfRobotsOnBlackSite,numberOfRobotsOnWhiteSite
30234,28,13
timeStep,numberOfRobotsOnBlackSite,numberOfRobotsOnWhiteSite
30235,28,13
timeStep,numberOfRobotsOnBlackSite,numberOfRobotsOnWhiteSite
30236,28,13
timeStep,numberOfRobotsOnBlackSite,numberOfRobotsOnWhiteSite
30237,28,13
timeStep,numberOfRobotsOnBlackSite,numberOfRobotsOnWhiteSite
30238,28,13
timeStep,numberOfRobotsOnBlackSite,numberOfRobotsOnWhiteSite
30239,28,13
timeStep,numberOfRobotsOnBlackSite,numberOfRobotsOnWhiteSite
30240,28,13
timeStep,numberOfRobotsOnBlackSite,numberOfRobotsOnWhiteSite
30241,28,13
timeStep,numberOfRobotsOnBlackSite,numberOfRobotsOnWhiteSite
30242,28,13
timeStep,numberOfRobotsOnBlackSite,numberOfRobotsOnWhiteSite
30243,28,13
timeStep,numberOfRobotsOnBlackSite,numberOfRobotsOnWhiteSite
30244,28,13
timeStep,numberOfRobotsOnBlackSite,numberOfRobotsOnWhiteSite
30245,28,13
timeStep,numberOfRobotsOnBlackSite,numberOfRobotsOnWhiteSite
30246,28,13
timeStep,numberOfRobotsOnBlackSite,numberOfRobotsOnWhiteSite
30247,28,13
timeStep,numberOfRobotsOnBlackSite,numberOfRobotsOnWhiteSite
30248,28,13
timeStep,numberOfRobotsOnBlackSite,numberOfRobotsOnWhiteSite
30249,28,13
timeStep,numberOfRobotsOnBlackSite,numberOfRobotsOnWhiteSite
30250,28,13
timeStep,numberOfRobotsOnBlackSite,numberOfRobotsOnWhiteSite
30251,28,13
timeStep,numberOfRobotsOnBlackSite,numberOfRobotsOnWhiteSite
30252,28,13
timeStep,numberOfRobotsOnBlackSite,numberOfRobotsOnWhiteSite
30253,28,13
timeStep,numberOfRobotsOnBlackSite,numberOfRobotsOnWhiteSite
30254,28,13
timeStep,numberOfRobotsOnBlackSite,numberOfRobotsOnWhiteSite
30255,28,13
timeStep,numberOfRobotsOnBlackSite,numberOfRobotsOnWhiteSite
30256,28,13
timeStep,numberOfRobotsOnBlackSite,numberOfRobotsOnWhiteSite
30257,28,13
timeStep,numberOfRobotsOnBlackSite,numberOfRobotsOnWhiteSite
30258,28,13
timeStep,numberOfRobotsOnBlackSite,numberOfRobotsOnWhiteSite
30259,28,13
timeStep,numberOfRobotsOnBlackSite,numberOfRobotsOnWhiteSite
30260,28,13
timeStep,numberOfRobotsOnBlackSite,numberOfRobotsOnWhiteSite
30261,28,13
timeStep,numberOfRobotsOnBlackSite,numberOfRobotsOnWhiteSite
30262,28,13
timeStep,numberOfRobotsOnBlackSite,numberOfRobotsOnWhiteSite
30263,28,13
timeStep,numberOfRobotsOnBlackSite,numberOfRobotsOnWhiteSite
30264,28,13
timeStep,numberOfRobotsOnBlackSite,numberOfRobotsOnWhiteSite
30265,28,13
timeStep,numberOfRobotsOnBlackSite,numberOfRobotsOnWhiteSite
30266,28,13
timeStep,numberOfRobotsOnBlackSite,numberOfRobotsOnWhiteSite
30267,28,13
timeStep,numberOfRobotsOnBlackSite,numberOfRobotsOnWhiteSite
30268,28,13
timeStep,numberOfRobotsOnBlackSite,numberOfRobotsOnWhiteSite
30269,28,13
timeStep,numberOfRobotsOnBlackSite,numberOfRobotsOnWhiteSite
30270,28,13
timeStep,numberOfRobotsOnBlackSite,numberOfRobotsOnWhiteSite
30271,28,13
timeStep,numberOfRobotsOnBlackSite,numberOfRobotsOnWhiteSite
30272,28,13
timeStep,numberOfRobotsOnBlackSite,numberOfRobotsOnWhiteSite
30273,28,13
timeStep,numberOfRobotsOnBlackSite,numberOfRobotsOnWhiteSite
30274,28,13
timeStep,numberOfRobotsOnBlackSite,numberOfRobotsOnWhiteSite
30275,28,13
timeStep,numberOfRobotsOnBlackSite,numberOfRobotsOnWhiteSite
30276,28,13
timeStep,numberOfRobotsOnBlackSite,numberOfRobotsOnWhiteSite
30277,28,13
timeStep,numberOfRobotsOnBlackSite,numberOfRobotsOnWhiteSite
30278,28,13
timeStep,numberOfRobotsOnBlackSite,numberOfRobotsOnWhiteSite
30279,28,13
timeStep,numberOfRobotsOnBlackSite,numberOfRobotsOnWhiteSite
30280,28,14
timeStep,numberOfRobotsOnBlackSite,numberOfRobotsOnWhiteSite
30281,28,14
timeStep,numberOfRobotsOnBlackSite,numberOfRobotsOnWhiteSite
30282,28,14
timeStep,numberOfRobotsOnBlackSite,numberOfRobotsOnWhiteSite
30283,28,14
timeStep,numberOfRobotsOnBlackSite,numberOfRobotsOnWhiteSite
30284,28,14
timeStep,numberOfRobotsOnBlackSite,numberOfRobotsOnWhiteSite
30285,28,14
timeStep,numberOfRobotsOnBlackSite,numberOfRobotsOnWhiteSite
30286,28,14
timeStep,numberOfRobotsOnBlackSite,numberOfRobotsOnWhiteSite
30287,28,14
timeStep,numberOfRobotsOnBlackSite,numberOfRobotsOnWhiteSite
30288,28,14
timeStep,numberOfRobotsOnBlackSite,numberOfRobotsOnWhiteSite
30289,28,14
timeStep,numberOfRobotsOnBlackSite,numberOfRobotsOnWhiteSite
30290,28,14
timeStep,numberOfRobotsOnBlackSite,numberOfRobotsOnWhiteSite
30291,28,14
timeStep,numberOfRobotsOnBlackSite,numberOfRobotsOnWhiteSite
30292,28,14
timeStep,numberOfRobotsOnBlackSite,numberOfRobotsOnWhiteSite
30293,28,14
timeStep,numberOfRobotsOnBlackSite,numberOfRobotsOnWhiteSite
30294,28,14
timeStep,numberOfRobotsOnBlackSite,numberOfRobotsOnWhiteSite
30295,28,14
timeStep,numberOfRobotsOnBlackSite,numberOfRobotsOnWhiteSite
30296,28,14
timeStep,numberOfRobotsOnBlackSite,numberOfRobotsOnWhiteSite
30297,28,14
timeStep,numberOfRobotsOnBlackSite,numberOfRobotsOnWhiteSite
30298,28,14
timeStep,numberOfRobotsOnBlackSite,numberOfRobotsOnWhiteSite
30299,28,14
timeStep,numberOfRobotsOnBlackSite,numberOfRobotsOnWhiteSite
30300,28,14
timeStep,numberOfRobotsOnBlackSite,numberOfRobotsOnWhiteSite
30301,28,14
timeStep,numberOfRobotsOnBlackSite,numberOfRobotsOnWhiteSite
30302,28,14
timeStep,numberOfRobotsOnBlackSite,numberOfRobotsOnWhiteSite
30303,28,14
timeStep,numberOfRobotsOnBlackSite,numberOfRobotsOnWhiteSite
30304,28,14
timeStep,numberOfRobotsOnBlackSite,numberOfRobotsOnWhiteSite
30305,28,14
timeStep,numberOfRobotsOnBlackSite,numberOfRobotsOnWhiteSite
30306,28,14
timeStep,numberOfRobotsOnBlackSite,numberOfRobotsOnWhiteSite
30307,28,14
timeStep,numberOfRobotsOnBlackSite,numberOfRobotsOnWhiteSite
30308,28,14
timeStep,numberOfRobotsOnBlackSite,numberOfRobotsOnWhiteSite
30309,28,14
timeStep,numberOfRobotsOnBlackSite,numberOfRobotsOnWhiteSite
30310,28,14
timeStep,numberOfRobotsOnBlackSite,numberOfRobotsOnWhiteSite
30311,28,14
timeStep,numberOfRobotsOnBlackSite,numberOfRobotsOnWhiteSite
30312,28,14
timeStep,numberOfRobotsOnBlackSite,numberOfRobotsOnWhiteSite
30313,28,14
timeStep,numberOfRobotsOnBlackSite,numberOfRobotsOnWhiteSite
30314,28,14
timeStep,numberOfRobotsOnBlackSite,numberOfRobotsOnWhiteSite
30315,28,14
timeStep,numberOfRobotsOnBlackSite,numberOfRobotsOnWhiteSite
30316,28,14
timeStep,numberOfRobotsOnBlackSite,numberOfRobotsOnWhiteSite
30317,28,14
timeStep,numberOfRobotsOnBlackSite,numberOfRobotsOnWhiteSite
30318,28,14
timeStep,numberOfRobotsOnBlackSite,numberOfRobotsOnWhiteSite
30319,28,14
timeStep,numberOfRobotsOnBlackSite,numberOfRobotsOnWhiteSite
30320,28,14
timeStep,numberOfRobotsOnBlackSite,numberOfRobotsOnWhiteSite
30321,28,14
timeStep,numberOfRobotsOnBlackSite,numberOfRobotsOnWhiteSite
30322,28,14
timeStep,numberOfRobotsOnBlackSite,numberOfRobotsOnWhiteSite
30323,28,14
timeStep,numberOfRobotsOnBlackSite,numberOfRobotsOnWhiteSite
30324,28,14
timeStep,numberOfRobotsOnBlackSite,numberOfRobotsOnWhiteSite
30325,28,14
timeStep,numberOfRobotsOnBlackSite,numberOfRobotsOnWhiteSite
30326,28,14
timeStep,numberOfRobotsOnBlackSite,numberOfRobotsOnWhiteSite
30327,28,14
timeStep,numberOfRobotsOnBlackSite,numberOfRobotsOnWhiteSite
30328,28,14
timeStep,numberOfRobotsOnBlackSite,numberOfRobotsOnWhiteSite
30329,28,14
timeStep,numberOfRobotsOnBlackSite,numberOfRobotsOnWhiteSite
30330,29,14
timeStep,numberOfRobotsOnBlackSite,numberOfRobotsOnWhiteSite
30331,29,14
timeStep,numberOfRobotsOnBlackSite,numberOfRobotsOnWhiteSite
30332,29,14
timeStep,numberOfRobotsOnBlackSite,numberOfRobotsOnWhiteSite
30333,29,14
timeStep,numberOfRobotsOnBlackSite,numberOfRobotsOnWhiteSite
30334,29,14
timeStep,numberOfRobotsOnBlackSite,numberOfRobotsOnWhiteSite
30335,29,14
timeStep,numberOfRobotsOnBlackSite,numberOfRobotsOnWhiteSite
30336,29,14
timeStep,numberOfRobotsOnBlackSite,numberOfRobotsOnWhiteSite
30337,29,14
timeStep,numberOfRobotsOnBlackSite,numberOfRobotsOnWhiteSite
30338,29,14
timeStep,numberOfRobotsOnBlackSite,numberOfRobotsOnWhiteSite
30339,29,14
timeStep,numberOfRobotsOnBlackSite,numberOfRobotsOnWhiteSite
30340,29,14
timeStep,numberOfRobotsOnBlackSite,numberOfRobotsOnWhiteSite
30341,29,14
timeStep,numberOfRobotsOnBlackSite,numberOfRobotsOnWhiteSite
30342,29,14
timeStep,numberOfRobotsOnBlackSite,numberOfRobotsOnWhiteSite
30343,29,14
timeStep,numberOfRobotsOnBlackSite,numberOfRobotsOnWhiteSite
30344,29,14
timeStep,numberOfRobotsOnBlackSite,numberOfRobotsOnWhiteSite
30345,29,14
timeStep,numberOfRobotsOnBlackSite,numberOfRobotsOnWhiteSite
30346,29,14
timeStep,numberOfRobotsOnBlackSite,numberOfRobotsOnWhiteSite
30347,29,14
timeStep,numberOfRobotsOnBlackSite,numberOfRobotsOnWhiteSite
30348,29,14
timeStep,numberOfRobotsOnBlackSite,numberOfRobotsOnWhiteSite
30349,29,14
timeStep,numberOfRobotsOnBlackSite,numberOfRobotsOnWhiteSite
30350,30,14
timeStep,numberOfRobotsOnBlackSite,numberOfRobotsOnWhiteSite
30351,30,14
timeStep,numberOfRobotsOnBlackSite,numberOfRobotsOnWhiteSite
30352,30,14
timeStep,numberOfRobotsOnBlackSite,numberOfRobotsOnWhiteSite
30353,30,14
timeStep,numberOfRobotsOnBlackSite,numberOfRobotsOnWhiteSite
30354,30,14
timeStep,numberOfRobotsOnBlackSite,numberOfRobotsOnWhiteSite
30355,30,14
timeStep,numberOfRobotsOnBlackSite,numberOfRobotsOnWhiteSite
30356,30,14
timeStep,numberOfRobotsOnBlackSite,numberOfRobotsOnWhiteSite
30357,30,14
timeStep,numberOfRobotsOnBlackSite,numberOfRobotsOnWhiteSite
30358,30,14
timeStep,numberOfRobotsOnBlackSite,numberOfRobotsOnWhiteSite
30359,30,14
timeStep,numberOfRobotsOnBlackSite,numberOfRobotsOnWhiteSite
30360,30,14
timeStep,numberOfRobotsOnBlackSite,numberOfRobotsOnWhiteSite
30361,30,14
timeStep,numberOfRobotsOnBlackSite,numberOfRobotsOnWhiteSite
30362,30,14
timeStep,numberOfRobotsOnBlackSite,numberOfRobotsOnWhiteSite
30363,30,14
timeStep,numberOfRobotsOnBlackSite,numberOfRobotsOnWhiteSite
30364,30,14
timeStep,numberOfRobotsOnBlackSite,numberOfRobotsOnWhiteSite
30365,30,14
timeStep,numberOfRobotsOnBlackSite,numberOfRobotsOnWhiteSite
30366,30,14
timeStep,numberOfRobotsOnBlackSite,numberOfRobotsOnWhiteSite
30367,30,14
timeStep,numberOfRobotsOnBlackSite,numberOfRobotsOnWhiteSite
30368,30,14
timeStep,numberOfRobotsOnBlackSite,numberOfRobotsOnWhiteSite
30369,30,14
timeStep,numberOfRobotsOnBlackSite,numberOfRobotsOnWhiteSite
30370,30,14
timeStep,numberOfRobotsOnBlackSite,numberOfRobotsOnWhiteSite
30371,30,14
timeStep,numberOfRobotsOnBlackSite,numberOfRobotsOnWhiteSite
30372,30,14
timeStep,numberOfRobotsOnBlackSite,numberOfRobotsOnWhiteSite
30373,30,14
timeStep,numberOfRobotsOnBlackSite,numberOfRobotsOnWhiteSite
30374,30,14
timeStep,numberOfRobotsOnBlackSite,numberOfRobotsOnWhiteSite
30375,30,14
timeStep,numberOfRobotsOnBlackSite,numberOfRobotsOnWhiteSite
30376,30,14
timeStep,numberOfRobotsOnBlackSite,numberOfRobotsOnWhiteSite
30377,30,14
timeStep,numberOfRobotsOnBlackSite,numberOfRobotsOnWhiteSite
30378,30,14
timeStep,numberOfRobotsOnBlackSite,numberOfRobotsOnWhiteSite
30379,30,14
timeStep,numberOfRobotsOnBlackSite,numberOfRobotsOnWhiteSite
30380,30,14
timeStep,numberOfRobotsOnBlackSite,numberOfRobotsOnWhiteSite
30381,30,14
timeStep,numberOfRobotsOnBlackSite,numberOfRobotsOnWhiteSite
30382,30,14
timeStep,numberOfRobotsOnBlackSite,numberOfRobotsOnWhiteSite
30383,30,14
timeStep,numberOfRobotsOnBlackSite,numberOfRobotsOnWhiteSite
30384,30,14
timeStep,numberOfRobotsOnBlackSite,numberOfRobotsOnWhiteSite
30385,30,14
timeStep,numberOfRobotsOnBlackSite,numberOfRobotsOnWhiteSite
30386,30,14
timeStep,numberOfRobotsOnBlackSite,numberOfRobotsOnWhiteSite
30387,30,14
timeStep,numberOfRobotsOnBlackSite,numberOfRobotsOnWhiteSite
30388,30,14
timeStep,numberOfRobotsOnBlackSite,numberOfRobotsOnWhiteSite
30389,30,14
timeStep,numberOfRobotsOnBlackSite,numberOfRobotsOnWhiteSite
30390,30,14
timeStep,numberOfRobotsOnBlackSite,numberOfRobotsOnWhiteSite
30391,30,14
timeStep,numberOfRobotsOnBlackSite,numberOfRobotsOnWhiteSite
30392,30,14
timeStep,numberOfRobotsOnBlackSite,numberOfRobotsOnWhiteSite
30393,30,14
timeStep,numberOfRobotsOnBlackSite,numberOfRobotsOnWhiteSite
30394,30,14
timeStep,numberOfRobotsOnBlackSite,numberOfRobotsOnWhiteSite
30395,29,14
timeStep,numberOfRobotsOnBlackSite,numberOfRobotsOnWhiteSite
30396,29,14
timeStep,numberOfRobotsOnBlackSite,numberOfRobotsOnWhiteSite
30397,29,14
timeStep,numberOfRobotsOnBlackSite,numberOfRobotsOnWhiteSite
30398,29,14
timeStep,numberOfRobotsOnBlackSite,numberOfRobotsOnWhiteSite
30399,29,14
timeStep,numberOfRobotsOnBlackSite,numberOfRobotsOnWhiteSite
30400,29,14
timeStep,numberOfRobotsOnBlackSite,numberOfRobotsOnWhiteSite
30401,29,14
timeStep,numberOfRobotsOnBlackSite,numberOfRobotsOnWhiteSite
30402,29,14
timeStep,numberOfRobotsOnBlackSite,numberOfRobotsOnWhiteSite
30403,29,14
timeStep,numberOfRobotsOnBlackSite,numberOfRobotsOnWhiteSite
30404,29,14
timeStep,numberOfRobotsOnBlackSite,numberOfRobotsOnWhiteSite
30405,29,14
timeStep,numberOfRobotsOnBlackSite,numberOfRobotsOnWhiteSite
30406,29,14
timeStep,numberOfRobotsOnBlackSite,numberOfRobotsOnWhiteSite
30407,29,14
timeStep,numberOfRobotsOnBlackSite,numberOfRobotsOnWhiteSite
30408,29,14
timeStep,numberOfRobotsOnBlackSite,numberOfRobotsOnWhiteSite
30409,29,14
timeStep,numberOfRobotsOnBlackSite,numberOfRobotsOnWhiteSite
30410,29,14
timeStep,numberOfRobotsOnBlackSite,numberOfRobotsOnWhiteSite
30411,29,14
timeStep,numberOfRobotsOnBlackSite,numberOfRobotsOnWhiteSite
30412,29,14
timeStep,numberOfRobotsOnBlackSite,numberOfRobotsOnWhiteSite
30413,29,14
timeStep,numberOfRobotsOnBlackSite,numberOfRobotsOnWhiteSite
30414,29,14
timeStep,numberOfRobotsOnBlackSite,numberOfRobotsOnWhiteSite
30415,29,14
timeStep,numberOfRobotsOnBlackSite,numberOfRobotsOnWhiteSite
30416,29,14
timeStep,numberOfRobotsOnBlackSite,numberOfRobotsOnWhiteSite
30417,29,14
timeStep,numberOfRobotsOnBlackSite,numberOfRobotsOnWhiteSite
30418,29,14
timeStep,numberOfRobotsOnBlackSite,numberOfRobotsOnWhiteSite
30419,29,14
timeStep,numberOfRobotsOnBlackSite,numberOfRobotsOnWhiteSite
30420,29,14
timeStep,numberOfRobotsOnBlackSite,numberOfRobotsOnWhiteSite
30421,29,14
timeStep,numberOfRobotsOnBlackSite,numberOfRobotsOnWhiteSite
30422,29,14
timeStep,numberOfRobotsOnBlackSite,numberOfRobotsOnWhiteSite
30423,29,14
timeStep,numberOfRobotsOnBlackSite,numberOfRobotsOnWhiteSite
30424,29,14
timeStep,numberOfRobotsOnBlackSite,numberOfRobotsOnWhiteSite
30425,29,14
timeStep,numberOfRobotsOnBlackSite,numberOfRobotsOnWhiteSite
30426,29,14
timeStep,numberOfRobotsOnBlackSite,numberOfRobotsOnWhiteSite
30427,29,14
timeStep,numberOfRobotsOnBlackSite,numberOfRobotsOnWhiteSite
30428,29,14
timeStep,numberOfRobotsOnBlackSite,numberOfRobotsOnWhiteSite
30429,29,14
timeStep,numberOfRobotsOnBlackSite,numberOfRobotsOnWhiteSite
30430,29,14
timeStep,numberOfRobotsOnBlackSite,numberOfRobotsOnWhiteSite
30431,29,14
timeStep,numberOfRobotsOnBlackSite,numberOfRobotsOnWhiteSite
30432,29,14
timeStep,numberOfRobotsOnBlackSite,numberOfRobotsOnWhiteSite
30433,29,14
timeStep,numberOfRobotsOnBlackSite,numberOfRobotsOnWhiteSite
30434,29,14
timeStep,numberOfRobotsOnBlackSite,numberOfRobotsOnWhiteSite
30435,29,14
timeStep,numberOfRobotsOnBlackSite,numberOfRobotsOnWhiteSite
30436,29,14
timeStep,numberOfRobotsOnBlackSite,numberOfRobotsOnWhiteSite
30437,29,14
timeStep,numberOfRobotsOnBlackSite,numberOfRobotsOnWhiteSite
30438,29,14
timeStep,numberOfRobotsOnBlackSite,numberOfRobotsOnWhiteSite
30439,29,14
timeStep,numberOfRobotsOnBlackSite,numberOfRobotsOnWhiteSite
30440,29,14
timeStep,numberOfRobotsOnBlackSite,numberOfRobotsOnWhiteSite
30441,29,14
timeStep,numberOfRobotsOnBlackSite,numberOfRobotsOnWhiteSite
30442,29,14
timeStep,numberOfRobotsOnBlackSite,numberOfRobotsOnWhiteSite
30443,29,14
timeStep,numberOfRobotsOnBlackSite,numberOfRobotsOnWhiteSite
30444,29,14
timeStep,numberOfRobotsOnBlackSite,numberOfRobotsOnWhiteSite
30445,29,14
timeStep,numberOfRobotsOnBlackSite,numberOfRobotsOnWhiteSite
30446,29,14
timeStep,numberOfRobotsOnBlackSite,numberOfRobotsOnWhiteSite
30447,29,14
timeStep,numberOfRobotsOnBlackSite,numberOfRobotsOnWhiteSite
30448,29,14
timeStep,numberOfRobotsOnBlackSite,numberOfRobotsOnWhiteSite
30449,29,14
timeStep,numberOfRobotsOnBlackSite,numberOfRobotsOnWhiteSite
30450,29,13
timeStep,numberOfRobotsOnBlackSite,numberOfRobotsOnWhiteSite
30451,29,13
timeStep,numberOfRobotsOnBlackSite,numberOfRobotsOnWhiteSite
30452,29,13
timeStep,numberOfRobotsOnBlackSite,numberOfRobotsOnWhiteSite
30453,29,13
timeStep,numberOfRobotsOnBlackSite,numberOfRobotsOnWhiteSite
30454,29,13
timeStep,numberOfRobotsOnBlackSite,numberOfRobotsOnWhiteSite
30455,29,13
timeStep,numberOfRobotsOnBlackSite,numberOfRobotsOnWhiteSite
30456,29,13
timeStep,numberOfRobotsOnBlackSite,numberOfRobotsOnWhiteSite
30457,29,13
timeStep,numberOfRobotsOnBlackSite,numberOfRobotsOnWhiteSite
30458,29,13
timeStep,numberOfRobotsOnBlackSite,numberOfRobotsOnWhiteSite
30459,29,13
timeStep,numberOfRobotsOnBlackSite,numberOfRobotsOnWhiteSite
30460,29,13
timeStep,numberOfRobotsOnBlackSite,numberOfRobotsOnWhiteSite
30461,29,13
timeStep,numberOfRobotsOnBlackSite,numberOfRobotsOnWhiteSite
30462,29,13
timeStep,numberOfRobotsOnBlackSite,numberOfRobotsOnWhiteSite
30463,29,13
timeStep,numberOfRobotsOnBlackSite,numberOfRobotsOnWhiteSite
30464,29,13
timeStep,numberOfRobotsOnBlackSite,numberOfRobotsOnWhiteSite
30465,29,13
timeStep,numberOfRobotsOnBlackSite,numberOfRobotsOnWhiteSite
30466,29,13
timeStep,numberOfRobotsOnBlackSite,numberOfRobotsOnWhiteSite
30467,29,13
timeStep,numberOfRobotsOnBlackSite,numberOfRobotsOnWhiteSite
30468,29,13
timeStep,numberOfRobotsOnBlackSite,numberOfRobotsOnWhiteSite
30469,29,13
timeStep,numberOfRobotsOnBlackSite,numberOfRobotsOnWhiteSite
30470,29,13
timeStep,numberOfRobotsOnBlackSite,numberOfRobotsOnWhiteSite
30471,29,13
timeStep,numberOfRobotsOnBlackSite,numberOfRobotsOnWhiteSite
30472,29,13
timeStep,numberOfRobotsOnBlackSite,numberOfRobotsOnWhiteSite
30473,29,13
timeStep,numberOfRobotsOnBlackSite,numberOfRobotsOnWhiteSite
30474,29,13
timeStep,numberOfRobotsOnBlackSite,numberOfRobotsOnWhiteSite
30475,29,13
timeStep,numberOfRobotsOnBlackSite,numberOfRobotsOnWhiteSite
30476,29,13
timeStep,numberOfRobotsOnBlackSite,numberOfRobotsOnWhiteSite
30477,29,13
timeStep,numberOfRobotsOnBlackSite,numberOfRobotsOnWhiteSite
30478,29,13
timeStep,numberOfRobotsOnBlackSite,numberOfRobotsOnWhiteSite
30479,29,13
timeStep,numberOfRobotsOnBlackSite,numberOfRobotsOnWhiteSite
30480,29,13
timeStep,numberOfRobotsOnBlackSite,numberOfRobotsOnWhiteSite
30481,29,13
timeStep,numberOfRobotsOnBlackSite,numberOfRobotsOnWhiteSite
30482,29,13
timeStep,numberOfRobotsOnBlackSite,numberOfRobotsOnWhiteSite
30483,29,13
timeStep,numberOfRobotsOnBlackSite,numberOfRobotsOnWhiteSite
30484,29,13
timeStep,numberOfRobotsOnBlackSite,numberOfRobotsOnWhiteSite
30485,29,13
timeStep,numberOfRobotsOnBlackSite,numberOfRobotsOnWhiteSite
30486,29,13
timeStep,numberOfRobotsOnBlackSite,numberOfRobotsOnWhiteSite
30487,29,13
timeStep,numberOfRobotsOnBlackSite,numberOfRobotsOnWhiteSite
30488,29,13
timeStep,numberOfRobotsOnBlackSite,numberOfRobotsOnWhiteSite
30489,29,13
timeStep,numberOfRobotsOnBlackSite,numberOfRobotsOnWhiteSite
30490,29,13
timeStep,numberOfRobotsOnBlackSite,numberOfRobotsOnWhiteSite
30491,29,13
timeStep,numberOfRobotsOnBlackSite,numberOfRobotsOnWhiteSite
30492,29,13
timeStep,numberOfRobotsOnBlackSite,numberOfRobotsOnWhiteSite
30493,29,13
timeStep,numberOfRobotsOnBlackSite,numberOfRobotsOnWhiteSite
30494,29,13
timeStep,numberOfRobotsOnBlackSite,numberOfRobotsOnWhiteSite
30495,29,13
timeStep,numberOfRobotsOnBlackSite,numberOfRobotsOnWhiteSite
30496,29,13
timeStep,numberOfRobotsOnBlackSite,numberOfRobotsOnWhiteSite
30497,29,13
timeStep,numberOfRobotsOnBlackSite,numberOfRobotsOnWhiteSite
30498,29,13
timeStep,numberOfRobotsOnBlackSite,numberOfRobotsOnWhiteSite
30499,29,13
timeStep,numberOfRobotsOnBlackSite,numberOfRobotsOnWhiteSite
30500,29,13
timeStep,numberOfRobotsOnBlackSite,numberOfRobotsOnWhiteSite
30501,29,13
timeStep,numberOfRobotsOnBlackSite,numberOfRobotsOnWhiteSite
30502,29,13
timeStep,numberOfRobotsOnBlackSite,numberOfRobotsOnWhiteSite
30503,29,13
timeStep,numberOfRobotsOnBlackSite,numberOfRobotsOnWhiteSite
30504,29,13
timeStep,numberOfRobotsOnBlackSite,numberOfRobotsOnWhiteSite
30505,29,13
timeStep,numberOfRobotsOnBlackSite,numberOfRobotsOnWhiteSite
30506,29,13
timeStep,numberOfRobotsOnBlackSite,numberOfRobotsOnWhiteSite
30507,29,13
timeStep,numberOfRobotsOnBlackSite,numberOfRobotsOnWhiteSite
30508,29,13
timeStep,numberOfRobotsOnBlackSite,numberOfRobotsOnWhiteSite
30509,29,13
timeStep,numberOfRobotsOnBlackSite,numberOfRobotsOnWhiteSite
30510,29,13
timeStep,numberOfRobotsOnBlackSite,numberOfRobotsOnWhiteSite
30511,29,13
timeStep,numberOfRobotsOnBlackSite,numberOfRobotsOnWhiteSite
30512,29,13
timeStep,numberOfRobotsOnBlackSite,numberOfRobotsOnWhiteSite
30513,29,13
timeStep,numberOfRobotsOnBlackSite,numberOfRobotsOnWhiteSite
30514,29,13
timeStep,numberOfRobotsOnBlackSite,numberOfRobotsOnWhiteSite
30515,29,13
timeStep,numberOfRobotsOnBlackSite,numberOfRobotsOnWhiteSite
30516,29,13
timeStep,numberOfRobotsOnBlackSite,numberOfRobotsOnWhiteSite
30517,29,13
timeStep,numberOfRobotsOnBlackSite,numberOfRobotsOnWhiteSite
30518,29,13
timeStep,numberOfRobotsOnBlackSite,numberOfRobotsOnWhiteSite
30519,29,13
timeStep,numberOfRobotsOnBlackSite,numberOfRobotsOnWhiteSite
30520,29,13
timeStep,numberOfRobotsOnBlackSite,numberOfRobotsOnWhiteSite
30521,29,13
timeStep,numberOfRobotsOnBlackSite,numberOfRobotsOnWhiteSite
30522,29,13
timeStep,numberOfRobotsOnBlackSite,numberOfRobotsOnWhiteSite
30523,29,13
timeStep,numberOfRobotsOnBlackSite,numberOfRobotsOnWhiteSite
30524,29,13
timeStep,numberOfRobotsOnBlackSite,numberOfRobotsOnWhiteSite
30525,29,14
timeStep,numberOfRobotsOnBlackSite,numberOfRobotsOnWhiteSite
30526,29,14
timeStep,numberOfRobotsOnBlackSite,numberOfRobotsOnWhiteSite
30527,29,14
timeStep,numberOfRobotsOnBlackSite,numberOfRobotsOnWhiteSite
30528,29,14
timeStep,numberOfRobotsOnBlackSite,numberOfRobotsOnWhiteSite
30529,29,14
timeStep,numberOfRobotsOnBlackSite,numberOfRobotsOnWhiteSite
30530,30,14
timeStep,numberOfRobotsOnBlackSite,numberOfRobotsOnWhiteSite
30531,30,14
timeStep,numberOfRobotsOnBlackSite,numberOfRobotsOnWhiteSite
30532,30,14
timeStep,numberOfRobotsOnBlackSite,numberOfRobotsOnWhiteSite
30533,30,14
timeStep,numberOfRobotsOnBlackSite,numberOfRobotsOnWhiteSite
30534,30,14
timeStep,numberOfRobotsOnBlackSite,numberOfRobotsOnWhiteSite
30535,30,14
timeStep,numberOfRobotsOnBlackSite,numberOfRobotsOnWhiteSite
30536,30,14
timeStep,numberOfRobotsOnBlackSite,numberOfRobotsOnWhiteSite
30537,30,14
timeStep,numberOfRobotsOnBlackSite,numberOfRobotsOnWhiteSite
30538,30,14
timeStep,numberOfRobotsOnBlackSite,numberOfRobotsOnWhiteSite
30539,30,14
timeStep,numberOfRobotsOnBlackSite,numberOfRobotsOnWhiteSite
30540,30,14
timeStep,numberOfRobotsOnBlackSite,numberOfRobotsOnWhiteSite
30541,30,14
timeStep,numberOfRobotsOnBlackSite,numberOfRobotsOnWhiteSite
30542,30,14
timeStep,numberOfRobotsOnBlackSite,numberOfRobotsOnWhiteSite
30543,30,14
timeStep,numberOfRobotsOnBlackSite,numberOfRobotsOnWhiteSite
30544,30,14
timeStep,numberOfRobotsOnBlackSite,numberOfRobotsOnWhiteSite
30545,30,14
timeStep,numberOfRobotsOnBlackSite,numberOfRobotsOnWhiteSite
30546,30,14
timeStep,numberOfRobotsOnBlackSite,numberOfRobotsOnWhiteSite
30547,30,14
timeStep,numberOfRobotsOnBlackSite,numberOfRobotsOnWhiteSite
30548,30,14
timeStep,numberOfRobotsOnBlackSite,numberOfRobotsOnWhiteSite
30549,30,14
timeStep,numberOfRobotsOnBlackSite,numberOfRobotsOnWhiteSite
30550,30,14
timeStep,numberOfRobotsOnBlackSite,numberOfRobotsOnWhiteSite
30551,30,14
timeStep,numberOfRobotsOnBlackSite,numberOfRobotsOnWhiteSite
30552,30,14
timeStep,numberOfRobotsOnBlackSite,numberOfRobotsOnWhiteSite
30553,30,14
timeStep,numberOfRobotsOnBlackSite,numberOfRobotsOnWhiteSite
30554,30,14
timeStep,numberOfRobotsOnBlackSite,numberOfRobotsOnWhiteSite
30555,30,14
timeStep,numberOfRobotsOnBlackSite,numberOfRobotsOnWhiteSite
30556,30,14
timeStep,numberOfRobotsOnBlackSite,numberOfRobotsOnWhiteSite
30557,30,14
timeStep,numberOfRobotsOnBlackSite,numberOfRobotsOnWhiteSite
30558,30,14
timeStep,numberOfRobotsOnBlackSite,numberOfRobotsOnWhiteSite
30559,30,14
timeStep,numberOfRobotsOnBlackSite,numberOfRobotsOnWhiteSite
30560,30,14
timeStep,numberOfRobotsOnBlackSite,numberOfRobotsOnWhiteSite
30561,30,14
timeStep,numberOfRobotsOnBlackSite,numberOfRobotsOnWhiteSite
30562,30,14
timeStep,numberOfRobotsOnBlackSite,numberOfRobotsOnWhiteSite
30563,30,14
timeStep,numberOfRobotsOnBlackSite,numberOfRobotsOnWhiteSite
30564,30,14
timeStep,numberOfRobotsOnBlackSite,numberOfRobotsOnWhiteSite
30565,30,14
timeStep,numberOfRobotsOnBlackSite,numberOfRobotsOnWhiteSite
30566,30,14
timeStep,numberOfRobotsOnBlackSite,numberOfRobotsOnWhiteSite
30567,30,14
timeStep,numberOfRobotsOnBlackSite,numberOfRobotsOnWhiteSite
30568,30,14
timeStep,numberOfRobotsOnBlackSite,numberOfRobotsOnWhiteSite
30569,30,14
timeStep,numberOfRobotsOnBlackSite,numberOfRobotsOnWhiteSite
30570,30,14
timeStep,numberOfRobotsOnBlackSite,numberOfRobotsOnWhiteSite
30571,30,14
timeStep,numberOfRobotsOnBlackSite,numberOfRobotsOnWhiteSite
30572,30,14
timeStep,numberOfRobotsOnBlackSite,numberOfRobotsOnWhiteSite
30573,30,14
timeStep,numberOfRobotsOnBlackSite,numberOfRobotsOnWhiteSite
30574,30,14
timeStep,numberOfRobotsOnBlackSite,numberOfRobotsOnWhiteSite
30575,30,14
timeStep,numberOfRobotsOnBlackSite,numberOfRobotsOnWhiteSite
30576,30,14
timeStep,numberOfRobotsOnBlackSite,numberOfRobotsOnWhiteSite
30577,30,14
timeStep,numberOfRobotsOnBlackSite,numberOfRobotsOnWhiteSite
30578,30,14
timeStep,numberOfRobotsOnBlackSite,numberOfRobotsOnWhiteSite
30579,30,14
timeStep,numberOfRobotsOnBlackSite,numberOfRobotsOnWhiteSite
30580,29,14
timeStep,numberOfRobotsOnBlackSite,numberOfRobotsOnWhiteSite
30581,29,14
timeStep,numberOfRobotsOnBlackSite,numberOfRobotsOnWhiteSite
30582,29,14
timeStep,numberOfRobotsOnBlackSite,numberOfRobotsOnWhiteSite
30583,29,14
timeStep,numberOfRobotsOnBlackSite,numberOfRobotsOnWhiteSite
30584,29,14
timeStep,numberOfRobotsOnBlackSite,numberOfRobotsOnWhiteSite
30585,29,14
timeStep,numberOfRobotsOnBlackSite,numberOfRobotsOnWhiteSite
30586,29,14
timeStep,numberOfRobotsOnBlackSite,numberOfRobotsOnWhiteSite
30587,29,14
timeStep,numberOfRobotsOnBlackSite,numberOfRobotsOnWhiteSite
30588,29,14
timeStep,numberOfRobotsOnBlackSite,numberOfRobotsOnWhiteSite
30589,29,14
timeStep,numberOfRobotsOnBlackSite,numberOfRobotsOnWhiteSite
30590,29,14
timeStep,numberOfRobotsOnBlackSite,numberOfRobotsOnWhiteSite
30591,29,14
timeStep,numberOfRobotsOnBlackSite,numberOfRobotsOnWhiteSite
30592,29,14
timeStep,numberOfRobotsOnBlackSite,numberOfRobotsOnWhiteSite
30593,29,14
timeStep,numberOfRobotsOnBlackSite,numberOfRobotsOnWhiteSite
30594,29,14
timeStep,numberOfRobotsOnBlackSite,numberOfRobotsOnWhiteSite
30595,29,14
timeStep,numberOfRobotsOnBlackSite,numberOfRobotsOnWhiteSite
30596,29,14
timeStep,numberOfRobotsOnBlackSite,numberOfRobotsOnWhiteSite
30597,29,14
timeStep,numberOfRobotsOnBlackSite,numberOfRobotsOnWhiteSite
30598,29,14
timeStep,numberOfRobotsOnBlackSite,numberOfRobotsOnWhiteSite
30599,29,14
timeStep,numberOfRobotsOnBlackSite,numberOfRobotsOnWhiteSite
30600,29,14
timeStep,numberOfRobotsOnBlackSite,numberOfRobotsOnWhiteSite
30601,29,14
timeStep,numberOfRobotsOnBlackSite,numberOfRobotsOnWhiteSite
30602,29,14
timeStep,numberOfRobotsOnBlackSite,numberOfRobotsOnWhiteSite
30603,29,14
timeStep,numberOfRobotsOnBlackSite,numberOfRobotsOnWhiteSite
30604,29,14
timeStep,numberOfRobotsOnBlackSite,numberOfRobotsOnWhiteSite
30605,29,14
timeStep,numberOfRobotsOnBlackSite,numberOfRobotsOnWhiteSite
30606,29,14
timeStep,numberOfRobotsOnBlackSite,numberOfRobotsOnWhiteSite
30607,29,14
timeStep,numberOfRobotsOnBlackSite,numberOfRobotsOnWhiteSite
30608,29,14
timeStep,numberOfRobotsOnBlackSite,numberOfRobotsOnWhiteSite
30609,29,14
timeStep,numberOfRobotsOnBlackSite,numberOfRobotsOnWhiteSite
30610,29,14
timeStep,numberOfRobotsOnBlackSite,numberOfRobotsOnWhiteSite
30611,29,14
timeStep,numberOfRobotsOnBlackSite,numberOfRobotsOnWhiteSite
30612,29,14
timeStep,numberOfRobotsOnBlackSite,numberOfRobotsOnWhiteSite
30613,29,14
timeStep,numberOfRobotsOnBlackSite,numberOfRobotsOnWhiteSite
30614,29,14
timeStep,numberOfRobotsOnBlackSite,numberOfRobotsOnWhiteSite
30615,29,13
timeStep,numberOfRobotsOnBlackSite,numberOfRobotsOnWhiteSite
30616,29,13
timeStep,numberOfRobotsOnBlackSite,numberOfRobotsOnWhiteSite
30617,29,13
timeStep,numberOfRobotsOnBlackSite,numberOfRobotsOnWhiteSite
30618,29,13
timeStep,numberOfRobotsOnBlackSite,numberOfRobotsOnWhiteSite
30619,29,13
timeStep,numberOfRobotsOnBlackSite,numberOfRobotsOnWhiteSite
30620,29,13
timeStep,numberOfRobotsOnBlackSite,numberOfRobotsOnWhiteSite
30621,29,13
timeStep,numberOfRobotsOnBlackSite,numberOfRobotsOnWhiteSite
30622,29,13
timeStep,numberOfRobotsOnBlackSite,numberOfRobotsOnWhiteSite
30623,29,13
timeStep,numberOfRobotsOnBlackSite,numberOfRobotsOnWhiteSite
30624,29,13
timeStep,numberOfRobotsOnBlackSite,numberOfRobotsOnWhiteSite
30625,29,13
timeStep,numberOfRobotsOnBlackSite,numberOfRobotsOnWhiteSite
30626,29,13
timeStep,numberOfRobotsOnBlackSite,numberOfRobotsOnWhiteSite
30627,29,13
timeStep,numberOfRobotsOnBlackSite,numberOfRobotsOnWhiteSite
30628,29,13
timeStep,numberOfRobotsOnBlackSite,numberOfRobotsOnWhiteSite
30629,29,13
timeStep,numberOfRobotsOnBlackSite,numberOfRobotsOnWhiteSite
30630,28,13
timeStep,numberOfRobotsOnBlackSite,numberOfRobotsOnWhiteSite
30631,28,13
timeStep,numberOfRobotsOnBlackSite,numberOfRobotsOnWhiteSite
30632,28,13
timeStep,numberOfRobotsOnBlackSite,numberOfRobotsOnWhiteSite
30633,28,13
timeStep,numberOfRobotsOnBlackSite,numberOfRobotsOnWhiteSite
30634,28,13
timeStep,numberOfRobotsOnBlackSite,numberOfRobotsOnWhiteSite
30635,28,13
timeStep,numberOfRobotsOnBlackSite,numberOfRobotsOnWhiteSite
30636,28,13
timeStep,numberOfRobotsOnBlackSite,numberOfRobotsOnWhiteSite
30637,28,13
timeStep,numberOfRobotsOnBlackSite,numberOfRobotsOnWhiteSite
30638,28,13
timeStep,numberOfRobotsOnBlackSite,numberOfRobotsOnWhiteSite
30639,28,13
timeStep,numberOfRobotsOnBlackSite,numberOfRobotsOnWhiteSite
30640,28,14
timeStep,numberOfRobotsOnBlackSite,numberOfRobotsOnWhiteSite
30641,28,14
timeStep,numberOfRobotsOnBlackSite,numberOfRobotsOnWhiteSite
30642,28,14
timeStep,numberOfRobotsOnBlackSite,numberOfRobotsOnWhiteSite
30643,28,14
timeStep,numberOfRobotsOnBlackSite,numberOfRobotsOnWhiteSite
30644,28,14
timeStep,numberOfRobotsOnBlackSite,numberOfRobotsOnWhiteSite
30645,28,14
timeStep,numberOfRobotsOnBlackSite,numberOfRobotsOnWhiteSite
30646,28,14
timeStep,numberOfRobotsOnBlackSite,numberOfRobotsOnWhiteSite
30647,28,14
timeStep,numberOfRobotsOnBlackSite,numberOfRobotsOnWhiteSite
30648,28,14
timeStep,numberOfRobotsOnBlackSite,numberOfRobotsOnWhiteSite
30649,28,14
timeStep,numberOfRobotsOnBlackSite,numberOfRobotsOnWhiteSite
30650,28,15
timeStep,numberOfRobotsOnBlackSite,numberOfRobotsOnWhiteSite
30651,28,15
timeStep,numberOfRobotsOnBlackSite,numberOfRobotsOnWhiteSite
30652,28,15
timeStep,numberOfRobotsOnBlackSite,numberOfRobotsOnWhiteSite
30653,28,15
timeStep,numberOfRobotsOnBlackSite,numberOfRobotsOnWhiteSite
30654,28,15
timeStep,numberOfRobotsOnBlackSite,numberOfRobotsOnWhiteSite
30655,28,15
timeStep,numberOfRobotsOnBlackSite,numberOfRobotsOnWhiteSite
30656,28,15
timeStep,numberOfRobotsOnBlackSite,numberOfRobotsOnWhiteSite
30657,28,15
timeStep,numberOfRobotsOnBlackSite,numberOfRobotsOnWhiteSite
30658,28,15
timeStep,numberOfRobotsOnBlackSite,numberOfRobotsOnWhiteSite
30659,28,15
timeStep,numberOfRobotsOnBlackSite,numberOfRobotsOnWhiteSite
30660,28,15
timeStep,numberOfRobotsOnBlackSite,numberOfRobotsOnWhiteSite
30661,28,15
timeStep,numberOfRobotsOnBlackSite,numberOfRobotsOnWhiteSite
30662,28,15
timeStep,numberOfRobotsOnBlackSite,numberOfRobotsOnWhiteSite
30663,28,15
timeStep,numberOfRobotsOnBlackSite,numberOfRobotsOnWhiteSite
30664,28,15
timeStep,numberOfRobotsOnBlackSite,numberOfRobotsOnWhiteSite
30665,28,15
timeStep,numberOfRobotsOnBlackSite,numberOfRobotsOnWhiteSite
30666,28,15
timeStep,numberOfRobotsOnBlackSite,numberOfRobotsOnWhiteSite
30667,28,15
timeStep,numberOfRobotsOnBlackSite,numberOfRobotsOnWhiteSite
30668,28,15
timeStep,numberOfRobotsOnBlackSite,numberOfRobotsOnWhiteSite
30669,28,15
timeStep,numberOfRobotsOnBlackSite,numberOfRobotsOnWhiteSite
30670,27,15
timeStep,numberOfRobotsOnBlackSite,numberOfRobotsOnWhiteSite
30671,27,15
timeStep,numberOfRobotsOnBlackSite,numberOfRobotsOnWhiteSite
30672,27,15
timeStep,numberOfRobotsOnBlackSite,numberOfRobotsOnWhiteSite
30673,27,15
timeStep,numberOfRobotsOnBlackSite,numberOfRobotsOnWhiteSite
30674,27,15
timeStep,numberOfRobotsOnBlackSite,numberOfRobotsOnWhiteSite
30675,27,15
timeStep,numberOfRobotsOnBlackSite,numberOfRobotsOnWhiteSite
30676,27,15
timeStep,numberOfRobotsOnBlackSite,numberOfRobotsOnWhiteSite
30677,27,15
timeStep,numberOfRobotsOnBlackSite,numberOfRobotsOnWhiteSite
30678,27,15
timeStep,numberOfRobotsOnBlackSite,numberOfRobotsOnWhiteSite
30679,27,15
timeStep,numberOfRobotsOnBlackSite,numberOfRobotsOnWhiteSite
30680,27,15
timeStep,numberOfRobotsOnBlackSite,numberOfRobotsOnWhiteSite
30681,27,15
timeStep,numberOfRobotsOnBlackSite,numberOfRobotsOnWhiteSite
30682,27,15
timeStep,numberOfRobotsOnBlackSite,numberOfRobotsOnWhiteSite
30683,27,15
timeStep,numberOfRobotsOnBlackSite,numberOfRobotsOnWhiteSite
30684,27,15
timeStep,numberOfRobotsOnBlackSite,numberOfRobotsOnWhiteSite
30685,27,15
timeStep,numberOfRobotsOnBlackSite,numberOfRobotsOnWhiteSite
30686,27,15
timeStep,numberOfRobotsOnBlackSite,numberOfRobotsOnWhiteSite
30687,27,15
timeStep,numberOfRobotsOnBlackSite,numberOfRobotsOnWhiteSite
30688,27,15
timeStep,numberOfRobotsOnBlackSite,numberOfRobotsOnWhiteSite
30689,27,15
timeStep,numberOfRobotsOnBlackSite,numberOfRobotsOnWhiteSite
30690,27,15
timeStep,numberOfRobotsOnBlackSite,numberOfRobotsOnWhiteSite
30691,27,15
timeStep,numberOfRobotsOnBlackSite,numberOfRobotsOnWhiteSite
30692,27,15
timeStep,numberOfRobotsOnBlackSite,numberOfRobotsOnWhiteSite
30693,27,15
timeStep,numberOfRobotsOnBlackSite,numberOfRobotsOnWhiteSite
30694,27,15
timeStep,numberOfRobotsOnBlackSite,numberOfRobotsOnWhiteSite
30695,27,15
timeStep,numberOfRobotsOnBlackSite,numberOfRobotsOnWhiteSite
30696,27,15
timeStep,numberOfRobotsOnBlackSite,numberOfRobotsOnWhiteSite
30697,27,15
timeStep,numberOfRobotsOnBlackSite,numberOfRobotsOnWhiteSite
30698,27,15
timeStep,numberOfRobotsOnBlackSite,numberOfRobotsOnWhiteSite
30699,27,15
timeStep,numberOfRobotsOnBlackSite,numberOfRobotsOnWhiteSite
30700,27,15
timeStep,numberOfRobotsOnBlackSite,numberOfRobotsOnWhiteSite
30701,27,15
timeStep,numberOfRobotsOnBlackSite,numberOfRobotsOnWhiteSite
30702,27,15
timeStep,numberOfRobotsOnBlackSite,numberOfRobotsOnWhiteSite
30703,27,15
timeStep,numberOfRobotsOnBlackSite,numberOfRobotsOnWhiteSite
30704,27,15
timeStep,numberOfRobotsOnBlackSite,numberOfRobotsOnWhiteSite
30705,27,15
timeStep,numberOfRobotsOnBlackSite,numberOfRobotsOnWhiteSite
30706,27,15
timeStep,numberOfRobotsOnBlackSite,numberOfRobotsOnWhiteSite
30707,27,15
timeStep,numberOfRobotsOnBlackSite,numberOfRobotsOnWhiteSite
30708,27,15
timeStep,numberOfRobotsOnBlackSite,numberOfRobotsOnWhiteSite
30709,27,15
timeStep,numberOfRobotsOnBlackSite,numberOfRobotsOnWhiteSite
30710,27,15
timeStep,numberOfRobotsOnBlackSite,numberOfRobotsOnWhiteSite
30711,27,15
timeStep,numberOfRobotsOnBlackSite,numberOfRobotsOnWhiteSite
30712,27,15
timeStep,numberOfRobotsOnBlackSite,numberOfRobotsOnWhiteSite
30713,27,15
timeStep,numberOfRobotsOnBlackSite,numberOfRobotsOnWhiteSite
30714,27,15
timeStep,numberOfRobotsOnBlackSite,numberOfRobotsOnWhiteSite
30715,27,15
timeStep,numberOfRobotsOnBlackSite,numberOfRobotsOnWhiteSite
30716,27,15
timeStep,numberOfRobotsOnBlackSite,numberOfRobotsOnWhiteSite
30717,27,15
timeStep,numberOfRobotsOnBlackSite,numberOfRobotsOnWhiteSite
30718,27,15
timeStep,numberOfRobotsOnBlackSite,numberOfRobotsOnWhiteSite
30719,27,15
timeStep,numberOfRobotsOnBlackSite,numberOfRobotsOnWhiteSite
30720,27,15
timeStep,numberOfRobotsOnBlackSite,numberOfRobotsOnWhiteSite
30721,27,15
timeStep,numberOfRobotsOnBlackSite,numberOfRobotsOnWhiteSite
30722,27,15
timeStep,numberOfRobotsOnBlackSite,numberOfRobotsOnWhiteSite
30723,27,15
timeStep,numberOfRobotsOnBlackSite,numberOfRobotsOnWhiteSite
30724,27,15
timeStep,numberOfRobotsOnBlackSite,numberOfRobotsOnWhiteSite
30725,27,15
timeStep,numberOfRobotsOnBlackSite,numberOfRobotsOnWhiteSite
30726,27,15
timeStep,numberOfRobotsOnBlackSite,numberOfRobotsOnWhiteSite
30727,27,15
timeStep,numberOfRobotsOnBlackSite,numberOfRobotsOnWhiteSite
30728,27,15
timeStep,numberOfRobotsOnBlackSite,numberOfRobotsOnWhiteSite
30729,27,15
timeStep,numberOfRobotsOnBlackSite,numberOfRobotsOnWhiteSite
30730,27,15
timeStep,numberOfRobotsOnBlackSite,numberOfRobotsOnWhiteSite
30731,27,15
timeStep,numberOfRobotsOnBlackSite,numberOfRobotsOnWhiteSite
30732,27,15
timeStep,numberOfRobotsOnBlackSite,numberOfRobotsOnWhiteSite
30733,27,15
timeStep,numberOfRobotsOnBlackSite,numberOfRobotsOnWhiteSite
30734,27,15
timeStep,numberOfRobotsOnBlackSite,numberOfRobotsOnWhiteSite
30735,27,15
timeStep,numberOfRobotsOnBlackSite,numberOfRobotsOnWhiteSite
30736,27,15
timeStep,numberOfRobotsOnBlackSite,numberOfRobotsOnWhiteSite
30737,27,15
timeStep,numberOfRobotsOnBlackSite,numberOfRobotsOnWhiteSite
30738,27,15
timeStep,numberOfRobotsOnBlackSite,numberOfRobotsOnWhiteSite
30739,27,15
timeStep,numberOfRobotsOnBlackSite,numberOfRobotsOnWhiteSite
30740,27,15
timeStep,numberOfRobotsOnBlackSite,numberOfRobotsOnWhiteSite
30741,27,15
timeStep,numberOfRobotsOnBlackSite,numberOfRobotsOnWhiteSite
30742,27,15
timeStep,numberOfRobotsOnBlackSite,numberOfRobotsOnWhiteSite
30743,27,15
timeStep,numberOfRobotsOnBlackSite,numberOfRobotsOnWhiteSite
30744,27,15
timeStep,numberOfRobotsOnBlackSite,numberOfRobotsOnWhiteSite
30745,27,15
timeStep,numberOfRobotsOnBlackSite,numberOfRobotsOnWhiteSite
30746,27,15
timeStep,numberOfRobotsOnBlackSite,numberOfRobotsOnWhiteSite
30747,27,15
timeStep,numberOfRobotsOnBlackSite,numberOfRobotsOnWhiteSite
30748,27,15
timeStep,numberOfRobotsOnBlackSite,numberOfRobotsOnWhiteSite
30749,27,15
timeStep,numberOfRobotsOnBlackSite,numberOfRobotsOnWhiteSite
30750,27,15
timeStep,numberOfRobotsOnBlackSite,numberOfRobotsOnWhiteSite
30751,27,15
timeStep,numberOfRobotsOnBlackSite,numberOfRobotsOnWhiteSite
30752,27,15
timeStep,numberOfRobotsOnBlackSite,numberOfRobotsOnWhiteSite
30753,27,15
timeStep,numberOfRobotsOnBlackSite,numberOfRobotsOnWhiteSite
30754,27,15
timeStep,numberOfRobotsOnBlackSite,numberOfRobotsOnWhiteSite
30755,28,15
timeStep,numberOfRobotsOnBlackSite,numberOfRobotsOnWhiteSite
30756,28,15
timeStep,numberOfRobotsOnBlackSite,numberOfRobotsOnWhiteSite
30757,28,15
timeStep,numberOfRobotsOnBlackSite,numberOfRobotsOnWhiteSite
30758,28,15
timeStep,numberOfRobotsOnBlackSite,numberOfRobotsOnWhiteSite
30759,28,15
timeStep,numberOfRobotsOnBlackSite,numberOfRobotsOnWhiteSite
30760,27,15
timeStep,numberOfRobotsOnBlackSite,numberOfRobotsOnWhiteSite
30761,27,15
timeStep,numberOfRobotsOnBlackSite,numberOfRobotsOnWhiteSite
30762,27,15
timeStep,numberOfRobotsOnBlackSite,numberOfRobotsOnWhiteSite
30763,27,15
timeStep,numberOfRobotsOnBlackSite,numberOfRobotsOnWhiteSite
30764,27,15
timeStep,numberOfRobotsOnBlackSite,numberOfRobotsOnWhiteSite
30765,27,16
timeStep,numberOfRobotsOnBlackSite,numberOfRobotsOnWhiteSite
30766,27,16
timeStep,numberOfRobotsOnBlackSite,numberOfRobotsOnWhiteSite
30767,27,16
timeStep,numberOfRobotsOnBlackSite,numberOfRobotsOnWhiteSite
30768,27,16
timeStep,numberOfRobotsOnBlackSite,numberOfRobotsOnWhiteSite
30769,27,16
timeStep,numberOfRobotsOnBlackSite,numberOfRobotsOnWhiteSite
30770,27,16
timeStep,numberOfRobotsOnBlackSite,numberOfRobotsOnWhiteSite
30771,27,16
timeStep,numberOfRobotsOnBlackSite,numberOfRobotsOnWhiteSite
30772,27,16
timeStep,numberOfRobotsOnBlackSite,numberOfRobotsOnWhiteSite
30773,27,16
timeStep,numberOfRobotsOnBlackSite,numberOfRobotsOnWhiteSite
30774,27,16
timeStep,numberOfRobotsOnBlackSite,numberOfRobotsOnWhiteSite
30775,27,16
timeStep,numberOfRobotsOnBlackSite,numberOfRobotsOnWhiteSite
30776,27,16
timeStep,numberOfRobotsOnBlackSite,numberOfRobotsOnWhiteSite
30777,27,16
timeStep,numberOfRobotsOnBlackSite,numberOfRobotsOnWhiteSite
30778,27,16
timeStep,numberOfRobotsOnBlackSite,numberOfRobotsOnWhiteSite
30779,27,16
timeStep,numberOfRobotsOnBlackSite,numberOfRobotsOnWhiteSite
30780,27,16
timeStep,numberOfRobotsOnBlackSite,numberOfRobotsOnWhiteSite
30781,27,16
timeStep,numberOfRobotsOnBlackSite,numberOfRobotsOnWhiteSite
30782,27,16
timeStep,numberOfRobotsOnBlackSite,numberOfRobotsOnWhiteSite
30783,27,16
timeStep,numberOfRobotsOnBlackSite,numberOfRobotsOnWhiteSite
30784,27,16
timeStep,numberOfRobotsOnBlackSite,numberOfRobotsOnWhiteSite
30785,27,16
timeStep,numberOfRobotsOnBlackSite,numberOfRobotsOnWhiteSite
30786,27,16
timeStep,numberOfRobotsOnBlackSite,numberOfRobotsOnWhiteSite
30787,27,16
timeStep,numberOfRobotsOnBlackSite,numberOfRobotsOnWhiteSite
30788,27,16
timeStep,numberOfRobotsOnBlackSite,numberOfRobotsOnWhiteSite
30789,27,16
timeStep,numberOfRobotsOnBlackSite,numberOfRobotsOnWhiteSite
30790,27,16
timeStep,numberOfRobotsOnBlackSite,numberOfRobotsOnWhiteSite
30791,27,16
timeStep,numberOfRobotsOnBlackSite,numberOfRobotsOnWhiteSite
30792,27,16
timeStep,numberOfRobotsOnBlackSite,numberOfRobotsOnWhiteSite
30793,27,16
timeStep,numberOfRobotsOnBlackSite,numberOfRobotsOnWhiteSite
30794,27,16
timeStep,numberOfRobotsOnBlackSite,numberOfRobotsOnWhiteSite
30795,27,16
timeStep,numberOfRobotsOnBlackSite,numberOfRobotsOnWhiteSite
30796,27,16
timeStep,numberOfRobotsOnBlackSite,numberOfRobotsOnWhiteSite
30797,27,16
timeStep,numberOfRobotsOnBlackSite,numberOfRobotsOnWhiteSite
30798,27,16
timeStep,numberOfRobotsOnBlackSite,numberOfRobotsOnWhiteSite
30799,27,16
timeStep,numberOfRobotsOnBlackSite,numberOfRobotsOnWhiteSite
30800,27,16
timeStep,numberOfRobotsOnBlackSite,numberOfRobotsOnWhiteSite
30801,27,16
timeStep,numberOfRobotsOnBlackSite,numberOfRobotsOnWhiteSite
30802,27,16
timeStep,numberOfRobotsOnBlackSite,numberOfRobotsOnWhiteSite
30803,27,16
timeStep,numberOfRobotsOnBlackSite,numberOfRobotsOnWhiteSite
30804,27,16
timeStep,numberOfRobotsOnBlackSite,numberOfRobotsOnWhiteSite
30805,27,16
timeStep,numberOfRobotsOnBlackSite,numberOfRobotsOnWhiteSite
30806,27,16
timeStep,numberOfRobotsOnBlackSite,numberOfRobotsOnWhiteSite
30807,27,16
timeStep,numberOfRobotsOnBlackSite,numberOfRobotsOnWhiteSite
30808,27,16
timeStep,numberOfRobotsOnBlackSite,numberOfRobotsOnWhiteSite
30809,27,16
timeStep,numberOfRobotsOnBlackSite,numberOfRobotsOnWhiteSite
30810,27,16
timeStep,numberOfRobotsOnBlackSite,numberOfRobotsOnWhiteSite
30811,27,16
timeStep,numberOfRobotsOnBlackSite,numberOfRobotsOnWhiteSite
30812,27,16
timeStep,numberOfRobotsOnBlackSite,numberOfRobotsOnWhiteSite
30813,27,16
timeStep,numberOfRobotsOnBlackSite,numberOfRobotsOnWhiteSite
30814,27,16
timeStep,numberOfRobotsOnBlackSite,numberOfRobotsOnWhiteSite
30815,26,16
timeStep,numberOfRobotsOnBlackSite,numberOfRobotsOnWhiteSite
30816,26,16
timeStep,numberOfRobotsOnBlackSite,numberOfRobotsOnWhiteSite
30817,26,16
timeStep,numberOfRobotsOnBlackSite,numberOfRobotsOnWhiteSite
30818,26,16
timeStep,numberOfRobotsOnBlackSite,numberOfRobotsOnWhiteSite
30819,26,16
timeStep,numberOfRobotsOnBlackSite,numberOfRobotsOnWhiteSite
30820,26,16
timeStep,numberOfRobotsOnBlackSite,numberOfRobotsOnWhiteSite
30821,26,16
timeStep,numberOfRobotsOnBlackSite,numberOfRobotsOnWhiteSite
30822,26,16
timeStep,numberOfRobotsOnBlackSite,numberOfRobotsOnWhiteSite
30823,26,16
timeStep,numberOfRobotsOnBlackSite,numberOfRobotsOnWhiteSite
30824,26,16
timeStep,numberOfRobotsOnBlackSite,numberOfRobotsOnWhiteSite
30825,26,15
timeStep,numberOfRobotsOnBlackSite,numberOfRobotsOnWhiteSite
30826,26,15
timeStep,numberOfRobotsOnBlackSite,numberOfRobotsOnWhiteSite
30827,26,15
timeStep,numberOfRobotsOnBlackSite,numberOfRobotsOnWhiteSite
30828,26,15
timeStep,numberOfRobotsOnBlackSite,numberOfRobotsOnWhiteSite
30829,26,15
timeStep,numberOfRobotsOnBlackSite,numberOfRobotsOnWhiteSite
30830,26,15
timeStep,numberOfRobotsOnBlackSite,numberOfRobotsOnWhiteSite
30831,26,15
timeStep,numberOfRobotsOnBlackSite,numberOfRobotsOnWhiteSite
30832,26,15
timeStep,numberOfRobotsOnBlackSite,numberOfRobotsOnWhiteSite
30833,26,15
timeStep,numberOfRobotsOnBlackSite,numberOfRobotsOnWhiteSite
30834,26,15
timeStep,numberOfRobotsOnBlackSite,numberOfRobotsOnWhiteSite
30835,26,15
timeStep,numberOfRobotsOnBlackSite,numberOfRobotsOnWhiteSite
30836,26,15
timeStep,numberOfRobotsOnBlackSite,numberOfRobotsOnWhiteSite
30837,26,15
timeStep,numberOfRobotsOnBlackSite,numberOfRobotsOnWhiteSite
30838,26,15
timeStep,numberOfRobotsOnBlackSite,numberOfRobotsOnWhiteSite
30839,26,15
timeStep,numberOfRobotsOnBlackSite,numberOfRobotsOnWhiteSite
30840,26,15
timeStep,numberOfRobotsOnBlackSite,numberOfRobotsOnWhiteSite
30841,26,15
timeStep,numberOfRobotsOnBlackSite,numberOfRobotsOnWhiteSite
30842,26,15
timeStep,numberOfRobotsOnBlackSite,numberOfRobotsOnWhiteSite
30843,26,15
timeStep,numberOfRobotsOnBlackSite,numberOfRobotsOnWhiteSite
30844,26,15
timeStep,numberOfRobotsOnBlackSite,numberOfRobotsOnWhiteSite
30845,26,15
timeStep,numberOfRobotsOnBlackSite,numberOfRobotsOnWhiteSite
30846,26,15
timeStep,numberOfRobotsOnBlackSite,numberOfRobotsOnWhiteSite
30847,26,15
timeStep,numberOfRobotsOnBlackSite,numberOfRobotsOnWhiteSite
30848,26,15
timeStep,numberOfRobotsOnBlackSite,numberOfRobotsOnWhiteSite
30849,26,15
timeStep,numberOfRobotsOnBlackSite,numberOfRobotsOnWhiteSite
30850,26,15
timeStep,numberOfRobotsOnBlackSite,numberOfRobotsOnWhiteSite
30851,26,15
timeStep,numberOfRobotsOnBlackSite,numberOfRobotsOnWhiteSite
30852,26,15
timeStep,numberOfRobotsOnBlackSite,numberOfRobotsOnWhiteSite
30853,26,15
timeStep,numberOfRobotsOnBlackSite,numberOfRobotsOnWhiteSite
30854,26,15
timeStep,numberOfRobotsOnBlackSite,numberOfRobotsOnWhiteSite
30855,26,15
timeStep,numberOfRobotsOnBlackSite,numberOfRobotsOnWhiteSite
30856,26,15
timeStep,numberOfRobotsOnBlackSite,numberOfRobotsOnWhiteSite
30857,26,15
timeStep,numberOfRobotsOnBlackSite,numberOfRobotsOnWhiteSite
30858,26,15
timeStep,numberOfRobotsOnBlackSite,numberOfRobotsOnWhiteSite
30859,26,15
timeStep,numberOfRobotsOnBlackSite,numberOfRobotsOnWhiteSite
30860,26,15
timeStep,numberOfRobotsOnBlackSite,numberOfRobotsOnWhiteSite
30861,26,15
timeStep,numberOfRobotsOnBlackSite,numberOfRobotsOnWhiteSite
30862,26,15
timeStep,numberOfRobotsOnBlackSite,numberOfRobotsOnWhiteSite
30863,26,15
timeStep,numberOfRobotsOnBlackSite,numberOfRobotsOnWhiteSite
30864,26,15
timeStep,numberOfRobotsOnBlackSite,numberOfRobotsOnWhiteSite
30865,26,16
timeStep,numberOfRobotsOnBlackSite,numberOfRobotsOnWhiteSite
30866,26,16
timeStep,numberOfRobotsOnBlackSite,numberOfRobotsOnWhiteSite
30867,26,16
timeStep,numberOfRobotsOnBlackSite,numberOfRobotsOnWhiteSite
30868,26,16
timeStep,numberOfRobotsOnBlackSite,numberOfRobotsOnWhiteSite
30869,26,16
timeStep,numberOfRobotsOnBlackSite,numberOfRobotsOnWhiteSite
30870,26,16
timeStep,numberOfRobotsOnBlackSite,numberOfRobotsOnWhiteSite
30871,26,16
timeStep,numberOfRobotsOnBlackSite,numberOfRobotsOnWhiteSite
30872,26,16
timeStep,numberOfRobotsOnBlackSite,numberOfRobotsOnWhiteSite
30873,26,16
timeStep,numberOfRobotsOnBlackSite,numberOfRobotsOnWhiteSite
30874,26,16
timeStep,numberOfRobotsOnBlackSite,numberOfRobotsOnWhiteSite
30875,26,16
timeStep,numberOfRobotsOnBlackSite,numberOfRobotsOnWhiteSite
30876,26,16
timeStep,numberOfRobotsOnBlackSite,numberOfRobotsOnWhiteSite
30877,26,16
timeStep,numberOfRobotsOnBlackSite,numberOfRobotsOnWhiteSite
30878,26,16
timeStep,numberOfRobotsOnBlackSite,numberOfRobotsOnWhiteSite
30879,26,16
timeStep,numberOfRobotsOnBlackSite,numberOfRobotsOnWhiteSite
30880,26,16
timeStep,numberOfRobotsOnBlackSite,numberOfRobotsOnWhiteSite
30881,26,16
timeStep,numberOfRobotsOnBlackSite,numberOfRobotsOnWhiteSite
30882,26,16
timeStep,numberOfRobotsOnBlackSite,numberOfRobotsOnWhiteSite
30883,26,16
timeStep,numberOfRobotsOnBlackSite,numberOfRobotsOnWhiteSite
30884,26,16
timeStep,numberOfRobotsOnBlackSite,numberOfRobotsOnWhiteSite
30885,26,16
timeStep,numberOfRobotsOnBlackSite,numberOfRobotsOnWhiteSite
30886,26,16
timeStep,numberOfRobotsOnBlackSite,numberOfRobotsOnWhiteSite
30887,26,16
timeStep,numberOfRobotsOnBlackSite,numberOfRobotsOnWhiteSite
30888,26,16
timeStep,numberOfRobotsOnBlackSite,numberOfRobotsOnWhiteSite
30889,26,16
timeStep,numberOfRobotsOnBlackSite,numberOfRobotsOnWhiteSite
30890,26,16
timeStep,numberOfRobotsOnBlackSite,numberOfRobotsOnWhiteSite
30891,26,16
timeStep,numberOfRobotsOnBlackSite,numberOfRobotsOnWhiteSite
30892,26,16
timeStep,numberOfRobotsOnBlackSite,numberOfRobotsOnWhiteSite
30893,26,16
timeStep,numberOfRobotsOnBlackSite,numberOfRobotsOnWhiteSite
30894,26,16
timeStep,numberOfRobotsOnBlackSite,numberOfRobotsOnWhiteSite
30895,26,16
timeStep,numberOfRobotsOnBlackSite,numberOfRobotsOnWhiteSite
30896,26,16
timeStep,numberOfRobotsOnBlackSite,numberOfRobotsOnWhiteSite
30897,26,16
timeStep,numberOfRobotsOnBlackSite,numberOfRobotsOnWhiteSite
30898,26,16
timeStep,numberOfRobotsOnBlackSite,numberOfRobotsOnWhiteSite
30899,26,16
timeStep,numberOfRobotsOnBlackSite,numberOfRobotsOnWhiteSite
30900,27,16
timeStep,numberOfRobotsOnBlackSite,numberOfRobotsOnWhiteSite
30901,27,16
timeStep,numberOfRobotsOnBlackSite,numberOfRobotsOnWhiteSite
30902,27,16
timeStep,numberOfRobotsOnBlackSite,numberOfRobotsOnWhiteSite
30903,27,16
timeStep,numberOfRobotsOnBlackSite,numberOfRobotsOnWhiteSite
30904,27,16
timeStep,numberOfRobotsOnBlackSite,numberOfRobotsOnWhiteSite
30905,27,16
timeStep,numberOfRobotsOnBlackSite,numberOfRobotsOnWhiteSite
30906,27,16
timeStep,numberOfRobotsOnBlackSite,numberOfRobotsOnWhiteSite
30907,27,16
timeStep,numberOfRobotsOnBlackSite,numberOfRobotsOnWhiteSite
30908,27,16
timeStep,numberOfRobotsOnBlackSite,numberOfRobotsOnWhiteSite
30909,27,16
timeStep,numberOfRobotsOnBlackSite,numberOfRobotsOnWhiteSite
30910,27,16
timeStep,numberOfRobotsOnBlackSite,numberOfRobotsOnWhiteSite
30911,27,16
timeStep,numberOfRobotsOnBlackSite,numberOfRobotsOnWhiteSite
30912,27,16
timeStep,numberOfRobotsOnBlackSite,numberOfRobotsOnWhiteSite
30913,27,16
timeStep,numberOfRobotsOnBlackSite,numberOfRobotsOnWhiteSite
30914,27,16
timeStep,numberOfRobotsOnBlackSite,numberOfRobotsOnWhiteSite
30915,27,16
timeStep,numberOfRobotsOnBlackSite,numberOfRobotsOnWhiteSite
30916,27,16
timeStep,numberOfRobotsOnBlackSite,numberOfRobotsOnWhiteSite
30917,27,16
timeStep,numberOfRobotsOnBlackSite,numberOfRobotsOnWhiteSite
30918,27,16
timeStep,numberOfRobotsOnBlackSite,numberOfRobotsOnWhiteSite
30919,27,16
timeStep,numberOfRobotsOnBlackSite,numberOfRobotsOnWhiteSite
30920,27,16
timeStep,numberOfRobotsOnBlackSite,numberOfRobotsOnWhiteSite
30921,27,16
timeStep,numberOfRobotsOnBlackSite,numberOfRobotsOnWhiteSite
30922,27,16
timeStep,numberOfRobotsOnBlackSite,numberOfRobotsOnWhiteSite
30923,27,16
timeStep,numberOfRobotsOnBlackSite,numberOfRobotsOnWhiteSite
30924,27,16
timeStep,numberOfRobotsOnBlackSite,numberOfRobotsOnWhiteSite
30925,27,16
timeStep,numberOfRobotsOnBlackSite,numberOfRobotsOnWhiteSite
30926,27,16
timeStep,numberOfRobotsOnBlackSite,numberOfRobotsOnWhiteSite
30927,27,16
timeStep,numberOfRobotsOnBlackSite,numberOfRobotsOnWhiteSite
30928,27,16
timeStep,numberOfRobotsOnBlackSite,numberOfRobotsOnWhiteSite
30929,27,16
timeStep,numberOfRobotsOnBlackSite,numberOfRobotsOnWhiteSite
30930,27,16
timeStep,numberOfRobotsOnBlackSite,numberOfRobotsOnWhiteSite
30931,27,16
timeStep,numberOfRobotsOnBlackSite,numberOfRobotsOnWhiteSite
30932,27,16
timeStep,numberOfRobotsOnBlackSite,numberOfRobotsOnWhiteSite
30933,27,16
timeStep,numberOfRobotsOnBlackSite,numberOfRobotsOnWhiteSite
30934,27,16
timeStep,numberOfRobotsOnBlackSite,numberOfRobotsOnWhiteSite
30935,27,16
timeStep,numberOfRobotsOnBlackSite,numberOfRobotsOnWhiteSite
30936,27,16
timeStep,numberOfRobotsOnBlackSite,numberOfRobotsOnWhiteSite
30937,27,16
timeStep,numberOfRobotsOnBlackSite,numberOfRobotsOnWhiteSite
30938,27,16
timeStep,numberOfRobotsOnBlackSite,numberOfRobotsOnWhiteSite
30939,27,16
timeStep,numberOfRobotsOnBlackSite,numberOfRobotsOnWhiteSite
30940,27,16
timeStep,numberOfRobotsOnBlackSite,numberOfRobotsOnWhiteSite
30941,27,16
timeStep,numberOfRobotsOnBlackSite,numberOfRobotsOnWhiteSite
30942,27,16
timeStep,numberOfRobotsOnBlackSite,numberOfRobotsOnWhiteSite
30943,27,16
timeStep,numberOfRobotsOnBlackSite,numberOfRobotsOnWhiteSite
30944,27,16
timeStep,numberOfRobotsOnBlackSite,numberOfRobotsOnWhiteSite
30945,27,16
timeStep,numberOfRobotsOnBlackSite,numberOfRobotsOnWhiteSite
30946,27,16
timeStep,numberOfRobotsOnBlackSite,numberOfRobotsOnWhiteSite
30947,27,16
timeStep,numberOfRobotsOnBlackSite,numberOfRobotsOnWhiteSite
30948,27,16
timeStep,numberOfRobotsOnBlackSite,numberOfRobotsOnWhiteSite
30949,27,16
timeStep,numberOfRobotsOnBlackSite,numberOfRobotsOnWhiteSite
30950,27,16
timeStep,numberOfRobotsOnBlackSite,numberOfRobotsOnWhiteSite
30951,27,16
timeStep,numberOfRobotsOnBlackSite,numberOfRobotsOnWhiteSite
30952,27,16
timeStep,numberOfRobotsOnBlackSite,numberOfRobotsOnWhiteSite
30953,27,16
timeStep,numberOfRobotsOnBlackSite,numberOfRobotsOnWhiteSite
30954,27,16
timeStep,numberOfRobotsOnBlackSite,numberOfRobotsOnWhiteSite
30955,28,16
timeStep,numberOfRobotsOnBlackSite,numberOfRobotsOnWhiteSite
30956,28,16
timeStep,numberOfRobotsOnBlackSite,numberOfRobotsOnWhiteSite
30957,28,16
timeStep,numberOfRobotsOnBlackSite,numberOfRobotsOnWhiteSite
30958,28,16
timeStep,numberOfRobotsOnBlackSite,numberOfRobotsOnWhiteSite
30959,28,16
timeStep,numberOfRobotsOnBlackSite,numberOfRobotsOnWhiteSite
30960,28,16
timeStep,numberOfRobotsOnBlackSite,numberOfRobotsOnWhiteSite
30961,28,16
timeStep,numberOfRobotsOnBlackSite,numberOfRobotsOnWhiteSite
30962,28,16
timeStep,numberOfRobotsOnBlackSite,numberOfRobotsOnWhiteSite
30963,28,16
timeStep,numberOfRobotsOnBlackSite,numberOfRobotsOnWhiteSite
30964,28,16
timeStep,numberOfRobotsOnBlackSite,numberOfRobotsOnWhiteSite
30965,28,16
timeStep,numberOfRobotsOnBlackSite,numberOfRobotsOnWhiteSite
30966,28,16
timeStep,numberOfRobotsOnBlackSite,numberOfRobotsOnWhiteSite
30967,28,16
timeStep,numberOfRobotsOnBlackSite,numberOfRobotsOnWhiteSite
30968,28,16
timeStep,numberOfRobotsOnBlackSite,numberOfRobotsOnWhiteSite
30969,28,16
timeStep,numberOfRobotsOnBlackSite,numberOfRobotsOnWhiteSite
30970,28,16
timeStep,numberOfRobotsOnBlackSite,numberOfRobotsOnWhiteSite
30971,28,16
timeStep,numberOfRobotsOnBlackSite,numberOfRobotsOnWhiteSite
30972,28,16
timeStep,numberOfRobotsOnBlackSite,numberOfRobotsOnWhiteSite
30973,28,16
timeStep,numberOfRobotsOnBlackSite,numberOfRobotsOnWhiteSite
30974,28,16
timeStep,numberOfRobotsOnBlackSite,numberOfRobotsOnWhiteSite
30975,28,16
timeStep,numberOfRobotsOnBlackSite,numberOfRobotsOnWhiteSite
30976,28,16
timeStep,numberOfRobotsOnBlackSite,numberOfRobotsOnWhiteSite
30977,28,16
timeStep,numberOfRobotsOnBlackSite,numberOfRobotsOnWhiteSite
30978,28,16
timeStep,numberOfRobotsOnBlackSite,numberOfRobotsOnWhiteSite
30979,28,16
timeStep,numberOfRobotsOnBlackSite,numberOfRobotsOnWhiteSite
30980,28,16
timeStep,numberOfRobotsOnBlackSite,numberOfRobotsOnWhiteSite
30981,28,16
timeStep,numberOfRobotsOnBlackSite,numberOfRobotsOnWhiteSite
30982,28,16
timeStep,numberOfRobotsOnBlackSite,numberOfRobotsOnWhiteSite
30983,28,16
timeStep,numberOfRobotsOnBlackSite,numberOfRobotsOnWhiteSite
30984,28,16
timeStep,numberOfRobotsOnBlackSite,numberOfRobotsOnWhiteSite
30985,28,16
timeStep,numberOfRobotsOnBlackSite,numberOfRobotsOnWhiteSite
30986,28,16
timeStep,numberOfRobotsOnBlackSite,numberOfRobotsOnWhiteSite
30987,28,16
timeStep,numberOfRobotsOnBlackSite,numberOfRobotsOnWhiteSite
30988,28,16
timeStep,numberOfRobotsOnBlackSite,numberOfRobotsOnWhiteSite
30989,28,16
timeStep,numberOfRobotsOnBlackSite,numberOfRobotsOnWhiteSite
30990,28,16
timeStep,numberOfRobotsOnBlackSite,numberOfRobotsOnWhiteSite
30991,28,16
timeStep,numberOfRobotsOnBlackSite,numberOfRobotsOnWhiteSite
30992,28,16
timeStep,numberOfRobotsOnBlackSite,numberOfRobotsOnWhiteSite
30993,28,16
timeStep,numberOfRobotsOnBlackSite,numberOfRobotsOnWhiteSite
30994,28,16
timeStep,numberOfRobotsOnBlackSite,numberOfRobotsOnWhiteSite
30995,28,16
timeStep,numberOfRobotsOnBlackSite,numberOfRobotsOnWhiteSite
30996,28,16
timeStep,numberOfRobotsOnBlackSite,numberOfRobotsOnWhiteSite
30997,28,16
timeStep,numberOfRobotsOnBlackSite,numberOfRobotsOnWhiteSite
30998,28,16
timeStep,numberOfRobotsOnBlackSite,numberOfRobotsOnWhiteSite
30999,28,16
timeStep,numberOfRobotsOnBlackSite,numberOfRobotsOnWhiteSite
31000,28,16
timeStep,numberOfRobotsOnBlackSite,numberOfRobotsOnWhiteSite
31001,28,16
timeStep,numberOfRobotsOnBlackSite,numberOfRobotsOnWhiteSite
31002,28,16
timeStep,numberOfRobotsOnBlackSite,numberOfRobotsOnWhiteSite
31003,28,16
timeStep,numberOfRobotsOnBlackSite,numberOfRobotsOnWhiteSite
31004,28,16
timeStep,numberOfRobotsOnBlackSite,numberOfRobotsOnWhiteSite
31005,28,16
timeStep,numberOfRobotsOnBlackSite,numberOfRobotsOnWhiteSite
31006,28,16
timeStep,numberOfRobotsOnBlackSite,numberOfRobotsOnWhiteSite
31007,28,16
timeStep,numberOfRobotsOnBlackSite,numberOfRobotsOnWhiteSite
31008,28,16
timeStep,numberOfRobotsOnBlackSite,numberOfRobotsOnWhiteSite
31009,28,16
timeStep,numberOfRobotsOnBlackSite,numberOfRobotsOnWhiteSite
31010,28,15
timeStep,numberOfRobotsOnBlackSite,numberOfRobotsOnWhiteSite
31011,28,15
timeStep,numberOfRobotsOnBlackSite,numberOfRobotsOnWhiteSite
31012,28,15
timeStep,numberOfRobotsOnBlackSite,numberOfRobotsOnWhiteSite
31013,28,15
timeStep,numberOfRobotsOnBlackSite,numberOfRobotsOnWhiteSite
31014,28,15
timeStep,numberOfRobotsOnBlackSite,numberOfRobotsOnWhiteSite
31015,28,15
timeStep,numberOfRobotsOnBlackSite,numberOfRobotsOnWhiteSite
31016,28,15
timeStep,numberOfRobotsOnBlackSite,numberOfRobotsOnWhiteSite
31017,28,15
timeStep,numberOfRobotsOnBlackSite,numberOfRobotsOnWhiteSite
31018,28,15
timeStep,numberOfRobotsOnBlackSite,numberOfRobotsOnWhiteSite
31019,28,15
timeStep,numberOfRobotsOnBlackSite,numberOfRobotsOnWhiteSite
31020,28,15
timeStep,numberOfRobotsOnBlackSite,numberOfRobotsOnWhiteSite
31021,28,15
timeStep,numberOfRobotsOnBlackSite,numberOfRobotsOnWhiteSite
31022,28,15
timeStep,numberOfRobotsOnBlackSite,numberOfRobotsOnWhiteSite
31023,28,15
timeStep,numberOfRobotsOnBlackSite,numberOfRobotsOnWhiteSite
31024,28,15
timeStep,numberOfRobotsOnBlackSite,numberOfRobotsOnWhiteSite
31025,28,15
timeStep,numberOfRobotsOnBlackSite,numberOfRobotsOnWhiteSite
31026,28,15
timeStep,numberOfRobotsOnBlackSite,numberOfRobotsOnWhiteSite
31027,28,15
timeStep,numberOfRobotsOnBlackSite,numberOfRobotsOnWhiteSite
31028,28,15
timeStep,numberOfRobotsOnBlackSite,numberOfRobotsOnWhiteSite
31029,28,15
timeStep,numberOfRobotsOnBlackSite,numberOfRobotsOnWhiteSite
31030,28,15
timeStep,numberOfRobotsOnBlackSite,numberOfRobotsOnWhiteSite
31031,28,15
timeStep,numberOfRobotsOnBlackSite,numberOfRobotsOnWhiteSite
31032,28,15
timeStep,numberOfRobotsOnBlackSite,numberOfRobotsOnWhiteSite
31033,28,15
timeStep,numberOfRobotsOnBlackSite,numberOfRobotsOnWhiteSite
31034,28,15
timeStep,numberOfRobotsOnBlackSite,numberOfRobotsOnWhiteSite
31035,28,15
timeStep,numberOfRobotsOnBlackSite,numberOfRobotsOnWhiteSite
31036,28,15
timeStep,numberOfRobotsOnBlackSite,numberOfRobotsOnWhiteSite
31037,28,15
timeStep,numberOfRobotsOnBlackSite,numberOfRobotsOnWhiteSite
31038,28,15
timeStep,numberOfRobotsOnBlackSite,numberOfRobotsOnWhiteSite
31039,28,15
timeStep,numberOfRobotsOnBlackSite,numberOfRobotsOnWhiteSite
31040,28,15
timeStep,numberOfRobotsOnBlackSite,numberOfRobotsOnWhiteSite
31041,28,15
timeStep,numberOfRobotsOnBlackSite,numberOfRobotsOnWhiteSite
31042,28,15
timeStep,numberOfRobotsOnBlackSite,numberOfRobotsOnWhiteSite
31043,28,15
timeStep,numberOfRobotsOnBlackSite,numberOfRobotsOnWhiteSite
31044,28,15
timeStep,numberOfRobotsOnBlackSite,numberOfRobotsOnWhiteSite
31045,28,15
timeStep,numberOfRobotsOnBlackSite,numberOfRobotsOnWhiteSite
31046,28,15
timeStep,numberOfRobotsOnBlackSite,numberOfRobotsOnWhiteSite
31047,28,15
timeStep,numberOfRobotsOnBlackSite,numberOfRobotsOnWhiteSite
31048,28,15
timeStep,numberOfRobotsOnBlackSite,numberOfRobotsOnWhiteSite
31049,28,15
timeStep,numberOfRobotsOnBlackSite,numberOfRobotsOnWhiteSite
31050,28,15
timeStep,numberOfRobotsOnBlackSite,numberOfRobotsOnWhiteSite
31051,28,15
timeStep,numberOfRobotsOnBlackSite,numberOfRobotsOnWhiteSite
31052,28,15
timeStep,numberOfRobotsOnBlackSite,numberOfRobotsOnWhiteSite
31053,28,15
timeStep,numberOfRobotsOnBlackSite,numberOfRobotsOnWhiteSite
31054,28,15
timeStep,numberOfRobotsOnBlackSite,numberOfRobotsOnWhiteSite
31055,28,15
timeStep,numberOfRobotsOnBlackSite,numberOfRobotsOnWhiteSite
31056,28,15
timeStep,numberOfRobotsOnBlackSite,numberOfRobotsOnWhiteSite
31057,28,15
timeStep,numberOfRobotsOnBlackSite,numberOfRobotsOnWhiteSite
31058,28,15
timeStep,numberOfRobotsOnBlackSite,numberOfRobotsOnWhiteSite
31059,28,15
timeStep,numberOfRobotsOnBlackSite,numberOfRobotsOnWhiteSite
31060,28,15
timeStep,numberOfRobotsOnBlackSite,numberOfRobotsOnWhiteSite
31061,28,15
timeStep,numberOfRobotsOnBlackSite,numberOfRobotsOnWhiteSite
31062,28,15
timeStep,numberOfRobotsOnBlackSite,numberOfRobotsOnWhiteSite
31063,28,15
timeStep,numberOfRobotsOnBlackSite,numberOfRobotsOnWhiteSite
31064,28,15
timeStep,numberOfRobotsOnBlackSite,numberOfRobotsOnWhiteSite
31065,28,16
timeStep,numberOfRobotsOnBlackSite,numberOfRobotsOnWhiteSite
31066,28,16
timeStep,numberOfRobotsOnBlackSite,numberOfRobotsOnWhiteSite
31067,28,16
timeStep,numberOfRobotsOnBlackSite,numberOfRobotsOnWhiteSite
31068,28,16
timeStep,numberOfRobotsOnBlackSite,numberOfRobotsOnWhiteSite
31069,28,16
timeStep,numberOfRobotsOnBlackSite,numberOfRobotsOnWhiteSite
31070,28,16
timeStep,numberOfRobotsOnBlackSite,numberOfRobotsOnWhiteSite
31071,28,16
timeStep,numberOfRobotsOnBlackSite,numberOfRobotsOnWhiteSite
31072,28,16
timeStep,numberOfRobotsOnBlackSite,numberOfRobotsOnWhiteSite
31073,28,16
timeStep,numberOfRobotsOnBlackSite,numberOfRobotsOnWhiteSite
31074,28,16
timeStep,numberOfRobotsOnBlackSite,numberOfRobotsOnWhiteSite
31075,28,16
timeStep,numberOfRobotsOnBlackSite,numberOfRobotsOnWhiteSite
31076,28,16
timeStep,numberOfRobotsOnBlackSite,numberOfRobotsOnWhiteSite
31077,28,16
timeStep,numberOfRobotsOnBlackSite,numberOfRobotsOnWhiteSite
31078,28,16
timeStep,numberOfRobotsOnBlackSite,numberOfRobotsOnWhiteSite
31079,28,16
timeStep,numberOfRobotsOnBlackSite,numberOfRobotsOnWhiteSite
31080,28,16
timeStep,numberOfRobotsOnBlackSite,numberOfRobotsOnWhiteSite
31081,28,16
timeStep,numberOfRobotsOnBlackSite,numberOfRobotsOnWhiteSite
31082,28,16
timeStep,numberOfRobotsOnBlackSite,numberOfRobotsOnWhiteSite
31083,28,16
timeStep,numberOfRobotsOnBlackSite,numberOfRobotsOnWhiteSite
31084,28,16
timeStep,numberOfRobotsOnBlackSite,numberOfRobotsOnWhiteSite
31085,28,16
timeStep,numberOfRobotsOnBlackSite,numberOfRobotsOnWhiteSite
31086,28,16
timeStep,numberOfRobotsOnBlackSite,numberOfRobotsOnWhiteSite
31087,28,16
timeStep,numberOfRobotsOnBlackSite,numberOfRobotsOnWhiteSite
31088,28,16
timeStep,numberOfRobotsOnBlackSite,numberOfRobotsOnWhiteSite
31089,28,16
timeStep,numberOfRobotsOnBlackSite,numberOfRobotsOnWhiteSite
31090,28,16
timeStep,numberOfRobotsOnBlackSite,numberOfRobotsOnWhiteSite
31091,28,16
timeStep,numberOfRobotsOnBlackSite,numberOfRobotsOnWhiteSite
31092,28,16
timeStep,numberOfRobotsOnBlackSite,numberOfRobotsOnWhiteSite
31093,28,16
timeStep,numberOfRobotsOnBlackSite,numberOfRobotsOnWhiteSite
31094,28,16
timeStep,numberOfRobotsOnBlackSite,numberOfRobotsOnWhiteSite
31095,28,16
timeStep,numberOfRobotsOnBlackSite,numberOfRobotsOnWhiteSite
31096,28,16
timeStep,numberOfRobotsOnBlackSite,numberOfRobotsOnWhiteSite
31097,28,16
timeStep,numberOfRobotsOnBlackSite,numberOfRobotsOnWhiteSite
31098,28,16
timeStep,numberOfRobotsOnBlackSite,numberOfRobotsOnWhiteSite
31099,28,16
timeStep,numberOfRobotsOnBlackSite,numberOfRobotsOnWhiteSite
31100,28,16
timeStep,numberOfRobotsOnBlackSite,numberOfRobotsOnWhiteSite
31101,28,16
timeStep,numberOfRobotsOnBlackSite,numberOfRobotsOnWhiteSite
31102,28,16
timeStep,numberOfRobotsOnBlackSite,numberOfRobotsOnWhiteSite
31103,28,16
timeStep,numberOfRobotsOnBlackSite,numberOfRobotsOnWhiteSite
31104,28,16
timeStep,numberOfRobotsOnBlackSite,numberOfRobotsOnWhiteSite
31105,27,16
timeStep,numberOfRobotsOnBlackSite,numberOfRobotsOnWhiteSite
31106,27,16
timeStep,numberOfRobotsOnBlackSite,numberOfRobotsOnWhiteSite
31107,27,16
timeStep,numberOfRobotsOnBlackSite,numberOfRobotsOnWhiteSite
31108,27,16
timeStep,numberOfRobotsOnBlackSite,numberOfRobotsOnWhiteSite
31109,27,16
timeStep,numberOfRobotsOnBlackSite,numberOfRobotsOnWhiteSite
31110,27,16
timeStep,numberOfRobotsOnBlackSite,numberOfRobotsOnWhiteSite
31111,27,16
timeStep,numberOfRobotsOnBlackSite,numberOfRobotsOnWhiteSite
31112,27,16
timeStep,numberOfRobotsOnBlackSite,numberOfRobotsOnWhiteSite
31113,27,16
timeStep,numberOfRobotsOnBlackSite,numberOfRobotsOnWhiteSite
31114,27,16
timeStep,numberOfRobotsOnBlackSite,numberOfRobotsOnWhiteSite
31115,27,16
timeStep,numberOfRobotsOnBlackSite,numberOfRobotsOnWhiteSite
31116,27,16
timeStep,numberOfRobotsOnBlackSite,numberOfRobotsOnWhiteSite
31117,27,16
timeStep,numberOfRobotsOnBlackSite,numberOfRobotsOnWhiteSite
31118,27,16
timeStep,numberOfRobotsOnBlackSite,numberOfRobotsOnWhiteSite
31119,27,16
timeStep,numberOfRobotsOnBlackSite,numberOfRobotsOnWhiteSite
31120,27,16
timeStep,numberOfRobotsOnBlackSite,numberOfRobotsOnWhiteSite
31121,27,16
timeStep,numberOfRobotsOnBlackSite,numberOfRobotsOnWhiteSite
31122,27,16
timeStep,numberOfRobotsOnBlackSite,numberOfRobotsOnWhiteSite
31123,27,16
timeStep,numberOfRobotsOnBlackSite,numberOfRobotsOnWhiteSite
31124,27,16
timeStep,numberOfRobotsOnBlackSite,numberOfRobotsOnWhiteSite
31125,27,16
timeStep,numberOfRobotsOnBlackSite,numberOfRobotsOnWhiteSite
31126,27,16
timeStep,numberOfRobotsOnBlackSite,numberOfRobotsOnWhiteSite
31127,27,16
timeStep,numberOfRobotsOnBlackSite,numberOfRobotsOnWhiteSite
31128,27,16
timeStep,numberOfRobotsOnBlackSite,numberOfRobotsOnWhiteSite
31129,27,16
timeStep,numberOfRobotsOnBlackSite,numberOfRobotsOnWhiteSite
31130,27,16
timeStep,numberOfRobotsOnBlackSite,numberOfRobotsOnWhiteSite
31131,27,16
timeStep,numberOfRobotsOnBlackSite,numberOfRobotsOnWhiteSite
31132,27,16
timeStep,numberOfRobotsOnBlackSite,numberOfRobotsOnWhiteSite
31133,27,16
timeStep,numberOfRobotsOnBlackSite,numberOfRobotsOnWhiteSite
31134,27,16
timeStep,numberOfRobotsOnBlackSite,numberOfRobotsOnWhiteSite
31135,27,16
timeStep,numberOfRobotsOnBlackSite,numberOfRobotsOnWhiteSite
31136,27,16
timeStep,numberOfRobotsOnBlackSite,numberOfRobotsOnWhiteSite
31137,27,16
timeStep,numberOfRobotsOnBlackSite,numberOfRobotsOnWhiteSite
31138,27,16
timeStep,numberOfRobotsOnBlackSite,numberOfRobotsOnWhiteSite
31139,27,16
timeStep,numberOfRobotsOnBlackSite,numberOfRobotsOnWhiteSite
31140,27,16
timeStep,numberOfRobotsOnBlackSite,numberOfRobotsOnWhiteSite
31141,27,16
timeStep,numberOfRobotsOnBlackSite,numberOfRobotsOnWhiteSite
31142,27,16
timeStep,numberOfRobotsOnBlackSite,numberOfRobotsOnWhiteSite
31143,27,16
timeStep,numberOfRobotsOnBlackSite,numberOfRobotsOnWhiteSite
31144,27,16
timeStep,numberOfRobotsOnBlackSite,numberOfRobotsOnWhiteSite
31145,27,16
timeStep,numberOfRobotsOnBlackSite,numberOfRobotsOnWhiteSite
31146,27,16
timeStep,numberOfRobotsOnBlackSite,numberOfRobotsOnWhiteSite
31147,27,16
timeStep,numberOfRobotsOnBlackSite,numberOfRobotsOnWhiteSite
31148,27,16
timeStep,numberOfRobotsOnBlackSite,numberOfRobotsOnWhiteSite
31149,27,16
timeStep,numberOfRobotsOnBlackSite,numberOfRobotsOnWhiteSite
31150,26,16
timeStep,numberOfRobotsOnBlackSite,numberOfRobotsOnWhiteSite
31151,26,16
timeStep,numberOfRobotsOnBlackSite,numberOfRobotsOnWhiteSite
31152,26,16
timeStep,numberOfRobotsOnBlackSite,numberOfRobotsOnWhiteSite
31153,26,16
timeStep,numberOfRobotsOnBlackSite,numberOfRobotsOnWhiteSite
31154,26,16
timeStep,numberOfRobotsOnBlackSite,numberOfRobotsOnWhiteSite
31155,26,16
timeStep,numberOfRobotsOnBlackSite,numberOfRobotsOnWhiteSite
31156,26,16
timeStep,numberOfRobotsOnBlackSite,numberOfRobotsOnWhiteSite
31157,26,16
timeStep,numberOfRobotsOnBlackSite,numberOfRobotsOnWhiteSite
31158,26,16
timeStep,numberOfRobotsOnBlackSite,numberOfRobotsOnWhiteSite
31159,26,16
timeStep,numberOfRobotsOnBlackSite,numberOfRobotsOnWhiteSite
31160,26,16
timeStep,numberOfRobotsOnBlackSite,numberOfRobotsOnWhiteSite
31161,26,16
timeStep,numberOfRobotsOnBlackSite,numberOfRobotsOnWhiteSite
31162,26,16
timeStep,numberOfRobotsOnBlackSite,numberOfRobotsOnWhiteSite
31163,26,16
timeStep,numberOfRobotsOnBlackSite,numberOfRobotsOnWhiteSite
31164,26,16
timeStep,numberOfRobotsOnBlackSite,numberOfRobotsOnWhiteSite
31165,26,16
timeStep,numberOfRobotsOnBlackSite,numberOfRobotsOnWhiteSite
31166,26,16
timeStep,numberOfRobotsOnBlackSite,numberOfRobotsOnWhiteSite
31167,26,16
timeStep,numberOfRobotsOnBlackSite,numberOfRobotsOnWhiteSite
31168,26,16
timeStep,numberOfRobotsOnBlackSite,numberOfRobotsOnWhiteSite
31169,26,16
timeStep,numberOfRobotsOnBlackSite,numberOfRobotsOnWhiteSite
31170,26,16
timeStep,numberOfRobotsOnBlackSite,numberOfRobotsOnWhiteSite
31171,26,16
timeStep,numberOfRobotsOnBlackSite,numberOfRobotsOnWhiteSite
31172,26,16
timeStep,numberOfRobotsOnBlackSite,numberOfRobotsOnWhiteSite
31173,26,16
timeStep,numberOfRobotsOnBlackSite,numberOfRobotsOnWhiteSite
31174,26,16
timeStep,numberOfRobotsOnBlackSite,numberOfRobotsOnWhiteSite
31175,26,16
timeStep,numberOfRobotsOnBlackSite,numberOfRobotsOnWhiteSite
31176,26,16
timeStep,numberOfRobotsOnBlackSite,numberOfRobotsOnWhiteSite
31177,26,16
timeStep,numberOfRobotsOnBlackSite,numberOfRobotsOnWhiteSite
31178,26,16
timeStep,numberOfRobotsOnBlackSite,numberOfRobotsOnWhiteSite
31179,26,16
timeStep,numberOfRobotsOnBlackSite,numberOfRobotsOnWhiteSite
31180,26,16
timeStep,numberOfRobotsOnBlackSite,numberOfRobotsOnWhiteSite
31181,26,16
timeStep,numberOfRobotsOnBlackSite,numberOfRobotsOnWhiteSite
31182,26,16
timeStep,numberOfRobotsOnBlackSite,numberOfRobotsOnWhiteSite
31183,26,16
timeStep,numberOfRobotsOnBlackSite,numberOfRobotsOnWhiteSite
31184,26,16
timeStep,numberOfRobotsOnBlackSite,numberOfRobotsOnWhiteSite
31185,26,16
timeStep,numberOfRobotsOnBlackSite,numberOfRobotsOnWhiteSite
31186,26,16
timeStep,numberOfRobotsOnBlackSite,numberOfRobotsOnWhiteSite
31187,26,16
timeStep,numberOfRobotsOnBlackSite,numberOfRobotsOnWhiteSite
31188,26,16
timeStep,numberOfRobotsOnBlackSite,numberOfRobotsOnWhiteSite
31189,26,16
timeStep,numberOfRobotsOnBlackSite,numberOfRobotsOnWhiteSite
31190,26,16
timeStep,numberOfRobotsOnBlackSite,numberOfRobotsOnWhiteSite
31191,26,16
timeStep,numberOfRobotsOnBlackSite,numberOfRobotsOnWhiteSite
31192,26,16
timeStep,numberOfRobotsOnBlackSite,numberOfRobotsOnWhiteSite
31193,26,16
timeStep,numberOfRobotsOnBlackSite,numberOfRobotsOnWhiteSite
31194,26,16
timeStep,numberOfRobotsOnBlackSite,numberOfRobotsOnWhiteSite
31195,26,16
timeStep,numberOfRobotsOnBlackSite,numberOfRobotsOnWhiteSite
31196,26,16
timeStep,numberOfRobotsOnBlackSite,numberOfRobotsOnWhiteSite
31197,26,16
timeStep,numberOfRobotsOnBlackSite,numberOfRobotsOnWhiteSite
31198,26,16
timeStep,numberOfRobotsOnBlackSite,numberOfRobotsOnWhiteSite
31199,26,16
timeStep,numberOfRobotsOnBlackSite,numberOfRobotsOnWhiteSite
31200,26,16
timeStep,numberOfRobotsOnBlackSite,numberOfRobotsOnWhiteSite
31201,26,16
timeStep,numberOfRobotsOnBlackSite,numberOfRobotsOnWhiteSite
31202,26,16
timeStep,numberOfRobotsOnBlackSite,numberOfRobotsOnWhiteSite
31203,26,16
timeStep,numberOfRobotsOnBlackSite,numberOfRobotsOnWhiteSite
31204,26,16
timeStep,numberOfRobotsOnBlackSite,numberOfRobotsOnWhiteSite
31205,25,16
timeStep,numberOfRobotsOnBlackSite,numberOfRobotsOnWhiteSite
31206,25,16
timeStep,numberOfRobotsOnBlackSite,numberOfRobotsOnWhiteSite
31207,25,16
timeStep,numberOfRobotsOnBlackSite,numberOfRobotsOnWhiteSite
31208,25,16
timeStep,numberOfRobotsOnBlackSite,numberOfRobotsOnWhiteSite
31209,25,16
timeStep,numberOfRobotsOnBlackSite,numberOfRobotsOnWhiteSite
31210,25,16
timeStep,numberOfRobotsOnBlackSite,numberOfRobotsOnWhiteSite
31211,25,16
timeStep,numberOfRobotsOnBlackSite,numberOfRobotsOnWhiteSite
31212,25,16
timeStep,numberOfRobotsOnBlackSite,numberOfRobotsOnWhiteSite
31213,25,16
timeStep,numberOfRobotsOnBlackSite,numberOfRobotsOnWhiteSite
31214,25,16
timeStep,numberOfRobotsOnBlackSite,numberOfRobotsOnWhiteSite
31215,25,16
timeStep,numberOfRobotsOnBlackSite,numberOfRobotsOnWhiteSite
31216,25,16
timeStep,numberOfRobotsOnBlackSite,numberOfRobotsOnWhiteSite
31217,25,16
timeStep,numberOfRobotsOnBlackSite,numberOfRobotsOnWhiteSite
31218,25,16
timeStep,numberOfRobotsOnBlackSite,numberOfRobotsOnWhiteSite
31219,25,16
timeStep,numberOfRobotsOnBlackSite,numberOfRobotsOnWhiteSite
31220,25,16
timeStep,numberOfRobotsOnBlackSite,numberOfRobotsOnWhiteSite
31221,25,16
timeStep,numberOfRobotsOnBlackSite,numberOfRobotsOnWhiteSite
31222,25,16
timeStep,numberOfRobotsOnBlackSite,numberOfRobotsOnWhiteSite
31223,25,16
timeStep,numberOfRobotsOnBlackSite,numberOfRobotsOnWhiteSite
31224,25,16
timeStep,numberOfRobotsOnBlackSite,numberOfRobotsOnWhiteSite
31225,25,16
timeStep,numberOfRobotsOnBlackSite,numberOfRobotsOnWhiteSite
31226,25,16
timeStep,numberOfRobotsOnBlackSite,numberOfRobotsOnWhiteSite
31227,25,16
timeStep,numberOfRobotsOnBlackSite,numberOfRobotsOnWhiteSite
31228,25,16
timeStep,numberOfRobotsOnBlackSite,numberOfRobotsOnWhiteSite
31229,25,16
timeStep,numberOfRobotsOnBlackSite,numberOfRobotsOnWhiteSite
31230,25,16
timeStep,numberOfRobotsOnBlackSite,numberOfRobotsOnWhiteSite
31231,25,16
timeStep,numberOfRobotsOnBlackSite,numberOfRobotsOnWhiteSite
31232,25,16
timeStep,numberOfRobotsOnBlackSite,numberOfRobotsOnWhiteSite
31233,25,16
timeStep,numberOfRobotsOnBlackSite,numberOfRobotsOnWhiteSite
31234,25,16
timeStep,numberOfRobotsOnBlackSite,numberOfRobotsOnWhiteSite
31235,25,16
timeStep,numberOfRobotsOnBlackSite,numberOfRobotsOnWhiteSite
31236,25,16
timeStep,numberOfRobotsOnBlackSite,numberOfRobotsOnWhiteSite
31237,25,16
timeStep,numberOfRobotsOnBlackSite,numberOfRobotsOnWhiteSite
31238,25,16
timeStep,numberOfRobotsOnBlackSite,numberOfRobotsOnWhiteSite
31239,25,16
timeStep,numberOfRobotsOnBlackSite,numberOfRobotsOnWhiteSite
31240,25,16
timeStep,numberOfRobotsOnBlackSite,numberOfRobotsOnWhiteSite
31241,25,16
timeStep,numberOfRobotsOnBlackSite,numberOfRobotsOnWhiteSite
31242,25,16
timeStep,numberOfRobotsOnBlackSite,numberOfRobotsOnWhiteSite
31243,25,16
timeStep,numberOfRobotsOnBlackSite,numberOfRobotsOnWhiteSite
31244,25,16
timeStep,numberOfRobotsOnBlackSite,numberOfRobotsOnWhiteSite
31245,25,16
timeStep,numberOfRobotsOnBlackSite,numberOfRobotsOnWhiteSite
31246,25,16
timeStep,numberOfRobotsOnBlackSite,numberOfRobotsOnWhiteSite
31247,25,16
timeStep,numberOfRobotsOnBlackSite,numberOfRobotsOnWhiteSite
31248,25,16
timeStep,numberOfRobotsOnBlackSite,numberOfRobotsOnWhiteSite
31249,25,16
timeStep,numberOfRobotsOnBlackSite,numberOfRobotsOnWhiteSite
31250,25,16
timeStep,numberOfRobotsOnBlackSite,numberOfRobotsOnWhiteSite
31251,25,16
timeStep,numberOfRobotsOnBlackSite,numberOfRobotsOnWhiteSite
31252,25,16
timeStep,numberOfRobotsOnBlackSite,numberOfRobotsOnWhiteSite
31253,25,16
timeStep,numberOfRobotsOnBlackSite,numberOfRobotsOnWhiteSite
31254,25,16
timeStep,numberOfRobotsOnBlackSite,numberOfRobotsOnWhiteSite
31255,25,16
timeStep,numberOfRobotsOnBlackSite,numberOfRobotsOnWhiteSite
31256,25,16
timeStep,numberOfRobotsOnBlackSite,numberOfRobotsOnWhiteSite
31257,25,16
timeStep,numberOfRobotsOnBlackSite,numberOfRobotsOnWhiteSite
31258,25,16
timeStep,numberOfRobotsOnBlackSite,numberOfRobotsOnWhiteSite
31259,25,16
timeStep,numberOfRobotsOnBlackSite,numberOfRobotsOnWhiteSite
31260,25,16
timeStep,numberOfRobotsOnBlackSite,numberOfRobotsOnWhiteSite
31261,25,16
timeStep,numberOfRobotsOnBlackSite,numberOfRobotsOnWhiteSite
31262,25,16
timeStep,numberOfRobotsOnBlackSite,numberOfRobotsOnWhiteSite
31263,25,16
timeStep,numberOfRobotsOnBlackSite,numberOfRobotsOnWhiteSite
31264,25,16
timeStep,numberOfRobotsOnBlackSite,numberOfRobotsOnWhiteSite
31265,25,16
timeStep,numberOfRobotsOnBlackSite,numberOfRobotsOnWhiteSite
31266,25,16
timeStep,numberOfRobotsOnBlackSite,numberOfRobotsOnWhiteSite
31267,25,16
timeStep,numberOfRobotsOnBlackSite,numberOfRobotsOnWhiteSite
31268,25,16
timeStep,numberOfRobotsOnBlackSite,numberOfRobotsOnWhiteSite
31269,25,16
timeStep,numberOfRobotsOnBlackSite,numberOfRobotsOnWhiteSite
31270,25,16
timeStep,numberOfRobotsOnBlackSite,numberOfRobotsOnWhiteSite
31271,25,16
timeStep,numberOfRobotsOnBlackSite,numberOfRobotsOnWhiteSite
31272,25,16
timeStep,numberOfRobotsOnBlackSite,numberOfRobotsOnWhiteSite
31273,25,16
timeStep,numberOfRobotsOnBlackSite,numberOfRobotsOnWhiteSite
31274,25,16
timeStep,numberOfRobotsOnBlackSite,numberOfRobotsOnWhiteSite
31275,25,16
timeStep,numberOfRobotsOnBlackSite,numberOfRobotsOnWhiteSite
31276,25,16
timeStep,numberOfRobotsOnBlackSite,numberOfRobotsOnWhiteSite
31277,25,16
timeStep,numberOfRobotsOnBlackSite,numberOfRobotsOnWhiteSite
31278,25,16
timeStep,numberOfRobotsOnBlackSite,numberOfRobotsOnWhiteSite
31279,25,16
timeStep,numberOfRobotsOnBlackSite,numberOfRobotsOnWhiteSite
31280,25,16
timeStep,numberOfRobotsOnBlackSite,numberOfRobotsOnWhiteSite
31281,25,16
timeStep,numberOfRobotsOnBlackSite,numberOfRobotsOnWhiteSite
31282,25,16
timeStep,numberOfRobotsOnBlackSite,numberOfRobotsOnWhiteSite
31283,25,16
timeStep,numberOfRobotsOnBlackSite,numberOfRobotsOnWhiteSite
31284,25,16
timeStep,numberOfRobotsOnBlackSite,numberOfRobotsOnWhiteSite
31285,25,16
timeStep,numberOfRobotsOnBlackSite,numberOfRobotsOnWhiteSite
31286,25,16
timeStep,numberOfRobotsOnBlackSite,numberOfRobotsOnWhiteSite
31287,25,16
timeStep,numberOfRobotsOnBlackSite,numberOfRobotsOnWhiteSite
31288,25,16
timeStep,numberOfRobotsOnBlackSite,numberOfRobotsOnWhiteSite
31289,25,16
timeStep,numberOfRobotsOnBlackSite,numberOfRobotsOnWhiteSite
31290,25,16
timeStep,numberOfRobotsOnBlackSite,numberOfRobotsOnWhiteSite
31291,25,16
timeStep,numberOfRobotsOnBlackSite,numberOfRobotsOnWhiteSite
31292,25,16
timeStep,numberOfRobotsOnBlackSite,numberOfRobotsOnWhiteSite
31293,25,16
timeStep,numberOfRobotsOnBlackSite,numberOfRobotsOnWhiteSite
31294,25,16
timeStep,numberOfRobotsOnBlackSite,numberOfRobotsOnWhiteSite
31295,25,16
timeStep,numberOfRobotsOnBlackSite,numberOfRobotsOnWhiteSite
31296,25,16
timeStep,numberOfRobotsOnBlackSite,numberOfRobotsOnWhiteSite
31297,25,16
timeStep,numberOfRobotsOnBlackSite,numberOfRobotsOnWhiteSite
31298,25,16
timeStep,numberOfRobotsOnBlackSite,numberOfRobotsOnWhiteSite
31299,25,16
timeStep,numberOfRobotsOnBlackSite,numberOfRobotsOnWhiteSite
31300,25,16
timeStep,numberOfRobotsOnBlackSite,numberOfRobotsOnWhiteSite
31301,25,16
timeStep,numberOfRobotsOnBlackSite,numberOfRobotsOnWhiteSite
31302,25,16
timeStep,numberOfRobotsOnBlackSite,numberOfRobotsOnWhiteSite
31303,25,16
timeStep,numberOfRobotsOnBlackSite,numberOfRobotsOnWhiteSite
31304,25,16
timeStep,numberOfRobotsOnBlackSite,numberOfRobotsOnWhiteSite
31305,25,16
timeStep,numberOfRobotsOnBlackSite,numberOfRobotsOnWhiteSite
31306,25,16
timeStep,numberOfRobotsOnBlackSite,numberOfRobotsOnWhiteSite
31307,25,16
timeStep,numberOfRobotsOnBlackSite,numberOfRobotsOnWhiteSite
31308,25,16
timeStep,numberOfRobotsOnBlackSite,numberOfRobotsOnWhiteSite
31309,25,16
timeStep,numberOfRobotsOnBlackSite,numberOfRobotsOnWhiteSite
31310,25,16
timeStep,numberOfRobotsOnBlackSite,numberOfRobotsOnWhiteSite
31311,25,16
timeStep,numberOfRobotsOnBlackSite,numberOfRobotsOnWhiteSite
31312,25,16
timeStep,numberOfRobotsOnBlackSite,numberOfRobotsOnWhiteSite
31313,25,16
timeStep,numberOfRobotsOnBlackSite,numberOfRobotsOnWhiteSite
31314,25,16
timeStep,numberOfRobotsOnBlackSite,numberOfRobotsOnWhiteSite
31315,25,16
timeStep,numberOfRobotsOnBlackSite,numberOfRobotsOnWhiteSite
31316,25,16
timeStep,numberOfRobotsOnBlackSite,numberOfRobotsOnWhiteSite
31317,25,16
timeStep,numberOfRobotsOnBlackSite,numberOfRobotsOnWhiteSite
31318,25,16
timeStep,numberOfRobotsOnBlackSite,numberOfRobotsOnWhiteSite
31319,25,16
timeStep,numberOfRobotsOnBlackSite,numberOfRobotsOnWhiteSite
31320,25,16
timeStep,numberOfRobotsOnBlackSite,numberOfRobotsOnWhiteSite
31321,25,16
timeStep,numberOfRobotsOnBlackSite,numberOfRobotsOnWhiteSite
31322,25,16
timeStep,numberOfRobotsOnBlackSite,numberOfRobotsOnWhiteSite
31323,25,16
timeStep,numberOfRobotsOnBlackSite,numberOfRobotsOnWhiteSite
31324,25,16
timeStep,numberOfRobotsOnBlackSite,numberOfRobotsOnWhiteSite
31325,25,16
timeStep,numberOfRobotsOnBlackSite,numberOfRobotsOnWhiteSite
31326,25,16
timeStep,numberOfRobotsOnBlackSite,numberOfRobotsOnWhiteSite
31327,25,16
timeStep,numberOfRobotsOnBlackSite,numberOfRobotsOnWhiteSite
31328,25,16
timeStep,numberOfRobotsOnBlackSite,numberOfRobotsOnWhiteSite
31329,25,16
timeStep,numberOfRobotsOnBlackSite,numberOfRobotsOnWhiteSite
31330,25,16
timeStep,numberOfRobotsOnBlackSite,numberOfRobotsOnWhiteSite
31331,25,16
timeStep,numberOfRobotsOnBlackSite,numberOfRobotsOnWhiteSite
31332,25,16
timeStep,numberOfRobotsOnBlackSite,numberOfRobotsOnWhiteSite
31333,25,16
timeStep,numberOfRobotsOnBlackSite,numberOfRobotsOnWhiteSite
31334,25,16
timeStep,numberOfRobotsOnBlackSite,numberOfRobotsOnWhiteSite
31335,26,16
timeStep,numberOfRobotsOnBlackSite,numberOfRobotsOnWhiteSite
31336,26,16
timeStep,numberOfRobotsOnBlackSite,numberOfRobotsOnWhiteSite
31337,26,16
timeStep,numberOfRobotsOnBlackSite,numberOfRobotsOnWhiteSite
31338,26,16
timeStep,numberOfRobotsOnBlackSite,numberOfRobotsOnWhiteSite
31339,26,16
timeStep,numberOfRobotsOnBlackSite,numberOfRobotsOnWhiteSite
31340,26,16
timeStep,numberOfRobotsOnBlackSite,numberOfRobotsOnWhiteSite
31341,26,16
timeStep,numberOfRobotsOnBlackSite,numberOfRobotsOnWhiteSite
31342,26,16
timeStep,numberOfRobotsOnBlackSite,numberOfRobotsOnWhiteSite
31343,26,16
timeStep,numberOfRobotsOnBlackSite,numberOfRobotsOnWhiteSite
31344,26,16
timeStep,numberOfRobotsOnBlackSite,numberOfRobotsOnWhiteSite
31345,25,16
timeStep,numberOfRobotsOnBlackSite,numberOfRobotsOnWhiteSite
31346,25,16
timeStep,numberOfRobotsOnBlackSite,numberOfRobotsOnWhiteSite
31347,25,16
timeStep,numberOfRobotsOnBlackSite,numberOfRobotsOnWhiteSite
31348,25,16
timeStep,numberOfRobotsOnBlackSite,numberOfRobotsOnWhiteSite
31349,25,16
timeStep,numberOfRobotsOnBlackSite,numberOfRobotsOnWhiteSite
31350,25,16
timeStep,numberOfRobotsOnBlackSite,numberOfRobotsOnWhiteSite
31351,25,16
timeStep,numberOfRobotsOnBlackSite,numberOfRobotsOnWhiteSite
31352,25,16
timeStep,numberOfRobotsOnBlackSite,numberOfRobotsOnWhiteSite
31353,25,16
timeStep,numberOfRobotsOnBlackSite,numberOfRobotsOnWhiteSite
31354,25,16
timeStep,numberOfRobotsOnBlackSite,numberOfRobotsOnWhiteSite
31355,25,16
timeStep,numberOfRobotsOnBlackSite,numberOfRobotsOnWhiteSite
31356,25,16
timeStep,numberOfRobotsOnBlackSite,numberOfRobotsOnWhiteSite
31357,25,16
timeStep,numberOfRobotsOnBlackSite,numberOfRobotsOnWhiteSite
31358,25,16
timeStep,numberOfRobotsOnBlackSite,numberOfRobotsOnWhiteSite
31359,25,16
timeStep,numberOfRobotsOnBlackSite,numberOfRobotsOnWhiteSite
31360,25,16
timeStep,numberOfRobotsOnBlackSite,numberOfRobotsOnWhiteSite
31361,25,16
timeStep,numberOfRobotsOnBlackSite,numberOfRobotsOnWhiteSite
31362,25,16
timeStep,numberOfRobotsOnBlackSite,numberOfRobotsOnWhiteSite
31363,25,16
timeStep,numberOfRobotsOnBlackSite,numberOfRobotsOnWhiteSite
31364,25,16
timeStep,numberOfRobotsOnBlackSite,numberOfRobotsOnWhiteSite
31365,25,16
timeStep,numberOfRobotsOnBlackSite,numberOfRobotsOnWhiteSite
31366,25,16
timeStep,numberOfRobotsOnBlackSite,numberOfRobotsOnWhiteSite
31367,25,16
timeStep,numberOfRobotsOnBlackSite,numberOfRobotsOnWhiteSite
31368,25,16
timeStep,numberOfRobotsOnBlackSite,numberOfRobotsOnWhiteSite
31369,25,16
timeStep,numberOfRobotsOnBlackSite,numberOfRobotsOnWhiteSite
31370,26,16
timeStep,numberOfRobotsOnBlackSite,numberOfRobotsOnWhiteSite
31371,26,16
timeStep,numberOfRobotsOnBlackSite,numberOfRobotsOnWhiteSite
31372,26,16
timeStep,numberOfRobotsOnBlackSite,numberOfRobotsOnWhiteSite
31373,26,16
timeStep,numberOfRobotsOnBlackSite,numberOfRobotsOnWhiteSite
31374,26,16
timeStep,numberOfRobotsOnBlackSite,numberOfRobotsOnWhiteSite
31375,26,16
timeStep,numberOfRobotsOnBlackSite,numberOfRobotsOnWhiteSite
31376,26,16
timeStep,numberOfRobotsOnBlackSite,numberOfRobotsOnWhiteSite
31377,26,16
timeStep,numberOfRobotsOnBlackSite,numberOfRobotsOnWhiteSite
31378,26,16
timeStep,numberOfRobotsOnBlackSite,numberOfRobotsOnWhiteSite
31379,26,16
timeStep,numberOfRobotsOnBlackSite,numberOfRobotsOnWhiteSite
31380,26,16
timeStep,numberOfRobotsOnBlackSite,numberOfRobotsOnWhiteSite
31381,26,16
timeStep,numberOfRobotsOnBlackSite,numberOfRobotsOnWhiteSite
31382,26,16
timeStep,numberOfRobotsOnBlackSite,numberOfRobotsOnWhiteSite
31383,26,16
timeStep,numberOfRobotsOnBlackSite,numberOfRobotsOnWhiteSite
31384,26,16
timeStep,numberOfRobotsOnBlackSite,numberOfRobotsOnWhiteSite
31385,26,16
timeStep,numberOfRobotsOnBlackSite,numberOfRobotsOnWhiteSite
31386,26,16
timeStep,numberOfRobotsOnBlackSite,numberOfRobotsOnWhiteSite
31387,26,16
timeStep,numberOfRobotsOnBlackSite,numberOfRobotsOnWhiteSite
31388,26,16
timeStep,numberOfRobotsOnBlackSite,numberOfRobotsOnWhiteSite
31389,26,16
timeStep,numberOfRobotsOnBlackSite,numberOfRobotsOnWhiteSite
31390,26,16
timeStep,numberOfRobotsOnBlackSite,numberOfRobotsOnWhiteSite
31391,26,16
timeStep,numberOfRobotsOnBlackSite,numberOfRobotsOnWhiteSite
31392,26,16
timeStep,numberOfRobotsOnBlackSite,numberOfRobotsOnWhiteSite
31393,26,16
timeStep,numberOfRobotsOnBlackSite,numberOfRobotsOnWhiteSite
31394,26,16
timeStep,numberOfRobotsOnBlackSite,numberOfRobotsOnWhiteSite
31395,26,15
timeStep,numberOfRobotsOnBlackSite,numberOfRobotsOnWhiteSite
31396,26,15
timeStep,numberOfRobotsOnBlackSite,numberOfRobotsOnWhiteSite
31397,26,15
timeStep,numberOfRobotsOnBlackSite,numberOfRobotsOnWhiteSite
31398,26,15
timeStep,numberOfRobotsOnBlackSite,numberOfRobotsOnWhiteSite
31399,26,15
timeStep,numberOfRobotsOnBlackSite,numberOfRobotsOnWhiteSite
31400,26,15
timeStep,numberOfRobotsOnBlackSite,numberOfRobotsOnWhiteSite
31401,26,15
timeStep,numberOfRobotsOnBlackSite,numberOfRobotsOnWhiteSite
31402,26,15
timeStep,numberOfRobotsOnBlackSite,numberOfRobotsOnWhiteSite
31403,26,15
timeStep,numberOfRobotsOnBlackSite,numberOfRobotsOnWhiteSite
31404,26,15
timeStep,numberOfRobotsOnBlackSite,numberOfRobotsOnWhiteSite
31405,26,15
timeStep,numberOfRobotsOnBlackSite,numberOfRobotsOnWhiteSite
31406,26,15
timeStep,numberOfRobotsOnBlackSite,numberOfRobotsOnWhiteSite
31407,26,15
timeStep,numberOfRobotsOnBlackSite,numberOfRobotsOnWhiteSite
31408,26,15
timeStep,numberOfRobotsOnBlackSite,numberOfRobotsOnWhiteSite
31409,26,15
timeStep,numberOfRobotsOnBlackSite,numberOfRobotsOnWhiteSite
31410,26,15
timeStep,numberOfRobotsOnBlackSite,numberOfRobotsOnWhiteSite
31411,26,15
timeStep,numberOfRobotsOnBlackSite,numberOfRobotsOnWhiteSite
31412,26,15
timeStep,numberOfRobotsOnBlackSite,numberOfRobotsOnWhiteSite
31413,26,15
timeStep,numberOfRobotsOnBlackSite,numberOfRobotsOnWhiteSite
31414,26,15
timeStep,numberOfRobotsOnBlackSite,numberOfRobotsOnWhiteSite
31415,25,15
timeStep,numberOfRobotsOnBlackSite,numberOfRobotsOnWhiteSite
31416,25,15
timeStep,numberOfRobotsOnBlackSite,numberOfRobotsOnWhiteSite
31417,25,15
timeStep,numberOfRobotsOnBlackSite,numberOfRobotsOnWhiteSite
31418,25,15
timeStep,numberOfRobotsOnBlackSite,numberOfRobotsOnWhiteSite
31419,25,15
timeStep,numberOfRobotsOnBlackSite,numberOfRobotsOnWhiteSite
31420,25,15
timeStep,numberOfRobotsOnBlackSite,numberOfRobotsOnWhiteSite
31421,25,15
timeStep,numberOfRobotsOnBlackSite,numberOfRobotsOnWhiteSite
31422,25,15
timeStep,numberOfRobotsOnBlackSite,numberOfRobotsOnWhiteSite
31423,25,15
timeStep,numberOfRobotsOnBlackSite,numberOfRobotsOnWhiteSite
31424,25,15
timeStep,numberOfRobotsOnBlackSite,numberOfRobotsOnWhiteSite
31425,25,15
timeStep,numberOfRobotsOnBlackSite,numberOfRobotsOnWhiteSite
31426,25,15
timeStep,numberOfRobotsOnBlackSite,numberOfRobotsOnWhiteSite
31427,25,15
timeStep,numberOfRobotsOnBlackSite,numberOfRobotsOnWhiteSite
31428,25,15
timeStep,numberOfRobotsOnBlackSite,numberOfRobotsOnWhiteSite
31429,25,15
timeStep,numberOfRobotsOnBlackSite,numberOfRobotsOnWhiteSite
31430,25,15
timeStep,numberOfRobotsOnBlackSite,numberOfRobotsOnWhiteSite
31431,25,15
timeStep,numberOfRobotsOnBlackSite,numberOfRobotsOnWhiteSite
31432,25,15
timeStep,numberOfRobotsOnBlackSite,numberOfRobotsOnWhiteSite
31433,25,15
timeStep,numberOfRobotsOnBlackSite,numberOfRobotsOnWhiteSite
31434,25,15
timeStep,numberOfRobotsOnBlackSite,numberOfRobotsOnWhiteSite
31435,25,16
timeStep,numberOfRobotsOnBlackSite,numberOfRobotsOnWhiteSite
31436,25,16
timeStep,numberOfRobotsOnBlackSite,numberOfRobotsOnWhiteSite
31437,25,16
timeStep,numberOfRobotsOnBlackSite,numberOfRobotsOnWhiteSite
31438,25,16
timeStep,numberOfRobotsOnBlackSite,numberOfRobotsOnWhiteSite
31439,25,16
timeStep,numberOfRobotsOnBlackSite,numberOfRobotsOnWhiteSite
31440,26,16
timeStep,numberOfRobotsOnBlackSite,numberOfRobotsOnWhiteSite
31441,26,16
timeStep,numberOfRobotsOnBlackSite,numberOfRobotsOnWhiteSite
31442,26,16
timeStep,numberOfRobotsOnBlackSite,numberOfRobotsOnWhiteSite
31443,26,16
timeStep,numberOfRobotsOnBlackSite,numberOfRobotsOnWhiteSite
31444,26,16
timeStep,numberOfRobotsOnBlackSite,numberOfRobotsOnWhiteSite
31445,26,16
timeStep,numberOfRobotsOnBlackSite,numberOfRobotsOnWhiteSite
31446,26,16
timeStep,numberOfRobotsOnBlackSite,numberOfRobotsOnWhiteSite
31447,26,16
timeStep,numberOfRobotsOnBlackSite,numberOfRobotsOnWhiteSite
31448,26,16
timeStep,numberOfRobotsOnBlackSite,numberOfRobotsOnWhiteSite
31449,26,16
timeStep,numberOfRobotsOnBlackSite,numberOfRobotsOnWhiteSite
31450,26,16
timeStep,numberOfRobotsOnBlackSite,numberOfRobotsOnWhiteSite
31451,26,16
timeStep,numberOfRobotsOnBlackSite,numberOfRobotsOnWhiteSite
31452,26,16
timeStep,numberOfRobotsOnBlackSite,numberOfRobotsOnWhiteSite
31453,26,16
timeStep,numberOfRobotsOnBlackSite,numberOfRobotsOnWhiteSite
31454,26,16
timeStep,numberOfRobotsOnBlackSite,numberOfRobotsOnWhiteSite
31455,26,16
timeStep,numberOfRobotsOnBlackSite,numberOfRobotsOnWhiteSite
31456,26,16
timeStep,numberOfRobotsOnBlackSite,numberOfRobotsOnWhiteSite
31457,26,16
timeStep,numberOfRobotsOnBlackSite,numberOfRobotsOnWhiteSite
31458,26,16
timeStep,numberOfRobotsOnBlackSite,numberOfRobotsOnWhiteSite
31459,26,16
timeStep,numberOfRobotsOnBlackSite,numberOfRobotsOnWhiteSite
31460,26,16
timeStep,numberOfRobotsOnBlackSite,numberOfRobotsOnWhiteSite
31461,26,16
timeStep,numberOfRobotsOnBlackSite,numberOfRobotsOnWhiteSite
31462,26,16
timeStep,numberOfRobotsOnBlackSite,numberOfRobotsOnWhiteSite
31463,26,16
timeStep,numberOfRobotsOnBlackSite,numberOfRobotsOnWhiteSite
31464,26,16
timeStep,numberOfRobotsOnBlackSite,numberOfRobotsOnWhiteSite
31465,26,16
timeStep,numberOfRobotsOnBlackSite,numberOfRobotsOnWhiteSite
31466,26,16
timeStep,numberOfRobotsOnBlackSite,numberOfRobotsOnWhiteSite
31467,26,16
timeStep,numberOfRobotsOnBlackSite,numberOfRobotsOnWhiteSite
31468,26,16
timeStep,numberOfRobotsOnBlackSite,numberOfRobotsOnWhiteSite
31469,26,16
timeStep,numberOfRobotsOnBlackSite,numberOfRobotsOnWhiteSite
31470,26,16
timeStep,numberOfRobotsOnBlackSite,numberOfRobotsOnWhiteSite
31471,26,16
timeStep,numberOfRobotsOnBlackSite,numberOfRobotsOnWhiteSite
31472,26,16
timeStep,numberOfRobotsOnBlackSite,numberOfRobotsOnWhiteSite
31473,26,16
timeStep,numberOfRobotsOnBlackSite,numberOfRobotsOnWhiteSite
31474,26,16
timeStep,numberOfRobotsOnBlackSite,numberOfRobotsOnWhiteSite
31475,26,16
timeStep,numberOfRobotsOnBlackSite,numberOfRobotsOnWhiteSite
31476,26,16
timeStep,numberOfRobotsOnBlackSite,numberOfRobotsOnWhiteSite
31477,26,16
timeStep,numberOfRobotsOnBlackSite,numberOfRobotsOnWhiteSite
31478,26,16
timeStep,numberOfRobotsOnBlackSite,numberOfRobotsOnWhiteSite
31479,26,16
timeStep,numberOfRobotsOnBlackSite,numberOfRobotsOnWhiteSite
31480,26,16
timeStep,numberOfRobotsOnBlackSite,numberOfRobotsOnWhiteSite
31481,26,16
timeStep,numberOfRobotsOnBlackSite,numberOfRobotsOnWhiteSite
31482,26,16
timeStep,numberOfRobotsOnBlackSite,numberOfRobotsOnWhiteSite
31483,26,16
timeStep,numberOfRobotsOnBlackSite,numberOfRobotsOnWhiteSite
31484,26,16
timeStep,numberOfRobotsOnBlackSite,numberOfRobotsOnWhiteSite
31485,26,16
timeStep,numberOfRobotsOnBlackSite,numberOfRobotsOnWhiteSite
31486,26,16
timeStep,numberOfRobotsOnBlackSite,numberOfRobotsOnWhiteSite
31487,26,16
timeStep,numberOfRobotsOnBlackSite,numberOfRobotsOnWhiteSite
31488,26,16
timeStep,numberOfRobotsOnBlackSite,numberOfRobotsOnWhiteSite
31489,26,16
timeStep,numberOfRobotsOnBlackSite,numberOfRobotsOnWhiteSite
31490,26,16
timeStep,numberOfRobotsOnBlackSite,numberOfRobotsOnWhiteSite
31491,26,16
timeStep,numberOfRobotsOnBlackSite,numberOfRobotsOnWhiteSite
31492,26,16
timeStep,numberOfRobotsOnBlackSite,numberOfRobotsOnWhiteSite
31493,26,16
timeStep,numberOfRobotsOnBlackSite,numberOfRobotsOnWhiteSite
31494,26,16
timeStep,numberOfRobotsOnBlackSite,numberOfRobotsOnWhiteSite
31495,26,16
timeStep,numberOfRobotsOnBlackSite,numberOfRobotsOnWhiteSite
31496,26,16
timeStep,numberOfRobotsOnBlackSite,numberOfRobotsOnWhiteSite
31497,26,16
timeStep,numberOfRobotsOnBlackSite,numberOfRobotsOnWhiteSite
31498,26,16
timeStep,numberOfRobotsOnBlackSite,numberOfRobotsOnWhiteSite
31499,26,16
timeStep,numberOfRobotsOnBlackSite,numberOfRobotsOnWhiteSite
31500,26,16
timeStep,numberOfRobotsOnBlackSite,numberOfRobotsOnWhiteSite
31501,26,16
timeStep,numberOfRobotsOnBlackSite,numberOfRobotsOnWhiteSite
31502,26,16
timeStep,numberOfRobotsOnBlackSite,numberOfRobotsOnWhiteSite
31503,26,16
timeStep,numberOfRobotsOnBlackSite,numberOfRobotsOnWhiteSite
31504,26,16
timeStep,numberOfRobotsOnBlackSite,numberOfRobotsOnWhiteSite
31505,26,16
timeStep,numberOfRobotsOnBlackSite,numberOfRobotsOnWhiteSite
31506,26,16
timeStep,numberOfRobotsOnBlackSite,numberOfRobotsOnWhiteSite
31507,26,16
timeStep,numberOfRobotsOnBlackSite,numberOfRobotsOnWhiteSite
31508,26,16
timeStep,numberOfRobotsOnBlackSite,numberOfRobotsOnWhiteSite
31509,26,16
timeStep,numberOfRobotsOnBlackSite,numberOfRobotsOnWhiteSite
31510,25,16
timeStep,numberOfRobotsOnBlackSite,numberOfRobotsOnWhiteSite
31511,25,16
timeStep,numberOfRobotsOnBlackSite,numberOfRobotsOnWhiteSite
31512,25,16
timeStep,numberOfRobotsOnBlackSite,numberOfRobotsOnWhiteSite
31513,25,16
timeStep,numberOfRobotsOnBlackSite,numberOfRobotsOnWhiteSite
31514,25,16
timeStep,numberOfRobotsOnBlackSite,numberOfRobotsOnWhiteSite
31515,25,16
timeStep,numberOfRobotsOnBlackSite,numberOfRobotsOnWhiteSite
31516,25,16
timeStep,numberOfRobotsOnBlackSite,numberOfRobotsOnWhiteSite
31517,25,16
timeStep,numberOfRobotsOnBlackSite,numberOfRobotsOnWhiteSite
31518,25,16
timeStep,numberOfRobotsOnBlackSite,numberOfRobotsOnWhiteSite
31519,25,16
timeStep,numberOfRobotsOnBlackSite,numberOfRobotsOnWhiteSite
31520,25,16
timeStep,numberOfRobotsOnBlackSite,numberOfRobotsOnWhiteSite
31521,25,16
timeStep,numberOfRobotsOnBlackSite,numberOfRobotsOnWhiteSite
31522,25,16
timeStep,numberOfRobotsOnBlackSite,numberOfRobotsOnWhiteSite
31523,25,16
timeStep,numberOfRobotsOnBlackSite,numberOfRobotsOnWhiteSite
31524,25,16
timeStep,numberOfRobotsOnBlackSite,numberOfRobotsOnWhiteSite
31525,25,16
timeStep,numberOfRobotsOnBlackSite,numberOfRobotsOnWhiteSite
31526,25,16
timeStep,numberOfRobotsOnBlackSite,numberOfRobotsOnWhiteSite
31527,25,16
timeStep,numberOfRobotsOnBlackSite,numberOfRobotsOnWhiteSite
31528,25,16
timeStep,numberOfRobotsOnBlackSite,numberOfRobotsOnWhiteSite
31529,25,16
timeStep,numberOfRobotsOnBlackSite,numberOfRobotsOnWhiteSite
31530,25,16
timeStep,numberOfRobotsOnBlackSite,numberOfRobotsOnWhiteSite
31531,25,16
timeStep,numberOfRobotsOnBlackSite,numberOfRobotsOnWhiteSite
31532,25,16
timeStep,numberOfRobotsOnBlackSite,numberOfRobotsOnWhiteSite
31533,25,16
timeStep,numberOfRobotsOnBlackSite,numberOfRobotsOnWhiteSite
31534,25,16
timeStep,numberOfRobotsOnBlackSite,numberOfRobotsOnWhiteSite
31535,25,16
timeStep,numberOfRobotsOnBlackSite,numberOfRobotsOnWhiteSite
31536,25,16
timeStep,numberOfRobotsOnBlackSite,numberOfRobotsOnWhiteSite
31537,25,16
timeStep,numberOfRobotsOnBlackSite,numberOfRobotsOnWhiteSite
31538,25,16
timeStep,numberOfRobotsOnBlackSite,numberOfRobotsOnWhiteSite
31539,25,16
timeStep,numberOfRobotsOnBlackSite,numberOfRobotsOnWhiteSite
31540,25,16
timeStep,numberOfRobotsOnBlackSite,numberOfRobotsOnWhiteSite
31541,25,16
timeStep,numberOfRobotsOnBlackSite,numberOfRobotsOnWhiteSite
31542,25,16
timeStep,numberOfRobotsOnBlackSite,numberOfRobotsOnWhiteSite
31543,25,16
timeStep,numberOfRobotsOnBlackSite,numberOfRobotsOnWhiteSite
31544,25,16
timeStep,numberOfRobotsOnBlackSite,numberOfRobotsOnWhiteSite
31545,25,16
timeStep,numberOfRobotsOnBlackSite,numberOfRobotsOnWhiteSite
31546,25,16
timeStep,numberOfRobotsOnBlackSite,numberOfRobotsOnWhiteSite
31547,25,16
timeStep,numberOfRobotsOnBlackSite,numberOfRobotsOnWhiteSite
31548,25,16
timeStep,numberOfRobotsOnBlackSite,numberOfRobotsOnWhiteSite
31549,25,16
timeStep,numberOfRobotsOnBlackSite,numberOfRobotsOnWhiteSite
31550,25,16
timeStep,numberOfRobotsOnBlackSite,numberOfRobotsOnWhiteSite
31551,25,16
timeStep,numberOfRobotsOnBlackSite,numberOfRobotsOnWhiteSite
31552,25,16
timeStep,numberOfRobotsOnBlackSite,numberOfRobotsOnWhiteSite
31553,25,16
timeStep,numberOfRobotsOnBlackSite,numberOfRobotsOnWhiteSite
31554,25,16
timeStep,numberOfRobotsOnBlackSite,numberOfRobotsOnWhiteSite
31555,25,16
timeStep,numberOfRobotsOnBlackSite,numberOfRobotsOnWhiteSite
31556,25,16
timeStep,numberOfRobotsOnBlackSite,numberOfRobotsOnWhiteSite
31557,25,16
timeStep,numberOfRobotsOnBlackSite,numberOfRobotsOnWhiteSite
31558,25,16
timeStep,numberOfRobotsOnBlackSite,numberOfRobotsOnWhiteSite
31559,25,16
timeStep,numberOfRobotsOnBlackSite,numberOfRobotsOnWhiteSite
31560,25,16
timeStep,numberOfRobotsOnBlackSite,numberOfRobotsOnWhiteSite
31561,25,16
timeStep,numberOfRobotsOnBlackSite,numberOfRobotsOnWhiteSite
31562,25,16
timeStep,numberOfRobotsOnBlackSite,numberOfRobotsOnWhiteSite
31563,25,16
timeStep,numberOfRobotsOnBlackSite,numberOfRobotsOnWhiteSite
31564,25,16
timeStep,numberOfRobotsOnBlackSite,numberOfRobotsOnWhiteSite
31565,25,16
timeStep,numberOfRobotsOnBlackSite,numberOfRobotsOnWhiteSite
31566,25,16
timeStep,numberOfRobotsOnBlackSite,numberOfRobotsOnWhiteSite
31567,25,16
timeStep,numberOfRobotsOnBlackSite,numberOfRobotsOnWhiteSite
31568,25,16
timeStep,numberOfRobotsOnBlackSite,numberOfRobotsOnWhiteSite
31569,25,16
timeStep,numberOfRobotsOnBlackSite,numberOfRobotsOnWhiteSite
31570,25,16
timeStep,numberOfRobotsOnBlackSite,numberOfRobotsOnWhiteSite
31571,25,16
timeStep,numberOfRobotsOnBlackSite,numberOfRobotsOnWhiteSite
31572,25,16
timeStep,numberOfRobotsOnBlackSite,numberOfRobotsOnWhiteSite
31573,25,16
timeStep,numberOfRobotsOnBlackSite,numberOfRobotsOnWhiteSite
31574,25,16
timeStep,numberOfRobotsOnBlackSite,numberOfRobotsOnWhiteSite
31575,25,16
timeStep,numberOfRobotsOnBlackSite,numberOfRobotsOnWhiteSite
31576,25,16
timeStep,numberOfRobotsOnBlackSite,numberOfRobotsOnWhiteSite
31577,25,16
timeStep,numberOfRobotsOnBlackSite,numberOfRobotsOnWhiteSite
31578,25,16
timeStep,numberOfRobotsOnBlackSite,numberOfRobotsOnWhiteSite
31579,25,16
timeStep,numberOfRobotsOnBlackSite,numberOfRobotsOnWhiteSite
31580,25,16
timeStep,numberOfRobotsOnBlackSite,numberOfRobotsOnWhiteSite
31581,25,16
timeStep,numberOfRobotsOnBlackSite,numberOfRobotsOnWhiteSite
31582,25,16
timeStep,numberOfRobotsOnBlackSite,numberOfRobotsOnWhiteSite
31583,25,16
timeStep,numberOfRobotsOnBlackSite,numberOfRobotsOnWhiteSite
31584,25,16
timeStep,numberOfRobotsOnBlackSite,numberOfRobotsOnWhiteSite
31585,25,16
timeStep,numberOfRobotsOnBlackSite,numberOfRobotsOnWhiteSite
31586,25,16
timeStep,numberOfRobotsOnBlackSite,numberOfRobotsOnWhiteSite
31587,25,16
timeStep,numberOfRobotsOnBlackSite,numberOfRobotsOnWhiteSite
31588,25,16
timeStep,numberOfRobotsOnBlackSite,numberOfRobotsOnWhiteSite
31589,25,16
timeStep,numberOfRobotsOnBlackSite,numberOfRobotsOnWhiteSite
31590,25,16
timeStep,numberOfRobotsOnBlackSite,numberOfRobotsOnWhiteSite
31591,25,16
timeStep,numberOfRobotsOnBlackSite,numberOfRobotsOnWhiteSite
31592,25,16
timeStep,numberOfRobotsOnBlackSite,numberOfRobotsOnWhiteSite
31593,25,16
timeStep,numberOfRobotsOnBlackSite,numberOfRobotsOnWhiteSite
31594,25,16
timeStep,numberOfRobotsOnBlackSite,numberOfRobotsOnWhiteSite
31595,25,16
timeStep,numberOfRobotsOnBlackSite,numberOfRobotsOnWhiteSite
31596,25,16
timeStep,numberOfRobotsOnBlackSite,numberOfRobotsOnWhiteSite
31597,25,16
timeStep,numberOfRobotsOnBlackSite,numberOfRobotsOnWhiteSite
31598,25,16
timeStep,numberOfRobotsOnBlackSite,numberOfRobotsOnWhiteSite
31599,25,16
timeStep,numberOfRobotsOnBlackSite,numberOfRobotsOnWhiteSite
31600,25,16
timeStep,numberOfRobotsOnBlackSite,numberOfRobotsOnWhiteSite
31601,25,16
timeStep,numberOfRobotsOnBlackSite,numberOfRobotsOnWhiteSite
31602,25,16
timeStep,numberOfRobotsOnBlackSite,numberOfRobotsOnWhiteSite
31603,25,16
timeStep,numberOfRobotsOnBlackSite,numberOfRobotsOnWhiteSite
31604,25,16
timeStep,numberOfRobotsOnBlackSite,numberOfRobotsOnWhiteSite
31605,25,16
timeStep,numberOfRobotsOnBlackSite,numberOfRobotsOnWhiteSite
31606,25,16
timeStep,numberOfRobotsOnBlackSite,numberOfRobotsOnWhiteSite
31607,25,16
timeStep,numberOfRobotsOnBlackSite,numberOfRobotsOnWhiteSite
31608,25,16
timeStep,numberOfRobotsOnBlackSite,numberOfRobotsOnWhiteSite
31609,25,16
timeStep,numberOfRobotsOnBlackSite,numberOfRobotsOnWhiteSite
31610,25,16
timeStep,numberOfRobotsOnBlackSite,numberOfRobotsOnWhiteSite
31611,25,16
timeStep,numberOfRobotsOnBlackSite,numberOfRobotsOnWhiteSite
31612,25,16
timeStep,numberOfRobotsOnBlackSite,numberOfRobotsOnWhiteSite
31613,25,16
timeStep,numberOfRobotsOnBlackSite,numberOfRobotsOnWhiteSite
31614,25,16
timeStep,numberOfRobotsOnBlackSite,numberOfRobotsOnWhiteSite
31615,25,16
timeStep,numberOfRobotsOnBlackSite,numberOfRobotsOnWhiteSite
31616,25,16
timeStep,numberOfRobotsOnBlackSite,numberOfRobotsOnWhiteSite
31617,25,16
timeStep,numberOfRobotsOnBlackSite,numberOfRobotsOnWhiteSite
31618,25,16
timeStep,numberOfRobotsOnBlackSite,numberOfRobotsOnWhiteSite
31619,25,16
timeStep,numberOfRobotsOnBlackSite,numberOfRobotsOnWhiteSite
31620,25,16
timeStep,numberOfRobotsOnBlackSite,numberOfRobotsOnWhiteSite
31621,25,16
timeStep,numberOfRobotsOnBlackSite,numberOfRobotsOnWhiteSite
31622,25,16
timeStep,numberOfRobotsOnBlackSite,numberOfRobotsOnWhiteSite
31623,25,16
timeStep,numberOfRobotsOnBlackSite,numberOfRobotsOnWhiteSite
31624,25,16
timeStep,numberOfRobotsOnBlackSite,numberOfRobotsOnWhiteSite
31625,26,16
timeStep,numberOfRobotsOnBlackSite,numberOfRobotsOnWhiteSite
31626,26,16
timeStep,numberOfRobotsOnBlackSite,numberOfRobotsOnWhiteSite
31627,26,16
timeStep,numberOfRobotsOnBlackSite,numberOfRobotsOnWhiteSite
31628,26,16
timeStep,numberOfRobotsOnBlackSite,numberOfRobotsOnWhiteSite
31629,26,16
timeStep,numberOfRobotsOnBlackSite,numberOfRobotsOnWhiteSite
31630,26,16
timeStep,numberOfRobotsOnBlackSite,numberOfRobotsOnWhiteSite
31631,26,16
timeStep,numberOfRobotsOnBlackSite,numberOfRobotsOnWhiteSite
31632,26,16
timeStep,numberOfRobotsOnBlackSite,numberOfRobotsOnWhiteSite
31633,26,16
timeStep,numberOfRobotsOnBlackSite,numberOfRobotsOnWhiteSite
31634,26,16
timeStep,numberOfRobotsOnBlackSite,numberOfRobotsOnWhiteSite
31635,26,16
timeStep,numberOfRobotsOnBlackSite,numberOfRobotsOnWhiteSite
31636,26,16
timeStep,numberOfRobotsOnBlackSite,numberOfRobotsOnWhiteSite
31637,26,16
timeStep,numberOfRobotsOnBlackSite,numberOfRobotsOnWhiteSite
31638,26,16
timeStep,numberOfRobotsOnBlackSite,numberOfRobotsOnWhiteSite
31639,26,16
timeStep,numberOfRobotsOnBlackSite,numberOfRobotsOnWhiteSite
31640,26,16
timeStep,numberOfRobotsOnBlackSite,numberOfRobotsOnWhiteSite
31641,26,16
timeStep,numberOfRobotsOnBlackSite,numberOfRobotsOnWhiteSite
31642,26,16
timeStep,numberOfRobotsOnBlackSite,numberOfRobotsOnWhiteSite
31643,26,16
timeStep,numberOfRobotsOnBlackSite,numberOfRobotsOnWhiteSite
31644,26,16
timeStep,numberOfRobotsOnBlackSite,numberOfRobotsOnWhiteSite
31645,26,16
timeStep,numberOfRobotsOnBlackSite,numberOfRobotsOnWhiteSite
31646,26,16
timeStep,numberOfRobotsOnBlackSite,numberOfRobotsOnWhiteSite
31647,26,16
timeStep,numberOfRobotsOnBlackSite,numberOfRobotsOnWhiteSite
31648,26,16
timeStep,numberOfRobotsOnBlackSite,numberOfRobotsOnWhiteSite
31649,26,16
timeStep,numberOfRobotsOnBlackSite,numberOfRobotsOnWhiteSite
31650,26,16
timeStep,numberOfRobotsOnBlackSite,numberOfRobotsOnWhiteSite
31651,26,16
timeStep,numberOfRobotsOnBlackSite,numberOfRobotsOnWhiteSite
31652,26,16
timeStep,numberOfRobotsOnBlackSite,numberOfRobotsOnWhiteSite
31653,26,16
timeStep,numberOfRobotsOnBlackSite,numberOfRobotsOnWhiteSite
31654,26,16
timeStep,numberOfRobotsOnBlackSite,numberOfRobotsOnWhiteSite
31655,26,16
timeStep,numberOfRobotsOnBlackSite,numberOfRobotsOnWhiteSite
31656,26,16
timeStep,numberOfRobotsOnBlackSite,numberOfRobotsOnWhiteSite
31657,26,16
timeStep,numberOfRobotsOnBlackSite,numberOfRobotsOnWhiteSite
31658,26,16
timeStep,numberOfRobotsOnBlackSite,numberOfRobotsOnWhiteSite
31659,26,16
timeStep,numberOfRobotsOnBlackSite,numberOfRobotsOnWhiteSite
31660,26,16
timeStep,numberOfRobotsOnBlackSite,numberOfRobotsOnWhiteSite
31661,26,16
timeStep,numberOfRobotsOnBlackSite,numberOfRobotsOnWhiteSite
31662,26,16
timeStep,numberOfRobotsOnBlackSite,numberOfRobotsOnWhiteSite
31663,26,16
timeStep,numberOfRobotsOnBlackSite,numberOfRobotsOnWhiteSite
31664,26,16
timeStep,numberOfRobotsOnBlackSite,numberOfRobotsOnWhiteSite
31665,26,16
timeStep,numberOfRobotsOnBlackSite,numberOfRobotsOnWhiteSite
31666,26,16
timeStep,numberOfRobotsOnBlackSite,numberOfRobotsOnWhiteSite
31667,26,16
timeStep,numberOfRobotsOnBlackSite,numberOfRobotsOnWhiteSite
31668,26,16
timeStep,numberOfRobotsOnBlackSite,numberOfRobotsOnWhiteSite
31669,26,16
timeStep,numberOfRobotsOnBlackSite,numberOfRobotsOnWhiteSite
31670,26,16
timeStep,numberOfRobotsOnBlackSite,numberOfRobotsOnWhiteSite
31671,26,16
timeStep,numberOfRobotsOnBlackSite,numberOfRobotsOnWhiteSite
31672,26,16
timeStep,numberOfRobotsOnBlackSite,numberOfRobotsOnWhiteSite
31673,26,16
timeStep,numberOfRobotsOnBlackSite,numberOfRobotsOnWhiteSite
31674,26,16
timeStep,numberOfRobotsOnBlackSite,numberOfRobotsOnWhiteSite
31675,26,16
timeStep,numberOfRobotsOnBlackSite,numberOfRobotsOnWhiteSite
31676,26,16
timeStep,numberOfRobotsOnBlackSite,numberOfRobotsOnWhiteSite
31677,26,16
timeStep,numberOfRobotsOnBlackSite,numberOfRobotsOnWhiteSite
31678,26,16
timeStep,numberOfRobotsOnBlackSite,numberOfRobotsOnWhiteSite
31679,26,16
timeStep,numberOfRobotsOnBlackSite,numberOfRobotsOnWhiteSite
31680,26,16
timeStep,numberOfRobotsOnBlackSite,numberOfRobotsOnWhiteSite
31681,26,16
timeStep,numberOfRobotsOnBlackSite,numberOfRobotsOnWhiteSite
31682,26,16
timeStep,numberOfRobotsOnBlackSite,numberOfRobotsOnWhiteSite
31683,26,16
timeStep,numberOfRobotsOnBlackSite,numberOfRobotsOnWhiteSite
31684,26,16
timeStep,numberOfRobotsOnBlackSite,numberOfRobotsOnWhiteSite
31685,26,16
timeStep,numberOfRobotsOnBlackSite,numberOfRobotsOnWhiteSite
31686,26,16
timeStep,numberOfRobotsOnBlackSite,numberOfRobotsOnWhiteSite
31687,26,16
timeStep,numberOfRobotsOnBlackSite,numberOfRobotsOnWhiteSite
31688,26,16
timeStep,numberOfRobotsOnBlackSite,numberOfRobotsOnWhiteSite
31689,26,16
timeStep,numberOfRobotsOnBlackSite,numberOfRobotsOnWhiteSite
31690,26,16
timeStep,numberOfRobotsOnBlackSite,numberOfRobotsOnWhiteSite
31691,26,16
timeStep,numberOfRobotsOnBlackSite,numberOfRobotsOnWhiteSite
31692,26,16
timeStep,numberOfRobotsOnBlackSite,numberOfRobotsOnWhiteSite
31693,26,16
timeStep,numberOfRobotsOnBlackSite,numberOfRobotsOnWhiteSite
31694,26,16
timeStep,numberOfRobotsOnBlackSite,numberOfRobotsOnWhiteSite
31695,26,16
timeStep,numberOfRobotsOnBlackSite,numberOfRobotsOnWhiteSite
31696,26,16
timeStep,numberOfRobotsOnBlackSite,numberOfRobotsOnWhiteSite
31697,26,16
timeStep,numberOfRobotsOnBlackSite,numberOfRobotsOnWhiteSite
31698,26,16
timeStep,numberOfRobotsOnBlackSite,numberOfRobotsOnWhiteSite
31699,26,16
timeStep,numberOfRobotsOnBlackSite,numberOfRobotsOnWhiteSite
31700,26,16
timeStep,numberOfRobotsOnBlackSite,numberOfRobotsOnWhiteSite
31701,26,16
timeStep,numberOfRobotsOnBlackSite,numberOfRobotsOnWhiteSite
31702,26,16
timeStep,numberOfRobotsOnBlackSite,numberOfRobotsOnWhiteSite
31703,26,16
timeStep,numberOfRobotsOnBlackSite,numberOfRobotsOnWhiteSite
31704,26,16
timeStep,numberOfRobotsOnBlackSite,numberOfRobotsOnWhiteSite
31705,26,16
timeStep,numberOfRobotsOnBlackSite,numberOfRobotsOnWhiteSite
31706,26,16
timeStep,numberOfRobotsOnBlackSite,numberOfRobotsOnWhiteSite
31707,26,16
timeStep,numberOfRobotsOnBlackSite,numberOfRobotsOnWhiteSite
31708,26,16
timeStep,numberOfRobotsOnBlackSite,numberOfRobotsOnWhiteSite
31709,26,16
timeStep,numberOfRobotsOnBlackSite,numberOfRobotsOnWhiteSite
31710,25,16
timeStep,numberOfRobotsOnBlackSite,numberOfRobotsOnWhiteSite
31711,25,16
timeStep,numberOfRobotsOnBlackSite,numberOfRobotsOnWhiteSite
31712,25,16
timeStep,numberOfRobotsOnBlackSite,numberOfRobotsOnWhiteSite
31713,25,16
timeStep,numberOfRobotsOnBlackSite,numberOfRobotsOnWhiteSite
31714,25,16
timeStep,numberOfRobotsOnBlackSite,numberOfRobotsOnWhiteSite
31715,25,16
timeStep,numberOfRobotsOnBlackSite,numberOfRobotsOnWhiteSite
31716,25,16
timeStep,numberOfRobotsOnBlackSite,numberOfRobotsOnWhiteSite
31717,25,16
timeStep,numberOfRobotsOnBlackSite,numberOfRobotsOnWhiteSite
31718,25,16
timeStep,numberOfRobotsOnBlackSite,numberOfRobotsOnWhiteSite
31719,25,16
timeStep,numberOfRobotsOnBlackSite,numberOfRobotsOnWhiteSite
31720,25,16
timeStep,numberOfRobotsOnBlackSite,numberOfRobotsOnWhiteSite
31721,25,16
timeStep,numberOfRobotsOnBlackSite,numberOfRobotsOnWhiteSite
31722,25,16
timeStep,numberOfRobotsOnBlackSite,numberOfRobotsOnWhiteSite
31723,25,16
timeStep,numberOfRobotsOnBlackSite,numberOfRobotsOnWhiteSite
31724,25,16
timeStep,numberOfRobotsOnBlackSite,numberOfRobotsOnWhiteSite
31725,26,16
timeStep,numberOfRobotsOnBlackSite,numberOfRobotsOnWhiteSite
31726,26,16
timeStep,numberOfRobotsOnBlackSite,numberOfRobotsOnWhiteSite
31727,26,16
timeStep,numberOfRobotsOnBlackSite,numberOfRobotsOnWhiteSite
31728,26,16
timeStep,numberOfRobotsOnBlackSite,numberOfRobotsOnWhiteSite
31729,26,16
timeStep,numberOfRobotsOnBlackSite,numberOfRobotsOnWhiteSite
31730,26,16
timeStep,numberOfRobotsOnBlackSite,numberOfRobotsOnWhiteSite
31731,26,16
timeStep,numberOfRobotsOnBlackSite,numberOfRobotsOnWhiteSite
31732,26,16
timeStep,numberOfRobotsOnBlackSite,numberOfRobotsOnWhiteSite
31733,26,16
timeStep,numberOfRobotsOnBlackSite,numberOfRobotsOnWhiteSite
31734,26,16
timeStep,numberOfRobotsOnBlackSite,numberOfRobotsOnWhiteSite
31735,26,16
timeStep,numberOfRobotsOnBlackSite,numberOfRobotsOnWhiteSite
31736,26,16
timeStep,numberOfRobotsOnBlackSite,numberOfRobotsOnWhiteSite
31737,26,16
timeStep,numberOfRobotsOnBlackSite,numberOfRobotsOnWhiteSite
31738,26,16
timeStep,numberOfRobotsOnBlackSite,numberOfRobotsOnWhiteSite
31739,26,16
timeStep,numberOfRobotsOnBlackSite,numberOfRobotsOnWhiteSite
31740,26,16
timeStep,numberOfRobotsOnBlackSite,numberOfRobotsOnWhiteSite
31741,26,16
timeStep,numberOfRobotsOnBlackSite,numberOfRobotsOnWhiteSite
31742,26,16
timeStep,numberOfRobotsOnBlackSite,numberOfRobotsOnWhiteSite
31743,26,16
timeStep,numberOfRobotsOnBlackSite,numberOfRobotsOnWhiteSite
31744,26,16
timeStep,numberOfRobotsOnBlackSite,numberOfRobotsOnWhiteSite
31745,26,16
timeStep,numberOfRobotsOnBlackSite,numberOfRobotsOnWhiteSite
31746,26,16
timeStep,numberOfRobotsOnBlackSite,numberOfRobotsOnWhiteSite
31747,26,16
timeStep,numberOfRobotsOnBlackSite,numberOfRobotsOnWhiteSite
31748,26,16
timeStep,numberOfRobotsOnBlackSite,numberOfRobotsOnWhiteSite
31749,26,16
timeStep,numberOfRobotsOnBlackSite,numberOfRobotsOnWhiteSite
31750,26,16
timeStep,numberOfRobotsOnBlackSite,numberOfRobotsOnWhiteSite
31751,26,16
timeStep,numberOfRobotsOnBlackSite,numberOfRobotsOnWhiteSite
31752,26,16
timeStep,numberOfRobotsOnBlackSite,numberOfRobotsOnWhiteSite
31753,26,16
timeStep,numberOfRobotsOnBlackSite,numberOfRobotsOnWhiteSite
31754,26,16
timeStep,numberOfRobotsOnBlackSite,numberOfRobotsOnWhiteSite
31755,26,16
timeStep,numberOfRobotsOnBlackSite,numberOfRobotsOnWhiteSite
31756,26,16
timeStep,numberOfRobotsOnBlackSite,numberOfRobotsOnWhiteSite
31757,26,16
timeStep,numberOfRobotsOnBlackSite,numberOfRobotsOnWhiteSite
31758,26,16
timeStep,numberOfRobotsOnBlackSite,numberOfRobotsOnWhiteSite
31759,26,16
timeStep,numberOfRobotsOnBlackSite,numberOfRobotsOnWhiteSite
31760,26,16
timeStep,numberOfRobotsOnBlackSite,numberOfRobotsOnWhiteSite
31761,26,16
timeStep,numberOfRobotsOnBlackSite,numberOfRobotsOnWhiteSite
31762,26,16
timeStep,numberOfRobotsOnBlackSite,numberOfRobotsOnWhiteSite
31763,26,16
timeStep,numberOfRobotsOnBlackSite,numberOfRobotsOnWhiteSite
31764,26,16
timeStep,numberOfRobotsOnBlackSite,numberOfRobotsOnWhiteSite
31765,26,16
timeStep,numberOfRobotsOnBlackSite,numberOfRobotsOnWhiteSite
31766,26,16
timeStep,numberOfRobotsOnBlackSite,numberOfRobotsOnWhiteSite
31767,26,16
timeStep,numberOfRobotsOnBlackSite,numberOfRobotsOnWhiteSite
31768,26,16
timeStep,numberOfRobotsOnBlackSite,numberOfRobotsOnWhiteSite
31769,26,16
timeStep,numberOfRobotsOnBlackSite,numberOfRobotsOnWhiteSite
31770,25,16
timeStep,numberOfRobotsOnBlackSite,numberOfRobotsOnWhiteSite
31771,25,16
timeStep,numberOfRobotsOnBlackSite,numberOfRobotsOnWhiteSite
31772,25,16
timeStep,numberOfRobotsOnBlackSite,numberOfRobotsOnWhiteSite
31773,25,16
timeStep,numberOfRobotsOnBlackSite,numberOfRobotsOnWhiteSite
31774,25,16
timeStep,numberOfRobotsOnBlackSite,numberOfRobotsOnWhiteSite
31775,25,16
timeStep,numberOfRobotsOnBlackSite,numberOfRobotsOnWhiteSite
31776,25,16
timeStep,numberOfRobotsOnBlackSite,numberOfRobotsOnWhiteSite
31777,25,16
timeStep,numberOfRobotsOnBlackSite,numberOfRobotsOnWhiteSite
31778,25,16
timeStep,numberOfRobotsOnBlackSite,numberOfRobotsOnWhiteSite
31779,25,16
timeStep,numberOfRobotsOnBlackSite,numberOfRobotsOnWhiteSite
31780,25,16
timeStep,numberOfRobotsOnBlackSite,numberOfRobotsOnWhiteSite
31781,25,16
timeStep,numberOfRobotsOnBlackSite,numberOfRobotsOnWhiteSite
31782,25,16
timeStep,numberOfRobotsOnBlackSite,numberOfRobotsOnWhiteSite
31783,25,16
timeStep,numberOfRobotsOnBlackSite,numberOfRobotsOnWhiteSite
31784,25,16
timeStep,numberOfRobotsOnBlackSite,numberOfRobotsOnWhiteSite
31785,25,16
timeStep,numberOfRobotsOnBlackSite,numberOfRobotsOnWhiteSite
31786,25,16
timeStep,numberOfRobotsOnBlackSite,numberOfRobotsOnWhiteSite
31787,25,16
timeStep,numberOfRobotsOnBlackSite,numberOfRobotsOnWhiteSite
31788,25,16
timeStep,numberOfRobotsOnBlackSite,numberOfRobotsOnWhiteSite
31789,25,16
timeStep,numberOfRobotsOnBlackSite,numberOfRobotsOnWhiteSite
31790,25,16
timeStep,numberOfRobotsOnBlackSite,numberOfRobotsOnWhiteSite
31791,25,16
timeStep,numberOfRobotsOnBlackSite,numberOfRobotsOnWhiteSite
31792,25,16
timeStep,numberOfRobotsOnBlackSite,numberOfRobotsOnWhiteSite
31793,25,16
timeStep,numberOfRobotsOnBlackSite,numberOfRobotsOnWhiteSite
31794,25,16
timeStep,numberOfRobotsOnBlackSite,numberOfRobotsOnWhiteSite
31795,25,16
timeStep,numberOfRobotsOnBlackSite,numberOfRobotsOnWhiteSite
31796,25,16
timeStep,numberOfRobotsOnBlackSite,numberOfRobotsOnWhiteSite
31797,25,16
timeStep,numberOfRobotsOnBlackSite,numberOfRobotsOnWhiteSite
31798,25,16
timeStep,numberOfRobotsOnBlackSite,numberOfRobotsOnWhiteSite
31799,25,16
timeStep,numberOfRobotsOnBlackSite,numberOfRobotsOnWhiteSite
31800,25,16
timeStep,numberOfRobotsOnBlackSite,numberOfRobotsOnWhiteSite
31801,25,16
timeStep,numberOfRobotsOnBlackSite,numberOfRobotsOnWhiteSite
31802,25,16
timeStep,numberOfRobotsOnBlackSite,numberOfRobotsOnWhiteSite
31803,25,16
timeStep,numberOfRobotsOnBlackSite,numberOfRobotsOnWhiteSite
31804,25,16
timeStep,numberOfRobotsOnBlackSite,numberOfRobotsOnWhiteSite
31805,25,16
timeStep,numberOfRobotsOnBlackSite,numberOfRobotsOnWhiteSite
31806,25,16
timeStep,numberOfRobotsOnBlackSite,numberOfRobotsOnWhiteSite
31807,25,16
timeStep,numberOfRobotsOnBlackSite,numberOfRobotsOnWhiteSite
31808,25,16
timeStep,numberOfRobotsOnBlackSite,numberOfRobotsOnWhiteSite
31809,25,16
timeStep,numberOfRobotsOnBlackSite,numberOfRobotsOnWhiteSite
31810,25,16
timeStep,numberOfRobotsOnBlackSite,numberOfRobotsOnWhiteSite
31811,25,16
timeStep,numberOfRobotsOnBlackSite,numberOfRobotsOnWhiteSite
31812,25,16
timeStep,numberOfRobotsOnBlackSite,numberOfRobotsOnWhiteSite
31813,25,16
timeStep,numberOfRobotsOnBlackSite,numberOfRobotsOnWhiteSite
31814,25,16
timeStep,numberOfRobotsOnBlackSite,numberOfRobotsOnWhiteSite
31815,25,16
timeStep,numberOfRobotsOnBlackSite,numberOfRobotsOnWhiteSite
31816,25,16
timeStep,numberOfRobotsOnBlackSite,numberOfRobotsOnWhiteSite
31817,25,16
timeStep,numberOfRobotsOnBlackSite,numberOfRobotsOnWhiteSite
31818,25,16
timeStep,numberOfRobotsOnBlackSite,numberOfRobotsOnWhiteSite
31819,25,16
timeStep,numberOfRobotsOnBlackSite,numberOfRobotsOnWhiteSite
31820,25,15
timeStep,numberOfRobotsOnBlackSite,numberOfRobotsOnWhiteSite
31821,25,15
timeStep,numberOfRobotsOnBlackSite,numberOfRobotsOnWhiteSite
31822,25,15
timeStep,numberOfRobotsOnBlackSite,numberOfRobotsOnWhiteSite
31823,25,15
timeStep,numberOfRobotsOnBlackSite,numberOfRobotsOnWhiteSite
31824,25,15
timeStep,numberOfRobotsOnBlackSite,numberOfRobotsOnWhiteSite
31825,25,15
timeStep,numberOfRobotsOnBlackSite,numberOfRobotsOnWhiteSite
31826,25,15
timeStep,numberOfRobotsOnBlackSite,numberOfRobotsOnWhiteSite
31827,25,15
timeStep,numberOfRobotsOnBlackSite,numberOfRobotsOnWhiteSite
31828,25,15
timeStep,numberOfRobotsOnBlackSite,numberOfRobotsOnWhiteSite
31829,25,15
timeStep,numberOfRobotsOnBlackSite,numberOfRobotsOnWhiteSite
31830,25,15
timeStep,numberOfRobotsOnBlackSite,numberOfRobotsOnWhiteSite
31831,25,15
timeStep,numberOfRobotsOnBlackSite,numberOfRobotsOnWhiteSite
31832,25,15
timeStep,numberOfRobotsOnBlackSite,numberOfRobotsOnWhiteSite
31833,25,15
timeStep,numberOfRobotsOnBlackSite,numberOfRobotsOnWhiteSite
31834,25,15
timeStep,numberOfRobotsOnBlackSite,numberOfRobotsOnWhiteSite
31835,25,15
timeStep,numberOfRobotsOnBlackSite,numberOfRobotsOnWhiteSite
31836,25,15
timeStep,numberOfRobotsOnBlackSite,numberOfRobotsOnWhiteSite
31837,25,15
timeStep,numberOfRobotsOnBlackSite,numberOfRobotsOnWhiteSite
31838,25,15
timeStep,numberOfRobotsOnBlackSite,numberOfRobotsOnWhiteSite
31839,25,15
timeStep,numberOfRobotsOnBlackSite,numberOfRobotsOnWhiteSite
31840,25,15
timeStep,numberOfRobotsOnBlackSite,numberOfRobotsOnWhiteSite
31841,25,15
timeStep,numberOfRobotsOnBlackSite,numberOfRobotsOnWhiteSite
31842,25,15
timeStep,numberOfRobotsOnBlackSite,numberOfRobotsOnWhiteSite
31843,25,15
timeStep,numberOfRobotsOnBlackSite,numberOfRobotsOnWhiteSite
31844,25,15
timeStep,numberOfRobotsOnBlackSite,numberOfRobotsOnWhiteSite
31845,25,15
timeStep,numberOfRobotsOnBlackSite,numberOfRobotsOnWhiteSite
31846,25,15
timeStep,numberOfRobotsOnBlackSite,numberOfRobotsOnWhiteSite
31847,25,15
timeStep,numberOfRobotsOnBlackSite,numberOfRobotsOnWhiteSite
31848,25,15
timeStep,numberOfRobotsOnBlackSite,numberOfRobotsOnWhiteSite
31849,25,15
timeStep,numberOfRobotsOnBlackSite,numberOfRobotsOnWhiteSite
31850,25,15
timeStep,numberOfRobotsOnBlackSite,numberOfRobotsOnWhiteSite
31851,25,15
timeStep,numberOfRobotsOnBlackSite,numberOfRobotsOnWhiteSite
31852,25,15
timeStep,numberOfRobotsOnBlackSite,numberOfRobotsOnWhiteSite
31853,25,15
timeStep,numberOfRobotsOnBlackSite,numberOfRobotsOnWhiteSite
31854,25,15
timeStep,numberOfRobotsOnBlackSite,numberOfRobotsOnWhiteSite
31855,25,15
timeStep,numberOfRobotsOnBlackSite,numberOfRobotsOnWhiteSite
31856,25,15
timeStep,numberOfRobotsOnBlackSite,numberOfRobotsOnWhiteSite
31857,25,15
timeStep,numberOfRobotsOnBlackSite,numberOfRobotsOnWhiteSite
31858,25,15
timeStep,numberOfRobotsOnBlackSite,numberOfRobotsOnWhiteSite
31859,25,15
timeStep,numberOfRobotsOnBlackSite,numberOfRobotsOnWhiteSite
31860,25,15
timeStep,numberOfRobotsOnBlackSite,numberOfRobotsOnWhiteSite
31861,25,15
timeStep,numberOfRobotsOnBlackSite,numberOfRobotsOnWhiteSite
31862,25,15
timeStep,numberOfRobotsOnBlackSite,numberOfRobotsOnWhiteSite
31863,25,15
timeStep,numberOfRobotsOnBlackSite,numberOfRobotsOnWhiteSite
31864,25,15
timeStep,numberOfRobotsOnBlackSite,numberOfRobotsOnWhiteSite
31865,25,15
timeStep,numberOfRobotsOnBlackSite,numberOfRobotsOnWhiteSite
31866,25,15
timeStep,numberOfRobotsOnBlackSite,numberOfRobotsOnWhiteSite
31867,25,15
timeStep,numberOfRobotsOnBlackSite,numberOfRobotsOnWhiteSite
31868,25,15
timeStep,numberOfRobotsOnBlackSite,numberOfRobotsOnWhiteSite
31869,25,15
timeStep,numberOfRobotsOnBlackSite,numberOfRobotsOnWhiteSite
31870,25,15
timeStep,numberOfRobotsOnBlackSite,numberOfRobotsOnWhiteSite
31871,25,15
timeStep,numberOfRobotsOnBlackSite,numberOfRobotsOnWhiteSite
31872,25,15
timeStep,numberOfRobotsOnBlackSite,numberOfRobotsOnWhiteSite
31873,25,15
timeStep,numberOfRobotsOnBlackSite,numberOfRobotsOnWhiteSite
31874,25,15
timeStep,numberOfRobotsOnBlackSite,numberOfRobotsOnWhiteSite
31875,25,14
timeStep,numberOfRobotsOnBlackSite,numberOfRobotsOnWhiteSite
31876,25,14
timeStep,numberOfRobotsOnBlackSite,numberOfRobotsOnWhiteSite
31877,25,14
timeStep,numberOfRobotsOnBlackSite,numberOfRobotsOnWhiteSite
31878,25,14
timeStep,numberOfRobotsOnBlackSite,numberOfRobotsOnWhiteSite
31879,25,14
timeStep,numberOfRobotsOnBlackSite,numberOfRobotsOnWhiteSite
31880,25,14
timeStep,numberOfRobotsOnBlackSite,numberOfRobotsOnWhiteSite
31881,25,14
timeStep,numberOfRobotsOnBlackSite,numberOfRobotsOnWhiteSite
31882,25,14
timeStep,numberOfRobotsOnBlackSite,numberOfRobotsOnWhiteSite
31883,25,14
timeStep,numberOfRobotsOnBlackSite,numberOfRobotsOnWhiteSite
31884,25,14
timeStep,numberOfRobotsOnBlackSite,numberOfRobotsOnWhiteSite
31885,25,14
timeStep,numberOfRobotsOnBlackSite,numberOfRobotsOnWhiteSite
31886,25,14
timeStep,numberOfRobotsOnBlackSite,numberOfRobotsOnWhiteSite
31887,25,14
timeStep,numberOfRobotsOnBlackSite,numberOfRobotsOnWhiteSite
31888,25,14
timeStep,numberOfRobotsOnBlackSite,numberOfRobotsOnWhiteSite
31889,25,14
timeStep,numberOfRobotsOnBlackSite,numberOfRobotsOnWhiteSite
31890,25,14
timeStep,numberOfRobotsOnBlackSite,numberOfRobotsOnWhiteSite
31891,25,14
timeStep,numberOfRobotsOnBlackSite,numberOfRobotsOnWhiteSite
31892,25,14
timeStep,numberOfRobotsOnBlackSite,numberOfRobotsOnWhiteSite
31893,25,14
timeStep,numberOfRobotsOnBlackSite,numberOfRobotsOnWhiteSite
31894,25,14
timeStep,numberOfRobotsOnBlackSite,numberOfRobotsOnWhiteSite
31895,25,14
timeStep,numberOfRobotsOnBlackSite,numberOfRobotsOnWhiteSite
31896,25,14
timeStep,numberOfRobotsOnBlackSite,numberOfRobotsOnWhiteSite
31897,25,14
timeStep,numberOfRobotsOnBlackSite,numberOfRobotsOnWhiteSite
31898,25,14
timeStep,numberOfRobotsOnBlackSite,numberOfRobotsOnWhiteSite
31899,25,14
timeStep,numberOfRobotsOnBlackSite,numberOfRobotsOnWhiteSite
31900,25,14
timeStep,numberOfRobotsOnBlackSite,numberOfRobotsOnWhiteSite
31901,25,14
timeStep,numberOfRobotsOnBlackSite,numberOfRobotsOnWhiteSite
31902,25,14
timeStep,numberOfRobotsOnBlackSite,numberOfRobotsOnWhiteSite
31903,25,14
timeStep,numberOfRobotsOnBlackSite,numberOfRobotsOnWhiteSite
31904,25,14
timeStep,numberOfRobotsOnBlackSite,numberOfRobotsOnWhiteSite
31905,25,14
timeStep,numberOfRobotsOnBlackSite,numberOfRobotsOnWhiteSite
31906,25,14
timeStep,numberOfRobotsOnBlackSite,numberOfRobotsOnWhiteSite
31907,25,14
timeStep,numberOfRobotsOnBlackSite,numberOfRobotsOnWhiteSite
31908,25,14
timeStep,numberOfRobotsOnBlackSite,numberOfRobotsOnWhiteSite
31909,25,14
timeStep,numberOfRobotsOnBlackSite,numberOfRobotsOnWhiteSite
31910,25,14
timeStep,numberOfRobotsOnBlackSite,numberOfRobotsOnWhiteSite
31911,25,14
timeStep,numberOfRobotsOnBlackSite,numberOfRobotsOnWhiteSite
31912,25,14
timeStep,numberOfRobotsOnBlackSite,numberOfRobotsOnWhiteSite
31913,25,14
timeStep,numberOfRobotsOnBlackSite,numberOfRobotsOnWhiteSite
31914,25,14
timeStep,numberOfRobotsOnBlackSite,numberOfRobotsOnWhiteSite
31915,25,14
timeStep,numberOfRobotsOnBlackSite,numberOfRobotsOnWhiteSite
31916,25,14
timeStep,numberOfRobotsOnBlackSite,numberOfRobotsOnWhiteSite
31917,25,14
timeStep,numberOfRobotsOnBlackSite,numberOfRobotsOnWhiteSite
31918,25,14
timeStep,numberOfRobotsOnBlackSite,numberOfRobotsOnWhiteSite
31919,25,14
timeStep,numberOfRobotsOnBlackSite,numberOfRobotsOnWhiteSite
31920,25,14
timeStep,numberOfRobotsOnBlackSite,numberOfRobotsOnWhiteSite
31921,25,14
timeStep,numberOfRobotsOnBlackSite,numberOfRobotsOnWhiteSite
31922,25,14
timeStep,numberOfRobotsOnBlackSite,numberOfRobotsOnWhiteSite
31923,25,14
timeStep,numberOfRobotsOnBlackSite,numberOfRobotsOnWhiteSite
31924,25,14
timeStep,numberOfRobotsOnBlackSite,numberOfRobotsOnWhiteSite
31925,25,14
timeStep,numberOfRobotsOnBlackSite,numberOfRobotsOnWhiteSite
31926,25,14
timeStep,numberOfRobotsOnBlackSite,numberOfRobotsOnWhiteSite
31927,25,14
timeStep,numberOfRobotsOnBlackSite,numberOfRobotsOnWhiteSite
31928,25,14
timeStep,numberOfRobotsOnBlackSite,numberOfRobotsOnWhiteSite
31929,25,14
timeStep,numberOfRobotsOnBlackSite,numberOfRobotsOnWhiteSite
31930,24,14
timeStep,numberOfRobotsOnBlackSite,numberOfRobotsOnWhiteSite
31931,24,14
timeStep,numberOfRobotsOnBlackSite,numberOfRobotsOnWhiteSite
31932,24,14
timeStep,numberOfRobotsOnBlackSite,numberOfRobotsOnWhiteSite
31933,24,14
timeStep,numberOfRobotsOnBlackSite,numberOfRobotsOnWhiteSite
31934,24,14
timeStep,numberOfRobotsOnBlackSite,numberOfRobotsOnWhiteSite
31935,24,14
timeStep,numberOfRobotsOnBlackSite,numberOfRobotsOnWhiteSite
31936,24,14
timeStep,numberOfRobotsOnBlackSite,numberOfRobotsOnWhiteSite
31937,24,14
timeStep,numberOfRobotsOnBlackSite,numberOfRobotsOnWhiteSite
31938,24,14
timeStep,numberOfRobotsOnBlackSite,numberOfRobotsOnWhiteSite
31939,24,14
timeStep,numberOfRobotsOnBlackSite,numberOfRobotsOnWhiteSite
31940,24,14
timeStep,numberOfRobotsOnBlackSite,numberOfRobotsOnWhiteSite
31941,24,14
timeStep,numberOfRobotsOnBlackSite,numberOfRobotsOnWhiteSite
31942,24,14
timeStep,numberOfRobotsOnBlackSite,numberOfRobotsOnWhiteSite
31943,24,14
timeStep,numberOfRobotsOnBlackSite,numberOfRobotsOnWhiteSite
31944,24,14
timeStep,numberOfRobotsOnBlackSite,numberOfRobotsOnWhiteSite
31945,24,14
timeStep,numberOfRobotsOnBlackSite,numberOfRobotsOnWhiteSite
31946,24,14
timeStep,numberOfRobotsOnBlackSite,numberOfRobotsOnWhiteSite
31947,24,14
timeStep,numberOfRobotsOnBlackSite,numberOfRobotsOnWhiteSite
31948,24,14
timeStep,numberOfRobotsOnBlackSite,numberOfRobotsOnWhiteSite
31949,24,14
timeStep,numberOfRobotsOnBlackSite,numberOfRobotsOnWhiteSite
31950,24,14
timeStep,numberOfRobotsOnBlackSite,numberOfRobotsOnWhiteSite
31951,24,14
timeStep,numberOfRobotsOnBlackSite,numberOfRobotsOnWhiteSite
31952,24,14
timeStep,numberOfRobotsOnBlackSite,numberOfRobotsOnWhiteSite
31953,24,14
timeStep,numberOfRobotsOnBlackSite,numberOfRobotsOnWhiteSite
31954,24,14
timeStep,numberOfRobotsOnBlackSite,numberOfRobotsOnWhiteSite
31955,24,14
timeStep,numberOfRobotsOnBlackSite,numberOfRobotsOnWhiteSite
31956,24,14
timeStep,numberOfRobotsOnBlackSite,numberOfRobotsOnWhiteSite
31957,24,14
timeStep,numberOfRobotsOnBlackSite,numberOfRobotsOnWhiteSite
31958,24,14
timeStep,numberOfRobotsOnBlackSite,numberOfRobotsOnWhiteSite
31959,24,14
timeStep,numberOfRobotsOnBlackSite,numberOfRobotsOnWhiteSite
31960,24,14
timeStep,numberOfRobotsOnBlackSite,numberOfRobotsOnWhiteSite
31961,24,14
timeStep,numberOfRobotsOnBlackSite,numberOfRobotsOnWhiteSite
31962,24,14
timeStep,numberOfRobotsOnBlackSite,numberOfRobotsOnWhiteSite
31963,24,14
timeStep,numberOfRobotsOnBlackSite,numberOfRobotsOnWhiteSite
31964,24,14
timeStep,numberOfRobotsOnBlackSite,numberOfRobotsOnWhiteSite
31965,24,14
timeStep,numberOfRobotsOnBlackSite,numberOfRobotsOnWhiteSite
31966,24,14
timeStep,numberOfRobotsOnBlackSite,numberOfRobotsOnWhiteSite
31967,24,14
timeStep,numberOfRobotsOnBlackSite,numberOfRobotsOnWhiteSite
31968,24,14
timeStep,numberOfRobotsOnBlackSite,numberOfRobotsOnWhiteSite
31969,24,14
timeStep,numberOfRobotsOnBlackSite,numberOfRobotsOnWhiteSite
31970,24,14
timeStep,numberOfRobotsOnBlackSite,numberOfRobotsOnWhiteSite
31971,24,14
timeStep,numberOfRobotsOnBlackSite,numberOfRobotsOnWhiteSite
31972,24,14
timeStep,numberOfRobotsOnBlackSite,numberOfRobotsOnWhiteSite
31973,24,14
timeStep,numberOfRobotsOnBlackSite,numberOfRobotsOnWhiteSite
31974,24,14
timeStep,numberOfRobotsOnBlackSite,numberOfRobotsOnWhiteSite
31975,25,14
timeStep,numberOfRobotsOnBlackSite,numberOfRobotsOnWhiteSite
31976,25,14
timeStep,numberOfRobotsOnBlackSite,numberOfRobotsOnWhiteSite
31977,25,14
timeStep,numberOfRobotsOnBlackSite,numberOfRobotsOnWhiteSite
31978,25,14
timeStep,numberOfRobotsOnBlackSite,numberOfRobotsOnWhiteSite
31979,25,14
timeStep,numberOfRobotsOnBlackSite,numberOfRobotsOnWhiteSite
31980,25,14
timeStep,numberOfRobotsOnBlackSite,numberOfRobotsOnWhiteSite
31981,25,14
timeStep,numberOfRobotsOnBlackSite,numberOfRobotsOnWhiteSite
31982,25,14
timeStep,numberOfRobotsOnBlackSite,numberOfRobotsOnWhiteSite
31983,25,14
timeStep,numberOfRobotsOnBlackSite,numberOfRobotsOnWhiteSite
31984,25,14
timeStep,numberOfRobotsOnBlackSite,numberOfRobotsOnWhiteSite
31985,25,14
timeStep,numberOfRobotsOnBlackSite,numberOfRobotsOnWhiteSite
31986,25,14
timeStep,numberOfRobotsOnBlackSite,numberOfRobotsOnWhiteSite
31987,25,14
timeStep,numberOfRobotsOnBlackSite,numberOfRobotsOnWhiteSite
31988,25,14
timeStep,numberOfRobotsOnBlackSite,numberOfRobotsOnWhiteSite
31989,25,14
timeStep,numberOfRobotsOnBlackSite,numberOfRobotsOnWhiteSite
31990,25,14
timeStep,numberOfRobotsOnBlackSite,numberOfRobotsOnWhiteSite
31991,25,14
timeStep,numberOfRobotsOnBlackSite,numberOfRobotsOnWhiteSite
31992,25,14
timeStep,numberOfRobotsOnBlackSite,numberOfRobotsOnWhiteSite
31993,25,14
timeStep,numberOfRobotsOnBlackSite,numberOfRobotsOnWhiteSite
31994,25,14
timeStep,numberOfRobotsOnBlackSite,numberOfRobotsOnWhiteSite
31995,25,14
timeStep,numberOfRobotsOnBlackSite,numberOfRobotsOnWhiteSite
31996,25,14
timeStep,numberOfRobotsOnBlackSite,numberOfRobotsOnWhiteSite
31997,25,14
timeStep,numberOfRobotsOnBlackSite,numberOfRobotsOnWhiteSite
31998,25,14
timeStep,numberOfRobotsOnBlackSite,numberOfRobotsOnWhiteSite
31999,25,14
timeStep,numberOfRobotsOnBlackSite,numberOfRobotsOnWhiteSite
32000,25,14
timeStep,numberOfRobotsOnBlackSite,numberOfRobotsOnWhiteSite
32001,25,14
timeStep,numberOfRobotsOnBlackSite,numberOfRobotsOnWhiteSite
32002,25,14
timeStep,numberOfRobotsOnBlackSite,numberOfRobotsOnWhiteSite
32003,25,14
timeStep,numberOfRobotsOnBlackSite,numberOfRobotsOnWhiteSite
32004,25,14
timeStep,numberOfRobotsOnBlackSite,numberOfRobotsOnWhiteSite
32005,25,14
timeStep,numberOfRobotsOnBlackSite,numberOfRobotsOnWhiteSite
32006,25,14
timeStep,numberOfRobotsOnBlackSite,numberOfRobotsOnWhiteSite
32007,25,14
timeStep,numberOfRobotsOnBlackSite,numberOfRobotsOnWhiteSite
32008,25,14
timeStep,numberOfRobotsOnBlackSite,numberOfRobotsOnWhiteSite
32009,25,14
timeStep,numberOfRobotsOnBlackSite,numberOfRobotsOnWhiteSite
32010,25,14
timeStep,numberOfRobotsOnBlackSite,numberOfRobotsOnWhiteSite
32011,25,14
timeStep,numberOfRobotsOnBlackSite,numberOfRobotsOnWhiteSite
32012,25,14
timeStep,numberOfRobotsOnBlackSite,numberOfRobotsOnWhiteSite
32013,25,14
timeStep,numberOfRobotsOnBlackSite,numberOfRobotsOnWhiteSite
32014,25,14
timeStep,numberOfRobotsOnBlackSite,numberOfRobotsOnWhiteSite
32015,25,14
timeStep,numberOfRobotsOnBlackSite,numberOfRobotsOnWhiteSite
32016,25,14
timeStep,numberOfRobotsOnBlackSite,numberOfRobotsOnWhiteSite
32017,25,14
timeStep,numberOfRobotsOnBlackSite,numberOfRobotsOnWhiteSite
32018,25,14
timeStep,numberOfRobotsOnBlackSite,numberOfRobotsOnWhiteSite
32019,25,14
timeStep,numberOfRobotsOnBlackSite,numberOfRobotsOnWhiteSite
32020,25,14
timeStep,numberOfRobotsOnBlackSite,numberOfRobotsOnWhiteSite
32021,25,14
timeStep,numberOfRobotsOnBlackSite,numberOfRobotsOnWhiteSite
32022,25,14
timeStep,numberOfRobotsOnBlackSite,numberOfRobotsOnWhiteSite
32023,25,14
timeStep,numberOfRobotsOnBlackSite,numberOfRobotsOnWhiteSite
32024,25,14
timeStep,numberOfRobotsOnBlackSite,numberOfRobotsOnWhiteSite
32025,25,14
timeStep,numberOfRobotsOnBlackSite,numberOfRobotsOnWhiteSite
32026,25,14
timeStep,numberOfRobotsOnBlackSite,numberOfRobotsOnWhiteSite
32027,25,14
timeStep,numberOfRobotsOnBlackSite,numberOfRobotsOnWhiteSite
32028,25,14
timeStep,numberOfRobotsOnBlackSite,numberOfRobotsOnWhiteSite
32029,25,14
timeStep,numberOfRobotsOnBlackSite,numberOfRobotsOnWhiteSite
32030,25,14
timeStep,numberOfRobotsOnBlackSite,numberOfRobotsOnWhiteSite
32031,25,14
timeStep,numberOfRobotsOnBlackSite,numberOfRobotsOnWhiteSite
32032,25,14
timeStep,numberOfRobotsOnBlackSite,numberOfRobotsOnWhiteSite
32033,25,14
timeStep,numberOfRobotsOnBlackSite,numberOfRobotsOnWhiteSite
32034,25,14
timeStep,numberOfRobotsOnBlackSite,numberOfRobotsOnWhiteSite
32035,25,14
timeStep,numberOfRobotsOnBlackSite,numberOfRobotsOnWhiteSite
32036,25,14
timeStep,numberOfRobotsOnBlackSite,numberOfRobotsOnWhiteSite
32037,25,14
timeStep,numberOfRobotsOnBlackSite,numberOfRobotsOnWhiteSite
32038,25,14
timeStep,numberOfRobotsOnBlackSite,numberOfRobotsOnWhiteSite
32039,25,14
timeStep,numberOfRobotsOnBlackSite,numberOfRobotsOnWhiteSite
32040,25,14
timeStep,numberOfRobotsOnBlackSite,numberOfRobotsOnWhiteSite
32041,25,14
timeStep,numberOfRobotsOnBlackSite,numberOfRobotsOnWhiteSite
32042,25,14
timeStep,numberOfRobotsOnBlackSite,numberOfRobotsOnWhiteSite
32043,25,14
timeStep,numberOfRobotsOnBlackSite,numberOfRobotsOnWhiteSite
32044,25,14
timeStep,numberOfRobotsOnBlackSite,numberOfRobotsOnWhiteSite
32045,25,14
timeStep,numberOfRobotsOnBlackSite,numberOfRobotsOnWhiteSite
32046,25,14
timeStep,numberOfRobotsOnBlackSite,numberOfRobotsOnWhiteSite
32047,25,14
timeStep,numberOfRobotsOnBlackSite,numberOfRobotsOnWhiteSite
32048,25,14
timeStep,numberOfRobotsOnBlackSite,numberOfRobotsOnWhiteSite
32049,25,14
timeStep,numberOfRobotsOnBlackSite,numberOfRobotsOnWhiteSite
32050,25,14
timeStep,numberOfRobotsOnBlackSite,numberOfRobotsOnWhiteSite
32051,25,14
timeStep,numberOfRobotsOnBlackSite,numberOfRobotsOnWhiteSite
32052,25,14
timeStep,numberOfRobotsOnBlackSite,numberOfRobotsOnWhiteSite
32053,25,14
timeStep,numberOfRobotsOnBlackSite,numberOfRobotsOnWhiteSite
32054,25,14
timeStep,numberOfRobotsOnBlackSite,numberOfRobotsOnWhiteSite
32055,24,14
timeStep,numberOfRobotsOnBlackSite,numberOfRobotsOnWhiteSite
32056,24,14
timeStep,numberOfRobotsOnBlackSite,numberOfRobotsOnWhiteSite
32057,24,14
timeStep,numberOfRobotsOnBlackSite,numberOfRobotsOnWhiteSite
32058,24,14
timeStep,numberOfRobotsOnBlackSite,numberOfRobotsOnWhiteSite
32059,24,14
timeStep,numberOfRobotsOnBlackSite,numberOfRobotsOnWhiteSite
32060,24,14
timeStep,numberOfRobotsOnBlackSite,numberOfRobotsOnWhiteSite
32061,24,14
timeStep,numberOfRobotsOnBlackSite,numberOfRobotsOnWhiteSite
32062,24,14
timeStep,numberOfRobotsOnBlackSite,numberOfRobotsOnWhiteSite
32063,24,14
timeStep,numberOfRobotsOnBlackSite,numberOfRobotsOnWhiteSite
32064,24,14
timeStep,numberOfRobotsOnBlackSite,numberOfRobotsOnWhiteSite
32065,24,14
timeStep,numberOfRobotsOnBlackSite,numberOfRobotsOnWhiteSite
32066,24,14
timeStep,numberOfRobotsOnBlackSite,numberOfRobotsOnWhiteSite
32067,24,14
timeStep,numberOfRobotsOnBlackSite,numberOfRobotsOnWhiteSite
32068,24,14
timeStep,numberOfRobotsOnBlackSite,numberOfRobotsOnWhiteSite
32069,24,14
timeStep,numberOfRobotsOnBlackSite,numberOfRobotsOnWhiteSite
32070,24,14
timeStep,numberOfRobotsOnBlackSite,numberOfRobotsOnWhiteSite
32071,24,14
timeStep,numberOfRobotsOnBlackSite,numberOfRobotsOnWhiteSite
32072,24,14
timeStep,numberOfRobotsOnBlackSite,numberOfRobotsOnWhiteSite
32073,24,14
timeStep,numberOfRobotsOnBlackSite,numberOfRobotsOnWhiteSite
32074,24,14
timeStep,numberOfRobotsOnBlackSite,numberOfRobotsOnWhiteSite
32075,24,14
timeStep,numberOfRobotsOnBlackSite,numberOfRobotsOnWhiteSite
32076,24,14
timeStep,numberOfRobotsOnBlackSite,numberOfRobotsOnWhiteSite
32077,24,14
timeStep,numberOfRobotsOnBlackSite,numberOfRobotsOnWhiteSite
32078,24,14
timeStep,numberOfRobotsOnBlackSite,numberOfRobotsOnWhiteSite
32079,24,14
timeStep,numberOfRobotsOnBlackSite,numberOfRobotsOnWhiteSite
32080,24,14
timeStep,numberOfRobotsOnBlackSite,numberOfRobotsOnWhiteSite
32081,24,14
timeStep,numberOfRobotsOnBlackSite,numberOfRobotsOnWhiteSite
32082,24,14
timeStep,numberOfRobotsOnBlackSite,numberOfRobotsOnWhiteSite
32083,24,14
timeStep,numberOfRobotsOnBlackSite,numberOfRobotsOnWhiteSite
32084,24,14
timeStep,numberOfRobotsOnBlackSite,numberOfRobotsOnWhiteSite
32085,24,14
timeStep,numberOfRobotsOnBlackSite,numberOfRobotsOnWhiteSite
32086,24,14
timeStep,numberOfRobotsOnBlackSite,numberOfRobotsOnWhiteSite
32087,24,14
timeStep,numberOfRobotsOnBlackSite,numberOfRobotsOnWhiteSite
32088,24,14
timeStep,numberOfRobotsOnBlackSite,numberOfRobotsOnWhiteSite
32089,24,14
timeStep,numberOfRobotsOnBlackSite,numberOfRobotsOnWhiteSite
32090,24,14
timeStep,numberOfRobotsOnBlackSite,numberOfRobotsOnWhiteSite
32091,24,14
timeStep,numberOfRobotsOnBlackSite,numberOfRobotsOnWhiteSite
32092,24,14
timeStep,numberOfRobotsOnBlackSite,numberOfRobotsOnWhiteSite
32093,24,14
timeStep,numberOfRobotsOnBlackSite,numberOfRobotsOnWhiteSite
32094,24,14
timeStep,numberOfRobotsOnBlackSite,numberOfRobotsOnWhiteSite
32095,24,14
timeStep,numberOfRobotsOnBlackSite,numberOfRobotsOnWhiteSite
32096,24,14
timeStep,numberOfRobotsOnBlackSite,numberOfRobotsOnWhiteSite
32097,24,14
timeStep,numberOfRobotsOnBlackSite,numberOfRobotsOnWhiteSite
32098,24,14
timeStep,numberOfRobotsOnBlackSite,numberOfRobotsOnWhiteSite
32099,24,14
timeStep,numberOfRobotsOnBlackSite,numberOfRobotsOnWhiteSite
32100,24,14
timeStep,numberOfRobotsOnBlackSite,numberOfRobotsOnWhiteSite
32101,24,14
timeStep,numberOfRobotsOnBlackSite,numberOfRobotsOnWhiteSite
32102,24,14
timeStep,numberOfRobotsOnBlackSite,numberOfRobotsOnWhiteSite
32103,24,14
timeStep,numberOfRobotsOnBlackSite,numberOfRobotsOnWhiteSite
32104,24,14
timeStep,numberOfRobotsOnBlackSite,numberOfRobotsOnWhiteSite
32105,24,14
timeStep,numberOfRobotsOnBlackSite,numberOfRobotsOnWhiteSite
32106,24,14
timeStep,numberOfRobotsOnBlackSite,numberOfRobotsOnWhiteSite
32107,24,14
timeStep,numberOfRobotsOnBlackSite,numberOfRobotsOnWhiteSite
32108,24,14
timeStep,numberOfRobotsOnBlackSite,numberOfRobotsOnWhiteSite
32109,24,14
timeStep,numberOfRobotsOnBlackSite,numberOfRobotsOnWhiteSite
32110,24,14
timeStep,numberOfRobotsOnBlackSite,numberOfRobotsOnWhiteSite
32111,24,14
timeStep,numberOfRobotsOnBlackSite,numberOfRobotsOnWhiteSite
32112,24,14
timeStep,numberOfRobotsOnBlackSite,numberOfRobotsOnWhiteSite
32113,24,14
timeStep,numberOfRobotsOnBlackSite,numberOfRobotsOnWhiteSite
32114,24,14
timeStep,numberOfRobotsOnBlackSite,numberOfRobotsOnWhiteSite
32115,24,14
timeStep,numberOfRobotsOnBlackSite,numberOfRobotsOnWhiteSite
32116,24,14
timeStep,numberOfRobotsOnBlackSite,numberOfRobotsOnWhiteSite
32117,24,14
timeStep,numberOfRobotsOnBlackSite,numberOfRobotsOnWhiteSite
32118,24,14
timeStep,numberOfRobotsOnBlackSite,numberOfRobotsOnWhiteSite
32119,24,14
timeStep,numberOfRobotsOnBlackSite,numberOfRobotsOnWhiteSite
32120,24,14
timeStep,numberOfRobotsOnBlackSite,numberOfRobotsOnWhiteSite
32121,24,14
timeStep,numberOfRobotsOnBlackSite,numberOfRobotsOnWhiteSite
32122,24,14
timeStep,numberOfRobotsOnBlackSite,numberOfRobotsOnWhiteSite
32123,24,14
timeStep,numberOfRobotsOnBlackSite,numberOfRobotsOnWhiteSite
32124,24,14
timeStep,numberOfRobotsOnBlackSite,numberOfRobotsOnWhiteSite
32125,24,14
timeStep,numberOfRobotsOnBlackSite,numberOfRobotsOnWhiteSite
32126,24,14
timeStep,numberOfRobotsOnBlackSite,numberOfRobotsOnWhiteSite
32127,24,14
timeStep,numberOfRobotsOnBlackSite,numberOfRobotsOnWhiteSite
32128,24,14
timeStep,numberOfRobotsOnBlackSite,numberOfRobotsOnWhiteSite
32129,24,14
timeStep,numberOfRobotsOnBlackSite,numberOfRobotsOnWhiteSite
32130,24,14
timeStep,numberOfRobotsOnBlackSite,numberOfRobotsOnWhiteSite
32131,24,14
timeStep,numberOfRobotsOnBlackSite,numberOfRobotsOnWhiteSite
32132,24,14
timeStep,numberOfRobotsOnBlackSite,numberOfRobotsOnWhiteSite
32133,24,14
timeStep,numberOfRobotsOnBlackSite,numberOfRobotsOnWhiteSite
32134,24,14
timeStep,numberOfRobotsOnBlackSite,numberOfRobotsOnWhiteSite
32135,24,14
timeStep,numberOfRobotsOnBlackSite,numberOfRobotsOnWhiteSite
32136,24,14
timeStep,numberOfRobotsOnBlackSite,numberOfRobotsOnWhiteSite
32137,24,14
timeStep,numberOfRobotsOnBlackSite,numberOfRobotsOnWhiteSite
32138,24,14
timeStep,numberOfRobotsOnBlackSite,numberOfRobotsOnWhiteSite
32139,24,14
timeStep,numberOfRobotsOnBlackSite,numberOfRobotsOnWhiteSite
32140,24,14
timeStep,numberOfRobotsOnBlackSite,numberOfRobotsOnWhiteSite
32141,24,14
timeStep,numberOfRobotsOnBlackSite,numberOfRobotsOnWhiteSite
32142,24,14
timeStep,numberOfRobotsOnBlackSite,numberOfRobotsOnWhiteSite
32143,24,14
timeStep,numberOfRobotsOnBlackSite,numberOfRobotsOnWhiteSite
32144,24,14
timeStep,numberOfRobotsOnBlackSite,numberOfRobotsOnWhiteSite
32145,24,14
timeStep,numberOfRobotsOnBlackSite,numberOfRobotsOnWhiteSite
32146,24,14
timeStep,numberOfRobotsOnBlackSite,numberOfRobotsOnWhiteSite
32147,24,14
timeStep,numberOfRobotsOnBlackSite,numberOfRobotsOnWhiteSite
32148,24,14
timeStep,numberOfRobotsOnBlackSite,numberOfRobotsOnWhiteSite
32149,24,14
timeStep,numberOfRobotsOnBlackSite,numberOfRobotsOnWhiteSite
32150,24,14
timeStep,numberOfRobotsOnBlackSite,numberOfRobotsOnWhiteSite
32151,24,14
timeStep,numberOfRobotsOnBlackSite,numberOfRobotsOnWhiteSite
32152,24,14
timeStep,numberOfRobotsOnBlackSite,numberOfRobotsOnWhiteSite
32153,24,14
timeStep,numberOfRobotsOnBlackSite,numberOfRobotsOnWhiteSite
32154,24,14
timeStep,numberOfRobotsOnBlackSite,numberOfRobotsOnWhiteSite
32155,24,14
timeStep,numberOfRobotsOnBlackSite,numberOfRobotsOnWhiteSite
32156,24,14
timeStep,numberOfRobotsOnBlackSite,numberOfRobotsOnWhiteSite
32157,24,14
timeStep,numberOfRobotsOnBlackSite,numberOfRobotsOnWhiteSite
32158,24,14
timeStep,numberOfRobotsOnBlackSite,numberOfRobotsOnWhiteSite
32159,24,14
timeStep,numberOfRobotsOnBlackSite,numberOfRobotsOnWhiteSite
32160,24,14
timeStep,numberOfRobotsOnBlackSite,numberOfRobotsOnWhiteSite
32161,24,14
timeStep,numberOfRobotsOnBlackSite,numberOfRobotsOnWhiteSite
32162,24,14
timeStep,numberOfRobotsOnBlackSite,numberOfRobotsOnWhiteSite
32163,24,14
timeStep,numberOfRobotsOnBlackSite,numberOfRobotsOnWhiteSite
32164,24,14
timeStep,numberOfRobotsOnBlackSite,numberOfRobotsOnWhiteSite
32165,24,14
timeStep,numberOfRobotsOnBlackSite,numberOfRobotsOnWhiteSite
32166,24,14
timeStep,numberOfRobotsOnBlackSite,numberOfRobotsOnWhiteSite
32167,24,14
timeStep,numberOfRobotsOnBlackSite,numberOfRobotsOnWhiteSite
32168,24,14
timeStep,numberOfRobotsOnBlackSite,numberOfRobotsOnWhiteSite
32169,24,14
timeStep,numberOfRobotsOnBlackSite,numberOfRobotsOnWhiteSite
32170,24,14
timeStep,numberOfRobotsOnBlackSite,numberOfRobotsOnWhiteSite
32171,24,14
timeStep,numberOfRobotsOnBlackSite,numberOfRobotsOnWhiteSite
32172,24,14
timeStep,numberOfRobotsOnBlackSite,numberOfRobotsOnWhiteSite
32173,24,14
timeStep,numberOfRobotsOnBlackSite,numberOfRobotsOnWhiteSite
32174,24,14
timeStep,numberOfRobotsOnBlackSite,numberOfRobotsOnWhiteSite
32175,24,14
timeStep,numberOfRobotsOnBlackSite,numberOfRobotsOnWhiteSite
32176,24,14
timeStep,numberOfRobotsOnBlackSite,numberOfRobotsOnWhiteSite
32177,24,14
timeStep,numberOfRobotsOnBlackSite,numberOfRobotsOnWhiteSite
32178,24,14
timeStep,numberOfRobotsOnBlackSite,numberOfRobotsOnWhiteSite
32179,24,14
timeStep,numberOfRobotsOnBlackSite,numberOfRobotsOnWhiteSite
32180,24,14
timeStep,numberOfRobotsOnBlackSite,numberOfRobotsOnWhiteSite
32181,24,14
timeStep,numberOfRobotsOnBlackSite,numberOfRobotsOnWhiteSite
32182,24,14
timeStep,numberOfRobotsOnBlackSite,numberOfRobotsOnWhiteSite
32183,24,14
timeStep,numberOfRobotsOnBlackSite,numberOfRobotsOnWhiteSite
32184,24,14
timeStep,numberOfRobotsOnBlackSite,numberOfRobotsOnWhiteSite
32185,24,14
timeStep,numberOfRobotsOnBlackSite,numberOfRobotsOnWhiteSite
32186,24,14
timeStep,numberOfRobotsOnBlackSite,numberOfRobotsOnWhiteSite
32187,24,14
timeStep,numberOfRobotsOnBlackSite,numberOfRobotsOnWhiteSite
32188,24,14
timeStep,numberOfRobotsOnBlackSite,numberOfRobotsOnWhiteSite
32189,24,14
timeStep,numberOfRobotsOnBlackSite,numberOfRobotsOnWhiteSite
32190,24,14
timeStep,numberOfRobotsOnBlackSite,numberOfRobotsOnWhiteSite
32191,24,14
timeStep,numberOfRobotsOnBlackSite,numberOfRobotsOnWhiteSite
32192,24,14
timeStep,numberOfRobotsOnBlackSite,numberOfRobotsOnWhiteSite
32193,24,14
timeStep,numberOfRobotsOnBlackSite,numberOfRobotsOnWhiteSite
32194,24,14
timeStep,numberOfRobotsOnBlackSite,numberOfRobotsOnWhiteSite
32195,24,14
timeStep,numberOfRobotsOnBlackSite,numberOfRobotsOnWhiteSite
32196,24,14
timeStep,numberOfRobotsOnBlackSite,numberOfRobotsOnWhiteSite
32197,24,14
timeStep,numberOfRobotsOnBlackSite,numberOfRobotsOnWhiteSite
32198,24,14
timeStep,numberOfRobotsOnBlackSite,numberOfRobotsOnWhiteSite
32199,24,14
timeStep,numberOfRobotsOnBlackSite,numberOfRobotsOnWhiteSite
32200,24,14
timeStep,numberOfRobotsOnBlackSite,numberOfRobotsOnWhiteSite
32201,24,14
timeStep,numberOfRobotsOnBlackSite,numberOfRobotsOnWhiteSite
32202,24,14
timeStep,numberOfRobotsOnBlackSite,numberOfRobotsOnWhiteSite
32203,24,14
timeStep,numberOfRobotsOnBlackSite,numberOfRobotsOnWhiteSite
32204,24,14
timeStep,numberOfRobotsOnBlackSite,numberOfRobotsOnWhiteSite
32205,24,14
timeStep,numberOfRobotsOnBlackSite,numberOfRobotsOnWhiteSite
32206,24,14
timeStep,numberOfRobotsOnBlackSite,numberOfRobotsOnWhiteSite
32207,24,14
timeStep,numberOfRobotsOnBlackSite,numberOfRobotsOnWhiteSite
32208,24,14
timeStep,numberOfRobotsOnBlackSite,numberOfRobotsOnWhiteSite
32209,24,14
timeStep,numberOfRobotsOnBlackSite,numberOfRobotsOnWhiteSite
32210,24,14
timeStep,numberOfRobotsOnBlackSite,numberOfRobotsOnWhiteSite
32211,24,14
timeStep,numberOfRobotsOnBlackSite,numberOfRobotsOnWhiteSite
32212,24,14
timeStep,numberOfRobotsOnBlackSite,numberOfRobotsOnWhiteSite
32213,24,14
timeStep,numberOfRobotsOnBlackSite,numberOfRobotsOnWhiteSite
32214,24,14
timeStep,numberOfRobotsOnBlackSite,numberOfRobotsOnWhiteSite
32215,24,14
timeStep,numberOfRobotsOnBlackSite,numberOfRobotsOnWhiteSite
32216,24,14
timeStep,numberOfRobotsOnBlackSite,numberOfRobotsOnWhiteSite
32217,24,14
timeStep,numberOfRobotsOnBlackSite,numberOfRobotsOnWhiteSite
32218,24,14
timeStep,numberOfRobotsOnBlackSite,numberOfRobotsOnWhiteSite
32219,24,14
timeStep,numberOfRobotsOnBlackSite,numberOfRobotsOnWhiteSite
32220,24,14
timeStep,numberOfRobotsOnBlackSite,numberOfRobotsOnWhiteSite
32221,24,14
timeStep,numberOfRobotsOnBlackSite,numberOfRobotsOnWhiteSite
32222,24,14
timeStep,numberOfRobotsOnBlackSite,numberOfRobotsOnWhiteSite
32223,24,14
timeStep,numberOfRobotsOnBlackSite,numberOfRobotsOnWhiteSite
32224,24,14
timeStep,numberOfRobotsOnBlackSite,numberOfRobotsOnWhiteSite
32225,24,14
timeStep,numberOfRobotsOnBlackSite,numberOfRobotsOnWhiteSite
32226,24,14
timeStep,numberOfRobotsOnBlackSite,numberOfRobotsOnWhiteSite
32227,24,14
timeStep,numberOfRobotsOnBlackSite,numberOfRobotsOnWhiteSite
32228,24,14
timeStep,numberOfRobotsOnBlackSite,numberOfRobotsOnWhiteSite
32229,24,14
timeStep,numberOfRobotsOnBlackSite,numberOfRobotsOnWhiteSite
32230,24,14
timeStep,numberOfRobotsOnBlackSite,numberOfRobotsOnWhiteSite
32231,24,14
timeStep,numberOfRobotsOnBlackSite,numberOfRobotsOnWhiteSite
32232,24,14
timeStep,numberOfRobotsOnBlackSite,numberOfRobotsOnWhiteSite
32233,24,14
timeStep,numberOfRobotsOnBlackSite,numberOfRobotsOnWhiteSite
32234,24,14
timeStep,numberOfRobotsOnBlackSite,numberOfRobotsOnWhiteSite
32235,24,13
timeStep,numberOfRobotsOnBlackSite,numberOfRobotsOnWhiteSite
32236,24,13
timeStep,numberOfRobotsOnBlackSite,numberOfRobotsOnWhiteSite
32237,24,13
timeStep,numberOfRobotsOnBlackSite,numberOfRobotsOnWhiteSite
32238,24,13
timeStep,numberOfRobotsOnBlackSite,numberOfRobotsOnWhiteSite
32239,24,13
timeStep,numberOfRobotsOnBlackSite,numberOfRobotsOnWhiteSite
32240,24,13
timeStep,numberOfRobotsOnBlackSite,numberOfRobotsOnWhiteSite
32241,24,13
timeStep,numberOfRobotsOnBlackSite,numberOfRobotsOnWhiteSite
32242,24,13
timeStep,numberOfRobotsOnBlackSite,numberOfRobotsOnWhiteSite
32243,24,13
timeStep,numberOfRobotsOnBlackSite,numberOfRobotsOnWhiteSite
32244,24,13
timeStep,numberOfRobotsOnBlackSite,numberOfRobotsOnWhiteSite
32245,24,13
timeStep,numberOfRobotsOnBlackSite,numberOfRobotsOnWhiteSite
32246,24,13
timeStep,numberOfRobotsOnBlackSite,numberOfRobotsOnWhiteSite
32247,24,13
timeStep,numberOfRobotsOnBlackSite,numberOfRobotsOnWhiteSite
32248,24,13
timeStep,numberOfRobotsOnBlackSite,numberOfRobotsOnWhiteSite
32249,24,13
timeStep,numberOfRobotsOnBlackSite,numberOfRobotsOnWhiteSite
32250,24,13
timeStep,numberOfRobotsOnBlackSite,numberOfRobotsOnWhiteSite
32251,24,13
timeStep,numberOfRobotsOnBlackSite,numberOfRobotsOnWhiteSite
32252,24,13
timeStep,numberOfRobotsOnBlackSite,numberOfRobotsOnWhiteSite
32253,24,13
timeStep,numberOfRobotsOnBlackSite,numberOfRobotsOnWhiteSite
32254,24,13
timeStep,numberOfRobotsOnBlackSite,numberOfRobotsOnWhiteSite
32255,24,13
timeStep,numberOfRobotsOnBlackSite,numberOfRobotsOnWhiteSite
32256,24,13
timeStep,numberOfRobotsOnBlackSite,numberOfRobotsOnWhiteSite
32257,24,13
timeStep,numberOfRobotsOnBlackSite,numberOfRobotsOnWhiteSite
32258,24,13
timeStep,numberOfRobotsOnBlackSite,numberOfRobotsOnWhiteSite
32259,24,13
timeStep,numberOfRobotsOnBlackSite,numberOfRobotsOnWhiteSite
32260,24,13
timeStep,numberOfRobotsOnBlackSite,numberOfRobotsOnWhiteSite
32261,24,13
timeStep,numberOfRobotsOnBlackSite,numberOfRobotsOnWhiteSite
32262,24,13
timeStep,numberOfRobotsOnBlackSite,numberOfRobotsOnWhiteSite
32263,24,13
timeStep,numberOfRobotsOnBlackSite,numberOfRobotsOnWhiteSite
32264,24,13
timeStep,numberOfRobotsOnBlackSite,numberOfRobotsOnWhiteSite
32265,24,13
timeStep,numberOfRobotsOnBlackSite,numberOfRobotsOnWhiteSite
32266,24,13
timeStep,numberOfRobotsOnBlackSite,numberOfRobotsOnWhiteSite
32267,24,13
timeStep,numberOfRobotsOnBlackSite,numberOfRobotsOnWhiteSite
32268,24,13
timeStep,numberOfRobotsOnBlackSite,numberOfRobotsOnWhiteSite
32269,24,13
timeStep,numberOfRobotsOnBlackSite,numberOfRobotsOnWhiteSite
32270,24,13
timeStep,numberOfRobotsOnBlackSite,numberOfRobotsOnWhiteSite
32271,24,13
timeStep,numberOfRobotsOnBlackSite,numberOfRobotsOnWhiteSite
32272,24,13
timeStep,numberOfRobotsOnBlackSite,numberOfRobotsOnWhiteSite
32273,24,13
timeStep,numberOfRobotsOnBlackSite,numberOfRobotsOnWhiteSite
32274,24,13
timeStep,numberOfRobotsOnBlackSite,numberOfRobotsOnWhiteSite
32275,24,13
timeStep,numberOfRobotsOnBlackSite,numberOfRobotsOnWhiteSite
32276,24,13
timeStep,numberOfRobotsOnBlackSite,numberOfRobotsOnWhiteSite
32277,24,13
timeStep,numberOfRobotsOnBlackSite,numberOfRobotsOnWhiteSite
32278,24,13
timeStep,numberOfRobotsOnBlackSite,numberOfRobotsOnWhiteSite
32279,24,13
timeStep,numberOfRobotsOnBlackSite,numberOfRobotsOnWhiteSite
32280,24,13
timeStep,numberOfRobotsOnBlackSite,numberOfRobotsOnWhiteSite
32281,24,13
timeStep,numberOfRobotsOnBlackSite,numberOfRobotsOnWhiteSite
32282,24,13
timeStep,numberOfRobotsOnBlackSite,numberOfRobotsOnWhiteSite
32283,24,13
timeStep,numberOfRobotsOnBlackSite,numberOfRobotsOnWhiteSite
32284,24,13
timeStep,numberOfRobotsOnBlackSite,numberOfRobotsOnWhiteSite
32285,24,13
timeStep,numberOfRobotsOnBlackSite,numberOfRobotsOnWhiteSite
32286,24,13
timeStep,numberOfRobotsOnBlackSite,numberOfRobotsOnWhiteSite
32287,24,13
timeStep,numberOfRobotsOnBlackSite,numberOfRobotsOnWhiteSite
32288,24,13
timeStep,numberOfRobotsOnBlackSite,numberOfRobotsOnWhiteSite
32289,24,13
timeStep,numberOfRobotsOnBlackSite,numberOfRobotsOnWhiteSite
32290,24,13
timeStep,numberOfRobotsOnBlackSite,numberOfRobotsOnWhiteSite
32291,24,13
timeStep,numberOfRobotsOnBlackSite,numberOfRobotsOnWhiteSite
32292,24,13
timeStep,numberOfRobotsOnBlackSite,numberOfRobotsOnWhiteSite
32293,24,13
timeStep,numberOfRobotsOnBlackSite,numberOfRobotsOnWhiteSite
32294,24,13
timeStep,numberOfRobotsOnBlackSite,numberOfRobotsOnWhiteSite
32295,24,13
timeStep,numberOfRobotsOnBlackSite,numberOfRobotsOnWhiteSite
32296,24,13
timeStep,numberOfRobotsOnBlackSite,numberOfRobotsOnWhiteSite
32297,24,13
timeStep,numberOfRobotsOnBlackSite,numberOfRobotsOnWhiteSite
32298,24,13
timeStep,numberOfRobotsOnBlackSite,numberOfRobotsOnWhiteSite
32299,24,13
timeStep,numberOfRobotsOnBlackSite,numberOfRobotsOnWhiteSite
32300,24,13
timeStep,numberOfRobotsOnBlackSite,numberOfRobotsOnWhiteSite
32301,24,13
timeStep,numberOfRobotsOnBlackSite,numberOfRobotsOnWhiteSite
32302,24,13
timeStep,numberOfRobotsOnBlackSite,numberOfRobotsOnWhiteSite
32303,24,13
timeStep,numberOfRobotsOnBlackSite,numberOfRobotsOnWhiteSite
32304,24,13
timeStep,numberOfRobotsOnBlackSite,numberOfRobotsOnWhiteSite
32305,24,13
timeStep,numberOfRobotsOnBlackSite,numberOfRobotsOnWhiteSite
32306,24,13
timeStep,numberOfRobotsOnBlackSite,numberOfRobotsOnWhiteSite
32307,24,13
timeStep,numberOfRobotsOnBlackSite,numberOfRobotsOnWhiteSite
32308,24,13
timeStep,numberOfRobotsOnBlackSite,numberOfRobotsOnWhiteSite
32309,24,13
timeStep,numberOfRobotsOnBlackSite,numberOfRobotsOnWhiteSite
32310,24,13
timeStep,numberOfRobotsOnBlackSite,numberOfRobotsOnWhiteSite
32311,24,13
timeStep,numberOfRobotsOnBlackSite,numberOfRobotsOnWhiteSite
32312,24,13
timeStep,numberOfRobotsOnBlackSite,numberOfRobotsOnWhiteSite
32313,24,13
timeStep,numberOfRobotsOnBlackSite,numberOfRobotsOnWhiteSite
32314,24,13
timeStep,numberOfRobotsOnBlackSite,numberOfRobotsOnWhiteSite
32315,24,13
timeStep,numberOfRobotsOnBlackSite,numberOfRobotsOnWhiteSite
32316,24,13
timeStep,numberOfRobotsOnBlackSite,numberOfRobotsOnWhiteSite
32317,24,13
timeStep,numberOfRobotsOnBlackSite,numberOfRobotsOnWhiteSite
32318,24,13
timeStep,numberOfRobotsOnBlackSite,numberOfRobotsOnWhiteSite
32319,24,13
timeStep,numberOfRobotsOnBlackSite,numberOfRobotsOnWhiteSite
32320,24,13
timeStep,numberOfRobotsOnBlackSite,numberOfRobotsOnWhiteSite
32321,24,13
timeStep,numberOfRobotsOnBlackSite,numberOfRobotsOnWhiteSite
32322,24,13
timeStep,numberOfRobotsOnBlackSite,numberOfRobotsOnWhiteSite
32323,24,13
timeStep,numberOfRobotsOnBlackSite,numberOfRobotsOnWhiteSite
32324,24,13
timeStep,numberOfRobotsOnBlackSite,numberOfRobotsOnWhiteSite
32325,24,13
timeStep,numberOfRobotsOnBlackSite,numberOfRobotsOnWhiteSite
32326,24,13
timeStep,numberOfRobotsOnBlackSite,numberOfRobotsOnWhiteSite
32327,24,13
timeStep,numberOfRobotsOnBlackSite,numberOfRobotsOnWhiteSite
32328,24,13
timeStep,numberOfRobotsOnBlackSite,numberOfRobotsOnWhiteSite
32329,24,13
timeStep,numberOfRobotsOnBlackSite,numberOfRobotsOnWhiteSite
32330,24,13
timeStep,numberOfRobotsOnBlackSite,numberOfRobotsOnWhiteSite
32331,24,13
timeStep,numberOfRobotsOnBlackSite,numberOfRobotsOnWhiteSite
32332,24,13
timeStep,numberOfRobotsOnBlackSite,numberOfRobotsOnWhiteSite
32333,24,13
timeStep,numberOfRobotsOnBlackSite,numberOfRobotsOnWhiteSite
32334,24,13
timeStep,numberOfRobotsOnBlackSite,numberOfRobotsOnWhiteSite
32335,24,13
timeStep,numberOfRobotsOnBlackSite,numberOfRobotsOnWhiteSite
32336,24,13
timeStep,numberOfRobotsOnBlackSite,numberOfRobotsOnWhiteSite
32337,24,13
timeStep,numberOfRobotsOnBlackSite,numberOfRobotsOnWhiteSite
32338,24,13
timeStep,numberOfRobotsOnBlackSite,numberOfRobotsOnWhiteSite
32339,24,13
timeStep,numberOfRobotsOnBlackSite,numberOfRobotsOnWhiteSite
32340,24,13
timeStep,numberOfRobotsOnBlackSite,numberOfRobotsOnWhiteSite
32341,24,13
timeStep,numberOfRobotsOnBlackSite,numberOfRobotsOnWhiteSite
32342,24,13
timeStep,numberOfRobotsOnBlackSite,numberOfRobotsOnWhiteSite
32343,24,13
timeStep,numberOfRobotsOnBlackSite,numberOfRobotsOnWhiteSite
32344,24,13
timeStep,numberOfRobotsOnBlackSite,numberOfRobotsOnWhiteSite
32345,24,13
timeStep,numberOfRobotsOnBlackSite,numberOfRobotsOnWhiteSite
32346,24,13
timeStep,numberOfRobotsOnBlackSite,numberOfRobotsOnWhiteSite
32347,24,13
timeStep,numberOfRobotsOnBlackSite,numberOfRobotsOnWhiteSite
32348,24,13
timeStep,numberOfRobotsOnBlackSite,numberOfRobotsOnWhiteSite
32349,24,13
timeStep,numberOfRobotsOnBlackSite,numberOfRobotsOnWhiteSite
32350,24,13
timeStep,numberOfRobotsOnBlackSite,numberOfRobotsOnWhiteSite
32351,24,13
timeStep,numberOfRobotsOnBlackSite,numberOfRobotsOnWhiteSite
32352,24,13
timeStep,numberOfRobotsOnBlackSite,numberOfRobotsOnWhiteSite
32353,24,13
timeStep,numberOfRobotsOnBlackSite,numberOfRobotsOnWhiteSite
32354,24,13
timeStep,numberOfRobotsOnBlackSite,numberOfRobotsOnWhiteSite
32355,25,13
timeStep,numberOfRobotsOnBlackSite,numberOfRobotsOnWhiteSite
32356,25,13
timeStep,numberOfRobotsOnBlackSite,numberOfRobotsOnWhiteSite
32357,25,13
timeStep,numberOfRobotsOnBlackSite,numberOfRobotsOnWhiteSite
32358,25,13
timeStep,numberOfRobotsOnBlackSite,numberOfRobotsOnWhiteSite
32359,25,13
timeStep,numberOfRobotsOnBlackSite,numberOfRobotsOnWhiteSite
32360,25,13
timeStep,numberOfRobotsOnBlackSite,numberOfRobotsOnWhiteSite
32361,25,13
timeStep,numberOfRobotsOnBlackSite,numberOfRobotsOnWhiteSite
32362,25,13
timeStep,numberOfRobotsOnBlackSite,numberOfRobotsOnWhiteSite
32363,25,13
timeStep,numberOfRobotsOnBlackSite,numberOfRobotsOnWhiteSite
32364,25,13
timeStep,numberOfRobotsOnBlackSite,numberOfRobotsOnWhiteSite
32365,25,13
timeStep,numberOfRobotsOnBlackSite,numberOfRobotsOnWhiteSite
32366,25,13
timeStep,numberOfRobotsOnBlackSite,numberOfRobotsOnWhiteSite
32367,25,13
timeStep,numberOfRobotsOnBlackSite,numberOfRobotsOnWhiteSite
32368,25,13
timeStep,numberOfRobotsOnBlackSite,numberOfRobotsOnWhiteSite
32369,25,13
timeStep,numberOfRobotsOnBlackSite,numberOfRobotsOnWhiteSite
32370,25,13
timeStep,numberOfRobotsOnBlackSite,numberOfRobotsOnWhiteSite
32371,25,13
timeStep,numberOfRobotsOnBlackSite,numberOfRobotsOnWhiteSite
32372,25,13
timeStep,numberOfRobotsOnBlackSite,numberOfRobotsOnWhiteSite
32373,25,13
timeStep,numberOfRobotsOnBlackSite,numberOfRobotsOnWhiteSite
32374,25,13
timeStep,numberOfRobotsOnBlackSite,numberOfRobotsOnWhiteSite
32375,25,13
timeStep,numberOfRobotsOnBlackSite,numberOfRobotsOnWhiteSite
32376,25,13
timeStep,numberOfRobotsOnBlackSite,numberOfRobotsOnWhiteSite
32377,25,13
timeStep,numberOfRobotsOnBlackSite,numberOfRobotsOnWhiteSite
32378,25,13
timeStep,numberOfRobotsOnBlackSite,numberOfRobotsOnWhiteSite
32379,25,13
timeStep,numberOfRobotsOnBlackSite,numberOfRobotsOnWhiteSite
32380,25,13
timeStep,numberOfRobotsOnBlackSite,numberOfRobotsOnWhiteSite
32381,25,13
timeStep,numberOfRobotsOnBlackSite,numberOfRobotsOnWhiteSite
32382,25,13
timeStep,numberOfRobotsOnBlackSite,numberOfRobotsOnWhiteSite
32383,25,13
timeStep,numberOfRobotsOnBlackSite,numberOfRobotsOnWhiteSite
32384,25,13
timeStep,numberOfRobotsOnBlackSite,numberOfRobotsOnWhiteSite
32385,25,13
timeStep,numberOfRobotsOnBlackSite,numberOfRobotsOnWhiteSite
32386,25,13
timeStep,numberOfRobotsOnBlackSite,numberOfRobotsOnWhiteSite
32387,25,13
timeStep,numberOfRobotsOnBlackSite,numberOfRobotsOnWhiteSite
32388,25,13
timeStep,numberOfRobotsOnBlackSite,numberOfRobotsOnWhiteSite
32389,25,13
timeStep,numberOfRobotsOnBlackSite,numberOfRobotsOnWhiteSite
32390,25,13
timeStep,numberOfRobotsOnBlackSite,numberOfRobotsOnWhiteSite
32391,25,13
timeStep,numberOfRobotsOnBlackSite,numberOfRobotsOnWhiteSite
32392,25,13
timeStep,numberOfRobotsOnBlackSite,numberOfRobotsOnWhiteSite
32393,25,13
timeStep,numberOfRobotsOnBlackSite,numberOfRobotsOnWhiteSite
32394,25,13
timeStep,numberOfRobotsOnBlackSite,numberOfRobotsOnWhiteSite
32395,25,13
timeStep,numberOfRobotsOnBlackSite,numberOfRobotsOnWhiteSite
32396,25,13
timeStep,numberOfRobotsOnBlackSite,numberOfRobotsOnWhiteSite
32397,25,13
timeStep,numberOfRobotsOnBlackSite,numberOfRobotsOnWhiteSite
32398,25,13
timeStep,numberOfRobotsOnBlackSite,numberOfRobotsOnWhiteSite
32399,25,13
timeStep,numberOfRobotsOnBlackSite,numberOfRobotsOnWhiteSite
32400,25,13
timeStep,numberOfRobotsOnBlackSite,numberOfRobotsOnWhiteSite
32401,25,13
timeStep,numberOfRobotsOnBlackSite,numberOfRobotsOnWhiteSite
32402,25,13
timeStep,numberOfRobotsOnBlackSite,numberOfRobotsOnWhiteSite
32403,25,13
timeStep,numberOfRobotsOnBlackSite,numberOfRobotsOnWhiteSite
32404,25,13
timeStep,numberOfRobotsOnBlackSite,numberOfRobotsOnWhiteSite
32405,25,13
timeStep,numberOfRobotsOnBlackSite,numberOfRobotsOnWhiteSite
32406,25,13
timeStep,numberOfRobotsOnBlackSite,numberOfRobotsOnWhiteSite
32407,25,13
timeStep,numberOfRobotsOnBlackSite,numberOfRobotsOnWhiteSite
32408,25,13
timeStep,numberOfRobotsOnBlackSite,numberOfRobotsOnWhiteSite
32409,25,13
timeStep,numberOfRobotsOnBlackSite,numberOfRobotsOnWhiteSite
32410,25,13
timeStep,numberOfRobotsOnBlackSite,numberOfRobotsOnWhiteSite
32411,25,13
timeStep,numberOfRobotsOnBlackSite,numberOfRobotsOnWhiteSite
32412,25,13
timeStep,numberOfRobotsOnBlackSite,numberOfRobotsOnWhiteSite
32413,25,13
timeStep,numberOfRobotsOnBlackSite,numberOfRobotsOnWhiteSite
32414,25,13
timeStep,numberOfRobotsOnBlackSite,numberOfRobotsOnWhiteSite
32415,25,13
timeStep,numberOfRobotsOnBlackSite,numberOfRobotsOnWhiteSite
32416,25,13
timeStep,numberOfRobotsOnBlackSite,numberOfRobotsOnWhiteSite
32417,25,13
timeStep,numberOfRobotsOnBlackSite,numberOfRobotsOnWhiteSite
32418,25,13
timeStep,numberOfRobotsOnBlackSite,numberOfRobotsOnWhiteSite
32419,25,13
timeStep,numberOfRobotsOnBlackSite,numberOfRobotsOnWhiteSite
32420,25,13
timeStep,numberOfRobotsOnBlackSite,numberOfRobotsOnWhiteSite
32421,25,13
timeStep,numberOfRobotsOnBlackSite,numberOfRobotsOnWhiteSite
32422,25,13
timeStep,numberOfRobotsOnBlackSite,numberOfRobotsOnWhiteSite
32423,25,13
timeStep,numberOfRobotsOnBlackSite,numberOfRobotsOnWhiteSite
32424,25,13
timeStep,numberOfRobotsOnBlackSite,numberOfRobotsOnWhiteSite
32425,25,13
timeStep,numberOfRobotsOnBlackSite,numberOfRobotsOnWhiteSite
32426,25,13
timeStep,numberOfRobotsOnBlackSite,numberOfRobotsOnWhiteSite
32427,25,13
timeStep,numberOfRobotsOnBlackSite,numberOfRobotsOnWhiteSite
32428,25,13
timeStep,numberOfRobotsOnBlackSite,numberOfRobotsOnWhiteSite
32429,25,13
timeStep,numberOfRobotsOnBlackSite,numberOfRobotsOnWhiteSite
32430,25,13
timeStep,numberOfRobotsOnBlackSite,numberOfRobotsOnWhiteSite
32431,25,13
timeStep,numberOfRobotsOnBlackSite,numberOfRobotsOnWhiteSite
32432,25,13
timeStep,numberOfRobotsOnBlackSite,numberOfRobotsOnWhiteSite
32433,25,13
timeStep,numberOfRobotsOnBlackSite,numberOfRobotsOnWhiteSite
32434,25,13
timeStep,numberOfRobotsOnBlackSite,numberOfRobotsOnWhiteSite
32435,25,13
timeStep,numberOfRobotsOnBlackSite,numberOfRobotsOnWhiteSite
32436,25,13
timeStep,numberOfRobotsOnBlackSite,numberOfRobotsOnWhiteSite
32437,25,13
timeStep,numberOfRobotsOnBlackSite,numberOfRobotsOnWhiteSite
32438,25,13
timeStep,numberOfRobotsOnBlackSite,numberOfRobotsOnWhiteSite
32439,25,13
timeStep,numberOfRobotsOnBlackSite,numberOfRobotsOnWhiteSite
32440,25,12
timeStep,numberOfRobotsOnBlackSite,numberOfRobotsOnWhiteSite
32441,25,12
timeStep,numberOfRobotsOnBlackSite,numberOfRobotsOnWhiteSite
32442,25,12
timeStep,numberOfRobotsOnBlackSite,numberOfRobotsOnWhiteSite
32443,25,12
timeStep,numberOfRobotsOnBlackSite,numberOfRobotsOnWhiteSite
32444,25,12
timeStep,numberOfRobotsOnBlackSite,numberOfRobotsOnWhiteSite
32445,25,12
timeStep,numberOfRobotsOnBlackSite,numberOfRobotsOnWhiteSite
32446,25,12
timeStep,numberOfRobotsOnBlackSite,numberOfRobotsOnWhiteSite
32447,25,12
timeStep,numberOfRobotsOnBlackSite,numberOfRobotsOnWhiteSite
32448,25,12
timeStep,numberOfRobotsOnBlackSite,numberOfRobotsOnWhiteSite
32449,25,12
timeStep,numberOfRobotsOnBlackSite,numberOfRobotsOnWhiteSite
32450,25,12
timeStep,numberOfRobotsOnBlackSite,numberOfRobotsOnWhiteSite
32451,25,12
timeStep,numberOfRobotsOnBlackSite,numberOfRobotsOnWhiteSite
32452,25,12
timeStep,numberOfRobotsOnBlackSite,numberOfRobotsOnWhiteSite
32453,25,12
timeStep,numberOfRobotsOnBlackSite,numberOfRobotsOnWhiteSite
32454,25,12
timeStep,numberOfRobotsOnBlackSite,numberOfRobotsOnWhiteSite
32455,25,12
timeStep,numberOfRobotsOnBlackSite,numberOfRobotsOnWhiteSite
32456,25,12
timeStep,numberOfRobotsOnBlackSite,numberOfRobotsOnWhiteSite
32457,25,12
timeStep,numberOfRobotsOnBlackSite,numberOfRobotsOnWhiteSite
32458,25,12
timeStep,numberOfRobotsOnBlackSite,numberOfRobotsOnWhiteSite
32459,25,12
timeStep,numberOfRobotsOnBlackSite,numberOfRobotsOnWhiteSite
32460,25,12
timeStep,numberOfRobotsOnBlackSite,numberOfRobotsOnWhiteSite
32461,25,12
timeStep,numberOfRobotsOnBlackSite,numberOfRobotsOnWhiteSite
32462,25,12
timeStep,numberOfRobotsOnBlackSite,numberOfRobotsOnWhiteSite
32463,25,12
timeStep,numberOfRobotsOnBlackSite,numberOfRobotsOnWhiteSite
32464,25,12
timeStep,numberOfRobotsOnBlackSite,numberOfRobotsOnWhiteSite
32465,25,12
timeStep,numberOfRobotsOnBlackSite,numberOfRobotsOnWhiteSite
32466,25,12
timeStep,numberOfRobotsOnBlackSite,numberOfRobotsOnWhiteSite
32467,25,12
timeStep,numberOfRobotsOnBlackSite,numberOfRobotsOnWhiteSite
32468,25,12
timeStep,numberOfRobotsOnBlackSite,numberOfRobotsOnWhiteSite
32469,25,12
timeStep,numberOfRobotsOnBlackSite,numberOfRobotsOnWhiteSite
32470,25,12
timeStep,numberOfRobotsOnBlackSite,numberOfRobotsOnWhiteSite
32471,25,12
timeStep,numberOfRobotsOnBlackSite,numberOfRobotsOnWhiteSite
32472,25,12
timeStep,numberOfRobotsOnBlackSite,numberOfRobotsOnWhiteSite
32473,25,12
timeStep,numberOfRobotsOnBlackSite,numberOfRobotsOnWhiteSite
32474,25,12
timeStep,numberOfRobotsOnBlackSite,numberOfRobotsOnWhiteSite
32475,25,12
timeStep,numberOfRobotsOnBlackSite,numberOfRobotsOnWhiteSite
32476,25,12
timeStep,numberOfRobotsOnBlackSite,numberOfRobotsOnWhiteSite
32477,25,12
timeStep,numberOfRobotsOnBlackSite,numberOfRobotsOnWhiteSite
32478,25,12
timeStep,numberOfRobotsOnBlackSite,numberOfRobotsOnWhiteSite
32479,25,12
timeStep,numberOfRobotsOnBlackSite,numberOfRobotsOnWhiteSite
32480,25,12
timeStep,numberOfRobotsOnBlackSite,numberOfRobotsOnWhiteSite
32481,25,12
timeStep,numberOfRobotsOnBlackSite,numberOfRobotsOnWhiteSite
32482,25,12
timeStep,numberOfRobotsOnBlackSite,numberOfRobotsOnWhiteSite
32483,25,12
timeStep,numberOfRobotsOnBlackSite,numberOfRobotsOnWhiteSite
32484,25,12
timeStep,numberOfRobotsOnBlackSite,numberOfRobotsOnWhiteSite
32485,25,12
timeStep,numberOfRobotsOnBlackSite,numberOfRobotsOnWhiteSite
32486,25,12
timeStep,numberOfRobotsOnBlackSite,numberOfRobotsOnWhiteSite
32487,25,12
timeStep,numberOfRobotsOnBlackSite,numberOfRobotsOnWhiteSite
32488,25,12
timeStep,numberOfRobotsOnBlackSite,numberOfRobotsOnWhiteSite
32489,25,12
timeStep,numberOfRobotsOnBlackSite,numberOfRobotsOnWhiteSite
32490,25,13
timeStep,numberOfRobotsOnBlackSite,numberOfRobotsOnWhiteSite
32491,25,13
timeStep,numberOfRobotsOnBlackSite,numberOfRobotsOnWhiteSite
32492,25,13
timeStep,numberOfRobotsOnBlackSite,numberOfRobotsOnWhiteSite
32493,25,13
timeStep,numberOfRobotsOnBlackSite,numberOfRobotsOnWhiteSite
32494,25,13
timeStep,numberOfRobotsOnBlackSite,numberOfRobotsOnWhiteSite
32495,25,13
timeStep,numberOfRobotsOnBlackSite,numberOfRobotsOnWhiteSite
32496,25,13
timeStep,numberOfRobotsOnBlackSite,numberOfRobotsOnWhiteSite
32497,25,13
timeStep,numberOfRobotsOnBlackSite,numberOfRobotsOnWhiteSite
32498,25,13
timeStep,numberOfRobotsOnBlackSite,numberOfRobotsOnWhiteSite
32499,25,13
timeStep,numberOfRobotsOnBlackSite,numberOfRobotsOnWhiteSite
32500,25,13
timeStep,numberOfRobotsOnBlackSite,numberOfRobotsOnWhiteSite
32501,25,13
timeStep,numberOfRobotsOnBlackSite,numberOfRobotsOnWhiteSite
32502,25,13
timeStep,numberOfRobotsOnBlackSite,numberOfRobotsOnWhiteSite
32503,25,13
timeStep,numberOfRobotsOnBlackSite,numberOfRobotsOnWhiteSite
32504,25,13
timeStep,numberOfRobotsOnBlackSite,numberOfRobotsOnWhiteSite
32505,25,12
timeStep,numberOfRobotsOnBlackSite,numberOfRobotsOnWhiteSite
32506,25,12
timeStep,numberOfRobotsOnBlackSite,numberOfRobotsOnWhiteSite
32507,25,12
timeStep,numberOfRobotsOnBlackSite,numberOfRobotsOnWhiteSite
32508,25,12
timeStep,numberOfRobotsOnBlackSite,numberOfRobotsOnWhiteSite
32509,25,12
timeStep,numberOfRobotsOnBlackSite,numberOfRobotsOnWhiteSite
32510,25,12
timeStep,numberOfRobotsOnBlackSite,numberOfRobotsOnWhiteSite
32511,25,12
timeStep,numberOfRobotsOnBlackSite,numberOfRobotsOnWhiteSite
32512,25,12
timeStep,numberOfRobotsOnBlackSite,numberOfRobotsOnWhiteSite
32513,25,12
timeStep,numberOfRobotsOnBlackSite,numberOfRobotsOnWhiteSite
32514,25,12
timeStep,numberOfRobotsOnBlackSite,numberOfRobotsOnWhiteSite
32515,25,12
timeStep,numberOfRobotsOnBlackSite,numberOfRobotsOnWhiteSite
32516,25,12
timeStep,numberOfRobotsOnBlackSite,numberOfRobotsOnWhiteSite
32517,25,12
timeStep,numberOfRobotsOnBlackSite,numberOfRobotsOnWhiteSite
32518,25,12
timeStep,numberOfRobotsOnBlackSite,numberOfRobotsOnWhiteSite
32519,25,12
timeStep,numberOfRobotsOnBlackSite,numberOfRobotsOnWhiteSite
32520,25,12
timeStep,numberOfRobotsOnBlackSite,numberOfRobotsOnWhiteSite
32521,25,12
timeStep,numberOfRobotsOnBlackSite,numberOfRobotsOnWhiteSite
32522,25,12
timeStep,numberOfRobotsOnBlackSite,numberOfRobotsOnWhiteSite
32523,25,12
timeStep,numberOfRobotsOnBlackSite,numberOfRobotsOnWhiteSite
32524,25,12
timeStep,numberOfRobotsOnBlackSite,numberOfRobotsOnWhiteSite
32525,25,12
timeStep,numberOfRobotsOnBlackSite,numberOfRobotsOnWhiteSite
32526,25,12
timeStep,numberOfRobotsOnBlackSite,numberOfRobotsOnWhiteSite
32527,25,12
timeStep,numberOfRobotsOnBlackSite,numberOfRobotsOnWhiteSite
32528,25,12
timeStep,numberOfRobotsOnBlackSite,numberOfRobotsOnWhiteSite
32529,25,12
timeStep,numberOfRobotsOnBlackSite,numberOfRobotsOnWhiteSite
32530,25,12
timeStep,numberOfRobotsOnBlackSite,numberOfRobotsOnWhiteSite
32531,25,12
timeStep,numberOfRobotsOnBlackSite,numberOfRobotsOnWhiteSite
32532,25,12
timeStep,numberOfRobotsOnBlackSite,numberOfRobotsOnWhiteSite
32533,25,12
timeStep,numberOfRobotsOnBlackSite,numberOfRobotsOnWhiteSite
32534,25,12
timeStep,numberOfRobotsOnBlackSite,numberOfRobotsOnWhiteSite
32535,25,12
timeStep,numberOfRobotsOnBlackSite,numberOfRobotsOnWhiteSite
32536,25,12
timeStep,numberOfRobotsOnBlackSite,numberOfRobotsOnWhiteSite
32537,25,12
timeStep,numberOfRobotsOnBlackSite,numberOfRobotsOnWhiteSite
32538,25,12
timeStep,numberOfRobotsOnBlackSite,numberOfRobotsOnWhiteSite
32539,25,12
timeStep,numberOfRobotsOnBlackSite,numberOfRobotsOnWhiteSite
32540,25,13
timeStep,numberOfRobotsOnBlackSite,numberOfRobotsOnWhiteSite
32541,25,13
timeStep,numberOfRobotsOnBlackSite,numberOfRobotsOnWhiteSite
32542,25,13
timeStep,numberOfRobotsOnBlackSite,numberOfRobotsOnWhiteSite
32543,25,13
timeStep,numberOfRobotsOnBlackSite,numberOfRobotsOnWhiteSite
32544,25,13
timeStep,numberOfRobotsOnBlackSite,numberOfRobotsOnWhiteSite
32545,25,13
timeStep,numberOfRobotsOnBlackSite,numberOfRobotsOnWhiteSite
32546,25,13
timeStep,numberOfRobotsOnBlackSite,numberOfRobotsOnWhiteSite
32547,25,13
timeStep,numberOfRobotsOnBlackSite,numberOfRobotsOnWhiteSite
32548,25,13
timeStep,numberOfRobotsOnBlackSite,numberOfRobotsOnWhiteSite
32549,25,13
timeStep,numberOfRobotsOnBlackSite,numberOfRobotsOnWhiteSite
32550,25,13
timeStep,numberOfRobotsOnBlackSite,numberOfRobotsOnWhiteSite
32551,25,13
timeStep,numberOfRobotsOnBlackSite,numberOfRobotsOnWhiteSite
32552,25,13
timeStep,numberOfRobotsOnBlackSite,numberOfRobotsOnWhiteSite
32553,25,13
timeStep,numberOfRobotsOnBlackSite,numberOfRobotsOnWhiteSite
32554,25,13
timeStep,numberOfRobotsOnBlackSite,numberOfRobotsOnWhiteSite
32555,25,13
timeStep,numberOfRobotsOnBlackSite,numberOfRobotsOnWhiteSite
32556,25,13
timeStep,numberOfRobotsOnBlackSite,numberOfRobotsOnWhiteSite
32557,25,13
timeStep,numberOfRobotsOnBlackSite,numberOfRobotsOnWhiteSite
32558,25,13
timeStep,numberOfRobotsOnBlackSite,numberOfRobotsOnWhiteSite
32559,25,13
timeStep,numberOfRobotsOnBlackSite,numberOfRobotsOnWhiteSite
32560,25,13
timeStep,numberOfRobotsOnBlackSite,numberOfRobotsOnWhiteSite
32561,25,13
timeStep,numberOfRobotsOnBlackSite,numberOfRobotsOnWhiteSite
32562,25,13
timeStep,numberOfRobotsOnBlackSite,numberOfRobotsOnWhiteSite
32563,25,13
timeStep,numberOfRobotsOnBlackSite,numberOfRobotsOnWhiteSite
32564,25,13
timeStep,numberOfRobotsOnBlackSite,numberOfRobotsOnWhiteSite
32565,25,13
timeStep,numberOfRobotsOnBlackSite,numberOfRobotsOnWhiteSite
32566,25,13
timeStep,numberOfRobotsOnBlackSite,numberOfRobotsOnWhiteSite
32567,25,13
timeStep,numberOfRobotsOnBlackSite,numberOfRobotsOnWhiteSite
32568,25,13
timeStep,numberOfRobotsOnBlackSite,numberOfRobotsOnWhiteSite
32569,25,13
timeStep,numberOfRobotsOnBlackSite,numberOfRobotsOnWhiteSite
32570,25,13
timeStep,numberOfRobotsOnBlackSite,numberOfRobotsOnWhiteSite
32571,25,13
timeStep,numberOfRobotsOnBlackSite,numberOfRobotsOnWhiteSite
32572,25,13
timeStep,numberOfRobotsOnBlackSite,numberOfRobotsOnWhiteSite
32573,25,13
timeStep,numberOfRobotsOnBlackSite,numberOfRobotsOnWhiteSite
32574,25,13
timeStep,numberOfRobotsOnBlackSite,numberOfRobotsOnWhiteSite
32575,25,13
timeStep,numberOfRobotsOnBlackSite,numberOfRobotsOnWhiteSite
32576,25,13
timeStep,numberOfRobotsOnBlackSite,numberOfRobotsOnWhiteSite
32577,25,13
timeStep,numberOfRobotsOnBlackSite,numberOfRobotsOnWhiteSite
32578,25,13
timeStep,numberOfRobotsOnBlackSite,numberOfRobotsOnWhiteSite
32579,25,13
timeStep,numberOfRobotsOnBlackSite,numberOfRobotsOnWhiteSite
32580,25,14
timeStep,numberOfRobotsOnBlackSite,numberOfRobotsOnWhiteSite
32581,25,14
timeStep,numberOfRobotsOnBlackSite,numberOfRobotsOnWhiteSite
32582,25,14
timeStep,numberOfRobotsOnBlackSite,numberOfRobotsOnWhiteSite
32583,25,14
timeStep,numberOfRobotsOnBlackSite,numberOfRobotsOnWhiteSite
32584,25,14
timeStep,numberOfRobotsOnBlackSite,numberOfRobotsOnWhiteSite
32585,25,14
timeStep,numberOfRobotsOnBlackSite,numberOfRobotsOnWhiteSite
32586,25,14
timeStep,numberOfRobotsOnBlackSite,numberOfRobotsOnWhiteSite
32587,25,14
timeStep,numberOfRobotsOnBlackSite,numberOfRobotsOnWhiteSite
32588,25,14
timeStep,numberOfRobotsOnBlackSite,numberOfRobotsOnWhiteSite
32589,25,14
timeStep,numberOfRobotsOnBlackSite,numberOfRobotsOnWhiteSite
32590,25,14
timeStep,numberOfRobotsOnBlackSite,numberOfRobotsOnWhiteSite
32591,25,14
timeStep,numberOfRobotsOnBlackSite,numberOfRobotsOnWhiteSite
32592,25,14
timeStep,numberOfRobotsOnBlackSite,numberOfRobotsOnWhiteSite
32593,25,14
timeStep,numberOfRobotsOnBlackSite,numberOfRobotsOnWhiteSite
32594,25,14
timeStep,numberOfRobotsOnBlackSite,numberOfRobotsOnWhiteSite
32595,25,14
timeStep,numberOfRobotsOnBlackSite,numberOfRobotsOnWhiteSite
32596,25,14
timeStep,numberOfRobotsOnBlackSite,numberOfRobotsOnWhiteSite
32597,25,14
timeStep,numberOfRobotsOnBlackSite,numberOfRobotsOnWhiteSite
32598,25,14
timeStep,numberOfRobotsOnBlackSite,numberOfRobotsOnWhiteSite
32599,25,14
timeStep,numberOfRobotsOnBlackSite,numberOfRobotsOnWhiteSite
32600,25,14
timeStep,numberOfRobotsOnBlackSite,numberOfRobotsOnWhiteSite
32601,25,14
timeStep,numberOfRobotsOnBlackSite,numberOfRobotsOnWhiteSite
32602,25,14
timeStep,numberOfRobotsOnBlackSite,numberOfRobotsOnWhiteSite
32603,25,14
timeStep,numberOfRobotsOnBlackSite,numberOfRobotsOnWhiteSite
32604,25,14
timeStep,numberOfRobotsOnBlackSite,numberOfRobotsOnWhiteSite
32605,25,14
timeStep,numberOfRobotsOnBlackSite,numberOfRobotsOnWhiteSite
32606,25,14
timeStep,numberOfRobotsOnBlackSite,numberOfRobotsOnWhiteSite
32607,25,14
timeStep,numberOfRobotsOnBlackSite,numberOfRobotsOnWhiteSite
32608,25,14
timeStep,numberOfRobotsOnBlackSite,numberOfRobotsOnWhiteSite
32609,25,14
timeStep,numberOfRobotsOnBlackSite,numberOfRobotsOnWhiteSite
32610,25,14
timeStep,numberOfRobotsOnBlackSite,numberOfRobotsOnWhiteSite
32611,25,14
timeStep,numberOfRobotsOnBlackSite,numberOfRobotsOnWhiteSite
32612,25,14
timeStep,numberOfRobotsOnBlackSite,numberOfRobotsOnWhiteSite
32613,25,14
timeStep,numberOfRobotsOnBlackSite,numberOfRobotsOnWhiteSite
32614,25,14
timeStep,numberOfRobotsOnBlackSite,numberOfRobotsOnWhiteSite
32615,25,14
timeStep,numberOfRobotsOnBlackSite,numberOfRobotsOnWhiteSite
32616,25,14
timeStep,numberOfRobotsOnBlackSite,numberOfRobotsOnWhiteSite
32617,25,14
timeStep,numberOfRobotsOnBlackSite,numberOfRobotsOnWhiteSite
32618,25,14
timeStep,numberOfRobotsOnBlackSite,numberOfRobotsOnWhiteSite
32619,25,14
timeStep,numberOfRobotsOnBlackSite,numberOfRobotsOnWhiteSite
32620,25,14
timeStep,numberOfRobotsOnBlackSite,numberOfRobotsOnWhiteSite
32621,25,14
timeStep,numberOfRobotsOnBlackSite,numberOfRobotsOnWhiteSite
32622,25,14
timeStep,numberOfRobotsOnBlackSite,numberOfRobotsOnWhiteSite
32623,25,14
timeStep,numberOfRobotsOnBlackSite,numberOfRobotsOnWhiteSite
32624,25,14
timeStep,numberOfRobotsOnBlackSite,numberOfRobotsOnWhiteSite
32625,25,14
timeStep,numberOfRobotsOnBlackSite,numberOfRobotsOnWhiteSite
32626,25,14
timeStep,numberOfRobotsOnBlackSite,numberOfRobotsOnWhiteSite
32627,25,14
timeStep,numberOfRobotsOnBlackSite,numberOfRobotsOnWhiteSite
32628,25,14
timeStep,numberOfRobotsOnBlackSite,numberOfRobotsOnWhiteSite
32629,25,14
timeStep,numberOfRobotsOnBlackSite,numberOfRobotsOnWhiteSite
32630,25,14
timeStep,numberOfRobotsOnBlackSite,numberOfRobotsOnWhiteSite
32631,25,14
timeStep,numberOfRobotsOnBlackSite,numberOfRobotsOnWhiteSite
32632,25,14
timeStep,numberOfRobotsOnBlackSite,numberOfRobotsOnWhiteSite
32633,25,14
timeStep,numberOfRobotsOnBlackSite,numberOfRobotsOnWhiteSite
32634,25,14
timeStep,numberOfRobotsOnBlackSite,numberOfRobotsOnWhiteSite
32635,25,14
timeStep,numberOfRobotsOnBlackSite,numberOfRobotsOnWhiteSite
32636,25,14
timeStep,numberOfRobotsOnBlackSite,numberOfRobotsOnWhiteSite
32637,25,14
timeStep,numberOfRobotsOnBlackSite,numberOfRobotsOnWhiteSite
32638,25,14
timeStep,numberOfRobotsOnBlackSite,numberOfRobotsOnWhiteSite
32639,25,14
timeStep,numberOfRobotsOnBlackSite,numberOfRobotsOnWhiteSite
32640,25,14
timeStep,numberOfRobotsOnBlackSite,numberOfRobotsOnWhiteSite
32641,25,14
timeStep,numberOfRobotsOnBlackSite,numberOfRobotsOnWhiteSite
32642,25,14
timeStep,numberOfRobotsOnBlackSite,numberOfRobotsOnWhiteSite
32643,25,14
timeStep,numberOfRobotsOnBlackSite,numberOfRobotsOnWhiteSite
32644,25,14
timeStep,numberOfRobotsOnBlackSite,numberOfRobotsOnWhiteSite
32645,25,14
timeStep,numberOfRobotsOnBlackSite,numberOfRobotsOnWhiteSite
32646,25,14
timeStep,numberOfRobotsOnBlackSite,numberOfRobotsOnWhiteSite
32647,25,14
timeStep,numberOfRobotsOnBlackSite,numberOfRobotsOnWhiteSite
32648,25,14
timeStep,numberOfRobotsOnBlackSite,numberOfRobotsOnWhiteSite
32649,25,14
timeStep,numberOfRobotsOnBlackSite,numberOfRobotsOnWhiteSite
32650,25,13
timeStep,numberOfRobotsOnBlackSite,numberOfRobotsOnWhiteSite
32651,25,13
timeStep,numberOfRobotsOnBlackSite,numberOfRobotsOnWhiteSite
32652,25,13
timeStep,numberOfRobotsOnBlackSite,numberOfRobotsOnWhiteSite
32653,25,13
timeStep,numberOfRobotsOnBlackSite,numberOfRobotsOnWhiteSite
32654,25,13
timeStep,numberOfRobotsOnBlackSite,numberOfRobotsOnWhiteSite
32655,25,13
timeStep,numberOfRobotsOnBlackSite,numberOfRobotsOnWhiteSite
32656,25,13
timeStep,numberOfRobotsOnBlackSite,numberOfRobotsOnWhiteSite
32657,25,13
timeStep,numberOfRobotsOnBlackSite,numberOfRobotsOnWhiteSite
32658,25,13
timeStep,numberOfRobotsOnBlackSite,numberOfRobotsOnWhiteSite
32659,25,13
timeStep,numberOfRobotsOnBlackSite,numberOfRobotsOnWhiteSite
32660,25,13
timeStep,numberOfRobotsOnBlackSite,numberOfRobotsOnWhiteSite
32661,25,13
timeStep,numberOfRobotsOnBlackSite,numberOfRobotsOnWhiteSite
32662,25,13
timeStep,numberOfRobotsOnBlackSite,numberOfRobotsOnWhiteSite
32663,25,13
timeStep,numberOfRobotsOnBlackSite,numberOfRobotsOnWhiteSite
32664,25,13
timeStep,numberOfRobotsOnBlackSite,numberOfRobotsOnWhiteSite
32665,25,13
timeStep,numberOfRobotsOnBlackSite,numberOfRobotsOnWhiteSite
32666,25,13
timeStep,numberOfRobotsOnBlackSite,numberOfRobotsOnWhiteSite
32667,25,13
timeStep,numberOfRobotsOnBlackSite,numberOfRobotsOnWhiteSite
32668,25,13
timeStep,numberOfRobotsOnBlackSite,numberOfRobotsOnWhiteSite
32669,25,13
timeStep,numberOfRobotsOnBlackSite,numberOfRobotsOnWhiteSite
32670,25,13
timeStep,numberOfRobotsOnBlackSite,numberOfRobotsOnWhiteSite
32671,25,13
timeStep,numberOfRobotsOnBlackSite,numberOfRobotsOnWhiteSite
32672,25,13
timeStep,numberOfRobotsOnBlackSite,numberOfRobotsOnWhiteSite
32673,25,13
timeStep,numberOfRobotsOnBlackSite,numberOfRobotsOnWhiteSite
32674,25,13
timeStep,numberOfRobotsOnBlackSite,numberOfRobotsOnWhiteSite
32675,25,13
timeStep,numberOfRobotsOnBlackSite,numberOfRobotsOnWhiteSite
32676,25,13
timeStep,numberOfRobotsOnBlackSite,numberOfRobotsOnWhiteSite
32677,25,13
timeStep,numberOfRobotsOnBlackSite,numberOfRobotsOnWhiteSite
32678,25,13
timeStep,numberOfRobotsOnBlackSite,numberOfRobotsOnWhiteSite
32679,25,13
timeStep,numberOfRobotsOnBlackSite,numberOfRobotsOnWhiteSite
32680,25,13
timeStep,numberOfRobotsOnBlackSite,numberOfRobotsOnWhiteSite
32681,25,13
timeStep,numberOfRobotsOnBlackSite,numberOfRobotsOnWhiteSite
32682,25,13
timeStep,numberOfRobotsOnBlackSite,numberOfRobotsOnWhiteSite
32683,25,13
timeStep,numberOfRobotsOnBlackSite,numberOfRobotsOnWhiteSite
32684,25,13
timeStep,numberOfRobotsOnBlackSite,numberOfRobotsOnWhiteSite
32685,25,13
timeStep,numberOfRobotsOnBlackSite,numberOfRobotsOnWhiteSite
32686,25,13
timeStep,numberOfRobotsOnBlackSite,numberOfRobotsOnWhiteSite
32687,25,13
timeStep,numberOfRobotsOnBlackSite,numberOfRobotsOnWhiteSite
32688,25,13
timeStep,numberOfRobotsOnBlackSite,numberOfRobotsOnWhiteSite
32689,25,13
timeStep,numberOfRobotsOnBlackSite,numberOfRobotsOnWhiteSite
32690,25,13
timeStep,numberOfRobotsOnBlackSite,numberOfRobotsOnWhiteSite
32691,25,13
timeStep,numberOfRobotsOnBlackSite,numberOfRobotsOnWhiteSite
32692,25,13
timeStep,numberOfRobotsOnBlackSite,numberOfRobotsOnWhiteSite
32693,25,13
timeStep,numberOfRobotsOnBlackSite,numberOfRobotsOnWhiteSite
32694,25,13
timeStep,numberOfRobotsOnBlackSite,numberOfRobotsOnWhiteSite
32695,25,13
timeStep,numberOfRobotsOnBlackSite,numberOfRobotsOnWhiteSite
32696,25,13
timeStep,numberOfRobotsOnBlackSite,numberOfRobotsOnWhiteSite
32697,25,13
timeStep,numberOfRobotsOnBlackSite,numberOfRobotsOnWhiteSite
32698,25,13
timeStep,numberOfRobotsOnBlackSite,numberOfRobotsOnWhiteSite
32699,25,13
timeStep,numberOfRobotsOnBlackSite,numberOfRobotsOnWhiteSite
32700,25,13
timeStep,numberOfRobotsOnBlackSite,numberOfRobotsOnWhiteSite
32701,25,13
timeStep,numberOfRobotsOnBlackSite,numberOfRobotsOnWhiteSite
32702,25,13
timeStep,numberOfRobotsOnBlackSite,numberOfRobotsOnWhiteSite
32703,25,13
timeStep,numberOfRobotsOnBlackSite,numberOfRobotsOnWhiteSite
32704,25,13
timeStep,numberOfRobotsOnBlackSite,numberOfRobotsOnWhiteSite
32705,25,12
timeStep,numberOfRobotsOnBlackSite,numberOfRobotsOnWhiteSite
32706,25,12
timeStep,numberOfRobotsOnBlackSite,numberOfRobotsOnWhiteSite
32707,25,12
timeStep,numberOfRobotsOnBlackSite,numberOfRobotsOnWhiteSite
32708,25,12
timeStep,numberOfRobotsOnBlackSite,numberOfRobotsOnWhiteSite
32709,25,12
timeStep,numberOfRobotsOnBlackSite,numberOfRobotsOnWhiteSite
32710,25,12
timeStep,numberOfRobotsOnBlackSite,numberOfRobotsOnWhiteSite
32711,25,12
timeStep,numberOfRobotsOnBlackSite,numberOfRobotsOnWhiteSite
32712,25,12
timeStep,numberOfRobotsOnBlackSite,numberOfRobotsOnWhiteSite
32713,25,12
timeStep,numberOfRobotsOnBlackSite,numberOfRobotsOnWhiteSite
32714,25,12
timeStep,numberOfRobotsOnBlackSite,numberOfRobotsOnWhiteSite
32715,25,12
timeStep,numberOfRobotsOnBlackSite,numberOfRobotsOnWhiteSite
32716,25,12
timeStep,numberOfRobotsOnBlackSite,numberOfRobotsOnWhiteSite
32717,25,12
timeStep,numberOfRobotsOnBlackSite,numberOfRobotsOnWhiteSite
32718,25,12
timeStep,numberOfRobotsOnBlackSite,numberOfRobotsOnWhiteSite
32719,25,12
timeStep,numberOfRobotsOnBlackSite,numberOfRobotsOnWhiteSite
32720,25,12
timeStep,numberOfRobotsOnBlackSite,numberOfRobotsOnWhiteSite
32721,25,12
timeStep,numberOfRobotsOnBlackSite,numberOfRobotsOnWhiteSite
32722,25,12
timeStep,numberOfRobotsOnBlackSite,numberOfRobotsOnWhiteSite
32723,25,12
timeStep,numberOfRobotsOnBlackSite,numberOfRobotsOnWhiteSite
32724,25,12
timeStep,numberOfRobotsOnBlackSite,numberOfRobotsOnWhiteSite
32725,25,12
timeStep,numberOfRobotsOnBlackSite,numberOfRobotsOnWhiteSite
32726,25,12
timeStep,numberOfRobotsOnBlackSite,numberOfRobotsOnWhiteSite
32727,25,12
timeStep,numberOfRobotsOnBlackSite,numberOfRobotsOnWhiteSite
32728,25,12
timeStep,numberOfRobotsOnBlackSite,numberOfRobotsOnWhiteSite
32729,25,12
timeStep,numberOfRobotsOnBlackSite,numberOfRobotsOnWhiteSite
32730,25,12
timeStep,numberOfRobotsOnBlackSite,numberOfRobotsOnWhiteSite
32731,25,12
timeStep,numberOfRobotsOnBlackSite,numberOfRobotsOnWhiteSite
32732,25,12
timeStep,numberOfRobotsOnBlackSite,numberOfRobotsOnWhiteSite
32733,25,12
timeStep,numberOfRobotsOnBlackSite,numberOfRobotsOnWhiteSite
32734,25,12
timeStep,numberOfRobotsOnBlackSite,numberOfRobotsOnWhiteSite
32735,25,12
timeStep,numberOfRobotsOnBlackSite,numberOfRobotsOnWhiteSite
32736,25,12
timeStep,numberOfRobotsOnBlackSite,numberOfRobotsOnWhiteSite
32737,25,12
timeStep,numberOfRobotsOnBlackSite,numberOfRobotsOnWhiteSite
32738,25,12
timeStep,numberOfRobotsOnBlackSite,numberOfRobotsOnWhiteSite
32739,25,12
timeStep,numberOfRobotsOnBlackSite,numberOfRobotsOnWhiteSite
32740,25,12
timeStep,numberOfRobotsOnBlackSite,numberOfRobotsOnWhiteSite
32741,25,12
timeStep,numberOfRobotsOnBlackSite,numberOfRobotsOnWhiteSite
32742,25,12
timeStep,numberOfRobotsOnBlackSite,numberOfRobotsOnWhiteSite
32743,25,12
timeStep,numberOfRobotsOnBlackSite,numberOfRobotsOnWhiteSite
32744,25,12
timeStep,numberOfRobotsOnBlackSite,numberOfRobotsOnWhiteSite
32745,25,12
timeStep,numberOfRobotsOnBlackSite,numberOfRobotsOnWhiteSite
32746,25,12
timeStep,numberOfRobotsOnBlackSite,numberOfRobotsOnWhiteSite
32747,25,12
timeStep,numberOfRobotsOnBlackSite,numberOfRobotsOnWhiteSite
32748,25,12
timeStep,numberOfRobotsOnBlackSite,numberOfRobotsOnWhiteSite
32749,25,12
timeStep,numberOfRobotsOnBlackSite,numberOfRobotsOnWhiteSite
32750,25,12
timeStep,numberOfRobotsOnBlackSite,numberOfRobotsOnWhiteSite
32751,25,12
timeStep,numberOfRobotsOnBlackSite,numberOfRobotsOnWhiteSite
32752,25,12
timeStep,numberOfRobotsOnBlackSite,numberOfRobotsOnWhiteSite
32753,25,12
timeStep,numberOfRobotsOnBlackSite,numberOfRobotsOnWhiteSite
32754,25,12
timeStep,numberOfRobotsOnBlackSite,numberOfRobotsOnWhiteSite
32755,25,12
timeStep,numberOfRobotsOnBlackSite,numberOfRobotsOnWhiteSite
32756,25,12
timeStep,numberOfRobotsOnBlackSite,numberOfRobotsOnWhiteSite
32757,25,12
timeStep,numberOfRobotsOnBlackSite,numberOfRobotsOnWhiteSite
32758,25,12
timeStep,numberOfRobotsOnBlackSite,numberOfRobotsOnWhiteSite
32759,25,12
timeStep,numberOfRobotsOnBlackSite,numberOfRobotsOnWhiteSite
32760,25,13
timeStep,numberOfRobotsOnBlackSite,numberOfRobotsOnWhiteSite
32761,25,13
timeStep,numberOfRobotsOnBlackSite,numberOfRobotsOnWhiteSite
32762,25,13
timeStep,numberOfRobotsOnBlackSite,numberOfRobotsOnWhiteSite
32763,25,13
timeStep,numberOfRobotsOnBlackSite,numberOfRobotsOnWhiteSite
32764,25,13
timeStep,numberOfRobotsOnBlackSite,numberOfRobotsOnWhiteSite
32765,25,13
timeStep,numberOfRobotsOnBlackSite,numberOfRobotsOnWhiteSite
32766,25,13
timeStep,numberOfRobotsOnBlackSite,numberOfRobotsOnWhiteSite
32767,25,13
timeStep,numberOfRobotsOnBlackSite,numberOfRobotsOnWhiteSite
32768,25,13
timeStep,numberOfRobotsOnBlackSite,numberOfRobotsOnWhiteSite
32769,25,13
timeStep,numberOfRobotsOnBlackSite,numberOfRobotsOnWhiteSite
32770,25,13
timeStep,numberOfRobotsOnBlackSite,numberOfRobotsOnWhiteSite
32771,25,13
timeStep,numberOfRobotsOnBlackSite,numberOfRobotsOnWhiteSite
32772,25,13
timeStep,numberOfRobotsOnBlackSite,numberOfRobotsOnWhiteSite
32773,25,13
timeStep,numberOfRobotsOnBlackSite,numberOfRobotsOnWhiteSite
32774,25,13
timeStep,numberOfRobotsOnBlackSite,numberOfRobotsOnWhiteSite
32775,25,13
timeStep,numberOfRobotsOnBlackSite,numberOfRobotsOnWhiteSite
32776,25,13
timeStep,numberOfRobotsOnBlackSite,numberOfRobotsOnWhiteSite
32777,25,13
timeStep,numberOfRobotsOnBlackSite,numberOfRobotsOnWhiteSite
32778,25,13
timeStep,numberOfRobotsOnBlackSite,numberOfRobotsOnWhiteSite
32779,25,13
timeStep,numberOfRobotsOnBlackSite,numberOfRobotsOnWhiteSite
32780,25,13
timeStep,numberOfRobotsOnBlackSite,numberOfRobotsOnWhiteSite
32781,25,13
timeStep,numberOfRobotsOnBlackSite,numberOfRobotsOnWhiteSite
32782,25,13
timeStep,numberOfRobotsOnBlackSite,numberOfRobotsOnWhiteSite
32783,25,13
timeStep,numberOfRobotsOnBlackSite,numberOfRobotsOnWhiteSite
32784,25,13
timeStep,numberOfRobotsOnBlackSite,numberOfRobotsOnWhiteSite
32785,25,13
timeStep,numberOfRobotsOnBlackSite,numberOfRobotsOnWhiteSite
32786,25,13
timeStep,numberOfRobotsOnBlackSite,numberOfRobotsOnWhiteSite
32787,25,13
timeStep,numberOfRobotsOnBlackSite,numberOfRobotsOnWhiteSite
32788,25,13
timeStep,numberOfRobotsOnBlackSite,numberOfRobotsOnWhiteSite
32789,25,13
timeStep,numberOfRobotsOnBlackSite,numberOfRobotsOnWhiteSite
32790,25,13
timeStep,numberOfRobotsOnBlackSite,numberOfRobotsOnWhiteSite
32791,25,13
timeStep,numberOfRobotsOnBlackSite,numberOfRobotsOnWhiteSite
32792,25,13
timeStep,numberOfRobotsOnBlackSite,numberOfRobotsOnWhiteSite
32793,25,13
timeStep,numberOfRobotsOnBlackSite,numberOfRobotsOnWhiteSite
32794,25,13
timeStep,numberOfRobotsOnBlackSite,numberOfRobotsOnWhiteSite
32795,25,13
timeStep,numberOfRobotsOnBlackSite,numberOfRobotsOnWhiteSite
32796,25,13
timeStep,numberOfRobotsOnBlackSite,numberOfRobotsOnWhiteSite
32797,25,13
timeStep,numberOfRobotsOnBlackSite,numberOfRobotsOnWhiteSite
32798,25,13
timeStep,numberOfRobotsOnBlackSite,numberOfRobotsOnWhiteSite
32799,25,13
timeStep,numberOfRobotsOnBlackSite,numberOfRobotsOnWhiteSite
32800,25,13
timeStep,numberOfRobotsOnBlackSite,numberOfRobotsOnWhiteSite
32801,25,13
timeStep,numberOfRobotsOnBlackSite,numberOfRobotsOnWhiteSite
32802,25,13
timeStep,numberOfRobotsOnBlackSite,numberOfRobotsOnWhiteSite
32803,25,13
timeStep,numberOfRobotsOnBlackSite,numberOfRobotsOnWhiteSite
32804,25,13
timeStep,numberOfRobotsOnBlackSite,numberOfRobotsOnWhiteSite
32805,25,13
timeStep,numberOfRobotsOnBlackSite,numberOfRobotsOnWhiteSite
32806,25,13
timeStep,numberOfRobotsOnBlackSite,numberOfRobotsOnWhiteSite
32807,25,13
timeStep,numberOfRobotsOnBlackSite,numberOfRobotsOnWhiteSite
32808,25,13
timeStep,numberOfRobotsOnBlackSite,numberOfRobotsOnWhiteSite
32809,25,13
timeStep,numberOfRobotsOnBlackSite,numberOfRobotsOnWhiteSite
32810,25,13
timeStep,numberOfRobotsOnBlackSite,numberOfRobotsOnWhiteSite
32811,25,13
timeStep,numberOfRobotsOnBlackSite,numberOfRobotsOnWhiteSite
32812,25,13
timeStep,numberOfRobotsOnBlackSite,numberOfRobotsOnWhiteSite
32813,25,13
timeStep,numberOfRobotsOnBlackSite,numberOfRobotsOnWhiteSite
32814,25,13
timeStep,numberOfRobotsOnBlackSite,numberOfRobotsOnWhiteSite
32815,25,13
timeStep,numberOfRobotsOnBlackSite,numberOfRobotsOnWhiteSite
32816,25,13
timeStep,numberOfRobotsOnBlackSite,numberOfRobotsOnWhiteSite
32817,25,13
timeStep,numberOfRobotsOnBlackSite,numberOfRobotsOnWhiteSite
32818,25,13
timeStep,numberOfRobotsOnBlackSite,numberOfRobotsOnWhiteSite
32819,25,13
timeStep,numberOfRobotsOnBlackSite,numberOfRobotsOnWhiteSite
32820,25,13
timeStep,numberOfRobotsOnBlackSite,numberOfRobotsOnWhiteSite
32821,25,13
timeStep,numberOfRobotsOnBlackSite,numberOfRobotsOnWhiteSite
32822,25,13
timeStep,numberOfRobotsOnBlackSite,numberOfRobotsOnWhiteSite
32823,25,13
timeStep,numberOfRobotsOnBlackSite,numberOfRobotsOnWhiteSite
32824,25,13
timeStep,numberOfRobotsOnBlackSite,numberOfRobotsOnWhiteSite
32825,25,13
timeStep,numberOfRobotsOnBlackSite,numberOfRobotsOnWhiteSite
32826,25,13
timeStep,numberOfRobotsOnBlackSite,numberOfRobotsOnWhiteSite
32827,25,13
timeStep,numberOfRobotsOnBlackSite,numberOfRobotsOnWhiteSite
32828,25,13
timeStep,numberOfRobotsOnBlackSite,numberOfRobotsOnWhiteSite
32829,25,13
timeStep,numberOfRobotsOnBlackSite,numberOfRobotsOnWhiteSite
32830,25,13
timeStep,numberOfRobotsOnBlackSite,numberOfRobotsOnWhiteSite
32831,25,13
timeStep,numberOfRobotsOnBlackSite,numberOfRobotsOnWhiteSite
32832,25,13
timeStep,numberOfRobotsOnBlackSite,numberOfRobotsOnWhiteSite
32833,25,13
timeStep,numberOfRobotsOnBlackSite,numberOfRobotsOnWhiteSite
32834,25,13
timeStep,numberOfRobotsOnBlackSite,numberOfRobotsOnWhiteSite
32835,25,13
timeStep,numberOfRobotsOnBlackSite,numberOfRobotsOnWhiteSite
32836,25,13
timeStep,numberOfRobotsOnBlackSite,numberOfRobotsOnWhiteSite
32837,25,13
timeStep,numberOfRobotsOnBlackSite,numberOfRobotsOnWhiteSite
32838,25,13
timeStep,numberOfRobotsOnBlackSite,numberOfRobotsOnWhiteSite
32839,25,13
timeStep,numberOfRobotsOnBlackSite,numberOfRobotsOnWhiteSite
32840,25,13
timeStep,numberOfRobotsOnBlackSite,numberOfRobotsOnWhiteSite
32841,25,13
timeStep,numberOfRobotsOnBlackSite,numberOfRobotsOnWhiteSite
32842,25,13
timeStep,numberOfRobotsOnBlackSite,numberOfRobotsOnWhiteSite
32843,25,13
timeStep,numberOfRobotsOnBlackSite,numberOfRobotsOnWhiteSite
32844,25,13
timeStep,numberOfRobotsOnBlackSite,numberOfRobotsOnWhiteSite
32845,25,13
timeStep,numberOfRobotsOnBlackSite,numberOfRobotsOnWhiteSite
32846,25,13
timeStep,numberOfRobotsOnBlackSite,numberOfRobotsOnWhiteSite
32847,25,13
timeStep,numberOfRobotsOnBlackSite,numberOfRobotsOnWhiteSite
32848,25,13
timeStep,numberOfRobotsOnBlackSite,numberOfRobotsOnWhiteSite
32849,25,13
timeStep,numberOfRobotsOnBlackSite,numberOfRobotsOnWhiteSite
32850,25,13
timeStep,numberOfRobotsOnBlackSite,numberOfRobotsOnWhiteSite
32851,25,13
timeStep,numberOfRobotsOnBlackSite,numberOfRobotsOnWhiteSite
32852,25,13
timeStep,numberOfRobotsOnBlackSite,numberOfRobotsOnWhiteSite
32853,25,13
timeStep,numberOfRobotsOnBlackSite,numberOfRobotsOnWhiteSite
32854,25,13
timeStep,numberOfRobotsOnBlackSite,numberOfRobotsOnWhiteSite
32855,25,13
timeStep,numberOfRobotsOnBlackSite,numberOfRobotsOnWhiteSite
32856,25,13
timeStep,numberOfRobotsOnBlackSite,numberOfRobotsOnWhiteSite
32857,25,13
timeStep,numberOfRobotsOnBlackSite,numberOfRobotsOnWhiteSite
32858,25,13
timeStep,numberOfRobotsOnBlackSite,numberOfRobotsOnWhiteSite
32859,25,13
timeStep,numberOfRobotsOnBlackSite,numberOfRobotsOnWhiteSite
32860,25,13
timeStep,numberOfRobotsOnBlackSite,numberOfRobotsOnWhiteSite
32861,25,13
timeStep,numberOfRobotsOnBlackSite,numberOfRobotsOnWhiteSite
32862,25,13
timeStep,numberOfRobotsOnBlackSite,numberOfRobotsOnWhiteSite
32863,25,13
timeStep,numberOfRobotsOnBlackSite,numberOfRobotsOnWhiteSite
32864,25,13
timeStep,numberOfRobotsOnBlackSite,numberOfRobotsOnWhiteSite
32865,25,13
timeStep,numberOfRobotsOnBlackSite,numberOfRobotsOnWhiteSite
32866,25,13
timeStep,numberOfRobotsOnBlackSite,numberOfRobotsOnWhiteSite
32867,25,13
timeStep,numberOfRobotsOnBlackSite,numberOfRobotsOnWhiteSite
32868,25,13
timeStep,numberOfRobotsOnBlackSite,numberOfRobotsOnWhiteSite
32869,25,13
timeStep,numberOfRobotsOnBlackSite,numberOfRobotsOnWhiteSite
32870,26,13
timeStep,numberOfRobotsOnBlackSite,numberOfRobotsOnWhiteSite
32871,26,13
timeStep,numberOfRobotsOnBlackSite,numberOfRobotsOnWhiteSite
32872,26,13
timeStep,numberOfRobotsOnBlackSite,numberOfRobotsOnWhiteSite
32873,26,13
timeStep,numberOfRobotsOnBlackSite,numberOfRobotsOnWhiteSite
32874,26,13
timeStep,numberOfRobotsOnBlackSite,numberOfRobotsOnWhiteSite
32875,26,13
timeStep,numberOfRobotsOnBlackSite,numberOfRobotsOnWhiteSite
32876,26,13
timeStep,numberOfRobotsOnBlackSite,numberOfRobotsOnWhiteSite
32877,26,13
timeStep,numberOfRobotsOnBlackSite,numberOfRobotsOnWhiteSite
32878,26,13
timeStep,numberOfRobotsOnBlackSite,numberOfRobotsOnWhiteSite
32879,26,13
timeStep,numberOfRobotsOnBlackSite,numberOfRobotsOnWhiteSite
32880,26,13
timeStep,numberOfRobotsOnBlackSite,numberOfRobotsOnWhiteSite
32881,26,13
timeStep,numberOfRobotsOnBlackSite,numberOfRobotsOnWhiteSite
32882,26,13
timeStep,numberOfRobotsOnBlackSite,numberOfRobotsOnWhiteSite
32883,26,13
timeStep,numberOfRobotsOnBlackSite,numberOfRobotsOnWhiteSite
32884,26,13
timeStep,numberOfRobotsOnBlackSite,numberOfRobotsOnWhiteSite
32885,26,13
timeStep,numberOfRobotsOnBlackSite,numberOfRobotsOnWhiteSite
32886,26,13
timeStep,numberOfRobotsOnBlackSite,numberOfRobotsOnWhiteSite
32887,26,13
timeStep,numberOfRobotsOnBlackSite,numberOfRobotsOnWhiteSite
32888,26,13
timeStep,numberOfRobotsOnBlackSite,numberOfRobotsOnWhiteSite
32889,26,13
timeStep,numberOfRobotsOnBlackSite,numberOfRobotsOnWhiteSite
32890,26,13
timeStep,numberOfRobotsOnBlackSite,numberOfRobotsOnWhiteSite
32891,26,13
timeStep,numberOfRobotsOnBlackSite,numberOfRobotsOnWhiteSite
32892,26,13
timeStep,numberOfRobotsOnBlackSite,numberOfRobotsOnWhiteSite
32893,26,13
timeStep,numberOfRobotsOnBlackSite,numberOfRobotsOnWhiteSite
32894,26,13
timeStep,numberOfRobotsOnBlackSite,numberOfRobotsOnWhiteSite
32895,26,13
timeStep,numberOfRobotsOnBlackSite,numberOfRobotsOnWhiteSite
32896,26,13
timeStep,numberOfRobotsOnBlackSite,numberOfRobotsOnWhiteSite
32897,26,13
timeStep,numberOfRobotsOnBlackSite,numberOfRobotsOnWhiteSite
32898,26,13
timeStep,numberOfRobotsOnBlackSite,numberOfRobotsOnWhiteSite
32899,26,13
timeStep,numberOfRobotsOnBlackSite,numberOfRobotsOnWhiteSite
32900,26,13
timeStep,numberOfRobotsOnBlackSite,numberOfRobotsOnWhiteSite
32901,26,13
timeStep,numberOfRobotsOnBlackSite,numberOfRobotsOnWhiteSite
32902,26,13
timeStep,numberOfRobotsOnBlackSite,numberOfRobotsOnWhiteSite
32903,26,13
timeStep,numberOfRobotsOnBlackSite,numberOfRobotsOnWhiteSite
32904,26,13
timeStep,numberOfRobotsOnBlackSite,numberOfRobotsOnWhiteSite
32905,27,13
timeStep,numberOfRobotsOnBlackSite,numberOfRobotsOnWhiteSite
32906,27,13
timeStep,numberOfRobotsOnBlackSite,numberOfRobotsOnWhiteSite
32907,27,13
timeStep,numberOfRobotsOnBlackSite,numberOfRobotsOnWhiteSite
32908,27,13
timeStep,numberOfRobotsOnBlackSite,numberOfRobotsOnWhiteSite
32909,27,13
timeStep,numberOfRobotsOnBlackSite,numberOfRobotsOnWhiteSite
32910,27,13
timeStep,numberOfRobotsOnBlackSite,numberOfRobotsOnWhiteSite
32911,27,13
timeStep,numberOfRobotsOnBlackSite,numberOfRobotsOnWhiteSite
32912,27,13
timeStep,numberOfRobotsOnBlackSite,numberOfRobotsOnWhiteSite
32913,27,13
timeStep,numberOfRobotsOnBlackSite,numberOfRobotsOnWhiteSite
32914,27,13
timeStep,numberOfRobotsOnBlackSite,numberOfRobotsOnWhiteSite
32915,27,13
timeStep,numberOfRobotsOnBlackSite,numberOfRobotsOnWhiteSite
32916,27,13
timeStep,numberOfRobotsOnBlackSite,numberOfRobotsOnWhiteSite
32917,27,13
timeStep,numberOfRobotsOnBlackSite,numberOfRobotsOnWhiteSite
32918,27,13
timeStep,numberOfRobotsOnBlackSite,numberOfRobotsOnWhiteSite
32919,27,13
timeStep,numberOfRobotsOnBlackSite,numberOfRobotsOnWhiteSite
32920,27,13
timeStep,numberOfRobotsOnBlackSite,numberOfRobotsOnWhiteSite
32921,27,13
timeStep,numberOfRobotsOnBlackSite,numberOfRobotsOnWhiteSite
32922,27,13
timeStep,numberOfRobotsOnBlackSite,numberOfRobotsOnWhiteSite
32923,27,13
timeStep,numberOfRobotsOnBlackSite,numberOfRobotsOnWhiteSite
32924,27,13
timeStep,numberOfRobotsOnBlackSite,numberOfRobotsOnWhiteSite
32925,27,13
timeStep,numberOfRobotsOnBlackSite,numberOfRobotsOnWhiteSite
32926,27,13
timeStep,numberOfRobotsOnBlackSite,numberOfRobotsOnWhiteSite
32927,27,13
timeStep,numberOfRobotsOnBlackSite,numberOfRobotsOnWhiteSite
32928,27,13
timeStep,numberOfRobotsOnBlackSite,numberOfRobotsOnWhiteSite
32929,27,13
timeStep,numberOfRobotsOnBlackSite,numberOfRobotsOnWhiteSite
32930,27,13
timeStep,numberOfRobotsOnBlackSite,numberOfRobotsOnWhiteSite
32931,27,13
timeStep,numberOfRobotsOnBlackSite,numberOfRobotsOnWhiteSite
32932,27,13
timeStep,numberOfRobotsOnBlackSite,numberOfRobotsOnWhiteSite
32933,27,13
timeStep,numberOfRobotsOnBlackSite,numberOfRobotsOnWhiteSite
32934,27,13
timeStep,numberOfRobotsOnBlackSite,numberOfRobotsOnWhiteSite
32935,27,13
timeStep,numberOfRobotsOnBlackSite,numberOfRobotsOnWhiteSite
32936,27,13
timeStep,numberOfRobotsOnBlackSite,numberOfRobotsOnWhiteSite
32937,27,13
timeStep,numberOfRobotsOnBlackSite,numberOfRobotsOnWhiteSite
32938,27,13
timeStep,numberOfRobotsOnBlackSite,numberOfRobotsOnWhiteSite
32939,27,13
timeStep,numberOfRobotsOnBlackSite,numberOfRobotsOnWhiteSite
32940,27,13
timeStep,numberOfRobotsOnBlackSite,numberOfRobotsOnWhiteSite
32941,27,13
timeStep,numberOfRobotsOnBlackSite,numberOfRobotsOnWhiteSite
32942,27,13
timeStep,numberOfRobotsOnBlackSite,numberOfRobotsOnWhiteSite
32943,27,13
timeStep,numberOfRobotsOnBlackSite,numberOfRobotsOnWhiteSite
32944,27,13
timeStep,numberOfRobotsOnBlackSite,numberOfRobotsOnWhiteSite
32945,27,13
timeStep,numberOfRobotsOnBlackSite,numberOfRobotsOnWhiteSite
32946,27,13
timeStep,numberOfRobotsOnBlackSite,numberOfRobotsOnWhiteSite
32947,27,13
timeStep,numberOfRobotsOnBlackSite,numberOfRobotsOnWhiteSite
32948,27,13
timeStep,numberOfRobotsOnBlackSite,numberOfRobotsOnWhiteSite
32949,27,13
timeStep,numberOfRobotsOnBlackSite,numberOfRobotsOnWhiteSite
32950,27,13
timeStep,numberOfRobotsOnBlackSite,numberOfRobotsOnWhiteSite
32951,27,13
timeStep,numberOfRobotsOnBlackSite,numberOfRobotsOnWhiteSite
32952,27,13
timeStep,numberOfRobotsOnBlackSite,numberOfRobotsOnWhiteSite
32953,27,13
timeStep,numberOfRobotsOnBlackSite,numberOfRobotsOnWhiteSite
32954,27,13
timeStep,numberOfRobotsOnBlackSite,numberOfRobotsOnWhiteSite
32955,27,13
timeStep,numberOfRobotsOnBlackSite,numberOfRobotsOnWhiteSite
32956,27,13
timeStep,numberOfRobotsOnBlackSite,numberOfRobotsOnWhiteSite
32957,27,13
timeStep,numberOfRobotsOnBlackSite,numberOfRobotsOnWhiteSite
32958,27,13
timeStep,numberOfRobotsOnBlackSite,numberOfRobotsOnWhiteSite
32959,27,13
timeStep,numberOfRobotsOnBlackSite,numberOfRobotsOnWhiteSite
32960,27,13
timeStep,numberOfRobotsOnBlackSite,numberOfRobotsOnWhiteSite
32961,27,13
timeStep,numberOfRobotsOnBlackSite,numberOfRobotsOnWhiteSite
32962,27,13
timeStep,numberOfRobotsOnBlackSite,numberOfRobotsOnWhiteSite
32963,27,13
timeStep,numberOfRobotsOnBlackSite,numberOfRobotsOnWhiteSite
32964,27,13
timeStep,numberOfRobotsOnBlackSite,numberOfRobotsOnWhiteSite
32965,27,13
timeStep,numberOfRobotsOnBlackSite,numberOfRobotsOnWhiteSite
32966,27,13
timeStep,numberOfRobotsOnBlackSite,numberOfRobotsOnWhiteSite
32967,27,13
timeStep,numberOfRobotsOnBlackSite,numberOfRobotsOnWhiteSite
32968,27,13
timeStep,numberOfRobotsOnBlackSite,numberOfRobotsOnWhiteSite
32969,27,13
timeStep,numberOfRobotsOnBlackSite,numberOfRobotsOnWhiteSite
32970,27,13
timeStep,numberOfRobotsOnBlackSite,numberOfRobotsOnWhiteSite
32971,27,13
timeStep,numberOfRobotsOnBlackSite,numberOfRobotsOnWhiteSite
32972,27,13
timeStep,numberOfRobotsOnBlackSite,numberOfRobotsOnWhiteSite
32973,27,13
timeStep,numberOfRobotsOnBlackSite,numberOfRobotsOnWhiteSite
32974,27,13
timeStep,numberOfRobotsOnBlackSite,numberOfRobotsOnWhiteSite
32975,27,13
timeStep,numberOfRobotsOnBlackSite,numberOfRobotsOnWhiteSite
32976,27,13
timeStep,numberOfRobotsOnBlackSite,numberOfRobotsOnWhiteSite
32977,27,13
timeStep,numberOfRobotsOnBlackSite,numberOfRobotsOnWhiteSite
32978,27,13
timeStep,numberOfRobotsOnBlackSite,numberOfRobotsOnWhiteSite
32979,27,13
timeStep,numberOfRobotsOnBlackSite,numberOfRobotsOnWhiteSite
32980,27,13
timeStep,numberOfRobotsOnBlackSite,numberOfRobotsOnWhiteSite
32981,27,13
timeStep,numberOfRobotsOnBlackSite,numberOfRobotsOnWhiteSite
32982,27,13
timeStep,numberOfRobotsOnBlackSite,numberOfRobotsOnWhiteSite
32983,27,13
timeStep,numberOfRobotsOnBlackSite,numberOfRobotsOnWhiteSite
32984,27,13
timeStep,numberOfRobotsOnBlackSite,numberOfRobotsOnWhiteSite
32985,27,15
timeStep,numberOfRobotsOnBlackSite,numberOfRobotsOnWhiteSite
32986,27,15
timeStep,numberOfRobotsOnBlackSite,numberOfRobotsOnWhiteSite
32987,27,15
timeStep,numberOfRobotsOnBlackSite,numberOfRobotsOnWhiteSite
32988,27,15
timeStep,numberOfRobotsOnBlackSite,numberOfRobotsOnWhiteSite
32989,27,15
timeStep,numberOfRobotsOnBlackSite,numberOfRobotsOnWhiteSite
32990,27,15
timeStep,numberOfRobotsOnBlackSite,numberOfRobotsOnWhiteSite
32991,27,15
timeStep,numberOfRobotsOnBlackSite,numberOfRobotsOnWhiteSite
32992,27,15
timeStep,numberOfRobotsOnBlackSite,numberOfRobotsOnWhiteSite
32993,27,15
timeStep,numberOfRobotsOnBlackSite,numberOfRobotsOnWhiteSite
32994,27,15
timeStep,numberOfRobotsOnBlackSite,numberOfRobotsOnWhiteSite
32995,27,15
timeStep,numberOfRobotsOnBlackSite,numberOfRobotsOnWhiteSite
32996,27,15
timeStep,numberOfRobotsOnBlackSite,numberOfRobotsOnWhiteSite
32997,27,15
timeStep,numberOfRobotsOnBlackSite,numberOfRobotsOnWhiteSite
32998,27,15
timeStep,numberOfRobotsOnBlackSite,numberOfRobotsOnWhiteSite
32999,27,15
timeStep,numberOfRobotsOnBlackSite,numberOfRobotsOnWhiteSite
33000,27,15
timeStep,numberOfRobotsOnBlackSite,numberOfRobotsOnWhiteSite
33001,27,15
timeStep,numberOfRobotsOnBlackSite,numberOfRobotsOnWhiteSite
33002,27,15
timeStep,numberOfRobotsOnBlackSite,numberOfRobotsOnWhiteSite
33003,27,15
timeStep,numberOfRobotsOnBlackSite,numberOfRobotsOnWhiteSite
33004,27,15
timeStep,numberOfRobotsOnBlackSite,numberOfRobotsOnWhiteSite
33005,27,15
timeStep,numberOfRobotsOnBlackSite,numberOfRobotsOnWhiteSite
33006,27,15
timeStep,numberOfRobotsOnBlackSite,numberOfRobotsOnWhiteSite
33007,27,15
timeStep,numberOfRobotsOnBlackSite,numberOfRobotsOnWhiteSite
33008,27,15
timeStep,numberOfRobotsOnBlackSite,numberOfRobotsOnWhiteSite
33009,27,15
timeStep,numberOfRobotsOnBlackSite,numberOfRobotsOnWhiteSite
33010,27,15
timeStep,numberOfRobotsOnBlackSite,numberOfRobotsOnWhiteSite
33011,27,15
timeStep,numberOfRobotsOnBlackSite,numberOfRobotsOnWhiteSite
33012,27,15
timeStep,numberOfRobotsOnBlackSite,numberOfRobotsOnWhiteSite
33013,27,15
timeStep,numberOfRobotsOnBlackSite,numberOfRobotsOnWhiteSite
33014,27,15
timeStep,numberOfRobotsOnBlackSite,numberOfRobotsOnWhiteSite
33015,27,15
timeStep,numberOfRobotsOnBlackSite,numberOfRobotsOnWhiteSite
33016,27,15
timeStep,numberOfRobotsOnBlackSite,numberOfRobotsOnWhiteSite
33017,27,15
timeStep,numberOfRobotsOnBlackSite,numberOfRobotsOnWhiteSite
33018,27,15
timeStep,numberOfRobotsOnBlackSite,numberOfRobotsOnWhiteSite
33019,27,15
timeStep,numberOfRobotsOnBlackSite,numberOfRobotsOnWhiteSite
33020,27,15
timeStep,numberOfRobotsOnBlackSite,numberOfRobotsOnWhiteSite
33021,27,15
timeStep,numberOfRobotsOnBlackSite,numberOfRobotsOnWhiteSite
33022,27,15
timeStep,numberOfRobotsOnBlackSite,numberOfRobotsOnWhiteSite
33023,27,15
timeStep,numberOfRobotsOnBlackSite,numberOfRobotsOnWhiteSite
33024,27,15
timeStep,numberOfRobotsOnBlackSite,numberOfRobotsOnWhiteSite
33025,27,15
timeStep,numberOfRobotsOnBlackSite,numberOfRobotsOnWhiteSite
33026,27,15
timeStep,numberOfRobotsOnBlackSite,numberOfRobotsOnWhiteSite
33027,27,15
timeStep,numberOfRobotsOnBlackSite,numberOfRobotsOnWhiteSite
33028,27,15
timeStep,numberOfRobotsOnBlackSite,numberOfRobotsOnWhiteSite
33029,27,15
timeStep,numberOfRobotsOnBlackSite,numberOfRobotsOnWhiteSite
33030,27,15
timeStep,numberOfRobotsOnBlackSite,numberOfRobotsOnWhiteSite
33031,27,15
timeStep,numberOfRobotsOnBlackSite,numberOfRobotsOnWhiteSite
33032,27,15
timeStep,numberOfRobotsOnBlackSite,numberOfRobotsOnWhiteSite
33033,27,15
timeStep,numberOfRobotsOnBlackSite,numberOfRobotsOnWhiteSite
33034,27,15
timeStep,numberOfRobotsOnBlackSite,numberOfRobotsOnWhiteSite
33035,27,15
timeStep,numberOfRobotsOnBlackSite,numberOfRobotsOnWhiteSite
33036,27,15
timeStep,numberOfRobotsOnBlackSite,numberOfRobotsOnWhiteSite
33037,27,15
timeStep,numberOfRobotsOnBlackSite,numberOfRobotsOnWhiteSite
33038,27,15
timeStep,numberOfRobotsOnBlackSite,numberOfRobotsOnWhiteSite
33039,27,15
timeStep,numberOfRobotsOnBlackSite,numberOfRobotsOnWhiteSite
33040,27,15
timeStep,numberOfRobotsOnBlackSite,numberOfRobotsOnWhiteSite
33041,27,15
timeStep,numberOfRobotsOnBlackSite,numberOfRobotsOnWhiteSite
33042,27,15
timeStep,numberOfRobotsOnBlackSite,numberOfRobotsOnWhiteSite
33043,27,15
timeStep,numberOfRobotsOnBlackSite,numberOfRobotsOnWhiteSite
33044,27,15
timeStep,numberOfRobotsOnBlackSite,numberOfRobotsOnWhiteSite
33045,27,15
timeStep,numberOfRobotsOnBlackSite,numberOfRobotsOnWhiteSite
33046,27,15
timeStep,numberOfRobotsOnBlackSite,numberOfRobotsOnWhiteSite
33047,27,15
timeStep,numberOfRobotsOnBlackSite,numberOfRobotsOnWhiteSite
33048,27,15
timeStep,numberOfRobotsOnBlackSite,numberOfRobotsOnWhiteSite
33049,27,15
timeStep,numberOfRobotsOnBlackSite,numberOfRobotsOnWhiteSite
33050,27,15
timeStep,numberOfRobotsOnBlackSite,numberOfRobotsOnWhiteSite
33051,27,15
timeStep,numberOfRobotsOnBlackSite,numberOfRobotsOnWhiteSite
33052,27,15
timeStep,numberOfRobotsOnBlackSite,numberOfRobotsOnWhiteSite
33053,27,15
timeStep,numberOfRobotsOnBlackSite,numberOfRobotsOnWhiteSite
33054,27,15
timeStep,numberOfRobotsOnBlackSite,numberOfRobotsOnWhiteSite
33055,27,15
timeStep,numberOfRobotsOnBlackSite,numberOfRobotsOnWhiteSite
33056,27,15
timeStep,numberOfRobotsOnBlackSite,numberOfRobotsOnWhiteSite
33057,27,15
timeStep,numberOfRobotsOnBlackSite,numberOfRobotsOnWhiteSite
33058,27,15
timeStep,numberOfRobotsOnBlackSite,numberOfRobotsOnWhiteSite
33059,27,15
timeStep,numberOfRobotsOnBlackSite,numberOfRobotsOnWhiteSite
33060,27,15
timeStep,numberOfRobotsOnBlackSite,numberOfRobotsOnWhiteSite
33061,27,15
timeStep,numberOfRobotsOnBlackSite,numberOfRobotsOnWhiteSite
33062,27,15
timeStep,numberOfRobotsOnBlackSite,numberOfRobotsOnWhiteSite
33063,27,15
timeStep,numberOfRobotsOnBlackSite,numberOfRobotsOnWhiteSite
33064,27,15
timeStep,numberOfRobotsOnBlackSite,numberOfRobotsOnWhiteSite
33065,27,15
timeStep,numberOfRobotsOnBlackSite,numberOfRobotsOnWhiteSite
33066,27,15
timeStep,numberOfRobotsOnBlackSite,numberOfRobotsOnWhiteSite
33067,27,15
timeStep,numberOfRobotsOnBlackSite,numberOfRobotsOnWhiteSite
33068,27,15
timeStep,numberOfRobotsOnBlackSite,numberOfRobotsOnWhiteSite
33069,27,15
timeStep,numberOfRobotsOnBlackSite,numberOfRobotsOnWhiteSite
33070,27,16
timeStep,numberOfRobotsOnBlackSite,numberOfRobotsOnWhiteSite
33071,27,16
timeStep,numberOfRobotsOnBlackSite,numberOfRobotsOnWhiteSite
33072,27,16
timeStep,numberOfRobotsOnBlackSite,numberOfRobotsOnWhiteSite
33073,27,16
timeStep,numberOfRobotsOnBlackSite,numberOfRobotsOnWhiteSite
33074,27,16
timeStep,numberOfRobotsOnBlackSite,numberOfRobotsOnWhiteSite
33075,27,16
timeStep,numberOfRobotsOnBlackSite,numberOfRobotsOnWhiteSite
33076,27,16
timeStep,numberOfRobotsOnBlackSite,numberOfRobotsOnWhiteSite
33077,27,16
timeStep,numberOfRobotsOnBlackSite,numberOfRobotsOnWhiteSite
33078,27,16
timeStep,numberOfRobotsOnBlackSite,numberOfRobotsOnWhiteSite
33079,27,16
timeStep,numberOfRobotsOnBlackSite,numberOfRobotsOnWhiteSite
33080,27,16
timeStep,numberOfRobotsOnBlackSite,numberOfRobotsOnWhiteSite
33081,27,16
timeStep,numberOfRobotsOnBlackSite,numberOfRobotsOnWhiteSite
33082,27,16
timeStep,numberOfRobotsOnBlackSite,numberOfRobotsOnWhiteSite
33083,27,16
timeStep,numberOfRobotsOnBlackSite,numberOfRobotsOnWhiteSite
33084,27,16
timeStep,numberOfRobotsOnBlackSite,numberOfRobotsOnWhiteSite
33085,27,16
timeStep,numberOfRobotsOnBlackSite,numberOfRobotsOnWhiteSite
33086,27,16
timeStep,numberOfRobotsOnBlackSite,numberOfRobotsOnWhiteSite
33087,27,16
timeStep,numberOfRobotsOnBlackSite,numberOfRobotsOnWhiteSite
33088,27,16
timeStep,numberOfRobotsOnBlackSite,numberOfRobotsOnWhiteSite
33089,27,16
timeStep,numberOfRobotsOnBlackSite,numberOfRobotsOnWhiteSite
33090,27,16
timeStep,numberOfRobotsOnBlackSite,numberOfRobotsOnWhiteSite
33091,27,16
timeStep,numberOfRobotsOnBlackSite,numberOfRobotsOnWhiteSite
33092,27,16
timeStep,numberOfRobotsOnBlackSite,numberOfRobotsOnWhiteSite
33093,27,16
timeStep,numberOfRobotsOnBlackSite,numberOfRobotsOnWhiteSite
33094,27,16
timeStep,numberOfRobotsOnBlackSite,numberOfRobotsOnWhiteSite
33095,27,16
timeStep,numberOfRobotsOnBlackSite,numberOfRobotsOnWhiteSite
33096,27,16
timeStep,numberOfRobotsOnBlackSite,numberOfRobotsOnWhiteSite
33097,27,16
timeStep,numberOfRobotsOnBlackSite,numberOfRobotsOnWhiteSite
33098,27,16
timeStep,numberOfRobotsOnBlackSite,numberOfRobotsOnWhiteSite
33099,27,16
timeStep,numberOfRobotsOnBlackSite,numberOfRobotsOnWhiteSite
33100,27,16
timeStep,numberOfRobotsOnBlackSite,numberOfRobotsOnWhiteSite
33101,27,16
timeStep,numberOfRobotsOnBlackSite,numberOfRobotsOnWhiteSite
33102,27,16
timeStep,numberOfRobotsOnBlackSite,numberOfRobotsOnWhiteSite
33103,27,16
timeStep,numberOfRobotsOnBlackSite,numberOfRobotsOnWhiteSite
33104,27,16
timeStep,numberOfRobotsOnBlackSite,numberOfRobotsOnWhiteSite
33105,27,16
timeStep,numberOfRobotsOnBlackSite,numberOfRobotsOnWhiteSite
33106,27,16
timeStep,numberOfRobotsOnBlackSite,numberOfRobotsOnWhiteSite
33107,27,16
timeStep,numberOfRobotsOnBlackSite,numberOfRobotsOnWhiteSite
33108,27,16
timeStep,numberOfRobotsOnBlackSite,numberOfRobotsOnWhiteSite
33109,27,16
timeStep,numberOfRobotsOnBlackSite,numberOfRobotsOnWhiteSite
33110,27,16
timeStep,numberOfRobotsOnBlackSite,numberOfRobotsOnWhiteSite
33111,27,16
timeStep,numberOfRobotsOnBlackSite,numberOfRobotsOnWhiteSite
33112,27,16
timeStep,numberOfRobotsOnBlackSite,numberOfRobotsOnWhiteSite
33113,27,16
timeStep,numberOfRobotsOnBlackSite,numberOfRobotsOnWhiteSite
33114,27,16
timeStep,numberOfRobotsOnBlackSite,numberOfRobotsOnWhiteSite
33115,27,16
timeStep,numberOfRobotsOnBlackSite,numberOfRobotsOnWhiteSite
33116,27,16
timeStep,numberOfRobotsOnBlackSite,numberOfRobotsOnWhiteSite
33117,27,16
timeStep,numberOfRobotsOnBlackSite,numberOfRobotsOnWhiteSite
33118,27,16
timeStep,numberOfRobotsOnBlackSite,numberOfRobotsOnWhiteSite
33119,27,16
timeStep,numberOfRobotsOnBlackSite,numberOfRobotsOnWhiteSite
33120,27,16
timeStep,numberOfRobotsOnBlackSite,numberOfRobotsOnWhiteSite
33121,27,16
timeStep,numberOfRobotsOnBlackSite,numberOfRobotsOnWhiteSite
33122,27,16
timeStep,numberOfRobotsOnBlackSite,numberOfRobotsOnWhiteSite
33123,27,16
timeStep,numberOfRobotsOnBlackSite,numberOfRobotsOnWhiteSite
33124,27,16
timeStep,numberOfRobotsOnBlackSite,numberOfRobotsOnWhiteSite
33125,27,16
timeStep,numberOfRobotsOnBlackSite,numberOfRobotsOnWhiteSite
33126,27,16
timeStep,numberOfRobotsOnBlackSite,numberOfRobotsOnWhiteSite
33127,27,16
timeStep,numberOfRobotsOnBlackSite,numberOfRobotsOnWhiteSite
33128,27,16
timeStep,numberOfRobotsOnBlackSite,numberOfRobotsOnWhiteSite
33129,27,16
timeStep,numberOfRobotsOnBlackSite,numberOfRobotsOnWhiteSite
33130,27,16
timeStep,numberOfRobotsOnBlackSite,numberOfRobotsOnWhiteSite
33131,27,16
timeStep,numberOfRobotsOnBlackSite,numberOfRobotsOnWhiteSite
33132,27,16
timeStep,numberOfRobotsOnBlackSite,numberOfRobotsOnWhiteSite
33133,27,16
timeStep,numberOfRobotsOnBlackSite,numberOfRobotsOnWhiteSite
33134,27,16
timeStep,numberOfRobotsOnBlackSite,numberOfRobotsOnWhiteSite
33135,27,16
timeStep,numberOfRobotsOnBlackSite,numberOfRobotsOnWhiteSite
33136,27,16
timeStep,numberOfRobotsOnBlackSite,numberOfRobotsOnWhiteSite
33137,27,16
timeStep,numberOfRobotsOnBlackSite,numberOfRobotsOnWhiteSite
33138,27,16
timeStep,numberOfRobotsOnBlackSite,numberOfRobotsOnWhiteSite
33139,27,16
timeStep,numberOfRobotsOnBlackSite,numberOfRobotsOnWhiteSite
33140,27,16
timeStep,numberOfRobotsOnBlackSite,numberOfRobotsOnWhiteSite
33141,27,16
timeStep,numberOfRobotsOnBlackSite,numberOfRobotsOnWhiteSite
33142,27,16
timeStep,numberOfRobotsOnBlackSite,numberOfRobotsOnWhiteSite
33143,27,16
timeStep,numberOfRobotsOnBlackSite,numberOfRobotsOnWhiteSite
33144,27,16
timeStep,numberOfRobotsOnBlackSite,numberOfRobotsOnWhiteSite
33145,27,16
timeStep,numberOfRobotsOnBlackSite,numberOfRobotsOnWhiteSite
33146,27,16
timeStep,numberOfRobotsOnBlackSite,numberOfRobotsOnWhiteSite
33147,27,16
timeStep,numberOfRobotsOnBlackSite,numberOfRobotsOnWhiteSite
33148,27,16
timeStep,numberOfRobotsOnBlackSite,numberOfRobotsOnWhiteSite
33149,27,16
timeStep,numberOfRobotsOnBlackSite,numberOfRobotsOnWhiteSite
33150,27,16
timeStep,numberOfRobotsOnBlackSite,numberOfRobotsOnWhiteSite
33151,27,16
timeStep,numberOfRobotsOnBlackSite,numberOfRobotsOnWhiteSite
33152,27,16
timeStep,numberOfRobotsOnBlackSite,numberOfRobotsOnWhiteSite
33153,27,16
timeStep,numberOfRobotsOnBlackSite,numberOfRobotsOnWhiteSite
33154,27,16
timeStep,numberOfRobotsOnBlackSite,numberOfRobotsOnWhiteSite
33155,27,16
timeStep,numberOfRobotsOnBlackSite,numberOfRobotsOnWhiteSite
33156,27,16
timeStep,numberOfRobotsOnBlackSite,numberOfRobotsOnWhiteSite
33157,27,16
timeStep,numberOfRobotsOnBlackSite,numberOfRobotsOnWhiteSite
33158,27,16
timeStep,numberOfRobotsOnBlackSite,numberOfRobotsOnWhiteSite
33159,27,16
timeStep,numberOfRobotsOnBlackSite,numberOfRobotsOnWhiteSite
33160,27,16
timeStep,numberOfRobotsOnBlackSite,numberOfRobotsOnWhiteSite
33161,27,16
timeStep,numberOfRobotsOnBlackSite,numberOfRobotsOnWhiteSite
33162,27,16
timeStep,numberOfRobotsOnBlackSite,numberOfRobotsOnWhiteSite
33163,27,16
timeStep,numberOfRobotsOnBlackSite,numberOfRobotsOnWhiteSite
33164,27,16
timeStep,numberOfRobotsOnBlackSite,numberOfRobotsOnWhiteSite
33165,27,16
timeStep,numberOfRobotsOnBlackSite,numberOfRobotsOnWhiteSite
33166,27,16
timeStep,numberOfRobotsOnBlackSite,numberOfRobotsOnWhiteSite
33167,27,16
timeStep,numberOfRobotsOnBlackSite,numberOfRobotsOnWhiteSite
33168,27,16
timeStep,numberOfRobotsOnBlackSite,numberOfRobotsOnWhiteSite
33169,27,16
timeStep,numberOfRobotsOnBlackSite,numberOfRobotsOnWhiteSite
33170,27,16
timeStep,numberOfRobotsOnBlackSite,numberOfRobotsOnWhiteSite
33171,27,16
timeStep,numberOfRobotsOnBlackSite,numberOfRobotsOnWhiteSite
33172,27,16
timeStep,numberOfRobotsOnBlackSite,numberOfRobotsOnWhiteSite
33173,27,16
timeStep,numberOfRobotsOnBlackSite,numberOfRobotsOnWhiteSite
33174,27,16
timeStep,numberOfRobotsOnBlackSite,numberOfRobotsOnWhiteSite
33175,27,16
timeStep,numberOfRobotsOnBlackSite,numberOfRobotsOnWhiteSite
33176,27,16
timeStep,numberOfRobotsOnBlackSite,numberOfRobotsOnWhiteSite
33177,27,16
timeStep,numberOfRobotsOnBlackSite,numberOfRobotsOnWhiteSite
33178,27,16
timeStep,numberOfRobotsOnBlackSite,numberOfRobotsOnWhiteSite
33179,27,16
timeStep,numberOfRobotsOnBlackSite,numberOfRobotsOnWhiteSite
33180,27,16
timeStep,numberOfRobotsOnBlackSite,numberOfRobotsOnWhiteSite
33181,27,16
timeStep,numberOfRobotsOnBlackSite,numberOfRobotsOnWhiteSite
33182,27,16
timeStep,numberOfRobotsOnBlackSite,numberOfRobotsOnWhiteSite
33183,27,16
timeStep,numberOfRobotsOnBlackSite,numberOfRobotsOnWhiteSite
33184,27,16
timeStep,numberOfRobotsOnBlackSite,numberOfRobotsOnWhiteSite
33185,27,16
timeStep,numberOfRobotsOnBlackSite,numberOfRobotsOnWhiteSite
33186,27,16
timeStep,numberOfRobotsOnBlackSite,numberOfRobotsOnWhiteSite
33187,27,16
timeStep,numberOfRobotsOnBlackSite,numberOfRobotsOnWhiteSite
33188,27,16
timeStep,numberOfRobotsOnBlackSite,numberOfRobotsOnWhiteSite
33189,27,16
timeStep,numberOfRobotsOnBlackSite,numberOfRobotsOnWhiteSite
33190,27,17
timeStep,numberOfRobotsOnBlackSite,numberOfRobotsOnWhiteSite
33191,27,17
timeStep,numberOfRobotsOnBlackSite,numberOfRobotsOnWhiteSite
33192,27,17
timeStep,numberOfRobotsOnBlackSite,numberOfRobotsOnWhiteSite
33193,27,17
timeStep,numberOfRobotsOnBlackSite,numberOfRobotsOnWhiteSite
33194,27,17
timeStep,numberOfRobotsOnBlackSite,numberOfRobotsOnWhiteSite
33195,27,17
timeStep,numberOfRobotsOnBlackSite,numberOfRobotsOnWhiteSite
33196,27,17
timeStep,numberOfRobotsOnBlackSite,numberOfRobotsOnWhiteSite
33197,27,17
timeStep,numberOfRobotsOnBlackSite,numberOfRobotsOnWhiteSite
33198,27,17
timeStep,numberOfRobotsOnBlackSite,numberOfRobotsOnWhiteSite
33199,27,17
timeStep,numberOfRobotsOnBlackSite,numberOfRobotsOnWhiteSite
33200,27,17
timeStep,numberOfRobotsOnBlackSite,numberOfRobotsOnWhiteSite
33201,27,17
timeStep,numberOfRobotsOnBlackSite,numberOfRobotsOnWhiteSite
33202,27,17
timeStep,numberOfRobotsOnBlackSite,numberOfRobotsOnWhiteSite
33203,27,17
timeStep,numberOfRobotsOnBlackSite,numberOfRobotsOnWhiteSite
33204,27,17
timeStep,numberOfRobotsOnBlackSite,numberOfRobotsOnWhiteSite
33205,27,17
timeStep,numberOfRobotsOnBlackSite,numberOfRobotsOnWhiteSite
33206,27,17
timeStep,numberOfRobotsOnBlackSite,numberOfRobotsOnWhiteSite
33207,27,17
timeStep,numberOfRobotsOnBlackSite,numberOfRobotsOnWhiteSite
33208,27,17
timeStep,numberOfRobotsOnBlackSite,numberOfRobotsOnWhiteSite
33209,27,17
timeStep,numberOfRobotsOnBlackSite,numberOfRobotsOnWhiteSite
33210,27,17
timeStep,numberOfRobotsOnBlackSite,numberOfRobotsOnWhiteSite
33211,27,17
timeStep,numberOfRobotsOnBlackSite,numberOfRobotsOnWhiteSite
33212,27,17
timeStep,numberOfRobotsOnBlackSite,numberOfRobotsOnWhiteSite
33213,27,17
timeStep,numberOfRobotsOnBlackSite,numberOfRobotsOnWhiteSite
33214,27,17
timeStep,numberOfRobotsOnBlackSite,numberOfRobotsOnWhiteSite
33215,27,17
timeStep,numberOfRobotsOnBlackSite,numberOfRobotsOnWhiteSite
33216,27,17
timeStep,numberOfRobotsOnBlackSite,numberOfRobotsOnWhiteSite
33217,27,17
timeStep,numberOfRobotsOnBlackSite,numberOfRobotsOnWhiteSite
33218,27,17
timeStep,numberOfRobotsOnBlackSite,numberOfRobotsOnWhiteSite
33219,27,17
timeStep,numberOfRobotsOnBlackSite,numberOfRobotsOnWhiteSite
33220,27,17
timeStep,numberOfRobotsOnBlackSite,numberOfRobotsOnWhiteSite
33221,27,17
timeStep,numberOfRobotsOnBlackSite,numberOfRobotsOnWhiteSite
33222,27,17
timeStep,numberOfRobotsOnBlackSite,numberOfRobotsOnWhiteSite
33223,27,17
timeStep,numberOfRobotsOnBlackSite,numberOfRobotsOnWhiteSite
33224,27,17
timeStep,numberOfRobotsOnBlackSite,numberOfRobotsOnWhiteSite
33225,27,17
timeStep,numberOfRobotsOnBlackSite,numberOfRobotsOnWhiteSite
33226,27,17
timeStep,numberOfRobotsOnBlackSite,numberOfRobotsOnWhiteSite
33227,27,17
timeStep,numberOfRobotsOnBlackSite,numberOfRobotsOnWhiteSite
33228,27,17
timeStep,numberOfRobotsOnBlackSite,numberOfRobotsOnWhiteSite
33229,27,17
timeStep,numberOfRobotsOnBlackSite,numberOfRobotsOnWhiteSite
33230,27,17
timeStep,numberOfRobotsOnBlackSite,numberOfRobotsOnWhiteSite
33231,27,17
timeStep,numberOfRobotsOnBlackSite,numberOfRobotsOnWhiteSite
33232,27,17
timeStep,numberOfRobotsOnBlackSite,numberOfRobotsOnWhiteSite
33233,27,17
timeStep,numberOfRobotsOnBlackSite,numberOfRobotsOnWhiteSite
33234,27,17
timeStep,numberOfRobotsOnBlackSite,numberOfRobotsOnWhiteSite
33235,27,17
timeStep,numberOfRobotsOnBlackSite,numberOfRobotsOnWhiteSite
33236,27,17
timeStep,numberOfRobotsOnBlackSite,numberOfRobotsOnWhiteSite
33237,27,17
timeStep,numberOfRobotsOnBlackSite,numberOfRobotsOnWhiteSite
33238,27,17
timeStep,numberOfRobotsOnBlackSite,numberOfRobotsOnWhiteSite
33239,27,17
timeStep,numberOfRobotsOnBlackSite,numberOfRobotsOnWhiteSite
33240,27,17
timeStep,numberOfRobotsOnBlackSite,numberOfRobotsOnWhiteSite
33241,27,17
timeStep,numberOfRobotsOnBlackSite,numberOfRobotsOnWhiteSite
33242,27,17
timeStep,numberOfRobotsOnBlackSite,numberOfRobotsOnWhiteSite
33243,27,17
timeStep,numberOfRobotsOnBlackSite,numberOfRobotsOnWhiteSite
33244,27,17
timeStep,numberOfRobotsOnBlackSite,numberOfRobotsOnWhiteSite
33245,27,17
timeStep,numberOfRobotsOnBlackSite,numberOfRobotsOnWhiteSite
33246,27,17
timeStep,numberOfRobotsOnBlackSite,numberOfRobotsOnWhiteSite
33247,27,17
timeStep,numberOfRobotsOnBlackSite,numberOfRobotsOnWhiteSite
33248,27,17
timeStep,numberOfRobotsOnBlackSite,numberOfRobotsOnWhiteSite
33249,27,17
timeStep,numberOfRobotsOnBlackSite,numberOfRobotsOnWhiteSite
33250,27,17
timeStep,numberOfRobotsOnBlackSite,numberOfRobotsOnWhiteSite
33251,27,17
timeStep,numberOfRobotsOnBlackSite,numberOfRobotsOnWhiteSite
33252,27,17
timeStep,numberOfRobotsOnBlackSite,numberOfRobotsOnWhiteSite
33253,27,17
timeStep,numberOfRobotsOnBlackSite,numberOfRobotsOnWhiteSite
33254,27,17
timeStep,numberOfRobotsOnBlackSite,numberOfRobotsOnWhiteSite
33255,27,17
timeStep,numberOfRobotsOnBlackSite,numberOfRobotsOnWhiteSite
33256,27,17
timeStep,numberOfRobotsOnBlackSite,numberOfRobotsOnWhiteSite
33257,27,17
timeStep,numberOfRobotsOnBlackSite,numberOfRobotsOnWhiteSite
33258,27,17
timeStep,numberOfRobotsOnBlackSite,numberOfRobotsOnWhiteSite
33259,27,17
timeStep,numberOfRobotsOnBlackSite,numberOfRobotsOnWhiteSite
33260,27,17
timeStep,numberOfRobotsOnBlackSite,numberOfRobotsOnWhiteSite
33261,27,17
timeStep,numberOfRobotsOnBlackSite,numberOfRobotsOnWhiteSite
33262,27,17
timeStep,numberOfRobotsOnBlackSite,numberOfRobotsOnWhiteSite
33263,27,17
timeStep,numberOfRobotsOnBlackSite,numberOfRobotsOnWhiteSite
33264,27,17
timeStep,numberOfRobotsOnBlackSite,numberOfRobotsOnWhiteSite
33265,27,17
timeStep,numberOfRobotsOnBlackSite,numberOfRobotsOnWhiteSite
33266,27,17
timeStep,numberOfRobotsOnBlackSite,numberOfRobotsOnWhiteSite
33267,27,17
timeStep,numberOfRobotsOnBlackSite,numberOfRobotsOnWhiteSite
33268,27,17
timeStep,numberOfRobotsOnBlackSite,numberOfRobotsOnWhiteSite
33269,27,17
timeStep,numberOfRobotsOnBlackSite,numberOfRobotsOnWhiteSite
33270,27,17
timeStep,numberOfRobotsOnBlackSite,numberOfRobotsOnWhiteSite
33271,27,17
timeStep,numberOfRobotsOnBlackSite,numberOfRobotsOnWhiteSite
33272,27,17
timeStep,numberOfRobotsOnBlackSite,numberOfRobotsOnWhiteSite
33273,27,17
timeStep,numberOfRobotsOnBlackSite,numberOfRobotsOnWhiteSite
33274,27,17
timeStep,numberOfRobotsOnBlackSite,numberOfRobotsOnWhiteSite
33275,26,17
timeStep,numberOfRobotsOnBlackSite,numberOfRobotsOnWhiteSite
33276,26,17
timeStep,numberOfRobotsOnBlackSite,numberOfRobotsOnWhiteSite
33277,26,17
timeStep,numberOfRobotsOnBlackSite,numberOfRobotsOnWhiteSite
33278,26,17
timeStep,numberOfRobotsOnBlackSite,numberOfRobotsOnWhiteSite
33279,26,17
timeStep,numberOfRobotsOnBlackSite,numberOfRobotsOnWhiteSite
33280,26,17
timeStep,numberOfRobotsOnBlackSite,numberOfRobotsOnWhiteSite
33281,26,17
timeStep,numberOfRobotsOnBlackSite,numberOfRobotsOnWhiteSite
33282,26,17
timeStep,numberOfRobotsOnBlackSite,numberOfRobotsOnWhiteSite
33283,26,17
timeStep,numberOfRobotsOnBlackSite,numberOfRobotsOnWhiteSite
33284,26,17
timeStep,numberOfRobotsOnBlackSite,numberOfRobotsOnWhiteSite
33285,26,17
timeStep,numberOfRobotsOnBlackSite,numberOfRobotsOnWhiteSite
33286,26,17
timeStep,numberOfRobotsOnBlackSite,numberOfRobotsOnWhiteSite
33287,26,17
timeStep,numberOfRobotsOnBlackSite,numberOfRobotsOnWhiteSite
33288,26,17
timeStep,numberOfRobotsOnBlackSite,numberOfRobotsOnWhiteSite
33289,26,17
timeStep,numberOfRobotsOnBlackSite,numberOfRobotsOnWhiteSite
33290,26,17
timeStep,numberOfRobotsOnBlackSite,numberOfRobotsOnWhiteSite
33291,26,17
timeStep,numberOfRobotsOnBlackSite,numberOfRobotsOnWhiteSite
33292,26,17
timeStep,numberOfRobotsOnBlackSite,numberOfRobotsOnWhiteSite
33293,26,17
timeStep,numberOfRobotsOnBlackSite,numberOfRobotsOnWhiteSite
33294,26,17
timeStep,numberOfRobotsOnBlackSite,numberOfRobotsOnWhiteSite
33295,26,17
timeStep,numberOfRobotsOnBlackSite,numberOfRobotsOnWhiteSite
33296,26,17
timeStep,numberOfRobotsOnBlackSite,numberOfRobotsOnWhiteSite
33297,26,17
timeStep,numberOfRobotsOnBlackSite,numberOfRobotsOnWhiteSite
33298,26,17
timeStep,numberOfRobotsOnBlackSite,numberOfRobotsOnWhiteSite
33299,26,17
timeStep,numberOfRobotsOnBlackSite,numberOfRobotsOnWhiteSite
33300,26,17
timeStep,numberOfRobotsOnBlackSite,numberOfRobotsOnWhiteSite
33301,26,17
timeStep,numberOfRobotsOnBlackSite,numberOfRobotsOnWhiteSite
33302,26,17
timeStep,numberOfRobotsOnBlackSite,numberOfRobotsOnWhiteSite
33303,26,17
timeStep,numberOfRobotsOnBlackSite,numberOfRobotsOnWhiteSite
33304,26,17
timeStep,numberOfRobotsOnBlackSite,numberOfRobotsOnWhiteSite
33305,26,17
timeStep,numberOfRobotsOnBlackSite,numberOfRobotsOnWhiteSite
33306,26,17
timeStep,numberOfRobotsOnBlackSite,numberOfRobotsOnWhiteSite
33307,26,17
timeStep,numberOfRobotsOnBlackSite,numberOfRobotsOnWhiteSite
33308,26,17
timeStep,numberOfRobotsOnBlackSite,numberOfRobotsOnWhiteSite
33309,26,17
timeStep,numberOfRobotsOnBlackSite,numberOfRobotsOnWhiteSite
33310,26,17
timeStep,numberOfRobotsOnBlackSite,numberOfRobotsOnWhiteSite
33311,26,17
timeStep,numberOfRobotsOnBlackSite,numberOfRobotsOnWhiteSite
33312,26,17
timeStep,numberOfRobotsOnBlackSite,numberOfRobotsOnWhiteSite
33313,26,17
timeStep,numberOfRobotsOnBlackSite,numberOfRobotsOnWhiteSite
33314,26,17
timeStep,numberOfRobotsOnBlackSite,numberOfRobotsOnWhiteSite
33315,26,17
timeStep,numberOfRobotsOnBlackSite,numberOfRobotsOnWhiteSite
33316,26,17
timeStep,numberOfRobotsOnBlackSite,numberOfRobotsOnWhiteSite
33317,26,17
timeStep,numberOfRobotsOnBlackSite,numberOfRobotsOnWhiteSite
33318,26,17
timeStep,numberOfRobotsOnBlackSite,numberOfRobotsOnWhiteSite
33319,26,17
timeStep,numberOfRobotsOnBlackSite,numberOfRobotsOnWhiteSite
33320,26,17
timeStep,numberOfRobotsOnBlackSite,numberOfRobotsOnWhiteSite
33321,26,17
timeStep,numberOfRobotsOnBlackSite,numberOfRobotsOnWhiteSite
33322,26,17
timeStep,numberOfRobotsOnBlackSite,numberOfRobotsOnWhiteSite
33323,26,17
timeStep,numberOfRobotsOnBlackSite,numberOfRobotsOnWhiteSite
33324,26,17
timeStep,numberOfRobotsOnBlackSite,numberOfRobotsOnWhiteSite
33325,26,17
timeStep,numberOfRobotsOnBlackSite,numberOfRobotsOnWhiteSite
33326,26,17
timeStep,numberOfRobotsOnBlackSite,numberOfRobotsOnWhiteSite
33327,26,17
timeStep,numberOfRobotsOnBlackSite,numberOfRobotsOnWhiteSite
33328,26,17
timeStep,numberOfRobotsOnBlackSite,numberOfRobotsOnWhiteSite
33329,26,17
timeStep,numberOfRobotsOnBlackSite,numberOfRobotsOnWhiteSite
33330,25,17
timeStep,numberOfRobotsOnBlackSite,numberOfRobotsOnWhiteSite
33331,25,17
timeStep,numberOfRobotsOnBlackSite,numberOfRobotsOnWhiteSite
33332,25,17
timeStep,numberOfRobotsOnBlackSite,numberOfRobotsOnWhiteSite
33333,25,17
timeStep,numberOfRobotsOnBlackSite,numberOfRobotsOnWhiteSite
33334,25,17
timeStep,numberOfRobotsOnBlackSite,numberOfRobotsOnWhiteSite
33335,25,17
timeStep,numberOfRobotsOnBlackSite,numberOfRobotsOnWhiteSite
33336,25,17
timeStep,numberOfRobotsOnBlackSite,numberOfRobotsOnWhiteSite
33337,25,17
timeStep,numberOfRobotsOnBlackSite,numberOfRobotsOnWhiteSite
33338,25,17
timeStep,numberOfRobotsOnBlackSite,numberOfRobotsOnWhiteSite
33339,25,17
timeStep,numberOfRobotsOnBlackSite,numberOfRobotsOnWhiteSite
33340,25,17
timeStep,numberOfRobotsOnBlackSite,numberOfRobotsOnWhiteSite
33341,25,17
timeStep,numberOfRobotsOnBlackSite,numberOfRobotsOnWhiteSite
33342,25,17
timeStep,numberOfRobotsOnBlackSite,numberOfRobotsOnWhiteSite
33343,25,17
timeStep,numberOfRobotsOnBlackSite,numberOfRobotsOnWhiteSite
33344,25,17
timeStep,numberOfRobotsOnBlackSite,numberOfRobotsOnWhiteSite
33345,25,17
timeStep,numberOfRobotsOnBlackSite,numberOfRobotsOnWhiteSite
33346,25,17
timeStep,numberOfRobotsOnBlackSite,numberOfRobotsOnWhiteSite
33347,25,17
timeStep,numberOfRobotsOnBlackSite,numberOfRobotsOnWhiteSite
33348,25,17
timeStep,numberOfRobotsOnBlackSite,numberOfRobotsOnWhiteSite
33349,25,17
timeStep,numberOfRobotsOnBlackSite,numberOfRobotsOnWhiteSite
33350,25,17
timeStep,numberOfRobotsOnBlackSite,numberOfRobotsOnWhiteSite
33351,25,17
timeStep,numberOfRobotsOnBlackSite,numberOfRobotsOnWhiteSite
33352,25,17
timeStep,numberOfRobotsOnBlackSite,numberOfRobotsOnWhiteSite
33353,25,17
timeStep,numberOfRobotsOnBlackSite,numberOfRobotsOnWhiteSite
33354,25,17
timeStep,numberOfRobotsOnBlackSite,numberOfRobotsOnWhiteSite
33355,25,17
timeStep,numberOfRobotsOnBlackSite,numberOfRobotsOnWhiteSite
33356,25,17
timeStep,numberOfRobotsOnBlackSite,numberOfRobotsOnWhiteSite
33357,25,17
timeStep,numberOfRobotsOnBlackSite,numberOfRobotsOnWhiteSite
33358,25,17
timeStep,numberOfRobotsOnBlackSite,numberOfRobotsOnWhiteSite
33359,25,17
timeStep,numberOfRobotsOnBlackSite,numberOfRobotsOnWhiteSite
33360,25,17
timeStep,numberOfRobotsOnBlackSite,numberOfRobotsOnWhiteSite
33361,25,17
timeStep,numberOfRobotsOnBlackSite,numberOfRobotsOnWhiteSite
33362,25,17
timeStep,numberOfRobotsOnBlackSite,numberOfRobotsOnWhiteSite
33363,25,17
timeStep,numberOfRobotsOnBlackSite,numberOfRobotsOnWhiteSite
33364,25,17
timeStep,numberOfRobotsOnBlackSite,numberOfRobotsOnWhiteSite
33365,25,17
timeStep,numberOfRobotsOnBlackSite,numberOfRobotsOnWhiteSite
33366,25,17
timeStep,numberOfRobotsOnBlackSite,numberOfRobotsOnWhiteSite
33367,25,17
timeStep,numberOfRobotsOnBlackSite,numberOfRobotsOnWhiteSite
33368,25,17
timeStep,numberOfRobotsOnBlackSite,numberOfRobotsOnWhiteSite
33369,25,17
timeStep,numberOfRobotsOnBlackSite,numberOfRobotsOnWhiteSite
33370,25,17
timeStep,numberOfRobotsOnBlackSite,numberOfRobotsOnWhiteSite
33371,25,17
timeStep,numberOfRobotsOnBlackSite,numberOfRobotsOnWhiteSite
33372,25,17
timeStep,numberOfRobotsOnBlackSite,numberOfRobotsOnWhiteSite
33373,25,17
timeStep,numberOfRobotsOnBlackSite,numberOfRobotsOnWhiteSite
33374,25,17
timeStep,numberOfRobotsOnBlackSite,numberOfRobotsOnWhiteSite
33375,25,17
timeStep,numberOfRobotsOnBlackSite,numberOfRobotsOnWhiteSite
33376,25,17
timeStep,numberOfRobotsOnBlackSite,numberOfRobotsOnWhiteSite
33377,25,17
timeStep,numberOfRobotsOnBlackSite,numberOfRobotsOnWhiteSite
33378,25,17
timeStep,numberOfRobotsOnBlackSite,numberOfRobotsOnWhiteSite
33379,25,17
timeStep,numberOfRobotsOnBlackSite,numberOfRobotsOnWhiteSite
33380,25,17
timeStep,numberOfRobotsOnBlackSite,numberOfRobotsOnWhiteSite
33381,25,17
timeStep,numberOfRobotsOnBlackSite,numberOfRobotsOnWhiteSite
33382,25,17
timeStep,numberOfRobotsOnBlackSite,numberOfRobotsOnWhiteSite
33383,25,17
timeStep,numberOfRobotsOnBlackSite,numberOfRobotsOnWhiteSite
33384,25,17
timeStep,numberOfRobotsOnBlackSite,numberOfRobotsOnWhiteSite
33385,25,17
timeStep,numberOfRobotsOnBlackSite,numberOfRobotsOnWhiteSite
33386,25,17
timeStep,numberOfRobotsOnBlackSite,numberOfRobotsOnWhiteSite
33387,25,17
timeStep,numberOfRobotsOnBlackSite,numberOfRobotsOnWhiteSite
33388,25,17
timeStep,numberOfRobotsOnBlackSite,numberOfRobotsOnWhiteSite
33389,25,17
timeStep,numberOfRobotsOnBlackSite,numberOfRobotsOnWhiteSite
33390,25,17
timeStep,numberOfRobotsOnBlackSite,numberOfRobotsOnWhiteSite
33391,25,17
timeStep,numberOfRobotsOnBlackSite,numberOfRobotsOnWhiteSite
33392,25,17
timeStep,numberOfRobotsOnBlackSite,numberOfRobotsOnWhiteSite
33393,25,17
timeStep,numberOfRobotsOnBlackSite,numberOfRobotsOnWhiteSite
33394,25,17
timeStep,numberOfRobotsOnBlackSite,numberOfRobotsOnWhiteSite
33395,25,17
timeStep,numberOfRobotsOnBlackSite,numberOfRobotsOnWhiteSite
33396,25,17
timeStep,numberOfRobotsOnBlackSite,numberOfRobotsOnWhiteSite
33397,25,17
timeStep,numberOfRobotsOnBlackSite,numberOfRobotsOnWhiteSite
33398,25,17
timeStep,numberOfRobotsOnBlackSite,numberOfRobotsOnWhiteSite
33399,25,17
timeStep,numberOfRobotsOnBlackSite,numberOfRobotsOnWhiteSite
33400,25,17
timeStep,numberOfRobotsOnBlackSite,numberOfRobotsOnWhiteSite
33401,25,17
timeStep,numberOfRobotsOnBlackSite,numberOfRobotsOnWhiteSite
33402,25,17
timeStep,numberOfRobotsOnBlackSite,numberOfRobotsOnWhiteSite
33403,25,17
timeStep,numberOfRobotsOnBlackSite,numberOfRobotsOnWhiteSite
33404,25,17
timeStep,numberOfRobotsOnBlackSite,numberOfRobotsOnWhiteSite
33405,25,17
timeStep,numberOfRobotsOnBlackSite,numberOfRobotsOnWhiteSite
33406,25,17
timeStep,numberOfRobotsOnBlackSite,numberOfRobotsOnWhiteSite
33407,25,17
timeStep,numberOfRobotsOnBlackSite,numberOfRobotsOnWhiteSite
33408,25,17
timeStep,numberOfRobotsOnBlackSite,numberOfRobotsOnWhiteSite
33409,25,17
timeStep,numberOfRobotsOnBlackSite,numberOfRobotsOnWhiteSite
33410,25,17
timeStep,numberOfRobotsOnBlackSite,numberOfRobotsOnWhiteSite
33411,25,17
timeStep,numberOfRobotsOnBlackSite,numberOfRobotsOnWhiteSite
33412,25,17
timeStep,numberOfRobotsOnBlackSite,numberOfRobotsOnWhiteSite
33413,25,17
timeStep,numberOfRobotsOnBlackSite,numberOfRobotsOnWhiteSite
33414,25,17
timeStep,numberOfRobotsOnBlackSite,numberOfRobotsOnWhiteSite
33415,25,17
timeStep,numberOfRobotsOnBlackSite,numberOfRobotsOnWhiteSite
33416,25,17
timeStep,numberOfRobotsOnBlackSite,numberOfRobotsOnWhiteSite
33417,25,17
timeStep,numberOfRobotsOnBlackSite,numberOfRobotsOnWhiteSite
33418,25,17
timeStep,numberOfRobotsOnBlackSite,numberOfRobotsOnWhiteSite
33419,25,17
timeStep,numberOfRobotsOnBlackSite,numberOfRobotsOnWhiteSite
33420,25,17
timeStep,numberOfRobotsOnBlackSite,numberOfRobotsOnWhiteSite
33421,25,17
timeStep,numberOfRobotsOnBlackSite,numberOfRobotsOnWhiteSite
33422,25,17
timeStep,numberOfRobotsOnBlackSite,numberOfRobotsOnWhiteSite
33423,25,17
timeStep,numberOfRobotsOnBlackSite,numberOfRobotsOnWhiteSite
33424,25,17
timeStep,numberOfRobotsOnBlackSite,numberOfRobotsOnWhiteSite
33425,25,17
timeStep,numberOfRobotsOnBlackSite,numberOfRobotsOnWhiteSite
33426,25,17
timeStep,numberOfRobotsOnBlackSite,numberOfRobotsOnWhiteSite
33427,25,17
timeStep,numberOfRobotsOnBlackSite,numberOfRobotsOnWhiteSite
33428,25,17
timeStep,numberOfRobotsOnBlackSite,numberOfRobotsOnWhiteSite
33429,25,17
timeStep,numberOfRobotsOnBlackSite,numberOfRobotsOnWhiteSite
33430,25,17
timeStep,numberOfRobotsOnBlackSite,numberOfRobotsOnWhiteSite
33431,25,17
timeStep,numberOfRobotsOnBlackSite,numberOfRobotsOnWhiteSite
33432,25,17
timeStep,numberOfRobotsOnBlackSite,numberOfRobotsOnWhiteSite
33433,25,17
timeStep,numberOfRobotsOnBlackSite,numberOfRobotsOnWhiteSite
33434,25,17
timeStep,numberOfRobotsOnBlackSite,numberOfRobotsOnWhiteSite
33435,25,17
timeStep,numberOfRobotsOnBlackSite,numberOfRobotsOnWhiteSite
33436,25,17
timeStep,numberOfRobotsOnBlackSite,numberOfRobotsOnWhiteSite
33437,25,17
timeStep,numberOfRobotsOnBlackSite,numberOfRobotsOnWhiteSite
33438,25,17
timeStep,numberOfRobotsOnBlackSite,numberOfRobotsOnWhiteSite
33439,25,17
timeStep,numberOfRobotsOnBlackSite,numberOfRobotsOnWhiteSite
33440,25,17
timeStep,numberOfRobotsOnBlackSite,numberOfRobotsOnWhiteSite
33441,25,17
timeStep,numberOfRobotsOnBlackSite,numberOfRobotsOnWhiteSite
33442,25,17
timeStep,numberOfRobotsOnBlackSite,numberOfRobotsOnWhiteSite
33443,25,17
timeStep,numberOfRobotsOnBlackSite,numberOfRobotsOnWhiteSite
33444,25,17
timeStep,numberOfRobotsOnBlackSite,numberOfRobotsOnWhiteSite
33445,25,17
timeStep,numberOfRobotsOnBlackSite,numberOfRobotsOnWhiteSite
33446,25,17
timeStep,numberOfRobotsOnBlackSite,numberOfRobotsOnWhiteSite
33447,25,17
timeStep,numberOfRobotsOnBlackSite,numberOfRobotsOnWhiteSite
33448,25,17
timeStep,numberOfRobotsOnBlackSite,numberOfRobotsOnWhiteSite
33449,25,17
timeStep,numberOfRobotsOnBlackSite,numberOfRobotsOnWhiteSite
33450,25,17
timeStep,numberOfRobotsOnBlackSite,numberOfRobotsOnWhiteSite
33451,25,17
timeStep,numberOfRobotsOnBlackSite,numberOfRobotsOnWhiteSite
33452,25,17
timeStep,numberOfRobotsOnBlackSite,numberOfRobotsOnWhiteSite
33453,25,17
timeStep,numberOfRobotsOnBlackSite,numberOfRobotsOnWhiteSite
33454,25,17
timeStep,numberOfRobotsOnBlackSite,numberOfRobotsOnWhiteSite
33455,25,17
timeStep,numberOfRobotsOnBlackSite,numberOfRobotsOnWhiteSite
33456,25,17
timeStep,numberOfRobotsOnBlackSite,numberOfRobotsOnWhiteSite
33457,25,17
timeStep,numberOfRobotsOnBlackSite,numberOfRobotsOnWhiteSite
33458,25,17
timeStep,numberOfRobotsOnBlackSite,numberOfRobotsOnWhiteSite
33459,25,17
timeStep,numberOfRobotsOnBlackSite,numberOfRobotsOnWhiteSite
33460,25,17
timeStep,numberOfRobotsOnBlackSite,numberOfRobotsOnWhiteSite
33461,25,17
timeStep,numberOfRobotsOnBlackSite,numberOfRobotsOnWhiteSite
33462,25,17
timeStep,numberOfRobotsOnBlackSite,numberOfRobotsOnWhiteSite
33463,25,17
timeStep,numberOfRobotsOnBlackSite,numberOfRobotsOnWhiteSite
33464,25,17
timeStep,numberOfRobotsOnBlackSite,numberOfRobotsOnWhiteSite
33465,25,17
timeStep,numberOfRobotsOnBlackSite,numberOfRobotsOnWhiteSite
33466,25,17
timeStep,numberOfRobotsOnBlackSite,numberOfRobotsOnWhiteSite
33467,25,17
timeStep,numberOfRobotsOnBlackSite,numberOfRobotsOnWhiteSite
33468,25,17
timeStep,numberOfRobotsOnBlackSite,numberOfRobotsOnWhiteSite
33469,25,17
timeStep,numberOfRobotsOnBlackSite,numberOfRobotsOnWhiteSite
33470,25,17
timeStep,numberOfRobotsOnBlackSite,numberOfRobotsOnWhiteSite
33471,25,17
timeStep,numberOfRobotsOnBlackSite,numberOfRobotsOnWhiteSite
33472,25,17
timeStep,numberOfRobotsOnBlackSite,numberOfRobotsOnWhiteSite
33473,25,17
timeStep,numberOfRobotsOnBlackSite,numberOfRobotsOnWhiteSite
33474,25,17
timeStep,numberOfRobotsOnBlackSite,numberOfRobotsOnWhiteSite
33475,25,17
timeStep,numberOfRobotsOnBlackSite,numberOfRobotsOnWhiteSite
33476,25,17
timeStep,numberOfRobotsOnBlackSite,numberOfRobotsOnWhiteSite
33477,25,17
timeStep,numberOfRobotsOnBlackSite,numberOfRobotsOnWhiteSite
33478,25,17
timeStep,numberOfRobotsOnBlackSite,numberOfRobotsOnWhiteSite
33479,25,17
timeStep,numberOfRobotsOnBlackSite,numberOfRobotsOnWhiteSite
33480,25,17
timeStep,numberOfRobotsOnBlackSite,numberOfRobotsOnWhiteSite
33481,25,17
timeStep,numberOfRobotsOnBlackSite,numberOfRobotsOnWhiteSite
33482,25,17
timeStep,numberOfRobotsOnBlackSite,numberOfRobotsOnWhiteSite
33483,25,17
timeStep,numberOfRobotsOnBlackSite,numberOfRobotsOnWhiteSite
33484,25,17
timeStep,numberOfRobotsOnBlackSite,numberOfRobotsOnWhiteSite
33485,25,17
timeStep,numberOfRobotsOnBlackSite,numberOfRobotsOnWhiteSite
33486,25,17
timeStep,numberOfRobotsOnBlackSite,numberOfRobotsOnWhiteSite
33487,25,17
timeStep,numberOfRobotsOnBlackSite,numberOfRobotsOnWhiteSite
33488,25,17
timeStep,numberOfRobotsOnBlackSite,numberOfRobotsOnWhiteSite
33489,25,17
timeStep,numberOfRobotsOnBlackSite,numberOfRobotsOnWhiteSite
33490,25,17
timeStep,numberOfRobotsOnBlackSite,numberOfRobotsOnWhiteSite
33491,25,17
timeStep,numberOfRobotsOnBlackSite,numberOfRobotsOnWhiteSite
33492,25,17
timeStep,numberOfRobotsOnBlackSite,numberOfRobotsOnWhiteSite
33493,25,17
timeStep,numberOfRobotsOnBlackSite,numberOfRobotsOnWhiteSite
33494,25,17
timeStep,numberOfRobotsOnBlackSite,numberOfRobotsOnWhiteSite
33495,25,17
timeStep,numberOfRobotsOnBlackSite,numberOfRobotsOnWhiteSite
33496,25,17
timeStep,numberOfRobotsOnBlackSite,numberOfRobotsOnWhiteSite
33497,25,17
timeStep,numberOfRobotsOnBlackSite,numberOfRobotsOnWhiteSite
33498,25,17
timeStep,numberOfRobotsOnBlackSite,numberOfRobotsOnWhiteSite
33499,25,17
timeStep,numberOfRobotsOnBlackSite,numberOfRobotsOnWhiteSite
33500,25,17
timeStep,numberOfRobotsOnBlackSite,numberOfRobotsOnWhiteSite
33501,25,17
timeStep,numberOfRobotsOnBlackSite,numberOfRobotsOnWhiteSite
33502,25,17
timeStep,numberOfRobotsOnBlackSite,numberOfRobotsOnWhiteSite
33503,25,17
timeStep,numberOfRobotsOnBlackSite,numberOfRobotsOnWhiteSite
33504,25,17
timeStep,numberOfRobotsOnBlackSite,numberOfRobotsOnWhiteSite
33505,25,17
timeStep,numberOfRobotsOnBlackSite,numberOfRobotsOnWhiteSite
33506,25,17
timeStep,numberOfRobotsOnBlackSite,numberOfRobotsOnWhiteSite
33507,25,17
timeStep,numberOfRobotsOnBlackSite,numberOfRobotsOnWhiteSite
33508,25,17
timeStep,numberOfRobotsOnBlackSite,numberOfRobotsOnWhiteSite
33509,25,17
timeStep,numberOfRobotsOnBlackSite,numberOfRobotsOnWhiteSite
33510,25,17
timeStep,numberOfRobotsOnBlackSite,numberOfRobotsOnWhiteSite
33511,25,17
timeStep,numberOfRobotsOnBlackSite,numberOfRobotsOnWhiteSite
33512,25,17
timeStep,numberOfRobotsOnBlackSite,numberOfRobotsOnWhiteSite
33513,25,17
timeStep,numberOfRobotsOnBlackSite,numberOfRobotsOnWhiteSite
33514,25,17
timeStep,numberOfRobotsOnBlackSite,numberOfRobotsOnWhiteSite
33515,25,17
timeStep,numberOfRobotsOnBlackSite,numberOfRobotsOnWhiteSite
33516,25,17
timeStep,numberOfRobotsOnBlackSite,numberOfRobotsOnWhiteSite
33517,25,17
timeStep,numberOfRobotsOnBlackSite,numberOfRobotsOnWhiteSite
33518,25,17
timeStep,numberOfRobotsOnBlackSite,numberOfRobotsOnWhiteSite
33519,25,17
timeStep,numberOfRobotsOnBlackSite,numberOfRobotsOnWhiteSite
33520,25,17
timeStep,numberOfRobotsOnBlackSite,numberOfRobotsOnWhiteSite
33521,25,17
timeStep,numberOfRobotsOnBlackSite,numberOfRobotsOnWhiteSite
33522,25,17
timeStep,numberOfRobotsOnBlackSite,numberOfRobotsOnWhiteSite
33523,25,17
timeStep,numberOfRobotsOnBlackSite,numberOfRobotsOnWhiteSite
33524,25,17
timeStep,numberOfRobotsOnBlackSite,numberOfRobotsOnWhiteSite
33525,25,17
timeStep,numberOfRobotsOnBlackSite,numberOfRobotsOnWhiteSite
33526,25,17
timeStep,numberOfRobotsOnBlackSite,numberOfRobotsOnWhiteSite
33527,25,17
timeStep,numberOfRobotsOnBlackSite,numberOfRobotsOnWhiteSite
33528,25,17
timeStep,numberOfRobotsOnBlackSite,numberOfRobotsOnWhiteSite
33529,25,17
timeStep,numberOfRobotsOnBlackSite,numberOfRobotsOnWhiteSite
33530,25,17
timeStep,numberOfRobotsOnBlackSite,numberOfRobotsOnWhiteSite
33531,25,17
timeStep,numberOfRobotsOnBlackSite,numberOfRobotsOnWhiteSite
33532,25,17
timeStep,numberOfRobotsOnBlackSite,numberOfRobotsOnWhiteSite
33533,25,17
timeStep,numberOfRobotsOnBlackSite,numberOfRobotsOnWhiteSite
33534,25,17
timeStep,numberOfRobotsOnBlackSite,numberOfRobotsOnWhiteSite
33535,25,17
timeStep,numberOfRobotsOnBlackSite,numberOfRobotsOnWhiteSite
33536,25,17
timeStep,numberOfRobotsOnBlackSite,numberOfRobotsOnWhiteSite
33537,25,17
timeStep,numberOfRobotsOnBlackSite,numberOfRobotsOnWhiteSite
33538,25,17
timeStep,numberOfRobotsOnBlackSite,numberOfRobotsOnWhiteSite
33539,25,17
timeStep,numberOfRobotsOnBlackSite,numberOfRobotsOnWhiteSite
33540,25,17
timeStep,numberOfRobotsOnBlackSite,numberOfRobotsOnWhiteSite
33541,25,17
timeStep,numberOfRobotsOnBlackSite,numberOfRobotsOnWhiteSite
33542,25,17
timeStep,numberOfRobotsOnBlackSite,numberOfRobotsOnWhiteSite
33543,25,17
timeStep,numberOfRobotsOnBlackSite,numberOfRobotsOnWhiteSite
33544,25,17
timeStep,numberOfRobotsOnBlackSite,numberOfRobotsOnWhiteSite
33545,25,17
timeStep,numberOfRobotsOnBlackSite,numberOfRobotsOnWhiteSite
33546,25,17
timeStep,numberOfRobotsOnBlackSite,numberOfRobotsOnWhiteSite
33547,25,17
timeStep,numberOfRobotsOnBlackSite,numberOfRobotsOnWhiteSite
33548,25,17
timeStep,numberOfRobotsOnBlackSite,numberOfRobotsOnWhiteSite
33549,25,17
timeStep,numberOfRobotsOnBlackSite,numberOfRobotsOnWhiteSite
33550,25,17
timeStep,numberOfRobotsOnBlackSite,numberOfRobotsOnWhiteSite
33551,25,17
timeStep,numberOfRobotsOnBlackSite,numberOfRobotsOnWhiteSite
33552,25,17
timeStep,numberOfRobotsOnBlackSite,numberOfRobotsOnWhiteSite
33553,25,17
timeStep,numberOfRobotsOnBlackSite,numberOfRobotsOnWhiteSite
33554,25,17
timeStep,numberOfRobotsOnBlackSite,numberOfRobotsOnWhiteSite
33555,25,17
timeStep,numberOfRobotsOnBlackSite,numberOfRobotsOnWhiteSite
33556,25,17
timeStep,numberOfRobotsOnBlackSite,numberOfRobotsOnWhiteSite
33557,25,17
timeStep,numberOfRobotsOnBlackSite,numberOfRobotsOnWhiteSite
33558,25,17
timeStep,numberOfRobotsOnBlackSite,numberOfRobotsOnWhiteSite
33559,25,17
timeStep,numberOfRobotsOnBlackSite,numberOfRobotsOnWhiteSite
33560,25,17
timeStep,numberOfRobotsOnBlackSite,numberOfRobotsOnWhiteSite
33561,25,17
timeStep,numberOfRobotsOnBlackSite,numberOfRobotsOnWhiteSite
33562,25,17
timeStep,numberOfRobotsOnBlackSite,numberOfRobotsOnWhiteSite
33563,25,17
timeStep,numberOfRobotsOnBlackSite,numberOfRobotsOnWhiteSite
33564,25,17
timeStep,numberOfRobotsOnBlackSite,numberOfRobotsOnWhiteSite
33565,25,16
timeStep,numberOfRobotsOnBlackSite,numberOfRobotsOnWhiteSite
33566,25,16
timeStep,numberOfRobotsOnBlackSite,numberOfRobotsOnWhiteSite
33567,25,16
timeStep,numberOfRobotsOnBlackSite,numberOfRobotsOnWhiteSite
33568,25,16
timeStep,numberOfRobotsOnBlackSite,numberOfRobotsOnWhiteSite
33569,25,16
timeStep,numberOfRobotsOnBlackSite,numberOfRobotsOnWhiteSite
33570,25,16
timeStep,numberOfRobotsOnBlackSite,numberOfRobotsOnWhiteSite
33571,25,16
timeStep,numberOfRobotsOnBlackSite,numberOfRobotsOnWhiteSite
33572,25,16
timeStep,numberOfRobotsOnBlackSite,numberOfRobotsOnWhiteSite
33573,25,16
timeStep,numberOfRobotsOnBlackSite,numberOfRobotsOnWhiteSite
33574,25,16
timeStep,numberOfRobotsOnBlackSite,numberOfRobotsOnWhiteSite
33575,25,16
timeStep,numberOfRobotsOnBlackSite,numberOfRobotsOnWhiteSite
33576,25,16
timeStep,numberOfRobotsOnBlackSite,numberOfRobotsOnWhiteSite
33577,25,16
timeStep,numberOfRobotsOnBlackSite,numberOfRobotsOnWhiteSite
33578,25,16
timeStep,numberOfRobotsOnBlackSite,numberOfRobotsOnWhiteSite
33579,25,16
timeStep,numberOfRobotsOnBlackSite,numberOfRobotsOnWhiteSite
33580,25,16
timeStep,numberOfRobotsOnBlackSite,numberOfRobotsOnWhiteSite
33581,25,16
timeStep,numberOfRobotsOnBlackSite,numberOfRobotsOnWhiteSite
33582,25,16
timeStep,numberOfRobotsOnBlackSite,numberOfRobotsOnWhiteSite
33583,25,16
timeStep,numberOfRobotsOnBlackSite,numberOfRobotsOnWhiteSite
33584,25,16
timeStep,numberOfRobotsOnBlackSite,numberOfRobotsOnWhiteSite
33585,25,16
timeStep,numberOfRobotsOnBlackSite,numberOfRobotsOnWhiteSite
33586,25,16
timeStep,numberOfRobotsOnBlackSite,numberOfRobotsOnWhiteSite
33587,25,16
timeStep,numberOfRobotsOnBlackSite,numberOfRobotsOnWhiteSite
33588,25,16
timeStep,numberOfRobotsOnBlackSite,numberOfRobotsOnWhiteSite
33589,25,16
timeStep,numberOfRobotsOnBlackSite,numberOfRobotsOnWhiteSite
33590,25,16
timeStep,numberOfRobotsOnBlackSite,numberOfRobotsOnWhiteSite
33591,25,16
timeStep,numberOfRobotsOnBlackSite,numberOfRobotsOnWhiteSite
33592,25,16
timeStep,numberOfRobotsOnBlackSite,numberOfRobotsOnWhiteSite
33593,25,16
timeStep,numberOfRobotsOnBlackSite,numberOfRobotsOnWhiteSite
33594,25,16
timeStep,numberOfRobotsOnBlackSite,numberOfRobotsOnWhiteSite
33595,25,16
timeStep,numberOfRobotsOnBlackSite,numberOfRobotsOnWhiteSite
33596,25,16
timeStep,numberOfRobotsOnBlackSite,numberOfRobotsOnWhiteSite
33597,25,16
timeStep,numberOfRobotsOnBlackSite,numberOfRobotsOnWhiteSite
33598,25,16
timeStep,numberOfRobotsOnBlackSite,numberOfRobotsOnWhiteSite
33599,25,16
timeStep,numberOfRobotsOnBlackSite,numberOfRobotsOnWhiteSite
33600,25,16
timeStep,numberOfRobotsOnBlackSite,numberOfRobotsOnWhiteSite
33601,25,16
timeStep,numberOfRobotsOnBlackSite,numberOfRobotsOnWhiteSite
33602,25,16
timeStep,numberOfRobotsOnBlackSite,numberOfRobotsOnWhiteSite
33603,25,16
timeStep,numberOfRobotsOnBlackSite,numberOfRobotsOnWhiteSite
33604,25,16
timeStep,numberOfRobotsOnBlackSite,numberOfRobotsOnWhiteSite
33605,25,15
timeStep,numberOfRobotsOnBlackSite,numberOfRobotsOnWhiteSite
33606,25,15
timeStep,numberOfRobotsOnBlackSite,numberOfRobotsOnWhiteSite
33607,25,15
timeStep,numberOfRobotsOnBlackSite,numberOfRobotsOnWhiteSite
33608,25,15
timeStep,numberOfRobotsOnBlackSite,numberOfRobotsOnWhiteSite
33609,25,15
timeStep,numberOfRobotsOnBlackSite,numberOfRobotsOnWhiteSite
33610,25,15
timeStep,numberOfRobotsOnBlackSite,numberOfRobotsOnWhiteSite
33611,25,15
timeStep,numberOfRobotsOnBlackSite,numberOfRobotsOnWhiteSite
33612,25,15
timeStep,numberOfRobotsOnBlackSite,numberOfRobotsOnWhiteSite
33613,25,15
timeStep,numberOfRobotsOnBlackSite,numberOfRobotsOnWhiteSite
33614,25,15
timeStep,numberOfRobotsOnBlackSite,numberOfRobotsOnWhiteSite
33615,25,15
timeStep,numberOfRobotsOnBlackSite,numberOfRobotsOnWhiteSite
33616,25,15
timeStep,numberOfRobotsOnBlackSite,numberOfRobotsOnWhiteSite
33617,25,15
timeStep,numberOfRobotsOnBlackSite,numberOfRobotsOnWhiteSite
33618,25,15
timeStep,numberOfRobotsOnBlackSite,numberOfRobotsOnWhiteSite
33619,25,15
timeStep,numberOfRobotsOnBlackSite,numberOfRobotsOnWhiteSite
33620,25,15
timeStep,numberOfRobotsOnBlackSite,numberOfRobotsOnWhiteSite
33621,25,15
timeStep,numberOfRobotsOnBlackSite,numberOfRobotsOnWhiteSite
33622,25,15
timeStep,numberOfRobotsOnBlackSite,numberOfRobotsOnWhiteSite
33623,25,15
timeStep,numberOfRobotsOnBlackSite,numberOfRobotsOnWhiteSite
33624,25,15
timeStep,numberOfRobotsOnBlackSite,numberOfRobotsOnWhiteSite
33625,25,15
timeStep,numberOfRobotsOnBlackSite,numberOfRobotsOnWhiteSite
33626,25,15
timeStep,numberOfRobotsOnBlackSite,numberOfRobotsOnWhiteSite
33627,25,15
timeStep,numberOfRobotsOnBlackSite,numberOfRobotsOnWhiteSite
33628,25,15
timeStep,numberOfRobotsOnBlackSite,numberOfRobotsOnWhiteSite
33629,25,15
timeStep,numberOfRobotsOnBlackSite,numberOfRobotsOnWhiteSite
33630,25,15
timeStep,numberOfRobotsOnBlackSite,numberOfRobotsOnWhiteSite
33631,25,15
timeStep,numberOfRobotsOnBlackSite,numberOfRobotsOnWhiteSite
33632,25,15
timeStep,numberOfRobotsOnBlackSite,numberOfRobotsOnWhiteSite
33633,25,15
timeStep,numberOfRobotsOnBlackSite,numberOfRobotsOnWhiteSite
33634,25,15
timeStep,numberOfRobotsOnBlackSite,numberOfRobotsOnWhiteSite
33635,25,15
timeStep,numberOfRobotsOnBlackSite,numberOfRobotsOnWhiteSite
33636,25,15
timeStep,numberOfRobotsOnBlackSite,numberOfRobotsOnWhiteSite
33637,25,15
timeStep,numberOfRobotsOnBlackSite,numberOfRobotsOnWhiteSite
33638,25,15
timeStep,numberOfRobotsOnBlackSite,numberOfRobotsOnWhiteSite
33639,25,15
timeStep,numberOfRobotsOnBlackSite,numberOfRobotsOnWhiteSite
33640,25,15
timeStep,numberOfRobotsOnBlackSite,numberOfRobotsOnWhiteSite
33641,25,15
timeStep,numberOfRobotsOnBlackSite,numberOfRobotsOnWhiteSite
33642,25,15
timeStep,numberOfRobotsOnBlackSite,numberOfRobotsOnWhiteSite
33643,25,15
timeStep,numberOfRobotsOnBlackSite,numberOfRobotsOnWhiteSite
33644,25,15
timeStep,numberOfRobotsOnBlackSite,numberOfRobotsOnWhiteSite
33645,25,15
timeStep,numberOfRobotsOnBlackSite,numberOfRobotsOnWhiteSite
33646,25,15
timeStep,numberOfRobotsOnBlackSite,numberOfRobotsOnWhiteSite
33647,25,15
timeStep,numberOfRobotsOnBlackSite,numberOfRobotsOnWhiteSite
33648,25,15
timeStep,numberOfRobotsOnBlackSite,numberOfRobotsOnWhiteSite
33649,25,15
timeStep,numberOfRobotsOnBlackSite,numberOfRobotsOnWhiteSite
33650,25,15
timeStep,numberOfRobotsOnBlackSite,numberOfRobotsOnWhiteSite
33651,25,15
timeStep,numberOfRobotsOnBlackSite,numberOfRobotsOnWhiteSite
33652,25,15
timeStep,numberOfRobotsOnBlackSite,numberOfRobotsOnWhiteSite
33653,25,15
timeStep,numberOfRobotsOnBlackSite,numberOfRobotsOnWhiteSite
33654,25,15
timeStep,numberOfRobotsOnBlackSite,numberOfRobotsOnWhiteSite
33655,25,15
timeStep,numberOfRobotsOnBlackSite,numberOfRobotsOnWhiteSite
33656,25,15
timeStep,numberOfRobotsOnBlackSite,numberOfRobotsOnWhiteSite
33657,25,15
timeStep,numberOfRobotsOnBlackSite,numberOfRobotsOnWhiteSite
33658,25,15
timeStep,numberOfRobotsOnBlackSite,numberOfRobotsOnWhiteSite
33659,25,15
timeStep,numberOfRobotsOnBlackSite,numberOfRobotsOnWhiteSite
33660,25,15
timeStep,numberOfRobotsOnBlackSite,numberOfRobotsOnWhiteSite
33661,25,15
timeStep,numberOfRobotsOnBlackSite,numberOfRobotsOnWhiteSite
33662,25,15
timeStep,numberOfRobotsOnBlackSite,numberOfRobotsOnWhiteSite
33663,25,15
timeStep,numberOfRobotsOnBlackSite,numberOfRobotsOnWhiteSite
33664,25,15
timeStep,numberOfRobotsOnBlackSite,numberOfRobotsOnWhiteSite
33665,25,16
timeStep,numberOfRobotsOnBlackSite,numberOfRobotsOnWhiteSite
33666,25,16
timeStep,numberOfRobotsOnBlackSite,numberOfRobotsOnWhiteSite
33667,25,16
timeStep,numberOfRobotsOnBlackSite,numberOfRobotsOnWhiteSite
33668,25,16
timeStep,numberOfRobotsOnBlackSite,numberOfRobotsOnWhiteSite
33669,25,16
timeStep,numberOfRobotsOnBlackSite,numberOfRobotsOnWhiteSite
33670,25,16
timeStep,numberOfRobotsOnBlackSite,numberOfRobotsOnWhiteSite
33671,25,16
timeStep,numberOfRobotsOnBlackSite,numberOfRobotsOnWhiteSite
33672,25,16
timeStep,numberOfRobotsOnBlackSite,numberOfRobotsOnWhiteSite
33673,25,16
timeStep,numberOfRobotsOnBlackSite,numberOfRobotsOnWhiteSite
33674,25,16
timeStep,numberOfRobotsOnBlackSite,numberOfRobotsOnWhiteSite
33675,25,16
timeStep,numberOfRobotsOnBlackSite,numberOfRobotsOnWhiteSite
33676,25,16
timeStep,numberOfRobotsOnBlackSite,numberOfRobotsOnWhiteSite
33677,25,16
timeStep,numberOfRobotsOnBlackSite,numberOfRobotsOnWhiteSite
33678,25,16
timeStep,numberOfRobotsOnBlackSite,numberOfRobotsOnWhiteSite
33679,25,16
timeStep,numberOfRobotsOnBlackSite,numberOfRobotsOnWhiteSite
33680,25,16
timeStep,numberOfRobotsOnBlackSite,numberOfRobotsOnWhiteSite
33681,25,16
timeStep,numberOfRobotsOnBlackSite,numberOfRobotsOnWhiteSite
33682,25,16
timeStep,numberOfRobotsOnBlackSite,numberOfRobotsOnWhiteSite
33683,25,16
timeStep,numberOfRobotsOnBlackSite,numberOfRobotsOnWhiteSite
33684,25,16
timeStep,numberOfRobotsOnBlackSite,numberOfRobotsOnWhiteSite
33685,25,16
timeStep,numberOfRobotsOnBlackSite,numberOfRobotsOnWhiteSite
33686,25,16
timeStep,numberOfRobotsOnBlackSite,numberOfRobotsOnWhiteSite
33687,25,16
timeStep,numberOfRobotsOnBlackSite,numberOfRobotsOnWhiteSite
33688,25,16
timeStep,numberOfRobotsOnBlackSite,numberOfRobotsOnWhiteSite
33689,25,16
timeStep,numberOfRobotsOnBlackSite,numberOfRobotsOnWhiteSite
33690,25,16
timeStep,numberOfRobotsOnBlackSite,numberOfRobotsOnWhiteSite
33691,25,16
timeStep,numberOfRobotsOnBlackSite,numberOfRobotsOnWhiteSite
33692,25,16
timeStep,numberOfRobotsOnBlackSite,numberOfRobotsOnWhiteSite
33693,25,16
timeStep,numberOfRobotsOnBlackSite,numberOfRobotsOnWhiteSite
33694,25,16
timeStep,numberOfRobotsOnBlackSite,numberOfRobotsOnWhiteSite
33695,25,16
timeStep,numberOfRobotsOnBlackSite,numberOfRobotsOnWhiteSite
33696,25,16
timeStep,numberOfRobotsOnBlackSite,numberOfRobotsOnWhiteSite
33697,25,16
timeStep,numberOfRobotsOnBlackSite,numberOfRobotsOnWhiteSite
33698,25,16
timeStep,numberOfRobotsOnBlackSite,numberOfRobotsOnWhiteSite
33699,25,16
timeStep,numberOfRobotsOnBlackSite,numberOfRobotsOnWhiteSite
33700,26,16
timeStep,numberOfRobotsOnBlackSite,numberOfRobotsOnWhiteSite
33701,26,16
timeStep,numberOfRobotsOnBlackSite,numberOfRobotsOnWhiteSite
33702,26,16
timeStep,numberOfRobotsOnBlackSite,numberOfRobotsOnWhiteSite
33703,26,16
timeStep,numberOfRobotsOnBlackSite,numberOfRobotsOnWhiteSite
33704,26,16
timeStep,numberOfRobotsOnBlackSite,numberOfRobotsOnWhiteSite
33705,26,16
timeStep,numberOfRobotsOnBlackSite,numberOfRobotsOnWhiteSite
33706,26,16
timeStep,numberOfRobotsOnBlackSite,numberOfRobotsOnWhiteSite
33707,26,16
timeStep,numberOfRobotsOnBlackSite,numberOfRobotsOnWhiteSite
33708,26,16
timeStep,numberOfRobotsOnBlackSite,numberOfRobotsOnWhiteSite
33709,26,16
timeStep,numberOfRobotsOnBlackSite,numberOfRobotsOnWhiteSite
33710,26,16
timeStep,numberOfRobotsOnBlackSite,numberOfRobotsOnWhiteSite
33711,26,16
timeStep,numberOfRobotsOnBlackSite,numberOfRobotsOnWhiteSite
33712,26,16
timeStep,numberOfRobotsOnBlackSite,numberOfRobotsOnWhiteSite
33713,26,16
timeStep,numberOfRobotsOnBlackSite,numberOfRobotsOnWhiteSite
33714,26,16
timeStep,numberOfRobotsOnBlackSite,numberOfRobotsOnWhiteSite
33715,26,16
timeStep,numberOfRobotsOnBlackSite,numberOfRobotsOnWhiteSite
33716,26,16
timeStep,numberOfRobotsOnBlackSite,numberOfRobotsOnWhiteSite
33717,26,16
timeStep,numberOfRobotsOnBlackSite,numberOfRobotsOnWhiteSite
33718,26,16
timeStep,numberOfRobotsOnBlackSite,numberOfRobotsOnWhiteSite
33719,26,16
timeStep,numberOfRobotsOnBlackSite,numberOfRobotsOnWhiteSite
33720,26,16
timeStep,numberOfRobotsOnBlackSite,numberOfRobotsOnWhiteSite
33721,26,16
timeStep,numberOfRobotsOnBlackSite,numberOfRobotsOnWhiteSite
33722,26,16
timeStep,numberOfRobotsOnBlackSite,numberOfRobotsOnWhiteSite
33723,26,16
timeStep,numberOfRobotsOnBlackSite,numberOfRobotsOnWhiteSite
33724,26,16
timeStep,numberOfRobotsOnBlackSite,numberOfRobotsOnWhiteSite
33725,26,16
timeStep,numberOfRobotsOnBlackSite,numberOfRobotsOnWhiteSite
33726,26,16
timeStep,numberOfRobotsOnBlackSite,numberOfRobotsOnWhiteSite
33727,26,16
timeStep,numberOfRobotsOnBlackSite,numberOfRobotsOnWhiteSite
33728,26,16
timeStep,numberOfRobotsOnBlackSite,numberOfRobotsOnWhiteSite
33729,26,16
timeStep,numberOfRobotsOnBlackSite,numberOfRobotsOnWhiteSite
33730,26,16
timeStep,numberOfRobotsOnBlackSite,numberOfRobotsOnWhiteSite
33731,26,16
timeStep,numberOfRobotsOnBlackSite,numberOfRobotsOnWhiteSite
33732,26,16
timeStep,numberOfRobotsOnBlackSite,numberOfRobotsOnWhiteSite
33733,26,16
timeStep,numberOfRobotsOnBlackSite,numberOfRobotsOnWhiteSite
33734,26,16
timeStep,numberOfRobotsOnBlackSite,numberOfRobotsOnWhiteSite
33735,26,16
timeStep,numberOfRobotsOnBlackSite,numberOfRobotsOnWhiteSite
33736,26,16
timeStep,numberOfRobotsOnBlackSite,numberOfRobotsOnWhiteSite
33737,26,16
timeStep,numberOfRobotsOnBlackSite,numberOfRobotsOnWhiteSite
33738,26,16
timeStep,numberOfRobotsOnBlackSite,numberOfRobotsOnWhiteSite
33739,26,16
timeStep,numberOfRobotsOnBlackSite,numberOfRobotsOnWhiteSite
33740,26,16
timeStep,numberOfRobotsOnBlackSite,numberOfRobotsOnWhiteSite
33741,26,16
timeStep,numberOfRobotsOnBlackSite,numberOfRobotsOnWhiteSite
33742,26,16
timeStep,numberOfRobotsOnBlackSite,numberOfRobotsOnWhiteSite
33743,26,16
timeStep,numberOfRobotsOnBlackSite,numberOfRobotsOnWhiteSite
33744,26,16
timeStep,numberOfRobotsOnBlackSite,numberOfRobotsOnWhiteSite
33745,26,16
timeStep,numberOfRobotsOnBlackSite,numberOfRobotsOnWhiteSite
33746,26,16
timeStep,numberOfRobotsOnBlackSite,numberOfRobotsOnWhiteSite
33747,26,16
timeStep,numberOfRobotsOnBlackSite,numberOfRobotsOnWhiteSite
33748,26,16
timeStep,numberOfRobotsOnBlackSite,numberOfRobotsOnWhiteSite
33749,26,16
timeStep,numberOfRobotsOnBlackSite,numberOfRobotsOnWhiteSite
33750,26,16
timeStep,numberOfRobotsOnBlackSite,numberOfRobotsOnWhiteSite
33751,26,16
timeStep,numberOfRobotsOnBlackSite,numberOfRobotsOnWhiteSite
33752,26,16
timeStep,numberOfRobotsOnBlackSite,numberOfRobotsOnWhiteSite
33753,26,16
timeStep,numberOfRobotsOnBlackSite,numberOfRobotsOnWhiteSite
33754,26,16
timeStep,numberOfRobotsOnBlackSite,numberOfRobotsOnWhiteSite
33755,26,16
timeStep,numberOfRobotsOnBlackSite,numberOfRobotsOnWhiteSite
33756,26,16
timeStep,numberOfRobotsOnBlackSite,numberOfRobotsOnWhiteSite
33757,26,16
timeStep,numberOfRobotsOnBlackSite,numberOfRobotsOnWhiteSite
33758,26,16
timeStep,numberOfRobotsOnBlackSite,numberOfRobotsOnWhiteSite
33759,26,16
timeStep,numberOfRobotsOnBlackSite,numberOfRobotsOnWhiteSite
33760,26,16
timeStep,numberOfRobotsOnBlackSite,numberOfRobotsOnWhiteSite
33761,26,16
timeStep,numberOfRobotsOnBlackSite,numberOfRobotsOnWhiteSite
33762,26,16
timeStep,numberOfRobotsOnBlackSite,numberOfRobotsOnWhiteSite
33763,26,16
timeStep,numberOfRobotsOnBlackSite,numberOfRobotsOnWhiteSite
33764,26,16
timeStep,numberOfRobotsOnBlackSite,numberOfRobotsOnWhiteSite
33765,26,16
timeStep,numberOfRobotsOnBlackSite,numberOfRobotsOnWhiteSite
33766,26,16
timeStep,numberOfRobotsOnBlackSite,numberOfRobotsOnWhiteSite
33767,26,16
timeStep,numberOfRobotsOnBlackSite,numberOfRobotsOnWhiteSite
33768,26,16
timeStep,numberOfRobotsOnBlackSite,numberOfRobotsOnWhiteSite
33769,26,16
timeStep,numberOfRobotsOnBlackSite,numberOfRobotsOnWhiteSite
33770,26,16
timeStep,numberOfRobotsOnBlackSite,numberOfRobotsOnWhiteSite
33771,26,16
timeStep,numberOfRobotsOnBlackSite,numberOfRobotsOnWhiteSite
33772,26,16
timeStep,numberOfRobotsOnBlackSite,numberOfRobotsOnWhiteSite
33773,26,16
timeStep,numberOfRobotsOnBlackSite,numberOfRobotsOnWhiteSite
33774,26,16
timeStep,numberOfRobotsOnBlackSite,numberOfRobotsOnWhiteSite
33775,26,16
timeStep,numberOfRobotsOnBlackSite,numberOfRobotsOnWhiteSite
33776,26,16
timeStep,numberOfRobotsOnBlackSite,numberOfRobotsOnWhiteSite
33777,26,16
timeStep,numberOfRobotsOnBlackSite,numberOfRobotsOnWhiteSite
33778,26,16
timeStep,numberOfRobotsOnBlackSite,numberOfRobotsOnWhiteSite
33779,26,16
timeStep,numberOfRobotsOnBlackSite,numberOfRobotsOnWhiteSite
33780,26,16
timeStep,numberOfRobotsOnBlackSite,numberOfRobotsOnWhiteSite
33781,26,16
timeStep,numberOfRobotsOnBlackSite,numberOfRobotsOnWhiteSite
33782,26,16
timeStep,numberOfRobotsOnBlackSite,numberOfRobotsOnWhiteSite
33783,26,16
timeStep,numberOfRobotsOnBlackSite,numberOfRobotsOnWhiteSite
33784,26,16
timeStep,numberOfRobotsOnBlackSite,numberOfRobotsOnWhiteSite
33785,26,16
timeStep,numberOfRobotsOnBlackSite,numberOfRobotsOnWhiteSite
33786,26,16
timeStep,numberOfRobotsOnBlackSite,numberOfRobotsOnWhiteSite
33787,26,16
timeStep,numberOfRobotsOnBlackSite,numberOfRobotsOnWhiteSite
33788,26,16
timeStep,numberOfRobotsOnBlackSite,numberOfRobotsOnWhiteSite
33789,26,16
timeStep,numberOfRobotsOnBlackSite,numberOfRobotsOnWhiteSite
33790,26,16
timeStep,numberOfRobotsOnBlackSite,numberOfRobotsOnWhiteSite
33791,26,16
timeStep,numberOfRobotsOnBlackSite,numberOfRobotsOnWhiteSite
33792,26,16
timeStep,numberOfRobotsOnBlackSite,numberOfRobotsOnWhiteSite
33793,26,16
timeStep,numberOfRobotsOnBlackSite,numberOfRobotsOnWhiteSite
33794,26,16
timeStep,numberOfRobotsOnBlackSite,numberOfRobotsOnWhiteSite
33795,26,16
timeStep,numberOfRobotsOnBlackSite,numberOfRobotsOnWhiteSite
33796,26,16
timeStep,numberOfRobotsOnBlackSite,numberOfRobotsOnWhiteSite
33797,26,16
timeStep,numberOfRobotsOnBlackSite,numberOfRobotsOnWhiteSite
33798,26,16
timeStep,numberOfRobotsOnBlackSite,numberOfRobotsOnWhiteSite
33799,26,16
timeStep,numberOfRobotsOnBlackSite,numberOfRobotsOnWhiteSite
33800,26,16
timeStep,numberOfRobotsOnBlackSite,numberOfRobotsOnWhiteSite
33801,26,16
timeStep,numberOfRobotsOnBlackSite,numberOfRobotsOnWhiteSite
33802,26,16
timeStep,numberOfRobotsOnBlackSite,numberOfRobotsOnWhiteSite
33803,26,16
timeStep,numberOfRobotsOnBlackSite,numberOfRobotsOnWhiteSite
33804,26,16
timeStep,numberOfRobotsOnBlackSite,numberOfRobotsOnWhiteSite
33805,26,16
timeStep,numberOfRobotsOnBlackSite,numberOfRobotsOnWhiteSite
33806,26,16
timeStep,numberOfRobotsOnBlackSite,numberOfRobotsOnWhiteSite
33807,26,16
timeStep,numberOfRobotsOnBlackSite,numberOfRobotsOnWhiteSite
33808,26,16
timeStep,numberOfRobotsOnBlackSite,numberOfRobotsOnWhiteSite
33809,26,16
timeStep,numberOfRobotsOnBlackSite,numberOfRobotsOnWhiteSite
33810,26,16
timeStep,numberOfRobotsOnBlackSite,numberOfRobotsOnWhiteSite
33811,26,16
timeStep,numberOfRobotsOnBlackSite,numberOfRobotsOnWhiteSite
33812,26,16
timeStep,numberOfRobotsOnBlackSite,numberOfRobotsOnWhiteSite
33813,26,16
timeStep,numberOfRobotsOnBlackSite,numberOfRobotsOnWhiteSite
33814,26,16
timeStep,numberOfRobotsOnBlackSite,numberOfRobotsOnWhiteSite
33815,26,16
timeStep,numberOfRobotsOnBlackSite,numberOfRobotsOnWhiteSite
33816,26,16
timeStep,numberOfRobotsOnBlackSite,numberOfRobotsOnWhiteSite
33817,26,16
timeStep,numberOfRobotsOnBlackSite,numberOfRobotsOnWhiteSite
33818,26,16
timeStep,numberOfRobotsOnBlackSite,numberOfRobotsOnWhiteSite
33819,26,16
timeStep,numberOfRobotsOnBlackSite,numberOfRobotsOnWhiteSite
33820,26,16
timeStep,numberOfRobotsOnBlackSite,numberOfRobotsOnWhiteSite
33821,26,16
timeStep,numberOfRobotsOnBlackSite,numberOfRobotsOnWhiteSite
33822,26,16
timeStep,numberOfRobotsOnBlackSite,numberOfRobotsOnWhiteSite
33823,26,16
timeStep,numberOfRobotsOnBlackSite,numberOfRobotsOnWhiteSite
33824,26,16
timeStep,numberOfRobotsOnBlackSite,numberOfRobotsOnWhiteSite
33825,26,16
timeStep,numberOfRobotsOnBlackSite,numberOfRobotsOnWhiteSite
33826,26,16
timeStep,numberOfRobotsOnBlackSite,numberOfRobotsOnWhiteSite
33827,26,16
timeStep,numberOfRobotsOnBlackSite,numberOfRobotsOnWhiteSite
33828,26,16
timeStep,numberOfRobotsOnBlackSite,numberOfRobotsOnWhiteSite
33829,26,16
timeStep,numberOfRobotsOnBlackSite,numberOfRobotsOnWhiteSite
33830,26,16
timeStep,numberOfRobotsOnBlackSite,numberOfRobotsOnWhiteSite
33831,26,16
timeStep,numberOfRobotsOnBlackSite,numberOfRobotsOnWhiteSite
33832,26,16
timeStep,numberOfRobotsOnBlackSite,numberOfRobotsOnWhiteSite
33833,26,16
timeStep,numberOfRobotsOnBlackSite,numberOfRobotsOnWhiteSite
33834,26,16
timeStep,numberOfRobotsOnBlackSite,numberOfRobotsOnWhiteSite
33835,26,16
timeStep,numberOfRobotsOnBlackSite,numberOfRobotsOnWhiteSite
33836,26,16
timeStep,numberOfRobotsOnBlackSite,numberOfRobotsOnWhiteSite
33837,26,16
timeStep,numberOfRobotsOnBlackSite,numberOfRobotsOnWhiteSite
33838,26,16
timeStep,numberOfRobotsOnBlackSite,numberOfRobotsOnWhiteSite
33839,26,16
timeStep,numberOfRobotsOnBlackSite,numberOfRobotsOnWhiteSite
33840,26,16
timeStep,numberOfRobotsOnBlackSite,numberOfRobotsOnWhiteSite
33841,26,16
timeStep,numberOfRobotsOnBlackSite,numberOfRobotsOnWhiteSite
33842,26,16
timeStep,numberOfRobotsOnBlackSite,numberOfRobotsOnWhiteSite
33843,26,16
timeStep,numberOfRobotsOnBlackSite,numberOfRobotsOnWhiteSite
33844,26,16
timeStep,numberOfRobotsOnBlackSite,numberOfRobotsOnWhiteSite
33845,26,16
timeStep,numberOfRobotsOnBlackSite,numberOfRobotsOnWhiteSite
33846,26,16
timeStep,numberOfRobotsOnBlackSite,numberOfRobotsOnWhiteSite
33847,26,16
timeStep,numberOfRobotsOnBlackSite,numberOfRobotsOnWhiteSite
33848,26,16
timeStep,numberOfRobotsOnBlackSite,numberOfRobotsOnWhiteSite
33849,26,16
timeStep,numberOfRobotsOnBlackSite,numberOfRobotsOnWhiteSite
33850,26,16
timeStep,numberOfRobotsOnBlackSite,numberOfRobotsOnWhiteSite
33851,26,16
timeStep,numberOfRobotsOnBlackSite,numberOfRobotsOnWhiteSite
33852,26,16
timeStep,numberOfRobotsOnBlackSite,numberOfRobotsOnWhiteSite
33853,26,16
timeStep,numberOfRobotsOnBlackSite,numberOfRobotsOnWhiteSite
33854,26,16
timeStep,numberOfRobotsOnBlackSite,numberOfRobotsOnWhiteSite
33855,26,16
timeStep,numberOfRobotsOnBlackSite,numberOfRobotsOnWhiteSite
33856,26,16
timeStep,numberOfRobotsOnBlackSite,numberOfRobotsOnWhiteSite
33857,26,16
timeStep,numberOfRobotsOnBlackSite,numberOfRobotsOnWhiteSite
33858,26,16
timeStep,numberOfRobotsOnBlackSite,numberOfRobotsOnWhiteSite
33859,26,16
timeStep,numberOfRobotsOnBlackSite,numberOfRobotsOnWhiteSite
33860,26,16
timeStep,numberOfRobotsOnBlackSite,numberOfRobotsOnWhiteSite
33861,26,16
timeStep,numberOfRobotsOnBlackSite,numberOfRobotsOnWhiteSite
33862,26,16
timeStep,numberOfRobotsOnBlackSite,numberOfRobotsOnWhiteSite
33863,26,16
timeStep,numberOfRobotsOnBlackSite,numberOfRobotsOnWhiteSite
33864,26,16
timeStep,numberOfRobotsOnBlackSite,numberOfRobotsOnWhiteSite
33865,26,16
timeStep,numberOfRobotsOnBlackSite,numberOfRobotsOnWhiteSite
33866,26,16
timeStep,numberOfRobotsOnBlackSite,numberOfRobotsOnWhiteSite
33867,26,16
timeStep,numberOfRobotsOnBlackSite,numberOfRobotsOnWhiteSite
33868,26,16
timeStep,numberOfRobotsOnBlackSite,numberOfRobotsOnWhiteSite
33869,26,16
timeStep,numberOfRobotsOnBlackSite,numberOfRobotsOnWhiteSite
33870,26,16
timeStep,numberOfRobotsOnBlackSite,numberOfRobotsOnWhiteSite
33871,26,16
timeStep,numberOfRobotsOnBlackSite,numberOfRobotsOnWhiteSite
33872,26,16
timeStep,numberOfRobotsOnBlackSite,numberOfRobotsOnWhiteSite
33873,26,16
timeStep,numberOfRobotsOnBlackSite,numberOfRobotsOnWhiteSite
33874,26,16
timeStep,numberOfRobotsOnBlackSite,numberOfRobotsOnWhiteSite
33875,26,16
timeStep,numberOfRobotsOnBlackSite,numberOfRobotsOnWhiteSite
33876,26,16
timeStep,numberOfRobotsOnBlackSite,numberOfRobotsOnWhiteSite
33877,26,16
timeStep,numberOfRobotsOnBlackSite,numberOfRobotsOnWhiteSite
33878,26,16
timeStep,numberOfRobotsOnBlackSite,numberOfRobotsOnWhiteSite
33879,26,16
timeStep,numberOfRobotsOnBlackSite,numberOfRobotsOnWhiteSite
33880,26,16
timeStep,numberOfRobotsOnBlackSite,numberOfRobotsOnWhiteSite
33881,26,16
timeStep,numberOfRobotsOnBlackSite,numberOfRobotsOnWhiteSite
33882,26,16
timeStep,numberOfRobotsOnBlackSite,numberOfRobotsOnWhiteSite
33883,26,16
timeStep,numberOfRobotsOnBlackSite,numberOfRobotsOnWhiteSite
33884,26,16
timeStep,numberOfRobotsOnBlackSite,numberOfRobotsOnWhiteSite
33885,26,16
timeStep,numberOfRobotsOnBlackSite,numberOfRobotsOnWhiteSite
33886,26,16
timeStep,numberOfRobotsOnBlackSite,numberOfRobotsOnWhiteSite
33887,26,16
timeStep,numberOfRobotsOnBlackSite,numberOfRobotsOnWhiteSite
33888,26,16
timeStep,numberOfRobotsOnBlackSite,numberOfRobotsOnWhiteSite
33889,26,16
timeStep,numberOfRobotsOnBlackSite,numberOfRobotsOnWhiteSite
33890,26,16
timeStep,numberOfRobotsOnBlackSite,numberOfRobotsOnWhiteSite
33891,26,16
timeStep,numberOfRobotsOnBlackSite,numberOfRobotsOnWhiteSite
33892,26,16
timeStep,numberOfRobotsOnBlackSite,numberOfRobotsOnWhiteSite
33893,26,16
timeStep,numberOfRobotsOnBlackSite,numberOfRobotsOnWhiteSite
33894,26,16
timeStep,numberOfRobotsOnBlackSite,numberOfRobotsOnWhiteSite
33895,26,16
timeStep,numberOfRobotsOnBlackSite,numberOfRobotsOnWhiteSite
33896,26,16
timeStep,numberOfRobotsOnBlackSite,numberOfRobotsOnWhiteSite
33897,26,16
timeStep,numberOfRobotsOnBlackSite,numberOfRobotsOnWhiteSite
33898,26,16
timeStep,numberOfRobotsOnBlackSite,numberOfRobotsOnWhiteSite
33899,26,16
timeStep,numberOfRobotsOnBlackSite,numberOfRobotsOnWhiteSite
33900,26,16
timeStep,numberOfRobotsOnBlackSite,numberOfRobotsOnWhiteSite
33901,26,16
timeStep,numberOfRobotsOnBlackSite,numberOfRobotsOnWhiteSite
33902,26,16
timeStep,numberOfRobotsOnBlackSite,numberOfRobotsOnWhiteSite
33903,26,16
timeStep,numberOfRobotsOnBlackSite,numberOfRobotsOnWhiteSite
33904,26,16
timeStep,numberOfRobotsOnBlackSite,numberOfRobotsOnWhiteSite
33905,26,16
timeStep,numberOfRobotsOnBlackSite,numberOfRobotsOnWhiteSite
33906,26,16
timeStep,numberOfRobotsOnBlackSite,numberOfRobotsOnWhiteSite
33907,26,16
timeStep,numberOfRobotsOnBlackSite,numberOfRobotsOnWhiteSite
33908,26,16
timeStep,numberOfRobotsOnBlackSite,numberOfRobotsOnWhiteSite
33909,26,16
timeStep,numberOfRobotsOnBlackSite,numberOfRobotsOnWhiteSite
33910,26,16
timeStep,numberOfRobotsOnBlackSite,numberOfRobotsOnWhiteSite
33911,26,16
timeStep,numberOfRobotsOnBlackSite,numberOfRobotsOnWhiteSite
33912,26,16
timeStep,numberOfRobotsOnBlackSite,numberOfRobotsOnWhiteSite
33913,26,16
timeStep,numberOfRobotsOnBlackSite,numberOfRobotsOnWhiteSite
33914,26,16
timeStep,numberOfRobotsOnBlackSite,numberOfRobotsOnWhiteSite
33915,26,15
timeStep,numberOfRobotsOnBlackSite,numberOfRobotsOnWhiteSite
33916,26,15
timeStep,numberOfRobotsOnBlackSite,numberOfRobotsOnWhiteSite
33917,26,15
timeStep,numberOfRobotsOnBlackSite,numberOfRobotsOnWhiteSite
33918,26,15
timeStep,numberOfRobotsOnBlackSite,numberOfRobotsOnWhiteSite
33919,26,15
timeStep,numberOfRobotsOnBlackSite,numberOfRobotsOnWhiteSite
33920,26,15
timeStep,numberOfRobotsOnBlackSite,numberOfRobotsOnWhiteSite
33921,26,15
timeStep,numberOfRobotsOnBlackSite,numberOfRobotsOnWhiteSite
33922,26,15
timeStep,numberOfRobotsOnBlackSite,numberOfRobotsOnWhiteSite
33923,26,15
timeStep,numberOfRobotsOnBlackSite,numberOfRobotsOnWhiteSite
33924,26,15
timeStep,numberOfRobotsOnBlackSite,numberOfRobotsOnWhiteSite
33925,26,15
timeStep,numberOfRobotsOnBlackSite,numberOfRobotsOnWhiteSite
33926,26,15
timeStep,numberOfRobotsOnBlackSite,numberOfRobotsOnWhiteSite
33927,26,15
timeStep,numberOfRobotsOnBlackSite,numberOfRobotsOnWhiteSite
33928,26,15
timeStep,numberOfRobotsOnBlackSite,numberOfRobotsOnWhiteSite
33929,26,15
timeStep,numberOfRobotsOnBlackSite,numberOfRobotsOnWhiteSite
33930,26,15
timeStep,numberOfRobotsOnBlackSite,numberOfRobotsOnWhiteSite
33931,26,15
timeStep,numberOfRobotsOnBlackSite,numberOfRobotsOnWhiteSite
33932,26,15
timeStep,numberOfRobotsOnBlackSite,numberOfRobotsOnWhiteSite
33933,26,15
timeStep,numberOfRobotsOnBlackSite,numberOfRobotsOnWhiteSite
33934,26,15
timeStep,numberOfRobotsOnBlackSite,numberOfRobotsOnWhiteSite
33935,26,15
timeStep,numberOfRobotsOnBlackSite,numberOfRobotsOnWhiteSite
33936,26,15
timeStep,numberOfRobotsOnBlackSite,numberOfRobotsOnWhiteSite
33937,26,15
timeStep,numberOfRobotsOnBlackSite,numberOfRobotsOnWhiteSite
33938,26,15
timeStep,numberOfRobotsOnBlackSite,numberOfRobotsOnWhiteSite
33939,26,15
timeStep,numberOfRobotsOnBlackSite,numberOfRobotsOnWhiteSite
33940,26,15
timeStep,numberOfRobotsOnBlackSite,numberOfRobotsOnWhiteSite
33941,26,15
timeStep,numberOfRobotsOnBlackSite,numberOfRobotsOnWhiteSite
33942,26,15
timeStep,numberOfRobotsOnBlackSite,numberOfRobotsOnWhiteSite
33943,26,15
timeStep,numberOfRobotsOnBlackSite,numberOfRobotsOnWhiteSite
33944,26,15
timeStep,numberOfRobotsOnBlackSite,numberOfRobotsOnWhiteSite
33945,26,15
timeStep,numberOfRobotsOnBlackSite,numberOfRobotsOnWhiteSite
33946,26,15
timeStep,numberOfRobotsOnBlackSite,numberOfRobotsOnWhiteSite
33947,26,15
timeStep,numberOfRobotsOnBlackSite,numberOfRobotsOnWhiteSite
33948,26,15
timeStep,numberOfRobotsOnBlackSite,numberOfRobotsOnWhiteSite
33949,26,15
timeStep,numberOfRobotsOnBlackSite,numberOfRobotsOnWhiteSite
33950,26,15
timeStep,numberOfRobotsOnBlackSite,numberOfRobotsOnWhiteSite
33951,26,15
timeStep,numberOfRobotsOnBlackSite,numberOfRobotsOnWhiteSite
33952,26,15
timeStep,numberOfRobotsOnBlackSite,numberOfRobotsOnWhiteSite
33953,26,15
timeStep,numberOfRobotsOnBlackSite,numberOfRobotsOnWhiteSite
33954,26,15
timeStep,numberOfRobotsOnBlackSite,numberOfRobotsOnWhiteSite
33955,26,15
timeStep,numberOfRobotsOnBlackSite,numberOfRobotsOnWhiteSite
33956,26,15
timeStep,numberOfRobotsOnBlackSite,numberOfRobotsOnWhiteSite
33957,26,15
timeStep,numberOfRobotsOnBlackSite,numberOfRobotsOnWhiteSite
33958,26,15
timeStep,numberOfRobotsOnBlackSite,numberOfRobotsOnWhiteSite
33959,26,15
timeStep,numberOfRobotsOnBlackSite,numberOfRobotsOnWhiteSite
33960,26,15
timeStep,numberOfRobotsOnBlackSite,numberOfRobotsOnWhiteSite
33961,26,15
timeStep,numberOfRobotsOnBlackSite,numberOfRobotsOnWhiteSite
33962,26,15
timeStep,numberOfRobotsOnBlackSite,numberOfRobotsOnWhiteSite
33963,26,15
timeStep,numberOfRobotsOnBlackSite,numberOfRobotsOnWhiteSite
33964,26,15
timeStep,numberOfRobotsOnBlackSite,numberOfRobotsOnWhiteSite
33965,26,15
timeStep,numberOfRobotsOnBlackSite,numberOfRobotsOnWhiteSite
33966,26,15
timeStep,numberOfRobotsOnBlackSite,numberOfRobotsOnWhiteSite
33967,26,15
timeStep,numberOfRobotsOnBlackSite,numberOfRobotsOnWhiteSite
33968,26,15
timeStep,numberOfRobotsOnBlackSite,numberOfRobotsOnWhiteSite
33969,26,15
timeStep,numberOfRobotsOnBlackSite,numberOfRobotsOnWhiteSite
33970,26,15
timeStep,numberOfRobotsOnBlackSite,numberOfRobotsOnWhiteSite
33971,26,15
timeStep,numberOfRobotsOnBlackSite,numberOfRobotsOnWhiteSite
33972,26,15
timeStep,numberOfRobotsOnBlackSite,numberOfRobotsOnWhiteSite
33973,26,15
timeStep,numberOfRobotsOnBlackSite,numberOfRobotsOnWhiteSite
33974,26,15
timeStep,numberOfRobotsOnBlackSite,numberOfRobotsOnWhiteSite
33975,26,15
timeStep,numberOfRobotsOnBlackSite,numberOfRobotsOnWhiteSite
33976,26,15
timeStep,numberOfRobotsOnBlackSite,numberOfRobotsOnWhiteSite
33977,26,15
timeStep,numberOfRobotsOnBlackSite,numberOfRobotsOnWhiteSite
33978,26,15
timeStep,numberOfRobotsOnBlackSite,numberOfRobotsOnWhiteSite
33979,26,15
timeStep,numberOfRobotsOnBlackSite,numberOfRobotsOnWhiteSite
33980,26,15
timeStep,numberOfRobotsOnBlackSite,numberOfRobotsOnWhiteSite
33981,26,15
timeStep,numberOfRobotsOnBlackSite,numberOfRobotsOnWhiteSite
33982,26,15
timeStep,numberOfRobotsOnBlackSite,numberOfRobotsOnWhiteSite
33983,26,15
timeStep,numberOfRobotsOnBlackSite,numberOfRobotsOnWhiteSite
33984,26,15
timeStep,numberOfRobotsOnBlackSite,numberOfRobotsOnWhiteSite
33985,26,15
timeStep,numberOfRobotsOnBlackSite,numberOfRobotsOnWhiteSite
33986,26,15
timeStep,numberOfRobotsOnBlackSite,numberOfRobotsOnWhiteSite
33987,26,15
timeStep,numberOfRobotsOnBlackSite,numberOfRobotsOnWhiteSite
33988,26,15
timeStep,numberOfRobotsOnBlackSite,numberOfRobotsOnWhiteSite
33989,26,15
timeStep,numberOfRobotsOnBlackSite,numberOfRobotsOnWhiteSite
33990,26,15
timeStep,numberOfRobotsOnBlackSite,numberOfRobotsOnWhiteSite
33991,26,15
timeStep,numberOfRobotsOnBlackSite,numberOfRobotsOnWhiteSite
33992,26,15
timeStep,numberOfRobotsOnBlackSite,numberOfRobotsOnWhiteSite
33993,26,15
timeStep,numberOfRobotsOnBlackSite,numberOfRobotsOnWhiteSite
33994,26,15
timeStep,numberOfRobotsOnBlackSite,numberOfRobotsOnWhiteSite
33995,26,14
timeStep,numberOfRobotsOnBlackSite,numberOfRobotsOnWhiteSite
33996,26,14
timeStep,numberOfRobotsOnBlackSite,numberOfRobotsOnWhiteSite
33997,26,14
timeStep,numberOfRobotsOnBlackSite,numberOfRobotsOnWhiteSite
33998,26,14
timeStep,numberOfRobotsOnBlackSite,numberOfRobotsOnWhiteSite
33999,26,14
timeStep,numberOfRobotsOnBlackSite,numberOfRobotsOnWhiteSite
34000,26,14
timeStep,numberOfRobotsOnBlackSite,numberOfRobotsOnWhiteSite
34001,26,14
timeStep,numberOfRobotsOnBlackSite,numberOfRobotsOnWhiteSite
34002,26,14
timeStep,numberOfRobotsOnBlackSite,numberOfRobotsOnWhiteSite
34003,26,14
timeStep,numberOfRobotsOnBlackSite,numberOfRobotsOnWhiteSite
34004,26,14
timeStep,numberOfRobotsOnBlackSite,numberOfRobotsOnWhiteSite
34005,26,14
timeStep,numberOfRobotsOnBlackSite,numberOfRobotsOnWhiteSite
34006,26,14
timeStep,numberOfRobotsOnBlackSite,numberOfRobotsOnWhiteSite
34007,26,14
timeStep,numberOfRobotsOnBlackSite,numberOfRobotsOnWhiteSite
34008,26,14
timeStep,numberOfRobotsOnBlackSite,numberOfRobotsOnWhiteSite
34009,26,14
timeStep,numberOfRobotsOnBlackSite,numberOfRobotsOnWhiteSite
34010,27,14
timeStep,numberOfRobotsOnBlackSite,numberOfRobotsOnWhiteSite
34011,27,14
timeStep,numberOfRobotsOnBlackSite,numberOfRobotsOnWhiteSite
34012,27,14
timeStep,numberOfRobotsOnBlackSite,numberOfRobotsOnWhiteSite
34013,27,14
timeStep,numberOfRobotsOnBlackSite,numberOfRobotsOnWhiteSite
34014,27,14
timeStep,numberOfRobotsOnBlackSite,numberOfRobotsOnWhiteSite
34015,26,14
timeStep,numberOfRobotsOnBlackSite,numberOfRobotsOnWhiteSite
34016,26,14
timeStep,numberOfRobotsOnBlackSite,numberOfRobotsOnWhiteSite
34017,26,14
timeStep,numberOfRobotsOnBlackSite,numberOfRobotsOnWhiteSite
34018,26,14
timeStep,numberOfRobotsOnBlackSite,numberOfRobotsOnWhiteSite
34019,26,14
timeStep,numberOfRobotsOnBlackSite,numberOfRobotsOnWhiteSite
34020,26,14
timeStep,numberOfRobotsOnBlackSite,numberOfRobotsOnWhiteSite
34021,26,14
timeStep,numberOfRobotsOnBlackSite,numberOfRobotsOnWhiteSite
34022,26,14
timeStep,numberOfRobotsOnBlackSite,numberOfRobotsOnWhiteSite
34023,26,14
timeStep,numberOfRobotsOnBlackSite,numberOfRobotsOnWhiteSite
34024,26,14
timeStep,numberOfRobotsOnBlackSite,numberOfRobotsOnWhiteSite
34025,25,14
timeStep,numberOfRobotsOnBlackSite,numberOfRobotsOnWhiteSite
34026,25,14
timeStep,numberOfRobotsOnBlackSite,numberOfRobotsOnWhiteSite
34027,25,14
timeStep,numberOfRobotsOnBlackSite,numberOfRobotsOnWhiteSite
34028,25,14
timeStep,numberOfRobotsOnBlackSite,numberOfRobotsOnWhiteSite
34029,25,14
timeStep,numberOfRobotsOnBlackSite,numberOfRobotsOnWhiteSite
34030,25,14
timeStep,numberOfRobotsOnBlackSite,numberOfRobotsOnWhiteSite
34031,25,14
timeStep,numberOfRobotsOnBlackSite,numberOfRobotsOnWhiteSite
34032,25,14
timeStep,numberOfRobotsOnBlackSite,numberOfRobotsOnWhiteSite
34033,25,14
timeStep,numberOfRobotsOnBlackSite,numberOfRobotsOnWhiteSite
34034,25,14
timeStep,numberOfRobotsOnBlackSite,numberOfRobotsOnWhiteSite
34035,25,15
timeStep,numberOfRobotsOnBlackSite,numberOfRobotsOnWhiteSite
34036,25,15
timeStep,numberOfRobotsOnBlackSite,numberOfRobotsOnWhiteSite
34037,25,15
timeStep,numberOfRobotsOnBlackSite,numberOfRobotsOnWhiteSite
34038,25,15
timeStep,numberOfRobotsOnBlackSite,numberOfRobotsOnWhiteSite
34039,25,15
timeStep,numberOfRobotsOnBlackSite,numberOfRobotsOnWhiteSite
34040,25,15
timeStep,numberOfRobotsOnBlackSite,numberOfRobotsOnWhiteSite
34041,25,15
timeStep,numberOfRobotsOnBlackSite,numberOfRobotsOnWhiteSite
34042,25,15
timeStep,numberOfRobotsOnBlackSite,numberOfRobotsOnWhiteSite
34043,25,15
timeStep,numberOfRobotsOnBlackSite,numberOfRobotsOnWhiteSite
34044,25,15
timeStep,numberOfRobotsOnBlackSite,numberOfRobotsOnWhiteSite
34045,25,15
timeStep,numberOfRobotsOnBlackSite,numberOfRobotsOnWhiteSite
34046,25,15
timeStep,numberOfRobotsOnBlackSite,numberOfRobotsOnWhiteSite
34047,25,15
timeStep,numberOfRobotsOnBlackSite,numberOfRobotsOnWhiteSite
34048,25,15
timeStep,numberOfRobotsOnBlackSite,numberOfRobotsOnWhiteSite
34049,25,15
timeStep,numberOfRobotsOnBlackSite,numberOfRobotsOnWhiteSite
34050,25,15
timeStep,numberOfRobotsOnBlackSite,numberOfRobotsOnWhiteSite
34051,25,15
timeStep,numberOfRobotsOnBlackSite,numberOfRobotsOnWhiteSite
34052,25,15
timeStep,numberOfRobotsOnBlackSite,numberOfRobotsOnWhiteSite
34053,25,15
timeStep,numberOfRobotsOnBlackSite,numberOfRobotsOnWhiteSite
34054,25,15
timeStep,numberOfRobotsOnBlackSite,numberOfRobotsOnWhiteSite
34055,25,15
timeStep,numberOfRobotsOnBlackSite,numberOfRobotsOnWhiteSite
34056,25,15
timeStep,numberOfRobotsOnBlackSite,numberOfRobotsOnWhiteSite
34057,25,15
timeStep,numberOfRobotsOnBlackSite,numberOfRobotsOnWhiteSite
34058,25,15
timeStep,numberOfRobotsOnBlackSite,numberOfRobotsOnWhiteSite
34059,25,15
timeStep,numberOfRobotsOnBlackSite,numberOfRobotsOnWhiteSite
34060,25,15
timeStep,numberOfRobotsOnBlackSite,numberOfRobotsOnWhiteSite
34061,25,15
timeStep,numberOfRobotsOnBlackSite,numberOfRobotsOnWhiteSite
34062,25,15
timeStep,numberOfRobotsOnBlackSite,numberOfRobotsOnWhiteSite
34063,25,15
timeStep,numberOfRobotsOnBlackSite,numberOfRobotsOnWhiteSite
34064,25,15
timeStep,numberOfRobotsOnBlackSite,numberOfRobotsOnWhiteSite
34065,25,15
timeStep,numberOfRobotsOnBlackSite,numberOfRobotsOnWhiteSite
34066,25,15
timeStep,numberOfRobotsOnBlackSite,numberOfRobotsOnWhiteSite
34067,25,15
timeStep,numberOfRobotsOnBlackSite,numberOfRobotsOnWhiteSite
34068,25,15
timeStep,numberOfRobotsOnBlackSite,numberOfRobotsOnWhiteSite
34069,25,15
timeStep,numberOfRobotsOnBlackSite,numberOfRobotsOnWhiteSite
34070,25,15
timeStep,numberOfRobotsOnBlackSite,numberOfRobotsOnWhiteSite
34071,25,15
timeStep,numberOfRobotsOnBlackSite,numberOfRobotsOnWhiteSite
34072,25,15
timeStep,numberOfRobotsOnBlackSite,numberOfRobotsOnWhiteSite
34073,25,15
timeStep,numberOfRobotsOnBlackSite,numberOfRobotsOnWhiteSite
34074,25,15
timeStep,numberOfRobotsOnBlackSite,numberOfRobotsOnWhiteSite
34075,25,15
timeStep,numberOfRobotsOnBlackSite,numberOfRobotsOnWhiteSite
34076,25,15
timeStep,numberOfRobotsOnBlackSite,numberOfRobotsOnWhiteSite
34077,25,15
timeStep,numberOfRobotsOnBlackSite,numberOfRobotsOnWhiteSite
34078,25,15
timeStep,numberOfRobotsOnBlackSite,numberOfRobotsOnWhiteSite
34079,25,15
timeStep,numberOfRobotsOnBlackSite,numberOfRobotsOnWhiteSite
34080,25,15
timeStep,numberOfRobotsOnBlackSite,numberOfRobotsOnWhiteSite
34081,25,15
timeStep,numberOfRobotsOnBlackSite,numberOfRobotsOnWhiteSite
34082,25,15
timeStep,numberOfRobotsOnBlackSite,numberOfRobotsOnWhiteSite
34083,25,15
timeStep,numberOfRobotsOnBlackSite,numberOfRobotsOnWhiteSite
34084,25,15
timeStep,numberOfRobotsOnBlackSite,numberOfRobotsOnWhiteSite
34085,25,15
timeStep,numberOfRobotsOnBlackSite,numberOfRobotsOnWhiteSite
34086,25,15
timeStep,numberOfRobotsOnBlackSite,numberOfRobotsOnWhiteSite
34087,25,15
timeStep,numberOfRobotsOnBlackSite,numberOfRobotsOnWhiteSite
34088,25,15
timeStep,numberOfRobotsOnBlackSite,numberOfRobotsOnWhiteSite
34089,25,15
timeStep,numberOfRobotsOnBlackSite,numberOfRobotsOnWhiteSite
34090,25,15
timeStep,numberOfRobotsOnBlackSite,numberOfRobotsOnWhiteSite
34091,25,15
timeStep,numberOfRobotsOnBlackSite,numberOfRobotsOnWhiteSite
34092,25,15
timeStep,numberOfRobotsOnBlackSite,numberOfRobotsOnWhiteSite
34093,25,15
timeStep,numberOfRobotsOnBlackSite,numberOfRobotsOnWhiteSite
34094,25,15
timeStep,numberOfRobotsOnBlackSite,numberOfRobotsOnWhiteSite
34095,25,15
timeStep,numberOfRobotsOnBlackSite,numberOfRobotsOnWhiteSite
34096,25,15
timeStep,numberOfRobotsOnBlackSite,numberOfRobotsOnWhiteSite
34097,25,15
timeStep,numberOfRobotsOnBlackSite,numberOfRobotsOnWhiteSite
34098,25,15
timeStep,numberOfRobotsOnBlackSite,numberOfRobotsOnWhiteSite
34099,25,15
timeStep,numberOfRobotsOnBlackSite,numberOfRobotsOnWhiteSite
34100,25,15
timeStep,numberOfRobotsOnBlackSite,numberOfRobotsOnWhiteSite
34101,25,15
timeStep,numberOfRobotsOnBlackSite,numberOfRobotsOnWhiteSite
34102,25,15
timeStep,numberOfRobotsOnBlackSite,numberOfRobotsOnWhiteSite
34103,25,15
timeStep,numberOfRobotsOnBlackSite,numberOfRobotsOnWhiteSite
34104,25,15
timeStep,numberOfRobotsOnBlackSite,numberOfRobotsOnWhiteSite
34105,25,15
timeStep,numberOfRobotsOnBlackSite,numberOfRobotsOnWhiteSite
34106,25,15
timeStep,numberOfRobotsOnBlackSite,numberOfRobotsOnWhiteSite
34107,25,15
timeStep,numberOfRobotsOnBlackSite,numberOfRobotsOnWhiteSite
34108,25,15
timeStep,numberOfRobotsOnBlackSite,numberOfRobotsOnWhiteSite
34109,25,15
timeStep,numberOfRobotsOnBlackSite,numberOfRobotsOnWhiteSite
34110,25,15
timeStep,numberOfRobotsOnBlackSite,numberOfRobotsOnWhiteSite
34111,25,15
timeStep,numberOfRobotsOnBlackSite,numberOfRobotsOnWhiteSite
34112,25,15
timeStep,numberOfRobotsOnBlackSite,numberOfRobotsOnWhiteSite
34113,25,15
timeStep,numberOfRobotsOnBlackSite,numberOfRobotsOnWhiteSite
34114,25,15
timeStep,numberOfRobotsOnBlackSite,numberOfRobotsOnWhiteSite
34115,25,15
timeStep,numberOfRobotsOnBlackSite,numberOfRobotsOnWhiteSite
34116,25,15
timeStep,numberOfRobotsOnBlackSite,numberOfRobotsOnWhiteSite
34117,25,15
timeStep,numberOfRobotsOnBlackSite,numberOfRobotsOnWhiteSite
34118,25,15
timeStep,numberOfRobotsOnBlackSite,numberOfRobotsOnWhiteSite
34119,25,15
timeStep,numberOfRobotsOnBlackSite,numberOfRobotsOnWhiteSite
34120,25,15
timeStep,numberOfRobotsOnBlackSite,numberOfRobotsOnWhiteSite
34121,25,15
timeStep,numberOfRobotsOnBlackSite,numberOfRobotsOnWhiteSite
34122,25,15
timeStep,numberOfRobotsOnBlackSite,numberOfRobotsOnWhiteSite
34123,25,15
timeStep,numberOfRobotsOnBlackSite,numberOfRobotsOnWhiteSite
34124,25,15
timeStep,numberOfRobotsOnBlackSite,numberOfRobotsOnWhiteSite
34125,25,15
timeStep,numberOfRobotsOnBlackSite,numberOfRobotsOnWhiteSite
34126,25,15
timeStep,numberOfRobotsOnBlackSite,numberOfRobotsOnWhiteSite
34127,25,15
timeStep,numberOfRobotsOnBlackSite,numberOfRobotsOnWhiteSite
34128,25,15
timeStep,numberOfRobotsOnBlackSite,numberOfRobotsOnWhiteSite
34129,25,15
timeStep,numberOfRobotsOnBlackSite,numberOfRobotsOnWhiteSite
34130,25,15
timeStep,numberOfRobotsOnBlackSite,numberOfRobotsOnWhiteSite
34131,25,15
timeStep,numberOfRobotsOnBlackSite,numberOfRobotsOnWhiteSite
34132,25,15
timeStep,numberOfRobotsOnBlackSite,numberOfRobotsOnWhiteSite
34133,25,15
timeStep,numberOfRobotsOnBlackSite,numberOfRobotsOnWhiteSite
34134,25,15
timeStep,numberOfRobotsOnBlackSite,numberOfRobotsOnWhiteSite
34135,25,15
timeStep,numberOfRobotsOnBlackSite,numberOfRobotsOnWhiteSite
34136,25,15
timeStep,numberOfRobotsOnBlackSite,numberOfRobotsOnWhiteSite
34137,25,15
timeStep,numberOfRobotsOnBlackSite,numberOfRobotsOnWhiteSite
34138,25,15
timeStep,numberOfRobotsOnBlackSite,numberOfRobotsOnWhiteSite
34139,25,15
timeStep,numberOfRobotsOnBlackSite,numberOfRobotsOnWhiteSite
34140,25,15
timeStep,numberOfRobotsOnBlackSite,numberOfRobotsOnWhiteSite
34141,25,15
timeStep,numberOfRobotsOnBlackSite,numberOfRobotsOnWhiteSite
34142,25,15
timeStep,numberOfRobotsOnBlackSite,numberOfRobotsOnWhiteSite
34143,25,15
timeStep,numberOfRobotsOnBlackSite,numberOfRobotsOnWhiteSite
34144,25,15
timeStep,numberOfRobotsOnBlackSite,numberOfRobotsOnWhiteSite
34145,25,15
timeStep,numberOfRobotsOnBlackSite,numberOfRobotsOnWhiteSite
34146,25,15
timeStep,numberOfRobotsOnBlackSite,numberOfRobotsOnWhiteSite
34147,25,15
timeStep,numberOfRobotsOnBlackSite,numberOfRobotsOnWhiteSite
34148,25,15
timeStep,numberOfRobotsOnBlackSite,numberOfRobotsOnWhiteSite
34149,25,15
timeStep,numberOfRobotsOnBlackSite,numberOfRobotsOnWhiteSite
34150,26,15
timeStep,numberOfRobotsOnBlackSite,numberOfRobotsOnWhiteSite
34151,26,15
timeStep,numberOfRobotsOnBlackSite,numberOfRobotsOnWhiteSite
34152,26,15
timeStep,numberOfRobotsOnBlackSite,numberOfRobotsOnWhiteSite
34153,26,15
timeStep,numberOfRobotsOnBlackSite,numberOfRobotsOnWhiteSite
34154,26,15
timeStep,numberOfRobotsOnBlackSite,numberOfRobotsOnWhiteSite
34155,26,15
timeStep,numberOfRobotsOnBlackSite,numberOfRobotsOnWhiteSite
34156,26,15
timeStep,numberOfRobotsOnBlackSite,numberOfRobotsOnWhiteSite
34157,26,15
timeStep,numberOfRobotsOnBlackSite,numberOfRobotsOnWhiteSite
34158,26,15
timeStep,numberOfRobotsOnBlackSite,numberOfRobotsOnWhiteSite
34159,26,15
timeStep,numberOfRobotsOnBlackSite,numberOfRobotsOnWhiteSite
34160,26,15
timeStep,numberOfRobotsOnBlackSite,numberOfRobotsOnWhiteSite
34161,26,15
timeStep,numberOfRobotsOnBlackSite,numberOfRobotsOnWhiteSite
34162,26,15
timeStep,numberOfRobotsOnBlackSite,numberOfRobotsOnWhiteSite
34163,26,15
timeStep,numberOfRobotsOnBlackSite,numberOfRobotsOnWhiteSite
34164,26,15
timeStep,numberOfRobotsOnBlackSite,numberOfRobotsOnWhiteSite
34165,26,15
timeStep,numberOfRobotsOnBlackSite,numberOfRobotsOnWhiteSite
34166,26,15
timeStep,numberOfRobotsOnBlackSite,numberOfRobotsOnWhiteSite
34167,26,15
timeStep,numberOfRobotsOnBlackSite,numberOfRobotsOnWhiteSite
34168,26,15
timeStep,numberOfRobotsOnBlackSite,numberOfRobotsOnWhiteSite
34169,26,15
timeStep,numberOfRobotsOnBlackSite,numberOfRobotsOnWhiteSite
34170,25,15
timeStep,numberOfRobotsOnBlackSite,numberOfRobotsOnWhiteSite
34171,25,15
timeStep,numberOfRobotsOnBlackSite,numberOfRobotsOnWhiteSite
34172,25,15
timeStep,numberOfRobotsOnBlackSite,numberOfRobotsOnWhiteSite
34173,25,15
timeStep,numberOfRobotsOnBlackSite,numberOfRobotsOnWhiteSite
34174,25,15
timeStep,numberOfRobotsOnBlackSite,numberOfRobotsOnWhiteSite
34175,25,15
timeStep,numberOfRobotsOnBlackSite,numberOfRobotsOnWhiteSite
34176,25,15
timeStep,numberOfRobotsOnBlackSite,numberOfRobotsOnWhiteSite
34177,25,15
timeStep,numberOfRobotsOnBlackSite,numberOfRobotsOnWhiteSite
34178,25,15
timeStep,numberOfRobotsOnBlackSite,numberOfRobotsOnWhiteSite
34179,25,15
timeStep,numberOfRobotsOnBlackSite,numberOfRobotsOnWhiteSite
34180,25,15
timeStep,numberOfRobotsOnBlackSite,numberOfRobotsOnWhiteSite
34181,25,15
timeStep,numberOfRobotsOnBlackSite,numberOfRobotsOnWhiteSite
34182,25,15
timeStep,numberOfRobotsOnBlackSite,numberOfRobotsOnWhiteSite
34183,25,15
timeStep,numberOfRobotsOnBlackSite,numberOfRobotsOnWhiteSite
34184,25,15
timeStep,numberOfRobotsOnBlackSite,numberOfRobotsOnWhiteSite
34185,25,15
timeStep,numberOfRobotsOnBlackSite,numberOfRobotsOnWhiteSite
34186,25,15
timeStep,numberOfRobotsOnBlackSite,numberOfRobotsOnWhiteSite
34187,25,15
timeStep,numberOfRobotsOnBlackSite,numberOfRobotsOnWhiteSite
34188,25,15
timeStep,numberOfRobotsOnBlackSite,numberOfRobotsOnWhiteSite
34189,25,15
timeStep,numberOfRobotsOnBlackSite,numberOfRobotsOnWhiteSite
34190,25,15
timeStep,numberOfRobotsOnBlackSite,numberOfRobotsOnWhiteSite
34191,25,15
timeStep,numberOfRobotsOnBlackSite,numberOfRobotsOnWhiteSite
34192,25,15
timeStep,numberOfRobotsOnBlackSite,numberOfRobotsOnWhiteSite
34193,25,15
timeStep,numberOfRobotsOnBlackSite,numberOfRobotsOnWhiteSite
34194,25,15
timeStep,numberOfRobotsOnBlackSite,numberOfRobotsOnWhiteSite
34195,25,15
timeStep,numberOfRobotsOnBlackSite,numberOfRobotsOnWhiteSite
34196,25,15
timeStep,numberOfRobotsOnBlackSite,numberOfRobotsOnWhiteSite
34197,25,15
timeStep,numberOfRobotsOnBlackSite,numberOfRobotsOnWhiteSite
34198,25,15
timeStep,numberOfRobotsOnBlackSite,numberOfRobotsOnWhiteSite
34199,25,15
timeStep,numberOfRobotsOnBlackSite,numberOfRobotsOnWhiteSite
34200,25,15
timeStep,numberOfRobotsOnBlackSite,numberOfRobotsOnWhiteSite
34201,25,15
timeStep,numberOfRobotsOnBlackSite,numberOfRobotsOnWhiteSite
34202,25,15
timeStep,numberOfRobotsOnBlackSite,numberOfRobotsOnWhiteSite
34203,25,15
timeStep,numberOfRobotsOnBlackSite,numberOfRobotsOnWhiteSite
34204,25,15
timeStep,numberOfRobotsOnBlackSite,numberOfRobotsOnWhiteSite
34205,25,15
timeStep,numberOfRobotsOnBlackSite,numberOfRobotsOnWhiteSite
34206,25,15
timeStep,numberOfRobotsOnBlackSite,numberOfRobotsOnWhiteSite
34207,25,15
timeStep,numberOfRobotsOnBlackSite,numberOfRobotsOnWhiteSite
34208,25,15
timeStep,numberOfRobotsOnBlackSite,numberOfRobotsOnWhiteSite
34209,25,15
timeStep,numberOfRobotsOnBlackSite,numberOfRobotsOnWhiteSite
34210,25,15
timeStep,numberOfRobotsOnBlackSite,numberOfRobotsOnWhiteSite
34211,25,15
timeStep,numberOfRobotsOnBlackSite,numberOfRobotsOnWhiteSite
34212,25,15
timeStep,numberOfRobotsOnBlackSite,numberOfRobotsOnWhiteSite
34213,25,15
timeStep,numberOfRobotsOnBlackSite,numberOfRobotsOnWhiteSite
34214,25,15
timeStep,numberOfRobotsOnBlackSite,numberOfRobotsOnWhiteSite
34215,25,15
timeStep,numberOfRobotsOnBlackSite,numberOfRobotsOnWhiteSite
34216,25,15
timeStep,numberOfRobotsOnBlackSite,numberOfRobotsOnWhiteSite
34217,25,15
timeStep,numberOfRobotsOnBlackSite,numberOfRobotsOnWhiteSite
34218,25,15
timeStep,numberOfRobotsOnBlackSite,numberOfRobotsOnWhiteSite
34219,25,15
timeStep,numberOfRobotsOnBlackSite,numberOfRobotsOnWhiteSite
34220,25,15
timeStep,numberOfRobotsOnBlackSite,numberOfRobotsOnWhiteSite
34221,25,15
timeStep,numberOfRobotsOnBlackSite,numberOfRobotsOnWhiteSite
34222,25,15
timeStep,numberOfRobotsOnBlackSite,numberOfRobotsOnWhiteSite
34223,25,15
timeStep,numberOfRobotsOnBlackSite,numberOfRobotsOnWhiteSite
34224,25,15
timeStep,numberOfRobotsOnBlackSite,numberOfRobotsOnWhiteSite
34225,25,15
timeStep,numberOfRobotsOnBlackSite,numberOfRobotsOnWhiteSite
34226,25,15
timeStep,numberOfRobotsOnBlackSite,numberOfRobotsOnWhiteSite
34227,25,15
timeStep,numberOfRobotsOnBlackSite,numberOfRobotsOnWhiteSite
34228,25,15
timeStep,numberOfRobotsOnBlackSite,numberOfRobotsOnWhiteSite
34229,25,15
timeStep,numberOfRobotsOnBlackSite,numberOfRobotsOnWhiteSite
34230,25,15
timeStep,numberOfRobotsOnBlackSite,numberOfRobotsOnWhiteSite
34231,25,15
timeStep,numberOfRobotsOnBlackSite,numberOfRobotsOnWhiteSite
34232,25,15
timeStep,numberOfRobotsOnBlackSite,numberOfRobotsOnWhiteSite
34233,25,15
timeStep,numberOfRobotsOnBlackSite,numberOfRobotsOnWhiteSite
34234,25,15
timeStep,numberOfRobotsOnBlackSite,numberOfRobotsOnWhiteSite
34235,25,15
timeStep,numberOfRobotsOnBlackSite,numberOfRobotsOnWhiteSite
34236,25,15
timeStep,numberOfRobotsOnBlackSite,numberOfRobotsOnWhiteSite
34237,25,15
timeStep,numberOfRobotsOnBlackSite,numberOfRobotsOnWhiteSite
34238,25,15
timeStep,numberOfRobotsOnBlackSite,numberOfRobotsOnWhiteSite
34239,25,15
timeStep,numberOfRobotsOnBlackSite,numberOfRobotsOnWhiteSite
34240,25,15
timeStep,numberOfRobotsOnBlackSite,numberOfRobotsOnWhiteSite
34241,25,15
timeStep,numberOfRobotsOnBlackSite,numberOfRobotsOnWhiteSite
34242,25,15
timeStep,numberOfRobotsOnBlackSite,numberOfRobotsOnWhiteSite
34243,25,15
timeStep,numberOfRobotsOnBlackSite,numberOfRobotsOnWhiteSite
34244,25,15
timeStep,numberOfRobotsOnBlackSite,numberOfRobotsOnWhiteSite
34245,26,15
timeStep,numberOfRobotsOnBlackSite,numberOfRobotsOnWhiteSite
34246,26,15
timeStep,numberOfRobotsOnBlackSite,numberOfRobotsOnWhiteSite
34247,26,15
timeStep,numberOfRobotsOnBlackSite,numberOfRobotsOnWhiteSite
34248,26,15
timeStep,numberOfRobotsOnBlackSite,numberOfRobotsOnWhiteSite
34249,26,15
timeStep,numberOfRobotsOnBlackSite,numberOfRobotsOnWhiteSite
34250,26,15
timeStep,numberOfRobotsOnBlackSite,numberOfRobotsOnWhiteSite
34251,26,15
timeStep,numberOfRobotsOnBlackSite,numberOfRobotsOnWhiteSite
34252,26,15
timeStep,numberOfRobotsOnBlackSite,numberOfRobotsOnWhiteSite
34253,26,15
timeStep,numberOfRobotsOnBlackSite,numberOfRobotsOnWhiteSite
34254,26,15
timeStep,numberOfRobotsOnBlackSite,numberOfRobotsOnWhiteSite
34255,26,15
timeStep,numberOfRobotsOnBlackSite,numberOfRobotsOnWhiteSite
34256,26,15
timeStep,numberOfRobotsOnBlackSite,numberOfRobotsOnWhiteSite
34257,26,15
timeStep,numberOfRobotsOnBlackSite,numberOfRobotsOnWhiteSite
34258,26,15
timeStep,numberOfRobotsOnBlackSite,numberOfRobotsOnWhiteSite
34259,26,15
timeStep,numberOfRobotsOnBlackSite,numberOfRobotsOnWhiteSite
34260,26,15
timeStep,numberOfRobotsOnBlackSite,numberOfRobotsOnWhiteSite
34261,26,15
timeStep,numberOfRobotsOnBlackSite,numberOfRobotsOnWhiteSite
34262,26,15
timeStep,numberOfRobotsOnBlackSite,numberOfRobotsOnWhiteSite
34263,26,15
timeStep,numberOfRobotsOnBlackSite,numberOfRobotsOnWhiteSite
34264,26,15
timeStep,numberOfRobotsOnBlackSite,numberOfRobotsOnWhiteSite
34265,26,15
timeStep,numberOfRobotsOnBlackSite,numberOfRobotsOnWhiteSite
34266,26,15
timeStep,numberOfRobotsOnBlackSite,numberOfRobotsOnWhiteSite
34267,26,15
timeStep,numberOfRobotsOnBlackSite,numberOfRobotsOnWhiteSite
34268,26,15
timeStep,numberOfRobotsOnBlackSite,numberOfRobotsOnWhiteSite
34269,26,15
timeStep,numberOfRobotsOnBlackSite,numberOfRobotsOnWhiteSite
34270,26,15
timeStep,numberOfRobotsOnBlackSite,numberOfRobotsOnWhiteSite
34271,26,15
timeStep,numberOfRobotsOnBlackSite,numberOfRobotsOnWhiteSite
34272,26,15
timeStep,numberOfRobotsOnBlackSite,numberOfRobotsOnWhiteSite
34273,26,15
timeStep,numberOfRobotsOnBlackSite,numberOfRobotsOnWhiteSite
34274,26,15
timeStep,numberOfRobotsOnBlackSite,numberOfRobotsOnWhiteSite
34275,26,15
timeStep,numberOfRobotsOnBlackSite,numberOfRobotsOnWhiteSite
34276,26,15
timeStep,numberOfRobotsOnBlackSite,numberOfRobotsOnWhiteSite
34277,26,15
timeStep,numberOfRobotsOnBlackSite,numberOfRobotsOnWhiteSite
34278,26,15
timeStep,numberOfRobotsOnBlackSite,numberOfRobotsOnWhiteSite
34279,26,15
timeStep,numberOfRobotsOnBlackSite,numberOfRobotsOnWhiteSite
34280,26,15
timeStep,numberOfRobotsOnBlackSite,numberOfRobotsOnWhiteSite
34281,26,15
timeStep,numberOfRobotsOnBlackSite,numberOfRobotsOnWhiteSite
34282,26,15
timeStep,numberOfRobotsOnBlackSite,numberOfRobotsOnWhiteSite
34283,26,15
timeStep,numberOfRobotsOnBlackSite,numberOfRobotsOnWhiteSite
34284,26,15
timeStep,numberOfRobotsOnBlackSite,numberOfRobotsOnWhiteSite
34285,26,15
timeStep,numberOfRobotsOnBlackSite,numberOfRobotsOnWhiteSite
34286,26,15
timeStep,numberOfRobotsOnBlackSite,numberOfRobotsOnWhiteSite
34287,26,15
timeStep,numberOfRobotsOnBlackSite,numberOfRobotsOnWhiteSite
34288,26,15
timeStep,numberOfRobotsOnBlackSite,numberOfRobotsOnWhiteSite
34289,26,15
timeStep,numberOfRobotsOnBlackSite,numberOfRobotsOnWhiteSite
34290,26,15
timeStep,numberOfRobotsOnBlackSite,numberOfRobotsOnWhiteSite
34291,26,15
timeStep,numberOfRobotsOnBlackSite,numberOfRobotsOnWhiteSite
34292,26,15
timeStep,numberOfRobotsOnBlackSite,numberOfRobotsOnWhiteSite
34293,26,15
timeStep,numberOfRobotsOnBlackSite,numberOfRobotsOnWhiteSite
34294,26,15
timeStep,numberOfRobotsOnBlackSite,numberOfRobotsOnWhiteSite
34295,26,15
timeStep,numberOfRobotsOnBlackSite,numberOfRobotsOnWhiteSite
34296,26,15
timeStep,numberOfRobotsOnBlackSite,numberOfRobotsOnWhiteSite
34297,26,15
timeStep,numberOfRobotsOnBlackSite,numberOfRobotsOnWhiteSite
34298,26,15
timeStep,numberOfRobotsOnBlackSite,numberOfRobotsOnWhiteSite
34299,26,15
timeStep,numberOfRobotsOnBlackSite,numberOfRobotsOnWhiteSite
34300,26,15
timeStep,numberOfRobotsOnBlackSite,numberOfRobotsOnWhiteSite
34301,26,15
timeStep,numberOfRobotsOnBlackSite,numberOfRobotsOnWhiteSite
34302,26,15
timeStep,numberOfRobotsOnBlackSite,numberOfRobotsOnWhiteSite
34303,26,15
timeStep,numberOfRobotsOnBlackSite,numberOfRobotsOnWhiteSite
34304,26,15
timeStep,numberOfRobotsOnBlackSite,numberOfRobotsOnWhiteSite
34305,26,14
timeStep,numberOfRobotsOnBlackSite,numberOfRobotsOnWhiteSite
34306,26,14
timeStep,numberOfRobotsOnBlackSite,numberOfRobotsOnWhiteSite
34307,26,14
timeStep,numberOfRobotsOnBlackSite,numberOfRobotsOnWhiteSite
34308,26,14
timeStep,numberOfRobotsOnBlackSite,numberOfRobotsOnWhiteSite
34309,26,14
timeStep,numberOfRobotsOnBlackSite,numberOfRobotsOnWhiteSite
34310,26,14
timeStep,numberOfRobotsOnBlackSite,numberOfRobotsOnWhiteSite
34311,26,14
timeStep,numberOfRobotsOnBlackSite,numberOfRobotsOnWhiteSite
34312,26,14
timeStep,numberOfRobotsOnBlackSite,numberOfRobotsOnWhiteSite
34313,26,14
timeStep,numberOfRobotsOnBlackSite,numberOfRobotsOnWhiteSite
34314,26,14
timeStep,numberOfRobotsOnBlackSite,numberOfRobotsOnWhiteSite
34315,26,14
timeStep,numberOfRobotsOnBlackSite,numberOfRobotsOnWhiteSite
34316,26,14
timeStep,numberOfRobotsOnBlackSite,numberOfRobotsOnWhiteSite
34317,26,14
timeStep,numberOfRobotsOnBlackSite,numberOfRobotsOnWhiteSite
34318,26,14
timeStep,numberOfRobotsOnBlackSite,numberOfRobotsOnWhiteSite
34319,26,14
timeStep,numberOfRobotsOnBlackSite,numberOfRobotsOnWhiteSite
34320,26,14
timeStep,numberOfRobotsOnBlackSite,numberOfRobotsOnWhiteSite
34321,26,14
timeStep,numberOfRobotsOnBlackSite,numberOfRobotsOnWhiteSite
34322,26,14
timeStep,numberOfRobotsOnBlackSite,numberOfRobotsOnWhiteSite
34323,26,14
timeStep,numberOfRobotsOnBlackSite,numberOfRobotsOnWhiteSite
34324,26,14
timeStep,numberOfRobotsOnBlackSite,numberOfRobotsOnWhiteSite
34325,26,14
timeStep,numberOfRobotsOnBlackSite,numberOfRobotsOnWhiteSite
34326,26,14
timeStep,numberOfRobotsOnBlackSite,numberOfRobotsOnWhiteSite
34327,26,14
timeStep,numberOfRobotsOnBlackSite,numberOfRobotsOnWhiteSite
34328,26,14
timeStep,numberOfRobotsOnBlackSite,numberOfRobotsOnWhiteSite
34329,26,14
timeStep,numberOfRobotsOnBlackSite,numberOfRobotsOnWhiteSite
34330,26,14
timeStep,numberOfRobotsOnBlackSite,numberOfRobotsOnWhiteSite
34331,26,14
timeStep,numberOfRobotsOnBlackSite,numberOfRobotsOnWhiteSite
34332,26,14
timeStep,numberOfRobotsOnBlackSite,numberOfRobotsOnWhiteSite
34333,26,14
timeStep,numberOfRobotsOnBlackSite,numberOfRobotsOnWhiteSite
34334,26,14
timeStep,numberOfRobotsOnBlackSite,numberOfRobotsOnWhiteSite
34335,26,15
timeStep,numberOfRobotsOnBlackSite,numberOfRobotsOnWhiteSite
34336,26,15
timeStep,numberOfRobotsOnBlackSite,numberOfRobotsOnWhiteSite
34337,26,15
timeStep,numberOfRobotsOnBlackSite,numberOfRobotsOnWhiteSite
34338,26,15
timeStep,numberOfRobotsOnBlackSite,numberOfRobotsOnWhiteSite
34339,26,15
timeStep,numberOfRobotsOnBlackSite,numberOfRobotsOnWhiteSite
34340,26,15
timeStep,numberOfRobotsOnBlackSite,numberOfRobotsOnWhiteSite
34341,26,15
timeStep,numberOfRobotsOnBlackSite,numberOfRobotsOnWhiteSite
34342,26,15
timeStep,numberOfRobotsOnBlackSite,numberOfRobotsOnWhiteSite
34343,26,15
timeStep,numberOfRobotsOnBlackSite,numberOfRobotsOnWhiteSite
34344,26,15
timeStep,numberOfRobotsOnBlackSite,numberOfRobotsOnWhiteSite
34345,26,15
timeStep,numberOfRobotsOnBlackSite,numberOfRobotsOnWhiteSite
34346,26,15
timeStep,numberOfRobotsOnBlackSite,numberOfRobotsOnWhiteSite
34347,26,15
timeStep,numberOfRobotsOnBlackSite,numberOfRobotsOnWhiteSite
34348,26,15
timeStep,numberOfRobotsOnBlackSite,numberOfRobotsOnWhiteSite
34349,26,15
timeStep,numberOfRobotsOnBlackSite,numberOfRobotsOnWhiteSite
34350,26,15
timeStep,numberOfRobotsOnBlackSite,numberOfRobotsOnWhiteSite
34351,26,15
timeStep,numberOfRobotsOnBlackSite,numberOfRobotsOnWhiteSite
34352,26,15
timeStep,numberOfRobotsOnBlackSite,numberOfRobotsOnWhiteSite
34353,26,15
timeStep,numberOfRobotsOnBlackSite,numberOfRobotsOnWhiteSite
34354,26,15
timeStep,numberOfRobotsOnBlackSite,numberOfRobotsOnWhiteSite
34355,26,15
timeStep,numberOfRobotsOnBlackSite,numberOfRobotsOnWhiteSite
34356,26,15
timeStep,numberOfRobotsOnBlackSite,numberOfRobotsOnWhiteSite
34357,26,15
timeStep,numberOfRobotsOnBlackSite,numberOfRobotsOnWhiteSite
34358,26,15
timeStep,numberOfRobotsOnBlackSite,numberOfRobotsOnWhiteSite
34359,26,15
timeStep,numberOfRobotsOnBlackSite,numberOfRobotsOnWhiteSite
34360,26,15
timeStep,numberOfRobotsOnBlackSite,numberOfRobotsOnWhiteSite
34361,26,15
timeStep,numberOfRobotsOnBlackSite,numberOfRobotsOnWhiteSite
34362,26,15
timeStep,numberOfRobotsOnBlackSite,numberOfRobotsOnWhiteSite
34363,26,15
timeStep,numberOfRobotsOnBlackSite,numberOfRobotsOnWhiteSite
34364,26,15
timeStep,numberOfRobotsOnBlackSite,numberOfRobotsOnWhiteSite
34365,26,15
timeStep,numberOfRobotsOnBlackSite,numberOfRobotsOnWhiteSite
34366,26,15
timeStep,numberOfRobotsOnBlackSite,numberOfRobotsOnWhiteSite
34367,26,15
timeStep,numberOfRobotsOnBlackSite,numberOfRobotsOnWhiteSite
34368,26,15
timeStep,numberOfRobotsOnBlackSite,numberOfRobotsOnWhiteSite
34369,26,15
timeStep,numberOfRobotsOnBlackSite,numberOfRobotsOnWhiteSite
34370,26,15
timeStep,numberOfRobotsOnBlackSite,numberOfRobotsOnWhiteSite
34371,26,15
timeStep,numberOfRobotsOnBlackSite,numberOfRobotsOnWhiteSite
34372,26,15
timeStep,numberOfRobotsOnBlackSite,numberOfRobotsOnWhiteSite
34373,26,15
timeStep,numberOfRobotsOnBlackSite,numberOfRobotsOnWhiteSite
34374,26,15
timeStep,numberOfRobotsOnBlackSite,numberOfRobotsOnWhiteSite
34375,26,15
timeStep,numberOfRobotsOnBlackSite,numberOfRobotsOnWhiteSite
34376,26,15
timeStep,numberOfRobotsOnBlackSite,numberOfRobotsOnWhiteSite
34377,26,15
timeStep,numberOfRobotsOnBlackSite,numberOfRobotsOnWhiteSite
34378,26,15
timeStep,numberOfRobotsOnBlackSite,numberOfRobotsOnWhiteSite
34379,26,15
timeStep,numberOfRobotsOnBlackSite,numberOfRobotsOnWhiteSite
34380,26,15
timeStep,numberOfRobotsOnBlackSite,numberOfRobotsOnWhiteSite
34381,26,15
timeStep,numberOfRobotsOnBlackSite,numberOfRobotsOnWhiteSite
34382,26,15
timeStep,numberOfRobotsOnBlackSite,numberOfRobotsOnWhiteSite
34383,26,15
timeStep,numberOfRobotsOnBlackSite,numberOfRobotsOnWhiteSite
34384,26,15
timeStep,numberOfRobotsOnBlackSite,numberOfRobotsOnWhiteSite
34385,26,15
timeStep,numberOfRobotsOnBlackSite,numberOfRobotsOnWhiteSite
34386,26,15
timeStep,numberOfRobotsOnBlackSite,numberOfRobotsOnWhiteSite
34387,26,15
timeStep,numberOfRobotsOnBlackSite,numberOfRobotsOnWhiteSite
34388,26,15
timeStep,numberOfRobotsOnBlackSite,numberOfRobotsOnWhiteSite
34389,26,15
timeStep,numberOfRobotsOnBlackSite,numberOfRobotsOnWhiteSite
34390,26,15
timeStep,numberOfRobotsOnBlackSite,numberOfRobotsOnWhiteSite
34391,26,15
timeStep,numberOfRobotsOnBlackSite,numberOfRobotsOnWhiteSite
34392,26,15
timeStep,numberOfRobotsOnBlackSite,numberOfRobotsOnWhiteSite
34393,26,15
timeStep,numberOfRobotsOnBlackSite,numberOfRobotsOnWhiteSite
34394,26,15
timeStep,numberOfRobotsOnBlackSite,numberOfRobotsOnWhiteSite
34395,26,15
timeStep,numberOfRobotsOnBlackSite,numberOfRobotsOnWhiteSite
34396,26,15
timeStep,numberOfRobotsOnBlackSite,numberOfRobotsOnWhiteSite
34397,26,15
timeStep,numberOfRobotsOnBlackSite,numberOfRobotsOnWhiteSite
34398,26,15
timeStep,numberOfRobotsOnBlackSite,numberOfRobotsOnWhiteSite
34399,26,15
timeStep,numberOfRobotsOnBlackSite,numberOfRobotsOnWhiteSite
34400,26,15
timeStep,numberOfRobotsOnBlackSite,numberOfRobotsOnWhiteSite
34401,26,15
timeStep,numberOfRobotsOnBlackSite,numberOfRobotsOnWhiteSite
34402,26,15
timeStep,numberOfRobotsOnBlackSite,numberOfRobotsOnWhiteSite
34403,26,15
timeStep,numberOfRobotsOnBlackSite,numberOfRobotsOnWhiteSite
34404,26,15
timeStep,numberOfRobotsOnBlackSite,numberOfRobotsOnWhiteSite
34405,26,15
timeStep,numberOfRobotsOnBlackSite,numberOfRobotsOnWhiteSite
34406,26,15
timeStep,numberOfRobotsOnBlackSite,numberOfRobotsOnWhiteSite
34407,26,15
timeStep,numberOfRobotsOnBlackSite,numberOfRobotsOnWhiteSite
34408,26,15
timeStep,numberOfRobotsOnBlackSite,numberOfRobotsOnWhiteSite
34409,26,15
timeStep,numberOfRobotsOnBlackSite,numberOfRobotsOnWhiteSite
34410,26,15
timeStep,numberOfRobotsOnBlackSite,numberOfRobotsOnWhiteSite
34411,26,15
timeStep,numberOfRobotsOnBlackSite,numberOfRobotsOnWhiteSite
34412,26,15
timeStep,numberOfRobotsOnBlackSite,numberOfRobotsOnWhiteSite
34413,26,15
timeStep,numberOfRobotsOnBlackSite,numberOfRobotsOnWhiteSite
34414,26,15
timeStep,numberOfRobotsOnBlackSite,numberOfRobotsOnWhiteSite
34415,26,15
timeStep,numberOfRobotsOnBlackSite,numberOfRobotsOnWhiteSite
34416,26,15
timeStep,numberOfRobotsOnBlackSite,numberOfRobotsOnWhiteSite
34417,26,15
timeStep,numberOfRobotsOnBlackSite,numberOfRobotsOnWhiteSite
34418,26,15
timeStep,numberOfRobotsOnBlackSite,numberOfRobotsOnWhiteSite
34419,26,15
timeStep,numberOfRobotsOnBlackSite,numberOfRobotsOnWhiteSite
34420,26,15
timeStep,numberOfRobotsOnBlackSite,numberOfRobotsOnWhiteSite
34421,26,15
timeStep,numberOfRobotsOnBlackSite,numberOfRobotsOnWhiteSite
34422,26,15
timeStep,numberOfRobotsOnBlackSite,numberOfRobotsOnWhiteSite
34423,26,15
timeStep,numberOfRobotsOnBlackSite,numberOfRobotsOnWhiteSite
34424,26,15
timeStep,numberOfRobotsOnBlackSite,numberOfRobotsOnWhiteSite
34425,26,15
timeStep,numberOfRobotsOnBlackSite,numberOfRobotsOnWhiteSite
34426,26,15
timeStep,numberOfRobotsOnBlackSite,numberOfRobotsOnWhiteSite
34427,26,15
timeStep,numberOfRobotsOnBlackSite,numberOfRobotsOnWhiteSite
34428,26,15
timeStep,numberOfRobotsOnBlackSite,numberOfRobotsOnWhiteSite
34429,26,15
timeStep,numberOfRobotsOnBlackSite,numberOfRobotsOnWhiteSite
34430,26,15
timeStep,numberOfRobotsOnBlackSite,numberOfRobotsOnWhiteSite
34431,26,15
timeStep,numberOfRobotsOnBlackSite,numberOfRobotsOnWhiteSite
34432,26,15
timeStep,numberOfRobotsOnBlackSite,numberOfRobotsOnWhiteSite
34433,26,15
timeStep,numberOfRobotsOnBlackSite,numberOfRobotsOnWhiteSite
34434,26,15
timeStep,numberOfRobotsOnBlackSite,numberOfRobotsOnWhiteSite
34435,26,15
timeStep,numberOfRobotsOnBlackSite,numberOfRobotsOnWhiteSite
34436,26,15
timeStep,numberOfRobotsOnBlackSite,numberOfRobotsOnWhiteSite
34437,26,15
timeStep,numberOfRobotsOnBlackSite,numberOfRobotsOnWhiteSite
34438,26,15
timeStep,numberOfRobotsOnBlackSite,numberOfRobotsOnWhiteSite
34439,26,15
timeStep,numberOfRobotsOnBlackSite,numberOfRobotsOnWhiteSite
34440,26,15
timeStep,numberOfRobotsOnBlackSite,numberOfRobotsOnWhiteSite
34441,26,15
timeStep,numberOfRobotsOnBlackSite,numberOfRobotsOnWhiteSite
34442,26,15
timeStep,numberOfRobotsOnBlackSite,numberOfRobotsOnWhiteSite
34443,26,15
timeStep,numberOfRobotsOnBlackSite,numberOfRobotsOnWhiteSite
34444,26,15
timeStep,numberOfRobotsOnBlackSite,numberOfRobotsOnWhiteSite
34445,27,14
timeStep,numberOfRobotsOnBlackSite,numberOfRobotsOnWhiteSite
34446,27,14
timeStep,numberOfRobotsOnBlackSite,numberOfRobotsOnWhiteSite
34447,27,14
timeStep,numberOfRobotsOnBlackSite,numberOfRobotsOnWhiteSite
34448,27,14
timeStep,numberOfRobotsOnBlackSite,numberOfRobotsOnWhiteSite
34449,27,14
timeStep,numberOfRobotsOnBlackSite,numberOfRobotsOnWhiteSite
34450,27,14
timeStep,numberOfRobotsOnBlackSite,numberOfRobotsOnWhiteSite
34451,27,14
timeStep,numberOfRobotsOnBlackSite,numberOfRobotsOnWhiteSite
34452,27,14
timeStep,numberOfRobotsOnBlackSite,numberOfRobotsOnWhiteSite
34453,27,14
timeStep,numberOfRobotsOnBlackSite,numberOfRobotsOnWhiteSite
34454,27,14
timeStep,numberOfRobotsOnBlackSite,numberOfRobotsOnWhiteSite
34455,27,14
timeStep,numberOfRobotsOnBlackSite,numberOfRobotsOnWhiteSite
34456,27,14
timeStep,numberOfRobotsOnBlackSite,numberOfRobotsOnWhiteSite
34457,27,14
timeStep,numberOfRobotsOnBlackSite,numberOfRobotsOnWhiteSite
34458,27,14
timeStep,numberOfRobotsOnBlackSite,numberOfRobotsOnWhiteSite
34459,27,14
timeStep,numberOfRobotsOnBlackSite,numberOfRobotsOnWhiteSite
34460,27,14
timeStep,numberOfRobotsOnBlackSite,numberOfRobotsOnWhiteSite
34461,27,14
timeStep,numberOfRobotsOnBlackSite,numberOfRobotsOnWhiteSite
34462,27,14
timeStep,numberOfRobotsOnBlackSite,numberOfRobotsOnWhiteSite
34463,27,14
timeStep,numberOfRobotsOnBlackSite,numberOfRobotsOnWhiteSite
34464,27,14
timeStep,numberOfRobotsOnBlackSite,numberOfRobotsOnWhiteSite
34465,27,14
timeStep,numberOfRobotsOnBlackSite,numberOfRobotsOnWhiteSite
34466,27,14
timeStep,numberOfRobotsOnBlackSite,numberOfRobotsOnWhiteSite
34467,27,14
timeStep,numberOfRobotsOnBlackSite,numberOfRobotsOnWhiteSite
34468,27,14
timeStep,numberOfRobotsOnBlackSite,numberOfRobotsOnWhiteSite
34469,27,14
timeStep,numberOfRobotsOnBlackSite,numberOfRobotsOnWhiteSite
34470,27,14
timeStep,numberOfRobotsOnBlackSite,numberOfRobotsOnWhiteSite
34471,27,14
timeStep,numberOfRobotsOnBlackSite,numberOfRobotsOnWhiteSite
34472,27,14
timeStep,numberOfRobotsOnBlackSite,numberOfRobotsOnWhiteSite
34473,27,14
timeStep,numberOfRobotsOnBlackSite,numberOfRobotsOnWhiteSite
34474,27,14
timeStep,numberOfRobotsOnBlackSite,numberOfRobotsOnWhiteSite
34475,27,14
timeStep,numberOfRobotsOnBlackSite,numberOfRobotsOnWhiteSite
34476,27,14
timeStep,numberOfRobotsOnBlackSite,numberOfRobotsOnWhiteSite
34477,27,14
timeStep,numberOfRobotsOnBlackSite,numberOfRobotsOnWhiteSite
34478,27,14
timeStep,numberOfRobotsOnBlackSite,numberOfRobotsOnWhiteSite
34479,27,14
timeStep,numberOfRobotsOnBlackSite,numberOfRobotsOnWhiteSite
34480,27,14
timeStep,numberOfRobotsOnBlackSite,numberOfRobotsOnWhiteSite
34481,27,14
timeStep,numberOfRobotsOnBlackSite,numberOfRobotsOnWhiteSite
34482,27,14
timeStep,numberOfRobotsOnBlackSite,numberOfRobotsOnWhiteSite
34483,27,14
timeStep,numberOfRobotsOnBlackSite,numberOfRobotsOnWhiteSite
34484,27,14
timeStep,numberOfRobotsOnBlackSite,numberOfRobotsOnWhiteSite
34485,27,14
timeStep,numberOfRobotsOnBlackSite,numberOfRobotsOnWhiteSite
34486,27,14
timeStep,numberOfRobotsOnBlackSite,numberOfRobotsOnWhiteSite
34487,27,14
timeStep,numberOfRobotsOnBlackSite,numberOfRobotsOnWhiteSite
34488,27,14
timeStep,numberOfRobotsOnBlackSite,numberOfRobotsOnWhiteSite
34489,27,14
timeStep,numberOfRobotsOnBlackSite,numberOfRobotsOnWhiteSite
34490,27,14
timeStep,numberOfRobotsOnBlackSite,numberOfRobotsOnWhiteSite
34491,27,14
timeStep,numberOfRobotsOnBlackSite,numberOfRobotsOnWhiteSite
34492,27,14
timeStep,numberOfRobotsOnBlackSite,numberOfRobotsOnWhiteSite
34493,27,14
timeStep,numberOfRobotsOnBlackSite,numberOfRobotsOnWhiteSite
34494,27,14
timeStep,numberOfRobotsOnBlackSite,numberOfRobotsOnWhiteSite
34495,27,14
timeStep,numberOfRobotsOnBlackSite,numberOfRobotsOnWhiteSite
34496,27,14
timeStep,numberOfRobotsOnBlackSite,numberOfRobotsOnWhiteSite
34497,27,14
timeStep,numberOfRobotsOnBlackSite,numberOfRobotsOnWhiteSite
34498,27,14
timeStep,numberOfRobotsOnBlackSite,numberOfRobotsOnWhiteSite
34499,27,14
timeStep,numberOfRobotsOnBlackSite,numberOfRobotsOnWhiteSite
34500,27,14
timeStep,numberOfRobotsOnBlackSite,numberOfRobotsOnWhiteSite
34501,27,14
timeStep,numberOfRobotsOnBlackSite,numberOfRobotsOnWhiteSite
34502,27,14
timeStep,numberOfRobotsOnBlackSite,numberOfRobotsOnWhiteSite
34503,27,14
timeStep,numberOfRobotsOnBlackSite,numberOfRobotsOnWhiteSite
34504,27,14
timeStep,numberOfRobotsOnBlackSite,numberOfRobotsOnWhiteSite
34505,27,14
timeStep,numberOfRobotsOnBlackSite,numberOfRobotsOnWhiteSite
34506,27,14
timeStep,numberOfRobotsOnBlackSite,numberOfRobotsOnWhiteSite
34507,27,14
timeStep,numberOfRobotsOnBlackSite,numberOfRobotsOnWhiteSite
34508,27,14
timeStep,numberOfRobotsOnBlackSite,numberOfRobotsOnWhiteSite
34509,27,14
timeStep,numberOfRobotsOnBlackSite,numberOfRobotsOnWhiteSite
34510,27,14
timeStep,numberOfRobotsOnBlackSite,numberOfRobotsOnWhiteSite
34511,27,14
timeStep,numberOfRobotsOnBlackSite,numberOfRobotsOnWhiteSite
34512,27,14
timeStep,numberOfRobotsOnBlackSite,numberOfRobotsOnWhiteSite
34513,27,14
timeStep,numberOfRobotsOnBlackSite,numberOfRobotsOnWhiteSite
34514,27,14
timeStep,numberOfRobotsOnBlackSite,numberOfRobotsOnWhiteSite
34515,27,14
timeStep,numberOfRobotsOnBlackSite,numberOfRobotsOnWhiteSite
34516,27,14
timeStep,numberOfRobotsOnBlackSite,numberOfRobotsOnWhiteSite
34517,27,14
timeStep,numberOfRobotsOnBlackSite,numberOfRobotsOnWhiteSite
34518,27,14
timeStep,numberOfRobotsOnBlackSite,numberOfRobotsOnWhiteSite
34519,27,14
timeStep,numberOfRobotsOnBlackSite,numberOfRobotsOnWhiteSite
34520,27,15
timeStep,numberOfRobotsOnBlackSite,numberOfRobotsOnWhiteSite
34521,27,15
timeStep,numberOfRobotsOnBlackSite,numberOfRobotsOnWhiteSite
34522,27,15
timeStep,numberOfRobotsOnBlackSite,numberOfRobotsOnWhiteSite
34523,27,15
timeStep,numberOfRobotsOnBlackSite,numberOfRobotsOnWhiteSite
34524,27,15
timeStep,numberOfRobotsOnBlackSite,numberOfRobotsOnWhiteSite
34525,27,15
timeStep,numberOfRobotsOnBlackSite,numberOfRobotsOnWhiteSite
34526,27,15
timeStep,numberOfRobotsOnBlackSite,numberOfRobotsOnWhiteSite
34527,27,15
timeStep,numberOfRobotsOnBlackSite,numberOfRobotsOnWhiteSite
34528,27,15
timeStep,numberOfRobotsOnBlackSite,numberOfRobotsOnWhiteSite
34529,27,15
timeStep,numberOfRobotsOnBlackSite,numberOfRobotsOnWhiteSite
34530,27,15
timeStep,numberOfRobotsOnBlackSite,numberOfRobotsOnWhiteSite
34531,27,15
timeStep,numberOfRobotsOnBlackSite,numberOfRobotsOnWhiteSite
34532,27,15
timeStep,numberOfRobotsOnBlackSite,numberOfRobotsOnWhiteSite
34533,27,15
timeStep,numberOfRobotsOnBlackSite,numberOfRobotsOnWhiteSite
34534,27,15
timeStep,numberOfRobotsOnBlackSite,numberOfRobotsOnWhiteSite
34535,27,15
timeStep,numberOfRobotsOnBlackSite,numberOfRobotsOnWhiteSite
34536,27,15
timeStep,numberOfRobotsOnBlackSite,numberOfRobotsOnWhiteSite
34537,27,15
timeStep,numberOfRobotsOnBlackSite,numberOfRobotsOnWhiteSite
34538,27,15
timeStep,numberOfRobotsOnBlackSite,numberOfRobotsOnWhiteSite
34539,27,15
timeStep,numberOfRobotsOnBlackSite,numberOfRobotsOnWhiteSite
34540,27,15
timeStep,numberOfRobotsOnBlackSite,numberOfRobotsOnWhiteSite
34541,27,15
timeStep,numberOfRobotsOnBlackSite,numberOfRobotsOnWhiteSite
34542,27,15
timeStep,numberOfRobotsOnBlackSite,numberOfRobotsOnWhiteSite
34543,27,15
timeStep,numberOfRobotsOnBlackSite,numberOfRobotsOnWhiteSite
34544,27,15
timeStep,numberOfRobotsOnBlackSite,numberOfRobotsOnWhiteSite
34545,27,15
timeStep,numberOfRobotsOnBlackSite,numberOfRobotsOnWhiteSite
34546,27,15
timeStep,numberOfRobotsOnBlackSite,numberOfRobotsOnWhiteSite
34547,27,15
timeStep,numberOfRobotsOnBlackSite,numberOfRobotsOnWhiteSite
34548,27,15
timeStep,numberOfRobotsOnBlackSite,numberOfRobotsOnWhiteSite
34549,27,15
timeStep,numberOfRobotsOnBlackSite,numberOfRobotsOnWhiteSite
34550,27,15
timeStep,numberOfRobotsOnBlackSite,numberOfRobotsOnWhiteSite
34551,27,15
timeStep,numberOfRobotsOnBlackSite,numberOfRobotsOnWhiteSite
34552,27,15
timeStep,numberOfRobotsOnBlackSite,numberOfRobotsOnWhiteSite
34553,27,15
timeStep,numberOfRobotsOnBlackSite,numberOfRobotsOnWhiteSite
34554,27,15
timeStep,numberOfRobotsOnBlackSite,numberOfRobotsOnWhiteSite
34555,27,15
timeStep,numberOfRobotsOnBlackSite,numberOfRobotsOnWhiteSite
34556,27,15
timeStep,numberOfRobotsOnBlackSite,numberOfRobotsOnWhiteSite
34557,27,15
timeStep,numberOfRobotsOnBlackSite,numberOfRobotsOnWhiteSite
34558,27,15
timeStep,numberOfRobotsOnBlackSite,numberOfRobotsOnWhiteSite
34559,27,15
timeStep,numberOfRobotsOnBlackSite,numberOfRobotsOnWhiteSite
34560,27,15
timeStep,numberOfRobotsOnBlackSite,numberOfRobotsOnWhiteSite
34561,27,15
timeStep,numberOfRobotsOnBlackSite,numberOfRobotsOnWhiteSite
34562,27,15
timeStep,numberOfRobotsOnBlackSite,numberOfRobotsOnWhiteSite
34563,27,15
timeStep,numberOfRobotsOnBlackSite,numberOfRobotsOnWhiteSite
34564,27,15
timeStep,numberOfRobotsOnBlackSite,numberOfRobotsOnWhiteSite
34565,27,15
timeStep,numberOfRobotsOnBlackSite,numberOfRobotsOnWhiteSite
34566,27,15
timeStep,numberOfRobotsOnBlackSite,numberOfRobotsOnWhiteSite
34567,27,15
timeStep,numberOfRobotsOnBlackSite,numberOfRobotsOnWhiteSite
34568,27,15
timeStep,numberOfRobotsOnBlackSite,numberOfRobotsOnWhiteSite
34569,27,15
timeStep,numberOfRobotsOnBlackSite,numberOfRobotsOnWhiteSite
34570,27,15
timeStep,numberOfRobotsOnBlackSite,numberOfRobotsOnWhiteSite
34571,27,15
timeStep,numberOfRobotsOnBlackSite,numberOfRobotsOnWhiteSite
34572,27,15
timeStep,numberOfRobotsOnBlackSite,numberOfRobotsOnWhiteSite
34573,27,15
timeStep,numberOfRobotsOnBlackSite,numberOfRobotsOnWhiteSite
34574,27,15
timeStep,numberOfRobotsOnBlackSite,numberOfRobotsOnWhiteSite
34575,27,15
timeStep,numberOfRobotsOnBlackSite,numberOfRobotsOnWhiteSite
34576,27,15
timeStep,numberOfRobotsOnBlackSite,numberOfRobotsOnWhiteSite
34577,27,15
timeStep,numberOfRobotsOnBlackSite,numberOfRobotsOnWhiteSite
34578,27,15
timeStep,numberOfRobotsOnBlackSite,numberOfRobotsOnWhiteSite
34579,27,15
timeStep,numberOfRobotsOnBlackSite,numberOfRobotsOnWhiteSite
34580,27,15
timeStep,numberOfRobotsOnBlackSite,numberOfRobotsOnWhiteSite
34581,27,15
timeStep,numberOfRobotsOnBlackSite,numberOfRobotsOnWhiteSite
34582,27,15
timeStep,numberOfRobotsOnBlackSite,numberOfRobotsOnWhiteSite
34583,27,15
timeStep,numberOfRobotsOnBlackSite,numberOfRobotsOnWhiteSite
34584,27,15
timeStep,numberOfRobotsOnBlackSite,numberOfRobotsOnWhiteSite
34585,27,15
timeStep,numberOfRobotsOnBlackSite,numberOfRobotsOnWhiteSite
34586,27,15
timeStep,numberOfRobotsOnBlackSite,numberOfRobotsOnWhiteSite
34587,27,15
timeStep,numberOfRobotsOnBlackSite,numberOfRobotsOnWhiteSite
34588,27,15
timeStep,numberOfRobotsOnBlackSite,numberOfRobotsOnWhiteSite
34589,27,15
timeStep,numberOfRobotsOnBlackSite,numberOfRobotsOnWhiteSite
34590,27,15
timeStep,numberOfRobotsOnBlackSite,numberOfRobotsOnWhiteSite
34591,27,15
timeStep,numberOfRobotsOnBlackSite,numberOfRobotsOnWhiteSite
34592,27,15
timeStep,numberOfRobotsOnBlackSite,numberOfRobotsOnWhiteSite
34593,27,15
timeStep,numberOfRobotsOnBlackSite,numberOfRobotsOnWhiteSite
34594,27,15
timeStep,numberOfRobotsOnBlackSite,numberOfRobotsOnWhiteSite
34595,27,15
timeStep,numberOfRobotsOnBlackSite,numberOfRobotsOnWhiteSite
34596,27,15
timeStep,numberOfRobotsOnBlackSite,numberOfRobotsOnWhiteSite
34597,27,15
timeStep,numberOfRobotsOnBlackSite,numberOfRobotsOnWhiteSite
34598,27,15
timeStep,numberOfRobotsOnBlackSite,numberOfRobotsOnWhiteSite
34599,27,15
timeStep,numberOfRobotsOnBlackSite,numberOfRobotsOnWhiteSite
34600,27,15
timeStep,numberOfRobotsOnBlackSite,numberOfRobotsOnWhiteSite
34601,27,15
timeStep,numberOfRobotsOnBlackSite,numberOfRobotsOnWhiteSite
34602,27,15
timeStep,numberOfRobotsOnBlackSite,numberOfRobotsOnWhiteSite
34603,27,15
timeStep,numberOfRobotsOnBlackSite,numberOfRobotsOnWhiteSite
34604,27,15
timeStep,numberOfRobotsOnBlackSite,numberOfRobotsOnWhiteSite
34605,27,15
timeStep,numberOfRobotsOnBlackSite,numberOfRobotsOnWhiteSite
34606,27,15
timeStep,numberOfRobotsOnBlackSite,numberOfRobotsOnWhiteSite
34607,27,15
timeStep,numberOfRobotsOnBlackSite,numberOfRobotsOnWhiteSite
34608,27,15
timeStep,numberOfRobotsOnBlackSite,numberOfRobotsOnWhiteSite
34609,27,15
timeStep,numberOfRobotsOnBlackSite,numberOfRobotsOnWhiteSite
34610,27,15
timeStep,numberOfRobotsOnBlackSite,numberOfRobotsOnWhiteSite
34611,27,15
timeStep,numberOfRobotsOnBlackSite,numberOfRobotsOnWhiteSite
34612,27,15
timeStep,numberOfRobotsOnBlackSite,numberOfRobotsOnWhiteSite
34613,27,15
timeStep,numberOfRobotsOnBlackSite,numberOfRobotsOnWhiteSite
34614,27,15
timeStep,numberOfRobotsOnBlackSite,numberOfRobotsOnWhiteSite
34615,27,15
timeStep,numberOfRobotsOnBlackSite,numberOfRobotsOnWhiteSite
34616,27,15
timeStep,numberOfRobotsOnBlackSite,numberOfRobotsOnWhiteSite
34617,27,15
timeStep,numberOfRobotsOnBlackSite,numberOfRobotsOnWhiteSite
34618,27,15
timeStep,numberOfRobotsOnBlackSite,numberOfRobotsOnWhiteSite
34619,27,15
timeStep,numberOfRobotsOnBlackSite,numberOfRobotsOnWhiteSite
34620,27,15
timeStep,numberOfRobotsOnBlackSite,numberOfRobotsOnWhiteSite
34621,27,15
timeStep,numberOfRobotsOnBlackSite,numberOfRobotsOnWhiteSite
34622,27,15
timeStep,numberOfRobotsOnBlackSite,numberOfRobotsOnWhiteSite
34623,27,15
timeStep,numberOfRobotsOnBlackSite,numberOfRobotsOnWhiteSite
34624,27,15
timeStep,numberOfRobotsOnBlackSite,numberOfRobotsOnWhiteSite
34625,27,15
timeStep,numberOfRobotsOnBlackSite,numberOfRobotsOnWhiteSite
34626,27,15
timeStep,numberOfRobotsOnBlackSite,numberOfRobotsOnWhiteSite
34627,27,15
timeStep,numberOfRobotsOnBlackSite,numberOfRobotsOnWhiteSite
34628,27,15
timeStep,numberOfRobotsOnBlackSite,numberOfRobotsOnWhiteSite
34629,27,15
timeStep,numberOfRobotsOnBlackSite,numberOfRobotsOnWhiteSite
34630,27,15
timeStep,numberOfRobotsOnBlackSite,numberOfRobotsOnWhiteSite
34631,27,15
timeStep,numberOfRobotsOnBlackSite,numberOfRobotsOnWhiteSite
34632,27,15
timeStep,numberOfRobotsOnBlackSite,numberOfRobotsOnWhiteSite
34633,27,15
timeStep,numberOfRobotsOnBlackSite,numberOfRobotsOnWhiteSite
34634,27,15
timeStep,numberOfRobotsOnBlackSite,numberOfRobotsOnWhiteSite
34635,27,15
timeStep,numberOfRobotsOnBlackSite,numberOfRobotsOnWhiteSite
34636,27,15
timeStep,numberOfRobotsOnBlackSite,numberOfRobotsOnWhiteSite
34637,27,15
timeStep,numberOfRobotsOnBlackSite,numberOfRobotsOnWhiteSite
34638,27,15
timeStep,numberOfRobotsOnBlackSite,numberOfRobotsOnWhiteSite
34639,27,15
timeStep,numberOfRobotsOnBlackSite,numberOfRobotsOnWhiteSite
34640,27,15
timeStep,numberOfRobotsOnBlackSite,numberOfRobotsOnWhiteSite
34641,27,15
timeStep,numberOfRobotsOnBlackSite,numberOfRobotsOnWhiteSite
34642,27,15
timeStep,numberOfRobotsOnBlackSite,numberOfRobotsOnWhiteSite
34643,27,15
timeStep,numberOfRobotsOnBlackSite,numberOfRobotsOnWhiteSite
34644,27,15
timeStep,numberOfRobotsOnBlackSite,numberOfRobotsOnWhiteSite
34645,27,15
timeStep,numberOfRobotsOnBlackSite,numberOfRobotsOnWhiteSite
34646,27,15
timeStep,numberOfRobotsOnBlackSite,numberOfRobotsOnWhiteSite
34647,27,15
timeStep,numberOfRobotsOnBlackSite,numberOfRobotsOnWhiteSite
34648,27,15
timeStep,numberOfRobotsOnBlackSite,numberOfRobotsOnWhiteSite
34649,27,15
timeStep,numberOfRobotsOnBlackSite,numberOfRobotsOnWhiteSite
34650,27,15
timeStep,numberOfRobotsOnBlackSite,numberOfRobotsOnWhiteSite
34651,27,15
timeStep,numberOfRobotsOnBlackSite,numberOfRobotsOnWhiteSite
34652,27,15
timeStep,numberOfRobotsOnBlackSite,numberOfRobotsOnWhiteSite
34653,27,15
timeStep,numberOfRobotsOnBlackSite,numberOfRobotsOnWhiteSite
34654,27,15
timeStep,numberOfRobotsOnBlackSite,numberOfRobotsOnWhiteSite
34655,27,15
timeStep,numberOfRobotsOnBlackSite,numberOfRobotsOnWhiteSite
34656,27,15
timeStep,numberOfRobotsOnBlackSite,numberOfRobotsOnWhiteSite
34657,27,15
timeStep,numberOfRobotsOnBlackSite,numberOfRobotsOnWhiteSite
34658,27,15
timeStep,numberOfRobotsOnBlackSite,numberOfRobotsOnWhiteSite
34659,27,15
timeStep,numberOfRobotsOnBlackSite,numberOfRobotsOnWhiteSite
34660,27,15
timeStep,numberOfRobotsOnBlackSite,numberOfRobotsOnWhiteSite
34661,27,15
timeStep,numberOfRobotsOnBlackSite,numberOfRobotsOnWhiteSite
34662,27,15
timeStep,numberOfRobotsOnBlackSite,numberOfRobotsOnWhiteSite
34663,27,15
timeStep,numberOfRobotsOnBlackSite,numberOfRobotsOnWhiteSite
34664,27,15
timeStep,numberOfRobotsOnBlackSite,numberOfRobotsOnWhiteSite
34665,27,15
timeStep,numberOfRobotsOnBlackSite,numberOfRobotsOnWhiteSite
34666,27,15
timeStep,numberOfRobotsOnBlackSite,numberOfRobotsOnWhiteSite
34667,27,15
timeStep,numberOfRobotsOnBlackSite,numberOfRobotsOnWhiteSite
34668,27,15
timeStep,numberOfRobotsOnBlackSite,numberOfRobotsOnWhiteSite
34669,27,15
timeStep,numberOfRobotsOnBlackSite,numberOfRobotsOnWhiteSite
34670,27,15
timeStep,numberOfRobotsOnBlackSite,numberOfRobotsOnWhiteSite
34671,27,15
timeStep,numberOfRobotsOnBlackSite,numberOfRobotsOnWhiteSite
34672,27,15
timeStep,numberOfRobotsOnBlackSite,numberOfRobotsOnWhiteSite
34673,27,15
timeStep,numberOfRobotsOnBlackSite,numberOfRobotsOnWhiteSite
34674,27,15
timeStep,numberOfRobotsOnBlackSite,numberOfRobotsOnWhiteSite
34675,27,15
timeStep,numberOfRobotsOnBlackSite,numberOfRobotsOnWhiteSite
34676,27,15
timeStep,numberOfRobotsOnBlackSite,numberOfRobotsOnWhiteSite
34677,27,15
timeStep,numberOfRobotsOnBlackSite,numberOfRobotsOnWhiteSite
34678,27,15
timeStep,numberOfRobotsOnBlackSite,numberOfRobotsOnWhiteSite
34679,27,15
timeStep,numberOfRobotsOnBlackSite,numberOfRobotsOnWhiteSite
34680,27,15
timeStep,numberOfRobotsOnBlackSite,numberOfRobotsOnWhiteSite
34681,27,15
timeStep,numberOfRobotsOnBlackSite,numberOfRobotsOnWhiteSite
34682,27,15
timeStep,numberOfRobotsOnBlackSite,numberOfRobotsOnWhiteSite
34683,27,15
timeStep,numberOfRobotsOnBlackSite,numberOfRobotsOnWhiteSite
34684,27,15
timeStep,numberOfRobotsOnBlackSite,numberOfRobotsOnWhiteSite
34685,27,15
timeStep,numberOfRobotsOnBlackSite,numberOfRobotsOnWhiteSite
34686,27,15
timeStep,numberOfRobotsOnBlackSite,numberOfRobotsOnWhiteSite
34687,27,15
timeStep,numberOfRobotsOnBlackSite,numberOfRobotsOnWhiteSite
34688,27,15
timeStep,numberOfRobotsOnBlackSite,numberOfRobotsOnWhiteSite
34689,27,15
timeStep,numberOfRobotsOnBlackSite,numberOfRobotsOnWhiteSite
34690,27,15
timeStep,numberOfRobotsOnBlackSite,numberOfRobotsOnWhiteSite
34691,27,15
timeStep,numberOfRobotsOnBlackSite,numberOfRobotsOnWhiteSite
34692,27,15
timeStep,numberOfRobotsOnBlackSite,numberOfRobotsOnWhiteSite
34693,27,15
timeStep,numberOfRobotsOnBlackSite,numberOfRobotsOnWhiteSite
34694,27,15
timeStep,numberOfRobotsOnBlackSite,numberOfRobotsOnWhiteSite
34695,27,15
timeStep,numberOfRobotsOnBlackSite,numberOfRobotsOnWhiteSite
34696,27,15
timeStep,numberOfRobotsOnBlackSite,numberOfRobotsOnWhiteSite
34697,27,15
timeStep,numberOfRobotsOnBlackSite,numberOfRobotsOnWhiteSite
34698,27,15
timeStep,numberOfRobotsOnBlackSite,numberOfRobotsOnWhiteSite
34699,27,15
timeStep,numberOfRobotsOnBlackSite,numberOfRobotsOnWhiteSite
34700,27,15
timeStep,numberOfRobotsOnBlackSite,numberOfRobotsOnWhiteSite
34701,27,15
timeStep,numberOfRobotsOnBlackSite,numberOfRobotsOnWhiteSite
34702,27,15
timeStep,numberOfRobotsOnBlackSite,numberOfRobotsOnWhiteSite
34703,27,15
timeStep,numberOfRobotsOnBlackSite,numberOfRobotsOnWhiteSite
34704,27,15
timeStep,numberOfRobotsOnBlackSite,numberOfRobotsOnWhiteSite
34705,27,15
timeStep,numberOfRobotsOnBlackSite,numberOfRobotsOnWhiteSite
34706,27,15
timeStep,numberOfRobotsOnBlackSite,numberOfRobotsOnWhiteSite
34707,27,15
timeStep,numberOfRobotsOnBlackSite,numberOfRobotsOnWhiteSite
34708,27,15
timeStep,numberOfRobotsOnBlackSite,numberOfRobotsOnWhiteSite
34709,27,15
timeStep,numberOfRobotsOnBlackSite,numberOfRobotsOnWhiteSite
34710,27,15
timeStep,numberOfRobotsOnBlackSite,numberOfRobotsOnWhiteSite
34711,27,15
timeStep,numberOfRobotsOnBlackSite,numberOfRobotsOnWhiteSite
34712,27,15
timeStep,numberOfRobotsOnBlackSite,numberOfRobotsOnWhiteSite
34713,27,15
timeStep,numberOfRobotsOnBlackSite,numberOfRobotsOnWhiteSite
34714,27,15
timeStep,numberOfRobotsOnBlackSite,numberOfRobotsOnWhiteSite
34715,27,15
timeStep,numberOfRobotsOnBlackSite,numberOfRobotsOnWhiteSite
34716,27,15
timeStep,numberOfRobotsOnBlackSite,numberOfRobotsOnWhiteSite
34717,27,15
timeStep,numberOfRobotsOnBlackSite,numberOfRobotsOnWhiteSite
34718,27,15
timeStep,numberOfRobotsOnBlackSite,numberOfRobotsOnWhiteSite
34719,27,15
timeStep,numberOfRobotsOnBlackSite,numberOfRobotsOnWhiteSite
34720,27,16
timeStep,numberOfRobotsOnBlackSite,numberOfRobotsOnWhiteSite
34721,27,16
timeStep,numberOfRobotsOnBlackSite,numberOfRobotsOnWhiteSite
34722,27,16
timeStep,numberOfRobotsOnBlackSite,numberOfRobotsOnWhiteSite
34723,27,16
timeStep,numberOfRobotsOnBlackSite,numberOfRobotsOnWhiteSite
34724,27,16
timeStep,numberOfRobotsOnBlackSite,numberOfRobotsOnWhiteSite
34725,27,16
timeStep,numberOfRobotsOnBlackSite,numberOfRobotsOnWhiteSite
34726,27,16
timeStep,numberOfRobotsOnBlackSite,numberOfRobotsOnWhiteSite
34727,27,16
timeStep,numberOfRobotsOnBlackSite,numberOfRobotsOnWhiteSite
34728,27,16
timeStep,numberOfRobotsOnBlackSite,numberOfRobotsOnWhiteSite
34729,27,16
timeStep,numberOfRobotsOnBlackSite,numberOfRobotsOnWhiteSite
34730,27,16
timeStep,numberOfRobotsOnBlackSite,numberOfRobotsOnWhiteSite
34731,27,16
timeStep,numberOfRobotsOnBlackSite,numberOfRobotsOnWhiteSite
34732,27,16
timeStep,numberOfRobotsOnBlackSite,numberOfRobotsOnWhiteSite
34733,27,16
timeStep,numberOfRobotsOnBlackSite,numberOfRobotsOnWhiteSite
34734,27,16
timeStep,numberOfRobotsOnBlackSite,numberOfRobotsOnWhiteSite
34735,27,16
timeStep,numberOfRobotsOnBlackSite,numberOfRobotsOnWhiteSite
34736,27,16
timeStep,numberOfRobotsOnBlackSite,numberOfRobotsOnWhiteSite
34737,27,16
timeStep,numberOfRobotsOnBlackSite,numberOfRobotsOnWhiteSite
34738,27,16
timeStep,numberOfRobotsOnBlackSite,numberOfRobotsOnWhiteSite
34739,27,16
timeStep,numberOfRobotsOnBlackSite,numberOfRobotsOnWhiteSite
34740,27,16
timeStep,numberOfRobotsOnBlackSite,numberOfRobotsOnWhiteSite
34741,27,16
timeStep,numberOfRobotsOnBlackSite,numberOfRobotsOnWhiteSite
34742,27,16
timeStep,numberOfRobotsOnBlackSite,numberOfRobotsOnWhiteSite
34743,27,16
timeStep,numberOfRobotsOnBlackSite,numberOfRobotsOnWhiteSite
34744,27,16
timeStep,numberOfRobotsOnBlackSite,numberOfRobotsOnWhiteSite
34745,27,16
timeStep,numberOfRobotsOnBlackSite,numberOfRobotsOnWhiteSite
34746,27,16
timeStep,numberOfRobotsOnBlackSite,numberOfRobotsOnWhiteSite
34747,27,16
timeStep,numberOfRobotsOnBlackSite,numberOfRobotsOnWhiteSite
34748,27,16
timeStep,numberOfRobotsOnBlackSite,numberOfRobotsOnWhiteSite
34749,27,16
timeStep,numberOfRobotsOnBlackSite,numberOfRobotsOnWhiteSite
34750,27,16
timeStep,numberOfRobotsOnBlackSite,numberOfRobotsOnWhiteSite
34751,27,16
timeStep,numberOfRobotsOnBlackSite,numberOfRobotsOnWhiteSite
34752,27,16
timeStep,numberOfRobotsOnBlackSite,numberOfRobotsOnWhiteSite
34753,27,16
timeStep,numberOfRobotsOnBlackSite,numberOfRobotsOnWhiteSite
34754,27,16
timeStep,numberOfRobotsOnBlackSite,numberOfRobotsOnWhiteSite
34755,27,16
timeStep,numberOfRobotsOnBlackSite,numberOfRobotsOnWhiteSite
34756,27,16
timeStep,numberOfRobotsOnBlackSite,numberOfRobotsOnWhiteSite
34757,27,16
timeStep,numberOfRobotsOnBlackSite,numberOfRobotsOnWhiteSite
34758,27,16
timeStep,numberOfRobotsOnBlackSite,numberOfRobotsOnWhiteSite
34759,27,16
timeStep,numberOfRobotsOnBlackSite,numberOfRobotsOnWhiteSite
34760,27,16
timeStep,numberOfRobotsOnBlackSite,numberOfRobotsOnWhiteSite
34761,27,16
timeStep,numberOfRobotsOnBlackSite,numberOfRobotsOnWhiteSite
34762,27,16
timeStep,numberOfRobotsOnBlackSite,numberOfRobotsOnWhiteSite
34763,27,16
timeStep,numberOfRobotsOnBlackSite,numberOfRobotsOnWhiteSite
34764,27,16
timeStep,numberOfRobotsOnBlackSite,numberOfRobotsOnWhiteSite
34765,27,16
timeStep,numberOfRobotsOnBlackSite,numberOfRobotsOnWhiteSite
34766,27,16
timeStep,numberOfRobotsOnBlackSite,numberOfRobotsOnWhiteSite
34767,27,16
timeStep,numberOfRobotsOnBlackSite,numberOfRobotsOnWhiteSite
34768,27,16
timeStep,numberOfRobotsOnBlackSite,numberOfRobotsOnWhiteSite
34769,27,16
timeStep,numberOfRobotsOnBlackSite,numberOfRobotsOnWhiteSite
34770,27,16
timeStep,numberOfRobotsOnBlackSite,numberOfRobotsOnWhiteSite
34771,27,16
timeStep,numberOfRobotsOnBlackSite,numberOfRobotsOnWhiteSite
34772,27,16
timeStep,numberOfRobotsOnBlackSite,numberOfRobotsOnWhiteSite
34773,27,16
timeStep,numberOfRobotsOnBlackSite,numberOfRobotsOnWhiteSite
34774,27,16
timeStep,numberOfRobotsOnBlackSite,numberOfRobotsOnWhiteSite
34775,27,16
timeStep,numberOfRobotsOnBlackSite,numberOfRobotsOnWhiteSite
34776,27,16
timeStep,numberOfRobotsOnBlackSite,numberOfRobotsOnWhiteSite
34777,27,16
timeStep,numberOfRobotsOnBlackSite,numberOfRobotsOnWhiteSite
34778,27,16
timeStep,numberOfRobotsOnBlackSite,numberOfRobotsOnWhiteSite
34779,27,16
timeStep,numberOfRobotsOnBlackSite,numberOfRobotsOnWhiteSite
34780,27,16
timeStep,numberOfRobotsOnBlackSite,numberOfRobotsOnWhiteSite
34781,27,16
timeStep,numberOfRobotsOnBlackSite,numberOfRobotsOnWhiteSite
34782,27,16
timeStep,numberOfRobotsOnBlackSite,numberOfRobotsOnWhiteSite
34783,27,16
timeStep,numberOfRobotsOnBlackSite,numberOfRobotsOnWhiteSite
34784,27,16
timeStep,numberOfRobotsOnBlackSite,numberOfRobotsOnWhiteSite
34785,27,16
timeStep,numberOfRobotsOnBlackSite,numberOfRobotsOnWhiteSite
34786,27,16
timeStep,numberOfRobotsOnBlackSite,numberOfRobotsOnWhiteSite
34787,27,16
timeStep,numberOfRobotsOnBlackSite,numberOfRobotsOnWhiteSite
34788,27,16
timeStep,numberOfRobotsOnBlackSite,numberOfRobotsOnWhiteSite
34789,27,16
timeStep,numberOfRobotsOnBlackSite,numberOfRobotsOnWhiteSite
34790,27,16
timeStep,numberOfRobotsOnBlackSite,numberOfRobotsOnWhiteSite
34791,27,16
timeStep,numberOfRobotsOnBlackSite,numberOfRobotsOnWhiteSite
34792,27,16
timeStep,numberOfRobotsOnBlackSite,numberOfRobotsOnWhiteSite
34793,27,16
timeStep,numberOfRobotsOnBlackSite,numberOfRobotsOnWhiteSite
34794,27,16
timeStep,numberOfRobotsOnBlackSite,numberOfRobotsOnWhiteSite
34795,27,16
timeStep,numberOfRobotsOnBlackSite,numberOfRobotsOnWhiteSite
34796,27,16
timeStep,numberOfRobotsOnBlackSite,numberOfRobotsOnWhiteSite
34797,27,16
timeStep,numberOfRobotsOnBlackSite,numberOfRobotsOnWhiteSite
34798,27,16
timeStep,numberOfRobotsOnBlackSite,numberOfRobotsOnWhiteSite
34799,27,16
timeStep,numberOfRobotsOnBlackSite,numberOfRobotsOnWhiteSite
34800,27,16
timeStep,numberOfRobotsOnBlackSite,numberOfRobotsOnWhiteSite
34801,27,16
timeStep,numberOfRobotsOnBlackSite,numberOfRobotsOnWhiteSite
34802,27,16
timeStep,numberOfRobotsOnBlackSite,numberOfRobotsOnWhiteSite
34803,27,16
timeStep,numberOfRobotsOnBlackSite,numberOfRobotsOnWhiteSite
34804,27,16
timeStep,numberOfRobotsOnBlackSite,numberOfRobotsOnWhiteSite
34805,27,16
timeStep,numberOfRobotsOnBlackSite,numberOfRobotsOnWhiteSite
34806,27,16
timeStep,numberOfRobotsOnBlackSite,numberOfRobotsOnWhiteSite
34807,27,16
timeStep,numberOfRobotsOnBlackSite,numberOfRobotsOnWhiteSite
34808,27,16
timeStep,numberOfRobotsOnBlackSite,numberOfRobotsOnWhiteSite
34809,27,16
timeStep,numberOfRobotsOnBlackSite,numberOfRobotsOnWhiteSite
34810,27,16
timeStep,numberOfRobotsOnBlackSite,numberOfRobotsOnWhiteSite
34811,27,16
timeStep,numberOfRobotsOnBlackSite,numberOfRobotsOnWhiteSite
34812,27,16
timeStep,numberOfRobotsOnBlackSite,numberOfRobotsOnWhiteSite
34813,27,16
timeStep,numberOfRobotsOnBlackSite,numberOfRobotsOnWhiteSite
34814,27,16
timeStep,numberOfRobotsOnBlackSite,numberOfRobotsOnWhiteSite
34815,27,15
timeStep,numberOfRobotsOnBlackSite,numberOfRobotsOnWhiteSite
34816,27,15
timeStep,numberOfRobotsOnBlackSite,numberOfRobotsOnWhiteSite
34817,27,15
timeStep,numberOfRobotsOnBlackSite,numberOfRobotsOnWhiteSite
34818,27,15
timeStep,numberOfRobotsOnBlackSite,numberOfRobotsOnWhiteSite
34819,27,15
timeStep,numberOfRobotsOnBlackSite,numberOfRobotsOnWhiteSite
34820,27,15
timeStep,numberOfRobotsOnBlackSite,numberOfRobotsOnWhiteSite
34821,27,15
timeStep,numberOfRobotsOnBlackSite,numberOfRobotsOnWhiteSite
34822,27,15
timeStep,numberOfRobotsOnBlackSite,numberOfRobotsOnWhiteSite
34823,27,15
timeStep,numberOfRobotsOnBlackSite,numberOfRobotsOnWhiteSite
34824,27,15
timeStep,numberOfRobotsOnBlackSite,numberOfRobotsOnWhiteSite
34825,27,15
timeStep,numberOfRobotsOnBlackSite,numberOfRobotsOnWhiteSite
34826,27,15
timeStep,numberOfRobotsOnBlackSite,numberOfRobotsOnWhiteSite
34827,27,15
timeStep,numberOfRobotsOnBlackSite,numberOfRobotsOnWhiteSite
34828,27,15
timeStep,numberOfRobotsOnBlackSite,numberOfRobotsOnWhiteSite
34829,27,15
timeStep,numberOfRobotsOnBlackSite,numberOfRobotsOnWhiteSite
34830,27,15
timeStep,numberOfRobotsOnBlackSite,numberOfRobotsOnWhiteSite
34831,27,15
timeStep,numberOfRobotsOnBlackSite,numberOfRobotsOnWhiteSite
34832,27,15
timeStep,numberOfRobotsOnBlackSite,numberOfRobotsOnWhiteSite
34833,27,15
timeStep,numberOfRobotsOnBlackSite,numberOfRobotsOnWhiteSite
34834,27,15
timeStep,numberOfRobotsOnBlackSite,numberOfRobotsOnWhiteSite
34835,27,15
timeStep,numberOfRobotsOnBlackSite,numberOfRobotsOnWhiteSite
34836,27,15
timeStep,numberOfRobotsOnBlackSite,numberOfRobotsOnWhiteSite
34837,27,15
timeStep,numberOfRobotsOnBlackSite,numberOfRobotsOnWhiteSite
34838,27,15
timeStep,numberOfRobotsOnBlackSite,numberOfRobotsOnWhiteSite
34839,27,15
timeStep,numberOfRobotsOnBlackSite,numberOfRobotsOnWhiteSite
34840,27,15
timeStep,numberOfRobotsOnBlackSite,numberOfRobotsOnWhiteSite
34841,27,15
timeStep,numberOfRobotsOnBlackSite,numberOfRobotsOnWhiteSite
34842,27,15
timeStep,numberOfRobotsOnBlackSite,numberOfRobotsOnWhiteSite
34843,27,15
timeStep,numberOfRobotsOnBlackSite,numberOfRobotsOnWhiteSite
34844,27,15
timeStep,numberOfRobotsOnBlackSite,numberOfRobotsOnWhiteSite
34845,27,15
timeStep,numberOfRobotsOnBlackSite,numberOfRobotsOnWhiteSite
34846,27,15
timeStep,numberOfRobotsOnBlackSite,numberOfRobotsOnWhiteSite
34847,27,15
timeStep,numberOfRobotsOnBlackSite,numberOfRobotsOnWhiteSite
34848,27,15
timeStep,numberOfRobotsOnBlackSite,numberOfRobotsOnWhiteSite
34849,27,15
timeStep,numberOfRobotsOnBlackSite,numberOfRobotsOnWhiteSite
34850,27,15
timeStep,numberOfRobotsOnBlackSite,numberOfRobotsOnWhiteSite
34851,27,15
timeStep,numberOfRobotsOnBlackSite,numberOfRobotsOnWhiteSite
34852,27,15
timeStep,numberOfRobotsOnBlackSite,numberOfRobotsOnWhiteSite
34853,27,15
timeStep,numberOfRobotsOnBlackSite,numberOfRobotsOnWhiteSite
34854,27,15
timeStep,numberOfRobotsOnBlackSite,numberOfRobotsOnWhiteSite
34855,27,15
timeStep,numberOfRobotsOnBlackSite,numberOfRobotsOnWhiteSite
34856,27,15
timeStep,numberOfRobotsOnBlackSite,numberOfRobotsOnWhiteSite
34857,27,15
timeStep,numberOfRobotsOnBlackSite,numberOfRobotsOnWhiteSite
34858,27,15
timeStep,numberOfRobotsOnBlackSite,numberOfRobotsOnWhiteSite
34859,27,15
timeStep,numberOfRobotsOnBlackSite,numberOfRobotsOnWhiteSite
34860,27,15
timeStep,numberOfRobotsOnBlackSite,numberOfRobotsOnWhiteSite
34861,27,15
timeStep,numberOfRobotsOnBlackSite,numberOfRobotsOnWhiteSite
34862,27,15
timeStep,numberOfRobotsOnBlackSite,numberOfRobotsOnWhiteSite
34863,27,15
timeStep,numberOfRobotsOnBlackSite,numberOfRobotsOnWhiteSite
34864,27,15
timeStep,numberOfRobotsOnBlackSite,numberOfRobotsOnWhiteSite
34865,27,15
timeStep,numberOfRobotsOnBlackSite,numberOfRobotsOnWhiteSite
34866,27,15
timeStep,numberOfRobotsOnBlackSite,numberOfRobotsOnWhiteSite
34867,27,15
timeStep,numberOfRobotsOnBlackSite,numberOfRobotsOnWhiteSite
34868,27,15
timeStep,numberOfRobotsOnBlackSite,numberOfRobotsOnWhiteSite
34869,27,15
timeStep,numberOfRobotsOnBlackSite,numberOfRobotsOnWhiteSite
34870,27,15
timeStep,numberOfRobotsOnBlackSite,numberOfRobotsOnWhiteSite
34871,27,15
timeStep,numberOfRobotsOnBlackSite,numberOfRobotsOnWhiteSite
34872,27,15
timeStep,numberOfRobotsOnBlackSite,numberOfRobotsOnWhiteSite
34873,27,15
timeStep,numberOfRobotsOnBlackSite,numberOfRobotsOnWhiteSite
34874,27,15
timeStep,numberOfRobotsOnBlackSite,numberOfRobotsOnWhiteSite
34875,27,15
timeStep,numberOfRobotsOnBlackSite,numberOfRobotsOnWhiteSite
34876,27,15
timeStep,numberOfRobotsOnBlackSite,numberOfRobotsOnWhiteSite
34877,27,15
timeStep,numberOfRobotsOnBlackSite,numberOfRobotsOnWhiteSite
34878,27,15
timeStep,numberOfRobotsOnBlackSite,numberOfRobotsOnWhiteSite
34879,27,15
timeStep,numberOfRobotsOnBlackSite,numberOfRobotsOnWhiteSite
34880,27,15
timeStep,numberOfRobotsOnBlackSite,numberOfRobotsOnWhiteSite
34881,27,15
timeStep,numberOfRobotsOnBlackSite,numberOfRobotsOnWhiteSite
34882,27,15
timeStep,numberOfRobotsOnBlackSite,numberOfRobotsOnWhiteSite
34883,27,15
timeStep,numberOfRobotsOnBlackSite,numberOfRobotsOnWhiteSite
34884,27,15
timeStep,numberOfRobotsOnBlackSite,numberOfRobotsOnWhiteSite
34885,27,16
timeStep,numberOfRobotsOnBlackSite,numberOfRobotsOnWhiteSite
34886,27,16
timeStep,numberOfRobotsOnBlackSite,numberOfRobotsOnWhiteSite
34887,27,16
timeStep,numberOfRobotsOnBlackSite,numberOfRobotsOnWhiteSite
34888,27,16
timeStep,numberOfRobotsOnBlackSite,numberOfRobotsOnWhiteSite
34889,27,16
timeStep,numberOfRobotsOnBlackSite,numberOfRobotsOnWhiteSite
34890,27,16
timeStep,numberOfRobotsOnBlackSite,numberOfRobotsOnWhiteSite
34891,27,16
timeStep,numberOfRobotsOnBlackSite,numberOfRobotsOnWhiteSite
34892,27,16
timeStep,numberOfRobotsOnBlackSite,numberOfRobotsOnWhiteSite
34893,27,16
timeStep,numberOfRobotsOnBlackSite,numberOfRobotsOnWhiteSite
34894,27,16
timeStep,numberOfRobotsOnBlackSite,numberOfRobotsOnWhiteSite
34895,27,16
timeStep,numberOfRobotsOnBlackSite,numberOfRobotsOnWhiteSite
34896,27,16
timeStep,numberOfRobotsOnBlackSite,numberOfRobotsOnWhiteSite
34897,27,16
timeStep,numberOfRobotsOnBlackSite,numberOfRobotsOnWhiteSite
34898,27,16
timeStep,numberOfRobotsOnBlackSite,numberOfRobotsOnWhiteSite
34899,27,16
timeStep,numberOfRobotsOnBlackSite,numberOfRobotsOnWhiteSite
34900,27,16
timeStep,numberOfRobotsOnBlackSite,numberOfRobotsOnWhiteSite
34901,27,16
timeStep,numberOfRobotsOnBlackSite,numberOfRobotsOnWhiteSite
34902,27,16
timeStep,numberOfRobotsOnBlackSite,numberOfRobotsOnWhiteSite
34903,27,16
timeStep,numberOfRobotsOnBlackSite,numberOfRobotsOnWhiteSite
34904,27,16
timeStep,numberOfRobotsOnBlackSite,numberOfRobotsOnWhiteSite
34905,27,16
timeStep,numberOfRobotsOnBlackSite,numberOfRobotsOnWhiteSite
34906,27,16
timeStep,numberOfRobotsOnBlackSite,numberOfRobotsOnWhiteSite
34907,27,16
timeStep,numberOfRobotsOnBlackSite,numberOfRobotsOnWhiteSite
34908,27,16
timeStep,numberOfRobotsOnBlackSite,numberOfRobotsOnWhiteSite
34909,27,16
timeStep,numberOfRobotsOnBlackSite,numberOfRobotsOnWhiteSite
34910,27,16
timeStep,numberOfRobotsOnBlackSite,numberOfRobotsOnWhiteSite
34911,27,16
timeStep,numberOfRobotsOnBlackSite,numberOfRobotsOnWhiteSite
34912,27,16
timeStep,numberOfRobotsOnBlackSite,numberOfRobotsOnWhiteSite
34913,27,16
timeStep,numberOfRobotsOnBlackSite,numberOfRobotsOnWhiteSite
34914,27,16
timeStep,numberOfRobotsOnBlackSite,numberOfRobotsOnWhiteSite
34915,27,16
timeStep,numberOfRobotsOnBlackSite,numberOfRobotsOnWhiteSite
34916,27,16
timeStep,numberOfRobotsOnBlackSite,numberOfRobotsOnWhiteSite
34917,27,16
timeStep,numberOfRobotsOnBlackSite,numberOfRobotsOnWhiteSite
34918,27,16
timeStep,numberOfRobotsOnBlackSite,numberOfRobotsOnWhiteSite
34919,27,16
timeStep,numberOfRobotsOnBlackSite,numberOfRobotsOnWhiteSite
34920,27,16
timeStep,numberOfRobotsOnBlackSite,numberOfRobotsOnWhiteSite
34921,27,16
timeStep,numberOfRobotsOnBlackSite,numberOfRobotsOnWhiteSite
34922,27,16
timeStep,numberOfRobotsOnBlackSite,numberOfRobotsOnWhiteSite
34923,27,16
timeStep,numberOfRobotsOnBlackSite,numberOfRobotsOnWhiteSite
34924,27,16
timeStep,numberOfRobotsOnBlackSite,numberOfRobotsOnWhiteSite
34925,27,16
timeStep,numberOfRobotsOnBlackSite,numberOfRobotsOnWhiteSite
34926,27,16
timeStep,numberOfRobotsOnBlackSite,numberOfRobotsOnWhiteSite
34927,27,16
timeStep,numberOfRobotsOnBlackSite,numberOfRobotsOnWhiteSite
34928,27,16
timeStep,numberOfRobotsOnBlackSite,numberOfRobotsOnWhiteSite
34929,27,16
timeStep,numberOfRobotsOnBlackSite,numberOfRobotsOnWhiteSite
34930,27,16
timeStep,numberOfRobotsOnBlackSite,numberOfRobotsOnWhiteSite
34931,27,16
timeStep,numberOfRobotsOnBlackSite,numberOfRobotsOnWhiteSite
34932,27,16
timeStep,numberOfRobotsOnBlackSite,numberOfRobotsOnWhiteSite
34933,27,16
timeStep,numberOfRobotsOnBlackSite,numberOfRobotsOnWhiteSite
34934,27,16
timeStep,numberOfRobotsOnBlackSite,numberOfRobotsOnWhiteSite
34935,27,16
timeStep,numberOfRobotsOnBlackSite,numberOfRobotsOnWhiteSite
34936,27,16
timeStep,numberOfRobotsOnBlackSite,numberOfRobotsOnWhiteSite
34937,27,16
timeStep,numberOfRobotsOnBlackSite,numberOfRobotsOnWhiteSite
34938,27,16
timeStep,numberOfRobotsOnBlackSite,numberOfRobotsOnWhiteSite
34939,27,16
timeStep,numberOfRobotsOnBlackSite,numberOfRobotsOnWhiteSite
34940,27,16
timeStep,numberOfRobotsOnBlackSite,numberOfRobotsOnWhiteSite
34941,27,16
timeStep,numberOfRobotsOnBlackSite,numberOfRobotsOnWhiteSite
34942,27,16
timeStep,numberOfRobotsOnBlackSite,numberOfRobotsOnWhiteSite
34943,27,16
timeStep,numberOfRobotsOnBlackSite,numberOfRobotsOnWhiteSite
34944,27,16
timeStep,numberOfRobotsOnBlackSite,numberOfRobotsOnWhiteSite
34945,27,15
timeStep,numberOfRobotsOnBlackSite,numberOfRobotsOnWhiteSite
34946,27,15
timeStep,numberOfRobotsOnBlackSite,numberOfRobotsOnWhiteSite
34947,27,15
timeStep,numberOfRobotsOnBlackSite,numberOfRobotsOnWhiteSite
34948,27,15
timeStep,numberOfRobotsOnBlackSite,numberOfRobotsOnWhiteSite
34949,27,15
timeStep,numberOfRobotsOnBlackSite,numberOfRobotsOnWhiteSite
34950,27,15
timeStep,numberOfRobotsOnBlackSite,numberOfRobotsOnWhiteSite
34951,27,15
timeStep,numberOfRobotsOnBlackSite,numberOfRobotsOnWhiteSite
34952,27,15
timeStep,numberOfRobotsOnBlackSite,numberOfRobotsOnWhiteSite
34953,27,15
timeStep,numberOfRobotsOnBlackSite,numberOfRobotsOnWhiteSite
34954,27,15
timeStep,numberOfRobotsOnBlackSite,numberOfRobotsOnWhiteSite
34955,27,15
timeStep,numberOfRobotsOnBlackSite,numberOfRobotsOnWhiteSite
34956,27,15
timeStep,numberOfRobotsOnBlackSite,numberOfRobotsOnWhiteSite
34957,27,15
timeStep,numberOfRobotsOnBlackSite,numberOfRobotsOnWhiteSite
34958,27,15
timeStep,numberOfRobotsOnBlackSite,numberOfRobotsOnWhiteSite
34959,27,15
timeStep,numberOfRobotsOnBlackSite,numberOfRobotsOnWhiteSite
34960,27,15
timeStep,numberOfRobotsOnBlackSite,numberOfRobotsOnWhiteSite
34961,27,15
timeStep,numberOfRobotsOnBlackSite,numberOfRobotsOnWhiteSite
34962,27,15
timeStep,numberOfRobotsOnBlackSite,numberOfRobotsOnWhiteSite
34963,27,15
timeStep,numberOfRobotsOnBlackSite,numberOfRobotsOnWhiteSite
34964,27,15
timeStep,numberOfRobotsOnBlackSite,numberOfRobotsOnWhiteSite
34965,27,15
timeStep,numberOfRobotsOnBlackSite,numberOfRobotsOnWhiteSite
34966,27,15
timeStep,numberOfRobotsOnBlackSite,numberOfRobotsOnWhiteSite
34967,27,15
timeStep,numberOfRobotsOnBlackSite,numberOfRobotsOnWhiteSite
34968,27,15
timeStep,numberOfRobotsOnBlackSite,numberOfRobotsOnWhiteSite
34969,27,15
timeStep,numberOfRobotsOnBlackSite,numberOfRobotsOnWhiteSite
34970,27,15
timeStep,numberOfRobotsOnBlackSite,numberOfRobotsOnWhiteSite
34971,27,15
timeStep,numberOfRobotsOnBlackSite,numberOfRobotsOnWhiteSite
34972,27,15
timeStep,numberOfRobotsOnBlackSite,numberOfRobotsOnWhiteSite
34973,27,15
timeStep,numberOfRobotsOnBlackSite,numberOfRobotsOnWhiteSite
34974,27,15
timeStep,numberOfRobotsOnBlackSite,numberOfRobotsOnWhiteSite
34975,27,15
timeStep,numberOfRobotsOnBlackSite,numberOfRobotsOnWhiteSite
34976,27,15
timeStep,numberOfRobotsOnBlackSite,numberOfRobotsOnWhiteSite
34977,27,15
timeStep,numberOfRobotsOnBlackSite,numberOfRobotsOnWhiteSite
34978,27,15
timeStep,numberOfRobotsOnBlackSite,numberOfRobotsOnWhiteSite
34979,27,15
timeStep,numberOfRobotsOnBlackSite,numberOfRobotsOnWhiteSite
34980,27,15
timeStep,numberOfRobotsOnBlackSite,numberOfRobotsOnWhiteSite
34981,27,15
timeStep,numberOfRobotsOnBlackSite,numberOfRobotsOnWhiteSite
34982,27,15
timeStep,numberOfRobotsOnBlackSite,numberOfRobotsOnWhiteSite
34983,27,15
timeStep,numberOfRobotsOnBlackSite,numberOfRobotsOnWhiteSite
34984,27,15
timeStep,numberOfRobotsOnBlackSite,numberOfRobotsOnWhiteSite
34985,27,15
timeStep,numberOfRobotsOnBlackSite,numberOfRobotsOnWhiteSite
34986,27,15
timeStep,numberOfRobotsOnBlackSite,numberOfRobotsOnWhiteSite
34987,27,15
timeStep,numberOfRobotsOnBlackSite,numberOfRobotsOnWhiteSite
34988,27,15
timeStep,numberOfRobotsOnBlackSite,numberOfRobotsOnWhiteSite
34989,27,15
timeStep,numberOfRobotsOnBlackSite,numberOfRobotsOnWhiteSite
34990,27,15
timeStep,numberOfRobotsOnBlackSite,numberOfRobotsOnWhiteSite
34991,27,15
timeStep,numberOfRobotsOnBlackSite,numberOfRobotsOnWhiteSite
34992,27,15
timeStep,numberOfRobotsOnBlackSite,numberOfRobotsOnWhiteSite
34993,27,15
timeStep,numberOfRobotsOnBlackSite,numberOfRobotsOnWhiteSite
34994,27,15
timeStep,numberOfRobotsOnBlackSite,numberOfRobotsOnWhiteSite
34995,27,15
timeStep,numberOfRobotsOnBlackSite,numberOfRobotsOnWhiteSite
34996,27,15
timeStep,numberOfRobotsOnBlackSite,numberOfRobotsOnWhiteSite
34997,27,15
timeStep,numberOfRobotsOnBlackSite,numberOfRobotsOnWhiteSite
34998,27,15
timeStep,numberOfRobotsOnBlackSite,numberOfRobotsOnWhiteSite
34999,27,15
timeStep,numberOfRobotsOnBlackSite,numberOfRobotsOnWhiteSite
35000,27,15
timeStep,numberOfRobotsOnBlackSite,numberOfRobotsOnWhiteSite
35001,27,15
timeStep,numberOfRobotsOnBlackSite,numberOfRobotsOnWhiteSite
35002,27,15
timeStep,numberOfRobotsOnBlackSite,numberOfRobotsOnWhiteSite
35003,27,15
timeStep,numberOfRobotsOnBlackSite,numberOfRobotsOnWhiteSite
35004,27,15
timeStep,numberOfRobotsOnBlackSite,numberOfRobotsOnWhiteSite
35005,27,15
timeStep,numberOfRobotsOnBlackSite,numberOfRobotsOnWhiteSite
35006,27,15
timeStep,numberOfRobotsOnBlackSite,numberOfRobotsOnWhiteSite
35007,27,15
timeStep,numberOfRobotsOnBlackSite,numberOfRobotsOnWhiteSite
35008,27,15
timeStep,numberOfRobotsOnBlackSite,numberOfRobotsOnWhiteSite
35009,27,15
timeStep,numberOfRobotsOnBlackSite,numberOfRobotsOnWhiteSite
35010,27,15
timeStep,numberOfRobotsOnBlackSite,numberOfRobotsOnWhiteSite
35011,27,15
timeStep,numberOfRobotsOnBlackSite,numberOfRobotsOnWhiteSite
35012,27,15
timeStep,numberOfRobotsOnBlackSite,numberOfRobotsOnWhiteSite
35013,27,15
timeStep,numberOfRobotsOnBlackSite,numberOfRobotsOnWhiteSite
35014,27,15
timeStep,numberOfRobotsOnBlackSite,numberOfRobotsOnWhiteSite
35015,27,15
timeStep,numberOfRobotsOnBlackSite,numberOfRobotsOnWhiteSite
35016,27,15
timeStep,numberOfRobotsOnBlackSite,numberOfRobotsOnWhiteSite
35017,27,15
timeStep,numberOfRobotsOnBlackSite,numberOfRobotsOnWhiteSite
35018,27,15
timeStep,numberOfRobotsOnBlackSite,numberOfRobotsOnWhiteSite
35019,27,15
timeStep,numberOfRobotsOnBlackSite,numberOfRobotsOnWhiteSite
35020,27,15
timeStep,numberOfRobotsOnBlackSite,numberOfRobotsOnWhiteSite
35021,27,15
timeStep,numberOfRobotsOnBlackSite,numberOfRobotsOnWhiteSite
35022,27,15
timeStep,numberOfRobotsOnBlackSite,numberOfRobotsOnWhiteSite
35023,27,15
timeStep,numberOfRobotsOnBlackSite,numberOfRobotsOnWhiteSite
35024,27,15
timeStep,numberOfRobotsOnBlackSite,numberOfRobotsOnWhiteSite
35025,27,15
timeStep,numberOfRobotsOnBlackSite,numberOfRobotsOnWhiteSite
35026,27,15
timeStep,numberOfRobotsOnBlackSite,numberOfRobotsOnWhiteSite
35027,27,15
timeStep,numberOfRobotsOnBlackSite,numberOfRobotsOnWhiteSite
35028,27,15
timeStep,numberOfRobotsOnBlackSite,numberOfRobotsOnWhiteSite
35029,27,15
timeStep,numberOfRobotsOnBlackSite,numberOfRobotsOnWhiteSite
35030,27,15
timeStep,numberOfRobotsOnBlackSite,numberOfRobotsOnWhiteSite
35031,27,15
timeStep,numberOfRobotsOnBlackSite,numberOfRobotsOnWhiteSite
35032,27,15
timeStep,numberOfRobotsOnBlackSite,numberOfRobotsOnWhiteSite
35033,27,15
timeStep,numberOfRobotsOnBlackSite,numberOfRobotsOnWhiteSite
35034,27,15
timeStep,numberOfRobotsOnBlackSite,numberOfRobotsOnWhiteSite
35035,27,15
timeStep,numberOfRobotsOnBlackSite,numberOfRobotsOnWhiteSite
35036,27,15
timeStep,numberOfRobotsOnBlackSite,numberOfRobotsOnWhiteSite
35037,27,15
timeStep,numberOfRobotsOnBlackSite,numberOfRobotsOnWhiteSite
35038,27,15
timeStep,numberOfRobotsOnBlackSite,numberOfRobotsOnWhiteSite
35039,27,15
timeStep,numberOfRobotsOnBlackSite,numberOfRobotsOnWhiteSite
35040,27,15
timeStep,numberOfRobotsOnBlackSite,numberOfRobotsOnWhiteSite
35041,27,15
timeStep,numberOfRobotsOnBlackSite,numberOfRobotsOnWhiteSite
35042,27,15
timeStep,numberOfRobotsOnBlackSite,numberOfRobotsOnWhiteSite
35043,27,15
timeStep,numberOfRobotsOnBlackSite,numberOfRobotsOnWhiteSite
35044,27,15
timeStep,numberOfRobotsOnBlackSite,numberOfRobotsOnWhiteSite
35045,27,15
timeStep,numberOfRobotsOnBlackSite,numberOfRobotsOnWhiteSite
35046,27,15
timeStep,numberOfRobotsOnBlackSite,numberOfRobotsOnWhiteSite
35047,27,15
timeStep,numberOfRobotsOnBlackSite,numberOfRobotsOnWhiteSite
35048,27,15
timeStep,numberOfRobotsOnBlackSite,numberOfRobotsOnWhiteSite
35049,27,15
timeStep,numberOfRobotsOnBlackSite,numberOfRobotsOnWhiteSite
35050,27,15
timeStep,numberOfRobotsOnBlackSite,numberOfRobotsOnWhiteSite
35051,27,15
timeStep,numberOfRobotsOnBlackSite,numberOfRobotsOnWhiteSite
35052,27,15
timeStep,numberOfRobotsOnBlackSite,numberOfRobotsOnWhiteSite
35053,27,15
timeStep,numberOfRobotsOnBlackSite,numberOfRobotsOnWhiteSite
35054,27,15
timeStep,numberOfRobotsOnBlackSite,numberOfRobotsOnWhiteSite
35055,27,15
timeStep,numberOfRobotsOnBlackSite,numberOfRobotsOnWhiteSite
35056,27,15
timeStep,numberOfRobotsOnBlackSite,numberOfRobotsOnWhiteSite
35057,27,15
timeStep,numberOfRobotsOnBlackSite,numberOfRobotsOnWhiteSite
35058,27,15
timeStep,numberOfRobotsOnBlackSite,numberOfRobotsOnWhiteSite
35059,27,15
timeStep,numberOfRobotsOnBlackSite,numberOfRobotsOnWhiteSite
35060,27,15
timeStep,numberOfRobotsOnBlackSite,numberOfRobotsOnWhiteSite
35061,27,15
timeStep,numberOfRobotsOnBlackSite,numberOfRobotsOnWhiteSite
35062,27,15
timeStep,numberOfRobotsOnBlackSite,numberOfRobotsOnWhiteSite
35063,27,15
timeStep,numberOfRobotsOnBlackSite,numberOfRobotsOnWhiteSite
35064,27,15
timeStep,numberOfRobotsOnBlackSite,numberOfRobotsOnWhiteSite
35065,27,15
timeStep,numberOfRobotsOnBlackSite,numberOfRobotsOnWhiteSite
35066,27,15
timeStep,numberOfRobotsOnBlackSite,numberOfRobotsOnWhiteSite
35067,27,15
timeStep,numberOfRobotsOnBlackSite,numberOfRobotsOnWhiteSite
35068,27,15
timeStep,numberOfRobotsOnBlackSite,numberOfRobotsOnWhiteSite
35069,27,15
timeStep,numberOfRobotsOnBlackSite,numberOfRobotsOnWhiteSite
35070,27,15
timeStep,numberOfRobotsOnBlackSite,numberOfRobotsOnWhiteSite
35071,27,15
timeStep,numberOfRobotsOnBlackSite,numberOfRobotsOnWhiteSite
35072,27,15
timeStep,numberOfRobotsOnBlackSite,numberOfRobotsOnWhiteSite
35073,27,15
timeStep,numberOfRobotsOnBlackSite,numberOfRobotsOnWhiteSite
35074,27,15
timeStep,numberOfRobotsOnBlackSite,numberOfRobotsOnWhiteSite
35075,27,15
timeStep,numberOfRobotsOnBlackSite,numberOfRobotsOnWhiteSite
35076,27,15
timeStep,numberOfRobotsOnBlackSite,numberOfRobotsOnWhiteSite
35077,27,15
timeStep,numberOfRobotsOnBlackSite,numberOfRobotsOnWhiteSite
35078,27,15
timeStep,numberOfRobotsOnBlackSite,numberOfRobotsOnWhiteSite
35079,27,15
timeStep,numberOfRobotsOnBlackSite,numberOfRobotsOnWhiteSite
35080,27,15
timeStep,numberOfRobotsOnBlackSite,numberOfRobotsOnWhiteSite
35081,27,15
timeStep,numberOfRobotsOnBlackSite,numberOfRobotsOnWhiteSite
35082,27,15
timeStep,numberOfRobotsOnBlackSite,numberOfRobotsOnWhiteSite
35083,27,15
timeStep,numberOfRobotsOnBlackSite,numberOfRobotsOnWhiteSite
35084,27,15
timeStep,numberOfRobotsOnBlackSite,numberOfRobotsOnWhiteSite
35085,27,15
timeStep,numberOfRobotsOnBlackSite,numberOfRobotsOnWhiteSite
35086,27,15
timeStep,numberOfRobotsOnBlackSite,numberOfRobotsOnWhiteSite
35087,27,15
timeStep,numberOfRobotsOnBlackSite,numberOfRobotsOnWhiteSite
35088,27,15
timeStep,numberOfRobotsOnBlackSite,numberOfRobotsOnWhiteSite
35089,27,15
timeStep,numberOfRobotsOnBlackSite,numberOfRobotsOnWhiteSite
35090,27,15
timeStep,numberOfRobotsOnBlackSite,numberOfRobotsOnWhiteSite
35091,27,15
timeStep,numberOfRobotsOnBlackSite,numberOfRobotsOnWhiteSite
35092,27,15
timeStep,numberOfRobotsOnBlackSite,numberOfRobotsOnWhiteSite
35093,27,15
timeStep,numberOfRobotsOnBlackSite,numberOfRobotsOnWhiteSite
35094,27,15
timeStep,numberOfRobotsOnBlackSite,numberOfRobotsOnWhiteSite
35095,26,15
timeStep,numberOfRobotsOnBlackSite,numberOfRobotsOnWhiteSite
35096,26,15
timeStep,numberOfRobotsOnBlackSite,numberOfRobotsOnWhiteSite
35097,26,15
timeStep,numberOfRobotsOnBlackSite,numberOfRobotsOnWhiteSite
35098,26,15
timeStep,numberOfRobotsOnBlackSite,numberOfRobotsOnWhiteSite
35099,26,15
timeStep,numberOfRobotsOnBlackSite,numberOfRobotsOnWhiteSite
35100,26,15
timeStep,numberOfRobotsOnBlackSite,numberOfRobotsOnWhiteSite
35101,26,15
timeStep,numberOfRobotsOnBlackSite,numberOfRobotsOnWhiteSite
35102,26,15
timeStep,numberOfRobotsOnBlackSite,numberOfRobotsOnWhiteSite
35103,26,15
timeStep,numberOfRobotsOnBlackSite,numberOfRobotsOnWhiteSite
35104,26,15
timeStep,numberOfRobotsOnBlackSite,numberOfRobotsOnWhiteSite
35105,26,15
timeStep,numberOfRobotsOnBlackSite,numberOfRobotsOnWhiteSite
35106,26,15
timeStep,numberOfRobotsOnBlackSite,numberOfRobotsOnWhiteSite
35107,26,15
timeStep,numberOfRobotsOnBlackSite,numberOfRobotsOnWhiteSite
35108,26,15
timeStep,numberOfRobotsOnBlackSite,numberOfRobotsOnWhiteSite
35109,26,15
timeStep,numberOfRobotsOnBlackSite,numberOfRobotsOnWhiteSite
35110,26,15
timeStep,numberOfRobotsOnBlackSite,numberOfRobotsOnWhiteSite
35111,26,15
timeStep,numberOfRobotsOnBlackSite,numberOfRobotsOnWhiteSite
35112,26,15
timeStep,numberOfRobotsOnBlackSite,numberOfRobotsOnWhiteSite
35113,26,15
timeStep,numberOfRobotsOnBlackSite,numberOfRobotsOnWhiteSite
35114,26,15
timeStep,numberOfRobotsOnBlackSite,numberOfRobotsOnWhiteSite
35115,26,15
timeStep,numberOfRobotsOnBlackSite,numberOfRobotsOnWhiteSite
35116,26,15
timeStep,numberOfRobotsOnBlackSite,numberOfRobotsOnWhiteSite
35117,26,15
timeStep,numberOfRobotsOnBlackSite,numberOfRobotsOnWhiteSite
35118,26,15
timeStep,numberOfRobotsOnBlackSite,numberOfRobotsOnWhiteSite
35119,26,15
timeStep,numberOfRobotsOnBlackSite,numberOfRobotsOnWhiteSite
35120,27,15
timeStep,numberOfRobotsOnBlackSite,numberOfRobotsOnWhiteSite
35121,27,15
timeStep,numberOfRobotsOnBlackSite,numberOfRobotsOnWhiteSite
35122,27,15
timeStep,numberOfRobotsOnBlackSite,numberOfRobotsOnWhiteSite
35123,27,15
timeStep,numberOfRobotsOnBlackSite,numberOfRobotsOnWhiteSite
35124,27,15
timeStep,numberOfRobotsOnBlackSite,numberOfRobotsOnWhiteSite
35125,27,15
timeStep,numberOfRobotsOnBlackSite,numberOfRobotsOnWhiteSite
35126,27,15
timeStep,numberOfRobotsOnBlackSite,numberOfRobotsOnWhiteSite
35127,27,15
timeStep,numberOfRobotsOnBlackSite,numberOfRobotsOnWhiteSite
35128,27,15
timeStep,numberOfRobotsOnBlackSite,numberOfRobotsOnWhiteSite
35129,27,15
timeStep,numberOfRobotsOnBlackSite,numberOfRobotsOnWhiteSite
35130,27,15
timeStep,numberOfRobotsOnBlackSite,numberOfRobotsOnWhiteSite
35131,27,15
timeStep,numberOfRobotsOnBlackSite,numberOfRobotsOnWhiteSite
35132,27,15
timeStep,numberOfRobotsOnBlackSite,numberOfRobotsOnWhiteSite
35133,27,15
timeStep,numberOfRobotsOnBlackSite,numberOfRobotsOnWhiteSite
35134,27,15
timeStep,numberOfRobotsOnBlackSite,numberOfRobotsOnWhiteSite
35135,27,15
timeStep,numberOfRobotsOnBlackSite,numberOfRobotsOnWhiteSite
35136,27,15
timeStep,numberOfRobotsOnBlackSite,numberOfRobotsOnWhiteSite
35137,27,15
timeStep,numberOfRobotsOnBlackSite,numberOfRobotsOnWhiteSite
35138,27,15
timeStep,numberOfRobotsOnBlackSite,numberOfRobotsOnWhiteSite
35139,27,15
timeStep,numberOfRobotsOnBlackSite,numberOfRobotsOnWhiteSite
35140,27,15
timeStep,numberOfRobotsOnBlackSite,numberOfRobotsOnWhiteSite
35141,27,15
timeStep,numberOfRobotsOnBlackSite,numberOfRobotsOnWhiteSite
35142,27,15
timeStep,numberOfRobotsOnBlackSite,numberOfRobotsOnWhiteSite
35143,27,15
timeStep,numberOfRobotsOnBlackSite,numberOfRobotsOnWhiteSite
35144,27,15
timeStep,numberOfRobotsOnBlackSite,numberOfRobotsOnWhiteSite
35145,27,15
timeStep,numberOfRobotsOnBlackSite,numberOfRobotsOnWhiteSite
35146,27,15
timeStep,numberOfRobotsOnBlackSite,numberOfRobotsOnWhiteSite
35147,27,15
timeStep,numberOfRobotsOnBlackSite,numberOfRobotsOnWhiteSite
35148,27,15
timeStep,numberOfRobotsOnBlackSite,numberOfRobotsOnWhiteSite
35149,27,15
timeStep,numberOfRobotsOnBlackSite,numberOfRobotsOnWhiteSite
35150,27,15
timeStep,numberOfRobotsOnBlackSite,numberOfRobotsOnWhiteSite
35151,27,15
timeStep,numberOfRobotsOnBlackSite,numberOfRobotsOnWhiteSite
35152,27,15
timeStep,numberOfRobotsOnBlackSite,numberOfRobotsOnWhiteSite
35153,27,15
timeStep,numberOfRobotsOnBlackSite,numberOfRobotsOnWhiteSite
35154,27,15
timeStep,numberOfRobotsOnBlackSite,numberOfRobotsOnWhiteSite
35155,27,15
timeStep,numberOfRobotsOnBlackSite,numberOfRobotsOnWhiteSite
35156,27,15
timeStep,numberOfRobotsOnBlackSite,numberOfRobotsOnWhiteSite
35157,27,15
timeStep,numberOfRobotsOnBlackSite,numberOfRobotsOnWhiteSite
35158,27,15
timeStep,numberOfRobotsOnBlackSite,numberOfRobotsOnWhiteSite
35159,27,15
timeStep,numberOfRobotsOnBlackSite,numberOfRobotsOnWhiteSite
35160,27,15
timeStep,numberOfRobotsOnBlackSite,numberOfRobotsOnWhiteSite
35161,27,15
timeStep,numberOfRobotsOnBlackSite,numberOfRobotsOnWhiteSite
35162,27,15
timeStep,numberOfRobotsOnBlackSite,numberOfRobotsOnWhiteSite
35163,27,15
timeStep,numberOfRobotsOnBlackSite,numberOfRobotsOnWhiteSite
35164,27,15
timeStep,numberOfRobotsOnBlackSite,numberOfRobotsOnWhiteSite
35165,27,15
timeStep,numberOfRobotsOnBlackSite,numberOfRobotsOnWhiteSite
35166,27,15
timeStep,numberOfRobotsOnBlackSite,numberOfRobotsOnWhiteSite
35167,27,15
timeStep,numberOfRobotsOnBlackSite,numberOfRobotsOnWhiteSite
35168,27,15
timeStep,numberOfRobotsOnBlackSite,numberOfRobotsOnWhiteSite
35169,27,15
timeStep,numberOfRobotsOnBlackSite,numberOfRobotsOnWhiteSite
35170,27,15
timeStep,numberOfRobotsOnBlackSite,numberOfRobotsOnWhiteSite
35171,27,15
timeStep,numberOfRobotsOnBlackSite,numberOfRobotsOnWhiteSite
35172,27,15
timeStep,numberOfRobotsOnBlackSite,numberOfRobotsOnWhiteSite
35173,27,15
timeStep,numberOfRobotsOnBlackSite,numberOfRobotsOnWhiteSite
35174,27,15
timeStep,numberOfRobotsOnBlackSite,numberOfRobotsOnWhiteSite
35175,27,15
timeStep,numberOfRobotsOnBlackSite,numberOfRobotsOnWhiteSite
35176,27,15
timeStep,numberOfRobotsOnBlackSite,numberOfRobotsOnWhiteSite
35177,27,15
timeStep,numberOfRobotsOnBlackSite,numberOfRobotsOnWhiteSite
35178,27,15
timeStep,numberOfRobotsOnBlackSite,numberOfRobotsOnWhiteSite
35179,27,15
timeStep,numberOfRobotsOnBlackSite,numberOfRobotsOnWhiteSite
35180,27,15
timeStep,numberOfRobotsOnBlackSite,numberOfRobotsOnWhiteSite
35181,27,15
timeStep,numberOfRobotsOnBlackSite,numberOfRobotsOnWhiteSite
35182,27,15
timeStep,numberOfRobotsOnBlackSite,numberOfRobotsOnWhiteSite
35183,27,15
timeStep,numberOfRobotsOnBlackSite,numberOfRobotsOnWhiteSite
35184,27,15
timeStep,numberOfRobotsOnBlackSite,numberOfRobotsOnWhiteSite
35185,27,15
timeStep,numberOfRobotsOnBlackSite,numberOfRobotsOnWhiteSite
35186,27,15
timeStep,numberOfRobotsOnBlackSite,numberOfRobotsOnWhiteSite
35187,27,15
timeStep,numberOfRobotsOnBlackSite,numberOfRobotsOnWhiteSite
35188,27,15
timeStep,numberOfRobotsOnBlackSite,numberOfRobotsOnWhiteSite
35189,27,15
timeStep,numberOfRobotsOnBlackSite,numberOfRobotsOnWhiteSite
35190,26,15
timeStep,numberOfRobotsOnBlackSite,numberOfRobotsOnWhiteSite
35191,26,15
timeStep,numberOfRobotsOnBlackSite,numberOfRobotsOnWhiteSite
35192,26,15
timeStep,numberOfRobotsOnBlackSite,numberOfRobotsOnWhiteSite
35193,26,15
timeStep,numberOfRobotsOnBlackSite,numberOfRobotsOnWhiteSite
35194,26,15
timeStep,numberOfRobotsOnBlackSite,numberOfRobotsOnWhiteSite
35195,26,15
timeStep,numberOfRobotsOnBlackSite,numberOfRobotsOnWhiteSite
35196,26,15
timeStep,numberOfRobotsOnBlackSite,numberOfRobotsOnWhiteSite
35197,26,15
timeStep,numberOfRobotsOnBlackSite,numberOfRobotsOnWhiteSite
35198,26,15
timeStep,numberOfRobotsOnBlackSite,numberOfRobotsOnWhiteSite
35199,26,15
timeStep,numberOfRobotsOnBlackSite,numberOfRobotsOnWhiteSite
35200,26,15
timeStep,numberOfRobotsOnBlackSite,numberOfRobotsOnWhiteSite
35201,26,15
timeStep,numberOfRobotsOnBlackSite,numberOfRobotsOnWhiteSite
35202,26,15
timeStep,numberOfRobotsOnBlackSite,numberOfRobotsOnWhiteSite
35203,26,15
timeStep,numberOfRobotsOnBlackSite,numberOfRobotsOnWhiteSite
35204,26,15
timeStep,numberOfRobotsOnBlackSite,numberOfRobotsOnWhiteSite
35205,25,15
timeStep,numberOfRobotsOnBlackSite,numberOfRobotsOnWhiteSite
35206,25,15
timeStep,numberOfRobotsOnBlackSite,numberOfRobotsOnWhiteSite
35207,25,15
timeStep,numberOfRobotsOnBlackSite,numberOfRobotsOnWhiteSite
35208,25,15
timeStep,numberOfRobotsOnBlackSite,numberOfRobotsOnWhiteSite
35209,25,15
timeStep,numberOfRobotsOnBlackSite,numberOfRobotsOnWhiteSite
35210,25,15
timeStep,numberOfRobotsOnBlackSite,numberOfRobotsOnWhiteSite
35211,25,15
timeStep,numberOfRobotsOnBlackSite,numberOfRobotsOnWhiteSite
35212,25,15
timeStep,numberOfRobotsOnBlackSite,numberOfRobotsOnWhiteSite
35213,25,15
timeStep,numberOfRobotsOnBlackSite,numberOfRobotsOnWhiteSite
35214,25,15
timeStep,numberOfRobotsOnBlackSite,numberOfRobotsOnWhiteSite
35215,25,15
timeStep,numberOfRobotsOnBlackSite,numberOfRobotsOnWhiteSite
35216,25,15
timeStep,numberOfRobotsOnBlackSite,numberOfRobotsOnWhiteSite
35217,25,15
timeStep,numberOfRobotsOnBlackSite,numberOfRobotsOnWhiteSite
35218,25,15
timeStep,numberOfRobotsOnBlackSite,numberOfRobotsOnWhiteSite
35219,25,15
timeStep,numberOfRobotsOnBlackSite,numberOfRobotsOnWhiteSite
35220,26,15
timeStep,numberOfRobotsOnBlackSite,numberOfRobotsOnWhiteSite
35221,26,15
timeStep,numberOfRobotsOnBlackSite,numberOfRobotsOnWhiteSite
35222,26,15
timeStep,numberOfRobotsOnBlackSite,numberOfRobotsOnWhiteSite
35223,26,15
timeStep,numberOfRobotsOnBlackSite,numberOfRobotsOnWhiteSite
35224,26,15
timeStep,numberOfRobotsOnBlackSite,numberOfRobotsOnWhiteSite
35225,26,15
timeStep,numberOfRobotsOnBlackSite,numberOfRobotsOnWhiteSite
35226,26,15
timeStep,numberOfRobotsOnBlackSite,numberOfRobotsOnWhiteSite
35227,26,15
timeStep,numberOfRobotsOnBlackSite,numberOfRobotsOnWhiteSite
35228,26,15
timeStep,numberOfRobotsOnBlackSite,numberOfRobotsOnWhiteSite
35229,26,15
timeStep,numberOfRobotsOnBlackSite,numberOfRobotsOnWhiteSite
35230,26,15
timeStep,numberOfRobotsOnBlackSite,numberOfRobotsOnWhiteSite
35231,26,15
timeStep,numberOfRobotsOnBlackSite,numberOfRobotsOnWhiteSite
35232,26,15
timeStep,numberOfRobotsOnBlackSite,numberOfRobotsOnWhiteSite
35233,26,15
timeStep,numberOfRobotsOnBlackSite,numberOfRobotsOnWhiteSite
35234,26,15
timeStep,numberOfRobotsOnBlackSite,numberOfRobotsOnWhiteSite
35235,26,15
timeStep,numberOfRobotsOnBlackSite,numberOfRobotsOnWhiteSite
35236,26,15
timeStep,numberOfRobotsOnBlackSite,numberOfRobotsOnWhiteSite
35237,26,15
timeStep,numberOfRobotsOnBlackSite,numberOfRobotsOnWhiteSite
35238,26,15
timeStep,numberOfRobotsOnBlackSite,numberOfRobotsOnWhiteSite
35239,26,15
timeStep,numberOfRobotsOnBlackSite,numberOfRobotsOnWhiteSite
35240,26,15
timeStep,numberOfRobotsOnBlackSite,numberOfRobotsOnWhiteSite
35241,26,15
timeStep,numberOfRobotsOnBlackSite,numberOfRobotsOnWhiteSite
35242,26,15
timeStep,numberOfRobotsOnBlackSite,numberOfRobotsOnWhiteSite
35243,26,15
timeStep,numberOfRobotsOnBlackSite,numberOfRobotsOnWhiteSite
35244,26,15
timeStep,numberOfRobotsOnBlackSite,numberOfRobotsOnWhiteSite
35245,26,15
timeStep,numberOfRobotsOnBlackSite,numberOfRobotsOnWhiteSite
35246,26,15
timeStep,numberOfRobotsOnBlackSite,numberOfRobotsOnWhiteSite
35247,26,15
timeStep,numberOfRobotsOnBlackSite,numberOfRobotsOnWhiteSite
35248,26,15
timeStep,numberOfRobotsOnBlackSite,numberOfRobotsOnWhiteSite
35249,26,15
timeStep,numberOfRobotsOnBlackSite,numberOfRobotsOnWhiteSite
35250,26,15
timeStep,numberOfRobotsOnBlackSite,numberOfRobotsOnWhiteSite
35251,26,15
timeStep,numberOfRobotsOnBlackSite,numberOfRobotsOnWhiteSite
35252,26,15
timeStep,numberOfRobotsOnBlackSite,numberOfRobotsOnWhiteSite
35253,26,15
timeStep,numberOfRobotsOnBlackSite,numberOfRobotsOnWhiteSite
35254,26,15
timeStep,numberOfRobotsOnBlackSite,numberOfRobotsOnWhiteSite
35255,26,15
timeStep,numberOfRobotsOnBlackSite,numberOfRobotsOnWhiteSite
35256,26,15
timeStep,numberOfRobotsOnBlackSite,numberOfRobotsOnWhiteSite
35257,26,15
timeStep,numberOfRobotsOnBlackSite,numberOfRobotsOnWhiteSite
35258,26,15
timeStep,numberOfRobotsOnBlackSite,numberOfRobotsOnWhiteSite
35259,26,15
timeStep,numberOfRobotsOnBlackSite,numberOfRobotsOnWhiteSite
35260,26,15
timeStep,numberOfRobotsOnBlackSite,numberOfRobotsOnWhiteSite
35261,26,15
timeStep,numberOfRobotsOnBlackSite,numberOfRobotsOnWhiteSite
35262,26,15
timeStep,numberOfRobotsOnBlackSite,numberOfRobotsOnWhiteSite
35263,26,15
timeStep,numberOfRobotsOnBlackSite,numberOfRobotsOnWhiteSite
35264,26,15
timeStep,numberOfRobotsOnBlackSite,numberOfRobotsOnWhiteSite
35265,26,15
timeStep,numberOfRobotsOnBlackSite,numberOfRobotsOnWhiteSite
35266,26,15
timeStep,numberOfRobotsOnBlackSite,numberOfRobotsOnWhiteSite
35267,26,15
timeStep,numberOfRobotsOnBlackSite,numberOfRobotsOnWhiteSite
35268,26,15
timeStep,numberOfRobotsOnBlackSite,numberOfRobotsOnWhiteSite
35269,26,15
timeStep,numberOfRobotsOnBlackSite,numberOfRobotsOnWhiteSite
35270,26,15
timeStep,numberOfRobotsOnBlackSite,numberOfRobotsOnWhiteSite
35271,26,15
timeStep,numberOfRobotsOnBlackSite,numberOfRobotsOnWhiteSite
35272,26,15
timeStep,numberOfRobotsOnBlackSite,numberOfRobotsOnWhiteSite
35273,26,15
timeStep,numberOfRobotsOnBlackSite,numberOfRobotsOnWhiteSite
35274,26,15
timeStep,numberOfRobotsOnBlackSite,numberOfRobotsOnWhiteSite
35275,26,15
timeStep,numberOfRobotsOnBlackSite,numberOfRobotsOnWhiteSite
35276,26,15
timeStep,numberOfRobotsOnBlackSite,numberOfRobotsOnWhiteSite
35277,26,15
timeStep,numberOfRobotsOnBlackSite,numberOfRobotsOnWhiteSite
35278,26,15
timeStep,numberOfRobotsOnBlackSite,numberOfRobotsOnWhiteSite
35279,26,15
timeStep,numberOfRobotsOnBlackSite,numberOfRobotsOnWhiteSite
35280,26,15
timeStep,numberOfRobotsOnBlackSite,numberOfRobotsOnWhiteSite
35281,26,15
timeStep,numberOfRobotsOnBlackSite,numberOfRobotsOnWhiteSite
35282,26,15
timeStep,numberOfRobotsOnBlackSite,numberOfRobotsOnWhiteSite
35283,26,15
timeStep,numberOfRobotsOnBlackSite,numberOfRobotsOnWhiteSite
35284,26,15
timeStep,numberOfRobotsOnBlackSite,numberOfRobotsOnWhiteSite
35285,26,14
timeStep,numberOfRobotsOnBlackSite,numberOfRobotsOnWhiteSite
35286,26,14
timeStep,numberOfRobotsOnBlackSite,numberOfRobotsOnWhiteSite
35287,26,14
timeStep,numberOfRobotsOnBlackSite,numberOfRobotsOnWhiteSite
35288,26,14
timeStep,numberOfRobotsOnBlackSite,numberOfRobotsOnWhiteSite
35289,26,14
timeStep,numberOfRobotsOnBlackSite,numberOfRobotsOnWhiteSite
35290,26,14
timeStep,numberOfRobotsOnBlackSite,numberOfRobotsOnWhiteSite
35291,26,14
timeStep,numberOfRobotsOnBlackSite,numberOfRobotsOnWhiteSite
35292,26,14
timeStep,numberOfRobotsOnBlackSite,numberOfRobotsOnWhiteSite
35293,26,14
timeStep,numberOfRobotsOnBlackSite,numberOfRobotsOnWhiteSite
35294,26,14
timeStep,numberOfRobotsOnBlackSite,numberOfRobotsOnWhiteSite
35295,26,14
timeStep,numberOfRobotsOnBlackSite,numberOfRobotsOnWhiteSite
35296,26,14
timeStep,numberOfRobotsOnBlackSite,numberOfRobotsOnWhiteSite
35297,26,14
timeStep,numberOfRobotsOnBlackSite,numberOfRobotsOnWhiteSite
35298,26,14
timeStep,numberOfRobotsOnBlackSite,numberOfRobotsOnWhiteSite
35299,26,14
timeStep,numberOfRobotsOnBlackSite,numberOfRobotsOnWhiteSite
35300,26,14
timeStep,numberOfRobotsOnBlackSite,numberOfRobotsOnWhiteSite
35301,26,14
timeStep,numberOfRobotsOnBlackSite,numberOfRobotsOnWhiteSite
35302,26,14
timeStep,numberOfRobotsOnBlackSite,numberOfRobotsOnWhiteSite
35303,26,14
timeStep,numberOfRobotsOnBlackSite,numberOfRobotsOnWhiteSite
35304,26,14
timeStep,numberOfRobotsOnBlackSite,numberOfRobotsOnWhiteSite
35305,26,14
timeStep,numberOfRobotsOnBlackSite,numberOfRobotsOnWhiteSite
35306,26,14
timeStep,numberOfRobotsOnBlackSite,numberOfRobotsOnWhiteSite
35307,26,14
timeStep,numberOfRobotsOnBlackSite,numberOfRobotsOnWhiteSite
35308,26,14
timeStep,numberOfRobotsOnBlackSite,numberOfRobotsOnWhiteSite
35309,26,14
timeStep,numberOfRobotsOnBlackSite,numberOfRobotsOnWhiteSite
35310,26,14
timeStep,numberOfRobotsOnBlackSite,numberOfRobotsOnWhiteSite
35311,26,14
timeStep,numberOfRobotsOnBlackSite,numberOfRobotsOnWhiteSite
35312,26,14
timeStep,numberOfRobotsOnBlackSite,numberOfRobotsOnWhiteSite
35313,26,14
timeStep,numberOfRobotsOnBlackSite,numberOfRobotsOnWhiteSite
35314,26,14
timeStep,numberOfRobotsOnBlackSite,numberOfRobotsOnWhiteSite
35315,26,14
timeStep,numberOfRobotsOnBlackSite,numberOfRobotsOnWhiteSite
35316,26,14
timeStep,numberOfRobotsOnBlackSite,numberOfRobotsOnWhiteSite
35317,26,14
timeStep,numberOfRobotsOnBlackSite,numberOfRobotsOnWhiteSite
35318,26,14
timeStep,numberOfRobotsOnBlackSite,numberOfRobotsOnWhiteSite
35319,26,14
timeStep,numberOfRobotsOnBlackSite,numberOfRobotsOnWhiteSite
35320,25,14
timeStep,numberOfRobotsOnBlackSite,numberOfRobotsOnWhiteSite
35321,25,14
timeStep,numberOfRobotsOnBlackSite,numberOfRobotsOnWhiteSite
35322,25,14
timeStep,numberOfRobotsOnBlackSite,numberOfRobotsOnWhiteSite
35323,25,14
timeStep,numberOfRobotsOnBlackSite,numberOfRobotsOnWhiteSite
35324,25,14
timeStep,numberOfRobotsOnBlackSite,numberOfRobotsOnWhiteSite
35325,26,15
timeStep,numberOfRobotsOnBlackSite,numberOfRobotsOnWhiteSite
35326,26,15
timeStep,numberOfRobotsOnBlackSite,numberOfRobotsOnWhiteSite
35327,26,15
timeStep,numberOfRobotsOnBlackSite,numberOfRobotsOnWhiteSite
35328,26,15
timeStep,numberOfRobotsOnBlackSite,numberOfRobotsOnWhiteSite
35329,26,15
timeStep,numberOfRobotsOnBlackSite,numberOfRobotsOnWhiteSite
35330,26,15
timeStep,numberOfRobotsOnBlackSite,numberOfRobotsOnWhiteSite
35331,26,15
timeStep,numberOfRobotsOnBlackSite,numberOfRobotsOnWhiteSite
35332,26,15
timeStep,numberOfRobotsOnBlackSite,numberOfRobotsOnWhiteSite
35333,26,15
timeStep,numberOfRobotsOnBlackSite,numberOfRobotsOnWhiteSite
35334,26,15
timeStep,numberOfRobotsOnBlackSite,numberOfRobotsOnWhiteSite
35335,26,15
timeStep,numberOfRobotsOnBlackSite,numberOfRobotsOnWhiteSite
35336,26,15
timeStep,numberOfRobotsOnBlackSite,numberOfRobotsOnWhiteSite
35337,26,15
timeStep,numberOfRobotsOnBlackSite,numberOfRobotsOnWhiteSite
35338,26,15
timeStep,numberOfRobotsOnBlackSite,numberOfRobotsOnWhiteSite
35339,26,15
timeStep,numberOfRobotsOnBlackSite,numberOfRobotsOnWhiteSite
35340,26,15
timeStep,numberOfRobotsOnBlackSite,numberOfRobotsOnWhiteSite
35341,26,15
timeStep,numberOfRobotsOnBlackSite,numberOfRobotsOnWhiteSite
35342,26,15
timeStep,numberOfRobotsOnBlackSite,numberOfRobotsOnWhiteSite
35343,26,15
timeStep,numberOfRobotsOnBlackSite,numberOfRobotsOnWhiteSite
35344,26,15
timeStep,numberOfRobotsOnBlackSite,numberOfRobotsOnWhiteSite
35345,26,15
timeStep,numberOfRobotsOnBlackSite,numberOfRobotsOnWhiteSite
35346,26,15
timeStep,numberOfRobotsOnBlackSite,numberOfRobotsOnWhiteSite
35347,26,15
timeStep,numberOfRobotsOnBlackSite,numberOfRobotsOnWhiteSite
35348,26,15
timeStep,numberOfRobotsOnBlackSite,numberOfRobotsOnWhiteSite
35349,26,15
timeStep,numberOfRobotsOnBlackSite,numberOfRobotsOnWhiteSite
35350,26,15
timeStep,numberOfRobotsOnBlackSite,numberOfRobotsOnWhiteSite
35351,26,15
timeStep,numberOfRobotsOnBlackSite,numberOfRobotsOnWhiteSite
35352,26,15
timeStep,numberOfRobotsOnBlackSite,numberOfRobotsOnWhiteSite
35353,26,15
timeStep,numberOfRobotsOnBlackSite,numberOfRobotsOnWhiteSite
35354,26,15
timeStep,numberOfRobotsOnBlackSite,numberOfRobotsOnWhiteSite
35355,26,15
timeStep,numberOfRobotsOnBlackSite,numberOfRobotsOnWhiteSite
35356,26,15
timeStep,numberOfRobotsOnBlackSite,numberOfRobotsOnWhiteSite
35357,26,15
timeStep,numberOfRobotsOnBlackSite,numberOfRobotsOnWhiteSite
35358,26,15
timeStep,numberOfRobotsOnBlackSite,numberOfRobotsOnWhiteSite
35359,26,15
timeStep,numberOfRobotsOnBlackSite,numberOfRobotsOnWhiteSite
35360,26,15
timeStep,numberOfRobotsOnBlackSite,numberOfRobotsOnWhiteSite
35361,26,15
timeStep,numberOfRobotsOnBlackSite,numberOfRobotsOnWhiteSite
35362,26,15
timeStep,numberOfRobotsOnBlackSite,numberOfRobotsOnWhiteSite
35363,26,15
timeStep,numberOfRobotsOnBlackSite,numberOfRobotsOnWhiteSite
35364,26,15
timeStep,numberOfRobotsOnBlackSite,numberOfRobotsOnWhiteSite
35365,26,16
timeStep,numberOfRobotsOnBlackSite,numberOfRobotsOnWhiteSite
35366,26,16
timeStep,numberOfRobotsOnBlackSite,numberOfRobotsOnWhiteSite
35367,26,16
timeStep,numberOfRobotsOnBlackSite,numberOfRobotsOnWhiteSite
35368,26,16
timeStep,numberOfRobotsOnBlackSite,numberOfRobotsOnWhiteSite
35369,26,16
timeStep,numberOfRobotsOnBlackSite,numberOfRobotsOnWhiteSite
35370,26,16
timeStep,numberOfRobotsOnBlackSite,numberOfRobotsOnWhiteSite
35371,26,16
timeStep,numberOfRobotsOnBlackSite,numberOfRobotsOnWhiteSite
35372,26,16
timeStep,numberOfRobotsOnBlackSite,numberOfRobotsOnWhiteSite
35373,26,16
timeStep,numberOfRobotsOnBlackSite,numberOfRobotsOnWhiteSite
35374,26,16
timeStep,numberOfRobotsOnBlackSite,numberOfRobotsOnWhiteSite
35375,26,16
timeStep,numberOfRobotsOnBlackSite,numberOfRobotsOnWhiteSite
35376,26,16
timeStep,numberOfRobotsOnBlackSite,numberOfRobotsOnWhiteSite
35377,26,16
timeStep,numberOfRobotsOnBlackSite,numberOfRobotsOnWhiteSite
35378,26,16
timeStep,numberOfRobotsOnBlackSite,numberOfRobotsOnWhiteSite
35379,26,16
timeStep,numberOfRobotsOnBlackSite,numberOfRobotsOnWhiteSite
35380,26,16
timeStep,numberOfRobotsOnBlackSite,numberOfRobotsOnWhiteSite
35381,26,16
timeStep,numberOfRobotsOnBlackSite,numberOfRobotsOnWhiteSite
35382,26,16
timeStep,numberOfRobotsOnBlackSite,numberOfRobotsOnWhiteSite
35383,26,16
timeStep,numberOfRobotsOnBlackSite,numberOfRobotsOnWhiteSite
35384,26,16
timeStep,numberOfRobotsOnBlackSite,numberOfRobotsOnWhiteSite
35385,26,16
timeStep,numberOfRobotsOnBlackSite,numberOfRobotsOnWhiteSite
35386,26,16
timeStep,numberOfRobotsOnBlackSite,numberOfRobotsOnWhiteSite
35387,26,16
timeStep,numberOfRobotsOnBlackSite,numberOfRobotsOnWhiteSite
35388,26,16
timeStep,numberOfRobotsOnBlackSite,numberOfRobotsOnWhiteSite
35389,26,16
timeStep,numberOfRobotsOnBlackSite,numberOfRobotsOnWhiteSite
35390,26,16
timeStep,numberOfRobotsOnBlackSite,numberOfRobotsOnWhiteSite
35391,26,16
timeStep,numberOfRobotsOnBlackSite,numberOfRobotsOnWhiteSite
35392,26,16
timeStep,numberOfRobotsOnBlackSite,numberOfRobotsOnWhiteSite
35393,26,16
timeStep,numberOfRobotsOnBlackSite,numberOfRobotsOnWhiteSite
35394,26,16
timeStep,numberOfRobotsOnBlackSite,numberOfRobotsOnWhiteSite
35395,26,16
timeStep,numberOfRobotsOnBlackSite,numberOfRobotsOnWhiteSite
35396,26,16
timeStep,numberOfRobotsOnBlackSite,numberOfRobotsOnWhiteSite
35397,26,16
timeStep,numberOfRobotsOnBlackSite,numberOfRobotsOnWhiteSite
35398,26,16
timeStep,numberOfRobotsOnBlackSite,numberOfRobotsOnWhiteSite
35399,26,16
timeStep,numberOfRobotsOnBlackSite,numberOfRobotsOnWhiteSite
35400,25,15
timeStep,numberOfRobotsOnBlackSite,numberOfRobotsOnWhiteSite
35401,25,15
timeStep,numberOfRobotsOnBlackSite,numberOfRobotsOnWhiteSite
35402,25,15
timeStep,numberOfRobotsOnBlackSite,numberOfRobotsOnWhiteSite
35403,25,15
timeStep,numberOfRobotsOnBlackSite,numberOfRobotsOnWhiteSite
35404,25,15
timeStep,numberOfRobotsOnBlackSite,numberOfRobotsOnWhiteSite
35405,25,15
timeStep,numberOfRobotsOnBlackSite,numberOfRobotsOnWhiteSite
35406,25,15
timeStep,numberOfRobotsOnBlackSite,numberOfRobotsOnWhiteSite
35407,25,15
timeStep,numberOfRobotsOnBlackSite,numberOfRobotsOnWhiteSite
35408,25,15
timeStep,numberOfRobotsOnBlackSite,numberOfRobotsOnWhiteSite
35409,25,15
timeStep,numberOfRobotsOnBlackSite,numberOfRobotsOnWhiteSite
35410,25,15
timeStep,numberOfRobotsOnBlackSite,numberOfRobotsOnWhiteSite
35411,25,15
timeStep,numberOfRobotsOnBlackSite,numberOfRobotsOnWhiteSite
35412,25,15
timeStep,numberOfRobotsOnBlackSite,numberOfRobotsOnWhiteSite
35413,25,15
timeStep,numberOfRobotsOnBlackSite,numberOfRobotsOnWhiteSite
35414,25,15
timeStep,numberOfRobotsOnBlackSite,numberOfRobotsOnWhiteSite
35415,25,16
timeStep,numberOfRobotsOnBlackSite,numberOfRobotsOnWhiteSite
35416,25,16
timeStep,numberOfRobotsOnBlackSite,numberOfRobotsOnWhiteSite
35417,25,16
timeStep,numberOfRobotsOnBlackSite,numberOfRobotsOnWhiteSite
35418,25,16
timeStep,numberOfRobotsOnBlackSite,numberOfRobotsOnWhiteSite
35419,25,16
timeStep,numberOfRobotsOnBlackSite,numberOfRobotsOnWhiteSite
35420,25,16
timeStep,numberOfRobotsOnBlackSite,numberOfRobotsOnWhiteSite
35421,25,16
timeStep,numberOfRobotsOnBlackSite,numberOfRobotsOnWhiteSite
35422,25,16
timeStep,numberOfRobotsOnBlackSite,numberOfRobotsOnWhiteSite
35423,25,16
timeStep,numberOfRobotsOnBlackSite,numberOfRobotsOnWhiteSite
35424,25,16
timeStep,numberOfRobotsOnBlackSite,numberOfRobotsOnWhiteSite
35425,25,16
timeStep,numberOfRobotsOnBlackSite,numberOfRobotsOnWhiteSite
35426,25,16
timeStep,numberOfRobotsOnBlackSite,numberOfRobotsOnWhiteSite
35427,25,16
timeStep,numberOfRobotsOnBlackSite,numberOfRobotsOnWhiteSite
35428,25,16
timeStep,numberOfRobotsOnBlackSite,numberOfRobotsOnWhiteSite
35429,25,16
timeStep,numberOfRobotsOnBlackSite,numberOfRobotsOnWhiteSite
35430,25,16
timeStep,numberOfRobotsOnBlackSite,numberOfRobotsOnWhiteSite
35431,25,16
timeStep,numberOfRobotsOnBlackSite,numberOfRobotsOnWhiteSite
35432,25,16
timeStep,numberOfRobotsOnBlackSite,numberOfRobotsOnWhiteSite
35433,25,16
timeStep,numberOfRobotsOnBlackSite,numberOfRobotsOnWhiteSite
35434,25,16
timeStep,numberOfRobotsOnBlackSite,numberOfRobotsOnWhiteSite
35435,25,16
timeStep,numberOfRobotsOnBlackSite,numberOfRobotsOnWhiteSite
35436,25,16
timeStep,numberOfRobotsOnBlackSite,numberOfRobotsOnWhiteSite
35437,25,16
timeStep,numberOfRobotsOnBlackSite,numberOfRobotsOnWhiteSite
35438,25,16
timeStep,numberOfRobotsOnBlackSite,numberOfRobotsOnWhiteSite
35439,25,16
timeStep,numberOfRobotsOnBlackSite,numberOfRobotsOnWhiteSite
35440,25,16
timeStep,numberOfRobotsOnBlackSite,numberOfRobotsOnWhiteSite
35441,25,16
timeStep,numberOfRobotsOnBlackSite,numberOfRobotsOnWhiteSite
35442,25,16
timeStep,numberOfRobotsOnBlackSite,numberOfRobotsOnWhiteSite
35443,25,16
timeStep,numberOfRobotsOnBlackSite,numberOfRobotsOnWhiteSite
35444,25,16
timeStep,numberOfRobotsOnBlackSite,numberOfRobotsOnWhiteSite
35445,25,16
timeStep,numberOfRobotsOnBlackSite,numberOfRobotsOnWhiteSite
35446,25,16
timeStep,numberOfRobotsOnBlackSite,numberOfRobotsOnWhiteSite
35447,25,16
timeStep,numberOfRobotsOnBlackSite,numberOfRobotsOnWhiteSite
35448,25,16
timeStep,numberOfRobotsOnBlackSite,numberOfRobotsOnWhiteSite
35449,25,16
timeStep,numberOfRobotsOnBlackSite,numberOfRobotsOnWhiteSite
35450,25,16
timeStep,numberOfRobotsOnBlackSite,numberOfRobotsOnWhiteSite
35451,25,16
timeStep,numberOfRobotsOnBlackSite,numberOfRobotsOnWhiteSite
35452,25,16
timeStep,numberOfRobotsOnBlackSite,numberOfRobotsOnWhiteSite
35453,25,16
timeStep,numberOfRobotsOnBlackSite,numberOfRobotsOnWhiteSite
35454,25,16
timeStep,numberOfRobotsOnBlackSite,numberOfRobotsOnWhiteSite
35455,25,16
timeStep,numberOfRobotsOnBlackSite,numberOfRobotsOnWhiteSite
35456,25,16
timeStep,numberOfRobotsOnBlackSite,numberOfRobotsOnWhiteSite
35457,25,16
timeStep,numberOfRobotsOnBlackSite,numberOfRobotsOnWhiteSite
35458,25,16
timeStep,numberOfRobotsOnBlackSite,numberOfRobotsOnWhiteSite
35459,25,16
timeStep,numberOfRobotsOnBlackSite,numberOfRobotsOnWhiteSite
35460,25,15
timeStep,numberOfRobotsOnBlackSite,numberOfRobotsOnWhiteSite
35461,25,15
timeStep,numberOfRobotsOnBlackSite,numberOfRobotsOnWhiteSite
35462,25,15
timeStep,numberOfRobotsOnBlackSite,numberOfRobotsOnWhiteSite
35463,25,15
timeStep,numberOfRobotsOnBlackSite,numberOfRobotsOnWhiteSite
35464,25,15
timeStep,numberOfRobotsOnBlackSite,numberOfRobotsOnWhiteSite
35465,25,15
timeStep,numberOfRobotsOnBlackSite,numberOfRobotsOnWhiteSite
35466,25,15
timeStep,numberOfRobotsOnBlackSite,numberOfRobotsOnWhiteSite
35467,25,15
timeStep,numberOfRobotsOnBlackSite,numberOfRobotsOnWhiteSite
35468,25,15
timeStep,numberOfRobotsOnBlackSite,numberOfRobotsOnWhiteSite
35469,25,15
timeStep,numberOfRobotsOnBlackSite,numberOfRobotsOnWhiteSite
35470,25,15
timeStep,numberOfRobotsOnBlackSite,numberOfRobotsOnWhiteSite
35471,25,15
timeStep,numberOfRobotsOnBlackSite,numberOfRobotsOnWhiteSite
35472,25,15
timeStep,numberOfRobotsOnBlackSite,numberOfRobotsOnWhiteSite
35473,25,15
timeStep,numberOfRobotsOnBlackSite,numberOfRobotsOnWhiteSite
35474,25,15
timeStep,numberOfRobotsOnBlackSite,numberOfRobotsOnWhiteSite
35475,25,15
timeStep,numberOfRobotsOnBlackSite,numberOfRobotsOnWhiteSite
35476,25,15
timeStep,numberOfRobotsOnBlackSite,numberOfRobotsOnWhiteSite
35477,25,15
timeStep,numberOfRobotsOnBlackSite,numberOfRobotsOnWhiteSite
35478,25,15
timeStep,numberOfRobotsOnBlackSite,numberOfRobotsOnWhiteSite
35479,25,15
timeStep,numberOfRobotsOnBlackSite,numberOfRobotsOnWhiteSite
35480,25,15
timeStep,numberOfRobotsOnBlackSite,numberOfRobotsOnWhiteSite
35481,25,15
timeStep,numberOfRobotsOnBlackSite,numberOfRobotsOnWhiteSite
35482,25,15
timeStep,numberOfRobotsOnBlackSite,numberOfRobotsOnWhiteSite
35483,25,15
timeStep,numberOfRobotsOnBlackSite,numberOfRobotsOnWhiteSite
35484,25,15
timeStep,numberOfRobotsOnBlackSite,numberOfRobotsOnWhiteSite
35485,25,15
timeStep,numberOfRobotsOnBlackSite,numberOfRobotsOnWhiteSite
35486,25,15
timeStep,numberOfRobotsOnBlackSite,numberOfRobotsOnWhiteSite
35487,25,15
timeStep,numberOfRobotsOnBlackSite,numberOfRobotsOnWhiteSite
35488,25,15
timeStep,numberOfRobotsOnBlackSite,numberOfRobotsOnWhiteSite
35489,25,15
timeStep,numberOfRobotsOnBlackSite,numberOfRobotsOnWhiteSite
35490,25,16
timeStep,numberOfRobotsOnBlackSite,numberOfRobotsOnWhiteSite
35491,25,16
timeStep,numberOfRobotsOnBlackSite,numberOfRobotsOnWhiteSite
35492,25,16
timeStep,numberOfRobotsOnBlackSite,numberOfRobotsOnWhiteSite
35493,25,16
timeStep,numberOfRobotsOnBlackSite,numberOfRobotsOnWhiteSite
35494,25,16
timeStep,numberOfRobotsOnBlackSite,numberOfRobotsOnWhiteSite
35495,25,16
timeStep,numberOfRobotsOnBlackSite,numberOfRobotsOnWhiteSite
35496,25,16
timeStep,numberOfRobotsOnBlackSite,numberOfRobotsOnWhiteSite
35497,25,16
timeStep,numberOfRobotsOnBlackSite,numberOfRobotsOnWhiteSite
35498,25,16
timeStep,numberOfRobotsOnBlackSite,numberOfRobotsOnWhiteSite
35499,25,16
timeStep,numberOfRobotsOnBlackSite,numberOfRobotsOnWhiteSite
35500,25,16
timeStep,numberOfRobotsOnBlackSite,numberOfRobotsOnWhiteSite
35501,25,16
timeStep,numberOfRobotsOnBlackSite,numberOfRobotsOnWhiteSite
35502,25,16
timeStep,numberOfRobotsOnBlackSite,numberOfRobotsOnWhiteSite
35503,25,16
timeStep,numberOfRobotsOnBlackSite,numberOfRobotsOnWhiteSite
35504,25,16
timeStep,numberOfRobotsOnBlackSite,numberOfRobotsOnWhiteSite
35505,25,16
timeStep,numberOfRobotsOnBlackSite,numberOfRobotsOnWhiteSite
35506,25,16
timeStep,numberOfRobotsOnBlackSite,numberOfRobotsOnWhiteSite
35507,25,16
timeStep,numberOfRobotsOnBlackSite,numberOfRobotsOnWhiteSite
35508,25,16
timeStep,numberOfRobotsOnBlackSite,numberOfRobotsOnWhiteSite
35509,25,16
timeStep,numberOfRobotsOnBlackSite,numberOfRobotsOnWhiteSite
35510,25,16
timeStep,numberOfRobotsOnBlackSite,numberOfRobotsOnWhiteSite
35511,25,16
timeStep,numberOfRobotsOnBlackSite,numberOfRobotsOnWhiteSite
35512,25,16
timeStep,numberOfRobotsOnBlackSite,numberOfRobotsOnWhiteSite
35513,25,16
timeStep,numberOfRobotsOnBlackSite,numberOfRobotsOnWhiteSite
35514,25,16
timeStep,numberOfRobotsOnBlackSite,numberOfRobotsOnWhiteSite
35515,25,16
timeStep,numberOfRobotsOnBlackSite,numberOfRobotsOnWhiteSite
35516,25,16
timeStep,numberOfRobotsOnBlackSite,numberOfRobotsOnWhiteSite
35517,25,16
timeStep,numberOfRobotsOnBlackSite,numberOfRobotsOnWhiteSite
35518,25,16
timeStep,numberOfRobotsOnBlackSite,numberOfRobotsOnWhiteSite
35519,25,16
timeStep,numberOfRobotsOnBlackSite,numberOfRobotsOnWhiteSite
35520,25,16
timeStep,numberOfRobotsOnBlackSite,numberOfRobotsOnWhiteSite
35521,25,16
timeStep,numberOfRobotsOnBlackSite,numberOfRobotsOnWhiteSite
35522,25,16
timeStep,numberOfRobotsOnBlackSite,numberOfRobotsOnWhiteSite
35523,25,16
timeStep,numberOfRobotsOnBlackSite,numberOfRobotsOnWhiteSite
35524,25,16
timeStep,numberOfRobotsOnBlackSite,numberOfRobotsOnWhiteSite
35525,25,16
timeStep,numberOfRobotsOnBlackSite,numberOfRobotsOnWhiteSite
35526,25,16
timeStep,numberOfRobotsOnBlackSite,numberOfRobotsOnWhiteSite
35527,25,16
timeStep,numberOfRobotsOnBlackSite,numberOfRobotsOnWhiteSite
35528,25,16
timeStep,numberOfRobotsOnBlackSite,numberOfRobotsOnWhiteSite
35529,25,16
timeStep,numberOfRobotsOnBlackSite,numberOfRobotsOnWhiteSite
35530,25,16
timeStep,numberOfRobotsOnBlackSite,numberOfRobotsOnWhiteSite
35531,25,16
timeStep,numberOfRobotsOnBlackSite,numberOfRobotsOnWhiteSite
35532,25,16
timeStep,numberOfRobotsOnBlackSite,numberOfRobotsOnWhiteSite
35533,25,16
timeStep,numberOfRobotsOnBlackSite,numberOfRobotsOnWhiteSite
35534,25,16
timeStep,numberOfRobotsOnBlackSite,numberOfRobotsOnWhiteSite
35535,25,16
timeStep,numberOfRobotsOnBlackSite,numberOfRobotsOnWhiteSite
35536,25,16
timeStep,numberOfRobotsOnBlackSite,numberOfRobotsOnWhiteSite
35537,25,16
timeStep,numberOfRobotsOnBlackSite,numberOfRobotsOnWhiteSite
35538,25,16
timeStep,numberOfRobotsOnBlackSite,numberOfRobotsOnWhiteSite
35539,25,16
timeStep,numberOfRobotsOnBlackSite,numberOfRobotsOnWhiteSite
35540,25,16
timeStep,numberOfRobotsOnBlackSite,numberOfRobotsOnWhiteSite
35541,25,16
timeStep,numberOfRobotsOnBlackSite,numberOfRobotsOnWhiteSite
35542,25,16
timeStep,numberOfRobotsOnBlackSite,numberOfRobotsOnWhiteSite
35543,25,16
timeStep,numberOfRobotsOnBlackSite,numberOfRobotsOnWhiteSite
35544,25,16
timeStep,numberOfRobotsOnBlackSite,numberOfRobotsOnWhiteSite
35545,25,16
timeStep,numberOfRobotsOnBlackSite,numberOfRobotsOnWhiteSite
35546,25,16
timeStep,numberOfRobotsOnBlackSite,numberOfRobotsOnWhiteSite
35547,25,16
timeStep,numberOfRobotsOnBlackSite,numberOfRobotsOnWhiteSite
35548,25,16
timeStep,numberOfRobotsOnBlackSite,numberOfRobotsOnWhiteSite
35549,25,16
timeStep,numberOfRobotsOnBlackSite,numberOfRobotsOnWhiteSite
35550,25,16
timeStep,numberOfRobotsOnBlackSite,numberOfRobotsOnWhiteSite
35551,25,16
timeStep,numberOfRobotsOnBlackSite,numberOfRobotsOnWhiteSite
35552,25,16
timeStep,numberOfRobotsOnBlackSite,numberOfRobotsOnWhiteSite
35553,25,16
timeStep,numberOfRobotsOnBlackSite,numberOfRobotsOnWhiteSite
35554,25,16
timeStep,numberOfRobotsOnBlackSite,numberOfRobotsOnWhiteSite
35555,25,16
timeStep,numberOfRobotsOnBlackSite,numberOfRobotsOnWhiteSite
35556,25,16
timeStep,numberOfRobotsOnBlackSite,numberOfRobotsOnWhiteSite
35557,25,16
timeStep,numberOfRobotsOnBlackSite,numberOfRobotsOnWhiteSite
35558,25,16
timeStep,numberOfRobotsOnBlackSite,numberOfRobotsOnWhiteSite
35559,25,16
timeStep,numberOfRobotsOnBlackSite,numberOfRobotsOnWhiteSite
35560,25,17
timeStep,numberOfRobotsOnBlackSite,numberOfRobotsOnWhiteSite
35561,25,17
timeStep,numberOfRobotsOnBlackSite,numberOfRobotsOnWhiteSite
35562,25,17
timeStep,numberOfRobotsOnBlackSite,numberOfRobotsOnWhiteSite
35563,25,17
timeStep,numberOfRobotsOnBlackSite,numberOfRobotsOnWhiteSite
35564,25,17
timeStep,numberOfRobotsOnBlackSite,numberOfRobotsOnWhiteSite
35565,25,17
timeStep,numberOfRobotsOnBlackSite,numberOfRobotsOnWhiteSite
35566,25,17
timeStep,numberOfRobotsOnBlackSite,numberOfRobotsOnWhiteSite
35567,25,17
timeStep,numberOfRobotsOnBlackSite,numberOfRobotsOnWhiteSite
35568,25,17
timeStep,numberOfRobotsOnBlackSite,numberOfRobotsOnWhiteSite
35569,25,17
timeStep,numberOfRobotsOnBlackSite,numberOfRobotsOnWhiteSite
35570,25,17
timeStep,numberOfRobotsOnBlackSite,numberOfRobotsOnWhiteSite
35571,25,17
timeStep,numberOfRobotsOnBlackSite,numberOfRobotsOnWhiteSite
35572,25,17
timeStep,numberOfRobotsOnBlackSite,numberOfRobotsOnWhiteSite
35573,25,17
timeStep,numberOfRobotsOnBlackSite,numberOfRobotsOnWhiteSite
35574,25,17
timeStep,numberOfRobotsOnBlackSite,numberOfRobotsOnWhiteSite
35575,25,17
timeStep,numberOfRobotsOnBlackSite,numberOfRobotsOnWhiteSite
35576,25,17
timeStep,numberOfRobotsOnBlackSite,numberOfRobotsOnWhiteSite
35577,25,17
timeStep,numberOfRobotsOnBlackSite,numberOfRobotsOnWhiteSite
35578,25,17
timeStep,numberOfRobotsOnBlackSite,numberOfRobotsOnWhiteSite
35579,25,17
timeStep,numberOfRobotsOnBlackSite,numberOfRobotsOnWhiteSite
35580,25,17
timeStep,numberOfRobotsOnBlackSite,numberOfRobotsOnWhiteSite
35581,25,17
timeStep,numberOfRobotsOnBlackSite,numberOfRobotsOnWhiteSite
35582,25,17
timeStep,numberOfRobotsOnBlackSite,numberOfRobotsOnWhiteSite
35583,25,17
timeStep,numberOfRobotsOnBlackSite,numberOfRobotsOnWhiteSite
35584,25,17
timeStep,numberOfRobotsOnBlackSite,numberOfRobotsOnWhiteSite
35585,25,17
timeStep,numberOfRobotsOnBlackSite,numberOfRobotsOnWhiteSite
35586,25,17
timeStep,numberOfRobotsOnBlackSite,numberOfRobotsOnWhiteSite
35587,25,17
timeStep,numberOfRobotsOnBlackSite,numberOfRobotsOnWhiteSite
35588,25,17
timeStep,numberOfRobotsOnBlackSite,numberOfRobotsOnWhiteSite
35589,25,17
timeStep,numberOfRobotsOnBlackSite,numberOfRobotsOnWhiteSite
35590,25,17
timeStep,numberOfRobotsOnBlackSite,numberOfRobotsOnWhiteSite
35591,25,17
timeStep,numberOfRobotsOnBlackSite,numberOfRobotsOnWhiteSite
35592,25,17
timeStep,numberOfRobotsOnBlackSite,numberOfRobotsOnWhiteSite
35593,25,17
timeStep,numberOfRobotsOnBlackSite,numberOfRobotsOnWhiteSite
35594,25,17
timeStep,numberOfRobotsOnBlackSite,numberOfRobotsOnWhiteSite
35595,25,17
timeStep,numberOfRobotsOnBlackSite,numberOfRobotsOnWhiteSite
35596,25,17
timeStep,numberOfRobotsOnBlackSite,numberOfRobotsOnWhiteSite
35597,25,17
timeStep,numberOfRobotsOnBlackSite,numberOfRobotsOnWhiteSite
35598,25,17
timeStep,numberOfRobotsOnBlackSite,numberOfRobotsOnWhiteSite
35599,25,17
timeStep,numberOfRobotsOnBlackSite,numberOfRobotsOnWhiteSite
35600,25,17
timeStep,numberOfRobotsOnBlackSite,numberOfRobotsOnWhiteSite
35601,25,17
timeStep,numberOfRobotsOnBlackSite,numberOfRobotsOnWhiteSite
35602,25,17
timeStep,numberOfRobotsOnBlackSite,numberOfRobotsOnWhiteSite
35603,25,17
timeStep,numberOfRobotsOnBlackSite,numberOfRobotsOnWhiteSite
35604,25,17
timeStep,numberOfRobotsOnBlackSite,numberOfRobotsOnWhiteSite
35605,25,17
timeStep,numberOfRobotsOnBlackSite,numberOfRobotsOnWhiteSite
35606,25,17
timeStep,numberOfRobotsOnBlackSite,numberOfRobotsOnWhiteSite
35607,25,17
timeStep,numberOfRobotsOnBlackSite,numberOfRobotsOnWhiteSite
35608,25,17
timeStep,numberOfRobotsOnBlackSite,numberOfRobotsOnWhiteSite
35609,25,17
timeStep,numberOfRobotsOnBlackSite,numberOfRobotsOnWhiteSite
35610,25,17
timeStep,numberOfRobotsOnBlackSite,numberOfRobotsOnWhiteSite
35611,25,17
timeStep,numberOfRobotsOnBlackSite,numberOfRobotsOnWhiteSite
35612,25,17
timeStep,numberOfRobotsOnBlackSite,numberOfRobotsOnWhiteSite
35613,25,17
timeStep,numberOfRobotsOnBlackSite,numberOfRobotsOnWhiteSite
35614,25,17
timeStep,numberOfRobotsOnBlackSite,numberOfRobotsOnWhiteSite
35615,25,17
timeStep,numberOfRobotsOnBlackSite,numberOfRobotsOnWhiteSite
35616,25,17
timeStep,numberOfRobotsOnBlackSite,numberOfRobotsOnWhiteSite
35617,25,17
timeStep,numberOfRobotsOnBlackSite,numberOfRobotsOnWhiteSite
35618,25,17
timeStep,numberOfRobotsOnBlackSite,numberOfRobotsOnWhiteSite
35619,25,17
timeStep,numberOfRobotsOnBlackSite,numberOfRobotsOnWhiteSite
35620,25,17
timeStep,numberOfRobotsOnBlackSite,numberOfRobotsOnWhiteSite
35621,25,17
timeStep,numberOfRobotsOnBlackSite,numberOfRobotsOnWhiteSite
35622,25,17
timeStep,numberOfRobotsOnBlackSite,numberOfRobotsOnWhiteSite
35623,25,17
timeStep,numberOfRobotsOnBlackSite,numberOfRobotsOnWhiteSite
35624,25,17
timeStep,numberOfRobotsOnBlackSite,numberOfRobotsOnWhiteSite
35625,25,17
timeStep,numberOfRobotsOnBlackSite,numberOfRobotsOnWhiteSite
35626,25,17
timeStep,numberOfRobotsOnBlackSite,numberOfRobotsOnWhiteSite
35627,25,17
timeStep,numberOfRobotsOnBlackSite,numberOfRobotsOnWhiteSite
35628,25,17
timeStep,numberOfRobotsOnBlackSite,numberOfRobotsOnWhiteSite
35629,25,17
timeStep,numberOfRobotsOnBlackSite,numberOfRobotsOnWhiteSite
35630,25,17
timeStep,numberOfRobotsOnBlackSite,numberOfRobotsOnWhiteSite
35631,25,17
timeStep,numberOfRobotsOnBlackSite,numberOfRobotsOnWhiteSite
35632,25,17
timeStep,numberOfRobotsOnBlackSite,numberOfRobotsOnWhiteSite
35633,25,17
timeStep,numberOfRobotsOnBlackSite,numberOfRobotsOnWhiteSite
35634,25,17
timeStep,numberOfRobotsOnBlackSite,numberOfRobotsOnWhiteSite
35635,25,17
timeStep,numberOfRobotsOnBlackSite,numberOfRobotsOnWhiteSite
35636,25,17
timeStep,numberOfRobotsOnBlackSite,numberOfRobotsOnWhiteSite
35637,25,17
timeStep,numberOfRobotsOnBlackSite,numberOfRobotsOnWhiteSite
35638,25,17
timeStep,numberOfRobotsOnBlackSite,numberOfRobotsOnWhiteSite
35639,25,17
timeStep,numberOfRobotsOnBlackSite,numberOfRobotsOnWhiteSite
35640,25,17
timeStep,numberOfRobotsOnBlackSite,numberOfRobotsOnWhiteSite
35641,25,17
timeStep,numberOfRobotsOnBlackSite,numberOfRobotsOnWhiteSite
35642,25,17
timeStep,numberOfRobotsOnBlackSite,numberOfRobotsOnWhiteSite
35643,25,17
timeStep,numberOfRobotsOnBlackSite,numberOfRobotsOnWhiteSite
35644,25,17
timeStep,numberOfRobotsOnBlackSite,numberOfRobotsOnWhiteSite
35645,25,17
timeStep,numberOfRobotsOnBlackSite,numberOfRobotsOnWhiteSite
35646,25,17
timeStep,numberOfRobotsOnBlackSite,numberOfRobotsOnWhiteSite
35647,25,17
timeStep,numberOfRobotsOnBlackSite,numberOfRobotsOnWhiteSite
35648,25,17
timeStep,numberOfRobotsOnBlackSite,numberOfRobotsOnWhiteSite
35649,25,17
timeStep,numberOfRobotsOnBlackSite,numberOfRobotsOnWhiteSite
35650,25,17
timeStep,numberOfRobotsOnBlackSite,numberOfRobotsOnWhiteSite
35651,25,17
timeStep,numberOfRobotsOnBlackSite,numberOfRobotsOnWhiteSite
35652,25,17
timeStep,numberOfRobotsOnBlackSite,numberOfRobotsOnWhiteSite
35653,25,17
timeStep,numberOfRobotsOnBlackSite,numberOfRobotsOnWhiteSite
35654,25,17
timeStep,numberOfRobotsOnBlackSite,numberOfRobotsOnWhiteSite
35655,25,17
timeStep,numberOfRobotsOnBlackSite,numberOfRobotsOnWhiteSite
35656,25,17
timeStep,numberOfRobotsOnBlackSite,numberOfRobotsOnWhiteSite
35657,25,17
timeStep,numberOfRobotsOnBlackSite,numberOfRobotsOnWhiteSite
35658,25,17
timeStep,numberOfRobotsOnBlackSite,numberOfRobotsOnWhiteSite
35659,25,17
timeStep,numberOfRobotsOnBlackSite,numberOfRobotsOnWhiteSite
35660,25,17
timeStep,numberOfRobotsOnBlackSite,numberOfRobotsOnWhiteSite
35661,25,17
timeStep,numberOfRobotsOnBlackSite,numberOfRobotsOnWhiteSite
35662,25,17
timeStep,numberOfRobotsOnBlackSite,numberOfRobotsOnWhiteSite
35663,25,17
timeStep,numberOfRobotsOnBlackSite,numberOfRobotsOnWhiteSite
35664,25,17
timeStep,numberOfRobotsOnBlackSite,numberOfRobotsOnWhiteSite
35665,25,17
timeStep,numberOfRobotsOnBlackSite,numberOfRobotsOnWhiteSite
35666,25,17
timeStep,numberOfRobotsOnBlackSite,numberOfRobotsOnWhiteSite
35667,25,17
timeStep,numberOfRobotsOnBlackSite,numberOfRobotsOnWhiteSite
35668,25,17
timeStep,numberOfRobotsOnBlackSite,numberOfRobotsOnWhiteSite
35669,25,17
timeStep,numberOfRobotsOnBlackSite,numberOfRobotsOnWhiteSite
35670,26,17
timeStep,numberOfRobotsOnBlackSite,numberOfRobotsOnWhiteSite
35671,26,17
timeStep,numberOfRobotsOnBlackSite,numberOfRobotsOnWhiteSite
35672,26,17
timeStep,numberOfRobotsOnBlackSite,numberOfRobotsOnWhiteSite
35673,26,17
timeStep,numberOfRobotsOnBlackSite,numberOfRobotsOnWhiteSite
35674,26,17
timeStep,numberOfRobotsOnBlackSite,numberOfRobotsOnWhiteSite
35675,26,17
timeStep,numberOfRobotsOnBlackSite,numberOfRobotsOnWhiteSite
35676,26,17
timeStep,numberOfRobotsOnBlackSite,numberOfRobotsOnWhiteSite
35677,26,17
timeStep,numberOfRobotsOnBlackSite,numberOfRobotsOnWhiteSite
35678,26,17
timeStep,numberOfRobotsOnBlackSite,numberOfRobotsOnWhiteSite
35679,26,17
timeStep,numberOfRobotsOnBlackSite,numberOfRobotsOnWhiteSite
35680,26,17
timeStep,numberOfRobotsOnBlackSite,numberOfRobotsOnWhiteSite
35681,26,17
timeStep,numberOfRobotsOnBlackSite,numberOfRobotsOnWhiteSite
35682,26,17
timeStep,numberOfRobotsOnBlackSite,numberOfRobotsOnWhiteSite
35683,26,17
timeStep,numberOfRobotsOnBlackSite,numberOfRobotsOnWhiteSite
35684,26,17
timeStep,numberOfRobotsOnBlackSite,numberOfRobotsOnWhiteSite
35685,26,17
timeStep,numberOfRobotsOnBlackSite,numberOfRobotsOnWhiteSite
35686,26,17
timeStep,numberOfRobotsOnBlackSite,numberOfRobotsOnWhiteSite
35687,26,17
timeStep,numberOfRobotsOnBlackSite,numberOfRobotsOnWhiteSite
35688,26,17
timeStep,numberOfRobotsOnBlackSite,numberOfRobotsOnWhiteSite
35689,26,17
timeStep,numberOfRobotsOnBlackSite,numberOfRobotsOnWhiteSite
35690,26,17
timeStep,numberOfRobotsOnBlackSite,numberOfRobotsOnWhiteSite
35691,26,17
timeStep,numberOfRobotsOnBlackSite,numberOfRobotsOnWhiteSite
35692,26,17
timeStep,numberOfRobotsOnBlackSite,numberOfRobotsOnWhiteSite
35693,26,17
timeStep,numberOfRobotsOnBlackSite,numberOfRobotsOnWhiteSite
35694,26,17
timeStep,numberOfRobotsOnBlackSite,numberOfRobotsOnWhiteSite
35695,26,17
timeStep,numberOfRobotsOnBlackSite,numberOfRobotsOnWhiteSite
35696,26,17
timeStep,numberOfRobotsOnBlackSite,numberOfRobotsOnWhiteSite
35697,26,17
timeStep,numberOfRobotsOnBlackSite,numberOfRobotsOnWhiteSite
35698,26,17
timeStep,numberOfRobotsOnBlackSite,numberOfRobotsOnWhiteSite
35699,26,17
timeStep,numberOfRobotsOnBlackSite,numberOfRobotsOnWhiteSite
35700,26,17
timeStep,numberOfRobotsOnBlackSite,numberOfRobotsOnWhiteSite
35701,26,17
timeStep,numberOfRobotsOnBlackSite,numberOfRobotsOnWhiteSite
35702,26,17
timeStep,numberOfRobotsOnBlackSite,numberOfRobotsOnWhiteSite
35703,26,17
timeStep,numberOfRobotsOnBlackSite,numberOfRobotsOnWhiteSite
35704,26,17
timeStep,numberOfRobotsOnBlackSite,numberOfRobotsOnWhiteSite
35705,26,17
timeStep,numberOfRobotsOnBlackSite,numberOfRobotsOnWhiteSite
35706,26,17
timeStep,numberOfRobotsOnBlackSite,numberOfRobotsOnWhiteSite
35707,26,17
timeStep,numberOfRobotsOnBlackSite,numberOfRobotsOnWhiteSite
35708,26,17
timeStep,numberOfRobotsOnBlackSite,numberOfRobotsOnWhiteSite
35709,26,17
timeStep,numberOfRobotsOnBlackSite,numberOfRobotsOnWhiteSite
35710,26,17
timeStep,numberOfRobotsOnBlackSite,numberOfRobotsOnWhiteSite
35711,26,17
timeStep,numberOfRobotsOnBlackSite,numberOfRobotsOnWhiteSite
35712,26,17
timeStep,numberOfRobotsOnBlackSite,numberOfRobotsOnWhiteSite
35713,26,17
timeStep,numberOfRobotsOnBlackSite,numberOfRobotsOnWhiteSite
35714,26,17
timeStep,numberOfRobotsOnBlackSite,numberOfRobotsOnWhiteSite
35715,26,17
timeStep,numberOfRobotsOnBlackSite,numberOfRobotsOnWhiteSite
35716,26,17
timeStep,numberOfRobotsOnBlackSite,numberOfRobotsOnWhiteSite
35717,26,17
timeStep,numberOfRobotsOnBlackSite,numberOfRobotsOnWhiteSite
35718,26,17
timeStep,numberOfRobotsOnBlackSite,numberOfRobotsOnWhiteSite
35719,26,17
timeStep,numberOfRobotsOnBlackSite,numberOfRobotsOnWhiteSite
35720,26,17
timeStep,numberOfRobotsOnBlackSite,numberOfRobotsOnWhiteSite
35721,26,17
timeStep,numberOfRobotsOnBlackSite,numberOfRobotsOnWhiteSite
35722,26,17
timeStep,numberOfRobotsOnBlackSite,numberOfRobotsOnWhiteSite
35723,26,17
timeStep,numberOfRobotsOnBlackSite,numberOfRobotsOnWhiteSite
35724,26,17
timeStep,numberOfRobotsOnBlackSite,numberOfRobotsOnWhiteSite
35725,26,17
timeStep,numberOfRobotsOnBlackSite,numberOfRobotsOnWhiteSite
35726,26,17
timeStep,numberOfRobotsOnBlackSite,numberOfRobotsOnWhiteSite
35727,26,17
timeStep,numberOfRobotsOnBlackSite,numberOfRobotsOnWhiteSite
35728,26,17
timeStep,numberOfRobotsOnBlackSite,numberOfRobotsOnWhiteSite
35729,26,17
timeStep,numberOfRobotsOnBlackSite,numberOfRobotsOnWhiteSite
35730,26,17
timeStep,numberOfRobotsOnBlackSite,numberOfRobotsOnWhiteSite
35731,26,17
timeStep,numberOfRobotsOnBlackSite,numberOfRobotsOnWhiteSite
35732,26,17
timeStep,numberOfRobotsOnBlackSite,numberOfRobotsOnWhiteSite
35733,26,17
timeStep,numberOfRobotsOnBlackSite,numberOfRobotsOnWhiteSite
35734,26,17
timeStep,numberOfRobotsOnBlackSite,numberOfRobotsOnWhiteSite
35735,26,17
timeStep,numberOfRobotsOnBlackSite,numberOfRobotsOnWhiteSite
35736,26,17
timeStep,numberOfRobotsOnBlackSite,numberOfRobotsOnWhiteSite
35737,26,17
timeStep,numberOfRobotsOnBlackSite,numberOfRobotsOnWhiteSite
35738,26,17
timeStep,numberOfRobotsOnBlackSite,numberOfRobotsOnWhiteSite
35739,26,17
timeStep,numberOfRobotsOnBlackSite,numberOfRobotsOnWhiteSite
35740,26,17
timeStep,numberOfRobotsOnBlackSite,numberOfRobotsOnWhiteSite
35741,26,17
timeStep,numberOfRobotsOnBlackSite,numberOfRobotsOnWhiteSite
35742,26,17
timeStep,numberOfRobotsOnBlackSite,numberOfRobotsOnWhiteSite
35743,26,17
timeStep,numberOfRobotsOnBlackSite,numberOfRobotsOnWhiteSite
35744,26,17
timeStep,numberOfRobotsOnBlackSite,numberOfRobotsOnWhiteSite
35745,26,17
timeStep,numberOfRobotsOnBlackSite,numberOfRobotsOnWhiteSite
35746,26,17
timeStep,numberOfRobotsOnBlackSite,numberOfRobotsOnWhiteSite
35747,26,17
timeStep,numberOfRobotsOnBlackSite,numberOfRobotsOnWhiteSite
35748,26,17
timeStep,numberOfRobotsOnBlackSite,numberOfRobotsOnWhiteSite
35749,26,17
timeStep,numberOfRobotsOnBlackSite,numberOfRobotsOnWhiteSite
35750,26,17
timeStep,numberOfRobotsOnBlackSite,numberOfRobotsOnWhiteSite
35751,26,17
timeStep,numberOfRobotsOnBlackSite,numberOfRobotsOnWhiteSite
35752,26,17
timeStep,numberOfRobotsOnBlackSite,numberOfRobotsOnWhiteSite
35753,26,17
timeStep,numberOfRobotsOnBlackSite,numberOfRobotsOnWhiteSite
35754,26,17
timeStep,numberOfRobotsOnBlackSite,numberOfRobotsOnWhiteSite
35755,25,17
timeStep,numberOfRobotsOnBlackSite,numberOfRobotsOnWhiteSite
35756,25,17
timeStep,numberOfRobotsOnBlackSite,numberOfRobotsOnWhiteSite
35757,25,17
timeStep,numberOfRobotsOnBlackSite,numberOfRobotsOnWhiteSite
35758,25,17
timeStep,numberOfRobotsOnBlackSite,numberOfRobotsOnWhiteSite
35759,25,17
timeStep,numberOfRobotsOnBlackSite,numberOfRobotsOnWhiteSite
35760,25,17
timeStep,numberOfRobotsOnBlackSite,numberOfRobotsOnWhiteSite
35761,25,17
timeStep,numberOfRobotsOnBlackSite,numberOfRobotsOnWhiteSite
35762,25,17
timeStep,numberOfRobotsOnBlackSite,numberOfRobotsOnWhiteSite
35763,25,17
timeStep,numberOfRobotsOnBlackSite,numberOfRobotsOnWhiteSite
35764,25,17
timeStep,numberOfRobotsOnBlackSite,numberOfRobotsOnWhiteSite
35765,25,17
timeStep,numberOfRobotsOnBlackSite,numberOfRobotsOnWhiteSite
35766,25,17
timeStep,numberOfRobotsOnBlackSite,numberOfRobotsOnWhiteSite
35767,25,17
timeStep,numberOfRobotsOnBlackSite,numberOfRobotsOnWhiteSite
35768,25,17
timeStep,numberOfRobotsOnBlackSite,numberOfRobotsOnWhiteSite
35769,25,17
timeStep,numberOfRobotsOnBlackSite,numberOfRobotsOnWhiteSite
35770,25,17
timeStep,numberOfRobotsOnBlackSite,numberOfRobotsOnWhiteSite
35771,25,17
timeStep,numberOfRobotsOnBlackSite,numberOfRobotsOnWhiteSite
35772,25,17
timeStep,numberOfRobotsOnBlackSite,numberOfRobotsOnWhiteSite
35773,25,17
timeStep,numberOfRobotsOnBlackSite,numberOfRobotsOnWhiteSite
35774,25,17
timeStep,numberOfRobotsOnBlackSite,numberOfRobotsOnWhiteSite
35775,25,17
timeStep,numberOfRobotsOnBlackSite,numberOfRobotsOnWhiteSite
35776,25,17
timeStep,numberOfRobotsOnBlackSite,numberOfRobotsOnWhiteSite
35777,25,17
timeStep,numberOfRobotsOnBlackSite,numberOfRobotsOnWhiteSite
35778,25,17
timeStep,numberOfRobotsOnBlackSite,numberOfRobotsOnWhiteSite
35779,25,17
timeStep,numberOfRobotsOnBlackSite,numberOfRobotsOnWhiteSite
35780,27,17
timeStep,numberOfRobotsOnBlackSite,numberOfRobotsOnWhiteSite
35781,27,17
timeStep,numberOfRobotsOnBlackSite,numberOfRobotsOnWhiteSite
35782,27,17
timeStep,numberOfRobotsOnBlackSite,numberOfRobotsOnWhiteSite
35783,27,17
timeStep,numberOfRobotsOnBlackSite,numberOfRobotsOnWhiteSite
35784,27,17
timeStep,numberOfRobotsOnBlackSite,numberOfRobotsOnWhiteSite
35785,27,17
timeStep,numberOfRobotsOnBlackSite,numberOfRobotsOnWhiteSite
35786,27,17
timeStep,numberOfRobotsOnBlackSite,numberOfRobotsOnWhiteSite
35787,27,17
timeStep,numberOfRobotsOnBlackSite,numberOfRobotsOnWhiteSite
35788,27,17
timeStep,numberOfRobotsOnBlackSite,numberOfRobotsOnWhiteSite
35789,27,17
timeStep,numberOfRobotsOnBlackSite,numberOfRobotsOnWhiteSite
35790,27,17
timeStep,numberOfRobotsOnBlackSite,numberOfRobotsOnWhiteSite
35791,27,17
timeStep,numberOfRobotsOnBlackSite,numberOfRobotsOnWhiteSite
35792,27,17
timeStep,numberOfRobotsOnBlackSite,numberOfRobotsOnWhiteSite
35793,27,17
timeStep,numberOfRobotsOnBlackSite,numberOfRobotsOnWhiteSite
35794,27,17
timeStep,numberOfRobotsOnBlackSite,numberOfRobotsOnWhiteSite
35795,27,17
timeStep,numberOfRobotsOnBlackSite,numberOfRobotsOnWhiteSite
35796,27,17
timeStep,numberOfRobotsOnBlackSite,numberOfRobotsOnWhiteSite
35797,27,17
timeStep,numberOfRobotsOnBlackSite,numberOfRobotsOnWhiteSite
35798,27,17
timeStep,numberOfRobotsOnBlackSite,numberOfRobotsOnWhiteSite
35799,27,17
timeStep,numberOfRobotsOnBlackSite,numberOfRobotsOnWhiteSite
35800,27,17
timeStep,numberOfRobotsOnBlackSite,numberOfRobotsOnWhiteSite
35801,27,17
timeStep,numberOfRobotsOnBlackSite,numberOfRobotsOnWhiteSite
35802,27,17
timeStep,numberOfRobotsOnBlackSite,numberOfRobotsOnWhiteSite
35803,27,17
timeStep,numberOfRobotsOnBlackSite,numberOfRobotsOnWhiteSite
35804,27,17
timeStep,numberOfRobotsOnBlackSite,numberOfRobotsOnWhiteSite
35805,27,17
timeStep,numberOfRobotsOnBlackSite,numberOfRobotsOnWhiteSite
35806,27,17
timeStep,numberOfRobotsOnBlackSite,numberOfRobotsOnWhiteSite
35807,27,17
timeStep,numberOfRobotsOnBlackSite,numberOfRobotsOnWhiteSite
35808,27,17
timeStep,numberOfRobotsOnBlackSite,numberOfRobotsOnWhiteSite
35809,27,17
timeStep,numberOfRobotsOnBlackSite,numberOfRobotsOnWhiteSite
35810,27,17
timeStep,numberOfRobotsOnBlackSite,numberOfRobotsOnWhiteSite
35811,27,17
timeStep,numberOfRobotsOnBlackSite,numberOfRobotsOnWhiteSite
35812,27,17
timeStep,numberOfRobotsOnBlackSite,numberOfRobotsOnWhiteSite
35813,27,17
timeStep,numberOfRobotsOnBlackSite,numberOfRobotsOnWhiteSite
35814,27,17
timeStep,numberOfRobotsOnBlackSite,numberOfRobotsOnWhiteSite
35815,27,17
timeStep,numberOfRobotsOnBlackSite,numberOfRobotsOnWhiteSite
35816,27,17
timeStep,numberOfRobotsOnBlackSite,numberOfRobotsOnWhiteSite
35817,27,17
timeStep,numberOfRobotsOnBlackSite,numberOfRobotsOnWhiteSite
35818,27,17
timeStep,numberOfRobotsOnBlackSite,numberOfRobotsOnWhiteSite
35819,27,17
timeStep,numberOfRobotsOnBlackSite,numberOfRobotsOnWhiteSite
35820,27,17
timeStep,numberOfRobotsOnBlackSite,numberOfRobotsOnWhiteSite
35821,27,17
timeStep,numberOfRobotsOnBlackSite,numberOfRobotsOnWhiteSite
35822,27,17
timeStep,numberOfRobotsOnBlackSite,numberOfRobotsOnWhiteSite
35823,27,17
timeStep,numberOfRobotsOnBlackSite,numberOfRobotsOnWhiteSite
35824,27,17
timeStep,numberOfRobotsOnBlackSite,numberOfRobotsOnWhiteSite
35825,27,17
timeStep,numberOfRobotsOnBlackSite,numberOfRobotsOnWhiteSite
35826,27,17
timeStep,numberOfRobotsOnBlackSite,numberOfRobotsOnWhiteSite
35827,27,17
timeStep,numberOfRobotsOnBlackSite,numberOfRobotsOnWhiteSite
35828,27,17
timeStep,numberOfRobotsOnBlackSite,numberOfRobotsOnWhiteSite
35829,27,17
timeStep,numberOfRobotsOnBlackSite,numberOfRobotsOnWhiteSite
35830,27,17
timeStep,numberOfRobotsOnBlackSite,numberOfRobotsOnWhiteSite
35831,27,17
timeStep,numberOfRobotsOnBlackSite,numberOfRobotsOnWhiteSite
35832,27,17
timeStep,numberOfRobotsOnBlackSite,numberOfRobotsOnWhiteSite
35833,27,17
timeStep,numberOfRobotsOnBlackSite,numberOfRobotsOnWhiteSite
35834,27,17
timeStep,numberOfRobotsOnBlackSite,numberOfRobotsOnWhiteSite
35835,27,17
timeStep,numberOfRobotsOnBlackSite,numberOfRobotsOnWhiteSite
35836,27,17
timeStep,numberOfRobotsOnBlackSite,numberOfRobotsOnWhiteSite
35837,27,17
timeStep,numberOfRobotsOnBlackSite,numberOfRobotsOnWhiteSite
35838,27,17
timeStep,numberOfRobotsOnBlackSite,numberOfRobotsOnWhiteSite
35839,27,17
timeStep,numberOfRobotsOnBlackSite,numberOfRobotsOnWhiteSite
35840,27,17
timeStep,numberOfRobotsOnBlackSite,numberOfRobotsOnWhiteSite
35841,27,17
timeStep,numberOfRobotsOnBlackSite,numberOfRobotsOnWhiteSite
35842,27,17
timeStep,numberOfRobotsOnBlackSite,numberOfRobotsOnWhiteSite
35843,27,17
timeStep,numberOfRobotsOnBlackSite,numberOfRobotsOnWhiteSite
35844,27,17
timeStep,numberOfRobotsOnBlackSite,numberOfRobotsOnWhiteSite
35845,27,17
timeStep,numberOfRobotsOnBlackSite,numberOfRobotsOnWhiteSite
35846,27,17
timeStep,numberOfRobotsOnBlackSite,numberOfRobotsOnWhiteSite
35847,27,17
timeStep,numberOfRobotsOnBlackSite,numberOfRobotsOnWhiteSite
35848,27,17
timeStep,numberOfRobotsOnBlackSite,numberOfRobotsOnWhiteSite
35849,27,17
timeStep,numberOfRobotsOnBlackSite,numberOfRobotsOnWhiteSite
35850,27,17
timeStep,numberOfRobotsOnBlackSite,numberOfRobotsOnWhiteSite
35851,27,17
timeStep,numberOfRobotsOnBlackSite,numberOfRobotsOnWhiteSite
35852,27,17
timeStep,numberOfRobotsOnBlackSite,numberOfRobotsOnWhiteSite
35853,27,17
timeStep,numberOfRobotsOnBlackSite,numberOfRobotsOnWhiteSite
35854,27,17
timeStep,numberOfRobotsOnBlackSite,numberOfRobotsOnWhiteSite
35855,27,17
timeStep,numberOfRobotsOnBlackSite,numberOfRobotsOnWhiteSite
35856,27,17
timeStep,numberOfRobotsOnBlackSite,numberOfRobotsOnWhiteSite
35857,27,17
timeStep,numberOfRobotsOnBlackSite,numberOfRobotsOnWhiteSite
35858,27,17
timeStep,numberOfRobotsOnBlackSite,numberOfRobotsOnWhiteSite
35859,27,17
timeStep,numberOfRobotsOnBlackSite,numberOfRobotsOnWhiteSite
35860,27,17
timeStep,numberOfRobotsOnBlackSite,numberOfRobotsOnWhiteSite
35861,27,17
timeStep,numberOfRobotsOnBlackSite,numberOfRobotsOnWhiteSite
35862,27,17
timeStep,numberOfRobotsOnBlackSite,numberOfRobotsOnWhiteSite
35863,27,17
timeStep,numberOfRobotsOnBlackSite,numberOfRobotsOnWhiteSite
35864,27,17
timeStep,numberOfRobotsOnBlackSite,numberOfRobotsOnWhiteSite
35865,27,17
timeStep,numberOfRobotsOnBlackSite,numberOfRobotsOnWhiteSite
35866,27,17
timeStep,numberOfRobotsOnBlackSite,numberOfRobotsOnWhiteSite
35867,27,17
timeStep,numberOfRobotsOnBlackSite,numberOfRobotsOnWhiteSite
35868,27,17
timeStep,numberOfRobotsOnBlackSite,numberOfRobotsOnWhiteSite
35869,27,17
timeStep,numberOfRobotsOnBlackSite,numberOfRobotsOnWhiteSite
35870,27,17
timeStep,numberOfRobotsOnBlackSite,numberOfRobotsOnWhiteSite
35871,27,17
timeStep,numberOfRobotsOnBlackSite,numberOfRobotsOnWhiteSite
35872,27,17
timeStep,numberOfRobotsOnBlackSite,numberOfRobotsOnWhiteSite
35873,27,17
timeStep,numberOfRobotsOnBlackSite,numberOfRobotsOnWhiteSite
35874,27,17
timeStep,numberOfRobotsOnBlackSite,numberOfRobotsOnWhiteSite
35875,27,17
timeStep,numberOfRobotsOnBlackSite,numberOfRobotsOnWhiteSite
35876,27,17
timeStep,numberOfRobotsOnBlackSite,numberOfRobotsOnWhiteSite
35877,27,17
timeStep,numberOfRobotsOnBlackSite,numberOfRobotsOnWhiteSite
35878,27,17
timeStep,numberOfRobotsOnBlackSite,numberOfRobotsOnWhiteSite
35879,27,17
timeStep,numberOfRobotsOnBlackSite,numberOfRobotsOnWhiteSite
35880,27,17
timeStep,numberOfRobotsOnBlackSite,numberOfRobotsOnWhiteSite
35881,27,17
timeStep,numberOfRobotsOnBlackSite,numberOfRobotsOnWhiteSite
35882,27,17
timeStep,numberOfRobotsOnBlackSite,numberOfRobotsOnWhiteSite
35883,27,17
timeStep,numberOfRobotsOnBlackSite,numberOfRobotsOnWhiteSite
35884,27,17
timeStep,numberOfRobotsOnBlackSite,numberOfRobotsOnWhiteSite
35885,27,17
timeStep,numberOfRobotsOnBlackSite,numberOfRobotsOnWhiteSite
35886,27,17
timeStep,numberOfRobotsOnBlackSite,numberOfRobotsOnWhiteSite
35887,27,17
timeStep,numberOfRobotsOnBlackSite,numberOfRobotsOnWhiteSite
35888,27,17
timeStep,numberOfRobotsOnBlackSite,numberOfRobotsOnWhiteSite
35889,27,17
timeStep,numberOfRobotsOnBlackSite,numberOfRobotsOnWhiteSite
35890,26,17
timeStep,numberOfRobotsOnBlackSite,numberOfRobotsOnWhiteSite
35891,26,17
timeStep,numberOfRobotsOnBlackSite,numberOfRobotsOnWhiteSite
35892,26,17
timeStep,numberOfRobotsOnBlackSite,numberOfRobotsOnWhiteSite
35893,26,17
timeStep,numberOfRobotsOnBlackSite,numberOfRobotsOnWhiteSite
35894,26,17
timeStep,numberOfRobotsOnBlackSite,numberOfRobotsOnWhiteSite
35895,26,17
timeStep,numberOfRobotsOnBlackSite,numberOfRobotsOnWhiteSite
35896,26,17
timeStep,numberOfRobotsOnBlackSite,numberOfRobotsOnWhiteSite
35897,26,17
timeStep,numberOfRobotsOnBlackSite,numberOfRobotsOnWhiteSite
35898,26,17
timeStep,numberOfRobotsOnBlackSite,numberOfRobotsOnWhiteSite
35899,26,17
timeStep,numberOfRobotsOnBlackSite,numberOfRobotsOnWhiteSite
35900,25,17
timeStep,numberOfRobotsOnBlackSite,numberOfRobotsOnWhiteSite
35901,25,17
timeStep,numberOfRobotsOnBlackSite,numberOfRobotsOnWhiteSite
35902,25,17
timeStep,numberOfRobotsOnBlackSite,numberOfRobotsOnWhiteSite
35903,25,17
timeStep,numberOfRobotsOnBlackSite,numberOfRobotsOnWhiteSite
35904,25,17
timeStep,numberOfRobotsOnBlackSite,numberOfRobotsOnWhiteSite
35905,25,17
timeStep,numberOfRobotsOnBlackSite,numberOfRobotsOnWhiteSite
35906,25,17
timeStep,numberOfRobotsOnBlackSite,numberOfRobotsOnWhiteSite
35907,25,17
timeStep,numberOfRobotsOnBlackSite,numberOfRobotsOnWhiteSite
35908,25,17
timeStep,numberOfRobotsOnBlackSite,numberOfRobotsOnWhiteSite
35909,25,17
timeStep,numberOfRobotsOnBlackSite,numberOfRobotsOnWhiteSite
35910,25,17
timeStep,numberOfRobotsOnBlackSite,numberOfRobotsOnWhiteSite
35911,25,17
timeStep,numberOfRobotsOnBlackSite,numberOfRobotsOnWhiteSite
35912,25,17
timeStep,numberOfRobotsOnBlackSite,numberOfRobotsOnWhiteSite
35913,25,17
timeStep,numberOfRobotsOnBlackSite,numberOfRobotsOnWhiteSite
35914,25,17
timeStep,numberOfRobotsOnBlackSite,numberOfRobotsOnWhiteSite
35915,25,17
timeStep,numberOfRobotsOnBlackSite,numberOfRobotsOnWhiteSite
35916,25,17
timeStep,numberOfRobotsOnBlackSite,numberOfRobotsOnWhiteSite
35917,25,17
timeStep,numberOfRobotsOnBlackSite,numberOfRobotsOnWhiteSite
35918,25,17
timeStep,numberOfRobotsOnBlackSite,numberOfRobotsOnWhiteSite
35919,25,17
timeStep,numberOfRobotsOnBlackSite,numberOfRobotsOnWhiteSite
35920,25,17
timeStep,numberOfRobotsOnBlackSite,numberOfRobotsOnWhiteSite
35921,25,17
timeStep,numberOfRobotsOnBlackSite,numberOfRobotsOnWhiteSite
35922,25,17
timeStep,numberOfRobotsOnBlackSite,numberOfRobotsOnWhiteSite
35923,25,17
timeStep,numberOfRobotsOnBlackSite,numberOfRobotsOnWhiteSite
35924,25,17
timeStep,numberOfRobotsOnBlackSite,numberOfRobotsOnWhiteSite
35925,25,17
timeStep,numberOfRobotsOnBlackSite,numberOfRobotsOnWhiteSite
35926,25,17
timeStep,numberOfRobotsOnBlackSite,numberOfRobotsOnWhiteSite
35927,25,17
timeStep,numberOfRobotsOnBlackSite,numberOfRobotsOnWhiteSite
35928,25,17
timeStep,numberOfRobotsOnBlackSite,numberOfRobotsOnWhiteSite
35929,25,17
timeStep,numberOfRobotsOnBlackSite,numberOfRobotsOnWhiteSite
35930,25,17
timeStep,numberOfRobotsOnBlackSite,numberOfRobotsOnWhiteSite
35931,25,17
timeStep,numberOfRobotsOnBlackSite,numberOfRobotsOnWhiteSite
35932,25,17
timeStep,numberOfRobotsOnBlackSite,numberOfRobotsOnWhiteSite
35933,25,17
timeStep,numberOfRobotsOnBlackSite,numberOfRobotsOnWhiteSite
35934,25,17
timeStep,numberOfRobotsOnBlackSite,numberOfRobotsOnWhiteSite
35935,25,17
timeStep,numberOfRobotsOnBlackSite,numberOfRobotsOnWhiteSite
35936,25,17
timeStep,numberOfRobotsOnBlackSite,numberOfRobotsOnWhiteSite
35937,25,17
timeStep,numberOfRobotsOnBlackSite,numberOfRobotsOnWhiteSite
35938,25,17
timeStep,numberOfRobotsOnBlackSite,numberOfRobotsOnWhiteSite
35939,25,17
timeStep,numberOfRobotsOnBlackSite,numberOfRobotsOnWhiteSite
35940,25,16
timeStep,numberOfRobotsOnBlackSite,numberOfRobotsOnWhiteSite
35941,25,16
timeStep,numberOfRobotsOnBlackSite,numberOfRobotsOnWhiteSite
35942,25,16
timeStep,numberOfRobotsOnBlackSite,numberOfRobotsOnWhiteSite
35943,25,16
timeStep,numberOfRobotsOnBlackSite,numberOfRobotsOnWhiteSite
35944,25,16
timeStep,numberOfRobotsOnBlackSite,numberOfRobotsOnWhiteSite
35945,25,16
timeStep,numberOfRobotsOnBlackSite,numberOfRobotsOnWhiteSite
35946,25,16
timeStep,numberOfRobotsOnBlackSite,numberOfRobotsOnWhiteSite
35947,25,16
timeStep,numberOfRobotsOnBlackSite,numberOfRobotsOnWhiteSite
35948,25,16
timeStep,numberOfRobotsOnBlackSite,numberOfRobotsOnWhiteSite
35949,25,16
timeStep,numberOfRobotsOnBlackSite,numberOfRobotsOnWhiteSite
35950,25,16
timeStep,numberOfRobotsOnBlackSite,numberOfRobotsOnWhiteSite
35951,25,16
timeStep,numberOfRobotsOnBlackSite,numberOfRobotsOnWhiteSite
35952,25,16
timeStep,numberOfRobotsOnBlackSite,numberOfRobotsOnWhiteSite
35953,25,16
timeStep,numberOfRobotsOnBlackSite,numberOfRobotsOnWhiteSite
35954,25,16
timeStep,numberOfRobotsOnBlackSite,numberOfRobotsOnWhiteSite
35955,25,16
timeStep,numberOfRobotsOnBlackSite,numberOfRobotsOnWhiteSite
35956,25,16
timeStep,numberOfRobotsOnBlackSite,numberOfRobotsOnWhiteSite
35957,25,16
timeStep,numberOfRobotsOnBlackSite,numberOfRobotsOnWhiteSite
35958,25,16
timeStep,numberOfRobotsOnBlackSite,numberOfRobotsOnWhiteSite
35959,25,16
timeStep,numberOfRobotsOnBlackSite,numberOfRobotsOnWhiteSite
35960,25,16
timeStep,numberOfRobotsOnBlackSite,numberOfRobotsOnWhiteSite
35961,25,16
timeStep,numberOfRobotsOnBlackSite,numberOfRobotsOnWhiteSite
35962,25,16
timeStep,numberOfRobotsOnBlackSite,numberOfRobotsOnWhiteSite
35963,25,16
timeStep,numberOfRobotsOnBlackSite,numberOfRobotsOnWhiteSite
35964,25,16
timeStep,numberOfRobotsOnBlackSite,numberOfRobotsOnWhiteSite
35965,25,16
timeStep,numberOfRobotsOnBlackSite,numberOfRobotsOnWhiteSite
35966,25,16
timeStep,numberOfRobotsOnBlackSite,numberOfRobotsOnWhiteSite
35967,25,16
timeStep,numberOfRobotsOnBlackSite,numberOfRobotsOnWhiteSite
35968,25,16
timeStep,numberOfRobotsOnBlackSite,numberOfRobotsOnWhiteSite
35969,25,16
timeStep,numberOfRobotsOnBlackSite,numberOfRobotsOnWhiteSite
35970,26,16
timeStep,numberOfRobotsOnBlackSite,numberOfRobotsOnWhiteSite
35971,26,16
timeStep,numberOfRobotsOnBlackSite,numberOfRobotsOnWhiteSite
35972,26,16
timeStep,numberOfRobotsOnBlackSite,numberOfRobotsOnWhiteSite
35973,26,16
timeStep,numberOfRobotsOnBlackSite,numberOfRobotsOnWhiteSite
35974,26,16
timeStep,numberOfRobotsOnBlackSite,numberOfRobotsOnWhiteSite
35975,26,16
timeStep,numberOfRobotsOnBlackSite,numberOfRobotsOnWhiteSite
35976,26,16
timeStep,numberOfRobotsOnBlackSite,numberOfRobotsOnWhiteSite
35977,26,16
timeStep,numberOfRobotsOnBlackSite,numberOfRobotsOnWhiteSite
35978,26,16
timeStep,numberOfRobotsOnBlackSite,numberOfRobotsOnWhiteSite
35979,26,16
timeStep,numberOfRobotsOnBlackSite,numberOfRobotsOnWhiteSite
35980,26,16
timeStep,numberOfRobotsOnBlackSite,numberOfRobotsOnWhiteSite
35981,26,16
timeStep,numberOfRobotsOnBlackSite,numberOfRobotsOnWhiteSite
35982,26,16
timeStep,numberOfRobotsOnBlackSite,numberOfRobotsOnWhiteSite
35983,26,16
timeStep,numberOfRobotsOnBlackSite,numberOfRobotsOnWhiteSite
35984,26,16
timeStep,numberOfRobotsOnBlackSite,numberOfRobotsOnWhiteSite
35985,26,16
timeStep,numberOfRobotsOnBlackSite,numberOfRobotsOnWhiteSite
35986,26,16
timeStep,numberOfRobotsOnBlackSite,numberOfRobotsOnWhiteSite
35987,26,16
timeStep,numberOfRobotsOnBlackSite,numberOfRobotsOnWhiteSite
35988,26,16
timeStep,numberOfRobotsOnBlackSite,numberOfRobotsOnWhiteSite
35989,26,16
timeStep,numberOfRobotsOnBlackSite,numberOfRobotsOnWhiteSite
35990,26,16
timeStep,numberOfRobotsOnBlackSite,numberOfRobotsOnWhiteSite
35991,26,16
timeStep,numberOfRobotsOnBlackSite,numberOfRobotsOnWhiteSite
35992,26,16
timeStep,numberOfRobotsOnBlackSite,numberOfRobotsOnWhiteSite
35993,26,16
timeStep,numberOfRobotsOnBlackSite,numberOfRobotsOnWhiteSite
35994,26,16
timeStep,numberOfRobotsOnBlackSite,numberOfRobotsOnWhiteSite
35995,26,16
timeStep,numberOfRobotsOnBlackSite,numberOfRobotsOnWhiteSite
35996,26,16
timeStep,numberOfRobotsOnBlackSite,numberOfRobotsOnWhiteSite
35997,26,16
timeStep,numberOfRobotsOnBlackSite,numberOfRobotsOnWhiteSite
35998,26,16
timeStep,numberOfRobotsOnBlackSite,numberOfRobotsOnWhiteSite
35999,26,16
timeStep,numberOfRobotsOnBlackSite,numberOfRobotsOnWhiteSite
36000,26,16
